{"test": {"ids": ["106120290", "102110500", "112118930", "102109840", "113122430", "98117740", "105111990", "98109230", "111117120", "104112470", "112117431", "102121700", "99117630", "107113180", "113121950", "110120540", "107115250", "106115120", "107112840", "108115250", "110118181", "112119610", "111117480", "97109570", "98111670", "106113360", "100116500", "106117650", "111118810", "105115570", "112119950", "106116120", "102116500", "113117340", "98119591", "108114180", "98109311", "112118511", "110115890", "108121190", "98108520", "111119580", "112118581", "100109890", "113118490", "99110730", "100110050", "104113000", "112120640", "97116410", "108120060", "112118550", "109120150", "107114321", "113119480", "109117110", "104116441", "98121790", "106113830", "98110680", "97107920", "100108490", "112121430", "110115250", "112118810", "112116540", "107119950", "108113760", "108116070", "99107950", "105112240", "112117210", "113122190", "105119950", "101108580", "99110050", "108115970", "97111790", "105116860", "102110890", "112121360", "113121980", "101115190", "97105960", "110114610", "97107040", "106117790", "113121810", "104119340", "109120540", "108117360", "111120531", "112118620", "108114270", "110118630", "105110091", "113120531", "103109791", "104114410", "98107410", "108117610", "99111000", "109116170", "110118450", "111119300", "99108710", "111116040", "101109120", "102109850", "107120130", "112116850", "106114150", "111116750", "105116501", "106119580", "97116500", "105121190", "106115240", "101111210", "110118740", "113121010", "104113550", "103110100", "101119591", "110114950", "99109910", "107114490", "113122150", "107114280", "108117451", "104117630", "110121450", "102113981", "103111170", "106113170", "105114220", "113121410", "100120010", "101108370", "112117571", "111120220", "108113480"], "labels": [2, 3, 1, 2, 2, 2, 2, 1, 2, 1, 0, 1, 3, 3, 3, 1, 2, 1, 1, 1, 1, 0, 1, 0, 1, 0, 2, 1, 0, 0, 0, 1, 1, 2, 1, 1, 1, 1, 2, 1, 2, 3, 1, 3, 1, 3, 3, 1, 0, 3, 1, 3, 2, 0, 3, 1, 1, 2, 1, 2, 0, 2, 2, 1, 3, 1, 3, 1, 1, 1, 1, 1, 1, 3, 0, 3, 2, 2, 2, 0, 3, 2, 1, 2, 1, 2, 1, 2, 1, 1, 1, 0, 3, 3, 1, 0, 0, 3, 1, 3, 3, 2, 0, 0, 1, 2, 0, 1, 1, 2, 0, 1, 3, 1, 3, 2, 2, 1, 2, 3, 2, 1, 1, 0, 0, 2, 3, 2, 3, 2, 0, 3, 1, 2, 0, 3, 0, 0, 1, 3, 3, 0], "predicted_labels": [3, 3, 0, 3, 1, 3, 3, 3, 3, 3, 3, 1, 3, 1, 3, 1, 3, 0, 0, 3, 1, 3, 3, 3, 0, 0, 3, 3, 3, 3, 3, 3, 3, 1, 3, 3, 1, 3, 3, 3, 0, 3, 1, 0, 0, 1, 1, 3, 3, 3, 1, 3, 3, 3, 3, 3, 3, 3, 3, 3, 3, 3, 3, 3, 3, 3, 3, 1, 1, 1, 0, 1, 3, 0, 0, 2, 3, 3, 0, 3, 0, 3, 1, 3, 1, 1, 3, 1, 3, 0, 3, 3, 0, 3, 3, 3, 1, 0, 0, 0, 3, 1, 3, 3, 3, 3, 0, 3, 1, 0, 3, 3, 3, 0, 3, 3, 1, 0, 3, 0, 3, 0, 0, 3, 3, 2, 3, 3, 0, 3, 3, 0, 3, 3, 1, 0, 3, 3, 0, 3, 0, 1], "confidence_scores": [[0.19952865467865477, 0.27023021978021994, 0.20945490620490628, 0.32078621933621954], [0.2917832112332112, 0.22976109446109463, 0.15722955377955383, 0.32122614052614057], [0.3180260239760239, 0.27245193140193147, 0.12661719391719398, 0.2829048507048508], [0.23639962814962825, 0.2560056610056611, 0.20439059274059276, 0.3032041181041184], [0.22635851370851384, 0.32560167332667334, 0.16982316017316032, 0.27821665279165275], [0.24323939393939403, 0.2504507936507937, 0.17436291486291491, 0.3319468975468976], [0.2824538961038961, 0.2690328726828728, 0.14983162948162954, 0.29868160173160174], [0.2640681370916666, 0.22906726606726616, 0.22217957875457883, 0.28468501808648866], [0.26897893217893226, 0.2796221500721502, 0.15116031746031758, 0.30023860028860033], [0.2206402874902875, 0.2731475929299459, 0.18149998922645988, 0.32471213035330676], [0.24819901209901216, 0.274546003996004, 0.15461383893883898, 0.32264114496614477], [0.2815849206349207, 0.2853302400214164, 0.19159571180453533, 0.24148912753912752], [0.2770779792103322, 0.22265995670995678, 0.2157686614039556, 0.2844934026757556], [0.2676189477189477, 0.2782287712287713, 0.20275441780441789, 0.25139786324786334], [0.2667676117999647, 0.23215798645798646, 0.19434009715774422, 0.30673430458430445], [0.18231421356421365, 0.36377202797202796, 0.15661544011544018, 0.2972983183483183], [0.22319953379953392, 0.26265708180708197, 0.22269630924630926, 0.29144707514707513], [0.3121495726495727, 0.23715157620157626, 0.15990446220446236, 0.29079438894438886], [0.2779068542568542, 0.25667566322566326, 0.21920375180375193, 0.24621373071373087], [0.20896645021645027, 0.24698556998557003, 0.20628672438672446, 0.3377612554112554], [0.2667356643356643, 0.28235979216861584, 0.184429342879343, 0.2664752006163772], [0.2418087301587303, 0.25780207015207024, 0.18067537462537472, 0.3197138250638252], [0.28462735042735055, 0.2732362137862138, 0.15667074592074595, 0.2854656898656899], [0.24025860805860813, 0.25001310356310363, 0.1927753080253081, 0.31695298035298025], [0.2762557217292513, 0.22825850815850826, 0.22978549228549244, 0.2657002778267483], [0.30337409812409816, 0.2855880230880231, 0.15793650793650793, 0.253101370851371], [0.23961975246975256, 0.24909981129981137, 0.19571387501387505, 0.31556656121656124], [0.2241568487068488, 0.27702079032079047, 0.1774956432456434, 0.32132671772671767], [0.30982570762570777, 0.21789452769452786, 0.12743246198246197, 0.3448473026973028], [0.23768013098013097, 0.27767065157065185, 0.1988346986346988, 0.28581451881451875], [0.26768581973581984, 0.2384302031302032, 0.14431820401820405, 0.34956577311577325], [0.24252903762903763, 0.2763576146076147, 0.1878336441336442, 0.2932797036297038], [0.24630377400377415, 0.26623174880674877, 0.1830504273504274, 0.3044140498390497], [0.21982055722055724, 0.29177120102120113, 0.2034486124986126, 0.2849596292596293], [0.2827181318681318, 0.23210461760461779, 0.19747941502941507, 0.2876978354978354], [0.2423033910533912, 0.23639646464646458, 0.1810798340548342, 0.3402203102453101], [0.24476185285302937, 0.2786208438620204, 0.2372754284930757, 0.23934187479187496], [0.24728845598845595, 0.20179745254745265, 0.20484668109668117, 0.34606741036741034], [0.17081650016650027, 0.3061507936507936, 0.17684720834720838, 0.34618549783549774], [0.28361631599394754, 0.26222984968248136, 0.1618239974937344, 0.2923298368298369], [0.3045138084138085, 0.26268843933843944, 0.17811883116883112, 0.25467892107892126], [0.29639048729048745, 0.22909396159396161, 0.17653842823842833, 0.297977122877123], [0.20910212565212563, 0.3101089188589189, 0.22197709235209237, 0.25881186313686316], [0.31539166944166935, 0.21456466588966586, 0.20583765956265968, 0.26420600510600506], [0.3026385725385727, 0.2571913697413698, 0.15674861804861812, 0.28342143967143973], [0.2279515151515154, 0.2957160395160394, 0.18651682761682775, 0.28981561771561776], [0.2063863358863359, 0.2927322566322566, 0.2174513431013432, 0.28343006438006463], [0.2524626651126651, 0.22328870573870582, 0.2188184704184705, 0.3054301587301589], [0.2557190198690199, 0.24122528027528026, 0.2251270451770454, 0.2779286546786546], [0.26847323232323245, 0.2440950216450218, 0.21814249639249647, 0.2692892496392498], [0.2633183982683984, 0.2780146464646465, 0.2268554834054835, 0.23181147186147194], [0.2614694916194916, 0.28161671106671116, 0.12201753246753254, 0.33489626484626506], [0.2507649220060985, 0.2559557886557888, 0.2207056610056612, 0.2725736283324519], [0.25637148962148976, 0.22417375957375982, 0.2025267177267178, 0.316928033078033], [0.2827504717504718, 0.2505553557553559, 0.158464135864136, 0.3082300366300366], [0.22047907647907655, 0.2733709956709958, 0.18228296703296706, 0.32386696081696076], [0.2993926109837875, 0.2294685425685426, 0.15191536796536803, 0.31922347848230187], [0.26222775002775, 0.2615492784992785, 0.18634411699411707, 0.28987885447885464], [0.2568252100840337, 0.23212965367965366, 0.14894597624597627, 0.3620991599903363], [0.2555068542568544, 0.24723525363525373, 0.23176525141525134, 0.2654926406926408], [0.2981816072816073, 0.18632201132201137, 0.1750485680985681, 0.34044781329781326], [0.2266420329670331, 0.2802256854256856, 0.20008522311022317, 0.2930470584970586], [0.2898961427461427, 0.2119967754467755, 0.15700451215451233, 0.3411025696525696], [0.24852333222333226, 0.23110930735930746, 0.18062606837606845, 0.3397412920412919], [0.24164809634809645, 0.24575873570873588, 0.15054997224997227, 0.36204319569319554], [0.24924626680509043, 0.253707425907426, 0.13882521922521926, 0.3582210880622645], [0.2199937471025706, 0.3007422668834435, 0.14131947219447225, 0.3379445138195136], [0.27630690698190724, 0.2770311410811412, 0.20266182151182152, 0.24400013042513052], [0.26277250527250534, 0.27977585192585197, 0.1967816017316019, 0.26067004107004105], [0.1881304093567252, 0.32650685425685416, 0.24380415812257922, 0.2415585782638416], [0.3002463869463871, 0.22642269397269407, 0.19869882339882347, 0.2746320956820956], [0.23092264957264966, 0.30994224664224657, 0.1851906926406927, 0.2739444111444111], [0.23619991397491405, 0.23756561771561777, 0.19436624209124212, 0.33186822621822615], [0.30424669774669766, 0.2875889554889556, 0.15640964035964047, 0.2517547064047065], [0.2944668331668331, 0.17735645465645472, 0.23657230269730273, 0.29160440947940947], [0.2029820235320236, 0.26301608391608405, 0.27342380397380406, 0.2605780885780887], [0.24589924519924525, 0.2955357919857919, 0.14377857142857153, 0.31478639138639114], [0.2759305194805196, 0.21269227994228013, 0.18909523809523818, 0.3222819624819625], [0.2959177544677544, 0.2858140359640358, 0.16351141636141645, 0.25475679320679323], [0.22017020202020213, 0.23987698967698973, 0.23395759795759796, 0.3059952103452104], [0.3296734376734378, 0.23893586413586415, 0.16148854478854482, 0.26990215340215346], [0.21147007992008, 0.2558763292263293, 0.18634230769230767, 0.3463112831612834], [0.1795004329004329, 0.3169057145468909, 0.21632559858442224, 0.28726825396825395], [0.22604466089466096, 0.2543973304473306, 0.21429880119880132, 0.3052592074592075], [0.23321580086580088, 0.286693450993451, 0.22182059607059607, 0.25827015207015214], [0.1946237651237651, 0.29369603174603176, 0.2247956598956599, 0.2868845432345434], [0.24772705823588187, 0.24093999138116784, 0.22577660117660128, 0.2855563492063495], [0.21696764069264082, 0.33393412698412694, 0.20635050505050512, 0.24274772727272728], [0.22941421911421916, 0.2632732767232768, 0.15173321123321132, 0.3555792929292929], [0.28957353757353776, 0.28660577200577203, 0.14457125652125663, 0.27924943389943385], [0.18752465867465892, 0.21304150294150298, 0.20907366799866808, 0.39036017038517007], [0.2490626984126985, 0.26364611777111796, 0.2233708291708293, 0.2639203546453546], [0.31402813852813855, 0.24880128205128207, 0.166909595959596, 0.27026098346098354], [0.2648104118104118, 0.26582946497946514, 0.1680378010878011, 0.3013223221223221], [0.20387112332112342, 0.2751134865134866, 0.18885875235875246, 0.33215663780663773], [0.21809893994894003, 0.2735065823065825, 0.19969103674103664, 0.30870344100344105], [0.264738322788323, 0.3299128094128093, 0.1431932123432124, 0.2621556554556555], [0.2791564036840354, 0.25227655122655135, 0.2103113164613165, 0.2582557286280971], [0.32274725829725837, 0.2306788877788878, 0.15078145188145195, 0.2957924020424019], [0.2749246697746698, 0.25085357975357997, 0.21621674436674448, 0.25800500610500604], [0.24542354867354874, 0.24451598956598963, 0.13924766344766348, 0.3708127983127981], [0.1954843708579004, 0.27989694749694755, 0.2760994822171292, 0.24851919942802306], [0.24061091686091676, 0.2987829503829504, 0.14639065656565667, 0.3142154761904764], [0.21518133614751267, 0.2675210844710846, 0.1858363053613054, 0.33146127402009756], [0.2739127578304048, 0.24286402845520497, 0.16030625012242664, 0.32291696359196365], [0.2259429622664918, 0.26389285159285175, 0.1779452769452771, 0.3322189091953798], [0.2892435786435787, 0.2554642135642137, 0.1714428349428351, 0.283849372849373], [0.2411766039516042, 0.23652978492096138, 0.21135692004074352, 0.31093669108669114], [0.2541120490620492, 0.26770384060384067, 0.2500934509934511, 0.22809065934065936], [0.2635426886838655, 0.25669754689754687, 0.23238465423465424, 0.24737511018393385], [0.1782500943500943, 0.22897650682650686, 0.17618311688311689, 0.41659028194028175], [0.2709504678328208, 0.22493068598068613, 0.21039538631303345, 0.29372345987345994], [0.297974531024531, 0.17248611943611952, 0.13286997446997453, 0.39666937506937516], [0.37419390413508047, 0.20919191364191372, 0.11282733932733932, 0.3037868428956665], [0.2642116439116439, 0.24734336219336228, 0.16797582972582978, 0.3204691641691644], [0.2586353535353536, 0.2673791708291709, 0.17992438672438674, 0.29406108891108873], [0.2278674381174381, 0.30107309357309364, 0.19735396270396297, 0.27370550560550566], [0.3440227994227996, 0.2704346209346209, 0.1347981962481964, 0.2507443833943834], [0.2642809967809968, 0.24155225689343365, 0.1928690717778954, 0.3012976745476746], [0.3016381118881119, 0.22416410811410825, 0.18500667665667672, 0.28919110334110343], [0.25979627039627057, 0.27672527472527475, 0.1649774447774448, 0.29850101010100993], [0.324450111000111, 0.1976295371295372, 0.1908892440892442, 0.28703110778110796], [0.28756718444953744, 0.24601591464091488, 0.20025467261496668, 0.2661622282945813], [0.2941487956487957, 0.2022149128649129, 0.19617301032301038, 0.3074632811632809], [0.2931211066711067, 0.23897398157398167, 0.131297041847042, 0.33660786990787], [0.21681150352915068, 0.24748673907791557, 0.27969005798123453, 0.2560116994116995], [0.21531791541791548, 0.27075609390609406, 0.185280563880564, 0.32864542679542696], [0.25253852813852823, 0.20644148629148637, 0.16884105339105343, 0.37217893217893183], [0.30487269952269974, 0.24047447274947278, 0.19492053502053508, 0.25973229270729287], [0.3053522663610899, 0.20569767454767457, 0.13770759240759245, 0.351242466683643], [0.24682175602175616, 0.23536726051726073, 0.20605704295704302, 0.3117539405039405], [0.3015180264180264, 0.2501115384615385, 0.16714078699078708, 0.2812296481296482], [0.2657388167388168, 0.24365373792873804, 0.21625569985570006, 0.27435174547674557], [0.24577799422799423, 0.26977291597291597, 0.19228867243867245, 0.2921604173604174], [0.25649754689754695, 0.3186078255078255, 0.15983216505716516, 0.2650624625374626], [0.3106665223665224, 0.2712947330447331, 0.15242741702741708, 0.2656113275613276], [0.3178130444718681, 0.19827087357087367, 0.15975639164756814, 0.3241596903096904], [0.23355373515373518, 0.2765373237873239, 0.17891267621267626, 0.31099626484626464], [0.32684689199689204, 0.2329226995226996, 0.1851413475413476, 0.255089060939061], [0.2849256132756132, 0.22985854145854143, 0.1736824841824843, 0.31153336108336116], [0.29908296148296126, 0.28426858696858703, 0.13419766067266062, 0.28245079087579084], [0.22743788433788437, 0.2917775002775002, 0.20956101676101677, 0.27122359862359885]]}, "rewritten": {"ids": ["97105960", "97107040", "97107920", "97109570", "97111790", "97116410", "97116500", "98107410", "98108520", "98109230", "98109311", "98110680", "98111670", "98117740", "98119591", "98121790", "99107950", "99108710", "99109910", "99110050", "99110730", "99111000", "99117630", "100108490", "100109890", "100110050", "100116500", "100120010", "101108370", "101108580", "101109120", "101111210", "101115190", "101119591", "102109840", "102109850", "102110500", "102110890", "102113981", "102116500", "102121700", "103109791", "103110100", "103111170", "104112470", "104113000", "104113550", "104114410", "104116441", "104117630", "104119340", "105110091", "105111990", "105112240", "105114220", "105115570", "105116501", "105116860", "105119950", "105121190", "106113170", "106113360", "106113830", "106114150", "106115120", "106115240", "106116120", "106117650", "106117790", "106119580", "106120290", "107112840", "107113180", "107114280", "107114321", "107114490", "107115250", "107119950", "107120130", "108113480", "108113760", "108114180", "108114270", "108115250", "108115970", "108116070", "108117360", "108117451", "108117610", "108120060", "108121190", "109116170", "109117110", "109120150", "109120540", "110114610", "110114950", "110115250", "110115890", "110118181", "110118450", "110118630", "110118740", "110120540", "110121450", "111116040", "111116750", "111117120", "111117480", "111118810", "111119300", "111119580", "111120220", "111120531", "112116540", "112116850", "112117210", "112117431", "112117571", "112118511", "112118550", "112118581", "112118620", "112118810", "112118930", "112119610", "112119950", "112120640", "112121360", "112121430", "113117340", "113118490", "113119480", "113120531", "113121010", "113121410", "113121810", "113121950", "113121980", "113122150", "113122190", "113122430"], "labels": [2, 2, 0, 0, 2, 3, 2, 3, 2, 1, 1, 2, 1, 2, 1, 2, 1, 2, 2, 3, 3, 2, 3, 2, 3, 3, 2, 0, 1, 0, 1, 2, 1, 0, 2, 1, 3, 0, 1, 1, 1, 3, 1, 2, 1, 1, 1, 1, 1, 0, 1, 0, 2, 1, 3, 0, 1, 2, 3, 2, 0, 0, 1, 1, 1, 1, 1, 1, 1, 3, 2, 1, 3, 3, 0, 3, 2, 3, 2, 0, 1, 1, 3, 1, 2, 1, 1, 2, 3, 1, 1, 0, 1, 2, 1, 1, 0, 1, 2, 1, 0, 1, 3, 1, 3, 0, 3, 2, 1, 0, 1, 3, 3, 0, 1, 0, 1, 0, 3, 1, 3, 1, 3, 3, 1, 0, 0, 0, 3, 2, 2, 1, 3, 0, 2, 0, 2, 3, 2, 2, 1, 2], "predicted_labels": [3, 3, 0, 3, 0, 0, 3, 3, 3, 3, 0, 3, 3, 3, 0, 0, 1, 1, 2, 1, 3, 3, 3, 3, 0, 3, 3, 1, 0, 0, 3, 0, 3, 0, 3, 1, 3, 3, 3, 3, 0, 3, 0, 1, 3, 3, 0, 3, 3, 3, 3, 3, 0, 0, 0, 1, 0, 0, 1, 3, 1, 3, 3, 0, 0, 0, 3, 3, 3, 3, 3, 1, 0, 1, 3, 3, 3, 3, 3, 1, 1, 3, 3, 3, 3, 0, 3, 3, 3, 1, 1, 3, 3, 3, 0, 1, 3, 3, 3, 3, 3, 3, 0, 1, 0, 0, 0, 3, 0, 0, 3, 0, 3, 3, 3, 3, 3, 0, 3, 3, 0, 1, 3, 3, 3, 1, 3, 3, 0, 3, 1, 1, 3, 1, 3, 3, 1, 3, 3, 3, 3, 1], "confidence_scores": [[0.2369111777111777, 0.25234376179376183, 0.22830831945831967, 0.2824367410367411], [0.214427195027195, 0.29834257964257954, 0.17971354201354217, 0.30751668331668347], [0.3298316017316018, 0.1888938672438674, 0.2040396825396826, 0.27723484848484853], [0.2569551948051949, 0.22028047508047516, 0.16217547452547462, 0.36058885558885556], [0.30201289543789556, 0.21695766733266744, 0.211070301920302, 0.26995913530913535], [0.2626505494505496, 0.2378776751026753, 0.247858535908536, 0.2516132395382398], [0.2503818181818184, 0.2379564435564436, 0.2098595460095462, 0.30180219225219224], [0.29262647907647904, 0.21336627816627832, 0.1972266344766346, 0.2967806082806084], [0.2729515762015761, 0.29274069264069263, 0.13505526140526156, 0.2992524697524698], [0.22379146931499874, 0.23834003774003784, 0.2635258130758132, 0.27434267986915056], [0.2934516721840252, 0.26353470973470966, 0.16777384119148844, 0.275239776889777], [0.2550239898989899, 0.26275500055500056, 0.20110697635697639, 0.28111403318903333], [0.24446655011655022, 0.24253590853590853, 0.23310454545454565, 0.2798929958929959], [0.23198556998557, 0.2896765151515152, 0.17999909812409814, 0.29833881673881685], [0.322363109113109, 0.2592589077589077, 0.1528054501054502, 0.26557253302253303], [0.3117084637584638, 0.2362008935508937, 0.18265728715728732, 0.2694333555333558], [0.19054004416636006, 0.29409802419802406, 0.2490595360779572, 0.2663023955576588], [0.23598423602541257, 0.3226099991511757, 0.19170610859728515, 0.24969965622612691], [0.18847860309625028, 0.266950375441552, 0.2776969122380889, 0.26687410922410937], [0.23355198135198138, 0.30308432433579513, 0.22459698634698635, 0.23876670796523755], [0.20792775002775005, 0.2796994671994672, 0.19840871350871364, 0.31396406926406917], [0.2329612403935935, 0.24585474003121063, 0.2523010306686779, 0.2688829889065183], [0.26654774833010136, 0.2102555919570627, 0.22008419031948448, 0.3031124693933518], [0.22727260794760806, 0.2651284104784106, 0.20622880730380744, 0.30137017427017426], [0.3053111555111556, 0.21722835497835505, 0.20275839160839168, 0.2747020979020979], [0.23584731379731388, 0.2731239371739375, 0.21640531135531146, 0.2746234376734377], [0.23076101121101122, 0.23818412143412152, 0.19892047397047402, 0.3321343933843934], [0.24907621267621277, 0.29395233655233655, 0.17411578976578976, 0.2828556610056612], [0.359532622932623, 0.2282352647352648, 0.13283837828837833, 0.279393734043734], [0.2936270285270286, 0.19541728826728844, 0.2176722693972695, 0.293283413808414], [0.275804150587974, 0.24224180068297718, 0.17811776834276835, 0.3038362803862804], [0.3098842324342322, 0.22195644355644373, 0.18095229215229225, 0.2872070318570321], [0.2007820346320347, 0.27945913530913524, 0.22183249528249532, 0.29792633477633473], [0.32395447885447903, 0.18521102231102232, 0.18331965256965269, 0.3075148462648462], [0.2417153751477282, 0.22667168387168393, 0.19219165670930388, 0.33942128427128415], [0.25144679764679784, 0.2956866692131398, 0.2197688977688979, 0.23309763537116474], [0.2504946941946942, 0.24053327783327794, 0.14704740814740822, 0.36192461982461965], [0.25579551004551004, 0.23381351981351992, 0.19140372405372413, 0.31898724608724616], [0.2547972804972805, 0.2781500721500721, 0.18884225774225788, 0.27821038961038974], [0.26418644688644694, 0.23843382728382737, 0.17397813852813862, 0.3234015873015872], [0.30175975690975726, 0.2764943889443891, 0.17561234321234326, 0.246133510933511], [0.2610151681651682, 0.25057714507714524, 0.18453036963036976, 0.3038773171273172], [0.28181233374468684, 0.23499185259185262, 0.24101362754892183, 0.2421821861145393], [0.22852409812409827, 0.3119841991341991, 0.20584927849927862, 0.2536424242424243], [0.21477936507936507, 0.25149408369408377, 0.20952972582972595, 0.32419682539682554], [0.2781158286158286, 0.2227770257520258, 0.1906837107337107, 0.30842343489843493], [0.3134333277833279, 0.20984578754578767, 0.16473031135531152, 0.3119905733155732], [0.2997115515203752, 0.23010328005328015, 0.17040209235209244, 0.2997830760742526], [0.2847127408539175, 0.2484809523809525, 0.1330334776334777, 0.33377282913165274], [0.23258109113109124, 0.25141593406593415, 0.18193965478965488, 0.33406332001331984], [0.25806616161616164, 0.23945632145632156, 0.1428427128427129, 0.3596348040848042], [0.23247515540015548, 0.25534669774669777, 0.21728704906204913, 0.29489109779109784], [0.30004850704850705, 0.2662129093129093, 0.14647243312243316, 0.28726615051615056], [0.30397924297924317, 0.23081612831612844, 0.1761486346986348, 0.289055994005994], [0.29639300144300146, 0.2685798201798204, 0.1521384060384061, 0.2828887723387724], [0.2785227716727718, 0.2914572094572092, 0.14990765900765904, 0.2801123598623601], [0.34821480741480737, 0.22557698412698413, 0.11670809745809749, 0.3095001110001111], [0.3210325618825621, 0.2746389443889446, 0.16470143745143753, 0.23962705627705624], [0.27875727605727607, 0.3008746531246531, 0.13696786546786557, 0.2834002053502054], [0.20933352758352775, 0.25553725718725734, 0.2432001165501166, 0.29192909867909855], [0.25770238095238107, 0.287778737928738, 0.17877700632700655, 0.27574187479187484], [0.27328455988455996, 0.2640331168831169, 0.17547676767676787, 0.28720555555555555], [0.25676396299778664, 0.2083626678876679, 0.16125577755577764, 0.3736175915587679], [0.28434709734709745, 0.23874422554569633, 0.2190439393939394, 0.2578647377132671], [0.35697430902430916, 0.21672703407703411, 0.16164043734043745, 0.26465821955821955], [0.3334197469197469, 0.27343887778887777, 0.1338626984126985, 0.25927867687867706], [0.23854188034188048, 0.25985309690309705, 0.2075401820401821, 0.29406484071484074], [0.2170241924741924, 0.30003089133089145, 0.16671353646353657, 0.31623137973137977], [0.2551297555385791, 0.24407257546375186, 0.22594211344211362, 0.2748555555555557], [0.25291606171606174, 0.2257544372294373, 0.2020953213453214, 0.3192341797091799], [0.21396552336552346, 0.26081838716838723, 0.2142173881673882, 0.3109987012987012], [0.24579393939393954, 0.30157629870129876, 0.20987896825396835, 0.24275079365079377], [0.2788928349428351, 0.27150958518605584, 0.21589784659784675, 0.23369973327326288], [0.2705229936729937, 0.2723687590187593, 0.19145059385059401, 0.2656576534576535], [0.2481699134199135, 0.23715425685425692, 0.19563232323232327, 0.3190435064935064], [0.21681252256515415, 0.2309688866688867, 0.19942108447108461, 0.3527975062948745], [0.24163018093018113, 0.23492772227772235, 0.22089118659118656, 0.3025509102009104], [0.22327625348507707, 0.2701258388670154, 0.1551746447996449, 0.35142326284826253], [0.2489811236149474, 0.26752637362637366, 0.20339655622155622, 0.2800959465371231], [0.2407905538905539, 0.2956805139305139, 0.19937743367743377, 0.26415149850149866], [0.2693416555666558, 0.2823901071151072, 0.17772877122877132, 0.27053946608946616], [0.21325680430680444, 0.24646849261849263, 0.1941820873570875, 0.3460926157176157], [0.2781192529692531, 0.2375369019869022, 0.17957473914973918, 0.3047691058941059], [0.23927985070485064, 0.2430034604284605, 0.19668691308691325, 0.3210297757797756], [0.27057427017427016, 0.24619148629148635, 0.16611247641247662, 0.317121767121767], [0.2872436313686315, 0.25599259074259084, 0.1834535298035299, 0.27331024808524806], [0.1932153735153737, 0.20179720279720292, 0.22251042013542024, 0.3824770035520033], [0.30115520786403127, 0.20963936618936632, 0.1273126484626485, 0.3618927774839539], [0.2460797258297259, 0.20217532467532473, 0.1567713924963926, 0.39497355699855685], [0.25774365634365637, 0.28290397380397386, 0.21569443889443907, 0.24365793095793115], [0.23577895613158784, 0.29727549292812455, 0.19083412902886593, 0.27611142191142196], [0.24424373681873693, 0.270636557886558, 0.1710002886002887, 0.31411941669441673], [0.2224707070707072, 0.2756647907647909, 0.17050492285492286, 0.3313595793095795], [0.2362551115551116, 0.27238962148962176, 0.2008027472527473, 0.29055251970251966], [0.3148359085359083, 0.27416228771228784, 0.14576445221445222, 0.2652373515373515], [0.24246115273615265, 0.282924938949939, 0.21264064824064827, 0.2619732600732602], [0.27175214230214234, 0.23902632367632368, 0.17049280719280735, 0.3187287268287268], [0.27171921966921986, 0.22290187590187602, 0.1617506438006439, 0.3436282606282605], [0.18032871572871578, 0.24518145743145756, 0.20129276279276284, 0.37319706404706393], [0.26474994449994455, 0.28592657620157647, 0.153600851925852, 0.2957226273726274], [0.20537793872793886, 0.28159925629925636, 0.19139098124098128, 0.32163182373182375], [0.2431478243978245, 0.25067747807747826, 0.1882277000777002, 0.3179469974469976], [0.3064740148740148, 0.2606396769896771, 0.18886009546009555, 0.2440262126762127], [0.21839814074814085, 0.2891263431013431, 0.20972806082806086, 0.28274745532245543], [0.3196448107448106, 0.2663574592074593, 0.15535075757575761, 0.25864697247197266], [0.29442205572205593, 0.2530857586857589, 0.16414509934509935, 0.2883470862470864], [0.37954899740782083, 0.16798474858474863, 0.11017699604317256, 0.34228925796425813], [0.2682459373959375, 0.2632850649350652, 0.1509129870129871, 0.31755601065601075], [0.31897581862581864, 0.24450008047508043, 0.14806054223554224, 0.2884635586635587], [0.3161738983238984, 0.25548464868464876, 0.14601204351204353, 0.2823294094794094], [0.2750716172716172, 0.22951131368631375, 0.16796104728604735, 0.32745602175602173], [0.334215811965812, 0.2474392718392719, 0.16114998612498613, 0.25719493006993016], [0.28141166611166607, 0.28438036408036427, 0.13471211566211572, 0.2994958541458543], [0.23415430680430693, 0.2706643439893441, 0.2049477633477634, 0.2902335858585859], [0.2860118714618715, 0.23028390498390516, 0.12987869352869352, 0.3538255300255297], [0.2121804473304474, 0.24993066378066398, 0.19846824009324018, 0.33942064879564876], [0.2484664557664557, 0.27624677544677556, 0.19112516650016664, 0.28416160228660226], [0.3116817099567101, 0.26130905483405487, 0.16214947274947275, 0.2648597624597625], [0.2754036796536797, 0.2575147741147742, 0.1708160977910979, 0.29626544844044844], [0.25827199467199463, 0.20372711732711735, 0.1755621711621712, 0.36243871683871653], [0.2840868742368743, 0.28352753357753363, 0.15059033189033189, 0.28179526029526053], [0.2099647408147409, 0.2846608724608724, 0.22316484903984918, 0.2822095376845377], [0.2770009879009878, 0.26624711954711966, 0.1571106282606284, 0.29964126429126436], [0.22423058608058608, 0.2683615440115441, 0.14692025197025202, 0.3604876179376178], [0.26323208458208464, 0.28092005217005217, 0.16230896325896332, 0.2935388999889], [0.25527894882894897, 0.27919191364191365, 0.19639632034632057, 0.2691328171828174], [0.28964215784215797, 0.261387062937063, 0.14319494949494954, 0.3057758297258299], [0.253274247974248, 0.23673480408480416, 0.19957467532467552, 0.3104162726162726], [0.36660849705849713, 0.2215814990564991, 0.15648568653568665, 0.2553243173493175], [0.3015311854811856, 0.22655288600288603, 0.157858080808081, 0.31405784770784767], [0.2607841214341215, 0.2974036241536242, 0.20103044733044742, 0.24078180708180716], [0.2829621212121214, 0.3051917748917749, 0.16628585858585865, 0.24556024531024542], [0.269839305139305, 0.2512906204906206, 0.15939437229437242, 0.31947570207570214], [0.24845749250749258, 0.33316398764634064, 0.15223379986027047, 0.2661447199858966], [0.2791448051948053, 0.2635106837606838, 0.17602904872904884, 0.2813154623154623], [0.31567417027417033, 0.1979367632367633, 0.14633451825951843, 0.3400545482295483], [0.22771538184038195, 0.32670799478299484, 0.21158903318903333, 0.23398759018759027], [0.275436565068918, 0.21159437229437245, 0.19699657956422667, 0.31597248307248305], [0.1895877622377623, 0.2686136918636919, 0.1851171245421246, 0.3566814213564215], [0.24739816294816303, 0.22956757686757684, 0.19189008769008772, 0.3311441724941723], [0.2266265734265734, 0.2805970418470418, 0.1981890109890111, 0.2945873737373738], [0.21774285714285718, 0.3453842712842711, 0.18011356421356436, 0.2567593073593074]]}}