{"test": {"ids": ["110121170", "103112641", "104113240", "113118231", "107120010", "98109570", "105113620", "106116820", "113120540", "98116090", "100111390", "107114140", "102110850", "107114280", "112117471", "106121220", "98108520", "103112470", "113119700", "112117210", "104113550", "111120320", "110115120", "108113480", "99108080", "97113900", "107119130", "111116100", "103120730", "112119980", "102113210", "113119360", "101111990", "110114610", "104116980", "99114890", "109119340", "103113610", "107113550", "110121500", "113121410", "104114320", "107114490", "111119610", "108113760", "109117110", "98110680", "109113931", "106115250", "101110740", "112117030", "111116170", "98116500", "113120640", "110114651", "105114220", "97107950", "98117740", "105112100", "103113170", "104113210", "103120780", "107113130", "107120130", "111119580", "109114220", "111119930", "99108010", "103110220", "105113440", "108118060", "111116110", "112121360", "100120010", "103120290", "112121410", "99109910", "106117650", "113118490", "105116090", "111120260", "97112170", "110119030", "97109570", "97116800", "107121640", "108118520", "112116990", "108115880", "97106820", "111119290", "108115870", "112119320", "110118810", "113120591", "106119580", "106117790", "105110091", "109119460", "113121810", "112119580", "110118181", "109119591", "101109120", "101116130", "108114360", "113120070", "111120540", "109117730", "102110500", "106115120", "99111620", "106114150", "99108310", "101114020", "102116500", "97106600", "110120700", "109118820", "100108080", "101111210", "107114780", "111119150", "99107500", "100109330", "99117630", "111121930", "105115250", "99109740", "109118161", "98112580", "97107681", "99109161", "98106111", "110115140", "104114230", "111119250", "108117610", "112121010", "112119610", "100111620", "107117630"], "labels": [2, 3, 2, 3, 1, 1, 0, 1, 3, 0, 2, 2, 3, 3, 3, 1, 2, 1, 0, 1, 1, 1, 0, 0, 3, 2, 1, 3, 1, 0, 3, 0, 2, 1, 1, 2, 3, 2, 0, 3, 0, 2, 3, 2, 1, 1, 2, 1, 2, 3, 2, 0, 2, 0, 3, 3, 2, 2, 1, 3, 3, 1, 1, 2, 3, 3, 1, 2, 2, 0, 1, 3, 3, 0, 2, 0, 2, 1, 1, 1, 3, 0, 0, 0, 0, 1, 0, 0, 3, 1, 3, 3, 1, 1, 0, 3, 1, 0, 1, 2, 3, 1, 0, 1, 2, 1, 2, 1, 3, 3, 1, 3, 1, 2, 3, 1, 3, 2, 3, 0, 2, 2, 3, 0, 0, 3, 1, 2, 3, 0, 2, 3, 3, 0, 0, 2, 1, 3, 2, 0, 3, 0], "predicted_labels": [3, 0, 1, 1, 3, 0, 1, 0, 1, 3, 1, 3, 1, 1, 0, 3, 1, 0, 1, 2, 0, 3, 0, 3, 0, 0, 3, 1, 1, 1, 3, 3, 0, 1, 3, 3, 3, 1, 3, 0, 3, 0, 3, 3, 1, 3, 1, 1, 3, 0, 3, 1, 0, 0, 3, 0, 2, 1, 3, 0, 3, 0, 2, 1, 0, 0, 1, 1, 1, 1, 3, 3, 3, 3, 3, 0, 1, 0, 3, 1, 0, 3, 3, 0, 0, 1, 0, 3, 3, 0, 3, 0, 1, 0, 2, 1, 3, 0, 3, 2, 0, 0, 1, 3, 1, 0, 1, 0, 1, 0, 0, 1, 1, 1, 1, 1, 3, 3, 1, 2, 3, 1, 3, 1, 1, 3, 2, 1, 3, 1, 3, 1, 0, 2, 0, 2, 0, 3, 3, 1, 2, 0], "confidence_scores": [[0.012347775120048175, 0.055100251152574845, 0.05548048935192372, 0.8770714843754532], [0.4357739942468469, 0.09112904889838644, 0.04124207304133866, 0.43185488381342807], [0.04195311295024778, 0.955263293593572, 0.0023772024518358983, 0.0004063910043441937], [0.0029285436739746244, 0.9642616674693104, 0.010001039046523089, 0.02280874981019184], [0.00490254010197028, 0.0010674815762346844, 0.021224330519388063, 0.9728056478024071], [0.9482846867404414, 0.03354455502477538, 0.011206858526261868, 0.006963899708521363], [0.025201524517008637, 0.4327746434158678, 0.39705434448707244, 0.14496948758005113], [0.9173016926314743, 0.011503061377344121, 0.01929722705584694, 0.05189801893533454], [0.09086206335397747, 0.7391802703041551, 0.11804466128202286, 0.05191300505984459], [0.028535555278136466, 0.12924409866831194, 0.13377089827045233, 0.7084494477830992], [0.0681326832062515, 0.5177173756855789, 0.24743780878616636, 0.16671213232200335], [0.02600804688841822, 0.06675255157239161, 0.3087439605527681, 0.598495440986422], [0.012726675050990408, 0.6763261150875801, 0.012178759612088393, 0.2987684502493411], [0.08813222142197717, 0.5539251594926492, 0.21464348538210026, 0.14329913370327332], [0.8590069437110507, 0.08160522577037012, 0.055286958083971126, 0.00410087243460828], [0.0008124766862289584, 0.10699218121598698, 0.004905754309458411, 0.8872895877883256], [0.05708749632731744, 0.5842732729296631, 0.34713800732975797, 0.011501223413261456], [0.4771230315200665, 0.42285154620291665, 0.04826934657984849, 0.05175607569716842], [0.11564006080495187, 0.5233837657472873, 0.03055478659254927, 0.33042138685521166], [0.003955440949506666, 0.27340925932924776, 0.38039238598078084, 0.3422429137404647], [0.8956231051429425, 0.045743610108651814, 0.0058205293572906516, 0.05281275539111505], [0.03855032564321755, 0.10684759437954666, 0.039568702975145524, 0.8150333770020903], [0.8067398805647426, 0.016818695404592347, 0.07459888499512743, 0.10184253903553765], [0.019355522887578892, 0.18392697229746477, 0.01194984607085714, 0.7847676587440992], [0.7293135955317074, 0.1171613005067351, 0.012539869875298388, 0.1409852340862591], [0.5985917483565376, 0.322785803256071, 0.06336043429549278, 0.015262014091898566], [0.008125336975508326, 0.23313873862910262, 0.02325922021877091, 0.7354767041766181], [0.24076232229164646, 0.5491157672870438, 0.08487360886250671, 0.12524830155880298], [0.02013884709431879, 0.8713139658036125, 0.023568291443592102, 0.08497889565847654], [0.05698889881104159, 0.578235502775968, 0.16337159053959832, 0.20140400787339222], [0.03062482885345328, 0.25757765001282873, 0.07250134026429088, 0.6392961808694271], [0.01837980676893566, 0.0014830102103617659, 0.00852924430419448, 0.9716079387165081], [0.45587145998065887, 0.036809650763149404, 0.15233341253425453, 0.3549854767219373], [0.24641276059075792, 0.600056145065885, 0.13839025022911544, 0.015140844114241736], [3.445043981812456e-05, 0.2468644700106299, 0.006363070713719708, 0.7467380088358323], [0.0006700308111918113, 0.3832321061387725, 0.026180528820351486, 0.5899173342296842], [0.05237757153256354, 0.03251142759342623, 0.08807050607228721, 0.8270404948017231], [0.05069719626959831, 0.5861234444500799, 0.347808173919791, 0.015371185360530767], [0.10368400969334243, 0.06309905587625807, 0.22925318081459153, 0.603963753615808], [0.6894711557431776, 0.10356561941545005, 0.05177209559690157, 0.15519112924447082], [0.033499550722072585, 0.022495965639801458, 0.008808339488838359, 0.9351961441492876], [0.7398941027756619, 0.19376319797672967, 0.06067604816389822, 0.005666651083710239], [0.1761365798564908, 0.1337820769942549, 0.17500255399748485, 0.5150787891517694], [0.09510858110530972, 0.10149393675936513, 0.14344806840543206, 0.6599494137298931], [0.10582541277116621, 0.8528389218289207, 0.0048568112839592606, 0.03647885411595375], [0.13130050132930263, 0.38763423707736505, 0.03819050102002562, 0.4428747605733066], [0.03071757027887832, 0.7904612940410669, 0.1673699878748768, 0.011451147805177971], [0.30997654907866606, 0.5015163962500304, 0.14538663908780394, 0.043120415583499605], [0.24808460964148032, 0.1590867338813666, 0.21967548334736842, 0.37315317312978463], [0.6475125999394776, 0.07707310719157223, 0.0795354210072188, 0.19587887186173136], [0.017961389819877344, 0.30667868107426893, 0.09976853712212419, 0.5755913919837296], [0.03897300346617689, 0.5593888340987634, 0.02130043570816178, 0.38033772672689786], [0.4792958719483889, 0.004579322830389322, 0.10052001087214539, 0.4156047943490763], [0.6383511277646706, 0.22217350386220777, 0.018132116557235522, 0.12134325181588614], [0.19848108529832093, 0.014885486990041379, 0.0054357190190999745, 0.7811977086925378], [0.6649244566962813, 0.004956869524734765, 0.0205328002659949, 0.3095858735129891], [0.005881442141188744, 0.011128675883778161, 0.8296696834756897, 0.1533201984993435], [0.24576703006621353, 0.43054682319363835, 0.07857629607961973, 0.2451098506605284], [0.1919016479107068, 0.004728476004204545, 0.022821768711211256, 0.7805481073738774], [0.3450124783756115, 0.3205183950410895, 0.1491056852360407, 0.18536344134725835], [0.3163154125565029, 0.03970082601962221, 0.02361790695843544, 0.6203658544654395], [0.7362858493160477, 0.00889394417472207, 0.03241578130168901, 0.2224044252075412], [0.13887488951460855, 0.16744700644855473, 0.5610908064510458, 0.13258729758579088], [0.16118843802571142, 0.8009396474053176, 0.022388754370966678, 0.015483160198004282], [0.3661522701008389, 0.2181159533075236, 0.17211725643584283, 0.24361452015579463], [0.6652236679297475, 0.04915336859936398, 0.011236553644855003, 0.27438640982603346], [0.10107332425473543, 0.7494203439383205, 0.04314645100354621, 0.10635988080339782], [0.11719067698693415, 0.7966590344971198, 0.05291107830157221, 0.03323921021437383], [0.022883871025469012, 0.8845804055552328, 0.07292739843975106, 0.019608324979547245], [0.007276328417274632, 0.9358358300682559, 0.048533996507250106, 0.008353845007219423], [0.10475925436853095, 0.05428227679358915, 0.07273615020261633, 0.7682223186352636], [0.08922178491117352, 0.009872330495274072, 0.13267885875509888, 0.7682270258384535], [0.27642623653659176, 0.21115017942090702, 0.033089663479088545, 0.4793339205634126], [0.08688185897563662, 0.10913868664598965, 0.2848972022368003, 0.5190822521415734], [0.12953587459868587, 0.1867893797131616, 0.18987138458944558, 0.4938033610987069], [0.6313661782825688, 0.11285900160554946, 0.16839837092536467, 0.08737644918651706], [0.18015391191751562, 0.41741523014383536, 0.3535655960819917, 0.048865261856657335], [0.36504397099140984, 0.2891045005179001, 0.11999460992903634, 0.22585691856165366], [0.018674799725838877, 0.0022020428999842065, 0.0030638737720281523, 0.9760592836021488], [0.2199934572550364, 0.45560006910775336, 0.016083473969208513, 0.3083229996680018], [0.7928095140955604, 0.17697864573679664, 0.0030658259732303716, 0.027146014194412565], [0.25036441809879123, 0.052235400097007695, 0.029192973153767787, 0.6682072086504333], [0.002292996482104886, 0.18456590882123855, 0.000876541679717133, 0.8122645530169393], [0.3697403379925978, 0.11272551300599946, 0.3464004678457039, 0.17113368115569894], [0.9553397212412257, 0.021686151871349948, 0.010807884485900254, 0.012166242401524054], [0.18575218472597177, 0.48043056711125226, 0.2639119160358116, 0.06990533212696444], [0.9084954155408846, 0.06854418985782196, 0.015759032474842102, 0.007201362126451158], [0.011098809481739212, 0.032027038940721585, 0.2364103517927631, 0.7204637997847761], [0.3613207057040184, 0.0034100026657719203, 0.002911518402740748, 0.632357773227469], [0.5172156190526387, 0.16656513516979787, 0.015239659116221887, 0.3009795866613416], [0.003064369301179525, 0.0034990439999521353, 0.0004400567491967836, 0.9929965299496716], [0.9359922626163287, 0.006055043843855241, 0.009367059425887685, 0.04858563411392841], [0.001514230554512136, 0.7333913843546154, 0.00508786462059085, 0.26000652047028155], [0.590717477622669, 0.37692158640314943, 0.022253826243093095, 0.010107109731088358], [0.19106266580524722, 0.2037362927953895, 0.544392636416018, 0.06080840498334522], [0.024446551439861467, 0.6502127072266127, 0.3161074264285374, 0.009233314904988492], [0.28560615591078486, 0.06641370353966214, 0.056386114911927965, 0.5915940256376251], [0.7542168253992481, 0.1965364095191251, 0.024067179481511356, 0.025179585600115413], [0.14059576786369013, 0.02722019575135809, 0.005865221024221604, 0.8263188153607302], [0.018961847743533104, 0.1760753826121774, 0.7680695424975051, 0.03689322714678443], [0.9937876477051568, 0.0004172805902471206, 0.0010705086423877766, 0.004724563062208193], [0.398263790327754, 0.3939871769518944, 0.20541264177832866, 0.002336390942022973], [0.018611281164736936, 0.9517552532379537, 0.02475376160367696, 0.0048797039936323535], [0.3977801013218911, 0.0713377789263024, 0.0378371189525082, 0.4930450007992983], [0.19373812271973642, 0.4389646017594, 0.12997116017855093, 0.23732611534231282], [0.8489405712266831, 0.033107266425361555, 0.03857844304594695, 0.07937371930200855], [0.02051384129240604, 0.8709704530688513, 0.02417657616639364, 0.08433912947234927], [0.5410906649051093, 0.4494950270494602, 0.006865406357953426, 0.0025489016874769856], [0.2296394031938417, 0.6566720467187585, 0.08692441462278933, 0.026764135464610476], [0.6228952487154619, 0.011885722095018102, 0.28962624753814936, 0.07559278165137055], [0.3699216924871933, 0.27781737082000874, 0.009891986126385394, 0.3423689505664125], [0.0389606477940525, 0.9400328798970444, 0.01781357918218416, 0.0031928931267187276], [0.07251102862147492, 0.34490891376349875, 0.3445613806615471, 0.23801867695347934], [0.039189058515111376, 0.870760576227139, 0.08390709123152747, 0.006143274026221983], [0.21414767853239042, 0.40963791823607903, 0.02239675772958591, 0.35381764550194456], [0.10240044239883714, 0.6714649399492394, 0.0654508800208235, 0.16068373763110005], [0.3028713553413534, 0.31238820474277806, 0.011360303351523613, 0.3733801365643449], [0.014914138147545776, 0.007482878285914402, 0.019254674584003456, 0.9583483089825363], [0.2683509617032194, 0.7069674934504656, 0.0031871424052406913, 0.021494402441074287], [0.20437327978102565, 0.01120903970625933, 0.6130527049472471, 0.171364975565468], [0.019508451425587915, 0.090846587850678, 0.009779211769748917, 0.8798657489539852], [0.009898255792516814, 0.7386052253805805, 0.22925595993970155, 0.022240558887201122], [0.34938364146032197, 0.07166652470230987, 0.048079299884981934, 0.5308705339523864], [0.029430870245027285, 0.8102839361723764, 0.024503743809741754, 0.13578144977285453], [0.1439373544663501, 0.6643433770566562, 0.051992246020225785, 0.1397270224567679], [0.057473453535004625, 0.09945896223957518, 0.4174421741024302, 0.42562541012298993], [0.009179069488941271, 0.005523693765203831, 0.9639439144657073, 0.021353322280147642], [0.09055892251944911, 0.43636556866742593, 0.07166511476172675, 0.4014103940513982], [0.04528803167619388, 0.17122819175085627, 0.32493492404802765, 0.4585488525249221], [0.012463293624914946, 0.9655694415793398, 0.0029249691510035455, 0.0190422956447417], [0.24386816864295266, 0.2559869975667157, 0.014096195275570758, 0.4860486385147609], [0.1994924094051116, 0.7603254284570728, 0.027653528643559844, 0.012528633494255722], [0.6722513471991961, 0.07611458865223077, 0.05310011274780433, 0.19853395140076868], [0.04720276769191761, 0.2660947943432824, 0.6346674955565815, 0.05203494240821849], [0.7566220207216182, 0.03470703972644094, 0.02905563573748442, 0.17961530381445656], [0.1206760927586203, 0.045508478986300324, 0.6255780227341918, 0.2082374055208875], [0.831548814471161, 0.009135159360994113, 0.0052034259217557674, 0.15411260024608914], [0.0190813757994859, 0.08109079599372766, 0.028632368429448007, 0.8711954597773384], [0.19858614740231856, 0.2923455922745998, 0.20335344296910338, 0.3057148173539784], [0.0015361931466077244, 0.7105616380077263, 0.07425736058309394, 0.21364480826257193], [0.10150039573571158, 0.23936013516984864, 0.6288049024460654, 0.030334566648374424], [0.7517699178500079, 0.010322569647708467, 0.23346151006212218, 0.004446002440161475]]}, "rewritten": {"ids": ["97106600", "97106820", "97107681", "97107950", "97109570", "97112170", "97113900", "97116800", "98106111", "98108520", "98109570", "98110680", "98112580", "98116090", "98116500", "98117740", "99107500", "99108010", "99108080", "99108310", "99109161", "99109740", "99109910", "99111620", "99114890", "99117630", "100108080", "100109330", "100111390", "100111620", "100120010", "101109120", "101110740", "101111210", "101111990", "101114020", "101116130", "102110500", "102110850", "102113210", "102116500", "103110220", "103112470", "103112641", "103113170", "103113610", "103120290", "103120730", "103120780", "104113210", "104113240", "104113550", "104114230", "104114320", "104116980", "105110091", "105112100", "105113440", "105113620", "105114220", "105115250", "105116090", "106114150", "106115120", "106115250", "106116820", "106117650", "106117790", "106119580", "106121220", "107113130", "107113550", "107114140", "107114280", "107114490", "107114780", "107117630", "107119130", "107120010", "107120130", "107121640", "108113480", "108113760", "108114360", "108115870", "108115880", "108117610", "108118060", "108118520", "109113931", "109114220", "109117110", "109117730", "109118161", "109118820", "109119340", "109119460", "109119591", "110114610", "110114651", "110115120", "110115140", "110118181", "110118810", "110119030", "110120700", "110121170", "110121500", "111116100", "111116110", "111116170", "111119150", "111119250", "111119290", "111119580", "111119610", "111119930", "111120260", "111120320", "111120540", "111121930", "112116990", "112117030", "112117210", "112117471", "112119320", "112119580", "112119610", "112119980", "112121010", "112121360", "112121410", "113118231", "113118490", "113119360", "113119700", "113120070", "113120540", "113120591", "113120640", "113121410", "113121810"], "labels": [3, 1, 3, 2, 0, 0, 2, 0, 0, 2, 1, 2, 2, 0, 2, 2, 0, 2, 3, 2, 3, 3, 2, 3, 2, 3, 0, 0, 2, 3, 0, 1, 3, 2, 2, 3, 2, 3, 3, 3, 1, 2, 1, 3, 3, 2, 2, 1, 1, 3, 2, 1, 2, 2, 1, 0, 1, 0, 0, 3, 2, 1, 1, 1, 2, 1, 1, 1, 3, 1, 1, 0, 2, 3, 3, 2, 0, 1, 1, 2, 1, 0, 1, 1, 3, 3, 3, 1, 0, 1, 3, 1, 3, 0, 3, 3, 1, 0, 1, 3, 0, 0, 1, 1, 0, 2, 2, 3, 3, 3, 0, 3, 1, 3, 3, 2, 1, 3, 1, 1, 1, 0, 2, 1, 3, 1, 3, 0, 0, 2, 3, 0, 3, 1, 0, 0, 2, 3, 0, 0, 0, 2], "predicted_labels": [0, 0, 0, 2, 0, 1, 0, 0, 0, 1, 0, 0, 3, 0, 0, 1, 0, 1, 0, 0, 0, 0, 0, 0, 2, 2, 0, 0, 2, 0, 2, 0, 0, 3, 0, 0, 0, 0, 0, 0, 0, 2, 0, 1, 0, 0, 2, 0, 0, 0, 0, 0, 1, 0, 1, 0, 0, 1, 0, 0, 1, 0, 0, 0, 2, 0, 0, 0, 0, 3, 2, 0, 0, 2, 3, 2, 0, 0, 0, 0, 2, 0, 0, 0, 0, 0, 0, 0, 0, 0, 0, 0, 0, 0, 1, 0, 0, 0, 0, 3, 0, 0, 0, 0, 3, 0, 0, 1, 0, 0, 2, 0, 0, 0, 0, 2, 0, 0, 0, 0, 0, 0, 0, 0, 0, 3, 0, 2, 1, 0, 3, 0, 0, 0, 0, 0, 3, 0, 0, 1, 0, 0], "confidence_scores": [[0.7226316723809967, 0.001701103303927135, 0.2672364061974728, 0.008430818117603229], [0.6718860470400746, 0.11481147883633927, 0.034005699014139995, 0.1792967751094462], [0.9947524177914682, 0.0012283964991009816, 0.00389443180782387, 0.00012475390160684354], [0.307319955516096, 0.2728195393373926, 0.3912535062457376, 0.02860699890077372], [0.9547482405966479, 0.0018371980978508801, 0.041519763112927315, 0.0018947981925740284], [0.3689459401965616, 0.49931006511169684, 0.035442644101676836, 0.0963013505900646], [0.7658856662787537, 0.15870184534405235, 0.07396031354991883, 0.0014521748272751486], [0.750521825258491, 0.007955215582322697, 0.23987616340427734, 0.0016467957549091482], [0.9791135917703719, 0.0001634223013449961, 0.007814674122754016, 0.012908311805529012], [0.36027056536105784, 0.4487726523663961, 0.18286048750190714, 0.008096294770638954], [0.9154636874524905, 0.033011259959385635, 0.0012887024569654736, 0.0502363501311582], [0.48826921558106756, 0.2218312713087563, 0.27841824313816393, 0.011481269972012173], [0.2887684059313756, 0.04999796197735775, 0.29842195644380576, 0.362811675647461], [0.36777539596914527, 0.2802215331365944, 0.34680613356391976, 0.005196937330340462], [0.9353105562621344, 0.018197249670304994, 0.03046710221891846, 0.016025091848642037], [0.48105045486399095, 0.49395266781551295, 0.02149584524640039, 0.0035010320740957034], [0.966480571665643, 0.013193971438326731, 0.01251872498950011, 0.007806731906530185], [0.040765570241013536, 0.8423456056501262, 0.1041016772279217, 0.012787146880938585], [0.9962093613583294, 0.00011151339600249752, 0.0025351147490449894, 0.0011440104966231747], [0.5846093559526482, 0.2665596211708052, 0.12323461119286383, 0.0255964116836827], [0.9620423406156334, 0.008950733947708444, 0.014869139564147678, 0.014137785872510468], [0.9438506848194999, 0.03429494018575317, 0.012220038987165912, 0.009634336007580917], [0.8550426105597929, 0.00029169871098875654, 0.14221783050666334, 0.002447860222554998], [0.47538161139072743, 0.35154874598960506, 0.17200992170008766, 0.0010597209195798898], [0.2291707474095494, 0.004291179608506172, 0.7646720657064175, 0.0018660072755267633], [0.2446680756283567, 0.033142299458026644, 0.7057974290245653, 0.016392195889051234], [0.5648051047539536, 0.08675130176501376, 0.3043705587369923, 0.044073034744040195], [0.9364827564783741, 0.05276361894242242, 0.008471070178352105, 0.0022825544008514033], [0.26817402155326214, 0.2595892090287002, 0.42553245800684647, 0.046704311411191246], [0.7148163389426592, 0.001642538986421551, 0.19183380984455217, 0.09170731222636709], [0.05677936983500906, 0.19898926101494038, 0.7364968381850011, 0.007734530965049384], [0.3782231927334706, 0.004647996881034761, 0.2771692941701566, 0.33995951621533815], [0.7270975386974765, 0.012575528962396021, 0.2519586036758357, 0.00836832866429173], [0.1305688270786794, 0.07784322634425281, 0.016592721138094534, 0.7749952254389734], [0.9107803911849083, 0.00919999660457052, 0.07809421371035087, 0.001925398500170324], [0.387067036695158, 0.21856726906034896, 0.025905999650467002, 0.36845969459402605], [0.9877798326200647, 0.0007406396453559881, 0.010759718412375068, 0.0007198093222042355], [0.9139025316957824, 0.011397645916100776, 0.061811496095831746, 0.012888326292285108], [0.6023667497172711, 0.05111058565618414, 0.31511436628176603, 0.03140829834477866], [0.9448984093336371, 0.00516781038626869, 0.04439584308720055, 0.005537937192893757], [0.4627866068267331, 0.4389561075194177, 0.08111195185634444, 0.01714533379750458], [0.3907341507908526, 0.09503801654163567, 0.4573243250416206, 0.05690350762589124], [0.9191598206422069, 0.013891124097008807, 0.03929585929742678, 0.027653195963357368], [0.35514754489219363, 0.5717424966699395, 0.031047503117671658, 0.042062455320195154], [0.7465879183452026, 0.031368772963058254, 0.06800722012365003, 0.1540360885680891], [0.659672184208952, 0.0846252641856699, 0.2134332907777095, 0.04226926082766862], [0.17156861123746187, 0.08539789871743883, 0.7090295774414233, 0.034003912603676134], [0.32223587940029425, 0.28765588825981137, 0.13104607425786222, 0.2590621580820321], [0.6452286353680096, 0.057559875056095104, 0.02519587462253447, 0.27201561495336096], [0.801256622686397, 0.0030150047385930356, 0.10989821166485209, 0.08583016091015797], [0.9754428572019352, 0.01810368996026131, 0.006414982309175364, 3.8470528628236585e-05], [0.9706695993360281, 0.015147307568347167, 0.009004873096561634, 0.005178219999062902], [0.16833856406350495, 0.6739621141725293, 0.11367231749976538, 0.044027004264200496], [0.9197263272325013, 0.0348792588602942, 0.03852732924057709, 0.006867084666627359], [0.004084798486764987, 0.9836855117584488, 0.006348263612050159, 0.005881426142736013], [0.9986574391665317, 4.5425612192661114e-05, 0.0011215148052034394, 0.00017562041607203493], [0.9152059067933861, 0.0025563549320904303, 0.05670019184163921, 0.025537546432884393], [0.16761015188359546, 0.7052958185021818, 0.09872815269244367, 0.02836587692177909], [0.43577588771404163, 0.22420945384895796, 0.3397515777699178, 0.00026308066708272555], [0.8960880811632341, 0.09568478738448553, 0.00474664823179252, 0.003480483220487778], [0.0925651097518778, 0.44777965667502584, 0.39335016673210343, 0.06630506684099292], [0.7089105132593211, 0.12086773375628768, 0.0581252246349923, 0.1120965283493989], [0.9503601175339091, 0.01859732575335953, 0.02831413554420128, 0.002728421168530103], [0.9699242992398467, 0.009661169228666585, 0.0014588526906680363, 0.01895567884081857], [0.35328555016767016, 0.18740962356570268, 0.36761001052680187, 0.09169481573982541], [0.9756847786993816, 0.0004990301818175424, 0.01827693688282577, 0.00553925423597503], [0.8859178540893444, 0.020875487271546214, 0.09247301334793308, 0.0007336452911764165], [0.7001926233084891, 0.18198681279774442, 0.024832572421879074, 0.0929879914718874], [0.45963423030128353, 0.271075555097575, 0.2576237347457251, 0.011666479855416377], [0.06221416438079941, 0.002376007292625001, 0.15254383095672355, 0.7828659973698521], [0.31336574743717716, 0.05982891607433583, 0.6049270831291415, 0.021878253359345554], [0.619496688475012, 0.3027031966223367, 0.018342908669610917, 0.05945720623304031], [0.6606529786461985, 0.1824188255189889, 0.13088655737133548, 0.02604163846347716], [0.21974589937808434, 0.3175496156044104, 0.39984297682558567, 0.06286150819191942], [0.0772200339542968, 0.03565788586585386, 0.42122252653803366, 0.46589955364181573], [0.04053113081238844, 0.12470005055292895, 0.8287315511902615, 0.006037267444421154], [0.993845915507899, 0.0007085343090338524, 0.005084598816304995, 0.0003609513667620126], [0.8302720290829116, 0.049469998440735456, 0.018159177008708425, 0.10209879546764433], [0.9875170612584467, 0.0005252709190575722, 0.009567899285007802, 0.002389768537487928], [0.6943794553438962, 0.19214348920000526, 0.06609390583023755, 0.04738314962586094], [0.0417395658477178, 0.009018122930531634, 0.9448157022317699, 0.004426608989980663], [0.6753017065801954, 0.02629980241223528, 0.28789679772937654, 0.010501693278192848], [0.9471199726321231, 0.01865909275122947, 0.018378928592176283, 0.015842006024471077], [0.8147556540785373, 0.07568656593802114, 0.06807728383162501, 0.04148049615181652], [0.4980288946154937, 0.021237919786773744, 0.01006011119223799, 0.4706730744054945], [0.9399598413537372, 0.012501549827591055, 0.024864292718366193, 0.022674316100305434], [0.899670424047251, 0.0045042309377706525, 0.06265533836566003, 0.03317000664931834], [0.7599781010708461, 0.001571943927656454, 0.1530205675654781, 0.08542938743601938], [0.8069527967659008, 0.08146891085551677, 0.10003155670355435, 0.011546735675028065], [0.9034031289069324, 0.0020054650221553224, 0.08033685999808828, 0.014254546072824083], [0.939044926312355, 4.219025773669574e-05, 0.0071193711394652815, 0.05379351229044288], [0.9562656166780139, 0.01695082184605512, 0.010057879431241968, 0.016725682044688852], [0.9650597053985104, 0.0033565550612596217, 0.01144539328252254, 0.020138346257707544], [0.9211478389889227, 0.06698129910605483, 0.007824327925666482, 0.0040465339793558435], [0.18818663234128824, 0.7867185332893936, 0.02049093115333124, 0.004603903215986931], [0.5280615586699473, 0.3296240168106216, 0.019420602169974006, 0.12289382234945692], [0.9232275385227702, 0.0035042429112605816, 0.015144566861826615, 0.05812365170414274], [0.9902545366819675, 0.007613087162451919, 0.0010929734339510894, 0.0010394027216296035], [0.986253314425766, 0.003062785309660485, 0.003030402543529579, 0.007653497721044089], [0.3127600819143881, 0.00017399851422375702, 0.016341913155314833, 0.6707240064160732], [0.8813880971247527, 0.0006066082353909019, 0.11489656503405982, 0.0031087296057964687], [0.9765210842738752, 0.007308386693610613, 0.014355981304111514, 0.0018145477284027564], [0.9395734995581301, 0.01036243384677415, 0.044458616531815674, 0.005605450063280149], [0.9887263267658453, 0.0056388936692016245, 0.003193544705802968, 0.0024412348591501807], [0.3089196650827888, 0.06563748294752468, 0.07878232479325242, 0.546660527176434], [0.41389163534600865, 0.01172567522053717, 0.41193815061211003, 0.16244453882134424], [0.5370803536566174, 0.0006288031658485772, 0.4585644631516263, 0.0037263800259077335], [0.3710292032587919, 0.5535363943091951, 0.07366699985751532, 0.0017674025744976308], [0.8445417232379601, 0.07953635411892751, 0.00938153903411763, 0.06654038360899464], [0.8383434650444966, 0.07916208843049487, 0.012188811338282621, 0.07030563518672604], [0.4137192126341019, 0.021811698868549476, 0.43474425904408476, 0.12972482945326383], [0.7341751291265035, 0.0018443305198684327, 0.005334799835800062, 0.258645740517828], [0.6112106258221826, 0.024604242946490513, 0.1748068934668651, 0.18937823776446183], [0.96779702421574, 0.0012782861417504965, 0.029898265233210312, 0.0010264244092991171], [0.98633311935651, 0.0006053053837758249, 0.012354378676606353, 0.0007071965831077456], [0.09115110621688305, 0.004048463585934539, 0.7069548252610631, 0.19784560493611933], [0.6565214545004706, 0.1424941927741399, 0.17570988506259133, 0.02527446766279809], [0.9197310176384876, 0.025251505587997745, 0.02724660192969659, 0.027770874843818127], [0.9481755717707407, 0.00023487443848177518, 0.04199987396327283, 0.009589679827504815], [0.869769434301181, 0.03540593434475482, 0.0937749088724048, 0.0010497224816592525], [0.7337595381428823, 0.08177019232766089, 0.1723408405429891, 0.012129428986467706], [0.9411232124795501, 0.002924403394870093, 0.04912189375796746, 0.006830490367612317], [0.8053053754919617, 0.008111557946820383, 0.1293849494389065, 0.05719811712231144], [0.7603630604101406, 0.00851248288271868, 0.2129546745330303, 0.018169782174110558], [0.982471399269119, 0.0036339554534730325, 0.003736979480926985, 0.010157665796480966], [0.4079219201406011, 0.040124744798844134, 0.1108558637038493, 0.4410974713567056], [0.9904655743163866, 0.006969520072720068, 0.0007787139910604223, 0.0017861916198327866], [0.13600431690510317, 0.018167125693515935, 0.6845310721565119, 0.16129748524486906], [0.3072447959974943, 0.49469646053398403, 0.1927254443866941, 0.005333299081827703], [0.9819930724036737, 0.00029076155460148204, 0.017619303762611456, 9.686227911328227e-05], [0.26367266644042237, 0.010868036514365815, 0.12189172385925862, 0.6035675731859532], [0.9506281504252199, 0.0018828432919711184, 0.047331797640723726, 0.00015720864208527147], [0.8891271182265957, 0.10742400924378787, 0.0028774295500028535, 0.0005714429796133957], [0.9064778494820485, 0.030485578491577396, 0.005611363751452061, 0.057425208274922035], [0.9410502108435543, 0.0004256668392725662, 0.03862289961388371, 0.019901222703289312], [0.6387846777972351, 0.3522887089586623, 0.005436888254712337, 0.0034897249893902356], [0.19006108618529563, 0.004095449194815263, 0.1497362851162972, 0.656107179503592], [0.7667730508642993, 0.19998630113914495, 0.011161552804225941, 0.022079095192329756], [0.9539241828028598, 0.004499125794302801, 0.008416925209588484, 0.03315976619324895], [0.13418532924359897, 0.49771688372312034, 0.23808169535386922, 0.13001609167941144], [0.9785645794521108, 0.0027529756628810642, 0.004463821806540969, 0.014218623078467161], [0.3302327125344598, 0.19972374967396958, 0.29233937845175645, 0.1777041593398143]]}}