{"test": {"ids": ["105115380", "112117461", "99109740", "112116401", "111117120", "98106111", "106114011", "97109080", "111116090", "113120591", "99108520", "100109890", "105117200", "113119300", "102109910", "103113101", "100110260", "103113640", "101112160", "109121351", "113121980", "113119700", "104113190", "113118620", "100108260", "110116170", "98107210", "112120630", "108119330", "111116990", "105120280", "106117790", "109115070", "111120591", "107113130", "103110760", "105112260", "110118701", "104119290", "109120540", "104111531", "105115570", "107113840", "108120280", "98106880", "110113931", "112120990", "107120130", "99108580", "103113270", "109114030", "112121360", "99112531", "113118490", "108117451", "101114020", "99108000", "100108520", "99109860", "112119950", "109120150", "97108520", "101112540", "101108121", "111116530", "104113210", "113119120", "110117140", "113117401", "111120540", "107114200", "113119930", "111117000", "112118421", "108116120", "109117150", "100111620", "102121440", "110117200", "102113210", "108113620", "110118740", "103118291", "99108890", "107114321", "110119300", "99109840", "112118161", "109121640", "111115780", "108116481", "111118910", "110115980", "100107920", "104111620", "99120010", "107117010", "104109311", "100109980", "102110500", "98109570", "107114110", "110114610", "109120560", "113122180", "98111860", "106118520", "113118421", "113122230", "99107630", "99113260", "112116640", "108119550", "112120290", "99111440", "111121930", "99108010", "109116930", "110114561", "102109850", "107115250", "106116441", "100120010", "100116500", "105121370", "110117500", "109113881", "112117571", "107114780", "109116441", "99112300", "102112170", "113122510", "111116110", "104118340", "97109570", "108114360", "98110810", "98111231", "100120780", "108120060", "109116170"], "labels": [1, 0, 3, 0, 2, 0, 1, 2, 3, 0, 2, 3, 3, 1, 2, 3, 3, 1, 3, 0, 2, 0, 3, 3, 3, 0, 1, 3, 0, 0, 3, 1, 0, 1, 1, 1, 3, 3, 1, 1, 0, 0, 3, 3, 0, 1, 2, 2, 0, 2, 1, 3, 3, 1, 2, 3, 2, 2, 2, 0, 2, 2, 2, 0, 3, 3, 3, 3, 3, 1, 2, 1, 0, 3, 1, 2, 3, 2, 3, 3, 3, 3, 0, 0, 0, 1, 2, 0, 0, 1, 0, 0, 1, 0, 0, 2, 1, 3, 1, 3, 1, 1, 1, 1, 2, 0, 2, 3, 1, 2, 0, 0, 1, 1, 3, 1, 2, 0, 0, 1, 2, 0, 0, 2, 2, 1, 0, 3, 2, 3, 0, 3, 2, 3, 2, 0, 1, 1, 1, 1, 1, 0], "predicted_labels": [3, 0, 1, 0, 3, 0, 1, 1, 3, 1, 3, 1, 0, 3, 0, 1, 0, 0, 1, 3, 1, 0, 1, 3, 0, 1, 1, 0, 3, 3, 1, 1, 1, 0, 1, 3, 1, 1, 1, 3, 1, 1, 0, 0, 0, 0, 1, 1, 1, 1, 0, 1, 1, 3, 3, 3, 3, 3, 1, 3, 3, 3, 1, 0, 1, 1, 1, 3, 0, 1, 1, 0, 1, 3, 0, 3, 3, 3, 0, 3, 3, 0, 1, 1, 1, 3, 1, 1, 0, 0, 1, 1, 0, 0, 0, 3, 1, 1, 1, 0, 3, 0, 1, 3, 3, 1, 3, 3, 1, 0, 1, 0, 3, 1, 3, 0, 1, 0, 1, 1, 3, 3, 3, 1, 1, 1, 0, 3, 1, 3, 3, 0, 1, 3, 3, 0, 1, 2, 1, 3, 1, 3], "confidence_scores": [[0.14283713210068702, 0.3255575538038586, 0.24865660225253636, 0.28294871184291776], [0.36093167799091086, 0.23146413711898664, 0.08001325352418982, 0.3275909313659133], [0.13808145302962896, 0.3513328272314728, 0.271414068786905, 0.23917165095199341], [0.3578141466764661, 0.20285282209596245, 0.08934777261744838, 0.34998525861012303], [0.26397367979761344, 0.2795504094815218, 0.16712492444015384, 0.289350986280711], [0.2859395669846814, 0.26956086743837504, 0.2108483018125425, 0.23365126376440093], [0.2663599172197044, 0.2844751712118083, 0.17829815457876197, 0.27086675698972523], [0.18031065054649958, 0.314627122105413, 0.2247832605613879, 0.2802789667866994], [0.23924339705817, 0.3002522002084501, 0.12832430946748016, 0.33218009326589953], [0.24264520761428654, 0.29700138858354885, 0.16171805277394352, 0.2986353510282209], [0.20346405606445, 0.29535560303971203, 0.2253044797216859, 0.2758758611741518], [0.2896992200052146, 0.290358850756182, 0.18184314918233443, 0.23809878005626872], [0.2558111405802271, 0.2757813698907782, 0.21868474674376984, 0.24972274278522494], [0.3034768685656769, 0.24014285727441037, 0.09944965445244996, 0.3569306197074631], [0.3065062145552328, 0.22095774273267652, 0.17372077511437428, 0.298815267597716], [0.1810023709374505, 0.30384237369922146, 0.2619230005661825, 0.2532322547971456], [0.3202314523708814, 0.2531310698241604, 0.10508117610757248, 0.32155630169738547], [0.41642862079320686, 0.19280729650502107, 0.06314755745554132, 0.3276165252462309], [0.17551989811078542, 0.3593407978561077, 0.207935590851909, 0.2572037131811977], [0.2674737196076289, 0.2420582985130077, 0.20832419335044736, 0.2821437885289161], [0.23010095813374476, 0.3136498061770399, 0.1504394855676198, 0.30580975012159567], [0.2961104940183703, 0.28115606325288667, 0.13759668904849578, 0.2851367536802474], [0.2871083538016758, 0.28144863121328906, 0.13644289348749258, 0.29500012149754273], [0.2366926279160568, 0.2956603018729059, 0.11843206944443704, 0.34921500076660045], [0.2955280289775357, 0.27547748950519096, 0.15074474267772814, 0.2782497388395449], [0.2544066226860804, 0.2918523471890136, 0.14709650403412233, 0.3066445260907836], [0.13077162435404605, 0.350851879245318, 0.2836766828538617, 0.23469981354677416], [0.3283166703723627, 0.2560243548817288, 0.08188220653824535, 0.3337767682076634], [0.29249973911588223, 0.2650010291483146, 0.12202715279065227, 0.32047207894515073], [0.30903784354715896, 0.2510293378976634, 0.09502277990996408, 0.3449100386452136], [0.23739008230678588, 0.3195924400182186, 0.1836936652198363, 0.2593238124551593], [0.23684058077799536, 0.30481513392082876, 0.14470498721525255, 0.3136392980859231], [0.23793412966410316, 0.29694492357808216, 0.1560388328932467, 0.3090821138645678], [0.4027975436755523, 0.1931662707818809, 0.059358947280813715, 0.34467723826175317], [0.18372797841418317, 0.31296047984046027, 0.24109980219550348, 0.2622117395498527], [0.3213256324707676, 0.2287481908018011, 0.12629474054060624, 0.32363143618682516], [0.2013117727502868, 0.33256087155601877, 0.21084336629138503, 0.25528398940230923], [0.23457935130357288, 0.31897748940744125, 0.1323696831948797, 0.3140734760941062], [0.21925353615467452, 0.3125512758817206, 0.18393883211268164, 0.28425635585092307], [0.260595085241039, 0.2669844960700847, 0.194502816804453, 0.27791760188442294], [0.2298827719624742, 0.303421506988163, 0.19094381170987265, 0.27575190933949006], [0.14007465961376278, 0.3330300442969911, 0.2710952654401146, 0.25580003064913154], [0.3311284491652018, 0.249861312052033, 0.14749194388392087, 0.2715182948988441], [0.3786557678458391, 0.21256550066430036, 0.05191939421120028, 0.35685933727866026], [0.2709728372702925, 0.26008526146726546, 0.2187399749915263, 0.2502019262709158], [0.30021528155683247, 0.24405613364243073, 0.17559275820546683, 0.2801358265952698], [0.17008345405945619, 0.33799173587367914, 0.2377336051875732, 0.25419120487929175], [0.25740215975760755, 0.2944130933680355, 0.1914831530177656, 0.25670159385659086], [0.2516822575424646, 0.28116232225017546, 0.23028999634795735, 0.23686542385940235], [0.17144942755019163, 0.3379909893195821, 0.24808778918567287, 0.24247179394455323], [0.3359088458744957, 0.22666621875719462, 0.19406443152606667, 0.243360503842243], [0.24543614695900592, 0.33178411324179957, 0.11297926101249471, 0.30980047878669986], [0.18074546060655033, 0.33358531525082674, 0.2134443734453303, 0.27222485069729263], [0.25892847558527066, 0.25958051208179206, 0.11482449951578667, 0.3666665128171506], [0.24034784054373018, 0.28341633444837266, 0.17590092922953732, 0.30033489577836003], [0.2705132240270742, 0.2662013846507847, 0.1758192713728886, 0.2874661199492526], [0.18828137402991912, 0.3012211521100897, 0.2027322146765078, 0.3077652591834832], [0.23981103411167495, 0.2778404965677375, 0.1475664150979844, 0.334782054222603], [0.1815756330125745, 0.3141531026723384, 0.2532888771166593, 0.2509823871984275], [0.27111904154705374, 0.2853524503172787, 0.12931652475354488, 0.31421198338212253], [0.21987957449098736, 0.2877722562329931, 0.18239279179845838, 0.30995537747756113], [0.25535271100677537, 0.25720177493659785, 0.1755205300064039, 0.31192498405022284], [0.20780115753601422, 0.3093738356311824, 0.22120473014773914, 0.261620276685064], [0.38777263573884496, 0.19226932839597577, 0.04567422606373481, 0.3742838098014445], [0.2781076757441418, 0.2983796874287993, 0.14255074835652964, 0.2809618884705295], [0.2536681621461391, 0.29482177321127895, 0.1806533191362486, 0.2708567455063334], [0.3091809017876725, 0.28163427272887154, 0.07500899735783492, 0.33417582812562086], [0.303331673671602, 0.24063207174237514, 0.1352054921913558, 0.3208307623946671], [0.28627493517949, 0.2646539478125979, 0.1686776076969108, 0.28039350931100115], [0.23936818031744037, 0.29304953994504856, 0.19793045532241887, 0.26965182441509233], [0.17410496979894682, 0.33896539976983364, 0.18393925301128777, 0.3029903774199315], [0.3370426305308453, 0.26015584141644327, 0.07687873566603164, 0.3259227923866798], [0.16655773165607796, 0.34542603820416506, 0.2672126239289576, 0.22080360621079947], [0.2679855574064203, 0.28438929581005146, 0.12588043655676615, 0.3217447102267621], [0.36096874124283207, 0.20855126742516003, 0.1017630787563242, 0.3287169125756838], [0.2544873921289605, 0.25827965698505767, 0.18373703262622504, 0.3034959182597567], [0.28701097354716204, 0.2519277167282074, 0.1524636271373624, 0.3085976825872681], [0.23967181430142256, 0.2619325048625273, 0.21691320637912065, 0.2814824744569295], [0.3727082552366949, 0.2311699579774519, 0.06776010809321988, 0.32836167869263344], [0.3084008067340704, 0.21620127565241043, 0.1310405791067138, 0.3443573385068052], [0.24974446427668592, 0.25482517065183674, 0.1907136113944178, 0.30471675367705925], [0.3642914003759238, 0.1828952853186045, 0.11440749179229867, 0.33840582251317314], [0.268428190501394, 0.29629607790790397, 0.1183174489858934, 0.3169582826048089], [0.2558154437665313, 0.3111950429346923, 0.11374053345126031, 0.3192489798475161], [0.25370992236199663, 0.32955517529792683, 0.11327824120857909, 0.3034566611314976], [0.2761295468509863, 0.255030268010513, 0.17947447679037307, 0.28936570834812764], [0.2130571410864349, 0.3134259853677327, 0.16802479135787726, 0.30549208218795537], [0.19637211177118183, 0.32039879229924934, 0.24981655853079457, 0.23341253739877435], [0.35115506906877636, 0.21861043629669746, 0.12328083439406529, 0.30695366024046083], [0.31665571451269875, 0.24331921966296535, 0.15118912399425372, 0.2888359418300822], [0.23685293902883062, 0.30985382281658713, 0.13013468192136668, 0.32315855623321565], [0.2724699663247232, 0.2954472609400569, 0.13602518196155394, 0.2960575907736659], [0.36870551494427145, 0.19358060073385228, 0.1298043517562637, 0.30790953256561265], [0.3703671338196257, 0.21439200467751512, 0.09192724364718335, 0.32331361785567553], [0.32725645661878827, 0.25705155972960875, 0.07416440256516896, 0.3415275810864338], [0.33173285489330967, 0.19809726936090083, 0.16419015716284985, 0.3059797185829398], [0.173796785936427, 0.33335131976633275, 0.16319270031400435, 0.3296591939832358], [0.20372221201620797, 0.3184914826980101, 0.21787702691398914, 0.2599092783717929], [0.15639616114073326, 0.3429933441537923, 0.2674327962439575, 0.2331776984615171], [0.34393095879991964, 0.22769641350517414, 0.10194516841262571, 0.32642745928228056], [0.20945133514838155, 0.29186831995004336, 0.1719039310590519, 0.32677641384252337], [0.3367326077896142, 0.21528752749265156, 0.10685187424098351, 0.3411279904767506], [0.15290723137858203, 0.3297434667867311, 0.2642432953758148, 0.2531060064588721], [0.14591988187254729, 0.32242388512075365, 0.2287802507529545, 0.3028759822537445], [0.25634983392885635, 0.28408226718375534, 0.12885343945368605, 0.3307144594337022], [0.11658394660513821, 0.3845760097553029, 0.3349981190545928, 0.16384192458496616], [0.23095866042013002, 0.2834068039853244, 0.23132132495136282, 0.25431321064318274], [0.31320051515598624, 0.2543048086618887, 0.1035652120517652, 0.3289294641303596], [0.1495035329743596, 0.34419282752033314, 0.24820389671510584, 0.25809974279020137], [0.335207557040576, 0.21152211708986687, 0.1283088907023276, 0.3249614351672295], [0.11836457412910471, 0.3678155870211474, 0.320974594044371, 0.19284524480537707], [0.2859524987357227, 0.2608566750802823, 0.17781517552275133, 0.27537565066124375], [0.21898612267701423, 0.28449175548016353, 0.19704179610334588, 0.2994803257394767], [0.19578950127688532, 0.3067910477962036, 0.24589946489806755, 0.2515199860288435], [0.2875859320990995, 0.25188715499181435, 0.14069602318567256, 0.31983088972341367], [0.29321391773962063, 0.2603032913305265, 0.18094834351339323, 0.26553444741645965], [0.25312365065241044, 0.33043440233462507, 0.13775579325786888, 0.2786861537550956], [0.3360261421180122, 0.24203485612707284, 0.11436331233735741, 0.3075756894175575], [0.22001530389847107, 0.3177274152277194, 0.19009621574057117, 0.2721610651332387], [0.23133261035042357, 0.3080961623490865, 0.23348076575070667, 0.22709046154978363], [0.23278969393048998, 0.2820280503380234, 0.1394536599537642, 0.34572859577772225], [0.31383200226983976, 0.23489122668155227, 0.08196614426928393, 0.36931062677932414], [0.21477667227452796, 0.2869671135883811, 0.17569298688280913, 0.32256322725428177], [0.2164059301292844, 0.2982778497985, 0.232175395082493, 0.25314082498972246], [0.11032910283433214, 0.3895836028880038, 0.3428175115693148, 0.1572697827083493], [0.22627438231274632, 0.31122796313527834, 0.20406796399103388, 0.2584296905609414], [0.3250194082304285, 0.25476026112697875, 0.17599306732613942, 0.2442272633164534], [0.12141548854443338, 0.3309256214690542, 0.23733712961271525, 0.3103217603737969], [0.18416172700854172, 0.31925273397587556, 0.2547989296475979, 0.24178660936798477], [0.2987373202547823, 0.2326733965364815, 0.11791103046697066, 0.35067825274176573], [0.2844678333538858, 0.22597838820396327, 0.1514247808002184, 0.3381289976419327], [0.39811415595193117, 0.1966704164475122, 0.07956339523639697, 0.32565203236415996], [0.10990472474399285, 0.35161487456539003, 0.2670154036699569, 0.2714649970206603], [0.2430692195982546, 0.27333014394587896, 0.13251748561119375, 0.35108315084467273], [0.18064246078170346, 0.30977650708645144, 0.2186476450381715, 0.2909333870936736], [0.32590813989196105, 0.2634664343345517, 0.10004199183000992, 0.31058343394347765], [0.16038670036685282, 0.34574412449870073, 0.2751687400775795, 0.21870043505686698], [0.13580583110617378, 0.35017231666137455, 0.3250603547901813, 0.18896149744227034], [0.2618478170179748, 0.28515807806476734, 0.17127147843729823, 0.2817226264799596], [0.2528351447465234, 0.26245022469482887, 0.17698806908938752, 0.3077265614692603], [0.23476661202362334, 0.3075682189060308, 0.18098690584736404, 0.27667826322298195], [0.26660139385687104, 0.27826436071983734, 0.14671885302043294, 0.30841539240285853]]}, "rewritten": {"ids": ["97108520", "97109080", "97109570", "98106111", "98106880", "98107210", "98109570", "98110810", "98111231", "98111860", "99107630", "99108000", "99108010", "99108520", "99108580", "99108890", "99109740", "99109840", "99109860", "99111440", "99112300", "99112531", "99113260", "99120010", "100107920", "100108260", "100108520", "100109890", "100109980", "100110260", "100111620", "100116500", "100120010", "100120780", "101108121", "101112160", "101112540", "101114020", "102109850", "102109910", "102110500", "102112170", "102113210", "102121440", "103110760", "103113101", "103113270", "103113640", "103118291", "104109311", "104111531", "104111620", "104113190", "104113210", "104118340", "104119290", "105112260", "105115380", "105115570", "105117200", "105120280", "105121370", "106114011", "106116441", "106117790", "106118520", "107113130", "107113840", "107114110", "107114200", "107114321", "107114780", "107115250", "107117010", "107120130", "108113620", "108114360", "108116120", "108116481", "108117451", "108119330", "108119550", "108120060", "108120280", "109113881", "109114030", "109115070", "109116170", "109116441", "109116930", "109117150", "109120150", "109120540", "109120560", "109121351", "109121640", "110113931", "110114561", "110114610", "110115980", "110116170", "110117140", "110117200", "110117500", "110118701", "110118740", "110119300", "111115780", "111116090", "111116110", "111116530", "111116990", "111117000", "111117120", "111118910", "111120540", "111120591", "111121930", "112116401", "112116640", "112117461", "112117571", "112118161", "112118421", "112119950", "112120290", "112120630", "112120990", "112121360", "113117401", "113118421", "113118490", "113118620", "113119120", "113119300", "113119700", "113119930", "113120591", "113121980", "113122180", "113122230", "113122510"], "labels": [2, 2, 0, 0, 0, 1, 1, 1, 1, 0, 2, 2, 2, 2, 0, 0, 3, 2, 2, 3, 0, 3, 0, 2, 0, 3, 2, 3, 1, 3, 3, 2, 0, 1, 0, 3, 2, 3, 1, 2, 3, 3, 3, 2, 1, 3, 2, 1, 0, 3, 0, 0, 3, 3, 2, 1, 3, 1, 0, 3, 3, 2, 1, 0, 1, 2, 1, 3, 1, 2, 0, 2, 2, 1, 2, 3, 1, 1, 0, 2, 0, 1, 1, 3, 0, 1, 0, 0, 3, 0, 2, 2, 1, 1, 0, 0, 1, 0, 1, 1, 0, 3, 3, 1, 3, 3, 1, 1, 3, 3, 3, 0, 0, 2, 0, 1, 1, 1, 0, 0, 0, 3, 0, 3, 0, 1, 3, 2, 3, 3, 3, 1, 3, 3, 1, 0, 1, 0, 2, 2, 1, 2], "predicted_labels": [0, 1, 0, 1, 0, 1, 1, 1, 0, 1, 3, 1, 1, 1, 0, 1, 1, 1, 1, 0, 0, 0, 1, 0, 0, 0, 0, 1, 1, 0, 1, 1, 0, 0, 0, 1, 1, 1, 1, 1, 0, 0, 0, 0, 3, 0, 1, 0, 1, 1, 1, 3, 1, 0, 1, 1, 1, 1, 1, 1, 1, 1, 1, 1, 1, 3, 1, 1, 0, 1, 0, 1, 1, 1, 1, 0, 1, 0, 0, 1, 1, 3, 1, 0, 1, 0, 0, 1, 0, 0, 0, 0, 0, 0, 0, 0, 3, 1, 1, 0, 0, 1, 0, 0, 1, 0, 0, 0, 1, 1, 1, 0, 1, 1, 0, 0, 0, 1, 0, 0, 0, 1, 0, 3, 0, 1, 0, 1, 1, 0, 1, 0, 0, 0, 3, 1, 1, 1, 3, 3, 1, 1], "confidence_scores": [[0.3171975926268683, 0.26451842789567676, 0.1107871139782784, 0.3074968654991763], [0.25925956352567453, 0.3050891400139337, 0.16521626535748374, 0.27043503110290834], [0.37247937706146206, 0.20746418155421542, 0.06699150187597715, 0.3530649395083456], [0.2534943443430009, 0.2979171889362632, 0.22787979868534738, 0.22070866803538888], [0.3252955711275564, 0.2830678851702711, 0.1475797331688725, 0.2440568105333004], [0.22280673793744266, 0.3187020585417623, 0.2625267595648379, 0.195964443955957], [0.2766237284123907, 0.29526374216397155, 0.15696715943924203, 0.2711453699843956], [0.20514611464986107, 0.33657118897707183, 0.2617344753409781, 0.19654822103208894], [0.3071749223194814, 0.27638542790007303, 0.1526288168658749, 0.26381083291457075], [0.20281289260272464, 0.345661847306385, 0.20582900434385448, 0.24569625574703607], [0.30296273731349926, 0.2721942231380034, 0.10239466727732634, 0.32244837227117107], [0.2176927069005285, 0.3040268010913433, 0.2456712881122353, 0.232609203895893], [0.3179048459086776, 0.2978450304294556, 0.11904496751641726, 0.2652051561454493], [0.19804170185505768, 0.31527786280634196, 0.26111560054201566, 0.2255648347965849], [0.2990238314990597, 0.2484599528498822, 0.18885628035038152, 0.2636599353006768], [0.29643562889235414, 0.30687423520111645, 0.12440566905679475, 0.2722844668497343], [0.2901930825218215, 0.29922082476302375, 0.1602250403331843, 0.2503610523819703], [0.21484690299783618, 0.3383354637243736, 0.23077332195845948, 0.2160443113193307], [0.25600597373898787, 0.28691537761310165, 0.18183067412484255, 0.27524797452306776], [0.3740450261231694, 0.23006110726708626, 0.11020280543109406, 0.2856910611786501], [0.36669258747287153, 0.21740734174324094, 0.12406893383097879, 0.2918311369529085], [0.3419494516930001, 0.2684771145457462, 0.0885834357162166, 0.30098999804503695], [0.1969628993270053, 0.3384379058709449, 0.22386068034945905, 0.24073851445259056], [0.3952182016686994, 0.2080473908617718, 0.11847307375907822, 0.2782613337104505], [0.42944124388592086, 0.17528710101906875, 0.06759622322191586, 0.3276754318730944], [0.31401788670445346, 0.27427011805840423, 0.12156530889803298, 0.29014668633910934], [0.29901402733759946, 0.26712984411014895, 0.13610044898973225, 0.29775567956251936], [0.2719570312772646, 0.2878764463596117, 0.19407613721110906, 0.246090385152015], [0.24435500745528124, 0.33516952780238557, 0.1758464319821032, 0.24462903276022954], [0.3030946881670232, 0.2737778900779467, 0.138547393359759, 0.28458002839527086], [0.2643061275008888, 0.2941559512577373, 0.16163427526304694, 0.279903645978327], [0.27790595502515725, 0.287062346492287, 0.1571683106910281, 0.2778633877915277], [0.33032878976969754, 0.2543573937720074, 0.11543494114658719, 0.2998788753117079], [0.3146486137372262, 0.268267672129041, 0.10347015686971378, 0.3136135572640191], [0.35972273886599937, 0.23284897212907688, 0.07854631703345356, 0.3288819719714703], [0.24688878091037453, 0.3200197403484613, 0.19761023664614025, 0.23548124209502377], [0.262462750018531, 0.3426791534201785, 0.17226868297021455, 0.22258941359107584], [0.3028405518334088, 0.30408601032616905, 0.12349123360898379, 0.26958220423143825], [0.24558370202174662, 0.2970355643072901, 0.22972389587217668, 0.2276568377987867], [0.2665197947638503, 0.3083370256307609, 0.1746401884058388, 0.2505029911995499], [0.36033159677997323, 0.21747060530623474, 0.05930244504768946, 0.3628953528661024], [0.3999901508030525, 0.19490488502908396, 0.080093939554846, 0.3250110246130176], [0.36562624092957147, 0.2267022620375114, 0.07406731283009843, 0.33360418420281857], [0.2956265449574715, 0.26727692433991895, 0.1777836965162997, 0.2593128341863096], [0.3198666338262781, 0.2395319751859583, 0.09839817502365311, 0.3422032159641104], [0.29890278806886017, 0.28151988309661513, 0.1916055254010092, 0.2279718034335156], [0.24507902340588822, 0.3319452050689798, 0.1926345689523356, 0.23034120257279636], [0.42553806789843623, 0.1815222692890963, 0.06714661819653125, 0.32579304461593617], [0.2918595509412342, 0.31993737200360994, 0.12250198419305557, 0.2657010928621001], [0.2673096255510005, 0.2953566579168403, 0.15362658486000033, 0.28370713167215883], [0.25341529912598243, 0.336082431061126, 0.1378982956078157, 0.272603974205076], [0.3548696072208635, 0.21458203934010903, 0.06774803348590364, 0.36280031995312345], [0.2514677738474851, 0.3328211348868418, 0.15782985535443822, 0.2578812359112348], [0.36028027619070424, 0.24654541780069558, 0.1328231045193975, 0.2603512014892024], [0.2858579870704411, 0.32340310343111683, 0.16140465634503623, 0.22933425315340575], [0.2352237325345561, 0.33231910518626745, 0.1776992961292135, 0.25475786614996293], [0.27404644436061537, 0.32196865913079364, 0.13321710943365378, 0.2707677870749369], [0.2503577287525334, 0.31171543817924047, 0.19384107816364424, 0.24408575490458212], [0.2127762488928345, 0.3487210807536206, 0.2314159078673179, 0.20708676248622698], [0.2800933693903967, 0.30700789100082193, 0.20722115022534518, 0.2056775893834362], [0.3022519129786979, 0.3051312002504538, 0.1187153945063818, 0.27390149226446603], [0.23195221199834842, 0.3150855969416805, 0.19558612692435332, 0.2573760641356177], [0.26482522468068453, 0.3165414547510791, 0.1501571072878845, 0.268476213280352], [0.2894590365714019, 0.31437674886696804, 0.14205521907649882, 0.25410899548513133], [0.20222965294586484, 0.3608934163476234, 0.16339791678196464, 0.27347901392454727], [0.2838932737354435, 0.28061835294496706, 0.12274532343341923, 0.31274304988617013], [0.2605314400782627, 0.3257173879855005, 0.21675819326906814, 0.19699297866716847], [0.30316255514809526, 0.2958113031506396, 0.0966781900300125, 0.3043479516712524], [0.34329569349093775, 0.2390230832394244, 0.0920389189005574, 0.32564230436908037], [0.25914884721378184, 0.3269149043548273, 0.14117073513494252, 0.27276551329644866], [0.3321200662357308, 0.29342069510091606, 0.06221637942431545, 0.3122428592390375], [0.1862108532254938, 0.32026767097961284, 0.24613712782636363, 0.24738434796852965], [0.30324104534853735, 0.28726781651920835, 0.0980270205751998, 0.31146411755705455], [0.28892142826292166, 0.28174560659317727, 0.1608592038060939, 0.2684737613378071], [0.2262088742664153, 0.33551968952335104, 0.1676639376958228, 0.2706074985144113], [0.35354414860781225, 0.2612434874950102, 0.09653047037111251, 0.2886818935260652], [0.27111423428236436, 0.30273787858596807, 0.15184437206210943, 0.274303515069558], [0.38864125485909157, 0.21409324719690295, 0.07674034767073733, 0.32052515027326833], [0.33247278498605265, 0.2784311637263129, 0.04865265015976035, 0.3404434011278744], [0.27614356337164614, 0.31810655302197477, 0.12492715768536959, 0.2808227259210096], [0.3017937654743007, 0.28609701527720766, 0.09090810149669178, 0.32120111775179955], [0.286908639076446, 0.2633363873970255, 0.13384731400420075, 0.3159076595223279], [0.28276843098513804, 0.2932305739718018, 0.14586562369484826, 0.2781353713482119], [0.3590639021959275, 0.23079048506504335, 0.06407645715803716, 0.3460691555809918], [0.28236116339151957, 0.31107740722696176, 0.1727224097528401, 0.23383901962867867], [0.4141724945602453, 0.19140247405124863, 0.05442587820741016, 0.3399991531810958], [0.37881422612757054, 0.24659667261079457, 0.07700375695083087, 0.2975853443108037], [0.30515827790716477, 0.30216712891849296, 0.11151275493514001, 0.28116183823920227], [0.40692994749915323, 0.20411466241663337, 0.05311648780255475, 0.33583890228165897], [0.37924098121337524, 0.22798670019223882, 0.05899208655471917, 0.33378023203966645], [0.3122049576691778, 0.2558708876517517, 0.114221958181553, 0.3177021964975175], [0.29575260550570975, 0.2675159452684327, 0.13745222541506122, 0.2992792238107963], [0.35040269917914957, 0.25330590995096447, 0.15388845658717543, 0.24240293428271023], [0.33785559873808957, 0.2410453375657265, 0.11206840839830552, 0.3090306552978783], [0.3490934075551997, 0.22880023124744678, 0.12521219902635455, 0.29689416217099907], [0.38347479063556883, 0.2230174138389315, 0.0790052512021048, 0.31450254432339486], [0.27957838463017287, 0.28011477430170195, 0.12061006937433458, 0.31969677169379035], [0.2495222540390756, 0.3032259356808988, 0.20830382805873374, 0.23894798222129193], [0.2532626670065833, 0.3096885279202409, 0.1506965214492078, 0.28635228362396803], [0.39736589142177486, 0.20160989794955939, 0.07586743287018642, 0.3251567777584795], [0.32478622522246087, 0.28055464855645507, 0.07344921967773013, 0.32120990654335424], [0.29582539067189473, 0.2802729281494667, 0.11816427966494968, 0.30573740151368917], [0.4102836001999557, 0.21875072175354948, 0.06181799957441557, 0.30914767847207913], [0.3533409644378301, 0.2590447700891457, 0.08848630790307552, 0.29912795756994837], [0.2800039699219239, 0.31020103904957036, 0.1331324085783432, 0.2766625824501628], [0.4047681265178179, 0.18709123005579173, 0.06600542473974597, 0.34213521868664437], [0.3412414454642589, 0.24555670715196054, 0.08492448774884093, 0.32827735963493976], [0.3152194619488691, 0.2660879047119145, 0.14932621841453297, 0.2693664149246837], [0.2432447574136036, 0.3131700900995382, 0.11933115989102762, 0.32425399259583065], [0.2679502562988305, 0.29714009383173856, 0.12080187227899161, 0.3141077775904393], [0.2992630887698224, 0.30114837104838516, 0.11089721069284031, 0.28869132948895226], [0.34079967544811807, 0.243427382262998, 0.10007919312409003, 0.31569374916479387], [0.2490509879184575, 0.3226663784439982, 0.12996457720637933, 0.29831805643116505], [0.2768541046628367, 0.2933129297341865, 0.13624246410335494, 0.2935905014996217], [0.30492938566765976, 0.2739450640113975, 0.10130289615115515, 0.31982265416978733], [0.3590571933359066, 0.25001784189623893, 0.1041980225644229, 0.2867269422034312], [0.38145205045852454, 0.2149232233134131, 0.051268548698836736, 0.35235617752922554], [0.23399159657109714, 0.2922938143939654, 0.19767216029622026, 0.2760424287387173], [0.3363695756471221, 0.24639922882149065, 0.07670371248134358, 0.34052748305004366], [0.347036518867924, 0.23836968782395973, 0.08779571036689221, 0.32679808294122425], [0.3528062748871914, 0.24707362597889188, 0.08263079579533295, 0.3174893033385838], [0.2179780122811177, 0.3629177926702721, 0.1721894975180312, 0.2469146975305789], [0.37209629484796447, 0.2361106343875789, 0.08639228615565876, 0.3054007846087977], [0.28251457410325714, 0.29060159275664643, 0.09466312347610391, 0.33222070966399225], [0.37251805796244886, 0.22900259836099268, 0.06796302831645461, 0.3305163153601039], [0.25591561398278334, 0.3048621636887004, 0.16320285859641667, 0.27601936373209973], [0.3410969881197999, 0.2617494952789096, 0.06901802192764006, 0.3281354946736504], [0.25794949990503113, 0.3174036182329753, 0.15314511491729382, 0.2715017669446996], [0.3064881657398636, 0.31266873637156123, 0.12039723615368154, 0.2604458617348936], [0.31589263605562373, 0.28075235273007787, 0.10298921278098142, 0.3003657984333174], [0.30103080996249076, 0.28875964622120404, 0.1049552493804329, 0.3052542944358723], [0.38591753988737965, 0.19626960921964, 0.05584239885636873, 0.36197045203661143], [0.34109153150431726, 0.24303240521641004, 0.09099331912953676, 0.324882744149736], [0.3586778404197868, 0.256961838111541, 0.06372464601002337, 0.32063567545864896], [0.32857789720491964, 0.24273167936888554, 0.09320220328526856, 0.33548822014092633], [0.2986569623601604, 0.29801881714601686, 0.12335405449846032, 0.2799701659953625], [0.2929716063246861, 0.31709034223967864, 0.08027287710257021, 0.30966517433306523], [0.2507064429704282, 0.3184916094514009, 0.13496092243732208, 0.29584102514084887], [0.31467330279594613, 0.2602742212886356, 0.07051407008416155, 0.35453840583125673], [0.28743611208375897, 0.28007785022675585, 0.0933348513959116, 0.33915118629357366], [0.2649671336026364, 0.2920321526495149, 0.1650523508074893, 0.27794836294035963], [0.24884011005376164, 0.3133037103248895, 0.20132602475491518, 0.2365301548664337]]}}