{"test": {"ids": ["99112300", "98108410", "110113931", "113119300", "111120280", "110116170", "108118810", "106116640", "109117630", "98116090", "111119250", "99109141", "107119390", "99108310", "99111440", "110121500", "101108950", "102108621", "108114200", "103110220", "110120540", "97109080", "99110050", "111117571", "99120010", "103110840", "102109910", "111120540", "97106591", "113120591", "101109370", "99108580", "113119120", "108118291", "112121030", "105116980", "102109840", "98106560", "104114740", "105112130", "108115250", "113118690", "111116290", "110118880", "106117790", "107114200", "104113380", "112117571", "109119460", "113120280", "110116290", "101108370", "104111780", "99108000", "113120780", "106113170", "97107040", "101111310", "103113610", "100110050", "112119610", "97113260", "111121351", "113119950", "99107500", "97107260", "99105921", "111121410", "109113881", "100109000", "105115380", "112116990", "99107640", "99112531", "102110240", "101108290", "106116820", "106113830", "109114030", "111116640", "98111620", "110117140", "108115570", "99119830", "100111380", "113121980", "109119340", "110115140", "106118520", "99109780", "109119450", "112116610", "110115250", "99113260", "100120780", "100111270", "112118820", "105114220", "101112201", "101119030", "110116441", "98116940", "112117580", "110114610", "110114950", "110117870", "101110200", "108118301", "107113550", "97105451", "112120540", "110118450", "105115720", "112120290", "101114020", "108115870", "107121700", "113117630", "99107630", "102116340", "103109021", "98106111", "101112160", "102110690", "107121640", "102113210", "97116410", "98107210", "107114321", "113122650", "106118820", "107120010", "99108330", "103113101", "104113240", "111116100", "107114110", "100109980", "112116900", "108119550", "109114220", "97116790"], "labels": [0, 1, 1, 1, 0, 0, 1, 3, 0, 0, 1, 3, 2, 2, 3, 3, 2, 3, 0, 2, 1, 2, 3, 3, 2, 1, 2, 1, 1, 0, 1, 0, 3, 3, 0, 0, 2, 1, 2, 1, 1, 3, 2, 0, 1, 2, 1, 3, 1, 0, 2, 1, 3, 2, 0, 0, 2, 3, 2, 3, 0, 1, 0, 0, 0, 2, 1, 0, 0, 1, 1, 0, 1, 3, 3, 0, 1, 1, 1, 0, 3, 3, 3, 1, 3, 2, 3, 0, 2, 2, 3, 1, 1, 0, 1, 2, 0, 3, 0, 3, 3, 2, 0, 1, 0, 3, 2, 1, 0, 0, 3, 0, 1, 1, 3, 3, 3, 0, 2, 3, 0, 0, 3, 0, 1, 3, 3, 1, 0, 2, 3, 1, 1, 3, 2, 3, 1, 1, 3, 1, 3, 2], "predicted_labels": [3, 1, 3, 3, 3, 3, 1, 1, 3, 3, 0, 3, 3, 3, 3, 3, 1, 0, 1, 1, 1, 1, 1, 1, 1, 1, 3, 3, 1, 1, 1, 1, 1, 1, 3, 1, 1, 1, 1, 1, 3, 3, 3, 0, 3, 1, 1, 1, 1, 3, 3, 3, 3, 1, 3, 1, 1, 1, 3, 1, 1, 3, 0, 3, 1, 0, 3, 3, 0, 3, 1, 3, 0, 0, 0, 3, 3, 3, 0, 3, 1, 3, 1, 1, 0, 0, 3, 3, 3, 1, 3, 3, 1, 3, 1, 1, 3, 0, 0, 3, 1, 1, 3, 3, 3, 3, 1, 0, 3, 0, 1, 3, 3, 0, 3, 3, 1, 3, 3, 3, 1, 0, 1, 0, 3, 3, 0, 1, 3, 3, 3, 3, 3, 1, 1, 3, 3, 3, 1, 3, 3, 1], "confidence_scores": [[0.27528484930102576, 0.22889551200433556, 0.18988585858585874, 0.3059337801087801], [0.2211655400155401, 0.2968447136197137, 0.2102812937062937, 0.27170845265845284], [0.28141063936063937, 0.25457915417915433, 0.17622193362193378, 0.28778827283827285], [0.22407705986823637, 0.2831022960699432, 0.1870864080364081, 0.3057342360254124], [0.24331293983793978, 0.24356237096237107, 0.18190108780108805, 0.33122360139860124], [0.25466756413521147, 0.27718158128421283, 0.1559230028141794, 0.3122278517663967], [0.19700913530913527, 0.33467854367854394, 0.15322308247308258, 0.31508923853923837], [0.24777246642246656, 0.290991341991342, 0.2019390331890333, 0.2592971583971584], [0.26090085470085495, 0.2517502220002222, 0.1870709698797935, 0.3002779534191299], [0.25553611666111675, 0.2565766031354268, 0.21018457457575107, 0.2777027056277055], [0.27627782372426335, 0.2568012293262294, 0.19484675047175062, 0.2720741964777568], [0.2823984365307894, 0.2490375242404655, 0.15085699300699307, 0.3177070462217522], [0.23460895770895782, 0.2689500222000224, 0.2095599012099013, 0.28688111888111884], [0.2595996059496059, 0.25758238983239, 0.2002424281600753, 0.2825755760579291], [0.24810547230547247, 0.2613552336552338, 0.18509213009213013, 0.30544716394716376], [0.25080039127539133, 0.2767094124829418, 0.17335138978668396, 0.29913880645498275], [0.207903054461878, 0.29765758685758686, 0.2266055833055834, 0.2678337753749519], [0.30868144078144083, 0.2514227994227996, 0.18558398268398274, 0.25431177711177727], [0.2015313908313909, 0.3424803549391785, 0.20271332556332547, 0.2532749286661053], [0.19978730158730162, 0.3307684537684537, 0.18004093129093132, 0.2894033133533135], [0.1986395659895661, 0.31576065776328954, 0.22962991000227856, 0.2559698662448661], [0.21976449661449665, 0.27463673548673556, 0.2353986513486516, 0.2702001165501165], [0.2406164724164725, 0.2854912420912422, 0.2123070485070486, 0.261585236985237], [0.3031230788819023, 0.3038077513989279, 0.14341513682396045, 0.24965403289520938], [0.2513600102511868, 0.3049383505383506, 0.18994497006261715, 0.2537566691478456], [0.2458690642690643, 0.32350779416661785, 0.19744388193505844, 0.23317925962925973], [0.2304999222999224, 0.28267164502164516, 0.1943809745809746, 0.2924474580974579], [0.27648193473193466, 0.26066481851481854, 0.16849181096681096, 0.29436143578643587], [0.2338169885669887, 0.29899786683904334, 0.2194337273837275, 0.24775141721024102], [0.24248088578088578, 0.291474236874237, 0.1759257797757798, 0.2901190975690976], [0.2210004309416076, 0.3128856643356642, 0.17954314019314024, 0.2865707645295881], [0.23807458097458106, 0.2738664613164615, 0.23981706071706088, 0.248241896991897], [0.2659256521256522, 0.32339335109335093, 0.1375807525807526, 0.2731002442002442], [0.3091627686039451, 0.3557386136739079, 0.11244785769785771, 0.22265076002428966], [0.262917086508263, 0.24571582306582315, 0.14319115524997883, 0.3481759351759353], [0.24870916305916324, 0.30294999999999983, 0.1680180375180376, 0.2803227994227995], [0.2164905094905096, 0.33901981351981353, 0.1987209457209458, 0.2457687312687314], [0.17464131424131438, 0.30004281274281275, 0.23317034632034642, 0.2921455266955266], [0.20907043512043522, 0.33176735486735487, 0.19211034521034537, 0.26705186480186494], [0.2205722444222445, 0.30971354560472214, 0.20039291656056357, 0.26932129341246974], [0.23815903540903552, 0.23971228216228224, 0.2055382201132202, 0.3165904623154623], [0.23110369907869913, 0.25802358752358767, 0.18759132811632823, 0.3232813852813854], [0.22211993561993565, 0.2766850760350761, 0.2003599364687601, 0.30083505187622844], [0.300623914973915, 0.2649625430125431, 0.15389469974469971, 0.28051884226884244], [0.21554533799533807, 0.2794411255411257, 0.20745294427794433, 0.29756059218559233], [0.1996143800643802, 0.34584556913674575, 0.1816261183261184, 0.272913932472756], [0.21462716172716179, 0.305935914085914, 0.18969691974691985, 0.2897400044400045], [0.2647440226440226, 0.32049955044955053, 0.15515064380064386, 0.2596057831057833], [0.26426027028527044, 0.2749758362982048, 0.20370103960367125, 0.257062853812854], [0.26653528138528143, 0.2350745088245088, 0.14538528138528148, 0.3530049284049282], [0.2918423520923522, 0.2526972388722389, 0.15940238372738377, 0.29605802530802544], [0.2747734126984127, 0.2693505217005219, 0.1583435592185592, 0.29753250638250633], [0.2746151848151848, 0.2683623376623377, 0.1719166167166168, 0.2851058608058606], [0.21807528860028869, 0.3090452020202023, 0.21675416250416246, 0.25612534687534694], [0.25561393084040157, 0.27324276442511747, 0.1746898748310514, 0.2964534299034299], [0.25094490705373074, 0.2990601268013034, 0.18712475857475863, 0.26287020757020757], [0.2231100379153012, 0.2927484959484961, 0.23804460816960823, 0.24609685796659497], [0.2235325713502185, 0.292377026568203, 0.25415716342481054, 0.22993323865676826], [0.22444468864468875, 0.2677519702519703, 0.21165525585525596, 0.2961480852480852], [0.21594432789432796, 0.281723953823954, 0.24476245421245427, 0.2575692640692642], [0.1658832611832612, 0.3259626151626151, 0.2530886391386393, 0.2550654845154846], [0.22526600621600637, 0.26649108309990666, 0.22112089381207034, 0.28712201687201677], [0.3020353368853369, 0.2648849539349541, 0.1835775890775892, 0.2495021201021202], [0.2814913530913532, 0.2010817238317239, 0.1324063048063049, 0.38502061827061806], [0.2432992527080763, 0.3161568495230259, 0.20864577922077937, 0.23189811854811868], [0.26406053113553124, 0.2555990703740704, 0.2257102397602398, 0.25463015873015876], [0.26656726606726594, 0.2764376123876125, 0.17619579864579882, 0.280799322899323], [0.21687204462204482, 0.278740503940504, 0.18008030858030868, 0.3243071428571429], [0.33207946497946506, 0.28504063159063175, 0.1344869741369742, 0.24839292929292925], [0.2369892884892887, 0.26858433510933516, 0.20087572150072153, 0.2935506549006549], [0.19023729048729057, 0.28995805305805317, 0.24265231435231435, 0.2771523421023423], [0.23273905538905545, 0.23339299034299044, 0.21049196914196922, 0.3233759851259851], [0.2734932539682541, 0.2434703760291995, 0.23694410393528054, 0.24609226606726617], [0.28196307581307595, 0.2754407231657233, 0.1731655927405928, 0.2694306082806084], [0.26632509435009455, 0.2585482164893931, 0.20963499947764666, 0.26549168968286607], [0.25365806415806413, 0.21674319014319013, 0.1884979797979799, 0.3411007659007657], [0.19755591630591643, 0.28519242620124974, 0.21912340241457906, 0.2981282550782552], [0.28175622710622694, 0.2506134920634921, 0.1699447330447332, 0.29768554778554795], [0.3037582695082697, 0.24292564102564101, 0.1672581085581086, 0.28605798090798096], [0.22455550005550015, 0.27950424020424014, 0.2087923160173161, 0.2871479437229439], [0.1976784811593635, 0.2767295232545234, 0.2506979840421018, 0.2748940115440116], [0.26436578699078706, 0.2621296592296593, 0.17918126318126332, 0.29432329059829077], [0.23642505827505841, 0.3120927128427127, 0.18726114718614725, 0.2642210816960817], [0.26487240537240553, 0.27758284215784224, 0.1899113802863802, 0.2676333721833724], [0.2916744089244089, 0.24546574536574545, 0.1955900183150183, 0.26726982739482746], [0.2931323509823511, 0.28083493728493736, 0.1626151570651571, 0.2634175546675546], [0.23572853421088727, 0.25787232767232776, 0.17869963924963933, 0.3276994988671459], [0.2383164224664225, 0.2645250146911912, 0.20372579756844475, 0.29343276527394185], [0.2207082251082251, 0.27269477744477755, 0.22577750582750605, 0.28081949161949166], [0.23740888555888584, 0.2932335997335997, 0.23045327450327466, 0.2389042402042404], [0.17440200910200931, 0.288886224886225, 0.21770200910200926, 0.31900975690975697], [0.22616335331335344, 0.27957866022866024, 0.19179562104562123, 0.3024623654123656], [0.2320011433011434, 0.315712864912865, 0.17936801531801538, 0.27291797646797655], [0.22791890331890347, 0.290878465978466, 0.17184218559218561, 0.30936044511044497], [0.2077068847818849, 0.30813369408369423, 0.19612215284715293, 0.2880372682872682], [0.1962968051556287, 0.32294010238127885, 0.2418265567765567, 0.2389365356865359], [0.25406325341325353, 0.26173954378954384, 0.19299141969141972, 0.29120578310578316], [0.2868493117993118, 0.27136969141969147, 0.19109191364191366, 0.2506890831390833], [0.32915715950715957, 0.2914596015096016, 0.14556126651126663, 0.23382197247197242], [0.23118558500323214, 0.2557727470156264, 0.2056154553049289, 0.3074262126762127], [0.20767792762792767, 0.34428850593850596, 0.1890173826173827, 0.2590161838161838], [0.2218342823842825, 0.3001365023865023, 0.21881861471861477, 0.25921060051060063], [0.20812606951871662, 0.27259634254634263, 0.17824997029114684, 0.34102761764379413], [0.20266692196692196, 0.26537874727611577, 0.21342873968137138, 0.3185255910755908], [0.23354137529137545, 0.24338914039177206, 0.1909767926517928, 0.33209269166506034], [0.2262885281385282, 0.23263095238095247, 0.23516659451659444, 0.30591392496392467], [0.24058818958818978, 0.28934250749250756, 0.20199052059052064, 0.2680787823287824], [0.3140930735930737, 0.3128786435786436, 0.1453136863136863, 0.2277145965145968], [0.2356256854256855, 0.25962532467532473, 0.19427645687645695, 0.3104725330225328], [0.2802029109779111, 0.2733797646797647, 0.17716563991564, 0.2692516844266845], [0.2482085137085137, 0.32189951437451453, 0.17229902042402034, 0.25759295149295164], [0.2096554703466468, 0.28016539767422133, 0.211916842308019, 0.2982622896711131], [0.2244020792932559, 0.27560002497502517, 0.2216194444444446, 0.2783784512872749], [0.28021168276168296, 0.26829267872650236, 0.17876730573348223, 0.27272833277833275], [0.2522818292818295, 0.2534366466866468, 0.18094533244533256, 0.3133361915861915], [0.2492919413919414, 0.26830769671504967, 0.17501344766344767, 0.3073869142295614], [0.18171033411033413, 0.32841175066763284, 0.19619242424242428, 0.2936854909796085], [0.22859008214008222, 0.2438267676767677, 0.21164279609279624, 0.3159403540903542], [0.2565375918199448, 0.22969359333477002, 0.20067610755257828, 0.31309270729270733], [0.24430913489675093, 0.2571836219336219, 0.2140661430073196, 0.28444110016230756], [0.27332655677655676, 0.29690445665445664, 0.1781549506049507, 0.25161403596403603], [0.2779827045503516, 0.2700901320901321, 0.2320493134316665, 0.21987784992785014], [0.21652988400488415, 0.33703542013542015, 0.1612615662115663, 0.28517312964812974], [0.31728952354834716, 0.24850696884814547, 0.14297518037518045, 0.2912283272283274], [0.22411395271395274, 0.254480735930736, 0.2050890775890777, 0.3163162337662337], [0.2393142060553827, 0.29486972112854476, 0.14615058275058276, 0.3196654900654901], [0.2812373931623932, 0.27042199467199485, 0.19825356032856034, 0.25008705183705204], [0.2300017538017539, 0.2826827505827506, 0.22634371739371753, 0.2609717782217783], [0.2951910367410367, 0.2927542846042846, 0.1150537462537463, 0.2970009324009324], [0.22128621933621942, 0.2852201742701743, 0.19457840492840497, 0.2989152014652014], [0.23027787686170045, 0.29330931095048757, 0.17483740981240986, 0.3015754023754026], [0.2138253607503608, 0.27233971861471873, 0.21402593795093808, 0.29980898268398265], [0.22976906067788427, 0.26570496725496723, 0.19617550782550788, 0.30835046424164075], [0.2638537101787104, 0.28102496947496947, 0.1875882617382618, 0.2675330586080587], [0.20891192418692428, 0.2915383058118352, 0.22193694491782737, 0.2776128250834134], [0.26503895353013013, 0.26196571206571206, 0.18283523143523162, 0.29016010296892647], [0.26886529581529583, 0.25726779331779354, 0.17456236541236547, 0.2993045454545454], [0.1896038461538463, 0.27511776001776, 0.20594388944388956, 0.32933450438450446], [0.24457383172383199, 0.3108823593073593, 0.18189580697080712, 0.262648001998002], [0.20920190397837474, 0.2779828909652439, 0.22568832637950298, 0.2871268786768785], [0.229287702493585, 0.27952884337884354, 0.18586447865859648, 0.3053189754689757], [0.22975083837730909, 0.2756094643918175, 0.2429174436674439, 0.2517222535634302]]}, "rewritten": {"ids": ["97105451", "97106591", "97107040", "97107260", "97109080", "97113260", "97116410", "97116790", "98106111", "98106560", "98107210", "98108410", "98111620", "98116090", "98116940", "99105921", "99107500", "99107630", "99107640", "99108000", "99108310", "99108330", "99108580", "99109141", "99109780", "99110050", "99111440", "99112300", "99112531", "99113260", "99119830", "99120010", "100109000", "100109980", "100110050", "100111270", "100111380", "100120780", "101108290", "101108370", "101108950", "101109370", "101110200", "101111310", "101112160", "101112201", "101114020", "101119030", "102108621", "102109840", "102109910", "102110240", "102110690", "102113210", "102116340", "103109021", "103110220", "103110840", "103113101", "103113610", "104111780", "104113240", "104113380", "104114740", "105112130", "105114220", "105115380", "105115720", "105116980", "106113170", "106113830", "106116640", "106116820", "106117790", "106118520", "106118820", "107113550", "107114110", "107114200", "107114321", "107119390", "107120010", "107121640", "107121700", "108114200", "108115250", "108115570", "108115870", "108118291", "108118301", "108118810", "108119550", "109113881", "109114030", "109114220", "109117630", "109119340", "109119450", "109119460", "110113931", "110114610", "110114950", "110115140", "110115250", "110116170", "110116290", "110116441", "110117140", "110117870", "110118450", "110118880", "110120540", "110121500", "111116100", "111116290", "111116640", "111117571", "111119250", "111120280", "111120540", "111121351", "111121410", "112116610", "112116900", "112116990", "112117571", "112117580", "112118820", "112119610", "112120290", "112120540", "112121030", "113117630", "113118690", "113119120", "113119300", "113119950", "113120280", "113120591", "113120780", "113121980", "113122650"], "labels": [0, 1, 2, 2, 2, 1, 3, 2, 0, 1, 1, 1, 3, 0, 2, 1, 0, 2, 1, 2, 2, 1, 0, 3, 2, 3, 3, 0, 3, 0, 1, 2, 1, 1, 3, 2, 3, 1, 0, 1, 2, 1, 2, 3, 3, 0, 3, 3, 3, 2, 2, 3, 0, 3, 3, 0, 2, 1, 3, 2, 3, 2, 1, 2, 1, 3, 1, 1, 0, 0, 1, 3, 1, 1, 2, 3, 0, 1, 2, 0, 2, 1, 1, 3, 0, 1, 3, 3, 3, 1, 1, 1, 0, 1, 3, 0, 3, 3, 1, 1, 1, 0, 0, 1, 0, 2, 3, 3, 3, 0, 0, 1, 3, 3, 2, 0, 3, 1, 0, 1, 0, 0, 1, 3, 0, 3, 0, 0, 0, 1, 3, 0, 0, 3, 3, 1, 0, 0, 0, 0, 2, 2], "predicted_labels": [0, 1, 1, 1, 3, 3, 1, 3, 0, 1, 1, 1, 1, 1, 1, 3, 1, 3, 1, 1, 3, 1, 1, 1, 1, 3, 3, 3, 1, 3, 1, 1, 3, 3, 1, 1, 3, 1, 3, 1, 1, 3, 1, 1, 1, 0, 1, 1, 1, 3, 3, 0, 0, 3, 3, 1, 1, 1, 1, 3, 3, 3, 3, 1, 1, 0, 3, 1, 1, 1, 1, 1, 3, 3, 1, 3, 0, 3, 1, 1, 1, 3, 3, 3, 1, 1, 3, 3, 0, 0, 3, 1, 0, 1, 0, 3, 3, 1, 3, 0, 1, 3, 1, 1, 1, 1, 1, 3, 0, 1, 3, 1, 3, 3, 3, 3, 0, 3, 3, 3, 0, 3, 3, 3, 3, 1, 1, 3, 1, 3, 1, 3, 3, 3, 1, 3, 3, 3, 0, 1, 3, 3], "confidence_scores": [[0.3311968642468644, 0.28970799755799737, 0.1302710678210679, 0.2488240703740704], [0.29164255548373214, 0.30796859529359516, 0.1902847707847709, 0.21010407843790208], [0.23483198468198485, 0.2788708291708291, 0.22646324508824506, 0.25983394105894114], [0.2551573260073262, 0.26376896991897003, 0.260082756132756, 0.22099094794094798], [0.18774772613007903, 0.2742917804417806, 0.2326629731379732, 0.3052975202901674], [0.2468219352542884, 0.275975598910893, 0.19124885833121139, 0.2859536075036075], [0.28071669996670007, 0.2866586746586746, 0.21344634532134532, 0.21917828005328027], [0.24781722754369814, 0.2703297571709338, 0.19982016480251785, 0.2820328504828505], [0.2713015706515706, 0.2515431179931182, 0.22588664113664128, 0.2512686702186703], [0.19652515262515266, 0.3097708569208571, 0.22751094461094476, 0.2661930458430459], [0.21375870240870257, 0.2851884373796141, 0.2326077683754154, 0.26844509183626847], [0.2374302725052725, 0.3310179282705599, 0.1833835220335221, 0.2481682771906457], [0.1660703515438811, 0.2937541430791432, 0.2813534238637181, 0.2588220815132581], [0.22531095571095572, 0.2960503044341281, 0.20208703322820967, 0.2765517066267065], [0.1930953046953048, 0.31915784215784215, 0.23318932178932192, 0.2545575313575315], [0.2500743811743812, 0.2927474969474971, 0.1482276334776335, 0.3089504884004884], [0.2620290709290711, 0.3297919469419471, 0.1638776057276057, 0.24430137640137659], [0.2799488622488623, 0.22590069930069942, 0.19071836774336784, 0.30343207070707073], [0.25298349150849164, 0.3123506077256079, 0.16280826673326682, 0.27185763403263397], [0.20882027694527705, 0.30190231712731713, 0.20845783660783657, 0.2808195693195693], [0.245165367965368, 0.2636641858141859, 0.21388346490111199, 0.27728698131933427], [0.22922395382395389, 0.29426704786441654, 0.2123578439104755, 0.2641511544011546], [0.237751320901321, 0.3005008880008881, 0.2314790376290378, 0.23026875346875364], [0.29880951270951284, 0.32288438228438227, 0.13345045510045508, 0.24485564990564998], [0.2198217393717395, 0.3431474858474859, 0.21590508935508954, 0.22112568542568561], [0.2665355180766944, 0.2717251379339613, 0.18979287934287947, 0.2719464646464646], [0.2500761793761796, 0.27939093161740214, 0.1851213120213121, 0.28541157698510644], [0.2749746780996783, 0.20255415140415142, 0.2162234154734157, 0.306247755022755], [0.2906559329559329, 0.2946489954489954, 0.16579203851703858, 0.2489030330780333], [0.2353386962710492, 0.275849050949051, 0.17309029140793858, 0.3157219613719613], [0.24844542124542135, 0.29057090409590425, 0.20049255466755478, 0.26049111999112007], [0.235894947536124, 0.2777839826839826, 0.21276391223155935, 0.27355715754833404], [0.23322418137418158, 0.28465203407703416, 0.19138093850593857, 0.29074284604284595], [0.19437427572427568, 0.26735177012529965, 0.20483685334273583, 0.33343710080768907], [0.20868421578421592, 0.30480343545343547, 0.23848217893217902, 0.2480301698301699], [0.22492736152736156, 0.29604254079254094, 0.2285198801198802, 0.2505102175602177], [0.2523778110778111, 0.2470120528594214, 0.220610441313073, 0.27999969474969477], [0.24155489787989812, 0.30362687590187587, 0.16605103230103235, 0.2887671939171939], [0.25639001831501845, 0.25993104950604945, 0.17792529415029423, 0.305753638028638], [0.2861534937284939, 0.3080829864579866, 0.15344675324675333, 0.25231676656676655], [0.2163634088134089, 0.28325184639921486, 0.243197232299864, 0.2571875124875125], [0.2253529395441161, 0.2971236041736043, 0.17704451463569118, 0.3004789416465887], [0.227590123765124, 0.31365431512931524, 0.220584077034077, 0.23817148407148417], [0.24224349343466994, 0.28276069486069505, 0.21293344074226447, 0.26206237096237095], [0.21856842601842608, 0.31579000999001006, 0.16111617271617276, 0.30452539127539124], [0.29472977577977577, 0.27664501332001334, 0.14564459984459993, 0.2829806110556112], [0.2695724905813141, 0.2808379600791366, 0.188212853812854, 0.26137669552669546], [0.2489898545898547, 0.28767917082917094, 0.1840011544011545, 0.2793298201798205], [0.2896033050283051, 0.3083555139305138, 0.14955092130092132, 0.25249025974025974], [0.24660028305028314, 0.26972944000444016, 0.20183738761238756, 0.2818328893328893], [0.23426147186147198, 0.25252736152736155, 0.21018402708402723, 0.3030271395271395], [0.3061869408369408, 0.25208799974535273, 0.19837065826330538, 0.24335440115440116], [0.32500650460650465, 0.24182931512931521, 0.17735865245865248, 0.2558055278055279], [0.22411890136007787, 0.26594390250272626, 0.17431524586524597, 0.33562195027195024], [0.212782178932179, 0.27020964035964046, 0.2360963627875392, 0.2809118179206415], [0.2861722999223001, 0.29403360528360534, 0.17313079143079152, 0.24666330336330336], [0.22178862248862263, 0.32605969585969574, 0.18764593184593195, 0.2645057498057499], [0.23798404650904662, 0.31314151404151414, 0.19564227994228017, 0.25323215950715955], [0.25532395382395384, 0.33030937395937404, 0.1797992257742258, 0.23456744644244656], [0.2374178044178045, 0.2647689865689867, 0.22563788988789, 0.2721753191253191], [0.27010972360972374, 0.2705640248640251, 0.1807860750360751, 0.2785401764901765], [0.20526262348762359, 0.26536782106782114, 0.22981493506493514, 0.2995546203796204], [0.21920380175380183, 0.27225400710400727, 0.20735074370074366, 0.3011914474414475], [0.20014335109335119, 0.31152081252081254, 0.21880059940059945, 0.269535236985237], [0.20389603174603174, 0.29927821067821075, 0.23895245310245317, 0.2578733044733045], [0.30563373293373297, 0.27134165279165295, 0.19938364413364426, 0.2236409701409703], [0.2060216200466201, 0.2598591908091908, 0.2275852314352315, 0.3065339577089575], [0.2603180966092731, 0.29048946249828606, 0.17427551337551342, 0.27491692751692753], [0.2392978354978357, 0.3174969696969696, 0.1617733766233767, 0.28143181818181817], [0.27150624930624934, 0.2950297535797539, 0.16549256854256864, 0.26797142857142875], [0.24735223665223677, 0.27435657120657136, 0.20730091020091027, 0.270990281940282], [0.25553675213675225, 0.26291279276279284, 0.2205025030525032, 0.26104795204795217], [0.23490403485403494, 0.2881780627868862, 0.18379066293183946, 0.29312723942723956], [0.21629414556032206, 0.2704105255855258, 0.22178869463869463, 0.29150663421545764], [0.2512520051843582, 0.26783727416374503, 0.22380741284858935, 0.25710330780330787], [0.18962448384948397, 0.3017819125319125, 0.20558328893328903, 0.30301031468531475], [0.27771108891108903, 0.27105038295038314, 0.1758608724608725, 0.27537765567765565], [0.2514293761793764, 0.2590384060384064, 0.17203520368520375, 0.3174970140970142], [0.2082350371850372, 0.3120233266733267, 0.24449836274836284, 0.2352432733932735], [0.2790815795315797, 0.31357616827616835, 0.1338602175602176, 0.2734820346320346], [0.21660739423974734, 0.32860172082819133, 0.2043523460199931, 0.2504385389120684], [0.2355356440944677, 0.2505592685092686, 0.20844135864135876, 0.3054637287549056], [0.21219381100495655, 0.2581383338883341, 0.2001701785142963, 0.3294976765924133], [0.1949635586635587, 0.2980805416805415, 0.19993634143634148, 0.30701955821955823], [0.22559225219225235, 0.31138756243756255, 0.19316687201687208, 0.26985331335331336], [0.24282475857475877, 0.29419904066521724, 0.20036630787513138, 0.26260989288489306], [0.24176898379398398, 0.27419687257187264, 0.1880075535575535, 0.29602659007659027], [0.27149311244311236, 0.25797419965655277, 0.18285309690309706, 0.2876795909972383], [0.3651191752691753, 0.26451252636252637, 0.12934418359418362, 0.2410241147741149], [0.28799141414141416, 0.25793344155844167, 0.16943290043290055, 0.2846422438672438], [0.23966831860949514, 0.24673838383838403, 0.20946184371184393, 0.3041314538402772], [0.23218394383394397, 0.26839759684759706, 0.23373564409446762, 0.2656828152239916], [0.3347157342657344, 0.2971192252192252, 0.1244260850260851, 0.24373895548895563], [0.26841433916960244, 0.3026610389610389, 0.16159954767454776, 0.2673250741948111], [0.2788136086136085, 0.26691734931734934, 0.18230858030858038, 0.2719604617604619], [0.2550508471920237, 0.23623182601712026, 0.2376315739815742, 0.2710857528092822], [0.2353895881895882, 0.2775872183372183, 0.16590310800310804, 0.3211200854700855], [0.17122699800199812, 0.3311696303696305, 0.1924346736596737, 0.3051686979686981], [0.23448756276403343, 0.2739006216006216, 0.19267211203828857, 0.2989397035970565], [0.30081453905571554, 0.2899137659725896, 0.1620779720279721, 0.24719372294372308], [0.21559926739926744, 0.29274470251970264, 0.2146552974802975, 0.27700073260073266], [0.2391774170274173, 0.2402681179931181, 0.19916756854256862, 0.3213868964368967], [0.2350239121989122, 0.2736524170274171, 0.22201056998557003, 0.2693131007881009], [0.2702952880452881, 0.3070421439671441, 0.17637332667332675, 0.24628924131424146], [0.25252952602952616, 0.2897368492618494, 0.16848840881340893, 0.28924521589521585], [0.2637771117771118, 0.2770635031635033, 0.1978356587856589, 0.2613237262737263], [0.26757346738229104, 0.3141934351596117, 0.15948517316017327, 0.2587479242979245], [0.27765865523365535, 0.27285664335664334, 0.15217811077811086, 0.2973065906315907], [0.27696591186591185, 0.26540208680208693, 0.19431071151071155, 0.26332128982128994], [0.22380616964734626, 0.29976866662749035, 0.21219610748728407, 0.2642290562378799], [0.29137564102564106, 0.27728394024276404, 0.13204528804528806, 0.2992951306863071], [0.21727563547563564, 0.33277106259753325, 0.18117183372183385, 0.2687814682049974], [0.22908721866368928, 0.2766278590690355, 0.20515739619857276, 0.28912752606870246], [0.2535214896214897, 0.2606954542189836, 0.21204021109609356, 0.2737428450634332], [0.23097828282828292, 0.2683363192363193, 0.22762594627594634, 0.2730594516594518], [0.2638487512487513, 0.2572809468309469, 0.19380569985569993, 0.2850646020646021], [0.2898828726828726, 0.2807479151567387, 0.17165017760017764, 0.2577190345602111], [0.22818810078810078, 0.28438569661332835, 0.19177809135309146, 0.2956481112454797], [0.2809297380723852, 0.24281786710022008, 0.15762292152292162, 0.31862947330447317], [0.2514066746978512, 0.26310890416772764, 0.19329729355611713, 0.2921871275783042], [0.30914565989565995, 0.2636020895770896, 0.1775913475413476, 0.24966090298590307], [0.23010889665889678, 0.28987050727050734, 0.18867955932955935, 0.29134103674103673], [0.22911405261405277, 0.2923034937284938, 0.1746702908202909, 0.30391216283716305], [0.24699953934953942, 0.26202094572094575, 0.21301461871461877, 0.27796489621489623], [0.21210877455877458, 0.2398651681651683, 0.22322167832167839, 0.32480437895437886], [0.24735543345543357, 0.3427368360397773, 0.15926871233341824, 0.25063901817137113], [0.2122808691308692, 0.302925124875125, 0.19458504273504285, 0.29020896325896345], [0.215609745809746, 0.26616837329337334, 0.20289142246642247, 0.3153304584304585], [0.18110154290154298, 0.31364852369852386, 0.2591959124209125, 0.2460540209790212], [0.2219369852369853, 0.25994193029193025, 0.18360063825063827, 0.33452044622044624], [0.2526529137529139, 0.3113456432456435, 0.1750253746253747, 0.2609760683760684], [0.27138733292850953, 0.23423883893883912, 0.15421352732235089, 0.34016030081030085], [0.2262036669213142, 0.2707764513264514, 0.21338760569495865, 0.28963227605727626], [0.23760144022644017, 0.23261861471861484, 0.17629672827172832, 0.3534832167832167], [0.23905078255078266, 0.3083387001887003, 0.17639491064491078, 0.2762156066156065], [0.24228779553779572, 0.2524461704961705, 0.1944640026640028, 0.3108020313020313], [0.27879245754245746, 0.22024309579309592, 0.17034688089688096, 0.3306175657675657], [0.2589460234210234, 0.22365424297924294, 0.17384203851703853, 0.343557695082695], [0.3060452380952383, 0.2861734709734708, 0.17213040293040296, 0.2356508880008882], [0.20382677322677337, 0.31219212731712764, 0.18289047341547346, 0.3010906260406261], [0.28101415806415797, 0.2791892940392941, 0.1385538073038073, 0.3012427405927406], [0.19767997002997012, 0.2650388741976977, 0.21143058412176066, 0.3258505716505717]]}}