{"test": {"ids": ["106114321", "100112060", "97108520", "100108520", "113122320", "109117150", "98107380", "101117580", "106114150", "110114610", "103120531", "110115250", "101109000", "113122190", "106113360", "101112540", "103118110", "107113180", "102121440", "101111140", "109116441", "109118701", "108121351", "102113981", "100117420", "99109840", "113121190", "103109641", "113120751", "105113260", "108113480", "103111170", "108118060", "111117200", "103113610", "103109021", "99109161", "99109780", "100109360", "101111210", "106119580", "107115250", "112116900", "110117110", "103117200", "107114110", "107118120", "113120591", "97112170", "112119930", "103110220", "104119290", "106116441", "111119250", "110113591", "106118161", "98111620", "111116530", "113120640", "103111110", "103120290", "101119591", "110120190", "111116990", "107119390", "108120700", "111114171", "108115250", "112121010", "104118340", "97105451", "113119340", "111117571", "99108330", "105117351", "100113210", "105116650", "110118930", "100115700", "99111620", "104111380", "99109141", "105119950", "99120010", "103109791", "99109740", "113118820", "110118810", "106115250", "112121030", "113121410", "97116500", "112121430", "110117870", "107114621", "113118111", "107114780", "111121930", "98107010", "98110710", "110120640", "108120260", "106116120", "100111620", "105120280", "104111531", "104116800", "100109311", "109113281", "99108460", "111121190", "104116441", "112116290", "99105921", "112118701", "107121230", "110121450", "113122180", "102121700", "105113190", "111115780", "108115870", "107119950", "109117271", "109119460", "99107300", "97107821", "107114280", "112120670", "98120530", "107115140", "98109311", "104114240", "110118701", "102112301", "112117580", "101110200", "112118880", "103111930", "104112470", "112117571", "109117730"], "labels": [2, 2, 2, 2, 1, 2, 1, 3, 1, 1, 3, 1, 1, 1, 0, 2, 2, 3, 2, 2, 3, 3, 3, 1, 2, 2, 1, 1, 1, 3, 0, 2, 1, 0, 2, 0, 3, 2, 0, 2, 3, 2, 3, 0, 0, 1, 3, 0, 0, 1, 2, 1, 0, 1, 0, 3, 3, 3, 0, 3, 2, 0, 3, 0, 2, 2, 3, 1, 2, 2, 0, 0, 3, 1, 0, 0, 1, 1, 1, 3, 3, 3, 3, 2, 3, 3, 0, 1, 2, 0, 0, 2, 2, 3, 0, 1, 2, 1, 3, 2, 0, 1, 1, 3, 3, 0, 1, 1, 0, 0, 1, 1, 0, 1, 0, 0, 3, 2, 1, 3, 1, 3, 3, 0, 1, 3, 2, 3, 2, 1, 0, 1, 0, 3, 1, 0, 2, 1, 3, 1, 3, 3], "predicted_labels": [1, 0, 1, 3, 0, 1, 2, 1, 3, 3, 3, 1, 3, 1, 3, 0, 3, 3, 1, 3, 0, 3, 1, 3, 0, 0, 1, 3, 1, 1, 1, 1, 0, 3, 3, 1, 3, 1, 3, 1, 1, 1, 2, 2, 1, 0, 1, 3, 0, 1, 3, 3, 1, 0, 3, 0, 1, 1, 1, 1, 2, 3, 3, 3, 3, 1, 3, 3, 2, 1, 1, 3, 3, 1, 1, 3, 1, 1, 1, 3, 2, 1, 2, 0, 1, 3, 1, 3, 0, 3, 1, 3, 1, 1, 3, 3, 1, 2, 1, 1, 3, 2, 0, 3, 1, 1, 1, 0, 1, 0, 0, 1, 3, 3, 0, 3, 2, 1, 2, 3, 1, 0, 3, 1, 1, 3, 0, 3, 1, 1, 3, 1, 0, 1, 0, 1, 1, 0, 0, 3, 1, 0], "confidence_scores": [[0.3118720513318713, 0.3884731731245156, 0.08980951494900156, 0.2098452605946116], [0.32285395604900297, 0.2748424279494831, 0.19345402429731, 0.20884959170420409], [0.2402073620306496, 0.5085563328428817, 0.07359285541109074, 0.17764344971537804], [0.15561212674990343, 0.18334819902262897, 0.25271285254644876, 0.40832682168101886], [0.4226748442436726, 0.11759389616860585, 0.1192335058023839, 0.3404977537853377], [0.2031915424611228, 0.3589192579775639, 0.21778215102890566, 0.2201070485324077], [0.2083860380457578, 0.07125505221152661, 0.5997499856285272, 0.12060892411418843], [0.13786506782348026, 0.39499685332293333, 0.09546161674741822, 0.3716764621061684], [0.25086921256547073, 0.2724922255549171, 0.20132191615616746, 0.2753166457234447], [0.20196968916263647, 0.3279352729414361, 0.1191168010320397, 0.35097823686388774], [0.23354219488523736, 0.3399931332561833, 0.08317159858090067, 0.3432930732776785], [0.17165822374629724, 0.2947872685261376, 0.2903709465964658, 0.24318356113109937], [0.30033266279805304, 0.2430720233186209, 0.12161823247780583, 0.33497708140552035], [0.16772090924889171, 0.4705954308845269, 0.08668851604094947, 0.274995143825632], [0.09183186526289, 0.21219313567701112, 0.056622808527565065, 0.6393521905325338], [0.3758530306163221, 0.1633925434548658, 0.26991977122815203, 0.19083465470066], [0.07540621120830883, 0.14704985943389987, 0.06256297553066119, 0.7149809538271303], [0.0819313248399229, 0.19906413665356915, 0.10336278050450161, 0.6156417580020065], [0.11315224706555486, 0.3353900098982269, 0.2606206716861642, 0.2908370713500541], [0.28927071333137483, 0.25298552174827643, 0.09057078836079482, 0.3671729765595542], [0.46853421507076365, 0.30517126737902495, 0.08939670811133371, 0.13689780943887775], [0.20359691638562144, 0.2371221913621391, 0.10317136860768339, 0.45610952364455604], [0.19235304689692936, 0.3875487984292828, 0.16721650067024144, 0.2528816540035464], [0.29368584608766435, 0.2038139424336838, 0.14372743543471592, 0.358772776043936], [0.4223698627098384, 0.1602394343255551, 0.08309220665515855, 0.334298496309448], [0.3852058875184219, 0.24601367091649898, 0.06972029936545278, 0.29906014219962634], [0.21922278064819534, 0.3669661905729174, 0.14444231985889872, 0.2693687089199885], [0.21255150968644657, 0.2829818377502274, 0.15832637730551313, 0.3461402752578128], [0.1901023325464592, 0.4127098779303338, 0.0762357519959503, 0.32095203752725676], [0.14867999283840258, 0.5038639305657846, 0.09509371784105054, 0.2523623587547622], [0.12374285017939252, 0.3061373616244163, 0.26704675860206556, 0.30307302959412563], [0.2024113194752603, 0.4857169183224781, 0.09961981424511716, 0.21225194795714433], [0.6362646998802144, 0.15416848258381796, 0.05697209641087067, 0.15259472112509698], [0.34527514742414106, 0.14758516190225834, 0.10215245868426234, 0.4049872319893382], [0.25232522897957754, 0.17194058647837174, 0.23443165879015151, 0.3413025257518991], [0.22285250182844316, 0.3297615927588537, 0.1334145529712573, 0.31397135244144597], [0.27340090522983185, 0.27886427501667393, 0.07338293808633199, 0.37435188166716227], [0.1648021644607731, 0.38426691514606764, 0.11205669524940366, 0.33887422514375554], [0.275836011855425, 0.21966688318235958, 0.12228237531488259, 0.3822147296473329], [0.1804303146492926, 0.41622239108964654, 0.14474072396547277, 0.2586065702955881], [0.26833974053279985, 0.32159220222794715, 0.19801341708331993, 0.2120546401559331], [0.2543738430363462, 0.2723026600106322, 0.23611076223734528, 0.2372127347156763], [0.13790629996345777, 0.2216286470887624, 0.40989378456351516, 0.23057126838426475], [0.268372359965546, 0.2510428857668893, 0.31133175272904856, 0.16925300153851616], [0.1480361926377072, 0.40314480698922844, 0.18141966735913168, 0.26739933301393254], [0.3509559119132738, 0.3362052388758388, 0.08915929318469264, 0.22367955602619463], [0.1568896384169858, 0.5129681245105976, 0.09929470719880802, 0.23084752987360876], [0.2560151635824114, 0.276662851981013, 0.13702924444803552, 0.33029273998854014], [0.5927537950126636, 0.11064977243804835, 0.09400422162631643, 0.20259221092297186], [0.2114755585071154, 0.3565295531019453, 0.14906452665446152, 0.2829303617364779], [0.13892289122395376, 0.3260533417952053, 0.20333216797071507, 0.331691599010126], [0.19886285408787685, 0.21219440410040982, 0.17936849990083245, 0.4095742419108808], [0.2898938930511838, 0.38858070119385335, 0.07937273430931086, 0.2421526714456519], [0.38433243505616177, 0.22069555632072624, 0.193254060189563, 0.20171794843354895], [0.15250731061138662, 0.20876122411052048, 0.1993900035859081, 0.43934146169218485], [0.33183200844198785, 0.26850956980746526, 0.14986587838371934, 0.24979254336682766], [0.10393029659073956, 0.37266890527730395, 0.2777935951548154, 0.24560720297714123], [0.27729047706257065, 0.4394775266162348, 0.060849325781783994, 0.22238267053941058], [0.2252645256768525, 0.402857989871066, 0.06047743472160471, 0.3114000497304768], [0.245081237092213, 0.3861405168297064, 0.1331325048040885, 0.23564574127399218], [0.2861015692313191, 0.1150241191208988, 0.46703405108725576, 0.1318402605605263], [0.2165235684838645, 0.2635503141323745, 0.178984553617169, 0.340941563766592], [0.12375685543468629, 0.2585221470830553, 0.22128654954187768, 0.3964344479403808], [0.30764093498357253, 0.09255795715732545, 0.06772920342497483, 0.5320719044341271], [0.13169475185684595, 0.2250578538031446, 0.14943866790426788, 0.4938087264357416], [0.1978447889310257, 0.4992637605331567, 0.10326634752156917, 0.1996251030142485], [0.19373642721879417, 0.16493675057973572, 0.05023996687366298, 0.5910868553278069], [0.08507063657556516, 0.33760931227141233, 0.2143607744845926, 0.36295927666843], [0.12671772140757526, 0.31131736837414903, 0.32285717081688986, 0.23910773940138605], [0.18225210363104785, 0.412239383010223, 0.05680929640194593, 0.3486992169567834], [0.17618130096285656, 0.46461555016024103, 0.1262387084637621, 0.23296444041314032], [0.35837032541081293, 0.1341030437586736, 0.12796813593824305, 0.37955849489227056], [0.12388030134807626, 0.3127631284850575, 0.03719155560449728, 0.5261650145623689], [0.11549863067338792, 0.48711208720761306, 0.2216752433130353, 0.1757140388059638], [0.21527916608248124, 0.34298321298382795, 0.15280306299811738, 0.28893455793557343], [0.24204259319098054, 0.2408860256855094, 0.12007696704609142, 0.39699441407741876], [0.24690014883751676, 0.35696483606571044, 0.1055938394172163, 0.29054117567955645], [0.3028631330708441, 0.3481734314446562, 0.10012991558265699, 0.24883351990184263], [0.20836957214111992, 0.4019220686896206, 0.07875007312748782, 0.3109582860417718], [0.13707691003892136, 0.3126362300047581, 0.2328646064245463, 0.31742225353177417], [0.20167117032489829, 0.11142804455926991, 0.5499924926444699, 0.1369082924713618], [0.19712582052145955, 0.44896173548384244, 0.07962636313401333, 0.2742860808606846], [0.2765110991580427, 0.1717602284032042, 0.40080018793377287, 0.1509284845049803], [0.379344698663124, 0.29073427618442793, 0.12210860672052029, 0.2078124184319279], [0.2931044139406277, 0.41247235188561904, 0.07105770573923398, 0.2233655284345194], [0.33437815357890793, 0.17328724848667193, 0.13392242535177054, 0.35841217258264985], [0.2567825667262102, 0.3638395440364249, 0.07665882889687614, 0.302719060340489], [0.3508182631027978, 0.1649012512441829, 0.1171496323471308, 0.36713085330588857], [0.38153840515296555, 0.2911555048422193, 0.06648987474419304, 0.2608162152606222], [0.19990404467613937, 0.20777240886461373, 0.06421426740385766, 0.5281092790553892], [0.28529106695429246, 0.32493215700869954, 0.08282551695936155, 0.30695125907764653], [0.26098474832994223, 0.3313774271394599, 0.07129656776415215, 0.33634125676644583], [0.1687028132780284, 0.355759460496548, 0.24718010871892304, 0.2283576175065008], [0.2063386197233816, 0.344199921256916, 0.20057605659199976, 0.24888540242770277], [0.17933598767571937, 0.30146216796024966, 0.0981441624860765, 0.42105768187795456], [0.2884734896013138, 0.17581385347942002, 0.17292276115206776, 0.3627898957671985], [0.24551257993491557, 0.4935290495122098, 0.08818612773137752, 0.17277224282149722], [0.11583263426758642, 0.14507746058030527, 0.6103955769637354, 0.12869432818837298], [0.2001749840058987, 0.3487030797825948, 0.28652890361355776, 0.16459303259794877], [0.11179647314646299, 0.3751258837402687, 0.13869388504826693, 0.37438375806500146], [0.10923116610185483, 0.3170784797360674, 0.23036372834723232, 0.34332662581484547], [0.18310140626621643, 0.3150108409173101, 0.3445365433496955, 0.1573512094667781], [0.3353590942582407, 0.2984872694071225, 0.06939464359495245, 0.29675899273968437], [0.26244605696509865, 0.22622721270345358, 0.2191264241067633, 0.2922003062246845], [0.13392601728999803, 0.5638005583247299, 0.0852207221849385, 0.21705270220033349], [0.2270865757784242, 0.33717368727711355, 0.21554046939781393, 0.22019926754664826], [0.30330229201771614, 0.43192213886444064, 0.08818926067874383, 0.1765863084390993], [0.4187870829556382, 0.2448713651113368, 0.05616236173158706, 0.280179190201438], [0.23595507130415017, 0.33779840490726293, 0.1252364606131834, 0.3010100631754035], [0.29812955593047785, 0.24682353296974247, 0.19420199075538233, 0.26084492034439744], [0.41661804533963126, 0.13262833065714838, 0.10033377875771393, 0.35041984524550635], [0.1436749888835745, 0.5219514719424015, 0.10856016472690165, 0.2258133744471223], [0.1665648013754647, 0.20939696937266936, 0.1287549208176879, 0.4952833084341779], [0.12552954814999273, 0.14529135798839832, 0.30076194155066793, 0.42841715231094096], [0.3675826752116576, 0.26575106934131487, 0.057306184347871436, 0.3093600710991561], [0.17295069901971646, 0.31542057823715497, 0.10136526120906815, 0.41026346153406035], [0.07995696031568444, 0.22134836813701314, 0.4602234923330105, 0.2384711792142919], [0.17115490451028717, 0.41710654538735653, 0.1474619511495664, 0.26427659895279004], [0.10982150037723908, 0.12391476585316809, 0.466039491409963, 0.30022424235962997], [0.2269410067571009, 0.27196695307788527, 0.21058103432825986, 0.2905110058367539], [0.20741723390314257, 0.46780972981345487, 0.057594925220222845, 0.2671781110631798], [0.5062765945674753, 0.20593045312793803, 0.0709749486029797, 0.21681800370160687], [0.26806342695377433, 0.2741677995683506, 0.18248801379540375, 0.2752807596824714], [0.16688908485074017, 0.34895173646455513, 0.23475884817054865, 0.24940033051415608], [0.10314283684197538, 0.5906297973054063, 0.08957366433999416, 0.216653701512624], [0.3858401326003199, 0.14065983686771127, 0.07099789606726643, 0.4025021344647023], [0.44958052878455235, 0.16734662682903362, 0.08157696563156422, 0.30149587875484984], [0.1818213821510903, 0.2772231330639726, 0.25148240237650354, 0.2894730824084337], [0.15632498291583324, 0.41263842673600754, 0.23992708988761985, 0.19110950046053943], [0.22344726873827983, 0.32917716094883265, 0.3141020733488509, 0.13327349696403662], [0.23974653578439148, 0.09106420035407356, 0.07508919677528499, 0.59410006708625], [0.1163193880356974, 0.5812563422960648, 0.06828534503583725, 0.23413892463240038], [0.3183547137593099, 0.24763191230216877, 0.23622559539633017, 0.19778777854219123], [0.3815974604544613, 0.42711247277905307, 0.08554094191965139, 0.10574912484683409], [0.3332634058613664, 0.318167232110958, 0.06115845603068172, 0.287410905996994], [0.16268265905005985, 0.3081809856458682, 0.24539192773751398, 0.283744427566558], [0.1124149113683215, 0.5756192247925886, 0.09686621755765389, 0.21509964628143596], [0.3852819596693489, 0.12603286207775516, 0.19247266282924744, 0.2962125154236485], [0.4723441289388022, 0.2454549268810487, 0.14904273943458576, 0.1331582047455634], [0.08143790855453778, 0.21376071826174797, 0.08285685097632026, 0.6219445222073939], [0.154653440740421, 0.38119432128890374, 0.24962284866140524, 0.21452938930927018], [0.41881845638526294, 0.31353417906306785, 0.049587050472067795, 0.2180603140796013]]}, "rewritten": {"ids": ["97105451", "97107821", "97108520", "97112170", "97116500", "98107010", "98107380", "98109311", "98110710", "98111620", "98120530", "99105921", "99107300", "99108330", "99108460", "99109141", "99109161", "99109740", "99109780", "99109840", "99111620", "99120010", "100108520", "100109311", "100109360", "100111620", "100112060", "100113210", "100115700", "100117420", "101109000", "101110200", "101111140", "101111210", "101112540", "101117580", "101119591", "102112301", "102113981", "102121440", "102121700", "103109021", "103109641", "103109791", "103110220", "103111110", "103111170", "103111930", "103113610", "103117200", "103118110", "103120290", "103120531", "104111380", "104111531", "104112470", "104114240", "104116441", "104116800", "104118340", "104119290", "105113190", "105113260", "105116650", "105117351", "105119950", "105120280", "106113360", "106114150", "106114321", "106115250", "106116120", "106116441", "106118161", "106119580", "107113180", "107114110", "107114280", "107114621", "107114780", "107115140", "107115250", "107118120", "107119390", "107119950", "107121230", "108113480", "108115250", "108115870", "108118060", "108120260", "108120700", "108121351", "109113281", "109116441", "109117150", "109117271", "109117730", "109118701", "109119460", "110113591", "110114610", "110115250", "110117110", "110117870", "110118701", "110118810", "110118930", "110120190", "110120640", "110121450", "111114171", "111115780", "111116530", "111116990", "111117200", "111117571", "111119250", "111121190", "111121930", "112116290", "112116900", "112117571", "112117580", "112118701", "112118880", "112119930", "112120670", "112121010", "112121030", "112121430", "113118111", "113118820", "113119340", "113120591", "113120640", "113120751", "113121190", "113121410", "113122180", "113122190", "113122320"], "labels": [0, 2, 2, 0, 2, 3, 1, 1, 2, 3, 1, 1, 3, 1, 0, 3, 3, 3, 2, 2, 3, 2, 2, 1, 0, 3, 2, 0, 1, 2, 1, 2, 2, 2, 2, 3, 0, 1, 1, 2, 1, 0, 1, 3, 2, 3, 2, 3, 2, 0, 2, 2, 3, 3, 0, 1, 0, 1, 1, 2, 1, 3, 3, 1, 0, 3, 3, 0, 1, 2, 2, 1, 0, 3, 3, 3, 1, 3, 0, 2, 0, 2, 3, 2, 3, 0, 0, 1, 3, 1, 1, 2, 3, 0, 3, 2, 0, 3, 3, 1, 0, 1, 1, 0, 3, 3, 1, 1, 3, 0, 3, 3, 1, 3, 0, 0, 3, 1, 1, 1, 0, 3, 3, 0, 0, 1, 1, 2, 2, 0, 2, 1, 0, 0, 0, 0, 1, 1, 0, 2, 1, 1], "predicted_labels": [3, 0, 1, 3, 0, 2, 2, 3, 2, 1, 1, 3, 0, 3, 3, 1, 3, 3, 2, 0, 3, 1, 3, 3, 3, 1, 3, 1, 3, 3, 1, 3, 0, 2, 1, 3, 1, 1, 1, 1, 3, 1, 1, 1, 1, 1, 1, 1, 3, 1, 3, 1, 1, 1, 3, 3, 0, 1, 1, 1, 1, 1, 1, 1, 2, 1, 1, 0, 0, 1, 1, 1, 3, 0, 1, 3, 1, 1, 0, 3, 3, 3, 1, 3, 3, 2, 1, 1, 3, 1, 1, 1, 1, 0, 1, 2, 1, 3, 3, 1, 3, 1, 2, 2, 1, 1, 0, 1, 1, 1, 3, 3, 3, 1, 3, 3, 0, 1, 0, 2, 3, 1, 1, 0, 1, 1, 2, 1, 1, 3, 3, 1, 3, 1, 1, 1, 1, 1, 1, 1, 2, 3], "confidence_scores": [[0.20354022565381133, 0.2653744411330119, 0.16535899287664965, 0.3657263403365272], [0.4547097683673624, 0.2151978148878487, 0.1215895012907384, 0.20850291545405059], [0.2008141953359319, 0.4523511257318269, 0.12222727200721213, 0.22460740692502904], [0.19148399817363881, 0.26503980138761624, 0.16102998609383792, 0.3824462143449072], [0.33515414085393175, 0.195364111923447, 0.16914588598017194, 0.30033586124244954], [0.22781747149274353, 0.2909867219014668, 0.2972639333098461, 0.1839318732959435], [0.21934774122921058, 0.25133655304696895, 0.27701743201356455, 0.2522982737102559], [0.16804802800589322, 0.32016917701797104, 0.07641376530421246, 0.43536902967192326], [0.2070034817563398, 0.2406825275042061, 0.3028681123991234, 0.24944587834033097], [0.11650714270484057, 0.4466848234074101, 0.15668183665805138, 0.28012619722969795], [0.1937757654598989, 0.4905104171032687, 0.09659254321742357, 0.21912127421940883], [0.08568060585482927, 0.20156360441715668, 0.12081859760605683, 0.5919371921219573], [0.4633438140982592, 0.23400411711973051, 0.10561910680988407, 0.19703296197212627], [0.22919520267874316, 0.31956668940181, 0.11741660396750155, 0.3338215039519454], [0.21195174916664952, 0.2741262919873243, 0.22354810362858962, 0.29037385521743647], [0.21407028009182788, 0.3740931280763968, 0.18411649057965798, 0.2277201012521173], [0.14095524358675052, 0.2968030316714037, 0.16890513221667974, 0.39333659252516606], [0.16943752768671438, 0.2579253289775327, 0.13946396874244976, 0.43317317459330323], [0.13589395393316286, 0.16630034877426345, 0.4612759933237143, 0.2365297039688594], [0.34099548845562977, 0.20991482819191562, 0.14171379298804443, 0.30737589036441026], [0.07597926458328295, 0.2833977157560928, 0.06350013967313331, 0.5771228799874909], [0.22717761751849014, 0.4092429809989424, 0.12880959506188366, 0.23476980642068387], [0.22866389651221836, 0.251950921530295, 0.18337150075333128, 0.33601368120415526], [0.23633821800359944, 0.2788695853918861, 0.05800189862816157, 0.42679029797635276], [0.16616450534102795, 0.3023338834584301, 0.1380796460339387, 0.3934219651666032], [0.28780624429895413, 0.29236262933724577, 0.2302641582466266, 0.18956696811717344], [0.20816520829649549, 0.2584568679996313, 0.14421114947133315, 0.3891667742325401], [0.1624443409762414, 0.37485433739402, 0.1213547025257043, 0.34134661910403435], [0.2673386469573505, 0.3167444584431819, 0.05407797349001047, 0.36183892110945726], [0.18967983616128226, 0.31334444598790673, 0.10542491160541861, 0.39155080624539235], [0.16392516201625187, 0.5050114937008765, 0.11189177677718828, 0.21917156750568353], [0.0932820889365607, 0.32111482119637946, 0.10045447813325452, 0.4851486117338053], [0.389223074342826, 0.2142086375621634, 0.09658295240972127, 0.2999853356852891], [0.18629708612719767, 0.2374810579078628, 0.3179804099208959, 0.2582414460440437], [0.21784890552997774, 0.3501391087836513, 0.14740365973058986, 0.28460832595578117], [0.23492501814756972, 0.23179873134883391, 0.06977722061936326, 0.4634990298842331], [0.2749795576329599, 0.3395531016618039, 0.13004816186436852, 0.2554191788408677], [0.0809596401324709, 0.45632552386676145, 0.09480476678484029, 0.3679100692159274], [0.09992012299526762, 0.43832571732422965, 0.04782812683692493, 0.41392603284357793], [0.11401653863741194, 0.42198299043107795, 0.22985336144956203, 0.234147109481948], [0.14556515042832824, 0.2580851919627347, 0.13064746840018446, 0.4657021892087527], [0.15980501496946195, 0.37800231665036893, 0.14088372662694798, 0.3213089417532212], [0.17069545058153474, 0.4981654339124493, 0.11262788022289438, 0.21851123528312183], [0.16546056572261517, 0.5111836408376607, 0.16792293372286407, 0.15543285971686008], [0.16575700818768116, 0.43595006271500797, 0.08992263547126964, 0.3083702936260412], [0.25167605377246155, 0.2801855004485234, 0.1978366967723493, 0.2703017490066657], [0.316709423087003, 0.4117174677106157, 0.08218079512548788, 0.1893923140768935], [0.16857693772807783, 0.5778265758272398, 0.1227082793168185, 0.13088820712786386], [0.21340634715215479, 0.33878628396789984, 0.0996822008876193, 0.34812516799232607], [0.1889240897692665, 0.4339849753596561, 0.10760143254869989, 0.26948950232237734], [0.14912892869311858, 0.2956718945405514, 0.14243613280773318, 0.41276304395859686], [0.09902426273533395, 0.38894533951201193, 0.23984160422350573, 0.2721887935291485], [0.22818585033928504, 0.3803248491087491, 0.19371693409237728, 0.19777236645958854], [0.20153922687448922, 0.3367475870641085, 0.1910269795815583, 0.2706862064798441], [0.19893753575256276, 0.3572773968906025, 0.07857061890752319, 0.36521444844931183], [0.1550763906985349, 0.26508413089282395, 0.08897106523826591, 0.4908684131703753], [0.36682123710418146, 0.22913844740565487, 0.1243054224831496, 0.2797348930070142], [0.18317107656728102, 0.6136184744480087, 0.07293998003626921, 0.13027046894844124], [0.35732329818117176, 0.3829840891647547, 0.06941510147101308, 0.1902775111830605], [0.16325078023439632, 0.45005334950501497, 0.06580648307876091, 0.32088938718182775], [0.23075379175762492, 0.33696534473894, 0.22060805799088365, 0.21167280551255138], [0.22253663279376545, 0.36629016439081385, 0.1736916806723815, 0.23748152214303947], [0.2508443560527844, 0.367669070614191, 0.09602871074816027, 0.2854578625848643], [0.10423045756601323, 0.41376187565667105, 0.25086040358240114, 0.23114726319491466], [0.14208974479337494, 0.3044414499997928, 0.41387578644801953, 0.13959301875881286], [0.22717193606982344, 0.3312552724098215, 0.1936960848584512, 0.24787670666190384], [0.1641504083989811, 0.3991592671303257, 0.17750204704397404, 0.25918827742671935], [0.3555835788021339, 0.29330378383965566, 0.15414283419047328, 0.19696980316773705], [0.4606142579199624, 0.24536889714900212, 0.0841127212387588, 0.20990412369227665], [0.29933717008600247, 0.3727567048870707, 0.09032097163431602, 0.23758515339261085], [0.09896215464405873, 0.666899779517317, 0.08841741594725339, 0.14572064989137076], [0.13813225449279357, 0.556158931243798, 0.09732207939652338, 0.20838673486688505], [0.16637865402037502, 0.22545095590665243, 0.1985939963527426, 0.40957639372023], [0.37163661142276455, 0.3050647881988632, 0.09862673251437197, 0.22467186786400037], [0.3078706945699848, 0.32872004085248135, 0.14049655750147402, 0.22291270707606], [0.22482139006504115, 0.27008315426199686, 0.09602026667191994, 0.40907518900104217], [0.19122102823805145, 0.3046289687979703, 0.21789267332701495, 0.2862573296369633], [0.20272509762870256, 0.40462282565332763, 0.11906437441535943, 0.2735877023026103], [0.3220144680305901, 0.29338848579926824, 0.09096036687712789, 0.2936366792930138], [0.12952685473155473, 0.32703559519755304, 0.060160922017772345, 0.4832766280531199], [0.13642834416230615, 0.13551300025458435, 0.09204241980729158, 0.636016235775818], [0.16705010521387495, 0.21741040866819364, 0.2669765427972891, 0.3485629433206423], [0.2125390602920546, 0.3427866708966884, 0.1728006655024233, 0.27187360330883387], [0.1429029810472702, 0.3574806183216963, 0.09971162904405048, 0.39990477158698295], [0.1535032587465821, 0.2910148895328803, 0.25568369003630964, 0.29979816168422807], [0.17711300778298458, 0.259139746447412, 0.2824051449324983, 0.2813421008371052], [0.13910437587841426, 0.3569166303577106, 0.18663141688526905, 0.3173475768786063], [0.18891104785249277, 0.43572473512713333, 0.1694196064298105, 0.20594461059056335], [0.24313457968793717, 0.2186359911182549, 0.16856457489624674, 0.3696648542975613], [0.20466273408110924, 0.5227062829238187, 0.06109597254993287, 0.21153501044513906], [0.20337613152050513, 0.442625046896508, 0.15194365288784878, 0.20205516869513823], [0.26314286927171987, 0.33168350641230504, 0.1421450736578227, 0.2630285506581524], [0.22061706519300855, 0.37604046403664537, 0.1898714322097368, 0.21347103856060937], [0.3745431128390748, 0.218551425843691, 0.1565226771430602, 0.250382784174174], [0.12028095561979053, 0.6714646597129963, 0.06444743970509163, 0.1438069449621217], [0.13584919174860038, 0.2874265952770119, 0.45157330068178164, 0.12515091229260603], [0.19912358801088487, 0.38501605206789974, 0.20047307138902198, 0.21538728853219347], [0.07165960102529648, 0.13965814070140314, 0.265627872603625, 0.5230543856696753], [0.16125524958838863, 0.2561269102923758, 0.19816301765162475, 0.384454822467611], [0.13412803841776214, 0.49681042554142085, 0.08510127597137743, 0.2839602600694396], [0.1904729923549989, 0.27441536446963316, 0.09497851724934822, 0.4401331259260196], [0.23534270192621004, 0.4643395754935424, 0.133526234087856, 0.16679148849239162], [0.22855246007847635, 0.261566962571988, 0.3157945250300875, 0.19408605231944817], [0.12013275489213515, 0.19662492051157268, 0.3772346895610881, 0.306007635035204], [0.11859786308623944, 0.3112426222075083, 0.26235207305293906, 0.30780744165331314], [0.1687624745451944, 0.4284537255344629, 0.1665729309818523, 0.23621086893849036], [0.45235699625691966, 0.089643472589484, 0.21603539171831718, 0.2419641394352792], [0.13895066840074605, 0.43695273138131796, 0.14001452374129494, 0.28408207647664113], [0.12538536870083947, 0.33596050261097343, 0.2570063766077892, 0.28164775208039794], [0.17680965509125993, 0.38666862432614674, 0.12471034204386161, 0.31181137853873175], [0.07221303731935479, 0.25371004621972687, 0.20526063817314033, 0.46881627828777805], [0.1726985946739057, 0.23908612104751695, 0.08957212594572216, 0.49864315833285544], [0.26586042496216006, 0.3059085955763765, 0.08580261154877701, 0.3424283679126863], [0.28224023706408685, 0.38954460213911396, 0.067233616680021, 0.26098154411677815], [0.13382239682894356, 0.3464489174094782, 0.1315702673247621, 0.38815841843681603], [0.18452787135708928, 0.2637169257256523, 0.13542918849991228, 0.41632601441734607], [0.3702195363900949, 0.2004878640371989, 0.10221212444342402, 0.32708047512928223], [0.10563752859427093, 0.5137105423302223, 0.1837830151345266, 0.1968689139409802], [0.4416193923359513, 0.2939049763663135, 0.07329014572691833, 0.19118548557081674], [0.0853160788705724, 0.1818727790749221, 0.43174217734098563, 0.30106896471351974], [0.08682019024922441, 0.3181229207405413, 0.18398030590420308, 0.4110765831060313], [0.16395928516207287, 0.38328381385381627, 0.09089619913690594, 0.361860701847205], [0.16105517961155977, 0.3621763418203541, 0.22814998877360282, 0.2486184897944836], [0.5396922221429191, 0.20022751786144433, 0.10666386005764333, 0.1534163999379932], [0.1686291351901848, 0.4341921213750051, 0.09556174572420219, 0.30161699771060785], [0.1625938062024259, 0.4907967737556476, 0.07453900123972103, 0.27207041880220556], [0.1255885838418314, 0.20029639660839216, 0.5022454605805468, 0.17186955896922984], [0.17934609149294167, 0.37109852764771833, 0.24666877148345367, 0.20288660937588637], [0.22561343043365625, 0.32841476473401165, 0.22685520807526613, 0.2191165967570659], [0.2808702066932824, 0.23693350866338014, 0.1141594375408368, 0.3680368471025007], [0.14433797322921801, 0.31114694803079473, 0.09330730091565144, 0.45120777782433585], [0.24947298083127023, 0.40614200935833283, 0.11150101628110497, 0.23288399352929215], [0.11242893266480453, 0.3507170487920914, 0.0925147735382676, 0.44433924500483624], [0.2319656216696306, 0.26918756213188993, 0.24327123733574138, 0.25557557886273813], [0.1847523411980532, 0.28912567480926715, 0.2760731661107397, 0.25004881788193983], [0.13979735606041355, 0.5561043279786665, 0.07868247395971799, 0.22541584200120207], [0.2121027741486568, 0.32581767587282184, 0.15800897783661833, 0.30407057214190286], [0.17364038677448415, 0.4415596428630921, 0.10293581686631502, 0.28186415349610866], [0.1599402656683221, 0.49011947822972846, 0.0693899828268015, 0.28055027327514787], [0.10866557329875699, 0.3492692640970446, 0.2551702572279045, 0.28689490537629386], [0.11960923719914497, 0.27696302092352554, 0.36511199518563014, 0.23831574669169955], [0.1976352372412588, 0.27376129584227893, 0.0818455203358486, 0.4467579465806137]]}}