{"test": {"ids": ["105120280", "104111380", "102110890", "111116090", "112118550", "110119891", "110118810", "109116441", "109119450", "109113931", "102110500", "110120531", "112120540", "111120540", "112118620", "108116070", "98110230", "102116340", "99111340", "108115500", "98110680", "108114220", "97114170", "107116340", "100116790", "100108260", "113122160", "100111390", "103110220", "113119340", "112116640", "104113000", "110117500", "97107950", "110117870", "104117200", "109120560", "100117420", "106111321", "105115720", "113121950", "112118930", "98116500", "106120290", "103111540", "98120010", "102121440", "101108370", "101121640", "104113380", "104114320", "110118161", "109113591", "108121410", "99107560", "113120531", "105121190", "112118820", "97112170", "112118511", "113122190", "110113591", "99107300", "97112300", "113118231", "108118520", "112117030", "98111620", "101109000", "111119340", "99120010", "107118780", "112119500", "110118740", "101111990", "108114040", "104111620", "97112290", "108114180", "111116750", "111121190", "102109840", "105116441", "100109801", "111116640", "108118060", "112116501", "105116860", "112118860", "105113210", "108117451", "104110960", "101119591", "101110150", "98110710", "110118701", "111119930", "111119150", "110120700", "107112850", "99108010", "109115220", "113120260", "97106820", "109121640", "113122120", "101115190", "111115910", "99107630", "110118181", "106113360", "110114651", "101108950", "103120290", "100108490", "97106600", "105113260", "97105760", "112116810", "100109311", "112121351", "100111380", "105117431", "106114321", "113122180", "105110091", "104118070", "104119340", "103111110", "108121160", "107115250", "107119130", "109118701", "98107010", "104114740", "106114280", "100113210", "111116110", "112116540", "107112840", "101119030", "113119930"], "labels": [3, 3, 0, 3, 3, 3, 1, 3, 3, 1, 3, 0, 3, 1, 3, 1, 3, 3, 1, 3, 2, 3, 2, 3, 2, 3, 3, 2, 2, 0, 0, 1, 1, 2, 3, 3, 1, 2, 0, 1, 3, 1, 2, 2, 1, 2, 2, 1, 2, 1, 2, 0, 3, 0, 1, 0, 2, 0, 0, 1, 1, 0, 3, 2, 3, 0, 2, 3, 1, 3, 2, 1, 2, 3, 2, 0, 0, 1, 1, 3, 1, 2, 1, 0, 0, 1, 3, 2, 3, 3, 2, 2, 0, 1, 2, 3, 1, 3, 2, 1, 2, 3, 3, 1, 0, 1, 1, 2, 2, 1, 0, 3, 2, 2, 2, 3, 3, 0, 3, 1, 0, 3, 1, 2, 2, 0, 2, 1, 3, 2, 2, 1, 3, 3, 2, 3, 0, 3, 1, 1, 3, 1], "predicted_labels": [1, 3, 0, 0, 1, 1, 1, 0, 3, 1, 0, 0, 1, 1, 3, 2, 1, 3, 2, 1, 1, 0, 3, 3, 1, 2, 3, 3, 1, 0, 1, 3, 1, 3, 3, 1, 0, 3, 0, 1, 3, 3, 0, 1, 0, 2, 0, 3, 1, 3, 0, 0, 3, 1, 1, 0, 1, 0, 0, 2, 1, 0, 0, 1, 1, 0, 2, 1, 3, 1, 2, 1, 2, 0, 2, 3, 1, 1, 1, 0, 0, 1, 0, 1, 0, 3, 3, 0, 0, 0, 0, 3, 3, 1, 2, 0, 3, 0, 3, 1, 1, 1, 0, 0, 1, 1, 0, 1, 3, 1, 3, 3, 3, 2, 1, 1, 1, 3, 0, 1, 1, 3, 2, 1, 3, 0, 3, 1, 0, 3, 1, 3, 1, 3, 1, 2, 1, 3, 1, 1, 3, 0], "confidence_scores": [[0.14814189830785543, 0.8474954054610259, 0.00018967383041107395, 0.0041730224007074865], [0.4078174669381783, 0.010116576932303925, 0.001358750005732878, 0.5807072061237849], [0.9792873564199551, 0.004828743816349582, 0.0003255154676160024, 0.015558384296079211], [0.678917794851573, 0.2143116998264041, 3.786354930139877e-05, 0.10673264177272149], [0.1918081060336408, 0.7240309009654012, 0.014176630346451691, 0.06998436265450639], [0.039751879079014146, 0.9599513684102893, 0.00016335524379335907, 0.00013339726690309823], [0.46291468878907005, 0.5339508239099886, 0.002842153084624718, 0.0002923342163165475], [0.9993384214981605, 1.2225857026749597e-05, 1.1322838273560372e-08, 0.0006493413219743654], [0.1183823807000165, 0.018682502616784658, 0.0011838769303410507, 0.8617512397528577], [0.03188734987570201, 0.6638963920583962, 0.006143180110008308, 0.29807307795589344], [0.5559826638195188, 0.049768885925559565, 0.02530374583638431, 0.3689447044185375], [0.9964079990873108, 0.0034639519947059485, 0.00010407866028579275, 2.3970257697287357e-05], [0.003929898378638404, 0.9946729575485906, 0.0012965814258686969, 0.00010056264690213329], [0.39213157032509727, 0.5859738736986047, 0.021880134001769507, 1.4421974528707113e-05], [0.012572577049313754, 0.11911837777765714, 0.0018718157080437673, 0.8664372294649855], [0.04698471711804567, 0.043408675553360164, 0.4781911415633677, 0.4314154657652263], [0.000541205010854389, 0.7137470302121215, 0.00040928744733013803, 0.28530247732969416], [0.0012324781189232603, 0.001893210711606409, 0.001587891223948971, 0.9952864199455214], [0.0020989241005016602, 0.009643230154739531, 0.9604553052851638, 0.027802540459595168], [0.4651850303314357, 0.5119794806381832, 0.018096257840184104, 0.004739231190197046], [0.04711814196914493, 0.9078220102141066, 0.04485983353365139, 0.00020001428309709713], [0.7617345947896504, 0.22340493745218612, 0.001594279924264653, 0.013266187833898746], [1.3150093377698875e-05, 0.007678126894229339, 0.007322063667547176, 0.9849866593448459], [0.1104242512851909, 0.010292851952452121, 0.011696021924342444, 0.8675868748380147], [0.0012190807152286434, 0.9175854390082163, 0.053537507342992396, 0.027657972933562647], [0.20963373176926403, 0.002257035918980681, 0.7037892220688224, 0.08432001024293288], [0.007073016462720502, 0.005176051888151373, 0.0021476271050200843, 0.985603304544108], [0.3639903701685281, 0.001439953229123493, 0.11280737729188, 0.5217622993104685], [0.00023094698359603364, 0.9994206413872131, 0.0003442976589498979, 4.1139702410255675e-06], [0.9761871562509462, 0.02169939464012594, 2.6821182412304814e-05, 0.002086627926515585], [0.008834427564169602, 0.9327221749214015, 8.444684005459289e-05, 0.05835895067437422], [0.01191009805384974, 0.03185818234205924, 0.004764668100841118, 0.95146705150325], [0.2986379480472253, 0.6864157650159775, 0.00012638746204800554, 0.014819899474749265], [0.0057131870852702065, 0.000343712203316148, 0.024833643638473405, 0.9691094570729403], [0.4102464000823639, 0.0040475670178784845, 0.058824430466749136, 0.5268816024330084], [0.001439588317338071, 0.9869754468464058, 0.009126367184469299, 0.0024585976517866115], [0.93001093707826, 0.0021816709559219598, 0.011056799250717522, 0.05675059271510064], [0.06554615599558423, 0.07396127964660336, 0.30250235334230857, 0.5579902110155038], [0.5978588237519419, 0.15589912944202755, 0.0028032008863001405, 0.24343884591973047], [0.036598925012523216, 0.7857218211724871, 0.09846957557014756, 0.07920967824484211], [0.2919398638262623, 0.3313626626406945, 0.00836723951448423, 0.36833023401855897], [0.21953710584412825, 0.048219608313123274, 0.014321133819966962, 0.7179221520227814], [0.9922928761540087, 0.0006034238829205088, 0.00017481737399613703, 0.006928882589074672], [0.001275128517491797, 0.9983114337916914, 9.448153242715357e-05, 0.00031895615838965774], [0.9855355266059862, 0.011510940463051495, 0.0029083615895965126, 4.517134136585137e-05], [0.0069403924515660425, 0.343376492202696, 0.4872202745603476, 0.16246284078539044], [0.7288158824729771, 0.1397947202539093, 0.12525560539769998, 0.006133791875413601], [0.02159898165134654, 0.1251284679960873, 0.0010008312208161809, 0.85227171913175], [0.0017640533789656132, 0.8974327902640303, 0.0003045670176240005, 0.10049858933938018], [0.36153194590884286, 0.0006421516571464556, 0.0005093722888244363, 0.6373165301451863], [0.5090721532784388, 0.35372248211029006, 0.13671748591435912, 0.00048787869691191974], [0.7918399652212578, 0.0006631435715893023, 0.0019298488155361816, 0.20556704239161674], [0.3068472763865665, 0.31472867892784834, 0.0029678571985546063, 0.3754561874870305], [0.24040371721249015, 0.6928566291615427, 0.00045411679948606276, 0.06628553682648114], [0.00014886365083755155, 0.9998281011698154, 1.9038104717965446e-05, 3.9970746289519855e-06], [0.9341859267776531, 0.010777892207518736, 0.008743318408329285, 0.04629286260649888], [0.008076009105231223, 0.7957690656330738, 0.18589592412602385, 0.010259001135670987], [0.9453560949251487, 0.05414565089210034, 4.888432209782169e-05, 0.0004493698606529504], [0.672853737749505, 0.0069916477413777, 0.040250606178405104, 0.27990400833071233], [0.0003490955088145316, 0.16182901771132363, 0.8294541293947033, 0.008367757385158475], [0.0019298337373717515, 0.6709802180377261, 0.2208674837019501, 0.10622246452295195], [0.999300651940992, 0.00046365428974899956, 5.890961549275215e-06, 0.00022980280770964033], [0.8030074990706685, 0.07205632398936752, 0.001628209001509466, 0.12330796793845449], [0.014458045658945559, 0.7573587989429684, 0.1346862245140023, 0.09349693088408362], [0.06453748199475613, 0.6365926577164094, 0.2073218931812395, 0.09154796710759494], [0.9850937462471988, 0.014285255995694081, 0.00048146396599738886, 0.00013953379110968924], [0.13166806548506108, 0.14087754928630047, 0.7045588427763873, 0.02289554245225118], [6.190880390529207e-06, 0.6244177261801845, 0.3642663780160045, 0.011309704923420386], [0.07051622332784155, 0.10671720847249051, 0.003166594834874654, 0.8195999733647933], [0.0026030779469064323, 0.5209476559969672, 0.3932898594000587, 0.0831594066560678], [0.002764556926924599, 0.420897624779799, 0.5640946678057819, 0.01224315048749455], [0.045492718150549026, 0.6369605227233307, 0.010257226542691844, 0.3072895325834284], [0.0005459700949042863, 0.004086456382017187, 0.9944881589201912, 0.0008794146028873942], [0.9994289884058224, 0.0005460693708644963, 2.4197936645786853e-05, 7.442866671813338e-07], [0.029839732559074395, 0.04135579600456318, 0.7666596440072886, 0.16214482742907382], [0.2371060845295878, 0.06375261235177089, 0.07650130718565545, 0.6226399959329859], [0.3284937270957143, 0.42447468371435615, 0.010590962448253157, 0.23644062674167637], [0.012363946846117753, 0.5620615517991329, 0.31904934217869596, 0.10652515917605357], [0.07914215441537478, 0.8566423678787113, 0.0033282919507904773, 0.0608871857551236], [0.5483713035781393, 0.0009101172227988183, 0.0025011141203987054, 0.4482174650786631], [0.9909810301434482, 0.007398873720117344, 0.0015119509632302095, 0.00010814517320409483], [0.08428667237397197, 0.6861655184407988, 0.2127983615017268, 0.016749447683502425], [0.701462183514893, 0.2743392093611222, 0.01540764705927291, 0.00879096006471186], [0.0010119433803293346, 0.8079386900297724, 0.0027737100150787234, 0.18827565657481957], [0.7329266638918714, 0.010984929123728013, 0.09881933947380855, 0.157269067510592], [0.2665028791599935, 0.09097210647577512, 0.06802549805189866, 0.5744995163123328], [0.3166994920140769, 0.011391248560471698, 0.001666565680721469, 0.67024269374473], [0.38958593490377824, 0.3457918727463504, 0.26017533924427394, 0.004446853105597316], [0.39858969188900284, 0.13229150848787496, 0.2845591744807438, 0.18455962514237848], [0.6082304825459041, 0.042646311459420445, 0.003602587412534268, 0.34552061858214134], [0.8225022397890764, 0.00013714246025950792, 0.15109620829999199, 0.02626440945067194], [0.02139717660764517, 0.018913811571741802, 0.07256984856040986, 0.8871191632602031], [0.04953981066973528, 0.022896872754554595, 0.0021210710459034117, 0.9254422455298067], [0.17219691700633896, 0.7778426459682561, 0.022031253049044547, 0.027929183976360294], [1.8145303239662052e-05, 0.0001370624612531153, 0.9959178494077433, 0.003926942827763839], [0.9198451857238549, 0.07899187794599655, 0.00022090384640547603, 0.0009420324837429862], [0.15303670462108446, 0.10738064221620303, 0.03998925629360136, 0.6995933968691113], [0.8745617452239569, 0.09607273747191632, 0.017660617116734, 0.011704900187392788], [0.24678401837276723, 0.022741167027043447, 0.04181649327018591, 0.6886583213300034], [0.0516382298222894, 0.9433581976394911, 0.004937065655351893, 6.650688286752474e-05], [0.04054567462038746, 0.9277067023264176, 0.01857126994541224, 0.013176353107782644], [0.24335204313873152, 0.4137485688441955, 0.045600397492368515, 0.29729899052470465], [0.9452261089577887, 0.0007674817710760411, 0.020399019209230262, 0.03360739006190521], [0.8162681683957552, 0.015333518345475933, 0.02111017919888386, 0.14728813405988486], [0.0990159781739848, 0.8779423079584552, 0.0023162867992764747, 0.02072542706828355], [0.0011444717709222366, 0.9498897420999987, 0.031589957551658526, 0.01737582857742043], [0.7257860801032412, 0.008239488485275647, 0.18337668005936286, 0.0825977513521203], [0.0002483532374481341, 0.9990215066543127, 6.992838029930632e-06, 0.0007231472702093046], [0.0026558539772145394, 0.0009282192354062952, 0.005808450226073438, 0.9906074765613057], [0.1830101958689407, 0.7787538974373233, 0.0382280456680301, 7.861025705835025e-06], [0.025758781183400237, 0.3175939609072059, 0.0001102060931397579, 0.6565370518162541], [0.13992534404463372, 0.12218270389884531, 0.012599800856980412, 0.7252921511995405], [0.005868685400386954, 0.011153850767544478, 0.007837170391140678, 0.9751402934409279], [0.0299108824193591, 0.3074845848460883, 0.49713260159565276, 0.1654719311388997], [0.053563743342735594, 0.6339243028158821, 0.3007198442619733, 0.011792109579408853], [0.01706863592952204, 0.6785312622565521, 2.2198626151116713e-06, 0.30439788195131073], [0.037766934585664595, 0.9055673251912136, 0.019315051179584417, 0.03735068904353727], [0.12694317255597995, 0.04189367396808603, 0.00034031718345254507, 0.8308228362924814], [0.40396532055502465, 0.21848447444572244, 0.3572369787627979, 0.020313226236455085], [0.3415191054655251, 0.4547009325617956, 0.03665254613665083, 0.16712741583602836], [0.08101300982712203, 0.8459070058852226, 0.04161873584470998, 0.031461248442945386], [0.0026919744936836115, 0.3027491177419062, 0.010111497298664366, 0.6844474104657458], [0.01908053281513308, 0.09826309841653295, 0.7610641965376286, 0.1215921722307054], [0.2588931565223981, 0.6818333943836867, 0.00295102015207967, 0.05632242894183565], [0.0007253699146548224, 0.14295083997246366, 0.27816622111699524, 0.5781575689958863], [0.7682413118694145, 0.01675298141043116, 0.001203500695656135, 0.21380220602449826], [0.002789567046085304, 0.0005843389332761545, 0.013109718767134546, 0.9835163752535041], [1.4952172112316268e-06, 0.9920638170063026, 2.6614934909809372e-05, 0.00790807284157644], [0.9372102228321956, 0.0005196527539248637, 0.0016110681236227672, 0.060659056290256745], [0.005643930076484663, 0.06045641905891477, 0.08175106913466249, 0.852148581729938], [0.0028319690283575088, 0.8264001464923528, 0.005460698169066826, 0.1653071863102229], [0.006775986430086654, 0.33244537548095643, 0.02213500352753907, 0.6386436345614178], [0.299677145681055, 0.5913776530936349, 0.02806148102147506, 0.08088372020383512], [0.021201754019839106, 0.2357872597596389, 0.004332914863818206, 0.7386780713567038], [0.00651797649017767, 0.5329677829796382, 0.20998889841225513, 0.250525342117929], [0.20407208955199327, 0.15869476596661036, 0.4545026465532056, 0.18273049792819074], [0.01158733155980145, 0.6274533448284114, 0.20302754500711578, 0.15793177860467136], [0.018729388504296035, 0.04320098724631984, 0.00011212944320473861, 0.9379574948061795], [0.004541551833773611, 0.9369735798370807, 0.02753537270817191, 0.0309494956209737], [0.00020819031156508918, 0.9620255881549987, 0.021591479890200438, 0.01617474164323574], [0.0015236143565751001, 0.013807333694007579, 0.006127393814656587, 0.9785416581347608], [0.6468728410404799, 0.2956273706914171, 0.012624506314094834, 0.044875281954008236]]}, "rewritten": {"ids": ["97105760", "97106600", "97106820", "97107950", "97112170", "97112290", "97112300", "97114170", "98107010", "98110230", "98110680", "98110710", "98111620", "98116500", "98120010", "99107300", "99107560", "99107630", "99108010", "99111340", "99120010", "100108260", "100108490", "100109311", "100109801", "100111380", "100111390", "100113210", "100116790", "100117420", "101108370", "101108950", "101109000", "101110150", "101111990", "101115190", "101119030", "101119591", "101121640", "102109840", "102110500", "102110890", "102116340", "102121440", "103110220", "103111110", "103111540", "103120290", "104110960", "104111380", "104111620", "104113000", "104113380", "104114320", "104114740", "104117200", "104118070", "104119340", "105110091", "105113210", "105113260", "105115720", "105116441", "105116860", "105117431", "105120280", "105121190", "106111321", "106113360", "106114280", "106114321", "106120290", "107112840", "107112850", "107115250", "107116340", "107118780", "107119130", "108114040", "108114180", "108114220", "108115500", "108116070", "108117451", "108118060", "108118520", "108121160", "108121410", "109113591", "109113931", "109115220", "109116441", "109118701", "109119450", "109120560", "109121640", "110113591", "110114651", "110117500", "110117870", "110118161", "110118181", "110118701", "110118740", "110118810", "110119891", "110120531", "110120700", "111115910", "111116090", "111116110", "111116640", "111116750", "111119150", "111119340", "111119930", "111120540", "111121190", "112116501", "112116540", "112116640", "112116810", "112117030", "112118511", "112118550", "112118620", "112118820", "112118860", "112118930", "112119500", "112120540", "112121351", "113118231", "113119340", "113119930", "113120260", "113120531", "113121950", "113122120", "113122160", "113122180", "113122190"], "labels": [0, 3, 1, 2, 0, 1, 2, 2, 3, 3, 2, 2, 3, 2, 2, 3, 1, 2, 2, 1, 2, 3, 2, 1, 0, 3, 2, 0, 2, 2, 1, 2, 1, 1, 2, 1, 3, 0, 2, 2, 3, 0, 3, 2, 2, 3, 1, 2, 2, 3, 0, 1, 1, 2, 2, 3, 2, 1, 0, 3, 3, 1, 1, 2, 1, 3, 2, 0, 0, 3, 2, 2, 1, 1, 2, 3, 1, 1, 0, 1, 3, 3, 1, 2, 1, 0, 2, 0, 3, 1, 3, 3, 3, 3, 1, 0, 0, 3, 1, 3, 0, 1, 3, 3, 1, 3, 0, 2, 2, 3, 3, 0, 3, 3, 3, 1, 1, 1, 3, 1, 0, 3, 2, 1, 3, 3, 0, 3, 1, 2, 3, 0, 3, 0, 1, 3, 0, 3, 1, 3, 2, 1], "predicted_labels": [1, 1, 1, 2, 1, 2, 0, 1, 0, 3, 1, 2, 1, 0, 2, 0, 1, 3, 1, 3, 0, 1, 1, 0, 0, 3, 3, 0, 0, 3, 0, 1, 1, 1, 2, 0, 1, 1, 1, 2, 3, 0, 2, 0, 1, 0, 3, 2, 2, 3, 3, 3, 3, 2, 1, 1, 0, 1, 0, 1, 1, 0, 3, 1, 1, 0, 2, 0, 0, 1, 0, 1, 1, 1, 3, 3, 3, 3, 2, 1, 1, 0, 1, 3, 0, 1, 1, 0, 3, 0, 1, 0, 1, 2, 2, 1, 1, 3, 1, 1, 0, 1, 0, 0, 0, 1, 1, 3, 1, 3, 1, 0, 0, 3, 2, 3, 2, 1, 3, 3, 1, 3, 3, 2, 1, 3, 1, 2, 2, 2, 0, 0, 0, 0, 0, 3, 1, 1, 1, 2, 3, 1], "confidence_scores": [[0.007332032061343, 0.9056147942885842, 9.677299005768163e-05, 0.08695640066001534], [0.012031608827569044, 0.7985434132207553, 0.046028099708678175, 0.14339687824299735], [0.009995070096684475, 0.6877195686180599, 0.011132770285670576, 0.29115259099958507], [0.014873766320760618, 0.040639116956153784, 0.9280938365386261, 0.016393280184459513], [0.048683447312247295, 0.8643950021274713, 0.06799780107289041, 0.018923749487391], [0.0008768163960644526, 0.014723326663739567, 0.9843766508463753, 2.3206093820782135e-05], [0.9035867885094674, 0.010537246807549326, 0.03375683173986186, 0.052119132943121406], [0.00014211681958609595, 0.9242650285882166, 0.07287836939541617, 0.002714485196781104], [0.940899225336351, 0.053400047631784235, 0.0030359230650928524, 0.002664803966771873], [0.00738425385109565, 0.01395878113816576, 0.006162445537969796, 0.9724945194727688], [0.3533375310200296, 0.5724553297130054, 0.07376781914962335, 0.00043932011734155513], [1.5828081639891944e-05, 0.0064304164409119515, 0.8491874570373023, 0.14436629844014592], [1.5417946210133778e-07, 0.9724649263679302, 0.012606516198780846, 0.01492840325382665], [0.5338726422894615, 0.4558755802281582, 0.0008280472524795298, 0.00942373022990072], [0.0017636645186456727, 0.17247083151218012, 0.7335863502108332, 0.09217915375834097], [0.9424569345771595, 0.00026167333344066584, 0.00020792151757398548, 0.05707347057182567], [0.008436894250241835, 0.9915107821019911, 3.793850044951329e-05, 1.4385147317433575e-05], [0.00444513123058789, 0.00038513507443561034, 0.06566174898705085, 0.9295079847079256], [3.059745105500574e-05, 0.9982694134814782, 0.0015264297296309032, 0.00017355933783578004], [0.09014512526475256, 0.03141507617415756, 0.01634324218479422, 0.8620965563762956], [0.8719918019677664, 0.003512482393198074, 0.0018650971806296302, 0.12263061845840594], [0.006149149017817427, 0.9841660094853372, 0.00805558299535887, 0.001629258501486574], [0.28549705824564897, 0.6532401058330563, 0.0607597702866582, 0.0005030656346365753], [0.9058570936906725, 0.008305028537706326, 0.00052755487619825, 0.08531032289542304], [0.5562189488665219, 0.4249654949551324, 0.0006717717036047646, 0.01814378447474092], [0.07449209243936071, 0.009065558418480934, 0.12206816101763356, 0.7943741881245249], [0.00845361841274606, 0.008260983697772398, 0.012475675672997696, 0.9708097222164838], [0.812345815253955, 0.12722290187489785, 0.0497476412295348, 0.010683641641612432], [0.5872990187087151, 0.003465648487906684, 0.3906236157464448, 0.018611717056933277], [0.05340367688854614, 0.007389938946246997, 0.04459270559223485, 0.894613678572972], [0.9913807379860956, 0.000701283111257192, 4.6646158409640264e-05, 0.007871332744237604], [0.001814090778846605, 0.8895279462507405, 0.000615549213603244, 0.10804241375680966], [0.15882085451702546, 0.7808379032045321, 0.0021092040226476103, 0.058232038255794705], [0.10464139890194953, 0.7428688343501995, 0.03265303191865678, 0.11983673482919431], [0.006471749349946795, 0.17041034536453148, 0.6202629265031104, 0.20285497878241132], [0.7870037894630212, 0.09601705067458549, 0.10428843121718218, 0.012690728645211107], [0.07453136558691932, 0.9249450516848999, 1.2853609554471553e-05, 0.0005107291186263296], [0.18680328192421378, 0.7887059317373027, 0.010306181359784701, 0.014184604978698587], [2.850220243393254e-06, 0.8268432034096003, 0.0010656883284624618, 0.1720882580416939], [0.013285742169645289, 0.09979135401262314, 0.6336071365146326, 0.2533157673030989], [0.07821363305168819, 4.694909990854782e-05, 0.000658685562687393, 0.921080732285716], [0.894800631564713, 0.03253411180387286, 0.003705351200838957, 0.06895990543057523], [0.007686029900149892, 0.051691888819345076, 0.9261596120153245, 0.014462469265180392], [0.4537699519659682, 0.11159140158552663, 0.4326497887776411, 0.0019888576708640493], [0.0018513070040602313, 0.9857684198082199, 0.0007236036275892685, 0.01165666956013046], [0.9918390870755049, 0.008112378449454246, 4.826582945456023e-05, 2.686455863832584e-07], [0.01692716825505192, 0.0005938155135940428, 0.35716715599771687, 0.6253118602336372], [0.0005508429169568801, 0.12403820302332387, 0.8548721556948939, 0.020538798364825334], [0.2334031439211912, 0.090421725737659, 0.5938485897013192, 0.08232654063983069], [0.08110905597828688, 0.014953611499771757, 0.00521247559991861, 0.8987248569220229], [0.01701531126397453, 9.781546154661291e-06, 5.511333149021659e-06, 0.9829693958567218], [0.0002559454743661679, 3.8673581040982276e-05, 0.0003357552556135201, 0.9993696256889795], [0.005208724557164753, 0.07766344891095425, 0.16417454726797484, 0.7529532792639062], [0.04407192819051006, 0.006596559118911863, 0.9488412981792104, 0.000490214511367753], [0.002519688590521956, 0.633091117741785, 0.15887999771128689, 0.20550919595640627], [0.000294304302297294, 0.5359350211433757, 0.22481733469360718, 0.23895333986071987], [0.9205042017300141, 2.573636558260114e-05, 0.00172529405351012, 0.0777447678508933], [0.01638151509827631, 0.9321769115389279, 0.027281308909153347, 0.02416026445364236], [0.9791047534061658, 0.0012310597606785833, 0.001828568556521474, 0.017835618276634303], [0.18226765732591438, 0.7939396042048947, 0.007180779875255686, 0.016611958593935185], [0.3826651396606123, 0.6114462278365403, 0.001394602061695836, 0.0044940304411515836], [0.5312661065137325, 0.07067456763541263, 0.21115886357843877, 0.18690046227241613], [0.012814360353210262, 0.29370255396122086, 0.11490628818353041, 0.5785767975020385], [0.2176867558594967, 0.757112015414495, 0.023312219401599256, 0.0018890093244091012], [0.0010214702750981223, 0.9682589059427281, 0.012499634212839695, 0.018219989569334117], [0.9479437379969046, 0.0516689584238654, 6.158449859910478e-05, 0.0003257190806308798], [0.003693835263536228, 0.04052171061420107, 0.9551191324553997, 0.0006653216668629532], [0.5441312310210067, 0.052594799832407, 0.21892369265725278, 0.18435027648933347], [0.9229674365515447, 0.054911695524950975, 0.010541126021585355, 0.01157974190191892], [0.006329089129852529, 0.8816168496550467, 0.012416830209535322, 0.09963723100556524], [0.9949005477225092, 0.004563805282645588, 7.051591247898507e-05, 0.00046513108236611423], [0.02533857858293397, 0.9260428113537482, 0.008463938985605466, 0.04015467107771243], [5.356216283968585e-05, 0.9986603045532181, 0.0005676784963724434, 0.0007184547875698304], [9.786464143604285e-06, 0.9878824895912026, 0.005727590801181704, 0.006380133143472181], [0.0651140481257979, 0.06827572781846065, 0.022885698029489424, 0.8437245260262521], [0.006853977356965385, 0.12062658561807373, 0.0026767085967971307, 0.8698427284281638], [0.26074392526740736, 0.046385252581622224, 8.601842532864557e-05, 0.6927848037256418], [0.012437443535450135, 0.05730019593626579, 0.001243775775885491, 0.9290185847523985], [0.03353511880426628, 0.21392603821102604, 0.6102455509204936, 0.142293292064214], [0.0916496821794371, 0.8898148329404938, 0.009255300932141174, 0.009280183947927964], [0.41878218916663124, 0.5781407071237273, 0.0030660771644864418, 1.1026545155054131e-05], [0.99913139439552, 0.0004392824452717538, 0.00034189535673448943, 8.742780247363552e-05], [0.0067832374195971904, 0.9435150250286319, 0.0005219569938278394, 0.04917978055794304], [0.04912997437550581, 0.020652065038226836, 4.5159570935260805e-05, 0.9301728010153322], [0.8571121504620947, 0.0004725664893888949, 0.06268287456311974, 0.07973240848539662], [0.3404340424322218, 0.6021544642551121, 0.039725334761834354, 0.01768615855083188], [0.25488964663847363, 0.49686761378306377, 0.0008473380732850018, 0.2473954015051776], [0.9119074840811081, 0.058634478184637163, 0.0030985559587675808, 0.02635948177548696], [0.35295034897989236, 0.022409767856652465, 0.0009257422126088845, 0.6237141409508462], [0.6334958227713792, 0.3076309959594523, 0.038005949700542115, 0.020867231568626257], [0.11319052526386854, 0.8293364524408929, 0.01232011263671614, 0.04515290965852241], [0.9952002150732804, 0.00034195714243773044, 1.0880239532627096e-08, 0.004457816904042391], [0.0001382362268939268, 0.9932305036455557, 8.973728966614738e-05, 0.006541522837884368], [0.0017112698642067355, 0.008719579146716708, 0.9437617919518646, 0.04580735903721195], [0.0008436868656709627, 3.174032767672101e-05, 0.9979827068561895, 0.001141865950462704], [0.0005573743955405597, 0.9348810005479964, 4.829013583828553e-05, 0.06451333492062467], [0.040699010497653565, 0.9585060726752224, 0.00015742133169286695, 0.0006374954954311193], [0.1707591950546508, 0.0004081361709942902, 0.044914864645576355, 0.7839178041287787], [0.055541133595979536, 0.9343353426123798, 5.528280782617637e-05, 0.010068240983814607], [0.3812273999622505, 0.5386922431487908, 0.0011235674384519594, 0.0789567894505066], [0.9750133930649227, 0.010382562831694137, 0.004020838404148139, 0.010583205699235036], [0.2647121681191863, 0.6581662210442275, 0.060333052119612804, 0.01678855871697337], [0.6803161092573746, 0.31589271900719934, 0.002679283103622101, 0.0011118886318039064], [0.9995246592589441, 4.446046141720272e-05, 0.00030169682251279876, 0.00012918345712591354], [0.5414175324844883, 0.3193773361690657, 0.002098545724370665, 0.13710658562207534], [0.0009506616063248023, 0.9558012276741364, 0.0012377055173210586, 0.0420104052022177], [0.18230911608447264, 0.7427522125864143, 0.0013793159204913248, 0.07355935540862181], [0.07820660645476576, 0.0013353674700766003, 0.303572489551952, 0.6168855365232057], [0.00012109067680856946, 0.9966285664753411, 0.0007560847425158535, 0.002494258105334412], [0.09284084641179607, 0.14738172245529418, 4.988835379024305e-05, 0.7597275427791196], [0.0011035302423606035, 0.9956394715797472, 6.33066558787306e-06, 0.0032506675123044476], [0.5056868407232992, 0.014276693275192369, 0.03598048385851097, 0.4440559821429975], [0.9978144121992804, 0.0006536429074457597, 9.322676997115368e-05, 0.0014387181233026724], [0.09524624019902865, 0.18588882939180473, 0.0024525254210708293, 0.7164124049880958], [0.00020386341396777248, 0.05753894066893247, 0.9398934005763703, 0.002363795340729477], [0.00021523619595440903, 0.15058744547527528, 0.0030454537378674985, 0.8461518645909029], [0.26861558376260986, 0.22085712394745408, 0.5105057644885581, 2.1527801377957685e-05], [0.3218453119037994, 0.663482516688153, 0.014584103272317945, 8.806813572982033e-05], [0.2217626018261818, 0.017595762499178384, 0.00010628402710743411, 0.7605353516475325], [0.00033167291084686346, 0.07341044508949247, 0.24933786822118967, 0.6769200137784709], [0.021464441443084344, 0.9554837940854268, 0.0056941152291016634, 0.017357649242387318], [0.10671091189036092, 0.056817610795422475, 0.2728111528661499, 0.5636603244480668], [0.1677837189611369, 0.3392814473685757, 0.026535279529061224, 0.4663995541412263], [0.0012461384652145534, 0.36874225562290475, 0.620441581625123, 0.00957002428675771], [0.17636316370397426, 0.40668645578280754, 0.03864795882857618, 0.3783024216846421], [0.00025457028425137745, 0.011499450333144279, 0.0349824969792888, 0.9532634824033155], [0.030622410735743785, 0.9687167625069185, 3.854163668983062e-06, 0.0006569725936688702], [8.241405204885612e-05, 0.14661583202711176, 0.8527672175526013, 0.0005345363682381883], [0.00018409099355810705, 0.000612685315708499, 0.587306255010797, 0.4118969686799365], [0.03840304574509017, 0.27869820822843167, 0.6815710083808445, 0.0013277376456336549], [0.5238546324114984, 0.46351557996515946, 0.010371280428371883, 0.002258507194970207], [0.5523681789302665, 0.0049044763074272135, 0.4019817243160964, 0.04074562044621001], [0.9265864906470763, 0.06595786867262762, 0.007409822024286951, 4.581865600915316e-05], [0.9517664078546587, 0.020050564646468996, 3.731413795620234e-05, 0.02814571336091613], [0.7001011031724376, 0.28665208066648085, 0.0014652635948181557, 0.011781552566263396], [0.4774198881263187, 0.0010543194249872014, 0.007689233632383465, 0.5138365588163107], [0.3074486214415742, 0.6483541630397839, 0.007020791273357306, 0.0371764242452845], [0.2690260844238108, 0.4251437450813086, 0.21321007304746448, 0.09262009744741607], [0.005165578000190859, 0.6529781382748423, 0.3329224577715514, 0.008933825953415311], [0.027471166972799683, 0.10009888569335725, 0.5262066522661601, 0.34622329506768296], [0.0014957289626573267, 0.0037831513822016234, 0.01603974148688227, 0.9786813781682588], [0.14536571577476784, 0.5447665316761764, 0.25864231883407274, 0.05122543371498305]]}}