{"test": {"ids": ["104117630", "97106600", "101112540", "109114651", "98109230", "99119830", "97107950", "103117200", "106121190", "112116990", "109119010", "99108310", "100110050", "100109360", "105115900", "105121190", "97106591", "108120260", "97112300", "103120290", "106116370", "110114720", "98107010", "97106000", "101111210", "103109791", "99111930", "101117580", "98116500", "99111340", "106120290", "110114610", "101110150", "108113620", "97105580", "102112030", "101119591", "109115380", "97116500", "98112170", "111119930", "99112300", "110120640", "111121930", "106119580", "109117080", "97107040", "110114950", "111120531", "111116010", "101112201", "111115400", "109116750", "110121140", "110116170", "112118880", "100111390", "104117200", "113120540", "101108460", "107120260", "97105960", "100113210", "101109120", "112118890", "106113260", "112116900", "99109910", "113121190", "110119300", "101116130", "99105921", "107112840", "113121410", "104113000", "102116500", "111115620", "101108621", "98110710", "105120621", "99117630", "112116540", "97106770", "103112470", "112118581", "109118820", "110116501", "111116411", "108115570", "105117200", "108118060", "111119250", "99112641", "104113240", "97107681", "99121440", "99109860", "112120630", "111116990", "98108370", "106116120", "107118780", "104118340", "109120150", "97105760", "113121220", "111117000", "105112130", "113122650", "99109141", "112116640", "103113101", "106116640", "108121351", "107116300", "104114410", "110114561", "107113260", "102110500", "98107380", "99107300", "108121190", "108119330", "98120530", "98113881", "109116930", "99108460", "110114321", "103111830", "103111110", "113118511", "107114490", "110120560", "111118301", "108120700", "102118380", "113122180", "105113330", "106117790", "102117351", "107114780", "111121220"], "labels": [0, 3, 2, 3, 1, 1, 2, 0, 2, 0, 3, 2, 3, 0, 3, 2, 1, 1, 2, 2, 2, 3, 3, 0, 2, 3, 1, 3, 2, 1, 2, 1, 1, 3, 1, 2, 0, 3, 2, 3, 1, 0, 0, 1, 3, 1, 2, 0, 0, 1, 0, 0, 0, 3, 0, 1, 2, 3, 3, 0, 1, 2, 0, 1, 3, 3, 3, 2, 1, 1, 2, 1, 1, 0, 1, 1, 1, 0, 2, 1, 3, 1, 3, 1, 1, 3, 3, 0, 3, 3, 1, 1, 1, 2, 3, 2, 2, 3, 0, 1, 1, 1, 2, 2, 0, 3, 0, 1, 2, 3, 0, 3, 3, 3, 0, 1, 0, 0, 3, 1, 3, 1, 0, 1, 3, 0, 0, 1, 3, 3, 1, 3, 0, 3, 2, 1, 2, 3, 1, 1, 2, 3], "predicted_labels": [0, 2, 1, 3, 2, 3, 2, 1, 1, 3, 1, 1, 1, 3, 0, 1, 3, 3, 3, 1, 0, 0, 3, 2, 1, 0, 3, 3, 1, 1, 3, 1, 1, 2, 3, 1, 0, 2, 2, 0, 1, 3, 3, 2, 0, 1, 2, 1, 0, 3, 1, 2, 1, 2, 1, 0, 0, 2, 3, 2, 3, 2, 3, 0, 1, 1, 3, 2, 2, 0, 3, 1, 1, 2, 1, 1, 3, 0, 2, 0, 2, 1, 0, 3, 2, 3, 3, 3, 1, 3, 0, 3, 1, 1, 0, 0, 3, 3, 3, 3, 3, 1, 3, 1, 0, 2, 1, 1, 2, 0, 0, 2, 0, 0, 3, 1, 1, 1, 3, 0, 0, 3, 1, 1, 1, 0, 1, 0, 3, 0, 1, 1, 1, 1, 2, 2, 3, 1, 1, 1, 1, 3], "confidence_scores": [[0.8134371514215532, 0.01837111408628244, 0.15342786518223428, 0.014763869309930202], [0.12379765689863072, 0.00041169595686964673, 0.8751926948719949, 0.0005979522725047898], [0.030418489847514253, 0.9408548646100592, 0.024357189420370177, 0.004369456122056449], [0.0029807476176821023, 0.001063673337439415, 0.0005944520720758866, 0.9953611269728027], [0.16302229009447147, 0.00017320075708711062, 0.787684168958885, 0.04912034018955639], [0.0027390123864044673, 0.0024887902496100772, 0.4432807334068893, 0.5514914639570961], [0.03219085139067704, 0.005151560533444821, 0.934128299542677, 0.028529288533201337], [0.08450461855538208, 0.46217841841246965, 0.01028275161126329, 0.4430342114208849], [0.16307056883757096, 0.42465332441713693, 0.02064984945048282, 0.39162625729480927], [0.009633125692750946, 0.12499708327442427, 0.011199924523119425, 0.8541698665097053], [0.23542092613945015, 0.36811542172900746, 0.21471563593165935, 0.18174801619988298], [0.0005174160565966754, 0.9916138359376737, 0.005921623358023087, 0.0019471246477066138], [0.11568227723336598, 0.6433392063072232, 0.18646414540461437, 0.054514371054796444], [0.019375024975008908, 0.000645293146830731, 0.0025118107153353384, 0.977467871162825], [0.9740364189094003, 0.011016307697872306, 0.005244023148991232, 0.009703250243736148], [0.006424467995009964, 0.7322352690876975, 0.06926461776514528, 0.19207564515214712], [0.001079168815313002, 0.016018278732001075, 0.004658650761555505, 0.9782439016911305], [0.0008994614949021718, 0.005701449798665921, 0.004337268031978912, 0.989061820674453], [0.0053730459998204355, 0.0037198658863221968, 0.16294160378310338, 0.8279654843307539], [0.06807544089928481, 0.8469864131479257, 0.07319237726559766, 0.01174576868719165], [0.7083024289764142, 0.0005201700848921987, 0.0934812806316537, 0.19769612030703995], [0.8048422441439799, 0.1810912334808108, 0.005039183588169208, 0.009027338787040097], [0.3274233113457726, 0.010742706595642677, 0.013375451097556997, 0.6484585309610278], [0.1834473862244273, 0.180879692581161, 0.515966183451414, 0.11970673774299773], [0.00023638302258608654, 0.7562572907573585, 0.1871061743682374, 0.05640015185181798], [0.9959565656035446, 3.167587747027738e-06, 0.0009188114570399354, 0.003121455351668541], [0.008297577854761075, 0.023705769739111638, 0.00020572251794255425, 0.9677909298881848], [0.0019436678956788681, 0.00026164048561296726, 0.006233134145422221, 0.991561557473286], [0.008915140523431685, 0.8497074263616415, 0.06725002784368732, 0.07412740527123955], [0.002717604365891946, 0.95339720057325, 0.04373911410684971, 0.00014608095400856272], [0.0007836879208073963, 0.024152379459386992, 0.07584818553068455, 0.8992157470891211], [0.10338511969218384, 0.7387639142885316, 0.1504536257605229, 0.007397340258761717], [0.04780494266582217, 0.7421519743094959, 0.18219682730757233, 0.02784625571710974], [0.060738505079255226, 0.055859645119983384, 0.6172191976351818, 0.2661826521655795], [0.0014644813226741432, 0.019782754544437512, 0.09544638269979394, 0.8833063814330944], [0.030816232270931568, 0.7076975717305071, 0.19603834871147974, 0.06544784728708156], [0.8983907850311487, 0.009098778882923899, 0.01981408049617486, 0.07269635558975239], [0.017915417544490903, 0.02794853886950678, 0.8855363123071153, 0.06859973127888684], [0.10427130449965694, 0.12867179563222916, 0.7596213580704295, 0.007435541797684553], [0.7655201360177215, 0.002154561904616195, 0.0031728025910284625, 0.22915249948663374], [0.002232100278343571, 0.8057916559957568, 0.11020096520789355, 0.08177527851800606], [0.14565618923887955, 0.006166678479573443, 0.007826297304669324, 0.8403508349768778], [0.00658809750996814, 0.005392741485907226, 0.0010465065006929548, 0.9869726545034317], [0.41193092679743337, 0.13772492615047693, 0.4426645846818168, 0.00767956237027283], [0.452195141980613, 0.10147151383571412, 0.24832508453666427, 0.1980082596470087], [0.003175066845043759, 0.814237853468802, 0.14500547919934956, 0.03758160048680458], [0.1007852295109356, 0.02742236615620794, 0.5959160117535554, 0.2758763925793011], [0.01878208746334518, 0.9625327928642102, 0.0020402030793819255, 0.01664491659306273], [0.960710224829784, 0.0134526180513573, 0.0059120846153273435, 0.019925072503531233], [0.021058276604086535, 0.13544124702169733, 0.04257663584627155, 0.8009238405279445], [0.004441737004411704, 0.9942871784856857, 0.00013327511387343222, 0.0011378093960292355], [0.00037857177887837886, 0.179210402520494, 0.7072314262292528, 0.11317959947137478], [0.02326747809555706, 0.697101159626732, 0.12175290184831053, 0.15787846042940035], [0.0024327406050067037, 0.22491833320143423, 0.7568444034280036, 0.01580452276555535], [0.018281591771836244, 0.6656975937499837, 0.18751250846294576, 0.12850830601523422], [0.8475881997735419, 0.0043559930685034285, 0.08697749638174375, 0.061078310776210766], [0.7943951266903616, 0.12127912338781044, 0.05558301054406576, 0.028742739377762273], [0.3705264820342143, 0.1974712630170643, 0.4210127402290186, 0.01098951471970275], [0.07512394048738325, 0.038281284747177215, 0.06278168154194574, 0.8238130932234938], [0.028537174550958465, 0.3428926075267966, 0.6086522519357357, 0.01991796598650919], [0.23674578175697011, 0.001019163671529005, 0.0019402440764543587, 0.7602948104950464], [0.003822578357858578, 0.3120309764800048, 0.6502002664881311, 0.0339461786740055], [0.0004952409300057515, 0.009075517716603681, 0.003854250084557498, 0.9865749912688331], [0.7525892134452838, 0.10183135974074689, 0.015498365048449893, 0.13008106176551948], [0.05097916946961992, 0.7287426520687146, 0.19107290000266042, 0.02920527845900513], [0.03416691267582731, 0.7795935987351205, 0.152012912436753, 0.034226576152299244], [0.050828501313088595, 0.004220764288525415, 4.893082329845814e-05, 0.9449018035750876], [0.008092651023190726, 0.34685086425286105, 0.6421312456899709, 0.002925239033977389], [0.2727091848648218, 0.013207845537470113, 0.6886744465548251, 0.02540852304288301], [0.49970562235355515, 0.14458696803381968, 0.06834709234877985, 0.2873603172638454], [0.00016494856994037725, 0.047124552831982185, 0.008261453539625761, 0.9444490450584516], [0.2516081555893402, 0.657436641782443, 0.01879470862455589, 0.07216049400366092], [0.0025820977077940887, 0.8951161102291251, 0.08772684227164332, 0.014574949791437287], [0.03792677359678823, 0.3075031706673666, 0.5751977033439003, 0.07937235239194484], [0.12407421498644777, 0.4751836107276739, 0.0013508672437421787, 0.39939130704213616], [0.3945944030622361, 0.4716856268821812, 0.048216434265837826, 0.08550353578974479], [0.010380287862631322, 0.06678074863043354, 0.2800292717923818, 0.6428096917145533], [0.8016992926197843, 0.08984201263137552, 0.005289516451981633, 0.10316917829685836], [0.007276962046879889, 0.06691938710750636, 0.9234870792772515, 0.0023165715683621953], [0.9967656643636948, 0.0014644911941354148, 0.0006818549108771993, 0.001087989531292618], [0.19861798497597058, 0.07097375597599127, 0.5087390917456026, 0.22166916730243547], [8.652399054880122e-05, 0.9774595320387006, 0.0012660353715445748, 0.021187908599205964], [0.7903501486282869, 0.09184315899297937, 0.10701675765517257, 0.010789934723561097], [0.007516145669564117, 0.11831000514570554, 0.004056324349072841, 0.8701175248356576], [0.1150245858475632, 0.0311926479470038, 0.6883683253308145, 0.1654144408746185], [0.0019617876971822906, 0.007559428925359449, 0.05614848836892948, 0.9343302950085288], [0.0014969686901945146, 0.012882822750515248, 0.005606036583362171, 0.980014171975928], [0.03261448859772426, 0.0008611863174116703, 0.00025791645324995733, 0.9662664086316142], [0.004837472735474882, 0.9944634264169883, 0.0004387289882119505, 0.0002603718593249581], [0.30500392491581696, 0.05725697249623426, 0.2671515618896845, 0.37058754069826416], [0.5808327980145299, 0.09606001906517318, 0.13673638715188302, 0.18637079576841378], [0.0073851576578064905, 0.001137949547979671, 0.07590615225374733, 0.9155707405404664], [0.008879068571336319, 0.9593404212829962, 0.0299869567502648, 0.0017935533954028073], [0.0015765016761735472, 0.8880262258929238, 0.10406563750234692, 0.006331634928555679], [0.812689889420935, 0.06820520989389114, 0.025290350738938674, 0.0938145499462352], [0.7959621575563938, 0.19648394802739838, 0.004210415250546838, 0.003343479165661044], [0.0032346092430978195, 0.33132518693307567, 0.21963740314480437, 0.44580280067902217], [0.12714284575283719, 0.0009692545318828086, 0.001232638329185393, 0.8706552613860946], [0.0010598867584656545, 0.041301737030193734, 0.00017200605494681372, 0.9574663701563937], [0.054926783048392935, 0.04495473581817419, 0.14120898129947543, 0.7589094998339575], [0.35362047400321484, 0.13748738555005066, 0.07187316853668825, 0.43701897191004624], [0.0229247621112896, 0.4834764056646174, 0.466991307693286, 0.02660752453080694], [0.10084216542392799, 0.1387329459598671, 0.10163268573696964, 0.6587922028792353], [0.012860464724397853, 0.525929454157444, 0.05364455444467221, 0.4075655266734861], [0.990238053617606, 0.0023978670774332865, 0.0058858915747493955, 0.0014781877302113818], [0.02897634457842142, 0.008416917927335702, 0.8689497032927189, 0.09365703420152396], [0.013615043375258068, 0.9366794326190016, 0.03061773279666892, 0.019087791209071534], [2.7424286657458704e-06, 0.9988226541017825, 0.001034104199896065, 0.00014049926965568289], [0.06017284989168625, 0.3192072399021577, 0.48070528216941616, 0.13991462803673993], [0.7820235531045135, 0.170566984378143, 0.04114198879547516, 0.006267473721868296], [0.8110957891545201, 0.12811648797862416, 0.02075537462798905, 0.04003234823886671], [0.019372341339219747, 0.06090353333940798, 0.6420270205797677, 0.2776971047416045], [0.7056492083243732, 0.09902738691095674, 0.001159837347959284, 0.19416356741671062], [0.5278984643199577, 0.18042531736157522, 0.0637095903565967, 0.2279666279618704], [0.008428191501440122, 0.42814839553553546, 0.03276304581649359, 0.5306603671465309], [0.35360388463284803, 0.6045081738136214, 0.01748731546414931, 0.024400626089381244], [0.0002654414833165315, 0.999272287210926, 0.0002802111168610092, 0.0001820601888964385], [0.004016500177968745, 0.8731496670070247, 0.043269578399424684, 0.07956425441558182], [0.3492104100390594, 0.0067461274583505764, 0.04992969361291472, 0.5941137688896754], [0.81103406566814, 0.1540381649587534, 0.033009985419547416, 0.001917783953559246], [0.7695704499107817, 0.2248785700094103, 0.000860488856260969, 0.004690491223546776], [0.2057624518587596, 0.14745493319328273, 0.1800058457382658, 0.46677676920969197], [0.11794674340368615, 0.4823798403097528, 0.015222609651112554, 0.38445080663544845], [0.030815868598841726, 0.9459587540306994, 0.010568323459856543, 0.012657053910602215], [0.008102703166046245, 0.6712411507963145, 0.020547249632436267, 0.30010889640520294], [0.8001496269321187, 0.040094697403931, 0.04150650551781149, 0.11824917014613899], [0.02808990216196356, 0.6963658575102158, 0.18600920588745623, 0.08953503444036444], [0.6536715840949177, 0.058732679415905306, 0.2794315974718768, 0.008164139017300315], [0.20747566052459226, 0.009304576197683804, 0.11326953623612297, 0.6699502270416009], [0.8100327872539146, 0.006299497380615555, 0.030991419795671327, 0.15267629556979861], [0.0008981752971567858, 0.49598004416223157, 0.050206785332332554, 0.452914995208279], [0.02159128653968083, 0.553796667860404, 0.002152598201077156, 0.4224594473988379], [0.0256048347969645, 0.9237404844014644, 0.04337182854784207, 0.007282852253729137], [0.05605265462798013, 0.5488303959415287, 0.0047496003972637086, 0.39036734903322734], [0.17807821400237772, 0.0005228357122069396, 0.6223944294300516, 0.19900452085536374], [0.012603867863124145, 0.14769665930470272, 0.6160148430745677, 0.22368462975760534], [0.12818580872026653, 0.05440851891460174, 0.149727990166553, 0.6676776821985788], [0.0009161834074421207, 0.525973992139589, 0.03434084608262651, 0.43876897837034257], [0.042524665828970375, 0.7267973991822684, 0.08539247119804451, 0.14528546379071694], [0.29324963434272244, 0.6965636435529482, 0.00022077185375600996, 0.009965950250573282], [0.004069398106342381, 0.9912292507987869, 0.004407360400825226, 0.00029399069404566994], [0.017538799195619913, 0.19283114436853552, 0.0421396960580529, 0.7474903603777917]]}, "rewritten": {"ids": ["97105580", "97105760", "97105960", "97106000", "97106591", "97106600", "97106770", "97107040", "97107681", "97107950", "97112300", "97116500", "98107010", "98107380", "98108370", "98109230", "98110710", "98112170", "98113881", "98116500", "98120530", "99105921", "99107300", "99108310", "99108460", "99109141", "99109860", "99109910", "99111340", "99111930", "99112300", "99112641", "99117630", "99119830", "99121440", "100109360", "100110050", "100111390", "100113210", "101108460", "101108621", "101109120", "101110150", "101111210", "101112201", "101112540", "101116130", "101117580", "101119591", "102110500", "102112030", "102116500", "102117351", "102118380", "103109791", "103111110", "103111830", "103112470", "103113101", "103117200", "103120290", "104113000", "104113240", "104114410", "104117200", "104117630", "104118340", "105112130", "105113330", "105115900", "105117200", "105120621", "105121190", "106113260", "106116120", "106116370", "106116640", "106117790", "106119580", "106120290", "106121190", "107112840", "107113260", "107114490", "107114780", "107116300", "107118780", "107120260", "108113620", "108115570", "108118060", "108119330", "108120260", "108120700", "108121190", "108121351", "109114651", "109115380", "109116750", "109116930", "109117080", "109118820", "109119010", "109120150", "110114321", "110114561", "110114610", "110114720", "110114950", "110116170", "110116501", "110119300", "110120560", "110120640", "110121140", "111115400", "111115620", "111116010", "111116411", "111116990", "111117000", "111118301", "111119250", "111119930", "111120531", "111121220", "111121930", "112116540", "112116640", "112116900", "112116990", "112118581", "112118880", "112118890", "112120630", "113118511", "113120540", "113121190", "113121220", "113121410", "113122180", "113122650"], "labels": [1, 0, 2, 0, 1, 3, 3, 2, 3, 2, 2, 2, 3, 1, 1, 1, 2, 3, 3, 2, 1, 1, 3, 2, 0, 3, 2, 2, 1, 1, 0, 1, 3, 1, 2, 0, 3, 2, 0, 0, 0, 1, 1, 2, 0, 2, 2, 3, 0, 3, 2, 1, 1, 1, 3, 3, 3, 1, 3, 0, 2, 1, 2, 1, 3, 0, 2, 1, 3, 3, 3, 1, 2, 3, 1, 2, 3, 1, 3, 2, 2, 1, 0, 3, 2, 0, 1, 1, 3, 3, 1, 0, 1, 2, 1, 3, 3, 3, 0, 0, 1, 3, 3, 2, 1, 0, 1, 3, 0, 0, 3, 1, 0, 0, 3, 0, 1, 1, 0, 0, 0, 3, 1, 1, 0, 3, 1, 1, 0, 3, 0, 1, 1, 3, 3, 1, 3, 1, 3, 0, 2, 2], "predicted_labels": [3, 1, 1, 1, 1, 0, 0, 1, 0, 1, 2, 1, 3, 1, 1, 2, 1, 0, 1, 1, 1, 1, 1, 1, 1, 0, 2, 2, 1, 0, 0, 1, 1, 3, 2, 1, 1, 1, 1, 0, 3, 0, 1, 1, 1, 1, 3, 1, 0, 3, 1, 1, 1, 2, 0, 0, 0, 1, 1, 1, 0, 1, 1, 1, 3, 0, 0, 1, 1, 1, 2, 0, 1, 2, 0, 3, 0, 1, 1, 3, 1, 3, 3, 3, 1, 1, 1, 1, 1, 1, 3, 3, 3, 2, 1, 3, 1, 1, 1, 0, 1, 2, 1, 1, 0, 1, 1, 1, 1, 1, 1, 3, 1, 3, 0, 1, 3, 3, 3, 3, 1, 1, 0, 1, 0, 1, 1, 1, 0, 1, 3, 1, 0, 1, 0, 3, 3, 0, 0, 0, 3, 3], "confidence_scores": [[0.0048873563051468755, 0.010192148326221296, 0.006475237228778226, 0.9784452581398535], [0.22192765865384864, 0.7738728110728307, 0.00026546175789371706, 0.003934068515426837], [0.022001944079144086, 0.913849799994815, 0.00019806652268574193, 0.06395018940335524], [0.055179293946545395, 0.5440253797851681, 0.22151148127565246, 0.17928384499263397], [0.02305396593118665, 0.8859711107335785, 0.04576330530930226, 0.045211618025932626], [0.996277685770239, 0.0016971568572876833, 0.0007091270335193719, 0.0013160303389536693], [0.9122666565268545, 0.016120639355691226, 0.0699161579533164, 0.001696546164137925], [0.06403062100110055, 0.5417141851964304, 0.3362437526535232, 0.05801144114894568], [0.8509172187341182, 0.024028453042406958, 0.09875161873142507, 0.026302709492049853], [0.08558188541864087, 0.46643508112174886, 0.07375880990514581, 0.37422422355446444], [0.020967335233890258, 0.0072546730462431375, 0.5166005885536442, 0.4551774031662224], [0.09330768685076384, 0.8939250446340884, 0.0122181697620719, 0.0005490987530756859], [0.025533782607040638, 0.4710994901195324, 0.0002344793168510869, 0.503132247956576], [0.11458979315343373, 0.5951075176184932, 0.09637603636711904, 0.1939266528609541], [0.022213521152879293, 0.936744400825377, 0.03428796332744675, 0.006754114694296955], [0.017710901396143584, 0.0175661167931851, 0.8818641369013134, 0.08285884490935791], [0.0012070943307902965, 0.5679371955140269, 0.39821676683681123, 0.03263894331837166], [0.5003514098180137, 0.008876646340496171, 0.030696994907857884, 0.46007494893363227], [0.14978519851332542, 0.841578909021137, 0.007528656203981083, 0.0011072362615567113], [0.3082915346506804, 0.468268938970158, 0.01158699188102487, 0.21185253449813693], [0.005706776461448574, 0.9271318495999948, 0.015033236907112044, 0.05212813703144437], [0.05388162694039499, 0.8794135401396748, 0.009217851957079314, 0.057486980962850986], [0.14698777439520397, 0.7811740303361004, 0.0001964294978206106, 0.07164176577087496], [0.0262697953651484, 0.9520831423956494, 0.004489281731674785, 0.017157780507527292], [0.03394136390713241, 0.6292630359765611, 0.3127608176709746, 0.02403478244533187], [0.8636461240199045, 0.13438209468008439, 0.001874195805305828, 9.758549470529312e-05], [0.016288123230962532, 0.36839837257218805, 0.43870368745389016, 0.17660981674295917], [0.010523615508187914, 0.02963360041412978, 0.9558472961517548, 0.003995487925927539], [0.006507359650751126, 0.9785478073688899, 0.011019242236001855, 0.003925590744357024], [0.5553441334346573, 0.04454809763112457, 0.03730614434288837, 0.36280162459132975], [0.9342473962151612, 0.003816751099331469, 0.029127236091018263, 0.032808616594489054], [0.0002231004522165379, 0.9766053603658098, 0.01919952141844515, 0.003972017763528553], [0.03367790018222919, 0.676320418350451, 0.277523052335913, 0.012478629131406871], [0.007018382227701137, 0.3190925384386125, 0.11928960559997538, 0.554599473733711], [0.032643356239596, 0.12165128698294296, 0.5598203691474937, 0.2858849876299674], [0.07855806151009724, 0.5236533883649588, 0.0063540641332084325, 0.39143448599173547], [0.202328082728477, 0.733043248121525, 0.04872339121625278, 0.015905277933745243], [0.009858248650278284, 0.9520629131411468, 0.008871708790280422, 0.029207129418294335], [0.031643772948066425, 0.6306023707659208, 0.005834689675098178, 0.33191916661091453], [0.6116186958480669, 0.13039220843210073, 0.20652289381571667, 0.05146620190411563], [0.006625508996701231, 0.06631921093390947, 0.00364681508393462, 0.9234084649854548], [0.5120955628839151, 0.13251018324169567, 0.057195033518780775, 0.2981992203556085], [0.004209277041396065, 0.6166791310259717, 0.09170060253295467, 0.28741098939967763], [0.0009214053677761057, 0.9414299791475842, 0.05499151724699389, 0.002657098237645897], [0.04117243412199528, 0.9515016263623849, 0.0011298774953547946, 0.006196062020264977], [0.008662404885802935, 0.9800479630711596, 0.011080126003099723, 0.00020950603993778876], [0.14632805273444824, 0.19264705261022833, 0.019071719095593485, 0.6419531755597299], [0.02045870939839938, 0.9306195099694893, 0.0020594921838450104, 0.046862288448266363], [0.9915113381831283, 0.0037041753288041728, 0.00015451267749741712, 0.004629973810570294], [0.05103041408994366, 0.01199016287219469, 0.0081648813139456, 0.9288145417239161], [0.20562859497676442, 0.38809609981193355, 0.38517892355385835, 0.021096381657443746], [0.004939571466693609, 0.8206930620584192, 0.0009049536474241454, 0.173462412827463], [0.10495471166153014, 0.850783685013602, 0.0005487435416876873, 0.0437128597831802], [0.01189413007812931, 0.3129226862288062, 0.6459461589262868, 0.02923702476677769], [0.8723830392458694, 0.061164760819538054, 0.013022277519344424, 0.05342992241524822], [0.7537192092745235, 0.11139396213446551, 0.01428732508074236, 0.12059950351026841], [0.5880288792012721, 0.3447526449716428, 0.057282619312279764, 0.009935856514805394], [0.008771409966607364, 0.7680630900571435, 0.0015770317376110855, 0.22158846823863804], [0.13585279508895257, 0.7635134841259476, 0.07191155021359967, 0.028722170571500158], [0.15567587120620005, 0.6428793781774145, 0.05421533235713126, 0.14722941825925417], [0.540240542900813, 0.4269712775707902, 0.02723284917073273, 0.005555330357664112], [0.0032180594818596946, 0.9412630670810093, 0.003696371439315108, 0.05182250199781577], [0.041888843754781226, 0.6269951047461856, 0.11531402848714171, 0.2158020230118915], [0.11210841278337288, 0.8542355053933989, 0.030875062647739426, 0.0027810191754887], [0.2696494658369245, 0.09008541796082865, 0.030454662898458607, 0.6098104533037884], [0.4612453951359899, 0.14606294777707512, 0.39145594853434407, 0.001235708552590957], [0.7620005020646168, 0.2345355260917154, 0.0022800741254894183, 0.0011838977181785155], [0.003242580222607955, 0.780948992989626, 0.1984191784336229, 0.017389248354143263], [0.0003266671635986106, 0.9933021611910651, 0.00011590242569632578, 0.006255269219639922], [0.06062335500934731, 0.934197013516768, 0.001722751900753556, 0.003456879573131172], [0.34298677404083994, 0.19509641109262452, 0.43570405238972665, 0.02621276247680892], [0.5581290957304539, 0.1656128362420837, 0.00018839422147682563, 0.2760696738059855], [0.179181470319035, 0.7969374743208779, 0.004954266054698963, 0.018926789305388058], [0.3160919559239409, 0.057875949660441545, 0.48668389706152715, 0.13934819735409032], [0.5702233636513476, 0.3903991423814151, 0.0017578284833649426, 0.037619665483872404], [0.43631377586705117, 0.06464418003760689, 0.031778223744703446, 0.4672638203506385], [0.5872231074817454, 0.33875033675922833, 0.0015991625379488937, 0.07242739322107747], [0.00010810264211145715, 0.9974312707436709, 0.0018146865012205005, 0.00064594011299728], [0.03134192187551737, 0.7689960811245188, 0.16596131763612423, 0.03370067936383961], [0.08564260270741397, 0.3533343888160943, 0.12587874402909077, 0.43514426444740095], [0.32622057682426747, 0.6482444308703827, 0.018858229292037215, 0.006676763013312647], [0.00133642606165898, 0.16501607676818653, 0.03276936968539487, 0.8008781274847595], [0.1001995936097612, 0.3626110988600814, 0.09309174418696589, 0.4440975633431915], [0.008688144485310939, 0.22055937052917207, 0.00907760317705539, 0.7616748818084617], [0.00047502319227689355, 0.9953884008528138, 0.002594070637870632, 0.0015425053170387486], [0.0044333258305299115, 0.7770787463547948, 0.14032068536421596, 0.07816724245045924], [0.008002839885283419, 0.9842457487506058, 0.005131307521765773, 0.002620103842344904], [0.118307928281334, 0.4569201387549132, 0.032512813944603064, 0.39225911901914967], [0.4339071799474969, 0.4881878597380595, 0.021270413508584527, 0.05663454680585908], [0.13954952082708022, 0.6578634247337333, 0.17612330984887134, 0.02646374459031513], [0.009469928257696008, 0.3846720942097845, 0.12734345036846098, 0.4785145271640584], [0.002037521611686852, 0.36446816063059856, 0.010285289585805884, 0.6232090281719087], [0.00017467706269197375, 0.002619652041316651, 0.01286221869519847, 0.9843434522007929], [0.11114688178069002, 0.014187982810984677, 0.5176997778754131, 0.3569653575329122], [0.013755472688866947, 0.44255714660345247, 0.14259458920287318, 0.4010927915048074], [0.3943035609558487, 0.09346178116469016, 0.0434330701440218, 0.4688015877354393], [0.003991564734791985, 0.9440365922890349, 0.0028976538465560167, 0.049074189129616926], [0.0926285663035327, 0.7866529502911623, 0.010402317864768659, 0.1103161655405362], [0.00890901764875287, 0.9770357236012953, 0.002436046479210371, 0.011619212270741473], [0.866607549966637, 0.08700237691539749, 0.0007618155914386312, 0.045628257526527036], [0.000691145293391661, 0.994354243356206, 0.002054132319229559, 0.002900479031172726], [0.03631647387409649, 0.20443153929737906, 0.39519559790763803, 0.3640563889208864], [0.31689718434437775, 0.4373156896605555, 0.046525501174803384, 0.19926162482026347], [0.005939282831146744, 0.8947529686744752, 0.015053539455831542, 0.08425420903854669], [0.5746632152058356, 0.40028501648335496, 0.022424445883504212, 0.002627322427305208], [0.0009068795196985364, 0.9944317811884453, 0.0038204486982807624, 0.0008408905935751736], [0.04560519865201326, 0.9036065623887317, 0.004040991074803162, 0.0467472478844518], [0.10991695676620412, 0.8862919946499089, 0.0034470999142463985, 0.00034394866964033505], [0.19925748986693523, 0.7856207973859264, 0.000697265978486204, 0.014424446768652172], [0.037550545049262786, 0.6162923928910183, 0.002915609242870037, 0.34324145281684887], [0.030828521673547906, 0.5902618269995746, 0.001734222106348668, 0.37717542922052877], [0.2572265784226463, 0.22473018749537904, 0.004030185416866002, 0.5140130486651087], [0.1994205982993944, 0.7327684474492201, 0.006455615068406891, 0.06135533918297878], [0.41059025675715594, 0.06789726985824943, 7.298566236955068e-05, 0.521439487722225], [0.47181706173798804, 0.16703029792352694, 0.0004930676529981466, 0.3606595726854869], [0.00421779347437898, 0.9666676041118194, 0.014194751854696737, 0.014919850559105028], [0.014859687666196683, 0.3494685338347559, 0.0023435183972042844, 0.6333282601018432], [4.8712924773190036e-05, 0.020142090527141474, 0.0004925197301754242, 0.9793166768179098], [0.019058906277536314, 0.010970984791393345, 0.0009119097215206832, 0.9690581992095497], [0.3544724730781866, 0.034788988451711134, 0.025999959519036334, 0.5847385789510658], [0.005865959261342643, 0.9215515131805386, 0.0016073630119676871, 0.07097516454615113], [0.00046516156986502454, 0.9922726390442087, 0.006778547606272103, 0.0004836517796542043], [0.85419108536371, 0.0037970685106438126, 0.0015908257405660437, 0.1404210203850803], [0.02994635552231689, 0.9278471059242317, 0.0279231681373582, 0.014283370416093243], [0.7970409816177934, 0.19515141783469003, 0.0006864935991472398, 0.007121106948369471], [0.005910309377016611, 0.9021542078383857, 0.0004129145260762065, 0.09152256825852154], [0.0016375276108879615, 0.48773457063121634, 0.03224029129846025, 0.47838761045943534], [0.051503152322473926, 0.4814832022576057, 0.0064431084991759535, 0.46057053692074434], [0.5575620053465218, 0.3482718757269797, 0.01924008324587536, 0.07492603568062316], [0.0035765467042288756, 0.7482787045503027, 0.006827202779014621, 0.24131754596645394], [0.015432574969433979, 0.02269158850462386, 0.04703256591584472, 0.9148432706100974], [0.016965104550495352, 0.9387211237491417, 0.01881370697564821, 0.02550006472471463], [0.7353962006994917, 0.15629129037891615, 0.01841446181378636, 0.08989804710780566], [0.01735642070415081, 0.5876220642125689, 0.2513914702022407, 0.1436300448810395], [0.4873525816577375, 0.19522322148929377, 0.0051554198885651725, 0.3122687769644036], [0.0314800916750888, 0.3887657369316313, 0.007400751191668205, 0.5723534202016117], [0.1776180382122956, 0.3558948929482027, 0.0015380599410781842, 0.46494900889842367], [0.6273142617071801, 0.2512892831970376, 0.1193554817450763, 0.0020409733507060577], [0.9188854437824497, 0.05108453240250667, 0.013111043695099082, 0.016918980119944534], [0.6584238551238222, 0.2637470934985752, 0.009284528165962301, 0.06854452321164022], [0.03323065332186418, 0.017857563406322205, 0.004723667620646399, 0.9441881156511673], [0.010576283602971125, 0.07646987633901413, 0.012566186879084078, 0.9003876531789308]]}}