{"test": {"ids": ["109121351", "104113240", "113118620", "110115250", "98111860", "101110740", "112116990", "103113101", "105115380", "106113830", "104111990", "102116500", "110117140", "109115211", "108114180", "102109840", "110114720", "105117351", "99111930", "112119610", "108116070", "113121010", "112116451", "113122170", "111114171", "110118930", "104111780", "108116120", "112116501", "106116820", "110113931", "112116290", "105116860", "108118301", "98116090", "111117571", "112120270", "112117790", "109117730", "99110050", "103113610", "111119580", "97107260", "110118450", "101108500", "98106560", "113121810", "111115770", "97109570", "111119950", "107114490", "100111380", "102110500", "101111990", "99107630", "113117401", "108118060", "102113350", "100109801", "107113130", "107113180", "106113170", "98109570", "111114121", "106114011", "108118291", "113118870", "101109120", "103120290", "102112030", "107114280", "108114220", "113118421", "107114140", "107120260", "112119450", "99109840", "113119120", "101115190", "112116900", "105115570", "98107010", "104116800", "113119360", "111119610", "105113480", "112117431", "110117500", "108115250", "101112160", "110120560", "112118530", "106116850", "103111990", "101108460", "107113550", "110121720", "113120601", "104118070", "109116750", "102118380", "99108520", "105115720", "110120190", "109117600", "107120130", "106117790", "110114920", "99109370", "103111830", "112117780", "107120010", "104112201", "108119510", "111120531", "98117740", "106118161", "97106970", "105112260", "113120640", "108113620", "111118810", "107118780", "112117660", "97109080", "98108370", "99108890", "112119580", "105112100", "106112770", "101108290", "99112300", "102113981", "106117770", "105121370", "107114621", "99107500", "101119591", "105115900", "108114670", "101108950", "97107821"], "labels": [0, 2, 3, 1, 0, 3, 0, 3, 1, 1, 2, 1, 3, 0, 1, 2, 3, 0, 1, 0, 1, 2, 0, 1, 3, 1, 3, 1, 3, 1, 1, 0, 2, 1, 0, 3, 0, 3, 3, 3, 2, 3, 2, 0, 3, 1, 2, 3, 0, 0, 3, 3, 3, 2, 2, 3, 1, 3, 0, 1, 3, 0, 1, 0, 1, 3, 0, 1, 2, 2, 3, 3, 3, 2, 1, 3, 2, 3, 1, 3, 0, 3, 1, 0, 2, 0, 0, 1, 1, 3, 0, 1, 3, 2, 0, 0, 3, 2, 2, 0, 1, 2, 1, 3, 1, 2, 1, 3, 1, 3, 0, 1, 0, 1, 0, 2, 3, 2, 3, 0, 3, 0, 1, 0, 2, 1, 0, 3, 1, 1, 0, 0, 1, 0, 2, 0, 0, 0, 3, 3, 2, 2], "predicted_labels": [1, 1, 1, 1, 1, 1, 3, 3, 3, 3, 0, 1, 3, 3, 3, 1, 1, 3, 1, 1, 1, 1, 0, 1, 3, 3, 3, 0, 3, 3, 1, 1, 1, 1, 1, 0, 1, 3, 3, 1, 1, 0, 3, 1, 1, 3, 1, 3, 3, 3, 3, 3, 3, 3, 3, 1, 1, 1, 1, 1, 1, 3, 3, 1, 1, 0, 1, 3, 3, 1, 1, 1, 0, 1, 1, 3, 3, 3, 1, 0, 1, 3, 3, 3, 1, 3, 1, 1, 3, 3, 3, 1, 1, 1, 1, 1, 1, 1, 1, 1, 1, 1, 1, 1, 1, 1, 1, 1, 3, 3, 1, 1, 0, 1, 1, 3, 1, 3, 1, 1, 1, 3, 3, 3, 1, 1, 1, 3, 3, 1, 3, 1, 1, 1, 1, 3, 3, 3, 3, 1, 3, 1], "confidence_scores": [[0.2805880972828343, 0.29254436294699443, 0.1585216856243173, 0.2683458541458542], [0.20588212343212348, 0.3808510933510933, 0.20541857031857041, 0.20784821289821298], [0.25260463147963164, 0.3337549284049285, 0.13695495060495064, 0.27668548951048966], [0.2054556804306805, 0.3092353788368496, 0.21494632001984948, 0.2703626207126208], [0.18942204462204468, 0.2775265179265181, 0.2711524570201043, 0.2618989804313334], [0.23576093073593077, 0.30236018426018446, 0.2056570429570431, 0.25622184204684206], [0.2551565081976847, 0.23438876678876702, 0.21598691863691863, 0.29446780637663006], [0.26791533189033195, 0.28357135642135645, 0.16327061272061272, 0.2852426989676991], [0.1855134643134644, 0.28916657786657796, 0.20067501387501394, 0.3246449439449441], [0.25337789987789994, 0.2792677711177711, 0.1792566156066157, 0.28809771339771345], [0.30947844932844926, 0.2533985161037793, 0.1763925743846797, 0.2607304601830918], [0.21774991674991687, 0.2925971223221224, 0.25541623099123106, 0.23423672993673], [0.21321765734265735, 0.24920194250194252, 0.21615573315573328, 0.321424666999667], [0.22574727853845497, 0.28103304473304475, 0.18864706241470947, 0.30457261431379096], [0.21017691752691772, 0.24258629703629722, 0.19928775113775132, 0.3479490342990344], [0.21510839715839727, 0.3410397161661868, 0.2076296589031884, 0.2362222277722279], [0.19574715839715853, 0.3214277000777001, 0.2842792374292374, 0.19854590409590414], [0.250806761951499, 0.26653544408807567, 0.1895776185802503, 0.2930801753801753], [0.1931028693528694, 0.3145220945720947, 0.2017462204462205, 0.2906288156288156], [0.22813463203463208, 0.30061659451659467, 0.21600339301221672, 0.2552453804365571], [0.2345606782106782, 0.27446245421245424, 0.22064327339327353, 0.27033359418359415], [0.18089042624042626, 0.37025637140637135, 0.1696609224109225, 0.2791922799422799], [0.34873014763014754, 0.24986704961704975, 0.1514337551337552, 0.24996904761904779], [0.20649666722166732, 0.3079322510822509, 0.18326792096792108, 0.3023031607281609], [0.2608798201798204, 0.2874470695970695, 0.15092905982905985, 0.30074405039405055], [0.21824962537462544, 0.27587863166245524, 0.18215302834420483, 0.32371871461871443], [0.24762174263644848, 0.2817576423576424, 0.16723089916619335, 0.30338971583971586], [0.3222656565656564, 0.24315409035409047, 0.15125152625152638, 0.28332872682872684], [0.2635966652628419, 0.24977502220002232, 0.18424992425874787, 0.3023783882783883], [0.20996196777079149, 0.270958621933622, 0.21577536907536912, 0.30330404122021787], [0.22670831945831937, 0.314116693600517, 0.17174780578898227, 0.2874271811521813], [0.27609674410556767, 0.2849480075480076, 0.15833046757164404, 0.28062478077478076], [0.23592565767565782, 0.3285102453102454, 0.19808094683094693, 0.2374831501831503], [0.2752327802916037, 0.27641429681429697, 0.17703196052313697, 0.27132096237096237], [0.2342674048174049, 0.3061591797091797, 0.2255352480852481, 0.23403816738816743], [0.28800696574667145, 0.2813984190645958, 0.16986947725477136, 0.2607251379339615], [0.20716049048990234, 0.31881311237781823, 0.23525091493473846, 0.23877548219754105], [0.28650263625263633, 0.2487923382173384, 0.1764830863580864, 0.2882219391719392], [0.24283304473304476, 0.2585226551226551, 0.21665520035520036, 0.28198909978909986], [0.20674502719502721, 0.29992404817404816, 0.20539795204795208, 0.2879329725829726], [0.2143100585688822, 0.28697662337662344, 0.23022505076622726, 0.2684882672882673], [0.2871091297591296, 0.26403877233877227, 0.19744925074925088, 0.2514028471528472], [0.19422684896802553, 0.2796222777222778, 0.23239415584415593, 0.293756717465541], [0.187901198801199, 0.3153547202797203, 0.1969451687201687, 0.29979891219891225], [0.2262393467643467, 0.32980950715950724, 0.18752962592962608, 0.25642152014652025], [0.2319552336552338, 0.24171457431457444, 0.21400177600177608, 0.312328416028416], [0.1797112831612832, 0.35533969363969364, 0.21809985014985026, 0.24684917304917312], [0.2058662837162838, 0.2727176157176157, 0.20386669719169745, 0.31754940337440324], [0.25747234432234434, 0.2303722166722168, 0.2005980574980576, 0.31155738150738155], [0.2002963072874838, 0.2602648612825084, 0.2064571872571873, 0.33298164417282056], [0.2493442224442225, 0.26319966144966145, 0.18880312465312474, 0.29865299145299146], [0.23753227328227336, 0.279322460872461, 0.19345690975690993, 0.2896883560883562], [0.25633339438339453, 0.22381165501165504, 0.2023998501498502, 0.3174551004551004], [0.23405435120435125, 0.24397207792207798, 0.20523071928071943, 0.3167428515928516], [0.2661910533910535, 0.20712267732267736, 0.21341845376845386, 0.31326781551781535], [0.2201668026418027, 0.30135909090909097, 0.1902020701520703, 0.28827203629703635], [0.24791709956709967, 0.2893688838938841, 0.18355481185481196, 0.2791592046842047], [0.22936420523920534, 0.27329462759462764, 0.23191060606060615, 0.2654305611055611], [0.23151748806748812, 0.34309309024309026, 0.17397448107448119, 0.25141494061494085], [0.22814100344100363, 0.31947881007880996, 0.2144877733377735, 0.2378924131424132], [0.2377982517482517, 0.2735944583194584, 0.24729345099345096, 0.24131383893883906], [0.24772294372294393, 0.28956332001332014, 0.16043210678210681, 0.30228162948162945], [0.2393515345765347, 0.23046920334567403, 0.17643663526016476, 0.35374262681762686], [0.28046883116883115, 0.3113671162171163, 0.16199579864579874, 0.246168253968254], [0.2628320485070485, 0.2949753635253638, 0.18576594516594527, 0.25642664280164296], [0.29452394852309716, 0.22377642859376617, 0.19632065887329048, 0.28537896400984647], [0.1966338883338883, 0.30738071373071374, 0.20512739482739498, 0.29085800310800325], [0.20627457542457556, 0.28997148962148983, 0.21156674436674439, 0.2921871905871905], [0.19576437092319454, 0.24736005106005116, 0.2664438894438893, 0.2904316885728651], [0.22102130092130107, 0.31094817404817415, 0.20833725718725732, 0.25969326784326796], [0.2270106782106783, 0.3125038267288267, 0.2027977966477967, 0.2576876984126984], [0.2323158072319839, 0.2847836607836608, 0.26784236319236326, 0.21505816879199244], [0.325378427128427, 0.26422579642579647, 0.15512647907647914, 0.2552692973692975], [0.24737134809634823, 0.31147049062049037, 0.19650792377557086, 0.24465023750759057], [0.23633429903429917, 0.2989110028860029, 0.1966482667659139, 0.26810643131378437], [0.25201158286158293, 0.2633847208347209, 0.15915126540126556, 0.325452430902431], [0.1881309967809968, 0.2804122738372739, 0.21944033466533472, 0.31201639471639486], [0.2629557109557111, 0.23794405039405045, 0.19612903207903223, 0.3029712065712066], [0.20724062326562342, 0.31995634920634913, 0.21136507381507388, 0.2614379537129538], [0.2834842513695455, 0.2663724078209374, 0.1802917507329271, 0.2698515900765901], [0.24547753357753363, 0.29581763236763237, 0.20706594516594515, 0.251638888888889], [0.25290815295815305, 0.2662934065934067, 0.1953996225996227, 0.28539881784881793], [0.21930382950382962, 0.266595881895882, 0.18761704961704967, 0.32648323898323883], [0.26575795119912754, 0.26885886172650875, 0.18326925851925843, 0.28211392855510503], [0.18866834831834836, 0.3591918525918527, 0.19564779109779112, 0.2564920079920081], [0.23130836663336668, 0.25027572150072164, 0.18723333137450793, 0.3311825804914042], [0.21868686868686882, 0.34422367632367623, 0.166895004995005, 0.27019444999444997], [0.23833799811299833, 0.3283308580308582, 0.17619407814407828, 0.25713706571206574], [0.22297395382395394, 0.27956002886002884, 0.21249110334110338, 0.2849749139749141], [0.22290728160728168, 0.2421475690975693, 0.23360342272106976, 0.30134172657407965], [0.2582639370433489, 0.2502299843946903, 0.20429894549894556, 0.2872071330630155], [0.20037916527916533, 0.3578206127206125, 0.19436869796869805, 0.24743152403152413], [0.20624726384726386, 0.3031810078810078, 0.22035251415251428, 0.2702192141192141], [0.2608578088578089, 0.2906836441336443, 0.17227764457764463, 0.2761809024309025], [0.251837323787324, 0.30555098235098227, 0.1660393534570005, 0.27657234040469336], [0.22239468162556403, 0.2688436008436009, 0.2415148172089349, 0.2672469003219004], [0.20050242812742824, 0.3139256715506715, 0.21653808968808974, 0.2690338106338106], [0.22477725052725067, 0.3046321955821957, 0.21173814518814532, 0.2588524087024089], [0.16539532787473973, 0.33669231095701685, 0.21000546871429224, 0.2879068924539512], [0.2250300790712557, 0.337882756132756, 0.20251753801753794, 0.23456962677845022], [0.22166558245675907, 0.281509213009213, 0.23088587164469518, 0.265939332889333], [0.2007909090909092, 0.3255510045510042, 0.2375462037962038, 0.23611188256188265], [0.187781118881119, 0.3235914363414362, 0.19110433455433457, 0.29752311022311023], [0.22256409701409716, 0.3269769119769119, 0.16427616272616274, 0.2861828282828282], [0.21513787878787882, 0.29639580770107105, 0.21045561134771668, 0.27801070216333373], [0.24017895437895437, 0.2810462481962482, 0.2242263014763015, 0.2545484959484961], [0.23657437007437013, 0.31159110334110346, 0.1958060772560774, 0.25602844932844926], [0.24369104784104792, 0.34418277833277827, 0.1357857031857033, 0.2763404706404706], [0.2596728493728494, 0.24844270174270183, 0.17693116883116888, 0.31495328005328], [0.2718121200694731, 0.205814271839272, 0.23066798038562772, 0.29170562770562775], [0.2615168165168167, 0.2878014430014431, 0.1878385614385614, 0.2628431790431792], [0.18924089799089802, 0.2887115384615385, 0.242681795981796, 0.27936576756576753], [0.33287731990231995, 0.2416749444999446, 0.18097585192585205, 0.24447188367188372], [0.26080106005106, 0.304075507825508, 0.21535614940614936, 0.21976728271728277], [0.20618394709865304, 0.3439705072705074, 0.18461033639563051, 0.26523520923520927], [0.21848139083139081, 0.28394739704739713, 0.211360583860584, 0.28621062826062826], [0.23979391164391162, 0.3133815073815074, 0.18042484737484749, 0.26639973359973373], [0.21046875901875906, 0.2601077922077923, 0.22378441558441572, 0.3056390331890331], [0.22548782051282049, 0.29417779165279184, 0.1882996114996115, 0.2920347763347763], [0.2565352453102454, 0.28123253413253424, 0.19183393828393838, 0.27039828227328233], [0.22975250305250333, 0.3147731046731045, 0.17319136974136978, 0.2822830225330225], [0.2713296814296814, 0.21880036075036083, 0.14420666000666, 0.3656632978132976], [0.2525860972360974, 0.29094656454656476, 0.14180844155844163, 0.31465889665889657], [0.2352759139553257, 0.27105372176842757, 0.15738751803751805, 0.33628284623872856], [0.2156637862137864, 0.3126562493062492, 0.185743500943501, 0.2859364635364635], [0.21483852813852822, 0.28141180486180484, 0.24443776778776788, 0.2593118992118993], [0.23895288877788898, 0.31619293206793214, 0.20593020313020316, 0.23892397602397616], [0.2158893439893441, 0.2971249417249418, 0.16021757131757133, 0.32676814296814305], [0.24569428349428363, 0.23480519480519488, 0.17408393828393837, 0.34541658341658354], [0.23529486624486634, 0.27726465201465217, 0.22456478521478537, 0.26287569652569664], [0.2672559940059942, 0.21732435897435903, 0.1626011044511045, 0.3528185425685424], [0.18888515928515942, 0.2957347041847043, 0.24038501498501502, 0.2749951215451215], [0.22272529692529708, 0.3423044955044955, 0.19425986790986796, 0.24071033966033975], [0.23520917089446508, 0.2974713303036834, 0.20759780578898224, 0.25972169301286957], [0.24402755022755043, 0.2980414529914532, 0.19101687201687206, 0.26691412476412485], [0.231166910866911, 0.275454995004995, 0.1742674242424243, 0.31911066988566966], [0.17594191364191367, 0.3183424686424684, 0.1871073093573095, 0.31860830835830856], [0.2529792429792431, 0.21944268509268516, 0.2273276168276169, 0.30025045510045517], [0.231834965034965, 0.2560500943500944, 0.20343483183483194, 0.30868010878010865], [0.21688946608946622, 0.31780951825951825, 0.23180416805416806, 0.2334968475968476], [0.2179196470196471, 0.2382661116661118, 0.22251269841269844, 0.321301542901543], [0.2705364357864359, 0.27591530691530697, 0.19557318514818534, 0.2579750721500722]]}, "rewritten": {"ids": ["97106970", "97107260", "97107821", "97109080", "97109570", "98106560", "98107010", "98108370", "98109570", "98111860", "98116090", "98117740", "99107500", "99107630", "99108520", "99108890", "99109370", "99109840", "99110050", "99111930", "99112300", "100109801", "100111380", "101108290", "101108460", "101108500", "101108950", "101109120", "101110740", "101111990", "101112160", "101115190", "101119591", "102109840", "102110500", "102112030", "102113350", "102113981", "102116500", "102118380", "103111830", "103111990", "103113101", "103113610", "103120290", "104111780", "104111990", "104112201", "104113240", "104116800", "104118070", "105112100", "105112260", "105113480", "105115380", "105115570", "105115720", "105115900", "105116860", "105117351", "105121370", "106112770", "106113170", "106113830", "106114011", "106116820", "106116850", "106117770", "106117790", "106118161", "107113130", "107113180", "107113550", "107114140", "107114280", "107114490", "107114621", "107118780", "107120010", "107120130", "107120260", "108113620", "108114180", "108114220", "108114670", "108115250", "108116070", "108116120", "108118060", "108118291", "108118301", "108119510", "109115211", "109116750", "109117600", "109117730", "109121351", "110113931", "110114720", "110114920", "110115250", "110117140", "110117500", "110118450", "110118930", "110120190", "110120560", "110121720", "111114121", "111114171", "111115770", "111117571", "111118810", "111119580", "111119610", "111119950", "111120531", "112116290", "112116451", "112116501", "112116900", "112116990", "112117431", "112117660", "112117780", "112117790", "112118530", "112119450", "112119580", "112119610", "112120270", "113117401", "113118421", "113118620", "113118870", "113119120", "113119360", "113120601", "113120640", "113121010", "113121810", "113122170"], "labels": [2, 2, 2, 2, 0, 1, 3, 1, 1, 0, 0, 2, 0, 2, 2, 0, 1, 2, 3, 1, 0, 0, 3, 0, 0, 3, 2, 1, 3, 2, 3, 1, 0, 2, 3, 2, 3, 1, 1, 1, 3, 2, 3, 2, 2, 3, 2, 0, 2, 1, 2, 1, 3, 0, 1, 0, 1, 3, 2, 0, 2, 1, 0, 1, 1, 1, 3, 0, 1, 3, 1, 3, 0, 2, 3, 3, 0, 1, 1, 2, 1, 3, 1, 3, 3, 1, 1, 1, 1, 3, 1, 1, 0, 0, 1, 3, 0, 1, 3, 3, 1, 3, 1, 0, 1, 3, 0, 3, 0, 3, 3, 3, 0, 3, 2, 0, 0, 0, 0, 3, 3, 0, 0, 0, 0, 3, 1, 3, 3, 0, 0, 3, 3, 3, 0, 3, 0, 2, 0, 2, 2, 1], "predicted_labels": [3, 3, 3, 3, 0, 3, 3, 1, 3, 1, 0, 3, 1, 3, 1, 1, 3, 3, 3, 1, 1, 3, 1, 3, 1, 1, 1, 3, 1, 3, 2, 1, 0, 3, 3, 1, 1, 1, 3, 0, 0, 3, 1, 3, 1, 1, 1, 0, 1, 3, 3, 3, 3, 3, 3, 0, 3, 3, 1, 3, 1, 3, 3, 0, 0, 1, 1, 1, 1, 0, 1, 1, 3, 1, 3, 3, 3, 0, 1, 3, 1, 1, 3, 0, 1, 3, 0, 0, 1, 0, 0, 1, 1, 1, 1, 1, 1, 3, 1, 1, 3, 3, 1, 1, 3, 3, 1, 1, 0, 3, 3, 0, 3, 1, 1, 3, 1, 1, 0, 3, 0, 3, 0, 3, 1, 0, 1, 3, 1, 3, 3, 0, 0, 1, 3, 0, 3, 1, 1, 3, 1, 3], "confidence_scores": [[0.2005963369963371, 0.2826886807636809, 0.21856267066267063, 0.29815231157731154], [0.21141884145266504, 0.2603285825285825, 0.22050403485403508, 0.30774854116471745], [0.2728572594072595, 0.24568573648573644, 0.1980632201132203, 0.2833937839937841], [0.2606844072594073, 0.2735508408258408, 0.1862447940947941, 0.27951995781995803], [0.2986860139860139, 0.2169784687534688, 0.1988436480186481, 0.28549186924186926], [0.2435832556332558, 0.27094746919746926, 0.21395029415029415, 0.271518981018981], [0.27199489954489964, 0.2786902597402597, 0.15539131979131993, 0.293923520923521], [0.19575149295149294, 0.30147339882339885, 0.24182106782106785, 0.26095404040404047], [0.2607508103008103, 0.23551131646131662, 0.17282717282717291, 0.3309107004107004], [0.24080094023623458, 0.3029961110784641, 0.19465139664257314, 0.2615515520427286], [0.2838177433677435, 0.24269559884559902, 0.2332993783993785, 0.2401872793872796], [0.22538848373848405, 0.29318752913752916, 0.18775167610167617, 0.2936723110223112], [0.22361570651570653, 0.30782257742257735, 0.18686996336996356, 0.28169175269175273], [0.28061842601842607, 0.20974163059163067, 0.190508918858919, 0.31913102453102443], [0.2220897935397936, 0.29045165390165395, 0.21703980463980463, 0.27041874791874787], [0.2767057831057832, 0.292299200799201, 0.17585672105672107, 0.2551382950382952], [0.2620348262848263, 0.2480810966810969, 0.2139061327561328, 0.27597794427794425], [0.21274114774114775, 0.2533647741147742, 0.21817378177378183, 0.3157202963702966], [0.2386851204351205, 0.24863474303474303, 0.24621976356976363, 0.26646037296037306], [0.22185218115218128, 0.31523904428904426, 0.2037799367299368, 0.25912883782883794], [0.2357895104895106, 0.312783522033522, 0.1938475746475746, 0.2575793928293929], [0.2530335053835055, 0.2806347655612361, 0.17693939916292864, 0.2893923298923299], [0.26012669552669565, 0.28902597402597413, 0.18028220668220676, 0.2705651237651239], [0.2865004023754024, 0.23407962592962606, 0.16548135753135762, 0.3139386141636141], [0.22417961760461771, 0.335030946830947, 0.15024220224220233, 0.29054723332223353], [0.26089425574425557, 0.31311855366855373, 0.2080681596181599, 0.2179190309690311], [0.2214346065699008, 0.29980224383459675, 0.20095980490098142, 0.2778033446945212], [0.22490861360861375, 0.26077248584748586, 0.21142726995227, 0.3028916305916305], [0.21336238206238217, 0.30520740370740373, 0.21099957819957832, 0.2704306360306362], [0.23529833222333235, 0.2553548423798425, 0.20646685536685547, 0.30287997002997], [0.23245543345543357, 0.23534032634032645, 0.27162810718693087, 0.26057613301730953], [0.26531107781107766, 0.29045929070929066, 0.21192841602841622, 0.23230121545121557], [0.2934503385503386, 0.2877238899988899, 0.17290200910200923, 0.24592376234876248], [0.22513493728493736, 0.2629392968142969, 0.22651235986236007, 0.2854134060384061], [0.28354772678302104, 0.25063627091862395, 0.16602167636285284, 0.2997943259355022], [0.2546080752580755, 0.3113234709734709, 0.18027627372627378, 0.2537921800421802], [0.23733951048951057, 0.2872560606060606, 0.25489237984237983, 0.22051204906204913], [0.25873528693528697, 0.3062949938949941, 0.18265745365745373, 0.2523122655122656], [0.27082308247308245, 0.23819036796536813, 0.20776071983571992, 0.2832258297258298], [0.26997176157176167, 0.25678654678654683, 0.20369926184926193, 0.26954242979242987], [0.303612271062271, 0.2287032745032747, 0.20321018426018442, 0.2644742701742702], [0.2754533827283828, 0.26133283660783696, 0.16493241203241213, 0.2982813686313687], [0.28864932844932834, 0.2986108891108892, 0.1743884171384172, 0.23835136530136544], [0.2325341269841272, 0.2487887251637252, 0.2387030136530137, 0.2799741341991342], [0.20519288489288495, 0.28970536130536123, 0.24962587967587963, 0.25547587412587425], [0.2720219336219337, 0.27930901320901336, 0.17459949494949498, 0.27406955821955836], [0.23876484071484078, 0.2967394744144744, 0.23276163003663017, 0.23173405483405485], [0.346510841935842, 0.21347030747030746, 0.1737559718059719, 0.26626287878787885], [0.20600952658452668, 0.3628784937284938, 0.22735523365523372, 0.20375674603174612], [0.23548542568542574, 0.26202808857808885, 0.18031953046953053, 0.3221669552669552], [0.2129359862359863, 0.28049123099123097, 0.21318778998779006, 0.29338499278499286], [0.26064040404040417, 0.24173284493284508, 0.1862194361194362, 0.31140731490731505], [0.24556679986679986, 0.2716776723276725, 0.1820825618825619, 0.30067296592296594], [0.24426093351093364, 0.27250408480408506, 0.1636020646020647, 0.31963291708291725], [0.2433892718392719, 0.27688144633144646, 0.18514923409923417, 0.2945800477300477], [0.2659791486291487, 0.2610753330003331, 0.2116607670107671, 0.26128475135975143], [0.2090996836496837, 0.2864808524808524, 0.20366025086025094, 0.300759213009213], [0.271499211899212, 0.23774563769563775, 0.20736394161394167, 0.2833912087912088], [0.28769468309468305, 0.29437726717726725, 0.16625000555000555, 0.2516780441780442], [0.2910858530358529, 0.2262463147963149, 0.16272442002442009, 0.31994341214341204], [0.22348725441225453, 0.302249245199245, 0.20319306249306257, 0.271070437895438], [0.245915653790654, 0.26901888666888685, 0.21470604950604957, 0.2703594100344102], [0.2449684149184149, 0.25931056721056733, 0.19586344211344214, 0.29985757575757566], [0.30022360972360973, 0.2668480796980798, 0.1727586136086136, 0.260169696969697], [0.305492907092907, 0.27509591519591514, 0.18973570873570875, 0.22967546897546903], [0.2146584415584418, 0.30032535242535247, 0.2089759768009769, 0.2760402292152293], [0.20030791430791445, 0.3036713508713509, 0.2066732600732601, 0.2893474747474746], [0.25322748640248655, 0.29605806970806986, 0.18676324786324797, 0.2639511960261959], [0.28258561993562, 0.28553104673104684, 0.1996953102453103, 0.23218802308802314], [0.27574018204018197, 0.2598762293262293, 0.2046159895659896, 0.2597675990675992], [0.27549764124764137, 0.2758387667887668, 0.2023799478299479, 0.24628364413364423], [0.22060451215451238, 0.285773593073593, 0.22531119991119997, 0.2683106948606947], [0.2778542268189328, 0.2466953324453325, 0.18765229166258593, 0.28779814907314905], [0.240529428904429, 0.29903903318903313, 0.1961036241536242, 0.26432791375291387], [0.25175989010989025, 0.2687951881451881, 0.20653181263181272, 0.27291310911310906], [0.2799101010101011, 0.22741277056277062, 0.19143914973914986, 0.3012379786879787], [0.28284186369186376, 0.2474050949050949, 0.15214148074148084, 0.3176115606615606], [0.2763398240648241, 0.26670682928182954, 0.19081550671550668, 0.26613783993784007], [0.20993000055500066, 0.2839084332334333, 0.22681945831945838, 0.2793421078921079], [0.2333172244422246, 0.27275768120768124, 0.21047789432789435, 0.2834472000222], [0.27590600510600505, 0.3077981879231879, 0.17225671942436654, 0.2440390875464407], [0.22249405594405608, 0.31455100455100454, 0.18550908535908558, 0.27744585414585426], [0.23192987290487302, 0.23624750804750813, 0.21230540015540003, 0.3195172188922189], [0.270296572871573, 0.2455145437895437, 0.22569373681873697, 0.25849514652014655], [0.25227606837606853, 0.3091310023310022, 0.20616808746808749, 0.23242484182484185], [0.26042144522144545, 0.2507495393495395, 0.21570768675768692, 0.2731213286713289], [0.30983606116106105, 0.2739277944277945, 0.18745000000000014, 0.22878614441114442], [0.298632473082473, 0.2528528305028305, 0.18668578088578094, 0.2618289155289157], [0.2606798923298924, 0.2803067765567767, 0.18825120435120446, 0.27076212676212674], [0.31481221760695466, 0.2535720741247057, 0.17921135428898588, 0.2524043539793539], [0.28903126514008864, 0.2641509268509269, 0.17908158312275957, 0.26773622488622495], [0.2745020424020426, 0.28375785048285046, 0.191786940836941, 0.2499531662781664], [0.24257924297924302, 0.29439292929292926, 0.17861031746031752, 0.2844175102675102], [0.24126114800232445, 0.31391729381729394, 0.19614577089577098, 0.2486757872846108], [0.2513783050283051, 0.28919369519369503, 0.20031414696414712, 0.259113852813853], [0.28314261849261874, 0.28598826728826754, 0.18911540681540698, 0.2417537074037074], [0.26795269403798827, 0.2943300132873663, 0.1786565581477347, 0.25906073452691114], [0.24884126429126435, 0.28291323121323125, 0.18402736152736165, 0.28421814296814296], [0.2315176545676546, 0.2754288600288601, 0.25265846930846936, 0.24039501609501623], [0.24055983460983463, 0.32871833166833175, 0.1319246420246421, 0.2987971916971917], [0.2664280941280942, 0.22401358641358646, 0.1998232323232323, 0.3097350871350869], [0.24413472638472639, 0.2511685210987843, 0.18975170969381522, 0.3149450428226744], [0.24312393162393164, 0.32916040348540343, 0.18453193473193474, 0.24318373015873018], [0.23406302308802326, 0.2931616522366523, 0.21472375957375955, 0.2580515651015652], [0.27065442890442903, 0.2553827061827062, 0.17912787767787774, 0.29483498723498713], [0.2466172383172385, 0.2541051726051727, 0.15404459984459984, 0.3452329892329892], [0.26232797300738486, 0.2783146497293556, 0.1833855699855701, 0.2759718072776898], [0.2528676656676659, 0.2880775502275501, 0.1883335275835277, 0.27072125652125645], [0.3033222721722722, 0.2671084027084028, 0.14788386613386625, 0.28168545898545905], [0.26733503645477347, 0.2774596310122627, 0.16672321187584352, 0.28848212065712076], [0.2625499555999557, 0.2428442446442448, 0.1888299200799203, 0.3057758796758796], [0.3283149517149516, 0.20616713286713298, 0.1792880674880676, 0.28622984792984796], [0.29251741591741576, 0.2466751470751472, 0.15870340215340223, 0.3021040348540348], [0.2788015373515374, 0.2878056055056056, 0.18056079476079487, 0.25283206238206246], [0.21879169164169182, 0.3336950826950827, 0.19533688533688548, 0.25217634032634034], [0.2614669136419137, 0.2419131375934008, 0.2101936288857342, 0.28642631987895156], [0.24448184315684326, 0.2958780996780997, 0.19436349206349213, 0.26527656510156494], [0.27263255992373653, 0.2848847541347541, 0.1676479262567499, 0.2748347596847596], [0.3292377677877678, 0.2395356476856478, 0.1722899211899212, 0.25893666333666365], [0.25037664557664563, 0.24892150072150088, 0.19651932511932516, 0.30418252858252876], [0.28315096570096593, 0.2785651800813569, 0.16483393273393274, 0.27344992148374503], [0.2769635142635143, 0.2454240259740259, 0.1925322732822734, 0.2850801864801865], [0.29839433899433904, 0.2755514763014763, 0.1799156160832631, 0.24613856862092165], [0.26901441613941607, 0.26001148851148864, 0.18427847707847703, 0.2866956182706183], [0.25801747696747707, 0.30891286491286496, 0.17137193362193373, 0.2616977244977247], [0.2897877511377513, 0.2438620074370077, 0.18314749972249972, 0.28320274170274173], [0.2081074037074038, 0.34669528249528236, 0.20459360084360095, 0.24060371295371305], [0.29995982905982915, 0.22898168220668236, 0.13996399711399715, 0.33109449161949156], [0.26303621656121656, 0.2819360112110112, 0.17941384726384738, 0.2756139249639252], [0.26598648018648, 0.2530265956265957, 0.20826295763060482, 0.2727239665563196], [0.20823479853479845, 0.2893971861471864, 0.20466358641358656, 0.2977044289044289], [0.28887219169719164, 0.2508413142413145, 0.19471243201243202, 0.2655740620490621], [0.3184142968142969, 0.25508667998668005, 0.1423010600510601, 0.28419796314796314], [0.28058231768231784, 0.3086799228549228, 0.1444939643689644, 0.26624379509379525], [0.21777445887445904, 0.28613080808080815, 0.19198771228771247, 0.3041070207570206], [0.302649481074481, 0.21179671162171168, 0.20818973248973258, 0.2773640748140749], [0.24853914418914433, 0.24587132867132874, 0.21563096903096898, 0.28995855810855803], [0.22064497724497753, 0.3243780386280386, 0.201187445887446, 0.25378953823953826], [0.24988129697100311, 0.2764413863913863, 0.22085077373606793, 0.252826542901543], [0.2573627983127983, 0.26280967161493485, 0.18371712760923292, 0.29611040246303405], [0.20637132230514593, 0.3071965173715174, 0.2599308025308026, 0.22650135779253439], [0.2347470640470642, 0.2802673160173159, 0.2007529859029861, 0.2842326340326341]]}}