{"test": {"ids": ["100111390", "110114920", "98111670", "105120621", "108121410", "107116980", "101115190", "113118630", "108115250", "113120591", "105113480", "103113170", "103113210", "109113931", "104109311", "111119300", "101110200", "100111620", "105112240", "112116610", "98112170", "105118230", "110115710", "106114280", "101113210", "104111880", "101111140", "110120700", "112118581", "100107920", "109117730", "108114270", "107118820", "113122160", "112121030", "112116810", "113120540", "104111380", "109119460", "111114941", "109117080", "106121190", "99107300", "107118120", "108114200", "97107260", "98119591", "113120830", "112116451", "111116040", "112119610", "113122170", "108114220", "98107410", "97106970", "104111531", "105110251", "111119950", "110117200", "113118620", "110113591", "103110760", "109119450", "109121351", "106116120", "110120560", "104119340", "109118161", "107113840", "103112470", "110118740", "108120060", "103118291", "109116040", "112118620", "111121410", "107114490", "112116501", "103109021", "111117000", "98107210", "105115900", "110116290", "108115880", "112117030", "105113440", "97116401", "112120270", "106118301", "111116411", "102113350", "104110960", "113121410", "103111540", "110115580", "109118701", "111116170", "103113610", "112119930", "111116640", "98110810", "98120530", "102112301", "98108150", "113120531", "104118340", "106113170", "102110690", "98117740", "105115680", "110118121", "109120621", "112116640", "108115970", "110120640", "106113360", "98107010", "104118070", "111116110", "107120130", "107119950", "109117600", "106121220", "110117140", "111120190", "106115250", "112118701", "99121440", "105112100", "99113260", "110116501", "105116090", "101117580", "106115120", "110118701", "104116800", "108113700", "101111210", "113118511", "113120640", "99109860", "107119390"], "labels": [2, 3, 1, 1, 0, 3, 1, 3, 1, 0, 0, 3, 3, 1, 3, 1, 2, 3, 1, 1, 3, 1, 2, 3, 3, 3, 2, 2, 1, 0, 3, 3, 3, 3, 0, 3, 3, 3, 1, 0, 1, 2, 3, 3, 0, 2, 1, 3, 0, 0, 0, 1, 3, 3, 2, 0, 0, 0, 3, 3, 0, 1, 3, 0, 1, 0, 1, 0, 3, 1, 3, 1, 0, 0, 3, 0, 3, 3, 0, 0, 1, 3, 2, 3, 2, 0, 3, 0, 1, 0, 3, 2, 0, 1, 1, 3, 0, 2, 1, 0, 1, 1, 1, 0, 0, 2, 0, 0, 2, 2, 3, 1, 0, 2, 0, 0, 3, 2, 3, 2, 3, 1, 1, 3, 3, 2, 0, 2, 1, 0, 3, 1, 3, 1, 3, 1, 0, 2, 1, 0, 2, 2], "predicted_labels": [1, 1, 0, 3, 1, 0, 1, 3, 3, 3, 1, 2, 0, 3, 3, 3, 1, 1, 1, 0, 3, 1, 1, 3, 1, 3, 0, 1, 1, 3, 0, 3, 1, 1, 3, 1, 1, 3, 3, 3, 3, 2, 1, 1, 0, 3, 1, 1, 1, 3, 1, 2, 1, 3, 3, 3, 3, 1, 1, 1, 0, 1, 3, 3, 1, 1, 1, 1, 0, 3, 0, 1, 3, 2, 1, 3, 3, 3, 0, 3, 2, 1, 2, 3, 1, 2, 1, 2, 1, 3, 1, 0, 3, 2, 1, 3, 1, 1, 1, 1, 0, 2, 1, 2, 0, 3, 1, 1, 3, 1, 3, 1, 3, 1, 1, 1, 1, 2, 2, 1, 3, 1, 0, 1, 1, 3, 3, 1, 0, 2, 3, 3, 3, 1, 3, 3, 0, 3, 1, 0, 1, 2], "confidence_scores": [[0.19916023177523262, 0.3774668879999827, 0.2191526818435178, 0.20422019838126695], [0.30087264240808903, 0.4635574364384395, 0.06836568426535523, 0.16720423688811623], [0.38745185244352215, 0.15478912271101797, 0.16281006403753612, 0.29494896080792377], [0.189717730614213, 0.15147000883063497, 0.05623877802994512, 0.6025734825252069], [0.21570708995367516, 0.6078331856089577, 0.03629077458259718, 0.14016894985476974], [0.42217466094317585, 0.31650877944451516, 0.06696922761372025, 0.19434733199858858], [0.08868410255756387, 0.644320585824258, 0.10523890165904563, 0.16175640995913257], [0.16095595562910564, 0.16463042088869534, 0.08975276509954741, 0.5846608583826516], [0.17235032515626184, 0.2977682161625168, 0.20752544326027755, 0.322356015420944], [0.09596372705757959, 0.265196055900216, 0.11712811941435193, 0.5217120976278524], [0.11935228401318826, 0.40739058875261375, 0.24067444436037627, 0.2325826828738218], [0.15319197026561376, 0.26158245457419127, 0.32156813607887363, 0.2636574390813214], [0.5016996848659078, 0.1501382374115041, 0.14924970350368175, 0.19891237421890626], [0.09943219433126818, 0.24447671130952714, 0.04634401081232115, 0.6097470835468835], [0.16166261275363297, 0.19463001850825848, 0.17164854888744027, 0.4720588198506683], [0.09593712624804909, 0.28118736640197867, 0.14987124732893423, 0.473004260021038], [0.07144266722140498, 0.4306818009852888, 0.07641712747786857, 0.4214584043154377], [0.23668557579784424, 0.399760467579325, 0.16280914852254927, 0.20074480810028142], [0.16073965626515607, 0.38441783300984345, 0.1005407298855998, 0.35430178083940095], [0.3227096763420925, 0.2089955980494098, 0.14978653064729222, 0.3185081949612053], [0.13237654484629363, 0.32511040442485134, 0.17879516390105465, 0.3637178868278003], [0.30491567004317804, 0.30904609590311366, 0.11989065068302016, 0.26614758337068817], [0.06559428075290846, 0.5615675297982372, 0.09853539196280015, 0.2743027974860542], [0.09918601578670129, 0.26403736357151514, 0.10194074077285575, 0.5348358798689279], [0.10907617568141098, 0.6058859904688849, 0.14124222837144623, 0.143795605478258], [0.09239237752078272, 0.32267413502869835, 0.17694332954253608, 0.407990157907983], [0.4060592118428464, 0.16285289637700012, 0.2111560651059281, 0.2199318266742252], [0.08009681827848619, 0.522926029671439, 0.07702671449530643, 0.3199504375547684], [0.06356633573565106, 0.45573679598816913, 0.09586386826802053, 0.3848330000081595], [0.11915949785067152, 0.3691615260935403, 0.09125738566934269, 0.42042159038644566], [0.5233761558480019, 0.15544363581248596, 0.11694063266372012, 0.20423957567579187], [0.257343766166487, 0.22358821737776358, 0.18032822561640013, 0.33873979083934924], [0.14459683254399575, 0.47284860235781434, 0.10558309049333424, 0.27697147460485577], [0.08069433272282783, 0.7204696301968201, 0.08780026011017919, 0.11103577697017292], [0.148218203990073, 0.20603021618606251, 0.21807781415380498, 0.4276737656700594], [0.1363561960971874, 0.5251963700451936, 0.0790635743202753, 0.2593838595373436], [0.28893227037691416, 0.32352327340782727, 0.1098451563793963, 0.27769929983586245], [0.16714159351675925, 0.26516248275387605, 0.19065105806233945, 0.3770448656670254], [0.2228501302280017, 0.26195906450598583, 0.10486901815146547, 0.41032178711454703], [0.20434595893393587, 0.2214318141723612, 0.19532778657745362, 0.37889444031624936], [0.09646642705835812, 0.33357437544182944, 0.2189222658039181, 0.3510369316958942], [0.08363434647504263, 0.32451610684557175, 0.33187193699342865, 0.2599776096859569], [0.18756570886831098, 0.5006973132917805, 0.11542965378983563, 0.1963073240500729], [0.26287823410663175, 0.31696995795773175, 0.14648293297173287, 0.2736688749639038], [0.40956241256615206, 0.14758537065067137, 0.2781219977704416, 0.16473021901273505], [0.13429088088361807, 0.18053384657394936, 0.30231564813011563, 0.3828596244123169], [0.19409906278472233, 0.3680906564106216, 0.24458908913155805, 0.19322119167309804], [0.12628313685481726, 0.5797348090257866, 0.1976054334479845, 0.09637662067141163], [0.19798802096869375, 0.4469825135309648, 0.14725577734974507, 0.20777368815059627], [0.23592502784782005, 0.25082527444675434, 0.24357444761447505, 0.26967525009095045], [0.1178172201485736, 0.50103730775833, 0.2243896985647419, 0.15675577352835451], [0.09387585586387501, 0.2684332803109914, 0.3581380151852177, 0.2795528486399162], [0.11183473132072584, 0.5287841330357168, 0.2323211458037465, 0.12705998983981073], [0.27408364422386333, 0.28419940140171923, 0.12189991404157507, 0.31981704033284236], [0.146772282534414, 0.18211025190867225, 0.09513960546613678, 0.5759778600907769], [0.14151505626973862, 0.36826305497605, 0.09441955091775513, 0.39580233783645624], [0.15862177176328576, 0.2880211930324626, 0.21604811981441077, 0.337308915389841], [0.12401997026004187, 0.33784130320868433, 0.21393093242506048, 0.3242077941062134], [0.18534874205180846, 0.40809139696777824, 0.10776205833997578, 0.29879780264043765], [0.22568703750751787, 0.32126524830878117, 0.19747036378313632, 0.25557735040056473], [0.4005695170862878, 0.30939653595022354, 0.11664150041158498, 0.17339244655190375], [0.15945500012839892, 0.3485918716446495, 0.33696475870699555, 0.15498836951995623], [0.08542482787702839, 0.34752185284358794, 0.07380071118180662, 0.493252608097577], [0.17372184835980187, 0.29020550400994666, 0.23195096185732397, 0.30412168577292764], [0.24067829226300513, 0.45184183202549516, 0.15716754178455902, 0.15031233392694063], [0.2847501434574076, 0.4106192277362243, 0.16034651664022878, 0.1442841121661394], [0.18099573472132077, 0.4424630724828406, 0.12203906111988297, 0.2545021316759557], [0.1280754109358319, 0.510190169583355, 0.08676918453269476, 0.2749652349481184], [0.439263633560876, 0.192221340808421, 0.1906730259898962, 0.17784199964080674], [0.21149821341010847, 0.2556295350075461, 0.21360584269599467, 0.31926640888635094], [0.48533171477272324, 0.17594957964244629, 0.16108426382735566, 0.17763444175747475], [0.1843570250890121, 0.5658237026795913, 0.10247586678447605, 0.14734340544692043], [0.15583798635077573, 0.10900215863145984, 0.054760784303919105, 0.6803990707138452], [0.21934135859842355, 0.24723937355029954, 0.3194580493131806, 0.21396121853809624], [0.2020622320992007, 0.4322861403246478, 0.1432036930887324, 0.22244793448741906], [0.1957507544760307, 0.25139664557357005, 0.13033847813794935, 0.42251412181244996], [0.21438393048663743, 0.2238633110841157, 0.12444762587165022, 0.4373051325575968], [0.24549298785728627, 0.2916701611087767, 0.11248104592177295, 0.3503558051121643], [0.34643767197730774, 0.2684050735092679, 0.14269687531240471, 0.24246037920101962], [0.21350722905511083, 0.14424761208559608, 0.21925014502292184, 0.4229950138363713], [0.1585690274129855, 0.14248218371275712, 0.5068827494935317, 0.1920660393807257], [0.24134701579525614, 0.33445344394231236, 0.2470543669071865, 0.17714517335524513], [0.2780275288296409, 0.20076611266818958, 0.35194808474100053, 0.16925827376116906], [0.09458055916453098, 0.18618445209796933, 0.30385217960976535, 0.41538280912773423], [0.09396473843387827, 0.3823004341207182, 0.14494581353779445, 0.3787890139076091], [0.18643194362986276, 0.24703244644042646, 0.3034388357708085, 0.2630967741589023], [0.155299435741079, 0.3664115510786138, 0.19450726637936927, 0.283781746800938], [0.08736604471613466, 0.28312648597980444, 0.3379330179194977, 0.2915744513845633], [0.2289641374693657, 0.33043874983929145, 0.1453210476713461, 0.2952760650199967], [0.16723435045492147, 0.16013995224433514, 0.23677503839902286, 0.4358506589017205], [0.16123129133199318, 0.3764792684770396, 0.33312941938551116, 0.12916002080545627], [0.3600813457526508, 0.2912639691474707, 0.12614200690184615, 0.22251267819803222], [0.27107941912005573, 0.2662498841215535, 0.10571369553324968, 0.3569570012251411], [0.22145624766623573, 0.23686224571581854, 0.3450803224112108, 0.19660118420673509], [0.2929868055787353, 0.3112009413285887, 0.22876175898409717, 0.16705049410857864], [0.08760799552999904, 0.29112063150615913, 0.11828596811882978, 0.502985404845012], [0.18075052938804315, 0.43979718997234685, 0.10292416784666368, 0.27652811279294637], [0.18949522947842354, 0.3042835818566596, 0.2420152933952649, 0.2642058952696521], [0.1441039623913488, 0.47650291925306715, 0.06978167469381827, 0.30961144366176585], [0.22262068391909476, 0.316582369977302, 0.2861042467439158, 0.17469269935968756], [0.353769993977618, 0.33821464260788253, 0.16165484487366016, 0.14636051854083956], [0.16162028952711466, 0.24663485500014568, 0.3813166491069264, 0.21042820636581316], [0.3139169000760719, 0.32198058379158884, 0.13061314574436195, 0.23348937038797712], [0.31844774597867265, 0.21831500302730736, 0.35285433151183404, 0.110382919482186], [0.41948068577115727, 0.16278988185453247, 0.10923670288495589, 0.30849272948935424], [0.14139343609460206, 0.31006005340505816, 0.12622679914028181, 0.42231971136005786], [0.11529006955150094, 0.6563704134689419, 0.06201372192749973, 0.16632579505205738], [0.20022138478293852, 0.4630863904203856, 0.13113362600257156, 0.20555859879410446], [0.14068259872288316, 0.30790769625963704, 0.1441124827626663, 0.40729722225481346], [0.12477195418456546, 0.46736694802636597, 0.1173722962898193, 0.2904888014992494], [0.10349606848860038, 0.17295390847328893, 0.1282593179147339, 0.5952907051233768], [0.14555002356063665, 0.3899532496466335, 0.15311790542220788, 0.3113788213705219], [0.18313239710640294, 0.24626473111195457, 0.09555245171872744, 0.4750504200629151], [0.12385306897990064, 0.42667667771061957, 0.06157253513395992, 0.3878977181755199], [0.1373617671507051, 0.3425956681771915, 0.2540166710131232, 0.2660258936589803], [0.21460280500247714, 0.5006997415253865, 0.15437949598531372, 0.1303179574868225], [0.3249083972433054, 0.3816190262647457, 0.09202401328527282, 0.20144856320667628], [0.15036838356038326, 0.24899085572981372, 0.3116549577076189, 0.2889858030021842], [0.2087991501485173, 0.2523957046211605, 0.27131437492384997, 0.2674907703064721], [0.1074324270651655, 0.3553155398034687, 0.33563829624204744, 0.20161373688931852], [0.16633082073840064, 0.2627592913114165, 0.134608126004892, 0.43630176194529074], [0.21273884734150267, 0.368540271512095, 0.20257627224180524, 0.21614460890459727], [0.38320944548774444, 0.19161348510108928, 0.1305521118202997, 0.2946249575908667], [0.12589732670309636, 0.3419435971681184, 0.24149650534388575, 0.2906625707848995], [0.247640440413926, 0.3879125077380537, 0.1620566656678332, 0.20239038618018715], [0.16012313129613476, 0.3110570410165191, 0.17930833298945253, 0.34951149469789355], [0.27213582201635705, 0.20719389451145043, 0.09963238696758459, 0.4210378965046079], [0.1708933257731078, 0.5442317781565652, 0.13764397572878415, 0.14723092034154284], [0.3667841749170915, 0.2987247390080031, 0.1244167517554557, 0.2100743343194496], [0.25594189144724966, 0.14390699336722654, 0.4523310798730068, 0.14782003531251695], [0.17850963230901895, 0.2560020834401346, 0.11281921429802473, 0.4526690699528219], [0.2239334288886223, 0.30942029918615205, 0.13427946819479475, 0.332366803730431], [0.23655687403876188, 0.23720488645834567, 0.1011151411186142, 0.4251230983842782], [0.22121752781639334, 0.374321945265264, 0.07785717433109614, 0.32660335258724665], [0.2080072880951006, 0.2174512110222069, 0.12776944698487944, 0.4467720538978132], [0.24266973259133318, 0.22515277115150706, 0.1313017752291381, 0.4008757210280216], [0.4997654752063736, 0.2588984585383219, 0.14180212803217138, 0.09953393822313317], [0.2299567568046678, 0.268812752106358, 0.15090914708587766, 0.3503213440030965], [0.2858933867076673, 0.40457573108484374, 0.12975150975184302, 0.1797793724556462], [0.35692012743239565, 0.21634797296118924, 0.15313464626105633, 0.27359725334535895], [0.18116468143730266, 0.3337674708912493, 0.21858472944738935, 0.2664831182240589], [0.11390261037797798, 0.25749378864763306, 0.3870511548899072, 0.24155244608448184]]}, "rewritten": {"ids": ["97106970", "97107260", "97116401", "98107010", "98107210", "98107410", "98108150", "98110810", "98111670", "98112170", "98117740", "98119591", "98120530", "99107300", "99109860", "99113260", "99121440", "100107920", "100111390", "100111620", "101110200", "101111140", "101111210", "101113210", "101115190", "101117580", "102110690", "102112301", "102113350", "103109021", "103110760", "103111540", "103112470", "103113170", "103113210", "103113610", "103118291", "104109311", "104110960", "104111380", "104111531", "104111880", "104116800", "104118070", "104118340", "104119340", "105110251", "105112100", "105112240", "105113440", "105113480", "105115680", "105115900", "105116090", "105118230", "105120621", "106113170", "106113360", "106114280", "106115120", "106115250", "106116120", "106118301", "106121190", "106121220", "107113840", "107114490", "107116980", "107118120", "107118820", "107119390", "107119950", "107120130", "108113700", "108114200", "108114220", "108114270", "108115250", "108115880", "108115970", "108120060", "108121410", "109113931", "109116040", "109117080", "109117600", "109117730", "109118161", "109118701", "109119450", "109119460", "109120621", "109121351", "110113591", "110114920", "110115580", "110115710", "110116290", "110116501", "110117140", "110117200", "110118121", "110118701", "110118740", "110120560", "110120640", "110120700", "111114941", "111116040", "111116110", "111116170", "111116411", "111116640", "111117000", "111119300", "111119950", "111120190", "111121410", "112116451", "112116501", "112116610", "112116640", "112116810", "112117030", "112118581", "112118620", "112118701", "112119610", "112119930", "112120270", "112121030", "113118511", "113118620", "113118630", "113120531", "113120540", "113120591", "113120640", "113120830", "113121410", "113122160", "113122170"], "labels": [2, 2, 3, 3, 1, 3, 0, 1, 1, 3, 2, 1, 1, 3, 2, 0, 2, 0, 2, 3, 2, 2, 2, 3, 1, 3, 0, 1, 3, 0, 1, 1, 1, 3, 3, 2, 0, 3, 2, 3, 0, 3, 1, 2, 2, 1, 0, 1, 1, 0, 0, 2, 3, 1, 1, 1, 0, 0, 3, 1, 2, 1, 1, 2, 1, 3, 3, 3, 3, 3, 2, 3, 2, 0, 0, 3, 3, 1, 3, 2, 1, 0, 1, 0, 1, 1, 3, 0, 3, 3, 1, 1, 0, 0, 3, 1, 2, 2, 3, 3, 3, 3, 3, 3, 0, 0, 2, 0, 0, 3, 0, 0, 0, 0, 1, 0, 3, 0, 0, 3, 1, 0, 3, 2, 1, 3, 0, 0, 1, 0, 0, 1, 3, 3, 0, 3, 0, 0, 3, 0, 3, 1], "predicted_labels": [1, 3, 1, 1, 2, 3, 0, 1, 2, 0, 3, 2, 3, 0, 1, 1, 3, 0, 1, 1, 1, 0, 0, 1, 1, 3, 1, 3, 0, 3, 0, 1, 3, 1, 0, 0, 1, 3, 0, 1, 3, 3, 3, 2, 3, 1, 3, 0, 3, 3, 3, 3, 1, 1, 1, 3, 1, 1, 3, 3, 3, 1, 1, 0, 3, 1, 3, 0, 3, 1, 0, 3, 1, 0, 1, 1, 3, 3, 3, 3, 2, 3, 3, 1, 3, 0, 0, 1, 1, 3, 1, 3, 2, 3, 3, 1, 1, 2, 3, 2, 1, 3, 0, 0, 3, 1, 1, 3, 1, 3, 0, 3, 1, 3, 3, 0, 1, 1, 1, 1, 1, 3, 1, 3, 1, 0, 0, 2, 1, 0, 1, 1, 1, 3, 0, 3, 3, 3, 1, 3, 1, 2], "confidence_scores": [[0.20562169531030922, 0.336567728416589, 0.13068141754047174, 0.32712915873263], [0.11644872757320933, 0.21642467565566453, 0.28710994593732453, 0.3800166508338017], [0.24934771103974523, 0.29788075432495875, 0.1764787021473757, 0.27629283248792047], [0.12614965634052672, 0.44498352747639686, 0.10106285508479397, 0.3278039610982824], [0.16076290296062076, 0.2113147198500823, 0.3783387126948747, 0.24958366449442235], [0.2769824642273324, 0.23995825507051372, 0.11546579701725367, 0.3675934836849003], [0.3759059598279688, 0.34162558195061726, 0.15097697004139626, 0.13149148818001766], [0.2730132902601958, 0.3571013414277784, 0.22277440491719644, 0.14711096339482946], [0.25971951010625366, 0.21148502287224952, 0.27864418487179327, 0.25015128214970345], [0.29318115198240685, 0.28426216182105546, 0.20975589129433173, 0.21280079490220605], [0.1787582493292014, 0.277751074478272, 0.2561355250754516, 0.28735515111707505], [0.19818650394867382, 0.25152431000023906, 0.29983646809875963, 0.2504527179523276], [0.12906102359140026, 0.2664975166607313, 0.19952857322215528, 0.40491288652571317], [0.2998468028790137, 0.2326868323899715, 0.1902004006344506, 0.2772659640965641], [0.15121278204723587, 0.5105311646957983, 0.15965238195809478, 0.1786036712988711], [0.1434084461141862, 0.4070842950232193, 0.3581326328168669, 0.09137462604572762], [0.20572871824568492, 0.2702814751777403, 0.2445276635496895, 0.2794621430268853], [0.2903475335747177, 0.23349516445434812, 0.20049131544286322, 0.275665986528071], [0.11478976965853135, 0.5112133183429126, 0.1443322489912661, 0.22966466300728977], [0.2719820270514108, 0.33315456970525287, 0.21111005036705852, 0.18375335287627792], [0.13080118163644588, 0.3358878027114469, 0.21513274389591985, 0.31817827175618746], [0.46874371681672616, 0.1427179249069291, 0.2302415146603602, 0.15829684361598473], [0.37484858530072757, 0.28159846922757303, 0.19552937902903936, 0.14802356644266015], [0.12223437568321845, 0.5606283954192479, 0.1710466051805666, 0.1460906237169671], [0.05658929454842344, 0.7773524012593074, 0.08450773878707836, 0.08155056540519089], [0.23359210014226262, 0.3114979073478125, 0.14077846411712153, 0.31413152839280334], [0.22103099115692593, 0.46970785879489796, 0.12044035402821004, 0.1888207960199661], [0.22648734572502147, 0.30350969289437063, 0.11750470058924624, 0.3524982607913616], [0.3532884526651672, 0.19504862330742845, 0.2985145912891976, 0.15314833273820674], [0.1827704993779473, 0.26845759918624296, 0.12447013648963831, 0.4243017649461715], [0.3389353150560123, 0.1930970463843681, 0.3318367049277051, 0.13613093363191442], [0.21404806991517122, 0.34350165534771615, 0.2891955997611388, 0.1532546749759738], [0.19406714209878295, 0.15231374492841515, 0.1932168401794274, 0.4604022727933744], [0.21252931429876287, 0.3748250088734168, 0.14819193968123046, 0.26445373714658993], [0.4558676012029428, 0.23020492687931973, 0.12945359665566436, 0.18447387526207307], [0.35890302013500947, 0.15822763784813682, 0.19536724136648123, 0.28750210065037257], [0.05546632191775569, 0.4352514833627893, 0.09400733372349454, 0.4152748609959604], [0.2588274836968863, 0.16258357387288527, 0.10034100284739045, 0.47824793958283796], [0.5364603198495446, 0.20631377124996614, 0.0898154849171093, 0.16741042398338005], [0.1841794899861155, 0.2978986111420405, 0.2489428249286325, 0.2689790739432114], [0.21274390642231705, 0.218168618730437, 0.11405146494369703, 0.4550360099035489], [0.07154165859737899, 0.24193608822196414, 0.08601736717994891, 0.600504886000708], [0.12775343503178183, 0.3223015132189339, 0.12533847789764646, 0.4246065738516378], [0.0943600570130842, 0.21998241240650915, 0.5169013152263189, 0.16875621535408789], [0.09940354049090448, 0.2030504032461736, 0.0650157008172145, 0.6325303554457075], [0.2120602033500331, 0.42780390000092317, 0.0737495135760346, 0.28638638307300907], [0.10177111089969361, 0.3003382122294603, 0.17649165467681616, 0.4213990221940299], [0.3512589362080732, 0.18345364661364522, 0.17437421541859108, 0.29091320175969065], [0.1779219892670233, 0.36326770613557186, 0.08829533573795029, 0.3705149688594546], [0.18111849570662583, 0.2812814474667576, 0.19282068419789578, 0.3447793726287209], [0.07681131518671168, 0.17947917320116213, 0.0731163483171292, 0.670593163294997], [0.09239858236105483, 0.3765350770710843, 0.14936877402771212, 0.38169756654014886], [0.2259301628874423, 0.3035361636694595, 0.2240987715890719, 0.24643490185402614], [0.21863725052437688, 0.2778700203408061, 0.23473204669381917, 0.268760682440998], [0.09730375410538201, 0.5840661904032853, 0.111703078770801, 0.20692697672053156], [0.09939476905537237, 0.14203185971202373, 0.10079861537408627, 0.6577747558585177], [0.16414788205852482, 0.4035992861198092, 0.20566461400796476, 0.22658821781370114], [0.2619358576101883, 0.3508600343783983, 0.20748227616565248, 0.17972183184576107], [0.13449828058293492, 0.17483393504277875, 0.1429112311488217, 0.5477565532254647], [0.13108136336974935, 0.3859354743938609, 0.07600779819747341, 0.40697536403891615], [0.1467442690121804, 0.36480645148635144, 0.1202994108403988, 0.3681498686610693], [0.14058147160277526, 0.6309875820329962, 0.10607119871560888, 0.12235974764861962], [0.23175480195736986, 0.2995620297722429, 0.2076463836640273, 0.2610367846063601], [0.44720388240885334, 0.201153674327476, 0.143643579852911, 0.20799886341075974], [0.17005540242459635, 0.22256103394343565, 0.08834949382604596, 0.5190340698059221], [0.17831319937974122, 0.2878133305857983, 0.24839289887347266, 0.2854805711609878], [0.22503652859763557, 0.202034046941685, 0.11718249587717149, 0.45574692858350796], [0.3722582893076266, 0.33376125623172914, 0.1003164806398211, 0.19366397382082312], [0.2610342248528225, 0.238533655288692, 0.1562285143049446, 0.344203605553541], [0.10720138529117935, 0.702324833929574, 0.07478576101091981, 0.11568801976832689], [0.3198175427014255, 0.30469824012442753, 0.17623099115435287, 0.19925322601979417], [0.19130360844150415, 0.205219539354304, 0.09249076360270268, 0.5109860886014892], [0.12576804483937945, 0.3128614369609028, 0.26110358663057587, 0.30026693156914186], [0.43342962482468805, 0.2499931460055274, 0.1418989785430711, 0.17467825062671344], [0.3270235096781922, 0.33642121933276525, 0.2076813889807693, 0.12887388200827313], [0.11926202061584538, 0.39565541119167874, 0.3252369936508109, 0.15984557454166498], [0.2956722107720897, 0.15042093501852902, 0.22153507661133578, 0.33237177759804537], [0.20699860756271798, 0.18665450884016996, 0.22007617553213119, 0.38627070806498076], [0.15721511739929073, 0.21972077413340377, 0.15697880446255275, 0.4660853040047529], [0.10011781034339029, 0.22429742063650154, 0.12835119585581467, 0.5472335731642937], [0.20762912358100793, 0.32355160305582437, 0.3284133841953438, 0.1404058891678238], [0.19312930387020483, 0.3264204528428242, 0.083955757994965, 0.396494485292006], [0.04011010849465643, 0.2118132740727556, 0.06624903325191074, 0.6818275841806772], [0.20948904090082396, 0.3677888942552728, 0.20958580911605, 0.2131362557278535], [0.12876773246583345, 0.35079261940540984, 0.1648615438121244, 0.3555781043166322], [0.35593055644219973, 0.2071310069346054, 0.24869251869930417, 0.18824591792389098], [0.4727589952486378, 0.2332426985435968, 0.15181150344971708, 0.14218680275804832], [0.18340249609768156, 0.39825241221945107, 0.1082992491833045, 0.3100458424995629], [0.14736164045812594, 0.38181825536129377, 0.1057845163938989, 0.3650355877866814], [0.10238850016837105, 0.2803454503497038, 0.1631763006084773, 0.45408974887344794], [0.17452995345274752, 0.45445233962221204, 0.14477625955814688, 0.2262414473668934], [0.09652895187562256, 0.32650933060970444, 0.14902860639204912, 0.4279331111226239], [0.19424583241420235, 0.23843420032048424, 0.3339757356564407, 0.2333442316088729], [0.29364418514124363, 0.18659879925040376, 0.11183765238917276, 0.40791936321917993], [0.10158326818588989, 0.326241051571721, 0.0872478646183522, 0.48492781562403703], [0.2244664659749334, 0.28044800932330505, 0.2603491148356242, 0.23473640986613728], [0.1159698750201953, 0.3581138168224935, 0.3292272470699034, 0.19668906108740775], [0.19697336984082237, 0.2203627670545597, 0.46375520408277965, 0.11890865902183825], [0.10164894239833806, 0.17084114654143923, 0.09496626446433924, 0.6325436465958835], [0.14097340778608441, 0.2659849197828561, 0.3196505486159312, 0.2733911238151283], [0.11988672679847417, 0.42187777309461355, 0.18560419777674086, 0.2726313023301713], [0.21517964131498013, 0.14236140225644495, 0.08477232059166985, 0.5576866358369051], [0.6459344947076207, 0.09081128775440017, 0.059030473987077905, 0.20422374355090134], [0.5405490123658908, 0.14555056422769133, 0.18605933693483168, 0.12784108647158623], [0.1572659398153, 0.2644435432903455, 0.14970684828099415, 0.4285836686133604], [0.12712882365566727, 0.44079970771057336, 0.13561069127339653, 0.29646077736036275], [0.25947796491268527, 0.31703366542424466, 0.14714634168342441, 0.2763420279796457], [0.21439261403034357, 0.14998501042169965, 0.13500505793802328, 0.5006173176099334], [0.24587837934968884, 0.29554133388869835, 0.2225504610884013, 0.23602982567321146], [0.24558359076872133, 0.2913907378291951, 0.1651718055046984, 0.29785386589738505], [0.39868289557758374, 0.27755464961665244, 0.11405569596755631, 0.20970675883820747], [0.3083217431622137, 0.13459145565287503, 0.07383921887373207, 0.48324758231117926], [0.22977965957555868, 0.31314286474928876, 0.30743174526537265, 0.14964573040977994], [0.17164095985287234, 0.14149892674641534, 0.34326173401970755, 0.34359837938100485], [0.10052082374765463, 0.2645701173439357, 0.16493438510479844, 0.46997467380361135], [0.42360617013348945, 0.2064457821224599, 0.12208860454107508, 0.2478594432029755], [0.18301704656909468, 0.5540707844909074, 0.1126849647845251, 0.1502272041554729], [0.130590037226997, 0.42621382010077735, 0.07208653649182667, 0.371109606180399], [0.14795442931959057, 0.4183149834092868, 0.1163608408953579, 0.31736974637576465], [0.2083905775204865, 0.4152439440607071, 0.15093147540914725, 0.22543400300965924], [0.24747278355096133, 0.3828121833228559, 0.1494659734675468, 0.220249059658636], [0.09232533335886038, 0.2784939846239669, 0.1858154646414366, 0.44336521737573625], [0.12227069179866128, 0.5654535476886331, 0.14786786547701353, 0.16440789503569214], [0.09697374199920003, 0.20613436018810122, 0.10917360538456586, 0.5877182924281329], [0.09669605445086524, 0.37971890910899864, 0.36130771607915463, 0.16227732036098153], [0.38360691738276037, 0.16729947348288082, 0.08621295906111558, 0.3628806500732432], [0.37683247037074696, 0.25339675558483954, 0.08406083320780787, 0.28570994083660556], [0.09912157868784173, 0.35221807407318906, 0.4738584313928967, 0.07480191584607265], [0.147826311768182, 0.37665989751684337, 0.14654618816925938, 0.3289676025457154], [0.32251653134132435, 0.30739922324034685, 0.11000658762198677, 0.26007765779634195], [0.22227695594753183, 0.36316494273045175, 0.12284841005978507, 0.29170969126223145], [0.18276501003701895, 0.4899473388146763, 0.17318117440527786, 0.15410647674302702], [0.23043086450775882, 0.32720933394761526, 0.226114480644213, 0.2162453209004131], [0.1843384789079563, 0.2502593332506645, 0.08241268554157886, 0.4829895022998004], [0.532151280701994, 0.13427104385962943, 0.10443077928930795, 0.22914689614906864], [0.17904604264477533, 0.1986531527860285, 0.09368965908696143, 0.5286111454822348], [0.27207100785685323, 0.29085181459026854, 0.13855438869008177, 0.29852278886279665], [0.303008389560108, 0.15359999487578924, 0.12581584047164387, 0.41757577509245886], [0.07726993192662827, 0.5719427593938642, 0.2378539809347405, 0.11293332774476686], [0.2858283781006525, 0.2995613629315775, 0.1092051149625394, 0.3054051440052308], [0.18484071889676473, 0.43389690604886133, 0.12916089010961346, 0.25210148494476053], [0.08284853794898356, 0.20539768782668535, 0.5080549955120435, 0.20369877871228761]]}}