{"test": {"ids": ["112117660", "106111321", "104113550", "97107260", "113118690", "102113210", "109115211", "98107010", "99111000", "109118701", "105113190", "109120540", "100109801", "113121980", "103120290", "99107660", "98116500", "97116800", "113121010", "101108580", "99108710", "111120260", "113120751", "103112641", "103112470", "110119030", "113119930", "110114610", "98109311", "111118910", "105116650", "102121440", "105113440", "110118301", "110115250", "104113000", "110116290", "97116500", "112118550", "110118111", "102112250", "112120670", "112116640", "108115570", "110118701", "99108000", "110115120", "109114720", "110117140", "103113270", "101109000", "99109311", "103111110", "102109910", "101111990", "111121351", "111114321", "104113170", "108113620", "103118110", "97107950", "109119340", "101112160", "102110750", "107113360", "104111550", "102110890", "105117351", "106115120", "113119340", "103120780", "103111990", "100111390", "97106600", "106113830", "110120640", "106119990", "109117150", "113119120", "112121010", "105118171", "105117431", "98106111", "99112641", "106121220", "103111170", "98121790", "110116441", "105116980", "109115220", "98108970", "104112201", "98112580", "112118161", "107112840", "107121540", "99119830", "109120621", "110114920", "101108121", "106119260", "105113330", "101112201", "109119460", "107113130", "113118820", "103109021", "101111140", "108118810", "98117740", "110115580", "97112170", "109113881", "99107950", "101109120", "110114561", "110120540", "112120990", "105115680", "103120730", "106117790", "113118511", "112118820", "109121640", "112120270", "99112531", "98107410", "98110710", "107114780", "108114670", "104111620", "107114950", "101113210", "113118620", "105116090", "105112130", "99110730", "103113610", "106119580", "113122120", "109118231", "98111231"], "labels": [0, 0, 1, 2, 3, 3, 0, 3, 2, 3, 3, 1, 0, 2, 2, 3, 2, 0, 2, 0, 2, 3, 1, 3, 1, 0, 1, 1, 1, 0, 1, 2, 0, 1, 1, 1, 2, 2, 3, 1, 0, 2, 0, 3, 3, 2, 0, 0, 3, 2, 1, 1, 3, 2, 2, 0, 1, 3, 3, 2, 2, 3, 3, 1, 0, 1, 0, 0, 1, 0, 1, 2, 2, 3, 1, 0, 0, 2, 3, 2, 3, 1, 0, 1, 1, 2, 2, 3, 0, 3, 3, 0, 2, 0, 1, 2, 1, 1, 3, 0, 1, 3, 0, 1, 1, 0, 0, 2, 1, 2, 1, 0, 0, 1, 1, 0, 1, 2, 2, 1, 1, 1, 0, 0, 0, 3, 3, 2, 2, 3, 0, 3, 3, 3, 1, 1, 3, 2, 3, 1, 1, 1], "predicted_labels": [3, 3, 0, 0, 3, 1, 3, 1, 3, 1, 3, 1, 3, 1, 0, 0, 3, 0, 1, 0, 1, 1, 0, 0, 1, 3, 1, 0, 1, 3, 2, 0, 1, 3, 1, 3, 0, 1, 0, 0, 3, 1, 1, 3, 1, 1, 3, 3, 3, 2, 1, 0, 0, 0, 3, 0, 3, 0, 0, 0, 2, 3, 1, 2, 0, 2, 3, 3, 3, 0, 0, 3, 3, 0, 0, 3, 0, 1, 1, 2, 0, 2, 2, 0, 3, 0, 0, 3, 1, 3, 1, 3, 0, 0, 1, 2, 2, 3, 0, 0, 3, 3, 0, 3, 2, 1, 0, 0, 1, 0, 1, 1, 0, 1, 0, 3, 1, 2, 1, 1, 0, 1, 0, 1, 0, 3, 0, 2, 1, 3, 1, 1, 3, 1, 1, 3, 2, 1, 1, 1, 2, 0], "confidence_scores": [[0.030997387834713015, 0.10466496457640732, 0.00031842965939661246, 0.864019217929483], [0.04903239096110284, 0.09104099426527004, 0.010334782475650514, 0.8495918322979765], [0.7412169443361735, 0.16544360630886967, 0.0011063284896912942, 0.09223312086526549], [0.9248182154681107, 0.04829432933372629, 0.024802420640204766, 0.002085034557958062], [0.01251931600322644, 0.1644114584888014, 0.007662525707471537, 0.8154066998005006], [0.016426693539279846, 0.9597085015192927, 0.01238290686728641, 0.011481898074141059], [0.0018514451633905443, 0.010357446816793127, 0.0016644478272193907, 0.9861266601925969], [0.3380049074539002, 0.4707999303388816, 0.04649797918590787, 0.14469718302131032], [0.01360287975231948, 0.0031293899533848743, 0.11018198803360447, 0.8730857422606911], [0.3352279646097719, 0.6363884283958116, 0.027158250852229608, 0.0012253561421869859], [0.42114890627047497, 0.004480759962702914, 0.005646193581085932, 0.5687241401857362], [0.09758122523703411, 0.5384312801839427, 0.012376450336194432, 0.3516110442428287], [0.0010154954141843098, 0.044984139805610196, 0.00043190757388131913, 0.9535684572063241], [0.1622745891411944, 0.7616341945128204, 0.0023894934370912568, 0.07370172290889401], [0.8519406651408583, 0.08019460637947189, 0.026244621228279655, 0.04162010725139022], [0.5463819491167313, 0.05941798730635252, 0.0016092549470448569, 0.3925908086298713], [0.4530242374169438, 0.00333507781261239, 0.048177586260141445, 0.4954630985103025], [0.9850985204761805, 0.006288270528576544, 0.0021390593168135403, 0.006474149678429409], [0.013185782773704385, 0.5916996452438771, 0.11441397449929454, 0.2807005974831238], [0.9732842673814847, 0.003792676459799243, 0.016540456372600296, 0.0063825997861156995], [0.00031369225113682696, 0.9995374839364284, 9.997573234999512e-05, 4.8848080084952556e-05], [0.304415453374879, 0.6054828576137052, 0.002247614066053112, 0.08785407494536267], [0.9701354427203607, 9.96713629536901e-05, 0.0002478790956082079, 0.029517006821077402], [0.8982030354569365, 0.008254512635416242, 0.010490672114314476, 0.0830517797933328], [0.2281389888485873, 0.5120998486612647, 0.20208690987916936, 0.05767425261097873], [0.00375361146565653, 0.4472463446879495, 0.0015410328044382297, 0.5474590110419558], [0.3476484617245571, 0.5221525844298865, 0.012756132440770843, 0.11744282140478554], [0.7962263371067285, 0.04831680187623213, 0.13937332101523087, 0.016083540001808474], [0.09704059492035447, 0.7666162334063964, 0.03332201835886298, 0.10302115331438606], [0.009555120997828067, 0.3682251026324575, 0.18172087785847452, 0.4404988985112398], [0.002667109930056676, 0.29454200228040417, 0.700050675640514, 0.0027402121490250845], [0.9231290592171679, 0.009496473038526285, 0.043292307672904165, 0.024082160071401577], [0.0023366163891101114, 0.7577963877953555, 0.22099995043402054, 0.01886704538151376], [0.1214346678943054, 0.004562982698072656, 0.0008991612633692112, 0.8731031881442528], [0.006846489184960204, 0.5867977931860467, 0.027192553768265848, 0.37916316386072735], [0.28633252824774563, 0.00750081113603572, 0.032242474580174936, 0.6739241860360436], [0.8568602320145856, 0.0011472777466641198, 0.06580249272223354, 0.07618999751651667], [0.3258792630050841, 0.37606793555851137, 0.013781499816487719, 0.28427130161991687], [0.5126454835952813, 0.3496144441519464, 0.010302191433183255, 0.127437880819589], [0.7839912283432187, 0.04445955767830575, 0.09204028780929496, 0.07950892616918062], [0.15614149611998962, 0.001225588252283466, 0.00769712005926944, 0.8349357955684574], [0.00790211292947588, 0.8865497187083375, 0.011161582906355856, 0.09438658545583088], [0.08246747042544567, 0.8340672188201833, 0.002698790667523649, 0.08076652008684743], [0.0030950349433330874, 0.3166357546051544, 0.08025262152256073, 0.6000165889289517], [0.09931372646211038, 0.8482130303373522, 0.0009438138714777725, 0.05152942932905974], [0.02501327032984195, 0.9502118648334927, 0.022284153340491133, 0.0024907114961742883], [0.2954442637878635, 0.039984577112313714, 0.07966440940452965, 0.5849067496952931], [0.0002022350063112372, 0.025117063140422016, 0.003284019069078041, 0.9713966827841888], [0.24812241013564812, 0.027898289981163425, 0.018444706861788195, 0.7055345930214003], [0.20686056556138607, 0.009026495165766112, 0.7209636119173335, 0.06314932735551433], [0.0070612145463016494, 0.5046174493289673, 0.0007221207080726931, 0.48759921541665824], [0.9139874919439889, 0.051358860160538665, 0.032663924332861694, 0.0019897235626108434], [0.9577113408072534, 0.000154649081390104, 0.001182204013487364, 0.04095180609786911], [0.5836058224887496, 0.09025237292526453, 0.012013365521128758, 0.31412843906485716], [0.3478647486834919, 0.043408806419340244, 0.060724965922596214, 0.5480014789745717], [0.6978752544605064, 0.004215048424544482, 0.0008969580794196432, 0.2970127390355296], [0.020944732873173288, 0.3289135085213147, 0.005060871704721995, 0.6450808869007899], [0.7113586086223505, 0.1231360358570362, 0.006554241062907639, 0.15895111445770577], [0.627066667566538, 0.3462667667359561, 0.0008729789532404494, 0.02579358674426567], [0.5542121322684889, 0.19213803996552237, 0.21338812101989452, 0.04026170674609436], [0.056173734118147634, 0.030007116865426398, 0.5212159592480243, 0.39260318976840164], [0.02218756339884491, 0.07441669280053091, 0.010857231873416907, 0.8925385119272073], [0.002828934791503389, 0.9084050743824864, 0.07045817980575382, 0.018307811020256415], [0.0005630836810290696, 0.1736757623309205, 0.8249929790544372, 0.0007681749336132027], [0.5273480661293113, 0.45598090279221254, 0.004616865663372265, 0.012054165415103827], [0.05341980664888177, 0.008009596931725668, 0.733406380979971, 0.20516421543942168], [0.13932017416028672, 0.0058572982524328875, 0.009516717273535839, 0.8453058103137445], [0.1416950008213871, 0.01859144715002496, 0.01322877031375394, 0.8264847817148341], [0.27943392808736317, 0.1526491650175288, 0.002066722651842763, 0.5658501842432653], [0.9783422096485561, 0.018670737849729207, 6.665242965533405e-05, 0.0029204000720593135], [0.9148972952583732, 0.04816331886164975, 0.0013312703335786262, 0.03560811554639863], [0.0357951874046063, 0.4392453807724464, 0.024569998677643996, 0.5003894331453033], [0.17470105966442084, 0.1594443146385484, 0.1833364549907413, 0.4825181707062896], [0.3769137798112273, 0.30037205795230637, 0.0023331993790016176, 0.32038096285746465], [0.9437276566620914, 0.002667132160818894, 0.002913927269216332, 0.05069128390787339], [0.3232677649214306, 0.005613716713794954, 0.01755281468886529, 0.6535657036759092], [0.8510687841709749, 0.0129433964641251, 0.1211078675016808, 0.01487995186321934], [8.575403988778611e-05, 0.9967704405374518, 0.0014702960213561942, 0.0016735094013043289], [0.01917012753143065, 0.8542217222482925, 0.0005657062772288629, 0.12604244394304806], [0.015563156163089823, 0.3295043645701989, 0.5880512882528925, 0.06688119101381883], [0.7642057066207297, 0.1629288729125543, 0.012115285055304511, 0.06075013541141132], [0.01766947715455964, 0.030079651463883215, 0.8448154394396911, 0.10743543194186617], [0.05842448512825153, 0.25362400740097973, 0.5838849651967128, 0.10406654227405579], [0.5227890985475112, 0.26083203627924223, 0.15505829473811086, 0.061320570435135696], [8.0999660991954e-05, 0.02108026174259419, 0.0020786584011698154, 0.9767600801952441], [0.7924847931189694, 0.11537546900004045, 0.0064735306322961485, 0.08566620724869395], [0.6676840128796384, 0.1689752845158577, 0.1109552265233627, 0.05238547608114119], [0.07734680655667786, 0.22766423815980988, 0.0356896509890639, 0.6592993042944483], [0.14669955007519808, 0.7956050069983038, 0.0014942243692157805, 0.056201218557282204], [0.21332373798380305, 0.11681738592589197, 0.019609883211666547, 0.6502489928786385], [0.003419954475236178, 0.9417896350160541, 0.05424815592875147, 0.0005422545799582567], [0.17999074303858942, 0.05314561389568558, 0.009723458220765336, 0.7571401848449598], [0.7600869159455438, 0.08659151919884593, 0.02333462724838989, 0.12998693760722033], [0.720240337182971, 0.21957610438329006, 0.016678668997030573, 0.04350488943670847], [0.0010529354800949513, 0.9902524574087435, 0.004834027244644056, 0.0038605798665174254], [0.0017440898993394522, 0.3787480125712856, 0.5498005880912133, 0.06970730943816164], [0.3757997463141946, 0.04067116789668954, 0.4208227870166708, 0.16270629877244502], [0.0032521639376164053, 0.004587830078986576, 0.0023450268301839884, 0.989814979153213], [0.9363902641819061, 0.021134902919060564, 0.04116453160519014, 0.0013103012938432983], [0.9301417939490865, 0.0037391847635458242, 0.0005182485746685982, 0.06560077271269898], [0.0031636067339850457, 0.00194145672973761, 0.09595481897076104, 0.8989401175655163], [0.39339703699125694, 0.03732289919837906, 0.000737179657024585, 0.5685428841533395], [0.9244750973718149, 0.01955550396423407, 0.001312298428146387, 0.05465710023580462], [0.003844343172767812, 0.0013849834973919007, 0.0008391303449040603, 0.9939315429849361], [0.04036511450703397, 0.26949728014414165, 0.41073945029972225, 0.27939815504910204], [0.29043971234559623, 0.708189381188193, 0.00023024889436338796, 0.0011406575718473611], [0.6309720081606919, 0.02613259923998001, 0.10603254846831542, 0.23686284413101263], [0.7256074976300477, 0.0577706595114169, 0.15213170270015092, 0.06449014015838442], [0.004633407912063552, 0.8461982184301525, 0.00323305232423135, 0.1459353213335526], [0.7825273465904892, 0.18495591689727264, 0.01776775802817509, 0.014748978484062933], [0.35112310823731735, 0.6054420034071459, 0.01744826522520741, 0.025986623130329206], [0.06445280651793027, 0.5286577079832406, 0.0031038285793881923, 0.403785656919441], [0.8944523513287634, 0.0021798615747514022, 0.08703931223712409, 0.016328474859361054], [0.03582790855876627, 0.737001726633989, 0.22686962074880745, 0.00030074405843721403], [0.7660787353752099, 0.06066221325039877, 0.008374778875282526, 0.1648842724991088], [0.2637470167330083, 0.02703161374280239, 0.10121151233013868, 0.6080098571940507], [0.019041561720949066, 0.883217241760628, 0.00934954359417149, 0.0883916529242515], [0.007264038113782711, 0.323848340537445, 0.6683413961149637, 0.0005462252338086329], [0.008127169522258762, 0.6408713669101214, 0.25760035090626704, 0.0934011126613528], [0.35451847778860224, 0.5445279150604642, 0.0390167718039131, 0.061936835347020436], [0.848878493625743, 0.07311488970836594, 0.00875394481064283, 0.06925267185524807], [0.03011333516186289, 0.9609673095595109, 0.002043160099516151, 0.006876195179109866], [0.8747384617834288, 0.10504557015845903, 0.004599336997929408, 0.015616631060182833], [0.04124345475069575, 0.5959280606933648, 0.010724239633189364, 0.3521042449227502], [0.6041050596426268, 0.0018737548972304675, 0.004245178154090918, 0.3897760073060519], [0.021453661967997716, 0.0007553064035397512, 0.0038054950889827304, 0.9739855365394797], [0.9515204269767942, 0.0005612230976733834, 0.0002466598971192578, 0.047671690028413066], [0.00030932791313698907, 0.05510510949560616, 0.9104443601616823, 0.034141202429574406], [0.0006912038958166216, 0.9862216944578512, 0.00616967626813828, 0.0069174253781938795], [0.05743177110068641, 0.17240715186169844, 0.0019031664701591223, 0.7682579105674561], [0.2841644826870634, 0.5270405014673981, 0.027979561513431412, 0.160815454332107], [0.34070200144945495, 0.5886817554015823, 0.0033051682088146416, 0.0673110749401481], [0.08136268718321515, 0.10677375933147815, 0.28572983551703707, 0.5261337179682696], [0.1667909555643812, 0.42677743513820227, 0.026837620769146055, 0.3795939885282706], [0.07890785393153252, 0.9024874984348894, 0.004205085738182251, 0.014399561895395863], [0.012086039312876584, 0.401712137037571, 0.034640031134547736, 0.5515617925150046], [0.0005151966578750602, 0.0008061129098168736, 0.9950233845512095, 0.0036553058810985454], [0.023919226732718405, 0.5387510570561774, 0.14684660300510718, 0.29048311320599696], [0.00048400746945633416, 0.9392255967330575, 0.059073893975091614, 0.0012165018223945976], [0.04263972905919769, 0.54960256074256, 0.13962284590197266, 0.26813486429626965], [0.07013835584499126, 0.4066845670676893, 0.47179319700685635, 0.051383880080463074], [0.4346311144137035, 0.35213514200022705, 0.13064948201696563, 0.08258426156910387]]}, "rewritten": {"ids": ["97106600", "97107260", "97107950", "97112170", "97116500", "97116800", "98106111", "98107010", "98107410", "98108970", "98109311", "98110710", "98111231", "98112580", "98116500", "98117740", "98121790", "99107660", "99107950", "99108000", "99108710", "99109311", "99110730", "99111000", "99112531", "99112641", "99119830", "100109801", "100111390", "101108121", "101108580", "101109000", "101109120", "101111140", "101111990", "101112160", "101112201", "101113210", "102109910", "102110750", "102110890", "102112250", "102113210", "102121440", "103109021", "103111110", "103111170", "103111990", "103112470", "103112641", "103113270", "103113610", "103118110", "103120290", "103120730", "103120780", "104111550", "104111620", "104112201", "104113000", "104113170", "104113550", "105112130", "105113190", "105113330", "105113440", "105115680", "105116090", "105116650", "105116980", "105117351", "105117431", "105118171", "106111321", "106113830", "106115120", "106117790", "106119260", "106119580", "106119990", "106121220", "107112840", "107113130", "107113360", "107114780", "107114950", "107121540", "108113620", "108114670", "108115570", "108118810", "109113881", "109114720", "109115211", "109115220", "109117150", "109118231", "109118701", "109119340", "109119460", "109120540", "109120621", "109121640", "110114561", "110114610", "110114920", "110115120", "110115250", "110115580", "110116290", "110116441", "110117140", "110118111", "110118301", "110118701", "110119030", "110120540", "110120640", "111114321", "111118910", "111120260", "111121351", "112116640", "112117660", "112118161", "112118550", "112118820", "112120270", "112120670", "112120990", "112121010", "113118511", "113118620", "113118690", "113118820", "113119120", "113119340", "113119930", "113120751", "113121010", "113121980", "113122120"], "labels": [3, 2, 2, 0, 2, 0, 0, 3, 3, 3, 1, 2, 1, 2, 2, 2, 2, 3, 1, 2, 2, 1, 3, 2, 3, 1, 1, 0, 2, 0, 0, 1, 1, 2, 2, 3, 0, 3, 2, 1, 0, 0, 3, 2, 0, 3, 2, 2, 1, 3, 2, 2, 2, 2, 1, 1, 1, 0, 0, 1, 3, 1, 1, 3, 3, 0, 2, 1, 1, 0, 0, 1, 3, 0, 1, 1, 1, 1, 3, 0, 1, 1, 1, 0, 2, 3, 2, 3, 3, 3, 1, 0, 0, 0, 3, 2, 1, 3, 3, 1, 1, 1, 0, 0, 1, 3, 0, 1, 1, 2, 3, 3, 1, 1, 3, 0, 1, 0, 1, 0, 3, 0, 0, 0, 0, 3, 0, 0, 2, 2, 2, 1, 3, 3, 0, 3, 0, 1, 1, 2, 2, 1], "predicted_labels": [0, 0, 0, 3, 0, 0, 3, 0, 0, 0, 0, 1, 0, 1, 3, 0, 0, 0, 3, 0, 0, 0, 2, 0, 0, 0, 0, 0, 0, 0, 0, 3, 0, 0, 0, 0, 0, 0, 0, 2, 0, 3, 0, 1, 0, 0, 0, 0, 0, 1, 0, 0, 0, 0, 0, 0, 0, 3, 3, 0, 0, 0, 1, 0, 0, 3, 1, 0, 1, 0, 0, 1, 1, 0, 0, 0, 0, 3, 0, 0, 3, 0, 0, 0, 1, 0, 3, 0, 0, 2, 1, 0, 0, 0, 0, 0, 0, 1, 0, 3, 0, 3, 1, 0, 0, 0, 0, 0, 0, 0, 0, 3, 0, 0, 0, 1, 2, 0, 0, 3, 1, 1, 0, 3, 0, 0, 0, 0, 1, 0, 0, 0, 0, 0, 0, 0, 0, 0, 0, 3, 0, 0], "confidence_scores": [[0.9858454626427162, 0.0010757250633615413, 0.012491673720595096, 0.0005871385733270071], [0.9263465261317194, 0.0038204265765246948, 0.06927470329899275, 0.0005583439927631844], [0.731176655078268, 0.031469601046800785, 0.07272743317648189, 0.1646263106984494], [0.20169693302950098, 0.05181995952898293, 0.0001815729291277797, 0.7463015345123882], [0.921414855005349, 0.010547929320816132, 0.023502805055266678, 0.044534410618568124], [0.9216673120132562, 0.0034619766384646152, 0.061118762739147854, 0.0137519486091313], [0.0010554573564227118, 0.002110485730750132, 2.3375333025233762e-05, 0.9968106815798019], [0.6266981454174264, 0.0026661348625081445, 0.35692238944598764, 0.013713330274077966], [0.9951568699371729, 0.0025047551224230045, 0.0013388176444871054, 0.0009995572959170685], [0.7255335371237772, 0.004450571291740943, 0.1698472418584586, 0.10016864972602334], [0.6798967888287524, 0.31497132170651526, 0.0002846036813221671, 0.0048472857834101065], [0.21335815688576082, 0.5802522908776429, 0.04884080348679844, 0.15754874874979793], [0.881456388169502, 0.02117640790642193, 0.0012019091566502593, 0.09616529476742579], [0.08091003446068853, 0.420317033542407, 0.3657091427145308, 0.13306378928237364], [0.38140869998663224, 0.15045340367781931, 0.033779784244079465, 0.434358112091469], [0.9699388980379278, 0.006751972674894513, 0.02190375259794762, 0.0014053766892303072], [0.9516586835122375, 0.01694248541215637, 0.031193230080499085, 0.00020560099510714784], [0.9443271873376593, 0.01200040318978704, 0.0009394045208674542, 0.04273300495168627], [0.29698091265290905, 0.2306407522287027, 0.043769119851538446, 0.4286092152668498], [0.9200442389481224, 0.0792445846801896, 0.0006863151717461625, 2.4861199941919732e-05], [0.9308177718873785, 0.031632990061662015, 0.006413588115192766, 0.03113564993576692], [0.9941136122605246, 0.004081745371223379, 0.001184289838042728, 0.0006203525302092904], [0.014910429300978, 0.00673944856179498, 0.9774043953814581, 0.000945726755769023], [0.8111570662043065, 0.0038034309780497324, 0.006099801349076902, 0.1789397014685669], [0.9411422504995232, 0.0044597960949883195, 0.00937157132105053, 0.04502638208443794], [0.9903465910976501, 0.00726338432914722, 0.0022282890564965553, 0.00016173551670627814], [0.9096432877800442, 0.02020845547102125, 0.04424833548476237, 0.025899921264172024], [0.8134597054581931, 0.007064792930802189, 0.009491848578392007, 0.16998365303261267], [0.5062331989806491, 0.007271225987929421, 0.4133996845099801, 0.0730958905214414], [0.8207618169501167, 0.17545453973764305, 0.0015260476982254976, 0.002257595614014842], [0.9574928438169488, 0.029320107303797027, 0.00130234471924786, 0.011884704160006504], [0.04621201712645454, 0.0034669214406983038, 0.00018696367865199274, 0.9501340977541951], [0.9450664932884666, 0.003081883591061784, 0.035088492837141716, 0.01676313028332991], [0.9667030084501486, 0.0013227760457282145, 0.005041816715967606, 0.026932398788155707], [0.7579666524482149, 0.006505220503943437, 0.04202043022738316, 0.19350769682045857], [0.598398052401323, 0.018045755798252214, 0.22141159753292308, 0.16214459426750166], [0.9063206967831822, 0.0048090122987327856, 0.0008143252369871828, 0.08805596568109794], [0.6280532475448766, 0.13059477322713245, 0.09464295605216555, 0.14670902317582557], [0.996633217332528, 0.0025294209004860548, 6.621298264720607e-05, 0.0007711487843386633], [0.2618980023758951, 0.20818344860903165, 0.528746938849848, 0.0011716101652252582], [0.9822801831181258, 0.001654222722849775, 0.002244824038916526, 0.013820770120107888], [0.293379412158566, 0.002005618410880437, 0.000985292315928908, 0.7036296771146247], [0.9706808965130407, 0.013461792976323637, 0.011135372341874063, 0.004721938168761622], [0.28469230605737306, 0.626589005998821, 0.0846176525909647, 0.004101035352841298], [0.998638551745255, 0.0003384507846419829, 0.0010076501423483713, 1.5347327754680076e-05], [0.9350950005234436, 0.0007046701274818071, 0.001999719657443481, 0.06220060969163085], [0.8787320470852296, 0.116531839344892, 0.001496561722362942, 0.0032395518475154044], [0.7991622995042763, 0.19614058491275996, 0.0006230235360286593, 0.004074092046935033], [0.6746503601339136, 0.22213521823335727, 0.03444129577390794, 0.06877312585882119], [0.4544975105607674, 0.4640035913596437, 0.06040303415779937, 0.02109586392178963], [0.9774371251709743, 0.0004735741209508311, 0.019079334199841525, 0.003009966508233478], [0.9704844184505368, 0.004733628249733492, 0.0023608576150334366, 0.022421095684696003], [0.681355894978694, 0.24471022512857296, 0.07090978029191615, 0.0030240996008169727], [0.6769436339633981, 0.17481535483605348, 0.10214786822458945, 0.04609314297595909], [0.9573062139131427, 0.0019137224854794354, 0.03635373225131835, 0.004426331350059465], [0.9968378900632723, 0.0018712752831981654, 0.00017244509857339014, 0.0011183895549560826], [0.9823126749762516, 0.00013753342125303876, 0.017224459608215812, 0.0003253319942794121], [0.014732730881189452, 0.0016767127830061054, 0.000542374420884283, 0.9830481819149202], [0.08975500596671572, 0.00016524657895943058, 0.00016690416631150997, 0.9099128432880134], [0.755590067573325, 0.028303252662841165, 0.046943235276249794, 0.1691634444875839], [0.5971479415553432, 0.35517620747515527, 0.015360363871684072, 0.032315487097817376], [0.9041905129057651, 0.003977633080532871, 0.0003324004226934415, 0.09149945359100847], [0.12169040235758273, 0.4647355459199059, 0.15904501142637187, 0.2545290402961396], [0.9017222210971917, 0.004831680897622453, 0.010600891832832651, 0.08284520617235308], [0.9278404112610729, 0.007220584674502567, 0.0017377087019236166, 0.06320129536250103], [0.0001613413194928173, 0.018258898904019105, 0.00030481690788677635, 0.9812749428686014], [0.14738605191845397, 0.8085847433471711, 0.031489136516844304, 0.012540068217530604], [0.8783059025276, 0.03666764567111617, 0.042178374279279306, 0.042848077522004514], [0.018327492044691595, 0.8978886899094101, 0.002051012533975836, 0.08173280551192261], [0.9777607988710506, 0.008437198565048007, 0.0009075509218287513, 0.012894451642072624], [0.9120089505591653, 0.011501115219361289, 0.003125076590954377, 0.07336485763051889], [0.12506265096387167, 0.8299750227143644, 0.00873900972270987, 0.03622331659905416], [0.4877165590308451, 0.4921680372565998, 0.0020647752460920786, 0.018050628466462923], [0.6216354474172144, 0.01720487665489482, 0.008276141223200013, 0.35288353470469064], [0.997347195704017, 4.8981058937488154e-05, 0.0021383265518134294, 0.00046549668523205743], [0.9663264019205114, 0.008563728168001819, 0.0011543770909880635, 0.02395549282049866], [0.9791580428303478, 0.019327474404619762, 0.0013953584326685847, 0.00011912433236376277], [0.2717824754693645, 0.0016510979335677737, 0.015775477308887585, 0.7107909492881802], [0.8902936129116655, 0.038671713717435906, 0.03299301574574882, 0.038041657625149744], [0.9133729984857907, 0.013703053354797, 0.06928723677010137, 0.003636711389311045], [0.020663833234418772, 0.0028771588120082474, 0.0018022972692180695, 0.9746567106843549], [0.8170990595397952, 0.0014678049993091565, 0.045484935246075546, 0.1359482002148202], [0.9889000208053673, 6.623329535059605e-05, 0.010451169709731638, 0.0005825761895504536], [0.7566284028668784, 0.028323695832102064, 0.05571629063826401, 0.15933161066275564], [0.14621414813977826, 0.49751742710788227, 0.32197825548628, 0.03429016926605947], [0.9091225472519653, 0.012847511725150643, 0.05638917303182466, 0.021640767991059476], [0.2717005678587093, 0.01233492303497025, 0.0460815210805785, 0.6698829880257419], [0.6687190956113237, 0.30889836809779286, 0.017515095477834395, 0.0048674408130489795], [0.9988788828512621, 3.335360277916241e-05, 0.0010106204460210207, 7.714309993762278e-05], [0.04742102519801904, 0.0783828891194243, 0.4649571669483794, 0.4092389187341773], [0.22666855933348135, 0.7682591081025132, 0.0015512498606157768, 0.0035210827033896924], [0.9438552009645583, 0.005079644808685444, 0.01644929106316986, 0.03461586316358641], [0.38910866682385625, 0.0010216002204368984, 0.2645976830453195, 0.34527204991038735], [0.981551786619907, 0.0020864025808954327, 0.002390976794246077, 0.013970834004951574], [0.9492873266059552, 0.0003119939653359012, 4.1080434309126484e-05, 0.05035959899439977], [0.9152641456378722, 0.0269385379079583, 0.05405998798841168, 0.0037373284657579503], [0.9236149120653858, 0.01583968771556409, 0.028124760782348854, 0.032420639436701156], [0.03659080097064125, 0.9611872072716036, 1.7129011875059385e-05, 0.00220486274588013], [0.9339814258854993, 0.05826249534119216, 0.004770928812566981, 0.0029851499607416675], [0.003608449359144647, 0.4569049941101498, 0.005512475641891505, 0.5339740808888142], [0.5114895276045738, 0.3180783908338361, 0.005357523223108805, 0.16507455833848148], [0.02224576859025769, 5.713385590915865e-06, 5.169517262117717e-06, 0.9777433485068893], [0.261573483567704, 0.41583307458242774, 0.0006981384563350265, 0.3218953033935333], [0.967929487375056, 0.00031015208411492586, 0.0009539591574354557, 0.030806401383393668], [0.6962034787237372, 0.2812600210663199, 0.011507466664626846, 0.011029033545316062], [0.6970288816878898, 0.11290697087951147, 0.18249449377368218, 0.007569653658916608], [0.9985837339067256, 0.0009657589320303299, 0.0004350416408415627, 1.5465520402565718e-05], [0.6206865544966691, 0.004822443402551977, 0.058686349823162655, 0.3158046522776162], [0.9185571759146037, 0.02425863511363374, 0.007551151120805494, 0.04963303785095683], [0.6528379556635151, 0.017925068196924326, 0.30958491990056053, 0.019652056239000015], [0.9906503242069041, 0.00018806565170898906, 5.069248596060795e-05, 0.009110917655426182], [0.17975536465443995, 0.009770468198387715, 0.004749800180412736, 0.8057243669667596], [0.7598671923039444, 0.020867832313757318, 0.022387407923667176, 0.19687756745863125], [0.992158912805389, 0.003504340092097216, 0.002537515402855596, 0.0017992316996582039], [0.7528549797968397, 0.21525054214655318, 0.0008462120725211156, 0.031048265984086155], [0.2962537688002272, 0.6110401466039295, 0.02771211815214723, 0.06499396644369602], [0.14175810462970234, 0.021705018706534348, 0.8339300207145974, 0.002606855949165797], [0.45558184995731005, 0.22970620392411267, 0.007975329267268195, 0.30673661685130904], [0.44451335892873967, 0.12101765684639557, 0.3842976495373754, 0.05017133468748947], [0.31449957867472905, 0.04478436746575198, 0.0030731671486659007, 0.6376428867108531], [0.35892029354100263, 0.5697448256422731, 0.07123757465761996, 9.730615910418044e-05], [0.1680918843814091, 0.8166275695686511, 0.0044125817834373094, 0.010867964266502425], [0.8686384341038429, 0.11736396898703039, 0.0006253073539156442, 0.013372289555211091], [0.08489032473718253, 0.0003679125577218216, 4.4151332145721996e-05, 0.91469761137295], [0.9270858315509839, 0.04990583549811281, 0.009730804147990635, 0.0132775288029127], [0.9981164445662516, 0.0009352935839042144, 0.0004671095203185036, 0.0004811523295254975], [0.990591941225589, 0.0013586027270481122, 0.00011569882786697086, 0.007933757219495897], [0.4667745838660627, 0.21555944776949984, 0.11065717764278452, 0.207008790721653], [0.10243046384437764, 0.8085720104215716, 0.04590664458032968, 0.043090881153721165], [0.4321226618522122, 0.3864420512864218, 0.010188524587829923, 0.17124676227353602], [0.5163303207563417, 0.45418977581405967, 0.02708677123535139, 0.002393132194247366], [0.9377633770899428, 0.042575467005342274, 0.012558486022604898, 0.007102669882109963], [0.6116671237446634, 0.2232928923315608, 0.03562022933637605, 0.12941975458739977], [0.994289877588948, 1.9414874136296656e-05, 1.2656224598794262e-05, 0.005678051312316701], [0.9971319908653112, 0.0023776281052437253, 8.730978054447156e-05, 0.0004030712489005979], [0.6721157550409111, 0.010555633732931998, 0.0009602594571028755, 0.316368351769054], [0.9982923214180291, 0.00013331032362972383, 1.3960516612837607e-05, 0.0015604077417282463], [0.9161227321009605, 0.011989903686536863, 0.04492126435848449, 0.02696609985401801], [0.921838238771171, 0.002660684626702814, 0.00014766435976326805, 0.07535341224236308], [0.05362622134354239, 0.013269102848441364, 0.011991637757489836, 0.9211130380505265], [0.7190857863730882, 0.02515710200895794, 0.008077388041089982, 0.24767972357686383], [0.44473675249160843, 0.21194908502375687, 0.25995377663804276, 0.08336038584659193]]}}