{"test": {"ids": ["105113260", "98109230", "102109010", "113118421", "113121950", "113119120", "111120540", "109119591", "98116940", "113122220", "107118780", "107114780", "109114651", "103112641", "108115070", "108119510", "99111620", "97112830", "102121440", "105118230", "110120531", "107113170", "113119300", "97109080", "108120280", "104114410", "109116810", "99108460", "111119340", "107116501", "100116790", "112117660", "105116980", "111120280", "105116860", "113120780", "98106680", "110114561", "112116880", "106114011", "106113830", "110115980", "113122120", "105118740", "105113210", "104114230", "113120751", "97113260", "107113130", "103113640", "97112290", "104119340", "110113591", "112116990", "113117630", "108118301", "99109780", "107114490", "100120010", "108120260", "111117120", "107112850", "97110950", "103118110", "113118111", "111120220", "99113260", "99109860", "108117720", "100111390", "97107950", "99117740", "113121750", "106115240", "110116441", "112119450", "106118820", "102111990", "104117630", "109115211", "98108520", "97106770", "112116290", "103113101", "109121640", "110118701", "106114150", "113121220", "110114651", "99111930", "100120780", "112117571", "101112201", "106119580", "108120700", "111121190", "99108310", "109115220", "109113931", "104113000", "100116500", "108119330", "109119010", "105112240", "111116640", "103120290", "109119450", "99108520", "110116300", "99108710", "109116040", "110114950", "106112770", "104111830", "108114200", "105113170", "105119950", "97116500", "105113190", "105116090", "101108460", "99111440", "113120601", "104118340", "105115380", "101108121", "102110500", "113118630", "97116800", "111119930", "110118121", "110120640", "105121370", "100109000", "98112170", "111114321", "108120621", "113122180", "106118520", "113119930", "112116540", "102110890"], "labels": [3, 1, 1, 3, 3, 3, 1, 0, 2, 1, 1, 2, 3, 3, 1, 1, 3, 2, 2, 1, 0, 0, 1, 2, 3, 1, 3, 0, 3, 1, 2, 0, 0, 0, 2, 0, 1, 0, 0, 1, 1, 1, 1, 1, 3, 2, 1, 1, 1, 1, 1, 1, 0, 0, 0, 1, 2, 3, 0, 1, 2, 1, 3, 2, 1, 3, 0, 2, 1, 2, 2, 2, 0, 1, 3, 3, 3, 2, 0, 0, 2, 3, 0, 3, 0, 3, 1, 3, 3, 1, 1, 3, 0, 3, 2, 1, 2, 3, 1, 1, 2, 0, 3, 1, 0, 2, 3, 2, 3, 2, 0, 0, 1, 3, 0, 0, 3, 2, 3, 1, 0, 3, 2, 2, 1, 0, 3, 3, 0, 1, 3, 0, 2, 1, 3, 1, 1, 2, 2, 1, 1, 0], "predicted_labels": [3, 2, 3, 0, 1, 0, 1, 0, 1, 3, 0, 0, 0, 1, 0, 1, 3, 3, 3, 1, 0, 3, 3, 1, 0, 0, 3, 3, 3, 3, 1, 3, 3, 3, 1, 1, 2, 1, 1, 0, 3, 3, 1, 1, 3, 2, 3, 3, 1, 0, 3, 3, 3, 3, 1, 0, 1, 3, 1, 0, 1, 1, 3, 3, 3, 0, 1, 1, 1, 1, 3, 0, 1, 0, 0, 3, 3, 0, 0, 3, 0, 0, 1, 3, 1, 1, 0, 3, 1, 1, 3, 0, 3, 3, 3, 3, 3, 3, 0, 0, 2, 3, 2, 0, 1, 2, 2, 2, 1, 1, 3, 3, 3, 3, 0, 3, 1, 1, 0, 3, 3, 3, 1, 1, 2, 3, 3, 3, 0, 0, 0, 1, 3, 3, 3, 1, 0, 3, 3, 0, 1, 3], "confidence_scores": [[0.2826724513026087, 0.2856198283630472, 0.10380921469643982, 0.3278985056379043], [0.22290962858636582, 0.2434541705817577, 0.3275160189388823, 0.20612018189299408], [0.23688697269472733, 0.2908026507812927, 0.1666086484661152, 0.30570172805786483], [0.37541730172876503, 0.24359669502133702, 0.07122741655458732, 0.3097585866953106], [0.17966712981060795, 0.2948505414099334, 0.27241163403248986, 0.2530706947469691], [0.28551782517614055, 0.2592512755957845, 0.1522779882102832, 0.3029529110177918], [0.176828907371006, 0.31739334778326805, 0.2547637211475741, 0.25101402369815173], [0.2811197216206387, 0.2536782976635823, 0.19004507499548104, 0.275156905720298], [0.24884080613916468, 0.28816756075878525, 0.2012244923959376, 0.2617671407061127], [0.24288813085171504, 0.29884164851109074, 0.14388965357597924, 0.31438056706121525], [0.313440717573926, 0.27016655668613043, 0.10055091827033104, 0.3158418074696126], [0.2668798594882666, 0.2792680315667964, 0.16366624880021766, 0.2901858601447191], [0.3212192867341953, 0.22745925691509838, 0.17278777327942285, 0.2785336830712835], [0.23384185915851097, 0.27851778390112814, 0.2102076445543902, 0.2774327123859705], [0.29724629158555665, 0.2580648056216647, 0.19661606018704816, 0.24807284260573043], [0.2243986866637563, 0.2871724728380659, 0.23429477230931176, 0.25413406818886625], [0.2303123647956151, 0.2822748051677756, 0.17873964330229633, 0.3086731867343129], [0.22523844328037607, 0.2563363433629459, 0.23162982742419375, 0.28679538593248394], [0.19833152518449662, 0.2842527786465895, 0.22291976293333882, 0.2944959332355752], [0.21539567621488956, 0.3251513461254097, 0.12247157411782515, 0.3369814035418754], [0.3014542764871396, 0.2815867872906701, 0.10196556815853129, 0.3149933680636591], [0.2511839536447788, 0.3073959827455954, 0.11367218665912229, 0.32774787695050334], [0.3044792409587971, 0.2745123064755129, 0.08609269053917762, 0.3349157620265123], [0.2067859593983573, 0.33157582848621997, 0.12962695530343696, 0.33201125681198584], [0.31572355153454645, 0.24372230173883092, 0.12783479701319553, 0.31271934971342696], [0.32410886466396904, 0.25241840149891365, 0.10689418708190897, 0.31657854675520847], [0.2782918253189182, 0.2948520337638643, 0.09757274662117804, 0.32928339429603937], [0.26817484753994847, 0.3053095220940932, 0.08408500461897568, 0.3424306257469824], [0.3201702528684052, 0.27675277786426644, 0.07098651450473273, 0.3320904547625959], [0.27671800956125103, 0.2785384549164965, 0.13124024224541425, 0.3135032932768383], [0.2697205328292301, 0.2802603255996857, 0.18032879276792854, 0.26969034880315546], [0.2796633220053415, 0.2711634638721383, 0.1210365249931807, 0.32813668912933924], [0.31806401785348526, 0.2657811825644126, 0.08956907214913647, 0.3265857274329661], [0.2962211903905226, 0.29319399497101756, 0.06710071776618287, 0.34348409687227704], [0.2710246125660869, 0.2961067972874279, 0.11946181593693415, 0.313406774209551], [0.24123943325051547, 0.317812121329898, 0.11537837086449584, 0.3255700745550908], [0.1680996890420007, 0.28580156502142046, 0.30066467695138055, 0.24543406898519815], [0.2458854352843348, 0.29915396544779005, 0.16766549301754707, 0.2872951062503279], [0.18818623788369576, 0.31208990580948665, 0.20747651531392194, 0.29224734099289573], [0.3068536427290512, 0.28888848129434347, 0.1207591430649124, 0.2834987329116926], [0.27746710939731645, 0.2812713677377159, 0.1251216582168867, 0.31613986464808114], [0.27667366358452367, 0.30979930296809266, 0.08084332383741319, 0.3326837096099704], [0.2654700200660743, 0.28461389190447695, 0.20572438895400955, 0.24419169907543914], [0.2364397130293922, 0.30730866041795524, 0.14564375065819588, 0.31060787589445654], [0.30915039165009894, 0.27565047117777075, 0.08111391207655194, 0.3340852250955783], [0.1487572550440612, 0.27349876074480356, 0.3712511041426852, 0.20649288006845018], [0.22043282938598263, 0.27491818564517073, 0.20782865772941234, 0.29682032723943474], [0.22117217445853676, 0.25312703464507125, 0.2166066251749147, 0.30909416572147747], [0.21102690849584135, 0.2841300254720619, 0.2669075003377331, 0.23793556569436392], [0.35932643430466854, 0.2498954730879256, 0.07599205043830899, 0.31478604216909706], [0.28196478529132946, 0.265396438355351, 0.13349961623208162, 0.3191391601212381], [0.26210899888519096, 0.29217340212773524, 0.11247910765764613, 0.3332384913294274], [0.2995369021172009, 0.29785105076113416, 0.06687313936207832, 0.33573890775958637], [0.3146295377742308, 0.2170155957570161, 0.16721117516907116, 0.301143691299682], [0.22781451660157917, 0.3158389819471544, 0.13518711957854299, 0.3211593818727236], [0.31123920589109744, 0.2754099785289818, 0.08632055438642862, 0.3270302611934923], [0.1938246513265378, 0.2980044173325506, 0.23258706661391693, 0.27558386472699453], [0.2281469659789693, 0.27097275869827814, 0.1910066530696517, 0.30987362225310094], [0.13989088123939633, 0.3322846480426978, 0.279566902082833, 0.2482575686350728], [0.3022716914547137, 0.27560943020991757, 0.12033530698919187, 0.3017835713461766], [0.2535596347030722, 0.282793038791488, 0.153700690678295, 0.3099466358271449], [0.22959998115282318, 0.30667623366039154, 0.1621117675368774, 0.30161201764990814], [0.2988414247569377, 0.2515785759370353, 0.1483144542760121, 0.301265545030015], [0.2167467147725334, 0.24571057403333127, 0.25246479545754935, 0.28507791573658575], [0.27447486263840043, 0.29587553844666337, 0.09873559200714896, 0.3309140069077871], [0.3190652294043125, 0.29801527762749175, 0.05392784534157043, 0.3289916476266254], [0.20448568076639154, 0.2924364637961595, 0.24439507367602537, 0.25868278176142373], [0.17342102201031326, 0.32030220731798265, 0.21588229480483925, 0.2903944758668651], [0.22257310976772704, 0.3143323304093297, 0.14035989563957635, 0.32273466418336705], [0.27858330133151465, 0.28567602501881073, 0.12820889062755791, 0.30753178302211703], [0.2251268130667174, 0.2541348512490872, 0.2146424690941178, 0.3060958665900777], [0.28174530568034145, 0.2637401525046283, 0.1731464206883428, 0.28136812112668746], [0.28861770399589876, 0.2940156113272761, 0.08973539490780624, 0.32763128976901884], [0.32718419759660866, 0.24206600952915314, 0.13107476468906495, 0.2996750281851734], [0.2828485274593718, 0.24233914128896758, 0.22334400252747597, 0.2514683287241847], [0.27722697862509793, 0.2813808862694813, 0.10691747129883507, 0.33447466380658575], [0.2409816732907382, 0.3252922574819833, 0.0882156711109667, 0.34551039811631185], [0.3286229575189586, 0.22034796344111152, 0.1765164480183949, 0.274512631021535], [0.3486954047950799, 0.24188181015828683, 0.10676347273608705, 0.302659312310546], [0.21006325043828944, 0.31324104666227054, 0.13628658985767428, 0.34040911304176585], [0.3020586123150555, 0.2870298844624754, 0.09223084404752767, 0.31868065917494137], [0.299864945102793, 0.2169066492150897, 0.25014440455167003, 0.2330840011304473], [0.2506178045707426, 0.3040917987536106, 0.12137911473212354, 0.3239112819435233], [0.29300034816649534, 0.27085632845362734, 0.1243684068530453, 0.31177491652683187], [0.23337460375244112, 0.28690957117933075, 0.1806355090886888, 0.2990803159795392], [0.24414811281300375, 0.2836763767675113, 0.19734845742046517, 0.2748270529990198], [0.2795872608973668, 0.26013875766184086, 0.17363736447282538, 0.28663661696796666], [0.2409944666390125, 0.2891870311559706, 0.13449340964292497, 0.335325092562092], [0.26181222910676083, 0.3189685215608327, 0.08675073305565328, 0.3324685162767528], [0.1468129136430136, 0.3502420632544492, 0.18396246768366423, 0.3189825554188728], [0.22575280527642505, 0.28150289248293714, 0.1586279844058082, 0.3341163178348298], [0.3294427121632596, 0.25802866469147256, 0.08982921004829496, 0.3226994130969726], [0.29082991638947553, 0.2861824358759841, 0.09654669215429765, 0.3264409555802429], [0.23864493943397022, 0.2597790950083699, 0.22566490424637642, 0.27591106131128357], [0.29970471118097475, 0.28619128667341004, 0.08851464339600876, 0.32558935874960615], [0.2831968039526716, 0.27413414734213243, 0.12025522063120665, 0.3224138280739892], [0.2741044872319739, 0.28389270127030614, 0.12673170945797202, 0.3152711020397479], [0.25400466010172146, 0.28655307676037967, 0.14196626176062152, 0.317476001377277], [0.3076177095450409, 0.28750784686235487, 0.08097614004187159, 0.3238983035507325], [0.33956321868709816, 0.22486445843627414, 0.11708570321661645, 0.31848661966001157], [0.20464803275130392, 0.2801871043156681, 0.2599602032371519, 0.2552046596958762], [0.29762400234921194, 0.24928697159721092, 0.14874126920961112, 0.30434775684396603], [0.19068522002126387, 0.2688093679236857, 0.27757272120273435, 0.2629326908523163], [0.3049730950639071, 0.25047411946328935, 0.18729856916644108, 0.2572542163063623], [0.25018212977214893, 0.27900217154663753, 0.2217533280329983, 0.2490623706482156], [0.13301106576223742, 0.22138486569093974, 0.5035109364128295, 0.14209313213399366], [0.10643585147253634, 0.28717207822260127, 0.3395259939091434, 0.26686607639571924], [0.15805838719883097, 0.29205442795922704, 0.3860468605780473, 0.16384032426389478], [0.2776207888548567, 0.29185928457449084, 0.13697268992820347, 0.293547236642449], [0.20868164741296164, 0.3420473159907962, 0.11605251167360854, 0.3332185249226338], [0.2050908769110379, 0.22881336430048516, 0.2725868627029678, 0.293508896085509], [0.3078271876342178, 0.26897484819888245, 0.09293814784798007, 0.3302598163189198], [0.18598715989717365, 0.2898096127436815, 0.20946418939184333, 0.3147390379673011], [0.1713011070139786, 0.2997140909616, 0.21237199897927997, 0.3166128030451414], [0.30305587882267504, 0.27435851773178577, 0.12534594266673071, 0.29723966077880826], [0.25575391987138035, 0.29450141494429743, 0.12015423898196986, 0.32959042620235224], [0.2738983836128368, 0.28305129804543244, 0.13887874275124532, 0.3041715755904852], [0.19622912303411771, 0.2766477591810993, 0.29148678530722183, 0.23563633247756122], [0.3654429201483458, 0.23527997054059943, 0.08547221904937122, 0.3138048902616833], [0.28013192583258323, 0.2624181326707033, 0.15297480578774406, 0.3044751357089692], [0.2662388357517709, 0.28585021778272196, 0.14596264949815324, 0.30194829696735404], [0.27247451831383485, 0.255834862998561, 0.18191377544836748, 0.28977684323923675], [0.18933603460368423, 0.3071339066945769, 0.2543320940653427, 0.24919796463639612], [0.17317687536092616, 0.31858371854382644, 0.22245331772487884, 0.2857860883703683], [0.22364686041345289, 0.26533108851398995, 0.2731371304879293, 0.23788492058462776], [0.24581165557907192, 0.2766015029183158, 0.17304532356133812, 0.3045415179412744], [0.29181662236056705, 0.24695586543396794, 0.15921851748259108, 0.302008994722874], [0.25702362598080086, 0.24865900819432496, 0.21661499038510323, 0.27770237543977117], [0.3292282766318912, 0.2301450921714279, 0.17656568834389572, 0.26406094285278514], [0.30132928489774374, 0.28453139239312414, 0.11171241270332968, 0.30242691000580246], [0.31879427079474726, 0.2911113934044803, 0.053424748457662624, 0.33666958734311014], [0.19819797519085366, 0.2952213742665208, 0.24999445500089937, 0.25658619554172624], [0.2115913036569656, 0.28624339428850887, 0.1835329518569998, 0.31863235019752595], [0.23870095441951805, 0.2456787249318314, 0.24006358932986865, 0.27555673131878183], [0.2664760842319058, 0.28350983535173085, 0.13009100714984653, 0.3199230732665168], [0.24292630297437967, 0.31398735853547377, 0.18456507482292409, 0.2585212636672226], [0.27279943361700787, 0.2791832428350606, 0.1416116660120179, 0.30640565753591387], [0.257915296599903, 0.30084548729414173, 0.10596387076399359, 0.3352753453419619], [0.2641536801189019, 0.2939306713617371, 0.11803177920475304, 0.32388386931460794], [0.31329621193635815, 0.2570803609254309, 0.11814613202703174, 0.31147729511117883], [0.27194839897013484, 0.3082202284202032, 0.0982571960128115, 0.3215741765968502], [0.2698961847916642, 0.21723791220407088, 0.25126354407843715, 0.2616023589258274]]}, "rewritten": {"ids": ["97106770", "97107950", "97109080", "97110950", "97112290", "97112830", "97113260", "97116500", "97116800", "98106680", "98108520", "98109230", "98112170", "98116940", "99108310", "99108460", "99108520", "99108710", "99109780", "99109860", "99111440", "99111620", "99111930", "99113260", "99117740", "100109000", "100111390", "100116500", "100116790", "100120010", "100120780", "101108121", "101108460", "101112201", "102109010", "102110500", "102110890", "102111990", "102121440", "103112641", "103113101", "103113640", "103118110", "103120290", "104111830", "104113000", "104114230", "104114410", "104117630", "104118340", "104119340", "105112240", "105113170", "105113190", "105113210", "105113260", "105115380", "105116090", "105116860", "105116980", "105118230", "105118740", "105119950", "105121370", "106112770", "106113830", "106114011", "106114150", "106115240", "106118520", "106118820", "106119580", "107112850", "107113130", "107113170", "107114490", "107114780", "107116501", "107118780", "108114200", "108115070", "108117720", "108118301", "108119330", "108119510", "108120260", "108120280", "108120621", "108120700", "109113931", "109114651", "109115211", "109115220", "109116040", "109116810", "109119010", "109119450", "109119591", "109121640", "110113591", "110114561", "110114651", "110114950", "110115980", "110116300", "110116441", "110118121", "110118701", "110120531", "110120640", "111114321", "111116640", "111117120", "111119340", "111119930", "111120220", "111120280", "111120540", "111121190", "112116290", "112116540", "112116880", "112116990", "112117571", "112117660", "112119450", "113117630", "113118111", "113118421", "113118630", "113119120", "113119300", "113119930", "113120601", "113120751", "113120780", "113121220", "113121750", "113121950", "113122120", "113122180", "113122220"], "labels": [3, 2, 2, 3, 1, 2, 1, 2, 0, 1, 2, 1, 3, 2, 2, 0, 2, 2, 2, 2, 3, 3, 1, 0, 2, 1, 2, 2, 2, 0, 1, 0, 0, 0, 1, 3, 0, 2, 2, 3, 3, 1, 2, 2, 3, 1, 2, 1, 0, 2, 1, 1, 0, 3, 3, 3, 1, 1, 2, 0, 1, 1, 3, 2, 1, 1, 1, 1, 1, 2, 3, 3, 1, 1, 0, 3, 2, 1, 1, 0, 1, 1, 1, 0, 1, 1, 3, 1, 2, 1, 3, 0, 3, 0, 3, 3, 3, 0, 0, 0, 0, 3, 0, 1, 3, 3, 3, 3, 0, 0, 1, 0, 2, 3, 1, 3, 0, 1, 1, 0, 1, 0, 0, 3, 0, 3, 0, 1, 3, 3, 3, 1, 1, 2, 1, 0, 3, 0, 3, 1, 2, 1], "predicted_labels": [0, 3, 1, 0, 3, 3, 3, 1, 0, 1, 1, 2, 3, 1, 0, 3, 1, 1, 1, 1, 0, 1, 1, 1, 1, 3, 3, 1, 1, 1, 3, 3, 3, 3, 1, 3, 0, 0, 3, 0, 0, 0, 3, 2, 3, 0, 2, 0, 0, 1, 3, 0, 3, 0, 3, 3, 1, 3, 0, 0, 1, 1, 0, 3, 1, 1, 0, 0, 0, 3, 3, 1, 1, 1, 3, 3, 1, 3, 0, 0, 0, 1, 0, 0, 1, 0, 0, 1, 0, 3, 0, 1, 1, 3, 3, 1, 1, 0, 0, 3, 1, 1, 3, 3, 1, 0, 0, 1, 0, 1, 1, 1, 3, 0, 0, 0, 3, 1, 3, 1, 1, 1, 3, 0, 3, 3, 1, 3, 0, 1, 3, 3, 0, 1, 3, 1, 3, 0, 1, 1, 3, 3], "confidence_scores": [[0.3098593782005546, 0.2197693323273371, 0.2258638287902962, 0.2445074606818122], [0.23064126368001714, 0.27646605398444823, 0.17723682408581767, 0.31565585824971715], [0.1675475440818541, 0.33648117258654875, 0.17428943435518907, 0.32168184897640784], [0.31897081822025514, 0.25342191072199977, 0.11831039411756672, 0.3092968769401784], [0.2846346904167016, 0.27547610383426896, 0.12134911018543218, 0.3185400955635971], [0.23444705066540317, 0.2648991336853625, 0.19906825540776202, 0.30158556024147265], [0.24169342244777037, 0.24185060370151967, 0.21240687983174517, 0.3040490940189646], [0.23184638155817375, 0.2862407589592627, 0.22975996630450465, 0.2521528931780588], [0.34885627005884057, 0.24823409968365973, 0.09744525291308065, 0.30546437734441895], [0.2123901045549818, 0.28205984174707055, 0.22000992358336852, 0.2855401301145797], [0.283056311644467, 0.30229046424207157, 0.09347382054028788, 0.3211794035731737], [0.2270535973143689, 0.251900428886925, 0.3264924561533371, 0.19455351764536907], [0.2864206540367183, 0.2881839636715923, 0.09945218040540309, 0.32594320188628645], [0.2464577507473708, 0.29199278978742005, 0.17314352467901462, 0.28840593478619475], [0.29658524835734856, 0.27008888917000023, 0.12502481429919773, 0.30830104817345355], [0.27615660241299655, 0.28283630127990317, 0.11075249528077118, 0.3302546010263291], [0.20025364259311385, 0.2827196263167746, 0.3380820545774247, 0.1789446765126872], [0.1960579561588686, 0.3538325419149381, 0.1180136196620648, 0.3320958822641284], [0.2087412389342112, 0.2954216162271691, 0.19513871157294668, 0.3006984332656732], [0.21294604584114812, 0.3136955514287124, 0.17770944246244455, 0.2956489602676949], [0.3159820107430249, 0.2559990218494746, 0.14237527352038304, 0.28564369388711774], [0.23372499971406324, 0.2938663088476479, 0.1550420649393056, 0.317366626498983], [0.18005062296361, 0.3292842793986424, 0.1740441841352786, 0.3166209135024689], [0.21318363110897162, 0.29160426164085934, 0.23261141400343952, 0.2626006932467297], [0.2659309307278858, 0.28349178136388153, 0.16240542263171243, 0.28817186527652044], [0.2671996819327395, 0.2629261712925686, 0.17060482675109342, 0.29926932002359835], [0.29356199932251276, 0.28104732716702074, 0.10544091354210333, 0.31994975996836333], [0.2325103936919005, 0.29929004355511296, 0.16076144365204448, 0.307438119100942], [0.26489923484886585, 0.29976400608315557, 0.17436149299410247, 0.2609752660738759], [0.19096917168408817, 0.32590955366833213, 0.18174511141895647, 0.30137616322862326], [0.2361440683413028, 0.2921663100718854, 0.13514231616870828, 0.3365473054181036], [0.2591092740353334, 0.26484812505007477, 0.1667936741141297, 0.3092489268004623], [0.2877552791700663, 0.27869478541536014, 0.12264953772209514, 0.3109003976924782], [0.29516379454522185, 0.2866249490881767, 0.09210428346398437, 0.32610697290261725], [0.2238771970657022, 0.3051191467152115, 0.16613920901299925, 0.3048644472060873], [0.29368003687976535, 0.2699480087388279, 0.11712430426470041, 0.31924765011670647], [0.3474036096596484, 0.22404879651401946, 0.1550612084382734, 0.273486385388059], [0.35582336388037616, 0.21893216344671015, 0.1501303057597066, 0.27511416691320706], [0.2280307812723855, 0.2867499263444831, 0.1770499260451147, 0.3081693663380167], [0.24985274572869132, 0.2829793073652904, 0.16717066473872724, 0.2999972821672909], [0.2904361100538461, 0.2748849933443375, 0.12489729665580453, 0.30978159994601184], [0.37195021884074375, 0.23905241043222583, 0.07418864156411425, 0.314808729162916], [0.26340531977153875, 0.275910620374774, 0.15103410437565798, 0.3096499554780293], [0.2001343873708847, 0.26351980998563895, 0.3092967016355932, 0.22704910100788284], [0.21396413320492808, 0.29052529437507774, 0.17244267632753202, 0.323067896092462], [0.3355559133322079, 0.23115333518346798, 0.12305307158957966, 0.3102376798947445], [0.19254527073344233, 0.27246575038857457, 0.2965334026200364, 0.23845557625794658], [0.32952397975242226, 0.25079590716992317, 0.10433031907354144, 0.31534979400411317], [0.3411381685857416, 0.24587624062099223, 0.09747770649163193, 0.31550788430163407], [0.23696662119924355, 0.2902613998777163, 0.18217865042305667, 0.2905933284999837], [0.29917655649562686, 0.2940647022153407, 0.0703114073032361, 0.33644733398579624], [0.2992799390209825, 0.26106933345499894, 0.16981043003145352, 0.2698402974925648], [0.2601523798684522, 0.292604095575079, 0.11957649807966461, 0.32766702647680424], [0.35028438368829806, 0.252079301764307, 0.08089962202768257, 0.3167366925197123], [0.30653907970997013, 0.2759331399193375, 0.0870670350734089, 0.3304607452972835], [0.29973450571236343, 0.2913106419339934, 0.07406665541111113, 0.3348881969425321], [0.2699402974773892, 0.2701994136738823, 0.1776279416198275, 0.28223234722890106], [0.28584267260081764, 0.27107180052303925, 0.12354347389729305, 0.3195420529788499], [0.2874003633271968, 0.2891284093523517, 0.10301617753554687, 0.3204550497849047], [0.3244441451778026, 0.265442741658198, 0.08292859586138138, 0.327184517302618], [0.2240493701552763, 0.32689023472944356, 0.11361294908954932, 0.3354474460257308], [0.25439944787052243, 0.29806082803841055, 0.14316079075274166, 0.3043789333383253], [0.29853386724010683, 0.29396828255629703, 0.07961919682305095, 0.3278786533805453], [0.2200629292575639, 0.2860440155637602, 0.18123559437809453, 0.3126574608005817], [0.16439719489087593, 0.29822637513785394, 0.26400098862390825, 0.27337544134736197], [0.2385257657446899, 0.2953678318591142, 0.1724342139456908, 0.2936721884505051], [0.3098810743170469, 0.2894249005474687, 0.11133106510267941, 0.2893629600328047], [0.3140788426840857, 0.2671832564445372, 0.11271608637715395, 0.3060218144942231], [0.33014325913877185, 0.2476008847114762, 0.12549216840220861, 0.2967636877475436], [0.2763225133260927, 0.2869438573386146, 0.11555576092873182, 0.3211778684065609], [0.24836521408503295, 0.31698344569178216, 0.09327201364866881, 0.34137932657451586], [0.23546416354779548, 0.267418491511708, 0.21862096601563696, 0.2784963789248592], [0.22315020649335868, 0.3137323354369978, 0.169210974627983, 0.29390648344166015], [0.2356639767931795, 0.3002603750757283, 0.16684529625134203, 0.2972303518797501], [0.2637779190727857, 0.2975956249719789, 0.11098851386084156, 0.32763794209439406], [0.2647610424301653, 0.2611214625752879, 0.1641284807484081, 0.3099890142461385], [0.26049592257831045, 0.28676324400255987, 0.15373724652532497, 0.2990035868938045], [0.2967684464914169, 0.2676591845225941, 0.12067040636114292, 0.31490196262484604], [0.31127646821320093, 0.267802536812599, 0.10782762393724854, 0.31309337103695156], [0.30923884695346937, 0.2803644964709241, 0.11505836084849541, 0.2953382957271112], [0.3027092516580945, 0.267449396342602, 0.15539317088534454, 0.27444818111395874], [0.2229712751755602, 0.3223291886962826, 0.12810382097119533, 0.326595715156962], [0.3215113346124067, 0.2678230813489724, 0.08701266172138926, 0.3236529223172317], [0.292121918297887, 0.26519549271533255, 0.13712823718822717, 0.3055543517985536], [0.22411222630798106, 0.28182702453243735, 0.23378841085723093, 0.2602723383023504], [0.2936204441614994, 0.2858106978476157, 0.1072127460117555, 0.313356111979129], [0.3116077978177339, 0.24928392752862608, 0.12507404284653725, 0.31403423180710266], [0.26846086385504514, 0.2934293141523887, 0.12481353433569614, 0.31329628765687023], [0.3157436182339643, 0.285120181721234, 0.0669796449750217, 0.33215655506978], [0.3017017397005178, 0.29394079859768785, 0.07563792433007482, 0.32871953737171955], [0.3409366561838121, 0.23198875045975936, 0.1338883918892588, 0.29318620146716967], [0.22321221613245845, 0.32807631085868577, 0.10859876454146837, 0.3401127084673875], [0.2288022236908702, 0.31156790969044695, 0.1281355443143939, 0.3314943223042888], [0.24042516590204274, 0.23343959473802514, 0.23564576279961386, 0.29048947656031826], [0.28218335657034876, 0.29550467747991066, 0.09327023451399451, 0.3290417314357461], [0.18804043778684845, 0.284671086561927, 0.3084053523236524, 0.21888312332757226], [0.15260996135217442, 0.2992949097713621, 0.2760949668384021, 0.27200016203806143], [0.26639262127553776, 0.26343320807446546, 0.20346632532735098, 0.26670784532264624], [0.2773746996661229, 0.2763187747079422, 0.13886304194856533, 0.30744348367736996], [0.3031002592465399, 0.290318956639066, 0.07229131720896559, 0.33428946690542866], [0.28126537396727186, 0.2924560257192979, 0.12948276626491803, 0.29679583404851223], [0.26557912478903173, 0.31992724976495657, 0.07848851952075875, 0.3360051059252528], [0.29581194333278177, 0.2717996284561636, 0.10455362026435674, 0.3278348079466979], [0.27761504630008565, 0.30345027273008734, 0.09130495530555426, 0.32762972566427256], [0.2780224980911757, 0.2875239554725898, 0.15606559621462995, 0.2783879502216046], [0.27740298665092844, 0.2657253517369587, 0.16723750126433592, 0.2896341603477768], [0.31517066080296396, 0.2946177565302653, 0.0557371348455771, 0.3344744478211937], [0.2775507857439339, 0.2901776753285047, 0.1199724924666511, 0.3122990464609105], [0.3065815634448874, 0.28860247520170373, 0.08383371672617543, 0.3209822446272337], [0.19418377374970466, 0.2910196945446962, 0.23967881550075332, 0.2751177162048458], [0.26475130669004604, 0.3049078534121335, 0.1415687233276902, 0.28877211657013013], [0.24689572573961857, 0.2852405019265468, 0.20394833994418338, 0.2639154323896511], [0.26588734497173333, 0.28016649280034317, 0.13666283480302638, 0.317283327424897], [0.3346682700872467, 0.2682482817003238, 0.06510788261767023, 0.33197556559475905], [0.3149839392522496, 0.2779617874688188, 0.09715927937475356, 0.3098949939041783], [0.32390260943107163, 0.29371847100672216, 0.0525837280188091, 0.329795191543397], [0.2948363840079317, 0.2892905342120957, 0.07871445112844648, 0.33715863065152585], [0.2172806323341455, 0.31176625007656805, 0.19399854058661026, 0.2769545770026764], [0.317273922133559, 0.26493557632543724, 0.08958826761559367, 0.32820223392540987], [0.27076881705618366, 0.29429836907218776, 0.1120090964352339, 0.3229237174363947], [0.2762283810249936, 0.2987239121324442, 0.11082371182990614, 0.314223995012656], [0.20968980285930752, 0.3011842728647231, 0.20993893297815983, 0.2791869912978091], [0.29892800502049194, 0.2342060295217526, 0.1637601148867564, 0.3031058505709992], [0.31648972861409924, 0.26998151037369095, 0.08908364437143128, 0.32444511664077863], [0.273139563204146, 0.2769164347784429, 0.1310262528575454, 0.3189177491598658], [0.28344484895917266, 0.28513593478096017, 0.09808983835597346, 0.33332937790389355], [0.22566168974436895, 0.317370262458672, 0.1331757595601043, 0.32379228823685474], [0.2815216360789572, 0.297774354217995, 0.08354993830156492, 0.337154071401483], [0.3455989825202269, 0.2642920163538259, 0.06485851665569588, 0.32525048447025146], [0.23344793997307117, 0.28031244047630083, 0.24775577242859845, 0.23848384712202955], [0.2728145447478558, 0.27094351630385605, 0.15202507557887807, 0.3042168633694101], [0.31312219168308303, 0.27399833366671056, 0.07851547673034838, 0.33436399791985816], [0.30838279124263546, 0.25815176566305087, 0.1306647347134389, 0.3028007083808744], [0.21313003839301398, 0.29996255859907794, 0.23006199964312207, 0.25684540336478623], [0.23287213155166592, 0.3018285097896728, 0.15406263116449703, 0.31123672749416414], [0.24912493749929046, 0.31611850792484164, 0.1076636756161931, 0.327092878959675], [0.2107421294030454, 0.3048249241219781, 0.16413426690661992, 0.3202986795683568], [0.29400250050700005, 0.2897368152803268, 0.09023118261364464, 0.32602950159902855], [0.15125698739714327, 0.30711680652176904, 0.2722153129277232, 0.26941089315336464], [0.276450641410879, 0.27578610905570417, 0.1831503356344933, 0.26461291389892405], [0.2594847130103667, 0.30342185482958234, 0.10396736334790188, 0.3331260688121487], [0.25262530800610633, 0.29744420223856466, 0.13471368489057228, 0.31521680486475684]]}}