{"test": {"ids": ["97107821", "111120540", "113120751", "105113170", "112118550", "99108520", "104111550", "103120780", "113122190", "103113640", "98116500", "100109910", "103109641", "100111390", "103111170", "108118520", "110121450", "111120260", "112116290", "102109850", "113119300", "107120880", "105120280", "104110960", "104117200", "105117431", "112116451", "98121790", "110119891", "108116070", "107118520", "103111540", "104116800", "98111620", "111121930", "97107260", "113118630", "100110050", "113119450", "112121430", "110116300", "111115910", "111118820", "110120540", "104111711", "103111480", "107120130", "111115620", "106116820", "98109230", "104117630", "107113180", "102112030", "98106680", "110115580", "105115720", "97105451", "100120780", "100108490", "98106111", "99120010", "109120560", "112120990", "110114720", "104116980", "103110220", "113122170", "98112170", "106114150", "113120280", "100116500", "105113480", "109115070", "110117140", "104118070", "105110091", "103112470", "100112060", "100109000", "111119340", "98109311", "103118110", "97106600", "106117650", "106112770", "102108621", "111121220", "98117740", "109114030", "97118210", "109119340", "103113101", "106113170", "107114490", "101112540", "101109370", "108114360", "105112240", "103117461", "112116800", "101111310", "110114651", "106116441", "113120260", "105112260", "98111860", "110118301", "113122430", "108116481", "113118810", "99107630", "99108010", "111117200", "104113190", "109117431", "107118490", "99110730", "109117080", "99112531", "109116441", "101112160", "106113260", "101111620", "110114950", "108114670", "113119480", "111118910", "106120290", "108117451", "99105921", "104112470", "108120260", "98120010", "99107660", "105116650", "100110260", "111119580", "113118690", "97105760", "98116940", "108115970", "110118740"], "labels": [2, 1, 1, 0, 3, 2, 1, 1, 1, 1, 2, 2, 1, 2, 2, 0, 3, 3, 0, 1, 1, 1, 3, 2, 3, 1, 0, 2, 3, 1, 2, 1, 1, 3, 1, 2, 3, 3, 3, 2, 3, 2, 0, 1, 1, 0, 2, 1, 1, 1, 0, 3, 2, 1, 1, 1, 0, 1, 2, 0, 2, 1, 2, 3, 1, 2, 1, 3, 1, 0, 2, 0, 0, 3, 2, 0, 1, 2, 1, 3, 1, 2, 3, 1, 1, 3, 3, 2, 1, 2, 3, 3, 0, 3, 2, 1, 1, 1, 0, 0, 3, 3, 0, 3, 3, 0, 1, 2, 0, 3, 2, 2, 0, 3, 1, 2, 3, 1, 3, 3, 3, 3, 3, 0, 3, 3, 0, 2, 2, 1, 1, 1, 2, 3, 1, 3, 3, 3, 0, 2, 2, 3], "predicted_labels": [1, 0, 3, 3, 0, 0, 1, 3, 1, 1, 3, 3, 0, 3, 3, 3, 3, 0, 0, 3, 1, 3, 0, 3, 0, 2, 0, 1, 1, 1, 1, 0, 3, 1, 3, 1, 3, 3, 1, 0, 0, 1, 1, 0, 1, 0, 1, 0, 3, 3, 1, 0, 1, 1, 3, 3, 3, 1, 1, 3, 3, 0, 2, 3, 1, 2, 1, 3, 1, 0, 3, 1, 2, 0, 3, 0, 0, 3, 3, 3, 1, 1, 1, 1, 2, 3, 1, 3, 3, 1, 3, 2, 1, 3, 3, 1, 0, 1, 0, 3, 1, 3, 3, 3, 1, 0, 0, 0, 0, 3, 3, 0, 0, 1, 1, 1, 2, 3, 0, 1, 3, 1, 0, 0, 1, 0, 3, 0, 3, 3, 3, 3, 3, 0, 1, 3, 0, 1, 0, 1, 1, 0], "confidence_scores": [[0.26534546748178045, 0.31714504492512513, 0.16022359161323718, 0.257285895979857], [0.36925577171667257, 0.2501118952102482, 0.15481383308137042, 0.22581849999170903], [0.31415262006030276, 0.2697343532944445, 0.10084976689290322, 0.3152632597523496], [0.27507883460184474, 0.19854323284385883, 0.15798599762299156, 0.36839193493130507], [0.4118338645162987, 0.26015443549782197, 0.1246993305912566, 0.2033123693946227], [0.32874664252443, 0.23933369300822052, 0.1504441879033147, 0.2814754765640349], [0.16037193633941021, 0.4551284416222072, 0.17576842504112647, 0.20873119699725612], [0.1519660098082627, 0.3227842873687899, 0.12275641290495155, 0.40249328991799577], [0.176316868673774, 0.38436819208944023, 0.19349152268820238, 0.24582341654858347], [0.30527911214364595, 0.3495913262907022, 0.14829961728220706, 0.1968299442834447], [0.18907620917475698, 0.11906811663561086, 0.14867500826752167, 0.5431806659221106], [0.18829937765129198, 0.10553892094156493, 0.11806483768228085, 0.5880968637248623], [0.3551841861333602, 0.3364733569598515, 0.1197941266810864, 0.18854833022570217], [0.2480270811779128, 0.2995863390171559, 0.12081046656816802, 0.33157611323676334], [0.2819347061838785, 0.2525173173321237, 0.146284424269891, 0.3192635522141069], [0.1538127227233165, 0.22223821950253514, 0.18863952250216784, 0.43530953527198063], [0.22377935774190233, 0.32049514957366304, 0.0834070938210185, 0.372318398863416], [0.37519679235301867, 0.3748986465466455, 0.10658307253679802, 0.14332148856353777], [0.4632971167714663, 0.19737954533687638, 0.1490741844711378, 0.19024915342051973], [0.13373406878084682, 0.24494116377885417, 0.11669911304331622, 0.5046256543969829], [0.17701546016686343, 0.49765949243339674, 0.15621498960871805, 0.169110057791022], [0.18291441943292183, 0.33604854201402146, 0.1318682098511964, 0.3491688287018602], [0.4371743706668536, 0.22547466988856898, 0.12339907157781883, 0.21395188786675856], [0.09742884282968536, 0.21862600885111175, 0.17539731849107168, 0.5085478298281313], [0.29754837812688323, 0.2673328893844352, 0.184304482289989, 0.2508142501986926], [0.13518613471027585, 0.12872844549102705, 0.4051331831157399, 0.3309522366829572], [0.5054785623859673, 0.19687089525916435, 0.13326457526307173, 0.1643859670917966], [0.1498843403574488, 0.52178787224851, 0.09224753894683324, 0.23608024844720793], [0.23299138254426305, 0.3609604354519118, 0.23131455576078502, 0.17473362624304004], [0.22611105257221278, 0.35672737463593435, 0.13800062815352043, 0.27916094463833246], [0.2028992773787776, 0.3578135007771962, 0.22553364254962988, 0.21375357929439653], [0.36488567947658695, 0.24091745023769834, 0.1634647522185255, 0.23073211806718916], [0.22047978503372678, 0.2267007942720309, 0.19854717846791997, 0.35427224222632236], [0.13549708496776341, 0.5211274797622061, 0.23205844495664826, 0.11131699031338238], [0.14074713099525443, 0.23017074894469636, 0.25941264525429225, 0.369669474805757], [0.14153483777283163, 0.38855414112639663, 0.27682698434598707, 0.1930840367547847], [0.1664032300262716, 0.2240778946710839, 0.30132960607992343, 0.30818926922272105], [0.15096600953456918, 0.1884994366546592, 0.18296857425863444, 0.4775659795521373], [0.15336088803108747, 0.5335949435147784, 0.1703200144821744, 0.1427241539719597], [0.3629411276409104, 0.1770160587786196, 0.13701579202501254, 0.3230270215554574], [0.450737425677649, 0.22779637206489356, 0.09937986736109063, 0.22208633489636678], [0.24534235827379336, 0.3287923284973825, 0.175810863771034, 0.25005444945779015], [0.2550766240868923, 0.2959345128946694, 0.1816243565459867, 0.26736450647245164], [0.3291949259188398, 0.2437863854437562, 0.23820624056468298, 0.1888124480727213], [0.28693025526434757, 0.4841803622914447, 0.061745411105339765, 0.16714397133886794], [0.474649552355336, 0.1873169684008613, 0.13659356826321986, 0.20143991098058292], [0.28223374098276827, 0.3354486495511388, 0.1627515139111584, 0.21956609555493448], [0.41510881012303763, 0.22943009933204217, 0.1359001774123176, 0.2195609131326027], [0.11715550035307894, 0.23854213979852773, 0.10461522137201548, 0.5396871384763778], [0.2780936450412835, 0.12469202278080734, 0.19454359455254652, 0.40267073762536265], [0.190112637180639, 0.3554798297480746, 0.1785820558482733, 0.27582547722301326], [0.2917575746448586, 0.2716032724518922, 0.18187210785243446, 0.2547670450508149], [0.1512897576821263, 0.4037715649311448, 0.2267802248163477, 0.2181584525703811], [0.28923776653205274, 0.39253902093862153, 0.12755173271021664, 0.190671479819109], [0.2741970692897759, 0.2572724524980247, 0.14114425497384603, 0.32738622323835337], [0.18089520052113586, 0.22426617693267312, 0.18781681850086762, 0.40702180404532345], [0.30909751763981286, 0.1707929693220425, 0.08333390568082552, 0.4367756073573192], [0.1469437001852209, 0.4089069281111386, 0.26158668618144987, 0.18256268552219077], [0.26123573030210884, 0.28228012423692606, 0.2011444662294516, 0.25533967923151346], [0.23072929889324137, 0.1617312503335109, 0.299572738159677, 0.3079667126135708], [0.25454474192450177, 0.25556688958858775, 0.2247854294283872, 0.2651029390585234], [0.2797240072615749, 0.24098813189098994, 0.2441775061740449, 0.23511035467339048], [0.14088213864712876, 0.33888012440853327, 0.3593006640745332, 0.16093707286980494], [0.1960888837384557, 0.2715450343567363, 0.24883043433502056, 0.2835356475697875], [0.18814156151645342, 0.4129683298621206, 0.15545545452846773, 0.24343465409295825], [0.1476687705971845, 0.24486087314369556, 0.3125600391665514, 0.2949103170925686], [0.19432847400621328, 0.3474279376065441, 0.26363660699578395, 0.19460698139145868], [0.22819862284915, 0.2493136826525371, 0.1597298739772333, 0.36275782052107985], [0.2835214301545846, 0.30074154778655027, 0.19576921505177866, 0.21996780700708643], [0.46655720095954556, 0.16152068167507203, 0.16888363909855758, 0.20303847826682472], [0.2705735825808952, 0.20359152591664473, 0.16216779462529468, 0.36366709687716536], [0.21116438116510902, 0.398803801302002, 0.0706910432627919, 0.31934077427009716], [0.27731348975080744, 0.19935527022751914, 0.2897349148971049, 0.2335963251245685], [0.4573071659768612, 0.2665906789385284, 0.08895384240905257, 0.18714831267555776], [0.11291795312859555, 0.21440986023543104, 0.1832211914137826, 0.4894509952221908], [0.37174996729222026, 0.21363926525092472, 0.09796519484764664, 0.3166455726092085], [0.3423553018490961, 0.24085333939574446, 0.13166395929377175, 0.28512739946138765], [0.23274098451491218, 0.21175708652784295, 0.18025676782346012, 0.3752451611337848], [0.18733357892251817, 0.17538357367767082, 0.1106269151718431, 0.5266559322279679], [0.09451068592918313, 0.2978290220803004, 0.18089024963387432, 0.42677004235664223], [0.268480497737119, 0.3909207598557798, 0.09423722310166098, 0.24636151930544017], [0.35967521282161263, 0.36682175910392006, 0.11147904787324908, 0.1620239802012184], [0.16049195874243363, 0.4077264654170614, 0.09751181246944822, 0.3342697633710568], [0.10757611958625497, 0.6173480551048869, 0.07930527076242107, 0.19577055454643721], [0.33270571962583634, 0.13300323557427338, 0.37075944994904153, 0.1635315948508487], [0.21839326007597806, 0.24481627222305777, 0.06118190818897508, 0.47560855951198905], [0.30270244118154443, 0.30337291293668683, 0.1094574195846421, 0.2844672262971265], [0.18571882691138686, 0.2970769352175542, 0.13515344426494255, 0.3820507936061165], [0.2100253709553633, 0.1741310526005534, 0.12169345024455398, 0.4941501261995293], [0.2428318447708832, 0.35887224981485044, 0.13110690981332374, 0.2671889956009428], [0.10554233990823365, 0.11443892939275586, 0.09990872215607274, 0.6801100085429378], [0.19906036767705187, 0.14414713823674566, 0.36681862443471885, 0.2899738696514835], [0.1340635948614202, 0.49168363616617183, 0.0747947007247913, 0.2994580682476167], [0.14349842876306354, 0.21784614723000095, 0.16060665770793875, 0.47804876629899684], [0.22555802184516657, 0.2250853234046999, 0.15726301057090156, 0.3920936441792322], [0.2317649529716718, 0.3959343507773852, 0.12265943993774107, 0.24964125631320203], [0.2930839599195579, 0.2509375841912609, 0.22231632185819425, 0.233662134030987], [0.2010120583626639, 0.4154420867174379, 0.15091689576362527, 0.23262895915627307], [0.369598850851964, 0.2508205333520072, 0.17053216733749585, 0.2090484484585333], [0.20594795981315334, 0.3186263613851265, 0.1144108176482391, 0.36101486115348114], [0.1492146921675603, 0.44915297270579285, 0.2581462441734463, 0.14348609095320045], [0.3213590470838615, 0.1434691186628617, 0.08161948091871286, 0.4535523533345639], [0.23513901891306327, 0.26672839221556505, 0.08821344541704121, 0.40991914345433045], [0.2508765119206992, 0.2864995838834494, 0.14558405751994571, 0.3170398466759056], [0.23004790077145718, 0.372053023433561, 0.14192140562429081, 0.2559776701706911], [0.3175382456088036, 0.2614002835432847, 0.14583892791786132, 0.27522254293005044], [0.41764425082119, 0.15395780051492466, 0.07535713153790391, 0.3530408171259813], [0.27982406220719247, 0.24903673160832504, 0.23815194375387147, 0.23298726243061121], [0.3794117366200982, 0.18732817257283355, 0.0696656910449313, 0.363594399762137], [0.20156513286531735, 0.2746921570572884, 0.14687817988671079, 0.37686453019068344], [0.2502861246007517, 0.13271486738968713, 0.08855989612140708, 0.5284391118881541], [0.3817888975385142, 0.31358201737835834, 0.11552093448899974, 0.18910815059412783], [0.40099946532104663, 0.21077178997863472, 0.09565032799893372, 0.2925784167013849], [0.1420751380615934, 0.6632776741471187, 0.11167136381286843, 0.08297582397841953], [0.2513695237506423, 0.29044474223307537, 0.22061652992185593, 0.23756920409442642], [0.22728619469820036, 0.3312333934265364, 0.23178557953046355, 0.20969483234479988], [0.10731879534163474, 0.11277594539193336, 0.493591780798421, 0.286313478468011], [0.317305455907837, 0.2390267823581496, 0.11336744965326165, 0.33030031208075206], [0.33609268816365523, 0.24709877365061936, 0.23426558040158227, 0.18254295778414323], [0.29631740367019715, 0.3422396006525098, 0.12359812544910194, 0.2378448702281911], [0.16159470433231163, 0.2336327674081381, 0.08086496301574594, 0.5239075652438041], [0.1593350860822591, 0.45606914056668596, 0.1503666764740717, 0.23422909687698332], [0.32913577723256976, 0.21259358456508637, 0.13806502212346572, 0.32020561607887804], [0.3228435072257693, 0.22297900889212563, 0.14438494295443055, 0.3097925409276748], [0.38590728625606036, 0.4499420263609712, 0.058438314211305666, 0.10571237317166281], [0.41444754857423866, 0.20031280605218532, 0.1368119404267239, 0.2484277049468521], [0.21514907576702336, 0.3195570732591239, 0.10233694817134766, 0.36295690280250525], [0.3945876882925578, 0.2570702374194173, 0.11986153431178673, 0.22848053997623816], [0.29403160526075245, 0.1789483833746396, 0.057127519130617505, 0.4698924922339903], [0.2670438671758151, 0.20315771094913704, 0.09463576838725667, 0.4351626534877912], [0.1978384650018256, 0.20957645760998542, 0.2778845567421161, 0.31470052064607273], [0.16302433463397556, 0.222439669546833, 0.1233431285657996, 0.49119286725339206], [0.1680769757804386, 0.19654221109880307, 0.16717934745027047, 0.4682014656704877], [0.43814697804224767, 0.23648264080134443, 0.1210620795808735, 0.20430830157553453], [0.1803413053848691, 0.3251587749941606, 0.17465327456264437, 0.3198466450583259], [0.34243656353848384, 0.19281652018146825, 0.09760573780630757, 0.3671411784737404], [0.38576006718929406, 0.15685852620415214, 0.23553057670025143, 0.2218508299063022], [0.1786590773798534, 0.5025166018141608, 0.0817413125651945, 0.23708300824079145], [0.38502756583244785, 0.25359698398983943, 0.15412576085040547, 0.20724968932730733], [0.1724763077002018, 0.44258589738462806, 0.0942383375492958, 0.2906994573658744], [0.20439993959230363, 0.35160507925544876, 0.23298022105461572, 0.21101476009763198], [0.3972798371705269, 0.15765891456514883, 0.10901392358694327, 0.336047324677381]]}, "rewritten": {"ids": ["97105451", "97105760", "97106600", "97107260", "97107821", "97118210", "98106111", "98106680", "98109230", "98109311", "98111620", "98111860", "98112170", "98116500", "98116940", "98117740", "98120010", "98121790", "99105921", "99107630", "99107660", "99108010", "99108520", "99110730", "99112531", "99120010", "100108490", "100109000", "100109910", "100110050", "100110260", "100111390", "100112060", "100116500", "100120780", "101109370", "101111310", "101111620", "101112160", "101112540", "102108621", "102109850", "102112030", "103109641", "103110220", "103111170", "103111480", "103111540", "103112470", "103113101", "103113640", "103117461", "103118110", "103120780", "104110960", "104111550", "104111711", "104112470", "104113190", "104116800", "104116980", "104117200", "104117630", "104118070", "105110091", "105112240", "105112260", "105113170", "105113480", "105115720", "105116650", "105117431", "105120280", "106112770", "106113170", "106113260", "106114150", "106116441", "106116820", "106117650", "106120290", "107113180", "107114490", "107118490", "107118520", "107120130", "107120880", "108114360", "108114670", "108115970", "108116070", "108116481", "108117451", "108118520", "108120260", "109114030", "109115070", "109116441", "109117080", "109117431", "109119340", "109120560", "110114651", "110114720", "110114950", "110115580", "110116300", "110117140", "110118301", "110118740", "110119891", "110120540", "110121450", "111115620", "111115910", "111117200", "111118820", "111118910", "111119340", "111119580", "111120260", "111120540", "111121220", "111121930", "112116290", "112116451", "112116800", "112118550", "112120990", "112121430", "113118630", "113118690", "113118810", "113119300", "113119450", "113119480", "113120260", "113120280", "113120751", "113122170", "113122190", "113122430"], "labels": [0, 0, 3, 2, 2, 2, 0, 1, 1, 1, 3, 0, 3, 2, 2, 2, 2, 2, 1, 2, 3, 2, 2, 3, 3, 2, 2, 1, 2, 3, 3, 2, 2, 2, 1, 1, 3, 3, 3, 2, 3, 1, 2, 1, 2, 2, 0, 1, 1, 3, 1, 0, 2, 1, 2, 1, 1, 1, 3, 1, 1, 3, 0, 2, 0, 1, 3, 0, 0, 1, 1, 1, 3, 1, 0, 3, 1, 0, 1, 1, 2, 3, 3, 2, 2, 2, 1, 1, 3, 2, 1, 0, 2, 0, 1, 1, 0, 3, 1, 1, 3, 1, 3, 3, 0, 1, 3, 3, 1, 3, 3, 1, 3, 1, 2, 0, 0, 0, 3, 3, 3, 1, 3, 1, 0, 0, 0, 3, 2, 2, 3, 3, 3, 1, 3, 3, 3, 0, 1, 1, 1, 2], "predicted_labels": [3, 0, 1, 1, 1, 0, 3, 3, 0, 0, 1, 3, 0, 3, 1, 1, 3, 1, 0, 0, 0, 0, 3, 2, 0, 2, 2, 3, 3, 2, 3, 0, 3, 3, 1, 1, 1, 1, 3, 3, 0, 1, 1, 1, 0, 3, 0, 3, 0, 3, 1, 0, 0, 3, 0, 1, 0, 1, 1, 1, 2, 0, 1, 1, 1, 1, 3, 3, 1, 3, 3, 2, 0, 1, 1, 1, 2, 3, 3, 1, 0, 1, 3, 1, 1, 0, 1, 0, 1, 1, 1, 0, 3, 3, 0, 3, 0, 3, 0, 2, 3, 1, 3, 1, 0, 2, 0, 0, 3, 0, 2, 1, 1, 0, 1, 0, 3, 1, 1, 3, 1, 1, 3, 3, 0, 1, 0, 0, 0, 0, 2, 1, 3, 0, 1, 0, 3, 0, 0, 1, 2, 0], "confidence_scores": [[0.32640612930443064, 0.16750217721205488, 0.07619565204882969, 0.4298960414346849], [0.5001976559926135, 0.16118338050169323, 0.1982255670685548, 0.14039339643713863], [0.15452317260308807, 0.40890666884553023, 0.12161304754697576, 0.3149571110044059], [0.21513751817151158, 0.31889731692500284, 0.26073547464855007, 0.2052296902549356], [0.2408003715515618, 0.49291944614046806, 0.10729968740292067, 0.15898049490504948], [0.33635019891108947, 0.17365395616719628, 0.24512780197779893, 0.2448680429439154], [0.2643553990344637, 0.17571079654746366, 0.20907862399548316, 0.3508551804225894], [0.256311914478299, 0.18911719959401888, 0.2494200869625239, 0.30515079896515834], [0.400636749227017, 0.18593369168178875, 0.22589959036456453, 0.1875299687266297], [0.31141780762005433, 0.27784957905167224, 0.1093083097724896, 0.3014243035557839], [0.19026755792874545, 0.3132435644571852, 0.24676513385511215, 0.24972374375895737], [0.2515915392488067, 0.2351282684866156, 0.24062951570872176, 0.2726506765558559], [0.28695971548849, 0.25164297644814443, 0.18349105210932887, 0.2779062559540366], [0.22208429695185325, 0.13856700952177897, 0.20948587412141342, 0.4298628194049542], [0.2079712541805142, 0.45016552170000557, 0.11322771672217528, 0.22863550739730507], [0.23240114278438542, 0.32937768159834657, 0.13745762576506623, 0.30076354985220183], [0.22688517097007252, 0.1476711427167684, 0.249031463911657, 0.3764122224015022], [0.12553676436516678, 0.672169910425649, 0.08315610984948656, 0.11913721535969761], [0.43920128964659255, 0.20219468157026582, 0.14905350808316725, 0.20955052069997435], [0.4524590959943346, 0.18993725791144767, 0.1321035499492151, 0.22550009614500252], [0.34665955839313156, 0.26958576911225596, 0.13200309488787051, 0.25175157760674194], [0.4012366779573623, 0.34687601081178226, 0.15205506522943368, 0.09983224600142178], [0.2573371529592344, 0.2338852778069103, 0.1935578038773194, 0.31521976535653595], [0.08964575446284855, 0.14622925860633412, 0.4732912813333805, 0.2908337055974368], [0.44660396045195094, 0.23620295089933627, 0.1838356226658702, 0.13335746598284262], [0.2339897014934675, 0.17683270173585772, 0.3424624010922204, 0.24671519567845443], [0.10651658852124318, 0.13950893487288155, 0.40318763568347116, 0.3507868409224042], [0.1399591144549982, 0.16214960159816685, 0.2547758222555009, 0.4431154616913341], [0.15422022729680582, 0.24803324820118366, 0.2258725281908363, 0.37187399631117435], [0.23526068201467618, 0.22697688143501812, 0.365669681178557, 0.17209275537174867], [0.28970068291802453, 0.19528568285121017, 0.09885565375706293, 0.4161579804737023], [0.38402843844773277, 0.25173338838190557, 0.15268353953916042, 0.21155463363120136], [0.24270064077412712, 0.17011620313673426, 0.16222058192617933, 0.4249625741629592], [0.22266802680278217, 0.22047735882795352, 0.16302505466089642, 0.39382955970836775], [0.13999475512763632, 0.44663703463822796, 0.2241539601966119, 0.18921425003752382], [0.32457828461134697, 0.3343793044260348, 0.1527473489604267, 0.18829506200219173], [0.10314823275637992, 0.39470325797247063, 0.3839334167224779, 0.1182150925486714], [0.3023307312124436, 0.38345166587294927, 0.13102839107548647, 0.1831892118391208], [0.15100886798629795, 0.20054796692057955, 0.08342863132020516, 0.5650145337729174], [0.24400787356872314, 0.23370766654738329, 0.15250821273402346, 0.36977624714987023], [0.3342500089103052, 0.23911914386749272, 0.10273056510482283, 0.3239002821173792], [0.19705769353069533, 0.3183927252700134, 0.20979937732975573, 0.2747502038695355], [0.12054100608377716, 0.36025098331847455, 0.2941163982239851, 0.22509161237376343], [0.2764177366894397, 0.373296251521519, 0.1754146089725432, 0.17487140281649816], [0.3949126431392984, 0.2163041923995659, 0.16066193408031143, 0.2281212303808245], [0.29391478492499995, 0.18424221977693278, 0.16397343771738443, 0.3578695575806827], [0.4849169298892329, 0.1881569675718293, 0.13500352744800867, 0.19192257509092922], [0.25177815709049317, 0.26208853324847314, 0.19402300012193233, 0.29211030953910144], [0.35883597803647255, 0.1276665297294262, 0.33401564890669805, 0.1794818433274032], [0.2710999246300863, 0.19213643151355866, 0.2025030240680368, 0.3342606197883182], [0.29376756030772516, 0.3694087037630849, 0.1649438822501272, 0.1718798536790629], [0.2910618955982729, 0.265900401651121, 0.21728634479857312, 0.22575135795203305], [0.4357676461663233, 0.33919253677011596, 0.09925690174983973, 0.12578291531372113], [0.17685156419509865, 0.2600220380455172, 0.13232832164387776, 0.43079807611550647], [0.3022329819084587, 0.21563294690963722, 0.24782465048896496, 0.2343094206929391], [0.16674937912967897, 0.44716359984055015, 0.20045514692943012, 0.18563187410034074], [0.4004322998022014, 0.3788188916593869, 0.06651099304218974, 0.154237815496222], [0.27547440842358223, 0.27597525993338873, 0.2302379825308629, 0.2183123491121662], [0.14062360570604707, 0.6999526725693137, 0.07809152994863446, 0.08133219177600472], [0.19415755704530838, 0.2949362996555263, 0.22806539990670768, 0.28284074339245757], [0.22494515557327827, 0.2563563127687564, 0.30916779835217756, 0.2095307333057879], [0.35478648861940054, 0.24633711115230422, 0.19584220092729313, 0.20303419930100236], [0.28105940700560056, 0.341287631807715, 0.13071001389875644, 0.24694294728792807], [0.25656182947021866, 0.2644271907111347, 0.2181823695925574, 0.26082861022608916], [0.2917738145854272, 0.32049306714176573, 0.10270741217848535, 0.2850257060943215], [0.18689227077169518, 0.4292395103440171, 0.15134679769126108, 0.23252142119302657], [0.1789636444772658, 0.2765220618974709, 0.17444223509228224, 0.3700720585329811], [0.14885184657842995, 0.22594336188239686, 0.11447049405763218, 0.510734297481541], [0.18928527792740216, 0.3890129544490694, 0.1487077010506068, 0.27299406657292163], [0.19668332504134936, 0.1830188050140202, 0.18198620967539259, 0.438311660269238], [0.28456126009865707, 0.26237183673491626, 0.1309913462102528, 0.3220755569561738], [0.18595947584391642, 0.14002025738345467, 0.41893650193142035, 0.2550837648412086], [0.36767393027774986, 0.3102453295756283, 0.07959394676106085, 0.2424867933855612], [0.12657472721791377, 0.3568703325740064, 0.26738161890624196, 0.2491733213018378], [0.14280489150465445, 0.5364513583151567, 0.07536159083465949, 0.24538215934552943], [0.156760382764187, 0.3514161863193009, 0.2705226213446099, 0.22130080957190218], [0.2764190357648303, 0.21763297235441323, 0.278947780301378, 0.22700021157937839], [0.27244795852334647, 0.24169527738389313, 0.18045741899259754, 0.3053993451001629], [0.14923005822097685, 0.37804685585914416, 0.08966835818659973, 0.3830547277332795], [0.29340289093298677, 0.46682192055162514, 0.09490447825174565, 0.1448707102636426], [0.3890292394302225, 0.26753568582577864, 0.11817307765487463, 0.22526199708912437], [0.15259008140859753, 0.350108560010502, 0.15495309519757763, 0.3423482633833229], [0.14277042078961122, 0.197885649436922, 0.19397034215128, 0.46537358762218684], [0.20380027648119745, 0.34404268790589415, 0.23660923861634206, 0.21554779699656645], [0.14956270099741847, 0.4217381111170217, 0.22057945651192684, 0.20811973137363302], [0.4913167490150825, 0.16841001356148216, 0.17413743491307548, 0.16613580251035992], [0.12637912231011134, 0.3735960079581158, 0.17433948190359094, 0.325685387828182], [0.3752439832262209, 0.19968798213859124, 0.18507840085187405, 0.23998963378331384], [0.25242289618289676, 0.5694235317478855, 0.06655945005101499, 0.11159412201820272], [0.22360830025485443, 0.31901294213050224, 0.2102921437415757, 0.24708661387306763], [0.21389326935104727, 0.31619785542836093, 0.1878965829832313, 0.2820122922373606], [0.46656894732853377, 0.2209695670878398, 0.14295383143913876, 0.16950765414448773], [0.31417507211689205, 0.23272919697141736, 0.08029438239630655, 0.37280134851538416], [0.15614544401391076, 0.2102314378227348, 0.2599113308707058, 0.37371178729264887], [0.43713664731531143, 0.21862876527777472, 0.1703983994489479, 0.173836187957966], [0.25781151153634563, 0.25741752516824623, 0.19991597871143904, 0.2848549845839691], [0.3373947041705888, 0.19067869128214135, 0.23704537951928542, 0.23488122502798428], [0.18535638880249003, 0.22610977242931884, 0.27060322418719557, 0.3179306145809956], [0.3921590764936498, 0.2061088541372003, 0.12509656222486554, 0.2766355071442845], [0.17685020740217522, 0.22701837438427658, 0.30127349618733157, 0.2948579220262166], [0.19321836961763078, 0.2602068556317921, 0.062212017411643596, 0.48436275733893347], [0.23174979259783543, 0.29082729774724403, 0.2680671058834528, 0.2093558037714678], [0.35629915416597846, 0.14175280686890424, 0.09032086410873214, 0.4116271748563854], [0.27590244607398984, 0.3607925374607456, 0.17753681989635847, 0.18576819656890634], [0.3033811243049466, 0.2758810017870168, 0.1535342649104897, 0.26720360899754686], [0.2137547458088394, 0.2931949851944477, 0.3705854704571394, 0.12246479853957362], [0.41795950168433704, 0.24218077275331745, 0.1081781181804845, 0.23168160738186097], [0.4504251491176424, 0.2672855483966063, 0.10452870547976569, 0.17776059700598562], [0.3197748823894049, 0.1279221297810457, 0.1025139940310257, 0.4497889937985238], [0.41451008117433613, 0.22419665608482522, 0.10808135095350677, 0.2532119117873319], [0.2756547021389007, 0.25471055085319017, 0.33699723831346345, 0.13263750869444574], [0.19905821463363058, 0.4315797776549561, 0.24444356483349797, 0.12491844287791558], [0.19758141080037617, 0.4000450785644796, 0.07364258899573371, 0.3287309216394105], [0.36525826350942275, 0.23176135429339043, 0.18118849558050912, 0.22179188661667792], [0.27911502389436194, 0.3073785856368818, 0.15393721872907595, 0.2595691717396803], [0.45552771403588777, 0.1827810793720952, 0.11785328616545314, 0.24383792042656383], [0.2229536990554457, 0.27064842282819757, 0.12998821813910952, 0.3764096599772473], [0.2193189900159282, 0.3381529833397329, 0.14535459219165262, 0.29717343445268607], [0.130900631733434, 0.46066325229029714, 0.13225001195926173, 0.2761861040170074], [0.27741510701001487, 0.16114454400819603, 0.23780604011225848, 0.32363430886953065], [0.2994051074108549, 0.3832428326796207, 0.2032104403438066, 0.11414161956571793], [0.2555350932992929, 0.408117072627626, 0.1812086343986685, 0.1551391996744128], [0.2937428293064259, 0.22046624842678836, 0.11404141308936201, 0.3717495091774238], [0.19833130360225848, 0.23425604792206725, 0.15894185921465417, 0.40847078926102004], [0.41807274316465876, 0.19562690251594897, 0.18794901341314602, 0.19835134090624632], [0.3470212287655449, 0.37100118040652486, 0.1418423064897465, 0.14013528433818387], [0.31312990601607843, 0.2865300411770875, 0.17694680049119066, 0.22339325231564336], [0.48457458083250465, 0.17226684281221066, 0.19699773014731356, 0.14616084620797118], [0.3407033681310639, 0.22730926200393015, 0.22649448908885045, 0.20549288077615574], [0.4241582716089828, 0.19128874068353535, 0.19850498096525127, 0.18604800674223057], [0.15266667876724233, 0.14295163636195932, 0.5464250054312491, 0.15795667943954944], [0.20344176373608464, 0.42836656121385536, 0.09687787287118398, 0.27131380217887596], [0.19497070893350724, 0.2368265997172063, 0.1535174410485977, 0.41468525030068887], [0.41140608830821634, 0.2873015009826166, 0.13288757195688886, 0.16840483875227827], [0.24460591883410462, 0.4377756156439471, 0.20822810786504894, 0.10939035765689938], [0.5672333297895269, 0.15648440660279267, 0.10687751689862039, 0.16940474670906017], [0.28844631457829006, 0.284068971352733, 0.10571289338293048, 0.3217718206860465], [0.4416070917056847, 0.12707631722287194, 0.165878857005775, 0.26543773406566845], [0.43834284592263467, 0.1746108616603037, 0.18527394601130467, 0.2017723464057571], [0.1579672903291077, 0.49656916871526235, 0.16464795663549012, 0.1808155843201399], [0.2993515426259596, 0.21379515282870026, 0.30353826839024306, 0.18331503615509728], [0.33499700959993334, 0.23040651217131175, 0.25186601874369596, 0.18273045948505898]]}}