{"test": {"ids": ["101108950", "102116500", "106121220", "107113200", "102118380", "107112850", "113122150", "98111860", "98116500", "100110260", "103112470", "112119320", "109117600", "104116980", "112121351", "113122170", "101111310", "104111780", "105113440", "100120780", "105121370", "113121680", "102121700", "104118070", "101110200", "110116501", "107116980", "112119450", "102116340", "102112301", "109120560", "112121010", "113120640", "110117200", "97107681", "113118690", "99114890", "102112170", "109116441", "99112531", "100113370", "109120621", "105117351", "102109910", "98108410", "108114180", "109119340", "109121351", "104114410", "100113210", "99116500", "99109840", "106113190", "109117150", "102112250", "103113260", "112120990", "97110950", "105113480", "112119950", "102110500", "110117500", "104111380", "110120531", "101110150", "97106970", "107116501", "97106820", "108116070", "99120010", "105115250", "97106000", "110114321", "111119930", "98109311", "98117740", "103111480", "100115700", "99113260", "97113900", "104113240", "101116130", "110120540", "112116540", "109119450", "110120190", "108121190", "98107340", "113119300", "99110730", "105120621", "97106600", "113121750", "103113640", "105116980", "112118421", "109113931", "111121190", "112118701", "111114321", "97107821", "105115720", "110116290", "113121410", "112118930", "99109910", "106114150", "99109161", "109121640", "106115120", "102109850", "101108370", "107121640", "104114320", "97118210", "111119300", "106115240", "104119290", "107114110", "111121410", "112120700", "98107380", "106114280", "108120700", "112116990", "110121140", "101119030", "99108460", "111117120", "110118630", "111120531", "108115870", "105112260", "111115770", "109114270", "110119891", "112117780", "105118230", "107113840", "99110050", "107118120", "97107260"], "labels": [2, 1, 1, 0, 1, 1, 2, 0, 2, 3, 1, 1, 1, 1, 0, 1, 3, 3, 0, 1, 2, 1, 1, 2, 2, 3, 3, 3, 3, 1, 1, 2, 0, 3, 3, 3, 2, 3, 3, 3, 3, 1, 0, 2, 1, 1, 3, 0, 1, 0, 2, 2, 0, 2, 0, 3, 2, 3, 0, 0, 3, 1, 3, 0, 1, 2, 1, 1, 1, 2, 2, 0, 1, 1, 1, 2, 0, 1, 0, 2, 2, 2, 1, 1, 3, 3, 1, 0, 1, 3, 1, 3, 0, 1, 0, 3, 1, 1, 0, 1, 2, 1, 2, 0, 1, 2, 1, 3, 0, 1, 1, 1, 1, 2, 2, 1, 1, 1, 1, 0, 2, 1, 3, 2, 0, 3, 3, 0, 2, 1, 0, 3, 3, 3, 3, 3, 0, 1, 3, 3, 3, 2], "predicted_labels": [2, 2, 3, 0, 2, 1, 3, 2, 3, 0, 0, 2, 0, 2, 0, 1, 0, 1, 2, 3, 3, 3, 1, 2, 1, 3, 0, 3, 3, 1, 2, 1, 3, 0, 2, 1, 2, 0, 0, 0, 3, 0, 0, 0, 0, 3, 3, 0, 3, 0, 1, 2, 0, 1, 3, 1, 1, 3, 2, 0, 0, 1, 2, 3, 3, 2, 1, 0, 1, 2, 0, 3, 1, 0, 2, 3, 3, 0, 2, 0, 1, 3, 1, 1, 3, 0, 1, 2, 3, 3, 3, 2, 3, 0, 0, 3, 3, 3, 3, 1, 3, 1, 2, 3, 3, 2, 3, 0, 1, 0, 2, 0, 2, 0, 2, 3, 0, 2, 3, 3, 3, 2, 3, 1, 0, 0, 3, 3, 3, 3, 3, 3, 3, 3, 3, 3, 1, 1, 1, 3, 1, 2], "confidence_scores": [[0.06059999373669361, 0.13600341954078798, 0.6647192173680597, 0.13867736935445843], [0.155932241749016, 0.032522027422258515, 0.5232833519296088, 0.2882623788991166], [0.41394041361815276, 0.08644579898497806, 0.09291718725319498, 0.4066966001436741], [0.7214436273421866, 0.020160487955560785, 0.03620933495057302, 0.2221865497516795], [0.02835201573980352, 0.21031755982766664, 0.6865677582472209, 0.07476266618530863], [0.1600541362358571, 0.5634742534765933, 0.12029392638484561, 0.15617768390270392], [0.14416633382272492, 0.35796456470981014, 0.1357875755848113, 0.3620815258826533], [0.014534603374353758, 0.10643015949956296, 0.8688501851201216, 0.010185052005961795], [0.25036100166718916, 0.07273541923204223, 0.09189291069554825, 0.5850106684052201], [0.8083737831787077, 0.01754796738950804, 0.12186630569791629, 0.05221194373386804], [0.410028727932643, 0.34944330805235896, 0.15128166845136629, 0.08924629556363148], [0.0011830321992055896, 0.017216072714632883, 0.9678428221603357, 0.013758072925825782], [0.7445603352803722, 0.17629546728275816, 0.023239957133142416, 0.055904240303727294], [0.007357241610805249, 0.035033540188870414, 0.9299409610879897, 0.02766825711233451], [0.6512293932709258, 0.05395875262309157, 0.012618968560286735, 0.2821928855456958], [0.11861406726582936, 0.3881256489215104, 0.15485042297455343, 0.33840986083810637], [0.4547671991477665, 0.35036524124256674, 0.060964858925479336, 0.13390270068418758], [0.12574766719278746, 0.3418488297600063, 0.20695400276761142, 0.3254495002795947], [0.07596630125153324, 0.13969017957702776, 0.6781007250542531, 0.10624279411718601], [0.08687291628846176, 0.048953256530389684, 0.13729200425643226, 0.7268818229247164], [0.023433943746828837, 0.08704725715479988, 0.08109877549253537, 0.8084200236058359], [0.09520457221360704, 0.17006525386734128, 0.03159468881764473, 0.7031354851014071], [0.17667743741679587, 0.6853079103589463, 0.09434813161125281, 0.04366652061300501], [0.014061889500429747, 0.05366952574960748, 0.9203959051514999, 0.01187267959846305], [0.01990370923978782, 0.8980309443379241, 0.014045076878490029, 0.06802026954379814], [0.07307675252309538, 0.0776490176139108, 0.0035804199333960636, 0.8456938099295973], [0.9103355166338662, 0.02096850709672897, 0.03152474037398863, 0.037171235895416474], [0.08530847248298952, 0.019327854945990885, 0.018501797345265573, 0.8768618752257537], [0.023346959483827673, 0.21750341540456314, 0.42458203678129736, 0.3345675883303117], [0.19937092949532423, 0.45106787647724794, 0.09071261289921968, 0.25884858112820813], [0.0012722920123077745, 0.0286651744492465, 0.9546401349179032, 0.015422398620542541], [0.20041987978217035, 0.6147775460607773, 0.05665174016865407, 0.128150833988398], [0.337451315750212, 0.16217046768959423, 0.02145137630550347, 0.4789268402546902], [0.7573948534119058, 0.05722083294918474, 0.016581940479847183, 0.1688023731590622], [0.0008256150295370415, 0.006579512910695673, 0.9642017545973045, 0.02839311746246295], [0.26385089136474604, 0.5089777171993463, 0.057032863867744754, 0.17013852756816278], [0.0048013438873236135, 0.21433845050433112, 0.6845748978579325, 0.09628530775041305], [0.7488490923121544, 0.03148597197816946, 0.18928931781752392, 0.03037561789215213], [0.6310647023425383, 0.20178213101125947, 0.004160759197486313, 0.16299240744871585], [0.5289596899947107, 0.03993670111413572, 0.039157235687420494, 0.3919463732037333], [0.057077825777989415, 0.2063859839384492, 0.12538613870821083, 0.6111500515753504], [0.5370601275575051, 0.20807715840382637, 0.0253435865148947, 0.22951912752377382], [0.5495980810071437, 0.02281743765790439, 0.00981868031713422, 0.4177658010178177], [0.7510250692615674, 0.021665149419770758, 0.21693644568246498, 0.010373335636196955], [0.555577033607727, 0.3376782876015495, 0.06805287031123808, 0.0386918084794854], [0.010498614022457324, 0.017777440469364636, 0.06950050273806734, 0.9022234427701106], [0.3700593849770457, 0.042167978705637515, 0.13255924181041953, 0.455213394506897], [0.5328558065132435, 0.19804927236496045, 0.012232879713127679, 0.25686204140866836], [0.1808050484799483, 0.30551073767626263, 0.04976513929039421, 0.4639190745533949], [0.6619846464716225, 0.02017513002629064, 0.006954662749287657, 0.31088556075279933], [0.0015340493011876228, 0.5708218581249964, 0.39945378675155785, 0.02819030582225792], [0.04342128425147793, 0.12113383369586839, 0.712063028439397, 0.12338185361325685], [0.5200057223774853, 0.16414351492445498, 0.03510322347698995, 0.28074753922106993], [0.1164732892961909, 0.5272433779576847, 0.0788660117658731, 0.2774173209802513], [0.24813979124966112, 0.020249294434937136, 0.2507352844282046, 0.4808756298871971], [0.08602818849012264, 0.6731387765304768, 0.11197906423543583, 0.12885397074396454], [0.3691717396041862, 0.5697038293268984, 0.015620097861082689, 0.045504333207832336], [0.28961419878123706, 0.2045432281746145, 0.17623081724150175, 0.3296117558026468], [0.02463267874267934, 0.20615136077356735, 0.586274194278811, 0.18294176620494212], [0.7859401563095113, 0.09475382676736706, 0.0055783487369284466, 0.11372766818619366], [0.5696228217962015, 0.03872697401818661, 0.06599293389448062, 0.325657270291131], [0.12284897370909287, 0.7832425403981026, 0.012441717545635963, 0.08146676834716833], [0.06283897969841468, 0.029503543138803014, 0.8858315713779201, 0.02182590578486232], [0.26647489606640845, 0.13846206046676063, 0.02461498708699023, 0.5704480563798408], [0.10299523646152013, 0.03766868923780343, 0.07410109003339083, 0.7852349842672853], [0.1098904628622989, 0.05593989935008479, 0.5646726822912116, 0.2694969554964048], [0.15647036767495345, 0.5554385218500352, 0.020810142447944272, 0.2672809680270671], [0.4821451332282107, 0.056659447702556626, 0.09891115815837219, 0.3622842609108605], [0.08117072143435358, 0.32288575084990423, 0.5480425496694241, 0.04790097804631804], [0.09716674286193183, 0.1021562602879302, 0.7425651232627922, 0.058111873587345826], [0.586924504946619, 0.024415843498936638, 0.035455652095577155, 0.35320399945886743], [0.004218234525039693, 0.18243737751436392, 0.28280920113434843, 0.5305351868262482], [0.2933817621253891, 0.40169410362066305, 0.10912160575084556, 0.19580252850310254], [0.8410798017993717, 0.0884760500797558, 0.018718727477903596, 0.051725420642969006], [0.24276899048317868, 0.11107177005575394, 0.5475348859530949, 0.09862435350797298], [0.07077793929877708, 0.1323149370654994, 0.19962823887239464, 0.5972788847633288], [0.5182573707356002, 0.009547508030340724, 0.042379431521685905, 0.42981568971237316], [0.23910362492125498, 0.10348639871342447, 0.429819488512223, 0.2275904878530972], [0.21341299884616607, 0.09293868841574422, 0.6636146904576603, 0.030033622280429356], [0.3305095813728586, 0.2649285597782928, 0.37332579427578566, 0.031236064573062577], [0.03436230971575774, 0.8280938903328595, 0.12316232771828402, 0.014381472233098602], [0.03220882197561183, 0.07137042189042392, 0.2975876692806184, 0.5988330868533456], [0.09813529011579203, 0.41074579161746677, 0.2887657421517954, 0.20235317611494602], [0.19332135286206129, 0.5467026544787065, 0.02085964915757014, 0.239116343501662], [0.025246558194869925, 0.062062864958632905, 0.1882392065844031, 0.7244513702620942], [0.6300157379951044, 0.2265335503900033, 0.009384723813524726, 0.13406598780136775], [0.06997255763621503, 0.5941760197907224, 0.013508559857058351, 0.3223428627160049], [0.06094703839814446, 0.033870873167595815, 0.7437782931788249, 0.1614037952554347], [0.3019760290776357, 0.02223286754308273, 0.0045268769494633465, 0.671264226429818], [0.0805937992819843, 0.11389930209131989, 0.16325669642921037, 0.6422502021974856], [0.05041248281648496, 0.012708036632500192, 0.0011326042462818265, 0.9357468763047331], [0.034365417839374475, 0.043758846679626116, 0.8818310799408897, 0.04004465554010941], [0.3748935281703774, 0.21931422870485728, 0.018792930707598843, 0.3869993124171664], [0.9629262977930615, 0.009644919067362274, 0.015100381872151519, 0.012328401267424467], [0.9282215148444444, 0.01036991735865616, 0.031961199148685185, 0.02944736864821457], [0.26936157537391675, 0.12296230747279265, 0.03132607598405087, 0.5763500411692398], [0.4789836808784392, 0.09952803248710733, 0.011598551535221773, 0.4098897350992315], [0.29357077892953026, 0.1845742451555568, 0.038132602128503876, 0.48372237378640914], [0.1178147023725754, 0.17609075497116974, 0.014936301513609092, 0.6911582411426456], [0.08555535280075888, 0.5608192867921511, 0.3110104038656412, 0.04261495654144898], [0.30248370482296283, 0.06756881267212084, 0.027094169498094154, 0.6028533130068222], [0.011904849363117314, 0.9307194354896996, 0.015358374258337956, 0.04201734088884525], [0.28692996074110494, 0.017701851580792342, 0.6250535246355883, 0.07031466304251445], [0.02540805999674527, 0.003244313501005029, 0.00045141400485321833, 0.9708962124973962], [0.27651609589114107, 0.1659428689795653, 0.031894739718036164, 0.5256462954112572], [0.015772519500316735, 0.0021618236331910064, 0.9764334518970186, 0.005632204969473637], [0.3881454066494352, 0.13585055446344363, 0.1762786525774044, 0.29972538630971673], [0.559532686497549, 0.3138740624468165, 0.11443804086864623, 0.01215521018698853], [0.070485239374129, 0.3012070233949763, 0.5056645702828859, 0.12264316694800917], [0.7667493806544653, 0.11546020396305429, 0.03467387467930297, 0.0831165407031772], [0.06640362245092288, 0.09592895468477712, 0.8159347964738857, 0.021732626390414195], [0.8966016112241166, 0.0063157152508698765, 0.03701758306721855, 0.06006509045779526], [0.22392157679638572, 0.08808052724414568, 0.5974549874416086, 0.09054290851786008], [0.5912564963768204, 0.044676737361449705, 0.3215738992272982, 0.04249286703443179], [0.06734993536446086, 0.02850856033508959, 0.8477271536421721, 0.05641435065827756], [0.04059126931806585, 0.08840201133802286, 0.09655035630219143, 0.77445636304172], [0.6215661092863513, 0.12096736969259811, 0.07325499235459003, 0.18421152866646046], [0.016433621864302726, 0.14283905000366376, 0.5580684585003671, 0.2826588696316663], [0.0298827387309463, 0.09054836395144186, 0.099610608163535, 0.7799582891540771], [0.18943998176815746, 0.13328432576990895, 0.02682374508878181, 0.6504519473731517], [0.012036443572271132, 0.2640147881404661, 0.10132835129326304, 0.6226204169939995], [0.10091075745059801, 0.11261974321425608, 0.494989077437743, 0.2914804218974027], [0.10986062621856763, 0.19832019928173097, 0.06010155171098747, 0.631717622788714], [0.3788945420769816, 0.39496998988705107, 0.03540391057347731, 0.1907315574624902], [0.6067861970149545, 0.004692532143588343, 0.026999717169243494, 0.3615215536722136], [0.8722339837957546, 0.034873288389910044, 0.053702440442364, 0.039190287371971215], [0.3902850606833805, 0.19620818549100968, 0.021118222902025204, 0.3923885309235846], [0.02043484055601604, 0.10393895901600306, 0.007667714280482417, 0.8679584861474986], [0.08688113723787383, 0.37242780843676876, 0.0743020836485114, 0.4663889706768459], [0.0685751625509512, 0.2349070616573157, 0.09536050231428432, 0.6011572734774489], [0.1585906323406553, 0.31895744297779977, 0.0643718535662844, 0.4580800711152607], [0.17248312581894254, 0.10891654997006421, 0.07590012994067642, 0.6427001942703168], [0.2568247520594759, 0.22574319672813867, 0.09548993512640379, 0.4219421160859818], [0.11396418441765704, 0.10429741088890557, 0.04550101616492288, 0.7362373885285147], [0.2675708330610403, 0.1975073582801798, 0.10672631017910676, 0.42819549847967336], [0.0730054025742162, 0.04731449205589671, 0.014780954019633785, 0.8648991513502535], [0.2659850524403173, 0.4262088743490864, 0.02293982938170269, 0.2848662438288939], [0.04425966471108154, 0.5208610192257704, 0.04914462228683493, 0.38573469377631286], [0.22026008891681334, 0.6301702678705431, 0.05987310573619808, 0.08969653747644572], [0.013762082947154874, 0.22070151878961658, 0.13750958325850504, 0.6280268150047237], [0.04837179694873359, 0.4338149497570292, 0.11900208268198209, 0.3988111706122549], [0.00043158581168526773, 0.0013542165446612435, 0.9759875650612732, 0.022226632582380113]]}, "rewritten": {"ids": ["97106000", "97106600", "97106820", "97106970", "97107260", "97107681", "97107821", "97110950", "97113900", "97118210", "98107340", "98107380", "98108410", "98109311", "98111860", "98116500", "98117740", "99108460", "99109161", "99109840", "99109910", "99110050", "99110730", "99112531", "99113260", "99114890", "99116500", "99120010", "100110260", "100113210", "100113370", "100115700", "100120780", "101108370", "101108950", "101110150", "101110200", "101111310", "101116130", "101119030", "102109850", "102109910", "102110500", "102112170", "102112250", "102112301", "102116340", "102116500", "102118380", "102121700", "103111480", "103112470", "103113260", "103113640", "104111380", "104111780", "104113240", "104114320", "104114410", "104116980", "104118070", "104119290", "105112260", "105113440", "105113480", "105115250", "105115720", "105116980", "105117351", "105118230", "105120621", "105121370", "106113190", "106114150", "106114280", "106115120", "106115240", "106121220", "107112850", "107113200", "107113840", "107114110", "107116501", "107116980", "107118120", "107121640", "108114180", "108115870", "108116070", "108120700", "108121190", "109113931", "109114270", "109116441", "109117150", "109117600", "109119340", "109119450", "109120560", "109120621", "109121351", "109121640", "110114321", "110116290", "110116501", "110117200", "110117500", "110118630", "110119891", "110120190", "110120531", "110120540", "110121140", "111114321", "111115770", "111117120", "111119300", "111119930", "111120531", "111121190", "111121410", "112116540", "112116990", "112117780", "112118421", "112118701", "112118930", "112119320", "112119450", "112119950", "112120700", "112120990", "112121010", "112121351", "113118690", "113119300", "113120640", "113121410", "113121680", "113121750", "113122150", "113122170"], "labels": [0, 3, 1, 2, 2, 3, 2, 3, 2, 2, 0, 1, 1, 1, 0, 2, 2, 0, 3, 2, 2, 3, 3, 3, 0, 2, 2, 2, 3, 0, 3, 1, 1, 1, 2, 1, 2, 3, 2, 3, 1, 2, 3, 3, 0, 1, 3, 1, 1, 1, 0, 1, 3, 1, 3, 3, 2, 2, 1, 1, 2, 1, 3, 0, 0, 2, 1, 0, 0, 1, 1, 2, 0, 1, 3, 1, 1, 1, 1, 0, 3, 1, 1, 3, 3, 1, 1, 3, 1, 2, 1, 1, 3, 3, 2, 1, 3, 3, 1, 1, 0, 0, 1, 2, 3, 3, 1, 1, 3, 3, 0, 1, 3, 1, 3, 2, 1, 1, 0, 1, 0, 1, 0, 0, 3, 0, 1, 1, 3, 0, 2, 2, 2, 0, 3, 1, 0, 0, 1, 0, 2, 1], "predicted_labels": [3, 1, 3, 3, 2, 2, 3, 3, 0, 2, 2, 3, 1, 2, 1, 3, 3, 3, 0, 2, 2, 3, 3, 0, 2, 1, 1, 2, 0, 0, 3, 0, 3, 0, 2, 3, 1, 1, 3, 0, 2, 0, 3, 0, 3, 1, 3, 3, 1, 1, 0, 0, 0, 0, 2, 1, 1, 2, 3, 2, 2, 3, 1, 3, 3, 0, 1, 0, 0, 1, 3, 3, 3, 0, 3, 0, 0, 3, 1, 0, 1, 3, 3, 0, 3, 0, 3, 3, 0, 3, 1, 0, 0, 0, 1, 0, 3, 3, 2, 0, 1, 2, 0, 2, 3, 0, 1, 3, 3, 0, 3, 1, 0, 1, 3, 3, 3, 0, 3, 3, 3, 1, 0, 1, 0, 3, 3, 2, 3, 0, 3, 1, 0, 0, 0, 3, 3, 3, 1, 3, 3, 1], "confidence_scores": [[0.009381426587396326, 0.34923782614327487, 0.29035885901260416, 0.35102188825672487], [0.17036366079107504, 0.3808439560891166, 0.4086874577910209, 0.04010492532878753], [0.1414865315559074, 0.1500307208435242, 0.3889024850284361, 0.3195802625721323], [0.03706862704089122, 0.05973752427014432, 0.3134794354792028, 0.5897144132097619], [8.916472726821171e-06, 1.434076421598774e-05, 0.9973495040613906, 0.0026272387016665266], [0.0011566502972166141, 0.008249625451581184, 0.9769995294169707, 0.013594194834231726], [0.30346309622659723, 0.04873801937640397, 0.04980232930311717, 0.597996555093882], [0.191636356374865, 0.21342089375030657, 0.1321374698093195, 0.4628052800655091], [0.49149526457311177, 0.14307623718754556, 0.273934406297884, 0.09149409194145887], [0.12761266105139, 0.03264060889620809, 0.7441319672124793, 0.09561476283992267], [0.06276201238252808, 0.048090403630817034, 0.6121037266121343, 0.27704385737452053], [0.1281670045458176, 0.33701740405729, 0.13902647891862632, 0.3957891124782661], [0.21809937485590142, 0.678465702742785, 0.06172508685065234, 0.04170983555066104], [0.0692974128950089, 0.2846386608504625, 0.5881732617553217, 0.057890664499206865], [0.11232610905912192, 0.42183103861338456, 0.44174305314205603, 0.024099799185437754], [0.16211631221558312, 0.1540775598713886, 0.017559493052539045, 0.666246634860489], [0.06856236390958435, 0.2055036879194356, 0.3179251606609964, 0.40800878750998393], [0.09970556069682453, 0.08639735968347062, 0.01601498840317897, 0.7978820912165259], [0.6964576594338513, 0.22594357083734298, 0.05084222049259198, 0.026756549236214046], [0.012919983554543943, 0.13155298361600637, 0.7866910571796304, 0.06883597564981983], [0.2798323438538523, 0.05142901875995724, 0.654397647420918, 0.014340989965272465], [0.04425103496628779, 0.37562671064761355, 0.05846919765432155, 0.5216530567317772], [0.02219801731563259, 0.09681179238383841, 0.3273766286845975, 0.5536135616159313], [0.8405879862136915, 0.010343026663551795, 0.009961063783663562, 0.13910792333909328], [0.3006347377340778, 0.11987741552102602, 0.5038704247676984, 0.07561742197719791], [0.0025481704037027546, 0.2677603695667619, 0.494470187808634, 0.2352212722209013], [0.002077161488125069, 0.81921786528943, 0.1535735922663941, 0.025131380956050903], [0.09322775679276157, 0.11479594596675467, 0.7388581810826886, 0.05311811615779516], [0.8513090489105376, 0.01865112971996354, 0.046353333800307706, 0.08368648756919116], [0.6445027370058664, 0.0046483394955030245, 0.007631188493877347, 0.34321773500475367], [0.05403793085968761, 0.32377674179626276, 0.14177619463486546, 0.48040913270918406], [0.32634485628899745, 0.18271762691251148, 0.3073219679837094, 0.18361554881478206], [0.08048313306141468, 0.05180012380026236, 0.1210108472389622, 0.7467058958993608], [0.8675557953521339, 0.01148764992006881, 0.02126043206812813, 0.09969612265966939], [0.1596758039253524, 0.15503176507906608, 0.4757081180271735, 0.2095843129684084], [0.3020866817049713, 0.06064803563940018, 0.08691120089397057, 0.5503540817616579], [0.0508143737076811, 0.6343552066507895, 0.09328163238217688, 0.2215487872593526], [0.14518727924174987, 0.34002848938856106, 0.3213440966225163, 0.19344013474717284], [0.1127903265568081, 0.08938060237748714, 0.20730529832209676, 0.5905237727436083], [0.35673295701010865, 0.2980865444445548, 0.12486922374358711, 0.22031127480174928], [0.08465754955876302, 0.30938885354555296, 0.5214608349132658, 0.08449276198241805], [0.8898393034028647, 0.003235361787261564, 0.0967731888940817, 0.010152145915791966], [0.4780445459904609, 0.07559623701472946, 0.04328670744481767, 0.4030725095499918], [0.48885018739629194, 0.011477087424887112, 0.4387805789885475, 0.06089214619027353], [0.20557241763294867, 0.007825944853182294, 0.241267204504806, 0.5453344330090628], [0.262640616801656, 0.4949926319869902, 0.03222537727112649, 0.21014137394022747], [0.14387426043141766, 0.2584474702220342, 0.19549434687188094, 0.40218392247466683], [0.11385768788871331, 0.024183285846347838, 0.20515299246240098, 0.6568060338025379], [0.08280010000118496, 0.5007866776453979, 0.34206640058495685, 0.07434682176846003], [0.0808658250530513, 0.7888322565262869, 0.07406920873340335, 0.05623270968725838], [0.5276660471008867, 0.010758637363402792, 0.0964913884909567, 0.36508392704475384], [0.7360517295128158, 0.16514600112824648, 0.03628714305746797, 0.06251512630146978], [0.31536575273699574, 0.31063152702067265, 0.07377453183987356, 0.30022818840245813], [0.9685175986116533, 0.010891617171137704, 0.005549313106268649, 0.015041471110940213], [0.06170769890310562, 0.05027273172584893, 0.8683089083031995, 0.019710661067845664], [0.2144167842987114, 0.3253360888419895, 0.19985746096712928, 0.26038966589216983], [0.026513432815117498, 0.514343537382575, 0.44440751158677294, 0.014735518215534543], [0.22470768823414367, 0.10401371318676053, 0.6017897481909453, 0.06948885038815032], [0.11852483057139658, 0.17222885009345335, 0.05089101596358609, 0.6583553033715639], [0.025775169321727933, 0.0780854614704331, 0.6886288402107277, 0.2075105289971112], [0.021045299417126885, 0.027098942194419114, 0.9286353192252367, 0.02322043916321722], [0.05102659962390248, 0.04706967357085042, 0.0818189942269828, 0.8200847325782645], [0.1403788195055447, 0.4723325075238504, 0.1225776113954756, 0.26471106157512936], [0.3008331711137444, 0.206173701389876, 0.19657910278458993, 0.2964140247117898], [0.08888811191828698, 0.22090817802693954, 0.3678489139116474, 0.3223547961431259], [0.4993784346354093, 0.03888726856605457, 0.09593410055637847, 0.3658001962421575], [0.01337629136374363, 0.8785451153157859, 0.061895712956850105, 0.0461828803636205], [0.9643760845013715, 0.007500161707186773, 0.01539410186103224, 0.012729651930409688], [0.7409166673629475, 0.026647234394124197, 0.006104795777371416, 0.22633130246555677], [0.04618635624547909, 0.850064104549226, 0.03352437915036276, 0.07022516005493215], [0.14769266401887451, 0.010108661759442158, 0.0008904380710321947, 0.8413082361506511], [0.027326988943370673, 0.05842677351543715, 0.09942619475744463, 0.8148200427837476], [0.26865407619206627, 0.21668148346966107, 0.09960617366675638, 0.41505826667151624], [0.5937605770967536, 0.08227190576332749, 0.060897056985310956, 0.2630704601546078], [0.08445059179956012, 0.24270563725611838, 0.29956342220486915, 0.3732803487394522], [0.8675102012127774, 0.062601845991464, 0.012232329466208784, 0.057655623329549856], [0.7041432798001991, 0.07523724469300852, 0.02473935215071237, 0.19588012335607982], [0.3447802547600812, 0.08418957742104972, 0.07819388564399556, 0.4928362821748739], [0.159598619773396, 0.6673471767718002, 0.0958698106222508, 0.07718439283255277], [0.6569456524146636, 0.03668241765942908, 0.047707055641754766, 0.2586648742841527], [0.2198099455376678, 0.6596923208553297, 0.04955961937674742, 0.07093811423025469], [0.020821647879173327, 0.041899729045416216, 0.26901219834673623, 0.6682664247286744], [0.27922565604724436, 0.31624042264961993, 0.012766928250164225, 0.391766993052971], [0.7911672198795375, 0.07913882179407104, 0.043207226830603046, 0.08648673149578803], [0.05305675170359761, 0.08999798696758754, 0.13891053328988864, 0.7180347280389263], [0.6590934935134277, 0.0881043535562301, 0.16635854089979712, 0.08644361203054482], [0.02236447859364209, 0.010070259067413918, 0.1980473793590842, 0.7695178829798599], [0.22096120084966175, 0.16449959524073018, 0.08594750970279695, 0.5285916942068108], [0.428371566423431, 0.3036450623864387, 0.09298020228358536, 0.17500316890654496], [0.32598014702262224, 0.2547574582389417, 0.039979026500792665, 0.3792833682376435], [0.11909628323274764, 0.46038251878034553, 0.03979067719789527, 0.3807305207890112], [0.4195331739734137, 0.2328569156849101, 0.04234580807472345, 0.3052641022669525], [0.5207489881384889, 0.06548401364534337, 0.021042593179236742, 0.39272440503693096], [0.5294655799128823, 0.20113823926031532, 0.008774903960199462, 0.2606212768666029], [0.09079123743189198, 0.5681253057591479, 0.07858617529563236, 0.2624972815133275], [0.5554852269558973, 0.22378580446426616, 0.11203956774110765, 0.10868940083872904], [0.32474777388747894, 0.04429376481668591, 0.012193995763107734, 0.6187644655327276], [0.03466810375236279, 0.1135097003995198, 0.11342602206297134, 0.7383961737851463], [0.023520084574868993, 0.18086862619732957, 0.6194724566869859, 0.17613883254081555], [0.6574607056673256, 0.02453507514638277, 0.00458006162186297, 0.3134241575644286], [0.31819230854398656, 0.4888654947899145, 0.02561763608540096, 0.16732456058069803], [0.1361668347931207, 0.21602861748624747, 0.47028550192420754, 0.17751904579642425], [0.48285179002705814, 0.23667440590692015, 0.03836638411524885, 0.24210741995077278], [0.29026140590259925, 0.0206027502804921, 0.6605259177078355, 0.028609926109073234], [0.11541803047487477, 0.11782539902066977, 0.024503594336324857, 0.7422529761681305], [0.7291564376133202, 0.08617419604204753, 0.019573845506175913, 0.1650955208384564], [0.03854340187392245, 0.899736185678741, 0.023349006282406624, 0.03837140616492993], [0.05803959302327652, 0.3572031750885714, 0.09596765301455316, 0.4887895788735988], [0.09746484261555029, 0.06557172080769637, 0.011776209302193861, 0.8251872272745596], [0.6438975250434611, 0.25938520729371667, 0.014573328900469903, 0.08214393876235265], [0.5124422956169428, 0.03327865040166806, 0.018600922566729464, 0.4356781314146595], [0.10915099744922878, 0.3649471575090037, 0.40142807408420095, 0.12447377095756654], [0.8541843901407098, 0.020211536577939674, 0.11912400760208765, 0.00648006567926285], [0.14648307279119827, 0.6976556351329191, 0.08128676385070488, 0.07457452822517792], [0.297780021164133, 0.08420941828234768, 0.018961533362714025, 0.5990490271908051], [0.08073113321034946, 0.2952867897415812, 0.07306126104818175, 0.550920815999888], [0.11549559757674566, 0.04547740188024214, 0.03477482729207426, 0.804252173250938], [0.731484604583442, 0.1610344048883292, 0.015787507063385272, 0.09169348346484345], [0.18404015202635138, 0.22675701208875185, 0.1134430437536893, 0.4757597921312076], [0.32726706950486495, 0.1985279045050509, 0.04414290156712206, 0.43006212442296227], [0.1376121457143718, 0.03243500543366915, 0.1445373167398738, 0.6854155321120854], [0.2907019165466688, 0.4236919634919601, 0.05144731354098682, 0.2341588064203843], [0.56484913397773, 0.014653752677518206, 0.02474995068222172, 0.39574716266253007], [0.19460431053327276, 0.5771419376555126, 0.038880716287960984, 0.18937303552325346], [0.7008047140609569, 0.08019312557596055, 0.013583825244494559, 0.20541833511858804], [0.07257196188748499, 0.16391388273305726, 0.02249501054838171, 0.741019144831076], [0.12885730481800803, 0.07011542316879801, 0.0321314337108316, 0.7688958383023623], [0.003911699534214642, 0.040981984110190196, 0.9292788160317924, 0.025827500323802738], [0.4208551919899064, 0.029819293566283232, 0.00799516071306416, 0.5413303537307461], [0.6710362472132876, 0.03873777729981687, 0.010626968839330665, 0.27959900664756476], [0.04254609030643976, 0.2971820085386526, 0.2076144726552763, 0.4526574284996315], [0.058461888322963465, 0.9257241656357202, 0.0060410036041805976, 0.00977294243713554], [0.43627550043693153, 0.3660866091412835, 0.0367374761842037, 0.16090041423758109], [0.6340332514991586, 0.08494325430161917, 0.025560794556236333, 0.255462699642986], [0.5016626222388458, 0.23763186394636737, 0.11183597219389976, 0.14886954162088692], [0.36951244296550384, 0.017199657700962614, 0.010160152652824852, 0.6031277466807089], [0.20622024466877487, 0.23199779005573684, 0.22022078623570482, 0.3415611790397835], [0.09315579625878741, 0.014306141646296115, 0.010116102609152605, 0.8824219594857637], [0.043413721828654786, 0.7040019123124336, 0.08246441831095096, 0.17011994754796056], [0.20123548629114546, 0.269441632199314, 0.015052132996451665, 0.514270748513089], [0.16316547411462926, 0.34513694199914025, 0.12777743325219032, 0.3639201506340404], [0.1800861091810092, 0.5172356150192496, 0.07669672264995558, 0.22598155314978538]]}}