{"test": {"ids": ["113121410", "98111231", "111116090", "111118910", "110119300", "97108520", "107114321", "107120130", "103117200", "101108080", "99110730", "105115900", "104118070", "99116500", "112121010", "112116810", "99109840", "110114561", "113120591", "111119290", "97107920", "105113440", "99108080", "111116040", "107113550", "106119580", "97116410", "106114321", "113122230", "109116040", "111120591", "112118820", "104114410", "97116500", "102107961", "98113881", "103111540", "99109860", "101108121", "105115680", "98107210", "108117610", "105116980", "112116501", "107121230", "113118810", "113117401", "106112770", "109114220", "106116370", "104114740", "101109120", "101108460", "97105960", "102114270", "97118210", "110120560", "109121410", "112118860", "101108290", "108113740", "106118820", "108116481", "102110050", "111115770", "104113550", "102109010", "106116441", "109118231", "103118291", "99110050", "99121440", "98107380", "102116500", "110116300", "110113931", "104114320", "111119150", "107121640", "98119591", "98108150", "113119700", "110121500", "98112300", "113121680", "112120270", "106113260", "99107300", "113119360", "105116090", "110117140", "101108580", "113118690", "106120290", "108115070", "103110100", "111121930", "102116340", "107119950", "111117120", "107113840", "97111790", "113118630", "104111550", "107118120", "99109740", "113118870", "102110750", "107116980", "101110740", "110116170", "106118161", "108116120", "112118161", "107120010", "98116940", "100111390", "112116900", "103117461", "103111170", "107116501", "104116800", "101112201", "101112690", "108115500", "113119480", "111119930", "110118121", "107121540", "104109311", "99111440", "113122180", "100111270", "112118620", "113121810", "112119950", "113118620", "99107950", "108114270", "101119030", "104113170", "110118161"], "labels": [0, 1, 3, 0, 1, 2, 0, 2, 0, 0, 3, 3, 2, 2, 2, 3, 2, 0, 0, 3, 0, 0, 3, 0, 0, 3, 3, 2, 1, 0, 1, 0, 1, 2, 3, 3, 1, 2, 0, 2, 1, 3, 0, 3, 0, 3, 3, 1, 3, 2, 2, 1, 0, 2, 3, 2, 0, 0, 3, 0, 3, 3, 0, 3, 3, 1, 1, 0, 1, 0, 3, 2, 1, 1, 3, 1, 2, 3, 1, 1, 0, 0, 3, 2, 1, 0, 3, 3, 0, 1, 3, 0, 3, 2, 1, 1, 1, 3, 3, 2, 3, 2, 3, 1, 3, 3, 0, 1, 3, 3, 0, 3, 1, 0, 1, 2, 2, 3, 0, 2, 1, 1, 0, 1, 3, 3, 1, 3, 2, 3, 3, 2, 2, 3, 2, 0, 3, 1, 3, 3, 3, 0], "predicted_labels": [3, 3, 0, 1, 1, 0, 1, 1, 0, 3, 3, 2, 2, 2, 0, 0, 3, 0, 3, 3, 3, 2, 0, 0, 0, 2, 1, 0, 0, 3, 3, 0, 3, 3, 1, 1, 3, 2, 3, 1, 2, 0, 3, 3, 1, 3, 0, 1, 0, 3, 3, 1, 1, 2, 1, 1, 0, 3, 0, 3, 0, 1, 3, 2, 1, 2, 2, 1, 1, 1, 1, 1, 3, 2, 0, 1, 0, 3, 2, 2, 1, 1, 0, 3, 2, 1, 0, 0, 3, 0, 1, 2, 1, 2, 0, 0, 0, 3, 3, 1, 1, 3, 2, 2, 3, 1, 3, 1, 1, 1, 0, 1, 3, 3, 1, 1, 1, 3, 1, 2, 0, 1, 3, 1, 1, 0, 3, 1, 0, 3, 0, 3, 2, 0, 2, 0, 1, 2, 1, 0, 1, 1], "confidence_scores": [[0.0012189389294062327, 0.0001827086680565187, 0.0020149192900951788, 0.996583433112442], [0.005018123155915585, 0.0001241071720461892, 1.984653582245319e-05, 0.9948379231362158], [0.992855893660758, 1.564928877752561e-05, 9.991852124390818e-07, 0.00712745786525208], [0.01252303452955343, 0.9744765302897207, 0.0033655381603518095, 0.00963489702037396], [0.37286973678636465, 0.6084089826204653, 1.570454347209587e-05, 0.018705576049698018], [0.9643203277912418, 0.007479123544944224, 0.020868676593904907, 0.007331872069909215], [0.11176459751293266, 0.8757409159028063, 0.0124934364048892, 1.0501793718054196e-06], [0.003338836201795795, 0.964535790699476, 0.03209905330208169, 2.6319796646346523e-05], [0.9997612049155047, 1.7134541535299665e-05, 1.177899765796455e-09, 0.000221659365060244], [0.00975838295018306, 0.0017534175673392545, 5.720325238588471e-06, 0.9884824791572392], [4.598447602303307e-06, 3.031707713049557e-07, 0.0019362534352361798, 0.9980588449463902], [0.2379659678537901, 1.4577569528108644e-06, 0.7612879956725266, 0.0007445787167304496], [0.07578842758450721, 0.0030124459769444896, 0.869265676796825, 0.05193344964172336], [4.01322332615092e-08, 0.4164368937730058, 0.5818148104463076, 0.0017482556484534415], [0.9990619448317887, 0.0005003756455350818, 0.00034321180660597803, 9.446771607018648e-05], [0.6205564463287925, 0.017870293996092305, 0.35902285516608645, 0.0025504045090287914], [0.0003712886924652841, 0.04329164638469611, 0.30186847855320853, 0.6544685863696301], [0.4095236778781232, 0.3256765120796122, 0.26473761579972255, 6.219424254210925e-05], [0.00044511612862931695, 0.018270705974505506, 4.259295643961017e-09, 0.9812841736375695], [3.731840008789416e-06, 0.0021732576730824605, 0.0003263393984266262, 0.9974966710884822], [0.020963020532940774, 0.005076724345389548, 0.001805653521758222, 0.9721546015999114], [0.09173927935946014, 0.012047239653953342, 0.762299746663077, 0.13391373432350956], [0.9820897918488353, 0.014834669932473253, 2.5589206087185324e-07, 0.003075282326630566], [0.6170330555227607, 0.07574963190818461, 0.057823713172776126, 0.2493935993962786], [0.9287112172371392, 3.3234789669153065e-06, 0.007501984944928649, 0.06378347433896518], [0.017051158460660857, 0.27337162347737853, 0.7094618978702679, 0.00011532019169272456], [7.311581294330769e-06, 0.699625748950488, 0.1171565400692551, 0.18321039939896253], [0.8735128038565131, 1.6898034025629628e-06, 0.030305999978558994, 0.09617950636152547], [0.7244376520498527, 0.23063104135752985, 0.04491729339923197, 1.4013193385483879e-05], [0.04950919631180222, 0.0018015644642782388, 0.28187435449580955, 0.6668148847281099], [9.064652631323345e-08, 0.0018686493278554065, 9.243195002780464e-11, 0.9981312599331862], [0.9687660231248977, 0.00033895889797594825, 4.277134947907836e-06, 0.03089074084217838], [0.002032150759034392, 3.425721319711988e-05, 0.017119866498115074, 0.9808137255296535], [0.0220281168392731, 0.06557283598745728, 0.0002676499750540762, 0.9121313971982156], [0.07325151783872769, 0.925041807243427, 0.0014516112650243853, 0.00025506365282114635], [0.0005244148054361378, 0.9990448848469117, 0.000430539431512263, 1.6091613996045337e-07], [9.936946025148751e-06, 2.96569721035746e-06, 0.010576905411431947, 0.9894101919453325], [0.02601455117584725, 0.007079045060077592, 0.966540745884678, 0.0003656578793970077], [1.0500266797082097e-05, 5.826826875007053e-05, 1.0326304172772672e-05, 0.9999209051602801], [5.873271123002201e-09, 0.9999867338558771, 7.245292256741272e-06, 6.0149785949943846e-06], [9.74342466709233e-07, 0.0058064203056429195, 0.9088765892462394, 0.085316016105651], [0.648699675433789, 0.000542033041082898, 2.4770503744345237e-05, 0.3507335210213837], [0.0027135783898962888, 0.06154100958868916, 5.136091883945791e-05, 0.9356940511025751], [2.5618390848837583e-06, 0.0022283036971018576, 7.428057271304176e-05, 0.9976948538911002], [2.619781497979343e-07, 0.9999911994675739, 4.059110127079512e-08, 8.49796317509504e-06], [0.00037825145392497836, 1.838970005655315e-05, 0.00024004082944642556, 0.9993633180165721], [0.8114685463867949, 0.0009561371292924121, 0.06734539128296693, 0.1202299252009456], [2.726653118416216e-10, 0.8573841600933565, 0.13822110800970816, 0.00439473162427008], [0.8856230677114985, 4.60881204533974e-05, 0.06701149684755112, 0.04731934732049694], [0.017227596498851475, 0.0032198284098966215, 0.024915577359467516, 0.9546369977317843], [0.0014406122137315546, 0.000945879417600825, 0.003623276642608529, 0.9939902317260592], [0.007503703781386795, 0.955647042509464, 0.0007343203621304673, 0.036114933347018784], [0.0031304060774694975, 0.9548794830447703, 0.0007179317016266684, 0.04127217917613352], [1.2887151737018221e-05, 1.5629018594475917e-06, 0.9999030750465056, 8.247489989789455e-05], [0.005464401272807416, 0.9935593233488339, 1.7051151409022957e-07, 0.0009761048668446656], [0.0016538858122557996, 0.907537427857283, 0.09070499038506798, 0.00010369594539314548], [0.9807785762377976, 5.424793430525275e-10, 0.018686480641574604, 0.0005349425781483136], [0.0037340280924585472, 0.00040481912881321053, 6.382996552242991e-06, 0.9958547697821761], [0.9739379002322721, 0.02481767994769671, 0.0012286397585639151, 1.578006146736533e-05], [4.7911335249986915e-06, 0.21642124607190738, 6.405069834121949e-05, 0.7835099120962263], [0.49827987741150603, 0.04404843342581676, 0.12220176616288614, 0.33546992299979117], [2.127741134015534e-05, 0.5152849758471583, 1.760488040557158e-08, 0.4846937291366211], [0.008187370087620122, 2.248952217715517e-06, 3.44781981774203e-10, 0.9918103806153802], [0.08237027266368309, 0.06777143678802434, 0.8497345562688804, 0.000123734279412227], [0.28144813373572647, 0.5091979584322812, 2.136103129839795e-05, 0.2093325468006938], [0.24451319181891584, 4.225949605830851e-05, 0.7046141964712926, 0.05083035221373326], [8.081455879345275e-06, 0.16483616325049, 0.7149090219053419, 0.12024673338828883], [0.03878281282616456, 0.9607459937314524, 5.1134102413175016e-05, 0.0004200593399698706], [0.004415888853745579, 0.9955654280388873, 1.5757037752156614e-05, 2.9260696151688478e-06], [0.01765401272623426, 0.7781664413336111, 0.04441829096685096, 0.15976125497330382], [8.136892781760681e-05, 0.7463341027325776, 0.19511565408243545, 0.05846887425716925], [4.461055229169234e-12, 0.9997984502745968, 0.00020154469097565745, 5.029966618585091e-09], [0.0013892093627491512, 0.05315070510904777, 0.00030650972443232495, 0.9451535758037708], [0.0031080069818779014, 3.448029946337787e-05, 0.9936771213454118, 0.003180391373246858], [0.9469750452087544, 0.005746804760317001, 0.04549326729819023, 0.001784882732738458], [2.8511844959760683e-06, 0.9899155299944756, 7.02323973905745e-07, 0.010080916497054348], [0.783724624248607, 0.21576075363371536, 0.00044696794858009863, 6.765416909762276e-05], [0.0026684847649788364, 0.0009710227438310564, 4.413520673681061e-07, 0.9963600511391227], [0.40932097224417874, 0.0007406865579651967, 0.5891036777422096, 0.0008346634556465539], [0.015342256969503736, 0.011475781424769708, 0.9340824062805377, 0.039099555325188794], [7.854961176192132e-08, 0.9949152880913372, 1.3024910312088205e-06, 0.0050833308680198076], [2.3777245687106923e-07, 0.687219215601337, 0.3127744629129618, 6.083713244164675e-06], [0.8982674507780943, 0.10173242307978511, 3.4587265397629027e-09, 1.2268339401486375e-07], [0.0738827161519114, 0.001189577061291237, 0.41371648125598715, 0.5112112255308102], [0.00010459138015605858, 0.00665075016512216, 0.991152278406806, 0.0020923800479159364], [2.081002399973815e-07, 0.9798318268722574, 0.019875028578104654, 0.0002929364493979675], [0.8551369677030354, 0.04663725267882146, 0.09585839016364577, 0.002367389454497414], [0.9995059725010039, 0.000492766623691838, 1.1689909870165622e-08, 1.2491853945654457e-06], [0.13368524648629831, 0.01935419205977405, 1.452017807865793e-07, 0.8469604162521469], [0.9995737173147607, 1.2076758054425452e-06, 3.1785273265760465e-05, 0.0003932897361678924], [0.01679429288494178, 0.9810267960991442, 0.0017064950247636594, 0.0004724159911504785], [0.02852045659560907, 1.8149385773005066e-07, 0.742901008162439, 0.22857835374809418], [0.0019709257971843902, 0.9980108662728542, 1.7312355761751557e-05, 8.955741996055252e-07], [8.505865555861269e-06, 0.000957586088063027, 0.9808621260880144, 0.018171781958366773], [0.9926810276086401, 0.00192420346320999, 0.005267734361327633, 0.00012703456682224484], [0.9956465419936058, 5.673271625293518e-07, 0.00029320275773189383, 0.004059687921499631], [0.9999916893609099, 5.377932245283855e-06, 3.5841334362921434e-08, 2.8968655103391742e-06], [1.722191711022031e-07, 1.8426818281295932e-05, 0.00021851521180191858, 0.9997628857507457], [2.999109805829729e-06, 3.508091780184288e-05, 0.0024478607054635305, 0.9975140592669288], [0.0016182069338844668, 0.9981075727560952, 4.442090484963138e-07, 0.0002737761009718156], [2.2861459033291765e-09, 0.9999999952803067, 1.0683838447644045e-13, 2.433440530900278e-09], [0.13852996118248756, 2.2290693828609997e-06, 0.08417693349651811, 0.7772908762516114], [0.0650308048085177, 0.00021145568861856068, 0.7158838266195882, 0.21887391288327568], [0.04611516465726757, 0.03334875572957475, 0.9195443825106782, 0.0009916971024796525], [2.404009561935348e-06, 0.1128531488685823, 4.786852531077609e-06, 0.8871396602693246], [1.4790380505550756e-05, 0.9998153282544354, 0.00016985809303534413, 2.3272023520789005e-08], [0.05933399128793743, 0.138028345195517, 1.081012809866137e-05, 0.802626853388447], [0.0011241996199078908, 0.9970102318774566, 0.0018654017504211714, 1.6675221429438643e-07], [0.28556180222004807, 0.7143486689965434, 2.1210727596387425e-05, 6.831805581197095e-05], [2.856775263028217e-06, 0.9953578922361634, 0.004494881702034719, 0.00014436928653866407], [0.9793464716219632, 8.946334094747016e-05, 0.020454826845143693, 0.00010923819194576268], [0.003733126042138826, 0.994394137619291, 0.0004898791035975374, 0.0013828572349727129], [0.22203812936457976, 5.2962869018937106e-08, 0.013956093910607618, 0.7640057237619436], [3.902830982013339e-06, 0.0002402300539856884, 1.1474153189931929e-07, 0.9997557523735005], [0.0004954045498764256, 0.9924058487094494, 0.004664265709965826, 0.0024344810307083365], [0.0011091558703355234, 0.9430046361185908, 0.008114831745563711, 0.0477713762655101], [0.422744036605498, 0.555560426357241, 0.020214077611277904, 0.0014814594259830302], [0.03666669882882605, 0.36188409526340554, 8.032875319054035e-06, 0.6014411730324494], [0.0007515963046934329, 0.9988367113593831, 0.0003927451470352553, 1.8947188888211208e-05], [0.3760436024470189, 0.006693399130132524, 0.6133645680389817, 0.003898430383867016], [0.5675939583969543, 0.31396126251647355, 0.0001100477678836793, 0.11833473131868857], [0.00015395970705570148, 0.9898608418604032, 6.397701409427294e-05, 0.009921221418446851], [0.0007848002667384102, 0.010602480748021371, 0.0005455120216041348, 0.988067206963636], [0.00025741529806201196, 0.6132773372426072, 0.3863189269423148, 0.00014632051701602596], [2.2255922628568627e-05, 0.9999439119970686, 3.375525996506199e-05, 7.682033771865801e-08], [0.9768941718591225, 1.9119534118307963e-05, 8.358311615963675e-09, 0.023086700248447414], [0.04721338321434381, 0.04005904411864277, 8.17514452824984e-05, 0.9126458212217309], [1.0403330548544972e-07, 0.6775184751597495, 1.2744184378911617e-08, 0.3224814080627606], [0.7325577070923065, 0.26659386771039756, 0.0004985949558262831, 0.00034983024146957917], [0.17352896725657616, 0.0003095205209700067, 0.000283658595628153, 0.8258778536268256], [0.9999877465299013, 3.9984804263914365e-07, 3.6253095509983367e-06, 8.228312504908129e-06], [4.6025087614444024e-11, 1.372822388090399e-09, 2.1577828774682885e-06, 0.9999978407982751], [1.1580932867938858e-09, 3.1548412536539434e-07, 0.999999587155974, 9.620180726439217e-08], [0.9593131005552618, 0.039036737908850656, 0.0010076629276653936, 0.0006424986082220563], [3.3343517342798074e-06, 0.013643152830364344, 0.9863509204711685, 2.5923467329700343e-06], [0.8055053517707381, 1.764595995841034e-05, 2.253520566411279e-05, 0.19445446706363925], [1.1549040257429866e-05, 0.9999884501975844, 4.303215703975151e-11, 7.191259586211688e-10], [1.952098972056187e-09, 0.003087281249133514, 0.9173767447944988, 0.07953597200426878], [0.12465947477332628, 0.5394425222789231, 0.00438460841947603, 0.33151339452827455], [0.9968491258773416, 0.003148032675877086, 9.811758566047443e-09, 2.8316350227604864e-06], [1.0787175741234652e-07, 0.9957540892140712, 0.0034024113261024364, 0.0008433915880690784], [0.0025209416393088464, 0.9951907241378594, 2.0925685119773187e-05, 0.0022674085377119733]]}, "rewritten": {"ids": ["97105960", "97107920", "97108520", "97111790", "97116410", "97116500", "97118210", "98107210", "98107380", "98108150", "98111231", "98112300", "98113881", "98116940", "98119591", "99107300", "99107950", "99108080", "99109740", "99109840", "99109860", "99110050", "99110730", "99111440", "99116500", "99121440", "100111270", "100111390", "101108080", "101108121", "101108290", "101108460", "101108580", "101109120", "101110740", "101112201", "101112690", "101119030", "102107961", "102109010", "102110050", "102110750", "102114270", "102116340", "102116500", "103110100", "103111170", "103111540", "103117200", "103117461", "103118291", "104109311", "104111550", "104113170", "104113550", "104114320", "104114410", "104114740", "104116800", "104118070", "105113440", "105115680", "105115900", "105116090", "105116980", "106112770", "106113260", "106114321", "106116370", "106116441", "106118161", "106118820", "106119580", "106120290", "107113550", "107113840", "107114321", "107116501", "107116980", "107118120", "107119950", "107120010", "107120130", "107121230", "107121540", "107121640", "108113740", "108114270", "108115070", "108115500", "108116120", "108116481", "108117610", "109114220", "109116040", "109118231", "109121410", "110113931", "110114561", "110116170", "110116300", "110117140", "110118121", "110118161", "110119300", "110120560", "110121500", "111115770", "111116040", "111116090", "111117120", "111118910", "111119150", "111119290", "111119930", "111120591", "111121930", "112116501", "112116810", "112116900", "112118161", "112118620", "112118820", "112118860", "112119950", "112120270", "112121010", "113117401", "113118620", "113118630", "113118690", "113118810", "113118870", "113119360", "113119480", "113119700", "113120591", "113121410", "113121680", "113121810", "113122180", "113122230"], "labels": [2, 0, 2, 2, 3, 2, 2, 1, 1, 0, 1, 2, 3, 2, 1, 3, 1, 3, 3, 2, 2, 3, 3, 3, 2, 2, 2, 2, 0, 0, 0, 0, 0, 1, 3, 0, 1, 3, 3, 1, 3, 1, 3, 3, 1, 1, 2, 1, 0, 0, 0, 3, 1, 3, 1, 2, 1, 2, 1, 2, 0, 2, 3, 1, 0, 1, 3, 2, 2, 0, 3, 3, 3, 2, 0, 3, 0, 1, 3, 3, 3, 1, 2, 0, 2, 1, 3, 3, 1, 3, 1, 0, 3, 3, 0, 1, 0, 1, 0, 0, 3, 3, 3, 0, 1, 0, 3, 3, 0, 3, 2, 0, 3, 3, 1, 1, 1, 3, 3, 3, 0, 3, 0, 3, 0, 0, 2, 3, 3, 3, 3, 3, 0, 0, 3, 0, 0, 0, 1, 2, 2, 1], "predicted_labels": [2, 0, 0, 2, 3, 0, 0, 2, 1, 1, 3, 0, 0, 2, 1, 0, 2, 0, 1, 2, 2, 2, 3, 0, 1, 1, 2, 0, 3, 3, 3, 1, 3, 1, 1, 3, 2, 1, 0, 2, 2, 1, 0, 3, 2, 0, 2, 2, 0, 3, 1, 3, 1, 1, 2, 1, 3, 2, 0, 0, 2, 1, 0, 0, 3, 2, 0, 3, 3, 0, 1, 1, 1, 2, 0, 1, 0, 0, 0, 1, 3, 2, 1, 1, 0, 2, 3, 1, 2, 1, 3, 3, 0, 0, 3, 1, 3, 1, 0, 0, 0, 1, 3, 0, 1, 0, 0, 1, 0, 3, 1, 1, 3, 3, 3, 3, 0, 3, 2, 3, 3, 0, 3, 0, 0, 3, 1, 0, 1, 3, 1, 3, 3, 3, 3, 1, 3, 3, 1, 1, 3, 1], "confidence_scores": [[8.496509482868021e-05, 0.0001011081341589336, 0.9966433695523266, 0.0031705572186858893], [0.9912977947324475, 5.125022985051339e-05, 1.1953262691827951e-06, 0.008649759711432827], [0.7749345687456999, 0.09371583825426075, 0.13004308937963427, 0.00130650362040506], [0.018559022734341797, 5.105715737496138e-06, 0.9303384210292053, 0.05109745052071538], [4.670739364566174e-08, 0.042569291905491684, 0.05132384840437656, 0.9061068129827381], [0.987070794553996, 0.0011548951807256178, 0.0016041372424680524, 0.010170173022810302], [0.8553222243048065, 0.03471922277010035, 0.10942001223291987, 0.0005385406921733681], [1.467112054428715e-09, 2.2959501823355048e-05, 0.9508167490934072, 0.049160289937657246], [0.00038950638833460023, 0.6203175335503939, 0.007839389071945157, 0.37145357098932635], [9.82818061374011e-10, 0.9999970916557946, 5.118774955443466e-08, 2.8561736376714962e-06], [0.0009054092862783501, 7.2748744962966e-05, 5.853949542591303e-07, 0.9990212565738045], [0.8363921597904954, 5.317002472274944e-06, 0.009761133735290136, 0.1538413894717422], [0.8823882231660322, 0.010120465420551922, 0.10747271088439399, 1.860052902205789e-05], [0.008531921671753082, 0.3261854850966916, 0.6578770780547264, 0.00740551517682896], [0.08949539836225388, 0.75889025434134, 0.02109847892747497, 0.1305158683689312], [0.9999967269449618, 3.174585053672057e-06, 2.7986354417486174e-12, 9.846718577661828e-08], [1.021981286828857e-08, 0.00024704486528375917, 0.9704052986386823, 0.029347646276221058], [0.9998403136215274, 0.00012263523448442475, 6.798565142573926e-07, 3.6371287473999745e-05], [0.0003434287656664318, 0.9306358176601925, 0.06894962575100674, 7.112782313408177e-05], [2.7016710254148335e-05, 0.012764509260478089, 0.883252792612968, 0.10395568141629995], [0.03159085625502971, 0.012361725311810045, 0.9433304669483652, 0.012716951484795083], [0.0003680692981803222, 0.14955242740185407, 0.8492987425736878, 0.0007807607262779968], [5.038447084398363e-08, 2.310599588844565e-06, 0.020517020770843015, 0.9794806182450974], [0.9999989706501773, 1.0200479033183129e-06, 2.7219652287350538e-11, 9.274699736037932e-09], [5.049316876001436e-08, 0.9281915556221632, 0.04879539346318635, 0.02301300042148185], [1.011175799922562e-10, 0.9999978685632558, 2.111800857072028e-06, 1.95347694439492e-08], [1.3058429175250258e-07, 6.672382107703333e-07, 0.999999192419823, 9.75767422736518e-09], [0.5838487198857721, 0.4129544029784247, 3.0577380082001966e-05, 0.003166299755721212], [0.02124769399204521, 0.007630554341331065, 5.670019612914029e-07, 0.9711211846646625], [9.452409376778718e-06, 5.917384008906879e-06, 5.00020015057334e-06, 0.9999796300064637], [6.935742210738217e-07, 0.002438045533378863, 1.223948681742286e-06, 0.9975600369437184], [6.38469001560095e-05, 0.9935871968937197, 0.001118626278574916, 0.0052303299275492645], [0.01404402580471106, 7.629525000160248e-07, 0.43968339486642155, 0.5462718163763673], [0.042808330971297694, 0.8728895670407658, 0.001968122205936535, 0.08233397978199991], [1.6342749542480019e-06, 0.9984897685691426, 0.0014291723136556455, 7.942484224735255e-05], [3.43981829316129e-05, 0.0004787650821136932, 1.1539783827861022e-05, 0.9994752969511268], [0.008240442895409362, 0.24147892199839222, 0.6677245157656093, 0.08255611934058918], [0.4486087845057198, 0.5513845117384966, 3.2540299738592e-06, 3.449725809837622e-06], [0.9933702179288173, 0.004694512093517024, 0.001676227275768914, 0.00025904270189675384], [0.0001303428028129128, 0.3443992068709335, 0.6502871126725343, 0.005183337653719255], [0.049558021811627995, 0.002247330036209234, 0.9245056505175275, 0.023688997634635212], [3.961630814863333e-05, 0.9998416808334336, 0.00011844416195603754, 2.5869646171036204e-07], [0.6513632511888465, 0.33627610956420406, 2.6269597305175585e-08, 0.012360612977352133], [0.005149653559323409, 0.009975208756744656, 0.0093829252644907, 0.9754922124194413], [0.011693142326880148, 0.001127978321540929, 0.9854965290042127, 0.0016823503473661148], [0.9991540811731923, 0.0007903577240704958, 1.7498891746770939e-06, 5.3811213562632595e-05], [0.2904567462115907, 0.27134704384748515, 0.35781799954558746, 0.08037821039533669], [0.010156347049178074, 4.036819606846233e-05, 0.9298534409950782, 0.05994984375967528], [0.9989593293782236, 9.780982308717154e-08, 3.258243973937855e-11, 0.0010405727793709825], [0.005016753931081476, 0.0539145623198513, 9.976223653529513e-06, 0.9410587075254138], [6.985245397600597e-05, 0.9997532536914389, 6.057858986320675e-06, 0.00017083599559888454], [0.0006994205487948302, 7.902050405257581e-05, 8.014167580052766e-07, 0.9992207575303945], [0.31296334571583606, 0.6470142504562495, 0.03998117128980546, 4.123253810897776e-05], [8.171528919624798e-07, 0.9960628949577619, 0.0038357830125146527, 0.00010050487683156716], [0.016545649215803315, 1.4495452962632142e-05, 0.9536105004887052, 0.02982935484252896], [0.45880047247938416, 0.4854174427364647, 0.05577621241691554, 5.872367235571577e-06], [0.002409484014197519, 2.6098363440828858e-05, 0.00017894667901046724, 0.9973854709433511], [0.06622225043920513, 0.004079785501963172, 0.5799060022664501, 0.34979196179238164], [0.4513581453200551, 0.44969983160744487, 0.05628100170661273, 0.04266102136588749], [0.7243402870038899, 0.05595663525171031, 0.0866071832815138, 0.1330958944628859], [0.006400318429592918, 0.05520126467142361, 0.8568265605692944, 0.08157185632968929], [4.241207461295815e-11, 0.9999976581029295, 2.2807223965563337e-06, 6.113226188585329e-08], [0.5926465507160449, 0.00031771206091103625, 0.20535561315591158, 0.20168012406713237], [0.6950196890972751, 0.001947256156989909, 0.05736049468723155, 0.24567256005850344], [0.07747017454852975, 0.21539276716393443, 6.392694687867806e-05, 0.7070731313406571], [7.137254629667716e-09, 0.3563112517505563, 0.6436833135379636, 5.427574225646085e-06], [0.5682184616246672, 0.4152643324845812, 0.01181932970015887, 0.004697876190592727], [0.05035384824131615, 4.41633278063997e-07, 0.03235386080069752, 0.9172918493247083], [0.05222808680205348, 0.005652881956380862, 0.23155223368427763, 0.710566797557288], [0.997531325551946, 0.0009290038272333418, 0.00153957832716415, 9.229365645474249e-08], [0.02325667829710218, 0.971640838281689, 0.003594169296119627, 0.0015083141250891573], [0.002753887560016875, 0.6676620846290242, 1.87840793567686e-07, 0.3295838399701653], [0.004769976257959036, 0.8305424674468878, 0.16445328221800243, 0.00023427407715081772], [3.5391462835051407e-07, 0.000604399220695025, 0.9467803813333078, 0.052614865531368946], [0.8422228173856363, 0.0009039328454044802, 0.1252875918711879, 0.0315856578977714], [5.278571869247563e-08, 0.999999717753568, 3.1799451023773025e-11, 2.294289140077333e-07], [0.9231145583468493, 0.000350714647476729, 0.07653467700600926, 4.999966464605269e-08], [0.9010443585155757, 0.00035931421532936015, 7.085499529925459e-09, 0.09859632018359525], [0.9869923494332142, 0.013006038578784422, 8.215611400115267e-07, 7.904268611189791e-07], [8.763241162519847e-07, 0.9986251891291178, 0.0006757109920232722, 0.0006982235547425492], [1.0155850426484664e-06, 1.7807494756469413e-07, 7.788483593419288e-05, 0.9999209215040755], [0.0011859235108693416, 0.18691632444204262, 0.8034108144012968, 0.008486937645791257], [1.4082109886658658e-05, 0.9994166215822067, 0.0005527829695339722, 1.6513338372611827e-05], [4.2924993520919734e-08, 0.9999546773739488, 1.7054858700029951e-06, 4.357421518745489e-05], [0.9962521194055791, 0.00028177250732540696, 4.330719853298516e-05, 0.003422800888562553], [0.0014154830262451928, 0.0019611035270229037, 0.9966040057685622, 1.9407678169689685e-05], [0.3542779571339758, 0.009406150366504142, 0.005782772655188348, 0.6305331198443317], [0.016493408773853392, 0.9430559482224015, 0.00013642314429744998, 0.040314219859447775], [0.0859008491852746, 0.00011572393081824265, 0.9137732159661047, 0.00021021091780230164], [2.3257125562063604e-06, 0.9999855178767498, 1.2151842161386918e-05, 4.5685325125677075e-09], [0.2977478737010173, 8.055430390245935e-08, 0.003979957297177522, 0.6982720884475013], [0.4885136049277935, 0.00019897953584358536, 5.616654085498418e-10, 0.5112874149746975], [0.9962167578346183, 3.79821337131091e-06, 0.002536435820583721, 0.0012430081314265182], [0.9286225753589881, 3.1086953088398593e-06, 0.047381541225277005, 0.023992774720426165], [0.04577634377400694, 1.2532403119723715e-07, 0.005809737438769464, 0.9484137934631924], [0.09325654213925648, 0.9017727790701058, 0.004933671226402974, 3.700756423459483e-05], [0.14505506969292467, 1.2942529006678608e-06, 9.358675678035033e-07, 0.8549427001866069], [1.8665136796428745e-09, 0.999977523048844, 1.8000070283439192e-08, 2.2457084571935482e-05], [0.7795324685166498, 0.22035988087867753, 0.0001013915536938214, 6.259050978821193e-06], [0.9774423066681478, 0.00046276947709400533, 2.482392274849966e-05, 0.02207009993200945], [0.48515846663842993, 0.43230118224964287, 0.07671719599392023, 0.005823155118007134], [0.016423618679859003, 0.9782977316766661, 0.0001741489445463277, 0.005104500698928456], [5.675148517978625e-09, 0.002586331871629979, 2.3464112252326685e-08, 0.9974136389891094], [0.967696652419277, 0.03226119616936315, 1.6532140023595888e-05, 2.561927133612782e-05], [0.1603383571733468, 0.8385502702707585, 3.737853243337636e-07, 0.001110998770570451], [0.9966209941341407, 2.3772829099325044e-09, 0.0007171296984698395, 0.002661873790106582], [0.9754945769373895, 0.024492545360194202, 1.7433110439920372e-08, 1.2860269305904792e-05], [0.35737275084146536, 0.5524435281112736, 0.0011412540993174585, 0.08904246694794354], [0.651905111113975, 0.11812687719037425, 0.18485931331458114, 0.045108698381069505], [0.24598517255611713, 5.257469357968639e-05, 5.07157061355567e-06, 0.7539571811796897], [0.03153812006296719, 0.9683969834088476, 4.872913570404012e-07, 6.44092368281425e-05], [0.004746825499598787, 0.9234242784230605, 0.05534440980103565, 0.016484486276304933], [0.0005232392543883151, 0.19254594812163253, 0.0001069793801752126, 0.806823833243804], [0.00025403348960739344, 0.29446758933090866, 0.015696693425655002, 0.6895816837538289], [0.011278336880885746, 0.0008724061060750779, 9.422918819419365e-05, 0.987755027824845], [3.974136466560883e-06, 0.03251852776220855, 1.9475580282018497e-11, 0.9674774980818492], [0.9999901415721357, 2.5076229411659706e-07, 4.32857417030883e-08, 9.564379828434388e-06], [3.7539941862479827e-06, 0.001999073642160477, 3.897778094317595e-05, 0.9979581945827102], [0.16553309436531363, 0.002024977600714211, 0.8316057555675163, 0.0008361724664559413], [0.0004989045647367516, 0.004235415146732561, 5.87136821646846e-08, 0.9952656215748485], [0.0003255944171011478, 0.021766701545844543, 1.3119434973925579e-07, 0.9779075728427045], [0.9969675436786128, 0.0003496751521936889, 0.00034871977059069596, 0.002334061398602845], [0.16309949860068293, 0.014646504004109022, 1.7208605628897666e-06, 0.8222522765346452], [0.9566553808059236, 0.002852719928427436, 0.03625493076823588, 0.004236968497413102], [0.704835068366697, 4.0885917518208074e-07, 8.426133180925052e-07, 0.29516368016080974], [0.0005390002918276339, 0.3918064552368837, 0.007579463449651814, 0.6000750810216369], [0.2885531444040675, 0.61850026400529, 0.09283236149092651, 0.0001142300997159147], [0.8774392594724444, 0.0017687120705658162, 0.11990694566195265, 0.0008850827950369929], [0.00010196407400751965, 0.9998980212885136, 4.710849688040521e-10, 1.416639411275499e-08], [0.4391710779736863, 0.00881186585712279, 0.0020168515467446934, 0.5500002046224461], [0.05619765822862492, 0.9296329035593973, 0.005225137267586414, 0.00894430094439155], [4.248591616377683e-07, 8.232852874535776e-05, 2.8057727039613787e-06, 0.9999144408393891], [0.05613300023539422, 0.39791746292867125, 0.00018560200803872828, 0.5457639348278958], [0.03270717333452654, 0.01831988523905665, 1.899007821708087e-06, 0.948971042418595], [0.08728121788683844, 0.0002394694133085549, 1.8999177266075912e-08, 0.9124792937006758], [1.0622605370407366e-07, 0.9987104170756074, 0.0012797652871728664, 9.711411166216885e-06], [0.00020489575709713804, 0.09306184914681502, 2.5115505610098394e-12, 0.9067332550935763], [0.031335156045263574, 0.00018050645292727648, 0.007115932752876601, 0.9613684047489325], [0.002360102127895352, 0.8504570715967659, 0.1305631133322357, 0.016619712943103167], [3.4655600412613517e-06, 0.9876391964828085, 0.012314627701765451, 4.271025538480027e-05], [4.3295103770808613e-10, 1.669463448580269e-09, 1.7702807333630587e-07, 0.9999998208695121], [0.02565906613185334, 0.8889579509290677, 0.08530680246615928, 7.618047291959264e-05]]}}