{"test": {"ids": ["107120010", "111115400", "110117140", "110118701", "106114011", "105113480", "111119950", "97109570", "111119580", "112117660", "113119320", "109115220", "103120730", "97105960", "110114610", "113119700", "102112170", "106116370", "106116120", "107115140", "103117200", "107112850", "99114890", "108119510", "105118740", "103120531", "112121010", "105119550", "97107681", "111115780", "105116860", "104113170", "110118181", "107121540", "103113270", "103110050", "107114950", "109115380", "112116290", "102116500", "100108260", "102112250", "104111620", "113122150", "99107500", "105115680", "109119460", "113118820", "101114990", "113120830", "98110810", "109117730", "108114270", "102113981", "99111000", "108114220", "97107260", "108115870", "112119980", "106117770", "106118161", "105115900", "111119300", "109116040", "111116010", "103109791", "101111140", "102110690", "106113360", "108120700", "106113260", "111121930", "99107300", "102109850", "103113640", "107114490", "108117451", "110118301", "105113330", "110117500", "110114720", "106119580", "108116501", "97107950", "106116850", "102111990", "101111990", "106112770", "100117420", "105116090", "100111080", "109116750", "106120290", "99111930", "113118620", "105115720", "108115250", "107118520", "105118230", "104116800", "112121410", "113118810", "104112470", "98111860", "106114880", "111119150", "112118550", "106120640", "107120260", "99108310", "108118630", "112118930", "99108000", "103120340", "104116441", "107113130", "107119950", "111114321", "107118820", "110116300", "108118301", "97106600", "113118490", "99112641", "110114920", "98107010", "105117200", "113120780", "108116120", "102109840", "110121720", "103120780", "108114360", "100113370", "108120621", "104119290", "98111231", "110118930", "113122180", "105114220", "112119500", "97105580"], "labels": [1, 0, 3, 3, 1, 0, 0, 0, 3, 0, 1, 3, 1, 2, 1, 0, 3, 2, 1, 0, 0, 1, 2, 1, 1, 3, 2, 1, 3, 1, 2, 3, 1, 2, 2, 3, 3, 3, 0, 1, 3, 0, 0, 2, 0, 2, 1, 0, 3, 3, 1, 3, 3, 1, 2, 3, 2, 3, 0, 0, 3, 3, 1, 0, 1, 3, 2, 0, 0, 2, 3, 1, 3, 1, 1, 3, 2, 1, 3, 1, 3, 3, 0, 2, 3, 2, 2, 1, 2, 1, 0, 0, 2, 1, 3, 1, 1, 2, 1, 1, 0, 3, 1, 0, 0, 3, 3, 3, 1, 2, 1, 1, 2, 1, 1, 1, 3, 1, 3, 3, 1, 3, 1, 1, 3, 3, 3, 0, 1, 2, 3, 1, 1, 3, 1, 1, 1, 1, 2, 3, 2, 1], "predicted_labels": [2, 3, 3, 1, 0, 3, 2, 1, 0, 0, 1, 3, 0, 1, 0, 1, 0, 0, 1, 0, 1, 1, 1, 0, 3, 1, 1, 1, 2, 1, 0, 2, 0, 1, 3, 1, 3, 3, 1, 1, 1, 2, 3, 2, 2, 1, 3, 0, 2, 0, 3, 1, 0, 0, 3, 3, 3, 1, 3, 3, 3, 0, 3, 1, 1, 3, 0, 3, 1, 3, 0, 1, 3, 1, 3, 1, 0, 1, 3, 0, 3, 2, 0, 1, 2, 0, 0, 2, 1, 1, 1, 2, 1, 3, 1, 1, 0, 3, 1, 0, 1, 3, 3, 1, 0, 1, 3, 0, 1, 1, 3, 3, 0, 2, 1, 2, 3, 3, 1, 3, 1, 1, 0, 1, 3, 3, 1, 1, 3, 0, 3, 2, 1, 2, 0, 3, 1, 3, 3, 0, 1, 0], "confidence_scores": [[0.14663290615080327, 0.2769343974579188, 0.29391238981936996, 0.28252030657190785], [0.2401325216494039, 0.2689568217586529, 0.1885611065521755, 0.3023495500397679], [0.19486969554598785, 0.27411061660392344, 0.17817599563704176, 0.352843692213047], [0.25771976457043627, 0.26303058082173725, 0.2196286984664655, 0.2596209561413611], [0.35006937196008087, 0.2812941988111154, 0.18815662975496728, 0.1804797994738366], [0.1622837158786691, 0.22898422685820569, 0.1256916330362385, 0.4830404242268867], [0.23663943947368477, 0.20068109473015341, 0.2974947506612396, 0.2651847151349223], [0.19163016397679797, 0.34778474325664244, 0.25963981210102155, 0.20094528066553793], [0.43952575031313595, 0.20464848740410885, 0.14071764476946805, 0.21510811751328704], [0.47255933889122903, 0.13650728905014875, 0.24185554115963925, 0.14907783089898305], [0.18683664793823238, 0.38784422774134375, 0.09368726637507195, 0.3316318579453519], [0.2265395396303574, 0.25585357888814336, 0.17579892932117072, 0.3418079521603285], [0.41482893241975405, 0.1546253612899139, 0.1806827716495389, 0.24986293464079326], [0.2940198634033876, 0.3054428862205602, 0.1546249566616506, 0.24591229371440176], [0.3649773865679294, 0.2200032132766583, 0.16317568435455604, 0.2518437158008562], [0.24000241574498674, 0.47003636634062856, 0.10313988214662935, 0.1868213357677554], [0.32583843105627913, 0.32026978281871327, 0.16462124195230707, 0.1892705441727005], [0.30342916039736173, 0.27257385031878684, 0.1708844905527652, 0.25311249873108616], [0.2784983736764179, 0.2969103119773046, 0.16990995901573994, 0.2546813553305377], [0.30982003834455935, 0.22017262893280037, 0.1700581701729218, 0.2999491625497185], [0.2586910415204378, 0.30925802220143367, 0.13729686135773309, 0.2947540749203956], [0.20632557060937792, 0.3397014613841074, 0.14906713166857352, 0.30490583633794116], [0.16770183408299674, 0.4579658090896096, 0.15445404813412023, 0.21987830869327335], [0.33061060491792316, 0.2327956508406286, 0.2058631158953431, 0.2307306283461051], [0.27115913596593066, 0.1726724073106098, 0.12103996864914446, 0.43512848807431503], [0.2851873704470969, 0.4028242260518209, 0.12003775037647993, 0.19195065312460233], [0.24250634368486784, 0.3565848117933991, 0.1500439996890679, 0.2508648448326653], [0.30281291323640425, 0.30295346730310296, 0.14346501916084986, 0.25076860029964293], [0.22592813502266462, 0.2263091160834787, 0.30023492730891815, 0.2475278215849385], [0.20962053689380009, 0.3346215561349843, 0.13485504885141342, 0.32090285811980246], [0.6024048672881497, 0.11933620088607484, 0.10724987642666936, 0.17100905539910602], [0.23192257071330025, 0.21870315657649167, 0.31026442460585196, 0.23910984810435604], [0.3082642582619966, 0.28419520814338317, 0.1838114168614639, 0.22372911673315643], [0.20793932827521783, 0.3159980244696867, 0.17983344771389367, 0.29622919954120175], [0.25770953414143444, 0.2710866436372359, 0.16870601265779225, 0.30249780956353745], [0.17180949369949194, 0.39229029381465025, 0.14114822029418, 0.29475199219167775], [0.2507305600440669, 0.27113242224927836, 0.18684296654268723, 0.29129405116396756], [0.16922785166095536, 0.3362535008721573, 0.1518001746313571, 0.3427184728355302], [0.21927350568238105, 0.3071890767668481, 0.18716800716981455, 0.28636941038095626], [0.23854080730775656, 0.32289024141391914, 0.17052502324257618, 0.2680439280357481], [0.2544895091341023, 0.3423529651528274, 0.1869377534934393, 0.2162197722196309], [0.1985462405609827, 0.18448693569791685, 0.3778977367274619, 0.23906908701363863], [0.2922878715832095, 0.22152313311341437, 0.16595132905821858, 0.3202376662451574], [0.22220777534631916, 0.25780877189196244, 0.28720298313934095, 0.23278046962237756], [0.253387466745515, 0.21829784014384435, 0.29728981680344096, 0.23102487630719984], [0.15001819939327998, 0.4109846360085502, 0.11526488406433653, 0.3237322805338333], [0.21061821525567456, 0.20280685603179924, 0.20648931165546972, 0.38008561705705657], [0.44348467106699646, 0.23016564265699477, 0.11425933804480327, 0.21209034823120557], [0.21289399545867116, 0.2682721461456473, 0.2838967035797239, 0.2349371548159578], [0.516168592407151, 0.19140575989712416, 0.11623911483231512, 0.17618653286340977], [0.18886904814423344, 0.2805725041240702, 0.22647121734732567, 0.3040872303843707], [0.21611087477939844, 0.40866216286166973, 0.15496414865389338, 0.2202628137050385], [0.35189968498225205, 0.23962636518019656, 0.18297864434176725, 0.2254953054957842], [0.4021603118487359, 0.26909292328851353, 0.10973915653692198, 0.21900760832582855], [0.1998513272918163, 0.25929069197563576, 0.22843535037145954, 0.3124226303610885], [0.2639644416387539, 0.22874472177779223, 0.20118742854731161, 0.30610340803614233], [0.21471329344451434, 0.24806996292815559, 0.22504006527144135, 0.3121766783558888], [0.21028008935769354, 0.31208351704877946, 0.2082045353590542, 0.2694318582344728], [0.2648221428038629, 0.16011800478802724, 0.18526740359006988, 0.3897924488180399], [0.19172827139718057, 0.266318771688955, 0.22640173603905808, 0.31555122087480636], [0.3072889753418226, 0.2214100438443285, 0.11817994411408686, 0.35312103669976225], [0.3208588103040586, 0.2418473699360673, 0.13879658874609332, 0.29849723101378073], [0.16412247571311236, 0.2986436937587451, 0.14315446094313822, 0.3940793695850043], [0.2179426659066505, 0.3272621064476246, 0.19125264827971464, 0.26354257936601033], [0.22479222198307078, 0.29386807391717695, 0.24018898676171624, 0.24115071733803595], [0.1918319091373268, 0.2206819765888783, 0.1796069697669441, 0.4078791445068509], [0.4404592161836748, 0.1413170048418446, 0.15174172206240855, 0.2664820569120721], [0.2849331789682722, 0.25626500230756144, 0.14845001414131886, 0.31035180458284733], [0.23183554274830762, 0.3721989753275192, 0.15676941503731, 0.23919606688686312], [0.19180574366097045, 0.31673197011192883, 0.11377791451446467, 0.37768437171263597], [0.29818227977604167, 0.275440721150308, 0.1331789835120655, 0.29319801556158487], [0.29950947167649516, 0.305067005501897, 0.15817783391485193, 0.23724568890675587], [0.27485879932861584, 0.18979613084262964, 0.18817365820385815, 0.3471714116248965], [0.21371988521443167, 0.36649450414623796, 0.18615523907600914, 0.2336303715633213], [0.29796420969601783, 0.2173390952493245, 0.16732944658629612, 0.3173672484683617], [0.20712347445607307, 0.3624888749566217, 0.2127067352306336, 0.21768091535667153], [0.3942152681987109, 0.2244966527014706, 0.1293416085759243, 0.2519464705238943], [0.24240116628053493, 0.38820942010199916, 0.1620942357574499, 0.20729517786001625], [0.2507561285700658, 0.2541146796022203, 0.1667088617814972, 0.3284203300462167], [0.42199110087916836, 0.22767387010881548, 0.13475298408809894, 0.21558204492391722], [0.2242998197965423, 0.24476748125047315, 0.13904117900790905, 0.3918915199450756], [0.21857031238893085, 0.2446354290894269, 0.27065873308120375, 0.2661355254404385], [0.46197684956213253, 0.22927588700618057, 0.10243815477520306, 0.2063091086564838], [0.14285050563238372, 0.3148168260927205, 0.2374688631396004, 0.30486380513529554], [0.17118838287705973, 0.20732884220211867, 0.42764232279819614, 0.19384045212262538], [0.31407007218398525, 0.2960006449134386, 0.14272987007310914, 0.24719941282946714], [0.2781184394275183, 0.25884192615934787, 0.18923408137679712, 0.27380555303633686], [0.2557360513119473, 0.1806386755378164, 0.33290832309145707, 0.23071695005877937], [0.23317683537266976, 0.28325288667793347, 0.21130514946834209, 0.2722651284810545], [0.20068844481972492, 0.3474025309259452, 0.18256553234211267, 0.2693434919122171], [0.25316248941108505, 0.30239951406940585, 0.2548554423246179, 0.18958255419489123], [0.22058397844616742, 0.20557995389289405, 0.35467117330364273, 0.2191648943572959], [0.20604344239954334, 0.3162699597521831, 0.17381091767589144, 0.3038756801723822], [0.27632450935612074, 0.2260776813541758, 0.20690981385921986, 0.2906879954304836], [0.21259082709683488, 0.32632598898743814, 0.13705393929339485, 0.3240292446223319], [0.1981370921165716, 0.40984708381167273, 0.149673157780065, 0.2423426662916906], [0.2637733939192353, 0.21907563487398263, 0.2570461864026062, 0.2601047848041758], [0.19280788955181546, 0.20598690643735287, 0.16064118827528695, 0.4405640157355447], [0.232162774569864, 0.38684280953113737, 0.16425575995910016, 0.21673865593989852], [0.3418299090601217, 0.18670915468531848, 0.1663136352936518, 0.30514730096090803], [0.21963376972434936, 0.3293140902251801, 0.20148177829795885, 0.24957036175251154], [0.24876999814566952, 0.18449744346729352, 0.14349561514905393, 0.423236943237983], [0.2271745009271973, 0.1952303928276597, 0.15437888831756336, 0.42321621792757974], [0.209841236488165, 0.3963720084886822, 0.16285101232939053, 0.23093574269376235], [0.34899881308417735, 0.270647924658179, 0.12409319423297538, 0.25626006802466816], [0.2505885878951273, 0.2751802835722699, 0.21857056089689647, 0.25566056763570644], [0.2091622310960069, 0.2175637463670884, 0.15956704712919606, 0.4137069754077088], [0.40560377258608954, 0.2751360878927438, 0.12939188266247356, 0.18986825685869319], [0.15126315904844917, 0.47390746384797455, 0.19171065500982581, 0.18311872209375035], [0.22416487319967462, 0.27486964002516384, 0.23379892705086874, 0.2671665597242929], [0.2086300431781778, 0.17186301675807536, 0.20091665435782072, 0.41859028570592616], [0.24119815675390885, 0.32152988702122076, 0.1093374921924457, 0.32793446403242477], [0.32243737765857444, 0.30340731419058753, 0.17709115423026328, 0.19706415392057466], [0.19747589880435332, 0.2320952611917332, 0.35412213069367326, 0.21630670931024013], [0.18925802574123307, 0.39519801742039556, 0.15717344104176584, 0.25837051579660547], [0.2156336765378776, 0.14431022220381873, 0.5155188366203208, 0.12453726463798279], [0.23834367831730494, 0.28481664947733926, 0.120447696413018, 0.3563919757923379], [0.23896913375868725, 0.3031337709578382, 0.12873249335501122, 0.3291646019284634], [0.18422178435903072, 0.4082940239908061, 0.11884099580016556, 0.2886431958499977], [0.20992224926008965, 0.2570446374062036, 0.25180091291680967, 0.2812322004168971], [0.239028868400015, 0.30814283042108576, 0.1559538361841142, 0.29687446499478515], [0.18343819009424678, 0.2955847283619585, 0.2736159194199387, 0.24736116212385603], [0.36734596715779194, 0.21598220642351765, 0.18408536891383925, 0.2325864575048512], [0.24445167237113843, 0.36209721271401063, 0.13859004196629282, 0.2548610729485583], [0.2492637480933147, 0.3076343440286806, 0.13522968932508905, 0.30787221855291563], [0.17402912673429807, 0.23032829811357067, 0.14103268550904927, 0.454609889643082], [0.24833019021957398, 0.2761663413819884, 0.20157198103051543, 0.27393148736792233], [0.35052106880680495, 0.3694900176052929, 0.08102460947609134, 0.1989643041118108], [0.3130005735003937, 0.16108410071097626, 0.17588866106244205, 0.35002666472618793], [0.29922386275232593, 0.2320196262064467, 0.28834740352888544, 0.18040910751234204], [0.19760730507982044, 0.22629688063010941, 0.2060522114161745, 0.37004360287389576], [0.2897417213268954, 0.22590749218644776, 0.30004717161696887, 0.18430361486968797], [0.25686983436194705, 0.34020776051088514, 0.17300199738428906, 0.22992040774287867], [0.19253135438711994, 0.2363278101816733, 0.28735912451665047, 0.2837817109145562], [0.3963282258960082, 0.2948878699359337, 0.1357027413994371, 0.17308116276862098], [0.17450010863538287, 0.26620283313399906, 0.26487348679111566, 0.2944235714395024], [0.16730329589238568, 0.37420137066669124, 0.20769057192789753, 0.2508047615130256], [0.2672505546118897, 0.23415808479114666, 0.14355957163684033, 0.35503178896012355], [0.19940827304817113, 0.2523820505506656, 0.12066147357475131, 0.42754820282641204], [0.3546147039494591, 0.3109804182634866, 0.12636996452717755, 0.20803491325987694], [0.1587351529243387, 0.3717302040567791, 0.20394650568298625, 0.2655881373358959], [0.40333796200687333, 0.23190642078171314, 0.15723019644963893, 0.20752542076177477]]}, "rewritten": {"ids": ["97105580", "97105960", "97106600", "97107260", "97107681", "97107950", "97109570", "98107010", "98110810", "98111231", "98111860", "99107300", "99107500", "99108000", "99108310", "99111000", "99111930", "99112641", "99114890", "100108260", "100111080", "100113370", "100117420", "101111140", "101111990", "101114990", "102109840", "102109850", "102110690", "102111990", "102112170", "102112250", "102113981", "102116500", "103109791", "103110050", "103113270", "103113640", "103117200", "103120340", "103120531", "103120730", "103120780", "104111620", "104112470", "104113170", "104116441", "104116800", "104119290", "105113330", "105113480", "105114220", "105115680", "105115720", "105115900", "105116090", "105116860", "105117200", "105118230", "105118740", "105119550", "106112770", "106113260", "106113360", "106114011", "106114880", "106116120", "106116370", "106116850", "106117770", "106118161", "106119580", "106120290", "106120640", "107112850", "107113130", "107114490", "107114950", "107115140", "107118520", "107118820", "107119950", "107120010", "107120260", "107121540", "108114220", "108114270", "108114360", "108115250", "108115870", "108116120", "108116501", "108117451", "108118301", "108118630", "108119510", "108120621", "108120700", "109115220", "109115380", "109116040", "109116750", "109117730", "109119460", "110114610", "110114720", "110114920", "110116300", "110117140", "110117500", "110118181", "110118301", "110118701", "110118930", "110121720", "111114321", "111115400", "111115780", "111116010", "111119150", "111119300", "111119580", "111119950", "111121930", "112116290", "112117660", "112118550", "112118930", "112119500", "112119980", "112121010", "112121410", "113118490", "113118620", "113118810", "113118820", "113119320", "113119700", "113120780", "113120830", "113122150", "113122180"], "labels": [1, 2, 3, 2, 3, 2, 0, 3, 1, 1, 0, 3, 0, 2, 2, 2, 1, 1, 2, 3, 0, 3, 2, 2, 2, 3, 2, 1, 0, 2, 3, 0, 1, 1, 3, 3, 2, 1, 0, 1, 3, 1, 1, 0, 1, 3, 1, 1, 1, 3, 0, 3, 2, 1, 3, 1, 2, 3, 1, 1, 1, 1, 3, 0, 1, 0, 1, 2, 3, 0, 3, 3, 2, 3, 1, 1, 3, 3, 0, 2, 3, 3, 1, 1, 2, 3, 3, 1, 1, 3, 1, 0, 2, 1, 1, 1, 1, 2, 3, 3, 0, 0, 3, 1, 1, 3, 3, 3, 3, 1, 1, 1, 3, 1, 3, 1, 0, 1, 1, 3, 1, 3, 0, 1, 0, 0, 3, 1, 2, 0, 2, 0, 1, 3, 3, 0, 1, 0, 0, 3, 2, 2], "predicted_labels": [0, 0, 2, 0, 2, 2, 0, 1, 1, 1, 2, 3, 0, 0, 1, 2, 2, 1, 1, 2, 0, 1, 3, 0, 0, 1, 1, 1, 0, 0, 1, 2, 0, 3, 2, 3, 3, 3, 0, 3, 1, 0, 0, 0, 3, 1, 1, 0, 1, 0, 3, 0, 3, 1, 2, 3, 0, 2, 1, 3, 1, 0, 0, 0, 1, 0, 3, 3, 2, 2, 0, 3, 1, 0, 1, 2, 3, 1, 0, 3, 1, 3, 3, 1, 0, 2, 0, 1, 3, 1, 3, 0, 0, 3, 3, 1, 0, 3, 3, 3, 1, 0, 0, 3, 0, 2, 3, 0, 3, 0, 0, 1, 3, 3, 3, 3, 0, 3, 1, 0, 3, 0, 0, 0, 3, 2, 0, 1, 2, 3, 3, 1, 0, 1, 3, 0, 0, 0, 1, 0, 2, 0], "confidence_scores": [[0.38962715343732807, 0.25942813410022153, 0.12417599254707948, 0.22676871991537098], [0.35094509879620367, 0.23092322367462906, 0.22177212411769473, 0.19635955341147268], [0.17826138146809228, 0.20775858592820898, 0.39373080316383197, 0.2202492294398668], [0.26701557597308023, 0.2505817954325788, 0.2257333282388797, 0.25666930035546126], [0.23698641443493232, 0.20954391772268408, 0.34960425723270644, 0.2038654106096772], [0.18678931220800862, 0.24690232937877876, 0.29106638092833864, 0.27524197748487417], [0.3364801443401853, 0.1524355289904363, 0.31755763762840067, 0.19352668904097767], [0.2577131118099161, 0.2909326296965022, 0.16892283144235767, 0.28243142705122415], [0.19180975379889953, 0.4091317667322412, 0.1822012848631959, 0.21685719460566347], [0.19022280685899584, 0.2916836852626522, 0.27495964934557005, 0.24313385853278208], [0.23671347990341626, 0.2849321924488944, 0.3143787631835089, 0.16397556446418038], [0.20298015708951944, 0.18684882504048303, 0.21511733828827165, 0.3950536795817258], [0.29597909182547416, 0.23651903984951309, 0.2747739302626551, 0.19272793806235777], [0.30600016961076737, 0.28240804491337584, 0.19066975751744447, 0.2209220279584122], [0.29002447995305614, 0.36230010237801563, 0.17210778159069892, 0.17556763607822942], [0.1819328822744841, 0.26999026655804337, 0.3352004218452645, 0.2128764293222082], [0.16745871713762334, 0.20482971130835723, 0.48226575757192364, 0.14544581398209586], [0.27180541389790625, 0.3220100849669963, 0.1375818165028104, 0.2686026846322871], [0.161256249999992, 0.40640827759996256, 0.20279132003570527, 0.22954415236434003], [0.2168994007256645, 0.2165309866600968, 0.36233194730493357, 0.2042376653093053], [0.3413410461131311, 0.2943964657986216, 0.18814721509850676, 0.17611527298974058], [0.20191343642169532, 0.3124414643431679, 0.22565643550733475, 0.2599886637278021], [0.20902239357511912, 0.21617711041491358, 0.21565205549987945, 0.3591484405100878], [0.3680137061094984, 0.13677378397184956, 0.13373687601196194, 0.36147563390668996], [0.40930327814613504, 0.2137282242176367, 0.1346798869369006, 0.24228861069932775], [0.1679934367448233, 0.3362147079583255, 0.3044828643183167, 0.19130899097853446], [0.2680755810683121, 0.3454493120478244, 0.17759265116855671, 0.2088824557153068], [0.22794193772226412, 0.27888247314033066, 0.23488310805904788, 0.25829248107835745], [0.33142052043498177, 0.22754409289194538, 0.2001505065526947, 0.2408848801203782], [0.3527396262492593, 0.27423844458262325, 0.13082299521145638, 0.2421989339566612], [0.2567640473382119, 0.30886104716399243, 0.16858970102063092, 0.26578520447716486], [0.162800262975454, 0.18511975297350336, 0.38374930876145946, 0.2683306752895833], [0.3094725040619882, 0.28780670036024114, 0.12431744560243096, 0.2784033499753398], [0.2196137829252039, 0.234236744867319, 0.21155163610013872, 0.33459783610733845], [0.20212566323035216, 0.2127524731098112, 0.33278900544809575, 0.2523328582117409], [0.18205394401544464, 0.2908153831443632, 0.15411070985879385, 0.37301996298139833], [0.24510451776868564, 0.21860320474611966, 0.2297115424383794, 0.3065807350468154], [0.2875308745188596, 0.2229024536060047, 0.16407558479468448, 0.32549108708045116], [0.3645456453342889, 0.23909120388111493, 0.18204350330773278, 0.21431964747686344], [0.252852023889759, 0.2435233763833231, 0.24215921606429316, 0.26146538366262484], [0.30394228592983025, 0.3818340152894935, 0.1433862057393916, 0.1708374930412845], [0.4907580478871195, 0.13338569415230705, 0.16782981876062453, 0.20802643919994898], [0.32009933144134994, 0.29059884967401406, 0.23741105641294072, 0.15189076247169522], [0.3117243782832855, 0.22878014386253254, 0.17698673090932934, 0.2825087469448528], [0.16543065764274187, 0.1897359465091771, 0.24754388178387268, 0.39728951406420837], [0.18131448034436448, 0.32715252022800145, 0.2811029987944954, 0.21043000063313866], [0.29557429756837017, 0.34381170983773507, 0.11558462788099187, 0.24502936471290307], [0.3093370345093306, 0.24229369355053335, 0.1647997005738092, 0.283569571366327], [0.19224224136842497, 0.32706277229231107, 0.1735128087441056, 0.3071821775951584], [0.30218353084378397, 0.23568227246866663, 0.18449627143224026, 0.27763792525530917], [0.16363740424350645, 0.16161434115604303, 0.11929354623198034, 0.5554547083684702], [0.4067603508327812, 0.25914398084957174, 0.1383429973002135, 0.1957526710174335], [0.16950197858396227, 0.2981284625951178, 0.11225192498138133, 0.4201176338395387], [0.18216301127188553, 0.36203499580109133, 0.1789905653165093, 0.27681142761051414], [0.20007117204550487, 0.2640874125171304, 0.3449878229965561, 0.19085359244080866], [0.25257574470181465, 0.28283505292990824, 0.16240155979228899, 0.3021876425759882], [0.6116657154304537, 0.13576398203983592, 0.10699679909111284, 0.14557350343859768], [0.22310125103854125, 0.1515384927568541, 0.31318985395145865, 0.312170402253146], [0.24111296478396005, 0.31915332680823205, 0.2638436351559765, 0.17589007325183137], [0.25343816813598913, 0.23800400861682547, 0.19957054138477875, 0.30898728186240654], [0.1987143694156879, 0.37265485152297984, 0.15153958802270187, 0.27709119103863045], [0.35395046034474537, 0.15863876577127622, 0.33234315524696034, 0.15506761863701815], [0.3111674809283436, 0.2588924833738491, 0.1335656525626912, 0.29637438313511627], [0.35212133667935736, 0.2845056715596, 0.13360498313240732, 0.2297680086286354], [0.3033919071612419, 0.33158096936898857, 0.20861209561440572, 0.15641502785536388], [0.35253349485539437, 0.25025295272928216, 0.1741313673287741, 0.2230821850865494], [0.3250621820847084, 0.1681247205565756, 0.1581868031845625, 0.34862629417415353], [0.2510054820763744, 0.22637864920500272, 0.170936297619844, 0.35167957109877895], [0.1565581621752612, 0.18960996041652622, 0.4918445057681406, 0.16198737164007193], [0.17664991499234808, 0.2315690183209905, 0.3010461847777125, 0.2907348819089489], [0.4141768340291227, 0.1762290211755586, 0.1298035251928726, 0.279790619602446], [0.22808054524480037, 0.2738370063445258, 0.2035156098703022, 0.2945668385403717], [0.22634531798304358, 0.30957218763124916, 0.16279013909469423, 0.30129235529101306], [0.4266501427175234, 0.2051371561247239, 0.232989165885283, 0.13522353527246955], [0.28899150262583617, 0.3111590669372774, 0.12401447217763271, 0.27583495825925375], [0.21898650503324957, 0.21238381439112497, 0.32472944027020995, 0.2439002403054156], [0.22094982405594205, 0.29841257944268623, 0.17779140922321915, 0.3028461872781527], [0.2394583604827914, 0.30714461188673275, 0.1860602318249621, 0.2673367958055137], [0.31924057823842406, 0.24345661617569211, 0.15822501001980246, 0.2790777955660815], [0.20482963349225283, 0.21287183822546574, 0.25195541298272195, 0.3303431152995596], [0.1593300633845998, 0.46067492840553564, 0.1192056028518975, 0.260789405357967], [0.20784675352599763, 0.22653104785190092, 0.17456520267349845, 0.391056995948603], [0.2098882337988208, 0.2560460312835692, 0.24126930145113987, 0.29279643346647033], [0.1510443049882736, 0.4537504013338939, 0.21987529788683222, 0.1753299957910003], [0.3617295154497035, 0.27246229875179084, 0.12408535473895199, 0.24172283105955358], [0.20963925080035758, 0.28488801948046666, 0.28568878318641083, 0.219783946532765], [0.33945000753999305, 0.26316712983145873, 0.18960580133191998, 0.20777706129662837], [0.2574309642367957, 0.29630534065374864, 0.1790089298199187, 0.2672547652895369], [0.20009437164291127, 0.25347259264855265, 0.24548932646157923, 0.3009437092469568], [0.2120075887528219, 0.3064321246044115, 0.20991498359975252, 0.27164530304301404], [0.2805938367886578, 0.17372657997627206, 0.17508721342441536, 0.37059236981065485], [0.6220083429213219, 0.13459706659166557, 0.09604966668953333, 0.14734492379747932], [0.5303142928500916, 0.17367867025691108, 0.11632133295790507, 0.17968570393509245], [0.285176847581195, 0.2345729210940389, 0.15420794525773332, 0.32604228606703284], [0.20889006856383943, 0.16196776552365086, 0.15651737547913366, 0.4726247904333762], [0.28639264079560983, 0.29382310989877336, 0.16724463968141182, 0.252539609624205], [0.3707935446199044, 0.29217484748181755, 0.15702221529865262, 0.18000939259962537], [0.26441900749293984, 0.29016550567031696, 0.10039578162390117, 0.34501970521284203], [0.2336746868002666, 0.23725869703334224, 0.17429530978762198, 0.3547713063787693], [0.104556928118117, 0.2313325668554811, 0.31078846263576104, 0.3533220423906408], [0.20624614743599967, 0.303502759181491, 0.22446085645352276, 0.2657902369289868], [0.3348991863046808, 0.24370890113891924, 0.2182699013878574, 0.20312201116854248], [0.27925106467563804, 0.2753805716806014, 0.1806585408986341, 0.2647098227451265], [0.16814252713299177, 0.18279705589809037, 0.1852635757392448, 0.4637968412296732], [0.31116458231213, 0.25212013941043415, 0.12819122139483755, 0.3085240568825983], [0.18650294644174834, 0.21943661472327755, 0.2985906403180442, 0.2954697985169298], [0.23113065284316572, 0.27879184254220485, 0.20770740405203086, 0.2823701005625987], [0.2598436899333542, 0.25233373169603746, 0.24206920756027325, 0.24575337081033524], [0.21336908387946554, 0.24912420068050928, 0.15251799952491973, 0.38498871591510575], [0.3592078239920421, 0.2594671835482737, 0.14733301342883737, 0.23399197903084704], [0.3438935789503256, 0.18410378574734274, 0.20376608029201138, 0.2682365550103203], [0.25233955380900286, 0.3443832692555237, 0.18185238091661643, 0.22142479601885695], [0.21642803311618466, 0.2213308922604455, 0.1773026003957712, 0.3849384742275986], [0.29706227828433907, 0.215856483238321, 0.17161192763300245, 0.31546931084433766], [0.2674161662190445, 0.23564317543367597, 0.13313707430201638, 0.36380358404526314], [0.26712519727073947, 0.2746143205128536, 0.17856773566596398, 0.2796927465504431], [0.40365236295599716, 0.22713443356289828, 0.15500139377565, 0.21421180970545456], [0.2108044222259588, 0.30545997006328757, 0.16184126950169903, 0.3218943382090546], [0.27141670663197537, 0.3229440378225289, 0.22671073669789057, 0.17892851884760533], [0.31882786751394226, 0.2849031392572898, 0.1520563875307402, 0.2442126056980278], [0.3133238653615801, 0.1914308087992139, 0.10685759141851013, 0.38838773442069585], [0.4480707552316666, 0.22181667743354994, 0.13775234153738158, 0.19236022579740206], [0.3915729973763496, 0.1930817684784709, 0.11629375616602329, 0.29905147797915627], [0.48495807624285225, 0.20327303070756644, 0.13365690952899517, 0.17811198352058627], [0.2526627155795078, 0.25762868820579266, 0.2312521924171257, 0.25845640379757384], [0.2482794760123495, 0.2658457548776486, 0.2768082684417875, 0.20906650066821453], [0.34773017307983883, 0.26711059418792604, 0.1566979849431557, 0.22846124778907925], [0.24001547522267364, 0.3033961393964979, 0.15324307948984628, 0.3033453058909821], [0.11096825143394182, 0.20312074813350037, 0.37411991906656467, 0.31179108136599315], [0.2552532149833489, 0.15806718129709083, 0.2919888654005127, 0.2946907383190476], [0.27163800333767935, 0.2643267842987873, 0.19113364904939983, 0.2729015633141334], [0.17987458710621754, 0.3748583038315323, 0.20931644068678246, 0.23595066837546763], [0.3387033465777066, 0.303301747140255, 0.1468067345829226, 0.21118817169911594], [0.2655956461906921, 0.2826124016928572, 0.1711953445657333, 0.2805966075507174], [0.32339238104153234, 0.19800615573096025, 0.14293473568798323, 0.33566672753952437], [0.44552031154069976, 0.1493365876885954, 0.1448710520973878, 0.26027204867331716], [0.31256789564771725, 0.27997594722451113, 0.14220381525921708, 0.26525234186855445], [0.4355058606779874, 0.2438903130101999, 0.09846396113371504, 0.22213986517809778], [0.2736760557201737, 0.28555643988682705, 0.2049098362824441, 0.23585766811055514], [0.37372204674413917, 0.23754850811432973, 0.1291409368630396, 0.25958850827849145], [0.1832064500968272, 0.18667146345199254, 0.4067783227266212, 0.22334376372455914], [0.3863110952194298, 0.26687708500534546, 0.08350098015562375, 0.26331083961960083]]}}