{"test": {"ids": ["112120630", "110119030", "99109780", "112116401", "105113480", "99108520", "112118581", "103112470", "113121950", "101111210", "99107300", "104114740", "102110500", "112119930", "97113900", "110120700", "99109311", "110120640", "98109230", "97116790", "97112300", "109117080", "109120540", "113120780", "98110680", "113118630", "113118810", "113122320", "99107640", "110114321", "113119450", "98117740", "104119290", "100111270", "110115580", "106116120", "101116130", "113117340", "102118380", "104112201", "97106600", "97116410", "98107410", "106113170", "107116501", "102113350", "108120621", "98119591", "111118301", "113122650", "107113200", "99109370", "109113591", "109121640", "113118511", "99111000", "105115380", "101115190", "104111711", "108118060", "98120010", "104111830", "112117431", "101113210", "102113981", "113119480", "104116800", "108113480", "103120730", "110118630", "101110150", "104114320", "102121440", "99108890", "108116501", "112117571", "104113170", "111119610", "98106880", "99108330", "110115250", "97114170", "105111990", "101109120", "109116930", "110121170", "106112770", "103120780", "108117451", "112119610", "105113190", "107114280", "101111310", "105113260", "111117480", "99112641", "100108580", "99107950", "101108621", "110118161", "103120340", "112117790", "111120320", "110118740", "108118301", "100112060", "101112201", "100111620", "107118520", "112118511", "111117571", "98112580", "103110050", "101114990", "99121440", "102116500", "105112260", "108113700", "110115710", "98111670", "99108000", "99120010", "110114610", "107114621", "113122120", "112118161", "98108580", "111116750", "100109330", "108120060", "111119150", "111119930", "104113190", "104117200", "108114670", "111120190", "100111380", "99108080", "99119830", "101108370", "107118820", "107115140"], "labels": [3, 0, 2, 0, 0, 2, 1, 1, 3, 2, 3, 2, 3, 1, 2, 2, 1, 0, 1, 2, 2, 1, 1, 0, 2, 3, 3, 1, 1, 1, 3, 2, 1, 2, 1, 1, 2, 2, 1, 0, 3, 3, 3, 0, 1, 3, 1, 1, 3, 2, 0, 1, 3, 0, 1, 2, 1, 1, 1, 1, 2, 3, 0, 3, 1, 3, 1, 0, 1, 1, 1, 2, 2, 0, 0, 3, 3, 2, 0, 1, 1, 2, 2, 1, 0, 2, 1, 1, 2, 0, 3, 3, 3, 3, 1, 1, 0, 1, 0, 0, 1, 3, 1, 3, 1, 2, 0, 3, 2, 1, 3, 2, 3, 3, 2, 1, 3, 0, 2, 1, 2, 2, 1, 0, 1, 0, 0, 3, 0, 1, 3, 1, 3, 3, 3, 3, 3, 3, 1, 1, 3, 0], "predicted_labels": [3, 2, 1, 0, 0, 0, 2, 3, 2, 0, 1, 3, 3, 2, 1, 1, 3, 0, 0, 1, 0, 1, 3, 2, 2, 3, 1, 0, 1, 0, 1, 2, 3, 2, 3, 3, 3, 1, 3, 0, 1, 1, 1, 1, 3, 3, 0, 0, 0, 1, 0, 1, 1, 2, 2, 1, 3, 2, 3, 3, 0, 0, 3, 1, 0, 3, 1, 3, 1, 3, 1, 1, 1, 3, 3, 0, 1, 2, 1, 3, 0, 1, 3, 3, 0, 0, 2, 3, 0, 1, 3, 3, 0, 3, 1, 0, 1, 2, 1, 1, 1, 0, 3, 0, 3, 2, 1, 3, 1, 3, 1, 0, 1, 3, 1, 2, 1, 2, 0, 1, 3, 3, 2, 3, 3, 3, 0, 3, 3, 2, 0, 3, 1, 1, 3, 2, 0, 0, 1, 0, 1, 3], "confidence_scores": [[0.28266839475184213, 0.16837369670942884, 0.08236267665133998, 0.46659523188738905], [0.282230892141882, 0.14664317676899777, 0.3335773028203828, 0.23754862826873738], [0.19249414931807, 0.42399840510408604, 0.14779512558086985, 0.23571231999697415], [0.7201575526444787, 0.12296077729114664, 0.06232759807938367, 0.09455407198499116], [0.32936572408547504, 0.1938624052634432, 0.15786721833964018, 0.31890465231144155], [0.34112226163893705, 0.26110631523292566, 0.22444042444908419, 0.17333099867905313], [0.11367239361523393, 0.2050821845552375, 0.38945387164259254, 0.29179155018693603], [0.24218622843088577, 0.2838888272137482, 0.17692661297632975, 0.29699833137903636], [0.27719943183661744, 0.17191610182512432, 0.3038112085900184, 0.24707325774823988], [0.3056197766780763, 0.24511337373118264, 0.2058226582789966, 0.24344419131174455], [0.07517845048942777, 0.5828400267381821, 0.21290482051893858, 0.12907670225345172], [0.14306215887239204, 0.25625856074552283, 0.2048713071913748, 0.3958079731907104], [0.0945026664911592, 0.20116453657775724, 0.07175905271256257, 0.632573744218521], [0.21865295459845266, 0.13985214368480867, 0.36578943620982457, 0.2757054655069143], [0.20513807707436807, 0.428291961021703, 0.11269682827602291, 0.25387313362790603], [0.13553342062057927, 0.49547836084037566, 0.21355307701322043, 0.1554351415258247], [0.14572217747094318, 0.2733219229312025, 0.24688200733069132, 0.3340738922671631], [0.3354050075224302, 0.31347787318898657, 0.16837171961018724, 0.1827453996783961], [0.3898560390196109, 0.207805461813382, 0.22623307470610785, 0.17610542446089922], [0.22530444553584786, 0.26648095920617537, 0.2622610352448707, 0.24595356001310617], [0.37780668769484327, 0.15796533663455012, 0.19823618268841212, 0.26599179298219455], [0.1295318176089931, 0.5692829490161738, 0.12338283750210051, 0.17780239587273267], [0.11739333168481456, 0.2892927239362838, 0.08901428916084521, 0.5042996552180564], [0.130271968267203, 0.28960015745530254, 0.47625305008170615, 0.10387482419578842], [0.2277628093734586, 0.2839468303817966, 0.3303575264413636, 0.15793283380338133], [0.31696656982026394, 0.2022830376807808, 0.10756371822863238, 0.37318667427032304], [0.3302660713082931, 0.34269425977211815, 0.1228161266711431, 0.20422354224844558], [0.3396072457121476, 0.2036490237567321, 0.15280479777377007, 0.30393893275734996], [0.09385463058823318, 0.6527676084143601, 0.08317163467234374, 0.17020612632506316], [0.6468734062508794, 0.12315120697320558, 0.08175310416899152, 0.1482222826069234], [0.2767607225852733, 0.35491013014481015, 0.14612973401067872, 0.22219941325923803], [0.14539386928775178, 0.34425658278283683, 0.3520608208772591, 0.15828872705215216], [0.110659174568113, 0.31178530859020526, 0.14795718759481102, 0.4295983292468708], [0.16926522735021993, 0.24929940234028436, 0.34767315867362064, 0.23376221163587502], [0.23133737308008798, 0.17051693661694273, 0.23354643832796848, 0.36459925197500087], [0.17943187856119389, 0.2628794642015214, 0.174927015126712, 0.3827616421105728], [0.23287912835147323, 0.20365640291182052, 0.1812362947307714, 0.382228174005935], [0.1403233158320582, 0.48016719684891623, 0.1742900797977833, 0.20521940752124238], [0.13426889915671278, 0.12918253527879742, 0.12038192937922745, 0.6161666361852624], [0.38646087810381063, 0.15834075126261118, 0.1914439484214055, 0.26375442221217255], [0.19721370973316055, 0.4173001621352536, 0.09673254921452627, 0.2887535789170596], [0.20724381296412983, 0.38007383350195645, 0.1299071243469197, 0.28277522918699405], [0.118626033458737, 0.4154110013104512, 0.20694985334166344, 0.2590131118891482], [0.18695514425282142, 0.471361534227372, 0.21526397102238007, 0.12641935049742645], [0.24494349184240202, 0.19716745709288233, 0.11012296890857973, 0.4477660821561359], [0.21842584360377745, 0.09033573151374054, 0.2404519634088678, 0.45078646147361434], [0.608283888109702, 0.11031872448525508, 0.07629200200202163, 0.20510538540302137], [0.3285785535372371, 0.19012051840656244, 0.17305363716290398, 0.30824729089329644], [0.35339260241741566, 0.21136595490517762, 0.24480978602858383, 0.19043165664882303], [0.208727474647898, 0.33094094621779574, 0.2457341438378827, 0.21459743529642356], [0.3436760987181817, 0.26362186131478327, 0.17891613236716358, 0.21378590759987132], [0.15194211981018854, 0.5903204139332973, 0.10081352077526783, 0.15692394548124647], [0.11302584105342964, 0.36221631726676884, 0.24195224758845774, 0.282805594091344], [0.19025687077297118, 0.34514037772436207, 0.3501712508313699, 0.11443150067129677], [0.08438485797786606, 0.15588071803831233, 0.41665227465800814, 0.34308214932581343], [0.13905200181445518, 0.353331193054875, 0.2908977422921197, 0.21671906283855016], [0.14562471892448, 0.2159987750667512, 0.26035172876844226, 0.3780247772403265], [0.2054740931793137, 0.27577438029468676, 0.2848061970504736, 0.23394532947552596], [0.22474344181351374, 0.21357987293873315, 0.19408583466019794, 0.36759085058755525], [0.23174079395690805, 0.09984207186390169, 0.09450531368680316, 0.573911820492387], [0.3296245061958223, 0.24825015464752578, 0.26549225774605556, 0.15663308141059637], [0.3703386667950095, 0.21770519492918317, 0.1229686460255951, 0.2889874922502122], [0.1882536375659069, 0.21741092787913693, 0.1335307024308205, 0.4608047321241357], [0.15450638405605144, 0.6882412586794745, 0.05962936606540287, 0.09762299119907106], [0.33557785909888327, 0.26673438449990633, 0.26853637771823224, 0.12915137868297827], [0.29718820790401657, 0.1710652861434223, 0.12320331378339384, 0.40854319216916735], [0.3158489227069225, 0.3956203398947102, 0.12494804382246266, 0.16358269357590471], [0.11613415612422227, 0.16119175256495094, 0.1884105253128933, 0.5342635659979335], [0.2891622745537233, 0.3470422728032496, 0.1551445298801896, 0.2086509227628375], [0.08907229811960636, 0.0914921181707579, 0.12004913777525063, 0.699386445934385], [0.16806042999811788, 0.39017575961037343, 0.08627534780042442, 0.35548846259108435], [0.2139191041462496, 0.4843125843707942, 0.09789880216938443, 0.20386950931357184], [0.18606855221574936, 0.4249059291006632, 0.2878876953645559, 0.1011378233190315], [0.20895953509164825, 0.2805122113922175, 0.19061597642293573, 0.3199122770931987], [0.29688925774244795, 0.19878813570913478, 0.15892296695111222, 0.34539963959730513], [0.44267727686418484, 0.2829549806257227, 0.08985414507663857, 0.184513597433454], [0.05437297469899132, 0.7606939924808542, 0.0617078093889751, 0.12322522343117935], [0.08158931320831005, 0.15770603567973765, 0.6314129709513814, 0.12929168016057088], [0.1842470332338122, 0.34696385346688935, 0.30889528218938217, 0.15989383110991615], [0.1348358297618764, 0.2600536306940678, 0.19815352465078698, 0.40695701489326874], [0.30981733221228486, 0.25847519508287436, 0.13233513379302797, 0.2993723389118129], [0.13514175031353703, 0.3597380464392057, 0.3017065348443261, 0.20341366840293107], [0.35265142865311616, 0.13972529913756507, 0.14321259687237922, 0.3644106753369397], [0.20459142151220597, 0.18681250216168568, 0.114542070282264, 0.4940540060438445], [0.33200149812562024, 0.22740540002625878, 0.1663975112510545, 0.27419559059706666], [0.3662874781836198, 0.2196143415949729, 0.1529049892432062, 0.26119319097820115], [0.1872865986280405, 0.12397551516925619, 0.4770017158414926, 0.21173617036121078], [0.10202908593811534, 0.33328106498866705, 0.184453995139242, 0.38023585393397585], [0.4739568081243355, 0.09576976521279963, 0.06745981429205312, 0.36281361237081167], [0.11351724154868488, 0.3993224565994264, 0.12353574286187446, 0.3636245589900143], [0.3051918002221694, 0.10221112423061787, 0.06988435544388927, 0.5227127201033235], [0.23945222129375598, 0.2111766867718892, 0.17249789394907722, 0.3768731979852777], [0.37940159126201145, 0.18159782446684006, 0.2521507303164555, 0.18684985395469303], [0.3852995047260954, 0.1249406544926621, 0.10134368038903038, 0.38841616039221205], [0.20490279456226457, 0.4185492356426517, 0.07086405960583765, 0.3056839101892462], [0.44738518598251675, 0.2764390620787588, 0.09001734152654875, 0.18615841041217568], [0.29518699459394737, 0.30511135235023934, 0.1343306271381706, 0.2653710259176427], [0.08668715787832193, 0.2626155660239534, 0.4396548130143535, 0.2110424630833712], [0.14756723138891012, 0.40303425609422383, 0.1413753880365682, 0.3080231244802979], [0.23798386245889452, 0.39053120094849036, 0.1935057545838396, 0.17797918200877547], [0.16764807467601764, 0.42876691823536517, 0.19263729827002998, 0.2109477088185872], [0.4102164527057775, 0.24184029142532204, 0.15486355079386765, 0.193079705075033], [0.31652513225053835, 0.11735507169826725, 0.06543228950622987, 0.5006875065449644], [0.6712965913291702, 0.11422703090004614, 0.11815991952195906, 0.09631645824882464], [0.1644682209851789, 0.2655626928713834, 0.15308595673533118, 0.41688312940810657], [0.09407697953355891, 0.23141083578751692, 0.5101714998145467, 0.16434068486437745], [0.08062701541647987, 0.42984483744090346, 0.1927038061997675, 0.29682434094284915], [0.08854651619893472, 0.21308752068038048, 0.2640562047748175, 0.4343097583458672], [0.08600567120544919, 0.4954865254906848, 0.3296793549634899, 0.08882844834037623], [0.13467005306984467, 0.24150208640734652, 0.21850091945428482, 0.4053269410685242], [0.24223745399326127, 0.3691342786395005, 0.14921127694535385, 0.23941699042188458], [0.5739180488603927, 0.20449555700669403, 0.11858026737890358, 0.10300612675400965], [0.18157978629026125, 0.4619464477635104, 0.151496868547422, 0.20497689739880626], [0.20296371478937097, 0.32774043395143515, 0.09468319207744985, 0.374612659181744], [0.2532045136358104, 0.39983918714044936, 0.13977660928448468, 0.20717968993925562], [0.24329749034398626, 0.2270469360390906, 0.37424357130835717, 0.15541200230856594], [0.13187768175720804, 0.6407987987808552, 0.07614588465224248, 0.15117763480969412], [0.2648458213902729, 0.18311142861378324, 0.41546261997178097, 0.13658013002416283], [0.2986029137982464, 0.20840829945153144, 0.2530522337790011, 0.239936552971221], [0.18715968472730188, 0.32918126162764194, 0.21864391658885352, 0.26501513705620255], [0.16182933233826338, 0.3116883614314516, 0.12789580700684855, 0.39858649922343636], [0.16609277365079267, 0.29012274069239824, 0.20041749706318301, 0.34336698859362613], [0.14733749592479345, 0.3197347166211211, 0.3517563297793181, 0.1811714576747675], [0.15461026706063072, 0.19758627640089593, 0.07439280093641538, 0.573410655602058], [0.21827933768443397, 0.32252423287868437, 0.13211494079247768, 0.32708148864440395], [0.2783510988201461, 0.21781086334967928, 0.1282067040438531, 0.3756313337863216], [0.30407001348498164, 0.23587188130673356, 0.21529089493907133, 0.24476721026921355], [0.22006727737639578, 0.21338592929171368, 0.17285063130494877, 0.39369616202694196], [0.07490306468946831, 0.37563251285433963, 0.06640023826348844, 0.48306418419270364], [0.25076327854464725, 0.2317246382160697, 0.3299747359387588, 0.18753734730052424], [0.3259430992304318, 0.2624195613438553, 0.11804427883850631, 0.2935930605872067], [0.17350865299808604, 0.3006809192820709, 0.17705460803515605, 0.348755819684687], [0.23041766626356225, 0.3090755725289022, 0.20535481784849596, 0.2551519433590397], [0.23823996341337614, 0.3060491218434941, 0.20936332227676488, 0.2463475924663652], [0.24924854472355593, 0.20142966988547797, 0.17694575801879303, 0.3723760273721731], [0.2926731030897163, 0.21291032770613927, 0.3423105035925811, 0.15210606561156342], [0.3312056060542357, 0.30271795683570646, 0.16954532099130862, 0.1965311161187494], [0.37391577076249277, 0.2481823217415899, 0.0984951437394775, 0.27940676375643975], [0.2979272369071791, 0.33724917567895063, 0.22347182497511567, 0.1413517624387547], [0.5183732746530579, 0.13501260090121237, 0.18708861375296404, 0.1595255106927657], [0.2574392413243318, 0.2912493652698524, 0.16973759664530016, 0.28157379676051575], [0.26691646045981166, 0.22213088587677424, 0.23900388162851963, 0.27194877203489454]]}, "rewritten": {"ids": ["97106600", "97112300", "97113900", "97114170", "97116410", "97116790", "98106880", "98107410", "98108580", "98109230", "98110680", "98111670", "98112580", "98117740", "98119591", "98120010", "99107300", "99107640", "99107950", "99108000", "99108080", "99108330", "99108520", "99108890", "99109311", "99109370", "99109780", "99111000", "99112641", "99119830", "99120010", "99121440", "100108580", "100109330", "100111270", "100111380", "100111620", "100112060", "101108370", "101108621", "101109120", "101110150", "101111210", "101111310", "101112201", "101113210", "101114990", "101115190", "101116130", "102110500", "102113350", "102113981", "102116500", "102118380", "102121440", "103110050", "103112470", "103120340", "103120730", "103120780", "104111711", "104111830", "104112201", "104113170", "104113190", "104114320", "104114740", "104116800", "104117200", "104119290", "105111990", "105112260", "105113190", "105113260", "105113480", "105115380", "106112770", "106113170", "106116120", "107113200", "107114280", "107114621", "107115140", "107116501", "107118520", "107118820", "108113480", "108113700", "108114670", "108116501", "108117451", "108118060", "108118301", "108120060", "108120621", "109113591", "109116930", "109117080", "109120540", "109121640", "110114321", "110114610", "110115250", "110115580", "110115710", "110118161", "110118630", "110118740", "110119030", "110120640", "110120700", "110121170", "111116750", "111117480", "111117571", "111118301", "111119150", "111119610", "111119930", "111120190", "111120320", "112116401", "112117431", "112117571", "112117790", "112118161", "112118511", "112118581", "112119610", "112119930", "112120630", "113117340", "113118511", "113118630", "113118810", "113119450", "113119480", "113120780", "113121950", "113122120", "113122320", "113122650"], "labels": [3, 2, 2, 2, 3, 2, 0, 3, 0, 1, 2, 1, 2, 2, 1, 2, 3, 1, 1, 2, 3, 1, 2, 0, 1, 1, 2, 2, 1, 1, 2, 2, 0, 0, 2, 3, 3, 2, 1, 0, 1, 1, 2, 3, 0, 3, 3, 1, 2, 3, 3, 1, 1, 1, 2, 3, 1, 1, 1, 1, 1, 3, 0, 3, 3, 2, 2, 1, 3, 1, 2, 3, 3, 3, 0, 1, 1, 0, 1, 0, 3, 0, 0, 1, 2, 3, 0, 0, 3, 0, 2, 1, 1, 1, 1, 3, 0, 1, 1, 0, 1, 1, 1, 1, 2, 0, 1, 3, 0, 0, 2, 2, 3, 1, 3, 3, 3, 2, 1, 3, 1, 0, 0, 3, 3, 0, 1, 1, 0, 1, 3, 2, 1, 3, 3, 3, 3, 0, 3, 1, 1, 2], "predicted_labels": [3, 0, 0, 3, 1, 3, 2, 1, 2, 0, 2, 1, 1, 2, 1, 2, 1, 1, 2, 1, 0, 3, 3, 3, 3, 1, 0, 3, 1, 1, 0, 1, 0, 3, 2, 1, 3, 2, 0, 3, 3, 1, 0, 3, 3, 1, 1, 3, 3, 3, 3, 0, 1, 3, 2, 1, 1, 0, 1, 3, 3, 0, 0, 1, 1, 1, 3, 3, 1, 1, 3, 1, 0, 1, 3, 3, 2, 1, 3, 0, 3, 3, 0, 3, 1, 2, 3, 1, 0, 3, 0, 0, 3, 0, 0, 1, 1, 1, 1, 2, 0, 3, 3, 0, 2, 0, 3, 0, 3, 0, 2, 0, 0, 3, 1, 0, 0, 2, 1, 0, 1, 0, 3, 3, 3, 2, 3, 2, 1, 2, 3, 3, 1, 3, 1, 3, 0, 1, 1, 0, 3, 2], "confidence_scores": [[0.26376047886020676, 0.2143190853236086, 0.12548375820064595, 0.39643667761553864], [0.6070984029393586, 0.12082841888998047, 0.10334311483242736, 0.16873006333823354], [0.31358696295780514, 0.3107984192031537, 0.11797320727227242, 0.2576414105667688], [0.3000499479041707, 0.26046244715885664, 0.11803318699299835, 0.3214544179439741], [0.15634239510187062, 0.47150312044713266, 0.09049943780152099, 0.2816550466494758], [0.2117725409226912, 0.2687462044367949, 0.2436699644237853, 0.2758112902167285], [0.2383182668475805, 0.11466125383439016, 0.40225625200506976, 0.24476422731295974], [0.15723232626403136, 0.40179631039016167, 0.17404214722878594, 0.2669292161170211], [0.19344423727615034, 0.12339186838769059, 0.356083818534474, 0.32708007580168535], [0.3714467077002783, 0.17415612684334472, 0.24597442211884063, 0.2084227433375364], [0.13142879151821116, 0.33876042337919804, 0.3836427023115261, 0.14616808279106494], [0.2695078935162578, 0.3485575894883757, 0.1520046697723421, 0.22992984722302423], [0.07772331582589116, 0.6678503896570941, 0.0892122687132614, 0.1652140258037535], [0.08527167378379437, 0.31233024830670963, 0.4816298735414922, 0.12076820436800363], [0.3134100981575588, 0.328257717809756, 0.16979232173106157, 0.18853986230162373], [0.17603359795354673, 0.24809388412357605, 0.4773542543254824, 0.09851826359739495], [0.1426522889441655, 0.5061352707162999, 0.16311424940782152, 0.18809819093171307], [0.11830096072680402, 0.5786702025130127, 0.08340903423417345, 0.2196198025260099], [0.056788984914594234, 0.12142682852655476, 0.7488481208355244, 0.07293606572332643], [0.2247641953505009, 0.40907796142237063, 0.1031171236115661, 0.26304071961556236], [0.553617507088732, 0.1529048248085203, 0.11726948124090632, 0.17620818686184145], [0.15038580396411863, 0.22835229740733684, 0.23962762994118914, 0.3816342686873556], [0.1999816679933309, 0.23203467625071067, 0.19222690414480964, 0.37575675161114885], [0.11328852776912803, 0.3369237600246621, 0.11784045660449188, 0.4319472556017181], [0.20876453316939905, 0.1483243360474321, 0.12674134547485338, 0.5161697853083155], [0.18162108633076782, 0.511704454731647, 0.10464371468945873, 0.20203074424812653], [0.3392074583086523, 0.2789235776124082, 0.14242859393223106, 0.23944037014670844], [0.056081031582397294, 0.19399319347264884, 0.15168872144147122, 0.5982370535034827], [0.2829380792898649, 0.4001664621261974, 0.14248336281904414, 0.17441209576489344], [0.12633490484949925, 0.3227876407431914, 0.2626870455248052, 0.2881904088825041], [0.41325023507754727, 0.2622118977167658, 0.11999122762051116, 0.20454663958517574], [0.0801808772258501, 0.5680199239939967, 0.0952378185275662, 0.2565613802525872], [0.40423127449207436, 0.22480678574906443, 0.20575220593022622, 0.16520973382863507], [0.13381099222401227, 0.29305407243862697, 0.04629169047485316, 0.5268432448625076], [0.16884400886458892, 0.27180818334939894, 0.429233701379295, 0.13011410640671728], [0.23489641300842445, 0.39800002769819726, 0.13001942774047254, 0.2370841315529056], [0.11353444785836127, 0.23966498713167267, 0.24331736704444393, 0.40348319796552223], [0.2546668486474521, 0.1528113049919461, 0.3090467112392069, 0.28347513512139505], [0.44497771925777124, 0.1700681374570829, 0.11719187410875621, 0.2677622691763898], [0.14325022819617092, 0.3113904554244434, 0.11471514092434086, 0.43064417545504463], [0.19959355908836837, 0.18662893812779094, 0.12442862356340696, 0.48934887922043385], [0.27089218198782006, 0.281868475813406, 0.23170564677586228, 0.21553369542291181], [0.3271030710226151, 0.2527127888582609, 0.12118553919313607, 0.29899860092598807], [0.11818261500980912, 0.3113574376333874, 0.22087711586632694, 0.3495828314904763], [0.211855138904407, 0.13781884369714265, 0.2826443920858953, 0.3676816253125552], [0.19838343724354077, 0.3882130375665427, 0.07363124725224554, 0.339772277937671], [0.21738256935016262, 0.35279861027113085, 0.14060565582516288, 0.28921316455354357], [0.1694052422624457, 0.2764384850281072, 0.19393047211664474, 0.3602258005928025], [0.18991125732058853, 0.15314739264518, 0.185177582568026, 0.4717637674662056], [0.19782091117004735, 0.09786772168983998, 0.11068847515219712, 0.5936228919879156], [0.22889590587629263, 0.11489931160005172, 0.15879761560675795, 0.49740716691689785], [0.32823601733213437, 0.31750177765484994, 0.25647728053430063, 0.09778492447871502], [0.2753279575712702, 0.2891196482762403, 0.22640797472729907, 0.20914441942519046], [0.2767866976635962, 0.23368620177905927, 0.15762599770363417, 0.3319011028537105], [0.21172064521441294, 0.29123326808709965, 0.3424348787517458, 0.1546112079467417], [0.15254627650015268, 0.37486734363502144, 0.1748346366042224, 0.29775174326060344], [0.21733477288473482, 0.3020027203729643, 0.20968056095341644, 0.2709819457888845], [0.39346427564015546, 0.16526319254509828, 0.2206005977383145, 0.2206719340764317], [0.23278816688712592, 0.3584678962881578, 0.1222878057731267, 0.28645613105158957], [0.11356095837567523, 0.18785592375545698, 0.05764007534159498, 0.6409430425272729], [0.1764171602838914, 0.16458674771050816, 0.18889333221340082, 0.4701027597921995], [0.4468098860655289, 0.16215385108038594, 0.15408191153005274, 0.2369543513240324], [0.45989904370386503, 0.07002451548451255, 0.12701353961435807, 0.3430629011972643], [0.09862325453530024, 0.5283719006401272, 0.11471685638963053, 0.25828798843494194], [0.17659824885038425, 0.347419183984628, 0.1656148453497376, 0.31036772181525024], [0.22079756546532087, 0.36957370407118967, 0.1598000486250804, 0.24982868183840926], [0.25709263119108616, 0.22521784115486002, 0.19267673059876922, 0.32501279705528485], [0.2880425005678829, 0.2695756005102387, 0.14616878992005874, 0.2962131090018197], [0.09041002213978616, 0.5484310201862724, 0.08668650677508771, 0.2744724508988537], [0.09063516030893426, 0.3828816138175571, 0.1529348617362814, 0.3735483641372273], [0.34442340224965473, 0.11527104232901302, 0.13225807646182225, 0.40804747895951], [0.2779086261281077, 0.4678553817191481, 0.07902121757284566, 0.17521477457989865], [0.568740154632463, 0.13071740736749377, 0.08931644186128594, 0.21122599613875745], [0.08179907662401556, 0.5931297096939563, 0.09678530258755637, 0.22828591109447166], [0.24415210039452206, 0.3093844270097377, 0.1101451631692783, 0.3363183094264621], [0.1418134175015756, 0.179132877329581, 0.15076688942451608, 0.5282868157443275], [0.12575726891756422, 0.17252121514214372, 0.4543335524850109, 0.24738796345528105], [0.20248567026677053, 0.522287177207766, 0.09595608866404676, 0.17927106386141692], [0.2060878641077, 0.2804654557569969, 0.14960406681452218, 0.363842613320781], [0.4655994526223477, 0.29718308962631096, 0.08602311033346172, 0.15119434741787977], [0.18135529319915533, 0.2576635167720451, 0.13032912704735272, 0.43065206298144687], [0.2725670298393661, 0.16364931999337623, 0.10296307737790589, 0.46082057278935173], [0.31967816496859275, 0.2316199441555991, 0.20034578602027295, 0.2483561048555351], [0.1803456564943088, 0.1801764724707847, 0.08675912079911294, 0.5527187502357936], [0.12818254371043222, 0.3592456620130593, 0.3411383779037713, 0.17143341637273724], [0.2477071684051127, 0.1850481943117261, 0.3145800512385234, 0.25266458604463793], [0.0880627708130892, 0.18575144860026788, 0.2848688665055428, 0.44131691408110013], [0.29057170533998117, 0.2997941272754369, 0.24773163197572035, 0.16190253540886163], [0.3351239702989362, 0.1945267428920386, 0.1888710460553122, 0.28147824075371297], [0.26721643126715455, 0.1843550643081987, 0.14442148064464785, 0.40400702377999875], [0.5381201521488548, 0.10916910194484848, 0.08770022726390586, 0.26501051864239067], [0.41191164206661673, 0.16504690707705835, 0.15625643362276648, 0.2667850172335585], [0.30663096584996063, 0.08698717376073349, 0.157213461410337, 0.44916839897896876], [0.35445024582436285, 0.23249252908860282, 0.2552772798864517, 0.1577799452005827], [0.3820294017436796, 0.15850585205470588, 0.11228032383937603, 0.34718442236223845], [0.0919153737054704, 0.4765960443875794, 0.13535940039817626, 0.29612918150877393], [0.27593398889167037, 0.28089575416606316, 0.2155748785017079, 0.22759537844055858], [0.09859177656306849, 0.43620189742611015, 0.046421779662552315, 0.41878454634826906], [0.2240211079273098, 0.3290299475042186, 0.13208754205659756, 0.31486140251187406], [0.14596489396095208, 0.23552088679127706, 0.48762337833707464, 0.1308908409106962], [0.3946984919311307, 0.2266491493899813, 0.13096561254430356, 0.2476867461345844], [0.1912400453674236, 0.25824558575287754, 0.22819604142476405, 0.3223183274549348], [0.34091048765715326, 0.21174046472328933, 0.10209007028475574, 0.34525897733480176], [0.376095731403504, 0.2191346231303208, 0.12702841383112995, 0.2777412316350453], [0.28678965048880023, 0.06282601445373141, 0.45397276263542846, 0.19641157242203988], [0.3271565245681217, 0.27892762304546226, 0.13972410046442624, 0.25419175192198973], [0.18189170416511058, 0.1501754512193324, 0.1625231115308018, 0.5054097330847553], [0.44708106203857806, 0.15544483177884874, 0.1687018829307439, 0.2287722232518292], [0.3291504411874729, 0.1404762426555599, 0.1446966624078195, 0.3856766537491476], [0.45421824110674824, 0.18226958583372743, 0.11205843362975501, 0.2514537394297694], [0.09603574771514631, 0.23542529230845038, 0.4600908116167791, 0.20844814835962416], [0.3931277095445493, 0.17126567957595526, 0.23555120486937695, 0.20005540601011856], [0.4984084798780251, 0.1276399129584142, 0.1901671572829088, 0.18378444988065182], [0.2127851220455564, 0.17552980018862296, 0.14081147056132032, 0.4708736072045005], [0.10185694666257496, 0.6515492250536127, 0.04414779388677729, 0.20244603439703504], [0.3288700471318391, 0.20039802091224534, 0.24820526616584762, 0.22252666579006808], [0.3573618113721467, 0.24734889195829213, 0.09639111095091057, 0.2988981857186507], [0.21955077787990682, 0.16775579892366757, 0.3862675117252664, 0.22642591147115934], [0.2316542302731373, 0.32078035639208974, 0.20714110226772162, 0.24042431106705148], [0.33271414148516576, 0.27264128941462346, 0.13998537950603404, 0.25465918959417677], [0.25435329289034986, 0.38034352554280376, 0.14204582647589842, 0.223257355090948], [0.7098245545391301, 0.18520971169860045, 0.03209539055436144, 0.07287034320790804], [0.2389773144387732, 0.2695327608089306, 0.09687761895466421, 0.3946123057976321], [0.28657603641805957, 0.25771642147468343, 0.0820232771204115, 0.37368426498684565], [0.2541459077584586, 0.16172049027209612, 0.22249159975591445, 0.36164200221353093], [0.24467170045372197, 0.2069811485861612, 0.39750814903961873, 0.15083900192049818], [0.19170752767139176, 0.3103094271057949, 0.11458481055978162, 0.38339823466303175], [0.21426096608036502, 0.2713811530388596, 0.317578868495117, 0.1967790123856585], [0.14930348501258645, 0.47143317709226007, 0.25404314526845934, 0.12522019262669434], [0.14841074376890243, 0.24139190216074652, 0.358685472257457, 0.2515118818128943], [0.3518016127069188, 0.1269665593170926, 0.05743393473501004, 0.4637978932409784], [0.10841979526868681, 0.22037080798682607, 0.08526425955925969, 0.5859451371852276], [0.15189274932865085, 0.37775018570160274, 0.18523176367551752, 0.2851253012942289], [0.24715468854748077, 0.15132112959675897, 0.09335387176554186, 0.5081703100902183], [0.3295643889984352, 0.3788900339159111, 0.10573184623325774, 0.18581373085239605], [0.17878940637588223, 0.1877728335611963, 0.08877155323641549, 0.5446662068265059], [0.4161485516523049, 0.12585574492643956, 0.09974262196798703, 0.35825308145326845], [0.12534747223073323, 0.37463434258037787, 0.30971882632659914, 0.19029935886228982], [0.2247282399735863, 0.2930865174297558, 0.19839173068417829, 0.2837935119124796], [0.40985697549204336, 0.22297453267708367, 0.18170896838386938, 0.18545952344700375], [0.224710404024649, 0.2894113166608146, 0.1681723468005145, 0.31770593251402185], [0.18656171828759457, 0.19093011063626866, 0.3367016908818546, 0.28580648019428234]]}}