{"test": {"ids": ["113122430", "112121360", "107113180", "102110750", "98107010", "104113550", "106116120", "105115250", "109114720", "113122170", "97105960", "99108330", "97107040", "104111880", "111116530", "103111930", "108114670", "98121790", "100109000", "108115070", "110114950", "107114621", "109121351", "113122160", "97106000", "101113210", "109116040", "98107380", "112117580", "110118880", "97105580", "106119580", "109113281", "97113260", "99107300", "111118810", "110118740", "98120010", "105111990", "105113170", "105113330", "106120640", "104117200", "110120560", "111120540", "113121010", "108120060", "104113000", "107118780", "108114200", "110120190", "102112250", "99110050", "111117571", "112121410", "108121190", "112120990", "98109311", "99111440", "111118301", "107114490", "107121540", "101112160", "100109910", "105113440", "109113591", "110114610", "105116090", "104113380", "98119591", "110120531", "106115250", "112116501", "112117431", "111121351", "108115500", "107119950", "102118380", "103113170", "101114990", "105110091", "104111830", "104114410", "104113190", "102113210", "101112201", "113118620", "110114321", "103113210", "108118520", "98108520", "99108580", "108117451", "110118161", "107114140", "112116540", "105118230", "108118060", "109118231", "104113170", "113119700", "108113760", "104112470", "108119330", "102121700", "98107340", "103110100", "112118421", "112116900", "100111380", "99108310", "113122320", "105117200", "113120280", "101114020", "111116110", "98109570", "113117401", "106113170", "111119430", "98106560", "105115380", "106118520", "112116850", "97113900", "104116441", "112118511", "107113360", "110118121", "111120320", "102110240", "104117630", "105115570", "110115890", "97118210", "106114321", "110118450", "110121500", "111116990", "111119150", "112119930", "105116980"], "labels": [2, 3, 3, 1, 3, 1, 1, 2, 0, 1, 2, 1, 2, 3, 3, 3, 3, 2, 1, 1, 0, 0, 0, 3, 0, 3, 0, 1, 0, 0, 1, 3, 0, 1, 3, 0, 3, 2, 2, 0, 3, 3, 3, 0, 1, 2, 1, 1, 1, 0, 3, 0, 3, 3, 0, 1, 2, 1, 3, 3, 3, 2, 3, 2, 0, 3, 1, 1, 1, 1, 0, 2, 3, 0, 0, 3, 3, 1, 3, 3, 0, 3, 1, 3, 3, 0, 3, 1, 3, 0, 2, 0, 2, 0, 2, 1, 1, 1, 1, 3, 0, 1, 1, 0, 1, 0, 1, 3, 3, 3, 2, 1, 3, 0, 3, 3, 1, 3, 0, 3, 1, 1, 2, 0, 2, 1, 1, 0, 3, 1, 3, 0, 0, 2, 2, 2, 0, 3, 0, 3, 1, 0], "predicted_labels": [1, 0, 2, 1, 3, 0, 3, 2, 2, 1, 2, 1, 2, 3, 1, 1, 0, 3, 2, 0, 3, 1, 0, 1, 1, 3, 1, 2, 2, 3, 1, 1, 0, 1, 1, 3, 0, 3, 1, 1, 3, 1, 3, 2, 1, 1, 1, 1, 3, 1, 1, 2, 1, 1, 1, 1, 0, 3, 3, 3, 2, 3, 2, 3, 1, 1, 1, 2, 1, 2, 3, 1, 1, 1, 3, 1, 0, 0, 1, 1, 1, 3, 0, 2, 3, 0, 1, 0, 0, 1, 1, 1, 0, 1, 1, 0, 1, 3, 3, 3, 1, 0, 1, 2, 0, 2, 3, 1, 3, 1, 1, 1, 2, 2, 2, 3, 3, 0, 1, 3, 0, 1, 3, 3, 1, 1, 3, 0, 3, 0, 1, 1, 3, 3, 2, 1, 1, 0, 3, 3, 3, 3], "confidence_scores": [[0.13165903250891578, 0.5148598371474465, 0.17628171224076694, 0.17719941810287076], [0.39011650831435185, 0.20137562335333523, 0.14413083291478293, 0.26437703541753005], [0.20407036326035533, 0.2608513020938024, 0.4082922879257849, 0.12678604672005728], [0.21834213220989007, 0.3493361137698309, 0.1998186958611129, 0.2325030581591661], [0.14268635780916467, 0.3383733754551009, 0.1640138441935089, 0.3549264225422258], [0.3961603923856888, 0.20072629291494992, 0.14552491871504675, 0.2575883959843146], [0.2803982166208251, 0.16160395056038018, 0.1121962693314442, 0.44580156348735056], [0.1954046653988305, 0.2784581030148947, 0.35635870292642224, 0.1697785286598527], [0.22936381343771886, 0.16329532781978867, 0.4009377660034429, 0.20640309273904955], [0.13729720881322935, 0.5333449959252489, 0.11799087341208303, 0.21136692184943878], [0.10586059341769465, 0.09829182836156841, 0.6728896313239524, 0.12295794689678455], [0.1669451154718845, 0.3818864223364141, 0.19197567099069274, 0.2591927912010088], [0.1141756722676041, 0.12441117523797005, 0.5543504910883061, 0.20706266140611956], [0.21255168172226482, 0.2940173291758382, 0.17710578487401987, 0.31632520422787713], [0.1648181544993761, 0.6474517636526393, 0.07381110912389298, 0.11391897272409167], [0.24254569249640456, 0.40013161566550887, 0.18372095559246499, 0.1736017362456216], [0.32345064520089417, 0.2765288012293542, 0.13541759776024354, 0.26460295580950816], [0.19652266571448126, 0.2627717764487549, 0.20966800980438163, 0.3310375480323824], [0.2620858162167408, 0.24509469136383782, 0.3129343389818061, 0.17988515343761532], [0.5909294279062619, 0.18569105201118502, 0.11986881909676239, 0.10351070098579074], [0.2056729839523145, 0.3139784843768399, 0.1258529716122487, 0.354495560058597], [0.23958062536478333, 0.292896124195801, 0.19473963199200928, 0.27278361844740656], [0.40180850881830565, 0.20552459292867467, 0.0943531301099032, 0.2983137681431164], [0.21757078451865072, 0.32013723462159416, 0.2996301917156117, 0.16266178914414348], [0.26552900751180847, 0.3332687959134813, 0.17182008540028446, 0.2293821111744259], [0.20678120575351366, 0.31114003327538975, 0.15179922994517683, 0.33027953102591984], [0.2753120280548788, 0.2753339760961694, 0.24327144248789984, 0.2060825533610521], [0.25358182071843954, 0.21477639065409843, 0.3059167217072809, 0.22572506692018113], [0.21113649956880637, 0.2552166947252657, 0.26875395712756384, 0.2648928485783641], [0.23150442981383973, 0.20827306850672064, 0.11537781758391127, 0.44484468409552835], [0.16558292375916853, 0.435402934677447, 0.18699834662763218, 0.21201579493575215], [0.21755292982943988, 0.39115421095878666, 0.16516269061984293, 0.22613016859193052], [0.5105404073380339, 0.15727321878803618, 0.16730314945084854, 0.16488322442308156], [0.263797974291521, 0.30910660108431903, 0.24135283954832962, 0.18574258507583047], [0.30753957128326403, 0.43999691631563853, 0.06737371809589435, 0.1850897943052032], [0.2467191252755968, 0.19278370603691095, 0.11934854468198094, 0.44114862400551147], [0.45039326778514593, 0.1779346190116736, 0.12636683607163082, 0.2453052771315497], [0.1898851727301694, 0.25698836738365577, 0.2471842765259767, 0.30594218336019813], [0.22087391769976328, 0.37410019228411906, 0.1636392371559, 0.2413866528602176], [0.1771986788584231, 0.41030948565510783, 0.10847161455998813, 0.3040202209264809], [0.2864433246916296, 0.09605697915238871, 0.21471771098686004, 0.40278198516912167], [0.22434114696002352, 0.48382852021055245, 0.09802992380922872, 0.19380040902019538], [0.1656837203317807, 0.16926721419456703, 0.19044113593692377, 0.4746079295367285], [0.2855871457708177, 0.18548937646171443, 0.3332196828400743, 0.19570379492739376], [0.25947246099375854, 0.4359146985903621, 0.15376230689581527, 0.15085053352006406], [0.1753084368006546, 0.407147444782384, 0.25157927720916773, 0.16596484120779373], [0.14103332579309796, 0.4859187779166175, 0.09822297106242475, 0.2748249252278599], [0.15070117357373386, 0.36857988659535285, 0.22423207250436714, 0.25648686732654646], [0.23181415200307004, 0.27805610704337275, 0.18698216939645676, 0.30314757155710054], [0.1682523940181488, 0.586047249441, 0.09463081763585023, 0.15106953890500124], [0.11090524329286172, 0.5590862494756975, 0.05379530777905268, 0.2762131994523881], [0.14616813865665204, 0.13642176497096262, 0.4839162318239452, 0.2334938645484401], [0.24428681381028258, 0.275851056992828, 0.20688749909844112, 0.2729746300984482], [0.17189050507465767, 0.3415755607743322, 0.151281377360787, 0.33525255679022303], [0.2565098289979632, 0.38757466962686243, 0.1764163221958494, 0.179499179179325], [0.24609259361197286, 0.4253396182405203, 0.21882538435494817, 0.10974240379255877], [0.3921958467025607, 0.18221680030054935, 0.11565395699664932, 0.30993339600024067], [0.19408208806546706, 0.2602824165683244, 0.20754682797268786, 0.3380886673935206], [0.26093441607410284, 0.2332532115838791, 0.15692226073505014, 0.34889011160696776], [0.2864183256084729, 0.21124070254096905, 0.11016614281955148, 0.3921748290310067], [0.1957216617253815, 0.16602037488683033, 0.37760550936415166, 0.2606524540236365], [0.25545199565033666, 0.23869637218788245, 0.16187273723395926, 0.3439788949278216], [0.09209676396613056, 0.09597232007756645, 0.5963227343900251, 0.21560818156627776], [0.25204023803841474, 0.1530504193065506, 0.19705898761943139, 0.397850355035603], [0.24090264845794224, 0.32776930773245283, 0.1693960617860054, 0.2619319820235996], [0.22856352498840873, 0.29764930803332323, 0.20864862941781775, 0.2651385375604502], [0.12997305597826803, 0.5928557316617765, 0.1355493738325403, 0.14162183852741533], [0.2179389431414755, 0.22539893689122031, 0.34327134670606024, 0.21339077326124375], [0.11502113627559257, 0.37949357386444976, 0.31005420767206987, 0.19543108218788782], [0.2471542446584208, 0.24633667363915807, 0.3381735540771663, 0.1683355276252548], [0.16225926224468484, 0.344143757813345, 0.1263232950845971, 0.36727368485737333], [0.15482725780371095, 0.42949511697055737, 0.18436200810647502, 0.23131561711925677], [0.23057110686724738, 0.5409958356911256, 0.0801675954195812, 0.14826546202204577], [0.29626802998451995, 0.37366188207085166, 0.11885388679228713, 0.21121620115234124], [0.2827167523351263, 0.20917852626844596, 0.15562780097368653, 0.35247692042274137], [0.2156240090046431, 0.44764925272990996, 0.1672608334107755, 0.1694659048546714], [0.41707624577614427, 0.23619033288038757, 0.1480622164516871, 0.19867120489178108], [0.37164573244961097, 0.22553459464996636, 0.15895943743873567, 0.2438602354616871], [0.19719429704212044, 0.38693739416691664, 0.20972729558675793, 0.20614101320420505], [0.22572350551328912, 0.5739619567818052, 0.12011469110451892, 0.08019984660038676], [0.17755979312325387, 0.3446521486283095, 0.2310245373496261, 0.2467635208988103], [0.23768332193612135, 0.12424425100632815, 0.2106775515809995, 0.42739487547655114], [0.4426797052936936, 0.11645547546302519, 0.12031025195550753, 0.3205545672877737], [0.15485328935992357, 0.15831371645994968, 0.4170416655137839, 0.26979132866634276], [0.2481684501405747, 0.3140597029055521, 0.11336417195583658, 0.3244076749980368], [0.396812728050813, 0.21823828778871981, 0.12181156432951852, 0.26313741983094874], [0.2925748026399146, 0.39291498078906517, 0.14435651618063305, 0.17015370039038713], [0.3618460811333005, 0.3172740238277161, 0.08935006810066996, 0.23152982693831348], [0.32970868167530976, 0.24111729661756132, 0.2882059787508231, 0.14096804295630588], [0.16393126587474766, 0.3651045934922422, 0.21140011028069833, 0.2595640303523118], [0.28442060728929613, 0.3813959632942368, 0.12401144842715286, 0.2101719809893143], [0.18986238937502165, 0.38211494024364934, 0.2978322143331467, 0.13019045604818247], [0.33748399273503643, 0.2464675345554927, 0.16479848436226108, 0.2512499883472098], [0.13363829179299133, 0.37559823620656696, 0.1500613758989733, 0.34070209610146845], [0.15814665072237483, 0.33594621925650225, 0.23100145627214141, 0.27490567374898167], [0.44353872376392584, 0.3248704835325497, 0.09476326964054908, 0.13682752306297546], [0.2079724264002427, 0.42969640925180397, 0.13370084765062637, 0.22863031669732692], [0.25556958898141846, 0.2786199469520835, 0.10535047587824065, 0.3604599881882576], [0.2069245084948456, 0.2969777258001224, 0.1213701376596888, 0.3747276280453434], [0.1440074630871854, 0.25457002508600624, 0.25665512432839427, 0.3447673874984141], [0.21696909321506408, 0.3878625471064576, 0.1628630902981143, 0.23230526938036403], [0.29219833422627844, 0.22284066865849983, 0.2702510124616738, 0.21470998465354799], [0.11145262399808084, 0.527126361460726, 0.1667821779378505, 0.19463883660334258], [0.14086899730781724, 0.09940667717597651, 0.4732004506080844, 0.2865238749081217], [0.3435935048268526, 0.29639951161346567, 0.14829586828805466, 0.21171111527162706], [0.18618220387451045, 0.26573411636684025, 0.2787038298261784, 0.2693798499324709], [0.18286046633375705, 0.1413390533373856, 0.26162805137190853, 0.41417242895694883], [0.2947176736357506, 0.32045741964262037, 0.10953290082664084, 0.27529200589498815], [0.2925379597109007, 0.10828551242408262, 0.1986083357455339, 0.40056819211948275], [0.26659085324255627, 0.35930279540143495, 0.12909270632623812, 0.24501364502977088], [0.13112287806026426, 0.44200707880289225, 0.13457955388509638, 0.29229048925174705], [0.26392576769715104, 0.334104517718517, 0.10013814358377646, 0.3018315710005555], [0.09645555039848518, 0.22764294610893204, 0.450013801705929, 0.22588770178665374], [0.20020950346886157, 0.1636130953699446, 0.3313519319581848, 0.30482546920300907], [0.19869271259771448, 0.14744781379331884, 0.41788418915353515, 0.23597528445543142], [0.31467580754217417, 0.20894825208472073, 0.1442019073442335, 0.33217403302887166], [0.16454227129517704, 0.3337195922644801, 0.09467255536898357, 0.4070655810713593], [0.3700217779000054, 0.2769988364522886, 0.12018342902328855, 0.23279595662441743], [0.16267319707866376, 0.5038966317484099, 0.24191101140192434, 0.09151915977100182], [0.12665104816320902, 0.23344324596132132, 0.14190097665346935, 0.4980047292220006], [0.2727021489710425, 0.2418056136148425, 0.24208797290018694, 0.24340426451392813], [0.2345460732577368, 0.2813227854521952, 0.22534450593853103, 0.25878663535153706], [0.2836682061318516, 0.2994781803271136, 0.10019976952169043, 0.31665384401934443], [0.1337707135623912, 0.21299556377698783, 0.09983544953650367, 0.5533982731241173], [0.270638973567243, 0.32923841641164825, 0.17676300443147028, 0.2233596055896385], [0.25899514723060474, 0.42567248157315285, 0.10549557125187825, 0.20983679994436413], [0.13380854230407416, 0.3409665651017407, 0.1072724461276352, 0.41795244646654983], [0.45893394139519683, 0.23142252430622987, 0.09431098777553704, 0.21533254652303618], [0.2002511916626973, 0.1856076955896579, 0.07576412078593509, 0.5383769919617097], [0.5028635299393446, 0.19610269824546572, 0.09097845563367428, 0.21005531618151543], [0.2990130974687917, 0.352587518070867, 0.20492772815122046, 0.14347165630912076], [0.25149086083880273, 0.3286650659729266, 0.2546934245271743, 0.16515064866109638], [0.14029670484293158, 0.21086672943258863, 0.17275535224235714, 0.47608121348212273], [0.14934332274300535, 0.3051103299271977, 0.22125644385232238, 0.32428990347747455], [0.2198339190906546, 0.12827166493752812, 0.4947203275038755, 0.15717408846794179], [0.19466163707654854, 0.42143688170789134, 0.10673878596993255, 0.27716269524562764], [0.1495330976511315, 0.32961806146690065, 0.28018928432364454, 0.2406595565583234], [0.34205725367150897, 0.13671018286122696, 0.26507723461671895, 0.256155328850545], [0.18318707181559027, 0.21827065676847174, 0.17175125022129953, 0.42679102119463863], [0.2828660262278339, 0.2942447286555349, 0.10998528860503796, 0.31290395651159336], [0.29487254704569865, 0.24443987244240653, 0.15935788968230633, 0.3013296908295885], [0.2143804243040675, 0.18836259991598936, 0.1266116788156735, 0.4706452969642696]]}, "rewritten": {"ids": ["97105580", "97105960", "97106000", "97107040", "97113260", "97113900", "97118210", "98106560", "98107010", "98107340", "98107380", "98108520", "98109311", "98109570", "98119591", "98120010", "98121790", "99107300", "99108310", "99108330", "99108580", "99110050", "99111440", "100109000", "100109910", "100111380", "101112160", "101112201", "101113210", "101114020", "101114990", "102110240", "102110750", "102112250", "102113210", "102118380", "102121700", "103110100", "103111930", "103113170", "103113210", "104111830", "104111880", "104112470", "104113000", "104113170", "104113190", "104113380", "104113550", "104114410", "104116441", "104117200", "104117630", "105110091", "105111990", "105113170", "105113330", "105113440", "105115250", "105115380", "105115570", "105116090", "105116980", "105117200", "105118230", "106113170", "106114321", "106115250", "106116120", "106118520", "106119580", "106120640", "107113180", "107113360", "107114140", "107114490", "107114621", "107118780", "107119950", "107121540", "108113760", "108114200", "108114670", "108115070", "108115500", "108117451", "108118060", "108118520", "108119330", "108120060", "108121190", "109113281", "109113591", "109114720", "109116040", "109118231", "109121351", "110114321", "110114610", "110114950", "110115890", "110118121", "110118161", "110118450", "110118740", "110118880", "110120190", "110120531", "110120560", "110121500", "111116110", "111116530", "111116990", "111117571", "111118301", "111118810", "111119150", "111119430", "111120320", "111120540", "111121351", "112116501", "112116540", "112116850", "112116900", "112117431", "112117580", "112118421", "112118511", "112119930", "112120990", "112121360", "112121410", "113117401", "113118620", "113119700", "113120280", "113121010", "113122160", "113122170", "113122320", "113122430"], "labels": [1, 2, 0, 2, 1, 2, 2, 1, 3, 0, 1, 2, 1, 1, 1, 2, 2, 3, 2, 1, 0, 3, 3, 1, 2, 3, 3, 0, 3, 3, 3, 3, 1, 0, 3, 1, 1, 1, 3, 3, 3, 3, 3, 1, 1, 3, 3, 1, 1, 1, 1, 3, 0, 0, 2, 0, 3, 0, 2, 1, 0, 1, 0, 3, 1, 0, 2, 2, 1, 2, 3, 3, 3, 0, 2, 3, 0, 1, 3, 2, 1, 0, 3, 1, 3, 2, 1, 0, 0, 1, 1, 0, 3, 0, 0, 1, 0, 1, 1, 0, 2, 3, 0, 0, 3, 0, 3, 0, 0, 3, 3, 3, 0, 3, 3, 0, 3, 3, 1, 1, 0, 3, 1, 0, 3, 0, 0, 3, 1, 1, 2, 3, 0, 3, 3, 0, 0, 2, 3, 1, 1, 2], "predicted_labels": [1, 2, 1, 2, 1, 1, 3, 1, 3, 3, 3, 0, 1, 3, 1, 2, 0, 0, 1, 1, 1, 1, 2, 1, 2, 1, 3, 1, 1, 3, 1, 0, 1, 2, 0, 0, 0, 3, 0, 1, 1, 3, 3, 2, 3, 3, 0, 1, 0, 0, 3, 3, 2, 1, 1, 1, 3, 3, 1, 3, 3, 2, 1, 2, 3, 1, 3, 1, 3, 0, 1, 1, 1, 0, 1, 3, 1, 3, 0, 3, 3, 1, 1, 1, 3, 3, 2, 1, 2, 3, 1, 0, 3, 3, 1, 1, 0, 3, 1, 3, 1, 3, 3, 3, 0, 3, 1, 3, 2, 3, 2, 1, 0, 1, 3, 3, 1, 3, 0, 0, 3, 1, 1, 3, 0, 1, 1, 0, 3, 1, 3, 0, 1, 0, 1, 1, 3, 1, 0, 1, 1, 1], "confidence_scores": [[0.1793260938675346, 0.3365725713238229, 0.22025353032415426, 0.26384780448448836], [0.27977876945563884, 0.2225608595832643, 0.31588675966105034, 0.1817736113000465], [0.29338998671731764, 0.37027679747402575, 0.14376185649568246, 0.19257135931297428], [0.1294491722801757, 0.24651368286538658, 0.4554350411555172, 0.16860210369892073], [0.20566973732856222, 0.3191155655019143, 0.2627608843087441, 0.21245381286077936], [0.1359444062697331, 0.3661264274585955, 0.3193671795598278, 0.17856198671184356], [0.2863224943545202, 0.2166136843735426, 0.18736865800527266, 0.3096951632666647], [0.19163205898514876, 0.3703416218127905, 0.18761872040163086, 0.25040759880042995], [0.21085452251507242, 0.2408641733165074, 0.17836581584337508, 0.3699154883250453], [0.2795803238857941, 0.25936333129096045, 0.17628947022865674, 0.2847668745945886], [0.23546569030324283, 0.20447106826602535, 0.20626701570883338, 0.3537962257218985], [0.3822996190646683, 0.19275489641735746, 0.147255283436654, 0.27769020108132036], [0.2217393745561479, 0.3711496070161231, 0.18327626253394871, 0.22383475589378038], [0.16228265201475234, 0.29777927274651883, 0.12861364659289837, 0.41132442864583046], [0.3145504720036013, 0.31494300578520656, 0.21147525344507714, 0.15903126876611492], [0.20311798678242693, 0.23951556024300938, 0.3453888123245367, 0.21197764065002717], [0.3016645957133118, 0.29242253970599225, 0.13209814601009123, 0.27381471857060485], [0.38673792318482947, 0.21518345042271952, 0.12789363997771191, 0.27018498641473915], [0.12936344787503035, 0.4256839521899141, 0.1901881794896531, 0.2547644204454024], [0.22655328402068647, 0.3658682500486689, 0.16045815630045357, 0.2471203096301912], [0.24576302286292115, 0.3056860569332116, 0.2339960146460392, 0.21455490555782822], [0.15414362097410633, 0.37980638682817325, 0.19535588394138115, 0.2706941082563393], [0.24031278287295357, 0.24070759885176532, 0.279430412963527, 0.2395492053117544], [0.2431258811629651, 0.3859335149380368, 0.1562401394694551, 0.21470046442954316], [0.2511534610926476, 0.14441087256032833, 0.3222769484477319, 0.28215871789929237], [0.24973817052717262, 0.3502067738555817, 0.15111958685198149, 0.24893546876526426], [0.23789293690001384, 0.24226377177574449, 0.21344855693657017, 0.3063947343876717], [0.249588405589179, 0.3736446164615149, 0.1829495350010321, 0.19381744294827416], [0.26982128467664623, 0.3140122236398907, 0.22387226598185408, 0.19229422570160923], [0.21130915877222028, 0.2177871254973714, 0.159105350783002, 0.41179836494740635], [0.29568143531684576, 0.447662912600607, 0.13134590521216974, 0.12530974687037755], [0.30966247689766174, 0.23858092514205573, 0.17768931708595467, 0.27406728087432797], [0.2560647465702614, 0.37914504751495387, 0.19614106382410498, 0.16864914209068005], [0.17603733491072598, 0.23359171587881128, 0.46456558112806934, 0.1258053680823935], [0.31762538098747095, 0.27883581316219647, 0.10051316307590931, 0.3030256427744234], [0.3490781491206397, 0.2616877758366735, 0.155200432252584, 0.2340336427901027], [0.509511522674957, 0.1938660310247259, 0.1572587166074387, 0.13936372969287836], [0.30071027209311624, 0.21733754164479627, 0.07485587611643035, 0.40709631014565717], [0.34131050760105813, 0.30250242637570307, 0.13504084178622178, 0.22114622423701674], [0.21372144562761047, 0.35443352044419785, 0.191940751339924, 0.23990428258826788], [0.172482165841662, 0.364705731393798, 0.1512893129454665, 0.3115227898190738], [0.1839759892100073, 0.14014888632893877, 0.19596670726757903, 0.47990841719347493], [0.11558355573499624, 0.17542050685024826, 0.26725604018588406, 0.44173989722887147], [0.08519222000718839, 0.19366106712048187, 0.40798090537036485, 0.3131658075019648], [0.15789619670419475, 0.27135757848558384, 0.08633463187847606, 0.48441159293174535], [0.14545500125298358, 0.34527737304843426, 0.1577006266469461, 0.3515669990516361], [0.37136713725717563, 0.1425881768941108, 0.2874275130953953, 0.19861717275331847], [0.21205219404046358, 0.42266846679122755, 0.15218759021146377, 0.21309174895684518], [0.343895310369748, 0.245963880980752, 0.18234942299581375, 0.2277913856536863], [0.38678923391798314, 0.12653256228198992, 0.11133527009191758, 0.37534293370810934], [0.26814877411404187, 0.2303413716614034, 0.1442826472563545, 0.35722720696820026], [0.3173460717492929, 0.18568789568313676, 0.17809599766470238, 0.31887003490286797], [0.15775462017572936, 0.2787435900736118, 0.3285418284598976, 0.23495996129076124], [0.21676979905161864, 0.4193871349492182, 0.12233501256922387, 0.24150805342993942], [0.19417543249676278, 0.4470470976054791, 0.15190624080247248, 0.20687122909528569], [0.3107486436023342, 0.3176900285907454, 0.08870005424735558, 0.28286127355956475], [0.2248173272148851, 0.1315083507980372, 0.14120518299094678, 0.5024691389961311], [0.23366986133036993, 0.22729870590089796, 0.25980850062270056, 0.27922293214603155], [0.13951182285649377, 0.4667062293452481, 0.17235817499708497, 0.22142377280117337], [0.28020677606920824, 0.235517764240269, 0.16944149820707166, 0.31483396148345116], [0.1624583608030169, 0.3065623261938409, 0.1652302308658837, 0.3657490821372585], [0.19906101919125882, 0.2422502518605365, 0.3782342780297083, 0.18045445091849635], [0.1956620938253163, 0.33150034862678757, 0.1427157167298179, 0.3301218408180783], [0.23537364316674075, 0.2617361119530134, 0.3500701339223477, 0.15282011095789802], [0.2212466693994414, 0.18501630287956455, 0.1357073209154802, 0.4580297068055139], [0.21618650568941997, 0.5307441557654007, 0.11815615920831077, 0.13491317933686858], [0.2166663385850901, 0.2372686096035124, 0.1305244102395257, 0.4155406415718716], [0.12715254707136786, 0.4465507064135814, 0.10836063161088862, 0.31793611490416207], [0.26073302100467605, 0.2111475781242333, 0.20028299261876953, 0.3278364082523212], [0.4678643624054998, 0.22781982844832047, 0.057808698308508905, 0.24650711083767082], [0.18886876238714437, 0.3398910888903471, 0.27679027367801884, 0.19444987504448966], [0.13394920322618334, 0.5110667749098998, 0.10348542726386392, 0.25149859460005286], [0.19530492834040206, 0.41101067287179277, 0.20941080001095363, 0.1842735987768515], [0.38894903126407904, 0.17565541600509435, 0.06153822245015058, 0.3738573302806761], [0.1438769793527812, 0.482896942432661, 0.11537446097275661, 0.2578516172418012], [0.18257821298199436, 0.21632695699156304, 0.2706593687358202, 0.3304354612906226], [0.3163390287913744, 0.3405566228117606, 0.1223875197987241, 0.22071682859814098], [0.15930889989128622, 0.23296144494395438, 0.18755066981899676, 0.4201789853457627], [0.4557650866337114, 0.2230026731333681, 0.1709315932426734, 0.15030064699024717], [0.22333393780367164, 0.19892416133326088, 0.17485141516879438, 0.4028904856942731], [0.2215336947867657, 0.14615287881004682, 0.2362815488349381, 0.3960318775682495], [0.2692405365948899, 0.36051177739833984, 0.12221884801732734, 0.24802883798944306], [0.2729623370147296, 0.3408394871571055, 0.1325227100096725, 0.25367546581849243], [0.3092659567797448, 0.3155110761375012, 0.1415709030567114, 0.23365206402604272], [0.3315009694931229, 0.23185564238427062, 0.09294711216173629, 0.34369627596087027], [0.30886524505005114, 0.23401936941896062, 0.12762338061817025, 0.3294920049128181], [0.19852882931139562, 0.2570669309563553, 0.2722943621743837, 0.2721098775578653], [0.17407996521429817, 0.32218194905653796, 0.29544387781379183, 0.20829420791537206], [0.15469036861653832, 0.12200276217237468, 0.3667345458395101, 0.356572323371577], [0.17161711342157246, 0.21315329493267715, 0.25918353700470126, 0.35604605464104916], [0.2576916033273101, 0.4840667817669599, 0.07330947333304809, 0.18493214157268198], [0.4791457370007469, 0.14122173288908782, 0.14296523009686624, 0.2366673000132989], [0.21544901835178787, 0.2531057479278393, 0.2579368227182251, 0.27350841100214796], [0.2362939365679809, 0.22607380206903, 0.23584202657068332, 0.30179023479230593], [0.16163484826942967, 0.37043754785455474, 0.24315132507403892, 0.2247762788019769], [0.2489549579703414, 0.38131646784599915, 0.13547812456198374, 0.2342504496216757], [0.3332763786098199, 0.30613650502619744, 0.08337422735758762, 0.277212889006395], [0.19725457142921463, 0.28975863365137, 0.11289577198353369, 0.40009102293588167], [0.11920327894838485, 0.5837793024589817, 0.16999982850889356, 0.12701759008373995], [0.20139949227620632, 0.19206263153911346, 0.1803116429821164, 0.4262262332025638], [0.1708066944269923, 0.3020534002822621, 0.2319507570721777, 0.29518914821856784], [0.25641201347032033, 0.21454571540597955, 0.11007358817836903, 0.4189686829453311], [0.12074937212132139, 0.26589659308317015, 0.11239532981573844, 0.50095870497977], [0.16326830849871335, 0.28514575465964437, 0.2517904477266458, 0.2997954891149966], [0.2908740662757284, 0.18828269233965528, 0.28550403366724814, 0.23533920771736822], [0.21884837635063398, 0.24228983711175986, 0.1317991587312064, 0.40706262780639985], [0.2070453459325808, 0.44546343603210026, 0.05514097803644107, 0.29235023999887794], [0.17720272678933174, 0.19663003900560833, 0.09448995964586451, 0.5316772745591953], [0.2625063210846045, 0.22584344350183208, 0.31349554407550845, 0.19815469133805502], [0.3010588563225314, 0.15516825707764909, 0.14561435788274646, 0.39815852871707297], [0.30047476639489457, 0.14455093894723425, 0.303282516887509, 0.2516917777703621], [0.22875819978340478, 0.47459065619047175, 0.17178973661783878, 0.12486140740828484], [0.3631589687898522, 0.1944172474499051, 0.18589124459848183, 0.25653253916176094], [0.1320422918917482, 0.4660861340955953, 0.07755539303179179, 0.32431618098086473], [0.28200224490365877, 0.21955571593825912, 0.13048961775659174, 0.3679524214014904], [0.24816890238658998, 0.13516908583024617, 0.06425610597807009, 0.5524059058050937], [0.2633241048129964, 0.33032975920272184, 0.12578518372776926, 0.2805609522565126], [0.21898865210863222, 0.2208169079376698, 0.13711785257880568, 0.42307658737489223], [0.41447333776843853, 0.24256887833015012, 0.08334330249464567, 0.2596144814067659], [0.40035564515870625, 0.2385940592119617, 0.14965249143941176, 0.21139780418992044], [0.23594179579948538, 0.28054908504799175, 0.12037688604935899, 0.3631322331031639], [0.2550948869781968, 0.3796324629757917, 0.12382428363488673, 0.2414483664111249], [0.3135640210305312, 0.3431772884467991, 0.20367954613024467, 0.13957914439242491], [0.2658368363509824, 0.19036604054645306, 0.1597590660679867, 0.38403805703457783], [0.40652611866886895, 0.19880591606420808, 0.14970009452129593, 0.244967870745627], [0.17776304375423632, 0.41537996806010713, 0.14918556255779822, 0.2576714256278584], [0.2266832602193067, 0.305922476482007, 0.1861981414984964, 0.2811961218001901], [0.3155769941718015, 0.225007796083032, 0.1978900334808913, 0.2615251762642751], [0.21108333837145885, 0.2123652803963615, 0.12915590026437543, 0.44739548096780446], [0.26737266866383047, 0.27745593311103245, 0.23354015394829, 0.22163124427684702], [0.3123999682697416, 0.21136851990201086, 0.11914222761142265, 0.35708928421682484], [0.3412976435694821, 0.17753504063480002, 0.2364321769658096, 0.24473513882990838], [0.1417554588132699, 0.4599951240703602, 0.17531780288569707, 0.22293161423067295], [0.43470268259091116, 0.2431670691024667, 0.13019924871769725, 0.19193099958892496], [0.2312074977747489, 0.3457170804708128, 0.18824388033190262, 0.23483154142253582], [0.19167588712710323, 0.3736246646774946, 0.14880191233775136, 0.2858975358576509], [0.1702839491434038, 0.24848708318923107, 0.26939263543352465, 0.3118363322338406], [0.12389316077991133, 0.46020388824720615, 0.1438809003337094, 0.27202205063917306], [0.3410885305546394, 0.31831119602849506, 0.16482017149170608, 0.17578010192515955], [0.1406357230712899, 0.38745795998309274, 0.28895088482298703, 0.18295543212263043], [0.21872598447526675, 0.33836224251287306, 0.1283013050818704, 0.31461046792999003], [0.14472851955578594, 0.3695956425942436, 0.1793905365970817, 0.3062853012528888]]}}