{"test": {"ids": ["111116290", "112117571", "109113881", "111120540", "108117610", "110113931", "106119260", "110117870", "110114610", "104113190", "112120640", "113121190", "108118060", "113122320", "112118550", "103109641", "113118630", "108114360", "113122220", "107114780", "106116441", "112116850", "112117580", "103120290", "109113591", "103113610", "107117010", "104116980", "106118520", "107114110", "107113180", "100109000", "111115910", "107113360", "111119340", "108114220", "100109330", "103111110", "106113190", "99111000", "108114040", "103120340", "101109120", "112121351", "111117200", "100116790", "109120540", "97105451", "111119930", "113120640", "101109370", "99108310", "110114720", "104114230", "107113200", "105113210", "113119930", "102109850", "99107640", "105111990", "99107500", "111121410", "108113760", "112119320", "104110960", "101108500", "113121410", "110114920", "107116501", "110115980", "107114321", "99117630", "105117431", "98108370", "113122170", "110119300", "113117550", "105113260", "98108410", "110120190", "100109801", "110115580", "108115500", "97106591", "98107210", "110120531", "101112160", "97113900", "110115120", "113118111", "97105580", "113119480", "104111620", "103113210", "111114121", "111120640", "99109780", "98107340", "100120010", "113121680", "111121220", "104111880", "113118810", "111121190", "97107920", "111119610", "111120220", "105118230", "113120830", "113117401", "105116650", "103111620", "106116820", "98109570", "107114950", "112121410", "111120280", "107114621", "107113260", "112116900", "108115250", "97110950", "107121540", "103110760", "110118450", "111118301", "112116880", "98107010", "112116610", "113118511", "105121370", "109114720", "97113260", "113119360", "99107300", "107118120", "110114321", "101119591", "99110050", "107114280", "97118210", "106115120"], "labels": [2, 3, 0, 1, 3, 1, 1, 3, 1, 3, 0, 1, 1, 1, 3, 1, 3, 1, 1, 2, 0, 0, 0, 2, 3, 2, 1, 1, 2, 1, 3, 1, 2, 0, 3, 3, 0, 3, 0, 2, 0, 1, 1, 0, 0, 2, 1, 0, 1, 0, 1, 2, 3, 2, 0, 3, 1, 1, 1, 2, 0, 0, 1, 1, 2, 3, 0, 3, 1, 1, 0, 3, 1, 1, 1, 1, 3, 3, 1, 3, 0, 1, 3, 1, 1, 0, 3, 2, 0, 1, 1, 3, 0, 3, 0, 0, 2, 0, 0, 1, 3, 3, 3, 1, 0, 2, 3, 1, 3, 3, 1, 0, 1, 1, 3, 0, 0, 0, 0, 3, 1, 3, 2, 1, 0, 3, 0, 3, 1, 1, 2, 0, 1, 0, 3, 3, 1, 0, 3, 3, 2, 1], "predicted_labels": [0, 1, 0, 1, 3, 0, 3, 3, 1, 1, 0, 3, 3, 3, 0, 1, 1, 1, 1, 1, 3, 3, 3, 1, 1, 2, 1, 1, 2, 3, 1, 3, 1, 0, 3, 0, 1, 3, 3, 3, 2, 2, 0, 1, 0, 1, 1, 1, 3, 3, 2, 1, 1, 3, 3, 0, 1, 2, 3, 1, 1, 1, 1, 1, 3, 2, 3, 1, 3, 3, 1, 3, 1, 3, 2, 1, 3, 1, 1, 3, 3, 1, 1, 1, 3, 0, 1, 0, 3, 3, 1, 3, 0, 3, 0, 1, 1, 2, 3, 3, 1, 3, 1, 0, 0, 2, 1, 1, 0, 3, 2, 3, 1, 1, 3, 3, 3, 3, 3, 1, 3, 0, 2, 3, 1, 0, 1, 3, 0, 1, 1, 3, 3, 3, 3, 3, 1, 3, 3, 1, 0, 3], "confidence_scores": [[0.27531854832224817, 0.0792401978117265, 0.47848042783108347, 0.1669608260349417], [0.0812777883499661, 0.5304653847316585, 0.11632179070783925, 0.2719350362105362], [0.7856411622219107, 0.08791444445443061, 0.114182096067216, 0.012262297256442312], [0.14659577307352828, 0.8304052744089325, 0.012443013632688873, 0.010555938884850367], [0.030700576221766144, 0.23045811136986633, 0.13528839174347032, 0.603552920664897], [0.5855319277749568, 0.16661649018382443, 0.055832860016589596, 0.19201872202462897], [0.25493183328520896, 0.017949893385985724, 0.24059329954373643, 0.48652497378506915], [0.2552732642918327, 0.10682626916036446, 0.12257037446528257, 0.5153300920825203], [0.27720874157062975, 0.3690673544178039, 0.28295186018394025, 0.07077204382762632], [0.04059117183461644, 0.6808997852259514, 0.03311988348056951, 0.24538915945886272], [0.8716672697589947, 0.029073031520639676, 0.014621566305468674, 0.08463813241489683], [0.07931478735794865, 0.41737265128982465, 0.0730680609936956, 0.43024450035853096], [0.2870357190590676, 0.09277450948486374, 0.10705016581123972, 0.5131396056448291], [0.07853616406602436, 0.22824116944660577, 0.2939882234242569, 0.3992344430631128], [0.7227023730678215, 0.1475857488540877, 0.038208369414329736, 0.0915035086637611], [0.12652587541751534, 0.361887730135025, 0.3035294527373659, 0.20805694171009356], [0.00842361699797308, 0.5042014202284025, 0.3130810304338505, 0.1742939323397736], [0.13534797203848375, 0.3068576968162178, 0.3970300146198255, 0.1607643165254727], [0.11083021372372417, 0.7544183534445901, 0.0375574703302802, 0.09719396250140563], [0.018064286545982834, 0.8352936447415061, 0.11148677536202538, 0.03515529335048596], [0.08996174193464952, 0.30132151474684293, 0.015402161412001828, 0.5933145819065057], [0.09936082368139042, 0.3454512789154546, 0.03257064950907057, 0.5226172478940844], [0.3680710606032628, 0.32237907529248483, 0.025132342241468136, 0.2844175218627845], [0.06560943319827159, 0.3613956162855295, 0.3373976340577891, 0.23559731645840962], [0.1170849387661227, 0.5358871463247612, 0.005077584714337768, 0.34195033019477844], [0.10273459388135588, 0.1982441504967848, 0.585860706963346, 0.11316054865851324], [0.08724910522805053, 0.6682630632621135, 0.17811946894191133, 0.06636836256792453], [0.021771713371833187, 0.6396163884521551, 0.2012009431165642, 0.13741095505944742], [0.039418503945898416, 0.19951090027760068, 0.7122788925546086, 0.04879170322189201], [0.5094804908045636, 0.15885264034625293, 0.03351308400495846, 0.2981537848442252], [0.017111160177460748, 0.6024176090337062, 0.1757336145971037, 0.20473761619172948], [0.04439232097076502, 0.1319209657094857, 0.08790247433256902, 0.7357842389871802], [0.1451966997041854, 0.5483776141770457, 0.03012887066071108, 0.27629681545805745], [0.8383799805592749, 0.11065955065482493, 0.012438936197357569, 0.03852153258854259], [0.04857313601091688, 0.25832426765060523, 0.20322894334737285, 0.4898736529911051], [0.7711191469671562, 0.08986627752263586, 0.017724700025915065, 0.12128987548429304], [0.38991138255205404, 0.448576603552383, 0.04205464669898806, 0.11945736719657499], [0.2629886654364635, 0.18063139949615994, 0.09962810758842813, 0.4567518274789484], [0.18864367715633934, 0.16918440781969862, 0.12605907574104427, 0.5161128392829176], [0.028244889056817747, 0.1785151771578917, 0.5180563288917868, 0.2751836048935041], [0.03220273298594184, 0.21952468731878289, 0.6921984669594267, 0.056074112735848274], [0.08286181408562891, 0.1799156594190671, 0.6384842648797664, 0.09873826161553773], [0.5489807993055955, 0.09132742839594067, 0.11965208135882342, 0.24003969093964078], [0.3449341790256073, 0.4456938783472067, 0.04520228110727991, 0.16416966151990567], [0.8549781010954544, 0.0815811050517255, 0.010003025703725221, 0.05343776814909502], [0.07136027107961805, 0.28355560158757814, 0.5109814867340803, 0.13410264059872334], [0.07379365339208303, 0.6463214082661369, 0.03582165415701613, 0.24406328418476403], [0.37229025060026105, 0.36477328793849306, 0.02586868180749647, 0.23706777965374945], [0.11862046233843228, 0.1459201460958936, 0.02135065608887393, 0.7141087354768005], [0.3957079153586046, 0.333414256068217, 0.0027384019549375506, 0.26813942661824114], [0.0707888053686171, 0.14009594005275747, 0.7737416052418672, 0.015373649336758406], [0.23552767748577283, 0.3330658047691853, 0.3841964935587904, 0.04721002418625132], [0.0314567799058822, 0.4787148333736364, 0.3086918878429137, 0.1811364988775677], [0.14393893355372228, 0.3195373056958087, 0.3020134406642915, 0.23451032008617734], [0.12058471092291023, 0.08846495541117198, 0.0014774722216027842, 0.7894728614443148], [0.6919169180723486, 0.07698197801469343, 0.0316130641625638, 0.199488039750394], [0.25025355946914046, 0.5996089486465715, 0.012617629873333723, 0.13751986201095437], [0.12015438882957279, 0.040201465899525564, 0.76259590224503, 0.07704824302587153], [0.21480687851520272, 0.20141721988971892, 0.14734879763042585, 0.4364271039646527], [0.03634110185786912, 0.4525994440383715, 0.30522030930478633, 0.2058391447989731], [0.01900856545470796, 0.8800372351948909, 0.034477864070749674, 0.06647633527965156], [0.19451988365201248, 0.49246559307390325, 0.014312538730422363, 0.29870198454366176], [0.35197219782827927, 0.38509006695994624, 0.1267976577066241, 0.13614007750515067], [0.009478726849426694, 0.797179621106079, 0.05770743280739163, 0.13563421923710273], [0.09160871346875428, 0.3383858164544613, 0.16498502176781155, 0.4050204483089726], [0.016645536734996982, 0.04424579221951728, 0.8850654606339452, 0.05404321041154086], [0.0945252859716316, 0.16467418800872385, 0.004093796046072176, 0.7367067299735722], [0.23177706581004207, 0.531414240015176, 0.19074237713155306, 0.04606631704322898], [0.10360120460697908, 0.46205501471486754, 0.015375114505952706, 0.41896866617220074], [0.4464922713129601, 0.1961581021111662, 0.11666456353858257, 0.24068506303729117], [0.27850504317577646, 0.3994003611607442, 0.0051272210974454375, 0.31696737456603397], [0.33723449228140756, 0.04184455673302083, 0.17780702882258445, 0.44311392216298706], [0.028857856215581977, 0.2846763416966198, 0.6255499772073313, 0.06091582488046692], [0.264203162500674, 0.15357191147169252, 0.13286626146682784, 0.44935866456080575], [0.012579555466493947, 0.174942039645265, 0.7590214622768989, 0.05345694261134192], [0.25451330871402394, 0.4729271074209118, 0.014314850004755443, 0.25824473386030866], [0.08270606056377232, 0.11352951603892902, 0.06352729848165348, 0.7402371249156452], [0.1785727252369953, 0.3980221922939192, 0.21230125592766985, 0.2111038265414157], [0.08360038547350966, 0.6396986920954317, 0.15795971353764884, 0.11874120889340972], [0.015799146316699368, 0.2365500255864068, 0.24688493809108167, 0.5007658900058125], [0.043663779656914085, 0.5023277534245765, 0.036219838779760094, 0.4177886281387494], [0.1522014385992532, 0.49660551503525124, 0.22384143955012828, 0.12735160681536734], [0.13704346568382697, 0.4597021201198431, 0.13270938847194255, 0.2705450257243872], [0.04115064074372604, 0.5598582844101052, 0.3631129614612946, 0.03587811338487402], [0.009297525180607821, 0.397639609417154, 0.24788926273167658, 0.34517360267056185], [0.6699336801465969, 0.24140961707849398, 0.006836386224883577, 0.08182031655002564], [0.04961967785788439, 0.6975953407850494, 0.1263056136723459, 0.12647936768472054], [0.43495913290056853, 0.1768026786267079, 0.34074460275927976, 0.04749358571344386], [0.15213752306422323, 0.24213849491198652, 0.18576138680477053, 0.4199625952190201], [0.3858419868301206, 0.24077196733104575, 0.02836828259882401, 0.3450177632400098], [0.010349643287206235, 0.866461921078736, 0.10018952514036371, 0.022998910493694156], [0.39066937601686835, 0.08656606794929916, 0.02559734005146317, 0.4971672159823695], [0.8197417972679808, 0.13821746288778994, 0.0010551984139307222, 0.040985541430298575], [0.06703200679190281, 0.15816534549718547, 0.5911848812298225, 0.18361776648108927], [0.7029869155607482, 0.0934637050671842, 0.013542670409765882, 0.19000670896230154], [0.18810301914008065, 0.45798631409027407, 0.25666842181807403, 0.09724224495157127], [0.058867407768317725, 0.2811267874144753, 0.6045829773625314, 0.05542282745467553], [0.16408367383886838, 0.11001007936859176, 0.6696727371884232, 0.05623350960411662], [0.028283582804318478, 0.05112007287813889, 0.6190992958663775, 0.30149704845116565], [0.15351671238198292, 0.19397551959297152, 0.4581619910013266, 0.19434577702371875], [0.14309629311316194, 0.5586231109459648, 0.08379565867382802, 0.21448493726704518], [0.0037533315386182524, 0.30436399159228006, 0.2381525016598912, 0.45373017520921005], [0.11494322763343451, 0.7019838725190987, 0.14141227673405285, 0.04166062311341435], [0.9181473993063279, 0.021953465928145382, 0.007236675762863261, 0.05266245900266342], [0.9338368585931739, 0.006442159420321815, 0.0027637810032426543, 0.056957200983261555], [0.1094828227672092, 0.15273654781112, 0.5943704500003818, 0.14341017942128872], [0.2882158223700775, 0.5554167091001179, 0.09028285809519476, 0.06608461043460984], [0.007071283345783537, 0.9513709925094925, 0.03077839873447374, 0.010779325410250066], [0.39765725449061406, 0.09270718145723551, 0.3465711488588458, 0.1630644151933048], [0.12720986419112357, 0.3867855112723668, 0.003550893833366404, 0.4824537307031434], [0.022920731977228343, 0.24163373152498788, 0.6965895260434006, 0.0388560104543829], [0.3168149255919138, 0.25044791062976873, 0.0734361565544568, 0.3593010072238606], [0.4259017288095979, 0.3946278819673701, 0.10936626037206246, 0.0701041288509695], [0.35355929937771363, 0.3906361077942116, 0.09693136739863639, 0.15887322542943863], [0.2645946062222777, 0.17604682710602895, 0.14211438280035119, 0.4172441838713422], [0.08884958462874697, 0.2294370691511025, 0.01124175200690534, 0.670471594213245], [0.23330957936960167, 0.0358419152943041, 0.027173409777278678, 0.7036750955588156], [0.3265049483208434, 0.016929710623479664, 0.00020115094911522818, 0.6563641901065618], [0.14963878040199932, 0.2122022085221028, 0.4146039703944874, 0.22355504068141052], [0.3449464165315294, 0.41527781422116883, 0.08941629947388506, 0.15035946977341635], [0.08254024663332925, 0.23136362312837447, 0.1204362413171368, 0.5656598889211594], [0.9323231263747598, 0.002738407903794856, 0.029839605480225233, 0.03509886024122031], [0.016080468926069846, 0.0437499771106634, 0.8356207037337869, 0.10454885022947967], [0.3259554036889641, 0.11571923711529354, 0.06142039951050945, 0.49690495968523274], [0.27011742232790126, 0.5638873996125613, 0.08585938028159508, 0.08013579777794262], [0.6238459234739158, 0.14653073929637497, 0.0909813141793487, 0.1386420230503608], [0.061074063249360815, 0.6468771461036927, 0.23167647321380805, 0.060372317433138104], [0.09183493969700604, 0.18018027717559834, 0.5349310574233005, 0.19305372570409482], [0.7660290052962019, 0.13584268129436874, 0.07864660555119128, 0.019481707858238197], [0.028881983657509866, 0.9024847306181606, 0.02605428819724092, 0.042578997527088894], [0.0056334659475888475, 0.8950221425421856, 0.0664967909478682, 0.032847600562357415], [0.014034898056339232, 0.2869488131561486, 0.43279221178137406, 0.2662240770061382], [0.01528338074425142, 0.062175217103775854, 0.6919527732868038, 0.2305886288651688], [0.14937039054427542, 0.04541985576501391, 0.059569958539990565, 0.7456397951507201], [0.4998986923660166, 0.025007091596034287, 0.005106751711929033, 0.46998746432602045], [0.3535022280782651, 0.15128385317786278, 0.02025924412340728, 0.4749546746204648], [0.38666149219082835, 0.39703874700633185, 0.08747688927366888, 0.12882287152917116], [0.022724717479824012, 0.032305832486342466, 0.0058721960396670965, 0.939097253994166], [0.16510917106258843, 0.09641630833420732, 0.09132386960965568, 0.6471506509935486], [0.10869887109056442, 0.390391161933375, 0.3244914562367685, 0.1764185107392919], [0.4849012504562474, 0.04488296905469956, 0.3948537384967577, 0.07536204199229538], [0.45740677682959235, 0.1600419710525769, 0.0028245384348819023, 0.3797267136829488]]}, "rewritten": {"ids": ["97105451", "97105580", "97106591", "97107920", "97110950", "97113260", "97113900", "97118210", "98107010", "98107210", "98107340", "98108370", "98108410", "98109570", "99107300", "99107500", "99107640", "99108310", "99109780", "99110050", "99111000", "99117630", "100109000", "100109330", "100109801", "100116790", "100120010", "101108500", "101109120", "101109370", "101112160", "101119591", "102109850", "103109641", "103110760", "103111110", "103111620", "103113210", "103113610", "103120290", "103120340", "104110960", "104111620", "104111880", "104113190", "104114230", "104116980", "105111990", "105113210", "105113260", "105116650", "105117431", "105118230", "105121370", "106113190", "106115120", "106116441", "106116820", "106118520", "106119260", "107113180", "107113200", "107113260", "107113360", "107114110", "107114280", "107114321", "107114621", "107114780", "107114950", "107116501", "107117010", "107118120", "107121540", "108113760", "108114040", "108114220", "108114360", "108115250", "108115500", "108117610", "108118060", "109113591", "109113881", "109114720", "109120540", "110113931", "110114321", "110114610", "110114720", "110114920", "110115120", "110115580", "110115980", "110117870", "110118450", "110119300", "110120190", "110120531", "111114121", "111115910", "111116290", "111117200", "111118301", "111119340", "111119610", "111119930", "111120220", "111120280", "111120540", "111120640", "111121190", "111121220", "111121410", "112116610", "112116850", "112116880", "112116900", "112117571", "112117580", "112118550", "112119320", "112120640", "112121351", "112121410", "113117401", "113117550", "113118111", "113118511", "113118630", "113118810", "113119360", "113119480", "113119930", "113120640", "113120830", "113121190", "113121410", "113121680", "113122170", "113122220", "113122320"], "labels": [0, 1, 1, 0, 3, 1, 2, 2, 3, 1, 0, 1, 1, 1, 3, 0, 1, 2, 2, 3, 2, 3, 1, 0, 0, 2, 0, 3, 1, 1, 3, 0, 1, 1, 1, 3, 0, 3, 2, 2, 1, 2, 0, 3, 3, 2, 1, 2, 3, 3, 1, 1, 1, 2, 0, 1, 0, 1, 2, 1, 3, 0, 0, 0, 1, 3, 0, 0, 2, 3, 1, 1, 3, 2, 1, 0, 3, 1, 1, 3, 3, 1, 3, 0, 0, 1, 1, 1, 1, 3, 3, 0, 1, 1, 3, 0, 1, 3, 0, 0, 2, 2, 0, 3, 3, 2, 1, 3, 0, 1, 0, 1, 3, 0, 1, 0, 0, 3, 3, 0, 3, 1, 0, 0, 0, 3, 3, 1, 1, 3, 3, 0, 3, 1, 0, 3, 1, 0, 1, 1, 1, 1], "predicted_labels": [3, 1, 1, 0, 0, 2, 1, 3, 2, 1, 2, 3, 0, 3, 0, 1, 1, 0, 1, 3, 2, 3, 3, 0, 3, 1, 2, 2, 0, 1, 1, 3, 2, 1, 3, 3, 0, 3, 2, 3, 2, 3, 3, 3, 1, 3, 1, 1, 0, 3, 2, 1, 1, 1, 1, 3, 3, 0, 1, 0, 1, 1, 3, 0, 0, 1, 0, 3, 1, 3, 3, 1, 1, 3, 1, 2, 0, 2, 3, 3, 3, 3, 3, 0, 3, 1, 0, 1, 1, 2, 1, 3, 3, 3, 1, 1, 1, 3, 0, 0, 3, 3, 0, 1, 2, 2, 3, 1, 3, 1, 3, 0, 3, 1, 0, 3, 3, 1, 1, 3, 0, 3, 0, 0, 1, 3, 3, 1, 1, 1, 1, 3, 3, 1, 3, 3, 0, 3, 2, 3, 1, 1], "confidence_scores": [[0.26589055901662756, 0.15596085389505213, 0.03928373015414832, 0.5388648569341721], [0.02966870575463593, 0.821026128555586, 0.0908887935449996, 0.058416372144778315], [0.10873284944516771, 0.597827438176994, 0.062121437290086144, 0.2313182750877523], [0.9675111803497981, 0.0031245127585988403, 0.001393227800350117, 0.027971079091252897], [0.9415306929002127, 0.00893819532295171, 0.02437028044863684, 0.025160831328199035], [0.02559859222607912, 0.14307132273990475, 0.7658129519411849, 0.06551713309283076], [0.27646166527020954, 0.36595810402725154, 0.2733585610613706, 0.08422166964116849], [0.47339963685089226, 0.07831480134962933, 0.21870217451318885, 0.22958338728628944], [0.07292986942881018, 0.0891637012632895, 0.6888935858185549, 0.14901284348934543], [0.03297146645187419, 0.7080838854877383, 0.1259737999467928, 0.1329708481135949], [0.20283884739323368, 0.13921975235008072, 0.63163187261858, 0.026309527638105675], [0.08934321239479882, 0.15959106642566898, 0.5335968564098227, 0.21746886476970936], [0.41080387214357705, 0.27006802138186076, 0.08433719521409488, 0.2347909112604674], [0.3370387574332216, 0.24026947762844275, 0.04628157229855273, 0.3764101926397827], [0.8546717213570244, 0.01458869413245076, 0.0056213915312513085, 0.12511819297927362], [0.021983580992900997, 0.748700797710916, 0.14770332944039896, 0.0816122918557843], [0.16177816656491548, 0.5675800209935667, 0.059583590395204014, 0.21105822204631416], [0.41468251142594137, 0.1412096672908764, 0.42274574978425483, 0.021362071498927267], [0.02505698257569884, 0.5835758500338757, 0.3411549444634353, 0.050212222926990166], [0.08723349399927197, 0.22328955699820455, 0.19885310437647225, 0.490623844626051], [0.07386291761399727, 0.08906926197990582, 0.673490796361992, 0.16357702404410482], [0.26898080135715935, 0.06791939328224741, 0.4685801674620402, 0.19451963789855325], [0.05370897849980507, 0.16868876158015178, 0.16470984468919406, 0.6128924152308488], [0.6925949084967893, 0.10149957016873208, 0.04620321422436795, 0.15970230711011071], [0.03242360089306396, 0.35713209285597364, 0.010748486556813796, 0.599695819694149], [0.3349831921585093, 0.5468497501491449, 0.018847866546487294, 0.09931919114585827], [0.06860406030109861, 0.054521906402638196, 0.7730470581613649, 0.10382697513489862], [0.07237021593702234, 0.023280539909443974, 0.8625717575035128, 0.04177748665002091], [0.7076990227124337, 0.0312121435390349, 0.14256183314227963, 0.11852700060625203], [0.11404724051473628, 0.2203682692446396, 0.6216151692817872, 0.043969320958836905], [0.14226790981567441, 0.7162381639626788, 0.05658445661496744, 0.08490946960667928], [0.10581298306652055, 0.041795603572216074, 0.13213129308624486, 0.7202601202750184], [0.11210083352280159, 0.03947345509125454, 0.831270458013888, 0.01715525337205578], [0.13366816239854568, 0.6908432143329076, 0.05271544197913845, 0.12277318128940831], [0.3376647482954357, 0.05099769518970609, 0.1728938625184443, 0.4384436939964137], [0.1309590699268541, 0.14815103415281913, 0.36969121684109474, 0.3511986790792321], [0.4534272543659596, 0.1320436480044688, 0.1857658881917357, 0.228763209437836], [0.10630770679252244, 0.18684478065053103, 0.360463645036048, 0.3463838675208986], [0.3067339562126779, 0.045138607307186315, 0.6160472381919408, 0.032080198288194674], [0.1080121173476069, 0.20712104409582827, 0.5314098426217324, 0.1534569959348326], [0.12945608830473476, 0.11178905805505825, 0.7122432126964767, 0.046511640943730566], [0.11115628244245299, 0.2951498418334981, 0.2727353671281272, 0.3209585085959215], [0.2636037911738021, 0.0030505154360506207, 0.0006300159030911732, 0.7327156774870563], [0.03552437116129837, 0.18409710581250208, 0.12832557009104661, 0.652052952935153], [0.04863123171576019, 0.6264628355970243, 0.10550817687906691, 0.21939775580814833], [0.05187969470514553, 0.12432942241629148, 0.22140089554864426, 0.6023899873299187], [0.07752859309260897, 0.5683484912701235, 0.20092876798242162, 0.15319414765484596], [0.026499554808297146, 0.25084205218560973, 0.5689029710485934, 0.15375542195749958], [0.578118648956058, 0.15577535945871768, 0.060165492693259444, 0.20594049889196472], [0.04433592998408867, 0.3052333484045044, 0.31445910060003457, 0.3359716210113724], [0.008082620853332936, 0.10829142207117698, 0.8474640383794431, 0.036161918696046944], [0.03864318277880656, 0.256622884239892, 0.6308208984467075, 0.07391303453459395], [0.005115031342744038, 0.9596023427401907, 0.024581709593751302, 0.010700916323314187], [0.03039565156165989, 0.5974847720616261, 0.1777364243869047, 0.19438315198980893], [0.33357260982011444, 0.22519451987786165, 0.31419003398266876, 0.12704283631935542], [0.5348660552954014, 0.1445222919981319, 0.002965752950594122, 0.3176458997558725], [0.30265104754340316, 0.11177137452872142, 0.03289914862359458, 0.5526784293042808], [0.6454908086662756, 0.1904960764412374, 0.0401239533418305, 0.12388916155065643], [0.22849667615899516, 0.29043637534679373, 0.3123886451182714, 0.16867830337593948], [0.5481322355226763, 0.010796327348542089, 0.2765484114657561, 0.16452302566302557], [0.02810777436748469, 0.6643402423928155, 0.10715098404414725, 0.20040099919555235], [0.1794061111119703, 0.5283013190797141, 0.010818265327923696, 0.2814743044803918], [0.02131968622237833, 0.09262505838220399, 0.5583953280294826, 0.32765992736593524], [0.9582017374584314, 0.020406386409288758, 0.0025940270665333986, 0.01879784906574658], [0.7717488663089963, 0.12328230068532041, 0.01395378836563443, 0.09101504464004888], [0.0808599950410209, 0.5449529601230073, 0.27187236442623675, 0.10231468040973482], [0.8321863989518603, 0.04587734681544566, 0.012930643189184054, 0.10900561104351014], [0.24571203798260993, 0.2991147255078467, 0.03415369493340777, 0.4210195415761355], [0.004108543266456603, 0.49671124093147545, 0.4940077854342267, 0.005172430367841157], [0.29669261914897743, 0.10337188518522282, 0.34605157889965016, 0.25388391676614996], [0.02214035893121006, 0.025753343780988487, 0.0009489448012048333, 0.9511573524865968], [0.06803909476605406, 0.8684922381180795, 0.013641256883335626, 0.04982741023253072], [0.11842535087170415, 0.5063230109327251, 0.18126547410644292, 0.1939861640891276], [0.023709125287276044, 0.021088668529741506, 0.10498922759906996, 0.8502129785839124], [0.20529866549163436, 0.36083955996791744, 0.28832309885832724, 0.14553867568212095], [0.009526082153996713, 0.14855770714411237, 0.814995714248144, 0.0269204964537465], [0.7159079280661036, 0.17383435105939085, 0.016942305067222083, 0.09331541580728357], [0.1722068904283159, 0.1400446755173523, 0.5647009412494185, 0.12304749280491323], [0.24905850164654272, 0.26731337949357226, 0.17708138610165228, 0.3065467327582327], [0.4629025995471592, 0.13496948842355827, 0.20444068969040405, 0.19768722233887837], [0.01954602830956077, 0.2643825800695249, 0.06697971024443114, 0.6490916813764833], [0.44951190542370445, 0.026598852594399133, 0.08300117777681386, 0.4408880642050823], [0.13498891306791488, 0.3131034209344531, 0.0036668417587078497, 0.5482408242389241], [0.5457101427656086, 0.3126209275967089, 0.12892070744701065, 0.012748222190671819], [0.03353134849612002, 0.0791392987579861, 0.6366020639634269, 0.25072728878246675], [0.07100299144620893, 0.7105043236643391, 0.010351923614093712, 0.20814076127535805], [0.6254628379954739, 0.32476235705870465, 0.02773700894818725, 0.02203779599763434], [0.09955529402964786, 0.554234214852396, 0.03178377367416179, 0.3144267174437946], [0.06704311481917946, 0.42989462253232835, 0.2894933336685612, 0.21356892897993093], [0.24893470225799016, 0.0661011485889597, 0.6330168935766122, 0.051947255576438], [0.11023195963734546, 0.7596664646402865, 0.015983785805842466, 0.1141177899165254], [0.0417189028407996, 0.17830809540970577, 0.35227132160595814, 0.4277016801435364], [0.09466361438014462, 0.1480119602168465, 0.32871111521096874, 0.42861331019204013], [0.46529374375935173, 0.17469236857316897, 0.14881369179126847, 0.21120019587621067], [0.2340643183038026, 0.6032038259377858, 0.06196643950329225, 0.10076541625511955], [0.043300195538487705, 0.6343548843082809, 0.20064119487149765, 0.12170372528173362], [0.12045867590586487, 0.6384801672247553, 0.0029924561217339113, 0.23806870074764566], [0.13334209553010226, 0.03427372299027923, 0.36528643258374, 0.4670977488958785], [0.38167910246205555, 0.39692079662688434, 0.02356662948863942, 0.19783347142242103], [0.7778405539109143, 0.13953484239058303, 0.006882633147815635, 0.07574197055068722], [0.29919398200979114, 0.1921814121901643, 0.22994058563325823, 0.2786840201667861], [0.40538407174452107, 0.10465412748918787, 0.2964634943763235, 0.19349830638996757], [0.9875397685265984, 0.0036235813537046717, 0.001158459487403427, 0.007678190632293469], [0.41102300549856724, 0.3849937721906049, 0.08718902214442968, 0.1167942001663983], [0.1274576751835805, 0.17059826266111897, 0.5628908460390244, 0.1390532161162762], [0.2150920426697421, 0.09455549930283612, 0.626801404167112, 0.06355105386030954], [0.03303208330015516, 0.1936769192460706, 0.32730109286765713, 0.4459899045861171], [0.3289993533771225, 0.40243069019307565, 0.14380409289453783, 0.12476586353526421], [0.6284853942357029, 0.01636838957579183, 0.008338477408831457, 0.34680773877967364], [0.11852086899877234, 0.7915711967235471, 0.05353141837014816, 0.03637651590753214], [0.3887426440809644, 0.09044679138363852, 0.29704284573244016, 0.22376771880295723], [0.8549816592365227, 0.026916846519172796, 0.019158283055490714, 0.09894321118881409], [0.13370389453561127, 0.1794095695383654, 0.012023030651987105, 0.674863505274036], [0.03469286292572047, 0.8247138531055555, 0.042122207953788605, 0.0984710760149355], [0.4607907136830813, 0.08253926865681793, 0.4325385254105211, 0.024131492249579504], [0.18826933453714123, 0.2839643902573576, 0.012630462922291755, 0.5151358122832093], [0.16184229561027558, 0.16837215717952844, 0.475516075595723, 0.19426947161447305], [0.3475716839104605, 0.4352609670974777, 0.1665098904917697, 0.05065745850029203], [0.028835625434860034, 0.3238944970551329, 0.39689379160889043, 0.25037608590111643], [0.25768008534820175, 0.20000339879695014, 0.10001752671332452, 0.4422989891415239], [0.7257281754707147, 0.12969612166001077, 0.028318002147052046, 0.11625770072222263], [0.007437334650780798, 0.16638623532934443, 0.5388256456079695, 0.2873507844119053], [0.8344272522363436, 0.03613185635517532, 0.018294510318765222, 0.11114638108971597], [0.6403265477965222, 0.22582931140795626, 0.024966305545009535, 0.10887783525051212], [0.4277023494104089, 0.4128484164204905, 0.00894700709638964, 0.15050222707271108], [0.1581248150941624, 0.23520120062665598, 0.0037805999163073875, 0.6028933843628747], [0.08173272277085952, 0.09440288637653231, 0.08729546944409666, 0.7365689214085116], [0.2500144437665136, 0.46303512879047504, 0.018928662109626723, 0.2680217653333845], [0.24033899729549937, 0.4759890491240609, 0.022276249204967676, 0.26139570437547177], [0.0243879687576557, 0.6662510124504212, 0.12058225126394331, 0.1887787675279801], [0.08137150262141486, 0.6609803765249577, 0.2308059981673643, 0.026842122686263282], [0.11893503151738516, 0.11131337503236215, 0.4083803680245113, 0.36137122542574146], [0.24792611915387047, 0.33668769599612214, 0.08872702258685149, 0.3266591622631559], [0.16862505455770413, 0.7416024182368463, 0.012859636130944131, 0.07691289107450568], [0.10092661984982144, 0.33662593831367393, 0.0028257455934251386, 0.5596216962430798], [0.3321583197014714, 0.06861034921487909, 0.2603857973142927, 0.33884553376935655], [0.5949285396105313, 0.13179588113164178, 0.05253862642293723, 0.22073695283488973], [0.05957992587403503, 0.08027637500653381, 0.00041729609387578545, 0.8597264030255555], [0.09662423331329281, 0.09697939690918586, 0.6264812740798918, 0.17991509569762928], [0.04569984558942916, 0.19396907504445368, 0.48269836720722215, 0.27763271215889485], [0.06788482466952224, 0.8364802660318057, 0.03288448950737846, 0.06275041979129353], [0.10413549116430501, 0.4878166484178744, 0.054204669296562674, 0.35384319112125795]]}}