{"test": {"ids": ["113118870", "106116120", "102112030", "102121440", "109119010", "104111620", "105115680", "112119930", "101111990", "98108410", "104113190", "104111830", "110114321", "103110760", "109119460", "102114270", "106118520", "103120340", "99112840", "102113981", "106114150", "109113281", "97106770", "100111080", "103111480", "107118820", "113122510", "110120531", "111121190", "112118581", "112118620", "103112641", "108115880", "110120560", "108120260", "110115890", "111117000", "97114170", "111114171", "103113270", "112121360", "111117120", "107119130", "105116501", "99108710", "110117080", "99109860", "108118291", "111121410", "112116501", "109115070", "111117571", "110115120", "103111110", "111116411", "103110220", "105115900", "107113840", "111119290", "109116170", "97116800", "98107380", "105121370", "97110950", "112120270", "104119290", "108121190", "108117720", "106116640", "112120630", "101109120", "111115770", "97111790", "107115140", "105112130", "111120540", "112116990", "105110251", "103120780", "104111880", "99107500", "110118161", "112118880", "113120640", "112121030", "111114121", "103117200", "113119700", "102112250", "98117740", "113118810", "108121351", "98112300", "108113760", "97112300", "105115720", "109114651", "99117740", "103111540", "111116090", "100108260", "101114990", "112117461", "113118690", "108115970", "112120670", "105113170", "111121930", "111119430", "99119830", "113122190", "111120320", "110121140", "108114360", "97105960", "109120540", "103113210", "112117660", "104111990", "111116990", "108118060", "111119580", "108115500", "99107640", "100108490", "104118070", "113121750", "112118511", "104114410", "106113260", "101108080", "108119550", "108121160", "98108370", "106118301", "113121190", "101108370", "110116290", "103111170", "105121190", "107116980", "102109010"], "labels": [0, 1, 2, 2, 3, 0, 2, 1, 2, 1, 3, 3, 1, 1, 1, 3, 2, 1, 2, 1, 1, 0, 3, 0, 0, 3, 2, 0, 1, 1, 3, 3, 3, 0, 1, 2, 0, 2, 3, 2, 3, 2, 1, 1, 2, 1, 2, 3, 0, 3, 0, 3, 0, 3, 0, 2, 3, 3, 3, 0, 0, 1, 2, 3, 0, 1, 1, 1, 3, 3, 1, 3, 2, 0, 1, 1, 0, 0, 1, 3, 0, 0, 1, 0, 0, 0, 0, 0, 0, 2, 3, 3, 2, 1, 2, 1, 3, 2, 1, 3, 3, 3, 0, 3, 2, 2, 0, 1, 3, 1, 1, 1, 3, 1, 2, 1, 3, 0, 2, 0, 1, 3, 3, 1, 2, 2, 0, 1, 1, 3, 0, 1, 2, 1, 1, 1, 1, 2, 2, 2, 3, 1], "predicted_labels": [3, 1, 1, 1, 3, 3, 1, 1, 2, 1, 3, 3, 1, 3, 3, 1, 1, 3, 3, 1, 0, 3, 0, 1, 0, 1, 1, 3, 3, 1, 3, 1, 1, 0, 1, 1, 3, 1, 0, 3, 0, 1, 1, 0, 1, 1, 1, 3, 1, 3, 1, 0, 1, 1, 0, 3, 2, 1, 3, 1, 0, 3, 3, 3, 1, 1, 3, 3, 3, 1, 3, 3, 3, 3, 1, 1, 0, 1, 1, 3, 3, 3, 3, 0, 0, 1, 3, 1, 3, 3, 3, 3, 3, 0, 0, 1, 0, 0, 3, 0, 0, 1, 3, 1, 3, 2, 3, 0, 1, 1, 2, 3, 0, 1, 3, 3, 0, 3, 0, 0, 0, 0, 1, 3, 0, 2, 1, 3, 3, 1, 0, 3, 1, 2, 0, 3, 0, 2, 3, 3, 0, 1], "confidence_scores": [[0.14897889847309573, 0.33548859230886435, 0.014562473363277732, 0.5009700358547623], [0.13144963107467003, 0.44732996767799127, 0.1493357735889902, 0.27188462765834837], [0.12396933828866726, 0.7113523909245767, 0.06001559247495461, 0.10466267831180144], [0.058297306159731145, 0.43744361850411045, 0.2695879089137573, 0.23467116642240116], [0.17830286750897736, 0.3640186271006298, 0.07174328561235609, 0.38593521977803663], [0.44273118435475906, 0.069853879341598, 0.022505623838142936, 0.4649093124655002], [0.006302784593188561, 0.9084959263851988, 0.04204846177134613, 0.043152827250266576], [0.006502913049000231, 0.8309507741356473, 0.024218840652210562, 0.13832747216314178], [0.12482365899155919, 0.24218356852577785, 0.3650134037011744, 0.26797936878148837], [0.49918717113297606, 0.3995443269036489, 0.023980871546022513, 0.07728763041735243], [0.18539892751736117, 0.24765476609445727, 0.05271789284217071, 0.5142284135460111], [0.03519245318980015, 0.02730934601092176, 0.10163960820538975, 0.835858592593888], [0.38159669805498925, 0.475847764882664, 0.09483710016096525, 0.04771843690138141], [0.21245982410733327, 0.2890212066262521, 0.01643765502384685, 0.4820813142425676], [0.2444545003915628, 0.3419822505031182, 0.03580900959146742, 0.3777542395138517], [0.13458463721474936, 0.7604852960826409, 0.0024248161172186282, 0.10250525058539144], [0.32928537662847307, 0.43828005154296273, 0.0099364211499679, 0.22249815067859616], [0.2392978955845576, 0.32585675464617936, 0.039788186434815985, 0.39505716333444707], [0.07386760330389916, 0.4680809734518027, 0.0207814448124181, 0.43726997843188037], [0.10837287823642384, 0.716703424081347, 0.136773172527461, 0.03815052515476813], [0.559567456989214, 0.18254009290291276, 0.1451006012832494, 0.11279184882462372], [0.32284073065201174, 0.03948270243779604, 0.0011190564912625565, 0.6365575104189295], [0.5632001554377071, 0.10872037486583522, 0.2605880039560955, 0.06749146574036236], [0.15995454431700146, 0.5168123729724906, 0.2183812263329959, 0.10485185637751253], [0.8106983329630079, 0.054419010757798106, 0.021071218090791023, 0.11381143818840289], [0.2490119967380204, 0.488019051416911, 0.09947580812991375, 0.16349314371515483], [0.060494678897997846, 0.6885032630240219, 0.1796939401930819, 0.07130811788489871], [0.221753697106544, 0.3277480963032701, 0.03626766330509498, 0.4142305432850908], [0.17516112929087627, 0.12781816388108205, 0.0389998674918498, 0.6580208393361919], [0.016452417297863814, 0.6332902846420414, 0.24615853486842798, 0.10409876319166667], [0.25079485969507487, 0.22511767549515613, 0.007950594835878143, 0.5161368699738911], [0.09548259992883122, 0.5637788961252364, 0.1677581027068278, 0.17298040123910446], [0.07464106729971062, 0.6998912219397155, 0.017248555686823933, 0.20821915507374997], [0.34471659193783544, 0.21693007318428176, 0.3323363993746898, 0.10601693550319302], [0.18625382179368458, 0.5168487159988057, 0.032241977636326496, 0.2646554845711833], [0.12580402735503202, 0.516014848926266, 0.08106614908271384, 0.27711497463598816], [0.22163253657820853, 0.35969084973811677, 0.08938672679029182, 0.32928988689338307], [0.01783894742995843, 0.7723956228988856, 0.03819981211558667, 0.17156561755556965], [0.5476061105375606, 0.06970021987092155, 0.0007711546260154923, 0.3819225149655028], [0.17385253932397596, 0.19384133205772966, 0.28343590850739464, 0.34887022011089985], [0.5961485941022627, 0.3212855835019669, 0.010113919871827689, 0.07245190252394257], [0.020302259540429548, 0.7938968234155036, 0.01586727423250736, 0.16993364281155918], [0.15960202262272158, 0.5788033974635136, 0.006958407866700752, 0.2546361720470638], [0.537660214575835, 0.320179664278197, 0.0017807914258292513, 0.14037932972013892], [0.01521284092929917, 0.9324001440205251, 0.004809604724488133, 0.04757741032568765], [0.0217176714904924, 0.8106981452533383, 0.00851854778175156, 0.15906563547441782], [0.02316195241111651, 0.711274181236232, 0.23728712707925645, 0.02827673927339522], [0.3170976102909144, 0.023661531644072385, 0.04681586679938448, 0.6124249912656288], [0.2633382688438647, 0.41174164142050595, 0.044441673950227245, 0.28047841578540234], [0.05661866220813783, 0.31398670206581814, 0.00798885473526208, 0.6214057809907818], [0.024242677653946117, 0.9442073539228252, 0.01048288676235686, 0.02106708166087214], [0.7489337095760294, 0.16388555619256265, 0.016055986872964008, 0.0711247473584442], [0.30569699910949444, 0.4605607319437761, 0.03610159318244577, 0.19764067576428335], [0.024469550908027184, 0.5595840198038218, 0.00871004462062101, 0.4072363846675301], [0.569988862577557, 0.004309386552359251, 0.0033563347994744986, 0.4223454160706091], [0.018199385876853658, 0.427217733522581, 0.2031780096421573, 0.351404870958408], [0.07804236884010206, 0.1064363239900375, 0.5980301248787872, 0.21749118229107314], [0.10107260187900596, 0.7665897110140969, 0.010907258146783227, 0.12143042896011387], [0.00929048331104005, 0.13203489553085532, 0.01026917085693999, 0.8484054503011644], [0.023710339790136117, 0.5542937036711086, 0.014668501908220808, 0.40732745463053444], [0.6630976775045146, 0.08048987717669301, 0.0699133879612812, 0.18649905735751118], [0.03435115061042062, 0.10122345244852003, 0.43809010864572184, 0.42633528829533757], [0.03493197405613413, 0.2896481784857988, 0.03101512359934993, 0.6444047238587169], [0.12195974285661604, 0.3944496144249006, 0.016935611207657665, 0.4666550315108261], [0.02194588151398694, 0.647204881677178, 0.2868256191431322, 0.04402361766570276], [0.006166591138616542, 0.744199972940189, 0.11575906070593855, 0.13387437521525594], [0.16863896997004593, 0.3045510745713384, 0.022733204517647678, 0.5040767509409678], [0.1483915391500821, 0.2408732263315476, 0.029276546906953752, 0.5814586876114165], [0.1478164269283687, 0.028186724299408206, 0.012963517322990602, 0.8110333314492324], [0.11513671337826374, 0.3785250935985541, 0.20135164835280134, 0.304986544670381], [0.14473513202757765, 0.1730850277496729, 0.2189996735328958, 0.46318016668985373], [0.09926067930031227, 0.45077542119821506, 0.012990950550757102, 0.4369729489507157], [0.09316258533765502, 0.04313996984778761, 0.07946556545928131, 0.7842318793552757], [0.011873918612339617, 0.007192969136605328, 0.012435883491155927, 0.9684972287598993], [0.03312224379151619, 0.8428825560393323, 0.013460724815570216, 0.11053447535358162], [0.03017299388283262, 0.7425257779861139, 0.16313875348412424, 0.06416247464692904], [0.6954574867473502, 0.007993176683045907, 0.03629344968464024, 0.2602558868849638], [0.11706784443017154, 0.5303869033648169, 0.045785225534315126, 0.3067600266706966], [0.04422365371899727, 0.8099712981572106, 0.03217143201024351, 0.11363361611354866], [0.011789006245211144, 0.04473657352226151, 0.1443832700161195, 0.7990911502164082], [0.12194074150322111, 0.3430335599827162, 0.1720480770116472, 0.3629776215024154], [0.22640228805720305, 0.3140434313138493, 0.01244218662995217, 0.4471120939989955], [0.10214646790233237, 0.14098200612940764, 0.34629720035408473, 0.4105743256141756], [0.4577257211308685, 0.15738779273358736, 0.045209145817445916, 0.3396773403180983], [0.9514814481704502, 0.013799087715910364, 0.00250958527175991, 0.03220987884187958], [0.014259744762120958, 0.9412373955918031, 0.008510324018242144, 0.03599253562783361], [0.3144395736270961, 0.10740667704297338, 0.019077699922597544, 0.5590760494073329], [0.10620128228760613, 0.6388433880878418, 0.18417872376794783, 0.07077660585660447], [0.32064832582889463, 0.05058845697815448, 0.13307928958215925, 0.4956839276107916], [0.1534872574323554, 0.2902394235504651, 0.0636033349149037, 0.49266998410227597], [0.13778310964946333, 0.2895964630608611, 0.00843367879137347, 0.5641867484983022], [0.19384895223803944, 0.3123560791767073, 0.007294377784704846, 0.4865005908005483], [0.26341292049411985, 0.06572723337728414, 0.2742124327977325, 0.3966474133308635], [0.4524118929887206, 0.1400571339309385, 0.10271619409043332, 0.30481477898990744], [0.42564151407573525, 0.11315292232260736, 0.08975405998970583, 0.3714515036119515], [0.021153864025771036, 0.8080591074583889, 0.04307068235132165, 0.12771634616451788], [0.7550598109785367, 0.05136979002635051, 0.07991468933693166, 0.11365570965818099], [0.276016616744363, 0.1120971371180361, 0.34204814278389856, 0.26983810335370223], [0.10698260424598696, 0.21743702210483343, 0.07968592891592882, 0.5958944447332503], [0.5844901772190478, 0.14830631419321266, 0.02204932819283424, 0.24515418039490539], [0.5121646262440503, 0.3541821857335249, 0.04358432122439672, 0.09006886679802831], [0.012666494964586212, 0.7851687241879066, 0.004609099284252845, 0.1975556815632543], [0.15566940762361087, 0.08567438551196228, 0.00389587442681242, 0.7547603324376144], [0.2133362239865457, 0.6853681578140329, 0.06680135693654847, 0.03449426126287284], [0.13165367833794292, 0.19400437435798323, 0.006428828898234276, 0.6679131184058399], [0.1519059779720031, 0.27860698783869114, 0.4328822719490422, 0.1366047622402633], [0.06614636351425839, 0.11829001778421068, 0.021192690370455246, 0.7943709283310757], [0.9804898317835175, 0.004909415602727615, 0.001716584490206592, 0.012884168123548482], [0.049515971076057236, 0.49938162594887286, 0.20948027431061494, 0.24162212866445493], [0.010778261911178963, 0.6734543409746999, 0.047224194247949956, 0.2685432028661712], [0.10451684538782306, 0.12768188997244212, 0.487279724381677, 0.28052154025805787], [0.08598098773020496, 0.3248569069639395, 0.01626126890803163, 0.5729008363978239], [0.5427119294449047, 0.1144777107580535, 0.0240003819770625, 0.3188099778199794], [0.039388625213562095, 0.6247667761690466, 0.18091959239350883, 0.15492500622388228], [0.16343564524946794, 0.16960656625929416, 0.1713230253534408, 0.495634763137797], [0.10651816803303603, 0.4313986641511477, 0.015254672677808888, 0.4468284951380075], [0.537444479972, 0.16725731920614706, 0.2302561072333837, 0.06504209358846953], [0.16379523837180532, 0.13207492938989135, 0.047247809407255745, 0.6568820228310475], [0.6867806108419976, 0.20588670233863127, 0.060959047172993795, 0.04637363964637743], [0.49834093818313646, 0.1760039881304965, 0.028568850209248438, 0.2970862234771186], [0.6449157532542181, 0.1216605331276552, 0.03077495706804567, 0.20264875655008138], [0.864692525222456, 0.021961729831320245, 0.05316464459516827, 0.06018110035105539], [0.11540324460210066, 0.651230613664145, 0.06066500650714607, 0.17270113522660813], [0.05096581355168597, 0.2364065838945603, 0.047062939608599905, 0.6655646629451539], [0.5785488328502689, 0.21945207804314537, 0.08676053333208364, 0.11523855577450176], [0.012645492423180592, 0.0944377920835466, 0.8622057061515489, 0.030711009341723862], [0.1735711943499674, 0.7014216189167014, 0.01379494595593913, 0.1112122407773921], [0.17794287169344192, 0.1538620498217293, 0.2508146430621659, 0.4173804354226634], [0.12295718327452385, 0.09942339095766962, 0.02527104651146438, 0.752348379256342], [0.435616989421487, 0.34130684779989645, 0.1016577696704701, 0.12141839310814638], [0.48281549908603955, 0.2153309060457305, 0.006983632950732902, 0.2948699619174972], [0.1488438952877271, 0.07642184297363068, 0.048465873917728185, 0.7262683878209143], [0.2530296476103743, 0.525133646293479, 0.022880442923652534, 0.19895626317249407], [0.006145017319783447, 0.015453872995144852, 0.9102803529205181, 0.06812075676455387], [0.5088769392607457, 0.29094705407612953, 0.01829840618190944, 0.18187760048121512], [0.1593642628645479, 0.38039075909589287, 0.01865219416475287, 0.4415927838748061], [0.9671794856918271, 0.021143821404679127, 0.0053594531810616415, 0.006317239722432224], [0.06422770117962788, 0.008019765988026898, 0.8794313092734322, 0.04832122355891296], [0.2128813044673, 0.22928325828986978, 0.25933070327710206, 0.2985047339657279], [0.018911037228578474, 0.17057622292428412, 0.33696935835595176, 0.47354338149118547], [0.7973103990246679, 0.1687921298338823, 0.022797223890595738, 0.011100247250853729], [0.1561770691596531, 0.5760079057074448, 0.0825700951172545, 0.18524493001564746]]}, "rewritten": {"ids": ["97105960", "97106770", "97110950", "97111790", "97112300", "97114170", "97116800", "98107380", "98108370", "98108410", "98112300", "98117740", "99107500", "99107640", "99108710", "99109860", "99112840", "99117740", "99119830", "100108260", "100108490", "100111080", "101108080", "101108370", "101109120", "101111990", "101114990", "102109010", "102112030", "102112250", "102113981", "102114270", "102121440", "103110220", "103110760", "103111110", "103111170", "103111480", "103111540", "103112641", "103113210", "103113270", "103117200", "103120340", "103120780", "104111620", "104111830", "104111880", "104111990", "104113190", "104114410", "104118070", "104119290", "105110251", "105112130", "105113170", "105115680", "105115720", "105115900", "105116501", "105121190", "105121370", "106113260", "106114150", "106116120", "106116640", "106118301", "106118520", "107113840", "107115140", "107116980", "107118820", "107119130", "108113760", "108114360", "108115500", "108115880", "108115970", "108117720", "108118060", "108118291", "108119550", "108120260", "108121160", "108121190", "108121351", "109113281", "109114651", "109115070", "109116170", "109119010", "109119460", "109120540", "110114321", "110115120", "110115890", "110116290", "110117080", "110118161", "110120531", "110120560", "110121140", "111114121", "111114171", "111115770", "111116090", "111116411", "111116990", "111117000", "111117120", "111117571", "111119290", "111119430", "111119580", "111120320", "111120540", "111121190", "111121410", "111121930", "112116501", "112116990", "112117461", "112117660", "112118511", "112118581", "112118620", "112118880", "112119930", "112120270", "112120630", "112120670", "112121030", "112121360", "113118690", "113118810", "113118870", "113119700", "113120640", "113121190", "113121750", "113122190", "113122510"], "labels": [2, 3, 3, 2, 2, 2, 0, 1, 1, 1, 2, 2, 0, 1, 2, 2, 2, 2, 1, 3, 2, 0, 0, 1, 1, 2, 3, 1, 2, 0, 1, 3, 2, 2, 1, 3, 2, 0, 1, 3, 3, 2, 0, 1, 1, 0, 3, 3, 2, 3, 1, 2, 1, 0, 1, 0, 2, 1, 3, 1, 2, 2, 3, 1, 1, 3, 1, 2, 3, 0, 3, 3, 1, 1, 1, 3, 3, 2, 1, 1, 3, 1, 1, 2, 1, 3, 0, 3, 0, 0, 3, 1, 1, 1, 0, 2, 2, 1, 0, 0, 0, 3, 0, 3, 3, 3, 0, 0, 0, 2, 3, 3, 3, 3, 1, 1, 1, 0, 1, 3, 0, 0, 0, 1, 1, 3, 1, 1, 0, 3, 2, 0, 3, 3, 3, 0, 0, 0, 1, 0, 1, 2], "predicted_labels": [2, 0, 3, 3, 3, 1, 0, 2, 2, 0, 0, 3, 1, 3, 1, 1, 3, 0, 1, 0, 0, 1, 0, 0, 3, 0, 1, 1, 1, 3, 1, 1, 1, 3, 3, 1, 1, 0, 2, 1, 0, 3, 3, 1, 1, 0, 3, 3, 0, 2, 3, 2, 2, 1, 1, 3, 1, 1, 2, 0, 2, 3, 1, 0, 3, 3, 0, 1, 1, 3, 0, 1, 3, 0, 1, 1, 1, 3, 3, 0, 3, 3, 3, 3, 3, 3, 0, 0, 1, 3, 1, 3, 1, 0, 1, 1, 2, 1, 3, 3, 1, 0, 1, 0, 3, 0, 3, 0, 1, 1, 0, 3, 3, 0, 3, 1, 3, 1, 0, 3, 0, 3, 3, 3, 1, 3, 3, 1, 1, 3, 1, 0, 1, 1, 3, 3, 1, 1, 3, 1, 2, 2], "confidence_scores": [[0.26620033907546004, 0.11217828779121675, 0.33662631800563053, 0.28499505512769246], [0.7673636107600806, 0.10057625596885324, 0.09628418015947901, 0.03577595311158719], [0.16329371041285445, 0.19213131555051668, 0.05112882684626691, 0.5934461471903617], [0.18453942278145513, 0.08247347775542573, 0.2794664944499476, 0.453520605013172], [0.43372328796111254, 0.1006291222332217, 0.04966118444532412, 0.4159864053603419], [0.01803375693893117, 0.8058420063939292, 0.0454875195169577, 0.13063671715018163], [0.4754407000355591, 0.18253751384859912, 0.12772794500480697, 0.21429384111103486], [0.03988563435910068, 0.07848738634020046, 0.5070759875728146, 0.3745509917278842], [0.010481995443352076, 0.011470681995335042, 0.9595679816505763, 0.01847934091073646], [0.663062189641714, 0.24966902870163302, 0.025008793834158754, 0.062259987822494145], [0.4749436321134515, 0.052913415871879886, 0.13712258290384544, 0.335020369110823], [0.3023934704181043, 0.26905342187110615, 0.05750313428215901, 0.37104997342863083], [0.041513905223957835, 0.757777950106343, 0.09045747989721922, 0.11025066477247975], [0.13189498092644308, 0.3019528636989884, 0.024786309281389144, 0.5413658460931793], [0.007333034878322546, 0.976149415048245, 0.003086966849510538, 0.013430583223921893], [0.039510195591341384, 0.5791707234237341, 0.3478899582814454, 0.0334291227034788], [0.1188251714226546, 0.3384866004479661, 0.026272821788085966, 0.516415406341293], [0.4138823734923771, 0.17402544713031556, 0.22403374429755357, 0.18805843507975364], [0.018764447644399742, 0.6524189492982019, 0.038893378221944205, 0.2899232248354541], [0.6190416201700761, 0.22574846634141718, 0.037194248107391144, 0.11801566538111546], [0.6293104453302752, 0.2472667660538584, 0.023697256799262056, 0.0997255318166044], [0.1556708413014279, 0.5412165186793265, 0.14659237459292576, 0.15652026542632], [0.5363772855516473, 0.18324691697913653, 0.005620389637753204, 0.2747554078314628], [0.9287380987979938, 0.033837765375595644, 0.004371175578206787, 0.03305296024820385], [0.1530849290475597, 0.16366298409929472, 0.1356651711221555, 0.5475869157309899], [0.28320598819024356, 0.28641280709992256, 0.14479978429150217, 0.2855814204183319], [0.00487078466241061, 0.8907744216231445, 0.0013914225279146404, 0.10296337118653008], [0.20218390689872084, 0.5494522930494992, 0.09509612060125207, 0.15326767945052783], [0.06152129949756886, 0.8306867762535904, 0.065584811301136, 0.04220711294770472], [0.2768917015787532, 0.10793391708740047, 0.08989328872279082, 0.5252810926110553], [0.03554109679949024, 0.7362920265423194, 0.21328295323815757, 0.014883923420032998], [0.26397613881605153, 0.5776248678503864, 0.002272758116940371, 0.15612623521662175], [0.060682409440968796, 0.4985240185167475, 0.18034751994485, 0.26044605209743354], [0.04965693153163016, 0.28008419773919463, 0.09911139738620503, 0.5711474733429701], [0.27076224276232674, 0.24871580612780664, 0.014782889672062594, 0.465739061437804], [0.07884701928250368, 0.522495982968587, 0.016517811063364463, 0.382139186685545], [0.12407939206344386, 0.3077193484617676, 0.2786708985708016, 0.28953036090398704], [0.7328351509211373, 0.05505135931923355, 0.08373394634595757, 0.12837954341367208], [0.10983740831921346, 0.07000291576399967, 0.574081841544765, 0.24607783437202194], [0.12962061315305212, 0.5141164458613029, 0.0993555543018653, 0.2569073866837799], [0.4713330885445948, 0.09825571228470037, 0.36677040958143875, 0.063640789589266], [0.11734883023869552, 0.13575070740778086, 0.2871824720149178, 0.45971799033860594], [0.24997809831952428, 0.08990613663194733, 0.008585304820650019, 0.6515304602278785], [0.4134902008003318, 0.38146912794864074, 0.025297325074017787, 0.1797433461770098], [0.06744401067585744, 0.8243864108285819, 0.015470967148208833, 0.09269861134735213], [0.5705878735113028, 0.16655642319571975, 0.037468111110167325, 0.2253875921828103], [0.14459348701678357, 0.042124774089933086, 0.11504397337355944, 0.6982377655197242], [0.02434306341310256, 0.09723618290248282, 0.07268550825999105, 0.8057352454244237], [0.7162829037352617, 0.1597015588091154, 0.09384491309927213, 0.030170624356350765], [0.23533038697205735, 0.16645376502624715, 0.48056912652858164, 0.1176467214731138], [0.14194787349642557, 0.14000319510928833, 0.035559148971365556, 0.6824897824229206], [0.08880608498965373, 0.3068128320855376, 0.4849616928248254, 0.11941939009998317], [0.011713184248123173, 0.27966476507741694, 0.5447383227927955, 0.1638837278816643], [0.10406795249775345, 0.7326622600202342, 0.03572386290451177, 0.1275459245775006], [0.01599675341366185, 0.9365547443315414, 0.026476355118277266, 0.0209721471365189], [0.07477235207989442, 0.07394481064502822, 0.015845323941582116, 0.8354375133334957], [0.004182677352424362, 0.9371493926793102, 0.0355940622842175, 0.023073867684047875], [0.03766238069922835, 0.8744343552338099, 0.04422941836465245, 0.04367384570230941], [0.24583368854811338, 0.12457330490001849, 0.40167734073429456, 0.22791566581757328], [0.5556345921886199, 0.26698740694864537, 0.0023232427956099487, 0.17505475806712487], [0.017962896327500068, 0.09279982199536047, 0.495098235634712, 0.3941390460424275], [0.029561388900231106, 0.27431386967618915, 0.03343121846221265, 0.6626935229613671], [0.31036546085740446, 0.48616526969766644, 0.04567335254090252, 0.15779591690402642], [0.6008567615272362, 0.13042741193905158, 0.18423479232992387, 0.08448103420378818], [0.07517397682323315, 0.3589703375419513, 0.1357299991628781, 0.4301256864719371], [0.2068191749499132, 0.043382172617349384, 0.011234325875451154, 0.7385643265572864], [0.4346470741166373, 0.30242861098961166, 0.02606941293919747, 0.23685490195455386], [0.3831991984305684, 0.4122400291111332, 0.012333394448128669, 0.19222737801016984], [0.160715095105299, 0.7145903516494714, 0.014827371044748197, 0.10986718220048138], [0.010843481689055997, 0.0048777075506615435, 0.005443313263016675, 0.9788354974972657], [0.8073597414103073, 0.1525733889204616, 0.01660030218969873, 0.023466567479532456], [0.14709979508750945, 0.557631585112881, 0.12587264947289664, 0.16939597032671272], [0.2600224309713235, 0.3710002454096493, 0.007820444240117307, 0.36115687937891], [0.4691908909393879, 0.12080775247281975, 0.07439173793598122, 0.33560961865181155], [0.03511533341089704, 0.5886328819797338, 0.2705910302480485, 0.1056607543613202], [0.054499550209456855, 0.7757122948009652, 0.061387987049963406, 0.10840016793961427], [0.13494495053502742, 0.5496907088358554, 0.032243196380235734, 0.28312114424888163], [0.20867635972207324, 0.240674191309418, 0.007427527558997447, 0.5432219214095115], [0.15381693742481037, 0.1636373502360474, 0.02091413385977206, 0.6616315784793704], [0.6781846785350643, 0.08455691273079805, 0.006699019115384191, 0.23055938961875347], [0.43671129371017436, 0.04658889896655401, 0.03495927460019229, 0.48174053272307926], [0.21610158612463223, 0.13004229013708193, 0.06696306580694988, 0.5868930579313358], [0.24923750791198346, 0.38639694460939333, 0.011144741220274536, 0.3532208062583483], [0.19906746864590444, 0.45448171895607553, 0.014690894232697453, 0.33175991816532274], [0.12764885075874643, 0.23504394658406483, 0.05797857300940746, 0.5793286296477813], [0.21851952546937675, 0.39837204596844167, 0.004589234610568198, 0.37851919395161343], [0.5749074966301828, 0.060379166347746274, 0.0021588762361045345, 0.3625544607859663], [0.8482928054313117, 0.04177481786731018, 0.014115010362101728, 0.0958173663392764], [0.026970863239220717, 0.9407005840864314, 0.009357740340670185, 0.022970812333677856], [0.04433743705712777, 0.38725034219935356, 0.014857633988759493, 0.5535545867547591], [0.1547230298609779, 0.356358239898122, 0.25819264524567115, 0.2307260849952288], [0.24065676575798395, 0.24127545256144375, 0.027137881011100134, 0.4909299006694721], [0.1160614496983771, 0.5246171154061213, 0.013936426235721753, 0.3453850086597799], [0.6980753972536796, 0.1773609943023837, 0.028796771355138546, 0.09576683708879812], [0.1270293159435557, 0.7366901323187338, 0.04535208255620678, 0.09092846918150388], [0.1233985234311753, 0.5953808079148302, 0.06225476539504466, 0.2189659032589499], [0.046805724432095915, 0.004667738216516076, 0.934054336823083, 0.014472200528304852], [0.027482011276425175, 0.6715356105945732, 0.09496691047519135, 0.2060154676538099], [0.3093898297499328, 0.35863309559708617, 0.01945806936815759, 0.31251900528482357], [0.28820263286675807, 0.16897724799565145, 0.020726044367212537, 0.5220940747703778], [0.1979329082774831, 0.29600874282422046, 0.33777585218419154, 0.16828249671410533], [0.6024162680326176, 0.1223286458428836, 0.03750399115484718, 0.23775109496965163], [0.008888806988941603, 0.9763496953286598, 0.0015309067678404872, 0.013230590914558096], [0.6358486048367538, 0.07377661036763603, 0.0016850596626094365, 0.28868972513300106], [0.10723936583474496, 0.29704689589837785, 0.03195760322918883, 0.563756135037688], [0.5565665774669133, 0.21379331552466924, 0.02089926008904064, 0.2087408469193772], [0.427200007697921, 0.015509664994976118, 0.005182331631332281, 0.5521079956757708], [0.7487066130051182, 0.06871733425844122, 0.01633971767485814, 0.16623633506158242], [0.07064249079911053, 0.6857625128215075, 0.07102604911048807, 0.17256894726889374], [0.023423781206339235, 0.767815026187124, 0.007978139475515303, 0.20078305313102132], [0.5866850588458822, 0.18934695270366952, 0.09019199138334573, 0.1337759970671024], [0.02479748817755062, 0.07849833812518855, 0.031481198312502706, 0.8652229753847583], [0.055946150334721126, 0.3077515559768119, 0.21500904000163099, 0.4212932536868357], [0.8152602289415906, 0.03626785305914264, 0.07023734259310811, 0.07823457540615873], [0.2202429807401905, 0.2647137205515846, 0.040397914690702856, 0.47464538401752193], [0.02933145207878531, 0.7719130212215048, 0.07963775487981777, 0.11911777181989193], [0.19699001657804077, 0.10994830086885628, 0.00978840485337479, 0.6832732776997282], [0.06037081819498408, 0.6602402126652587, 0.0977367541685167, 0.18165221497124054], [0.9532892902125784, 0.01149897687328909, 0.004731775670088893, 0.030479957244043773], [0.03862504353338932, 0.25214803118852885, 0.009756822988770019, 0.6994701022893117], [0.7496824065626697, 0.02659083885142012, 0.12399755761781366, 0.09972919696809651], [0.2053874780197917, 0.2805486653149051, 0.010664734687702862, 0.5033991219776002], [0.10751946800080335, 0.0932519243618671, 0.3271071466558746, 0.47212146098145497], [0.2914974208044417, 0.06115048535499142, 0.05159468781637585, 0.595757406024191], [0.02679257668647361, 0.5033979929917026, 0.22214602214557674, 0.24766340817624688], [0.18627185710385064, 0.22744675222878386, 0.01966586315535182, 0.5666155275120134], [0.08900655192752845, 0.2073928601965776, 0.23357453484509477, 0.47002605303079925], [0.004425711015345565, 0.8157381426008274, 0.06635146466253736, 0.11348468172128999], [0.07325957515067155, 0.6492761636623415, 0.13184655389018052, 0.14561770729680654], [0.17743188655176276, 0.15873866080113216, 0.180184486763013, 0.4836449658840917], [0.1136066819704987, 0.5672654145670909, 0.1210720668800811, 0.19805583658232945], [0.9320432381023619, 0.00717492229016999, 0.006743086195311547, 0.054038753412156644], [0.4309996642088531, 0.487461685683444, 0.009264798209590046, 0.07227385189811286], [0.28987723320404635, 0.49651501555567884, 0.15391854047084175, 0.059689210769433], [0.09951786316718432, 0.38867321905728064, 0.0164310932945163, 0.49537782448101875], [0.14926685747724353, 0.28221257306038416, 0.026699923523655834, 0.541820645938717], [0.14572320867942065, 0.6113255572665082, 0.1375581755218451, 0.10539305853222623], [0.41087704900260047, 0.35947241911403327, 0.04100700849796367, 0.18864352338540274], [0.27558842670644784, 0.3512695530987779, 0.020055274514307993, 0.35308674568046644], [0.41782801213815124, 0.4579834841587516, 0.00557466584182856, 0.11861383786126864], [0.11103444966393401, 0.14635888886611684, 0.43752633596948143, 0.30508032550046765], [0.04205410719673298, 0.2946892835123499, 0.562768940457658, 0.100487668833259]]}}