{"test": {"ids": ["112118161", "111121930", "98111231", "99107300", "98108150", "110118701", "97106591", "101111140", "97113900", "110121450", "111119950", "107112850", "102113350", "97107260", "111118910", "112118581", "109114720", "103113610", "113119930", "107114621", "106113830", "99111440", "108115070", "107117010", "111121410", "101108290", "113117401", "101112540", "106116640", "102116500", "111116990", "97112290", "109115070", "98111670", "100108990", "104111780", "98116940", "109117600", "104114320", "98110680", "110120640", "99109840", "107115140", "107121540", "102116340", "108118291", "106119260", "104117200", "97106970", "108115970", "99109141", "111116100", "110120540", "98109311", "101109370", "113120280", "101108080", "107113550", "113117340", "113118870", "113122230", "111114171", "97116410", "104113550", "113120601", "106116370", "107113200", "102110890", "108113700", "110115980", "106120640", "110116441", "97114170", "112116540", "101108121", "98110230", "111115780", "112119320", "109114270", "104118070", "111116411", "112120700", "101121640", "110117870", "105116090", "113119120", "112117431", "111114121", "99109910", "110120531", "105119950", "105115250", "100110260", "112121030", "106114150", "108120060", "110115250", "111120540", "104112470", "99108000", "104112201", "107113840", "112117790", "100113370", "103113260", "113119450", "110121170", "111117200", "110118740", "112121351", "109120621", "112116290", "100108260", "105121370", "106118301", "105120280", "107121700", "97107821", "113121190", "106114011", "108118520", "109117150", "113119320", "108116120", "100109360", "105111990", "112119930", "110117200", "98110810", "107119130", "110116300", "113122650", "100120010", "100116500", "99112531", "111116530", "99108520", "102113210", "100108520", "109117080", "105113440", "106114880"], "labels": [0, 1, 1, 3, 0, 3, 1, 2, 2, 3, 0, 1, 3, 2, 0, 1, 0, 2, 1, 0, 1, 3, 1, 1, 0, 0, 3, 2, 3, 1, 0, 1, 0, 1, 2, 3, 2, 1, 2, 2, 0, 2, 0, 2, 3, 3, 1, 3, 2, 2, 3, 3, 1, 1, 1, 0, 0, 0, 2, 0, 1, 3, 3, 1, 2, 2, 0, 0, 0, 1, 3, 3, 2, 1, 0, 3, 1, 1, 3, 2, 0, 2, 2, 3, 1, 3, 0, 0, 2, 0, 3, 2, 3, 0, 1, 1, 1, 1, 1, 2, 0, 3, 3, 3, 3, 3, 2, 0, 3, 0, 1, 0, 3, 2, 1, 3, 3, 2, 1, 1, 0, 2, 1, 1, 0, 2, 1, 3, 1, 1, 3, 2, 0, 2, 3, 3, 2, 3, 2, 1, 0, 0], "predicted_labels": [3, 3, 0, 0, 1, 0, 1, 3, 1, 1, 3, 1, 2, 3, 3, 3, 1, 0, 3, 0, 0, 0, 2, 3, 0, 0, 1, 3, 3, 0, 3, 0, 1, 1, 1, 3, 1, 0, 2, 0, 2, 1, 1, 2, 1, 1, 1, 1, 3, 1, 0, 3, 3, 3, 2, 3, 1, 3, 0, 3, 1, 3, 0, 0, 0, 3, 3, 1, 1, 3, 2, 1, 1, 0, 3, 1, 0, 3, 1, 1, 3, 1, 3, 1, 3, 1, 0, 1, 2, 1, 1, 0, 0, 3, 0, 1, 0, 1, 3, 3, 1, 1, 3, 2, 1, 3, 3, 1, 3, 3, 0, 1, 0, 2, 3, 1, 2, 1, 1, 3, 1, 1, 3, 3, 3, 1, 3, 0, 1, 0, 3, 3, 1, 0, 3, 1, 0, 3, 0, 1, 2, 1], "confidence_scores": [[0.1852642349746594, 0.27301543887184015, 0.11827518094478717, 0.4234451452087133], [0.22773691596307485, 0.260410793008075, 0.16595599155831497, 0.34589629947053513], [0.2895970945495576, 0.27827963066995004, 0.19317657440766794, 0.23894670037282445], [0.6098854248855766, 0.11162084029286025, 0.1380308627335044, 0.14046287208805883], [0.17730611887986417, 0.3890961018706283, 0.18897319283026093, 0.2446245864192466], [0.36556537272785633, 0.1267097303972128, 0.2714699475676787, 0.23625494930725224], [0.3170326021804241, 0.4545803274283201, 0.08852846877777502, 0.13985860161348102], [0.2548283395980571, 0.2335170673839049, 0.2161600107615344, 0.2954945822565037], [0.1320418332354482, 0.36287560727035206, 0.1886288656332909, 0.31645369386090894], [0.2499749406201316, 0.2968439360424815, 0.15699374961468004, 0.2961873737227069], [0.11255281826950711, 0.14911266979897747, 0.08865494514237725, 0.6496795667891382], [0.15107022425251915, 0.5016854412850876, 0.12034729138436072, 0.22689704307803252], [0.20043985064278516, 0.2190323786061489, 0.35119347922975247, 0.22933429152131338], [0.13701596988675277, 0.275859220728631, 0.25715653878877087, 0.3299682705958452], [0.1882339191563525, 0.25527488883512833, 0.11576863470809856, 0.4407225573004206], [0.2499457951904967, 0.2547853430894916, 0.225051271311586, 0.2702175904084257], [0.13773167984983725, 0.3443782806602344, 0.33747857753796723, 0.180411461951961], [0.3190818645418923, 0.2328290888447141, 0.2509152736053648, 0.19717377300802874], [0.2590276014078666, 0.21779534453220128, 0.12011788393269507, 0.4030591701272372], [0.32800162866283994, 0.2703381062280306, 0.11868719526798291, 0.2829730698411466], [0.3208582135233813, 0.23507426308604337, 0.1328648525105202, 0.311202670880055], [0.3557910324201562, 0.13933521425840817, 0.2289675242380951, 0.27590622908334067], [0.1739252382594981, 0.22278025514810612, 0.4758458650139143, 0.12744864157848143], [0.21270437331767283, 0.27871998799450165, 0.22040646825121255, 0.28816917043661294], [0.30951004085389683, 0.2818394947313014, 0.1434122962010738, 0.26523816821372814], [0.31040514018150905, 0.2448845274991834, 0.2021633733927539, 0.24254695892655373], [0.248330350424006, 0.3923126419633006, 0.11171947393070115, 0.24763753368199237], [0.12659511971667728, 0.3085644187263604, 0.24636664401630728, 0.31847381754065507], [0.24232584374776991, 0.2667061927249938, 0.1779245792015022, 0.31304338432573414], [0.5482525089000237, 0.0635393047119953, 0.2952409533259388, 0.09296723306204213], [0.246801674895906, 0.16947278174669855, 0.14280311914867522, 0.44092242420872024], [0.5062434776938882, 0.19289694749195074, 0.09554445080809347, 0.2053151240060675], [0.19004327184107403, 0.47889144566357345, 0.14770838207310452, 0.18335690042224806], [0.18942794899720616, 0.29962058339131237, 0.26852176660821964, 0.24242970100326197], [0.17900765093472995, 0.4735353706542595, 0.0835715320723095, 0.2638854463387009], [0.24992607967920955, 0.27463247235989763, 0.16306507251783173, 0.3123763754430612], [0.12584798710474845, 0.5418669605431289, 0.16341987029631747, 0.16886518205580506], [0.34591921161353556, 0.24830849233637586, 0.25515974606949987, 0.15061254998058873], [0.30350494300816794, 0.1450844795430281, 0.3105574907115905, 0.2408530867372136], [0.43541858088445656, 0.18533359678960323, 0.23933199749855708, 0.13991582482738302], [0.16195048845537935, 0.2547639028374347, 0.33806682708598346, 0.2452187816212025], [0.16015063904713545, 0.38798921688060467, 0.17857404818261968, 0.2732860958896404], [0.20316643499973308, 0.28179054742846693, 0.24053776971798585, 0.27450524785381425], [0.31472362225623546, 0.18398000924203564, 0.3387483541053647, 0.1625480143963641], [0.12975673380291583, 0.4079972396491738, 0.09543598996987032, 0.3668100365780403], [0.2333832594976767, 0.36788728444687124, 0.07626602550289441, 0.32246343055255783], [0.28776765445226893, 0.29596443294981156, 0.16598112273123228, 0.25028678986668723], [0.15512080257932107, 0.4741894997388074, 0.09927297010007737, 0.271416727581794], [0.18262627705484807, 0.14565499135693363, 0.09941119976672089, 0.5723075318214973], [0.20943939724983157, 0.3647251627300562, 0.13184148298538295, 0.29399395703472936], [0.5133931363738025, 0.1277942642289766, 0.07956932767506046, 0.2792432717221604], [0.27844188648773904, 0.22304975918853198, 0.1743722296706316, 0.32413612465309743], [0.2394687955629036, 0.2387131562075334, 0.14121014040756483, 0.3806079078219982], [0.2333331530341837, 0.2727578530775391, 0.19929964313186635, 0.2946093507564108], [0.19388237187402918, 0.19673381532220122, 0.3314465580318039, 0.27793725477196585], [0.18285980912786312, 0.1579484672688461, 0.10387299551226858, 0.5553187280910223], [0.1507550463404162, 0.4250262403159548, 0.2041353004780985, 0.2200834128655304], [0.12176197368817335, 0.272225739985533, 0.2714389908291761, 0.3345732954971175], [0.3651541252591046, 0.2575017705039029, 0.160603673061032, 0.21674043117596065], [0.11727007871692231, 0.18637238776426368, 0.1269541557069586, 0.5694033778118556], [0.1717298818443099, 0.38033555189918494, 0.15025710397902903, 0.2976774622774763], [0.3048715857264632, 0.20994356629112393, 0.06470849662102254, 0.4204763513613903], [0.3006451768389403, 0.25790357576246586, 0.29406927928833854, 0.1473819681102551], [0.7059636250636239, 0.14425152495936194, 0.053588777769533524, 0.09619607220748082], [0.38007943616630563, 0.1839229961760853, 0.09458194853397506, 0.3414156191236342], [0.25185607729575166, 0.16171241688201576, 0.21357833600015902, 0.37285316982207356], [0.25401572852187126, 0.27768061530161076, 0.11621302068649558, 0.3520906354900224], [0.17242299680700932, 0.36819346113082974, 0.19413881205774872, 0.2652447300044123], [0.2860947409513397, 0.34577862923312525, 0.17865408398253324, 0.1894725458330017], [0.1507497595643905, 0.2919961576462118, 0.180592779425657, 0.3766613033637409], [0.13598330480204393, 0.23629917852167198, 0.34349836476143825, 0.2842191519148459], [0.24770111199786685, 0.27949198987484297, 0.22489596257586808, 0.24791093555142243], [0.14897357442123402, 0.34995089140896324, 0.21588393010205137, 0.2851916040677513], [0.44265915242497966, 0.1702844839910264, 0.08742735527308797, 0.299629008310906], [0.17020789646874182, 0.256838530984667, 0.14985729556928468, 0.4230962769773065], [0.3072484242620682, 0.33936369278658995, 0.15610125746775483, 0.19728662548358714], [0.43018435022985957, 0.2431423388812002, 0.10878530939448365, 0.2178880014944565], [0.2000409088308425, 0.22753925530021812, 0.12902959444572867, 0.4433902414232107], [0.25219663986034346, 0.3524343882998407, 0.16085250658425285, 0.23451646525556316], [0.23343039556523462, 0.3183705678558349, 0.13351271273397822, 0.3146863238449521], [0.20936522508114086, 0.13420624592785313, 0.1024983777100175, 0.5539301512809885], [0.19396115306756387, 0.4514389959373195, 0.09944888493867288, 0.2551509660564438], [0.16830999993435733, 0.26590449853815895, 0.2459305538122509, 0.31985494771523276], [0.12147355317625758, 0.35892044768137965, 0.3389738519140597, 0.18063214722830315], [0.1979000008964807, 0.3337711712054775, 0.11687438452466074, 0.3514544433733812], [0.20549679859806697, 0.30917821568770365, 0.1779919255418665, 0.3073330601723631], [0.4989454689721305, 0.14060316839587308, 0.1285996801231611, 0.23185168250883542], [0.13880465293874172, 0.5993757257331799, 0.0758017506902301, 0.1860178706378484], [0.16540331301916433, 0.23551064268124008, 0.40586887511591707, 0.19321716918367862], [0.130000344942928, 0.5711463047442618, 0.1340903891340292, 0.16476296117878092], [0.26103112030733744, 0.38650160660676397, 0.16345749585408326, 0.18900977723181553], [0.3802912848474124, 0.16812891732584478, 0.19371368644353917, 0.25786611138320376], [0.3570095419062869, 0.2521632421964152, 0.12444842020585217, 0.2663787956914458], [0.23966841599414604, 0.15981260261519076, 0.10087205401748149, 0.49964692737318184], [0.4922853226240399, 0.18234630196007207, 0.17079048933291852, 0.15457788608296974], [0.17286036731498325, 0.35913737699084086, 0.23427321754855052, 0.23372903814562535], [0.36476118594561047, 0.22790859175068312, 0.15382769285446962, 0.2535025294492369], [0.20271219212244163, 0.3329765548414487, 0.21576027098390013, 0.24855098205220957], [0.23376413156538708, 0.2883960625043316, 0.18587632121637782, 0.2919634847139035], [0.19056100118866187, 0.2081553324919737, 0.2813240391804027, 0.3199596271389617], [0.2036687223978193, 0.4174644850192241, 0.1419345333756636, 0.23693225920729308], [0.23969008971387326, 0.41249124771750767, 0.18151723972237385, 0.16630142284624544], [0.23235513431629518, 0.27031988950708646, 0.17654570734064398, 0.32077926883597435], [0.15168402173853393, 0.20907216886503652, 0.39228741406140616, 0.24695639533502334], [0.1940668916679357, 0.416248059762796, 0.24439160844428295, 0.14529344012498546], [0.32078772776989456, 0.20737248298164235, 0.12070664118893999, 0.351133148059523], [0.19543261821597713, 0.2292296301927233, 0.26759850036786786, 0.3077392512234316], [0.22198494596838747, 0.31671294576250414, 0.21896997933461423, 0.24233212893449427], [0.35052716791281463, 0.13731062178335462, 0.0812700002358277, 0.4308922100680031], [0.193749160927576, 0.20906372922498845, 0.19972720735099636, 0.3974599024964392], [0.39492276859685777, 0.2360115544762284, 0.06100267828030197, 0.30806299864661185], [0.07692190643003674, 0.4180729033029493, 0.21234337848224752, 0.2926618117847666], [0.3312948305845473, 0.20098153622406092, 0.29145547207802164, 0.17626816111337038], [0.08523787670176751, 0.27149885034959453, 0.44567407721616503, 0.19758919573247308], [0.20447406925411693, 0.23212115641464853, 0.09640092249537453, 0.4670038518358601], [0.27487000554256197, 0.3542267182957661, 0.14940795022983938, 0.22149532593183283], [0.23392675654490114, 0.19922642349926276, 0.35583717112390606, 0.21100964883193016], [0.11923766731052521, 0.6940703761609309, 0.0728097430550493, 0.11388221347349448], [0.11053349531778231, 0.4023259727765691, 0.24726721944624272, 0.23987331245940582], [0.29493523359848056, 0.2876639021535155, 0.12117173614225978, 0.29622912810574425], [0.242805355652885, 0.38865421020267676, 0.11090961827527603, 0.25763081586916214], [0.126754835978463, 0.39956373807193235, 0.21833710411241555, 0.2553443218371892], [0.07683849821207515, 0.23628000040445354, 0.06350245904510592, 0.6233790423383653], [0.2791919149544932, 0.24990802924888644, 0.09336429279036597, 0.37753576300625463], [0.21441827112326747, 0.24596918016333516, 0.16299422647486084, 0.37661832223853664], [0.19738882413818468, 0.5156585752400414, 0.14849585826616807, 0.1384567423556059], [0.16017423195767433, 0.30796732372331287, 0.19523973970016734, 0.33661870461884547], [0.3220760279161696, 0.2710725098573421, 0.12688786383970518, 0.2799635983867832], [0.15406953597544545, 0.4196416661371277, 0.10842901017515165, 0.31785978771227513], [0.29653637095783014, 0.2538302942246347, 0.26990709173911454, 0.1797262430784205], [0.15585104476791578, 0.30388549351606453, 0.18478100770384287, 0.3554824540121769], [0.12571110484452283, 0.14407509835211815, 0.22311090237108228, 0.5071028944322767], [0.14055490906570794, 0.3830228052664855, 0.3059192886159651, 0.17050299705184155], [0.6887041270656817, 0.08490113816463103, 0.0776922838387745, 0.14870245093091258], [0.21025723627405768, 0.32104624591570624, 0.1048970421301439, 0.36379947568009235], [0.24489940813859548, 0.4064344279526797, 0.12967544637104172, 0.21899071753768307], [0.3109411135215567, 0.25746794115494503, 0.2298012785347738, 0.20178966678872443], [0.14724159974744297, 0.3273402622652057, 0.14748026334780898, 0.37793787463954237], [0.38100967655275475, 0.12306054058752633, 0.1225254537993389, 0.37340432906038007], [0.09576808130854937, 0.5607786130777738, 0.10525989085077098, 0.238193414762906], [0.17940423386053683, 0.2736325162397479, 0.30067862554470126, 0.24628462435501428], [0.22611808323164082, 0.37483140912542395, 0.12868443805077467, 0.27036606959216064]]}, "rewritten": {"ids": ["97106591", "97106970", "97107260", "97107821", "97112290", "97113900", "97114170", "97116410", "98108150", "98109311", "98110230", "98110680", "98110810", "98111231", "98111670", "98116940", "99107300", "99108000", "99108520", "99109141", "99109840", "99109910", "99111440", "99112531", "100108260", "100108520", "100108990", "100109360", "100110260", "100113370", "100116500", "100120010", "101108080", "101108121", "101108290", "101109370", "101111140", "101112540", "101121640", "102110890", "102113210", "102113350", "102116340", "102116500", "103113260", "103113610", "104111780", "104112201", "104112470", "104113550", "104114320", "104117200", "104118070", "105111990", "105113440", "105115250", "105116090", "105119950", "105120280", "105121370", "106113830", "106114011", "106114150", "106114880", "106116370", "106116640", "106118301", "106119260", "106120640", "107112850", "107113200", "107113550", "107113840", "107114621", "107115140", "107117010", "107119130", "107121540", "107121700", "108113700", "108115070", "108115970", "108116120", "108118291", "108118520", "108120060", "109114270", "109114720", "109115070", "109117080", "109117150", "109117600", "109120621", "110115250", "110115980", "110116300", "110116441", "110117200", "110117870", "110118701", "110118740", "110120531", "110120540", "110120640", "110121170", "110121450", "111114121", "111114171", "111115780", "111116100", "111116411", "111116530", "111116990", "111117200", "111118910", "111119950", "111120540", "111121410", "111121930", "112116290", "112116540", "112117431", "112117790", "112118161", "112118581", "112119320", "112119930", "112120700", "112121030", "112121351", "113117340", "113117401", "113118870", "113119120", "113119320", "113119450", "113119930", "113120280", "113120601", "113121190", "113122230", "113122650"], "labels": [1, 2, 2, 2, 1, 2, 2, 3, 0, 1, 3, 2, 1, 1, 1, 2, 3, 2, 2, 3, 2, 2, 3, 3, 3, 2, 2, 0, 3, 3, 2, 0, 0, 0, 0, 1, 2, 2, 2, 0, 3, 3, 3, 1, 3, 2, 3, 0, 1, 1, 2, 3, 2, 2, 0, 2, 1, 3, 3, 2, 1, 1, 1, 0, 2, 3, 1, 1, 3, 1, 0, 0, 3, 0, 0, 1, 1, 2, 3, 0, 1, 2, 1, 3, 0, 1, 3, 0, 0, 1, 2, 1, 1, 1, 1, 3, 3, 3, 3, 3, 3, 0, 1, 0, 2, 3, 0, 3, 1, 3, 0, 3, 0, 0, 0, 0, 1, 0, 1, 0, 1, 0, 3, 0, 1, 1, 1, 2, 0, 0, 2, 3, 0, 3, 1, 3, 1, 0, 2, 1, 1, 2], "predicted_labels": [1, 3, 1, 1, 0, 3, 3, 0, 0, 1, 3, 0, 3, 1, 1, 1, 3, 3, 1, 1, 3, 2, 1, 0, 0, 3, 3, 2, 1, 3, 0, 1, 1, 1, 0, 2, 3, 1, 1, 3, 3, 2, 1, 0, 1, 1, 0, 1, 1, 0, 0, 1, 1, 1, 2, 1, 3, 1, 1, 1, 3, 1, 1, 1, 3, 3, 3, 1, 1, 1, 0, 2, 1, 0, 3, 3, 2, 3, 2, 0, 3, 3, 1, 1, 1, 1, 1, 2, 1, 2, 3, 1, 3, 1, 3, 1, 0, 3, 1, 0, 3, 1, 1, 3, 2, 1, 3, 3, 1, 0, 3, 1, 0, 3, 2, 3, 1, 0, 0, 1, 0, 3, 3, 3, 1, 2, 1, 1, 3, 2, 0, 3, 3, 3, 3, 3, 1, 3, 3, 2, 1, 3], "confidence_scores": [[0.30976802499293016, 0.5033909906798795, 0.07233128974496776, 0.11450969458222256], [0.21898444269684883, 0.2594618970268739, 0.1571464113008504, 0.3644072489754269], [0.1858513451706572, 0.335332259013716, 0.14521684167398774, 0.3335995541416392], [0.1190725040328879, 0.6507232435505964, 0.08939860392934933, 0.14080564848716648], [0.4374110403795612, 0.1463182506279538, 0.14212158618666354, 0.2741491228058215], [0.1780603978798853, 0.1488058338441759, 0.28515948591308926, 0.3879742823628495], [0.1681530709179541, 0.25097365892217355, 0.15621244540418522, 0.42466082475568706], [0.35076714473538934, 0.2863010743767332, 0.16663965681647602, 0.1962921240714015], [0.30975890163652525, 0.22834111896364198, 0.18091856393740421, 0.2809814154624285], [0.18255170610418112, 0.3172821633027937, 0.2049483145431858, 0.2952178160498396], [0.3105172138325729, 0.22895219273942718, 0.13406128523001495, 0.3264693081979851], [0.38964091830527414, 0.3873752046659807, 0.1126000692857759, 0.11038380774296937], [0.2557667959821816, 0.25871108223075495, 0.21699240542469406, 0.2685297163623694], [0.30624656999885563, 0.38928217653227554, 0.15963965952542863, 0.14483159394344014], [0.13468000978250352, 0.5343251647107874, 0.14474935273198122, 0.18624547277472794], [0.2190200327700235, 0.39454898373399616, 0.1593058526607144, 0.22712513083526606], [0.21837982243020368, 0.28127562842750586, 0.16337612277279237, 0.3369684263694982], [0.15521806293216484, 0.25001802395808514, 0.2775801984350615, 0.3171837146746886], [0.22891377016632386, 0.3217127488014979, 0.1527904202194289, 0.29658306081274943], [0.22965745123089484, 0.40820498620273776, 0.12477889477861095, 0.23735866778775647], [0.22387868723849794, 0.2832037382424378, 0.18254708189885577, 0.3103704926202086], [0.13035463619818224, 0.29306434692941175, 0.3537160178021725, 0.22286499907023344], [0.1910687349573472, 0.3657737071378951, 0.22443913350516348, 0.2187184243995943], [0.3056588664173836, 0.27327185416234445, 0.16495224553998894, 0.25611703388028306], [0.28713858225922534, 0.2629994893205737, 0.2396421041912068, 0.21021982422899413], [0.18608881149762013, 0.21105689199564423, 0.10815008555509975, 0.49470421095163575], [0.2511501756224572, 0.28671444378445315, 0.1447210817065923, 0.31741429888649736], [0.1662685995861017, 0.21052303372240508, 0.3407849250762254, 0.2824234416152679], [0.22732400983437587, 0.2990288009876479, 0.1765363021802775, 0.2971108869976988], [0.19899779986691454, 0.21679171748167314, 0.20690723257976326, 0.3773032500716491], [0.6128165048119198, 0.12191620250947795, 0.09753383821966599, 0.16773345445893617], [0.22230177133065063, 0.4329147884352334, 0.162480002243509, 0.18230343799060705], [0.17825867130865644, 0.37659025284314146, 0.1836815669265158, 0.2614695089216866], [0.23278152364407112, 0.32707121441556025, 0.16791410749106112, 0.27223315444930773], [0.3611608438034467, 0.27045931210021174, 0.16019033905498137, 0.20818950504136027], [0.2273664671763297, 0.14841786140376, 0.41762888227470085, 0.2065867891452094], [0.2450935687913893, 0.133593251560932, 0.1934013377072368, 0.427911841940442], [0.16095995960362217, 0.5351563048554017, 0.09840933086286417, 0.20547440467811195], [0.16456749174623345, 0.3882013491150142, 0.18473097787340476, 0.26250018126534763], [0.19349251237712262, 0.1422389307985566, 0.33038107508981823, 0.33388748173450267], [0.19396074076026326, 0.2716606425587666, 0.08947305834482738, 0.44490555833614265], [0.2364444701130012, 0.2385139702212016, 0.30357376455749235, 0.22146779510830503], [0.14332083255063455, 0.38805460832732164, 0.1394316898745235, 0.3291928692475202], [0.42328969177865927, 0.1388031409159835, 0.10546981566415374, 0.3324373516412036], [0.21691690242638814, 0.43095298716334557, 0.16271788126130335, 0.18941222914896289], [0.19422667524530735, 0.3215666691550666, 0.23928416886307058, 0.24492248673655564], [0.2956414485666367, 0.2532119788188177, 0.2119939929575186, 0.23915257965702705], [0.22660317816835868, 0.37760813037058244, 0.08946075471003438, 0.30632793675102443], [0.18360441284891896, 0.3117094230249953, 0.244013315663431, 0.26067284846265487], [0.740140054391366, 0.13600206861315092, 0.04413454185189868, 0.07972333514358444], [0.3775944092766493, 0.21530813370386356, 0.23366525487584872, 0.17343220214363866], [0.19362217224939773, 0.4215752458276029, 0.15007436500038496, 0.23472821692261442], [0.1969753401821778, 0.33048915827384706, 0.1681942250047598, 0.3043412765392155], [0.11884793425306565, 0.5754804662624236, 0.08221913628252343, 0.22345246320198744], [0.24102234515083576, 0.25691856218934217, 0.32733509434538044, 0.17472399831444163], [0.29444143902975145, 0.3452949763204265, 0.12044231098722986, 0.2398212736625922], [0.2099644924682378, 0.25382621464940397, 0.23119880616061697, 0.30501048672174125], [0.2980272707702275, 0.496224846833799, 0.10756391460597467, 0.09818396778999879], [0.21974730981301874, 0.40704835551794566, 0.11823268222179743, 0.2549716524472384], [0.18771265392136788, 0.40516932958546253, 0.1043876329365558, 0.30273038355661375], [0.3110179981972316, 0.17123419192165415, 0.12863798758053827, 0.38910982230057606], [0.29000011646754303, 0.31183674787537996, 0.2253745649938873, 0.17278857066318976], [0.32356761223097913, 0.3813815133420903, 0.12411719829313843, 0.1709336761337923], [0.16554285617929607, 0.5060447042990871, 0.13503044362518274, 0.19338199589643423], [0.2051060572548911, 0.2575593882650975, 0.22752226463299174, 0.3098122898470197], [0.25245376035284334, 0.2759608625161077, 0.1835980717163558, 0.2879873054146932], [0.23972355974057544, 0.24369355965623882, 0.0948454293715674, 0.4217374512316183], [0.2475053256418495, 0.31685062166579775, 0.12369165781500632, 0.3119523948773467], [0.13303453810255078, 0.3972408597607822, 0.18934458263546936, 0.2803800195011976], [0.25541448805467454, 0.3457190399163368, 0.13568636032629172, 0.26318011170269695], [0.6461484852728852, 0.14985915293582375, 0.07197744455358336, 0.13201491723770772], [0.13404354743926478, 0.2879038760100023, 0.3111374632001212, 0.26691511335061185], [0.1763382877321123, 0.37195484156472003, 0.1998743831627948, 0.25183248754037285], [0.4353613430458137, 0.22528891537707058, 0.1114081384855712, 0.22794160309154463], [0.2484345471053322, 0.20226125446763277, 0.23640366140369348, 0.31290053702334153], [0.18970901926895614, 0.28650771777136375, 0.18569124305478277, 0.3380920199048975], [0.19344894766386717, 0.29614863518673545, 0.32678621326818563, 0.18361620388121178], [0.2544232578895617, 0.20579642009239207, 0.20849103322046683, 0.33128928879757946], [0.10916503173231389, 0.23243581675269634, 0.4391849827225609, 0.21921416879242892], [0.2883849209750129, 0.20183334081968546, 0.2705388314301026, 0.23924290677519913], [0.2300938323842864, 0.23440053738647157, 0.24885028591046174, 0.2866553443187803], [0.19691262253542033, 0.2127058057477691, 0.19118815482010093, 0.3991934168967096], [0.1791784732723135, 0.5303931803397294, 0.06794129601553703, 0.22248705037242011], [0.20812421511584545, 0.46299957952268017, 0.06729578612907751, 0.2615804192323968], [0.1899697186986277, 0.4965838944612369, 0.07939089391454866, 0.23405549292558683], [0.15378741029077547, 0.38436950028240624, 0.2000496183031275, 0.26179347112369084], [0.2873360227890276, 0.2886784631338648, 0.15588215215497137, 0.2681033619221362], [0.21109398331330137, 0.2854785250840996, 0.28877121687117924, 0.21465627473141966], [0.1990739673789235, 0.458222337064493, 0.16890721836665143, 0.17379647718993207], [0.14594985357917692, 0.2849277514448165, 0.34831734346402243, 0.2208050515119841], [0.2186839617657572, 0.22118181501581266, 0.26800735398954495, 0.29212686922888526], [0.18131683155338404, 0.42463004038971325, 0.24504793925073787, 0.1490051888061648], [0.19838175584325096, 0.34109463540972135, 0.08841318137055738, 0.37211042737647043], [0.3066006440868212, 0.33026726076453916, 0.16298230437624792, 0.20014979077239195], [0.2677699201468544, 0.24212376055974238, 0.1737516073791254, 0.3163547119142778], [0.158078712101558, 0.36800352025264504, 0.11612673552117972, 0.3577910321246173], [0.3131819638533665, 0.22899053503174, 0.15006020122148442, 0.307767299893409], [0.22494770730484134, 0.28542606071857296, 0.16940378707952383, 0.3202224448970618], [0.19530450692536117, 0.33580697866082493, 0.21937408616984092, 0.2495144282439729], [0.391554909955543, 0.20889312950044114, 0.09329951786660093, 0.306252442677415], [0.2952941762226936, 0.1493219595322494, 0.0785191573897947, 0.47686470685526233], [0.16323347533666885, 0.3937451582783296, 0.11920002511516728, 0.3238213412698342], [0.20181285836936683, 0.33681274154796936, 0.13979550449551822, 0.32157889558714553], [0.2849990918046969, 0.263404918938139, 0.15317707521552523, 0.29841891404163884], [0.14822567593580252, 0.17830377605237252, 0.35874958473124235, 0.3147209632805827], [0.22062709820520604, 0.2829744274626381, 0.23802479202871746, 0.25837368230343843], [0.12322192907032775, 0.23736208990372593, 0.12045446820932684, 0.5189615128166196], [0.19928290166185159, 0.23234092409979262, 0.06222655166293845, 0.5061496225754174], [0.20178493924145685, 0.3910687296062446, 0.11027968770002804, 0.29686664345227043], [0.45169532127498885, 0.20374800183318015, 0.1338089871905498, 0.21074768970128138], [0.35882462207341237, 0.1168292285107359, 0.08862931633149723, 0.4357168330843545], [0.2520386428953744, 0.39057695018448124, 0.1156785600363774, 0.2417058468837671], [0.3154795217363295, 0.2169329930811258, 0.231932277188792, 0.23565520799375284], [0.16406278765037233, 0.27997030929245265, 0.25126469457071376, 0.30470220848646123], [0.15519645046916986, 0.3095809343429299, 0.3132222320018943, 0.22200038318600604], [0.16304414736518927, 0.3067773849315759, 0.12512932458362053, 0.4050491431196143], [0.22459478837762975, 0.34008943272003755, 0.2379664575667521, 0.19734932133558056], [0.3650222325654975, 0.2156868186289213, 0.10374871774603825, 0.315542231059543], [0.3464075964424199, 0.25585849355035695, 0.15932576062711817, 0.23840814938010504], [0.12983220924024327, 0.5003521522016486, 0.19941486015003054, 0.17040077840807755], [0.49542907688371135, 0.1689510642205909, 0.10169387341513239, 0.2339259854805656], [0.2834927665408334, 0.2616341541535435, 0.14478245693428154, 0.3100906223713416], [0.26056681009719584, 0.24499608989140795, 0.15306502819211268, 0.34137207181928364], [0.16267696883381247, 0.1923037518281092, 0.07255147911530568, 0.5724678002227725], [0.2880930825023402, 0.3323213521527841, 0.18006017288895562, 0.1995253924559201], [0.14293272568962745, 0.15813842610660062, 0.3758414347866658, 0.32308741341710634], [0.18722339471203417, 0.33630824282602256, 0.23077491325485916, 0.24569344920708427], [0.19473139302267276, 0.40056419360720846, 0.15950776387442667, 0.24519664949569211], [0.09939219544407259, 0.12538069637977484, 0.06522419758259415, 0.7100029105935585], [0.1578966983542636, 0.21475045071550533, 0.33478948303028583, 0.2925633678999453], [0.34818091545292656, 0.2532174280013579, 0.17770023417356948, 0.2209014223721461], [0.3249627976129678, 0.23189399841591157, 0.1121582756189335, 0.3309849283521872], [0.189499448821713, 0.30061270965809983, 0.12930334084869138, 0.3805845006714959], [0.2663390809738211, 0.25084100854416924, 0.11681721168201896, 0.3660026987999907], [0.09208785400673053, 0.419723988961973, 0.0652402745227217, 0.422947882508575], [0.2546460297049288, 0.13942954428633264, 0.08780665986384807, 0.5181177661448906], [0.3081266423440517, 0.35617470886604324, 0.13288649446997722, 0.202812154319928], [0.1693634966048631, 0.18096763754703044, 0.08885820310066263, 0.560810662747444], [0.20106606434414515, 0.21251687256946927, 0.12028878786853783, 0.4661282752178479], [0.13665003840029655, 0.2735286326197844, 0.33991504677919326, 0.24990628220072583], [0.15890521014106562, 0.4214143112006611, 0.2520954250005098, 0.1675850536577636], [0.18096803220560312, 0.1522769770592615, 0.12767489018950606, 0.5390801005456293]]}}