{"test": {"ids": ["113122190", "111121410", "110121140", "101112540", "103120730", "98113881", "110117500", "108115970", "113118490", "108113740", "99107500", "103113210", "99112300", "109121351", "100109910", "107114321", "107121540", "101110740", "98107380", "101112201", "109117600", "109115070", "102121440", "97112830", "113119360", "111118910", "99110050", "113121220", "103110050", "107121700", "99119830", "112117660", "110115890", "110118930", "107112850", "105120280", "103111990", "98108580", "113118620", "99108080", "99111930", "97107950", "108115570", "99121440", "112118620", "109117150", "112118581", "113122220", "99112641", "103110760", "108121351", "100120780", "103120340", "107116300", "102110240", "97107040", "112120540", "104114740", "112118820", "106114321", "112117461", "103113270", "97114170", "98106111", "97116500", "108114270", "109116930", "100112060", "110114720", "113122160", "113117630", "112120290", "101121640", "106116640", "103113640", "99109740", "113117401", "109114651", "99105921", "112117790", "98107010", "101111140", "111120640", "111119580", "111121351", "104111990", "110114321", "111116290", "107118780", "98108370", "103111930", "106116820", "112116540", "99116500", "100108520", "102110750", "99109840", "113122510", "99117630", "105116650", "97113260", "99117740", "109119010", "111120540", "112117471", "98110710", "113119700", "104114320", "109120540", "113122150", "106118520", "101111310", "98121790", "102112250", "106116850", "100116500", "113120280", "108117720", "106118820", "109115220", "107121230", "102113981", "98111670", "112117210", "109117271", "111117571", "113118511", "101111210", "101108950", "100111080", "105119550", "103109021", "110121450", "108116070", "105115680", "108120060", "98106680", "100108990", "102109010", "108115870", "108114180", "110120190"], "labels": [1, 0, 3, 2, 1, 3, 1, 2, 1, 3, 0, 3, 0, 0, 2, 0, 2, 3, 1, 0, 1, 0, 2, 2, 0, 0, 3, 3, 3, 3, 1, 0, 2, 1, 1, 3, 2, 0, 3, 3, 1, 2, 3, 2, 3, 2, 1, 1, 1, 1, 3, 1, 1, 0, 3, 2, 3, 2, 0, 2, 0, 2, 2, 0, 2, 3, 0, 2, 3, 3, 0, 1, 2, 3, 1, 3, 3, 3, 1, 3, 3, 2, 0, 3, 0, 2, 1, 2, 1, 1, 3, 1, 1, 2, 2, 1, 2, 2, 3, 1, 1, 2, 3, 1, 3, 2, 0, 2, 1, 2, 2, 3, 2, 0, 3, 2, 0, 1, 3, 3, 0, 1, 1, 1, 0, 3, 1, 2, 2, 0, 1, 0, 3, 1, 2, 1, 1, 2, 1, 3, 1, 3], "predicted_labels": [1, 1, 3, 1, 3, 1, 1, 1, 3, 3, 1, 3, 0, 0, 0, 1, 2, 1, 0, 0, 0, 1, 0, 1, 3, 0, 2, 1, 1, 1, 2, 0, 1, 1, 1, 1, 3, 3, 1, 0, 1, 3, 2, 2, 3, 3, 0, 1, 0, 3, 3, 3, 3, 3, 0, 2, 1, 1, 1, 0, 1, 3, 1, 1, 1, 3, 0, 1, 2, 1, 0, 1, 1, 0, 0, 2, 0, 3, 3, 3, 3, 3, 3, 0, 0, 0, 0, 0, 1, 3, 0, 0, 3, 2, 3, 2, 3, 2, 3, 2, 3, 0, 3, 0, 0, 3, 1, 0, 0, 1, 1, 1, 0, 3, 2, 0, 3, 0, 1, 1, 0, 3, 1, 1, 3, 2, 1, 3, 1, 3, 1, 3, 1, 3, 3, 0, 2, 0, 3, 0, 1, 3], "confidence_scores": [[0.0024435922715654247, 0.9629791877509005, 0.026036669048236913, 0.008540550929296875], [0.00872238604234266, 0.9409431309516572, 0.010591617375981228, 0.03974286563001901], [0.36218750533032285, 0.09516545317619783, 0.05531284550407281, 0.4873341959894066], [0.004897860835908383, 0.9105369085596863, 0.03411134910561435, 0.05045388149879078], [0.016710150353873337, 0.3896538726314722, 0.02901080671340198, 0.5646251703012525], [0.034955099180873216, 0.8857853196747465, 0.00996162916700616, 0.06929795197737411], [0.14421838855155159, 0.6347773249355492, 0.03596063390583379, 0.18504365260706557], [0.0017182777846129053, 0.9249573665263618, 0.006441833491754165, 0.06688252219727109], [0.007851972577885157, 0.0019756382221225678, 0.001451016120977694, 0.9887213730790146], [0.15960392034390375, 0.0016032766206735276, 0.011691085453522347, 0.8271017175819003], [0.04677289552461905, 0.46941100477954123, 0.05431765311216152, 0.42949844658367836], [0.025170049102243228, 0.006007559739734139, 0.3773930851619742, 0.5914293059960485], [0.6334026689946124, 0.03229263040044797, 0.040156332578545645, 0.29414836802639405], [0.9561747564075564, 0.007180468945949495, 0.004999861676806575, 0.031644912969687494], [0.3670630070901295, 0.31775907728260216, 0.29521738785860646, 0.019960527768661866], [0.0065661382886018135, 0.8984020747141146, 0.0003162224743625834, 0.09471556452292103], [0.0005541048155896707, 0.07965655212169513, 0.9184834860464897, 0.0013058570162254415], [0.11436172603634019, 0.8110879742410184, 0.031031660474039737, 0.04351863924860164], [0.6280928559433971, 0.00025524180815863167, 0.29880621793038187, 0.07284568431806245], [0.96903851526151, 0.018570324482636687, 0.004868073776237638, 0.007523086479615646], [0.8241883357516852, 0.10491093223083872, 0.043088094905054664, 0.027812637112421594], [0.15871778352329438, 0.6678834321140154, 0.10613968548212879, 0.0672590988805615], [0.7417231114024115, 0.010965278586200533, 0.127750849926231, 0.11956076008515687], [0.11068534817427443, 0.6098997321215932, 0.15557867186601007, 0.12383624783812243], [0.266543233470514, 0.1682891379310141, 0.0021402955402890765, 0.5630273330581828], [0.6652210732441206, 0.1542019831738942, 0.0641800208007591, 0.11639692278122599], [0.048975171028338337, 0.0531892624930511, 0.8821302299642184, 0.01570533651439215], [0.019410443512825143, 0.6318246288585937, 0.08390424743380913, 0.26486068019477194], [0.2279352671454091, 0.74114199289313, 0.027647231521841363, 0.003275508439619469], [0.004933404730827305, 0.8902588053115692, 0.007268618470380974, 0.09753917148722246], [0.32028622912293886, 0.30096741311091796, 0.3309491960310944, 0.047797161735048804], [0.4674952395272061, 0.02414484406189337, 0.06936517817553928, 0.4389947382353611], [0.06663247971962936, 0.7146983773357852, 0.21546463284353953, 0.003204510101045876], [6.083089348070086e-05, 0.997902040191316, 0.0011705481195229681, 0.0008665807956803338], [0.00020601533756569112, 0.7993768626671055, 0.020190083088406606, 0.1802270389069223], [0.03784118136897931, 0.9399877737679861, 0.0006038394945140715, 0.02156720536852036], [0.029696283471893892, 0.08246570666877387, 0.05098232324816103, 0.8368556866111713], [0.4061779161900589, 0.04417123505926664, 0.0454298980557554, 0.504220950694919], [0.23493015628095695, 0.7313169956653617, 0.003929852198306511, 0.02982299585537477], [0.8865320774124301, 0.03553911964985117, 0.013878926761045287, 0.06404987617667356], [0.2637960725813799, 0.4983455175889646, 0.14015399738932696, 0.09770441244032854], [7.534128579072914e-05, 0.0010833329539203928, 0.01124393754517925, 0.9875973882151096], [0.011693697627799409, 0.006086387047117099, 0.5877859553563957, 0.39443395996868796], [0.09837418407646971, 0.09270878633263328, 0.7186605718995329, 0.09025645769136399], [0.07080200564830258, 0.2958450297955035, 0.023429212236673238, 0.6099237523195208], [0.0036661934691101256, 0.20936947871490638, 0.358991223656969, 0.4279731041590145], [0.4793033203955399, 0.4132816763370105, 0.057414862727764505, 0.05000014053968505], [0.012726878234094458, 0.9188959908295279, 0.0008800568976550614, 0.06749707403872264], [0.5775870587533725, 0.3654712509118439, 0.005300373900592725, 0.05164131643419097], [0.006755418095360036, 0.05718522177198939, 0.005958627410395663, 0.9301007327222548], [0.08012162956432066, 0.03605884315670257, 0.00126282193461046, 0.8825567053443664], [0.054502736495431865, 0.1081291038968487, 0.0034748913997099964, 0.8338932682080095], [0.03161220489223137, 0.021864499281594334, 0.22335204008992582, 0.7231712557362484], [0.010727977161610619, 0.367454601053435, 0.03253876658281981, 0.5892786552021345], [0.8266248700651831, 0.0014181849594916889, 0.0035450482237857, 0.16841189675153947], [0.16572444752025436, 0.2371357405275258, 0.5927352252621348, 0.004404586690085045], [0.2895235862191028, 0.7004660743389122, 0.00032261201454566253, 0.009687727427439318], [0.0023936216490350786, 0.49156228467384044, 0.3334854565494983, 0.17255863712762617], [0.010742752225660823, 0.9322472467558665, 0.01556468000062272, 0.041445321017850284], [0.4919773636317788, 0.02846198311934949, 0.03391836598358965, 0.44564228726528204], [0.37088212095320855, 0.4429746926429119, 0.0003991291403342916, 0.18574405726354523], [0.22824972969909987, 0.05454926334351649, 0.2371531345355306, 0.4800478724218531], [0.041818513773035325, 0.5986674995523835, 0.21611668003068338, 0.1433973066438977], [0.02484682632965367, 0.8746763351226158, 0.07297404551541328, 0.027502793032317382], [0.03684902654956566, 0.7888166334205687, 0.12663166524109815, 0.04770267478876735], [0.17443736667070442, 0.10989043351190873, 0.009225258481493156, 0.7064469413358938], [0.9742078722065752, 0.016129221761878657, 0.0006868080610524239, 0.008976097970493778], [0.1221895987032191, 0.7208246695789386, 0.08176517431292948, 0.07522055740491264], [0.07752489918828682, 0.016511022413569578, 0.8957950202504349, 0.0101690581477087], [0.027740048188459227, 0.848388654087752, 0.024097231596756374, 0.09977406612703237], [0.6447429792237872, 0.3322810585614263, 0.010439080681627914, 0.012536881533158574], [0.0835907797636938, 0.49904981118617997, 0.09915578090550026, 0.31820362814462594], [0.0036025309619445224, 0.8203851483777522, 0.0023984565104631906, 0.17361386414984006], [0.9239028879412059, 0.001613156648650838, 0.0010479936416484114, 0.07343596176849503], [0.943983373839009, 0.01026009563557943, 0.0027530876339526356, 0.04300344289145917], [0.034826313151873754, 0.23249561471419453, 0.3814392237188016, 0.35123884841513], [0.6817580685398724, 0.2771521235399677, 0.007205415535422037, 0.03388439238473793], [0.13320204455173976, 0.052380538084958427, 0.0045758777810348825, 0.8098415395822669], [0.0020017930690906867, 0.09082546154246512, 0.08444795189209302, 0.8227247934963512], [0.09799309772932728, 0.00660125214599849, 0.000262527783617051, 0.8951431223410572], [0.1301115967125925, 0.27661587577054575, 0.24808088364762204, 0.34519164386923973], [0.02635047514753668, 0.028921049863585863, 0.10024216660618177, 0.8444863083826958], [0.028629888315045426, 0.23254097931315534, 0.03941751079740258, 0.6994116215743966], [0.834597764519286, 0.022949833321485563, 0.03388215661922755, 0.10857024554000091], [0.8325844719497575, 0.15003746226653744, 0.01137385718810289, 0.006004208595602129], [0.3678876219104957, 0.009532835046094593, 0.2935346372651788, 0.329044905778231], [0.8331997768193404, 0.012216223429428857, 0.0009681774942932286, 0.15361582225693737], [0.517721228153506, 0.007914052489732855, 0.462247818161719, 0.012116901195042105], [0.0870640476415109, 0.8174904865844753, 0.025589876884882984, 0.06985558888913089], [0.0075760188411850855, 0.0006409440730541664, 0.0020766497468449677, 0.9897063873389157], [0.5172564239696442, 0.14513403336684985, 0.3234674622766526, 0.014142080386853398], [0.8507839734449865, 0.0031188876491607944, 0.03681612124406719, 0.10928101766178559], [0.1795697002676758, 0.2120142250359017, 0.2978462276048645, 0.310569847091558], [0.004547188430435503, 0.010136796595352087, 0.973578424994879, 0.011737589979333399], [0.022040421859218354, 0.0025737422986120717, 0.25532277356570166, 0.720063062276468], [0.002224564098352748, 0.060565311329675, 0.9361122770969036, 0.00109784747506851], [0.008410255814755404, 0.005828404751560062, 0.1748077599170242, 0.8109535795166604], [9.465395710297573e-05, 0.007251863450547984, 0.6803662114812117, 0.31228727111113724], [0.03437245382785917, 0.008053821441025342, 0.008470328829542318, 0.9491033959015732], [0.2685420981518497, 0.13349514379195015, 0.5826201686860613, 0.015342589370139015], [0.013944345936196818, 0.2979933421023098, 0.013242428623950893, 0.6748198833375424], [0.8233184398657576, 0.01750204777259916, 0.11062881063364544, 0.048550701727997726], [0.033180674701298124, 0.08703287408667622, 0.36140505990875965, 0.5183813913032661], [0.5541378850733485, 0.2993988542455043, 0.1422894234666786, 0.00417383721446854], [0.764344430668152, 0.023506141324889405, 0.007123212738746571, 0.20502621526821177], [0.006232691140207619, 0.012139497309883285, 0.031138896976540785, 0.9504889145733684], [0.21372276951962582, 0.7764865303011622, 0.008839430257849947, 0.0009512699213621175], [0.4600544687817028, 0.14635765271945486, 0.01651509150257833, 0.37707278699626395], [0.5028777790591671, 0.40170240869385576, 0.06741312168989473, 0.028006690557082606], [0.004501417915424637, 0.8413520295727533, 0.14211379403075322, 0.012032758481068708], [0.08478675544380074, 0.6459086902551278, 0.26539741430446606, 0.003907139996605239], [0.0002377226489602846, 0.9885944542028584, 0.0037129281393170387, 0.007454895008864305], [0.6943929521937244, 0.08095729538521482, 0.050435739110884927, 0.1742140133101759], [0.2419130054319839, 0.07148274749798873, 0.0017852284437293866, 0.6848190186262979], [0.20577936625086446, 0.0739349755193277, 0.4532155490723159, 0.26707010915749196], [0.410255215979468, 0.1985653712292773, 0.10034793723261408, 0.2908314755586406], [0.284074037677699, 2.846483209935438e-05, 0.0017809126838653965, 0.7141165848063362], [0.4883199159234856, 0.1520190728972114, 0.0040381131989905, 0.35562289798031244], [0.00031746871412678603, 0.9496452566170719, 0.01791901498743449, 0.03211825968136671], [0.3443047006899007, 0.64012549030262, 0.0005217835392787916, 0.015048025468200669], [0.588371241328999, 0.011536928447394828, 0.023915325795423763, 0.3761765044281825], [0.023556588966795664, 0.0013232926748831713, 0.0027382520162890006, 0.9723818663420322], [0.1370280699151742, 0.8256178798033288, 0.01634078508721674, 0.021013265194280182], [0.011802821147012477, 0.9250174248133083, 0.01661079486864413, 0.046568959171034985], [0.0009457848427995433, 0.060378309307540866, 0.008246078052134832, 0.9304298277975247], [0.057524376350619084, 0.027665205318435835, 0.7065589403469813, 0.2082514779839638], [0.05002402450575885, 0.5230900945925843, 0.08537918119858752, 0.34150669970306946], [0.03286546954139128, 0.042694146686682824, 0.0037415169326504537, 0.9206988668392755], [0.0012977055261376767, 0.9711650267062846, 0.007703852865772501, 0.019833414901805513], [0.008875621189296844, 0.10223072522047313, 0.02316229038549684, 0.8657313632047331], [0.02451157634530841, 0.45417923820543077, 0.32412901918443543, 0.19718016626482548], [0.02362539760026994, 0.011327117733060048, 0.009386940411454905, 0.9556605442552151], [0.012665432743897134, 0.5276805688981451, 0.0012976705205360159, 0.4583563278374219], [0.009029440324494322, 0.009212791780756294, 0.05018862809114471, 0.9315691398036047], [0.0336808115725008, 0.4045502409608246, 0.0543509586286269, 0.5074179888380477], [0.43588083235476127, 0.07249442211813528, 0.1835973837056873, 0.3080273618214162], [0.19206678628961277, 0.36096981022826213, 0.4313392035712782, 0.015624199910846999], [0.9034396956788017, 0.0801065080864018, 0.014402702669255496, 0.002051093565541049], [0.311430078920843, 0.1719244071304392, 0.025231825402577807, 0.4914136885461399], [0.4998772345563415, 0.001666398354839358, 0.0022283997672362848, 0.49622796732158286], [0.0035794128113063807, 0.973740808843959, 0.0037800550787713697, 0.01889972326596334], [0.0004800263631893178, 0.022998299233946275, 0.00918040845154403, 0.9673412659513203]]}, "rewritten": {"ids": ["97107040", "97107950", "97112830", "97113260", "97114170", "97116500", "98106111", "98106680", "98107010", "98107380", "98108370", "98108580", "98110710", "98111670", "98113881", "98121790", "99105921", "99107500", "99108080", "99109740", "99109840", "99110050", "99111930", "99112300", "99112641", "99116500", "99117630", "99117740", "99119830", "99121440", "100108520", "100108990", "100109910", "100111080", "100112060", "100116500", "100120780", "101108950", "101110740", "101111140", "101111210", "101111310", "101112201", "101112540", "101121640", "102109010", "102110240", "102110750", "102112250", "102113981", "102121440", "103109021", "103110050", "103110760", "103111930", "103111990", "103113210", "103113270", "103113640", "103120340", "103120730", "104111990", "104114320", "104114740", "105115680", "105116650", "105119550", "105120280", "106114321", "106116640", "106116820", "106116850", "106118520", "106118820", "107112850", "107114321", "107116300", "107118780", "107121230", "107121540", "107121700", "108113740", "108114180", "108114270", "108115570", "108115870", "108115970", "108116070", "108117720", "108120060", "108121351", "109114651", "109115070", "109115220", "109116930", "109117150", "109117271", "109117600", "109119010", "109120540", "109121351", "110114321", "110114720", "110115890", "110117500", "110118930", "110120190", "110121140", "110121450", "111116290", "111117571", "111118910", "111119580", "111120540", "111120640", "111121351", "111121410", "112116540", "112117210", "112117461", "112117471", "112117660", "112117790", "112118581", "112118620", "112118820", "112120290", "112120540", "113117401", "113117630", "113118490", "113118511", "113118620", "113119360", "113119700", "113120280", "113121220", "113122150", "113122160", "113122190", "113122220", "113122510"], "labels": [2, 2, 2, 1, 2, 2, 0, 1, 3, 1, 1, 0, 2, 1, 3, 2, 1, 0, 3, 3, 2, 3, 1, 0, 1, 2, 3, 2, 1, 2, 2, 2, 2, 0, 2, 2, 1, 2, 3, 2, 2, 3, 0, 2, 2, 1, 3, 1, 0, 1, 2, 0, 3, 1, 3, 2, 3, 2, 1, 1, 1, 2, 2, 2, 2, 1, 1, 3, 2, 3, 1, 3, 2, 3, 1, 0, 0, 1, 0, 2, 3, 3, 1, 3, 3, 3, 2, 1, 1, 1, 3, 3, 0, 3, 0, 2, 0, 1, 3, 1, 0, 1, 3, 2, 1, 1, 3, 3, 3, 2, 3, 0, 3, 1, 0, 0, 0, 1, 1, 0, 3, 0, 3, 1, 3, 0, 1, 3, 3, 0, 1, 1, 3, 0, 0, 0, 3, 2, 3, 1, 1, 2], "predicted_labels": [2, 3, 1, 3, 1, 1, 1, 2, 3, 3, 3, 0, 3, 0, 1, 3, 3, 1, 0, 3, 1, 1, 1, 3, 0, 2, 3, 0, 0, 2, 3, 0, 1, 3, 0, 3, 3, 1, 1, 3, 3, 1, 0, 1, 1, 0, 3, 2, 0, 3, 0, 3, 0, 3, 1, 3, 2, 3, 0, 3, 3, 3, 0, 1, 1, 1, 3, 1, 0, 0, 0, 2, 1, 1, 3, 3, 1, 1, 3, 1, 1, 3, 1, 3, 3, 0, 1, 3, 3, 1, 3, 3, 1, 0, 0, 1, 3, 0, 3, 1, 0, 0, 1, 1, 1, 1, 3, 0, 3, 0, 3, 0, 0, 0, 1, 1, 1, 3, 1, 3, 0, 3, 3, 1, 3, 1, 1, 1, 3, 3, 3, 1, 1, 3, 1, 3, 3, 1, 1, 1, 1, 2], "confidence_scores": [[0.04660017608872476, 0.3688868103295139, 0.5624092505031862, 0.022103763078575145], [0.006770234995134338, 0.18328572768560558, 0.17682924397517663, 0.6331147933440834], [0.03491764044460457, 0.7406402804638104, 0.07724458600802961, 0.1471974930835555], [0.012033543103950264, 0.3161373176959491, 0.019460233417574684, 0.6523689057825259], [0.0006915004800312803, 0.8892415182305324, 0.028286948839339403, 0.08178003245009674], [0.036646634651324284, 0.7178619846954915, 0.16380127981159065, 0.08169010084159363], [0.16846611027818337, 0.4390017347891016, 0.17112027820535064, 0.22141187672736437], [0.011372072736897255, 0.14855365843712617, 0.8320868295244617, 0.007987439301514843], [0.07381748321189649, 0.07983852734552019, 0.0019252405928117864, 0.8444187488497715], [0.2909061082879354, 0.0025130237262999395, 0.15791792685716324, 0.5486629411286014], [0.04586591004279867, 0.005629724808428495, 0.0017494851489369475, 0.9467548799998359], [0.48330035706658864, 0.34542586476376347, 0.03579870707727556, 0.1354750710923723], [0.004278762606649828, 0.04655332156772692, 0.03074748156962284, 0.9184204342560004], [0.8789386948519735, 0.10613205619926888, 0.011122687798293278, 0.003806561150464464], [0.0022703514288836915, 0.961121101710467, 0.011088989494291976, 0.02551955736635741], [0.07291860195331218, 0.03419251792261679, 0.01033726253230221, 0.8825516175917689], [0.13468068458257462, 0.021014581908582464, 0.4142750395107076, 0.43002969399813534], [0.07091541081946112, 0.6755108826145861, 0.03612028968293405, 0.21745341688301853], [0.8868058801142393, 0.03897704546518259, 0.0273827836209164, 0.0468342907996618], [0.020795881917478342, 0.45200419470018605, 0.01712507406512303, 0.5100748493172126], [0.08928367199240475, 0.35686901163010026, 0.2452181054644523, 0.3086292109130427], [0.006058889297114981, 0.8980815431919179, 0.005373430434900198, 0.09048613707606694], [0.323001718294957, 0.3805632529855468, 0.13939667259470737, 0.15703835612478875], [0.3741322620258339, 0.005264380313773694, 0.02098644723322267, 0.5996169104271699], [0.9361226435910172, 0.04948846694878448, 0.008103135376512804, 0.006285754083685352], [0.003921021954116704, 0.022729716702336002, 0.9479201839159251, 0.025429077427621957], [0.04481803810111674, 0.022842195966932415, 0.007721033542932063, 0.9246187323890188], [0.7687183430954254, 0.03800079230439532, 0.14008974601974075, 0.05319111858043858], [0.695663688138396, 0.01619852471745316, 0.22290667183077859, 0.06523111531337251], [0.26742081182758887, 0.016887307525362695, 0.6554895416554403, 0.06020233899160813], [0.008051051203250456, 0.006207492572905044, 0.03858953715052763, 0.9471519190733169], [0.4772733512249711, 0.4673500709519143, 0.050165391358063686, 0.0052111864650508655], [0.06640554884730361, 0.6398343016449374, 0.2484962921403655, 0.04526385736739337], [0.09899522882369739, 0.32304922285280174, 0.12235564102656132, 0.45559990729693955], [0.46011809950375165, 0.1008620399947168, 0.06670358093617856, 0.37231627956535296], [0.3649439826263072, 0.07147314878582665, 0.1432852544878571, 0.42029761410000915], [0.028963827529517042, 0.07791909931453977, 0.003986313179192069, 0.8891307599767511], [0.0012823714100511086, 0.9013390520783242, 0.02460322525437887, 0.07277535125724564], [0.11598825402351332, 0.8430975864320497, 0.03051710682448257, 0.010397052719954343], [0.02372373687908159, 0.058100194774635835, 0.005480955037941404, 0.9126951133083412], [0.011029706068598929, 0.07870454412645966, 0.013500795799246448, 0.896764954005695], [0.0053867580176405975, 0.977897452178843, 0.0038184027693109347, 0.012897387034205293], [0.9452774175839973, 0.033911109370225755, 0.007844022230649967, 0.012967450815126945], [0.00033041276547025373, 0.9693801409480844, 0.008282132403844974, 0.022007313882600313], [0.000724268060511924, 0.9141615563891172, 0.0022006684074349124, 0.08291350714293577], [0.3695138133352005, 0.3605188640318003, 0.07303382847912081, 0.19693349415387834], [0.237249907294782, 0.059467909181141594, 0.04593357513857447, 0.6573486083855019], [0.011840993036330932, 0.08983303617797422, 0.8474460953438522, 0.050879875441842685], [0.510216537199361, 0.018303907300071053, 0.02363721298638177, 0.44784234251418603], [0.04211095993073837, 0.015422372757028855, 0.0032494826195828435, 0.93921718469265], [0.5569382025775619, 0.011668459718824539, 0.05236691224573636, 0.37902642545787724], [0.430616526043147, 0.08974553977053383, 0.03284912351109748, 0.44678881067522186], [0.5567883320465422, 0.3000218812262393, 0.11034119555445983, 0.03284859117275872], [0.022236408227548982, 0.05881840789335664, 0.00823316696192078, 0.9107120169171735], [0.12858175343886, 0.4479592362871999, 0.19902194239669252, 0.2244370678772476], [0.052345540840268545, 0.3380918035676026, 0.226981385255551, 0.38258127033657785], [0.08132805142755918, 0.11022796203982996, 0.6277029387273014, 0.18074104780530953], [0.005571612632002939, 0.2963260544436676, 0.168179214577265, 0.5299231183470645], [0.8848882946212329, 0.03617436800079475, 0.0027746232031547915, 0.07616271417481761], [0.06477281251974197, 0.1132394718890565, 0.31196471344512733, 0.5100230021460742], [0.03121227208347041, 0.13214416052909606, 0.009623033341388271, 0.8270205340460453], [0.22227374736693317, 0.01307497265597543, 0.10007707817103022, 0.6645742018060612], [0.7496012391443917, 0.10083515237396837, 0.1302706664533959, 0.019292942028244043], [0.028024557653443936, 0.8338482807056542, 0.10272721929456821, 0.03539994234633369], [0.02051887004653879, 0.9493848940715698, 0.015662816249768306, 0.014433419632122886], [0.01857852789287969, 0.7197595056675093, 0.24495433822768695, 0.016707628211924126], [0.020918735764015893, 0.14173281801681253, 0.3589759787980445, 0.47837246742112705], [0.027843756696862548, 0.9598380751541657, 0.00017526397776417956, 0.01214290417120764], [0.6817257280478216, 0.0915775531080169, 0.02818238140563861, 0.1985143374385229], [0.8848948324730632, 0.004291596889719278, 0.0011960595619445577, 0.10961751107527312], [0.7632644888274529, 0.08281376700878272, 0.12445924836887864, 0.029462495794885704], [0.06919072769718632, 0.30872435574954377, 0.6176319161771545, 0.004453000376115344], [0.09743635112172983, 0.6159397984667861, 0.27575397225815956, 0.010869878153324387], [0.012288458495966686, 0.8686287198505447, 0.0345135859125068, 0.0845692357409819], [0.000329503227701482, 0.0341386514195294, 0.0019183328425301824, 0.9636135125102389], [0.298975738094484, 0.0923415833176566, 0.005830020859144131, 0.6028526577287152], [0.004645370658688682, 0.9271469596381623, 0.003931138441325068, 0.06427653126182412], [0.05629678632756246, 0.9369128645132874, 0.0026987762308787453, 0.004091572928271366], [0.008652330320220995, 0.026160001179939347, 0.035641757896277035, 0.9295459106035626], [0.0014974855317919508, 0.7574569913455642, 0.23423055390126435, 0.006814969221379421], [0.007979566381209155, 0.8698002258309024, 0.004582155677199179, 0.11763805211068931], [0.2756468054770843, 0.0028500477903635104, 0.012837162192265685, 0.7086659845402865], [0.012457291496391134, 0.9134741275731941, 0.0013904647193957959, 0.07267811621101879], [0.041033159462176456, 0.24135147723318567, 0.008776305773253765, 0.7088390575313841], [0.0006094655089886767, 0.01139014263945678, 0.2526079709768082, 0.7353924208747463], [0.538633177858298, 0.002549365012927197, 0.0014171878852490961, 0.4574002692435258], [0.0008752811649168092, 0.9948578981382437, 3.6566993032775166e-05, 0.0042302537038067444], [0.0022264021606854915, 0.0012821664576302433, 0.03144003246959453, 0.9650513989120897], [0.3362319639475152, 0.10563617972060672, 0.0036190746709448304, 0.5545127816609332], [0.05991576046782207, 0.8353853604692513, 0.05164196296862365, 0.05305691609430288], [0.049263595249705174, 0.10638962014855928, 0.0052687864794574765, 0.8390779981222779], [0.03865727535570412, 0.32751127583384715, 0.00891630739455828, 0.6249151414158904], [0.14150491263053983, 0.828139638130194, 0.010147561779635788, 0.020207887459630366], [0.5316399728377275, 0.4371081414354398, 0.0015003821642140297, 0.029751503562618666], [0.7661360348510806, 0.20839227154614612, 0.002221647327614826, 0.023250046275158347], [0.016100156437193834, 0.7480885235694763, 0.016427407874092286, 0.2193839121192375], [0.001260558861963022, 0.01966144080557286, 0.002111443734602003, 0.976966556597862], [0.9092419682976299, 0.040977930018398556, 0.029047807432284658, 0.020732294251686857], [0.0035767768184269545, 0.16902789966032952, 0.12646096015668634, 0.7009343633645572], [0.38003063188142083, 0.5076307785674595, 0.013683018098478572, 0.0986555714526411], [0.9639546200299035, 0.006201748042986097, 0.012668823317952478, 0.017174808609157894], [0.5349382062269418, 0.1799516809291833, 0.018436741223170242, 0.2666733716207046], [0.004071464189792537, 0.9161611033007873, 0.03034229196050713, 0.04942514054891304], [0.4398299689192761, 0.4526949460376802, 0.10323146942668078, 0.004243615616362904], [0.043854658622773074, 0.822937000683492, 0.0013765738021095032, 0.1318317668916254], [0.002292831882660338, 0.9382661939063203, 0.018616593882488215, 0.04082438032853116], [0.00012964023997467402, 0.014604464879909839, 0.0014383069048953074, 0.9838275879752203], [0.7680929347869951, 0.10902567409383279, 0.013794775663701714, 0.10908661545547028], [0.013561660179397151, 0.4595634927567878, 0.001174024848005748, 0.5257008222158093], [0.5839235813477902, 0.07275856498410123, 0.2819931811516763, 0.06132467251643222], [0.0034988533976587025, 0.26010918078852063, 0.004073585494493794, 0.732318380319327], [0.47771068959183005, 0.18898387584628318, 0.06835303413672576, 0.2649524004251609], [0.5437469663793165, 0.06546723239708989, 0.008461072194335116, 0.3823247290292585], [0.6016333169774455, 0.2457330143935186, 0.1259833136595316, 0.026650354969504284], [0.12192311168407462, 0.811902049371991, 0.043458404956214836, 0.022716433987719584], [0.40307804447084933, 0.5642364489083995, 0.02300490692546685, 0.009680599695284196], [0.1185574961073244, 0.6129474629643463, 0.009699104692206006, 0.2587959362361233], [0.029108330402354873, 0.3540169611418116, 0.07130534627814403, 0.5455693621776895], [0.0027670118786317847, 0.9720446357732155, 0.004502299534855238, 0.020686052813297617], [0.2658872540658578, 0.3303498514377913, 0.0010822960959048977, 0.4026805984004459], [0.5469819983516303, 0.07987162247198215, 0.006931197697855738, 0.36621518147853177], [0.21290814055189508, 0.14952930311571394, 0.05140192094462432, 0.5861606353877666], [0.10429661000526265, 0.0119457975653834, 0.00012883082494696203, 0.883628761604407], [0.00040638895540539687, 0.9955909128045428, 0.0028563125197213755, 0.001146385720330371], [0.17528402386050437, 0.3717928212484298, 0.06412089204430255, 0.38880226284676334], [0.010585825174832418, 0.9817474692005029, 0.0005920820192522482, 0.007074623605412627], [0.016509408453940035, 0.7701621779819138, 0.002019620665214668, 0.21130879289893142], [0.0005015422157461385, 0.9990323216012675, 0.00013726843065312835, 0.0003288677523332246], [0.09731037686497108, 0.07641251803085158, 0.005333116144449485, 0.8209439889597279], [0.3774152316974795, 0.09314527510111596, 0.003462024435400275, 0.5259774687660043], [0.07555839180082191, 0.01978742429082086, 0.009906765105216275, 0.894747418803141], [0.003924722485092247, 0.9665669046923802, 0.0033320758329785476, 0.02617629698954906], [0.02588209410040749, 0.9358101384787764, 0.0010489045428898724, 0.03725886287792628], [0.03369408629147558, 0.04222813492361011, 0.009551439080572125, 0.914526339704342], [0.30808754662418275, 0.4493933580308894, 0.017253998074856666, 0.22526509727007127], [0.49708612811199104, 3.0188921489966736e-05, 0.00014108416827552134, 0.5027425987982435], [0.01768755823117094, 0.38436183285183956, 0.007693189332590476, 0.590257419584399], [0.003793525999384211, 0.9119922588552691, 0.07951724595650377, 0.004696969188842901], [0.03069845132445222, 0.7443183636628405, 0.05731770641953363, 0.1676654785931735], [0.024729659114344053, 0.9172224181936741, 0.005670349303166382, 0.05237757338881543], [0.12400655687540084, 0.8658378747539706, 0.0003933712722929224, 0.00976219709833576], [0.00036576253738497235, 0.2237804804856054, 0.4227435722685785, 0.35311018470843125]]}}