{"test": {"ids": ["108119330", "99113260", "111121410", "110116170", "104112201", "99112531", "108117360", "105115380", "106113260", "111114121", "110114920", "97106591", "107117630", "103113270", "100109910", "101111140", "97107040", "103113610", "103117200", "100110260", "104113550", "106118820", "102118380", "112120640", "98117740", "107113840", "109116170", "109120621", "109121410", "103113260", "111118820", "104116980", "111120531", "104110960", "112118860", "97105580", "102110850", "99117740", "97106970", "107114621", "102110690", "109116930", "99108710", "110116290", "110115580", "98120530", "108120260", "111116990", "110121140", "108118520", "99105921", "112118820", "106113190", "105112100", "110121170", "112117210", "103109021", "99111930", "107116300", "98116940", "110117500", "98111670", "110121500", "109115070", "109113591", "100115700", "103113640", "110120190", "112120670", "105110251", "100110050", "100107920", "97105960", "101110740", "113122320", "112119320", "109121640", "110117110", "113122510", "113121220", "100109330", "104117630", "108118630", "109117630", "104114240", "99108000", "107116980", "101112690", "101108580", "111117200", "98121790", "105121370", "109120560", "102113981", "113119320", "112118930", "113122190", "102107961", "113119120", "110119030", "110118740", "113118490", "107119950", "110120700", "109114220", "99108520", "108114180", "112120700", "105113260", "99119830", "112117660", "103120340", "113118630", "111120320", "113118820", "97107950", "106118161", "107112840", "98109230", "110114950", "107118120", "110115250", "103111830", "103110760", "108118291", "112119930", "107113360", "103110100", "110114720", "101112201", "110121450", "111116170", "113120751", "98106680", "107116340", "104111880", "100111270", "105113190", "113117401", "104118070", "106117770", "109117431"], "labels": [0, 0, 0, 0, 0, 3, 1, 1, 3, 0, 3, 1, 0, 2, 2, 2, 2, 2, 0, 3, 1, 3, 1, 0, 2, 3, 0, 1, 0, 3, 0, 1, 0, 2, 3, 1, 3, 2, 2, 0, 0, 0, 2, 2, 1, 1, 1, 0, 3, 0, 1, 0, 0, 1, 2, 1, 0, 1, 0, 2, 1, 1, 3, 0, 3, 1, 1, 3, 2, 0, 3, 0, 2, 3, 1, 1, 0, 0, 2, 3, 0, 0, 1, 0, 0, 2, 3, 1, 0, 0, 2, 2, 1, 1, 1, 1, 1, 3, 3, 0, 3, 1, 3, 2, 3, 2, 1, 2, 3, 1, 0, 1, 3, 1, 0, 2, 3, 1, 1, 0, 3, 1, 3, 1, 3, 1, 0, 1, 3, 0, 3, 0, 1, 1, 3, 3, 2, 3, 3, 2, 0, 1], "predicted_labels": [1, 3, 0, 0, 2, 3, 3, 1, 1, 1, 3, 0, 3, 3, 2, 2, 1, 3, 1, 3, 3, 3, 3, 1, 0, 1, 3, 0, 2, 3, 0, 1, 3, 0, 2, 3, 2, 3, 1, 0, 0, 3, 3, 3, 1, 0, 3, 1, 0, 2, 1, 0, 1, 2, 3, 2, 1, 1, 2, 2, 3, 2, 0, 1, 3, 3, 0, 3, 3, 3, 3, 1, 3, 0, 1, 3, 1, 1, 1, 3, 2, 1, 3, 2, 1, 2, 0, 1, 3, 2, 1, 1, 3, 0, 1, 1, 2, 3, 0, 0, 0, 3, 1, 1, 1, 1, 3, 1, 1, 3, 1, 3, 1, 3, 1, 3, 1, 1, 3, 3, 0, 3, 0, 3, 0, 3, 0, 0, 1, 0, 1, 3, 0, 1, 0, 3, 0, 3, 1, 2, 3, 0], "confidence_scores": [[0.16602267188006736, 0.4285096504676994, 0.2284744230349232, 0.17699325461731008], [0.17371986144652893, 0.2570248319314926, 0.2662976018884831, 0.3029577047334954], [0.3245683986594253, 0.24001718807873204, 0.1363523938068352, 0.2990620194550076], [0.40151788790288195, 0.15819224723667136, 0.19073717060610057, 0.24955269425434626], [0.335222156139131, 0.11554995185600234, 0.36707467274223865, 0.18215321926262798], [0.2418181357331461, 0.20516693272632866, 0.2154758119874698, 0.3375391195530555], [0.08888933426739719, 0.15346722278761551, 0.3753038141532801, 0.3823396287917072], [0.18658982319223108, 0.4908272987071668, 0.12339670601412167, 0.19918617208648054], [0.30536803982500005, 0.4453365149874801, 0.10659156868483169, 0.1427038765026881], [0.16367615297597535, 0.5126895867056221, 0.09223006586915956, 0.23140419444924296], [0.16518501400197022, 0.2241112506194261, 0.11897727015150211, 0.4917264652271018], [0.38734287490071845, 0.3403591290115292, 0.08014210490786852, 0.19215589117988377], [0.15215628967145478, 0.2899781415352836, 0.20769470371412324, 0.35017086507913836], [0.17451344952145167, 0.24281507251869536, 0.2804396300468659, 0.3022318479129871], [0.27468489609233177, 0.1556785075075319, 0.33562622280251125, 0.23401037359762517], [0.126935785457519, 0.10827118228127387, 0.6202947754083498, 0.14449825685285753], [0.12575480217199209, 0.3249545529628148, 0.29615946807209725, 0.25313117679309605], [0.34965563714208026, 0.21466599991392546, 0.0721227470757772, 0.3635556158682171], [0.13796941662607753, 0.38058074279157034, 0.10754717137058857, 0.3739026692117637], [0.21324703575924625, 0.21446505959195644, 0.21805241535766184, 0.35423548929113546], [0.26931021602798727, 0.22918856221823447, 0.19295573931620652, 0.3085454824375717], [0.14419911045649791, 0.2705789146352453, 0.09200291139624249, 0.4932190635120143], [0.30696294122437223, 0.1477652299574199, 0.16627489684191374, 0.3789969319762944], [0.182405633775365, 0.304542744519478, 0.21535397113047028, 0.29769765057468656], [0.43536098141427787, 0.13890212226966647, 0.22333082067292354, 0.2024060756431321], [0.1511772319857977, 0.2894321913013012, 0.2823472263126399, 0.2770433504002612], [0.15103558454218463, 0.16348594637042618, 0.24682434735148182, 0.43865412173590734], [0.7186481864339878, 0.14242066962490968, 0.06857604648643324, 0.07035509745466943], [0.1758697200482238, 0.22546763080853424, 0.34991952851247704, 0.2487431206307651], [0.1090814844045808, 0.22612805354582743, 0.0984155749923844, 0.5663748870572073], [0.3643230194031977, 0.23037590181144552, 0.09377543018155536, 0.31152564860380144], [0.18635789704951364, 0.5146949279394375, 0.1320574703183665, 0.16688970469268244], [0.17122138324395703, 0.2997964102320307, 0.14798828620562532, 0.380993920318387], [0.45626099722416336, 0.20159914107030522, 0.1295697307721559, 0.21257013093337557], [0.11480631100547203, 0.23195607674177074, 0.40387276194549243, 0.2493648503072649], [0.32611295087606135, 0.20561194040092623, 0.10690844961252342, 0.36136665911048915], [0.12961675079513507, 0.21307544831996333, 0.4438451944995305, 0.21346260638537098], [0.1312815539454726, 0.2979214650998512, 0.1585590722784619, 0.4122379086762144], [0.20492161679439835, 0.3030731090532183, 0.2013687004777962, 0.29063657367458706], [0.44484883925872687, 0.17710840986095575, 0.12411217053005535, 0.2539305803502621], [0.39962093902914386, 0.22929826367012512, 0.13488627881320794, 0.23619451848752315], [0.21553944387171595, 0.29184089687516834, 0.1792026042036971, 0.31341705504941847], [0.15155736219972407, 0.2883804208867038, 0.11564204386510125, 0.44442017304847087], [0.1958373212760451, 0.2842978271619313, 0.16365671383740632, 0.3562081377246174], [0.18103050798670198, 0.3520513664612487, 0.22483826483539415, 0.24207986071665524], [0.5059084441514096, 0.08833345507863777, 0.14551487139409944, 0.26024322937585337], [0.20413211199473147, 0.2642987164838328, 0.15675581733159216, 0.3748133541898437], [0.263508718337772, 0.2927680021846595, 0.20273066584800867, 0.24099261362956], [0.33853484493648406, 0.3340146074280808, 0.09092882659310121, 0.23652172104233404], [0.12612012804583286, 0.302135204769736, 0.48107232013798606, 0.09067234704644532], [0.2726722320040664, 0.39381506227230423, 0.12692476908117073, 0.2065879366424587], [0.34827886845587547, 0.31806907844123256, 0.061628965139503625, 0.2720230879633882], [0.26874920187839246, 0.3581257563726831, 0.1278187620788249, 0.24530627967009974], [0.19418574267696853, 0.24150704346380691, 0.2836291286637418, 0.28067808519548293], [0.22911244543424558, 0.24424406033365406, 0.18336148027400856, 0.3432820139580919], [0.23783585248485453, 0.2772489030389795, 0.30009715978583207, 0.1848180846903342], [0.09778299181469487, 0.4746330510185653, 0.0577019215799689, 0.3698820355867709], [0.18306187528521214, 0.5294971997492828, 0.13093829107173002, 0.15650263389377517], [0.20007543114308515, 0.14247513782821747, 0.39307844313489326, 0.26437098789380414], [0.2297339822260446, 0.2847482245917017, 0.3263691691815005, 0.15914862400075327], [0.1360153084807228, 0.21999864785007928, 0.14176201648052697, 0.5022240271886711], [0.09446212273416599, 0.1437526193071252, 0.4292466862288038, 0.3325385717299049], [0.3102472739470074, 0.23655855759217082, 0.1449543821773582, 0.30823978628346366], [0.30172527262550786, 0.3994856450651411, 0.10404195112016659, 0.19474713118918444], [0.19251702706643978, 0.299288298424291, 0.19506039238868297, 0.31313428212058636], [0.26680429715285126, 0.2543357194246421, 0.12183252868477282, 0.357027454737734], [0.4569216036898296, 0.15138407935796835, 0.1551641136292298, 0.23653020332297242], [0.2520471725829047, 0.21053537096948435, 0.07834015264637657, 0.4590773038012343], [0.19074039916602817, 0.1669985596102685, 0.21473675314384894, 0.4275242880798544], [0.24945901248150043, 0.2999799640015495, 0.08201682345528061, 0.3685442000616696], [0.18353394272791976, 0.26913805067207053, 0.2178577615625602, 0.3294702450374495], [0.15930327570871483, 0.4455404028533478, 0.10915044397906488, 0.2860058774588724], [0.15875591482086485, 0.2313177505078292, 0.29319906382757377, 0.31672727084373226], [0.47438922455993254, 0.22631842837482055, 0.09936349352190367, 0.19992885354334314], [0.25664660258930033, 0.29964267939656364, 0.29006348196817294, 0.15364723604596317], [0.18258643471181618, 0.1833266194714143, 0.2684691735345833, 0.36561777228218645], [0.1296513362607349, 0.3451334883491281, 0.20572026409348998, 0.31949491129664714], [0.20205814981000794, 0.33610212180552484, 0.32851533185254406, 0.13332439653192313], [0.12998420666630572, 0.5150667919528709, 0.20504301905862068, 0.1499059823222028], [0.3076184863035598, 0.14464251324608107, 0.23575771885605484, 0.31198128159430416], [0.20658948537272245, 0.16824950121348575, 0.35632805391277445, 0.26883295950101754], [0.2341024537686957, 0.3363175765130492, 0.11321000919288728, 0.31636996052536787], [0.10380966900080667, 0.2138889466375543, 0.2788478253146303, 0.40345355904700875], [0.15256712281012977, 0.3426515614446198, 0.34713356351271607, 0.1576477522325344], [0.25742215390790285, 0.3285148589618554, 0.11215486047142703, 0.30190812665881467], [0.1650981554947018, 0.2847178882833507, 0.31587398502287806, 0.23430997119906943], [0.46118935430944524, 0.21352852883237822, 0.17129344598741056, 0.15398867087076593], [0.15902269953386164, 0.4368707740412885, 0.1438017623706867, 0.26030476405416314], [0.2532613266613142, 0.21323976842677797, 0.09558583441376761, 0.4379130704981402], [0.11495578017024995, 0.29994951637416445, 0.34627606118630716, 0.23881864226927857], [0.12518795663678187, 0.37409530803969293, 0.2313210946719925, 0.2693956406515327], [0.0952349324818422, 0.5016839511859592, 0.08084124267340649, 0.32223987365879214], [0.13597612178207621, 0.19120217531811512, 0.300831415121398, 0.37199028777841087], [0.34842334256726426, 0.2939495398986499, 0.2504926238265261, 0.10713449370755965], [0.18262104133801205, 0.44719865090035205, 0.12158065289362212, 0.24859965486801375], [0.13934433344489933, 0.4210372940547293, 0.12782060881947718, 0.3117977636808943], [0.22396932263898908, 0.16776129982982563, 0.3185991250008088, 0.2896702525303766], [0.3078854804730272, 0.1845946292769346, 0.1832152351147997, 0.32430465513523854], [0.3747462718952192, 0.15865356780705706, 0.1506786756937372, 0.3159214846039865], [0.36047594856121185, 0.23569831152176593, 0.07893934245252734, 0.324886397464495], [0.38164053307883167, 0.2839934302839818, 0.1185127379192028, 0.2158532987179838], [0.14935674637427498, 0.2803149386282298, 0.1275814277722792, 0.4427468872252161], [0.22152846345181942, 0.3776399349365982, 0.0606133749863842, 0.34021822662519824], [0.14270431188311478, 0.4726099658204616, 0.08892959644605739, 0.29575612585036626], [0.26901869937199463, 0.327651787101565, 0.10808469243694815, 0.2952448210894923], [0.21877784597379857, 0.33090814926109724, 0.30912381805678074, 0.14119018670832348], [0.13213585188615648, 0.13682710920167623, 0.33898274749322155, 0.3920542914189458], [0.07854261560217149, 0.4208590764786632, 0.1654347986462424, 0.335163509272923], [0.1694998957568286, 0.3297396199892448, 0.18133140166194447, 0.3194290825919822], [0.2791795850859957, 0.262238758335689, 0.10804979199067752, 0.3505318645876378], [0.24533294117758808, 0.362640853509294, 0.08059160584002274, 0.3114345994730952], [0.15901524870672656, 0.11857781340323269, 0.3534457775720689, 0.3689611603179717], [0.22014026067287096, 0.4247806462789881, 0.12901301972026263, 0.22606607332787826], [0.2560505371428679, 0.22809566881166476, 0.1481684677309179, 0.3676853263145496], [0.2711478260610707, 0.4861026665175952, 0.09266664662785086, 0.15008286079348304], [0.21944146985387908, 0.2016068277718626, 0.19843221310945408, 0.38051948926480433], [0.09414387887513731, 0.6462775448790979, 0.10112407250886285, 0.15845450373690184], [0.23409628050465095, 0.3497536548019559, 0.20122420781728917, 0.21492585687610394], [0.21559626921568656, 0.2685278503719116, 0.2320292357654758, 0.2838466446469262], [0.2216476962945586, 0.1471611815933209, 0.11060495010632591, 0.5205861720057946], [0.32720883088098807, 0.30123245535979287, 0.16290846072085302, 0.20865025303836598], [0.24398528073787398, 0.1379150089788065, 0.21881061952865763, 0.39928909075466196], [0.3727734405779902, 0.19779535726495964, 0.08109124154622861, 0.3483399606108216], [0.269590990380809, 0.1969565492652848, 0.10388505248175639, 0.4295674078721497], [0.4775646721411304, 0.12789078946267254, 0.16641339441190353, 0.22813114398429374], [0.09014059476725661, 0.20253994911897955, 0.1629573333408235, 0.5443621227729404], [0.4070246756517163, 0.27658003778819173, 0.054267613334745904, 0.2621276732253461], [0.3247329942382906, 0.2079244524398598, 0.17313788284529869, 0.294204670476551], [0.14057059212230788, 0.4447595817305099, 0.2943056436384814, 0.12036418250870085], [0.38546443839433425, 0.21627736857297442, 0.15372678195769154, 0.24453141107499968], [0.30811882739458446, 0.32390114294257083, 0.10993590218784152, 0.25804412747500316], [0.0884685310000526, 0.21036989248278162, 0.04503164546711301, 0.6561299310500529], [0.5653064935721689, 0.12118235444304884, 0.1748985383702296, 0.13861261361455274], [0.14959830857157438, 0.3366854558240952, 0.24896037746098357, 0.26475585814334696], [0.6130201333648361, 0.1884288969369268, 0.06711236706564391, 0.13143860263259316], [0.2896675710947838, 0.12604509401416253, 0.1569099213197486, 0.427377413571305], [0.34420304017776093, 0.2961720714390494, 0.1390848952262158, 0.22053999315697384], [0.2445241829583468, 0.2186832776584594, 0.21195537959206953, 0.3248371597911242], [0.13268473542480266, 0.43525328745242686, 0.2167234329442119, 0.21533854417855844], [0.2755732470155207, 0.2513652435666638, 0.30877076900023775, 0.16429074041757782], [0.22803986451388053, 0.22966140407394783, 0.18020318211623934, 0.36209554929593235], [0.32555517089718494, 0.30341955926025127, 0.09670105609980659, 0.2743242137427573]]}, "rewritten": {"ids": ["97105580", "97105960", "97106591", "97106970", "97107040", "97107950", "98106680", "98109230", "98111670", "98116940", "98117740", "98120530", "98121790", "99105921", "99108000", "99108520", "99108710", "99111930", "99112531", "99113260", "99117740", "99119830", "100107920", "100109330", "100109910", "100110050", "100110260", "100111270", "100115700", "101108580", "101110740", "101111140", "101112201", "101112690", "102107961", "102110690", "102110850", "102113981", "102118380", "103109021", "103110100", "103110760", "103111830", "103113260", "103113270", "103113610", "103113640", "103117200", "103120340", "104110960", "104111880", "104112201", "104113550", "104114240", "104116980", "104117630", "104118070", "105110251", "105112100", "105113190", "105113260", "105115380", "105121370", "106113190", "106113260", "106117770", "106118161", "106118820", "107112840", "107113360", "107113840", "107114621", "107116300", "107116340", "107116980", "107117630", "107118120", "107119950", "108114180", "108117360", "108118291", "108118520", "108118630", "108119330", "108120260", "109113591", "109114220", "109115070", "109116170", "109116930", "109117431", "109117630", "109120560", "109120621", "109121410", "109121640", "110114720", "110114920", "110114950", "110115250", "110115580", "110116170", "110116290", "110117110", "110117500", "110118740", "110119030", "110120190", "110120700", "110121140", "110121170", "110121450", "110121500", "111114121", "111116170", "111116990", "111117200", "111118820", "111120320", "111120531", "111121410", "112117210", "112117660", "112118820", "112118860", "112118930", "112119320", "112119930", "112120640", "112120670", "112120700", "113117401", "113118490", "113118630", "113118820", "113119120", "113119320", "113120751", "113121220", "113122190", "113122320", "113122510"], "labels": [1, 2, 1, 2, 2, 2, 1, 1, 1, 2, 2, 1, 2, 1, 2, 2, 2, 1, 3, 0, 2, 1, 0, 0, 2, 3, 3, 2, 1, 0, 3, 2, 0, 1, 3, 0, 3, 1, 1, 0, 1, 1, 3, 3, 2, 2, 1, 0, 1, 2, 3, 0, 1, 0, 1, 0, 2, 0, 1, 3, 3, 1, 2, 0, 3, 0, 3, 3, 1, 0, 3, 0, 0, 3, 3, 0, 3, 3, 1, 1, 3, 0, 1, 0, 1, 3, 3, 0, 0, 0, 1, 0, 1, 1, 0, 0, 3, 3, 0, 1, 1, 0, 2, 0, 1, 3, 0, 3, 2, 3, 2, 3, 3, 0, 0, 0, 0, 0, 1, 0, 0, 1, 0, 0, 3, 1, 1, 1, 0, 2, 2, 3, 1, 3, 0, 3, 1, 1, 3, 1, 1, 2], "predicted_labels": [0, 2, 3, 2, 2, 3, 0, 2, 3, 1, 0, 3, 3, 1, 3, 2, 2, 2, 0, 3, 1, 1, 3, 3, 2, 1, 3, 1, 3, 3, 0, 2, 1, 1, 2, 0, 2, 2, 0, 1, 1, 0, 0, 3, 1, 3, 0, 1, 3, 0, 3, 3, 3, 3, 3, 1, 1, 0, 0, 3, 0, 3, 1, 3, 1, 0, 3, 3, 1, 1, 0, 0, 3, 3, 0, 3, 0, 3, 3, 3, 3, 2, 3, 1, 0, 0, 1, 1, 3, 3, 1, 1, 3, 0, 2, 1, 1, 1, 3, 3, 0, 2, 1, 3, 1, 0, 0, 3, 2, 0, 3, 3, 3, 1, 3, 3, 1, 3, 1, 1, 0, 1, 0, 3, 3, 2, 3, 3, 1, 3, 1, 1, 3, 3, 3, 3, 2, 2, 0, 3, 1, 2], "confidence_scores": [[0.3679032559884491, 0.2711624598891683, 0.11981675106754301, 0.2411175330548397], [0.1636755883004451, 0.21703769083724606, 0.34388754382124676, 0.27539917704106226], [0.2642675616756742, 0.17146372930642714, 0.2341419816521324, 0.3301267273657662], [0.16945760002842222, 0.21656569954430702, 0.37300804696772116, 0.2409686534595495], [0.10749907414630952, 0.1974756091346856, 0.42465242169215855, 0.2703728950268463], [0.15168905317129633, 0.1525950494250884, 0.10315513218500684, 0.5925607652186085], [0.37751660102433576, 0.3172006773062463, 0.1894318924371412, 0.11585082923227671], [0.18563726886627915, 0.12065281626595611, 0.4198896234924812, 0.27382029137528346], [0.1190164676379783, 0.23220676899677, 0.14522731047536075, 0.503549452889891], [0.15190305211154312, 0.41908046769204055, 0.18100149226528162, 0.24801498793113483], [0.515123673515951, 0.1212448141841338, 0.17478929181430838, 0.18884222048560678], [0.3220480968678587, 0.08966343149711939, 0.10465399468817521, 0.48363447694684686], [0.1331571259982557, 0.24291222525923342, 0.08638824204020182, 0.537542406702309], [0.2336288634614233, 0.33189712654488357, 0.2244404916304698, 0.21003351836322348], [0.12331613111045223, 0.14179402917065978, 0.264359218085091, 0.47053062163379705], [0.2675665089645316, 0.2375691558300089, 0.34019974490213745, 0.15466459030332222], [0.164858248795379, 0.25101330831147967, 0.3061640959078897, 0.2779643469852518], [0.12238387367798984, 0.2826329901541327, 0.42570908842776367, 0.16927404774011381], [0.3767352645018438, 0.21384507102339395, 0.13495399961531138, 0.27446566485945084], [0.17011848029550275, 0.22122828314246623, 0.21752484495655283, 0.39112839160547824], [0.1428943997221403, 0.4545233314703324, 0.09876497396234495, 0.3038172948451823], [0.30859673489000594, 0.32213583902160214, 0.17066717577062088, 0.19860025031777118], [0.2386354120627215, 0.2941119512318014, 0.08059761211739072, 0.3866550245880863], [0.23689010174925093, 0.2529731604505101, 0.22988408862849924, 0.28025264917173986], [0.16040818049547206, 0.15379991105263022, 0.40745122121520816, 0.2783406872366897], [0.12631108072632766, 0.4248029617790442, 0.16795263846597341, 0.28093331902865476], [0.2555954288010876, 0.21379667029693375, 0.215501112388853, 0.3151067885131257], [0.20912326616933205, 0.41313305886145346, 0.164175021699224, 0.21356865326999055], [0.2598252077502531, 0.24491091993461672, 0.08457839554142602, 0.4106854767737042], [0.28326156334360963, 0.19635117823833512, 0.13396143679016081, 0.3864258216278945], [0.49414524665761345, 0.2481207542858153, 0.10382913819764218, 0.15390486085892902], [0.1479600956852536, 0.11423569772125786, 0.4083079317690327, 0.3294962748244558], [0.1130801956615259, 0.39191134126382954, 0.331798259649098, 0.16321020342554685], [0.2802669283416777, 0.3745278318927967, 0.07552301301526607, 0.26968222675025955], [0.2481241886697812, 0.1717239146578637, 0.29537829640020974, 0.28477360027214543], [0.3550545368144414, 0.270398933705193, 0.0887758492493199, 0.285770680231046], [0.19443493115976165, 0.25480072303989754, 0.27834655236465183, 0.272417793435689], [0.21566734594333625, 0.24816777929827177, 0.3932934693050651, 0.14287140545332688], [0.3248782971078111, 0.24633882384746367, 0.16779713422848946, 0.2609857448162359], [0.1557796445505362, 0.4326279514416708, 0.13538814336790753, 0.27620426063988546], [0.15650478578468413, 0.35481826783094705, 0.2819928781645836, 0.2066840682197851], [0.39503022276873506, 0.24603786668927555, 0.11385249567617052, 0.2450794148658188], [0.3289119128556378, 0.16143027166674218, 0.18105552053120597, 0.32860229494641396], [0.1200280595482189, 0.25792753248679323, 0.13165053438876737, 0.49039387357622055], [0.22843715252375704, 0.2927012991920897, 0.22781745814375914, 0.25104409014039425], [0.2614302756148872, 0.21024187763702593, 0.13719717707147747, 0.3911306696766093], [0.7993877379789197, 0.06664058099115214, 0.04889017749027882, 0.08508150353964924], [0.11155823098992339, 0.34878079993928296, 0.2202938617147287, 0.319367107356065], [0.23721330185945813, 0.19768368536007072, 0.2767489184983388, 0.28835409428213227], [0.6134307109920727, 0.09693641171076166, 0.0770777272534022, 0.2125551500437635], [0.2807431725969883, 0.12020222275201277, 0.21666168137014197, 0.38239292328085706], [0.19324418485345377, 0.10606361359856539, 0.16088821865410902, 0.5398039828938718], [0.24218127133819356, 0.23218898589085704, 0.15867018541538555, 0.366959557355564], [0.28059892462240027, 0.23574152222879452, 0.1390680898705824, 0.3445914632782229], [0.17838781264484005, 0.31326038924574073, 0.08171038113297753, 0.4266414169764416], [0.24465852851656614, 0.3951402458872317, 0.0773055284311692, 0.28289569716503293], [0.21803679179945587, 0.3730613144032972, 0.22633982105123454, 0.18256207274601244], [0.36103110305335184, 0.3188870370408174, 0.10396649388577663, 0.2161153660200542], [0.40701794552123316, 0.18634177638096522, 0.18077208713933354, 0.22586819095846816], [0.248628232086162, 0.11356464072602834, 0.26010009321698296, 0.3777070339708268], [0.4011787815579622, 0.19461193888323536, 0.10501098388072136, 0.2991982956780811], [0.13799527013941146, 0.2449978442505574, 0.17397227390750258, 0.4430346117025285], [0.08649493250501461, 0.3852169565921338, 0.14395605656445706, 0.3843320543383947], [0.23054353266580926, 0.20033779517897377, 0.10601779222989288, 0.4631008799253241], [0.20460819952400103, 0.37345583550034145, 0.16973411277151398, 0.25220185220414354], [0.33191751136877035, 0.15026881307662032, 0.2087275251028116, 0.3090861504517977], [0.12618977236491158, 0.38901365962449386, 0.0673701367251315, 0.4174264312854631], [0.19808421981885585, 0.25638908122606086, 0.13892453698175644, 0.4066021619733268], [0.2961358340341519, 0.4442828443673897, 0.10513506179988989, 0.15444625979856855], [0.24157764932731335, 0.42313494285575026, 0.07037951093607443, 0.2649078968808619], [0.44915370235857616, 0.13795573971368397, 0.14309089335943137, 0.2697996645683085], [0.4096276881202592, 0.1815843425340328, 0.1774183897789277, 0.23136957956678042], [0.13863112127988347, 0.2829447419104376, 0.25061917488835506, 0.32780496192132386], [0.1771564067798627, 0.2670113571407048, 0.07724060007047312, 0.4785916360089596], [0.5892480736460333, 0.21478474891061966, 0.09703492838241218, 0.09893224906093481], [0.19737572165518014, 0.20650638900243376, 0.1672217170552786, 0.4288961722871075], [0.37702497605534185, 0.28302785339857506, 0.1133831116111475, 0.2265640589349357], [0.09106512595389957, 0.22080278958372715, 0.12052968054028751, 0.567602403922086], [0.13283326411806573, 0.21373820962744552, 0.23799107122264115, 0.4154374550318477], [0.1682893530406989, 0.16374309526784658, 0.2685017115753005, 0.3994658401161541], [0.2508175465730172, 0.20325080184161864, 0.17829887329735114, 0.3676327782880132], [0.09068147086481348, 0.1938713277289639, 0.6509165860347438, 0.06453061537147885], [0.08746585521483972, 0.20243380647804055, 0.15371643680499944, 0.5563839015021204], [0.2030894083938871, 0.3412042133771996, 0.22992880514886258, 0.22577757308005073], [0.28883891035467407, 0.21873191302694317, 0.20542176042379962, 0.2870074161945831], [0.3933332039171886, 0.24856088920604286, 0.17444157543900604, 0.18366433143776245], [0.21823873166698668, 0.3234778121326414, 0.15011097369764687, 0.3081724825027252], [0.22980019497140516, 0.46870083529653295, 0.11875317045195426, 0.18274579928010756], [0.09706979294275386, 0.24025755948264918, 0.0527831638491764, 0.6098894837254206], [0.2663698786153951, 0.21494283041964937, 0.2012903538495633, 0.3173969371153922], [0.20340851008109054, 0.42532596899420233, 0.12267680694225645, 0.24858871398245072], [0.20806429956497588, 0.3101530302324416, 0.2744783413769494, 0.20730432882563324], [0.18367889747609065, 0.23686581679847687, 0.1700943929515128, 0.4093608927739198], [0.3369544315596761, 0.30169012408671847, 0.14724747112521652, 0.21410797322838904], [0.12767072543767324, 0.2797181802517059, 0.461102596362766, 0.1315084979478547], [0.14899122002364132, 0.6196761999197978, 0.0725645927741683, 0.15876798728239255], [0.14587064437919348, 0.4873672594888194, 0.2552907530695935, 0.1114713430623937], [0.16490605867842362, 0.3999487510721913, 0.10880058114064108, 0.326344609108744], [0.23788551236143327, 0.17498485522501714, 0.21187141047175642, 0.3752582219417931], [0.22736115426903025, 0.22848964432252455, 0.2335521094695051, 0.3105970919389402], [0.3479010083637354, 0.2617037471512123, 0.1381213397280249, 0.25227390475702727], [0.10603957850065088, 0.2186061063206655, 0.41561176480647455, 0.2597425503722091], [0.161123580767037, 0.32088012340785255, 0.24808894424478725, 0.26990735158032325], [0.1330945474982619, 0.24886507507141448, 0.30837501167878656, 0.3096653657515371], [0.17021420651535377, 0.4287012066031578, 0.15046467008388809, 0.2506199167976004], [0.2956889779794535, 0.27007407347335716, 0.13993817088666347, 0.29429877766052576], [0.4139164399872608, 0.193750367421821, 0.08953783789600385, 0.3027953546949144], [0.3188335116402688, 0.17712453395037733, 0.08140301585439434, 0.4226389385549594], [0.15716292547598906, 0.2787403177669841, 0.32635217276558276, 0.2377445839914441], [0.4097477090138261, 0.22943963235641468, 0.10249157914933921, 0.25832107948041994], [0.2693678547130593, 0.3021295695046396, 0.1047224678013741, 0.32378010798092693], [0.32674995767984216, 0.1830829734240722, 0.08031946860096205, 0.40984760029512357], [0.2450144730122845, 0.3083546828237092, 0.11300400198708652, 0.3336268421769198], [0.1580135802510536, 0.4217391113948219, 0.14302244309690623, 0.27722486525721807], [0.13187350071862286, 0.10435136954307396, 0.06314851656481127, 0.7006266131734918], [0.16688444623962806, 0.24050754083474943, 0.16245371734742875, 0.4301542955781938], [0.1262894238942327, 0.4623586311850248, 0.167140404641923, 0.24421154027881953], [0.28462994607769954, 0.21749714073635343, 0.10918566530617772, 0.3886872478797692], [0.14530387486443352, 0.48753291337512383, 0.13332565086232964, 0.23383756089811292], [0.14769296160322876, 0.42320811595829605, 0.13288775143160317, 0.2962111710068719], [0.334339777053154, 0.2698682648658887, 0.12011134566102792, 0.2756806124199296], [0.27618568174736385, 0.28875228630016825, 0.21745383047987044, 0.2176082014725973], [0.32351610384231566, 0.22196629930365733, 0.16806782044718452, 0.2864497764068427], [0.1962333893192647, 0.2896072172984948, 0.11470687175883039, 0.39945252162341], [0.20740694068706758, 0.21565360144149792, 0.24190782498413216, 0.3350316328873024], [0.137337160058984, 0.18468020639788893, 0.4826696830350229, 0.19531295050810413], [0.14238619178803513, 0.18600381688349416, 0.15102320291269128, 0.5205867884157795], [0.09857223341355635, 0.16986637041116998, 0.10716819948399536, 0.6243931966912784], [0.1428166414495674, 0.5175752530204816, 0.15862758227414878, 0.18098052325580222], [0.20216132424117464, 0.20238552183140626, 0.28771661357221, 0.3077365403552092], [0.0974578482928754, 0.5589417209679481, 0.1419851506296015, 0.20161528010957494], [0.1388969462016636, 0.46073932815812246, 0.0845018442226787, 0.31586188141753535], [0.30954433828239897, 0.14886785397507316, 0.06467518591484796, 0.4769126218276799], [0.2076108016452128, 0.3024738732968498, 0.12410563323938083, 0.36580969181855677], [0.25250061363444387, 0.21173871477036194, 0.15794228875670954, 0.3778183828384847], [0.23129033572306543, 0.1675544960282871, 0.18672648399366387, 0.4144286842549838], [0.27918485147360733, 0.2364409499297402, 0.3161426448762749, 0.16823155372037746], [0.1576080673641295, 0.28119259574531963, 0.3733884341064534, 0.18781090278409746], [0.32724840489193235, 0.18684486224771385, 0.17950786154864287, 0.30639887131171084], [0.18786082377649363, 0.2008733540734783, 0.17462991213618614, 0.4366359100138419], [0.20733503324452526, 0.36102157314031286, 0.28048124615649783, 0.1511621474586643], [0.2135356276126893, 0.29279702559861465, 0.30867909732723103, 0.18498824946146505]]}}