{"test": {"ids": ["103112641", "109116040", "101112201", "112117660", "100111390", "112121360", "106113190", "110118111", "109120560", "109116170", "112120670", "97112830", "105115680", "113118870", "105113190", "103109641", "106121190", "109114651", "103117461", "99109780", "106120290", "112117780", "111119250", "108113480", "109119340", "111121410", "108120621", "105117200", "108117451", "100113210", "105120280", "101111210", "109116810", "101108950", "111114941", "110121720", "100108260", "110118880", "99107660", "113121680", "100109980", "112116900", "109118231", "100108490", "112118530", "101119030", "98106880", "103111830", "101115190", "113118490", "100112060", "101119591", "109113591", "112116640", "113120070", "100120010", "113119480", "108118630", "107118490", "106114150", "112117471", "108114180", "111119950", "102121700", "100116500", "113122220", "103111930", "110114610", "102111990", "111117120", "103120340", "97106600", "107121700", "98107410", "100108990", "99112641", "103111620", "104113550", "103111540", "102109840", "110118740", "111116090", "99109161", "112116880", "111120320", "109117080", "98110810", "112118550", "113122650", "101116130", "111116530", "105115380", "97116790", "112117431", "99113260", "111121220", "110115580", "100107920", "107121640", "106117650", "103110100", "111118301", "108115870", "105118740", "103120780", "97113900", "107117630", "112118581", "113117401", "105121370", "98107340", "99108080", "99107500", "102110890", "109119010", "104112201", "111115620", "110116290", "98107210", "100109890", "99108710", "108121160", "107114780", "113120280", "109118820", "113121980", "97113260", "100109801", "99108520", "104113210", "104111380", "110118810", "113122180", "110117200", "100108520", "110115890", "98107010", "110114920", "113118231", "100109360", "97111790", "107119390"], "labels": [3, 0, 0, 0, 2, 3, 0, 1, 1, 0, 2, 2, 2, 0, 3, 1, 2, 3, 0, 2, 2, 0, 1, 0, 3, 0, 1, 3, 2, 0, 3, 2, 3, 2, 0, 3, 3, 0, 3, 1, 1, 3, 1, 2, 1, 3, 0, 3, 1, 1, 2, 0, 3, 0, 2, 0, 3, 1, 2, 1, 3, 1, 0, 1, 2, 1, 3, 1, 2, 2, 1, 3, 3, 3, 2, 1, 0, 1, 1, 2, 3, 3, 3, 0, 1, 1, 1, 3, 2, 2, 3, 1, 2, 0, 0, 3, 1, 0, 1, 1, 1, 3, 3, 1, 1, 2, 0, 1, 3, 2, 0, 3, 0, 0, 3, 0, 1, 2, 1, 3, 2, 2, 2, 0, 3, 2, 1, 0, 2, 3, 3, 1, 2, 3, 2, 2, 3, 3, 3, 0, 2, 2], "predicted_labels": [3, 0, 3, 3, 3, 1, 0, 0, 3, 1, 1, 1, 1, 0, 3, 1, 2, 3, 1, 2, 3, 0, 2, 3, 1, 1, 1, 2, 3, 1, 1, 3, 0, 1, 1, 1, 1, 3, 1, 1, 3, 1, 1, 2, 1, 1, 1, 0, 1, 3, 3, 0, 1, 3, 2, 1, 0, 3, 1, 0, 1, 1, 3, 1, 3, 3, 3, 1, 1, 1, 1, 0, 1, 0, 2, 1, 1, 0, 3, 0, 3, 1, 1, 1, 0, 1, 1, 0, 3, 1, 1, 3, 2, 0, 3, 0, 3, 2, 3, 1, 1, 0, 1, 3, 1, 1, 1, 1, 3, 1, 1, 1, 1, 3, 1, 0, 3, 0, 1, 3, 1, 1, 1, 0, 3, 0, 1, 3, 1, 1, 3, 3, 1, 1, 3, 3, 0, 1, 2, 0, 3, 1], "confidence_scores": [[0.3176002776523919, 0.16157217627736475, 0.16649902579340464, 0.35432852027683887], [0.3169624567385898, 0.26782040780255617, 0.14159618913428043, 0.27362094632457373], [0.29383168590566344, 0.21369802659397452, 0.11942403390074627, 0.37304625359961574], [0.26886370033798856, 0.30028123835771076, 0.1231599263553302, 0.30769513494897055], [0.31757273497893346, 0.2368509517381045, 0.12269416967476583, 0.3228821436081963], [0.2700363402905977, 0.4062971687987938, 0.11701413510384766, 0.20665235580676092], [0.36820328570633093, 0.25010521612535297, 0.1967449513491176, 0.1849465468191987], [0.2929401567534043, 0.19084480259748335, 0.2612533292760407, 0.2549617113730715], [0.2368834243813198, 0.1871554697979128, 0.1352763066149342, 0.44068479920583326], [0.22309997509020396, 0.3675712372522068, 0.12996010058339877, 0.27936868707419055], [0.1013020248766309, 0.46183341322191035, 0.2282848454527127, 0.20857971644874618], [0.10693932995904692, 0.41186307562618757, 0.14122115800861348, 0.3399764364061521], [0.10163318251209966, 0.47585161994061903, 0.1663916959259096, 0.2561235016213717], [0.2959694383775128, 0.27987417832483374, 0.1701906336148309, 0.2539657496828227], [0.2909782150319608, 0.16426834496167594, 0.10790888258647414, 0.43684455741988915], [0.1225289456636288, 0.4966143382844684, 0.09488835124403579, 0.28596836480786714], [0.12192834459851526, 0.2176658753178195, 0.40210018946978054, 0.25830559061388486], [0.2210506953621626, 0.2564576230727545, 0.09532273019379726, 0.4271689513712857], [0.3018890182028817, 0.381952278367392, 0.09381687675122437, 0.2223418266785022], [0.1363148129825959, 0.20155908903911052, 0.34574599064393885, 0.3163801073343547], [0.23398582869409593, 0.20614119889470212, 0.15005011686335173, 0.40982285554785036], [0.32968563265474693, 0.28812932268999547, 0.0993522183566475, 0.2828328262986101], [0.08841445130489495, 0.1650142499817501, 0.6032672474055119, 0.14330405130784304], [0.09866639073432054, 0.26890556755622247, 0.1966465871969749, 0.43578145451248207], [0.15733193497049444, 0.3886294203055123, 0.079727105180144, 0.37431153954384927], [0.09297473086846235, 0.5128546808400269, 0.12721545654257413, 0.2669551317489365], [0.2728569870642222, 0.3160187315217653, 0.18184194833959494, 0.22928233307441756], [0.26316810855167116, 0.26335165573219826, 0.26934338822392495, 0.20413684749220543], [0.37628169495738306, 0.1202279253845345, 0.07874534944546163, 0.42474503021262094], [0.18112063842549825, 0.5060328521745344, 0.12346636092161047, 0.18938014847835694], [0.19648501866270315, 0.4088795173409545, 0.15003567770778262, 0.24459978628855977], [0.238687326160373, 0.14484530511147056, 0.1985199499186259, 0.4179474188095304], [0.3908273538345328, 0.21705325430805858, 0.061366070358689476, 0.3307533214987191], [0.15546269995391165, 0.430357060638745, 0.165698458131417, 0.2484817812759264], [0.25068585021354467, 0.31370856283609827, 0.25259968508057706, 0.18300590186978002], [0.29492016714263386, 0.36294617744393204, 0.1283818360512728, 0.21375181936216134], [0.26418867503830207, 0.35134469616986647, 0.20744730221028201, 0.17701932658154954], [0.2498116659979245, 0.29237838087893164, 0.10821658143902443, 0.3495933716841194], [0.30044338464285697, 0.33096518937012576, 0.1531641049774108, 0.2154273210096064], [0.16337491909884083, 0.3074732476511698, 0.25410634985188946, 0.27504548339810014], [0.2193016310464976, 0.15539198776183621, 0.3040385208093767, 0.3212678603822895], [0.27560034321379934, 0.30974460239183993, 0.22025998799520075, 0.19439506639916015], [0.2627061166506621, 0.4149681276210463, 0.11093062496556078, 0.2113951307627309], [0.1605514460138419, 0.2754610301514497, 0.3676332922098068, 0.19635423162490173], [0.18482673535316152, 0.484289683328299, 0.09437161371134332, 0.23651196760719626], [0.16633096548173668, 0.3616841803824183, 0.143609103527303, 0.3283757506085424], [0.21166224265905934, 0.39015412290564533, 0.11833953320564294, 0.2798441012296523], [0.33500018622951355, 0.15713830922022315, 0.1751748280565592, 0.33268667649370415], [0.17845971258177806, 0.47929829973658705, 0.14316420267209254, 0.19907778500954237], [0.2355566611364633, 0.2826842562570328, 0.12389632877779232, 0.35786275382871174], [0.24429140721900822, 0.22388227612983927, 0.1829260637621594, 0.3489002528889933], [0.477528871848486, 0.18598895358379675, 0.12390855455343562, 0.2125736200142817], [0.12197942174738166, 0.5445010951566858, 0.08316786814306967, 0.25035161495286284], [0.15591810840451825, 0.26777028438586387, 0.1966265106959131, 0.3796850965137048], [0.1638207686280483, 0.2431947977102802, 0.420081220102309, 0.17290321355936256], [0.13376266181045277, 0.31921057109190487, 0.22800170723831117, 0.31902505985933105], [0.43373236672103754, 0.1855908615468983, 0.12868306165589194, 0.2519937100761721], [0.14052183140753022, 0.32043505851189574, 0.13257141118072202, 0.406471698899852], [0.1786946370643514, 0.3442667031739038, 0.2868466148629714, 0.1901920448987736], [0.3919104254820114, 0.24355666851770488, 0.13968660572134464, 0.22484630027893923], [0.3077685263490383, 0.3140876302320112, 0.13475969205547744, 0.24338415136347305], [0.1525580894610259, 0.48110269781226656, 0.11625180839964615, 0.2500874043270613], [0.26499601268788125, 0.16670492684079816, 0.11239775956652792, 0.4559013009047927], [0.25825654113283003, 0.3406071849514644, 0.1871735581937936, 0.21396271572191194], [0.18312887800194066, 0.27707167693756474, 0.19412167169890518, 0.34567777336158956], [0.2996625780201525, 0.2010024409586014, 0.18323631802125293, 0.31609866299999334], [0.16860135162984677, 0.3258761941192606, 0.1442518455347543, 0.36127060871613853], [0.19565031437207336, 0.47628595764802767, 0.09545140970549461, 0.23261231827440423], [0.2500451394736527, 0.28331516291859626, 0.2253057586764988, 0.24133393893125227], [0.12192629011242767, 0.43588969348051326, 0.20747031474434932, 0.2347137016627098], [0.1843121988096468, 0.3608716869866715, 0.15228760554075838, 0.30252850866292347], [0.4253649904422042, 0.2532200136938662, 0.08106671116385387, 0.2403482847000758], [0.09331983228651759, 0.572746010886224, 0.12544043423113346, 0.20849372259612503], [0.40851689678218245, 0.2319165921499173, 0.15027983837481382, 0.20928667269308643], [0.14964863216027421, 0.2697681563346679, 0.31849765748807274, 0.26208555401698513], [0.28010495565715793, 0.28728857989986467, 0.1869920806184821, 0.24561438382449535], [0.30118879537070137, 0.36569528955575215, 0.1224035252410082, 0.21071238983253843], [0.3970151616470167, 0.25326255195359537, 0.10786096263515274, 0.24186132376423508], [0.06786840684167321, 0.18549404701899633, 0.21920348882428928, 0.5274340573150412], [0.4763013035610923, 0.24424595244961986, 0.11895061065751532, 0.16050213333177252], [0.28961224447279277, 0.14055837674654134, 0.09298368653523509, 0.4768456922454307], [0.17490702695499494, 0.39492587951015984, 0.09152327671254748, 0.3386438168222978], [0.2560305324747715, 0.3635219390562937, 0.14632039932825813, 0.234127129140677], [0.16555706168457412, 0.45082185816721815, 0.1854065291906656, 0.19821455095754228], [0.3264171188743149, 0.24885105715442135, 0.18231272231569734, 0.24241910165556635], [0.3022738471234796, 0.3554754597278336, 0.13223459594297315, 0.2100160972057138], [0.29752437545132104, 0.35727405329375467, 0.1783588090885402, 0.16684276216638413], [0.3985932398305742, 0.2352346194525928, 0.16385336095000874, 0.2023187797668242], [0.23350203188359195, 0.2649575966359373, 0.18088476641730147, 0.3206556050631691], [0.11969371994434845, 0.41359595272589417, 0.16945557282716847, 0.29725475450258876], [0.17063837819166697, 0.5476471488307375, 0.08283907147705219, 0.19887540150054347], [0.20356140460476882, 0.31863141988332666, 0.1381449217219098, 0.33966225378999465], [0.11863994705908863, 0.2619978266478514, 0.392935053721548, 0.226427172571512], [0.3743971775571464, 0.2714540827487998, 0.0931450427565741, 0.2610036969374797], [0.20191270271751358, 0.2850279655634533, 0.1700936938330797, 0.34296563788595347], [0.38318817459617616, 0.23384456181597735, 0.10371526228447599, 0.2792520013033704], [0.2219948520278823, 0.2956847962346293, 0.17172775109531652, 0.3105926006421718], [0.23305005888682995, 0.20635631914732436, 0.3290896352817959, 0.23150398668404976], [0.20216276862702398, 0.21334935395907223, 0.23193105113173001, 0.352556826282174], [0.23694338838006673, 0.2758730707517979, 0.21489971186816476, 0.2722838289999706], [0.19616278677252974, 0.31868518141164554, 0.19517165671480308, 0.28998037510102176], [0.5163677232203564, 0.1838082743175704, 0.0968667481984639, 0.20295725426360933], [0.11899000334845793, 0.5689886314237401, 0.07414270467826485, 0.23787866054953716], [0.07607415568195532, 0.27743941998240407, 0.22370353621035, 0.4227828881252907], [0.1381976640440494, 0.3967805000085862, 0.2209709232931534, 0.24405091265421103], [0.1961009028961042, 0.4050207168818673, 0.16817898534513234, 0.2306993948768963], [0.29508165898463046, 0.3002186583328429, 0.12125260034098635, 0.2834470823415404], [0.12065808720599148, 0.5441062393382189, 0.09854146289923596, 0.23669421055655349], [0.26574618480674567, 0.1868894681941918, 0.1332317356885847, 0.4141326113104779], [0.15862476731001499, 0.4910820441591659, 0.07473706028114757, 0.2755561282496717], [0.2222415734795767, 0.3336128418499054, 0.23281952550049334, 0.21132605917002467], [0.13113734623455925, 0.36424553938934756, 0.17177474031726467, 0.3328423740588285], [0.2278198473011641, 0.35752932693002826, 0.1473862593213597, 0.267264566447448], [0.16288669490209987, 0.21581145167354832, 0.2535261309555508, 0.36777572246880114], [0.11978727219407885, 0.5774093633881732, 0.10550123777173763, 0.19730212664601054], [0.326122003655358, 0.2529766939657059, 0.13129256917764773, 0.2896087332012884], [0.19250676885573897, 0.17796401639389897, 0.08821595470883442, 0.5413132600415276], [0.4016222102950798, 0.19358285835966335, 0.1723914459909936, 0.2324034853542634], [0.33041977134290135, 0.3355125868483671, 0.1120912282447931, 0.22197641356393832], [0.17587052912712, 0.2373344733394905, 0.15824091700563642, 0.4285540805277532], [0.11207524580487292, 0.43333681095712934, 0.1259531345110785, 0.32863480872691925], [0.1967649321183433, 0.4007785103960377, 0.0838184877261852, 0.3186380697594337], [0.16260949380461862, 0.42767914157283743, 0.2527549177716177, 0.15695644685092627], [0.7168411905217661, 0.0692589019289286, 0.07393423169060931, 0.13996567585869601], [0.2404909004358325, 0.2844160284614659, 0.1673405408299924, 0.30775253027270943], [0.3299123047106178, 0.2672324495214156, 0.09756901354148528, 0.3052862322264814], [0.19310259437181831, 0.3035494009651908, 0.2179374437115259, 0.285410560951465], [0.16481381553589913, 0.3297150568483808, 0.09024258900780363, 0.4152285386079164], [0.11924716691904488, 0.3201692610476131, 0.2872166633914899, 0.2733669086418521], [0.2768880856180697, 0.3507459525797672, 0.10903033072106268, 0.26333563108110036], [0.2882421427997013, 0.2024380433856853, 0.16119204777652055, 0.3481277660380929], [0.20635680064756534, 0.2613047602651887, 0.12027588173448396, 0.41206255735276204], [0.13581712526193435, 0.5155666022984313, 0.09980313189425288, 0.24881314054538134], [0.1543887270587404, 0.5646700434788268, 0.10159697745948112, 0.17934425200295165], [0.08689335648937571, 0.09978794613046486, 0.1205557986147028, 0.6927628987654566], [0.2080028969513896, 0.2571631146834757, 0.22983913061139374, 0.30499485775374097], [0.39305500211229927, 0.24667690504348092, 0.23110316150685734, 0.12916493133736262], [0.15261324597545686, 0.42255769086172135, 0.18844714627332215, 0.23638191688949947], [0.1966000273438386, 0.25004623907254053, 0.27758673394723443, 0.2757669996363863], [0.2797334361740581, 0.2558234453638819, 0.18525308003106544, 0.2791900384309944], [0.3266465491589765, 0.1696144286021583, 0.15770049065318337, 0.3460385315856817], [0.1664155739241668, 0.4983294700674832, 0.09102623870034292, 0.24422871730800735]]}, "rewritten": {"ids": ["97106600", "97111790", "97112830", "97113260", "97113900", "97116790", "98106880", "98107010", "98107210", "98107340", "98107410", "98110810", "99107500", "99107660", "99108080", "99108520", "99108710", "99109161", "99109780", "99112641", "99113260", "100107920", "100108260", "100108490", "100108520", "100108990", "100109360", "100109801", "100109890", "100109980", "100111390", "100112060", "100113210", "100116500", "100120010", "101108950", "101111210", "101112201", "101115190", "101116130", "101119030", "101119591", "102109840", "102110890", "102111990", "102121700", "103109641", "103110100", "103111540", "103111620", "103111830", "103111930", "103112641", "103117461", "103120340", "103120780", "104111380", "104112201", "104113210", "104113550", "105113190", "105115380", "105115680", "105117200", "105118740", "105120280", "105121370", "106113190", "106114150", "106117650", "106120290", "106121190", "107114780", "107117630", "107118490", "107119390", "107121640", "107121700", "108113480", "108114180", "108115870", "108117451", "108118630", "108120621", "108121160", "109113591", "109114651", "109116040", "109116170", "109116810", "109117080", "109118231", "109118820", "109119010", "109119340", "109120560", "110114610", "110114920", "110115580", "110115890", "110116290", "110117200", "110118111", "110118740", "110118810", "110118880", "110121720", "111114941", "111115620", "111116090", "111116530", "111117120", "111118301", "111119250", "111119950", "111120320", "111121220", "111121410", "112116640", "112116880", "112116900", "112117431", "112117471", "112117660", "112117780", "112118530", "112118550", "112118581", "112120670", "112121360", "113117401", "113118231", "113118490", "113118870", "113119480", "113120070", "113120280", "113121680", "113121980", "113122180", "113122220", "113122650"], "labels": [3, 2, 2, 1, 2, 2, 0, 3, 1, 0, 3, 1, 0, 3, 3, 2, 2, 3, 2, 1, 0, 0, 3, 2, 2, 2, 0, 0, 3, 1, 2, 2, 0, 2, 0, 2, 2, 0, 1, 2, 3, 0, 2, 0, 2, 1, 1, 1, 1, 0, 3, 3, 3, 0, 1, 1, 3, 0, 3, 1, 3, 1, 2, 3, 1, 3, 2, 0, 1, 1, 2, 2, 2, 0, 2, 2, 1, 3, 0, 1, 3, 2, 1, 1, 2, 3, 3, 0, 0, 3, 1, 1, 3, 3, 3, 1, 1, 3, 1, 2, 2, 3, 1, 3, 1, 0, 3, 0, 1, 3, 3, 2, 3, 1, 0, 1, 3, 0, 0, 0, 3, 0, 3, 0, 0, 1, 3, 1, 2, 3, 3, 3, 1, 0, 3, 2, 0, 1, 2, 2, 1, 2], "predicted_labels": [0, 3, 1, 1, 1, 2, 2, 0, 1, 1, 0, 2, 1, 0, 0, 2, 1, 1, 1, 0, 1, 1, 3, 1, 3, 0, 0, 3, 3, 2, 0, 0, 1, 0, 0, 0, 0, 3, 3, 3, 1, 0, 0, 3, 0, 3, 3, 0, 1, 1, 0, 1, 3, 1, 3, 2, 3, 0, 1, 0, 3, 1, 1, 3, 1, 3, 1, 0, 0, 1, 3, 1, 0, 0, 1, 0, 3, 1, 3, 1, 3, 3, 3, 3, 1, 1, 0, 3, 3, 3, 1, 1, 3, 1, 3, 3, 3, 2, 3, 1, 3, 1, 0, 0, 1, 3, 0, 1, 3, 1, 3, 1, 0, 2, 0, 3, 2, 3, 0, 2, 1, 0, 1, 0, 0, 1, 0, 0, 1, 1, 3, 0, 1, 1, 0, 1, 3, 0, 0, 1, 3, 0], "confidence_scores": [[0.358709672953573, 0.27233451215291377, 0.07339113202578368, 0.29556468286772963], [0.26173580462376644, 0.23728245120970481, 0.10026185536165887, 0.40071988880486975], [0.17928791641102454, 0.5574025462282094, 0.07539299527454957, 0.18791654208621666], [0.23183097375233663, 0.4531033624010936, 0.09193101336590873, 0.22313465048066097], [0.2057147715893429, 0.35328407116053906, 0.11206214024067655, 0.32893901700944145], [0.10763621843222625, 0.3187232063965882, 0.38244145856313544, 0.19119911660805006], [0.12424627867975488, 0.2987948874099065, 0.33795141531855, 0.23900741859178848], [0.6972367277503673, 0.10464757536503957, 0.10141013808642735, 0.0967055587981658], [0.24767845674113712, 0.3455334137764659, 0.1380436924821938, 0.2687444370002032], [0.1502184753186214, 0.33807787994329486, 0.27160288466941074, 0.24010076006867306], [0.32209750686589034, 0.27855442376042755, 0.0788122544323708, 0.32053581494131134], [0.1969705155384048, 0.2150674216028137, 0.41608385689059113, 0.17187820596819037], [0.20078468387082252, 0.3380244949925011, 0.2777062118550612, 0.1834846092816152], [0.39459829941248, 0.17615509248590125, 0.10408850983138011, 0.32515809827023856], [0.36467899629186484, 0.30008395393412196, 0.10266611136219593, 0.2325709384118174], [0.11968223440080006, 0.21778469050854182, 0.49065228566311475, 0.17188078942754334], [0.26956053216564235, 0.3626278335331353, 0.11899990581476544, 0.24881172848645677], [0.28150813056515483, 0.3520310528716901, 0.168111729393842, 0.19834908716931318], [0.1791208172068075, 0.30701322546553117, 0.22073250162810232, 0.29313345569955906], [0.32242013872181297, 0.3049474260893776, 0.13745771610948834, 0.235174719079321], [0.24393638423871167, 0.2633949867595823, 0.25980682973046487, 0.2328617992712412], [0.3020864940270376, 0.32017608498267514, 0.13273375357531822, 0.245003667414969], [0.2520264770172965, 0.28567667214848214, 0.10650051876485499, 0.3557963320693663], [0.08925059499857196, 0.5809323897955283, 0.19813739870074443, 0.13167961650515528], [0.22410240995842481, 0.18704608396733455, 0.15320887508606235, 0.4356426309881783], [0.3368269924153532, 0.18352290750827113, 0.25357228545681837, 0.22607781461955728], [0.5026029843589459, 0.12901431687322518, 0.16529882033781637, 0.20308387843001258], [0.2699720401704426, 0.2922407688294757, 0.11853293919526281, 0.31925425180481876], [0.2558891846276917, 0.19851519229338135, 0.11028918486671731, 0.4353064382122096], [0.1777755466246849, 0.22569859618410493, 0.31140203672325806, 0.2851238204679521], [0.4869528026894117, 0.1737568353870328, 0.10886168684105255, 0.23042867508250298], [0.3883056128079104, 0.22823583022698968, 0.15192921194588574, 0.2315293450192143], [0.316523579091815, 0.36922863552443713, 0.09299731082755305, 0.22125047455619484], [0.34421820067459624, 0.2716003819291556, 0.14203378726918536, 0.24214763012706314], [0.40383842304021805, 0.180328992364568, 0.14105313954218976, 0.27477944505302426], [0.3571131921425084, 0.2169674139539171, 0.0858730663084035, 0.340046327595171], [0.5135622201093395, 0.13686883236668673, 0.10048141564774006, 0.24908753187623375], [0.3207570766853247, 0.17861328429838783, 0.1414569787430625, 0.3591726602732251], [0.2325018640076982, 0.22821915812545257, 0.11384119427958804, 0.42543778358726125], [0.12693802263640092, 0.29536175396568076, 0.17188581044704093, 0.4058144129508772], [0.2837301170403046, 0.46588108138480144, 0.09808090165289492, 0.15230789992199908], [0.2839166282541737, 0.2051488626218226, 0.23485859812440954, 0.2760759109995942], [0.3491404073246575, 0.21547888948744093, 0.1246441808096584, 0.3107365223782433], [0.21792548031116432, 0.15551323054668756, 0.08524572281700378, 0.5413155663251442], [0.3349775530186867, 0.24920309212482422, 0.1116390977257868, 0.3041802571307024], [0.19416432328381383, 0.30870567402234306, 0.1309125169218219, 0.36621748577202135], [0.2647764166692743, 0.29691258451268215, 0.12664358043638274, 0.31166741838166084], [0.35751981912679826, 0.2297654543097133, 0.10218409110851175, 0.31053063545497683], [0.12122370042787746, 0.5310010296802029, 0.13756274679195185, 0.2102125230999679], [0.13760822201959866, 0.35950214392444446, 0.3198602985170868, 0.18302933553887019], [0.3166876889600833, 0.1901688805569944, 0.18949835801483764, 0.3036450724680847], [0.22226612486830952, 0.32752380435867734, 0.14470957287874606, 0.3055004978942671], [0.21439700093280487, 0.28040421508914193, 0.13791606682478097, 0.36728271715327226], [0.24723747326817117, 0.3264384867663938, 0.14003264098146984, 0.286291398983965], [0.272516292327733, 0.20363626586168776, 0.15080114938862027, 0.37304629242195914], [0.08746673058815267, 0.2614373076827229, 0.39856105823609417, 0.25253490349303037], [0.2579590331357128, 0.24116125929194823, 0.12142519227772015, 0.379454515294619], [0.33263248709041, 0.27977247061080446, 0.14614596834540153, 0.2414490739533841], [0.36357714136103525, 0.41074685742791206, 0.06388749749844863, 0.16178850371260414], [0.3053120364716674, 0.2589838964108344, 0.18752119197735403, 0.2481828751401442], [0.28551989415857804, 0.1408087618852269, 0.09734507803189119, 0.47632626592430394], [0.15515605327952348, 0.44348109136916364, 0.20063191196466804, 0.20073094338664493], [0.11583704448490782, 0.36697410934568964, 0.1540106991606435, 0.3631781470087592], [0.1978961276695866, 0.23175013778551867, 0.19945569985982642, 0.3708980346850683], [0.19482671296503828, 0.36106346111710924, 0.17096132078850884, 0.2731485051293438], [0.2672113640849417, 0.2339904063002827, 0.10710666262480753, 0.3916915669899681], [0.17299321199595777, 0.45925642774922903, 0.10176409018862499, 0.2659862700661883], [0.3077078488533562, 0.2927897474205687, 0.18365763644889715, 0.21584476727717797], [0.39360752075204464, 0.17788377761295807, 0.10049526944418749, 0.3280134321908097], [0.24509997044828732, 0.3617149611694634, 0.18502165089515474, 0.2081634174870946], [0.09835295364338562, 0.2810977013074247, 0.1824769487696498, 0.43807239627954], [0.14760317137434995, 0.34868618612266555, 0.28242061382043904, 0.22129002868254538], [0.30304341724428924, 0.2406435623024439, 0.18002948951752504, 0.27628353093574204], [0.4863937816902316, 0.17834869647682106, 0.1078705725060728, 0.22738694932687456], [0.1947221576257022, 0.4953633344683053, 0.10852945018611512, 0.20138505771987722], [0.30823611557538116, 0.24248450490544093, 0.15791122142182074, 0.29136815809735717], [0.22193067793840957, 0.27447092935907474, 0.10753272702787882, 0.39606566567463686], [0.13187987797327064, 0.3786535259214833, 0.29734131976819056, 0.19212527633705534], [0.17440704339532861, 0.23909493548704078, 0.129226824296889, 0.4572711968207417], [0.17439012640813392, 0.44052161830322795, 0.13499528479012404, 0.2500929704985139], [0.08152156891180455, 0.3736951446473585, 0.03948811579862245, 0.5052951706422146], [0.23475888334991712, 0.2790509366815055, 0.07883778393246914, 0.40735239603610823], [0.24725952867188264, 0.3077479940716756, 0.131397444751353, 0.31359503250508874], [0.26144088766501095, 0.23820029011855037, 0.2208797963295806, 0.2794790258868583], [0.2061175739112507, 0.36250875754287637, 0.14424964870355764, 0.28712401984231545], [0.2837354007880218, 0.3756483055507241, 0.0935155619195528, 0.24710073174170147], [0.3635268696118653, 0.24145761367755145, 0.10746012185743309, 0.2875553948531503], [0.2586360247100657, 0.22459141616693332, 0.10711039670990541, 0.4096621624130956], [0.1832278948353178, 0.30845668929244024, 0.1361026830525995, 0.3722127328196425], [0.30814724307241725, 0.20641291727124556, 0.1425930282983031, 0.34284681135803413], [0.31851878895600416, 0.3276649899686168, 0.08411132598722038, 0.26970489508815854], [0.19770947264376595, 0.4115758015545916, 0.09439564165881234, 0.29631908414283004], [0.25961882448169493, 0.2802759665786961, 0.11722077098582691, 0.3428844379537822], [0.11275407305112878, 0.5150439998344035, 0.10416794425149985, 0.2680339828629679], [0.08002540235080112, 0.2854838067941602, 0.057413918929198754, 0.5770768719258399], [0.19426044625453132, 0.20606781298844926, 0.15136578984503982, 0.44830595091197967], [0.3001075508136189, 0.26759221414397566, 0.12391491304853389, 0.30838532199387164], [0.06802638322508765, 0.22323914805016024, 0.6325985884738622, 0.0761358802508899], [0.2741544784759532, 0.22643729790780043, 0.11905270815124674, 0.38035551546499974], [0.2631092998118488, 0.31141260155947337, 0.13872986038174284, 0.2867482382469352], [0.26729059157739904, 0.16715026757970172, 0.26204773061135994, 0.30351141023153927], [0.34877095655001433, 0.3895514733512469, 0.1172335151733761, 0.14444405492536266], [0.47686280145371057, 0.19047424658039738, 0.09687851767853346, 0.2357844342873585], [0.3438741362489745, 0.27463334274892304, 0.11184946671662555, 0.269643054285477], [0.28144651353312655, 0.32620625410926957, 0.14459648271677697, 0.24775074964082702], [0.3083259168866536, 0.25853076380574286, 0.08124186428883488, 0.3519014550187686], [0.3290824062814151, 0.30447185134598037, 0.12855808110303246, 0.2378876612695722], [0.28942378861263884, 0.4306364669425725, 0.10280525253796165, 0.177134491906827], [0.14267189734661126, 0.1579471854829264, 0.11486494933665435, 0.5845159678338079], [0.2399633865773917, 0.38106245772339625, 0.08995401712801225, 0.28902013857119974], [0.18439214889954744, 0.22476766293845388, 0.09100380408915645, 0.49983638407284225], [0.13560080465245267, 0.35278290064108725, 0.18683950924755813, 0.3247767854589022], [0.3489471047631739, 0.25483759763386865, 0.10933525553451877, 0.2868800420684385], [0.22278948348444738, 0.1801315363025427, 0.31304514285267315, 0.2840338373603368], [0.5990342954670327, 0.1121197902847472, 0.062128704377283815, 0.22671720987093624], [0.16437183061680805, 0.3319690681780299, 0.07777263532085121, 0.42588646588431084], [0.21747146039632473, 0.26281849531856655, 0.2737076471441102, 0.2460023971409986], [0.16322172553933487, 0.18070065706882696, 0.0807844543979432, 0.575293162993895], [0.32171024029283735, 0.2779150203936782, 0.16523960542683924, 0.23513513388664517], [0.26038331738802956, 0.23742523563858411, 0.2719899237598167, 0.23020152321356963], [0.23165442148165716, 0.4670066766673279, 0.08458823964749812, 0.2167506622035168], [0.4234715451873057, 0.27986509512540086, 0.09778832935243355, 0.19887503033485993], [0.30748975037055387, 0.3174395391478677, 0.13629944297245267, 0.23877126750912578], [0.38461960195947437, 0.28377062769988115, 0.09595523262228614, 0.23565453771835845], [0.6055187619834244, 0.22033526372985082, 0.05843494607211404, 0.11571102821461082], [0.273506232841273, 0.37332049204100687, 0.12918420302301262, 0.22398907209470756], [0.5609320495795557, 0.1427093773940248, 0.05384981939669371, 0.24250875362972585], [0.34503960852320104, 0.28828526320902836, 0.1487579145124835, 0.2179172137552871], [0.18625557635991125, 0.41026408075634796, 0.1551066126020896, 0.24837373028165122], [0.2753433953069342, 0.28787132331395504, 0.15692477929232837, 0.27986050208678265], [0.3192011781980589, 0.23064800922598647, 0.09207436440974023, 0.3580764481662145], [0.34046066560623306, 0.23494440563149752, 0.15670720396928597, 0.26788772479298356], [0.10187768453963932, 0.5591393659573372, 0.06440154929874438, 0.2745814002042793], [0.29271883278586613, 0.35554417518735454, 0.14484038839201716, 0.2068966036347622], [0.3366313833950954, 0.29465527377180367, 0.08624117219922481, 0.2824721706338763], [0.138920015526995, 0.3319893120972819, 0.2220849273784248, 0.3070057449972983], [0.2379414365958894, 0.11279199313499286, 0.06537046695881338, 0.5838961033103044], [0.32905327388248967, 0.3021798746653977, 0.08802133341776773, 0.280745518034345], [0.342317441649643, 0.27023363943389345, 0.074388203978088, 0.31306071493837556], [0.127009775817761, 0.38229823334575636, 0.11964612914361185, 0.371045861692871], [0.3470993555543631, 0.14073955738318464, 0.14693985916314664, 0.3652212278993058], [0.38758039085667806, 0.1956774092161699, 0.142006860796038, 0.2747353391311141]]}}