{"test": {"ids": ["103120780", "97108520", "105116090", "110121500", "112118550", "108114220", "97116790", "99119830", "99111440", "109114651", "105115680", "99108310", "106113190", "99108520", "101108580", "97106970", "111120540", "113118810", "97113900", "112118530", "98108580", "109120150", "100111270", "113120540", "110115120", "98111231", "110118161", "111119250", "98108520", "99110730", "112119500", "110115980", "111119580", "100109311", "105113190", "112120270", "111116100", "102114270", "106116370", "104111711", "112117790", "107114621", "101117580", "108118810", "113118111", "98116500", "109113881", "108121410", "112116540", "100109360", "112120630", "97112170", "112121410", "111120531", "109117730", "113118231", "109114220", "97112830", "109119450", "100109910", "107121540", "97107920", "113122510", "106114150", "97107950", "111121351", "111117000", "107120260", "111119930", "109114720", "107114200", "103110100", "110117110", "110115710", "98121790", "102109850", "113118511", "103111170", "113120601", "111117200", "113117340", "113117550", "107115140", "110119891", "108117360", "111119150", "110113591", "112117461", "112117030", "111118820", "107113180", "102110500", "111116110", "104114230", "109115380", "101108121", "99105921", "98106111", "108116501", "112118581", "112118161", "103111620", "113118820", "112116501", "112116990", "110120700", "100109801", "98119591", "109118161", "105118230", "113120531", "109115220", "109114030", "98110680", "103110840", "109121640", "112116451", "101110150", "106114880", "112119580", "99110050", "109117150", "105119950", "109119591", "109113591", "108121351", "100117420", "113122220", "104114740", "99108710", "101114020", "110119030", "112117571", "100108580", "104113170", "112120990", "104111550", "111116010", "108121190", "107113130", "97113260", "111121220"], "labels": [1, 2, 1, 3, 3, 3, 2, 1, 3, 3, 2, 2, 0, 2, 0, 2, 1, 3, 2, 1, 0, 2, 2, 3, 0, 1, 0, 1, 2, 3, 2, 1, 3, 1, 3, 0, 3, 3, 2, 1, 3, 0, 3, 1, 1, 2, 0, 0, 1, 0, 3, 0, 0, 0, 3, 3, 3, 2, 3, 2, 2, 0, 2, 1, 2, 0, 0, 1, 1, 0, 2, 1, 0, 2, 2, 1, 1, 2, 2, 0, 2, 3, 0, 3, 1, 3, 0, 0, 2, 0, 3, 3, 3, 2, 3, 0, 1, 0, 0, 1, 0, 0, 0, 3, 0, 2, 0, 1, 0, 1, 0, 3, 1, 2, 1, 0, 0, 1, 0, 3, 3, 2, 3, 0, 3, 3, 2, 1, 2, 2, 3, 0, 3, 0, 3, 2, 1, 1, 1, 1, 1, 3], "predicted_labels": [3, 0, 0, 1, 0, 1, 2, 3, 2, 0, 1, 3, 0, 2, 2, 2, 1, 3, 0, 1, 2, 2, 3, 0, 0, 0, 3, 1, 3, 3, 1, 3, 2, 3, 3, 1, 1, 1, 1, 3, 3, 3, 3, 3, 3, 3, 1, 1, 1, 3, 1, 1, 1, 3, 0, 1, 0, 3, 3, 2, 1, 1, 0, 3, 3, 1, 3, 0, 0, 2, 1, 0, 1, 0, 2, 2, 2, 2, 2, 0, 1, 2, 3, 0, 2, 3, 3, 0, 1, 0, 2, 3, 0, 2, 1, 3, 2, 1, 0, 2, 3, 1, 1, 3, 0, 3, 3, 1, 1, 2, 0, 3, 3, 2, 2, 0, 0, 3, 2, 3, 3, 3, 1, 1, 3, 3, 2, 3, 0, 1, 3, 3, 3, 2, 2, 1, 0, 2, 1, 2, 3, 1], "confidence_scores": [[0.3466563866179073, 0.0056779793874370725, 0.29016717014750115, 0.35749846384715456], [0.8732438321714496, 0.11101803151491446, 0.015531253432645178, 0.00020688288099070747], [0.9978067287459952, 0.0016629690552893632, 1.6791762052034562e-05, 0.0005135104366633045], [0.024184171475942876, 0.9744295368747231, 1.658527078674714e-07, 0.0013861257966261593], [0.9066077014699307, 1.2609085097034424e-05, 2.946220808761708e-06, 0.09337674322416346], [1.3471008697835812e-12, 0.7973165097110655, 0.20191616038184626, 0.0007673299057411271], [0.0248552892707179, 1.8006982811778548e-05, 0.9325971285037379, 0.042529575242732494], [0.00011285651587750578, 0.0020846040350184147, 0.002018281815459187, 0.995784257633645], [0.06818063677432143, 0.003419981142989366, 0.7700130436117926, 0.15838633847089648], [0.9199772096175519, 0.07988276306761437, 1.5982577999297994e-05, 0.0001240447368343976], [1.985352834594729e-08, 0.9982846340382475, 0.0017127691236730766, 2.5769845511064505e-06], [0.000669826894644336, 2.2478913243655815e-06, 2.35333898443599e-05, 0.9993043918241868], [0.9944725158218034, 1.1538085549138845e-05, 2.5024942731952026e-08, 0.005515921067704777], [0.0052108585888369025, 0.22157532701493932, 0.7730918828893676, 0.0001219315068561023], [0.17211745674553464, 0.0009151654278257159, 0.8202853211151168, 0.006682056711522933], [0.0002520072032895219, 0.12321086995126042, 0.8193618148980261, 0.05717530794742399], [0.09031019993919401, 0.7790080438717936, 0.13066177816345045, 1.9978025562065615e-05], [5.876554499471255e-06, 1.4083108416317697e-12, 0.0020321818994120467, 0.9979619415446801], [0.9970773100683676, 0.0005566956182031764, 0.0018999248193631627, 0.0004660694940661307], [7.204030548293373e-06, 0.9990232354840624, 0.0009574631429242831, 1.2097342464942785e-05], [0.19161121808790815, 0.000296289169925723, 0.8080880950515337, 4.397690632352251e-06], [2.667208024868773e-10, 6.637031291379993e-08, 0.9999999326578827, 7.050836279224853e-10], [1.7814592052992797e-08, 0.2281235057482264, 0.35760478329142287, 0.4142716931457588], [0.9999334475759097, 2.962465015462661e-06, 1.872805120397044e-06, 6.171715395436229e-05], [0.8075411922846573, 0.0012823208435561854, 0.18935178060213487, 0.001824706269651638], [0.6657823264750821, 1.6733278266658512e-05, 0.0003623663228446215, 0.33383857392380684], [0.0015436910045156084, 1.3199542981137177e-05, 4.239307623239903e-05, 0.9984007163762709], [7.332903505553867e-09, 0.9495190811253797, 0.0008483613067147811, 0.04963255023500194], [0.17532209368863283, 0.28065901531099696, 5.915583676389944e-07, 0.5440182994420025], [0.004562485320516304, 5.729545016464833e-05, 0.0003704812714069554, 0.9950097379579121], [2.4911717119047303e-09, 0.9998767484600112, 0.0001231285795935929, 1.2046922346898717e-07], [0.005240675150983668, 5.179509783807632e-07, 0.0002256144318100554, 0.9945331924662277], [0.46711456598067674, 6.697326178738704e-05, 0.5328184595552075, 1.2023284310155035e-09], [0.014758314548008244, 0.00897826941383081, 3.0846709477025127e-07, 0.976263107571066], [2.602482108484286e-05, 4.178574644406999e-06, 0.0005638880960341898, 0.9994059085082366], [4.296107997660792e-05, 0.9441241645851496, 0.03938107798717737, 0.016451796347696557], [2.494823930506806e-07, 0.9995864487312228, 5.3433650049984316e-09, 0.00041329644301897774], [0.0002656802949177222, 0.999723465821503, 7.761343481711163e-06, 3.0925400976001835e-06], [0.001571417944859265, 0.394096851410552, 0.30115243082031923, 0.30317929982426944], [0.00010948493554556205, 0.08926707228458582, 0.01726632306401948, 0.8933571197158492], [0.03318127386205698, 0.4444459529974065, 0.0002867432503457759, 0.5220860298901907], [0.20207789878228433, 0.02577923194225316, 7.417091537205373e-06, 0.7721354521839253], [0.39315006058395885, 0.07917766160811945, 8.99674408074512e-06, 0.5276632810638411], [1.9931400751798212e-07, 6.733559149650399e-09, 3.827629031175131e-11, 0.999999793914157], [0.07365413407263934, 0.0041622459926603005, 0.0027199516833320233, 0.9194636682513684], [0.02986702355714097, 0.0019641677341780987, 3.734097805639124e-05, 0.9681314677306244], [0.00022252638888994286, 0.9948617066188488, 1.6941367311569564e-07, 0.004915597578588085], [0.013231282753401956, 0.9867229997478607, 5.032590404658775e-07, 4.521423969699681e-05], [0.008006257071740117, 0.9917910020160561, 4.722466817890694e-06, 0.00019801844538577037], [0.004532911431592156, 1.1727492704558322e-05, 0.0006238544149627956, 0.9948315066607405], [2.2473797911916337e-09, 0.9982656010262698, 1.4492749395463838e-06, 0.0017329474514108526], [0.029908700321460757, 0.9617028090071653, 0.005684872458736112, 0.0027036182126377755], [6.007049167387474e-10, 0.9903344422555895, 3.4041250324538557e-12, 0.009665557140301513], [3.278568245833179e-08, 2.8930222487642333e-06, 1.3953767438803142e-06, 0.9999956788153249], [0.9990242545982321, 0.0008173006750701584, 6.280332249749382e-07, 0.00015781669347270395], [0.002853303843130982, 0.975871028457932, 1.0147456892739879e-05, 0.021265520242044204], [0.9242415778813959, 0.001662643055267453, 0.0019499196463831007, 0.0721458594169534], [0.0012154934526037663, 0.00011163011702693607, 0.49786332003642586, 0.5008095563939434], [0.0012554865474376123, 0.0003829203160469169, 0.01775728479812727, 0.9806043083383883], [2.125539340901954e-07, 4.588123836875513e-05, 0.9999539061933148, 1.4382294016032238e-11], [0.0014156645683339672, 0.728195743426425, 0.26691146880285144, 0.0034771232023894745], [0.006912705968472635, 0.9929874143557055, 1.1065842222568723e-06, 9.877309159950798e-05], [0.9678535059454404, 0.012887092406615171, 0.019254138886462106, 5.262761482267237e-06], [0.00035825950781295313, 0.23950000800787583, 0.000998524708829159, 0.7591432077754822], [7.102259204310167e-08, 4.26486024490917e-07, 0.0005361062411823713, 0.9994633962502011], [0.21965079888125003, 0.4051784390522354, 0.00560673902956753, 0.3695640230369471], [0.023646498090047798, 1.5116297339388842e-07, 1.3403396579925383e-05, 0.976339947350399], [0.9434489103522686, 0.056320425419745926, 2.887954988709202e-05, 0.0002017846780984182], [0.922032981174684, 0.0694106591584003, 0.0032490564844534207, 0.005307303182462009], [8.762397090784537e-06, 0.0051386623731242516, 0.9908160632316562, 0.0040365119981286696], [0.1781691821167757, 0.8200922003290126, 0.0003929771320810697, 0.0013456404221307507], [0.9947563216338251, 1.9884663485810036e-06, 3.2836705914975815e-05, 0.0052088531939113655], [1.2077150476541051e-05, 0.7546923321257797, 0.24400076090573003, 0.001294829818013533], [0.8820291669534936, 0.0025062647179670424, 0.11457854789170716, 0.000886020436832064], [3.3695365587948975e-07, 0.0003399796837888043, 0.9996329905517986, 2.6692810756548345e-05], [0.02330897339877171, 0.014982053968020171, 0.9607546430108417, 0.0009543296223663856], [5.9024012761676945e-05, 7.138864453605613e-05, 0.9957697382694208, 0.004099849073281397], [0.060379005158929716, 0.009132575791359858, 0.8708921391893164, 0.05959627986039394], [4.4838249267744277e-05, 0.012472661186374726, 0.9872702662868987, 0.00021223427745889597], [0.4881793928662302, 0.4522235106035988, 9.03449442661066e-06, 0.05958806203574443], [0.00011439834607154678, 0.9085729320807183, 0.0874005634342237, 0.0039121061389864546], [0.0006415723835579162, 0.004444752661023196, 0.9917894249391306, 0.0031242500162881838], [2.95232844097481e-07, 2.6110061813784865e-06, 6.719660046688005e-05, 0.9999298971605075], [0.6753442458713189, 0.00013021574720017447, 0.0016084534779631757, 0.3229170849035178], [3.760339328778479e-05, 0.001417613955632126, 0.5393284897843291, 0.459216292866751], [0.005372489422902851, 0.008681714774759479, 5.2151529771027286e-08, 0.9859457436508078], [7.773854881148631e-05, 0.005351032284934605, 1.6312882551408654e-10, 0.9945712290031251], [0.9979905547301732, 0.001324813014289835, 1.446059041328927e-05, 0.000670171665123628], [7.393047365706828e-05, 0.9997427884498634, 3.936888264453076e-05, 0.0001439121938349828], [0.830109102572003, 1.637866637183321e-06, 2.076275526107615e-06, 0.1698871832858338], [0.011204405386108503, 0.14015085990476955, 0.847364066261624, 0.0012806684474979588], [0.012345336417555803, 8.385769522050118e-05, 0.019684974746344678, 0.967885831140879], [0.7519953914169377, 3.382088658303752e-05, 0.0345060394693301, 0.21346474822714928], [0.00027750972720741923, 0.002414323606963293, 0.9804186198862836, 0.01688954677954546], [0.0014015720488554856, 0.9204116842587892, 0.002956475789937822, 0.07523026790241746], [9.373316073135157e-06, 3.418931562809567e-05, 1.7670661741615116e-05, 0.9999387667065571], [0.052479290463995305, 0.0001619070068016372, 0.9470573399774379, 0.00030146255176505623], [6.382560346743216e-05, 0.9990058870426133, 0.0009020174108919454, 2.8269943027363206e-05], [0.9833986260705325, 0.0017464678647195234, 0.010964212592719935, 0.0038906934720277266], [1.518133534446299e-08, 1.7777395530388553e-06, 0.9999953326488519, 2.8744302597419138e-06], [7.157126580784049e-08, 0.049635269182271916, 1.0720403861310188e-07, 0.9503645520424235], [0.07718581670562386, 0.9046061798522462, 0.010948224174109766, 0.00725977926801992], [0.001123945821472111, 0.9886701732710417, 0.010205705863516728, 1.750439694481592e-07], [1.3041310716370035e-05, 8.42865548009933e-05, 4.108299522377829e-05, 0.9998615891392588], [0.9937572084027351, 7.651529853948831e-07, 0.005697667305711033, 0.0005443591385683344], [0.00033257650959938944, 0.004347744274484121, 0.0008421453562584961, 0.994477533859658], [0.0029625844920167037, 1.4178090826506434e-05, 0.00019485941396375317, 0.996828378003193], [0.05868774054425617, 0.5862018684180249, 0.03492568800477371, 0.3201847030329453], [0.003210569135083901, 0.9967814364725438, 4.689057180267503e-06, 3.3053351920397535e-06], [0.0007829353945195899, 0.31009198078800715, 0.5620349213992712, 0.12709016241820212], [0.9221630436248338, 0.005028360656528707, 0.07045755125602073, 0.002351044462616743], [0.057173678292805896, 0.1848576181839, 0.017191877607924545, 0.7407768259153695], [0.0032929712805251084, 2.606646081942464e-05, 0.0016662440112754028, 0.9950147182473801], [7.831936404848238e-05, 0.18128427341614398, 0.8186108098294546, 2.659739035304708e-05], [0.0021249580831668893, 0.05437113338379559, 0.9336780239543618, 0.009825884578675524], [0.49555276964936146, 0.43073672526970075, 0.0006481806619752337, 0.07306232441896256], [0.9978031505002071, 0.0018932648835837057, 2.2667046375366674e-06, 0.00030131791157166966], [5.286384124348806e-07, 0.051430516364779515, 3.275272723705606e-05, 0.948536202269571], [1.3159461470119825e-06, 0.4525077153231187, 0.5474909078714036, 6.085933073487732e-08], [0.4557755288084052, 0.002188408585830929, 1.0087455389132155e-05, 0.5420259751503747], [2.4008220267884378e-05, 0.007991125221248499, 0.007908299506858422, 0.9840765670516252], [0.22837631516896748, 0.00041361862181995277, 0.03764303845994413, 0.7335670277492684], [0.00037326356530381323, 0.9996241127601929, 1.5182392106094894e-06, 1.1054352925498501e-06], [0.017299365224828275, 0.9826999048363428, 1.0925724667809235e-07, 6.206815820728919e-07], [7.08042502710848e-06, 0.002753251176659396, 2.0028762310426699e-07, 0.9972394681106903], [9.579666712447789e-08, 1.890053874421002e-10, 2.765166963817315e-08, 0.9999998763626579], [2.405137328059758e-11, 3.3085822124029677e-08, 0.9999983066483296, 1.6602417971655002e-06], [1.4106410287667712e-08, 2.034419316819913e-06, 3.403767754879957e-05, 0.9999639137967241], [0.8451568860805362, 0.000864667660963946, 0.0026252176318788826, 0.151353228626621], [7.305968648348968e-05, 0.9949561632276538, 0.0037192305945153332, 0.001251546491347331], [0.18952290075677522, 0.0006010396335194761, 0.00029674209281775333, 0.8095793175168876], [0.04548745188903688, 0.059907610608030265, 2.2230822099692087e-07, 0.894604715194712], [0.01668098060204684, 0.1028977728061639, 1.6555746022208675e-06, 0.880419591017187], [1.5972759790747474e-05, 0.0009968746560703103, 0.9988545945771712, 0.00013255800696775923], [2.717669898910486e-05, 0.000348855242254257, 0.9996172323807484, 6.73567800812787e-06], [0.10770431691231765, 0.5930270946471682, 0.294787960809111, 0.004480627631403074], [0.5554098677823124, 0.011240632334838602, 0.26240444523393874, 0.17094505464891022], [2.4884091385669037e-07, 0.1882274983738933, 0.8117558326670306, 1.6420118162242993e-05], [0.001532179783960241, 0.9956011577399433, 1.767851504134542e-05, 0.0028489839610550413], [0.0010854390323284766, 0.0007382964665418611, 0.9981229383028245, 5.33261983051485e-05], [2.895341316660585e-14, 5.982049168511716e-07, 0.0005652115240980993, 0.9994341902709561], [0.0002971896977530913, 0.9996951270050528, 4.6572190098803226e-08, 7.636725004087189e-06]]}, "rewritten": {"ids": ["97106970", "97107920", "97107950", "97108520", "97112170", "97112830", "97113260", "97113900", "97116790", "98106111", "98108520", "98108580", "98110680", "98111231", "98116500", "98119591", "98121790", "99105921", "99108310", "99108520", "99108710", "99110050", "99110730", "99111440", "99119830", "100108580", "100109311", "100109360", "100109801", "100109910", "100111270", "100117420", "101108121", "101108580", "101110150", "101114020", "101117580", "102109850", "102110500", "102114270", "103110100", "103110840", "103111170", "103111620", "103120780", "104111550", "104111711", "104113170", "104114230", "104114740", "105113190", "105115680", "105116090", "105118230", "105119950", "106113190", "106114150", "106114880", "106116370", "107113130", "107113180", "107114200", "107114621", "107115140", "107120260", "107121540", "108114220", "108116501", "108117360", "108118810", "108121190", "108121351", "108121410", "109113591", "109113881", "109114030", "109114220", "109114651", "109114720", "109115220", "109115380", "109117150", "109117730", "109118161", "109119450", "109119591", "109120150", "109121640", "110113591", "110115120", "110115710", "110115980", "110117110", "110118161", "110119030", "110119891", "110120700", "110121500", "111116010", "111116100", "111116110", "111117000", "111117200", "111118820", "111119150", "111119250", "111119580", "111119930", "111120531", "111120540", "111121220", "111121351", "112116451", "112116501", "112116540", "112116990", "112117030", "112117461", "112117571", "112117790", "112118161", "112118530", "112118550", "112118581", "112119500", "112119580", "112120270", "112120630", "112120990", "112121410", "113117340", "113117550", "113118111", "113118231", "113118511", "113118810", "113118820", "113120531", "113120540", "113120601", "113122220", "113122510"], "labels": [2, 0, 2, 2, 0, 2, 1, 2, 2, 0, 2, 0, 2, 1, 2, 1, 2, 1, 2, 2, 2, 3, 3, 3, 1, 0, 1, 0, 0, 2, 2, 2, 0, 0, 1, 3, 3, 1, 3, 3, 1, 1, 2, 0, 1, 1, 1, 3, 2, 2, 3, 2, 1, 1, 3, 0, 1, 0, 2, 1, 3, 2, 0, 0, 1, 2, 3, 0, 1, 1, 1, 3, 0, 3, 0, 1, 3, 3, 0, 3, 3, 2, 3, 0, 3, 0, 2, 0, 0, 0, 2, 1, 0, 0, 0, 3, 2, 3, 1, 3, 3, 0, 0, 0, 3, 1, 3, 1, 0, 1, 3, 0, 0, 3, 1, 0, 2, 0, 3, 3, 0, 1, 3, 1, 2, 3, 0, 3, 2, 0, 2, 3, 1, 3, 1, 3, 0, 0, 3, 2, 1, 2], "predicted_labels": [3, 1, 3, 0, 0, 2, 3, 0, 2, 1, 0, 0, 2, 3, 3, 1, 1, 2, 3, 1, 1, 1, 3, 3, 3, 2, 3, 3, 3, 2, 3, 2, 3, 0, 3, 0, 0, 1, 3, 1, 0, 2, 2, 1, 0, 0, 1, 2, 2, 3, 3, 1, 0, 2, 1, 0, 3, 2, 3, 2, 1, 0, 0, 3, 0, 1, 1, 0, 3, 3, 1, 3, 1, 1, 1, 3, 0, 0, 2, 3, 1, 3, 0, 0, 2, 1, 2, 0, 3, 0, 0, 3, 0, 3, 0, 0, 3, 0, 1, 1, 3, 3, 3, 0, 3, 1, 0, 0, 3, 2, 1, 0, 0, 3, 1, 0, 1, 0, 1, 0, 3, 2, 0, 2, 1, 3, 2, 3, 1, 1, 1, 2, 3, 1, 2, 3, 2, 0, 0, 3, 3, 0], "confidence_scores": [[6.364311288181827e-05, 0.003911176348675772, 0.01988355633911705, 0.9761416241993255], [0.005032558337258264, 0.9949289088957848, 5.2163845693102936e-06, 3.3316382387489e-05], [1.0169854476906608e-05, 0.008845940649818178, 0.010986176261484978, 0.9801577132342199], [0.5697736626186186, 0.003552062635995418, 0.09197854386514083, 0.3346957308802451], [0.8392244743392369, 0.14412268862672922, 0.006218341283180943, 0.010434495750852962], [3.73980419564778e-05, 5.76774552255412e-06, 0.9812202107659043, 0.018736623446616633], [9.350611166562652e-11, 1.7187197387706755e-05, 0.1181704580829868, 0.8818123546261194], [0.9856900312904634, 0.0018444851110077781, 0.005569423225492233, 0.006896060373036731], [0.01105907690757653, 3.973595393011881e-05, 0.7673408839642533, 0.22156030317424008], [6.174554183683594e-05, 0.9764172915969229, 2.8062269250769514e-05, 0.02349290059198952], [0.999356492634875, 0.0003960988291740798, 1.8028959073352175e-06, 0.0002456056400435372], [0.9962412140123124, 1.429527498147228e-05, 0.0037444486553925276, 4.20573136891878e-08], [2.813103167013444e-05, 0.41916849931626105, 0.5807801883612167, 2.3181290852154658e-05], [0.015594513179424346, 1.658429509352166e-06, 2.1650123733180854e-05, 0.9843821782673332], [0.00022263311400399263, 0.4920758774210552, 3.0749570925634236e-07, 0.5077011819692315], [0.015080785579037517, 0.6898205429827795, 0.0283346673322647, 0.2667640041059182], [4.310724219549968e-09, 0.7322988641884782, 0.2677006090045846, 5.224962128517958e-07], [0.39351488883117564, 2.129229780833185e-05, 0.6064445689141323, 1.9249956883732798e-05], [0.08682346677752736, 1.0678922790843945e-07, 3.527446132563861e-05, 0.9131411519719191], [2.3732831611780692e-05, 0.6047885166524949, 0.3951811346136738, 6.6159022196883804e-06], [1.7211237709602146e-05, 0.9993572231179924, 0.0002758300189319329, 0.0003497356253660023], [0.0020406222266431016, 0.5396292694179444, 0.06591385416794275, 0.39241625418746967], [0.0015768001888552324, 2.765485999827377e-05, 0.03418969739751425, 0.9642058475536321], [0.047559518894292246, 0.000252661759930703, 0.3900861088429126, 0.5621017105028644], [0.00020829296998490796, 0.02249297594625919, 0.0013851963091791116, 0.9759135347745768], [2.0961191071777515e-05, 0.2693595677300405, 0.7287742104030207, 0.0018452606758670048], [0.06379338659490233, 0.03495045964058742, 1.2353959285154585e-05, 0.9012437998052252], [2.8529944031997314e-06, 1.8537483621589738e-05, 4.776887068141325e-05, 0.9999308406512938], [0.01434935870602047, 0.00015953191202770266, 0.00241636705907486, 0.983074742322877], [1.1080587592041523e-05, 0.00033444277024682987, 0.9996544763480539, 2.9410725348392135e-10], [2.1413229090122389e-07, 0.10703424036772143, 0.04547762368421151, 0.8474879218157761], [7.9147554190041e-09, 1.1398813367476542e-05, 0.9985600064834346, 0.0014285867884425165], [1.226279847554284e-05, 4.486513454632501e-06, 9.899767424167732e-07, 0.9999822607113275], [0.6557425474515051, 0.0015488107780946964, 0.3378391242181866, 0.004869517552213587], [1.6314856762992516e-07, 0.008951255815440136, 8.253853219364724e-05, 0.9909660425037986], [0.9605119506167985, 9.650240759553623e-06, 5.3061669788098274e-05, 0.03942533747265398], [0.9995944205688571, 2.0637875051656026e-05, 7.266779259545254e-06, 0.00037767477683171684], [0.2953571331742968, 0.5803977728363797, 0.12021951620807152, 0.0040255777812518], [0.00032906035618238496, 3.6923221773773174e-07, 9.081526530673877e-06, 0.9996614888850692], [0.0004589244599180662, 0.9995215559308223, 5.0519931388803895e-06, 1.4467616120713827e-05], [0.9998207816270414, 8.948665576150508e-05, 5.580119503575413e-05, 3.3930522161453916e-05], [0.0018410582644826157, 0.04771338843980004, 0.9503499883855974, 9.556491012010062e-05], [0.06872220106605378, 0.011190732769945035, 0.5458867776263943, 0.37420028853760684], [0.08939505341485217, 0.9071996991215272, 0.0018888057420561894, 0.0015164417215643594], [0.9492327843367426, 0.04939979310338725, 1.9191436181311416e-05, 0.0013482311236889288], [0.9595171410084418, 0.00038360252742920174, 0.039409326163242, 0.0006899303008872075], [5.514876296005316e-05, 0.9999069162025729, 3.541275907403697e-05, 2.522275393021264e-06], [5.419705221957031e-05, 0.00019509742664159207, 0.9997499917518989, 7.137692399611447e-07], [0.02665863997595832, 0.00013115034388492478, 0.6928240951368683, 0.2803861145432884], [0.021922969098134414, 6.578620097680606e-05, 0.0063692882861916544, 0.9716419564146972], [1.5839603265774932e-05, 8.557886312014893e-08, 0.000392036763054174, 0.999592038054817], [3.810868782751357e-08, 0.9732916606951006, 0.026704278284486786, 4.022911724671134e-06], [0.998908520012709, 0.0009901556199031025, 4.747078853042447e-06, 9.657728853483988e-05], [0.00015625300914274984, 0.42134190036325353, 0.46688180075390623, 0.11162004587369755], [5.13126792618825e-05, 0.9999478483820886, 6.133080554420086e-07, 2.2563059397391438e-07], [0.9118299596653269, 3.8102938856618705e-05, 2.1181349261629848e-06, 0.08812981926089036], [0.008266272371553363, 0.001251924450924829, 3.648400129491543e-05, 0.9904453191762268], [4.342354522892498e-06, 0.17892505609853207, 0.8210532419472479, 1.7359599697059e-05], [4.182157801522223e-06, 0.010214348594932037, 0.2306522610857481, 0.7591292081615183], [0.0009649275862695432, 1.988387400885972e-05, 0.9990151871225267, 1.4171948748198382e-09], [1.441509048710024e-06, 0.9995808221164723, 0.0002264811926231822, 0.00019125518185576378], [0.7401230293521635, 0.1771906541300722, 0.002183935004581975, 0.08050238151318236], [0.6881837178765535, 0.0014963754314909845, 6.230887870324645e-09, 0.31031990046106767], [5.522194756574015e-06, 2.115318664660597e-05, 0.0003712497812915, 0.9996020748373055], [0.9504759124817131, 0.044646308159052094, 0.00037977786146950026, 0.00449800149776513], [1.8457366856400377e-05, 0.6260017839447114, 0.3451508595176407, 0.028828899170791625], [4.2169571164220045e-10, 0.8544185817695166, 0.1455735552163354, 7.862592452255219e-06], [0.982077043484213, 0.014094957945849248, 0.0003809643895317913, 0.0034470341804059466], [1.2599299173918867e-08, 7.67933887985645e-05, 0.008727579946239596, 0.9911956140656626], [1.1333943197275431e-06, 2.700045085981735e-10, 2.5840208688358915e-11, 0.9999988663098357], [0.0053551068878140975, 0.9874611701450028, 0.000819485868753864, 0.006364237098429102], [2.086595083876676e-06, 6.412720540823373e-07, 8.144308373180301e-07, 0.9999964577020248], [0.05834866448222839, 0.941321900525648, 4.159972688438924e-06, 0.00032527501943518], [1.356581576978257e-05, 0.9213395914440423, 3.406789818061148e-11, 0.07864684270612006], [2.7939430027567864e-05, 0.9998650238588922, 3.035656382215068e-07, 0.00010673314544199731], [0.002817967409123216, 5.285541985534084e-05, 2.2339324155499054e-05, 0.997106837846866], [0.9560340640391107, 0.00041661629567976124, 0.000741732253220406, 0.042807587411989194], [0.9393085263427383, 0.06057744802445048, 7.174415073935561e-06, 0.00010685121773740073], [1.5183264615113338e-06, 0.0001374443273088612, 0.9982295864660269, 0.0016314508802028251], [0.1453793117022554, 0.05998062431321257, 0.05310879697437806, 0.7415312670101538], [0.055063167738746956, 0.8435818984259832, 0.06749867287293361, 0.03385626096233624], [0.21162880497973066, 0.003028590257345553, 0.01825131658979717, 0.7670912881731267], [0.9997783809186609, 0.00022041278496934196, 1.4053981345062219e-07, 1.0657565563834935e-06], [0.9942919573096041, 0.00529763510349283, 7.768189234601074e-05, 0.00033272569455720463], [0.008937791141244709, 0.010439783848217643, 0.9206416688574455, 0.059980756153092014], [0.29199668866452433, 0.7078483357161449, 4.0484815447863775e-05, 0.00011449080388283718], [1.975424206079315e-11, 2.8031952678593782e-08, 0.9999999719354405, 1.285253366541867e-11], [0.9922252223671613, 0.005586082217427707, 1.0310912882168322e-05, 0.0021783845025286712], [1.5714580106580715e-05, 0.0012192151656004863, 8.625975601183927e-12, 0.998765070245667], [0.7168961596873747, 0.0037287517206794152, 0.25370232349285726, 0.025672765099088554], [0.9063809413634636, 0.0006679267184972817, 0.09271468989676677, 0.000236442021272242], [0.00834589087255149, 4.7253918042124824e-07, 4.461951499558123e-05, 0.9916090170732724], [0.8249778730911165, 0.011246649978466196, 0.14045669021602228, 0.02331878671439506], [0.12273912739809295, 0.00020136208468648402, 0.0019207229778620708, 0.8751387875393584], [0.5913558026379065, 0.02064662683414488, 4.7395659571717546e-07, 0.38799709657135273], [0.871944534388465, 0.005848627298875804, 0.003631425321872473, 0.11857541299078671], [0.0005259397887143432, 0.15595802551288815, 0.007828374636452966, 0.8356876600619445], [0.5532413860763319, 0.39740987631529334, 1.3065402876009343e-06, 0.04934743106808724], [4.600600020680715e-07, 0.8066242180992509, 0.1933680629996939, 7.25884105317546e-06], [9.532285160413557e-09, 0.999954249536543, 5.781514011694338e-10, 4.574035302042577e-05], [0.42033489757556036, 5.6764132373046575e-06, 0.00857729124190842, 0.5710821347692939], [0.07637141806399698, 3.3910818359572225e-05, 6.132305315466074e-06, 0.923588538812328], [0.2130585101538292, 0.35516929090024546, 0.0008402776549700075, 0.43093192129095526], [0.9658069662863725, 2.678806619497604e-08, 1.6550093522933742e-07, 0.034192841424626245], [0.011195766328672307, 0.03357513462686078, 7.048175216617149e-08, 0.9552290285627146], [2.53307437692616e-09, 0.9339882532489968, 0.0006033192961036571, 0.06540842492182501], [0.9703180865656342, 0.0006551360132286878, 0.029026676807504728, 1.0061363235462462e-07], [0.7350239633990739, 0.026998992330836392, 0.0038180574851716205, 0.234158986784918], [6.947566715495747e-07, 3.7595065437899337e-05, 2.9953217096987313e-06, 0.9999587148561809], [0.14637377292784282, 0.3775717450858173, 0.4760470822470531, 7.3997392865899e-06], [0.014996160560605525, 0.9838669968201169, 1.6767319013923035e-07, 0.0011366749460875838], [0.73916474468278, 0.2584979252835415, 4.2723853290473616e-05, 0.002294606180388075], [0.9999601370273172, 3.9788165953338276e-05, 3.652155717406163e-08, 3.828517232390533e-08], [3.3707331885679643e-06, 0.0014583126251792864, 6.6818040571267e-05, 0.9984714986010609], [0.011125398609558735, 0.9878258882075418, 0.0001862520626049895, 0.0008624611202947732], [0.9900067271941592, 5.6378587891898514e-05, 0.00784156266203559, 0.0020953315559133607], [0.08828791668268614, 0.876178910357472, 0.012924330576805301, 0.02260884238303654], [0.9999930248849621, 5.373902926861206e-06, 1.22222478917524e-08, 1.5889898632325416e-06], [0.017285376031340213, 0.9103980210512237, 1.2992715783972821e-05, 0.07230361020165195], [0.9673644067840448, 0.02477442745271802, 0.00016854525904654607, 0.007692620504190707], [6.770193744242622e-05, 0.0044827524327005035, 0.00011061112191250795, 0.9953389345079446], [0.00013746195127808174, 0.32015253427715784, 0.6785388864362316, 0.0011711173353324035], [0.9674180198086247, 9.219619175630023e-05, 9.278651589514393e-06, 0.03248050534802958], [1.4968606031658312e-06, 3.9585480636074805e-07, 0.9946875890716074, 0.0053105182129830454], [3.698460678765452e-09, 0.9999679523902325, 3.179851386513951e-05, 2.453974416036554e-07], [0.16276520835039773, 3.1864532689991427e-05, 9.238377786754977e-06, 0.8371936887391256], [2.6685101423617358e-05, 0.0005732673248679567, 0.8917558944463069, 0.10764415312740139], [1.4872145792464021e-05, 0.2075045055495552, 4.7058832199193606e-05, 0.7924335634724532], [0.06398576442794998, 0.7297203818225921, 0.11867691921818806, 0.0876169345312697], [2.0032404485697372e-09, 0.9994429776204823, 1.159355464314137e-11, 0.0005570203646837352], [3.4463137518963887e-05, 0.560604565624828, 0.4158574130508423, 0.023503558186810856], [0.000791402275398136, 0.010862689598581774, 0.9873724135849719, 0.0009734945410482839], [0.05843728370011619, 0.24955494254418026, 0.0005979253106709718, 0.6914098484450326], [0.0002973061918772373, 0.9983778172094954, 6.792342944687648e-05, 0.0012569531691804918], [1.0330867184608689e-05, 3.8192219131560326e-05, 0.9999483588450803, 3.1180686036157794e-06], [2.3189340917663346e-05, 7.767535920389192e-13, 0.0014836876108264116, 0.9984931230474792], [2.3240957015307935e-06, 0.04306707824308293, 0.9569303441160162, 2.5354519938710596e-07], [0.9507187064954222, 0.012439138610191554, 0.0012723362413709603, 0.03556981865301544], [0.999897508667131, 4.835151524917601e-05, 1.336797486942617e-06, 5.2803020132943756e-05], [0.0005721661848094847, 0.2060569796065221, 0.05009154156843983, 0.7432793126402285], [4.020549039271499e-07, 0.002730552110228643, 0.00022028419068005978, 0.9970487616441874], [0.9776614347135273, 0.0012287887384449673, 0.021109226264482233, 5.502835456555899e-07]]}}