{"test": {"ids": ["99109910", "108114670", "103111540", "112118511", "107118820", "111118910", "108114200", "112116501", "109119450", "111120540", "110113591", "105118230", "101110200", "107119950", "106116640", "113120531", "113122170", "106112770", "99116500", "111119290", "108114180", "107114200", "103117461", "103113170", "99108330", "106114150", "104111880", "108120621", "112118930", "98112580", "108117360", "108121160", "109113881", "103111990", "105112130", "99111340", "104114740", "99109311", "98109311", "106121220", "98116940", "102112030", "109120150", "101108500", "113119360", "111116040", "101114020", "98108520", "110118450", "104117630", "113119700", "111116750", "106114280", "100108080", "101108290", "109118701", "108121351", "101110740", "98106880", "108119550", "113120280", "111117571", "112120630", "103120531", "106118820", "113121750", "110121450", "111117120", "113117340", "112116810", "106118161", "110114920", "112120640", "100108520", "111114941", "102109850", "113119950", "105110251", "97106600", "102111990", "108113760", "112119120", "107118120", "99114890", "99109370", "98119591", "101108080", "109116441", "105113260", "103113610", "113120751", "111114121", "99121440", "110115980", "101121640", "107113170", "110115250", "98107410", "101108580", "113120830", "100109980", "113119340", "104112201", "111119250", "105113440", "109120560", "102113210", "100109330", "105113190", "110118880", "113122230", "101109370", "110116170", "112117210", "97107681", "103110100", "111115620", "101112690", "99111000", "109115211", "105118171", "102109840", "99107950", "100107920", "108116120", "104112470", "98107210", "98108410", "102121440", "104113240", "110117870", "108116481", "97107821", "107114110", "104118340", "99112840", "97106000", "111118820", "112119930", "109121410", "111116990", "103111830"], "labels": [2, 3, 1, 1, 3, 0, 0, 3, 3, 1, 0, 1, 2, 3, 3, 0, 1, 1, 2, 3, 1, 2, 0, 3, 1, 1, 3, 1, 1, 2, 1, 2, 0, 2, 1, 1, 2, 1, 1, 1, 2, 2, 2, 3, 0, 0, 3, 2, 0, 0, 0, 3, 3, 0, 0, 3, 3, 3, 0, 1, 0, 3, 3, 3, 3, 0, 3, 2, 2, 3, 3, 3, 0, 2, 0, 1, 0, 0, 3, 2, 1, 1, 3, 2, 1, 1, 0, 3, 3, 2, 1, 0, 2, 1, 2, 0, 1, 3, 0, 3, 1, 0, 0, 1, 0, 1, 3, 0, 3, 0, 1, 1, 0, 1, 3, 1, 1, 1, 2, 0, 3, 2, 1, 0, 1, 1, 1, 1, 2, 2, 3, 0, 2, 1, 2, 2, 0, 0, 1, 0, 0, 3], "predicted_labels": [2, 1, 1, 3, 3, 3, 1, 3, 3, 1, 0, 1, 1, 1, 3, 0, 2, 1, 1, 1, 1, 3, 1, 1, 3, 1, 1, 3, 2, 1, 2, 1, 0, 3, 1, 1, 2, 0, 0, 3, 0, 3, 1, 3, 3, 3, 0, 2, 0, 3, 1, 3, 3, 1, 3, 0, 0, 2, 0, 3, 3, 1, 0, 3, 3, 0, 3, 3, 3, 2, 1, 3, 0, 3, 1, 1, 1, 0, 0, 0, 3, 3, 1, 1, 1, 1, 0, 3, 1, 1, 3, 0, 3, 2, 1, 1, 1, 0, 0, 1, 1, 3, 0, 0, 1, 3, 1, 3, 3, 3, 0, 1, 1, 3, 0, 3, 3, 1, 0, 1, 1, 2, 1, 0, 3, 3, 3, 3, 1, 2, 3, 0, 3, 0, 3, 3, 3, 0, 3, 3, 3, 1], "confidence_scores": [[0.18345613973894834, 0.1439616694120882, 0.5150171363869878, 0.1575650544619756], [0.2967120448804545, 0.32602768009430283, 0.15987129344354012, 0.21738898158170245], [0.12524975139939692, 0.5451646760480103, 0.127281435667679, 0.20230413688491378], [0.31054013182240114, 0.17802153070539986, 0.10258031927679992, 0.4088580181953991], [0.1716283750095177, 0.24059079557074772, 0.26264318425962635, 0.3251376451601083], [0.16320467300237348, 0.3351837238586858, 0.11825803877665297, 0.3833535643622879], [0.3183103328936913, 0.4253773339216105, 0.11394775968493323, 0.14236457349976497], [0.22743915073056892, 0.22552316964083977, 0.11113822565612841, 0.435899453972463], [0.1805555288234787, 0.1731781485606558, 0.21625080211920036, 0.43001552049666514], [0.21648809695865856, 0.36731504484272554, 0.09773175329529395, 0.3184651049033221], [0.37806395628042555, 0.2605085434287995, 0.13464540736554587, 0.2267820929252292], [0.14107200925607497, 0.39793907377119025, 0.14982463935810456, 0.3111642776146302], [0.09630013881469197, 0.5548976884488597, 0.13491716020527442, 0.21388501253117415], [0.22513503305664073, 0.4582792287274705, 0.12196058428908638, 0.19462515392680244], [0.15968415593066912, 0.33921066618653073, 0.10902250679769435, 0.3920826710851058], [0.3262971243086109, 0.19068629381882135, 0.18269847625543695, 0.30031810561713085], [0.19507584789581445, 0.29241142620728083, 0.3364694036379611, 0.17604332225894384], [0.2626918429555022, 0.3522813367861409, 0.16005120421922828, 0.2249756160391288], [0.10105760665363456, 0.4205243660173313, 0.17758848285809628, 0.30082954447093785], [0.22420286312175883, 0.330536498222439, 0.12756758763663545, 0.3176930510191667], [0.22513717873092648, 0.42766955936401563, 0.12553416717157095, 0.22165909473348688], [0.18853312466130873, 0.27115095985795423, 0.2649123140163751, 0.2754036014643618], [0.15185277129107136, 0.4989627515938047, 0.20936670874708652, 0.1398177683680374], [0.19697987095544764, 0.37650327941666084, 0.25922115059516154, 0.16729569903272995], [0.2197281398813025, 0.2739375666286619, 0.10343296373983282, 0.4029013297502027], [0.2588354346125966, 0.36754824378942486, 0.15380229319446387, 0.21981402840351483], [0.1976572779527058, 0.38072154526843877, 0.16943550059520013, 0.25218567618365534], [0.20458147808125837, 0.22037147480883518, 0.10609391221304831, 0.46895313489685814], [0.1671485648919288, 0.128337557774173, 0.39261724816772103, 0.3118966291661772], [0.22715054849802732, 0.37888162365537087, 0.1547235577294217, 0.23924427011718022], [0.22239181746160963, 0.21937929307825108, 0.3225259551390355, 0.2357029343211039], [0.168795351160077, 0.29248298996051786, 0.26048913528143824, 0.2782325235979672], [0.4102599506490112, 0.2725953231705923, 0.16577902330808977, 0.15136570287230686], [0.254304113388235, 0.2590334792031867, 0.13724129008752942, 0.34942111732104875], [0.20469263736657464, 0.27671565710445833, 0.2593178848526641, 0.2592738206763031], [0.2491860799891673, 0.2928926275469079, 0.20825947402611789, 0.24966181843780713], [0.12296727629033069, 0.25639717367584236, 0.45319790959128886, 0.1674376404425381], [0.3570336458669269, 0.23948921895736527, 0.12131310200845587, 0.2821640331672519], [0.30911163774265027, 0.17294925060637598, 0.2949936838128795, 0.2229454278380942], [0.17589922315310805, 0.3014645453046439, 0.16754228035434027, 0.3550939511879078], [0.3075364806539452, 0.2836242834529416, 0.14642219913495075, 0.2624170367581626], [0.17576687718967898, 0.16102394928433525, 0.15526522360274927, 0.5079439499232365], [0.1264681715988543, 0.5455210114723105, 0.12291583746350086, 0.20509497946533464], [0.1825658340102444, 0.12484045466474797, 0.32086897118322416, 0.37172474014178347], [0.2367044191832835, 0.18801424480871132, 0.10379971198991422, 0.47148162401809113], [0.21621423660675596, 0.16212474692507362, 0.1212650337602865, 0.5003959827078839], [0.5060596077793554, 0.15413591375579305, 0.07262321945378537, 0.26718125901106604], [0.2072472092088084, 0.19771989843985793, 0.43449830244188636, 0.16053458990944722], [0.3745037170168517, 0.2735509034740172, 0.08029636541047837, 0.2716490140986527], [0.23816142384085767, 0.2316716153755873, 0.1878384978186483, 0.34232846296490665], [0.2485615336009419, 0.35165441252073215, 0.2174200429592822, 0.18236401091904403], [0.24294723712199828, 0.220037311316625, 0.19662083662061713, 0.34039461494075973], [0.22162519178635687, 0.28319342978647133, 0.12536228045794598, 0.3698190979692259], [0.2214297204843457, 0.4540111210140963, 0.17611447493599597, 0.1484446835655621], [0.13796223563692575, 0.28755186056279924, 0.08464727184440005, 0.489838631955875], [0.4950627226493887, 0.22384250994990681, 0.11772573830857526, 0.16336902909212922], [0.40381749123871796, 0.3029540756946431, 0.09386172136568413, 0.19936671170095493], [0.13218944785671857, 0.2559010093976492, 0.3250475580809677, 0.2868619846646644], [0.41702223702753666, 0.19793765830483098, 0.12963387097378282, 0.2554062336938495], [0.10239845774275728, 0.1283818459646432, 0.29632947332045206, 0.47289022297214733], [0.3165466314677709, 0.06813599066750176, 0.05651113200848978, 0.5588062458562375], [0.26649604550911027, 0.3201232101349393, 0.11537852785837545, 0.298002216497575], [0.4023641707570301, 0.17689181976812046, 0.11343558620887288, 0.3073084232659765], [0.19804497610548585, 0.11172535517982776, 0.33735023461901165, 0.35287943409567474], [0.2316907667448152, 0.23581717398473434, 0.18363877894632594, 0.34885328032412455], [0.3161507116839007, 0.3115652448068496, 0.10845046591591273, 0.263833577593337], [0.2273551538815897, 0.2687330981880722, 0.09494247679116821, 0.4089692711391699], [0.22447473025987416, 0.24448077693505516, 0.25541026278399936, 0.2756342300210714], [0.19196591766557794, 0.3323881994953043, 0.09613500319968014, 0.3795108796394377], [0.1563747681732978, 0.261564950276629, 0.3912236921274822, 0.19083658942259116], [0.16120658414917544, 0.5284665099739118, 0.09619992393055926, 0.21412698194635346], [0.23989394628220548, 0.2863992450331675, 0.18476201784601456, 0.2889447908386124], [0.5920568141227898, 0.12387287442036363, 0.13221417876326227, 0.15185613269358433], [0.21500894883133534, 0.1288280602180139, 0.1525867021655194, 0.5035762887851313], [0.24977341702507855, 0.3362091234899069, 0.13093949526092935, 0.2830779642240853], [0.23193353360859334, 0.3642570552336017, 0.14540509792899875, 0.25840431322880636], [0.30073872633330845, 0.3848347156901633, 0.08971208740506348, 0.2247144705714649], [0.2920431180288498, 0.24618029793293394, 0.2017522455575906, 0.2600243384806257], [0.3827900375379788, 0.3025347602220961, 0.1401007113390706, 0.17457449090085453], [0.3476533335644134, 0.2687892695753825, 0.12868281330618564, 0.25487458355401854], [0.23602808216223745, 0.2474065685098674, 0.11873237936748092, 0.3978329699604144], [0.22433724480199715, 0.2691764476436946, 0.07535750230758656, 0.43112880524672165], [0.21483977797569723, 0.3853703440341191, 0.18123809559187182, 0.21855178239831197], [0.17245528100239071, 0.33659459662539826, 0.2117880186179707, 0.2791621037542404], [0.12718398428479644, 0.4083590847861877, 0.16648953202448344, 0.2979673989045323], [0.2773180427870761, 0.3519448246364527, 0.10536801760465973, 0.2653691149718115], [0.3757978268829952, 0.323981121680216, 0.09686523047250645, 0.2033558209642825], [0.19850475362448813, 0.2903750921306925, 0.136584384555815, 0.3745357696890044], [0.20094971248543045, 0.3422118585897888, 0.1432601412626691, 0.31357828766211177], [0.21780536795254157, 0.48913667910391173, 0.16292458958567924, 0.13013336335786746], [0.14686251414262436, 0.12435600309844776, 0.0919678928214466, 0.6368135899374815], [0.44818365131680526, 0.23405043454001284, 0.09994855161402717, 0.21781736252915476], [0.21936088479090848, 0.26351008631101386, 0.14836550830050127, 0.3687635205975765], [0.25034377091954635, 0.2289890744413111, 0.30294132460222983, 0.21772583003691287], [0.17361134980945675, 0.42588264355376837, 0.118715912682146, 0.28179009395462884], [0.28694539945528397, 0.3661305614882232, 0.0851471223575871, 0.2617769166989059], [0.21090283992705278, 0.2972853059347995, 0.2417782074899947, 0.250033646648153], [0.5260440084392648, 0.23641940895867425, 0.07558571959772453, 0.1619508630043363], [0.3182049506204623, 0.19386834729786734, 0.20404469730023245, 0.2838820047814379], [0.1783835377507243, 0.2969052730323316, 0.28585341915947104, 0.2388577700574732], [0.21567878790412684, 0.3541955977021224, 0.2539094986998147, 0.17621611569393605], [0.13759552977186335, 0.270595224627084, 0.08107113478098817, 0.5107381108200645], [0.5060224926675359, 0.2690657685593364, 0.06305291823727772, 0.16185882053585], [0.3818923982985263, 0.10101672628522555, 0.23397674858235276, 0.28311412683389553], [0.1470214276175747, 0.4507497280812318, 0.08569411848623311, 0.31653472581496034], [0.17007270007938785, 0.20560871357399754, 0.22630530534044171, 0.3980132810061729], [0.17611459354142178, 0.38784709657003186, 0.21336152757727234, 0.222676782311274], [0.29841122889564886, 0.23710802130866757, 0.14776087460903742, 0.31671987518664624], [0.20280011556142086, 0.2760030235882326, 0.10897591044400541, 0.4122209504063413], [0.1506771352553116, 0.21154831462109724, 0.06482072376950723, 0.5729538263540841], [0.42854043644000417, 0.22695732305870056, 0.17779817340768653, 0.16670406709360888], [0.3022831030697661, 0.31230305068525743, 0.1088415052713697, 0.2765723409736067], [0.30868729658054905, 0.38124765238010133, 0.10744419155671293, 0.2026208594826368], [0.26966660008120646, 0.20683506113832947, 0.2187435389523361, 0.304754799828128], [0.355446574297526, 0.2843706301567381, 0.1227777058593188, 0.23740508968641727], [0.21936690073469262, 0.20552166377292197, 0.24329395972291273, 0.33181747576947274], [0.21374160276364473, 0.22439127318213709, 0.19050004148456048, 0.37136708256965784], [0.26863678236453176, 0.3153630429994853, 0.19414002525006357, 0.22186014938591941], [0.5376393145093784, 0.18975515769760537, 0.09465708555776464, 0.17794844223525164], [0.18618063689366038, 0.34152131006077885, 0.13640720785302124, 0.3358908451925395], [0.18621627441389252, 0.43252120519692083, 0.18810734847395244, 0.19315517191523432], [0.14258975057238843, 0.16473813886862743, 0.47364806936597387, 0.21902404119301014], [0.2026672323678225, 0.4483992541642854, 0.12438724241769344, 0.2245462710501987], [0.424488314645777, 0.2972113360244794, 0.1270298154930083, 0.15127053383673525], [0.23520902520671325, 0.2400381417097434, 0.13444281018656737, 0.3903100228969762], [0.256638882156619, 0.2276641658090103, 0.13126628417344932, 0.3844306678609216], [0.17222928620654512, 0.2752687072483748, 0.2372079891493103, 0.3152940173957699], [0.245675886533703, 0.22913209546638502, 0.202873367990803, 0.32231865000910903], [0.2882725093393203, 0.3177136456495569, 0.10984521555987062, 0.2841686294512522], [0.15314654850167683, 0.30224333352595517, 0.32635099344087315, 0.21825912453149476], [0.284419679371939, 0.1625751738937238, 0.15965380088520523, 0.39335134584913184], [0.39245977059501985, 0.32307592029262056, 0.09454561919668297, 0.18991868991567662], [0.2225999686701682, 0.24987445802090585, 0.14374837905532387, 0.38377719425360224], [0.30178930926572844, 0.1776892171118774, 0.24519394470228506, 0.27532752892010903], [0.22893915415362476, 0.25170857086133325, 0.1334101825380923, 0.38594209244694977], [0.21186036366640315, 0.31516196651215317, 0.12376600372360833, 0.34921166609783544], [0.1367748223270245, 0.1885661882342837, 0.13645143209919147, 0.5382075573395003], [0.3430207784529876, 0.2545069112055199, 0.08637748149540418, 0.31609482884608836], [0.26414850478098306, 0.1914075580253123, 0.20438368275746685, 0.34006025443623783], [0.13368630148060812, 0.19274463147659837, 0.10798906094791126, 0.5655800060948823], [0.35955403916933965, 0.10847141306191428, 0.08515414943499724, 0.44682039833374887], [0.20873164422528268, 0.31923517991042905, 0.25910023663944676, 0.21293293922484152]]}, "rewritten": {"ids": ["97106000", "97106600", "97107681", "97107821", "98106880", "98107210", "98107410", "98108410", "98108520", "98109311", "98112580", "98116940", "98119591", "99107950", "99108330", "99109311", "99109370", "99109910", "99111000", "99111340", "99112840", "99114890", "99116500", "99121440", "100107920", "100108080", "100108520", "100109330", "100109980", "101108080", "101108290", "101108500", "101108580", "101109370", "101110200", "101110740", "101112690", "101114020", "101121640", "102109840", "102109850", "102111990", "102112030", "102113210", "102121440", "103110100", "103111540", "103111830", "103111990", "103113170", "103113610", "103117461", "103120531", "104111880", "104112201", "104112470", "104113240", "104114740", "104117630", "104118340", "105110251", "105112130", "105113190", "105113260", "105113440", "105118171", "105118230", "106112770", "106114150", "106114280", "106116640", "106118161", "106118820", "106121220", "107113170", "107114110", "107114200", "107118120", "107118820", "107119950", "108113760", "108114180", "108114200", "108114670", "108116120", "108116481", "108117360", "108119550", "108120621", "108121160", "108121351", "109113881", "109115211", "109116441", "109118701", "109119450", "109120150", "109120560", "109121410", "110113591", "110114920", "110115250", "110115980", "110116170", "110117870", "110118450", "110118880", "110121450", "111114121", "111114941", "111115620", "111116040", "111116750", "111116990", "111117120", "111117571", "111118820", "111118910", "111119250", "111119290", "111120540", "112116501", "112116810", "112117210", "112118511", "112118930", "112119120", "112119930", "112120630", "112120640", "113117340", "113119340", "113119360", "113119700", "113119950", "113120280", "113120531", "113120751", "113120830", "113121750", "113122170", "113122230"], "labels": [0, 3, 3, 2, 0, 1, 3, 1, 2, 1, 2, 2, 1, 1, 1, 1, 1, 2, 2, 1, 2, 2, 2, 2, 0, 0, 2, 0, 1, 0, 0, 3, 0, 1, 2, 3, 1, 3, 2, 2, 1, 2, 2, 3, 2, 1, 1, 3, 2, 3, 2, 0, 3, 3, 0, 1, 2, 2, 0, 2, 0, 1, 3, 3, 0, 3, 1, 1, 1, 3, 3, 3, 3, 1, 0, 1, 2, 3, 3, 3, 1, 1, 0, 3, 1, 0, 1, 1, 1, 2, 3, 0, 0, 3, 3, 3, 2, 1, 0, 0, 3, 1, 1, 0, 3, 0, 0, 3, 0, 0, 1, 0, 3, 0, 2, 3, 0, 0, 1, 3, 1, 3, 3, 1, 1, 1, 1, 1, 3, 0, 2, 0, 0, 0, 0, 0, 0, 1, 3, 0, 1, 1], "predicted_labels": [3, 0, 1, 3, 1, 0, 0, 0, 2, 1, 2, 1, 0, 1, 1, 1, 3, 2, 0, 1, 0, 3, 3, 1, 1, 1, 3, 0, 3, 0, 3, 2, 0, 3, 1, 1, 3, 1, 3, 3, 1, 1, 2, 1, 0, 2, 1, 0, 3, 1, 1, 3, 3, 1, 0, 3, 1, 1, 3, 3, 0, 1, 1, 1, 2, 1, 2, 3, 3, 3, 0, 2, 0, 3, 3, 0, 2, 1, 0, 1, 3, 1, 1, 1, 3, 3, 0, 3, 1, 1, 0, 0, 3, 0, 3, 0, 1, 3, 1, 0, 1, 1, 3, 3, 0, 0, 3, 1, 0, 3, 2, 0, 1, 3, 3, 1, 0, 3, 3, 2, 3, 1, 1, 3, 3, 2, 3, 0, 0, 0, 3, 1, 3, 1, 0, 0, 3, 3, 0, 0, 3, 0], "confidence_scores": [[0.23144387051415288, 0.24626095778554533, 0.11066514741732353, 0.4116300242829781], [0.4237456968513893, 0.22203493542972277, 0.09820312998918809, 0.2560162377296999], [0.265692958283083, 0.27713186766956754, 0.24210127293455014, 0.2150739011127995], [0.3070875666294704, 0.1457091457952821, 0.14036656191826982, 0.40683672565697754], [0.18122229751221483, 0.36695194360206235, 0.25280409525980413, 0.1990216636259189], [0.3855646421412038, 0.20170859073202724, 0.1400912391193553, 0.27263552800741375], [0.6347843470522494, 0.1100712021069388, 0.06880650866657848, 0.18633794217423363], [0.44462586955719197, 0.22332125678887454, 0.19778045055148097, 0.13427242310245255], [0.2750119031548945, 0.19261461130299254, 0.3293588713041011, 0.20301461423801198], [0.2033617804969494, 0.3263989203398225, 0.17784795668061296, 0.29239134248261534], [0.27673834246795564, 0.23272229122247512, 0.2861562992169638, 0.20438306709260545], [0.1888108210606461, 0.43371771034991774, 0.17438252138612226, 0.20308894720331402], [0.415329610954682, 0.1816305528442601, 0.1187025483972033, 0.2843372878038548], [0.2755499970658726, 0.30192204065113176, 0.12388865353750464, 0.298639308745491], [0.22261971797952443, 0.3688546462211037, 0.1364873941752974, 0.27203824162407453], [0.2389499486558466, 0.4008643270401998, 0.1005872707564836, 0.25959845354747024], [0.18904174322911355, 0.2637332253303108, 0.12263228148630055, 0.42459274995427515], [0.19641260400413688, 0.18808977858051346, 0.4050832592465431, 0.21041435816880655], [0.4401777471420373, 0.1917365237673686, 0.10539673193660576, 0.26268899715398825], [0.1150160089938507, 0.5106011843137496, 0.1340252665917791, 0.24035754010062074], [0.35788374644627025, 0.32373960250435074, 0.09883576875535637, 0.21954088229402266], [0.24892462129286624, 0.19716602203014014, 0.13217607174549598, 0.42173328493149753], [0.17499642886743558, 0.25305739535171723, 0.21644417604041116, 0.35550199974043606], [0.26503267736317543, 0.29584608161098574, 0.16889402663974984, 0.2702272143860889], [0.2769501286613629, 0.34125609871037593, 0.159038215379239, 0.22275555724902207], [0.20809347768646352, 0.3808776291549845, 0.2183375795819519, 0.19269131357660008], [0.3551730960477244, 0.08623756504055416, 0.14099401198606404, 0.4175953269256573], [0.3570178718628985, 0.16341300531033273, 0.1448535711181057, 0.3347155517086631], [0.2006978307637147, 0.2509212792544181, 0.20877342530875026, 0.33960746467311714], [0.33665006538605247, 0.22940267845024293, 0.16964812761784162, 0.26429912854586296], [0.21612086633939515, 0.22257417283541667, 0.14158102612885207, 0.41972393469633623], [0.13741519093893195, 0.2264859904048377, 0.47046469892266696, 0.16563411973356335], [0.3275343498215643, 0.1862982412392441, 0.27660069651192387, 0.20956671242726757], [0.2654475520350982, 0.16212104473545122, 0.12369733574870447, 0.44873406748074596], [0.07733340449702332, 0.48774129831123525, 0.15229832203182528, 0.2826269751599163], [0.22765755405264104, 0.41131890297644136, 0.21395297231827975, 0.1470705706526378], [0.1789395643038769, 0.19586804305200153, 0.26656724185651975, 0.35862515078760193], [0.21638347405091693, 0.35940756100213356, 0.15182889998505975, 0.2723800649618898], [0.15469614292702688, 0.2580701271986267, 0.13116310540257373, 0.45607062447177266], [0.278368209014141, 0.26730503563798497, 0.14901245186775836, 0.3053143034801158], [0.16364429492553206, 0.35342122782042085, 0.2962703451588199, 0.18666413209522717], [0.2690367222799679, 0.3396318342446383, 0.12427669439400224, 0.2670547490813913], [0.12755333974597158, 0.2793654626070184, 0.3663371926228384, 0.22674400502417166], [0.3038811684921564, 0.3753274704845643, 0.10840397277109882, 0.21238738825218062], [0.39577332174767843, 0.18199559969504572, 0.15045327856810847, 0.2717777999891673], [0.26569534169881376, 0.1998416802235228, 0.302849548719565, 0.23161342935809862], [0.16718062631032599, 0.4613048805184177, 0.15693830180701024, 0.21457619136424605], [0.35776350079009284, 0.24451743740050172, 0.1984299375124725, 0.19928912429693327], [0.1984778116515287, 0.22163300236010983, 0.1568318528008132, 0.4230573331875484], [0.1346565604196773, 0.4907770434290014, 0.12837243192633632, 0.24619396422498513], [0.15545754262351677, 0.5141120634707838, 0.1295877393403387, 0.20084265456536066], [0.18833779828010752, 0.19229032998738263, 0.3091267595328839, 0.3102451121996259], [0.2330315401851899, 0.10699271611071312, 0.20343503021549147, 0.4565407134886054], [0.2951059908234816, 0.3694392798234134, 0.11999687077724507, 0.21545785857585986], [0.5849298509408637, 0.15728911682005978, 0.066551133270083, 0.1912298989689936], [0.2710705076840837, 0.2305078633307578, 0.09574455419904422, 0.40267707478611425], [0.19582552878206558, 0.4742782011969391, 0.12418937269798454, 0.20570689732301076], [0.143457146091323, 0.39063917515916086, 0.16806900538430403, 0.29783467336521197], [0.23675201300195597, 0.13605541893087977, 0.14972108071354584, 0.4774714873536185], [0.20088221476733303, 0.220183244535858, 0.20800501320242307, 0.3709295274943861], [0.37268958437688954, 0.25772661749669856, 0.08054437406560384, 0.2890394240608081], [0.20963844634252843, 0.287192003899995, 0.21844599785640081, 0.2847235519010758], [0.21681363987551233, 0.37824198946602006, 0.16559157598274526, 0.23935279467572257], [0.2270401517759851, 0.38381765966258485, 0.13727024754218822, 0.2518719410192419], [0.18760510077998543, 0.19412980331460014, 0.4483158554155968, 0.1699492404898178], [0.1925784222325364, 0.43203216792115673, 0.08326077074014668, 0.29212863910615994], [0.11608516310402134, 0.34301024570010896, 0.34678745549368095, 0.19411713570218894], [0.17074513339696584, 0.2066124447719657, 0.23684812668631108, 0.3857942951447573], [0.3025970690514747, 0.19735394389365368, 0.1946876205231436, 0.30536136653172813], [0.1786498425655304, 0.19018071748445134, 0.25498229889510626, 0.3761871410549122], [0.3632574560965507, 0.33276473269568946, 0.08181974655601201, 0.22215806465174803], [0.2294373420720296, 0.23323241823616508, 0.28926384696012397, 0.2480663927316814], [0.46269886735105425, 0.1855444779163751, 0.09043997055588722, 0.2613166841766835], [0.16303241313239605, 0.285203680614631, 0.18066379545559788, 0.371100110797375], [0.32667509881701795, 0.16854896103049902, 0.10952962723373716, 0.39524631291874596], [0.3808928788377561, 0.22697196004182849, 0.11176343473698153, 0.28037172638343394], [0.211073442602484, 0.2896180732780971, 0.31756384041534, 0.1817446437040789], [0.20396228782830594, 0.3603240276769726, 0.14038216431864456, 0.29533152017607706], [0.3272851799424686, 0.31286969088301325, 0.15781583446360092, 0.2020292947109171], [0.18188459548496347, 0.45988392112117, 0.16196573135056444, 0.19626575204330207], [0.2577709483810197, 0.2624270436865589, 0.10404173849771582, 0.3757602694347056], [0.16775898595417088, 0.29919208429984295, 0.25700653515904226, 0.27604239458694396], [0.11434134054449331, 0.5518462413665474, 0.08749941948328922, 0.24631299860567013], [0.2390548766717459, 0.3926687873229443, 0.12116106508229996, 0.24711527092300978], [0.24982027315232136, 0.2683391403584594, 0.14494681750308971, 0.33689376898612966], [0.3621743067619034, 0.1443580769653508, 0.06712200947677445, 0.42634560679597155], [0.3426257299474577, 0.15152356643820575, 0.30864968069784676, 0.19720102291648978], [0.1651149327276348, 0.28315415953057405, 0.13536297009402887, 0.4163679376477621], [0.30442204327543865, 0.3277337619987158, 0.13559987701532045, 0.23224431771052534], [0.23703456846703574, 0.36119572531271343, 0.11058824261524781, 0.29118146360500313], [0.5263838013636631, 0.2480770267215682, 0.08689104537924962, 0.13864812653551897], [0.59783356868436, 0.1500054905948454, 0.11172493686840762, 0.14043600385238691], [0.2479463777002966, 0.22631896333607218, 0.12859819633186217, 0.39713646263176905], [0.33688564060453907, 0.2148239716134929, 0.14445989878524623, 0.3038304889967217], [0.2622021924565421, 0.25347816011700897, 0.18808359897695937, 0.2962360484494897], [0.329855134530376, 0.18273706508095558, 0.19265619967801187, 0.29475160071065665], [0.17437885128526978, 0.3794089753828293, 0.14000801471506835, 0.30620415861683253], [0.14823546366624843, 0.24741373378430126, 0.07316858051026662, 0.5311822220391839], [0.1849322342845418, 0.37691666280635294, 0.07042619563339986, 0.3677249072757055], [0.49652027371464097, 0.17738622026258963, 0.13718457449285867, 0.18890893152991065], [0.2603979668039249, 0.3290201149185502, 0.19559250546899903, 0.21498941280852585], [0.21690707924710215, 0.3204917269127542, 0.163790427491012, 0.2988107663491316], [0.24694211336954314, 0.18039087905618514, 0.16267116315180857, 0.40999584442246334], [0.1808951459085754, 0.21889429674979588, 0.08177441909524319, 0.5184361382463857], [0.3018929242571503, 0.2985841746952207, 0.14049418883859388, 0.2590287122090351], [0.36247135677295733, 0.21066657390358012, 0.11782260713069832, 0.3090394621927643], [0.1274582803509241, 0.21589094242745432, 0.08399047579907419, 0.5726603014225474], [0.23090323142865743, 0.3669428344253852, 0.13748852412604948, 0.2646654100199079], [0.40665892715132324, 0.24842084004260187, 0.12815126794722187, 0.21676896485885294], [0.26422301743224097, 0.23145968596462618, 0.190551318289567, 0.31376597831356595], [0.16501595367440694, 0.21082219993370116, 0.3492650397270379, 0.27489680666485405], [0.31297918747218206, 0.24426850051624643, 0.18518458416405464, 0.257567727847517], [0.34058977149852837, 0.35740329615389216, 0.11360889749446051, 0.18839803485311907], [0.23698918012103523, 0.1891348973364287, 0.10629729787457284, 0.46757862466796324], [0.15492529420596704, 0.30636175257717835, 0.10486461626838116, 0.4338483369484734], [0.14620213645185068, 0.5047337711304861, 0.09365717440104933, 0.25540691801661397], [0.40044426950127376, 0.2865583069547626, 0.10701142245876404, 0.2059860010851995], [0.19836698208306372, 0.31002938580953665, 0.17074091851778825, 0.32086271358961144], [0.2563803015741876, 0.2209299652080885, 0.15210488013021325, 0.37058485308751066], [0.273353547720981, 0.18792560798905977, 0.3373056417761014, 0.20141520251385778], [0.1753346834944943, 0.3102965810938452, 0.0833961459911836, 0.4309725894204769], [0.28975492055358476, 0.31775699512810796, 0.133358193290043, 0.25912989102826434], [0.29079945391942374, 0.2985023209712883, 0.15215208583361292, 0.25854613927567494], [0.27061466827674524, 0.20085405541431658, 0.24797614625062261, 0.28055513005831567], [0.14719857276091808, 0.11470109532432758, 0.09456074064912226, 0.6435395912656321], [0.166807971519474, 0.13320431817263295, 0.5814883303840113, 0.11849937992388178], [0.2870820540878616, 0.1902865739306488, 0.14195815062839665, 0.38067322135309306], [0.3050942455898523, 0.16685308322878892, 0.2235179170684098, 0.3045347541129489], [0.6660634100875377, 0.10230901257876684, 0.06632309207898578, 0.16530448525470975], [0.4929835227388865, 0.21934025352203934, 0.07341263646644604, 0.21426358727262818], [0.16298822332020743, 0.27972170001070096, 0.2296772784767655, 0.3276127981923263], [0.21759937530998652, 0.3635240209483492, 0.17112750116595396, 0.24774910257571042], [0.2430172701374162, 0.16614626539496782, 0.12784347325982762, 0.4629929912077885], [0.15681542453471664, 0.5505642177513342, 0.07404030162795516, 0.21858005608599415], [0.3197302771272049, 0.298541352757402, 0.11430793766702146, 0.26742043244837144], [0.461546988088355, 0.12146891307689525, 0.08673289361186598, 0.3302512052228837], [0.235318294698475, 0.23196077084412647, 0.13438039212879502, 0.39834054232860355], [0.1857365610887498, 0.1899860212334433, 0.10281034795161216, 0.5214670697261947], [0.4519205338526412, 0.2693923786376952, 0.10068879937349595, 0.1779982881361676], [0.3628313833082484, 0.35786458293217155, 0.07898565854388444, 0.2003183752156957], [0.3488215216636506, 0.13803832208563402, 0.14736083471385786, 0.36577932153685766], [0.31141013221374036, 0.29850070596708206, 0.21389828127028937, 0.1761908805488883]]}}