{"test": {"ids": ["103113270", "110114950", "98106560", "109115211", "110118301", "102108621", "111119340", "112118471", "111115620", "99117630", "110120560", "99109840", "97116401", "98109570", "110116441", "111116640", "103110100", "103111830", "104114230", "113122160", "99109740", "99108330", "105117351", "104119340", "111114941", "99107950", "98116090", "102113350", "112118550", "113121950", "112117210", "110115140", "108118520", "102112301", "111118810", "99120010", "106120640", "100108260", "113121810", "101121640", "97112300", "104117200", "99105921", "112119580", "111114321", "107113260", "107113550", "102110500", "112120540", "112121010", "98108580", "106114880", "108117360", "104114410", "107120260", "99110050", "108113480", "100116790", "101109370", "109116040", "110116300", "103120730", "105118171", "105116441", "108121190", "101119591", "111121930", "102111990", "97107681", "107113200", "105117431", "98112300", "112119450", "97112170", "97114170", "99108890", "104113170", "99107660", "107121540", "103113260", "110120190", "100109801", "106121220", "108118301", "108118060", "99107300", "112117580", "102107961", "113118421", "106117790", "102109010", "108120260", "104111531", "109121351", "98108970", "113122230", "113120751", "112118581", "112117471", "110121720", "110121450", "110118880", "109117080", "98111620", "105119950", "98106680", "109114220", "103120780", "103109021", "113122510", "111116750", "107118120", "104110960", "98109090", "98116940", "101112540", "99116500", "109118161", "108118630", "97110950", "113118820", "101111310", "106111321", "98110230", "113122650", "98107380", "113122320", "105113190", "102117351", "101108621", "104112470", "112116610", "102109910", "110118810", "102121440", "113122180", "106119260", "100116500", "110117870", "104113210", "101108580", "97116800"], "labels": [2, 0, 1, 0, 1, 3, 3, 1, 1, 3, 0, 2, 3, 1, 3, 0, 1, 3, 2, 3, 3, 1, 0, 1, 0, 1, 0, 3, 3, 3, 1, 0, 0, 1, 0, 2, 3, 3, 2, 2, 2, 3, 1, 3, 1, 0, 0, 3, 3, 2, 0, 0, 1, 1, 1, 3, 0, 2, 1, 0, 3, 1, 3, 1, 1, 0, 1, 2, 3, 0, 1, 2, 3, 0, 2, 0, 3, 3, 2, 3, 3, 0, 1, 1, 1, 3, 0, 3, 3, 1, 1, 1, 0, 0, 3, 1, 1, 1, 3, 3, 3, 0, 1, 3, 3, 1, 3, 1, 0, 2, 3, 3, 2, 1, 2, 2, 2, 0, 1, 3, 0, 3, 0, 3, 2, 1, 1, 3, 1, 0, 1, 1, 2, 1, 2, 2, 1, 2, 3, 3, 0, 0], "predicted_labels": [3, 0, 3, 3, 1, 3, 3, 3, 3, 0, 1, 3, 3, 3, 1, 0, 1, 0, 1, 1, 1, 1, 3, 3, 0, 1, 1, 1, 3, 1, 1, 3, 1, 1, 3, 1, 1, 1, 1, 3, 0, 3, 0, 3, 1, 1, 2, 3, 0, 1, 1, 1, 3, 0, 1, 3, 3, 1, 1, 3, 1, 3, 1, 1, 1, 0, 0, 0, 3, 3, 1, 1, 3, 0, 1, 1, 1, 0, 1, 1, 1, 1, 3, 0, 0, 3, 3, 0, 0, 3, 1, 1, 0, 3, 1, 1, 3, 1, 1, 1, 1, 3, 1, 2, 0, 1, 1, 1, 0, 1, 0, 1, 0, 3, 1, 3, 1, 0, 3, 0, 0, 1, 3, 0, 1, 3, 3, 0, 0, 1, 3, 1, 3, 3, 3, 3, 0, 1, 1, 3, 3, 0], "confidence_scores": [[0.2261068043068043, 0.2575613419604132, 0.23100576061365546, 0.2853260931191272], [0.33600409035409035, 0.21138655788655797, 0.1499165945165945, 0.3026927572427573], [0.26027491952491955, 0.27663835608835624, 0.17584725274725282, 0.28723947163947156], [0.19431074203574206, 0.2624359526438475, 0.2226086632665581, 0.32064464205385274], [0.24091282080492604, 0.30092424242424237, 0.17591932482721961, 0.282243611943612], [0.2781769563769564, 0.24949825174825174, 0.1893394244644246, 0.2829853674103675], [0.25306337355455005, 0.2701136030636031, 0.1797861834244187, 0.29703683995742824], [0.2559321456321457, 0.24186328846592012, 0.18136165325902176, 0.3208429126429127], [0.24539504939504964, 0.2620569264069265, 0.15976497946497953, 0.33278304473304465], [0.2751576697811993, 0.2591015306588836, 0.19590500235059058, 0.2698357972093267], [0.2656885281385282, 0.27410331890331907, 0.19732857142857152, 0.26287958152958146], [0.2124173021423023, 0.2335280885780887, 0.24082600177600186, 0.31322860750360776], [0.19851439393939396, 0.2713116161616163, 0.25833251193251205, 0.271841477966478], [0.23705637973137997, 0.2377901875901877, 0.15128174603174604, 0.37387168664668674], [0.24100424575424573, 0.29220666000666007, 0.20502770007770008, 0.26176139416139443], [0.302233916083916, 0.2684652958152959, 0.16810245310245314, 0.2611983349983351], [0.23913129648129655, 0.26093631368631365, 0.24108104673104674, 0.25885134310134333], [0.285470251970252, 0.23087354312354322, 0.1983883061383061, 0.28526789876789904], [0.23001411921411946, 0.27012655400155416, 0.23921424131424143, 0.2606450854700856], [0.22563952991453, 0.3122409340659341, 0.20026739371739397, 0.2618521423021424], [0.1947084637584639, 0.35059491341991345, 0.25482729411111776, 0.19986932871050514], [0.22142165334665337, 0.2690195915195917, 0.24515932955932976, 0.2643994255744256], [0.26341189921189934, 0.25611906426906433, 0.15479164724164737, 0.32567738927738926], [0.2194586441336442, 0.293864665889666, 0.175966083916084, 0.31071060606060613], [0.31130711037328695, 0.2419809904148139, 0.1501663059163059, 0.2965455932955933], [0.12399499389499397, 0.3730014374514374, 0.27337380397380406, 0.22962976467976476], [0.23574818123053443, 0.2962480741480742, 0.1941721317897789, 0.2738316128316127], [0.22694883449883455, 0.27140567210567224, 0.24090197580197592, 0.26074351759351766], [0.2526567099567099, 0.24877391138273497, 0.12379138443256091, 0.374777994227994], [0.240136350903998, 0.27528760683760684, 0.20986495889731202, 0.2747110833610835], [0.22406095407860122, 0.27894133415604005, 0.24690969634940238, 0.2500880154159566], [0.2437281329781331, 0.26899316794316785, 0.20577303807303826, 0.28150566100566093], [0.23401255411255414, 0.3117882395382395, 0.232309573759574, 0.2218896325896327], [0.23105970973470974, 0.2710156204906205, 0.25745375180375185, 0.24047091797091805], [0.2830029803529803, 0.27945398490398504, 0.14388867243867245, 0.2936543623043622], [0.22239797979797987, 0.30197337662337664, 0.2215913419913421, 0.2540373015873017], [0.24270847485847497, 0.29763325008325003, 0.2106838328338329, 0.2489744422244423], [0.21592248307248316, 0.28901530136530146, 0.25494790209790225, 0.24011431346431353], [0.1859975912975914, 0.3109204295704295, 0.2781737595737596, 0.22490821955821963], [0.2150650241914948, 0.2832488261738263, 0.1962018656180422, 0.30548428401663696], [0.2727059995559996, 0.2620356365856367, 0.206607178932179, 0.2586511849261849], [0.2160137085137086, 0.2731327561327561, 0.22162373737373764, 0.28922979797979786], [0.28106394716394706, 0.2532669552669554, 0.2109854978354979, 0.2546835997335999], [0.23494102368220016, 0.2636853091353091, 0.1925593602475956, 0.3088143069348953], [0.20961201021201023, 0.33150816960816976, 0.20083658008658015, 0.25804324009324014], [0.23858287823287833, 0.2983657231657233, 0.22428766233766245, 0.23876373626373626], [0.20756290180407833, 0.24487193362193363, 0.2832282968665322, 0.26433686770745607], [0.24649600677100686, 0.25362854922854916, 0.19585523643023656, 0.30402020757020776], [0.2953498834498836, 0.27550537795537794, 0.15833716283716284, 0.2708075757575757], [0.2500596681096682, 0.31172007992008005, 0.17086111111111124, 0.267359140859141], [0.2528750388500389, 0.2849176184926186, 0.20332083472083476, 0.25888650793650797], [0.2206263569763571, 0.29507923742923753, 0.23888339993340002, 0.24541100566100585], [0.17305589443236505, 0.24983475413475426, 0.22092047478665128, 0.35618887664622945], [0.3103792596292596, 0.28109647749910904, 0.17753576248313108, 0.2309885003885004], [0.26607552447552457, 0.31841774891774893, 0.18023404928404932, 0.23527267732267748], [0.1462851148851149, 0.27437611277611285, 0.26321969696969694, 0.31611907536907535], [0.2266911643911645, 0.2673013347763349, 0.21881975801975803, 0.2871877428127428], [0.2664143523143524, 0.28926601731601725, 0.19017960372960382, 0.2541400266400267], [0.22883301143301138, 0.3274885947385948, 0.22409657564657573, 0.2195818181818183], [0.20112202797202808, 0.24058299804770397, 0.24148233596468902, 0.31681263801557924], [0.2496706016206016, 0.30806502941502933, 0.1939379453879455, 0.24832642357642357], [0.2745135864135865, 0.2586860028860029, 0.1853591908091908, 0.2814412198912199], [0.24383571428571443, 0.3195034243534242, 0.12199987234987246, 0.31466098901098905], [0.20052796092796088, 0.3506945864592926, 0.18812727990963288, 0.26065017270311397], [0.24150557775557782, 0.3215191863691864, 0.16576021756021758, 0.27121501831501843], [0.3007828338328337, 0.24692914307914327, 0.19436779331779333, 0.2579202297702298], [0.3027839216339216, 0.2564547341547341, 0.15277072927072927, 0.28799061494061495], [0.3164629315129313, 0.22965905205905213, 0.21270556110556119, 0.24117245532245546], [0.1882861111111111, 0.2205522089022089, 0.25928974636474644, 0.3318719336219335], [0.25807580752580755, 0.24771320346320358, 0.16297438672438674, 0.3312366022866022], [0.2224063936063937, 0.32452410922410924, 0.20636951381951385, 0.24669998334998347], [0.2619606726606727, 0.2935303252303253, 0.19898044178044186, 0.24552856032856044], [0.22978340548340548, 0.24179682539682543, 0.14034033189033193, 0.38807943722943716], [0.2927861027861028, 0.2684750027750029, 0.20841774336774344, 0.2303211510711512], [0.20353689643689651, 0.28714699744699745, 0.22835064935064947, 0.2809654567654568], [0.20555463980463987, 0.3710015873015874, 0.1994070207570209, 0.2240367521367522], [0.23119458319458341, 0.2940300255300256, 0.19992895437895444, 0.27484643689643684], [0.2984398157398157, 0.2563489898989899, 0.23963950216450217, 0.2055716921966923], [0.21131147186147195, 0.3143890331890333, 0.2021952880452881, 0.272104206904207], [0.2446220557220557, 0.2815378046789812, 0.21936688311688324, 0.2544732564820801], [0.26195941835941844, 0.3063347338935576, 0.16135437617937629, 0.27035147156764816], [0.2516930513930515, 0.3116122155622155, 0.20407355977355982, 0.23262117327117335], [0.24141594516594522, 0.2919582473082475, 0.16561018426018437, 0.30101562326562326], [0.28994820179820185, 0.2801197691197692, 0.14503230658230662, 0.2848997224997227], [0.2908955655455657, 0.265204562104562, 0.16212185037185037, 0.28177802197802204], [0.2662580919080919, 0.27945447330447337, 0.16638558108558107, 0.2879018537018538], [0.23021293706293716, 0.24975858030858034, 0.21498117438117442, 0.30504730824730825], [0.28242871017871024, 0.2576737484737485, 0.20670278610278633, 0.25319475524475527], [0.30040122655122664, 0.2758914862914863, 0.13796890331890335, 0.2857383838383839], [0.22642632922632927, 0.2792285658785658, 0.20377942057942064, 0.29056568431568447], [0.2690956182706184, 0.28919372571872576, 0.19461113331113336, 0.24709952269952284], [0.26560644355644353, 0.3154768065268065, 0.15558040293040298, 0.26333634698634706], [0.28293635808635814, 0.2559476523476523, 0.19264020424020437, 0.2684757853257855], [0.2484483793983795, 0.2843061993561995, 0.16989355089355093, 0.29735187035187044], [0.2179040531364062, 0.333266305916306, 0.206723291740939, 0.24210634920634932], [0.2777013708513709, 0.2859505772005772, 0.18132982017982027, 0.2550182317682318], [0.21772854922854926, 0.26810599449570055, 0.2146906526480057, 0.299474803627745], [0.214972238872239, 0.2960740351152116, 0.2063640415140416, 0.2825896844985081], [0.2797433621933622, 0.34145500055500067, 0.15806464646464644, 0.22073699078699105], [0.21932263847263853, 0.29843504828504835, 0.23399785410667776, 0.24824445913563575], [0.25066861471861474, 0.31583571428571433, 0.17973660783660786, 0.25375906315906316], [0.23571726606726617, 0.3016709318459321, 0.15692706460206465, 0.3056847374847374], [0.18698923853923857, 0.35407258378876005, 0.18725765068265077, 0.2716805269893507], [0.17949963924963927, 0.2779998196248197, 0.29255131257631245, 0.2499492285492286], [0.29018354423354437, 0.28058207707325367, 0.18645299145299157, 0.24278138724021084], [0.20975692085692096, 0.329700604950605, 0.2350102120102119, 0.2255322621822621], [0.2414434565434567, 0.30490836385836384, 0.18471938616938627, 0.2689287934287935], [0.24068421023421033, 0.28040533355533365, 0.2182727272727274, 0.26063772893772896], [0.2958914141414141, 0.2581222943722945, 0.16250519480519496, 0.28348109668109656], [0.19095874125874135, 0.34182276693894326, 0.21440435120435122, 0.2528141405979641], [0.3529994394494394, 0.1684538877788878, 0.16308021700521697, 0.31546645576645566], [0.23302483349983352, 0.29790144022644016, 0.21378300588300594, 0.2552907203907204], [0.296014257964258, 0.26030461760461754, 0.21322792207792213, 0.2304532023532023], [0.2361520404432169, 0.2609273310023312, 0.23972631828955374, 0.26319431026489853], [0.24374143911643925, 0.31544811577311593, 0.19906590631590645, 0.24174453879453883], [0.252417044067044, 0.2538590881340882, 0.23076528194028192, 0.262958585858586], [0.17980687645687646, 0.30568901098901086, 0.27752568542568534, 0.2369784271284272], [0.2883372294372294, 0.28114134754134756, 0.16277063492063498, 0.2677507881007882], [0.198440725940726, 0.27902796647796674, 0.1887254911754913, 0.33380581640581647], [0.28344727462080405, 0.2613491247314777, 0.18563786670845506, 0.2695657339392634], [0.31762585192585185, 0.29559884559884564, 0.154510755910756, 0.23226454656454665], [0.2405801254301254, 0.30373477633477647, 0.19874852924852934, 0.256936568986569], [0.2705777722277722, 0.276546891996892, 0.16740217560217568, 0.28547316017316016], [0.2909886974136973, 0.28577603230103227, 0.1351506382506383, 0.28808463203463214], [0.2402992784992785, 0.2880768870018871, 0.2168351537351538, 0.25478868076368083], [0.23773105228105235, 0.24983184789067145, 0.21500138554256204, 0.29743571428571436], [0.26380848040848054, 0.2825548063048063, 0.14966542901542906, 0.30397128427128434], [0.3090871128871128, 0.24413196248196256, 0.1651305194805195, 0.2816504051504053], [0.3014034521034521, 0.22984245199245212, 0.18719119214119223, 0.28156290376290377], [0.21804403374403394, 0.29655999555999546, 0.2112525918525919, 0.274143378843379], [0.21170762015762026, 0.24927600177600193, 0.2160510101010101, 0.32296536796536796], [0.23329622044622045, 0.3119521236933003, 0.21976996532878892, 0.23498169053169068], [0.2682142857142856, 0.23085293040293048, 0.21022872960372965, 0.2907040542790545], [0.2546410533910535, 0.26063015873015877, 0.18602951770451773, 0.2986992701742702], [0.2421787129537131, 0.2707570809909046, 0.1931429661841428, 0.29392123987124], [0.2470778224699278, 0.261663144371968, 0.1712200332691046, 0.320038999889], [0.2781742812742813, 0.24880787823287828, 0.2552454434454435, 0.21777239704739718], [0.22284078699078705, 0.2956610556110556, 0.22681630591630597, 0.2546818514818517], [0.18524903789021444, 0.32139731905521385, 0.2320913002374303, 0.2612623428171418], [0.28176474081474107, 0.21956793761793764, 0.166493106893107, 0.3321742146742147], [0.2744094627594628, 0.2271881174381175, 0.22103961038961034, 0.27736280941280966], [0.2706760073260074, 0.2483896131646132, 0.21423575591075608, 0.2666986235986238]]}, "rewritten": {"ids": ["97107681", "97110950", "97112170", "97112300", "97114170", "97116401", "97116800", "98106560", "98106680", "98107380", "98108580", "98108970", "98109090", "98109570", "98110230", "98111620", "98112300", "98116090", "98116940", "99105921", "99107300", "99107660", "99107950", "99108330", "99108890", "99109740", "99109840", "99110050", "99116500", "99117630", "99120010", "100108260", "100109801", "100116500", "100116790", "101108580", "101108621", "101109370", "101111310", "101112540", "101119591", "101121640", "102107961", "102108621", "102109010", "102109910", "102110500", "102111990", "102112301", "102113350", "102117351", "102121440", "103109021", "103110100", "103111830", "103113260", "103113270", "103120730", "103120780", "104110960", "104111531", "104112470", "104113170", "104113210", "104114230", "104114410", "104117200", "104119340", "105113190", "105116441", "105117351", "105117431", "105118171", "105119950", "106111321", "106114880", "106117790", "106119260", "106120640", "106121220", "107113200", "107113260", "107113550", "107118120", "107120260", "107121540", "108113480", "108117360", "108118060", "108118301", "108118520", "108118630", "108120260", "108121190", "109114220", "109115211", "109116040", "109117080", "109118161", "109121351", "110114950", "110115140", "110116300", "110116441", "110117870", "110118301", "110118810", "110118880", "110120190", "110120560", "110121450", "110121720", "111114321", "111114941", "111115620", "111116640", "111116750", "111118810", "111119340", "111121930", "112116610", "112117210", "112117471", "112117580", "112118471", "112118550", "112118581", "112119450", "112119580", "112120540", "112121010", "113118421", "113118820", "113120751", "113121810", "113121950", "113122160", "113122180", "113122230", "113122320", "113122510", "113122650"], "labels": [3, 3, 0, 2, 2, 3, 0, 1, 1, 1, 0, 3, 1, 1, 3, 3, 2, 0, 2, 1, 3, 3, 1, 1, 0, 3, 2, 3, 2, 3, 2, 3, 0, 2, 2, 0, 0, 1, 3, 2, 0, 2, 3, 3, 1, 2, 3, 2, 1, 3, 1, 2, 0, 1, 3, 3, 2, 1, 1, 2, 0, 1, 3, 3, 2, 1, 3, 1, 3, 1, 0, 1, 3, 3, 0, 0, 1, 1, 3, 1, 0, 0, 0, 3, 1, 2, 0, 1, 1, 1, 0, 1, 1, 1, 3, 0, 0, 1, 0, 0, 0, 0, 3, 3, 3, 1, 1, 0, 3, 0, 3, 3, 1, 0, 1, 0, 3, 0, 3, 1, 1, 1, 3, 0, 1, 3, 1, 3, 3, 3, 2, 3, 0, 1, 2, 3, 3, 2, 1, 1, 2, 2], "predicted_labels": [3, 3, 0, 0, 1, 3, 0, 3, 1, 3, 1, 1, 1, 3, 0, 2, 3, 1, 1, 0, 1, 0, 1, 3, 1, 1, 3, 3, 1, 0, 1, 1, 1, 1, 1, 3, 1, 1, 1, 1, 0, 1, 3, 3, 1, 3, 3, 0, 1, 3, 0, 3, 0, 3, 3, 1, 3, 3, 3, 0, 3, 3, 1, 0, 0, 0, 3, 3, 0, 1, 0, 1, 3, 1, 0, 1, 1, 0, 1, 1, 3, 1, 3, 1, 1, 1, 3, 3, 3, 0, 1, 3, 1, 1, 1, 1, 3, 1, 0, 1, 3, 3, 1, 1, 1, 1, 1, 3, 3, 3, 1, 1, 1, 3, 3, 1, 0, 3, 3, 0, 1, 1, 1, 3, 0, 3, 3, 3, 3, 0, 1, 0, 0, 3, 1, 3, 1, 1, 0, 3, 1, 3], "confidence_scores": [[0.19793299478299484, 0.22052189754689763, 0.25976547619047635, 0.32177963147963135], [0.2688397158397157, 0.2545190254190255, 0.1692028305028306, 0.30743842823842826], [0.2879315240315239, 0.2795273670773671, 0.18606488511488523, 0.246476223776224], [0.31053026418026414, 0.24288587523587543, 0.1911830031080031, 0.25540085747585756], [0.21681323121323134, 0.3098655622155623, 0.22431839826839844, 0.24900280830280844], [0.2127386363636364, 0.27455317460317474, 0.19987099567099575, 0.3128371933621935], [0.28500088212441155, 0.24236927957663254, 0.21357555402114228, 0.2590542842778138], [0.2740566211566213, 0.23274154179154186, 0.1812827672327674, 0.31191906981907], [0.23567777222777234, 0.3019240481740481, 0.24233260628260636, 0.2200655733155735], [0.23290628260628266, 0.24014084526584523, 0.2349586219336221, 0.2919942501942503], [0.23889540459540476, 0.29897222222222214, 0.21332212787212795, 0.24881024531024526], [0.22753600288600287, 0.3209893217893218, 0.22246190476190483, 0.22901277056277072], [0.22715952380952378, 0.26716926961926973, 0.25506500721500736, 0.2506061993561995], [0.25339284326784334, 0.21236228771228763, 0.15678064990565002, 0.37746421911421907], [0.31844473304473303, 0.30932468087468085, 0.12906654456654462, 0.24316404151404164], [0.1934212176712177, 0.24613670218670225, 0.30444949494949475, 0.25599258519258533], [0.26447070152070146, 0.2665361693861695, 0.19616216561216565, 0.2728309634809636], [0.249378182928183, 0.28340522810522817, 0.19433068043068047, 0.2728859085359086], [0.2691882645132645, 0.30510939893439915, 0.18383863358863364, 0.24186370296370302], [0.3147540293040291, 0.2556913419913421, 0.18856701076701088, 0.240987617937618], [0.26734817404817407, 0.3200921300921301, 0.16315761460761466, 0.2494020812520814], [0.31467599622599624, 0.26311088911088903, 0.2132764846264847, 0.20893663003663016], [0.1321772588522589, 0.3592922415819472, 0.2730280902104431, 0.23550240935535055], [0.22301091963591965, 0.2605354173604175, 0.24151948884448896, 0.27493417415917426], [0.18170788655788656, 0.37979527139527125, 0.20330302475302497, 0.23519381729381736], [0.19025005827505842, 0.30459256854256844, 0.25240286380286386, 0.25275450937950944], [0.18334111721611726, 0.23113832833832834, 0.26598941613941623, 0.3195311383061384], [0.21765281385281401, 0.26759881229881244, 0.21699799089799093, 0.29775038295038286], [0.18747373737373743, 0.29290290265290264, 0.2709591186591186, 0.24866424131424136], [0.29656282018634966, 0.2629981285054817, 0.2044330243286128, 0.2360060269795565], [0.2286886616651324, 0.3003729992229991, 0.23297101036218693, 0.23796732874968174], [0.21291349206349214, 0.2975394660894662, 0.22199484959484975, 0.26755219225219234], [0.24960617160617182, 0.33888952158952135, 0.17051122766122764, 0.24099307914307916], [0.214263542013542, 0.2825844932844934, 0.22762443112443118, 0.2755275335775337], [0.2362156787656788, 0.3036410755910755, 0.19179300144300157, 0.2683502442002443], [0.26316723276723275, 0.20531363081363097, 0.25810256410256416, 0.27341657231657246], [0.21741965256965273, 0.3232597014097015, 0.19273877233877235, 0.2665818736818739], [0.2312551615051615, 0.3236012654012655, 0.21657028527028538, 0.22857328782328795], [0.2647848096348097, 0.306090997890998, 0.2062182872682873, 0.22290590520590525], [0.24126674991675004, 0.30110493672993666, 0.22027730325230332, 0.2373510101010101], [0.28348462648462647, 0.28141088356088373, 0.18781210456210465, 0.24729238539238557], [0.22100153735153738, 0.2911093961593961, 0.20043002553002565, 0.2874590409590409], [0.2647167388167389, 0.25071862581862586, 0.18033566988566993, 0.3042289654789655], [0.21297622655122658, 0.2765180337206652, 0.17409675704412553, 0.3364089826839828], [0.27429012931512936, 0.2812675130425131, 0.17204645077145095, 0.27239590687090687], [0.2828171661671662, 0.24139458319458323, 0.18457604895104895, 0.29121220168720174], [0.2574490065490066, 0.24553567821067834, 0.2042332639582641, 0.2927820512820514], [0.3196419136419136, 0.23281616161616162, 0.1929572483072484, 0.25458467643467675], [0.23911193332810984, 0.28276026669409027, 0.22707628482628503, 0.25105151515151525], [0.22513928848928855, 0.2635580530580533, 0.23502200577200597, 0.2762806526806527], [0.32826995781995777, 0.2083516594516596, 0.18223053058053065, 0.2811478521478521], [0.222232217782218, 0.26498007743890095, 0.21567683786801434, 0.2971108669108671], [0.2868865800865801, 0.2818557831057832, 0.16635871905871924, 0.26489891774891783], [0.228855488955489, 0.2665369685869685, 0.20756502941502938, 0.297042513042513], [0.27371603396603417, 0.22815723720723732, 0.19696309801309803, 0.30116363081363107], [0.2732974525474526, 0.30037203352203357, 0.17871053391053396, 0.24761998001998017], [0.22924698438816093, 0.25440306135213264, 0.23427091506704514, 0.2820790391926615], [0.27094826839826863, 0.2603173604173605, 0.18817277722277725, 0.28056159396159386], [0.27512462537462545, 0.28690318015318017, 0.14663049173049184, 0.2913417027417029], [0.29248845957963615, 0.23935573870573884, 0.213323995612231, 0.25483180610239453], [0.26024153069153083, 0.2592992396492397, 0.1878061216561218, 0.29265310800310795], [0.23393646353646358, 0.2608706016206019, 0.21594297369297372, 0.2892499611499612], [0.2308803696303697, 0.3157360611610612, 0.1940019480519481, 0.25938162115662117], [0.30393173493173486, 0.23609563769563785, 0.17236827616827613, 0.28760435120435124], [0.26048271695624653, 0.24891588019823319, 0.24812744379803217, 0.24247395904748847], [0.3151611388611389, 0.2577783789310105, 0.17924121813858673, 0.2478192640692642], [0.22007633477633481, 0.2728148906648907, 0.19231832611832628, 0.3147904484404483], [0.23391064213564222, 0.263154551004551, 0.18634322344322352, 0.3165915834165836], [0.33449322899322903, 0.2182071151071152, 0.1843265234765236, 0.2629731324231325], [0.20546596736596742, 0.3389862581862583, 0.18571296481296495, 0.2698348096348098], [0.2832582584082584, 0.2828009712509714, 0.1536583361083362, 0.2802824342324343], [0.21208605006105014, 0.3304447191697192, 0.20581850926850942, 0.2516507215007216], [0.24736506549006565, 0.27917867687867687, 0.14882822732822737, 0.32462803030303033], [0.2784726773226774, 0.292903441003441, 0.17937361527361534, 0.2492502664002665], [0.2805549173049172, 0.2624023421023422, 0.2024660006660007, 0.25457673992674], [0.2265254301254303, 0.28201043956043964, 0.253137656787657, 0.2383264735264736], [0.2504629814629814, 0.29645965341847685, 0.2103311557723323, 0.24274620934620947], [0.28462983682983695, 0.23701222943722947, 0.2547489066489067, 0.22360902708402713], [0.2573646631146632, 0.2799480186480187, 0.2341229270729272, 0.22856439116439117], [0.2666282828282829, 0.2867678571428573, 0.15996093906093914, 0.2866429209679211], [0.2593344877344878, 0.2664638167388168, 0.17733748196248206, 0.29686421356421366], [0.22941603396603413, 0.29574246864246884, 0.21278401598401608, 0.2620574814074815], [0.2358035056446822, 0.2547750582750583, 0.2542373600255954, 0.2551840760546643], [0.23384958097458106, 0.2882400349650349, 0.1946016463928229, 0.2833087376675614], [0.27751999111999115, 0.30354260184260184, 0.17726863136863144, 0.24166877566877573], [0.2121448634698634, 0.2830876318126318, 0.22587587967587977, 0.2788916250416251], [0.22064649794649802, 0.2687225413475414, 0.23691531801531807, 0.2737156426906427], [0.20151111111111109, 0.24240623265623268, 0.2359257797757798, 0.32015687645687635], [0.2775748140748143, 0.27707893772893755, 0.15554141414141417, 0.2898048340548342], [0.2968887223887224, 0.26159054834054835, 0.15075649905649907, 0.29076423021423026], [0.24228174603174604, 0.2975049062049061, 0.23859963924963928, 0.22161370851370868], [0.19107312132312132, 0.2967825840825844, 0.20266760461760475, 0.30947668997669003], [0.2612940226440227, 0.30246648906648904, 0.16163687423687428, 0.27460261405261416], [0.21449390609390623, 0.3177111111111112, 0.2028334387834389, 0.2649615440115441], [0.24865247530247547, 0.31374740814740826, 0.19008164613164621, 0.24751847041847058], [0.21611351426351436, 0.29097236652236647, 0.20727980352980369, 0.28563431568431574], [0.23148126318126327, 0.2318137140637142, 0.20671253191253197, 0.3299924908424906], [0.18903701298701306, 0.32967873319490953, 0.17338514541014544, 0.3078991084079321], [0.30391783771783754, 0.27125103230103237, 0.14623589188589195, 0.27859523809523823], [0.24048527583527593, 0.2985992840492842, 0.18506864246864244, 0.27584679764679776], [0.2785535853035852, 0.2447265936677703, 0.16017150072150077, 0.3165483203071438], [0.23835942390942386, 0.2557511016761017, 0.21390508658008678, 0.2919843878343878], [0.26822717837717835, 0.30469825452325455, 0.20073500111000117, 0.22633956598956603], [0.2271146131646132, 0.2977376512376513, 0.2089233044733045, 0.26622443112443117], [0.22928513235130898, 0.3177018756097705, 0.2133110443821745, 0.2397019476567464], [0.22091551226551237, 0.31341863136863113, 0.16869531024531031, 0.29697054612054635], [0.25685533355533346, 0.29948216228216235, 0.19321189921189935, 0.2504506049506051], [0.23331384726384732, 0.2850932456432458, 0.14924585969585974, 0.33234704739704746], [0.26837901542901554, 0.28126762681762696, 0.1636824314574315, 0.2866709262959263], [0.22240555555555547, 0.25470849150849156, 0.2248904761904762, 0.2979954767454768], [0.24917523616734158, 0.30373638583638585, 0.1763301473380421, 0.27075823065823074], [0.24898971583971596, 0.29020440115440127, 0.232942781401605, 0.22786310160427806], [0.2321646464646465, 0.3167360361860361, 0.2159063492063493, 0.23519296814296828], [0.3033750360750361, 0.22536674962464448, 0.15793050808840278, 0.3133277062119166], [0.2554794372294374, 0.28245738150738164, 0.16490671550671565, 0.2971564657564658], [0.2652538961038961, 0.2760237984237985, 0.18415845265845274, 0.2745638528138529], [0.3754015595515594, 0.18168413808413808, 0.16258347763347772, 0.28033082473082493], [0.2675551171051172, 0.2749247641247643, 0.17273874458874455, 0.28478137418137417], [0.2855600047011813, 0.24734735264735275, 0.1785843630225983, 0.28850827962886794], [0.3562991452991453, 0.22681414696414698, 0.13438827838827838, 0.28249842934842934], [0.25096447996448, 0.28975122655122676, 0.20748782883782887, 0.25179646464646477], [0.2383498945498947, 0.3080700133200134, 0.22601519314019322, 0.22756489898989904], [0.27665574425574424, 0.3176839937839938, 0.16810849705849712, 0.23755176490176505], [0.20852674547674557, 0.24475539819657469, 0.2190884421134422, 0.3276294142132377], [0.2728339160839162, 0.26543803418803424, 0.2237432511932513, 0.23798479853479862], [0.26662315462315467, 0.28327161172161197, 0.14064376734376746, 0.3094614663114665], [0.21479935619935628, 0.27701465560583205, 0.2166803585303587, 0.2915056296644532], [0.2368862914862917, 0.2688288877788878, 0.1492419413919414, 0.34504287934287925], [0.22804877344877353, 0.26459677544677557, 0.19834567099567105, 0.30900878010878036], [0.2910017427017426, 0.2744258463758465, 0.16486751581751588, 0.26970489510489515], [0.24976197691197688, 0.3230185703185703, 0.1837113275613277, 0.24350812520812531], [0.305660606060606, 0.2743104617604619, 0.14211935841935852, 0.27790957375957387], [0.3024380452880452, 0.24649062049062054, 0.16853492063492073, 0.2825364135864137], [0.24757817182817182, 0.239209645909646, 0.20474335664335672, 0.3084688256188257], [0.226756032856033, 0.30781331087213437, 0.25235855255855255, 0.2130721037132802], [0.28119412809412825, 0.2797867188367188, 0.15407643467643478, 0.2849427183927184], [0.23553826173826187, 0.2796702797202799, 0.2141056998556998, 0.2706857586857587], [0.26247806082806074, 0.29740328005328004, 0.15562674547674543, 0.2844919136419137], [0.296840561072914, 0.2647970418470419, 0.17549555836320554, 0.2628668387168388], [0.26611202686202695, 0.24630958485958498, 0.20047960927960928, 0.28709877899877917], [0.2195961871461872, 0.32467183731301374, 0.22708113553113562, 0.22865084000966374], [0.21280129870129877, 0.2849876984126985, 0.2059798645798646, 0.2962311383061383]]}}