{"test": {"ids": ["111119340", "99109840", "110120560", "113122230", "108120700", "97113900", "110114651", "110118301", "107118120", "110121170", "109117630", "113122220", "99108010", "104111830", "113120780", "102110050", "110115580", "106119260", "106113170", "98109230", "113119120", "112120630", "107117010", "111117120", "105117351", "109117431", "104116800", "107121230", "99108460", "107113170", "109115380", "112118880", "109115070", "113117630", "98116090", "102117351", "98113881", "98112580", "113121750", "103112641", "104119290", "113118620", "102112250", "97116410", "109116930", "98106111", "104114230", "100108580", "99107630", "109115220", "105113620", "108120280", "112119930", "111115620", "113122170", "104113210", "113121950", "106113260", "113121680", "104117200", "112117790", "110120700", "113119340", "113121410", "100109910", "112118890", "111116290", "105112100", "111120540", "109118701", "99113260", "109120560", "99120010", "108118630", "107120880", "110117110", "107113130", "97107920", "113120591", "97110950", "112117431", "113121190", "102116500", "103110100", "103120531", "111120280", "113120640", "108117720", "101119591", "105115380", "103111540", "106114011", "112121030", "108116120", "113122430", "107116501", "110117080", "106113830", "109120150", "106112770", "110121720", "103118110", "104118340", "100108490", "112118471", "110118810", "105118171", "113120540", "112118930", "100109360", "112116401", "113118810", "111119930", "110119300", "101109370", "110119030", "106119580", "108114200", "111116990", "99108000", "107118490", "105114220", "101114020", "99108520", "100108520", "106115240", "105113210", "99110050", "97113260", "109116170", "97112290", "112116810", "107114200", "100111380", "107119950", "103113260", "102110750", "106115120", "100108990", "100116500", "113120751", "112118511"], "labels": [3, 2, 0, 1, 2, 2, 3, 1, 3, 2, 0, 1, 2, 3, 0, 3, 1, 1, 0, 1, 3, 3, 1, 2, 0, 1, 1, 0, 0, 0, 3, 1, 0, 0, 0, 1, 3, 2, 0, 3, 1, 3, 0, 3, 0, 0, 2, 0, 2, 3, 0, 3, 1, 1, 1, 3, 3, 3, 1, 3, 3, 2, 0, 0, 2, 3, 2, 1, 1, 3, 0, 1, 2, 1, 1, 0, 1, 0, 0, 3, 0, 1, 1, 1, 3, 0, 0, 1, 0, 1, 1, 1, 0, 1, 2, 1, 1, 1, 2, 1, 3, 2, 2, 2, 1, 1, 3, 3, 1, 0, 0, 3, 1, 1, 1, 0, 3, 0, 0, 2, 2, 3, 3, 2, 2, 1, 3, 3, 1, 0, 1, 3, 2, 3, 3, 3, 1, 1, 2, 2, 1, 1], "predicted_labels": [1, 2, 2, 2, 3, 0, 1, 1, 1, 2, 0, 3, 1, 3, 2, 3, 0, 0, 1, 2, 2, 0, 3, 1, 0, 3, 2, 1, 3, 0, 2, 0, 1, 3, 1, 0, 1, 3, 1, 1, 1, 1, 0, 2, 2, 1, 2, 2, 0, 2, 1, 2, 3, 3, 2, 1, 1, 1, 1, 3, 0, 3, 0, 1, 2, 3, 0, 1, 0, 3, 1, 2, 0, 3, 0, 2, 2, 0, 0, 0, 3, 2, 2, 3, 2, 3, 0, 3, 0, 3, 3, 2, 0, 0, 3, 3, 2, 3, 2, 3, 0, 1, 1, 1, 1, 2, 1, 3, 0, 2, 0, 1, 3, 0, 2, 1, 2, 0, 1, 3, 1, 0, 0, 2, 0, 1, 3, 2, 2, 3, 1, 1, 1, 0, 3, 3, 2, 3, 3, 2, 3, 1], "confidence_scores": [[0.00020870079843944737, 0.7528663386818822, 0.1392176308847169, 0.10770732963496146], [7.7201811903011e-05, 4.998100844371308e-05, 0.9994294937349074, 0.0004433234447457838], [0.0033079512059686995, 0.0008163018209248935, 0.9879251891023876, 0.00795055787071903], [0.0007150126398682376, 0.022497095573718064, 0.9767014405842592, 8.645120215449189e-05], [2.7280270777388783e-08, 2.6860295809923027e-07, 2.3392578927594888e-05, 0.9999763115378436], [0.8158924239131481, 0.005318360778000264, 0.11414338900471778, 0.06464582630413383], [7.499596789307967e-06, 0.9992421930283245, 2.064722993891708e-05, 0.0007296601449473063], [0.0001216153181283535, 0.8283248866016852, 0.17154832684069668, 5.171239489619809e-06], [4.897371190316698e-05, 0.8667787719509572, 2.6095332282791272e-05, 0.13314615900485702], [9.961496099775093e-06, 0.0011833936078259229, 0.9979333211782841, 0.0008733237177901624], [0.6521056490668585, 0.3039867503593969, 0.04089254828521646, 0.0030150522885280776], [2.7542325965614677e-05, 0.03528358600205105, 5.525275816202811e-06, 0.9646833463961672], [2.503640252718284e-06, 0.9328738075356684, 0.04681466569182723, 0.020309023132251684], [0.000533825540874278, 2.5219955191344424e-05, 0.000622222067433324, 0.998818732436501], [0.0006776675193440923, 0.27119366119452293, 0.7278925360518795, 0.0002361352342535111], [4.037508165420231e-06, 0.004329221688402881, 0.0001353633591837984, 0.9955313774442478], [0.718404079112933, 0.2723155541421457, 0.007541232937946645, 0.0017391338069744848], [0.9999971302503675, 9.019963824200137e-08, 1.8474679255903416e-06, 9.320820686720426e-07], [0.2594370287677972, 0.7125130150603023, 3.6490564107963743e-10, 0.028049955806994764], [0.034113433592849976, 0.08938476991331035, 0.8763756576613431, 0.0001261388324965873], [0.3476379647308334, 0.011341751231566517, 0.4290607003584118, 0.21195958367918827], [0.8557397546168467, 2.2952739966796675e-05, 0.013481179711283695, 0.1307561129319027], [3.817097583760878e-06, 9.681909218322202e-05, 0.006926166432238072, 0.9929731973779948], [8.26407862602103e-07, 0.9999797180435661, 1.4773073081445947e-09, 1.9454071263898334e-05], [0.9986939938514503, 0.0013045882208269763, 9.203153268293701e-09, 1.4087245692836385e-06], [0.00042197512240520744, 0.006734326986363952, 0.003327349598269054, 0.9895163482929619], [0.04053948300179612, 0.07480043082602185, 0.45009527505293856, 0.43456481111924344], [2.6894904583202205e-08, 0.9967716655166038, 5.17843707654534e-08, 0.003228255804120813], [0.00036259552872464377, 6.9616884998595255e-06, 5.824681917986373e-09, 0.9996304369580935], [0.964928867632422, 7.137852539661008e-05, 0.0007006404205121277, 0.03429911342166945], [5.965135868785187e-06, 0.010977780004891437, 0.5173226162757949, 0.4716936385834449], [0.6618691144164971, 0.02518168399362358, 0.01684152200357437, 0.29610767958630496], [9.274885067921167e-11, 0.996784506749873, 0.0031837359497225736, 3.175720765564057e-05], [4.704329324208898e-05, 0.2356974334750863, 0.08116262264903192, 0.6830929005826397], [0.04877228481283971, 0.9304676008835914, 3.28514988817936e-05, 0.020727262804687122], [0.999417835841053, 7.461133142986345e-05, 1.084108579984906e-10, 0.0005075527191060344], [5.470867777182558e-09, 0.9999999681473738, 1.3696960256537338e-09, 2.5012062201432236e-08], [0.0001331258080309048, 0.012766017092672385, 0.00039628631978288857, 0.9867045707795139], [7.555326711433344e-06, 0.9998876636641065, 8.333294793923633e-07, 0.00010394767970252969], [0.06617416872757985, 0.9249779108534015, 0.0009605248034483383, 0.0078873956155702], [1.8799149834983947e-07, 0.9998001132162398, 0.00012350674334293208, 7.619204891887784e-05], [0.03570400410441414, 0.915950960939643, 0.04341217897637528, 0.00493285597956748], [0.9890668989179006, 0.006925230872308804, 0.003935538323022447, 7.233188676829834e-05], [0.0006322050587497641, 0.3025670033417408, 0.6797597824298833, 0.01704100916962608], [7.436767046785717e-05, 0.035508062337264, 0.9157571260879389, 0.04866044390432933], [0.24015350337474597, 0.7213337184100719, 3.5995131895579694e-05, 0.03847678308328653], [0.0031670228648528935, 0.023964513128405335, 0.972839945645969, 2.8518360772835126e-05], [6.771327196884887e-06, 0.28884950692557493, 0.7048993122601642, 0.006244409487063922], [0.4583717200961285, 0.0025341558161014704, 0.40760591680729175, 0.13148820728047825], [1.0145429187517804e-05, 0.001291646849690548, 0.9971039498597757, 0.0015942578613462664], [0.0005692268616404183, 0.9505157003322615, 0.04686885601463065, 0.002046216791467575], [0.0012667889043000838, 0.019135798571478915, 0.4979569891479035, 0.4816404233763175], [5.0547235511577114e-05, 0.0003187480847596193, 0.03638469706212564, 0.9632460076176032], [0.13676033023190634, 0.013669834778257079, 0.002668584082667192, 0.8469012509071693], [4.10028624288772e-06, 0.30165278400642376, 0.6961800876845727, 0.0021630280227604424], [0.013380253563359404, 0.8449044724023617, 0.11697049311004877, 0.024744780924230138], [0.001541029211477219, 0.46845693710891984, 0.11027094365367715, 0.4197310900259258], [0.019465380133806193, 0.9804474677088431, 2.2185712586741094e-05, 6.496644476408198e-05], [0.00016841925178158555, 0.9960302779705407, 0.0031846650632610767, 0.000616637714416763], [1.888718793159707e-05, 0.062285668992820134, 0.002012605011608184, 0.93568283880764], [0.9675333189359441, 0.00019819571125425774, 0.032257200531956645, 1.1284820845100622e-05], [0.0015779252586042378, 0.010849370821342942, 0.00906228351821607, 0.9785104204018368], [0.984423274888482, 2.493040598720718e-07, 2.712424314302587e-11, 0.015576475780333844], [0.0014668382423082703, 0.7516934371231991, 3.2904697090906577e-06, 0.24683643416478349], [0.04407814897937513, 0.41016607443606534, 0.5448533791325881, 0.0009023974519713819], [0.11027023056484939, 0.33346300006318164, 1.8177320295779626e-06, 0.5562649516399394], [0.9992007748235354, 2.63804029902073e-06, 0.0007954564609217566, 1.1306752438269002e-06], [0.014530232849467863, 0.5721834673316568, 0.0006277607146033635, 0.412658539104272], [0.840962424437913, 0.1588840034457816, 0.00014236311524796038, 1.1209001057653784e-05], [0.000400662975463254, 0.00012453450294098572, 1.1703635893903254e-08, 0.9994747908179598], [0.00045344133729458615, 0.8443137908606647, 0.15474948257806012, 0.00048328522398063614], [7.181977701522577e-07, 0.00040847331666487213, 0.990991634598616, 0.008599173886948927], [0.4411858578780401, 0.3512643619187247, 0.20754455413710762, 5.226066127622799e-06], [0.024981205494095, 0.19443281556767883, 0.016408712825235577, 0.7641772661129905], [0.5272820110144021, 0.00026863770741593693, 0.09104697901544657, 0.3814023722627355], [3.4241319366721484e-05, 6.662730203788336e-05, 0.9998831594841717, 1.597189442364724e-05], [0.0005810967381589592, 0.005871257312305015, 0.9926961096657366, 0.0008515362837996179], [0.5420451278750343, 0.0002338884193496493, 3.247916219987616e-05, 0.4576885045434161], [0.9976304570424812, 1.184029533069589e-05, 2.908090985959599e-07, 0.002357411853089618], [0.8019811577715855, 0.001827362482300406, 0.00010653334873221147, 0.1960849463973818], [0.004915132235758089, 0.13741262294379697, 0.010986371920784062, 0.8466858728996608], [0.004872409811812737, 0.46660920772742365, 0.5209308172667588, 0.007587565194004803], [2.1793892932676008e-05, 0.002264582866821636, 0.9977021121319454, 1.1511108300308524e-05], [0.23992100369867392, 5.937406542898214e-07, 0.0077612009536742336, 0.7523172016069977], [0.0002749921985102391, 0.0021255117618537945, 0.9659481930771121, 0.03165130296252381], [0.015323627808034958, 0.1502235527630545, 0.11344557001707792, 0.7210072494118326], [0.7748686973922138, 0.03462901015753863, 0.1898521080663526, 0.0006501843838950402], [0.022387910050538376, 0.13115402854986097, 0.0016601794104300054, 0.8447978819891707], [0.9747328868215505, 0.006467560192436408, 1.3840118158298718e-06, 0.018798168974197452], [0.0008838902237245408, 6.439834277183833e-05, 0.0006794403960359759, 0.9983722710374676], [7.847280131445381e-05, 3.986669360646983e-05, 0.4490325424598988, 0.5508491180451802], [0.0009368613223801301, 0.019647078368672518, 0.9794160192054101, 4.1103537411703875e-08], [0.9620456817439949, 0.02973237577339417, 0.00288823132516977, 0.005333711157441199], [0.9833974687129525, 2.500345502423699e-09, 0.00011951094603200504, 0.01648301784066989], [3.015779444154079e-08, 0.0003524554832509868, 8.944451026709818e-06, 0.999638569907928], [0.30664726149637456, 0.2121644811780964, 0.0035634406839732983, 0.4776248166415558], [5.223547550983085e-05, 0.004496982230883709, 0.9724733552467523, 0.022977427046854147], [0.035461167390950246, 0.2752082563786825, 0.0037961500975759563, 0.6855344261327913], [0.00023340405368589757, 0.00021225540758316216, 0.999215786846967, 0.0003385536917639493], [1.7163001685925861e-06, 0.0013539369062216093, 0.000611972687984869, 0.9980323741056248], [0.9102930947760839, 0.05960360308763546, 0.02972446275168908, 0.00037883938459152893], [6.128499056954915e-08, 0.9993714172857553, 0.0006276050202224645, 9.164090313988643e-07], [0.0002564285656080477, 0.9173538029678251, 0.001977251082838114, 0.08041251738372869], [0.3866102424277885, 0.4532623767817274, 0.00010797850438281685, 0.16001940228610104], [0.003734520235767858, 0.9898408785994265, 0.006091415209884133, 0.0003331859549215698], [0.0015031707619711085, 0.06231505082134804, 0.9354608341094481, 0.0007209443072325855], [0.2304517858878611, 0.6577130291635879, 4.295327358627004e-06, 0.11183088962119227], [0.0029999734149258185, 0.00030716278879365586, 0.0007317755091391916, 0.9959610882871412], [0.8392769792419283, 0.03882160314205965, 0.0008115639010738891, 0.12108985371493805], [0.15063675651379255, 0.003151225546123972, 0.7313858943481217, 0.11482612359196172], [0.9786438152005724, 3.2452508937260825e-05, 0.02081840045311116, 0.000505331837379184], [5.783049501167063e-07, 0.9357464237589225, 5.174101237645132e-06, 0.06424782383488975], [0.008191596092176364, 0.0548475650446891, 0.39969247366567767, 0.5372683651974569], [0.8210092246433806, 0.13253499330155002, 0.018470405440913898, 0.027985376614155535], [5.684099888643354e-07, 0.020288325137415048, 0.9764878870896587, 0.0032232193629372456], [0.03826655969623204, 0.9615500392302052, 8.34143378554955e-06, 0.000175059639777171], [0.00019994728440291774, 0.033535982317606454, 0.9631144128769001, 0.0031496575210904244], [0.9994036705786501, 2.541575192243202e-07, 0.0005025437463032166, 9.353151752748046e-05], [0.4000252078390978, 0.5921105422391729, 0.00566454002096666, 0.0021997099007625746], [6.35644483307049e-07, 0.0013456497743427269, 0.0007569882105877246, 0.9978967263705861], [6.752746830809982e-06, 0.9997188056252975, 0.00027053827022920643, 3.90335764250141e-06], [0.8181024994647775, 0.18176315574421598, 2.183699299786008e-09, 0.0001343426073071313], [0.47622532243625865, 0.00035113363400789246, 0.06927548299884308, 0.4541480609308904], [0.02138187245145234, 0.09169874622392472, 0.8868470444262541, 7.233689836881542e-05], [0.9986641836400967, 2.7262937375158072e-05, 0.0002215537521392685, 0.0010869996703886684], [0.0001414845699736621, 0.9994709395118745, 0.000387360909926158, 2.1500822561333988e-07], [4.191502643879855e-05, 0.0020029983444543177, 0.00014741437093764123, 0.9978076722581692], [5.0981288840074654e-06, 4.662086565080611e-08, 0.9998797592133847, 0.00011509603686554341], [0.00012677554317687347, 0.1413179784438389, 0.8332396729042821, 0.02531557310870206], [0.0003500853022342565, 0.0004988094832460523, 0.008440107972138977, 0.9907109972423808], [5.940529691871913e-07, 0.9999877449806623, 6.838547159766114e-06, 4.822419208609036e-06], [0.028378407000369615, 0.5047183966094638, 0.46034915191466075, 0.006554044475505836], [0.007815096449967198, 0.9916776936000232, 3.1564007745507885e-08, 0.0005071783860017943], [0.9995278155229721, 0.0004719877967144272, 2.377875092729917e-09, 1.9430243828526655e-07], [0.004157390968470626, 0.00012473819916469325, 0.018812737304160772, 0.976905133528204], [0.014021356406482033, 0.028476633628543795, 0.00020680152064071508, 0.9572952084443334], [0.00010131714811754382, 0.32986939216297106, 0.6699512919042416, 7.799878466968224e-05], [0.20305097576706033, 0.10325995980950793, 2.2372087527050764e-05, 0.6936666923359046], [0.0005644982610680973, 0.00014324482015053519, 0.0004550711089608051, 0.9988371858098205], [0.0015040894816208774, 0.062065782632790334, 0.8645083729129236, 0.07192175497266513], [3.070269847153387e-06, 0.01211009451843107, 0.0035663870828549827, 0.9843204481288668], [5.277252341723308e-05, 0.9997213492270267, 0.00019681558985313666, 2.906265970286629e-05]]}, "rewritten": {"ids": ["97107920", "97110950", "97112290", "97113260", "97113900", "97116410", "98106111", "98109230", "98112580", "98113881", "98116090", "99107630", "99108000", "99108010", "99108460", "99108520", "99109840", "99110050", "99113260", "99120010", "100108490", "100108520", "100108580", "100108990", "100109360", "100109910", "100111380", "100116500", "101109370", "101114020", "101119591", "102110050", "102110750", "102112250", "102116500", "102117351", "103110100", "103111540", "103112641", "103113260", "103118110", "103120531", "104111830", "104113210", "104114230", "104116800", "104117200", "104118340", "104119290", "105112100", "105113210", "105113620", "105114220", "105115380", "105117351", "105118171", "106112770", "106113170", "106113260", "106113830", "106114011", "106115120", "106115240", "106119260", "106119580", "107113130", "107113170", "107114200", "107116501", "107117010", "107118120", "107118490", "107119950", "107120880", "107121230", "108114200", "108116120", "108117720", "108118630", "108120280", "108120700", "109115070", "109115220", "109115380", "109116170", "109116930", "109117431", "109117630", "109118701", "109120150", "109120560", "110114651", "110115580", "110117080", "110117110", "110118301", "110118810", "110119030", "110119300", "110120560", "110120700", "110121170", "110121720", "111115620", "111116290", "111116990", "111117120", "111119340", "111119930", "111120280", "111120540", "112116401", "112116810", "112117431", "112117790", "112118471", "112118511", "112118880", "112118890", "112118930", "112119930", "112120630", "112121030", "113117630", "113118620", "113118810", "113119120", "113119340", "113120540", "113120591", "113120640", "113120751", "113120780", "113121190", "113121410", "113121680", "113121750", "113121950", "113122170", "113122220", "113122230", "113122430"], "labels": [0, 3, 1, 1, 2, 3, 0, 1, 2, 3, 0, 2, 2, 2, 0, 2, 2, 3, 0, 2, 2, 2, 0, 2, 0, 2, 3, 2, 1, 3, 0, 3, 1, 0, 1, 1, 1, 1, 3, 3, 2, 3, 3, 3, 2, 1, 3, 2, 1, 1, 3, 0, 3, 1, 0, 3, 1, 0, 3, 1, 1, 1, 1, 1, 3, 1, 0, 2, 1, 1, 3, 2, 3, 1, 0, 0, 1, 1, 1, 3, 2, 0, 3, 3, 0, 0, 1, 0, 3, 2, 1, 3, 1, 1, 0, 1, 1, 0, 1, 0, 2, 2, 3, 1, 2, 0, 2, 3, 1, 0, 1, 0, 3, 0, 3, 1, 1, 1, 3, 1, 1, 3, 0, 0, 3, 3, 3, 0, 3, 0, 0, 1, 0, 1, 0, 1, 0, 3, 1, 1, 1, 2], "predicted_labels": [0, 3, 1, 3, 0, 0, 0, 0, 3, 1, 1, 0, 3, 1, 3, 0, 2, 3, 0, 1, 1, 0, 2, 0, 0, 2, 0, 2, 2, 0, 0, 1, 0, 1, 2, 3, 0, 1, 0, 0, 1, 3, 3, 0, 0, 0, 3, 1, 1, 0, 3, 2, 0, 3, 0, 0, 3, 0, 3, 0, 2, 0, 1, 0, 0, 0, 1, 0, 0, 3, 1, 1, 3, 3, 1, 0, 0, 3, 3, 2, 3, 1, 3, 3, 3, 2, 3, 0, 3, 0, 2, 1, 3, 3, 1, 1, 0, 1, 3, 0, 3, 1, 0, 3, 0, 1, 1, 1, 0, 3, 0, 0, 1, 3, 0, 0, 1, 0, 3, 3, 3, 3, 0, 0, 1, 3, 0, 0, 0, 0, 0, 3, 1, 1, 3, 1, 1, 1, 2, 3, 0, 3], "confidence_scores": [[0.918641563343699, 0.0015961761051696067, 9.100296372792543e-06, 0.07975316025475876], [0.004701588742689324, 0.003505594833205005, 0.018821680702065836, 0.97297113572204], [0.0013674368658862929, 0.9891239504086762, 0.0004918808329791211, 0.009016731892458328], [0.0006229267514709703, 0.004377554982696593, 0.1968612405616135, 0.798138277704219], [0.9995174456189613, 0.00041230267053750234, 2.784012808294237e-07, 6.997330922048359e-05], [0.4492525681171508, 0.14250222731376186, 0.0006422609264012795, 0.4076029436426861], [0.7905497484918941, 0.20693276531559796, 7.835248531154863e-06, 0.0025096509439769157], [0.6794704597708702, 0.058262673467009245, 0.25876753182046003, 0.003499334941660718], [0.14216310618211758, 0.07479534469476487, 3.253347379461213e-05, 0.7830090156493229], [0.0013321895319724907, 0.9818637382537536, 0.009013351465355075, 0.0077907207489188455], [0.2014086544323009, 0.792915181321681, 0.0012119938950577163, 0.004464170350960361], [0.9152652128933733, 0.0002389347137175932, 0.008192167177359235, 0.07630368521554994], [0.0008029403420148187, 0.005093998516215067, 0.002978935168192952, 0.9911241259735771], [0.030324068680665887, 0.9544836811079669, 0.015186176828355704, 6.073383011238566e-06], [1.2011562193144781e-09, 4.3452124940099194e-07, 1.013806809750898e-10, 0.9999995641762137], [0.828602289683668, 0.16927981438591078, 0.0020949895372205053, 2.2906393200884664e-05], [0.00030471478156837765, 0.3077846455589575, 0.6888608274834472, 0.003049812176026827], [2.777219189692621e-05, 0.003989527400497478, 0.17184860824443013, 0.8241340921631755], [0.687413390087884, 0.3022065790284037, 0.010350309528132557, 2.972135557984547e-05], [0.003394720633091617, 0.9781349415643696, 0.01846363946355893, 6.698338979898386e-06], [0.04576875126361174, 0.916002057881931, 6.5570795214250666e-06, 0.03822263377493572], [0.9999985684483824, 1.0994676014710305e-08, 7.71458370565026e-09, 1.4128423577927878e-06], [0.033517910290363745, 0.0704050246664644, 0.8952832854827968, 0.0007937795603751603], [0.9511042422231707, 0.000699348604786255, 7.645158265675824e-06, 0.04818876401377744], [0.9358651959289247, 0.00013251982924700198, 0.0013317899194391517, 0.06267049432238911], [0.11832709692085591, 0.24998627036379475, 0.6316767383512092, 9.894364140120842e-06], [0.9979914017732419, 0.002005379529111524, 8.238105841174886e-10, 3.2178738360736488e-06], [0.003004555257363824, 0.16020987024162706, 0.8360837109016969, 0.0007018635993121435], [1.6997244980821367e-06, 0.018641799622575072, 0.9801723182459946, 0.0011841824069321095], [0.9637313762181545, 1.80595003933299e-05, 2.9791785379797064e-06, 0.03624758510291408], [0.9971160291035015, 0.000998203170827985, 8.777568000385955e-08, 0.0018856799499904898], [0.0002237724163092674, 0.8827060671611557, 0.0004888763010979138, 0.11658128412143724], [0.8435711962682315, 0.07261317375571044, 0.07892267922887154, 0.004892950747186431], [0.012296127663365207, 0.987683129735366, 2.0841712438074124e-06, 1.8658430025191654e-05], [0.11293329722101689, 0.0622255896576548, 0.8089038331474897, 0.015937279973838748], [0.13388896979894227, 1.6152151094772247e-05, 8.795536371289291e-07, 0.8660939984963258], [0.983582423911956, 7.572535850251324e-06, 3.3598739328318034e-06, 0.016406643678260734], [0.2819458566427776, 0.5147538162144748, 0.001104911169563797, 0.20219541597318386], [0.7354500652548371, 0.22295764910968074, 0.04011993376144121, 0.0014723518740408941], [0.8869235586404485, 0.024260868572282344, 0.00037676231435803596, 0.08843881047291118], [1.322136087672112e-05, 0.9960704839493183, 0.0033271891391539635, 0.0005891055506509282], [0.06445950486450013, 0.21979481689203378, 0.004229322200514559, 0.7115163560429516], [0.003403056467622888, 0.0001395642117676508, 6.471556728873638e-05, 0.9963926637533207], [0.9658695855395005, 0.030726608000646034, 0.002075511508357084, 0.0013282949514962707], [0.5729983089761953, 0.005518352695505291, 0.19775946328042537, 0.22372387504787408], [0.9559575378340156, 0.0010530374347696035, 1.5244626635899398e-05, 0.04297418010457868], [0.048975997390640846, 0.06068577591805982, 0.003133495258405518, 0.8872047314328939], [0.2410440201531408, 0.6632062311127954, 0.002330437250391004, 0.09341931148367272], [0.0010663188232346037, 0.7063117981655209, 0.07727764599758175, 0.21534423701366284], [0.5665492081296658, 0.0007441078502410906, 0.0005307462992980473, 0.43217593772079516], [4.531889652470831e-06, 0.0012674569829279859, 5.169235124483031e-05, 0.9986763187761748], [0.08385242785526978, 0.4182844871809689, 0.4977282254114188, 0.00013485955234245872], [0.9462903382479163, 0.053194308046051596, 4.764168214430076e-10, 0.0005153532296153185], [5.5454931461603996e-05, 2.1551890576386065e-05, 0.00023917766008420326, 0.9996838155178779], [0.9998514456886622, 1.2658203652975797e-06, 1.6893816115449926e-07, 0.00014711955281131555], [0.6420524898275938, 0.19448319070581535, 6.918282429074496e-08, 0.1634642502837665], [1.7902763196831336e-06, 0.009972728461689673, 0.01903787320205308, 0.9709876080599376], [0.7017747640912475, 0.2981929539988653, 1.5160402552939203e-09, 3.228039384687003e-05], [0.22836057932606726, 0.005100069855621494, 0.11713687848484394, 0.6494024723334673], [0.9970528271324006, 0.0003166622750606158, 7.358242919292605e-05, 0.002556928163345887], [0.1180296509110985, 0.0803322622518292, 0.8016370375259256, 1.049311146767009e-06], [0.878726540565176, 0.003445289359015142, 1.3386022143644167e-08, 0.11782815668978666], [0.008688545482320346, 0.9863669357461345, 0.0049272130722569415, 1.730569928813945e-05], [0.9999998731793082, 4.629587912838515e-11, 7.070659926246781e-08, 5.60677968665876e-08], [0.9441651768807061, 0.03586775164859739, 0.008343667359257984, 0.011623404111438442], [0.5416284132197733, 0.002394210582322333, 0.4529431434829723, 0.0030342327149319175], [0.011137568222436452, 0.9779115735902802, 0.007859759368806294, 0.0030910988184769538], [0.9530447641615345, 0.046539818345104615, 4.637487835226439e-07, 0.00041495374457741846], [0.5788068017530587, 0.056176525235373934, 0.0005978848344333771, 0.36441878817713413], [0.0009826518135813884, 0.0008051033654837423, 0.021317600055578513, 0.9768946447653564], [0.00011022157954476462, 0.796615543909854, 0.00010898920582529876, 0.20316524530477592], [0.027419062128657315, 0.9347098850884363, 0.031751588790641015, 0.006119463992265226], [0.07409492477655258, 5.8755236552202755e-05, 0.0013034939536943583, 0.9245428260332009], [0.004177699833135308, 0.13627409344723518, 0.0056967546645335845, 0.8538514520550958], [0.0002650058074334477, 0.9996424467144581, 5.701884483735507e-08, 9.249045926350302e-05], [0.9995917060304372, 2.481852546419973e-06, 3.7464174913988185e-06, 0.00040206569952491256], [0.9981360636310641, 3.1218939566919215e-07, 0.0005869874671224687, 0.00127663671241777], [0.009241748891543304, 0.08389922967153485, 0.003247090463390244, 0.9036119309735317], [0.00043139665507017564, 0.004789971497464333, 0.006769918049642856, 0.9880087137978226], [0.0744091831144415, 0.1181466159643782, 0.7764608606504338, 0.030983340270746534], [3.3747801929719136e-06, 0.0001135218588666172, 0.0013955329531734168, 0.998487570407767], [5.766207886753939e-08, 0.999865754121147, 2.2737425636545607e-06, 0.00013191447421069552], [0.10475705320778814, 0.003918773604055555, 0.0024162099494620254, 0.8889079632386944], [2.6524544798266655e-05, 4.9509400817590655e-05, 0.00022205884827061873, 0.9997019072061134], [0.024841724787487404, 0.0008532959026501849, 0.0011127205788470658, 0.9731922587310152], [0.06157400798718597, 0.00017683314431390414, 0.9382303194933928, 1.8839375107403706e-05], [0.14189192215688654, 0.011725959728692887, 6.542686862952568e-06, 0.8463755754275576], [0.997136660990671, 7.777399324131723e-05, 0.00034895990008180426, 0.002436605116005682], [0.3639640396772272, 0.03803592888546067, 3.9327475811999633e-07, 0.5979996381625541], [0.5433303967659898, 0.009987094250440759, 0.4287409889585126, 0.017941520025056997], [7.638431834163408e-07, 0.1401281047727739, 0.8476351803068788, 0.012235951077163864], [0.0017554207174740176, 0.9982204924709367, 8.530538500762117e-06, 1.5556273088570422e-05], [0.4168865297820974, 0.0020334579891518154, 0.056276769108320426, 0.5248032431204304], [0.0004899354954597542, 0.016386314900146585, 0.0004165247844826807, 0.982707224819911], [0.024532611015098363, 0.810038447368274, 0.16383735026637916, 0.0015915913502485516], [1.5402612808769874e-05, 0.9991199000875159, 0.0008502611032151273, 1.443619646017001e-05], [0.6507476552671547, 0.3349148585249094, 0.014179554201699616, 0.00015793200623632152], [0.32571627343404225, 0.6742763938094107, 1.1851541607508349e-09, 7.331571392799524e-06], [0.2653056100894734, 0.08526146338562225, 0.0008616991720780999, 0.6485712273528262], [0.9680584677089845, 0.007851538243135416, 0.014242418405605514, 0.009847575642274483], [0.22086638480847323, 0.0002569479863098392, 2.118160320455903e-05, 0.7788554856020125], [6.127948331840735e-06, 0.9982172595416204, 0.0017644352463983346, 1.2177263649421226e-05], [0.9376824617764158, 0.0005985128933898702, 0.006918268497090642, 0.05480075683310362], [0.4734012244028564, 0.0003795230932434223, 0.0003710672660779228, 0.5258481852378223], [0.9999873124804664, 3.6602903764645275e-09, 1.2620144589031633e-05, 6.371465415261729e-08], [0.09693604468154059, 0.9028194121787776, 6.582096100401404e-05, 0.0001787221786777422], [0.00017654481582023962, 0.9997542830526311, 1.2067279958223989e-05, 5.71048515905496e-05], [0.0005230539724271511, 0.8873600292344134, 0.0014169808071337585, 0.11069993598602564], [0.5937870458427456, 0.19537978337784626, 0.18248277822080933, 0.028350392558598864], [0.0033608448968367294, 0.0023019518689946566, 4.407269303468382e-05, 0.9942931305411339], [0.9966144572822634, 0.0033681354004986455, 1.6067093395441195e-05, 1.3402238422804297e-06], [0.9992658371359694, 9.81357830576606e-07, 0.0006625313372621285, 7.065016893764932e-05], [0.41521062007155557, 0.4264415588410187, 0.13713976292380478, 0.021208058163620924], [0.4433531826630355, 0.0008657413610986075, 0.0009229205585747339, 0.5548581554172911], [0.9999948486533081, 3.712710868066734e-09, 3.6537504183674572e-09, 5.143980230732603e-06], [0.9284596168639608, 0.0664140909090418, 0.0048975782060146815, 0.00022871402098266497], [0.014542909992124963, 0.5653458893538872, 0.14950330347304838, 0.2706078971809395], [0.9954755224410817, 4.4684350909202826e-05, 8.79504008396101e-06, 0.004470998167925044], [0.3607892132658174, 0.24765510767538626, 4.383325585273055e-08, 0.39155563522554054], [0.04431111790280393, 0.10611133286163643, 9.606323011160023e-06, 0.8495679429125486], [0.003515052459639478, 0.0039042252080039364, 0.0017032335252329194, 0.9908774888071237], [0.2594506520023894, 0.034574247286786666, 0.002714986361709902, 0.7032601143491141], [0.9985427664456421, 0.0013796559611492366, 1.7795494064792613e-06, 7.579804380233773e-05], [0.9131537347329541, 0.014471381012581436, 0.02233699512917434, 0.050037889125290176], [0.00705873119635756, 0.9917503318000936, 0.0004541820756148727, 0.0007367549279339745], [0.021131442670017615, 0.0025853639701114033, 9.636239845550813e-06, 0.9762735571200255], [0.9991888930334196, 4.1897390794732703e-07, 8.970818483724202e-07, 0.0008097909108241029], [0.9999998983742228, 8.354262812079306e-11, 5.059440740566963e-14, 1.0154218381952394e-07], [0.9987952701584204, 1.024285587657352e-06, 2.950778548589088e-07, 0.001203410478137052], [0.9999697177941993, 1.339950351445579e-05, 3.6312339932127276e-09, 1.6879071052279405e-05], [0.9233066883994102, 0.008112188717983203, 0.005380742947024332, 0.06320037993558231], [4.5905415845179446e-05, 0.001491585438533928, 0.0017678355740548082, 0.9966946735715662], [0.005357579270353719, 0.8634059642901672, 0.03029516362060878, 0.10094129281887036], [0.021345037073016448, 0.9405315519069126, 0.008210118182840393, 0.02991329283723063], [8.188845676074747e-05, 0.06646313714501725, 2.0652569554411102e-10, 0.9334549741916964], [0.0001059655438105294, 0.9786618477187824, 0.00024752925172871607, 0.020984657485678324], [0.11301112605826048, 0.8832699364073003, 2.7594043411913845e-05, 0.003691343491027099], [0.09055388038797044, 0.526147068973171, 0.053839966692885384, 0.32945908394597306], [0.21237372900764953, 0.024725143621575674, 0.7625662277740243, 0.0003348995967504826], [6.311741001965515e-05, 0.007597092252793075, 8.034672786952112e-06, 0.9923317556644004], [0.7841746626145114, 0.008715313987769407, 0.09599865799585929, 0.11111136540186001], [2.969511436536956e-08, 2.3122033207395018e-09, 4.28503132257117e-09, 0.9999999637076511]]}}