{"test": {"ids": ["112117571", "110120540", "113119950", "111121930", "111119610", "101108580", "103120290", "109116040", "111116090", "99108710", "108113480", "106120640", "103120340", "98108410", "104117200", "113121190", "97114170", "113120280", "105113190", "107116980", "108117720", "104117630", "110114610", "100108490", "101111620", "102109910", "113118810", "104114240", "112118530", "105110091", "109115070", "112119980", "110118880", "102110750", "110117200", "108120280", "102112030", "105115680", "98112170", "101109370", "107117010", "98111860", "111119150", "98110230", "102116340", "108114670", "109121351", "107120130", "101111310", "110114950", "112119950", "113122120", "113117550", "98111620", "103120730", "105118740", "110116170", "111116990", "110121170", "112118421", "111120540", "108115880", "98120530", "102108621", "109117150", "100111080", "113121980", "106117770", "113117340", "104113240", "108113760", "109113281", "102113350", "107112840", "110121140", "111121410", "106116850", "105120621", "101119030", "104119290", "110115890", "107113840", "99107950", "105120280", "112116610", "106114280", "106114011", "98120010", "110114920", "105115380", "113122180", "105113480", "112121430", "113119360", "105117351", "101110200", "111121190", "111119430", "107114490", "101108460", "102112301", "111120640", "110117140", "107120010", "99107560", "109119450", "110118121", "112116850", "112117030", "111117571", "98107410", "110119891", "99107660", "108121160", "97113260", "103120531", "107113360", "104114230", "108117360", "112118620", "106115240", "103117461", "110120190", "111116530", "98116090", "100112060", "105113330", "108115970", "99114890", "112117790", "112119500", "113120780", "103111540", "105113170", "97113900", "102114270", "112116640", "112119120", "108116501", "105114220", "110115580", "98107010"], "labels": [3, 1, 0, 1, 2, 0, 2, 0, 3, 2, 0, 3, 1, 1, 3, 1, 2, 0, 3, 3, 1, 0, 1, 2, 3, 2, 3, 0, 1, 0, 0, 0, 0, 1, 3, 3, 2, 2, 3, 1, 1, 0, 3, 3, 3, 3, 0, 2, 3, 0, 0, 1, 3, 3, 1, 1, 0, 0, 2, 3, 1, 3, 1, 3, 2, 0, 2, 0, 2, 2, 1, 0, 3, 1, 3, 0, 3, 1, 3, 1, 2, 3, 1, 3, 1, 3, 1, 2, 3, 1, 2, 0, 2, 0, 0, 2, 1, 3, 3, 0, 1, 0, 3, 1, 1, 3, 3, 0, 2, 3, 3, 3, 3, 2, 1, 3, 0, 2, 1, 3, 1, 0, 3, 3, 0, 2, 3, 2, 2, 3, 2, 0, 1, 0, 2, 3, 0, 1, 0, 3, 1, 3], "predicted_labels": [3, 1, 0, 1, 3, 0, 1, 3, 1, 2, 3, 1, 2, 3, 2, 3, 1, 3, 1, 1, 0, 3, 3, 3, 1, 2, 1, 1, 1, 3, 0, 3, 1, 1, 3, 2, 1, 1, 0, 3, 3, 1, 3, 1, 2, 0, 0, 3, 1, 3, 3, 3, 3, 2, 0, 3, 3, 0, 1, 1, 0, 1, 1, 0, 3, 1, 1, 3, 1, 3, 0, 0, 1, 3, 1, 1, 2, 0, 0, 1, 3, 1, 1, 3, 0, 3, 1, 0, 1, 2, 1, 1, 2, 3, 1, 1, 3, 0, 0, 3, 3, 3, 3, 3, 1, 1, 1, 3, 3, 0, 0, 3, 0, 3, 0, 1, 0, 0, 3, 3, 3, 1, 1, 1, 0, 3, 1, 1, 1, 3, 0, 1, 1, 0, 1, 3, 1, 1, 1, 0, 1, 3], "confidence_scores": [[0.2491705644981498, 0.2926322810169796, 0.08202239439195987, 0.37617476009291106], [0.19286021220207894, 0.34281794426402445, 0.19899465381107392, 0.2653271897228227], [0.4271278056281777, 0.19541192451017314, 0.0806573676260711, 0.29680290223557804], [0.1929827932795528, 0.3052706105557373, 0.21386375773968344, 0.2878828384250264], [0.14441622028249781, 0.2148215207147015, 0.18819562686681526, 0.45256663213598536], [0.49311805946284054, 0.1665595507798475, 0.1801139806754348, 0.1602084090818774], [0.14881235627804767, 0.4761750948315914, 0.16957864484906665, 0.20543390404129439], [0.1995078945353604, 0.25801391720359496, 0.16999149524640542, 0.3724866930146392], [0.21245855615025527, 0.35791067757452644, 0.11640182207107914, 0.31322894420413927], [0.10066298710146467, 0.35223601163324364, 0.36845652834990644, 0.1786444729153856], [0.18728757153651807, 0.2981090647281643, 0.13842978074211373, 0.37617358299320386], [0.23271688121259465, 0.45759428551227405, 0.0968242083320195, 0.21286462494311179], [0.15638599956769123, 0.2896080584881457, 0.36765653608962995, 0.18634940585453344], [0.16121536290918695, 0.345087216024228, 0.12297368451763256, 0.37072373654895263], [0.24165782630207325, 0.24483203411133156, 0.27956925551226514, 0.23394088407433028], [0.19071173976076994, 0.27453835399540133, 0.10027642415649629, 0.4344734820873325], [0.23230554963166075, 0.39993350679904827, 0.1517451323133882, 0.2160158112559028], [0.33445908613558833, 0.17663672928993934, 0.07949026688266209, 0.4094139176918102], [0.28486793232628127, 0.3759654057171933, 0.11591297994779852, 0.22325368200872697], [0.1576889005962056, 0.5093575996300079, 0.08118363007911027, 0.25176986969467624], [0.5665606043519269, 0.11520935955450079, 0.09773323320631075, 0.22049680288726173], [0.14484012394250512, 0.3731762019434754, 0.08910395925448245, 0.39287971485953704], [0.2787846649283362, 0.27215250899707766, 0.12371129090043999, 0.3253515351741462], [0.17170370463140777, 0.34147983458168457, 0.14126758470077397, 0.34554887608613366], [0.2070448729210899, 0.551395450217713, 0.08332407428455411, 0.15823560257664304], [0.1359551750422114, 0.17433859748232533, 0.3865029230968481, 0.30320330437861515], [0.16561406526953024, 0.3519781317675363, 0.15048367593071663, 0.33192412703221696], [0.1651155016444561, 0.40635049216098257, 0.10016023694035572, 0.3283737692542057], [0.22161509230759527, 0.36533609969178954, 0.17813759692756664, 0.23491121107304866], [0.19973587956000433, 0.3188025725736668, 0.07811210453619734, 0.4033494433301317], [0.391745642694446, 0.21511869946783665, 0.14012287854899777, 0.25301277928871946], [0.24338817870036103, 0.29289759225573775, 0.12647342345885956, 0.3372408055850418], [0.19242812566489068, 0.4936996763502129, 0.05344604212218777, 0.2604261558627088], [0.23475368910575392, 0.3820178358197196, 0.1016788622331938, 0.28154961284133273], [0.20516192243648518, 0.22983566545189252, 0.17273885896355182, 0.3922635531480705], [0.11242118350702762, 0.20389010372114755, 0.43220616944264106, 0.25148254332918385], [0.13370381714301693, 0.5308303115743779, 0.12775766753772846, 0.20770820374487672], [0.1306574703439154, 0.4116999590696143, 0.24300751501840542, 0.21463505556806498], [0.35256021862969905, 0.19583825862343185, 0.1678124699596709, 0.28378905278719835], [0.16510257120937918, 0.31172290316908763, 0.166049101433253, 0.35712542418828014], [0.08107642117750251, 0.14072509624240645, 0.11538888260363286, 0.6628095999764582], [0.19277523445927638, 0.37288163557520304, 0.12539244561833215, 0.30895068434718853], [0.256457011401965, 0.2651533841326321, 0.11545488744850309, 0.36293471701689983], [0.17134226460830213, 0.6234050601485223, 0.10314434477767208, 0.10210833046550347], [0.11032870314406962, 0.3292845654445643, 0.4347374168004929, 0.1256493146108733], [0.4859097259718139, 0.23971205038324164, 0.14119738940158574, 0.1331808342433586], [0.4831752605275517, 0.20963583415420015, 0.10192599640947796, 0.20526290890877033], [0.249059472294176, 0.23090996424524102, 0.2466425850918111, 0.2733879783687719], [0.11357682215651659, 0.5994101919763045, 0.15134420786207656, 0.13566877800510238], [0.30003932913072584, 0.2733836085562125, 0.10437842342089024, 0.3221986388921713], [0.29774540192822774, 0.18460024580351383, 0.08680995566000319, 0.4308443966082551], [0.25313982453877387, 0.2898730705090464, 0.13004154009563754, 0.3269455648565423], [0.20168680225805102, 0.2339680435685849, 0.11661467903552748, 0.44773047513783665], [0.16821700469246156, 0.3274928370892651, 0.40171831696551585, 0.10257184125275759], [0.46294273042624984, 0.16598995220246288, 0.14623770835471728, 0.22482960901657004], [0.1259623416118345, 0.2567163400801568, 0.2589491771966936, 0.35837214111131505], [0.35280407986087176, 0.22002973215781677, 0.06880915125448521, 0.35835703672682623], [0.32131193447570305, 0.15825759348282695, 0.2140815097873811, 0.30634896225408886], [0.15746901660966878, 0.39411159047017624, 0.16062050889515875, 0.28779888402499615], [0.24391847447666282, 0.49356153841631895, 0.08962937706174012, 0.17289061004527836], [0.3579806339664913, 0.3143266360762777, 0.12023362884283825, 0.20745910111439284], [0.2798497414779324, 0.3098115535004996, 0.14520797556405213, 0.265130729457516], [0.22823407048550373, 0.29163016338058406, 0.19527518474163535, 0.2848605813922768], [0.3267652679349305, 0.21343155800890495, 0.2326619000234005, 0.22714127403276396], [0.17475268291381202, 0.276681700393911, 0.17955228319221075, 0.36901333350006627], [0.13121912634150157, 0.3838137749609105, 0.1299584259295338, 0.35500867276805426], [0.16403016400189976, 0.3941602128862947, 0.15351581490911187, 0.28829380820269357], [0.20995985792460062, 0.2656665434516022, 0.18106607187866033, 0.3433075267451367], [0.0776147883557876, 0.6529956948888276, 0.08791464763972007, 0.18147486911566474], [0.17160282101911978, 0.18154200490260056, 0.1335328356068158, 0.5133223384714639], [0.47998753357233803, 0.23807414139795766, 0.0832942629424506, 0.198644062087254], [0.45197841092220997, 0.3029704201875529, 0.08348671536832823, 0.16156445352190907], [0.19451541550188695, 0.4898870988631256, 0.1464127560075539, 0.1691847296274337], [0.15074218119570468, 0.1925484274656922, 0.18920601737250287, 0.46750337396610037], [0.19150645201697966, 0.44260479138064857, 0.0785684925928379, 0.2873202640095338], [0.22111694563591996, 0.5115227213688702, 0.0689514718964106, 0.19840886109879927], [0.1104730740566471, 0.17879192850131587, 0.4683285861081326, 0.2424064113339046], [0.3141795863657537, 0.25817538195905737, 0.11562895095802259, 0.31201608071716636], [0.3293948417957132, 0.2576440611504477, 0.17319457998002408, 0.23976651707381502], [0.223050292381866, 0.4591886074026241, 0.10905979117845613, 0.20870130903705386], [0.1097943476835143, 0.2890523569948897, 0.28165818407825843, 0.3194951112433376], [0.20009116452749426, 0.3384859198854505, 0.16116845650801534, 0.30025445907903986], [0.07582284957404942, 0.4882896279376521, 0.1284813994635891, 0.3074061230247093], [0.288918855634829, 0.24987260059670174, 0.13629714047583605, 0.32491140329263307], [0.40205595184707177, 0.16940079345089817, 0.10666819026951364, 0.3218750644325164], [0.13808474668354126, 0.18123821174734603, 0.10990728639463945, 0.5707697551744733], [0.2538820055870654, 0.5163247069788539, 0.07120252906675051, 0.1585907583673302], [0.4248475907907435, 0.2397582329668783, 0.14978268187979152, 0.18561149436258673], [0.1678855532638025, 0.488002469115577, 0.08191936423772771, 0.2621926133828929], [0.12487228137501635, 0.27630724393584055, 0.31862353325580633, 0.280196941433337], [0.3199338280609906, 0.38630133883231976, 0.10902583548860383, 0.184738997618086], [0.12455647152899008, 0.3980232707228722, 0.11311939136949843, 0.3643008663786394], [0.11055543361788206, 0.22329418504957696, 0.4996135595051454, 0.1665368218273957], [0.21587060032830552, 0.24721246924502155, 0.10441290030834427, 0.4325040301183285], [0.17805869151107612, 0.47464362953304995, 0.13117935845913867, 0.21611832049673516], [0.09214850531215545, 0.4802774401067986, 0.1149676561927159, 0.3126063983883302], [0.2735026295286502, 0.2460344685502821, 0.1990358054353966, 0.2814270964856712], [0.48525589378014405, 0.2948319454754738, 0.0650721294636811, 0.15484003128070103], [0.3311407916254339, 0.25290102282651206, 0.15089635328804307, 0.26506183226001084], [0.20286730322884422, 0.2006296573497432, 0.14092206971885557, 0.4555809697025572], [0.1840502567504937, 0.25107349062556, 0.08337004805084851, 0.4815062045730979], [0.10095813990474306, 0.27572385623937834, 0.10491438613695034, 0.5184036177189283], [0.33154662397547535, 0.20663668923209388, 0.08446958997007976, 0.3773470968223511], [0.17205664612359406, 0.2249923347537936, 0.2626231608621266, 0.34032785826048556], [0.2104911360251284, 0.4166934737325786, 0.1760169091539849, 0.19679848108830808], [0.1667479392759756, 0.33011140745132467, 0.20704178538420268, 0.29609886788849704], [0.17391941290900165, 0.5281091407087246, 0.05696772990387701, 0.2410037164783967], [0.2687425403710468, 0.19477936374101235, 0.10527459994221959, 0.43120349594572127], [0.13537799881507614, 0.23389282505593706, 0.2517710272110481, 0.37895814891793883], [0.406878803342971, 0.24183863799718913, 0.12717850431704278, 0.22410405434279715], [0.5657173589613339, 0.2348441632150582, 0.06933481518514793, 0.1301036626384599], [0.23403462760165622, 0.2741086511905387, 0.14145706005390732, 0.35039966115389787], [0.4833321169457244, 0.1832534653027108, 0.0899595921959604, 0.2434548255556044], [0.14145242884334655, 0.22400325223419762, 0.07264779327034529, 0.5618965256521106], [0.3709092014239781, 0.14533287210628393, 0.2978732939171634, 0.1858846325525744], [0.2535971277148651, 0.33689871721935305, 0.08642404599159727, 0.3230801090741846], [0.3316140741800578, 0.19238965370467628, 0.1612625324390743, 0.31473373967619167], [0.3745892135322854, 0.24927522241273456, 0.1225800953024933, 0.25355546875248686], [0.2989716811420583, 0.20656464707680647, 0.10437607065066876, 0.3900876011304666], [0.2481821463204915, 0.2734791017994144, 0.10062791469397159, 0.37771083718612236], [0.19496688862372202, 0.28104084006608016, 0.22757957433185916, 0.29641269697833855], [0.2667354227752958, 0.2944284525003747, 0.18824001123415982, 0.25059611349016975], [0.1874984634130369, 0.4731724775739624, 0.12210152167408474, 0.21722753733891606], [0.153628188048181, 0.4596012979799422, 0.10074504131655894, 0.28602547265531797], [0.4110386487537945, 0.26545974763454516, 0.1348405141896123, 0.18866108942204815], [0.22789225146206213, 0.21937860254386538, 0.23412451358926883, 0.3186046324048038], [0.28341733517714734, 0.45507128140900177, 0.09598546441814086, 0.1655259189957101], [0.18509635537791239, 0.37251751403100464, 0.1435725307771298, 0.29881359981395317], [0.10620373983802261, 0.3829825726335395, 0.17889563744074855, 0.33191805008768954], [0.2677160540713622, 0.21335455019198166, 0.1517815571087417, 0.3671478386279145], [0.34529982879997884, 0.28266703986192987, 0.14286853378551512, 0.2291645975525763], [0.15314805164117765, 0.4718359556578383, 0.10000963149599919, 0.27500636120498495], [0.1985284128597418, 0.47212156649075626, 0.2135397100031634, 0.11581031064633844], [0.3392727336179136, 0.2698119988593688, 0.10029040461731359, 0.2906248629054039], [0.256667818643845, 0.4095524562864155, 0.14458535710783144, 0.18919436796190797], [0.2042451352405477, 0.28208243587120596, 0.14702170534182973, 0.36665072354641665], [0.24772884790405514, 0.3240045167109079, 0.1965389356719693, 0.23172769971306756], [0.17413755267839556, 0.40629539151727856, 0.1167456240050881, 0.3028214317992379], [0.19581932306286504, 0.520235458200472, 0.09103177192515546, 0.19291344681150752], [0.34227901331491745, 0.2566197798608511, 0.06944096119501718, 0.3316602456292142], [0.23373741456271466, 0.3746832265339029, 0.14792898799519075, 0.2436503709081917], [0.13577949506965456, 0.16166299533452996, 0.2000039549558723, 0.5025535546399432]]}, "rewritten": {"ids": ["97113260", "97113900", "97114170", "98107010", "98107410", "98108410", "98110230", "98111620", "98111860", "98112170", "98116090", "98120010", "98120530", "99107560", "99107660", "99107950", "99108710", "99114890", "100108490", "100111080", "100112060", "101108460", "101108580", "101109370", "101110200", "101111310", "101111620", "101119030", "102108621", "102109910", "102110750", "102112030", "102112301", "102113350", "102114270", "102116340", "103111540", "103117461", "103120290", "103120340", "103120531", "103120730", "104113240", "104114230", "104114240", "104117200", "104117630", "104119290", "105110091", "105113170", "105113190", "105113330", "105113480", "105114220", "105115380", "105115680", "105117351", "105118740", "105120280", "105120621", "106114011", "106114280", "106115240", "106116850", "106117770", "106120640", "107112840", "107113360", "107113840", "107114490", "107116980", "107117010", "107120010", "107120130", "108113480", "108113760", "108114670", "108115880", "108115970", "108116501", "108117360", "108117720", "108120280", "108121160", "109113281", "109115070", "109116040", "109117150", "109119450", "109121351", "110114610", "110114920", "110114950", "110115580", "110115890", "110116170", "110117140", "110117200", "110118121", "110118880", "110119891", "110120190", "110120540", "110121140", "110121170", "111116090", "111116530", "111116990", "111117571", "111119150", "111119430", "111119610", "111120540", "111120640", "111121190", "111121410", "111121930", "112116610", "112116640", "112116850", "112117030", "112117571", "112117790", "112118421", "112118530", "112118620", "112119120", "112119500", "112119950", "112119980", "112121430", "113117340", "113117550", "113118810", "113119360", "113119950", "113120280", "113120780", "113121190", "113121980", "113122120", "113122180"], "labels": [1, 2, 2, 3, 3, 1, 3, 3, 0, 3, 0, 2, 1, 1, 3, 1, 2, 2, 2, 0, 2, 0, 0, 1, 2, 3, 3, 3, 3, 2, 1, 2, 1, 3, 3, 3, 1, 0, 2, 1, 3, 1, 2, 2, 0, 3, 0, 1, 0, 0, 3, 3, 0, 3, 1, 2, 0, 1, 3, 1, 1, 3, 1, 3, 0, 3, 1, 0, 3, 3, 3, 1, 1, 2, 0, 1, 3, 3, 2, 0, 1, 1, 3, 2, 0, 0, 0, 2, 3, 0, 1, 3, 0, 1, 2, 0, 3, 3, 3, 0, 3, 3, 1, 3, 2, 3, 3, 0, 3, 3, 3, 2, 1, 0, 1, 0, 1, 1, 0, 0, 2, 3, 3, 3, 1, 3, 1, 2, 0, 0, 2, 2, 3, 3, 0, 0, 0, 0, 1, 2, 1, 2], "predicted_labels": [1, 0, 0, 2, 0, 3, 0, 1, 3, 3, 1, 3, 1, 1, 0, 3, 1, 0, 2, 1, 3, 3, 0, 0, 1, 1, 1, 3, 0, 2, 3, 1, 3, 1, 3, 1, 1, 1, 1, 0, 3, 1, 3, 0, 1, 3, 3, 0, 3, 1, 1, 1, 1, 0, 1, 1, 3, 1, 0, 0, 1, 3, 1, 1, 3, 1, 3, 0, 1, 3, 1, 3, 1, 0, 3, 0, 1, 1, 1, 1, 1, 3, 3, 0, 0, 1, 1, 1, 3, 0, 0, 2, 0, 1, 1, 3, 3, 0, 1, 3, 3, 1, 1, 3, 3, 1, 3, 3, 2, 1, 1, 3, 2, 3, 0, 1, 3, 3, 3, 3, 1, 1, 3, 1, 1, 1, 1, 0, 1, 1, 2, 3, 1, 1, 3, 0, 0, 1, 3, 1, 1, 0], "confidence_scores": [[0.2460601935710107, 0.4448179286154383, 0.09485119456142292, 0.21427068325212809], [0.2901857354190397, 0.23423650144409597, 0.26349432174102555, 0.21208344139583876], [0.46045126177034285, 0.20837222356660878, 0.13408549889285162, 0.19709101577019678], [0.19480257918834162, 0.2649110748183675, 0.33964113413078134, 0.20064521186250972], [0.6571854197461297, 0.1826263422181919, 0.06464437953404273, 0.09554385850163578], [0.18757179581580005, 0.2406365637494201, 0.12799886016018203, 0.4437927802745978], [0.33644528352709474, 0.29644262954900397, 0.13652690022227312, 0.23058518670162806], [0.1292061767568072, 0.5559117163322543, 0.14421637584654148, 0.17066573106439706], [0.13611734713321083, 0.2622426553427049, 0.14363197892785837, 0.45800801859622586], [0.21403010672497058, 0.15533114895557376, 0.2301849303698825, 0.4004538139495731], [0.2315257787973766, 0.4412819799901368, 0.1354877921725317, 0.19170444903995482], [0.2061045877493723, 0.3070632572758011, 0.1218578954417324, 0.3649742595330943], [0.21390546983357933, 0.284722011958629, 0.27739151307015847, 0.22398100513763308], [0.14556851994493125, 0.5059327120815789, 0.1623180463623482, 0.1861807216111417], [0.5182741601344599, 0.15733602953353842, 0.1322302571745066, 0.1921595531574951], [0.10784464245941863, 0.2559035552969523, 0.16818254911819966, 0.4680692531254293], [0.20380214942649613, 0.42866536103233854, 0.1347960073572651, 0.23273648218390025], [0.3569587043808723, 0.2910733816466388, 0.15891917149459614, 0.19304874247789292], [0.2620473729005971, 0.26744524510499607, 0.2674490882585334, 0.20305829373587328], [0.1813219700726769, 0.3162826983923633, 0.25121821792524507, 0.2511771136097149], [0.21047784792909893, 0.14646494283503472, 0.2776452525985702, 0.36541195663729625], [0.10363475426201861, 0.15258236223037097, 0.18027668505963595, 0.5635061984479744], [0.5376010541625905, 0.12287407565004685, 0.1425679878459998, 0.19695688234136274], [0.33579339692337334, 0.2311488154284428, 0.14333509267258016, 0.2897226949756038], [0.09967848340469367, 0.4494016132697735, 0.1668625844843521, 0.28405731884118074], [0.2659989898237104, 0.461890497895847, 0.15309373034327242, 0.1190167819371701], [0.18218631004923783, 0.42249765351851626, 0.21194515044046766, 0.18337088599177823], [0.2736028312438128, 0.2158562835454128, 0.116980960022115, 0.39355992518865945], [0.310895572679155, 0.2652261384558124, 0.17462474289616337, 0.24925354596886923], [0.2412170130721483, 0.16984080727080297, 0.4589007515726737, 0.1300414280843749], [0.2163286178691276, 0.2656109782562849, 0.21138971165364334, 0.3066706922209441], [0.14374602691630992, 0.44652604699364784, 0.22751920523711983, 0.18220872085292236], [0.14864552326331035, 0.32598459971413796, 0.09276428025601959, 0.4326055967665323], [0.3401088404400916, 0.3521111000306535, 0.1402303462788017, 0.16754971325045329], [0.2767566834192955, 0.20093900987332458, 0.11876425739300292, 0.403540049314377], [0.20534487581269406, 0.4218653012112328, 0.20192750848234814, 0.17086231449372494], [0.15779735158300365, 0.39312116905416006, 0.24771573633883462, 0.20136574302400173], [0.21648485652387564, 0.2966922434197245, 0.2347739066458849, 0.25204899341051484], [0.1998072068385426, 0.36379195027859734, 0.12462564742766741, 0.31177519545519267], [0.5051500837174199, 0.271751609231435, 0.12034386508406637, 0.10275444196707884], [0.17984678318319583, 0.19822539442411166, 0.047391903204070066, 0.5745359191886226], [0.2214197240972244, 0.4308145033434061, 0.13249172406100687, 0.21527404849836276], [0.0985870396683244, 0.32881989508723586, 0.07085639724930498, 0.5017366679951349], [0.37001594832702, 0.29092881634447254, 0.1280823784891952, 0.2109728568393124], [0.19063689905369446, 0.4500478123486233, 0.16974979898753914, 0.18956548961014327], [0.2645314748272167, 0.23411170682559168, 0.16673742669454727, 0.33461939165264437], [0.17189683077548315, 0.1613536602404127, 0.1450341356400425, 0.5217153733440617], [0.34350786322439025, 0.32523702496393186, 0.12330821349669072, 0.20794689831498717], [0.2248949131965059, 0.25124769192902574, 0.2270302631155368, 0.29682713175893144], [0.15588715657252944, 0.5495584943526121, 0.0834014799616753, 0.21115286911318318], [0.259801020670633, 0.30684623239186803, 0.1683130434536308, 0.2650397034838681], [0.1334546631688916, 0.3690459589353629, 0.3307203103592578, 0.16677906753648755], [0.26813583721208545, 0.27766149222951403, 0.17888579784451022, 0.27531687271389027], [0.5105190452472694, 0.12216344700992963, 0.177258663754905, 0.19005884398789588], [0.20510177352826997, 0.346190229286542, 0.15823931053443066, 0.2904686866507574], [0.09452980651043333, 0.46870648818815913, 0.1837400333561272, 0.25302367194528014], [0.2628991612369798, 0.26102875347057725, 0.13648132798314805, 0.3395907573092949], [0.17515468981003898, 0.43581492132308625, 0.1769038412766871, 0.21212654759018754], [0.302302377227676, 0.299190672937604, 0.15143266581055476, 0.2470742840241653], [0.6633225020430615, 0.09789728245932171, 0.06328089660088188, 0.1754993188967349], [0.2546626876833638, 0.4359045008015973, 0.1243298011718198, 0.18510301034321908], [0.2730453092057019, 0.2257164247540503, 0.2156718900086855, 0.2855663760315623], [0.16318348756172682, 0.36180864328583606, 0.1907058044452059, 0.2843020647072313], [0.16208427906588824, 0.3885690179933897, 0.2839998415175476, 0.16534686142317465], [0.20713278512351754, 0.16720326567018895, 0.2667907502273593, 0.3588731989789343], [0.3542371669864945, 0.3917295769512432, 0.08788619151048721, 0.1661470645517751], [0.1279239191288782, 0.22966134550508735, 0.10440544613951537, 0.5380092892265191], [0.648368054652176, 0.1560205084330667, 0.06182272288429023, 0.13378871403046708], [0.2792070517983722, 0.29757285889217727, 0.14370837691433908, 0.2795117123951115], [0.20246076673584418, 0.221160238726783, 0.133564429641508, 0.44281456489586474], [0.22968689711658505, 0.3784431914526585, 0.1738180539026171, 0.2180518575281394], [0.170135875101683, 0.18356522635181557, 0.23582138334219685, 0.4104775152043046], [0.2428450621694064, 0.31376643495521583, 0.1537869568877529, 0.2896015459876249], [0.3514830391509487, 0.2559103139932846, 0.18960984082329121, 0.20299680603247552], [0.20177168743348867, 0.17557285938210615, 0.12971709809948767, 0.49293835508491757], [0.5868392791820675, 0.15757534404871185, 0.08400476629231317, 0.17158061047690748], [0.22726176401699807, 0.4695877771541885, 0.17152810958196085, 0.1316223492468526], [0.13584358681712216, 0.5755099163048171, 0.13012200479667327, 0.15852449208138733], [0.2055184327432047, 0.3560780356756304, 0.17760381325256872, 0.26079971832859644], [0.1674216380466996, 0.39993524114298046, 0.18788007196817907, 0.24476304884214084], [0.2855009775398067, 0.3208441522570891, 0.2027090015974487, 0.19094586860565543], [0.3289580702947063, 0.18021073970001208, 0.14382462414837544, 0.34700656585690626], [0.17808109512944345, 0.25414998701614344, 0.12373574772657583, 0.44403317012783733], [0.3246924713965449, 0.3239860246406855, 0.12483793668855261, 0.22648356727421698], [0.32684297978055454, 0.3116518488618427, 0.14534393755218622, 0.2161612338054165], [0.2558577910245819, 0.34414161145248506, 0.10970627920596274, 0.29029431831697056], [0.2740452346413046, 0.34171684762851134, 0.12187697630559621, 0.2623609414245879], [0.2129082141494645, 0.32594209240820976, 0.20847741107399306, 0.2526722823683326], [0.18150563898296146, 0.2805704059895202, 0.13799329742145144, 0.39993065760606716], [0.5574638834372521, 0.12635150235058246, 0.10961371023133895, 0.2065709039808266], [0.3439088576288761, 0.17898070074539021, 0.18406578004015497, 0.29304466158557874], [0.09434669983310967, 0.1907427820972153, 0.5873469076096677, 0.1275636104600074], [0.43264482877769767, 0.19366529902797158, 0.12645516255544528, 0.24723470963888547], [0.1721034236339638, 0.5493947988484363, 0.19297743368151263, 0.08552434383608734], [0.15297680450858794, 0.4380381295862327, 0.0974917964431635, 0.3114932694620158], [0.24456375486654333, 0.28417964605848806, 0.11365076905383387, 0.3576058300211349], [0.2874344288476013, 0.2031027787678016, 0.13769830317191153, 0.3717644892126856], [0.33330542060280693, 0.22966210906852477, 0.203859804649199, 0.23317266567946945], [0.3029796379275316, 0.36904688021774995, 0.09289383715728976, 0.23507964469742873], [0.1589578790007679, 0.3197066285677344, 0.08854610318614148, 0.43278938924535615], [0.3084563253833921, 0.13088914628534207, 0.0862772188054103, 0.47437730952585544], [0.1667514475728693, 0.39736207183816447, 0.1991807502968862, 0.23670573029208025], [0.19573063028654716, 0.37724108622640096, 0.23619431153689158, 0.19083397195016033], [0.22064449779509446, 0.228270717296825, 0.15174098698101976, 0.39934379792706093], [0.10170076170649192, 0.3018864156355907, 0.22254355665260006, 0.3738692660053174], [0.16924367083145878, 0.39358137624385836, 0.08481256222552863, 0.3523623906991543], [0.13411255073119144, 0.19754357315718635, 0.05492006282953729, 0.6134238132820848], [0.2937442074192661, 0.2424578286659635, 0.16227079771219113, 0.30152716620257947], [0.26225471113143983, 0.23591465375518245, 0.3049574942844995, 0.19687314082887827], [0.24323121766171016, 0.41709939014813374, 0.08372745358476143, 0.2559419386053946], [0.1707603799876297, 0.6102491666213274, 0.1135789918894936, 0.10541146150154913], [0.16176261812672998, 0.321799340953803, 0.19298394932720672, 0.3234540915922602], [0.23424328809158007, 0.19499267139952903, 0.340012228586013, 0.23075181192287814], [0.17363508095594246, 0.2003298074650451, 0.25200794366055435, 0.374027167918458], [0.3353695895330509, 0.20798935645133979, 0.17587052072039538, 0.28077053329521406], [0.2436373692796002, 0.4172036865402688, 0.12497278961724519, 0.214186154562886], [0.20851182094958093, 0.24016963101956482, 0.2636359245935865, 0.28768262343726775], [0.1678729582128604, 0.3477481175835869, 0.10210716049198804, 0.3822717637115649], [0.2397374486403981, 0.21130927577413283, 0.17064937487345794, 0.3783039007120111], [0.2431984550139708, 0.1942803135979101, 0.14093396017294027, 0.4215872712151789], [0.27779315497972457, 0.2960989457628293, 0.2795208424264816, 0.14658705683096465], [0.1746303652144944, 0.4433649701278703, 0.12578373703935988, 0.2562209276182754], [0.21368778373505773, 0.2500805219697961, 0.14702139016472016, 0.38921030413042595], [0.24002969487772277, 0.4266942855518049, 0.12630197566133033, 0.20697404390914206], [0.28739550329175323, 0.3895143839666641, 0.14726211067930534, 0.17582800206227722], [0.3580661391966501, 0.36093202057121393, 0.1360880530396466, 0.1449137871924896], [0.15397481080905676, 0.3885830933941342, 0.09960286218014064, 0.35783923361666853], [0.40260048646309027, 0.13141455003566205, 0.3460201301577211, 0.11996483334352671], [0.29722739623002875, 0.31839433791191324, 0.10828145270181593, 0.27609681315624224], [0.2322273522248687, 0.4291794669401849, 0.08348057482433872, 0.25511260601060765], [0.07057775154960955, 0.11570912005112796, 0.6740004049786861, 0.13971272342057642], [0.1308004462734587, 0.30205636747567294, 0.09859187914561554, 0.4685513071052529], [0.09968052847939082, 0.4557533009642045, 0.20642396951101752, 0.2381422010453872], [0.22643427788047643, 0.5520489816594676, 0.08249091588403214, 0.13902582457602383], [0.24772203105154783, 0.1800090815080008, 0.10671218492831921, 0.46555670251213227], [0.40194380702999305, 0.2246372254566056, 0.14528594501864886, 0.22813302249475245], [0.4003621911248422, 0.13191144428561688, 0.16191093759005082, 0.30581542699949016], [0.19560948788153637, 0.43037751297234045, 0.16638094556882288, 0.20763205357730033], [0.23481557524755195, 0.3153282860339971, 0.11932235695300472, 0.33053378176544607], [0.1880483660691996, 0.39604135534523316, 0.13325500800497067, 0.2826552705805964], [0.17426261093423714, 0.35382391663182206, 0.1643872615519536, 0.3075262108819875], [0.3274423199980014, 0.25929927222843663, 0.11167171496390531, 0.3015866928096566]]}}