{"test": {"ids": ["109117431", "108121351", "112120630", "113120830", "112119320", "107116300", "98110710", "111114941", "111119930", "113122320", "111120591", "104113170", "106111321", "111118910", "112116501", "109121351", "109121640", "98112300", "111121930", "105116650", "111120531", "108113740", "109118820", "108115070", "110120540", "111120540", "97106820", "110118701", "100111080", "106114321", "110114950", "106119580", "113120780", "113120601", "105119550", "111119300", "109117630", "101121640", "105116441", "99111620", "109119010", "97107681", "106114150", "103113210", "110117110", "108121160", "102109840", "112119120", "106114880", "105110091", "113118231", "103113101", "99116500", "98116090", "99105921", "107117630", "100109000", "98107210", "108120621", "106119990", "99111340", "103110760", "99109141", "113121010", "99108080", "101108580", "104111711", "110114651", "111120320", "111114321", "113119360", "103120531", "97107040", "103117200", "105112240", "100109311", "107121540", "111117200", "106118161", "112118581", "111114121", "110116300", "112121360", "109117110", "113118421", "111115780", "99111440", "97109570", "107120880", "110117140", "112117030", "100109910", "109119591", "109116810", "99107500", "108114040", "104119340", "104112201", "99107950", "100116790", "108115870", "98117740", "99112840", "111120640", "111116010", "98121790", "110115250", "100111270", "97116500", "101116130", "113120531", "101109370", "107114621", "104114240", "110114920", "105118740", "104111990", "106121190", "102110050", "110118740", "113122510", "100108990", "97105760", "98106560", "107118120", "103113270", "108119550", "111119290", "109117080", "102116340", "100117420", "110118810", "104112470", "110116501", "111116040", "109117730", "107121230", "103111620", "113122650", "111119430", "100112060", "109116930"], "labels": [1, 3, 3, 3, 1, 0, 2, 0, 1, 1, 1, 3, 0, 0, 3, 0, 0, 2, 1, 1, 0, 3, 3, 1, 1, 1, 1, 3, 0, 2, 0, 3, 0, 2, 1, 1, 0, 2, 1, 3, 3, 3, 1, 3, 0, 2, 2, 1, 0, 0, 3, 3, 2, 0, 1, 0, 1, 1, 1, 0, 1, 1, 3, 2, 3, 0, 1, 3, 1, 1, 0, 3, 2, 0, 1, 1, 2, 0, 3, 1, 0, 3, 3, 1, 3, 1, 3, 0, 1, 3, 2, 2, 0, 3, 0, 0, 1, 0, 1, 2, 3, 2, 2, 0, 1, 2, 1, 2, 2, 2, 0, 1, 0, 0, 3, 1, 2, 2, 3, 3, 2, 2, 0, 1, 3, 2, 1, 3, 1, 3, 2, 1, 1, 3, 0, 3, 0, 0, 2, 3, 2, 0], "predicted_labels": [1, 3, 1, 2, 1, 1, 1, 3, 0, 0, 3, 2, 2, 3, 3, 3, 0, 3, 0, 1, 3, 0, 3, 0, 1, 0, 3, 0, 1, 2, 0, 0, 1, 1, 1, 3, 1, 1, 1, 3, 3, 2, 3, 3, 2, 1, 1, 0, 2, 3, 1, 2, 2, 1, 2, 2, 2, 3, 0, 3, 2, 2, 0, 1, 0, 0, 2, 1, 3, 2, 0, 1, 2, 1, 2, 3, 1, 3, 1, 2, 1, 1, 0, 3, 3, 0, 0, 0, 3, 0, 3, 2, 1, 0, 2, 2, 3, 3, 2, 1, 3, 3, 0, 1, 1, 2, 3, 2, 2, 1, 1, 1, 1, 2, 1, 0, 0, 1, 2, 3, 0, 1, 2, 3, 1, 2, 3, 3, 1, 3, 2, 0, 3, 3, 3, 0, 3, 2, 1, 2, 2, 2], "confidence_scores": [[0.018075409266264365, 0.7786079917926642, 0.005799111439129373, 0.19751748750194204], [0.00015221044068046042, 1.7301768273193664e-09, 8.08866430024235e-06, 0.9998396991648424], [1.9549530747988484e-06, 0.9809761116873658, 0.008066933047568356, 0.010955000311990938], [3.0826008055609456e-05, 0.009367677737937287, 0.9853888284495771, 0.005212667804429984], [3.901375069054679e-12, 0.9803879031354906, 0.019596468850644037, 1.562800996385841e-05], [0.0002297004880975973, 0.9791455760993215, 0.01387601854816411, 0.006748704864416788], [0.005754739565366936, 0.9550108942182433, 0.0003007693515777688, 0.03893359686481223], [4.107545700839147e-09, 1.3922131202341579e-08, 2.139869247226278e-09, 0.999999979830454], [0.9994119363829566, 6.025831698338431e-05, 0.00048108634878778184, 4.671895127220671e-05], [0.5517923846780952, 0.3108524687939539, 0.13526385662320342, 0.002091289904747482], [0.00019813039482259847, 2.353627686205004e-05, 1.6220438528516252e-08, 0.9997783171078768], [7.26138248269647e-05, 0.002540767460392605, 0.997332158541151, 5.4460173629504577e-05], [0.03677848565037005, 0.031301422191891255, 0.9260489240068704, 0.005871168150868327], [0.3344314256440554, 0.0844213391772643, 0.0026143864549641096, 0.5785328487237162], [4.359425528047199e-06, 0.000785860514362826, 0.0022385365394508917, 0.9969712435206582], [6.275846730753185e-05, 0.0004104474736001257, 3.7111471892810354e-05, 0.9994896825871994], [0.998457511965311, 7.6086408116583e-05, 0.0014654418451444811, 9.597814278559312e-07], [0.10071892866783765, 0.012603334993536431, 0.0636610764486422, 0.8230166598899837], [0.9999531593293266, 7.268006688562335e-07, 4.065750703639247e-08, 4.607321249759931e-05], [2.0211221022987964e-05, 0.8349577368692256, 0.015761749004466825, 0.1492603029052846], [1.895513248645576e-09, 0.00038281951190073356, 1.5131511792515761e-05, 0.9996020470807936], [0.8410014281628541, 0.0004306342826223328, 3.03366095191467e-05, 0.15853760094500444], [0.0007032489475560117, 0.222741364724095, 0.028689194060091662, 0.7478661922682573], [0.9944321169706489, 0.00037215215661283457, 0.001006688090850692, 0.004189042781887497], [0.004489608757632519, 0.8126074607502297, 0.17456668196055453, 0.00833624853158336], [0.7162421852161444, 0.16092327740571022, 0.12283382441502033, 7.129631251169727e-07], [0.0448908429440075, 1.9982097954192357e-08, 2.2036761163407332e-05, 0.9550871003127313], [0.9986616484132047, 2.18131716883705e-06, 0.0013267576647649512, 9.412604861616411e-06], [1.1727872369509176e-07, 0.9996483225317278, 0.0003515416946930161, 1.8494855807187953e-08], [0.017127026578318594, 0.00012846221464456601, 0.9824928319223827, 0.0002516792846541951], [0.5113771618956786, 7.483677388923605e-07, 1.585030259039628e-05, 0.4886062394339921], [0.9996865943860529, 6.215426574642293e-05, 0.00024724220144899605, 4.009146751770875e-06], [5.0878223335746296e-05, 0.9998659673807345, 2.128480638183468e-09, 8.315226744893723e-05], [6.732619236356185e-07, 0.9952396940022729, 0.004759572421357355, 6.031444614080205e-08], [0.11298246695110983, 0.5002376868347794, 1.0582122950530699e-05, 0.3867692640911602], [3.4020276591029526e-07, 1.0232255970964747e-07, 1.2520363901494067e-05, 0.9999870371107729], [0.000413336271891189, 0.999562219774107, 2.1269101766375582e-05, 3.174852235474368e-06], [6.6801016285329355e-06, 0.9743623177814819, 0.010070794548596674, 0.01556020756829305], [0.0034900722416520776, 0.9813283597801623, 7.618247931032328e-06, 0.015173949730254573], [1.473670312441561e-05, 5.0237725783475244e-05, 4.847217095609063e-05, 0.9998865534001361], [0.002413145508935844, 0.036805591921046606, 0.00012237794028984632, 0.9606588846297278], [1.4653423190286175e-08, 0.0005175743516501554, 0.9993796725301886, 0.00010273846473824065], [0.000401724795324757, 0.33374805586175144, 0.09375816064163184, 0.572092058701292], [0.004717243483304954, 0.07438976749282374, 0.4171552742745321, 0.5037377147493393], [4.315488263454331e-05, 0.03967990009644236, 0.9602769427465243, 2.2743986692451278e-09], [0.38336790086791983, 0.5883165936462044, 0.0003586907444379699, 0.027956814741437772], [0.0014939462334937308, 0.5575347506189532, 0.4408627399474216, 0.00010856320013135756], [0.9997447545500106, 1.022896209891495e-05, 3.984413375369092e-06, 0.00024103207451502633], [3.511988882487979e-05, 0.1979838960628258, 0.8019808503334744, 1.3371487485216842e-07], [5.2769616346741035e-08, 0.00022389065111946737, 7.821769855627777e-07, 0.9997752744022785], [0.005357842922583602, 0.9946321685364955, 3.76620080733747e-08, 9.950878912771689e-06], [2.9363069291055925e-08, 5.358412416352848e-06, 0.9996671287084681, 0.0003274835160461164], [3.0542334276799866e-09, 1.2594635280973072e-05, 0.9999866649710755, 7.373394102406975e-07], [0.005515481427339833, 0.9924695619308466, 0.002014634613305917, 3.220285077395757e-07], [0.2428009112921292, 4.5840912685045224e-06, 0.7571941243460801, 3.8027052212121914e-07], [0.047146741541875675, 0.04996745583329692, 0.6047161577530166, 0.2981696448718109], [0.00016632495886886859, 0.14804358006505391, 0.851391478121187, 0.000398616854890275], [2.347504431545524e-06, 0.004973681605274319, 0.003968175320104866, 0.9910557955701893], [0.9950759923889935, 0.000824327710583013, 0.001279713507184808, 0.0028199663932387243], [0.0001034451870372584, 9.366911100118166e-05, 0.001157009657175043, 0.9986458760447866], [5.234769509777574e-09, 1.1688951294614743e-05, 0.9998959860422012, 9.231977173451219e-05], [0.0018051089838919507, 0.005128047407335269, 0.9531279322489026, 0.03993891135987017], [0.9826104610817522, 0.0022160825915470135, 0.013686429642004658, 0.001487026684696199], [5.382258713157418e-05, 0.9706130659323383, 2.753530687812145e-06, 0.02933035794984233], [0.9436992511559962, 2.2911349373457143e-06, 9.27644838646586e-05, 0.05620569322520196], [0.9973579421518838, 1.6356300498950723e-06, 0.0015765988553359252, 0.0010638233627302646], [0.014470710576422602, 0.048492773518601776, 0.9353865636410564, 0.001649952263919087], [0.03029776606179784, 0.944183335071905, 0.00010636259462069204, 0.025412536271676365], [0.03526612700328811, 0.0020914021239869574, 4.481894556334463e-06, 0.9626379889781685], [0.0005903361310502057, 0.010895236456716665, 0.9884845264808026, 2.9900931430414546e-05], [0.96979934099125, 0.013353510136383301, 0.00028218570641167585, 0.01656496316595499], [2.9426034349566813e-05, 0.9999644235289632, 9.060685423908167e-07, 5.2443681449392e-06], [0.0012657312316640221, 0.0012566301889090261, 0.7702261381778162, 0.2272515004016108], [0.1751620735784619, 0.7794029937437017, 0.0021361921741387467, 0.04329874050369768], [0.04615451423088581, 0.19175602866765057, 0.5633050017578266, 0.19878445534363706], [0.0006826066175323469, 0.0002618186739585523, 2.934309075742905e-06, 0.9990526403994334], [1.8759392440159045e-05, 0.8505976036521554, 0.021929869820001526, 0.1274537671354028], [3.510623010774567e-07, 0.01568198820409211, 2.5061750867519176e-08, 0.9843176356718559], [0.00017049054832245653, 0.8091303978573725, 0.1702591813611163, 0.020439930233188682], [7.710326731024929e-05, 0.00010302624846740628, 0.9990660010589265, 0.0007538694252956454], [5.885646967599045e-10, 0.9999850077518464, 1.4903874286122844e-05, 8.77853029487912e-08], [0.0008361281700098778, 0.9925940037578358, 0.005445136598401071, 0.0011247314737533303], [0.9990264684215894, 0.000945719765425638, 2.9519298046151472e-09, 2.780886105515364e-05], [0.00010233004766253907, 0.0003195744712378507, 0.000607766418638486, 0.9989703290624611], [0.1190355485238467, 0.25564203429280546, 2.1617038021710164e-06, 0.6253202554795456], [0.7882871635685241, 0.1765930343745032, 1.4344309180016192e-06, 0.03511836762605487], [0.9274416967349471, 0.004774433007353882, 0.006174465934354902, 0.06160940432334395], [0.6459564682556642, 0.3536593091945884, 1.6362789572387834e-06, 0.0003825862707901746], [0.038393807599371624, 0.06990086151080689, 0.009915209449958747, 0.8817901214398627], [0.7612142395692442, 0.11574820759565647, 8.992266370325027e-05, 0.12294763017139611], [0.006035129911193759, 0.23539614072777368, 0.003455240357878045, 0.7551134890031546], [1.53606377337453e-05, 1.2174335354898928e-05, 0.9999723456305321, 1.193963793810455e-07], [0.00013201639666251692, 0.9998675344189113, 4.3248473738248286e-07, 1.6699688789584685e-08], [0.826773740767946, 0.0009300082725696077, 5.750804185528917e-07, 0.1722956758790659], [4.7363876789984584e-05, 0.008658761785769105, 0.9864846653955838, 0.004809208941857187], [0.027786080072559567, 0.03811711878934734, 0.7541083904420571, 0.17998841069603608], [0.004277585753807693, 0.0008179179569491942, 0.0012666706088907303, 0.9936378256803524], [0.0291077831462782, 0.00012201784870016426, 0.0012235043974610082, 0.9695466946075607], [9.49316940099859e-11, 7.131939791830121e-05, 0.9996892828107317, 0.000239397696418382], [2.135166149588511e-06, 0.9981636226904163, 0.0015588301089592919, 0.0002754120344747751], [4.6593040259394325e-06, 9.189392763752241e-08, 0.010221781900010076, 0.9897734669020363], [5.068317507736747e-06, 7.865533619293465e-07, 0.00016687438688504314, 0.9998272707422452], [0.8565702599847834, 0.0037363624813265117, 0.0001963238032501337, 0.13949705373064009], [0.31904709061636444, 0.6798415821735458, 1.0082617900847452e-07, 0.0011112263839108342], [4.968192851287179e-07, 0.7718656922181758, 0.22811468070689483, 1.9130255644131205e-05], [2.327625646093223e-06, 7.649789631383157e-05, 0.9999106479112893, 1.0526566750716049e-05], [0.06706601898068884, 0.00385036069868616, 0.0018057298376876897, 0.9272778904829374], [1.4354203548253627e-08, 0.026439778769276508, 0.9735490022538074, 1.1204622712683194e-05], [0.040681684790854475, 0.3371788550960286, 0.6207630712866452, 0.0013763888264717633], [0.00011707174030979233, 0.601487351748945, 0.32298242490576834, 0.07541315160497686], [0.007028953444674703, 0.4387373664980429, 0.29063909395172366, 0.2635945861055587], [7.946060632694916e-06, 0.6939847514072439, 0.30579270267695613, 0.00021459985516714583], [0.186010770126203, 0.806047820072952, 3.8600104049580544e-07, 0.00794102379980445], [0.10333502459221561, 0.01800704762325528, 0.8784836355229385, 0.00017429226159059363], [0.0006266197864318098, 0.9993304408157051, 4.2937361345444424e-05, 2.0365177228434136e-09], [0.6579047548337117, 3.0389675660223783e-07, 0.3418343615571031, 0.0002605797124284924], [0.9995974503540315, 0.00016415130317413897, 0.0002383977662650296, 5.765292705873397e-10], [0.0020967757885172553, 0.9976008576044169, 5.859486575948757e-05, 0.00024377174130641943], [8.37545149571266e-05, 0.2860928786694389, 0.7138139588429344, 9.407972669527544e-06], [0.40484419195944027, 5.351152061407782e-08, 0.0006352314367489632, 0.5945205230922901], [0.9997618975358885, 3.623838227024274e-06, 9.029098178294401e-05, 0.00014418764410135113], [7.285149628228837e-07, 0.5966159654270912, 0.0022612978887357085, 0.4011220081692104], [0.006327731200860785, 2.1164710669557948e-06, 0.613517127054761, 0.38015302527331113], [0.0005158014696446797, 0.0019121047277512607, 1.7961499091718493e-07, 0.997571914187613], [1.6403609694064505e-07, 0.9985019360675509, 0.0002533731924141967, 0.0012445267039378704], [9.784986238641496e-07, 0.00016278519706303953, 0.5898074446900916, 0.41002879161422146], [1.6462784180072708e-06, 0.000344402819903094, 1.1139607233875458e-05, 0.999642811294445], [4.8375906816315065e-08, 1.4838391244099936e-05, 2.2701732581241044e-06, 0.999982843059591], [1.4680685235167807e-08, 0.9999925132740509, 9.850201395254869e-09, 7.462195062506723e-06], [6.951890974791641e-07, 0.00011018737301188663, 0.0038666594865128653, 0.9960224579513778], [1.8205984483558562e-13, 9.07560658197488e-07, 0.9999989924398582, 9.999930166897956e-08], [0.9203603939500745, 0.0022898068958105058, 0.06756981670231256, 0.009779982451802454], [4.7541221078970056e-05, 2.314489649980631e-09, 0.0002407758001045529, 0.9997116806643268], [0.004306872844337746, 6.265538175169678e-06, 8.559034385228119e-05, 0.9956012712736348], [0.010857452331380774, 0.002846957401003811, 0.0428383312627358, 0.9434572590048796], [0.9344176326506412, 0.0007245890232433217, 6.462773325723007e-07, 0.064857132048783], [0.00041004337989461513, 0.006236639775629047, 3.5676415633154063e-06, 0.993349749202913], [0.3579269272394162, 0.0014070807530769584, 0.6241015162479524, 0.016564475759554404], [2.202227401898214e-05, 0.9076393924830081, 7.369329928009473e-07, 0.09233784830998003], [1.26698187299844e-05, 0.00206615325433737, 0.7123111278482511, 0.2856100490786815], [0.003713069616185848, 0.00022870843177984286, 0.995597053438974, 0.0004611685130602778], [0.001450500829693102, 5.55010830521696e-06, 0.998542607499195, 1.3415628066203908e-06]]}, "rewritten": {"ids": ["97105760", "97106820", "97107040", "97107681", "97109570", "97116500", "98106560", "98107210", "98110710", "98112300", "98116090", "98117740", "98121790", "99105921", "99107500", "99107950", "99108080", "99109141", "99111340", "99111440", "99111620", "99112840", "99116500", "100108990", "100109000", "100109311", "100109910", "100111080", "100111270", "100112060", "100116790", "100117420", "101108580", "101109370", "101116130", "101121640", "102109840", "102110050", "102116340", "103110760", "103111620", "103113101", "103113210", "103113270", "103117200", "103120531", "104111711", "104111990", "104112201", "104112470", "104113170", "104114240", "104119340", "105110091", "105112240", "105116441", "105116650", "105118740", "105119550", "106111321", "106114150", "106114321", "106114880", "106118161", "106119580", "106119990", "106121190", "107114621", "107116300", "107117630", "107118120", "107120880", "107121230", "107121540", "108113740", "108114040", "108115070", "108115870", "108119550", "108120621", "108121160", "108121351", "109116810", "109116930", "109117080", "109117110", "109117431", "109117630", "109117730", "109118820", "109119010", "109119591", "109121351", "109121640", "110114651", "110114920", "110114950", "110115250", "110116300", "110116501", "110117110", "110117140", "110118701", "110118740", "110118810", "110120540", "111114121", "111114321", "111114941", "111115780", "111116010", "111116040", "111117200", "111118910", "111119290", "111119300", "111119430", "111119930", "111120320", "111120531", "111120540", "111120591", "111120640", "111121930", "112116501", "112117030", "112118581", "112119120", "112119320", "112120630", "112121360", "113118231", "113118421", "113119360", "113120531", "113120601", "113120780", "113120830", "113121010", "113122320", "113122510", "113122650"], "labels": [0, 1, 2, 3, 0, 2, 1, 1, 2, 2, 0, 2, 2, 1, 0, 1, 3, 3, 1, 3, 3, 2, 2, 2, 1, 1, 2, 0, 2, 2, 2, 2, 0, 1, 2, 2, 2, 3, 3, 1, 0, 3, 3, 2, 0, 3, 1, 2, 0, 1, 3, 0, 1, 0, 1, 1, 1, 1, 1, 0, 1, 2, 0, 3, 3, 0, 2, 0, 0, 0, 3, 1, 0, 2, 3, 0, 1, 3, 1, 1, 2, 3, 3, 0, 1, 1, 1, 0, 3, 3, 3, 0, 0, 0, 3, 3, 0, 1, 3, 3, 0, 3, 3, 3, 1, 1, 0, 1, 0, 1, 1, 0, 0, 0, 3, 1, 3, 1, 1, 0, 1, 1, 0, 1, 3, 2, 1, 1, 1, 3, 3, 3, 3, 0, 0, 2, 0, 3, 2, 1, 2, 2], "predicted_labels": [3, 3, 2, 2, 1, 2, 3, 2, 1, 3, 0, 3, 2, 0, 1, 2, 3, 0, 2, 0, 3, 3, 2, 2, 2, 3, 2, 1, 1, 2, 2, 2, 0, 2, 1, 1, 2, 2, 3, 1, 2, 2, 1, 2, 3, 3, 2, 2, 0, 3, 2, 2, 0, 3, 1, 1, 1, 0, 1, 2, 3, 2, 1, 2, 1, 3, 3, 3, 2, 2, 3, 1, 3, 3, 3, 1, 0, 3, 3, 0, 1, 3, 0, 2, 1, 3, 1, 1, 0, 3, 3, 1, 1, 0, 1, 1, 3, 0, 1, 3, 2, 0, 0, 0, 0, 1, 1, 0, 3, 0, 1, 3, 1, 3, 3, 3, 2, 0, 3, 2, 0, 3, 0, 0, 1, 0, 2, 0, 1, 1, 0, 1, 1, 0, 1, 1, 1, 2, 3, 0, 0, 3], "confidence_scores": [[1.7802305191536792e-08, 3.624478469689383e-10, 3.8351287323062145e-05, 0.9999616305479239], [0.002078940290162936, 0.001033753921067919, 0.27950709770236487, 0.7173802080864042], [0.0002794055431292224, 1.718391830473754e-05, 0.9988992233292634, 0.0008041872093025518], [2.8575737940658757e-10, 3.937747759350157e-06, 0.9999935496699847, 2.512296498725009e-06], [0.45884858195554257, 0.5410843771036329, 2.1602359247050046e-10, 6.704072480095924e-05], [0.04124433424034489, 0.00014442694687701103, 0.9575298438548966, 0.0010813949578812859], [0.00015584117674613836, 0.009521693249325032, 6.4377440842456095e-06, 0.9903160278298445], [5.4727036431603244e-05, 1.0249488554046224e-05, 0.9910512500702344, 0.008883773404779942], [0.12952752437856618, 0.7532405854568718, 0.0015380047204742657, 0.11569388544408776], [0.05608596860302852, 6.545189615787819e-06, 0.0038030405542964106, 0.9401044456530593], [0.6103669914700012, 0.30499514823770557, 0.0844047377966516, 0.00023312249564174878], [2.3744633289827355e-06, 1.5945767204149743e-06, 0.00012808419572808526, 0.9998679467642225], [0.0020334274111290514, 6.716307276863894e-05, 0.9976630004254619, 0.00023640909064033406], [0.9980025060242981, 6.009159741538033e-06, 0.0015898931922169914, 0.0004015916237433399], [8.570806429136478e-11, 0.54710648752088, 0.0026380359981530367, 0.4502554763952591], [8.302861801696869e-09, 0.0018543347837653205, 0.9949054648836416, 0.0032401920297311262], [0.12594236944443937, 3.688055543022108e-07, 1.8257948366045347e-05, 0.8740390038016403], [0.9984545486494601, 0.0010749828653106312, 0.0004694038040596704, 1.0646811695721127e-06], [0.0013145460822875537, 0.030902344992624783, 0.9677293882316496, 5.372069343809657e-05], [0.9173572673913596, 0.03331940315056318, 0.0004249975568247448, 0.04889833190125265], [7.409804077783355e-09, 8.838543743178423e-07, 2.0654886428410382e-05, 0.9999784538493932], [0.01141825168413923, 0.0030817383087981985, 0.0012346410772858627, 0.9842653689297768], [3.014386807329958e-10, 0.010785879441508087, 0.9892140814759792, 3.8781074006994234e-08], [2.3739051294565284e-08, 0.04839796097646356, 0.9451078216824028, 0.006494193602082442], [0.0013597770138954314, 0.0067296122197612225, 0.9919105193004253, 9.146591813166358e-08], [0.0036533798083022606, 0.00934418769018682, 0.030770934637443292, 0.9562314978640676], [0.004375709762018498, 0.0002824852635516137, 0.9952775202879106, 6.428468651919301e-05], [1.7775845397018547e-08, 0.999552070319121, 0.00035367228760041215, 9.42396174331635e-05], [1.3087644082220128e-09, 0.8721852227904245, 0.12748974999168772, 0.0003250259091233671], [0.15164689936976372, 0.0014102345270060252, 0.8350381807304984, 0.011904685372731844], [0.0720521183239858, 0.06318278460718994, 0.8647523242792737, 1.2772789550609287e-05], [4.225411638373783e-12, 0.00010274916980964146, 0.9997257201577281, 0.00017153066823687114], [0.8430248360390354, 1.3739599986189328e-07, 0.0044051441713690055, 0.1525698823935958], [3.276746316101107e-05, 0.01059258970028771, 0.8592292733376529, 0.13014536949889846], [0.0006905566334056179, 0.9838368095624493, 0.004595505930482466, 0.010877127873662528], [0.00032977329178088635, 0.5160862175002223, 0.02523464454668868, 0.45834936466130816], [0.0008189270110242059, 0.08960654685995713, 0.904762001187113, 0.004812524941905523], [0.0008657286311981249, 0.020766559513941765, 0.9777459960637868, 0.0006217157910733943], [0.0006644857688549423, 0.0034996732868447875, 0.012364034170701206, 0.9834718067735991], [0.031095639625402356, 0.595731986898024, 0.36854378845396024, 0.004628585022613331], [0.001252483810676243, 4.786303526761488e-06, 0.9479652218239408, 0.050777508061856026], [5.121049205546937e-05, 0.007313849731902582, 0.9912242607213029, 0.0014106790547391572], [4.026106281065038e-06, 0.838522092516767, 0.1604195411393606, 0.0010543402375913138], [5.2782169531639693e-08, 0.004383490009118472, 0.881184202955446, 0.11443225425326607], [0.13193564352132703, 0.002948962777718535, 1.532537763842677e-06, 0.8651138611631907], [0.012003523830421805, 0.06376353324584684, 0.00020790632046894747, 0.9240250366032625], [0.014041300174155261, 0.03404253192672097, 0.9277658548287298, 0.024150313070394124], [0.002025153910635916, 2.3818085774531525e-05, 0.997951018464744, 9.538845564755656e-09], [0.8262164349095135, 0.03113517135946534, 3.901228104719379e-07, 0.1426480036082107], [1.2268928153532343e-06, 6.29614635864521e-05, 4.070207413820558e-08, 0.999935770941524], [0.0001636224256778592, 0.002616832855561561, 0.9972087259974213, 1.081872133919242e-05], [0.05564321856969089, 0.09126349834354798, 0.8439799544693417, 0.009113328617419298], [0.9368778908060575, 8.02148689596238e-06, 0.001097417372829387, 0.06201667033421714], [1.4819621907015842e-10, 0.00013870231178750016, 4.352744345301085e-08, 0.9998612540125728], [2.360399888781195e-06, 0.9985103900623936, 0.001335258409161707, 0.0001519911285561327], [0.18512870727710495, 0.8147907667786113, 8.052261253118335e-05, 3.3317525507337917e-09], [1.3766224389964953e-06, 0.9986438511874132, 0.0001953879733341088, 0.0011593842168139087], [0.9998691086819947, 2.3636316122911927e-09, 0.00013019401088486122, 6.949434886913177e-07], [0.031571536239636024, 0.5979668458595145, 0.00011788709820768998, 0.37034373080264177], [0.04440803040631729, 0.10479766342834734, 0.8479666068515717, 0.002827699313763793], [0.015706956883293842, 0.011454427472083173, 0.0614606676653192, 0.9113779479793038], [3.5044700287905435e-05, 0.06195848231101236, 0.9379555467852116, 5.0926203488117734e-05], [1.4848666704709603e-08, 0.9016725304156433, 0.09832737985075762, 7.488493252547873e-08], [0.00028140954964868143, 0.0003807119930286239, 0.999220769210459, 0.00011710924686363325], [0.4466557938448497, 0.5195883428791314, 0.03079604694088931, 0.0029598163351296667], [1.1410181670426648e-11, 2.2339377854166734e-06, 3.2868030328637955e-05, 0.9999648980204757], [0.0017478887337178104, 0.0025522735458378297, 0.006843359208494316, 0.98885647851195], [2.824696179208823e-05, 0.04378704841616203, 9.131058738659676e-10, 0.95618470370894], [0.030664191232177885, 0.27452654951060557, 0.565823848496684, 0.12898541076053252], [0.001497611972801359, 0.18436550214090444, 0.45986468958969695, 0.3542721962965972], [1.2559853888253988e-07, 2.5007916681334673e-05, 1.682781465848932e-05, 0.9999580386701212], [0.05062874744882106, 0.93163071993363, 0.016641682543097853, 0.0010988500744509402], [0.0014801002987902595, 0.02517053645842691, 4.166201123516026e-05, 0.9733077012315476], [0.00010961534039197924, 0.25849938640213216, 8.692900633456903e-05, 0.7413040692511412], [0.05710494023584683, 0.05692767631451781, 0.0001839581855533358, 0.885783425264082], [6.854319018752581e-05, 0.6381869818159511, 0.3615926593315585, 0.00015181566230265634], [0.9996838832747087, 6.080038717862937e-06, 5.751750408634938e-06, 0.0003042849361648557], [1.9176353250875763e-05, 1.808867506389373e-06, 0.23630648056982795, 0.7636725342094148], [1.8861891174761973e-06, 0.4037034715121251, 1.097839374950207e-05, 0.596283663905008], [0.9991737784512216, 2.3083418234539648e-05, 4.083965062591789e-06, 0.0007990541654812101], [0.0750372303753323, 0.9228677787175074, 0.0003011746711691057, 0.0017938162359913067], [5.938678016239511e-05, 5.388134205924043e-10, 4.658691081288859e-06, 0.9999359539899428], [0.7392181156339642, 0.05901707876705025, 2.6257851940829914e-07, 0.20176454302046612], [0.00010729502975438682, 1.7401856466428687e-06, 0.999884816404163, 6.148380435845386e-06], [6.911385626929903e-10, 0.9999998596855965, 2.7889852471904033e-09, 1.3683427957895803e-07], [0.0003778882799727094, 0.00395261498445091, 0.0601554904926109, 0.9355140062429654], [0.0034007351851899994, 0.9403543730996974, 0.00015627368906304183, 0.05608861802604944], [7.31938641690774e-06, 0.9968090088278135, 4.5426691974211823e-07, 0.0031832175188499456], [0.9964058808582187, 0.003582419146882023, 7.062674596942442e-08, 1.162936815340878e-05], [0.00022720776111554984, 0.0009700683928828287, 8.904552388559761e-05, 0.9987136783221161], [0.04142207764611937, 0.0005416583985027446, 0.0007142432415724513, 0.9573220207138056], [0.0002986016627887969, 0.9983529945076883, 0.0007327243432975686, 0.0006156794862253554], [5.7133972376131474e-05, 0.9842158739442386, 6.491101628599682e-07, 0.01572634297322256], [0.9198210565105893, 2.9395900148122014e-06, 0.08011175604561675, 6.42478537790853e-05], [0.00010952235658325718, 0.6673037041092079, 1.2431384435676157e-07, 0.33258664922036446], [8.548869537719418e-06, 0.9998351884060028, 0.00015613075925536568, 1.3196520414903286e-07], [0.03696879253213603, 6.836505099140478e-06, 1.7863672655877062e-05, 0.9630065072901088], [0.62076737879182, 0.14737984395774328, 0.0003851195584912713, 0.23146765769194555], [0.0017332745620978183, 0.9809459874371101, 0.013453443657609162, 0.0038672943431828843], [0.00015721300866116224, 4.6361589882006494e-05, 0.002517685578719517, 0.9972787398227374], [0.02438740264755111, 0.06557338949517551, 0.9100391932762054, 1.4581068000921062e-08], [0.39090840565948476, 0.23812080758936388, 0.0002659581881701629, 0.37070482856298115], [0.9951722384609635, 0.00045747285813820096, 0.004300399179169732, 6.988950172850342e-05], [0.9304980102697717, 1.5722819322460898e-06, 0.007337113442281452, 0.06216330400601448], [0.9610613763643799, 7.293052255235039e-08, 0.003439123846508057, 0.03549942685858976], [0.19871672280433286, 0.5579574849452997, 0.24330119215434148, 2.4600096025808373e-05], [7.272619403273846e-11, 0.9999998345245721, 4.747930450957883e-08, 1.1792339718964594e-07], [0.5724545260387783, 0.3827190137024673, 0.04482430924553158, 2.1510132226634146e-06], [2.1886821903019605e-10, 8.567947892721886e-13, 3.3772239359260197e-08, 0.9999999660080356], [0.9787429404461749, 0.02088880125699076, 9.569635733306791e-08, 0.00036816260047702103], [3.754316176927796e-07, 0.9908630729503005, 0.009134555581613477, 1.996036468321389e-06], [0.00058323856662247, 0.004783395163935548, 0.018395193878684126, 0.9762381723907578], [3.919152104999737e-08, 0.8603412605408116, 1.9553596414570124e-06, 0.13965674490802604], [0.005488209661425503, 0.35997504197024344, 0.0001266792037734995, 0.6344100691645574], [3.176425955657988e-07, 0.015297434696151637, 0.04208689312545032, 0.9426153545358026], [1.9360229823486923e-05, 8.469436868898193e-07, 5.2582561027748264e-05, 0.9999272102654618], [1.598794155690582e-07, 0.00014330049676824683, 0.9702642452759845, 0.029592294347831543], [0.9351436224489996, 0.020021471852136027, 0.0020494877839983823, 0.042785417914865884], [0.17192271262401207, 0.002820251241330466, 0.010094307528351188, 0.8151627286063063], [1.1251985394267206e-07, 0.0758146473122606, 0.529372782198885, 0.3948124579690006], [0.9972656469349293, 0.0015108072386640016, 0.0012235364904474402, 9.335959514012546e-09], [7.400533490674088e-06, 1.3571641513929818e-09, 7.73560465442968e-09, 0.9999925903737406], [0.9681622866683256, 0.03183716349832645, 2.2061678037282906e-07, 3.2921656756861086e-07], [0.9979714449011503, 4.054479388500769e-06, 3.3079052779385533e-06, 0.0020211927141832956], [9.875855156038376e-12, 0.9823489768909921, 4.417183104136739e-05, 0.017606851268090487], [0.919410840412855, 0.009411406453529716, 0.029911635208595487, 0.04126611792501994], [0.16379017636564186, 0.010015203228338066, 0.4341410173286408, 0.3920536030773793], [0.9895793211471897, 0.00015403570150125786, 0.010266380575224889, 2.6257608424367735e-07], [3.584145414644105e-10, 0.7758628436674684, 0.22261613517710813, 0.0015210207970091146], [3.7194367606962104e-09, 0.788569427139344, 0.0025441611084550102, 0.2088864080327643], [0.9966103377096182, 0.0033895609055849198, 4.378655668992475e-08, 5.759824033062554e-08], [0.39517409190845393, 0.6048217049949309, 4.1342811467868997e-07, 3.789668500454738e-06], [0.00025854091166691533, 0.9994807435921503, 4.344166905881354e-09, 0.0002607111520157677], [0.999882644080811, 3.175248407577196e-07, 6.994329779425009e-05, 4.709509655401262e-05], [0.000589394705106586, 0.9407593728922883, 0.002084545843679064, 0.05656668655892591], [1.4076244794769194e-09, 0.9999828447200715, 1.6737298584304206e-05, 4.165737197522406e-07], [0.00034573525270902066, 0.9874943507530729, 9.883445037572164e-08, 0.012159815159767828], [9.835185535666526e-07, 0.13066130260241232, 0.8410672927133261, 0.02827042116570797], [0.00063102624142778, 0.11496162880238113, 0.0022400487883582356, 0.8821672961678328], [0.9979103481146521, 0.00020297242799166492, 8.781408045001192e-05, 0.0017988653769064288], [0.9950336176460224, 2.060392653642581e-05, 0.004438932637339953, 0.0005068457901011914], [4.4538680670458246e-11, 0.03392668817110209, 5.044280207366678e-06, 0.9660682675041518]]}}