{"test": {"ids": ["112118581", "108115870", "98108580", "111116411", "106117770", "113119300", "98111231", "111119580", "110115890", "100117420", "107119390", "101110150", "102113350", "105113260", "109117110", "98108370", "105116650", "109120540", "113122160", "100113370", "110117110", "110114610", "107116340", "105121190", "104113380", "99108520", "109119010", "101108370", "103111620", "97106820", "99108310", "106117790", "102121440", "113118690", "105117351", "107113550", "100111270", "112120640", "104114740", "106113190", "104119290", "110120190", "110118450", "97113900", "113119360", "97107260", "100113210", "101112690", "104114240", "108114180", "105113330", "113118630", "107121540", "107114321", "109115380", "112116540", "113121410", "109118161", "108115250", "113120540", "99107560", "101112540", "106121190", "105113440", "113119700", "97112170", "97112830", "111120531", "102114270", "99112641", "110118701", "110118121", "99117740", "98116940", "112116810", "112116900", "107113200", "110121500", "109113881", "112117030", "106120640", "106114321", "103111110", "108118520", "99109860", "98112580", "104111880", "108115070", "103112641", "113117401", "110116501", "112120540", "110118740", "111120190", "110113591", "107120260", "103113101", "105115900", "113122170", "106118520", "111115400", "111117120", "101108580", "112121430", "98107380", "111116040", "103110050", "101109120", "104111531", "112119580", "112116850", "101111990", "105117431", "100108990", "106118820", "108114270", "110118930", "105113210", "106117650", "110118630", "97107040", "98112300", "99109840", "110117140", "101109370", "99110730", "107119130", "103111170", "111119950", "102112250", "112120670", "103113270", "108115570", "104111990", "107114140", "98116500", "105119550", "111115770", "111116010", "105110251", "110121140", "108118810"], "labels": [1, 3, 0, 0, 0, 1, 1, 3, 2, 2, 2, 1, 3, 3, 1, 1, 1, 1, 3, 3, 0, 1, 3, 2, 1, 2, 3, 1, 0, 1, 2, 1, 2, 3, 0, 0, 2, 0, 2, 0, 1, 3, 0, 2, 0, 2, 0, 1, 0, 1, 3, 3, 2, 0, 3, 1, 0, 0, 1, 3, 1, 2, 2, 0, 0, 0, 2, 0, 3, 1, 3, 3, 2, 2, 3, 3, 0, 3, 0, 2, 3, 2, 3, 0, 2, 2, 3, 1, 3, 3, 3, 3, 3, 3, 0, 1, 3, 3, 1, 2, 0, 2, 0, 2, 1, 0, 3, 1, 0, 3, 0, 2, 1, 2, 3, 3, 1, 3, 1, 1, 2, 2, 2, 3, 1, 3, 1, 2, 0, 0, 2, 2, 3, 2, 2, 2, 1, 3, 1, 0, 3, 1], "predicted_labels": [1, 0, 1, 3, 3, 3, 0, 0, 1, 3, 3, 3, 3, 3, 1, 3, 2, 1, 3, 3, 0, 0, 3, 1, 3, 2, 3, 3, 3, 3, 1, 1, 3, 3, 0, 3, 0, 0, 2, 3, 0, 3, 1, 3, 3, 0, 3, 3, 3, 1, 3, 2, 1, 3, 1, 3, 3, 1, 3, 1, 1, 1, 1, 1, 1, 3, 3, 0, 3, 0, 1, 1, 0, 3, 1, 0, 3, 0, 0, 1, 1, 1, 0, 0, 2, 0, 3, 1, 3, 3, 3, 1, 0, 1, 0, 0, 1, 0, 2, 1, 1, 1, 0, 3, 3, 3, 3, 0, 3, 0, 1, 2, 2, 1, 1, 0, 1, 3, 1, 1, 2, 3, 2, 3, 2, 1, 3, 3, 0, 3, 1, 2, 3, 1, 1, 0, 2, 0, 1, 1, 0, 1], "confidence_scores": [[0.2226160372002983, 0.725639332900416, 0.05149810319136199, 0.00024652670792363476], [0.8862258453767224, 0.0006455045074104578, 0.00010217123892087443, 0.11302647887694632], [0.019885028194080168, 0.6991350885605142, 0.07460011949843613, 0.20637976374696948], [0.0025328503733624396, 7.430318353347276e-06, 0.00035619624363969455, 0.9971035230646444], [0.06409324887405196, 0.07163649121434873, 0.0778056628066533, 0.7864645971049461], [0.2562010773262825, 0.0629267206787829, 0.032001897134963035, 0.6488703048599715], [0.775162812379613, 0.09869718956919422, 0.07527654361849459, 0.05086345443269812], [0.8533877448248197, 0.019342566871840095, 0.0016187490838337096, 0.12565093921950635], [0.052167694335735725, 0.840920392452535, 0.10679401729530427, 0.00011789591642496064], [0.0034780000533311136, 0.15607791738921833, 0.19635704451577005, 0.6440870380416804], [0.001972708458749755, 0.4354486907126597, 0.05818071015148966, 0.5043978906771008], [0.23075378602405133, 0.3298089358851932, 0.020710726322676162, 0.4187265517680793], [0.0016023858993988542, 0.30488868066668723, 0.06687502668093606, 0.6266339067529779], [0.002387042927705329, 0.0446552174326125, 0.0005143586767560936, 0.9524433809629261], [0.00025559766043870995, 0.7254231117802704, 0.00010480612109867585, 0.2742164844381922], [0.27975702271966757, 0.02374365880052756, 0.012441606341141914, 0.684057712138663], [0.023500420894442355, 0.048776799587448835, 0.9210934664553632, 0.006629313062745727], [0.11516557496455022, 0.7589077160458144, 0.11977126576161212, 0.006155443228023256], [0.26268931063522916, 0.16129248001026142, 0.005070673532942203, 0.5709475358215671], [0.016102675858873133, 0.12313482144473571, 0.03577607104467147, 0.8249864316517197], [0.8156469523993158, 0.12708620714808605, 0.001924235966640009, 0.05534260448595784], [0.5350634748381317, 0.25048496350572885, 0.1748640665544418, 0.03958749510169772], [0.292120693291373, 0.08593694765887622, 0.003559206728286436, 0.6183831523214642], [0.013039105918701435, 0.6239308213215691, 0.3309197543237302, 0.03211031843599931], [0.0602153810195121, 0.005307679670238754, 0.0008934894956022448, 0.9335834498146468], [0.02090940316497669, 0.08333510910235783, 0.8945706181548925, 0.0011848695777731115], [0.018434683397339283, 0.059303174918524555, 0.024450499807634852, 0.8978116418765013], [0.2168446532190391, 0.002365701600679832, 0.0011715325962494336, 0.7796181125840316], [0.015199376523822816, 0.015272590471702418, 0.0002345991882237587, 0.969293433816251], [0.31404021525642023, 0.009956697551588673, 0.0018442124472021382, 0.6741588747447889], [0.2757685680550134, 0.72037648149442, 0.0031599598997049906, 0.0006949905508614756], [0.03128477901495944, 0.65716768041869, 0.0014380096273810085, 0.3101095309389694], [0.16643461213256164, 0.2030077817391887, 0.2311014422838485, 0.3994561638444012], [0.002971744715033725, 0.18232423384974764, 0.003373410023932854, 0.8113306114112858], [0.47739686802615383, 0.32587777630417986, 0.007592974232448599, 0.1891323814372176], [0.0025672257671102102, 0.19126380357477804, 0.04384182731934539, 0.7623271433387664], [0.7767004980321979, 0.031745434216728194, 0.06897198089278464, 0.12258208685828932], [0.991092081274637, 0.0002885606512822759, 0.003654302395637235, 0.004965055678443405], [0.02238908364422252, 0.307410149494118, 0.4324598851891865, 0.23774088167247295], [0.026325360552848155, 0.09289946474138491, 0.19998159825884082, 0.6807935764469262], [0.5104255687712931, 0.4516199902602216, 0.024972591492818497, 0.012981849475666734], [0.00019607421410308806, 0.00890184730099623, 0.0038155426060729543, 0.9870865358788278], [1.961766382239846e-05, 0.9980033978454947, 0.0019420765509336774, 3.4907939749203886e-05], [0.18246861661172378, 0.061369384069118155, 0.12583889472607085, 0.6303231045930872], [0.00014031478984205767, 0.001875361673118775, 0.0002891812914834635, 0.9976951422455556], [0.6853198771490834, 0.1504350763990553, 0.16301133365733747, 0.0012337127945239426], [0.0382630535410169, 0.07500960540342308, 0.020191918208936784, 0.8665354228466232], [0.07100382360539279, 0.0010051537189595713, 0.0028103464266798304, 0.9251806762489678], [0.352502415531932, 0.004871976895757935, 0.034661119342133645, 0.6079644882301765], [0.22057703197384362, 0.6784618902413427, 0.07951501503504499, 0.021446062749768558], [0.009026470415486796, 0.0394289758446304, 0.0005171246299791292, 0.9510274291099037], [0.04207111479106876, 0.226536447796621, 0.4911613287223885, 0.24023110868992176], [0.011176001384327687, 0.8236865812041351, 0.09187052423730195, 0.07326689317423538], [0.30062408344971064, 0.24820174088906902, 0.00036318369639346877, 0.450810991964827], [0.05976520792341686, 0.8695839077390275, 0.043338026977457374, 0.0273128573600984], [0.0030154964415705253, 0.12369971278043825, 0.016283160376389265, 0.857001630401602], [0.011134813160908894, 0.010709361329127897, 0.000304795286395774, 0.9778510302235675], [0.0027045920976209456, 0.9692159282978212, 0.00011105177410882258, 0.027968427830448925], [0.035936147748801626, 0.0003389675015598305, 0.09481850285241929, 0.8689063818972191], [0.2379260196362622, 0.6878785575071547, 0.07382118571093754, 0.0003742371456455514], [0.05784958219061513, 0.9413919021381423, 0.0007352450764265879, 2.3270594815966893e-05], [0.0002161506142875001, 0.9351711972552177, 0.06337638042199793, 0.001236271708496973], [0.00029493933963221426, 0.7930151046592193, 0.017397618749461607, 0.18929233725168693], [0.0030377945282415012, 0.9575920852490584, 0.0375300259752649, 0.0018400942474351455], [0.1728012230967362, 0.7827833406427411, 0.011000667744349792, 0.03341476851617276], [0.12002128182823837, 0.008093564284484909, 0.0059380006424806266, 0.8659471532447962], [0.021458293208716155, 0.0694157652505279, 0.11716927614455741, 0.7919566653961986], [0.5516755772780755, 0.0017040194393554652, 5.009223766945372e-06, 0.4466153940588021], [6.629400703458972e-05, 0.4478763769888709, 0.02749520182574365, 0.5245621271783508], [0.8819657467657647, 0.10394635655946083, 0.00199922402636591, 0.012088672648408558], [0.20187270896178808, 0.7179312201936742, 0.0010985283350981763, 0.07909754250943961], [0.0014478976190117868, 0.5469590728385134, 0.0011279324971482834, 0.45046509704532645], [0.9253649362001489, 0.01970488514530338, 0.0449515647774757, 0.00997861387707202], [0.28584369383987557, 0.2226314663886781, 0.0746942055100274, 0.416830634261419], [0.06408963181451235, 0.6400431555907411, 0.25204664276304123, 0.04382056983170532], [0.5158368627777458, 0.011590469391392388, 0.10438025873949162, 0.36819240909137024], [0.004613809103519717, 0.0034000193951114997, 0.00019151047079411587, 0.9917946610305746], [0.8422701983992955, 0.14308626385514633, 0.00012441867561693086, 0.014519119069941288], [0.832887626179223, 0.0016061614335495119, 0.1643631999078185, 0.0011430124794089172], [0.0007821119466919591, 0.9051771964065595, 0.04510813055917196, 0.048932561087576674], [0.004229439844138095, 0.9854780328584651, 0.009960525268292306, 0.0003320020291043269], [0.022813335161164086, 0.9768609085469132, 0.00012673621611040853, 0.0001990200758124354], [0.8852608716576704, 0.00039757999801496875, 0.002757629713974299, 0.11158391863034013], [0.9922508937053569, 0.003739028234712774, 0.0013872386413363784, 0.002622839418593908], [0.0006842791350281428, 0.21257179492039396, 0.7792344007557147, 0.007509525188863246], [0.7687357659846906, 0.01268453638421986, 0.0025126652114908984, 0.2160670324195987], [0.0003225445090885532, 0.022631668640637932, 0.008637052041825848, 0.9684087348084476], [0.018150924166596114, 0.9817836694221136, 4.87555411143919e-05, 1.665087017571434e-05], [0.01613467990215233, 0.10081272559412827, 0.0058141879389528766, 0.8772384065647665], [0.0015944880964212284, 0.30158397408756155, 0.0024444479324893693, 0.6943770898835279], [0.0016067299600213839, 0.28225452324681904, 0.0024066861955381364, 0.7137320605976214], [0.004321882909018685, 0.9951854681497164, 0.0004847448888733729, 7.904052391496248e-06], [0.9598544761984751, 0.035930856818894304, 0.0009481769213076309, 0.003266490061323053], [0.18178902491281457, 0.2966483643991528, 0.2942532542732318, 0.22730935641480074], [0.9807942604165935, 0.01631030946191866, 0.0004924317274457549, 0.002402998394042006], [0.502206050813672, 0.4224493212061496, 0.007794177275356655, 0.06755045070482171], [0.0025962617162477403, 0.5057677432444732, 0.09205681900389301, 0.3995791760353862], [0.5141744982104819, 0.020405888812509432, 0.0011567182157336208, 0.4642628947612751], [0.0008761330912771892, 0.0011097497948755056, 0.993570738382935, 0.004443378730912168], [0.000705883110824737, 0.6949261317230213, 0.30043898900964244, 0.003928996156511581], [0.16448459768251625, 0.6641954140775655, 0.00995270553867723, 0.16136728270124087], [0.011247510828632063, 0.9883561342761641, 0.00032383061282579813, 7.252428237803729e-05], [0.9973560461810711, 0.000135500405816258, 0.0022160254625405882, 0.00029242795057179944], [0.02229274854839306, 0.07928063655282698, 0.2371198841624297, 0.6613067307363503], [0.008160419128654289, 0.0007826188607562409, 0.4310282377812187, 0.5600287242293708], [0.018292892283435846, 0.001904334143548414, 0.0005776410507754598, 0.9792251325222403], [0.10486443051395346, 0.4079893084822091, 0.04708854994294622, 0.4400577110608912], [0.8601915966787842, 0.014479829599198189, 0.003724965749925571, 0.1216036079720921], [0.007285507652748168, 0.115717818236006, 0.012723566845001573, 0.8642731072662442], [0.9999304839417131, 1.0033629529202251e-05, 7.371292576091694e-06, 5.211113618157758e-05], [0.00038897705193534116, 0.6601205690931939, 0.0003807515565175445, 0.33910970229835335], [0.03236683001729145, 1.8150682283277145e-05, 0.8077909774368592, 0.1598240418635662], [0.03363844662042502, 0.39064114871814354, 0.5694877459284183, 0.006232658733013084], [0.028921718924046793, 0.8111100675751601, 0.15281533257734142, 0.00715288092345164], [0.004286534928329881, 0.8497374757806659, 0.03836841503462567, 0.10760757425637842], [0.5824021522480646, 0.13781117016532207, 0.16285312327951787, 0.11693355430709543], [0.00012045088256019897, 0.9464650245037456, 0.02397815551886499, 0.029436369094829374], [0.023727502261050592, 0.0004173670572486355, 0.0003711570294253866, 0.9754839736522755], [0.2101692079386509, 0.5744906303498692, 0.1755521644993089, 0.039787997212170856], [0.07565574046315741, 0.6088649717495396, 0.29756237341274505, 0.017916914374558085], [6.461183229962533e-05, 0.0008785999005010438, 0.9893261512772248, 0.009730636989974565], [0.16504545875704912, 0.00041036428049225754, 0.04517128253961902, 0.7893728944228396], [0.0012915924706278963, 0.01984801739483375, 0.9581231500684798, 0.0207372400660586], [0.12800059622208854, 0.24662698242376313, 0.02603382323904557, 0.5993385981151027], [0.11773063225395623, 0.13089849703109496, 0.749464063880941, 0.00190680683400781], [0.00018521360864050889, 0.6131424436034466, 0.06362913328552375, 0.3230432095023891], [0.0005404996228412304, 0.29752251432037435, 0.003126485824706853, 0.6988105002320776], [0.3194056397567039, 0.027012338899702365, 0.012474200726402056, 0.6411078206171916], [0.9658212692011928, 0.010377124275214507, 0.0015138009248168755, 0.022287805598775634], [0.24057593983204864, 0.000572682697798997, 0.00995892325847288, 0.7488924542116794], [0.03508136549305981, 0.8561601355391402, 0.04767356888862022, 0.06108493007917994], [0.28281689239784114, 0.3003683571356204, 0.33674325622407386, 0.0800714942424647], [0.002099903975040886, 0.12623706704848825, 0.24362037244951984, 0.628042656526951], [0.021291251384929807, 0.7725421888985015, 0.2045558808374203, 0.0016106788791485046], [0.0008952342018816394, 0.9517766485877395, 0.043498195937655644, 0.003829921272723216], [0.7517707053722452, 0.003103555863237646, 0.017877075686368458, 0.22724866307814867], [0.05096468486777188, 0.1937320421594901, 0.5870136251403808, 0.16828964783235723], [0.747064874772399, 0.02886825142802334, 0.00019388008725221764, 0.22387299371232536], [0.00015886128236284775, 0.8252688749199308, 0.16591681155055818, 0.008655452247148266], [0.39080972891175414, 0.5773723008324214, 0.019555895979084605, 0.01226207427673977], [0.9992536518271874, 0.00016776062946430949, 0.0002542331086456417, 0.0003243544347025066], [0.011505554874350198, 0.5863999180498539, 0.001028079302857638, 0.4010664477729382]]}, "rewritten": {"ids": ["97106820", "97107040", "97107260", "97112170", "97112830", "97113900", "98107380", "98108370", "98108580", "98111231", "98112300", "98112580", "98116500", "98116940", "99107560", "99108310", "99108520", "99109840", "99109860", "99110730", "99112641", "99117740", "100108990", "100111270", "100113210", "100113370", "100117420", "101108370", "101108580", "101109120", "101109370", "101110150", "101111990", "101112540", "101112690", "102112250", "102113350", "102114270", "102121440", "103110050", "103111110", "103111170", "103111620", "103112641", "103113101", "103113270", "104111531", "104111880", "104111990", "104113380", "104114240", "104114740", "104119290", "105110251", "105113210", "105113260", "105113330", "105113440", "105115900", "105116650", "105117351", "105117431", "105119550", "105121190", "106113190", "106114321", "106117650", "106117770", "106117790", "106118520", "106118820", "106120640", "106121190", "107113200", "107113550", "107114140", "107114321", "107116340", "107119130", "107119390", "107120260", "107121540", "108114180", "108114270", "108115070", "108115250", "108115570", "108115870", "108118520", "108118810", "109113881", "109115380", "109117110", "109118161", "109119010", "109120540", "110113591", "110114610", "110115890", "110116501", "110117110", "110117140", "110118121", "110118450", "110118630", "110118701", "110118740", "110118930", "110120190", "110121140", "110121500", "111115400", "111115770", "111116010", "111116040", "111116411", "111117120", "111119580", "111119950", "111120190", "111120531", "112116540", "112116810", "112116850", "112116900", "112117030", "112118581", "112119580", "112120540", "112120640", "112120670", "112121430", "113117401", "113118630", "113118690", "113119300", "113119360", "113119700", "113120540", "113121410", "113122160", "113122170"], "labels": [1, 2, 2, 0, 2, 2, 1, 1, 0, 1, 2, 2, 2, 2, 1, 2, 2, 2, 2, 3, 1, 2, 2, 2, 0, 3, 2, 1, 0, 1, 1, 1, 2, 2, 1, 0, 3, 3, 2, 3, 3, 2, 0, 3, 3, 2, 0, 3, 2, 1, 0, 2, 1, 0, 3, 3, 3, 0, 3, 1, 0, 1, 1, 2, 0, 2, 1, 0, 1, 2, 3, 3, 2, 0, 0, 2, 0, 3, 1, 2, 1, 2, 1, 3, 1, 1, 3, 3, 0, 1, 0, 3, 1, 0, 3, 1, 0, 1, 2, 3, 0, 3, 3, 0, 1, 3, 3, 1, 3, 3, 3, 0, 3, 1, 0, 0, 2, 3, 0, 3, 0, 1, 3, 0, 3, 2, 1, 3, 3, 0, 2, 2, 3, 3, 3, 1, 0, 0, 3, 0, 3, 1], "predicted_labels": [3, 2, 2, 1, 3, 1, 0, 3, 3, 3, 0, 1, 3, 3, 1, 1, 1, 1, 1, 3, 1, 2, 2, 2, 1, 3, 3, 1, 3, 1, 2, 0, 2, 1, 3, 0, 3, 1, 3, 1, 0, 1, 1, 0, 3, 0, 3, 1, 1, 3, 1, 1, 2, 0, 3, 3, 1, 3, 0, 2, 0, 1, 1, 1, 3, 3, 1, 3, 3, 3, 1, 1, 1, 1, 1, 1, 1, 3, 1, 2, 0, 2, 1, 1, 1, 2, 1, 3, 0, 1, 2, 2, 3, 3, 1, 3, 2, 1, 1, 3, 0, 3, 1, 3, 1, 0, 0, 1, 1, 2, 1, 1, 1, 3, 3, 3, 1, 0, 0, 3, 3, 1, 1, 1, 3, 1, 2, 0, 1, 0, 1, 1, 3, 3, 3, 3, 3, 0, 0, 1, 3, 2], "confidence_scores": [[0.005371233973436731, 0.0005833881839693901, 0.00013157705608647294, 0.9939138007865074], [0.026758450862581287, 9.34137140063867e-05, 0.9699860159025604, 0.0031621195208519854], [0.0005340454916656418, 0.08812502637034622, 0.8931909982937943, 0.018149929844193783], [0.40570797415634186, 0.5780814839870454, 0.009478587233864839, 0.0067319546227479375], [0.0003244858908805525, 0.0001820498905942674, 0.00013013678033411163, 0.999363327438191], [0.00032036759293096166, 0.9950467197474452, 0.004256410199607483, 0.0003765024600161686], [0.9379418401882034, 0.002171846415760957, 0.0516963369021438, 0.008189976493891834], [0.00019389296847245564, 0.000682909848507643, 0.0003864221052791367, 0.9987367750777407], [0.00988038140102747, 0.0750963519015776, 0.258081904684739, 0.656941362012656], [0.032874121828260265, 0.22464998825645263, 0.014397160605841935, 0.7280787293094453], [0.9974794923984082, 0.00010210377808258642, 0.00010843370973113059, 0.002309970113778162], [2.8890985212833112e-05, 0.9839102258767064, 0.015387507602118043, 0.0006733755359626892], [0.005109196878554553, 0.003403147810029618, 0.0006107266437379131, 0.9908769286676778], [0.2546360540156552, 0.010925407094085763, 0.0011169003946491969, 0.7333216384956098], [0.03168719989810963, 0.9575748394358498, 0.00020033386350865281, 0.01053762680253216], [0.000162338849701428, 0.9998349323446609, 1.4210467660519642e-07, 2.586700961067323e-06], [0.007745510380775075, 0.7964893012897746, 0.19472382974896735, 0.001041358580482921], [0.013431387903240112, 0.5591538421570142, 0.019937573215679495, 0.4074771967240663], [8.987425458501354e-05, 0.7211382409216153, 0.27315709896180107, 0.0056147858619987005], [1.032910827222553e-05, 0.3374899783475121, 0.0016599903854530654, 0.6608397021587626], [0.0014615199773062963, 0.9798828792889509, 0.01865188367490284, 3.7170588399102363e-06], [0.19692583550795636, 0.02480475172840431, 0.4154098239359175, 0.3628595888277218], [0.006094864498061255, 0.00678553206199287, 0.9527167625617365, 0.034402840878209315], [0.03025456095437522, 0.07752371963467193, 0.8885452904189972, 0.0036764289919556242], [0.0007900899703281955, 0.8627308688235225, 0.005858369056219644, 0.13062067214992973], [0.26981530642727214, 0.00037737145859009373, 0.04722357671230936, 0.6825837454018285], [0.003304449169835763, 0.2001799008802413, 0.19858141637021676, 0.5979342335797062], [0.018302761784221556, 0.9589720653330324, 0.021972675370698982, 0.0007524975120469121], [0.31073216060748504, 0.027890158221581415, 0.03984637082808873, 0.6215313103428448], [0.27594571580728966, 0.5862152558247908, 0.07912181473633725, 0.05871721363158215], [0.0007425268701499885, 0.023428095352667933, 0.9758022860465367, 2.7091730645094982e-05], [0.9047862783073906, 0.0056415838131409985, 0.008039097912205112, 0.08153303996726337], [0.016405126522269508, 0.006280779838949293, 0.9641274016477659, 0.013186691991015296], [0.018848794637847142, 0.7649345669554172, 0.20485400765447231, 0.011362630752263438], [0.0010160271413881424, 0.014056733222341852, 0.25314572693704146, 0.7317815126992285], [0.5918940822671548, 0.13438988285504797, 0.014956505040715494, 0.25875952983708195], [0.000387060901552441, 0.014726314595620847, 0.365368174500635, 0.6195184500021917], [0.001981166174913379, 0.8419124291920347, 0.0008390892642884174, 0.1552673153687634], [0.014835320878326856, 0.24702662001578782, 0.021674015904358315, 0.7164640432015269], [0.0008842828941784339, 0.9943010407128513, 0.0029252454784543824, 0.0018894309145158457], [0.6981575807296928, 3.913599123538603e-05, 0.00015639016626590004, 0.30164689311280585], [0.3374315020293841, 0.5944691897176148, 0.024315387537047355, 0.04378392071595381], [0.007785169864737028, 0.4714879305984416, 0.2754156992738226, 0.24531120026299877], [0.49975426609021883, 0.1573070421290378, 0.1395634340616425, 0.20337525771910092], [1.5600532868426077e-05, 0.00011206482312455073, 0.019461873301611074, 0.9804104613423961], [0.6965118381681413, 0.2688277542239135, 0.026223584514343656, 0.008436823093601536], [9.63360517382875e-05, 0.0030065774071950184, 0.001568883620477448, 0.9953282029205893], [0.048648254555043804, 0.7885221247952128, 0.002322539176225572, 0.1605070814735179], [0.00012790230315069514, 0.998919018568639, 0.0008933201931937292, 5.9758935016421886e-05], [0.005438167818902984, 0.004330008644113266, 0.0026944611479862014, 0.9875373623889975], [0.0010380618718739965, 0.9311120689124665, 9.548940183539416e-05, 0.06775437981382419], [0.00860927654824273, 0.9432118333248692, 0.0025693477132124184, 0.04560954241367554], [0.3039654154990506, 0.13451917540222794, 0.3519716111468912, 0.2095437979518303], [0.8749931582671767, 0.06956411065851181, 7.971863417159811e-05, 0.05536301244014005], [0.1909785175461443, 0.37597389647996365, 0.00046915408706855115, 0.43257843188682343], [0.20808291765908488, 0.014652917565656612, 3.6017960881310904e-05, 0.7772281468143772], [0.00015843863847213828, 0.7667189407053289, 0.20080980591329314, 0.03231281474290578], [0.010732565647379963, 0.050719151321625876, 0.0010390355796905237, 0.9375092474513037], [0.9852108049838416, 0.012978792788972768, 1.8496569813358275e-05, 0.0017919056573721746], [0.0006772495549721472, 0.003821803159694242, 0.9917330143534855, 0.003767932931848064], [0.8631555861357914, 2.0512348876207362e-05, 8.031922804154336e-05, 0.1367435822872909], [0.00038677902246510613, 0.981053272167143, 0.015514917770519783, 0.0030450310398719895], [0.2049882847556471, 0.379278597674939, 0.33450519507235094, 0.08122792249706313], [7.178452827298722e-06, 0.9998696502418529, 8.86126096353989e-05, 3.4558695684293894e-05], [0.28381529322115084, 0.0731957172145642, 0.03111540526041159, 0.6118735843038733], [0.02279255342001621, 0.00830207273145876, 0.005518505453378667, 0.9633868683951464], [0.006728932142404747, 0.9913847040482033, 0.0018592236682253506, 2.7140141166653394e-05], [0.0006632237859126194, 0.0004930359262903252, 0.10331736627769067, 0.8955263740101063], [0.030400635466379698, 0.4669071298360783, 9.730970132628662e-05, 0.5025949249962157], [0.012733441338250768, 0.004213895677464082, 0.4135734128113453, 0.5694792501729398], [0.00013914334992915934, 0.9997409011564505, 6.22930986657689e-05, 5.766239495456727e-05], [0.015780931172293237, 0.9838833351414725, 0.0003339333958242902, 1.800290409994245e-06], [3.949942855691993e-08, 0.9784353771385247, 0.021453217739629053, 0.0001113656224176921], [0.11876067147390879, 0.8354096284500865, 0.0015665874647142624, 0.044263112611290366], [0.0011686485797462304, 0.6151112847234323, 0.0032079011895639227, 0.38051216550725747], [0.1345298965378257, 0.7069178422458469, 0.14889157660240274, 0.009660684613924676], [0.002332215490317978, 0.9955639173300102, 7.270767928626529e-05, 0.0020311595003855354], [0.23670343117789214, 0.000649240168108359, 0.010464507404395642, 0.7521828212496039], [0.0010871396972958983, 0.8921683579255435, 0.03137676720904886, 0.07536773516811174], [0.000491032425133186, 0.21017355220161588, 0.7879626262318572, 0.0013727891413938122], [0.4127192442166584, 0.3681709759242457, 0.009465705904716244, 0.20964407395437987], [0.12436277701608989, 0.11936518673979965, 0.752528984454601, 0.003743051789509512], [0.00019614062974525234, 0.9770393415719113, 0.022762111888002375, 2.4059103409851475e-06], [0.009616579718541018, 0.8624016799272021, 0.0005999471509224237, 0.12738179320333448], [1.8636872402765506e-05, 0.9992006322034201, 0.0007505351584494083, 3.019576572761022e-05], [0.03833428744864371, 0.0772851554019013, 0.4465521641201946, 0.4378283930292604], [2.290746980974463e-06, 0.9990707454212207, 0.0009037787182891156, 2.3185113509140644e-05], [0.2692444162765993, 6.698183447151676e-05, 0.0005979524207303487, 0.7300906494681988], [0.9470545929153611, 0.04071943119612159, 0.010091283134356838, 0.0021346927541603306], [0.09272143190315257, 0.8795411013249881, 5.283653099793023e-05, 0.027684630240861402], [0.32018853535512226, 3.0830828885815414e-05, 0.6778109525381172, 0.001969681277874789], [0.00010265086728065052, 0.3322004423738553, 0.6277037763155737, 0.03999313044329036], [0.024120349701807944, 0.04969680000266721, 0.003126563192308178, 0.9230562871032166], [0.004640057200675619, 0.006789811189458904, 0.00023271696877589894, 0.9883374146410896], [0.023609474333576966, 0.80977561078372, 0.03021452650947649, 0.13640038837322666], [0.020687985539902507, 0.24632916262177817, 0.0005081505270560268, 0.7324747013112634], [0.3638193258657859, 0.004455513456515394, 0.5512210290997921, 0.08050413157790662], [0.014328180163319118, 0.9593941468448881, 0.017016803412151293, 0.009260869579641498], [0.1584378350979337, 0.6808918227788225, 0.15003883825071468, 0.01063150387252895], [0.002345070142371244, 0.07406667080762258, 0.3216666968070965, 0.6019215622429096], [0.8284377276518105, 0.1565228563695292, 0.007425410469696442, 0.0076140055089638555], [0.45039981738879614, 0.0028105367076651728, 0.0062834166162103735, 0.5405062292873283], [0.00478107482828773, 0.980112850797365, 0.0048942288378232114, 0.010211845536524213], [0.00014453184712957714, 0.11461177875429095, 0.0010799333184586745, 0.8841637560801208], [0.41346175709977595, 0.5659006281335199, 0.003055892237067298, 0.01758172252963687], [0.3806423607742362, 0.37738567297302217, 1.1261715338187024e-05, 0.24196070453740348], [0.938279033002519, 0.060912487025138934, 0.00023642235419731142, 0.0005720576181448075], [0.0001864784468961068, 0.9118858641880652, 0.042816246413718895, 0.04511141095131967], [0.0008638332579053195, 0.6016405821267308, 0.38911205261426796, 0.008383532001096032], [0.23471416161733039, 0.18499089422973783, 0.5782651272621283, 0.0020298168908033875], [0.05483849964208825, 0.9273525400957338, 3.9513310750045765e-06, 0.017805008931102952], [0.14677243303583967, 0.6730478167713853, 0.015593605417096845, 0.16458614477567823], [0.070929451003519, 0.829693810048088, 0.08665710179354215, 0.012719637154850923], [0.17487648338902642, 0.0005552895182491522, 0.3565837472580854, 0.46798447983463903], [0.0404124799031186, 0.011929754689240969, 1.4803418834316249e-05, 0.9476429619888063], [0.00030844441856560373, 1.306531549063918e-05, 2.9474571507243886e-05, 0.9996490156944365], [0.2320297922087594, 0.7621048292922767, 0.004453326109913964, 0.001412052389049861], [0.9419804374182877, 0.02746003152420582, 0.00222644727030258, 0.02833308378720398], [0.9898321451417732, 0.0025610336974716866, 0.007467837841178291, 0.00013898331957676373], [7.616212530277211e-05, 0.0005509990828208875, 2.311137584942372e-05, 0.9993497274160269], [0.23878640520890074, 0.014036999450794193, 7.56069394821252e-05, 0.747100988400823], [3.394754370634311e-05, 0.9382782223441059, 0.001061342908629955, 0.06062648720355781], [0.004441128994565048, 0.9122317436623393, 0.05244526411649996, 0.030881863226595703], [0.0006050176136909325, 0.9768732552839479, 5.319433775747185e-05, 0.02246853276460356], [0.00041491536264023703, 0.28539831085762307, 0.000991655551954475, 0.7131951182277821], [0.006614105869410271, 0.9758991802130399, 0.0154977191165886, 0.0019889948009613172], [0.08447849983706986, 0.004182014717312684, 0.8791164433674712, 0.03222304207814616], [0.6884592513613111, 0.00042372730511114625, 0.0035987177323934263, 0.3075183036011844], [0.005966882804352495, 0.9762147891897035, 0.0001932421163044785, 0.017625085889639642], [0.8814644924620527, 0.0003338241748547135, 0.008480640527614271, 0.10972104283547836], [0.001256918208160665, 0.9374710882147903, 0.05599373552459658, 0.005278258052452253], [4.6618766030403335e-05, 0.8244142300768055, 0.0021125948639585538, 0.1734265562932057], [0.000622854648773681, 0.0007152947566737, 0.0037680094149099724, 0.9948938411796425], [0.0018966077544238888, 0.1738664224666145, 0.00025308270184796133, 0.8239838870771137], [0.0003917887441334286, 0.009192155446279549, 4.25170563511881e-05, 0.9903735387532357], [0.3270684137087602, 0.00015471330261279063, 0.0017192465653124744, 0.6710576264233146], [3.0400327028956194e-07, 0.005249485107039984, 0.0016570974716195136, 0.9930931134180703], [0.7696259857409963, 0.23022404811973324, 0.00012173581087026458, 2.8230328400392176e-05], [0.8060603036405835, 0.0352229079055872, 0.15516304669599332, 0.003553741757836057], [0.001268909809034618, 0.8195432845992167, 0.0003168545955619679, 0.1788709509961869], [0.007965364828469218, 0.00028474688685184093, 3.851322467283133e-05, 0.9917113750600062], [0.0006163372644643083, 0.00726432130937501, 0.9305528838910867, 0.061566457535074025]]}}