{"test": {"ids": ["97111790", "111116010", "110121170", "100112060", "99109370", "109120560", "108119550", "103110100", "112116501", "97106770", "97105451", "107116340", "101116130", "112117660", "98110230", "113118810", "108114180", "105120621", "111115400", "108114040", "98111670", "110121720", "112117780", "101121640", "98112170", "112118860", "107115140", "111115910", "112121410", "113119300", "106114280", "109118231", "105113440", "113119950", "97112300", "98107410", "107113180", "109116930", "104111780", "98111231", "103111620", "113122320", "113122160", "105116441", "108113620", "109115380", "108120700", "106118161", "111116750", "106119990", "110114720", "106116640", "109117600", "101108460", "101111990", "112118810", "104111531", "109117630", "107121640", "99107300", "112120270", "100116790", "100108260", "108113480", "109120540", "105121190", "113121010", "113120780", "108117720", "107120260", "109113281", "111121930", "98108410", "98109090", "106115120", "111118810", "103113101", "106116820", "113118630", "104113210", "113121410", "97112830", "110117140", "113119320", "108114360", "97116500", "105112100", "109117271", "99105921", "98107010", "112121351", "105119950", "97107260", "98107380", "109117730", "111114321", "106116441", "101110150", "99111620", "110114651", "99110730", "107118820", "109113591", "102121700", "108115070", "112120670", "106118820", "104113380", "112120640", "111119300", "106116850", "107112840", "110118161", "110119300", "108118630", "97105760", "113118690", "106117790", "113119360", "101119030", "99109910", "113122650", "106118301", "100116500", "110120640", "97116800", "103113170", "104118340", "99111930", "97114170", "110118740", "101108580", "104114740", "98110810", "98120530", "109117150", "111114121", "113117630", "112116610", "107114780", "98109230", "99108080"], "labels": [2, 1, 2, 2, 1, 1, 1, 1, 3, 3, 0, 3, 2, 0, 3, 3, 1, 1, 0, 0, 1, 3, 0, 2, 3, 3, 0, 2, 0, 1, 3, 1, 0, 0, 2, 3, 3, 0, 3, 1, 0, 1, 3, 1, 3, 3, 2, 3, 3, 0, 3, 3, 1, 0, 2, 3, 0, 0, 1, 3, 0, 2, 3, 0, 1, 2, 2, 0, 1, 1, 0, 1, 1, 1, 1, 0, 3, 1, 3, 3, 0, 2, 3, 1, 1, 2, 1, 0, 1, 3, 0, 3, 2, 1, 3, 1, 0, 1, 3, 3, 3, 3, 3, 1, 1, 2, 3, 1, 0, 1, 3, 1, 0, 1, 1, 0, 3, 1, 0, 3, 2, 2, 1, 2, 0, 0, 3, 2, 1, 2, 3, 0, 2, 1, 1, 2, 0, 0, 1, 2, 1, 3], "predicted_labels": [1, 1, 3, 3, 1, 3, 1, 1, 0, 2, 1, 3, 3, 3, 3, 1, 1, 0, 3, 1, 3, 1, 3, 3, 0, 1, 3, 1, 3, 3, 1, 1, 1, 3, 0, 0, 1, 0, 1, 0, 3, 1, 1, 1, 3, 1, 1, 1, 0, 3, 1, 3, 3, 3, 1, 1, 3, 0, 3, 0, 0, 1, 1, 1, 1, 1, 1, 3, 3, 1, 0, 3, 1, 0, 3, 0, 1, 1, 1, 0, 3, 3, 3, 1, 3, 1, 0, 3, 1, 1, 1, 0, 0, 0, 1, 1, 3, 1, 1, 3, 2, 1, 3, 2, 1, 1, 1, 3, 0, 1, 2, 1, 0, 3, 3, 3, 1, 1, 3, 3, 1, 1, 0, 0, 3, 0, 1, 3, 0, 1, 0, 0, 1, 2, 3, 1, 0, 1, 0, 1, 2, 0], "confidence_scores": [[0.24603812113880408, 0.27239252035620265, 0.25450062597330253, 0.22706873253169063], [0.08225565344580962, 0.38726111915735034, 0.336092236341265, 0.1943909910555751], [0.09126709311508517, 0.3323172242728473, 0.1061214096132825, 0.4702942729987853], [0.306497167512113, 0.0801298835278045, 0.3331131120856887, 0.280259836874394], [0.21800292967430773, 0.30576708079717424, 0.36719444482684316, 0.10903554470167483], [0.17586533547064376, 0.1071546883485199, 0.12318886041124376, 0.5937911157695924], [0.045036558873405304, 0.6813794475373158, 0.19832441292956876, 0.0752595806597102], [0.04550147048036909, 0.7772586254686212, 0.07655239637504577, 0.10068750767596422], [0.5312628216859101, 0.10060017762153849, 0.028105573127579296, 0.34003142756497207], [0.15997899467128476, 0.027584735728438975, 0.6261503413016634, 0.18628592829861318], [0.14933667368199402, 0.5143456791169334, 0.08951688864364729, 0.24680075855742506], [0.09114701927031468, 0.3218557344694484, 0.20813125470525318, 0.3788659915549837], [0.08221943270666866, 0.2624655211437046, 0.3290651565874525, 0.32624988956217416], [0.20944811747242978, 0.24521231033289542, 0.015547399557689686, 0.529792172636985], [0.12694823032827252, 0.11476145633287779, 0.3284504782726497, 0.4298398350661997], [0.27240693489328377, 0.33629830221738233, 0.19186138295960256, 0.1994333799297314], [0.10898182860633301, 0.7063962655677106, 0.05960692891348783, 0.12501497691246868], [0.8946600124622655, 0.028585516140911055, 0.0004205496350335508, 0.07633392176178988], [0.2981713410370435, 0.12757754259860113, 0.1132825323348797, 0.4609685840294753], [0.18751572831681157, 0.35844422269098797, 0.25526557073872586, 0.19877447825347466], [0.34064931262818077, 0.23383122473130769, 0.13421842689223032, 0.29130103574828126], [0.3700002335546549, 0.4830885708880229, 0.032439773293553666, 0.11447142226376872], [0.07863959371288885, 0.1244704150956505, 0.02126456529759881, 0.7756254258938617], [0.12336775353623619, 0.18401194777166482, 0.32655842841578164, 0.36606187027631737], [0.8439512253035863, 0.0029056612704385014, 0.016013332674966393, 0.13712978075100898], [0.15365203983870804, 0.2805268181923374, 0.43758687715826805, 0.12823426481068664], [0.19172958373556742, 0.005277399165338655, 0.015430047787979278, 0.7875629693111146], [0.03343892357374484, 0.6974536578510869, 0.03990297912597596, 0.22920443944919255], [0.09974040515392615, 0.307246800123454, 0.11887548994454071, 0.4741373047780791], [0.21763223816608554, 0.3012096221478882, 0.031984519514000435, 0.4491736201720259], [0.2565024135835124, 0.3188199646134674, 0.1329278019421688, 0.2917498198608516], [0.11534509086399194, 0.7970782392882538, 0.04336597895837931, 0.04421069088937487], [0.0754200119920892, 0.7787138961299351, 0.04345028687751748, 0.1024158050004582], [0.2939319023089933, 0.03388022311345788, 0.01836066637086724, 0.6538272082066816], [0.40207398085341445, 0.020429814528982494, 0.32998838233116035, 0.24750782228644258], [0.6547850142803082, 0.06916944142742949, 0.03555194982469622, 0.2404935944675661], [0.01958008628438246, 0.7717550674184649, 0.03972348177942906, 0.16894136451772374], [0.823927021926574, 0.03939848794372324, 0.004267440393175318, 0.13240704973652725], [0.39562702694531443, 0.4378238966432835, 0.005565350513147456, 0.16098372589825444], [0.7690190400952457, 0.041204999915481044, 0.0682627734361219, 0.12151318655315194], [0.1745485807004469, 0.2591565462290989, 0.18110217865383035, 0.38519269441662357], [0.05571901732426746, 0.5781765629646083, 0.20430450836845235, 0.161799911342672], [0.18696424166973233, 0.44832418717749806, 0.13978992544174623, 0.22492164571102347], [0.14441945950239, 0.7705738929695265, 0.014003035394386227, 0.07100361213369719], [0.34171832291675774, 0.1638525236969745, 0.00688998186147406, 0.4875391715247936], [0.08566971215159697, 0.6264738820718392, 0.15238729066835555, 0.13546911510820828], [0.3348699361160616, 0.45759998748402064, 0.09657851976172462, 0.11095155663819298], [0.3168719971347987, 0.45343073485934526, 0.012841837041623628, 0.21685543096423265], [0.6576213634626323, 0.06663504850025033, 0.026093703098619626, 0.24964988493849796], [0.1760122987944154, 0.0928177257262509, 0.11188492521371747, 0.6192850502656159], [0.04641608498007839, 0.626679514145765, 0.21845439106571657, 0.10845000980844031], [0.42341420178009115, 0.1471472074632069, 0.08051552186071981, 0.34892306889598196], [0.0999957126699148, 0.1561266485225101, 0.45580076637102934, 0.28807687243654573], [0.469381639771595, 0.01707004500416646, 0.05033729946066539, 0.4632110157635731], [0.06900938160364496, 0.20446616260380446, 0.5707380463537324, 0.15578640943881839], [0.36495634870151994, 0.3540682118491363, 0.08185867977165814, 0.1991167596776857], [0.13763786920717264, 0.13986954730057866, 0.030629846440245422, 0.6918627370520032], [0.4197669195972091, 0.32780959350012207, 0.019292648194730325, 0.23313083870793866], [0.1295305116443505, 0.17737202172818348, 0.4080896728587862, 0.28500779376867996], [0.605096350842523, 0.09403131422632968, 0.006111761001676458, 0.2947605739294708], [0.4852613851866906, 0.2898650004137593, 0.010692592407477155, 0.21418102199207298], [0.13825923904639492, 0.4549315854284364, 0.24388722446158634, 0.16292195106358234], [0.2438982357227972, 0.2722850463183126, 0.2809970041608074, 0.20281971379808253], [0.11406570593189179, 0.47246115423593654, 0.14806382624588113, 0.26540931358629083], [0.05335728238045799, 0.7838394459211576, 0.019797663010372637, 0.1430056086880114], [0.057193645119948205, 0.21257979013949935, 0.5601930729057725, 0.17003349183478025], [0.0781241750958494, 0.5722242672902031, 0.21790487671920625, 0.13174668089474106], [0.1669178795788767, 0.16015872534564612, 0.0529008433429339, 0.6200225517325433], [0.12762852487772425, 0.020280664931923795, 0.009445478552607675, 0.8426453316377441], [0.13408583397705626, 0.5121258135951481, 0.03765286948827469, 0.31613548293952126], [0.4638226491456185, 0.2841473281948211, 0.10254492320665719, 0.1494850994529033], [0.06168014120348514, 0.062561272740615, 0.560489862481298, 0.31526872357460145], [0.14620910739912577, 0.25090516794922135, 0.3731958525895037, 0.22968987206214905], [0.6568670923792466, 0.04241374821700604, 0.07604511690049019, 0.2246740425032571], [0.16592951219292695, 0.06144496439462891, 0.003412160987858112, 0.7692133624245863], [0.5414878568595747, 0.23575951747216056, 0.1141631835504164, 0.10858944211784845], [0.16125133910757256, 0.4201108952412477, 0.10669280739266805, 0.3119449582585122], [0.279769040528607, 0.1623891028448397, 0.4658975232172333, 0.09194433340931991], [0.032624139663520964, 0.748530253730888, 0.11933223033091975, 0.09951337627467115], [0.5908022527532959, 0.04411467771366712, 0.09600664702558943, 0.2690764225074474], [0.24228321536395542, 0.17544185853643576, 0.007096852900763929, 0.5751780731988451], [0.04761865579756289, 0.057814673604110224, 0.47575009011232644, 0.4188165804860007], [0.1998343288743202, 0.16560938811648268, 0.028055690686724366, 0.6065005923224729], [0.27836909689880435, 0.4638063020451061, 0.01247544419412119, 0.24534915686196854], [0.20866654886579244, 0.2616077554595189, 0.23376854231094707, 0.29595715336374145], [0.24980401232132754, 0.5781404773917508, 0.11381434945847112, 0.05824116082845052], [0.5225185819709537, 0.035949470017902434, 0.09150272543559564, 0.3500292225755482], [0.10077948912221808, 0.24234510658801356, 0.029385229877184567, 0.627490174412584], [0.13163566663261056, 0.3481297743738382, 0.4201388380744525, 0.10009572091909869], [0.23919340158067573, 0.23417972342846283, 0.4064318909507558, 0.1201949840401058], [0.09824170749480672, 0.7346508189534157, 0.0584806739878357, 0.10862679956394197], [0.6272377644596389, 0.13542175298893866, 0.11594659529900472, 0.12139388725241806], [0.44880479135836304, 0.12440810572609518, 0.34903811860221007, 0.07774898431333165], [0.8252988807890825, 0.013639858073949315, 0.14056429695886039, 0.02049696417810773], [0.21852193353145768, 0.3263353428623145, 0.2314320956915923, 0.22371062791463553], [0.3087693782746606, 0.47407221005815436, 0.032853789967701115, 0.18430462169948342], [0.03435468136485631, 0.42449258904284354, 0.008129062692957508, 0.5330236668993427], [0.4103077834913803, 0.4251888457648138, 0.006861946840847146, 0.15764142390295874], [0.2671469334388083, 0.4753088237299262, 0.228556256152064, 0.028987986679201418], [0.17142841154006003, 0.039886616095676855, 0.007949419555195044, 0.7807355528090681], [0.052392017827059434, 0.06349272880083949, 0.8389283917803355, 0.04518686159176571], [0.13482217374569452, 0.6493846437026279, 0.10420323651305817, 0.11158994603861938], [0.23706034727296219, 0.25061129096376944, 0.005642386480175975, 0.5066859752830924], [0.2084284301773284, 0.11754679130572214, 0.5736135593372333, 0.10041121917971615], [0.13729387368772927, 0.7823792834210469, 0.04691289611431313, 0.03341394677691099], [0.0695093710578415, 0.5233496546963264, 0.2394567555235901, 0.16768421872224185], [0.07123927818890613, 0.49863198186659746, 0.07502489639868447, 0.35510384354581165], [0.21599313086139818, 0.1284056068226787, 0.07813571957691608, 0.577465542739007], [0.9319508922454948, 0.029018197892436138, 0.006376730365681059, 0.03265417949638819], [0.10824059402988054, 0.5956142338181699, 0.11468555237821591, 0.18145961977373334], [0.06348883599433168, 0.11741572713253455, 0.8093081245762148, 0.009787312296918928], [0.021034887401212118, 0.9191279301841367, 0.03914849960137936, 0.020688682813271655], [0.4619791035995756, 0.33708137649895803, 0.029132814499689588, 0.1718067054017768], [0.11159833433218798, 0.24253565271603575, 0.16788995511744978, 0.47797605783432645], [0.043902603177772025, 0.08062098295684303, 0.512983332755901, 0.36249308110948414], [0.45230904123004473, 0.06245678585570505, 0.010995813357226464, 0.4742383595570238], [0.05096863437005589, 0.490986762217523, 0.05177788319275686, 0.4062667202196643], [0.1662019348015069, 0.37410824656629316, 0.1037634211721166, 0.3559263974600835], [0.0791579788209628, 0.15737565128804235, 0.13399395498236943, 0.6294724149086252], [0.3588623813630163, 0.19672811662782508, 0.12034037278900842, 0.32406912922015024], [0.10334099605753984, 0.21666752965962843, 0.6274072639061457, 0.05258421037668552], [0.06224060017327652, 0.2844999610635889, 0.5922946342316906, 0.06096480453144423], [0.9266721206937918, 0.021202737318736425, 0.0019902197196322606, 0.05013492226783964], [0.3078558364078655, 0.021776725361134966, 0.517460313475943, 0.15290712475505647], [0.2685902507719715, 0.1595412491156481, 0.06310891644435737, 0.5087595836680228], [0.9019155994093486, 0.012769611278355563, 0.01360563192782949, 0.07170915738446629], [0.17230131727387685, 0.391272555285063, 0.17520966553973275, 0.26121646190132736], [0.15452013973177423, 0.12966267082309602, 0.14246763637543206, 0.5733495530696977], [0.34278536728407605, 0.1363955174330575, 0.39941096035344525, 0.12140815492942128], [0.03913613834854413, 0.290688256711715, 0.3745492424398641, 0.2956263624998766], [0.4931433820047081, 0.18007880379022279, 0.044056214201057, 0.282721600004012], [0.9977070286402219, 0.0005593536156328503, 0.00044667920810286557, 0.0012869385360422486], [0.07244834231553893, 0.48345530395384995, 0.14721921847312255, 0.2968771352574885], [0.026639113112096244, 0.06653079291384051, 0.8929158336391665, 0.013914260334896787], [0.22129446393939967, 0.19070881976104068, 0.1722092381686141, 0.4157874781309456], [0.042098377144550274, 0.8229763156116463, 0.09202465063817154, 0.04290065660563182], [0.43882103699985425, 0.29866732277136493, 0.010337256031399641, 0.25217438419738114], [0.2755403684326701, 0.2600499163917936, 0.2408978332288544, 0.22351188194668203], [0.48271641281502525, 0.34298444925777843, 0.049685944115720256, 0.1246131938114757], [0.01737343416491153, 0.6793512445313363, 0.23528902350403752, 0.06798629779971455], [0.1216419182124329, 0.03659779849974981, 0.7668711430624942, 0.07488914022532316], [0.7251788420541377, 0.09522357632236865, 0.04719605839110285, 0.1324015232323908]]}, "rewritten": {"ids": ["97105451", "97105760", "97106770", "97107260", "97111790", "97112300", "97112830", "97114170", "97116500", "97116800", "98107010", "98107380", "98107410", "98108410", "98109090", "98109230", "98110230", "98110810", "98111231", "98111670", "98112170", "98120530", "99105921", "99107300", "99108080", "99109370", "99109910", "99110730", "99111620", "99111930", "100108260", "100112060", "100116500", "100116790", "101108460", "101108580", "101110150", "101111990", "101116130", "101119030", "101121640", "102121700", "103110100", "103111620", "103113101", "103113170", "104111531", "104111780", "104113210", "104113380", "104114740", "104118340", "105112100", "105113440", "105116441", "105119950", "105120621", "105121190", "106114280", "106115120", "106116441", "106116640", "106116820", "106116850", "106117790", "106118161", "106118301", "106118820", "106119990", "107112840", "107113180", "107114780", "107115140", "107116340", "107118820", "107120260", "107121640", "108113480", "108113620", "108114040", "108114180", "108114360", "108115070", "108117720", "108118630", "108119550", "108120700", "109113281", "109113591", "109115380", "109116930", "109117150", "109117271", "109117600", "109117630", "109117730", "109118231", "109120540", "109120560", "110114651", "110114720", "110117140", "110118161", "110118740", "110119300", "110120640", "110121170", "110121720", "111114121", "111114321", "111115400", "111115910", "111116010", "111116750", "111118810", "111119300", "111121930", "112116501", "112116610", "112117660", "112117780", "112118810", "112118860", "112120270", "112120640", "112120670", "112121351", "112121410", "113117630", "113118630", "113118690", "113118810", "113119300", "113119320", "113119360", "113119950", "113120780", "113121010", "113121410", "113122160", "113122320", "113122650"], "labels": [0, 0, 3, 2, 2, 2, 2, 2, 2, 0, 3, 1, 3, 1, 1, 1, 3, 1, 1, 1, 3, 1, 1, 3, 3, 1, 2, 3, 3, 1, 3, 2, 2, 2, 0, 0, 1, 2, 2, 3, 2, 1, 1, 0, 3, 3, 0, 3, 3, 1, 2, 2, 1, 0, 1, 3, 1, 2, 3, 1, 0, 3, 1, 3, 1, 3, 1, 3, 0, 1, 3, 2, 0, 3, 3, 1, 1, 0, 3, 0, 1, 1, 1, 1, 1, 1, 2, 0, 3, 3, 0, 2, 0, 1, 0, 3, 1, 1, 1, 3, 3, 3, 0, 3, 1, 0, 2, 3, 0, 1, 0, 2, 1, 3, 0, 1, 1, 3, 1, 0, 0, 3, 3, 0, 0, 2, 0, 0, 0, 3, 3, 3, 1, 1, 0, 0, 0, 2, 0, 3, 1, 2], "predicted_labels": [1, 3, 1, 0, 1, 0, 3, 3, 1, 3, 2, 0, 0, 3, 3, 2, 3, 1, 0, 3, 0, 3, 1, 0, 3, 0, 2, 1, 2, 3, 1, 3, 0, 0, 3, 0, 3, 1, 1, 2, 3, 1, 1, 3, 1, 1, 3, 1, 3, 0, 1, 3, 3, 1, 1, 0, 0, 3, 3, 0, 1, 1, 1, 2, 1, 0, 0, 1, 3, 1, 1, 1, 3, 1, 3, 3, 3, 3, 1, 1, 1, 1, 1, 3, 3, 1, 1, 0, 3, 3, 0, 2, 3, 3, 0, 2, 0, 1, 3, 3, 3, 3, 1, 0, 1, 1, 3, 1, 3, 1, 0, 1, 3, 0, 2, 1, 3, 3, 3, 0, 3, 2, 1, 1, 0, 1, 1, 3, 1, 1, 3, 1, 3, 3, 3, 3, 3, 1, 3, 1, 1, 0], "confidence_scores": [[0.1812011324208621, 0.5439309327183917, 0.05384165286018139, 0.2210262820005648], [0.37399484193629834, 0.15810348881778472, 0.028560730560871637, 0.43934093868504526], [0.09314547774728996, 0.14930166449096194, 0.6463249346798847, 0.1112279230818632], [0.6123329899674547, 0.08977501677693556, 0.27895476795397706, 0.018937225301632887], [0.31802701244305487, 0.48193282864178477, 0.02407215106235412, 0.17596800785280653], [0.5379078598405075, 0.07461393023914177, 0.1714669147429824, 0.2160112951773685], [0.05739216631449352, 0.1324011929159147, 0.1043099615449945, 0.7058966792245971], [0.04485566042582977, 0.08223829139260551, 0.5099235175198777, 0.36298253066168706], [0.10975498515684316, 0.37172598589951544, 0.4835351176702134, 0.03498391127342846], [0.2899977055980807, 0.08339308832355895, 0.37511820850672295, 0.2514909975716372], [0.055148992987286045, 0.03860493256909917, 0.82797062960919, 0.07827544483442507], [0.8127794045681662, 0.08017796371586768, 0.072884939107331, 0.03415769260863511], [0.6789906338413212, 0.20197969057379084, 0.03585035405587092, 0.08317932152901703], [0.15711593708091476, 0.15388902390895326, 0.042830249292583916, 0.6461647897175483], [0.19669719690878446, 0.20746287535525773, 0.10716552571203795, 0.48867440202391976], [0.03866028417927949, 0.04432642729816661, 0.861128003110962, 0.05588528541159207], [0.0674961278262159, 0.23996253170283413, 0.36413473503073035, 0.3284066054402196], [0.010429624853143311, 0.1515756918157715, 0.8260870805059344, 0.011907602825151012], [0.642029264880265, 0.06193897335819806, 0.1077197240975155, 0.18831203766402152], [0.2773081406118648, 0.11865844346577757, 0.38093259041125155, 0.22310082551110594], [0.9390211010754878, 0.002131901760186183, 0.0019587535517604222, 0.05688824361256569], [0.16741347879888602, 0.17283729332303843, 0.30461064248208514, 0.35513858539599025], [0.1347249995676908, 0.25863322301748604, 0.47163171174406643, 0.13501006567075646], [0.5321028139231295, 0.15865533439749951, 0.003055431105565754, 0.3061864205738052], [0.411456541390687, 0.08268183824487141, 0.09334980546842403, 0.41251181489601757], [0.4561165827458025, 0.32767329686409025, 0.0638883795066375, 0.1523217408834698], [0.2409438744731964, 0.08438316518620334, 0.5532499739683105, 0.12142298637229001], [0.044684741880131607, 0.225446620835793, 0.6017249387636706, 0.12814369852040505], [0.1041416139899165, 0.08751865291485089, 0.7488854261850201, 0.0594543069102122], [0.26530809155024215, 0.039079491059242584, 0.1602105492078087, 0.5354018681827062], [0.14257186027853103, 0.4622931106806158, 0.04075180875062973, 0.3543832202902232], [0.3735474328113882, 0.20537678805360154, 0.05655858992557046, 0.3645171892094398], [0.37695021738191603, 0.10467599998762162, 0.36979553127654774, 0.14857825135391467], [0.9045514830065893, 0.024991289357263347, 0.02315356965180372, 0.04730365798434361], [0.1625767268708418, 0.23802650212891818, 0.14548615664423145, 0.4539106143560087], [0.9261981529835535, 0.002577420227639237, 0.0023803129511112287, 0.06884411383769605], [0.21210399363560026, 0.13034492730197914, 0.012586016976460375, 0.6449650620859602], [0.015185063410214299, 0.12752607445431885, 0.7737036339371544, 0.08358522819831243], [0.26680936061083155, 0.1644809673884728, 0.4148811835285384, 0.15382848847215685], [0.15531781193422237, 0.12485388732030238, 0.5757657496745385, 0.1440625510709365], [0.04659825934966643, 0.1525092678792883, 0.19506650620846444, 0.6058259665625807], [0.08767402757587012, 0.47830616291172273, 0.14098658473665399, 0.2930332247757531], [0.06377330395595748, 0.41975463185968204, 0.24565545864848756, 0.2708166055358733], [0.23525170528946085, 0.1720122905655897, 0.3054090871232606, 0.28732691702168905], [0.0495548924680443, 0.7732465563332521, 0.04193780680407408, 0.1352607443946295], [0.04222369597411293, 0.49027739645510793, 0.3502851138277833, 0.11721379374299554], [0.23870322929970633, 0.24896644226966377, 0.142816385633803, 0.36951394279682687], [0.12255130465942947, 0.39358049990416266, 0.2646340118829506, 0.21923418355345733], [0.4221767604455741, 0.01877091069769951, 0.08174213427442066, 0.4773101945823059], [0.7558543755662782, 0.08618140083137735, 0.018497602293289072, 0.13946662130905535], [0.21522717473740322, 0.2170135693425716, 0.4428986519959826, 0.12486060392404258], [0.05381059102739628, 0.15835144433105983, 0.3923646911218248, 0.395473273519719], [0.36219550030168646, 0.017055576583989807, 0.0448440138337773, 0.5759049092805466], [0.05855184821137485, 0.6722870258827437, 0.07787205890953418, 0.1912890669963471], [0.1126639865233351, 0.29793090035537945, 0.51448243391748, 0.07492267920380527], [0.6033558509116727, 0.10459973173817821, 0.1032822915789962, 0.1887621257711533], [0.8332115287643587, 0.015451453887888204, 0.0003702732944139598, 0.15096674405333924], [0.1956340772004123, 0.2301184478619077, 0.24873220111097755, 0.3255152738267027], [0.14863503758207156, 0.09061502362427146, 0.16052712951599662, 0.6002228092776604], [0.8256014145221459, 0.030808343608285507, 0.0004481663306034801, 0.14314207553896516], [0.12316332150940276, 0.4358932133666917, 0.16378466166640765, 0.2771588034574978], [0.18437530767174104, 0.45542104290877866, 0.07731740690177137, 0.28288624251770894], [0.17662924621971177, 0.32870256602698256, 0.2996502335252818, 0.19501795422802387], [0.19122876045845133, 0.12708229301650056, 0.6582749922827443, 0.023413954242303935], [0.1011613974361407, 0.3050313060814608, 0.4769570321047618, 0.11685026437763694], [0.4509491202872705, 0.3285734120294899, 0.03478167472300572, 0.18569579296023378], [0.5548095193089827, 0.1476921394011185, 0.09878059019847425, 0.19871775109142445], [0.2197339636612873, 0.4065083876094335, 0.07145784952170701, 0.30229979920757233], [0.14235359984912002, 0.3605177870971057, 0.03930044183376928, 0.4578281712200052], [0.10143338504547478, 0.5652278533138259, 0.06378492479812502, 0.26955383684257417], [0.14954318269582673, 0.47358463112830823, 0.0815234094426157, 0.29534877673324944], [0.009715105822268547, 0.16431538469943366, 0.748195066723083, 0.0777744427552149], [0.3737126979016205, 0.001388674377233849, 0.011649581835498381, 0.6132490458856474], [0.07172891013347614, 0.5887901295834782, 0.11802513434486646, 0.2214558259381791], [0.03916366077500405, 0.2569257577784794, 0.14674403370681277, 0.5571665477397039], [0.121970461743112, 0.08652036170418785, 0.00794642864882477, 0.7835627479038751], [0.14481564731380792, 0.0771664735627541, 0.34615336235861055, 0.43186451676482746], [0.04018357184038105, 0.21435824442037169, 0.4085746709237296, 0.33688351281551787], [0.23486277459514823, 0.4340023327400872, 0.008398910519302053, 0.32273598214546273], [0.1721964785193812, 0.13894105716013702, 0.6332149334783488, 0.05564753084213304], [0.10167317925759996, 0.8141536049324282, 0.03926777400104485, 0.044905441808926985], [0.08108435770993777, 0.15822947874302054, 0.6868482360287836, 0.07383792751825838], [0.21761022503766764, 0.6295620266047625, 0.12767448923526067, 0.02515325912230926], [0.26334609916473045, 0.011664187436478967, 0.00017563245321254307, 0.7248140809455783], [0.08215762366972267, 0.12647775237498757, 0.0702251098388758, 0.7211395141164139], [0.1168846355558937, 0.6546091430732397, 0.10483167559499336, 0.12367454577587308], [0.24608867160778458, 0.5794046125695785, 0.07886501926001367, 0.09564169656262322], [0.652480310435849, 0.0639925516108955, 0.20601645238600538, 0.07751068556725009], [0.36059125461694885, 0.22141286273957242, 0.0034457908525854473, 0.41455009179089336], [0.09072015078071481, 0.26639177287273036, 0.29955759700520734, 0.3433304793413478], [0.8997533209574035, 0.03339051278345472, 0.002819498224612747, 0.06403666803452937], [0.053736499672118083, 0.05713101905989606, 0.8683259850083461, 0.020806496259639682], [0.3805691391572642, 0.16989410200897787, 0.049415927718325675, 0.4001208311154323], [0.09593719632096032, 0.14389504119259272, 0.1173183836304268, 0.6428493788560203], [0.5483123077220018, 0.3258982515153597, 0.06710053657333054, 0.05868890418930842], [0.048004666347172244, 0.028519630928293235, 0.9008238866485107, 0.02265181607602402], [0.6411529436769849, 0.1424029421831994, 0.0023433575300380706, 0.21410075660977754], [0.04931232405437187, 0.8696961018249562, 0.031022250086815667, 0.04996932403385651], [0.24895104104636048, 0.22538599849292393, 0.1681929834240683, 0.35746997703664746], [0.1477424438173888, 0.1666835538472839, 0.06287896790650696, 0.6226950344288206], [0.3770891137695547, 0.0289754419839457, 0.2973344883775556, 0.29660095586894364], [0.1716354460180275, 0.23705122294985068, 0.015738057608524904, 0.5755752734235972], [0.14055153875022391, 0.5673512876172524, 0.04548652834632725, 0.24661064528619675], [0.5249581325769334, 0.18283387748066982, 0.031698875472193744, 0.2605091144702029], [0.04487261646267192, 0.6206780873595589, 0.1670102372901655, 0.16743905888760394], [0.20636945879333496, 0.2868365052736269, 0.2543718095842874, 0.2524222263487507], [0.18500605145962368, 0.07946160663559995, 0.22438529705912047, 0.5111470448456559], [0.1020222118928619, 0.6177663451005131, 0.04938875266679097, 0.23082269033983363], [0.23964302376636204, 0.3704883257223548, 0.014019443142637908, 0.37584920736864535], [0.2335234505384419, 0.32740018380638203, 0.34402111119029133, 0.09505525446488439], [0.490512689150228, 0.1426958162110769, 0.0692252948844015, 0.29756619975429377], [0.0715770120699628, 0.4808480094084087, 0.10933090995690399, 0.3382440685647244], [0.07375613346510676, 0.20433133477955048, 0.3645503560282155, 0.35736217572712764], [0.3870605931331996, 0.18213904761958227, 0.10745140768251504, 0.32334895156470317], [0.21380574413463094, 0.13700592138309717, 0.608012882990316, 0.04117545149195567], [0.11592779870162896, 0.6799466425706844, 0.02257674546171731, 0.18154881326596914], [0.042531208282028235, 0.15568567933738012, 0.5726185664602443, 0.2291645459203472], [0.39451424530198126, 0.21995974031117285, 0.0008769552976945861, 0.3846490590891512], [0.3412464670721559, 0.301059893088406, 0.01178185978278719, 0.34591178005665074], [0.6691292038005638, 0.08936513518956675, 0.014934365941361792, 0.22657129506850768], [0.08802855181014238, 0.38841260767913216, 0.0301499281214346, 0.49340891238929097], [0.07989806385515286, 0.11462690179520763, 0.6527214448702013, 0.1527535894794382], [0.1375084465330501, 0.6454716421417931, 0.1667169039538082, 0.05030300737134863], [0.0987535748012595, 0.6188048421129274, 0.21941822538398179, 0.06302335770183135], [0.9393414833913625, 0.015965534291540396, 0.00791270988297277, 0.03678027243412449], [0.035802198470026705, 0.6989754836662937, 0.22417914608829662, 0.041043171775383115], [0.07985806484740454, 0.5388325308594953, 0.22563882729302898, 0.15567057700007148], [0.12305622606946733, 0.29703915170812206, 0.05530956432804817, 0.5245950578943627], [0.07310624883847394, 0.3786151668235913, 0.3114750033581967, 0.23680358097973783], [0.016710400876902627, 0.6763212334243789, 0.21978600249171054, 0.08718236320700803], [0.16005738184265128, 0.3506181244917305, 0.04287713150498997, 0.4464473621606281], [0.09248078315347481, 0.6820889215451682, 0.041566328849861924, 0.1838639664514951], [0.18629184258742337, 0.2522136061762075, 0.17125160471868045, 0.39024294651768826], [0.11729202219226685, 0.41553789427027477, 0.03333765653610853, 0.43383242700134955], [0.0800610140067219, 0.3063339028155767, 0.07357512993742948, 0.5400299532402718], [0.30932924673546636, 0.07573321781851616, 0.02464301999039159, 0.5902945154556258], [0.11783810116554734, 0.10012297108368981, 0.09940977940510276, 0.68262914834566], [0.11466777836175972, 0.6146938394756764, 0.04785826671770075, 0.22278011544486342], [0.330677197778836, 0.014256892509811726, 0.02854014410165394, 0.6265257656096984], [0.04407023570440233, 0.5758174447965251, 0.3120275825055316, 0.06808473699354088], [0.1130011817642333, 0.4588389099415432, 0.05266467014967821, 0.3754952381445452], [0.415009861159707, 0.14605362992886212, 0.15837480500909873, 0.28056170390233204]]}}