{"test": {"ids": ["103111540", "98111670", "109121410", "98108970", "104116441", "102109850", "113118810", "103113170", "113117401", "110118701", "109117600", "101108580", "106114280", "98120010", "113118630", "111116110", "101116130", "108114360", "97114170", "104111531", "113122190", "104111780", "111119430", "102108621", "108113620", "101110740", "103117461", "111116750", "111120591", "99109740", "110114651", "106115120", "103113210", "108113760", "99108000", "106121190", "111116010", "113120591", "113120601", "99112641", "112117461", "105118740", "103118291", "97110950", "99108520", "99110730", "106113190", "102116340", "105111990", "113121750", "104113000", "104118340", "112119950", "101121640", "112116540", "107116340", "98107010", "105110251", "109114270", "112116810", "101109000", "111116100", "104113550", "108113700", "102109840", "110115140", "110117110", "107113840", "99109161", "111119250", "113122160", "99111930", "112118701", "112117431", "101108370", "106116441", "110118161", "97105760", "99108010", "110114920", "98121790", "112120630", "107121230", "99119830", "107120880", "107119950", "98111620", "112116900", "103111620", "104111550", "109117271", "98108150", "111121930", "113121010", "112118550", "107113260", "110117140", "112119320", "105115680", "107120130", "108115570", "108117720", "107116501", "108118810", "98107210", "113119300", "107118120", "113118870", "103120531", "99107640", "110121140", "113122510", "103110760", "106117650", "97113260", "111118301", "108115070", "113119320", "97116790", "108114270", "103118110", "112116290", "98116090", "101109370", "99112840", "98109311", "107114200", "109114720", "107121700", "106115240", "110120190", "98108370", "107113550", "108119330", "105116980", "104116980", "104112201", "108114670", "111114321", "109117150", "104119290", "100117420"], "labels": [1, 1, 0, 3, 1, 1, 3, 3, 3, 3, 1, 0, 3, 2, 3, 3, 2, 1, 2, 0, 1, 3, 3, 3, 3, 3, 0, 3, 1, 3, 3, 1, 3, 1, 2, 2, 1, 0, 2, 1, 0, 1, 0, 3, 2, 3, 0, 3, 2, 0, 1, 2, 0, 2, 1, 3, 3, 0, 3, 3, 1, 3, 1, 0, 2, 0, 0, 3, 3, 1, 3, 1, 0, 0, 1, 0, 0, 0, 2, 3, 2, 3, 0, 1, 1, 3, 3, 3, 0, 1, 0, 0, 1, 2, 3, 0, 3, 1, 2, 2, 3, 1, 1, 1, 1, 1, 3, 0, 3, 1, 3, 2, 1, 1, 1, 3, 1, 1, 2, 3, 2, 0, 0, 1, 2, 1, 2, 0, 3, 1, 3, 1, 0, 0, 0, 1, 0, 3, 1, 2, 1, 2], "predicted_labels": [3, 2, 3, 1, 1, 1, 3, 1, 0, 0, 0, 0, 3, 2, 1, 0, 2, 1, 1, 3, 2, 1, 3, 1, 1, 1, 1, 3, 3, 1, 1, 0, 0, 0, 1, 1, 1, 3, 2, 0, 3, 1, 1, 0, 2, 1, 0, 2, 3, 1, 3, 3, 0, 3, 3, 1, 1, 3, 3, 2, 3, 0, 0, 0, 1, 3, 2, 3, 0, 2, 1, 1, 3, 0, 0, 0, 3, 3, 1, 3, 2, 3, 3, 1, 3, 3, 2, 3, 1, 2, 3, 1, 0, 3, 0, 3, 3, 1, 1, 1, 0, 1, 1, 3, 2, 3, 3, 1, 1, 3, 0, 1, 0, 3, 3, 0, 0, 0, 0, 3, 3, 0, 3, 1, 3, 2, 1, 1, 1, 0, 1, 2, 2, 0, 3, 2, 0, 1, 1, 1, 3, 2], "confidence_scores": [[0.27681048406632575, 0.22744430646028033, 0.16995543797383428, 0.3257897714995598], [0.21896401573368032, 0.20979199305936155, 0.3181317710010035, 0.25311222020595464], [0.26875253599860566, 0.3282871529564035, 0.06800507563878436, 0.33495523540620636], [0.18444746150089916, 0.40443270687323196, 0.22451298011577722, 0.1866068515100918], [0.29637006957392636, 0.32647173740730995, 0.06359470199081649, 0.3135634910279472], [0.1842496628256105, 0.33826689819098504, 0.32084783254839067, 0.156635606435014], [0.2694515344129059, 0.2746252161916179, 0.12309367733339256, 0.33282957206208375], [0.18493503135605843, 0.29479255383708686, 0.3016539708277609, 0.21861844397909386], [0.26192527841537894, 0.26097502698340497, 0.16571853568418174, 0.31138115891703444], [0.2802244423066421, 0.30315520166861815, 0.15998286554416444, 0.25663749048057516], [0.29456196393828943, 0.2457736849437249, 0.15873963634983831, 0.3009247147681473], [0.32156746352893506, 0.1486556946552525, 0.23791067582635644, 0.2918661659894561], [0.2574261993827767, 0.3116456583217588, 0.1111591888239875, 0.31976895347147705], [0.244269285531715, 0.2360625748870119, 0.33608109537771474, 0.18358704420355854], [0.25441279003768746, 0.29920885759738575, 0.15772487216681533, 0.2886534801981118], [0.3179296267860164, 0.18757467767396485, 0.16219843670005366, 0.3322972588399652], [0.21669265310606878, 0.1958889533584613, 0.3414876195119075, 0.24593077402356264], [0.15953237183911986, 0.32240037996005494, 0.3007135835121031, 0.2173536646887221], [0.1580109639581765, 0.35564824561782105, 0.22567818866848993, 0.2606626017555121], [0.27198103084543346, 0.26982152314102165, 0.11821094949417088, 0.339986496519374], [0.1627664189221669, 0.2170816428456627, 0.4204898463597981, 0.19966209187237194], [0.29886680293654144, 0.31202329769337583, 0.07690787722318648, 0.3122020221468961], [0.1782865709237561, 0.2762670380484765, 0.2806499041525639, 0.2647964868752035], [0.22227173124543448, 0.35112798095426784, 0.13761820213196962, 0.2889820856683281], [0.24723708457170887, 0.2766148972503233, 0.23805748184174305, 0.23809053633622498], [0.166475986924321, 0.34823561143820647, 0.2613437494212139, 0.22394465221625875], [0.25762821354991156, 0.2975631774748928, 0.14224543082949398, 0.30256317814570177], [0.3512063521353725, 0.1702658160597419, 0.08344126491172646, 0.39508656689315896], [0.30640935239013495, 0.20386167793977222, 0.10973295956435938, 0.37999601010573364], [0.14934540795914988, 0.38094520925184266, 0.3041737720861374, 0.16553561070287023], [0.23841161615164347, 0.3376665267951379, 0.13152066910749846, 0.2924011879457201], [0.34583093315348057, 0.23343029510627267, 0.0486853177205563, 0.3720534540196906], [0.29641952845774594, 0.33214817972776894, 0.16587435523836508, 0.2055579365761201], [0.26351943854029597, 0.25472052503900733, 0.19854420500072192, 0.283215831419975], [0.12641552570759743, 0.3447989008119565, 0.3300270510204699, 0.198758522459976], [0.11283333358813465, 0.3764278641819162, 0.3440421569896857, 0.16669664524026345], [0.17348325709271917, 0.3223215072097923, 0.27884067320837075, 0.2253545624891178], [0.31499519761510647, 0.23191965687146612, 0.08862216183731288, 0.36446298367611474], [0.17183876127718295, 0.25311916324282824, 0.3268199455834804, 0.24822212989650863], [0.256217891225106, 0.28585874685935275, 0.23558732018528827, 0.2223360417302529], [0.3417719141888248, 0.20909171029127913, 0.06736360881236995, 0.38177276670752636], [0.18359650019041038, 0.33986843214461665, 0.26440902607885736, 0.21212604158611545], [0.25245316358410225, 0.27673441217653255, 0.20742551711668436, 0.26338690712268065], [0.28146329911050383, 0.29009674275446845, 0.13839221104236143, 0.29004774709266634], [0.12580628071158367, 0.33745120666217926, 0.44933521982947333, 0.08740729279676374], [0.1463917665455194, 0.3350620803298119, 0.32140504306284723, 0.19714111006182108], [0.31274560418603176, 0.22334339649602966, 0.11794208760212609, 0.3459689117158125], [0.13885354836132224, 0.33751977403654476, 0.3694217369474205, 0.15420494065471263], [0.29845631396153643, 0.2766818250045885, 0.10456844138436883, 0.3202934196495062], [0.29919753809870014, 0.3187409963894419, 0.06696449743465795, 0.3150969680772002], [0.3071193406961555, 0.1924521141703432, 0.15774975115105935, 0.342678793982442], [0.20124258121107355, 0.29712102692549963, 0.18348561282779097, 0.31815077903563577], [0.3609496492850374, 0.17102015274638982, 0.0807446500020795, 0.3872855479664937], [0.2034981282361812, 0.27924370208309834, 0.19783828361509892, 0.3194198860656214], [0.2646441992069355, 0.26527448261861375, 0.15208707064797, 0.3179942475264808], [0.14634160553126543, 0.3556824243547475, 0.3247070493922053, 0.17326892072178182], [0.224457520616011, 0.3386514982359576, 0.24475785562812452, 0.19213312551990677], [0.2365784776766019, 0.2970435870754671, 0.15895958946310682, 0.3074183457848243], [0.2294361533581469, 0.2558561768710742, 0.19023430743420225, 0.3244733623365767], [0.215520060157032, 0.3095234771326071, 0.29356919989306063, 0.18138726281730058], [0.16767444654358576, 0.28452614050154607, 0.24637791943150206, 0.30142149352336617], [0.32959023580581476, 0.22592569781633032, 0.11970151828430271, 0.32478254809355234], [0.3343719166764736, 0.17921929599462644, 0.12880014306526563, 0.3576086442636341], [0.36084465900972607, 0.20381250880252852, 0.11583927132911333, 0.3195035608586326], [0.175430558526414, 0.35823854848546344, 0.2589357519452151, 0.20739514104290752], [0.33535058322186956, 0.1892709287831647, 0.10083638603760081, 0.3745421019573644], [0.12018604087555497, 0.278453852920653, 0.47422981789960994, 0.1271302883041821], [0.2597498363334134, 0.2707483523770596, 0.1976667886924906, 0.27183502259703657], [0.26759693000503587, 0.2907703979427949, 0.19903819530235375, 0.24259447674981566], [0.14057362471567086, 0.316105990605698, 0.3257326176419931, 0.21758776703663849], [0.18149701646823418, 0.3055100829291616, 0.31237130595259743, 0.20062159465000667], [0.10727308660204608, 0.42195757074441137, 0.3300074781735951, 0.14076186447994765], [0.26205225329793297, 0.28405127753212184, 0.12902962718403554, 0.3248668419859096], [0.3254244467676799, 0.30532180211970894, 0.1430021201782711, 0.22625163093434006], [0.36552445554991964, 0.18227059826590716, 0.07198774355722151, 0.3802172026269515], [0.33088851609891445, 0.26814931113176294, 0.10510884896951522, 0.29585332379980733], [0.2669499139472758, 0.30254857358869225, 0.12490925762071545, 0.3055922548433165], [0.20198992254493894, 0.21935138021255804, 0.2819585293785446, 0.2967001678639583], [0.22191326987242652, 0.3387015643249803, 0.19849631172047846, 0.2408888540821149], [0.2542779994378902, 0.30639374639141004, 0.13036045483102013, 0.3089677993396797], [0.1846096509732129, 0.23872397168587017, 0.3852623741669515, 0.1914040031739652], [0.25334611003651936, 0.220715065474369, 0.2059217475147783, 0.3200170769743332], [0.18482947643533618, 0.34428809677880423, 0.15256393348954683, 0.3183184932963126], [0.14438748210106309, 0.3480211010804674, 0.3394002820666334, 0.16819113475183559], [0.24886356649889152, 0.22216885364369207, 0.23852759211156963, 0.2904399877458468], [0.2590248812784902, 0.2445838950326052, 0.19437718883290986, 0.30201403485599476], [0.12792537044928157, 0.3481751974300881, 0.3725282681102181, 0.15137116401041228], [0.31020273388835273, 0.26634866288524023, 0.09801141041114088, 0.32543719281526634], [0.2341911107617826, 0.31267558048607363, 0.2435064137622555, 0.20962689498988826], [0.1887863127167402, 0.3217304009521341, 0.34743622921807854, 0.1420470571130473], [0.3142878502071978, 0.18805570177783035, 0.11312497486502032, 0.3845314731499514], [0.20953475858304862, 0.35605687381137235, 0.16949843949389287, 0.26490992811168623], [0.35987659587411064, 0.21119111956344772, 0.09314936021239231, 0.3357829243500492], [0.2924141010879024, 0.24545082562907572, 0.12069209925570475, 0.34144297402731716], [0.2941121192585607, 0.26407232167625455, 0.14449258157457617, 0.2973229774906085], [0.30473022183829723, 0.2119194824912405, 0.11685937778396255, 0.36649091788649957], [0.2133109172945949, 0.290565845754797, 0.15660327522994, 0.3395199617206682], [0.1573515401320609, 0.3196700270101794, 0.3087564547731801, 0.21422197808457977], [0.09511518650537024, 0.46565704330131946, 0.29478190208276517, 0.14444586811054524], [0.2030010202236862, 0.34449905513928303, 0.2870994416355333, 0.16540048300149746], [0.2587120193854994, 0.2793733680375516, 0.2333743587638223, 0.22854025381312665], [0.2594653030969915, 0.35134674288258283, 0.10857987328695358, 0.2806080807334721], [0.22556253959943218, 0.3246340872155907, 0.15547560264950552, 0.2943277705354716], [0.26818118456102247, 0.31559840875555223, 0.0878849413272751, 0.32833546535615016], [0.20057883478286043, 0.25753419520642407, 0.3328054493258777, 0.20908152068483776], [0.37168103292272625, 0.1712903278268614, 0.049301826780760075, 0.40772681246965214], [0.30985844999597256, 0.2570221818655551, 0.09319101812876755, 0.3399283500097049], [0.22375251923642453, 0.38686486689192373, 0.18971852508544362, 0.1996640887862079], [0.21220324133758428, 0.324313328702797, 0.1794032024200374, 0.2840802275395813], [0.22803993793153962, 0.2473929600505773, 0.18222914558573314, 0.34233795643215015], [0.2987721550721708, 0.26804676965898033, 0.2247842603922728, 0.20839681487657608], [0.2645051520904538, 0.3036504089743663, 0.18208197539226909, 0.24976246354291082], [0.2993105144630413, 0.24960583995797606, 0.1263581864499159, 0.3247254591290666], [0.23976657366229168, 0.26609243110043596, 0.197380948961359, 0.29676004627591346], [0.19502248942914915, 0.19043887511108495, 0.30750435976546925, 0.30703427569429687], [0.3067620315023489, 0.27563411649913616, 0.14563933149727465, 0.2719645205012403], [0.2940361088446815, 0.3456972896842915, 0.15638686856550618, 0.20387973290552064], [0.33903038438250155, 0.24089742621156288, 0.058831986654628105, 0.36124020275130714], [0.26084983153619135, 0.2396222899582488, 0.29265006386710357, 0.2068778146384563], [0.3421903080960542, 0.21152706938086352, 0.04420909161060006, 0.40207353091248194], [0.2093208065467714, 0.24158007418407076, 0.19938671368084435, 0.34971240558831346], [0.2998081978764964, 0.2654099904862418, 0.11864251349539097, 0.3161392981418709], [0.25776864139468475, 0.23683327189621042, 0.2134985177659026, 0.2918995689432024], [0.2060319270376245, 0.29232075962432336, 0.23794458077942096, 0.2637027325586311], [0.1772077328503735, 0.29890520733437626, 0.2485596834659488, 0.27532737634930166], [0.20828500288996532, 0.2657653293232976, 0.3086238365015834, 0.21732583128515306], [0.2441607239785554, 0.36914763992764754, 0.10329549256712876, 0.2833961435266684], [0.12419501168593129, 0.40148129151946943, 0.2649947526448123, 0.20932894414978695], [0.2234582495624106, 0.36852621870654767, 0.1487659518337127, 0.2592495798973293], [0.3271750192410562, 0.25020173506134324, 0.126392009025764, 0.29623123667183676], [0.274954891991047, 0.3249178344621776, 0.08574930431149458, 0.31437796923528066], [0.09575066029072318, 0.275883023045962, 0.4866414596970692, 0.14172485696624584], [0.22098886206105234, 0.2617084049887182, 0.3510142639380428, 0.166288469012187], [0.2840718398840291, 0.2873995705094206, 0.16346518224252524, 0.2650634073640249], [0.35854520083106006, 0.1948849402366339, 0.061776694776466856, 0.384793164155839], [0.1935840324455316, 0.251016225035758, 0.314900388214103, 0.2404993543046077], [0.32252926078256483, 0.280414373013935, 0.09821333883769266, 0.2988430273658075], [0.186831221166531, 0.3513114428950228, 0.23524371919383702, 0.22661361674460928], [0.21358658506225087, 0.3475871992959192, 0.2653183586798455, 0.1735078569619844], [0.19347996315473306, 0.3781071041303378, 0.2091342335676054, 0.21927869914732376], [0.17948626400290216, 0.2851025529476492, 0.2059188774823254, 0.32949230556712344], [0.1141472597857682, 0.2970596038163206, 0.4219674618061443, 0.16682567459176736]]}, "rewritten": {"ids": ["97105760", "97110950", "97113260", "97114170", "97116790", "98107010", "98107210", "98108150", "98108370", "98108970", "98109311", "98111620", "98111670", "98116090", "98120010", "98121790", "99107640", "99108000", "99108010", "99108520", "99109161", "99109740", "99110730", "99111930", "99112641", "99112840", "99119830", "100117420", "101108370", "101108580", "101109000", "101109370", "101110740", "101116130", "101121640", "102108621", "102109840", "102109850", "102116340", "103110760", "103111540", "103111620", "103113170", "103113210", "103117461", "103118110", "103118291", "103120531", "104111531", "104111550", "104111780", "104112201", "104113000", "104113550", "104116441", "104116980", "104118340", "104119290", "105110251", "105111990", "105115680", "105116980", "105118740", "106113190", "106114280", "106115120", "106115240", "106116441", "106117650", "106121190", "107113260", "107113550", "107113840", "107114200", "107116340", "107116501", "107118120", "107119950", "107120130", "107120880", "107121230", "107121700", "108113620", "108113700", "108113760", "108114270", "108114360", "108114670", "108115070", "108115570", "108117720", "108118810", "108119330", "109114270", "109114720", "109117150", "109117271", "109117600", "109121410", "110114651", "110114920", "110115140", "110117110", "110117140", "110118161", "110118701", "110120190", "110121140", "111114321", "111116010", "111116100", "111116110", "111116750", "111118301", "111119250", "111119430", "111120591", "111121930", "112116290", "112116540", "112116810", "112116900", "112117431", "112117461", "112118550", "112118701", "112119320", "112119950", "112120630", "113117401", "113118630", "113118810", "113118870", "113119300", "113119320", "113120591", "113120601", "113121010", "113121750", "113122160", "113122190", "113122510"], "labels": [0, 3, 1, 2, 2, 3, 1, 0, 1, 3, 1, 3, 1, 0, 2, 2, 1, 2, 2, 2, 3, 3, 3, 1, 1, 2, 1, 2, 1, 0, 1, 1, 3, 2, 2, 3, 2, 1, 3, 1, 1, 0, 3, 3, 0, 2, 0, 3, 0, 1, 3, 0, 1, 1, 1, 1, 2, 1, 0, 2, 2, 0, 1, 0, 3, 1, 1, 0, 1, 2, 0, 0, 3, 2, 3, 1, 3, 3, 2, 1, 0, 3, 3, 0, 1, 3, 1, 3, 1, 3, 1, 1, 0, 3, 0, 2, 0, 1, 0, 3, 3, 0, 0, 3, 0, 3, 3, 3, 1, 1, 3, 3, 3, 3, 1, 3, 1, 1, 0, 1, 3, 3, 0, 0, 3, 0, 1, 0, 3, 3, 3, 3, 0, 1, 1, 0, 2, 2, 0, 3, 1, 2], "predicted_labels": [2, 3, 3, 1, 2, 1, 2, 1, 2, 1, 2, 1, 3, 3, 2, 2, 3, 1, 1, 2, 0, 1, 3, 1, 0, 3, 1, 2, 0, 0, 3, 1, 1, 3, 3, 0, 1, 1, 2, 3, 3, 1, 1, 1, 3, 3, 3, 1, 3, 2, 1, 0, 3, 0, 3, 2, 3, 3, 3, 3, 1, 3, 1, 3, 3, 0, 0, 0, 3, 1, 3, 2, 1, 3, 1, 1, 1, 3, 2, 3, 3, 1, 0, 0, 3, 3, 1, 1, 1, 0, 1, 3, 0, 3, 1, 1, 3, 3, 3, 1, 1, 3, 2, 3, 3, 3, 1, 0, 1, 1, 0, 0, 3, 0, 1, 3, 3, 0, 0, 3, 2, 0, 0, 3, 3, 3, 2, 0, 3, 3, 3, 3, 1, 3, 0, 0, 3, 3, 0, 1, 3, 1], "confidence_scores": [[0.17976902938063782, 0.23521760339172007, 0.34522543144040324, 0.2397879357872386], [0.2696845536435828, 0.2716478390097876, 0.1566596724492562, 0.30200793489737326], [0.18372291484258207, 0.20969741681629436, 0.291530645225432, 0.31504902311569155], [0.16005026524984714, 0.3223299130623347, 0.24216650921423283, 0.2754533124735855], [0.19481893442773685, 0.21454334178522982, 0.4058327803499151, 0.18480494343711812], [0.22232041509501643, 0.31286150873411295, 0.22127576063373636, 0.24354231553713432], [0.1920384063094568, 0.25362891337795024, 0.3286064832729897, 0.22572619703960328], [0.21657656018244048, 0.33751566947381023, 0.16922984349138143, 0.2766779268523679], [0.11892672694057149, 0.2739787488500446, 0.4202318256752129, 0.18686269853417128], [0.17124184909911472, 0.38764814715655543, 0.22763877216486297, 0.21347123157946654], [0.19454350266278195, 0.2882155147893474, 0.3193920373107603, 0.19784894523711039], [0.17789975746493156, 0.31218321571708546, 0.2558812536609324, 0.2540357731570507], [0.2080832553571043, 0.19367607650118057, 0.31176648922782557, 0.28647417891388977], [0.2382096873760177, 0.2650441653662301, 0.2074687150181905, 0.2892774322395612], [0.2496782251723706, 0.24144226164700958, 0.30506436277817106, 0.2038151504024488], [0.1550591642300803, 0.24142939451247167, 0.40474199276940265, 0.19876944848804562], [0.2102871123582689, 0.25014511034173115, 0.20243713860912585, 0.3371306386908742], [0.1331260461799402, 0.3468039767002205, 0.3029232549185283, 0.21714672220131093], [0.16359153218205563, 0.3973911619118729, 0.2595755723601938, 0.17944173354587786], [0.12385466178598671, 0.35256896902471224, 0.4200210649765706, 0.10355530421273003], [0.27090485904729955, 0.27189747243253104, 0.21159328948753142, 0.24560437903263815], [0.13672642476031413, 0.3918894870084338, 0.2877301835477161, 0.18365390468353596], [0.1973942265720719, 0.29060759923363066, 0.23914259340000885, 0.2728555807942885], [0.11785624037960006, 0.4286952693884684, 0.29547656658409754, 0.15797192364783363], [0.2801095141942337, 0.2450918884436578, 0.21267153604226383, 0.2621270613198447], [0.20710037347560395, 0.2722476548378011, 0.21499886880512176, 0.30565310288147296], [0.15002463158110166, 0.35112610137800837, 0.3143804510593749, 0.18446881598151496], [0.11113790494633573, 0.23901727573999013, 0.4466623405049061, 0.20318247880876794], [0.34484181890544363, 0.19371946273855484, 0.11273529621773397, 0.3487034221382676], [0.3045383809712801, 0.13070657618432438, 0.2701020806208783, 0.29465296222351695], [0.16625500633845663, 0.28611807808805945, 0.2459011191352888, 0.3017257964381951], [0.1872899797613346, 0.33666106847163846, 0.25573177619057397, 0.2203171755764529], [0.13091972152471157, 0.33237246836250967, 0.2955613310532451, 0.24114647905953385], [0.21365005793065167, 0.2102292732883709, 0.28913576063918156, 0.2869849081417959], [0.20836636019986884, 0.2776353780613654, 0.18441319285597088, 0.32958506888279515], [0.3311730044011888, 0.19832744100472532, 0.12006062575855911, 0.3504389288355266], [0.16053708772776756, 0.38931583753381827, 0.26443111630092636, 0.18571595843748812], [0.19813509173198293, 0.309290151806501, 0.3164771539588593, 0.1760976025026572], [0.11777683818115835, 0.36797758149653764, 0.35568848618569526, 0.15855709413660882], [0.2754624720492239, 0.2666348503791876, 0.14132889033043003, 0.31657378724115853], [0.21949492532731585, 0.30513572612257467, 0.1510044940936398, 0.32436485445646956], [0.2072674552886642, 0.3525660776084721, 0.22962892765351714, 0.2105375394493466], [0.19479715001262807, 0.28186494754402847, 0.2734830168144463, 0.24985488562889724], [0.2589251159671497, 0.29558509792007515, 0.21243870625831082, 0.23305107985446383], [0.2676119915338411, 0.27979370242782603, 0.14959101846307996, 0.3030032875752529], [0.19079402827225375, 0.21274474690287543, 0.2776965766447783, 0.31876464818009237], [0.2286483616707846, 0.2556871585191937, 0.21579033027554426, 0.29987414953447716], [0.23252944962482025, 0.32595276939471163, 0.15367530981170685, 0.2878424711687615], [0.27955029037517787, 0.25940354576541746, 0.10905978536121783, 0.35198637849818654], [0.2159840267640764, 0.28335462380689835, 0.27046934325575, 0.230192006173275], [0.2808766038496421, 0.33122537447530714, 0.08100720874425764, 0.30689081293079323], [0.3047860552169295, 0.2867761984820206, 0.10580620924096275, 0.302631537060087], [0.32195850001061, 0.17899757305718214, 0.13099113472741536, 0.3680527922047925], [0.3345828758344901, 0.18708218565533027, 0.1451946495017897, 0.3331402890083899], [0.29342181001198603, 0.33029913843226766, 0.04838498022041059, 0.32789407133533577], [0.1524956314442595, 0.2772547368376432, 0.3217005065821629, 0.24854912513593463], [0.16168518519866845, 0.3030339263408077, 0.25505111077353226, 0.28022977768699164], [0.17435056297789275, 0.28289980115301017, 0.24110567941229896, 0.30164395645679826], [0.24929455372813233, 0.2794930583183958, 0.13229030545302906, 0.3389220825004426], [0.30713113108924506, 0.25578311699509854, 0.10608726521561435, 0.33099848670004195], [0.12377145273674954, 0.43267193384761077, 0.23860859571268353, 0.20494801770295615], [0.35060087803841866, 0.2028823799705511, 0.06688909255602193, 0.37962764943500826], [0.18058174055248147, 0.3307109454389194, 0.25053461763849627, 0.2381726963701031], [0.29163527355685326, 0.238335190608464, 0.13297865064574865, 0.33705088518893395], [0.26768850320985754, 0.27468855682669535, 0.1123413002510532, 0.345281639712394], [0.34431231324502287, 0.2363673180031753, 0.04874347635214914, 0.3705768923996527], [0.31236879021982134, 0.22545650380258264, 0.1300232557714458, 0.33215145020615], [0.31501325764608973, 0.26803401656679143, 0.10230955822957707, 0.31464316755754174], [0.23820486020850823, 0.25666565522297713, 0.20369986434265294, 0.3014296202258619], [0.12972047724302516, 0.3563421222289561, 0.33109002729434883, 0.18284737323366998], [0.24741065762802963, 0.2751040945957261, 0.1493842217991761, 0.328101025977068], [0.22161380800886926, 0.25497399415115624, 0.2747683380308301, 0.24864385980914439], [0.2601926269736918, 0.2811022920024468, 0.18893556722670554, 0.26976951379715586], [0.27042083663669364, 0.3110600847414757, 0.10233326098135942, 0.3161858176404713], [0.25639565808223946, 0.3026531900831568, 0.15086148556124546, 0.2900896662733586], [0.21909157380592828, 0.3410225573011789, 0.14329100987543142, 0.2965948590174614], [0.2437782024140644, 0.35505045606005925, 0.10870796628626919, 0.29246337523960747], [0.2592140225761643, 0.23635091352872015, 0.20048351858360763, 0.30395154531150775], [0.17565210278509177, 0.3329836789047531, 0.3455357523741359, 0.14582846593601934], [0.25640543921547904, 0.2201196546765278, 0.19102783765795053, 0.3324470684500422], [0.22231611273713817, 0.3095532776359413, 0.12278185887225129, 0.3453487507546692], [0.23398735117041566, 0.3335312548065771, 0.14840027963318253, 0.2840811143898246], [0.2749166941712026, 0.28038175660891707, 0.1609873707978642, 0.28371417842201596], [0.3565001510970968, 0.21307687800791497, 0.11120559415670023, 0.3192173767382879], [0.2783587631535563, 0.2306886860638227, 0.1721739438223431, 0.31877860696027793], [0.31325153396845296, 0.2232863355241202, 0.06902370074606588, 0.3944384297613608], [0.17205894238112354, 0.30023497050529485, 0.260762707772204, 0.2669433793413774], [0.20229988430157214, 0.3217495399597662, 0.22380594184941066, 0.2521446338892509], [0.2732856594345831, 0.3313615282959507, 0.17881814802211665, 0.2165346642473496], [0.2627282623521413, 0.25837706647296055, 0.23399632270955756, 0.24489834846534092], [0.2557034234672058, 0.33934384640596943, 0.11053055620010062, 0.2944221739267239], [0.2921921504844618, 0.2830973263663515, 0.07165592677843761, 0.3530545963707491], [0.28965297572104065, 0.29173381420886557, 0.1557075094854222, 0.2629057005846714], [0.22969056031562377, 0.2589600273715826, 0.1802351104975281, 0.33111430181526535], [0.15734654680353347, 0.3524416347618111, 0.23707308941352154, 0.25313872902113393], [0.237910960361425, 0.3221254236773423, 0.17952147027002832, 0.26044214569120444], [0.287682595128463, 0.20410537483604024, 0.14040762640457316, 0.3678044036309236], [0.2937143027468536, 0.24752595868603766, 0.15542809530574614, 0.3033316432613628], [0.2685640521275639, 0.3178258387189906, 0.0733190689692559, 0.3402910401841899], [0.24676739323874128, 0.3198845002420441, 0.13561946023827454, 0.29772864628094037], [0.27897358005658596, 0.3331128896201769, 0.10074591972714174, 0.28716761059609547], [0.31631340920654977, 0.2067547174366691, 0.11646263189652192, 0.36046924146025944], [0.12929903982306418, 0.29428962126033464, 0.4033232324615199, 0.17308810645508194], [0.20831129192393819, 0.2967163784666273, 0.1820733732460246, 0.31289895636340986], [0.2833037960032711, 0.25699621303879994, 0.11026791065094387, 0.3494320803069851], [0.24185803206794343, 0.2500348980084664, 0.21891451270172613, 0.2891925572218638], [0.27708394783504314, 0.32178731223242724, 0.08819868806342927, 0.31293005186910045], [0.32292330824138976, 0.2575198279979437, 0.16143803207144802, 0.25811883168921806], [0.18024017816763693, 0.3712374069514076, 0.28886488259579596, 0.15965753228515978], [0.17041700164769336, 0.3239345131131547, 0.2891944646063545, 0.21645402063279792], [0.3142382013425204, 0.2374840603518424, 0.12314994923113733, 0.32512778907449996], [0.31458472886256156, 0.2148618027475955, 0.15905885713126552, 0.3114946112585774], [0.35888882897536106, 0.1595545522801856, 0.08460027133945637, 0.3969563474049968], [0.30347019532976033, 0.2592006205529366, 0.13570263234984986, 0.301626551767453], [0.14848083392664557, 0.3458949419327266, 0.28001137782840746, 0.22561284631222017], [0.1693266692739597, 0.2872603474940931, 0.26877581457594585, 0.27463716865600113], [0.31237875756957745, 0.20085912697813038, 0.10575624655695219, 0.38100586889534005], [0.36863077537525885, 0.2094294187848963, 0.0646461220388857, 0.3572936838009595], [0.29316736838304447, 0.28701039608803164, 0.11542940834888737, 0.3043928271800367], [0.2775319574890151, 0.27802286303389256, 0.12131466805375687, 0.32313051142333543], [0.22215115113678685, 0.29150564506883453, 0.26473873239747303, 0.22160447139690556], [0.320123120040874, 0.22711294869327112, 0.12239881626000769, 0.33036511500584714], [0.280069489757181, 0.2580115888180918, 0.17951470187821283, 0.2824042195465143], [0.34561144967805707, 0.19614477877844935, 0.06615638325886528, 0.39208738828462836], [0.2839789769372615, 0.26495645154358627, 0.14528157892378057, 0.30578299259537184], [0.2538523226077669, 0.2704501116447832, 0.13358990339526766, 0.34210766235218226], [0.11824994228352063, 0.32669944659643735, 0.37679398351313637, 0.17825662760690547], [0.3451456654979265, 0.19800678959892593, 0.08163730119222745, 0.37521024371092015], [0.25744445624628287, 0.2328479152146197, 0.18681997445185428, 0.3228876540872431], [0.26401706278258286, 0.2585439365662176, 0.15514996227904337, 0.32228903837215633], [0.2671809389870777, 0.2715898709143019, 0.12909234316711202, 0.3321368469315081], [0.3027450000649226, 0.23800579504412753, 0.10800220482541642, 0.3512470000655336], [0.23761077181166948, 0.35785945529753344, 0.1352979709745188, 0.2692318019162781], [0.3613477691467504, 0.17452547955252193, 0.05960038804486376, 0.4045263632558638], [0.32403973688221044, 0.2571562696213104, 0.06788732960593372, 0.3509166638905452], [0.2998797886512454, 0.2620278573049427, 0.09134944333043758, 0.34674291071337426], [0.1762771909610835, 0.26979147380352286, 0.27627485793795914, 0.27765647729743437], [0.2619684062113814, 0.2788235145449143, 0.14332072755696187, 0.3158873516867426], [0.30149826563510435, 0.307243561060937, 0.06907954792656536, 0.32217862537739356], [0.13842292201655154, 0.3791614033106399, 0.28595173749726155, 0.19646393717554705], [0.2186602430449777, 0.21040896484169283, 0.27753869644737167, 0.29339209566595753], [0.22565344104736543, 0.3232860757837529, 0.2213614993815529, 0.22969898378732906]]}}