{"test": {"ids": ["97106600", "104111531", "100109801", "111115780", "99114890", "108118060", "97111790", "111119610", "112121410", "106116441", "111119290", "103112470", "113118421", "112117210", "105116090", "113121980", "108117720", "102112301", "99119830", "97106000", "110118111", "106116120", "109115070", "105120280", "97105760", "100108520", "107120880", "113119700", "113119300", "103120730", "109116441", "112119930", "113120280", "101111210", "111121351", "102113981", "104117200", "112118810", "108118301", "106113830", "100116500", "113121010", "102117351", "102112030", "101114020", "102114270", "103113170", "108113700", "104113380", "109114651", "100117420", "99107500", "109117150", "97107040", "98111860", "112120700", "111121930", "97107821", "111119950", "98110680", "103110100", "105113260", "106121190", "104113170", "108114270", "98106111", "110118630", "102116500", "107114280", "99111930", "99105921", "105111990", "108121190", "113118511", "105116441", "112121010", "110120540", "102111990", "102110890", "101112160", "110120640", "113117550", "112121360", "104118070", "100109360", "110115140", "112119320", "105115680", "102108621", "113118870", "101116130", "100112060", "111120260", "110118301", "107114950", "107118780", "99109311", "108118291", "101108621", "98119591", "112117461", "103117200", "113118231", "112118161", "107120130", "105113330", "104112470", "108120260", "104118340", "109120150", "103110220", "113122320", "108119510", "99109910", "113120751", "112117780", "103120531", "113118820", "105115720", "99108460", "112118421", "110117200", "99108520", "97109080", "104114410", "113118620", "101109370", "105112100", "104114740", "103109641", "103113610", "106113170", "110118121", "97107950", "106115120", "99112531", "99111340", "100109311", "110113591", "113117401", "110121170", "108121351"], "labels": [3, 0, 0, 1, 2, 1, 2, 2, 0, 0, 3, 1, 3, 1, 1, 2, 1, 1, 1, 0, 1, 1, 0, 3, 0, 2, 1, 0, 1, 1, 3, 1, 0, 2, 0, 1, 3, 3, 1, 1, 2, 2, 1, 2, 3, 3, 3, 0, 1, 3, 2, 0, 2, 2, 0, 2, 1, 2, 0, 2, 1, 3, 2, 3, 3, 0, 1, 1, 3, 1, 1, 2, 1, 1, 1, 2, 1, 2, 0, 3, 0, 3, 3, 2, 0, 0, 1, 2, 3, 0, 2, 2, 3, 1, 3, 1, 1, 3, 0, 1, 0, 0, 3, 0, 2, 3, 1, 1, 2, 2, 2, 1, 1, 2, 1, 0, 3, 0, 1, 0, 3, 3, 2, 2, 1, 3, 1, 1, 2, 1, 2, 0, 3, 2, 1, 3, 1, 1, 0, 3, 2, 3], "predicted_labels": [1, 3, 3, 3, 1, 3, 3, 3, 3, 1, 3, 1, 3, 1, 1, 1, 3, 3, 2, 2, 0, 0, 1, 1, 3, 2, 3, 3, 3, 1, 0, 2, 3, 3, 0, 3, 3, 0, 3, 3, 3, 1, 1, 0, 1, 1, 0, 3, 0, 0, 3, 3, 1, 2, 2, 3, 2, 2, 0, 2, 2, 1, 2, 1, 0, 3, 1, 2, 1, 1, 1, 1, 3, 1, 1, 1, 1, 0, 0, 1, 0, 3, 0, 3, 0, 0, 1, 1, 0, 3, 2, 3, 1, 1, 0, 1, 0, 3, 1, 0, 0, 1, 1, 1, 2, 1, 1, 3, 2, 0, 1, 3, 1, 2, 0, 3, 1, 1, 1, 3, 3, 0, 1, 3, 2, 1, 2, 3, 3, 3, 1, 0, 1, 2, 0, 3, 2, 1, 0, 3, 3, 3], "confidence_scores": [[0.20654571706191713, 0.4044518684322078, 0.0016279849709637784, 0.3873744295349113], [0.008400735529462421, 0.032497798838815074, 0.045530409149139625, 0.9135710564825827], [0.0014777484225472518, 0.47910169023961324, 0.0003827448967310621, 0.5190378164411085], [0.0016647763438568492, 0.08091450245481994, 0.0005442175521777952, 0.9168765036491454], [0.00012546253092696874, 0.6654211701471159, 0.008571648291423825, 0.32588171903053337], [0.07988890303170161, 0.29844854773541923, 0.037926235518398015, 0.5837363137144811], [0.1103572618654194, 0.316386533839476, 0.08629642378390281, 0.48695978051120165], [0.024812216129688102, 0.01454632881098539, 0.04554338407908412, 0.9150980709802423], [0.3247695613916011, 0.0019417181383264363, 0.24828189167815937, 0.42500682879191304], [0.04097999853652747, 0.9140910199669077, 0.014289742428780056, 0.030639239067784825], [0.0011074196679578393, 0.010739348844232173, 1.9435367447362057e-05, 0.9881337961203628], [0.06311892934096311, 0.7329574393126216, 0.14771602899911196, 0.05620760234730331], [8.212528431286725e-05, 0.0013427284834541572, 0.0004429591542897099, 0.9981321870779434], [7.254729914074616e-05, 0.5243077739939124, 0.4717796573127133, 0.00384002139423366], [0.0360392057026304, 0.7169151803499448, 0.002693411784949383, 0.24435220216247538], [0.033316849950013584, 0.6988853358071249, 0.0012813476569283752, 0.26651646658593314], [0.005689870271598265, 0.003780551677591147, 0.030790319753060832, 0.9597392582977498], [0.007627955531623443, 0.022507946277907642, 0.0017888787122292314, 0.9680752194782397], [0.013739618665656712, 0.0023842067344820137, 0.7966970316118134, 0.1871791429880478], [0.00994993029576738, 3.128866871011064e-05, 0.988725349755698, 0.0012934312798243523], [0.6411627196531622, 0.013130137392896984, 0.011975943866812765, 0.33373119908712806], [0.7009572008536878, 0.2913379978351702, 0.0048548833549697575, 0.0028499179561721545], [0.002242299960862296, 0.9952730559917089, 3.298799409671908e-05, 0.0024516560533320037], [0.06528298315262757, 0.934385612576796, 0.00010599641623908383, 0.00022540785433749748], [0.12627697697047616, 0.014150982219005457, 0.000302363457103088, 0.8592696773534153], [0.00991510096340941, 0.00025855466739352123, 0.9789962615863007, 0.010830082782896149], [0.004640664272586845, 0.09893472382192685, 0.07518854700077376, 0.8212360649047126], [0.127295288523161, 0.36269903916319746, 0.1456832647113162, 0.36432240760232526], [0.011856297537761597, 0.024715778122635833, 0.0011172604226144555, 0.9623106639169882], [0.051530850962951256, 0.7868799685684312, 0.136997940883329, 0.024591239585288555], [0.7331019591785071, 0.04050365695155729, 6.081751214399549e-06, 0.22638830211872135], [0.24735709314256968, 0.023068256955665337, 0.557228465466872, 0.17234618443489294], [0.19730333404149294, 7.797855375840475e-05, 0.00014696038908900485, 0.8024717270156596], [0.008483967408279645, 0.03245808090873092, 0.05678961871429885, 0.9022683329686907], [0.9966624699621763, 0.00288874649636852, 2.831545539152699e-05, 0.0004204680860636017], [0.319577238797938, 0.003548678323760119, 0.023154497541696913, 0.653719585336605], [0.014047750789927526, 0.25494111751454696, 0.0010400165227446394, 0.7299711151727809], [0.8437484902185003, 0.14751956171359656, 0.00017390956082669233, 0.008558038507076563], [0.00018191453040006207, 0.1459501982674333, 0.0007159377147173701, 0.8531519494874492], [0.4622130655152672, 0.03787672542832242, 0.0035250974707937417, 0.4963851115856166], [0.001608334796437259, 0.004966426382865091, 0.4931627836992308, 0.5002624551214669], [0.0063733584421068355, 0.9691875339283694, 0.007865165987190753, 0.01657394164233296], [0.05667729633968537, 0.9430635343539006, 4.558339309986544e-06, 0.00025461096710412736], [0.38273967603366166, 0.31976937990376775, 0.2669135381317548, 0.030577405930815794], [0.015110766203982226, 0.7781474812895248, 0.015313602651563042, 0.19142814985492987], [0.0015604541805608226, 0.5875429974566423, 0.21556595866237474, 0.19533058970042208], [0.39305936770701105, 0.2675603013891118, 0.20587693103113114, 0.1335033998727461], [0.004669370357021403, 0.0574295369500911, 0.04213563992763359, 0.8957654527652539], [0.5275772303362595, 0.0121672850704923, 0.010202001358774901, 0.45005348323447336], [0.6756466496027842, 0.004438461548549009, 0.0289486570719197, 0.2909662317767473], [0.015851747791776095, 0.005076599379022059, 0.02866863124646751, 0.9504030215827344], [0.012435974670248703, 0.2802415937670164, 0.05223085399661904, 0.6550915775661157], [0.002294987610365704, 0.9958357828935881, 0.0018273195234854195, 4.19099725609078e-05], [0.0010770441271008497, 0.0858754768498531, 0.8953180057309577, 0.017729473292088342], [0.0007607353421157603, 0.006402500343280732, 0.992612263744598, 0.00022450057000541562], [0.006752757586587614, 0.0862192486377409, 0.015257322035175805, 0.8917706717404956], [0.001623576567358223, 0.0001090569588832261, 0.8996450750188482, 0.0986222914549103], [0.2693540525304266, 0.05213541902918746, 0.48330542226752193, 0.19520510617286402], [0.8979616737916679, 0.04482018739137536, 0.005145855304699172, 0.05207228351225762], [0.007979088563934665, 0.050365438232844076, 0.9408754083665777, 0.0007800648366435908], [0.009953566508271674, 0.29627075515717016, 0.6553582608683872, 0.03841741746617091], [0.007800150957978587, 0.9830939702052609, 0.002846378375151398, 0.006259500461609187], [0.00045656338756228353, 0.08068415314431737, 0.7175796930851691, 0.20127959038295115], [0.13255793420531756, 0.8638178370666163, 0.000224207898972865, 0.00340002082909326], [0.8298670020083465, 0.08505448420844981, 0.03358099646724403, 0.05149751731595955], [0.03127915930697268, 0.4550490820998456, 0.03871206171875179, 0.4749596968744299], [0.022903313598961104, 0.711163341539496, 0.06682901545991057, 0.1991043294016323], [0.18967691692548883, 0.18872966066717498, 0.35957170588432674, 0.26202171652300943], [0.0772369230599173, 0.4978646121325211, 0.38492558521855624, 0.03997287958900525], [0.09441859181666193, 0.8573950822311195, 0.043677349603618285, 0.004508976348600333], [0.01601786150003276, 0.718641665800092, 0.017162745087526302, 0.24817772761234896], [0.15074686152663816, 0.6977676197300223, 0.06082243105865072, 0.09066308768468867], [3.2062115108862525e-05, 0.027117391870747805, 0.001604808715540532, 0.9712457372986028], [0.24232560775274675, 0.7316265235306557, 0.02588955262713278, 0.00015831608946476286], [0.47545316449177494, 0.519428048732353, 0.004267480708456354, 0.0008513060674155929], [0.0005389917383731007, 0.8918018815312171, 0.10684510010481417, 0.000814026625595597], [0.0742693503809359, 0.9045078222923574, 0.0021072823448310654, 0.01911554498187557], [0.6829081560225306, 0.07565622282489994, 0.23590523108842212, 0.0055303900641473286], [0.484831626168303, 0.001985048847897169, 0.035479651277186774, 0.47770367370661315], [0.0015356698015580297, 0.8302225385873996, 0.16737552809231707, 0.0008662635187251999], [0.9394091097759844, 0.006627124581631506, 0.0016773050001479026, 0.052286460642236285], [0.004255219885029708, 0.0008994583307649734, 0.0007739347873355299, 0.9940713869968698], [0.5057127126007503, 0.12240676885381939, 0.07604960462714268, 0.29583091391828764], [6.153680346452117e-06, 0.0002469880960647878, 0.05824425233739073, 0.9415026058861979], [0.6697446258993148, 0.004199324825285193, 0.002644779919826169, 0.32341126935557385], [0.7506422272245185, 0.03740895158239046, 0.02615029229206478, 0.18579852890102622], [0.00018716655945896264, 0.6310662907531548, 0.05130001635989795, 0.3174465263274884], [0.018535411174160042, 0.6667660298815823, 0.09772660033232941, 0.2169719586119282], [0.8048755597824471, 0.037747062166901005, 0.00010546339388592838, 0.157271914656766], [0.009589915561982349, 0.2209652362796906, 0.003566097427808343, 0.7658787507305187], [0.04580191539766951, 0.053860180060072246, 0.79238797125407, 0.10794993328818824], [0.026069690770351275, 0.11739935854803751, 0.3225075174090116, 0.5340234332725996], [0.013999783680843146, 0.8170109913315009, 0.0006862873673882969, 0.16830293762026757], [0.16691874701178847, 0.5858204984444906, 0.002727497407813485, 0.24453325713590748], [0.6787389149230247, 0.028921814183848565, 0.2570952112793845, 0.035244059613742225], [0.02687526738146001, 0.9563176724253816, 0.0008642571903546828, 0.01594280300280365], [0.7860029407647015, 0.05718773436410115, 0.1488704549073983, 0.007938869963799075], [0.2874318812351506, 0.015258484304993285, 2.0019588434588953e-06, 0.6973076325010127], [0.2232849707268919, 0.5810404105735598, 0.16607910948942495, 0.029595509210123463], [0.4839464944389517, 0.02886106357016524, 0.4834147993056559, 0.0037776426852270013], [0.6205125692319161, 0.010091435811334792, 0.0014414340193237907, 0.3679545609374254], [0.03834714336072175, 0.9200996232827504, 0.004370341846033836, 0.037182891510494004], [0.0015370693611597092, 0.9643346471976598, 0.03206934565311508, 0.002058937788065408], [0.017495213542361335, 0.9813957426106942, 0.0006592124843960527, 0.0004498313625483302], [0.10662381395533745, 0.3310435082271086, 0.47803534337737585, 0.08429733444017803], [0.05832999077119493, 0.6398489326458663, 0.01236561420142194, 0.28945546238151687], [0.0006296467703591459, 0.7948080364694128, 0.009622618474742764, 0.19493969828548516], [0.005088757404806457, 0.0059863681486287896, 0.15909859483382685, 0.8298262796127379], [0.07658429541876186, 0.010198867735713534, 0.5910660753676383, 0.3221507614778863], [0.5656578283086265, 0.04552266675089902, 0.04974212984516136, 0.33907737509531294], [0.008584446155564784, 0.938971137205968, 0.003349004441020622, 0.04909541219744661], [8.559835141329991e-05, 0.47055322859094567, 0.02120339888044627, 0.5081577741771947], [0.11396609661227369, 0.7467440080051734, 0.006083666229292277, 0.13320622915326058], [0.013992389167797971, 0.10586598336414377, 0.8794653790726746, 0.000676248395383564], [0.9826179969139553, 4.670179766346488e-06, 0.00014093099906014724, 0.01723640190721806], [0.0006009337233937304, 0.0004096719626201486, 0.0003436304768938975, 0.9986457638370924], [0.04540155741120336, 0.8233037456787903, 0.06338748584577061, 0.06790721106423582], [0.4107069100185741, 0.5879029578736716, 2.154351634238523e-05, 0.0013685885914117813], [0.03879299499731748, 0.8849417550027421, 0.04337948168823323, 0.032885768311707045], [0.0011859778888285081, 0.023222476085453105, 0.00454246178665688, 0.9710490842390616], [0.1900935296715506, 0.023213692938175406, 0.0007964694667252113, 0.7858963079235487], [0.963363673273707, 0.027489523800067174, 0.0013828902481204412, 0.00776391267810534], [0.002141472396028727, 0.5323004043401848, 0.3191148505832321, 0.1464432726805544], [0.0054166135699403525, 0.2701863313601393, 0.1529825504637987, 0.5714145046061215], [0.0377645112669645, 0.2786895675309331, 0.5377230930607543, 0.1458228281413482], [0.001331729755147495, 0.9966054234350842, 0.00012920668467193737, 0.0019336401250964073], [0.3222751377801884, 0.0007062510204924041, 0.6767470782384851, 0.0002715329608340659], [0.05437448725823607, 0.022683159901023705, 0.014352218690256014, 0.9085901341504843], [0.0001318570089574389, 0.033989098373560844, 0.22506074176644508, 0.7408183028510366], [0.00011303847065965677, 0.0009218619914808056, 0.327440563147459, 0.6715245363904006], [0.0011113923577765667, 0.9027340789125232, 0.06926196831195462, 0.026892560417745643], [0.9816779971523565, 0.004768159466422862, 0.003890235215132946, 0.009663608166087764], [0.002971864905216794, 0.8075069025656106, 0.000588569228459621, 0.18893266330071304], [0.00013826887631007204, 3.606186516833293e-05, 0.9804193239991031, 0.01940634525941847], [0.7461097734170886, 0.009041441706355397, 0.00016645477566652316, 0.24468233010088938], [0.03010582800746146, 0.11723332291281587, 0.02543099841365094, 0.8272298506660717], [0.00018842824560137795, 0.00021429943618931691, 0.81474243027542, 0.18485484204278924], [0.19017995477896255, 0.5998209814728614, 0.09290007132970578, 0.11709899241847009], [0.94279599575234, 0.055447585005546494, 0.0002458911115243477, 0.0015105281305893667], [0.010739762565861179, 0.404313047083298, 4.2910033991004334e-05, 0.5849042803168498], [0.1074867147214979, 0.03474026017222037, 0.05322125084989315, 0.8045517742563886], [0.3591398863844599, 0.04744291815545896, 0.006266799768291964, 0.5871503956917892]]}, "rewritten": {"ids": ["97105760", "97106000", "97106600", "97107040", "97107821", "97107950", "97109080", "97111790", "98106111", "98110680", "98111860", "98119591", "99105921", "99107500", "99108460", "99108520", "99109311", "99109910", "99111340", "99111930", "99112531", "99114890", "99119830", "100108520", "100109311", "100109360", "100109801", "100112060", "100116500", "100117420", "101108621", "101109370", "101111210", "101112160", "101114020", "101116130", "102108621", "102110890", "102111990", "102112030", "102112301", "102113981", "102114270", "102116500", "102117351", "103109641", "103110100", "103110220", "103112470", "103113170", "103113610", "103117200", "103120531", "103120730", "104111531", "104112470", "104113170", "104113380", "104114410", "104114740", "104117200", "104118070", "104118340", "105111990", "105112100", "105113260", "105113330", "105115680", "105115720", "105116090", "105116441", "105120280", "106113170", "106113830", "106115120", "106116120", "106116441", "106121190", "107114280", "107114950", "107118780", "107120130", "107120880", "108113700", "108114270", "108117720", "108118060", "108118291", "108118301", "108119510", "108120260", "108121190", "108121351", "109114651", "109115070", "109116441", "109117150", "109120150", "110113591", "110115140", "110117200", "110118111", "110118121", "110118301", "110118630", "110120540", "110120640", "110121170", "111115780", "111119290", "111119610", "111119950", "111120260", "111121351", "111121930", "112117210", "112117461", "112117780", "112118161", "112118421", "112118810", "112119320", "112119930", "112120700", "112121010", "112121360", "112121410", "113117401", "113117550", "113118231", "113118421", "113118511", "113118620", "113118820", "113118870", "113119300", "113119700", "113120280", "113120751", "113121010", "113121980", "113122320"], "labels": [0, 0, 3, 2, 2, 2, 2, 2, 0, 2, 0, 1, 1, 0, 0, 2, 1, 2, 1, 1, 3, 2, 1, 2, 1, 0, 0, 2, 2, 2, 0, 1, 2, 3, 3, 2, 3, 0, 2, 2, 1, 1, 3, 1, 1, 1, 1, 2, 1, 3, 2, 0, 3, 1, 0, 1, 3, 1, 1, 2, 3, 2, 2, 2, 1, 3, 3, 2, 1, 1, 1, 3, 0, 1, 1, 1, 0, 2, 3, 3, 1, 2, 1, 0, 3, 1, 1, 3, 1, 1, 1, 1, 3, 3, 0, 3, 2, 2, 0, 0, 3, 1, 3, 1, 1, 1, 0, 2, 1, 3, 2, 0, 3, 0, 1, 1, 0, 0, 0, 3, 3, 1, 1, 2, 2, 3, 0, 3, 3, 3, 3, 1, 3, 0, 0, 1, 0, 0, 1, 2, 2, 1], "predicted_labels": [3, 2, 2, 3, 0, 2, 2, 1, 3, 1, 1, 1, 1, 3, 3, 3, 0, 2, 3, 1, 0, 2, 2, 2, 0, 0, 0, 0, 2, 3, 1, 2, 3, 1, 3, 2, 0, 0, 0, 0, 0, 0, 1, 2, 1, 0, 1, 1, 1, 3, 2, 1, 3, 0, 3, 3, 1, 0, 1, 2, 3, 3, 3, 1, 3, 1, 1, 1, 3, 1, 2, 3, 0, 0, 0, 0, 1, 3, 1, 2, 0, 2, 0, 3, 1, 3, 1, 3, 3, 0, 3, 1, 0, 3, 1, 1, 0, 3, 1, 0, 0, 3, 0, 1, 1, 2, 0, 3, 2, 0, 0, 3, 1, 1, 2, 2, 0, 3, 1, 3, 1, 2, 2, 3, 0, 3, 3, 3, 3, 1, 0, 3, 1, 0, 1, 3, 1, 0, 0, 1, 1, 3], "confidence_scores": [[0.04093628787500677, 0.038650408969888396, 0.004807199075666389, 0.9156061040794385], [0.17145288578466905, 0.12600101110892403, 0.7018920325708056, 0.0006540705356012555], [0.10651967729429634, 0.036065394831495325, 0.6310758966652542, 0.22633903120895413], [0.0071694340556549985, 0.013671783970337664, 0.0702244841049547, 0.9089342978690527], [0.46505098983844523, 0.07476334911627172, 0.43662327800089495, 0.023562383044388277], [0.0002667575614148271, 9.240499081327578e-05, 0.6879039309584922, 0.3117369064892797], [0.004964009680060745, 0.0002831675717040382, 0.9434437813988431, 0.05130904134939209], [0.0068793527284885065, 0.9429875359082419, 0.004174099331145147, 0.045959012032124505], [0.001129531976724315, 0.07652620802363136, 0.016099859647535877, 0.9062444003521084], [0.33936724658072887, 0.6297734700912292, 0.03009312805326847, 0.0007661552747735554], [0.020345157853828597, 0.9524490002615272, 0.024254224837424537, 0.00295161704721965], [0.040328716540367474, 0.4379000919138305, 0.37171551509325984, 0.15005567645254217], [0.07155450732212881, 0.9230095251851603, 0.004213058040859473, 0.0012229094518513665], [4.100897224351661e-05, 0.0017645668084650841, 0.0015803349947907674, 0.9966140892245006], [1.2683484307161986e-05, 0.0506662478746436, 0.01731346442579931, 0.93200760421525], [1.0847990776202429e-05, 0.000272942887923514, 0.1774549306090249, 0.8222612785122754], [0.9935082882860734, 0.004526703982391941, 9.151860501260874e-05, 0.001873489126521931], [0.021074798410256484, 0.06216803784660321, 0.7963227282000109, 0.1204344355431294], [7.85027860174173e-06, 0.02364282164197104, 0.047298733215627886, 0.9290505948637994], [0.0166519317718151, 0.9763780908460965, 0.0023589710709997842, 0.004611006311088296], [0.8575216082199079, 0.03148196796685634, 0.00012355653889107093, 0.11087286727434467], [4.668965720876153e-05, 0.14377627761408124, 0.8231912440187588, 0.032985788709951135], [0.0017341243005387752, 0.22863039899212834, 0.707779743833515, 0.06185573287381775], [0.011051085735885792, 0.012706519076757948, 0.9689968125478269, 0.007245582639529454], [0.8899725875950195, 0.011772386057642657, 0.06224659951153612, 0.036008426835801854], [0.8836708265036256, 0.0030768773582075808, 0.017853674964191952, 0.09539862117397493], [0.8599413914804876, 0.11466519638609761, 0.004977690961122282, 0.020415721172292487], [0.5214290786998675, 0.1495742058343088, 0.00707682664499924, 0.3219198888208243], [0.021427799173090466, 0.029120427594366744, 0.7240792763193613, 0.2253724969131814], [9.753704419468795e-05, 0.001222624383392742, 4.294770487199684e-05, 0.9986368908675406], [0.010137486853741681, 0.5066724402386708, 0.06617380090304775, 0.4170162720045397], [0.027617458130092358, 0.039423651648827315, 0.931077255514734, 0.0018816347063462966], [0.02532111643370191, 8.539768937303227e-05, 0.03459585418171042, 0.9399976316952147], [0.007472465512265243, 0.9588752545221724, 0.03145738106412329, 0.002194898901439145], [0.007702387665671283, 0.27016222525548916, 0.0025960394128329172, 0.7195393476660067], [0.323864689586732, 0.007175622333969662, 0.5198905563841765, 0.14906913169512193], [0.8767975580726283, 0.061334818032489725, 0.0008446073292913228, 0.061023016565590636], [0.9882487834019876, 0.00038601404957808573, 0.005272262508594496, 0.006092940039839888], [0.7782372351884057, 0.009383752478838095, 0.13714833726375725, 0.07523067506899905], [0.9926334726401148, 0.0011555978287603103, 0.002855678271175962, 0.003355251259948637], [0.8938169976621981, 0.0007994194248267489, 0.0017141728156120312, 0.10366941009736315], [0.9990779494081333, 0.0003654962194348564, 1.3474458198882751e-05, 0.0005430799142330606], [0.0026709883714565777, 0.9024385678036116, 0.09488603143618565, 4.412388746067752e-06], [0.0868772563654279, 0.00034638642047981493, 0.8767911220959717, 0.035985235118120656], [0.01765092427921537, 0.9823166704504622, 5.745807206372151e-07, 3.1830689601705016e-05], [0.5669713231827468, 0.3715589180951477, 0.006114628489937464, 0.05535513023216819], [0.059375111886056826, 0.44418895908387845, 0.08500386758818947, 0.4114320614418752], [0.013196006020355663, 0.5834005781489234, 0.18085747043630618, 0.22254594539441477], [0.048685441087964645, 0.8048584121298372, 0.0034747148496175368, 0.14298143193258056], [0.0201659080891351, 0.11474262416148187, 0.06341118130533706, 0.801680286444046], [0.04766021316427381, 0.05066841824547626, 0.7947220051703242, 0.10694936341992577], [0.0015519802925341995, 0.9971727620780049, 7.561888811778374e-05, 0.0011996387413431104], [0.17781976935861107, 0.015122807071571718, 0.35186812643050286, 0.45518929713931433], [0.6642823991809111, 0.0005434827185511798, 0.0191973933120033, 0.3159767247885344], [0.04257979737546257, 0.0030425514419341257, 0.05361735226089206, 0.9007602989217112], [0.0008475321316633185, 9.028701182578362e-05, 0.00045401150503528566, 0.9986081693514756], [0.14446898542742315, 0.6065777718177349, 0.024113601494545122, 0.22483964126029674], [0.9970486354333573, 0.00028078500762730366, 0.00022897079195101673, 0.0024416087670644155], [0.1382752215593694, 0.8383565517837352, 0.021359258289628435, 0.0020089683672669515], [0.004958753205078769, 0.04618384457075511, 0.7629800496883083, 0.1858773525358577], [0.040992526997695, 0.02090919603627964, 0.07700893796328628, 0.8610893390027391], [0.0004613387004042833, 0.0001116066977118039, 0.0959302719168541, 0.9034967826850299], [0.009897664113595158, 0.022361424631249745, 0.07376063381255193, 0.8939802774426031], [0.0008232324820199035, 0.7044360252073701, 0.003354754082162332, 0.2913859882284476], [0.08999183267485372, 0.0010751281348522347, 0.0046743490891521106, 0.904258690101142], [0.13358192417350542, 0.8627104334099437, 0.0032294240330969066, 0.00047821838345413995], [0.0035592902912844285, 0.9946527489409077, 0.0002764472922495865, 0.001511513475558319], [0.0013403000538306218, 0.9316876387962003, 0.058539367194354944, 0.008432693955614277], [0.0002937192565075717, 0.1470050616110613, 0.20969706899833704, 0.643004150134094], [0.04593624473475898, 0.943544306105059, 0.0011465346367573136, 0.009372914523424617], [0.029394968386270842, 0.0006681574742523513, 0.9697304138079084, 0.00020646033156830848], [0.06284303508875093, 0.02764142428765327, 0.3224583307740656, 0.5870572098495302], [0.969635578656505, 0.004316637861907329, 8.014357821736483e-05, 0.02596763990337033], [0.5033312286842924, 6.023451569750721e-05, 0.0508802783950718, 0.4457282584049384], [0.999347050938973, 6.595331741709412e-05, 4.1856592906033415e-06, 0.0005828100843190638], [0.7712461089548563, 0.14851097419106557, 0.06572177530039752, 0.014521141553680639], [0.2090511294256035, 0.46913016524529444, 0.2551909845184425, 0.06662772081065951], [0.025410783654090725, 0.07072720113208697, 0.016471595486068857, 0.8873904197277536], [0.22849883832128962, 0.7690318993429426, 0.0009961850844404365, 0.0014730772513273985], [0.00021342377413090664, 1.4772293374196632e-05, 0.9993132384888169, 0.00045856544367802674], [0.821400861552726, 0.074938667979681, 0.010410769774900545, 0.09324970069269237], [0.05552076639220447, 0.14905618241553123, 0.6457078972112289, 0.14971515398103544], [0.9969681308303134, 2.5064723749478503e-05, 0.0020193492323315803, 0.0009874552136054499], [0.010010144149502421, 0.012937527241824013, 0.14906936039287477, 0.8279829682157988], [0.12599713368518184, 0.8140350524590044, 0.04919982985192997, 0.010767984003883678], [0.0001345801369387689, 8.911975266311109e-05, 1.6104974520555736e-06, 0.9997746896129461], [0.083022270559701, 0.6075416598784565, 0.002683871195423564, 0.30675219836641887], [0.06686212072175407, 0.0021904322669195164, 1.5075748813468318e-06, 0.9309459394364451], [0.01158566502021747, 0.0541437558498421, 0.00011146707669229696, 0.9341591120532482], [0.884188479503506, 0.11198289555879945, 0.0009007505163104762, 0.0029278744213841234], [0.03216905241399635, 0.013991198603358119, 0.0028834616116323185, 0.9509562873710131], [1.2141019743672296e-05, 0.9781569788232465, 0.00020201840289302506, 0.021628861754116734], [0.8481894186234341, 0.057724385372000926, 0.0007283243381901478, 0.0933578716663747], [0.006111917621574978, 4.729332391426672e-05, 5.8843064899966395e-05, 0.9937819459896108], [0.016694895617157052, 0.9800132937706552, 0.0003616857978978315, 0.002930124814289672], [0.16308420175178906, 0.7751642041893378, 3.6020487276461195e-06, 0.061747992010145546], [0.6442731917853719, 0.022738484642043564, 0.33296553072188945, 2.2792850695249085e-05], [0.00016860392788909496, 0.00505369061177781, 0.00746590579366776, 0.9873117996666653], [0.2485415143591596, 0.4334172812112702, 0.003481425172176071, 0.31455977925739415], [0.999630214091558, 5.8186438814682136e-05, 6.14036467521208e-05, 0.00025019582287517364], [0.6177819613522569, 0.3781636437645888, 0.004009674847598994, 4.4720035555195905e-05], [0.06329360401985117, 0.32355570245687154, 0.021648101621840388, 0.591502591901437], [0.5575860496695603, 0.027630177919567043, 0.008393839942552191, 0.40638993246832045], [0.21798034180245135, 0.779629775871368, 0.0006933726364182302, 0.0016965096897624675], [0.057714027611375215, 0.7685620093735888, 0.11582998731032174, 0.05789397570471438], [0.0035809714243907552, 0.0006801743521010639, 0.9927456832750378, 0.002993170948470395], [0.6319963649685209, 0.18683868755375024, 0.050392306597558, 0.13077264088017085], [0.0158085735828916, 0.16097715211164096, 0.29080640096173205, 0.5324078733437354], [0.027974251044861367, 0.17714630295859468, 0.46483588388593744, 0.3300435621106066], [0.37403411231794215, 0.26897788600850653, 0.2543901771012231, 0.10259782457232834], [0.9829490058088473, 0.008073346649411893, 0.0018635868537130581, 0.007114060688027836], [0.1494380234012243, 0.031031783591834002, 0.05434717027994774, 0.765183022726994], [0.006798371600240478, 0.5633680129658594, 0.4107212239551602, 0.019112391478739943], [0.03528533555705458, 0.9646871046773596, 2.6113819899373186e-05, 1.4459456864353499e-06], [0.027180540754947385, 0.0021793149514519957, 0.9514244314804965, 0.019215712813104205], [2.3789199740884343e-05, 0.1266348302535217, 0.8732883334172944, 5.304712944314037e-05], [0.999993054276515, 1.7451421028021735e-06, 8.290594356917005e-07, 4.371521946464578e-06], [0.004559677562671557, 0.07800943033384751, 0.0032640041443608224, 0.91416688795912], [0.022126822143759117, 0.9763106836871744, 0.00044645768895283525, 0.0011160364801135723], [0.3366780797323965, 0.03309744487620237, 0.0004353083920457302, 0.6297891669993555], [0.07688678333193012, 0.7296609085725039, 0.18757201436374074, 0.005880293731825287], [9.529244875187327e-06, 0.13711215533834478, 0.8032324007680562, 0.05964591464872381], [0.04810153015052245, 0.023622465464081324, 0.7483795431689456, 0.17989646121645061], [0.018485457910427612, 0.014845135047472506, 0.2185846181183821, 0.7480847889237178], [0.4947665893881457, 0.01547497909026779, 0.472328289184086, 0.017430142337500492], [0.23138074162302835, 0.004399724523721073, 0.0018582049589751643, 0.7623613288942753], [0.020880378948798455, 0.0030305631909563306, 0.0028159905908135907, 0.9732730672694316], [0.08591233910674027, 0.2333016760311869, 6.649116816378326e-05, 0.680719493693909], [0.006477169295310075, 0.004276608136585529, 0.18630166026050796, 0.8029445623075965], [0.2207400708702918, 0.509859301622142, 0.016105523886516024, 0.2532951036210502], [0.9190989728291331, 2.508150559968038e-06, 2.1151549897608165e-07, 0.080898307504808], [0.047593084082185155, 0.44890177909283363, 0.008884392471379229, 0.49462074435360204], [0.0003768744317953514, 0.9888795811158229, 0.0009187757747789293, 0.009824768677602992], [0.9968046119765517, 0.00318738360271384, 6.1257240741438986e-06, 1.8786966604839314e-06], [0.36453364673700633, 0.5658899179111144, 0.0008967280122658114, 0.06867970733961334], [0.2486888230690884, 0.009864822034792336, 0.2040197352683212, 0.537426619627798], [0.0012543042097861437, 0.521969199386533, 0.454660437389416, 0.02211605901426491], [0.7928820975623301, 1.8809797854571187e-05, 0.0007577808784739045, 0.20634131176134138], [0.5142728436661325, 0.010539069332386053, 0.011894702004050644, 0.46329338499743095], [0.0008183372077030002, 0.5680664450752725, 0.0002071193183554097, 0.43090809839866895], [0.05618928770470219, 0.712553991622993, 0.1858724692471078, 0.04538425142519707], [0.00020044484069191347, 0.004304524975440564, 1.9086828490157284e-05, 0.9954759433553774]]}}