{"test": {"ids": ["99108000", "113118511", "111120190", "102113981", "108119550", "100109980", "110115140", "113122320", "111119300", "112116290", "99105921", "100109000", "106118820", "104114740", "111118301", "99111440", "111115620", "105115680", "102110690", "97109570", "108118060", "111117120", "98109090", "113119480", "101112160", "110118701", "100108080", "108116481", "111120640", "102110890", "112120640", "104114240", "111119930", "99107660", "100109311", "104113000", "110119300", "103111930", "112117571", "106113360", "101110740", "102108621", "113118231", "98109570", "111121220", "107119130", "106117770", "105113190", "108114040", "99109840", "106113170", "112119500", "100108490", "105110091", "103111620", "108113760", "108117451", "111116010", "99119830", "106120290", "110118161", "107114490", "111119580", "111117200", "100109330", "101121640", "99109141", "111116530", "113121010", "98107410", "111121190", "97110950", "112117790", "112116800", "108118301", "109116170", "107116501", "107116980", "97116790", "109114651", "106113190", "99111620", "106118301", "103110100", "112116451", "104111990", "101108500", "101108580", "99109780", "99108710", "102117351", "103120730", "105110251", "99108310", "107113180", "109116750", "108115500", "103110050", "105113330", "113119120", "113118810", "108114360", "113120640", "107118490", "99109370", "98113881", "103111990", "103113170", "110121170", "105118171", "112118421", "98107210", "110114561", "107116340", "99107640", "103118110", "105117200", "107113840", "103112470", "108119510", "101111620", "110120560", "104112201", "112118880", "105112240", "112117431", "102110050", "98108520", "112119450", "112118930", "104119340", "109116930", "108121410", "111116040", "99109161", "98106111", "113119450", "99120010", "107120880", "98108970", "105119550", "107114280"], "labels": [2, 1, 3, 1, 1, 1, 0, 1, 1, 0, 1, 1, 3, 2, 3, 3, 1, 2, 0, 0, 1, 2, 1, 3, 3, 3, 0, 0, 0, 0, 0, 0, 1, 3, 1, 1, 1, 3, 3, 0, 3, 3, 3, 1, 3, 1, 0, 3, 0, 2, 0, 2, 2, 0, 0, 1, 2, 1, 1, 2, 0, 3, 3, 0, 0, 2, 3, 3, 2, 3, 1, 3, 3, 0, 1, 0, 1, 3, 2, 3, 0, 3, 1, 1, 0, 2, 3, 0, 2, 2, 1, 1, 0, 2, 3, 0, 3, 3, 3, 3, 3, 1, 0, 2, 1, 3, 2, 3, 2, 3, 3, 1, 0, 3, 1, 2, 3, 3, 1, 1, 3, 0, 0, 1, 1, 0, 3, 2, 3, 1, 1, 0, 0, 0, 3, 0, 3, 2, 1, 3, 1, 3], "predicted_labels": [3, 0, 1, 0, 1, 3, 3, 3, 1, 3, 0, 1, 3, 1, 3, 0, 1, 1, 0, 1, 1, 3, 3, 3, 1, 1, 3, 0, 1, 3, 1, 3, 0, 0, 0, 3, 3, 1, 3, 3, 3, 3, 3, 0, 0, 2, 3, 1, 1, 1, 0, 1, 1, 1, 1, 0, 3, 1, 0, 1, 1, 0, 0, 0, 0, 1, 3, 3, 3, 0, 3, 0, 0, 3, 0, 1, 3, 0, 1, 0, 2, 1, 0, 1, 3, 1, 2, 0, 1, 1, 1, 0, 0, 1, 1, 0, 2, 1, 1, 0, 1, 3, 3, 3, 0, 1, 2, 1, 3, 3, 0, 3, 0, 3, 3, 1, 1, 0, 3, 1, 1, 3, 3, 1, 1, 0, 1, 0, 1, 0, 1, 1, 3, 3, 0, 3, 0, 1, 3, 1, 3, 1], "confidence_scores": [[0.17614905495943314, 0.3156397333848448, 0.0858166584639785, 0.4223945531917437], [0.5294303423125383, 0.19709259290312786, 0.08446358086139666, 0.1890134839229372], [0.24312894898627624, 0.37799288154407906, 0.17459003679931676, 0.20428813267032797], [0.4783405169064023, 0.29385404410701754, 0.06740429785001369, 0.16040114113656634], [0.13301000613826774, 0.47771549374787886, 0.14075201417278457, 0.24852248594106885], [0.13988152660157965, 0.2287661940313727, 0.28205627549967754, 0.34929600386737], [0.16639518347206744, 0.1141997968738659, 0.12114078901925208, 0.5982642306348146], [0.2585546106444496, 0.19882661487282732, 0.16312675443210362, 0.3794920200506195], [0.24289169004094818, 0.329996009587621, 0.15313013299120884, 0.273982167380222], [0.31305233030522395, 0.19289380439331036, 0.16488600024751074, 0.32916786505395507], [0.42377319099297767, 0.27172035001262024, 0.06682929860634149, 0.23767716038806058], [0.21746950075892263, 0.3056622235790792, 0.1905878774399962, 0.286280398222002], [0.2201270847904858, 0.2217816123051135, 0.1534577204524722, 0.4046335824519286], [0.21896517864942433, 0.30661433755526424, 0.17030890734419601, 0.30411157645111514], [0.24822268384407292, 0.23050651981901693, 0.1616693930640193, 0.359601403272891], [0.3402493348337953, 0.3065364310561921, 0.20119656816992915, 0.15201766594008345], [0.2906099486886669, 0.3801423375056836, 0.08290796043501271, 0.2463397533706368], [0.2591370041088091, 0.26885428174760784, 0.2272813629244155, 0.24472735121916764], [0.39888176896937316, 0.14588903328718336, 0.08353985717327161, 0.371689340570172], [0.2819112950753582, 0.38105233443903014, 0.16924377971179363, 0.16779259077381806], [0.24785151907611644, 0.29177060554456663, 0.17109026543075714, 0.2892876099485598], [0.2240777097402471, 0.26906868134525624, 0.15462408479460044, 0.3522295241198961], [0.1768396512844959, 0.2932036239363179, 0.14466399594574642, 0.3852927288334398], [0.3374795935563753, 0.20941197739889236, 0.08472344534714218, 0.3683849836975902], [0.1856072590494869, 0.37287021308679696, 0.15175580216089643, 0.28976672570281964], [0.2106977388624071, 0.6186948021162423, 0.04498273860976051, 0.12562472041159012], [0.26896167380094277, 0.16787586020504322, 0.15817066005748479, 0.4049918059365293], [0.6463041562591052, 0.17955478789290688, 0.04810778433091152, 0.1260332715170764], [0.29387273902196964, 0.348986631075193, 0.20423548985849682, 0.15290514004434042], [0.3075304688992988, 0.2210051840207451, 0.13906901757821344, 0.33239532950174266], [0.2828712175126836, 0.36696216041668034, 0.14535039270618222, 0.20481622936445384], [0.2939675444128494, 0.2643859654586354, 0.12027033561373866, 0.32137615451477647], [0.3555506841069972, 0.1928320319453825, 0.11651785723643591, 0.3350994267111845], [0.44095690028045775, 0.21358283846986573, 0.1435958253386059, 0.2018644359110706], [0.37391778750769794, 0.21908681743069522, 0.09816107846581407, 0.30883431659579297], [0.22052542838479613, 0.30578947136115, 0.11586409966560496, 0.35782100058844896], [0.33936978503909104, 0.21702213923417865, 0.06896736696028254, 0.3746407087664477], [0.32013430912701835, 0.3299452509920869, 0.17897374886478323, 0.17094669101611162], [0.20637497021814347, 0.2702639773443902, 0.07045941530642948, 0.4529016371310368], [0.17544558637833582, 0.24113178752259504, 0.11118771602043538, 0.47223491007863383], [0.2014649615076465, 0.2624820236923258, 0.21993390350498693, 0.31611911129504094], [0.2998332531249065, 0.15499575692234097, 0.10596795468587013, 0.4392030352668823], [0.24077399322968862, 0.2682888617012623, 0.1717461747671367, 0.3191909703019124], [0.3459453794055293, 0.24096418764857894, 0.2290119102478775, 0.18407852269801445], [0.44360954176200557, 0.2627900476635272, 0.10037595878786965, 0.19322445178659767], [0.10323354284592932, 0.3550334195819616, 0.4081894645322236, 0.13354357303988554], [0.1893837737946566, 0.2762843876625383, 0.19771813316256936, 0.33661370538023566], [0.1900464078401034, 0.39271183980752455, 0.12436904054965711, 0.2928727118027149], [0.11262443399938846, 0.37115858111300065, 0.2329336396450127, 0.2832833452425983], [0.15003143688295278, 0.4273062166040077, 0.13341110716143903, 0.2892512393516006], [0.39324601288023536, 0.20056443832256943, 0.2394864354676405, 0.1667031133295546], [0.2152287858893287, 0.27193414399275034, 0.24475699253111693, 0.26808007758680397], [0.12625699329581655, 0.3127166634930438, 0.27081184751011694, 0.2902144957010227], [0.30210777520780574, 0.3975811905756267, 0.05754572401199991, 0.24276531020456776], [0.25344015023841177, 0.31900751201851163, 0.25519166294855955, 0.17236067479451705], [0.3671141083312421, 0.2724636978950961, 0.1313567289605426, 0.22906546481311918], [0.25082074445785585, 0.31191367790744, 0.07781244788715394, 0.35945312974755017], [0.22941131590997912, 0.517786773899289, 0.09721408138068931, 0.15558782881004266], [0.5970979750840227, 0.13245323115436974, 0.0912336430984215, 0.17921515066318608], [0.17678579866561273, 0.4039253517526584, 0.20890555518239098, 0.2103832943993378], [0.2048418784759339, 0.5453061393659173, 0.06070245223977913, 0.18914952991836984], [0.28003087450871567, 0.2752912309029407, 0.16685989157130546, 0.2778180030170383], [0.34268612182072145, 0.19286890064417242, 0.28410261034627304, 0.18034236718883326], [0.3098899931343913, 0.2810313185031303, 0.1567267361176365, 0.25235195224484197], [0.40303053953239565, 0.2662095527349237, 0.16879709636688886, 0.1619628113657917], [0.1923102334255312, 0.42604543771228404, 0.2395036190882117, 0.14214070977397306], [0.2630252680617723, 0.20431639284995295, 0.07583307964002384, 0.45682525944825114], [0.27957050609254575, 0.15761109834540057, 0.27022954298100776, 0.292588852581046], [0.2666231636695155, 0.2484035359225577, 0.21816301634753102, 0.26681028406039586], [0.40895450696575125, 0.15649577093577205, 0.07669198446007146, 0.3578577376384051], [0.2379874825950988, 0.2320506484960239, 0.127305517815095, 0.4026563510937824], [0.32214370047843915, 0.13445971639167315, 0.27253087790848857, 0.270865705221399], [0.3027744131707518, 0.22116861594320136, 0.18779004580771314, 0.2882669250783337], [0.15768553171305574, 0.2918765340032747, 0.08426750342448522, 0.46617043085918447], [0.33853438498332544, 0.2866707997628655, 0.15541784504121972, 0.21937697021258923], [0.22888624537495467, 0.4485275084879245, 0.12227375455053542, 0.20031249158658537], [0.33580796771511895, 0.21167242316829654, 0.043152822368862684, 0.4093667867477218], [0.34418083710855446, 0.27563290905404003, 0.12836340802347582, 0.2518228458139297], [0.14185382991667264, 0.344848600513113, 0.2931297016570857, 0.22016786791312873], [0.35246795080239834, 0.2369978605618711, 0.1327491451817662, 0.27778504345396454], [0.11055725663262625, 0.24895096549707993, 0.4458339378171416, 0.1946578400531522], [0.19018212502899864, 0.35044192581715483, 0.24364711668593475, 0.21572883246791175], [0.3955008155103089, 0.16051515097108277, 0.11526500986397561, 0.3287190236546327], [0.33252860675303536, 0.335171359126323, 0.07748878795317456, 0.2548112461674671], [0.32675843046381825, 0.2005454126839143, 0.06516107329232784, 0.4075350835599397], [0.2562852967092369, 0.3327794319811872, 0.2512617306140584, 0.15967354069551762], [0.09603404539928338, 0.19483167835101545, 0.5730764968076935, 0.1360577794420078], [0.48446294958824776, 0.18053815098424766, 0.1635593551902976, 0.1714395442372072], [0.12959935882272897, 0.369055028205581, 0.21606800228553363, 0.28527761068615637], [0.15145077913949226, 0.48537594353183894, 0.1737571173844531, 0.1894161599442158], [0.26437368114584586, 0.39362960315051143, 0.11547238862490951, 0.22652432707873335], [0.4100057902137593, 0.16267342274482063, 0.19034725083098572, 0.2369735362104345], [0.5180012168257422, 0.25651361994988914, 0.08491772328744943, 0.1405674399369192], [0.2864473615255783, 0.30569406059410154, 0.13381090753517713, 0.2740476703451431], [0.18451118790271553, 0.4213301017403286, 0.14638562478052167, 0.2477730855764343], [0.4037419652096368, 0.24173980946936371, 0.18610475461900375, 0.16841347070199567], [0.18173531342749163, 0.27712620127064364, 0.27861501588960536, 0.26252346941225935], [0.13521206359060675, 0.34214572774838264, 0.2649018320244912, 0.25774037663651955], [0.3208966293138338, 0.34889332340588214, 0.08735404641368381, 0.24285600086660036], [0.26213043094445954, 0.24248011657364016, 0.24464634199425794, 0.25074311048764236], [0.23425158583798322, 0.3664823139644584, 0.24524249599678424, 0.15402360420077432], [0.13842263365193244, 0.1785957856640501, 0.2792003119574663, 0.40378126872655123], [0.1888962752085907, 0.13132036764562333, 0.12236517017728353, 0.5574181869685025], [0.16727066422943657, 0.1379345827023376, 0.1911578551404705, 0.5036368979277553], [0.29075029611803155, 0.2520970990226006, 0.25956728010999214, 0.19758532474937565], [0.2950311118617109, 0.48159133159930057, 0.07433986347714713, 0.14903769306184167], [0.22164350449278158, 0.2500130739023347, 0.3319782347575037, 0.19636518684738016], [0.18096780927906678, 0.4287771818913906, 0.20450919117616911, 0.18574581765337347], [0.14006133827378414, 0.14499396917609642, 0.0730508420109848, 0.6418938505391347], [0.31045901276820603, 0.2397315974164922, 0.053235439718825356, 0.3965739500964764], [0.405335560935331, 0.25826903316433925, 0.09134573342029122, 0.24504967248003864], [0.2755164096314324, 0.23153228929483977, 0.1237044505057679, 0.3692468505679601], [0.3746353447809899, 0.2290410650768313, 0.14423814509025293, 0.2520854450519261], [0.23765227596018346, 0.2144461477187448, 0.2606341989110227, 0.2872673774100492], [0.23349411945840945, 0.2824366711963517, 0.20135954714616344, 0.28270966219907534], [0.15488415696601085, 0.5794332379846271, 0.14884835493297666, 0.11683425011638537], [0.14737303603484578, 0.4799654650518649, 0.22033038367209024, 0.15233111524119924], [0.4721639266727875, 0.2067049583767612, 0.10665072455111586, 0.21448039039933545], [0.24257099034187932, 0.11100642624325564, 0.18256173336976103, 0.46386085004510413], [0.2028380816347375, 0.5239259043153283, 0.07024999403647471, 0.2029860200134596], [0.3155754674945524, 0.3669641065312899, 0.08886461314367247, 0.22859581283048522], [0.22018083540841102, 0.17561781888934785, 0.2682157346043197, 0.3359856110979216], [0.2886599329430853, 0.2928880831288702, 0.06459551178747476, 0.35385647214056976], [0.18105690545726147, 0.3512600835609299, 0.13505188251065897, 0.33263112847114956], [0.16493877087303727, 0.5460958351885596, 0.08922596809521947, 0.19973942584318366], [0.36600186619666986, 0.22171983300380188, 0.114500979112472, 0.29777732168705623], [0.21977753855446355, 0.3024627996053321, 0.2995345974089177, 0.17822506443128672], [0.3588206937063556, 0.2882047225292112, 0.22604053913422703, 0.1269340446302064], [0.2932974582628634, 0.3116770878115576, 0.23177431728576273, 0.16325113663981622], [0.38898981195338445, 0.1763126071217542, 0.11347070299477649, 0.32122687793008475], [0.10678802003096288, 0.4271559895516665, 0.11393501039953573, 0.35212098001783476], [0.26184497561381703, 0.2980585300591746, 0.1614738361304973, 0.2786226581965111], [0.18302072918709245, 0.23977630647835485, 0.08239950514501598, 0.4948034591895369], [0.17092675396378015, 0.18824699485783933, 0.05681056614579932, 0.5840156850325814], [0.4273507469337361, 0.3687667486938924, 0.05106291814629788, 0.15281958622607358], [0.23315584752091187, 0.2676475729779656, 0.0858347333562009, 0.41336184614492166], [0.41636090635469164, 0.201936468874727, 0.14858284886845016, 0.23311977590213123], [0.18916163202122926, 0.46342653426305014, 0.21229498469099606, 0.1351168490247247], [0.19062945919554117, 0.31587142244703353, 0.15154442264734064, 0.3419546957100846], [0.24828528790582793, 0.34450282025554313, 0.14461979369563796, 0.26259209814299106], [0.188242539957666, 0.23474721456750164, 0.15686816464546896, 0.4201420808293634], [0.1909831277604806, 0.5422265928246705, 0.0783286591893925, 0.18846162022545648]]}, "rewritten": {"ids": ["97109570", "97110950", "97116790", "98106111", "98107210", "98107410", "98108520", "98108970", "98109090", "98109570", "98113881", "99105921", "99107640", "99107660", "99108000", "99108310", "99108710", "99109141", "99109161", "99109370", "99109780", "99109840", "99111440", "99111620", "99119830", "99120010", "100108080", "100108490", "100109000", "100109311", "100109330", "100109980", "101108500", "101108580", "101110740", "101111620", "101112160", "101121640", "102108621", "102110050", "102110690", "102110890", "102113981", "102117351", "103110050", "103110100", "103111620", "103111930", "103111990", "103112470", "103113170", "103118110", "103120730", "104111990", "104112201", "104113000", "104114240", "104114740", "104119340", "105110091", "105110251", "105112240", "105113190", "105113330", "105115680", "105117200", "105118171", "105119550", "106113170", "106113190", "106113360", "106117770", "106118301", "106118820", "106120290", "107113180", "107113840", "107114280", "107114490", "107116340", "107116501", "107116980", "107118490", "107119130", "107120880", "108113760", "108114040", "108114360", "108115500", "108116481", "108117451", "108118060", "108118301", "108119510", "108119550", "108121410", "109114651", "109116170", "109116750", "109116930", "110114561", "110115140", "110118161", "110118701", "110119300", "110120560", "110121170", "111115620", "111116010", "111116040", "111116530", "111117120", "111117200", "111118301", "111119300", "111119580", "111119930", "111120190", "111120640", "111121190", "111121220", "112116290", "112116451", "112116800", "112117431", "112117571", "112117790", "112118421", "112118880", "112118930", "112119450", "112119500", "112120640", "113118231", "113118511", "113118810", "113119120", "113119450", "113119480", "113120640", "113121010", "113122320"], "labels": [0, 3, 2, 0, 1, 3, 2, 3, 1, 1, 3, 1, 1, 3, 2, 2, 2, 3, 3, 1, 2, 2, 3, 3, 1, 2, 0, 2, 1, 1, 0, 1, 3, 0, 3, 3, 3, 2, 3, 3, 0, 0, 1, 1, 3, 1, 0, 3, 2, 1, 3, 2, 1, 2, 0, 1, 0, 2, 1, 0, 0, 1, 3, 3, 2, 3, 3, 1, 0, 0, 0, 0, 1, 3, 2, 3, 3, 3, 3, 3, 1, 3, 2, 1, 1, 1, 0, 1, 3, 0, 2, 1, 1, 1, 1, 0, 3, 0, 0, 0, 0, 0, 0, 3, 1, 0, 2, 1, 1, 0, 3, 2, 0, 3, 1, 3, 1, 3, 0, 1, 3, 0, 0, 0, 0, 3, 3, 3, 1, 1, 3, 2, 0, 3, 1, 3, 3, 3, 3, 0, 2, 1], "predicted_labels": [1, 3, 1, 3, 1, 0, 2, 1, 1, 2, 1, 1, 3, 0, 3, 1, 1, 0, 1, 2, 1, 1, 1, 1, 3, 1, 2, 3, 1, 3, 3, 1, 1, 2, 3, 1, 1, 1, 0, 1, 3, 0, 1, 0, 1, 1, 1, 1, 2, 3, 1, 1, 1, 3, 3, 3, 1, 3, 1, 0, 0, 1, 1, 1, 1, 1, 3, 3, 2, 3, 3, 1, 0, 3, 1, 1, 0, 1, 3, 3, 0, 0, 3, 1, 1, 3, 2, 1, 1, 0, 1, 3, 0, 0, 1, 3, 0, 1, 0, 1, 0, 3, 3, 3, 0, 0, 3, 1, 0, 3, 3, 3, 0, 3, 1, 0, 0, 2, 1, 3, 0, 3, 3, 3, 0, 1, 0, 1, 0, 0, 2, 3, 1, 1, 1, 1, 1, 0, 3, 3, 0, 3], "confidence_scores": [[0.27405478500879227, 0.3475807830141692, 0.22759857911164924, 0.15076585286538927], [0.19267928861987973, 0.19448495901179394, 0.26206491925415004, 0.3507708331141762], [0.13258563123232267, 0.4602943882645429, 0.18030567788083693, 0.22681430262229743], [0.28621080170869584, 0.27197733104927924, 0.13484695275873287, 0.30696491448329216], [0.25775411497558404, 0.2806520364067716, 0.24591869584630732, 0.21567515277133717], [0.5209594074352221, 0.2054543248832234, 0.08555184626294056, 0.188034421418614], [0.2682018555468794, 0.21697894548260127, 0.3718929429228083, 0.14292625604771106], [0.24428895481348967, 0.319907716936971, 0.17940583474660535, 0.25639749350293395], [0.1800263365319182, 0.36729292472724234, 0.15264926469548154, 0.3000314740453581], [0.23826723321230717, 0.2254651411995791, 0.28924262811225504, 0.24702499747585877], [0.17637600202230824, 0.6047610962320736, 0.10698407969709871, 0.11187882204851936], [0.24420546763447515, 0.33442967543604907, 0.08731398725383678, 0.334050869675639], [0.21849559891845852, 0.26459690255572205, 0.2185300913842031, 0.2983774071416163], [0.4191180321008877, 0.20300491701814305, 0.13648408652986557, 0.2413929643511037], [0.12214824496219152, 0.35267630308472075, 0.0873116578315247, 0.4378637941215632], [0.2344916937230748, 0.30733206322482043, 0.17887767913103422, 0.27929856392107066], [0.18893412206053983, 0.5348234421630056, 0.1494808759996982, 0.1267615597767564], [0.3840002506574634, 0.3119024515142312, 0.09948311764397272, 0.2046141801843328], [0.3597800666032433, 0.4295295023734735, 0.060330630429007104, 0.15035980059427623], [0.21856463506471432, 0.2013491180496077, 0.3562227505214579, 0.22386349636422], [0.16654731177222196, 0.29918481310443407, 0.28344295755152965, 0.25082491757181435], [0.13295435585904958, 0.3438825011332365, 0.20277423411816425, 0.3203889088895496], [0.13591866978330133, 0.5014688914142446, 0.17121490097746017, 0.1913975378249939], [0.1599323339947681, 0.3339613048459846, 0.2321888536043807, 0.27391750755486677], [0.26440918564808874, 0.2499268798017751, 0.14675006777293348, 0.3389138667772027], [0.13242260082874946, 0.3620742499939268, 0.3281881959336468, 0.17731495324367688], [0.20744274321276898, 0.16012246277850956, 0.3605449065585635, 0.271889887450158], [0.11366623342476351, 0.2094434856749356, 0.33411684840327366, 0.3427734324970273], [0.13703952431489924, 0.4516696887308102, 0.18273732896864892, 0.22855345798564178], [0.29162489699185884, 0.2727010653051875, 0.11896166845392492, 0.3167123692490289], [0.2465919565648937, 0.25159442064617193, 0.1401615145976024, 0.36165210819133226], [0.12372975027865744, 0.38616235298544566, 0.28764475521811284, 0.20246314151778405], [0.16868351258588885, 0.3518416845389857, 0.2887252425413895, 0.1907495603337361], [0.2944110501674855, 0.16484048940056784, 0.3087222201969521, 0.23202624023499457], [0.04317495665634512, 0.183416335278656, 0.37472245056622483, 0.398686257498774], [0.27300436613908957, 0.42587736717811087, 0.09513661209469777, 0.2059816545881019], [0.18851275761624614, 0.4698396498920458, 0.12542220606659943, 0.21622538642510875], [0.22926093961778518, 0.3899931719570854, 0.1895485265849243, 0.19119736184020525], [0.4292315042744912, 0.26171727719388416, 0.0705644641246325, 0.23848675440699213], [0.12978581988674318, 0.40578577548765765, 0.253190209578506, 0.21123819504709312], [0.23618662481995154, 0.16072789245925154, 0.08755304079129368, 0.5155324419295033], [0.2945303655119183, 0.2755164533784505, 0.20809511239155418, 0.22185806871807706], [0.4169830862883234, 0.4747398419388702, 0.04389830949176698, 0.06437876228103939], [0.4331828041081214, 0.24509724670148106, 0.08816926745997082, 0.23355068173042678], [0.10339366985987797, 0.592237869386352, 0.17907422427661907, 0.12529423647715102], [0.29322248060688527, 0.40028556169803947, 0.1304920383232453, 0.17599991937182988], [0.21669078220100152, 0.3873851596691788, 0.24484252529828227, 0.15108153283153736], [0.2833421723278142, 0.31670463951298355, 0.17883169749385594, 0.22112149066534645], [0.1270042023182715, 0.20848058047994292, 0.4641681105433011, 0.20034710665848457], [0.11056496150269199, 0.23661486688591243, 0.28658270135424874, 0.3662374702571469], [0.15152030430381566, 0.458778136720697, 0.19784042167179555, 0.19186113730369175], [0.24579235416709155, 0.554854011399827, 0.10266393919690849, 0.09668969523617317], [0.3032941349152059, 0.39600007022349276, 0.11235603151388783, 0.18834976334741343], [0.22831927460108034, 0.18861317647262837, 0.26053718728139125, 0.32253036164490007], [0.26972744472271387, 0.3274831776486512, 0.07254650640842328, 0.3302428712202117], [0.22474461909140628, 0.295465692046729, 0.11047906642447942, 0.36931062243738516], [0.24109372286455238, 0.28978934896881875, 0.24523999307998842, 0.22387693508664044], [0.1545675139726521, 0.2646439371583368, 0.17160542750278526, 0.4091831213662259], [0.17590972234468213, 0.4939692409481051, 0.09979723116084076, 0.2303238055463718], [0.3662874117540434, 0.3625756532758567, 0.07374842589519558, 0.19738850907490438], [0.4529694783521766, 0.2604123155547451, 0.07673791816282054, 0.2098802879302578], [0.14941779552553025, 0.36674122915074897, 0.20087374220885787, 0.2829672331148628], [0.1985262692668555, 0.49237821856090935, 0.16333208901360477, 0.14576342315863042], [0.1982195844143905, 0.36941812873661456, 0.11457429488556078, 0.31778799196343427], [0.16467811671282495, 0.38701180983994377, 0.25145521415836747, 0.19685485928886376], [0.15061387432497114, 0.3882524596447995, 0.2829411668329177, 0.17819249919731164], [0.2605421775898442, 0.24171718289365793, 0.08978551051698151, 0.4079551289995164], [0.1742880445426604, 0.11862235003607147, 0.0779817009295428, 0.6291079044917253], [0.2739616517339924, 0.15859863392113654, 0.3260246429610378, 0.24141507138383336], [0.09978499960962824, 0.3179384724530825, 0.1762929213446708, 0.4059836065926187], [0.11938695233231043, 0.2728383545431464, 0.09233218488326425, 0.515442508241279], [0.16058827030060957, 0.3381222149607594, 0.24928042356677843, 0.25200909117185266], [0.5224549010218446, 0.12870185506146656, 0.08992994515103081, 0.2589132987656582], [0.08177332576603141, 0.23215372079320867, 0.179706274200625, 0.5063666792401351], [0.14947275716278788, 0.3272450413230351, 0.19949749135423453, 0.32378471015994237], [0.15542150446045722, 0.3725864232162227, 0.29243058887177864, 0.17956148345154158], [0.5156334156929088, 0.16637954038952638, 0.14425465582957558, 0.17373238808798921], [0.20691821022147902, 0.5357023941201386, 0.09539309900568335, 0.161986296652699], [0.15141437843899447, 0.3428305160308466, 0.08934708255247995, 0.41640802297767904], [0.21955661806506746, 0.23299749676022774, 0.19901846108594096, 0.34842742408876387], [0.5226658592470844, 0.18368464556992004, 0.05752826938547252, 0.23612122579752298], [0.4195256106507974, 0.2160090498407855, 0.1372326624914941, 0.2272326770169231], [0.08990568926000549, 0.12532959077067038, 0.14657169639922824, 0.6381930235700959], [0.09401253317008475, 0.6482577549957734, 0.12064919793747776, 0.13708051389666423], [0.1678003502016187, 0.34220725356073267, 0.22846478996888572, 0.26152760626876287], [0.19952165764188745, 0.22630278439969279, 0.14323427054925097, 0.43094128740916887], [0.09100052368086295, 0.2081198486414621, 0.3574863903649399, 0.34339323731273513], [0.16016732395924316, 0.35103162326832743, 0.18392951949314645, 0.3048715332792829], [0.16029960846411612, 0.3342471342027429, 0.21824429294870124, 0.28720896438443994], [0.5825347921683828, 0.22085982833354056, 0.05904243070929003, 0.13756294878878675], [0.2313628674532783, 0.509787729524239, 0.07625038160963005, 0.18259902141285272], [0.22130945033057392, 0.2605253039254381, 0.16713234395248636, 0.3510329017915018], [0.4575830449600842, 0.2287375757201818, 0.13168441225507505, 0.18199496706465895], [0.294422852485408, 0.2253909883570413, 0.2520520732484897, 0.22813408590906106], [0.15438361390503347, 0.4141242853390536, 0.1905276944191811, 0.24096440633673166], [0.16177728267740582, 0.23476360661912715, 0.11127389558246603, 0.49218521512100105], [0.32407283302153544, 0.25370692253605165, 0.10771229585895431, 0.3145079485834586], [0.1169167765024408, 0.590160058834399, 0.19090243423710496, 0.10202073042605517], [0.37117026799285047, 0.2951539525951996, 0.18613983202181283, 0.1475359473901372], [0.24368325063414972, 0.38192909354071575, 0.11507264878239377, 0.25931500704274085], [0.37034556181115935, 0.2054669028957668, 0.14019530373991784, 0.283992231553156], [0.20233748619150302, 0.1500445968824513, 0.25145150545861195, 0.3961664114674337], [0.16177957756038983, 0.26675283280291434, 0.12561651717994063, 0.4458510724567552], [0.2285559743915573, 0.3254641438713964, 0.10433761621323139, 0.34164226552381494], [0.4242805917464768, 0.2566826373080416, 0.10169318793785921, 0.21734358300762258], [0.40415426051134895, 0.21697691842369962, 0.2070395970032934, 0.1718292240616581], [0.22354184767720486, 0.2560178060538554, 0.1339190615091372, 0.3865212847598026], [0.25559969188530296, 0.4237995059867143, 0.16190561384653707, 0.15869518828144574], [0.3876001827558946, 0.23332243365675168, 0.15523446879573988, 0.2238429147916139], [0.13448872586720298, 0.17036831448515863, 0.06501814625330243, 0.6301248133943358], [0.22282077316101587, 0.19958602752533008, 0.2226595488492123, 0.35493365046444186], [0.286008183513475, 0.26063954884276497, 0.16354443901648952, 0.28980782862727045], [0.36222085318755765, 0.2564793136329521, 0.1851342404661137, 0.1961655927133766], [0.23546886837591954, 0.2864621457565953, 0.13332442936787609, 0.344744556499609], [0.3001610385614723, 0.3568984624199001, 0.15197043200289861, 0.19097006701572933], [0.3662779819937455, 0.17412081859410752, 0.3175908686147863, 0.1420103307973608], [0.3757150771856721, 0.21440814902987504, 0.12613381181279654, 0.28374296197165655], [0.14103763634363162, 0.26615653881345847, 0.3959627174874511, 0.19684310735545868], [0.17962226229108463, 0.332163147375679, 0.26734482509875573, 0.22086976523448068], [0.3417013463055427, 0.19364052194679612, 0.07857833566835101, 0.3860797960793102], [0.42872260169041465, 0.3211789796807605, 0.08654919478727767, 0.1635492238415471], [0.24837590745943675, 0.26299872902348775, 0.15357607078702556, 0.33504929273005013], [0.3276464044869841, 0.2465361923838476, 0.08391167600761723, 0.341905727121551], [0.09782843394219123, 0.2853793104913928, 0.1662308491176197, 0.45056140644879616], [0.3075112911819508, 0.2088073523569598, 0.18788958292828617, 0.29579177353280317], [0.19810871947308534, 0.376865826753417, 0.18640537614733818, 0.23862007762615958], [0.3281112402864008, 0.22474029507882654, 0.1692058826939193, 0.2779425819408535], [0.3005724585658702, 0.30136550766705383, 0.13366639759403068, 0.2643956361730451], [0.3423655663562902, 0.23758948037466074, 0.08452308655917873, 0.3355218667098704], [0.34216432589085005, 0.2813212343506637, 0.14798562027198559, 0.22852881948650064], [0.22999972645515301, 0.20757113350942205, 0.3092256806513718, 0.25320345938405303], [0.12792634889069063, 0.3465127153280054, 0.1774438588558123, 0.3481170769254919], [0.2157533227856888, 0.5797258057489065, 0.09446440858588084, 0.11005646287952367], [0.2469220297152044, 0.31947496216463434, 0.1576579401572034, 0.275945067962958], [0.22962595279465525, 0.3564759425126582, 0.21056358777989145, 0.20333451691279517], [0.14607092708041286, 0.4193998152691352, 0.1528595131098546, 0.2816697445405975], [0.1318847060077431, 0.34577470118447945, 0.30919644194726154, 0.21314415086051594], [0.41849553361384245, 0.22236447168352744, 0.1563060472254845, 0.2028339474771456], [0.28133775743464245, 0.22512947756120721, 0.08159421355101348, 0.41193855145313674], [0.1272794463039769, 0.07803703440973987, 0.06989428117620672, 0.7247892381100768], [0.4064935350227973, 0.25162301772681994, 0.1877244396893824, 0.1541590075610005], [0.28158783871678134, 0.2313925425126296, 0.20384832090089736, 0.28317129786969164]]}}