{"test": {"ids": ["98107410", "98107010", "100109890", "113121010", "108120260", "100109801", "111117480", "112120290", "104114410", "113120601", "99108710", "103111930", "110118701", "108113620", "103109641", "110117870", "97116790", "110113591", "108119550", "105113260", "109118161", "99107950", "109120150", "105120280", "100113210", "103111990", "106114150", "101109120", "104109311", "111118910", "113120531", "105117431", "98109311", "111120220", "111119580", "97107821", "106114880", "111120320", "109121351", "102117351", "103111170", "106113830", "103120290", "110120700", "105116501", "109117271", "110114651", "110117080", "104111990", "99107560", "112116640", "111115400", "102116500", "111121930", "106114321", "101110150", "113122510", "98108580", "113119950", "100111620", "98111620", "106116850", "101111210", "111114121", "108117360", "98106560", "110115250", "113117340", "107113170", "99111930", "102110850", "110120640", "111120280", "111115770", "113120070", "104113210", "99109910", "101108370", "103111830", "107117630", "97108520", "110118740", "103118110", "100109311", "103110050", "105113210", "112116401", "109116750", "99108000", "104110960", "100110260", "110118181", "107114950", "112118930", "113118820", "107120880", "99121440", "112121430", "103118291", "108116481", "98111860", "104111550", "113121750", "105114220", "98107340", "113122120", "105117200", "105111990", "106118820", "109119460", "113118490", "110121720", "113117401", "97106770", "112116610", "106113170", "101110200", "106116441", "97113260", "104111830", "113121220", "100108490", "108120700", "101119591", "107114200", "99111620", "109118701", "98108520", "111120531", "101111310", "112119930", "105116441", "105116090", "107114110", "112119580", "110120531", "100116790", "105118230", "99117740", "98120010", "104113550", "99108520"], "labels": [3, 3, 3, 2, 1, 0, 1, 1, 1, 2, 2, 3, 3, 3, 1, 3, 2, 0, 1, 3, 0, 1, 2, 3, 0, 2, 1, 1, 3, 0, 0, 1, 1, 3, 3, 2, 0, 1, 0, 1, 2, 1, 2, 2, 1, 0, 3, 1, 2, 1, 0, 0, 1, 1, 2, 1, 2, 0, 0, 3, 3, 3, 2, 0, 1, 1, 1, 2, 0, 1, 3, 0, 0, 3, 2, 3, 2, 1, 3, 0, 2, 3, 2, 1, 3, 3, 0, 0, 2, 2, 3, 1, 3, 1, 0, 1, 2, 2, 0, 0, 0, 1, 0, 3, 0, 1, 3, 2, 3, 1, 1, 3, 3, 3, 1, 0, 2, 0, 1, 3, 3, 2, 2, 0, 2, 3, 3, 2, 0, 3, 1, 1, 1, 1, 3, 0, 2, 1, 2, 2, 1, 2], "predicted_labels": [0, 0, 0, 1, 3, 0, 1, 3, 3, 1, 1, 3, 3, 3, 1, 0, 3, 1, 3, 0, 0, 1, 1, 1, 3, 0, 0, 0, 0, 1, 1, 1, 3, 1, 1, 1, 3, 3, 3, 0, 3, 3, 1, 1, 3, 3, 1, 1, 1, 1, 1, 3, 0, 3, 3, 3, 1, 3, 3, 3, 1, 3, 3, 3, 3, 1, 1, 1, 3, 1, 1, 1, 3, 1, 1, 1, 1, 1, 3, 3, 3, 1, 3, 3, 1, 3, 0, 3, 1, 1, 0, 1, 0, 3, 1, 0, 1, 3, 0, 3, 1, 1, 3, 1, 0, 3, 1, 1, 3, 1, 3, 0, 1, 1, 1, 3, 3, 0, 1, 3, 3, 1, 0, 3, 1, 3, 1, 1, 1, 1, 1, 3, 0, 3, 3, 1, 1, 1, 3, 3, 3, 1], "confidence_scores": [[0.3481521756021756, 0.2512867909867911, 0.13850173437673444, 0.26205929903429925], [0.2982259934509935, 0.2608999528249529, 0.19705524198024213, 0.2438188117438118], [0.38185937950937926, 0.23700562052326776, 0.1103199059110824, 0.2708150940562705], [0.19790508103008111, 0.34557144522144534, 0.20909563214563237, 0.24742784160284165], [0.21399416139416158, 0.2691271783771785, 0.17502756132756148, 0.3418510989010988], [0.3197540415466888, 0.24170699937317577, 0.1600879045790812, 0.2784510545010544], [0.2683652594137888, 0.29533917079652355, 0.16086353515765286, 0.2754320346320346], [0.22759497549234403, 0.23888431918958236, 0.23813562928299775, 0.29538507603507613], [0.2722568276494749, 0.24386564824064844, 0.17308138413873717, 0.31079613997114014], [0.2720855699855701, 0.30956389268626117, 0.1706625097125098, 0.24768802761565928], [0.26215025725908087, 0.31685644274026625, 0.1483918506330272, 0.2726014493676259], [0.197110916860917, 0.2861644633144634, 0.1610447413697414, 0.35567987845487853], [0.2969304556554558, 0.24676631146631153, 0.14825226440226444, 0.3080509684759685], [0.2658002164502163, 0.2771845099345099, 0.16182701187701198, 0.2951882617382615], [0.23953999056499062, 0.30264919247419253, 0.17365593850593852, 0.28415487845487847], [0.3128965950715952, 0.2659075535575535, 0.1532879287379287, 0.26790792263292285], [0.22293909978910012, 0.2713800421800423, 0.21689786879786868, 0.28878298923298923], [0.2906487607164079, 0.2981241167329402, 0.14216063348416297, 0.26906648906648917], [0.2279876706626708, 0.2725813825063827, 0.16775437895437903, 0.33167656787656774], [0.304964422505599, 0.24948932929815276, 0.15851408036408057, 0.28703216783216795], [0.29872080729727785, 0.27529445554445536, 0.14973323865676808, 0.27625149850149855], [0.2087044181308889, 0.29922326170561464, 0.2114335367247133, 0.28063878343878346], [0.21930593850593857, 0.3105390331890332, 0.2167288544788545, 0.25342617382617383], [0.22900260295260305, 0.30749458874458885, 0.16405762015762018, 0.29944518814518806], [0.21660390997891005, 0.25726696636696633, 0.17950164835164859, 0.34662747530247523], [0.3180261072261073, 0.25132930957930966, 0.14525099900099905, 0.2853935841935843], [0.3052326673326673, 0.2559292624042625, 0.13426892551892552, 0.3045691447441449], [0.290673109080462, 0.27360450660450664, 0.18942867687867695, 0.24629370743635456], [0.29792453102453104, 0.2955630629604313, 0.1455717143967144, 0.2609406916183233], [0.24848971563352384, 0.30137998308880676, 0.15109921847158692, 0.29903108280608304], [0.25577848899466543, 0.32549755799755786, 0.1701703835380306, 0.24855356946974616], [0.22335365027129722, 0.33254594931212555, 0.1769205302867068, 0.2671798701298703], [0.24985636030636033, 0.26248275613275635, 0.1813429181929183, 0.3063179653679653], [0.2760753143914911, 0.3412341408591409, 0.14904326523150063, 0.23364727951786782], [0.24491620046620055, 0.3473902153402153, 0.16443811743811748, 0.24325546675546678], [0.2850078163666401, 0.29247742155505313, 0.14751687120069476, 0.27499789087761217], [0.2775609557109558, 0.22888414918414926, 0.16817672882672888, 0.3253781662781662], [0.2530166389166391, 0.3048881868131869, 0.1344615634365635, 0.30763361083361074], [0.2700870074370075, 0.255717871017871, 0.17825867465867476, 0.2959364468864468], [0.35451195667078006, 0.25072567236684895, 0.11638893328893334, 0.27837343767343764], [0.2741482739482739, 0.27688784352902013, 0.1406740870240871, 0.3082897954986189], [0.24256656574419738, 0.28056520424020426, 0.1902529120002805, 0.2866153180153181], [0.23784064269064284, 0.31210672938172934, 0.19107504717504736, 0.25897758075258076], [0.23225727964845627, 0.3200302300640538, 0.16914489954489959, 0.278567590742591], [0.25894465256965277, 0.2784607115107115, 0.1576738594738596, 0.3049207764457763], [0.2807022061272063, 0.2741302641802642, 0.15166890136007788, 0.2934986283324518], [0.20519626484626488, 0.3153239299915768, 0.17953198076433377, 0.2999478243978245], [0.22911348128995204, 0.2781944377517907, 0.22116366966366968, 0.27152841129458755], [0.23561033492651165, 0.3147067963082671, 0.19051302749538046, 0.2591698412698413], [0.2538273781773784, 0.3223374016935934, 0.17165896685014329, 0.252176253278885], [0.26672519147519147, 0.3136949106449105, 0.18997817378699736, 0.22960172409290075], [0.21509515207015217, 0.27530954241836586, 0.18223026581261886, 0.32736503969886327], [0.3605888722388723, 0.24228265035617985, 0.1427627516274575, 0.2543657257774906], [0.2688194305694305, 0.27081996336996367, 0.1685984543234544, 0.29176215173715186], [0.2285317255843574, 0.22972999059763777, 0.1747548894346108, 0.36698339438339417], [0.27057989787989795, 0.23746761408526137, 0.18845607333842634, 0.3034964146964147], [0.20429109224109226, 0.3037629925629925, 0.22629845154845168, 0.2656474636474637], [0.25181645021645044, 0.23994302364302386, 0.1899203260791497, 0.3183202000613767], [0.2493722360972362, 0.23679602064602076, 0.18855197580197586, 0.3252797674547674], [0.25581314600432264, 0.23093526473526488, 0.22947868634633345, 0.2837729029140796], [0.1911201739437034, 0.2933754642416407, 0.2562620866062043, 0.25924227520845183], [0.22484804084804091, 0.27316781829281844, 0.2090861888111889, 0.29289795204795216], [0.22221926047808405, 0.2778831390831392, 0.2004433233433234, 0.2994542770954537], [0.30047936622201316, 0.23563410005027668, 0.15067826976944637, 0.3132082639582638], [0.24581756021756035, 0.24010234210234216, 0.1916001776001778, 0.32247992007992], [0.2568677711177712, 0.305465811965812, 0.19517129814629822, 0.24249511877011878], [0.25951057831057844, 0.29508369963369957, 0.174432301032301, 0.27097342102342103], [0.1750622793872795, 0.3678482184482184, 0.18191270118770125, 0.27517680097680103], [0.24027774447774466, 0.26358339160839167, 0.17052730602730612, 0.3256115578865578], [0.27765399877899893, 0.2943819200407437, 0.15210631035631036, 0.27585777082394747], [0.1766965673215674, 0.3323090754017225, 0.20932452074069732, 0.28166983653601313], [0.25488641358641384, 0.29442651237651224, 0.17034006549006553, 0.28034700854700867], [0.2327065434565435, 0.25338225940725945, 0.20409959011576675, 0.3098116070204305], [0.24228780027162392, 0.31178000055500044, 0.1619619638531404, 0.2839702353202354], [0.18589973082473094, 0.3661913475413474, 0.22070762570762587, 0.22720129592629607], [0.24943198745698764, 0.2971178876678878, 0.19070074370074383, 0.26274938117438135], [0.24625878186141348, 0.2894271423021422, 0.22676995329232177, 0.2375441225441228], [0.27263768731268734, 0.2872924439939148, 0.16810297447650402, 0.27196689421689435], [0.23561200188700201, 0.22759835801453468, 0.18375745643245645, 0.35303218366600747], [0.25818046120546134, 0.25130206460206456, 0.1960073176823179, 0.2945101565101564], [0.2601649128649129, 0.2689410062160062, 0.17869403096903108, 0.29220004995005], [0.2679456515706517, 0.304413467088467, 0.1762403762903762, 0.25140050505050515], [0.24051867576867592, 0.29230390442890447, 0.15366529859029862, 0.3135121212121213], [0.23289205239205252, 0.25046078921078946, 0.19846063658563654, 0.318186521811522], [0.2064873512108808, 0.2927944946006864, 0.21892404262404272, 0.2817941115643904], [0.30411788211788215, 0.22033517952635612, 0.15336748529248545, 0.3221794530632769], [0.33121735845853495, 0.24222284741402403, 0.1729070631982397, 0.25365273092920154], [0.22721665001665015, 0.2789293983793985, 0.20462819206936872, 0.2892257595345832], [0.23463470973470976, 0.282274427533251, 0.22095382754500403, 0.26213703518703513], [0.17805834165834183, 0.2994006493506493, 0.22443316324198678, 0.2981078457490221], [0.40392706182706206, 0.21128873071373086, 0.13222231657231662, 0.2525618908868909], [0.24012889920536995, 0.32896953879453866, 0.18209408336761285, 0.24880747863247862], [0.2814679764679766, 0.25767053502053516, 0.18395784215784203, 0.2769036463536464], [0.22519007936507934, 0.27179465811965814, 0.18498320845820843, 0.31803205405705387], [0.26437580752580764, 0.30454320124320117, 0.14005355200355207, 0.2910274392274394], [0.32288289292406963, 0.24646263458763473, 0.1684235720162192, 0.2622309004720771], [0.2770064213564214, 0.34306923076923085, 0.13487347097347102, 0.24505087690087698], [0.21940872264989925, 0.27201110751993124, 0.19635625126507497, 0.31222391856509496], [0.3526126207126206, 0.24213321400821414, 0.10854973914973917, 0.2967044261294261], [0.2783037074037076, 0.27841457904840267, 0.15092382062382076, 0.2923578929240692], [0.2040167211443528, 0.2911731046731047, 0.2380918896892582, 0.2667182844932846], [0.2838091566929804, 0.292446731046731, 0.16768966670584332, 0.2560544455544456], [0.2278019036519037, 0.2984828726828727, 0.16563691863691873, 0.30807830502830486], [0.24723702963702984, 0.31208207429825086, 0.16470599090452046, 0.2759749051601991], [0.2996835581085582, 0.2994150210900211, 0.17728278943278952, 0.22361863136863142], [0.20350082727729796, 0.27095519480519487, 0.18105232512585467, 0.3444916527916527], [0.24291742701742708, 0.32819817980437205, 0.1924223776223778, 0.23646201555582372], [0.20553512598512613, 0.3404864690864688, 0.15647646242646254, 0.2975019425019426], [0.2298052503052504, 0.2874731102231101, 0.19047211677211684, 0.2922495226995227], [0.2630485514485516, 0.2820074259074258, 0.1871676323676324, 0.2677763902763903], [0.22006903929403943, 0.24654825729825733, 0.20882195304695322, 0.3245607503607501], [0.29607118437118435, 0.2425703907203908, 0.18468729881229873, 0.2766711260961259], [0.26390494782994783, 0.27439148188412904, 0.18769754297989594, 0.27400602730602747], [0.24969269586622528, 0.30944470692705983, 0.1650996656937833, 0.2757629315129317], [0.2686892718392716, 0.29066111111111115, 0.20028065823065822, 0.240368958818959], [0.27234321234321235, 0.2762402791652793, 0.1386113636363637, 0.3128051448551448], [0.21730906870906874, 0.2781720224220223, 0.20937001609501624, 0.29514889277389283], [0.3344811743811744, 0.2472006826506826, 0.11985063825063832, 0.29846750471750483], [0.216250561366738, 0.312173470973471, 0.2215077711504182, 0.25006819650937306], [0.23773987956487977, 0.2802447219447219, 0.17671246808746818, 0.3053029304029303], [0.2052280272359221, 0.29037922632922625, 0.20600216727716728, 0.2983905791576847], [0.20711257076257084, 0.30043745874009026, 0.20484618437118446, 0.28760378612615456], [0.37549716949716977, 0.18152659562659584, 0.12487799977799986, 0.3180982350982351], [0.30208889639772013, 0.21119424823542474, 0.15940120516738177, 0.32731565019947356], [0.22048940699823055, 0.34148347289964964, 0.1705962370962373, 0.26743088300588314], [0.2099552170052171, 0.27156955821955825, 0.23581277333777334, 0.28266245143745145], [0.2394579329167565, 0.2892374398477339, 0.18387742861713458, 0.2874271986183751], [0.2957519305857544, 0.3034087392999158, 0.1498131729381729, 0.2510261571761571], [0.20552888500388503, 0.31265469252969236, 0.20163424353424375, 0.2801821789321791], [0.2084196248196251, 0.3423220501720503, 0.23511885891885892, 0.2141394660894662], [0.21142046042193113, 0.3058439291101055, 0.21799531938649602, 0.26474029108146774], [0.2144234154734156, 0.3101416305916306, 0.1370913031413032, 0.33834365079365075], [0.30061162726162716, 0.26333402512520165, 0.14126548386254265, 0.29478886375062857], [0.2843839077589079, 0.21019923964923984, 0.16149562659562658, 0.3439212259962258], [0.250532844932845, 0.27815424297924296, 0.18097904595404588, 0.2903338661338661], [0.26850355755355765, 0.300366217116217, 0.1512827367077368, 0.27984748862248854], [0.21702901183783552, 0.3495847874347874, 0.1740463960875726, 0.2593398046398047], [0.1823934918023155, 0.3510865873892191, 0.19261427461427466, 0.2739056461941912], [0.30859867077367104, 0.22965231353613721, 0.1405721223221225, 0.32117689336806965], [0.26160005827505833, 0.2631793800970271, 0.15043024916260225, 0.32479031246531254], [0.2699083618995384, 0.25797018814518824, 0.18128701331348399, 0.29083443664178965], [0.23731890886890905, 0.29821585081585084, 0.2045697524697524, 0.2598954878454879]]}, "rewritten": {"ids": ["97106770", "97107821", "97108520", "97113260", "97116790", "98106560", "98107010", "98107340", "98107410", "98108520", "98108580", "98109311", "98111620", "98111860", "98120010", "99107560", "99107950", "99108000", "99108520", "99108710", "99109910", "99111620", "99111930", "99117740", "99121440", "100108490", "100109311", "100109801", "100109890", "100110260", "100111620", "100113210", "100116790", "101108370", "101109120", "101110150", "101110200", "101111210", "101111310", "101119591", "102110850", "102116500", "102117351", "103109641", "103110050", "103111170", "103111830", "103111930", "103111990", "103118110", "103118291", "103120290", "104109311", "104110960", "104111550", "104111830", "104111990", "104113210", "104113550", "104114410", "105111990", "105113210", "105113260", "105114220", "105116090", "105116441", "105116501", "105117200", "105117431", "105118230", "105120280", "106113170", "106113830", "106114150", "106114321", "106114880", "106116441", "106116850", "106118820", "107113170", "107114110", "107114200", "107114950", "107117630", "107120880", "108113620", "108116481", "108117360", "108119550", "108120260", "108120700", "109116750", "109117271", "109118161", "109118701", "109119460", "109120150", "109121351", "110113591", "110114651", "110115250", "110117080", "110117870", "110118181", "110118701", "110118740", "110120531", "110120640", "110120700", "110121720", "111114121", "111115400", "111115770", "111117480", "111118910", "111119580", "111120220", "111120280", "111120320", "111120531", "111121930", "112116401", "112116610", "112116640", "112118930", "112119580", "112119930", "112120290", "112121430", "113117340", "113117401", "113118490", "113118820", "113119950", "113120070", "113120531", "113120601", "113121010", "113121220", "113121750", "113122120", "113122510"], "labels": [3, 2, 2, 1, 2, 1, 3, 0, 3, 2, 0, 1, 3, 0, 2, 1, 1, 2, 2, 2, 2, 3, 1, 2, 2, 2, 1, 0, 3, 3, 3, 0, 2, 1, 1, 1, 2, 2, 3, 0, 3, 1, 1, 1, 3, 2, 3, 3, 2, 2, 0, 2, 3, 2, 1, 3, 2, 3, 1, 1, 2, 3, 3, 3, 1, 1, 1, 3, 1, 1, 3, 0, 1, 1, 2, 0, 0, 3, 3, 0, 1, 2, 3, 0, 1, 3, 0, 1, 1, 1, 2, 0, 0, 0, 3, 1, 2, 0, 0, 3, 1, 1, 3, 1, 3, 3, 0, 0, 2, 3, 0, 0, 3, 1, 0, 3, 3, 0, 1, 0, 1, 0, 1, 0, 1, 3, 1, 1, 2, 2, 3, 1, 0, 0, 2, 0, 2, 2, 3, 0, 1, 2], "predicted_labels": [1, 1, 1, 1, 1, 1, 0, 1, 0, 0, 3, 1, 1, 1, 1, 1, 1, 1, 1, 1, 1, 1, 1, 0, 1, 0, 1, 1, 0, 0, 1, 1, 1, 0, 1, 1, 1, 1, 1, 0, 1, 1, 1, 1, 1, 0, 0, 1, 0, 0, 1, 1, 0, 1, 1, 1, 1, 0, 0, 1, 1, 0, 0, 3, 1, 1, 1, 1, 1, 1, 1, 1, 1, 1, 0, 1, 1, 1, 1, 1, 0, 1, 3, 3, 1, 3, 1, 1, 3, 1, 0, 1, 1, 1, 1, 0, 1, 1, 1, 1, 1, 1, 1, 1, 1, 0, 1, 1, 1, 1, 1, 1, 0, 1, 1, 1, 1, 1, 0, 1, 3, 3, 0, 1, 1, 0, 1, 1, 1, 1, 1, 3, 1, 3, 1, 1, 1, 1, 1, 1, 1, 1], "confidence_scores": [[0.29177861027861013, 0.32282787767787774, 0.16207509712509727, 0.22331841491841511], [0.3007325452325453, 0.3056416378942696, 0.14732144718027082, 0.24630436969291467], [0.25546462981462986, 0.3250483294483294, 0.1679163586413587, 0.2515706820956823], [0.2900340881340882, 0.31288333529215856, 0.16990793650793656, 0.2271746400658168], [0.25370774503274535, 0.2978148629148628, 0.18506716894216893, 0.2634102231102232], [0.274308103008103, 0.3625852314352316, 0.14568830058830068, 0.2174183649683651], [0.31336434284669573, 0.2868295945884182, 0.16135072443895987, 0.23845533812592642], [0.28042935952935966, 0.3114420135420135, 0.1738085914085915, 0.2343200355200356], [0.3309332619994384, 0.3285474961313196, 0.1237837580719934, 0.21673548379724866], [0.37547579642579654, 0.29591760841497683, 0.1319141247641248, 0.19669247039510207], [0.286729748029748, 0.2615334332334334, 0.15795998445998446, 0.29377683427683426], [0.2753019147519149, 0.32312196137196125, 0.16759010989011006, 0.23398601398601418], [0.22935052088434463, 0.3095551801140036, 0.192592197508374, 0.26850210149327797], [0.23628730991231, 0.3369553918303919, 0.15780721778221785, 0.2689500804750807], [0.25277503607503615, 0.3307794039294037, 0.15460104895104906, 0.2618445110445111], [0.2661483682983685, 0.31515696525696524, 0.15162134532134536, 0.2670733211233212], [0.22273240648240664, 0.3572163319137001, 0.17697614330114333, 0.24307511830274986], [0.25374662559662575, 0.3117455433455433, 0.1783256743256743, 0.25618215673215683], [0.23062034077034083, 0.32536144411144396, 0.17866555666555678, 0.2653526584526586], [0.2337905816405819, 0.33741120382885087, 0.18645535738771035, 0.2423428571428573], [0.26242129537129544, 0.3100261710511712, 0.1850185453435454, 0.24253398823398828], [0.2566312790151027, 0.3442305508217272, 0.1801285658785659, 0.21900960428460434], [0.24585324120324129, 0.33264900932400926, 0.17395947940947937, 0.24753827006327006], [0.3473907425907426, 0.2970876290376288, 0.14057902652902654, 0.2149426018426018], [0.3125914835164834, 0.3620646993958914, 0.1259572205572206, 0.1993865965304047], [0.28117353675736023, 0.27723214481596836, 0.17663499164234464, 0.26495932678432693], [0.28801803751803773, 0.29435163549900384, 0.15386195471195474, 0.2637683722710041], [0.247162914862915, 0.36864277111777133, 0.15696636419136425, 0.22722794982795], [0.3291115587027349, 0.2635823679588387, 0.136682766090119, 0.2706233072483074], [0.32277403511521147, 0.2838585858585858, 0.14334272394272402, 0.2500246550834785], [0.2626042235542236, 0.2989349594849595, 0.19033376623376647, 0.24812705072705088], [0.26687013786866737, 0.30301663287692693, 0.17562517580458772, 0.2544880534498184], [0.24276325928973014, 0.35047955263690567, 0.19066198050315697, 0.21609520757020761], [0.31538780941280947, 0.3020395798645798, 0.12255192585192588, 0.26002068487068486], [0.2651871572871576, 0.30275330225330216, 0.17658581418581418, 0.2554737262737264], [0.3221005847094083, 0.3294053124979594, 0.12331948296801243, 0.22517461982461998], [0.25365617715617744, 0.29000723165723175, 0.190736224886225, 0.2656003663003664], [0.2252647435897437, 0.3433911754911755, 0.1789023254523254, 0.25244175546675557], [0.2786761044511045, 0.3111194999445001, 0.15078676046176057, 0.2594176351426354], [0.3050777999777999, 0.2863240204240205, 0.1520158646908648, 0.25658231490731503], [0.24317244422244444, 0.3513001831501831, 0.1593308524808526, 0.24619652014652038], [0.30274416139416127, 0.31731864801864806, 0.1495747141747142, 0.23036247641247662], [0.28133097458097467, 0.32997017149517144, 0.15555057997558003, 0.23314827394827403], [0.26684631202131215, 0.32781577866577866, 0.17892151459651462, 0.22641639471639477], [0.23966652236652253, 0.31914978632478647, 0.17401343378843379, 0.26717025752025775], [0.3473143412143412, 0.27530492840492843, 0.1299611111111112, 0.24741961926961928], [0.2981572594072594, 0.25848065823065813, 0.1729476023976024, 0.2704144799644801], [0.2660633913472149, 0.3393604553942789, 0.14251152817770463, 0.25206462508080174], [0.3015716561216561, 0.2744639776889778, 0.1762760897599133, 0.24768827642945304], [0.27850601065601066, 0.2683696192696194, 0.1907702705790942, 0.26235409949527605], [0.2950597605009369, 0.33308238624120984, 0.1253872266622267, 0.24647062659562669], [0.25332049617049623, 0.3156330891330892, 0.1765247621659389, 0.2545216525304763], [0.3015201187701187, 0.2772566378066379, 0.15061079476079478, 0.2706124486624488], [0.22174429459429462, 0.3316425629925629, 0.20149368964368966, 0.24511945276945288], [0.2705801753801755, 0.34461481769864133, 0.13969458041958047, 0.2451104265016032], [0.2323305824894061, 0.3631137669090454, 0.14086035043387987, 0.26369530016766873], [0.2815152014652017, 0.3424131479631481, 0.14102166167166177, 0.23504998889998902], [0.32569591519591534, 0.3009600260850262, 0.15906854811854815, 0.21427551060051084], [0.3013170329670328, 0.2739113386613387, 0.15494517427017432, 0.2698264541014543], [0.2831550183476654, 0.3014759970421736, 0.16020222914340565, 0.2551667554667557], [0.24184246586746597, 0.3929950466200464, 0.12734211344211344, 0.23782037407037418], [0.3002964951714953, 0.26049503180857675, 0.15620749805749806, 0.2830009749624302], [0.2944893994893995, 0.29181094461094453, 0.1544393253805019, 0.2592603305191541], [0.2869114885114886, 0.27168678821178843, 0.15129375901875905, 0.2901079642579644], [0.30919426325308697, 0.32632278114042823, 0.11606103030955975, 0.24842192529692542], [0.29089869297369303, 0.35875814740814743, 0.15266045343545348, 0.19768270618270628], [0.2748727577977579, 0.30898008103008096, 0.1405906426906428, 0.2755565184815185], [0.2486215007215008, 0.35402439043584566, 0.1809876318126319, 0.21636647703002207], [0.2387515734265735, 0.3896654234654232, 0.16411609779109787, 0.2074669053169055], [0.23326333307215683, 0.37929393939393913, 0.15898945858063512, 0.22845326895326915], [0.27407618215118207, 0.34135006660006645, 0.1398763014763015, 0.2446974497724499], [0.23437028249528263, 0.3528130036630037, 0.14336230991230997, 0.2694544039294042], [0.2911048923298924, 0.33614483849483845, 0.1524178654678655, 0.22033240370740387], [0.31571663891663887, 0.33304138084138096, 0.1301544677544678, 0.22108751248751246], [0.30930278724543425, 0.2897172252584018, 0.16266299892917546, 0.23831698856698857], [0.24694905094905112, 0.3366602064602065, 0.17542636807636808, 0.24096437451437458], [0.2875766622266622, 0.3289561716061714, 0.12777871850371855, 0.2556884476634478], [0.24203685758685778, 0.33237741147741134, 0.19025186757686752, 0.23533386335886347], [0.26082579642579645, 0.3316890276390278, 0.1614302419802421, 0.24605493395493394], [0.2919906248979779, 0.3220489874504579, 0.1460798662122193, 0.23988052143934507], [0.3659336247086246, 0.24827079864579876, 0.1361901542901544, 0.24960542235542246], [0.2693464757464759, 0.3682376540126542, 0.1519735958485959, 0.21044227439227461], [0.255069241869242, 0.2533393523143524, 0.19827824397824395, 0.29331316183816175], [0.28399703629703665, 0.2588468642468645, 0.1639624875124875, 0.29319361194361215], [0.24022761323643688, 0.3657682650682647, 0.13607362441480095, 0.25793049728049733], [0.27425231990231985, 0.28001769178533875, 0.15148594069329377, 0.29424404761904777], [0.29690298590298564, 0.29910881536763884, 0.1314750055500057, 0.2725131931793698], [0.2575986568986569, 0.3391967813232521, 0.16325147320000266, 0.2399530885780887], [0.22800996225996237, 0.2865036241536243, 0.1929681318681319, 0.2925182817182816], [0.25647359307359335, 0.30189099613836434, 0.15194370629370635, 0.28969170449433596], [0.42874579276932234, 0.1725793694867225, 0.1264804737745915, 0.2721943639693641], [0.2521585081585082, 0.3212039571539573, 0.1773044205794206, 0.24933311410811407], [0.2431434315684316, 0.33082010212010216, 0.13729083694083702, 0.2887456293706292], [0.2623168969918971, 0.32491145243645253, 0.1538232767232768, 0.2589483738483739], [0.2241702428290665, 0.3655003357753358, 0.16146806608424263, 0.2488613553113553], [0.34363954933954954, 0.32383144910644923, 0.1259911560661561, 0.2065378454878456], [0.23965425889899583, 0.3182723062025696, 0.20724734154734156, 0.23482609335109342], [0.27037436452436453, 0.3234019518493204, 0.15418155178155188, 0.25204213184476343], [0.3072327042238806, 0.32524971335853686, 0.1615333333333333, 0.2059842490842492], [0.252437567987568, 0.32559288314025125, 0.16417059607059617, 0.2577989528015844], [0.24877528778411137, 0.3811546148296149, 0.14454841906459567, 0.2255216783216786], [0.24401546982429337, 0.325017157842158, 0.1422778646190412, 0.2886895077145077], [0.2812974711562949, 0.3163492007992008, 0.14507405176522825, 0.25727927627927644], [0.23484154375036742, 0.3390230935730932, 0.15453993588111237, 0.2715954267954268], [0.26936998834498854, 0.3161323038073038, 0.14768913113030765, 0.2668085767174003], [0.315448742923743, 0.2752755522255521, 0.16879711122211113, 0.24047859362859383], [0.2981788406038406, 0.3406282273282272, 0.13946641414141414, 0.22172651792651818], [0.2675051060051061, 0.3222296065046064, 0.1827466061716063, 0.2275186813186813], [0.26611547341547337, 0.3275784326784325, 0.12889300699300701, 0.27741308691308714], [0.25567828560328565, 0.3295255910755911, 0.1372762432012433, 0.27751988011988016], [0.2706882006882009, 0.3467212703962704, 0.1339828976578977, 0.24860763125763147], [0.2567423223834988, 0.29602165334665337, 0.16886572708337422, 0.2783702971864738], [0.34887229910612244, 0.29836505994005996, 0.12913084497202154, 0.22363179598179617], [0.280008765417589, 0.3263082251082251, 0.1270048875960642, 0.2666781218781221], [0.26078363662481313, 0.3526398315736551, 0.14205913808413811, 0.24451739371739395], [0.2410612054612056, 0.3058474747474748, 0.16456948051948062, 0.28852183927183933], [0.3368979278891043, 0.3612251526251527, 0.13424475263298793, 0.1676321668527552], [0.2202430882842649, 0.3051001185089421, 0.1860547127708894, 0.2886020804359039], [0.3021114607614606, 0.2935392940392942, 0.13600348540348542, 0.2683457597957599], [0.26343435649318003, 0.360039738039738, 0.15750627787245447, 0.21901962759462776], [0.2579133126247677, 0.2964316794316793, 0.13978466717321225, 0.3058703407703407], [0.28161065633712695, 0.27456258071993345, 0.13061219613719624, 0.3132145668057434], [0.29322489177489186, 0.2923150072150071, 0.15538200688200696, 0.25907809412809424], [0.27389379982762335, 0.3336473332223332, 0.1764519516431281, 0.21600691530691546], [0.23837265789765807, 0.31219644522144524, 0.159071046437223, 0.2903598504436738], [0.31518567718830864, 0.2888263597513599, 0.1573776483750169, 0.23861031468531488], [0.2400575174825176, 0.2812836025086024, 0.19843830613830615, 0.28022057387057386], [0.27706738261738256, 0.2853723998223998, 0.17056693861693867, 0.26699327894327907], [0.2229613497613499, 0.321328588078588, 0.1964791153291154, 0.25923094683094683], [0.2968428341266577, 0.32881808191808176, 0.11247022781140434, 0.26186885614385624], [0.2671448420860186, 0.33764853235000303, 0.15750092293327594, 0.23770570263070276], [0.24668270618270632, 0.25776499888999893, 0.1691608807858807, 0.32639141414141426], [0.259341577866578, 0.3065684030022266, 0.16054271006771015, 0.2735473090634856], [0.26423212930860007, 0.260937047919401, 0.15062967587967607, 0.3242011468923232], [0.2513092676930914, 0.332693095793096, 0.13071975606093264, 0.2852778804528806], [0.2694044946883182, 0.38051193920458604, 0.13310977878330826, 0.2169737873237874], [0.22865545761428135, 0.3541777999778001, 0.15581736400854063, 0.2613493783993785], [0.25503636559518916, 0.3227335275835275, 0.15759652373770033, 0.26463358308358315], [0.26592879065379077, 0.3526472915972918, 0.14406900599400604, 0.237354911754912], [0.29419889636507257, 0.3508615653953889, 0.13518338883338893, 0.21975614940614951], [0.264546225996226, 0.29895495615495626, 0.16604229104229112, 0.27045652680652704], [0.260729392829393, 0.368122075147075, 0.1470381590631592, 0.22411037296037312]]}}