{"test": {"ids": ["108117451", "111116411", "106118161", "110114610", "104111531", "99109740", "106121220", "112117461", "102113981", "109117431", "103110840", "108115500", "109115211", "108114220", "100111080", "98109230", "99108460", "99111930", "105119950", "99121440", "100107920", "100108580", "99109780", "113122170", "107121230", "111118810", "110118740", "98110710", "111121220", "113118870", "108119330", "109113281", "111116090", "109115070", "101114020", "103113610", "107117010", "108121351", "101110200", "109115220", "97113900", "113122150", "109119591", "104111380", "113117340", "112116850", "110117140", "98111860", "103112470", "111120320", "97116410", "104114740", "97109080", "107117630", "113121750", "110117870", "110119030", "102110690", "105116980", "108117360", "107119390", "111119930", "99108000", "100116500", "103117200", "109116040", "101108950", "100120780", "102110240", "98107340", "111117200", "100109360", "110118701", "98112580", "113118810", "105116501", "110114920", "113118421", "107116501", "103111830", "103111620", "105119550", "101111140", "108116481", "99107630", "101108500", "103117461", "113118630", "102112301", "99107560", "112120670", "110118181", "110120560", "104118340", "106111321", "100109890", "110121720", "110120190", "112118620", "106116850", "109116170", "111120260", "98110810", "100116790", "111118910", "111114171", "104116441", "103113170", "98116940", "112117780", "113120751", "107118120", "113121190", "110116441", "112121351", "98116090", "107120010", "108115570", "112116290", "99110730", "101112160", "113122120", "97106820", "104111830", "105110251", "103110760", "113122320", "105120280", "105115250", "110121170", "110117080", "109119460", "113122230", "112120290", "112119980", "107118820", "108119550", "112121410", "111116990", "109115380", "112121030", "106113190"], "labels": [2, 0, 3, 1, 0, 3, 1, 0, 1, 1, 1, 3, 0, 3, 0, 1, 0, 1, 3, 2, 0, 0, 2, 1, 0, 0, 3, 2, 3, 0, 0, 0, 3, 0, 3, 2, 1, 3, 2, 3, 2, 2, 0, 3, 2, 0, 3, 0, 1, 1, 3, 2, 2, 0, 0, 3, 0, 0, 0, 1, 2, 1, 2, 2, 0, 0, 2, 1, 3, 0, 0, 0, 3, 2, 3, 1, 3, 3, 1, 3, 0, 1, 2, 0, 2, 3, 0, 3, 1, 1, 2, 1, 0, 2, 0, 3, 3, 3, 3, 3, 0, 3, 1, 2, 0, 3, 1, 3, 2, 0, 1, 3, 1, 3, 0, 0, 1, 3, 0, 3, 3, 1, 1, 3, 0, 1, 1, 3, 2, 2, 1, 1, 1, 1, 0, 3, 1, 0, 0, 3, 0, 0], "predicted_labels": [3, 0, 1, 0, 1, 3, 3, 3, 3, 1, 1, 0, 3, 3, 3, 2, 2, 1, 0, 3, 0, 3, 1, 3, 3, 1, 3, 2, 0, 3, 3, 0, 3, 0, 3, 2, 1, 0, 3, 1, 3, 1, 1, 1, 3, 3, 3, 1, 3, 1, 2, 1, 1, 2, 1, 3, 1, 0, 1, 1, 3, 1, 1, 1, 3, 3, 1, 1, 3, 3, 0, 1, 1, 3, 3, 3, 2, 3, 0, 2, 1, 1, 0, 3, 3, 0, 1, 1, 3, 3, 1, 1, 0, 3, 3, 3, 3, 1, 3, 2, 3, 1, 1, 2, 3, 1, 1, 3, 0, 3, 3, 3, 1, 2, 2, 0, 1, 1, 0, 2, 3, 3, 3, 1, 1, 3, 1, 1, 3, 2, 1, 3, 1, 0, 1, 3, 1, 1, 1, 0, 0, 3], "confidence_scores": [[0.247370706651064, 0.2890408390718622, 0.10093635278357378, 0.3626521014935003], [0.43711753293708255, 0.15368097868030117, 0.08929833462692803, 0.31990315375568806], [0.24416880299667673, 0.38301966193152137, 0.1071522891007637, 0.26565924597103824], [0.32621741700775975, 0.2492573927791766, 0.10998023011052656, 0.3145449601025371], [0.28058282969417786, 0.36694115879486006, 0.0968067067672006, 0.25566930474376154], [0.16988861635132016, 0.24180384716228473, 0.1742663344926014, 0.41404120199379385], [0.10955804774252746, 0.25308733458340643, 0.18854292810760687, 0.4488116895664592], [0.1728986136945045, 0.35763298482556555, 0.0644701146337622, 0.40499828684616773], [0.2480119487673851, 0.2951272447410297, 0.13236314160585722, 0.32449766488572807], [0.33858074409715516, 0.3456818443015572, 0.09785559186963626, 0.21788181973165138], [0.24808937731146408, 0.3738495859606979, 0.15540957674064068, 0.2226514599871974], [0.31319876210859465, 0.23224664111311205, 0.19873936696438646, 0.25581522981390686], [0.08982617824053013, 0.21702930498595982, 0.09051555251968504, 0.6026289642538251], [0.3190727651128739, 0.15508540257159725, 0.09512829433307395, 0.4307135379824549], [0.2810927655529834, 0.2870334812497125, 0.11216576115596447, 0.31970799204133965], [0.17715173804655482, 0.23515275271270825, 0.32556686933407186, 0.262128639906665], [0.3078004363688984, 0.1328023704195643, 0.36900133979963945, 0.19039585341189777], [0.2259295831206412, 0.30233032777564145, 0.19272565128209423, 0.27901443782162333], [0.31133972536794124, 0.20779738498744682, 0.18263571169976228, 0.2982271779448497], [0.16365622293345805, 0.2859558762275307, 0.2589777194604471, 0.29141018137856406], [0.3125497251445745, 0.21152240768353492, 0.26012455361389053, 0.21580331355800011], [0.20705386707885046, 0.26695746867373443, 0.24976864052063738, 0.27622002372677773], [0.1570790990272136, 0.37235066144504453, 0.3296879959653463, 0.14088224356239573], [0.1519758404407318, 0.3066997783679543, 0.21878412878793937, 0.32254025240337447], [0.23478527023388923, 0.3036483459459397, 0.13299445369633506, 0.3285719301238359], [0.25523340798659033, 0.3450371151844667, 0.13108896917703058, 0.26864050765191233], [0.31660797991845663, 0.20718142323479752, 0.13292701207133178, 0.3432835847754141], [0.09958260229669992, 0.2784061852381183, 0.46190076533849594, 0.16011044712668593], [0.37666897323636306, 0.20509542808040052, 0.22682198333470166, 0.19141361534853496], [0.2762217004207336, 0.2333807892959994, 0.1440800652968043, 0.3463174449864628], [0.18968348088178058, 0.30283823628815615, 0.16639064531990005, 0.3410876375101631], [0.38119532695386504, 0.22594545734743343, 0.15776804050059615, 0.23509117519810543], [0.24968979045397977, 0.18890497400447603, 0.11886067849258983, 0.4425445570489543], [0.3836533635732602, 0.2252970450558011, 0.16257895096742908, 0.22847064040350967], [0.18560785033351448, 0.2867726841916641, 0.18527495475771866, 0.34234451071710265], [0.10090843622637291, 0.11401265944927079, 0.6103810512125399, 0.17469785311181626], [0.18102981730553022, 0.3784631555544019, 0.23899436195672571, 0.2015126651833425], [0.5339918595346812, 0.17500079055620396, 0.06332931109414178, 0.22767803881497312], [0.29571647038876026, 0.24154145514467235, 0.11968735303474135, 0.34305472143182597], [0.18177121626113535, 0.3973834961394226, 0.09494830368201294, 0.3258969839174293], [0.2539092106890682, 0.2693447866685658, 0.16420257636730648, 0.3125434262750596], [0.20867845718955458, 0.38093038464355905, 0.1515278622055269, 0.2588632959613597], [0.266189672723531, 0.3796177804451744, 0.09919000189385577, 0.255002544937439], [0.22931727017513176, 0.31714783192091794, 0.27070435316597985, 0.18283054473797045], [0.12232685137791811, 0.2744149045275249, 0.0849729668456969, 0.5182852772488601], [0.16579300931732074, 0.3448414825604129, 0.10789747014367833, 0.38146803797858814], [0.1799762586832779, 0.3510644203845807, 0.08136260725959985, 0.38759671367254167], [0.2742873137895248, 0.3276902301779939, 0.1634166668551161, 0.23460578917736508], [0.2414365380682061, 0.2136731808630957, 0.2620490046187609, 0.2828412764499373], [0.17543529072270622, 0.4099182038899161, 0.16001472236736208, 0.25463178302001555], [0.1408048730641443, 0.23771219605770913, 0.420318928235106, 0.20116400264304057], [0.20074940654023793, 0.4253053262181455, 0.13799677166548252, 0.23594849557613407], [0.12113389918780873, 0.3706376300617621, 0.14461840445499255, 0.3636100662954368], [0.18220694334917073, 0.20355934378168067, 0.4207751263185094, 0.19345858655063922], [0.27000162224285995, 0.3122048308207035, 0.15993470378836314, 0.25785884314807345], [0.09603301302307396, 0.19631183073322928, 0.27318467816577885, 0.4344704780779179], [0.1736293431116197, 0.3789263850946566, 0.09304344100505527, 0.35440083078866846], [0.3642508203500685, 0.244151389174297, 0.12683865033483288, 0.2647591401408017], [0.2485273796113571, 0.2865436419482074, 0.19097181374430133, 0.2739571646961341], [0.18385548482466402, 0.39875080551010417, 0.2034293760967226, 0.21396433356850922], [0.09393291152382399, 0.20456998156412512, 0.11701090464574924, 0.5844862022663018], [0.13824684050004876, 0.48676057119086696, 0.2047643430695848, 0.1702282452394997], [0.23152255284582904, 0.4678957049488358, 0.11250613905953653, 0.18807560314579858], [0.15655225559653216, 0.3688290115755658, 0.15796719327496367, 0.31665153955293857], [0.18361483360129854, 0.26783932900231194, 0.23619015598637697, 0.31235568141001263], [0.14941735366590822, 0.3063532584657507, 0.21921934244246738, 0.3250100454258738], [0.1938095903561575, 0.2891243938079117, 0.2640064049738317, 0.253059610862099], [0.21951235664516847, 0.3744348947262236, 0.17012654968304022, 0.2359261989455679], [0.2103578495822173, 0.2725283396368642, 0.2343032024245437, 0.28281060835637484], [0.19453139906121114, 0.28565714738773235, 0.09414297904909988, 0.4256684745019565], [0.339115336507852, 0.24800151661146916, 0.1331539369589033, 0.27972920992177563], [0.23947667298666145, 0.34619695358318425, 0.19574937836787745, 0.21857699506227676], [0.27400580091062227, 0.43856411993354566, 0.0986306367474302, 0.18879944240840185], [0.13418930924745087, 0.299672593562171, 0.1195942616532256, 0.44654383553715254], [0.20337625018738564, 0.2739659208529507, 0.22421428707885022, 0.2984435418808135], [0.24582068838008, 0.1875528594490408, 0.11569903976630325, 0.4509274124045761], [0.21523321703129467, 0.18163354358249306, 0.33948953446549096, 0.26364370492072137], [0.15385381063507425, 0.13824176061325136, 0.14620301845983533, 0.5617014102918391], [0.2730364140078058, 0.26549561831555024, 0.20007931706220156, 0.2613886506144422], [0.1429739335674341, 0.1804541467772054, 0.35594561899584626, 0.32062630065951436], [0.18654526872476102, 0.42538187901670205, 0.12215498987350137, 0.2659178623850355], [0.2357718845996129, 0.36720121847720416, 0.14779170780261597, 0.24923518912056697], [0.5979593531774043, 0.14105120515518382, 0.08552031202370901, 0.17546912964370293], [0.30957359047929867, 0.28308757443733207, 0.058789406367928926, 0.3485494287154403], [0.1772445531348932, 0.18339657037568577, 0.12234748863745712, 0.5170113878519639], [0.33651904135163574, 0.2824763262494642, 0.20068414306513288, 0.18032048933376715], [0.25271859585745815, 0.33059571017742223, 0.13189152568745, 0.2847941682776697], [0.2049685541750972, 0.38925636846759243, 0.11247885260452782, 0.2932962247527826], [0.21886947051197495, 0.343158574648281, 0.07080906970358597, 0.36716288513615813], [0.16289102186633928, 0.23876854732350966, 0.1394807426242554, 0.4588596881858956], [0.18966156856154956, 0.36232666690030163, 0.24824813701104081, 0.1997636275271082], [0.23722877245934235, 0.5108657390657585, 0.08052974326091572, 0.17137574521398355], [0.37889518988163323, 0.19464115519202377, 0.17207165677357505, 0.254391998152768], [0.22620284362795332, 0.3044077358556569, 0.10671532466196905, 0.36267409585442095], [0.1624019623289074, 0.2101377643806257, 0.09713873085079466, 0.5303215424396721], [0.24325831665496028, 0.2560330129528837, 0.11057779893095364, 0.3901308714612024], [0.2570981910180428, 0.2750714429759638, 0.18351549045780646, 0.2843148755481872], [0.2485198887575416, 0.3388185976384435, 0.11879061720024238, 0.2938708964037724], [0.1721777990755557, 0.24783110021506602, 0.07907900201086965, 0.5009120986985086], [0.1899056019152178, 0.24163777158493832, 0.3688026233273881, 0.1996540031724558], [0.2893795296138698, 0.25166864958915613, 0.08055294512735088, 0.3783988756696232], [0.3777095460784569, 0.3918493959525644, 0.09746957401661571, 0.13297148395236283], [0.2303543811926724, 0.4258460599543366, 0.13752039298260843, 0.20627916587038259], [0.14517663622892452, 0.2575949571686109, 0.39803750432885293, 0.19919090227361155], [0.2788802315401719, 0.1960125780065139, 0.09935536083465034, 0.42575182961866387], [0.21065775404822476, 0.4059953548983349, 0.1072265696168044, 0.2761203214366361], [0.17496583209675406, 0.42177514079674955, 0.07437573184406267, 0.3288832952624337], [0.17779298195653379, 0.293710459940761, 0.22637780473576316, 0.30211875336694205], [0.4935863011281327, 0.2084819929612142, 0.14293409150695915, 0.15499761440369403], [0.2233067019598688, 0.24015453797057393, 0.16217091462709585, 0.37436784544246154], [0.2505117527206061, 0.2753683381913064, 0.09359957886394543, 0.3805203302241421], [0.18792812670589681, 0.24847307010112105, 0.1405684602585371, 0.4230303429344449], [0.3126472506458671, 0.35561985863776563, 0.1324453525389226, 0.19928753817744482], [0.12097568433363969, 0.34058069903762656, 0.3869137018468426, 0.15152991478189123], [0.20183908282684462, 0.33511989796570885, 0.371262600102157, 0.09177841910528958], [0.3357764221270667, 0.31948044598939723, 0.14648403205711893, 0.19825909982641715], [0.25227068743432157, 0.32900177219080695, 0.13714149226668904, 0.2815860481081824], [0.19810936455432207, 0.4233694361980521, 0.13799002991681275, 0.24053116933081317], [0.3556521683949218, 0.30834900173669255, 0.14549570688941021, 0.1905031229789757], [0.0655856029859032, 0.06171815391303506, 0.8132252519459459, 0.059470991155115865], [0.19051098431047106, 0.3327587969363645, 0.0951333185889444, 0.38159690016422], [0.22469969967169245, 0.2629184028855145, 0.18489144801834972, 0.3274904494244433], [0.16453430941831756, 0.29663555054973684, 0.08983063163940046, 0.44899950839254515], [0.14253566443053634, 0.3565561894174638, 0.24040535551021666, 0.2605027906417834], [0.31919377038910374, 0.3627943743504319, 0.10460351056592765, 0.21340834469453684], [0.19725404638654542, 0.24798894841107677, 0.13886904992200533, 0.4158879552803726], [0.13637424536760112, 0.37930258838404146, 0.14252103985043957, 0.34180212639791785], [0.2780650036694747, 0.35709830873023146, 0.18691475619557646, 0.17792193140471763], [0.14867467863573014, 0.28592925804033525, 0.13756086502360812, 0.42783519830032657], [0.2544908550729553, 0.17132644120540438, 0.3287807640705449, 0.24540193965109533], [0.13729320663692757, 0.3551578760728157, 0.17752032210124613, 0.33002859518901057], [0.28682379961756416, 0.2301999225026044, 0.10449369778133889, 0.37848258009849267], [0.17952109443119288, 0.4172867174586383, 0.24025129088412195, 0.1629408972260468], [0.40662265720092716, 0.22293678369334227, 0.13999974033689033, 0.2304408187688402], [0.2511731507788513, 0.4097499578439566, 0.11233470772124962, 0.22674218365594256], [0.2099972075946477, 0.33213266080646614, 0.10726912080804199, 0.3506010107908443], [0.17343944403915976, 0.3567341466719636, 0.16667360274291182, 0.30315280654596477], [0.18772938283654925, 0.3873449527143428, 0.1341178508616014, 0.29080781358750635], [0.17988651806138986, 0.42192318943506407, 0.09746136638791664, 0.30072892611562946], [0.3552559285238711, 0.27950031135166237, 0.23994031920990705, 0.12530344091455942], [0.3440289278292904, 0.24682534589565855, 0.10464535130259744, 0.30450037497245364], [0.1722414753531868, 0.2655747313945141, 0.17061413404037823, 0.3915696592119209]]}, "rewritten": {"ids": ["97106820", "97109080", "97113900", "97116410", "98107340", "98109230", "98110710", "98110810", "98111860", "98112580", "98116090", "98116940", "99107560", "99107630", "99108000", "99108460", "99109740", "99109780", "99110730", "99111930", "99121440", "100107920", "100108580", "100109360", "100109890", "100111080", "100116500", "100116790", "100120780", "101108500", "101108950", "101110200", "101111140", "101112160", "101114020", "102110240", "102110690", "102112301", "102113981", "103110760", "103110840", "103111620", "103111830", "103112470", "103113170", "103113610", "103117200", "103117461", "104111380", "104111531", "104111830", "104114740", "104116441", "104118340", "105110251", "105115250", "105116501", "105116980", "105119550", "105119950", "105120280", "106111321", "106113190", "106116850", "106118161", "106121220", "107116501", "107117010", "107117630", "107118120", "107118820", "107119390", "107120010", "107121230", "108114220", "108115500", "108115570", "108116481", "108117360", "108117451", "108119330", "108119550", "108121351", "109113281", "109115070", "109115211", "109115220", "109115380", "109116040", "109116170", "109117431", "109119460", "109119591", "110114610", "110114920", "110116441", "110117080", "110117140", "110117870", "110118181", "110118701", "110118740", "110119030", "110120190", "110120560", "110121170", "110121720", "111114171", "111116090", "111116411", "111116990", "111117200", "111118810", "111118910", "111119930", "111120260", "111120320", "111121220", "112116290", "112116850", "112117461", "112117780", "112118620", "112119980", "112120290", "112120670", "112121030", "112121351", "112121410", "113117340", "113118421", "113118630", "113118810", "113118870", "113120751", "113121190", "113121750", "113122120", "113122150", "113122170", "113122230", "113122320"], "labels": [1, 2, 2, 3, 0, 1, 2, 1, 0, 2, 0, 2, 1, 2, 2, 0, 3, 2, 3, 1, 2, 0, 0, 0, 3, 0, 2, 2, 1, 3, 2, 2, 2, 3, 3, 3, 0, 1, 1, 1, 1, 0, 3, 1, 3, 2, 0, 0, 3, 0, 3, 2, 1, 2, 0, 2, 1, 0, 1, 3, 3, 0, 0, 3, 3, 1, 1, 1, 0, 3, 3, 2, 1, 0, 3, 3, 3, 0, 1, 2, 0, 1, 3, 0, 0, 0, 3, 3, 0, 0, 1, 1, 0, 1, 3, 3, 1, 3, 3, 1, 3, 3, 0, 3, 0, 2, 3, 3, 3, 0, 0, 0, 0, 0, 1, 3, 1, 3, 0, 0, 0, 0, 3, 0, 1, 2, 0, 0, 0, 2, 3, 3, 3, 0, 1, 1, 0, 1, 2, 1, 1, 1], "predicted_labels": [2, 1, 3, 2, 0, 1, 3, 3, 0, 3, 1, 3, 1, 2, 1, 2, 3, 2, 1, 0, 1, 0, 1, 2, 3, 0, 2, 2, 3, 0, 0, 0, 0, 0, 3, 0, 0, 3, 0, 0, 1, 2, 3, 3, 2, 2, 1, 1, 0, 1, 3, 2, 0, 3, 3, 3, 0, 2, 1, 1, 3, 3, 0, 1, 2, 3, 0, 2, 0, 3, 1, 1, 3, 2, 0, 2, 1, 0, 1, 3, 3, 0, 1, 0, 1, 3, 0, 0, 3, 2, 3, 0, 2, 0, 1, 0, 0, 3, 2, 2, 0, 0, 1, 0, 3, 0, 0, 1, 0, 3, 3, 2, 0, 3, 1, 1, 0, 1, 0, 0, 1, 2, 1, 1, 3, 3, 0, 1, 2, 1, 1, 2, 1, 0, 3, 3, 0, 1, 1, 2, 0, 1], "confidence_scores": [[0.2581722225411136, 0.16771932202783485, 0.3720831074776531, 0.2020253479533986], [0.1556048365574326, 0.358186581335872, 0.265101653797679, 0.22110692830901638], [0.24416353198284493, 0.2520645231103558, 0.17074012567553565, 0.3330318192312636], [0.21164018290498976, 0.2382632739538365, 0.3403549510190595, 0.20974159212211438], [0.40028166995315384, 0.2710971687012586, 0.13439492427126065, 0.1942262370743268], [0.23778479235314615, 0.32591554770518927, 0.1976230126448477, 0.23867664729681673], [0.17718310101189652, 0.2113424838149981, 0.2769407922035086, 0.33453362296959677], [0.2808199493210938, 0.2651757958918628, 0.1428301209705324, 0.3111741338165111], [0.3881644230799006, 0.1804759028523616, 0.2294274612449117, 0.201932212822826], [0.109098030415643, 0.13589848519263364, 0.2267155158510309, 0.5282879685406924], [0.1821219851135995, 0.3444506407137885, 0.2574420976888303, 0.21598527648378177], [0.16669331303060803, 0.22013388742782286, 0.21852770053918563, 0.3946450990023834], [0.23606563281654808, 0.35306208819954366, 0.18093191890682025, 0.22994036007708812], [0.2426049938612097, 0.2671811191334377, 0.2987448413351602, 0.1914690456701925], [0.20705816349757958, 0.37991912713365167, 0.09104235650241958, 0.3219803528663492], [0.15841891967545083, 0.21093712410788332, 0.47269263402957973, 0.15795132218708602], [0.22132477813820162, 0.18260643407340912, 0.26569685754917627, 0.33037193023921324], [0.26233501452176844, 0.20923216004373912, 0.3098063251074393, 0.21862650032705316], [0.16398874677069106, 0.34446396061178175, 0.339603300796428, 0.15194399182109902], [0.3787706581317452, 0.3016773437942256, 0.14125366565640524, 0.17829833241762405], [0.2439568485080542, 0.3690240319127832, 0.20721501523177893, 0.17980410434738367], [0.32347741500835747, 0.20878223886076294, 0.26727363789813874, 0.20046670823274101], [0.19265030204866018, 0.332479713470861, 0.3259834981323632, 0.1488864863481157], [0.1848362553670207, 0.26594678807912436, 0.338259791620679, 0.210957164933176], [0.26002152903734893, 0.20938466235200925, 0.15502116319497136, 0.37557264541567054], [0.32913632890621125, 0.24273052863410544, 0.1635938512817902, 0.2645392911778931], [0.2311195530474144, 0.2009583932596785, 0.3443975298358571, 0.22352452385704993], [0.2006874764867068, 0.20102278806148463, 0.4604346219413627, 0.13785511351044588], [0.22948916366624478, 0.2396844397726099, 0.13682153235456515, 0.3940048642065804], [0.40258007686930225, 0.20638777376733833, 0.1609942452337996, 0.23003790412955985], [0.3580314228668899, 0.26654746445745503, 0.16455940662802923, 0.21086170604762602], [0.263833822940242, 0.25279767952985027, 0.22581128215534538, 0.2575572153745625], [0.3791647780766287, 0.23707352804573614, 0.12957472690141653, 0.2541869669762187], [0.3936514689338652, 0.32527764840673845, 0.12017230898822347, 0.16089857367117297], [0.1955909124138854, 0.20149047697965758, 0.2685562811765222, 0.3343623294299349], [0.26639897078334007, 0.24332005120799788, 0.23514441805648714, 0.25513655995217505], [0.3145762356759058, 0.3049713157709557, 0.16813687640090558, 0.2123155721522328], [0.18178882013756914, 0.2430835095756212, 0.1718156529783858, 0.403312017308424], [0.34610910227487895, 0.21334382173064542, 0.17611098053173038, 0.26443609546274516], [0.28780940672822325, 0.19805663640323334, 0.243249740217263, 0.27088421665128043], [0.2841861463713011, 0.3790709092185835, 0.14048638855772225, 0.1962565558523931], [0.2519453462979367, 0.23252721031813595, 0.29774290799711806, 0.21778453538680945], [0.3337339598668683, 0.1845388333291789, 0.0923681286416054, 0.3893590781623474], [0.28699037082816514, 0.2610356464159405, 0.15717741877728642, 0.2947965639786081], [0.2001869485316318, 0.23852422235173512, 0.30734723728442553, 0.2539415918322077], [0.2207277874560274, 0.11272058791469887, 0.5287730518457753, 0.13777857278349845], [0.1795064587913674, 0.33517027209107125, 0.15240151048957998, 0.3329217586279814], [0.30212092993005435, 0.32807930643698036, 0.14548249030248833, 0.224317273330477], [0.37128678115988784, 0.21418427714146307, 0.11344006076802383, 0.3010888809306254], [0.2449930071983845, 0.2840296740949785, 0.18855331930425218, 0.28242399940238494], [0.2167569711328486, 0.2667318462964347, 0.20462855078022787, 0.3118826317904888], [0.13676700168365488, 0.2211819745705381, 0.5001449641792327, 0.14190605956657434], [0.42993340056208323, 0.29541944593121383, 0.09159640951661008, 0.18305074399009275], [0.22957688471172286, 0.30565347502132634, 0.13052794564039294, 0.3342416946265579], [0.32373495601667707, 0.15972804969160978, 0.10172046204322482, 0.4148165322484884], [0.2919787476312984, 0.220211993660657, 0.11901264920032953, 0.36879660950771515], [0.35099128981253913, 0.19225072220911918, 0.12478251700597898, 0.3319754709723627], [0.1829478721130869, 0.2414995575689739, 0.3925163982584722, 0.18303617205946715], [0.2632187596226304, 0.3550535627521201, 0.15573194996883274, 0.22599572765641696], [0.20008174454518457, 0.28436220211864804, 0.25860981135335026, 0.25694624198281707], [0.1435327155419487, 0.23797372902393057, 0.12192410763133624, 0.4965694478027845], [0.2716677006927872, 0.13414048593586136, 0.20613482645631, 0.3880569869150415], [0.3502569496869169, 0.2561057445258114, 0.18202764102293884, 0.2116096647643329], [0.24280559289791098, 0.4195719527448286, 0.21144125576708678, 0.12618119859017363], [0.25003034837422344, 0.25668190270809454, 0.2940311787105357, 0.19925657020714638], [0.2234988204848597, 0.285270483033506, 0.15144795003239322, 0.33978274644924106], [0.4331820864962047, 0.18515249137826031, 0.21086414970615314, 0.17080127241938178], [0.16247085494388278, 0.2685444379027933, 0.4184601036257328, 0.1505246035275909], [0.37085298934850547, 0.21324778169365313, 0.11366057004879712, 0.30223865890904433], [0.14685275934855072, 0.3126815450954059, 0.1696024678196164, 0.370863227736427], [0.18848226223081888, 0.45141442282477223, 0.14757997108208737, 0.21252334386232155], [0.14795217144595937, 0.4829877174011824, 0.17882751657541515, 0.19023259457744318], [0.20941335411729975, 0.23960662851996617, 0.2520183579018903, 0.2989616594608439], [0.1697112633559868, 0.1651946303578163, 0.5233521465379031, 0.14174195974829382], [0.33201324159915097, 0.21830869742591105, 0.11865644917240553, 0.33102161180253264], [0.19820638316401598, 0.27631646014641326, 0.3199193426985706, 0.2055578139910002], [0.17859451483085037, 0.4966791320773361, 0.12029063511220378, 0.20443571797960983], [0.2836180612283473, 0.18763687842738677, 0.2814831780658181, 0.24726188227844817], [0.261922995951311, 0.28373639507852044, 0.19613636042542432, 0.2582042485447442], [0.24410202021195035, 0.29446946072314645, 0.09202024291793255, 0.36940827614697075], [0.266230078582792, 0.2444760138865747, 0.21785315525928828, 0.27144075227134506], [0.32968427251580334, 0.2576812602908737, 0.14066173700579124, 0.2719727301875318], [0.28279855123534353, 0.3208982720544508, 0.1697121618335177, 0.22659101487668792], [0.3587876870504161, 0.22758520330544868, 0.2043002007694871, 0.2093269088746483], [0.2516807551790354, 0.2965752886532991, 0.24165231287928884, 0.21009164328837687], [0.19871149779273495, 0.17032416249043586, 0.27269420195609495, 0.3582701377607345], [0.46282508355805785, 0.18431577855148476, 0.10012400436956105, 0.2527351335208965], [0.32907152070990786, 0.18781595212161645, 0.2601376277832632, 0.22297489938521262], [0.23563400860114864, 0.23385890738665738, 0.26376528750531025, 0.2667417965068837], [0.2910453063037712, 0.20480223310050005, 0.32099718431412416, 0.18315527628160455], [0.2377294013173727, 0.20359046587005208, 0.17267011164037194, 0.3860100211722034], [0.44590740126476386, 0.2408187582480849, 0.13587737194468372, 0.1773964685424676], [0.22613061444694493, 0.2531247061730815, 0.262225008801867, 0.25851967057810654], [0.40640513868196926, 0.18809874716267677, 0.12714650568994995, 0.2783496084654042], [0.16037039444660584, 0.3838148819056176, 0.1192374126258979, 0.3365773110218786], [0.4972158874039387, 0.20133826173699437, 0.12682630154914196, 0.17461954930992504], [0.29994780458023246, 0.26921993451258, 0.17080457948506186, 0.2600276814221259], [0.13936390906671045, 0.26239046125312143, 0.19615052488723778, 0.40209510479293037], [0.24713892709277, 0.17326675632910252, 0.3443623578918262, 0.23523195868630137], [0.23757457620292133, 0.1825410311757978, 0.31626038174582, 0.26362401087546095], [0.39680503090607294, 0.26094190213356344, 0.14013388977141691, 0.20211917718894676], [0.4962604900823279, 0.19563284323775695, 0.08332769056094587, 0.22477897611896933], [0.2839148716825013, 0.3328004207747801, 0.12672310690968197, 0.2565616006330367], [0.3354719837521944, 0.19750342259186826, 0.29547083502581967, 0.17155375863011785], [0.3544620290922307, 0.08733069631494247, 0.07314548678635442, 0.4850617878064724], [0.3271256012565761, 0.2492910432402347, 0.1672930575927903, 0.256290297910399], [0.2846509075382149, 0.27977723483628275, 0.15161909267468596, 0.28395276495081634], [0.330073890450224, 0.41722296512528284, 0.1038278152728182, 0.14887532915167495], [0.3220962403522667, 0.2541689919117374, 0.16367462795569981, 0.2600601397802961], [0.31554419899081776, 0.1667614052668249, 0.12410201536759326, 0.39359238037476435], [0.30018164633691474, 0.230209325463339, 0.13813967505522853, 0.3314693531445179], [0.2483937918378142, 0.2413895405173006, 0.26757391679330167, 0.24264275085158352], [0.39587524141037617, 0.2185490324281604, 0.11113140569019918, 0.2744443204712644], [0.2657699172228778, 0.19926169959175172, 0.1560564034485268, 0.3789119797368438], [0.29753404119110854, 0.33806234018301784, 0.164913726943637, 0.19948989168223685], [0.3149478609814682, 0.4244170030144102, 0.10968399307631693, 0.1509511429278046], [0.31488093978820747, 0.228354618324366, 0.15483619218812802, 0.3019282496992984], [0.28958093232746723, 0.3592812983192354, 0.12081442296372183, 0.23032334638957574], [0.32659736479713014, 0.31409610699422713, 0.1359762033408096, 0.22333032486783327], [0.3797336280341494, 0.2092826138347848, 0.13549517550881918, 0.27548858262224674], [0.24540646073696085, 0.4280596378504955, 0.10397380998679505, 0.22256009142574856], [0.2553338034813517, 0.26035082827548506, 0.272501752296454, 0.21181361594670936], [0.2028308252165089, 0.2941250143624264, 0.2258125595330236, 0.2772316008880411], [0.22517196570047066, 0.4637432918935719, 0.11322110258199705, 0.19786363982396024], [0.25911266019408374, 0.19968859579236067, 0.2487637491005003, 0.2924349949130554], [0.263461248262141, 0.21213043563383804, 0.2386931747056734, 0.28571514139834764], [0.3663427109421629, 0.2145680764334204, 0.09238690018095182, 0.3267023124434649], [0.26984590273219367, 0.34102478297129946, 0.18070591227739233, 0.20842340201911458], [0.21609843576197144, 0.253068067235895, 0.28088874626348154, 0.24994475073865216], [0.2186915365154702, 0.41371473643734574, 0.08492435860286059, 0.2826693684443237], [0.24175865379859718, 0.3280417112803991, 0.1317921358864431, 0.2984074990345605], [0.22088578284406127, 0.22483056206170182, 0.32935498954207104, 0.224928665552166], [0.28476399128921515, 0.40173488438973, 0.1285690356538543, 0.18493208866720076], [0.35028264348680105, 0.26398053983493164, 0.10536284259080798, 0.28037397408745923], [0.20513122650525253, 0.19204409705735437, 0.09890234397507362, 0.5039223324623194], [0.25652697029064786, 0.28207124949273366, 0.15127468065038072, 0.31012709956623774], [0.3833639780027116, 0.28865551808003276, 0.13619984865023727, 0.1917806552670185], [0.26252448822053287, 0.36765122756697005, 0.16791271150062892, 0.2019115727118682], [0.1846142090263626, 0.3846881149356642, 0.13766609089802628, 0.29303158513994704], [0.2468478840463561, 0.2656636668925459, 0.32022938621379415, 0.1672590628473039], [0.39618323745448725, 0.23160049204561195, 0.16304228766767045, 0.20917398283223032], [0.21597039744188543, 0.36836876073232677, 0.18020698431424467, 0.2354538575115431]]}}