{"test": {"ids": ["112116810", "111115400", "103111110", "111116040", "104113170", "112117461", "100108580", "99107630", "108120700", "109117271", "107114950", "98116940", "112117580", "104114320", "98107410", "107116300", "112119500", "100112060", "113120780", "104118340", "110118181", "109117431", "106116370", "112118421", "103120340", "103111540", "111120190", "107120880", "112117431", "97106970", "111116100", "108118291", "111120220", "105116980", "105112100", "107118490", "102110500", "104119340", "105117431", "105115680", "105113620", "98112170", "101116130", "113120640", "112117780", "113122430", "107121540", "104111830", "106115120", "101112540", "100107920", "107114490", "113120531", "101111990", "107113180", "101114020", "108121410", "103109791", "102112030", "111114941", "112120540", "110114950", "103113170", "101110150", "98112300", "111120540", "106114150", "97113900", "100108260", "111119290", "110114561", "98109570", "99109860", "107113360", "112121360", "106116850", "109113881", "99109141", "109115380", "105119550", "98113881", "109116170", "105121190", "103111930", "111117571", "100109000", "97114170", "108121190", "110116501", "99110730", "98106880", "103113610", "99119830", "104111620", "106111321", "110114321", "112119450", "101108500", "102116500", "113119300", "112118880", "112118530", "102110850", "111121351", "105111990", "106116120", "107116980", "111115780", "110121140", "101121640", "110115710", "100113370", "106117790", "109115220", "102116340", "99112641", "97112830", "108120260", "97105451", "112118860", "111119950", "110118930", "109116930", "105113440", "108120060", "113119450", "101111210", "106116441", "104116800", "111120531", "104111380", "97108520", "98117740", "108120621", "99107640", "113117401", "105120280", "110120531", "99107560", "109115211", "107120260", "106116640"], "labels": [3, 0, 3, 0, 3, 0, 0, 2, 2, 0, 3, 2, 0, 2, 3, 0, 2, 2, 0, 2, 1, 1, 2, 3, 1, 1, 3, 1, 0, 2, 3, 3, 3, 0, 1, 2, 3, 1, 1, 2, 0, 3, 2, 0, 0, 2, 2, 3, 1, 2, 0, 3, 0, 2, 3, 3, 0, 3, 2, 0, 3, 0, 3, 1, 2, 1, 1, 2, 3, 3, 0, 1, 2, 0, 3, 3, 0, 3, 3, 1, 3, 0, 2, 3, 3, 1, 2, 1, 3, 3, 0, 2, 1, 0, 0, 1, 3, 3, 1, 1, 1, 1, 3, 0, 2, 1, 3, 1, 3, 2, 2, 3, 1, 3, 3, 1, 2, 1, 0, 3, 0, 1, 0, 0, 1, 3, 2, 0, 1, 0, 3, 2, 2, 1, 1, 3, 3, 0, 1, 0, 1, 3], "predicted_labels": [1, 1, 1, 0, 1, 3, 0, 0, 3, 3, 3, 1, 0, 0, 3, 1, 1, 0, 3, 1, 1, 1, 0, 3, 1, 1, 1, 3, 1, 3, 1, 3, 1, 1, 3, 1, 0, 3, 1, 1, 1, 1, 1, 1, 0, 1, 1, 3, 1, 0, 3, 3, 1, 1, 1, 0, 1, 3, 1, 1, 1, 3, 1, 1, 3, 1, 1, 1, 3, 1, 1, 3, 1, 1, 1, 1, 1, 0, 1, 1, 1, 3, 1, 0, 0, 3, 1, 1, 3, 1, 1, 2, 1, 0, 1, 1, 3, 1, 1, 3, 1, 1, 1, 1, 3, 3, 0, 1, 1, 3, 3, 3, 1, 3, 1, 0, 0, 1, 0, 1, 3, 1, 0, 1, 1, 0, 1, 1, 3, 3, 0, 0, 1, 1, 0, 3, 1, 1, 1, 3, 1, 3], "confidence_scores": [[0.24862877677877687, 0.30434822954822943, 0.1832416916416917, 0.2637813020313021], [0.2677582972582974, 0.2854215673215674, 0.2014286657786658, 0.24539146964146982], [0.1866218975468976, 0.34733459073606116, 0.1758280663780665, 0.2902154453389748], [0.31762056481530193, 0.25620983460983476, 0.18983511488511495, 0.2363344856897489], [0.18637226107226104, 0.35909676434676424, 0.19198790653790668, 0.26254306804306815], [0.28487253857253875, 0.25666032856032867, 0.15519201354201356, 0.30327511932511936], [0.2711459651459652, 0.2505760735996031, 0.23575214230214248, 0.24252581895228958], [0.32022678155178164, 0.22144220224220248, 0.1717347707847708, 0.2865962454212454], [0.26381929181929187, 0.2587251193251195, 0.17305740370740375, 0.3043981851481852], [0.20870521700521702, 0.30091546231546235, 0.1854687812187813, 0.30491053946053936], [0.281973298923299, 0.24010742590742598, 0.16953946053946067, 0.3083798146298146], [0.22677249417249426, 0.33072805527805527, 0.22177191697191706, 0.22072753357753358], [0.2877810911310914, 0.26918335830835843, 0.15922892940392944, 0.28380662115662125], [0.26983087533381656, 0.25756806102394336, 0.23026157535275182, 0.24233948828948845], [0.2703309321397558, 0.23507252747252763, 0.21740746834864486, 0.27718907203907206], [0.23330502830502828, 0.2878229548229548, 0.22315965700965723, 0.2557123598623598], [0.20168838033311723, 0.3617808635808637, 0.18763857253857263, 0.24889218354744666], [0.2633506632256633, 0.25645699855699866, 0.21863827561327576, 0.2615540626040627], [0.21698388000888, 0.29305721778221777, 0.18250470085470097, 0.3074542013542013], [0.1913330169830171, 0.37237472560119605, 0.21717045177045186, 0.21912180564533512], [0.23810472305472316, 0.31892832722832726, 0.19335033855033867, 0.2496166111666112], [0.17938217338217355, 0.3501466533466533, 0.20874729159729175, 0.2617238816738818], [0.3132348706848707, 0.23987898212898212, 0.16994446664446675, 0.27694168054168045], [0.2757861305361306, 0.25493260628260644, 0.16430894105894112, 0.30497232212232206], [0.20216404151404166, 0.30457456987456993, 0.20791315351315368, 0.28534823509823526], [0.21384109779109786, 0.34189083694083705, 0.1643252802752803, 0.2799427849927849], [0.21529596514596527, 0.31696926961926963, 0.19567231657231662, 0.27206244866244866], [0.2267571428571429, 0.2713775335775335, 0.1982518315018316, 0.3036134920634921], [0.2531058885558885, 0.2908729215229218, 0.17758775113775116, 0.27843343878343885], [0.23869816294816298, 0.2538141802641803, 0.2296426684426685, 0.27784498834498844], [0.27177745032745043, 0.3342724747474749, 0.15038093295593305, 0.24356914196914198], [0.26344330114330117, 0.2704702464202465, 0.17567067932067945, 0.29041577311577305], [0.23836037296037324, 0.3270546322958088, 0.172592853878148, 0.26199214086567035], [0.2914427183927185, 0.3092138999888999, 0.15045010267510275, 0.2488932789432791], [0.2681098512598512, 0.2378613164613166, 0.17606454656454656, 0.31796428571428575], [0.19426844266844273, 0.3470296925296927, 0.227133166833167, 0.23156869796869797], [0.2950441946941947, 0.2348418414918416, 0.18651643356643366, 0.28359753024753026], [0.20831288711288712, 0.30229153069153075, 0.15806489066489082, 0.3313306915306916], [0.20125686535686546, 0.37210139582639584, 0.17814897879897887, 0.24849276001776005], [0.22312531357531354, 0.3358321123321123, 0.18460606615606628, 0.25643650793650796], [0.24249287934287939, 0.33025540570540557, 0.1970827727827729, 0.2301689421689423], [0.24051292041292052, 0.3077865856365859, 0.18721512376512384, 0.26448537018537016], [0.23814769119769125, 0.3104723304473305, 0.24479843489843495, 0.20658154345654353], [0.24599149461649467, 0.2913539821289821, 0.1790982184482185, 0.2835563048063048], [0.2984465152494565, 0.2422099219408044, 0.21025863384981036, 0.24908492895992906], [0.20718609168609187, 0.3082131091131092, 0.2151190143190143, 0.26948178488178487], [0.20783036130536134, 0.2961605061605063, 0.23375249750249763, 0.26225663503163504], [0.2105498251748253, 0.27376231268731266, 0.22079332334332344, 0.29489453879453886], [0.2918037351537352, 0.31672659562659544, 0.1561763791763792, 0.2352932900432901], [0.2832894680482917, 0.2540813575313576, 0.20566519950637605, 0.2569639749139749], [0.21700669950964077, 0.24561617402205646, 0.15165241229358886, 0.3857247141747142], [0.20038489843489854, 0.2903605228105227, 0.19155408480408498, 0.31770049395049405], [0.2210987884664356, 0.2949170865082631, 0.19174044648162303, 0.2922436785436785], [0.23525233932733944, 0.2906892912642914, 0.21300931290931294, 0.2610490564990566], [0.25286241536241544, 0.2940385447885448, 0.21952872127872142, 0.23357031857031868], [0.28228591408591414, 0.24873545343545345, 0.21881895881895888, 0.25015967365967373], [0.26555407370407375, 0.30423300588300595, 0.17299330669330684, 0.25721961371961377], [0.22917642912642916, 0.2603731490731491, 0.2488174991674994, 0.2616329226329227], [0.22957453102453107, 0.2913482572982574, 0.2197671883671885, 0.25931002331002334], [0.24367312687312703, 0.31510341325341323, 0.14738045288045298, 0.29384300699300725], [0.21649445554445565, 0.3193849983349984, 0.20147343767343778, 0.26264710844710853], [0.28973984903984906, 0.25445461760461774, 0.15128974358974362, 0.3045157897657898], [0.2007905205905206, 0.30863731268731287, 0.24467043512043518, 0.2459017316017317], [0.30036635586635596, 0.31515279165279175, 0.1591514985014985, 0.22532935397935397], [0.2904485014985015, 0.21638349428349427, 0.20165894105894122, 0.2915090631590632], [0.24299053724053737, 0.29681431346431364, 0.21076294261294262, 0.2494322066822068], [0.2672239149739151, 0.2700840878076172, 0.1928961926961928, 0.2697958045222752], [0.27406770451770457, 0.28711036186036176, 0.19608766233766237, 0.24273427128427133], [0.2645424186924188, 0.2650675602175601, 0.202418353868354, 0.26797166722166726], [0.16313159063159072, 0.34852999777999794, 0.1982728882228883, 0.29006552336552344], [0.24652440892440905, 0.31282108169608175, 0.1796051226551227, 0.26104938672438693], [0.20106217671217683, 0.24351401376401377, 0.1726229326229327, 0.3828008769008769], [0.1774455572205573, 0.292829231879232, 0.24984817959817968, 0.2798770313020313], [0.24103174325674334, 0.3065257964257963, 0.16227388444888452, 0.2901685758685759], [0.2851013875013875, 0.3243314962814964, 0.18314443889443893, 0.2074226773226774], [0.2160365079365081, 0.2980346764346764, 0.1957627705627707, 0.290166045066045], [0.24859779664779674, 0.2987063492063493, 0.16585188700188697, 0.28684396714396726], [0.2992655947853316, 0.2834596736596738, 0.15411993284493294, 0.2631547987100621], [0.19817519702519704, 0.33129675324675334, 0.18819720279720295, 0.28233084693084703], [0.25549181929181936, 0.32141941391941403, 0.12134487734487738, 0.30174388944388963], [0.2551971139971139, 0.3176756798756799, 0.21726172161172172, 0.20986548451548453], [0.19431398601398614, 0.28716853701853684, 0.18519444444444452, 0.33332303252303264], [0.19926717171717184, 0.33573706571206596, 0.20780665723165728, 0.2571891053391055], [0.2989977133977133, 0.2981938616938616, 0.21042597957597975, 0.1923824453324454], [0.31138168498168506, 0.2666776168276169, 0.14706774336774334, 0.2748729548229546], [0.26077648462648473, 0.2683008880008881, 0.1995140470640472, 0.27140858030858034], [0.2613387862137863, 0.29835729825729823, 0.17487844100344102, 0.26542547452547455], [0.2472833277833278, 0.31882722277722275, 0.19670553335553348, 0.23718391608391626], [0.2543587384837385, 0.27067776390276393, 0.1397457153957155, 0.33521778221778215], [0.2523443001443001, 0.27947188922188926, 0.19754053169053185, 0.270643278943279], [0.21565936840936853, 0.3092695526695526, 0.2282889277389279, 0.24678215118215124], [0.24686010101010109, 0.24507789987789994, 0.2592017871017872, 0.24886021201021208], [0.19562174492174508, 0.3341072094572095, 0.20161893106893114, 0.26865211455211463], [0.3340997779997779, 0.20541865911865925, 0.1799305860805862, 0.28055097680097707], [0.2727057553557555, 0.2851550449550449, 0.18184437229437234, 0.26029482739482757], [0.20273883893883898, 0.3394872016872015, 0.23678953268953282, 0.22098442668442678], [0.23528762626262628, 0.2450069097569098, 0.1777674408924409, 0.3419380230880231], [0.2287298645798646, 0.30105487290487287, 0.20922595182595186, 0.26098931068931075], [0.23541812631812636, 0.2728795926295926, 0.2209135642135643, 0.270788716838717], [0.2428602675102677, 0.25898195693195714, 0.13420533910533908, 0.36395243645243647], [0.2605785880785882, 0.2843617354867355, 0.20569221056721065, 0.24936746586746603], [0.20605662115662118, 0.34491676101676083, 0.22935807525807542, 0.2196685425685427], [0.20220728160728166, 0.3095677711177711, 0.2821129925629927, 0.2061119547119548], [0.21520391830391847, 0.3481889110889112, 0.17135470640470654, 0.26525246420246423], [0.26724159174159184, 0.26809986124986124, 0.1357807914307915, 0.3288777555777555], [0.2425885780885783, 0.28121655011655033, 0.18853388278388294, 0.2876609890109891], [0.3262460261960261, 0.30417486957486967, 0.14344648684648695, 0.22613261738261753], [0.26578953889248014, 0.3077385460944284, 0.16049577448695096, 0.2659761405261405], [0.2562286657786659, 0.2886873737373738, 0.22807532467532485, 0.22700863580863587], [0.21949201354201364, 0.27163063603063614, 0.171442440892441, 0.33743490953490957], [0.2328189976689977, 0.27647419247419247, 0.20029716949716966, 0.2904096403596404], [0.23412697580197583, 0.2505624178109473, 0.2195660561660563, 0.29574455022102086], [0.22078169608169618, 0.31412946857064494, 0.20789274565303986, 0.25719608969461916], [0.20563034188034188, 0.2443830003330004, 0.16906476301476314, 0.3809218947718947], [0.18584184704184717, 0.3039313131313131, 0.2570585636585636, 0.25316827616827614], [0.2771267926517927, 0.26439297924297944, 0.1894497474747475, 0.2690304806304806], [0.2945866078366079, 0.26130703740703753, 0.1977879453879455, 0.24631840936840943], [0.2852303751803752, 0.31015684674802324, 0.14934217122746538, 0.25527060684413627], [0.31070555555555557, 0.280170868020868, 0.14282742812742824, 0.26629614829614834], [0.23710520035520036, 0.308852763902764, 0.21310062160062174, 0.24094141414141418], [0.2083892163392166, 0.2812380619380619, 0.21118460983460982, 0.29918811188811195], [0.1994745182921655, 0.3363487750811281, 0.19149099234099246, 0.2726857142857143], [0.27307073482073485, 0.26426926406926443, 0.207161865911866, 0.25549813519813536], [0.251980352980353, 0.2770654401154401, 0.21087436452436464, 0.26007984237984244], [0.2513707070707071, 0.3237608946608947, 0.22027272727272734, 0.20459567099567103], [0.315792118992119, 0.2860075757575756, 0.1478674825174826, 0.25033282273282287], [0.25062620157620175, 0.290120107670108, 0.1722335220335221, 0.28702016872016867], [0.2503853479853481, 0.354615417915418, 0.13669927849927857, 0.2582999555999556], [0.2487043088490457, 0.24321329781329787, 0.15638419358419367, 0.3516981997534627], [0.22327190032190053, 0.26514625929625935, 0.2389697413697415, 0.27261209901209926], [0.28371969974469985, 0.27060000832500847, 0.18906152736152737, 0.2566187645687647], [0.2808294323323737, 0.25306001351589597, 0.18969823868941535, 0.2764123154623155], [0.22379056499056518, 0.27953860583860585, 0.22127417027417043, 0.275396658896659], [0.25257877122877137, 0.3455252747252746, 0.1613498889998891, 0.24054606504606518], [0.2733521312021313, 0.24229991119991123, 0.2142626207126209, 0.2700853368853369], [0.2211591650179886, 0.29131052836052845, 0.17351713645831301, 0.31401317016317015], [0.20290355755355757, 0.30560545565545577, 0.266021411921412, 0.22546957486957508], [0.24755011655011666, 0.29785653790653804, 0.16137611832611842, 0.2932172272172272], [0.27042231102231107, 0.3139359279609281, 0.173538258963259, 0.24210350205350217], [0.20552902652902655, 0.280738172938173, 0.1541118548118549, 0.3596209457209458], [0.2623942612942613, 0.34952473637473636, 0.16235245865245873, 0.2257285436785437], [0.24937049617049617, 0.2178975468975471, 0.17791721611721617, 0.35481474081474085]]}, "rewritten": {"ids": ["97105451", "97106970", "97108520", "97112830", "97113900", "97114170", "98106880", "98107410", "98109570", "98112170", "98112300", "98113881", "98116940", "98117740", "99107560", "99107630", "99107640", "99109141", "99109860", "99110730", "99112641", "99119830", "100107920", "100108260", "100108580", "100109000", "100112060", "100113370", "101108500", "101110150", "101111210", "101111990", "101112540", "101114020", "101116130", "101121640", "102110500", "102110850", "102112030", "102116340", "102116500", "103109791", "103111110", "103111540", "103111930", "103113170", "103113610", "103120340", "104111380", "104111620", "104111830", "104113170", "104114320", "104116800", "104118340", "104119340", "105111990", "105112100", "105113440", "105113620", "105115680", "105116980", "105117431", "105119550", "105120280", "105121190", "106111321", "106114150", "106115120", "106116120", "106116370", "106116441", "106116640", "106116850", "106117790", "107113180", "107113360", "107114490", "107114950", "107116300", "107116980", "107118490", "107120260", "107120880", "107121540", "108118291", "108120060", "108120260", "108120621", "108120700", "108121190", "108121410", "109113881", "109115211", "109115220", "109115380", "109116170", "109116930", "109117271", "109117431", "110114321", "110114561", "110114950", "110115710", "110116501", "110118181", "110118930", "110120531", "110121140", "111114941", "111115400", "111115780", "111116040", "111116100", "111117571", "111119290", "111119950", "111120190", "111120220", "111120531", "111120540", "111121351", "112116810", "112117431", "112117461", "112117580", "112117780", "112118421", "112118530", "112118860", "112118880", "112119450", "112119500", "112120540", "112121360", "113117401", "113119300", "113119450", "113120531", "113120640", "113120780", "113122430"], "labels": [0, 2, 2, 2, 2, 2, 0, 3, 1, 3, 2, 3, 2, 2, 1, 2, 1, 3, 2, 3, 1, 1, 0, 3, 0, 1, 2, 3, 3, 1, 2, 2, 2, 3, 2, 2, 3, 3, 2, 3, 1, 3, 3, 1, 3, 3, 2, 1, 3, 0, 3, 3, 2, 1, 2, 1, 2, 1, 0, 0, 2, 0, 1, 1, 3, 2, 0, 1, 1, 1, 2, 0, 3, 3, 1, 3, 0, 3, 3, 0, 3, 2, 1, 1, 2, 3, 1, 1, 1, 2, 1, 0, 0, 0, 3, 3, 0, 0, 0, 1, 1, 0, 0, 2, 3, 1, 1, 0, 3, 0, 0, 1, 0, 3, 3, 3, 0, 3, 3, 0, 1, 0, 3, 0, 0, 0, 0, 3, 1, 3, 1, 3, 2, 3, 3, 3, 1, 3, 0, 0, 0, 2], "predicted_labels": [0, 1, 1, 0, 1, 1, 1, 0, 3, 3, 3, 0, 1, 3, 0, 0, 0, 0, 1, 1, 1, 3, 3, 1, 0, 0, 0, 1, 1, 0, 3, 1, 1, 0, 0, 3, 3, 2, 1, 1, 3, 1, 3, 3, 0, 1, 1, 1, 1, 0, 1, 1, 1, 3, 1, 3, 3, 0, 0, 1, 1, 0, 1, 1, 1, 1, 0, 0, 0, 1, 3, 1, 3, 1, 1, 1, 3, 1, 3, 3, 0, 1, 0, 3, 1, 0, 1, 1, 1, 3, 1, 1, 3, 3, 3, 1, 3, 0, 3, 1, 1, 3, 3, 3, 3, 1, 3, 3, 0, 3, 1, 1, 0, 0, 3, 1, 1, 1, 1, 1, 1, 1, 1, 3, 0, 3, 1, 0, 1, 1, 1, 3, 1, 1, 1, 1, 3, 1, 1, 1, 3, 1], "confidence_scores": [[0.2939433372183371, 0.27234132534132527, 0.17805957375957385, 0.2556557636807637], [0.23360484515484534, 0.2925386835386835, 0.2184738594738596, 0.25538261183261185], [0.25611038748832876, 0.27253362046450286, 0.2139341749753515, 0.2574218170718171], [0.32126357531357536, 0.2666398823398824, 0.18104311244311264, 0.23105342990342997], [0.2548521201021201, 0.27257080974580983, 0.20010600233100226, 0.2724710678210678], [0.2148382284382285, 0.33848095597213246, 0.16737484574249298, 0.27930596984714634], [0.18580962370962378, 0.31489775779775775, 0.22100053280053295, 0.27829208569208586], [0.27656074399456754, 0.26878124098124107, 0.19046934258551912, 0.26418867243867256], [0.22175068265068287, 0.25563892496392504, 0.17534592629592635, 0.347264466089466], [0.2736605061605063, 0.27882746697746713, 0.1587196414696415, 0.2887923853923855], [0.2730615384615385, 0.2263283272283273, 0.20347975912975927, 0.2971303751803752], [0.27789693917193925, 0.2629462481962482, 0.22074242424242432, 0.23841438838938842], [0.23074795964269662, 0.32244546009546005, 0.18171717726717732, 0.2650894029946661], [0.2610898656898657, 0.264117538017538, 0.1734071373071374, 0.30138545898545893], [0.30791146353646354, 0.27083043623043634, 0.16333638861138874, 0.25792171162171174], [0.3109001665001664, 0.22155270840270858, 0.16652942612942617, 0.3010176989676988], [0.26335318570318583, 0.2534225774225775, 0.22651567350777888, 0.25670856336645814], [0.3250388555888557, 0.2305740120990122, 0.18605230047730076, 0.2583348318348319], [0.22595941835941838, 0.326464146964147, 0.2399778887778888, 0.20759854589854596], [0.19898563658563664, 0.3033219835719836, 0.2075207570207572, 0.29017162282162284], [0.2516453435453437, 0.2895020340770342, 0.1887504162504163, 0.2701022061272061], [0.2480696989285227, 0.27316714396714414, 0.16220704099821745, 0.31655611610611606], [0.2109980970010383, 0.28679482870071127, 0.14605133004250667, 0.35615574425574426], [0.2690264790764791, 0.27272294372294376, 0.2136745310245311, 0.24457604617604628], [0.29234776334776336, 0.24694588744588758, 0.2353922913343968, 0.22531405787195272], [0.28755856365856375, 0.28380715395715383, 0.1786392551892552, 0.24999502719502725], [0.280673088023088, 0.27398051948051955, 0.1670987956487957, 0.27824759684759687], [0.2352238594738595, 0.27460572205572215, 0.2190200133200134, 0.2711504051504052], [0.23250279720279718, 0.29200710400710383, 0.19677839382839385, 0.27871170496170494], [0.3112209068709068, 0.2780463397713399, 0.15694298201798218, 0.2537897713397714], [0.2617559912309913, 0.2568709235209237, 0.17067278277278286, 0.31070030247530245], [0.24679993894993904, 0.3026704850704851, 0.18262509712509725, 0.2679044788544788], [0.2758222000222001, 0.3045327838827839, 0.1719713564213566, 0.24767365967365987], [0.28639469141969137, 0.28293943833943835, 0.1635787851037851, 0.2670870851370851], [0.27521037851037855, 0.2479613358863359, 0.23092058497058504, 0.24590770063270076], [0.2812034826284826, 0.22036470196470195, 0.1585006604506605, 0.33993115495615484], [0.2536186147186148, 0.24612632367632387, 0.19839083694083703, 0.3018642246642246], [0.20355543900543913, 0.28452392607392607, 0.30468841158841165, 0.2072322233322235], [0.24998530913530925, 0.31589911754911765, 0.24136453546453557, 0.1927510378510379], [0.23102970917970925, 0.29570786435786456, 0.20604270729270738, 0.2672197191697193], [0.2480000527250527, 0.26918790098790113, 0.1978330086580088, 0.28497903762903765], [0.23491893106893114, 0.26936089466089475, 0.23871975524475533, 0.2570004190254191], [0.2402689976689977, 0.2845605120369826, 0.16212627927627946, 0.3130442110177403], [0.2707567821067823, 0.26568864468864495, 0.17302871572871575, 0.2905258574758576], [0.28647332667332664, 0.26546774891774894, 0.1852062964812965, 0.2628526279276281], [0.2051054501054502, 0.30739450353568004, 0.2142206998883471, 0.27327934647052315], [0.24307019647019662, 0.28032909590409594, 0.22754756077256083, 0.2490531468531469], [0.24040083805083817, 0.29409920079920093, 0.1758396880896881, 0.2896602730602731], [0.2529218586968588, 0.3037617382617384, 0.20392146742146747, 0.23939493561993563], [0.31347003552003533, 0.2418272671772673, 0.15549958929958937, 0.28920310800310806], [0.23488873903873903, 0.293777133977134, 0.1840024531024532, 0.2873316738816738], [0.21354045399045413, 0.3041515262515264, 0.21559199689199696, 0.26671602286602286], [0.24233704073704085, 0.27908297813297805, 0.22458481518481546, 0.2539951659451661], [0.2558534687534688, 0.2504602453102453, 0.15993676878676885, 0.33374951714951734], [0.21301172716172725, 0.33952304362304353, 0.20332775002775005, 0.24413747918747936], [0.2334173881673881, 0.29305962370962374, 0.16361300921300925, 0.30990997890997884], [0.25948096348096356, 0.3024795870795869, 0.1296230602730604, 0.3084163891663892], [0.29932188922188924, 0.23345651570651585, 0.17744893994893998, 0.289772655122655], [0.27848281718281725, 0.27361859806859806, 0.18547089022089028, 0.26242769452769465], [0.24349113109113116, 0.3370742868242868, 0.18034657038867574, 0.2390880116959065], [0.2135183982683984, 0.33693492063492053, 0.1941277056277057, 0.2554189754689756], [0.3159428959928959, 0.3010252414252413, 0.14173403263403264, 0.2412978299478301], [0.2264562271062273, 0.32520028860028866, 0.1892314518814519, 0.2591120324120324], [0.26139538239538246, 0.3080492063492064, 0.1322994227994228, 0.2982559884559885], [0.19858141858141878, 0.31234807414807414, 0.23340706515706525, 0.25566344211344216], [0.21878544233544253, 0.3058427849927851, 0.22396299256299262, 0.2514087801087801], [0.2990618104118106, 0.287115306915307, 0.18024890664890675, 0.233573976023976], [0.3257210372960371, 0.27042028804528817, 0.1705646103896105, 0.23329406426906443], [0.33376324231324245, 0.2749143245643247, 0.1494219280719281, 0.2419005050505051], [0.2611733766233767, 0.2824704184704185, 0.18706897546897547, 0.2692872294372296], [0.2866769785769787, 0.22621204906204914, 0.1595530858030859, 0.3275578865578864], [0.2617332334332334, 0.343130184521361, 0.15707729166258586, 0.23805929038281973], [0.24108202353202354, 0.24422549117549136, 0.20345962925962938, 0.31123285603285594], [0.20092988400488412, 0.30416081418581403, 0.2192980963480965, 0.2756112054612055], [0.25316776556776566, 0.2936273004773008, 0.20470377677877677, 0.2485011571761572], [0.22957369852369874, 0.2828616661116662, 0.236772410922411, 0.25079222444222443], [0.22320895770895796, 0.29337299367299385, 0.16172607392607408, 0.3216919746919745], [0.20585324675324684, 0.3070070374070374, 0.18305679875679895, 0.30408291708291696], [0.2617834498834499, 0.2895823454323456, 0.15700052170052184, 0.29163368298368303], [0.24975506715506723, 0.2727966699966702, 0.19076734376734383, 0.2866809190809189], [0.3197492313242312, 0.29449650904650904, 0.16733413530913535, 0.21842012432012442], [0.240622965922966, 0.30642813852813855, 0.20565690420690433, 0.2472919913419915], [0.30117518037518026, 0.2932334942834942, 0.19516874236874246, 0.21042258297258318], [0.23200769785769798, 0.260560916860917, 0.20050598845598844, 0.30692539682539666], [0.22959427794427809, 0.2920712065712065, 0.22667828837828852, 0.25165622710622726], [0.337141042943984, 0.24016964832553084, 0.1664243736655502, 0.2562649350649353], [0.2460097069597072, 0.30691062271062264, 0.19254693639693646, 0.25453273393273396], [0.24547340992341005, 0.337956430497607, 0.1353050971903913, 0.2812650623885919], [0.2672607634195872, 0.3126935481185482, 0.1373823739985506, 0.2826633144633146], [0.24916069486069495, 0.2546032634032634, 0.1780141996891998, 0.3182218420468421], [0.24432404817404826, 0.2942209068709069, 0.19266341436341444, 0.26879163059163064], [0.27788443778443794, 0.3204837773337772, 0.1954587967587968, 0.20617298812298826], [0.26400883005883014, 0.2711823953823953, 0.16993669663669667, 0.294872077922078], [0.2159983627483628, 0.31142816627816616, 0.14948773448773453, 0.3230857364857365], [0.24303861693861706, 0.2691165612165613, 0.1632223998223998, 0.32462242202242203], [0.19997077367077365, 0.3342980463980464, 0.19950826395826407, 0.26622291597291586], [0.2664722333222334, 0.26823516206016207, 0.14591425241425238, 0.31937835220335226], [0.2856697746697749, 0.2571906426906427, 0.19484834609834623, 0.26229123654123654], [0.23776834276834286, 0.28750209039326685, 0.16357747510487458, 0.311152091733516], [0.21123908313908327, 0.36203217338217325, 0.1962605672105672, 0.23046817626817634], [0.26985320235320226, 0.3160135364635365, 0.2036464202464204, 0.21048684093684092], [0.27968455433455425, 0.25138504828504843, 0.1834463203463204, 0.28548407703407713], [0.2690690698190698, 0.27986839826839827, 0.15370337995337996, 0.29735915195915197], [0.20031515706515726, 0.2903606060606061, 0.19049801864801882, 0.3188262182262183], [0.2629639693639694, 0.25813825341325347, 0.13298434343434348, 0.3459134337884337], [0.25012046842046853, 0.29863227328227326, 0.17113427128427133, 0.28011298701298715], [0.2107787878787881, 0.3025146056557822, 0.18338254196783613, 0.3033240644975939], [0.2738168553668555, 0.28326911781029424, 0.15549019150783863, 0.2874238353150119], [0.2919081363081364, 0.27617847152847164, 0.2231993728493729, 0.20871401931401948], [0.21818342213342223, 0.2995476578976577, 0.16783910563121113, 0.31442981433770906], [0.2852991341991342, 0.30953535353535355, 0.1886458874458875, 0.21651962481962508], [0.25982211187505316, 0.29295615071203296, 0.1711796073207838, 0.27604213009213013], [0.2887053391053391, 0.2733837662337663, 0.17541385281385288, 0.2624970418470421], [0.2958017094017094, 0.2889203130203131, 0.14856913919413928, 0.2667088383838384], [0.29611758796758786, 0.2619299533799534, 0.14268102453102463, 0.299271434121434], [0.17817392607392618, 0.314217071817072, 0.2239153513153514, 0.28369365079365083], [0.24215129870129876, 0.286207647907648, 0.19019452214452223, 0.2814465312465312], [0.23385465645465658, 0.30391648939296, 0.18724378954378953, 0.27498506460859407], [0.26370995670995684, 0.30886389525507174, 0.1469242891095833, 0.2805018589253883], [0.22411914196914204, 0.29801154401154395, 0.20433141303141303, 0.2735379009879012], [0.24259733044733045, 0.30616405816405834, 0.21911111111111117, 0.23212750027750037], [0.2353186202686204, 0.3435860861360863, 0.1642687340437341, 0.2568265595515597], [0.2382452991452993, 0.3279789210789211, 0.20885022200022213, 0.2249255577755579], [0.24584125319125322, 0.2565080974580975, 0.1700629093129094, 0.32758774003773977], [0.28940889110889123, 0.2728115662115663, 0.1490219336219336, 0.288757609057609], [0.2565178654678655, 0.2601321400821401, 0.1854420135420135, 0.2979079809079808], [0.2904175657675658, 0.3152409396159396, 0.15901922799422802, 0.2353222666222667], [0.2804562271062272, 0.272591502941503, 0.18201607836607853, 0.26493619158619175], [0.19753941809824152, 0.3721740481740482, 0.21356082610200272, 0.2167257076257078], [0.2457979575979577, 0.3324724608724609, 0.1934030303030303, 0.22832655122655135], [0.23149427794427804, 0.3229088395264864, 0.21348024034788762, 0.2321166421813483], [0.29159804639804643, 0.2387169830169832, 0.1390603452103453, 0.33062462537462545], [0.2294638972138973, 0.30308290630937673, 0.2131361249861252, 0.254317071490601], [0.25692030812324945, 0.28530612851201087, 0.18035227909345558, 0.2774212842712844], [0.29559165556665556, 0.29715797258297266, 0.17516911976911972, 0.23208125208125216], [0.2508957256795493, 0.3025883782883783, 0.1654798126709892, 0.2810360833610834], [0.22565676545676555, 0.2501626429126431, 0.16909895104895112, 0.35508164058164055], [0.2615326395826397, 0.3153145715395716, 0.15065865245865248, 0.2724941364191364], [0.23834170274170288, 0.2989382669617966, 0.16672879342879343, 0.2959912368677076], [0.2526024772613008, 0.27206163836163855, 0.21692140996258652, 0.25841447441447446], [0.23740515873015886, 0.2799213064713065, 0.19012874625374637, 0.29254478854478844], [0.2789753119429591, 0.31185183868419153, 0.2014583250083251, 0.20771452436452445]]}}