{"test": {"ids": ["113117630", "98110680", "99108010", "110114610", "106119990", "105113170", "110118301", "97105960", "111119930", "106118301", "108113620", "111120540", "104113190", "98117740", "100111620", "111116640", "99109910", "112118860", "112116540", "104111711", "97113260", "103111170", "111119250", "101108460", "110120190", "104117630", "104111531", "104111830", "100111270", "97105451", "108115070", "109116441", "102110850", "107121540", "111120320", "100109000", "110115250", "109121410", "109119460", "104111550", "110118121", "101116130", "105116860", "112118550", "107116501", "111116290", "99111340", "107115140", "103118110", "108114180", "99110050", "110114920", "111117120", "99107630", "113119480", "111120220", "109117730", "112118161", "99109740", "98109230", "100120010", "104114410", "110121140", "103117200", "110115710", "100108580", "110120531", "104116800", "112117210", "108119510", "105115570", "101112540", "106113830", "112117790", "102110050", "113120540", "104119340", "106120640", "111115620", "101114020", "99120010", "108114270", "109117630", "111118301", "112117030", "97114170", "98116090", "99109840", "108120280", "107114950", "98107410", "103120780", "108121160", "111119290", "112119320", "105114220", "113122170", "104118340", "104113170", "105117431", "98108970", "113120601", "107114110", "113118490", "110117140", "103112641", "105115250", "97116500", "107116340", "112116880", "110120560", "103113640", "110116290", "110115980", "106114880", "110114651", "106116820", "108114360", "98110230", "110118111", "102109850", "112121360", "108115250", "109115380", "104116441", "112118810", "98107010", "100120780", "104114240", "108118291", "99109780", "99108710", "98116500", "111116100", "105110091", "113118511", "110115140", "98108410", "112118471", "109119591", "112119930", "112118880"], "labels": [0, 2, 2, 1, 0, 0, 1, 2, 1, 1, 3, 1, 3, 2, 3, 0, 2, 3, 1, 1, 1, 2, 1, 0, 3, 0, 0, 3, 2, 0, 1, 3, 3, 2, 1, 1, 1, 0, 1, 1, 3, 2, 2, 3, 1, 2, 1, 0, 2, 1, 3, 3, 2, 2, 3, 3, 3, 0, 3, 1, 0, 1, 3, 0, 2, 0, 0, 1, 1, 1, 0, 2, 1, 3, 3, 3, 1, 3, 1, 3, 2, 3, 0, 3, 2, 2, 0, 2, 3, 3, 3, 1, 2, 3, 1, 3, 1, 2, 3, 1, 3, 2, 1, 1, 3, 3, 2, 2, 3, 0, 0, 1, 2, 1, 0, 3, 1, 1, 3, 1, 1, 3, 1, 3, 1, 3, 3, 1, 0, 3, 2, 2, 2, 3, 0, 1, 0, 1, 1, 0, 1, 1], "predicted_labels": [3, 2, 1, 0, 0, 3, 0, 3, 3, 0, 0, 0, 1, 1, 2, 1, 2, 0, 1, 3, 1, 3, 0, 3, 1, 1, 3, 1, 2, 1, 1, 0, 0, 1, 1, 0, 0, 0, 0, 2, 1, 1, 2, 0, 1, 2, 0, 3, 2, 0, 1, 2, 1, 3, 3, 0, 3, 0, 2, 2, 0, 3, 0, 1, 0, 3, 0, 3, 1, 3, 3, 3, 0, 3, 1, 1, 1, 1, 0, 1, 3, 3, 3, 3, 3, 3, 3, 1, 3, 3, 0, 1, 3, 0, 3, 0, 2, 3, 1, 2, 1, 3, 3, 3, 0, 0, 3, 1, 3, 1, 0, 0, 3, 0, 1, 3, 3, 1, 1, 0, 2, 0, 3, 3, 3, 3, 3, 0, 0, 1, 3, 1, 3, 3, 0, 1, 3, 1, 1, 1, 2, 0], "confidence_scores": [[0.24525400914226583, 0.10657602533981854, 0.1695089026501898, 0.47866106286772575], [0.09317129033587167, 0.33054646782377345, 0.538099583295739, 0.03818265854461575], [0.03560670721048861, 0.8978198312354553, 0.0356920100622935, 0.030881451491762704], [0.3448772470366111, 0.12354625622116532, 0.25617466523889026, 0.2754018315033333], [0.30882813065707837, 0.10492676391901364, 0.3085078862793463, 0.2777372191445617], [0.14818585494536543, 0.06644423872142065, 0.18034087577783725, 0.6050290305553767], [0.5364009908677744, 0.050626052592115896, 0.054125658849180955, 0.3588472976909287], [0.004891417260848519, 0.006451894373935705, 0.02599198253326609, 0.9626647058319497], [0.30822741598903036, 0.05778416217834736, 0.026192309841517297, 0.6077961119911051], [0.6592598474939908, 0.16718172627106043, 0.04078189499908121, 0.13277653123586752], [0.680055292008749, 0.022111382442868283, 0.0119981187696964, 0.2858352067786863], [0.7896534883625902, 0.11355318555928964, 0.09093325025514146, 0.005860075822978662], [0.20167643038456443, 0.562934405591954, 0.17789345811345264, 0.05749570591002889], [0.06560993043461087, 0.44444669690190813, 0.1835358061014858, 0.3064075665619953], [0.14511869692253948, 0.1611419239675913, 0.5375713839241335, 0.15616799518573574], [0.3219458332014119, 0.48143887302845534, 0.10970229565241933, 0.0869129981177133], [0.14280173315575054, 0.07374616976692283, 0.7393117445329881, 0.044140352544338624], [0.4601422947834648, 0.284796645338486, 0.20724477316955053, 0.04781628670849873], [0.01529873552067528, 0.9158250870081308, 0.02602030020024078, 0.04285587727095308], [0.03642220667392459, 0.2807449888059939, 0.00801406490878605, 0.6748187396112955], [0.03920221524434551, 0.9334795466611834, 0.014338607571517283, 0.012979630522953945], [0.2061776986811317, 0.2025621182390508, 0.08796489674822083, 0.5032952863315967], [0.8616712982191197, 0.004381378213828121, 0.013184370481326077, 0.12076295308572593], [0.14309574788673868, 0.009660562508045914, 0.0014545261950387608, 0.8457891634101767], [0.03170195615934246, 0.6263248290209552, 0.06728617724125809, 0.27468703757844426], [0.0721276134622274, 0.5447210744326643, 0.022262483427735773, 0.36088882867737254], [0.07466011011819945, 0.13612808408720914, 0.024362824185934776, 0.7648489816086566], [0.0064088212339051005, 0.7547704566604213, 0.007344110973840022, 0.23147661113183354], [0.14099631389942982, 0.1099021757989624, 0.643958703448509, 0.10514280685309883], [0.1477269164224228, 0.815748951875329, 0.012651991384765079, 0.023872140317483196], [0.40476097922372556, 0.4609624738995246, 0.09681433300935155, 0.037462213867398314], [0.816164573732633, 0.012652282445647011, 0.0017444919548999915, 0.16943865186682], [0.40914717705125564, 0.2059127499042089, 0.2685012760640851, 0.11643879698045033], [0.11812320769442812, 0.4320882533079461, 0.32645963337112716, 0.12332890562649859], [0.21549701181473582, 0.7120919599527988, 0.035472936174603224, 0.03693809205786218], [0.4696701064474479, 0.12145551891557772, 0.011449767938171705, 0.3974246066988028], [0.45136824931330605, 0.08158547020806146, 0.20791695840132568, 0.25912932207730693], [0.6677210126125239, 0.11539603968403514, 0.04421720112888703, 0.17266574657455402], [0.35899443063593767, 0.18369286749091548, 0.12320810685241715, 0.33410459502072964], [0.18245580213355317, 0.10417651300844602, 0.5898277186551689, 0.12353996620283197], [0.34704795102563424, 0.5298791325335084, 0.0254084395230732, 0.09766447691778425], [0.31361249016650994, 0.4184965631582179, 0.21563358576724698, 0.0522573609080252], [0.1945050861326499, 0.1067428138985408, 0.6918152324285463, 0.0069368675402628295], [0.7360642554352692, 0.03817255291496193, 0.01936353229684015, 0.20639965935292862], [0.05507925757282979, 0.9067662497926664, 0.002555204368932393, 0.03559928826557142], [0.03558204008458743, 0.3149390949528614, 0.3450228054767426, 0.3044560594858086], [0.45970789513695437, 0.0991727496753225, 0.3727564582337631, 0.06836289695395996], [0.1161704845683784, 0.024540897008744074, 0.1300897004080749, 0.7291989180148026], [0.02230751915753108, 0.011210445813326735, 0.8157946564817691, 0.15068737854737302], [0.7596326417683886, 0.21833195511433123, 0.014137457563457002, 0.007897945553823177], [0.35328049158600755, 0.5936400589184933, 0.029191688662769926, 0.023887760832729348], [0.2855968502464551, 0.2583519338448878, 0.3758132922807541, 0.08023792362790302], [0.27040132507754944, 0.31087802688205796, 0.20486652031008018, 0.21385412773031243], [0.02153405888967538, 0.33711415779613774, 0.15316964582114104, 0.4881821374930458], [0.205891037442285, 0.11858138607388059, 0.027743433349102245, 0.6477841431347321], [0.5760600297873042, 0.19696959811882353, 0.17156737135929628, 0.05540300073457602], [0.2794943249714522, 0.025371695073540458, 0.3350924587852312, 0.36004152116977606], [0.5217074791982306, 0.3332892970139857, 0.011872293773718222, 0.1331309300140655], [0.2871033031266466, 0.08865791502905064, 0.5431762756665546, 0.0810625061777483], [0.028946522092779994, 0.00797434940020298, 0.9602099033307568, 0.002869225176260199], [0.48790878159211787, 0.0193044846446485, 0.08318969337823531, 0.40959704038499833], [0.152610642730364, 0.14987094184996255, 0.17027445227417112, 0.5272439631455023], [0.745813046681624, 0.02630922786445732, 0.15398046871709903, 0.0738972567368196], [0.020698341937603993, 0.9218400539687053, 0.03195608409033996, 0.02550552000335074], [0.7705140047619318, 0.08342701236628144, 0.132330590016265, 0.013728392855521838], [0.37722829203814323, 0.12252234685093281, 0.10083435144760619, 0.39941500966331783], [0.9550545817751971, 0.006988076899142309, 0.011306674194655947, 0.02665066713100486], [0.052850510645097694, 0.015477202527575723, 0.00721933361609889, 0.9244529532112277], [0.02042656344674553, 0.584540345880155, 0.10814129819287133, 0.28689179248022817], [0.38335691327056187, 0.19005530960228706, 0.02106611344488011, 0.405521663682271], [0.03471083239891102, 0.08536547095960394, 0.08133394922135592, 0.7985897474201291], [0.1706078179896963, 0.1894649634304257, 0.26855107648770726, 0.37137614209217074], [0.6378073459976796, 0.17495511484557805, 0.05199675223388278, 0.1352407869228594], [0.35221052789163987, 0.031133473963857187, 0.015344311181324111, 0.6013116869631787], [0.17328014791927754, 0.4303442482472799, 0.3241754135836745, 0.07220019024976804], [0.02816685699767005, 0.887088424203168, 0.009464885763615453, 0.07527983303554638], [0.0011480466123700076, 0.4211985806948783, 0.176739565455015, 0.4009138072377366], [0.06027496039795759, 0.8448698020546723, 0.033829593509913665, 0.06102564403745625], [0.41012876420046523, 0.0521098771149068, 0.2636971947714894, 0.2740641639131387], [0.10549374023744436, 0.6312123020326301, 0.010482025303895548, 0.2528119324260301], [0.12941340825759393, 0.31309159951716614, 0.19889525841394393, 0.35859973381129595], [0.3923933249386935, 0.10750538295335689, 0.10398309278137514, 0.39611819932657455], [0.1273949663446825, 0.05619385432411558, 0.09530006752534274, 0.7211111118058591], [0.40742576144793075, 0.08930588854419247, 0.04632809945082654, 0.4569402505570502], [0.19896706172004108, 0.22143534378121402, 0.17338661351348256, 0.40621098098526226], [0.1278374453746852, 0.21769306561678067, 0.11937156435864364, 0.5350979246498905], [0.1523510474997839, 0.34900039855774756, 0.11853990484144022, 0.3801086491010283], [0.2094508225550414, 0.48069557355308523, 0.2720321966195309, 0.03782140727234249], [0.09851772530774926, 0.07265133753828731, 0.05270344032524172, 0.7761274968287216], [0.21879224257406454, 0.018199646921059694, 0.008470317573965049, 0.7545377929309107], [0.7980484103795659, 0.02907813811976228, 0.04523899768401959, 0.12763445381665237], [0.01794091778297515, 0.8918501185532282, 0.049402491492408135, 0.0408064721713886], [0.032167504890319026, 0.12156477980147026, 0.02447876638814222, 0.8217889489200686], [0.7380724881386928, 0.044232930080257964, 0.01744609758662687, 0.20024848419442232], [0.006772955216517786, 0.05500710313335655, 0.035667541499115336, 0.9025524001510103], [0.7391256834383805, 0.013075051272694633, 0.03341550473720023, 0.21438376055172467], [0.0011049040024477947, 0.0992602576146901, 0.8632049365188328, 0.036429901864029404], [0.05470644425328027, 0.04829170761907909, 0.12687827471950122, 0.7701235734081394], [0.36964453409848436, 0.5500637522104502, 0.04436553817879789, 0.03592617551226764], [0.13038952595226094, 0.07146207880885548, 0.662190482573199, 0.13595791266568463], [0.040138627019446205, 0.5095801334579286, 0.08084497198088623, 0.36943626754173897], [0.168121943878067, 0.2061226123121185, 0.015167436978227911, 0.6105880068315865], [0.2803267086387306, 0.15790895794877818, 0.027773599418660474, 0.5339907339938308], [0.005689427192220967, 0.010220328580097918, 0.004333209713137042, 0.9797570345145441], [0.7900622180161636, 0.05310474400613698, 0.020891379784360696, 0.1359416581933387], [0.648437714878598, 0.177564082996077, 0.031008050537543186, 0.1429901515877819], [0.04735493645965528, 0.027845923524422365, 0.0430795274017753, 0.881719612614147], [0.33043536700434994, 0.5260854107759695, 0.058043694136316965, 0.08543552808336369], [0.04547851273070945, 0.11916755420236694, 0.0669066437567703, 0.7684472893101534], [0.02127836662864913, 0.3828101414190624, 0.2873703890714471, 0.3085411028808413], [0.731029025017441, 0.026197991631219903, 0.16338018361841827, 0.07939279973292095], [0.5512834710654207, 0.19447750762248886, 0.04955785599623782, 0.2046811653158524], [0.27151037269445877, 0.07455781247329732, 0.1232157718671649, 0.530716042965079], [0.6822260275912337, 0.043606382290205206, 0.19935600322723818, 0.07481158689132285], [0.07115228865659136, 0.6863386449375168, 0.14601238978077558, 0.09649667662511635], [0.059922188690842475, 0.02820506239738314, 0.021834439303082293, 0.8900383096086921], [0.30037147466270897, 0.1153911654347761, 0.09026668112282947, 0.4939706787796856], [0.2669358217940972, 0.41084278829018106, 0.13762224593279787, 0.18459914398292393], [0.11945300678585938, 0.602602213675938, 0.00350573318181906, 0.2744390463563835], [0.5595942679444158, 0.33444863016343007, 0.01693255928923742, 0.08902454260291671], [0.02982512336452684, 0.028942534592685077, 0.5510657210075495, 0.39016662103523864], [0.4359179928099361, 0.28086259368753047, 0.11186225851028114, 0.17135715499225226], [0.07566040072736303, 0.014401472044487173, 0.05300067494374994, 0.8569374522844], [0.06610789890230016, 0.23014938934278212, 0.15367601352952337, 0.5500666982253943], [0.02499727607617456, 0.3740877947817449, 0.05937815767955632, 0.5415367714625243], [0.21043063551866828, 0.025634154157861615, 0.06022242780040536, 0.7037127825230648], [0.1754189680844398, 0.05546578569423167, 0.035252895687339025, 0.7338623505339895], [0.6581871980790742, 0.10859470418909042, 0.012606457709706616, 0.2206116400221287], [0.3520190258562203, 0.20339719463869638, 0.13223269403936266, 0.31235108546572066], [0.24551304252259987, 0.6301717623730454, 0.0016914016604199012, 0.12262379344393481], [0.025104175018986194, 0.28292318033035535, 0.16075509465319732, 0.5312175499974612], [0.036809280850149596, 0.8390100921440719, 0.0766733023542729, 0.047507324651505776], [0.09124764841014978, 0.018431167757357488, 0.09321950737251367, 0.7971016764599791], [0.1382959039777926, 0.29630294080133074, 0.016051549367605535, 0.5493496058532711], [0.969037735234593, 0.005174570824499066, 0.013594931080500786, 0.012192762860407073], [0.24107618491187652, 0.6712629084344892, 0.06507644408421813, 0.02258446256941621], [0.1610058163544482, 0.1378996239925398, 0.15990924559092357, 0.5411853140620885], [0.2063008774487752, 0.4718978774688585, 0.05066717924464649, 0.2711340658377199], [0.22885638302887645, 0.7132939709523013, 0.0335954353304031, 0.02425421068841917], [0.36982455874613346, 0.4613553805174262, 0.1447148548283361, 0.02410520590810409], [0.10111501678844209, 0.035326644338510065, 0.4449809071701456, 0.4185774317029022], [0.7624909304253282, 0.1727711869639715, 0.017574744539677726, 0.047163138071022334]]}, "rewritten": {"ids": ["97105451", "97105960", "97113260", "97114170", "97116500", "98107010", "98107410", "98108410", "98108970", "98109230", "98110230", "98110680", "98116090", "98116500", "98117740", "99107630", "99108010", "99108710", "99109740", "99109780", "99109840", "99109910", "99110050", "99111340", "99120010", "100108580", "100109000", "100111270", "100111620", "100120010", "100120780", "101108460", "101112540", "101114020", "101116130", "102109850", "102110050", "102110850", "103111170", "103112641", "103113640", "103117200", "103118110", "103120780", "104111531", "104111550", "104111711", "104111830", "104113170", "104113190", "104114240", "104114410", "104116441", "104116800", "104117630", "104118340", "104119340", "105110091", "105113170", "105114220", "105115250", "105115570", "105116860", "105117431", "106113830", "106114880", "106116820", "106118301", "106119990", "106120640", "107114110", "107114950", "107115140", "107116340", "107116501", "107121540", "108113620", "108114180", "108114270", "108114360", "108115070", "108115250", "108118291", "108119510", "108120280", "108121160", "109115380", "109116441", "109117630", "109117730", "109119460", "109119591", "109121410", "110114610", "110114651", "110114920", "110115140", "110115250", "110115710", "110115980", "110116290", "110117140", "110118111", "110118121", "110118301", "110120190", "110120531", "110120560", "110121140", "111115620", "111116100", "111116290", "111116640", "111117120", "111118301", "111119250", "111119290", "111119930", "111120220", "111120320", "111120540", "112116540", "112116880", "112117030", "112117210", "112117790", "112118161", "112118471", "112118550", "112118810", "112118860", "112118880", "112119320", "112119930", "112121360", "113117630", "113118490", "113118511", "113119480", "113120540", "113120601", "113122170"], "labels": [0, 2, 1, 2, 2, 3, 3, 1, 3, 1, 3, 2, 0, 2, 2, 2, 2, 2, 3, 2, 2, 2, 3, 1, 2, 0, 1, 2, 3, 0, 1, 0, 2, 3, 2, 1, 3, 3, 2, 3, 1, 0, 2, 1, 0, 1, 1, 3, 3, 3, 0, 1, 1, 1, 0, 2, 1, 0, 0, 3, 2, 0, 2, 1, 1, 0, 1, 1, 0, 3, 1, 3, 0, 3, 1, 2, 3, 1, 3, 1, 1, 1, 3, 1, 3, 2, 3, 3, 0, 3, 1, 0, 0, 1, 3, 3, 0, 1, 2, 1, 2, 3, 1, 3, 1, 3, 0, 0, 3, 1, 3, 2, 0, 2, 3, 1, 3, 1, 3, 1, 1, 1, 0, 2, 1, 3, 0, 1, 3, 3, 3, 1, 1, 1, 3, 0, 1, 1, 3, 3, 2, 1], "predicted_labels": [1, 3, 1, 3, 1, 3, 0, 1, 1, 2, 1, 2, 3, 3, 1, 3, 1, 1, 2, 3, 1, 2, 1, 2, 1, 3, 0, 2, 3, 3, 0, 3, 3, 1, 1, 2, 2, 1, 0, 0, 0, 1, 2, 3, 3, 2, 3, 3, 1, 1, 0, 3, 1, 3, 3, 3, 1, 0, 3, 0, 3, 3, 2, 3, 0, 1, 0, 0, 3, 1, 3, 3, 3, 3, 1, 1, 0, 3, 3, 0, 1, 3, 0, 0, 3, 3, 3, 0, 3, 2, 3, 0, 0, 0, 3, 1, 3, 3, 0, 0, 2, 0, 0, 1, 3, 3, 0, 3, 0, 3, 3, 2, 3, 0, 3, 0, 0, 3, 0, 1, 0, 3, 1, 3, 1, 3, 0, 1, 0, 0, 0, 0, 3, 3, 0, 0, 3, 0, 0, 1, 3, 2], "confidence_scores": [[0.4173519828134004, 0.4405745764763623, 0.03395242155787757, 0.10812101915235986], [0.012705355213437937, 0.01631186297251527, 0.06400524913049449, 0.9069775326835523], [0.07680559853836952, 0.7867221227474225, 0.10857106885646546, 0.027901209857742377], [0.07021801599629007, 0.34743849546836914, 0.12152159835683357, 0.4608218901785073], [0.35836604685621415, 0.4847464960802151, 0.03839148751298049, 0.11849596955059025], [0.09520018373970078, 0.0216006010552651, 0.027344834082541868, 0.8558543811224922], [0.7760405810282356, 0.001132372182878649, 0.0054594180710379435, 0.2173676287178478], [0.3347811582177416, 0.38946890750543145, 0.1290378248840212, 0.14671210939280574], [0.01904651101758313, 0.5992159805711135, 0.29707900002275417, 0.08465850838854927], [0.00960827443348707, 0.009229787315623714, 0.9769565598599119, 0.004205378390977297], [0.04239379434261971, 0.9093772638105913, 0.01105989330424651, 0.03716904854254265], [0.14760140279100475, 0.3433780779910908, 0.42815376969047747, 0.08086674952742694], [0.1650742687251257, 0.06910941342183582, 0.10036010291019952, 0.6654562149428389], [0.08633231017451665, 0.021121116382894628, 0.10517823793199688, 0.7873683355105917], [0.09733047785042921, 0.504462356340069, 0.15884589451981743, 0.23936127128968435], [0.01933818405001777, 0.11645763573868051, 0.06364214875039698, 0.8005620314609049], [0.04959264864930684, 0.712674426946652, 0.04143149939803427, 0.1963014250060068], [0.031000841038285147, 0.915525426546607, 0.03760062033633647, 0.015873112078771345], [0.15550214905990725, 0.14456218893489564, 0.6065865978287229, 0.0933490641764742], [0.04488810831284329, 0.37764893709132247, 0.1782491530362409, 0.39921380155959324], [0.13159192785524235, 0.6055058906455788, 0.23251320681246754, 0.030388974686711333], [0.20097513924941254, 0.24363022596499972, 0.3050731745441257, 0.250321460241462], [0.360264271840228, 0.4685947186900174, 0.06470469039172194, 0.10643631907803261], [0.07472460237597425, 0.10068608273273078, 0.7508798241988739, 0.07370949069242108], [0.07188041922569866, 0.5571265180729226, 0.12253095429060823, 0.24846210841077052], [0.3730890905543366, 0.08352294821264021, 0.04489912835349922, 0.49848883287952395], [0.4726411176230124, 0.1826456740965405, 0.022652992997580133, 0.3220602152828669], [0.03118769367340757, 0.09562397965879638, 0.6956647453494812, 0.17752358131831492], [0.04087142644387418, 0.05098711595177602, 0.20083354713781745, 0.7073079104665324], [0.1100134702682487, 0.03850671546544561, 0.058649121484122865, 0.7928306927821828], [0.7028351688844574, 0.11539238431305818, 0.009616214331289931, 0.17215623247119444], [0.0704709199064539, 0.01691378361856008, 0.015912834685796864, 0.8967024617891892], [0.09066673297892434, 0.32446434890200826, 0.09071132823942156, 0.4941575898796458], [0.24021978332622593, 0.3802013305605712, 0.015760112513496207, 0.3638187735997066], [0.10325844661058713, 0.441362811712267, 0.2825640711737678, 0.17281467050337812], [0.012756452097327755, 0.013552072133418294, 0.5784046723373152, 0.39528680343193884], [0.25500786865264347, 0.09171364967160926, 0.5287731209708544, 0.12450536070489286], [0.11348507277834999, 0.5746314668026671, 0.191597427164443, 0.12028603325453996], [0.4880677690579756, 0.1013811061477508, 0.08758140417412615, 0.3229697206201476], [0.7431940913047952, 0.040316798826928006, 0.09523885669249943, 0.12125025317577728], [0.4824903989406618, 0.18237760315684493, 0.02855951390233523, 0.30657248400015796], [0.17137905369963277, 0.7463102868937591, 0.03536794475998281, 0.04694271464662526], [0.03185457772379782, 0.037948042405946195, 0.6039211924428294, 0.32627618742742653], [0.029378024374807445, 0.36428008889056546, 0.06084944101251926, 0.5454924457221078], [0.06749286611606291, 0.11390774903067698, 0.02721306127444761, 0.7913863235788126], [0.15226601021253128, 0.15133197932803644, 0.45892984354590066, 0.2374721669135316], [0.10329417735817394, 0.16108555526319276, 0.2379242390338628, 0.49769602834477056], [0.004451455952947853, 0.46560006409023347, 0.0015949262685879312, 0.5283535536882308], [0.03460412507183188, 0.8558757351798669, 0.016812041805300267, 0.09270809794300096], [0.13946115157242733, 0.40386582833865364, 0.12169086406820523, 0.3349821560207137], [0.3558259005396308, 0.06841998235666347, 0.24255777318106433, 0.3331963439226414], [0.08714643213580373, 0.28025908573035585, 0.3041376437329641, 0.3284568384008763], [0.03734979233342481, 0.6183454421935373, 0.023206421028301828, 0.3210983444447362], [0.08324118819079163, 0.051983919713652044, 0.023249954723160982, 0.8415249373723954], [0.022690434198095907, 0.31210524501020015, 0.1024285165969462, 0.5627758041947577], [0.09213649913278933, 0.13043419273303347, 0.2662249139164091, 0.511204394217768], [0.0020377174775974807, 0.5937794909019042, 0.07274673373290891, 0.3314360578875895], [0.8993897388440084, 0.017585869294669626, 0.023828891523193566, 0.05919550033812833], [0.10390321904467341, 0.15560556291907568, 0.14488025634727997, 0.595610961688971], [0.525106647260293, 0.029740966654243344, 0.050125566019361696, 0.395026820066102], [0.10844208102596152, 0.02226935647214791, 0.04940781414497499, 0.8198807483569155], [0.053407721779908365, 0.13509569607325772, 0.22406604165693172, 0.5874305404899022], [0.32042889993886714, 0.19157541993683336, 0.4517603346868054, 0.03623534543749411], [0.06110232580879237, 0.12436995326328155, 0.36119954415175703, 0.45332817677616893], [0.47136063354153546, 0.21360114843151068, 0.012761431798603957, 0.3022767862283499], [0.1799304138379882, 0.4982344894618636, 0.21119718464617424, 0.11063791205397401], [0.5612854509007738, 0.07523583314004045, 0.0837820673748288, 0.2796966485843569], [0.4143333619276315, 0.18593291060297615, 0.02318497246040049, 0.3765487550089918], [0.24956244993645457, 0.0776220086661478, 0.15886948799314615, 0.5139460534042516], [0.0025320331792121494, 0.9614806711824992, 0.014483262939055044, 0.02150403269923369], [0.13862418193380283, 0.11862092389985444, 0.030788455388312132, 0.7119664387780306], [0.07387937342448612, 0.0227308530930703, 0.00934474496307291, 0.8940450285193707], [0.2504648978558171, 0.03938133910624486, 0.1339878223103078, 0.5761659407276303], [0.0707709120045999, 0.09494664816551261, 0.07337869936378222, 0.7609037404661053], [0.03723476095666386, 0.9197599527112349, 0.003749825839825156, 0.03925546049227603], [0.017460009447270462, 0.4622407578976988, 0.3453480521977516, 0.17495118045727925], [0.4729902043651847, 0.10621915756838532, 0.02277658361928357, 0.3980140544471465], [0.23414161477562626, 0.23462457610073054, 0.009388195262536541, 0.5218456138611066], [0.16431872441275322, 0.17414953841310654, 0.11781899308225667, 0.5437127440918836], [0.5917156512985511, 0.01117704276024556, 0.050349924141607494, 0.3467573817995958], [0.437978913680779, 0.49537267704277577, 0.04048053598427069, 0.026167873292174605], [0.06095263809701183, 0.005334620499750191, 0.016941303001651073, 0.9167714384015869], [0.6947713466374311, 0.11174108955050177, 0.0035538849216548546, 0.18993367889041224], [0.5633356791233649, 0.1620632964349118, 0.014950181090666918, 0.25965084335105637], [0.1205575819498935, 0.09496215926827146, 0.09212123406818211, 0.6923590247136528], [0.04574275571708472, 0.11351893530043926, 0.02439101822627052, 0.8163472907562055], [0.13092755863574052, 0.37395147334058815, 0.06505670943286412, 0.4300642585908072], [0.8209054070369897, 0.021413231458022892, 0.000865439114487668, 0.1568159223905], [0.38776319485923827, 0.08235741710869128, 0.06440643811469657, 0.46547294991737376], [0.17923992812790787, 0.04094136459759465, 0.5331945428793966, 0.24662416439510076], [0.32977058210590676, 0.04853713815432444, 0.1283002118010292, 0.4933920679387397], [0.6110857093506881, 0.23342444360723, 0.10038660276847189, 0.055103244273610075], [0.3640009912997225, 0.17975110086567667, 0.09257492827698592, 0.3636729795576149], [0.6974308345309078, 0.036919437737452834, 0.15498305173251725, 0.11066667599912211], [0.19089438771128206, 0.05065658275840803, 0.027337442488721497, 0.7311115870415884], [0.1686770901487244, 0.4549677283733023, 0.3339579304143183, 0.04239725106365493], [0.1026556167726507, 0.08408711645406883, 0.13934203325589553, 0.673915233517385], [0.2823090059810605, 0.14381521103298636, 0.10210725312935875, 0.4717685298565944], [0.6331393438058788, 0.16956225939900152, 0.1687069124339465, 0.028591484361173373], [0.6633957155421756, 0.036343742973224964, 0.07278094405888769, 0.2274795974257117], [0.2196129387545628, 0.07898288795499672, 0.4022455588927198, 0.2991586143977206], [0.8526053126062383, 0.020704480661870747, 0.03778636742621292, 0.08890383930567818], [0.4261872412504366, 0.13096429057059314, 0.09486421109174063, 0.34798425708722974], [0.029169598475713186, 0.48614487429895, 0.030381294896303774, 0.45430423232903316], [0.3255514566375623, 0.1331659893807127, 0.13532083024420993, 0.4059617237375151], [0.012904940894661293, 0.31204750429189115, 0.06103349906201845, 0.6140140557514291], [0.9540259833673262, 0.014742029387999178, 0.010276731319735496, 0.02095525592493889], [0.133718451130106, 0.05973686994033282, 0.25003967341069017, 0.556505005518871], [0.9134204775942734, 0.006780140297089299, 0.047132971669472744, 0.032666410439164545], [0.3292142797800165, 0.06101107866587159, 0.06220627157020318, 0.5475683699839088], [0.22249761399829548, 0.18268899561837604, 0.02361720947657301, 0.5711961809067555], [0.09440276028584182, 0.1276074406693007, 0.5282604425275195, 0.24972935651733796], [0.2853621185218235, 0.15131712366906402, 0.11269031822426963, 0.4506304395848428], [0.6756706922280437, 0.12667992758105132, 0.07552121339591633, 0.12212816679498867], [0.1832157784116947, 0.10180390641563625, 0.04648360388260166, 0.6684967112900674], [0.7273511762708346, 0.006330891666211747, 0.011684996372302081, 0.2546329356906516], [0.8317105599578093, 0.028311625870648113, 0.017497387413051495, 0.12248042675849113], [0.20063879275718724, 0.23021981960849863, 0.0294400413318373, 0.5397013463024768], [0.4600010431056215, 0.29415392139538016, 0.07245361853272499, 0.1733914169662734], [0.08862686442485267, 0.7535041317290587, 0.01247480036283005, 0.14539420348325857], [0.6719072408435871, 0.13783674608135202, 0.1697167662483793, 0.02053924682668155], [0.08417688019229987, 0.2797420124014693, 0.12373381626772956, 0.5123472911385013], [0.06161990342264248, 0.46381001925101295, 0.2139780266482636, 0.260592050678081], [0.02460615091759648, 0.044909497365558826, 0.03745954331057721, 0.8930248084062674], [0.007646829519180812, 0.575340170277972, 0.0917649722642556, 0.3252480279385916], [0.1466793626785016, 0.01780005539027982, 0.006916956311686267, 0.8286036256195323], [0.9667146304537743, 0.021471584561924825, 0.006096921512476669, 0.0057168634718243365], [0.10421243726944289, 0.8654218979781074, 0.020208586527587776, 0.010157078224862032], [0.5269288497579587, 0.16620670373423735, 0.023837202040854592, 0.2830272444669492], [0.6692369101188169, 0.026179538213573827, 0.02228471627675863, 0.2822988353908506], [0.5740694102289408, 0.1390759526190257, 0.1927414575031652, 0.09411317964886831], [0.8022230237669744, 0.13993175974638242, 0.03610420313189421, 0.02174101335474895], [0.00541612491606018, 0.04166946597038233, 0.023554444415882326, 0.9293599646976751], [0.07989619213795283, 0.02363098994413655, 0.33315483198266577, 0.563317985935245], [0.4169580737329652, 0.197885792242457, 0.1892872535954921, 0.19586888042908576], [0.6908852338982439, 0.026684831397696514, 0.1940668399292251, 0.08836309477483441], [0.005005906917369303, 0.007215382799968509, 0.009694574482443274, 0.9780841358002189], [0.48905835190657765, 0.337433629565353, 0.14894452779955725, 0.024563490728512098], [0.41127418379343034, 0.1485461765176543, 0.11482980492229601, 0.32534983476661933], [0.1473969648858528, 0.6074188841822055, 0.06036631906723461, 0.18481783186470727], [0.020998655261080013, 0.04548427678249756, 0.2416473979904471, 0.6918696699659754], [0.05673793461951563, 0.0915101021776492, 0.8054177767396158, 0.04633418646321939]]}}