{"test": {"ids": ["98108580", "105115250", "101119030", "100108260", "112118581", "112120670", "113119700", "108115880", "98107010", "104116441", "105120280", "107114280", "113121680", "107114140", "112117030", "108114220", "100117420", "111119290", "103111540", "107114621", "108116120", "99107660", "109121410", "104113240", "112118471", "108115570", "102110750", "99107640", "101112540", "111121190", "97116800", "111115910", "108118060", "108118810", "112116290", "98109230", "110119300", "105112130", "108116070", "113122160", "113122120", "113118511", "110114720", "113122180", "111117120", "106119580", "111114121", "112116401", "111116290", "109121351", "112120540", "107118820", "110120700", "110121720", "111120190", "111121930", "104111711", "102113350", "107116300", "107119950", "112116451", "101111210", "99119830", "109115380", "100111390", "101108290", "108121351", "99109311", "111116090", "105113330", "113117550", "109118161", "110115140", "108120260", "108113760", "103111830", "107113200", "103110220", "112116850", "106118520", "104112201", "100116790", "101112690", "107114780", "101110740", "110121170", "98108520", "108117610", "101110200", "99121440", "112117461", "97109080", "97112830", "105112260", "100109910", "110118450", "105118171", "102108621", "111119340", "99109161", "113120601", "99112840", "105113190", "109115070", "108115970", "106115240", "109115211", "109116810", "109117431", "99120010", "98120010", "108114270", "112118550", "112117780", "108113480", "105115720", "103111110", "110115120", "111120320", "106121220", "104111380", "98111860", "105116860", "110114950", "112118890", "105113260", "105115380", "109113591", "109121640", "106114280", "109118820", "110114920", "108120700", "112119980", "101108580", "99107950", "111120220", "98106880", "97107040", "110119891", "97113900", "106118301"], "labels": [0, 2, 3, 3, 1, 2, 0, 3, 3, 1, 3, 3, 1, 2, 2, 3, 2, 3, 1, 0, 1, 3, 0, 2, 1, 3, 1, 1, 2, 1, 0, 2, 1, 1, 0, 1, 1, 1, 1, 3, 1, 1, 3, 2, 2, 3, 0, 0, 2, 0, 3, 3, 2, 3, 3, 1, 1, 3, 0, 3, 0, 2, 1, 3, 2, 0, 3, 1, 3, 3, 3, 0, 0, 1, 1, 3, 0, 2, 0, 2, 0, 2, 1, 2, 3, 2, 2, 3, 2, 2, 0, 2, 2, 3, 2, 0, 3, 3, 3, 3, 2, 2, 3, 0, 2, 1, 0, 3, 1, 2, 2, 3, 3, 0, 0, 1, 3, 0, 1, 1, 3, 0, 2, 0, 3, 3, 1, 3, 0, 3, 3, 3, 2, 0, 0, 1, 3, 0, 2, 3, 2, 1], "predicted_labels": [0, 1, 1, 1, 1, 1, 0, 0, 1, 1, 1, 1, 1, 0, 1, 3, 3, 3, 3, 0, 0, 0, 1, 1, 1, 1, 1, 1, 1, 3, 0, 3, 0, 1, 0, 1, 0, 1, 3, 1, 1, 1, 3, 3, 1, 1, 0, 0, 1, 0, 0, 3, 1, 1, 3, 1, 1, 1, 1, 1, 0, 3, 1, 1, 1, 1, 0, 1, 3, 1, 1, 0, 3, 1, 1, 0, 1, 1, 3, 1, 1, 1, 1, 1, 3, 3, 1, 1, 1, 1, 0, 1, 1, 1, 1, 1, 3, 1, 3, 0, 1, 3, 1, 1, 1, 1, 1, 3, 0, 1, 3, 1, 1, 1, 3, 3, 1, 1, 3, 3, 1, 1, 0, 1, 1, 0, 1, 1, 1, 1, 1, 1, 0, 1, 0, 1, 0, 0, 1, 1, 1, 0], "confidence_scores": [[0.2955500777035223, 0.28376474471539553, 0.1491414373136047, 0.27154374026747763], [0.2740014578439351, 0.28781443263011386, 0.1705550702246516, 0.2676290393012995], [0.2768001402700008, 0.2993346757115378, 0.15832844958639822, 0.2655367344320634], [0.26513599853418773, 0.3421433615595432, 0.17237232901558133, 0.22034831089068777], [0.24384784272988397, 0.3470517103098992, 0.17643728675085912, 0.2326631602093578], [0.22527791939905778, 0.31993963612331805, 0.1641614978117036, 0.29062094666592064], [0.30216579882982136, 0.27580608661584893, 0.17678121511248154, 0.24524689944184822], [0.29494359426013395, 0.2940122584993634, 0.16120152997855275, 0.24984261726194984], [0.25984720477846507, 0.30620925840001534, 0.1672385459588629, 0.2667049908626566], [0.22998651468729187, 0.3543750244586026, 0.1638299667167072, 0.2518084941373986], [0.24735772110881424, 0.32364182722085444, 0.1785189600436843, 0.2504814916266469], [0.25685232388030454, 0.2836961533547138, 0.1920962790975058, 0.2673552436674759], [0.2048769968714791, 0.33264041714806675, 0.17859968893275355, 0.28388289704770053], [0.40375254945190314, 0.2664703742703008, 0.12587759828157827, 0.20389947799621733], [0.17987118546197703, 0.34482760463329853, 0.19850885773017685, 0.2767923521745475], [0.29220167592354057, 0.23297831464219926, 0.17238061456552456, 0.3024393948687358], [0.2338406857695026, 0.22784115704156918, 0.2572000262821586, 0.2811181309067697], [0.23858860002650153, 0.29002150460969384, 0.16894708044281717, 0.3024428149209876], [0.2850109703175053, 0.20992026383179627, 0.15378893268342614, 0.3512798331672723], [0.30505427025192017, 0.26083675091000164, 0.1367062681745269, 0.2974027106635515], [0.2994559662167107, 0.26873719506093036, 0.1418966099012904, 0.2899102288210685], [0.32178269625504213, 0.27922260296547596, 0.12886915870442822, 0.270125542075054], [0.23499837208377572, 0.37146589033596866, 0.12996505518239584, 0.26357068239785963], [0.1960072202873333, 0.3296423250174226, 0.19862856101885806, 0.27572189367638594], [0.24076482557621717, 0.337109122063839, 0.18032648280253516, 0.24179956955740875], [0.24989194923830035, 0.31449794423490873, 0.18929958610201938, 0.24631052042477183], [0.2054832981735168, 0.3427914885074046, 0.23165813018880932, 0.22006708313026924], [0.23083440690150603, 0.28900635132202096, 0.20698233556843257, 0.2731769062080408], [0.1903821830663419, 0.3228935986039139, 0.22163337563257246, 0.2650908426971717], [0.2786364155652798, 0.24119657283677243, 0.14310725302281235, 0.33705975857513537], [0.35787273608988845, 0.2798417203558754, 0.12132129520980835, 0.24096424834442767], [0.25591947158217904, 0.28039784357574093, 0.16890716268865602, 0.29477552215342406], [0.27188984103954067, 0.2693784200604385, 0.20375915091745053, 0.25497258798257055], [0.2787070817572476, 0.2836359858679416, 0.16386276986959003, 0.2737941625052208], [0.3538850364059696, 0.2999349378196156, 0.12083004931653102, 0.22534997645788382], [0.19445317573165333, 0.29671478527074574, 0.2538384364376609, 0.2549936025599401], [0.30393018882943507, 0.3034691520244006, 0.15236307713174266, 0.24023758201442175], [0.20215628732499355, 0.32564210525215054, 0.19399635245365515, 0.2782052549692008], [0.22984183440177922, 0.2973499189217303, 0.15051183099430554, 0.322296415682185], [0.24118091873098735, 0.3158396193255445, 0.18052421565250737, 0.2624552462909608], [0.2564933380307276, 0.32655043187742694, 0.1527714035174962, 0.26418482657434944], [0.1993990126732362, 0.3693758031486189, 0.1550615049858393, 0.2761636791923056], [0.2015151885827842, 0.27520102355656595, 0.21646645397029127, 0.30681733389035903], [0.25281150624645604, 0.2878667248391786, 0.1555915567804978, 0.3037302121338676], [0.2596397963498161, 0.28641725701736265, 0.20816457166708247, 0.2457783749657387], [0.20084959894762433, 0.3581760383989915, 0.18372641174972157, 0.25724795090366276], [0.33973437521758854, 0.2439842589080142, 0.13160705304639975, 0.2846743128279975], [0.33535557096632246, 0.24167983268461138, 0.12238149639416603, 0.30058309995490023], [0.23976142299656175, 0.29156915323093163, 0.2097681738079725, 0.25890124996453406], [0.3493060587267563, 0.2620569357770639, 0.13470623560666506, 0.2539307698895148], [0.29447539060692013, 0.2915477821934474, 0.17707843108419122, 0.23689839611544128], [0.20895964147770285, 0.2978243810307526, 0.19481580364671194, 0.29840017384483253], [0.2846921736838875, 0.3128316560311315, 0.14799624176854068, 0.25447992851644047], [0.2507726915593134, 0.317966998828677, 0.1535236082649383, 0.27773670134707146], [0.27879185694984154, 0.2600628113757076, 0.1760005402864867, 0.2851447913879642], [0.24888628704140603, 0.3030432493765207, 0.18096976598941375, 0.26710069759265953], [0.2483379765758432, 0.29474078508130835, 0.17331319485796606, 0.2836080434848823], [0.23469309091456708, 0.2953477468242985, 0.20707330040288707, 0.2628858618582475], [0.25157180929056194, 0.296395028837618, 0.17976119307352942, 0.27227196879829063], [0.27450725758596695, 0.29786834445005367, 0.15952800963135136, 0.26809638833262806], [0.2998763868383797, 0.28613399218349106, 0.1670528781016649, 0.24693674287646414], [0.2855161359695717, 0.24563023270324497, 0.17697950616528005, 0.29187412516190325], [0.26927653944357915, 0.2966482176467731, 0.1702696613974988, 0.2638055815121488], [0.2471927379699732, 0.3280606180796729, 0.15864169136238562, 0.26610495258796835], [0.27261284220392434, 0.29309023995479916, 0.1653705106064523, 0.26892640723482414], [0.2644918646904484, 0.2967371190765067, 0.142755247093778, 0.2960157691392669], [0.29732851234846175, 0.2915060457288033, 0.1250134827991596, 0.28615195912357555], [0.28579533288442766, 0.29696831575726196, 0.15024328247654176, 0.266993068881769], [0.2776502317242931, 0.2759959553102735, 0.15693677361262723, 0.2894170393528062], [0.20478376412748323, 0.33400217655899217, 0.16257966383931538, 0.2986343954742093], [0.20776945903149344, 0.31140539392252525, 0.21290373540658097, 0.26792141163940075], [0.32041680465325334, 0.2823812165010607, 0.14859612784234652, 0.24860585100333935], [0.2553067129207405, 0.257323742232037, 0.21253034687121405, 0.2748391979760086], [0.256642730196586, 0.3021907772208679, 0.16909498671817805, 0.2720715058643681], [0.28785251648105065, 0.2928204814769396, 0.17415191392951648, 0.24517508811249336], [0.29363654879061296, 0.25062278823745404, 0.20850416759438278, 0.24723649537755027], [0.2764519081258191, 0.3046809158716016, 0.1659115821037054, 0.25295559389887395], [0.2467982414403486, 0.2873192955677496, 0.1989261521854695, 0.2669563108064324], [0.25131026090657066, 0.27884780064745435, 0.13415535891514863, 0.33568657953082615], [0.25433496713804354, 0.3412110781048156, 0.17470896419406284, 0.22974499056307832], [0.2943696497897458, 0.3156195652036373, 0.09810418375212812, 0.29190660125448903], [0.21372280720343617, 0.33041225862865625, 0.18881893576645808, 0.2670459984014495], [0.23842683256935987, 0.300492935180304, 0.18619566069196888, 0.27488457155836765], [0.24601267702145527, 0.3062556234724614, 0.2081058082299607, 0.23962589127612252], [0.21403562317513902, 0.2808723302905181, 0.20961434132819132, 0.2954777052061516], [0.23632145340905233, 0.27521544369707046, 0.1781264575039332, 0.3103366453899442], [0.28485590212385015, 0.2933690689353741, 0.2281407298923127, 0.19363429904846324], [0.23081815393963612, 0.28987502328194253, 0.22873646431931907, 0.2505703584591026], [0.24172679217972656, 0.33374706216577826, 0.15280889179658946, 0.27171725385790574], [0.24986927576612816, 0.3148604533894474, 0.14650608020618638, 0.28876419063823805], [0.28729642299653313, 0.25358575856731824, 0.1748542557781103, 0.28426356265803876], [0.2541739009222962, 0.30631099180812327, 0.18361005097679303, 0.2559050562927876], [0.27037951664988996, 0.2976893254441806, 0.19324107864518736, 0.23869007926074215], [0.22161916653359373, 0.33778080605939065, 0.18559723699281944, 0.25500279041419605], [0.2655284559426775, 0.2914572778844304, 0.19855541481234368, 0.24445885136054865], [0.24149536231545102, 0.3288714470674573, 0.16509316926860046, 0.26454002134849125], [0.29590743561931965, 0.2478633329493922, 0.12258450050051252, 0.33364473093077573], [0.2789462681032678, 0.2927134222770681, 0.17812889783234476, 0.25021141178731954], [0.24661096120619608, 0.2869365795974794, 0.15929217718421135, 0.3071602820121134], [0.3004975061625432, 0.292097963791597, 0.13886025506234895, 0.26854427498351074], [0.26183561639564273, 0.30623926452126005, 0.1713612079243997, 0.2605639111586976], [0.278446027294162, 0.2734018552627994, 0.15939539119060062, 0.28875672625243826], [0.2420329120731186, 0.30884232202137146, 0.15596212402537296, 0.29316264188013696], [0.28383876476566633, 0.3503359073805307, 0.13080307690073784, 0.23502225095306492], [0.20621822302917184, 0.34109677786903503, 0.19503134392145166, 0.2576536551803413], [0.27496948707455826, 0.3162134480206621, 0.15555996251640397, 0.2532571023883759], [0.2660382810043509, 0.31255416792952156, 0.16227763090234265, 0.259129920163785], [0.22577841182153915, 0.2963930659077493, 0.17235530683501593, 0.3054732154356959], [0.3099510622305096, 0.2667330549786959, 0.16986178774577643, 0.25345409504501804], [0.2292351685067915, 0.3294717063810899, 0.19703131779537675, 0.24426180731674196], [0.2386108440579879, 0.2717071252519407, 0.1520163781894657, 0.3376656525006058], [0.2730348841401573, 0.33399388601791635, 0.15557565387317335, 0.2373955759687529], [0.24512020486680877, 0.3007116506031633, 0.1863582555512442, 0.26780988897878394], [0.253338458333838, 0.2679069493669313, 0.22075500680771973, 0.257999585491511], [0.21313351790026908, 0.274065953274939, 0.22977758892914238, 0.2830229398956498], [0.27438578519158485, 0.26573320919788396, 0.17512615555245198, 0.2847548500580792], [0.29774265844746983, 0.29991305295680304, 0.18710463416958067, 0.21523965442614643], [0.1815786807098168, 0.3287828182054525, 0.1975829870199259, 0.29205551406480457], [0.25585189348907056, 0.23012880656974982, 0.18888972279108934, 0.3251295771500902], [0.18852683337691156, 0.27113385866073636, 0.20858200586366565, 0.33175730209868654], [0.20689857557124114, 0.3157323247184042, 0.18190141482053118, 0.29546768488982367], [0.22309523759086222, 0.3550876929935729, 0.1790569466763585, 0.24276012273920636], [0.27930003799410213, 0.27579595773970156, 0.19056564634615838, 0.2543383579200379], [0.2499862681218518, 0.33295517805705266, 0.18375469724724108, 0.23330385657385452], [0.23347563886579917, 0.315810473092986, 0.18578344154110224, 0.2649304465001127], [0.3285861355855823, 0.2741566734290341, 0.16759236362824775, 0.2296648273571356], [0.2143775741483406, 0.28609715405512154, 0.22481849349591626, 0.2747067783006216], [0.2508848003691658, 0.3363805152193398, 0.14190274410375522, 0.27083194030773944], [0.27605816731481, 0.31105833348015993, 0.14900405744429288, 0.26387944176073735], [0.23221189298032818, 0.32010629927226925, 0.15869141768247202, 0.28899039006493044], [0.2028347558944635, 0.28308602091909524, 0.2413786761140807, 0.2727005470723605], [0.28934900700032296, 0.32149232433599634, 0.16145642438018307, 0.22770224428349778], [0.3686168248075674, 0.26725702867769646, 0.12567101545991444, 0.23845513105482163], [0.2434378473518659, 0.3422164823100565, 0.1785437261303119, 0.23580194420776585], [0.2937551570846926, 0.2486540349904002, 0.16724505694398625, 0.2903457509809212], [0.18124335599076308, 0.3472579120150611, 0.219887843385385, 0.2516108886087908], [0.3124535647427754, 0.289137335517909, 0.14605737966032786, 0.2523517200789878], [0.2996548016337491, 0.2764189592876763, 0.17430203080560944, 0.2496242082729653], [0.2793217888466972, 0.2806670532683784, 0.20216628263633557, 0.23784487524858874], [0.2796249803368927, 0.3307123890105026, 0.14619035653014337, 0.24347227412246145], [0.21097309578122642, 0.31483749295646674, 0.2335198490007082, 0.24066956226159864], [0.30304509232715204, 0.23495381357080317, 0.17254072603773782, 0.28946036806430736]]}, "rewritten": {"ids": ["97107040", "97109080", "97112830", "97113900", "97116800", "98106880", "98107010", "98108520", "98108580", "98109230", "98111860", "98120010", "99107640", "99107660", "99107950", "99109161", "99109311", "99112840", "99119830", "99120010", "99121440", "100108260", "100109910", "100111390", "100116790", "100117420", "101108290", "101108580", "101110200", "101110740", "101111210", "101112540", "101112690", "101119030", "102108621", "102110750", "102113350", "103110220", "103111110", "103111540", "103111830", "104111380", "104111711", "104112201", "104113240", "104116441", "105112130", "105112260", "105113190", "105113260", "105113330", "105115250", "105115380", "105115720", "105116860", "105118171", "105120280", "106114280", "106115240", "106118301", "106118520", "106119580", "106121220", "107113200", "107114140", "107114280", "107114621", "107114780", "107116300", "107118820", "107119950", "108113480", "108113760", "108114220", "108114270", "108115570", "108115880", "108115970", "108116070", "108116120", "108117610", "108118060", "108118810", "108120260", "108120700", "108121351", "109113591", "109115070", "109115211", "109115380", "109116810", "109117431", "109118161", "109118820", "109121351", "109121410", "109121640", "110114720", "110114920", "110114950", "110115120", "110115140", "110118450", "110119300", "110119891", "110120700", "110121170", "110121720", "111114121", "111115910", "111116090", "111116290", "111117120", "111119290", "111119340", "111120190", "111120220", "111120320", "111121190", "111121930", "112116290", "112116401", "112116451", "112116850", "112117030", "112117461", "112117780", "112118471", "112118550", "112118581", "112118890", "112119980", "112120540", "112120670", "113117550", "113118511", "113119700", "113120601", "113121680", "113122120", "113122160", "113122180"], "labels": [2, 2, 2, 2, 0, 0, 3, 2, 0, 1, 0, 2, 1, 3, 1, 3, 1, 2, 1, 2, 2, 3, 2, 2, 2, 2, 0, 0, 2, 3, 2, 2, 1, 3, 3, 1, 3, 2, 3, 1, 3, 3, 1, 0, 2, 1, 1, 3, 3, 3, 3, 2, 1, 1, 2, 3, 3, 3, 1, 1, 2, 3, 1, 0, 2, 3, 0, 2, 0, 3, 3, 0, 1, 3, 3, 3, 3, 2, 1, 1, 3, 1, 1, 1, 2, 3, 3, 0, 0, 3, 3, 1, 0, 3, 0, 0, 0, 3, 3, 0, 0, 0, 0, 1, 3, 2, 2, 3, 0, 2, 3, 2, 2, 3, 3, 3, 3, 1, 1, 1, 0, 0, 0, 0, 2, 0, 0, 1, 3, 1, 3, 0, 3, 2, 3, 1, 0, 2, 1, 1, 3, 2], "predicted_labels": [1, 1, 3, 3, 0, 1, 1, 0, 0, 1, 1, 3, 1, 0, 1, 0, 1, 0, 1, 1, 1, 1, 1, 3, 1, 1, 3, 0, 1, 1, 3, 1, 1, 1, 3, 1, 1, 1, 1, 1, 0, 1, 1, 0, 1, 1, 1, 1, 0, 1, 1, 1, 1, 1, 1, 3, 1, 1, 1, 0, 1, 1, 1, 1, 1, 0, 1, 1, 1, 1, 0, 1, 0, 0, 1, 1, 3, 1, 1, 3, 1, 1, 1, 1, 0, 3, 1, 1, 1, 1, 3, 1, 0, 1, 0, 1, 0, 1, 1, 1, 1, 3, 1, 0, 1, 3, 1, 1, 3, 1, 0, 1, 1, 1, 1, 1, 1, 1, 1, 3, 0, 0, 0, 3, 1, 3, 1, 1, 0, 1, 1, 1, 1, 1, 1, 1, 1, 1, 1, 1, 1, 1], "confidence_scores": [[0.24555059271421217, 0.2853399265555114, 0.19992066472462333, 0.26918881600565325], [0.2285038958949645, 0.29875689065519323, 0.21702650812744642, 0.25571270532239593], [0.23154010162575106, 0.28607755733378354, 0.1923625203379492, 0.2900198207025163], [0.2508034260481743, 0.2719728701265816, 0.14944207584636648, 0.3277816279788775], [0.3460473373098778, 0.24041205944686886, 0.16490167293499025, 0.24863893030826334], [0.2550735474928512, 0.3276275460505081, 0.19484258960666903, 0.22245631684997189], [0.2833050536894173, 0.32257774318764104, 0.15443707923803665, 0.23968012388490512], [0.3151945141984193, 0.273022030618298, 0.1983738948155087, 0.2134095603677741], [0.2821041419592804, 0.2787528406553638, 0.17390604362454046, 0.2652369737608155], [0.2554863775713167, 0.29982808777247577, 0.18776506333995782, 0.2569204713162496], [0.20160821522347772, 0.352656142696362, 0.1953695277556214, 0.25036611432453887], [0.24704353092511103, 0.27368823772305656, 0.1625204112865353, 0.3167478200652971], [0.2846418418320423, 0.3143067180939353, 0.1550166791679482, 0.24603476090607437], [0.3224835119803195, 0.28632345441475515, 0.13113989224535222, 0.2600531413595736], [0.22549942453218655, 0.3384788952222288, 0.1919891302555447, 0.2440325499900401], [0.29331368041435085, 0.28327157201237396, 0.16008203916803387, 0.2633327084052414], [0.2469337018794208, 0.3526068986686438, 0.13442650360824857, 0.26603289584368706], [0.31179854235992743, 0.25562742306790687, 0.1540259795851165, 0.2785480549870494], [0.24819779963994695, 0.2937251925280563, 0.18357250951124776, 0.2745044983207491], [0.28254533347897504, 0.29177583482755287, 0.1788343265949668, 0.24684450509850536], [0.2302263500932786, 0.35104551128876543, 0.17654080181804502, 0.24218733679991097], [0.21823924233097317, 0.3231316580078397, 0.1895281184294642, 0.26910098123172294], [0.22838958218107, 0.3014618039129541, 0.19926610512865398, 0.27088250877732234], [0.2650631872066367, 0.2731510009587124, 0.17812745967776084, 0.28365835215689006], [0.27943823349439006, 0.30121063183994534, 0.1774774804048804, 0.24187365426078444], [0.236542674712628, 0.2761708648052231, 0.21185063797127351, 0.27543582251087534], [0.2737332331781406, 0.27468575551842883, 0.14069567587797302, 0.3108853354254575], [0.3527234565770161, 0.23424306231589473, 0.18609268744600474, 0.2269407936610845], [0.222289747359497, 0.33510096224927044, 0.17211397134416626, 0.27049531904706625], [0.2198430722825865, 0.33997920346586746, 0.18079008075753072, 0.2593876434940153], [0.24972993957044584, 0.24915583061457766, 0.20978951369586366, 0.29132471611911276], [0.20662842727579497, 0.3372907537993659, 0.18931342591493952, 0.2667673930098999], [0.2699651666311361, 0.3128156055711754, 0.16702993302959776, 0.2501892947680911], [0.2581561396294801, 0.300612126430298, 0.14982347992506032, 0.2914082540151618], [0.26896696327514924, 0.2821160480181668, 0.15192072582061772, 0.2969962628860665], [0.19331689467769642, 0.3351958413244727, 0.16715537208235517, 0.3043318919154754], [0.23687740321042555, 0.3254358393607961, 0.15146680951831695, 0.2862199479104614], [0.21273096133421163, 0.3323767937499666, 0.2095241864616019, 0.2453680584542198], [0.2694067670682628, 0.31132532155655973, 0.17324594033423923, 0.24602197104093831], [0.24285735726797536, 0.3045694718173608, 0.15459173041783894, 0.29798144049682507], [0.3323131466646623, 0.25472334939014457, 0.1640566260154136, 0.2489068779297796], [0.258581088789511, 0.3020248003305955, 0.15884433958602412, 0.28054977129386965], [0.28089091721788345, 0.31470190897477, 0.13882298040969338, 0.2655841933976532], [0.2947964574604539, 0.28614467022197293, 0.12833400419424593, 0.2907248681233274], [0.21335145337980818, 0.3440146783487456, 0.20266876941166523, 0.23996509885978118], [0.2676504548531625, 0.33362730863830703, 0.14992717576103953, 0.24879506074749103], [0.2389356367537231, 0.3678293334363675, 0.1606228128071335, 0.23261221700277596], [0.20975246271860487, 0.35403834320775707, 0.1767496019839486, 0.2594595920896895], [0.2949049991851976, 0.27418424392032215, 0.14745976656264492, 0.2834509903318354], [0.2788407533631092, 0.31962699678584455, 0.14847005133571353, 0.2530621985153328], [0.23742200481671413, 0.3335627973183961, 0.13378237824123068, 0.2952328196236589], [0.23596642954077435, 0.3352632080247917, 0.1695403268215316, 0.25923003561290237], [0.20120149155532357, 0.3182440226996649, 0.20230569157780492, 0.2782487941672069], [0.26094241750418257, 0.33043295391171784, 0.17541779686425918, 0.23320683171984047], [0.2881302827818239, 0.3204048812559226, 0.17509741990699326, 0.21636741605526033], [0.22156293824756385, 0.30846389694319426, 0.15308467395366596, 0.3168884908555757], [0.27097131565958166, 0.33196191622563226, 0.15287644850631568, 0.2441903196084703], [0.22843781903005703, 0.319918165424853, 0.16241425313316213, 0.2892297624119277], [0.2950748590056415, 0.3101457563704007, 0.16503723559466463, 0.22974214902929319], [0.3209097290597594, 0.24260852521100582, 0.15872292529552626, 0.2777588204337089], [0.22326951798533665, 0.3298002977888895, 0.18569083259444694, 0.2612393516313273], [0.2066410056158111, 0.3473823782435147, 0.20520289463865496, 0.24077372150201948], [0.24433175144040356, 0.288905875019533, 0.19480713607006606, 0.2719552374699976], [0.2673835305037725, 0.2986424974176691, 0.16096514663380482, 0.2730088254447537], [0.23908684507034855, 0.3375753033170769, 0.18668024049942822, 0.23665761111314648], [0.27624217276845503, 0.2541055544959343, 0.19529240012640664, 0.27435987260920414], [0.28663209100806647, 0.30291918558723047, 0.12218767046965176, 0.2882610529350515], [0.2497390880221166, 0.31377586448537026, 0.20522500978867075, 0.23126003770384237], [0.27622526843526, 0.29632353014035673, 0.1447179304605687, 0.28273327096381473], [0.22773322262369114, 0.3286857371698095, 0.16187854879445543, 0.28170249141204384], [0.30628221139922496, 0.2698535601803927, 0.1646177197344242, 0.25924650868595855], [0.22674577186335593, 0.3349702671029427, 0.17722875397060203, 0.2610552070630993], [0.28969444882525724, 0.28483778575115554, 0.16523327018328188, 0.26023449524030534], [0.2941202883430762, 0.2641408490371873, 0.16069148893946092, 0.2810473736802757], [0.22650348341843468, 0.35454125781468415, 0.16382194808613437, 0.2551333106807467], [0.2560924324568852, 0.3215640902517092, 0.17934652370038948, 0.24299695359101636], [0.2774715149953943, 0.285879540437281, 0.13500264407806684, 0.30164630048925783], [0.19945628260032866, 0.32584660236059454, 0.1934685980749136, 0.28122851696416323], [0.2648945717396937, 0.30181475122786844, 0.16535176482049713, 0.2679389122119408], [0.2999468809634035, 0.2590335590743757, 0.13715986642743494, 0.3038596935347858], [0.25912551623302554, 0.3211801362437322, 0.17207693415928196, 0.24761741336396043], [0.2503908751189471, 0.2990948298171714, 0.17537931005904928, 0.27513498500483236], [0.2758278139108356, 0.29336311704009843, 0.17864344749696456, 0.2521656215521013], [0.27125184759715226, 0.2986387636431907, 0.17259203581652083, 0.2575173529431362], [0.31834583921939397, 0.3126032397840093, 0.13694644714187726, 0.23210447385471952], [0.28693709337530426, 0.25298027785391364, 0.13866311398247227, 0.3214195147883099], [0.23986582436516746, 0.3322168586730575, 0.15265220893885545, 0.27526510802291987], [0.2695999152903982, 0.36259053722127116, 0.14207618407731815, 0.22573336341101247], [0.2368130848255878, 0.3312093543998415, 0.15000287036395601, 0.28197469041061474], [0.21919954684038895, 0.3173108385115577, 0.19126937160927537, 0.2722202430387781], [0.26346670935724814, 0.27612937338958354, 0.15064741114816751, 0.30975650610500094], [0.2631243843564491, 0.2903865088414732, 0.17898756860771464, 0.2675015381943631], [0.3028373825840826, 0.2746204885983678, 0.14810479013720165, 0.27443733868034825], [0.2793161519139899, 0.2869911410940814, 0.16563297670387325, 0.26805973028805546], [0.3413978671184281, 0.2586945739379285, 0.12575030368249857, 0.27415725526114476], [0.21985180031242804, 0.3549786281037887, 0.14499641228687538, 0.2801731592969078], [0.30535756067590025, 0.28322724529424215, 0.14673320837766196, 0.26468198565219575], [0.2532516906454371, 0.3007004043525275, 0.18728292869669377, 0.25876497630534173], [0.21714750968048935, 0.3303251728001043, 0.16899834900370386, 0.28352896851570236], [0.25881848497534005, 0.31889399000273944, 0.16431293226379984, 0.25797459275812057], [0.21429466647817857, 0.40246316659658177, 0.12117316572041269, 0.2620690012048269], [0.2763004122976155, 0.2529940846357611, 0.1883519888844189, 0.2823535141822046], [0.22576966766156917, 0.35236960094923375, 0.15757138332880072, 0.26428934806039633], [0.3356762263002838, 0.259544873375331, 0.15690963287278253, 0.2478692674516028], [0.25843160032278, 0.3332836222578342, 0.14350895243220343, 0.2647758249871823], [0.2506552857644928, 0.2763435286856178, 0.1822171566112768, 0.2907840289386131], [0.2441156564904226, 0.3111074645491223, 0.1834030001856451, 0.26137387877480994], [0.2833859332876567, 0.32403283419617246, 0.15995336341602112, 0.23262786910014985], [0.2988058791265248, 0.26831036308338807, 0.12368469710028035, 0.30919906068980685], [0.26562277584425764, 0.3038121385615744, 0.16521045980149432, 0.26535462579267377], [0.2974267877519873, 0.2635034502071655, 0.16489961378840687, 0.2741701482524404], [0.2763374601675262, 0.2987761170898109, 0.16770825958463875, 0.25717816315802433], [0.27639826585442095, 0.28136801510454473, 0.17399199854814018, 0.2682417204928942], [0.20584534892370915, 0.3933294978222858, 0.16872059200897366, 0.23210456124503134], [0.2828678884089906, 0.29732396711339154, 0.16846868141450472, 0.25133946306311317], [0.26226202628920436, 0.2954795372192665, 0.1554937375491617, 0.28676469894236756], [0.28872887154300786, 0.3309574808885431, 0.12855707570482772, 0.2517565718636215], [0.23201593638419923, 0.31380045813513296, 0.22838876297086005, 0.22579484250980777], [0.2768594099322683, 0.28712026662839707, 0.17331755565316498, 0.26270276778616974], [0.25620890073135777, 0.2605469347420552, 0.1641243445387846, 0.31911981998780226], [0.3289396340204131, 0.29598817672708977, 0.13878644659209802, 0.236285742660399], [0.349301970302483, 0.24214448485078424, 0.15125861326482684, 0.2572949315819059], [0.31273389823166164, 0.2551961828436662, 0.16335501945214922, 0.2687148994725231], [0.24131880202096956, 0.292140475981798, 0.14929688399724914, 0.31724383799998335], [0.2513308345485129, 0.3112721515610962, 0.17344804545771597, 0.263948968432675], [0.2807703320895216, 0.2650618320685222, 0.15375819050281586, 0.3004096453391407], [0.2531700971106142, 0.30278062839875064, 0.15834694348096892, 0.28570233100966647], [0.2840197583369196, 0.29434414035271705, 0.1592795379310519, 0.26235656337931146], [0.28832705891208565, 0.2545615011089713, 0.17620467905516435, 0.2809067609237789], [0.2429774307446357, 0.38912171289205977, 0.1401366388705479, 0.22776421749275655], [0.2414635306684621, 0.32457758665465675, 0.1618486679770762, 0.27211021469980506], [0.23776871462968985, 0.3435385340995402, 0.15378214174121704, 0.26491060952955325], [0.26721439244050765, 0.3104343375100811, 0.15433643467110217, 0.2680148353783091], [0.2403651161384319, 0.3193568136748193, 0.15613959884532244, 0.28413847134142645], [0.23769891371736002, 0.32305467618638134, 0.17174711926898778, 0.26749929082727114], [0.23319687623857013, 0.31694100851928547, 0.16102998486792314, 0.2888321303742213], [0.2651990335146628, 0.3326053362526828, 0.1557493172973267, 0.2464463129353278], [0.26038939082872, 0.287495053291744, 0.18235007348105609, 0.26976548239848], [0.24378053509812897, 0.3632590091750755, 0.1464477821581728, 0.2465126735686228], [0.2836173514211552, 0.3119516940242269, 0.15230811865167396, 0.2521228359029441], [0.28513931077049076, 0.32106209788428985, 0.15146428955452826, 0.24233430179069135], [0.26558060994502225, 0.3292257988856764, 0.16725733347009325, 0.23793625769920812]]}}