{"test": {"ids": ["98107340", "113117340", "108113740", "100112060", "100108520", "106116850", "98111670", "99111340", "97112290", "98106111", "97105760", "110118810", "105115380", "105116650", "110121720", "112120270", "110115140", "103120531", "107114321", "112117030", "103118110", "101112690", "105113170", "97107920", "105118740", "112116900", "106119580", "111115780", "108121190", "110119300", "101117580", "106115120", "112119950", "99107950", "103113101", "112116810", "98111620", "111119340", "110118121", "109117600", "98111231", "99105921", "113120260", "113122430", "100113370", "97116401", "113122180", "103111990", "112118820", "99108310", "108120260", "106117790", "99107500", "97106970", "113119450", "105116860", "103110050", "113120540", "99109141", "112118421", "112121010", "113122190", "110114561", "109113591", "106120640", "105119550", "111120280", "113122510", "110113931", "97110950", "106115250", "113121980", "111119580", "108121410", "100111270", "110120560", "111121190", "100113210", "108116481", "102112170", "109117110", "112116850", "111120190", "106113360", "109120150", "109117730", "112120640", "99107630", "107117010", "104111990", "102118380", "111118301", "111120260", "102108621", "105113480", "112120290", "98109311", "100116500", "101108460", "108115870", "101108621", "104114320", "113122650", "108118060", "100109890", "104112470", "99112531", "111119430", "99109311", "103113270", "97109080", "103120780", "110118181", "99108080", "112118810", "98110810", "99110730", "110116300", "110120190", "106113260", "105116501", "110118301", "111120320", "107118520", "104119290", "97109570", "98107410", "111117200", "109115220", "103111480", "103110760", "107114280", "112116540", "112118550", "111119610", "97116410", "98108370", "108117451", "104114410", "113118620", "112120670", "112119320"], "labels": [0, 2, 3, 2, 2, 3, 1, 1, 1, 0, 0, 1, 1, 1, 3, 0, 0, 3, 0, 2, 2, 1, 0, 0, 1, 3, 3, 1, 1, 1, 3, 1, 0, 1, 3, 3, 3, 3, 3, 1, 1, 1, 3, 2, 3, 3, 2, 2, 0, 2, 1, 1, 0, 2, 3, 2, 3, 3, 3, 3, 2, 1, 0, 3, 3, 1, 0, 2, 1, 3, 2, 2, 3, 0, 2, 0, 1, 0, 0, 3, 1, 0, 3, 0, 2, 3, 0, 2, 1, 2, 1, 3, 3, 3, 0, 1, 1, 2, 0, 3, 0, 2, 2, 1, 3, 1, 3, 3, 1, 2, 2, 1, 1, 3, 3, 1, 3, 3, 3, 3, 1, 1, 1, 2, 1, 0, 3, 0, 3, 0, 1, 3, 1, 3, 2, 3, 1, 2, 1, 3, 2, 1], "predicted_labels": [2, 1, 3, 0, 3, 1, 3, 0, 1, 0, 0, 0, 1, 1, 0, 3, 0, 3, 0, 1, 2, 1, 3, 0, 1, 3, 1, 1, 1, 3, 3, 3, 3, 1, 0, 3, 1, 1, 1, 1, 3, 0, 1, 0, 3, 3, 1, 3, 1, 0, 3, 3, 0, 3, 0, 1, 3, 0, 3, 3, 1, 1, 1, 3, 1, 1, 3, 3, 0, 3, 1, 0, 0, 3, 1, 3, 0, 3, 0, 3, 1, 1, 1, 1, 3, 1, 0, 3, 3, 1, 3, 0, 1, 0, 1, 1, 3, 3, 1, 1, 0, 1, 1, 1, 0, 3, 0, 1, 0, 3, 1, 3, 1, 0, 0, 2, 2, 3, 1, 1, 3, 0, 3, 3, 3, 0, 0, 0, 0, 0, 0, 0, 3, 1, 3, 0, 0, 3, 3, 0, 1, 3], "confidence_scores": [[0.19700027750027746, 0.25785306360306365, 0.2848490398490399, 0.2602976190476191], [0.27204209679209673, 0.31089242701742703, 0.1352812049062049, 0.2817842712842713], [0.27724289109583233, 0.2497247474747476, 0.17778291204839194, 0.2952494493810283], [0.28124703972498094, 0.27163245088245097, 0.24143627206127216, 0.20568423733129612], [0.25385028860028863, 0.22253860028860042, 0.23571320346320349, 0.2878979076479078], [0.2321316738816738, 0.29031653069153085, 0.2183359557109557, 0.2592158397158397], [0.2141417402042403, 0.2639473435920805, 0.25406391525141525, 0.2678470009522641], [0.31245776445776446, 0.2122083223149399, 0.24164807822896064, 0.233685834998335], [0.26624098124098117, 0.27304508889803025, 0.22901765799559926, 0.23169627186538957], [0.28918245235157, 0.20298769694357927, 0.27700181272975394, 0.23082803797509682], [0.3583823815073815, 0.2528967698967699, 0.1367416056166056, 0.2519792429792429], [0.333271645021645, 0.20690564990564994, 0.14554803529803528, 0.31427466977466983], [0.18371480806774926, 0.281999533146592, 0.2581694832944834, 0.27611617549117556], [0.20609983766233772, 0.29917674686424695, 0.22067273004773014, 0.27405068542568545], [0.29816926129426125, 0.2786587162837163, 0.16289213564213562, 0.2602798867798867], [0.29187848262848276, 0.2570325230325231, 0.12887302974802972, 0.3222159645909647], [0.2863839444868857, 0.24690422077922083, 0.21718290043290042, 0.24952893430099315], [0.27141024743230635, 0.2584910089910089, 0.17289109011903128, 0.29720765345765354], [0.3754845432345432, 0.24727417027417034, 0.13148088023088017, 0.24576040626040632], [0.2301753801753802, 0.32668380230880223, 0.19446080308580302, 0.24868001443001442], [0.23812386510548264, 0.2585739538239539, 0.26469756632256636, 0.23860461474799713], [0.23779020489314612, 0.27826527639027643, 0.20712031024531022, 0.2768242084712673], [0.2337468226218227, 0.28016396103896113, 0.1952004523254523, 0.290888764013764], [0.3639177032118208, 0.28338938838938843, 0.12429386299974539, 0.22839904539904535], [0.23070647408147407, 0.3040761877011877, 0.21458782883782887, 0.2506295093795094], [0.21680339105339105, 0.28554713342213356, 0.18009043734043734, 0.31755903818403824], [0.15467309079809083, 0.3691953601953602, 0.2282110944610944, 0.24792045454545455], [0.20575129913945697, 0.3210692545758336, 0.2363517348879191, 0.23682771139679037], [0.21818656343656342, 0.326296300921301, 0.18192081529581527, 0.2735963203463204], [0.2602393023643024, 0.24485231435231453, 0.19022630147630157, 0.3046820818070818], [0.22593006993006998, 0.24227633477633476, 0.20469983488733487, 0.3270937604062605], [0.25737689393939406, 0.24874404761904767, 0.16951939033189034, 0.3243596681096681], [0.26571040764790776, 0.25803281440781445, 0.16015126540126542, 0.31610551254301245], [0.18900784632034637, 0.30288299200799207, 0.22576092657342667, 0.2823482350982352], [0.28845023236567363, 0.27823236485736486, 0.188631141734083, 0.2446862610428787], [0.2746870490620491, 0.24425781163281166, 0.18503093434343432, 0.296024204961705], [0.19769530469530472, 0.3507735112110113, 0.23837759462759467, 0.2131535894660894], [0.24419377150627153, 0.279803064990565, 0.20374770624112729, 0.27225545726203626], [0.26108941058941065, 0.31875282152488044, 0.13804832177626294, 0.28210944610944616], [0.2443277417027417, 0.3292580821955823, 0.15443055555555552, 0.2719836205461206], [0.30450625763125766, 0.21287685925185926, 0.1768376137751138, 0.3057792693417694], [0.28231487956487955, 0.2667553418803419, 0.17619107281607285, 0.27473870573870585], [0.23036399711399716, 0.2733454184704184, 0.22538131313131324, 0.2709092712842714], [0.2983517316017316, 0.2713065476190477, 0.16759361471861467, 0.26274810606060606], [0.23676758658008662, 0.22294144744144748, 0.17970093795093794, 0.36059002802752815], [0.28844678932178935, 0.2313841852591853, 0.1650826118326118, 0.31508641358641365], [0.271870514289632, 0.300772481603364, 0.1610107531357531, 0.26634625097125103], [0.24481204906204904, 0.24343475968475972, 0.19815151515151516, 0.313601676101676], [0.2411344766344766, 0.3241567876567877, 0.14453120490620494, 0.2901775308025309], [0.2857081252081253, 0.21603790653790658, 0.2668983516483518, 0.23135561660561657], [0.22659174159174164, 0.264832708957709, 0.15213620407370407, 0.35643934537684535], [0.25857224025974035, 0.23953643578643583, 0.22617005910755913, 0.2757212648462648], [0.29126964701964714, 0.28281630869130864, 0.18144111444111435, 0.24447292984792998], [0.19555725524475523, 0.2845703463203463, 0.20386843018093018, 0.31600396825396826], [0.28731363081363087, 0.2548647602397603, 0.19703975191475195, 0.2607818570318571], [0.24255573593073587, 0.2901817488067489, 0.20465392940392949, 0.26260858585858604], [0.2434438825063826, 0.25299478993228997, 0.24109662559662565, 0.262464701964702], [0.3212340208810799, 0.2301032856032856, 0.1576500672530084, 0.29101262626262625], [0.26565224563018697, 0.2558216505716506, 0.18213437512779618, 0.2963917286703665], [0.26796911421911424, 0.2882571032768401, 0.15169992507492502, 0.2920738574291205], [0.22487950937950946, 0.35841774891774897, 0.18065656565656563, 0.236046176046176], [0.222488455988456, 0.3118447524697526, 0.17510198135198135, 0.2905648101898103], [0.2868646076146077, 0.30219702519702524, 0.17094107281607282, 0.23999729437229445], [0.23917181429681428, 0.2785510461760463, 0.19556580919080918, 0.28671133033633023], [0.18884862359862362, 0.34407511932511936, 0.24654261016761023, 0.22053364690864682], [0.2968475552225553, 0.30204735542235545, 0.1453258547008547, 0.2557792346542346], [0.2697902999778001, 0.24033173770673769, 0.16975874819624817, 0.320119214119214], [0.19591017316017317, 0.30141888666888667, 0.17293381180223286, 0.3297371283687074], [0.34819119769119766, 0.23948250360750356, 0.15274386724386724, 0.2595824314574315], [0.296433066933067, 0.20229076479076483, 0.1931475607725608, 0.30812860750360743], [0.24830111555111561, 0.32339165001665016, 0.17817683705183707, 0.25013039738039733], [0.3088758463758464, 0.30813198606948605, 0.13329748029748026, 0.2496946872571872], [0.300635212010212, 0.27394498556998564, 0.1453573648573648, 0.28006243756243765], [0.26665924353424353, 0.266657314907315, 0.18878643578643575, 0.2778970057720057], [0.17665102952602957, 0.2938801060051061, 0.24370498945498945, 0.28576387501387507], [0.2600838377308966, 0.2108794538794539, 0.22501376401376408, 0.3040229443758857], [0.30742722963311203, 0.2267398377766025, 0.1984504262077792, 0.2673825063825065], [0.264990225052725, 0.2446922521922522, 0.21774025974025984, 0.27257726301476304], [0.29719722924134695, 0.28543927314515555, 0.14223543123543117, 0.27512806637806647], [0.2383104811854812, 0.21391938616938622, 0.19700108225108237, 0.35076905039405043], [0.20163365800865804, 0.3371019952269952, 0.17143704906204907, 0.28982729770229765], [0.2209426545676546, 0.3292220688668058, 0.15237871850371854, 0.2974565580618213], [0.22434561272061274, 0.3608815906315906, 0.20858373570873578, 0.20618906093906092], [0.24384985847485854, 0.3011010517260518, 0.16907810245310248, 0.28597098734598747], [0.24061129148629146, 0.2368171273171273, 0.2113841991341991, 0.31118738206238217], [0.24106367243867247, 0.31444233544233546, 0.18072821622821617, 0.26376577589077593], [0.3262433261183261, 0.23294985569985574, 0.20236165223665226, 0.23844516594516585], [0.2341282149223326, 0.23715830003330005, 0.16367223462811695, 0.36504125041625046], [0.22781944444444452, 0.24501154401154404, 0.23914484126984129, 0.28802417027417027], [0.24627397091212885, 0.28853281878939785, 0.21128665413533834, 0.25390655616313507], [0.22424879287379298, 0.26706468531468536, 0.2299509379509379, 0.2787355838605838], [0.27715745365745365, 0.2712619741369741, 0.18758044733044732, 0.2640001248751249], [0.2755343475968476, 0.2797510406260406, 0.16852362914862912, 0.27619098262848274], [0.3705146520146521, 0.22562126762126775, 0.17462540237540242, 0.22923867798867806], [0.1906513347763347, 0.2997504856254858, 0.21834980297480291, 0.2912483766233767], [0.26356154956154954, 0.27004632794106487, 0.20839213564213555, 0.25799998685525005], [0.25190223665223666, 0.2707110389610391, 0.19834830447330445, 0.2790384199134199], [0.2556158910533912, 0.27615962917801146, 0.18908685350597118, 0.27913762626262634], [0.2308961247086247, 0.29801837745587745, 0.17960479797979803, 0.29148069985569997], [0.2538746204775616, 0.2973926767676768, 0.2123999472749472, 0.23633275547981436], [0.2861177017427018, 0.2601726953601955, 0.20656842463092462, 0.24714117826617826], [0.19196334915084917, 0.2887879453063277, 0.23287875604787378, 0.28636994949494954], [0.2541285728160728, 0.28812431318681325, 0.20662427849927853, 0.2511228354978355], [0.23639110889110881, 0.30581779331779335, 0.19140891053391063, 0.2663821872571872], [0.32896121933621947, 0.21020561383061387, 0.1704519092019092, 0.29038125763125777], [0.22796564546564554, 0.2533463897213897, 0.20070408757908761, 0.3179838772338773], [0.33165139027639035, 0.23088419913419908, 0.17107835220335219, 0.2663860583860584], [0.23181910654704774, 0.31940096015096026, 0.14298199023199024, 0.30579794307000185], [0.2699598000039176, 0.2365631908940733, 0.2245001110001109, 0.26897689810189823], [0.20411033411033416, 0.2529557942057942, 0.25395773670773664, 0.288976134976135], [0.22436771561771565, 0.28095676545676546, 0.25799049561549564, 0.23668502331002333], [0.22170761183261178, 0.2582748917748919, 0.19433946608946598, 0.3256780303030304], [0.23422132034632043, 0.3405271942969312, 0.16286401792651792, 0.26238746743023056], [0.27170391699803476, 0.2582801781551782, 0.19916958450046685, 0.2708463203463204], [0.32122240259740265, 0.22361817757405994, 0.15479614421526183, 0.3003632756132756], [0.21143264578558707, 0.25529226614888395, 0.30175677998472117, 0.23151830808080806], [0.2358411310911311, 0.22620045232545227, 0.28240460927960936, 0.2555538073038073], [0.25832956444140653, 0.26343566156066167, 0.2147905844155844, 0.2634441895823475], [0.18084487734487734, 0.3433262987012987, 0.17628039321789313, 0.29954843073593085], [0.24773944111444113, 0.33332983193277316, 0.21940343480049354, 0.19952729215229215], [0.27546733821733826, 0.2713725302475303, 0.17723210123210126, 0.27592803030303026], [0.28827400867106756, 0.28437425972720104, 0.1602855339105339, 0.26706619769119777], [0.1936535686535687, 0.29217454767454765, 0.1760367826617827, 0.33813510101010086], [0.2593435037185037, 0.2252170052170053, 0.20435685148185154, 0.31108263958263965], [0.24813082750582752, 0.24819619269619264, 0.20800199800199803, 0.2956709817959818], [0.327796536796537, 0.2203038073038073, 0.13736141636141633, 0.3145382395382395], [0.319301406926407, 0.2141269841269842, 0.22870165945165952, 0.2378699494949495], [0.33700234487734504, 0.24913401875901886, 0.12662500000000004, 0.28723863636363645], [0.2911255411255412, 0.281311056998557, 0.1531794733044733, 0.2743839285714285], [0.2919415584415585, 0.2547141053391055, 0.16407990620490623, 0.2892644300144301], [0.29463877788877796, 0.25669864857364866, 0.1869152583527584, 0.2617473151848152], [0.2687361666111667, 0.2667466977466978, 0.24298069985569984, 0.2215364357864358], [0.26216341991341996, 0.29613239538239544, 0.12504256854256854, 0.31666161616161614], [0.23645609945609944, 0.31348182993906665, 0.17496450771450775, 0.2750975628903261], [0.24082736218030337, 0.28272161172161175, 0.15876624764124764, 0.31768477845683746], [0.3024931963461375, 0.2578761140819964, 0.22806899636311406, 0.21156169320875207], [0.30272562649768536, 0.255268684746626, 0.1812111360861361, 0.2607945526695526], [0.2732432012432014, 0.2701459235209235, 0.14967514430014428, 0.30693573093573095], [0.23900206737706753, 0.24232979520479525, 0.22810278610278606, 0.29056535131535144], [0.3315202367077368, 0.29343484987234997, 0.15214191364191362, 0.2229029997779998], [0.20829806998557, 0.3349580905205905, 0.16475775613275614, 0.29198608336108334], [0.20549830724830723, 0.3091476023976024, 0.16591076284826284, 0.3194433275058276]]}, "rewritten": {"ids": ["97105760", "97106970", "97107920", "97109080", "97109570", "97110950", "97112290", "97116401", "97116410", "98106111", "98107340", "98107410", "98108370", "98109311", "98110810", "98111231", "98111620", "98111670", "99105921", "99107500", "99107630", "99107950", "99108080", "99108310", "99109141", "99109311", "99110730", "99111340", "99112531", "100108520", "100109890", "100111270", "100112060", "100113210", "100113370", "100116500", "101108460", "101108621", "101112690", "101117580", "102108621", "102112170", "102118380", "103110050", "103110760", "103111480", "103111990", "103113101", "103113270", "103118110", "103120531", "103120780", "104111990", "104112470", "104114320", "104114410", "104119290", "105113170", "105113480", "105115380", "105116501", "105116650", "105116860", "105118740", "105119550", "106113260", "106113360", "106115120", "106115250", "106116850", "106117790", "106119580", "106120640", "107114280", "107114321", "107117010", "107118520", "108113740", "108115870", "108116481", "108117451", "108118060", "108120260", "108121190", "108121410", "109113591", "109115220", "109117110", "109117600", "109117730", "109120150", "110113931", "110114561", "110115140", "110116300", "110118121", "110118181", "110118301", "110118810", "110119300", "110120190", "110120560", "110121720", "111115780", "111117200", "111118301", "111119340", "111119430", "111119580", "111119610", "111120190", "111120260", "111120280", "111120320", "111121190", "112116540", "112116810", "112116850", "112116900", "112117030", "112118421", "112118550", "112118810", "112118820", "112119320", "112119950", "112120270", "112120290", "112120640", "112120670", "112121010", "113117340", "113118620", "113119450", "113120260", "113120540", "113121980", "113122180", "113122190", "113122430", "113122510", "113122650"], "labels": [0, 2, 0, 2, 0, 3, 1, 3, 3, 0, 0, 3, 1, 1, 1, 1, 3, 1, 1, 0, 2, 1, 3, 2, 3, 1, 3, 1, 3, 2, 3, 2, 2, 0, 3, 2, 0, 0, 1, 3, 3, 3, 1, 3, 1, 0, 2, 3, 2, 2, 3, 1, 2, 1, 2, 1, 1, 0, 0, 1, 1, 1, 2, 1, 1, 3, 0, 1, 2, 3, 1, 3, 3, 3, 0, 1, 2, 3, 3, 0, 2, 1, 1, 1, 0, 3, 3, 1, 1, 3, 2, 1, 0, 0, 3, 3, 1, 1, 1, 1, 3, 0, 3, 1, 0, 3, 3, 3, 3, 2, 3, 3, 0, 1, 1, 1, 3, 0, 3, 2, 3, 3, 3, 0, 1, 0, 0, 1, 0, 2, 2, 2, 3, 3, 3, 3, 2, 2, 1, 2, 2, 2], "predicted_labels": [0, 3, 0, 3, 3, 0, 1, 1, 0, 0, 1, 0, 0, 3, 2, 0, 1, 3, 1, 1, 3, 1, 0, 3, 0, 3, 3, 1, 0, 3, 0, 1, 0, 3, 3, 0, 3, 3, 3, 1, 0, 0, 1, 1, 0, 0, 0, 1, 3, 0, 0, 1, 1, 3, 1, 3, 1, 3, 3, 3, 3, 1, 1, 1, 0, 1, 0, 3, 3, 0, 3, 3, 1, 0, 0, 1, 3, 3, 0, 0, 1, 3, 3, 1, 1, 1, 3, 1, 1, 0, 1, 0, 3, 0, 3, 0, 0, 0, 0, 1, 1, 1, 0, 1, 3, 0, 3, 1, 1, 3, 3, 0, 3, 0, 3, 1, 3, 3, 0, 1, 1, 3, 0, 1, 3, 3, 0, 1, 0, 3, 1, 1, 3, 0, 0, 0, 0, 0, 1, 1, 1, 1], "confidence_scores": [[0.34544053169053174, 0.1687420218670219, 0.18919823232323232, 0.2966192141192142], [0.21650054112554115, 0.2639107697857698, 0.23175378787878784, 0.2878349012099011], [0.37604148629148637, 0.23452548840048848, 0.13721608946608946, 0.2522169358419359], [0.21088021700521695, 0.273867118992119, 0.19973595154845156, 0.3155167124542126], [0.27204152791652797, 0.2419546425796426, 0.17912083749583751, 0.306882992007992], [0.3296607836607837, 0.19514922577422578, 0.20587740037740032, 0.2693125901875903], [0.24672877122877124, 0.2870735375735376, 0.1921495310245311, 0.2740481601731602], [0.2627263708513709, 0.3470894799644802, 0.15959096459096458, 0.23059318459318465], [0.3675800865800866, 0.23306060606060597, 0.190371336996337, 0.20898797036297034], [0.2882613587393, 0.25582142857142864, 0.2117881354756355, 0.24412907721363603], [0.25409358696858697, 0.28622557997558, 0.17916369741369742, 0.2805171356421357], [0.32353823953823946, 0.2685675713175714, 0.16676826645576642, 0.24112592268842273], [0.31071349483849486, 0.22207951770451778, 0.19903553391053386, 0.2681714535464536], [0.23340171633921636, 0.27859704184704187, 0.17261283855033857, 0.3153884032634033], [0.24633491018785136, 0.24238214155125923, 0.27000031422825543, 0.24128263403263403], [0.33822614885114893, 0.252415528915529, 0.16085767010767008, 0.24850065212565217], [0.190111346986347, 0.32090854978355, 0.237419857919858, 0.2515602453102454], [0.24630195294901186, 0.24514767177267183, 0.2251066523345936, 0.2834437229437228], [0.21653190763484875, 0.3041933997375175, 0.22157977643271765, 0.2576949161949162], [0.2446765783236372, 0.3325468836718837, 0.20653742989037105, 0.2162391081141081], [0.29788762808828595, 0.2189182458623248, 0.16210824226942644, 0.32108588377996283], [0.2001443556443557, 0.293045967920968, 0.2570674464424465, 0.24974222999223009], [0.3315785423726601, 0.23452405927405923, 0.18792685500773731, 0.24597054334554336], [0.2431409562659564, 0.2667438811188812, 0.2185001526251526, 0.27161500999001], [0.3246722603377015, 0.2715878843378844, 0.14582143550893553, 0.25791841981547864], [0.2694735940229362, 0.2516804653679654, 0.19592586580086585, 0.28292007480823267], [0.22230158730158733, 0.2372628621378622, 0.2437867826617827, 0.296648767898768], [0.20825709013209007, 0.34882830568124695, 0.23383940161146055, 0.20907520257520254], [0.3226390831390832, 0.26410778110778116, 0.15998846986346987, 0.25326466588966595], [0.24497989510489518, 0.23462142024642027, 0.2476659174159174, 0.2727327672327673], [0.39471449383949375, 0.19123611111111116, 0.16590119602619605, 0.24814819902319907], [0.25080412234823996, 0.2837628760128761, 0.2449722124280949, 0.2204607892107894], [0.3414417388167388, 0.1945122655122655, 0.19247985347985352, 0.2715661421911422], [0.2572009518259518, 0.266144751082251, 0.18585016372516378, 0.29080413336663347], [0.2492189754689755, 0.25805194805194803, 0.20374531024531023, 0.28898376623376637], [0.2948275613275614, 0.26596338383838386, 0.20203354978354982, 0.23717550505050503], [0.27356656537906543, 0.27144018481518484, 0.15925480075480075, 0.29573844905094904], [0.25464939227439237, 0.24969416694416696, 0.21059786047286047, 0.28505858030858033], [0.21913932391138288, 0.28552121489621496, 0.20720248705542826, 0.2881369741369741], [0.2729824876920465, 0.28138299894549895, 0.1670490779645191, 0.27858543539793545], [0.317563172938173, 0.23969146825396825, 0.183595245032745, 0.2591501137751138], [0.2947142489863079, 0.2566983016983016, 0.1792992285492285, 0.26928822076616216], [0.27264337255881377, 0.28786936674436686, 0.21922816072816068, 0.22025909996865878], [0.18785708041958038, 0.31429816017316026, 0.23625278194028201, 0.26159197746697754], [0.35895436507936507, 0.2198423520923521, 0.1905725801975802, 0.2306307026307026], [0.3115712322807912, 0.2589448051948051, 0.1433187943592355, 0.2861651681651681], [0.3203953505644684, 0.26841817904317905, 0.11429873312961543, 0.29688773726273726], [0.23043272005772017, 0.27968668831168836, 0.23074981962481964, 0.25913077200577195], [0.21841126928626928, 0.2585178432678434, 0.20949711399711402, 0.3135737734487735], [0.3344754926446103, 0.24381601731601737, 0.17153187090687086, 0.2501766191325015], [0.3128418991139582, 0.26140422077922076, 0.1465636536665948, 0.2791902264402265], [0.28812791375291374, 0.3064324564324564, 0.18349585137085136, 0.2219437784437785], [0.19946583073788954, 0.3099004953379955, 0.24839375901875904, 0.24223991490535604], [0.30471524309024306, 0.20657287157287166, 0.16318834637584634, 0.325523538961039], [0.26417806703100827, 0.27659354126265884, 0.2213341193120605, 0.23789427239427244], [0.24905906593406604, 0.2597158605283606, 0.18605942668442674, 0.3051656468531468], [0.20778439126233247, 0.2867345807786985, 0.22619527204821327, 0.279285755910756], [0.25523726763432647, 0.26691612554112554, 0.18032457330251447, 0.29752203352203366], [0.2747972582972583, 0.2417823426573427, 0.1609113109113109, 0.32250908813408835], [0.21018435934980054, 0.26409794862000735, 0.20533714202464207, 0.32038055000555005], [0.297229575979576, 0.22828515855489556, 0.16113948551448554, 0.3133457799510432], [0.18826649249443367, 0.293496114996115, 0.24847868797868788, 0.26975870453076345], [0.25334150571650577, 0.3012840631590633, 0.21514000582750595, 0.2302344252969253], [0.23733266733266742, 0.2874133366633367, 0.22807452269952275, 0.24717947330447326], [0.30242262802556924, 0.2814664502164502, 0.1435919268639857, 0.27251899489399484], [0.27925853313353327, 0.33894624819624847, 0.177609126984127, 0.20418609168609167], [0.346279637029637, 0.26873063741813746, 0.1191774614274614, 0.26581226412476416], [0.251846805971806, 0.2581742146742148, 0.1449215367965368, 0.34505744255744264], [0.263326404804346, 0.2642053571428572, 0.19686561559355675, 0.2756026224592401], [0.2723608058608059, 0.2648258685758687, 0.21300137362637364, 0.24981195193695196], [0.21895471195471194, 0.249692266067266, 0.23035873848373847, 0.3009942834942835], [0.18693295593295597, 0.2959809773559774, 0.22073448773448778, 0.29635157897657893], [0.2348940503940504, 0.30980609668109665, 0.17681302031302024, 0.2784868326118326], [0.31335826673326683, 0.2669570845820847, 0.2147567987567988, 0.20492784992784993], [0.30045983183483194, 0.2550679181929182, 0.16473704073704074, 0.2797352092352094], [0.17961206848706848, 0.3062617105117106, 0.25173984348984346, 0.2623863775113775], [0.23853785103785108, 0.2937497363747364, 0.1573327228327228, 0.31037968975468977], [0.2596680035650624, 0.26457918470418473, 0.20499850149850155, 0.27075431023225144], [0.32094449994450003, 0.24713192363192366, 0.19942532467532467, 0.23249825174825178], [0.344987678987679, 0.26229995004995016, 0.14449271561771565, 0.24821965534465534], [0.27811129148629155, 0.31301001776001774, 0.15029575979575976, 0.258582930957931], [0.262664862914863, 0.2521497668997668, 0.15604130591630588, 0.32914406426906434], [0.2382966110686699, 0.2942132401911812, 0.15865513653013646, 0.3088350122100122], [0.24297675935175944, 0.30096237096237105, 0.18046302308802303, 0.2755978465978467], [0.27788562336356454, 0.29455418192918187, 0.16063672438672433, 0.26692347032052915], [0.26438888888888884, 0.3019626623376625, 0.159284632034632, 0.2743638167388167], [0.25560076035076035, 0.24359236596736597, 0.18699771062271064, 0.3138091630591631], [0.22646518759018774, 0.326155982905983, 0.1489792707292707, 0.2983995587745588], [0.24983776844070962, 0.30307112332112335, 0.18052849927849923, 0.2665626089596678], [0.2772160568189979, 0.2710606747054117, 0.1938102730602731, 0.25791299541531737], [0.2687958152958153, 0.27767538017538024, 0.20830133755133753, 0.24522746697746697], [0.37296392496392494, 0.23235515873015886, 0.14552065295815292, 0.24916026334776326], [0.2597095265845267, 0.2467348484848485, 0.1978155871905872, 0.29574003774003776], [0.28838197015402894, 0.2422098526473526, 0.21723629148629142, 0.25217188571232685], [0.24108134920634916, 0.27350222000222, 0.17877507215007216, 0.30664135864135866], [0.32352867475661584, 0.30569312427768325, 0.12965900765900762, 0.2411191933066934], [0.28913691863691865, 0.2829406565656566, 0.19411235986235983, 0.23381006493506498], [0.2809471500721501, 0.24431901431901437, 0.22557865745365757, 0.24915517815517815], [0.299063283938284, 0.2729240897990899, 0.15699894549894544, 0.2710136807636808], [0.28453607503607514, 0.29242828005328003, 0.19812244005994006, 0.22491320485070487], [0.21575145687645692, 0.29790620490620495, 0.2147704656454657, 0.27157187257187265], [0.25039304731216494, 0.2760564713064714, 0.2206712078770903, 0.25287927350427347], [0.28849077311577315, 0.25907525807525816, 0.21166983016983018, 0.2407641386391387], [0.20380543068043072, 0.3093682567432567, 0.2145072150072151, 0.27231909756909767], [0.2661746031746032, 0.2700339660339662, 0.16434126984126984, 0.2994501609501609], [0.3842625797405211, 0.22012040737040736, 0.1538686542215954, 0.24174835866747632], [0.2700864690864692, 0.2513279775779776, 0.20750727050727055, 0.27107828282828283], [0.2611942640692641, 0.31613471250971253, 0.14793488455988457, 0.27473613886113907], [0.2832257742257744, 0.2885028443778444, 0.14299095349095342, 0.28528042790542785], [0.26477967171717176, 0.2666569264069264, 0.18774476911976914, 0.2808186327561329], [0.26701551920301925, 0.259827713952714, 0.1856887348762349, 0.287468031968032], [0.3188452242202242, 0.24834885947385948, 0.14842771117771117, 0.2843782051282053], [0.28877305333555336, 0.2010806277056277, 0.196283855033855, 0.31386246392496386], [0.2821047890018478, 0.26414170551670546, 0.18968959716753836, 0.26406390831390836], [0.28145797258297256, 0.24977236652236642, 0.17384794372294374, 0.2949217171717172], [0.251457362082362, 0.3004644653592023, 0.16137666500166495, 0.2867015075567708], [0.26795337995338, 0.2799701132201132, 0.16386278998778997, 0.2882137168387168], [0.17211363636363636, 0.32069985569985593, 0.14803463203463202, 0.3591518759018759], [0.311509324009324, 0.3026901570651571, 0.13288286713286712, 0.25291765179265185], [0.24282882395382405, 0.32296885059385066, 0.16413961038961034, 0.270062715062715], [0.28173895548895556, 0.33301473526473546, 0.15890882728382727, 0.22633748196248202], [0.2822231240981241, 0.22973088023088029, 0.1715031635031635, 0.31654283216783236], [0.30678229205435104, 0.25736235986235984, 0.2020915750915751, 0.2337637729917142], [0.21770478132978127, 0.31034561272061295, 0.19794312631812638, 0.2740064796314797], [0.22468000055500054, 0.2727909312909313, 0.1956556915306915, 0.30687337662337677], [0.2735000000000001, 0.2437386363636363, 0.16143560606060603, 0.32132575757575765], [0.2816213092463093, 0.24216512654012656, 0.20043732656232657, 0.27577623765123765], [0.2765083527583528, 0.27765761322011323, 0.20127530802530813, 0.24455872599622597], [0.28958730158730167, 0.279562950937951, 0.17148899711399718, 0.25936075036075035], [0.23120613414363422, 0.27846217671217666, 0.19643601792943893, 0.2938956712147503], [0.20330038017538019, 0.32600642413142417, 0.20335458985458985, 0.2673386058386058], [0.1893767849797262, 0.3436244409185585, 0.17819135929430047, 0.28880741480741473], [0.28743814722858846, 0.2492797827172827, 0.1747802891552892, 0.2885017808988396], [0.36611653624153623, 0.23399221611721616, 0.1313996558996559, 0.2684915917415918], [0.29191432178932186, 0.27339574314574333, 0.17024729437229438, 0.2644426406926407], [0.3252203213453215, 0.2528097041847042, 0.15908856421356415, 0.2628814102564103], [0.29919581807081813, 0.28782005494505486, 0.16282410644910641, 0.2501600205350205], [0.272908189033189, 0.2588962010212011, 0.19920754245754252, 0.2689880674880676], [0.2516844544344545, 0.2872303106250475, 0.2219375485625486, 0.23914768637794956], [0.20547997835497828, 0.3178437395937396, 0.20080820568320562, 0.27586807636807653], [0.19920609945609943, 0.33546854534354553, 0.22912676212676214, 0.23619859307359298], [0.2217212648462648, 0.2991916694416696, 0.20997306859806858, 0.2691139971139972]]}}