{"test": {"ids": ["111117120", "108114180", "97116401", "110120190", "98110680", "101113210", "112118880", "102110050", "113118421", "107114321", "98109311", "99113260", "99109141", "100120780", "107121540", "109117600", "111114941", "112120640", "103112470", "101112540", "101108290", "99107300", "104111780", "111117480", "112118701", "108121160", "113118231", "112120290", "108120621", "103120780", "103111540", "113122220", "105121190", "108116481", "105117200", "103110760", "106114880", "110115580", "97107920", "104113000", "100109000", "111120260", "112116451", "109117431", "103112641", "110115890", "112116401", "107116501", "108114040", "109117630", "112118930", "109116810", "101108621", "112118810", "112120700", "112119120", "99109840", "112119930", "105116501", "111115910", "102110690", "99112840", "102111990", "113120830", "99107500", "99120010", "99108520", "102113981", "112118860", "107113180", "108118810", "100113210", "102112250", "111118301", "111119300", "107113200", "112118550", "108118291", "100108520", "110120531", "98120530", "107114950", "100120010", "101116130", "108120280", "100111390", "106120640", "98116940", "105111990", "113118870", "108113760", "111114171", "98106111", "99112531", "113122320", "97109570", "103110050", "109118820", "113121750", "97105580", "97113900", "109115220", "103113101", "101111210", "97116500", "98120010", "98108970", "98107410", "103120531", "100108490", "105120621", "113122230", "113122160", "106119260", "99107640", "110118740", "99105921", "100108990", "113119480", "107116980", "112117471", "105115380", "109118701", "113121950", "112121351", "107115250", "107114780", "97105960", "108113740", "103111620", "107120260", "97107040", "105118740", "101115190", "99107660", "99111340", "107119130", "104116980", "103110100", "112121360", "110113591", "98108580"], "labels": [2, 1, 3, 3, 2, 3, 1, 3, 3, 0, 1, 0, 3, 1, 2, 1, 0, 0, 1, 2, 0, 3, 3, 1, 0, 2, 3, 1, 1, 1, 1, 1, 2, 0, 3, 1, 0, 1, 0, 1, 1, 3, 0, 1, 3, 2, 0, 1, 0, 0, 1, 3, 0, 3, 2, 1, 2, 1, 1, 2, 0, 2, 2, 3, 0, 2, 2, 1, 3, 3, 1, 0, 0, 3, 1, 0, 3, 3, 2, 0, 1, 3, 0, 2, 3, 2, 3, 2, 2, 0, 1, 3, 0, 3, 1, 0, 3, 3, 0, 1, 2, 3, 3, 2, 2, 2, 3, 3, 3, 2, 1, 1, 3, 1, 1, 3, 1, 2, 3, 3, 3, 1, 3, 3, 0, 2, 2, 2, 3, 0, 1, 2, 1, 1, 3, 1, 1, 1, 1, 3, 0, 0], "predicted_labels": [3, 3, 2, 0, 0, 1, 2, 2, 0, 1, 0, 3, 0, 0, 0, 0, 3, 2, 2, 3, 3, 0, 3, 3, 3, 1, 1, 2, 0, 1, 3, 1, 1, 1, 0, 0, 1, 2, 3, 3, 2, 1, 1, 2, 1, 1, 0, 1, 3, 2, 1, 1, 1, 1, 1, 0, 3, 1, 0, 0, 0, 1, 3, 1, 0, 1, 0, 1, 3, 3, 3, 3, 1, 3, 3, 3, 3, 0, 0, 3, 0, 3, 1, 2, 0, 3, 1, 1, 3, 0, 1, 0, 1, 3, 0, 3, 2, 3, 1, 1, 2, 3, 1, 3, 3, 3, 1, 1, 1, 0, 3, 1, 0, 0, 2, 1, 3, 3, 1, 0, 1, 1, 3, 3, 3, 3, 0, 2, 3, 0, 0, 1, 2, 1, 0, 2, 1, 1, 0, 1, 0, 2], "confidence_scores": [[0.2836157597082372, 0.21033489148906265, 0.16889523532720224, 0.33715411347549795], [0.19592174450143124, 0.1898086528952087, 0.07751135120294247, 0.5367582514004176], [0.18301397439169168, 0.27459828680460424, 0.3137673376459564, 0.2286204011577476], [0.3289935965873121, 0.146053265640917, 0.21226153423542912, 0.3126916035363417], [0.5633718740347617, 0.130309249524025, 0.17736760410743713, 0.12895127233377618], [0.06894935696305762, 0.4638589708162219, 0.14759417363776142, 0.31959749858295916], [0.2598520344198999, 0.20635020083398264, 0.33326709672929616, 0.2005306680168213], [0.17280216891730735, 0.2754758936472378, 0.3158522981299544, 0.23586963930550067], [0.5461966895801051, 0.1249916763602501, 0.07917674229343746, 0.2496348917662072], [0.18404628337941867, 0.509045501166206, 0.06551361254564117, 0.24139460290873416], [0.2931056083634784, 0.2451042823919854, 0.18819322994491036, 0.27359687929962584], [0.15188034357163702, 0.08701206563929904, 0.22944719831535354, 0.5316603924737103], [0.3718562784107669, 0.3202185331441261, 0.1053770127028981, 0.202548175742209], [0.5860512977102832, 0.07549800588981512, 0.08500039807002689, 0.253450298329875], [0.4380275067529186, 0.1931033595479996, 0.12246080988301077, 0.24640832381607097], [0.6832673118413393, 0.15247362925904526, 0.031791477136604164, 0.1324675817630113], [0.19519438337084802, 0.21979835654899668, 0.18055812168823354, 0.4044491383919217], [0.2577310815949534, 0.18534138175743559, 0.4302147444288181, 0.12671279221879309], [0.25273537921700734, 0.12705589990838925, 0.35236597289698235, 0.2678427479776211], [0.14568475444826073, 0.18080682006994858, 0.18752462560122354, 0.48598379988056717], [0.21703339990259155, 0.25360514277207574, 0.08389001834976784, 0.44547143897556474], [0.49105179022633, 0.17250356557469523, 0.16716756579919356, 0.16927707839978132], [0.14033786134733786, 0.33007268523467803, 0.19182300505953975, 0.33776644835844427], [0.3080496418211113, 0.22525812560007505, 0.0903860898645804, 0.3763061427142334], [0.24838689594302946, 0.23572789651454457, 0.17884776261453167, 0.33703744492789434], [0.24328893840979002, 0.31482646529486685, 0.13709484330891544, 0.3047897529864277], [0.30257051182755945, 0.43557792168878096, 0.0717835216139497, 0.19006804486971005], [0.20643858115203426, 0.1628243070038782, 0.5995463194163508, 0.031190792427736855], [0.763345980369284, 0.08907802261572006, 0.05549491582309818, 0.092081081191898], [0.24677196253574837, 0.38902028108485603, 0.28295950825537103, 0.08124824812402459], [0.2548747287651793, 0.2824586645052183, 0.06330635081148758, 0.39936025591811486], [0.14292566267488066, 0.3543559546929356, 0.25473616843537084, 0.2479822141968129], [0.2474591198219479, 0.32571725241661215, 0.284613099607143, 0.14221052815429697], [0.28566385270916717, 0.39982050614142917, 0.07879635995754976, 0.23571928119185395], [0.3336632696897847, 0.21238021117430936, 0.1502131580446407, 0.303743361091265], [0.3495160651879612, 0.23348133678914657, 0.08989833527822315, 0.327104262744669], [0.20565005072108578, 0.42574730868445265, 0.09616795596598568, 0.2724346846284759], [0.17563257651750305, 0.30338589179809183, 0.3517336751618433, 0.16924785652256177], [0.36569682239554546, 0.1408658399600549, 0.05896019670532592, 0.4344771409390738], [0.28952130492527617, 0.16902579661696174, 0.13859967415749605, 0.4028532243002661], [0.2147432538008504, 0.17867358448293766, 0.3382812939056114, 0.26830186781060045], [0.3472517322835915, 0.4139556502405705, 0.13647482726917778, 0.10231779020666018], [0.24718325424731574, 0.3229998759252861, 0.14727832668243387, 0.28253854314496435], [0.15896833969365953, 0.2902055251133942, 0.3416196145253704, 0.209206520667576], [0.29007994767969497, 0.3539047789744857, 0.1408006255622334, 0.21521464778358607], [0.258997407213359, 0.3102691754906749, 0.21750126006956566, 0.21323215722640051], [0.6491052739805694, 0.12956255532565475, 0.07107445790626098, 0.1502577127875148], [0.2811372619614217, 0.37970979938871335, 0.0924019109565435, 0.2467510276933215], [0.18361686719571996, 0.15354254893597222, 0.1461471065730316, 0.5166934772952764], [0.2869824391234297, 0.1993704479705251, 0.2890444041650204, 0.22460270874102484], [0.25874013572232135, 0.3102981656734686, 0.16319259518090362, 0.26776910342330656], [0.2525072190992077, 0.3437033476289674, 0.18322752258076633, 0.2205619106910584], [0.2651187095162429, 0.3691087037073176, 0.12036975886473773, 0.24540282791170182], [0.10937288864517994, 0.5649686153533675, 0.05635314703758039, 0.26930534896387215], [0.08935862819236538, 0.43893836355545174, 0.12994694483571537, 0.3417560634164674], [0.31872075832791524, 0.21173866486170417, 0.18682376574006362, 0.2827168110703171], [0.3109888347215319, 0.20300155790116906, 0.11824534890667175, 0.3677642584706273], [0.13954247072610898, 0.6997187977721391, 0.05762901228537144, 0.10310971921638058], [0.3798705734294561, 0.24207469967246234, 0.08494325480498402, 0.29311147209309746], [0.3882502809297358, 0.1719008641390396, 0.09863398692838521, 0.34121486800283946], [0.41383188834003637, 0.14596448926837743, 0.08794253318075732, 0.35226108921082894], [0.279002722222229, 0.36959402788266804, 0.14330180420179314, 0.2081014456933099], [0.29025680109203844, 0.2029618298901835, 0.20847745567043044, 0.29830391334734757], [0.2908277398986557, 0.29749144474559963, 0.2270261922136468, 0.18465462314209796], [0.3213483019884933, 0.19316247212990206, 0.2765169430324915, 0.208972282849113], [0.17675200259013707, 0.4305029422326168, 0.13569935963510885, 0.2570456955421373], [0.29962505999880656, 0.2889307589716716, 0.2345479708628463, 0.17689621016667553], [0.2462219982275211, 0.41493890437413594, 0.24975307701624777, 0.08908602038209523], [0.15364958850507623, 0.25300869341364, 0.27067549658628237, 0.3226662214950013], [0.1519088845158227, 0.3429795755978243, 0.08009735428947204, 0.425014185596881], [0.2823958571573986, 0.27758905512073223, 0.15395065053221804, 0.28606443718965113], [0.2163092062406901, 0.10307561537897127, 0.13328042077655897, 0.5473347576037797], [0.2311287995924677, 0.3410073336785947, 0.12715957847459566, 0.3007042882543419], [0.2825780379957021, 0.27153206628016263, 0.11046382349673699, 0.33542607222739834], [0.1629461296200577, 0.2981174149190945, 0.21488671956943736, 0.32404973589141045], [0.3392565253965726, 0.20477286655343443, 0.0870747918544004, 0.3688958161955926], [0.1373981985738036, 0.08345125275828728, 0.2228282782854532, 0.5563222703824559], [0.4157441979879457, 0.11426902466963355, 0.10625315487309488, 0.3637336224693259], [0.35936125034346683, 0.12984252446174974, 0.17047249685671226, 0.34032372833807106], [0.1717882756324501, 0.18760942733233435, 0.053330899485653546, 0.5872713975495619], [0.34907299519567453, 0.12097338231270019, 0.19022612298582847, 0.33972749950579695], [0.20714387779852073, 0.2573305740347469, 0.2271398584190212, 0.30838568974771124], [0.22434577241162498, 0.3124826870427179, 0.2546246880050302, 0.20854685254062705], [0.13495829472663265, 0.13567706352884337, 0.3675057873621756, 0.3618588543823485], [0.4654087111987483, 0.10203052985706583, 0.0880264083829668, 0.344534350561219], [0.1905693472745294, 0.25779589047419066, 0.11655533780982014, 0.4350794244414598], [0.16573246077288908, 0.3816575786904226, 0.08597136170422043, 0.36663859883246797], [0.1148224076986429, 0.500028829226236, 0.2470154491244217, 0.13813331395069914], [0.25335489815477397, 0.1257855490130864, 0.10467230472072775, 0.5161872481114118], [0.306849329228979, 0.23159255217915972, 0.23145548502250138, 0.23010263356936], [0.11987668721356996, 0.33451835605609936, 0.3009835909341479, 0.24462136579618288], [0.4043933019229884, 0.16346075245108205, 0.11507737564443692, 0.31706856998149274], [0.20359937169797604, 0.32920360028721035, 0.21650234261354226, 0.25069468540127143], [0.3100234266942141, 0.15528346810839463, 0.12255377749568641, 0.4121393277017048], [0.36833049587771566, 0.2740377786906961, 0.1790341109924973, 0.17859761443909095], [0.09439498632085494, 0.19547243885453955, 0.31904464872328797, 0.39108792610131765], [0.2194246132031753, 0.2309059909930182, 0.2934521094397002, 0.2562172863641063], [0.12161861023610814, 0.19839542719783138, 0.3081334224098661, 0.37185254015619434], [0.26275948191491066, 0.3703974659556932, 0.1104564408484498, 0.25638661128094636], [0.10919951000444064, 0.5169845501074574, 0.04477623220726845, 0.3290397076808335], [0.23297209792305704, 0.2382550786761764, 0.30252977467879155, 0.22624304872197493], [0.16259622484330796, 0.2307333136927986, 0.2752246878766059, 0.3314457735872876], [0.19104342197488938, 0.3730265023930414, 0.1854719146991002, 0.2504581609329691], [0.2104825849975334, 0.18363373874304123, 0.06519884138120097, 0.5406848348782244], [0.23320550289566044, 0.23759067916567242, 0.14886836321832292, 0.38033545472034413], [0.2882963712073319, 0.131163130373243, 0.2312680719817696, 0.34927242643765544], [0.36529298149689154, 0.38907940718035694, 0.11627446222047741, 0.12935314910227425], [0.23886269282090006, 0.31614862802366606, 0.24568989759369383, 0.19929878156174022], [0.12609635030919328, 0.49776134121159843, 0.15485566851857135, 0.22128663996063697], [0.34119431870979683, 0.2124414353839721, 0.14364934199512555, 0.3027149039111055], [0.22851575085355905, 0.23924593954934173, 0.1720481875509191, 0.3601901220461803], [0.2744823397657789, 0.4621733930592284, 0.09538748742908336, 0.1679567797459094], [0.2823365343316605, 0.23425565755477912, 0.26524104132960064, 0.2181667667839597], [0.3959319296731561, 0.15605821909423634, 0.16991905228693724, 0.27809079894567035], [0.1250368888536042, 0.2398759185239284, 0.4804548932581932, 0.1546322993642743], [0.3083234212008549, 0.3312031218088217, 0.11252393872406674, 0.2479495182662566], [0.32470885119444415, 0.1661425390958198, 0.17730234805949027, 0.3318462616502459], [0.18552658614996978, 0.20686475458801923, 0.2423747141777498, 0.3652339450842613], [0.22023992553257418, 0.34590933912291405, 0.14695423484727402, 0.28689650049723775], [0.5710263587699081, 0.2820332483892414, 0.07799178999925908, 0.06894860284159147], [0.32366263779546267, 0.4123718363617965, 0.0715932433924976, 0.19237228245024346], [0.1561333422288216, 0.4081024497942813, 0.16841911536593523, 0.26734509261096184], [0.08638421515440212, 0.40608684347612284, 0.07522286849417081, 0.43230607287530404], [0.2197935151146777, 0.15853580595913727, 0.1870704248768926, 0.43460025404929253], [0.08874581081807341, 0.3117171077481998, 0.06295868207281403, 0.5365783993609129], [0.1608258306583932, 0.25073279564332007, 0.2359058547442125, 0.3525355189540743], [0.415748887011341, 0.14164284900738353, 0.22738251017380265, 0.21522575380747283], [0.27423456666275087, 0.1352253462266911, 0.32982929239965164, 0.26071079471090647], [0.20819447683858341, 0.12250173396940885, 0.10991732791413292, 0.5593864612778748], [0.3369699629099447, 0.3193344436274791, 0.13568596918285222, 0.20800962427972391], [0.3762549591419727, 0.30626627814800483, 0.1018606370653558, 0.21561812564466676], [0.1915013177712751, 0.3455238758357385, 0.18508914452331002, 0.27788566186967645], [0.12271982227222633, 0.24300905335917386, 0.37140957265341035, 0.26286155171518943], [0.2653314185833461, 0.39187839301698446, 0.1447388226953173, 0.19805136570435206], [0.35488163307125314, 0.2763750876128241, 0.16939608938316897, 0.19934718993275405], [0.18114538472421962, 0.13854219462638145, 0.4405763892087554, 0.23973603144064373], [0.12942621748092653, 0.4501566364895201, 0.16003050174056643, 0.26038664428898683], [0.11920989568460029, 0.6620860692211792, 0.08442450413184714, 0.13427953096237322], [0.49252284915438, 0.07845267025531226, 0.10394423955610371, 0.3250802410342042], [0.3052333236842484, 0.3666715029015307, 0.10382332891246697, 0.22427184450175397], [0.3873314927636543, 0.16595335800416433, 0.1275801118950304, 0.31913503733715104], [0.26688945216865656, 0.21327791547872796, 0.33583270674848886, 0.18399992560412645]]}, "rewritten": {"ids": ["97105580", "97105960", "97107040", "97107920", "97109570", "97113900", "97116401", "97116500", "98106111", "98107410", "98108580", "98108970", "98109311", "98110680", "98116940", "98120010", "98120530", "99105921", "99107300", "99107500", "99107640", "99107660", "99108520", "99109141", "99109840", "99111340", "99112531", "99112840", "99113260", "99120010", "100108490", "100108520", "100108990", "100109000", "100111390", "100113210", "100120010", "100120780", "101108290", "101108621", "101111210", "101112540", "101113210", "101115190", "101116130", "102110050", "102110690", "102111990", "102112250", "102113981", "103110050", "103110100", "103110760", "103111540", "103111620", "103112470", "103112641", "103113101", "103120531", "103120780", "104111780", "104113000", "104116980", "105111990", "105115380", "105116501", "105117200", "105118740", "105120621", "105121190", "106114880", "106119260", "106120640", "107113180", "107113200", "107114321", "107114780", "107114950", "107115250", "107116501", "107116980", "107119130", "107120260", "107121540", "108113740", "108113760", "108114040", "108114180", "108116481", "108118291", "108118810", "108120280", "108120621", "108121160", "109115220", "109116810", "109117431", "109117600", "109117630", "109118701", "109118820", "110113591", "110115580", "110115890", "110118740", "110120190", "110120531", "111114171", "111114941", "111115910", "111117120", "111117480", "111118301", "111119300", "111120260", "112116401", "112116451", "112117471", "112118550", "112118701", "112118810", "112118860", "112118880", "112118930", "112119120", "112119930", "112120290", "112120640", "112120700", "112121351", "112121360", "113118231", "113118421", "113118870", "113119480", "113120830", "113121750", "113121950", "113122160", "113122220", "113122230", "113122320"], "labels": [1, 2, 2, 0, 0, 2, 3, 2, 0, 3, 0, 3, 1, 2, 2, 2, 1, 1, 3, 0, 1, 3, 2, 3, 2, 1, 3, 2, 0, 2, 2, 2, 2, 1, 2, 0, 0, 1, 0, 0, 2, 2, 3, 1, 2, 3, 0, 2, 0, 1, 3, 1, 1, 1, 0, 1, 3, 3, 3, 1, 3, 1, 1, 2, 1, 1, 3, 1, 1, 2, 0, 1, 3, 3, 0, 0, 2, 3, 2, 1, 3, 1, 1, 2, 3, 1, 0, 1, 0, 3, 1, 3, 1, 2, 3, 3, 1, 1, 0, 3, 3, 0, 1, 2, 3, 3, 0, 3, 0, 2, 2, 1, 3, 1, 3, 0, 0, 3, 3, 0, 3, 3, 1, 1, 1, 1, 1, 0, 2, 0, 3, 3, 3, 0, 3, 3, 0, 3, 3, 1, 1, 1], "predicted_labels": [1, 0, 1, 0, 2, 1, 0, 2, 0, 1, 0, 2, 0, 0, 1, 2, 3, 1, 0, 0, 0, 0, 2, 1, 2, 1, 1, 0, 3, 1, 0, 0, 0, 0, 1, 3, 1, 0, 3, 0, 3, 2, 3, 0, 3, 0, 0, 3, 3, 1, 2, 0, 0, 1, 3, 0, 3, 1, 1, 1, 1, 3, 1, 3, 1, 0, 3, 1, 3, 1, 1, 2, 3, 1, 0, 2, 3, 3, 3, 0, 0, 1, 1, 2, 0, 1, 1, 3, 0, 0, 3, 0, 0, 3, 3, 1, 1, 0, 1, 3, 3, 0, 0, 2, 0, 0, 3, 0, 1, 1, 1, 0, 3, 0, 1, 0, 2, 0, 0, 1, 1, 2, 3, 0, 0, 1, 2, 0, 1, 3, 1, 2, 0, 3, 2, 0, 0, 2, 1, 1, 0, 1], "confidence_scores": [[0.10265803592797655, 0.5202049821218893, 0.0559324353294862, 0.3212045466206481], [0.3247358499741495, 0.21076890774367155, 0.28243680847939673, 0.18205843380278236], [0.09517871821354981, 0.41513178001772866, 0.10161248729707673, 0.38807701447164483], [0.4094728506758156, 0.18072136006945577, 0.27505231871117514, 0.13475347054355336], [0.18110820198997604, 0.11718293957310989, 0.47580615023635864, 0.22590270820055544], [0.23469114380745132, 0.33435634015958815, 0.14363679233385251, 0.28731572369910796], [0.31427411242272896, 0.28848710424065865, 0.23435166631583287, 0.16288711702077963], [0.22294134603558174, 0.24538356599602498, 0.2979708715284215, 0.2337042164399718], [0.3883690026478238, 0.25939109058641224, 0.17920695526814387, 0.1730329514976202], [0.2515155327101697, 0.45419930718906265, 0.12058879148055401, 0.17369636862021354], [0.42967265313346426, 0.2581699016115726, 0.21195871697638263, 0.10019872827858071], [0.1804053796782737, 0.31293510800559027, 0.36728162122473035, 0.13937789109140572], [0.483846103574501, 0.18822164118612492, 0.10813807000914559, 0.21979418523022853], [0.3877333424060779, 0.2246748713675723, 0.13108958208363272, 0.25650220414271707], [0.15200598494326356, 0.40321643339405777, 0.2598003103117211, 0.1849772713509575], [0.28030124720565297, 0.15957808194990758, 0.32930587019614743, 0.23081480064829205], [0.31702775485876855, 0.1726573178652878, 0.048418878898477444, 0.4618960483774662], [0.2574080989921153, 0.35513431677840196, 0.17444054983536803, 0.21301703439411476], [0.43301864733999784, 0.18851465815535942, 0.2027961140705471, 0.17567058043409559], [0.41207633745713024, 0.16728274656335723, 0.16343973305478027, 0.25720118292473243], [0.31715505891851015, 0.27121186080720994, 0.2775595573868347, 0.13407352288744534], [0.5340040302921853, 0.20142895508178205, 0.11891780239409348, 0.1456492122319389], [0.24425036812903822, 0.26670536651529797, 0.3626082760121326, 0.12643598934353129], [0.14549239175790055, 0.611893488250263, 0.09060817595639678, 0.15200594403543952], [0.11864998723452039, 0.12440069663431555, 0.6282789538948704, 0.12867036223629355], [0.14924866740167303, 0.41814024824243806, 0.321592643927443, 0.11101844042844596], [0.29822019908220626, 0.3111325652159301, 0.09488007707056648, 0.2957671586312971], [0.36003706294558474, 0.2060838548957121, 0.1098704662215002, 0.324008615937203], [0.0954475203732528, 0.11951795098929238, 0.09362513810477113, 0.6914093905326837], [0.2869232375490742, 0.31306826831380935, 0.1919791563770505, 0.20802933776006596], [0.30634369273493517, 0.2130639018399426, 0.30350790756762547, 0.17708449785749686], [0.4260130167644477, 0.14338718713486123, 0.1711758051594837, 0.25942399094120727], [0.35700125130420063, 0.1626385048921675, 0.2811321045224777, 0.1992281392811542], [0.365666668995782, 0.18300220495816819, 0.2973252780864041, 0.1540058479596459], [0.16385831935363512, 0.40112715594878307, 0.07406114075961584, 0.36095338393796594], [0.18089910547618296, 0.0685030524734251, 0.13360098839447715, 0.6169968536559148], [0.2976181610258276, 0.33000769508317135, 0.16745060977555276, 0.20492353411544822], [0.48646265431428126, 0.11146542842982038, 0.10204181076651618, 0.3000301064893823], [0.22477334150810835, 0.1366370514275235, 0.0678455656918403, 0.5707440413725279], [0.3649561486632316, 0.2501048613737923, 0.15786777054252854, 0.22707121942044778], [0.2553681320858002, 0.2314756047325317, 0.11068099061281568, 0.4024752725688525], [0.214161573101493, 0.0962088172270218, 0.4008813836060479, 0.2887482260654373], [0.11579026306469085, 0.2902947038277558, 0.23872202675296056, 0.3551930063545931], [0.4043660350736478, 0.32083769217568187, 0.10896275088871764, 0.1658335218619528], [0.10078455215806094, 0.22305561352266698, 0.27455368606549085, 0.40160614825378127], [0.45101485905855837, 0.23746202167243657, 0.18620856710231318, 0.12531455216669193], [0.6872695962867191, 0.11332483018353659, 0.07828000759243002, 0.12112556593731408], [0.24085669369877818, 0.15100336508158443, 0.21073792966112992, 0.3974020115585076], [0.20254453880118012, 0.3124444833657083, 0.13130218369536173, 0.3537087941377499], [0.12113737199153178, 0.41107647073167775, 0.36453571135880947, 0.103250445917981], [0.0819809316205259, 0.17328796376003092, 0.618571325651686, 0.12615977896775704], [0.3634387270294776, 0.11177290062486243, 0.29356705819842444, 0.23122131414723568], [0.4201625845734916, 0.20848325455034333, 0.06629879282404408, 0.305055368052121], [0.2077476752673033, 0.35514788214501886, 0.30083039935953826, 0.13627404322813977], [0.26472532429469875, 0.28897735950609305, 0.11698384921012843, 0.3293134669890797], [0.29833332704242904, 0.19023011538379497, 0.24392245638894225, 0.2675141011848338], [0.21503999174710717, 0.22163934597938373, 0.1301274500069873, 0.4331932122665218], [0.27574820558459484, 0.40174357668408456, 0.16309270983391538, 0.15941550789740527], [0.17549754554000527, 0.3199494477921263, 0.24791841314500707, 0.2566345935228614], [0.21626969863930515, 0.4003062307822956, 0.1654479622547245, 0.21797610832367467], [0.19601184572548816, 0.3384927214136026, 0.26166661571876776, 0.20382881714214154], [0.25042264160040995, 0.17244858064912624, 0.09874049081023681, 0.47838828694022706], [0.2509481969277963, 0.37306902277793386, 0.060689993919278346, 0.31529278637499164], [0.31557731037658987, 0.14681981866269558, 0.07804234247449006, 0.4595605284862246], [0.1601000171701194, 0.4826293143731241, 0.20621318196883448, 0.15105748648792197], [0.5389462244018408, 0.24960875944411265, 0.06429643839292634, 0.1471485777611202], [0.2869534675729501, 0.23560026541754442, 0.14104955324886403, 0.33639671376064156], [0.10983553812898288, 0.4856476952123713, 0.19329527255911308, 0.21122149409953284], [0.3067836749547557, 0.3073677830924877, 0.07209460668700368, 0.31375393526575296], [0.17948371605381608, 0.4035582610316692, 0.1967132223655838, 0.220244800548931], [0.24293116116291105, 0.3522833513841761, 0.21980748510430095, 0.18497800234861198], [0.27046236253304945, 0.10744388889462603, 0.36355175947241125, 0.25854198909991344], [0.14895089344745227, 0.3352246711667465, 0.1427684211028128, 0.3730560142829885], [0.11799035377715304, 0.4272708429916923, 0.24368174084407498, 0.21105706238707966], [0.3223702650692599, 0.27907022351484134, 0.08228031754868106, 0.31627919386721765], [0.12038707843371661, 0.24342537853151974, 0.47078107127188545, 0.16540647176287823], [0.2424695944033126, 0.1918244426084704, 0.24460606070510493, 0.3210999022831122], [0.2259345243043668, 0.23710705542914456, 0.21678178671114423, 0.3201766335553446], [0.2548691031704925, 0.20831365930207224, 0.21629670332277887, 0.32052053420465637], [0.34333521873544387, 0.3048529789554703, 0.09904431319920454, 0.2527674891098813], [0.48500250803068445, 0.23678806636205996, 0.20736898978059232, 0.0708404358266633], [0.10254719964660444, 0.40390620615970024, 0.1371336058787013, 0.356412988314994], [0.14549197253980403, 0.39653572522439334, 0.2790298297897625, 0.1789424724460402], [0.23339525427421687, 0.24420643343770776, 0.30588805851241624, 0.21651025377565916], [0.5354969228885982, 0.06811778564885483, 0.05479344910788808, 0.3415918423546588], [0.13642062036020192, 0.3619850553669879, 0.28990186739815754, 0.21169245687465296], [0.21473044243843026, 0.32419436013477887, 0.2554729989449518, 0.20560219848183908], [0.1290858219803684, 0.20701098028821863, 0.328537866921382, 0.33536533081003095], [0.4419842754729689, 0.2503289245472672, 0.10028523828245461, 0.20740156169730928], [0.4247174098022685, 0.10645010294794142, 0.15587106952267843, 0.31296141772711156], [0.23597016313506547, 0.1953559013901753, 0.11406099470571344, 0.4546129407690458], [0.46711435879408564, 0.08688440350260768, 0.08166441265420643, 0.36433682504910025], [0.5896069456612608, 0.20586901823988488, 0.06664045196917351, 0.13788358412968083], [0.18974082952822505, 0.3028111700692003, 0.201825216095399, 0.30562278430717565], [0.18090770889423036, 0.19099195638405858, 0.3113026200548513, 0.3167977146668597], [0.2163806997841108, 0.48866543430867576, 0.19105127637406966, 0.10390258953314398], [0.15143902056295502, 0.3360655391985574, 0.23472526304652683, 0.2777701771919608], [0.6753749408188343, 0.13600605714575534, 0.0488232546583868, 0.13979574737702347], [0.17391422591800296, 0.546248544700975, 0.11721852882878002, 0.16261870055224203], [0.2473387625520397, 0.10755603662631968, 0.23903956278975558, 0.40606563803188495], [0.1847933329048848, 0.13127148124661436, 0.29650738407727767, 0.3874278017712231], [0.5375048496975942, 0.16654974355829097, 0.07786501013172209, 0.2180803966123929], [0.430964961372021, 0.1071310214012845, 0.30302770367275494, 0.15887631355393955], [0.1422105772087428, 0.171700513858204, 0.4277702175064154, 0.2583186914266378], [0.33033962991616506, 0.31978155220157267, 0.14143163647490786, 0.20844718140735458], [0.4233499605501258, 0.22336520915069089, 0.19643434872059118, 0.15685048157859224], [0.16778327078093963, 0.12221056664773806, 0.07280891774037435, 0.637197244830948], [0.44230122019652657, 0.06041149965730401, 0.26629081509988617, 0.2309964650462832], [0.20857771969032818, 0.3212106301449887, 0.27232052328879586, 0.1978911268758873], [0.1841484831712245, 0.40411243342455316, 0.12666341445010168, 0.28507566895412073], [0.2095832675501834, 0.3494287572982628, 0.11355845250344448, 0.32742952264810943], [0.39915772996964916, 0.2815645525594746, 0.1078066256881645, 0.21147109178271195], [0.2929586692203395, 0.29143639382960784, 0.111824294951355, 0.3037806419986977], [0.3467498928471558, 0.24997151381947894, 0.1695930692110459, 0.23368552412231958], [0.1922791401175208, 0.40780603348596933, 0.06428759366616484, 0.33562723273034506], [0.8028655239275649, 0.04181296131658878, 0.07131195641364835, 0.08400955834219785], [0.24245326443550555, 0.22363665195446844, 0.33782995084598894, 0.19608013276403705], [0.6077714412060151, 0.20574481677453155, 0.06673801761255839, 0.11974572440689493], [0.45053108062846414, 0.12962996604698745, 0.10870680416890424, 0.3111321491556442], [0.2681031639057705, 0.39577586406410314, 0.15247397091273007, 0.1836470011173963], [0.19621034184612016, 0.37378405071967175, 0.0701729573470434, 0.35983265008716464], [0.16173883377852175, 0.0516983901624613, 0.6819299853540784, 0.10463279070493847], [0.29039914883027373, 0.23624575881895166, 0.1661219082591724, 0.3072331840916023], [0.40227699224353713, 0.2867876154256264, 0.1822533405087912, 0.12868205182204517], [0.31552692881263444, 0.14677993696392794, 0.2976096881649855, 0.2400834460584522], [0.16523492424557898, 0.44731587291259156, 0.1027725185318437, 0.28467668430998583], [0.12615901388849385, 0.18056643226515734, 0.6691904895452442, 0.024084064301104373], [0.36748024864740614, 0.19424375215678535, 0.21785493151215146, 0.2204210676836572], [0.26870110886847154, 0.31213460926391384, 0.19177687850568842, 0.22738740336192625], [0.1874268771213974, 0.2803299863938668, 0.10324449893286392, 0.42899863755187184], [0.2585976269099574, 0.4642744399511136, 0.07252265626085508, 0.20460527687807387], [0.24337778898527998, 0.3132836533254526, 0.3190239040525361, 0.12431465363673118], [0.32837439832656645, 0.18559768302767018, 0.2872626967035163, 0.19876522194224722], [0.3241970974723686, 0.16137473330142343, 0.1412137726406486, 0.3732143965855595], [0.2705137912932324, 0.25833086647982517, 0.2832018464665279, 0.1879534957604146], [0.5231942959939856, 0.17638541771043065, 0.1991847124811722, 0.10123557381441148], [0.5812297470795108, 0.11327340597205031, 0.06926182378643657, 0.2362350231620023], [0.3297485768735432, 0.11249944361765216, 0.38966138662913274, 0.16809059287967187], [0.183796771133758, 0.33215611869957473, 0.19734138106661148, 0.2867057291000559], [0.16345394556083384, 0.347091191313327, 0.24535520053420304, 0.24409966259163624], [0.35499818159277713, 0.3238555010260147, 0.07955018595783148, 0.2415961314233768], [0.2694159655703427, 0.32222489412055677, 0.10395607382070576, 0.3044030664883949]]}}