{"test": {"ids": ["112120630", "113118111", "106116640", "108116120", "98106111", "111117000", "110120531", "104114320", "102110850", "99111620", "98106560", "105117431", "113121190", "100111080", "99109840", "110121170", "100111380", "102118380", "109116930", "104119290", "109113281", "113119320", "104117200", "99117740", "111120280", "100109980", "112116501", "101111990", "103110220", "101108460", "109116441", "103113260", "112120270", "100108990", "105121190", "111116090", "113120280", "112118530", "113119700", "108118520", "109116810", "106119990", "99121440", "101109120", "107112850", "106116441", "108118630", "100109910", "113120531", "99111440", "110115710", "102110500", "109116040", "110114321", "99112641", "111118820", "99107500", "105118171", "98108970", "112117660", "101109370", "109120560", "111120640", "98109230", "104113170", "113121410", "108115500", "108121160", "106118820", "102109840", "112118511", "105115380", "109118231", "110120190", "104118340", "113119360", "103111990", "113120070", "109121351", "104117630", "106116370", "101112690", "110117140", "103117461", "108115570", "97105960", "109115211", "106113170", "108117610", "113119480", "102113350", "106114880", "109117150", "104113240", "101112540", "99114890", "112121360", "106120290", "108115870", "101114020", "110120540", "113118820", "98108580", "112121430", "107113180", "110118630", "113122190", "105113210", "98106680", "99109311", "107113360", "110115980", "103111110", "101121640", "113120830", "98107340", "100113210", "111120220", "111119610", "110117500", "111118810", "99108460", "107116501", "108121190", "105113480", "103109791", "104113210", "101110200", "106119260", "101115190", "112116800", "112118930", "104111380", "113118231", "99108580", "104113000", "108121351", "113117550", "106120640", "112118860", "100115700", "111117480"], "labels": [3, 1, 3, 1, 0, 0, 0, 2, 3, 3, 1, 1, 1, 0, 2, 2, 3, 1, 0, 1, 0, 1, 3, 2, 0, 1, 3, 2, 2, 0, 3, 3, 0, 2, 2, 3, 0, 1, 0, 0, 3, 0, 2, 1, 1, 0, 1, 2, 0, 3, 2, 3, 0, 1, 1, 0, 0, 3, 3, 0, 1, 1, 0, 1, 3, 0, 3, 2, 3, 2, 1, 1, 1, 3, 2, 0, 2, 2, 0, 0, 2, 1, 3, 0, 3, 2, 0, 0, 3, 3, 3, 0, 2, 2, 2, 2, 3, 2, 3, 3, 1, 0, 0, 2, 3, 1, 1, 3, 1, 1, 0, 1, 3, 2, 3, 0, 0, 3, 2, 1, 0, 0, 1, 1, 0, 3, 3, 2, 1, 1, 0, 1, 3, 3, 0, 1, 3, 3, 3, 3, 1, 1], "predicted_labels": [0, 3, 3, 0, 0, 1, 1, 1, 1, 1, 3, 1, 1, 3, 2, 3, 3, 2, 0, 3, 1, 1, 1, 0, 3, 1, 3, 1, 1, 3, 3, 3, 3, 1, 3, 0, 0, 1, 1, 0, 1, 1, 1, 3, 1, 3, 3, 3, 3, 3, 3, 0, 3, 1, 0, 3, 1, 1, 1, 3, 1, 3, 1, 2, 1, 3, 1, 3, 1, 1, 1, 1, 1, 3, 3, 3, 1, 1, 0, 1, 0, 3, 3, 3, 1, 3, 3, 1, 3, 3, 1, 1, 1, 1, 1, 1, 3, 1, 0, 3, 1, 1, 3, 1, 1, 1, 1, 3, 1, 1, 0, 0, 0, 3, 0, 2, 3, 1, 1, 3, 3, 3, 3, 1, 1, 1, 0, 1, 3, 1, 3, 1, 1, 3, 0, 3, 1, 3, 1, 3, 3, 1], "confidence_scores": [[0.7207361766455102, 0.055033617130677503, 0.002472009606391796, 0.2217581966174208], [0.1846445673004756, 0.30610688004252556, 0.015442895792742682, 0.4938056568642563], [0.3489555862468877, 0.24145528439225422, 0.04655507246761998, 0.3630340568932381], [0.7730083915321714, 0.10015628281588122, 0.04364610506446234, 0.08318922058748511], [0.3891260814381267, 0.1159310259333032, 0.38323175876055976, 0.11171113386801056], [0.1645108447839765, 0.44232440092824127, 0.10853628092283675, 0.2846284733649456], [0.4393887167918072, 0.30343143630370484, 0.040712571825346176, 0.2164672750791419], [0.20114360247481192, 0.4032280085039825, 0.2822386862719335, 0.11338970274927188], [0.03525742894570497, 0.7675755710775829, 0.07965965684074894, 0.11750734313596346], [0.27486478996039704, 0.396038560013374, 0.2514679542042374, 0.07762869582199187], [0.06231869420306486, 0.3397531437469521, 0.25877100619118365, 0.3391571558587994], [0.10991008308265564, 0.2778379809932062, 0.5135788390138218, 0.09867309691031653], [0.17233763689521536, 0.519485382272032, 0.036359609722441046, 0.27181737111031157], [0.25433136448212046, 0.26113736225934625, 0.1789943916179953, 0.305536881640538], [0.0473210480650444, 0.11592547214385812, 0.7895303939874129, 0.04722308580368453], [0.09086631140581931, 0.12398768807488954, 0.03651832266423861, 0.7486276778550525], [0.27009113496462345, 0.18995883415162435, 0.31514992895455773, 0.2248001019291942], [0.03227453890338251, 0.07782169098646421, 0.8386148402738632, 0.05128892983628994], [0.7853304065293653, 0.09311219762064371, 0.020916770486074463, 0.10064062536391662], [0.23474951336307448, 0.305181055367073, 0.09189393411695414, 0.3681754971528982], [0.5525393685357036, 0.3289901698189685, 0.06027623339861522, 0.05819422824671262], [0.17116092757093126, 0.6222854963246276, 0.02620365583458265, 0.18034992026985894], [0.1077028542478278, 0.6250447611600449, 0.056453722050254423, 0.21079866254187316], [0.7780508542862038, 0.059496552166588106, 0.07930650082901802, 0.08314609271819014], [0.3242990294374397, 0.06766410552567288, 0.020439132359948396, 0.587597732676939], [0.28262212459152036, 0.2761003069923507, 0.19019160868826637, 0.25108595972786213], [0.4908343760750919, 0.11680320410744258, 0.013689484512051035, 0.37867293530541435], [0.14784530758302336, 0.25781956733936684, 0.44049274996907045, 0.15384237510853943], [0.07495916163831243, 0.5847302692541249, 0.20194900086565587, 0.13836156824190685], [0.3027059106290997, 0.10630063941320812, 0.03329011618369512, 0.5577033337739974], [0.3831442765799305, 0.1335242735997712, 0.0018685626509572634, 0.48146288716934077], [0.07747372949237266, 0.43589187405004914, 0.040265599261576024, 0.44636879719600214], [0.33161316258102536, 0.2658904488028716, 0.040918559293762424, 0.3615778293223406], [0.27871187387105417, 0.2622223143679069, 0.315436119589928, 0.14362969217111088], [0.041176143743524844, 0.201242998914256, 0.4076052311664549, 0.3499756261757645], [0.8201707361655463, 0.03898949800954488, 0.004314295667850078, 0.13652547015705876], [0.7618805703589385, 0.007126950788056107, 0.002114626932266769, 0.22887785192073887], [0.07733296951424783, 0.5324910508315109, 0.24212461091141718, 0.1480513687428242], [0.14523936496225157, 0.5225181425970132, 0.101644024131074, 0.23059846830966116], [0.8925260303804516, 0.04200004629177774, 0.02509598473628145, 0.040377938591489214], [0.2822811833312592, 0.4187859744155686, 0.0037873396685642333, 0.29514550258460825], [0.33798659558382793, 0.27294976142758504, 0.27189728559800896, 0.11716635739057821], [0.11320769687610323, 0.18826795988708614, 0.6499424002723355, 0.04858194296447502], [0.40179455228939, 0.19927133358217072, 0.10748069056708903, 0.2914534235613503], [0.08938611352467134, 0.627514251213998, 0.11542276708044784, 0.16767686818088268], [0.1437873452716333, 0.4144769512375143, 0.007078769904908999, 0.43465693358594304], [0.05872807088636124, 0.12174392071288982, 0.32999306561604436, 0.4895349427847046], [0.1489919956885831, 0.11220053575228703, 0.49575620968307504, 0.24305125887605478], [0.16884952219517685, 0.24166217848188776, 0.02655130262864447, 0.562936996694291], [0.16996972192356888, 0.2846126685245703, 0.06644569467085953, 0.47897191488100105], [0.35776833511438677, 0.23375036115435285, 0.08166729518647305, 0.3268140085447873], [0.5965859478306117, 0.01506187661072366, 0.043860088155963234, 0.3444920874027014], [0.13895054942048757, 0.32164033175532986, 0.07141868351430938, 0.4679904353098733], [0.34788507331850843, 0.3442542953113159, 0.062033712343363676, 0.24582691902681217], [0.6492171506537721, 0.18223807900893016, 0.10368260089402906, 0.06486216944326867], [0.5537194438087074, 0.07057107894214915, 0.00900494859288669, 0.36670452865625647], [0.18041457398789054, 0.5075635425973248, 0.22900634632590267, 0.08301553708888211], [0.46481341339818183, 0.3243823779327063, 0.02268834309430368, 0.18811586557480822], [0.06299580046012589, 0.5314782249078309, 0.3342650053921323, 0.07126096923991045], [0.22646912230945213, 0.15693168195733068, 0.02194861118093984, 0.5946505845522775], [0.10968377390877486, 0.17202563299013837, 0.6720690270377027, 0.046221566063384005], [0.44621291660870993, 0.09327219972682303, 0.05747159028685963, 0.4030432933776072], [0.2674430361361659, 0.362437615669051, 0.1364884310267393, 0.2336309171680436], [0.09240857151759645, 0.019451718217673965, 0.7798504104296728, 0.10828929983505697], [0.2493707510093238, 0.4961375469867327, 0.05130478188342661, 0.20318692012051737], [0.20840223928459345, 0.13411234316940146, 0.006015257356354658, 0.6514701601896503], [0.22788350598371118, 0.5421450471623942, 0.05790986296270204, 0.17206158389119258], [0.10093033530520726, 0.2527682419512403, 0.044034845087574846, 0.6022665776559778], [0.04983176887963849, 0.7155096293282068, 0.04614367128328678, 0.1885149305088681], [0.29546728335794475, 0.16973683419150087, 0.40203773597493475, 0.13275814647562004], [0.08470846674110791, 0.2789863410200716, 0.3749127149912521, 0.2613924772475686], [0.036263159692699574, 0.448618390667546, 0.41158758714291094, 0.10353086249684366], [0.1283058844418563, 0.5604307557697596, 0.2580327381378458, 0.053230621650538296], [0.03214040545942727, 0.15590212745575224, 0.068868181976255, 0.7430892851085655], [0.06543838105460081, 0.24848355909802275, 0.17044762785198755, 0.5156304319953888], [0.2122389631605863, 0.09940800036737882, 0.055605638474129686, 0.6327473979979054], [0.38182029660269695, 0.2492874210407665, 0.1727733750112682, 0.19611890734526816], [0.05896681209610783, 0.6047594504095387, 0.17268823749776563, 0.16358549999658764], [0.42666728293228434, 0.21370894246899758, 0.14606738448447815, 0.2135563901142398], [0.165325006076736, 0.39126933592178714, 0.18719136545948525, 0.25621429254199185], [0.7590832315214815, 0.016292547142209915, 0.06065494917604901, 0.16396927216025958], [0.2183504153978939, 0.11661751770569097, 0.054248549152435765, 0.6107835177439791], [0.2508460889620856, 0.27129792545752834, 0.019839768314889046, 0.4580162172654971], [0.25904889951196886, 0.3477793882633133, 0.010473657228271108, 0.382698054996447], [0.043545683294893535, 0.2608406473778472, 0.4515176876762152, 0.24409598165104407], [0.343591498724703, 0.17898099591301067, 0.2568759188072778, 0.2205515865550084], [0.07496379551731126, 0.15003333206280886, 0.05129339113344357, 0.7237094812864362], [0.30550121900571797, 0.5876620131218988, 0.014375780993192106, 0.09246098687919121], [0.04345643976612212, 0.17735987764459052, 0.08730274607527289, 0.6918809365140142], [0.3827632383384744, 0.09718006030079067, 0.02041091609802541, 0.49964578526270936], [0.1153196327018643, 0.3469876259061304, 0.231850567631347, 0.3058421737606583], [0.10281733433722241, 0.41351409231706016, 0.4121987763861239, 0.0714697969595936], [0.04641482716060314, 0.8343785874041283, 0.05232988819220596, 0.06687669724306264], [0.05905859268320783, 0.8191332678703449, 0.07464946073488227, 0.047158678711565045], [0.1257000802454558, 0.37303788448509295, 0.15386651698416187, 0.3473955182852889], [0.021916691938056586, 0.502005649588008, 0.20559066437324364, 0.27048699410069194], [0.19829905899354475, 0.18391944286141593, 0.14930662673959844, 0.46847487140544103], [0.10847321888210677, 0.7338199264578293, 0.048888393300842194, 0.10881846135922178], [0.567103004621606, 0.06197957974152131, 0.027231683240898544, 0.3436857323959744], [0.4707539100506752, 0.1120520940000781, 0.07008327785221428, 0.3471107180970326], [0.07261972902033463, 0.6074566973618515, 0.09835443652252196, 0.22156913709529152], [0.335894323678685, 0.5258386275741351, 0.007233137124918637, 0.13103391162226138], [0.4022271591148433, 0.14429806376818294, 0.19653776517657578, 0.2569370119403979], [0.1546289404179833, 0.23756540327476341, 0.3905776058263249, 0.21722805048092858], [0.021106576490723034, 0.5272261719198734, 0.1418871916434878, 0.3097800599459156], [0.08666408135553277, 0.35191870036328937, 0.25089726621650366, 0.3105199520646742], [0.16255574689022412, 0.3798583600042992, 0.11665046872179181, 0.34093542438368435], [0.4443173900884955, 0.1409084564897818, 0.029445992872120644, 0.3853281605496021], [0.08841210959722241, 0.31952889242648136, 0.5059425426405486, 0.08611645533574792], [0.3038723734522329, 0.5399264332208645, 0.04377561014170946, 0.11242558318519283], [0.8377915653716407, 0.1198842977387685, 0.005902110504425273, 0.036422026385165535], [0.4552566303581809, 0.21326269295710243, 0.13290775770354513, 0.19857291898117158], [0.5850714484105297, 0.09417264565218969, 0.0456075667713961, 0.2751483391658849], [0.0838135895811158, 0.24634789931776668, 0.12984428519865218, 0.5399942259024653], [0.6236540197123622, 0.12209973348541256, 0.10786938966838466, 0.14637685713384063], [0.16597510230356013, 0.10759107130075306, 0.6603341257772701, 0.06609970061841655], [0.12788731528456052, 0.2034981673744586, 0.029476839973566076, 0.6391376773674148], [0.505624908886956, 0.3900766724086639, 0.030202230335924316, 0.07409618836845572], [0.28149497860178807, 0.2532565268139699, 0.2690117420661593, 0.19623675251808242], [0.3296713527375723, 0.28820654265267354, 0.008833400415228395, 0.3732887041945258], [0.5041457560249994, 0.09062686384342317, 0.06990817127216858, 0.33531920885940897], [0.19976401831376006, 0.20173469400211458, 0.19836914327853042, 0.40013214440559497], [0.22279481746129734, 0.2765800360681088, 0.03598740136679764, 0.4646377451037961], [0.04579311617651312, 0.4892782939805818, 0.2023130545023799, 0.26261553534052595], [0.11036982309674627, 0.45605014783849135, 0.23057227933074242, 0.20300774973401994], [0.3690502961468745, 0.27791787419165853, 0.12706665125660935, 0.22596517840485744], [0.5804591573610682, 0.08182579318896463, 0.054360910994450534, 0.28335413845551644], [0.10855882823215325, 0.5006386572231502, 0.15953507213426918, 0.23126744241042782], [0.2797734221988063, 0.026030960145294723, 0.24338105875591406, 0.450814558899985], [0.40593552549493256, 0.3203769282488454, 0.08745731792238788, 0.18623022833383418], [0.05356004944385072, 0.3449468566204554, 0.04037557517167881, 0.5611175187640152], [0.29844110660334827, 0.3039149861809766, 0.054111902796318084, 0.34353200441935683], [0.34613690240430334, 0.3131252320496599, 0.102376612668721, 0.23836125287731605], [0.04647304598132954, 0.24481154424751542, 0.06334571321477135, 0.6453696965563835], [0.5051534705553823, 0.2623210532039832, 0.08496500857778727, 0.14756046766284706], [0.4619656596587792, 0.10388543410038543, 0.017394178541711734, 0.4167547276991237], [0.21880506328157726, 0.48600216273141555, 0.0889890837790643, 0.2062036902079432], [0.09522556080550297, 0.0960658995715723, 0.043671192551654706, 0.7650373470712704], [0.06420834458274026, 0.6807204657382039, 0.13641401530841127, 0.1186571743706444], [0.115711066987347, 0.25082675208880356, 0.20086860698048498, 0.43259357394336445], [0.20126978000208579, 0.18021513711991205, 0.15971819166630138, 0.4587968912117006], [0.1784588221190513, 0.41484982630105977, 0.095452355204332, 0.31123899637555696]]}, "rewritten": {"ids": ["97105960", "98106111", "98106560", "98106680", "98107340", "98108580", "98108970", "98109230", "99107500", "99108460", "99108580", "99109311", "99109840", "99111440", "99111620", "99112641", "99114890", "99117740", "99121440", "100108990", "100109910", "100109980", "100111080", "100111380", "100113210", "100115700", "101108460", "101109120", "101109370", "101110200", "101111990", "101112540", "101112690", "101114020", "101115190", "101121640", "102109840", "102110500", "102110850", "102113350", "102118380", "103109791", "103110220", "103111110", "103111990", "103113260", "103117461", "104111380", "104113000", "104113170", "104113210", "104113240", "104114320", "104117200", "104117630", "104118340", "104119290", "105113210", "105113480", "105115380", "105117431", "105118171", "105121190", "106113170", "106114880", "106116370", "106116441", "106116640", "106118820", "106119260", "106119990", "106120290", "106120640", "107112850", "107113180", "107113360", "107116501", "108115500", "108115570", "108115870", "108116120", "108117610", "108118520", "108118630", "108121160", "108121190", "108121351", "109113281", "109115211", "109116040", "109116441", "109116810", "109116930", "109117150", "109118231", "109120560", "109121351", "110114321", "110115710", "110115980", "110117140", "110117500", "110118630", "110120190", "110120531", "110120540", "110121170", "111116090", "111117000", "111117480", "111118810", "111118820", "111119610", "111120220", "111120280", "111120640", "112116501", "112116800", "112117660", "112118511", "112118530", "112118860", "112118930", "112120270", "112120630", "112121360", "112121430", "113117550", "113118111", "113118231", "113118820", "113119320", "113119360", "113119480", "113119700", "113120070", "113120280", "113120531", "113120830", "113121190", "113121410", "113122190"], "labels": [2, 0, 1, 1, 0, 0, 3, 1, 0, 0, 0, 1, 2, 3, 3, 1, 2, 2, 2, 2, 2, 1, 0, 3, 0, 1, 0, 1, 1, 2, 2, 2, 1, 3, 1, 2, 2, 3, 3, 3, 1, 3, 2, 3, 2, 3, 0, 3, 1, 3, 3, 2, 2, 3, 0, 2, 1, 3, 0, 1, 1, 3, 2, 0, 0, 2, 0, 3, 3, 1, 0, 2, 3, 1, 3, 0, 1, 3, 3, 3, 1, 3, 0, 1, 2, 1, 3, 0, 0, 0, 3, 3, 0, 2, 1, 1, 0, 1, 2, 1, 3, 1, 1, 3, 0, 1, 2, 3, 0, 1, 0, 0, 2, 3, 0, 0, 3, 0, 0, 1, 1, 3, 1, 0, 3, 3, 2, 3, 1, 3, 0, 1, 0, 3, 0, 2, 0, 0, 3, 1, 0, 1], "predicted_labels": [3, 2, 3, 1, 2, 3, 1, 2, 1, 1, 1, 3, 2, 1, 1, 1, 1, 0, 1, 1, 0, 1, 3, 1, 3, 3, 3, 0, 1, 1, 1, 3, 3, 0, 1, 3, 3, 3, 1, 1, 2, 0, 1, 0, 3, 1, 1, 1, 3, 1, 3, 1, 1, 1, 1, 1, 3, 3, 1, 1, 1, 0, 3, 1, 1, 0, 3, 3, 1, 3, 0, 1, 1, 1, 1, 0, 3, 1, 3, 3, 1, 3, 0, 3, 3, 1, 1, 1, 0, 3, 0, 1, 0, 1, 1, 3, 1, 1, 0, 3, 3, 1, 1, 3, 0, 1, 3, 3, 3, 3, 0, 3, 1, 0, 3, 3, 0, 3, 3, 3, 1, 3, 1, 3, 0, 3, 1, 3, 1, 3, 1, 1, 1, 3, 0, 1, 0, 3, 0, 1, 3, 1], "confidence_scores": [[0.4207548001328811, 0.08188994832360566, 0.11336900565584437, 0.38398624588766894], [0.24395650763766416, 0.0748365785553859, 0.5766659976861046, 0.10454091612084551], [0.06101078558314382, 0.3148120170190555, 0.26240236188357646, 0.36177483551422435], [0.10688871860106064, 0.4952858409635212, 0.2780991278457932, 0.11972631258962518], [0.11428262725590455, 0.11066709304227969, 0.7475545471708188, 0.027495732530997], [0.3093481835997516, 0.12112815641673579, 0.20034039147475127, 0.36918326850876115], [0.1992866702103888, 0.36750670564855825, 0.36058169963345277, 0.07262492450760012], [0.01931790397819841, 0.024374111637196327, 0.8984365572150566, 0.05787142716954865], [0.20503427429790355, 0.43720753817475366, 0.21795959518602323, 0.1397985923413194], [0.06677406187231971, 0.7835197450191695, 0.07955274749759815, 0.07015344561091273], [0.3716564640219894, 0.3282611076471813, 0.10467183914809876, 0.19541058918273047], [0.23101676892313827, 0.25118709145499496, 0.226041576351836, 0.2917545632700307], [0.13419359596791505, 0.10278904373621603, 0.6171915205219528, 0.1458258397739161], [0.15085547419783643, 0.4150284157765807, 0.05240944433438699, 0.3817066656911957], [0.263018521213133, 0.3473315150089487, 0.28730233446157116, 0.10234762931634717], [0.4211414850057011, 0.4331613166579976, 0.04568706301606283, 0.10001013532023866], [0.02743234539100625, 0.4329193910580973, 0.2753374442244082, 0.264310819326488], [0.7550650321115904, 0.052506993251378364, 0.0889442133024178, 0.10348376133461326], [0.13040633348821756, 0.2865331341559274, 0.5277196555063713, 0.05534087684948343], [0.331278254863101, 0.3884354922022924, 0.14103154059173537, 0.139254712342871], [0.3839077461168835, 0.09004013971775329, 0.3300218505713372, 0.19603026359402628], [0.1684785315677645, 0.423223394452795, 0.13382365278666516, 0.2744744211927756], [0.14722357682604922, 0.18030475106872468, 0.13341700718496732, 0.539054664920259], [0.17684055779861804, 0.21512571336391953, 0.4231455284274633, 0.18488820040999931], [0.05749698633089349, 0.2058260510692151, 0.04212534357707111, 0.6945516190228203], [0.37030825372151444, 0.08414368056172394, 0.14061445895753785, 0.4049336067592237], [0.1842786617016323, 0.13494178009551536, 0.0478130291690049, 0.6329665290338475], [0.516732674222087, 0.12118596961007946, 0.09294174234032612, 0.26913961382750756], [0.13938936968131999, 0.19888919042214118, 0.5788255145346768, 0.08289592536186163], [0.1676096986725429, 0.4648015668181703, 0.14671651551345724, 0.22087221899582965], [0.19707245561400713, 0.3322330416069798, 0.352545065658681, 0.11814943712033248], [0.2151461489953298, 0.2540230304981825, 0.1846922152028348, 0.3461386053036529], [0.17109307363862675, 0.2113593083218261, 0.21800086005448763, 0.39954675798505945], [0.4602929997089289, 0.20344947904800198, 0.06928363061556884, 0.2669738906275004], [0.23957667324021692, 0.37731625826418586, 0.17382438237619832, 0.20928268611939918], [0.11587430049469101, 0.23958062412362277, 0.113519835373749, 0.531025240007937], [0.25310592375446667, 0.24713271014594798, 0.16577455351059672, 0.33398681258898827], [0.478802867263114, 0.0776190230893893, 0.05170772993212922, 0.39187037971536737], [0.11451239864107997, 0.44067989640899646, 0.2657754481258186, 0.17903225682410487], [0.15349522362188364, 0.5575437049033114, 0.11169379511286201, 0.17726727636194284], [0.10912640424099768, 0.10720664516972662, 0.6055863210059398, 0.17808062958333587], [0.5685081908480021, 0.21329773725478537, 0.07523792375257819, 0.14295614814463461], [0.11783899825526963, 0.35846512923010465, 0.23589390425429882, 0.287801968260327], [0.5393453932007799, 0.14056670539668212, 0.06617100537315207, 0.2539168960293862], [0.14698051016633673, 0.12753875604207174, 0.1376023008043883, 0.5878784329872031], [0.09041319799787219, 0.4692103399241029, 0.033974072630938955, 0.40640238944708595], [0.15923019134360514, 0.7566465086825489, 0.020524944589012405, 0.0635983553848339], [0.2583379251811029, 0.5297346408916704, 0.03973383522085217, 0.17219359870637435], [0.4168848368925521, 0.18935522981632116, 0.08151607042937505, 0.31224386286175176], [0.35720014054823296, 0.38085177530491404, 0.07191566679503336, 0.19003241735181944], [0.2351209643211806, 0.28216267443091664, 0.06679165610667677, 0.41592470514122576], [0.08588751352394756, 0.8079103086314294, 0.055608072272994656, 0.05059410557162849], [0.19649315738399284, 0.49361385021045207, 0.10681295288445941, 0.20308003952109543], [0.23913829482172813, 0.46189078801596156, 0.11013464874665027, 0.18883626841565984], [0.31645368297669213, 0.360418072401492, 0.1356121277904522, 0.1875161168313637], [0.027643296594958424, 0.5322089203968858, 0.22391081774827332, 0.2162369652598825], [0.22757010618910165, 0.23427776904595715, 0.07691073485432615, 0.4612413899106151], [0.4693360553741355, 0.16514975515491598, 0.028104565209368503, 0.3374096242615799], [0.34150358573432826, 0.4944854914134653, 0.09679347814761982, 0.0672174447045868], [0.048231600914255615, 0.49236717401893604, 0.29678192399190717, 0.1626193010749011], [0.2103929818536826, 0.1874429459410344, 0.49380526838351146, 0.1083588038217716], [0.5957213472452791, 0.19967287894463945, 0.06973088936347191, 0.1348748844466094], [0.08438731936864267, 0.2391909167967166, 0.2640278679478099, 0.4123938958868306], [0.15220692329562427, 0.6825954775753348, 0.008539777274751068, 0.15665782185428953], [0.1700746605124688, 0.4411250862974434, 0.25694020200526735, 0.1318600511848204], [0.8357192069254553, 0.012740088230202786, 0.024000438314490558, 0.12754026652985115], [0.10318586247304734, 0.24402017378803592, 0.037827695492460386, 0.6149662682464563], [0.4005651957339818, 0.20656079339668562, 0.039299596263718255, 0.35357441460561445], [0.028416843877196826, 0.7648474119077061, 0.1271285529649272, 0.07960719125016984], [0.3306830031444805, 0.022338797708133348, 0.23130948716597252, 0.4156687119814135], [0.4454541838841791, 0.21886800315391286, 0.2009419222741922, 0.13473589068771585], [0.10326354911667006, 0.5824979280371019, 0.12181226472761575, 0.19242625811861203], [0.06283452754711737, 0.8111739617635844, 0.06124346661130263, 0.06474804407799539], [0.05913170006065812, 0.5119367270773885, 0.27411120725673827, 0.15482036560521528], [0.036893094275405935, 0.5826649773652088, 0.10856765887940595, 0.271874269479979], [0.6993355119747308, 0.21942587410404082, 0.006746547439650766, 0.07449206648157773], [0.13111417815508675, 0.24074088178331515, 0.05052697995903963, 0.5776179601025581], [0.16766162906517618, 0.7172137648485766, 0.014084807641599653, 0.10103979844464762], [0.09563966107316249, 0.22098494145526235, 0.4418624885413969, 0.24151290893017838], [0.5146194503708653, 0.07323055031143509, 0.05430807649197156, 0.3578419228257277], [0.1299982042247223, 0.43559119044435124, 0.07597098001025702, 0.35843962532066914], [0.09694669559683629, 0.3236811032816592, 0.1731768187839621, 0.4061953823375423], [0.7356267389534782, 0.061930364447146016, 0.028802953001980183, 0.17363994359739562], [0.09491649013429344, 0.1909054096206625, 0.27958668369442563, 0.4345914165506184], [0.11544187647580265, 0.2988589117658919, 0.04722603342386396, 0.538473178334442], [0.10596688559589951, 0.34086087951661354, 0.40606743007077256, 0.14710480481671434], [0.3294591061517538, 0.40557510901241284, 0.05973661039491033, 0.20522917444092278], [0.32162699476192835, 0.3560296357531614, 0.13614619156508573, 0.18619717791982487], [0.5388113671788146, 0.1979474267171409, 0.15736348715313409, 0.10587771895091015], [0.15596275352236075, 0.19876394955345286, 0.05797541254532661, 0.5872978843788599], [0.5957342441115838, 0.0788495021027645, 0.0016335716937898122, 0.3237826820918618], [0.3004794998749293, 0.40501461062132293, 0.003605174296485813, 0.29090071520726213], [0.8944713962573824, 0.04840688690873854, 0.017417869802199542, 0.03970384703167959], [0.06990738487552886, 0.553152179688555, 0.3041669087356071, 0.07277352670030933], [0.12142686875637519, 0.7794206687892289, 0.06915305041103836, 0.029999412043357362], [0.3880766545709932, 0.06371537184496515, 0.09848625304210262, 0.44972172054193876], [0.4117340658025742, 0.3442616928125924, 0.07406008748773123, 0.16994415389710224], [0.3818662872238936, 0.41842816992605636, 0.039738035453811764, 0.1599675073962382], [0.44581103424211993, 0.12449075061211264, 0.22360226523423707, 0.2060959499115304], [0.42261336667908656, 0.11710478300341391, 0.13077341989280272, 0.3295084304246968], [0.37640982277915375, 0.19990201278143668, 0.03429932840206192, 0.3893888360373477], [0.44339282264720026, 0.32028989329704766, 0.014923634755579517, 0.2213936493001725], [0.24758815817445162, 0.40413892106041716, 0.07583924882381136, 0.2724336719413197], [0.0364353962482592, 0.26358744047229166, 0.1872450762435576, 0.5127320870358916], [0.7608328597015408, 0.17241135568496588, 0.017617290835460084, 0.04913849377803308], [0.09997368121800987, 0.49188200279072736, 0.21860139815813304, 0.18954291783312974], [0.11231193989464335, 0.20708779919685538, 0.0606013348313574, 0.6199989260771434], [0.46624686241213215, 0.09814344431011053, 0.027273192403948335, 0.408336500873809], [0.12612424814976966, 0.2501645481058691, 0.2372950815592157, 0.3864161221851457], [0.0984636419319273, 0.38725488398444347, 0.08185199786737886, 0.4324294762162506], [0.5925317785904947, 0.10048062063434755, 0.04483155285183679, 0.26215604792332126], [0.5000819028978905, 0.08806609647985575, 0.008051011947485127, 0.4038009886747687], [0.2867435921061289, 0.43010889691725634, 0.18356333095161045, 0.09958418002500442], [0.6849136191607655, 0.2235257671691704, 0.0625935378116796, 0.028967075858384702], [0.34728028731538035, 0.07734543641626884, 0.009456550963585691, 0.5659177253047654], [0.2404536217521197, 0.21249965047232955, 0.16479881828932183, 0.3822479094862293], [0.6922742403857777, 0.06709070330911295, 0.005744218810043759, 0.23489083749506579], [0.10329859335794103, 0.3428911558180757, 0.10401005578389164, 0.44980019504009183], [0.2119772038629158, 0.16378881777465726, 0.032277371628007756, 0.5919566067344194], [0.1091456384593516, 0.07429056523137328, 0.6042004610683697, 0.21236333524090542], [0.0895059599808966, 0.4875535661639369, 0.2756078144507395, 0.14733265940442689], [0.07376434206494763, 0.24518684756198053, 0.13376980947026765, 0.5472790009028048], [0.13873771579082397, 0.6044767896362694, 0.060656957917752455, 0.1961285366551543], [0.22635733306006647, 0.20369855910005324, 0.028560289950561427, 0.5413838178893188], [0.6275480189507485, 0.11431833353920527, 0.005518956885663835, 0.2526146906243825], [0.20840586952624332, 0.1312670990550904, 0.12733867685756003, 0.5329883545611065], [0.17872346879552073, 0.356713858927387, 0.2613397265103176, 0.20322294576677485], [0.13355640342571182, 0.10512953926391694, 0.11372473350751107, 0.6475893238028606], [0.20689646306330214, 0.3935072356819171, 0.013560987652810875, 0.38603531360197035], [0.13530222507157771, 0.19346904736130419, 0.24735157403027327, 0.42387715353684496], [0.3639225530695532, 0.4873950191278042, 0.011001869433905596, 0.13768055836873716], [0.10514292022295181, 0.5352661493225254, 0.055897936716947795, 0.30369299373757486], [0.1302786584109375, 0.5728619832635727, 0.02181392597626781, 0.2750454323492217], [0.48013320304219476, 0.0956404161454823, 0.031237159687932208, 0.3929892211243907], [0.4507047941719585, 0.27287784805645515, 0.16706708160526798, 0.10935027616631841], [0.06757772347458642, 0.6453326523418561, 0.11050393166531301, 0.1765856925182441], [0.6362356321582168, 0.015231663090530274, 0.007148198512599861, 0.34138450623865324], [0.3730819328749198, 0.23093563440046075, 0.055499344717031385, 0.3404830880075879], [0.3433509150442737, 0.06634168920922943, 0.4790284082404806, 0.11127898750601614], [0.18053459973775327, 0.7403399370230126, 0.037070158556950894, 0.042055304682283384], [0.24390106527437805, 0.28489327990554686, 0.009511199217059499, 0.4616944556030154], [0.09226446137052462, 0.5326827412291654, 0.17334867395046158, 0.20170412344984803]]}}