{"test": {"ids": ["112119980", "107114621", "107120880", "112118421", "107120260", "98109090", "99111440", "112119580", "113119360", "106113830", "99114890", "106116820", "112117571", "110118161", "101112540", "109114720", "107115250", "106119990", "106113260", "105115900", "105115380", "98116090", "111115770", "99112531", "110118930", "107114140", "102109850", "112120640", "103111930", "108117360", "102110690", "112121360", "97107821", "99109840", "100109890", "111120540", "111120320", "107113200", "110121170", "111116530", "104112470", "99111340", "102107961", "113120531", "103110100", "103113210", "109116810", "107117010", "113119950", "100108080", "108120621", "106116441", "97105760", "112118530", "109118701", "102112030", "108113480", "109114220", "111120190", "111115620", "109117600", "110115120", "110114720", "112118550", "106119580", "110121500", "106116640", "112119120", "113118870", "110118810", "109113931", "111114941", "103111110", "109116930", "100109000", "112116401", "97106000", "113121810", "107114780", "97106820", "112118820", "113118111", "111119290", "101111310", "106118820", "100111620", "111117200", "109119450", "101109000", "102116500", "104111990", "109117630", "108120060", "112118880", "99110050", "112120290", "97113260", "109117271", "107116340", "109117431", "110119300", "110114920", "102110050", "109115070", "110120700", "112119930", "99107950", "98108370", "109115211", "113121980", "112121410", "111118810", "101108500", "99108520", "108113620", "97110950", "102110850", "97109570", "108118291", "103111620", "105116860", "103118291", "101116130", "102109010", "108121160", "106116120", "101112690", "103117200", "99109370", "97107950", "109121640", "102110750", "111117571", "97106591", "109115220", "112117780", "98113881", "100112060", "100108490", "112117431", "105116501", "104111380"], "labels": [0, 0, 1, 3, 1, 1, 3, 3, 0, 1, 2, 1, 3, 0, 2, 0, 2, 0, 3, 3, 1, 0, 3, 3, 1, 2, 1, 0, 3, 1, 0, 3, 2, 2, 3, 1, 1, 0, 2, 3, 1, 1, 3, 0, 1, 3, 3, 1, 0, 0, 1, 0, 0, 1, 3, 2, 0, 3, 3, 1, 1, 0, 3, 3, 3, 3, 3, 1, 0, 1, 1, 0, 3, 0, 1, 0, 0, 2, 2, 1, 0, 1, 3, 3, 3, 3, 0, 3, 1, 1, 2, 0, 1, 1, 3, 1, 1, 0, 3, 1, 1, 3, 3, 0, 2, 1, 1, 1, 0, 2, 0, 0, 3, 2, 3, 3, 3, 0, 3, 0, 2, 0, 2, 1, 2, 1, 1, 0, 1, 2, 0, 1, 3, 1, 3, 0, 3, 2, 2, 0, 1, 3], "predicted_labels": [3, 0, 3, 3, 1, 3, 2, 3, 1, 3, 1, 0, 1, 1, 3, 1, 1, 1, 1, 3, 1, 1, 3, 3, 1, 1, 1, 1, 1, 2, 1, 0, 1, 1, 1, 1, 1, 3, 1, 1, 1, 2, 1, 1, 3, 1, 3, 3, 3, 1, 1, 1, 3, 1, 3, 3, 1, 1, 1, 1, 1, 1, 2, 3, 1, 1, 3, 3, 3, 3, 1, 3, 1, 3, 0, 0, 3, 1, 1, 3, 1, 3, 3, 1, 3, 1, 3, 3, 3, 0, 1, 1, 1, 1, 1, 2, 3, 3, 1, 1, 1, 3, 1, 1, 1, 1, 1, 2, 3, 3, 1, 0, 1, 1, 1, 1, 1, 3, 3, 1, 1, 1, 0, 1, 1, 3, 1, 1, 1, 1, 3, 1, 1, 1, 3, 3, 1, 1, 3, 1, 0, 3], "confidence_scores": [[0.19494623432123445, 0.2769762765012767, 0.13740735930735928, 0.39067012987012995], [0.3031264069264069, 0.2533518981018982, 0.1554549284049285, 0.2880667665667666], [0.23049244644244654, 0.2786724553224554, 0.18595505050505062, 0.30488004773004784], [0.29643474858474855, 0.23701464091464108, 0.16455328429740204, 0.3019973262032087], [0.2886108574432103, 0.3157436480186482, 0.17272184873949598, 0.22292364579864588], [0.21016875901875912, 0.25624317822700177, 0.24728409090909104, 0.2863039718451484], [0.23173323343323346, 0.2557624653124654, 0.257547446997447, 0.2549568542568544], [0.19257698853434155, 0.30166762126762114, 0.2026020463196935, 0.3031533438783441], [0.26743878898878903, 0.28826519591519584, 0.16951441336441345, 0.27478160173160177], [0.2283580530580532, 0.2533750832500834, 0.18209893521511178, 0.3361679284767519], [0.17803578921078922, 0.29354788544788546, 0.27994105616605613, 0.24847526917526921], [0.2817381967705498, 0.2763409229659231, 0.19591698693463402, 0.24600389332889344], [0.2459120562444093, 0.30945373515373503, 0.177907651825299, 0.266726556776557], [0.27519294871794875, 0.3079291863365392, 0.1380600866453809, 0.2788177783001312], [0.23137125652125656, 0.23245577200577192, 0.2119536796536797, 0.3242192918192918], [0.1788090631590632, 0.2833372377622378, 0.25920150911180345, 0.27865218996689584], [0.22366940836940846, 0.31306621156621156, 0.2600513764013766, 0.20321300366300368], [0.21257911532911541, 0.3032623459873459, 0.18182082917082926, 0.3023377095127097], [0.2441168661403957, 0.3259498938969527, 0.2090502419149479, 0.220882998047704], [0.18790946830946845, 0.2721457320457319, 0.2493291228379464, 0.29061567680685346], [0.22582492507492508, 0.29170717893217907, 0.22435909090909092, 0.2581088050838051], [0.2264624680874682, 0.3096674896998426, 0.23990209463738896, 0.22396794757530059], [0.22467564380064395, 0.25243256188256197, 0.1838225441225442, 0.33906925019425], [0.235196103896104, 0.2808275974025972, 0.18814112554112564, 0.29583517316017327], [0.2425894161394162, 0.3056941336441337, 0.1930731379731381, 0.25864331224331233], [0.24327101787101785, 0.32982186147186165, 0.18274016539016552, 0.24416695526695537], [0.22543549783549785, 0.30413562826062834, 0.24626199078699093, 0.22416688311688307], [0.24619734709734722, 0.2766422743922746, 0.22682599622599642, 0.2503343822843824], [0.26504201354201373, 0.2881357864357866, 0.22067489732489742, 0.22614730269730277], [0.19307515066632713, 0.2668036153389095, 0.2807574921810217, 0.25936374181374194], [0.2393999195249196, 0.3138007936507938, 0.1592921800421802, 0.2875071067821067], [0.3020767649017649, 0.2824458569208569, 0.1746985070485072, 0.2407788711288711], [0.2796032634032634, 0.3014495448995448, 0.18385678765678773, 0.2350904040404041], [0.18694966699966709, 0.2964926906426906, 0.261153651903652, 0.25540399045399054], [0.25434887334887346, 0.2903004773004774, 0.20530591630591644, 0.2500447330447331], [0.21276323121323132, 0.29238636363636344, 0.24798876123876124, 0.24686164391164403], [0.2370704822954824, 0.294625974025974, 0.2090270895770897, 0.2592764541014543], [0.25317670940170955, 0.2454112054612054, 0.1868918831168832, 0.3145202020202022], [0.2014574572486338, 0.29839650023179415, 0.2436027358262653, 0.2565433066933067], [0.22868253968253976, 0.3565901967313734, 0.1927615237703474, 0.22196573981573992], [0.20378172383172385, 0.2991741480741482, 0.257342490842491, 0.23970163725163732], [0.22539667554667558, 0.26050723720723723, 0.2643590243090245, 0.24973706293706302], [0.22957546897546902, 0.29562845487845507, 0.24634006549006568, 0.22845601065601084], [0.20428354978354996, 0.29541318126318145, 0.2203489954489957, 0.2799542735042735], [0.2600844405594407, 0.24765354367854375, 0.19910767565767573, 0.29315434010434016], [0.25907472249972247, 0.30595670995671, 0.20830089077589078, 0.22666767676767688], [0.25610239760239756, 0.2543117493617494, 0.2257164668664669, 0.2638693861693864], [0.1649049422799422, 0.22706919191919192, 0.2363046675546676, 0.3717211982461982], [0.2620387168387169, 0.26335278610278623, 0.17552738927738937, 0.2990811077811078], [0.2314556637806638, 0.3218936147186147, 0.17192699326816982, 0.27472372823255187], [0.273168181818182, 0.29099629259629256, 0.1843491341991344, 0.25148639138639156], [0.252508585858586, 0.3102765345765346, 0.15671748806748814, 0.2804973914973915], [0.20410700965700965, 0.26289595404595406, 0.23684624264624263, 0.29615079365079383], [0.22727872960372975, 0.33438134088134075, 0.22916284548784557, 0.20917708402708424], [0.22684004884004896, 0.28124831508360915, 0.19585407925407933, 0.2960575568222628], [0.24499832553067863, 0.25798898323898334, 0.2356927778104249, 0.2613199134199133], [0.2783915084915084, 0.2899151265401266, 0.18091084471084481, 0.2507825202575204], [0.25189749694749697, 0.2845646028807794, 0.20352415558297923, 0.2600137445887445], [0.217418636918637, 0.33125179265179266, 0.19217912087912095, 0.2591504495504497], [0.232669632328456, 0.2954576384399913, 0.210908811776459, 0.26096391745509406], [0.26071494061494077, 0.27874427239427246, 0.19383754023754024, 0.26670324675324686], [0.221211138861139, 0.3189440503940505, 0.16071958041958045, 0.2991252303252304], [0.20983206793206793, 0.2936255688755689, 0.2997888931330107, 0.19675347005935248], [0.22356060606060624, 0.27854153069153076, 0.16544681984681997, 0.3324510434010433], [0.23234747474747483, 0.33476834831834834, 0.1667044955044956, 0.26617968142968157], [0.2697272616272617, 0.3260287656787659, 0.17559363969363975, 0.22865033300033294], [0.2403532523032525, 0.24493638028638046, 0.1812825550266727, 0.33342781238369484], [0.2408450854700856, 0.24093464313464324, 0.2179674991674993, 0.3002527722277723], [0.2019613700025465, 0.31681803425332833, 0.15562723355076302, 0.3255933621933621], [0.225069882894883, 0.24125242535242544, 0.215549422799423, 0.31812826895326884], [0.20772919857919864, 0.31494579309579324, 0.18093985458985462, 0.29638515373515373], [0.27073795093795106, 0.261578404928405, 0.17940140692640702, 0.2882822372072372], [0.2166232350982351, 0.3025933122433125, 0.21431307026307034, 0.2664703823953825], [0.23338945221445237, 0.24805624098124104, 0.23044639249639262, 0.2881079143079144], [0.271744377844378, 0.2625447718947719, 0.22369448329448352, 0.24201636696636697], [0.42877886002885973, 0.1749126262626263, 0.1418090187590188, 0.254499494949495], [0.18165924908424919, 0.2743774392274394, 0.21813171828171835, 0.32583159340659346], [0.21769288489288494, 0.30808767343767346, 0.2615122988122989, 0.21270714285714296], [0.2508263431013432, 0.28341993006993, 0.22213616661116675, 0.24361756021756023], [0.29023356920856924, 0.22395682095682107, 0.1874097791097792, 0.29839983072483073], [0.24057464202464204, 0.285847324897325, 0.19108236763236774, 0.2824956654456657], [0.2295751581751582, 0.25625944055944055, 0.19881423021423034, 0.31535117105117105], [0.15326450493950503, 0.265509731934732, 0.21159083416583424, 0.36963492895992917], [0.2581856310356311, 0.3111135642135644, 0.16453850593850597, 0.26616229881229897], [0.22404581529581544, 0.2873273892773894, 0.19339180264180278, 0.29523499278499293], [0.27244548784548794, 0.2796944666444667, 0.2074022810522812, 0.24045776445776448], [0.2230331723831725, 0.2724448495948495, 0.21338788433788444, 0.2911340936840938], [0.18970660173160173, 0.26227337662337663, 0.2224742424242425, 0.32554577922077915], [0.24405680430680443, 0.23141435035552696, 0.24669208765091127, 0.27783675768675786], [0.28548417693417694, 0.25893594738594744, 0.2264213841713843, 0.22915849150849155], [0.2841490925740928, 0.2904331668331669, 0.20093797591297602, 0.2244797646797648], [0.22882646242646248, 0.3213144815968343, 0.22130353763883187, 0.22855551833787138], [0.22595423465423475, 0.3497942945942945, 0.2216784493284494, 0.2025730214230215], [0.2250645354645355, 0.2607152042402043, 0.2575484265734265, 0.2566718337218338], [0.18952017982017993, 0.2854463203463203, 0.25246707736707746, 0.2725664224664226], [0.23915246142746163, 0.23875774225774232, 0.2849837856587858, 0.23710601065601078], [0.262276085026085, 0.22412907092907114, 0.21331584526584546, 0.3002789987789989], [0.21528107448107453, 0.260939543789544, 0.18134375265257627, 0.34243562907680564], [0.27130877455877467, 0.27854161557396867, 0.18029160675925396, 0.2698580031080032], [0.19408808136308148, 0.3334586996336996, 0.22137649295149295, 0.25107672605172615], [0.26019274614274623, 0.29537638472638467, 0.18860819180819186, 0.25582267732267744], [0.21430092130092132, 0.28481341599576904, 0.17980313803843226, 0.32108252466487774], [0.23000564435564438, 0.28986818181818175, 0.2149415306915308, 0.2651846431346433], [0.19518940226440232, 0.3808960650460649, 0.1945124680874681, 0.2294020646020646], [0.2582493625655391, 0.29716851710381115, 0.200564124437654, 0.24401799589299594], [0.18999569874569866, 0.3036536519036519, 0.2296156275097452, 0.2767350218409043], [0.2149210622710624, 0.29953696858696843, 0.23800406815406824, 0.24753790098790107], [0.20677878787878798, 0.2611087928411458, 0.28116821903586625, 0.25094420024420017], [0.19702769452769472, 0.2836317404817405, 0.18249060384060398, 0.3368499611499612], [0.18972810800310805, 0.25908487068487074, 0.1874347763347765, 0.3637522449772447], [0.27318157953157945, 0.27450772005772006, 0.18755160950160946, 0.26475909090909094], [0.30519997779997776, 0.2713465589965591, 0.15441839826839826, 0.26903506493506496], [0.20807937062937062, 0.32620051337551326, 0.20070862470862486, 0.2650114912864914], [0.24342407037407043, 0.2895550389153332, 0.2305567099567101, 0.2364641807538867], [0.18945932400932408, 0.32933192363192365, 0.20945033855033857, 0.27175841380841387], [0.26497216672216684, 0.27210980130980134, 0.21717808857808868, 0.2457399433899434], [0.22079195804195792, 0.2914308774558774, 0.26776726884226887, 0.2200098956598957], [0.22654121989122006, 0.2589973970473971, 0.21677577422577435, 0.29768560883560896], [0.2791985014985014, 0.23376351426351435, 0.19398580732992518, 0.2930521769080593], [0.23608538128538137, 0.296239876789877, 0.25280716505716516, 0.21486757686757696], [0.24709128649128653, 0.298966470457647, 0.20391099651982023, 0.2500312465312466], [0.23621824009324013, 0.289871114996115, 0.1958410034410035, 0.27806964146964164], [0.2666203463203465, 0.23383885918003572, 0.25814548425430794, 0.24139531024531036], [0.2280392995892997, 0.28248412698412706, 0.21140062160062167, 0.2780759518259521], [0.23405601065601078, 0.30045136252636245, 0.19950736126618496, 0.26598526555144214], [0.20856706071706077, 0.2884918192918192, 0.2125566100566102, 0.29038450993450987], [0.23224645077145092, 0.28404287934287925, 0.22471653624153634, 0.2589941336441337], [0.25555692085692094, 0.31027432012432005, 0.1448856310356311, 0.28928312798312805], [0.25993170995671006, 0.28093565046065055, 0.19217387612387624, 0.2669587634587636], [0.25744577922077916, 0.2675121600621601, 0.21854809912309933, 0.2564939615939617], [0.24545618825618828, 0.2776765234765235, 0.19142197802197813, 0.2854453102453103], [0.22461256798756812, 0.3167001970251971, 0.25839193029193036, 0.2002953046953047], [0.28206500721500744, 0.31858488455988465, 0.1665974386724387, 0.23275266955266968], [0.24690974025974038, 0.30424647852147846, 0.23901709956709974, 0.20982668165168158], [0.20091913641913647, 0.206272629004982, 0.18363891337420762, 0.409169321201674], [0.2720870296370298, 0.24446157731157744, 0.1949353757353759, 0.2885160173160174], [0.26014758852258857, 0.285629107004107, 0.21347410922410925, 0.2407491952491954], [0.24469492174492177, 0.280355685980686, 0.24528381618381628, 0.22966557609057614], [0.2471324536574538, 0.258989221889222, 0.1999545926295928, 0.2939237318237317], [0.228890281940282, 0.28607888777888785, 0.20045983460983471, 0.28457099567099575], [0.2900155039405039, 0.2763426739926741, 0.163216416916417, 0.27042540515040525], [0.2407271561771563, 0.2657046953046953, 0.19909809634809636, 0.29447005217005207]]}, "rewritten": {"ids": ["97105760", "97106000", "97106591", "97106820", "97107821", "97107950", "97109570", "97110950", "97113260", "98108370", "98109090", "98113881", "98116090", "99107950", "99108520", "99109370", "99109840", "99110050", "99111340", "99111440", "99112531", "99114890", "100108080", "100108490", "100109000", "100109890", "100111620", "100112060", "101108500", "101109000", "101111310", "101112540", "101112690", "101116130", "102107961", "102109010", "102109850", "102110050", "102110690", "102110750", "102110850", "102112030", "102116500", "103110100", "103111110", "103111620", "103111930", "103113210", "103117200", "103118291", "104111380", "104111990", "104112470", "105115380", "105115900", "105116501", "105116860", "106113260", "106113830", "106116120", "106116441", "106116640", "106116820", "106118820", "106119580", "106119990", "107113200", "107114140", "107114621", "107114780", "107115250", "107116340", "107117010", "107120260", "107120880", "108113480", "108113620", "108117360", "108118291", "108120060", "108120621", "108121160", "109113931", "109114220", "109114720", "109115070", "109115211", "109115220", "109116810", "109116930", "109117271", "109117431", "109117600", "109117630", "109118701", "109119450", "109121640", "110114720", "110114920", "110115120", "110118161", "110118810", "110118930", "110119300", "110120700", "110121170", "110121500", "111114941", "111115620", "111115770", "111116530", "111117200", "111117571", "111118810", "111119290", "111120190", "111120320", "111120540", "112116401", "112117431", "112117571", "112117780", "112118421", "112118530", "112118550", "112118820", "112118880", "112119120", "112119580", "112119930", "112119980", "112120290", "112120640", "112121360", "112121410", "113118111", "113118870", "113119360", "113119950", "113120531", "113121810", "113121980"], "labels": [0, 0, 1, 1, 2, 2, 0, 3, 1, 1, 1, 3, 0, 1, 2, 1, 2, 3, 1, 3, 3, 2, 0, 2, 1, 3, 3, 2, 3, 1, 3, 2, 1, 2, 3, 1, 1, 3, 0, 1, 3, 2, 1, 1, 3, 0, 3, 3, 0, 0, 3, 2, 1, 1, 3, 1, 2, 3, 1, 1, 0, 3, 1, 3, 3, 0, 0, 2, 0, 2, 2, 3, 1, 1, 1, 0, 3, 1, 3, 1, 1, 2, 1, 3, 0, 0, 0, 3, 3, 0, 0, 1, 1, 0, 3, 3, 0, 3, 3, 0, 0, 1, 1, 1, 2, 2, 3, 0, 1, 3, 3, 0, 3, 0, 3, 3, 1, 1, 0, 0, 3, 0, 3, 1, 3, 0, 1, 1, 3, 1, 0, 1, 0, 3, 0, 1, 0, 0, 0, 0, 2, 2], "predicted_labels": [3, 3, 1, 1, 0, 3, 1, 1, 3, 2, 3, 0, 3, 2, 2, 3, 2, 3, 1, 3, 3, 1, 1, 0, 1, 0, 0, 0, 3, 3, 3, 1, 1, 3, 1, 1, 1, 2, 1, 1, 2, 0, 0, 0, 3, 1, 0, 1, 3, 3, 1, 1, 3, 1, 1, 1, 1, 0, 3, 1, 1, 3, 0, 3, 1, 1, 3, 1, 3, 3, 1, 1, 3, 1, 3, 3, 1, 3, 3, 1, 3, 1, 1, 1, 1, 1, 3, 3, 1, 0, 3, 1, 0, 1, 3, 3, 3, 2, 3, 1, 1, 3, 0, 1, 1, 3, 1, 3, 1, 3, 1, 1, 0, 1, 3, 3, 3, 3, 0, 1, 3, 1, 0, 1, 3, 1, 3, 0, 3, 1, 3, 2, 1, 0, 3, 3, 3, 1, 3, 3, 2, 3], "confidence_scores": [[0.2243322177822178, 0.24192603507603522, 0.21973451548451559, 0.31400723165723166], [0.21107371517371531, 0.2595097307920839, 0.2448110151286623, 0.28460553890553897], [0.26187799145299157, 0.28335919358419354, 0.2120022977022979, 0.2427605172605173], [0.2213672105672106, 0.28676448828948825, 0.20603102453102468, 0.28583727661227676], [0.31133873348873364, 0.26633510933510945, 0.17573475413475417, 0.24659140304140303], [0.2505580863580864, 0.2479331557331557, 0.23654562104562124, 0.2649631368631369], [0.2751448495948497, 0.28710675990676, 0.17719733599733611, 0.26055105450105454], [0.23404725274725277, 0.3060017232767233, 0.19547200854700847, 0.2644790154290154], [0.26379990009990006, 0.24143687423687435, 0.215304256854257, 0.279458968808969], [0.21367097347097352, 0.2779479464979466, 0.2913476967476967, 0.21703338328338337], [0.23410276390276397, 0.23375343545343558, 0.25585237540237543, 0.2762914252414253], [0.3304868992118991, 0.24285243090243103, 0.1898025585525586, 0.23685811133311152], [0.24908878066378076, 0.24778041958041977, 0.24923188200688223, 0.2538989177489178], [0.18858541458541464, 0.2822829725829725, 0.3059478410478412, 0.22318377178377177], [0.2462946137196138, 0.23485713730713736, 0.2858438117438118, 0.2330044372294371], [0.2694777555777556, 0.2593081501831503, 0.18024593184593202, 0.29096816239316264], [0.1769525752025753, 0.2458742646242647, 0.29639647574647576, 0.2807766844266846], [0.21569529359529363, 0.26470689865689867, 0.23309212454212452, 0.2865056832056833], [0.24687960095460112, 0.27683136863136865, 0.23047255799755814, 0.24581647241647248], [0.25512977022977035, 0.2563916028416028, 0.228709201909202, 0.259769425019425], [0.2955260461760462, 0.22365779775779782, 0.18215446220446221, 0.2986616938616938], [0.17123448773448782, 0.28750966810966805, 0.2832021645021646, 0.25805367965367976], [0.2582095127095127, 0.3171454045954045, 0.14923290043290047, 0.2754121822621824], [0.2996408896658896, 0.2638777833277834, 0.18339267676767693, 0.2530886502386503], [0.256503651903652, 0.3054750106103047, 0.22964726384726383, 0.20837407363877955], [0.31215478410478414, 0.2550550671550672, 0.1986850871350872, 0.23410506160506164], [0.2643891441891443, 0.2641031468531471, 0.21181445221445233, 0.2596932567432569], [0.2924705533029063, 0.27249200244200267, 0.1995680858357329, 0.23546935841935857], [0.24658909032144335, 0.27563021423021444, 0.1863999151175623, 0.29138078033078035], [0.22485366022866038, 0.2402972721722722, 0.24436874236874248, 0.29048032523032524], [0.27856863691863704, 0.2453012543012544, 0.18092738927738933, 0.29520271950271953], [0.22604499111999127, 0.2847673326673325, 0.23009595682095704, 0.25909171939171954], [0.22886384726384731, 0.3142153790653791, 0.21556517371517375, 0.24135559995560002], [0.23592508602508622, 0.24999637307137312, 0.2342457320457321, 0.27983280885780887], [0.27088368298368304, 0.29476253746253733, 0.23019226329226322, 0.20416151626151635], [0.22306940836940847, 0.28874408924408923, 0.23115891885891898, 0.2570275835275837], [0.19528894438894445, 0.32175860250860244, 0.24491738261738266, 0.23803507048507072], [0.2515818875568877, 0.24758464590964596, 0.2658412198912199, 0.23499224664224666], [0.28027491397491405, 0.29937950382950373, 0.17787992562992563, 0.24246565656565655], [0.23542700910200925, 0.30695538628038643, 0.24336660561660578, 0.21425099900099903], [0.23062572705072706, 0.24887017427017424, 0.28501118603618614, 0.23549291264291286], [0.26952830780330783, 0.25835552503052517, 0.2122443223443224, 0.2598718448218449], [0.270198001998002, 0.24902352647352644, 0.211550823359647, 0.26922764816882466], [0.2799822566322567, 0.2653604478854477, 0.1866551448551449, 0.268002150627151], [0.22833330003330005, 0.27086221001221, 0.2253586960425198, 0.27544579391197044], [0.22761354201354217, 0.3068598124098124, 0.23515307470307484, 0.23037357087357085], [0.3015878066378066, 0.25356519036519054, 0.20322448662448664, 0.24162251637251655], [0.22081846486846485, 0.30031784881784884, 0.2257633644133645, 0.253100321900322], [0.28214256854256853, 0.2429941408264939, 0.1606229016081958, 0.3142403890227418], [0.26522642357642373, 0.2269460095460096, 0.23017764457764464, 0.27764992229992247], [0.2605274170274171, 0.2912017538017538, 0.19241296481296483, 0.25585786435786445], [0.23094271839271843, 0.29152101787101786, 0.2506930236430239, 0.22684324009324014], [0.20568156843156854, 0.255023015873016, 0.2402294871794873, 0.29906592851592867], [0.20543024753024752, 0.3276662726162726, 0.19426474636474636, 0.27263873348873363], [0.23863286435786438, 0.28314286269286276, 0.22532799700299708, 0.252896275946276], [0.29107619047619054, 0.2972577200577201, 0.1416571067821068, 0.2700089826839827], [0.2462653846153847, 0.30139292929292916, 0.21348946608946626, 0.23885222000222], [0.2974009601509602, 0.29132741702741716, 0.15239657009657023, 0.2588750527250529], [0.2640769341769342, 0.22615735375735377, 0.15476956376956388, 0.35499614829614823], [0.21469209401709405, 0.28620326062826057, 0.21362008547008557, 0.28548455988455995], [0.2763132256632257, 0.2915645576645577, 0.16441702741702738, 0.26770518925518944], [0.19742771117771132, 0.2891223554223553, 0.20533712823124595, 0.3081128051686876], [0.2854583987907518, 0.26839673104673123, 0.1846086952263423, 0.2615361749361748], [0.22791472971472976, 0.2678308802308802, 0.18198618603618613, 0.32226820401820355], [0.2644551448551449, 0.2941905705405706, 0.19243906093906102, 0.24891522366522378], [0.21925440115440115, 0.2970986208236209, 0.1947022366522367, 0.2889447413697416], [0.23944795759795767, 0.29063566547831243, 0.17702005772005774, 0.2928963192036722], [0.22485561660561665, 0.31212061272061264, 0.22715487290487302, 0.23586889776889783], [0.26978800088800087, 0.25065450105450104, 0.16417130647130654, 0.31538619158619147], [0.24024849317349325, 0.24521315351315354, 0.2543967282717285, 0.260141625041625], [0.2290382450882451, 0.28364432511932514, 0.25576815129315145, 0.23154927849927856], [0.23594717504717524, 0.2678083971583974, 0.24920176212676237, 0.2470426656676656], [0.20476825396825407, 0.24615298590298587, 0.2031973304473304, 0.3458814296814299], [0.25155853590853594, 0.32986727994227993, 0.1893498676160441, 0.22922431653314], [0.185040775890776, 0.2839420412920415, 0.2029255633255634, 0.32809161949161936], [0.24656939171939204, 0.2436336524586525, 0.2284824453324455, 0.2813145104895105], [0.2017688838938839, 0.3142337995337995, 0.21934430014430029, 0.2646530164280166], [0.21387994227994234, 0.24087065157065168, 0.21001370296370309, 0.33523570318570317], [0.26610939224174524, 0.2589125901875902, 0.20087838664603389, 0.274099630924631], [0.21762313797313806, 0.33573653013653, 0.22718169053169063, 0.21945864135864146], [0.29224527417027424, 0.2665475468975468, 0.13999220779220783, 0.3012149711399711], [0.24237622932622943, 0.30508911643911657, 0.1835611832611833, 0.268973470973471], [0.2331074314574316, 0.31251529581529564, 0.20736048951048963, 0.2470167832167833], [0.24742236652236654, 0.29636411088911085, 0.19786488511488529, 0.25834863747363757], [0.19588991563991562, 0.3084854784104785, 0.23130936563436577, 0.2643152403152404], [0.1927800227550228, 0.38496186036186053, 0.2021465784215785, 0.22011153846153858], [0.21594771339771357, 0.2966906426906425, 0.16364585969585976, 0.3237157842157844], [0.20332291042291042, 0.23469652014652018, 0.17156909756909755, 0.3904114718614718], [0.18604666722166738, 0.30213764013764, 0.21660690420690423, 0.2952087884337884], [0.28981572316572324, 0.23415483960483974, 0.1947672605172606, 0.28126217671217674], [0.21592142857142868, 0.2768378565878567, 0.19593708513708522, 0.3113036297036296], [0.20076507381507402, 0.31383420468420464, 0.20447738927738945, 0.2809233322233322], [0.2778964868464869, 0.271274458874459, 0.17775497835497842, 0.27307407592407607], [0.22664643689643701, 0.31784392274392265, 0.22011389721389724, 0.23539574314574307], [0.2773395659895661, 0.23348249201778612, 0.18146033411033421, 0.30771760788231367], [0.1962293151293153, 0.2756550949050951, 0.24038791208791216, 0.28772767787767795], [0.2424511877011878, 0.2513364940614943, 0.20657908202908226, 0.2996332362082363], [0.18952625152625155, 0.2715800338550339, 0.29383772763184535, 0.24505598698686948], [0.20065621045621052, 0.29577296592296615, 0.17799517427017447, 0.32557564935064937], [0.22687449494949505, 0.3247168470418472, 0.17396197691197693, 0.27444668109668113], [0.25066375013875014, 0.29752642080142083, 0.16370577200577205, 0.288104057054057], [0.26234870129870136, 0.24325418470418472, 0.2107710678210679, 0.28362604617604625], [0.2930697080697081, 0.25216808746808755, 0.17106573426573424, 0.28369647019647026], [0.2383177905427907, 0.3226717060717061, 0.204841588966589, 0.2341689144189144], [0.2701673382173382, 0.3226656066156068, 0.20555782550782567, 0.2016092296592298], [0.25333722943722947, 0.18718093850593853, 0.24970801420801436, 0.3097738178488179], [0.28480998445998446, 0.297941663891664, 0.1748372960372961, 0.24241105561105566], [0.27434170829170834, 0.24261994671994694, 0.17120113497613504, 0.3118372100122099], [0.2101524031524031, 0.34545864135864146, 0.1746891275391275, 0.2696998279498281], [0.23739958652458654, 0.28058105228105235, 0.1819657620157621, 0.3000535991785991], [0.2864743756243758, 0.30876464646464646, 0.17874413364413375, 0.22601684426684437], [0.2543513486513488, 0.28475114885114877, 0.18296789321789333, 0.27792960927960925], [0.30693900543900554, 0.26186803474303477, 0.1694655705405707, 0.26172738927738937], [0.2814318320568318, 0.3004622516372519, 0.14763184038184038, 0.27047407592407596], [0.22572481407481412, 0.23381542346542358, 0.21637698412698408, 0.3240827783327782], [0.258015628815629, 0.2633068986568986, 0.2083880785880787, 0.2702893939393939], [0.27538232878232877, 0.25003883893883894, 0.19522881007881024, 0.27935002220002225], [0.21989896769896777, 0.263762950937951, 0.2388935286935287, 0.2774445526695527], [0.39198145743145757, 0.1843272366522368, 0.12816536796536804, 0.2955259379509377], [0.26509497724497744, 0.27297808302808313, 0.20748663558663566, 0.2544403041403043], [0.26153899988900015, 0.25207425907425923, 0.1966515318015319, 0.2897352092352092], [0.23980752025752036, 0.28169362304362316, 0.1972900266400268, 0.2812088300588299], [0.30210205513440813, 0.22253756243756262, 0.1750627467303939, 0.30029763569763585], [0.23556321733821745, 0.31571909756909755, 0.2113238677988679, 0.23739381729381734], [0.21999975579975592, 0.286177084027084, 0.161589826839827, 0.3322333333333335], [0.22914952269952277, 0.30603172383172383, 0.17676990786990807, 0.2880488455988456], [0.22138761516261535, 0.2599960317460318, 0.23074253524253516, 0.28787381784881805], [0.3125262792762792, 0.21556954711954712, 0.20946677766677776, 0.26243739593739596], [0.18749509542744847, 0.2639844100344102, 0.1924989882666354, 0.35602150627150636], [0.1802858308358309, 0.3065915473415474, 0.24370978465978477, 0.26941283716283715], [0.210069524919525, 0.2524454906204907, 0.1590444805194806, 0.37844050394050394], [0.23842155344655355, 0.26329263514263523, 0.2961825868575868, 0.20210322455322466], [0.2549716006216006, 0.2766870851370853, 0.22992561882561902, 0.23841569541569552], [0.35303420468420454, 0.2558870573870576, 0.17522592407592422, 0.215852813852814], [0.2607065268065269, 0.26468453213453214, 0.18573265623265633, 0.28887628482628486], [0.24071232460350117, 0.26186284777314195, 0.1986156423641719, 0.2988091852591852], [0.18201760461760472, 0.2594061022311022, 0.19733256743256747, 0.3612437257187256], [0.260476345876346, 0.26771340326340326, 0.21286226192108562, 0.25894798893916543], [0.269233066933067, 0.23602210012210031, 0.1598342601842602, 0.3349105727605728], [0.2623921855921855, 0.25879762737262757, 0.20736158563658577, 0.2714486013986015], [0.2302968892218893, 0.26701798756798767, 0.2752645410145409, 0.22742058219558228], [0.2047186729936731, 0.26545885225885235, 0.21996987456987485, 0.3098526001776002]]}}