{"test": {"ids": ["98107210", "111121220", "105113440", "110114610", "112121430", "105113190", "101114020", "98107010", "108113480", "108118301", "108117610", "111118810", "98107340", "102108621", "106113260", "97107920", "99109161", "103110220", "104113170", "113119360", "106111321", "111119430", "108117451", "105121370", "100110260", "98107410", "111114321", "111118910", "97107040", "100109910", "113120640", "112118620", "112116900", "98111860", "108114040", "109119010", "103113101", "105110251", "106116120", "106113190", "102116500", "110116300", "110114651", "113120780", "111116290", "112118550", "102109010", "112118161", "101119591", "100120780", "106118820", "113119700", "109114220", "104111550", "103111620", "105111990", "107119950", "98120530", "100109000", "104114410", "111119580", "109117110", "112118581", "104117200", "98106111", "102110750", "112118421", "98117740", "99108010", "103111110", "111116090", "112118530", "112121030", "100108080", "107113180", "105112260", "111116010", "108120700", "111114941", "107114140", "110117870", "107120130", "97112290", "99107500", "100111270", "99112531", "102114270", "99113260", "113119950", "111120320", "97105960", "108116501", "108121410", "112116990", "107113130", "110117140", "105113260", "97114170", "111114121", "97110950", "103113640", "111121410", "110121450", "100108580", "107120880", "103120531", "112118860", "101112160", "101111990", "97112170", "107118120", "104111880", "102118380", "105116501", "102110690", "103111170", "102113350", "113121950", "109118231", "107113360", "112117461", "108113740", "100111620", "99107640", "107118780", "112120270", "111115910", "110115580", "106112770", "110118880", "97113900", "99109740", "113120070", "98110680", "99109370", "98111670", "103113210", "107117010", "112118701", "111118820", "110118450", "106117650"], "labels": [1, 3, 0, 1, 2, 3, 3, 3, 0, 1, 3, 0, 0, 3, 3, 0, 3, 2, 3, 0, 0, 3, 2, 2, 3, 3, 1, 0, 2, 2, 0, 3, 3, 0, 0, 3, 3, 0, 1, 0, 1, 3, 3, 0, 2, 3, 1, 0, 0, 1, 3, 0, 3, 1, 0, 2, 3, 1, 1, 1, 3, 1, 1, 3, 0, 1, 3, 2, 2, 3, 3, 1, 0, 0, 3, 3, 1, 2, 0, 2, 3, 2, 1, 0, 2, 3, 3, 0, 0, 1, 2, 0, 0, 0, 1, 3, 3, 2, 0, 3, 1, 0, 3, 0, 1, 3, 3, 3, 2, 0, 3, 3, 1, 1, 0, 2, 3, 3, 1, 0, 0, 3, 3, 1, 1, 0, 2, 1, 1, 0, 2, 3, 2, 2, 1, 1, 3, 1, 0, 0, 0, 1], "predicted_labels": [2, 3, 1, 1, 3, 2, 1, 0, 3, 0, 0, 1, 1, 1, 1, 3, 1, 2, 1, 2, 3, 1, 3, 1, 3, 0, 3, 0, 3, 3, 3, 1, 0, 1, 2, 1, 3, 1, 0, 1, 1, 2, 0, 0, 3, 1, 3, 1, 3, 2, 3, 1, 1, 3, 0, 3, 1, 2, 3, 0, 3, 3, 3, 0, 3, 2, 3, 1, 1, 3, 1, 1, 3, 1, 1, 3, 0, 1, 0, 2, 2, 3, 1, 1, 3, 0, 3, 3, 1, 3, 3, 3, 1, 2, 2, 3, 1, 1, 3, 3, 3, 3, 3, 3, 1, 3, 3, 3, 1, 1, 3, 1, 3, 0, 1, 1, 3, 1, 3, 0, 3, 3, 3, 1, 3, 0, 1, 0, 3, 3, 1, 0, 1, 1, 1, 3, 1, 2, 0, 1, 1, 3], "confidence_scores": [[0.1293216032978517, 0.3194289523758644, 0.32786844946058846, 0.22338099486569532], [0.22792750408577928, 0.15519142529104973, 0.0796196898626926, 0.5372613807604786], [0.2867583485985258, 0.3712823759242554, 0.18006205047376309, 0.1618972250034556], [0.15487852475999492, 0.3550381380708033, 0.30118612571433595, 0.18889721145486588], [0.21521449394190495, 0.2924270355855117, 0.15372062529615002, 0.3386378451764334], [0.11194151196976296, 0.3712206205019881, 0.4142071289242826, 0.10263073860396642], [0.252568697158197, 0.3315455518274877, 0.18020777099679078, 0.23567798001752477], [0.49021090472380213, 0.24441673231089836, 0.10400814212591925, 0.16136422083938035], [0.20278929740682347, 0.28339850987901694, 0.17492495476363337, 0.33888723795052617], [0.33100365188697495, 0.2811549926294167, 0.09107185928345542, 0.2967694962001531], [0.3197488980791184, 0.1953067746790904, 0.19928507785588126, 0.28565924938591014], [0.24245294957088015, 0.35403182185208315, 0.12780064434090718, 0.2757145842361296], [0.14766617914234875, 0.35291395789012436, 0.26541296345336907, 0.23400689951415798], [0.21935465706552026, 0.4045931429785174, 0.13088375758869017, 0.24516844236727206], [0.09818255933090142, 0.4214130714675741, 0.2325718229800927, 0.2478325462214317], [0.17962181387219994, 0.1709620984934523, 0.1088999979582617, 0.540516089676086], [0.20563588501144434, 0.4393088356260546, 0.12011516692406976, 0.23494011243843144], [0.23409672655593783, 0.24262340734266546, 0.319410070400974, 0.20386979570042274], [0.12398263201961439, 0.44344493889490205, 0.2662115230035122, 0.16636090608197143], [0.24639749090470303, 0.2191214676969039, 0.3260382717203969, 0.20844276967799616], [0.3137013531058431, 0.1636867781078769, 0.11918204675524748, 0.4034298220310327], [0.21384497284622364, 0.35147301021065996, 0.1804856848738677, 0.2541963320692486], [0.26012016165609547, 0.31769037211271595, 0.0726547033869803, 0.3495347628442082], [0.07165934050960496, 0.7186428199495098, 0.09125628040877275, 0.11844155913211263], [0.18398146248825223, 0.19510929011197195, 0.06792833579869056, 0.5529809116010853], [0.3759877071409566, 0.14429139266129598, 0.11066503628268315, 0.36905586391506434], [0.10778578048667029, 0.37968072480309656, 0.049810252001539344, 0.46272324270869397], [0.47927674052688113, 0.17346912896025743, 0.10524160810905894, 0.24201252240380264], [0.23415269012080392, 0.17435814160543822, 0.2757873359256696, 0.3157018323480882], [0.1364177019971639, 0.23581289404052722, 0.17304226881609544, 0.45472713514621343], [0.1580977866569902, 0.343559946915778, 0.10356152975717689, 0.39478073667005487], [0.258239938415857, 0.37266827448437595, 0.12936526660837422, 0.23972652049139284], [0.4113437117261444, 0.2389512175808842, 0.10620197021679953, 0.24350310047617213], [0.18593956323701588, 0.401043450802391, 0.23992704074390644, 0.17308994521668675], [0.08804954811301546, 0.23077371585868697, 0.4157773304557725, 0.265399405572525], [0.14230624017095528, 0.4149224637331042, 0.1883039416641405, 0.25446735443180013], [0.20535301807026604, 0.23871327139643805, 0.2510715934850956, 0.3048621170482004], [0.34222011836541255, 0.3497975522547462, 0.0971735715215708, 0.21080875785827052], [0.29265608601408943, 0.24491765784913616, 0.23241870086953076, 0.2300075552672438], [0.18270172802437526, 0.3266695284416032, 0.16976464660623033, 0.3208640969277913], [0.19729026222811577, 0.32084809423415767, 0.29092884856983053, 0.1909327949678962], [0.18363456593413052, 0.2707406294432012, 0.2991324587910511, 0.24649234583161728], [0.5383117737326819, 0.209418499823125, 0.09923271975466152, 0.1530370066895315], [0.39425270073795526, 0.2828661952027069, 0.14366377614100811, 0.17921732791832976], [0.28691230168431864, 0.24882287887629564, 0.11222508387874558, 0.3520397355606401], [0.21938007146624852, 0.33412267232619347, 0.12905205739322823, 0.3174451988143298], [0.185439494369369, 0.32250114745214326, 0.14578379443417866, 0.3462755637443091], [0.2656305463173595, 0.40851121624248893, 0.10416279463506384, 0.22169544280508766], [0.2732684097793165, 0.2872963230673982, 0.11613704799323286, 0.3232982191600524], [0.18398900086033906, 0.23941545851180185, 0.2911291221122567, 0.28546641851560245], [0.1640093380743098, 0.20001764448288065, 0.23271727686838545, 0.4032557405744241], [0.28291422320375464, 0.36289954571331323, 0.11673328750418764, 0.23745294357874477], [0.22734742936063623, 0.2945944722725211, 0.20944656006271456, 0.26861153830412804], [0.21702151463446182, 0.24133588501357334, 0.1544283985289722, 0.3872142018229926], [0.37499206319235445, 0.24789433807435096, 0.21580074681702077, 0.16131285191627398], [0.16771876737995697, 0.2929801459099924, 0.11194356407423968, 0.42735752263581095], [0.3126857511082892, 0.35211962137632674, 0.1327058180645712, 0.20248880945081288], [0.18643140132184954, 0.30220197602255167, 0.34059793176940467, 0.1707686908861942], [0.22852672324426876, 0.2308689442818986, 0.203998583076926, 0.3366057493969067], [0.3463174779708648, 0.2150338581500857, 0.23472286950523882, 0.20392579437381067], [0.19545907637798485, 0.2680160549003938, 0.12126082868014298, 0.4152640400414784], [0.14672690177137246, 0.2988855833531958, 0.11709038316022298, 0.4372971317152087], [0.22153439830637342, 0.22555169098314568, 0.15300869926519844, 0.39990521144528257], [0.31663879388477795, 0.20902993343752982, 0.2302934906042092, 0.24403778207348295], [0.30183995810382563, 0.2796048878856949, 0.09894901695673666, 0.31960613705374286], [0.14744456330378186, 0.14813829834095454, 0.5575050316827447, 0.14691210667251894], [0.13356595686316275, 0.22358088073624663, 0.0887060936551066, 0.5541470687454841], [0.12050654928642446, 0.49107001671571626, 0.1624396268665493, 0.22598380713130994], [0.30564566046183717, 0.47937191132508683, 0.0852101266757758, 0.12977230153730013], [0.24585751788180607, 0.23288809243668912, 0.14339051756920393, 0.377863872112301], [0.20270035643362108, 0.3673770790344704, 0.1388552465425996, 0.291067317989309], [0.2742272538911666, 0.2840043961528917, 0.18477777777178536, 0.2569905721841566], [0.21864421787835664, 0.23783981453335395, 0.24977001600398682, 0.29374595158430267], [0.21011768397667827, 0.3552437602880584, 0.25718893723652014, 0.17744961849874333], [0.1521268420514425, 0.35472352732100176, 0.2021693401054065, 0.29098029052214924], [0.1619686578982044, 0.30650873159042175, 0.20045411204432184, 0.33106849846705194], [0.48720631623135885, 0.21239507508086045, 0.12480872502464824, 0.17558988366313238], [0.28624263111305465, 0.37244009047164506, 0.137734639067768, 0.20358263934753226], [0.36470422043319894, 0.25726773154181853, 0.10764686014761865, 0.270381187877364], [0.17778901968520272, 0.2639691444006002, 0.338630984824987, 0.2196108510892102], [0.19606058831817794, 0.24377827209414815, 0.3483378704551647, 0.21182326913250937], [0.2091592561250295, 0.2519978968037342, 0.12392677627579736, 0.414916070795439], [0.24961123738747432, 0.32454620243249915, 0.15897266878986197, 0.2668698913901646], [0.26262348011077485, 0.30583878631375205, 0.22577909113286287, 0.20575864244261027], [0.09008876033699147, 0.3433347176754974, 0.20922926778379497, 0.3573472542037164], [0.32868343228065083, 0.2702213920619423, 0.1335396233395906, 0.26755555231781636], [0.268602748316849, 0.2678576949495169, 0.19239591234485778, 0.2711436443887762], [0.15317309067912757, 0.2566345503099411, 0.06054616885894202, 0.5296461901519893], [0.3238699428948171, 0.3348081198276238, 0.11803808457223117, 0.22328385270532783], [0.19338969701732003, 0.3005717528392064, 0.15321743819600533, 0.35282111194746846], [0.13835368931130057, 0.256210546740585, 0.2906017013627949, 0.3148340625853196], [0.22385618146492897, 0.32759468532806324, 0.08377511833254589, 0.3647740148744618], [0.3715100846835401, 0.3728372823288358, 0.09699732007575972, 0.15865531291186455], [0.12269307730404547, 0.2539194927834486, 0.4442447001004503, 0.17914272981205565], [0.18852010188401236, 0.30828523730335355, 0.3437886786685887, 0.15940598214404555], [0.23933266611459725, 0.2268500383637479, 0.20255354445362578, 0.33126375106802924], [0.2850196150550509, 0.3138854392120505, 0.14022637115546385, 0.2608685745774347], [0.22977365473641218, 0.42059230706722983, 0.11548167243276318, 0.2341523657635948], [0.15347272206423435, 0.1962180838847417, 0.09272628309812342, 0.5575829109529006], [0.21594791083561768, 0.2992162809514434, 0.18103895827964764, 0.30379684993329137], [0.2722565911399772, 0.2541070324050345, 0.13514362596851226, 0.3384927504864759], [0.3128610794148501, 0.2486800094403287, 0.09502524648371515, 0.34343366466110614], [0.20074064070937464, 0.23745688706094956, 0.12770789719070294, 0.4340945750389729], [0.1858084813080177, 0.2774464756078553, 0.23177266071111305, 0.304972382373014], [0.10624759075157025, 0.5213386593560129, 0.16781217678479038, 0.20460157310762656], [0.19596374842194264, 0.3371865061631318, 0.12044517042359086, 0.34640457499133476], [0.193864300457044, 0.14705886592948492, 0.09856050192507167, 0.5605163316883994], [0.234189759739435, 0.28703652738401625, 0.0985582669608232, 0.3802154459157255], [0.10444019236418106, 0.346202865187272, 0.329396669512412, 0.21996027293613493], [0.2762901191664151, 0.3728956177318405, 0.12246245695337711, 0.22835180614836728], [0.2639551354039259, 0.2331884209074997, 0.1546282467204314, 0.34822819696814283], [0.13886693108115739, 0.32607647313645627, 0.25235794392358957, 0.2826986518587967], [0.21500953615253351, 0.20677957234420064, 0.24568843767175136, 0.33252245383151446], [0.3636983697606784, 0.21079477563373067, 0.10481464666214836, 0.32069220794344266], [0.23521093064362353, 0.31552166719150465, 0.18878986618834245, 0.2604775359765296], [0.14524603927096916, 0.5843463798467868, 0.09965116967318048, 0.1707564112090635], [0.21844209614749113, 0.25112174561554423, 0.1899507630600175, 0.3404853951769469], [0.11627301811072879, 0.6008191055530535, 0.11070060320527149, 0.17220727313094616], [0.29188238176056724, 0.29614173000745625, 0.09607355478634942, 0.3159023334456271], [0.47618701302817557, 0.18791799631606246, 0.1278027372362503, 0.2080922534195117], [0.24391329567703235, 0.20010757158809103, 0.09728694250406368, 0.45869219023081303], [0.17810321185206618, 0.19338398270652515, 0.18392106875930644, 0.44459173668210217], [0.26974470991820576, 0.13929668382577215, 0.28539133481589274, 0.3055672714401294], [0.32795714582708607, 0.4596562034973348, 0.08726354929134743, 0.12512310138423166], [0.18232844495973066, 0.2564400777910552, 0.2575237234646396, 0.3037077537845745], [0.2990953432254883, 0.2853742245689166, 0.12927161343511684, 0.2862588187704782], [0.22995491486054231, 0.38720708830467176, 0.14325513389882752, 0.23958286293595826], [0.3657984716764694, 0.3166023906283879, 0.08820527555255785, 0.2293938621425848], [0.15384088027601414, 0.3182818791809058, 0.16045433809586268, 0.36742290244721754], [0.14782352415401695, 0.11228594643172088, 0.1564989793245169, 0.5833915500897453], [0.23259838231086163, 0.3573044026278653, 0.2766527397540298, 0.1334444753072432], [0.31267641268696766, 0.27481369057223193, 0.19797137838689974, 0.21453851835390056], [0.18026246679833696, 0.3391014718344851, 0.18632626423957027, 0.29430979712760785], [0.12011209639672432, 0.44487859225411847, 0.11649904778038427, 0.31851026356877277], [0.23305776840112832, 0.3701328294520737, 0.15976648565175616, 0.23704291649504194], [0.21910469236083066, 0.25894166443377287, 0.18206964669180686, 0.3398839965135897], [0.1352994586857579, 0.4586394121074773, 0.13358195067822798, 0.27247917852853704], [0.19075828987927806, 0.20671172256947426, 0.3059217617330483, 0.29660822581819934], [0.40850756287108375, 0.1777510782673789, 0.12336056781346984, 0.29038079104806735], [0.27419644149647204, 0.3306022730552253, 0.15164821474777737, 0.24355307070052526], [0.262526050799633, 0.29223773871266245, 0.21811481232473415, 0.22712139816297056], [0.13989348445514851, 0.26274573483895086, 0.14559551897032338, 0.4517652617355773]]}, "rewritten": {"ids": ["97105960", "97107040", "97107920", "97110950", "97112170", "97112290", "97113900", "97114170", "98106111", "98107010", "98107210", "98107340", "98107410", "98110680", "98111670", "98111860", "98117740", "98120530", "99107500", "99107640", "99108010", "99109161", "99109370", "99109740", "99112531", "99113260", "100108080", "100108580", "100109000", "100109910", "100110260", "100111270", "100111620", "100120780", "101111990", "101112160", "101114020", "101119591", "102108621", "102109010", "102110690", "102110750", "102113350", "102114270", "102116500", "102118380", "103110220", "103111110", "103111170", "103111620", "103113101", "103113210", "103113640", "103120531", "104111550", "104111880", "104113170", "104114410", "104117200", "105110251", "105111990", "105112260", "105113190", "105113260", "105113440", "105116501", "105121370", "106111321", "106112770", "106113190", "106113260", "106116120", "106117650", "106118820", "107113130", "107113180", "107113360", "107114140", "107117010", "107118120", "107118780", "107119950", "107120130", "107120880", "108113480", "108113740", "108114040", "108116501", "108117451", "108117610", "108118301", "108120700", "108121410", "109114220", "109117110", "109118231", "109119010", "110114610", "110114651", "110115580", "110116300", "110117140", "110117870", "110118450", "110118880", "110121450", "111114121", "111114321", "111114941", "111115910", "111116010", "111116090", "111116290", "111118810", "111118820", "111118910", "111119430", "111119580", "111120320", "111121220", "111121410", "112116900", "112116990", "112117461", "112118161", "112118421", "112118530", "112118550", "112118581", "112118620", "112118701", "112118860", "112120270", "112121030", "112121430", "113119360", "113119700", "113119950", "113120070", "113120640", "113120780", "113121950"], "labels": [2, 2, 0, 3, 0, 1, 2, 2, 0, 3, 1, 0, 3, 2, 1, 0, 2, 1, 0, 1, 2, 3, 1, 3, 3, 0, 0, 0, 1, 2, 3, 2, 3, 1, 2, 3, 3, 0, 3, 1, 0, 1, 3, 3, 1, 1, 2, 3, 2, 0, 3, 3, 1, 3, 1, 3, 3, 1, 3, 0, 2, 3, 3, 3, 0, 1, 2, 0, 1, 0, 3, 1, 1, 3, 1, 3, 0, 2, 1, 3, 1, 3, 2, 1, 0, 3, 0, 0, 2, 3, 1, 2, 0, 3, 1, 1, 3, 1, 3, 1, 3, 3, 3, 0, 0, 3, 0, 1, 0, 2, 1, 3, 2, 0, 0, 0, 3, 3, 1, 3, 0, 3, 0, 0, 0, 3, 1, 3, 1, 3, 0, 3, 0, 0, 2, 0, 0, 0, 2, 0, 0, 3], "predicted_labels": [1, 2, 3, 1, 1, 1, 3, 3, 1, 1, 2, 1, 0, 1, 1, 1, 1, 1, 1, 1, 1, 1, 0, 1, 1, 1, 1, 1, 1, 1, 3, 1, 1, 2, 1, 1, 1, 1, 1, 1, 1, 1, 1, 1, 1, 2, 1, 0, 1, 1, 1, 1, 3, 1, 1, 3, 1, 2, 1, 3, 3, 2, 3, 1, 1, 1, 1, 1, 1, 1, 1, 2, 3, 3, 1, 3, 0, 1, 1, 1, 1, 3, 1, 1, 1, 3, 1, 1, 1, 1, 1, 1, 0, 1, 1, 1, 1, 1, 1, 3, 1, 1, 1, 1, 3, 3, 3, 1, 1, 2, 1, 1, 2, 1, 0, 2, 1, 1, 1, 1, 1, 1, 2, 3, 1, 3, 1, 0, 1, 1, 1, 1, 1, 0, 0, 1, 1, 1, 1, 1, 1, 1], "confidence_scores": [[0.13106739244924542, 0.5366007396213193, 0.10361710830368154, 0.22871475962575372], [0.18266667303611245, 0.1849036751051176, 0.3435365416800666, 0.2888931101787032], [0.24401892610811032, 0.17861752230406897, 0.11886574954976109, 0.45849780203805984], [0.3006866646648071, 0.3101107875922241, 0.12640473841409824, 0.2627978093288705], [0.16357316686182002, 0.488251932953334, 0.10396925170239298, 0.24420564848245307], [0.16298040466922267, 0.32351887028476023, 0.20360081635286548, 0.3098999086931517], [0.19985591928515908, 0.3050956598557566, 0.11947423889777517, 0.3755741819613092], [0.22766706423588307, 0.2656577855742593, 0.19572000823994395, 0.31095514194991364], [0.2346769605256727, 0.4455148025520778, 0.17453343551329337, 0.14527480140895602], [0.2189394068731359, 0.4963638889229547, 0.09865946032568612, 0.18603724387822337], [0.2185905514967681, 0.3075843906860307, 0.3406554748680544, 0.13316958294914655], [0.182291608384614, 0.4990056385572051, 0.1361241089723155, 0.18257864408586552], [0.2898051414819325, 0.2826196984535916, 0.1788479262673999, 0.24872723379707604], [0.21983218750798306, 0.35196763636654727, 0.20447670721164807, 0.22372346891382164], [0.2732607526767221, 0.29918609895985543, 0.20753635806764875, 0.22001679029577365], [0.13218158575596703, 0.4743413778766714, 0.18238390094970724, 0.21109313541765432], [0.1568801913592708, 0.49695813016591855, 0.15227787458597647, 0.19388380388883414], [0.12008291218622362, 0.6163204195867187, 0.09554955888340959, 0.168047109343648], [0.18304590565997564, 0.4756257374301875, 0.1587656096551508, 0.18256274725468613], [0.25584228475824744, 0.39220134037379856, 0.11683937897369585, 0.23511699589425822], [0.1404593195479196, 0.506573900095633, 0.11889261557470492, 0.23407416478174262], [0.293771587039081, 0.32706282347246024, 0.14032684363984305, 0.2388387458486157], [0.31696790149722687, 0.30361409012621626, 0.16513871858562928, 0.2142792897909275], [0.28781172998373317, 0.3916029843185369, 0.16631590174244285, 0.15426938395528705], [0.15191464964583162, 0.6404841664469832, 0.0802880068171746, 0.12731317709001055], [0.22571730911377824, 0.29374134108716426, 0.23629356938780166, 0.24424778041125592], [0.21508614958350333, 0.36809532033391323, 0.22110904586926003, 0.19570948421332338], [0.26558067203258295, 0.29983582901081074, 0.17332340510199495, 0.2612600938546115], [0.13984252969538372, 0.4554848127803474, 0.14612027465644897, 0.25855238286781984], [0.1294131653281596, 0.3656084566970674, 0.23704800297512274, 0.2679303749996504], [0.1089378456168979, 0.1789446479366321, 0.0843201461213093, 0.6277973603251606], [0.21617150226943796, 0.4900898934504439, 0.13801331824714214, 0.15572528603297597], [0.22869823185476962, 0.3007363742747868, 0.21267757880411683, 0.2578878150663268], [0.20498256448522784, 0.2688804547972034, 0.28638697166075466, 0.23975000905681412], [0.10625486122461067, 0.606299563923752, 0.14666204992773546, 0.14078352492390175], [0.1143761353767321, 0.49737518177346024, 0.18543236746125147, 0.20281631538855627], [0.1852188803762703, 0.5172532599019192, 0.13044182758155223, 0.16708603214025827], [0.23859189991253457, 0.2789024858554251, 0.21582956346787915, 0.26667605076416134], [0.208559252703609, 0.4867073435723578, 0.092582940295918, 0.21215046342811522], [0.17214052624519102, 0.5052586676674483, 0.10372698210213324, 0.2188738239852274], [0.17332129303470634, 0.4888024757530659, 0.08785587456725108, 0.2500203566449768], [0.12123648908376965, 0.568960687596513, 0.1808600862232384, 0.12894273709647905], [0.19913503255922563, 0.5114263408160955, 0.15050631165777426, 0.13893231496690459], [0.21328751348021557, 0.5001238531329852, 0.12216266847392052, 0.16442596491287856], [0.18328939951617906, 0.41086298721063397, 0.1210530999430844, 0.28479451333010253], [0.15946912114830755, 0.1584107189081885, 0.4736574025977705, 0.20846275734573327], [0.15065248802022943, 0.4486317995383102, 0.2387985368740044, 0.1619171755674559], [0.3955210666028676, 0.2964419031647967, 0.11278111129758682, 0.19525591893474892], [0.1081298941683755, 0.5522573155108351, 0.14890595779857305, 0.19070683252221637], [0.16925984491655507, 0.3956078556267727, 0.2285442750649848, 0.20658802439168733], [0.23228590056843357, 0.4266822312726917, 0.19829842348751253, 0.1427334446713621], [0.19745022260488235, 0.3956021963310944, 0.12433152235357812, 0.282616058710445], [0.18579146908843272, 0.332266730992178, 0.14707830938794936, 0.33486349053143993], [0.2551408966535401, 0.4031037312749679, 0.13725634618383883, 0.20449902588765337], [0.1778968586695276, 0.4538904833341965, 0.21492584568354098, 0.15328681231273494], [0.23248107338820304, 0.26343632547112084, 0.13450704409290162, 0.36957555704777445], [0.10239352588749663, 0.4460785754091526, 0.25670915126803223, 0.19481874743531843], [0.12879416443779884, 0.2972030951256504, 0.3243120779767995, 0.24969066245975116], [0.13299579444958304, 0.601734338524756, 0.16306059364469017, 0.10220927338097091], [0.2871656984799571, 0.25649433756211054, 0.1549183188245743, 0.3014216451333581], [0.2541327235920188, 0.22771371766165355, 0.2335381256684024, 0.2846154330779254], [0.12947407726611004, 0.3279206936050694, 0.36347140651803644, 0.17913382261078442], [0.14728808643105118, 0.2876612020757744, 0.1328501916220409, 0.4322005198711335], [0.2173928366393971, 0.46804179593810624, 0.14409051498188993, 0.1704748524406066], [0.17764811930807986, 0.5868263074921611, 0.09563936589964171, 0.13988620730011736], [0.3113027428914696, 0.38955672186601903, 0.14249429908541156, 0.15664623615709983], [0.1325680548856583, 0.438337267615211, 0.3030847962438068, 0.1260098812553238], [0.1592712118254224, 0.46998399222578147, 0.19628716163449234, 0.17445763431430375], [0.17567349321544867, 0.38252316517042595, 0.1567025286839877, 0.2851008129301377], [0.24700452986047322, 0.3963475182125759, 0.14250027712669328, 0.21414767480025762], [0.09899247587242686, 0.5067305468692905, 0.1785157464888655, 0.21576123076941708], [0.16055812739121714, 0.28404225022834473, 0.3064861931626565, 0.2489134292177816], [0.1354901044746958, 0.23832386006728584, 0.07985252211648035, 0.546333513341538], [0.10921839814962134, 0.3221832465498635, 0.07416046136583364, 0.49443789393468146], [0.0980048037817124, 0.4385762181253766, 0.08889228892057409, 0.37452668917233684], [0.12337443474285775, 0.1560547690175368, 0.11777313014733905, 0.6027976660922665], [0.47052409072359536, 0.20627913697588596, 0.10944722596728178, 0.2137495463332369], [0.19922419137365333, 0.48463071886765985, 0.13981253179208342, 0.1763325579666033], [0.10159464045081439, 0.5454657442895363, 0.21059728724160776, 0.14234232801804167], [0.15028389978948717, 0.5489236575530004, 0.15606900186556494, 0.14472344079194757], [0.18657138737677953, 0.3602720862053107, 0.23276871750265313, 0.22038780891525683], [0.2148480637252091, 0.2746721712168012, 0.22367692938741457, 0.2868028356705751], [0.11739906935474277, 0.5508259661112792, 0.11679987527063854, 0.21497508926333944], [0.1050351692518428, 0.5883999498462461, 0.13213772673490604, 0.17442715416700516], [0.2164664007892126, 0.3023447560423762, 0.18219618744890184, 0.2989926557195095], [0.0825922561795474, 0.15854706715108968, 0.31178393732767695, 0.44707673934168585], [0.10833780530296128, 0.636768019203123, 0.13174127937998617, 0.12315289611392964], [0.23780676948866214, 0.36956431854572935, 0.20264140798094243, 0.1899875039846661], [0.13378431625580078, 0.49568527062042417, 0.17688387273011896, 0.193646540393656], [0.19354964706384473, 0.43693594029803373, 0.1998867759495491, 0.1696276366885724], [0.1434058027647059, 0.4986229390777855, 0.10959033564859216, 0.2483809225089164], [0.21774324147797255, 0.3101839456571411, 0.2603936183748755, 0.21167919449001094], [0.45690575989798876, 0.3309245606029349, 0.0679935134117463, 0.14417616608733003], [0.15554768045865525, 0.3704108393281622, 0.27019872981538445, 0.2038427503977982], [0.24911241587223673, 0.4940804771751407, 0.1044618788633123, 0.15234522808931028], [0.1840457839752493, 0.35769802794595906, 0.21849863355222948, 0.2397575545265624], [0.18605998023196457, 0.47957836809629656, 0.13741700335584633, 0.1969446483158926], [0.16483626608598564, 0.5680324006832055, 0.1214214284645293, 0.1457099047662797], [0.3046503070719173, 0.3529128724485058, 0.2049592821313296, 0.1374775383482475], [0.20705119296795219, 0.26110526697595937, 0.23120362391514257, 0.3006399161409459], [0.19335810378368404, 0.3765677218539177, 0.1118278353350352, 0.31824633902736316], [0.32203241026238666, 0.3483480362566176, 0.12405430124910005, 0.20556525223189565], [0.10032359158387387, 0.513008840024161, 0.26115250715092936, 0.12551506124103592], [0.211995607897644, 0.43597513710776303, 0.09949685231339389, 0.25253240268119914], [0.13952884971346596, 0.11789888016273507, 0.07296365335256619, 0.6696086167712327], [0.21495577872338553, 0.3072103823876683, 0.1374616320625774, 0.34037220682636876], [0.2415591283590671, 0.2808961960490119, 0.0825493961685022, 0.3949952794234188], [0.14309131293410576, 0.34798654675663776, 0.19847902840494558, 0.3104431119043109], [0.22527188771606443, 0.4214776833092455, 0.16773551748591123, 0.18551491148877872], [0.2117532464201269, 0.2219234574272386, 0.3155761647303105, 0.25074713142232385], [0.16637042040367442, 0.4447650709728785, 0.19081976406315404, 0.198044744560293], [0.1807045131872068, 0.5039466674096325, 0.08796071585367714, 0.22738810354948372], [0.23531274418816622, 0.13404503342186333, 0.4304941935832795, 0.20014802880669108], [0.31349886923421055, 0.37290741421866314, 0.1112727005230312, 0.2023210160240952], [0.31113325496903255, 0.2347099682980972, 0.19437037222085418, 0.25978640451201607], [0.3135752423247698, 0.21659691550798552, 0.32816017901887057, 0.14166766314837423], [0.15520520411075303, 0.5779644499646879, 0.10639737330986741, 0.1604329726146917], [0.23842607329788545, 0.3183716172113951, 0.15219562202964945, 0.29100668746107017], [0.19935925991230632, 0.47745805282481174, 0.1079296432554752, 0.21525304400740689], [0.22858981307696774, 0.387906623316018, 0.19216157707552195, 0.19134198653149237], [0.31028857504524837, 0.36448950035251426, 0.17170520704924822, 0.15351671755298926], [0.22071133715088018, 0.3392231775215612, 0.14571775820130928, 0.2943477271262491], [0.11230858394446924, 0.3559569105877619, 0.36398712292476165, 0.1677473825430071], [0.20841041282339792, 0.2994427845540285, 0.16185895447379883, 0.3302878481487748], [0.20031006053584233, 0.39737256426212214, 0.08310157044647495, 0.3192158047555605], [0.20877903779301005, 0.2591276895292801, 0.23808435224923746, 0.2940089204284723], [0.18042880013673848, 0.4502828793904976, 0.16847527178283145, 0.20081304868993255], [0.32002035269933016, 0.27002488383397644, 0.20393412340314784, 0.20602064006354545], [0.19869180215217813, 0.5131350591041188, 0.13610402735032723, 0.15206911139337584], [0.10160998026254754, 0.6098170557379672, 0.14135216413155413, 0.14722079986793116], [0.13047361420088496, 0.5748250418718027, 0.0990792442248229, 0.1956220997024894], [0.1650296964248603, 0.45876045240932656, 0.21764240029761636, 0.15856745086819696], [0.1671378087703757, 0.4406134436817747, 0.13116670868017444, 0.26108203886767517], [0.31441842673810116, 0.30098841180281743, 0.23405990334418536, 0.15053325811489623], [0.44830116726334146, 0.24343988262205254, 0.10897705602289261, 0.19928189409171362], [0.16484403535610098, 0.4733631220078522, 0.14413246408708474, 0.217660378548962], [0.24251172719290792, 0.4793335951539762, 0.14883726428071922, 0.1293174133723968], [0.2258259560613048, 0.33782991718207195, 0.13290425851024626, 0.3034398682463772], [0.17132284556064384, 0.5825093892117171, 0.10816582049093368, 0.13800194473670532], [0.1457479620914709, 0.4389528763671796, 0.22269086340966515, 0.19260829813168448], [0.26531476151480726, 0.4916484038358799, 0.10215500760443559, 0.14088182704487742], [0.16776181751165803, 0.4492173207579793, 0.17337997997730425, 0.2096408817530584]]}}