{"test": {"ids": ["109116750", "99107950", "102113981", "99108890", "113119930", "103120340", "100109890", "98109090", "105112100", "100116500", "107115250", "108114220", "109119460", "111116100", "106121220", "112121430", "113119480", "113122650", "105113190", "104111380", "113117630", "99109141", "111116290", "108121160", "98110680", "109117630", "109121410", "97106970", "109120560", "99110050", "107113130", "109117730", "110119030", "105116860", "99108330", "103113170", "99108460", "111118910", "113122510", "99109370", "110114610", "106120290", "113120601", "99109860", "100110050", "108116070", "98120530", "99107630", "108120060", "105115380", "113118820", "107116340", "112120990", "100115700", "103112470", "103120780", "104117630", "112118550", "110118450", "112119610", "103113270", "99112641", "112117030", "103117200", "102121700", "105113260", "100109980", "109117431", "103111990", "108114040", "113118870", "111114941", "100112060", "99108580", "112116610", "107116501", "101108500", "112116880", "111119250", "99112840", "112118161", "112119950", "102109850", "106112770", "110117140", "113122320", "109115070", "103109791", "98108580", "111119290", "111117200", "107114321", "110118930", "106114280", "98117740", "108118630", "111115770", "109117150", "97107681", "108113480", "103113260", "112118890", "110117080", "103109641", "99120010", "102112250", "104118340", "113122230", "109119591", "101112201", "99112531", "99111930", "97116401", "109118820", "111119950", "110114720", "113121750", "100111620", "102112030", "97107920", "111120190", "112119980", "97116790", "107121640", "108115500", "99107300", "112118511", "113119300", "101108290", "105113170", "102121440", "99111620", "113118421", "99108520", "100108990", "101110740", "101112540", "111120531", "111116750", "97107821", "111117000", "110113931"], "labels": [0, 1, 1, 0, 1, 1, 3, 1, 1, 2, 2, 3, 1, 3, 1, 2, 3, 2, 3, 3, 0, 3, 2, 2, 2, 0, 0, 2, 1, 3, 1, 3, 0, 2, 1, 3, 0, 0, 2, 1, 1, 2, 2, 2, 3, 1, 1, 2, 1, 1, 0, 3, 2, 1, 1, 1, 0, 3, 0, 0, 2, 1, 2, 0, 1, 3, 1, 1, 2, 0, 0, 0, 2, 0, 1, 1, 3, 0, 1, 2, 0, 0, 1, 1, 3, 1, 0, 3, 0, 3, 0, 0, 1, 3, 2, 1, 3, 2, 3, 0, 3, 3, 1, 1, 2, 0, 2, 1, 0, 0, 3, 1, 3, 3, 0, 3, 0, 3, 2, 0, 3, 0, 2, 1, 3, 3, 1, 1, 0, 0, 2, 3, 3, 2, 2, 3, 2, 0, 3, 2, 0, 1], "predicted_labels": [1, 1, 1, 3, 3, 1, 0, 3, 3, 0, 1, 1, 1, 1, 3, 3, 3, 3, 3, 3, 1, 0, 3, 3, 1, 0, 3, 3, 1, 1, 1, 0, 3, 1, 1, 1, 3, 1, 1, 3, 1, 1, 3, 1, 1, 1, 3, 3, 1, 1, 0, 1, 1, 3, 1, 3, 3, 3, 3, 3, 3, 0, 3, 3, 0, 1, 3, 1, 3, 3, 3, 3, 1, 1, 1, 3, 1, 1, 1, 1, 3, 3, 1, 3, 1, 3, 1, 3, 1, 3, 3, 3, 1, 3, 3, 3, 3, 1, 3, 3, 3, 3, 3, 1, 1, 3, 1, 3, 1, 1, 3, 3, 1, 3, 3, 1, 1, 1, 1, 0, 1, 3, 1, 3, 3, 1, 3, 3, 3, 3, 1, 1, 0, 1, 3, 1, 1, 1, 3, 1, 3, 1], "confidence_scores": [[0.23898907758907764, 0.31433180708180714, 0.20391790986790992, 0.24276120546120553], [0.15905008602508608, 0.3326945526695528, 0.2654167027417027, 0.2428386585636586], [0.19138553668553684, 0.3615464257964258, 0.19286595071595072, 0.2542020868020869], [0.23631653069153083, 0.26876980241980253, 0.19438322510822523, 0.3005304417804418], [0.25745974580974584, 0.2728350815850818, 0.1231030802530803, 0.34660209235209255], [0.22766608946608966, 0.2972005716505715, 0.18354205794205802, 0.2915912809412809], [0.2783517760017759, 0.25648080808080814, 0.19061033411033418, 0.27455708180708194], [0.264510200910201, 0.22679769952269954, 0.2174046786546788, 0.29128742091242094], [0.25671575091575094, 0.23401701076701087, 0.17722452269952277, 0.3320427156177156], [0.2890070679320679, 0.21862800810300817, 0.2040459207459208, 0.28831900321900317], [0.20046334221334222, 0.2960236152736155, 0.2701081363081363, 0.23340490620490628], [0.2362488067488068, 0.3136689976689976, 0.22891783216783232, 0.22116436341436352], [0.2264064935064935, 0.3012262626262628, 0.17177142857142866, 0.3005958152958154], [0.2729214935391407, 0.28383961038961036, 0.1635604245427776, 0.2796784715284716], [0.2511904595404597, 0.2539199078699079, 0.17044870129870138, 0.3244409312909314], [0.2745382653294418, 0.26094684563802223, 0.15513627320392026, 0.309378615828616], [0.2822726939726941, 0.26195662115662127, 0.16872590187590195, 0.2870447829947829], [0.20244767454767468, 0.2918734543234544, 0.20000193140193148, 0.30567693972693977], [0.3143631424131424, 0.2093548507048508, 0.14643280608280615, 0.32984920079920077], [0.2542948162948164, 0.2494513347763349, 0.19588311965811964, 0.3003707292707292], [0.22684861527361527, 0.30125798090798084, 0.1937480130980131, 0.2781453907203909], [0.31067564102564116, 0.27820243090243113, 0.1782680153180154, 0.23285391275391276], [0.22454269064269067, 0.2777361027861029, 0.202104972804973, 0.2956162337662339], [0.25665139860139863, 0.2811967809967808, 0.1742405205905207, 0.2879112998112998], [0.2256465367965369, 0.28192359307359316, 0.24070692640692645, 0.2517229437229438], [0.29267520257520274, 0.28796168831168834, 0.17071083916083915, 0.24865226995227013], [0.22279779501544217, 0.2651954894778426, 0.1820045010545011, 0.33000221445221445], [0.2342714285714286, 0.25852481962481966, 0.20329702715585082, 0.3039067246479013], [0.1595185286935288, 0.3295566378066378, 0.2406100427350429, 0.2703147907647909], [0.19293628397746057, 0.2860239982239983, 0.24490199441081795, 0.27613772338772347], [0.22284838298955947, 0.29111496477378834, 0.22581127761127776, 0.26022537462537476], [0.28785355477855484, 0.24996486487368855, 0.18166823813441468, 0.28051334221334234], [0.24130722333222332, 0.27927945942945953, 0.18450409867909873, 0.2949092185592187], [0.2929727994227994, 0.3103191197691199, 0.16528888888888896, 0.23141919191919189], [0.23894479131979146, 0.29930994283494294, 0.20211524504906872, 0.2596300207961973], [0.18569100899100902, 0.3453153013653013, 0.20720964590964597, 0.26178404373404385], [0.23472910422910426, 0.272676517926518, 0.14731259296259303, 0.34528178488178485], [0.2318474303474305, 0.3061046675546676, 0.160312914862915, 0.3017349872349873], [0.1944022311022312, 0.3394718836718839, 0.20509929123164422, 0.26102659399424105], [0.24327633477633487, 0.2521820068820069, 0.2024623931623933, 0.30207926517926514], [0.24341893661893657, 0.3050410922410923, 0.19673811743811748, 0.2548018537018538], [0.2161999888999889, 0.2978061549561551, 0.211873964923965, 0.2741198912198913], [0.19644918969918976, 0.29414131424131407, 0.20634047619047616, 0.3030690198690199], [0.2094807783719548, 0.35352694168576526, 0.1822153402153404, 0.2547769397269398], [0.19193155178155188, 0.3196649461649462, 0.2165760628260629, 0.2718274392274394], [0.2311626984126985, 0.32940125626008004, 0.20490105254222898, 0.23453499278499285], [0.2671214230214229, 0.2936194583194582, 0.1340212287712288, 0.30523788988789], [0.3119399711399712, 0.17888593073593081, 0.18301298701298715, 0.32616111111111085], [0.24113532660150333, 0.29096844625962265, 0.23942119106383825, 0.22847503607503614], [0.2073709013209013, 0.3209456210456211, 0.1998675713175714, 0.2718159063159063], [0.29040119880119886, 0.27420461760461756, 0.1542401598401599, 0.28115402375402376], [0.24861501831501845, 0.28274487179487173, 0.1993291708291709, 0.2693109390609393], [0.2157349206349207, 0.3215394938394937, 0.16385336330336325, 0.2988722222222222], [0.26180234487734516, 0.2663383616383616, 0.18443199855699863, 0.2874272949272949], [0.2140034132534134, 0.3222573815073816, 0.19191777666777676, 0.27182142857142877], [0.21061137000254654, 0.29575506519624173, 0.17963232714997432, 0.3140012376512375], [0.25445868020868034, 0.2548867132867134, 0.18987692307692322, 0.3007776834276836], [0.2466770812520812, 0.257883030858031, 0.1360954767454768, 0.35934441114441107], [0.1933387889887891, 0.2847199855699857, 0.20864671439671448, 0.31329451104451117], [0.24437279942279955, 0.2819160894660895, 0.17667229437229443, 0.2970388167388168], [0.2539706793206793, 0.26704435009435024, 0.1776545010545011, 0.3013304695304696], [0.2897817848817848, 0.27794748029748023, 0.16902700795936093, 0.26324372686137404], [0.19742324342324347, 0.29733645243645235, 0.1565382617382617, 0.34870204240204244], [0.2570605311355312, 0.2860304195804196, 0.12254230491730493, 0.33436674436674435], [0.29486911421911416, 0.29383780663780673, 0.17904634809634823, 0.23224673104673108], [0.2778088772338772, 0.29195171772671763, 0.1683453435453436, 0.2618940614940616], [0.2446047008547009, 0.2547670440670441, 0.2037300532800534, 0.29689820179820187], [0.2272331224331224, 0.3063504273504275, 0.2049517316017317, 0.26146471861471865], [0.21565691253191266, 0.30023801753801754, 0.1729701492951494, 0.31113492063492054], [0.16129935064935064, 0.28271116106116106, 0.19533041125541137, 0.360659077034077], [0.2411486818736819, 0.28377672327672326, 0.144274173049173, 0.33080042180042174], [0.26117514152514165, 0.27554241869241874, 0.15991668331668335, 0.3033657564657563], [0.2204506937506937, 0.2986236652236651, 0.21776152181152192, 0.26316411921411936], [0.22860976050093715, 0.29376050420168087, 0.22579132925897635, 0.25183840603840607], [0.24786283161283168, 0.32716653346653335, 0.17520373515373522, 0.24976689976689986], [0.2541829004329004, 0.26732950937950944, 0.16109788544788556, 0.31738970473970485], [0.20839308828426484, 0.30581561298178933, 0.19674106285871004, 0.28905023587523593], [0.21297565441094857, 0.3230961510711511, 0.18436439198056848, 0.27956380253733215], [0.1957547730047731, 0.2969514097014098, 0.23219531579531583, 0.2750985014985017], [0.20971959511077173, 0.3026933843933844, 0.18879828145710514, 0.29878873903873904], [0.2682410811410809, 0.28513445998445996, 0.1540249564161329, 0.29259950245832594], [0.260493722943723, 0.22019718059718074, 0.15712761682761678, 0.3621814796314794], [0.21281616161616168, 0.34931108891108903, 0.22044224664224668, 0.21743050283050291], [0.23269093684093692, 0.2719254412254413, 0.19131712176712182, 0.30406650016650016], [0.21895926295926296, 0.2952572205572206, 0.1966955211455211, 0.28908799533799534], [0.26977522477522486, 0.27782322122322134, 0.14702443667443668, 0.30537711732711725], [0.2131786657786659, 0.4135889665889666, 0.16688489288489286, 0.20634747474747483], [0.2514420190920192, 0.23285002220002235, 0.2561211455211458, 0.2595868131868132], [0.24366531246531253, 0.29131892829392825, 0.20194532967032972, 0.2630704295704297], [0.17603180985680994, 0.29718860861360874, 0.18237099567099577, 0.3444085858585859], [0.23532424242424252, 0.23521517926517937, 0.19005177600177597, 0.33940880230880244], [0.1973763264513265, 0.25569841269841276, 0.18600715673215673, 0.3609181041181041], [0.1932393439893441, 0.3396775113775113, 0.173595437895438, 0.29348770673770674], [0.23849514652014667, 0.2951256354756355, 0.16664691697191705, 0.2997323010323009], [0.19318492063492057, 0.2865989898989899, 0.2240212121212122, 0.29619487734487737], [0.16598362193362196, 0.2966407869907871, 0.18799701964701976, 0.34937857142857126], [0.24200661283161296, 0.29707313242313244, 0.1482439754689756, 0.31267627927627933], [0.2506297258297259, 0.32020723720723726, 0.2164718115218116, 0.2126912254412254], [0.2304588974750741, 0.22749575424575447, 0.22300274643656992, 0.31904260184260197], [0.2323016317016318, 0.2668646964146967, 0.18913475413475425, 0.3116989177489177], [0.25502748362748373, 0.24485151515151526, 0.18549609638727288, 0.3146249048337285], [0.21918909701409717, 0.24817357087357095, 0.14081709956709962, 0.39182023254523274], [0.18703891386391389, 0.2952890129478365, 0.18523081999699656, 0.332441253191253], [0.20826301280418938, 0.28863006078888437, 0.2157553763230235, 0.287351550083903], [0.2240245754245756, 0.29080429570429583, 0.23177596292596286, 0.25339516594516603], [0.25598414085914106, 0.2555488511488513, 0.21516876456876458, 0.27329824342324355], [0.18177844932844936, 0.32872531912531905, 0.2325020979020981, 0.2569941336441337], [0.24371562049062062, 0.28611795149295155, 0.17971089466089482, 0.29045553335553326], [0.23310877455877466, 0.3147104950604951, 0.1770478299478301, 0.2751329004329005], [0.2793938616938617, 0.31587627927627904, 0.17239010989010994, 0.23233974913974936], [0.23176031746031756, 0.27239402101166815, 0.18465089355089365, 0.31119476797712076], [0.19060505605505615, 0.2979289571539572, 0.19308045010545025, 0.3183855366855367], [0.18878023088023096, 0.30494728049728054, 0.2436940892440894, 0.26257839937839955], [0.2359876262626263, 0.24120269926152277, 0.23030499222999234, 0.2925046822458587], [0.2148733766233767, 0.2631869186369189, 0.19764160187638452, 0.32429810286332034], [0.2003638028638027, 0.3300434454434454, 0.22282756687756705, 0.2467651848151848], [0.2478343901196843, 0.3212000943500944, 0.13336380090497743, 0.29760171462524404], [0.2358760683760684, 0.32656778499278505, 0.22120607448107454, 0.21635007215007213], [0.2674986513486516, 0.2810982628482629, 0.1922391053391054, 0.25916398046398054], [0.36143038791274085, 0.1761119250031016, 0.15904861282508348, 0.30340907425907426], [0.22372665112665108, 0.3257274447774448, 0.1907780164280165, 0.2597678876678876], [0.2188219918969921, 0.25298547563547574, 0.1421377761127761, 0.3860547563547564], [0.21434559329559336, 0.3050868686868687, 0.21967370962370977, 0.26089382839382846], [0.23331363636363647, 0.2305832278832281, 0.2373859862359863, 0.2987171495171494], [0.21434173049173047, 0.2686923520923523, 0.1954871184371184, 0.32147879897879894], [0.2391649608561374, 0.3066120573870574, 0.17083932374814728, 0.283383658008658], [0.24877516650016662, 0.27782113719613744, 0.14249692529692534, 0.3309067710067713], [0.23455497835497843, 0.2660428571428572, 0.1562352092352093, 0.34316695526695523], [0.26283436563436585, 0.22621953046953047, 0.18492072372072382, 0.3260253801753802], [0.22351254937872606, 0.25278849842967505, 0.17068884563149275, 0.35301010656010645], [0.1965667721167721, 0.30725076590076594, 0.20976896991896996, 0.2864134920634921], [0.20151549839049845, 0.3109787296037296, 0.23310844155844168, 0.25439733044733054], [0.34151299811299807, 0.24996126373626376, 0.14329238816738823, 0.2652333499833501], [0.2327176212676213, 0.3033322732822732, 0.2236182151182152, 0.24033189033189034], [0.24251561494061505, 0.2639267732267733, 0.21225965700965704, 0.2812979548229549], [0.17193797313797318, 0.34073391053391044, 0.23330578865578863, 0.2540223276723277], [0.25549373681873694, 0.2897900654900655, 0.20086482683982695, 0.2538513708513709], [0.2530709742871508, 0.3356389887889887, 0.16106874677609972, 0.2502212901477608], [0.29716964701964715, 0.21396228771228767, 0.14892200577200584, 0.3399460594960595], [0.29029357309357307, 0.29220161782661797, 0.18114340104340107, 0.23636140803640807], [0.2216498556998557, 0.29691132756132743, 0.18048419913419916, 0.3009546176046177], [0.2233440337440338, 0.3350784271284271, 0.1664416000666001, 0.2751359390609389]]}, "rewritten": {"ids": ["97106970", "97107681", "97107821", "97107920", "97116401", "97116790", "98108580", "98109090", "98110680", "98117740", "98120530", "99107300", "99107630", "99107950", "99108330", "99108460", "99108520", "99108580", "99108890", "99109141", "99109370", "99109860", "99110050", "99111620", "99111930", "99112531", "99112641", "99112840", "99120010", "100108990", "100109890", "100109980", "100110050", "100111620", "100112060", "100115700", "100116500", "101108290", "101108500", "101110740", "101112201", "101112540", "102109850", "102112030", "102112250", "102113981", "102121440", "102121700", "103109641", "103109791", "103111990", "103112470", "103113170", "103113260", "103113270", "103117200", "103120340", "103120780", "104111380", "104117630", "104118340", "105112100", "105113170", "105113190", "105113260", "105115380", "105116860", "106112770", "106114280", "106120290", "106121220", "107113130", "107114321", "107115250", "107116340", "107116501", "107121640", "108113480", "108114040", "108114220", "108115500", "108116070", "108118630", "108120060", "108121160", "109115070", "109116750", "109117150", "109117431", "109117630", "109117730", "109118820", "109119460", "109119591", "109120560", "109121410", "110113931", "110114610", "110114720", "110117080", "110117140", "110118450", "110118930", "110119030", "111114941", "111115770", "111116100", "111116290", "111116750", "111117000", "111117200", "111118910", "111119250", "111119290", "111119950", "111120190", "111120531", "112116610", "112116880", "112117030", "112118161", "112118511", "112118550", "112118890", "112119610", "112119950", "112119980", "112120990", "112121430", "113117630", "113118421", "113118820", "113118870", "113119300", "113119480", "113119930", "113120601", "113121750", "113122230", "113122320", "113122510", "113122650"], "labels": [2, 3, 2, 0, 3, 2, 0, 1, 2, 2, 1, 3, 2, 1, 1, 0, 2, 0, 0, 3, 1, 2, 3, 3, 1, 3, 1, 2, 2, 2, 3, 1, 3, 3, 2, 1, 2, 0, 3, 3, 0, 2, 1, 2, 0, 1, 2, 1, 1, 3, 2, 1, 3, 3, 2, 0, 1, 1, 3, 0, 2, 1, 0, 3, 3, 1, 2, 1, 3, 2, 1, 1, 0, 2, 3, 1, 1, 0, 0, 3, 3, 1, 1, 1, 2, 0, 0, 2, 1, 0, 3, 3, 1, 0, 1, 0, 1, 1, 3, 1, 3, 0, 1, 0, 0, 3, 3, 2, 3, 0, 0, 0, 1, 3, 0, 3, 0, 1, 0, 2, 0, 1, 3, 3, 0, 0, 0, 2, 2, 0, 3, 0, 0, 1, 3, 1, 2, 0, 1, 1, 2, 2], "predicted_labels": [1, 3, 1, 0, 3, 3, 1, 3, 1, 1, 1, 1, 3, 1, 1, 1, 0, 1, 1, 0, 1, 1, 1, 1, 1, 3, 0, 1, 0, 3, 0, 3, 1, 1, 1, 0, 3, 3, 1, 1, 1, 3, 1, 1, 0, 1, 0, 0, 3, 3, 3, 1, 1, 3, 3, 3, 1, 1, 1, 3, 1, 3, 3, 3, 3, 3, 0, 3, 3, 1, 3, 1, 3, 1, 1, 3, 3, 1, 3, 1, 3, 1, 3, 1, 1, 1, 1, 1, 3, 1, 0, 3, 3, 1, 1, 3, 1, 1, 1, 3, 3, 1, 1, 1, 1, 1, 0, 1, 3, 1, 3, 3, 1, 3, 3, 1, 1, 1, 1, 3, 0, 3, 3, 3, 1, 3, 3, 1, 3, 1, 3, 3, 1, 3, 3, 3, 1, 3, 1, 3, 1, 3], "confidence_scores": [[0.1983446089857854, 0.32191479076479085, 0.15863391249273612, 0.32110668775668766], [0.21706238206238213, 0.2667482517482519, 0.23067845487845492, 0.2855109113109113], [0.2830170995670996, 0.2836210733710735, 0.17033321123321118, 0.26302861582861614], [0.3305421578421578, 0.19685377400377402, 0.16239356754356762, 0.3102105006105006], [0.2207594960594962, 0.27698043068043077, 0.1991250305250306, 0.30313504273504266], [0.23938240174857822, 0.2798751157339392, 0.19959149184149197, 0.28115099067599086], [0.24915362415362427, 0.32160954878454884, 0.1949111360861362, 0.23432569097569111], [0.2307229492729493, 0.24681204906204918, 0.2408892718392719, 0.2815757298257299], [0.2512144189144189, 0.2909722166722168, 0.22923818958818962, 0.22857517482517503], [0.24298948828948838, 0.27913626096126093, 0.2160859307359308, 0.26178832001332003], [0.25984977244977264, 0.29943515373515367, 0.14330389055389053, 0.29741118326118315], [0.29273802700567403, 0.31093399541634836, 0.1584762293262294, 0.23785174825174826], [0.2980070651570651, 0.19780072150072156, 0.1888160617160618, 0.3153761516261516], [0.16477575757575766, 0.32939437229437224, 0.23828376623376635, 0.26754610389610417], [0.18673537573537574, 0.31084045399045396, 0.2169067044067045, 0.2855174658674659], [0.24511619491619493, 0.30352950105450105, 0.15726188696923998, 0.29409241706006417], [0.2859252536679008, 0.2561313575313576, 0.23555405313640615, 0.22238933566433577], [0.2633386427298193, 0.28783008462126125, 0.2276317055493528, 0.22119956709956712], [0.2665010101010101, 0.2821169191919192, 0.1901063131313132, 0.26127575757575777], [0.33200578310578316, 0.2596895632145633, 0.17020740648240662, 0.2380972471972474], [0.2602263125763125, 0.27968731268731295, 0.2027117993117994, 0.2573745754245754], [0.21330174433409746, 0.31613977688977696, 0.22283383120147837, 0.24772464757464763], [0.21346722999222997, 0.28048827561327555, 0.23653793706293721, 0.2695065573315574], [0.21842857975357974, 0.3292942224442227, 0.22188014943993212, 0.23039704836226588], [0.2352714932126698, 0.2832245337995338, 0.1999739335827571, 0.28153003940503957], [0.2585329226329227, 0.2768865356865359, 0.14357580197580197, 0.3210047397047396], [0.29404007659007675, 0.2607838822941765, 0.18590387880093762, 0.2592721623148095], [0.21631415610533267, 0.3305219114219115, 0.19542982768865133, 0.2577341047841049], [0.275764801864802, 0.2661976356976357, 0.18956865911865922, 0.2684689033189034], [0.2528901154401155, 0.2566741647241649, 0.1951348928848929, 0.2953008269508268], [0.34582779720279716, 0.22647715617715636, 0.17331284548784553, 0.2543822011322013], [0.2294635289547055, 0.23897484378366748, 0.21729184149184166, 0.3142697857697857], [0.23283902568020223, 0.30373672634555, 0.22307596847596856, 0.24034827949827953], [0.28643080808080795, 0.29976410533910536, 0.17011670274170276, 0.2436883838383839], [0.24990151515151507, 0.28440151515151507, 0.22957994227994233, 0.23611702741702764], [0.30824408369408385, 0.25548785658785667, 0.15223285603285608, 0.2840352036852036], [0.24667873237873242, 0.2649658591408592, 0.19963226495726502, 0.28872314352314343], [0.2932278110778111, 0.23501308136308144, 0.14850773115773117, 0.3232513764013765], [0.23329392829392828, 0.2963711677211677, 0.184049913974914, 0.2862849900099898], [0.19055554282318998, 0.32633943833943835, 0.23540327058562363, 0.24770174825174848], [0.25953491900256626, 0.3065290764790764, 0.15948137973137974, 0.27445462478697774], [0.25428875013875013, 0.2772958874458875, 0.16455858585858596, 0.30385677655677656], [0.24643484848484848, 0.3079559218559219, 0.2175369352869354, 0.22807229437229448], [0.2272607523195759, 0.31867412587412586, 0.18964251859251863, 0.26442260321377986], [0.30652585584350295, 0.223554338961692, 0.1746979797979799, 0.29522182539682545], [0.25934859029859036, 0.30436482406482396, 0.20008680763680764, 0.23619977799977807], [0.2758239316239316, 0.24189684759684785, 0.24254886779886795, 0.23973035298035325], [0.30566722166722166, 0.2918804417804418, 0.16679421134421143, 0.2356581252081252], [0.22696603396603404, 0.256010261960262, 0.22589181929181934, 0.2911318847818848], [0.23952393358275723, 0.26230095460095465, 0.21651605061605064, 0.28165906120023754], [0.23686666666666673, 0.2765114685967626, 0.14895682977153585, 0.3376650349650351], [0.27188497417615065, 0.2912878823790589, 0.16314761741526448, 0.2736795260295261], [0.18359611499611497, 0.3542433621933622, 0.21686441891441902, 0.24529610389610407], [0.2425259962259963, 0.27966378621378624, 0.15818310023310028, 0.31962711732711735], [0.20667513483248784, 0.27242134254634254, 0.21237361527361534, 0.30852990734755426], [0.25275837495837505, 0.28239730824730835, 0.15113354978354984, 0.31371076701076694], [0.24469778554778576, 0.29207540237540264, 0.18111471861471878, 0.2821120934620935], [0.20042709863236183, 0.3274327669406616, 0.1803372706241127, 0.29180286380286385], [0.25763556443556446, 0.27370309690309685, 0.20875989010989013, 0.25990144855144864], [0.2520899655899657, 0.2472856338106341, 0.19109353424353426, 0.30953086635586646], [0.22491486568986574, 0.31619138639138633, 0.16936992451992455, 0.2895238233988235], [0.28302533381651024, 0.21656640026640034, 0.17381160424542777, 0.3265966616716617], [0.2310959021370788, 0.26343021455668525, 0.19007930566165865, 0.3153945776445778], [0.3164423853923853, 0.19646589521589533, 0.16441646686646688, 0.3226752525252527], [0.26578193473193484, 0.27199453879453905, 0.16060606615606626, 0.3016174603174605], [0.22051144215261873, 0.27283606752724393, 0.190931011798659, 0.3157214785214787], [0.29299054834054844, 0.2786860750360749, 0.1872401154401154, 0.24108326118326132], [0.23100805860805868, 0.28872729492729493, 0.1880176268176269, 0.29224701964701955], [0.21048851703851706, 0.28295562215562214, 0.16600384615384622, 0.3405520146520145], [0.24074787989787996, 0.2915121156621158, 0.19240392385392388, 0.27533608058608067], [0.24264525474525483, 0.2765101365954308, 0.1403806947954007, 0.3404639138639138], [0.19408150183150186, 0.3369080475080475, 0.23624158619158636, 0.23276886446886444], [0.18314532689532706, 0.2826602841602842, 0.1651764901764902, 0.3690178987678986], [0.22493395300351832, 0.3158716616716616, 0.18995539653583143, 0.2692389887889889], [0.21972326007326012, 0.3061114219114219, 0.2330855255855256, 0.24107979242979244], [0.23587224442224447, 0.28312231657231673, 0.17547581307581303, 0.30552962592962596], [0.2788529526029525, 0.22865440507205226, 0.1828352314352315, 0.30965741088976384], [0.24962173937173954, 0.27718621933621934, 0.21109002109002123, 0.2621020202020203], [0.20347086802086808, 0.28332394109158815, 0.1954669885669887, 0.31773820232055533], [0.25122171717171726, 0.3091354312354312, 0.17810180930180936, 0.2615410422910424], [0.21785731490731491, 0.2862218503718506, 0.20752929292929304, 0.28839154179154186], [0.265590195915196, 0.30247874347874354, 0.17624012931512936, 0.25569093129093123], [0.21444168054168064, 0.2813799422799423, 0.16567779997780002, 0.3385005772005773], [0.24081099015363733, 0.3053217615717616, 0.21309211784947088, 0.24077513042513057], [0.23501013986013994, 0.3161953879453877, 0.1758741896991899, 0.2729202824952826], [0.21234115965733616, 0.3354338189588189, 0.21917433873316236, 0.23305068265068274], [0.25299581529581533, 0.3378072871572872, 0.17758480408480412, 0.23161209346209347], [0.23285223110223113, 0.3211777833277833, 0.1988735542235543, 0.2470964313464314], [0.21172680766945476, 0.2948823421676364, 0.19152089234295117, 0.30186995781995773], [0.284849444999445, 0.3322475246975246, 0.18577246642246661, 0.1971305638805641], [0.3404812465312467, 0.24144097569097578, 0.155865922965923, 0.2622118548118549], [0.20852070707070713, 0.21059410589410604, 0.21872018928783646, 0.36216499774735067], [0.28470578865578866, 0.23881946386946395, 0.18880897435897437, 0.2876657731157733], [0.2563141747141749, 0.29899056694939036, 0.19823663558663568, 0.24645862274979935], [0.1545902597402598, 0.3255580253080253, 0.2452309135309135, 0.2746208014208015], [0.2261733194909666, 0.28836274281274293, 0.17268759573759582, 0.3127763419586949], [0.24504234099234104, 0.31414723609723616, 0.1697796037296038, 0.27103081918081934], [0.26404235209235205, 0.2956064213564214, 0.2145551948051949, 0.22579603174603197], [0.19837909867909867, 0.3530828171828172, 0.23369748029748036, 0.21484060384060388], [0.20798504273504287, 0.28809782994782984, 0.20722551892551908, 0.29669160839160846], [0.24792165612165618, 0.23904051504051513, 0.2061307581307582, 0.30690707070707074], [0.2121183982683983, 0.3074970917970918, 0.20234273504273512, 0.27804177489177495], [0.18092872127872123, 0.31877353757353744, 0.2181672605172607, 0.2821304806304807], [0.24890148740148746, 0.3158888028638027, 0.17001297036297042, 0.2651967393717395], [0.25781048314430677, 0.30539517704517705, 0.1768131618381619, 0.2599811779723546], [0.21716652236652248, 0.35787393162393183, 0.16840062160062164, 0.2565589244089245], [0.29595082140082146, 0.2583746031746033, 0.1649404761904762, 0.2807340992340994], [0.2647792707292707, 0.2863150072150072, 0.19971006771006772, 0.24919565434565444], [0.2564170718170719, 0.2215569430569431, 0.16405911865911868, 0.3579668664668665], [0.21135129870129876, 0.3222490620490621, 0.2018964646464647, 0.2645031746031746], [0.23843771506271533, 0.2634930624930625, 0.18225256687756697, 0.31581665556665545], [0.23400257520257517, 0.27847770562770563, 0.16041820401820422, 0.32710151515151514], [0.20822463647463668, 0.3344398268398267, 0.19426397491397504, 0.2630715617715617], [0.19875659063159073, 0.2872406177156176, 0.18644649239649233, 0.3275562992562991], [0.2335877067377067, 0.23239755799755799, 0.1913089410589411, 0.3427057942057941], [0.23170092130092132, 0.31132666614431315, 0.16603909423909424, 0.29093331831567143], [0.2179692751692752, 0.37749395604395614, 0.14734225774225773, 0.2571945110445111], [0.27881447441447427, 0.31092970362970385, 0.16969689199689214, 0.24055892995892994], [0.26013486790986795, 0.28685836108336127, 0.16682334887334893, 0.2861834221334222], [0.19499509379509386, 0.26854310134310133, 0.15947134532134538, 0.37699045954045973], [0.30513431568431565, 0.260093428793429, 0.15407532467532464, 0.280696930846931], [0.2623009657009658, 0.23408328338328355, 0.15470168720168737, 0.34891406371406375], [0.22316264846264855, 0.29536645021645014, 0.1445460039960041, 0.33692489732489733], [0.2259795981795982, 0.3040209679209678, 0.1414199356199357, 0.3285794982794983], [0.21672788959406605, 0.3385800457712222, 0.19511509715774428, 0.2495769674769676], [0.301732029082029, 0.22031168276168295, 0.17291854256854267, 0.3050377455877457], [0.2389272444875388, 0.286903318903319, 0.14390249554367204, 0.33026694106547055], [0.22949421134421144, 0.31144118104118107, 0.2086001221001221, 0.2504644855144856], [0.24779615939615945, 0.26954335664335666, 0.17340634920634915, 0.30925413475413477], [0.2473517815517816, 0.29891405538905536, 0.16550077145077152, 0.28823339160839173], [0.30295599955599956, 0.22676433011433023, 0.13291596085074356, 0.3373637094789269], [0.2935493950493949, 0.2477040348540348, 0.16079295704295712, 0.29795361305361306], [0.2281930902430904, 0.2966462648462646, 0.17861536241536247, 0.29654528249528234], [0.23737240537240545, 0.2631070596070599, 0.15885875235875246, 0.3406617826617827], [0.282777935952936, 0.26897043234543233, 0.14298472638472645, 0.30526690531690537], [0.2347626123876125, 0.27555381007881014, 0.15269745809745822, 0.3369861194361194], [0.25828450993451, 0.3035025252525253, 0.1744343822843824, 0.2637785825285827], [0.23804395604395617, 0.31626944721944733, 0.12593118548118545, 0.3197554112554112], [0.21256112776112787, 0.3065460705960705, 0.20902419247419265, 0.2718686091686093], [0.25971539016539025, 0.28203378843378846, 0.1455281940281941, 0.3127226273726273], [0.21372994227994235, 0.31763379398379404, 0.21791457431457442, 0.25072168942168954], [0.22156342823842842, 0.2704216755466755, 0.18829791874791885, 0.31971697746697764]]}}