{"test": {"ids": ["107120130", "108121190", "111116290", "106111321", "99111000", "99112300", "97113900", "112116540", "105115900", "110114610", "101117580", "103111480", "104113210", "105116090", "113119950", "113120531", "101108121", "106118161", "109120150", "107121230", "109117730", "109114270", "108113740", "101108621", "111114941", "102110890", "103113101", "112118620", "112121360", "97111790", "112118820", "104111780", "106116120", "99107500", "113118111", "102109840", "109116750", "106114321", "112120990", "107116300", "108115870", "108114220", "105113440", "99111340", "113121980", "112117431", "104111380", "113121680", "112117580", "99121440", "111121351", "111116100", "113118490", "110118121", "99109840", "113122170", "110115250", "97106970", "103113170", "103118110", "107120260", "113119700", "97105580", "101116130", "111116090", "106116820", "111116010", "98110230", "113119480", "110115120", "105113210", "101114990", "100111620", "98112580", "105115720", "111121220", "98108520", "98107010", "113118810", "111120640", "107112840", "111119250", "99110050", "105112260", "111116040", "107114950", "107121640", "98106560", "108120060", "112118880", "97114170", "107114110", "103113260", "101119591", "101108950", "103113640", "101115190", "97107040", "111118910", "100112060", "109119591", "100113210", "103111170", "104116800", "108115250", "112117461", "101112540", "107113200", "102110050", "97118210", "97116401", "108113620", "106117650", "109115070", "107114321", "110114561", "108115070", "99108890", "111121190", "100115700", "109120560", "105115250", "111120591", "99108580", "113120280", "101108370", "112116401", "108114360", "103120290", "105113260", "110118630", "99109161", "102111990", "107116501", "106114011", "111117120", "106115120", "105117351", "113117340", "109114030", "113121010", "112118530"], "labels": [2, 1, 2, 0, 2, 0, 2, 1, 3, 1, 3, 0, 3, 1, 0, 0, 0, 3, 2, 0, 3, 3, 3, 0, 0, 0, 3, 3, 3, 2, 0, 3, 1, 0, 1, 2, 0, 2, 2, 0, 3, 3, 0, 1, 2, 0, 3, 1, 0, 2, 0, 3, 1, 3, 2, 1, 1, 2, 3, 2, 1, 0, 1, 2, 3, 1, 1, 3, 3, 0, 3, 3, 3, 2, 1, 3, 2, 3, 3, 0, 1, 1, 3, 3, 0, 3, 1, 1, 1, 1, 2, 1, 3, 0, 2, 1, 1, 2, 0, 2, 0, 0, 2, 1, 1, 0, 2, 0, 3, 2, 3, 3, 1, 0, 0, 0, 1, 0, 1, 1, 1, 2, 1, 0, 0, 1, 0, 1, 2, 3, 1, 3, 2, 1, 1, 2, 1, 0, 2, 1, 2, 1], "predicted_labels": [0, 1, 2, 1, 1, 2, 0, 1, 3, 1, 1, 0, 3, 0, 3, 0, 3, 3, 2, 1, 0, 1, 1, 3, 0, 3, 3, 1, 0, 3, 0, 1, 1, 2, 3, 2, 1, 3, 1, 3, 3, 1, 1, 2, 3, 3, 0, 3, 0, 1, 0, 3, 2, 1, 2, 3, 3, 3, 1, 2, 1, 1, 0, 3, 0, 0, 2, 2, 0, 3, 3, 2, 2, 1, 1, 1, 1, 1, 3, 1, 1, 2, 3, 3, 0, 3, 2, 3, 1, 0, 1, 3, 1, 0, 2, 0, 2, 2, 3, 1, 1, 3, 1, 3, 0, 3, 0, 0, 2, 2, 1, 1, 1, 1, 1, 1, 1, 3, 0, 3, 3, 3, 3, 2, 0, 0, 0, 2, 2, 3, 3, 0, 0, 0, 1, 3, 1, 3, 1, 2, 3, 2], "confidence_scores": [[0.960781005154224, 0.0014410567131337444, 0.03777790439440747, 3.37382346383345e-08], [7.221841238293537e-05, 0.858081963299913, 3.258422704343954e-06, 0.14184255986499966], [0.0010855186147814575, 0.05544435431355903, 0.933339642756379, 0.010130484315280661], [0.012501808016840357, 0.9831537355651374, 0.00041084050931259274, 0.003933615908709635], [4.8005728423806436e-08, 0.9940821421694439, 0.005781006728990882, 0.00013680309583678025], [5.85134526108186e-07, 0.002015857213985202, 0.9895041109260586, 0.008479446725429893], [0.999020109135142, 7.426844322149622e-06, 0.0009410748177494088, 3.138920278637385e-05], [0.0001489693773065946, 0.999358460671736, 0.0002698265009589708, 0.00022274344999847302], [0.0007419410300480401, 3.1805083741703664e-10, 0.012152351962505902, 0.9871057066893952], [0.0006386735780499768, 0.9991149110226127, 0.00024384835242419656, 2.5670469132733443e-06], [0.007920472061337223, 0.9843205912884352, 6.845595180922291e-09, 0.0077589298046325415], [0.9892382051917975, 0.009480366747111958, 0.0010116265965997404, 0.0002698014644908565], [0.052488122324942134, 0.0005763158599094663, 0.06514703027494147, 0.8817885315402069], [0.9934267420481461, 0.0016676214903098025, 0.00010047865927981396, 0.0048051578022643565], [0.03898355290524355, 0.0009274617991399761, 4.217289927708391e-05, 0.9600468123963394], [0.9996939968740681, 4.6277809198936535e-06, 0.00022228815971329596, 7.908718529872962e-05], [0.0005372423035965242, 0.2795923599640683, 0.00021821848780448146, 0.7196521792445308], [0.2062298458497642, 0.21160696715006125, 0.015100300742061075, 0.5670628862581135], [2.2056176457529276e-06, 0.001461230453853804, 0.9982680469172762, 0.00026851701122412457], [5.8671391508588266e-05, 0.9903669269390692, 3.8259800081475126e-05, 0.009536141869340561], [0.9801728607118287, 7.051000376315538e-05, 5.647680913163226e-06, 0.01975098160349505], [0.06960155646231332, 0.5405078077720843, 0.26317832769238914, 0.1267123080732132], [0.014590548392502605, 0.9831219330126646, 0.00018054438422831245, 0.0021069742106045314], [0.33446780932582987, 0.10334200563759027, 9.851742463099044e-05, 0.5620916676119488], [0.9597734695443338, 0.001260061974996586, 1.6563447628197713e-05, 0.038949905033041285], [0.11761215505435549, 1.1169517918858031e-05, 0.35304282462467135, 0.5293338508030543], [4.742932181110615e-06, 8.944216058402762e-05, 0.02090118943136137, 0.9790046254758734], [0.46323218239123054, 0.5364321383576302, 2.4416678159567715e-05, 0.00031126257297974685], [0.9855194808764559, 7.19415598040626e-06, 0.0005553556565378623, 0.013917969311025567], [0.01676610431976743, 1.067452486311498e-05, 0.0020173092863198985, 0.9812059118690496], [0.9996993176173954, 0.0001645281044714763, 1.0644438663688783e-08, 0.00013614363369437803], [7.977688525462184e-07, 0.9999988075324817, 4.4763096407563965e-11, 3.946539027224583e-07], [1.0041004224731946e-05, 0.9521035502065154, 0.028339551618203767, 0.019546857171056073], [0.011848902427330651, 0.03967837395771718, 0.6974214200948373, 0.2510513035201147], [0.0003760599868871146, 0.09141045516925782, 0.00044242801999697866, 0.9077710568238581], [0.00020648871518079878, 0.0003773792212916187, 0.9994107055296696, 5.426533857994841e-06], [0.023506866472070308, 0.7687900931339546, 4.447178235763682e-06, 0.20769859321573927], [0.10805837039005124, 0.013522888722365543, 0.35340926083114876, 0.5250094800564344], [2.134354534730787e-05, 0.998763010816952, 0.0010185879640527246, 0.0001970576736482054], [0.002106896209177578, 0.13902898966671903, 9.063208035644686e-05, 0.858773482043747], [8.861081932576158e-05, 7.430611595609116e-06, 0.10907932291193555, 0.8908246356571431], [8.010842313610645e-06, 0.9908221346524453, 0.00916467257789925, 5.181927341759876e-06], [0.05184668284088751, 0.5204502268451354, 0.4276966646925253, 6.425621451770961e-06], [1.5185851478994517e-09, 0.0033411410249438466, 0.9936106406084194, 0.0030482168480516995], [3.167988012880215e-09, 0.00015696396647268908, 5.9228304223303697e-08, 0.9998429736372351], [0.06349900337983282, 0.007063842613744079, 5.354751422260843e-05, 0.9293836064922005], [0.4868337162534027, 0.08204411216782284, 0.4310502306224007, 7.194095637368095e-05], [8.474418976285855e-08, 5.645484205191448e-05, 0.3377476381184097, 0.6621958222953487], [0.6141367117572075, 0.0021110988092074194, 0.0022170056751019307, 0.381535183758483], [1.4236346482570592e-11, 0.9999727155198992, 2.7284446034214888e-05, 1.9829971246294204e-11], [0.6663274131820517, 0.3141705547418416, 5.969001557254353e-07, 0.019501435175951105], [0.07452147785285367, 0.00010663416404695427, 6.69432542716842e-08, 0.925371821039845], [0.183500025517608, 0.0014984924104495835, 0.5279127026551481, 0.2870887794167944], [6.421462367099989e-05, 0.9928522538601392, 5.66468794154249e-06, 0.007077866828248336], [2.825207669562376e-07, 0.002643790835433887, 0.9335970842005583, 0.06375884244324066], [3.625228431451813e-06, 0.001098174639258237, 0.03627965372777364, 0.9626185464045366], [0.03115149105906578, 0.013017571179999243, 0.07481284761529164, 0.8810180901456433], [0.2076428125312926, 0.0010577809817474545, 0.06629033995742714, 0.7250090665295328], [9.559698422665642e-05, 0.9998736975344, 6.664397150104984e-07, 3.003904165823122e-05], [3.2260034576799106e-05, 0.00012072532125756774, 0.7365965493757569, 0.26325046526840873], [0.009866951637807538, 0.9901055509556584, 2.6298151314410906e-05, 1.1992552196052683e-06], [0.0738626809731651, 0.6066414355667408, 0.3194072576809002, 8.862577919389736e-05], [0.7301493078553636, 3.3313943906076387e-06, 0.26977878907795527, 6.857167229055025e-05], [0.006210005894122022, 8.135589273198795e-06, 0.007573163532916137, 0.9862086949836886], [0.9999445196465228, 4.901399730321539e-07, 9.64426446665795e-08, 5.489377085961616e-05], [0.9186937943889639, 8.430036015179446e-06, 7.233075172094268e-07, 0.08129705226750368], [3.5258193102996084e-07, 0.04745026452937524, 0.9491848808896897, 0.003364501999003887], [0.04011100636184795, 0.0360604735860417, 0.9236752424641659, 0.00015327758794448095], [0.9999995375968473, 5.990802780572416e-11, 7.372504553879538e-11, 4.6226951972992294e-07], [0.2985781815443251, 0.0026842227277451376, 0.022432402411672665, 0.676305193316257], [1.8449596347367332e-06, 0.0002198696271623174, 4.705981856557272e-09, 0.999778280707221], [6.808847739961425e-11, 0.010745033659215728, 0.9892082194779509, 4.674679474477082e-05], [0.14470169402849042, 0.025370005926330035, 0.8295226463496201, 0.00040565369555955154], [0.001560532819681808, 0.9878904228996456, 0.007482500005559693, 0.003066544275112885], [0.00029899704466447314, 0.9986292988145374, 0.00016594714077392803, 0.0009057570000241293], [0.00025639593068651443, 0.9997268389434409, 1.7861617164038598e-06, 1.497896415613612e-05], [0.00016002720345487288, 0.9991640908925462, 6.851914439257722e-06, 0.0006690299895597564], [0.012084422303102808, 0.8005222266274171, 0.0012866654996496008, 0.18610668556983048], [0.0020184282459598606, 0.0021640752268659445, 0.002017564750507676, 0.9937999317766665], [0.3294921753440128, 0.6695948602455606, 4.92329890346402e-07, 0.0009124720805361654], [0.00035231861238522083, 0.985159694357587, 0.013693433835561911, 0.000794553194465932], [3.2285727952566882e-06, 0.04595120892253376, 0.8683870485613127, 0.08565851394335816], [3.8826030077455317e-07, 0.3083070242990348, 0.010385891335632407, 0.6813066961050321], [0.11528301841940056, 0.28219855696434587, 0.0010165103024533718, 0.6015019143138003], [0.7125239186115537, 3.6432008421712785e-06, 0.2185601431897063, 0.06891229499789785], [0.0001198022833295176, 2.302437991912496e-05, 9.987076111658728e-05, 0.9997573025756347], [0.00046208098037036385, 3.8029874800792045e-05, 0.9920593751566885, 0.007440513988140126], [0.0020925298333733656, 1.293324860648353e-05, 3.3386745999974996e-06, 0.9978911982434202], [4.749256708032843e-08, 0.9584670975440838, 0.041532854607663816, 3.5568517846217857e-10], [0.9893915750317334, 0.0035669469572771886, 0.002202601073656507, 0.004838876937332934], [1.3350667643796398e-09, 0.9949830858527564, 0.00016801511604400411, 0.004848897696132924], [0.00014539629658238344, 0.0005849210271914865, 0.021846483926776916, 0.9774231987494493], [2.139787171094337e-05, 0.9983049491377938, 1.1473549197593715e-05, 0.0016621794412975445], [0.9996138999144684, 2.5459929576470625e-06, 3.6886695117763116e-06, 0.0003798654230622598], [1.6996396829197281e-09, 6.466511101963116e-06, 0.9999740255427662, 1.9506246492210353e-05], [0.9999341887751723, 5.628276451633646e-05, 3.5894683120150455e-07, 9.169513479992229e-06], [8.389256375189757e-06, 0.004584565438481033, 0.9946507494837344, 0.0007562958214094187], [0.00844900687194176, 0.005995572659207322, 0.9626545268359852, 0.02290089363286557], [0.008576095002248707, 0.0008075256072476534, 4.7542922701937915e-06, 0.9906116250982335], [0.0017009535183915364, 0.7973828536131347, 0.200835887178218, 8.03056902558817e-05], [5.148856280722392e-06, 0.9999907474338193, 2.0806006590192518e-06, 2.0231092408134348e-06], [0.25884503795843256, 0.01691365889722665, 0.0002767353962193576, 0.7239645677481215], [0.31357434769902287, 0.5584326435345025, 0.016636761860737807, 0.11135624690573669], [0.0011078517388029303, 0.005282973942371443, 2.652602288358424e-05, 0.9935826482959421], [0.9999011386547947, 5.157632052086449e-05, 4.7091162867630346e-05, 1.9386181677613628e-07], [0.15771564646709843, 3.0742508378447444e-05, 1.7248068273467813e-09, 0.8422536092997163], [0.5175171475304582, 0.28027514080682514, 0.17041855497458894, 0.03178915668812766], [0.9085601963714647, 0.0014104097782066517, 3.287847567406802e-07, 0.0900290650655719], [0.07599457557596945, 0.009414753202685307, 0.6339065388522298, 0.28068413236911544], [6.366044934660623e-06, 5.191720819790929e-05, 0.9999360735588453, 5.643188022337193e-06], [6.155850784716407e-06, 0.8833182024479513, 0.11572769028001494, 0.0009479514212491776], [0.0064525362824420455, 0.9848175121795669, 0.00011619981818500253, 0.008613751719805695], [6.384295483146349e-07, 0.9965557525343707, 0.0002806579196623537, 0.0031629511164185348], [0.0009159491277155314, 0.9988029912761373, 4.074728377083869e-07, 0.00028065212330939237], [0.2514129985314974, 0.6929435044681966, 0.021689077724318672, 0.033954419275987455], [0.3285253692619113, 0.6700950471360164, 0.0002473427116032444, 0.001132240890469107], [0.11812848366248145, 0.8817420375922783, 2.0303296987598504e-05, 0.00010917544825263015], [4.674686913244748e-06, 0.2203770674146474, 4.154527606938325e-05, 0.7795767126223699], [0.7180467078737357, 0.08704902262606648, 0.17592682650761157, 0.018977442992586167], [0.00011115319992877855, 4.7535065116401676e-05, 0.013304995676685959, 0.9865363160582689], [6.259996523671508e-08, 0.16691202894744545, 0.07447958321317155, 0.7586083252394178], [0.02794969779892801, 0.012225989847943966, 0.0013970949980765706, 0.9584272173550515], [0.019642983894904868, 0.4320918520193189, 2.7104934059400385e-07, 0.5482648930364357], [0.002492238634212215, 0.18489042379972018, 0.8125878152938192, 2.9522272248461337e-05], [0.8667695721743982, 8.891186697100135e-06, 7.047490016715043e-05, 0.1331510617387375], [0.9996828617257792, 0.0003110253406315592, 2.9312281935808093e-07, 5.819810769741859e-06], [0.9957992791825744, 3.7357533225750644e-06, 0.00016866523349166407, 0.004028319830611249], [5.18552758291145e-07, 0.005928976249424283, 0.9891220412246468, 0.004948463973170678], [1.0129589492334894e-05, 0.0005885625860423979, 0.9992714732153342, 0.00012983460913104075], [0.014344592703602187, 4.9070942675349384e-05, 0.001412302908763733, 0.9841940334449588], [9.103309522994389e-06, 0.036995956865219844, 0.003170729726472696, 0.9598242100987845], [0.9999029763527326, 2.7731381297544543e-06, 9.425050741039689e-05, 1.7272168281942621e-12], [0.7612672773529084, 1.6260783861292843e-06, 0.2156860460525782, 0.023045050516127288], [0.9947912624735428, 0.00010189422720795821, 2.8143595140613818e-05, 0.005078699704108722], [0.13894560742253334, 0.8565384195086092, 0.004474003090663295, 4.196997819402107e-05], [0.00659849495840577, 0.029433797229688547, 2.5483318654636115e-05, 0.963942224493251], [0.02370053415228806, 0.9735419266760955, 9.303257461880637e-11, 0.002757539078584087], [0.023742957149848306, 0.020902001117752544, 1.5206482372461571e-05, 0.9553398352500267], [0.00315032857608974, 0.9341257576332431, 0.010023036194519112, 0.05270087759614791], [0.006952928936884059, 0.0024334853225284306, 0.7957952407526536, 0.19481834498793388], [0.00012425517561623763, 0.015226320096406957, 0.000985435761875113, 0.9836639889661017], [4.848541167652441e-06, 0.0010750439152915055, 0.9989050918099058, 1.5015733634910831e-05]]}, "rewritten": {"ids": ["97105580", "97106970", "97107040", "97111790", "97113900", "97114170", "97116401", "97118210", "98106560", "98107010", "98108520", "98110230", "98112580", "99107500", "99108580", "99108890", "99109161", "99109840", "99110050", "99111000", "99111340", "99112300", "99121440", "100111620", "100112060", "100113210", "100115700", "101108121", "101108370", "101108621", "101108950", "101112540", "101114990", "101115190", "101116130", "101117580", "101119591", "102109840", "102110050", "102110890", "102111990", "103111170", "103111480", "103113101", "103113170", "103113260", "103113640", "103118110", "103120290", "104111380", "104111780", "104113210", "104116800", "105112260", "105113210", "105113260", "105113440", "105115250", "105115720", "105115900", "105116090", "105117351", "106111321", "106114011", "106114321", "106115120", "106116120", "106116820", "106117650", "106118161", "107112840", "107113200", "107114110", "107114321", "107114950", "107116300", "107116501", "107120130", "107120260", "107121230", "107121640", "108113620", "108113740", "108114220", "108114360", "108115070", "108115250", "108115870", "108120060", "108121190", "109114030", "109114270", "109115070", "109116750", "109117730", "109119591", "109120150", "109120560", "110114561", "110114610", "110115120", "110115250", "110118121", "110118630", "111114941", "111116010", "111116040", "111116090", "111116100", "111116290", "111117120", "111118910", "111119250", "111120591", "111120640", "111121190", "111121220", "111121351", "112116401", "112116540", "112117431", "112117461", "112117580", "112118530", "112118620", "112118820", "112118880", "112120990", "112121360", "113117340", "113118111", "113118490", "113118810", "113119480", "113119700", "113119950", "113120280", "113120531", "113121010", "113121680", "113121980", "113122170"], "labels": [1, 2, 2, 2, 2, 2, 3, 2, 1, 3, 2, 3, 2, 0, 0, 0, 3, 2, 3, 2, 1, 0, 2, 3, 2, 0, 1, 0, 1, 0, 2, 2, 3, 1, 2, 3, 0, 2, 3, 0, 2, 2, 0, 3, 3, 3, 1, 2, 2, 3, 3, 3, 1, 3, 3, 3, 0, 2, 1, 3, 1, 0, 0, 1, 2, 1, 1, 1, 1, 3, 1, 0, 1, 0, 3, 0, 1, 2, 1, 0, 1, 3, 3, 3, 1, 1, 1, 3, 1, 1, 1, 3, 0, 0, 3, 0, 2, 1, 0, 1, 0, 1, 3, 1, 0, 1, 0, 3, 3, 2, 2, 0, 1, 1, 0, 1, 3, 0, 0, 1, 0, 0, 0, 1, 3, 0, 1, 2, 3, 2, 1, 1, 3, 3, 0, 0, 0, 0, 2, 1, 2, 1], "predicted_labels": [0, 3, 2, 3, 0, 1, 1, 2, 3, 1, 1, 0, 1, 1, 2, 3, 0, 3, 3, 1, 2, 2, 1, 2, 1, 3, 3, 1, 0, 1, 2, 1, 2, 2, 3, 1, 0, 2, 2, 0, 0, 0, 1, 3, 1, 1, 0, 3, 1, 2, 1, 3, 3, 1, 3, 3, 1, 0, 1, 3, 3, 0, 2, 0, 3, 1, 1, 3, 1, 3, 1, 0, 3, 3, 3, 3, 0, 0, 2, 1, 2, 1, 0, 0, 2, 0, 0, 3, 2, 1, 3, 3, 1, 1, 0, 1, 2, 3, 0, 1, 3, 2, 1, 3, 0, 2, 2, 0, 3, 2, 3, 3, 1, 1, 0, 0, 3, 0, 0, 1, 1, 3, 0, 2, 1, 0, 0, 1, 0, 3, 3, 2, 3, 0, 0, 3, 3, 2, 3, 3, 3, 3], "confidence_scores": [[0.5872716338487376, 2.2780022823147173e-05, 0.412659863037782, 4.572309065708777e-05], [0.025520356796972673, 0.0029934716076022586, 0.04877744307537116, 0.9227087285200538], [0.020765505166611072, 0.3519084868323965, 0.5981814186600619, 0.029144589340930557], [0.12918284689331594, 8.047905269149988e-06, 0.00042367307582158697, 0.8703854321255934], [0.9956041268429435, 2.822874902599412e-07, 0.004383537313819399, 1.2053555746804385e-05], [3.125853126516907e-08, 0.7547663371911949, 0.00011533945295177238, 0.2451182920973219], [1.8797704872831804e-05, 0.9005054778138367, 0.09836587486912664, 0.001109849612163832], [0.0004150125857109619, 0.43488342875342384, 0.5502755856511085, 0.014425973009756772], [0.04550669477917709, 0.00016480066779790144, 2.0306456882966374e-05, 0.9543081980961421], [0.13390342825835452, 0.793204312251466, 0.002057581794875926, 0.07083467769530356], [1.0468252977895214e-05, 0.9998971960273918, 1.2133815118020917e-05, 8.020190451210875e-05], [0.7100705876173921, 0.241890355375798, 0.04801621896410135, 2.2838042708576253e-05], [1.5806115343794875e-11, 0.9959432932644622, 0.004056433646445621, 2.7307328625132453e-07], [1.5773893030715556e-06, 0.9910117262366388, 0.00030252373765895347, 0.008684172636399425], [0.00024358446725358343, 0.07511986912968137, 0.9246361777557391, 3.686473259673727e-07], [0.00026547840746244425, 0.2486822145275027, 0.00010445351967329955, 0.7509478535453615], [0.9995604626960807, 0.00041707122783661565, 2.2465838952232123e-05, 2.3713042984540753e-10], [0.00010822365242748772, 9.762618577647739e-05, 0.3345553853751685, 0.6652387647866276], [5.837402089023594e-06, 2.2451819293564014e-05, 0.005468317973645826, 0.9945033928049716], [5.141135727338756e-07, 0.4883194205468726, 0.4838845162953216, 0.027795549044233123], [1.1634478820211708e-09, 0.0007844619499786432, 0.9989311625399451, 0.00028437434662832267], [0.0001431087812971245, 0.11004861375472719, 0.6448018357481422, 0.2450064417158335], [1.937145234761361e-08, 0.9775692365030421, 0.022430739416910397, 4.708595180322762e-09], [0.2991240407472276, 0.0004915861768107655, 0.7001091536867422, 0.0002752193892193179], [1.8113705458784853e-06, 0.9878088368712011, 0.01215910731451879, 3.0244443734477002e-05], [0.1892162510344859, 0.05693352798544907, 0.000784234130652204, 0.753065986849413], [0.000376332580174818, 0.0006450108355836224, 0.0017796429873616346, 0.9971990135968799], [0.00027392854113177345, 0.9529122412104525, 0.004292913539232826, 0.04252091670918296], [0.9999970542367018, 2.568513488618514e-06, 3.7154454190826446e-09, 3.7353436403009305e-07], [0.144490086123285, 0.8309452926320439, 2.813203590231645e-05, 0.024536489208768962], [6.304651135472482e-08, 1.781777592828106e-06, 0.9999662169128604, 3.193826303560036e-05], [0.037527832910231866, 0.9546483325725239, 0.005860363301260083, 0.0019634712159841135], [1.934910625104376e-12, 0.0015073719020658382, 0.9984782142060054, 1.4413889994145158e-05], [8.006969551859431e-06, 0.016339639471121385, 0.9803054384506356, 0.0033469151086912194], [0.0009837426672208694, 7.498523226887689e-06, 0.020567320711632506, 0.9784414380979197], [0.006670946443006685, 0.9898415860179556, 1.3868064017260329e-08, 0.0034874536709739536], [0.9999133695580963, 4.435699496807203e-08, 6.024283434577828e-07, 8.598365656538697e-05], [0.0005183492143150883, 0.00016573926272147422, 0.7583526694523346, 0.24096324207062889], [0.004725914544673575, 7.72507683681186e-06, 0.9355790390853261, 0.059687321293163495], [0.9947488120591915, 3.301937147812953e-07, 4.744845898379401e-05, 0.005203409288109853], [0.9260202676079234, 2.754084163581023e-07, 0.06315344230818021, 0.010826014675480191], [0.8102839894815307, 2.130241347019879e-06, 0.041678070873598455, 0.14803580940352387], [0.11010750399486788, 0.8286874280199047, 0.061088886642966723, 0.00011618134226057679], [2.4600371126464716e-05, 3.2105049934484224e-06, 0.006649065894419405, 0.9933231232294606], [0.0028220672590655495, 0.9969697193765596, 2.465014879963594e-06, 0.0002057483494948469], [1.1952650055656755e-06, 0.999088367820654, 1.0161617366047109e-05, 0.0009002752969743859], [0.9999988805135522, 1.0993958054104922e-06, 1.798125657747549e-08, 2.1093858796612395e-09], [4.636076852469155e-08, 0.10976583251334168, 0.05355844226600203, 0.8366756788598878], [2.9127022990390896e-07, 0.991443451002305, 0.008424276259036878, 0.000131981468428209], [0.020169038034282237, 0.014968230958645202, 0.9648420168765384, 2.0714130534212144e-05], [3.37542506480894e-07, 0.9999486493593681, 6.857337449445652e-08, 5.094452475095851e-05], [8.383491819403746e-05, 6.7089487966047974e-06, 0.01067972946700047, 0.989229726666009], [0.4408149280665126, 0.003664765048454041, 1.8845481152083037e-05, 0.5555014614038812], [0.015175266741324994, 0.7220341613847556, 0.00654525030639582, 0.2562453215675235], [1.0115970267453638e-06, 0.00048242236703649835, 2.421842872752065e-07, 0.9995163238516495], [6.734576668342075e-07, 3.302934945080383e-07, 8.539166594557978e-07, 0.9999981423321792], [0.023583321416114383, 0.7104688993208641, 0.26593234921019177, 1.543005282965629e-05], [0.4905081624848887, 0.004114440936123453, 0.021428308644855315, 0.48394908793413266], [0.0002695482826890659, 0.6396769817460278, 0.349666522818034, 0.010386947153249153], [0.00022255508583036144, 2.316376519480302e-12, 7.966065923133728e-05, 0.9996977842526219], [0.4759849632110013, 3.21548655558933e-05, 0.0003154013303022453, 0.5236674805931405], [0.9742662809700762, 0.01336141109236983, 1.6829182296136537e-06, 0.012370625019324689], [0.21808163372602649, 0.0001984708096586323, 0.61854982290184, 0.16317007256247487], [0.6960462169070178, 0.3038391180538382, 0.00011344983811419578, 1.2152010296429559e-06], [7.92857505666766e-05, 0.001496564624483612, 0.3015060244501215, 0.6969181251748282], [0.018055854410683293, 0.981696849471019, 7.465628004667425e-11, 0.00024729604364132643], [4.3290003381521985e-05, 0.9030106613338168, 0.018088062868329497, 0.07885798579447212], [0.1170358605267845, 5.492251512878203e-05, 6.242351433803245e-06, 0.8829029746066529], [1.5161358489988585e-06, 0.9979928315849845, 2.4227305233458355e-05, 0.001981424973933236], [0.1714554119577471, 0.0022378350163682237, 0.006057369005317993, 0.8202493840205667], [0.006270226586850304, 0.9853626484751181, 0.006847313852851209, 0.0015198110851801913], [0.7239759283284068, 0.009547927863803849, 1.7789227305776106e-07, 0.2664759659155162], [2.9449257184439023e-08, 1.4128056429222962e-09, 0.00018732680870772888, 0.9998126423292294], [0.05553667532162993, 0.0008794155402601262, 0.00013719918439353417, 0.9434467099537165], [0.000122789438452818, 0.003055737125690803, 0.00019317108801510292, 0.9966283023478412], [0.0004466799018134127, 0.0029008854101997693, 0.00011471945379408496, 0.9965377152341927], [0.9994535224148916, 2.3053826941756476e-06, 5.531786728022766e-06, 0.0005386404156862698], [0.9978293822801201, 0.00024168660187926755, 0.0019283932782226641, 5.378397780075364e-07], [0.00010297963333618308, 0.0010127793956326854, 0.9980720376690546, 0.0008122033019764426], [1.3915983168602792e-06, 0.9779956019892018, 0.0031133009558090945, 0.018889705456672463], [0.010242260112813864, 5.569489565895224e-06, 0.9741708650881098, 0.015581305309510563], [0.2372948940153588, 0.4407856820347896, 0.2950613521454395, 0.026858071804412024], [0.6651666865495431, 0.22330394762267222, 0.00047671000132151894, 0.11105265582646325], [0.4319217786802029, 0.1373006781513321, 0.4307496608650677, 2.7882303397480192e-05], [7.608138392979192e-08, 0.020870282578287342, 0.9791259857476711, 3.655592657716967e-06], [0.5073787583655023, 0.49039868916576734, 8.290421828906547e-06, 0.0022142620469014656], [0.9504324012527339, 0.022674131424172732, 0.02649087700907842, 0.0004025903140150039], [1.384317204620504e-05, 1.8204476899334742e-06, 0.008743788407835877, 0.9912405479724279], [6.684437108108158e-06, 0.44595885851434763, 0.5540344503737644, 6.67477989674613e-09], [7.811624054913882e-05, 0.8436268500399546, 0.0005792195668367777, 0.1557158141526593], [3.755680329711823e-05, 0.004395851992666525, 0.04009177185362973, 0.9554748193504066], [0.21114863855908295, 0.04329496415229265, 0.089446974539528, 0.6561094227490964], [1.304040802512702e-07, 0.9999998405609428, 2.2453877621079127e-08, 6.581099209971304e-09], [0.13038616525845126, 0.8689035271254413, 7.67302510227783e-06, 0.0007026345910053075], [0.99917082565934, 1.04110891183881e-05, 3.3243312585952352e-06, 0.0008154389202830179], [0.0006089852562086935, 0.9509103804807783, 0.0015620080474967545, 0.04691862621551633], [7.041721225603412e-06, 0.0007332458950927661, 0.9837390467385243, 0.015520665645157198], [2.428683669164357e-08, 0.0838961989628195, 0.006357349622018074, 0.9097464271283257], [0.9981458811715962, 0.0018227037200807359, 2.9544287073008516e-05, 1.8708212500091886e-06], [0.0024937358582071143, 0.9962884361856488, 0.0012160085623635502, 1.8193937803775584e-06], [0.002799455003341363, 0.0007197505206788816, 0.0005567040110191946, 0.9959240904649607], [0.0142944412077075, 0.0014789547385919122, 0.9636267720091044, 0.020599832044596155], [5.7109871993948834e-05, 0.9993507258240127, 4.520103769889404e-05, 0.0005469632662943297], [2.2471627685572065e-06, 0.009268524043276683, 0.0053223273816157875, 0.985406901412339], [0.9980865701948185, 0.000550206662411052, 7.013432483506837e-06, 0.0013562097102871348], [2.609034786751521e-07, 0.004359971311191204, 0.9946190285187134, 0.0010207392666166846], [0.3517973079295544, 1.768938515594245e-05, 0.6087782097978917, 0.039406792887397804], [0.7277752473522088, 5.087458609334736e-07, 2.1003546416038114e-08, 0.2722242228983839], [0.03286548701221579, 9.645080987808438e-06, 4.466037625550655e-08, 0.9671248232464201], [0.00030150718576807053, 0.002055436506172413, 0.9961322302064816, 0.00151082610157803], [0.0004396881898945066, 4.764603625656479e-05, 1.7343063518491657e-07, 0.9995124923432137], [0.013564271757708175, 0.009438484364864113, 0.0002522756137778984, 0.9767449682636498], [2.975764742522796e-07, 0.9553649971448357, 0.004746344202011897, 0.039888361076678064], [0.00016199156025154175, 0.5036655179160944, 3.6381586493745257e-07, 0.49617212670778926], [0.6601638231327089, 0.33977089607951644, 1.2332725811945458e-07, 6.515746051648316e-05], [0.8474576594035582, 0.012669779067474986, 0.042376062787740816, 0.09749649874122604], [0.01318561698823034, 0.11411505411624147, 7.918135404560066e-05, 0.8726201475414825], [0.7624068234477243, 0.23739284265658403, 3.763891861312601e-08, 0.00020029625677292427], [0.9301061813993545, 5.931513382773281e-07, 3.3478687641086644e-05, 0.06985974676166609], [2.896109635569119e-05, 0.9990368608111632, 0.0007940549856716701, 0.00014012310680951495], [0.07714921501794078, 0.9228502575445143, 1.4275538755313361e-08, 5.13162006308467e-07], [0.013528935490731113, 0.003288224120684722, 7.0491421175271116e-09, 0.983182833339442], [0.4113498726033481, 0.17949994791846147, 0.027829565292463315, 0.38132061418572727], [1.8109660049930568e-06, 0.0009930905558763216, 0.9989888485406089, 1.6249937509664186e-05], [0.0808223516938656, 0.9173978682112989, 2.937579830005365e-05, 0.001750404296535662], [0.7407534166350885, 0.01081325558764702, 1.3612079611035178e-06, 0.24843196656930344], [0.6588739390925251, 0.08087141684919294, 0.2585957711858639, 0.001658872872418162], [6.27724800886802e-07, 0.9998430656363672, 8.758262502070638e-05, 6.872401381109969e-05], [0.9974640124551855, 1.8645523148097025e-05, 0.0001079229853753162, 0.0024094190362910772], [0.0014111948454525432, 0.20837017255954432, 0.034427567200319406, 0.7557910653946837], [1.58236455694357e-05, 0.004433127229539911, 0.0003288139265761287, 0.9952222351983144], [0.07963381770735019, 6.355406629896067e-05, 0.7411112414519158, 0.17919138677443508], [3.038604096891962e-08, 0.0003929906505439534, 8.451448993974191e-07, 0.9996061338185158], [0.9999999290589922, 6.047722322797234e-13, 9.354018638087832e-12, 7.093104886650548e-08], [0.9984405083023167, 0.0012047407004410423, 0.00011040351883849014, 0.0002443474784040927], [0.0002133322162005888, 0.0001780537450922687, 3.0912159235720848e-06, 0.9996055228227836], [0.2825384229855164, 1.9518318698861735e-06, 6.095955316323064e-06, 0.7174535292272974], [0.3213829604673567, 4.7298488203948595e-05, 0.5945992239610994, 0.08397051708333987], [1.9401739702628922e-06, 0.0006337227540378748, 7.027530798767945e-05, 0.9992940617640043], [2.928802359681529e-08, 9.064666711372028e-07, 0.0198119833383656, 0.9801870809069396], [2.74380035388404e-09, 0.00013426247413996938, 1.9088162750342863e-08, 0.9998657156938968], [1.0974876194278617e-06, 0.026862212475948926, 0.0047517793909523185, 0.9683849106454794]]}}