{"test": {"ids": ["112118701", "106116441", "111121410", "98107210", "113121410", "111119250", "112119980", "102113210", "109115380", "105115720", "99112531", "108117451", "113121980", "108118630", "111114171", "105117431", "98111231", "105117200", "102118380", "110118181", "113121750", "109115220", "113122190", "111120540", "113117550", "105113440", "99107560", "98116500", "112119930", "111119300", "110114321", "98111860", "99109161", "109120560", "108115070", "99108080", "105118171", "107120130", "99109840", "113120640", "109114270", "106114880", "111119290", "110114920", "113119450", "111121220", "113122220", "109116441", "107117010", "99117740", "113119320", "98110710", "106116820", "113122510", "101108370", "100109980", "111114321", "111116010", "110119030", "112118860", "99109860", "102113350", "113117340", "113122430", "100116500", "99109311", "97118210", "98107410", "112117461", "99109370", "105116090", "112118550", "101108121", "107120880", "106120640", "109116930", "104114230", "103110100", "106120290", "107116300", "97112290", "107118120", "110121450", "102109850", "113122230", "99113260", "112120700", "103113260", "101109000", "113120540", "101110200", "113120260", "112116290", "98117740", "102107961", "103112470", "110117200", "97116800", "105115680", "97106591", "97106970", "105113190", "110118301", "99120010", "106111321", "104114740", "106112770", "101119030", "105114220", "97114170", "106114011", "113118810", "111120190", "113120751", "104116441", "104113000", "103109791", "98109230", "108116070", "105113620", "99107630", "109120621", "103111540", "112118471", "105112240", "105113480", "102121440", "110121500", "99112641", "112119610", "113121810", "99107950", "110116300", "108119550", "103120290", "103113610", "106113170", "103117461", "102110890", "100109360", "106116370", "97107681"], "labels": [0, 0, 0, 1, 0, 1, 0, 3, 3, 1, 3, 2, 2, 1, 3, 1, 1, 3, 1, 1, 0, 3, 1, 1, 3, 0, 1, 2, 1, 1, 1, 0, 3, 1, 1, 3, 3, 2, 2, 0, 3, 0, 3, 3, 3, 3, 1, 3, 1, 2, 1, 2, 1, 2, 1, 1, 1, 1, 0, 3, 2, 3, 2, 2, 2, 1, 2, 3, 0, 1, 1, 3, 0, 1, 3, 0, 2, 1, 2, 0, 1, 3, 3, 1, 1, 0, 2, 3, 1, 3, 2, 3, 0, 2, 3, 1, 3, 0, 2, 1, 2, 3, 1, 2, 0, 2, 1, 3, 3, 2, 1, 3, 3, 1, 1, 1, 3, 1, 1, 0, 2, 1, 1, 1, 1, 0, 2, 3, 1, 0, 2, 1, 3, 1, 2, 2, 0, 0, 0, 0, 2, 3], "predicted_labels": [3, 1, 0, 1, 3, 3, 3, 3, 1, 1, 3, 3, 3, 3, 1, 1, 0, 3, 1, 3, 3, 3, 3, 3, 3, 1, 3, 1, 3, 1, 1, 2, 0, 3, 1, 3, 1, 3, 3, 0, 3, 1, 3, 3, 3, 3, 3, 0, 1, 3, 3, 3, 1, 1, 0, 0, 1, 3, 0, 1, 1, 2, 1, 3, 3, 3, 3, 3, 3, 3, 3, 3, 1, 3, 1, 3, 1, 0, 3, 3, 1, 1, 1, 1, 0, 1, 1, 3, 1, 0, 1, 0, 1, 3, 1, 1, 3, 0, 1, 3, 3, 0, 1, 3, 1, 3, 3, 0, 0, 3, 1, 3, 3, 3, 3, 3, 3, 3, 1, 1, 3, 3, 3, 3, 1, 3, 1, 0, 0, 3, 1, 3, 0, 3, 2, 3, 1, 3, 3, 0, 0, 3], "confidence_scores": [[0.22913008658008674, 0.2720869297369297, 0.1865606227106228, 0.31222236097236106], [0.2579444888444889, 0.3175342546342548, 0.14979184704184706, 0.2747294094794095], [0.28703102453102475, 0.28666575646575637, 0.13943205128205136, 0.2868711677211678], [0.24068320176555472, 0.26706127761127774, 0.23075322455322467, 0.2615022960699433], [0.23643559610324313, 0.2609461704961705, 0.13191607999843305, 0.37070215340215307], [0.20504010989010993, 0.29091889776889757, 0.1976013597513599, 0.3064396325896327], [0.2062616161616161, 0.28374174159174154, 0.16225112665112676, 0.34774551559551575], [0.30581805971805986, 0.21429459984459986, 0.17035093795093798, 0.30953640248640263], [0.20441746586746595, 0.3004446331446331, 0.21810925740925757, 0.2770286435786438], [0.22097821067821077, 0.33113194583194583, 0.17761793761793765, 0.2702719058719059], [0.2854320346320345, 0.20782798867798874, 0.21704486069486081, 0.2896951159951161], [0.32686273334508625, 0.2010768231768232, 0.1439414363414364, 0.3281190071366541], [0.2059593795093796, 0.2877911976911978, 0.17716738816738822, 0.3290820346320346], [0.21791509879009877, 0.2938553712627242, 0.16167628286745944, 0.32655324707971783], [0.2596268120768121, 0.30949523809523816, 0.13059217726717728, 0.30028577256077255], [0.24166494420612075, 0.30827864325217286, 0.18430604346633767, 0.26575036907536914], [0.29004731542966844, 0.2427393439893439, 0.1796206182706184, 0.2875927223103692], [0.23599467036231753, 0.26956438169673463, 0.2080587329337328, 0.28638221500721506], [0.23084727886492604, 0.27423203071438373, 0.23018940503940516, 0.26473128538128554], [0.274467193917194, 0.28318085248085223, 0.15107620157620164, 0.29127575202575207], [0.2661939116439117, 0.28563951048951036, 0.12718192918192925, 0.3209846486846489], [0.20739925629925635, 0.25344103119103123, 0.15751620601620603, 0.38164350649350637], [0.23970757575757587, 0.2356279739867976, 0.23223792318792336, 0.29242652706770356], [0.23277006882006893, 0.2719108807858809, 0.20034370351870356, 0.2949753468753469], [0.28461183261183265, 0.22936067821067838, 0.17210483405483407, 0.31392265512265516], [0.23359109779109793, 0.28416954711954723, 0.22669625929625936, 0.25554309579309586], [0.23342716450216466, 0.27262005772005765, 0.18395129870129873, 0.310001479076479], [0.21959948939948956, 0.27566876456876455, 0.232040392940393, 0.27269135309135306], [0.23663620268620272, 0.25418694083694093, 0.20802565767565784, 0.30115119880119867], [0.2641481934731936, 0.296268462093462, 0.15921537351537357, 0.28036797091797105], [0.22549355089355097, 0.2931423298923301, 0.21212888222888235, 0.2692352369852371], [0.1908560717060719, 0.2604379897879898, 0.28858723498723493, 0.2601187035187037], [0.3044575258075259, 0.22448584193584192, 0.18863412698412696, 0.28242250527250534], [0.21088033355533373, 0.23990967643467648, 0.2240403041403042, 0.32516968586968575], [0.2588171642083408, 0.32903281130634066, 0.1837566900419842, 0.22839333444333448], [0.2784403818403818, 0.25627493617493635, 0.1816915806415808, 0.2835931013431015], [0.244167476967477, 0.31643926628926633, 0.1625297757797759, 0.27686348096348107], [0.24327525252525262, 0.2555897416309182, 0.23265413116295475, 0.26848087468087456], [0.19193270340770338, 0.2788861499611501, 0.20639815184815188, 0.3227829947829948], [0.28833177378177394, 0.2712671495171497, 0.15389735819735828, 0.2865037185037186], [0.2386743609331845, 0.26215361109478735, 0.21732014097014102, 0.28185188700188707], [0.2129211566211567, 0.3269927627927629, 0.22758567821067824, 0.23250040237540245], [0.18196726606726618, 0.3127626151626151, 0.19187746697746713, 0.31339265179265186], [0.23040632145632142, 0.3220910783660784, 0.12454762182262183, 0.32295497835497855], [0.2616765956265958, 0.25318383283383283, 0.1723279942279943, 0.3128115773115773], [0.24321041181041186, 0.2531393939393941, 0.1461786657786658, 0.35747152847152824], [0.26834668109668103, 0.2788065379065381, 0.16275815573315577, 0.2900886252636252], [0.3261827006327006, 0.2670421855921857, 0.12414649239649242, 0.2826286213786213], [0.19419526584526586, 0.2989326895326894, 0.22072564102564116, 0.28614640359640364], [0.2779282106782106, 0.22434921189921203, 0.1943850871350873, 0.3033374902874903], [0.2840235431235433, 0.2701212481962482, 0.1386549062049063, 0.3072003024753025], [0.2157427516927518, 0.26937747807747814, 0.219135533910534, 0.29574423631923635], [0.22474121989121992, 0.31605937950937946, 0.1834014430014431, 0.2757979575979576], [0.23298273393273405, 0.2810503108003108, 0.22478860028860032, 0.261178354978355], [0.38646200466200464, 0.2434969225219227, 0.1449971805971807, 0.22504389221889218], [0.3080906779495015, 0.2738643642305407, 0.17112761682761693, 0.2469173409923411], [0.25403353868353884, 0.33254503274503266, 0.2049224775224775, 0.2084989510489511], [0.21577322677322688, 0.29303949106449106, 0.19523272838272848, 0.2959545537795539], [0.28742522477522486, 0.24554545454545462, 0.20506594516594528, 0.26196337551337545], [0.2587359390609391, 0.2816902783491022, 0.20815047730047737, 0.25142330528948187], [0.20957627372627363, 0.2870067543567544, 0.22380583860583875, 0.27961113331113335], [0.25406989399489405, 0.2326245643245644, 0.2571261960261961, 0.25617934565434564], [0.23166551226551232, 0.30159004884004886, 0.1793538683538683, 0.28739057054057066], [0.2046227494727496, 0.2820578421578422, 0.20943239538239544, 0.30388701298701315], [0.25045528915528936, 0.23144910449028108, 0.21531172357054715, 0.3027838827838829], [0.25236322011322004, 0.2484992063492063, 0.21161350316350322, 0.28752407037407063], [0.27611971361971355, 0.24188068043068053, 0.2014795454545455, 0.28052006049506045], [0.2698957875457878, 0.2522989177489179, 0.1912720612720613, 0.2865332334332335], [0.27719324009324026, 0.22351580086580095, 0.15859240204240208, 0.340698556998557], [0.27221642246642247, 0.26526820401820417, 0.18364947274947283, 0.27886590076590095], [0.25423531305296027, 0.24797987567987567, 0.22343249691484993, 0.27435231435231444], [0.22590800865800872, 0.24427541902541913, 0.15343184038184038, 0.3763847319347317], [0.22390069375069382, 0.3053335497835499, 0.19226849816849823, 0.2784972582972584], [0.23486741036741043, 0.27742208347208364, 0.18541289821289827, 0.3022976079476079], [0.2114903984903985, 0.35697125652125633, 0.1835467643467644, 0.24799158064158072], [0.2448355366855368, 0.2330026917526918, 0.2228666555666555, 0.29929511599511605], [0.20644211344211355, 0.321422181413358, 0.21039484045366422, 0.26174086469086466], [0.3227351232101231, 0.20541679709179717, 0.19268033078033078, 0.2791677489177491], [0.25331185860922706, 0.27357575757575764, 0.19002821622821633, 0.28308416758679916], [0.264968031968032, 0.24239224109224114, 0.1775785270285272, 0.31506119991119985], [0.2651828504828507, 0.28072171717171723, 0.18557210567210583, 0.2685233266733268], [0.2402088689088689, 0.29774590409590407, 0.18081105006105014, 0.2812341769341771], [0.26234081278198934, 0.2923523584258878, 0.1717502631355573, 0.2735565656565657], [0.22392375010610308, 0.2774474025974029, 0.24857886002886012, 0.2500499872676343], [0.2728464646464648, 0.26202106782106804, 0.19517828282828287, 0.2699541847041849], [0.2477738095238095, 0.28013431013431017, 0.23259393939393938, 0.23949794094794105], [0.2451718337218338, 0.28881591741591733, 0.1873755244755245, 0.2786367243867244], [0.255071262071262, 0.2607339826839828, 0.19302849372849384, 0.2911662615162615], [0.22199071484071495, 0.2881466033966034, 0.20339575424575426, 0.28646692751692765], [0.30943601953601946, 0.25305330780330787, 0.15452822177822179, 0.28298245088245105], [0.22990646575646584, 0.3246539682539682, 0.1881356338106339, 0.2573039321789322], [0.27028108660345523, 0.23865530303030308, 0.22475178710178714, 0.2663118232644549], [0.27441729936729936, 0.29329951159951156, 0.19924036519036523, 0.2330428238428239], [0.21458399933399944, 0.24683904151404165, 0.21240806970806977, 0.32616888944388944], [0.2294832526950174, 0.28292087357087353, 0.23173870851370867, 0.25585716522040064], [0.197778318903319, 0.3218529082029084, 0.20822775557775575, 0.2721410173160175], [0.26972548007548014, 0.25687489177489176, 0.2028569153069154, 0.2705427128427128], [0.32594390772626075, 0.2290676895000426, 0.20363794342911998, 0.24135045934457705], [0.22266726606726625, 0.3402834554334554, 0.16662950937950938, 0.2704197691197691], [0.24253565046065068, 0.25847137584637586, 0.21305743423243437, 0.28593553946053946], [0.23393328615828626, 0.22917991452991465, 0.2119699356199357, 0.3249168636918638], [0.33584497169497174, 0.2425887445887447, 0.13422292152292162, 0.28734336219336226], [0.21511037851037865, 0.32900984570984565, 0.1565314685314686, 0.29934830724830735], [0.20350523920523925, 0.2622038961038961, 0.23520397935397952, 0.2990868853368852], [0.24446888666888678, 0.2951525252525252, 0.16925089910089913, 0.2911276889776889], [0.20031022311022317, 0.2515270451770453, 0.22280299145299154, 0.32535974025974046], [0.18536408591408593, 0.2622684260184259, 0.23702820512820522, 0.315339282939283], [0.30705243469980303, 0.25009776334776346, 0.1733124098124098, 0.2695373921400239], [0.2866122138095822, 0.25758477633477644, 0.20538875568875573, 0.2504142541668858], [0.24810507825507827, 0.25316962481962485, 0.19574925629925635, 0.3029760406260406], [0.28126438561438566, 0.2864150266400267, 0.1922002802752803, 0.24012030747030755], [0.23244004884004893, 0.25047097347097347, 0.17239361194361205, 0.34469536574536586], [0.2591561327561329, 0.27779220779220776, 0.1722843434343436, 0.29076731601731604], [0.20792678155178165, 0.28685326340326345, 0.20352100122100136, 0.3016989538239538], [0.288093450993451, 0.25890741480741497, 0.14549790764790768, 0.3075012265512266], [0.267926326288091, 0.26066481296481314, 0.1629837162837164, 0.3084251444633797], [0.23499407259407265, 0.25830102675102684, 0.2480403873903874, 0.25866451326451345], [0.24963388000888004, 0.24852008824508823, 0.23531899766899772, 0.266527034077034], [0.25910575813075826, 0.27323279220779234, 0.2091405400155401, 0.25852090964590974], [0.2352742646242648, 0.2918932678432681, 0.22361142942025306, 0.24922103811221472], [0.31485102397602394, 0.21717711063446365, 0.14092317486435144, 0.3270486905251611], [0.2781974747474749, 0.24984047619047642, 0.16754159451659467, 0.30442045454545447], [0.2747261183261183, 0.23497390387390393, 0.20719891774891774, 0.2831010600510601], [0.2608649628149629, 0.25440480630480644, 0.1976184704184705, 0.2871117604617604], [0.22885716113951413, 0.3023827006327006, 0.17803286158286166, 0.2907272766449238], [0.21471186868686873, 0.2594222360972362, 0.2005366300366301, 0.3253292651792653], [0.24074949494949502, 0.3083048285048284, 0.18341955821955827, 0.26752611832611856], [0.3528737762237762, 0.23855076035076048, 0.14620538905538905, 0.2623700743700745], [0.29149085914085915, 0.257222127872128, 0.18618495393495396, 0.2651020590520592], [0.23378890276390285, 0.2680136807636809, 0.22683147130647136, 0.27136594516594514], [0.19818290043290052, 0.2875155733155734, 0.2744387556887557, 0.23986277056277072], [0.17344232434232446, 0.26944935619935634, 0.26157871572871577, 0.29552960372960374], [0.2806545676545676, 0.27320471195471197, 0.18150232822732823, 0.26463839216339213], [0.2670355699855701, 0.24205853590853604, 0.1941268814518816, 0.2967790126540127], [0.23084297924297942, 0.22944052059052072, 0.28693538128538126, 0.252781118881119], [0.2572117882117882, 0.21050559995560003, 0.23822352092352106, 0.294059090909091], [0.2588340215340216, 0.3039283050283051, 0.1450351037851039, 0.2922025696525696], [0.22134652732888033, 0.26291103896103923, 0.19080370185370202, 0.324938731856379], [0.25684998334998344, 0.2147384060384062, 0.23359749694749707, 0.2948141136641137], [0.2912127095127094, 0.2565147630147631, 0.1979061827061828, 0.2543663447663449], [0.31639321789321795, 0.22422886002886003, 0.17044682539682554, 0.2889310966810968], [0.21949649794649803, 0.24383450438450452, 0.23115639915639913, 0.3055125985125986]]}, "rewritten": {"ids": ["97106591", "97106970", "97107681", "97112290", "97114170", "97116800", "97118210", "98107210", "98107410", "98109230", "98110710", "98111231", "98111860", "98116500", "98117740", "99107560", "99107630", "99107950", "99108080", "99109161", "99109311", "99109370", "99109840", "99109860", "99112531", "99112641", "99113260", "99117740", "99120010", "100109360", "100109980", "100116500", "101108121", "101108370", "101109000", "101110200", "101119030", "102107961", "102109850", "102110890", "102113210", "102113350", "102118380", "102121440", "103109791", "103110100", "103111540", "103112470", "103113260", "103113610", "103117461", "103120290", "104113000", "104114230", "104114740", "104116441", "105112240", "105113190", "105113440", "105113480", "105113620", "105114220", "105115680", "105115720", "105116090", "105117200", "105117431", "105118171", "106111321", "106112770", "106113170", "106114011", "106114880", "106116370", "106116441", "106116820", "106120290", "106120640", "107116300", "107117010", "107118120", "107120130", "107120880", "108115070", "108116070", "108117451", "108118630", "108119550", "109114270", "109115220", "109115380", "109116441", "109116930", "109120560", "109120621", "110114321", "110114920", "110116300", "110117200", "110118181", "110118301", "110119030", "110121450", "110121500", "111114171", "111114321", "111116010", "111119250", "111119290", "111119300", "111120190", "111120540", "111121220", "111121410", "112116290", "112117461", "112118471", "112118550", "112118701", "112118860", "112119610", "112119930", "112119980", "112120700", "113117340", "113117550", "113118810", "113119320", "113119450", "113120260", "113120540", "113120640", "113120751", "113121410", "113121750", "113121810", "113121980", "113122190", "113122220", "113122230", "113122430", "113122510"], "labels": [1, 2, 3, 1, 2, 0, 2, 1, 3, 1, 2, 1, 0, 2, 2, 1, 2, 1, 3, 3, 1, 1, 2, 2, 3, 1, 0, 2, 2, 0, 1, 2, 0, 1, 1, 2, 3, 3, 1, 0, 3, 3, 1, 2, 3, 1, 1, 1, 3, 2, 0, 2, 1, 2, 2, 1, 1, 3, 0, 0, 0, 3, 2, 1, 1, 3, 1, 3, 0, 1, 0, 1, 0, 2, 0, 1, 2, 3, 0, 1, 3, 2, 1, 1, 1, 2, 1, 1, 3, 3, 3, 3, 0, 1, 1, 1, 3, 3, 3, 1, 1, 0, 3, 3, 3, 1, 1, 1, 3, 1, 3, 1, 3, 0, 0, 0, 1, 3, 0, 3, 0, 1, 0, 2, 2, 3, 3, 1, 3, 3, 3, 0, 1, 0, 0, 2, 2, 1, 1, 1, 2, 2], "predicted_labels": [3, 3, 3, 1, 3, 0, 0, 3, 0, 0, 3, 3, 3, 3, 3, 3, 3, 2, 0, 0, 3, 3, 3, 1, 3, 0, 3, 0, 3, 3, 0, 3, 3, 0, 3, 1, 1, 0, 1, 3, 0, 0, 3, 3, 3, 0, 3, 3, 3, 0, 1, 3, 3, 3, 3, 3, 1, 0, 3, 3, 1, 0, 1, 1, 0, 3, 1, 0, 3, 3, 3, 0, 1, 0, 1, 1, 3, 1, 3, 1, 3, 3, 3, 1, 1, 3, 3, 1, 3, 3, 1, 0, 3, 3, 3, 3, 3, 3, 3, 3, 3, 0, 3, 0, 0, 1, 3, 3, 3, 3, 0, 1, 3, 1, 0, 3, 0, 3, 3, 1, 3, 1, 3, 1, 1, 1, 3, 3, 0, 3, 0, 1, 3, 3, 3, 1, 3, 3, 3, 3, 3, 1], "confidence_scores": [[0.2653312992562993, 0.2578534854034855, 0.18160429570429573, 0.29521091963591983], [0.22759327894327902, 0.2609354106677637, 0.20336124790242452, 0.30811006248653316], [0.21176170496170516, 0.23294603174603173, 0.21146361971361977, 0.34382864357864357], [0.2835800144300145, 0.28952099567099554, 0.16523251193251198, 0.261666477966478], [0.2544511322011322, 0.2650166860916862, 0.20176150238650237, 0.2787706793206794], [0.28230239760239767, 0.24619444444444452, 0.22470462870462873, 0.24679852924852932], [0.29443759018759025, 0.2243358419358422, 0.19160873015873026, 0.28961783771783767], [0.2313470251970253, 0.24051544011544013, 0.2297955544455545, 0.2983419802419804], [0.2816335109335112, 0.2417638472638473, 0.21096199911199923, 0.2656406426906429], [0.27105411810411817, 0.2422591020091021, 0.2222039238539239, 0.2644828560328561], [0.2726721889221889, 0.26221403041403046, 0.17445183705183714, 0.29066194361194353], [0.27027260680496, 0.253174963924964, 0.18369022644022653, 0.2928622028298498], [0.21059059274059283, 0.24556923631923636, 0.25044071484071484, 0.29339945609945606], [0.2708477022977023, 0.2682673382173382, 0.17674715284715295, 0.2841378066378067], [0.2378250360750361, 0.21946284271284283, 0.21969739149739162, 0.32301472971472955], [0.26340462315462326, 0.2423766400266401, 0.19499131979131995, 0.299227417027417], [0.30142061272061277, 0.21872218500453808, 0.1783985994397761, 0.3014586028350733], [0.18449980019980022, 0.27818400488400497, 0.28255876623376625, 0.2547574286824286], [0.2947309690309692, 0.25653596958596975, 0.18218276168276185, 0.2665502997002998], [0.3469125374625374, 0.22926455766455775, 0.1902786463536464, 0.23354425851925872], [0.22889002386502397, 0.26131085858585856, 0.197381018981019, 0.31241809856809877], [0.2704698634698634, 0.24350296011178377, 0.17117977022977027, 0.3148474061885827], [0.20688407703407705, 0.2506391497391498, 0.2350834831834833, 0.3073932900432899], [0.2327738095238096, 0.2754235930735931, 0.22323239538239548, 0.26857020202020215], [0.2920096126096128, 0.22259607614607624, 0.18353946608946614, 0.3018548451548451], [0.3129015523691994, 0.22970762570762587, 0.17538134528869836, 0.28200947663447695], [0.24665352980352986, 0.23636745476745485, 0.2573381618381619, 0.2596408535908537], [0.2881671661671661, 0.2530680319680321, 0.19003666333666347, 0.26872813852813865], [0.2133878399378401, 0.2555714507714509, 0.2469918636918638, 0.2840488455988456], [0.2536776778776777, 0.23292061272061282, 0.21502533022533038, 0.29837637917637927], [0.33842213538095894, 0.19741176682794326, 0.18925264180264184, 0.27491345598845607], [0.25653122433122433, 0.22928264513264532, 0.2044152902652904, 0.30977084027084034], [0.2807963647463649, 0.24229958929958934, 0.1769565545565546, 0.2999474913974914], [0.330581524031524, 0.2537766361089891, 0.1577972951884718, 0.25784454467101536], [0.2362087468087469, 0.26678423243423255, 0.21377426462426466, 0.28323275613275606], [0.2389154206904207, 0.3057894688644689, 0.21064333999334003, 0.24465177045177058], [0.29089285714285723, 0.29894068709068705, 0.16131674436674445, 0.24884971139971135], [0.26206956638133116, 0.2607962315462317, 0.22042499167499194, 0.25670921039744576], [0.23010897435897437, 0.2799838661338662, 0.25198270618270624, 0.2379244533244534], [0.2548936396936399, 0.23060644355644364, 0.19038436008436008, 0.3241155566655567], [0.3140254745254746, 0.202774309024309, 0.18168795093795095, 0.3015122655122656], [0.2747193972693973, 0.25996726606726617, 0.24214995004995013, 0.22316338661338672], [0.24253451940216655, 0.26852209065444377, 0.2007816072816073, 0.28816178266178283], [0.21821815406815415, 0.2690076118326119, 0.19781126096126106, 0.31496297313797306], [0.18949478299478306, 0.25601547341547354, 0.26729575979576004, 0.2871939837939838], [0.32082859362859356, 0.20803530913530913, 0.21446769896769902, 0.2566683982683983], [0.24474774947274977, 0.2432604034854036, 0.20024942279942293, 0.31174242424242404], [0.2367288211788212, 0.24826208513708525, 0.20578906371406377, 0.30922002997003006], [0.25472593795093806, 0.2691441835941837, 0.1812657453657455, 0.29486413308913306], [0.2530271423021424, 0.24751668886668904, 0.2476000721500723, 0.2518560966810967], [0.21411026751026763, 0.2987332056832058, 0.2029240925740928, 0.2842324342324343], [0.2365567904317906, 0.25479845709845717, 0.25063943001443, 0.25800532245532254], [0.25783019464195944, 0.27320162337662357, 0.15993948551448556, 0.30902869646693176], [0.23338882228882235, 0.26279140108257765, 0.2212144208732446, 0.28260535575535567], [0.22947257448433928, 0.268755760905761, 0.17240206460206475, 0.32936960000783533], [0.2833878288378288, 0.24731294261294273, 0.16416204906204906, 0.3051371794871795], [0.22826025086025092, 0.2963232989232988, 0.19135243090243093, 0.2840640193140193], [0.3331665057165058, 0.23245047175047182, 0.14114659784659786, 0.29323642468642463], [0.24280094627594637, 0.26730138750138743, 0.21226527361527373, 0.27763239260739264], [0.23554811854811872, 0.2855451492951492, 0.16739875679875682, 0.31150797535797536], [0.24713660228660242, 0.3181845432345433, 0.1848046897546899, 0.24987416472416482], [0.3068289765789766, 0.26925599400599404, 0.18889478299478304, 0.23502024642024652], [0.19150166777666774, 0.3354444805194805, 0.17822807192807197, 0.2948257797757798], [0.22121825396825404, 0.33783196248196246, 0.21145735930735932, 0.2294924242424243], [0.2799852813852815, 0.2398077922077923, 0.22800656565656557, 0.25220036075036084], [0.24146872294372307, 0.26794885947385955, 0.208069624819625, 0.28251279276279273], [0.21365336885336894, 0.29343876678876685, 0.21048607503607508, 0.28242178932178946], [0.3007933621933623, 0.2591510822510823, 0.14345317460317467, 0.29660238095238123], [0.28242205294705286, 0.28076775169275175, 0.1514418081918083, 0.2853683871683872], [0.1969207958707959, 0.2886739871239871, 0.22082212787212802, 0.2935830891330892], [0.26561117216117225, 0.2839258019758019, 0.15779013209013218, 0.29267289377289374], [0.32095445110445114, 0.2576389665889665, 0.2052054057054057, 0.21620117660117685], [0.2501503274503275, 0.30801240981240996, 0.21053141303141307, 0.2313058497058497], [0.311040959040959, 0.2128961982461983, 0.17139610389610396, 0.3046667388167388], [0.26035887445887446, 0.31557148407148444, 0.1608505772005773, 0.2632190642690643], [0.26323008103008116, 0.30014992784992794, 0.16419245199245205, 0.2724275391275392], [0.25233095617832463, 0.2818290043290045, 0.17649559884559884, 0.28934444064707227], [0.23823484293484293, 0.325171658896659, 0.17873802031302033, 0.25785547785547813], [0.28930505050505045, 0.2619855255855257, 0.15503626373626384, 0.2936731601731602], [0.1782313989931638, 0.3020470751470751, 0.2283729714729715, 0.29134855438678975], [0.25989310134310145, 0.26761379176379163, 0.1803057831057831, 0.29218732378732376], [0.2253599456099457, 0.2634210353372119, 0.2187169516757753, 0.29250206737706763], [0.24216789599289615, 0.23590128482628508, 0.17858942723942733, 0.3433413919413918], [0.24711925656043318, 0.3134923351158646, 0.1883635831488774, 0.25102482517482516], [0.2637083888333888, 0.2848629767291533, 0.1788381915470152, 0.272590442890443], [0.30427532630767956, 0.2210304917304918, 0.14411583971583983, 0.3305783422459892], [0.247141810966811, 0.27465257405992705, 0.16934001358119016, 0.30886560139207214], [0.25425887445887446, 0.2807633477633478, 0.20674325396825408, 0.2582345238095239], [0.2572909221497457, 0.25365043649161284, 0.1867080197580199, 0.3023506216006216], [0.20827502758679217, 0.22104855699855708, 0.16495930735930742, 0.4057171080553433], [0.19863258408258425, 0.33051022311022316, 0.21806644466644465, 0.25279074814074826], [0.3092740204240204, 0.24913196248196257, 0.1503197691197692, 0.2912742479742481], [0.2675836108336108, 0.22797650127650126, 0.23111482961482974, 0.27332505827505843], [0.20468338050838059, 0.24105055500055506, 0.2243675047175048, 0.32989855977355986], [0.2893040626040626, 0.2510262015762017, 0.16435921023421027, 0.29531052558552556], [0.24893678821178838, 0.25520609668109684, 0.20448565878565883, 0.29137145632145633], [0.24900154845154848, 0.2796288655788657, 0.14934030969030973, 0.3220292762792763], [0.27148506493506486, 0.27598080808080816, 0.17286340326340335, 0.2796707237207237], [0.22393660783660793, 0.27267568265068265, 0.19701907814407824, 0.3063686313686313], [0.29068787878787866, 0.27304659784659785, 0.14140722610722614, 0.2948582972582971], [0.27580162615162623, 0.2883041125541126, 0.13085377400377404, 0.3050404872904874], [0.2899650738150739, 0.2299767177267178, 0.20586265956265962, 0.274195548895549], [0.24278542013542023, 0.2887139749139748, 0.1420907203907205, 0.3264098845598845], [0.3396697330447328, 0.26992827727827734, 0.1523855033855035, 0.23801648629148642], [0.28588181818181807, 0.28027820235320244, 0.15787168109668112, 0.27596829836829867], [0.2353022660346191, 0.3196440337440338, 0.18809045954045958, 0.2569632406808878], [0.2644171828171828, 0.2522210261960262, 0.17271565656565666, 0.31064613442113426], [0.18913414918414923, 0.2869340048840049, 0.20636135531135544, 0.3175704906204906], [0.2003525086025087, 0.26760937950937963, 0.2177367521367523, 0.31430135975135975], [0.26648081918081923, 0.2772383394383395, 0.15889692529692528, 0.29738391608391607], [0.29106222111222124, 0.2622370351870352, 0.17507037962037966, 0.2716303640803641], [0.24077699522699533, 0.3045342574092574, 0.17284341295958955, 0.281845334404158], [0.21020946275946278, 0.2480725496725498, 0.1420768620268621, 0.3996411255411254], [0.25990436785436793, 0.28872178377178387, 0.17164370629370634, 0.2797301420801419], [0.2921414335664335, 0.23895203962703976, 0.20071664446664456, 0.26818988233988234], [0.2912746864246864, 0.24310160395160405, 0.16161030358530365, 0.30401340603840626], [0.30768848373848384, 0.23275253357753364, 0.20472507215007218, 0.2548339105339105], [0.2515814574314575, 0.24792605450105443, 0.15806283438783444, 0.34242965367965356], [0.22132118992119001, 0.2829076923076923, 0.20392373182373197, 0.2918473859473859], [0.2500156371406372, 0.27958660783660805, 0.22850392940392955, 0.24189382561882578], [0.2057204767454768, 0.2876305416805416, 0.2169887085137085, 0.2896602730602732], [0.20560440115440112, 0.3038087301587302, 0.20800844155844167, 0.28257842712842707], [0.2181478576978577, 0.3034563436563435, 0.14625322455322465, 0.33214257409257425], [0.2321583416583416, 0.3067944444444444, 0.17631308691308697, 0.28473412698412703], [0.2016126484626485, 0.31446732711732717, 0.21872991452991458, 0.26519010989011], [0.2779465367965368, 0.283897141747142, 0.1604571428571429, 0.27769917859917853], [0.2536656121656124, 0.25468656066156076, 0.19382902930402932, 0.29781879786879784], [0.28623222333222315, 0.25803015318015327, 0.15190011100011105, 0.30383751248751245], [0.27621420523920515, 0.2741240870240872, 0.1802008103008104, 0.2694608974358976], [0.24292581307581318, 0.2681856643356642, 0.2206384559884561, 0.26825006660006673], [0.3284864468864469, 0.2787292707292709, 0.16020239760239768, 0.23258188478188496], [0.2674061771561772, 0.3229436230436232, 0.16965291375291391, 0.23999728604728623], [0.24739580142080156, 0.2384669913419914, 0.2239732461982463, 0.29016396103896097], [0.24233746090510813, 0.2463147075147076, 0.14527540400775696, 0.3660724275724274], [0.28158886113886133, 0.2836010878010878, 0.12716103896103903, 0.30764901209901213], [0.20852075147075158, 0.2966568265068264, 0.2732358863358863, 0.22158653568653575], [0.17235772005772007, 0.27784429736929733, 0.2131740842490844, 0.3366238983238982], [0.258081168831169, 0.2658211918800153, 0.184549494949495, 0.29154814433932097], [0.2754452380952381, 0.2574111222111224, 0.1860952047952049, 0.28104843489843495], [0.24577316017316028, 0.28776854256854256, 0.17706190476190478, 0.2893963924963926], [0.19621050338550353, 0.276287185037185, 0.19104781607281615, 0.3364544955044953], [0.23071688311688313, 0.29493186813186806, 0.24711779886779892, 0.22723344988344993]]}}