{"test": {"ids": ["103113640", "109115211", "102112170", "98106560", "98110710", "99108460", "107116340", "105117431", "104116980", "101108580", "102112250", "108116120", "113120280", "106113830", "105112130", "101115190", "100115700", "111116100", "99107560", "106121190", "110115710", "98107010", "97109080", "107120010", "103113260", "108115880", "97113260", "108118060", "111119430", "99111620", "111116990", "112116990", "104113190", "111119610", "105116650", "108116501", "110113591", "104117630", "113119120", "103109021", "110118301", "103117461", "110114561", "107113550", "112116800", "112116850", "109119460", "111116640", "106113190", "98111231", "97106970", "99109840", "106115250", "105113330", "105115570", "100109360", "97113900", "111117200", "110115140", "108117610", "113119930", "106119580", "104114410", "99109740", "106119990", "100108260", "102113350", "102108621", "100109000", "113121680", "106113170", "109117431", "103110760", "111118820", "101114990", "98107410", "113121190", "98116500", "99108580", "104112470", "99108000", "102121700", "111119950", "110119030", "102112301", "112117461", "101112201", "113119320", "109118231", "103111990", "104116441", "104113000", "104111620", "112121410", "107119390", "110118930", "112118701", "99111930", "99117630", "112117660", "112119930", "103113170", "113122220", "101108121", "97106591", "108115250", "110116290", "112121351", "102109910", "105116441", "111118301", "108115070", "111119580", "108120060", "102113981", "100109980", "113120601", "99109161", "108114360", "98106680", "104118070", "102110050", "113122650", "113117340", "105113440", "110118111", "112116401", "112120640", "106114321", "106118820", "109117600", "112121360", "100111390", "98108580", "107114950", "97107920", "98111620", "106121220", "99114890", "98112580", "112117780", "106117770"], "labels": [1, 0, 3, 1, 2, 0, 3, 1, 1, 0, 0, 1, 0, 1, 1, 1, 1, 3, 1, 2, 2, 3, 2, 1, 3, 3, 1, 1, 3, 3, 0, 0, 3, 2, 1, 0, 0, 0, 3, 0, 1, 0, 0, 0, 0, 0, 1, 0, 0, 1, 2, 2, 2, 3, 0, 0, 2, 0, 0, 3, 1, 3, 1, 3, 0, 3, 3, 3, 1, 1, 0, 1, 1, 0, 3, 3, 1, 2, 0, 1, 2, 1, 0, 0, 1, 0, 0, 1, 1, 2, 1, 1, 0, 0, 2, 1, 0, 1, 3, 0, 1, 3, 1, 0, 1, 1, 2, 0, 2, 1, 3, 1, 3, 1, 1, 1, 2, 3, 1, 1, 2, 3, 2, 2, 0, 1, 0, 0, 2, 3, 1, 3, 2, 0, 3, 0, 3, 1, 2, 2, 0, 0], "predicted_labels": [0, 3, 0, 1, 1, 3, 1, 2, 2, 2, 2, 0, 0, 3, 1, 1, 1, 1, 0, 1, 0, 0, 1, 1, 1, 2, 2, 1, 1, 3, 0, 0, 0, 2, 2, 3, 3, 0, 3, 3, 1, 1, 2, 0, 3, 3, 1, 0, 3, 3, 3, 3, 1, 3, 3, 3, 0, 3, 3, 3, 1, 2, 3, 2, 3, 0, 2, 3, 1, 0, 1, 3, 1, 0, 1, 0, 1, 1, 2, 3, 1, 0, 3, 3, 3, 0, 1, 0, 0, 1, 3, 3, 3, 1, 2, 3, 3, 1, 2, 3, 1, 2, 3, 3, 1, 0, 2, 0, 2, 0, 1, 0, 0, 1, 1, 3, 3, 0, 1, 2, 0, 1, 0, 3, 3, 3, 0, 2, 2, 3, 3, 0, 3, 0, 3, 0, 3, 2, 3, 3, 0, 1], "confidence_scores": [[0.9996505827938482, 3.312655991903332e-05, 0.0002407570005854657, 7.553364564728921e-05], [0.044382378286565084, 0.0002898028434648769, 4.3423046664356665e-05, 0.9552843958233057], [0.42356386110417127, 0.3163198491723985, 0.053449052353413344, 0.20666723737001685], [0.05502529946185533, 0.872632682155427, 0.02694286802609719, 0.04539915035662043], [0.010467767073807787, 0.9894654799540272, 3.758356162929752e-05, 2.9169410535793736e-05], [1.8836930582680033e-07, 0.026348709337422886, 1.0823556421170125e-08, 0.973651091469715], [0.22611100921238894, 0.7367995962709408, 0.004132512598863617, 0.032956881917806796], [6.867026006224289e-05, 0.207983400689501, 0.7880349894368117, 0.003912939613625218], [4.779553712677747e-06, 0.0701085148488647, 0.9296100233792842, 0.000276682218138384], [0.29919866829324293, 0.002003396640339287, 0.6835401425440263, 0.015257792522391473], [0.3022075388149946, 0.024562201668997724, 0.6730201107963689, 0.00021014871963865797], [0.9856272042901137, 6.051822053655736e-06, 0.008233087630966782, 0.006133656256865719], [0.7782761571375713, 1.5701475750949606e-05, 5.174184449438498e-05, 0.22165639954218355], [0.0008180131689382329, 0.03592374040424285, 0.001086183362749515, 0.9621720630640694], [0.027168270781012204, 0.8855888115165352, 1.0162311173744404e-05, 0.0872327553912787], [0.09507720771166941, 0.8973170065014613, 0.007571504318341424, 3.428146852760063e-05], [0.002156246173460301, 0.9666636649058075, 0.0013068792962796906, 0.029873209624452605], [0.23011005155583536, 0.45281981621785417, 0.0006210262367915372, 0.3164491059895188], [0.9935270573088306, 0.0005403986322464659, 0.0016324182429981724, 0.004300125815925001], [0.008063956750146236, 0.7081639276345081, 0.14735538031521733, 0.13641673530012832], [0.6682877598784912, 0.012114468694933066, 0.0034349709425432226, 0.3161628004840326], [0.8896999915923071, 0.04956950625297157, 0.004244753338786742, 0.05648574881593459], [1.312071691817607e-05, 0.9935795204062723, 0.006211066845989767, 0.0001962920308195728], [0.0008126626698150922, 0.7538563416674273, 0.24067186652095535, 0.0046591291418021895], [0.006787676656748515, 0.9922200684216231, 0.0009546016837177611, 3.765323791033447e-05], [0.0026880598599596556, 0.06820777352966918, 0.9113971078339598, 0.017707058776411298], [9.374172707704776e-06, 0.00010911091958930185, 0.8938314695414469, 0.10605004536625603], [0.0008067495596760134, 0.9941154586265948, 0.004079432010565774, 0.0009983598031633567], [0.0030506860769265163, 0.4863464976399883, 0.040350034110564266, 0.47025278217252087], [3.077376887379439e-05, 0.08196664640454598, 4.972039248712166e-05, 0.9179528594340932], [0.6371044922593052, 0.19440223501026763, 0.15455140401794046, 0.013941868712486753], [0.8831888080190007, 0.008530294973963286, 0.0012214795302476172, 0.10705941747678849], [0.6538755048392058, 0.18318213773261272, 0.1573203410574883, 0.005622016370693177], [0.0008203163172051837, 0.008800514248920867, 0.9902423918203015, 0.00013677761357241793], [0.00022090055241743127, 0.009341307250707625, 0.9724812542801905, 0.0179565379166844], [0.08205078963073788, 0.0018949310872332418, 0.00015768060355944398, 0.9158965986784694], [0.10280814120090853, 0.11599530841494178, 1.545302547921749e-06, 0.7811950050816019], [0.9996889601572929, 5.300342973773163e-06, 6.410041183970442e-05, 0.00024163908789367957], [0.0011399052886938111, 0.000966478692746005, 0.004624625818731434, 0.9932689901998288], [0.0008145890360578901, 0.0003439614720675329, 0.0015193426515606931, 0.9973221068403139], [0.06798555250775971, 0.9306825526970082, 4.084259285926506e-05, 0.0012910522023726492], [0.0208229402475161, 0.7159425698235671, 0.03344946000537026, 0.22978502992354663], [0.22670441795940743, 0.02812776161634571, 0.7430213214103617, 0.002146499013885122], [0.9837161053916932, 0.0001158925904553448, 0.015870417408324785, 0.00029758460952672156], [0.00011729424048990714, 0.0013790604938452666, 7.267241514846686e-07, 0.9985029185415134], [0.025426656753693655, 0.07204779692550181, 2.146001323603157e-05, 0.9025040863075686], [0.0958715477260219, 0.8696234933618323, 0.02499257603734617, 0.00951238287479965], [0.6492423072676492, 0.04385836251775257, 0.30689427614188625, 5.0540727118048315e-06], [0.12833253184268054, 0.06056550375703799, 0.03972093713814287, 0.7713810272621386], [0.06594841085877882, 0.1536750631077006, 0.0019885693305936804, 0.7783879567029269], [0.0025118166959332737, 0.054696676683234025, 0.18008589075632397, 0.7627056158645087], [0.008720625538268051, 0.3506083574987327, 0.05805954887589527, 0.582611468087104], [0.05771444464673789, 0.9110503214524112, 0.024132163029302805, 0.00710307087154808], [0.07625579516441769, 0.004960804782643542, 0.00777394638551901, 0.9110094536674198], [0.009323335913809405, 0.04434453318050742, 0.0437234408800788, 0.9026086900256044], [1.2496561115722388e-05, 0.016094653601468827, 0.003072728349623421, 0.980820121487792], [0.5434397629837221, 0.0080629353748267, 0.32653471265102274, 0.12196258899042836], [0.04198287489455995, 0.29872794563700034, 0.01638142467607985, 0.64290775479236], [6.455946614197248e-05, 1.600140437814295e-05, 0.0015935333381523259, 0.9983259057913275], [0.4060868718289232, 0.07111943971779912, 0.0032353446385475623, 0.5195583438147301], [0.02018516391633686, 0.940039125275121, 0.039013735875875304, 0.0007619749326667705], [0.0068120972891211, 0.022111808221361034, 0.9701803756377031, 0.0008957188518148424], [0.026120087630313857, 0.09046254530073623, 0.01989167851952284, 0.8635256885494271], [0.12039033348433938, 0.12555795465087186, 0.6794199792686801, 0.07463173259610846], [0.030371642911399297, 0.06429244739192731, 0.035787832715601854, 0.8695480769810716], [0.6029731798344614, 0.06440107480573641, 0.04263093304481064, 0.2899948123149915], [0.00026791302563646517, 0.001270916931337093, 0.7104361114568162, 0.2880250585862104], [1.4537051324889105e-05, 0.07898429546247011, 0.00015422872102574748, 0.9208469387651793], [0.17748841929095935, 0.8209476413714581, 0.0013160922347434706, 0.0002478471028390845], [0.3435649928903164, 0.20905063688725378, 0.2759405489200619, 0.17144382130236788], [0.00019313273875549156, 0.9998047853186893, 6.95940648256125e-09, 2.074983148801825e-06], [0.0236554596839366, 0.0017419170509535445, 3.7807152533122884e-05, 0.9745648161125768], [0.40075268354373844, 0.4161643584687502, 2.517708857839021e-05, 0.18305778089893296], [0.6221838107615438, 6.984791336701342e-05, 2.3925083877835425e-05, 0.37772241624121133], [7.354798278216403e-05, 0.9595620258700861, 0.031926840302918896, 0.00843758584421268], [0.8139581253511738, 0.0001665909497404078, 0.18525971043547196, 0.000615573263613589], [0.13056924221944882, 0.5561868961894543, 0.0022154286992511966, 0.31102843289184584], [0.4465137841494179, 0.48966696889493777, 0.0015667878566685734, 0.06225245909897579], [0.011753569954621096, 0.404216384686101, 0.57816578329507, 0.005864262064208054], [0.0028689120692082484, 0.01595194785680205, 0.05162815329681473, 0.9295509867771751], [0.0005778174655527632, 0.8639455717635507, 0.023875790765836017, 0.1116008200050606], [0.9426405827785199, 0.05720148889178483, 7.241523327563449e-05, 8.551309641959199e-05], [0.06301689007450516, 0.013673609692096219, 0.01592203951560368, 0.9073874607177949], [0.017191573192734826, 0.022867421946173423, 4.734665274925796e-05, 0.9598936582083426], [0.010436725436071907, 0.0018226586375351633, 4.976728550053028e-05, 0.9876908486408924], [0.9940248451490731, 8.260956898676905e-05, 1.995025400301173e-06, 0.005890550256539848], [0.3037332460234566, 0.35642527947027475, 0.0911539725075609, 0.24868750199870776], [0.9930819789722173, 2.908012403773967e-05, 4.20039219514526e-05, 0.006846936981793413], [0.5497571592057451, 0.410245051509485, 0.034657975547651224, 0.005339813737118708], [0.11480434529777137, 0.8165442833666338, 0.05570001657499941, 0.01295135476059555], [0.16487012078792335, 0.0071537159750147, 3.2303963157596775e-06, 0.8279729328407462], [0.02491674387464333, 0.0007327996340278816, 0.016330654151652028, 0.9580198023396768], [0.30570666597822027, 0.30626622838476625, 0.002164180075261161, 0.38586292556175217], [0.0016012639848872606, 0.8946798713738929, 7.190742271189319e-07, 0.10371814556699267], [0.017760931675353333, 0.3261371929758814, 0.6414660365059692, 0.014635838842796092], [0.094011033483365, 0.16018028268162704, 0.0008199787680324973, 0.7449887050669753], [0.004728233662609801, 0.016575931194018192, 0.013264290379819327, 0.9654315447635525], [0.0010747679370698114, 0.9458984649808466, 0.05280730019085218, 0.00021946689123147618], [0.022811024344390158, 0.2693197686419033, 0.7013591080159638, 0.0065100989977427155], [0.37078872409727537, 0.00016874797190379458, 0.0015088125336426368, 0.6275337153971783], [0.0010918152351290175, 0.7442931229685255, 0.0987423621427549, 0.1558726996535906], [0.21493607917438573, 0.19613078537857603, 0.5835185474495641, 0.0054145879974742284], [1.1359298629909244e-05, 0.06400828365657991, 1.2550192618911833e-05, 0.9359678068521713], [0.006915246555164658, 0.0001364048618501181, 0.0027934573148412183, 0.990154891268144], [1.4183376105551383e-05, 0.9976041624824478, 8.695675320053792e-05, 0.0022946973882461467], [0.8636599643659292, 0.03654102377129814, 0.09273808532612972, 0.007060926536642932], [0.4708724752059899, 0.032938309228245755, 0.4934888933149287, 0.0027003222508357933], [0.9730879077240693, 0.0001768697932361041, 5.703508643307023e-06, 0.02672951897405138], [0.1301140434659945, 0.4033795119854671, 0.45534852907795276, 0.011157915470585658], [0.6268027887871208, 0.12415452831121856, 0.00035219422203805364, 0.2486904886796225], [0.0006903638512761065, 0.937507349086103, 0.0002958494767492195, 0.061506437585871626], [0.983768573903086, 0.00016514166395499875, 0.014915730196978156, 0.0011505542359807688], [0.9375726969272073, 0.00994167128647657, 0.052457785394175845, 2.7846392140120266e-05], [0.0005952605582909527, 0.8397544869299339, 0.15964697033294903, 3.2821788262447397e-06], [0.005757566002877598, 0.8512595575875791, 0.03154076015639422, 0.11144211625314898], [0.02241309100717086, 0.009398544864155652, 0.46574359763330203, 0.5024447664953715], [0.020884476533737498, 0.10484539452161616, 0.008006420180908521, 0.8662637087637378], [0.9850386820377528, 0.0008555671778464823, 0.014104445770597877, 1.3050138030404176e-06], [1.1336716795689854e-06, 0.6313561160818024, 0.36840665254261074, 0.00023609770390734872], [0.03418614519353985, 0.12160124948943561, 0.7349781180659356, 0.10923448725108906], [0.601837743469438, 0.021922544240994886, 0.37109642372076274, 0.005143288568804383], [0.0007467457881326137, 0.8883593483317572, 0.014354367534522464, 0.09653953834558768], [0.43383163143758074, 0.1525919570302154, 0.17350009721689547, 0.24007631431530824], [0.0013391602774106715, 0.22252529236368315, 0.018897341135466195, 0.75723820622344], [0.024159840411725395, 0.005314798230366438, 0.03513883345321397, 0.9353865279046942], [0.0006002059726264153, 0.045929482697536925, 4.973237988895362e-06, 0.9534653380918479], [0.9981356639809016, 0.0004783600758065553, 2.2355443577993427e-05, 0.0013636204997140384], [0.0005389941401796544, 0.0046850014703291335, 0.8186330687707839, 0.17614293561870745], [0.03180696143363758, 0.004340687554614804, 0.846322178572794, 0.11753017243895346], [0.16616810730914222, 0.15969626393227968, 0.00011289267713425342, 0.6740227360814438], [0.0006433105308614022, 0.0002012221940548038, 0.006201754326825959, 0.9929537129482578], [0.7357969578223357, 0.028236932649457504, 0.0012893550515690245, 0.23467675447663797], [0.00045380121937383376, 0.3723831162934329, 0.0017330178646999333, 0.6254300646224933], [0.49741344011606625, 0.13188450419531064, 0.36886716542443226, 0.0018348902641907717], [0.0003603565615466493, 0.012682894267935974, 0.002217803012411078, 0.9847389461581064], [0.4310922417929603, 0.23804749317118207, 0.009620940458510353, 0.3212393245773472], [0.00023615623579679795, 0.004310895651098702, 0.18103398359641176, 0.8144189645166928], [0.45282116308231396, 0.009435329898021148, 0.5004603283876407, 0.03728317863202415], [4.232853651279241e-06, 0.4080715531058932, 0.06599287061416499, 0.5259313434262906], [0.009823176553489028, 0.055227736460405394, 0.002690010534236612, 0.9322590764518689], [0.9993102869192866, 0.00014199231745158495, 3.457827637363725e-06, 0.0005442629356245722], [0.21744078560607424, 0.4478244219374676, 0.25858222864936703, 0.0761525638070911]]}, "rewritten": {"ids": ["97106591", "97106970", "97107920", "97109080", "97113260", "97113900", "98106560", "98106680", "98107010", "98107410", "98108580", "98110710", "98111231", "98111620", "98112580", "98116500", "99107560", "99108000", "99108460", "99108580", "99109161", "99109740", "99109840", "99111620", "99111930", "99114890", "99117630", "100108260", "100109000", "100109360", "100109980", "100111390", "100115700", "101108121", "101108580", "101112201", "101114990", "101115190", "102108621", "102109910", "102110050", "102112170", "102112250", "102112301", "102113350", "102113981", "102121700", "103109021", "103110760", "103111990", "103113170", "103113260", "103113640", "103117461", "104111620", "104112470", "104113000", "104113190", "104114410", "104116441", "104116980", "104117630", "104118070", "105112130", "105113330", "105113440", "105115570", "105116441", "105116650", "105117431", "106113170", "106113190", "106113830", "106114321", "106115250", "106117770", "106118820", "106119580", "106119990", "106121190", "106121220", "107113550", "107114950", "107116340", "107119390", "107120010", "108114360", "108115070", "108115250", "108115880", "108116120", "108116501", "108117610", "108118060", "108120060", "109115211", "109117431", "109117600", "109118231", "109119460", "110113591", "110114561", "110115140", "110115710", "110116290", "110118111", "110118301", "110118930", "110119030", "111116100", "111116640", "111116990", "111117200", "111118301", "111118820", "111119430", "111119580", "111119610", "111119950", "112116401", "112116800", "112116850", "112116990", "112117461", "112117660", "112117780", "112118701", "112119930", "112120640", "112121351", "112121360", "112121410", "113117340", "113119120", "113119320", "113119930", "113120280", "113120601", "113121190", "113121680", "113122220", "113122650"], "labels": [1, 2, 0, 2, 1, 2, 1, 1, 3, 3, 0, 2, 1, 3, 2, 2, 1, 2, 0, 0, 3, 3, 2, 3, 1, 2, 3, 3, 1, 0, 1, 2, 1, 0, 0, 0, 3, 1, 3, 2, 3, 3, 0, 1, 3, 1, 1, 0, 1, 2, 3, 3, 1, 0, 0, 1, 1, 3, 1, 1, 1, 0, 2, 1, 3, 0, 0, 1, 1, 1, 0, 0, 1, 2, 2, 0, 3, 3, 0, 2, 1, 0, 3, 3, 2, 1, 1, 1, 1, 3, 1, 0, 3, 1, 1, 0, 1, 1, 1, 1, 0, 0, 0, 2, 2, 1, 1, 1, 0, 3, 0, 0, 0, 3, 0, 3, 3, 2, 0, 0, 0, 0, 0, 0, 0, 0, 0, 1, 0, 0, 3, 0, 2, 3, 1, 1, 0, 2, 1, 1, 1, 2], "predicted_labels": [1, 1, 1, 1, 2, 2, 1, 1, 1, 0, 2, 1, 1, 2, 1, 0, 0, 1, 3, 1, 0, 2, 1, 1, 1, 2, 1, 1, 1, 3, 3, 1, 1, 3, 2, 0, 1, 1, 0, 1, 1, 1, 2, 3, 2, 1, 1, 3, 1, 1, 1, 1, 0, 1, 1, 3, 3, 1, 3, 3, 2, 0, 2, 1, 3, 1, 3, 1, 2, 2, 1, 1, 3, 2, 1, 1, 3, 2, 1, 1, 0, 0, 3, 1, 1, 1, 1, 0, 0, 2, 0, 3, 0, 1, 1, 3, 3, 3, 1, 1, 1, 2, 3, 3, 0, 3, 1, 1, 3, 1, 0, 3, 1, 1, 3, 3, 0, 2, 3, 0, 3, 3, 0, 0, 3, 0, 3, 1, 2, 0, 0, 1, 3, 3, 0, 1, 3, 2, 1, 3, 1, 3], "confidence_scores": [[5.578012912147357e-07, 0.9682425636518348, 0.01592039343910241, 0.015836485107771733], [0.00021158041448388984, 0.5989712626205891, 0.35065836543129136, 0.05015879153363565], [0.33848537935113454, 0.5848335600625553, 0.0007726345155634265, 0.07590842607074665], [2.3717236544427493e-06, 0.9977804224017387, 0.001532768141219707, 0.0006844377333871919], [1.5241025270285369e-07, 4.2339358516802484e-05, 0.5878186843058444, 0.4121388239253861], [0.20734941637217544, 0.04498953833271338, 0.7417993096721581, 0.005861735622952944], [0.0013529164470732816, 0.5006174129194297, 0.0009154505817476948, 0.4971142200517494], [1.7515649313783955e-05, 0.9426414021158667, 0.05626192483958806, 0.0010791573952313718], [0.14284535753839128, 0.7484505592154151, 0.008468452463690646, 0.10023563078250274], [0.9669550948622989, 0.009276922170945463, 0.007542320721054396, 0.01622566224570128], [0.001601190050700055, 0.08532968962927207, 0.9129078485072624, 0.000161271812765608], [0.00031703089255716863, 0.9995837863923404, 1.3104741714061703e-05, 8.60779733885648e-05], [0.07860262790290852, 0.7383406672221874, 0.004641638745212719, 0.1784150661296914], [0.00028953885931375453, 0.37566769082089146, 0.5030260796165902, 0.12101669070320453], [0.0014270339183536304, 0.5823570940235719, 0.00017675400638482458, 0.41603911805168964], [0.8450513961019638, 0.10813371953020681, 0.01170350676219098, 0.03511137760563843], [0.9370341061263877, 0.015208825704206003, 0.025010157488239787, 0.02274691068116642], [0.00011963631221787456, 0.9539136414328656, 0.02542495293848626, 0.020541769316430026], [5.62453476737095e-06, 0.10949889545243997, 2.765552380441493e-06, 0.8904927144604122], [0.0008583345917732312, 0.8346092643997294, 0.16180305388566102, 0.0027293471228363726], [0.9929336452918985, 0.00036736694151238595, 0.006697315168865901, 1.672597723205026e-06], [0.022733207840792514, 0.39077218244818096, 0.575101596041443, 0.01139301366958358], [0.0005589793845650777, 0.5543062507931132, 0.0884459419939554, 0.3566888278283663], [1.0314229347884415e-05, 0.841040454955402, 0.00033316952155019937, 0.15861606129369998], [4.7618217226876484e-07, 0.9995152472471384, 0.000481931790432472, 2.344780257089292e-06], [1.12833696657546e-07, 0.43542437556473207, 0.5514091552056465, 0.0131663563959248], [0.012835770232422073, 0.6206381807270647, 0.36575466305691345, 0.0007713859835999147], [0.16595175380755461, 0.4037781511862492, 0.2712882038075681, 0.15898189119862818], [0.0008734024749573933, 0.9985755588657396, 0.000521524864083485, 2.951379521966217e-05], [0.0002513971257939163, 0.07846845579871897, 0.19607371678648897, 0.7252064302889981], [0.14169371538606246, 0.003257215735246943, 0.06049016894819976, 0.7945588999304909], [0.0004006489228694088, 0.9984276290228709, 0.0010236821954218022, 0.00014803985883784986], [0.002924546219783972, 0.9933185088689599, 0.0013458146171222256, 0.0024111302941337825], [0.006815009998732107, 0.007712717491641212, 0.06184204598453058, 0.9236302265250961], [0.062340890765642816, 0.012463984564046111, 0.9214681616933498, 0.003726962976961278], [0.3375946880701933, 0.1187792822874367, 0.3249983461110347, 0.2186276835313353], [7.1323667046596405e-06, 0.927180646735953, 0.07165637566333613, 0.0011558452340061332], [0.0018341368351076166, 0.9948729891479774, 0.0032867558827213523, 6.118134193715464e-06], [0.5095435351758265, 0.00307548097959103, 0.0015563437112401251, 0.4858246401333423], [0.011780519804976368, 0.8033648484379268, 0.17459814673140786, 0.010256485025688836], [0.0002189526421947106, 0.9830339807622271, 0.009992851609508328, 0.006754214986069886], [0.061116391416364504, 0.810235130974954, 0.04812799530539587, 0.08052048230328544], [0.040338524413974494, 0.028844342715387217, 0.9307121055760992, 0.00010502729453902714], [0.024301990611785104, 0.011008526453040186, 0.0009292810661388093, 0.9637602018690359], [1.117084397718466e-05, 0.0016140634168192987, 0.9551318721434178, 0.04324289359578583], [0.014128028330406323, 0.916543750352049, 0.0051146154755545995, 0.06421360584199014], [0.25164529551061765, 0.7483136292368788, 4.149035539397134e-06, 3.692621696412114e-05], [0.00011023478701015744, 0.000417463470326346, 0.0014962242231495093, 0.9979760775195139], [0.0005859810789744986, 0.9979121734136513, 7.334341333871501e-05, 0.0014285020940354206], [0.0080191970057249, 0.9917317349737473, 0.00024232880594249017, 6.739214585255167e-06], [0.018652186316654596, 0.6525768768121334, 0.32761088162201335, 0.0011600552491985718], [0.00017879154598271537, 0.9978846818674584, 0.0019198712837927344, 1.665530276621913e-05], [0.9942757623920032, 0.00016832383272131837, 0.00502900766119419, 0.0005269061140814255], [0.0011182422645485204, 0.993927892205633, 0.0004948455673794502, 0.004459019962438781], [0.19848244348058408, 0.5430555108160864, 0.008540040619846888, 0.24992200508348267], [0.0020791364503715223, 0.01028827124371509, 0.14939025489005756, 0.8382423374158559], [0.0073350026947237405, 0.0035935147694753657, 0.09860809115365451, 0.8904633913821465], [0.02789279037244893, 0.6678271565019089, 0.012153796736223339, 0.29212625638941875], [0.036079449497222506, 0.09080271288473803, 0.02726595619087766, 0.8458518814271617], [0.0051820341101351634, 0.003778947537473106, 1.766831390559284e-06, 0.9910372515210011], [6.494883276657806e-08, 0.02503420299795798, 0.9749168082934754, 4.892375973381825e-05], [0.999877312003616, 1.931304658172216e-05, 5.004532316336933e-05, 5.332962663897628e-05], [0.00852583752135941, 0.15713275515737887, 0.8316955100918758, 0.0026458972293859637], [0.0022036086543561887, 0.8186503933827048, 0.0037955615952739836, 0.17535043636766506], [0.08513556985781781, 0.001836360793837213, 0.14100781387320493, 0.77202025547514], [0.0024945731601137677, 0.3518474337508657, 0.3463444026816515, 0.299313590407369], [0.008056441257637183, 0.3186821282301455, 0.006696016248678238, 0.6665654142635391], [0.0007632325677693887, 0.787231190191241, 0.0005336258811900016, 0.21147195135979957], [5.271690319531381e-05, 0.0216699532747029, 0.9677111449356696, 0.010566184886432146], [1.098945426353783e-06, 0.44404336134992556, 0.5556763474465348, 0.00027919225811320815], [2.8159257332207422e-05, 0.9999702612643088, 2.2534968935321664e-09, 1.5772248621205697e-06], [0.18288794101438285, 0.474787434388162, 0.0038806312663782904, 0.338443993331077], [0.00041855113121291485, 0.017056452583496893, 0.00042546437853700254, 0.9820995319067533], [0.41424576297481697, 0.005014251294890786, 0.5081048597051477, 0.07263512602514446], [0.0031065544019310705, 0.9713860085480533, 0.024490116585937857, 0.0010173204640777326], [0.03359985813389789, 0.823239118137729, 0.14079810850595928, 0.002362915222413919], [0.015022765092121141, 0.11874946041890404, 0.0001479881189532169, 0.8660797863700217], [0.04136304262329232, 0.06848268991902302, 0.890008485404692, 0.00014578205299249056], [0.03163726315247149, 0.384502356177243, 0.2085373276372026, 0.37532305303308305], [0.00020319766765340263, 0.9703114628177616, 0.026780384556580477, 0.002704954958004414], [0.4855284313892069, 0.004565999145024051, 0.45851071880770955, 0.051394850658059425], [0.9308304903082396, 0.0019316990704363617, 0.06626557730883564, 0.0009722333124882458], [0.0008264477286806979, 0.02574628955793314, 0.012005059539723712, 0.9614222031736624], [0.002067405642095386, 0.99786337097139, 1.198473768087914e-05, 5.7238648833877986e-05], [0.006127217175972532, 0.9567793691686267, 0.034569056379805826, 0.0025243572755948127], [3.547342547413943e-05, 0.910878459692878, 0.04764441513996333, 0.04144165174168468], [2.3275674667498057e-07, 0.770116300001811, 0.22927270302372155, 0.0006107642177206599], [0.7885352606404346, 0.0693111711824252, 0.14198466267373447, 0.0001689055034056433], [0.6206596216281006, 0.246852616259042, 0.1090166315528652, 0.02347113055999212], [0.00011561539788690314, 0.0702721459765395, 0.9295345113177759, 7.772730779773685e-05], [0.8477607021144223, 0.004282858122395237, 0.037508292308564756, 0.11044814745461773], [0.103209313233316, 0.003365606476987018, 0.025595861454790585, 0.8678292188349065], [0.6133585884973686, 0.1187454139129329, 0.002225137940531566, 0.265670859649167], [4.652147314877891e-05, 0.999799703247997, 0.00011411530609989944, 3.9659972754196794e-05], [4.134015693685542e-05, 0.837633460280725, 0.16232496342227226, 2.3614006579109933e-07], [0.012019402355938494, 0.001389641410265837, 5.1103143912878625e-05, 0.9865398530898828], [0.032129651033893945, 0.13126096377475854, 0.0014179005045582586, 0.8351914846867892], [0.0006308045967178751, 0.0021339186408505994, 0.017033805759015714, 0.9802014710034157], [0.039799148847714176, 0.9580927037926916, 0.0019142414515099918, 0.00019390590808413945], [0.023397019642164837, 0.8859073021007138, 0.09014410198328042, 0.0005515762738409301], [0.10621020960552101, 0.815433217745101, 1.2694037257555459e-05, 0.07834387861212029], [0.19806263936374394, 0.07201587800473214, 0.7290865726978406, 0.0008349099336833002], [0.0001015350456184743, 1.1658511652381952e-05, 0.0017316514210611235, 0.998155155021668], [0.46641016710710104, 0.06037876288580644, 0.005393549338405294, 0.46781752066868726], [0.5688871446300212, 0.04524761193755547, 0.38425152021027187, 0.0016137232221513308], [0.10291962363454533, 0.30310086569462674, 0.00272041274845593, 0.5912590979223721], [0.0008486217437483228, 0.9989508448381429, 4.0142771061048245e-05, 0.00016039064704762528], [0.07779997217265014, 0.8523556378976582, 0.0070316893149787495, 0.06281270061471277], [0.0023085967378716258, 0.1570198998409523, 8.363817364505678e-05, 0.8405878652475309], [0.26803235529834785, 0.5254862991057687, 0.0009202343326863995, 0.205561111263197], [0.832566104188776, 0.08538599595398304, 0.08204426317896338, 3.6366782777645935e-06], [0.02771059595028417, 0.11343049527752816, 0.04497213752749352, 0.8138867712446942], [0.14925975232138436, 0.7549185878917535, 0.006448817224741215, 0.08937284256212079], [4.901515094862424e-05, 0.99623361373808, 0.0004076014666086571, 0.003309769644362761], [0.09766229680719161, 0.0002488719416626984, 0.00041386685377408283, 0.9016749643973716], [3.2715475304612355e-06, 0.02439501243607986, 0.2111390354473921, 0.7644626805689976], [0.6040555835701598, 0.00307378521661986, 0.3928685605892162, 2.0706240041862934e-06], [0.0004107091574541126, 0.004421558625254912, 0.9950840393333216, 8.36928839693452e-05], [0.2323791357829744, 0.02769189345450506, 0.2163705090762732, 0.5235584616862474], [0.9970075195394557, 0.0020554913888398817, 0.0006904575346843584, 0.0002465315370199597], [1.4922037574668385e-06, 0.001958550191582111, 4.667140027315309e-07, 0.9980394908906577], [0.0008998648313353084, 0.025267627365269156, 1.0999203127513058e-05, 0.9738215086002682], [0.5705035519882993, 0.00134749072875063, 0.006579405273639809, 0.4215695520093102], [0.6395225608371395, 0.00626640896782224, 0.00035364720741410966, 0.3538573829876241], [0.09057854536485738, 0.0017792280358078108, 0.0017885980399273433, 0.9058536285594074], [0.9949050218241735, 8.989607908608299e-05, 2.4633982946768287e-05, 0.004980448113793755], [0.0003721487429482218, 0.01721604131971847, 0.003573535119913239, 0.97883827481742], [0.0004121810792799121, 0.6792962438873388, 0.09372352102462711, 0.22656805400875404], [0.0003080548809494767, 0.015224367625807292, 0.9582589060276607, 0.026208671465582638], [0.8394848770526434, 2.8471509770687602e-05, 5.489526136009813e-06, 0.16048116191144982], [0.6114646646940277, 0.019410881872583535, 0.0022153768835014276, 0.36690907654988736], [2.1970273628556782e-05, 0.9699828974356397, 8.89110901265571e-08, 0.029995043379641866], [0.0002182888304061036, 0.3547087822446574, 0.007812814032229906, 0.6372601148927066], [0.024352544695117512, 0.009266725896212828, 0.10862601429865747, 0.8577547151100121], [0.9964170132018705, 0.00018886633166948194, 5.4416940375003e-06, 0.0033886787724225413], [0.0022398589314203115, 0.9825766111618603, 0.015134457629519937, 4.907227719942248e-05], [0.23550612950215344, 0.00018095311535631258, 0.0001974636581684461, 0.7641154537243219], [0.015035361688178196, 0.08107047557919535, 0.856267601868136, 0.04762656086449048], [0.011951130736076516, 0.8451146615152147, 0.0026770905599030614, 0.14025711718880568], [0.018577155887253623, 0.1312594530295426, 0.018793838580678, 0.8313695525025259], [9.520916809600341e-06, 0.6276646629024745, 2.3603765417664496e-05, 0.3723022124152983], [0.32070320284454484, 0.23517927322683058, 0.03630054274272015, 0.40781698118590437]]}}