{"test": {"ids": ["105115900", "113119360", "99109840", "104111531", "97107681", "107119130", "105121370", "97107040", "108115500", "103113260", "107120130", "103117461", "98110230", "106114150", "106117770", "99117630", "112120270", "101121640", "109120540", "113117550", "108120280", "107119390", "113120751", "113120601", "108113700", "102110500", "109116810", "99112641", "110116290", "100111620", "106121190", "97116401", "112119610", "109114030", "103120340", "113121220", "98106560", "112116401", "103111830", "100120010", "113121410", "110121500", "99108520", "100117420", "99109161", "101112160", "109114270", "105115680", "113118421", "100109890", "99108890", "113122430", "112120670", "110120560", "97111790", "98121790", "111120640", "112117790", "107113130", "110121720", "106116850", "102110750", "109117271", "99108460", "113120591", "100109980", "107116340", "105117431", "99108080", "105118230", "109117730", "111119250", "109113591", "99107640", "99110730", "98111231", "108118291", "110121450", "112119320", "107117630", "102112301", "101114020", "99114890", "97106770", "97106970", "98110710", "97116790", "105112130", "109116441", "113119300", "110115140", "112120630", "102116340", "110114720", "110120190", "112121030", "110114561", "112119580", "104112470", "107118520", "103112470", "97114170", "103120730", "105113210", "113121680", "103113270", "97107920", "112121410", "111115400", "109120621", "111119300", "107115250", "110113591", "104113380", "111121220", "112120540", "107116300", "110115980", "105115570", "101115190", "111119950", "110120640", "113118630", "108120700", "99107950", "108120621", "109118701", "107114490", "103112641", "101116130", "99112300", "99111620", "111120531", "113119950", "111116100", "103111170", "112120640", "97110950", "107113550", "101111310", "99121440", "110115120"], "labels": [3, 0, 2, 0, 3, 1, 2, 2, 3, 3, 2, 0, 3, 1, 0, 3, 0, 2, 1, 3, 3, 2, 1, 2, 0, 3, 3, 1, 2, 3, 2, 3, 0, 1, 1, 3, 1, 0, 3, 0, 0, 3, 2, 2, 3, 3, 3, 2, 3, 3, 0, 2, 2, 0, 2, 2, 0, 3, 1, 3, 3, 1, 0, 0, 0, 1, 3, 1, 3, 1, 3, 1, 3, 1, 3, 1, 3, 3, 1, 0, 1, 3, 2, 3, 2, 2, 2, 1, 3, 1, 0, 3, 3, 3, 3, 0, 0, 3, 1, 2, 1, 2, 1, 3, 1, 2, 0, 0, 0, 1, 1, 2, 0, 1, 3, 3, 0, 1, 0, 1, 0, 0, 3, 2, 1, 1, 3, 3, 3, 2, 0, 3, 0, 0, 3, 2, 0, 3, 0, 3, 2, 0], "predicted_labels": [3, 1, 2, 3, 1, 1, 1, 1, 1, 0, 0, 1, 1, 0, 3, 2, 3, 1, 1, 1, 0, 1, 3, 1, 1, 0, 0, 1, 1, 0, 3, 1, 2, 1, 2, 3, 2, 0, 1, 2, 3, 0, 1, 3, 1, 3, 1, 1, 1, 3, 3, 1, 1, 0, 1, 1, 3, 3, 1, 0, 1, 2, 3, 1, 1, 3, 1, 1, 1, 1, 1, 0, 1, 0, 2, 2, 0, 1, 1, 1, 0, 3, 2, 2, 1, 3, 1, 3, 3, 1, 3, 0, 3, 0, 3, 3, 1, 3, 0, 0, 0, 0, 0, 0, 1, 1, 1, 1, 1, 0, 1, 3, 0, 1, 0, 1, 1, 3, 1, 1, 3, 1, 3, 1, 2, 0, 1, 0, 0, 1, 3, 1, 3, 0, 1, 3, 3, 0, 1, 2, 2, 1], "confidence_scores": [[0.194659628899713, 0.24590863521768094, 0.10643932775160338, 0.45299240813100283], [0.1206415621072488, 0.35370976336300586, 0.19561013992666654, 0.3300385346030789], [0.18797060284253092, 0.1897474464258758, 0.4762762378845858, 0.14600571284700753], [0.17668027800294017, 0.20985154566538083, 0.238506112544815, 0.37496206378686414], [0.3000095894291117, 0.36234404603390175, 0.11899884964930703, 0.21864751488767967], [0.13632244870278165, 0.3700153281826448, 0.1643165316817504, 0.32934569143282316], [0.18775582684901637, 0.44697432867471015, 0.13929379709051778, 0.22597604738575572], [0.276536635722625, 0.3063602102845852, 0.235470084231991, 0.18163306976079896], [0.27787051292656023, 0.3461957103406165, 0.13270583927503532, 0.24322793745778795], [0.3578774797118521, 0.26713251200758836, 0.09994519052578497, 0.2750448177547746], [0.4380852820557083, 0.30691441075680587, 0.08668451414946679, 0.1683157930380191], [0.2747044302598737, 0.4793460016343088, 0.08142914174133595, 0.16452042636448164], [0.3384703366434066, 0.43118829004177345, 0.10143654180952878, 0.12890483150529128], [0.5503656345318654, 0.21929100022288242, 0.08437509359260656, 0.14596827165264567], [0.09377169571720871, 0.14290647991274963, 0.1064598733226084, 0.6568619510474334], [0.11348287328336493, 0.3382297915251285, 0.381171189229381, 0.16711614596212584], [0.25353224490941834, 0.31474755808708216, 0.07852922478305358, 0.3531909722204459], [0.20234651563680053, 0.4332712172154384, 0.14022530692035087, 0.22415696022741013], [0.13067891146944813, 0.44363329818256914, 0.12458712705869636, 0.30110066328928636], [0.20392031119608062, 0.39928925827931533, 0.16144895808900214, 0.23534147243560197], [0.3225183833589755, 0.2719102310233038, 0.09708356376388672, 0.308487821853834], [0.17480873295230376, 0.5099357991830076, 0.12621650428613806, 0.18903896357855057], [0.3056672893910553, 0.2558090582986238, 0.06527352884763303, 0.3732501234626881], [0.20589961022808637, 0.38245028194402797, 0.21035602792867567, 0.20129407989921014], [0.22386325575794305, 0.30724463629234844, 0.2743036441123625, 0.19458846383734604], [0.3765214432177851, 0.2591542156695641, 0.16303027611176327, 0.2012940650008877], [0.48024045842749136, 0.23864737466527303, 0.08267777280502632, 0.1984343941022093], [0.26569635250268664, 0.38082616017568555, 0.19298266325799687, 0.160494824063631], [0.2971280914894795, 0.434255710626536, 0.08784334407565372, 0.1807728538083307], [0.28906987629669395, 0.2876606745192456, 0.16664744027973918, 0.25662200890432135], [0.23627994195222007, 0.2448859149455591, 0.23930600074210717, 0.2795281423601137], [0.24750752188402006, 0.45122613099437825, 0.08084683992973422, 0.22041950719186762], [0.0794127466225027, 0.2708437893113545, 0.5101216162268821, 0.13962184783926065], [0.2328568706245785, 0.31445944546165017, 0.1835451544647034, 0.26913852944906785], [0.11924662553639197, 0.2275212492192048, 0.46917794020461023, 0.18405418503979304], [0.24308818386134878, 0.2151756224765216, 0.1312712572437228, 0.4104649364184069], [0.10058576538191215, 0.31672405211812465, 0.4114895678717695, 0.17120061462819372], [0.346521920223369, 0.22282649541631797, 0.11589465433345893, 0.31475693002685423], [0.2754772508820509, 0.32637992434222574, 0.0817765813418292, 0.31636624343389413], [0.19161320746539923, 0.2679166222979401, 0.29661843434286417, 0.2438517358937964], [0.2929948224229679, 0.2744107099739353, 0.0766439781052236, 0.3559504894978732], [0.3671896310852414, 0.28619417946922726, 0.0748878868908704, 0.27172830255466107], [0.15285130540470104, 0.3961910303615568, 0.2777758283970175, 0.17318183583672478], [0.2009541488353555, 0.275488128723947, 0.19137271507133888, 0.3321850073693588], [0.22558343858768787, 0.44359781938537146, 0.12995017411409235, 0.2008685679128482], [0.1525582988371636, 0.2242310260443687, 0.05133348292930648, 0.5718771921891612], [0.24075527180804976, 0.3509525060128244, 0.1520478476934511, 0.2562443744856748], [0.07681015076972247, 0.36590550018550483, 0.3068861112199304, 0.25039823782484233], [0.2885516741895622, 0.35842119076569356, 0.14005566004845546, 0.21297147499628882], [0.28150743604343376, 0.17219361156492946, 0.19594418008610187, 0.35035477230553486], [0.15189988955778966, 0.3041565243664289, 0.23033834039804826, 0.3136052456777331], [0.17388704803035337, 0.3571040582953246, 0.19199649353589365, 0.27701240013842865], [0.23947743812506467, 0.353499169286528, 0.07344265551537744, 0.33358073707302993], [0.40517566386490883, 0.2280985939981484, 0.20051486671664612, 0.16621087542029678], [0.3426047743194808, 0.34867873094524027, 0.0910989403977451, 0.2176175543375336], [0.1729570736412603, 0.37029752589637865, 0.266025831560321, 0.19071956890204012], [0.14851135327497728, 0.17741229610817852, 0.08010080097419008, 0.5939755496426542], [0.2299158790495822, 0.169091686932292, 0.10379545822591273, 0.49719697579221306], [0.13843727126329367, 0.4015724812246459, 0.19457028939385138, 0.26541995811820923], [0.35856248518095335, 0.2584282606418222, 0.15243576963480587, 0.23057348454241874], [0.14224206598325073, 0.5477641950143546, 0.11433641557782423, 0.19565732342457057], [0.14359731133507714, 0.31107729770288356, 0.3221972802030514, 0.22312811075898792], [0.28383197211448097, 0.22933590455972863, 0.04703185145369383, 0.43980027187209664], [0.25104948800910437, 0.3847809371651332, 0.11705295575961779, 0.2471166190661448], [0.26741233975738293, 0.3614580541648898, 0.08228404611772104, 0.2888455599600063], [0.1346055564158258, 0.24026951276186556, 0.08703502017806226, 0.5380899106442463], [0.2558314412771517, 0.4062890765870344, 0.13815422133496413, 0.1997252608008499], [0.241056994121902, 0.3954007370861699, 0.1899342475222357, 0.17360802126969246], [0.15721283743780742, 0.3401849975166201, 0.2824288552891382, 0.22017330975643434], [0.13697856707890135, 0.3753320922023176, 0.19991651479021727, 0.2877728259285639], [0.1685837592778942, 0.45169645093886307, 0.11927321436899739, 0.26044657541424526], [0.42922207336503426, 0.173160677902722, 0.143842460913931, 0.2537747878183128], [0.26138308042280733, 0.4009736278399114, 0.09400667532069067, 0.2436366164165905], [0.40510635025210917, 0.312322787856723, 0.10825406827512218, 0.17431679361604577], [0.07153669813699594, 0.21733450360053538, 0.48947151524559707, 0.2216572830168716], [0.3386498333824255, 0.1769772400019984, 0.355192303227066, 0.12918062338851025], [0.6300162563691073, 0.18475361811971208, 0.05723657315444374, 0.12799355235673676], [0.12233571554899858, 0.6528763355452781, 0.07800693744618618, 0.146781011459537], [0.2948656516193508, 0.3416354392656606, 0.1812868672942733, 0.18221204182071551], [0.19070406085472724, 0.4159078699363489, 0.1943977044989601, 0.19899036470996395], [0.3700605358951318, 0.28352585595661056, 0.09955447301839764, 0.24685913512986005], [0.26452450190565796, 0.21134399945626964, 0.09204735995478219, 0.4320841386832902], [0.12472908208596475, 0.3129197705786771, 0.41375503002531927, 0.14859611731003888], [0.23798217015764567, 0.2433155527762293, 0.28799875235401323, 0.2307035247121119], [0.15684758139470645, 0.42045736718843624, 0.2228585776806698, 0.19983647373618763], [0.29290935607333835, 0.1601970149978557, 0.1758440775044184, 0.3710495514243876], [0.13284709176343135, 0.42839405087272003, 0.2643259376944455, 0.17443291966940294], [0.236319085927891, 0.312201596534835, 0.12263812238894477, 0.32884119514832955], [0.3135924134598185, 0.25705115277840385, 0.05619420133687072, 0.37316223242490704], [0.18797616695171718, 0.3397588843955211, 0.16942397402875786, 0.3028409746240037], [0.1898794024353639, 0.15983879975407728, 0.09084999357464994, 0.559431804235909], [0.3419946542013891, 0.23622698742484766, 0.15698630292780807, 0.26479205544595513], [0.05722689715709304, 0.2622154394637359, 0.15205363449048095, 0.5285040288886901], [0.3603024580703859, 0.26777290286375793, 0.16563777325412304, 0.20628686581173333], [0.16512920104825515, 0.35399963885196584, 0.07742432926994935, 0.4034468308298298], [0.2489518091025778, 0.22481011249503252, 0.0626297719388254, 0.4636083064635643], [0.24753914123468654, 0.41508094662962564, 0.08541717349100005, 0.25196273864468777], [0.25432573446538004, 0.2743138627994099, 0.1251640285778949, 0.3461963741573153], [0.34305804971590226, 0.28422490598477373, 0.14523827286285718, 0.22747877143646697], [0.37799082210672585, 0.3237528819118333, 0.09612402338774083, 0.20213227259370023], [0.43191993711343146, 0.16140809930499425, 0.20280786932526956, 0.20386409425630495], [0.3027305308458655, 0.16789846555539797, 0.2670160757153217, 0.262354927883415], [0.4718876698016345, 0.08952500262419764, 0.1694508931211279, 0.26913643445304003], [0.3477138426787221, 0.21113839223047964, 0.18371139858687993, 0.2574363665039184], [0.14890786716923068, 0.37666231149480905, 0.1574278155639517, 0.31700200577200865], [0.05513790084392515, 0.7790624231582474, 0.09701530350621877, 0.06878437249160867], [0.28650331366699544, 0.36166645820758037, 0.09770700449361322, 0.25412322363181095], [0.1851380225225529, 0.45238797247325474, 0.12508255160056514, 0.2373914534036273], [0.17140566826288406, 0.3200407453439432, 0.22024317688028516, 0.2883104095128875], [0.39042864427554375, 0.1361063527154367, 0.10108961137998135, 0.3723753916290382], [0.190413580898104, 0.36403048957967166, 0.11398877762990024, 0.3315671518923243], [0.2091345685398949, 0.2957014669806753, 0.1446029475414509, 0.3505610169379788], [0.31583584037770407, 0.2784575564325425, 0.18791222495381293, 0.2177943782359406], [0.22367127007010473, 0.3116241105893225, 0.20148040901754535, 0.26322421032302745], [0.30071485222161726, 0.2793580155106497, 0.134582603345262, 0.285344528922471], [0.1647653865914823, 0.4308251624482819, 0.17996861386403762, 0.2244408370961983], [0.16323128476777532, 0.4154244072753688, 0.14917676525491597, 0.27216754270193994], [0.13823024982221133, 0.3619771596626537, 0.1083435575746184, 0.39144903294051675], [0.16733003651197945, 0.3462489047139467, 0.2934099743798603, 0.19301108439421344], [0.13448106135849353, 0.5270234985992697, 0.14800324350179198, 0.19049219654044472], [0.2360465231964683, 0.22294411344960316, 0.12030360478598208, 0.42070575856794656], [0.22083978290870787, 0.3391465839135892, 0.14444545503553843, 0.29556817814216435], [0.19967121093784718, 0.3068995481952301, 0.14714589218098587, 0.346283348685937], [0.21628485789751375, 0.44095643418573927, 0.14789665625608128, 0.1948620516606657], [0.11938237049087859, 0.33625233653233094, 0.3911073016228852, 0.1532579913539053], [0.5256924619852563, 0.20625423116003583, 0.07194325515671789, 0.19611005169798998], [0.28472714417958656, 0.42012540846456364, 0.09967655258781963, 0.19547089476803012], [0.2922664556564512, 0.28085683494581126, 0.16783052324297792, 0.2590461861547598], [0.5096288134409257, 0.1401224139442723, 0.08923201781395479, 0.2610167548008472], [0.15571000129397916, 0.48224865419984503, 0.14257092054694676, 0.21947042395922897], [0.22123586823814526, 0.18983263028394162, 0.26514558861456167, 0.32378591286335157], [0.18813540788813551, 0.4543230092393358, 0.15904739052903322, 0.19849419234349552], [0.24392588858761943, 0.2239209464869789, 0.0782835047930456, 0.45386966013235597], [0.38549392989482273, 0.18944599380063287, 0.09547118361502774, 0.3295888926895167], [0.11346019827327106, 0.5028755314670422, 0.08061203209834274, 0.303052238161344], [0.19800165314452597, 0.2957613736921004, 0.18885955459287992, 0.31737741857049384], [0.15728762143078145, 0.262065161146787, 0.11150292881885723, 0.46914428860357443], [0.44003096228104976, 0.23038068173658646, 0.11032404984212708, 0.21926430614023668], [0.23623627548796494, 0.2959129648110169, 0.2099107830000448, 0.2579399767009735], [0.15052164643908922, 0.23372149407296777, 0.38522357298763726, 0.2305332865003058], [0.23970437165462297, 0.25510022324468395, 0.2912002389630034, 0.21399516613768954], [0.13360696607922515, 0.41984824742347937, 0.11034209406903044, 0.33620269242826517]]}, "rewritten": {"ids": ["97106770", "97106970", "97107040", "97107681", "97107920", "97110950", "97111790", "97114170", "97116401", "97116790", "98106560", "98110230", "98110710", "98111231", "98121790", "99107640", "99107950", "99108080", "99108460", "99108520", "99108890", "99109161", "99109840", "99110730", "99111620", "99112300", "99112641", "99114890", "99117630", "99121440", "100109890", "100109980", "100111620", "100117420", "100120010", "101111310", "101112160", "101114020", "101115190", "101116130", "101121640", "102110500", "102110750", "102112301", "102116340", "103111170", "103111830", "103112470", "103112641", "103113260", "103113270", "103117461", "103120340", "103120730", "104111531", "104112470", "104113380", "105112130", "105113210", "105115570", "105115680", "105115900", "105117431", "105118230", "105121370", "106114150", "106116850", "106117770", "106121190", "107113130", "107113550", "107114490", "107115250", "107116300", "107116340", "107117630", "107118520", "107119130", "107119390", "107120130", "108113700", "108115500", "108118291", "108120280", "108120621", "108120700", "109113591", "109114030", "109114270", "109116441", "109116810", "109117271", "109117730", "109118701", "109120540", "109120621", "110113591", "110114561", "110114720", "110115120", "110115140", "110115980", "110116290", "110120190", "110120560", "110120640", "110121450", "110121500", "110121720", "111115400", "111116100", "111119250", "111119300", "111119950", "111120531", "111120640", "111121220", "112116401", "112117790", "112119320", "112119580", "112119610", "112120270", "112120540", "112120630", "112120640", "112120670", "112121030", "112121410", "113117550", "113118421", "113118630", "113119300", "113119360", "113119950", "113120591", "113120601", "113120751", "113121220", "113121410", "113121680", "113122430"], "labels": [3, 2, 2, 3, 0, 3, 2, 2, 3, 2, 1, 3, 2, 1, 2, 1, 1, 3, 0, 2, 0, 3, 2, 3, 3, 0, 1, 2, 3, 2, 3, 1, 3, 2, 0, 3, 3, 3, 1, 2, 2, 3, 1, 1, 3, 2, 3, 1, 3, 3, 2, 0, 1, 1, 0, 1, 1, 1, 3, 0, 2, 3, 1, 1, 2, 1, 3, 0, 2, 1, 0, 3, 2, 0, 3, 0, 2, 1, 2, 2, 0, 3, 3, 3, 1, 2, 3, 1, 3, 3, 3, 0, 3, 3, 1, 1, 0, 0, 3, 0, 0, 1, 2, 3, 0, 0, 3, 3, 3, 0, 3, 1, 1, 0, 0, 0, 3, 0, 3, 1, 3, 0, 0, 3, 3, 0, 2, 0, 0, 3, 3, 3, 1, 0, 0, 0, 2, 1, 3, 0, 1, 2], "predicted_labels": [1, 1, 1, 1, 3, 0, 0, 2, 1, 1, 1, 1, 2, 1, 1, 1, 2, 1, 0, 2, 1, 3, 3, 2, 1, 1, 1, 3, 2, 2, 2, 3, 0, 3, 1, 1, 1, 1, 1, 1, 1, 0, 1, 1, 3, 3, 3, 2, 0, 1, 1, 1, 3, 3, 3, 1, 3, 1, 0, 1, 2, 3, 1, 2, 1, 0, 1, 1, 2, 0, 1, 3, 3, 1, 1, 1, 0, 3, 1, 0, 1, 1, 1, 0, 1, 1, 1, 3, 1, 0, 0, 1, 1, 3, 1, 0, 1, 0, 1, 3, 1, 1, 0, 3, 1, 1, 1, 0, 0, 1, 1, 1, 3, 3, 3, 1, 1, 0, 3, 1, 0, 1, 3, 1, 2, 3, 3, 3, 1, 1, 1, 1, 3, 1, 3, 1, 1, 0, 1, 0, 1, 1], "confidence_scores": [[0.24478220421512364, 0.3176339940705009, 0.1579690691863713, 0.2796147325280041], [0.1308705704778563, 0.5006983810892351, 0.1950061378887886, 0.1734249105441201], [0.31538707075943423, 0.37203237233464787, 0.09851680700882265, 0.21406374989709553], [0.18678307610735123, 0.4295265418212429, 0.1519198724143422, 0.23177050965706364], [0.2938360961214196, 0.29107969448669907, 0.1054605131613137, 0.3096236962305679], [0.4473814236463429, 0.18222070332545992, 0.14951517374715248, 0.22088269928104454], [0.37042629867044347, 0.30046652730578194, 0.09468070335777984, 0.23442647066599479], [0.22342875856105082, 0.13796994483428748, 0.5427515757218222, 0.09584972088283937], [0.2854676925101797, 0.3149254797844324, 0.1022982655178106, 0.29730856218757723], [0.26452738565906536, 0.3497717113685072, 0.20823286372523192, 0.17746803924719545], [0.11079589072021918, 0.4643793336738342, 0.24907998873805817, 0.17574478686788864], [0.30149193069747965, 0.3683636069141826, 0.1028045117177431, 0.22733995067059473], [0.28529006297063864, 0.19179865415903502, 0.32246803474273666, 0.20044324812758973], [0.27616097441893733, 0.3760339612483974, 0.08549965927200905, 0.2623054050606562], [0.1986456181899111, 0.33658150033378725, 0.2637383869484801, 0.20103449452782132], [0.31491320075713325, 0.4351227924840685, 0.09802167609135348, 0.15194233066744472], [0.06426440839679472, 0.2807900445357866, 0.4868463588081587, 0.16809918825926015], [0.28206807523837163, 0.3257247463992999, 0.1352874966650006, 0.256919681697328], [0.3966356217864006, 0.19750324310054113, 0.10334704422541148, 0.30251409088764675], [0.1876388282253554, 0.21074599539110594, 0.47849837960108105, 0.12311679678245767], [0.17560060674067668, 0.32626804209960847, 0.17682833308434975, 0.3213030180753651], [0.24968277122674093, 0.2604812665210356, 0.0763898620738205, 0.413446100178403], [0.15221594099814786, 0.28699195538233313, 0.1927409815231704, 0.36805112209634866], [0.11738629568611167, 0.31858533578182563, 0.3721251687073443, 0.19190319982471857], [0.1919682325417161, 0.463578791816621, 0.18619187767570092, 0.1582610979659619], [0.26487530703760126, 0.3071829460906756, 0.21151379394656408, 0.21642795292515907], [0.15028201440181518, 0.5868368962077912, 0.0967375326768914, 0.16614355671350214], [0.11989953493304963, 0.3770525225100812, 0.11572259093072738, 0.3873253516261418], [0.12190956039590854, 0.2385619034446549, 0.41461180311181967, 0.22491673304761706], [0.25956002119098853, 0.16866014469791943, 0.4362834239791104, 0.13549641013198166], [0.10896409619158254, 0.08764675940891319, 0.5911998707087583, 0.21218927369074594], [0.15463321017102377, 0.18856561428477758, 0.1282996888331668, 0.5285014867110319], [0.3025609397289637, 0.26992502240271044, 0.18388807143447358, 0.2436259664338522], [0.27113400270442267, 0.26634584034052994, 0.12506915213892442, 0.3374510048161229], [0.2737775348229034, 0.31520384868889595, 0.14339893970850548, 0.2676196767796952], [0.16232509765140962, 0.39260116166712605, 0.27795397285133244, 0.1671197678301321], [0.15718871185542324, 0.5825769217320523, 0.051265752102849185, 0.20896861430967537], [0.2333184234104413, 0.32064346253440185, 0.15450130344444205, 0.29153681061071485], [0.15894854069939082, 0.42666698598246683, 0.1537700222695069, 0.26061445104863545], [0.08960159795454845, 0.5915352445841164, 0.20328855873356305, 0.11557459872777215], [0.19814805067776087, 0.35079009515275, 0.10830648746812581, 0.3427553667013632], [0.5097076628076455, 0.1369289748517711, 0.21235521872106355, 0.1410081436195198], [0.21776341536106944, 0.3718883693416591, 0.19031269870156145, 0.2200355165957102], [0.29690348026203667, 0.41308459695503075, 0.07254489002885323, 0.21746703275407922], [0.12659423180520446, 0.18363647151858462, 0.1619293520818114, 0.5278399445943995], [0.16588488503144716, 0.21563083394188856, 0.07232283472137882, 0.5461614463052855], [0.2053497299187273, 0.22161293816529862, 0.0894141949505011, 0.483623136965473], [0.17560186855291157, 0.27827043072745256, 0.32436182873087904, 0.22176587198875694], [0.3766534945019363, 0.20600188156588856, 0.13777588199580024, 0.2795687419363749], [0.2693945503201693, 0.32850260982137375, 0.09460930567808962, 0.3074935341803673], [0.11947458014191081, 0.3787772778277923, 0.3092309997472166, 0.1925171422830803], [0.2656107585719901, 0.5208181676008444, 0.05669539165053766, 0.15687568217662778], [0.1480275550372435, 0.29496035083598565, 0.21720871438325212, 0.3398033797435187], [0.22860668396318806, 0.3118683752944124, 0.10051579530814049, 0.3590091454342591], [0.195330182316221, 0.2043622995840755, 0.21839034257051226, 0.3819171755291912], [0.25978788807129144, 0.32436060270639944, 0.15302649628258258, 0.2628250129397266], [0.17494715782879172, 0.28386406855841856, 0.12392313266983981, 0.41726564094295], [0.1625751633388604, 0.46809534265990366, 0.24547222953515116, 0.12385726446608494], [0.3516474058709399, 0.2695841860723587, 0.1025244307273335, 0.27624397732936773], [0.11542940616303164, 0.4587630293066478, 0.23468450750729095, 0.19112305702302962], [0.041710639085295986, 0.23353377022157162, 0.4811912792275078, 0.24356431146562452], [0.16738888301980945, 0.32183130085577855, 0.160969867935127, 0.3498099481892851], [0.28876079887397554, 0.36534305278339585, 0.171903620100894, 0.17399252824173478], [0.14249948909262852, 0.23728547601583985, 0.3348569620282273, 0.2853580728633041], [0.19175870539381065, 0.5403666128460035, 0.0882565331685006, 0.1796181485916851], [0.39991310837846766, 0.2991715391023557, 0.1497631555016872, 0.15115219701748953], [0.20369048920462343, 0.46855144671911025, 0.17688228755497845, 0.1508757765212878], [0.17923868689298783, 0.3509643115058617, 0.18987288412833583, 0.2799241174728147], [0.09565378603906714, 0.2646682681253715, 0.3795944004470214, 0.26008354538854017], [0.31237803500888867, 0.30752121746481414, 0.09570559841398253, 0.2843951491123148], [0.20624083258726034, 0.3450394557023984, 0.20139897860114814, 0.247320733109193], [0.1454178618501458, 0.3265840601445634, 0.12194632290406966, 0.40605175510122116], [0.2414693082597352, 0.2571504115759787, 0.23784151905348158, 0.26353876111080465], [0.20816073516768496, 0.3548860114383208, 0.11128921609226111, 0.3256640373017332], [0.20148912678962, 0.45481933547282016, 0.12102660377416788, 0.22266493396339207], [0.2620581458438263, 0.3272610633948281, 0.13723592659348705, 0.2734448641678586], [0.4458819510562375, 0.24640702827212935, 0.11476437690730029, 0.1929466437643329], [0.10116505319320288, 0.2354255152933876, 0.09574999151207303, 0.5676594400013365], [0.14969791732683882, 0.6135494425978378, 0.07712672125671517, 0.15962591881860808], [0.4820085391359142, 0.22498486991651395, 0.08008794414479005, 0.21291864680278194], [0.12422220313849752, 0.34213081167936094, 0.3021516940008981, 0.2314952911812435], [0.2793066637067971, 0.3598423289264788, 0.15170282739622956, 0.20914817997049473], [0.27500461768051127, 0.34537818597943487, 0.10608774953321182, 0.27352944680684216], [0.38418955353532347, 0.2471582352226361, 0.08824604428713102, 0.2804061669549096], [0.21824174646789468, 0.42403708397301665, 0.0583088621935519, 0.29941230736553676], [0.3553072449493864, 0.36217543771320915, 0.08912346436867447, 0.19339385296873005], [0.20609519617182104, 0.4308518651833157, 0.10101150945960148, 0.26204142918526185], [0.23750633882533356, 0.2956796163700753, 0.07116526691732909, 0.3956487778872622], [0.19162309715610273, 0.347015041695516, 0.13008319857775288, 0.3312786625706283], [0.3473929587010844, 0.27708560194290316, 0.08141628341363509, 0.29410515594237746], [0.4428402881934277, 0.29794000046549857, 0.07623899255813447, 0.18298071878293917], [0.3171870508105149, 0.4044003111983098, 0.07018666389386344, 0.20822597409731175], [0.2062159983027805, 0.4138215238342204, 0.07710945976281981, 0.3028530181001792], [0.22995147458215665, 0.23415251915682925, 0.138488131329358, 0.3974078749316561], [0.13790316909216035, 0.4379184915258922, 0.16377383543480584, 0.2604045039471416], [0.47931178017319126, 0.2638621042868108, 0.07487683724767578, 0.18194927829232213], [0.28020796318723756, 0.4037903360687412, 0.09509507689784857, 0.2209066238461727], [0.37124315589616325, 0.2902170455352125, 0.0859281950302585, 0.2526116035383658], [0.16526131768019706, 0.4895029436921867, 0.1173874003739625, 0.22784833825365372], [0.13828036228621976, 0.3546440061964008, 0.1347062374284137, 0.3723693940889658], [0.26689805083659507, 0.31009403115134476, 0.2546049414800026, 0.16840297653205746], [0.18069516773029826, 0.40216868226228464, 0.19299890431411626, 0.22413724569330082], [0.40696929101742246, 0.3019488270304686, 0.14454030499953915, 0.14654157695256964], [0.15069236736862282, 0.28077660108317354, 0.11837030723094756, 0.45016072431725607], [0.1984783725797401, 0.425950743834138, 0.19826843736585578, 0.17730244622026614], [0.20306745681811758, 0.36500716742870937, 0.1359203242426762, 0.29600505151049705], [0.10090402010933881, 0.6773947064596804, 0.06940799098500895, 0.15229328244597176], [0.38059042167462254, 0.3577288564911004, 0.10961709774984563, 0.15206362408443141], [0.5105257855689862, 0.20223369484386333, 0.07408455024660215, 0.21315596934054826], [0.17160844044736134, 0.4477955541498874, 0.13404729873485194, 0.24654870666789938], [0.13547421800181375, 0.5603690255685244, 0.11862395459237533, 0.18553280183728668], [0.2691208168422643, 0.3868747332539506, 0.1515093504637591, 0.19249509944002596], [0.29340993567209356, 0.27384711214367, 0.1071658613522928, 0.32557709083194364], [0.1694042428420859, 0.1687019931348906, 0.17726008181957792, 0.4846336822034457], [0.16504837707432876, 0.16362856783532656, 0.06939241743906653, 0.6019306376512781], [0.19946984766084688, 0.45832505246684296, 0.11925120208647974, 0.22295389778583027], [0.27071086202829503, 0.364091314934662, 0.10209036220644893, 0.26310746083059394], [0.5584491171366847, 0.1465392944158727, 0.1174112592854947, 0.1776003291619481], [0.1889570003995976, 0.17481228307748042, 0.1019356664912519, 0.53429505003167], [0.18666134989739358, 0.4107718733455717, 0.14757875976444743, 0.2549880169925873], [0.3476069703418527, 0.2851108897074136, 0.0978836014807877, 0.2693985384699461], [0.09865866512794617, 0.3419225488907814, 0.31141468011064244, 0.24800410587062974], [0.2525051457495458, 0.2028031587030686, 0.09639885673340318, 0.44829283881398235], [0.18785744608520832, 0.3558929359002779, 0.1837634630594612, 0.27248615495505263], [0.22861457505469945, 0.1663344126642562, 0.3850506630247981, 0.22000034925624637], [0.16484049460920297, 0.3445275930570871, 0.11375665394534257, 0.37687525838836755], [0.05607898492294253, 0.10248876854697028, 0.04428573671752016, 0.7971465098125669], [0.2835424845675975, 0.2895429879775841, 0.07614248524413504, 0.35077204221068325], [0.15666378439741305, 0.3993924972779954, 0.18959968270025668, 0.25434403562433483], [0.17936840890116845, 0.3410036537403229, 0.1914658533297793, 0.28816208402872934], [0.2186761084760566, 0.40748612134234324, 0.08122825844253247, 0.29260951173906763], [0.2477779677143161, 0.5128888946081712, 0.09370252627659262, 0.14563061140092007], [0.13001995538783587, 0.1985404515585771, 0.256179115159328, 0.415260477894259], [0.2338357318259192, 0.4139792724367917, 0.08669779961812772, 0.26548719611916133], [0.2692828791158826, 0.2547162808612145, 0.10162309114924505, 0.3743777488736579], [0.33278258123491467, 0.34404935002716813, 0.1284222973302705, 0.19474577140764657], [0.20235091070306155, 0.31124594756512813, 0.27331060199378215, 0.2130925397380281], [0.33635021928258063, 0.26018154617810396, 0.1038365316930596, 0.29963170284625573], [0.2836394316334155, 0.307385443573269, 0.15965884166304148, 0.24931628313027415], [0.38185718977645206, 0.18264832831246983, 0.15234556574010738, 0.2831489161709709], [0.1053828176155715, 0.6009608370562951, 0.07516432351240179, 0.21849202181573146], [0.2687512286771393, 0.4318403659530286, 0.1165873763447676, 0.18282102902506447]]}}