{"test": {"ids": ["112119580", "102110690", "108116481", "112119320", "98119591", "111118301", "110115890", "111118910", "109116750", "110118880", "113120280", "100109980", "106113190", "99107640", "109113881", "98107340", "102110500", "112117461", "105116090", "102116500", "97107260", "107114140", "113121680", "112120640", "103112470", "100120010", "103113170", "112118161", "113122170", "97112830", "110115710", "99112641", "106121220", "113120540", "103113270", "113118490", "105113330", "111121190", "108117610", "112116900", "99120010", "112120990", "109120560", "108119510", "103120290", "99119830", "98117740", "104118340", "113118111", "99109840", "110114321", "113119360", "110114950", "110116441", "112117030", "113121010", "108114270", "97112170", "106119580", "104113190", "103109021", "108118060", "99108330", "100111270", "111119340", "111118820", "102109010", "113120640", "106120640", "112117571", "99108000", "104116800", "102109910", "111119950", "111115400", "107113260", "97110950", "105117431", "104116980", "105114220", "100113210", "102108621", "111117200", "108116120", "108118301", "98108370", "103118110", "111116750", "111121930", "107116300", "111114941", "110115250", "111117571", "97109080", "111116990", "104117630", "106117650", "109117271", "99112531", "103110840", "104111550", "101111210", "112119980", "113120601", "107113360", "105118740", "112116401", "101108460", "105110251", "103120730", "105111990", "109117150", "105119550", "104114230", "100111620", "105115250", "101108500", "106116120", "101108621", "110113591", "98108150", "99108890", "104111780", "100108260", "104119290", "107117010", "105115720", "99114890", "111121351", "113121190", "107114321", "110118930", "112120630", "112118880", "104111830", "111116100", "99108520", "103113210", "113122320", "99110730", "101111140", "113122510"], "labels": [3, 0, 0, 1, 1, 3, 2, 0, 0, 0, 0, 1, 0, 1, 0, 0, 3, 0, 1, 1, 2, 2, 1, 0, 1, 0, 3, 0, 1, 2, 2, 1, 1, 3, 2, 1, 3, 1, 3, 3, 2, 2, 1, 1, 2, 1, 2, 2, 1, 2, 1, 0, 0, 3, 2, 2, 3, 0, 3, 3, 0, 1, 1, 2, 3, 0, 1, 0, 3, 3, 2, 1, 2, 0, 0, 0, 3, 1, 1, 3, 0, 3, 0, 1, 1, 1, 2, 3, 1, 0, 0, 1, 3, 2, 0, 0, 1, 0, 3, 1, 1, 2, 0, 2, 0, 1, 0, 0, 0, 1, 2, 2, 1, 2, 3, 2, 3, 1, 0, 0, 0, 0, 3, 3, 1, 1, 1, 2, 0, 1, 0, 1, 3, 1, 3, 3, 2, 3, 1, 3, 2, 2], "predicted_labels": [3, 0, 3, 1, 1, 1, 2, 1, 0, 3, 0, 0, 0, 3, 1, 3, 3, 1, 3, 2, 2, 1, 3, 2, 1, 1, 1, 3, 3, 1, 0, 0, 0, 0, 2, 2, 3, 1, 1, 0, 2, 0, 3, 2, 2, 3, 3, 0, 3, 3, 0, 3, 0, 0, 3, 1, 1, 0, 1, 0, 3, 0, 1, 1, 3, 3, 3, 3, 1, 0, 2, 3, 2, 0, 0, 2, 3, 1, 2, 1, 1, 0, 3, 3, 3, 3, 2, 3, 0, 1, 0, 3, 1, 1, 3, 0, 3, 3, 3, 3, 1, 3, 3, 2, 1, 2, 0, 1, 1, 1, 0, 0, 1, 2, 0, 0, 1, 1, 3, 3, 3, 1, 1, 1, 3, 2, 1, 1, 1, 1, 1, 3, 3, 0, 3, 3, 2, 2, 1, 3, 0, 0], "confidence_scores": [[0.3635248589116984, 0.0019770222256407398, 0.02560537635316237, 0.6088927425094985], [0.9811887235372654, 0.01869164066334599, 3.783126958979469e-08, 0.00011959796811905247], [0.00025895918321643075, 3.289296464453231e-08, 9.270040737430036e-09, 0.9997409986537782], [1.818957041616756e-06, 0.5199394625066709, 0.4306508397219741, 0.04940787881431344], [0.10362944826695732, 0.8813543615940492, 0.007172907027545581, 0.007843283111447856], [0.001484602676306921, 0.9901304637347166, 0.0004781471645906169, 0.007906786424385972], [0.0028560057014635322, 0.17535082667417182, 0.5543596067261357, 0.26743356089822895], [0.0004663743833606893, 0.6728384702648819, 0.003684625207843621, 0.3230105301439138], [0.9605903880064851, 0.029420303820524275, 1.1548614477655775e-05, 0.009977759558512947], [8.566786665746296e-06, 0.010115932417450416, 7.544503431071955e-08, 0.9898754253508496], [0.9885504065166512, 1.8632144707239376e-07, 6.204835260979862e-07, 0.011448786678375678], [0.8802307271163138, 0.00012856845829255562, 7.837618218542178e-06, 0.11963286680717508], [0.9999456493538069, 1.9073699429846396e-06, 1.5017043298917562e-06, 5.094157192000699e-05], [0.00015305639052531182, 0.00015298258065830407, 0.28778128667052555, 0.7119126743582908], [0.00010638067608774561, 0.9997733954921295, 0.00011981004731627857, 4.1378446655815855e-07], [8.366756182799186e-09, 1.7857596263241777e-07, 0.08102588361554357, 0.9189739294417376], [0.00663259326880282, 8.113943282421109e-05, 0.1819698408075533, 0.8113164264908196], [0.2444977218164515, 0.46389506304241557, 0.0018756599325602565, 0.28973155520857286], [0.3442133441043335, 0.1474710573986578, 8.404356729239826e-05, 0.5082315549297163], [0.00866632781280288, 6.0708275911999515e-05, 0.9911218029233682, 0.00015116098791674348], [2.8712828353155444e-08, 1.0399844325212735e-06, 0.999996736875482, 2.1944272571447624e-06], [0.0005712048964728564, 0.9994263130869261, 1.5846142790159743e-06, 8.974023219874717e-07], [0.00043702315371247177, 2.4833874667265022e-05, 6.825405920239658e-05, 0.999469888912418], [2.4531090708399514e-05, 0.04543433894477794, 0.9529881326354669, 0.0015529973290466853], [0.021687360732763585, 0.9726338200723706, 0.0056787692658927654, 4.992897292311052e-08], [1.5928979210478608e-07, 0.8013954510323144, 0.19849582521011175, 0.0001085644677817342], [0.014029843695231373, 0.9801477580985921, 0.005362001447140912, 0.0004603967590353549], [1.0845817483848797e-06, 0.17052758040068702, 2.0554593376060742e-08, 0.8294713144629713], [1.4500578615394584e-07, 0.007286154769890576, 1.2166152406465737e-05, 0.9927015340719167], [8.187619081517504e-06, 0.8033108058897783, 0.17070902533166332, 0.02597198115947706], [0.8209153818146259, 0.05403295687452085, 0.0327018231058804, 0.09234983820497279], [0.9856426716143005, 8.61974077446657e-05, 3.799829733588386e-07, 0.014270750994981554], [0.984188425885616, 0.0004175383063691104, 0.014695394003044635, 0.0006986418049702158], [0.9977111167054695, 6.829167526753613e-07, 7.762765766070208e-08, 0.0022881227501202832], [9.020869718224644e-06, 1.1992684288142781e-06, 0.9997700277582507, 0.00021975210360224926], [0.05488971675354473, 0.0008781991880430958, 0.9210808290357776, 0.023151255022634477], [0.29317341568055955, 0.012316689615532932, 0.001508230350535645, 0.6930016643533718], [0.0013723172790575887, 0.9959637052367286, 0.0013702830477340241, 0.0012936944364798887], [0.24115987145991405, 0.627833151370051, 4.7607759121059226e-05, 0.13095936941091388], [0.7743543459024776, 0.10743535085940271, 0.0001421118169714179, 0.11806819142114805], [1.4366917209397845e-05, 0.0025198675592111434, 0.9972953922133357, 0.0001703733102437422], [0.9808997242555517, 0.019076616711815854, 9.007513181162338e-06, 1.4651519451306394e-05], [2.242197497506685e-08, 0.029936523108508594, 0.24023089672383505, 0.7298325577456813], [8.384391745302042e-05, 0.001018381537239276, 0.9848546092001212, 0.014043165345186463], [0.0016290381322947656, 0.05695371360809877, 0.9386611697005245, 0.0027560785590820206], [1.7099539071700446e-05, 0.09284529076154395, 0.08103472938183479, 0.8261028803175496], [9.248521360150173e-05, 0.2007208683726042, 0.04462235499706256, 0.7545642914167316], [0.5268611754037597, 0.3755819477096467, 0.08377316664780976, 0.01378371023878385], [3.821649237577861e-05, 0.0005501074107390791, 3.942115273089226e-05, 0.9993722549441544], [4.696041982250188e-06, 0.000225463697283285, 0.01824403338905348, 0.9815258068716811], [0.8469697252712161, 0.1487824934502478, 0.00016486520280593924, 0.004082916075730179], [0.053994692247208785, 0.00013510238084509077, 0.0002337176800909058, 0.9456364876918552], [0.9952250914480376, 1.8782889661714498e-05, 0.00138866295176135, 0.003367462710539292], [0.9322555734774242, 0.0672063794131058, 0.0005094836188521814, 2.8563490617807154e-05], [0.19843635874051327, 1.3970581944474402e-06, 0.0009830376642800686, 0.8005792065370122], [0.00568515269370052, 0.9239006558005878, 0.0074911779018288025, 0.06292301360388274], [0.0376832386789697, 0.9542937597657766, 0.007991012706522267, 3.1988848731584985e-05], [0.9806389701589774, 4.868147001889507e-05, 0.009189590273781538, 0.010122758097222387], [0.15273265947241702, 0.7846659404736611, 0.04454036490525779, 0.018061035148663973], [0.9955739915266167, 0.0006462543090809852, 0.0016270148554273528, 0.0021527393088749142], [0.00037234192535245085, 4.297549517273308e-05, 2.366579189086844e-07, 0.9995844459215558], [0.5905107614927789, 0.39744532816000006, 0.012029044946193094, 1.4865401028110631e-05], [0.0056323929540676035, 0.9922812071102717, 0.0019687297433885415, 0.00011767019227226368], [2.361287274079162e-07, 0.5031433438543043, 0.496667777416771, 0.00018864260019742116], [9.451293799045356e-05, 0.1679611948795773, 7.501773136549439e-05, 0.8318692744510667], [0.32478193437520125, 1.5756254126419227e-07, 1.9856277982483051e-07, 0.6752177094994776], [0.036364032406806523, 0.0988993885854586, 0.04141832407485357, 0.8233182549328814], [0.0006019028312270929, 0.14457556216404718, 0.007097904320265761, 0.8477246306844599], [1.4844584049855565e-06, 0.9922525297291914, 0.007183459119074686, 0.0005625266933287716], [0.599772245922583, 0.046280138605016015, 4.459045251490687e-06, 0.3539431564271495], [0.00681537606442827, 0.18611677499041265, 0.7744361715349545, 0.03263167741020466], [0.0002063723739533556, 5.052847561547927e-06, 4.593295002271288e-07, 0.9997881154489848], [0.017941478499988398, 0.1879022209615009, 0.7266770912602492, 0.06747920927826145], [0.6988280375706388, 3.9281547224373773e-07, 6.23735139466561e-05, 0.3011091960999423], [0.921907352018636, 0.0003446234632488931, 0.07774151676752324, 6.507750591719931e-06], [0.00011659233209529138, 0.023558025929753125, 0.9044360883031712, 0.07188929343498048], [0.021492487689334892, 0.0013159679892304416, 0.2603499725600703, 0.7168415717613644], [1.0283638972047438e-05, 0.9870414991588738, 0.012947787651007339, 4.295511467005004e-07], [8.674834290542617e-05, 0.0032450206954717856, 0.9965989736039339, 6.925735768897932e-05], [0.4882718704481194, 0.5018275256165573, 8.725072974568728e-08, 0.009900516684593522], [0.013552047926644281, 0.9610077955989192, 0.0003432908320187097, 0.02509686564241799], [0.972924247852527, 0.003624612601573351, 6.075595888820207e-06, 0.02344506395001078], [0.0009829830190775995, 0.48866220408496586, 7.652691266804769e-07, 0.5103540476268299], [0.04069518006842966, 9.621841437600965e-05, 0.007486800371493389, 0.951721801145701], [0.00021020794426464398, 0.006119189308881529, 1.202691339196061e-07, 0.9936704824777199], [2.1167853354584376e-06, 0.001399858234746784, 0.011581349481751742, 0.987016675498166], [0.0068959153985580085, 0.06563449872341608, 0.571518036650142, 0.3559515492278839], [0.020428777347295562, 1.3036079147139972e-07, 4.15711006400118e-05, 0.979529521191273], [0.9997207877858172, 0.0002456710513292425, 9.261156098498105e-06, 2.4280006755129487e-05], [0.0306901972784788, 0.6246529676020364, 0.00460144865348529, 0.34005538646599953], [0.6622723876173149, 0.014402333692295263, 8.332122030979723e-06, 0.323316946568359], [1.0493227939961312e-05, 1.8381251418988018e-05, 3.704041050181281e-08, 0.9999710884802305], [0.1894251621453068, 0.7647699708800277, 0.0006685024574507018, 0.045136364517214575], [2.5999254200026253e-11, 0.9993333309632851, 6.738540347459239e-05, 0.0005992836072409774], [0.053150740546008594, 0.11482619895539055, 0.0033339964385818758, 0.828689064060019], [0.99999708370425, 2.203918479812891e-08, 3.3745834918982717e-09, 2.8908819817899907e-06], [1.0773520615721622e-06, 0.09457993064646557, 0.013657470177982804, 0.89176152182349], [0.01151760323962883, 1.597454226840236e-07, 6.129066071247087e-08, 0.9884821757242878], [0.07721626976648865, 0.003366804225384466, 9.705663808486102e-07, 0.919415955441746], [0.31884940103739917, 0.059511421571812946, 0.2814694221636398, 0.34016975522714804], [0.4242223391022895, 0.44025386347812207, 0.13461536777282224, 0.0009084296467660885], [0.012963567665266736, 0.007494917850927377, 0.027775025143360506, 0.9517664893404454], [0.1727096852447587, 7.553282802534688e-06, 1.5043728966592742e-06, 0.8272812570995423], [0.0005338588811176981, 0.006281435230586337, 0.9893976978762237, 0.0037870080120724057], [5.7816177268234e-06, 0.6360915778592741, 0.34639463493088374, 0.01750800559211552], [0.280008300591132, 2.268661495381793e-06, 0.5128345547981881, 0.20715487594918452], [0.9999535007287375, 8.478953348854444e-07, 3.355015082920986e-05, 1.2101225098331494e-05], [0.001981236945261341, 0.987189918210739, 0.0015359360483469782, 0.009292908795652801], [1.4733237899036326e-05, 0.6614483531566175, 2.6056482111047782e-05, 0.3385108571233724], [0.0004173333874275874, 0.9993875563519624, 3.71425469732479e-06, 0.0001913960059126011], [0.9999860964836069, 1.040730479869948e-06, 9.529077646838195e-06, 3.333708266594484e-06], [0.9743203732341363, 1.1019849917490659e-05, 0.005702685341837533, 0.019965921574108435], [0.0008403047759788887, 0.9286520287238595, 1.0190475188365015e-05, 0.07049747602497328], [7.480449703705701e-06, 0.01249453228337391, 0.9862273201760456, 0.0012706670908768352], [0.8483028285235044, 0.11724423994833551, 0.03325074067120049, 0.001202190856959558], [0.7895636261351439, 0.01906745800332175, 0.13998093673720505, 0.05138797912432943], [8.976688609039627e-06, 0.99970416776328, 2.8786978077711164e-07, 0.0002865676783302737], [0.002587796493192647, 0.930568637124698, 0.015295786078771755, 0.05154778030333766], [0.0006450633015050374, 0.002625023762916632, 0.00013428423430304786, 0.9965956287012754], [4.827033090305283e-07, 0.0013483287739605697, 6.019495946751149e-13, 0.9986511885221285], [1.4051941963569903e-06, 0.47553654623149355, 8.780154172633231e-06, 0.5244532684201374], [2.9100608543254703e-06, 0.9963151411452321, 8.597005369847996e-06, 0.00367335178854378], [0.0009698688708604153, 0.9989895330543304, 1.896697713704555e-05, 2.1631097672168845e-05], [0.33072088793421156, 0.3771848493703729, 0.2668092505150924, 0.02528501218032304], [0.00014544836526937403, 0.21517948063686643, 0.0017543108805748388, 0.7829207601172893], [7.402754439226906e-05, 0.02287797782233509, 0.9738342996528797, 0.003213694980392924], [0.00015994429238273475, 0.9994614333879592, 0.0002680669958191204, 0.00011055532383901619], [9.697600152551218e-07, 0.9715022378177931, 0.028495045765576817, 1.7466566148311425e-06], [0.018801440364709324, 0.9597230259324503, 0.0004155970340054691, 0.02105993666883499], [0.00026403127052621516, 0.9997358989844001, 6.525880051334013e-08, 4.48627319103728e-09], [0.0006654662148538347, 0.9992176346908636, 0.00011049064411018216, 6.408450172355207e-06], [0.0002787635935366325, 0.002711682845836304, 0.0003885000759104539, 0.9966210534847166], [2.3828318253198212e-05, 0.0060715334795495325, 0.0037990234417294134, 0.9901056147604678], [0.9967082468534378, 0.002496495523383736, 0.00036313319051004613, 0.0004321244326683248], [8.027517388053832e-07, 5.361799108525679e-05, 1.76915686972702e-05, 0.9999278876884786], [0.002521680374237359, 0.1331429209772426, 3.5547751797138876e-05, 0.864299850896723], [0.007653055102193892, 0.005214116582325781, 0.9865625514852878, 0.0005702768301924683], [0.04487111079234499, 2.6735266324124386e-05, 0.9547081759791033, 0.0003939779622277154], [0.042071802267596235, 0.95357668001726, 0.000510610923235923, 0.003840906791907702], [0.0002704346244415971, 1.7964567661748494e-06, 9.777752476982028e-07, 0.9997267911435445], [0.9315366337027116, 0.0039932233607346155, 0.0061418035464443355, 0.05832833939010951], [0.9984873292454575, 0.0014644333862140477, 4.784456786196778e-05, 3.9280046662479185e-07]]}, "rewritten": {"ids": ["97107260", "97109080", "97110950", "97112170", "97112830", "98107340", "98108150", "98108370", "98117740", "98119591", "99107640", "99108000", "99108330", "99108520", "99108890", "99109840", "99110730", "99112531", "99112641", "99114890", "99119830", "99120010", "100108260", "100109980", "100111270", "100111620", "100113210", "100120010", "101108460", "101108500", "101108621", "101111140", "101111210", "102108621", "102109010", "102109910", "102110500", "102110690", "102116500", "103109021", "103110840", "103112470", "103113170", "103113210", "103113270", "103118110", "103120290", "103120730", "104111550", "104111780", "104111830", "104113190", "104114230", "104116800", "104116980", "104117630", "104118340", "104119290", "105110251", "105111990", "105113330", "105114220", "105115250", "105115720", "105116090", "105117431", "105118740", "105119550", "106113190", "106116120", "106117650", "106119580", "106120640", "106121220", "107113260", "107113360", "107114140", "107114321", "107116300", "107117010", "108114270", "108116120", "108116481", "108117610", "108118060", "108118301", "108119510", "109113881", "109116750", "109117150", "109117271", "109120560", "110113591", "110114321", "110114950", "110115250", "110115710", "110115890", "110116441", "110118880", "110118930", "111114941", "111115400", "111116100", "111116750", "111116990", "111117200", "111117571", "111118301", "111118820", "111118910", "111119340", "111119950", "111121190", "111121351", "111121930", "112116401", "112116900", "112117030", "112117461", "112117571", "112118161", "112118880", "112119320", "112119580", "112119980", "112120630", "112120640", "112120990", "113118111", "113118490", "113119360", "113120280", "113120540", "113120601", "113120640", "113121010", "113121190", "113121680", "113122170", "113122320", "113122510"], "labels": [2, 2, 3, 0, 2, 0, 0, 1, 2, 1, 1, 2, 1, 2, 0, 2, 3, 3, 1, 2, 1, 2, 3, 1, 2, 3, 0, 0, 0, 3, 0, 2, 2, 3, 1, 2, 3, 0, 1, 0, 1, 1, 3, 3, 2, 2, 2, 1, 1, 3, 3, 3, 2, 1, 1, 0, 2, 1, 0, 2, 3, 3, 2, 1, 1, 1, 1, 1, 0, 1, 1, 3, 3, 1, 0, 0, 2, 0, 0, 1, 3, 1, 0, 3, 1, 1, 1, 0, 0, 2, 0, 1, 0, 1, 0, 1, 2, 2, 3, 0, 1, 0, 0, 3, 3, 0, 0, 3, 3, 0, 0, 3, 0, 1, 0, 1, 0, 3, 2, 0, 3, 0, 1, 1, 3, 0, 3, 0, 2, 1, 1, 0, 0, 3, 2, 0, 2, 1, 1, 1, 1, 2], "predicted_labels": [2, 1, 3, 0, 2, 2, 3, 2, 3, 1, 3, 1, 1, 2, 1, 3, 3, 3, 0, 1, 3, 2, 1, 0, 1, 3, 0, 1, 3, 1, 3, 0, 3, 1, 0, 2, 3, 0, 2, 3, 0, 1, 1, 2, 2, 3, 2, 1, 0, 1, 3, 0, 2, 3, 2, 0, 0, 3, 1, 0, 1, 1, 0, 1, 1, 1, 0, 1, 0, 1, 3, 1, 1, 0, 2, 2, 1, 1, 3, 1, 1, 3, 3, 1, 0, 3, 2, 1, 0, 0, 3, 2, 3, 1, 0, 3, 0, 3, 0, 3, 3, 0, 0, 3, 3, 1, 1, 0, 1, 0, 3, 3, 3, 3, 1, 0, 0, 1, 3, 0, 1, 3, 0, 1, 3, 3, 3, 2, 0, 3, 2, 3, 0, 0, 1, 1, 1, 1, 3, 3, 0, 0], "confidence_scores": [[2.7986191191635882e-08, 1.8643043304379762e-08, 0.9999991016767357, 8.516940298186451e-07], [4.48675163901849e-12, 0.9995745495837359, 9.58286069246881e-05, 0.00032962180485267495], [1.5860614338089332e-05, 0.00010231976726508214, 0.001511391352684418, 0.9983704282657123], [0.9997773727507625, 6.45215117893831e-08, 8.843654728035342e-05, 0.00013412618044531134], [3.0619746329448737e-06, 0.4832525115869921, 0.5040279298899906, 0.012716496548384292], [1.2238931130727028e-09, 4.6874430037551225e-08, 0.538494508100789, 0.4615054438008878], [3.5640065109376925e-08, 0.040395090653970074, 1.693158800435133e-06, 0.9596031805471644], [1.0284879718139242e-05, 0.00034250733643061387, 0.9582266805768296, 0.04142052720702183], [0.0008021293920220507, 0.03182970728366709, 0.14772628895641343, 0.8196418743678974], [0.3539769543112278, 0.5939903823907243, 0.045166860198882094, 0.006865803099165784], [1.277914661729961e-06, 0.0002747918868606277, 0.016072690863071136, 0.9836512393354065], [0.0003667609535070848, 0.8965619290938206, 0.0382488246454614, 0.06482248530721084], [0.2222574435165467, 0.5741335512779745, 0.14499169227292955, 0.058617312932549265], [0.000296318615320405, 0.004064560984622426, 0.9956317085706187, 7.411829438512799e-06], [9.46712225120254e-06, 0.9795238545499068, 4.4302625591786914e-05, 0.02042237570225031], [0.00019916169386971212, 0.0013689337858553596, 0.02670463153498495, 0.9717272729852899], [0.0017648098850428838, 1.0844153897873067e-06, 7.839046914641203e-05, 0.9981557152304209], [0.16516152618027757, 0.14880515620304877, 4.5653748689113535e-06, 0.6860287522418047], [0.999940693906097, 2.4519024112280047e-05, 2.5090246941312106e-09, 3.478456076602131e-05], [4.6966652793128935e-09, 0.9999736200486731, 2.539281784088187e-05, 9.824368206876144e-07], [2.348015570861992e-06, 0.4426345707519946, 0.009399007779990065, 0.5479640734524445], [1.9433307553239497e-05, 0.01821576211521358, 0.9813460827533343, 0.0004187218238989917], [0.29361183385353257, 0.46284306927426794, 0.062182932144506674, 0.18136216472769293], [0.7173308228423221, 0.12347398126750002, 0.0034297109175066205, 0.15576548497267115], [2.641172759845951e-06, 0.9683317951199025, 0.03130870464494211, 0.00035685906239553785], [0.0006365358242158906, 0.09127110126396087, 0.014025324989813832, 0.8940670379220094], [0.8803558494439506, 0.11230509182589425, 0.0008468135427287908, 0.00649224518742639], [3.9695140700702184e-07, 0.6857121932940644, 0.3141236498114699, 0.00016375994305864328], [0.007640735848672613, 0.015222406354714148, 0.0006046705120816723, 0.9765321872845315], [0.00016351535014829034, 0.9989672166006281, 9.059634833787466e-07, 0.0008683620857402773], [0.0001083186019218065, 0.010027594616507868, 0.00012768557420565502, 0.9897364012073646], [0.704682084748372, 0.001929038833791705, 0.0012914956718365971, 0.2920973807459999], [0.0034106352934518383, 0.010172204223272913, 0.05552946377807458, 0.9308876967052008], [4.388450393838842e-05, 0.8459693313590044, 0.00012061873110104372, 0.15386616540595613], [0.7135643179679644, 0.08032830337926414, 0.005107179237988002, 0.20100019941478345], [0.000731695039749238, 0.0033418410993524997, 0.992779633315209, 0.003146830545689219], [0.0006822232412442847, 4.273403147886644e-08, 0.00015374815214766113, 0.9991639858725765], [0.5985421576471651, 0.40098584252982256, 1.7240432294865897e-07, 0.0004718274186895431], [0.009536776053514844, 8.72826802027747e-06, 0.9904233353604259, 3.116031803892942e-05], [0.0004962700942856042, 0.00032719639416208186, 5.695805195485207e-07, 0.9991759639310327], [0.5191776279344709, 0.04670708251329308, 0.4274714307995694, 0.006643858752666674], [0.09913368302830436, 0.9007936392741269, 7.262386492434434e-05, 5.3832644307473604e-08], [0.08569167613176228, 0.8779365431575169, 0.030366430090134417, 0.006005350620586209], [0.001682908629273477, 5.999890895639951e-07, 0.9978703290125404, 0.00044616236909663325], [2.9128574640907295e-06, 1.029949851164194e-06, 0.9981730484312945, 0.001823008761390352], [2.1885092588843073e-06, 0.0004926423101232401, 0.01382636284042696, 0.985678806340191], [0.0029680918387400466, 0.15237178209417496, 0.8056986263988098, 0.038961499668275085], [0.00035554028656517296, 0.9953978184762601, 8.065477474757787e-06, 0.0042385757596998435], [0.9319503259695736, 0.022924734020317483, 0.0451220544232479, 2.885586860988325e-06], [4.05735116500111e-05, 0.998300378261845, 5.546322341432462e-05, 0.0016035850030907057], [6.983042000548848e-06, 0.0001868931104773605, 0.00019158229089939272, 0.9996145415566227], [0.966298208903326, 7.053444508566403e-05, 0.03362548726310016, 5.769388488271107e-06], [0.0002874915853212791, 0.019306950589515638, 0.5748366828709864, 0.40556887495417665], [0.19508837498810508, 3.494076337927084e-05, 2.4016617635130747e-06, 0.8048742825867522], [0.017596631963998927, 0.005145279018375832, 0.9747274237503877, 0.0025306652672376284], [0.9999426935169499, 2.0542642522133612e-07, 8.709582246009474e-09, 5.709234704273408e-05], [0.994095343747785, 0.0028227603947793144, 0.00042269398700413573, 0.0026592018704315354], [1.3173682017961407e-06, 0.05807316596968645, 6.2167669868018275e-06, 0.941919299895125], [0.0008851070923052549, 0.9974560273058369, 9.346578016959288e-06, 0.001649519023840659], [0.9999968071758106, 2.107031163466127e-06, 1.9499783454959412e-07, 8.907951913004585e-07], [0.11881461583380322, 0.5186412936384232, 3.9689895777223494e-05, 0.36250440063199635], [0.13118577951085336, 0.8679291667008584, 1.377017706805653e-07, 0.0008849160865173924], [0.5544496944823336, 0.0006767748194825432, 0.4398110815130973, 0.005062449185086595], [0.005808270874766293, 0.981810996679472, 0.003319218795235443, 0.00906151365052629], [0.11933802122500321, 0.8604057596371498, 2.011880804589854e-05, 0.0202361003298011], [0.00019788295646577767, 0.9000700626461069, 0.09972024158676507, 1.1812810662175342e-05], [0.8050360023814289, 4.885151108282049e-07, 0.19107754053787734, 0.003885968565583049], [0.0007694207553988286, 0.920204366937927, 2.9021203037461937e-05, 0.07899719110363679], [0.9998864392195248, 1.303549994715212e-05, 2.0840890770069367e-05, 7.968438975807552e-05], [0.001839147974737155, 0.9186269173313125, 0.002698831003320266, 0.07683510369062999], [1.2964976087119456e-06, 0.48203461202075776, 0.002790660130307312, 0.5151734313513262], [0.0014464079935863866, 0.9227531438427985, 0.05113996496128871, 0.02466048320232659], [1.7926891642091452e-06, 0.9998221979749978, 0.00015758339644265858, 1.8425939395408013e-05], [0.8688420648419993, 0.004749376903198823, 0.12531196469458422, 0.0010965935602175834], [0.002257944727086483, 0.1803098324384745, 0.7903137195454417, 0.027118503288997252], [3.588901666677291e-08, 0.03234355020077305, 0.9676117937994755, 4.462011073471307e-05], [0.010856615624493814, 0.9891053443813407, 3.77661685164275e-05, 2.738256492728046e-07], [0.0030976324422483065, 0.9963230224781826, 0.0004945914109807321, 8.47536685883566e-05], [0.0012192252343293563, 0.0038524794222773943, 0.0005184774122884787, 0.9944098179311048], [2.2864019347263026e-05, 0.6680847796856767, 0.3313710229153597, 0.0005213333796163506], [0.013291731341524015, 0.9703708294485327, 0.01632839939099884, 9.03981894417687e-06], [0.3037942067615104, 4.358539936723121e-07, 0.12435426146825883, 0.5718510959162372], [0.14654332826450356, 1.4883966908502198e-05, 1.7969718151471316e-08, 0.8534417697988699], [0.03221696937534433, 0.9477976920195633, 0.00029680431172759763, 0.019688534293364562], [0.797691927342069, 0.08200719603768132, 0.1202296239618898, 7.125265835991204e-05], [0.0001494869853711766, 0.004877703131432112, 2.841424969436864e-07, 0.9949725257406997], [1.3480613336989185e-05, 0.0005176866511221248, 0.9976022482354929, 0.0018665845000478045], [3.2692767521951387e-06, 0.9999195251218388, 7.719833580153452e-05, 7.2656075442800206e-09], [0.9059507100584806, 0.00023125558384521228, 0.001109533896167678, 0.09270850046150662], [0.9484833658361292, 2.172893196752053e-05, 0.000313034191261314, 0.05118187104064191], [0.10807149611381704, 1.202356890591623e-08, 2.252835196719789e-06, 0.8919262390274173], [3.024938400837457e-07, 0.03634154469530114, 0.9217888928669863, 0.04186925994387241], [7.772412700851244e-09, 5.158517149443546e-05, 5.543154578514551e-15, 0.9999484070560872], [0.17843523400137234, 0.8206430474636136, 1.2497468765768767e-05, 0.0009092210662481888], [0.996916847253546, 3.152102837372175e-05, 0.001149609773578814, 0.0019020219445017763], [8.74911649948629e-05, 1.0336400858054708e-05, 1.0958726009698143e-08, 0.9999021614754211], [0.6764403945154603, 0.05442540574364219, 0.10906437336365302, 0.1600698263772445], [0.04571938992198034, 0.24612436203190666, 0.07342185064639273, 0.6347343973997203], [0.9944694287731927, 0.005472094923811162, 5.825355826000657e-05, 2.2274473614645792e-07], [7.156762481779818e-06, 0.46356808161743096, 2.148228854484003e-06, 0.5364226133912328], [4.975247407263655e-06, 0.00014108087632378556, 1.1571659677946374e-06, 0.9998527867103012], [0.8356365499773417, 0.007211253897510001, 2.1130461207355983e-05, 0.15713106566394094], [0.6588349439316913, 0.0020483083348703727, 0.33904440182974005, 7.234590369821538e-05], [0.009390549058090444, 0.4025243945896481, 4.8825182128395537e-05, 0.5880362311701332], [0.023965997665835116, 8.406097812419177e-06, 2.3454298974967897e-05, 0.9760021419373774], [0.14354889521584727, 0.7342135770678963, 0.013629398962945915, 0.10860812875331054], [0.00010227537195586138, 0.6728789283389314, 3.1700471718765332e-06, 0.32701562624194097], [0.9969943345787804, 0.0029821421142856223, 8.31985428260689e-06, 1.520345265158489e-05], [0.0003524604385184175, 0.9754975016598161, 0.0001780987776002203, 0.023971939124065256], [0.8585423272335723, 3.1183280929162374e-07, 3.164616970008006e-08, 0.14145732928744892], [0.0007988017310650942, 0.1834824232472014, 0.001793390386900124, 0.8139253846348334], [0.0027982501164750713, 0.05546715398575532, 0.0011917537038334165, 0.9405428421939361], [0.42311269977591726, 1.899133944751392e-06, 7.614322729997803e-05, 0.5768092578628379], [0.09516381037053188, 0.03444886389845269, 0.02184033499989607, 0.8485469907311194], [0.01595754971932407, 0.9838164985013728, 2.2400692316913252e-05, 0.00020355108698603088], [0.9957606291944346, 0.0003989471042306077, 0.0020860532947076563, 0.0017543704066270423], [0.9996894601296727, 2.6944935460044942e-06, 6.1492767727207435e-06, 0.00030169610000833875], [0.00890158609294937, 0.985233188162216, 2.9350488357221424e-05, 0.005835875256477629], [0.24995960430608574, 1.1519706285404481e-07, 0.0001886978410286756, 0.7498515826558226], [0.9070746715490059, 0.06957855920408318, 5.384385107402052e-05, 0.02329292539583683], [0.43992847273611657, 0.5398492308820532, 0.0005023592024971429, 0.01971993717933324], [0.00010169103344203134, 0.4991440027997365, 3.93817250842538e-05, 0.5007149244417373], [0.9941322416309895, 0.0026546340598132255, 0.0007656993907675112, 0.0024474249184299043], [3.432359681816939e-07, 0.6993777053234271, 0.21655515732749872, 0.08406679411310589], [0.030550874042702403, 0.00011521056295546052, 0.008500268283414799, 0.9608336471109274], [0.21273255720851555, 2.6355084638821673e-06, 3.245385599986148e-06, 0.7872615618974206], [0.002008615319414296, 0.005506867405053107, 0.01245508870983398, 0.9800294285656986], [8.851719247688042e-06, 0.07580516846932613, 0.9149691863048924, 0.009216793506533745], [0.8882167858805786, 0.1093248528568635, 4.60358179286793e-06, 0.002453757680764806], [0.002485504002660191, 0.024571625967927214, 6.22883173633727e-05, 0.9728805817120493], [0.009613972489126021, 0.00032106394671631945, 0.9520930875770555, 0.037971875987102305], [0.022236605421768193, 0.0004940519368355341, 0.0059844142556420565, 0.9712849283857543], [0.9935619332854212, 1.5061446935560276e-08, 1.2705381116857618e-07, 0.006437924599320651], [0.9937240782758897, 1.8498118306063864e-05, 2.1205857915122734e-07, 0.006257211547225204], [0.00018499296828309957, 0.7083547684236547, 0.00024988652225200293, 0.2912103520858102], [0.0006007656496986194, 0.6044563380401, 0.02030611102433095, 0.3746367852858703], [0.00037004766884617287, 0.967113285610963, 0.00021351153569614217, 0.03230315518449453], [0.009412689190807287, 0.990586657439766, 6.127516454707079e-07, 4.06177812679938e-08], [9.609970357900557e-06, 8.16544909275704e-06, 0.004263505379589973, 0.9957187192009593], [1.8536368010514095e-07, 0.10922784839741816, 0.002041719130103083, 0.8887302471087986], [0.9048193856805108, 0.056450317182203905, 0.00032591284906026993, 0.03840438428822508], [0.9997744450707534, 0.0001522802952916585, 7.281072508382435e-05, 4.639088710845217e-07]]}}