{"test": {"ids": ["99108710", "112118620", "103111830", "113121190", "107112850", "104113170", "101112201", "106115120", "113117340", "99108580", "112118810", "112116900", "113119340", "107115250", "99109910", "107113840", "107114280", "106113360", "99107630", "112117471", "105113480", "106114880", "109114270", "112118701", "112116401", "97112170", "113120780", "111117200", "110121450", "99121440", "110117500", "113119450", "102121700", "111114321", "108113760", "111116090", "106118301", "112118930", "103111990", "106116820", "97108520", "101117580", "104116980", "101109370", "103111540", "101111620", "108120280", "109117110", "98111860", "105117351", "97106591", "110119891", "109116040", "111121190", "105120280", "107121540", "110120700", "97116790", "111120531", "112120270", "106120640", "106114011", "110118701", "104113550", "108120060", "113122170", "100112060", "102113350", "99110730", "98112300", "112118820", "113119300", "108119510", "112116540", "106120290", "103110220", "105118230", "100109000", "107114950", "98110810", "111119950", "109119340", "108116120", "102117351", "113118810", "107119950", "109119591", "113122190", "99111620", "105115250", "105113170", "109117730", "107116501", "105115720", "113122120", "103111930", "105119550", "107120130", "109117150", "112116800", "112120640", "97107821", "101111310", "98108580", "111116170", "110117870", "107118780", "105115380", "97107950", "97114170", "103120340", "111117120", "112116290", "107116980", "109114651", "99109141", "105120621", "100116500", "111117480", "107113130", "100117420", "101113210", "112118550", "109116810", "112117210", "110118111", "108114270", "112117461", "102110500", "111119290", "104116800", "106114280", "101119591", "111119150", "112117030", "108118291", "103120780", "97105580", "102116500", "98107210", "108117360", "104113210"], "labels": [2, 3, 3, 1, 1, 3, 0, 1, 2, 0, 3, 3, 0, 2, 2, 3, 3, 0, 2, 3, 0, 0, 3, 0, 0, 0, 0, 0, 3, 2, 1, 3, 1, 1, 1, 3, 1, 1, 2, 1, 2, 3, 1, 1, 1, 3, 3, 1, 0, 0, 1, 3, 0, 1, 3, 2, 2, 2, 0, 0, 3, 1, 3, 1, 1, 1, 2, 3, 3, 2, 0, 1, 1, 1, 2, 2, 1, 1, 3, 1, 0, 3, 1, 1, 3, 3, 0, 1, 3, 2, 0, 3, 1, 1, 1, 3, 1, 2, 2, 0, 0, 2, 3, 0, 0, 3, 1, 1, 2, 2, 1, 2, 0, 3, 3, 3, 1, 2, 1, 1, 2, 3, 3, 3, 1, 1, 3, 0, 3, 3, 1, 3, 0, 3, 2, 3, 1, 1, 1, 1, 1, 3], "predicted_labels": [1, 0, 0, 0, 1, 2, 2, 1, 1, 2, 3, 0, 3, 1, 2, 1, 1, 0, 0, 1, 3, 2, 1, 3, 0, 3, 3, 3, 0, 1, 0, 0, 1, 1, 0, 0, 0, 0, 0, 0, 0, 0, 2, 1, 3, 0, 0, 3, 2, 3, 3, 3, 3, 3, 3, 1, 3, 2, 3, 2, 1, 1, 0, 0, 1, 3, 2, 3, 3, 2, 0, 3, 2, 1, 2, 3, 3, 0, 1, 1, 3, 0, 0, 3, 3, 3, 1, 3, 0, 0, 3, 0, 0, 3, 1, 0, 0, 1, 3, 3, 2, 3, 0, 2, 3, 0, 3, 1, 3, 1, 3, 1, 0, 1, 1, 1, 3, 1, 3, 2, 2, 1, 0, 1, 0, 0, 1, 3, 1, 3, 0, 0, 0, 3, 3, 0, 0, 0, 2, 2, 2, 3], "confidence_scores": [[0.00020950097071272716, 0.9997039979731802, 2.078038308866556e-05, 6.572067301852623e-05], [0.8333310148153158, 0.15357586680559845, 0.008660366360735163, 0.004432752018350559], [0.9992436633958082, 4.96305310301706e-05, 6.904847815442669e-05, 0.0006376575950071206], [0.9541513137413548, 0.020438417626874816, 0.015498632943637994, 0.009911635688132405], [0.016688190906021944, 0.9821915261415376, 0.0005194864793385357, 0.0006007964731019225], [1.403519363820792e-05, 0.04203111800184665, 0.957908867224999, 4.5979579516217255e-05], [0.006109067664057268, 0.019151841116403993, 0.8213580814766805, 0.15338100974285823], [0.008739039249929689, 0.9912609048182424, 4.3387255483370034e-08, 1.2544572410052263e-08], [3.5770033723254547e-07, 0.9935120616894544, 0.0064045780544301194, 8.300255577835917e-05], [0.0021844422615827325, 0.440208555559812, 0.5575633723998137, 4.362977879152043e-05], [0.13949120104308796, 0.0007953487102457387, 0.0007563605372751799, 0.8589570897093912], [0.983515701573274, 2.819843038605742e-05, 1.706103892961344e-07, 0.016455929385950432], [0.33543282941824226, 7.047302025936366e-05, 1.4385972554300796e-05, 0.664482311588944], [9.169989018014561e-05, 0.9964516108655997, 0.0018002802558569875, 0.001656408988363238], [5.699532862991296e-08, 1.7663920671266027e-06, 0.9999980898095009, 8.680310345881982e-08], [0.00012357627413552022, 0.9934960933845539, 3.757633073129619e-05, 0.00634275401057921], [0.013882770005096447, 0.4966756461603985, 0.4894382962923468, 3.2875421582833187e-06], [0.9967031768059627, 0.003295912067712417, 2.5815743435182793e-07, 6.529688906094706e-07], [0.9933003505330121, 0.00275205144378887, 0.0005798152155948122, 0.0033677828076042766], [0.0006332276127395698, 0.9968096684893871, 0.00019008910361608306, 0.002367014794257201], [1.4879889083161167e-05, 0.03155145376715142, 0.2628577165740163, 0.705575949769749], [8.307693739325842e-05, 0.014474914169323852, 0.985437154247981, 4.85464530174744e-06], [0.03490545128858078, 0.9641638204320018, 0.0001597713225767987, 0.0007709569568406987], [0.00010868419607361243, 0.0030323418623047207, 2.4112216586646793e-05, 0.9968348617250351], [0.9999849114082955, 1.248278469715052e-06, 1.0007271541817163e-05, 3.833041692829686e-06], [0.21682164215665944, 0.13175691491129823, 0.10692622970387074, 0.5444952132281716], [0.07045938281319437, 0.0033842508282576605, 1.1834114901481939e-06, 0.9261551829470577], [0.00016066538881958937, 0.0015610749383112388, 2.6814192320179544e-10, 0.9982782594047274], [0.9835371668854926, 0.0019607377378682224, 6.030771659221512e-07, 0.014501492299473133], [0.0023317790139505004, 0.9963502136945809, 0.001255490234683855, 6.25170567847057e-05], [0.8424799087212765, 0.019124555784765674, 0.00010892058437350168, 0.13828661490958433], [0.9962925555239266, 0.003495727652540527, 7.70339880998318e-05, 0.0001346828354329143], [4.0210134800336444e-05, 0.9999543011435363, 4.906035067458563e-06, 5.826865958040108e-07], [4.099379253271205e-06, 0.9911416706800866, 0.008854040563707154, 1.893769529998983e-07], [0.9997322042485417, 1.0344866004437189e-05, 3.636179567482811e-05, 0.00022108908977902018], [0.9956820685602304, 0.00043948937406211987, 4.385991329816281e-05, 0.003834582152409199], [0.9999425109174186, 5.608683419376908e-05, 1.363139537555085e-08, 1.3886169920863874e-06], [0.9988251847277319, 5.83905782213213e-05, 0.000108738348974897, 0.0010076863450718565], [0.9934495303279728, 0.005485955778879368, 0.0010327867848650874, 3.172710828282016e-05], [0.5060935116991478, 0.0009192658905809634, 0.010777688677907474, 0.48220953373236364], [0.5124917525860393, 0.36717434613815036, 0.11981072504696419, 0.0005231762288461748], [0.9361445849966435, 0.006670206539627418, 1.360339818611174e-06, 0.057183848123910655], [0.00018935326451930944, 0.005838164235356667, 0.919581440852343, 0.07439104164778097], [0.004376855629716026, 0.5908344242915493, 0.402424839778525, 0.0023638803002095678], [0.002743087474046531, 0.01310229663711272, 0.0019361775219165014, 0.9822184383669242], [0.9999997993446971, 1.7149989025149368e-09, 7.371362909550274e-08, 1.2522667507239207e-07], [0.5977930007507836, 0.056207959995493745, 0.0029614193098623097, 0.3430376199438603], [0.0004715683840200925, 0.0036277515513063454, 0.004063378699136114, 0.9918373013655374], [3.6337365443446435e-08, 0.18198951611096717, 0.8180041683745046, 6.279177162584195e-06], [0.09667925046540171, 1.542926613798985e-05, 0.013731022275315944, 0.8895742979931445], [0.0002812269806823194, 0.0004280323361762986, 0.08454993614288077, 0.9147408045402607], [0.0007026445625288004, 0.4588630181632328, 0.002011960288424096, 0.5384223769858142], [0.14498980787671645, 0.000832978990784105, 0.0003015641739405931, 0.8538756489585588], [0.06578827069165404, 0.0028221717531670245, 0.06326615325522503, 0.8681234042999539], [0.0010427356456506297, 0.0002855079351723025, 0.001705655505420598, 0.9969661009137566], [0.010116687779898001, 0.6934966937006914, 0.29371005143350243, 0.0026765670859080644], [0.002251930896076444, 9.997299069117844e-05, 0.0014470145124457492, 0.9962010816007866], [0.00013241179467929603, 0.0018757938767118973, 0.9976685901032326, 0.0003232042253761796], [2.402984491880571e-06, 0.3098222475510425, 0.00011315511056235129, 0.6900621943539033], [0.000837151268896573, 0.25353332396510503, 0.4045677074477907, 0.3410618173182076], [0.00018264441859710517, 0.9977597747877646, 0.002057235574764993, 3.4521887340691564e-07], [1.2008998542649109e-05, 0.999987990748216, 2.242590866459378e-10, 2.8982228705380206e-11], [0.9399195340279936, 0.007140288781747235, 0.013548089824359311, 0.03939208736589998], [0.999150868412537, 1.585215658647984e-05, 0.0006528729812908017, 0.00018040644958568724], [0.00027120518590602517, 0.9880427240541686, 0.011683272326393154, 2.7984335322272037e-06], [7.468698581458691e-05, 0.0004051844594093363, 0.007651678837695419, 0.9918684497170808], [0.42204631339803, 0.003945738423631701, 0.5718796848262704, 0.002128263352067958], [0.22200723722927676, 0.3307554181337447, 0.019147255729696694, 0.42809008890728184], [3.7316283086091e-05, 2.9101268017271033e-06, 7.325734427637573e-05, 0.9998865162458359], [0.00045536151239259937, 0.00011689087257166598, 0.9979076005267731, 0.001520147088262666], [0.9377151787093018, 0.00018898396522232878, 6.324543721710183e-07, 0.06209520487110373], [9.739411592126692e-07, 4.1676391432278635e-07, 1.220941410354258e-09, 0.999998608073985], [4.59901354088392e-05, 0.007463654138125821, 0.9924844277271411, 5.927999324115041e-06], [0.28589571735868025, 0.37712356540617364, 0.00013801948672191065, 0.3368426977484243], [2.229583659044042e-06, 0.001701138913849456, 0.9982502390230864, 4.639247940514682e-05], [0.0647016388000771, 0.16142522260044986, 0.04264825585294691, 0.7312248827465261], [0.262190786256619, 0.005720670205560169, 0.004226891233928068, 0.7278616523038928], [0.7027035463457914, 0.2673289781663342, 0.004249721476104241, 0.02571775401177033], [0.02596440036720466, 0.9252887013990206, 0.0003184836745358766, 0.04842841455923875], [0.0016250663047066558, 0.9940662230051982, 0.004308707603806024, 3.086289084125417e-09], [0.05133735893965672, 0.0011337133249675095, 0.0033486744212126284, 0.9441802533141632], [0.692802646944003, 0.00047904241662976844, 0.002922579046718156, 0.3037957315926491], [0.9992813333022017, 6.912673765525949e-07, 3.818813559338697e-06, 0.0007141566168623455], [0.07238989691789754, 0.29963130021877177, 6.122315409622097e-06, 0.6279726805479211], [0.0006575748415409845, 2.7403551334961604e-07, 0.0001144338829210217, 0.9992277172400248], [0.00040526898876033004, 0.0008332180753521157, 0.0030993487619224865, 0.9956621641739649], [0.006952843659689333, 0.9927109721309155, 0.0003135011329666621, 2.2683076428678886e-05], [1.7296973700571013e-05, 0.09088207302803375, 0.3124303539223879, 0.5966702760758779], [0.6945761799872174, 0.08245931329586889, 0.002893452564543946, 0.22007105415236977], [0.9931879317714114, 0.0001601026710981463, 0.00017279355777711006, 0.006479171999713445], [2.8703481097100687e-08, 0.0002834282958384336, 1.0216022494504658e-06, 0.999715521398431], [0.9998268934281227, 3.2175172187458325e-05, 1.861236219493699e-06, 0.00013907016347026942], [0.9475474074000861, 6.834950942106661e-06, 5.790257757883614e-06, 0.05243996739121391], [0.0003520512172323265, 0.27144855793106715, 0.003181408521123167, 0.7250179823305773], [0.012613970499398896, 0.9854795779729768, 0.0019053666601585855, 1.0848674657698706e-06], [0.988869422875362, 0.011068300986083019, 4.960732422741025e-06, 5.731540613203921e-05], [0.8795378526486073, 0.11904527711742947, 3.656712418425965e-06, 0.0014132135215447366], [0.22231800383608785, 0.7764857697816058, 0.0011962165523760587, 9.829930359053988e-09], [0.07976787339182419, 6.4224669226852e-05, 0.0020547794684931176, 0.9181131224704558], [5.982122740547755e-07, 0.006162094137418761, 0.011108717210996929, 0.9827285904393103], [9.514805193202842e-05, 0.3813129877130419, 0.6183778992862979, 0.0002139649487282341], [0.3107501026972902, 7.878745753171923e-05, 0.021240504054192404, 0.6679306057909856], [0.9998373310288382, 0.00012127949338858729, 2.4656526789093296e-05, 1.6732950984126203e-05], [0.23289273647774064, 0.02507364462418951, 0.7420084243029128, 2.5194595157080153e-05], [0.18802895536059822, 0.12015796058710806, 3.0355453262505453e-07, 0.6918127804977611], [0.39909388359189396, 0.3467452585088721, 0.1806771488915307, 0.07348370900770321], [0.003556575024859706, 0.03672847407043934, 3.7660837768496937e-06, 0.9597111848209241], [1.6149572286571148e-07, 0.9997710922870343, 0.00020960811831984203, 1.913809892305351e-05], [4.20570160340392e-06, 0.09378803265706358, 0.0023033067010121582, 0.9039044549403209], [5.7929574633935425e-08, 0.944085226943818, 0.0024319467825776007, 0.0534827683440296], [0.07722669778822558, 0.00020720375699521357, 0.10814453517838162, 0.8144215632763976], [0.0003929302533300673, 0.9967692899329313, 2.630767082931468e-06, 0.002835149046655803], [0.6838209190179247, 0.3021709527612352, 0.0008109803426313434, 0.013197147878208821], [0.09559979187396173, 0.904325564139083, 1.4937021082150194e-05, 5.970696587295555e-05], [0.004608228362380344, 0.99366015448752, 8.498354852233077e-09, 0.001731608651744924], [0.21871491887808087, 0.7327043260004961, 7.37762935059706e-05, 0.04850697882791719], [0.013572874545752832, 2.4845894888254064e-06, 1.8439890867898776e-08, 0.9864246224248676], [0.06498066548848765, 0.914226385130949, 0.02039954144063534, 0.0003934079399281594], [0.19069466961255555, 0.00021994309434775309, 4.074566808602065e-05, 0.8090446416250107], [6.767471616564771e-06, 1.0617493741346322e-07, 0.9999911536601854, 1.972693260668228e-06], [4.030324507953799e-09, 1.942737930508039e-05, 0.9999374276535203, 4.3140936850281424e-05], [0.045959831001984384, 0.4519945844984747, 0.08134179998490117, 0.42070378451463986], [0.5022759196497618, 9.648314208086266e-06, 1.2309213432908889e-06, 0.4977132011146868], [0.04577409755085169, 0.9501010808918267, 2.8376017152178833e-06, 0.004121983955606409], [0.7822390214203155, 0.029271873143004872, 0.1835531901227008, 0.00493591531397864], [0.620799475935927, 0.3791535902701375, 3.837720840733604e-06, 4.30960730948901e-05], [0.27302027759622594, 0.5112160201382296, 0.0015629413870886255, 0.21420076087845588], [0.039804393496897635, 1.2675268730688086e-05, 5.3328326304745954e-05, 0.960129602908067], [0.305738951128816, 0.5789133934767954, 0.01741320629124487, 0.09793444910314392], [4.636305126371551e-08, 0.002907964742356615, 0.0002746417022676269, 0.9968173471923245], [0.9098531876006959, 0.004471096720537427, 0.006242428593378767, 0.07943328708538784], [0.9701959469397253, 0.023851606036160357, 0.003863791151946672, 0.002088655872167571], [0.8522957158230766, 0.004442630654982872, 0.0001885523626414732, 0.14307310115929903], [0.004470177343365808, 0.017300389567883854, 4.614681634778881e-06, 0.9782248184071155], [0.12270718161563365, 0.0016725738342509826, 0.003179857554894514, 0.8724403869952208], [0.5432422942622742, 0.0012023803098718346, 3.9038991895889305e-05, 0.45551628643595804], [0.8794865142194593, 0.03289733851504604, 0.07590091142008269, 0.011715235845412023], [0.9669529456208237, 4.5198620219905486e-07, 0.026744290400910704, 0.006302311992063274], [0.07399932150605479, 0.021524725398554316, 0.904392609308629, 8.334378676203053e-05], [6.101455921354641e-05, 0.23893294030087614, 0.7596801410585013, 0.0013259040814090363], [0.0006394645784516535, 0.029247056439375474, 0.6891537232096164, 0.28095975577255655], [0.44216829603169117, 0.019398893058683586, 0.04711468572951859, 0.49131812518010676]]}, "rewritten": {"ids": ["97105580", "97106591", "97107821", "97107950", "97108520", "97112170", "97114170", "97116790", "98107210", "98108580", "98110810", "98111860", "98112300", "99107630", "99108580", "99108710", "99109141", "99109910", "99110730", "99111620", "99121440", "100109000", "100112060", "100116500", "100117420", "101109370", "101111310", "101111620", "101112201", "101113210", "101117580", "101119591", "102110500", "102113350", "102116500", "102117351", "102121700", "103110220", "103111540", "103111830", "103111930", "103111990", "103120340", "103120780", "104113170", "104113210", "104113550", "104116800", "104116980", "105113170", "105113480", "105115250", "105115380", "105115720", "105117351", "105118230", "105119550", "105120280", "105120621", "106113360", "106114011", "106114280", "106114880", "106115120", "106116820", "106118301", "106120290", "106120640", "107112850", "107113130", "107113840", "107114280", "107114950", "107115250", "107116501", "107116980", "107118780", "107119950", "107120130", "107121540", "108113760", "108114270", "108116120", "108117360", "108118291", "108119510", "108120060", "108120280", "109114270", "109114651", "109116040", "109116810", "109117110", "109117150", "109117730", "109119340", "109119591", "110117500", "110117870", "110118111", "110118701", "110119891", "110120700", "110121450", "111114321", "111116090", "111116170", "111117120", "111117200", "111117480", "111119150", "111119290", "111119950", "111120531", "111121190", "112116290", "112116401", "112116540", "112116800", "112116900", "112117030", "112117210", "112117461", "112117471", "112118550", "112118620", "112118701", "112118810", "112118820", "112118930", "112120270", "112120640", "113117340", "113118810", "113119300", "113119340", "113119450", "113120780", "113121190", "113122120", "113122170", "113122190"], "labels": [1, 1, 2, 2, 2, 0, 2, 2, 1, 0, 1, 0, 2, 2, 0, 2, 3, 2, 3, 3, 2, 1, 2, 2, 2, 1, 3, 3, 0, 3, 3, 0, 3, 3, 1, 1, 1, 2, 1, 3, 3, 2, 1, 1, 3, 3, 1, 1, 1, 0, 0, 2, 1, 1, 0, 1, 1, 3, 1, 0, 1, 3, 0, 1, 1, 1, 2, 3, 1, 1, 3, 3, 3, 2, 1, 3, 1, 3, 2, 2, 1, 3, 1, 1, 3, 1, 1, 3, 3, 3, 0, 3, 1, 2, 3, 3, 0, 1, 3, 1, 3, 3, 2, 3, 1, 3, 0, 2, 0, 1, 3, 3, 0, 0, 1, 0, 0, 1, 0, 3, 2, 1, 0, 3, 3, 3, 0, 3, 0, 1, 0, 0, 2, 3, 1, 0, 3, 0, 1, 1, 1, 1], "predicted_labels": [0, 3, 3, 1, 1, 0, 1, 2, 2, 0, 1, 2, 2, 3, 2, 1, 0, 2, 3, 3, 1, 1, 2, 1, 2, 1, 0, 0, 1, 1, 0, 3, 3, 0, 2, 1, 1, 3, 3, 0, 1, 0, 0, 1, 2, 2, 0, 0, 3, 3, 3, 0, 1, 3, 3, 3, 1, 3, 3, 0, 1, 0, 2, 1, 3, 0, 2, 1, 1, 2, 1, 2, 1, 1, 0, 1, 3, 3, 1, 1, 0, 1, 0, 3, 0, 2, 2, 3, 1, 1, 3, 1, 3, 3, 0, 3, 1, 3, 1, 1, 2, 1, 3, 1, 1, 3, 3, 1, 3, 0, 3, 3, 3, 3, 3, 0, 0, 3, 3, 0, 0, 0, 3, 2, 3, 3, 3, 3, 3, 0, 2, 2, 1, 3, 3, 0, 0, 1, 0, 1, 3, 2], "confidence_scores": [[0.9822183675337826, 0.00016073013518632355, 0.017608902631152164, 1.199969987898141e-05], [2.2969243102970737e-05, 9.092813732159643e-05, 0.0014794411528461433, 0.9984066614667293], [0.04692631496348384, 0.0002989672382651892, 0.39377098276237604, 0.559003735035875], [3.423438101331981e-08, 0.9923505100180389, 0.00013751072659881833, 0.007511945020981426], [0.11569173823611116, 0.539478094454972, 0.02935269499304611, 0.3154774723158708], [0.6549126699128315, 0.03328984861376506, 0.08470570081767843, 0.22709178065572502], [3.548108434648698e-08, 0.9761858256015802, 0.00022619029414387118, 0.023587948623191562], [0.00010849199241191107, 0.10712579149953713, 0.8899252705455251, 0.0028404459625260186], [2.7010208525534524e-05, 0.0014581657093820778, 0.9984840972823799, 3.072679971247701e-05], [0.9291073434811277, 0.0012317523870991006, 0.06966010900606247, 7.951257107296617e-07], [0.0009341229956845747, 0.9990004830545275, 6.539274682442647e-05, 1.202963567303998e-09], [3.0617798358603004e-08, 0.04944988682400591, 0.9505484631171508, 1.619441045004209e-06], [0.10292575125233369, 0.0036187566218320623, 0.8109603239829507, 0.08249516814288357], [0.4006931289068729, 0.006943959090602146, 0.00921747947464758, 0.5831454325278773], [0.0007555320115714223, 0.2787224541080238, 0.7205101323217526, 1.1881558652056129e-05], [3.477109507630241e-07, 0.9999966643674931, 3.348092557332607e-07, 2.6531123003462385e-06], [0.8257994068501138, 0.16414518795086147, 1.3706697381866838e-05, 0.010041698501642991], [9.084139906406225e-09, 3.5657330372021583e-06, 0.999996422558551, 2.62427194230304e-09], [8.013386522109478e-05, 0.00017329727507970082, 0.024381454025898298, 0.975365114833801], [0.2856346525432138, 0.3193085477742307, 0.0038874050703216444, 0.3911693946122338], [1.0370505496654352e-05, 0.9994756383987892, 0.0005137898969582227, 2.0119875584472212e-07], [0.17190805258251282, 0.8266970395535791, 0.0011646762644652521, 0.0002302315994429959], [0.11820559411618525, 0.026711429286245862, 0.8518061369080072, 0.003276839689561759], [0.008444296466913349, 0.970303315296332, 0.013548492097630383, 0.0077038961391242555], [6.821459723064262e-06, 0.00495228175766556, 0.9704225078825228, 0.024618388900088627], [0.001786057205069986, 0.7865344193395672, 0.18532641198359695, 0.026353111471765674], [0.9978838737079067, 0.0020759340549328232, 3.540360075497513e-05, 4.788636405619142e-06], [0.9998917914775046, 5.014907113514582e-07, 9.051174927179018e-06, 9.865585685682379e-05], [0.004172341071224481, 0.9606204310608009, 0.0230201557241607, 0.012187072143814107], [0.0015916685132966175, 0.6995918301618781, 0.2886685929866995, 0.010147908338125735], [0.9623023979276784, 0.019669637344153085, 7.551406641241593e-07, 0.018027209587504523], [0.2743991345191945, 0.0331387266069363, 0.00041747348933046267, 0.6920446653845387], [0.08015422579842395, 0.09296170985029777, 0.0002728156574378421, 0.8266112486938404], [0.6099532293155006, 0.1505950537204893, 0.01178479443495606, 0.22766692252905416], [0.011665283496641272, 0.012014028664321084, 0.9763030712468652, 1.7616592172428093e-05], [0.0050329456569094275, 0.9395986363611856, 2.4935426139631157e-06, 0.05536592443929096], [1.727302781650803e-07, 0.9999280771279995, 6.864390173873868e-05, 3.1062399836408066e-06], [0.07610860712299274, 0.12242392002790216, 0.014217816677650198, 0.7872496561714549], [0.02966688660995532, 8.735425360985339e-05, 0.014409558834382635, 0.9558362003020522], [0.9916358880696088, 0.0026839522754738367, 0.00468098546332991, 0.0009991741915875163], [0.05935246787347183, 0.9405593953490824, 2.906113346348336e-05, 5.907564398234196e-05], [0.8481117669711034, 0.1375156326088443, 0.010842742629646821, 0.0035298577904055105], [0.470511497756557, 0.03661048800176973, 0.0541829917335009, 0.43869502250817244], [0.35124487929392, 0.6476840478297959, 0.0010277773597984756, 4.329551648550963e-05], [9.797923384740763e-05, 0.0025140531665900287, 0.9973806144372248, 7.3531623376220214e-06], [0.3297172812615045, 0.007441710583014123, 0.6611678421369525, 0.0016731660185289716], [0.9146654793687486, 1.6162851164144672e-05, 0.0833815467019431, 0.0019368110781440974], [0.8879976275923964, 0.0007670445100246995, 0.007073741347972995, 0.10416158654960586], [0.025368960101305217, 0.00021746553250794867, 0.2635882536113437, 0.7108253207548432], [2.9249236314945786e-09, 0.0001536795525513491, 2.3458800537478647e-06, 0.9998439716424713], [0.0005292715586255096, 0.011985784690063702, 0.0960378795186993, 0.8914470642326114], [0.9960853618035715, 1.1705511025143e-05, 0.0019384956228273322, 0.001964437062575829], [1.6344358210452197e-05, 0.9906453969088842, 0.009283943012283894, 5.43157206213596e-05], [7.066203110937534e-05, 0.0015229143886358884, 0.0031285123537392163, 0.9952779112265155], [0.0735823663143963, 0.0005421056687126605, 0.0012436820001873656, 0.9246318460167036], [0.033985760986884835, 0.11257435295389483, 0.13424728686327247, 0.7191925991959478], [0.07615323775013706, 0.9234177813004881, 3.396109925076712e-06, 0.00042558483944972535], [0.011684791069648296, 0.12165021404748136, 0.004273546659749635, 0.8623914482231209], [0.014054566004988856, 3.082316981383747e-05, 9.15375195731441e-08, 0.9859145192876776], [0.9959223854019574, 0.0038663803041728076, 0.00021121304550593908, 2.1248363927224898e-08], [2.93504815196134e-05, 0.9999706471916098, 2.0305392539320987e-09, 2.9633130257116127e-10], [0.8313875921950493, 0.16322785628983544, 0.0002267135210202766, 0.005157837994095084], [0.00010484378466788258, 0.0008582202522377238, 0.999031710168594, 5.225794500410819e-06], [0.0036772530490413007, 0.9963225253887654, 1.928155080705827e-07, 2.874668511257756e-08], [0.049044207024482644, 0.0013858213806663996, 0.29236757591406026, 0.6572023956807908], [0.9999430611210771, 4.13331901404142e-05, 6.997190253670796e-08, 1.553571687987578e-05], [4.2954108796880573e-07, 0.0035815272316515904, 0.9964085415439209, 9.50168333948125e-06], [0.0022936700387699246, 0.9962067316747897, 0.0014995135274160735, 8.475902426317739e-08], [0.00023466772592470143, 0.9996042111712783, 9.799599871297832e-05, 6.312510408393436e-05], [4.043396788810312e-05, 2.4509635753700696e-06, 0.9999568318985531, 2.831699835379197e-07], [3.6414421009840794e-05, 0.9902803259282266, 0.0001075597698661619, 0.009575699880897343], [0.025067644237143062, 0.016598781065519274, 0.9582832652743217, 5.0309423015730065e-05], [0.00012827947273889902, 0.9950692759965463, 1.138745274350424e-05, 0.004791057077971311], [7.298895404968835e-06, 0.9309133997222125, 0.03718482641309612, 0.031894474969286504], [0.9484610497866754, 4.2417906455700496e-05, 0.00020170726438947038, 0.051294825042479356], [0.0035847462995879115, 0.9964148663189584, 1.9478298266244957e-09, 3.854336236977984e-07], [0.006935702935978011, 0.04568764310561672, 7.851508388489374e-06, 0.9473688024500169], [1.9523526891676057e-07, 0.000623724010332881, 0.0007102737016781094, 0.9986658070527202], [0.15926589116012746, 0.8376515042508738, 0.0030825187406820307, 8.584831655402825e-08], [8.351871769550389e-05, 0.645237743453234, 0.35463938535977224, 3.9352469298298165e-05], [0.9974012660615457, 4.228026853396097e-05, 0.00036694904996197926, 0.0021895046199584033], [0.300575731308805, 0.6285006418786878, 0.0003945225406007276, 0.07052910427190652], [0.999999158325967, 3.565971154792311e-10, 2.570266638082558e-07, 5.842907719309508e-07], [4.299814595566171e-07, 0.008744221264514311, 0.05797887290109206, 0.9332764758529342], [0.9997901747738636, 3.1843956756331563e-06, 6.852831408546715e-07, 0.0002059555473199586], [8.044893593590597e-07, 2.056589350693016e-06, 0.9999970632334376, 7.568785252331378e-08], [0.0019305548625651095, 0.4707215409776613, 0.5271280767552324, 0.00021982740454109915], [0.381516452361342, 0.16715094998013072, 0.017932560956829473, 0.43340003670169763], [0.03750539358217925, 0.9570635467293679, 0.0005990256293115668, 0.004832034059141369], [0.0017627707953254879, 0.9961676619811841, 4.36902745617639e-09, 0.002069562854462762], [0.000545791541452299, 0.006553030546930877, 0.0006968259224821256, 0.9922043519891346], [0.033635873800666856, 0.9655392470967683, 1.130149568348562e-05, 0.0008135776068816189], [0.0010353581670257228, 0.074684653597028, 0.007038526262984821, 0.9172414619729614], [0.03997826875130477, 0.0009322276545145728, 0.002204742166077767, 0.9568847614281027], [0.999824333400455, 2.7287287738254113e-05, 5.992284517663812e-06, 0.00014238702728916114], [0.00020495193762042703, 0.003223756998708095, 0.007203774246345158, 0.9893675168173264], [0.3225225858942943, 0.6304233370045006, 0.04186511341813481, 0.005188963683070176], [0.2516343152039002, 0.005770040660354327, 0.0001719174726783722, 0.7424237266630671], [0.09969105290874357, 0.8082551846740967, 0.06613006164232521, 0.025923700774834576], [0.02516415993337984, 0.7651276015665611, 2.2018945536250556e-07, 0.20970801831060368], [0.44456528097825593, 0.007539738220822925, 0.4862655580847046, 0.06162942271621647], [2.9418678007036245e-05, 0.834932224813678, 0.00035973410908255105, 0.16467862239923242], [0.001460371183027062, 0.004876733332485533, 0.004130901714800375, 0.9895319937696869], [0.3412479447632607, 0.4654699255638073, 2.940549998622147e-06, 0.1932791891229335], [7.560009542211698e-05, 0.8788454149881133, 0.12107892082477556, 6.409168921085893e-08], [0.49923686017995966, 0.00039999775156382704, 1.543491302052292e-05, 0.500347707155456], [0.17220740144102825, 0.005989061842105484, 3.3089314401573665e-05, 0.8217704474024646], [0.0004004539195141911, 0.9942145295726298, 4.199401154753778e-06, 0.005380817106701294], [1.9650364498657165e-05, 0.0019455787766493578, 7.421266834573753e-09, 0.998034763437585], [0.8034618617333179, 0.015446680821891962, 0.00010445845892427924, 0.18098699898586598], [7.555768158498156e-05, 0.16624448875913087, 3.3520126688206907e-06, 0.8336766015466154], [7.92190488053858e-08, 0.0022172567241268023, 0.000460038421826469, 0.997322625634998], [9.848333148083939e-05, 0.00016487426790753407, 0.0008439499495006014, 0.9988926924511111], [3.946612256382197e-06, 0.3390131899384574, 0.000168296037904525, 0.6608145674113817], [0.00016126913763490558, 3.635717905343833e-06, 1.214777101988757e-05, 0.9998229473734398], [0.9821516759734319, 0.0021477321465194457, 0.00019618392857768697, 0.01550440795147092], [0.9992895252922337, 1.9813119334647617e-05, 0.00014848838130191195, 0.0005421732071297387], [0.012667218682753806, 0.008239882346713539, 0.004945472154553127, 0.9741474268159794], [1.803101618308906e-07, 0.003990391400029355, 8.497839702540397e-07, 0.9960085785058386], [0.9651482451003724, 0.01503505069078324, 3.492351794976758e-05, 0.019781780690894334], [0.918410542237149, 0.0010085588850075047, 0.001658052126788338, 0.07892284675105514], [0.9498764426363108, 0.006172708558430768, 0.043354682497771135, 0.0005961663074873376], [0.08722417120275867, 1.0979466097583181e-07, 1.804870501890548e-07, 0.9127755385155302], [0.012282452731876526, 0.1303749687981017, 0.5432926265570817, 0.31404995191294], [0.001186720913777963, 2.250617107734858e-05, 2.1033756776971393e-06, 0.998788669539467], [0.04762991738382628, 0.025508700116929368, 0.07999097799869317, 0.8468704045005511], [6.214340346337331e-05, 0.003081266085180029, 0.00025326890488139563, 0.9966033216064751], [0.17789373328683172, 0.10330187283373239, 0.0016288615460361509, 0.7171755323333998], [0.0004406755517851261, 3.1923300268208005e-06, 1.4424601568488146e-05, 0.9995417075166195], [0.9970146189384013, 1.1048103493977189e-05, 0.002830287794238048, 0.0001440451638666961], [1.625578025574671e-05, 0.00016187990360408435, 0.6786391230388522, 0.3211827412772878], [9.812368871252377e-07, 0.06793516877794094, 0.9320311748244475, 3.267516072454735e-05], [2.5368206677462604e-07, 0.9686927447244423, 0.03122044191499677, 8.655967849417044e-05], [0.002541777134918311, 6.50759848479125e-07, 0.0011682650318250464, 0.9962893070734082], [5.903002398546865e-07, 0.00025283688510648256, 0.0405476165539737, 0.95919895626068], [0.9565499980865251, 1.2112709907084947e-06, 0.00019204288616346855, 0.04325674775632076], [0.9242373473013947, 0.07282082034694161, 0.0011970461107213308, 0.001744786240942521], [0.12840750141645507, 0.5607087386396791, 0.0010810437297510804, 0.3098027162141149], [0.899467364940562, 0.02362913363394388, 0.029073035907859823, 0.0478304655176344], [0.001133300829045813, 0.9852615723291036, 0.013573769221057512, 3.1357620792973754e-05], [0.00016298994084645434, 0.004351749305681326, 0.23692281465961545, 0.7585624460938567], [9.886122451589606e-07, 0.2375088156935696, 0.6985270782337991, 0.0639631174603861]]}}