{"test": {"ids": ["104116980", "106121190", "112116850", "105116441", "110115120", "106115250", "104114740", "110114651", "110118701", "113122430", "112119500", "107114621", "108114200", "106114011", "112118161", "113121810", "108120060", "113122650", "108118520", "112121010", "106117790", "99108710", "102107961", "99113260", "112121030", "110114920", "97116410", "108113740", "101121640", "113118111", "110114561", "99105921", "99109840", "104114230", "113120591", "111116290", "112118471", "100120780", "112119580", "97107821", "98110680", "101112540", "98106880", "99108310", "108117720", "113117550", "100109980", "98108970", "109117150", "98119591", "111120320", "112120990", "103111540", "113119950", "105112240", "104112201", "106117650", "103109791", "109119450", "106112770", "105116090", "104111780", "113118231", "113122120", "104114240", "108113620", "113122170", "102113350", "106114880", "105121190", "109117110", "109113281", "97110950", "106116850", "98117740", "107119950", "112116810", "100117420", "104113170", "107119130", "112116290", "105112130", "101110740", "113119480", "102116340", "100112060", "105113620", "107121540", "110118810", "98120010", "99107660", "106113170", "111119150", "106116120", "103113640", "109113881", "105117200", "113121010", "110117870", "111118301", "109118161", "108117360", "99108330", "112120540", "101111990", "112117790", "103110100", "104113190", "107113360", "100108580", "113119300", "106114280", "108118060", "103117461", "113122180", "108114670", "111117120", "103110840", "110121500", "97116500", "111121220", "99112641", "111116100", "109114651", "108119550", "108117610", "107113130", "101109000", "109117630", "106119990", "112117571", "98109090", "109115380", "98116940", "99111340", "112117210", "106121220", "110118121", "105115250", "101114020", "111116990", "99111930"], "labels": [1, 2, 0, 1, 0, 2, 2, 3, 3, 2, 2, 0, 0, 1, 0, 2, 1, 2, 0, 2, 1, 2, 3, 0, 0, 3, 3, 3, 2, 1, 0, 1, 2, 2, 0, 2, 1, 1, 3, 2, 2, 2, 0, 2, 1, 3, 1, 3, 2, 1, 1, 2, 1, 0, 1, 0, 1, 3, 3, 1, 1, 3, 3, 1, 0, 3, 1, 3, 0, 2, 1, 0, 3, 3, 2, 3, 3, 2, 3, 1, 0, 1, 3, 3, 3, 2, 0, 2, 1, 2, 3, 0, 3, 1, 1, 0, 3, 2, 3, 3, 0, 1, 1, 3, 2, 3, 1, 3, 0, 0, 1, 3, 1, 0, 2, 3, 2, 1, 3, 2, 3, 1, 3, 3, 1, 3, 1, 1, 0, 0, 3, 1, 3, 2, 1, 1, 1, 3, 2, 3, 0, 1], "predicted_labels": [2, 1, 1, 3, 1, 1, 1, 0, 0, 0, 1, 0, 2, 3, 1, 3, 1, 3, 1, 1, 3, 1, 1, 3, 3, 1, 2, 3, 1, 0, 1, 3, 2, 2, 3, 3, 1, 3, 0, 1, 2, 3, 3, 3, 0, 3, 2, 1, 1, 0, 1, 1, 3, 0, 1, 3, 3, 0, 3, 3, 1, 2, 3, 1, 0, 1, 3, 1, 1, 1, 1, 0, 0, 3, 3, 1, 1, 3, 2, 3, 0, 2, 1, 0, 0, 1, 1, 3, 3, 3, 0, 1, 1, 0, 0, 0, 1, 3, 1, 3, 1, 1, 2, 0, 1, 1, 1, 1, 0, 3, 3, 3, 3, 3, 0, 1, 3, 3, 0, 1, 0, 0, 3, 3, 1, 1, 1, 3, 1, 3, 0, 2, 3, 3, 3, 0, 1, 1, 3, 1, 0, 1], "confidence_scores": [[0.2068959197695834, 0.26628073384242845, 0.3807060905527052, 0.14611725583528307], [0.1464289604575499, 0.4930471086355846, 0.1481851534299116, 0.21233877747695395], [0.3217514856303944, 0.3322719319973102, 0.09321921959833425, 0.2527573627739612], [0.3076930376727072, 0.27082746758235654, 0.0829998289874554, 0.33847966575748073], [0.13379699910533172, 0.3958365413405357, 0.1512734349530866, 0.31909302460104605], [0.25905337083316576, 0.34104883152423643, 0.15037745337044683, 0.24952034427215078], [0.15580176921481848, 0.4634758101000109, 0.21356619893403825, 0.16715622175113248], [0.42245415586039614, 0.22162403104589276, 0.07832316979136461, 0.27759864330234646], [0.3458680381651907, 0.29951485465808975, 0.08126067897774253, 0.27335642819897704], [0.41933266195173213, 0.1933187873057988, 0.17775507579334526, 0.20959347494912373], [0.21091160185512536, 0.2960874990263945, 0.2559643038296554, 0.23703659528882465], [0.4922242805534941, 0.23487472308973253, 0.06230720980473354, 0.21059378655203992], [0.18860990869266553, 0.26096990370015477, 0.3317279076050686, 0.2186922800021112], [0.32340091135820026, 0.18141790481530876, 0.13922236836567076, 0.3559588154608203], [0.337565135619945, 0.3779614966782504, 0.07090726337488214, 0.21356610432692255], [0.08050801011598395, 0.2350866466966273, 0.1725963791164984, 0.5118089640708904], [0.14063851322407375, 0.32934461311143043, 0.28445912854723715, 0.2455577451172589], [0.2845677229762801, 0.2657791824491693, 0.09338232120299102, 0.3562707733715597], [0.2549810356866101, 0.3955287343215753, 0.07040382155768661, 0.279086408434128], [0.19906020338110486, 0.37886727176427615, 0.12830313793958587, 0.29376938691503307], [0.17711485361143364, 0.270584357010354, 0.16072720441410185, 0.39157358496411065], [0.14155052507005217, 0.6633022097132077, 0.07732903485556282, 0.11781823036117733], [0.25506246252980064, 0.3628222130045067, 0.16709180620370084, 0.215023518261992], [0.11895405168513523, 0.18094336441947964, 0.09398640829011674, 0.6061161756052685], [0.3530419352878301, 0.1485524704893916, 0.08759382762761081, 0.41081176659516727], [0.2842400609743375, 0.4010260420496885, 0.10302932910252233, 0.21170456787345165], [0.2166113922263401, 0.22233715875257107, 0.2931982054269476, 0.2678532435941411], [0.17978369954667967, 0.15193230533611674, 0.08847400502335981, 0.5798099900938437], [0.15443235634088168, 0.5173708746434558, 0.1662000794537821, 0.16199668956188049], [0.41077275377118316, 0.2838649290256292, 0.062153928348775825, 0.2432083888544118], [0.26621913281739745, 0.5090118255203195, 0.07769050474498403, 0.147078536917299], [0.2222465242882193, 0.3011790896687537, 0.09821141211742614, 0.37836297392560103], [0.20950149568743429, 0.22244446345879887, 0.36636984310667015, 0.20168419774709678], [0.1104075059973569, 0.17113031959168232, 0.4540486731346939, 0.2644135012762668], [0.30765212004014675, 0.1627642168627332, 0.10914070431122667, 0.42044295878589316], [0.2673769099431255, 0.24087308274004907, 0.19957385581591394, 0.2921761515009116], [0.21939030212500799, 0.47235884282955853, 0.07203896861930878, 0.23621188642612467], [0.1497270525842381, 0.2148080782046169, 0.23615408935935442, 0.39931077985179064], [0.3359882588847836, 0.2549793811862427, 0.0982286268392574, 0.3108037330897166], [0.2591539685722626, 0.3248405296078741, 0.1253463387979704, 0.2906591630218929], [0.20177852749019803, 0.2001337166667916, 0.3694238851255367, 0.22866387071747377], [0.21256511962247082, 0.18849878244949858, 0.21000874476254394, 0.3889273531654865], [0.1850610204016409, 0.30138191544281867, 0.15764476186538118, 0.35591230229015947], [0.25561255265110483, 0.22909660599546985, 0.2377570375083426, 0.27753380384508264], [0.3373673576395271, 0.2942575472988556, 0.09970564499937067, 0.26866945006224663], [0.11428441324273851, 0.30726698378746814, 0.17674560383960347, 0.4017029991301898], [0.09783345797991695, 0.22820581340585966, 0.5380309004571737, 0.13592982815704957], [0.20010630055893372, 0.3706678375598386, 0.19518871218312367, 0.23403714969810407], [0.1449564538038605, 0.555638387953325, 0.13207011793148804, 0.16733504031132665], [0.3634336225277916, 0.27294244500943193, 0.05885074063537453, 0.304773191827402], [0.2627128438531357, 0.373999770833097, 0.10060500372385434, 0.26268238158991297], [0.19410940265185914, 0.5020285727943035, 0.10798216586948324, 0.19587985868435423], [0.20645815146683183, 0.25287482356670565, 0.2470919765229609, 0.29357504844350174], [0.5156477683564792, 0.13907595411447046, 0.1070722829216416, 0.2382039946074088], [0.1508652852626346, 0.44638265686531525, 0.12715064308865906, 0.2756014147833911], [0.23966217737111858, 0.26268252141656273, 0.09018044836557036, 0.4074748528467483], [0.17138939120113114, 0.2941595469250894, 0.1745793130504549, 0.3598717488233247], [0.40391702694195164, 0.23170628042095331, 0.08719337594326942, 0.27718331669382573], [0.2350894155360417, 0.3121898204035194, 0.12482804205525376, 0.3278927220051852], [0.13376682890452812, 0.24075510325239577, 0.21365401064192965, 0.41182405720114645], [0.2607585704118395, 0.3749690366989024, 0.09710164202365719, 0.267170750865601], [0.10262031199419609, 0.2038321805270069, 0.6091382164792215, 0.08440929099957553], [0.2741806894847097, 0.30990654515467597, 0.09462653351210447, 0.32128623184850985], [0.17128093242247197, 0.355601727044439, 0.140824362609998, 0.33229297792309115], [0.4939333095717955, 0.14817876037889416, 0.15965815951066403, 0.19822977053864638], [0.2709802288580506, 0.32513467981442645, 0.08792914437996335, 0.3159559469475595], [0.22994630666475185, 0.24150681919996475, 0.14006628406889896, 0.3884805900663844], [0.1795557631551584, 0.34367619014254935, 0.14619190267939355, 0.3305761440228988], [0.12702708615918032, 0.4248509130547828, 0.2254134308695366, 0.22270856991650034], [0.21645368152702818, 0.43172753200291697, 0.14431993217296504, 0.2074988542970898], [0.2506330650483812, 0.4105562351614931, 0.10649280852086407, 0.23231789126926167], [0.4795931241128963, 0.25739106572264997, 0.05368184986117832, 0.20933396030327542], [0.3296302461916692, 0.2207851796256676, 0.2070295390420871, 0.24255503514057633], [0.0920081105691101, 0.3362897152380364, 0.15577684122807464, 0.41592533296477874], [0.1125550985326318, 0.36935991424077996, 0.11208655109783859, 0.4059984361287497], [0.20612102521887976, 0.39941796091971754, 0.2122151381760566, 0.18224587568534598], [0.16561532673223067, 0.33781282465230167, 0.19050834494590455, 0.3060635036695631], [0.11778446295910328, 0.2018876048270201, 0.31448432663184517, 0.36584360558203155], [0.18256924902762245, 0.3311515510771779, 0.33694949958863896, 0.1493297003065605], [0.08225269880376042, 0.38937711351107696, 0.0583268962454798, 0.47004329143968265], [0.3280374510515749, 0.26225950362249356, 0.09636342436855146, 0.31333962095738027], [0.163945685901887, 0.30907567343811115, 0.4219980259930358, 0.10498061466696618], [0.14439696029571794, 0.39315810566783055, 0.27275263297820423, 0.1896923010582474], [0.40087793959713963, 0.25324595559959817, 0.13190156419367488, 0.21397454060958718], [0.2991020648287412, 0.2896792049516497, 0.1643068483604533, 0.24691188185915577], [0.2371302980780105, 0.26235846233796284, 0.24604026264042606, 0.2544709769436007], [0.1406195366233311, 0.5643999399801957, 0.13266915127194048, 0.16231137212453287], [0.1257753481029764, 0.16569099215739377, 0.18461284122335683, 0.523920818516273], [0.2115836029983698, 0.1900368512374776, 0.1367343037885431, 0.46164524197560947], [0.23446224357382905, 0.19701137190910695, 0.16880156925458484, 0.3997248152624793], [0.4410770385904649, 0.11313733350001208, 0.09641562434647014, 0.3493700035630528], [0.3014502952298376, 0.30913065611964385, 0.11963561887846433, 0.2697834297720542], [0.2768570370225894, 0.41371025895436236, 0.11842553641758466, 0.1910071676054635], [0.33299262155691306, 0.19957279336835052, 0.3076625449876504, 0.15977204008708618], [0.5730702477260952, 0.14079329911663885, 0.09264278990962294, 0.1934936632476431], [0.3903868714085403, 0.26042999117288784, 0.14000643959611037, 0.20917669782246145], [0.17329235812252403, 0.39752352442742617, 0.22724347166970676, 0.20194064578034293], [0.16664633353230413, 0.3047521269188021, 0.17301037603524835, 0.3555911635136456], [0.1970143542401369, 0.3121230563119616, 0.2799665147283533, 0.21089607471954827], [0.2927432539117736, 0.21472754535026278, 0.06646059868761447, 0.42606860205034924], [0.2597389496706329, 0.515412550093594, 0.06340638476044948, 0.16144211547532367], [0.19983171484448703, 0.4050325774242719, 0.09907139651989837, 0.29606431121134247], [0.23365712639122668, 0.18432168707565127, 0.3457607368601462, 0.23626044967297583], [0.37109573766936904, 0.2704088635004536, 0.07057575478837882, 0.28791964404179843], [0.19995428663719456, 0.5887262100218813, 0.09137523773279978, 0.1199442656081245], [0.23133338047542196, 0.3877052859796214, 0.09495117613638075, 0.28601015740857577], [0.22751839829494805, 0.31109840827941293, 0.2057918244908209, 0.25559136893481815], [0.09751362845274346, 0.5219587879195925, 0.19014640064382674, 0.19038118298383724], [0.520603469242063, 0.2546365500687202, 0.06517617125708662, 0.1595838094321303], [0.2188764541109167, 0.23698960305633118, 0.24589400926270794, 0.2982399335700443], [0.22909622173117164, 0.32349753289687616, 0.106596585922956, 0.34080965944899616], [0.21612540770821856, 0.174489535611327, 0.10648112132504163, 0.5029039353554129], [0.19039396219467206, 0.24901007990310514, 0.22202186605913773, 0.33857409184308496], [0.3259448990023182, 0.24005924167873519, 0.0978047199584821, 0.33619113936046446], [0.4723770971624309, 0.23697057797684198, 0.0753749129723572, 0.21527741188836982], [0.19157477111261073, 0.4276683659719514, 0.10391452766600541, 0.2768423352494324], [0.13155933936702782, 0.20435598261461294, 0.18467920966276016, 0.4794054683555991], [0.17062014619176377, 0.1155013214475675, 0.05679889574804069, 0.657079636612628], [0.3911226559923256, 0.3057850898241492, 0.07769309231083031, 0.225399161872695], [0.29322729084120847, 0.3353360919351834, 0.16431859785595476, 0.20711801936765334], [0.35288464437967765, 0.24023480354603444, 0.10171820853933757, 0.3051623435349503], [0.32206460856271074, 0.3170079482628817, 0.12279151910593578, 0.23813592406847173], [0.10068103016120056, 0.29530200618996827, 0.05607340980792055, 0.5479435538409106], [0.2309863103711685, 0.3028625243540713, 0.04283693746845851, 0.42331422780630173], [0.18901181314918453, 0.37992403656231266, 0.2086530069371251, 0.2224111433513779], [0.2231874341352184, 0.40295727536922804, 0.13260089952746584, 0.24125439096808787], [0.3035365593693049, 0.33830451745019735, 0.21231586775132852, 0.14584305542916942], [0.14161005324599163, 0.18593722949900537, 0.1095594418785474, 0.5628932753764556], [0.2720758020358955, 0.30384163071067016, 0.20933057625537344, 0.21475199099806083], [0.18057285303164464, 0.2660246408167564, 0.19339777519372423, 0.36000473095787483], [0.3496348072689227, 0.24968614249495366, 0.10981091080804384, 0.2908681394280798], [0.28687959396229595, 0.19326692672937124, 0.3358649572505113, 0.18398852205782149], [0.19873173066188904, 0.29383786552447516, 0.11883490584517256, 0.38859549796846315], [0.15298297199632815, 0.388178044512475, 0.06324465515823151, 0.3955943283329654], [0.30449304738447697, 0.14288371392271207, 0.09548775305778799, 0.457135485635023], [0.429475251540029, 0.2583152999206178, 0.09621546225657002, 0.2159939862827833], [0.09484749659014642, 0.4873306901354763, 0.1319265557787075, 0.28589525749566996], [0.23469212379174142, 0.4806344757087864, 0.07271290278106222, 0.21196049771841005], [0.10854687059932933, 0.29587607598611076, 0.1211784475376728, 0.4743986058768872], [0.26365050260833744, 0.28106257381758126, 0.18941984559061706, 0.2658670779834642], [0.30989128520663506, 0.2675433808029294, 0.11625575232840754, 0.30630958166202793], [0.21134381093811205, 0.35763850494984817, 0.1627848910488587, 0.26823279306318115]]}, "rewritten": {"ids": ["97107821", "97110950", "97116410", "97116500", "98106880", "98108970", "98109090", "98110680", "98116940", "98117740", "98119591", "98120010", "99105921", "99107660", "99108310", "99108330", "99108710", "99109840", "99111340", "99111930", "99112641", "99113260", "100108580", "100109980", "100112060", "100117420", "100120780", "101109000", "101110740", "101111990", "101112540", "101114020", "101121640", "102107961", "102113350", "102116340", "103109791", "103110100", "103110840", "103111540", "103113640", "103117461", "104111780", "104112201", "104113170", "104113190", "104114230", "104114240", "104114740", "104116980", "105112130", "105112240", "105113620", "105115250", "105116090", "105116441", "105117200", "105121190", "106112770", "106113170", "106114011", "106114280", "106114880", "106115250", "106116120", "106116850", "106117650", "106117790", "106119990", "106121190", "106121220", "107113130", "107113360", "107114621", "107119130", "107119950", "107121540", "108113620", "108113740", "108114200", "108114670", "108117360", "108117610", "108117720", "108118060", "108118520", "108119550", "108120060", "109113281", "109113881", "109114651", "109115380", "109117110", "109117150", "109117630", "109118161", "109119450", "110114561", "110114651", "110114920", "110115120", "110117870", "110118121", "110118701", "110118810", "110121500", "111116100", "111116290", "111116990", "111117120", "111118301", "111119150", "111120320", "111121220", "112116290", "112116810", "112116850", "112117210", "112117571", "112117790", "112118161", "112118471", "112119500", "112119580", "112120540", "112120990", "112121010", "112121030", "113117550", "113118111", "113118231", "113119300", "113119480", "113119950", "113120591", "113121010", "113121810", "113122120", "113122170", "113122180", "113122430", "113122650"], "labels": [2, 3, 3, 2, 0, 3, 1, 2, 2, 2, 1, 2, 1, 3, 2, 1, 2, 2, 1, 1, 1, 0, 0, 1, 2, 2, 1, 1, 3, 2, 2, 3, 2, 3, 3, 3, 3, 1, 1, 1, 1, 0, 3, 0, 3, 3, 2, 0, 2, 1, 1, 1, 0, 2, 1, 1, 3, 2, 1, 0, 1, 3, 0, 2, 1, 3, 1, 1, 0, 2, 1, 1, 0, 0, 1, 3, 2, 3, 3, 0, 3, 1, 3, 1, 1, 0, 1, 1, 0, 0, 3, 3, 1, 2, 0, 0, 3, 0, 3, 3, 0, 3, 3, 3, 1, 3, 3, 2, 0, 2, 3, 3, 1, 3, 0, 3, 0, 1, 3, 3, 0, 1, 2, 3, 3, 2, 2, 0, 3, 1, 3, 1, 3, 0, 0, 2, 2, 1, 1, 2, 2, 2], "predicted_labels": [0, 3, 2, 0, 1, 1, 1, 1, 1, 2, 0, 3, 3, 1, 3, 1, 1, 2, 0, 1, 1, 3, 0, 1, 1, 1, 3, 3, 1, 3, 3, 0, 1, 1, 3, 1, 1, 3, 3, 3, 0, 0, 2, 3, 1, 1, 1, 0, 2, 2, 2, 1, 1, 1, 1, 1, 1, 3, 3, 3, 1, 0, 3, 3, 3, 3, 3, 3, 0, 3, 3, 0, 0, 1, 3, 3, 3, 1, 3, 2, 3, 2, 3, 0, 1, 2, 1, 2, 3, 0, 1, 3, 0, 1, 1, 3, 2, 1, 1, 0, 1, 1, 3, 1, 0, 0, 1, 0, 3, 2, 0, 1, 3, 3, 0, 3, 1, 0, 1, 0, 1, 1, 3, 0, 0, 3, 3, 0, 1, 3, 0, 3, 0, 3, 0, 3, 1, 1, 3, 3, 1, 3], "confidence_scores": [[0.313270316079134, 0.27932625816175427, 0.10218724032731202, 0.30521618543179974], [0.31805041687308233, 0.15676119393405974, 0.1468031273738373, 0.3783852618190205], [0.2556192597484159, 0.12868123045786878, 0.38652812444978524, 0.22917138534393003], [0.31508560912403166, 0.15177082353660487, 0.2552430460065231, 0.2779005213328405], [0.19082365572974258, 0.3097927678716637, 0.2705233029843515, 0.22886027341424237], [0.20027218313829512, 0.515545891821778, 0.10513011631485092, 0.17905180872507606], [0.22556856666472178, 0.42979774174190466, 0.17938931881849068, 0.16524437277488302], [0.11053717871325872, 0.376851108999653, 0.262863048248987, 0.24974866403810134], [0.12529480060730985, 0.4757653125148672, 0.09012871128000009, 0.308811175597823], [0.09451057552810808, 0.22907052181469525, 0.5888806515412593, 0.08753825111593726], [0.5392032430925838, 0.16854096360628745, 0.07432800350269858, 0.21792778979843008], [0.2122070261733196, 0.2463175538453043, 0.16823172076219617, 0.37324369921917994], [0.24585047420062034, 0.2819479818700197, 0.05448297920833709, 0.4177185647210229], [0.2730307566424821, 0.2856083913129994, 0.18713706110720127, 0.25422379093731734], [0.2695473925580208, 0.20806366629833573, 0.2309596000573852, 0.29142934108625834], [0.21227890627337812, 0.40109364251450996, 0.07828664840617905, 0.30834080280593307], [0.1199562744454182, 0.6434230653793207, 0.11221958644927006, 0.12440107372599107], [0.15200393785120023, 0.19122020390143515, 0.42676620546531163, 0.23000965278205307], [0.4361273171838168, 0.33238812999675227, 0.048768026427355865, 0.182716526392075], [0.2624719132762089, 0.39612083520872715, 0.13967449886522082, 0.20173275264984306], [0.20060331462589454, 0.43355720592974045, 0.06158236032322721, 0.30425711912113795], [0.18065227292720157, 0.13889684531370505, 0.09525662263680841, 0.5851942591222851], [0.3128573070683353, 0.20696900534534315, 0.17653964969374958, 0.3036340378925719], [0.1741348270663911, 0.4776503980126131, 0.10472904492408754, 0.2434857299969083], [0.15327662879133755, 0.3867284221721371, 0.20113992470381276, 0.2588550243327128], [0.14728952920866176, 0.31947749198464254, 0.29266921429267595, 0.2405637645140197], [0.16719967187589854, 0.20623050192393766, 0.24763786105593122, 0.3789319651442326], [0.20660973803274682, 0.23441592867989433, 0.15699480570663524, 0.4019795275807237], [0.10904276564911863, 0.3837122169706973, 0.32229605846561343, 0.18494895891457047], [0.10420357629798897, 0.24101313913740888, 0.15273719544564462, 0.5020460891189575], [0.1701711905996006, 0.16891185122540486, 0.14453706005959052, 0.516379898115404], [0.2917933249864907, 0.24033855599158535, 0.21553575483386378, 0.2523323641880603], [0.07596850912630944, 0.6407797578317679, 0.11920356500393725, 0.16404816803798547], [0.3204310643037447, 0.3733895117271354, 0.13333408537041583, 0.17284533859870405], [0.195742883590987, 0.21623752114765277, 0.1679253631875073, 0.4200942320738529], [0.2343233255121097, 0.28417665752412885, 0.20215112101132374, 0.2793488959524377], [0.2605665590453827, 0.350592356971627, 0.1088445013288152, 0.27999658265417504], [0.20604734607883737, 0.2200294210130294, 0.17850282201456066, 0.3954204108935726], [0.2225037564172097, 0.19936901916239327, 0.074397478012232, 0.503729746408165], [0.19328509460207421, 0.25642159210108706, 0.2492596267466408, 0.30103368655019813], [0.4995402636472232, 0.16071440041450452, 0.1446385958571359, 0.1951067400811364], [0.5520731764383541, 0.1716449678023614, 0.0963022070481004, 0.1799796487111841], [0.15064065313078578, 0.2032857740110565, 0.516627192304488, 0.12944638055366983], [0.3187361584549965, 0.2310009743454686, 0.08356704919821051, 0.36669581800132434], [0.20184004167155048, 0.37818711209866634, 0.20474869946298999, 0.21522414676679325], [0.12299041336796812, 0.5375310707048147, 0.12097538090988, 0.21850313501733715], [0.20665840138823593, 0.3975446302547631, 0.10419582026346592, 0.2916011480935349], [0.34763595438713, 0.2069567517121761, 0.19858503241840503, 0.24682226148228872], [0.2500794329193623, 0.2281489306083176, 0.2742090979320966, 0.24756253854022364], [0.21675533220413887, 0.2724749662094417, 0.3075027832604561, 0.20326691832596328], [0.25702046610981316, 0.2049647937525711, 0.3593233653355737, 0.1786913748020422], [0.1660934787567702, 0.388201315701244, 0.15833587153353837, 0.28736933400844744], [0.1421399670439208, 0.39871286564897734, 0.319736985772121, 0.1394101815349808], [0.18161192434679696, 0.34761947972328533, 0.18087935716462838, 0.28988923876528927], [0.2176988268554798, 0.3902284158480728, 0.09466459505245753, 0.2974081622439899], [0.2872023096703809, 0.40387295615975544, 0.07628659783666547, 0.23263813633319813], [0.19390148278058542, 0.3818360615330083, 0.2483745155895926, 0.17588794009681386], [0.21419999351839775, 0.17413668367349228, 0.26124031663331504, 0.3504230061747949], [0.15514158938066377, 0.195852671992178, 0.2938213701381108, 0.35518436848904733], [0.16867710855400883, 0.18894798697315887, 0.09956231127560718, 0.5428125931972252], [0.24679627895363185, 0.35542972291909186, 0.05952303372319546, 0.338250964404081], [0.3438138261750352, 0.20050041114512535, 0.14259452541268317, 0.3130912372671564], [0.12617719908915487, 0.3275299839045572, 0.1642314668265436, 0.38206135017974435], [0.22195719828738125, 0.24002350493013816, 0.13252508638980473, 0.40549421039267575], [0.10908909916206345, 0.2297876228694494, 0.324488852742278, 0.3366344252262092], [0.14384003633380485, 0.1893693837952646, 0.2052420884160412, 0.46154849145488935], [0.15972963634276732, 0.24752928493938178, 0.23794877660773275, 0.35479230211011836], [0.13451464762925866, 0.24969303764833173, 0.16003066564321872, 0.4557616490791908], [0.39441557980892317, 0.23308530584843473, 0.1413887463637948, 0.23111036797884738], [0.16911177499113714, 0.26558801076378685, 0.24229236203182228, 0.3230078522132539], [0.11636158570641532, 0.25334444074980744, 0.1623524854140725, 0.4679414881297047], [0.4419267742272278, 0.2119949875951764, 0.13005317278447343, 0.21602506539312244], [0.56055758396845, 0.16576058209858616, 0.10185064197799332, 0.17183119195497049], [0.28616314266793746, 0.4237137012358116, 0.06174679422985624, 0.2283763618663949], [0.11878321803329678, 0.3694867039382666, 0.1058071992417068, 0.40592287878672995], [0.2716871449609357, 0.24575490239890851, 0.12930007253750567, 0.3532578801026503], [0.09873057956034291, 0.1592061611876209, 0.22399230431636669, 0.5180709549356696], [0.21067640376034782, 0.3589732669878661, 0.08411850637239116, 0.3462318228793952], [0.2690770559914309, 0.25296441455873264, 0.13166874332701042, 0.3462897861228259], [0.15495363990250052, 0.3117788487414058, 0.36834160664029014, 0.1649259047158035], [0.12303670282123297, 0.3727068146008393, 0.09540740078689268, 0.40884908179103513], [0.26709405794915725, 0.2816148729724065, 0.28306925866657895, 0.16822181041185735], [0.23274228932688498, 0.28001762882083786, 0.16394516366339498, 0.32329491818888234], [0.3571385882092562, 0.30818425662931986, 0.09608397859907984, 0.2385931765623443], [0.2695243117536887, 0.29325521151038236, 0.1655842317880724, 0.2716362449478565], [0.2220417516543668, 0.21964516808811219, 0.36359469575355297, 0.19471838450396795], [0.23430128628013544, 0.2870138209006766, 0.22614143413012297, 0.25254345868906514], [0.30471907095621503, 0.23368243336471647, 0.3065651421295199, 0.15503335354954845], [0.33966343928521575, 0.1817622717940056, 0.04267709173441077, 0.43589719718636794], [0.4337947647056699, 0.21813466335198908, 0.13065252262723098, 0.21741804931511008], [0.264011383226928, 0.34899656058201894, 0.08394649905974087, 0.303045557131312], [0.23085297957324685, 0.26746006138354045, 0.11815889476637832, 0.38352806427683417], [0.36734461722574596, 0.3590801387449977, 0.0843943080477016, 0.18918093598155467], [0.09772474238980974, 0.6363193309713898, 0.11828630633443946, 0.1476696203043611], [0.14842356025579198, 0.34423753550808733, 0.3341842164171529, 0.17315468781896756], [0.26925572162943745, 0.2845272408045243, 0.10792355146877658, 0.3382934860972618], [0.2635210241991454, 0.21761758462481054, 0.28914592226860725, 0.22971546890743683], [0.2129263218798539, 0.4641146271960314, 0.09167855005884622, 0.23128050086526847], [0.2906287429039351, 0.3035505791108276, 0.11461168257895327, 0.2912089954062841], [0.29329421831087266, 0.28835081608464475, 0.15142062720445182, 0.2669343384000308], [0.2189269481876409, 0.3386710677759762, 0.20912317043114068, 0.23327881360524239], [0.31636828372098785, 0.3978243898164778, 0.09953485768977338, 0.18627246877276088], [0.2682416187938314, 0.2644984534480935, 0.05031733401933887, 0.4169425937387361], [0.19600628194886272, 0.5121188532187333, 0.09255656750995876, 0.19931829732244533], [0.3615859279903257, 0.20785125061711818, 0.09738021774855776, 0.33318260364399854], [0.3322974798406783, 0.2925974826878229, 0.14185330868945814, 0.2332517287820406], [0.16884111482283568, 0.5656963009594808, 0.06572311126456604, 0.19973947295311759], [0.3806532150680935, 0.27161175774956037, 0.17082064538861746, 0.1769143817937289], [0.3260292702542009, 0.10061960184664663, 0.19829658481880244, 0.37505454308035], [0.09534746191719652, 0.2871818579966321, 0.4254560301992757, 0.19201464988689562], [0.5000552220812124, 0.1882792020348738, 0.07679813072883478, 0.23486744515507907], [0.3138931933276632, 0.31634832099704263, 0.09379008685180636, 0.2759683988234879], [0.1926310977006045, 0.22679461347842506, 0.11414165092648183, 0.46643263789448863], [0.2850486449541571, 0.23003253780993066, 0.11952943044272336, 0.3653893867931891], [0.4612455843103021, 0.18663468562584923, 0.08668203268979552, 0.26543769737405315], [0.22605697555983448, 0.28401195877538105, 0.15404105709740426, 0.33589000856738016], [0.21025887285850792, 0.439586361307508, 0.09575713430261337, 0.2543976315313707], [0.35563930400611626, 0.32921009416365016, 0.11042140881939862, 0.2047291930108352], [0.3105393769159723, 0.34784456278704456, 0.13382944368331082, 0.2077866166136722], [0.5111503662144414, 0.21938693264000464, 0.0719139353411623, 0.19754876580439162], [0.265701676832943, 0.45511473959495197, 0.07707552153957951, 0.20210806203252546], [0.3331426270973289, 0.4394456159984813, 0.06575888520960782, 0.161652871694582], [0.2624087395759127, 0.2640024141645213, 0.20240503152393843, 0.27118381473562764], [0.4237085820081361, 0.19121127261913698, 0.10446790131661887, 0.28061224405610813], [0.40795219998021126, 0.2784628081371929, 0.1311608866696013, 0.18242410521299457], [0.14620478412234728, 0.3105813248244493, 0.1692016688222202, 0.3740122222309834], [0.2625089035114335, 0.24901360288408925, 0.14279370023120766, 0.34568379337326943], [0.3916782880755864, 0.21484963631751733, 0.13451883606989878, 0.25895323953699767], [0.26881900873464254, 0.29412871736664087, 0.1925998979837309, 0.24445237591498586], [0.29967304484680496, 0.31100259098097655, 0.055549811762604616, 0.3337745524096138], [0.4123602655947384, 0.19206146539107824, 0.07673546585093462, 0.3188428031632488], [0.17685973376392278, 0.24606141597710007, 0.13520952655354865, 0.4418693237054286], [0.37390415775161656, 0.2253012940549334, 0.11713984452556624, 0.28365470366788387], [0.28782352144295537, 0.07457811018633742, 0.07334027816701115, 0.5642580902036961], [0.5224764102022758, 0.18141778190821875, 0.08999547445319508, 0.20611033343631052], [0.1279563153577547, 0.25904693999286604, 0.06551980666415791, 0.5474769379852212], [0.2670847133648133, 0.39288960823682617, 0.1662415227431738, 0.17378415565518673], [0.26039874571845756, 0.3077420890160281, 0.12993174790884784, 0.3019274173566664], [0.1821550662804317, 0.19787560096871457, 0.1012174752931593, 0.5187518574576944], [0.1596108180729285, 0.21193855722845922, 0.05627100968593628, 0.572179615012676], [0.2820853732854345, 0.3508539442561604, 0.21882595605428345, 0.14823472640412186], [0.21861961549762302, 0.2062528616696267, 0.11159303531684751, 0.46353448751590276]]}}