{"test": {"ids": ["104119340", "102111990", "111118810", "102113350", "113119450", "102110240", "111118301", "106116640", "103120730", "108120700", "99108580", "104113000", "107120130", "108120280", "107120260", "105111990", "113119480", "112118471", "111119950", "109120150", "110121500", "107118780", "110118630", "104111550", "109121640", "102108621", "108114200", "106118301", "111119290", "110117140", "112116401", "112118511", "100109000", "97107681", "106113190", "110114321", "100116500", "100110050", "109116750", "112116290", "109119460", "113118620", "111119150", "103120531", "110117870", "97107950", "101114020", "111120280", "101112160", "111114941", "112118701", "97112830", "109116170", "110118111", "103110760", "97106600", "113118490", "98108410", "105119550", "112116800", "112117210", "104116441", "111121410", "103111830", "105117431", "112117790", "101112690", "99107630", "109119010", "108114270", "111116040", "107114140", "99111000", "100109910", "112116501", "110115120", "113117630", "113122430", "99111620", "112117461", "110117200", "105115250", "113118690", "112116540", "99109910", "98109570", "110118181", "111115910", "103113170", "104114240", "109117110", "110118121", "109114220", "107121640", "113118870", "97116410", "98106680", "105115680", "104118070", "104109311", "97113900", "100120780", "109117630", "103120290", "111117480", "110115250", "99111340", "111120540", "98111860", "109113281", "101116130", "100109801", "107121230", "99120010", "101117580", "112117471", "109115220", "100111270", "113121980", "100108520", "110118301", "110117110", "112118581", "99107660", "110118740", "113120591", "109118701", "111120190", "98110680", "98110230", "100116790", "108118810", "111116110", "101109120", "104117200", "109116810", "113122650", "101110150", "108121410", "110114610", "109113591", "99108080"], "labels": [1, 2, 0, 3, 3, 3, 3, 3, 1, 2, 0, 1, 2, 3, 1, 2, 3, 1, 0, 2, 3, 1, 1, 1, 0, 3, 0, 1, 3, 3, 0, 1, 1, 3, 0, 1, 2, 3, 0, 0, 1, 3, 3, 3, 3, 2, 3, 0, 3, 0, 0, 2, 0, 1, 1, 3, 1, 1, 1, 0, 1, 1, 0, 3, 1, 3, 1, 2, 3, 3, 0, 2, 2, 2, 3, 0, 0, 2, 3, 0, 3, 2, 3, 1, 2, 1, 1, 2, 3, 0, 1, 3, 3, 1, 0, 3, 1, 2, 2, 3, 2, 1, 0, 2, 1, 1, 1, 1, 0, 0, 2, 0, 0, 2, 3, 3, 3, 2, 2, 2, 1, 0, 1, 3, 3, 0, 3, 3, 2, 3, 2, 1, 3, 1, 3, 3, 2, 1, 0, 1, 3, 3], "predicted_labels": [1, 0, 1, 1, 1, 1, 1, 1, 3, 0, 1, 3, 0, 0, 3, 3, 3, 3, 0, 1, 0, 3, 3, 3, 1, 3, 1, 0, 1, 3, 0, 0, 1, 0, 1, 1, 1, 1, 0, 0, 1, 3, 1, 3, 1, 1, 3, 3, 0, 0, 3, 0, 1, 0, 0, 0, 1, 1, 1, 1, 3, 1, 3, 0, 0, 0, 3, 0, 3, 1, 3, 1, 3, 1, 1, 3, 1, 1, 1, 3, 3, 3, 1, 1, 3, 1, 1, 3, 3, 1, 1, 0, 3, 1, 3, 1, 1, 3, 1, 0, 1, 3, 1, 3, 3, 1, 1, 0, 3, 3, 1, 1, 1, 0, 1, 1, 3, 1, 0, 3, 1, 0, 1, 0, 3, 3, 3, 3, 1, 0, 1, 1, 3, 1, 1, 1, 1, 0, 1, 1, 1, 0], "confidence_scores": [[0.20926617826617835, 0.30948183760683773, 0.2104148629148629, 0.2708371212121213], [0.3525474386724386, 0.29917081529581524, 0.13940515448603683, 0.20887659154570923], [0.2470818903318904, 0.2919164862914862, 0.175547619047619, 0.28545400432900436], [0.22705683205683208, 0.2773421439671441, 0.23808755133755136, 0.2575134726384727], [0.2373907481407483, 0.3083899017649018, 0.17849875124875134, 0.2757205988455988], [0.2260628954378955, 0.2783654401154403, 0.2277858044733045, 0.26778585997335996], [0.27079042281248156, 0.2737339604839606, 0.199734630565513, 0.25574098613804497], [0.27640517815517823, 0.2975753968253969, 0.1665268204018204, 0.25949260461760465], [0.25981184787434786, 0.28472016872016875, 0.16264141414141414, 0.2928265692640692], [0.4598528138528139, 0.24624272949272943, 0.12437050653594774, 0.1695339501185089], [0.26214332195582196, 0.31055339105339114, 0.1999202602952603, 0.22738302669552676], [0.21108861971361975, 0.3063266643487232, 0.15734570494864614, 0.325239010989011], [0.3735277153402155, 0.2654605880230881, 0.15787089299589296, 0.20314080364080364], [0.3201851204351204, 0.21871027583527586, 0.15253360528360527, 0.30857099844599856], [0.22684632034632032, 0.2744203296703296, 0.17444168331668325, 0.3242916666666666], [0.23508306970806964, 0.26888900500084717, 0.19201129864287764, 0.30401662664820567], [0.2925188283938284, 0.25111499611499616, 0.16146645021645015, 0.2948997252747253], [0.267727453102453, 0.27213474025974027, 0.1716013708513708, 0.28853643578643573], [0.2994531024531024, 0.25337085137085136, 0.16914781746031746, 0.27802822871572874], [0.26060503385503386, 0.3052558830058831, 0.18744229381729383, 0.24669678932178937], [0.29496663059163064, 0.23996825396825397, 0.17754166666666665, 0.2875234487734489], [0.19997456709956712, 0.29630333555333566, 0.1834476911976911, 0.3202744061494061], [0.23025300394050394, 0.24170417082917087, 0.23605083805083812, 0.29199198717948716], [0.17117911255411256, 0.3048125901875902, 0.21199603174603177, 0.31201226551226563], [0.26691423853923857, 0.29924757187257195, 0.17502669552669556, 0.2588114940614941], [0.23758892496392497, 0.2844598318348318, 0.15276202963702956, 0.3251892135642136], [0.26432332251082263, 0.2938689782439783, 0.1750777208902209, 0.26672997835497847], [0.3753354978354977, 0.25773845598845607, 0.11814754689754686, 0.2487784992784993], [0.2578746297562087, 0.2756360028860028, 0.1995815390749601, 0.26690782828282833], [0.26994079531579535, 0.2687160755910757, 0.1635735930735931, 0.29776953601953604], [0.29870665445665445, 0.2862678571428572, 0.16199116161616164, 0.25303432678432686], [0.3023091902937104, 0.2766932928182928, 0.15146541010588993, 0.2695321067821068], [0.21129860417360416, 0.3123730664760077, 0.1836779103249691, 0.2926504190254191], [0.3500769924519924, 0.28955572205572205, 0.13961967199467196, 0.22074761349761352], [0.21607004107004113, 0.3093572677322677, 0.1782880452880452, 0.296284645909646], [0.22562734487734484, 0.3081470057720058, 0.1870106421356421, 0.27921500721500725], [0.25151415251415243, 0.2803479249508662, 0.21580753968253968, 0.25233038285244175], [0.20624765512265517, 0.33086868686868703, 0.19889717227217227, 0.2639864857364857], [0.3256668470418472, 0.2700189948939949, 0.17404143079143075, 0.23027272727272735], [0.4097377740723329, 0.22628488178488193, 0.14212680375180375, 0.22185054039098154], [0.21070725108225116, 0.3067116355866356, 0.20773003385503383, 0.27485107947607956], [0.2178119588744589, 0.3037765706515707, 0.16982096375846387, 0.30859050671550675], [0.2736114441114442, 0.3215294427794428, 0.1675178571428571, 0.237341255966256], [0.21642947330447346, 0.26055952380952396, 0.1736854256854257, 0.3493255772005772], [0.21536102786102784, 0.3214754828504829, 0.2003698752228164, 0.26279361406567286], [0.2494625140940931, 0.2731639471639472, 0.23439876351718453, 0.24297477522477529], [0.2646750888000889, 0.2736353923853924, 0.16455790043290042, 0.2971316183816184], [0.26959022921522924, 0.2884929931179931, 0.14380862193362193, 0.29810815573315586], [0.38405938505938514, 0.29354538517038514, 0.12147892385392385, 0.20091630591630585], [0.3059498050968639, 0.2616152042402042, 0.16657738095238092, 0.2658576097105509], [0.2802063492063493, 0.25171019258519256, 0.1577172223201635, 0.31036623588829476], [0.2675621739371739, 0.26578108003108014, 0.21253192640692642, 0.2541248196248197], [0.27531658864011804, 0.3048398586707411, 0.15260776070334892, 0.267235791985792], [0.26747750860250863, 0.2668055555555555, 0.19889628427128428, 0.26682065157065155], [0.26619877344877346, 0.2575018037518038, 0.22347420634920628, 0.25282521645021655], [0.32945797258297255, 0.25426966089466085, 0.1548731962481962, 0.2613991702741703], [0.20204063991563995, 0.344157412032412, 0.19234607059607053, 0.2614558774558776], [0.22796363358863356, 0.2958326673326674, 0.20472666222666216, 0.2714770368520369], [0.270852068983648, 0.3490332812612225, 0.15255877017719116, 0.22755587957793846], [0.18183272283272284, 0.3264190115440116, 0.17913052225552234, 0.31261774336774334], [0.18051599789099793, 0.28550474525474523, 0.20503571428571438, 0.3289435425685425], [0.30064078027235924, 0.31263034188034194, 0.13799877461719567, 0.24873010323010317], [0.18658531746031742, 0.3011737567987569, 0.20668428793428797, 0.3055566378066379], [0.3166279761904763, 0.20742410367410372, 0.23593349012099007, 0.24001443001443], [0.27606006493506513, 0.25702579365079353, 0.21548971861471863, 0.2514244227994229], [0.3002119408369409, 0.2471010101010102, 0.1562987567987568, 0.2963882922632923], [0.2141644278923691, 0.29320860389610387, 0.1945227460448048, 0.29810422216672217], [0.2770995670995672, 0.2631847041847042, 0.19212319624819624, 0.26759253246753245], [0.20918031968031958, 0.2756245698745699, 0.20447824397824393, 0.31071686646686664], [0.20473610161768058, 0.3690515130294542, 0.15922493734335835, 0.2669874480095068], [0.26154621767121766, 0.2819621767121768, 0.15312476412476406, 0.3033668414918415], [0.18286045898545905, 0.3118791486291487, 0.21163918026418027, 0.2936212121212121], [0.1810368242868243, 0.2995171356421357, 0.21604858050446285, 0.3033974595665772], [0.20030639243797135, 0.299036043205161, 0.2493666379630003, 0.25129092639386763], [0.28257954545454544, 0.2956507936507936, 0.1494455266955267, 0.27232413419913426], [0.22833405483405492, 0.2816511544011545, 0.18917171717171719, 0.30084307359307355], [0.23735755421049537, 0.30937588310382436, 0.20469260314848564, 0.24857395953719488], [0.210323953823954, 0.31065728715728713, 0.21035645318733562, 0.2686623058314234], [0.20249590687090688, 0.340170634920635, 0.22594586663336666, 0.2313875915750916], [0.2631989007724302, 0.2912793458691291, 0.1479199251470923, 0.2976018282113484], [0.21223054723054727, 0.2809200382950383, 0.21571491008991003, 0.2911345043845043], [0.2221325757575758, 0.2486730352980354, 0.21619449994449996, 0.31299988899988906], [0.21199464424464434, 0.3385174825174825, 0.18180533355533351, 0.26768253968253974], [0.22318795093795094, 0.3329038045288047, 0.19300090187590194, 0.2509073426573427], [0.26825018037518045, 0.23672835497835495, 0.1982958152958154, 0.2967256493506492], [0.26307900432900433, 0.3342005772005772, 0.13493831168831166, 0.2677821067821068], [0.267069101950681, 0.3006269841269842, 0.1850515135449346, 0.24725240037740048], [0.22555447126403003, 0.2806034104784105, 0.19205923937173935, 0.3017828788858201], [0.20439621489621487, 0.2781765873015874, 0.21319698357198358, 0.3042302142302142], [0.2545858585858586, 0.2859726066417242, 0.19081150303944427, 0.268630031732973], [0.20342393717393714, 0.3008107864357865, 0.21915252802752808, 0.2766127483627484], [0.29648422849080747, 0.2746091775871188, 0.1722848961753761, 0.2566216977466978], [0.2643813686313687, 0.271808066933067, 0.17294498556998555, 0.2908655788655789], [0.2531298007548008, 0.30912669275169274, 0.17869823232323234, 0.25904527417027423], [0.2639612054612056, 0.2736287878787879, 0.16851462426462427, 0.2938953823953824], [0.2825759428480017, 0.28396637390387386, 0.16614255189255187, 0.26731513135557256], [0.22853114940614955, 0.2994157647907648, 0.19526953601953603, 0.2767835497835498], [0.1767844377844378, 0.2966271090021091, 0.21485798923298932, 0.31173046398046406], [0.18118705599955603, 0.32138068875568876, 0.23985287629037635, 0.257579378954379], [0.37650756188256174, 0.2290669608169608, 0.13403984903984903, 0.26038562826062833], [0.23992790542790549, 0.30261519036519036, 0.18174730824730825, 0.275709595959596], [0.2497961760461761, 0.27132665945165946, 0.20709397546897548, 0.27178318903318904], [0.26256259018759015, 0.2717714646464647, 0.19797983266733268, 0.26768611249861257], [0.2430077324636148, 0.24910773948273948, 0.22894751082251086, 0.2789370172311348], [0.25233159895659907, 0.28335353535353547, 0.15426923076923074, 0.31004563492063497], [0.27445191817985937, 0.296307831057831, 0.17535899313105194, 0.25388125763125763], [0.21240172735760968, 0.3123439477189477, 0.1909368131868132, 0.28431751173662934], [0.289041958041958, 0.26721482683982684, 0.18313478882228879, 0.2606084262959263], [0.21249236874236874, 0.26310701798201785, 0.24281349206349204, 0.2815871212121211], [0.276535422910423, 0.2602707431457431, 0.17624146686646686, 0.2869523670773671], [0.20325281662781663, 0.31568190836940846, 0.21522027278277292, 0.2658450022200022], [0.263994769119769, 0.28859013209013223, 0.16128216228216224, 0.2861329365079366], [0.2595335497835498, 0.2923983238983239, 0.15806596181596178, 0.2900021645021645], [0.3173954142262967, 0.2531405122655123, 0.1521160714285714, 0.2773480020796198], [0.2295313575313576, 0.321899531024531, 0.165137543012543, 0.28343156843156836], [0.18911068098568098, 0.3242986596736596, 0.19384740259740255, 0.29274325674325674], [0.21704750804750797, 0.27945106282606286, 0.19356060606060613, 0.30994082306582316], [0.20818335830835832, 0.30763827838827845, 0.2163566641691641, 0.26782169913419923], [0.3692558275058275, 0.23889657564657565, 0.13758785658785658, 0.2542597402597403], [0.23102614052614054, 0.2641693167943167, 0.2304739010989012, 0.2743306415806416], [0.2535237401487402, 0.31972974247974245, 0.15223776631864863, 0.27450875105286876], [0.3172198773448775, 0.2782218822843824, 0.14410768398268403, 0.2604505563880564], [0.205286075036075, 0.35659421134421143, 0.20446462565212575, 0.233655087967588], [0.3786966713841713, 0.23594253173297297, 0.17103125346875345, 0.21432954341410226], [0.26459298054886293, 0.27142297979797975, 0.14167158739952845, 0.32231245225362865], [0.2005821817071817, 0.29019633144633156, 0.21414195526695518, 0.2950795315795316], [0.22344532754826865, 0.2544354256854257, 0.20654525539819663, 0.3155739913681092], [0.2405084776334777, 0.260943722943723, 0.20000046685340808, 0.2985473325693915], [0.24876725347236192, 0.3090782085561498, 0.16549317645718575, 0.2766613615143026], [0.3088322372072372, 0.278891081141081, 0.1304990981240981, 0.2817775835275836], [0.20915530303030314, 0.29333046120546125, 0.23265871628371637, 0.26485551948051944], [0.20927922322775264, 0.35165973813767937, 0.16540207749766578, 0.27365896113690236], [0.20178643578643587, 0.24762265512265522, 0.24344769119769122, 0.307143217893218], [0.26525883838383835, 0.2889030414030414, 0.16491695804195802, 0.28092116217116214], [0.25092051442709334, 0.30680591630591647, 0.14120078788170884, 0.30107278138528143], [0.2821933830058831, 0.2935387667887668, 0.1622641594516594, 0.26200369075369084], [0.21678819097569108, 0.30110196053946064, 0.202838924963925, 0.27927092352092353], [0.3223243839493839, 0.2380579796020973, 0.16873639758933873, 0.27088123885918003], [0.22520400432900434, 0.30734704184704187, 0.1758358585858586, 0.2916130952380953], [0.18323629148629147, 0.3133252719502719, 0.22271018768812884, 0.28072824887530773], [0.21725582750582756, 0.35050270562770564, 0.16354009879009873, 0.26870136807636813], [0.2867585331335332, 0.2612568542568543, 0.18692094017094021, 0.2650636724386725]]}, "rewritten": {"ids": ["97106600", "97107681", "97107950", "97112830", "97113900", "97116410", "98106680", "98108410", "98109570", "98110230", "98110680", "98111860", "99107630", "99107660", "99108080", "99108580", "99109910", "99111000", "99111340", "99111620", "99120010", "100108520", "100109000", "100109801", "100109910", "100110050", "100111270", "100116500", "100116790", "100120780", "101109120", "101110150", "101112160", "101112690", "101114020", "101116130", "101117580", "102108621", "102110240", "102111990", "102113350", "103110760", "103111830", "103113170", "103120290", "103120531", "103120730", "104109311", "104111550", "104113000", "104114240", "104116441", "104117200", "104118070", "104119340", "105111990", "105115250", "105115680", "105117431", "105119550", "106113190", "106116640", "106118301", "107114140", "107118780", "107120130", "107120260", "107121230", "107121640", "108114200", "108114270", "108118810", "108120280", "108120700", "108121410", "109113281", "109113591", "109114220", "109115220", "109116170", "109116750", "109116810", "109117110", "109117630", "109118701", "109119010", "109119460", "109120150", "109121640", "110114321", "110114610", "110115120", "110115250", "110117110", "110117140", "110117200", "110117870", "110118111", "110118121", "110118181", "110118301", "110118630", "110118740", "110121500", "111114941", "111115910", "111116040", "111116110", "111117480", "111118301", "111118810", "111119150", "111119290", "111119950", "111120190", "111120280", "111120540", "111121410", "112116290", "112116401", "112116501", "112116540", "112116800", "112117210", "112117461", "112117471", "112117790", "112118471", "112118511", "112118581", "112118701", "113117630", "113118490", "113118620", "113118690", "113118870", "113119450", "113119480", "113120591", "113121980", "113122430", "113122650"], "labels": [3, 3, 2, 2, 2, 3, 1, 1, 1, 3, 2, 0, 2, 3, 3, 0, 2, 2, 1, 3, 2, 2, 1, 0, 2, 3, 2, 2, 2, 1, 1, 1, 3, 1, 3, 2, 3, 3, 3, 2, 3, 1, 3, 3, 2, 3, 1, 3, 1, 1, 0, 1, 3, 2, 1, 2, 2, 2, 1, 1, 0, 3, 1, 2, 1, 2, 1, 0, 1, 0, 3, 1, 3, 2, 0, 0, 3, 3, 3, 0, 0, 3, 1, 0, 3, 3, 1, 2, 0, 1, 1, 0, 1, 0, 3, 3, 3, 1, 3, 1, 1, 1, 3, 3, 0, 2, 0, 3, 1, 3, 0, 3, 3, 0, 3, 0, 1, 0, 0, 0, 3, 1, 0, 1, 0, 3, 3, 1, 1, 1, 0, 0, 1, 3, 3, 0, 3, 3, 0, 2, 2, 2], "predicted_labels": [0, 0, 1, 0, 0, 0, 0, 0, 0, 0, 0, 0, 0, 0, 0, 0, 0, 1, 0, 0, 0, 0, 0, 0, 0, 0, 1, 0, 0, 1, 0, 0, 0, 0, 0, 1, 1, 0, 0, 0, 0, 0, 0, 3, 0, 0, 0, 0, 0, 0, 0, 0, 0, 1, 0, 0, 0, 1, 0, 1, 0, 0, 0, 0, 0, 0, 0, 0, 1, 0, 0, 0, 0, 0, 0, 0, 1, 0, 0, 0, 1, 0, 1, 0, 0, 1, 0, 1, 3, 0, 0, 1, 0, 1, 0, 0, 0, 0, 1, 0, 0, 0, 0, 0, 0, 0, 0, 0, 0, 0, 0, 0, 0, 0, 0, 1, 1, 0, 0, 0, 0, 0, 1, 1, 0, 0, 0, 0, 0, 0, 0, 0, 3, 0, 1, 0, 0, 0, 0, 0, 1, 0], "confidence_scores": [[0.3617069458319459, 0.24087526362526362, 0.15704852092352095, 0.24036926961926963], [0.3919494949494948, 0.2947058635808635, 0.12362873237873231, 0.18971590909090913], [0.29721657509157523, 0.31093409368409375, 0.15133237595737598, 0.24051695526695524], [0.42314159451659455, 0.2742550505050505, 0.08783585858585859, 0.21476749639249637], [0.3580559163059164, 0.2677092352092352, 0.17025811688311687, 0.2039767316017316], [0.3691031651097441, 0.25718163780663783, 0.15614376851218953, 0.21757142857142855], [0.3182286047286048, 0.27581048118548124, 0.1806470057720057, 0.22531390831390827], [0.3046814574314574, 0.29019377844377847, 0.1707083888333888, 0.23441637529137527], [0.42412904456654454, 0.2488746947496948, 0.13472807747807744, 0.19226818320568317], [0.37495580808080803, 0.28953275890775887, 0.1587469474969475, 0.17676448551448548], [0.3020589688089688, 0.29512395937395935, 0.17060045918134153, 0.23221661263573032], [0.3652230685980687, 0.22981655844155852, 0.19133068320568325, 0.21362968975468977], [0.36558856421356417, 0.2501311327561328, 0.14637250657838888, 0.23790779645191418], [0.33223267010767005, 0.2483730713730713, 0.19540399877899892, 0.22399025974025977], [0.36072675241425267, 0.2566199911199912, 0.14267210567210564, 0.2399811507936507], [0.37187785131535134, 0.24046194083694095, 0.14914604839604836, 0.23851415945165946], [0.36903660228660223, 0.2283559357309358, 0.1551966228216228, 0.24741083916083917], [0.26117673298923294, 0.2923057151182152, 0.20988789682539682, 0.23662965506715505], [0.31054821567321567, 0.30903663003663007, 0.16936152736152732, 0.21105362692862698], [0.3010909992784993, 0.23802962315462306, 0.20533089133089136, 0.2555484862359862], [0.3377946081696082, 0.2635598845598847, 0.17069186369186368, 0.22795364357864353], [0.3821428710178709, 0.22448075535575537, 0.15568917887667882, 0.23768719474969477], [0.36156078643578643, 0.25795652958152965, 0.16469696969696968, 0.2157857142857143], [0.42786616161616164, 0.20531156343656345, 0.10819195102283338, 0.2586303239244415], [0.3365325924075924, 0.2068870851370851, 0.22437003968253977, 0.23221028277278286], [0.38965614940614945, 0.26865042800336913, 0.14126161828367714, 0.2004318043068044], [0.27521980796980805, 0.2851380286380287, 0.20103772616272614, 0.23860443722943728], [0.364096681096681, 0.288040404040404, 0.18078427128427133, 0.1670786435786436], [0.3445915195915196, 0.2597865884115884, 0.16465982628482626, 0.23096206571206576], [0.2802197524697525, 0.2824775592055004, 0.18141605412561299, 0.2558866341991342], [0.28787530525030525, 0.28140537240537244, 0.1624691766566766, 0.26825014568764566], [0.36466119991119983, 0.2753543123543123, 0.13768272005772003, 0.22230176767676768], [0.3549119907869908, 0.26544388944388947, 0.1386328463203463, 0.24101127344877352], [0.34239121499415615, 0.22819421060965184, 0.16116577866577866, 0.26824879573041344], [0.36552300477300487, 0.22230909368409363, 0.16302899877899876, 0.24913890276390283], [0.2725427905427906, 0.29332458513708526, 0.17021359890109888, 0.2639190254190254], [0.2701760045510046, 0.3293575036075038, 0.1607612942612942, 0.23970519758019762], [0.36235599123099116, 0.2612597818847818, 0.13463837551337543, 0.24174585137085142], [0.3800241702741704, 0.2787285353535353, 0.1340333694083694, 0.207213924963925], [0.3191162518037518, 0.2651548520923522, 0.16465512265512267, 0.25107377344877335], [0.3233774003774005, 0.2834301948051948, 0.15373262848262848, 0.23945977633477644], [0.3057831335331336, 0.25825487012987025, 0.15939850427350424, 0.2765634920634921], [0.44440151515151505, 0.267262445887446, 0.09798100510600508, 0.19035503385503386], [0.2769130591630592, 0.2584432373182373, 0.16386881174381174, 0.30077489177489175], [0.3122938866688867, 0.26586729936729936, 0.2158284423909424, 0.20601037157287155], [0.3671486291486294, 0.2605122655122654, 0.1088867243867244, 0.26345238095238094], [0.4201815476190477, 0.21697863941613954, 0.13236670274170276, 0.2304731102231102], [0.4291547619047619, 0.24992730880230876, 0.07957972582972583, 0.24133820346320348], [0.40904096597846584, 0.265839806027306, 0.13886610611610606, 0.18625312187812185], [0.33047431734931737, 0.22806031468531465, 0.15770057720057717, 0.28376479076479083], [0.3989603174603174, 0.27131240981240995, 0.10966792929292928, 0.2200593434343434], [0.3118670634920635, 0.26102097902097904, 0.1795743145743146, 0.247537642912643], [0.2913801406926407, 0.2670547091797092, 0.16564920496170493, 0.27591594516594525], [0.2905565684315685, 0.2941703296703297, 0.14565295815295815, 0.26962014374514376], [0.32435889804639806, 0.26227936646686656, 0.14272512210012206, 0.2706366133866134], [0.28248361360861357, 0.2765875374625375, 0.19722831743419975, 0.24370053149464913], [0.30371643634143636, 0.2696073787323787, 0.19692850205350207, 0.22974768287268293], [0.267893981018981, 0.33412348762348765, 0.17988855588855596, 0.21809397546897547], [0.3853568376068376, 0.26935882173382164, 0.1573084554334554, 0.18797588522588518], [0.2272213064713064, 0.3365602265381677, 0.17182760989010984, 0.264390857100416], [0.382635101010101, 0.2636981074481075, 0.12994871794871796, 0.2237180735930736], [0.34495440670440675, 0.2642251082251083, 0.17521485458985456, 0.21560563048063044], [0.3641177294927296, 0.23356237512487518, 0.09795039682539683, 0.3043694985569987], [0.2721548174048174, 0.25992099567099564, 0.204517982017982, 0.2634062049062049], [0.3030003607503607, 0.3027393578643579, 0.148060606060606, 0.2461996753246753], [0.40173246891996917, 0.21891055472305473, 0.16432273690361923, 0.21503423945335712], [0.3108725996225997, 0.25922619047619044, 0.20651802364302363, 0.2233831862581863], [0.3774816017316018, 0.3200451492951494, 0.12188378288378283, 0.1805894660894661], [0.29782341269841267, 0.3214679993209404, 0.14493838596044478, 0.23577020202020202], [0.3204350649350649, 0.26567236929736926, 0.17304781329781332, 0.24084475246975245], [0.3537402597402597, 0.276400974025974, 0.09626533189033185, 0.2735934343434344], [0.29544545732045735, 0.2946277195027195, 0.15341323953823954, 0.25651358363858356], [0.40867783605283614, 0.25879587079587096, 0.14290472027972023, 0.18962157287157283], [0.40028391053391055, 0.2828500527250528, 0.13369841269841268, 0.18316762404262402], [0.34547817460317454, 0.2636268592518593, 0.1268165029415029, 0.2640784632034632], [0.38552182539682534, 0.26774915362415364, 0.16637166305916298, 0.18035735791985796], [0.29383053751803756, 0.30948282967032964, 0.14136790986790987, 0.255318722943723], [0.35953546453546453, 0.22322873654123648, 0.15378855866355864, 0.2634472402597403], [0.3598491924741925, 0.26407240186284303, 0.1538918075388664, 0.22218659812409813], [0.31017105117105126, 0.3047412677192089, 0.1575556298276886, 0.2275320512820513], [0.2694891774891775, 0.31688185425685433, 0.17097514005602246, 0.2426538281979459], [0.2958697691197692, 0.2806015651015651, 0.1465247877122877, 0.27700387806637805], [0.30102276889776897, 0.3175233932733932, 0.17289037759626003, 0.20856346023257794], [0.3628771645021645, 0.2619339271839273, 0.14374978493728485, 0.23143912337662342], [0.38814534770784775, 0.25065712759462766, 0.12631000943500945, 0.23488751526251528], [0.31235037878787886, 0.32866928210678203, 0.14777759740259738, 0.21120274170274167], [0.3037244769119769, 0.2889237012987013, 0.1609049422799423, 0.24644687950937957], [0.25148261460761456, 0.28394576257076265, 0.18710298443386686, 0.27746863838775615], [0.2745633116883118, 0.24919803807303811, 0.17040313852813851, 0.3058355117105117], [0.40575382256632264, 0.2404667762792762, 0.10947036297036294, 0.24430903818403826], [0.3305873015873015, 0.2875827922077922, 0.15306282606282604, 0.2287670801420802], [0.29323984348984344, 0.2983562777092188, 0.1825047640268229, 0.22589911477411487], [0.37229451798201796, 0.29556599650349663, 0.11439992360580592, 0.21773956190867963], [0.28888315157065164, 0.2975229978354978, 0.17709150571650567, 0.2365023448773449], [0.3845592185592187, 0.2661608946608947, 0.1381964285714286, 0.21108345820845822], [0.39740140415140424, 0.3113610417360418, 0.11142243867243869, 0.17981511544011541], [0.35273715867465877, 0.26170225607725617, 0.1899806582306582, 0.195579927017427], [0.39954715423465414, 0.23153212759462757, 0.12198637473637472, 0.24693434343434348], [0.2860811133311133, 0.3148824161949162, 0.1548527583527583, 0.24418371212121215], [0.37307323232323225, 0.28604154179154184, 0.13192112054612054, 0.2089641053391054], [0.382090478965479, 0.289976134976135, 0.15570526695526696, 0.1722281191031191], [0.3675597943722943, 0.24561138167388172, 0.1454953102453103, 0.24133351370851364], [0.32918620268620274, 0.2779330808080809, 0.14101762126762124, 0.25186309523809525], [0.30981327414415655, 0.27022532532826665, 0.16744646121852, 0.252514939309057], [0.3484541153291154, 0.33758062770562774, 0.12267894605394604, 0.19128631091131085], [0.27984958097458085, 0.26183757215007225, 0.2139515762015763, 0.24436127067377073], [0.3096510295260296, 0.2653739336643748, 0.1509555562901151, 0.27401948051948055], [0.318258214008214, 0.29818851981351985, 0.15827573815073814, 0.22527752802752804], [0.3827792762792763, 0.2526076284826285, 0.12377777777777778, 0.24083531746031744], [0.39789260045510033, 0.25695385864135856, 0.125929945054945, 0.21922359584859577], [0.35476551226551223, 0.22909330946830953, 0.14458066239316236, 0.2715605158730159], [0.31821798340548346, 0.2798195346320346, 0.17383841566929803, 0.22812406629318396], [0.3339561133311134, 0.25092114135864135, 0.13490367965367966, 0.2802190656565656], [0.41936441336441344, 0.2596090784215784, 0.12707036019536017, 0.193956148018648], [0.3702968073593072, 0.28128742784992783, 0.11671085858585854, 0.23170490620490625], [0.3072811494061494, 0.31905615218115235, 0.1538529705588529, 0.21980972785384548], [0.3057429653679654, 0.3260269314019314, 0.16605120288208525, 0.20217890034801797], [0.41161771072065206, 0.2798241848021259, 0.10115427627927626, 0.20740382819794584], [0.5040608974358974, 0.1967578116328116, 0.10784532134532133, 0.19133596958596957], [0.4181794733044733, 0.23795387945387947, 0.13643013930513928, 0.207436507936508], [0.398060952935953, 0.25510701798201796, 0.1425558746808747, 0.20427615440115432], [0.35068867243867247, 0.2608851377380789, 0.15584585349291236, 0.23258033633033645], [0.27815404040404046, 0.3118113830613832, 0.1923111818736819, 0.21772339466089463], [0.2736944444444445, 0.2955331543456543, 0.15297270784770783, 0.2777996933621935], [0.4032651694710518, 0.20368205405705406, 0.13939795621045614, 0.25365482026143793], [0.38431583694083715, 0.2767822871572872, 0.11588311688311688, 0.2230187590187591], [0.39803981435231445, 0.22928807997557998, 0.15920145132645133, 0.21347065434565438], [0.44939642995892987, 0.23647698135198125, 0.13506268037518035, 0.1790639083139083], [0.36717585192585195, 0.27797335997336, 0.11897698135198131, 0.2358738067488068], [0.3261511544011544, 0.29752981740481727, 0.17854786594124827, 0.19777116225278], [0.40443717393717393, 0.23331805694305696, 0.15966040903540896, 0.20258436008436007], [0.3899108252858253, 0.2726899489399489, 0.14719435425685423, 0.19020487151737148], [0.26743782606282607, 0.2756143578643579, 0.16861457007045236, 0.28833324600236354], [0.313284978909979, 0.2618365662115663, 0.14798995857084096, 0.276888496307614], [0.2854782717282717, 0.3022738650238651, 0.16041239030577267, 0.2518354729420907], [0.3472836052836053, 0.2757317682317682, 0.16482040182040184, 0.2121642246642247], [0.3465494089244088, 0.2557680930180931, 0.15755821955821955, 0.24012427849927845], [0.33043778443778443, 0.28947336201380325, 0.1467536262756851, 0.23333522727272724], [0.4549654234654234, 0.24579065379065385, 0.10809794372294372, 0.1911459790209791], [0.35679563492063493, 0.25706836219336215, 0.16034036796536796, 0.22579563492063495], [0.19347666222666227, 0.3616364885114885, 0.18236805555555555, 0.2625187937062938], [0.3133666125541125, 0.2774288281163281, 0.16469583194583198, 0.24450872738372742]]}}