{"test": {"ids": ["102112250", "101114020", "106112770", "106116820", "112119500", "108115070", "101111620", "101109000", "113118810", "98112300", "99112641", "107113200", "113119340", "107116501", "109117431", "100108990", "97106770", "108118301", "101117580", "100108260", "112118550", "109119460", "111114941", "111119580", "113118231", "109116170", "100109890", "113119480", "108119510", "104110960", "111115780", "113118111", "110117110", "101108121", "97107950", "108121190", "103118291", "113118511", "104113190", "98108970", "98107340", "101112690", "102113981", "100109330", "106111321", "111120591", "110115710", "112117580", "108113740", "98108520", "108118520", "102116340", "107120880", "100113370", "112118701", "109118701", "110117200", "105115250", "112120990", "99110730", "98120530", "112118820", "99112840", "109118231", "100109910", "106114280", "104113210", "103113610", "109120150", "100108080", "106116441", "97105760", "112116850", "104111620", "105116090", "105115900", "110121450", "106117770", "104113380", "112116290", "110116441", "102109010", "112118810", "101109120", "107113840", "108120621", "108115500", "105119550", "111114121", "98107410", "103109791", "101108080", "108114220", "110114720", "98108410", "110115980", "106116640", "108114180", "112118530", "112119320", "97112290", "110118740", "108114270", "113118630", "107116980", "113119450", "107118520", "110117500", "98110810", "108121351", "111116090", "97116401", "111119250", "113121010", "100117420", "112117790", "111118910", "111117000", "111121220", "97106591", "109117271", "104109311", "113122150", "103111830", "104114320", "111116640", "113120260", "105120621", "102110240", "107114490", "105112240", "108120260", "109119010", "112118860", "113122160", "100108490", "106120290", "100110050", "113118490", "113119930", "110115890", "110114950"], "labels": [0, 3, 1, 1, 2, 1, 3, 1, 3, 2, 1, 0, 0, 1, 1, 2, 3, 1, 3, 3, 3, 1, 0, 3, 3, 0, 3, 3, 1, 2, 1, 1, 0, 0, 2, 1, 0, 1, 3, 3, 0, 1, 1, 0, 0, 1, 2, 0, 3, 2, 0, 3, 1, 3, 0, 3, 3, 2, 2, 3, 1, 0, 2, 1, 2, 3, 3, 2, 2, 0, 0, 0, 0, 0, 1, 3, 3, 0, 1, 0, 3, 1, 3, 1, 3, 1, 3, 1, 0, 3, 3, 0, 3, 3, 1, 1, 3, 1, 1, 1, 1, 3, 3, 3, 3, 3, 2, 1, 1, 3, 3, 3, 1, 2, 2, 3, 0, 0, 3, 1, 0, 3, 2, 3, 2, 0, 3, 1, 3, 3, 1, 1, 3, 3, 3, 2, 2, 3, 1, 1, 2, 0], "predicted_labels": [0, 3, 1, 3, 1, 2, 0, 3, 1, 3, 1, 0, 0, 0, 3, 3, 0, 1, 0, 0, 0, 3, 0, 0, 0, 1, 2, 0, 2, 0, 0, 3, 2, 3, 3, 1, 1, 3, 0, 1, 3, 2, 1, 1, 1, 3, 1, 1, 0, 1, 1, 1, 0, 2, 3, 3, 0, 0, 1, 2, 0, 0, 3, 0, 2, 0, 0, 2, 2, 1, 0, 0, 1, 3, 2, 3, 3, 0, 1, 1, 2, 0, 3, 0, 3, 0, 1, 0, 1, 0, 2, 0, 1, 1, 3, 3, 3, 3, 1, 1, 0, 0, 0, 0, 0, 0, 2, 1, 1, 0, 3, 1, 1, 1, 2, 2, 3, 0, 3, 1, 3, 3, 0, 2, 0, 1, 1, 3, 2, 2, 1, 1, 1, 3, 2, 1, 2, 0, 2, 1, 1, 0], "confidence_scores": [[0.8989473534203737, 0.00984915261813624, 0.09114606683539542, 5.7427126094679014e-05], [0.00030310361383927757, 1.368781236442073e-06, 3.0060761639991175e-05, 0.9996654668432844], [6.063882439944275e-08, 0.6143913082833317, 0.3855538743846763, 5.475669316763337e-05], [0.4916805964606609, 0.010635578026025872, 9.348982250716696e-06, 0.49767447653106256], [0.08530904030028809, 0.8935517058877509, 0.02096010083894371, 0.00017915297301730323], [0.4238596615758271, 0.10062117114552149, 0.4713378641378566, 0.00418130314079495], [0.936466195518961, 6.180337187213817e-06, 0.04094081930817504, 0.02258680483567687], [0.00038338588727880265, 0.001555239119394591, 0.07954398225971536, 0.9185173927336113], [0.04557247074496504, 0.5927883341535888, 0.00023864235721651056, 0.3614005527442296], [0.1028129693210197, 0.00020363857044596408, 0.37315596625138064, 0.5238274258571537], [0.35891520859326187, 0.5433812331831122, 0.09681824192510977, 0.0008853162985162028], [0.8787276128930199, 0.04719926521195186, 0.06119208340274962, 0.01288103849227861], [0.7987389970960276, 0.20107093285968575, 3.654419376068116e-05, 0.00015352585052602676], [0.7064558209001688, 0.00506361449343033, 0.0003935429655538726, 0.288087021640847], [0.037306700646662444, 0.026966782296125914, 0.00044994085762435973, 0.9352765761995873], [0.0003227142519460994, 0.05264672613200543, 0.10490646929951136, 0.8421240903165371], [0.9614458395383464, 0.021264366488303463, 0.01724855994357998, 4.1234029770216164e-05], [0.1477330071729205, 0.8361760255665106, 0.00029360345904358003, 0.015797363801525157], [0.9745800291207342, 0.02521149755608481, 3.5333273981640327e-07, 0.00020811999044120877], [0.49974525900015127, 0.01549205990893373, 0.030718647986707447, 0.45404403310420755], [0.9999171164845113, 2.2619924086975344e-05, 9.387083254173584e-07, 5.932488307630083e-05], [0.00241721079605733, 4.369285982556387e-05, 0.000708821305351326, 0.9968302750387658], [0.8778878894754276, 0.0018655148714607132, 0.003261709541570174, 0.11698488611154147], [0.9987908782327395, 9.990893037474867e-08, 0.001117647633096337, 9.13742252340099e-05], [0.855690129683134, 0.12687107669720143, 0.010338740503338571, 0.007100053116326111], [0.003459145697077872, 0.7536655873724785, 0.0003118795199155326, 0.24256338741052805], [0.18948386780062657, 0.2667166297664283, 0.4666402865207258, 0.07715921591221925], [0.5334213269011244, 0.00034152683492249153, 4.4384976258611844e-06, 0.4662327077663272], [0.0007899131808655192, 0.0005816040962560768, 0.9976008004065935, 0.0010276823162848965], [0.9318861492337951, 0.04293541231723963, 0.005935939773152148, 0.019242498675812958], [0.9719510388103901, 0.027944626748341996, 4.412157967635855e-05, 6.021286159166767e-05], [0.00016470814540287023, 0.0059846653209711794, 7.698533943650902e-06, 0.9938429279996823], [0.021032493317544337, 0.4106636564180628, 0.5614756596760375, 0.00682819058835538], [0.0038271361026162693, 0.0012867200842833861, 2.501945759328377e-05, 0.9948611243555071], [0.01666773418056008, 0.028229881171411658, 0.045347990834640396, 0.9097543938133879], [0.005208399746307884, 0.8830358679637408, 0.10553643963021188, 0.006219292659739286], [0.06654405770070834, 0.7874223981637275, 0.10840492795378612, 0.037628616181778145], [0.007688097163393127, 0.10158484404329682, 0.0007560804737023315, 0.8899709783196078], [0.5519250726958079, 0.03627952379595676, 0.23736556803051093, 0.1744298354777243], [4.876554911999615e-07, 0.9875235722912318, 0.011588567481454742, 0.0008873725718222708], [0.0020791995434160052, 0.0014035841532954122, 0.004305284830865576, 0.9922119314724229], [0.00024878058354039763, 0.0024204661550155247, 0.9879116433953007, 0.009419109866143503], [5.695377068835172e-07, 0.9432703482246124, 0.048832167147557025, 0.007896915090123632], [0.017744914290260497, 0.9566378102962938, 9.846437213311746e-07, 0.02561629076972426], [0.009216909586772445, 0.928728431494459, 9.886854490322792e-06, 0.062044772064278025], [0.008702105532309268, 0.00768738173229946, 2.168728480954492e-06, 0.9836083440069102], [0.025555731272666887, 0.495172165699964, 0.47382806084820717, 0.005444042179161997], [0.05102410572877555, 0.9140381707363018, 0.0026310200041945145, 0.032306703530728356], [0.7770329793406823, 0.18316089699292265, 0.014010914221378977, 0.0257952094450161], [0.01461305741330737, 0.7281887226359811, 2.33665037343163e-05, 0.2571748534469773], [0.00014136087047687644, 0.9438726126815155, 0.053615563392154716, 0.0023704630558528065], [0.0006283217839981372, 0.956448925163553, 0.016942881223508215, 0.025979871828940508], [0.6679528794002401, 0.008903418221035561, 0.20510965795211322, 0.11803404442661108], [0.06543997831921639, 0.02446054358955919, 0.6218731564693452, 0.2882263216218793], [0.0010396745612515513, 0.03672066309583318, 0.0020774634703778286, 0.9601621988725375], [0.009792530949651932, 0.042913718762506055, 4.16905469423393e-05, 0.9472520597408997], [0.9514709317467297, 6.045695555491175e-07, 4.496680024862265e-06, 0.04852396700369004], [0.9520696410387387, 2.775965195644476e-06, 0.04707022441666175, 0.0008573585794039591], [0.0002360404434834459, 0.9995111078208, 0.0002423924877769332, 1.0459247939687638e-05], [0.00032682998241704723, 0.0771621381017727, 0.5201499375609807, 0.40236109435482953], [0.9351595873802372, 0.005584017007856694, 0.0006833624911677647, 0.058573033120738284], [0.5281299262932717, 0.0170906994759103, 0.0008774775598287379, 0.4539018966709891], [0.04260401882768191, 0.05965699962827311, 0.019284617495922453, 0.8784543640481226], [0.495427826746366, 0.4681983399144193, 0.027622610555512055, 0.008751222783702795], [0.011924340731313963, 0.020855718210612013, 0.9614182882219876, 0.005801652836086542], [0.9940838933235167, 0.0018300177305190354, 8.107083397791319e-05, 0.004005018111986377], [0.5665061630545882, 0.08197950029918932, 0.0028956089628613033, 0.3486187276833611], [3.801449230858975e-05, 0.0074277422715559385, 0.7775014167599718, 0.21503282647616379], [0.0011971089261694505, 0.00044775248072347664, 0.9956888642453137, 0.0026662743477934413], [4.1608389333159115e-05, 0.9978287227685918, 3.456259812594081e-05, 0.0020951062439489073], [0.9736743682347463, 0.02589371666994591, 0.00033437911707940335, 9.753597822820504e-05], [0.5979529464999546, 0.0005947419655814393, 0.2976263332482338, 0.1038259782862302], [0.08207073615216803, 0.9163740835633443, 0.00035416979096483285, 0.0012010104935228382], [0.32160711303659184, 0.15446571951703167, 0.006055069848698807, 0.5178720975976777], [0.46158911569979966, 0.008933702341462155, 0.5071802628708163, 0.022296919087921828], [0.2115716511186176, 0.0037940190668495077, 0.18403035824530564, 0.6006039715692273], [0.006112440568349347, 0.41285402447423125, 0.001383570736415903, 0.5796499642210035], [0.84236692735287, 0.001560669549662237, 0.10824217531694845, 0.04783022778051918], [0.0534212764427253, 0.9411021988561575, 0.002389257023535768, 0.003087267677581399], [0.08888250283231254, 0.7590104810490698, 0.10474000045814409, 0.04736701566047361], [0.3090144047162147, 1.8616808714122998e-05, 0.6874543665420187, 0.0035126119330525186], [0.5232901652688218, 0.1398137834189116, 0.33476154921129675, 0.002134502100969953], [0.2201965122465368, 0.02749620416068508, 0.023933905813565515, 0.7283733777792125], [0.9133094348528757, 0.05981665191190854, 0.0012943921975072156, 0.0255795210377085], [0.03482136204954418, 0.06201254983234776, 0.0005181137895286987, 0.9026479743285795], [0.5534581200158286, 0.420385770033974, 0.025358922694738863, 0.0007971872554584882], [0.00046868933572313495, 0.8418756399818598, 0.03178064815887035, 0.12587502252354676], [0.7988946228475247, 0.20062852995238764, 1.2067734687068821e-05, 0.00046477946540080786], [0.001054904361951842, 0.9987553590781814, 4.93321966125347e-07, 0.00018924323790062996], [0.9999705969124192, 2.454183216099391e-09, 2.9183129804000588e-05, 2.1750359342911504e-07], [0.0006267871474169067, 0.0019870651598020575, 0.9269756462693011, 0.07041050142347988], [0.9944730552894084, 0.005217950035977063, 2.249342606292389e-05, 0.0002865012485515175], [0.0012168324237554645, 0.7656472448782847, 0.2296612473956012, 0.003474675302358583], [0.0007785872106844865, 0.9147658479110657, 0.0799031827865388, 0.004552382091710895], [0.19261478442252225, 0.08557448483377043, 0.04998503556219853, 0.6718256951815088], [0.006197501781198004, 0.008782592952789535, 0.00032135802401051314, 0.984698547242002], [0.008699342600137655, 4.357008274026486e-06, 4.395307613481082e-05, 0.9912523473154536], [0.0009727437731023538, 0.2249167293350974, 0.3356984944190149, 0.4384120324727853], [0.0006967117960210974, 0.9946064581184175, 0.004690637864095813, 6.1922214654521615e-06], [1.0241669640174778e-05, 0.776283079684379, 0.20265533042978762, 0.021051348216193273], [0.9099402281843454, 0.07016039886499356, 0.01915983149275025, 0.0007395414579108177], [0.8661882527331705, 4.118866278013987e-05, 0.1294665384533954, 0.004304020150653792], [0.888658502831697, 0.10710007765025553, 0.0009555666111473301, 0.0032858529069002013], [0.5066716795715945, 0.3881227811032427, 0.06138799515610978, 0.043817544169052966], [0.9847544937857757, 0.01465151147695095, 0.000299011876690468, 0.0002949828605827875], [0.9991270193163273, 0.0008331174818223602, 4.026369997822402e-06, 3.5836831852538696e-05], [0.00010276177289609017, 0.04027565590501062, 0.9593653609113687, 0.0002562214107246833], [0.02304958333387937, 0.6044764328563484, 0.3584019856260484, 0.014071998183723958], [0.00010819440501182146, 0.995019282483797, 0.0007061776719480929, 0.004166345439242981], [0.5235753291319794, 0.2131549802727205, 4.924282217368224e-05, 0.26322044777312653], [0.07886126794673957, 0.13454812984406267, 0.00021740741482081225, 0.786373194794377], [0.05091899198656432, 0.9447206304064123, 0.003478023822832037, 0.0008823537841911492], [3.363164986331667e-05, 0.9783544993841277, 0.010663006067825304, 0.0109488628981837], [2.6379198438309102e-05, 0.9381348063262686, 0.008362992664220035, 0.053475821811073125], [3.942332335228018e-08, 2.035475208433791e-06, 0.9999935293918641, 4.395709604017522e-06], [0.13012439089665145, 0.04644974947199556, 0.777017034306697, 0.04640882532465613], [0.0002588542706652327, 0.00013974970228890373, 0.0019983658004286992, 0.9976030302266171], [0.5909648369834363, 0.12359245806625828, 0.0015736118092007363, 0.28386909314110487], [0.04157714266123778, 0.020679761759077077, 2.4402643139418547e-06, 0.9377406553153713], [0.01620366718745788, 0.6160787609547141, 0.0800410678119609, 0.2876765040458671], [0.028667966253242725, 0.035557577894407014, 0.001966535112188995, 0.9338079207401613], [0.2345195346628521, 0.006350994074745502, 8.218840180723644e-06, 0.7591212524222217], [0.7805881583274549, 0.00029697659781253077, 0.006459916883589431, 0.21265494819114325], [0.20103760414417413, 0.032717527090594355, 0.740388553956552, 0.02585631480867939], [0.8447409328311283, 0.07695027277398057, 0.07800631435030173, 0.0003024800445894868], [0.1058150773904779, 0.7230266552848569, 0.16515534727177342, 0.006002920052891978], [0.0609926382209863, 0.5265875431176934, 0.15467380252720392, 0.2577460161341163], [0.02749974500902531, 0.3266648359000326, 1.551354769757853e-07, 0.6458352639554652], [0.0018062126338017682, 0.00012887413100362346, 0.9961509820078829, 0.0019139312273115945], [0.000205200446131739, 0.03744634126690921, 0.9210134516250722, 0.04133500666188697], [0.21796261087207594, 0.628046861729728, 0.14941567219535257, 0.00457485520284341], [0.02369312728144179, 0.8556160741540675, 0.01422056232162051, 0.10647023624287029], [0.00013784236925425984, 0.7636994024842235, 0.028846806403291347, 0.20731594874323067], [0.0022304377460964607, 0.31830738548883697, 0.0011593173599824444, 0.6783028594050841], [0.0023325058138553615, 0.05937540246636814, 0.8546255308695468, 0.08366656085022961], [0.0015833093471501576, 0.9900535011812657, 1.1692200134603726e-05, 0.008351497271449654], [9.538286952715381e-06, 0.01163098361584802, 0.9876017282054287, 0.0007577498917706317], [0.9566584409595457, 0.0001656845759470735, 0.005363771078174597, 0.037812103386332584], [0.0031630585037609182, 0.015433705397276929, 0.9207026322794315, 0.06070060381953087], [0.00013376666450636083, 0.9997603604226964, 2.078220585900461e-05, 8.509070693825848e-05], [5.771725989829463e-06, 0.8943061723204139, 0.0757451183169309, 0.029942937636665414], [0.9952024621991047, 0.0002230181128548517, 0.0002620613062387997, 0.004312458381801656]]}, "rewritten": {"ids": ["97105760", "97106591", "97106770", "97107950", "97112290", "97116401", "98107340", "98107410", "98108410", "98108520", "98108970", "98110810", "98112300", "98120530", "99110730", "99112641", "99112840", "100108080", "100108260", "100108490", "100108990", "100109330", "100109890", "100109910", "100110050", "100113370", "100117420", "101108080", "101108121", "101109000", "101109120", "101111620", "101112690", "101114020", "101117580", "102109010", "102110240", "102112250", "102113981", "102116340", "103109791", "103111830", "103113610", "103118291", "104109311", "104110960", "104111620", "104113190", "104113210", "104113380", "104114320", "105112240", "105115250", "105115900", "105116090", "105119550", "105120621", "106111321", "106112770", "106114280", "106116441", "106116640", "106116820", "106117770", "106120290", "107113200", "107113840", "107114490", "107116501", "107116980", "107118520", "107120880", "108113740", "108114180", "108114220", "108114270", "108115070", "108115500", "108118301", "108118520", "108119510", "108120260", "108120621", "108121190", "108121351", "109116170", "109117271", "109117431", "109118231", "109118701", "109119010", "109119460", "109120150", "110114720", "110114950", "110115710", "110115890", "110115980", "110116441", "110117110", "110117200", "110117500", "110118740", "110121450", "111114121", "111114941", "111115780", "111116090", "111116640", "111117000", "111118910", "111119250", "111119580", "111120591", "111121220", "112116290", "112116850", "112117580", "112117790", "112118530", "112118550", "112118701", "112118810", "112118820", "112118860", "112119320", "112119500", "112120990", "113118111", "113118231", "113118490", "113118511", "113118630", "113118810", "113119340", "113119450", "113119480", "113119930", "113120260", "113121010", "113122150", "113122160"], "labels": [0, 1, 3, 2, 1, 3, 0, 3, 1, 2, 3, 1, 2, 1, 3, 1, 2, 0, 3, 2, 2, 0, 3, 2, 3, 3, 2, 0, 0, 1, 1, 3, 1, 3, 3, 1, 3, 0, 1, 3, 3, 3, 2, 0, 3, 2, 0, 3, 3, 1, 2, 1, 2, 3, 1, 1, 1, 0, 1, 3, 0, 3, 1, 0, 2, 0, 3, 3, 1, 3, 2, 1, 3, 1, 3, 3, 1, 3, 1, 0, 1, 1, 1, 1, 3, 0, 0, 1, 1, 3, 3, 1, 2, 3, 0, 2, 2, 1, 3, 0, 3, 1, 3, 3, 0, 0, 1, 3, 0, 0, 0, 1, 3, 1, 3, 0, 0, 0, 3, 1, 3, 0, 3, 0, 3, 1, 2, 2, 1, 3, 1, 1, 3, 3, 0, 3, 3, 1, 3, 2, 2, 3], "predicted_labels": [2, 2, 2, 3, 3, 1, 3, 0, 0, 3, 1, 1, 3, 3, 3, 2, 3, 1, 3, 3, 3, 1, 1, 2, 3, 3, 2, 0, 3, 3, 0, 0, 2, 3, 0, 2, 2, 2, 1, 3, 2, 0, 3, 1, 3, 0, 3, 3, 3, 1, 0, 1, 0, 3, 0, 1, 3, 1, 1, 0, 1, 3, 3, 3, 2, 0, 3, 2, 3, 0, 2, 3, 0, 3, 1, 0, 0, 1, 1, 1, 2, 1, 1, 1, 3, 1, 3, 3, 1, 3, 3, 3, 2, 2, 0, 1, 2, 3, 0, 1, 0, 1, 3, 0, 1, 3, 0, 3, 1, 3, 3, 1, 0, 3, 3, 1, 3, 0, 3, 1, 0, 3, 3, 0, 3, 1, 1, 1, 3, 3, 2, 3, 3, 3, 0, 0, 0, 1, 3, 1, 0, 3], "confidence_scores": [[0.0016536038826789271, 9.496445197833718e-05, 0.5933131072386825, 0.4049383244266604], [8.853670460888829e-05, 0.27680260342710183, 0.6607155702173498, 0.062393289650939404], [0.16466512248307133, 0.1355299869616239, 0.6982677322412583, 0.0015371583140465935], [0.00027738743666895016, 0.0004579656849362234, 0.009457679343011088, 0.9898069675353838], [0.32974026652935146, 0.08597067011525793, 0.013645659342222019, 0.5706434040131686], [4.2067827129632874e-05, 0.9941879557828476, 0.00570427354234992, 6.570284767300852e-05], [1.0391824274443259e-05, 0.00028913096510053445, 0.008710800397901732, 0.9909896768127234], [0.6465317717408143, 8.50720634083731e-05, 0.35308785670219534, 0.0002952994935820424], [0.5533001579924735, 0.14649636310369538, 0.12657158620679085, 0.1736318926970403], [0.0029819854250725743, 0.3176915026771397, 0.0002381759151758026, 0.6790883359826119], [3.0154493814120526e-06, 0.9362460973867734, 0.05457447637279362, 0.00917641079105155], [0.00010259163581387015, 0.9643477417009637, 0.02234097553922678, 0.013208691123995517], [0.000242352604994203, 0.0008361186749467113, 0.3864960621788328, 0.6124254665412262], [0.013831602942719455, 0.020306902597088405, 0.0023751500996456523, 0.9634863443605465], [0.00021826985809045012, 0.004829298701643658, 0.04684339493678912, 0.9481090365034768], [0.02561997487129903, 0.005949586948280964, 0.9625853406694095, 0.005845097511010391], [0.003803359064113936, 0.07019292953505031, 0.022458121395253182, 0.9035455900055827], [3.082128462132754e-05, 0.9896873065449736, 2.572806532775076e-05, 0.010256144105077492], [0.04608193784679595, 0.31254307707043055, 0.023191266937418388, 0.618183718145355], [0.004346558856423806, 0.03847108485140623, 0.01414634319810321, 0.9430360130940668], [7.054792367088778e-05, 0.03547600191498611, 0.0032674579377725416, 0.9611859922235705], [0.07397306290075681, 0.911119728148249, 8.030827946931263e-05, 0.014826900671524779], [0.0004528084818998176, 0.8943612594666112, 0.08012511431752935, 0.025060817733959722], [0.00017801611837587608, 0.0012028978936412084, 0.9984482540633572, 0.0001708319246258158], [0.10937892677957577, 0.09348635554087338, 0.12465652845154356, 0.6724781892280072], [0.03947822538239952, 0.006723682668519248, 0.2854710483124802, 0.668327043636601], [6.361945379763355e-10, 1.1730297714013608e-07, 0.9999990803833126, 8.016775156872338e-07], [0.8816883825926669, 0.05686329463802502, 0.004646669294281277, 0.05680165347502676], [0.0005813426065361257, 0.016488182012893038, 0.0006158453354936161, 0.9823146300450774], [0.0002963989033754829, 0.0010626316517084388, 0.0961475953520341, 0.902493374092882], [0.6776964292051735, 0.2959931820604512, 0.003332646962894088, 0.022977741771481184], [0.9929371780738332, 1.776122402611525e-06, 0.003235160244441034, 0.0038258855593230495], [3.5345600949390684e-07, 0.0001834872049821327, 0.9908699472274689, 0.008946212111539464], [0.0002630834903031999, 6.222006069849542e-06, 0.0005643296162857861, 0.9991663648873412], [0.9774962460446036, 0.010693760655211819, 5.829544231312462e-06, 0.011804163755953211], [0.050076385052156384, 0.11043181625518518, 0.8234436391121379, 0.01604815958052039], [0.00019132714649045814, 0.0004082621343693941, 0.9988128191566052, 0.0005875915625347413], [0.11493287913564645, 0.0003102888248542887, 0.883401848197249, 0.0013549838422502803], [8.328137327435693e-05, 0.8672656864270232, 0.10252503878607694, 0.03012599341362569], [0.0002580882461057887, 0.2561959458507377, 0.13526138144587502, 0.6082845844572814], [0.00020160766637876082, 0.01423328882532777, 0.7927516158973158, 0.1928134876109777], [0.8716339085660817, 0.00018026943195082395, 0.11664978599089142, 0.01153603601107612], [0.0007913952503593946, 0.0033211184268325863, 0.009703480613154026, 0.986184005709654], [0.0020275682032849514, 0.47154410523921014, 0.27314175356862064, 0.2532865729888843], [0.10609722765600269, 0.00016571099248381785, 4.973057961004199e-05, 0.8936873307719034], [0.8649299272218876, 0.019766801888304902, 0.023689870622794793, 0.09161340026701263], [0.00867186851848577, 0.00048935778803644, 0.00027570057032523027, 0.9905630731231526], [1.3836211994018263e-05, 0.002474493179120693, 0.0005396546909565325, 0.9969720159179288], [0.18413019005303546, 0.01048072844314071, 0.0025306280639455004, 0.8028584534398783], [0.07396317649724837, 0.4174343663025377, 0.31374428090358486, 0.19485817629662897], [0.9084708203538148, 0.08315771113005684, 0.0029957615424438967, 0.005375706973684614], [0.16959757811353515, 0.44044150483903394, 0.033457073252434924, 0.35650384379499606], [0.6712145977678318, 2.7852265672721832e-05, 0.23754200623265587, 0.0912155437338395], [0.04724736322972327, 1.5184936148113106e-05, 0.3645670774581507, 0.588170374375978], [0.7948527504024696, 0.0007924864077647853, 0.19421977530806847, 0.010134987881697245], [0.43838277680235327, 0.5437689091948381, 0.0007985814801726196, 0.01704973252263599], [0.0018480251761770388, 0.017593177944323673, 1.3483074582662246e-06, 0.9805574485720411], [0.018777003480152075, 0.9415270847268898, 0.00755781602417788, 0.03213809576878008], [1.3793312315825937e-09, 0.8954909895718451, 0.1042953505205121, 0.0002136585283114098], [0.7336788127762622, 0.0011832473520202386, 5.8922483601584867e-05, 0.26507901738811596], [0.09683734760059544, 0.8993754692094714, 7.899750232682612e-05, 0.0037081856876064042], [0.0013247715828197852, 1.0246176493209697e-07, 1.0008272625004879e-05, 0.9986651176827903], [0.0640000863165998, 0.0007707463968465395, 1.8156288439974894e-06, 0.9352273516577096], [0.12565177253514387, 0.04790623613911449, 0.08616130845911608, 0.7402806828666255], [8.54309438636317e-05, 0.0030559162924656004, 0.993486988582146, 0.0033716641815247973], [0.7353737413473658, 0.00035277466896648906, 0.06845807071372306, 0.19581541326994478], [0.003362962258731166, 0.35124448402719943, 0.0002017884034084792, 0.645190765310661], [0.0006157458346581014, 0.10655134016238996, 0.7942938921456618, 0.09853902185729013], [0.07745777132807886, 0.046844511921329775, 0.012964583726951293, 0.8627331330236401], [0.9915417638090885, 0.007032574667413606, 0.0009328181316984267, 0.0004928433917992185], [7.539857882751507e-05, 0.12659179920043168, 0.8520109927793882, 0.021321809441352684], [0.14530692905674544, 0.015242007900427134, 0.12258196044117985, 0.7168691026016476], [0.31669070608453936, 0.14412317520672327, 0.24409017546766637, 0.29509594324107086], [1.1547785732263592e-05, 0.0013209966233648427, 0.021841928766208354, 0.9768255268246946], [8.086973181054508e-05, 0.8038797047872275, 0.19379209814116313, 0.0022473273397989302], [0.5802146440503095, 0.06272130833102031, 0.036162257651213156, 0.32090178996745694], [0.8565945311342871, 0.11286733402230781, 0.02081256814511611, 0.009725566698288968], [0.0007514900604452149, 0.9166418192765518, 0.005055316960408467, 0.0775513737025945], [0.00023893240302954157, 0.8975240295073624, 0.0010383776551916705, 0.10119866043441644], [3.001647699112367e-05, 0.947911614635272, 0.03694238034582417, 0.015115988541912742], [0.0002906557958582877, 3.986919426583895e-05, 0.9994674812854516, 0.00020199372442410434], [0.0687714789450321, 0.4013336470963868, 0.40074645625218847, 0.12914841770639265], [0.10264049043509899, 0.840415850425003, 0.02936279223369863, 0.027580866906199503], [0.0009239936913770891, 0.974017703618209, 0.018051707002133186, 0.007006595688280396], [0.003616497651488687, 0.02801692532465569, 3.1674160957823243e-06, 0.9683634096077598], [8.247679108013619e-05, 0.7854194158248093, 3.230051147262111e-05, 0.21446580687263797], [0.010370015222752545, 0.03074865945051829, 0.014755718966084014, 0.944125606360645], [0.038687496552465464, 0.1336164444906024, 0.008695905888001853, 0.8190001530689303], [0.2918827076336941, 0.6929879973724355, 0.010847482122474203, 0.004281812871396239], [7.425979403667245e-05, 0.000998630062903593, 4.9187792963636275e-06, 0.9989221913637634], [4.659639021705769e-05, 0.0012687733353253885, 1.984697495764731e-05, 0.9986647832994999], [0.0017923558341327028, 0.0003287576635736939, 0.0009827181650297035, 0.9968961683372639], [0.0012463841130503012, 0.010915771988003992, 0.9766701332729657, 0.011167710625980065], [0.0019333806865025188, 0.18545273354088682, 0.7298469999833805, 0.08276688578923012], [0.7364697131445038, 0.0006967733011955801, 0.0015946031536251905, 0.2612389104006755], [0.0023340102507056278, 0.9949642019020609, 0.002190551096173982, 0.0005112367510595865], [2.085234507108114e-05, 0.2945436276083504, 0.43842352491563713, 0.26701199513094154], [0.013752176794269561, 0.002075714082739251, 1.4481447492541597e-05, 0.9841576276754986], [0.5781145564265819, 0.0004763020306017862, 0.35997561071593925, 0.06143353082687698], [0.00319562640237361, 0.9131110778163558, 0.08240563777493162, 0.0012876580063388042], [0.5715138693760569, 1.3106693663851305e-07, 5.034407105840495e-06, 0.42848096514990075], [0.2821934725618633, 0.3469879358426437, 0.09752962452976763, 0.2732889670657254], [0.3587177545646387, 5.443056983078841e-05, 0.2515349572751547, 0.38969285759037575], [0.639651706750519, 0.01824165575849877, 0.0001647573534594124, 0.34194188013752275], [0.004234051735953506, 0.9129887057882619, 0.00025370202808500456, 0.08252354044769972], [0.27070078702432504, 0.0013879395736336902, 0.2795676957343598, 0.44834357766768135], [0.9640636079053452, 0.03527266780797938, 0.00019618901399986077, 0.0004675352726753732], [0.10862953478948001, 0.06664210422232769, 9.0048845605903e-05, 0.8246383121425864], [0.04551564558945877, 0.8474740111937399, 0.09434725440750504, 0.01266308880929626], [0.018837476398804908, 8.916504486355224e-05, 0.00012397412609271846, 0.9809493844302387], [3.93804937241691e-05, 0.0003279720009263851, 0.0008533977934747938, 0.9987792497118747], [0.0011548470370948772, 0.6040723545964204, 0.18694979079582083, 0.20782300757066383], [0.9990893537301868, 3.5693908993706976e-09, 0.0007272126113700593, 0.00018343008905217384], [0.00012672347324244732, 0.0004043358693964578, 1.1057984619310394e-05, 0.9994578826727417], [0.12510452484170265, 0.010922899629945576, 0.0004354045403277234, 0.8635371709880241], [0.15480443206779668, 0.5783815795698221, 0.1244160802797546, 0.14239790808262673], [0.15762480544021373, 0.24135208869580566, 6.355920645334871e-05, 0.6009595466575272], [0.7114741607526711, 0.0008225492076855504, 0.0017787719242453358, 0.2859245181153979], [0.012488276834481754, 0.014600619555046749, 0.2629445514311844, 0.7099665521792871], [0.0008164298155745196, 0.8739271561376024, 0.12416694916737372, 0.0010894648794493042], [0.9979254661618945, 5.179384999925897e-06, 1.1035756639301142e-06, 0.002068250877441381], [5.313973029473839e-05, 0.0006526149006243263, 1.973219888816774e-06, 0.9992922721491921], [0.2394310357281923, 0.0005209368234902978, 0.0015606393632540765, 0.7584873880850632], [0.7810931553889461, 0.002601499764659485, 0.01130731534729736, 0.20499802949909718], [0.022569899948696594, 0.15049321465497245, 8.31977022664342e-05, 0.8268536876940646], [1.6981959621956895e-05, 0.6797002688056649, 0.29190321672999875, 0.02837953250471434], [0.0016453951627934812, 0.9889484583813363, 0.0069887223239501915, 0.002417424131920011], [0.027025039959028947, 0.9707421845793388, 0.0008947626430414785, 0.0013380128185908854], [0.0006575887241192308, 0.015223101166679664, 0.00012475572835393223, 0.9839945543808473], [0.252341134911409, 0.26818510208065993, 0.0038384439936545002, 0.4756353190142765], [0.02165788214861626, 0.0031446838452063113, 0.6206043711988686, 0.35459306280730896], [0.009869616900453146, 0.006981927895598536, 0.2040295210823708, 0.7791189341215775], [0.02359768873637694, 0.006547541510037064, 0.3716169244434662, 0.5982378453101198], [0.2697013219632675, 0.003725420079631011, 0.001398000775768277, 0.7251752571813331], [0.9210537539618122, 0.07652026929073685, 3.086008143036579e-05, 0.0023951166660205483], [0.9790972349462854, 0.010906333379800294, 6.96214807225234e-05, 0.009926810193191707], [0.8697045806136742, 1.4341671995599275e-05, 9.220665139883933e-06, 0.13027185704919028], [0.00018901241222641672, 0.9997424608810068, 2.4305399285884767e-05, 4.4221307480937436e-05], [0.023695737749979, 0.23073845885391078, 0.010950305490249194, 0.734615497905861], [6.85451448277339e-05, 0.9802239007858617, 0.0009602368584613611, 0.01874731721084933], [0.6375071224312113, 0.0039009592290589878, 0.13616684571209478, 0.22242507262763497], [0.0007311421148695933, 0.024454011194927145, 0.18925241323975706, 0.7855624334504462]]}}