{"test": {"ids": ["107121540", "109121351", "109119010", "112117471", "100111080", "99116500", "107115250", "107115140", "108115500", "108118060", "106114280", "111119430", "111116040", "111119930", "110119300", "99112840", "113119360", "98107010", "98106680", "103117200", "113118820", "98112580", "105110251", "97112290", "97111790", "110116501", "104114320", "109117431", "111119580", "110114651", "109115070", "109116040", "113117401", "107121700", "99109141", "110118121", "113120070", "98109090", "105110091", "111114121", "113118490", "106117790", "104113380", "108116120", "98106111", "103110220", "110121140", "111120531", "102110500", "97106820", "103120730", "111116100", "105119550", "104116800", "111116750", "98110810", "110114950", "107116980", "109117600", "106115250", "100109801", "113122320", "113121010", "111117200", "112119450", "110120540", "99109860", "101108460", "99112641", "102121440", "101112540", "101110200", "105113440", "99117630", "105113620", "105115250", "110118880", "106119580", "113119700", "108114180", "98112300", "104111830", "111120190", "112119580", "108115870", "102118380", "113118690", "107114110", "105113260", "101110740", "110121720", "109119591", "112119930", "101112690", "111120640", "107114140", "97106591", "113122170", "109117730", "98109570", "104111531", "106114321", "101108370", "113118870", "100113210", "100113370", "102110050", "112117461", "100108260", "112117790", "112116880", "108118301", "101108580", "111121410", "98110710", "106118820", "98112170", "108119550", "104111780", "113122180", "106116820", "111116990", "103111170", "108119330", "103109791", "100110050", "108115250", "111118820", "105112100", "105120280", "97105451", "104113190", "112118620", "107114621", "111120220", "108116070", "99108460", "113122230", "102117351", "105120621", "113122430", "113120540"], "labels": [2, 0, 3, 3, 0, 2, 2, 0, 3, 1, 3, 3, 0, 1, 1, 2, 0, 3, 1, 0, 0, 2, 0, 1, 2, 3, 2, 1, 3, 3, 0, 0, 3, 3, 3, 3, 2, 1, 0, 0, 1, 1, 1, 1, 0, 2, 3, 0, 3, 1, 1, 3, 1, 1, 3, 1, 0, 3, 1, 2, 0, 1, 2, 0, 3, 1, 2, 0, 1, 2, 2, 2, 0, 3, 0, 2, 0, 3, 0, 1, 2, 3, 3, 3, 3, 1, 3, 1, 3, 3, 3, 0, 1, 1, 0, 2, 1, 1, 3, 1, 0, 2, 1, 0, 0, 3, 3, 0, 3, 3, 0, 1, 0, 0, 2, 3, 3, 1, 3, 2, 1, 0, 2, 0, 3, 3, 1, 0, 1, 3, 0, 3, 3, 0, 3, 1, 0, 1, 1, 1, 2, 3], "predicted_labels": [1, 0, 1, 1, 1, 3, 1, 3, 3, 3, 3, 1, 3, 1, 1, 1, 3, 3, 3, 1, 3, 1, 1, 1, 0, 1, 1, 1, 3, 3, 1, 3, 0, 3, 0, 1, 1, 0, 1, 1, 3, 3, 1, 3, 1, 1, 3, 1, 3, 0, 1, 1, 1, 3, 3, 1, 1, 1, 3, 1, 1, 1, 1, 3, 3, 1, 1, 3, 1, 1, 1, 1, 1, 3, 1, 1, 3, 2, 1, 1, 0, 1, 3, 3, 3, 1, 3, 3, 1, 1, 1, 1, 1, 1, 1, 1, 1, 3, 1, 1, 1, 0, 0, 1, 3, 1, 1, 1, 1, 1, 1, 1, 3, 1, 2, 1, 3, 1, 1, 1, 3, 3, 1, 1, 3, 1, 3, 1, 3, 1, 1, 1, 3, 0, 1, 3, 1, 1, 1, 0, 1, 1], "confidence_scores": [[0.23420872819990463, 0.2727263912558032, 0.23292515360456537, 0.26013972693972703], [0.3164496114996114, 0.252265750915751, 0.15144844599844604, 0.2798361915861918], [0.17671026751026753, 0.31950684870684853, 0.2056721361971362, 0.2981107475857477], [0.2593010517260518, 0.2999312558786243, 0.16493662705543524, 0.27583106533988894], [0.2035739490901256, 0.3371900876900878, 0.20392156732156738, 0.2553143958982197], [0.1973008380508381, 0.26789495226995236, 0.25770492840492865, 0.27709928127428146], [0.21397768897768912, 0.3470689338439339, 0.18993448495948498, 0.24901889221889217], [0.24291197968697975, 0.21803568653568672, 0.19976187146187152, 0.33929046231546234], [0.226547227772228, 0.2541918969918972, 0.24333100151482498, 0.2759298737210504], [0.22743660228660229, 0.26786925019425034, 0.165931845931846, 0.3387623015873015], [0.24424165834165854, 0.2719598734598736, 0.2047375513375515, 0.27906091686091705], [0.2497339327339329, 0.3103205100455101, 0.18322705072705095, 0.2567185064935066], [0.2660058386058389, 0.2755436979686981, 0.1443089216339217, 0.31414154179154186], [0.23998992118992132, 0.27979605394605395, 0.21869844044844036, 0.26151558441558453], [0.2637921356421358, 0.30130584219701867, 0.2090548118548119, 0.22584721030603397], [0.25500271950271963, 0.26863891108891114, 0.2101593267843268, 0.2661990426240426], [0.2661566691478455, 0.2568225434696024, 0.17154686522627707, 0.3054739221562751], [0.28078096348096343, 0.264358073505442, 0.16460633985897152, 0.29025462315462325], [0.22182863247863255, 0.2503963768687455, 0.25492966755466767, 0.2728453230979546], [0.19597914862914864, 0.3731215673215671, 0.18986882202764566, 0.2410304620216386], [0.2584758963258964, 0.28901707181707165, 0.14774580419580427, 0.3047612276612276], [0.21463684926184942, 0.3110863220113221, 0.22000200632700653, 0.2542748223998224], [0.27751879231879256, 0.2802977408212703, 0.16392533022533037, 0.2782581366346073], [0.2378231601731602, 0.2750657314907315, 0.24732151459651483, 0.23978959373959396], [0.29736250416250415, 0.2836064935064936, 0.15002927072927078, 0.2690017316017317], [0.2538153679653681, 0.3203697691197691, 0.13335926295926295, 0.29245559995560005], [0.20878624904507273, 0.27140282854400516, 0.2555462981462981, 0.2642646242646242], [0.2494037573537575, 0.3292757797757798, 0.15470192030192034, 0.26661854256854256], [0.2864428016428017, 0.26538692418692433, 0.1482906371406372, 0.299879637029637], [0.2848589299589299, 0.2189290792540793, 0.1544880286380287, 0.3417239621489623], [0.22571689976689982, 0.30325781995782, 0.21552308802308806, 0.25550219225219234], [0.23760526695526699, 0.2885849012099013, 0.17715533078033088, 0.29665450105450103], [0.3114755910755911, 0.2881431845931846, 0.13976751026751036, 0.26061371406371414], [0.17673518148518153, 0.2946957552681237, 0.2316831325107641, 0.29688593073593084], [0.31492812538338844, 0.23492124746598453, 0.16219642742878046, 0.2879541997218467], [0.22259891774891793, 0.3504768620268618, 0.13385381840381844, 0.29307040182040184], [0.20043249601275917, 0.3396952651150019, 0.16042464757464764, 0.29944759129759124], [0.28394428904428903, 0.25909294039294034, 0.18442493780729075, 0.27253783275547966], [0.25316439948939956, 0.32277404539904536, 0.13371611166611172, 0.2903454434454435], [0.26057702297702307, 0.32031147463647447, 0.1257645465645466, 0.29334695582195586], [0.24391758519258544, 0.2620505851991146, 0.21320102479220132, 0.2808308048160989], [0.20128945221445227, 0.26090341150078, 0.25821874791874805, 0.2795883883660199], [0.2002058941058941, 0.3028003682591919, 0.19755633353574545, 0.2994374040991687], [0.2853641830391831, 0.23704264901764902, 0.17176494893994898, 0.3058282190032191], [0.2325353979353979, 0.2761115856365858, 0.22659618992119002, 0.26475682650682675], [0.22041953251426935, 0.2925650995203626, 0.21972961287078946, 0.26728575509457864], [0.2636132645132648, 0.2668699467199468, 0.18975941835941845, 0.2797573704073707], [0.2604643689643692, 0.3124706571206569, 0.12719226884226892, 0.2998727050727051], [0.2641511979850216, 0.25226864050981707, 0.17756590631590638, 0.3060142551892553], [0.2893698551448553, 0.26570384615384623, 0.1667892857142858, 0.27813701298701293], [0.2546855561105562, 0.3030711177711178, 0.1903909923409924, 0.2518523337773338], [0.2361008789456158, 0.29628185703185683, 0.18787176157176158, 0.27974550245076585], [0.21009417599943933, 0.3112753128450497, 0.19867483349983348, 0.2799556776556776], [0.22844989454989462, 0.28404080364080375, 0.1950254301254301, 0.2924838716838718], [0.2861779304029305, 0.22715087135087128, 0.1633079420579422, 0.32336325618825623], [0.20469164169164183, 0.28833208735708726, 0.23655436230436233, 0.2704219086469086], [0.21457369297369314, 0.2796230241980242, 0.2287473637473638, 0.27705591908091926], [0.24720002220002227, 0.3079278416028416, 0.16364961704961714, 0.281222519147519], [0.24484262199788517, 0.24552086831297368, 0.22623610290638174, 0.2834004067827598], [0.2743992265904031, 0.2799585032614445, 0.20873506036447226, 0.23690720978368046], [0.2292916444666445, 0.3205725496725496, 0.14202227772227782, 0.30811352813852805], [0.25237099771573474, 0.2902356199356199, 0.19378336663336673, 0.26361001571527903], [0.23215822902587632, 0.3051246825070355, 0.20845156510156532, 0.25426552336552344], [0.2606157030104398, 0.2779038052590683, 0.15057842712842717, 0.31090206460206476], [0.26900836108336107, 0.28745202020202026, 0.15257782217782218, 0.29096179653679666], [0.18922455526929216, 0.3135654179154178, 0.23872488622488633, 0.25848514059040395], [0.21263765678765692, 0.3564684482184479, 0.20949342046842043, 0.22140047452547454], [0.26484700299700326, 0.2458422327672329, 0.20054143634143634, 0.2887693278943278], [0.2576663503163505, 0.28545067155067155, 0.18910260850260854, 0.2677803696303698], [0.24015930735930743, 0.2828426184926185, 0.19536303696303703, 0.28163503718503724], [0.16865190087690093, 0.3203820565055858, 0.21285624930624933, 0.298109793311264], [0.2105346118793489, 0.3052553835053836, 0.226653681406313, 0.25755632320895483], [0.234161423956161, 0.3098840177366493, 0.1805207310233627, 0.2754338272838273], [0.22751687756687772, 0.26275427905427917, 0.23801655011655007, 0.27171229326229324], [0.20899681266445974, 0.306744241542771, 0.2634857142857144, 0.22077323150705525], [0.21615471195471206, 0.30258997113997105, 0.22643410674293035, 0.2548212101623868], [0.22059215784215777, 0.2985974025974027, 0.1558269341769343, 0.3249835053835053], [0.21359350094350105, 0.27969264624264634, 0.2803319605231372, 0.22638189229071584], [0.2472507104007103, 0.32037007816744645, 0.1685452658452659, 0.2638339455865772], [0.18986423196686364, 0.3281740981240981, 0.2271044465768151, 0.2548572233322235], [0.3125212426462427, 0.21096017201752512, 0.19081456125573792, 0.28570402408049467], [0.18536234496497664, 0.3325880952380951, 0.19621350696087536, 0.285836052836053], [0.22136105169340486, 0.2942383972236913, 0.17462607882313777, 0.30977447225976623], [0.2755726273726273, 0.2622835220335222, 0.17603019758019775, 0.286113653013653], [0.24954664224664222, 0.24171117493617506, 0.19627065712065714, 0.3124715256965258], [0.20809656454656458, 0.301346312021312, 0.22717343489843494, 0.2633836885336885], [0.19564490313607966, 0.28988162980810017, 0.20363948828948833, 0.3108339787663316], [0.23608167388167406, 0.24803117438117453, 0.22270607725607736, 0.29318107448107444], [0.27664942279942284, 0.27985429292929287, 0.17607661505161515, 0.26741966921966936], [0.1709218769792299, 0.2859909812409812, 0.2621464421199715, 0.2809406996598173], [0.23211161616161619, 0.3083591963591963, 0.15578504273504282, 0.30374414474414463], [0.25532678432678446, 0.3041181707181704, 0.15207220557220558, 0.2884828393828396], [0.2343744192941561, 0.28407315739815764, 0.23033222888222893, 0.25122019442545773], [0.20925134310134313, 0.30170607448107467, 0.20690440947940963, 0.28213817293817306], [0.2585074203574204, 0.2772395604395604, 0.19840577755577743, 0.26584724164724194], [0.20196054150527845, 0.301271242483007, 0.20899808655396898, 0.2877701294577455], [0.26315993173493196, 0.3062298174048174, 0.18474809357309355, 0.24586215728715746], [0.19083898601398616, 0.2768458818958819, 0.248797166722167, 0.2835179653679654], [0.19751292873792886, 0.33166828890064204, 0.1762037581699347, 0.29461502419149477], [0.26881722999223, 0.2897700965700966, 0.163596028971029, 0.2778166444666446], [0.23440400432900443, 0.3457233266733266, 0.13022665945165948, 0.28964600954600944], [0.285395594601477, 0.27552016872016877, 0.17825094044242662, 0.26083329623592805], [0.28310591630591625, 0.2710954656454657, 0.1631245310245311, 0.2826740870240871], [0.2256568487068487, 0.2942895142868827, 0.18992469095232264, 0.29012894605394607], [0.17967630404511223, 0.2827373740638449, 0.2381667065390749, 0.2994196153519685], [0.19865403681286037, 0.3054844247256013, 0.23094136974136978, 0.2649201687201687], [0.2175410735463367, 0.3126921293618663, 0.21886549839049838, 0.2509012987012989], [0.23392100122100132, 0.33999353444972646, 0.1445303694241776, 0.281555094905095], [0.2327034698961171, 0.28514898239015896, 0.2360107908431437, 0.24613675687058065], [0.257385041102688, 0.3021376012876014, 0.15239288489288497, 0.28808447271682575], [0.23035142080142085, 0.28393008658008667, 0.24697545428427792, 0.23874303833421498], [0.28580589410589424, 0.2951450920424604, 0.160005538905539, 0.2590434749461065], [0.30578672438672444, 0.20116522921522934, 0.1626400692874378, 0.3304079771106087], [0.23723096348096356, 0.3072947274947276, 0.19803439893439898, 0.25743991008991024], [0.17870064380064382, 0.26390534743034744, 0.3083724997224999, 0.24902150904650905], [0.18126150793650794, 0.3044678238428239, 0.22339640359640367, 0.29087426462426486], [0.2992176446102918, 0.19535933510933515, 0.20334488175223475, 0.3020781385281385], [0.21783615551115548, 0.28094778750661126, 0.22887949827949838, 0.27233655870273527], [0.24170021645021642, 0.3283108946608946, 0.17011284271284272, 0.25987604617604615], [0.2247582972582974, 0.31291673604173614, 0.20523604173604182, 0.25708892496392505], [0.22010779939015232, 0.25746471306471325, 0.20788395166924578, 0.31454353587588874], [0.25948417693417686, 0.2778158230658231, 0.1689896880896882, 0.2937103119103117], [0.2758895472948105, 0.27989923059396754, 0.18288263403263413, 0.26132858807858816], [0.2581614385614386, 0.3058938061938062, 0.1806136122047888, 0.25533114303996673], [0.2536586913086914, 0.28237116967999326, 0.14172337662337672, 0.3222467623879389], [0.21453818958818968, 0.2965638528138526, 0.22903258408258412, 0.25986537351537364], [0.24708753468753483, 0.2665690698190699, 0.19081826784326789, 0.29552512765012756], [0.2615589782766254, 0.3060172521922522, 0.15715345487845486, 0.2752703146526676], [0.19957044622044628, 0.26722518592518607, 0.21572585192585209, 0.31747851592851584], [0.23428756994639352, 0.2746125828419947, 0.22773482726423908, 0.263365019947373], [0.25925670995671, 0.29791427008663846, 0.15498974534237694, 0.2878392746142746], [0.2207942666380748, 0.29707387612387626, 0.2123686253289194, 0.26976323190913], [0.23173743478743486, 0.29686570814806107, 0.16899226296579242, 0.302404594098712], [0.3324167464114831, 0.2573036831589465, 0.1167230103230104, 0.29355656010656017], [0.3062213564213564, 0.3102392553954475, 0.15746843136223948, 0.22607095682095701], [0.2110870712620713, 0.2769271867021868, 0.2254514707514708, 0.2865342712842716], [0.2539879306967544, 0.2973323878735643, 0.16730600510600516, 0.2813736763236764], [0.2522583111333111, 0.3111812049062048, 0.226043093018093, 0.21051739094239105], [0.29565658785658777, 0.3107786269286269, 0.149688739038739, 0.24387604617604627], [0.33026520979020985, 0.2688616966366967, 0.12951333111333116, 0.2713597624597626], [0.22471479076479092, 0.30609355921855935, 0.20005778388278397, 0.2691338661338662], [0.22998383283383297, 0.30246407481407483, 0.19366969696969702, 0.27388239538239545]]}, "rewritten": {"ids": ["97105451", "97106591", "97106820", "97111790", "97112290", "98106111", "98106680", "98107010", "98109090", "98109570", "98110710", "98110810", "98112170", "98112300", "98112580", "99108460", "99109141", "99109860", "99112641", "99112840", "99116500", "99117630", "100108260", "100109801", "100110050", "100111080", "100113210", "100113370", "101108370", "101108460", "101108580", "101110200", "101110740", "101112540", "101112690", "102110050", "102110500", "102117351", "102118380", "102121440", "103109791", "103110220", "103111170", "103117200", "103120730", "104111531", "104111780", "104111830", "104113190", "104113380", "104114320", "104116800", "105110091", "105110251", "105112100", "105113260", "105113440", "105113620", "105115250", "105119550", "105120280", "105120621", "106114280", "106114321", "106115250", "106116820", "106117790", "106118820", "106119580", "107114110", "107114140", "107114621", "107115140", "107115250", "107116980", "107121540", "107121700", "108114180", "108115250", "108115500", "108115870", "108116070", "108116120", "108118060", "108118301", "108119330", "108119550", "109115070", "109116040", "109117431", "109117600", "109117730", "109119010", "109119591", "109121351", "110114651", "110114950", "110116501", "110118121", "110118880", "110119300", "110120540", "110121140", "110121720", "111114121", "111116040", "111116100", "111116750", "111116990", "111117200", "111118820", "111119430", "111119580", "111119930", "111120190", "111120220", "111120531", "111120640", "111121410", "112116880", "112117461", "112117471", "112117790", "112118620", "112119450", "112119580", "112119930", "113117401", "113118490", "113118690", "113118820", "113118870", "113119360", "113119700", "113120070", "113120540", "113121010", "113122170", "113122180", "113122230", "113122320", "113122430"], "labels": [0, 1, 1, 2, 1, 0, 1, 3, 1, 1, 2, 1, 3, 2, 2, 0, 3, 2, 1, 2, 2, 3, 3, 0, 3, 0, 0, 3, 1, 0, 0, 2, 3, 2, 1, 3, 3, 1, 1, 2, 3, 2, 2, 0, 1, 0, 3, 3, 3, 1, 2, 1, 0, 0, 1, 3, 0, 0, 2, 1, 3, 1, 3, 2, 2, 1, 1, 3, 3, 1, 2, 0, 0, 2, 3, 2, 3, 1, 1, 3, 3, 1, 1, 1, 1, 0, 1, 0, 0, 1, 1, 3, 3, 0, 0, 3, 0, 3, 3, 0, 1, 1, 3, 3, 0, 0, 3, 3, 0, 0, 0, 3, 3, 1, 3, 3, 0, 0, 0, 0, 0, 3, 3, 3, 3, 3, 1, 3, 1, 3, 0, 0, 0, 0, 2, 3, 2, 1, 2, 1, 1, 2], "predicted_labels": [0, 1, 1, 3, 1, 0, 1, 0, 1, 1, 1, 1, 3, 0, 3, 3, 0, 1, 1, 1, 3, 3, 3, 0, 1, 1, 3, 3, 0, 1, 3, 3, 1, 3, 3, 1, 0, 0, 1, 1, 0, 3, 1, 1, 1, 1, 1, 0, 1, 1, 1, 3, 3, 0, 3, 3, 0, 1, 3, 1, 1, 3, 3, 0, 1, 1, 1, 1, 2, 3, 1, 0, 3, 1, 3, 1, 1, 1, 1, 1, 3, 1, 3, 3, 3, 3, 3, 1, 3, 3, 3, 3, 3, 1, 3, 3, 3, 0, 1, 1, 0, 1, 1, 1, 1, 3, 3, 3, 3, 3, 1, 3, 3, 3, 3, 1, 1, 3, 1, 1, 1, 1, 3, 1, 3, 3, 1, 0, 3, 3, 1, 1, 3, 1, 1, 0, 3, 1, 3, 1, 1, 1], "confidence_scores": [[0.31336208791208786, 0.26971044511044523, 0.11996443176706334, 0.2969630352104036], [0.27317965115379983, 0.3134220963247278, 0.13612413501531156, 0.2772741175061608], [0.19862660117660133, 0.32311908646908655, 0.2136493839493841, 0.26460492840492844], [0.24550161325602507, 0.2681469974469975, 0.21076425323043, 0.2755871360665479], [0.2522568222627049, 0.27315025530025516, 0.2018938714879892, 0.272699050949051], [0.30070478132978146, 0.285907092907093, 0.1547567876567878, 0.2586313381063383], [0.22342175602175607, 0.28113610833610836, 0.2443543973570292, 0.25108773828510683], [0.27594837384837395, 0.2618685249391132, 0.19304907445495686, 0.2691340267575561], [0.25471544011544023, 0.29911310911310895, 0.20693367188367193, 0.23923777888777895], [0.262105600935013, 0.28137909867909866, 0.17557513679131326, 0.28094016359457535], [0.19370143467643464, 0.3209350815850814, 0.25197115939615944, 0.23339232434232438], [0.2471497716335952, 0.29798780108780104, 0.23377309438927088, 0.22108933288933302], [0.2619614496614497, 0.2059827708239474, 0.20001655011655017, 0.3320392293980526], [0.3202442279942282, 0.22828280608280618, 0.1715127317127318, 0.27996023421023436], [0.21801313327195695, 0.2904552447552449, 0.2001084451496216, 0.291423176823177], [0.23292755577755603, 0.2896970085470087, 0.1591910422910424, 0.3181843933843932], [0.35354293859735036, 0.21483898323898332, 0.0977556701468467, 0.3338624080168199], [0.22631523476523485, 0.3777135531135528, 0.17490799200799212, 0.2210632201132203], [0.27358244255744246, 0.2921263514263514, 0.14247090409590418, 0.291820301920302], [0.24626822344322355, 0.2837646603396604, 0.1886444710518242, 0.2813226451652924], [0.21066190855927702, 0.25900932955932965, 0.2269008842035159, 0.30342787767787777], [0.2609597374847377, 0.2654542457542457, 0.19133401598401595, 0.28225200077700086], [0.24049871909136614, 0.27058317793317793, 0.20228739675357318, 0.28663070622188297], [0.2997564935064936, 0.287885884583253, 0.11962602850366011, 0.2927315934065935], [0.21097755300255305, 0.34777998031380397, 0.18400489510489532, 0.2572375715787482], [0.24899910367410374, 0.3456015484515483, 0.1683941502941503, 0.23700519758019764], [0.24514641469641474, 0.2657667554667556, 0.19524789202026055, 0.2938389378165695], [0.20700280830280834, 0.2700520313020315, 0.23055981240981244, 0.29238534798534793], [0.34000828060828053, 0.24996128871128886, 0.12318464868464882, 0.2868457819957821], [0.26878886113886113, 0.2882475720358076, 0.17363639660992614, 0.2693271702154055], [0.3020856938383253, 0.2200077977577979, 0.1703798101021785, 0.30752669830169826], [0.21728614163614182, 0.2746757964257963, 0.214158275058275, 0.2938797868797869], [0.22108058608058628, 0.27546211011211014, 0.23677771395271405, 0.2666795898545898], [0.25678346930846935, 0.24947013542013569, 0.21130148462648454, 0.2824449106449108], [0.20249833499833525, 0.27634673659673664, 0.24244062604062594, 0.27871430236430245], [0.21542844377844386, 0.28453088023087997, 0.22193909587144894, 0.2781015801192272], [0.3368498196248194, 0.19759548229548238, 0.15761946664446672, 0.30793523143523144], [0.3371579531579532, 0.28178155178155195, 0.12935241425241426, 0.2517080808080809], [0.19484618437118448, 0.3347027028527028, 0.19520676823176844, 0.2752443445443446], [0.2735726626314863, 0.2804733044733043, 0.20068272087389735, 0.24527131202131228], [0.31359879103524596, 0.2691272810522812, 0.14606325145442806, 0.271210676458045], [0.2009178044178045, 0.25750264735264744, 0.23982927627927636, 0.3017502719502719], [0.23950357420357443, 0.2828207070707071, 0.19833373293373308, 0.2793419857919858], [0.17736200629435928, 0.34830805860805875, 0.22168875405640123, 0.2526411810411812], [0.27095485698512034, 0.29245973120446783, 0.18181315351315358, 0.25477225829725836], [0.24484851435114593, 0.3148322233322231, 0.16570752580752585, 0.27461173650910503], [0.2297732101232103, 0.30141795149295164, 0.1890202741702742, 0.27978856421356424], [0.2842367743367745, 0.27272669552669554, 0.16228572701808, 0.2807508031184503], [0.22575006105006118, 0.3694882996088878, 0.13949037367860906, 0.26527126566244214], [0.22693289488289514, 0.29898542291042296, 0.1853722582972584, 0.288709423909424], [0.20667990620490637, 0.29065004995005017, 0.2386804121918673, 0.2639896316531766], [0.2602566054860174, 0.27531314796314804, 0.17538378092495754, 0.2890464656258775], [0.292648873185638, 0.27315130804867643, 0.12255286310696537, 0.3116469556587205], [0.3020885975135976, 0.28381227383727403, 0.16263374125874142, 0.25146538739038743], [0.2949567987567987, 0.21512797202797201, 0.1739297313797315, 0.31598549783549806], [0.26426825396825404, 0.277510067710068, 0.17226717787716248, 0.285954500444516], [0.2963493138440506, 0.24985866706393037, 0.17453354700854706, 0.2792584720834722], [0.20389330669330688, 0.31017143216260873, 0.23316913086913096, 0.2527661302749538], [0.24618855588855595, 0.24072652347652354, 0.222704156954157, 0.29038076368076354], [0.22126174658674674, 0.2928504606504607, 0.20205470085470104, 0.2838330919080919], [0.2355138215585584, 0.3048395843922157, 0.207774558774559, 0.25187203527466706], [0.2916398618924935, 0.2522943463828914, 0.13275510600510607, 0.3233106857195093], [0.2573432456432458, 0.2561596958596959, 0.20104918969918983, 0.28544786879786904], [0.30937878787878786, 0.23695567765567774, 0.14648912198912195, 0.3071764124764126], [0.24221876179376187, 0.32291176046176046, 0.19336055056055063, 0.24150892718392744], [0.259770881165618, 0.2711448447751079, 0.20587658730158725, 0.2632076867576868], [0.23715307192807197, 0.28670705785442646, 0.2149106449106451, 0.261229225306857], [0.2545079143079143, 0.2970244755244757, 0.18511128316128317, 0.26335632700632705], [0.20711911976911987, 0.2675352777941014, 0.2854223110223112, 0.23992329141446792], [0.2409681762681764, 0.24153966033966048, 0.19357770007770014, 0.32391446331446333], [0.23212494727494726, 0.27961869862163985, 0.21311876228346835, 0.2751375918199448], [0.3228950216450217, 0.26184506882006897, 0.134331240981241, 0.28092866855366866], [0.30533515373515374, 0.19102590742590747, 0.170882697857698, 0.3327562409812412], [0.2317048035298036, 0.30246371128871136, 0.1982716616716617, 0.26755982350982344], [0.23124650904650915, 0.2762797424797425, 0.18811318681318703, 0.3043605616605615], [0.25163121323121324, 0.2655483127983129, 0.21753381618381631, 0.2652866577866579], [0.20818222333222336, 0.30327788600288597, 0.20206954434454433, 0.2864703463203463], [0.21355586080586086, 0.2832639610389611, 0.2720286047286047, 0.23115157342657353], [0.20978117715617725, 0.30301616716616714, 0.2002171734698052, 0.28698548220785064], [0.21233251193251212, 0.2771751581751583, 0.26604336219336233, 0.24444896769896787], [0.2447862304362306, 0.21189873737373757, 0.2020703352203354, 0.3412446969696973], [0.24813489761872126, 0.2826974450386214, 0.19701270755388411, 0.27215494978877336], [0.25080995393495403, 0.2624564796314796, 0.15735274170274172, 0.3293808247308247], [0.2417043401043402, 0.24358742368742373, 0.20364660894660908, 0.3110616272616273], [0.272767065450889, 0.24669416519153387, 0.19909002468120118, 0.2814487446763766], [0.2581934482184483, 0.2601761465658525, 0.19178601202718867, 0.28984439318851096], [0.22681132478632474, 0.2621492895992898, 0.21001064768564787, 0.30102873792873813], [0.23663613216848525, 0.28931386391386404, 0.2173037707390649, 0.2567462331785862], [0.22598565878565893, 0.25756855644355664, 0.18584234099234112, 0.33060344377844353], [0.2734651959151959, 0.2648556610056611, 0.15093160728160737, 0.3107475357975359], [0.21666936951936963, 0.24576836774336785, 0.2570050607888844, 0.2805572019483784], [0.24444787989787986, 0.24892536075036084, 0.20174510767010778, 0.3048816516816518], [0.1914122932622934, 0.29430702353202365, 0.2120862498612498, 0.3021944333444333], [0.27127073759573783, 0.32496117297734917, 0.12876834276834276, 0.27499974665857], [0.30123950289476614, 0.2412319922767291, 0.13969273504273513, 0.3178357697857698], [0.25119659238250575, 0.2860580162871187, 0.1596850554674084, 0.30306033586296766], [0.23808415914151215, 0.2595892440892441, 0.20157808241809796, 0.30074851435114586], [0.3114721001221002, 0.2664796925296924, 0.1366531191031192, 0.2853950882450885], [0.22919937562437573, 0.33785696819520306, 0.14982236342089283, 0.28312129275952835], [0.2563514374514374, 0.31649329559329575, 0.14837792207792216, 0.27877734487734507], [0.2923132534132534, 0.28293887501387494, 0.17300334665334674, 0.2517445249195251], [0.2078455766455768, 0.3132750971250973, 0.21023735153735168, 0.26864197469197454], [0.2207876678876679, 0.30107019647019645, 0.2129872211122211, 0.26515491452991474], [0.21859075924075935, 0.3542758436008436, 0.16979563492063496, 0.2573377622377624], [0.2716802521008404, 0.2946766666340195, 0.1415376445449976, 0.29210543672014255], [0.27213035298035315, 0.27483416305916314, 0.16965145132645143, 0.2833840326340326], [0.2536468578806814, 0.26689992229992243, 0.1854164224664226, 0.2940367973529739], [0.2180829004329005, 0.283457697857698, 0.1721829004329006, 0.32627650127650143], [0.24674348984348993, 0.26410466200466204, 0.16898482073482077, 0.3201670274170274], [0.27863197913197907, 0.22256031746031768, 0.19770739260739256, 0.3011003108003109], [0.2578453696630168, 0.2904760830672597, 0.17971106001841305, 0.27196748725131087], [0.24504902874902892, 0.2806841047841048, 0.17482463924963948, 0.2994422272172272], [0.2916514097014097, 0.2502650385562151, 0.16429189144189157, 0.2937916603004838], [0.2464686036186037, 0.2538348040848042, 0.23360989288489303, 0.26608669941169955], [0.25478103563103577, 0.23798150183150188, 0.18776793761793775, 0.3194695249195249], [0.2921123598623598, 0.29422344877344886, 0.17838927738927754, 0.23527491397491399], [0.26860032467532463, 0.2832291910703678, 0.1822548340548341, 0.265915650199474], [0.2576500471750472, 0.27928115773115764, 0.15274443056943054, 0.31032436452436446], [0.2772893312569783, 0.30424978909978917, 0.14941372124607438, 0.26904715839715854], [0.20465088800088815, 0.3066278166278166, 0.24395288045288058, 0.24476841491841497], [0.2690507131757133, 0.33938519813519796, 0.1090634948384949, 0.28250059385059384], [0.2804514763014762, 0.3211982794982794, 0.1297798237710003, 0.26857042042924417], [0.30067011322011317, 0.22998622847740513, 0.1389455905205906, 0.330398067781891], [0.20579384145266505, 0.33534712509712505, 0.13993440807558466, 0.3189246253746255], [0.3068139305139304, 0.25326550671550685, 0.13301285936285945, 0.30690770340770346], [0.27474731934731944, 0.2351435647685649, 0.2039887223887224, 0.28612039349539353], [0.21181588411588423, 0.2955484792984794, 0.2146184232434233, 0.27801721334221335], [0.30458303363303363, 0.27271033966033964, 0.12476220054455345, 0.2979444261620731], [0.25018807858807857, 0.2232618048618049, 0.20031188256188254, 0.3262382339882338], [0.20365041625041647, 0.2776478368466757, 0.2288362812024577, 0.2898654657004503], [0.27569801375095515, 0.3077825227060521, 0.14529685869685874, 0.27122260484613425], [0.2505890664890666, 0.31151657415511885, 0.1710705700732016, 0.26682378928261286], [0.2866472721722722, 0.22282306027306042, 0.18743934953934965, 0.3030903180153181], [0.19350657953157965, 0.3276955526929212, 0.23040955433455437, 0.24838831344094497], [0.2373628676878678, 0.3296727355977356, 0.15982497779997798, 0.27313941891441895], [0.27987594905094904, 0.27274962259962277, 0.19175612720612725, 0.25561830114330114], [0.23137108447108445, 0.28582994032111664, 0.19560471750471756, 0.2871942577030813], [0.213397657897658, 0.30556933621933646, 0.2132338125926363, 0.26779919329036983], [0.2452602917550287, 0.26694901005427335, 0.1927408757908758, 0.2950498223998225], [0.21232720890220905, 0.27940980130980125, 0.25901601731601737, 0.2492469724719726], [0.2584413308913309, 0.29439165279165297, 0.18949755603873258, 0.2576694602782839], [0.2003123570873572, 0.32932659562659566, 0.22837018537018544, 0.24199086191586192]]}}