{"test": {"ids": ["107121640", "105112100", "107118820", "113119450", "100108990", "111121190", "108117720", "98108150", "108115250", "108117360", "113120601", "112120640", "100113370", "113119340", "101113210", "109113881", "113120780", "110121720", "107114280", "110118301", "100111380", "111116110", "109117271", "112119500", "110117500", "105112130", "113122510", "111119150", "108115500", "99109161", "108116120", "105120621", "102108621", "108117610", "107118490", "97116800", "111121220", "105113190", "108121351", "97107920", "109113931", "109114220", "98120010", "100120010", "113121190", "104114320", "105112240", "108113740", "103120780", "105113440", "110116441", "106118161", "110116501", "107119130", "104118340", "111116640", "102110050", "112117461", "109117600", "99112531", "111120190", "107116501", "102107961", "111116990", "111121930", "111116010", "100111620", "111120220", "105118171", "108120700", "113120830", "108114270", "108114180", "105115720", "101111620", "98106111", "107121700", "100116790", "106116120", "112120670", "106118301", "99107640", "110118880", "106114280", "102117351", "110120700", "99111340", "113120640", "113118231", "113117550", "104116800", "109116040", "109115211", "113121750", "111120320", "103113260", "105119550", "111119340", "103113210", "106116640", "112118530", "110120640", "113118490", "111116750", "112116880", "102113210", "97109570", "101108121", "106114011", "99111930", "99113260", "101110150", "99108460", "103120290", "107117630", "107121230", "99108310", "110116290", "113121010", "97112170", "109120150", "112116451", "97105451", "99107950", "97107260", "113120260", "97106820", "104113550", "99120010", "101116130", "108120060", "99110730", "103111540", "100120780", "109114030", "101108370", "113120280", "110120540", "100108490", "109119010", "107120010", "101111310"], "labels": [1, 1, 3, 3, 2, 1, 1, 0, 1, 1, 2, 0, 3, 0, 3, 0, 0, 3, 3, 1, 3, 3, 0, 2, 1, 1, 2, 3, 3, 3, 1, 1, 3, 3, 2, 0, 3, 3, 3, 0, 1, 3, 2, 0, 1, 2, 1, 3, 1, 0, 3, 3, 3, 1, 2, 0, 3, 0, 1, 3, 3, 1, 3, 0, 1, 1, 3, 3, 3, 2, 3, 3, 1, 1, 3, 0, 3, 2, 1, 2, 1, 1, 0, 3, 1, 2, 1, 0, 3, 3, 1, 0, 0, 0, 1, 3, 1, 3, 3, 3, 1, 0, 1, 3, 0, 3, 0, 0, 1, 1, 0, 1, 0, 2, 0, 0, 2, 2, 2, 0, 2, 0, 0, 1, 2, 3, 1, 1, 2, 2, 1, 3, 1, 1, 1, 1, 0, 1, 2, 3, 1, 3], "predicted_labels": [2, 3, 3, 0, 1, 2, 3, 1, 0, 2, 1, 2, 3, 0, 2, 1, 0, 1, 1, 1, 0, 3, 3, 1, 0, 1, 0, 3, 1, 0, 0, 0, 0, 0, 1, 0, 1, 3, 3, 3, 0, 3, 2, 2, 1, 0, 0, 0, 1, 2, 0, 3, 3, 1, 1, 2, 2, 0, 1, 3, 1, 0, 3, 2, 0, 1, 0, 0, 1, 1, 0, 3, 3, 1, 0, 1, 3, 1, 1, 1, 0, 3, 3, 3, 3, 3, 2, 3, 0, 3, 0, 2, 3, 1, 3, 1, 1, 1, 1, 3, 1, 0, 0, 3, 1, 2, 1, 3, 1, 1, 0, 3, 1, 2, 1, 1, 3, 2, 1, 0, 2, 0, 0, 2, 2, 1, 3, 0, 2, 3, 1, 3, 3, 3, 2, 0, 0, 2, 0, 3, 1, 0], "confidence_scores": [[0.4145334114859777, 0.05270363416853683, 0.47435756009352775, 0.05840539425195769], [0.15041092430454456, 0.004118237043831488, 0.014984036328709338, 0.8304868023229146], [0.03936263200130194, 0.07404352819961939, 0.002763005484142691, 0.883830834314936], [0.8155158981154466, 0.017014502345972154, 0.010487956192429527, 0.15698164334615172], [0.011077316554990672, 0.7920062417970006, 0.01126111616128797, 0.18565532548672065], [0.0027791210053808367, 0.0030251851324208444, 0.9321230902639954, 0.06207260359820302], [0.008349536207196303, 0.008654155630426841, 0.12587220983501596, 0.8571240983273609], [0.001409201144056073, 0.9911046883403448, 0.0018271421020630044, 0.005658968413536132], [0.8372492725538777, 0.06620344322218755, 0.09631982929828733, 0.00022745492564739178], [0.00023025138582963243, 0.0017149408573548656, 0.9860004945648444, 0.012054313191971198], [0.0021027801288852435, 0.5506350154885308, 0.44684732741299193, 0.0004148769695920027], [0.016685186943174668, 0.23886266864071093, 0.42475036150204193, 0.3197017829140724], [0.006095809638974652, 0.025420327496385457, 0.013279445459515737, 0.9552044174051241], [0.9884198752922649, 0.002872546387296214, 3.824789896753906e-06, 0.008703753530542011], [0.0293555307724705, 0.043882980703364126, 0.6008123668543094, 0.3259491216698559], [0.005141535097668166, 0.9704993558453083, 0.01784990283202767, 0.006509206224996012], [0.7975571934533668, 0.015489158098731992, 7.86062783264597e-06, 0.18694578782006852], [0.003914463337703535, 0.8071415649440813, 0.14590066632917364, 0.04304330538904134], [0.15120535008680597, 0.8235801550445584, 0.024003513339486627, 0.0012109815291489656], [0.04092282333332137, 0.9575738317646381, 9.9330992187396e-06, 0.0014934118028218659], [0.9995192853333884, 0.0004705822708833201, 1.0457053512931907e-07, 1.0027825193036351e-05], [0.0005505167660437492, 4.2131723698782345e-05, 0.0007434736082518443, 0.9986638779020055], [0.2535491571701018, 0.002760178023707163, 0.006272324125378414, 0.7374183406808126], [3.8679255168661246e-05, 0.9598582134532253, 0.040093387360842385, 9.71993076361692e-06], [0.4871062084420809, 0.4814063951729145, 0.003693873543525617, 0.027793522841479047], [0.008045429154757342, 0.95364610601802, 0.000909101238109762, 0.037399363589112854], [0.6595699834579791, 0.28595262591577586, 0.05018948899303623, 0.004287901633208896], [0.018325258794596285, 0.0025002180525267583, 3.827079004443506e-05, 0.9791362523628325], [0.06575033657799921, 0.5267588324347213, 0.33457788584323317, 0.0729129451440463], [0.9999729695387404, 2.295748289526211e-05, 4.068990410439069e-06, 3.987953963221451e-09], [0.931780774137433, 0.0013002960897992913, 0.0023827866255149866, 0.06453614314725285], [0.6209009428857961, 0.00407658867108233, 1.5945064083600027e-05, 0.37500652337903806], [0.9978629308710335, 0.001379334211003916, 2.2793095353626977e-06, 0.0007554556084270306], [0.6345732831539997, 0.005265923306759256, 4.639837165440137e-05, 0.3601143951675867], [0.004102193784783737, 0.9757678514160918, 0.016465956005117053, 0.0036639987940074955], [0.8544616556506476, 0.12987093289789642, 0.014207453702999636, 0.0014599577484564205], [0.1779323459498267, 0.5213772142118734, 0.00040736844734057346, 0.3002830713909592], [0.009352102751300728, 0.018734126027682634, 0.010633534486139462, 0.9612802367348773], [0.0007526779254654084, 3.784311895134152e-05, 4.0492685959193816e-05, 0.999168986269624], [0.0986017274573968, 0.0038341087832728365, 0.0032850270360375348, 0.8942791367232928], [0.960288818542194, 0.03935087759893979, 0.0001384560284000314, 0.00022184783046640542], [0.09682477131729311, 0.0005565422814527108, 0.01577078613372954, 0.8868479002675247], [0.26684818483992434, 0.00943001495770395, 0.6732590138332225, 0.05046278636914923], [0.0008971701793666035, 0.016304657500182507, 0.9818280620436461, 0.0009701102768047565], [0.02667633473464646, 0.7423786151646112, 0.0265496306550845, 0.20439541944565773], [0.9958058417926413, 0.002471557116035805, 0.0014265160051869753, 0.00029608508613589797], [0.9876156616731826, 0.0004264765394081683, 0.010544448980862004, 0.0014134128065472883], [0.9459511425002035, 0.00988819198013057, 0.022095031354484578, 0.022065634165181147], [0.20439521148402967, 0.3878182467040047, 0.3124691136210245, 0.09531742819094124], [0.2209971818841383, 0.09589503849143663, 0.6370204941708746, 0.04608728545355053], [0.7721862629288235, 0.07836535775288336, 0.14917745312037567, 0.00027092619791738073], [0.04020618118009681, 0.02306568857631316, 0.3959267500498875, 0.5408013801937025], [0.008423098772574234, 0.009644563704668568, 4.274351833708983e-05, 0.9818895940044201], [0.0004184348849015762, 0.9981202525897845, 0.00014707854356431872, 0.001314233981749563], [0.026969107285925303, 0.9639784318854259, 0.0036949404769007553, 0.005357520351747996], [0.0187718764114627, 0.006588426352641285, 0.9746320096995938, 7.68753630208384e-06], [0.0318356451634979, 0.12357148148286917, 0.7876043370785596, 0.056988536275073484], [0.951121952588134, 0.04791518366649255, 0.00016111780532834157, 0.0008017459400449854], [0.2688135800086631, 0.6385298906602703, 0.08825212860569948, 0.004404400725367033], [0.4055804742638582, 0.02574950079883662, 0.001626686960907449, 0.5670433379763978], [0.12343457804361518, 0.7013549527768788, 0.1469098336096765, 0.028300635569829657], [0.998172832496878, 0.0014224316286093662, 1.574420902336079e-05, 0.00038899166548937323], [0.0013956462211819824, 0.05745016586499492, 0.002357443738937134, 0.9387967441748859], [0.11855948512336098, 0.2853638292423934, 0.5831982429637121, 0.01287844267053346], [0.9818072920002721, 0.006267486494413891, 0.002891841351885735, 0.009033380153428274], [3.884596283071093e-05, 0.9119331916730308, 0.08795553376496791, 7.242859917069519e-05], [0.47250026888554203, 0.21751883300693248, 0.27298441194117584, 0.03699648616634972], [0.9933093022969387, 0.006607471056531085, 1.6654848546256136e-07, 8.306009804465889e-05], [0.0031055799377247063, 0.9590329826173234, 5.730730367083753e-05, 0.037804130141280964], [0.012596511593336752, 0.9871542030844657, 4.904969882302924e-05, 0.0002002356233746186], [0.4875344381745939, 0.06988948813127586, 0.25519564987281546, 0.18738042382131487], [0.2781695974610732, 0.2656383109194224, 0.08890437689160577, 0.3672877147278986], [2.001048359412061e-05, 0.0008753017792686221, 0.0009699074480885492, 0.9981347802890488], [0.003678159389101154, 0.7211137643412908, 0.251478204832336, 0.023729871437271934], [0.8080302661619408, 1.0925192895652533e-05, 0.0004562826840750648, 0.19150252596108835], [8.437974012475259e-06, 0.9842335600844544, 0.015752319362409065, 5.682579124142517e-06], [1.2992360596569028e-05, 0.0025539721034544154, 0.008403109968479585, 0.9890299255674695], [0.14786053322447754, 0.8479571393411407, 0.004149459029170452, 3.286840521137344e-05], [0.0035124379386784754, 0.6993880722518623, 0.23251150514448832, 0.06458798466497093], [0.04984552861868586, 0.7683648560968347, 0.18127736532000216, 0.0005122499644772147], [0.9647598383133581, 0.03440727542783544, 4.54398791405579e-05, 0.0007874463796658603], [7.54430999869042e-05, 0.2878959863202772, 0.0038144414588136078, 0.7082141291209223], [0.003523994616421821, 0.00319249274966947, 2.4876122411116336e-05, 0.9932586365114976], [0.004167075779288458, 0.00047935550059227477, 0.009268766202938466, 0.9860848025171808], [0.007196249816003908, 0.03202841859116114, 0.0002474108537149548, 0.96052792073912], [0.04014571137301651, 0.20399186939581013, 0.008528933756810296, 0.7473334854743631], [3.6149417825065723e-06, 0.0005932755998256148, 0.9320703440659412, 0.06733276539245073], [0.01575329128433523, 0.263208039899403, 0.1957020638129693, 0.5253366050032924], [0.5273407230551296, 0.4589285318733497, 0.0003881870745981526, 0.01334255799692266], [0.0021091607701607955, 0.016234720616479847, 0.1590540605732543, 0.8226020580401051], [0.8311561267787666, 0.10153574464836522, 0.00045965343696303804, 0.06684847513590511], [0.16405927787440983, 0.005829113522232545, 0.46929997554794556, 0.360811633055412], [0.0030339207503987855, 0.0011365009175291136, 1.7918525878161787e-05, 0.995811659806194], [0.3014222276140239, 0.6985325167017401, 3.819394239302637e-07, 4.4873744812106076e-05], [0.007726535159991798, 0.02570645579451305, 0.003767167031698675, 0.9627998420137965], [0.00015828874080471523, 0.9973948487549418, 0.00016538748494692004, 0.0022814750193064933], [0.016982623126082085, 0.8351975940271943, 0.0023555960921606903, 0.14546418675456296], [0.03976409448951566, 0.6710982352717464, 2.809393134539819e-05, 0.28910957630739254], [0.018853623569424313, 0.7736003854209419, 0.1997878725852915, 0.007758118424342357], [0.00011537420186672438, 3.833119455870915e-09, 6.191864706113712e-06, 0.9998784301003077], [0.0001897368690378812, 0.7482337735974215, 0.25157517601235646, 1.3135211842380575e-06], [0.5225751986702984, 0.05143193557845953, 0.3010323588325261, 0.12496050691871599], [0.9053327874375257, 0.00199282439095671, 0.0800774434295701, 0.012596944741947483], [0.03623782336206565, 0.0004855473176178432, 0.033999861216289534, 0.929276768104027], [0.010911221041071508, 0.91151974829571, 0.012683609782666722, 0.06488542088055166], [0.1742168925982042, 0.023701331032520985, 0.4369945468054757, 0.36508722956379913], [0.06804653377756953, 0.907586603434386, 0.02429123556986873, 7.562721817577966e-05], [0.018713036122295097, 0.004689986597077868, 0.0018273481879598214, 0.9747696290926673], [0.0012068290598956281, 0.9974226135662881, 0.000129862590983286, 0.0012406947828329763], [1.314086226797564e-05, 0.9990977499041654, 0.0007752044753969199, 0.00011390475816970074], [0.6221089063569614, 0.09529152305991909, 0.1643144014038284, 0.11828516917929113], [9.107777824880145e-06, 0.0027399700167606935, 5.189553101683948e-05, 0.9971990266743976], [3.31116445622197e-06, 0.9980310566995552, 3.167270375260319e-07, 0.001965315408951176], [1.734801292023695e-05, 0.00018743880849198875, 0.9997677231842517, 2.748999433617625e-05], [0.07246486618966119, 0.5838420894465916, 0.32024830999742027, 0.02344473436632695], [0.0002538934764828954, 0.9878301391605568, 7.501942123662182e-05, 0.011840947941723433], [0.022442770945692317, 0.0006705137022256935, 0.0003965916324908224, 0.9764901237195911], [0.06738949728840485, 0.00020155824513924897, 0.9322864996376299, 0.00012244482882592628], [0.0010109324238702453, 0.7936616084660747, 2.2225551683014587e-05, 0.20530523355837207], [0.8293906295880237, 0.012420034913066086, 0.0027226468303785506, 0.15546668866853178], [1.7716734476074667e-05, 3.890867891449841e-05, 0.9982796937741878, 0.0016636808124215628], [0.9993633610925561, 0.00019564441905894854, 5.656612129609199e-05, 0.00038442836708889864], [0.9996697751079252, 0.00017705203510653042, 1.4069984557879475e-08, 0.00015315878698365823], [7.234390753299698e-07, 0.001519389889423559, 0.605921535388794, 0.3925583512827071], [3.974676637650524e-05, 1.4045861486010453e-05, 0.9998816309819234, 6.45763902140958e-05], [0.00027312457147885146, 0.5226749904138959, 0.02083931144088426, 0.456212573573741], [0.08617113185725066, 0.0005138974906240848, 0.06010502181901122, 0.8532099488331141], [0.9924299226163048, 0.0001408985561620287, 0.007392128978537243, 3.7049848995689984e-05], [0.001479643906356471, 0.00020301742217120175, 0.9971744548586905, 0.001142883812781903], [0.0007967461891317384, 0.00015932855352415712, 0.009458896069237471, 0.9895850291881065], [0.006501213789763129, 0.8565351280099559, 0.1369549229250883, 8.735275192640572e-06], [0.001305944446155574, 0.0009645842902131315, 0.002482674016668438, 0.9952467972469629], [0.00018731653679578315, 0.007002026442067214, 0.014220411805667162, 0.9785902452154698], [0.027097103405424296, 0.006612604030144788, 0.04392173563255346, 0.9223685569318774], [0.13850256975685535, 0.022558108187087467, 0.47178594333188795, 0.3671533787241692], [0.9995805138891914, 7.830715740460389e-05, 3.2168250097059234e-05, 0.00030901070330691463], [0.8338898216163207, 0.00020656573739765536, 0.0013055130104051836, 0.1645980996358764], [0.0725816700090292, 0.27521936348036236, 0.6500770091052336, 0.0021219574053749275], [0.6544133087503167, 0.0361799727318136, 0.001988231613243693, 0.30741848690462614], [0.009185681710645446, 0.004603952833237845, 0.06314018925776173, 0.923070176198355], [0.0010034204511982154, 0.9902420097625761, 0.0002066362307973066, 0.008547933555428294], [0.9637169701785623, 0.016273197145633526, 0.01786216875834314, 0.0021476639174611216]]}, "rewritten": {"ids": ["97105451", "97106820", "97107260", "97107920", "97109570", "97112170", "97116800", "98106111", "98108150", "98120010", "99107640", "99107950", "99108310", "99108460", "99109161", "99110730", "99111340", "99111930", "99112531", "99113260", "99120010", "100108490", "100108990", "100111380", "100111620", "100113370", "100116790", "100120010", "100120780", "101108121", "101108370", "101110150", "101111310", "101111620", "101113210", "101116130", "102107961", "102108621", "102110050", "102113210", "102117351", "103111540", "103113210", "103113260", "103120290", "103120780", "104113550", "104114320", "104116800", "104118340", "105112100", "105112130", "105112240", "105113190", "105113440", "105115720", "105118171", "105119550", "105120621", "106114011", "106114280", "106116120", "106116640", "106118161", "106118301", "107114280", "107116501", "107117630", "107118490", "107118820", "107119130", "107120010", "107121230", "107121640", "107121700", "108113740", "108114180", "108114270", "108115250", "108115500", "108116120", "108117360", "108117610", "108117720", "108120060", "108120700", "108121351", "109113881", "109113931", "109114030", "109114220", "109115211", "109116040", "109117271", "109117600", "109119010", "109120150", "110116290", "110116441", "110116501", "110117500", "110118301", "110118880", "110120540", "110120640", "110120700", "110121720", "111116010", "111116110", "111116640", "111116750", "111116990", "111119150", "111119340", "111120190", "111120220", "111120320", "111121190", "111121220", "111121930", "112116451", "112116880", "112117461", "112118530", "112119500", "112120640", "112120670", "113117550", "113118231", "113118490", "113119340", "113119450", "113120260", "113120280", "113120601", "113120640", "113120780", "113120830", "113121010", "113121190", "113121750", "113122510"], "labels": [0, 1, 2, 0, 0, 0, 0, 0, 0, 2, 1, 1, 2, 0, 3, 3, 1, 1, 3, 0, 2, 2, 2, 3, 3, 3, 2, 0, 1, 0, 1, 1, 3, 3, 3, 2, 3, 3, 3, 3, 1, 1, 3, 3, 2, 1, 1, 2, 1, 2, 1, 1, 1, 3, 0, 1, 3, 1, 1, 1, 3, 1, 3, 3, 1, 3, 1, 0, 2, 3, 1, 1, 0, 1, 3, 3, 1, 3, 1, 3, 1, 1, 3, 1, 1, 2, 3, 0, 1, 1, 3, 0, 0, 0, 1, 3, 2, 2, 3, 3, 1, 1, 0, 1, 0, 2, 3, 1, 3, 0, 3, 0, 3, 3, 3, 3, 1, 1, 3, 1, 0, 0, 0, 1, 2, 0, 2, 3, 3, 1, 0, 3, 3, 0, 2, 0, 0, 3, 2, 1, 0, 2], "predicted_labels": [0, 3, 2, 3, 0, 0, 1, 1, 1, 0, 3, 3, 3, 1, 0, 3, 2, 1, 1, 1, 2, 0, 1, 0, 3, 3, 1, 2, 3, 3, 0, 3, 0, 3, 0, 3, 3, 3, 2, 3, 3, 3, 1, 1, 2, 1, 0, 0, 0, 1, 0, 0, 0, 3, 0, 1, 3, 1, 3, 1, 1, 1, 3, 3, 0, 0, 0, 2, 1, 1, 1, 1, 3, 0, 3, 0, 3, 3, 0, 1, 0, 3, 3, 3, 1, 1, 3, 1, 0, 3, 3, 3, 3, 0, 1, 3, 2, 2, 0, 3, 0, 1, 3, 2, 2, 1, 1, 1, 3, 2, 3, 1, 3, 1, 1, 0, 3, 3, 3, 0, 0, 1, 0, 2, 1, 2, 1, 3, 1, 0, 0, 0, 3, 0, 1, 1, 0, 2, 3, 1, 0, 0], "confidence_scores": [[0.9999644258657601, 2.8005332806515372e-05, 2.5089352472570976e-09, 7.5662924981981206e-06], [0.028796174793918022, 4.862777976364912e-05, 0.006383332681237498, 0.9647718647450808], [0.0004396768483687257, 2.7766324341126383e-05, 0.9994914355710334, 4.112125625651658e-05], [0.052528312500105784, 0.015109062978530216, 0.002555228433340657, 0.9298073960880233], [0.5452490858150805, 0.3894495083563686, 0.06347241575294245, 0.0018289900756085905], [0.893753667382753, 0.006223023429358471, 0.0006606960813062441, 0.09936261310658244], [0.3758550449375795, 0.6173712134826292, 0.006345909809839315, 0.0004278317699519256], [0.0006900201835030497, 0.9750676257255196, 0.024022686964027474, 0.00021966712694979982], [6.688350357450294e-05, 0.9941390704273416, 0.0003449402457857987, 0.005449105823297901], [0.4477985576600525, 0.0917230447308507, 0.4441363840522106, 0.016342013556886074], [3.5720683025711616e-05, 0.027218590619525435, 0.0008197799879344264, 0.9719259087095145], [3.5537858722021937e-06, 0.00935843843393453, 0.27448241325567774, 0.7161555945245155], [0.09846646297070381, 0.00019943839405236528, 4.29111997614626e-05, 0.9012911874354824], [9.290132983843158e-06, 0.974206220529555, 2.5127556541343516e-07, 0.02578423806189568], [0.9980930890677746, 0.0015469179938594824, 0.0003597311829914913, 2.6175537439490236e-07], [0.006387890593853745, 0.00898214478350197, 0.048795601035646334, 0.935834363586998], [2.1301327941658617e-06, 0.000820274964845198, 0.9830014822060444, 0.016176112696316233], [0.0006164660136742493, 0.9616760350245642, 0.03758897273614322, 0.00011852622561835646], [0.20408800107468797, 0.6177548477078044, 0.003983714027360458, 0.17417343719014708], [0.26440309795899014, 0.6099203054504991, 0.08669901850519543, 0.038977578085315365], [0.002175701202568844, 0.015757126423576198, 0.9791797679348291, 0.0028874044390260036], [0.49194588624517666, 0.320054189654709, 0.00042559949071010414, 0.18757432460940424], [0.01838268127224907, 0.826639403564748, 0.0007182868368982647, 0.1542596283261047], [0.9872146955376179, 0.012693304788121206, 3.6934627358777325e-07, 9.163032798736584e-05], [0.01099731559670422, 0.017925993230139877, 0.014110357530936988, 0.956966333642219], [0.007700721161539115, 0.28920777086728455, 0.024181160956463707, 0.6789103470147125], [0.32416346592781997, 0.6732664210377781, 0.002532598649376926, 3.751438502496362e-05], [0.0017331791466507326, 0.0716271514203065, 0.9251672664024135, 0.001472403030629264], [0.0034755474620509277, 0.007884891741781908, 0.015088911229338843, 0.9735506495668284], [0.2652546299532709, 0.001207111140245037, 0.0005312145847438817, 0.7330070443217402], [0.9945342983571848, 0.00026674620767326725, 0.00016721313246552345, 0.005031742302676394], [9.250022097868769e-07, 0.0002089869332740789, 3.072029612818691e-05, 0.9997593677683879], [0.9860362838097907, 0.008471455532897236, 0.005002491100850266, 0.0004897695564619471], [0.14449622139249713, 4.237196303258727e-05, 0.00014672739344379475, 0.8553146792510264], [0.5698329598581243, 0.22209527482174482, 0.20427452310060581, 0.00379724221952502], [0.0002301230778734747, 3.282232881687619e-05, 0.0008191760096983659, 0.9989178785836113], [0.00014266813918908648, 0.0018008821660585373, 0.0006227282929352053, 0.9974337214018172], [0.0006700685172908847, 0.4636743601051013, 0.00010429965819823233, 0.5355512717194095], [0.0701932268352895, 0.258863135440901, 0.6516081656035988, 0.019335472120210626], [0.033183553770398305, 0.17303983779450174, 0.15769059340050745, 0.6360860150345925], [0.0037361507434672423, 0.3766816096439173, 0.0002573723212542661, 0.6193248672913612], [0.0018691473465757675, 0.0003548528593592669, 0.007120632681266374, 0.9906553671127986], [0.015651491315702874, 0.7110969542653214, 0.271432250836942, 0.0018193035820337133], [0.0002937111084949034, 0.9993724545462539, 0.0002268026509231553, 0.00010703169432822064], [0.0003026595885141256, 0.007402153898625808, 0.9918178729827614, 0.00047731353009870965], [0.1637672700573899, 0.8358364037134922, 0.00027667850616849046, 0.00011964772294948343], [0.8197774300475081, 0.001069427655773597, 0.1787741991573651, 0.00037894313935313284], [0.9341430684482396, 0.05567540529599125, 0.005349041384150058, 0.004832484871619173], [0.9532754444317487, 0.042830410394505525, 0.000249123789778903, 0.0036450213839669403], [0.21685903005386414, 0.7658382563841245, 0.0030402523415810965, 0.014262461220430397], [0.526159042688171, 0.007163758521315421, 0.04656659593718967, 0.42011060285332386], [0.7231355618695903, 0.20535654498769992, 0.0458922206026609, 0.025615672540048873], [0.9340722476849364, 0.058078409752292344, 0.006429266973946272, 0.0014200755888251731], [0.003769890723694758, 0.0037953933933528683, 0.0020950463037810803, 0.9903396695791713], [0.842073695098232, 0.028297196165107372, 0.028503623448849952, 0.10112548528781065], [0.0038086922423929952, 0.5577293866828603, 0.26123494563277305, 0.17722697544197372], [0.01186700190686042, 0.2246392980695582, 0.0018064303875709685, 0.7616872696360104], [0.0020716270969779777, 0.8590663532081791, 0.0006408704520678076, 0.13822114924277518], [0.1119700685108997, 0.005155831221825401, 1.9304181890480335e-05, 0.8828547960853843], [0.0030567433271644733, 0.9958415043988339, 0.0002817535200744098, 0.0008199987539271971], [0.34544118912093924, 0.42197967143292864, 0.005393554083261673, 0.2271855853628703], [0.0024507643396225387, 0.7618975844115611, 0.18684324606898398, 0.04880840517983241], [0.005013599264787813, 3.346002053594984e-06, 3.3634844989245794e-05, 0.9949494198881694], [0.016370707787802682, 0.0009594733650595594, 0.0801637968965589, 0.9025060219505788], [0.9684554237629676, 0.027233396028728228, 0.00020356131742431619, 0.0041076188908799995], [0.685217611055553, 0.24442711704641795, 0.03020755489204519, 0.04014771700598377], [0.9980401539356109, 0.0017519272648576474, 3.721834603984045e-05, 0.00017070045349151596], [0.10424471440225247, 0.36815785171088394, 0.5056445600249233, 0.021952873861940246], [0.0008577958385108439, 0.9961078348403033, 0.002339860587863369, 0.0006945087333224688], [0.002527288978131039, 0.5244419055126328, 0.003390263097545253, 0.469640542411691], [0.011573799281044458, 0.9871246369367161, 0.00023963537720766065, 0.0010619284050317735], [0.001191929248276997, 0.9948452575655586, 0.003938430190819957, 2.438299534443621e-05], [0.007984439764520462, 0.03559802447423977, 0.00018844588768904784, 0.9562290898735507], [0.9140623793913966, 0.0025640345424006, 0.03664319030684761, 0.04673039575935548], [3.6556572100205117e-06, 0.01370086597497272, 0.016500992793673983, 0.9697944855741434], [0.8979837373050096, 0.055904926079886515, 0.009745838525328098, 0.0363654980897756], [0.00017567896084964935, 9.98970793580396e-05, 0.0012220023639164502, 0.9985024215958759], [0.34555750193399376, 0.2536809777054311, 0.055059505809927155, 0.34570201455064803], [0.8587096194692667, 0.09426760780750432, 0.046803449660977936, 0.00021932306225097505], [0.013093221327746176, 0.5013874133086578, 0.16857313516749417, 0.31694623019610185], [0.988429523104157, 2.1941203546589477e-05, 0.0014460112756237281, 0.01010252441667248], [3.686859123282102e-05, 0.01535011240130802, 0.3026159663623404, 0.6819970526451188], [0.22446804937648504, 0.04560872891691035, 0.0009536678608954724, 0.7289695538457092], [0.000437122991447728, 0.002771970585518405, 0.0038544403697379857, 0.9929364660532958], [0.03792637426040184, 0.48940008180285904, 0.47265487768523246, 1.8666251506487173e-05], [0.05786302661724461, 0.9403688016753097, 1.2779957165808335e-05, 0.0017553917502799736], [0.028533923429447185, 0.00451497329840889, 0.00035472582013717986, 0.9665963774520068], [0.0001660250064633492, 0.9989977670112735, 0.0006324405064760809, 0.00020376747578720154], [0.9369305588287552, 0.060692047848616315, 0.0002290253898451519, 0.002148367932783552], [0.11970596454863146, 0.31530127623176113, 0.020962183291440964, 0.5440305759281665], [0.15836685222611105, 0.002077208596972422, 0.010802154313531103, 0.8287537848633855], [0.0027649030593740417, 0.02462966132799527, 3.2492964691121724e-05, 0.9725729426479395], [0.057102392272768907, 0.024901941120189897, 0.11963838696010047, 0.7983572796469408], [0.8127317193279445, 0.0015796599625691103, 0.05368523006348934, 0.13200339064599687], [0.009124317601057346, 0.9559054272812976, 0.020956299002031574, 0.014013956115613735], [0.0002778472251271068, 0.004574891633111688, 0.00450219638718658, 0.9906450647545746], [7.646290145609857e-06, 2.9001358918769474e-05, 0.9998899399845987, 7.341236633712088e-05], [0.005955627546039493, 0.00013540855928719336, 0.9938433763803857, 6.558751428770062e-05], [0.5739735391464049, 0.2864022588740377, 0.13754120767775507, 0.0020829943018022875], [0.0019994291352524425, 0.005117965809200963, 3.619942025409645e-05, 0.9928464056352925], [0.522762569591821, 0.4344455180166599, 0.002814569332353558, 0.039977343059165504], [0.005173082993200607, 0.9941972264122895, 1.5477718510186306e-06, 0.0006281428226588653], [0.0005369948394593237, 0.024304695342985266, 4.432339570760312e-05, 0.9751139864218478], [0.09191791602119788, 0.007455379254441034, 0.9006020324312813, 2.4672293079673232e-05], [0.13972188454200915, 0.0960670115126719, 0.7168784800471281, 0.0473326238981909], [0.017914718236371516, 0.5107630451895848, 0.002597412016802303, 0.4687248245572414], [0.015225740686730289, 0.894470142569211, 0.06720910110264985, 0.023095015641408794], [1.6865261149702207e-05, 0.9868620696962465, 0.013064368937518656, 5.669610508515429e-05], [0.00043613713068859316, 2.671933231908884e-05, 0.0003651937166515823, 0.9991719498203407], [0.006237050557424246, 0.018479643986187236, 0.9752505868562448, 3.2718600143872126e-05], [0.06271102329456733, 0.0018058996788216238, 0.04786378431489892, 0.8876192927117121], [0.13878714416091478, 0.6799707332811555, 0.18007664473582757, 0.0011654778221021117], [0.0021656444315858734, 0.03251325121306336, 4.589582479300485e-05, 0.9652752085305578], [0.0850392606458779, 0.6115344327555582, 0.0003901913360698652, 0.30303611526249397], [0.048149359209909606, 0.8775566439518313, 0.004660119248422576, 0.06963387758983675], [0.9678471679716902, 0.03203100504146683, 1.0078614066908083e-07, 0.00012172620070226703], [0.022889265983382527, 0.11544770608449173, 0.30281334139107646, 0.5588496865410493], [0.015522660698992548, 0.02070382323270861, 0.3028916389874213, 0.6608818770808775], [0.02264397003930175, 0.1439977872874226, 0.0001228753991712775, 0.8332353672741044], [0.9268927444414156, 0.015570480873895022, 0.01854544579076243, 0.038991328893927], [0.9999679187874143, 3.0946145916406835e-06, 2.7842102702416413e-06, 2.620238772388528e-05], [0.006937675681300928, 0.9590901300161547, 0.01414833522625236, 0.01982385907629198], [0.9996679899086207, 0.00031665537343911253, 2.9198947691202327e-06, 1.243482317105991e-05], [0.0001005784990287922, 0.11710580272120877, 0.8827923615639426, 1.2572158197997917e-06], [5.758450315069831e-05, 0.9747152584324748, 0.025194873279057443, 3.228378531711843e-05], [0.001193615218279919, 0.3941223721608356, 0.5314382212801835, 0.07324579134070093], [0.011563649858215392, 0.9662463827770573, 0.021992492884715994, 0.00019747448001121586], [0.0014982911970027545, 0.03189971350104676, 0.26556224708894244, 0.7010397482130081], [0.01682925433276266, 0.9794833707517026, 0.0027602249014005457, 0.0009271500141342354], [0.5896096091284313, 0.006772472692220485, 0.3488913123654234, 0.0547266058139249], [0.9954620245239224, 2.6592989077901204e-05, 2.7898758005266637e-05, 0.0044834837289942486], [0.4876152903955918, 0.21402043996772646, 0.014937365865931002, 0.28342690377075064], [3.508101157205571e-06, 0.2107518330673544, 0.001215671881171593, 0.7880289869503168], [0.8183046394065747, 0.000320330615995016, 0.001432349374182405, 0.17994268060324803], [0.0008067311276433476, 0.989052772036099, 0.002611176184715809, 0.007529320651541823], [0.006342504741544564, 0.6575416821847225, 0.1600886723959493, 0.17602714067778363], [0.870284597931999, 0.11752779303732916, 8.516500830779213e-05, 0.012102444022363995], [0.03307473324537748, 0.2218192744817174, 0.7352025511556638, 0.009903441117241321], [0.0005930826110558831, 0.3801427381692566, 0.0004943305534083952, 0.6187698486662792], [0.018608224337103865, 0.8293321102966789, 0.0291662960027818, 0.12289336936343549], [0.9846844811034721, 0.01527858372507894, 2.0393725726587148e-07, 3.6731234191724516e-05], [0.8727843492274837, 0.05847815397845901, 0.06108638368312975, 0.007651113110927699]]}}