{"test": {"ids": ["99107630", "105117351", "107119950", "106116850", "102109850", "109119460", "113118820", "109118161", "111114321", "104116980", "110118630", "108116501", "111116411", "107113260", "99114890", "113121980", "112116990", "108113740", "112119450", "106118161", "108116481", "106119990", "100109311", "109119450", "103110100", "113120540", "102112030", "107121640", "100109360", "103111620", "113120640", "107118780", "112120270", "112119950", "113120280", "101108290", "112116610", "112117580", "112120990", "98111860", "100113370", "103113101", "107113130", "106118520", "110116170", "100108260", "107120260", "104113190", "105118230", "108114200", "102112170", "108120280", "110115250", "99109740", "97113900", "99111440", "106117790", "107117010", "100109910", "110118701", "98107010", "99108580", "108118060", "105110251", "110118301", "112118810", "103113170", "97105960", "107114321", "99111340", "109119340", "105115250", "109120150", "113118490", "111116100", "108114040", "109117150", "110120190", "112116451", "107113840", "108118630", "108117720", "98106880", "107114110", "103109791", "111119340", "107120010", "113121410", "111117571", "99116500", "107114780", "106118820", "101112201", "97116410", "111117480", "112116880", "113121810", "110118930", "110115580", "104114320", "112117790", "107114280", "106119580", "113120780", "97105580", "113118421", "113121190", "112121010", "111121190", "97107821", "109116170", "108117360", "113117550", "112119500", "111116040", "110113591", "108121410", "99108310", "112120640", "103111110", "113120601", "98109230", "107119130", "103111930", "107117630", "99111620", "113119450", "103111540", "107114950", "112116501", "108116070", "107114621", "102110750", "103111830", "112118701", "113119480", "98109311", "113120751", "104113210", "105115380", "109120540", "98112300"], "labels": [2, 0, 3, 3, 1, 1, 0, 0, 1, 1, 1, 0, 0, 0, 2, 2, 0, 3, 3, 3, 0, 0, 1, 3, 1, 3, 2, 1, 0, 0, 0, 1, 0, 0, 0, 0, 1, 0, 2, 0, 3, 3, 1, 2, 0, 3, 1, 3, 1, 0, 3, 3, 1, 3, 2, 3, 1, 1, 2, 3, 3, 0, 1, 0, 1, 3, 3, 2, 0, 1, 3, 2, 2, 1, 3, 0, 2, 3, 0, 3, 1, 1, 0, 1, 3, 3, 1, 0, 3, 2, 2, 3, 0, 3, 1, 0, 2, 1, 1, 2, 3, 3, 3, 0, 1, 3, 1, 2, 1, 2, 0, 1, 3, 2, 0, 0, 0, 2, 0, 3, 2, 1, 1, 3, 0, 3, 3, 1, 3, 3, 1, 0, 1, 3, 0, 3, 1, 1, 3, 1, 1, 2], "predicted_labels": [2, 1, 0, 1, 2, 3, 0, 0, 1, 2, 3, 3, 0, 2, 1, 3, 0, 3, 1, 2, 1, 0, 3, 1, 3, 0, 3, 3, 0, 1, 3, 0, 1, 0, 3, 3, 1, 0, 1, 3, 1, 1, 2, 1, 1, 0, 1, 0, 1, 0, 0, 2, 3, 2, 1, 3, 0, 3, 2, 0, 0, 2, 1, 3, 0, 1, 1, 0, 1, 2, 2, 0, 3, 3, 1, 1, 1, 3, 0, 1, 3, 3, 1, 3, 3, 3, 2, 1, 3, 3, 2, 1, 1, 2, 0, 1, 2, 1, 0, 1, 3, 0, 1, 1, 2, 3, 1, 1, 0, 1, 3, 2, 1, 1, 3, 0, 1, 0, 2, 3, 1, 1, 1, 1, 1, 3, 0, 3, 1, 1, 2, 3, 1, 3, 3, 1, 2, 2, 3, 1, 1, 1], "confidence_scores": [[0.21084590929246316, 0.147856841114702, 0.4327350936972924, 0.20856215589554242], [0.13935871711874065, 0.439417973860461, 0.08833222578241062, 0.3328910832383876], [0.36175958087380783, 0.3039666938720057, 0.09016335026951453, 0.24411037498467203], [0.2351272091725747, 0.307700410589258, 0.17030121515748756, 0.28687116508067967], [0.09531829735325821, 0.2551748772994493, 0.5590564059073553, 0.09045041943993735], [0.16307033142149632, 0.21710531691398965, 0.18447626929004796, 0.43534808237446604], [0.32160701603437797, 0.2969312300749319, 0.11196926267825413, 0.26949249121243585], [0.37570828144547075, 0.23674993353132034, 0.13394740379400755, 0.25359438122920136], [0.10935308551915497, 0.5751997281891981, 0.0665256119176179, 0.2489215743740292], [0.08456196724765075, 0.25077507975906377, 0.35919086789085436, 0.3054720851024313], [0.1721821950963565, 0.15882831615733256, 0.13690434200310456, 0.5320851467432064], [0.15383107131557625, 0.2189425372792005, 0.16064171001139985, 0.4665846813938233], [0.5002140092736299, 0.14496308447967884, 0.06304352109073444, 0.29177938515595675], [0.12992559677892865, 0.1125490502243903, 0.4864330439307884, 0.27109230906589277], [0.1404025331955875, 0.44484713021928657, 0.1705400862200801, 0.24421025036504576], [0.14939817502935152, 0.21266807819930147, 0.1425046636691111, 0.49542908310223616], [0.4689006213062084, 0.23119145060944465, 0.10727240373791933, 0.19263552434642756], [0.20751048523208604, 0.3284961877324361, 0.11367382994077854, 0.3503194970946995], [0.18495739785277987, 0.4237624562164039, 0.06095040225723468, 0.3303297436735815], [0.1748588129376552, 0.19434996752981198, 0.31977056517559643, 0.3110206543569363], [0.2927429904843445, 0.4060645692966419, 0.0583169973342904, 0.24287544288472335], [0.5518050637039325, 0.13991354527988847, 0.0682094101879284, 0.24007198082825065], [0.27292628596045115, 0.2103812063705898, 0.15138546315033205, 0.3653070445186271], [0.10073703910688019, 0.3761944866295819, 0.1680183227026819, 0.35505015156085606], [0.0631482433364886, 0.12794039732750614, 0.24444703777834995, 0.5644643215576555], [0.5350759920757879, 0.18239995824057442, 0.10349871933105816, 0.17902533035257948], [0.24679214879351602, 0.2756569862551485, 0.1599905915515833, 0.31756027339975224], [0.18093780078878377, 0.1803471659030897, 0.17458916794136292, 0.46412586536676353], [0.4863932745894511, 0.14074135094191845, 0.12903547255043576, 0.24382990191819492], [0.20171835842255165, 0.3244047207926993, 0.24311116681903958, 0.23076575396570959], [0.15266966792850714, 0.2933460452855523, 0.09811162739772993, 0.45587265938821053], [0.3657594173435241, 0.3269611572114972, 0.08833000643269352, 0.21894941901228535], [0.10080461334628572, 0.42642295671805047, 0.23711090154655337, 0.23566152838911034], [0.4463084282464809, 0.17354815420948289, 0.07198162023660909, 0.30816179730742704], [0.15429279609558694, 0.25009429936002436, 0.15385064049173613, 0.44176226405265256], [0.1419538501470696, 0.2012893102922275, 0.06817115421436652, 0.5885856853463364], [0.22453744350464724, 0.35438469245754, 0.18396419920470206, 0.23711366483311075], [0.3406089025428232, 0.3011339100537438, 0.12939920342129865, 0.22885798398213422], [0.16179759548910932, 0.4898456730127299, 0.12802209642523904, 0.22033463507292192], [0.15769441347964877, 0.27679561538725245, 0.2300575009034187, 0.33545247022968006], [0.2897356644952529, 0.3098623249570987, 0.18467193368666088, 0.21573007686098752], [0.1876413513724373, 0.4277328235169367, 0.22941700590598568, 0.15520881920464033], [0.16766791062106626, 0.27424515951605927, 0.40670756887448345, 0.151379360988391], [0.18924818506862792, 0.6083019778069019, 0.060073667106561396, 0.1423761700179087], [0.17281410983873627, 0.3684818962428161, 0.17637318256121373, 0.282330811357234], [0.3346209280228503, 0.2542501527396409, 0.1701995148350706, 0.24092940440243807], [0.14717062837966938, 0.551144619113397, 0.09757560160004221, 0.20410915090689147], [0.3338752857865564, 0.21309524943521324, 0.12706297627668, 0.3259664885015503], [0.15565716339131372, 0.40372016047278203, 0.12528146482803487, 0.3153412113078693], [0.4057737917356488, 0.274131417066111, 0.14593324352423165, 0.17416154767400843], [0.35021226990934046, 0.19401706922431866, 0.1676529242157238, 0.2881177366506171], [0.20936306022038684, 0.15680700759127078, 0.3288853544385678, 0.30494457774977474], [0.2098636247331919, 0.28919150187834025, 0.2077795295076465, 0.2931653438808213], [0.12186509623991008, 0.2107346113952986, 0.4468992963415086, 0.2205009960232827], [0.31524599654387936, 0.31775391223348365, 0.22235323201477813, 0.14464685920785872], [0.2585632303964281, 0.24519854361309545, 0.1763645458209796, 0.31987368016949697], [0.39150422876866325, 0.24183993273146415, 0.1929889173478349, 0.1736669211520376], [0.2052270599543171, 0.1385300354243903, 0.11756441075662423, 0.5386784938646683], [0.08571527241792726, 0.12848070352054575, 0.6415076829998316, 0.14429634106169525], [0.4970083612852785, 0.1555513793696698, 0.15985109756251753, 0.1875891617825343], [0.3027596345979485, 0.19798865487415668, 0.30041757867624974, 0.19883413185164503], [0.21513917626333726, 0.1744600553008872, 0.45192310241532446, 0.1584776660204511], [0.26263874952376587, 0.34876970229001497, 0.11946460321441191, 0.2691269449718072], [0.2980675370409053, 0.2474467701295643, 0.10573879627414946, 0.34874689655538105], [0.3753332040025246, 0.20768254505047717, 0.2594939906580495, 0.15749026028894877], [0.16204465107401556, 0.4259334652198516, 0.14652136761535134, 0.2655005160907815], [0.08963979040201596, 0.4902723049199883, 0.12948663641570907, 0.2906012682622866], [0.35667016558215975, 0.14978242898642477, 0.16758879662389034, 0.32595860880752536], [0.1567885045443997, 0.39183656850289506, 0.11840365322650573, 0.3329712737261995], [0.201513085524884, 0.2552503929574656, 0.4151642921504007, 0.12807222936724974], [0.17210383718279454, 0.20948923434190408, 0.3248648142650324, 0.29354211421026905], [0.3906400058756478, 0.26140100472906524, 0.13144801796695813, 0.2165109714283289], [0.20217404625487376, 0.21724704891913163, 0.23517921886407844, 0.3453996859619162], [0.2617142408216537, 0.1720543873211768, 0.10678139390412536, 0.45944997795304404], [0.2576420966732497, 0.5150616984231093, 0.0625037413641451, 0.16479246353949586], [0.11671738742979586, 0.3571647221613259, 0.23392082662879635, 0.2921970637800821], [0.2575472748226097, 0.30928460852300393, 0.2506321512961682, 0.18253596535821826], [0.10984636481537426, 0.35393029797927866, 0.0454433235606668, 0.4907800136446802], [0.4691094696129263, 0.1859125956888095, 0.05814425325668219, 0.2868336814415819], [0.13522925413515863, 0.31219401264963886, 0.2484977671290253, 0.30407896608617735], [0.2934294384255095, 0.25296668798659677, 0.06816077165983168, 0.3854431019280621], [0.12184343980109344, 0.19754975927909577, 0.09112454506554749, 0.5894822558542633], [0.2106013531642359, 0.30342603987474737, 0.2909388186202115, 0.1950337883408054], [0.12362059826656493, 0.16298740113406845, 0.12403137847523164, 0.589360622124135], [0.11938061127058049, 0.17658323410523255, 0.12920506126885736, 0.5748310933553296], [0.2824446963945199, 0.19858213157236423, 0.21284932757527383, 0.3061238444578421], [0.20353819610751578, 0.15608366505057963, 0.3399760453127787, 0.30040209352912584], [0.14250912132509172, 0.40607208850421384, 0.06391741086554223, 0.38750137930515227], [0.29128077099000577, 0.2784743101602755, 0.12021617921275801, 0.3100287396369607], [0.1228791240218728, 0.19522434947937975, 0.3204528543023822, 0.3614436721963653], [0.14161985656307013, 0.1806193838631804, 0.5276085805334685, 0.15015217904028097], [0.1662139887692264, 0.3859882604891563, 0.2755684361509127, 0.1722293145907047], [0.2772812459761748, 0.3248331873586055, 0.1442947039401231, 0.25359086272509673], [0.16017806800623338, 0.197983549743683, 0.4151705964460926, 0.22666778580399102], [0.3836693160771417, 0.2565573236839356, 0.13023511835615295, 0.22953824188276967], [0.23435351930878193, 0.4721944723742109, 0.11345806117242858, 0.17999394714457875], [0.16142066914868627, 0.3294524730956345, 0.35440833999372845, 0.15471851776195086], [0.04577664057699, 0.7167171649496001, 0.062379901383625966, 0.1751262930897839], [0.476548870994277, 0.1345758475042464, 0.21072509611629858, 0.1781501853851779], [0.18530803983011332, 0.4437976006854731, 0.13761785590446124, 0.23327650357995242], [0.29407266695774764, 0.25879691612920264, 0.10306222799248868, 0.34406818892056107], [0.3937160720366821, 0.3581207455573678, 0.07591635208334398, 0.1722468303226061], [0.19957778305601753, 0.3652585282707763, 0.1584122738014727, 0.27675141487173344], [0.16866541099762836, 0.4298752409740947, 0.1448882854343865, 0.25657106259389045], [0.2935984528074655, 0.24568221386031217, 0.30259279746603196, 0.15812653586619055], [0.22134408176283796, 0.16266337079012522, 0.0813482202236465, 0.5346443272233903], [0.1498351503931446, 0.466990066854605, 0.12105718982473006, 0.26211759292752046], [0.17903253851456857, 0.39504999153521536, 0.0911141651654347, 0.3348033047847814], [0.44744440517046136, 0.21211969490333293, 0.1459871350148847, 0.19444876491132096], [0.25545093383721285, 0.32029736651867874, 0.24778636591476508, 0.17646533372934362], [0.08761473175604757, 0.31095457936414883, 0.11100430403381191, 0.49042638484599166], [0.15732943197600577, 0.18834388493223073, 0.3526804316440082, 0.3016462514477556], [0.20572480391647205, 0.353661194146071, 0.10651614581540177, 0.33409785612205517], [0.06809592452859513, 0.5933477736244795, 0.07614574482942571, 0.26241055701749966], [0.24114440758868136, 0.2759087125182423, 0.1354733615382659, 0.34747351835481055], [0.29854304450471214, 0.2676254845374475, 0.2352726677859577, 0.19855880317188263], [0.1741749227437157, 0.5460755857610387, 0.13981483385908017, 0.13993465763616567], [0.34497895228789316, 0.25950821766613935, 0.08028030942920447, 0.315232520616763], [0.161654290912954, 0.1175163255294647, 0.5464716283567799, 0.17435775520080143], [0.2048120671694316, 0.24517711509054974, 0.17600714182490393, 0.3740036759151149], [0.1693470359803927, 0.4001391009975291, 0.1590618772351246, 0.27145198578695373], [0.25331012291258626, 0.28666420554540867, 0.24897649802972988, 0.21104917351227542], [0.15791666999629925, 0.3535853371177757, 0.13725137533868814, 0.35124661754723696], [0.3356857779531156, 0.4487342216357976, 0.10608002925273863, 0.1094999711583481], [0.16345643004982136, 0.3782984611954581, 0.2558940013512267, 0.20235110740349393], [0.13300552569164928, 0.308633659660326, 0.22196277453907415, 0.3363980401089504], [0.3519362977469803, 0.31160275653888525, 0.06768699577185854, 0.26877394994227605], [0.27196657533189367, 0.2812379258812974, 0.10886620605906105, 0.3379292927277479], [0.2556899392336267, 0.30287737107015694, 0.16533827079854, 0.2760944188976766], [0.09302784768341636, 0.4987924146619806, 0.07881884171159238, 0.3293608959430109], [0.19409521149141723, 0.26894591475599217, 0.31598564278104513, 0.22097323097154561], [0.20606319009481144, 0.1793571273113376, 0.12844514644041205, 0.48613453615343905], [0.12372934600583674, 0.3594887531994216, 0.2599775675845343, 0.25680433321020746], [0.3064368221886867, 0.1631331914174747, 0.21947906279159282, 0.3109509236022459], [0.24617044040774635, 0.2698403541546253, 0.11907150571746364, 0.3649176997201648], [0.21898798626527646, 0.4016314346959079, 0.09565596542273268, 0.2837246136160831], [0.07715257613607704, 0.1643455124182836, 0.6740900200873834, 0.08441189135825615], [0.16427581619763368, 0.3525116257148446, 0.3533018231915502, 0.1299107348959715], [0.22347398324880902, 0.22880687690620974, 0.18370054333275393, 0.36401859651222757], [0.23520353333483943, 0.5037643307223938, 0.07907574211328915, 0.18195639382947779], [0.2942657637870707, 0.4529861494768868, 0.09587225016550166, 0.15687583657054094], [0.23177444452629872, 0.34560121555316736, 0.18397544732717672, 0.23864889259335714]]}, "rewritten": {"ids": ["97105580", "97105960", "97107821", "97113900", "97116410", "98106880", "98107010", "98109230", "98109311", "98111860", "98112300", "99107630", "99108310", "99108580", "99109740", "99111340", "99111440", "99111620", "99114890", "99116500", "100108260", "100109311", "100109360", "100109910", "100113370", "101108290", "101112201", "102109850", "102110750", "102112030", "102112170", "103109791", "103110100", "103111110", "103111540", "103111620", "103111830", "103111930", "103113101", "103113170", "104113190", "104113210", "104114320", "104116980", "105110251", "105115250", "105115380", "105117351", "105118230", "106116850", "106117790", "106118161", "106118520", "106118820", "106119580", "106119990", "107113130", "107113260", "107113840", "107114110", "107114280", "107114321", "107114621", "107114780", "107114950", "107117010", "107117630", "107118780", "107119130", "107119950", "107120010", "107120260", "107121640", "108113740", "108114040", "108114200", "108116070", "108116481", "108116501", "108117360", "108117720", "108118060", "108118630", "108120280", "108121410", "109116170", "109117150", "109118161", "109119340", "109119450", "109119460", "109120150", "109120540", "110113591", "110115250", "110115580", "110116170", "110118301", "110118630", "110118701", "110118930", "110120190", "111114321", "111116040", "111116100", "111116411", "111117480", "111117571", "111119340", "111121190", "112116451", "112116501", "112116610", "112116880", "112116990", "112117580", "112117790", "112118701", "112118810", "112119450", "112119500", "112119950", "112120270", "112120640", "112120990", "112121010", "113117550", "113118421", "113118490", "113118820", "113119450", "113119480", "113120280", "113120540", "113120601", "113120640", "113120751", "113120780", "113121190", "113121410", "113121810", "113121980"], "labels": [1, 2, 2, 2, 3, 0, 3, 1, 1, 0, 2, 2, 2, 0, 3, 1, 3, 3, 2, 2, 3, 1, 0, 2, 3, 0, 0, 1, 1, 2, 3, 3, 1, 3, 1, 0, 3, 3, 3, 3, 3, 3, 2, 1, 0, 2, 1, 0, 1, 3, 1, 3, 2, 3, 3, 0, 1, 0, 3, 1, 3, 0, 0, 2, 3, 1, 0, 1, 1, 3, 1, 1, 1, 3, 0, 0, 1, 0, 0, 1, 1, 1, 1, 3, 0, 0, 2, 0, 3, 3, 1, 2, 1, 0, 1, 1, 0, 1, 1, 3, 1, 3, 1, 0, 3, 0, 1, 3, 3, 1, 0, 3, 1, 0, 0, 0, 3, 0, 3, 3, 2, 0, 0, 0, 2, 2, 3, 3, 1, 0, 3, 3, 0, 3, 2, 0, 1, 0, 1, 0, 2, 2], "predicted_labels": [1, 0, 1, 0, 2, 2, 0, 0, 2, 2, 3, 2, 0, 2, 2, 1, 1, 3, 3, 1, 3, 3, 2, 3, 1, 3, 1, 1, 1, 1, 0, 3, 3, 1, 3, 2, 0, 1, 1, 1, 3, 3, 0, 2, 3, 1, 1, 3, 1, 0, 0, 3, 1, 1, 1, 3, 1, 1, 1, 3, 1, 3, 1, 2, 0, 1, 3, 0, 3, 0, 1, 0, 1, 3, 1, 1, 3, 3, 3, 1, 1, 0, 3, 3, 1, 3, 1, 1, 0, 3, 3, 2, 0, 0, 1, 0, 1, 0, 2, 1, 1, 3, 1, 3, 1, 0, 3, 1, 0, 0, 1, 1, 1, 1, 0, 3, 2, 1, 3, 1, 1, 0, 1, 2, 1, 1, 1, 3, 0, 0, 0, 1, 3, 0, 1, 1, 1, 1, 1, 3, 1, 3], "confidence_scores": [[0.18427428630775486, 0.31353887067413727, 0.21276607238383807, 0.2894207706342697], [0.4002905557636782, 0.14490129492578774, 0.15693134647411058, 0.2978768028364235], [0.32669551919839557, 0.3563626107033228, 0.17135912050608754, 0.14558274959219417], [0.3499277409850128, 0.23346687344166722, 0.15164922673785527, 0.26495615883546464], [0.16901595020322469, 0.15731720561370027, 0.43659774509682336, 0.23706909908625168], [0.19614137017228675, 0.18172242354998416, 0.38963846968744126, 0.23249773659028788], [0.37637502584924265, 0.17732112591932994, 0.25964331649549016, 0.18666053173593727], [0.30731987502724784, 0.28256567378423125, 0.22083067374733567, 0.18928377744118519], [0.2120177837096785, 0.2461372903276905, 0.2837423312508356, 0.2581025947117956], [0.08370604858862364, 0.261679239664556, 0.49186338365180504, 0.16275132809501563], [0.28722908310801126, 0.1867153241262198, 0.15806298246769082, 0.36799261029807817], [0.21480238478631788, 0.250191742697734, 0.36816764681467096, 0.16683822570127727], [0.311193872417039, 0.28362821641784886, 0.14926061274763489, 0.2559172984174774], [0.1608466275475871, 0.2916336627010212, 0.3552497028462098, 0.1922700069051819], [0.18723578193618426, 0.19607643045621082, 0.457379813100949, 0.15930797450665593], [0.27005478442531405, 0.33467050612376287, 0.25567349464283673, 0.13960121480808646], [0.3297825813421921, 0.35021711584502246, 0.06466629571336133, 0.2553340070994242], [0.14098469517293044, 0.16355512489025226, 0.17195962580314125, 0.5235005541336761], [0.19398601214823136, 0.2760227815177374, 0.24583668695459296, 0.2841545193794383], [0.12622386625900925, 0.38396990630916683, 0.21082402042630893, 0.278982207005515], [0.2573265023160118, 0.2264558774129783, 0.2511660040762403, 0.26505161619476963], [0.2787080621463616, 0.17694288579564513, 0.16568050809579185, 0.3786685439622013], [0.28083329467025464, 0.16142035382765305, 0.2830162559917165, 0.2747300955103757], [0.145541160359951, 0.17800147740418146, 0.27243045300758406, 0.40402690922828355], [0.18642567459991427, 0.473732168050906, 0.18785029266036554, 0.15199186468881404], [0.18659627917912783, 0.10620552503817907, 0.09016085173589419, 0.617037344046799], [0.30335649073916204, 0.34444495705412626, 0.16664769091603793, 0.18555086129067389], [0.202747317107872, 0.30457937937109447, 0.3037968618502307, 0.1888764416708026], [0.11350548205139187, 0.6335642576741537, 0.18340349669733683, 0.06952676357711761], [0.20932708072271924, 0.4463141584483985, 0.14801883810692537, 0.19633992272195705], [0.4628684230465235, 0.10857878453956155, 0.22367919170831768, 0.2048736007055973], [0.12055974107859996, 0.17259115362653923, 0.14489488610969087, 0.56195421918517], [0.17060074035823244, 0.16432937594833677, 0.18196743570755627, 0.48310244798587465], [0.22176429092487962, 0.41759520768780384, 0.1040614025211392, 0.25657909886617725], [0.14535633126682562, 0.26522224193511734, 0.12446023510913029, 0.46496119168892686], [0.1946976250482378, 0.24922475438403946, 0.3645696272241792, 0.1915079933435436], [0.4199986021119645, 0.14796353262205084, 0.07993668569323414, 0.35210117957275056], [0.2318566660291204, 0.5401534312662105, 0.11706086299753293, 0.11092903970713612], [0.16705425766888699, 0.37200809174800836, 0.20146949872333042, 0.2594681518597743], [0.1816982648726046, 0.5028664932463295, 0.1424046248267748, 0.173030617054291], [0.3065493941790523, 0.19229242717261386, 0.18928820494068205, 0.31186997370765196], [0.1709045849689551, 0.31040072570235305, 0.14988450435295372, 0.3688101849757382], [0.3000420925620389, 0.25436720575243654, 0.18374297129793493, 0.26184773038758974], [0.22145753244277902, 0.28416248658674687, 0.28946783735876225, 0.20491214361171195], [0.2502333365573723, 0.23718769935934852, 0.10171747577300477, 0.4108614883102745], [0.3272905860191268, 0.3484931576184033, 0.13003011968186987, 0.19418613668059986], [0.15856624126577964, 0.6223683454430736, 0.08271831665863155, 0.13634709663251512], [0.229050603096001, 0.32312687483077723, 0.05314420413690052, 0.3946783179363213], [0.20679880989468238, 0.40951544397369993, 0.1523073997061535, 0.2313783464254644], [0.3545147255669738, 0.3352472395094945, 0.14749670688395958, 0.16274132803957245], [0.2992225263123742, 0.29297295558956127, 0.20145611923289014, 0.20634839886517437], [0.2332344673834962, 0.2787705001269047, 0.1807587009642119, 0.30723633152538726], [0.30235553403344895, 0.36079735473477814, 0.07491492595129942, 0.2619321852804735], [0.24823997374055398, 0.29809691854560744, 0.28091829779812666, 0.17274480991571198], [0.11353915126809948, 0.3505698099868126, 0.18886567617233457, 0.34702536257275346], [0.20063641983167507, 0.32036189117404246, 0.10918068262378991, 0.3698210063704927], [0.2726691490652672, 0.30820486795223934, 0.201513521907141, 0.21761246107535245], [0.2420494456278896, 0.2853394057311666, 0.21039748441286404, 0.26221366422807973], [0.1969120247278007, 0.3083082124526806, 0.28219700471808795, 0.2125827581014307], [0.32870940786219527, 0.09325627394040335, 0.14106459571632482, 0.4369697224810765], [0.340442742434681, 0.341441830116409, 0.12507801243114117, 0.1930374150177688], [0.2221426582288391, 0.11191523247041606, 0.2517603457773195, 0.41418176352342545], [0.2126637627220964, 0.41789722729038403, 0.13997939128853312, 0.22945961869898643], [0.18378960544339842, 0.2357691233663372, 0.43735217493145373, 0.14308909625881078], [0.27368156369938773, 0.24750403959115327, 0.23523043420636983, 0.2435839625030893], [0.17086700585516013, 0.33910971352559, 0.15535376876999413, 0.33466951184925586], [0.2598977224148135, 0.2752002481467778, 0.15162889024198886, 0.31327313919641986], [0.38675292134775363, 0.10029761494819495, 0.31156851576483574, 0.2013809479392157], [0.17607188218279793, 0.3231948339415885, 0.12562259722113872, 0.37511068665447483], [0.4088581331818117, 0.3874821286037358, 0.047680552790102075, 0.15597918542435035], [0.10900163084157756, 0.3869725877770304, 0.2700627540688938, 0.23396302731249824], [0.38192965492431147, 0.23851448072762282, 0.18756408279061507, 0.19199178155745078], [0.22239568932127488, 0.38480636862965445, 0.21095443879551637, 0.18184350325355433], [0.25024255386302086, 0.2527369657993489, 0.0763220152616194, 0.42069846507601083], [0.21563609271538225, 0.35248656428115627, 0.14302566232661318, 0.28885168067684813], [0.32386443276112714, 0.4086714500336993, 0.14063228922330573, 0.12683182798186768], [0.2090778796228994, 0.15004012957058133, 0.3157734609860276, 0.3251085298204917], [0.16775671503401432, 0.19606670412360708, 0.10057794640227352, 0.5355986344401051], [0.1256377551485927, 0.3078490352418513, 0.1264133407969879, 0.4400998688125682], [0.21928104232248796, 0.29025033783255344, 0.26195307645316845, 0.22851554339179023], [0.18311463294225694, 0.42820360192989537, 0.13149034342396368, 0.2571914217038841], [0.5730935438310942, 0.17394121260942047, 0.06809439742024281, 0.18487084613924257], [0.11310446623654466, 0.3711120424183459, 0.07697967459885038, 0.4388038167462591], [0.20546201761546445, 0.2711305665336498, 0.22431869512047392, 0.29908872073041187], [0.28297578016071634, 0.4286557478655625, 0.12959385152363637, 0.1587746204500849], [0.06389698371168245, 0.2999404295959095, 0.11515729289491805, 0.5210052937974899], [0.2501329561176973, 0.31173116134627615, 0.23781645112656763, 0.20031943140945896], [0.3655763979837933, 0.44547613915309786, 0.07127659140882543, 0.11767087145428362], [0.4846065883343994, 0.2162668001437149, 0.06875509444372573, 0.2303715170781599], [0.29321296077448916, 0.23880926917423215, 0.10089503616181751, 0.3670827338894611], [0.19414540686831103, 0.24415960321144242, 0.24273190707406653, 0.31896308284618013], [0.22800789038474356, 0.17767919778107258, 0.4535245519363811, 0.1407883598978028], [0.42894816470288594, 0.32571188064933965, 0.07311177529811295, 0.17222817934966142], [0.35041703816002784, 0.2733610752527191, 0.17233839597866552, 0.20388349060858754], [0.3007845200540473, 0.3404290213343776, 0.13030735413529115, 0.22847910447628392], [0.3745576137295532, 0.20786726248379858, 0.21856970268724535, 0.19900542109940292], [0.33027771019584495, 0.33133012077370694, 0.10679829030452438, 0.2315938787259238], [0.3976948515170017, 0.19202547908689124, 0.21879967464546454, 0.19147999475064267], [0.1324808500669741, 0.3062175505686649, 0.31725639575278614, 0.24404520361157508], [0.16935336381518398, 0.5390879200167721, 0.17387191147770956, 0.11768680469033416], [0.09996709850283483, 0.4490499398532136, 0.10567876014370932, 0.3453042015002421], [0.32877743734488035, 0.13876008604402268, 0.06283951001284799, 0.4696229665982491], [0.17358116688850606, 0.4813799482909406, 0.10531745952524912, 0.23972142529530424], [0.2069873694137369, 0.30086593199685563, 0.16378627774695392, 0.32836042084245354], [0.2718671480645267, 0.450170262891351, 0.04779730943968651, 0.23016527960443572], [0.5252450473185011, 0.1663595112085617, 0.06419327025572938, 0.2442021712172076], [0.2979570454414149, 0.20454680218371346, 0.10049183301386073, 0.39700431936101077], [0.2262704778341449, 0.4376546464909539, 0.1344774783970651, 0.20159739727783615], [0.34782154755093403, 0.27504416972970974, 0.14342295899522187, 0.23371132372413425], [0.5580112947919205, 0.12061321934095093, 0.1099907189425521, 0.21138476692457636], [0.29251917781052783, 0.36302274407552243, 0.07676676902126758, 0.2676913090926822], [0.217248038664483, 0.3916004810263321, 0.07911593824895224, 0.3120355420602326], [0.12471105186088079, 0.3897534881205946, 0.25235170730973383, 0.23318375270879085], [0.15519930763675036, 0.598242067467228, 0.10547010719385984, 0.1410885177021619], [0.2854048566847306, 0.15666387615933117, 0.2794832780635666, 0.27844798909237156], [0.1359402062983761, 0.3090184189207367, 0.10483952179956836, 0.45020185298131876], [0.23742424051683883, 0.2096526815814431, 0.3041123430976666, 0.2488107348040515], [0.1357910900695569, 0.43583071638422977, 0.1589382974291103, 0.2694398961171029], [0.17950979236813913, 0.28751758427763424, 0.1792211842419998, 0.35375143911222684], [0.30639943530846653, 0.35615615741053813, 0.07971467171932618, 0.2577297355616691], [0.0785366439984208, 0.6627983915047927, 0.10786609798074942, 0.15079886651603713], [0.411774155903543, 0.20156180153901568, 0.06655968257533655, 0.32010435998210474], [0.18849958987286705, 0.4848379646726249, 0.17349871489860283, 0.15316373055590518], [0.15028527170752956, 0.17628748759019386, 0.42694410124074095, 0.2464831394615357], [0.16743227774678146, 0.482215391196605, 0.09092447172651853, 0.259427859330095], [0.2908914790033322, 0.4206338402397232, 0.08771506188482038, 0.20075961887212423], [0.2008154803619997, 0.4406775274698758, 0.0690260618774039, 0.28948093029072036], [0.1584739526924303, 0.36755069483554137, 0.08630301184071044, 0.38767234063131795], [0.3368742740483075, 0.2593892524647559, 0.14792224757277195, 0.25581422591416486], [0.45903892374777167, 0.22998708533394302, 0.11463815602136977, 0.19633583489691564], [0.3368354436213581, 0.21765178353056294, 0.11520081122792386, 0.330311961620155], [0.18464661612267055, 0.3659505093507331, 0.121804123261891, 0.32759875126470545], [0.24933359921205273, 0.21816747605964867, 0.12692004722591707, 0.4055788775023817], [0.4228682073979601, 0.1965615751995723, 0.11222091932070594, 0.2683492980817617], [0.23041106392569027, 0.33851364512416743, 0.19191248051535945, 0.23916281043478282], [0.1416739737484388, 0.3602576819805008, 0.15154404339555583, 0.3465243008755046], [0.16119560400668975, 0.35324860953714493, 0.20593657473193724, 0.27961921172422827], [0.1295120831307802, 0.422989652560144, 0.10132084700461517, 0.34617741730446067], [0.1566303679981782, 0.4845180469311291, 0.18222076597589743, 0.17663081909479528], [0.13008474424318464, 0.34101776268154377, 0.13177588217878738, 0.3971216108964842], [0.1162625099857044, 0.568250304456959, 0.1339228609094439, 0.1815643246478928], [0.18320562014199818, 0.17719286671920212, 0.19088924234854027, 0.4487122707902596]]}}