{"test": {"ids": ["112117660", "107118820", "105116980", "113120540", "97106591", "108113700", "109116810", "113118421", "108114360", "106121220", "107114140", "109117431", "99109141", "99111620", "105118171", "107114950", "105115380", "107116340", "102113210", "98116090", "113121980", "112118620", "105113440", "103111930", "98108520", "99117630", "104113000", "109113931", "100108990", "107115250", "102118380", "109119340", "108115970", "99105921", "108121351", "107113180", "110118930", "111117571", "108115070", "99108310", "106119580", "113120280", "99113260", "100116500", "104111550", "99108000", "104118070", "103113270", "101108580", "104111711", "107113360", "99108520", "99109840", "109120150", "105120621", "109117271", "111114121", "103113640", "113122120", "111120190", "99119830", "99109161", "101110740", "101110150", "103111620", "111116040", "99110050", "97105960", "98109090", "107120130", "103117461", "106114321", "98109311", "97111790", "107118120", "111115400", "107112840", "98106680", "109117110", "107114490", "101111990", "112119930", "105118230", "113119480", "105113480", "112119610", "98106880", "101108950", "106117770", "103117200", "108118301", "113121680", "104116800", "98110710", "113118231", "99108010", "110117080", "107119390", "113118111", "113122160", "106112770", "111115780", "101110200", "98107340", "113117401", "98111670", "110118161", "97107681", "107121230", "99107560", "97118210", "113117630", "103109641", "111118910", "110120700", "106120290", "110114920", "112121030", "111119930", "113122230", "109121410", "112117471", "106116441", "108114180", "112118530", "107119950", "112120540", "108119550", "105113260", "109118161", "112118701", "98119591", "111116530", "107118520", "107120880", "102110890", "113119360", "110120531", "102110690", "112116850", "98108410", "101114020"], "labels": [0, 3, 0, 3, 1, 0, 3, 3, 1, 1, 2, 1, 3, 3, 3, 3, 1, 3, 3, 0, 2, 3, 0, 3, 2, 3, 1, 1, 2, 2, 1, 3, 2, 1, 3, 3, 1, 3, 1, 2, 3, 0, 0, 2, 1, 2, 2, 2, 0, 1, 0, 2, 2, 2, 1, 0, 0, 1, 1, 3, 1, 3, 3, 1, 0, 0, 3, 2, 1, 2, 0, 2, 1, 2, 3, 0, 1, 1, 1, 3, 2, 1, 1, 3, 0, 0, 0, 2, 0, 0, 1, 1, 1, 2, 3, 2, 1, 2, 1, 3, 1, 1, 2, 0, 3, 1, 0, 3, 0, 1, 2, 0, 1, 0, 2, 2, 3, 0, 1, 1, 0, 3, 0, 1, 1, 3, 3, 1, 3, 0, 0, 1, 3, 2, 1, 0, 0, 0, 0, 0, 1, 3], "predicted_labels": [0, 1, 0, 0, 1, 1, 0, 0, 1, 3, 1, 0, 0, 2, 0, 1, 3, 1, 0, 0, 0, 3, 1, 1, 0, 0, 1, 1, 3, 3, 1, 1, 1, 1, 3, 3, 1, 0, 3, 0, 3, 3, 3, 1, 2, 1, 1, 1, 0, 1, 0, 3, 2, 3, 0, 3, 3, 3, 1, 1, 1, 1, 3, 3, 1, 3, 3, 3, 0, 1, 3, 1, 0, 0, 3, 0, 1, 3, 1, 3, 3, 1, 3, 3, 1, 2, 0, 3, 1, 3, 0, 2, 3, 2, 3, 1, 0, 1, 3, 1, 0, 3, 1, 1, 1, 1, 3, 0, 3, 3, 3, 0, 1, 3, 3, 1, 1, 3, 3, 1, 1, 3, 1, 3, 1, 1, 1, 3, 1, 1, 1, 3, 1, 1, 3, 0, 1, 3, 3, 1, 3, 3], "confidence_scores": [[0.3238686163842103, 0.19151112209732682, 0.27954819321051855, 0.2050720683079445], [0.28024101665587703, 0.4221977302946208, 0.08733225430854627, 0.21022899874095594], [0.36104114541346616, 0.27155963603454364, 0.15006495301201614, 0.2173342655399742], [0.2971158271727578, 0.27850098814296886, 0.15117508541425329, 0.27320809927002], [0.16877083194521103, 0.5582681346535631, 0.08299346958026303, 0.18996756382096308], [0.12995508765102157, 0.5778619510403034, 0.09680638358936518, 0.1953765777193098], [0.5269426198071463, 0.2161793760708895, 0.07715294472397885, 0.17972505939798536], [0.3836497645535149, 0.20760655383240725, 0.12589490915120433, 0.2828487724628735], [0.1201568231833563, 0.46170791508404246, 0.14895504896292472, 0.26918021276967646], [0.1545344724303962, 0.33819526946198175, 0.1679612982172192, 0.3393089598904028], [0.1990925509833503, 0.3645693828973546, 0.21786368346715868, 0.2184743826521367], [0.6045654386236012, 0.10778998809382238, 0.07835551910532385, 0.2092890541772525], [0.3841920168265821, 0.2611909369625357, 0.07396258065263175, 0.2806544655582504], [0.23817731298685121, 0.28373491456211763, 0.3019404756524776, 0.17614729679855368], [0.32396589748461835, 0.2782632846220654, 0.11055165978722295, 0.28721915810609344], [0.23334351718482038, 0.3399132126871421, 0.20138964290434122, 0.22535362722369623], [0.1764305862414726, 0.16732049871462354, 0.2652540434768972, 0.3909948715670066], [0.23459172139029089, 0.555891690014502, 0.09403044401882421, 0.11548614457638293], [0.34061228030268687, 0.2287507299181595, 0.15522998994022522, 0.2754069998389284], [0.33893490004232, 0.23925524451076702, 0.17330479665573617, 0.24850505879117682], [0.37367620763814363, 0.2519703326667658, 0.12228439895806531, 0.25206906073702534], [0.23954015275057164, 0.25293832334901817, 0.13619886592685737, 0.37132265797355285], [0.22184167854526218, 0.3320162243078959, 0.11685261360016809, 0.32928948354667376], [0.2316484681638306, 0.3602733165691096, 0.19692295661074316, 0.2111552586563169], [0.31132976036776144, 0.24158477748523324, 0.2594210249280335, 0.18766443721897197], [0.5236521165801248, 0.13804929452895012, 0.13545436805420644, 0.20284422083671858], [0.21368242163909718, 0.3183776468397297, 0.1931732484693023, 0.2747666830518709], [0.22261442204898543, 0.2882761965914732, 0.2275183774941819, 0.26159100386535966], [0.09449015532740487, 0.18725417715211737, 0.31673467753398554, 0.40152098998649227], [0.12741918550837586, 0.18210049860834374, 0.08712572744249568, 0.6033545884407848], [0.19729435431172282, 0.3551201921415793, 0.2046393117813492, 0.24294614176534876], [0.17238480761994718, 0.597799516589619, 0.08411668008746968, 0.14569899570296413], [0.12469147864979534, 0.5843916880242921, 0.14516423620770538, 0.14575259711820707], [0.27355977913497587, 0.31060689143403436, 0.1336713815544686, 0.28216194787652116], [0.26218640449162617, 0.16616620054047035, 0.10463109888040883, 0.4670162960874945], [0.16074730990144995, 0.3113438955015607, 0.15576336230250096, 0.3721454322944883], [0.19212174198422513, 0.4178743143141196, 0.12739388413069525, 0.26261005957096], [0.538777997910818, 0.17526702828192808, 0.06469186675199078, 0.22126310705526295], [0.2974223479258632, 0.2685373309636718, 0.13085115210576545, 0.3031891690046995], [0.29500347139730393, 0.264270970005443, 0.18108008672847004, 0.25964547186878306], [0.07756368529816322, 0.1822219907415859, 0.20919580679029035, 0.5310185171699605], [0.328060320422179, 0.1258188243606834, 0.12021283622214227, 0.42590801899499536], [0.22009534265727476, 0.2951846976590582, 0.08090580105254846, 0.4038141586311186], [0.24005514727727917, 0.3765581233537553, 0.10133988284392727, 0.2820468465250381], [0.10493040100776711, 0.18155163736319224, 0.4528281945904891, 0.2606897670385515], [0.08611695232598339, 0.4411650652429448, 0.0924935766317986, 0.38022440579927325], [0.15215624763497282, 0.4075119587309049, 0.2072598174275744, 0.23307197620654793], [0.15852341967899933, 0.33275560416455296, 0.20469713311177354, 0.3040238430446742], [0.447879408138501, 0.17623880269270842, 0.142484630140886, 0.23339715902790448], [0.2880802105896809, 0.3039858942793059, 0.1470650014364172, 0.260868893694596], [0.6543918282343739, 0.1478797945867637, 0.0855231355365248, 0.1122052416423376], [0.2218923303956832, 0.20037639660127515, 0.2015948769298967, 0.37613639607314486], [0.3074307440084316, 0.22558633480664853, 0.3146919013224747, 0.1522910198624452], [0.1642281318172186, 0.2714525935518589, 0.08715417630102841, 0.4771650983298941], [0.38395839180469526, 0.246654331919503, 0.08729622523334074, 0.2820910510424611], [0.1534500985860688, 0.31523013701683017, 0.06147845211557176, 0.4698413122815294], [0.2814746028753445, 0.259339668511454, 0.05922194963273597, 0.39996377898046565], [0.21640188435927735, 0.2826028057690524, 0.10839545070422449, 0.3925998591674458], [0.2670565604897872, 0.4069047263004386, 0.12399974434616018, 0.20203896886361403], [0.2065453421669391, 0.3212256684186238, 0.24293891565219272, 0.2292900737622444], [0.15696836040931494, 0.3973748342399857, 0.2589552310228887, 0.18670157432781057], [0.24397572821680585, 0.49019455758531655, 0.07586096873063299, 0.1899687454672449], [0.1835645482733078, 0.32544921631056173, 0.16372283769407023, 0.3272633977220602], [0.15958332317531573, 0.24141615906243677, 0.11835663709004951, 0.480643880672198], [0.2309402437572953, 0.3474655671340575, 0.15948216336121188, 0.26211202574743514], [0.3312674366018698, 0.12180428452325369, 0.09474000096330121, 0.45218827791157523], [0.09999039530650256, 0.39588381190421246, 0.05843163289876195, 0.44569415989052313], [0.23985725574579722, 0.16326236420270707, 0.08404488795656438, 0.5128354920949314], [0.5918663058335627, 0.16359774815789413, 0.07537931746581998, 0.16915662854272331], [0.32672934325613917, 0.36894172956116916, 0.10594821155180043, 0.19838071563089138], [0.24138868515415612, 0.2698685030230948, 0.09423946880693278, 0.39450334301581635], [0.30083941662928665, 0.3055980311782459, 0.13317627580219196, 0.2603862763902756], [0.4150425244918552, 0.3234949437424512, 0.06700856511832098, 0.19445396664737258], [0.38856785156973095, 0.2367329051235397, 0.13969967496251326, 0.23499956834421598], [0.24528516962767957, 0.2848554125659797, 0.1164058363448937, 0.3534535814614472], [0.34413765128086016, 0.2554694398547064, 0.11921627578016819, 0.2811766330842652], [0.1673760371297944, 0.4909776750144286, 0.19735293243098798, 0.14429335542478902], [0.14234349739458968, 0.24154277903263924, 0.06619713167451732, 0.5499165918982538], [0.08354763136091597, 0.5659834493813828, 0.08255350500598635, 0.26791541425171495], [0.1693338715905292, 0.22362388300305766, 0.11394701759045439, 0.49309522781595866], [0.13930999763921695, 0.2371260875877003, 0.17695934379415593, 0.4466045709789269], [0.19004813611142693, 0.33965449540871706, 0.17101230537093487, 0.29928506310892117], [0.12111606567227759, 0.18913871719173686, 0.09084043425585586, 0.5989047828801297], [0.2858622620160124, 0.2074246886734193, 0.13618154716169834, 0.37053150214887004], [0.1809797652082426, 0.3571153689634954, 0.10800861880469674, 0.3538962470235653], [0.13217066114613368, 0.18887098559155344, 0.36802701281947864, 0.31093134044283427], [0.3426925495556385, 0.23997753360417393, 0.16320838355626202, 0.25412153328392567], [0.09619268341709176, 0.1487614154934876, 0.12168069322477133, 0.6333652078646492], [0.1817867185803833, 0.31237262042124253, 0.22538029180321234, 0.2804603691951617], [0.17234088475371126, 0.1614258201127744, 0.20562521829999686, 0.46060807683351745], [0.46163859314150835, 0.22013359869297097, 0.08533680312831202, 0.23289100503720866], [0.12138036907694093, 0.3262377247455587, 0.32875097491883376, 0.22363093125866668], [0.17575298224321767, 0.2652817592962018, 0.1151873724696479, 0.4437778859909327], [0.0905579646192225, 0.2603084120733858, 0.559779085556033, 0.08935453775135883], [0.16495229349635174, 0.24130532653320594, 0.1461497227773877, 0.4475926571930547], [0.2625343716178998, 0.3867790511716898, 0.15421450474311224, 0.19647207246729823], [0.38681875857115516, 0.36714862712074064, 0.13187182139872367, 0.11416079290938042], [0.2199089748512808, 0.4139557230597654, 0.16201706418455838, 0.2041182379043954], [0.2747321730379894, 0.2966702749310584, 0.0883627736077224, 0.3402347784232297], [0.2338321962980314, 0.40464064308198733, 0.08847051162655173, 0.27305664899342963], [0.4413621093169423, 0.253548256946284, 0.09128678022145338, 0.2138028535153201], [0.10783496632280357, 0.23118002572496427, 0.11921588498823206, 0.5417691229640003], [0.15774599876208387, 0.40908263534513273, 0.1880890325760937, 0.24508233331668983], [0.13024799784733182, 0.3817815691280635, 0.24501539903497707, 0.24295503398962773], [0.37612048547915433, 0.3769198405385006, 0.07095914897720056, 0.17600052500514474], [0.22570629376971466, 0.37718200810011426, 0.19803179413713012, 0.1990799039930412], [0.19436983639515423, 0.10661530618049656, 0.046854011208519494, 0.6521608462158298], [0.43836804570670007, 0.2172262942945666, 0.09156438603859873, 0.2528412739601347], [0.16582459758646267, 0.3124662056263452, 0.17379056665429637, 0.34791863013289576], [0.18162274774873202, 0.2955754368578051, 0.09867473478699594, 0.42412708060646703], [0.11006056611475874, 0.13717489576731068, 0.2888226231603264, 0.46394191495760423], [0.3829472383114272, 0.22704381085658848, 0.19573535784221424, 0.19427359298977007], [0.1017009423475023, 0.42283728900349593, 0.19302798923660183, 0.2824337794124001], [0.15938318677826327, 0.31089292666723956, 0.07159963120747863, 0.4581242553470185], [0.18079608947935874, 0.21685860524884887, 0.09853914783069449, 0.503806157441098], [0.06650001793813337, 0.5929239310761518, 0.19849944862965077, 0.14207660235606392], [0.17091367989744358, 0.36683451266428263, 0.3363620646551697, 0.1258897427831042], [0.29852078377374863, 0.20210889178571034, 0.07220592272447597, 0.42716440171606507], [0.2060693902997763, 0.24722469427943816, 0.17413613706951866, 0.37256977835126687], [0.20421107959643378, 0.33734368414647764, 0.1883421220492847, 0.2701031142078038], [0.18996603233473489, 0.41312575990881406, 0.07431169363807356, 0.3225965141183775], [0.2443607957368361, 0.30449439579839044, 0.08809714000713247, 0.36304766845764125], [0.23882636202791122, 0.5081791472358718, 0.0763675447100394, 0.17662694602617765], [0.14292592362270365, 0.3091675132754973, 0.2065489744344729, 0.34135758866732613], [0.21623982129183833, 0.4702043629675406, 0.14013297624322563, 0.1734228394973953], [0.29966797831478814, 0.31929143085097966, 0.13437913155942474, 0.2466614592748075], [0.2614994448830283, 0.37669253888261545, 0.12814125545926813, 0.23366676077508822], [0.13039738474014226, 0.3375733417098436, 0.08829578681467724, 0.44373348673533697], [0.1270512489538049, 0.42817386947766606, 0.09607344626053703, 0.34870143530799214], [0.2608822343407708, 0.5240854686918448, 0.088285692545557, 0.12674660442182717], [0.17727201790723435, 0.49070162272398643, 0.09474853430247923, 0.23727782506629994], [0.22094610900761943, 0.3287738152526205, 0.11908416028171549, 0.33119591545804455], [0.2151026552331926, 0.4984029373295763, 0.1107834974872227, 0.1757109099500085], [0.19646584375758935, 0.3880183751999486, 0.09072105798211015, 0.32479472306035184], [0.06168459591929302, 0.21608016337317923, 0.25135028265696324, 0.4708849580505645], [0.3913676907422645, 0.22331421198079363, 0.07290952218074961, 0.3124085750961924], [0.15285339636277526, 0.5224765694344596, 0.06402695004180539, 0.2606430841609596], [0.269862524211877, 0.30268419132494534, 0.1121091576519102, 0.3153441268112675], [0.2650419266366741, 0.17031785692087456, 0.07945387098287025, 0.4851863454595812], [0.1926460291841777, 0.2798837102412945, 0.25039920807091376, 0.2770710525036142], [0.19783659160004763, 0.24526918087084926, 0.2316675588088414, 0.3252266687202616], [0.15470655845219342, 0.3560664723182313, 0.1251568352348673, 0.36407013399470817]]}, "rewritten": {"ids": ["97105960", "97106591", "97107681", "97111790", "97118210", "98106680", "98106880", "98107340", "98108410", "98108520", "98109090", "98109311", "98110710", "98111670", "98116090", "98119591", "99105921", "99107560", "99108000", "99108010", "99108310", "99108520", "99109141", "99109161", "99109840", "99110050", "99111620", "99113260", "99117630", "99119830", "100108990", "100116500", "101108580", "101108950", "101110150", "101110200", "101110740", "101111990", "101114020", "102110690", "102110890", "102113210", "102118380", "103109641", "103111620", "103111930", "103113270", "103113640", "103117200", "103117461", "104111550", "104111711", "104113000", "104116800", "104118070", "105113260", "105113440", "105113480", "105115380", "105116980", "105118171", "105118230", "105120621", "106112770", "106114321", "106116441", "106117770", "106119580", "106120290", "106121220", "107112840", "107113180", "107113360", "107114140", "107114490", "107114950", "107115250", "107116340", "107118120", "107118520", "107118820", "107119390", "107119950", "107120130", "107120880", "107121230", "108113700", "108114180", "108114360", "108115070", "108115970", "108118301", "108119550", "108121351", "109113931", "109116810", "109117110", "109117271", "109117431", "109118161", "109119340", "109120150", "109121410", "110114920", "110117080", "110118161", "110118930", "110120531", "110120700", "111114121", "111115400", "111115780", "111116040", "111116530", "111117571", "111118910", "111119930", "111120190", "112116850", "112117471", "112117660", "112118530", "112118620", "112118701", "112119610", "112119930", "112120540", "112121030", "113117401", "113117630", "113118111", "113118231", "113118421", "113119360", "113119480", "113120280", "113120540", "113121680", "113121980", "113122120", "113122160", "113122230"], "labels": [2, 1, 3, 2, 2, 1, 0, 0, 1, 2, 1, 1, 2, 1, 0, 1, 1, 1, 2, 2, 2, 2, 3, 3, 2, 3, 3, 0, 3, 1, 2, 2, 0, 2, 1, 2, 3, 2, 3, 0, 0, 3, 1, 1, 0, 3, 2, 1, 0, 0, 1, 1, 1, 1, 2, 3, 0, 0, 1, 0, 3, 1, 1, 1, 2, 0, 0, 3, 2, 1, 1, 3, 0, 2, 3, 3, 2, 3, 3, 2, 3, 2, 3, 2, 1, 0, 0, 1, 1, 1, 2, 1, 1, 3, 1, 3, 1, 0, 1, 0, 3, 2, 0, 3, 1, 0, 1, 0, 2, 0, 0, 1, 0, 3, 3, 0, 1, 3, 0, 3, 0, 1, 3, 0, 0, 1, 3, 0, 3, 0, 1, 3, 3, 0, 3, 0, 3, 1, 2, 1, 3, 1], "predicted_labels": [3, 3, 0, 0, 2, 1, 1, 1, 0, 0, 0, 0, 2, 1, 0, 3, 1, 3, 1, 1, 0, 3, 3, 0, 1, 3, 1, 3, 0, 3, 3, 3, 0, 3, 3, 1, 1, 3, 3, 3, 0, 1, 3, 0, 3, 1, 2, 3, 1, 0, 1, 0, 3, 3, 1, 0, 3, 1, 3, 0, 0, 2, 0, 3, 1, 0, 3, 3, 1, 3, 1, 1, 0, 1, 3, 1, 3, 1, 3, 3, 1, 1, 1, 0, 3, 0, 2, 0, 1, 1, 1, 0, 1, 3, 3, 0, 1, 1, 0, 1, 0, 3, 1, 1, 0, 3, 3, 0, 3, 1, 3, 3, 3, 1, 0, 3, 3, 3, 1, 0, 0, 1, 1, 1, 2, 3, 1, 3, 0, 1, 0, 2, 0, 3, 3, 3, 3, 3, 0, 1, 3, 0], "confidence_scores": [[0.17448821226909178, 0.15519624775024216, 0.09232817153666521, 0.5779873684440009], [0.23621525165776822, 0.3333837588656254, 0.09238437210752207, 0.33801661736908434], [0.30703211965169447, 0.2975302667641036, 0.09749951620773288, 0.2979380973764692], [0.35562791235777663, 0.27592137842952663, 0.1373700247229639, 0.23108068448973304], [0.2660526684618535, 0.1853712657873742, 0.2960441638682579, 0.25253190188251445], [0.15987281850018728, 0.4338334886389242, 0.08145272427113762, 0.3248409685897509], [0.28834692171984216, 0.3499615154814295, 0.17816428842942764, 0.18352727436930064], [0.21553456282205, 0.3745737518952188, 0.20413383064916865, 0.2057578546335626], [0.46211267937022005, 0.16713990525106934, 0.17426157610978546, 0.19648583926892507], [0.35230934650815543, 0.19024187276504365, 0.28153505182947414, 0.17591372889732698], [0.4722153752666823, 0.2812496334840371, 0.07447177085764811, 0.17206322039163258], [0.5049437851896664, 0.21900923479683906, 0.07754545743172285, 0.19850152258177176], [0.06748945194543189, 0.32566314060647605, 0.473796642244569, 0.13305076520352313], [0.22018235841086284, 0.30618039493151694, 0.21344230224303168, 0.2601949444145885], [0.27148090024841853, 0.2582370766366701, 0.20983721515346412, 0.2604448079614474], [0.1609094520813032, 0.2041454982392718, 0.306675619489447, 0.32826943018997806], [0.28491977529200907, 0.3214909385771166, 0.14530934904379256, 0.24827993708708176], [0.1656286684832961, 0.29092564797709797, 0.10194023654364626, 0.44150544699595967], [0.11382572846213723, 0.6187456785319563, 0.11790818123706796, 0.14952041176883854], [0.22963135704953744, 0.30693409047423226, 0.2146594607935004, 0.24877509168273], [0.2975594237339289, 0.26236060780262166, 0.19819195398786094, 0.24188801447558844], [0.18905484132187433, 0.18502170036009608, 0.20249639407444997, 0.4234270642435795], [0.27817038605991934, 0.2556205207175078, 0.12289440381183783, 0.3433146894107351], [0.35466955896109037, 0.31950446126078336, 0.06839714034174454, 0.2574288394363817], [0.24501585222789532, 0.27523951369626637, 0.24572406371353595, 0.23402057036230267], [0.1837148114993559, 0.19504630541704715, 0.08911781357324317, 0.5321210695103538], [0.2562262542936968, 0.28582032974419574, 0.28157437599170354, 0.17637903997040402], [0.18067066251893116, 0.24098956029623292, 0.10326640744509524, 0.47507336973974085], [0.39413920027462784, 0.2122793747814786, 0.15079698650668558, 0.24278443843720793], [0.14946876537606796, 0.17209302708794214, 0.31526928514248465, 0.3631689223935054], [0.12690818664866127, 0.1945235505232362, 0.15266600906681738, 0.5259022537612851], [0.28958311901201306, 0.2746444226354372, 0.0933827847026782, 0.3423896736498715], [0.3931308154979966, 0.27935241522928306, 0.16035101383636902, 0.1671657554363513], [0.08578652273761533, 0.25298427848865124, 0.16955792833558248, 0.49167127043815095], [0.2872855425529325, 0.220179685987851, 0.1310394234219728, 0.3614953480372437], [0.0895002477649888, 0.5839556051283762, 0.11923570106154362, 0.2073084460450915], [0.17252034705390515, 0.4689167332614014, 0.11614424333561146, 0.242418676349082], [0.16271467023889166, 0.3031747897459841, 0.16300397468315325, 0.37110656533197117], [0.19227800830019695, 0.2240738454197064, 0.11250382028708272, 0.4711443259930139], [0.2697474046862152, 0.1670029876540253, 0.07572899777493985, 0.48752060988481977], [0.3989789137507166, 0.12741056719477994, 0.12516056187258673, 0.3484499571819167], [0.3030632828739203, 0.30338092511194187, 0.15924243509360006, 0.23431335692053795], [0.23352531757379305, 0.21757999210016193, 0.21093196661929198, 0.33796272370675323], [0.3298466247666162, 0.319064356685145, 0.12386054623819169, 0.22722847231004728], [0.301632968130326, 0.2469949121207779, 0.10966825549758397, 0.3417038642513121], [0.13951821781902954, 0.34616755637821106, 0.3087018004571576, 0.20561242534560195], [0.1127046513352019, 0.27323607303041725, 0.40019739171978724, 0.21386188391459368], [0.23763355485476342, 0.2528805112798463, 0.1530824105555132, 0.3564035233098772], [0.2311164618409804, 0.31749065469663906, 0.24948170242953507, 0.20191118103284555], [0.3230224506831886, 0.31861633167528247, 0.10809465705659102, 0.2502665605849382], [0.21813705516579393, 0.305331184743098, 0.19678038350703747, 0.2797513765840705], [0.383902401652676, 0.23208933005701485, 0.0983502417717514, 0.28565802651855776], [0.3372341440762684, 0.2211830199091805, 0.09793324365875981, 0.3436495923557914], [0.21571443665501713, 0.21085861302946385, 0.2614204148281376, 0.31200653548738133], [0.1436199990249904, 0.3549607679714168, 0.24084772180837302, 0.26057151119522004], [0.45359612551402395, 0.2965347256460284, 0.09362604753117587, 0.15624310130877175], [0.19365298132658254, 0.3241713704148031, 0.12689820790509992, 0.35527744035351466], [0.16941273996423137, 0.4331085348991911, 0.1646845450760503, 0.23279418006052718], [0.1621502934395088, 0.2897832245416245, 0.20545720487671904, 0.34260927714214784], [0.3636421665167363, 0.2690953150461809, 0.14194338123622946, 0.2253191372008537], [0.34656678161473514, 0.2722686342518855, 0.10940998786589973, 0.2717545962674796], [0.10324301664333635, 0.1688281194853141, 0.47545240317801896, 0.25247646069333063], [0.5487658905500664, 0.21767489065559897, 0.08999713735018908, 0.1435620814441457], [0.1286489641209912, 0.2846164263414748, 0.1581418962908735, 0.4285927132466604], [0.3379356344421012, 0.36480517442288546, 0.1024586722000523, 0.19480051893496111], [0.3787761694155192, 0.28403061195306656, 0.10001875530500419, 0.23717446332641015], [0.15866134362591625, 0.27276808176337203, 0.16808073068499513, 0.40048984392571657], [0.08060963563207987, 0.23417298670901865, 0.21619905945280932, 0.46901831820609213], [0.07221984122667302, 0.45156024043101717, 0.19231579570794066, 0.28390412263436926], [0.07292597676683417, 0.2353238865527964, 0.13620989991462343, 0.5555402367657459], [0.11150782007141148, 0.7040126319538487, 0.07962028708744939, 0.10485926088729043], [0.16869088113523295, 0.44137982113745183, 0.16999019569388954, 0.2199391020334256], [0.6592785669643588, 0.1481604705662042, 0.07951781656793352, 0.11304314590150345], [0.22768204043225357, 0.33161914145010724, 0.15786964720752825, 0.2828291709101111], [0.11267640329940282, 0.21387464282434154, 0.10235428954864673, 0.5710946643276089], [0.20126492727233303, 0.3673449310533481, 0.22783256573674102, 0.20355757593757812], [0.17080299488274128, 0.15656566447775086, 0.11422049427301208, 0.558410846366496], [0.19035581940251348, 0.3741612668034781, 0.1305279795944129, 0.3049549341995955], [0.17227688661989016, 0.29768534937313773, 0.13829945352986667, 0.39173831047710556], [0.2059092195763109, 0.16372951549824008, 0.1292074121268077, 0.5011538527986413], [0.2601715969072843, 0.37766136095664715, 0.1426404443776137, 0.21952659775845493], [0.12965707588717104, 0.4132320932446573, 0.1870093166304947, 0.27010151423767703], [0.24843318150999, 0.4047869828380709, 0.13552924270076175, 0.21125059295117735], [0.3801424962728946, 0.18082687360884087, 0.12662204594415874, 0.3124085841741058], [0.09220929205833867, 0.23842557281893967, 0.2392157871738684, 0.4301493479488533], [0.29410175499743635, 0.2547061422104454, 0.1743128006900087, 0.2768793021021096], [0.15770897220446964, 0.29017417177335914, 0.34432540369087067, 0.20779145233130045], [0.4068176289082247, 0.21856091583491172, 0.15941372707041385, 0.21520772818644987], [0.21611593105288807, 0.44219704982027025, 0.12033582816656513, 0.2213511909602765], [0.295000951486763, 0.39667954249031095, 0.10476756002569147, 0.20355194599723458], [0.1835478743665027, 0.4502090894041096, 0.1792765659121164, 0.1869664703172713], [0.38055341178359625, 0.24429612568128173, 0.10256034098393145, 0.2725901215511906], [0.1524931836627954, 0.39926786789588764, 0.13796005402626496, 0.31027889441505213], [0.28062386180834664, 0.1937894951931541, 0.07992998499158861, 0.4456566580069105], [0.22580992445439535, 0.30632834690924543, 0.15461174407848047, 0.31324998455787867], [0.49713739436751014, 0.23497201342217994, 0.0727889763820907, 0.19510161582821936], [0.25704328846301533, 0.3597691134767039, 0.19301150026836197, 0.19017609779191885], [0.31604949592867876, 0.41069433663950466, 0.07639878932709958, 0.19685737810471693], [0.3108873587652622, 0.18504531279524894, 0.21580213350364352, 0.28826519493584535], [0.13864798685197105, 0.529856393926582, 0.10438694811273869, 0.22710867110870833], [0.3368529631542529, 0.2917663737545904, 0.06792882650182869, 0.303451836589328], [0.128520766874937, 0.18825632967865163, 0.15283815376269408, 0.5303847496837172], [0.23196154355039447, 0.41852184374068213, 0.13393865402832075, 0.21557795868060267], [0.3094619762769008, 0.3345142495580345, 0.13929210298829964, 0.2167316711767652], [0.3198575799705421, 0.2692762700086598, 0.15967737218591016, 0.25118877783488797], [0.10515884394350238, 0.13513632029468994, 0.06187627536730967, 0.697828560394498], [0.24172546012395887, 0.26791940883314247, 0.21233034587802685, 0.2780247851648719], [0.3414842564606641, 0.22834243921372505, 0.09400701529268052, 0.33616628903293033], [0.1947197700679738, 0.18365937402088034, 0.08613160461944687, 0.5354892512916989], [0.33756149905962357, 0.3564881566847987, 0.07706712125262445, 0.22888322300295347], [0.2778781239487654, 0.22653480658923703, 0.12341762670912808, 0.37216944275286973], [0.16213253072968842, 0.2527022179273286, 0.12867126241266422, 0.4564939889303187], [0.33580702281535946, 0.10442814650183405, 0.059252601323355227, 0.5005122293594512], [0.31725034550711123, 0.4122260748870609, 0.12659684565500373, 0.14392673395082425], [0.35979811768865566, 0.2577527836002316, 0.11939434910848243, 0.26305474960263026], [0.13623282612304036, 0.2797687946302898, 0.12320548492683983, 0.4607928943198301], [0.23969281967457917, 0.27434384091089964, 0.11773012696526117, 0.3682332124492601], [0.12808888218003914, 0.18534663029538317, 0.1653123046806841, 0.5212521828438935], [0.26174990489954714, 0.33668774556439907, 0.0984272580744165, 0.30313509146163714], [0.35481413365918535, 0.22088256664428932, 0.11529186627674098, 0.30901143341978454], [0.2802838142752001, 0.23626978148165634, 0.238029378342742, 0.24541702590040176], [0.1623489864308453, 0.6138656361615289, 0.07350176226480426, 0.15028361514282162], [0.14790763871805135, 0.4827247994517726, 0.11590746697693513, 0.25346009485324106], [0.16893255261879386, 0.5304685036827086, 0.08216985446829338, 0.21842908923020407], [0.14066554841241255, 0.10479413823819103, 0.5705179576096105, 0.18402235573978587], [0.19744543464354025, 0.23532069928228955, 0.2611947800414913, 0.30603908603267904], [0.2574055476481563, 0.3229807999395975, 0.12246874682974389, 0.2971449055825023], [0.3024551106079653, 0.2754404395665224, 0.09840453291695389, 0.3236999169085585], [0.5281259893025732, 0.17322358082824846, 0.08461768144063413, 0.2140327484285441], [0.25706212769220305, 0.38318878912763216, 0.1498659777774473, 0.2098831054027176], [0.33056240612977816, 0.24574956877309065, 0.09796650440494024, 0.32572152069219096], [0.2137939440580941, 0.2519515957600042, 0.26957762263283314, 0.2646768375490685], [0.3943985873126701, 0.2136015670380564, 0.20814506618333425, 0.18385477946593942], [0.2748049628610872, 0.2862489930926431, 0.09476019915903151, 0.34418584488723825], [0.2834836074743956, 0.19278432523543093, 0.1630819062198435, 0.36065016107033004], [0.30340953256197845, 0.16088687390046183, 0.08946045045261423, 0.4462431430849454], [0.31310190535255594, 0.24921515176983183, 0.12215667575237205, 0.31552626712524035], [0.1170672166312533, 0.16206122918817845, 0.2580400000282075, 0.4628315541523607], [0.3819521607003561, 0.19651562725334032, 0.13413974035218193, 0.28739247169412174], [0.21510098258124663, 0.2876890587047032, 0.2848295448808756, 0.21238041383317438], [0.1818167223931985, 0.27210695929107503, 0.14697570986454875, 0.39910060845117784], [0.41101852120830756, 0.24137126583282076, 0.10891507721612871, 0.23869513574274312]]}}