{"test": {"ids": ["100111380", "110118121", "109120540", "110118181", "107115250", "105112100", "110118810", "112119450", "98106880", "107114780", "99111440", "113117550", "108117451", "102110690", "101108621", "106114321", "111120640", "102110050", "102110500", "103113210", "99109311", "110114920", "110116300", "103117200", "104119290", "105113440", "105115680", "113120540", "112118581", "103118110", "101115190", "111119430", "113118620", "106118301", "111116170", "104111550", "113122190", "107120880", "107115140", "107118820", "106116640", "110120640", "108113740", "107114280", "106115120", "108117360", "104119340", "103113640", "111115780", "105117351", "99114890", "110120531", "101108080", "110120560", "104118340", "113118231", "98107210", "99107660", "106114280", "106117650", "113121950", "112117660", "105113190", "109119591", "111120220", "108116120", "102112170", "107117630", "107116501", "99112641", "102110240", "100111620", "105113210", "107118520", "111115770", "112116640", "110118930", "107114200", "110114651", "109118820", "111115400", "112116810", "108115880", "113117401", "99119830", "104117200", "97109080", "104112470", "108114040", "103111620", "102110850", "110118161", "104114740", "113121810", "104109311", "102110750", "101112160", "109116441", "98109311", "108113620", "97111790", "99109141", "108120700", "108117720", "107120130", "111116750", "109113591", "110116290", "97106591", "98112580", "108119330", "113122220", "97110950", "102107961", "110121450", "110115120", "109121351", "99108330", "111119250", "113122180", "109116170", "104111711", "99107560", "113118870", "97107920", "99109910", "99108580", "112120540", "113119450", "107114490", "103120780", "112119500", "99111930", "103111930", "112117431", "98110230", "105115570", "107116300", "99105921", "101111620", "97106000", "110116170"], "labels": [3, 3, 1, 1, 2, 1, 1, 3, 0, 2, 3, 3, 2, 0, 0, 2, 0, 3, 3, 3, 1, 3, 3, 0, 1, 0, 2, 3, 1, 2, 1, 3, 3, 1, 0, 1, 1, 1, 0, 3, 3, 0, 3, 3, 1, 1, 1, 1, 1, 0, 2, 0, 0, 0, 2, 3, 1, 3, 3, 1, 3, 0, 3, 0, 3, 1, 3, 0, 1, 1, 3, 3, 3, 2, 3, 0, 1, 2, 3, 3, 0, 3, 3, 3, 1, 3, 2, 1, 0, 0, 3, 0, 2, 2, 3, 1, 3, 3, 1, 3, 2, 3, 2, 1, 2, 3, 3, 2, 1, 2, 0, 1, 3, 3, 3, 0, 0, 1, 1, 2, 0, 1, 1, 0, 0, 2, 0, 3, 3, 3, 1, 2, 1, 3, 0, 3, 0, 0, 1, 3, 0, 0], "predicted_labels": [1, 0, 1, 3, 3, 3, 1, 3, 0, 1, 0, 3, 1, 1, 1, 3, 1, 2, 3, 1, 2, 0, 1, 3, 3, 1, 1, 3, 3, 3, 1, 2, 0, 1, 3, 1, 3, 3, 0, 1, 0, 1, 3, 3, 3, 2, 3, 0, 3, 0, 1, 3, 1, 3, 1, 1, 0, 1, 3, 1, 1, 3, 0, 3, 1, 0, 0, 1, 0, 2, 3, 2, 1, 1, 1, 0, 1, 3, 1, 2, 2, 1, 1, 1, 1, 0, 1, 1, 3, 2, 3, 0, 1, 2, 1, 1, 2, 0, 2, 3, 3, 1, 0, 3, 1, 0, 1, 1, 0, 0, 2, 0, 1, 1, 1, 1, 1, 3, 2, 3, 3, 2, 1, 1, 0, 0, 1, 3, 1, 3, 1, 1, 1, 1, 0, 0, 2, 1, 1, 3, 1, 3], "confidence_scores": [[0.24941554536287228, 0.40817659466256895, 0.11854903079074246, 0.22385882918381644], [0.49162933177281454, 0.14229999616333616, 0.09542459612264749, 0.27064607594120194], [0.19010560886037076, 0.3725947530462129, 0.15591604543458423, 0.2813835926588321], [0.1711618797295502, 0.2507575231247691, 0.19411338388345806, 0.38396721326222266], [0.16513281087489373, 0.3346903562418562, 0.1253374864729131, 0.37483934641033706], [0.1600058100487248, 0.18178610422507688, 0.16145634413864207, 0.4967517415875563], [0.2903669229867067, 0.3239352413600119, 0.15137267276331495, 0.23432516288996652], [0.15292605754456545, 0.12071936847263996, 0.057372532446776134, 0.6689820415360185], [0.34042964771922757, 0.21248718953291668, 0.19731827845451844, 0.24976488429333737], [0.25528299239795565, 0.2978214649743083, 0.2834515150023453, 0.16344402762539084], [0.3738771780570513, 0.2888047068045902, 0.21405764413245476, 0.12326047100590387], [0.1755113566751119, 0.25274373892327395, 0.2370735081938944, 0.33467139620771974], [0.3049475580830699, 0.3177386206726713, 0.09187972528224542, 0.2854340959620134], [0.21792654860836874, 0.553321460621126, 0.07935693039259797, 0.14939506037790737], [0.18654706155393966, 0.35112146140881634, 0.1790601382502164, 0.28327133878702765], [0.2009728503399806, 0.29049564409783757, 0.2000199644936489, 0.3085115410685329], [0.2641141104116858, 0.3917812174388635, 0.13316204620813676, 0.21094262594131405], [0.11534844941556932, 0.30730596109491976, 0.4262544778313873, 0.15109111165812347], [0.15576631661048734, 0.2896209769667182, 0.2541679757324944, 0.3004447306903002], [0.24099570618166033, 0.43619205124032184, 0.10671307479169923, 0.21609916778631852], [0.1796407645135942, 0.26577440796009044, 0.3637471545793434, 0.19083767294697188], [0.460482266606536, 0.12320099221235674, 0.13312614979966036, 0.28319059138144687], [0.21832762308553608, 0.320183631977309, 0.1904035813038598, 0.2710851636332953], [0.2632807786665294, 0.2834671624641888, 0.14711602162065537, 0.30613603724862637], [0.16754515648348922, 0.2019225746111714, 0.1226394395967368, 0.5078928293086027], [0.19349489961896793, 0.29222181525693786, 0.28414023012940964, 0.2301430549946846], [0.23367949724296655, 0.4428085683326431, 0.18797404717696084, 0.13553788724742954], [0.3417556160659019, 0.17473970208877102, 0.13325497792506086, 0.3502497039202661], [0.10018733377765325, 0.23979725187630524, 0.23350667730316382, 0.4265087370428775], [0.16866194762385017, 0.20980473062152255, 0.1303083856705339, 0.4912249360840934], [0.25092360817742027, 0.30800494201706957, 0.25166843376713643, 0.18940301603837373], [0.08998837012192303, 0.20753946834194645, 0.40891122454620665, 0.29356093698992386], [0.2777527879230685, 0.21322613679470273, 0.2657336703838289, 0.24328740489839976], [0.26467254312360955, 0.3427449355669535, 0.09446635398525455, 0.2981161673241825], [0.25656916059497314, 0.28425494215492353, 0.08929040777551411, 0.3698854894745892], [0.16798402546224936, 0.4925382262275345, 0.14736466329084902, 0.19211308501936722], [0.21702909446997776, 0.24782615064167063, 0.21410917840428426, 0.32103557648406744], [0.19918033223898698, 0.16572895666852622, 0.17866954520899989, 0.456421165883487], [0.30308834876354623, 0.1698567613722282, 0.2604785136675369, 0.26657637619668867], [0.25309613638342915, 0.36294573929039, 0.13713387527036772, 0.24682424905581327], [0.2815813640257751, 0.22321200454887533, 0.2630438804712751, 0.23216275095407451], [0.2675604460304046, 0.35966383993597273, 0.15466976207580624, 0.21810595195781646], [0.23862121559358834, 0.1553730880359472, 0.13418826341000575, 0.47181743296045886], [0.23899029197336166, 0.2669388577310658, 0.17325673052808088, 0.32081411976749163], [0.2608019969526469, 0.2477667536276479, 0.12848358821863923, 0.36294766120106625], [0.12374306862027447, 0.20768445269862787, 0.38298206516591843, 0.2855904135151792], [0.2512138525282708, 0.23268576958141124, 0.20542074568064905, 0.3106796322096689], [0.4257738210431316, 0.20606957657411454, 0.13710303720085515, 0.2310535651818986], [0.23495724885162922, 0.2899917006232399, 0.15836188135221363, 0.31668916917291734], [0.41690598285663183, 0.21030200211612154, 0.10362408003378172, 0.269167934993465], [0.1877646051273002, 0.32146162098292186, 0.21576357867425153, 0.27501019521552644], [0.2644684059099022, 0.2267209645251143, 0.137584948580631, 0.3712256809843524], [0.31073497695973634, 0.32652382523466394, 0.21256287780108257, 0.15017832000451725], [0.18707137422585138, 0.2807751565404587, 0.24777171544834958, 0.2843817537853404], [0.12264628300061728, 0.36935539319428407, 0.2939442429345176, 0.21405408087058106], [0.2047674433259756, 0.34319807800075436, 0.17653688634069992, 0.2754975923325701], [0.36246825354982487, 0.224457864576074, 0.19012757309328837, 0.22294630878081295], [0.26357152173552484, 0.29193657859374134, 0.23810644418228458, 0.20638545548844908], [0.21150665310985117, 0.1703892207259882, 0.13816609883488004, 0.4799380273292806], [0.18735726459593793, 0.4455652386083651, 0.09908402545961636, 0.26799347133608054], [0.1355030425442666, 0.48776676943200276, 0.20166266817534742, 0.17506751984838337], [0.17328269382461928, 0.20668674069306966, 0.2705162667156504, 0.34951429876666057], [0.2909016896393517, 0.1921485676821346, 0.2612952416738515, 0.25565450100466236], [0.26109223861791336, 0.19990331431002245, 0.16727218517723463, 0.3717322618948295], [0.21906975388538955, 0.34997885534267587, 0.13017853017857575, 0.300772860593359], [0.3031161379404533, 0.2106440024848141, 0.2673188954647827, 0.21892096410995], [0.3958637866908396, 0.20967286502693025, 0.1584312151877987, 0.2360321330944315], [0.22300194008214969, 0.469283375037314, 0.12484074592898285, 0.18287393895155332], [0.31529138675664214, 0.18807517655678258, 0.3094973432847183, 0.18713609340185702], [0.20924137753071467, 0.22133163736514658, 0.3685766087451338, 0.20085037635900507], [0.2073059919694333, 0.21491227669107416, 0.18084706038958112, 0.39693467094991164], [0.1408876917456267, 0.29230474905243337, 0.3124613911607649, 0.25434616804117516], [0.23597023691986144, 0.5000089746867264, 0.08970183703428097, 0.17431895135913109], [0.16595461219932833, 0.4935664371231682, 0.1678772077187852, 0.17260174295871836], [0.14380191655173669, 0.3067938931769502, 0.2962748214683921, 0.2531293688029211], [0.392069455979116, 0.26565732093088634, 0.20294641109519307, 0.13932681199480448], [0.11120158689784886, 0.6136115372316631, 0.09954766190230767, 0.17563921396818047], [0.13433840328425076, 0.20560429349301054, 0.08191696904031077, 0.5781403341824279], [0.21943993311449156, 0.5157077896500981, 0.06119023701060065, 0.20366204022480974], [0.15773067841399424, 0.16051313532062897, 0.512997936153434, 0.16875825011194273], [0.19325453661508743, 0.2018013389799569, 0.3729552515456694, 0.23198887285928635], [0.2778488465238396, 0.29601826288626076, 0.1772318876744047, 0.24890100291549516], [0.2216302860316326, 0.48161772267549946, 0.13498799969415778, 0.16176399159871013], [0.22559505353436862, 0.34907945734643, 0.25508192657588175, 0.1702435625433197], [0.17876962778392508, 0.4367367061529484, 0.13030663072735657, 0.25418703533577], [0.34862589798054583, 0.2876338808403503, 0.1077181349608169, 0.25602208621828687], [0.14987747594069378, 0.4258824722244435, 0.1016120121184581, 0.3226280397164045], [0.2894101324588037, 0.30932351928730867, 0.1622524104541899, 0.23901393779969782], [0.15074705343727954, 0.1277968021188425, 0.15378701371222264, 0.5676691307316555], [0.22135534256671388, 0.24553554917604192, 0.3627867519516557, 0.1703223563055886], [0.23414859463082627, 0.1301801718352141, 0.14541619298013234, 0.4902550405538273], [0.42294305507347635, 0.1833989412073825, 0.13196418536068893, 0.26169381835845235], [0.20751345360305024, 0.3629331073345474, 0.15157096966255623, 0.27798246939984633], [0.21406266608993962, 0.26773075447474154, 0.28996845619367007, 0.22823812324164885], [0.22854045315937507, 0.36375879436503444, 0.09558493077831778, 0.3121158216972727], [0.16107023638965948, 0.39870524333613355, 0.16560024728517933, 0.27462427298902775], [0.21262890336443502, 0.21975803353206752, 0.3516033522674163, 0.21600971083608114], [0.4317460715167179, 0.27828803957767584, 0.09442608248343952, 0.19553980642216667], [0.1687664953041993, 0.2424056082331795, 0.3144312295629339, 0.27439666689968734], [0.1981265047414201, 0.27486623546780575, 0.2106199333711955, 0.3163873264195786], [0.22669139938192745, 0.24673971670996953, 0.22198827847623995, 0.30458060543186316], [0.23261179935511203, 0.37573566901523153, 0.20593851035795555, 0.18571402127170092], [0.28445956592053007, 0.24983834579495545, 0.21101341007586, 0.25468867820865454], [0.27365335727588247, 0.269555335031285, 0.16787710010509843, 0.2889142075877342], [0.2770237216304624, 0.28121359279111124, 0.16172850466719613, 0.2800341809112303], [0.38988915423132975, 0.1582834289683126, 0.1706856458495179, 0.2811417709508397], [0.14014659583845873, 0.6281412575197621, 0.1342357032817465, 0.09747644336003262], [0.20165268991941337, 0.3520562519746577, 0.1911503774886797, 0.2551406806172495], [0.5090373842740448, 0.21576523175501083, 0.1227560504591343, 0.1524413335118101], [0.3728061816592585, 0.2736819124182919, 0.12978424177478395, 0.22372766414766584], [0.2613823891113035, 0.2662317618583634, 0.2744779900303099, 0.19790785900002325], [0.5574862026408005, 0.19592600798170662, 0.088739526280149, 0.15784826309734412], [0.2265189860113547, 0.31696611849396894, 0.22543477756499736, 0.23108011792967906], [0.28511809816600625, 0.4011377923988916, 0.14362527876579934, 0.17011883066930267], [0.1520665421765428, 0.3942676819897395, 0.20035367381560798, 0.2533121020181097], [0.2731183356782152, 0.36370342107798204, 0.12782190917770286, 0.23535633406610001], [0.21304272879157604, 0.3577233874484067, 0.20978885200917735, 0.21944503175084004], [0.12721826438452333, 0.2071618418700311, 0.32153583035927324, 0.34408406338617237], [0.17114732705217583, 0.2758943518030294, 0.354096472395808, 0.19886184874898677], [0.19037861537723816, 0.31804125769735425, 0.16905821244130378, 0.3225219144841039], [0.20599020823071268, 0.24345336009254417, 0.22586833325938108, 0.32468809841736224], [0.13679136299117198, 0.15409356943126792, 0.3801397274488452, 0.32897534012871493], [0.12879980776920397, 0.4013669008338221, 0.09071100926345899, 0.3791222821335149], [0.187264986805886, 0.40999686282225223, 0.1531856383142724, 0.24955251205758938], [0.45106607130193865, 0.09482943802346923, 0.1704707002389486, 0.28363379043564363], [0.2853227723168176, 0.27870613732079125, 0.2631399504245854, 0.17283113993780558], [0.1313008226348813, 0.4067172258816032, 0.3015964928681264, 0.16038545861538897], [0.26074701798317274, 0.31822720091279644, 0.09077423362679546, 0.33025154747723534], [0.22903349867788467, 0.32734751234772086, 0.16363943544947354, 0.27997955352492104], [0.2041300858760381, 0.2536875866804915, 0.2245057174541277, 0.31767660998934266], [0.23000297262002864, 0.35116754401333117, 0.13387753365024255, 0.28495194971639787], [0.13356080746922247, 0.5161126895248657, 0.21242962098919618, 0.13789688201671574], [0.21988181081277527, 0.29649620298472446, 0.28391820791990113, 0.1997037782825991], [0.20023856296369144, 0.3018888813790838, 0.21218560968487607, 0.28568694597234867], [0.2852328287872351, 0.2532478760404576, 0.20252520430474286, 0.2589940908675644], [0.36027388752010386, 0.32785006429972285, 0.11485930332340678, 0.1970167448567666], [0.12402442795912474, 0.292610416059783, 0.36017577825715874, 0.2231893777239336], [0.28913175926593393, 0.37837652098680313, 0.1137087589276216, 0.2187829608196413], [0.21685660007462046, 0.42712050356725423, 0.1834306226792381, 0.17259227367888727], [0.30663360416533103, 0.20929072099353635, 0.0914889021821782, 0.3925867726589546], [0.20923122475972, 0.3429719902912295, 0.19354631236245412, 0.2542504725865962], [0.17232972003788916, 0.3084926637623478, 0.1735712306138432, 0.34560638558591994]]}, "rewritten": {"ids": ["97106000", "97106591", "97107920", "97109080", "97110950", "97111790", "98106880", "98107210", "98109311", "98110230", "98112580", "99105921", "99107560", "99107660", "99108330", "99108580", "99109141", "99109311", "99109910", "99111440", "99111930", "99112641", "99114890", "99119830", "100111380", "100111620", "101108080", "101108621", "101111620", "101112160", "101115190", "102107961", "102110050", "102110240", "102110500", "102110690", "102110750", "102110850", "102112170", "103111620", "103111930", "103113210", "103113640", "103117200", "103118110", "103120780", "104109311", "104111550", "104111711", "104112470", "104114740", "104117200", "104118340", "104119290", "104119340", "105112100", "105113190", "105113210", "105113440", "105115570", "105115680", "105117351", "106114280", "106114321", "106115120", "106116640", "106117650", "106118301", "107114200", "107114280", "107114490", "107114780", "107115140", "107115250", "107116300", "107116501", "107117630", "107118520", "107118820", "107120130", "107120880", "108113620", "108113740", "108114040", "108115880", "108116120", "108117360", "108117451", "108117720", "108119330", "108120700", "109113591", "109116170", "109116441", "109118820", "109119591", "109120540", "109121351", "110114651", "110114920", "110115120", "110116170", "110116290", "110116300", "110118121", "110118161", "110118181", "110118810", "110118930", "110120531", "110120560", "110120640", "110121450", "111115400", "111115770", "111115780", "111116170", "111116750", "111119250", "111119430", "111120220", "111120640", "112116640", "112116810", "112117431", "112117660", "112118581", "112119450", "112119500", "112120540", "113117401", "113117550", "113118231", "113118620", "113118870", "113119450", "113120540", "113121810", "113121950", "113122180", "113122190", "113122220"], "labels": [0, 1, 0, 2, 3, 2, 0, 1, 1, 3, 2, 1, 1, 3, 1, 0, 3, 1, 2, 3, 1, 1, 2, 1, 3, 3, 0, 0, 3, 3, 1, 3, 3, 3, 3, 0, 1, 3, 3, 0, 3, 3, 1, 0, 2, 1, 3, 1, 1, 1, 2, 3, 2, 1, 1, 1, 3, 3, 0, 0, 2, 0, 3, 2, 1, 3, 1, 1, 2, 3, 3, 2, 0, 2, 0, 1, 0, 2, 3, 2, 1, 3, 3, 0, 3, 1, 1, 2, 1, 0, 2, 3, 0, 3, 3, 0, 1, 0, 3, 3, 0, 0, 2, 3, 3, 0, 1, 1, 1, 0, 0, 0, 3, 0, 3, 1, 0, 3, 1, 3, 3, 0, 0, 3, 0, 0, 1, 3, 2, 3, 3, 3, 3, 3, 0, 3, 3, 2, 3, 2, 1, 1], "predicted_labels": [1, 3, 0, 3, 1, 0, 2, 0, 0, 0, 2, 0, 1, 0, 3, 1, 1, 0, 2, 0, 1, 1, 3, 3, 3, 3, 0, 0, 3, 2, 1, 0, 2, 3, 3, 1, 2, 3, 1, 2, 1, 1, 0, 3, 3, 3, 3, 1, 3, 3, 3, 1, 1, 3, 3, 3, 3, 1, 1, 1, 1, 0, 3, 1, 3, 0, 1, 1, 1, 1, 3, 1, 3, 1, 0, 3, 3, 1, 3, 1, 1, 3, 0, 3, 1, 0, 3, 3, 3, 2, 1, 1, 1, 0, 3, 3, 3, 1, 3, 0, 3, 3, 3, 3, 0, 0, 3, 3, 1, 3, 2, 3, 1, 3, 1, 1, 3, 0, 2, 2, 1, 1, 0, 3, 1, 0, 3, 3, 3, 1, 0, 3, 2, 3, 1, 3, 3, 2, 1, 3, 3, 0], "confidence_scores": [[0.14973585614135287, 0.47094084435506023, 0.1621396742631709, 0.2171836252404161], [0.30627125164207597, 0.18656385754024118, 0.1672492909430336, 0.3399155998746492], [0.5785434425925836, 0.11230695869314795, 0.17619966150154107, 0.1329499372127274], [0.1679470217638098, 0.2967725808851561, 0.12604979885019488, 0.4092305985008392], [0.20767407080090136, 0.3192990828310271, 0.20185779279822033, 0.27116905356985116], [0.3019667459079091, 0.290775276359773, 0.16399680852341744, 0.24326116920890029], [0.24756068662363534, 0.225303886019276, 0.2717026378026956, 0.25543278955439325], [0.5129299979154492, 0.19669616564305442, 0.14415413347645148, 0.1462197029650449], [0.3111912746304564, 0.1828288080044705, 0.2595268671665206, 0.24645305019855263], [0.3579447835565211, 0.31344967602132434, 0.15901078729659723, 0.16959475312555733], [0.1725327588799292, 0.16958679628025877, 0.511635023803011, 0.146245421036801], [0.3973393916876522, 0.20708367218856114, 0.17578294895899016, 0.21979398716479656], [0.22298736163414845, 0.3543311112946183, 0.12167423588470463, 0.30100729118652875], [0.44843124629227243, 0.26533120801352433, 0.13336118248911116, 0.1528763632050921], [0.17588023966957902, 0.15653604032750718, 0.2128932274816563, 0.45469049252125743], [0.14751987364628513, 0.41811596892524516, 0.21713427232798735, 0.21722988510048238], [0.19235256281438132, 0.3717361135571222, 0.19410415587960614, 0.24180716774889047], [0.4020479008365201, 0.3067120358704075, 0.11433091963409298, 0.17690914365897945], [0.19919445036216937, 0.15393915018932489, 0.40748974126166365, 0.23937665818684203], [0.31903231871207377, 0.26854433022206237, 0.26214965852788974, 0.1502736925379741], [0.19706240120978272, 0.33091536058371845, 0.18460491957782868, 0.28741731862867026], [0.19491391977696237, 0.4093234932281903, 0.22046911790309437, 0.17529346909175317], [0.1846534068427558, 0.2930241327813476, 0.1983741450423848, 0.32394831533351187], [0.17060342016880212, 0.19862749323985962, 0.14250517827601972, 0.48826390831531863], [0.21646203472717698, 0.3042812116993251, 0.10253288899788818, 0.37672386457560986], [0.17715285212507575, 0.18662372856715465, 0.3030513594237856, 0.33317205988398396], [0.32489693570405737, 0.28046000803764665, 0.2344708931911449, 0.1601721630671513], [0.3145624707136615, 0.1969221512852219, 0.1928923581257851, 0.29562301987533146], [0.2527353478693345, 0.15101556588497927, 0.23917764956691268, 0.35707143667877367], [0.09637002128188774, 0.20390753713866105, 0.4582964072073924, 0.24142603437205898], [0.1734511676356444, 0.32742962170196177, 0.1961565906025274, 0.3029626200598667], [0.3429942275572431, 0.19781360379842658, 0.19042236363119064, 0.26876980501313985], [0.12482336994306813, 0.2774514586190342, 0.4613124277196935, 0.1364127437182042], [0.13408177311577155, 0.23567967968974923, 0.19582193762981642, 0.4344166095646628], [0.22156682746178943, 0.25832192420743527, 0.16457366444561913, 0.3555375838851562], [0.18297991825335072, 0.3758605328482698, 0.09997926099491997, 0.3411802879034595], [0.14144068839252846, 0.31486646831376136, 0.32100915219718756, 0.22268369109652256], [0.12546925145586393, 0.2501390758750652, 0.2189098285366761, 0.40548184413239485], [0.21187903091488436, 0.35610532284429514, 0.18770571568543315, 0.24430993055538744], [0.23686922717718614, 0.28115233138173795, 0.2993340473934506, 0.18264439404762534], [0.23167136673765884, 0.5049888686656268, 0.11043417464559416, 0.15290558995112027], [0.2922603232828594, 0.2955761735687957, 0.1573092038944233, 0.25485429925392156], [0.4476465156470924, 0.17426362728690037, 0.14076422581342557, 0.23732563125258177], [0.2520306381633348, 0.214013033582139, 0.13167964608786137, 0.4022766821666648], [0.2615685006545913, 0.19756375248686486, 0.11910775400704893, 0.42175999285149474], [0.15186384235129705, 0.2688383147756494, 0.14409052988602872, 0.43520731298702475], [0.16654035480572196, 0.13448070883958518, 0.13632163111887752, 0.5626573052358155], [0.14418911063966522, 0.425365759793335, 0.1411065303936113, 0.2893385991733884], [0.1803733180557165, 0.13880310872287374, 0.18116331099368574, 0.49966026222772414], [0.2105484116342517, 0.20442920685705673, 0.2084124936767459, 0.3766098878319456], [0.2088093960896375, 0.23104222672574595, 0.25456633063932066, 0.30558204654529597], [0.22092183547689, 0.36303137577554057, 0.21197924411107685, 0.20406754463649257], [0.13843222863939436, 0.39678718667869084, 0.19459088379710168, 0.27018970088481314], [0.17332704553424158, 0.22656508918650642, 0.29427225532564905, 0.30583560995360287], [0.30376794345070995, 0.20911212265893206, 0.15177624213508586, 0.3353436917552722], [0.09651786051406573, 0.22669208918127035, 0.18621765776194954, 0.49057239254271456], [0.27675654995445975, 0.14863414828267862, 0.1544801720264426, 0.42012912973641914], [0.18703948086984928, 0.4767979025286834, 0.09225611739240383, 0.2439064992090635], [0.22791119059767317, 0.3354604591724863, 0.1888317401952319, 0.2477966100346088], [0.21669126943679293, 0.38625950348431853, 0.23196816268140594, 0.16508106439748266], [0.3058948202257565, 0.3757505356425072, 0.11299622210440269, 0.20535842202733373], [0.36054889796476075, 0.2112281494661447, 0.13511328262145442, 0.29310966994764026], [0.1955947719064111, 0.2527775077984633, 0.18389210150875532, 0.36773561878637034], [0.14729111225166874, 0.30289476124562387, 0.27864508394906495, 0.2711690425536425], [0.21287852418602046, 0.2973860794764457, 0.18042405955403898, 0.309311336783495], [0.4576940273149051, 0.116744695485735, 0.2218539750930285, 0.2037073021063314], [0.24169795132433267, 0.3385737980197834, 0.18745078880872387, 0.23227746184716017], [0.25417773408816235, 0.5100850208330115, 0.06524291299701246, 0.17049433208181344], [0.24279400537960075, 0.3712886774618551, 0.08321150744479126, 0.30270580971375305], [0.2124027653486095, 0.40482755417301575, 0.1902040129374233, 0.19256566754095159], [0.2779981265508393, 0.1854639223706287, 0.23582358476470067, 0.3007143663138314], [0.21898989953489797, 0.2978545790360434, 0.27817092576315183, 0.20498459566590674], [0.235727200083924, 0.16039087240590802, 0.2533076941559124, 0.3505742333542554], [0.2150870676865875, 0.35746755368566147, 0.11345089777830114, 0.31399448084945003], [0.4036662868798641, 0.22208806247287216, 0.1266291153955276, 0.2476165352517362], [0.2455254882198785, 0.20098921248408746, 0.11788500465383776, 0.43560029464219635], [0.22797882033853478, 0.24154185091454533, 0.07466606406771477, 0.45581326467920524], [0.1810529694986281, 0.36348672947187566, 0.21029419878381572, 0.2451661022456806], [0.24643198632090157, 0.2486397462770475, 0.23505402730653394, 0.26987424009551714], [0.26019308232180915, 0.3380486335683652, 0.1547962066729897, 0.24696207743683604], [0.20823016984796153, 0.2959561437698853, 0.20179976936952942, 0.2940139170126238], [0.1549468500424945, 0.24131621629771666, 0.15087377083853465, 0.4528631628212543], [0.38322649475443976, 0.1447766002084813, 0.11592352482863305, 0.356073380208446], [0.17573335334988432, 0.16506371041776188, 0.0861361377000217, 0.573066798532332], [0.18274675694057968, 0.4530337307892896, 0.1708026288712734, 0.19341688339885738], [0.31110697126480974, 0.21049939722966293, 0.20390326100255496, 0.2744903705029725], [0.13159115353039305, 0.12517458337259038, 0.33982447093849505, 0.4034097921585216], [0.21701749731769182, 0.11946366031020883, 0.06937145370168904, 0.5941473886704103], [0.19937550726271067, 0.27135085988727176, 0.16436926526949636, 0.36490436758052125], [0.17516044802518319, 0.1783862587491935, 0.43659802692250027, 0.209855266303123], [0.16492794349025985, 0.4027528238725348, 0.25923920250989435, 0.17308003012731105], [0.14025073838271715, 0.5120499394017716, 0.18667052848169824, 0.1610287937338132], [0.20887905529651268, 0.31095005879371407, 0.19800018901413124, 0.2821706968956421], [0.3640323651470994, 0.3123145734445471, 0.10068094786766701, 0.22297211354068652], [0.11471023736424021, 0.2536494708906417, 0.20381640311409854, 0.42782388863101944], [0.18167768270886794, 0.24624688111546925, 0.1609577803033505, 0.4111176558723124], [0.1731042891434047, 0.2668969291461578, 0.1925397089727672, 0.36745907273767037], [0.25237300898404097, 0.26225322164224185, 0.22565318834899983, 0.25972058102471735], [0.21242702809425043, 0.3292980781257691, 0.09620099221031125, 0.3620739015696694], [0.33590458906143417, 0.23883423354831274, 0.17070627016937537, 0.25455490722087776], [0.18975474196317343, 0.33760678188936405, 0.11999261226606192, 0.35264586388140073], [0.1339691019598354, 0.3233454731666702, 0.13238807525366553, 0.4102973496198289], [0.17268280747770998, 0.2182576212226152, 0.27023184249193566, 0.3388277288077392], [0.1083043156091562, 0.10532841305455054, 0.13005637463411587, 0.6563108967021773], [0.4941956852570341, 0.1436200497283158, 0.10707766879370664, 0.2551065962209435], [0.4769246239131842, 0.1915212356058948, 0.10559514973885288, 0.2259589907420683], [0.17442065018335, 0.20043153806736397, 0.1368586943246904, 0.48828911742459563], [0.23102671543568457, 0.26533742229168145, 0.2169895561444532, 0.28664630612818065], [0.09194423214160853, 0.480181840243153, 0.07875294975468515, 0.3491209778605534], [0.10902277979258274, 0.12455238531393832, 0.15072300403122788, 0.6157018308622512], [0.13013411862571742, 0.1761572013011078, 0.45486577079159946, 0.23884290928157548], [0.31298913324867134, 0.21833154576592406, 0.1510177233744109, 0.3176615976109937], [0.22890102051561365, 0.33366922520157893, 0.16608780448308327, 0.2713419497997242], [0.1761688299411301, 0.2655106853910752, 0.19084372668392338, 0.3674767579838713], [0.13890389368442582, 0.312386595328632, 0.2833453886278476, 0.2653641223590947], [0.19018857763803784, 0.41315943289524354, 0.14612494969735593, 0.25052703976936275], [0.1048256488208679, 0.38650170338429557, 0.12029261938473948, 0.38838002841009694], [0.3299266135409913, 0.1796012480641213, 0.20418368648822066, 0.28628845190666696], [0.1627864565567503, 0.31610315480789164, 0.3278502279402708, 0.19326016069508725], [0.11872514096830411, 0.2536246056632057, 0.35563802962630325, 0.27201222374218703], [0.1987710612747913, 0.36213215475622906, 0.10654370520746854, 0.3325530787615112], [0.26154621387129534, 0.5202441804405393, 0.07393248700306675, 0.1442771186850985], [0.4709502620336586, 0.19664022392370992, 0.1888211108877603, 0.1435884031548711], [0.25598325638885594, 0.2538778248313009, 0.19807329126436293, 0.2920656275154802], [0.2234826243068353, 0.421167892915708, 0.14848953396558398, 0.20685994881187286], [0.3611490620067914, 0.17889283126680292, 0.19592617349773736, 0.26403193322866836], [0.14315115315705693, 0.2893027163028949, 0.1924184411103719, 0.3751276894296765], [0.2418636682739821, 0.11503532226205636, 0.20332586827874882, 0.4397751411852127], [0.13881294930744736, 0.26901807631983704, 0.20193471599135202, 0.39023425838136366], [0.2959836667636581, 0.37390967067506703, 0.11083054356192007, 0.21927611899935473], [0.28818709390039093, 0.223957639629227, 0.28086286295164986, 0.20699240351873216], [0.2126832731098038, 0.1832112169602227, 0.1376868234432651, 0.4664186864867085], [0.21225364400928276, 0.22393839336685695, 0.3085674828594079, 0.2552404797644525], [0.12967250175354286, 0.2670062341849335, 0.23935263571233292, 0.3639686283491908], [0.156932438043423, 0.3539570257641039, 0.17169197433522157, 0.3174185618572514], [0.21068381727231478, 0.1319167168619044, 0.11656448518590078, 0.54083498067988], [0.27423191533498803, 0.18768661275264537, 0.14829646403404248, 0.38978500787832415], [0.08754408556068421, 0.15123184265552933, 0.49506605290223, 0.2661580188815564], [0.13278540859642546, 0.49622597945724, 0.18701558932849968, 0.18397302261783496], [0.18722892790328327, 0.28688023767839277, 0.12767100736541606, 0.3982198270529078], [0.1885407524745751, 0.22379823543637042, 0.23970700554242458, 0.34795400654662983], [0.33572172443261084, 0.1737927252266369, 0.1950615486166331, 0.29542400172411903]]}}