{"test": {"ids": ["107113550", "99109860", "111116411", "113118231", "99108010", "102113210", "97116800", "112119320", "97105960", "111121351", "113122150", "111118301", "113122190", "101112690", "101108290", "101109120", "111120220", "113119320", "112118820", "113121950", "100110260", "107120880", "107112850", "102117351", "101109000", "111114171", "99120010", "105116090", "100120780", "113122230", "109120560", "97106970", "112117790", "97106000", "112118421", "110117500", "111119950", "110114561", "112121410", "105112260", "111120280", "113118820", "105117200", "112116880", "99116500", "103111540", "111117120", "110117110", "99111930", "107121540", "100113210", "110118630", "110114610", "113118620", "104112470", "99109161", "109119591", "103113170", "112121030", "110117140", "113118690", "101108121", "107118820", "111119290", "106113260", "99108580", "102107961", "108119330", "113120780", "106116370", "105121370", "98112580", "108114360", "110121720", "101117580", "99110050", "105110251", "97109570", "113121810", "101115190", "109117150", "106114880", "112118471", "111121930", "103110050", "98109230", "103120780", "112119450", "103117200", "109116170", "99107660", "111114121", "104111711", "100120010", "103113260", "112120290", "109118701", "111116290", "108117451", "112120540", "110119030", "104111830", "109119450", "113120640", "108115250", "113119120", "109116441", "111117571", "113122430", "103113270", "110119300", "108120621", "113122510", "113119340", "112121360", "103109791", "113118630", "110120700", "110118450", "109116040", "111119430", "103111480", "112119980", "99121440", "111117480", "107120010", "101110740", "105120280", "104117200", "108119510", "112119930", "98108520", "105113620", "108120060", "108115070", "99108460", "105116441", "112117571", "106116120", "107118780", "109119010", "99114890"], "labels": [0, 2, 0, 3, 2, 3, 0, 1, 2, 0, 2, 3, 1, 1, 0, 1, 3, 1, 0, 3, 3, 1, 1, 1, 1, 3, 2, 1, 1, 1, 1, 2, 3, 0, 3, 1, 0, 0, 0, 3, 0, 0, 3, 0, 2, 1, 2, 0, 1, 2, 0, 1, 1, 3, 1, 3, 0, 3, 0, 3, 3, 0, 3, 3, 3, 0, 3, 0, 0, 2, 2, 2, 1, 3, 3, 3, 0, 0, 2, 1, 2, 0, 1, 1, 3, 1, 1, 3, 0, 0, 3, 0, 1, 0, 3, 1, 3, 2, 2, 3, 0, 3, 3, 0, 1, 3, 3, 3, 2, 2, 1, 1, 2, 0, 3, 3, 3, 2, 0, 0, 3, 0, 0, 2, 1, 1, 3, 3, 3, 1, 1, 2, 0, 1, 1, 0, 1, 3, 1, 1, 3, 2], "predicted_labels": [2, 3, 0, 1, 0, 3, 0, 3, 2, 3, 3, 1, 1, 1, 0, 1, 1, 0, 0, 1, 1, 3, 3, 3, 3, 3, 2, 0, 3, 3, 3, 3, 0, 3, 1, 1, 1, 1, 1, 3, 3, 0, 1, 1, 3, 3, 3, 1, 3, 1, 3, 3, 3, 1, 3, 2, 1, 1, 0, 3, 1, 1, 3, 1, 1, 2, 3, 2, 3, 0, 1, 1, 3, 1, 0, 1, 0, 3, 2, 1, 1, 1, 1, 0, 1, 3, 1, 1, 1, 0, 2, 1, 2, 3, 0, 2, 1, 0, 3, 3, 3, 3, 1, 3, 2, 3, 1, 0, 1, 1, 0, 0, 1, 0, 1, 3, 3, 1, 1, 1, 3, 0, 3, 3, 3, 1, 1, 3, 1, 1, 3, 3, 3, 1, 3, 3, 1, 3, 1, 0, 3, 3], "confidence_scores": [[0.14718761913218342, 0.18931951188226734, 0.43144590511139747, 0.23204696387415186], [0.2771833004767217, 0.19755302011916784, 0.1946803800207693, 0.33058329938334136], [0.600572502111892, 0.07808592470727717, 0.04331429894980954, 0.2780272742310214], [0.23123748035959796, 0.4826698127803385, 0.15866128288481718, 0.12743142397524646], [0.2790858444500158, 0.2324009529212985, 0.22498031117948042, 0.2635328914492053], [0.31201617137869814, 0.19851531931298325, 0.12044852724537848, 0.36901998206294007], [0.4806006321873216, 0.15333245941704693, 0.20953208715936508, 0.15653482123626664], [0.0981743608224058, 0.1898130325280354, 0.3534886060833476, 0.3585240005662114], [0.050480775748977094, 0.20748766468701516, 0.4576970645195151, 0.28433449504449265], [0.098099423731777, 0.310604426003469, 0.15774009638378686, 0.4335560538809671], [0.19890323509042618, 0.25570249837313835, 0.1603198973435558, 0.3850743691928796], [0.24682876040338247, 0.4865197757505911, 0.1096241044860185, 0.15702735936000808], [0.16518711052301266, 0.33142402984628727, 0.28121029400758385, 0.2221785656231161], [0.17025785210674207, 0.36004042270742204, 0.22072141463984613, 0.2489803105459899], [0.39881233375411274, 0.18905988681572836, 0.10182700143223092, 0.31030077799792793], [0.23486751443135237, 0.39435160632777266, 0.10639392165647638, 0.2643869575843985], [0.2512980611850835, 0.4673817860042451, 0.0685177363368315, 0.21280241647383985], [0.5697283568687226, 0.1328759231845256, 0.053384163056605795, 0.24401155689014586], [0.5510129384327005, 0.18379334365968686, 0.0520108052091452, 0.2131829126984674], [0.24830541234557504, 0.291407525706631, 0.20621985091646322, 0.25406721103133084], [0.18825233158837146, 0.4465142055864277, 0.18980911544586435, 0.1754243473793366], [0.2777071135087526, 0.28305578056271474, 0.08514043205911617, 0.3540966738694166], [0.2278553459010716, 0.3378774718722828, 0.08406845528203345, 0.3501987269446123], [0.21867614131750807, 0.19831629781345528, 0.07900438427946936, 0.5040031765895674], [0.17449176175985734, 0.2817538471985501, 0.2504096972213819, 0.29334469382021083], [0.2635672803337244, 0.1264877456051009, 0.14667975858803617, 0.4632652154731384], [0.10905651655174191, 0.27311208105227924, 0.3220256052040232, 0.2958057971919555], [0.46902291858983536, 0.18205197231512232, 0.1482555121083155, 0.20066959698672673], [0.1577661568649202, 0.1818080818407996, 0.24631284265452738, 0.4141129186397528], [0.20258075295221548, 0.21730382450817007, 0.1442621370659348, 0.43585328547367946], [0.14250781922151795, 0.15688141420835597, 0.17708232992664683, 0.5235284366434793], [0.17458506158661477, 0.2674855402126479, 0.2212813542677751, 0.33664804393296205], [0.35917158762078577, 0.19581019013807657, 0.20438171817256412, 0.2406365040685734], [0.21749745932372816, 0.14505072638638858, 0.2922963357085862, 0.34515547858129714], [0.22466836984151728, 0.36520213792241063, 0.10607444498971019, 0.304055047246362], [0.20375912950706238, 0.48104382019798214, 0.11075286670579407, 0.2044441835891616], [0.16563576535473118, 0.3884786194117014, 0.09793115293158028, 0.34795446230198723], [0.21933576336411945, 0.3764317793340485, 0.13128531550494885, 0.2729471417968833], [0.08055217533743088, 0.7603911074679286, 0.0667063470394776, 0.09235037015516288], [0.1355973741537478, 0.2845722240626315, 0.056267147804701614, 0.5235632539789191], [0.22931232311094057, 0.16012711038479252, 0.08205316981259461, 0.5285073966916723], [0.4172124886386557, 0.22907216318000895, 0.06968190213828776, 0.28403344604304775], [0.2475733729100791, 0.38168239509511165, 0.20274552769142629, 0.16799870430338318], [0.1259922351241138, 0.47485452418837537, 0.1891150474813109, 0.21003819320619996], [0.11247662793756577, 0.3733819047776167, 0.12678122286278126, 0.38736024442203626], [0.28808809602207985, 0.18449794616700996, 0.18199217620185065, 0.3454217816090597], [0.16246523596904974, 0.27934700190283096, 0.05628997614769586, 0.5018977859804236], [0.11821151212678926, 0.600686731800992, 0.11162103995498153, 0.1694807161172372], [0.06638500425083817, 0.3539198795279338, 0.04243255154893653, 0.5372625646722913], [0.19638232199184577, 0.32369130589465395, 0.1740776828406352, 0.30584868927286507], [0.22182962230050732, 0.18670304213199204, 0.10242392874978365, 0.4890434068177171], [0.17989121395208735, 0.2549102402559402, 0.12280827511759111, 0.44239027067438125], [0.2330927665930285, 0.24312833617148374, 0.24802346683376986, 0.27575543040171796], [0.2892108215097146, 0.36521627911942084, 0.10404369371123742, 0.24152920565962704], [0.17304655271466154, 0.20977279404232127, 0.267624886733345, 0.3495557665096722], [0.2245149850876225, 0.1633869766910296, 0.3860035834292756, 0.22609445479207235], [0.14141159272226028, 0.5008427969545466, 0.11357078573219066, 0.24417482459100265], [0.09744445147777077, 0.4131108482082381, 0.34979297110005375, 0.13965172921393754], [0.49523090146971266, 0.12398963603837246, 0.10651456026738752, 0.2742649022245275], [0.12476515109070105, 0.26806088267516304, 0.20530003775509645, 0.40187392847903947], [0.3094431258336241, 0.4379883585254426, 0.11876699843876831, 0.13380151720216488], [0.1569879055706142, 0.3681561245699513, 0.12893818270418161, 0.34591778715525295], [0.13116335363273435, 0.21384618192465038, 0.08630052160532245, 0.5686899428372929], [0.1059155818909663, 0.5161399341426193, 0.15292488301150817, 0.2250196009549061], [0.224827508938778, 0.32826441201940515, 0.20886566701771886, 0.23804241202409804], [0.1485039431782086, 0.11821505825271299, 0.5563703389997429, 0.17691065956933547], [0.22109145632193947, 0.24143023813287903, 0.1468278278189048, 0.39065047772627665], [0.24957893023025246, 0.1988093155616735, 0.3277317238200578, 0.22388003038801635], [0.24805465393268483, 0.2873880996951866, 0.17185849643008233, 0.2926987499420463], [0.572384379364937, 0.11781958768864793, 0.11634628997334007, 0.1934497429730749], [0.2098227424431827, 0.4705477722755289, 0.08972885645808716, 0.22990062882320125], [0.12455588699393337, 0.3963355483511192, 0.28574969266119876, 0.19335887199374857], [0.1433980657481677, 0.2873849358598481, 0.22370042635020262, 0.3455165720417815], [0.15190287609097036, 0.47223818640373816, 0.15710295477050096, 0.21875598273479058], [0.4300473452238542, 0.14100542258745016, 0.15932774862214094, 0.26961948356655463], [0.21027515627871315, 0.3194811687522815, 0.17858974719559192, 0.29165392777341337], [0.4158802065482817, 0.16504568291202149, 0.09678713581915592, 0.3222869747205411], [0.2196613176905488, 0.23896880925359285, 0.1270840321394543, 0.41428584091640414], [0.13408738475568127, 0.3406154352840058, 0.37827985282936427, 0.14701732713094856], [0.22590466860387878, 0.3830351575576877, 0.1802944107678277, 0.21076576307060607], [0.12979121403325525, 0.32804506679997136, 0.269400284081393, 0.27276343508538065], [0.16379866506969534, 0.6239851897767416, 0.10791962220929888, 0.10429652294426418], [0.24047342175238706, 0.3289132385632552, 0.16884010728695695, 0.2617732323974008], [0.4441298232943376, 0.2007195541808749, 0.08109179355192238, 0.2740588289728651], [0.23163904888339945, 0.3825258595716727, 0.19631821301132174, 0.1895168785336063], [0.2953966701803134, 0.238321469066103, 0.15958027641617198, 0.3067015843374116], [0.15997763419280822, 0.48099734722529186, 0.1512628334849394, 0.20776218509696046], [0.25366923296074423, 0.2796193795375277, 0.2024719388777885, 0.26423944862393967], [0.1308593587907652, 0.485963125237522, 0.07768653786519186, 0.305490978106521], [0.41079645361587247, 0.2547613149528377, 0.10028168988944339, 0.2341605415418466], [0.13680414313636344, 0.08241606404771194, 0.49088798811502343, 0.28989180470090137], [0.1394366535408019, 0.5604121347346281, 0.07528009683516891, 0.22487111488940112], [0.1314633492880949, 0.16909509912895146, 0.5292034824653241, 0.17023806911762956], [0.17307975539922035, 0.20993336924819322, 0.2841596277144362, 0.33282724763815025], [0.34819013527235176, 0.15589175356475615, 0.1485908386024836, 0.34732727256040846], [0.14131509564374609, 0.2675109945436971, 0.49854526141255806, 0.09262864839999872], [0.13183639322525215, 0.4866600332323104, 0.09172213391453159, 0.289781439627906], [0.3020882541166467, 0.2082033888201313, 0.2058676761484336, 0.2838406809147886], [0.18063380110984634, 0.1234435530540782, 0.11537375538566376, 0.5805488904504118], [0.14330824743649848, 0.3809601069222307, 0.04541140850512642, 0.4303202371361443], [0.1954568408343502, 0.3376207531993837, 0.116484632227757, 0.350437773738509], [0.2195108845669774, 0.24658092307591267, 0.22934959093905996, 0.3045586014180499], [0.18799189706713323, 0.28420842204243113, 0.2821893323064286, 0.2456103485840072], [0.365328387163021, 0.14871445378841217, 0.05636366199603933, 0.4295934970525276], [0.23321196972690802, 0.20877872172084855, 0.31450047260824887, 0.24350883594399467], [0.19239945228405902, 0.1298162011094017, 0.20560305984971983, 0.47218128675681953], [0.23834924475801303, 0.47208969189398525, 0.10150597174158528, 0.18805509160641642], [0.42805468582125217, 0.2242353752287906, 0.09525376153995177, 0.2524561774100056], [0.116555026242462, 0.41626123372227053, 0.179415269251232, 0.2877684707840354], [0.1248407646338436, 0.3922481339543813, 0.158449577932761, 0.324461523479014], [0.41864523337195675, 0.2681429896332332, 0.11673628619580359, 0.19647549079900667], [0.38248879406379366, 0.35725823840034626, 0.09653042715670952, 0.16372254037915063], [0.2726028623466751, 0.3586713317604628, 0.2529093989137651, 0.1158164069790973], [0.599029823349887, 0.15490004439657998, 0.06452837932117456, 0.1815417529323584], [0.23070283305158323, 0.36974617198009924, 0.19620419244035484, 0.2033468025279628], [0.1049087558669458, 0.17251285587300136, 0.21088022234582826, 0.5116981659142246], [0.14764231262432376, 0.1617323896618966, 0.30878337852377685, 0.38184191919000293], [0.18709936701451674, 0.5212969425484177, 0.09726353362115872, 0.19434015681590694], [0.18935286197020562, 0.4262016856883208, 0.1883748878927738, 0.1960705644486997], [0.19461175186765717, 0.28246267260965197, 0.2572066637949095, 0.26571891172778145], [0.19218234622161084, 0.3358758702965983, 0.07103730500805638, 0.4009044784737346], [0.5142904750931246, 0.24297486043100042, 0.08721869627007245, 0.1555159682058026], [0.10345051520846417, 0.2964159593697433, 0.24005912508016647, 0.36007440034162613], [0.32046513256736103, 0.18550801822236718, 0.17045603953534696, 0.3235708096749249], [0.17086325294274665, 0.24222749572829413, 0.1309338454947749, 0.4559754058341844], [0.1557115227754463, 0.3647251653164344, 0.2091033366918939, 0.27045997521622567], [0.2401462115433515, 0.4690987315995023, 0.09703099810536774, 0.1937240587517786], [0.29813467532022736, 0.1909950035288071, 0.20860939198618855, 0.3022609291647771], [0.0917815156865749, 0.4139157374741433, 0.32945687680885166, 0.1648458700304303], [0.21925129355105463, 0.3182931298739, 0.306721883838344, 0.1557336927367014], [0.17712211119276305, 0.3194697054453506, 0.13810865793257268, 0.3652995254293139], [0.2887916136943686, 0.2639069053748517, 0.1460803395970014, 0.30122114133377836], [0.2839182415747908, 0.22833287748341394, 0.18312592155985, 0.3046229593819453], [0.28588684962220906, 0.330293782761211, 0.1510323540667914, 0.2327870135497885], [0.13314011660434757, 0.37611028656674084, 0.052711526849564, 0.43803806997934763], [0.12670656588112328, 0.3093727602648018, 0.06442032444079573, 0.4995003494132792], [0.2457063888345387, 0.3844074817328562, 0.18284919849687292, 0.1870369309357323], [0.1675033282194842, 0.2681203019158849, 0.10070678056313866, 0.46366958930149216], [0.23335116576763473, 0.41495209699546504, 0.10028600226015813, 0.2514107349767421], [0.4978081190651949, 0.1478603819102096, 0.08331960620259211, 0.27101189282200355], [0.19722835471856062, 0.3034855419106802, 0.18562698563577948, 0.3136591177349797], [0.24344224238357495, 0.21763735790864197, 0.26851619299226265, 0.2704042067155204]]}, "rewritten": {"ids": ["97105960", "97106000", "97106970", "97109570", "97116800", "98108520", "98109230", "98112580", "99107660", "99108010", "99108460", "99108580", "99109161", "99109860", "99110050", "99111930", "99114890", "99116500", "99120010", "99121440", "100110260", "100113210", "100120010", "100120780", "101108121", "101108290", "101109000", "101109120", "101110740", "101112690", "101115190", "101117580", "102107961", "102113210", "102117351", "103109791", "103110050", "103111480", "103111540", "103113170", "103113260", "103113270", "103117200", "103120780", "104111711", "104111830", "104112470", "104117200", "105110251", "105112260", "105113620", "105116090", "105116441", "105117200", "105120280", "105121370", "106113260", "106114880", "106116120", "106116370", "107112850", "107113550", "107118780", "107118820", "107120010", "107120880", "107121540", "108114360", "108115070", "108115250", "108117451", "108119330", "108119510", "108120060", "108120621", "109116040", "109116170", "109116441", "109117150", "109118701", "109119010", "109119450", "109119591", "109120560", "110114561", "110114610", "110117110", "110117140", "110117500", "110118450", "110118630", "110119030", "110119300", "110120700", "110121720", "111114121", "111114171", "111116290", "111116411", "111117120", "111117480", "111117571", "111118301", "111119290", "111119430", "111119950", "111120220", "111120280", "111121351", "111121930", "112116880", "112117571", "112117790", "112118421", "112118471", "112118820", "112119320", "112119450", "112119930", "112119980", "112120290", "112120540", "112121030", "112121360", "112121410", "113118231", "113118620", "113118630", "113118690", "113118820", "113119120", "113119320", "113119340", "113120640", "113120780", "113121810", "113121950", "113122150", "113122190", "113122230", "113122430", "113122510"], "labels": [2, 0, 2, 0, 0, 2, 1, 2, 3, 2, 0, 0, 3, 2, 3, 1, 2, 2, 2, 2, 3, 0, 0, 1, 0, 0, 1, 1, 3, 1, 1, 3, 3, 3, 1, 3, 3, 0, 1, 3, 3, 2, 0, 1, 1, 3, 1, 3, 0, 3, 0, 1, 1, 3, 3, 2, 3, 0, 1, 2, 1, 0, 1, 3, 1, 1, 2, 1, 1, 1, 2, 0, 1, 1, 1, 0, 0, 3, 2, 3, 3, 3, 0, 1, 0, 1, 0, 3, 1, 0, 1, 0, 1, 2, 3, 0, 3, 2, 0, 2, 1, 3, 3, 3, 3, 0, 3, 0, 0, 1, 0, 3, 3, 3, 1, 0, 1, 3, 1, 0, 1, 3, 0, 3, 0, 3, 3, 3, 3, 0, 3, 1, 0, 0, 0, 2, 3, 2, 1, 1, 2, 2], "predicted_labels": [3, 2, 3, 3, 1, 1, 3, 1, 2, 0, 3, 2, 1, 3, 0, 3, 2, 1, 3, 3, 1, 3, 1, 3, 1, 3, 2, 1, 1, 1, 1, 3, 1, 3, 3, 3, 3, 0, 1, 1, 0, 3, 0, 1, 2, 3, 3, 3, 0, 1, 1, 0, 1, 0, 3, 1, 3, 1, 3, 0, 3, 0, 3, 3, 2, 3, 1, 3, 1, 2, 3, 3, 0, 1, 1, 3, 3, 3, 1, 3, 2, 0, 1, 3, 1, 3, 1, 1, 1, 3, 3, 0, 0, 1, 0, 1, 3, 3, 3, 3, 3, 1, 1, 3, 3, 3, 1, 3, 3, 0, 1, 3, 0, 3, 0, 3, 3, 0, 3, 2, 1, 1, 0, 0, 1, 1, 0, 3, 0, 1, 3, 0, 0, 1, 3, 1, 1, 3, 1, 3, 1, 1], "confidence_scores": [[0.07349602678580151, 0.1583677984255889, 0.33357907411499726, 0.4345571006736124], [0.18333210713390233, 0.27631716591048383, 0.36119809140209636, 0.17915263555351763], [0.168719609005746, 0.19859799687647836, 0.2259556657630611, 0.4067267283547146], [0.28383225412870694, 0.19399199359515298, 0.13640366532001974, 0.3857720869561204], [0.29177275997992497, 0.296057698783179, 0.13254763081823806, 0.2796219104186581], [0.2667650970178369, 0.4273395360111087, 0.11639506944535397, 0.1895002975257005], [0.2098429842245483, 0.25448804318152074, 0.20693008475953248, 0.3287388878343985], [0.1354403531861614, 0.3679418532826603, 0.20031404428681815, 0.29630374924436015], [0.11277597231477657, 0.09388575231518961, 0.48961272722540466, 0.30372554814462943], [0.41017029503009944, 0.34245214109627853, 0.08863097324537644, 0.15874659062824548], [0.07712026676813843, 0.12245474882243955, 0.0303730801903547, 0.7700519042190676], [0.08248096901835549, 0.18170822147880775, 0.6120851035268516, 0.12372570597598515], [0.14630239433898148, 0.3858741632674206, 0.2882918212758218, 0.17953162111777612], [0.17539811902842078, 0.317559610121372, 0.17918137686761593, 0.32786089398259133], [0.33332891621810007, 0.2559189089701043, 0.13820381161370016, 0.2725483631980955], [0.04597956865483359, 0.29966319557440585, 0.04308971868792204, 0.6112675170828384], [0.12336608185405637, 0.18036123992979636, 0.5468365674677861, 0.14943611074836124], [0.26787742386107666, 0.3298961051424521, 0.08665965705603743, 0.31556681394043395], [0.19748682701912643, 0.23248124589040486, 0.26441586703114484, 0.3056160600593239], [0.17617622312192707, 0.34664150496466417, 0.10759640766806665, 0.369585864245342], [0.211634332384311, 0.39236138237287566, 0.19804313468677615, 0.1979611505560372], [0.17116772956498022, 0.1443958740235014, 0.08988075559845368, 0.5945556408130647], [0.14791316615830033, 0.3530599256711847, 0.22859072305178674, 0.2704361851187282], [0.168437716034328, 0.16772567390931625, 0.19197900622670366, 0.47185760382965203], [0.24144254178264077, 0.30376052974519646, 0.19530431447575283, 0.2594926139964098], [0.1891910555157703, 0.16609174387345094, 0.2673819171265803, 0.3773352834841984], [0.20788644419357286, 0.22575051421670678, 0.29696305176743126, 0.26939998982228897], [0.2770787424717641, 0.2834000548405256, 0.20938113183226542, 0.23014007085544497], [0.2732563069640971, 0.49689952650525243, 0.059961687844741436, 0.16988247868590928], [0.13836959465189866, 0.46467663912410495, 0.1377657253325179, 0.25918804089147857], [0.17449755597344938, 0.3383981454437459, 0.22438600839587255, 0.26271829018693227], [0.37825569937366127, 0.1311321522064549, 0.10131547129529866, 0.38929667712458504], [0.18977932339053516, 0.38865893146834307, 0.07681059251346378, 0.3447511526276581], [0.2814973422216366, 0.20085109629434886, 0.07401974142148497, 0.4436318200625296], [0.25281628769937803, 0.23181331681286776, 0.09900063171070947, 0.41636976377704454], [0.07348616108799833, 0.14035183891942804, 0.1785149053717907, 0.6076470946207828], [0.11874465644880154, 0.2757740218041808, 0.07037574483126796, 0.5351055769157497], [0.39604130386261055, 0.1668304004929418, 0.16156763748359138, 0.2755606581608562], [0.23584395993121676, 0.34964552075858923, 0.1436913308028705, 0.27081918850732356], [0.0854213078430331, 0.5846273555921875, 0.15587725201258437, 0.17407408455219497], [0.3069329457158552, 0.2936945961393898, 0.20226876980960318, 0.1971036883351517], [0.21335661258480093, 0.18851228908910184, 0.1572107413174927, 0.44092035700860455], [0.3406606347023151, 0.23580699090610924, 0.1266372769431155, 0.29689509744846015], [0.19786848578179664, 0.5686099931746096, 0.05308331927500478, 0.18043820176858918], [0.12146783672323265, 0.19580923529419322, 0.43661221933412603, 0.246110708648448], [0.22948190907995644, 0.22535696079380244, 0.18671116732593657, 0.3584499628003045], [0.20490248236129777, 0.2610510052193549, 0.2398541044687454, 0.29419240795060203], [0.14623778244609878, 0.26269364460274164, 0.23531879705431472, 0.355749775896845], [0.3706300437683757, 0.2855141801464988, 0.09636445606923698, 0.24749132001588833], [0.09377139781536564, 0.4695891541473862, 0.09976710752334485, 0.33687234051390325], [0.16266397365983662, 0.4862147622240856, 0.09552426132423004, 0.25559700279184777], [0.3565867922978781, 0.14938484317548784, 0.31770954374117283, 0.17631882078546118], [0.2900045438309056, 0.40349134334352965, 0.09267036664215682, 0.21383374618340797], [0.3929930787503369, 0.36669930531262124, 0.16631896548028866, 0.07398865045675332], [0.24585019947403508, 0.16099861063438356, 0.2815648336204644, 0.31158635627111697], [0.1310081952503149, 0.5319930158530226, 0.15155533313233327, 0.18544345576432916], [0.24920354052188357, 0.1780379072641352, 0.12420861012322726, 0.4485499420907539], [0.27629648886563374, 0.4513312684774836, 0.13884780073081093, 0.13352444192607182], [0.23615311076421053, 0.20991519881339676, 0.1442293476976294, 0.4097023427247634], [0.5710785403479108, 0.13687334512331845, 0.11326704732993237, 0.17878106719883843], [0.26931606558531795, 0.2701894907925018, 0.12806997587446242, 0.3324244677477178], [0.2921028354736799, 0.2788105034431184, 0.1476280552770229, 0.2814586058061787], [0.33065813858688964, 0.14631025388158572, 0.04587999206576077, 0.47715161546576385], [0.14787071635956595, 0.21659890420734937, 0.23919223969618025, 0.3963381397369046], [0.1120381354732643, 0.13986375360547434, 0.4167037439257079, 0.3313943669955536], [0.11583047582968589, 0.1577662768652504, 0.05354939222498646, 0.6728538550800772], [0.1601913112867314, 0.4829293171805416, 0.11694375439529475, 0.2399356171374323], [0.10081807404608213, 0.2767952878165035, 0.2707870531492459, 0.35159958498816846], [0.1793132807166312, 0.45903598013775654, 0.1086621582395519, 0.25298858090606036], [0.14949287528303792, 0.16791599704792842, 0.36938495400075677, 0.31320617366827697], [0.3524871546680066, 0.16856568649708817, 0.09015143257012502, 0.38879572626478026], [0.2069753110708857, 0.1850569688677742, 0.2085792366670544, 0.3993884833942857], [0.30738908376643, 0.283562688017909, 0.2281977160588582, 0.1808505121568028], [0.2530807410851167, 0.35285883165588183, 0.15214865801484442, 0.24191176924415703], [0.21530648009293338, 0.4623668888493029, 0.09799140498292362, 0.22433522607484027], [0.24838736602223171, 0.2660980756458108, 0.14608765496383974, 0.33942690336811776], [0.2533197845491204, 0.22897009366791493, 0.12846724009290908, 0.3892428816900556], [0.22313276226580986, 0.18068281411475784, 0.11701277748183982, 0.4791716461375926], [0.2813040792294857, 0.30977696311031694, 0.19033714214811337, 0.218581815512084], [0.15684130328252183, 0.21771862259169136, 0.13460327572813674, 0.49083679839765004], [0.218244551148475, 0.26258988492557916, 0.36708018793959063, 0.15208537598635513], [0.3347296716635644, 0.227664217674634, 0.29515404330473144, 0.1424520673570701], [0.14238470033142744, 0.6326549219432199, 0.05952960707051454, 0.16543077065483802], [0.16276751306201562, 0.21173753776082638, 0.1671914607321529, 0.4583034884450051], [0.16738102992825246, 0.42561174945735547, 0.12871041233901154, 0.27829680827538056], [0.2667386947856373, 0.2562121715805925, 0.15143742520694783, 0.32561170842682247], [0.15491353642928882, 0.43792673565642326, 0.12290162496950854, 0.28425810294477943], [0.2097103445543323, 0.4564644499100191, 0.13349028046041653, 0.2003349250752321], [0.15298437262414172, 0.3969858314610926, 0.29444604023822274, 0.15558375567654287], [0.1905134036234204, 0.27194467960308033, 0.11486591713617335, 0.42267599963732594], [0.2533153859039763, 0.15855255179437, 0.24908746716123295, 0.33904459514042073], [0.3953091219700671, 0.1798915983154643, 0.08982034633781537, 0.33497893337665324], [0.4134874032325199, 0.2046249393662077, 0.0753384121457547, 0.30654924525551774], [0.19686035145443853, 0.4849974448427235, 0.18511919065407353, 0.13302301304876446], [0.29143587564357504, 0.2693282534014413, 0.15845286856330404, 0.2807830023916797], [0.08839160553061634, 0.7457593919801879, 0.037281441986100367, 0.12856756050309537], [0.2744805924197237, 0.19877814281089656, 0.21728419288459871, 0.3094570718847812], [0.23092645253480323, 0.15416518169482155, 0.2417496465120123, 0.37315871925836286], [0.29195969001576605, 0.133503083118712, 0.08194915659021292, 0.49258807027530915], [0.28966434826375387, 0.16510232945451672, 0.11140001445257383, 0.43383330782915547], [0.18227241040513992, 0.165139315946479, 0.17922203387536415, 0.473366239773017], [0.14255618201416, 0.6965798789706901, 0.045968891631229296, 0.11489504738392077], [0.11502388461957445, 0.435256445154709, 0.057152599589444304, 0.39256707063627216], [0.14348939228798324, 0.20501178935154454, 0.17908743034033053, 0.4724113880201417], [0.13678776994755815, 0.28314463329371414, 0.07248725162219927, 0.5075803451365285], [0.0734741064611592, 0.19210113120971403, 0.17654990522270822, 0.5578748571064187], [0.22046719899308453, 0.5513819760323708, 0.0717010333929289, 0.15644979158161582], [0.31141598661909187, 0.1687598442711653, 0.14905749309866098, 0.37076667601108193], [0.09604376408131896, 0.3323567087221256, 0.22931998067685763, 0.3422795465196979], [0.4506190730518995, 0.19554518790919048, 0.09435106747123286, 0.259484671567677], [0.1276439037651118, 0.5429521940895197, 0.12995119062925412, 0.19945271151611427], [0.26814143861435813, 0.18985277821364205, 0.1411342126942326, 0.40087157047776734], [0.2736693061732217, 0.25328048003473097, 0.21780248393897558, 0.2552477298530718], [0.2518155803609506, 0.30161262264516947, 0.1445821030159636, 0.30198969397791636], [0.28394240068096427, 0.21646328020997452, 0.23466997499038222, 0.26492434411867877], [0.2772523701768813, 0.16385095747503245, 0.08773812396144343, 0.47115854838664284], [0.08138395540145466, 0.23542106202874472, 0.19857933387295607, 0.48461564869684454], [0.4603322099367679, 0.25508124975620156, 0.16403065048809412, 0.12055588981893656], [0.13393877949053223, 0.1720531110509832, 0.15512992250449925, 0.5388781869539854], [0.1391331438771113, 0.3008670903177239, 0.30746407461726455, 0.25253569118790037], [0.18840856666023686, 0.41243930599151946, 0.2340382854380531, 0.16511384191019068], [0.19263385343051584, 0.3972724155227861, 0.07983216607498263, 0.3302615649717155], [0.4067883262844587, 0.12213063118741384, 0.08190495502483912, 0.38917608750328825], [0.4497109553389642, 0.282741982994321, 0.13516891407356127, 0.13237814759315336], [0.1417463293809667, 0.4752014164827621, 0.10161166051793238, 0.28144059361833884], [0.31089057303959056, 0.3252337023249268, 0.19153338064995504, 0.1723423439855277], [0.3772778520128524, 0.225609382669784, 0.08975146474602816, 0.30736130057133554], [0.1481784064879051, 0.3263818275401769, 0.19887171624157696, 0.3265680497303408], [0.34447684735025635, 0.30699759643664365, 0.14931960676587067, 0.19920594944722955], [0.3091561406205264, 0.3159310205513761, 0.09425687160762142, 0.2806559672204762], [0.30468552177861175, 0.1884784889964645, 0.16313786780902506, 0.34369812141589867], [0.3873496349883354, 0.28682829485957334, 0.07902963030041638, 0.24679243985167484], [0.38658317857878455, 0.2873354326148542, 0.10083785584219727, 0.22524353296416405], [0.21641908986403272, 0.3365583800465937, 0.14209893318976602, 0.3049235968996077], [0.14894942295323946, 0.30391010351131376, 0.06274527627080372, 0.48439519726464303], [0.1636599569062328, 0.3937369826391529, 0.21916107176254265, 0.22344198869207169], [0.22024100472291755, 0.2647376829391342, 0.25675861218887563, 0.2582627001490727], [0.2761233458315496, 0.15609783560038534, 0.2540498363412843, 0.31372898222678075], [0.2586278545574048, 0.32296565443070774, 0.2096059035360017, 0.20880058747588578], [0.14685074548786115, 0.13607009428876696, 0.1566771736096386, 0.5604019866137333], [0.10959698793944178, 0.39562294869165476, 0.13380696458816244, 0.36097309878074113], [0.15086329161511625, 0.36264351379991366, 0.3428083076961538, 0.1436848868888164]]}}