{"test": {"ids": ["107118490", "108116481", "108119330", "108116120", "104118340", "111121930", "113122220", "97116401", "112119980", "98106560", "105110251", "105113620", "110116290", "100108080", "113121750", "113121980", "113122430", "110116170", "101111990", "107113550", "99107630", "113121680", "101115190", "106117770", "113120531", "108115250", "103113610", "108118291", "110118161", "100116500", "110120540", "99108330", "106115250", "113117550", "102108621", "109121351", "100109890", "98120530", "111116990", "103111930", "109119450", "107113180", "111119930", "105121190", "111120540", "113120780", "106120290", "97109080", "109118161", "111115910", "113120070", "113120591", "111120591", "109116810", "113118231", "97118210", "98111670", "97106970", "102107961", "113121810", "97110950", "111121351", "111118810", "112118421", "102113210", "105115250", "98110810", "105113190", "109116170", "109118231", "111117480", "100109360", "103112470", "109113281", "97112300", "98111860", "102112030", "99112840", "101112540", "111116411", "110118111", "111115770", "112120640", "104111620", "109114220", "100111380", "106114880", "110120700", "100109311", "106121190", "102110850", "112119120", "103110760", "112119450", "108121410", "99117740", "99112300", "105115570", "107116340", "99109860", "112116610", "110121720", "104114230", "105120280", "108118060", "100112060", "105116650", "100116790", "99119830", "104112201", "97106820", "111116530", "107117010", "107114780", "99112641", "98109570", "97106000", "98109311", "109117271", "99109370", "110117200", "110118740", "101111210", "110120640", "99107660", "109120560", "108113620", "99116500", "112118860", "106116120", "108113480", "113117340", "113120751", "113118820", "104111380", "107118120", "97106600", "113119120", "113118630", "113122120", "105113480", "100109980"], "labels": [2, 0, 0, 1, 2, 1, 1, 3, 0, 1, 0, 0, 2, 0, 0, 2, 2, 0, 2, 0, 2, 1, 1, 0, 0, 1, 2, 3, 0, 2, 1, 1, 2, 3, 3, 0, 3, 1, 0, 3, 3, 3, 1, 2, 1, 0, 2, 2, 0, 2, 2, 0, 1, 3, 3, 2, 1, 2, 3, 2, 3, 0, 0, 3, 3, 2, 1, 3, 0, 1, 1, 0, 1, 0, 2, 0, 2, 2, 2, 0, 1, 3, 0, 0, 3, 3, 0, 2, 1, 2, 3, 1, 1, 3, 0, 2, 0, 0, 3, 2, 1, 3, 2, 3, 1, 2, 1, 2, 1, 0, 1, 3, 1, 2, 1, 1, 0, 1, 0, 1, 3, 3, 2, 0, 3, 1, 3, 2, 3, 1, 0, 2, 1, 0, 3, 3, 3, 3, 3, 1, 0, 1], "predicted_labels": [1, 0, 1, 0, 2, 0, 3, 2, 3, 3, 0, 1, 2, 1, 3, 1, 3, 0, 3, 3, 3, 3, 1, 1, 1, 0, 3, 3, 3, 2, 1, 1, 1, 2, 0, 1, 0, 0, 0, 1, 3, 1, 0, 1, 3, 1, 1, 1, 1, 0, 0, 3, 3, 0, 1, 0, 0, 1, 0, 1, 3, 0, 0, 3, 3, 0, 1, 0, 1, 1, 1, 3, 3, 1, 0, 2, 3, 3, 3, 0, 1, 1, 3, 0, 1, 0, 3, 1, 3, 2, 2, 3, 3, 0, 0, 1, 3, 1, 1, 1, 3, 1, 3, 0, 1, 3, 1, 1, 3, 0, 2, 1, 3, 1, 0, 3, 2, 2, 0, 3, 3, 0, 3, 1, 3, 3, 1, 1, 0, 2, 3, 1, 3, 0, 3, 1, 1, 3, 3, 1, 3, 0], "confidence_scores": [[0.13561317107919987, 0.39038567163746674, 0.34569261695784953, 0.12830854032548394], [0.33197184006933805, 0.2570490536812391, 0.10552715902427176, 0.3054519472251513], [0.31847856561878835, 0.33413474673183946, 0.08916240876167028, 0.25822427888770194], [0.49353216931050137, 0.11884769433738258, 0.21924061890725602, 0.16837951744486002], [0.2233884126166464, 0.26536442782712494, 0.2661095953149398, 0.24513756424128894], [0.40034883592893755, 0.2200611377085194, 0.11811406896109716, 0.26147595740144575], [0.13390940691005027, 0.3098918505432567, 0.24454502183963595, 0.3116537207070572], [0.11406794356043244, 0.19186609569648586, 0.5280358391467493, 0.16603012159633232], [0.07506714653368038, 0.15421896113623806, 0.11363913783447142, 0.65707475449561], [0.30471831149578343, 0.219662415951134, 0.16192568783831748, 0.31369358471476516], [0.5570813373551541, 0.20873044779237057, 0.0825914493348922, 0.1515967655175832], [0.1759029271003964, 0.4819823271836898, 0.2168826791736444, 0.1252320665422695], [0.16558371366858687, 0.15528631083850258, 0.43810649764251025, 0.24102347785040037], [0.13458495127162803, 0.49292863618276894, 0.10728932954130894, 0.265197083004294], [0.2833511853884, 0.2825558615731056, 0.08470408292174772, 0.34938887011674663], [0.15204550959069055, 0.44348220321413934, 0.08822417426912184, 0.31624811292604826], [0.09456163328064472, 0.393640390673085, 0.05900482027707191, 0.4527931557691984], [0.41993466856470374, 0.22597166640041425, 0.11402196220584154, 0.24007170282904058], [0.09120565258171244, 0.06552020917638558, 0.03534173225971922, 0.8079324059821826], [0.24705659846938596, 0.238566335089362, 0.2394383792325794, 0.27493868720867276], [0.18639466799609875, 0.25197460809524486, 0.24696744985189062, 0.31466327405676586], [0.12480823087410706, 0.24294406434041405, 0.08259612734880277, 0.5496515774366761], [0.15026399380015734, 0.40978516504547297, 0.08092772886679137, 0.3590231122875784], [0.18767675136354592, 0.4343074159680972, 0.17449620898917553, 0.20351962367918144], [0.254469039595258, 0.4201417105201196, 0.13429398400365886, 0.1910952658809635], [0.3579317448459929, 0.19237457434099817, 0.15660022043055746, 0.29309346038245165], [0.1403130498131485, 0.20248142397356733, 0.15196496158310632, 0.5052405646301779], [0.2736049931004167, 0.17757472671895475, 0.17417048383016595, 0.37464979635046275], [0.17934366961241055, 0.34841277983488406, 0.1126889668135113, 0.3595545837391941], [0.1701376449992059, 0.14806593884539038, 0.37018646954288886, 0.31160994661251495], [0.21341274419066708, 0.3448878711321223, 0.1790642691741578, 0.26263511550305274], [0.17242582014425786, 0.4715773397389239, 0.1845860567547523, 0.17141078336206592], [0.21598483935498525, 0.35046626911582174, 0.12808176119521616, 0.30546713033397704], [0.19946441684128818, 0.2199730255952496, 0.3040327961732047, 0.2765297613902576], [0.3684257304295264, 0.1636605515292746, 0.2563442306284323, 0.21156948741276665], [0.34904630409022075, 0.37173713763917604, 0.16165481392271697, 0.11756174434788617], [0.3662380793581409, 0.1598451541893037, 0.14237457377497392, 0.33154219267758145], [0.36767072539514234, 0.24264993405619859, 0.07659168662730328, 0.31308765392135585], [0.5183588159119047, 0.22006526391438527, 0.09540016018086173, 0.16617575999284837], [0.17216378038117222, 0.4345688721952518, 0.27295299468752005, 0.12031435273605592], [0.12084790164418588, 0.298061762689415, 0.20684737919996907, 0.37424295646643], [0.30286764612859135, 0.33473081167714375, 0.14578309833590422, 0.2166184438583606], [0.4319554165628896, 0.2295443233026941, 0.08263985152380496, 0.2558604086106115], [0.08631855873485275, 0.55035834911968, 0.15586528311972228, 0.20745780902574512], [0.18530933706904004, 0.19416871908113245, 0.1592628048825514, 0.46125913896727616], [0.16811423237683534, 0.3781311603128423, 0.22652939815789339, 0.227225209152429], [0.22847516192004388, 0.33279176743949357, 0.21194353313677713, 0.22678953750368538], [0.17110068981393362, 0.4054687644025483, 0.10739991536973287, 0.3160306304137852], [0.14331356786418548, 0.5554666131179595, 0.148045789424547, 0.153174029593308], [0.57288555796467, 0.14910442361663953, 0.09734753107306195, 0.18066248734562856], [0.30240389803687723, 0.21306049455356071, 0.24831093376037205, 0.23622467364919003], [0.19152712360850274, 0.13351209179518564, 0.07198881957356995, 0.6029719650227416], [0.16206725105790365, 0.20692238933937468, 0.08661960143700366, 0.5443907581657179], [0.5094499107462532, 0.2680711273287033, 0.08988642458435452, 0.13259253734068907], [0.1320700862850616, 0.5235741386333144, 0.1356830090505292, 0.20867276603109483], [0.44159273109149433, 0.08434710006251585, 0.23508496781225224, 0.23897520103373768], [0.36307057008088905, 0.17697274001145005, 0.139820771401712, 0.32013591850594897], [0.1720985474746397, 0.32631943876152864, 0.19478132297968967, 0.306800690784142], [0.4319801312267624, 0.26459726325152094, 0.14288703590723367, 0.16053556961448293], [0.0977317253798594, 0.43436991612688375, 0.2915349002127172, 0.17636345828053973], [0.24938079137421512, 0.12153815692018613, 0.2731863088787412, 0.35589474282685774], [0.3925951744030814, 0.17101666433007257, 0.13396952004311494, 0.302418641223731], [0.45623909417343084, 0.14390480627459687, 0.09475769890801132, 0.30509840064396093], [0.2824910520475123, 0.23064888437159176, 0.09173893772564481, 0.3951211258552512], [0.21033706841932287, 0.1197810689044097, 0.12213503175656255, 0.5477468309197049], [0.49887143901203657, 0.2206100606976826, 0.07836787852605717, 0.2021506217642238], [0.13847871579723026, 0.5177897544778267, 0.2211946876370173, 0.1225368420879258], [0.31799999618293034, 0.25585705583639007, 0.2817325543950162, 0.14441039358566354], [0.1573624261753611, 0.43725787148826, 0.14299719081474369, 0.2623825115216354], [0.13908556095893873, 0.37252942527174343, 0.33118239135043903, 0.15720262241887878], [0.2787136892533394, 0.4158088859876699, 0.1504735368259443, 0.15500388793304629], [0.1983716921148854, 0.30257200162312264, 0.17272439002614307, 0.32633191623584895], [0.29589608087357455, 0.2597548845484376, 0.14082541639154877, 0.3035236181864391], [0.11556676698505816, 0.42406109289926797, 0.06039923372228002, 0.39997290639339395], [0.47364023990587356, 0.237350304288464, 0.0802993513622265, 0.2087101044434361], [0.07357069319667389, 0.12232302338351475, 0.7180262566707737, 0.08608002674903782], [0.22270238066241357, 0.1890969181442043, 0.1290956565392958, 0.4591050446540863], [0.20965592761783686, 0.2639754524817519, 0.20211528022731243, 0.32425333967309883], [0.19756044176507379, 0.22189202127730132, 0.11505300270225344, 0.4654945342553716], [0.5931361004542266, 0.18990397761494546, 0.09559628361636535, 0.12136363831446279], [0.2788226020279898, 0.36877856100011863, 0.09473416318615926, 0.2576646737857324], [0.2627767289693165, 0.33856963917721417, 0.21281910562848824, 0.1858345262249812], [0.28775682223274257, 0.21153369993750512, 0.18458899852882535, 0.316120479300927], [0.42181817978461106, 0.13759320386130183, 0.10789681913616495, 0.33269179721792214], [0.18355334861093403, 0.5628582868851645, 0.08951119675089934, 0.16407716775300224], [0.46949214494748454, 0.22661175777735548, 0.09663769881906749, 0.20725839845609254], [0.2736257706292288, 0.270117190791261, 0.1717667441515896, 0.2844902944279207], [0.22070706413037308, 0.35524862766456006, 0.12362802467591325, 0.3004162835291535], [0.2069790789802168, 0.27237549377457526, 0.08169918521552297, 0.438946242029685], [0.11761050170836561, 0.3229585306042734, 0.3995778755178394, 0.15985309216952157], [0.1665835861672853, 0.29956094983192094, 0.36774332808548077, 0.16611213591531307], [0.24606230172700122, 0.17149783669348445, 0.2505065826623256, 0.33193327891718893], [0.2696746427888431, 0.1928550793241956, 0.13608316069515292, 0.4013871171918084], [0.42734762761008227, 0.24361475885415645, 0.08595561773834501, 0.2430819957974163], [0.43281758014361693, 0.3036220037095031, 0.1385961444658391, 0.12496427168104074], [0.2287403582658889, 0.38380542090709324, 0.0767361365123799, 0.3107180843146381], [0.11083168630288937, 0.1652788071181485, 0.3335898030748198, 0.39029970350414234], [0.33723242144715526, 0.34729388012816725, 0.20099661592618648, 0.11447708249849088], [0.1918436034028841, 0.44897746950069367, 0.06442520713399968, 0.29475371996242244], [0.21974890535928474, 0.3133159356989281, 0.245488593368269, 0.22144656557351833], [0.21499508508484727, 0.2641260302854425, 0.20949864583926045, 0.31138023879044974], [0.25909243081876404, 0.40463422538636334, 0.15201021781735533, 0.18426312597751737], [0.2696590523393689, 0.22284233473805903, 0.1947211922768305, 0.3127774206457417], [0.35628448110320105, 0.1899325415769973, 0.23196067038791832, 0.22182230693188362], [0.259536605497336, 0.4730491089139452, 0.10801078503462816, 0.1594035005540905], [0.23573018310956736, 0.19685017853982764, 0.21999752681729512, 0.3474221115333097], [0.10351258071139452, 0.6919924221628415, 0.13096753114646317, 0.07352746597930081], [0.29922506197906146, 0.483126678154681, 0.09963519727649361, 0.1180130625897641], [0.13484265312150043, 0.35712350909001456, 0.07802101564752298, 0.430012822140962], [0.35513109974537976, 0.16508606251781133, 0.16531045652841303, 0.3144723812083961], [0.12368808097795851, 0.230688406919499, 0.49693281473116874, 0.14869069737137397], [0.15384038212208342, 0.5269814078925307, 0.05365493185117909, 0.2655232781342066], [0.07829792644135738, 0.199046954547181, 0.34398189844635374, 0.378673220565108], [0.2498930049581456, 0.3365780851916486, 0.2492158064684494, 0.16431310338175642], [0.4148367571976643, 0.18090620961207152, 0.2467875607908418, 0.1574694723994226], [0.12880770883015982, 0.13951740498213652, 0.0945272573328808, 0.6371476288548229], [0.25482638964851767, 0.13908628432947806, 0.30637421010342747, 0.2997131159185768], [0.2254141520457585, 0.15874074180465006, 0.4032379407194295, 0.212607165430162], [0.43259691471681677, 0.15283825694303693, 0.08713603073182903, 0.32742879760831745], [0.18403581265185734, 0.28400969122084874, 0.126157764116106, 0.40579673201118793], [0.3042317382930156, 0.2057537458006257, 0.12921070589414685, 0.360803810012212], [0.6107503401447327, 0.1443057637638223, 0.06752552956621216, 0.17741836652523288], [0.3133781939876199, 0.09345723547301084, 0.09529694270230016, 0.4978676278370692], [0.19649941012810448, 0.5448107950431512, 0.14426595780832688, 0.11442383702041733], [0.1281985303193988, 0.13574573959172273, 0.11030054736644056, 0.6257551827224379], [0.08774831960583153, 0.22711134209028225, 0.132105386317141, 0.5530349519867451], [0.1367212741734388, 0.5464936158326429, 0.07855066177034742, 0.23823444822357087], [0.14929616794175904, 0.3911768948504037, 0.12444760997987007, 0.3350793272279673], [0.30412004343351423, 0.16809767631607395, 0.28288586337075095, 0.244896416879661], [0.10394496681729476, 0.25112676979243165, 0.381989769279738, 0.2629384941105356], [0.18965598407733905, 0.27266977346353005, 0.12739439952945708, 0.4102798429296738], [0.13773446902406458, 0.6679736410459817, 0.05365224974356919, 0.14063964018638442], [0.24819774710608844, 0.28135814900824374, 0.16479916205672585, 0.3056449418289421], [0.39161129066045247, 0.1760409496335075, 0.13536355899574676, 0.29698420071029313], [0.26165602109714625, 0.21779357036262068, 0.2054656033554591, 0.3150848051847741], [0.2098594103711437, 0.4344200311659105, 0.09362908546056345, 0.2620914730023825], [0.2457931004379208, 0.32219678585292094, 0.18194551250776, 0.25006460120139823], [0.21758920538296256, 0.20443015773631953, 0.17570811446361484, 0.4022725224171031], [0.14189619182942095, 0.09076152947459443, 0.14370894402972353, 0.623633334666261], [0.12008094223713735, 0.37246596310954216, 0.15753802366423647, 0.34991507098908414], [0.20454037429013872, 0.19788667894105536, 0.22337762916129, 0.374195317607516], [0.32158618679433965, 0.30584601742354683, 0.15607739230056472, 0.21649040348154874]]}, "rewritten": {"ids": ["97106000", "97106600", "97106820", "97106970", "97109080", "97110950", "97112300", "97116401", "97118210", "98106560", "98109311", "98109570", "98110810", "98111670", "98111860", "98120530", "99107630", "99107660", "99108330", "99109370", "99109860", "99112300", "99112641", "99112840", "99116500", "99117740", "99119830", "100108080", "100109311", "100109360", "100109890", "100109980", "100111380", "100112060", "100116500", "100116790", "101111210", "101111990", "101112540", "101115190", "102107961", "102108621", "102110850", "102112030", "102113210", "103110760", "103111930", "103112470", "103113610", "104111380", "104111620", "104112201", "104114230", "104118340", "105110251", "105113190", "105113480", "105113620", "105115250", "105115570", "105116650", "105120280", "105121190", "106114880", "106115250", "106116120", "106117770", "106120290", "106121190", "107113180", "107113550", "107114780", "107116340", "107117010", "107118120", "107118490", "108113480", "108113620", "108115250", "108116120", "108116481", "108118060", "108118291", "108119330", "108121410", "109113281", "109114220", "109116170", "109116810", "109117271", "109118161", "109118231", "109119450", "109120560", "109121351", "110116170", "110116290", "110117200", "110118111", "110118161", "110118740", "110120540", "110120640", "110120700", "110121720", "111115770", "111115910", "111116411", "111116530", "111116990", "111117480", "111118810", "111119930", "111120540", "111120591", "111121351", "111121930", "112116610", "112118421", "112118860", "112119120", "112119450", "112119980", "112120640", "113117340", "113117550", "113118231", "113118630", "113118820", "113119120", "113120070", "113120531", "113120591", "113120751", "113120780", "113121680", "113121750", "113121810", "113121980", "113122120", "113122220", "113122430"], "labels": [0, 3, 1, 2, 2, 3, 2, 3, 2, 1, 1, 1, 1, 1, 0, 1, 2, 3, 1, 1, 2, 0, 1, 2, 2, 2, 1, 0, 1, 0, 3, 1, 3, 2, 2, 2, 2, 2, 2, 1, 3, 3, 3, 2, 3, 1, 3, 1, 2, 3, 0, 0, 2, 2, 0, 3, 0, 0, 2, 0, 1, 3, 2, 0, 2, 1, 0, 2, 2, 3, 0, 2, 3, 1, 3, 2, 0, 3, 1, 1, 0, 1, 3, 0, 0, 0, 3, 0, 3, 0, 0, 1, 3, 1, 0, 0, 2, 3, 1, 0, 3, 1, 0, 2, 3, 3, 2, 0, 3, 0, 1, 0, 1, 1, 1, 0, 1, 1, 3, 3, 1, 3, 0, 0, 2, 3, 3, 3, 0, 3, 2, 0, 0, 1, 0, 1, 0, 2, 2, 1, 1, 2], "predicted_labels": [1, 3, 1, 3, 3, 3, 0, 3, 0, 0, 0, 3, 1, 2, 2, 3, 3, 3, 2, 3, 1, 1, 2, 0, 3, 1, 3, 1, 0, 3, 3, 0, 0, 0, 0, 1, 0, 1, 0, 1, 0, 2, 1, 1, 1, 3, 2, 3, 3, 1, 0, 0, 3, 3, 0, 0, 3, 1, 0, 1, 1, 0, 2, 0, 1, 2, 1, 0, 1, 1, 2, 0, 1, 3, 1, 1, 1, 0, 3, 0, 1, 0, 3, 1, 0, 3, 1, 1, 0, 3, 3, 1, 1, 3, 1, 3, 2, 3, 0, 1, 0, 2, 1, 1, 1, 3, 3, 0, 1, 0, 3, 0, 1, 3, 3, 3, 3, 1, 0, 2, 3, 3, 3, 0, 1, 1, 1, 3, 0, 3, 2, 2, 3, 1, 3, 1, 1, 1, 1, 3, 1, 3], "confidence_scores": [[0.28082122841162066, 0.28887651596344316, 0.24231156639570875, 0.1879906892292274], [0.20722460935437503, 0.29987352338875894, 0.11249614833177843, 0.3804057189250876], [0.21360813925109723, 0.3237198447520015, 0.280491563758975, 0.18218045223792637], [0.18084408577089098, 0.2639069583515367, 0.16397915766039986, 0.3912697982171725], [0.10892719508392487, 0.2671189563105846, 0.18364026841357442, 0.4403135801919162], [0.2968809466231153, 0.1301659134886032, 0.20114247963689533, 0.37181066025138626], [0.4585124687035299, 0.1645802248255387, 0.09778174103671079, 0.2791255654342207], [0.14636244461381775, 0.2699134890330818, 0.13762100929993815, 0.4461030570531623], [0.7027142822837931, 0.06070728139871663, 0.076214327372425, 0.1603641089450652], [0.4069924036413874, 0.20678832913748843, 0.15223560333969646, 0.23398366388142772], [0.3162653183333225, 0.22246767624880226, 0.26562988380670477, 0.19563712161117047], [0.33822579851766543, 0.09758164118804194, 0.09589403797621415, 0.46829852231807856], [0.1130534351294489, 0.5465167612874356, 0.23392874780133083, 0.1065010557817846], [0.235938861222193, 0.17038620727901246, 0.3239950154725263, 0.26967991602626823], [0.13441563448333796, 0.09315579209933125, 0.6769821410716679, 0.09544643234566294], [0.14281097857126765, 0.2556612664034834, 0.13921754653098578, 0.46231020849426324], [0.28691770953175827, 0.26401944509428754, 0.13094076635528257, 0.31812207901867146], [0.19267442753499128, 0.1583628411073194, 0.22734713062676215, 0.4216156007309272], [0.19688937771471252, 0.1985801527137983, 0.342570309685448, 0.2619601598860411], [0.14262244582328906, 0.23623644967725907, 0.18126574092359074, 0.4398753635758611], [0.12483041336987043, 0.5064908197823894, 0.19116023061460477, 0.17751853623313546], [0.1294489826106088, 0.3277038573412073, 0.2560512073340699, 0.2867959527141141], [0.2299704577402792, 0.171521405471358, 0.33319330060477614, 0.26531483618358653], [0.2703643492142858, 0.25309558726040327, 0.21924376896207862, 0.2572962945632323], [0.16758000118343286, 0.34505187308351537, 0.11947552220479973, 0.367892603528252], [0.18902823557435913, 0.44915268936623604, 0.08221824760029012, 0.27960082745911474], [0.16344677476780017, 0.2877702036331389, 0.06516136077290711, 0.4836216608261538], [0.2206201921523419, 0.47413020914742393, 0.08892326654275315, 0.21632633215748104], [0.3555911477621485, 0.21411778638451004, 0.12627139570649015, 0.3040196701468514], [0.16484957630257824, 0.20999281569143557, 0.2197234065458908, 0.40543420146009546], [0.23910081176974957, 0.14091889135818317, 0.1611704399296382, 0.45880985694242915], [0.6007734951765161, 0.19075334289087983, 0.07783743941968187, 0.13063572251292216], [0.3169786800908251, 0.30790680582771446, 0.1443492786334804, 0.23076523544798003], [0.3324656037043948, 0.27549989965252186, 0.11534613934012695, 0.27668835730295627], [0.2931833808588628, 0.25492649335150025, 0.22314433093121844, 0.22874579485841845], [0.1968140454568961, 0.407225790517469, 0.1353606733175818, 0.26059949070805305], [0.5699703894579192, 0.07933873616956717, 0.05862503940256891, 0.29206583496994437], [0.16236894633838933, 0.5041451323459222, 0.07002371151690764, 0.26346220979878093], [0.3193195702947885, 0.25348026906737847, 0.11562672166583383, 0.31157343897199924], [0.25348329834098293, 0.45190325791949837, 0.10779434688677407, 0.1868190968527446], [0.3599686602938635, 0.33891763584088985, 0.18276559221034044, 0.11834811165490627], [0.28643628775846586, 0.17543339150978282, 0.30007725773178373, 0.23805306299996756], [0.20463865019313376, 0.4639731260683169, 0.2182764865661005, 0.11311173717244877], [0.1391551069702231, 0.6273629891108596, 0.11433333511407703, 0.1191485688048401], [0.3016694062415265, 0.3503160934350705, 0.09665648640209712, 0.2513580139213059], [0.2746141416857088, 0.22512703985234334, 0.08975296999230037, 0.4105058484696475], [0.15616872347080255, 0.3187171386594151, 0.3897112823973764, 0.13540285547240613], [0.2029785596137639, 0.3017417210290946, 0.08997422830324894, 0.40530549105389274], [0.12025507175092659, 0.16779034860055075, 0.15993872352790955, 0.5520158561206132], [0.17998461252858972, 0.35684432392773935, 0.29574204234896073, 0.16742902119471048], [0.5423065563897096, 0.21337643042505725, 0.10400290240044173, 0.14031411078479147], [0.5057775622974334, 0.141206055246075, 0.09801173500469822, 0.25500464745179335], [0.14360756645974918, 0.3081083852638835, 0.14860771229996766, 0.39967633597639973], [0.22675060239453465, 0.2261218818140948, 0.25840679382541304, 0.2887207219659578], [0.39431901381106305, 0.22457286903690937, 0.08131156829572678, 0.29979654885630086], [0.3293744543871735, 0.20815579348377117, 0.2342159360725487, 0.2282538160565067], [0.26228085535468015, 0.19225225803124685, 0.14659224024453227, 0.39887464636954073], [0.13250511647694654, 0.5732792422003872, 0.16408961407665434, 0.13012602724601185], [0.4238602624498557, 0.2791631743675382, 0.0961014794449588, 0.20087508373764731], [0.2198118892211571, 0.47441817522030505, 0.12233021808382577, 0.18343971747471224], [0.16767380922657574, 0.3482244336244927, 0.24553774005782175, 0.23856401709110994], [0.44181960772545004, 0.23239309340179878, 0.15078009005195567, 0.17500720882079546], [0.12601435992573806, 0.2460972286220744, 0.3253038237725558, 0.3025845876796318], [0.4176507617073039, 0.275159146536639, 0.09993931684669646, 0.2072507749093607], [0.11596095855173898, 0.4821739297423178, 0.26390348403771635, 0.1379616276682268], [0.11148128661642619, 0.22554680233010102, 0.4121801860087352, 0.2507917250447378], [0.24736129665452086, 0.3304020680290953, 0.15383257947209153, 0.26840405584429233], [0.3142237269933151, 0.20239938121019327, 0.2703264945893218, 0.21305039720717006], [0.10212509614351774, 0.4872191188562949, 0.24586724628181003, 0.16478853871837737], [0.21347200993680224, 0.39537099381174146, 0.24980650491228085, 0.14135049133917546], [0.20992327343200345, 0.23165218352403413, 0.3662845031125308, 0.19214003993143178], [0.2890730435139192, 0.2887412808671004, 0.247321979252947, 0.17486369636603338], [0.2627956885388281, 0.3471298029292875, 0.0689338371760234, 0.32114067135586094], [0.08697662747670545, 0.13562176873474371, 0.23050135956511977, 0.5469002442234311], [0.17593745985699402, 0.38474289554335384, 0.13148716182161918, 0.30783248277803305], [0.16066674108584997, 0.4275284939158775, 0.2554707575723644, 0.15633400742590806], [0.25961868724142334, 0.3011012695208724, 0.1635018171480399, 0.2757782260896643], [0.3274533826494698, 0.2833682062187526, 0.1060492166907587, 0.283129194441019], [0.19609580457825648, 0.22665807345211011, 0.2095162063472291, 0.3677299156224045], [0.6488063274003214, 0.05641923677198218, 0.1711419877330634, 0.12363244809463303], [0.19680327444977713, 0.3922344217721346, 0.09899831267006538, 0.3119639911080228], [0.49051105359649794, 0.15630168758656243, 0.061886974601957745, 0.29130028421498205], [0.17786228339167495, 0.1431062574568066, 0.1628144572633884, 0.5162170018881301], [0.24013268394218973, 0.44658268599367634, 0.19353382906362002, 0.11975080100051413], [0.3404012684523843, 0.27331137151263263, 0.1781426986671684, 0.2081446613678146], [0.14493075418289372, 0.31845233811530393, 0.05291363305538791, 0.48370327464641444], [0.1928523335022707, 0.5705457896722304, 0.11481387977615619, 0.12178799704934286], [0.08587720663585491, 0.5780924763637981, 0.124450874646117, 0.21157944235423004], [0.32787464375733805, 0.2865947955877347, 0.19594623965359032, 0.1895843210013371], [0.34869732852507307, 0.0993439763156779, 0.09200415837861439, 0.45995453678063486], [0.23819557454979995, 0.2048231933018072, 0.19689083534912677, 0.36009039679926624], [0.17395786980264233, 0.30572641583046173, 0.29238018955182155, 0.22793552481507443], [0.12008094748387906, 0.4975801529667082, 0.11830459644907897, 0.26403430310033393], [0.12249479088176835, 0.13274899495903608, 0.11754445761994985, 0.6272117565392458], [0.21029368932022577, 0.6058916349698765, 0.07410331012718914, 0.10971136558270843], [0.21636055182899117, 0.20687762802510257, 0.096215172461443, 0.4805466476844633], [0.19467804028587515, 0.3057376253496199, 0.3476045433756144, 0.1519797909888906], [0.23496703517176265, 0.24367658958822805, 0.11086991973561927, 0.4104864555043901], [0.3453502026505418, 0.20637568357692482, 0.11824131861396063, 0.3300327951585729], [0.14073608341460814, 0.48359877933122325, 0.09197104059089667, 0.2836940966632722], [0.4674605093304894, 0.21740637247047498, 0.12429368551371056, 0.190839432685325], [0.169388132089917, 0.2787934637777529, 0.32135569879131903, 0.23046270534101126], [0.1915392243104507, 0.4137886351882475, 0.174973249273546, 0.21969889122775588], [0.2144288124984541, 0.4838344572666162, 0.10733081258824319, 0.19440591764668663], [0.09156935335036145, 0.5969092247580683, 0.09160607370336267, 0.21991534818820765], [0.16096130101686226, 0.2794572636329877, 0.18919956494502957, 0.37038187040512055], [0.26148736981745135, 0.2875109443785881, 0.0828130083993034, 0.36818867740465716], [0.5249006867152638, 0.16128365880059556, 0.08491929443212502, 0.22889636005201563], [0.16168162728591073, 0.5435565644012287, 0.0772143615062602, 0.21754744680660032], [0.46831810581595473, 0.221369424420849, 0.14267018650904031, 0.16764228325415578], [0.2092323881778051, 0.24534835082196313, 0.16979233202230498, 0.3756269289779269], [0.4115798134955911, 0.31391861245860614, 0.07677775816860755, 0.1977238158771952], [0.19348898393928712, 0.4098290562569937, 0.08133095356937882, 0.3153510062343404], [0.10646522928989802, 0.19996418105095654, 0.16068879149468326, 0.5328817981644622], [0.1583558399716589, 0.17892841983031232, 0.2263991514111278, 0.436316588786901], [0.1842529856059525, 0.22635446139925272, 0.26482069865591146, 0.32457185433888336], [0.29192395736633325, 0.23954361114600095, 0.1658149881755065, 0.3027174433121592], [0.2519477334079786, 0.28464932805767723, 0.21492054849047074, 0.24848239004387354], [0.31227302958846376, 0.26814458086523385, 0.13702151263260456, 0.28256087691369797], [0.17502692132599784, 0.12217879580710772, 0.5852913579579694, 0.11750292490892514], [0.2714756640255043, 0.20786305185882475, 0.17090784219856475, 0.3497534419171061], [0.2563000007672862, 0.3056230209248706, 0.09534006263406229, 0.34273691567378084], [0.11522756916898572, 0.21021188142809963, 0.15860698229117856, 0.5159535671117361], [0.3844820384863454, 0.12070882102463111, 0.2982537957711084, 0.19655534471791516], [0.06067888463913577, 0.6570958695413629, 0.08928389111279349, 0.19294135470670792], [0.2320735614549849, 0.3552528884107015, 0.16477380489208443, 0.24789974524222932], [0.2344553185487954, 0.4576667019836907, 0.11896594288193343, 0.1889120365855806], [0.15476281068403241, 0.3597757913380047, 0.0810383138631112, 0.4044230841148517], [0.4121573438299758, 0.2744853820391033, 0.08591532126978073, 0.22744195286114013], [0.1632168543581705, 0.23089656277421403, 0.22326317905317067, 0.3826234038144448], [0.21969095278898484, 0.30964726843993673, 0.3624408546971773, 0.10822092407390115], [0.17583990956343024, 0.2978748613589155, 0.34217352475375684, 0.18411170432389737], [0.3519799943244536, 0.1077105707851236, 0.06398453800803494, 0.4763248968823878], [0.11505610155140862, 0.42296057371537266, 0.10438657259786922, 0.3575967521353495], [0.07058050522029335, 0.33916598295624956, 0.04905892612202928, 0.5411945857014278], [0.20363316893761976, 0.3647410076765901, 0.16386716912534116, 0.26775865426044887], [0.20297538465756168, 0.5446928386405977, 0.061172042597247206, 0.19115973410459342], [0.0752748554467004, 0.5946037192659327, 0.1454123525236348, 0.18470907276373189], [0.22042727472585036, 0.42926491948087125, 0.16223781114881208, 0.18806999464446642], [0.13034111293966463, 0.2963899497409014, 0.12375234925050665, 0.44951658806892747], [0.16273945141159837, 0.4099358161139335, 0.18461846175227697, 0.2427062707221911], [0.07881023992151427, 0.3156349706465182, 0.14351382751825872, 0.4620409619137088]]}}