{"test": {"ids": ["111119150", "98116500", "101112201", "104118340", "112120540", "105116501", "106113260", "112116290", "113121410", "105116090", "105115250", "103110220", "98107210", "98108520", "99114890", "109120560", "102110050", "113120640", "108116481", "111120190", "109119591", "97112300", "103111620", "106113190", "112117030", "105121190", "99107560", "99117630", "100116790", "102116500", "104114320", "99119830", "99112531", "112118890", "100111380", "104112470", "100110260", "110121170", "102107961", "110118701", "109115211", "107120260", "104113380", "112119320", "107113130", "108118810", "107113200", "112117790", "99107950", "103118291", "112116640", "100112060", "110117500", "104111990", "111120220", "98111860", "109121410", "105112100", "107116340", "100111620", "111120540", "113118810", "112121410", "112118550", "104113170", "102112250", "105112260", "107113260", "110121500", "100108080", "101111310", "112120630", "110116290", "108118630", "113118870", "107121640", "99107500", "111115780", "99108080", "107117010", "97105580", "110115120", "109116810", "113121950", "99108310", "112121030", "97106000", "107114490", "98109230", "103109791", "101113210", "108113700", "108114270", "108114220", "112116990", "113117550", "108115870", "99107660", "99120010", "103113170", "97106600", "111116010", "112118161", "112120270", "106121190", "113118690", "112119610", "112121430", "107116300", "112116850", "111119300", "107116980", "105116980", "113122190", "108116120", "98106111", "110113931", "98108410", "112116501", "112117571", "110120640", "112116451", "106114880", "102110690", "113122120", "100108260", "112120990", "103113101", "112118581", "112119120", "113117630", "110117140", "108121351", "107120130", "98110230", "101111990", "109118161", "97106591", "102121440", "99111340", "110118810", "105118171"], "labels": [3, 2, 0, 2, 3, 1, 3, 0, 0, 1, 2, 2, 1, 2, 2, 1, 3, 0, 0, 3, 0, 2, 0, 0, 2, 2, 1, 3, 2, 1, 2, 1, 3, 3, 3, 1, 3, 2, 3, 3, 0, 1, 1, 1, 1, 1, 0, 3, 1, 0, 0, 2, 1, 2, 3, 0, 0, 1, 3, 3, 1, 3, 0, 3, 3, 0, 3, 0, 3, 0, 3, 3, 2, 1, 0, 1, 0, 1, 3, 1, 1, 0, 3, 3, 2, 0, 0, 3, 1, 3, 3, 0, 3, 3, 0, 3, 3, 3, 2, 3, 3, 1, 0, 0, 2, 3, 0, 2, 0, 0, 1, 3, 0, 1, 1, 0, 1, 1, 3, 3, 0, 0, 0, 0, 1, 3, 2, 3, 1, 1, 0, 3, 3, 2, 3, 2, 0, 1, 2, 1, 1, 3], "predicted_labels": [0, 1, 1, 2, 0, 0, 1, 1, 1, 2, 1, 1, 3, 1, 1, 3, 1, 0, 3, 1, 3, 1, 1, 1, 0, 1, 0, 1, 1, 1, 1, 1, 2, 3, 0, 2, 0, 1, 1, 1, 1, 1, 3, 3, 1, 3, 1, 3, 1, 3, 0, 1, 1, 1, 3, 2, 1, 3, 1, 1, 1, 1, 1, 3, 1, 0, 1, 1, 0, 1, 1, 0, 0, 1, 0, 0, 1, 1, 0, 2, 3, 3, 1, 1, 1, 0, 3, 1, 1, 3, 1, 0, 3, 1, 3, 3, 1, 0, 1, 1, 1, 1, 1, 1, 3, 3, 1, 0, 2, 3, 1, 0, 1, 3, 3, 1, 1, 1, 3, 1, 1, 1, 1, 1, 1, 1, 1, 3, 1, 3, 3, 3, 1, 1, 0, 3, 1, 1, 1, 2, 3, 3], "confidence_scores": [[0.3528973900721973, 0.293123435187847, 0.06693423146074357, 0.2870449432792121], [0.27162721963126274, 0.29859771612305047, 0.18451571219060126, 0.2452593520550855], [0.2919735213725151, 0.30124920171915653, 0.2434752232207097, 0.16330205368761883], [0.07965504031809884, 0.23127029663504192, 0.5649450825636622, 0.12412958048319714], [0.47591431724877803, 0.271392451753888, 0.07490010514909394, 0.17779312584823997], [0.39225975018377335, 0.2603128193922311, 0.057073469437193255, 0.29035396098680233], [0.26968190851901336, 0.4277173488215958, 0.06006077475481403, 0.24253996790457671], [0.2935596585091585, 0.3726987617433838, 0.07403065402403021, 0.25971092572342763], [0.14540258655841515, 0.53051435702735, 0.07007991203047695, 0.2540031443837579], [0.11899982897164044, 0.0970977194868546, 0.49970399829630885, 0.28419845324519627], [0.39460370592884003, 0.4327985041214351, 0.03323970463615121, 0.1393580853135737], [0.1931429966060122, 0.3491548467331706, 0.13641052335565637, 0.3212916333051609], [0.19617405848006833, 0.2331888099474324, 0.2678996891484059, 0.3027374424240935], [0.14281525044318188, 0.6127605928798299, 0.05988144086217044, 0.18454271581481804], [0.16560659060423488, 0.35256028076236795, 0.19740198600269407, 0.2844311426307031], [0.19773273388148416, 0.3199337746849564, 0.13089377301530358, 0.35143971841825583], [0.31681679916055977, 0.378503618805635, 0.12558721428068179, 0.17909236775312348], [0.619790857165309, 0.14329466925069614, 0.06791038781159797, 0.1690040857723968], [0.3512290589938469, 0.11841880646797849, 0.08865259256966916, 0.4416995419685054], [0.24383004445674095, 0.3963791906327983, 0.09115675136290664, 0.26863401354755395], [0.2733947775136925, 0.2587081927552522, 0.12677440055867825, 0.34112262917237707], [0.2844165800420288, 0.457259823721693, 0.11228028239937987, 0.14604331383689848], [0.1445498272936657, 0.5895264350863232, 0.13340024249034374, 0.1325234951296673], [0.20984621363143588, 0.39346167514317903, 0.055573078567567005, 0.34111903265781807], [0.36364553580397785, 0.19308860213160556, 0.10345827732212694, 0.3398075847422899], [0.1700454285362738, 0.41332421125125146, 0.25329572712238774, 0.1633346330900868], [0.34172960999894686, 0.26598674575456716, 0.21648995670940485, 0.17579368753708122], [0.25708426814004426, 0.3836519417845578, 0.15508713880460015, 0.20417665127079776], [0.3391910928284885, 0.3484764638565446, 0.1489265239615429, 0.16340591935342394], [0.12403569950764709, 0.4204159802501558, 0.21004545163004557, 0.24550286861215168], [0.21073741200554097, 0.3696426126753667, 0.2020096965724931, 0.21761027874659924], [0.10169713944606673, 0.464481264825837, 0.06344724879236222, 0.3703743469357342], [0.15188298307701487, 0.2575151158687746, 0.3063639478623875, 0.28423795319182305], [0.1875049785328527, 0.1959372493832027, 0.06173238975468899, 0.5548253823292557], [0.3505012574813144, 0.27681217070538905, 0.17255545819459306, 0.2001311136187036], [0.18743524147536753, 0.28462327308373697, 0.3056715090434002, 0.22226997639749546], [0.5042663298073697, 0.1678620734102974, 0.09487547682110585, 0.23299611996122707], [0.15251573548555075, 0.380070443494328, 0.30353426875645834, 0.16387955226366305], [0.23132814776994906, 0.3045358510608571, 0.24962417600477077, 0.2145118251644231], [0.13207119341166504, 0.37957163553877366, 0.23040504810453646, 0.2579521229450248], [0.13568003885274216, 0.4846802522746867, 0.10494683597553119, 0.27469287289704003], [0.07777913816085574, 0.7973492396921117, 0.0540756800518643, 0.07079594209516836], [0.15432753674930696, 0.3447177719839111, 0.07044204013070883, 0.43051265113607284], [0.10405288325136994, 0.3242706148562367, 0.18771221254040876, 0.38396428935198457], [0.11168381540868474, 0.5128168305845132, 0.09391416377136023, 0.28158519023544193], [0.1392432575658585, 0.3290366580738365, 0.164498699005595, 0.3672213853547101], [0.13532005858617072, 0.42727137762321016, 0.10624318638461384, 0.3311653774060053], [0.20940488416047265, 0.14851994802414625, 0.1413492942913766, 0.5007258735240045], [0.09644775671238456, 0.3715976925399058, 0.18299720755534313, 0.3489573431923667], [0.16241793608734845, 0.2975891842531739, 0.06979561229478151, 0.47019726736469614], [0.3655470675624732, 0.2631684979709224, 0.0889835869224643, 0.28230084754414014], [0.20759012125061568, 0.3193502499416176, 0.21513426901612295, 0.25792535979164377], [0.26475599029301594, 0.423717577651659, 0.11297820486022461, 0.19854822719510037], [0.20621569676928958, 0.46905967919715563, 0.09967995166568293, 0.22504467236787207], [0.2404972881201891, 0.2634763723695196, 0.08721714870450893, 0.40880919080578254], [0.16533080528783878, 0.22714934547114007, 0.3964785197104593, 0.21104132953056196], [0.14688436134819033, 0.3800735110391121, 0.21090015902539053, 0.2621419685873072], [0.11564885525814723, 0.3432837070182637, 0.051270991484817556, 0.48979644623877167], [0.17049397188924706, 0.43815366880647544, 0.17857633058971678, 0.21277602871456072], [0.20516288835432414, 0.38835013951958874, 0.16348784451695456, 0.2429991276091326], [0.1608902628912703, 0.3727762168373581, 0.284850678384348, 0.1814828418870235], [0.19870107606441717, 0.30482376891990537, 0.24698424374685057, 0.249490911268827], [0.17878796744384343, 0.4436970018114681, 0.07622796867777022, 0.30128706206691813], [0.10317625370035745, 0.3432325601439124, 0.06434146197799523, 0.4892497241777349], [0.1196614087289317, 0.48066319008525493, 0.15217281412889425, 0.24750258705691933], [0.3345920803395265, 0.22112187132710456, 0.20961976596125967, 0.23466628237210924], [0.2577281002280142, 0.5508338802841721, 0.03195007512923291, 0.15948794435858094], [0.24593199809470095, 0.3456421922386381, 0.22235003556660354, 0.18607577410005735], [0.34515579772541194, 0.28742546456636064, 0.06734658791802632, 0.3000721497902011], [0.15543230737421276, 0.39662318380737077, 0.1156115060580622, 0.33233300276035443], [0.23449660597662866, 0.3293134314380522, 0.169212475250657, 0.26697748733466226], [0.6027297254893734, 0.18582849952904076, 0.05737957716798751, 0.15406219781359828], [0.4003789618009377, 0.12688914353453692, 0.28224444136109655, 0.19048745330342903], [0.12455736478670938, 0.48933275631771317, 0.15009884138579807, 0.23601103750977953], [0.5812975217329882, 0.12617816927677697, 0.04808408465025905, 0.2444402243399759], [0.2913812066574947, 0.26485031615717375, 0.25732668438808914, 0.18644179279724238], [0.07412690418313975, 0.6148628811057241, 0.15878927727796807, 0.152220937433168], [0.23415676067687216, 0.35623920447950025, 0.15773100134054335, 0.2518730335030841], [0.3237874390642609, 0.266279592074035, 0.23631127061203328, 0.1736216982496708], [0.10191297723849152, 0.22627815068138338, 0.48445383946221177, 0.18735503261791336], [0.14257312497093202, 0.156879008249839, 0.13308193932642956, 0.5674659274527994], [0.3643901530562744, 0.17923233585261927, 0.08721676553679636, 0.36916074555431], [0.2046070392908643, 0.49039577667851164, 0.0904860170200109, 0.21451116701061318], [0.123022245116205, 0.37177025899013433, 0.2674419134221116, 0.23776558247154903], [0.12845393956569368, 0.5347944111061665, 0.1307312907921923, 0.20602035853594738], [0.4355773342764734, 0.19287796797834608, 0.0900847717045272, 0.28145992604065345], [0.15877303231779055, 0.2358533999720638, 0.14940001383662582, 0.45597355387352], [0.16502521748169868, 0.39676095007552675, 0.14770326498134076, 0.2905105674614338], [0.14853412877999142, 0.4150746160599585, 0.2406613623233564, 0.1957298928366938], [0.14226569655179136, 0.07892391942577855, 0.24235431946935404, 0.5364560645530762], [0.24429859758877756, 0.26963132061879624, 0.2680634275687049, 0.21800665422372123], [0.34384281788418053, 0.281529741373956, 0.1871636821430105, 0.18746375859885298], [0.34271608292937106, 0.23621827504926948, 0.07239013504439207, 0.34867550697696736], [0.19114408560887158, 0.4891013133638514, 0.14621012035545022, 0.17354448067182685], [0.27035468772683025, 0.24165689299894058, 0.13827493496064325, 0.34971348431358595], [0.2298726872230822, 0.24669743909799946, 0.1263460107269926, 0.3970838629519257], [0.2021555509224711, 0.3917191241417436, 0.13399453225938435, 0.27213079267640106], [0.33101951415513226, 0.1727792363041299, 0.2524815755238776, 0.24371967401686012], [0.050689978911013664, 0.7516310062614959, 0.09474866917046736, 0.1029303456570232], [0.1662265208156985, 0.3770181612381477, 0.15027685665653995, 0.3064784612896139], [0.2724769165299961, 0.3112841019779512, 0.22886680523647926, 0.18737217625557356], [0.0934717232767149, 0.6139711530168177, 0.1391320402836871, 0.1534250834227803], [0.21450315239654452, 0.3767649804840329, 0.10906275561189686, 0.2996691115075259], [0.10384074327102778, 0.49393034694193283, 0.25943992122489157, 0.14278898856214806], [0.2025836618339292, 0.25376579070258826, 0.21565453023624725, 0.32799601722723526], [0.31965870248647804, 0.25095346638930116, 0.07005328730595269, 0.3593345438182683], [0.09630526775842907, 0.4754347445209287, 0.2768571740900582, 0.15140281363058408], [0.597840089339027, 0.14731387330269022, 0.10636310693688242, 0.14848293042140034], [0.2796234857867987, 0.1637578057826879, 0.3574352285621232, 0.19918347986839022], [0.1506414976986957, 0.26331663539429767, 0.08037648790805661, 0.50566537899895], [0.23570676788916345, 0.33905112704500434, 0.17891210867670582, 0.24632999638912628], [0.48429706158482605, 0.30680983569745823, 0.06290150361689374, 0.14599159910082207], [0.11196781422170841, 0.5418975091228089, 0.10449102710449572, 0.24164364955098713], [0.21475089535811762, 0.20190652093921102, 0.21662499051785264, 0.36671759318481895], [0.306240094714552, 0.1802061960064216, 0.07209230496613016, 0.4414614043128963], [0.1572713006562767, 0.36570078083457325, 0.2118158785064314, 0.2652120400027187], [0.2105396463326459, 0.44546804053450756, 0.08289771843808841, 0.2610945946947581], [0.18056769600878614, 0.37325489116181615, 0.17909704894821718, 0.2670803638811806], [0.3058550831494165, 0.19778514110208117, 0.1377707666587133, 0.35858900908978913], [0.1642790069163556, 0.6524228314435608, 0.032514897694423374, 0.1507832639456602], [0.3173920116548365, 0.35582334898214824, 0.09588517922003181, 0.23089946014298354], [0.31223179330039713, 0.6156958603102493, 0.021784304359409493, 0.050288042029944], [0.20442148111046687, 0.2850293091020501, 0.2270182081607835, 0.2835310016266996], [0.25633513311306455, 0.3405157575656441, 0.13761901727308135, 0.26553009204820976], [0.2612176054060494, 0.2956950375462354, 0.18325353133211597, 0.25983382571559943], [0.14780812873770843, 0.3760490945400426, 0.2290806202122273, 0.24706215651002178], [0.23788130670608743, 0.46880146765072106, 0.11830371837661213, 0.17501350726657952], [0.3142344840093837, 0.1586049843221613, 0.10355366124015021, 0.42360687042830475], [0.15095729545438186, 0.4154948098294784, 0.2546393808853816, 0.17890851383075826], [0.23934239321975376, 0.26606279007085765, 0.22750730931719584, 0.2670875073921928], [0.15111615916135, 0.25923093160174066, 0.1304599172109198, 0.4591929920259896], [0.13218352653772253, 0.22255227191512486, 0.15966925046191008, 0.4855949510852425], [0.263918403069776, 0.3464159750291547, 0.11638822282685769, 0.27327739907421167], [0.20245606042624759, 0.46623053800772857, 0.1831631499190638, 0.14815025164696008], [0.7413407752180067, 0.09742281807757054, 0.037197636754694674, 0.1240387699497283], [0.07491211202988685, 0.12844553397809336, 0.07811965302812757, 0.7185227009638923], [0.15685863962412525, 0.4125807218194494, 0.2536537847029672, 0.17690685385345814], [0.1740012320875572, 0.3672997598326097, 0.18994545806890095, 0.2687535500109321], [0.2292472036560732, 0.4298864601679215, 0.09824370988331864, 0.24262262629268674], [0.14526498847903868, 0.24845223427762253, 0.42951858390080144, 0.17676419334253743], [0.21280467612514387, 0.23024091850416034, 0.15764328456571727, 0.39931112080497855], [0.23278032274645694, 0.3088485712094678, 0.07797888697617181, 0.3803922190679036]]}, "rewritten": {"ids": ["97105580", "97106000", "97106591", "97106600", "97112300", "98106111", "98107210", "98108410", "98108520", "98109230", "98110230", "98111860", "98116500", "99107500", "99107560", "99107660", "99107950", "99108080", "99108310", "99111340", "99112531", "99114890", "99117630", "99119830", "99120010", "100108080", "100108260", "100110260", "100111380", "100111620", "100112060", "100116790", "101111310", "101111990", "101112201", "101113210", "102107961", "102110050", "102110690", "102112250", "102116500", "102121440", "103109791", "103110220", "103111620", "103113101", "103113170", "103118291", "104111990", "104112470", "104113170", "104113380", "104114320", "104118340", "105112100", "105112260", "105115250", "105116090", "105116501", "105116980", "105118171", "105121190", "106113190", "106113260", "106114880", "106121190", "107113130", "107113200", "107113260", "107114490", "107116300", "107116340", "107116980", "107117010", "107120130", "107120260", "107121640", "108113700", "108114220", "108114270", "108115870", "108116120", "108116481", "108118630", "108118810", "108121351", "109115211", "109116810", "109118161", "109119591", "109120560", "109121410", "110113931", "110115120", "110116290", "110117140", "110117500", "110118701", "110118810", "110120640", "110121170", "110121500", "111115780", "111116010", "111119150", "111119300", "111120190", "111120220", "111120540", "112116290", "112116451", "112116501", "112116640", "112116850", "112116990", "112117030", "112117571", "112117790", "112118161", "112118550", "112118581", "112118890", "112119120", "112119320", "112119610", "112120270", "112120540", "112120630", "112120990", "112121030", "112121410", "112121430", "113117550", "113117630", "113118690", "113118810", "113118870", "113120640", "113121410", "113121950", "113122120", "113122190"], "labels": [1, 0, 1, 3, 2, 0, 1, 1, 2, 1, 3, 0, 2, 0, 1, 3, 1, 3, 2, 1, 3, 2, 3, 1, 2, 0, 3, 3, 3, 3, 2, 2, 3, 2, 0, 3, 3, 3, 0, 0, 1, 2, 3, 2, 0, 3, 3, 0, 2, 1, 3, 1, 2, 2, 1, 3, 2, 1, 1, 0, 3, 2, 0, 3, 0, 2, 1, 0, 0, 3, 0, 3, 3, 1, 2, 1, 1, 0, 3, 3, 3, 1, 0, 1, 1, 3, 0, 3, 0, 0, 1, 0, 1, 0, 2, 3, 1, 3, 1, 0, 2, 3, 1, 1, 3, 1, 3, 3, 1, 0, 0, 3, 0, 0, 0, 2, 3, 3, 0, 3, 1, 3, 1, 1, 0, 0, 3, 3, 2, 0, 0, 2, 3, 0, 3, 3, 0, 0, 0, 3, 1, 1], "predicted_labels": [3, 3, 1, 1, 1, 1, 3, 1, 1, 1, 0, 1, 1, 1, 0, 3, 1, 0, 1, 2, 1, 3, 3, 1, 1, 1, 2, 0, 0, 1, 3, 1, 1, 3, 0, 1, 0, 2, 1, 2, 0, 3, 0, 3, 2, 0, 1, 0, 1, 3, 3, 1, 2, 3, 3, 1, 0, 3, 1, 2, 3, 1, 3, 0, 1, 0, 1, 3, 1, 0, 0, 1, 0, 1, 1, 1, 0, 0, 0, 3, 1, 1, 0, 0, 3, 3, 3, 0, 3, 2, 3, 1, 1, 0, 1, 3, 1, 1, 3, 1, 2, 1, 0, 1, 0, 1, 0, 3, 1, 3, 1, 3, 1, 2, 0, 1, 1, 3, 0, 0, 0, 3, 1, 1, 2, 1, 1, 0, 1, 0, 0, 0, 1, 1, 1, 3, 1, 0, 1, 0, 0, 0], "confidence_scores": [[0.3129548607302246, 0.16902006928898786, 0.15833542761155053, 0.3596896423692372], [0.14246349268239325, 0.3014856856764288, 0.12357177241004454, 0.43247904923113356], [0.14554247025409292, 0.44601752271642137, 0.22857349264326643, 0.17986651438621942], [0.1830307407813504, 0.48521954691601055, 0.14208932921748194, 0.1896603830851573], [0.21924216442189717, 0.43377820926213323, 0.13805989506802915, 0.2089197312479404], [0.2078125157257822, 0.5076277092259323, 0.15264636533938264, 0.13191340970890283], [0.1882049822175646, 0.24843617935074663, 0.17492373331971328, 0.38843510511197554], [0.12985527711065034, 0.5816361425068016, 0.1081595990434537, 0.18034898133909436], [0.09681915352609492, 0.8132684866523372, 0.03300539144255756, 0.0569069683790103], [0.11310912358433008, 0.5678248544328153, 0.20717604366997705, 0.11188997831287756], [0.5966704480765658, 0.1470726273775153, 0.047471328320396786, 0.2087855962255221], [0.14005645706264883, 0.4482940756994568, 0.14598922707042492, 0.26566024016746936], [0.30697990451311385, 0.4042245537916793, 0.08605189589455042, 0.20274364580065643], [0.1041917799077311, 0.6581260555436822, 0.06008330996263482, 0.17759885458595184], [0.29447139983395193, 0.283820827623045, 0.2863894684885415, 0.13531830405446144], [0.279620664023179, 0.2139989866150642, 0.2110164556273858, 0.295363893734371], [0.21119996623405776, 0.3220869321989694, 0.21618937289383852, 0.2505237286731343], [0.383131762693098, 0.19337862530366126, 0.22108656201413418, 0.20240304998910666], [0.20060158978226675, 0.2841809034634835, 0.23462797841259003, 0.2805895283416599], [0.12790190790118486, 0.17426101283951795, 0.5056795955826242, 0.1921574836766731], [0.23175510053362658, 0.3860255074869732, 0.20500766979813967, 0.17721172218126058], [0.251315092555795, 0.2811487608247422, 0.15394590866049215, 0.31359023795897073], [0.17439139577473894, 0.2548914768086084, 0.2385027073550944, 0.3322144200615583], [0.15531491003706258, 0.35688755269115796, 0.20623265604726643, 0.2815648812245132], [0.11765164808879407, 0.519447248305889, 0.19845675397356485, 0.16444434963175206], [0.14026553828562027, 0.38734325249442403, 0.08602290154812012, 0.38636830767183555], [0.21317894971430423, 0.2569646473500277, 0.32456340419964835, 0.20529299873601983], [0.6247584923136894, 0.2177256068572062, 0.048832797843687256, 0.10868310298541714], [0.5178116678963671, 0.19285793516233615, 0.11007373861070108, 0.1792566583305957], [0.2281750342367665, 0.3547515199599932, 0.14619168196140891, 0.27088176384183144], [0.15510152649594508, 0.2819041217111077, 0.13031174778440235, 0.4326826040085449], [0.11512376620494842, 0.5360127718319242, 0.12452813488712368, 0.2243353270760037], [0.23478565753973016, 0.3088916446813768, 0.17701245043832772, 0.27931024734056553], [0.2130716370352649, 0.10353721049968923, 0.0807978606993723, 0.6025932917656736], [0.6838767251982955, 0.09214413078028395, 0.1438493214838991, 0.08012982253752156], [0.16807202577733182, 0.2896273393836595, 0.270204001630091, 0.2720966332089178], [0.7171723368918846, 0.09531089511196075, 0.08526475204836724, 0.10225201594778731], [0.21687766548880424, 0.26859288258115394, 0.37095814717959985, 0.14357130475044197], [0.14282926659937134, 0.49833860619380044, 0.11153573169609692, 0.24729639551073143], [0.23848595218980526, 0.1721322292426479, 0.3572467441756868, 0.23213507439186012], [0.3497688782629567, 0.2548477029411765, 0.10736722270439819, 0.28801619609146845], [0.18989226341031215, 0.24996199283503995, 0.1442553834672247, 0.41589036028742327], [0.3544893896450652, 0.16266244147415831, 0.24016724020939603, 0.24268092867138058], [0.16839465262497444, 0.2847779960363937, 0.14802044270891207, 0.39880690862971974], [0.1720512893032587, 0.21019365304358678, 0.42247559791033434, 0.19527945974281996], [0.31214323527714455, 0.2673380931803082, 0.16217151646076758, 0.2583471550817798], [0.24867865178936333, 0.36241087459880283, 0.08966787817486267, 0.29924259543697135], [0.39381227627761944, 0.36835665361071873, 0.08713326706223257, 0.15069780304942926], [0.22099850531954696, 0.5167636608935157, 0.05776270664358124, 0.2044751271433562], [0.2327937949395791, 0.16127732282630564, 0.19253955380987703, 0.4133893284242381], [0.12122784182707383, 0.35821218334360994, 0.06684043649346562, 0.45371953833585044], [0.09428032902265089, 0.4688376787663889, 0.08726571495587206, 0.3496162772550881], [0.16203461591096843, 0.2484703846861032, 0.4261667343680551, 0.1633282650348734], [0.18041971606152463, 0.2291641269535395, 0.08082172922623045, 0.5095944277587056], [0.12336524430613988, 0.19206130995244872, 0.12872782795308013, 0.5558456177883314], [0.21514881755284687, 0.6206343250218935, 0.035130248489351826, 0.12908660893590798], [0.5911353160752489, 0.22041611046820905, 0.05500117505055602, 0.13344739840598602], [0.21765360574568163, 0.17796947855335582, 0.2005918270452811, 0.40378508865568147], [0.34203300564425654, 0.3737819288422444, 0.061943011519949805, 0.22224205399354938], [0.18401685702592555, 0.24339394401336906, 0.3813683810167437, 0.19122081794396176], [0.2584767193676015, 0.3217914086889362, 0.07768634321075515, 0.3420455287327072], [0.10893205517018122, 0.5159061650430362, 0.21397402813870253, 0.16118775164808008], [0.2214640800627719, 0.25083541692126854, 0.0431430998652942, 0.4845574031506653], [0.5764265291196158, 0.1430999116670029, 0.05594039610982144, 0.22453316310355995], [0.08280334071684492, 0.7025126589719553, 0.07470636790499888, 0.13997763240620104], [0.3630135885084802, 0.3575949085672947, 0.08115235726804347, 0.19823914565618175], [0.17252958089010556, 0.6332159914791412, 0.05337775892453834, 0.14087666870621482], [0.1092734414931818, 0.37792894492166695, 0.0980544334016815, 0.41474318018346984], [0.14085646979968916, 0.35686695997754314, 0.2825439584245388, 0.2197326117982291], [0.39493126770394094, 0.2740088508864622, 0.035666350115144914, 0.29539353129445195], [0.6392049256220266, 0.146720673097867, 0.10675912632067, 0.10731527495943657], [0.2128935033511391, 0.35814527364963633, 0.2024262483589121, 0.22653497464031264], [0.47440571073277166, 0.25952653037860995, 0.1262598433087644, 0.1398079155798542], [0.19501984458142296, 0.3069804426126353, 0.25678961774083636, 0.24121009506510535], [0.17877875510762878, 0.6210856250735769, 0.06171701700078549, 0.13841860281800883], [0.11635395655697069, 0.7422047015733404, 0.06622001070174165, 0.0752213311679475], [0.38726645691697126, 0.18322812835874608, 0.12969196779360498, 0.2998134469306778], [0.35958985034573704, 0.2910118437119007, 0.14404001062709285, 0.2053582953152695], [0.3485578410339471, 0.2558939484987626, 0.13328335237383238, 0.262264858093458], [0.3259335325367826, 0.17359737878970333, 0.045399833163123064, 0.45506925551039096], [0.27245029704697393, 0.29225833657138084, 0.16950391873288395, 0.26578744764876144], [0.22727565690184895, 0.2719332134612171, 0.253254565685819, 0.24753656395111504], [0.39294031562790843, 0.19488130470595585, 0.0765276281969812, 0.3356507514691546], [0.5151501601260781, 0.14262475671087624, 0.09700946325967179, 0.24521561990337404], [0.07044782341395274, 0.18531076055171367, 0.04380576203267112, 0.7004356540016625], [0.2584780539570518, 0.2263424721864617, 0.13904872244086006, 0.37613075141562663], [0.2558163472414982, 0.3350654263883498, 0.04047810159315229, 0.36864012477699976], [0.39319143333177414, 0.1491193035593048, 0.20102788335614769, 0.2566613797527735], [0.18054803869073122, 0.33946386601607936, 0.12831702400114844, 0.3516710712920409], [0.10704184905597952, 0.17231554596335102, 0.4886261646359919, 0.23201644034467753], [0.1451891542068874, 0.352185157040846, 0.1297526192133793, 0.3728730695388874], [0.19259173710357702, 0.40002735985122095, 0.20111409816164327, 0.20626680488355884], [0.253458407361989, 0.43238770230286755, 0.05931183452455464, 0.2548420558105887], [0.420686713251, 0.2555917234751109, 0.07436557778729204, 0.24935598548659713], [0.314409372949, 0.3348598092558451, 0.1570751793040031, 0.19365563849115197], [0.2163288399576804, 0.2644484657868781, 0.17128178559206061, 0.3479409086633808], [0.2693663779891719, 0.392493322125908, 0.08905246928529091, 0.24908783059962927], [0.30984278123476583, 0.3542557035682066, 0.10739833748385655, 0.22850317771317108], [0.1898574171187418, 0.2166973609297747, 0.14648886490980143, 0.44695635704168196], [0.21671904585062512, 0.30531828456630905, 0.22875790116817687, 0.24920476841488895], [0.248459452348104, 0.30277605550941344, 0.3213234737444407, 0.12744101839804198], [0.23420118017434932, 0.35659690366891345, 0.06194691246235628, 0.3472550036943811], [0.5588894991173369, 0.1348615571893979, 0.19058797967943422, 0.1156609640138311], [0.09439974063846236, 0.5354747094432947, 0.0890181957855116, 0.28110735413273147], [0.49243546838573243, 0.2188919955923875, 0.0926808792720709, 0.19599165674980928], [0.1964914765308787, 0.31908721307133436, 0.1685607235125733, 0.31586058688521357], [0.4117983187250848, 0.25067458296417056, 0.044114645091181064, 0.2934124532195635], [0.2662566322520705, 0.23593790995080335, 0.043010699953429495, 0.4547947578436966], [0.1925166488000264, 0.5258762228546058, 0.08848006496782357, 0.19312706337754432], [0.2575468489472015, 0.16784256095750447, 0.1631115025439289, 0.41149908755136533], [0.37314987009939765, 0.5120882875937899, 0.03204665905867458, 0.08271518324813784], [0.2771122543930666, 0.19686008202640226, 0.08591647585020294, 0.44011118773032804], [0.19977717575814657, 0.39153862214892016, 0.05696767786691753, 0.35171652422601557], [0.1207098760996031, 0.15618365382668936, 0.531356346624216, 0.19175012344949152], [0.33031724501595283, 0.23699465122479582, 0.15132162097434326, 0.28136648278490806], [0.19450867954785306, 0.40487651217820814, 0.0777356869690057, 0.3228791213049331], [0.23161444438573295, 0.4326531522199555, 0.11046032673197481, 0.22527207666233673], [0.20033810867765445, 0.17820805483458538, 0.20003287277918158, 0.4214209637085787], [0.6841531662359973, 0.20100069322188957, 0.021938970597468126, 0.09290716994464497], [0.37212476178197157, 0.2980232833662313, 0.12352060904550653, 0.20633134580629062], [0.3579163594170488, 0.29757430766403636, 0.14000990796390073, 0.20449942495501433], [0.20686578496363434, 0.3406957848940328, 0.07057815677454087, 0.38186027336779216], [0.1752258760868177, 0.5063158015769887, 0.1136698115279597, 0.20478851080823368], [0.1474890991850602, 0.46878194926813166, 0.1375178550125705, 0.24621109653423767], [0.15515376901391367, 0.34429036895097137, 0.3679771676574409, 0.13257869437767414], [0.21170872560190404, 0.48740415527357683, 0.19949635763538398, 0.10139076148913502], [0.3193887012273346, 0.3538861354593988, 0.1155321146598207, 0.21119304865344604], [0.6192871393998082, 0.17859815957842312, 0.032552954753514614, 0.1695617462682541], [0.14860340066397573, 0.6334338760435834, 0.07115822134557256, 0.14680450194686828], [0.44899848726097696, 0.1621994111555709, 0.074393184114113, 0.31440891746933913], [0.5195758453806868, 0.143786110925794, 0.05175938380551136, 0.28487865988800815], [0.6330282365823905, 0.1311313890365269, 0.08824194759934997, 0.14759842678173277], [0.23872727924629344, 0.30371493555525836, 0.19609419460647365, 0.26146359059197455], [0.22204928178418282, 0.4009612706253162, 0.08173398610987088, 0.2952554614806301], [0.19322447575000878, 0.360509909662742, 0.11740607399644463, 0.32885954059080463], [0.07823706612673514, 0.14065180222832044, 0.07918992904665882, 0.7019212025982856], [0.2050445086047658, 0.5139625484059857, 0.07124223037018072, 0.20975071261906783], [0.6080316683802451, 0.11267593230597177, 0.09163036671261855, 0.18766203260116446], [0.1927213198627228, 0.42016008192470805, 0.08729838861840848, 0.29982020959416067], [0.35122010613911697, 0.24523962799973922, 0.14872040003597767, 0.2548198658251663], [0.34890411644743763, 0.282129770090219, 0.21734962007489966, 0.15161649338744396], [0.37438983061190606, 0.11334115570777743, 0.19241864009517917, 0.3198503735851375]]}}