{"test": {"ids": ["103113260", "109120560", "111119930", "112116610", "102110240", "104119340", "108114200", "101109370", "98111860", "97113900", "98110230", "98116940", "111121351", "102111990", "105116501", "105112240", "112118511", "104113550", "99112531", "112118421", "109114651", "109115380", "112121410", "109116810", "100108580", "108113740", "97107821", "103120730", "113119300", "100113210", "110113931", "111118820", "100108990", "108121160", "101117580", "100111270", "101111620", "113119700", "98111670", "113122190", "102113981", "106118301", "99112840", "103112470", "113122430", "97110950", "109116441", "107114950", "100120780", "106114880", "99114890", "97107260", "108121351", "111120260", "110121500", "98120530", "103113101", "111115910", "108114360", "103110050", "110118740", "104114230", "109113591", "107121230", "111119150", "104113240", "106121220", "107118820", "112118890", "99108000", "105118230", "102113350", "111116530", "106116370", "111114321", "108115250", "101112540", "104111780", "112119500", "110116501", "110121720", "97111790", "106115250", "105117351", "98120010", "107116501", "104113210", "110115250", "110118161", "112116640", "105117200", "104113190", "102116340", "107113550", "104114320", "107117630", "97116790", "109120540", "100111080", "101108121", "100120010", "107114200", "97116401", "107118780", "99109161", "103113640", "104111380", "106119260", "105113330", "101108580", "99108890", "113122320", "111115770", "110118701", "110115980", "102112030", "104118070", "110114720", "103111990", "110113591", "98113881", "105113260", "108118291", "108115500", "113118620", "103111540", "98108410", "110121450", "98106111", "113120531", "105118740", "97107950", "103109641", "108113480", "103111480", "111118301", "99109780", "110119300", "103120531", "101111990", "107118490", "111114171"], "labels": [3, 1, 1, 1, 3, 1, 0, 1, 0, 2, 3, 2, 0, 2, 1, 1, 1, 1, 3, 3, 3, 3, 0, 3, 0, 3, 2, 1, 1, 0, 1, 0, 2, 2, 3, 2, 3, 0, 1, 1, 1, 1, 2, 1, 2, 3, 3, 3, 1, 0, 2, 2, 3, 3, 3, 1, 3, 2, 1, 3, 3, 2, 3, 0, 3, 2, 1, 3, 3, 2, 1, 3, 3, 2, 1, 1, 2, 3, 2, 3, 3, 2, 2, 0, 2, 1, 3, 1, 0, 0, 3, 3, 3, 0, 2, 0, 2, 1, 0, 0, 0, 2, 3, 1, 3, 1, 3, 1, 3, 0, 0, 1, 3, 3, 1, 2, 2, 3, 2, 0, 3, 3, 3, 3, 3, 1, 1, 3, 0, 0, 1, 2, 1, 0, 0, 3, 2, 1, 3, 2, 2, 3], "predicted_labels": [1, 3, 1, 1, 1, 3, 0, 1, 1, 1, 1, 1, 1, 0, 0, 1, 3, 0, 0, 0, 0, 1, 1, 1, 1, 0, 3, 1, 3, 0, 1, 0, 3, 1, 3, 1, 0, 1, 1, 0, 1, 3, 1, 1, 1, 1, 0, 0, 3, 1, 1, 3, 1, 1, 0, 3, 1, 1, 1, 1, 0, 1, 1, 1, 3, 1, 3, 3, 0, 1, 1, 1, 1, 0, 1, 3, 1, 1, 1, 3, 1, 3, 1, 0, 1, 1, 3, 0, 0, 3, 1, 3, 1, 2, 1, 0, 1, 1, 1, 1, 1, 3, 1, 3, 0, 0, 1, 0, 0, 0, 1, 1, 1, 3, 3, 1, 1, 1, 1, 1, 1, 3, 0, 1, 1, 1, 1, 0, 0, 1, 1, 1, 1, 3, 0, 1, 1, 0, 1, 3, 1, 3], "confidence_scores": [[0.25300357975357973, 0.3048807692307692, 0.16441623931623936, 0.2776994116994118], [0.21640436230436233, 0.25370137640137636, 0.24009835164835167, 0.2897959096459097], [0.27293484848484867, 0.3013868353868354, 0.16892619047619054, 0.2567521256521257], [0.2767350094350095, 0.31257541902541924, 0.19958684093684095, 0.21110273060273071], [0.267355611055611, 0.32683680208680205, 0.17226198246198254, 0.2335456043956046], [0.2552089466089467, 0.2350478854478855, 0.16044206349206355, 0.34930110445110446], [0.2999266955266956, 0.2736539183039184, 0.19298189033189056, 0.2334374958374959], [0.23670546120546132, 0.3107428793428793, 0.19910447330447342, 0.2534471861471862], [0.19995145410145418, 0.35638667443667454, 0.1945586080586081, 0.24910326340326344], [0.23681361416361407, 0.3525163281163281, 0.20204054834054844, 0.20862950937950947], [0.2643188589188591, 0.2957838605838606, 0.159933066933067, 0.27996421356421364], [0.2146173493173493, 0.36959296814296805, 0.17845564990564994, 0.23733403263403277], [0.2622167776667777, 0.3164351759351761, 0.17546076146076153, 0.245887284937285], [0.2919508103008102, 0.2518087246087247, 0.18878569208569226, 0.26745477300477294], [0.3287132589632588, 0.266666616716617, 0.14355329115329118, 0.26106683316683327], [0.22252633477633485, 0.3558483627483629, 0.1727544011544012, 0.2488709013209013], [0.24329473304473312, 0.2690230880230881, 0.17247503607503617, 0.31520714285714274], [0.3405322899322899, 0.19718845043845062, 0.1908002886002887, 0.27147897102897095], [0.29164544622044614, 0.28683618603618616, 0.1867141552891553, 0.23480421245421257], [0.34159019869019863, 0.22535825285825298, 0.14728991563991561, 0.2857616328116329], [0.3394273373685136, 0.2032686591186592, 0.17859996310878679, 0.27870404040404045], [0.18493760128760137, 0.34907367077367074, 0.18413444888444885, 0.2818542790542792], [0.2642567334626158, 0.31028639563051347, 0.16720909090909092, 0.2582477799977802], [0.2261723665223667, 0.3223958208458207, 0.20057243312243325, 0.2508593795093796], [0.24739309024309025, 0.28876103896103905, 0.2545279220779221, 0.20931794871794882], [0.30153283105783113, 0.21967110112110108, 0.19649304584304586, 0.28230302197802204], [0.26979881229881236, 0.255783966033966, 0.17113617493617506, 0.3032810467310467], [0.27411101121101134, 0.30103632478632486, 0.1686011322011322, 0.256251531801532], [0.2558070429570431, 0.24275815295815287, 0.17849552669552685, 0.3229392773892772], [0.35463447385947366, 0.2074515207015208, 0.14476616161616168, 0.29314784382284376], [0.2682308524808526, 0.30056766566766574, 0.15306877566877564, 0.2781327061827062], [0.3386890054390057, 0.24502424797424807, 0.1215488955488956, 0.29473785103785094], [0.2317056277056278, 0.27413795093795096, 0.18061262626262628, 0.31354379509379526], [0.2353088744588746, 0.3521812909312908, 0.17276239593739612, 0.2397474386724387], [0.27891702741702745, 0.24140692640692643, 0.17416601731601736, 0.30551002886002887], [0.2445568542568544, 0.34741703019203013, 0.22175732878232884, 0.18626878676878666], [0.2796235930735931, 0.2612470806970808, 0.2114676157176158, 0.24766171051171068], [0.20554805194805198, 0.37753084138084125, 0.19046586746586752, 0.2264552392052393], [0.2649982850482852, 0.2848375374625375, 0.20776583139083157, 0.24239834609834623], [0.2845840603840604, 0.2439500000000002, 0.1914674714174715, 0.2799984681984681], [0.28157430347430334, 0.2977652458652458, 0.1881931401931403, 0.23246731046731045], [0.28922070531807387, 0.2562910922410923, 0.1626392857142857, 0.29184891672654845], [0.24324995559995577, 0.289599494949495, 0.18434579309579321, 0.2828047563547564], [0.2703667110667111, 0.301654578754579, 0.1697495892995894, 0.2582291208791211], [0.19569175269175276, 0.3050208846708848, 0.2241807636807638, 0.27510659895659895], [0.23554653124653133, 0.2951562326562327, 0.20678217893217893, 0.26251505716505735], [0.35798052780552775, 0.2590505161505161, 0.1424771811521812, 0.24049177489177498], [0.2987904983904985, 0.2197247113997114, 0.18774372294372307, 0.29374106726606736], [0.2708402763902765, 0.2458653457653458, 0.1870687645687646, 0.2962256132756132], [0.2796645354645356, 0.3236455155955156, 0.18192228327228327, 0.21476766566766567], [0.2010211233211234, 0.3191225829725831, 0.27143482628482624, 0.20842146742146755], [0.1933218448218448, 0.29191895326895323, 0.21221154956154956, 0.3025476523476523], [0.252198878898879, 0.31748717948717947, 0.16982657897657905, 0.2604873626373628], [0.2863652625152626, 0.292196991896992, 0.15852798867798878, 0.262909756909757], [0.3143809579309578, 0.2925072871572872, 0.15034470529470534, 0.24276704961704962], [0.2667637862137861, 0.26959458874458875, 0.17604345654345657, 0.28759816849816844], [0.24716387501387502, 0.3197689255189256, 0.19159647574647576, 0.2414707237207239], [0.22770069930069936, 0.3010106671106671, 0.216543672993673, 0.25474496059496055], [0.24658466696701978, 0.3375396254072726, 0.16852344877344885, 0.24735225885225892], [0.20092454767454773, 0.3362480741480741, 0.21219401154401152, 0.25063336663336677], [0.33047987012987035, 0.23911953601953603, 0.1626134809634811, 0.26778711288711304], [0.20968359418359436, 0.32823978798978803, 0.19808555333555336, 0.2639910644910644], [0.23615198135198145, 0.3367989343989344, 0.17013992118992124, 0.256909163059163], [0.21559723054723068, 0.3444842946269417, 0.18724049839049847, 0.2526779764353296], [0.25174476079476094, 0.272689898989899, 0.1982530858030859, 0.27731225441225443], [0.21787984792984805, 0.36886423021423015, 0.17535291930291932, 0.2379030025530026], [0.2599836718836719, 0.2820643911643912, 0.15165678210678213, 0.3062951548451549], [0.25540396270396265, 0.27138499833499846, 0.1847008602508602, 0.28851017871017864], [0.2849624098124099, 0.2756049026137261, 0.16188427128427132, 0.27754841628959276], [0.21487391497391503, 0.29062338217338224, 0.22333483738483753, 0.27116786546786553], [0.2648401192374877, 0.2970261738261739, 0.15592041847041854, 0.28221328846592014], [0.26544232434232423, 0.2696027222777225, 0.2334257464757467, 0.23152920690420697], [0.2211341047841048, 0.34293203463203453, 0.21878840603840619, 0.2171454545454546], [0.29449266403531116, 0.21048333447598172, 0.21162436974789928, 0.2833996317408082], [0.194661976911977, 0.38874761904761895, 0.19041984126984132, 0.22617056277056283], [0.21463643578643582, 0.27302135642135644, 0.23696206293706293, 0.27538014485514484], [0.23968675213675228, 0.2962688533688533, 0.20062539682539682, 0.26341899766899785], [0.24858630813630828, 0.3023353035853036, 0.1642808913308914, 0.284797496947497], [0.22028643578643595, 0.3879168315344786, 0.19494347123464778, 0.196853261444438], [0.29413893883893905, 0.2457164557664559, 0.14899865134865137, 0.31114595404595397], [0.2390835275835278, 0.2982436285936285, 0.21981632811632817, 0.24285651570651584], [0.24992753912753923, 0.2618173881673883, 0.16476655011655023, 0.3234885225885227], [0.2367056138306138, 0.3374381951381951, 0.21595332445332457, 0.20990286657786658], [0.3138674880674882, 0.2702609390609392, 0.1554232323232324, 0.2604483405483406], [0.22092059052059065, 0.2932187146187146, 0.23103806193806203, 0.254822632922633], [0.26737657342657356, 0.31169052336552333, 0.15755225330225336, 0.2633806499056499], [0.2698369186369188, 0.22933003663003665, 0.19147326007326013, 0.30935978465978464], [0.2966168553668556, 0.24742791375291387, 0.20036628371628384, 0.25558894716394703], [0.29522605172605165, 0.2836334054834056, 0.16250355755355764, 0.2586369852369853], [0.2568286879786881, 0.24247655514420238, 0.16784191919191935, 0.3328528376851907], [0.2507453102453103, 0.32132438672438685, 0.1670353174603175, 0.26089498556998564], [0.2439815517815519, 0.27072222222222225, 0.1553180874680875, 0.3299781385281385], [0.2504377566877566, 0.3063177489177488, 0.18539181210945918, 0.2578526822850353], [0.2283301698301699, 0.2282954711954712, 0.313351370851371, 0.23002298812298827], [0.2498965811965813, 0.27541645021645034, 0.2374538683538685, 0.2372331002331002], [0.30924111999112003, 0.2359036075036075, 0.21486474081474094, 0.2399905316905318], [0.25838989898989906, 0.31483066378066366, 0.20042366522366536, 0.22635577200577225], [0.262150838050838, 0.3155051171051171, 0.16778556721056725, 0.2545584776334776], [0.2698324897324898, 0.3090992784992784, 0.1997946248196248, 0.22127360694860698], [0.2337248196248198, 0.3258888167388169, 0.16926161616161617, 0.27112474747474763], [0.2102308968808969, 0.327832659007659, 0.20302503052503054, 0.2589114135864135], [0.2544358863358865, 0.2767002886002887, 0.13039549062049072, 0.33846833444333435], [0.21814746364746368, 0.28185869130869134, 0.24500370577135294, 0.2549901392724922], [0.2794177489177488, 0.268172582972583, 0.14184856254856262, 0.3105611055611058], [0.3175190198690198, 0.2605150210900213, 0.2236109251859252, 0.19835503385503386], [0.350031485181485, 0.20801281496281493, 0.1643447385947386, 0.2776109612609613], [0.2466823953823955, 0.27625281385281386, 0.21394790764790778, 0.26311688311688325], [0.3033731823731823, 0.26886134976134973, 0.1890861194361195, 0.23867934842934854], [0.3619751581751582, 0.19947152292152315, 0.14219514374514378, 0.29635817515817525], [0.3260160173160173, 0.19417323232323233, 0.23095212842712862, 0.24885862193362207], [0.22464186924186938, 0.3638361344537813, 0.18587272727272738, 0.2256492690316222], [0.2477849428349429, 0.31286223776223765, 0.1587055777555778, 0.28064724164724175], [0.23148759018759016, 0.3482561327561327, 0.16366962481962488, 0.2565866522366523], [0.24833951603951615, 0.25336074481074483, 0.1920157564657565, 0.30628398268398255], [0.2688860472860474, 0.2507209956709958, 0.1792258574758576, 0.30116709956709947], [0.24529119769119778, 0.3333194721944722, 0.1790183205683206, 0.2423710095460096], [0.19123946608946624, 0.344946608946609, 0.19889653679653682, 0.2649173881673882], [0.2032038683538684, 0.3157501942501942, 0.26553985458985463, 0.21550608280608288], [0.2657389721389721, 0.3155173437673439, 0.15789020979020985, 0.2608534743034742], [0.28371272616272636, 0.30569373126873123, 0.16797738927738928, 0.24261615329115338], [0.2621750471750471, 0.32682576035076033, 0.19868893328893333, 0.21231025918525928], [0.26505660173160184, 0.26535798923298937, 0.17569395604395616, 0.29389145299145286], [0.34293547563547583, 0.21679829614829624, 0.1663448107448108, 0.27392141747141746], [0.22009841269841285, 0.2803194749694748, 0.22440816960816973, 0.27517394272394274], [0.2459417226564286, 0.3299219969572911, 0.16033933288933286, 0.2637969474969475], [0.25726656676656684, 0.27411322566322577, 0.21628182373182378, 0.252338383838384], [0.2910663780663783, 0.32411696081696084, 0.16061272061272078, 0.22420394050394052], [0.29100800865800874, 0.2621109002109004, 0.1681207736707737, 0.27876031746031754], [0.2753165612165612, 0.24606869241869253, 0.22857651237651233, 0.250038233988234], [0.25380573870573886, 0.31166404151404137, 0.21835628260628265, 0.21617393717393715], [0.23106678876678882, 0.32398270063270057, 0.191281612831613, 0.25366889776889795], [0.23330310245310262, 0.2920196248196249, 0.18972683982683988, 0.28495043290043287], [0.21098760683760703, 0.3065234931734932, 0.21845365745365747, 0.26403524253524263], [0.21817852147852143, 0.2900404040404041, 0.19381111111111124, 0.2979699633699634], [0.3251602314352314, 0.23937406955789323, 0.17229740063857713, 0.2631682983682986], [0.2881251803751805, 0.3194487012987013, 0.16515859140859146, 0.22726752691752705], [0.2651350871350873, 0.30219620379620377, 0.18531349761349775, 0.24735521145521164], [0.31529393939393946, 0.2751604617604618, 0.1726935064935065, 0.23685209235209242], [0.28845074370074364, 0.3310635975135977, 0.145846694971695, 0.2346389638139639], [0.23367199189699206, 0.23777359307359322, 0.19831360583860594, 0.33024080919080917], [0.23502138188608782, 0.27203075486604905, 0.24735661560661582, 0.2455912476412476], [0.24980474802974806, 0.29903537296037286, 0.13934927294927296, 0.3118106060606059]]}, "rewritten": {"ids": ["97107260", "97107821", "97107950", "97110950", "97111790", "97113900", "97116401", "97116790", "98106111", "98108410", "98110230", "98111670", "98111860", "98113881", "98116940", "98120010", "98120530", "99108000", "99108890", "99109161", "99109780", "99112531", "99112840", "99114890", "100108580", "100108990", "100111080", "100111270", "100113210", "100120010", "100120780", "101108121", "101108580", "101109370", "101111620", "101111990", "101112540", "101117580", "102110240", "102111990", "102112030", "102113350", "102113981", "102116340", "103109641", "103110050", "103111480", "103111540", "103111990", "103112470", "103113101", "103113260", "103113640", "103120531", "103120730", "104111380", "104111780", "104113190", "104113210", "104113240", "104113550", "104114230", "104114320", "104118070", "104119340", "105112240", "105113260", "105113330", "105116501", "105117200", "105117351", "105118230", "105118740", "106114880", "106115250", "106116370", "106118301", "106119260", "106121220", "107113550", "107114200", "107114950", "107116501", "107117630", "107118490", "107118780", "107118820", "107121230", "108113480", "108113740", "108114200", "108114360", "108115250", "108115500", "108118291", "108121160", "108121351", "109113591", "109114651", "109115380", "109116441", "109116810", "109120540", "109120560", "110113591", "110113931", "110114720", "110115250", "110115980", "110116501", "110118161", "110118701", "110118740", "110119300", "110121450", "110121500", "110121720", "111114171", "111114321", "111115770", "111115910", "111116530", "111118301", "111118820", "111119150", "111119930", "111120260", "111121351", "112116610", "112116640", "112118421", "112118511", "112118890", "112119500", "112121410", "113118620", "113119300", "113119700", "113120531", "113122190", "113122320", "113122430"], "labels": [2, 2, 2, 3, 2, 2, 3, 2, 0, 1, 3, 1, 0, 3, 2, 2, 1, 2, 0, 3, 2, 3, 2, 2, 0, 2, 0, 2, 0, 0, 1, 0, 0, 1, 3, 2, 2, 3, 3, 2, 2, 3, 1, 3, 1, 3, 0, 1, 2, 1, 3, 3, 1, 3, 1, 3, 3, 3, 3, 2, 1, 2, 2, 2, 1, 1, 3, 3, 1, 3, 0, 1, 1, 0, 2, 2, 1, 1, 1, 0, 2, 3, 1, 0, 2, 1, 3, 0, 0, 3, 0, 1, 1, 3, 3, 2, 3, 3, 3, 3, 3, 3, 1, 1, 0, 1, 3, 1, 1, 3, 0, 3, 3, 1, 3, 3, 3, 3, 1, 3, 2, 3, 3, 0, 3, 1, 3, 0, 1, 0, 3, 1, 3, 2, 0, 3, 1, 0, 0, 1, 1, 2], "predicted_labels": [1, 3, 1, 1, 3, 1, 1, 1, 0, 1, 1, 1, 1, 1, 1, 1, 0, 3, 1, 0, 1, 0, 3, 1, 1, 3, 1, 1, 0, 1, 3, 3, 0, 1, 0, 3, 1, 0, 1, 0, 1, 1, 1, 1, 1, 1, 0, 0, 3, 1, 1, 1, 0, 1, 1, 1, 3, 3, 3, 1, 0, 1, 3, 1, 3, 1, 0, 0, 0, 1, 0, 3, 1, 1, 1, 3, 3, 0, 0, 2, 3, 0, 0, 0, 1, 3, 0, 1, 1, 0, 0, 1, 1, 1, 0, 1, 1, 1, 0, 1, 0, 1, 1, 1, 1, 1, 1, 3, 3, 3, 0, 3, 0, 0, 0, 0, 0, 3, 1, 1, 1, 1, 1, 0, 3, 1, 1, 1, 1, 3, 0, 3, 3, 1, 1, 1, 3, 1, 1, 0, 3, 1], "confidence_scores": [[0.22999886779886777, 0.28313763458763475, 0.21691932903697614, 0.2699441685765215], [0.26618064713064726, 0.27300841380841384, 0.18632488622488635, 0.2744860528360529], [0.22137876012876026, 0.3022926684426685, 0.182455772005772, 0.29387279942279937], [0.27713131313131306, 0.28136875901875896, 0.19845310245310252, 0.24304682539682537], [0.26911101676101684, 0.271990404040404, 0.1713928515928517, 0.28750572760572773], [0.2931446497946498, 0.30958422688422677, 0.1864569430569431, 0.21081418026418028], [0.23184044289044306, 0.29448594461094457, 0.2419118631368633, 0.23176174936174934], [0.24638679653679663, 0.31907135642135637, 0.19802395382395402, 0.2365178932178933], [0.28967456987456996, 0.2728392773892774, 0.21398983793983803, 0.22349631479631477], [0.2957749639249641, 0.30857655122655125, 0.1591096681096682, 0.23653881673881674], [0.27222804417804425, 0.2937362914862915, 0.1630344377844379, 0.2710012265512267], [0.2725078643578645, 0.2794247113997114, 0.2061125402375403, 0.24195488400488402], [0.2267513042513044, 0.3307257575757577, 0.19608436563436565, 0.24643857253857257], [0.2569649794649794, 0.2960531385281385, 0.21186474636474636, 0.23511713564213582], [0.24342756132756144, 0.3420616661116662, 0.17565883560883574, 0.23885193695193704], [0.2427267732267733, 0.2767940281940283, 0.23060999555999562, 0.24986920301920298], [0.31824350649350647, 0.2452080919080918, 0.15729360084360083, 0.27925480075480086], [0.2167451159951161, 0.2629457042957044, 0.2538839049839052, 0.2664252747252748], [0.25777719502719515, 0.3349513220439689, 0.17314342046842052, 0.2341280624604156], [0.313059423909424, 0.2572130674880676, 0.2004620657120658, 0.2292654428904429], [0.25298691308691307, 0.30355116272616284, 0.18612808580308593, 0.2573338383838385], [0.29964887612387603, 0.29266475746475756, 0.15085977633477637, 0.2568265900765901], [0.23207787767787783, 0.29463809523809514, 0.17507135642135652, 0.2982126706626707], [0.21341011211011218, 0.32882016317016316, 0.22311864801864806, 0.23465107670107693], [0.2457513486513487, 0.2950344877344876, 0.2443999278499279, 0.2148142357642359], [0.23609345654345673, 0.2749864135864138, 0.17623203463203468, 0.3126880952380953], [0.2632144744144746, 0.3224984903984903, 0.18881218617983336, 0.225474849007202], [0.23139390609390623, 0.36357696747696755, 0.1931848651348652, 0.21184426129426123], [0.3124078144078144, 0.24076488511488522, 0.14705528083028085, 0.29977201964701966], [0.23816784326784335, 0.29109809634809647, 0.22635616050616064, 0.24437789987789996], [0.2465903624153625, 0.2490188811188813, 0.2173584831834832, 0.2870322732822733], [0.24461896436896444, 0.2646869352869354, 0.17975682095682102, 0.3109372793872795], [0.3350530136530138, 0.1895550227550228, 0.1975255355755357, 0.2778664280164282], [0.2503338161838162, 0.32015137085137085, 0.1696285214785215, 0.25988629148629144], [0.290892057942058, 0.24713279498279503, 0.20032875457875465, 0.26164639249639265], [0.23468336940836948, 0.24201356421356437, 0.19489794372294372, 0.32840512265512267], [0.2469756279668045, 0.28808328893328905, 0.1901539979628216, 0.27478708513708516], [0.3003020567667628, 0.26029773233302655, 0.15963885558885565, 0.2797613553113555], [0.27105711510711517, 0.2870248029748031, 0.1838473359973361, 0.25807074592074597], [0.3027413586413584, 0.24793041403041433, 0.18545889110889135, 0.26386933621933606], [0.21476176046176054, 0.3372959457209457, 0.18992318237318243, 0.25801911144411155], [0.2557271423021425, 0.3048025974025975, 0.2390817821067823, 0.20038847818847827], [0.27828898323898327, 0.28520161782661774, 0.20808172105672115, 0.22842767787767798], [0.2630288544788544, 0.3116195693195693, 0.18156925296925305, 0.24378232323232346], [0.20950940170940185, 0.30274297369297376, 0.2156767621267621, 0.27207086247086243], [0.19691613386613394, 0.33515890220890227, 0.20707709235209235, 0.2608478715728716], [0.2814645113056879, 0.24469285714285727, 0.21543892969775333, 0.25840370185370204], [0.2909677211677211, 0.2677691419691421, 0.17650589965589966, 0.2647572372072372], [0.25531471861471877, 0.25353970473970494, 0.16764802974802973, 0.3234975468975469], [0.27392429237429233, 0.302430636030636, 0.1905301642801643, 0.23311490731490742], [0.23810504103739402, 0.3202343473519945, 0.20457054057054067, 0.23709007104007118], [0.2349805416805417, 0.299798776223776, 0.1675787323787324, 0.2976419497169499], [0.3394610592022358, 0.21843697968697975, 0.14242290128172486, 0.29967905982905985], [0.28022811632811623, 0.29112121767121774, 0.18269482184482191, 0.24595584415584423], [0.2732834887334887, 0.3072277056277057, 0.15830555000555008, 0.2611832556332557], [0.2608456543456545, 0.2677115301365301, 0.20540218670218682, 0.2660406288156289], [0.26028707958707986, 0.2776956210456212, 0.1733168664668666, 0.28870043290043274], [0.26217350704850717, 0.2587325396825399, 0.1734392218892219, 0.3056547313797314], [0.24699780774780794, 0.2687668054168055, 0.18166483516483511, 0.3025705516705517], [0.2237015595515596, 0.3579717615717614, 0.19367456987456985, 0.22465210900210916], [0.3434681984681985, 0.23652598512598527, 0.15490696525696535, 0.2650988511488513], [0.25689244644244646, 0.3160263347763347, 0.20498745143745165, 0.2220937673437674], [0.2545425796425797, 0.2556718892218895, 0.2274095293595295, 0.26237600177600184], [0.2459574203574204, 0.3084001387501387, 0.17838479298479307, 0.2672576479076481], [0.23554898989898992, 0.2603165223665225, 0.15407979797979804, 0.3500546897546899], [0.2236077922077923, 0.3593329725829725, 0.15576938061938064, 0.26128985458985465], [0.2935505772005773, 0.25100034801799526, 0.16679783549783553, 0.2886512392835923], [0.37278109668109666, 0.2297520479520482, 0.1613725330225331, 0.23609432234432243], [0.3340460128107188, 0.22996623262358581, 0.1395746890364538, 0.29641306552924207], [0.2632832500832502, 0.31603222888222887, 0.17526573981573984, 0.24541878121878138], [0.3306405982905981, 0.25945644355644365, 0.1529086580086581, 0.25699430014430014], [0.2711282144755831, 0.26476470196470203, 0.1503215007215007, 0.3137855828382144], [0.2371424963924965, 0.34713972693972683, 0.16292831612831615, 0.25278946053946066], [0.3069120601620601, 0.3200172383172384, 0.16663216228216238, 0.2064385392385393], [0.291648767898768, 0.3028840215340215, 0.19489771339771342, 0.21056949716949722], [0.2835177750354222, 0.1819649370237607, 0.24765480793716102, 0.28686248000365644], [0.2942663430137115, 0.26282877122877124, 0.14059794372294374, 0.3023069420345737], [0.28459278499278506, 0.27024163059163053, 0.2116543290043291, 0.23351125541125553], [0.288509879009879, 0.2635105433781905, 0.16050647685647684, 0.28747310075545374], [0.2494606227106228, 0.25394667554667555, 0.26829145299145307, 0.22830124875124874], [0.2437162781662782, 0.26806390831390836, 0.153555488955489, 0.33466432456432443], [0.28172678987679006, 0.24429025255789974, 0.2171014152514153, 0.2568815423138954], [0.31031144966144947, 0.27698918858918875, 0.13352577977577984, 0.2791735819735821], [0.34509281274281284, 0.2434586302586304, 0.16073570873570886, 0.25071284826284834], [0.23997862464333056, 0.30966127434656854, 0.22094787989787998, 0.22941222111222118], [0.2970919635919636, 0.25298624153624166, 0.1299633533133534, 0.31995844155844155], [0.2912620324120326, 0.26509223554223565, 0.1887243145743146, 0.2549214174714175], [0.20115463980463985, 0.3281379786879787, 0.1857174603174603, 0.2849899211899213], [0.2539636530136531, 0.29539060384060384, 0.2125661172161173, 0.23807962592962595], [0.33463378565878565, 0.22181895326895334, 0.15121760461760464, 0.2923296564546565], [0.33023387886623173, 0.2611330320006789, 0.1659395382395384, 0.24269355089355096], [0.23957992007992016, 0.30428621933621924, 0.19745918525918524, 0.25867467532467536], [0.23168838383838403, 0.2877235597735598, 0.20457138694638707, 0.27601666944166947], [0.2327903624153626, 0.3209046925296925, 0.1977067821067822, 0.24859816294816295], [0.2984112257024022, 0.24125187590187608, 0.16635640111522468, 0.29398049728049724], [0.25962272727272734, 0.35738631923631914, 0.1607583694083696, 0.22223258408258414], [0.2663669386169387, 0.3120656787656787, 0.18235893550893564, 0.2392084471084472], [0.2380469474969476, 0.3938438172938173, 0.14595021645021658, 0.22215901875901878], [0.3415517815517812, 0.2267410533910535, 0.17369230214230216, 0.258014862914863], [0.17827967032967038, 0.36596824286824287, 0.1965920856920858, 0.25916000111000137], [0.3121420274170274, 0.3018552281052281, 0.14339844322344325, 0.2426043012543012], [0.23686983571983578, 0.33007743367743353, 0.17379386169386177, 0.25925886890886896], [0.24714884559884573, 0.32417705627705623, 0.17169942279942285, 0.2569746753246755], [0.22190117660117664, 0.3094182317682316, 0.18222568542568549, 0.28645490620490627], [0.28078342213342217, 0.3138053196803197, 0.14519382839382844, 0.26021742979242996], [0.2780180985680988, 0.29775534188034186, 0.1474138028638029, 0.2768127566877566], [0.21927463647463652, 0.313770596070596, 0.26282945665445684, 0.204125310800311], [0.2741760683760686, 0.2716733294483295, 0.17671894771894767, 0.2774316544566544], [0.23342539682539687, 0.2504682539682542, 0.22613369408369416, 0.28997265512265524], [0.2730462981462983, 0.25506071983571993, 0.15474713619713631, 0.3171458458208459], [0.32449071484071496, 0.2735817099567101, 0.1482811327561328, 0.2536464424464425], [0.20224119769119778, 0.2805233766233765, 0.22816551226551235, 0.2890699134199132], [0.33364366189366196, 0.23381060051060076, 0.17141118881118889, 0.261134548784549], [0.3155673659673659, 0.2788758297258297, 0.1663143800643801, 0.23924242424242437], [0.30269502164502143, 0.2557854256854258, 0.14562352092352096, 0.2958960317460317], [0.34851232656232645, 0.29660187035187047, 0.1425094405594406, 0.21237636252636255], [0.2968067044067045, 0.25746738816738823, 0.17921976356976355, 0.26650614385614385], [0.249246744921745, 0.2956497807747808, 0.1413716394716395, 0.3137318348318347], [0.24079074259074265, 0.35616163836163817, 0.18527756132756137, 0.21777005772005784], [0.25990708735708734, 0.32361156621156595, 0.17479545454545456, 0.2416858918858919], [0.24424469419469433, 0.30719626484626483, 0.20403400488400492, 0.24452503607503626], [0.24023266178266184, 0.36359458874458894, 0.18226719391719398, 0.21390555555555563], [0.28108612498612506, 0.286903268953269, 0.1606001443001443, 0.27141046176046196], [0.3257470196470199, 0.2559118381618383, 0.12495108225108237, 0.29339005994005984], [0.2554152070152072, 0.2656377178377179, 0.17704314019314027, 0.301903934953935], [0.2581872072372073, 0.31478409368409377, 0.19531957486957502, 0.23170912420912426], [0.29396439116439116, 0.31173400488400477, 0.15533508158508166, 0.2389665223665225], [0.27016850926850927, 0.32060324675324675, 0.19487562992563004, 0.21435261405261416], [0.27402424242424256, 0.2930348484848486, 0.19920173160173157, 0.23373917748917752], [0.25665349650349656, 0.21547255359020068, 0.19012212787212804, 0.3377518220341749], [0.33397851037851023, 0.2324705294705297, 0.15006273171273168, 0.28348822843822846], [0.2639372294372295, 0.26651127761127763, 0.1479559662559663, 0.3215955266955266], [0.26439252414252423, 0.2852504551004552, 0.1586527417027417, 0.29170427905427915], [0.26806751026751047, 0.3401852036852039, 0.1896447924624395, 0.20210249358484658], [0.23274049969638208, 0.32830312889724655, 0.1665422077922079, 0.2724141636141637], [0.27527806409277006, 0.2947338295691239, 0.1682049561549562, 0.2617831501831501], [0.2531863636363637, 0.24767546897546905, 0.17719806859806872, 0.3219400987900988], [0.2683548840048841, 0.3126317266067266, 0.18638625263625266, 0.23262713675213686], [0.2755345265845267, 0.33594368964368954, 0.1856189255189256, 0.20290285825285828], [0.26810308906779484, 0.2611702813526344, 0.20592129798306277, 0.2648053315965082], [0.2687457653457654, 0.27294898989898997, 0.15913230103230108, 0.2991729437229439], [0.1655887667887668, 0.3526797369297369, 0.21065082140082153, 0.2710806748806748]]}}