{"test": {"ids": ["111115620", "110116441", "113117401", "110119300", "97107950", "99109311", "107116501", "104116441", "98116090", "111120640", "98106111", "105112240", "109116750", "112117461", "112121030", "104111550", "104119290", "110118161", "103110050", "98108970", "101112540", "113122230", "105113190", "104116800", "100110260", "109113281", "103109791", "98108410", "100120010", "108119550", "102113981", "113121220", "105113260", "109119460", "112118511", "110119891", "108117360", "103113610", "111116090", "106116640", "110114561", "112117210", "100109980", "97113900", "97105580", "108114220", "99108010", "111119150", "100117420", "113119930", "97107821", "111119950", "108114180", "112118860", "102110240", "98107010", "104111780", "103111930", "107121640", "110121450", "111118301", "102121440", "98113881", "111121930", "113119340", "109114220", "98111231", "105118230", "108115070", "109121351", "107116340", "110117080", "102116340", "103120340", "112119950", "111119430", "109117080", "104111531", "109117110", "112117431", "100112060", "108114360", "100115700", "109117150", "99112531", "110115710", "108118630", "112120670", "99108890", "113122650", "111115910", "113120640", "98108580", "108121410", "98107340", "109116040", "97116410", "109120560", "101114020", "107118820", "97112300", "103113270", "113122180", "112116540", "100111390", "113118231", "100109801", "113118630", "112121010", "113119700", "104110960", "112119500", "106115120", "104118340", "103113260", "98112300", "101108580", "106116850", "112116501", "105115720", "108116120", "105114220", "113122170", "112118810", "113117340", "113120260", "107114110", "111121351", "113120780", "110120540", "112119450", "102111990", "106120640", "99112641", "98117740", "113122220", "98106560", "112116451", "105113170", "111120220", "113119450", "106115240"], "labels": [1, 3, 3, 1, 2, 1, 1, 1, 0, 0, 0, 1, 0, 0, 0, 1, 1, 0, 3, 3, 2, 1, 3, 1, 3, 0, 3, 1, 0, 1, 1, 3, 3, 1, 1, 3, 1, 2, 3, 3, 0, 1, 1, 2, 1, 3, 2, 3, 2, 1, 2, 0, 1, 3, 3, 3, 3, 3, 1, 3, 3, 2, 3, 1, 0, 3, 1, 1, 1, 0, 3, 1, 3, 1, 0, 3, 1, 0, 1, 0, 2, 1, 1, 2, 3, 2, 1, 2, 0, 2, 2, 0, 0, 0, 0, 0, 3, 1, 3, 3, 2, 2, 2, 1, 2, 3, 0, 3, 2, 0, 2, 2, 1, 2, 3, 2, 0, 3, 3, 1, 1, 3, 1, 3, 2, 3, 1, 0, 0, 1, 3, 2, 3, 1, 2, 1, 1, 0, 0, 3, 3, 1], "predicted_labels": [3, 3, 3, 3, 2, 1, 1, 1, 3, 1, 2, 1, 0, 3, 3, 2, 1, 1, 1, 1, 1, 2, 3, 0, 0, 1, 0, 2, 2, 1, 3, 3, 3, 3, 1, 1, 0, 1, 0, 3, 1, 3, 1, 0, 1, 0, 1, 0, 3, 1, 0, 3, 1, 3, 0, 0, 3, 0, 2, 3, 3, 0, 1, 2, 0, 0, 0, 1, 1, 0, 3, 3, 3, 2, 0, 3, 1, 1, 3, 0, 3, 0, 1, 1, 3, 0, 3, 1, 1, 2, 1, 0, 1, 3, 2, 3, 3, 3, 0, 3, 0, 2, 3, 1, 3, 1, 3, 1, 2, 1, 0, 2, 3, 3, 1, 0, 0, 1, 3, 1, 0, 3, 2, 0, 3, 0, 3, 0, 0, 1, 0, 2, 2, 0, 1, 1, 2, 0, 3, 0, 0, 0], "confidence_scores": [[0.37938521159229094, 0.13037817233251883, 0.08726067109373807, 0.4029759449814522], [0.03445456005411423, 0.4524626890680864, 0.020142449071932148, 0.49294030180586723], [0.0457831712941263, 0.43893969234309205, 0.0029321270022904383, 0.5123450093604912], [0.07005373895143513, 0.2488453725921698, 0.034930334763451594, 0.6461705536929435], [0.016926965465624656, 0.039767880836731245, 0.6023762455131687, 0.34092890818447535], [0.2511931387402886, 0.6887335486236568, 0.031727282938318224, 0.028346029697736256], [0.018604408315015523, 0.9671271336099366, 0.0033027924210832366, 0.010965665653964623], [0.07726923839487418, 0.6121867037334674, 0.03533331027450675, 0.2752107475971517], [0.010430695807460946, 0.3007509243891788, 0.09024794252811076, 0.5985704372752496], [0.21588727341617522, 0.5653294276771791, 0.13008102151851736, 0.0887022773881285], [0.07790655362719441, 0.07728488751221717, 0.628580137201467, 0.2162284216591214], [0.0917878495924657, 0.7751415437291633, 0.06342817305661622, 0.06964243362175476], [0.6501540717820384, 0.16614879952425557, 0.10518937421860598, 0.0785077544751001], [0.014044657024328933, 0.023311060472531987, 0.003965233413263455, 0.9586790490898756], [0.22048186662481586, 0.03445503890432222, 0.18736528674523859, 0.5576978077256234], [0.07030055165116966, 0.02456390659008195, 0.6872316058192336, 0.21790393593951474], [0.19823614067925008, 0.3557573040635726, 0.24051939964052146, 0.20548715561665595], [0.22428524422807591, 0.5845066005281413, 0.007530852285311994, 0.18367730295847065], [0.09765144359707265, 0.7170135016924432, 0.051037451278509394, 0.1342976034319748], [0.006435459084108878, 0.9036668186155381, 0.08492033031228902, 0.004977391988064078], [0.011261738198654928, 0.7441177231688915, 0.08622641742197652, 0.15839412121047722], [0.052292429734552726, 0.19582665478113434, 0.7181862517367609, 0.03369466374755198], [0.37459533618175617, 0.022383706564908377, 0.006295247800849482, 0.5967257094524859], [0.48454723471651084, 0.10029945149520407, 0.023584211435585627, 0.3915691023526995], [0.8043016059959004, 0.08557710282700862, 0.0018510070136791648, 0.10827028416341186], [0.20596604025058762, 0.6790193192106624, 0.08453581578565819, 0.03047882475309168], [0.44284651561128907, 0.15898591744889323, 0.17436962154529567, 0.223797945394522], [0.048483196366582416, 0.29931836268896905, 0.3624907667845686, 0.2897076741598799], [0.07364527225790497, 0.00493370562127942, 0.8446074888025366, 0.07681353331827914], [0.017701472376073158, 0.49866934626389414, 0.3885370111411573, 0.09509217021887542], [0.35933125004096766, 0.06857994535021057, 0.010667495415774423, 0.5614213091930474], [0.28037012229725305, 0.002671874116895231, 0.05568804543450649, 0.6612699581513453], [0.19710014725036087, 0.3267596485769651, 0.03067461341101979, 0.44546559076165415], [0.13418320236807596, 0.12984100719902522, 0.056947278508138, 0.6790285119247609], [0.21728228392283347, 0.732974388099521, 0.02792183985460153, 0.021821488123043915], [0.19832170387896092, 0.7914341371906642, 0.0028338758305802366, 0.007410283099794446], [0.6604675223952174, 0.016548944210407084, 0.11077930946775513, 0.2122042239266203], [0.01833980245646227, 0.6245505319177597, 0.28102993815967486, 0.07607972746610311], [0.7920949095294224, 0.14756105658629848, 0.0025513235884714147, 0.05779271029580782], [0.2857524480966573, 0.12478709551898606, 0.09440558687735155, 0.49505486950700506], [0.2884501776459385, 0.5539775948490021, 0.04321070570495058, 0.11436152180010878], [0.01830017039157177, 0.038481632008380194, 0.3684210591419019, 0.5747971384581462], [0.17385485121673872, 0.35757345871486673, 0.11328188768573275, 0.3552898023826617], [0.5937086308187318, 0.21787912372672583, 0.1688203922250563, 0.019591853229485916], [0.0022934395962593505, 0.9760826672511788, 0.016249912596097697, 0.005373980556464077], [0.8980479694883444, 0.050809623267734624, 0.0035893277117939855, 0.047553079532126945], [0.03812807583106071, 0.846363166489582, 0.11183561552706742, 0.00367314215228975], [0.6797822418165271, 0.2702145152840801, 0.00836440027940895, 0.04163884261998373], [0.036672894958516736, 0.261713128250507, 0.03545552321984377, 0.6661584535711326], [0.09856691316619008, 0.7767313967898162, 0.015706730103527636, 0.10899495994046597], [0.5048189438130128, 0.20683955355931072, 0.13505745205051234, 0.15328405057716424], [0.3806274627142255, 0.16834591089802642, 0.01632814294694407, 0.4346984834408039], [0.07528952368013808, 0.8834820345233314, 0.010353496170031569, 0.030874945626498996], [0.1468649803554708, 0.13107528304770313, 0.24927708318957595, 0.4727826534072501], [0.563738541905147, 0.40883235545842694, 0.012293731377852212, 0.015135371258573744], [0.5301807055543909, 0.22228983257154655, 0.20058654389090788, 0.046942917983154656], [0.12746173915411685, 0.3513363017049205, 0.02071232079392096, 0.5004896383470416], [0.5963890535024813, 0.15230902311858777, 0.15242163597081235, 0.0988802874081185], [0.13272026374601326, 0.2116122650893552, 0.6032164847303721, 0.052450986434259425], [0.19106433848969784, 0.07099560896005093, 0.0007150964572778118, 0.7372249560929734], [0.17034912139652178, 0.05641993530198012, 0.0420021702977594, 0.7312287730037387], [0.5444333447167634, 0.16291749745261053, 0.215198393266645, 0.07745076456398116], [0.02005872727775695, 0.8111094490443365, 0.006946136672027782, 0.16188568700587874], [0.008162673567811151, 0.02091969648965246, 0.9626767488734381, 0.008240881069098167], [0.8595853730083823, 0.06916197770472765, 0.000273531126002373, 0.07097911816088769], [0.9632811290727052, 0.004649615788069522, 0.000850268352684365, 0.031218986786540795], [0.774512305441073, 0.14276579983974796, 0.036923615366049746, 0.0457982793531294], [0.0002500104223934518, 0.9199651789094861, 0.06657402894646464, 0.013210781721655827], [0.009124886543780315, 0.9849720667958094, 0.0023433080923384035, 0.00355973856807171], [0.4618196782561672, 0.32430480735272144, 0.06339473916669862, 0.1504807752244126], [0.015805939339941313, 0.0778374725860806, 0.274140331180639, 0.632216256893339], [0.002648571450519448, 0.014591033581365584, 0.012102647037413638, 0.9706577479307013], [0.004533124552893194, 0.013200350628716178, 0.019754310553234126, 0.9625122142651565], [0.1417017298911638, 0.3405430607172894, 0.44978409430188254, 0.06797111508966416], [0.8415313521970916, 0.0017643429713669395, 0.001938635297067331, 0.15476566953447407], [0.023208993896636942, 0.10225881441564495, 0.024808273093045907, 0.8497239185946722], [0.0043039423984603, 0.9573528344810323, 0.023063672320668444, 0.015279550799839035], [0.1493300063981284, 0.4115413593779784, 0.056833796595293105, 0.38229483762860017], [0.09287710875991925, 0.19105827701152955, 0.10645841273604097, 0.6096062014925101], [0.7421878015125388, 0.204310196831163, 0.0017338403725452966, 0.05176816128375286], [0.03170079101410779, 0.18487222588335367, 0.06425003282967488, 0.7191769502728637], [0.8014059758308661, 0.08401408163756116, 0.008534450152221104, 0.10604549237935158], [0.0740940279991945, 0.6303187701778076, 0.23433998747948495, 0.06124721434351299], [0.010347913018951447, 0.8986307989380247, 0.022273432048572343, 0.06874785599445153], [0.2840267555800765, 0.004560556862076216, 0.07759706931455458, 0.6338156182432927], [0.5136565495901381, 0.31977939332504657, 0.10397915189224018, 0.06258490519257529], [0.014378977338054919, 0.0028042732860699662, 0.20902637164789015, 0.7737903777279851], [0.15789621386931685, 0.5286606608258699, 0.041312376927005574, 0.2721307483778076], [0.010437935861908615, 0.9759766891786724, 0.011397901631040567, 0.002187473328378275], [0.022902066428596348, 0.046330127179385866, 0.9059048081895145, 0.02486299820250335], [0.007095836873069232, 0.7695531630897151, 0.003514296007385117, 0.21983670402983055], [0.6937497876238733, 0.09969587254080212, 0.031369196905216286, 0.17518514293010837], [0.13680695084196995, 0.4903638201021627, 0.20349285952870977, 0.16933636952715772], [0.05262828037710751, 0.2026061264266559, 0.0057942973985128255, 0.7389712957977237], [0.03368115449564575, 0.07315136693257958, 0.8828979440802128, 0.01026953449156166], [0.067064099325549, 0.36167674671466, 0.005366323709143818, 0.5658928302506472], [0.02568472544561003, 0.02210317788824405, 0.08922446242411954, 0.8629876342420264], [0.30144469003626845, 0.011022553472618893, 0.08712811988372532, 0.6004046366073873], [0.7359376292329968, 0.029175449252277927, 0.014576008121164448, 0.22031091339356074], [0.019240689939699834, 0.25110327975462315, 0.1756097552041005, 0.5540462751015766], [0.348192251220669, 0.18437005088314642, 0.13517019458376797, 0.33226750331241667], [0.019247830588984455, 0.03697982562076455, 0.8604411782896971, 0.08333116550055386], [0.00875992910794394, 0.02172971518039631, 0.07991703548507831, 0.8895933202265813], [0.11215004967620566, 0.6264301350473854, 0.022384901152110004, 0.23903491412429903], [0.08776074301502695, 0.054422658303391186, 0.09941659051165595, 0.7584000081699259], [0.02721614397486058, 0.6024827574955941, 0.33481364751234005, 0.03548745101720525], [0.29932499660148654, 0.20200346052444965, 0.016768081978951514, 0.4819034608951124], [0.02689083538282212, 0.852316179603055, 0.09152237112666092, 0.029270613887461876], [0.21582881233627899, 0.10658983205220048, 0.561795949413858, 0.11578540619766244], [0.23084248464722035, 0.5655471150181169, 0.06935995600049122, 0.13425044433417146], [0.47819700012875094, 0.3259421639365086, 0.048088729778297486, 0.14777210615644304], [0.1524631361291836, 0.18016401679563038, 0.6607366556942061, 0.006636191380979995], [0.44611476047830745, 0.035774182619706746, 0.008861912253679518, 0.5092491446483064], [0.3142754157229522, 0.08496997033398393, 0.26131712822407055, 0.3394374857189933], [0.07127005065267404, 0.7494560746162653, 0.009430897207963952, 0.16984297752309663], [0.8836786732432454, 0.013216078889593781, 0.024000546041666154, 0.0791047018254948], [0.9793178819002767, 0.0017233066745666078, 0.016201282273327542, 0.0027575291518292964], [0.015295283531350474, 0.5484945022974985, 0.4319635231755571, 0.004246690995593817], [0.15958445885866604, 0.04132132862660486, 0.012489255508031434, 0.7866049570066977], [0.24494626438796366, 0.5193657064438175, 0.1815037040694892, 0.05418432509872976], [0.5297427183532398, 0.06950986115745478, 0.10817583570167012, 0.29257158478763523], [0.3157002965476887, 0.049262605144577566, 0.03281438344190427, 0.6022227148658296], [0.012373519425960256, 0.028633129090431097, 0.8225128714203409, 0.13648048006326785], [0.8493830238717539, 0.04343167590563143, 0.04802061456402529, 0.05916468565858936], [0.25293067519191537, 0.12499133218466177, 0.01924104196770433, 0.6028369506557185], [0.6590814798541155, 0.12393908452217842, 0.11867069561555502, 0.09830874000815115], [0.14015514181847957, 0.040107322225144876, 0.017660309987558534, 0.802077225968817], [0.9361172059690327, 0.05551636872023009, 0.0007692786182095517, 0.00759714669252769], [0.656415645191277, 0.2962664014620465, 0.009320714275790265, 0.03799723907088623], [0.001445580241147303, 0.9565220574155372, 0.013150921743587717, 0.028881440599727744], [0.8439775901210823, 0.11060582072834324, 0.0007408427994147219, 0.04467574635115981], [0.24791460511561839, 0.2605354407974809, 0.41966260571314273, 0.071887348373758], [0.09230220896720842, 0.1267816863936716, 0.541038044904907, 0.23987805973421295], [0.36253920165080816, 0.2584180755244228, 0.16977961916593964, 0.20926310365882939], [0.3963536917912661, 0.5457840095519216, 0.03919526002273806, 0.018667038634074144], [0.4023880233393894, 0.5744455000050249, 0.005348299435183432, 0.017818177220402288], [0.03479953054670115, 0.06250351884191947, 0.7871563290023756, 0.11554062160900364], [0.8251554477048447, 0.028073330543979296, 0.011048544770517225, 0.13572267698065874], [0.05997169253688786, 0.2869015570871791, 0.08569330829244047, 0.5674334420834926], [0.48124669022946776, 0.10557994167622711, 0.15900811217034685, 0.2541652559239583], [0.7428666982583232, 0.11331821337367624, 0.01928299490129431, 0.12453209346670634], [0.9069061088276208, 0.03577281858774788, 0.05077768648998226, 0.00654338609464907]]}, "rewritten": {"ids": ["97105580", "97107821", "97107950", "97112300", "97113900", "97116410", "98106111", "98106560", "98107010", "98107340", "98108410", "98108580", "98108970", "98111231", "98112300", "98113881", "98116090", "98117740", "99108010", "99108890", "99109311", "99112531", "99112641", "100109801", "100109980", "100110260", "100111390", "100112060", "100115700", "100117420", "100120010", "101108580", "101112540", "101114020", "102110240", "102111990", "102113981", "102116340", "102121440", "103109791", "103110050", "103111930", "103113260", "103113270", "103113610", "103120340", "104110960", "104111531", "104111550", "104111780", "104116441", "104116800", "104118340", "104119290", "105112240", "105113170", "105113190", "105113260", "105114220", "105115720", "105118230", "106115120", "106115240", "106116640", "106116850", "106120640", "107114110", "107116340", "107116501", "107118820", "107121640", "108114180", "108114220", "108114360", "108115070", "108116120", "108117360", "108118630", "108119550", "108121410", "109113281", "109114220", "109116040", "109116750", "109117080", "109117110", "109117150", "109119460", "109120560", "109121351", "110114561", "110115710", "110116441", "110117080", "110118161", "110119300", "110119891", "110120540", "110121450", "111115620", "111115910", "111116090", "111118301", "111119150", "111119430", "111119950", "111120220", "111120640", "111121351", "111121930", "112116451", "112116501", "112116540", "112117210", "112117431", "112117461", "112118511", "112118810", "112118860", "112119450", "112119500", "112119950", "112120670", "112121010", "112121030", "113117340", "113117401", "113118231", "113118630", "113119340", "113119450", "113119700", "113119930", "113120260", "113120640", "113120780", "113121220", "113122170", "113122180", "113122220", "113122230", "113122650"], "labels": [1, 2, 2, 2, 2, 3, 0, 1, 3, 0, 1, 0, 3, 1, 2, 3, 0, 2, 2, 0, 1, 3, 1, 0, 1, 3, 2, 2, 1, 2, 0, 0, 2, 3, 3, 2, 1, 3, 2, 3, 3, 3, 3, 2, 2, 1, 2, 0, 1, 3, 1, 1, 2, 1, 1, 0, 3, 3, 3, 1, 1, 1, 1, 3, 3, 3, 1, 3, 1, 3, 1, 1, 3, 1, 1, 1, 1, 1, 1, 0, 0, 3, 0, 0, 1, 1, 2, 1, 1, 0, 0, 2, 3, 1, 0, 1, 3, 1, 3, 1, 2, 3, 3, 3, 3, 0, 3, 0, 0, 1, 0, 3, 1, 1, 0, 0, 1, 3, 3, 3, 2, 0, 2, 2, 0, 2, 3, 3, 3, 0, 3, 0, 1, 3, 0, 0, 3, 1, 2, 1, 1, 2], "predicted_labels": [1, 0, 2, 0, 0, 0, 0, 0, 0, 2, 0, 0, 0, 0, 0, 0, 1, 1, 1, 1, 3, 0, 0, 0, 3, 0, 3, 0, 0, 0, 2, 0, 0, 0, 0, 3, 0, 1, 0, 0, 1, 0, 1, 2, 1, 3, 2, 0, 2, 0, 0, 1, 2, 2, 3, 3, 0, 0, 0, 0, 1, 0, 0, 1, 0, 2, 0, 3, 3, 1, 2, 0, 0, 1, 1, 0, 1, 0, 0, 0, 0, 0, 3, 0, 1, 1, 2, 0, 2, 0, 0, 0, 3, 0, 0, 3, 3, 0, 3, 3, 3, 0, 0, 0, 3, 0, 0, 0, 0, 1, 0, 0, 0, 0, 1, 0, 0, 0, 2, 0, 0, 0, 1, 0, 0, 2, 3, 0, 0, 0, 0, 1, 0, 0, 2, 0, 0, 3, 3, 0, 2, 2], "confidence_scores": [[0.04984590971354561, 0.747324607254937, 0.06874434079429642, 0.13408514223722084], [0.6236598140098341, 0.11005203897309042, 0.04689909996959639, 0.21938904704747897], [0.1696039899696599, 0.13176910431884145, 0.6435197205849095, 0.05510718512658918], [0.9360166991307737, 0.007638014012396494, 0.04424727239222159, 0.012098014464608165], [0.6238573542824027, 0.13022411553295243, 0.24322651549798593, 0.002692014686658956], [0.6053783682563016, 0.007129508188062206, 0.08390016853660291, 0.3035919550190333], [0.49920161258409307, 0.001537646480598125, 0.004335528771870362, 0.4949252121634385], [0.8146327339628776, 0.06677982301151855, 0.05972976937314754, 0.05885767365245626], [0.8808762354724388, 0.0260736616186355, 0.09230780269517155, 0.0007423002137540738], [0.22123010448103597, 0.05607026727952975, 0.7021830236260272, 0.02051660461340714], [0.5446740289303653, 0.0006237245235452673, 0.02603173030377085, 0.4286705162423186], [0.9883310201002097, 0.0075385251141120765, 0.000929640118308053, 0.0032008146673701415], [0.9409014884691289, 0.013577342296288774, 0.012207445320303512, 0.03331372391427877], [0.5992618026635156, 0.03384648349616529, 0.002205426283406166, 0.3646862875569129], [0.9495987819335413, 0.006069459023051714, 0.015572870476099598, 0.02875888856730737], [0.5025504844475865, 0.00281996780298094, 0.053698231085798805, 0.4409313166636338], [0.08169849857197985, 0.6670770002937166, 0.24629845123953867, 0.004926049894764974], [0.23778371176566152, 0.7520198495304634, 0.007962700774174696, 0.0022337379297004446], [0.10051192126008272, 0.858761942495119, 0.02885297820926454, 0.011873158035533671], [0.1693868789943083, 0.6517949914999844, 0.07469577123993294, 0.10412235826577428], [0.3920199115629819, 0.04452772112452284, 0.023731729810478403, 0.5397206375020168], [0.671933173452889, 0.0024239837871875692, 0.0031644054485358212, 0.32247843731138764], [0.7116216468927652, 0.0073696020224184935, 0.058674032695585326, 0.22233471838923097], [0.9543095156099523, 0.0075223184677977025, 0.004408664525962996, 0.03375950139628721], [0.043329254447177015, 0.1512135603571066, 0.06480816692149394, 0.7406490182742225], [0.8711865998347266, 0.11733002758764645, 0.0006447227445570329, 0.010838649833069914], [0.11714387258814792, 0.07398297555011701, 0.37179529203154354, 0.43707785983019165], [0.5056050426552872, 0.4313826206506393, 0.015522222989094071, 0.04749011370497936], [0.38533323527702534, 0.03190036233456346, 0.24662086043078082, 0.3361455419576303], [0.9178991658693012, 0.023124078258028282, 0.02782062558147667, 0.03115613029119387], [0.03133517007851957, 0.16049593796592926, 0.7446652971993033, 0.06350359475624788], [0.9746020073329722, 0.01588377341813364, 0.008166608002074232, 0.0013476112468198578], [0.7995009055829099, 0.1364336327679077, 0.06246560773387907, 0.001599853915303395], [0.5621605640818313, 0.16236292966142848, 0.018279121218395353, 0.2571973850383448], [0.9903706877387857, 0.005542034115383898, 0.0037761351525021796, 0.0003111429933284206], [0.1729757467086543, 0.08318688674960954, 0.2249255462279662, 0.5189118203137699], [0.959172178940399, 0.029188390153762386, 0.006483731662915719, 0.00515569924292271], [0.32294660608909304, 0.43769620248658714, 0.11445224211877883, 0.12490494930554093], [0.8614703517107827, 0.007788027508587156, 0.12366446021876366, 0.007077160561866545], [0.5294229274723045, 0.06742122275588426, 0.37352375629254037, 0.029632093479270965], [0.2292184126003791, 0.4975414631314325, 0.05558543282000694, 0.2176546914481814], [0.4886964698373735, 0.158207065650694, 0.3452410954492306, 0.007855369062702029], [0.29352690286614763, 0.6437887514651132, 0.013651614133600895, 0.04903273153513838], [0.4452380782148827, 0.022502951173060563, 0.4909940096120794, 0.041264960999977354], [0.13499275182780193, 0.551200547165442, 0.06388366516726757, 0.24992303583948847], [0.12817982768008704, 0.0066959406284557, 0.36788970240903823, 0.497234529282419], [0.30704525783771, 0.10327751836937056, 0.5800889160437088, 0.009588307749210639], [0.6774039016443643, 0.07585437290133233, 0.02874992167992906, 0.21799180377437427], [0.34869076465823945, 0.03185775863527189, 0.559054460385285, 0.06039701632120376], [0.6204630468472522, 0.2070661603937326, 0.10393791062253374, 0.06853288213648148], [0.713511520003073, 0.0728616949190303, 0.1951666092596085, 0.018460175818288235], [0.12632670759692255, 0.5660667835715325, 0.2656003598707657, 0.04200614896077929], [0.08272288287425796, 0.021306172882756776, 0.6923331196354531, 0.20363782460753216], [0.15641342279299383, 0.23244167387559195, 0.5393158652013895, 0.07182903813002472], [0.30011065485830746, 0.004701339667766795, 0.03252426021969069, 0.662663745254235], [0.3912453543971887, 0.01512770414450238, 0.08971607284886718, 0.5039108686094417], [0.5130949404371866, 0.007156221379251882, 0.011931136944794977, 0.46781770123876654], [0.9289993542665408, 0.011961092248908995, 0.0010217111779520203, 0.058017842306598094], [0.9093798042085295, 0.05154956357861225, 0.0077858078142653475, 0.031284824398592787], [0.8219771003102379, 0.09850063108995549, 0.07256084916488924, 0.00696141943491729], [0.07041044592390971, 0.8002399203378746, 0.022673518311746407, 0.10667611542646936], [0.9092622328515302, 0.010953931573810883, 0.012577542064023948, 0.06720629351063497], [0.9863866148762038, 0.005801453349656639, 0.00575150337173276, 0.0020604284024068192], [0.13788463265053957, 0.7116432625908574, 0.028158405926016785, 0.12231369883258623], [0.5463241953814274, 0.011300945092805844, 0.4281941018235178, 0.014180757702248865], [0.0663331330271084, 0.3996265265136595, 0.5328369127328836, 0.00120342772634855], [0.9320957213075975, 0.0051029171402408235, 0.010021641603117436, 0.05277971994904441], [0.1504171598276868, 0.03934776467141924, 0.30343499121740786, 0.506800084283486], [0.18675152753988417, 0.0038004244943914064, 0.0014163394389854992, 0.8080317085267389], [0.12705892901780988, 0.6532143850042692, 0.07893158062688979, 0.14079510535103096], [0.0009806557157370378, 0.001636120361328482, 0.9958041247797321, 0.0015790991432024137], [0.7985372996600962, 0.1101148842555233, 0.05082322171347283, 0.04052459437090777], [0.8842516760590544, 0.07682305137680813, 0.03828087868779437, 0.0006443938763432537], [0.1708284945186386, 0.7822781958335872, 0.0055500257999071675, 0.04134328384786715], [0.4038223758813438, 0.5484905524359933, 0.04698914702253151, 0.0006979246601314121], [0.7032437177652417, 0.0304375815185834, 0.09389499551146853, 0.17242370520470615], [0.06449961920760545, 0.5244177380040922, 0.39838144695111405, 0.012701195837188387], [0.8794560210326958, 0.004371679518482823, 0.058371518438434064, 0.0578007810103874], [0.9335571578926588, 0.04585819058331317, 0.01798091297992247, 0.0026037385441055358], [0.9473330402225414, 0.011813544123468397, 0.008379724742825093, 0.03247369091116495], [0.6657647545225954, 0.06378434772054475, 0.21915706257937306, 0.05129383517748681], [0.9362816981011263, 9.454913911495308e-05, 0.0007452519240722437, 0.06287850083568666], [0.3993954142579991, 0.018767118925608894, 0.04776182201207353, 0.5340756448043186], [0.8596124236395027, 0.016837309407691216, 0.12295618556257627, 0.0005940813902295739], [0.004505110374794949, 0.9689652188369, 0.008036404591576202, 0.018493266196728805], [0.23615777761290746, 0.35155083862867165, 0.06583119864655264, 0.3464601851118682], [0.048031595493790796, 0.0821260395417843, 0.807164376836091, 0.06267798812833389], [0.48072891453026495, 0.012743551932419248, 0.13567212048140875, 0.370855413055907], [0.10389361059298376, 0.013014415151579643, 0.7406175774333384, 0.1424743968220982], [0.9889022255028689, 0.009282685347774431, 0.001045574691994856, 0.0007695144573618579], [0.965836317140261, 0.0019451108032086813, 0.028114671115361485, 0.004103900941168898], [0.8299011331887437, 0.001842881379531089, 0.02026242000696887, 0.14799356542475633], [0.024931974499094005, 0.08915006404081054, 0.06883996865415004, 0.8170779928059454], [0.38215528410440497, 0.07611661026353218, 0.1926380341081243, 0.34909007152393856], [0.8044406611831338, 0.050656315438918444, 0.02134197826410376, 0.12356104511384385], [0.10868768107706336, 0.381072310034626, 0.007851180382185118, 0.5023888285061254], [0.02061640205165055, 0.0057303220508332225, 0.0016994013911793128, 0.971953874506337], [0.5366496054918124, 0.09483474667311904, 0.0449187626133113, 0.32359688522175734], [0.24244674240897898, 0.0353060839565136, 0.006766879139834182, 0.7154802944946732], [0.3494623163752921, 0.045853281346731556, 0.11006624518482794, 0.49461815709314827], [0.051757861180620666, 0.051127073279407596, 0.26459988191628625, 0.6325151836236855], [0.4238798442333874, 0.3934536189133917, 0.0024877078378960503, 0.1801788290153248], [0.858078474008171, 0.08049935241266332, 0.022777581591151744, 0.03864459198801384], [0.7747887465667197, 0.016336673846228892, 0.005296311214980811, 0.20357826837207066], [0.031623571562593406, 0.41433513651295373, 0.018183838975174307, 0.5358574529492786], [0.9636983590132787, 0.014906411946170808, 0.019438848578256382, 0.0019563804622941675], [0.9133066468077499, 0.04075840738155305, 0.03664477538149062, 0.009290170429206553], [0.4666499979664855, 0.03144363107689155, 0.25099686643747215, 0.2509095045191509], [0.9760169512615164, 0.0052951322788098555, 0.01768714060376035, 0.0010007758559134078], [0.338102374033563, 0.5115487475977435, 0.13503062528521292, 0.015318253083480591], [0.6014517829695112, 0.05601605450249191, 0.04911673689980617, 0.2934154256281908], [0.6637946198352512, 0.029061011391669864, 0.007877284388041689, 0.29926708438503724], [0.44362745103934514, 0.33027849196134856, 0.1273661432138054, 0.09872791378550096], [0.6404436135854019, 0.032325607649383595, 0.15823276523862737, 0.16899801352658722], [0.3579868053888357, 0.4001614006556843, 0.2347394038136333, 0.007112390141846771], [0.926509464040309, 0.007883766596210578, 0.0027147451381687874, 0.0628920242253118], [0.5274391818135067, 0.13065905897981198, 0.16128060633315014, 0.18062115287353117], [0.9885859715256352, 0.005561723442117598, 0.004313183312060833, 0.0015391217201862074], [0.04975008020681293, 0.3948853479778516, 0.49457280347353444, 0.06079176834180094], [0.9921528774133396, 0.00228301248130505, 0.0003085764425523819, 0.005255533662803107], [0.8644900818889416, 0.04443793604571154, 0.0882088202624317, 0.0028631618029150837], [0.9608676125431425, 0.0045487411630767685, 0.0017365042737246042, 0.03284714202005622], [0.3898638763505982, 0.45636501692826287, 0.08121985071239386, 0.07255125600874497], [0.9823424622789421, 0.00022208549556064443, 0.01573896103796776, 0.0016964911875297257], [0.960502908848619, 0.004316452129360942, 0.025311439052822036, 0.009869199969198116], [0.011394816146375688, 0.07891314910102223, 0.6923522009898249, 0.21733983376277727], [0.26709934998713053, 0.028339666927292333, 0.005134707115060854, 0.6994262759705163], [0.5256712243339907, 0.45894596097886053, 0.013969258606613794, 0.0014135560805348473], [0.7090419339424565, 0.0919310324864215, 0.030311578194600546, 0.1687154553765216], [0.7140448337998221, 0.010616660032386942, 0.0006064080871058752, 0.27473209808068494], [0.8679492983099629, 0.10568110471562407, 0.008715196069857602, 0.017654400904555303], [0.10322801801575696, 0.8887647166156051, 0.0050077227652950956, 0.002999542603342773], [0.7187433717338166, 0.2116783524392489, 0.03154541554927173, 0.03803286027766279], [0.6666041671534633, 0.00599553606781872, 0.23165242172931796, 0.0957478750494], [0.17400129188346322, 0.3064182862273164, 0.30936140518996436, 0.21021901669925605], [0.7616725922365862, 0.12801350286637533, 0.08143579447729836, 0.028878110419740043], [0.6041862404231677, 0.005757666389319269, 0.19223015005157057, 0.19782594313594234], [0.1800772404959232, 0.15275095855549323, 0.30870833519684227, 0.35846346575174126], [0.05563312073308252, 0.0025418193152631505, 0.08667342579529412, 0.8551516341563603], [0.7467625187965242, 0.012342465203157923, 0.2341946241362089, 0.0067003918641089615], [0.010946443110816958, 0.11362081915156752, 0.8701682357982481, 0.005264501939367455], [0.16429661532688364, 0.00730117665281037, 0.5667638435828971, 0.26163836443740884]]}}