{"test": {"ids": ["100110260", "98109311", "111115910", "100120010", "106116370", "101108950", "97107040", "112118581", "97107681", "107114490", "104113170", "112118820", "110118301", "111119930", "110117110", "111116530", "98106560", "112116990", "104118070", "105115900", "104117200", "110118450", "103110760", "113119950", "98108370", "99114890", "102109910", "107114321", "109113281", "110114321", "109113591", "103111830", "105112260", "111121220", "111121410", "110120640", "106117770", "112116850", "97114170", "104114240", "102109010", "108120060", "111116110", "99109740", "106116120", "111120591", "109115211", "112121360", "103113270", "109117431", "103117461", "111120190", "99107950", "103111110", "110113931", "113121680", "113120531", "103113170", "113121220", "113118511", "112116800", "107118820", "97116790", "103111540", "100108260", "99109161", "108121351", "112121010", "104110960", "111120320", "110119300", "98116500", "105118740", "110116170", "100113210", "112116880", "108118291", "104111990", "106119260", "104111380", "99109860", "112121410", "108116120", "100120780", "103113101", "106113260", "110118810", "112119120", "106118820", "112119320", "102112030", "97106970", "113119700", "110114950", "110118161", "111114321", "103120290", "111119250", "99113260", "107116300", "110118121", "111119150", "102111990", "106112770", "107115140", "110121450", "105117431", "97106591", "108113700", "100109801", "112119980", "112119950", "105110091", "98107380", "103111620", "99107300", "113120640", "98112580", "97109080", "105113440", "101109000", "108118060", "98108970", "113120540", "99109311", "110121140", "113120260", "103111480", "100117420", "105113190", "103113640", "107118120", "111118810", "113118690", "98108520", "113122220", "111116411", "111116100", "105120621", "113122320", "108119550", "112120630"], "labels": [3, 1, 2, 0, 2, 2, 2, 1, 3, 3, 3, 0, 1, 1, 0, 3, 1, 0, 2, 3, 3, 0, 1, 0, 1, 2, 2, 0, 0, 1, 3, 3, 3, 3, 0, 0, 0, 0, 2, 0, 1, 1, 3, 3, 1, 1, 0, 3, 2, 1, 0, 3, 1, 3, 1, 1, 0, 3, 3, 1, 0, 3, 2, 1, 3, 3, 3, 2, 2, 1, 1, 2, 1, 0, 0, 0, 3, 2, 1, 3, 2, 0, 1, 1, 3, 3, 1, 1, 3, 1, 2, 2, 0, 0, 0, 1, 2, 1, 0, 0, 3, 3, 2, 1, 0, 3, 1, 1, 0, 0, 0, 0, 0, 1, 0, 3, 0, 2, 2, 0, 1, 1, 3, 3, 1, 3, 3, 0, 2, 3, 1, 3, 0, 3, 2, 1, 0, 3, 1, 1, 1, 3], "predicted_labels": [0, 1, 1, 3, 0, 3, 1, 1, 0, 3, 3, 1, 0, 3, 1, 1, 2, 3, 3, 3, 1, 1, 3, 3, 3, 3, 3, 1, 0, 0, 1, 3, 1, 3, 1, 3, 3, 3, 3, 3, 1, 1, 3, 1, 1, 0, 3, 1, 2, 3, 3, 3, 1, 3, 3, 3, 0, 1, 3, 1, 1, 3, 1, 0, 0, 0, 1, 1, 3, 3, 1, 0, 1, 1, 3, 1, 0, 1, 3, 3, 1, 3, 0, 0, 1, 1, 0, 3, 1, 1, 1, 1, 1, 3, 1, 3, 3, 3, 2, 1, 3, 1, 1, 3, 3, 3, 1, 1, 1, 3, 1, 0, 0, 2, 1, 0, 0, 1, 1, 1, 3, 3, 1, 1, 1, 0, 3, 0, 3, 3, 0, 3, 0, 3, 1, 1, 0, 0, 0, 1, 1, 3], "confidence_scores": [[0.8483987353379868, 0.03904293726546217, 0.006189424552634118, 0.10636890284391691], [0.3488311644735316, 0.47278694717924746, 0.13419491123893112, 0.04418697710828953], [0.05178257649651147, 0.8640955977398477, 0.009513813418068385, 0.0746080123455724], [0.12064709501257766, 0.11681125567358976, 0.29229044125503495, 0.4702512080587977], [0.6068064809724976, 0.026060958423781002, 0.006626149921357853, 0.3605064106823637], [0.05307243957840595, 0.24117035431213116, 0.22084322909659418, 0.4849139770128687], [0.09432079045029482, 0.23954326803546475, 0.5339403189645153, 0.13219562254972483], [0.07698892390028461, 0.5063664304578344, 0.13053417263030168, 0.2861104730115791], [0.38664491091241165, 0.29784329475567, 0.05046503809772259, 0.26504675623419555], [0.043053189001567786, 0.42352127663860695, 0.05762848694380685, 0.47579704741601847], [0.1817079409401126, 0.34556444165063904, 0.14764093391103583, 0.3250866834982125], [0.27493550894702345, 0.5140913239116399, 0.029986456981604223, 0.18098671015973247], [0.5454219158433641, 0.08944613804080256, 0.006201614753888911, 0.3589303313619446], [0.11437562338566913, 0.3526378225066785, 0.1399657478908485, 0.39302080621680374], [0.3581749546048872, 0.4104167530339855, 0.0695056380708446, 0.16190265429028322], [0.20554601050765858, 0.42771030896506573, 0.029456815058266247, 0.3372868654690092], [0.03757609465333176, 0.07974732893509874, 0.7082855349034894, 0.17439104150807996], [0.16089374838377174, 0.054619986314617695, 0.11398003083460692, 0.6705062344670034], [0.07665372677773397, 0.26102982643618533, 0.2832377593701878, 0.3790786874158926], [0.16488182652922986, 0.10673741178907868, 0.08703176187534162, 0.6413489998063499], [0.0993616239540306, 0.8178719473184216, 0.03582323403928196, 0.046943194688266125], [0.07395385453381516, 0.8482022191457564, 0.03788592667568558, 0.039957999644742455], [0.3330186761638913, 0.07500789032595792, 0.06579403068682105, 0.5261794028233299], [0.5337864770979937, 0.03524523293148806, 0.01171655820825263, 0.41925173176226577], [0.31163402821441993, 0.1464959965655907, 0.2412071191726946, 0.3006628560472947], [0.025746052343101112, 0.2834047175168858, 0.3128514716962549, 0.3779977584437583], [0.3683429589296922, 0.1186538851978421, 0.150477086258005, 0.3625260696144607], [0.43880876624043685, 0.4296344307971626, 0.0071661746975313495, 0.12439062826486912], [0.7235063777628958, 0.1181090084203398, 0.040595450042388646, 0.11778916377437586], [0.36311864663613524, 0.2356668221705749, 0.1743361242071374, 0.22687840698615236], [0.26189851920632956, 0.3715462970351419, 0.008959957637717684, 0.35759522612081074], [0.20153510406703187, 0.045714201724662284, 0.06464931478285511, 0.6881013794254509], [0.032877989503017006, 0.7392194619901621, 0.03375424433470127, 0.19414830417212], [0.09733760509983715, 0.32044746391211204, 0.05876153237528107, 0.52345339861277], [0.35138886407831116, 0.5217699543358427, 0.016011780440462597, 0.1108294011453834], [0.32942416134320146, 0.11728839571085828, 0.04706578729264185, 0.5062216556532982], [0.15103330282661612, 0.11157535844687574, 0.12750910405957275, 0.609882234666935], [0.1582111069128048, 0.2593180937317439, 0.059584973744551746, 0.522885825610899], [0.031177935183058322, 0.17406335099159895, 0.34385342474944286, 0.4509052890758999], [0.38515951372310064, 0.21094428240836424, 0.08157231001131376, 0.32232389385722165], [0.1097376218911381, 0.2280753874968929, 0.503524343403886, 0.1586626472080836], [0.4894937385957319, 0.37168227284694694, 0.023385942436701147, 0.1154380461206203], [0.07083905673860462, 0.12376593353101917, 0.04014276205392701, 0.7652522476764488], [0.25250872189934825, 0.34542967925606655, 0.1319256986140981, 0.2701359002304872], [0.18837581550746296, 0.36448072908781487, 0.17874808054575983, 0.268395374858962], [0.8793915883105433, 0.02568861150062651, 0.0016196823904977226, 0.09330011779833254], [0.08343868851553093, 0.13408471714004108, 0.05494511596113632, 0.7275314783832919], [0.12794529877519628, 0.6424914730573504, 0.049920674114257955, 0.17964255405319546], [0.030784303178546055, 0.058328228829382565, 0.8361867178341083, 0.07470075015796325], [0.5506801447776882, 0.06297253165819518, 0.006358818001336759, 0.37998850556277974], [0.2461965274009571, 0.2730721113764452, 0.016570354558533534, 0.4641610066640642], [0.1568467973336582, 0.06656357915186786, 0.06709810839617515, 0.709491515118299], [0.016162171813656548, 0.6701390247352254, 0.2693560145207835, 0.04434278893033417], [0.2837590776271778, 0.13648512519958708, 0.03701331267402793, 0.5427424844992069], [0.2851059127238667, 0.21543477340104972, 0.08162229603151154, 0.4178370178435719], [0.11698301869403417, 0.26730429537483896, 0.12402959200055652, 0.49168309393057014], [0.5180323616059407, 0.16710224974257443, 0.02607597239349577, 0.2887894162579894], [0.19585138396996965, 0.5027143389075802, 0.17662728035566294, 0.12480699676678682], [0.4041133517261884, 0.16873211750237682, 0.08047995568098755, 0.34667457509044736], [0.10393334335548851, 0.7069395859105274, 0.04660413942259285, 0.14252293131139135], [0.04743780838431206, 0.5602549701165266, 0.06324431018420361, 0.329062911314958], [0.04620152116995112, 0.38364319022274646, 0.08712465720209844, 0.4830306314052038], [0.11308636630389612, 0.3623079093236017, 0.46390955486013447, 0.06069616951236767], [0.6066008455249271, 0.12620266924253046, 0.10557993184891534, 0.1616165533836272], [0.2855225872587658, 0.14942983929061868, 0.427835069553761, 0.13721250389685452], [0.6162420239371036, 0.24965444962698974, 0.08472758553057323, 0.04937594090533356], [0.2148973240081281, 0.5762616262501409, 0.011198077286145577, 0.19764297245558549], [0.08361325363121665, 0.33444780552982584, 0.45755523394741887, 0.12438370689153846], [0.06329821725371287, 0.3098079771370611, 0.1587368272987047, 0.4681569783105212], [0.22024594336385167, 0.23947542980000014, 0.09487225164902276, 0.4454063751871253], [0.2667716636889725, 0.4080869319000614, 0.06709616878459942, 0.2580452356263668], [0.5976255717117199, 0.03109580259919906, 0.01249699878197677, 0.3587816269071044], [0.18929992385722272, 0.43684554699581357, 0.2538638329068767, 0.11999069624008708], [0.1153393281765293, 0.5897344585518041, 0.11458599416761378, 0.18034021910405307], [0.15378979199938042, 0.2729259414949505, 0.14578198087845212, 0.42750228562721737], [0.08999758208822516, 0.4543940017961258, 0.1325278876054716, 0.32308052851017743], [0.46288866120185135, 0.2618458571996928, 0.002968318467006051, 0.27229716313145014], [0.0961892557658633, 0.7535945416241201, 0.08510252963055981, 0.06511367297945703], [0.1284130640598202, 0.015918085497934366, 0.44084020480284386, 0.4148286456394013], [0.2976840134527874, 0.2680492628284442, 0.11813671457660876, 0.3161300091421596], [0.2239730511245967, 0.3782428309545385, 0.3372242453683392, 0.06055987255252584], [0.22985930144624148, 0.3570410597383138, 0.03921097910282807, 0.3738886597126163], [0.7720290828144987, 0.05164696250753804, 0.048794712501974646, 0.1275292421759891], [0.518284183733082, 0.21693928087408482, 0.037733548152011534, 0.22704298724082195], [0.19299263642669143, 0.26801104175377044, 0.3075224779331382, 0.23147384388640016], [0.07843071012627273, 0.728558715938888, 0.02599983958704605, 0.16701073434779345], [0.4964757906728122, 0.17048402816121336, 0.11236962784607267, 0.22067055331990157], [0.2157936662215962, 0.2573911154394169, 0.1261681989642599, 0.4006470193747269], [0.022634420973174016, 0.7663089651965577, 0.048507651998507414, 0.16254896183176104], [0.01730753907001715, 0.8047351146230433, 0.035295158836671184, 0.1426621874702683], [0.14008766258533323, 0.3552555191966584, 0.27433662216304877, 0.2303201960549596], [0.017075333235762, 0.44534714600647946, 0.360367136095686, 0.1772103846620723], [0.1058279211728099, 0.5939339952851528, 0.07774970225123114, 0.22248838129080642], [0.12607837134447358, 0.25664790190211567, 0.10137249417708644, 0.5159012325763241], [0.34528739610440434, 0.5278438110322516, 0.0066538622876444395, 0.12021493057569961], [0.2069647487440207, 0.29739414962985666, 0.047269240752262354, 0.44837186087386033], [0.08543626554175046, 0.3308999770803449, 0.24925434624088522, 0.3344094111370191], [0.3376802283225592, 0.16178686354018115, 0.09918911674991968, 0.40134379138734017], [0.06274852273504004, 0.08688296401296952, 0.7918627103026585, 0.058505802949331644], [0.1369839549029204, 0.7864012167454556, 0.0285241124449335, 0.048090715906690396], [0.1426669477764682, 0.34228597100790564, 0.0535246159599113, 0.4615224652557147], [0.20596698825707, 0.37402508203250806, 0.05596425805037292, 0.3640436716600489], [0.16032477747378954, 0.30288849601089746, 0.42297448323678855, 0.11381224327852443], [0.0934446119878303, 0.3026185029888524, 0.28507954931087703, 0.3188573357124402], [0.4115670092285244, 0.023353953957289824, 0.020851701540973246, 0.5442273352732124], [0.22388584127133226, 0.27434427762281727, 0.003804174761877187, 0.49796570634397325], [0.20959266081543815, 0.3882157684099942, 0.21986970181069607, 0.18232186896387145], [0.055622231533435484, 0.3820740822352074, 0.5183789348376632, 0.043924751393694], [0.05283246748294162, 0.46441824739682297, 0.0683465232498395, 0.41440276187039615], [0.16175620247940045, 0.30443329854051304, 0.02422742499835974, 0.5095830739817269], [0.09213378587373575, 0.7351334444684545, 0.09764865518890434, 0.07508411446890549], [0.7489473237547478, 0.004461163958066863, 0.0036075161898071577, 0.24298399609737822], [0.5188179121084164, 0.1745746266527949, 0.02592605134142183, 0.28068140989736723], [0.21006322432544045, 0.0115401805113521, 0.7452031720945372, 0.03319342306867061], [0.17760431204885754, 0.40388164970442364, 0.03942503029561598, 0.3790890079511026], [0.7311767032337322, 0.059165587057796475, 0.008457947323021728, 0.2011997623854496], [0.7847735382593615, 0.13204643871358945, 0.005403549012262103, 0.077776474014787], [0.2738607273356916, 0.344273148335775, 0.20105580270407347, 0.18081032162445987], [0.16683000657791994, 0.3189442150319489, 0.3651012393006783, 0.14912453908945295], [0.04411515851562475, 0.6515170976131739, 0.21401503671132133, 0.09035270715988016], [0.2206058890616862, 0.29263647027278383, 0.02666217107483253, 0.46009546959069725], [0.2640477415510814, 0.1409587541304539, 0.12067313632875316, 0.47432036798971144], [0.051566809115830815, 0.584782439762543, 0.30977766351321545, 0.05387308760841071], [0.2934210281521906, 0.38119567318525976, 0.13315390465286353, 0.19222939400968586], [0.2540711502162108, 0.5609197722723965, 0.05356514838877843, 0.13144392912261407], [0.5367035090013488, 0.22559464271327345, 0.032404769371571, 0.20529707891380675], [0.20889724406533036, 0.16870473312632117, 0.15754126234485136, 0.46485676046349705], [0.7926000946953848, 0.15597968545077187, 0.0010976209416525716, 0.05032259891219075], [0.10983250487508267, 0.1121059391509568, 0.3445121564693631, 0.43354939950459764], [0.23448859199021654, 0.09003555537438028, 0.010914629459759531, 0.6645612231756438], [0.864940316080553, 0.036425461838327705, 0.0012752626042048265, 0.09735895947691428], [0.28576351271256545, 0.30631670185327303, 0.007372450117867008, 0.4005473353162948], [0.623856732241154, 0.09256026784388187, 0.0978573100618481, 0.18572568985311608], [0.03518560509309273, 0.3303424406229819, 0.0813681253482309, 0.5531038289356945], [0.42072464894463163, 0.4273230399570527, 0.11207203454981315, 0.03988027654850255], [0.12282403734817995, 0.7714329876377122, 0.02408212009176236, 0.08166085492234543], [0.8191783448525621, 0.004106315217847373, 0.001997982605079415, 0.1747173573245109], [0.6089558541379696, 0.22337957972551561, 0.013743146071945581, 0.15392142006456935], [0.6205194729257385, 0.07056219318835931, 0.0006932943844565977, 0.3082250395014452], [0.09622782569240845, 0.5125208111864997, 0.2125637297704752, 0.17868763335061677], [0.032582158361212615, 0.36403404783582066, 0.39113153809083145, 0.21225225571213543], [0.5004577055196795, 0.06731572312643928, 0.013461582354868433, 0.41876498899901293]]}, "rewritten": {"ids": ["97106591", "97106970", "97107040", "97107681", "97109080", "97114170", "97116790", "98106560", "98107380", "98108370", "98108520", "98108970", "98109311", "98112580", "98116500", "99107300", "99107950", "99109161", "99109311", "99109740", "99109860", "99113260", "99114890", "100108260", "100109801", "100110260", "100113210", "100117420", "100120010", "100120780", "101108950", "101109000", "102109010", "102109910", "102111990", "102112030", "103110760", "103111110", "103111480", "103111540", "103111620", "103111830", "103113101", "103113170", "103113270", "103113640", "103117461", "103120290", "104110960", "104111380", "104111990", "104113170", "104114240", "104117200", "104118070", "105110091", "105112260", "105113190", "105113440", "105115900", "105117431", "105118740", "105120621", "106112770", "106113260", "106116120", "106116370", "106117770", "106118820", "106119260", "107114321", "107114490", "107115140", "107116300", "107118120", "107118820", "108113700", "108116120", "108118060", "108118291", "108119550", "108120060", "108121351", "109113281", "109113591", "109115211", "109117431", "110113931", "110114321", "110114950", "110116170", "110117110", "110118121", "110118161", "110118301", "110118450", "110118810", "110119300", "110120640", "110121140", "110121450", "111114321", "111115910", "111116100", "111116110", "111116411", "111116530", "111118810", "111119150", "111119250", "111119930", "111120190", "111120320", "111120591", "111121220", "111121410", "112116800", "112116850", "112116880", "112116990", "112118581", "112118820", "112119120", "112119320", "112119950", "112119980", "112120630", "112121010", "112121360", "112121410", "113118511", "113118690", "113119700", "113119950", "113120260", "113120531", "113120540", "113120640", "113121220", "113121680", "113122220", "113122320"], "labels": [1, 2, 2, 3, 2, 2, 2, 1, 1, 1, 2, 3, 1, 2, 2, 3, 1, 3, 1, 3, 2, 0, 2, 3, 0, 3, 0, 2, 0, 1, 2, 1, 1, 2, 2, 2, 1, 3, 0, 1, 0, 3, 3, 3, 2, 1, 0, 2, 2, 3, 2, 3, 0, 3, 2, 0, 3, 3, 0, 3, 1, 1, 1, 1, 3, 1, 2, 0, 3, 1, 0, 3, 0, 0, 3, 3, 0, 1, 1, 3, 1, 1, 3, 0, 3, 0, 1, 1, 1, 0, 0, 0, 3, 0, 1, 0, 1, 1, 0, 3, 3, 1, 2, 3, 3, 0, 3, 0, 3, 1, 1, 3, 1, 1, 3, 0, 0, 0, 0, 0, 1, 0, 1, 1, 0, 0, 3, 2, 3, 0, 1, 3, 0, 0, 3, 0, 3, 0, 3, 1, 1, 1], "predicted_labels": [1, 2, 1, 1, 1, 1, 1, 1, 2, 3, 1, 2, 1, 1, 3, 0, 1, 0, 3, 1, 1, 0, 1, 1, 0, 0, 1, 3, 3, 0, 3, 1, 1, 3, 3, 1, 3, 1, 0, 3, 3, 3, 1, 1, 3, 0, 1, 1, 1, 3, 1, 3, 3, 1, 3, 0, 1, 3, 1, 2, 1, 3, 0, 1, 1, 3, 0, 3, 1, 3, 0, 3, 3, 1, 3, 3, 3, 0, 3, 0, 1, 1, 1, 0, 3, 0, 3, 0, 1, 3, 1, 1, 3, 1, 1, 1, 3, 1, 3, 1, 3, 1, 1, 1, 1, 0, 3, 0, 1, 3, 3, 3, 3, 0, 3, 0, 1, 3, 1, 3, 2, 1, 3, 3, 0, 1, 3, 3, 1, 0, 1, 3, 1, 3, 3, 1, 1, 0, 0, 3, 1, 1], "confidence_scores": [[0.37373324764599997, 0.2993525360620576, 0.09113357929145982, 0.23578063700048277], [0.008411403191607993, 0.10972387016541753, 0.8147242676431501, 0.06714045899982446], [0.3277666724099247, 0.23853998841693239, 0.2701500078231685, 0.16354333134997448], [0.3035447599934483, 0.3342454850927552, 0.11225279146032993, 0.2499569634534666], [0.049124842316540865, 0.5581875997339277, 0.10719086535811703, 0.2854966925914146], [0.0850714943482046, 0.4838502711863246, 0.2522255430137697, 0.17885269145170088], [0.06652593713231165, 0.5201242043057898, 0.3842489029414525, 0.02910095562044599], [0.12804976240668292, 0.5116996159631938, 0.224810009855477, 0.13544061177464625], [0.04678510851848732, 0.00955090978953893, 0.9251635875503623, 0.018500394141611625], [0.09701597244552972, 0.11026113217658304, 0.45411555179740243, 0.33860734358048483], [0.3438565299495204, 0.3163749183418812, 0.22980814718165485, 0.10996040452694339], [0.026293643686295616, 0.19862579230348196, 0.6807624013627165, 0.09431816264750577], [0.48422361437498224, 0.3885444509021755, 0.01015144782221771, 0.11708048690062466], [0.07401364004466014, 0.5268011834437548, 0.2363268308631633, 0.16285834564842205], [0.46527592490742603, 0.09415542489193397, 0.01353459914094434, 0.4270340510596959], [0.8151869759216387, 0.012786901840871681, 0.006695745096877998, 0.16533037714061166], [0.004373521372930761, 0.339479830304923, 0.6470654179735289, 0.009081230348617082], [0.6195114199858909, 0.3393019135754158, 0.014379673660656182, 0.02680699277803725], [0.26676002316427866, 0.26343033600478644, 0.11253823317363107, 0.35727140765730375], [0.08628019845689937, 0.5439406863790679, 0.1196852009667506, 0.25009391419728233], [0.14857335473955377, 0.44976903302290333, 0.35794293858340137, 0.04371467365414139], [0.34028903025699964, 0.20780506896553527, 0.2536848959033529, 0.1982210048741121], [0.06520162258018758, 0.22415985594455562, 0.572064369701104, 0.13857415177415314], [0.30864739470077746, 0.32245029218045995, 0.1718744894953847, 0.19702782362337742], [0.6252181487092121, 0.15576841571539232, 0.03077959465231014, 0.18823384092308523], [0.8275441012279833, 0.08441709648370838, 0.004454884024973216, 0.08358391826333521], [0.2303590919457109, 0.34994744036296105, 0.2259128895854278, 0.19378057810590044], [0.08867569876799528, 0.1270574073420423, 0.3880528781055581, 0.39621401578440446], [0.03261588629764883, 0.21931744758163801, 0.4139992333543992, 0.33406743276631395], [0.7413742294067517, 0.15352195943873495, 0.03660076969462455, 0.06850304145988864], [0.11251161510945533, 0.30328747631648906, 0.056799648196244064, 0.5274012603778118], [0.278086259660079, 0.5207799159546526, 0.027814546374541928, 0.1733192780107266], [0.03691785042200374, 0.4315860369278536, 0.1882683734151948, 0.3432277392349477], [0.4052949755194493, 0.061328006590038904, 0.17722934472886048, 0.3561476731616514], [0.24876492915884624, 0.0930294864918302, 0.06270169039155447, 0.5955038939577689], [0.02674788601106213, 0.24785475910050325, 0.6559681420870513, 0.06942921280138337], [0.3408490165706909, 0.1365342874694938, 0.06399386080646986, 0.4586228351533455], [0.20125094753899322, 0.6155155329728496, 0.09354737068707204, 0.08968614880108475], [0.5301036417413304, 0.373453846733706, 0.010885341740439225, 0.08555716978452438], [0.3861368249070759, 0.033193031722361585, 0.18664730201735594, 0.39402284135320637], [0.09076851725331912, 0.30382070867161576, 0.11577344784376159, 0.48963732623130357], [0.42155143817603685, 0.05477600081451109, 0.026618271317880447, 0.4970542896915714], [0.18455392167247903, 0.46775396636410466, 0.10331163506138623, 0.24438047690203046], [0.04460481042685956, 0.6991869543009145, 0.18707785163929655, 0.06913038363292937], [0.12042518095120631, 0.061856927965491755, 0.3548248427614761, 0.4628930483218258], [0.976699700024529, 0.009885817690944302, 0.0007057726433477314, 0.012708709641179185], [0.3095292379697046, 0.33992131721429664, 0.10143237979117732, 0.24911706502482164], [0.05046302236567832, 0.3160173139423878, 0.47803367108299133, 0.15548599260894247], [0.061833149819154234, 0.45945852020415107, 0.3186689757134874, 0.16003935426320753], [0.31004169626056416, 0.21205539374534155, 0.08489303402098591, 0.3930098759731082], [0.0711276993515553, 0.6222490334058288, 0.20768729312344025, 0.09893597411917553], [0.05178297634812716, 0.07849595808320915, 0.3817282433500664, 0.4879928222185975], [0.28853071330818236, 0.27658218497090076, 0.06822568060144206, 0.36666142111947453], [0.09138164840096522, 0.5962438012403007, 0.112009746601942, 0.20036480375679222], [0.21989849501166872, 0.2621570026443396, 0.19368008388521535, 0.3242644184587761], [0.4471059543520443, 0.16216644886182283, 0.2300978666067079, 0.16062973017942514], [0.01195713725723884, 0.8248159482645405, 0.06329569796559735, 0.09993121651262334], [0.24475820719120234, 0.05745007374320724, 0.005323793404664133, 0.6924679256609265], [0.17856665469306315, 0.3213317042952496, 0.30648117260712976, 0.19362046840455738], [0.27900617083941015, 0.08644009098756321, 0.5030837411800693, 0.13146999699295772], [0.033929352355201364, 0.49327692184002114, 0.3572839235901749, 0.11550980221460279], [0.10678030098400693, 0.29714599801289354, 0.07874032448207709, 0.5173333765210223], [0.7792322601222522, 0.0242730114042102, 0.0014071839920531128, 0.19508754448148452], [0.1016982333716382, 0.2516596436389244, 0.5622818382526056, 0.08436028473683188], [0.07577674160743793, 0.4887597553172915, 0.1856988045131412, 0.24976469856212954], [0.26034852466824454, 0.14822088409034173, 0.4275554586480222, 0.1638751325933915], [0.630368454919681, 0.035806040853095356, 0.1401937337237489, 0.19363177050347485], [0.11917451247120217, 0.01810996769323167, 0.07513619031812417, 0.7875793295174421], [0.05021297681004076, 0.35361915939234306, 0.41843833198162805, 0.17772953181598813], [0.3217278956989504, 0.04157535200906541, 0.23075850548552654, 0.40593824680645785], [0.816852808800034, 0.160654652965903, 0.0019722225512453346, 0.020520315682817616], [0.0314679016879224, 0.14570155152303194, 0.43361332094592164, 0.3892172258431239], [0.39308666338456266, 0.011186159873425507, 0.0028427726294346298, 0.5928844041125774], [0.10440492249616284, 0.6534046367892962, 0.11968886387528464, 0.12250157683925615], [0.4387261327472161, 0.1850226657135521, 0.03555133817395586, 0.34069986336527563], [0.026692067731401044, 0.3330050218456834, 0.21521112355760755, 0.42509178686530813], [0.019198393004853313, 0.3259300332002702, 0.24568559938220935, 0.40918597441266724], [0.5801506303233623, 0.057278619453157494, 0.04126094852984083, 0.3213098016936394], [0.23650819346572546, 0.08413472227821038, 0.11384878448658312, 0.565508299769481], [0.6423612730693757, 0.16158617897476668, 0.0008355160255708591, 0.19521703193028667], [0.046300855635728215, 0.5500914200004965, 0.058546743428087356, 0.3450609809356883], [0.22484925612812226, 0.6244823329672474, 0.08051636192352966, 0.07015204898110089], [0.33805919602646284, 0.5035233482390742, 0.01522013981035464, 0.1431973159241085], [0.4438074673664475, 0.13378102723738777, 0.2214829433732933, 0.20092856202287157], [0.2665241820270231, 0.31610435469845166, 0.017740251245745072, 0.39963121202878044], [0.7777881061557308, 0.053788165277530796, 0.05325140214634115, 0.11517232642039713], [0.3625892979208117, 0.1632621916964929, 0.05751695491540377, 0.41663155546729186], [0.43215311922069055, 0.2910260390703363, 0.0716368006284719, 0.20518404108050103], [0.16618910226172792, 0.4751860077195916, 0.1850629945587566, 0.17356189545992387], [0.19324999054991798, 0.20812349277353748, 0.0640453071810121, 0.5345812094955325], [0.18976933212492816, 0.6996059677357792, 0.013390252989964801, 0.09723444714932762], [0.3611137965630617, 0.391786507596329, 0.1751414634863451, 0.07195823235426428], [0.22339541156176138, 0.20990128763700316, 0.024156794439579368, 0.5425465063616559], [0.3534472605887543, 0.43128910935698656, 0.03482958864732124, 0.18043404140693825], [0.33092854656524906, 0.3648764653527203, 0.09077641517043819, 0.21341857291159214], [0.04324935917222255, 0.8889912614751817, 0.015938564947261764, 0.05182081440533407], [0.3217161858025614, 0.2300445992838467, 0.045798479579994056, 0.40244073533359764], [0.37530363847737946, 0.3540723080384383, 0.004732964948289686, 0.26589108853589244], [0.16731297015354765, 0.11591288042996618, 0.12987479434843452, 0.5868993550680516], [0.10996109261700236, 0.27508428949619046, 0.42825555125352976, 0.18669906663327762], [0.19838334219574388, 0.3436450473052085, 0.018446977610135543, 0.43952463288891236], [0.1814812720370433, 0.5610534407856101, 0.05849571512319022, 0.19896957205415647], [0.03722125246072812, 0.7302544065403559, 0.096804238450204, 0.1357201025487122], [0.23138308183444675, 0.5541676087800512, 0.00636390257927863, 0.20808540680622378], [0.11928399225874792, 0.44227193740395543, 0.04588129346070333, 0.39256277687659363], [0.6352566407803563, 0.00485449636120427, 0.01632257803602748, 0.343566284822412], [0.2142485810630504, 0.1329833728651973, 0.3728949185375666, 0.27987312753418575], [0.45870641613592955, 0.3094637411340211, 0.02824430167466291, 0.20358554105538654], [0.22279963441185036, 0.4634030309246524, 0.012158042628832091, 0.3016392920346652], [0.18804914845148082, 0.13812761490536365, 0.3089192135315369, 0.3649040231116186], [0.06073902909768262, 0.3072013486730313, 0.2570360257522248, 0.37502359647706146], [0.3246665109148, 0.03152206516415539, 0.062345369723966114, 0.5814660541970789], [0.4710748400162087, 0.06657657784908923, 0.06760313900833756, 0.39474544312636445], [0.9431778510314606, 0.025685767137366415, 0.00014119101892460313, 0.030995190812248278], [0.23803770025977666, 0.18079260885402193, 0.04343736932693304, 0.5377323215592683], [0.7377855352388445, 0.1714449021087782, 0.002140921257711319, 0.08862864139466603], [0.13531376050147192, 0.3109060771786311, 0.4291482877860024, 0.12463187453389461], [0.3206693110640869, 0.28360999188066666, 0.06086826929263444, 0.33485242776261204], [0.09915130305866715, 0.2771868780661027, 0.3703846438656641, 0.2532771750095663], [0.1560477673089592, 0.014373214011179667, 0.2259126674475477, 0.6036663512323134], [0.05191823332716004, 0.16364947256487497, 0.7171763231887558, 0.06725597091920936], [0.11797900933440436, 0.685158903565801, 0.04047803292552375, 0.15638405417427084], [0.10146818831001943, 0.0812890622510301, 0.13096479827129737, 0.6862779511676531], [0.025333876742319066, 0.27085172246604355, 0.25577800497773456, 0.44803639581390253], [0.6559643260260128, 0.053335544987576075, 0.037535443157176746, 0.2531646858292345], [0.010732847520292051, 0.9187368844752404, 0.06251265675374854, 0.008017611250719106], [0.5359269266263651, 0.056420733813407675, 0.022846003812688236, 0.3848063357475392], [0.09612609079277178, 0.23684634114661776, 0.35152837906389534, 0.3154991889967152], [0.2702480104602682, 0.4465653158986359, 0.07958143964397024, 0.20360523399712593], [0.5014427767098419, 0.2206819932933685, 0.10619516744341065, 0.1716800625533789], [0.09836044654302407, 0.6303151687895423, 0.08680677525440803, 0.1845176094130258], [0.03182497150539324, 0.08365772017311089, 0.43607336017351195, 0.4484439481479839], [0.06373707299588756, 0.6279635908435979, 0.11304866172692217, 0.19525067443359262], [0.52942070953393, 0.034444622975242645, 0.02290515003615503, 0.4132295174546726], [0.25296189521444673, 0.10719318380569973, 0.10613826546600828, 0.5337066555138452], [0.3576769538185176, 0.4807720156144857, 0.02645625960665484, 0.1350947709603422], [0.12450146081149803, 0.6980357920238476, 0.014930695542833133, 0.16253205162182102], [0.43333333343526026, 0.15109837598448794, 0.10186075651293258, 0.31370753406731927], [0.5975457007660062, 0.19292317972022546, 0.05393479556164739, 0.15559632395212095], [0.232160356101057, 0.23025500772193763, 0.1287954365343048, 0.40878919964270033], [0.08434558580590147, 0.6430860989577949, 0.18661041710613863, 0.08595789813016536], [0.17568963318835476, 0.4434475101661263, 0.01811484659439536, 0.36274801005112356]]}}