{"test": {"ids": ["101109370", "109117600", "98116940", "108120060", "107115250", "106111321", "107120130", "106115240", "101110200", "107113170", "97112300", "104111830", "99107660", "110114321", "97112290", "112117431", "112117580", "113121750", "105116980", "110121720", "105113170", "106118520", "102113981", "109120540", "113119120", "109117150", "101112690", "100108580", "113118490", "110116501", "109116040", "98110680", "98111231", "113122190", "97107950", "105114220", "108118301", "113122650", "113122170", "102112030", "98108150", "111115770", "104111880", "112118161", "113121220", "111115400", "112121430", "111120640", "97108520", "97114170", "106113170", "102116340", "113121680", "113119340", "105116650", "107121540", "111119250", "107114140", "99117740", "106114011", "113122120", "103109641", "112118530", "104111550", "109114651", "112116501", "105111990", "112120700", "97106970", "112118550", "103110050", "112117790", "103111620", "112116451", "101114020", "113118620", "97116500", "103113610", "109120150", "112120290", "108121160", "101111310", "111116040", "102109850", "100111620", "98111670", "107119950", "113118810", "112120630", "104114410", "101117580", "101112160", "109116750", "104118340", "101108121", "108115070", "98107210", "108121410", "100116500", "113120260", "105118171", "106118161", "109121351", "110116290", "109114720", "112116880", "97110950", "109115070", "109114270", "108114180", "107121230", "111116010", "101108621", "108115870", "110114651", "113119360", "98120010", "113118231", "111121351", "100111080", "113122510", "111117120", "108113700", "110115710", "103120290", "100109330", "98113881", "102109010", "99108710", "109116810", "102121440", "98107010", "112118810", "102121700", "107117010", "104111531", "98109090", "111116530", "100112060", "99109860", "98120530", "99112641"], "labels": [1, 1, 2, 1, 2, 0, 2, 1, 2, 0, 2, 3, 3, 1, 1, 0, 0, 0, 0, 3, 0, 2, 1, 1, 3, 2, 1, 0, 1, 3, 0, 2, 1, 1, 2, 3, 1, 2, 1, 2, 0, 3, 3, 0, 3, 0, 2, 0, 2, 2, 0, 3, 1, 0, 1, 2, 1, 2, 2, 1, 1, 1, 1, 1, 3, 3, 2, 2, 2, 3, 3, 3, 0, 0, 3, 3, 2, 2, 2, 1, 2, 3, 0, 1, 3, 1, 3, 3, 3, 1, 3, 3, 0, 2, 0, 1, 1, 0, 2, 3, 3, 3, 0, 2, 0, 0, 3, 0, 3, 1, 0, 1, 0, 3, 3, 0, 2, 3, 0, 0, 2, 2, 0, 2, 2, 0, 3, 1, 2, 3, 2, 3, 3, 1, 1, 0, 1, 3, 2, 2, 1, 1], "predicted_labels": [1, 3, 1, 1, 1, 3, 1, 3, 1, 3, 0, 3, 0, 1, 1, 3, 3, 3, 1, 1, 3, 1, 1, 1, 3, 1, 3, 0, 0, 3, 3, 2, 0, 3, 1, 0, 0, 3, 1, 1, 1, 3, 3, 3, 3, 0, 3, 3, 1, 1, 1, 1, 3, 3, 1, 1, 3, 1, 0, 0, 1, 1, 1, 1, 3, 3, 3, 1, 1, 3, 1, 3, 1, 0, 1, 1, 1, 1, 1, 0, 1, 3, 3, 1, 1, 3, 1, 3, 3, 3, 3, 3, 1, 1, 0, 1, 3, 1, 0, 1, 1, 0, 1, 3, 1, 1, 3, 1, 3, 3, 1, 1, 3, 1, 3, 3, 1, 1, 1, 1, 1, 1, 0, 3, 1, 3, 1, 1, 1, 1, 1, 3, 1, 3, 3, 3, 3, 1, 1, 3, 3, 0], "confidence_scores": [[0.2395155677655678, 0.29529247419247434, 0.1913044455544455, 0.2738875124875124], [0.2655576423576424, 0.2764154678654679, 0.1694593129093129, 0.28856757686757695], [0.18040017760017768, 0.3915855200355198, 0.19189994449994455, 0.23611435786435797], [0.22455855810855818, 0.30832779442779445, 0.2161285603285604, 0.2509850871350871], [0.22128883338883348, 0.3548601509601511, 0.16461278721278727, 0.2592382284382286], [0.28650569430569417, 0.26372909312909326, 0.14308595848595856, 0.3066792540792541], [0.2160462315462317, 0.344910778110778, 0.16455853590853592, 0.2744844544344545], [0.2622216783216783, 0.29250142635142645, 0.15053679653679658, 0.29474009879009877], [0.19818706293706295, 0.30226231546231536, 0.21317135642135643, 0.2863792651792652], [0.2485432900432902, 0.2642175713175714, 0.18953945498945513, 0.2976996836496837], [0.28805680985681, 0.252350188700189, 0.2026698745698746, 0.2569231268731269], [0.20634380619380627, 0.298567143967144, 0.18245003885003896, 0.3126390109890112], [0.30272124264624267, 0.21433489843489845, 0.21545054112554116, 0.2674933177933178], [0.21996051448551457, 0.34234541847041844, 0.2007358030858031, 0.23695826395826391], [0.26800079365079377, 0.2799959096459096, 0.1970729437229437, 0.254930352980353], [0.23143840081487144, 0.2870660894660895, 0.1714051778287073, 0.31009033189033186], [0.2567272727272728, 0.27018594738594737, 0.1397093073593074, 0.33337747252747263], [0.2438018259518262, 0.3099769563769563, 0.13371635586635588, 0.312504861804862], [0.25796199911199913, 0.3265000111000111, 0.14152903207903217, 0.2740089577089578], [0.210514208014208, 0.3572730103230103, 0.1907899473075944, 0.24142283435518747], [0.23407625707625707, 0.2658238095238097, 0.17232106782106782, 0.32777886557886565], [0.2712746276599219, 0.31607440337440346, 0.16240931258284205, 0.25024165638283297], [0.2680529637029638, 0.2719952380952381, 0.22512554112554128, 0.2348262570762572], [0.2480559471574178, 0.29792339882339874, 0.18915483927836865, 0.2648658147408148], [0.21851588411588418, 0.2466610805860806, 0.18658147963147956, 0.34824155566655557], [0.2404763125763127, 0.28572250527250515, 0.1888149683649685, 0.2849862137862138], [0.21788609723609736, 0.27891801531801536, 0.21902178932178928, 0.28417409812409816], [0.3159983183483184, 0.24735216450216452, 0.21759403929403934, 0.2190554778554779], [0.2825582695082696, 0.2617342213342214, 0.17544847374847394, 0.28025903540903546], [0.27507473914973923, 0.266595462870463, 0.12906699134199137, 0.32926280663780655], [0.19562408147408153, 0.3182419857919858, 0.1654037740037741, 0.32073015873015887], [0.24231827616827625, 0.24677092352092353, 0.2866299922299922, 0.2242808080808082], [0.36092400377400347, 0.2325260406260407, 0.162265750915751, 0.24428420468420484], [0.23887581307581313, 0.25373552003552025, 0.23188951048951045, 0.27549915639915656], [0.25252558585205664, 0.28175772724008025, 0.19644971531736244, 0.26926697159050106], [0.32869784659784645, 0.2624891497391499, 0.1398991508491509, 0.2689138528138529], [0.29306719391719377, 0.28987022422022424, 0.16376435508935522, 0.2532982267732268], [0.20349685314685317, 0.30610721500721505, 0.1695346042846044, 0.3208613275613276], [0.2050510822510824, 0.3030311355311357, 0.22073275613275609, 0.271185026085026], [0.24155653790653803, 0.29813510933510934, 0.1823566156066156, 0.2779517371517372], [0.2138957653457654, 0.3206193980855747, 0.18637644496026853, 0.2791083916083916], [0.27126893106893113, 0.2363973692973694, 0.17674486069486073, 0.3155888389388391], [0.19853410478410485, 0.3052194666444667, 0.18086838439338448, 0.3153780441780442], [0.2932888892153597, 0.24171944444444451, 0.15410230847583792, 0.3108893578643578], [0.22408421578421586, 0.2770041902541903, 0.2033927183927185, 0.2955188755688756], [0.3045626623376623, 0.25226673881673894, 0.18274579309579325, 0.260424805749806], [0.2629133311133312, 0.2847218226218227, 0.15828760683760693, 0.29407723942723935], [0.2547425685425685, 0.28848598068598086, 0.16372458097458098, 0.2930468697968699], [0.26614622599622595, 0.2729216450216452, 0.18895002220002233, 0.2719821067821069], [0.2413057276057276, 0.31026776165011466, 0.19483411425176145, 0.2535923964923967], [0.23447438672438692, 0.33513397713397713, 0.12021784881784887, 0.3101737873237874], [0.1868394660894662, 0.3455156787656788, 0.23716613941613945, 0.2304787157287157], [0.21550569789687432, 0.2728075036075037, 0.21205573251698576, 0.2996310659786363], [0.2982457875457876, 0.2625763625263626, 0.1314799866799868, 0.30769786324786336], [0.26981673881673884, 0.28226742424242424, 0.1871290234275529, 0.2607868135132843], [0.23205098790098797, 0.3217178210678212, 0.16965752580752597, 0.27657366522366517], [0.1798261405261406, 0.2758097402597403, 0.2599356421356422, 0.28442847707847707], [0.22100240902887977, 0.36126962481962477, 0.14978863881216828, 0.26793932733932746], [0.2754517316017316, 0.25384790764790777, 0.1954576035076034, 0.27524275724275726], [0.28784658870541213, 0.2817006806918572, 0.17872784437784445, 0.2517248862248864], [0.27029864857364866, 0.30399530192030205, 0.1541828948828949, 0.2715231546231548], [0.2262370851370851, 0.29222188367188373, 0.18968770673770677, 0.2918533244533245], [0.19313311688311705, 0.41382178377178386, 0.19896416916416923, 0.19408093018093028], [0.22002635420135433, 0.33489694472194476, 0.18449102009102017, 0.2605856809856813], [0.2786892107892109, 0.2270762459762459, 0.17756027387645043, 0.31667426935809295], [0.2677697580197581, 0.25819025419025426, 0.1498308469308469, 0.3242091408591411], [0.2863857753357753, 0.24646892551892569, 0.13977181152181156, 0.32737348762348745], [0.20811391941391952, 0.3067717893217894, 0.18472469752469756, 0.3003895937395938], [0.22771885369532444, 0.2916256632256632, 0.2085894491129786, 0.27206603396603407], [0.2559995670995672, 0.24776253191253192, 0.1464339826839827, 0.34980391830391827], [0.1951685925185926, 0.35145194250194256, 0.1978686202686203, 0.2555108447108448], [0.2717914464620347, 0.25291560824796133, 0.17437237207237216, 0.3009205732176321], [0.2309410109498346, 0.3339886371798138, 0.17639458874458883, 0.25867576312576307], [0.3254296318061024, 0.2896934010434011, 0.12800285241074721, 0.2568741147397494], [0.2737744699744699, 0.2764153457653458, 0.2069646187146188, 0.24284556554556558], [0.2407351870351872, 0.31349125874125877, 0.16268557457035726, 0.283087979653197], [0.24218638583638594, 0.2706065656565659, 0.21690235875235886, 0.27030468975468996], [0.2539589910089911, 0.2902208513708514, 0.22216126096126107, 0.23365889665889666], [0.22574653124653135, 0.3039237762237763, 0.18580692640692645, 0.2845227661227663], [0.2585988733488735, 0.2395940614940616, 0.2542857087357088, 0.24752135642135648], [0.2381921624127508, 0.3049964607288137, 0.1700749084249085, 0.2867364684335273], [0.2598342490842492, 0.2917866883116883, 0.13921393883893884, 0.30916512376512384], [0.2713828632152162, 0.26862988906518326, 0.16681717889953196, 0.2931700688200688], [0.24743313908313913, 0.3232380341880343, 0.18288381063381054, 0.24644501609501615], [0.27505308025308034, 0.2818274170274171, 0.19178256188256196, 0.25133694083694086], [0.26652676767676764, 0.2554708014208015, 0.18935433455433454, 0.28864809634809624], [0.2207038017538018, 0.3169006271506271, 0.1796340427688254, 0.28276152832674584], [0.2571526695526698, 0.28098217893217886, 0.15827525252525257, 0.303589898989899], [0.25467702852702856, 0.2831538239538241, 0.17031876326288095, 0.2918503842562667], [0.2846775197025197, 0.24539384504384512, 0.15773595293595305, 0.3121926823176822], [0.28389550449550455, 0.25060775890775905, 0.15921268176268183, 0.30628405483405474], [0.21908489843489862, 0.26682763347763366, 0.20483196248196256, 0.30925550560550563], [0.24493463203463214, 0.34195411255411245, 0.1407513486513487, 0.27235990675990696], [0.18932861582861588, 0.37884213564213565, 0.17410584415584415, 0.2577234043734046], [0.30041139971139963, 0.2819375901875903, 0.1600664502164503, 0.25758455988455997], [0.21767049062049063, 0.32893732933732933, 0.18090834165834174, 0.27248383838383844], [0.24400763158410224, 0.26015735653235655, 0.23101591708944647, 0.2648190947940948], [0.25286010101010103, 0.33315411255411237, 0.17862857142857153, 0.2353572150072152], [0.28247369297369296, 0.2693710844710846, 0.1784328560328562, 0.26972236652236664], [0.20898484848484852, 0.2837457059280589, 0.22796735323500034, 0.2793020923520924], [0.273605488955489, 0.3320823878735643, 0.12811072360432976, 0.26620139956661704], [0.2850852397602399, 0.27323909978909977, 0.17110069097569108, 0.27057496947496956], [0.2661091464091467, 0.32033956876456854, 0.16160606060606064, 0.2519452242202243], [0.2445403513153514, 0.2522605255855257, 0.19389456099456095, 0.3093045621045621], [0.17944081474081477, 0.32280805860805867, 0.21906889776889793, 0.2786822288822289], [0.2105350704850706, 0.3600616966366967, 0.18531304528804524, 0.24409018759018772], [0.2973316239316238, 0.2404612332112331, 0.1336120490620491, 0.3285950937950937], [0.22970959204194508, 0.36026892633510277, 0.1608906374671082, 0.2491308441558442], [0.20386901040136343, 0.25216961600491017, 0.2191493078816609, 0.3248120657120656], [0.19294990009990012, 0.2568545177045177, 0.16619683649683653, 0.38399874569874565], [0.15762075147075152, 0.35177428682428674, 0.14605757575757586, 0.3445473859473861], [0.19345197025197036, 0.33494093684093673, 0.1974013153513154, 0.2742057775557778], [0.24122469752469758, 0.30565194805194806, 0.13533107448107456, 0.31779227994227993], [0.2606970640470641, 0.28035896880896893, 0.18052575757575767, 0.2784182095682095], [0.2246581474081474, 0.2804425574425576, 0.14520466102524937, 0.34969463412404583], [0.26508623598623604, 0.2757307720057721, 0.17038558108558108, 0.28879741092241107], [0.23565778388278408, 0.2878243145743145, 0.19309019591519588, 0.28342770562770575], [0.2644771581359819, 0.28808158899923597, 0.16950369875222812, 0.2779375541125542], [0.2614356421356422, 0.31358076368076376, 0.1747882783882784, 0.25019531579531584], [0.2575454767454769, 0.30106307581307573, 0.17440907980907983, 0.2669823676323677], [0.21095513375513378, 0.3272881895881896, 0.21618284493284495, 0.2455738317238317], [0.2125799189372719, 0.30573965707495115, 0.1931997602071131, 0.28848066378066367], [0.3048507606772312, 0.24710809745809764, 0.17259823477176423, 0.2754429070929071], [0.21471731046731057, 0.29371144966144963, 0.17138474303474305, 0.32018649683649686], [0.21998623043623045, 0.267439416139416, 0.2536342213342214, 0.25894013209013206], [0.24218773448773454, 0.2956718004218005, 0.15934299589299597, 0.30279746919746936], [0.21788629148629157, 0.28966313131313126, 0.22250259740259745, 0.26994797979797996], [0.22791931956931968, 0.3234037815126051, 0.19441002135119792, 0.2542668775668777], [0.2245219474969475, 0.3450114940614941, 0.15792318873936523, 0.2725433697021934], [0.255784670884671, 0.3145289599289599, 0.14943309468309476, 0.2802532745032745], [0.2237791403041404, 0.30372058497058496, 0.20317985625485632, 0.2693204184704186], [0.23997768897768906, 0.28803959373959376, 0.16519925074925085, 0.3067834665334664], [0.23463116328116332, 0.3476678543678544, 0.12616226551226556, 0.29153871683871696], [0.26328705738705743, 0.25299150849150853, 0.19818603063603069, 0.28553540348540357], [0.21313720723720742, 0.2821087579087579, 0.2039926351426352, 0.3007613997113998], [0.26533457653457665, 0.28476287601287587, 0.15116262626262625, 0.2987399211899212], [0.21911265401265403, 0.2928851065601067, 0.17650977355977363, 0.31149246586746593], [0.2345226939726941, 0.3452873737373735, 0.1598209512709513, 0.2603689810189811], [0.2539429070929071, 0.27600059385059394, 0.19720393495393507, 0.27285256410256414], [0.2138587801087802, 0.29918830613830605, 0.18229986124986133, 0.3046530525030527], [0.2275701243201243, 0.2793808080808082, 0.1832202991452992, 0.30982876845376855], [0.3079312798312798, 0.24663068598068605, 0.17691716061716067, 0.2685208735708736]]}, "rewritten": {"ids": ["97106970", "97107950", "97108520", "97110950", "97112290", "97112300", "97114170", "97116500", "98107010", "98107210", "98108150", "98109090", "98110680", "98111231", "98111670", "98113881", "98116940", "98120010", "98120530", "99107660", "99108710", "99109860", "99112641", "99117740", "100108580", "100109330", "100111080", "100111620", "100112060", "100116500", "101108121", "101108621", "101109370", "101110200", "101111310", "101112160", "101112690", "101114020", "101117580", "102109010", "102109850", "102112030", "102113981", "102116340", "102121440", "102121700", "103109641", "103110050", "103111620", "103113610", "103120290", "104111531", "104111550", "104111830", "104111880", "104114410", "104118340", "105111990", "105113170", "105114220", "105116650", "105116980", "105118171", "106111321", "106113170", "106114011", "106115240", "106118161", "106118520", "107113170", "107114140", "107115250", "107117010", "107119950", "107120130", "107121230", "107121540", "108113700", "108114180", "108115070", "108115870", "108118301", "108120060", "108121160", "108121410", "109114270", "109114651", "109114720", "109115070", "109116040", "109116750", "109116810", "109117150", "109117600", "109120150", "109120540", "109121351", "110114321", "110114651", "110115710", "110116290", "110116501", "110121720", "111115400", "111115770", "111116010", "111116040", "111116530", "111117120", "111119250", "111120640", "111121351", "112116451", "112116501", "112116880", "112117431", "112117580", "112117790", "112118161", "112118530", "112118550", "112118810", "112120290", "112120630", "112120700", "112121430", "113118231", "113118490", "113118620", "113118810", "113119120", "113119340", "113119360", "113120260", "113121220", "113121680", "113121750", "113122120", "113122170", "113122190", "113122510", "113122650"], "labels": [2, 2, 2, 3, 1, 2, 2, 2, 3, 1, 0, 1, 2, 1, 1, 3, 2, 2, 1, 3, 2, 2, 1, 2, 0, 0, 0, 3, 2, 2, 0, 0, 1, 2, 3, 3, 1, 3, 3, 1, 1, 2, 1, 3, 2, 1, 1, 3, 0, 2, 2, 0, 1, 3, 3, 1, 2, 2, 0, 3, 1, 0, 3, 0, 0, 1, 1, 3, 2, 0, 2, 2, 1, 3, 2, 0, 2, 0, 1, 1, 3, 1, 1, 2, 0, 3, 3, 0, 0, 0, 0, 3, 2, 1, 2, 1, 0, 1, 3, 2, 2, 3, 3, 0, 3, 1, 0, 3, 2, 1, 0, 0, 0, 3, 0, 0, 0, 3, 0, 1, 3, 3, 1, 3, 2, 2, 3, 1, 3, 3, 3, 0, 0, 3, 3, 1, 0, 1, 1, 1, 2, 2], "predicted_labels": [3, 1, 1, 3, 3, 0, 1, 1, 1, 3, 1, 3, 1, 0, 3, 0, 1, 3, 3, 0, 1, 1, 0, 0, 0, 1, 1, 1, 1, 0, 0, 1, 1, 3, 1, 3, 1, 0, 0, 1, 1, 1, 1, 1, 1, 0, 3, 1, 1, 1, 1, 3, 1, 1, 3, 3, 1, 3, 3, 0, 1, 1, 1, 3, 3, 1, 3, 1, 1, 1, 1, 1, 1, 1, 1, 3, 1, 0, 3, 1, 0, 0, 1, 1, 1, 3, 0, 3, 1, 3, 1, 1, 3, 3, 1, 1, 1, 1, 3, 3, 3, 3, 1, 0, 3, 1, 0, 1, 1, 1, 3, 1, 0, 3, 1, 1, 3, 3, 3, 1, 3, 1, 0, 3, 1, 3, 3, 0, 3, 1, 3, 3, 3, 3, 3, 3, 1, 1, 3, 3, 1, 1], "confidence_scores": [[0.25814239371739384, 0.27776367243867245, 0.15607741702741715, 0.30801651681651687], [0.23427501387501404, 0.30174063714063726, 0.17822778332778344, 0.28575656565656576], [0.26341082251082254, 0.30672831221066527, 0.175004665922313, 0.25485619935619935], [0.2843998501498503, 0.26848821733821726, 0.15617027417027426, 0.29094165834165847], [0.2760697635697637, 0.28680737040737053, 0.14686744921744924, 0.2902554168054169], [0.2849567876567878, 0.2712181762681763, 0.1803516428016428, 0.2634733932733933], [0.2422764513264514, 0.28294617604617606, 0.20401292596292603, 0.27076444666444677], [0.2685725191475192, 0.28514114219114234, 0.19168612498612503, 0.2546002136752138], [0.25552090132090144, 0.2959838383838385, 0.1887176268176268, 0.2597776334776335], [0.21626073403720478, 0.2755755383505383, 0.20447089968854676, 0.3036928279237101], [0.2311120157620158, 0.297234004884005, 0.1886830891330892, 0.28297089022089], [0.2356921189921191, 0.27402844655344666, 0.1987941104646987, 0.29148532398973565], [0.24681447996448014, 0.27387840492840504, 0.24323862248862246, 0.23606849261849283], [0.3283656704406703, 0.2621188311688312, 0.15042144244644245, 0.259094055944056], [0.24854866963102265, 0.2572833800186742, 0.18226819455054757, 0.31189975579975593], [0.2679957042957043, 0.2659528305028306, 0.2316043120278415, 0.23444715317362388], [0.20699450549450552, 0.3433531024531025, 0.18160997890997896, 0.2680424131424132], [0.27429241591741593, 0.2704518259518261, 0.16443613331113335, 0.29081962481962476], [0.2801999960823491, 0.27527623487623476, 0.15362462847609917, 0.290899140565317], [0.30965566378066395, 0.21319893994894, 0.22482548840048835, 0.25231990786990793], [0.22386330336330346, 0.32432455322455334, 0.14050896685014339, 0.3113031765620001], [0.22521522366522367, 0.29123445443445456, 0.21547660117660117, 0.2680737207237207], [0.29735267510267527, 0.2576767066267067, 0.184983966033966, 0.25998665223665235], [0.27086169386169384, 0.256660866910867, 0.21447140082140076, 0.2580060384060384], [0.28029656454656454, 0.24224333444333448, 0.22496987982777464, 0.25249022118232656], [0.2556402097902099, 0.2963171864083631, 0.15874571735454096, 0.28929688644688645], [0.23792905982905993, 0.30536413586413585, 0.18623945498945496, 0.27046734931734945], [0.27035543900543907, 0.283988628038628, 0.18585434565434575, 0.2598015873015873], [0.26377871572871586, 0.2814479520479522, 0.18334062049062053, 0.2714327117327118], [0.3012766400266398, 0.24237748917748936, 0.2019391885891887, 0.25440668220668233], [0.33615624375624376, 0.2731184648684648, 0.16225447330447335, 0.2284708180708181], [0.2428625430125432, 0.3133373182373184, 0.140129625929626, 0.30367051282051294], [0.23321340326340328, 0.3088588522588521, 0.16851679431679426, 0.28941095016095003], [0.21315817515817523, 0.2852506493506493, 0.20113199023199013, 0.3004591852591852], [0.24109343711843717, 0.3300989177489178, 0.16185772283272282, 0.2669499222999224], [0.23535330780330796, 0.26874199134199145, 0.20969095904095905, 0.2862137418137419], [0.20762411477411494, 0.3179743284493285, 0.20232410644910653, 0.2720774503274504], [0.2758771783771783, 0.2608204184704185, 0.2042180652680654, 0.2590843378843381], [0.3244877788877788, 0.22177914862914871, 0.14850721500721498, 0.30522585747585745], [0.23570204240204257, 0.3068256429844665, 0.20227155426273083, 0.25520076035076045], [0.21517303529803525, 0.33398277000777016, 0.19548233155733166, 0.25536186313686327], [0.24674502164502168, 0.3300657953157956, 0.17980598845598844, 0.24338319458319466], [0.2545424020424021, 0.294973903873904, 0.20809532689532687, 0.24238836718836732], [0.18169599844599862, 0.3722487456987457, 0.19386044511044512, 0.2521948107448108], [0.25080212010212016, 0.28475619103119104, 0.1978941419691422, 0.266547546897547], [0.2795098568098568, 0.27716315351315335, 0.1768623154623155, 0.26646467421467424], [0.24152606837606835, 0.2832251304251306, 0.1804647297147298, 0.29478407148407143], [0.23758304473304478, 0.33685346320346315, 0.1895557720057721, 0.23600772005772017], [0.24282360972360978, 0.30001827616827625, 0.17452292984792994, 0.2826351842601843], [0.2523178488178488, 0.28242007992007984, 0.22392039072039077, 0.24134168054168062], [0.2027700244200245, 0.2909401237651238, 0.24174239830218108, 0.264547453512671], [0.2713480685980687, 0.28258199578199583, 0.15888326118326118, 0.2871866744366745], [0.2081673881673883, 0.3148275752025753, 0.20411024531024533, 0.2728947913197914], [0.21601525141525146, 0.31609802419802424, 0.17264926739926748, 0.29523745698745707], [0.23843715728715723, 0.28808411196646505, 0.17971761963526678, 0.29376111111111114], [0.2802301753801754, 0.2840630869130869, 0.140442748917749, 0.29526398878898885], [0.18402128427128425, 0.32355865800865813, 0.20898831168831175, 0.283431746031746], [0.2823453712953714, 0.2567088245088246, 0.15318487068487077, 0.3077609335109334], [0.26938732378732394, 0.24305131535131555, 0.15796298146298154, 0.3295983793983793], [0.31228512598512587, 0.284525296925297, 0.13642045177045178, 0.2667691253191254], [0.24040197025197024, 0.29575415695415697, 0.20540491175491188, 0.2584389610389612], [0.27916631864867164, 0.31833963650728375, 0.13731424131424136, 0.2651798035298037], [0.2468693639693641, 0.3231895881895882, 0.15356731601731607, 0.2763737318237319], [0.2707861471861472, 0.24087231232819464, 0.18701544435956202, 0.3013260961260963], [0.21818922743922747, 0.30108463203463204, 0.1531400654900656, 0.32758607503607506], [0.2665455627705629, 0.27233412698412707, 0.22327328504828511, 0.2378470251970254], [0.2742235875235874, 0.2793840714840715, 0.1631896547896548, 0.28320268620268635], [0.24368888888888904, 0.3007435064935067, 0.16653578643578648, 0.2890318181818183], [0.25832128100657525, 0.320714985014985, 0.17275561072914028, 0.24820812324929967], [0.2737919802419804, 0.28491623654123654, 0.16011559274059273, 0.2811761904761905], [0.21874189144189152, 0.3400613553113552, 0.16590839160839163, 0.2752883616383617], [0.210410533910534, 0.30457356532356533, 0.19746849816849818, 0.2875474025974025], [0.20630568320568332, 0.2939304029304029, 0.2099306138306139, 0.2898333000333001], [0.2341384004884005, 0.325638961038961, 0.1573625707625708, 0.2828600677100677], [0.23244278499278515, 0.3214870851370851, 0.1656659673659674, 0.28040416250416245], [0.14457767493943974, 0.33661645021645026, 0.174874408924409, 0.3439314659197013], [0.23034219277454585, 0.31311911650441054, 0.16858634665987615, 0.2879523440611676], [0.3275411061161061, 0.24824485791985806, 0.17434575979575984, 0.24986827616827628], [0.20198614163614168, 0.26133174603174614, 0.2124473970473971, 0.3242347152847153], [0.22833948828948838, 0.32707972158560417, 0.1747133464574643, 0.2698674436674437], [0.28480295815295825, 0.28132628482628486, 0.1511865800865802, 0.2826841769341769], [0.307963009213009, 0.2538820845820848, 0.13321565656565668, 0.3049392496392497], [0.23745941835941847, 0.30226129426129444, 0.22668824508824528, 0.23359104229104236], [0.25093539516039537, 0.3141152597402598, 0.1485102231102231, 0.28643912198912186], [0.279511111111111, 0.30188860028860026, 0.15635954600954616, 0.2622407425907427], [0.19105460650460654, 0.25276031746031763, 0.20618845598845606, 0.3499966200466199], [0.3247751082251084, 0.2108596681096681, 0.17031529581529586, 0.2940499278499279], [0.19058451548451558, 0.2747643023643025, 0.19800729270729267, 0.33664388944388957], [0.23357925685425687, 0.3563633338883338, 0.18150002775002785, 0.22855738150738159], [0.20845331890331895, 0.2736655844155845, 0.18377532467532467, 0.33410577200577224], [0.2868639860139862, 0.33984133644133635, 0.13403780663780668, 0.23925687090687092], [0.21321107781107795, 0.32506225996225985, 0.16598458763458773, 0.29574207459207463], [0.24926377511377512, 0.29300287490287497, 0.15486738261738275, 0.3028659673659674], [0.25053062770562773, 0.27550052725052726, 0.17506747419247426, 0.2989013708513709], [0.25811285381285376, 0.32411529026529023, 0.15238427128427137, 0.2653875846375845], [0.24962036852036867, 0.3226020646020647, 0.15158893328893328, 0.2761886335886335], [0.27257753912753924, 0.31916515151515146, 0.14375964590964596, 0.26449766344766346], [0.25159879564879567, 0.3046961760461761, 0.19260712065712068, 0.2510979076479078], [0.24754005643479335, 0.256982167832168, 0.1485637952690585, 0.3469139804639805], [0.20887673992674005, 0.2922790431790432, 0.15843523143523142, 0.3404089854589855], [0.2403540043290044, 0.2436185175935177, 0.22427875457875454, 0.2917487234987235], [0.2826218642468644, 0.2734323898323898, 0.1414098151848153, 0.3025359307359307], [0.23115269730269739, 0.3594740315240316, 0.154708818958819, 0.2546644522144523], [0.2806304112554113, 0.2534066378066379, 0.19139862914862923, 0.2745643217893218], [0.24680846375846377, 0.27723755688755697, 0.17494685869685872, 0.3010071206571207], [0.20279191919191925, 0.3399291319791319, 0.18380194805194802, 0.273477000777001], [0.30389765953001247, 0.24728215346744764, 0.16866314404549707, 0.2801570429570431], [0.2354510101010103, 0.35923768453768445, 0.15867400377400376, 0.2466373015873016], [0.2465150432900433, 0.2943633477633478, 0.18172981185481182, 0.27739179709179707], [0.16609640914640922, 0.3025895715395718, 0.2454966810966812, 0.2858173382173383], [0.2633404761904763, 0.2847252247752247, 0.16277660117660117, 0.289157697857698], [0.28169952269952264, 0.31106695330812983, 0.14611619132501485, 0.26111733266733267], [0.3122070266334973, 0.3030126873126873, 0.13780150930940405, 0.24697877674441157], [0.24116580086580083, 0.28958080808080827, 0.1656230824730825, 0.3036303085803087], [0.2485181818181819, 0.32339554889554906, 0.17753199023199026, 0.2505542790542792], [0.25808210678210686, 0.2914006493506494, 0.1686372294372295, 0.2818800144300145], [0.24270548340548356, 0.2916289821289823, 0.15324437229437238, 0.3124211621711622], [0.2542650072150073, 0.2459258130758133, 0.1856917804417805, 0.3141173992673994], [0.2920064602064603, 0.26058327783327795, 0.14196702741702752, 0.30544323454323463], [0.196218843901197, 0.3834641636141635, 0.19457587445234503, 0.22574111803229452], [0.2668817682317682, 0.25139605949605964, 0.1623643356643357, 0.3193578366078365], [0.27657773892773896, 0.3005767399267397, 0.15222924297924303, 0.27061627816627837], [0.26524322899322905, 0.260586557886558, 0.24411259851259862, 0.2300576146076146], [0.26289336219336246, 0.2729292651792653, 0.1730879551820729, 0.2910894174452997], [0.223905266955267, 0.30313511488511496, 0.19588630813630814, 0.2770733100233102], [0.27829037629037623, 0.2552866522366523, 0.15192397602397606, 0.3144989954489955], [0.2637452103452105, 0.2651097402597404, 0.18498787323787322, 0.2861571761571761], [0.2989662060162061, 0.2686160117660118, 0.1549188478188479, 0.2774989343989344], [0.24889522422022425, 0.2968933621933623, 0.15261311647289916, 0.3015982971135145], [0.24503549783549797, 0.3027661616161616, 0.1670171717171718, 0.2851811688311687], [0.2593222777222779, 0.2051289321789321, 0.17723932178932172, 0.3583094683094683], [0.2938312742812742, 0.2737193806193808, 0.12427609612609618, 0.30817324897324916], [0.2607347652347653, 0.26160596903096917, 0.16653767343767345, 0.3111215922965926], [0.20050817515817532, 0.2870220057720058, 0.2151026973026973, 0.29736712176712177], [0.2404327450327452, 0.27242907647907655, 0.17541855921855934, 0.31171961926961933], [0.2458189754689755, 0.26806183261183275, 0.19473621933621935, 0.2913829725829727], [0.2860558996558996, 0.29144837384837385, 0.13184566544566548, 0.29065006105006114], [0.2796720002220003, 0.3094166167166169, 0.15149224664224664, 0.2594191364191366], [0.19880380175380186, 0.2914611499611501, 0.1769077922077923, 0.33282725607725616], [0.21919988899988907, 0.28540973470973474, 0.1910480075480076, 0.3043423687423687], [0.22270097125097135, 0.331829193029193, 0.21101675546675555, 0.23445308025308023], [0.21156366966366974, 0.30971745476745477, 0.20674227994227995, 0.27197659562659565]]}}