{"test": {"ids": ["106118301", "108121190", "110114321", "103110760", "105113330", "98110680", "111117120", "108116120", "107117010", "105112100", "108120700", "110118701", "111115620", "108116070", "98111670", "111116750", "104113210", "110117200", "103117200", "110118630", "106117770", "112116900", "105121370", "101112540", "106116441", "104114410", "107114321", "108115570", "110115710", "101110150", "101121640", "110113591", "107119390", "112118161", "112119500", "100111390", "104114240", "106118820", "102112250", "110117500", "108121410", "107113130", "105116501", "112118530", "106112770", "104112470", "109118161", "109117600", "106116120", "104116800", "111116170", "101108621", "104113190", "103111540", "101108080", "99117630", "107113840", "105115250", "99111620", "113120540", "109118231", "99107300", "104111780", "104112201", "97106600", "110120640", "111119580", "99108520", "101108290", "105113170", "110120531", "104113240", "111116040", "113122160", "98108410", "110114720", "101111990", "109113931", "107114621", "108118630", "107112850", "112118620", "113121680", "108121351", "107113260", "104113380", "111119950", "107121540", "112119120", "101111210", "113121410", "98111860", "105110251", "108118291", "110121450", "98120010", "97108520", "104110960", "107114490", "111115780", "98121790", "110115250", "105116650", "113117630", "108113620", "111114121", "102108621", "108116501", "99111930", "105111990", "103112641", "97112170", "99112641", "107121230", "109120621", "106115240", "112118820", "106121220", "109121640", "108115250", "105112130", "98108520", "110117110", "105113440", "99112840", "103120780", "113120601", "107114140", "111120320", "99113260", "112119930", "104117630", "109117630", "113122320", "98107010", "110115580", "105121190", "111120531", "100115700", "105117200", "111121410", "103113101"], "labels": [1, 1, 1, 1, 3, 2, 2, 1, 1, 1, 2, 3, 1, 1, 1, 3, 3, 3, 0, 1, 0, 3, 2, 2, 0, 1, 0, 3, 2, 1, 2, 0, 2, 0, 2, 2, 0, 3, 0, 1, 0, 1, 1, 1, 1, 1, 0, 1, 1, 1, 0, 0, 3, 1, 0, 3, 3, 2, 3, 3, 1, 3, 3, 0, 3, 0, 3, 2, 0, 0, 0, 2, 0, 3, 1, 3, 2, 1, 0, 1, 1, 3, 1, 3, 0, 1, 0, 2, 1, 2, 0, 0, 0, 3, 3, 2, 2, 2, 3, 1, 2, 1, 1, 0, 3, 0, 3, 0, 1, 2, 3, 0, 1, 0, 1, 1, 0, 1, 0, 1, 1, 2, 0, 0, 2, 1, 2, 2, 1, 0, 1, 0, 0, 1, 3, 1, 2, 0, 1, 3, 0, 3], "predicted_labels": [0, 3, 1, 3, 3, 3, 3, 0, 2, 2, 3, 3, 0, 0, 3, 0, 3, 3, 1, 1, 2, 0, 2, 1, 0, 3, 2, 1, 3, 1, 3, 0, 1, 0, 0, 0, 1, 3, 0, 0, 1, 2, 1, 1, 1, 3, 0, 3, 3, 2, 3, 0, 1, 2, 0, 1, 1, 2, 3, 1, 1, 0, 3, 0, 2, 0, 0, 2, 0, 3, 0, 2, 3, 2, 1, 2, 0, 1, 1, 3, 2, 3, 2, 3, 0, 3, 0, 0, 3, 0, 3, 1, 1, 1, 3, 1, 0, 0, 2, 3, 2, 3, 3, 3, 0, 3, 3, 3, 2, 3, 3, 3, 2, 1, 0, 1, 0, 3, 1, 3, 2, 3, 2, 0, 1, 1, 1, 1, 0, 1, 2, 1, 1, 2, 1, 1, 3, 3, 2, 3, 3, 3], "confidence_scores": [[0.9894156656590892, 1.0084950192269769e-06, 8.470545718079662e-08, 0.010583241140434336], [0.0012343203838137667, 0.37125920737295515, 0.001659002699803642, 0.6258474695434274], [0.28423576206194556, 0.7151961485744343, 9.607887477627894e-06, 0.0005584814761425625], [0.14778629206062163, 0.013265832951153177, 0.13305276335941044, 0.7058951116288148], [0.3642291151062434, 0.003721391323037616, 0.06868312763566989, 0.5633663659350491], [0.0026298919022247225, 0.031612855600924965, 0.3140885996869882, 0.6516686528098622], [0.08172644242403125, 0.242768810344929, 0.03329819176262614, 0.6422065554684137], [0.7182557205042313, 5.064152123993772e-06, 0.006880012034051675, 0.274859203309593], [0.0013189959043820364, 0.08119830386111755, 0.7411027393188182, 0.17637996091568214], [0.0020549101724742103, 0.004803389135502629, 0.8186026879002545, 0.1745390127917687], [0.01782396093047045, 1.963655074075937e-05, 0.000650476129850305, 0.9815059263889385], [0.07634834479674778, 0.0003418895824063389, 0.11190926392225474, 0.8114005016985912], [0.543524590956845, 0.007848024143895987, 0.005550617578677224, 0.44307676732058177], [0.999993766252675, 7.025792681066527e-07, 4.689385994642975e-06, 8.417820622110481e-07], [0.02170406312672502, 0.004737486973629661, 0.131535042453932, 0.8420234074457134], [0.9058511301562885, 0.05578638337866759, 0.0005727668657093314, 0.037789719599334616], [0.04605352843252601, 0.038972914272431165, 0.005769688224248497, 0.9092038690707943], [0.22421862153818695, 0.0030391713347756514, 4.1004449073767385e-05, 0.7727012026779636], [0.0004357925887709294, 0.5906616383119324, 0.00023559294792965154, 0.408666976151367], [0.040893377763634664, 0.5193000593740004, 0.012817183261272343, 0.42698937960109273], [0.13434779842877015, 0.006113157546323087, 0.5221830999678405, 0.3373559440570662], [0.8365154253002841, 0.127231555081286, 2.4470625806718012e-05, 0.0362285489926233], [6.858658562727492e-07, 0.019422612468748338, 0.9805402296043574, 3.6472061038135455e-05], [0.0007870726565362801, 0.9950194345367811, 5.658241378632339e-05, 0.004136910392896267], [0.9013003133232722, 0.09851869922012318, 9.42736852571004e-05, 8.671377134780489e-05], [6.43326925423858e-05, 0.0362548353389201, 1.618965982052431e-05, 0.9636646423087171], [0.00802961851427585, 0.024553712869254618, 0.8213954352368108, 0.1460212333796587], [0.3028405397045114, 0.6846818191943683, 0.0027779913585418386, 0.009699649742578417], [0.03923241097782822, 0.12255569031769598, 0.021538655806572955, 0.8166732428979028], [1.560488152620096e-05, 0.8393969600178176, 0.0006742787138220019, 0.15991315638683415], [0.0034300019947318414, 0.08858025668891606, 0.02186227776090804, 0.886127463555444], [0.9604982128203082, 0.011294903791499373, 7.748991225635051e-08, 0.02820680589827996], [0.0038792029241294353, 0.5604982950679688, 0.0812007889592906, 0.3544217130486112], [0.9902256735720443, 0.0096169102457221, 4.267492115379474e-05, 0.0001147412610796914], [0.9812532132656449, 0.006639440574294286, 0.011947117249950394, 0.0001602289101105363], [0.6034268051973136, 0.2159546177371166, 4.74861930734384e-05, 0.18057109087249634], [0.0045950782040962874, 0.9736980797687295, 0.0008566687938346667, 0.020850173233339746], [5.279655188291426e-06, 0.0034115605168754145, 0.00023552374618452093, 0.9963476360817517], [0.7001894951178693, 0.00040817337751999265, 0.29701813082896195, 0.002384200675648786], [0.549150556374251, 0.08043081398410318, 0.06871549391069401, 0.30170313573095187], [0.007652673222757828, 0.935214247161161, 7.016256333115925e-06, 0.057126063359748], [0.002237382417120636, 0.010115793742674071, 0.9874892248558266, 0.0001575989843787012], [0.0022685590174992463, 0.9945948613807558, 1.0273316166979797e-06, 0.003135552270128209], [0.0004460728611053798, 0.9187263077616343, 0.08080297595383648, 2.4643423423660498e-05], [0.0012691641139275058, 0.6479565925089925, 0.007705767139104523, 0.3430684762379754], [1.9323137176678497e-06, 2.662958026315982e-07, 4.3779250391674234e-05, 0.9999540221400881], [0.6380014914992445, 0.09057768876095772, 0.0035751768718458106, 0.26784564286795204], [0.07716240832237264, 0.0004068747562903094, 0.00333101946042876, 0.9190996974609084], [0.00011133902237724418, 0.3008318649107351, 0.0010187568143332566, 0.6980380392525545], [0.003058011126150799, 0.0006230741259400027, 0.9693754283558896, 0.0269434863920196], [0.0007741360711063755, 0.2815548725624484, 1.8877762333010732e-06, 0.717669103590212], [0.46791731798947866, 0.22786618264902633, 1.1326035776212021e-05, 0.3042051733257189], [0.07158407574592082, 0.8873981649908045, 0.006621313720757128, 0.034396445542517445], [0.15369646014965557, 0.00216073716331348, 0.5321344769765773, 0.3120083257104536], [0.8910408389742493, 0.0002971279325460525, 7.57590678659513e-07, 0.10866127550252587], [0.0012873062751137044, 0.9912742238225338, 0.0015300852950367024, 0.0059083846073155165], [0.2024090619933425, 0.6584033694383506, 0.005710316273727943, 0.13347725229457896], [0.004142360884997147, 0.00024271475642556584, 0.9716613592971897, 0.02395356506138757], [2.7278728551682117e-05, 0.0005048894652367791, 0.0014546977524602799, 0.9980131340537512], [0.30941541753625823, 0.4250363266922243, 0.12153333880295926, 0.14401491696855814], [0.0019562856849032095, 0.9969582793390795, 0.0010807649183471558, 4.670057669942085e-06], [0.9283229001015445, 0.003998067445839089, 2.512956114902101e-05, 0.06765390289146732], [4.770447547921879e-05, 0.42448955522204196, 2.2639793721335393e-05, 0.5754401005087575], [0.8318660042809763, 0.031233113245547024, 4.610183764772925e-05, 0.13685478063582884], [0.1834441119986578, 0.00012602896556142217, 0.74739136945781, 0.06903848957797079], [0.648858002720125, 0.12201949669202919, 0.21278605001952672, 0.016336450568319217], [0.9331445971719768, 0.06493309643357592, 0.0016797805793573593, 0.000242525815089796], [0.004820409778792956, 0.0003969022098179378, 0.9883640645262045, 0.006418623485184518], [0.9693380371530819, 8.290911790935382e-05, 2.2419574437176446e-07, 0.030578829533264372], [4.03136373448996e-08, 1.119254368522796e-06, 9.944061614795944e-08, 0.9999987409913779], [0.6330893064830019, 0.0015288089812051703, 1.3624531282958253e-06, 0.3653805220826645], [0.00010827066034829717, 0.3411844272520909, 0.6554092944173047, 0.0032980076702559757], [0.04131267099834158, 2.0858710942722278e-05, 0.012391417503392677, 0.9462750527873229], [0.262612926961247, 0.00060498804090791, 0.7324424548290142, 0.004339630168830936], [0.0003280931099804439, 0.9988997701558359, 0.0007718236187375284, 3.1311544647892507e-07], [0.006281556352321644, 0.008901578000815586, 0.9846536012171708, 0.00016326442969193824], [0.913538360924944, 0.009842631617844693, 0.07556232562782213, 0.0010566818293891696], [0.1485854872634734, 0.4767640295621382, 0.36296725692207393, 0.011683226252314537], [0.007772441154377573, 0.9736985970569642, 6.497544113758883e-05, 0.01846398634752054], [0.0025268999384267916, 0.17685362294796214, 0.015013262668583813, 0.8056062144450273], [0.009732118701602913, 0.20921283668147858, 0.645171937343493, 0.13588310727342545], [0.0008350702860240366, 0.15999996533469804, 0.00010154997595564254, 0.8390634144033223], [0.005606958103160938, 0.14467535597294187, 0.5439122541641247, 0.30580543175977254], [0.056367038751566324, 0.06289932777649566, 0.027657117747513952, 0.853076515724424], [0.9785994158213254, 0.01825558580792622, 0.002833119539026662, 0.00031187883172186095], [0.16262440088202715, 0.3655334784048804, 0.03576168011606899, 0.43608044059702356], [0.6342617547885606, 0.0913999583313372, 0.016888907517882128, 0.25744937936222007], [0.9294578653521478, 0.06844184403145254, 0.0019251054536242264, 0.0001751851627755127], [0.04675751505313514, 0.07209025791509112, 0.001531635352549403, 0.8796205916792244], [0.9995774324012289, 0.0003357826607357968, 3.683505018100064e-07, 8.641658753336013e-05], [0.00014170757887383703, 0.010994419500874044, 2.873555990150282e-06, 0.9888609993642619], [2.0925978380335726e-05, 0.9936654723129961, 0.0013963782156495334, 0.004917223492974137], [0.0003161434140498204, 0.9431077749895824, 0.0024942678943453067, 0.0540818137020226], [0.0951019914797632, 0.9039595072955311, 2.0858808948747072e-05, 0.00091764241575699], [0.0006334830062902315, 0.0009364573218996662, 0.004672798323943862, 0.9937572613478663], [0.13843962568868637, 0.8577765622428086, 0.0036280708435357744, 0.00015574122496914922], [0.9741034999465006, 0.018068224655418828, 0.0032818701924303825, 0.004546405205650315], [0.6270181094399546, 0.010777788827741165, 0.3615723811835938, 0.0006317205487104932], [0.00010724282021927038, 0.002329374703448865, 0.996907560311674, 0.0006558221646577033], [0.3399611885678097, 0.00908763635260598, 0.00019821668545109554, 0.6507529583941332], [0.05676044716190915, 0.22973553985913833, 0.7123784557382621, 0.001125557240690499], [0.02804285587744877, 0.0029639400168281313, 0.005023505875767975, 0.9639696982299552], [0.004511277413416497, 0.06630549093795654, 0.06977687236290657, 0.8594063592857203], [0.00023468642388410496, 0.09124652569125513, 0.10120996594934241, 0.8073088219355183], [0.9604606552468451, 0.03756831722390765, 0.0009042000554926867, 0.0010668274737544495], [0.17644825047885504, 0.1313874887495612, 0.015181179975445899, 0.6769830807961379], [0.10398633591802794, 0.0005708617196110366, 0.0003848239052315362, 0.8950579784571295], [0.37424187787246976, 0.0003668479878178958, 0.024102786909692437, 0.6012884872300199], [0.00013098970481014062, 0.019141221502744478, 0.9430797139741295, 0.03764807481831608], [0.00015455704899510148, 3.217676640619021e-07, 1.4223100584320175e-06, 0.9998436988732825], [0.049684711722654276, 0.1700042436703733, 0.31501717519805117, 0.4652938694089213], [0.04288219011365782, 0.0009933155476490791, 0.01818369457731421, 0.9379407997613788], [0.028862784152709653, 0.0023688356415800774, 0.6712065354727089, 0.2975618447330013], [4.866457957805595e-06, 0.9683593678550564, 8.366366753670946e-07, 0.03163492905031049], [0.8754042684909641, 0.006268443634805335, 0.093068014738688, 0.02525927313554271], [0.08572405909215441, 0.8950274398562308, 0.019238454739418886, 1.0046312195992855e-05], [0.993919604038474, 0.0015923935666138497, 1.7759821442548453e-05, 0.0044702425734696235], [0.2796893004310224, 0.00039411066857099396, 0.009534854384836047, 0.7103817345155705], [0.0842916164455679, 0.49617418855654294, 0.4195324595837255, 1.735414163745383e-06], [0.008402799405531191, 0.0006753176605678123, 0.035005980086202974, 0.955915902847698], [1.3412633198950166e-05, 0.01590784504232683, 0.9702368017593267, 0.013841940565147625], [0.023665343147632446, 0.03203312665271297, 0.012139223813852571, 0.932162306385802], [0.002326299488094785, 8.706264748429911e-06, 0.9975086008956511, 0.0001563933515058719], [0.4893462504278831, 0.08139926682573291, 0.0393844931937898, 0.3898699895525942], [0.0017939972715967593, 0.5797058676784762, 0.01563017958750356, 0.40286995546242355], [4.717008482728203e-05, 0.9983901384776914, 0.0011236896002704726, 0.000439001837210618], [0.010707443552496185, 0.9481617062131762, 0.03979910850030852, 0.0013317417340189862], [0.029107802682156094, 0.9394983165474562, 0.014167434233019327, 0.01722644653736845], [0.9755565819514234, 0.0012991381026519215, 0.0001835045516046673, 0.022960775394319937], [0.000316060997670181, 0.9937814483101672, 0.0058935472898234385, 8.943402339116486e-06], [0.00014093889507598608, 0.15338961134254733, 0.8198236898658454, 0.02664575989653128], [0.019680264337280075, 0.9717689768988913, 1.3735278742833455e-05, 0.008537023485085744], [0.005180030845274883, 0.9829820437907109, 0.009645367061861901, 0.0021925583021523967], [0.21929824902557532, 0.08759820006457905, 0.42491528686897817, 0.2681882640408675], [1.0020152338905578e-05, 0.9963889071248393, 0.0034454383410124243, 0.000155634381809386], [0.060238762171200895, 0.6453823595632585, 0.0022532415265303176, 0.2921256367390102], [0.00039197787253259414, 0.012967896896395147, 0.10259725579960276, 0.8840428694314695], [0.17326207892769185, 0.2307619312482341, 0.00015703032857676183, 0.5958189594954972], [0.21651301329924116, 0.012583285089885576, 0.770390063495339, 0.0005136381155341462], [0.17955030947421804, 0.0008715430599356877, 0.000363805237207063, 0.8192143422286393], [0.1335626548529328, 0.375673949052162, 0.00041490142868686527, 0.49034849466621816], [0.0006034911379225362, 0.12383008122590561, 0.02700789451954794, 0.8485585331166239]]}, "rewritten": {"ids": ["97106600", "97108520", "97112170", "98107010", "98108410", "98108520", "98110680", "98111670", "98111860", "98120010", "98121790", "99107300", "99108520", "99111620", "99111930", "99112641", "99112840", "99113260", "99117630", "100111390", "100115700", "101108080", "101108290", "101108621", "101110150", "101111210", "101111990", "101112540", "101121640", "102108621", "102112250", "103110760", "103111540", "103112641", "103113101", "103117200", "103120780", "104110960", "104111780", "104112201", "104112470", "104113190", "104113210", "104113240", "104113380", "104114240", "104114410", "104116800", "104117630", "105110251", "105111990", "105112100", "105112130", "105113170", "105113330", "105113440", "105115250", "105116501", "105116650", "105117200", "105121190", "105121370", "106112770", "106115240", "106116120", "106116441", "106117770", "106118301", "106118820", "106121220", "107112850", "107113130", "107113260", "107113840", "107114140", "107114321", "107114490", "107114621", "107117010", "107119390", "107121230", "107121540", "108113620", "108115250", "108115570", "108116070", "108116120", "108116501", "108118291", "108118630", "108120700", "108121190", "108121351", "108121410", "109113931", "109117600", "109117630", "109118161", "109118231", "109120621", "109121640", "110113591", "110114321", "110114720", "110115250", "110115580", "110115710", "110117110", "110117200", "110117500", "110118630", "110118701", "110120531", "110120640", "110121450", "111114121", "111115620", "111115780", "111116040", "111116170", "111116750", "111117120", "111119580", "111119950", "111120320", "111120531", "111121410", "112116900", "112118161", "112118530", "112118620", "112118820", "112119120", "112119500", "112119930", "113117630", "113120540", "113120601", "113121410", "113121680", "113122160", "113122320"], "labels": [3, 2, 0, 3, 1, 2, 2, 1, 0, 2, 2, 3, 2, 3, 1, 1, 2, 0, 3, 2, 1, 0, 0, 0, 1, 2, 2, 2, 2, 3, 0, 1, 1, 3, 3, 0, 1, 2, 3, 0, 1, 3, 3, 2, 1, 0, 1, 1, 0, 0, 2, 1, 1, 0, 3, 0, 2, 1, 1, 3, 2, 2, 1, 1, 1, 0, 0, 1, 3, 1, 1, 1, 0, 3, 2, 0, 3, 0, 1, 2, 0, 2, 3, 1, 3, 1, 1, 0, 3, 1, 2, 1, 3, 0, 1, 1, 0, 0, 1, 1, 0, 0, 1, 3, 1, 1, 2, 0, 3, 1, 1, 3, 0, 0, 3, 0, 1, 1, 0, 0, 3, 2, 3, 0, 1, 0, 0, 3, 0, 1, 3, 0, 1, 2, 1, 0, 3, 2, 0, 1, 3, 1], "predicted_labels": [3, 0, 3, 1, 0, 3, 1, 2, 3, 0, 1, 0, 0, 1, 2, 3, 3, 0, 1, 0, 0, 0, 0, 3, 1, 0, 2, 3, 3, 0, 1, 3, 3, 2, 3, 1, 1, 0, 1, 0, 3, 3, 0, 1, 1, 0, 3, 0, 0, 3, 3, 3, 2, 3, 0, 0, 0, 0, 3, 0, 3, 2, 3, 1, 3, 1, 3, 0, 3, 0, 3, 0, 0, 1, 1, 3, 3, 1, 2, 3, 1, 1, 0, 3, 0, 0, 0, 3, 1, 3, 3, 1, 3, 1, 0, 3, 0, 0, 1, 0, 0, 0, 1, 2, 3, 3, 0, 0, 0, 0, 3, 3, 0, 0, 3, 1, 0, 0, 0, 3, 0, 1, 0, 3, 3, 1, 1, 0, 0, 1, 3, 0, 0, 0, 3, 3, 0, 2, 3, 3, 0, 3], "confidence_scores": [[0.10027038382283919, 0.02049305801902464, 0.11293986135786348, 0.7662966968002726], [0.9061882055302937, 0.0078080900021990805, 0.00016729819289195916, 0.08583640627461521], [0.14848854264595035, 0.005079802997568986, 0.0003534465990804387, 0.8460782077574002], [0.0010805338185834255, 0.9770635547477445, 0.00015808083746519052, 0.021697830596206842], [0.6537576990351925, 0.3456080423774639, 0.00018296719426576935, 0.00045129139307787113], [0.15976390416014077, 0.0018814559381256362, 1.1102851687545804e-05, 0.838343537050046], [0.04656136083986463, 0.5685865638278277, 0.0020305375048008576, 0.38282153782750683], [0.20076253979067854, 0.008546416722466647, 0.43779033462038025, 0.3529007088664745], [0.007183867544271595, 0.46397756799332734, 0.014756853063487412, 0.5140817113989137], [0.8890575611709565, 0.094337062985995, 0.011449397389773368, 0.005155978453275096], [0.3924085455127651, 0.5639479945699566, 0.03744027000043597, 0.00620318991684226], [0.9777729327771432, 0.020551000923434003, 2.298083292910899e-08, 0.0016760433185897784], [0.9631127303251896, 0.010995836403672929, 0.023713051981569932, 0.002178381289567698], [0.003960303762682452, 0.5073010377944599, 5.089117158122318e-05, 0.48868776727127644], [0.00017374433749600988, 0.15679305425521353, 0.7045588873063146, 0.13847431410097596], [0.31834385067461585, 0.038875885603438035, 0.06689864998487144, 0.5758816137370747], [0.020860508150710572, 0.4011140360838652, 0.0031494642454275978, 0.5748759915199967], [0.6943563867865769, 0.30130848410812, 0.004255933346519696, 7.919575878345353e-05], [0.010015064364912408, 0.9085192563172899, 0.0001435101300849289, 0.08132216918771262], [0.7059971678319202, 0.26821074207592516, 1.3618181772661743e-05, 0.025778471910382125], [0.5745776362590483, 0.31802592520644773, 0.04169404682173471, 0.06570239171276919], [0.9933747261777494, 1.407460862366323e-05, 4.283845144334257e-06, 0.006606915368482505], [0.9986330505941492, 8.523341853850267e-06, 2.1857930776646001e-07, 0.0013582074846892435], [0.03516142114933907, 0.0903916998747403, 7.597500329451214e-05, 0.8743709039726261], [3.3725785106209055e-05, 0.9740556024810746, 1.4338542669095621e-05, 0.02589633319115006], [0.6160607280878835, 0.00010544979665232336, 2.0083355597561732e-05, 0.3838137387598665], [0.07694687642460811, 0.003959610328327383, 0.5863958872390718, 0.33269762600799263], [0.029699328185782418, 0.4291683021552421, 0.015253967222969574, 0.5258784024360058], [4.393721292864378e-05, 0.0040438662391133065, 0.0001643256556752336, 0.9957478708922828], [0.6420152618858387, 0.009704456787577724, 3.7370385907293476e-05, 0.3482429109406764], [0.013564436513875192, 0.9827153303186608, 0.002478402484013702, 0.0012418306834503811], [0.003000903337295253, 0.0003641001655864774, 0.001995122594083767, 0.9946398739030344], [0.23932319016207507, 0.047080112644632, 0.0007456119643393281, 0.7128510852289537], [0.30422855473575683, 0.13429463647205622, 0.3842533351809427, 0.17722347361124427], [0.0004860518985378397, 0.07053658753137093, 0.006706099135619805, 0.9222712614344714], [4.951751520304448e-05, 0.9987709821194065, 5.778688547086145e-07, 0.0011789224965358717], [0.015419481008275854, 0.9566511495098553, 0.02649437185402249, 0.001434997627846448], [0.9998412872601189, 2.082516117441214e-05, 9.103620135997852e-05, 4.685137734682594e-05], [0.007626844864082555, 0.7596993896324347, 2.6795614429033036e-05, 0.23264696988905365], [0.7827080797258893, 0.023188096203827238, 8.597509202114566e-05, 0.19401784897826233], [7.980187206855205e-05, 1.908540599193381e-06, 0.00044538660520268, 0.9994729029821295], [0.36122006730039813, 0.015831390870737587, 0.0017671776510371697, 0.6211813641778271], [0.973143461286667, 0.0006841329811326307, 8.38495106398747e-05, 0.026088556221560755], [0.003102822545425191, 0.9845532503141601, 0.004051816406663575, 0.008292110733751128], [0.37787560232085476, 0.600718202800496, 0.0017625937017004293, 0.019643601176948716], [0.760345066329182, 0.027068718013952307, 0.019634843691234093, 0.19295137196563164], [0.0018657275825966454, 0.0076655070340151225, 1.0332918935444843e-06, 0.9904677320914946], [0.7909895941377851, 0.004559495672614617, 0.002141821931729219, 0.20230908825787117], [0.9838343952426735, 0.014549414662644908, 2.963147864560076e-07, 0.0016158937798949715], [0.00014689505281074977, 0.06021300099979426, 3.008941837661217e-06, 0.9396370950055573], [0.0014001870461023151, 2.0912541243398e-07, 4.242590973715664e-06, 0.9985953612375115], [0.3437509746845046, 0.005869814845217831, 0.11044351250056103, 0.5399356979697164], [0.0003637941309114847, 0.12312540788107897, 0.8259699609463723, 0.05054083704163723], [2.627652420594281e-05, 4.194947113959586e-06, 2.5063250057290027e-08, 0.99996950346543], [0.9314952652763082, 0.000945592076044625, 8.768675618031102e-05, 0.06747145589146693], [0.9309556304353004, 0.001221166776272552, 0.0028520241505572523, 0.06497117863786994], [0.5528384997901981, 0.04311376594247759, 0.010675299683424715, 0.39337243458389964], [0.7303755896676694, 0.26608018932474603, 3.1624643525426375e-07, 0.0035439047611492275], [0.005105868561397164, 0.004851926703981196, 0.0009080325741336121, 0.989134172160488], [0.9334036008739428, 0.00044009078900383966, 0.002483302837044653, 0.06367300550000879], [1.4904070567362978e-05, 0.00034186074807429574, 0.01079303649039867, 0.9888501986909596], [0.0037917009365831277, 0.2868326525814516, 0.6284680519159601, 0.08090759456600517], [0.0019088709212311658, 0.28182092546141607, 0.02066835743767787, 0.6956018461796749], [0.15384101735890532, 0.8434445330950351, 0.002686928944521478, 2.7520601538161192e-05], [0.0014292230038024341, 0.44813291089086343, 0.00011185230265550278, 0.5503260138026786], [0.13852560539093303, 0.8606240753251952, 4.824494219959846e-07, 0.0008498368344497139], [0.20223641687821878, 0.019277297437772623, 0.0011657669618988314, 0.7773205187221097], [0.5667421375776004, 0.42586325269585884, 4.8998102416240897e-08, 0.007394560728438306], [0.00014996711636699436, 0.020953800729148292, 0.00023190503840991216, 0.9786643271160748], [0.9124787239819253, 8.948042792591999e-05, 0.0034065071460781696, 0.08402528844407067], [0.0007646239377926485, 0.02509744080004778, 0.0005531377833438979, 0.9735847974788157], [0.9799678155414847, 0.014993156506989326, 0.0042951266628965005, 0.0007439012886296487], [0.9636883042719794, 0.024126995063483783, 0.006974032082296092, 0.005210668582240621], [0.03715123585916362, 0.7043720340345495, 0.0013572504116571215, 0.2571194796946297], [0.07352926145401754, 0.8829903439296088, 0.0009957876914364016, 0.042484606924937204], [0.005920600271495839, 0.11898075319084535, 0.022922372883485725, 0.852176273654173], [0.00027947560373924767, 0.05193073615961435, 0.4360959916525674, 0.511693796584079], [0.017597421438548935, 0.7147353569580169, 4.784490839550239e-05, 0.26761937669503866], [0.005645484352860236, 0.14884243484728765, 0.560383783903609, 0.2851282968962431], [0.243333965805786, 0.08703258005473108, 0.0007021586292241681, 0.6689312955102588], [0.006171529401765502, 0.9920098997228737, 1.959887780561723e-06, 0.0018166109875802261], [0.16934967836331508, 0.8302514159630897, 0.00015603673285424842, 0.0002428689407409288], [0.9348737787887157, 0.010122648084163178, 3.0080952127381566e-05, 0.054973492174993734], [0.04037909684140659, 4.183354608389807e-05, 0.0006140636134200614, 0.9589650059990894], [0.8876481426515996, 0.10101040828117701, 0.004066943803245546, 0.007274505263977823], [0.9012022505622626, 0.01970031893733874, 0.07891995506265079, 0.00017747543774804315], [0.9700379570659168, 0.00013112945481258265, 0.0035169074405924363, 0.026314006038678363], [0.16450357410325755, 0.0019643054877727262, 0.0002801560728999958, 0.8332519643360696], [0.2357418696493464, 0.5935346456257459, 0.00016471112708056097, 0.1705587735978272], [0.008480149695449784, 0.19007205714962153, 0.012884639249047316, 0.7885631539058814], [0.0672262032299966, 0.00010839941087402544, 0.0015451632074036212, 0.9311202341517257], [0.06384631361260298, 0.7181511301539619, 0.0003867167072842633, 0.21761583952615096], [0.036753152493352106, 0.00854662278101201, 0.0004399784561148966, 0.954260246269521], [0.039796366525621414, 0.8326332642924508, 6.855064528661951e-05, 0.1275018185366412], [0.9979342232499545, 0.001324978666298199, 1.3109026791384906e-07, 0.0007406669934792913], [0.19926786643431782, 0.004402223647204068, 0.007071764505243855, 0.7892581454132342], [0.6335311278634527, 0.25361279350460547, 0.029570855713252978, 0.0832852229186889], [0.5409572874193637, 0.038746867385417175, 0.0018987000911584431, 0.41839714510406073], [2.1773317474744457e-05, 0.9998882257086749, 5.970220420177498e-05, 3.0298769648586176e-05], [0.9865694291650146, 0.005512262500921097, 0.0009934584741235072, 0.0069248498599408], [0.807576797964918, 0.07687868164388285, 0.11548596313613957, 5.855725505963095e-05], [0.9964920513712489, 0.0009455555551238248, 7.615887307093632e-12, 0.002562393066011436], [0.1771924461531621, 0.8216907095139228, 3.2811000446741644e-05, 0.0010840333324685075], [0.027378449674345134, 0.011487799178789442, 0.9611004859899875, 3.3265156878016654e-05], [0.008488586371710481, 0.24681999495586507, 0.00023537398542358134, 0.7444560446870009], [0.012053570213443486, 0.0004664744544572991, 0.0003623301996875463, 0.9871176251324117], [0.600347346027932, 0.36326074680448867, 0.00010738386907341607, 0.03628452329850597], [0.6464541455388436, 0.034153593662176476, 0.3189167014983514, 0.0004755593006285632], [0.7814392331688594, 0.00610759754491126, 7.039265209640975e-06, 0.21244613002101975], [0.9783187981933553, 0.018883930248882158, 0.00022622193114426716, 0.002571049626618473], [0.0007552222522097055, 0.17080774155250691, 0.0032025934303450635, 0.8252344427649383], [0.21122672230257625, 0.0005761055885091425, 0.010222452074511683, 0.7779747200344029], [0.5362105507167527, 0.003350615569286599, 7.785395305597732e-05, 0.4603609797609047], [0.9611975274624786, 0.0004988929394286456, 4.838457643312901e-05, 0.03825519502165971], [0.015319944675837966, 0.0012203159168894088, 8.081067955837621e-05, 0.9833789287277142], [0.013068866957957677, 0.611520048655644, 0.00041148231555246417, 0.37499960207084576], [0.7532928305649532, 0.001465724615945613, 0.0005885055996202823, 0.24465293921948095], [0.6434496570523314, 0.002205520920990059, 4.721871667449771e-05, 0.35429760331000415], [0.774793863017874, 0.0003154578893016648, 0.014712841793203467, 0.21017783729962095], [0.008358326857925402, 0.058103524494332454, 5.795828259558186e-08, 0.9335380906894595], [0.616235088692198, 0.0013616000097965624, 7.727866383530004e-06, 0.38239558343162205], [0.3447949232345391, 0.37423928682130425, 0.18644773419551308, 0.09451805574864354], [0.9893322591347092, 0.00790372643266011, 0.0003198295047919259, 0.002444184927838618], [0.1176668556694458, 0.00025699248573920916, 0.0002665998891055548, 0.8818095519557094], [0.03135851533151309, 8.049673656950839e-05, 0.00024004460412000098, 0.9683209433277974], [0.007865742117291817, 0.9643542033304118, 5.776376268258948e-06, 0.027774278176028087], [0.03891706918820374, 0.959335436804669, 3.350784394709155e-06, 0.0017441432227324734], [0.9829412326611084, 0.016994192958716844, 9.130098643188867e-06, 5.54442815314545e-05], [0.8150767057933759, 0.007208198917133496, 0.0028352845956645233, 0.1748798106938261], [0.0015460898260506518, 0.9789317294221505, 0.019406449073022747, 0.00011573167877615915], [0.3787919582096493, 0.06167827362791323, 5.840174519972384e-06, 0.5595239279879176], [0.9993256066305669, 3.439143265278757e-05, 3.134336434472512e-07, 0.0006396885031370064], [0.9888786647533915, 8.441154952998569e-05, 4.728851377133592e-06, 0.011032194845701393], [0.987816624771515, 0.0003775959933154906, 2.5528146799544326e-05, 0.011780251088369982], [0.012007074364531673, 0.14640762409223568, 0.06540488434462888, 0.7761804171986038], [0.25117425106450675, 0.02173623205670773, 0.13697740195270422, 0.5901121149260813], [0.9913806325176814, 0.0020244955859077874, 0.000307226773717987, 0.006287645122692897], [0.08467114644984576, 0.27841335921935845, 0.3485051273896364, 0.2884103669411594], [5.717328406683191e-05, 0.025063329112034207, 2.242109356074425e-08, 0.9748794751828054], [0.018043857904387915, 0.042878796865694645, 0.13605070117235973, 0.8030266440575577], [0.7576790011029073, 0.016857087552568546, 0.11620716367075147, 0.10925674767377268], [0.07051257894913221, 0.0132183236738139, 0.00196914465234351, 0.9142999527247103]]}}