{"test": {"ids": ["104113210", "108119330", "109115220", "107118820", "104111531", "107113360", "104112201", "105119950", "108120060", "108114040", "100111390", "106112770", "101111310", "97118210", "111117480", "108117720", "110117870", "101115190", "112117431", "111120540", "103113260", "105110251", "109116170", "109118820", "103111540", "98112170", "112116800", "105117351", "111117000", "101111990", "99108460", "110116300", "111119300", "108121190", "108115870", "110119030", "110115140", "107115140", "107113180", "99109860", "108115880", "104111620", "98109311", "110118880", "113120280", "103113101", "112118860", "110116170", "110115980", "107113130", "106115120", "104116800", "103111480", "109121640", "98109090", "106116120", "112117210", "109113281", "109113931", "100117420", "107121640", "111121930", "106111321", "106113360", "110118740", "107113840", "108118520", "112120540", "100111270", "101108080", "106119990", "106118520", "104110960", "109120560", "113122230", "111119930", "107114621", "97116401", "107121700", "111116010", "100109801", "105111990", "102110690", "108117610", "108115070", "100109000", "112119950", "109114220", "108115970", "113122220", "98108580", "102111990", "97107040", "102112301", "113122180", "112119450", "100111620", "101109370", "106119260", "97106000", "111120280", "100108990", "104113240", "98107380", "113122430", "106120640", "101111140", "110117140", "112117580", "105116501", "112121351", "109119340", "99116500", "111114171", "112116810", "108118810", "113121680", "108118630", "108114360", "111115770", "111121190", "100111080", "110115710", "102110750", "110114321", "98120530", "113121980", "100108520", "113118231", "109114270", "111114121", "104114320", "111120190", "106117770", "98112580", "97116790", "98108410", "108114180", "113118630", "111116990", "97116800", "104111990"], "labels": [3, 0, 3, 3, 0, 0, 0, 3, 1, 0, 2, 1, 3, 2, 1, 1, 3, 1, 0, 1, 3, 0, 0, 3, 1, 3, 0, 0, 0, 2, 0, 3, 1, 1, 3, 0, 0, 0, 3, 2, 3, 0, 1, 0, 0, 3, 3, 0, 1, 1, 1, 1, 0, 0, 1, 1, 1, 0, 1, 2, 1, 1, 0, 0, 3, 3, 0, 3, 2, 0, 0, 2, 2, 1, 1, 1, 0, 3, 3, 1, 0, 2, 0, 3, 1, 1, 0, 3, 2, 1, 0, 2, 2, 1, 2, 3, 3, 1, 1, 0, 0, 2, 2, 1, 2, 3, 2, 3, 0, 1, 0, 3, 2, 3, 3, 1, 1, 1, 1, 3, 1, 0, 2, 1, 1, 1, 2, 2, 3, 3, 0, 2, 3, 0, 2, 2, 1, 1, 3, 0, 0, 2], "predicted_labels": [3, 3, 3, 3, 1, 0, 3, 0, 1, 1, 3, 3, 3, 3, 1, 3, 3, 3, 1, 3, 3, 1, 1, 1, 3, 3, 3, 1, 1, 3, 0, 1, 1, 1, 3, 3, 3, 3, 1, 1, 3, 1, 1, 3, 3, 1, 3, 3, 3, 3, 3, 3, 3, 3, 3, 3, 1, 1, 3, 3, 3, 3, 3, 3, 3, 1, 1, 1, 1, 1, 3, 1, 3, 3, 1, 3, 0, 3, 3, 1, 3, 3, 3, 3, 1, 1, 0, 3, 3, 3, 3, 1, 3, 3, 3, 3, 3, 1, 3, 3, 3, 1, 3, 3, 3, 1, 0, 3, 1, 3, 1, 3, 3, 3, 3, 3, 1, 1, 3, 3, 3, 1, 3, 1, 3, 3, 3, 2, 1, 3, 1, 3, 3, 3, 3, 3, 3, 3, 1, 3, 0, 1], "confidence_scores": [[0.26631802086802076, 0.22179401154401168, 0.1933112443112444, 0.31857672327672326], [0.18019893994894004, 0.24705263347763357, 0.2355295270518955, 0.3372188995215311], [0.2224808136308137, 0.27522048311165975, 0.1914580530580532, 0.3108406501994737], [0.2332751526251528, 0.2518080808080809, 0.2108290265290267, 0.3040877400377399], [0.2575319902319903, 0.3186396436896437, 0.13795622710622718, 0.285872138972139], [0.306107437007437, 0.2302862914862916, 0.17017296037296042, 0.2934333111333112], [0.24154443889443894, 0.3043134865134865, 0.11968952158952165, 0.3344525530025531], [0.277539060939061, 0.2299446775446776, 0.221403527028527, 0.2711127344877345], [0.163438666888667, 0.32422340437340447, 0.22837604617604618, 0.2839618825618826], [0.18949802419802428, 0.3051764735264736, 0.24406542901542916, 0.2612600732600735], [0.2306156066156066, 0.28068888333888325, 0.17240728715728723, 0.3162882228882228], [0.1953123210123211, 0.2721479187479187, 0.24146971361971364, 0.29107004662004693], [0.20372110667110668, 0.2961303030303032, 0.20395104895104904, 0.29619754134754117], [0.24326170936906247, 0.26016188337806, 0.2224749254013961, 0.2741014818514818], [0.21476662504162525, 0.31266916416916424, 0.17495851648351654, 0.29760569430569445], [0.2306322066822068, 0.2592322954822957, 0.17831621156621158, 0.3318192862692864], [0.2295316738816739, 0.21906224886224898, 0.22128745976245998, 0.3301186174936175], [0.23784443889443904, 0.25381488380900147, 0.20345828191416443, 0.3048823953823955], [0.23143102453102457, 0.31071029146292284, 0.16408180810417664, 0.2937768759018758], [0.22775980685980696, 0.29078453213453215, 0.18858909978909985, 0.2928665612165611], [0.21269765234765242, 0.2881188442276677, 0.19159008295625943, 0.30759342046842053], [0.26862235542235535, 0.3165685307382677, 0.15188816256842586, 0.26292095127095133], [0.2345158721996958, 0.29495398017015684, 0.18422905427905434, 0.2863010933510935], [0.22467968338850694, 0.2930072130483895, 0.18978556280320996, 0.29252754075989373], [0.24260212842712864, 0.2477315351315353, 0.22663504273504262, 0.2830312937062939], [0.24333467088467098, 0.20538234820734827, 0.1786749861249862, 0.37260799478299483], [0.21812111499611497, 0.28766511903129555, 0.17114857919857923, 0.32306518677401036], [0.20949321789321804, 0.34850637695637704, 0.13486658341658345, 0.30713382173382175], [0.19810098235098222, 0.3180940154616626, 0.19598170995671016, 0.2878232922306453], [0.18531429126429128, 0.25372498334998345, 0.23015211177711198, 0.33080861360861347], [0.2843520690094219, 0.2410477772227773, 0.19943228829993548, 0.2751678654678656], [0.2796420026481946, 0.28065112665112685, 0.19312811436929098, 0.2465787563313879], [0.2140389982566454, 0.322878182928183, 0.16411938616938623, 0.29896343264578545], [0.19088042790542803, 0.3248576007326007, 0.22164456654456655, 0.262617404817405], [0.23572464920700223, 0.233406430497607, 0.17046414729061804, 0.36040477300477314], [0.24695793650793652, 0.2667651515151516, 0.18765835275835283, 0.29861855921855907], [0.23808859473859473, 0.23990302197802202, 0.2055805056055057, 0.31642787767787756], [0.23665049950049963, 0.20752051559551565, 0.21564275446775452, 0.34018623043623036], [0.17063898601398614, 0.33245121545121525, 0.1993976356976358, 0.2975121628371628], [0.22100165390165408, 0.3407228216228218, 0.1885278527028528, 0.24974767177267176], [0.2709246087246088, 0.25681991896991907, 0.1696716117216118, 0.3025838605838606], [0.3073811688311688, 0.3197969141969142, 0.11974908424908431, 0.2530728327228328], [0.22284090909090923, 0.3240748695748695, 0.1731283272283273, 0.2799558941058939], [0.26139353620235983, 0.28272147101264733, 0.13494199134199142, 0.3209430014430015], [0.2927677100677102, 0.18790007215007218, 0.17287483072483079, 0.34645738705738693], [0.24660600233100247, 0.2908866262392579, 0.1880866275537329, 0.2744207438760071], [0.20145558330558352, 0.27386926129426126, 0.1820794622044623, 0.34259569319569316], [0.2605697441447442, 0.27241659174159183, 0.15716937506937517, 0.3098442890442893], [0.2548714563214564, 0.2683917526917527, 0.17571628371628384, 0.3010205072705074], [0.21978099482217153, 0.276351485442662, 0.2241227909345557, 0.27974472880061113], [0.2523432456432456, 0.257557548007548, 0.17290043290043305, 0.3171987734487734], [0.23102534687534698, 0.2908282070870308, 0.1750685112273346, 0.30307793481028783], [0.24879459984459984, 0.27929460539460543, 0.15430354090354098, 0.3176072538572541], [0.240544882894883, 0.2601927516927516, 0.16497049062049077, 0.3342918747918748], [0.2205365162615162, 0.24765936759319127, 0.19022113442113445, 0.34158298172415835], [0.2579373126873129, 0.24267776341305752, 0.23797548889019482, 0.26140943500943514], [0.21485598845598858, 0.28792936116171425, 0.2178963298139769, 0.2793183205683206], [0.2588273115773117, 0.3199119935619934, 0.1561695304695305, 0.2650911643911645], [0.2335686147186149, 0.2604724747474751, 0.19456284271284272, 0.31139606782106793], [0.2146488428238429, 0.26345103230103223, 0.21033702131202153, 0.3115631035631037], [0.21857655677655696, 0.26663576978576986, 0.21967275502275516, 0.2951149184149184], [0.23775373792873827, 0.26942332667332675, 0.18261651404151422, 0.31020642135642146], [0.2273861915861916, 0.2532103341103342, 0.1883423964923966, 0.3310610778110778], [0.23473174048174048, 0.26841070596070593, 0.18197098457098473, 0.31488656898656875], [0.2768083832833833, 0.2293109838991419, 0.17978369919554132, 0.3140969336219335], [0.22690846375846385, 0.29309040404040393, 0.1924834554334556, 0.28751767676767687], [0.2596209984459986, 0.28906791863107645, 0.1737145156013578, 0.2775965673215672], [0.25701976911976915, 0.28959287901640846, 0.2073489180753887, 0.24603843378843382], [0.1854508935508936, 0.3014251803751805, 0.25261597846597844, 0.2605079476079478], [0.26990727050727037, 0.29271630395748044, 0.15198651903651914, 0.28538990649873014], [0.23755480304009724, 0.2926193278943279, 0.17079362190097508, 0.2990322471646002], [0.20283455988455998, 0.2812619047619047, 0.24884141414141425, 0.26706212121212136], [0.20154483849483842, 0.2624810661560661, 0.2577954906204907, 0.2781786047286048], [0.2608927647515883, 0.25002339686457353, 0.20249407259407268, 0.28658976578976575], [0.2654175677263914, 0.2750846522758289, 0.20744797424797423, 0.2520498057498058], [0.24258359418359426, 0.25729567099567124, 0.20995731490731487, 0.2901634199134199], [0.294731501831502, 0.25856435786435794, 0.1523407536907538, 0.2943633866133868], [0.20929388944388957, 0.29537032412032416, 0.19582489177489176, 0.2995108946608945], [0.21961030081030086, 0.2836291145129381, 0.18314608630963133, 0.31361449836712985], [0.24104987512487527, 0.27740143190143185, 0.23348336663336672, 0.24806532634032635], [0.21947195027195027, 0.3034823898323899, 0.15543541458541457, 0.32161024531024507], [0.21068101343101348, 0.28074957264957273, 0.21448366078366077, 0.29408575313575325], [0.25822152292152295, 0.292868831168831, 0.1492643356643357, 0.2996453102453101], [0.18390419580419587, 0.2789709568209568, 0.2370101565101566, 0.30011469086469084], [0.22578815351315348, 0.3061214166552402, 0.2061095571095571, 0.2619808727220493], [0.22920616883116887, 0.2942492784992784, 0.18439603174603178, 0.292148520923521], [0.3558963314463315, 0.19508410478410493, 0.16503312520812521, 0.28398643856143846], [0.2146995004995005, 0.22585173715173726, 0.23309488289488295, 0.3263538794538793], [0.24625661005661015, 0.28184840045575343, 0.18782830894595604, 0.28406668054168077], [0.23918173493173503, 0.26768432123432134, 0.17377155622155613, 0.31936238761238767], [0.21849787157287162, 0.2598787906537908, 0.21006967476967478, 0.31155366300366294], [0.264302308802309, 0.2805705811732129, 0.19860022784233322, 0.25652688218214537], [0.2404896880896882, 0.279453785103785, 0.17801659451659452, 0.3020399322899322], [0.19200170940170952, 0.28326454101454096, 0.20454007104007113, 0.32019367854367864], [0.22728449328449352, 0.2523618104118106, 0.21232899045399053, 0.3080247058497059], [0.2703117882117882, 0.26037958152958174, 0.16198252303252314, 0.3073261072261071], [0.24926905871905874, 0.21262842386371797, 0.24630266171736762, 0.2917998556998559], [0.23128421578421582, 0.3041330613830613, 0.18231492951492964, 0.2822677933177935], [0.2081560106560108, 0.24063525918525927, 0.19191389721389737, 0.35929483294483305], [0.208601295926296, 0.26214837939837954, 0.23605917530182244, 0.2931911493735024], [0.2672862637362638, 0.23340257520257535, 0.18790829725829727, 0.3114028638028637], [0.23804324841824875, 0.28222081529581533, 0.21387124542124555, 0.265864690864691], [0.2163812631812633, 0.28537892662892667, 0.20976217116217122, 0.28847763902763895], [0.2653084304584306, 0.24018290043290053, 0.19936269286269298, 0.2951459762459764], [0.22869610389610395, 0.2823216505716506, 0.1709432900432901, 0.31803895548895544], [0.2079158841158842, 0.2889672882672885, 0.23247614052614063, 0.2706406870906872], [0.30173967601026414, 0.2360784823020119, 0.17407493976611624, 0.28810690192160787], [0.25219038739038757, 0.24371612276612292, 0.17376118881118885, 0.3303323010323007], [0.249821727455551, 0.3266200030361797, 0.1418857337107338, 0.281672535797536], [0.2446909254144549, 0.2832882845912258, 0.16669391164391173, 0.3053268783504077], [0.23807429237429234, 0.2962527306027309, 0.181868093018093, 0.2838048840048839], [0.26522860750360755, 0.26767974291790086, 0.15352006560690776, 0.3135715839715841], [0.19338193081428381, 0.2712943786605553, 0.2280972031236737, 0.3072264874014875], [0.2378996503496502, 0.288217920967921, 0.16532001887001896, 0.30856240981240995], [0.24319464424464432, 0.24880405150405158, 0.24380775335775343, 0.26419355089355084], [0.2016481684981684, 0.2860643856143855, 0.1992100621600623, 0.3130773837273837], [0.1970155778861663, 0.29700853754089046, 0.22069555444555453, 0.2852803301273891], [0.23243952436452442, 0.2856731185481185, 0.2122280941280942, 0.26965926295926285], [0.23769957885252024, 0.2521696597520127, 0.2062476784653257, 0.3038830829301417], [0.27753607503607497, 0.28123703518703524, 0.15896045621045632, 0.28226643356643366], [0.25952407592407606, 0.26114285159285155, 0.17624223554223553, 0.303090836940837], [0.21892882950382947, 0.29407924575424566, 0.202130907980908, 0.28486101676101677], [0.20842768897768893, 0.28010490620490625, 0.1705558441558441, 0.34091156066156064], [0.2026271284271285, 0.3262809523809525, 0.2099420912420914, 0.2611498279498281], [0.24725964035964043, 0.2563570207570208, 0.17297549117549121, 0.32340784770784775], [0.22740847763347782, 0.27576907814407814, 0.20757365967365976, 0.2892487845487845], [0.2813165223665225, 0.2667303141303141, 0.1328211621711622, 0.3191320013320012], [0.22700599302658145, 0.2213473487297019, 0.28332087357087354, 0.26832578467284357], [0.19488938838938838, 0.32645748140748126, 0.17691581751581767, 0.3017373126873127], [0.25328524531024543, 0.2697844017094018, 0.14698130758130767, 0.3299490453990454], [0.27182834861217214, 0.3383194535856299, 0.12263104673104676, 0.2672211510711512], [0.21756238206238218, 0.24784655344655349, 0.2469642135642137, 0.28762685092685114], [0.23331654064889368, 0.22134635560517912, 0.24374328286092992, 0.30159382088499737], [0.23637848262848277, 0.24489032634032637, 0.20506938616938625, 0.31366180486180484], [0.19716930291930307, 0.2698643689643689, 0.24923016983016988, 0.2837361582861583], [0.2131257076257077, 0.2618246919746919, 0.24023790098790113, 0.2848116994116995], [0.25717304362304366, 0.25158528693528703, 0.2138033494283496, 0.27743832001332], [0.19592895437895444, 0.290647186147186, 0.20922011322011336, 0.3042037462537463], [0.17937455322455334, 0.3066470779220777, 0.20916608669108677, 0.3048122821622824], [0.2192027361527363, 0.22293045010545018, 0.21815471472971476, 0.3397120990120989], [0.2916962842712842, 0.26818030303030305, 0.17512579365079373, 0.26499761904761915], [0.22634726384726392, 0.30425375180375164, 0.21656546231546234, 0.2528335220335221]]}, "rewritten": {"ids": ["97106000", "97107040", "97116401", "97116790", "97116800", "97118210", "98107380", "98108410", "98108580", "98109090", "98109311", "98112170", "98112580", "98120530", "99108460", "99109860", "99116500", "100108520", "100108990", "100109000", "100109801", "100111080", "100111270", "100111390", "100111620", "100117420", "101108080", "101109370", "101111140", "101111310", "101111990", "101115190", "102110690", "102110750", "102111990", "102112301", "103111480", "103111540", "103113101", "103113260", "104110960", "104111531", "104111620", "104111990", "104112201", "104113210", "104113240", "104114320", "104116800", "105110251", "105111990", "105116501", "105117351", "105119950", "106111321", "106112770", "106113360", "106115120", "106116120", "106117770", "106118520", "106119260", "106119990", "106120640", "107113130", "107113180", "107113360", "107113840", "107114621", "107115140", "107118820", "107121640", "107121700", "108114040", "108114180", "108114360", "108115070", "108115870", "108115880", "108115970", "108117610", "108117720", "108118520", "108118630", "108118810", "108119330", "108120060", "108121190", "109113281", "109113931", "109114220", "109114270", "109115220", "109116170", "109118820", "109119340", "109120560", "109121640", "110114321", "110115140", "110115710", "110115980", "110116170", "110116300", "110117140", "110117870", "110118740", "110118880", "110119030", "111114121", "111114171", "111115770", "111116010", "111116990", "111117000", "111117480", "111119300", "111119930", "111120190", "111120280", "111120540", "111121190", "111121930", "112116800", "112116810", "112117210", "112117431", "112117580", "112118860", "112119450", "112119950", "112120540", "112121351", "113118231", "113118630", "113120280", "113121680", "113121980", "113122180", "113122220", "113122230", "113122430"], "labels": [0, 2, 3, 2, 0, 2, 1, 1, 0, 1, 1, 3, 2, 1, 0, 2, 2, 2, 2, 1, 0, 0, 2, 2, 3, 2, 0, 1, 2, 3, 2, 1, 0, 1, 2, 1, 0, 1, 3, 3, 2, 0, 0, 2, 0, 3, 2, 2, 1, 0, 2, 1, 0, 3, 0, 1, 0, 1, 1, 0, 2, 1, 0, 3, 1, 3, 0, 3, 0, 0, 3, 1, 3, 0, 1, 1, 1, 3, 3, 2, 3, 1, 0, 1, 1, 0, 1, 1, 0, 1, 3, 3, 3, 0, 3, 3, 1, 0, 1, 0, 2, 1, 0, 3, 3, 3, 3, 0, 0, 0, 3, 3, 1, 0, 0, 1, 1, 1, 3, 0, 1, 1, 1, 0, 3, 1, 0, 0, 3, 3, 0, 3, 0, 3, 3, 0, 1, 2, 2, 1, 1, 2], "predicted_labels": [1, 3, 1, 3, 3, 0, 3, 3, 3, 3, 1, 3, 1, 3, 3, 1, 1, 3, 1, 3, 1, 1, 1, 3, 0, 3, 1, 1, 3, 1, 3, 3, 3, 1, 1, 3, 0, 3, 1, 1, 2, 1, 3, 1, 3, 1, 1, 1, 3, 0, 1, 3, 3, 0, 1, 3, 3, 3, 3, 3, 1, 3, 1, 3, 1, 1, 1, 1, 0, 3, 1, 3, 1, 1, 1, 1, 1, 3, 3, 3, 3, 3, 3, 3, 0, 3, 1, 1, 0, 1, 3, 1, 3, 1, 1, 1, 3, 3, 3, 3, 3, 3, 3, 0, 3, 3, 3, 3, 3, 1, 1, 1, 1, 3, 3, 1, 1, 3, 3, 3, 3, 3, 3, 3, 3, 3, 3, 1, 1, 1, 3, 1, 1, 3, 1, 3, 3, 3, 3, 1, 3, 1], "confidence_scores": [[0.21065532245532242, 0.30905980130980126, 0.22168261575026288, 0.2586022604846133], [0.2297425685425686, 0.27868271173271164, 0.1823009102009103, 0.3092738095238095], [0.23232222222222235, 0.2910169552669552, 0.20156865079365072, 0.27509217171717176], [0.23060606060606084, 0.27198866133866134, 0.22090040515040535, 0.276504872904873], [0.2633469086469087, 0.2329611555111556, 0.2333298368298369, 0.270362099012099], [0.2581208002781533, 0.2419694924356689, 0.2567213123477831, 0.24318839493839495], [0.2737474469974472, 0.24355615495615496, 0.1924146242646244, 0.29028177378177394], [0.2653085664335666, 0.23731821789321816, 0.18705035797535802, 0.3103228576978576], [0.24283213453213476, 0.26649283771783766, 0.21884297091797106, 0.27183205683205686], [0.23071987375369732, 0.24106172079554444, 0.17805286184403835, 0.35016554360672025], [0.23392354214413047, 0.29801275358628304, 0.1779848409760175, 0.29007886329356897], [0.2634281163281164, 0.22210652403152406, 0.1707730880230881, 0.34369227161727145], [0.18876915584415588, 0.30121735731588667, 0.2389501890266598, 0.27106329781329785], [0.24968216946452249, 0.27397082166199815, 0.18915999588646648, 0.287187012987013], [0.23576970415205706, 0.27852669552669573, 0.19738577925342637, 0.28831782106782106], [0.21800033855033865, 0.3242096903096905, 0.20576648906648906, 0.25202348207348213], [0.2113745826069358, 0.2893283863195628, 0.2584070044334751, 0.24089002664002665], [0.2662465274921157, 0.24507320898056198, 0.21976129981129994, 0.2689189637160226], [0.24212682595182627, 0.26810556943056957, 0.22336904761904774, 0.26639855699855725], [0.20390732323232333, 0.28987999745352677, 0.18621073403720464, 0.32000194527694525], [0.21230088800088814, 0.3248338605838606, 0.15292682872682875, 0.3099384226884226], [0.2209618631368632, 0.3189405178155175, 0.21177229992229996, 0.2483253191253192], [0.17707650127650132, 0.3093724525474526, 0.2620673929012164, 0.2514836532748299], [0.2074256354756357, 0.24868714896214905, 0.23006179653679665, 0.31382541902541916], [0.27325657675657694, 0.22691748251748264, 0.22771961926961948, 0.2721063214563214], [0.21520692608045555, 0.2918423971453383, 0.190250654900655, 0.3027000218735513], [0.28439116439116446, 0.2885273837273837, 0.148879353979354, 0.27820209790209793], [0.20777387057387064, 0.32586319432201777, 0.20864555444555458, 0.2577173806585573], [0.2816022134728018, 0.20586714086567037, 0.19314692333809985, 0.3193837223234282], [0.21322181984681993, 0.29443488455988465, 0.23560755355755358, 0.2567357420357422], [0.1902989288489289, 0.2527476495726496, 0.2268689635527873, 0.33008445802563424], [0.22931863414363418, 0.2801544799971271, 0.20870022200022206, 0.28182666385901695], [0.25652373737373735, 0.27934189144189153, 0.1598303474303475, 0.30430402375402366], [0.2144553335553336, 0.29519557664557683, 0.22706441336441338, 0.26328467643467657], [0.26457806637806647, 0.2791022328548645, 0.19815066074276616, 0.2581690400243032], [0.2732154753742991, 0.2819214008214009, 0.1518964959876725, 0.29296662781662786], [0.270762592962593, 0.26741197136197137, 0.19775598290598295, 0.2640694527694529], [0.20760458152958158, 0.24450216450216475, 0.23105158730158734, 0.31684166666666674], [0.23095472370766498, 0.34136038340744224, 0.18394408369408377, 0.24374080919080918], [0.19755206460206465, 0.3130670412920413, 0.2098676406926407, 0.2795132534132534], [0.21839352869352865, 0.24713147963147974, 0.27030154012654023, 0.2641734515484516], [0.25221359196359194, 0.33061915306915307, 0.13059114774114783, 0.2865761072261072], [0.26000683205683217, 0.2181849650349651, 0.17542386779886787, 0.3463843351093351], [0.24483160173160182, 0.28001255411255405, 0.22512547730047744, 0.25003036685536684], [0.26543645798645804, 0.27570483405483415, 0.14773533133533143, 0.31112337662337664], [0.24353205683205698, 0.27602181707181705, 0.22214407536907543, 0.25830205072705087], [0.2411801300007183, 0.29462406090641396, 0.1821821289821289, 0.282013680110739], [0.21633806193806202, 0.27743977133977143, 0.23199133644133643, 0.2742308302808304], [0.22159769119769127, 0.2781702436452436, 0.19934753302253305, 0.3008845321345322], [0.3176207070707071, 0.27477866022866027, 0.15310972915972915, 0.2544909035409036], [0.21508481240981245, 0.30629099511599517, 0.1770035991785993, 0.30162059329559326], [0.2578383061383061, 0.2706034021534022, 0.17047736707736708, 0.30108092463092445], [0.2388158064158064, 0.27208163503163496, 0.16692793317793328, 0.32217462537462493], [0.2955818542568543, 0.2635430347430347, 0.1944020757020757, 0.24647303529803533], [0.24540662393162416, 0.2901914196914198, 0.204055316905317, 0.26034663947163944], [0.18951383061383076, 0.2749383300909614, 0.24025785150521994, 0.29528998778998783], [0.2313869297369299, 0.29044795759795755, 0.1834517926517927, 0.29471332001332], [0.25760331890331883, 0.25726029526029526, 0.16757808857808867, 0.3175582972582972], [0.2548728105228107, 0.23770719280719288, 0.2140942168942171, 0.2933257797757796], [0.24969002941502946, 0.2471032467532468, 0.23860344100344108, 0.26460328282828305], [0.1950513597513599, 0.30413202908202913, 0.23315143745143754, 0.2676651737151739], [0.1935329392829394, 0.2676218337218337, 0.18858105783105805, 0.3502641691641692], [0.23031598630128056, 0.31293789821289825, 0.1761294083367614, 0.2806167071490602], [0.2596124946948476, 0.2601019588254882, 0.20743468622880404, 0.2728508602508602], [0.23558559855177522, 0.2818446997446997, 0.21956334221334226, 0.26300635949018314], [0.15446278998779, 0.3215282534459007, 0.2450967754467756, 0.27891218111953414], [0.2948304528804531, 0.31028874458874456, 0.16188347208347212, 0.23299733044733056], [0.2527333555333555, 0.2770215728715728, 0.20187393162393175, 0.2683711399711399], [0.3213741064491064, 0.24802593795093805, 0.12623530913530917, 0.30436464646464656], [0.247965098790099, 0.2029849733599734, 0.2039009712509712, 0.3451489565989566], [0.20257604895104908, 0.30030012846630494, 0.21249592335768822, 0.28462789922495796], [0.23956609501609513, 0.25412444222444225, 0.19197201687201693, 0.314337445887446], [0.2099445443445445, 0.2908927711177712, 0.20916254023754033, 0.2900001443001444], [0.2068467421467422, 0.28267700077700075, 0.2339460983460985, 0.27653015873015874], [0.2109584082584084, 0.30609775502275494, 0.20535317182817184, 0.2775906648906648], [0.23415671615965764, 0.29830623347240987, 0.19281175017792673, 0.2747253001900061], [0.22675810578310593, 0.29883735431235436, 0.2046588078588079, 0.2697457320457322], [0.221848480930834, 0.2310722147133912, 0.18713527061174132, 0.3599440337440339], [0.23499715839715846, 0.2613923076923076, 0.22049471084471095, 0.28311582306582334], [0.23448987123987142, 0.2844821306144835, 0.16996885728650432, 0.3110591408591411], [0.18388605006105008, 0.27922139249639255, 0.23077327672327685, 0.3061192807192807], [0.23631520146520166, 0.2653612332112334, 0.17096134976134977, 0.32736221556221545], [0.2683421828171828, 0.26482239748555547, 0.17674137207821422, 0.2900940476190475], [0.24871528471528487, 0.2758143911643912, 0.17546912531912545, 0.3000011988011988], [0.2665076673326674, 0.26454486346986367, 0.20803352399234754, 0.260913945205122], [0.2278329670329672, 0.23510548340548348, 0.22864731379731384, 0.3084142357642357], [0.22270007215007223, 0.2979871239871241, 0.20506306193806195, 0.274249741924742], [0.18750464812964812, 0.3228135702017283, 0.19234796548480762, 0.2973338161838162], [0.29442192252192256, 0.28742380397380396, 0.15000754800754812, 0.2681467254967255], [0.2464040126540128, 0.28472972582972594, 0.19667792207792198, 0.2721883394383395], [0.2190071761571763, 0.20654879009879024, 0.21846142468642468, 0.3559826090576092], [0.26229806304806325, 0.2926306304806305, 0.15388149628149636, 0.2911898101898104], [0.21829530469530473, 0.2714016796928562, 0.21975497835497856, 0.29054803725686085], [0.24510376845376863, 0.28864560994561006, 0.1856290764790765, 0.28062154512154536], [0.23635379620379626, 0.29518921633921646, 0.18143460428460442, 0.28702238317238304], [0.21111333943833946, 0.3086951386332966, 0.19737527706211933, 0.2828162448662449], [0.2578394597232833, 0.24047791456909112, 0.20303267843267853, 0.29864994727494737], [0.24048749257278676, 0.2522246919746921, 0.1755547857371389, 0.33173302971538277], [0.23802365967365977, 0.2969406648906648, 0.15888351093351105, 0.3061521645021644], [0.2369386446886447, 0.2452340187590188, 0.1980829365079366, 0.31974440004439997], [0.21431578421578418, 0.27221060606060615, 0.1639978354978355, 0.34947577422577425], [0.2536999056499057, 0.2577334776334777, 0.1665288156288158, 0.32203780108780095], [0.25481646131646146, 0.287922227772228, 0.15390798090798102, 0.3033533300033301], [0.2824440412528647, 0.26680228937728956, 0.1874859287771053, 0.2632677405927407], [0.23479302364302373, 0.2696534576534576, 0.16897754190254202, 0.3265759768009767], [0.2110904623154624, 0.23567120379620388, 0.22286185481185503, 0.33037647907647916], [0.3012480186480186, 0.20552624641440437, 0.17072567780516698, 0.32250005713241015], [0.2653430311518547, 0.2653350851762616, 0.13438463203463208, 0.3349372516372517], [0.26775057720057716, 0.28647210012210006, 0.15691283161283173, 0.28886449106449114], [0.2761722519310754, 0.34234751359751353, 0.11738592322709974, 0.2640943112443113], [0.26900352425352436, 0.2901677312453629, 0.15361595933306466, 0.28721278516804843], [0.23109759129759144, 0.3105126262626261, 0.1507425685425685, 0.3076472138972139], [0.26068389388389396, 0.28531689584924885, 0.2058926945603416, 0.2481065157065158], [0.2053429165605636, 0.2852370978694508, 0.20433138528138525, 0.30508860028860035], [0.20439008214008217, 0.28905858585858585, 0.19746553724053756, 0.3090857947607948], [0.2638416472416474, 0.2945497797524112, 0.1759211902132956, 0.26568738279264587], [0.20482056277056282, 0.3554236652236652, 0.15553518703518712, 0.2842205849705851], [0.23841283161283167, 0.2664172605172606, 0.17548881118881124, 0.3196810966810965], [0.2219554295377826, 0.23154521230403588, 0.27219065052594466, 0.2743087076322371], [0.2718718170718172, 0.23060315240315246, 0.1960375901875902, 0.3014874403374405], [0.2803898878898878, 0.27278219003219034, 0.16208677433677432, 0.2847411477411475], [0.26341806526806544, 0.24446572316572326, 0.19763394938394943, 0.2944822621822622], [0.26309546287046304, 0.2737741702741702, 0.1819206987456989, 0.2812096681096681], [0.21734512154512167, 0.28603489843489843, 0.1905340548340549, 0.3060859251859253], [0.24974413919413926, 0.25937105672105687, 0.22799020424020433, 0.2628945998445999], [0.2123947996447996, 0.26576300921300927, 0.21390167610167618, 0.3079405150405151], [0.2556970020175904, 0.2762476279826127, 0.1582605432579117, 0.3097948267418855], [0.2699550172050173, 0.30437699522699524, 0.1807514985014986, 0.2449164890664892], [0.285742884892885, 0.3426438672438671, 0.15091065046065053, 0.22070259740259754], [0.27731577866577856, 0.2938102786102787, 0.15330042180042194, 0.275573520923521], [0.3106367909867908, 0.19480517815517817, 0.16635649350649354, 0.3282015373515373], [0.23385898268398272, 0.2997589105339107, 0.19202621822621826, 0.27435588855588844], [0.21515111000111015, 0.31236778221778233, 0.20283143800643802, 0.26964966977467], [0.2190520499108734, 0.2719568411980178, 0.20313217893217905, 0.30585892995893], [0.22144893994894005, 0.3100546176046175, 0.19201075036075044, 0.27648569208569224], [0.27708906093906116, 0.19428797868797873, 0.1692906593406594, 0.35933230103230107], [0.23741169108669108, 0.28171518204018214, 0.1902147630147631, 0.2906583638583642], [0.27795892963245916, 0.2768840610370024, 0.13274056499056505, 0.3124164443399737], [0.22036553609788911, 0.23711931956931978, 0.22002813134577842, 0.322487012987013], [0.24763992118992129, 0.29686077811077816, 0.16870577200577208, 0.28679352869352875], [0.2800181873681873, 0.270524814074814, 0.16453302808302822, 0.2849239704739705], [0.20410578865578874, 0.3078905705405706, 0.1803943889443891, 0.3076092518592516]]}}