{"test": {"ids": ["99112300", "110120700", "110121450", "97105760", "105119550", "109117271", "101110150", "103113101", "99109780", "101114990", "113118620", "108114200", "103120730", "104114410", "100111390", "107121700", "107121230", "97107260", "111119300", "111114321", "109117110", "110118701", "100111080", "104110960", "108119510", "109114030", "106113170", "107117630", "104111880", "112118161", "113122650", "105112100", "113120751", "112117780", "108118301", "105118740", "105117351", "111118820", "109120621", "97112290", "105116090", "113120280", "104114230", "111119930", "100109910", "99108520", "108121190", "113117340", "109121410", "110118301", "97106600", "99107500", "100109000", "98120530", "98110230", "108118291", "100111270", "97110950", "106112770", "104113550", "111118810", "113119700", "107115140", "110114720", "109114651", "112118930", "111120531", "107120010", "98106560", "98107010", "109120540", "108118630", "108120280", "113118111", "98108580", "99108460", "109115380", "107114140", "113119320", "100115700", "99110050", "111116100", "99105921", "110114610", "105110091", "102109910", "108120260", "110117110", "101111990", "105116980", "98120010", "111121220", "108113480", "108120060", "113121010", "112119120", "101113210", "107121540", "104116800", "112118581", "101108290", "100116790", "111117571", "113122220", "106113830", "106116370", "99108330", "104111780", "98108410", "110115120", "105114220", "113119340", "97106820", "97107920", "98113881", "113122160", "108114360", "112117790", "110113931", "104111380", "111119580", "105119950", "99109910", "107114621", "112120540", "107113360", "100109360", "110117870", "106116640", "113120531", "104119290", "97114170", "100109330", "106116850", "100108990", "111120190", "112118890", "103117461", "110116441", "104114320", "105118230", "112117571"], "labels": [0, 2, 3, 0, 1, 0, 1, 3, 2, 3, 3, 0, 1, 1, 2, 3, 0, 2, 1, 1, 1, 3, 0, 2, 1, 1, 0, 0, 3, 0, 2, 1, 1, 0, 1, 1, 0, 0, 1, 1, 1, 0, 2, 1, 2, 2, 1, 2, 0, 1, 3, 0, 1, 1, 3, 3, 2, 3, 1, 1, 0, 0, 0, 3, 3, 1, 0, 1, 1, 3, 1, 1, 3, 1, 0, 0, 3, 2, 1, 1, 3, 3, 1, 1, 0, 2, 1, 0, 2, 0, 2, 3, 0, 1, 2, 1, 3, 2, 1, 1, 0, 2, 3, 1, 1, 2, 1, 3, 1, 0, 3, 0, 1, 0, 3, 3, 1, 3, 1, 3, 3, 3, 2, 0, 3, 0, 0, 3, 3, 0, 1, 2, 0, 3, 2, 3, 3, 0, 3, 2, 1, 3], "predicted_labels": [3, 3, 3, 3, 2, 3, 1, 3, 2, 1, 1, 1, 2, 1, 2, 3, 3, 2, 2, 0, 3, 0, 1, 3, 3, 3, 0, 0, 3, 1, 2, 3, 0, 3, 3, 2, 0, 0, 3, 3, 3, 3, 0, 3, 3, 1, 1, 3, 1, 3, 0, 1, 3, 3, 1, 3, 3, 0, 1, 0, 3, 3, 3, 2, 0, 3, 0, 3, 3, 3, 1, 3, 3, 3, 1, 1, 1, 3, 0, 3, 3, 1, 1, 1, 0, 0, 3, 1, 3, 0, 2, 1, 0, 0, 1, 3, 3, 2, 3, 1, 1, 1, 3, 1, 0, 0, 3, 0, 3, 3, 0, 0, 0, 0, 1, 3, 3, 3, 3, 2, 0, 0, 2, 3, 1, 0, 0, 3, 0, 3, 0, 3, 1, 2, 1, 3, 3, 1, 1, 0, 1, 3], "confidence_scores": [[0.0008553065068969595, 0.00013972489807958683, 0.0013843481526108895, 0.9976206204424126], [0.004795237904517565, 0.006439634649422236, 0.0037081923298904634, 0.9850569351161698], [0.04488068230758419, 0.004319480470568629, 0.00015760552695861686, 0.9506422316948885], [0.020172954437231425, 0.00037525205352043165, 0.0006150345291721263, 0.978836758980076], [0.0074998568137845945, 0.10105365402267963, 0.8794048186541883, 0.012041670509347487], [0.008031863970127668, 0.0011288471769380242, 0.001429232024121038, 0.9894100568288132], [0.0002743985047435795, 0.9993759393193973, 0.0002986603575213652, 5.100181833777598e-05], [0.005528800932224831, 0.13360174481085077, 0.016254580252627156, 0.8446148740042972], [0.025243725795526997, 0.0037416171262523047, 0.9700236782205894, 0.000990978857631225], [0.023700691276148513, 0.4717055572692664, 0.42912185602094594, 0.07547189543363904], [0.0019515247754078873, 0.980804444755361, 0.0031257150620623065, 0.014118315407168935], [0.011992158754878161, 0.39429805860111683, 0.2645970512853207, 0.3291127313586843], [0.14290440963484333, 0.2496406175055417, 0.5671034773289789, 0.04035149553063605], [0.15018996985566135, 0.5025781306789397, 0.2651121693925917, 0.08211973007280725], [0.10502726254012874, 0.2379360806553419, 0.5390899419839754, 0.11794671482055392], [0.30617218849486133, 0.20489555441217017, 0.042098777582480394, 0.44683347951048813], [0.025483902952159472, 0.002279171031797116, 0.0010337790447320755, 0.9712031469713113], [0.46990240358723945, 0.023627790960120135, 0.5056912322216156, 0.000778573231024795], [0.006321072045386082, 0.3531840554097143, 0.6269533624268092, 0.01354151011809031], [0.7199627452360006, 0.17124085653824211, 0.00221899482530548, 0.10657740340045184], [0.022382285703981396, 0.007474603003246646, 0.02992960472100828, 0.9402135065717636], [0.8209912569634851, 0.11844399033000452, 0.0016039835027598008, 0.05896076920375058], [0.0006637360443829569, 0.7094632869753432, 0.2894557205750074, 0.0004172564052663989], [0.1508889264471331, 0.08197804361689616, 0.34885241437464226, 0.41828061556132856], [0.024236288152790404, 0.14408179981107547, 0.06618917755066481, 0.7654927344854694], [0.15579740518929883, 0.0015289497481776571, 0.18800811251791044, 0.6546655325446131], [0.8725067129958247, 0.019901292929873957, 0.001304354660915428, 0.1062876394133859], [0.9608096425419971, 0.0007251114867451809, 0.03766432173733307, 0.0008009242339246874], [0.00027042810632164986, 0.04137223922083485, 0.06568536211455633, 0.8926719705582872], [0.022228286453781974, 0.9754666167521674, 0.0016947324482517111, 0.0006103643457989466], [0.033795183943874936, 0.14271564125872216, 0.8181651045947804, 0.005324070202622443], [0.17573734261821786, 0.0030301168554423726, 0.0639379666033159, 0.7572945739230238], [0.9252561756316258, 0.00022716845286813248, 0.0009443171974535814, 0.07357233871805238], [0.007023087356748833, 0.015447779158080828, 0.0015038025930814909, 0.9760253308920888], [0.0004903565273314497, 0.05966239711908793, 0.002246729955892256, 0.9376005163976883], [0.07351732031944638, 0.00739350693921831, 0.6230178481055911, 0.2960713246357442], [0.6064673599152005, 0.0017362129471588368, 0.0017355457295644664, 0.3900608814080762], [0.991862202730455, 0.0005849988857469583, 3.07670463366376e-05, 0.007522031337461415], [0.011704150324745297, 0.0009971777027684605, 0.0005337629099558321, 0.9867649090625304], [0.10700385778025957, 0.27613790315173214, 0.06006191546916308, 0.5567963235988452], [0.057758226758495027, 0.18634018648871498, 0.00015970033966591373, 0.755741886413124], [0.1483122651900903, 2.946946497489507e-05, 0.00011056715055646514, 0.8515476981943784], [0.6245166913835859, 0.1600037168049588, 0.13948634051741723, 0.07599325129403806], [0.002115032317966795, 0.001749286084640585, 0.00017289952542428322, 0.9959627820719683], [0.18013270944391244, 0.006864183307088498, 0.0029386883782740953, 0.810064418870725], [0.01084774365679219, 0.8895546309826331, 0.09008225279532944, 0.009515372565245393], [0.00014359281412848642, 0.8942270117668251, 0.08459491108405415, 0.021034484334992276], [0.023671372884305632, 0.013960557586721037, 0.00047359791480485125, 0.9618944716141685], [0.000589646167254698, 0.4236508060391229, 0.21640618746196658, 0.35935336033165577], [0.010163792068373053, 0.027543023211740982, 0.013797329925439129, 0.9484958547944468], [0.9072104290951032, 0.01842067394235687, 0.0025433715445674914, 0.07182552541797244], [0.05088586160790179, 0.8336253080142126, 0.09684728297591684, 0.01864154740196871], [0.0018106911322558659, 0.013264578020119488, 0.0003751502630621156, 0.9845495805845624], [0.011651217523942521, 0.08591095703266652, 0.16372639598752675, 0.7387114294558642], [0.00475643558060753, 0.6316744331475566, 0.03154949064496826, 0.3320196406268676], [0.012894470122250099, 0.161272837670448, 1.341907789086882e-05, 0.8258192731294111], [0.06444571695664446, 0.18811856857226716, 0.08902175201647798, 0.6584139624546104], [0.9933518769336538, 0.0051683900407600205, 0.0013942618980806664, 8.547112750545378e-05], [0.0025353349869462545, 0.9934582169135643, 0.0019601664279078786, 0.0020462816715817156], [0.9072998143605341, 0.01210023978259164, 0.0037328145996147867, 0.07686713125725968], [0.039492275082987645, 0.003035328999775569, 0.25937211226920903, 0.6981002836480277], [0.05969686838954284, 0.34717779575524915, 0.22104042625801879, 0.3720849095971893], [0.026451917944596122, 0.00019579683331553534, 0.0003099241289456213, 0.9730423610931428], [0.003223483333789211, 0.24268795416084527, 0.745293712472508, 0.008794850032857468], [0.4827592405697204, 0.0034294079551007075, 0.03659627147008507, 0.4772150800050939], [0.01926916806029505, 0.019085119777285435, 0.0007432045549455738, 0.960902507607474], [0.5657282108139908, 0.03353563056946158, 0.0034872737175773425, 0.39724888489897014], [0.21037952691284376, 0.0001293510078052298, 0.04995631771939332, 0.7395348043599578], [0.007666165411677533, 0.0026862932096991757, 0.2553500514721898, 0.7342974899064335], [0.17065979597109063, 0.0060203749455115295, 0.027576399362108994, 0.7957434297212889], [0.07911154824677029, 0.4966316544324844, 0.16425936508140307, 0.25999743223934235], [4.840230148702022e-05, 0.00012480293243175033, 0.03336361091869903, 0.9664631838473822], [0.009866719476931253, 1.736437767123703e-05, 0.00180664582846937, 0.9883092703169281], [0.04839729408825437, 0.0011701619719643953, 0.057146011538644494, 0.8932865324011368], [0.021488780866294743, 0.7722479114656156, 0.016003545097079307, 0.19025976257101046], [0.0022455201497308362, 0.6261723577275564, 0.018763372260322833, 0.3528187498623899], [0.04443415625010906, 0.7852956098171077, 0.15435844903408769, 0.015911784898695776], [0.08313388492279575, 0.21650429143403843, 0.03337837123374149, 0.6669834524094244], [0.6906945295280886, 0.010613875476095744, 0.002632874239535725, 0.29605872075627987], [0.0022393179935963135, 0.02402397122933725, 0.010578216083155068, 0.9631584946939113], [0.15501553996423748, 0.10666458330397068, 0.04649402409371962, 0.6918258526380723], [0.09899137768752662, 0.6843265368360727, 0.0005533718508823687, 0.21612871362551844], [0.013081001241959508, 0.5695662318329784, 0.17598578652481167, 0.2413669804002504], [0.20788264819680638, 0.6353635927615554, 0.15210673637966837, 0.004647022661969913], [0.9857565061442607, 0.005704803796381497, 0.0023837069949702383, 0.006154983064387597], [0.9339920915785167, 0.013757352458636907, 0.002495934380827224, 0.04975462158201928], [0.0032844294044268884, 0.005515635565863597, 0.09575978293868444, 0.8954401520910251], [0.1832516526969827, 0.8034268141377244, 0.0027869540348433946, 0.010534579130449341], [0.01749730704415227, 0.004292571068986881, 0.063079310495091, 0.91513081139177], [0.7930332860708641, 0.04401041482992157, 0.00018848970431422876, 0.16276780939490001], [0.004780473541413718, 0.0005838992456051502, 0.542295239326813, 0.4523403878861681], [0.17225981255331854, 0.4560996805434221, 0.08072472840519311, 0.29091577849806627], [0.5714411504166907, 0.1348356995912847, 0.0015626041000816313, 0.292160545891943], [0.9562871021445445, 0.011705752531106055, 0.023659181004912724, 0.008347964319436574], [0.03703977873766476, 0.8165097083637578, 0.138822853891347, 0.007627659007230295], [0.001954431138842085, 0.01680437157830972, 0.0010652842207154738, 0.9801759130621327], [0.010556083677091965, 0.008086168089260043, 0.2841600926843544, 0.6971976555492937], [0.0015315665277678724, 0.15396336159164414, 0.8178770382531217, 0.026628033627466255], [0.03463969133743222, 0.011340919689333914, 0.0002576168448290981, 0.9537617721284048], [0.017177400611235433, 0.7635111195245308, 0.21889835232526458, 0.0004131275389691726], [0.18319286900477225, 0.7529953636248258, 0.034437353132124746, 0.029374414238277184], [0.13540210367229874, 0.6800053941846912, 0.16939753906842867, 0.015194963074581444], [0.23956003279127652, 0.1635351586076988, 0.028267287887281275, 0.5686375207137434], [0.043369370445920125, 0.9485177864112908, 0.0017015635639614196, 0.006411279578827611], [0.8298501101195968, 0.050697286567724695, 0.008976787123477012, 0.11047581618920153], [0.9294291338674459, 0.023532494588687995, 0.024625286092863966, 0.02241308545100223], [0.1681005841327863, 4.410313012023401e-05, 0.10949286169724558, 0.7223624510398479], [0.7633720205340343, 0.209065778410014, 0.00396945119148581, 0.02359274986446599], [0.07863311183165476, 0.03651485112143626, 0.07408024971677866, 0.8107717873301303], [0.452807913715851, 0.0015209217364791484, 0.021012128695920843, 0.524659035851749], [0.5160495437778952, 0.0003124937985430563, 0.002084598026915637, 0.4815533643966462], [0.9826514521376567, 0.016710984436423798, 3.2779686049684338e-06, 0.0006342854573146053], [0.6449101980046813, 0.13669731122140202, 0.006926868140525454, 0.21146562263339116], [0.9945260692410297, 6.163171005069163e-05, 0.0012190433411317445, 0.004193255707787913], [0.0007492284174016429, 0.9966004815985798, 0.0015977216923801897, 0.0010525682916383682], [0.09328401880821816, 0.006464882508395327, 0.13126798445049068, 0.7689831142328958], [0.20400485818018327, 0.0005234438478380477, 0.010195481353967799, 0.785276216618011], [0.2961284866725869, 0.00015813559989739096, 6.202642845723355e-05, 0.7036513512990584], [0.22083456980572602, 0.1700810282327748, 0.0688036428939668, 0.5402807590675324], [0.05841349612113293, 0.02571478738590768, 0.8842916484798166, 0.03158006801314282], [0.6664588828949731, 0.032482950413263594, 0.007071025060796788, 0.29398714163096656], [0.7986244829366383, 0.0596052695703826, 0.05369338879397704, 0.0880768586990019], [0.1324054031110243, 0.03686147260953888, 0.7202242942789672, 0.11050883000046974], [0.03689095156150841, 0.001359030958246113, 1.1538553758534444e-06, 0.9617488636248697], [0.002339258812870469, 0.9971668607726482, 0.0003537847925811467, 0.0001400956219003134], [0.5345748868259145, 0.44681355352748403, 0.0010258994191182163, 0.017585660227483365], [0.8409444511500128, 0.04470862575710492, 0.00893721595539735, 0.10540970713748479], [0.1184312320092346, 0.04361664299028607, 0.01670301131763139, 0.8212491136828479], [0.9720065098032622, 0.0024433740212680953, 0.00023467339488412523, 0.025315442780585347], [0.17204033268422053, 0.014233386737906693, 0.015636993274422657, 0.7980892873034501], [0.9052732615028397, 0.04143284184189116, 0.05097679806678211, 0.0023170985884870716], [0.004164221414727472, 0.2179700403541042, 0.2334881135525198, 0.5443776246786486], [0.014770688800991767, 0.717067830628707, 0.053998993712613776, 0.21416248685768735], [0.006253369914338491, 0.003954275483133664, 0.989790068157507, 2.286445020799465e-06], [0.3084355457632149, 0.6561308987032737, 0.030848966629102012, 0.004584588904409404], [0.1868520871114826, 0.019903289999768706, 0.05297766504099857, 0.7402669578477501], [0.08319245945761021, 0.031543086225044994, 0.24624589931618404, 0.6390185550011607], [0.0006999963647749875, 0.9968096362467348, 0.0002351500542685025, 0.002255217334221763], [0.21657406532830775, 0.6578361677178535, 0.009407590233135288, 0.1161821767207035], [0.4396769145286631, 0.4141720128929204, 0.13660308362072565, 0.009547988957690795], [0.0007842565442246478, 0.9330947876246414, 0.06281330054047252, 0.003307655290661477], [0.19514673476216882, 0.03177657473669106, 0.15266795606550382, 0.6204087344356363]]}, "rewritten": {"ids": ["97105760", "97106600", "97106820", "97107260", "97107920", "97110950", "97112290", "97114170", "98106560", "98107010", "98108410", "98108580", "98110230", "98113881", "98120010", "98120530", "99105921", "99107500", "99108330", "99108460", "99108520", "99109780", "99109910", "99110050", "99112300", "100108990", "100109000", "100109330", "100109360", "100109910", "100111080", "100111270", "100111390", "100115700", "100116790", "101108290", "101110150", "101111990", "101113210", "101114990", "102109910", "103113101", "103117461", "103120730", "104110960", "104111380", "104111780", "104111880", "104113550", "104114230", "104114320", "104114410", "104116800", "104119290", "105110091", "105112100", "105114220", "105116090", "105116980", "105117351", "105118230", "105118740", "105119550", "105119950", "106112770", "106113170", "106113830", "106116370", "106116640", "106116850", "107113360", "107114140", "107114621", "107115140", "107117630", "107120010", "107121230", "107121540", "107121700", "108113480", "108114200", "108114360", "108118291", "108118301", "108118630", "108119510", "108120060", "108120260", "108120280", "108121190", "109114030", "109114651", "109115380", "109117110", "109117271", "109120540", "109120621", "109121410", "110113931", "110114610", "110114720", "110115120", "110116441", "110117110", "110117870", "110118301", "110118701", "110120700", "110121450", "111114321", "111116100", "111117571", "111118810", "111118820", "111119300", "111119580", "111119930", "111120190", "111120531", "111121220", "112117571", "112117780", "112117790", "112118161", "112118581", "112118890", "112118930", "112119120", "112120540", "113117340", "113118111", "113118620", "113119320", "113119340", "113119700", "113120280", "113120531", "113120751", "113121010", "113122160", "113122220", "113122650"], "labels": [0, 3, 1, 2, 0, 3, 1, 2, 1, 3, 1, 0, 3, 3, 2, 1, 1, 0, 1, 0, 2, 2, 2, 3, 0, 2, 1, 0, 0, 2, 0, 2, 2, 1, 2, 0, 1, 2, 3, 3, 2, 3, 0, 1, 2, 3, 3, 3, 1, 2, 2, 1, 1, 1, 0, 1, 3, 1, 0, 0, 1, 1, 1, 3, 1, 0, 1, 2, 3, 3, 0, 2, 0, 0, 0, 1, 0, 2, 3, 0, 0, 1, 3, 1, 1, 1, 1, 1, 3, 1, 1, 3, 3, 1, 0, 1, 1, 0, 1, 1, 3, 0, 3, 0, 3, 1, 3, 2, 3, 1, 3, 3, 0, 0, 1, 3, 1, 3, 0, 3, 3, 0, 3, 0, 1, 3, 1, 1, 3, 2, 1, 3, 1, 0, 0, 0, 0, 1, 2, 3, 1, 2], "predicted_labels": [3, 0, 3, 2, 0, 0, 3, 3, 3, 3, 3, 1, 2, 3, 2, 3, 2, 1, 2, 1, 2, 2, 2, 1, 3, 2, 3, 1, 0, 0, 2, 2, 3, 3, 0, 3, 3, 3, 3, 1, 0, 1, 1, 0, 2, 3, 1, 0, 0, 0, 3, 0, 3, 0, 0, 3, 0, 3, 0, 3, 1, 3, 1, 3, 2, 0, 3, 3, 1, 0, 0, 0, 3, 3, 0, 0, 0, 3, 0, 3, 3, 3, 3, 3, 3, 0, 1, 3, 3, 3, 0, 3, 3, 1, 3, 1, 0, 2, 1, 1, 2, 0, 1, 1, 1, 1, 1, 3, 0, 0, 3, 1, 2, 0, 1, 3, 3, 2, 3, 1, 1, 1, 0, 1, 1, 0, 1, 3, 1, 3, 0, 1, 3, 0, 1, 3, 3, 0, 1, 2, 1, 3], "confidence_scores": [[0.040752753956296586, 0.08783144418242982, 0.03450950570645263, 0.8369062961548209], [0.5141176126907474, 0.002610514592395884, 0.4750734549121313, 0.008198417804725426], [0.009182576329102408, 0.12148267072436539, 0.18933785130387318, 0.679996901642659], [0.31632857807219533, 0.0006974300576536923, 0.6820120286565459, 0.000961963213605075], [0.6498663574701709, 0.00017567688208853122, 0.05285481829224883, 0.29710314735549176], [0.9822545141414591, 0.0032923216452047806, 0.003619773073003943, 0.010833391140332318], [0.0013818558615520736, 0.11012187816511823, 0.2565345297486236, 0.6319617362247061], [0.01415619959882956, 0.08455550175484544, 0.2024252787162767, 0.6988630199300483], [0.05309910645309719, 0.04542054408906448, 0.10751052333552896, 0.7939698261223095], [0.008418418329126733, 6.112182403975862e-05, 0.4319730278116191, 0.5595474320352144], [0.34373361033808264, 0.0012301504786323017, 0.00042829908534343863, 0.6546079400979417], [0.043528722258804435, 0.5686151154550078, 0.015427397708444982, 0.3724287645777429], [3.816193033890945e-05, 0.36481490630416674, 0.44911362749362566, 0.1860333042718688], [0.00019139814500212143, 3.5897532488288914e-05, 2.4753493708896687e-05, 0.9997479508288006], [0.09831548742115763, 0.005064182402998199, 0.7795091469302807, 0.11711118324556333], [0.028613437342372396, 0.017606568021518713, 0.0045764640197369835, 0.9492035306163719], [0.29215885785977774, 0.32596031530681413, 0.36594530109862355, 0.01593552573478468], [0.1315428929793995, 0.5836608493932076, 0.05927483379590634, 0.22552142383148646], [0.00010061478228666169, 0.2807965577281807, 0.5107086279370248, 0.208394199552508], [2.5121286022088455e-06, 0.44598427274919483, 0.25688954940571596, 0.29712366571648696], [4.583690755034918e-05, 0.003758899396235525, 0.791344605282651, 0.20485065841356306], [0.0007532143534586113, 0.0062617121112033, 0.9926876755692485, 0.000297397966089451], [0.02383725303507396, 0.0249289554406177, 0.649201470486694, 0.30203232103761435], [0.0020204961315456807, 0.9924357230357096, 0.005481594749967837, 6.218608277689163e-05], [0.01958580162287097, 0.0625973277628142, 0.02363378405381437, 0.8941830865605004], [0.031258928926879495, 0.12157659177147821, 0.8471632483838752, 1.2309177671129852e-06], [0.00028721265994016584, 0.0007940917457898305, 0.014573893296980544, 0.9843448022972894], [0.0006266364775522046, 0.9776561432768768, 0.0008538583813755789, 0.02086336186419542], [0.7708030727107446, 0.11207038780327583, 0.08030197819640868, 0.036824561289571144], [0.9207467437660868, 0.00010293694135884002, 0.01945357057837236, 0.05969674871418183], [0.008191325814763398, 0.25470692132280787, 0.428712148111617, 0.30838960475081184], [0.038573504391292666, 0.0006773101051559992, 0.9238655204193881, 0.0368836650841633], [0.003538746998239059, 0.03511934089327625, 0.07376108182598273, 0.8875808302825019], [0.0018107879789798936, 0.006066642044070631, 0.0009014831856694982, 0.99122108679128], [0.9897881777616535, 0.0007603498429448162, 0.008973360400928025, 0.000478111994473405], [0.01826923614635918, 6.675489984363604e-05, 0.005895628938832211, 0.975768380014965], [0.0005076297153187916, 0.36510423736264147, 0.004621199730754292, 0.6297669331912854], [0.0029618477649360456, 0.052414145147038474, 0.025266402543385236, 0.9193576045446403], [0.028953134985051577, 0.43621898998233094, 0.014608679400764555, 0.520219195631853], [0.0008253649830658967, 0.8105005179152911, 0.017700718016787853, 0.17097339908485532], [0.9948741149558636, 0.00010998253636340628, 0.0015458995469296885, 0.0034700029608432086], [2.191824037274777e-05, 0.9889666917728265, 6.10990460369483e-05, 0.010950290940763845], [0.002385099949660258, 0.9955067381863824, 0.0018790430992279268, 0.00022911876472927117], [0.871773400028336, 0.0003153632699269912, 0.019465800025113084, 0.1084454366766238], [0.000838265951536216, 0.15706238756355465, 0.637202333730097, 0.20489701275481215], [0.08994192476307546, 0.0539629033351128, 0.07928450172842848, 0.7768106701733833], [0.01573068095403064, 0.9594574779984799, 0.015116910093032251, 0.009694930954457129], [0.9814014641607334, 0.0011952256577592254, 0.001106497390730956, 0.016296812790776324], [0.9336135518263238, 0.008393133926850599, 0.003978030888910737, 0.054015283357914765], [0.7886823023087426, 0.010101000586328665, 0.18090055166567667, 0.02031614543925197], [0.0011698633819528872, 0.0010149000589242398, 0.00022347886853565682, 0.9975917576905873], [0.657435399267865, 0.2675337061315002, 0.0018316736506774664, 0.07319922094995736], [0.014695090487162301, 0.001465320465116935, 0.018385268622431637, 0.9654543204252892], [0.9379377416223124, 0.0007378820456521006, 0.052427587155039576, 0.008896789176996068], [0.5691716185735877, 0.07738150891804198, 0.029681459881886, 0.3237654126264845], [0.21783548468356362, 0.0005805303628427428, 0.0034317845960017464, 0.7781522003575919], [0.6785090637752923, 0.1455724762149506, 0.06470625424336908, 0.11121220576638816], [0.15394736031772716, 0.4121417661446589, 0.0001374931604157918, 0.4337733803771981], [0.917101107139917, 0.014747422237374032, 0.0003785785949715153, 0.06777289202773744], [0.0009227255021487761, 0.09277199772610825, 0.00012109917664350499, 0.9061841775950995], [1.825757802044228e-06, 0.9999926999989516, 1.6223338204194435e-06, 3.851909425804809e-06], [0.0005602690176870192, 0.0003556454627923632, 0.0026822732738065506, 0.996401812245714], [0.3467761634167085, 0.3680309276702543, 0.12043952648108258, 0.16475338243195445], [0.12307799222760296, 0.000714365757925878, 0.0066311136241543195, 0.8695765283903167], [0.029951453425485365, 0.01872284447558475, 0.8985170850757916, 0.052808617023138396], [0.9993622244208041, 0.00010231889625912946, 1.242226082463182e-05, 0.0005230344221118132], [0.33417740151868525, 0.0002720797270348175, 0.2801825136692435, 0.3853680050850364], [0.001928792847667296, 0.008664121307134702, 0.17959163127281966, 0.8098154545723784], [0.05802119099636654, 0.8581739734595575, 1.2760103624446444e-05, 0.08379207544045142], [0.7091589106776317, 0.006126354830779311, 0.28466669120452104, 4.804328706789722e-05], [0.9336064831559366, 0.05019574538136667, 0.002122914296272137, 0.014074857166424594], [0.5984819461575983, 0.3658515606128491, 0.016830909715897062, 0.018835583513655555], [0.0031821222419341176, 0.00010891151630709295, 7.862305568542327e-06, 0.9967011039361903], [0.0041174606384020065, 4.153988429161232e-06, 0.000728137605463945, 0.9951502477677048], [0.9753951412702172, 0.012980579199680873, 0.0024479003334171847, 0.009176379196684663], [0.880995999496142, 0.00021200497630767366, 0.06507829970873323, 0.053713695818817055], [0.7822274066123334, 0.13252089654631793, 0.07698821150128912, 0.00826348534005963], [0.0007879023932901967, 0.010359732827611073, 0.09768880114926715, 0.8911635636298316], [0.5387951922734392, 0.04642267374926596, 0.1946449289730074, 0.22013720500428752], [0.00045469190903658663, 0.0060182573144356, 0.0032331279331575687, 0.9902939228433701], [0.18532176294248856, 0.15828111258357744, 0.10033608072924104, 0.5560610437446929], [0.1945953345779526, 0.07023050461459301, 0.17588840550726345, 0.559285755300191], [0.010651452310034854, 0.10619710928898118, 4.2346313794811937e-05, 0.8831090920871891], [0.02644713503511269, 0.00021623360048236655, 0.00333424455225152, 0.9700023868121534], [0.00015407841086248798, 2.20481217720258e-05, 0.0012140229407154382, 0.99860985052665], [0.9517151421282934, 0.0036666116820729434, 0.00015362357903778303, 0.04446462261059568], [0.015693781892574088, 0.9824895375692351, 0.001814759379059864, 1.9211591309578622e-06], [0.04785283175825329, 0.0031523312941035375, 0.0018755111394718547, 0.9471193258081713], [0.12323727771617003, 1.4175944901272262e-06, 0.00038813794385892536, 0.876373166745481], [0.001226125246247577, 0.3702183049922539, 0.04393023782541732, 0.5846253319360812], [0.8971643633364188, 0.048566447067300005, 0.049416255835149456, 0.004852933761131892], [0.025330194576932325, 0.006753004125736804, 0.0013421837096982195, 0.9665746175876327], [0.002086775505294057, 0.006103428514901711, 0.09288700665141741, 0.8989227893283868], [0.003972108797125342, 0.5690078130990314, 0.27675176026001347, 0.15026831784382974], [0.014368113692061058, 0.0068212088088469205, 7.768926798367195e-05, 0.9787329882311082], [0.0009310132605430053, 0.9881419629923401, 0.002226732230717605, 0.008700291516399226], [0.6673523244148285, 0.02268051966633723, 0.002015999801537695, 0.3079511561172965], [0.0031548721759621736, 0.0878779220738321, 0.8885200229689406, 0.02044718278126513], [0.011460090685244334, 0.9868902146503117, 0.00033293781093498485, 0.0013167568535089758], [0.14426176379334504, 0.8227628947324309, 0.03125330847548015, 0.0017220329987438902], [0.1752956766759236, 0.0015771614587886359, 0.5838840693124797, 0.23924309255280818], [0.9800610187357782, 0.0053400450497176274, 0.011968929537182024, 0.002630006677322256], [0.019350517452558245, 0.6607676278154737, 0.001423706938827851, 0.31845814779314024], [0.007603493720627661, 0.9923756462435627, 1.2016803796002072e-05, 8.84323201356174e-06], [0.17705321009037225, 0.573604086530212, 0.017115188563560948, 0.2322275148158547], [0.3996345196723727, 0.5952379202552974, 0.0010246217800470114, 0.004102938292282705], [0.10935994400578845, 0.7688429334309343, 0.10812091329665387, 0.013676209266623385], [0.10809782862941422, 0.0054282179958089665, 0.0206562094375118, 0.865817743937265], [0.5423119574313849, 0.006215957632757972, 0.007701052014051692, 0.44377103292180553], [0.8945870923610139, 0.02039634407087766, 0.05108189086268092, 0.033934672705427445], [0.12956147522178058, 0.41002510377967416, 0.0003397501109172264, 0.460073670887628], [0.009433847773243057, 0.9904920387227897, 1.5698758431200734e-05, 5.8414745536127544e-05], [0.04406361421335792, 0.07164939326489185, 0.8707490994425096, 0.01353789307924058], [0.9519620914862863, 0.0032354241076421385, 0.0003896288117496558, 0.044412855594321836], [9.182914268789974e-05, 0.9916968180694493, 0.004593812168198801, 0.003617540619663952], [0.31137157573260416, 0.0023224514301625203, 0.07388526407857743, 0.6124207087586558], [0.0004095041462627977, 0.02005548429600121, 0.0034870814399975184, 0.9760479301177385], [0.11141842707199127, 0.08663982014509608, 0.49169643157135245, 0.31024532121156023], [0.0047203265662146415, 0.2174991786034965, 0.00019979767299969795, 0.7775806971572892], [0.23422288295050323, 0.6581697923688598, 0.00044578309175937446, 0.10716154158887775], [0.00012069148411306194, 0.9331303399267213, 0.0022435847115575562, 0.06450538387760804], [0.013641291040224539, 0.9826562838540065, 0.00016478097086726736, 0.0035376441349014866], [0.9801909638113817, 0.00099703709419504, 0.0012374299288921804, 0.017574569165531108], [0.0003073966102425365, 0.9951340508093878, 0.00374662415864197, 0.0008119284217279582], [0.3099426119775036, 0.6395994056871278, 0.043169830893123116, 0.007288151442245431], [0.5944174712254174, 0.1311573114531503, 0.08610348029341708, 0.18832173702801522], [0.0016278273852814548, 0.8812968539066499, 0.0003520771943307823, 0.11672324151373786], [0.003016649576644739, 0.04902424746936025, 0.001228767458768389, 0.9467303354952266], [0.009061719894898047, 0.9903398710934218, 0.0003888604274006713, 0.00020954858427931142], [0.0001270972024413902, 0.0004495345855531474, 0.0001432656669434543, 0.999280102545062], [0.5062037425829162, 0.009148584429361084, 0.012631152674219196, 0.4720165203135034], [0.003870822198041455, 0.7869015644662083, 0.012251461562877429, 0.19697615177287284], [0.013223289910458583, 0.02334811163891891, 6.24553853275284e-05, 0.963366143065295], [0.9331248711103702, 8.45966684740797e-05, 1.620268333903837e-05, 0.06677432953781659], [0.024075221811009014, 0.883017071249199, 0.09098507656095889, 0.0019226303788329323], [0.34640314907031017, 3.1204458947257345e-06, 0.000912114926607714, 0.6526816155571873], [0.15211375006412192, 0.08745626438973941, 0.0006806952131626733, 0.759749290332976], [0.8962348267783696, 0.0002304927878474265, 0.0003642812182970535, 0.10317039921548601], [0.045066926073874164, 0.8278486903832866, 0.0014862869854298355, 0.12559809655740925], [0.16560971165580363, 0.11973119600974594, 0.7017080849451992, 0.012951007389251142], [0.01571159400369241, 0.9096959035268197, 0.014080169673382277, 0.06051233279610552], [0.02872514142848731, 0.31932776165826615, 0.05712888323340591, 0.5948182136798407]]}}