{"test": {"ids": ["99117630", "98116090", "111116100", "109115211", "103120780", "112119320", "101108580", "113119340", "110117500", "112116880", "101114990", "105112240", "104116441", "98120010", "105115720", "102109910", "109119591", "105110251", "113119320", "101109000", "102110750", "113121750", "103110840", "113119360", "111118301", "100111080", "113122170", "108114220", "112116850", "99108890", "100111270", "110120531", "110120190", "98111620", "110115980", "105111990", "109115070", "112118880", "98108520", "112120700", "99111000", "105116090", "113120260", "110121170", "113119930", "105113190", "106119260", "106118161", "106114321", "103109641", "97105580", "100109311", "108115880", "103110760", "100108520", "110115120", "98106111", "106113260", "113118810", "103120730", "111121930", "101110740", "110116170", "113117401", "107118780", "110113931", "98121790", "103120531", "112120290", "105115900", "111115910", "105114220", "99117740", "103110050", "104111711", "107116340", "98119591", "107118520", "97106600", "107114110", "109113881", "104110960", "106114880", "107117010", "106113830", "111115620", "110117140", "100111390", "112116640", "108115070", "105118230", "111120190", "110116300", "98116500", "100108990", "109121410", "99112531", "113118231", "100107920", "102116500", "108117451", "97105760", "99113260", "112118701", "107113840", "112118890", "101108080", "97112830", "105116860", "108114360", "101119030", "111114171", "106116640", "102113350", "108113740", "112116990", "98108970", "97116401", "110114720", "113122430", "109119460", "110114610", "103110100", "112116290", "104109311", "99109370", "110117110", "104113240", "113122320", "97116500", "109116750", "106112770", "113122120", "111121190", "112117780", "113117340", "98112300", "110121450", "113117630", "104111531", "101108950", "112117790"], "labels": [3, 0, 3, 0, 1, 1, 0, 0, 1, 0, 3, 1, 1, 2, 1, 2, 0, 0, 1, 1, 1, 0, 1, 0, 3, 0, 1, 3, 0, 0, 2, 0, 3, 3, 1, 2, 0, 1, 2, 2, 2, 1, 3, 2, 1, 3, 1, 3, 2, 1, 1, 1, 3, 1, 2, 0, 0, 3, 3, 1, 1, 3, 0, 3, 1, 1, 2, 3, 1, 3, 2, 3, 2, 3, 1, 3, 1, 2, 3, 1, 0, 2, 0, 1, 1, 1, 3, 2, 0, 1, 1, 3, 3, 2, 2, 0, 3, 3, 0, 1, 2, 0, 0, 0, 3, 3, 0, 2, 2, 1, 3, 3, 3, 3, 3, 0, 3, 3, 3, 2, 1, 1, 1, 0, 3, 1, 0, 2, 1, 2, 0, 1, 1, 1, 0, 2, 2, 3, 0, 0, 2, 3], "predicted_labels": [0, 1, 1, 1, 0, 3, 0, 1, 1, 2, 0, 1, 3, 1, 3, 0, 1, 2, 0, 0, 2, 0, 1, 0, 1, 1, 2, 1, 0, 1, 2, 3, 3, 1, 2, 0, 1, 3, 1, 2, 2, 3, 2, 3, 1, 3, 3, 0, 0, 0, 1, 1, 0, 3, 0, 2, 3, 1, 1, 3, 2, 2, 1, 1, 3, 1, 0, 3, 1, 3, 1, 1, 1, 1, 0, 3, 0, 3, 3, 3, 1, 3, 1, 2, 3, 3, 1, 1, 1, 2, 3, 3, 3, 0, 3, 1, 1, 0, 0, 3, 0, 1, 2, 3, 0, 0, 1, 1, 2, 1, 1, 3, 3, 2, 0, 3, 3, 3, 2, 2, 1, 2, 3, 1, 1, 1, 1, 2, 0, 0, 1, 2, 1, 0, 1, 3, 3, 3, 0, 3, 3, 0], "confidence_scores": [[0.32766695670032037, 0.3136131615766333, 0.13134891097630816, 0.22737097074673815], [0.04348669530824309, 0.6852646218419796, 0.2281110561665996, 0.043137626683177645], [0.049527106429752804, 0.6741092512120143, 0.003357152033301368, 0.2730064903249316], [0.05760680756679011, 0.46140895727178194, 0.16755126369739812, 0.31343297146402976], [0.5384861166720828, 0.37611703244200956, 0.002709973278356709, 0.08268687760755092], [0.029296491659566007, 0.014075855970326637, 0.15181752425073297, 0.8048101281193745], [0.8421024422080595, 0.008329253147767914, 0.056763851438026744, 0.09280445320614585], [0.25839157796904083, 0.5860938453898368, 0.025049322615384992, 0.13046525402573747], [0.005953807509477291, 0.9583754111389512, 0.003995064510870295, 0.03167571684070113], [0.14206328774257843, 0.20260557372303184, 0.5207857148627549, 0.13454542367163488], [0.3263652694533907, 0.3218954938968604, 0.28159816678675254, 0.07014106986299622], [0.04014617494589042, 0.6981338906079889, 0.12873201227658343, 0.13298792216953711], [0.044165543938060776, 0.4084287416662864, 0.005235175634098046, 0.5421705387615547], [0.005880875125920611, 0.8564114154348645, 0.05922276135127709, 0.07848494808793764], [0.002073730255384276, 0.055050354389754814, 0.0391954007540928, 0.9036805146007681], [0.9118457632718907, 0.02549816718698029, 0.039079047881520584, 0.023577021659608392], [0.019187718837143056, 0.5437673180144706, 0.06392784614364123, 0.3731171170047451], [0.3607008048932834, 0.0778885818939549, 0.5309027485520158, 0.030507864660745954], [0.4739687438182562, 0.07338995174576492, 0.08420726156723879, 0.36843404286874004], [0.5460853802803689, 0.19653260595204472, 0.018456384888500377, 0.23892562887908605], [0.013710366299389796, 0.4050072582210536, 0.4204517899485099, 0.1608305855310466], [0.42626609474805605, 0.19573855552178593, 0.007799588486011618, 0.3701957612441465], [0.26308016453588023, 0.6012251059519754, 0.07274638472215363, 0.06294834478999076], [0.8892936419494055, 0.01245592626495519, 0.0006895229135458101, 0.09756090887209348], [0.039036234528720536, 0.6246577003052729, 0.01807565854613343, 0.31823040661987306], [0.017800207363822367, 0.763170983646967, 0.00570985002825109, 0.21331895896095934], [0.015631571254433346, 0.4439134156970287, 0.48424833934506956, 0.05620667370346841], [0.161067467163903, 0.7885553142094789, 0.04338635917441317, 0.00699085945220506], [0.4886461783133259, 0.04066840503862142, 0.004181726879660139, 0.4665036897683926], [0.1020333379538706, 0.6369952291754268, 0.09124582368251509, 0.1697256091881875], [0.04753984361802935, 0.07293169969435054, 0.7381791512722562, 0.14134930541536392], [0.24954537405876903, 0.2756591865999231, 0.021555849120756875, 0.453239590220551], [0.27134138033489086, 0.07795773804163862, 0.043430421867767535, 0.6072704597557029], [0.00033975650422949565, 0.411390626040979, 0.28416665677954167, 0.3041029606752498], [0.3180535140211469, 0.105171092185937, 0.5346278789022009, 0.042147514890715145], [0.40011317222561865, 0.3281279402217991, 0.043930045778122345, 0.2278288417744599], [0.10006333852515967, 0.7236116870395506, 0.14503355972903412, 0.031291414706255696], [0.06809471995945925, 0.39275718650880775, 0.008060850972512586, 0.5310872425592205], [0.20123660549190295, 0.5573764588397822, 0.13749014857815806, 0.1038967870901568], [0.015643050611864908, 0.14468986524487418, 0.6673608609096836, 0.17230622323357722], [0.08035665674413826, 0.25134206456480657, 0.5186525922049774, 0.14964868648607785], [0.04327408852340081, 0.034031289952626914, 0.004946442933148943, 0.9177481785908234], [0.31718144324752484, 0.10197170526127039, 0.37114306020322085, 0.20970379128798405], [0.057229118913264466, 0.06623594289734186, 0.2075909563492613, 0.6689439818401324], [0.19385280399107452, 0.582624678308974, 0.004677484259784098, 0.21884503344016726], [0.20539510999775842, 0.02722299407833139, 0.01625545968053076, 0.7511264362433795], [0.056671589052491075, 0.12227173049137707, 0.05009853901321169, 0.7709581414429201], [0.9689617604197176, 0.006632601164583433, 0.016019261006657928, 0.008386377409041018], [0.9684294241771159, 0.005062813382028214, 0.01441346778206449, 0.012094294658791296], [0.7144023932861345, 0.03727676276633852, 0.1016996302382367, 0.14662121370929027], [0.13813739011030496, 0.7192415676567674, 0.13855804473079225, 0.004062997502135533], [0.23803867576946253, 0.4005017898183975, 0.06697688777784894, 0.2944826466342911], [0.38716311893400224, 0.27615214087696044, 0.19034428638175, 0.14634045380728727], [0.1185751741133335, 0.1737149333012998, 0.005673218806950206, 0.7020366737784165], [0.6728174423167718, 0.18896540612194151, 0.08125024502508782, 0.05696690653619884], [0.10030051431866102, 0.25294098454982583, 0.5673250633795472, 0.07943343775196601], [0.3229301795109926, 0.12964259737229156, 0.04947178015149435, 0.49795544296522143], [0.009042162947945407, 0.6247805893571522, 0.05583595534808897, 0.3103412923468135], [0.020337483523989605, 0.8777752974045219, 0.09899021615453853, 0.002897002916950098], [0.03415454593106321, 0.0016256684937946758, 0.016356166952134116, 0.947863618623008], [0.28459861400912495, 0.2230387621562738, 0.3633692043352772, 0.12899341949932408], [0.11815327680172853, 0.35594452617696143, 0.41595610155699103, 0.10994609546431912], [0.08533645778530778, 0.7883029359306494, 0.005409373775733363, 0.12095123250830946], [0.014700278808404535, 0.8368162632103061, 0.0014669468349493822, 0.1470165111463398], [0.2797030104134969, 0.03614220574377939, 0.029057808068851134, 0.6550969757738726], [0.34929856189674796, 0.46739639545554873, 0.03685705226904164, 0.1464479903786617], [0.6806586873982711, 0.248025306281918, 0.019798137163460815, 0.05151786915635007], [0.28564348533706785, 0.07653654358817273, 0.15821162871300562, 0.47960834236175376], [0.025840412420793275, 0.4771244807831551, 0.4457656301193862, 0.05126947667666554], [0.04018601111108329, 0.04833872926057203, 0.06069651346689404, 0.8507787461614508], [0.11302180663820958, 0.7227809891945899, 0.06273883621561811, 0.10145836795158242], [0.1398212523797605, 0.7769828401237586, 0.006545589723997951, 0.07665031777248292], [0.31554549534792437, 0.5516264112200052, 0.08506950533457942, 0.04775858809749102], [0.04853332342629936, 0.4650596569074878, 0.07802277067375143, 0.40838424899246134], [0.4584708960544772, 0.37706965014757143, 0.08876772246525924, 0.07569173133269201], [0.021320153938910923, 0.45039482577951023, 0.012022937896138711, 0.5162620823854401], [0.8544568587791377, 0.05037854748975324, 0.09132865046218827, 0.003835943268920835], [0.03313767909514711, 0.05328160383195194, 0.021429244790648415, 0.8921514722822526], [0.018331026653915648, 0.06611358975537476, 0.05274522110454251, 0.8628101624861672], [0.08176662306028101, 0.17138681242574508, 0.02220931276823247, 0.7246372517457416], [0.1415640183120356, 0.4380315921925828, 0.3428924674234691, 0.07751192207191246], [0.1249617345917198, 0.1298795025839522, 0.27580667342975423, 0.46935208939457373], [0.0045581538109791715, 0.5025901808139284, 0.41411642884454936, 0.07873523653054314], [0.3063692634925497, 0.06483242051679936, 0.3724391864944028, 0.25635912949624823], [0.0487734962301799, 0.01575842687856907, 0.014771758156361345, 0.9206963187348897], [0.011809360398639213, 0.009408572640984787, 0.03864849586900932, 0.9401335710913666], [0.17262789715956833, 0.5948519085241053, 0.14111286301815565, 0.0914073312981707], [0.07599278085613874, 0.5675668522322677, 0.116959391409234, 0.2394809755023597], [0.009016237812535053, 0.8666959877555513, 0.014412350027094324, 0.10987542440481932], [0.06895275642273868, 0.2307131664810404, 0.47000095986696633, 0.23033311722925462], [0.23309050023821576, 0.3394059864746992, 0.03371150178662074, 0.3937920115004642], [0.11563151958786756, 0.1857137975927701, 0.010694082159520932, 0.6879606006598413], [0.07337599737601942, 0.05854003378030102, 0.005912109937543562, 0.862171858906136], [0.459693423332241, 0.16032277900320863, 0.11048098708446585, 0.2695028105800844], [0.3191392017742937, 0.30086644058909706, 0.01334116151140959, 0.36665319612519964], [0.005397602856420027, 0.9480910486111503, 0.00420606741412851, 0.04230528111830106], [0.08356329494006123, 0.40003465616528683, 0.23645964350945622, 0.27994240538519566], [0.8802603119785704, 0.07653109407818394, 0.04139149562608254, 0.001817098317163337], [0.7928373417794855, 0.10244138465818177, 0.020742041534308826, 0.083979232028024], [0.11372068804755903, 0.1005902133621078, 0.3180554885313126, 0.46763361005902054], [0.6278215373113852, 0.2674180741208526, 0.003446872968431832, 0.10131351559933022], [0.11766237625474073, 0.8093944389217804, 0.022205466995472718, 0.05073771782800615], [0.19459807804136922, 0.04059797406751715, 0.6778585177759564, 0.08694543011515733], [0.1252173351553979, 0.010072524064117098, 0.0010880280843712344, 0.8636221126961137], [0.4731848193205931, 0.3786339931204585, 0.13396442128372732, 0.014216766275221044], [0.35889906702520336, 0.14491750819780844, 0.3018080438677443, 0.19437538090924403], [0.3960753194582764, 0.4385953332374926, 0.15845015108005578, 0.006879196224175393], [0.06886703227166394, 0.7078564128860456, 0.05157348404461876, 0.17170307079767153], [0.32247650186846083, 0.20668076722733578, 0.4582097921933014, 0.012632938710902156], [0.03267023432583658, 0.43364922081979784, 0.2964871073368598, 0.2371934375175057], [0.1692558174560566, 0.4899714444576446, 0.004139107139854836, 0.3366336309464439], [0.3555763169392064, 0.009788191996055197, 0.1999797865210287, 0.43465570454370966], [0.011291723028379032, 0.3472280552378117, 0.0064404933792928, 0.6350397283545165], [0.013072353234253093, 0.18012728877852652, 0.7072443698653792, 0.09955598812184137], [0.4397203328417608, 0.41461262479764605, 0.07674192835339777, 0.06892511400719543], [0.33688302378000307, 0.00010716370090612562, 0.136740902391528, 0.5262689101275629], [0.034587327329590384, 0.06273239985740336, 0.20495841996349928, 0.6977218528495069], [0.13656748951000972, 0.1337826544048968, 0.01620854329445521, 0.7134413127906383], [0.14100374265434237, 0.0035482499394201, 0.7223857972698836, 0.1330622101363538], [0.17764387866423384, 0.34015272303311966, 0.4789654876971068, 0.0032379106055397447], [0.13959636142335355, 0.7654258063894624, 0.05304454205349927, 0.04193329013368464], [0.014288179073337024, 0.030653978167405324, 0.925855338790077, 0.029202503969180803], [0.004635998317358231, 0.1739026464901385, 0.04827075893319721, 0.7731905962593062], [0.03101889169989904, 0.8085685761612449, 0.001180242665484147, 0.15923228947337187], [0.10951162223957622, 0.5808480307044662, 0.002573157462444463, 0.307067189593513], [0.1849230290829648, 0.5922902525524077, 0.19087645643390688, 0.031910261930720545], [0.034365345910330365, 0.7531766967007836, 0.06713562421290227, 0.14532233317598373], [0.022289285181129017, 0.04190476472968842, 0.6727843472344366, 0.26302160285474596], [0.6370960798657727, 0.14570241170725728, 0.055827355983363545, 0.16137415244360634], [0.5811142282454386, 0.2720171197478881, 0.13769530509078146, 0.009173346915891906], [0.007675440698188996, 0.6046728527751415, 0.3816635536707095, 0.005988152855959935], [0.2137292110042439, 0.003120809676584742, 0.7149323209857702, 0.06821765833340103], [0.15567314289874754, 0.7676946537929927, 0.06664129330446196, 0.009990910003797716], [0.7171536301497685, 0.08652516224222602, 0.1890496905341002, 0.0072715170739052785], [0.12346885189391632, 0.6750680373916643, 0.018636134417438756, 0.18282697629698053], [0.2113989701074972, 0.05037729291036078, 0.0320566996962275, 0.7061670372859146], [0.010310101539163707, 0.0350037434910269, 0.008983058693781758, 0.9457030962760276], [0.1660082371269956, 0.30839341568891204, 0.03592995492365914, 0.489668392260433], [0.775755370717627, 0.13462455886945726, 0.054024701542107034, 0.03559536887080871], [0.03186237468937386, 0.05416061078972723, 0.006694485465365399, 0.9072825290555336], [0.00013406779212452534, 0.11431537221846193, 0.00047965631283936446, 0.8850709036765741], [0.554590230797117, 0.05029571777919941, 0.0029659095358893985, 0.3921481418877942]]}, "rewritten": {"ids": ["97105580", "97105760", "97106600", "97112830", "97116401", "97116500", "98106111", "98108520", "98108970", "98111620", "98112300", "98116090", "98116500", "98119591", "98120010", "98121790", "99108890", "99109370", "99111000", "99112531", "99113260", "99117630", "99117740", "100107920", "100108520", "100108990", "100109311", "100111080", "100111270", "100111390", "101108080", "101108580", "101108950", "101109000", "101110740", "101114990", "101119030", "102109910", "102110750", "102113350", "102116500", "103109641", "103110050", "103110100", "103110760", "103110840", "103120531", "103120730", "103120780", "104109311", "104110960", "104111531", "104111711", "104113240", "104116441", "105110251", "105111990", "105112240", "105113190", "105114220", "105115720", "105115900", "105116090", "105116860", "105118230", "106112770", "106113260", "106113830", "106114321", "106114880", "106116640", "106118161", "106119260", "107113840", "107114110", "107116340", "107117010", "107118520", "107118780", "108113740", "108114220", "108114360", "108115070", "108115880", "108117451", "109113881", "109115070", "109115211", "109116750", "109119460", "109119591", "109121410", "110113931", "110114610", "110114720", "110115120", "110115980", "110116170", "110116300", "110117110", "110117140", "110117500", "110120190", "110120531", "110121170", "110121450", "111114171", "111115620", "111115910", "111116100", "111118301", "111120190", "111121190", "111121930", "112116290", "112116640", "112116850", "112116880", "112116990", "112117780", "112117790", "112118701", "112118880", "112118890", "112119320", "112120290", "112120700", "113117340", "113117401", "113117630", "113118231", "113118810", "113119320", "113119340", "113119360", "113119930", "113120260", "113121750", "113122120", "113122170", "113122320", "113122430"], "labels": [1, 0, 3, 2, 3, 2, 0, 2, 3, 3, 2, 0, 2, 1, 2, 2, 0, 1, 2, 3, 0, 3, 2, 0, 2, 2, 1, 0, 2, 2, 0, 0, 2, 1, 3, 3, 3, 2, 1, 3, 1, 1, 3, 1, 1, 1, 3, 1, 1, 3, 2, 0, 1, 2, 1, 0, 2, 1, 3, 3, 1, 3, 1, 2, 1, 1, 3, 1, 2, 0, 3, 3, 1, 3, 1, 3, 1, 2, 1, 3, 3, 1, 1, 3, 2, 0, 0, 0, 0, 1, 0, 0, 1, 1, 3, 0, 1, 0, 3, 0, 3, 1, 3, 0, 2, 3, 3, 1, 2, 3, 3, 3, 1, 1, 0, 0, 0, 0, 0, 0, 3, 0, 1, 3, 1, 1, 2, 2, 3, 0, 3, 3, 1, 0, 0, 1, 3, 0, 1, 1, 1, 2], "predicted_labels": [1, 3, 3, 2, 3, 1, 3, 1, 3, 3, 3, 1, 3, 2, 3, 2, 1, 1, 3, 3, 2, 3, 3, 1, 3, 2, 3, 3, 2, 2, 1, 2, 3, 3, 2, 3, 3, 3, 2, 2, 3, 3, 3, 3, 3, 2, 3, 3, 3, 3, 3, 3, 1, 3, 1, 1, 3, 3, 3, 3, 2, 3, 3, 2, 3, 2, 3, 3, 3, 2, 3, 3, 3, 1, 3, 3, 2, 3, 3, 3, 3, 3, 1, 3, 3, 3, 1, 3, 3, 3, 3, 3, 3, 2, 3, 3, 2, 3, 3, 1, 3, 3, 3, 1, 3, 3, 3, 3, 3, 3, 3, 3, 3, 2, 1, 1, 3, 2, 2, 3, 3, 3, 3, 3, 3, 1, 3, 3, 3, 1, 2, 3, 3, 3, 3, 3, 3, 3, 3, 2, 3, 2], "confidence_scores": [[0.0064906978442378785, 0.8455365664718696, 0.0873139139711844, 0.06065882171270817], [0.2944848094874485, 0.32514028488823477, 0.038229075961859996, 0.3421458296624568], [0.21450727498266647, 0.19946481475750616, 0.056752911510662786, 0.5292749987491645], [0.009608648686074698, 0.11883608824029922, 0.707881276950349, 0.16367398612327722], [0.07597230400687165, 0.13583225713994895, 0.060961374193800516, 0.7272340646593788], [0.11140313318682568, 0.4204400480731291, 0.29672024241622474, 0.1714365763238206], [0.06579965535308438, 0.3286277970865511, 0.2533196659368709, 0.35225288162349355], [0.11142956236771438, 0.6967455190369715, 0.15457669808680882, 0.03724822050850536], [0.01021209463669193, 0.26707766140031325, 0.16959892549739122, 0.5531113184656036], [0.00042190750567549953, 0.2058667762985889, 0.1691715057451447, 0.6245398104505908], [0.005649261972961364, 0.0025001697710095375, 0.025679655200889533, 0.9661709130551397], [0.06189503287293428, 0.4099183226057957, 0.3135569553484443, 0.21462968917282563], [0.1641377762904625, 0.23041937954966413, 0.01605719231988304, 0.5893856518399903], [0.07376993185441078, 0.024222769569693953, 0.7934553034533179, 0.10855199512257722], [0.005812790084878542, 0.1672339195741933, 0.18739356509419766, 0.6395597252467304], [0.05550345010047241, 0.003981547917877362, 0.5779971255444186, 0.3625178764372316], [0.03547386298973753, 0.5806290647511682, 0.1597131831571315, 0.2241838891019627], [0.007102003653377964, 0.47094672876183624, 0.2581057177245103, 0.26384554986027536], [0.0013639908137296516, 0.0008193975072614015, 0.18602344766037127, 0.8117931640186378], [0.001009948431718943, 0.09287684109401056, 0.08696025228015378, 0.8191529581941166], [0.0016198117049020886, 0.016596603774012758, 0.8529397903224498, 0.12884379419863537], [0.015438938085627898, 0.022415266134816415, 0.04795887641286188, 0.9141869193666937], [0.031478716490772406, 0.29424681214478576, 0.30634819949399855, 0.3679262718704432], [0.04699580902223967, 0.7582736666450403, 0.0480857397817553, 0.14664478455096483], [0.0035755657674021875, 0.03461817987787756, 0.24157928072160217, 0.7202269736331179], [0.2535399731077155, 0.0870764191906087, 0.5101643569219504, 0.14921925077972556], [0.14282557618215092, 0.07145470830287401, 0.037638122619277146, 0.7480815928956979], [0.08111551628437093, 0.06657516426264538, 0.017111384919055877, 0.8351979345339279], [0.022931285880618966, 0.2663682752512989, 0.5559715524308595, 0.15472888643722257], [0.1167749029513597, 0.19650484475007926, 0.5523361730531804, 0.13438407924538068], [0.14821995373812302, 0.3492294971584048, 0.1799809754804736, 0.3225695736229986], [0.29716846327421614, 0.005878986411842531, 0.5653210497835677, 0.13163150053037365], [0.01001284866845938, 0.025784542923534985, 0.09548646881598338, 0.8687161395920222], [0.25289282487020803, 0.06186512105006365, 0.22910791719053292, 0.45613413688919535], [0.03621252765169548, 0.07855555913030245, 0.8435947597257197, 0.041637153492282294], [0.010201119882802447, 0.19404851576524534, 0.2391606219029558, 0.5565897424489964], [0.015269982431441698, 0.13273357911818884, 0.4142942338401336, 0.437702204610236], [0.07831103945957973, 0.020584308153590296, 0.3470229198824385, 0.5540817325043914], [0.0018185842188802065, 0.057399701574378396, 0.8525518764869546, 0.08822983771978676], [0.01758169161690086, 0.0703758424601027, 0.48001763887553817, 0.43202482704745815], [0.005780984382963304, 0.005379034048140448, 0.0587383165827476, 0.9301016649861485], [0.0009539988346281892, 0.00192065619998865, 0.02194896437819501, 0.9751763805871883], [0.0004004272461236665, 0.0857592179269683, 0.34086746510879495, 0.5729728897181131], [0.007453752084875332, 0.21767631433500367, 0.16306948333819596, 0.611800450241925], [0.027742211534240814, 0.007688938762663202, 0.009282238713261127, 0.9552866109898348], [0.005892256333561892, 0.07715057591921935, 0.6059048234211428, 0.31105234432607604], [0.00712929210577215, 0.04225815143773697, 0.056534124495217664, 0.8940784319612732], [0.00865964376229911, 0.19298812812947408, 0.07274642372501464, 0.7256058043832121], [0.005187917957184979, 0.09694854085918024, 0.017130958485639985, 0.8807325826979947], [0.018208008286195343, 0.41932981031888045, 0.10422589751267551, 0.45823628388224874], [0.0031384612784357293, 0.015538791933942975, 0.39846439569377934, 0.582858351093842], [0.21447180000519647, 0.0248102197950659, 0.11404292565471007, 0.6466750545450276], [0.18388371379730095, 0.4256378489989735, 0.28767463163677637, 0.10280380556694912], [0.00618353892011773, 0.011721880817390262, 0.02357098101181682, 0.9585235992506752], [0.022039681854431916, 0.6775036004221546, 0.10491301686195706, 0.19554370086145634], [0.06703384595437249, 0.5136619163428533, 0.0895359225669495, 0.32976831513582466], [0.011318593621004598, 0.11652953296486201, 0.10490709146803746, 0.767244781946096], [0.0001154394866129027, 0.001487068855978061, 0.08789580487715282, 0.9105016867802563], [0.06953796862073033, 0.19661791641705761, 0.16993671530916615, 0.5639073996530459], [0.08853838704927318, 0.25322194808239296, 0.029858205647337495, 0.6283814592209964], [0.008184116570346825, 0.3727352337790164, 0.48218742968293643, 0.13689321996770032], [0.005216644598717646, 0.0139171112475922, 0.34979202317625613, 0.631074220977434], [0.006115198592249167, 0.009837529337705757, 0.040743834489648384, 0.9433034375803966], [0.0018231677444735296, 0.3181255419169241, 0.677594390250602, 0.0024569000880004257], [0.01871985555996088, 0.023324500922399422, 0.12863928533859337, 0.8293163581790464], [0.005915011600263563, 0.008003098113442988, 0.7547120119120412, 0.2313698783742524], [0.0019504626172412993, 0.12384229276468006, 0.0774828679035218, 0.7967243767145569], [0.06367582033570705, 0.008509459416915468, 0.013011854381091155, 0.9148028658662862], [0.21346794674604083, 0.12290848806373847, 0.1837053718687595, 0.4799181933214612], [0.0037570971788182033, 0.0651411088204427, 0.6435429365241404, 0.28755885747659876], [0.005484168083595797, 0.27823025522176176, 0.036143589842249496, 0.6801419868523929], [0.28685844250605547, 0.021312361226179015, 0.08750332387038473, 0.6043258723973809], [0.03995454475685314, 0.03935528129028146, 0.4418380579132875, 0.47885211603957806], [0.04755497109424137, 0.7057745747541784, 0.033944161718576664, 0.21272629243300373], [0.009540832164808062, 0.0673868436608233, 0.0737802854887388, 0.8492920386856299], [0.013572333532736035, 0.11455577493261089, 0.09980892615375155, 0.7720629653809015], [0.04540776042351389, 0.040461180795798586, 0.6349554698095987, 0.2791755889710888], [0.0027692445412764947, 0.004078829518002979, 0.0279470935266413, 0.9652048324140792], [0.01075903932358249, 0.04308739956417065, 0.17187545444596392, 0.7742781066662829], [0.013016000801802987, 0.026570248486879524, 0.020622767792836845, 0.9397909829184806], [0.009046070864216918, 0.06794800937460668, 0.01314774606088606, 0.9098581737002904], [0.02219918819310354, 0.04511495090552757, 0.09060420733674512, 0.8420816535646238], [0.027799940204694146, 0.6357134088587668, 0.24656580273484377, 0.08992084820169542], [0.2016109320974737, 0.032153310544900844, 0.03851678296913363, 0.7277189743884919], [0.011097900719163565, 0.021671483392722717, 0.1325860154229473, 0.8346446004651664], [0.05197308863587673, 0.10488019760354794, 0.11268269836469207, 0.7304640153958832], [0.012032369576228826, 0.46787305603768553, 0.0638997065079513, 0.45619486787813446], [0.00240798739803458, 0.02836384258385345, 0.23830837452306308, 0.7309197954950489], [0.05139709918070087, 0.08890283376064703, 0.1544196574799289, 0.7052804095787233], [0.15265680871189252, 0.23438365915479506, 0.03350015268394257, 0.5794593794493699], [0.0028174057893065826, 0.08084655003446986, 0.1742592964120779, 0.7420767477641457], [0.01729105246935319, 0.14215522691395782, 0.050942977809715066, 0.789610742806974], [0.013219186195452459, 0.012643326693600436, 0.024877030591828785, 0.9492604565191183], [0.003864145445651827, 0.30807271396887315, 0.5113078619754633, 0.17675527861001172], [0.00351287759281754, 0.008017165562956854, 0.40620044447795023, 0.5822695123662754], [0.0042183302457175845, 0.01062956590654103, 0.23810330587351197, 0.7470487979742294], [0.050059564408602264, 0.04041234508128477, 0.8293849447178767, 0.0801431457922361], [0.004736971863241951, 0.05573659862345188, 0.009955456348670155, 0.9295709731646359], [0.005259582047448628, 0.017324027722092544, 0.1899504485724766, 0.7874659416579822], [0.01024154458187061, 0.47173446281205794, 0.08849500522023147, 0.42952898738584], [0.014486027982909646, 0.15167284889881918, 0.08472987986568861, 0.7491112432525826], [0.01578369461828882, 0.10077925198779897, 0.03006486049113635, 0.8533721929027758], [0.003916781178483844, 0.13367636040036798, 0.05334773369186297, 0.8090591247292852], [0.06688555648226159, 0.457875553484268, 0.12997819436381067, 0.3452606956696598], [0.0009514948973038043, 0.0054482813099223865, 0.010665217567272284, 0.9829350062255015], [0.020980039491990305, 0.08652721890724534, 0.06297980777899567, 0.8295129338217688], [0.00040128427632791326, 0.001609722494664615, 0.014754376729239432, 0.983234616499768], [0.006980054837004095, 0.10806266629885691, 0.0873029924184345, 0.7976542864457045], [0.05404786867688382, 0.3704175681196713, 0.19449962154694617, 0.3810349416564988], [0.0027974309851021757, 0.14763130977744088, 0.08660942603536025, 0.7629618332020968], [0.04631297099156941, 0.3826856682400448, 0.019177845101442974, 0.5518235156669428], [0.01246704396412774, 0.027679889724560897, 0.3001994319509431, 0.6596536343603682], [0.2681804796821311, 0.008887794494851175, 0.15488710619766569, 0.568044619625352], [0.09587062661139252, 0.010218366761064569, 0.7375656787763759, 0.15634532785116712], [0.05783702280567817, 0.7754659482258043, 0.01411253658249213, 0.15258449238602556], [0.0002618404515418704, 0.797460077059194, 0.008932153120301201, 0.19334592936896294], [0.004134933640322722, 0.19795668387887808, 0.030371278586106693, 0.7675371038946927], [0.0016141128520671053, 0.03433418637019476, 0.8351127790191547, 0.12893892175858337], [0.17637872684763528, 0.06161968476511776, 0.39706963820288876, 0.36493195018435814], [0.00933473847126302, 0.00421877091473342, 0.03862480074627197, 0.9478216898677315], [0.028098682654510303, 0.01715495811288419, 0.03241199790607085, 0.9223343613265347], [0.0028539928821018474, 0.09088597808743701, 0.041630846954430964, 0.8646291820760302], [0.018375936670747037, 0.18304262244820266, 0.1387218538853393, 0.659859586995711], [0.00011267339371339337, 0.0018133833404183313, 0.12592809026700802, 0.8721458529988603], [0.0008546292004134795, 0.02423635073092091, 0.016115216510833964, 0.9587938035578316], [0.008659143543248718, 0.822779708795306, 0.06376226030503618, 0.10479888735640916], [0.0003666784426940942, 0.020181918038967808, 0.07996374750077624, 0.8994876560175618], [0.002630312094096393, 0.01387964286702643, 0.0004457999728828162, 0.9830442450659943], [0.005955484079904684, 0.15463051759834676, 0.026466090279224475, 0.8129479080425241], [0.009773156401638337, 0.742021948505789, 0.15336732921636867, 0.09483756587620405], [0.0031899191122837134, 0.024814620119026177, 0.577209601267741, 0.3947858595009492], [0.0010995698454239107, 0.28547282381581873, 0.02409817497978428, 0.6893294313589731], [0.00313239981655446, 0.04393781701307914, 0.00663125745335827, 0.9462985257170081], [0.0986800282262911, 0.08606482499863262, 0.1829913756528555, 0.6322637711222208], [0.003995663421546445, 0.025466677253579532, 0.017248613110117442, 0.9532890462147566], [0.015949150300321454, 0.15714115138204637, 0.017071988946226194, 0.8098377093714059], [0.0019207217313980168, 0.0020586497697690494, 0.06085043121912703, 0.9351701972797059], [0.021324972681034685, 0.017796466456460977, 0.002742423680757847, 0.9581361371817466], [0.004663956805257278, 0.22720852669537814, 0.04079904339644124, 0.7273284731029233], [0.0025559273643645086, 0.014605596123891996, 0.6045791168121872, 0.3782593596995563], [0.0690095706325556, 0.2423647756710036, 0.026135405159789064, 0.6624902485366518], [0.001889023802294013, 0.03191943216871316, 0.8194919654112843, 0.1466995786177084]]}}