{"test": {"ids": ["106115120", "113117340", "112116640", "101108290", "101119030", "110118701", "107120880", "104111380", "106117770", "105110091", "111116530", "100110260", "100109330", "98108520", "98119591", "113119930", "111119430", "104112201", "104113240", "104114410", "110114950", "110117140", "103110760", "105115570", "111117200", "107114140", "113118630", "100117420", "102112030", "113121810", "110116290", "99109910", "99107640", "102110500", "105113190", "107113170", "106114280", "112116610", "103113170", "112116900", "101112690", "98110680", "99109370", "104119290", "108114180", "111116750", "112116810", "105113620", "111119610", "101114020", "104114230", "105115250", "100108580", "110114720", "97116401", "112120990", "97106820", "108120700", "113122220", "105117431", "111115770", "108120260", "98108410", "112118820", "113122160", "100111080", "108115070", "113120640", "111119150", "111116170", "113119360", "97110950", "110120700", "97107950", "106112770", "108120621", "106121220", "109118701", "109117110", "106118301", "103120730", "112119980", "99111000", "99121440", "109120560", "102111990", "108114270", "102108621", "106116850", "108116481", "108118630", "97107681", "104111620", "112118421", "103113270", "98116500", "102109010", "102114270", "113121680", "103120780", "110120190", "104114740", "101110740", "107113360", "101108460", "108115570", "109119591", "112116850", "106113170", "109117080", "102113210", "103113640", "112118161", "106113260", "102109850", "107115140", "98116940", "100120010", "109120540", "107114280", "105112260", "109119340", "107112840", "111117120", "111116290", "97113900", "113122150", "104109311", "109117600", "112120670", "112121410", "105112240", "107117630", "101113210", "98106680", "113118620", "113117401", "99107630", "101116130", "99112300", "106120290", "107117010"], "labels": [1, 2, 0, 0, 3, 3, 1, 3, 0, 0, 3, 3, 0, 2, 1, 1, 3, 0, 2, 1, 0, 3, 1, 0, 0, 2, 3, 2, 2, 2, 2, 2, 1, 3, 3, 0, 3, 1, 3, 3, 1, 2, 1, 1, 1, 3, 3, 0, 2, 3, 2, 2, 0, 3, 3, 2, 1, 2, 1, 1, 3, 1, 1, 0, 3, 0, 1, 0, 3, 0, 0, 3, 2, 2, 1, 1, 1, 3, 1, 1, 1, 0, 2, 2, 1, 2, 3, 3, 3, 0, 1, 3, 0, 3, 2, 2, 1, 3, 1, 1, 3, 2, 3, 0, 0, 3, 0, 0, 0, 1, 3, 1, 0, 3, 1, 0, 2, 0, 1, 3, 3, 3, 1, 2, 2, 2, 2, 3, 1, 2, 0, 1, 0, 3, 1, 3, 3, 2, 2, 0, 2, 1], "predicted_labels": [3, 1, 1, 1, 3, 0, 3, 1, 3, 0, 1, 0, 0, 1, 0, 1, 3, 3, 1, 1, 3, 3, 3, 1, 0, 3, 1, 3, 1, 1, 0, 1, 1, 0, 3, 3, 0, 1, 1, 0, 3, 2, 1, 1, 1, 0, 1, 1, 1, 1, 1, 1, 3, 1, 1, 1, 3, 3, 1, 1, 0, 1, 3, 1, 1, 1, 1, 0, 3, 1, 3, 0, 3, 3, 1, 3, 3, 1, 1, 0, 3, 1, 3, 2, 0, 1, 3, 0, 2, 0, 3, 0, 0, 3, 2, 0, 1, 3, 1, 0, 3, 1, 1, 0, 3, 1, 1, 3, 0, 1, 3, 0, 0, 1, 3, 3, 1, 3, 1, 1, 1, 3, 1, 1, 3, 0, 1, 0, 3, 1, 3, 3, 0, 3, 1, 1, 1, 3, 3, 3, 1, 1], "confidence_scores": [[0.35155174898773184, 0.08259711275766121, 0.004690098303676152, 0.5611610399509311], [0.06349176044753255, 0.6752789771356263, 0.008732199847079717, 0.2524970625697614], [0.07096457796691914, 0.6269839612740588, 0.03008511981488684, 0.2719663409441353], [0.19129059388810224, 0.4887695785201399, 0.06540053154881216, 0.2545392960429454], [0.1039983976462474, 0.09117727946577138, 0.1744962733050428, 0.6303280495829382], [0.4717498459784351, 0.3079216987667888, 0.031338796772647184, 0.18898965848212904], [0.03181821249446938, 0.1933002459140379, 0.10099656073897839, 0.6738849808525142], [0.3390810461676744, 0.30570342215765134, 0.18860982448520597, 0.16660570718946846], [0.243388375985782, 0.12897249789605872, 0.0692365493667829, 0.5584025767513764], [0.5274786234216869, 0.25372461505158134, 0.02293927837852651, 0.19585748314820522], [0.16043053012010636, 0.39662219581268754, 0.06097484599578287, 0.38197242807142306], [0.725987988044578, 0.06000516803143725, 0.01197066410816924, 0.20203617981581573], [0.5070074453213399, 0.27621802629074454, 0.11312276732184019, 0.10365176106607506], [0.12225871036168927, 0.762551629348745, 0.07248290366819267, 0.042706756621373264], [0.5431215652328224, 0.1021237973309061, 0.3015351885724174, 0.053219448863853734], [0.22027667925212358, 0.5212403291542627, 0.06518876632568978, 0.19329422526792403], [0.08918522238939443, 0.21806838184382243, 0.02950990173326254, 0.6632364940335206], [0.41681234031361625, 0.0924014080898551, 0.016093441834314406, 0.47469280976221423], [0.04684637583128965, 0.7607746814868473, 0.09446739408381694, 0.09791154859804564], [0.12002857945392928, 0.33050413000213763, 0.40273378262573845, 0.1467335079181949], [0.11514885197348583, 0.29462861376394983, 0.062488838993587474, 0.5277336952689764], [0.21606771614517523, 0.23281137119685477, 0.04711781609838368, 0.5040030965595866], [0.32716531373077995, 0.10182335169975741, 0.07640252832413331, 0.49460880624532894], [0.09232795219160134, 0.36884225811096943, 0.3741341223072376, 0.16469566739019165], [0.7023913803079331, 0.14804227857068164, 0.029139659663425455, 0.12042668145795965], [0.03806507644249283, 0.3391874198357696, 0.18321662248761453, 0.43953088123412304], [0.03102968525156894, 0.6179468475421053, 0.14623963277724292, 0.20478383442908285], [0.1823015196324477, 0.1729108631131922, 0.28861859676446117, 0.35616902048989846], [0.09649336065186703, 0.1469040397260881, 0.5966639388418722, 0.1599386607801727], [0.05189357421157028, 0.5986151811597907, 0.2563728292899163, 0.09311841533872273], [0.46348214936273074, 0.23882838066440584, 0.21035480531293863, 0.08733466465992516], [0.09740855404603045, 0.24050642835342786, 0.633656509274931, 0.028428508325610717], [0.2102551963831361, 0.4128963405259026, 0.10608210558166109, 0.27076635750930006], [0.6086985256310044, 0.09071912113432985, 0.09901620851117063, 0.20156614472349546], [0.24259704042635888, 0.17358542186145579, 0.020908819836669958, 0.5629087178755151], [0.36550116508729813, 0.11367114451686117, 0.15544807930338966, 0.36537961109245104], [0.43238703504628934, 0.16604121110111514, 0.24291667657306046, 0.15865507727953515], [0.3717495927796994, 0.4418623384755744, 0.1110268759015745, 0.07536119284315144], [0.24650117352572826, 0.39338187791576806, 0.20542031769356375, 0.15469663086494026], [0.5087050353404222, 0.24460348890679556, 0.038826463405123246, 0.20786501234765897], [0.18590266083676993, 0.0537712987543656, 0.10622204484261698, 0.6541039955662475], [0.11008980085227736, 0.13177459371179753, 0.7406146245846036, 0.017520980851321553], [0.05656023765834243, 0.5820138632451831, 0.30745005019999827, 0.05397584889647625], [0.3043339968357646, 0.2623524084237429, 0.2401117328804947, 0.19320186185999774], [0.14859316227326855, 0.5285622600674726, 0.10680752210739154, 0.21603705555186736], [0.6716072183638353, 0.04356395619795531, 0.04657855542021212, 0.23825027001799726], [0.24933252754293087, 0.28628167634253016, 0.21857270906457074, 0.24581308704996835], [0.055761656996817004, 0.4509303178032871, 0.39430287143930165, 0.09900515376059417], [0.11941786433798741, 0.3778326698926986, 0.17402405482853076, 0.3287254109407831], [0.28493503224544564, 0.3662928937410942, 0.08146217057679028, 0.2673099034366698], [0.10035079510673968, 0.24789452071879944, 0.4690469457195001, 0.18270773845496083], [0.10148323198689761, 0.41209191121956223, 0.12158963581015234, 0.3648352209833876], [0.3491166217156783, 0.0655683101853038, 0.13721238341497, 0.4481026846840481], [0.059660441364454954, 0.4831247819091966, 0.24729943743566238, 0.20991533929068598], [0.3593472886066402, 0.2538130296747026, 0.32454325857112426, 0.06229642314753322], [0.03945875211843584, 0.7456296871529313, 0.17317694959044605, 0.041734611138186876], [0.3925954637836312, 0.19483971077122159, 0.07928036520615503, 0.3332844602389922], [0.23097648732747125, 0.26735826373896554, 0.1208007235036213, 0.3808645254299419], [0.19556036379137637, 0.5511303889862513, 0.045160091152937384, 0.20814915606943488], [0.10597818758626167, 0.49995953961072037, 0.2670751394029965, 0.12698713340002132], [0.6025420709669186, 0.05546502127447294, 0.007315487600002875, 0.3346774201586057], [0.2391234946446397, 0.512676671259523, 0.033724547574184326, 0.21447528652165276], [0.21733069234507318, 0.27224460489325, 0.17873021543147957, 0.3316944873301974], [0.4520375994255492, 0.412284758803361, 0.01322730441515783, 0.12245033735593171], [0.10575134970824579, 0.41045927242844127, 0.02239665237285255, 0.4613927254904603], [0.2184426048555285, 0.5013336068993506, 0.21666043959963935, 0.06356334864548176], [0.15467124399488055, 0.7620629353070126, 0.05838816139207198, 0.0248776593060348], [0.7288771454627159, 0.20449340513563166, 0.0025212171419384515, 0.06410823225971368], [0.322740398673359, 0.157079278382984, 0.02162854266156929, 0.49855178028208796], [0.204505637803841, 0.6314872632812392, 0.03209562076272809, 0.1319114781521915], [0.06034180363555443, 0.12232785249141573, 0.0539002183657691, 0.7634301255072605], [0.9150864704399915, 0.011847126016626531, 0.057417396099934834, 0.015649007443446987], [0.2842322356513194, 0.1817999057515052, 0.06113616655886713, 0.47283169203830816], [0.06547921831812734, 0.06624020090973741, 0.663055229827225, 0.2052253509449104], [0.0940542685527311, 0.3301753674460489, 0.22470081674564357, 0.3510695472555764], [0.31797064053973406, 0.20364340237932485, 0.042753604573322376, 0.4356323525076188], [0.01862259659107765, 0.22403414687701856, 0.048693613387416755, 0.7086496431444872], [0.1451849436988273, 0.4259551193904137, 0.20574605316564898, 0.22311388374511007], [0.1474112673706359, 0.52271637280625, 0.08737822250003134, 0.24249413732308278], [0.7469253082123553, 0.23006235349142484, 0.006427375302953057, 0.016584962993266728], [0.09597354193833638, 0.2230654422977606, 0.2348258022144552, 0.4461352135494481], [0.33543670785558843, 0.4976918811620944, 0.024900750063770013, 0.14197066091854707], [0.03976755311725536, 0.11151041886947323, 0.6538990666512666, 0.19482296136200483], [0.05879703520908898, 0.1075514788369495, 0.7757445873701544, 0.05790689858380702], [0.4578047896224066, 0.1419811893273107, 0.10876756721271029, 0.29144645383757223], [0.15597720177343963, 0.42854360271272, 0.3035322964993653, 0.11194689901447483], [0.2189563779836703, 0.3546514372480705, 0.0283873404975819, 0.39800484427067734], [0.6905513871350526, 0.1518590451104678, 0.002575281566310039, 0.15501428618816965], [0.015316691794687226, 0.06962111018785315, 0.9016897517295747, 0.013372446287884796], [0.6210856443137229, 0.07857851330856337, 0.013952565820398668, 0.28638327655731505], [0.046673553827898055, 0.12752104496619854, 0.16208609178017983, 0.6637193094257237], [0.5152627382821386, 0.2496901998318764, 0.06181312702936323, 0.17323393485662192], [0.8808392718983876, 0.09392517263763314, 0.0010304137837711857, 0.024205141680208094], [0.12847396837849076, 0.20438215532337406, 0.004599959168735648, 0.6625439171293996], [0.061693812995753494, 0.15609301257364352, 0.6364050163379189, 0.14580815809268424], [0.7143758007348834, 0.01674074977669971, 0.09509415410554045, 0.1737892953828769], [0.07001160159754248, 0.17145575556413628, 0.6059714362116587, 0.15256120662666228], [0.01791050746656977, 0.1991980555604048, 0.5839803677550005, 0.1989110692180249], [0.1453012211096638, 0.44367691527160064, 0.12831859492601977, 0.2827032686927157], [0.5339367475415062, 0.21444171442594095, 0.18672881087897636, 0.06489272715357633], [0.045884089044085336, 0.35675530225693125, 0.19617354344706123, 0.401187065251922], [0.07561126455869749, 0.40297379494783103, 0.40941905615584995, 0.11199588433762193], [0.20310282868144686, 0.21956799134878863, 0.38593459436420285, 0.1913945856055614], [0.7422270002303245, 0.12770613533550762, 0.009015741821684495, 0.12105112261248327], [0.3138736758624517, 0.012358411237870102, 0.014914278718660256, 0.6588536341810182], [0.053923605978105714, 0.4217524826282252, 0.2047858743401874, 0.31953803705348155], [0.21108480867036172, 0.36363909834600816, 0.28113366103899035, 0.14414243194463985], [0.08934992228052953, 0.3771589130503992, 0.005859400102078623, 0.5276317645669928], [0.5656270651255193, 0.34341230313875054, 0.00926260077893564, 0.0816980309567947], [0.0116101636547213, 0.9206426119339004, 0.028560216201200552, 0.03918700821017775], [0.036184732701238446, 0.27990462775894276, 0.051987932597001775, 0.6319227069428169], [0.8985450041799748, 0.01863036154519618, 0.0028460240209802106, 0.0799786102538488], [0.687859163823513, 0.26739724489682865, 0.011107438358121112, 0.033636152921537175], [0.23028854732670664, 0.5189721886023398, 0.06262577480112919, 0.18811348926982438], [0.10774158793102395, 0.1213413004523375, 0.5994695948370735, 0.17144751677956527], [0.3299771704766154, 0.034802684747699306, 0.032182999831056054, 0.6030371449446291], [0.1429672769059731, 0.49323480366031247, 0.20992380878848046, 0.1538741106452339], [0.0929961560520218, 0.20211232274980526, 0.24857012268291326, 0.4563213985152594], [0.18885961529026132, 0.4587845934188958, 0.06177254130973713, 0.2905832499811058], [0.23692949379088826, 0.32294473824610054, 0.39028056817905227, 0.04984519978395879], [0.03864129871678775, 0.743219813678818, 0.014135110736036348, 0.20400377686835805], [0.08295710989677126, 0.18090126698204487, 0.029347759350285083, 0.7067938637708988], [0.05387815815604386, 0.8200867965206754, 0.07141619725665027, 0.054618848066630414], [0.17421507579943182, 0.6018106931282925, 0.028311340351175353, 0.1956628907211002], [0.1040723192846358, 0.20496316476881205, 0.3649365461430467, 0.32602796980350557], [0.6210781811636927, 0.16362358862458182, 0.08500036963028991, 0.13029786058143536], [0.04497145752658695, 0.7063181053489356, 0.08239843208557493, 0.16631200503890253], [0.527227847991854, 0.1299679780367604, 0.1192135656623196, 0.22359060830906594], [0.12194543086154641, 0.22931703998464714, 0.33503617025499777, 0.3137013588988084], [0.14366969844174482, 0.43226757338029154, 0.14069414253318233, 0.283368585644781], [0.28370185937882353, 0.11559157822461087, 0.020560599517354845, 0.5801459628792107], [0.10078333408272366, 0.31064257626469316, 0.17884541844320256, 0.40972867120938067], [0.6742859041513526, 0.0949879982211002, 0.19185466478061447, 0.03887143284693291], [0.1866313613155662, 0.23104489520458793, 0.20776153351521062, 0.37456220996463513], [0.10441760608540437, 0.2894509369129753, 0.5380267747979127, 0.06810468220370768], [0.34013568475450306, 0.380644681657804, 0.02464813645257624, 0.25457149713511684], [0.08310310977115036, 0.51923107277962, 0.008728822711015547, 0.38893699473821397], [0.3562080744286985, 0.1010444460537152, 0.17280423663066502, 0.3699432428869211], [0.09920946757135729, 0.21874160817539187, 0.23008516481030158, 0.45196375944294936], [0.27381997855264983, 0.0479525250775931, 0.1060601380453005, 0.5721673583244565], [0.12969091692549853, 0.4369919350812074, 0.05933109933005214, 0.37398604866324175], [0.2447124900649346, 0.30982233702295797, 0.37553868836675136, 0.06992648454535613]]}, "rewritten": {"ids": ["97106820", "97107681", "97107950", "97110950", "97113900", "97116401", "98106680", "98108410", "98108520", "98110680", "98116500", "98116940", "98119591", "99107630", "99107640", "99109370", "99109910", "99111000", "99112300", "99121440", "100108580", "100109330", "100110260", "100111080", "100117420", "100120010", "101108290", "101108460", "101110740", "101112690", "101113210", "101114020", "101116130", "101119030", "102108621", "102109010", "102109850", "102110500", "102111990", "102112030", "102113210", "102114270", "103110760", "103113170", "103113270", "103113640", "103120730", "103120780", "104109311", "104111380", "104111620", "104112201", "104113240", "104114230", "104114410", "104114740", "104119290", "105110091", "105112240", "105112260", "105113190", "105113620", "105115250", "105115570", "105117431", "106112770", "106113170", "106113260", "106114280", "106115120", "106116850", "106117770", "106118301", "106120290", "106121220", "107112840", "107113170", "107113360", "107114140", "107114280", "107115140", "107117010", "107117630", "107120880", "108114180", "108114270", "108115070", "108115570", "108116481", "108118630", "108120260", "108120621", "108120700", "109117080", "109117110", "109117600", "109118701", "109119340", "109119591", "109120540", "109120560", "110114720", "110114950", "110116290", "110117140", "110118701", "110120190", "110120700", "111115770", "111116170", "111116290", "111116530", "111116750", "111117120", "111117200", "111119150", "111119430", "111119610", "112116610", "112116640", "112116810", "112116850", "112116900", "112118161", "112118421", "112118820", "112119980", "112120670", "112120990", "112121410", "113117340", "113117401", "113118620", "113118630", "113119360", "113119930", "113120640", "113121680", "113121810", "113122150", "113122160", "113122220"], "labels": [1, 3, 2, 3, 2, 3, 1, 1, 2, 2, 2, 2, 1, 2, 1, 1, 2, 2, 0, 2, 0, 0, 3, 0, 2, 0, 0, 0, 3, 1, 3, 3, 2, 3, 3, 1, 1, 3, 2, 2, 3, 3, 1, 3, 2, 1, 1, 1, 3, 3, 0, 0, 2, 2, 1, 2, 1, 0, 1, 3, 3, 0, 2, 0, 1, 1, 0, 3, 3, 1, 3, 0, 1, 2, 1, 1, 0, 0, 2, 3, 0, 1, 0, 1, 1, 3, 1, 3, 0, 1, 1, 1, 2, 1, 1, 1, 3, 3, 0, 1, 1, 3, 0, 2, 3, 3, 3, 2, 3, 0, 2, 3, 3, 2, 0, 3, 3, 2, 1, 0, 3, 0, 3, 0, 3, 0, 0, 2, 2, 0, 2, 3, 3, 3, 0, 1, 0, 1, 2, 2, 3, 1], "predicted_labels": [1, 0, 1, 0, 1, 3, 2, 3, 1, 1, 0, 1, 0, 3, 3, 1, 2, 1, 3, 1, 3, 1, 0, 1, 3, 3, 1, 3, 1, 3, 3, 1, 3, 1, 0, 3, 0, 3, 3, 2, 3, 3, 0, 1, 3, 0, 3, 1, 3, 3, 3, 3, 1, 1, 1, 1, 3, 0, 3, 1, 3, 1, 3, 3, 1, 1, 3, 1, 3, 0, 2, 3, 0, 3, 1, 1, 3, 1, 1, 1, 3, 1, 0, 3, 1, 0, 1, 1, 0, 3, 1, 0, 1, 1, 1, 3, 1, 1, 1, 1, 2, 0, 1, 3, 1, 1, 3, 3, 0, 0, 1, 3, 0, 1, 0, 3, 3, 1, 1, 1, 3, 3, 1, 3, 3, 1, 1, 1, 1, 0, 1, 3, 1, 1, 3, 1, 1, 0, 1, 1, 1, 1], "confidence_scores": [[0.1252555108302562, 0.5595961813502066, 0.0633989174104466, 0.25174939040909056], [0.5013286684338446, 0.19269980271965345, 0.08444988556933643, 0.2215216432771659], [0.040134211672387884, 0.23785573489029824, 0.5453860392975359, 0.1766240141397778], [0.9730695964720084, 0.01043297825211101, 0.00917074877872879, 0.00732667649715149], [0.33550684955352944, 0.2854567197000405, 0.08489067760499369, 0.2941457531414364], [0.27642897441601855, 0.10906892512738917, 0.30489024273753734, 0.30961185771905514], [0.03084133336029977, 0.17664574452875687, 0.6609758044872379, 0.13153711762370543], [0.4122094353445154, 0.1002973551186263, 0.17309551944867158, 0.3143976900881867], [0.0905208892314573, 0.6515093863741125, 0.1437151001881055, 0.11425462420632487], [0.2749676299000756, 0.1992844894401125, 0.505984776396115, 0.019763104263696634], [0.5780425949838373, 0.12797997993819318, 0.01903527188333242, 0.27494215319463716], [0.0780730718877812, 0.39629308987616446, 0.23731056437293774, 0.2883232738631166], [0.6729739569549388, 0.23192667933391334, 0.06013666689606856, 0.034962696815079235], [0.24840789377860945, 0.013580063810718671, 0.06428372129283315, 0.6737283211178388], [0.4495484720961842, 0.08781604006977552, 0.016060414627702663, 0.4465750732063375], [0.10283722312476141, 0.2956051494921864, 0.5494392878917757, 0.05211833949127653], [0.046009553466827, 0.024881819032517086, 0.8606171638787025, 0.06849146362195359], [0.07044210527871442, 0.21014808678507768, 0.5518186389740207, 0.1675911689621875], [0.15605122737204916, 0.04244447813880704, 0.37817532545751326, 0.42332896903163064], [0.17459620545971832, 0.2213104350891492, 0.4339825028078756, 0.17011085664325667], [0.21779299936126142, 0.17857020192779438, 0.07727007672637767, 0.5263667219845664], [0.32365446878933285, 0.33170141406075154, 0.1643562536171105, 0.1802878635328052], [0.7879668712886567, 0.05805380345047871, 0.011603650995484292, 0.14237567426538025], [0.13368163140833184, 0.644142608887334, 0.15079467549063041, 0.07138108421370401], [0.09446793936514983, 0.13328109839167981, 0.33824892643184495, 0.43400203581132535], [0.04361505490988331, 0.24056078649511906, 0.4305238300663847, 0.2853003285286128], [0.48951323612783176, 0.33756342183490123, 0.019906878277908407, 0.15301646375935862], [0.3337649754495484, 0.11966899670662916, 0.014815975041927148, 0.5317500528018954], [0.21238376620608196, 0.23570521027985025, 0.3997966968768056, 0.15211432663726243], [0.05559911100865653, 0.10156598446155538, 0.22609412510794907, 0.6167407794218391], [0.11107347604630086, 0.08925238508123892, 0.46845705246452574, 0.33121708640793485], [0.1138396751082188, 0.5356816159567122, 0.025385219373312094, 0.3250934895617567], [0.2184888668485114, 0.09447158559005392, 0.2484359173598024, 0.43860363020163246], [0.41285317940533584, 0.31854907431825713, 0.015824311427158535, 0.2527734348492485], [0.5191040327385693, 0.13038072001066595, 0.02618368823949842, 0.3243315590112661], [0.018124130371593196, 0.3272569785406407, 0.2522150022808539, 0.40240388880691247], [0.3832737548561405, 0.14744200332484725, 0.27127309633582386, 0.19801114548318813], [0.25833732218630795, 0.021077743743629078, 0.035662978345363666, 0.6849219557246997], [0.14954637545474828, 0.14236018023338395, 0.17525218735310902, 0.5328412569587585], [0.01737802191142806, 0.062059311696701244, 0.8808797281983554, 0.03968293819351536], [0.08094590630042332, 0.09369263286247524, 0.04745032737924264, 0.7779111334578588], [0.04776383041649863, 0.12879891075916683, 0.617536853704771, 0.20590040511956345], [0.44130941179525535, 0.12507460093226871, 0.1458880048221933, 0.28772798245028264], [0.06158485164934262, 0.7598336313049102, 0.07934457830618978, 0.09923693873955731], [0.21094475924173342, 0.09313390948393624, 0.3057701832286159, 0.3901511480457147], [0.9722138230262622, 0.006979932057774673, 0.004664079600807979, 0.016142165315154923], [0.08576964816225542, 0.16538546599480888, 0.37321721246879663, 0.37562767337413877], [0.3546054980144447, 0.2917768456811175, 0.046144083413088496, 0.3074735728913493], [0.25706426353729805, 0.2070183189048029, 0.08647589311472535, 0.44944152444317353], [0.34353156208266283, 0.2572580955233948, 0.07382271996770902, 0.3253876224262334], [0.25621817351709153, 0.005480487197147997, 0.0028610931215474274, 0.735440246164213], [0.2504528545567698, 0.056772117591787234, 0.0029760138050070064, 0.6897990140464361], [0.07869407008435572, 0.5803946399735986, 0.26933464357174924, 0.07157664637029612], [0.1114183184626054, 0.4386475969504735, 0.12005072894770916, 0.3298833556392116], [0.18452452457935448, 0.4937013787394071, 0.11189112541521794, 0.20988297126602043], [0.14435551181672346, 0.39873573442803656, 0.19819135713706568, 0.25871739661817417], [0.06699793514795017, 0.24032505283164585, 0.32131414011825243, 0.3713628719021518], [0.47646092442366744, 0.15823003869274685, 0.16057941793672784, 0.20472961894685796], [0.2534059894266702, 0.23342602553963182, 0.06441601004188074, 0.44875197499181724], [0.01647550061130212, 0.8457418171667828, 0.030830854498487954, 0.10695182772342714], [0.10283130834627749, 0.08892574873057216, 0.011171080724592662, 0.7970718621985573], [0.03733615075030823, 0.5835476178851563, 0.35948464109222145, 0.019631590272313648], [0.08709479640591226, 0.20500456064835146, 0.3837155267814018, 0.32418511616433454], [0.04062291798505943, 0.234137829075292, 0.09014313069983329, 0.6350961222398149], [0.039786640441095866, 0.7364583653016259, 0.13377540982601677, 0.0899795844312613], [0.10087234785680975, 0.3298270043204127, 0.4242216413514028, 0.14507900647137478], [0.34234021789756025, 0.3049092050064838, 0.008950994119909673, 0.3437995829760464], [0.10102316305160151, 0.5073421263688938, 0.08865487544819589, 0.3029798351313087], [0.10423436145280436, 0.19266141317910268, 0.13393411932037952, 0.5691701060477137], [0.8128414374640262, 0.020362899062916662, 0.008336188869887186, 0.15845947460317034], [0.02302685619680467, 0.11134526749088679, 0.8220716971722104, 0.04355617914009816], [0.18545872708723868, 0.050558908700745496, 0.037657174233409155, 0.7263251899786063], [0.5375074467078529, 0.23357891500356032, 0.03927771199009398, 0.18963592629849302], [0.08564225790445282, 0.2776222947730503, 0.022310202981488562, 0.6144252443410083], [0.01995832212838001, 0.4858546700379181, 0.09553023858640967, 0.39865676924729243], [0.04494097560465446, 0.8779166753807504, 0.05923685263328846, 0.01790549638130662], [0.18360627525716097, 0.0725791156979152, 0.187372820467008, 0.5564417885779158], [0.35397599313585437, 0.3048507760785354, 0.0436342925655146, 0.29753893822009536], [0.16505382460928847, 0.3399368371801884, 0.2487930401209001, 0.24621629808962303], [0.2489899817443861, 0.30867440178546146, 0.33638129644557535, 0.10595432002457698], [0.49962700373652374, 0.01705756335866238, 0.008131120604422405, 0.47518431230039127], [0.19242868004898725, 0.49174163331191506, 0.14270316769979893, 0.1731265189392992], [0.939561635310305, 0.015656607639217054, 0.01798669476288357, 0.026795062287594255], [0.1598845085514867, 0.22598545363133063, 0.08641949589982231, 0.5277105419173604], [0.2309313367281417, 0.48465790821100274, 0.14967569024917368, 0.1347350648116818], [0.6672776876480285, 0.20346562444677244, 0.006203773608829148, 0.12305291429636973], [0.10514590106530454, 0.5997579476118177, 0.2697106446225594, 0.02538550670031825], [0.03354346152363867, 0.5674583463090773, 0.20806426699848382, 0.1909339251687999], [0.3642309525292345, 0.26806212713177147, 0.05429313261808092, 0.31341378772091266], [0.20986800418668358, 0.11779254156321617, 0.258476493743336, 0.413862960506764], [0.2067547702690372, 0.6898832187979528, 0.006852462465922015, 0.09650954846708813], [0.8483716108729125, 0.04321100287696181, 0.02887989638593854, 0.07953748986418734], [0.06919750833319815, 0.6635474272299559, 0.07658037948875841, 0.1906746849480876], [0.036224186274448955, 0.7901034573799919, 0.07420575687798775, 0.09946659946757161], [0.2879556672474301, 0.3293611754463064, 0.06453514418591466, 0.3181480131203488], [0.09669136666764286, 0.07644215570126245, 0.43009363519706045, 0.3967728424340338], [0.1645964771602099, 0.42689472893342234, 0.086498120653412, 0.3220106732529556], [0.1961460767538532, 0.4582915842986871, 0.029241068188204603, 0.3163212707592549], [0.3621484318425479, 0.30778765372902417, 0.0592897603148803, 0.27077415411354766], [0.3434116719445894, 0.5369402169966304, 0.01683107975672606, 0.1028170313020542], [0.034387764482830006, 0.059819016215136245, 0.7385421564277218, 0.1672510628743119], [0.5875825143961986, 0.04816645018381567, 0.27191299649602424, 0.09233803892396142], [0.37695471077329656, 0.30055804565785355, 0.030273689459769795, 0.29221355410908], [0.14006590073548597, 0.23339865860014136, 0.339478675563753, 0.2870567651006197], [0.12377316716574162, 0.4024395380333139, 0.06530030207682899, 0.4084869927241152], [0.49700632929754773, 0.3532873465016829, 0.10640095126348945, 0.04330537293727984], [0.27551670707198994, 0.10501502612670278, 0.3553984073913289, 0.2640698594099782], [0.16845887117878047, 0.15177936900049513, 0.4947155554815389, 0.1850462043391854], [0.7805600618133745, 0.011507267080075361, 0.07474198704645808, 0.13319068406009194], [0.48033253040413687, 0.3151312298549419, 0.05989371319223685, 0.1446425265486843], [0.22625329761717122, 0.3799450612193133, 0.2333469451526371, 0.1604546960108781], [0.13470624551006877, 0.15302985895539845, 0.5195183910703208, 0.19274550446421224], [0.8131429800781513, 0.03339720254433087, 0.02273450296629415, 0.13072531441122381], [0.10419436377213644, 0.5111795487449595, 0.06420803604128295, 0.32041805144162133], [0.3572286964423052, 0.057042124514412304, 0.5669327421668572, 0.018796436876425536], [0.14227869481569613, 0.1760472534073668, 0.015163788026617822, 0.6665102637503193], [0.034855713999058215, 0.42254850293355617, 0.017383669569755976, 0.5252121134976299], [0.13677886762155886, 0.33945473947857147, 0.31139639368926986, 0.21236999921059987], [0.4118802354722892, 0.311805551123197, 0.11205889575003578, 0.16425531765447807], [0.347084020320531, 0.26757985612634794, 0.12323080702463733, 0.26210531652848373], [0.09953142913903915, 0.10248979414643332, 0.12020086500390235, 0.6777779117106247], [0.21248218195919794, 0.16710647385778446, 0.006057696790555041, 0.6143536473924625], [0.41657671954259823, 0.3412341740203312, 0.07475453383610442, 0.16743457260096628], [0.4982879868452067, 0.12417392686033324, 0.010755061336648775, 0.3667830249578111], [0.17980548320860246, 0.18915898702906622, 0.014051817205049012, 0.6169837125572821], [0.12807639982815355, 0.6657157977041901, 0.013015155730620143, 0.19319264673703637], [0.06948447134777336, 0.8912599749747968, 0.02246383007682075, 0.016791723600609088], [0.050691500755989057, 0.5045160358744735, 0.07082803261119053, 0.37396443075834696], [0.13931505008555276, 0.4522001243217703, 0.3343525748600342, 0.07413225073264258], [0.6384562746160196, 0.17672140342291212, 0.08253621187351938, 0.10228611008754872], [0.030524883368255474, 0.42149021047563257, 0.2612700537972001, 0.28671485235891175], [0.1702545666450325, 0.35800887846941903, 0.002304435408247142, 0.4694321194773016], [0.24645692650316756, 0.36756831771320175, 0.007955868192292728, 0.3780188875913379], [0.17369051816810524, 0.350307088600748, 0.1906659084338921, 0.2853364847972548], [0.24752675795544207, 0.057417925846429435, 0.019406058490643523, 0.675649257707485], [0.3370970357698898, 0.521948712456477, 0.037750102379553924, 0.10320414939407933], [0.29445070127464, 0.3654783005321308, 0.024790446862953543, 0.31528055133027555], [0.5099730623294866, 0.19110331552826174, 0.10133039855718237, 0.19759322358506912], [0.13553664289639233, 0.49071143393372824, 0.1089366210599639, 0.26481530210991555], [0.12361059432754219, 0.25691477786789335, 0.33986757508452103, 0.27960705272004355], [0.16795450314591298, 0.42071511957222574, 0.1839941705097052, 0.22733620677215605], [0.05258392478706444, 0.5870083710182874, 0.26052756594490195, 0.09988013824974593]]}}