{"test": {"ids": ["108118301", "103109021", "109114720", "113119120", "108116501", "112116540", "98106880", "103111930", "112119980", "109116750", "104117630", "111117000", "104112470", "111121410", "110115890", "97116500", "99109370", "112116610", "101112201", "106116441", "102112250", "108114040", "111119150", "106116370", "102113210", "98120530", "97107920", "102121440", "99117740", "97116800", "100108490", "111120320", "104116800", "112117660", "98110230", "104111550", "111115780", "111117200", "99107640", "111116110", "110118121", "111120190", "109117150", "103111990", "101119030", "102114270", "112116990", "98108520", "110114561", "100108520", "101108460", "100109910", "97106000", "101110740", "111119930", "100113370", "108117360", "110115250", "106119990", "102111990", "110118930", "105116090", "112119930", "107114621", "106113170", "113120280", "113118421", "101112690", "109121640", "102118380", "101109000", "113118231", "112118530", "102110750", "105113210", "98108970", "105113170", "100108990", "107114321", "107121640", "109120560", "101111140", "98106680", "111116990", "102109840", "113121190", "101110150", "101111210", "113119340", "99109740", "113120780", "107118780", "98110710", "105116650", "108115570", "104109311", "98121790", "103111620", "111115620", "105116501", "112116640", "109118701", "97116401", "109113281", "98107410", "113118511", "105118171", "101108080", "110118161", "110118301", "104113170", "109119460", "99108080", "111121190", "113121220", "105121190", "108114360", "107114200", "109119450", "113122120", "112118471", "102110890", "105111990", "111118820", "113122430", "106114880", "109120540", "113119320", "109115211", "106118161", "107120880", "105121370", "106120640", "108116481", "100107920", "105119550", "103120290", "97105580", "111115910", "106115120", "108121410", "98109090"], "labels": [1, 0, 0, 3, 0, 1, 0, 3, 0, 0, 0, 0, 1, 0, 2, 2, 1, 1, 0, 0, 0, 0, 3, 2, 3, 1, 0, 2, 2, 0, 2, 1, 1, 0, 3, 1, 1, 0, 1, 3, 3, 3, 2, 2, 3, 3, 0, 2, 0, 2, 0, 2, 0, 3, 1, 3, 1, 1, 0, 2, 1, 1, 1, 0, 0, 0, 3, 1, 0, 1, 1, 3, 1, 1, 3, 3, 0, 2, 0, 1, 1, 2, 1, 0, 2, 1, 1, 2, 0, 3, 0, 1, 2, 1, 3, 3, 2, 0, 1, 1, 0, 3, 3, 0, 3, 1, 3, 0, 0, 1, 3, 1, 3, 1, 3, 2, 1, 2, 3, 1, 1, 0, 2, 0, 2, 0, 1, 1, 0, 3, 1, 2, 3, 0, 0, 1, 2, 1, 2, 1, 0, 1], "predicted_labels": [3, 3, 2, 3, 3, 1, 2, 0, 3, 0, 0, 3, 3, 0, 1, 2, 2, 0, 1, 1, 3, 3, 3, 0, 3, 3, 0, 1, 0, 0, 1, 3, 3, 3, 1, 1, 0, 3, 3, 3, 3, 3, 3, 1, 0, 1, 0, 1, 1, 0, 0, 2, 3, 1, 0, 1, 3, 3, 3, 0, 3, 3, 1, 3, 1, 0, 0, 1, 3, 1, 3, 1, 1, 1, 3, 1, 3, 1, 3, 2, 2, 3, 1, 0, 1, 1, 3, 1, 0, 1, 3, 3, 1, 0, 3, 0, 2, 1, 1, 0, 3, 3, 1, 3, 3, 3, 3, 0, 3, 1, 1, 3, 3, 3, 3, 2, 1, 3, 3, 1, 1, 2, 3, 0, 3, 1, 1, 0, 1, 1, 1, 3, 1, 3, 3, 0, 2, 1, 1, 0, 1, 2], "confidence_scores": [[0.10610949662697411, 0.09932788321664028, 0.0344455062095996, 0.760117113946786], [0.3409169602797302, 0.16045570770021303, 0.030902195391952995, 0.4677251366281037], [0.015577198793440033, 0.2689112648797177, 0.46189316894154286, 0.25361836738529925], [0.34486714048706735, 0.10120845717097232, 0.15002325469150718, 0.403901147650453], [0.2059436069542317, 0.16832557671326678, 0.044268713769976195, 0.5814621025625255], [0.24091924018807284, 0.5123867507467802, 0.03290442122186477, 0.2137895878432827], [0.07745284732736316, 0.12086641846184039, 0.5032505313782325, 0.29843020283256405], [0.5530804721526191, 0.2682894524139753, 0.13269796932897085, 0.04593210610443483], [0.18343070806769185, 0.09284391337576366, 0.017159577952629297, 0.7065658006039153], [0.490933666212359, 0.36367995469097947, 0.037707673919922524, 0.10767870517673901], [0.7441922201681387, 0.11166423466228462, 0.03705731045397693, 0.10708623471559987], [0.20548648181204432, 0.2675667350998439, 0.12024970848830761, 0.4066970745998042], [0.04528146196338487, 0.11974429345277232, 0.08859454293413017, 0.7463797016497127], [0.4345805690409175, 0.3420082221190334, 0.02193620600841334, 0.20147500283163558], [0.03892164109737931, 0.41091199441905385, 0.378361913374265, 0.17180445110930168], [0.20787583963099293, 0.31707036905650826, 0.4159013752853308, 0.059152416027168406], [0.13947522202299037, 0.2130950370188699, 0.31584478979044794, 0.3315849511676919], [0.5219786085200286, 0.24328795706354153, 0.13712985612657247, 0.09760357828985713], [0.23756807020957876, 0.4969984889528051, 0.05154116936736277, 0.21389227147025325], [0.34354069379244345, 0.5751413330723759, 0.011001980799421576, 0.07031599233575901], [0.16086936308840127, 0.06053621484173538, 0.2403457289559466, 0.5382486931139165], [0.030526162108407532, 0.35334545675901596, 0.16314596555188224, 0.4529824155806945], [0.35110445435113496, 0.09536455346795919, 0.02254838767987513, 0.5309826045010309], [0.4500838737698634, 0.04822251213751995, 0.11710028555259006, 0.3845933285400269], [0.17216792881101975, 0.13556747095170346, 0.11349824477669905, 0.5787663554605775], [0.30371154558035124, 0.21513146682125991, 0.01817118979548734, 0.4629857978029017], [0.6042568191258767, 0.026244517423787223, 0.015058010229758289, 0.3544406532205776], [0.1257704160199637, 0.39725397523780653, 0.1304382949813042, 0.3465373137609254], [0.30428763259381075, 0.13708068177146202, 0.3271377876455404, 0.23149389798918685], [0.46717934991569016, 0.2853945456629202, 0.06683417351543026, 0.18059193090595943], [0.28257471394981937, 0.3186900017232211, 0.23112159250280986, 0.1676136918241497], [0.1855765507344053, 0.13421004400696923, 0.04378239367267599, 0.6364310115859497], [0.10810756952859071, 0.2456433020244075, 0.06705227472914871, 0.5791968537178531], [0.20247236821938436, 0.1640254468817133, 0.026193981442740925, 0.6073082034561613], [0.1376870198480958, 0.6472791359247033, 0.022069787150885815, 0.1929640570763151], [0.1434586782680024, 0.4962101465589619, 0.26220428046834293, 0.09812689470469249], [0.4803088425950343, 0.2634091526576347, 0.07608465191815406, 0.18019735282917682], [0.09505892935910605, 0.14566491893695915, 0.013125814339628466, 0.7461503373643061], [0.07546474189771413, 0.10315044051878298, 0.24372106378285208, 0.5776637538006507], [0.2229184871029579, 0.0443097481761857, 0.09556715571770148, 0.637204609003155], [0.058358890406311086, 0.08955355099330188, 0.010967488835477797, 0.8411200697649093], [0.10981642174690417, 0.3159849915903145, 0.1532895947722073, 0.42090899189057407], [0.14471324858700435, 0.10943080379264121, 0.15324043764136783, 0.5926155099789865], [0.2043840658842964, 0.6543591477610704, 0.049812268775048775, 0.0914445175795845], [0.5500468649991564, 0.09647869982271425, 0.013009279905152688, 0.3404651552729767], [0.374305599682537, 0.5635424292801263, 0.02084323586129957, 0.04130873517603678], [0.6082991712564594, 0.01825895150527577, 0.030590799906882165, 0.34285107733138287], [0.3040739403275221, 0.5450501797928081, 0.025191900733043587, 0.1256839791466264], [0.37484932656205655, 0.4224046531989429, 0.10264674948288517, 0.10009927075611548], [0.39001888507197224, 0.1909848360653189, 0.10360587761250631, 0.31539040125020235], [0.3175532324544345, 0.26559083822427687, 0.23444893950804335, 0.18240698981324519], [0.024772759656291776, 0.05884978632013545, 0.9086022116035002, 0.007775242420072506], [0.024868168041723378, 0.10907897227519256, 0.14119817929939027, 0.7248546803836938], [0.0417120668979909, 0.629613495469494, 0.1721449128561286, 0.15652952477638626], [0.47968019217640656, 0.2794778323721933, 0.09848633156845861, 0.14235564388294128], [0.0746833297926593, 0.24829495318594666, 0.4073015713675941, 0.2697201456538001], [0.0168356253582905, 0.20332437851013377, 0.3104764050058655, 0.4693635911257103], [0.1087080540003013, 0.08886744016375425, 0.09802993448406618, 0.7043945713518781], [0.054483413573584605, 0.26938664428441833, 0.06466548950905743, 0.6114644526329397], [0.5945493525919558, 0.1366608649900932, 0.10839533091712358, 0.16039445150082704], [0.11482942167147023, 0.2124294396357531, 0.06899918576848546, 0.6037419529242913], [0.2108258312551237, 0.11920581474758511, 0.21487394153018352, 0.455094412467108], [0.06818087650580502, 0.5888824005436392, 0.1140867185129389, 0.22885000443761688], [0.04261257732555135, 0.05652766821435461, 0.028561162611858433, 0.8722985918482357], [0.13228648807609247, 0.7621550454173217, 0.008874608688094171, 0.09668385781849187], [0.7725894105355776, 0.02688935245500317, 0.01587622042467193, 0.18464501658474736], [0.7783627378580029, 0.07708180936697687, 0.01087456325231322, 0.13368088952270676], [0.07652109596251627, 0.4035006325681739, 0.34775964792966507, 0.1722186235396447], [0.1435370882138993, 0.36156491557708, 0.06541554115387846, 0.42948245505514215], [0.05288260837100476, 0.467288382928746, 0.2643622962018442, 0.21546671249840507], [0.024872170768287807, 0.09009542841914003, 0.3846956707930567, 0.5003367300195155], [0.27189346192957464, 0.4557281837860509, 0.051853541660866205, 0.22052481262350837], [0.06934016270169623, 0.554805639216195, 0.27287897283979906, 0.10297522524230963], [0.0386836636458866, 0.6805168372250376, 0.25825252069342264, 0.022546978435653082], [0.15339590266947864, 0.07784313827596474, 0.003220218318773145, 0.765540740735783], [0.06950058343137139, 0.7265576483711184, 0.13691419665823293, 0.06702757153927759], [0.0808039464452069, 0.15233213664865797, 0.022654868386209816, 0.744209048519925], [0.057579734223816785, 0.43018347493968195, 0.14618496606761408, 0.3660518247688872], [0.0825669835408434, 0.2501863127636981, 0.03319087829907491, 0.6340558253963838], [0.14808489495156113, 0.11805330585382387, 0.5891331394665548, 0.14472865972806034], [0.0073801190081238515, 0.22828386814964816, 0.6924714060529013, 0.0718646067893268], [0.373255544700812, 0.06216119119282929, 0.09352020044139608, 0.4710630636649626], [0.09418304978810116, 0.47366287579194544, 0.3950933069291945, 0.03706076749075857], [0.477827659224205, 0.11872817931595296, 0.10103021914607845, 0.3024139423137639], [0.07790380955631185, 0.6817624410906251, 0.20037770178650963, 0.03995604756655345], [0.344828559151083, 0.3948823980260461, 0.013052172534363632, 0.24723687028850755], [0.20504191913638578, 0.23029226801330366, 0.11142161004062566, 0.4532442028096848], [0.07422073632767802, 0.4425839023497148, 0.14052129981212982, 0.342674061510477], [0.6537962211909469, 0.276606010860637, 0.005118781566885651, 0.06447898638153046], [0.01597787696574464, 0.6352862169948887, 0.3205396914323681, 0.02819621460699827], [0.24046231363546142, 0.24285521933209486, 0.0707054689307994, 0.4459769981016442], [0.30375127113619005, 0.2630152170705546, 0.012002419454609604, 0.4212310923386457], [0.0330685118379355, 0.5477492195676636, 0.1980389669182523, 0.22114330167614865], [0.40740350219219695, 0.29667024762641314, 0.20977863481211387, 0.08614761536927625], [0.26264919598631536, 0.13204627225715776, 0.2930622658717247, 0.31224226588480186], [0.5511145383561139, 0.09725513491083923, 0.007270176658556632, 0.3443601500744903], [0.16347968549900868, 0.24149061982550635, 0.4207526846136242, 0.17427701006186086], [0.20053559196195625, 0.5229854030699955, 0.22299206089153153, 0.053486944076516565], [0.26107169934648394, 0.5217789587222459, 0.09406017266931228, 0.123089169261958], [0.6031449366223692, 0.17846988852817186, 0.003865383007619203, 0.21451979184183967], [0.15651078874256338, 0.3210642273639484, 0.0529796962045899, 0.4694452876888984], [0.1579491555903386, 0.18581243198811143, 0.04407304535433567, 0.6121653670672142], [0.04961088144949583, 0.6059458870406714, 0.1562922532265883, 0.18815097828324395], [0.21756577547877864, 0.093658436105365, 0.009424002090104468, 0.6793517863257519], [0.3128063037146749, 0.11374754128682417, 0.1534329819347762, 0.42001317306372493], [0.2338017794281463, 0.23247692668256179, 0.19210231628388366, 0.34161897760540805], [0.08719602292472967, 0.3283606934260034, 0.019047932195741222, 0.5653953514535257], [0.4344921865076014, 0.2758684046017663, 0.030543709525023797, 0.2590956993656083], [0.37029603888970286, 0.11208100195472188, 0.05208486706511725, 0.4655380920904579], [0.15640852410472503, 0.7101939238500413, 0.026622075715234426, 0.10677547632999916], [0.06388623468786143, 0.7500911490122393, 0.06950626055488145, 0.11651635574501817], [0.09308513077606625, 0.28618780060560894, 0.03636065793257487, 0.5843664106857495], [0.2761391722031398, 0.1126670138217991, 0.21482793259958669, 0.39636588137547435], [0.2660350373474961, 0.10520789245119751, 0.0431214342469423, 0.5856356359543644], [0.08157816319693427, 0.0937869248986075, 0.04174146273120558, 0.7828934491732525], [0.04545685955905244, 0.35140130975779116, 0.41537733965487983, 0.18776449102827686], [0.04444800949510444, 0.501160773290702, 0.1690056629758267, 0.28538555423836703], [0.09535747532511978, 0.36294709939853514, 0.017940074320302216, 0.5237553509560425], [0.009199232036109497, 0.09171811635829784, 0.20813201964032887, 0.6909506319652641], [0.36082373299887327, 0.5109315923271145, 0.08487520232502935, 0.04336947234898271], [0.13910086356715493, 0.6616397351045294, 0.05359925354455615, 0.14566014778375938], [0.15478228176917783, 0.02129025931874208, 0.4848232186857862, 0.3391042402262937], [0.3508558631158357, 0.18646279236158983, 0.015134823019172615, 0.44754652150340124], [0.7415170418336186, 0.061697571670195676, 0.0062516451142855005, 0.19053374138190018], [0.02320456595737812, 0.39400830970874473, 0.12116121764782117, 0.4616259066860556], [0.1407560779650965, 0.4663894043598017, 0.34845742460131457, 0.04439709307378745], [0.10932481870404452, 0.6521732924845874, 0.015925550187668922, 0.22257633862369902], [0.47805890275121393, 0.10413207625474599, 0.02188425658697223, 0.3959247644070678], [0.050663963017076846, 0.4827086902622279, 0.0419672689666704, 0.4246600777540246], [0.0673781070836968, 0.6616034887136282, 0.14054230043054447, 0.13047610377213073], [0.13406017685494548, 0.2547522166446995, 0.29721044548637887, 0.3139771610139761], [0.02997114842170851, 0.14035713013868412, 0.13510400884964635, 0.6945677125899613], [0.059474072856626065, 0.738539674216295, 0.0883598457553085, 0.1136264071717705], [0.392204297096771, 0.08272846169241078, 0.016993888247494073, 0.508073352963324], [0.07655877970598038, 0.10793933593872293, 0.029159941123288145, 0.7863419432320088], [0.5564385486682089, 0.1918451232208293, 0.008261336130017677, 0.24345499198094409], [0.016919323507830555, 0.05649616446128662, 0.9140812438247761, 0.012503268206106647], [0.26177909437935076, 0.373373824903196, 0.23147240088796986, 0.13337467982948334], [0.18624830843521853, 0.3222007242449528, 0.2518692232611344, 0.23968174405869444], [0.7024447128085841, 0.15592204676927046, 0.012062167740365455, 0.1295710726817801], [0.30577903241388255, 0.4336052291638333, 0.06412380955767365, 0.19649192886461023], [0.019816018361103433, 0.11038297306167563, 0.6785237028142899, 0.19127730576293112]]}, "rewritten": {"ids": ["97105580", "97106000", "97107920", "97116401", "97116500", "97116800", "98106680", "98106880", "98107410", "98108520", "98108970", "98109090", "98110230", "98110710", "98120530", "98121790", "99107640", "99108080", "99109370", "99109740", "99117740", "100107920", "100108490", "100108520", "100108990", "100109910", "100113370", "101108080", "101108460", "101109000", "101110150", "101110740", "101111140", "101111210", "101112201", "101112690", "101119030", "102109840", "102110750", "102110890", "102111990", "102112250", "102113210", "102114270", "102118380", "102121440", "103109021", "103111620", "103111930", "103111990", "103120290", "104109311", "104111550", "104112470", "104113170", "104116800", "104117630", "105111990", "105113170", "105113210", "105116090", "105116501", "105116650", "105118171", "105119550", "105121190", "105121370", "106113170", "106114880", "106115120", "106116370", "106116441", "106118161", "106119990", "106120640", "107114200", "107114321", "107114621", "107118780", "107120880", "107121640", "108114040", "108114360", "108115570", "108116481", "108116501", "108117360", "108118301", "108121410", "109113281", "109114720", "109115211", "109116750", "109117150", "109118701", "109119450", "109119460", "109120540", "109120560", "109121640", "110114561", "110115250", "110115890", "110118121", "110118161", "110118301", "110118930", "111115620", "111115780", "111115910", "111116110", "111116990", "111117000", "111117200", "111118820", "111119150", "111119930", "111120190", "111120320", "111121190", "111121410", "112116540", "112116610", "112116640", "112116990", "112117660", "112118471", "112118530", "112119930", "112119980", "113118231", "113118421", "113118511", "113119120", "113119320", "113119340", "113120280", "113120780", "113121190", "113121220", "113122120", "113122430"], "labels": [1, 0, 0, 3, 2, 0, 1, 0, 3, 2, 3, 1, 3, 2, 1, 2, 1, 3, 1, 3, 2, 0, 2, 2, 2, 2, 3, 0, 0, 1, 1, 3, 2, 2, 0, 1, 3, 2, 1, 0, 2, 0, 3, 3, 1, 2, 0, 0, 3, 2, 2, 3, 1, 1, 3, 1, 0, 2, 0, 3, 1, 1, 1, 3, 1, 2, 2, 0, 0, 1, 2, 0, 3, 0, 3, 2, 0, 0, 1, 1, 1, 0, 1, 3, 0, 0, 1, 1, 0, 0, 0, 0, 0, 2, 3, 3, 1, 1, 1, 0, 0, 1, 2, 3, 0, 1, 1, 1, 1, 2, 3, 0, 0, 0, 0, 3, 1, 3, 1, 1, 0, 1, 1, 0, 0, 0, 1, 1, 1, 0, 3, 3, 1, 3, 1, 0, 0, 0, 1, 3, 1, 2], "predicted_labels": [1, 3, 0, 3, 1, 0, 1, 1, 3, 0, 1, 2, 1, 1, 3, 1, 3, 3, 2, 1, 2, 3, 1, 3, 1, 2, 2, 0, 3, 3, 3, 1, 3, 1, 1, 2, 0, 1, 1, 3, 0, 3, 3, 1, 1, 3, 3, 1, 1, 1, 2, 0, 1, 3, 1, 3, 0, 3, 3, 3, 3, 0, 0, 3, 0, 2, 3, 1, 1, 0, 3, 1, 1, 3, 1, 3, 3, 3, 3, 1, 2, 1, 1, 3, 3, 3, 3, 3, 1, 3, 2, 3, 0, 3, 3, 3, 3, 1, 2, 3, 0, 3, 1, 3, 0, 1, 3, 1, 0, 1, 3, 0, 1, 3, 0, 3, 0, 3, 3, 3, 0, 3, 0, 3, 3, 3, 1, 1, 1, 3, 1, 0, 1, 3, 3, 0, 0, 1, 1, 3, 1, 1], "confidence_scores": [[0.21026652194692433, 0.4788826570593606, 0.23212007005044888, 0.07873075094326601], [0.05930057563898402, 0.18116125535708555, 0.09194422695051326, 0.6675939420534169], [0.7139803443724174, 0.0323027026073413, 0.014214780155860791, 0.23950217286438064], [0.06956664025168323, 0.25951174928626425, 0.190706203422808, 0.4802154070392447], [0.26101941175814236, 0.42472873801482186, 0.2703825098939643, 0.04386934033307141], [0.512885285981451, 0.2973902121868729, 0.06985012259264634, 0.11987437923902997], [0.10214128404743641, 0.5204939746557504, 0.2257313032313975, 0.15163343806541557], [0.10916953662294646, 0.36407924118653323, 0.28496280633426835, 0.24178841585625202], [0.24693568906575317, 0.17854181473185796, 0.14420619599596218, 0.43031630020642675], [0.5285043009700886, 0.33900062623890287, 0.0355312667372806, 0.09696380605372815], [0.08273418505173503, 0.7736404549604363, 0.08204969256152353, 0.0615756674263052], [0.027215345160103183, 0.12416555998131372, 0.6288801126881904, 0.21973898217039312], [0.21517240627207654, 0.49407076525592136, 0.020012126805331255, 0.2707447016666713], [0.03995639979566929, 0.5026363212824935, 0.1423129060316729, 0.3150943728901642], [0.437381007387252, 0.1996926620200843, 0.01713535304395061, 0.3457909775487133], [0.18623626406774366, 0.5006896216945124, 0.0704683013354628, 0.2426058129022808], [0.0839625030751074, 0.08948292176942069, 0.15819463658187036, 0.6683599385736018], [0.27770878308134783, 0.10939221069832626, 0.28200310386062216, 0.3308959023597039], [0.09371498242022835, 0.20059926139539572, 0.4101960712457534, 0.29548968493862277], [0.022921962710920552, 0.49048590361680977, 0.41885481428941995, 0.06773731938284984], [0.19604518603501053, 0.22072276040460936, 0.41789910690629567, 0.1653329466540845], [0.08512340953154489, 0.12128674135015226, 0.02471145259463782, 0.7688783965236647], [0.25033201150735135, 0.3238186691552809, 0.28633957499224416, 0.1395097443451237], [0.3755480369529882, 0.12601326862368245, 0.09202732296449212, 0.40641137145883743], [0.06546154977135175, 0.4030379078365077, 0.16953661648675467, 0.361963925905386], [0.05182230512322439, 0.1010701765040996, 0.8252111379082165, 0.021896380464459447], [0.08135369704990841, 0.23353138273673435, 0.4624441282926794, 0.22267079192067804], [0.46744859963172286, 0.25319619699544665, 0.03355050266581268, 0.24580470070701765], [0.11090909953810976, 0.13494664702612638, 0.10976876357320045, 0.6443754898625631], [0.0407369043477316, 0.0634035371030338, 0.36511168783827963, 0.530747870710955], [0.23604086041566538, 0.2230844032128637, 0.15156289984201102, 0.38931183652946033], [0.0367141065206967, 0.5110175669372294, 0.31845061520129747, 0.13381771134077647], [0.35773503280603136, 0.07150247071662291, 0.0951049615732061, 0.47565753490413987], [0.0667052776083771, 0.5037036796321953, 0.10784678542234331, 0.32174425733708445], [0.22219537010793003, 0.5347448494477349, 0.025512019034320464, 0.21754776141001447], [0.09291179044992413, 0.3413707260056029, 0.3802985340657628, 0.18541894947871007], [0.662881026693913, 0.1918554026329945, 0.018249909564589432, 0.12701366110850257], [0.08756778277788098, 0.6390599420917513, 0.21480922310481895, 0.05856305202554845], [0.04147527502358986, 0.7676728462948158, 0.16975808436001796, 0.02109379432157613], [0.26475593710218104, 0.02016362252668319, 0.39704167275393704, 0.31803876761719896], [0.6819442371444799, 0.08458301713464839, 0.07918167534602714, 0.15429107037484402], [0.1541602597733294, 0.05718428314613816, 0.22089562923994988, 0.5677598278405823], [0.14839759080360854, 0.15039318126559248, 0.11634431635450516, 0.5848649115762934], [0.34397627783132284, 0.6004107276316617, 0.025385020378900107, 0.0302279741581154], [0.07259553578673839, 0.48960984862670665, 0.20746928680898152, 0.23032532877757303], [0.1511505565078469, 0.30944134512674604, 0.15426102459969027, 0.38514707376571694], [0.3753311316268334, 0.17707015536890436, 0.03792314448336461, 0.40967556852089776], [0.23440127858957108, 0.5133617496131618, 0.20087812152931536, 0.05135885026795166], [0.3163689866958834, 0.541011613248943, 0.10387324527066172, 0.03874615478451193], [0.21992712067116948, 0.551565663224027, 0.044684866107120934, 0.18382234999768288], [0.010322324391412414, 0.04834768388429669, 0.932869205496889, 0.008460786227402237], [0.5513716698667245, 0.06486066647272536, 0.009769945416572882, 0.3739977182439773], [0.17541628163800416, 0.46996725720377996, 0.28439157944746557, 0.07022488171075025], [0.050131686623400534, 0.08659586274657519, 0.06603920603567685, 0.7972332445943475], [0.09295669786242149, 0.6938378895187627, 0.09706480190335329, 0.11614061071546282], [0.1871369464342304, 0.2790741500194882, 0.08688188821902644, 0.4469070153272546], [0.6782792376569668, 0.11591002953224513, 0.05089636516529799, 0.15491436764549005], [0.3435928966360313, 0.17475674215233833, 0.012083752354584146, 0.46956660885704615], [0.07128148567525319, 0.14947324361591394, 0.027012387502698233, 0.7522328832061348], [0.2180567962136167, 0.0913394707864622, 0.005811775971044599, 0.6847919570288765], [0.23990923487821278, 0.1421609903737124, 0.20952849911524915, 0.40840127563282563], [0.5754278926063672, 0.1896903846720353, 0.004318991350484606, 0.23056273137111297], [0.41842805251836285, 0.2625380671565857, 0.20735734267793057, 0.11167653764712093], [0.06440561442052103, 0.1779677595037066, 0.020501863309026692, 0.7371247627667457], [0.4052440936916715, 0.34713617815166725, 0.017728211827311897, 0.22989151632934904], [0.04096245689665392, 0.29097352170984475, 0.4975593331626232, 0.17050468823087844], [0.03833085585142946, 0.20413903472380424, 0.24960771037569604, 0.50792239904907], [0.09801034174457386, 0.8016296551764575, 0.008728346240072326, 0.09163165683889651], [0.18202547252476642, 0.5321458538202152, 0.2012548217890643, 0.08457385186595413], [0.715299109583213, 0.19835263838488185, 0.010617054813396452, 0.07573119721850904], [0.33544150373329495, 0.035604377968052464, 0.12544869949034831, 0.5035054188083044], [0.43794030537383216, 0.47141488481191685, 0.02147026511579823, 0.06917454469845276], [0.1274779056673762, 0.47539989946194705, 0.1036355483696728, 0.29348664650100387], [0.05871831902797575, 0.31056946092108023, 0.0560840346984384, 0.5746281853525051], [0.143362517297625, 0.7078646824854098, 0.040643843642075794, 0.10812895657488919], [0.07143719171591459, 0.29482229666922005, 0.023376736131623714, 0.610363775483242], [0.10196285492855886, 0.2584282466862467, 0.04117926935984321, 0.5984296290253511], [0.08214598101325488, 0.04826812709072226, 0.007501275580424496, 0.8620846163155986], [0.3093115253298097, 0.32570947787305443, 0.021674342520257295, 0.34330465427687845], [0.16233121163085548, 0.38471352597563385, 0.1553950862571451, 0.2975601761363656], [0.24589992100671706, 0.09285109024164602, 0.47353395266268394, 0.18771503608895307], [0.14465180378719175, 0.5827354403912639, 0.08968955756147495, 0.18292319826006945], [0.05055290906535337, 0.5665500693985435, 0.20803369469827043, 0.17486332683783273], [0.24100504439901427, 0.14200420161562832, 0.2532185854614806, 0.363772168523877], [0.4022498444861536, 0.07691344999162698, 0.022155793217731628, 0.49868091230448774], [0.2258720661523431, 0.18021060451611687, 0.03690461723321818, 0.5570127120983219], [0.011835810298117946, 0.10341058339300731, 0.2728031036576773, 0.6119505026511973], [0.13808340460821836, 0.1031046767322967, 0.029692174054104847, 0.72911974460538], [0.2897443904381973, 0.41273455327514913, 0.0677233230240701, 0.22979773326258326], [0.2302410682068392, 0.1202936390192811, 0.011979873579380941, 0.6374854191944983], [0.0233335385643633, 0.28689767141108075, 0.44052216825460555, 0.24924662176995036], [0.07222772335063946, 0.4387563845909273, 0.060030223279971, 0.4289856687784622], [0.4915946173946143, 0.2767573676330631, 0.08215126779323818, 0.1494967471790849], [0.14800624725457712, 0.11854735175700869, 0.15335428925803288, 0.5800921117303814], [0.19494506051061536, 0.14032350082629777, 0.05034738522318663, 0.6143840534399003], [0.01101737734264852, 0.13941045813551328, 0.16930362052848694, 0.6802685439933515], [0.08503145975962316, 0.2923928778457427, 0.032661270681504255, 0.5899143917131302], [0.2575713193384981, 0.4439116138919007, 0.025440005317611005, 0.2730770614519904], [0.03827767517528055, 0.2336843643473648, 0.5819662864760943, 0.1460716740012605], [0.200681660307434, 0.1789048417021861, 0.05696238471852825, 0.5634511132718517], [0.47327347168443995, 0.28539054273745434, 0.10898865013410569, 0.13234733544399988], [0.17149672385650078, 0.1178697055758045, 0.09500988436406473, 0.6156236862036298], [0.059471068065197745, 0.35464461650202933, 0.3017640403085461, 0.28412027512422705], [0.08824926557789728, 0.08991916320297896, 0.011563369082544739, 0.8102682021365792], [0.4838197567012694, 0.1781841357104161, 0.058817052395935834, 0.27917905519237884], [0.20013238776295905, 0.665141269063938, 0.03024332580553703, 0.10448301736756631], [0.10529779720995185, 0.14214123923349464, 0.04934521290617425, 0.703215750650379], [0.2933019744789625, 0.5002010766433668, 0.07159418149741241, 0.13490276738025822], [0.4626906279731129, 0.25301241283604314, 0.07799669653917587, 0.20630026265166795], [0.22389194987716896, 0.3267474472761235, 0.2171376607422639, 0.23222294210444372], [0.20154138494498122, 0.036084901477192996, 0.09528488916721055, 0.6670888244106148], [0.4751439838151569, 0.1703937795530092, 0.07622537415832822, 0.2782368624735055], [0.21805131203697353, 0.4129357479343786, 0.11138738979282142, 0.25762555023582673], [0.07519002886622336, 0.11980853773332081, 0.016700578913694107, 0.788300854486762], [0.6761772557652564, 0.07510271419458615, 0.0058097375880268, 0.24291029245213064], [0.36580344558974043, 0.12582434185599212, 0.02336289560455213, 0.4850093169497152], [0.42491504502200866, 0.2774243848190598, 0.09802993650509306, 0.19963063365383868], [0.14361387362044523, 0.2536463771891666, 0.12386642819458153, 0.4788733209958067], [0.159554156338819, 0.13922943160439638, 0.07264346079936915, 0.6285729512574156], [0.23731891894452484, 0.08645086755960947, 0.041192571020307885, 0.635037642475558], [0.43134883073811314, 0.3140060121652539, 0.054989622046456216, 0.19965553505017683], [0.23096260339208058, 0.35811407954679725, 0.059748141306142775, 0.3511751757549795], [0.402394059145156, 0.2663233337133529, 0.18990581174251187, 0.14137679539897915], [0.1665646598587947, 0.260681625552597, 0.05466697222645814, 0.5180867423621505], [0.4786212274601821, 0.05929558728643822, 0.037520747628727584, 0.4245624376246523], [0.28624288101086776, 0.1620304378327245, 0.04819030156689581, 0.5035363795895114], [0.15579050202114678, 0.6209722275822952, 0.10366658933495514, 0.11957068106160279], [0.078994907423259, 0.48622127694999334, 0.288015291770408, 0.14676852385633993], [0.06363395784184019, 0.6313595864431413, 0.09163299013055602, 0.21337346558446277], [0.22423362470891567, 0.10053401439322705, 0.0256214032506801, 0.649610957647177], [0.20749922915038282, 0.5583197190338822, 0.08317203205995338, 0.15100901975578152], [0.7553967684668869, 0.1342397939720905, 0.005599545189391688, 0.10476389237163114], [0.3180680844178532, 0.26498958862475597, 0.22761993783214413, 0.18932238912524674], [0.17031807457115125, 0.11526266771011634, 0.15486382158132483, 0.5595554361374074], [0.4208085336755339, 0.10636523329371883, 0.03237107652143004, 0.44045515650931727], [0.5140888643142925, 0.3760495787023328, 0.010342316087027249, 0.09951924089634752], [0.8222114288403317, 0.022307614517092195, 0.0164029288272596, 0.13907802781531653], [0.28754659574267655, 0.40199037072638033, 0.11427795095772729, 0.1961850825732158], [0.3294105383241331, 0.42002868399312104, 0.01611917210511065, 0.23444160557763524], [0.0828933864308009, 0.09351834078695136, 0.04083831514094394, 0.7827499576413036], [0.3734168790009104, 0.48759850945819383, 0.0803175451697639, 0.05866706637113197], [0.17503614452138874, 0.5704633656659208, 0.17372841145083762, 0.08077207836185281]]}}