{"test": {"ids": ["97110950", "110117140", "112117431", "99111620", "110114561", "106118820", "110121140", "102117351", "113122230", "109117630", "103111110", "113118630", "109113591", "103110840", "112120990", "107117010", "110118810", "109115220", "112118890", "108114670", "109121351", "104111990", "112119610", "97106591", "97106000", "108114270", "104113190", "109114220", "110118630", "107116501", "98106111", "108117610", "113119700", "104119290", "108115570", "105115250", "107114950", "97114170", "110118450", "108119510", "103109791", "101108121", "110114950", "113122120", "107116340", "113120531", "113118810", "103111990", "113122650", "99108890", "103113610", "104112201", "112121351", "109117431", "101119591", "112118550", "97106600", "103111480", "101112540", "106111321", "97105960", "104112470", "107114140", "112118511", "107118780", "109116170", "101111210", "107113200", "111120190", "99108580", "104114320", "99108520", "105113260", "112117471", "105120621", "100108490", "99111340", "113117630", "99111930", "109119340", "97107920", "102110500", "100111380", "111116170", "106118301", "106118161", "98119591", "97105760", "100108990", "102112301", "104111830", "107118520", "107113840", "108113620", "104114410", "109117730", "107118490", "113120780", "111117480", "111120220", "98121790", "105118230", "104114240", "112120270", "101112160", "105117431", "113118421", "107121540", "113120830", "102110690", "110114720", "110121170", "105112100", "109116441", "105115720", "98109230", "112118930", "111116090", "107119130", "98117740", "100108080", "98112580", "97111790", "112120640", "108116501", "100116500", "100120780", "106114011", "110118111", "108118630", "112118530", "111118910", "99105921", "113120260", "112117461", "99109740", "112121430", "113122180", "98112300", "106117770", "111116010", "105119550"], "labels": [3, 3, 0, 3, 0, 3, 3, 1, 1, 0, 3, 3, 3, 1, 2, 1, 1, 3, 3, 3, 0, 2, 0, 1, 0, 3, 3, 3, 1, 1, 0, 3, 0, 1, 3, 2, 3, 2, 0, 1, 3, 0, 0, 1, 3, 0, 3, 2, 2, 0, 2, 0, 0, 1, 0, 3, 3, 0, 2, 0, 2, 1, 2, 1, 1, 0, 2, 0, 3, 0, 2, 2, 3, 3, 1, 2, 1, 0, 1, 3, 0, 3, 3, 0, 1, 3, 1, 0, 2, 1, 3, 2, 3, 3, 1, 3, 2, 0, 1, 3, 2, 1, 0, 0, 3, 1, 3, 2, 3, 0, 3, 2, 1, 3, 1, 1, 1, 3, 1, 2, 0, 2, 2, 0, 0, 2, 1, 1, 1, 1, 1, 0, 1, 3, 0, 3, 2, 2, 2, 0, 1, 1], "predicted_labels": [0, 3, 0, 1, 0, 1, 1, 0, 1, 1, 3, 1, 1, 1, 1, 1, 1, 3, 1, 1, 0, 1, 1, 3, 3, 1, 1, 3, 1, 3, 3, 3, 1, 1, 3, 1, 3, 1, 1, 3, 1, 0, 1, 1, 1, 0, 1, 3, 1, 1, 1, 0, 1, 3, 3, 0, 1, 1, 3, 3, 1, 3, 1, 3, 0, 0, 0, 1, 3, 1, 0, 3, 1, 3, 0, 1, 1, 1, 1, 3, 0, 3, 1, 1, 3, 0, 1, 1, 1, 3, 1, 1, 1, 1, 3, 0, 1, 3, 1, 1, 0, 1, 3, 1, 1, 2, 3, 3, 0, 3, 1, 3, 0, 0, 1, 3, 3, 3, 1, 1, 1, 3, 0, 0, 1, 2, 0, 1, 1, 1, 1, 3, 1, 1, 3, 1, 1, 1, 0, 3, 1, 1], "confidence_scores": [[0.3555569643166446, 0.2328846546131098, 0.10972971644500204, 0.30182866462524355], [0.31925176402969285, 0.24086548907837496, 0.11174604903106139, 0.3281366978608709], [0.35147973311424474, 0.29487462728495534, 0.1053164954536758, 0.24832914414712423], [0.1979425944504409, 0.3279884082875554, 0.22211616234071463, 0.25195283492128895], [0.4188071770763925, 0.24858401150993648, 0.11619811927915262, 0.21641069213451836], [0.15306592909026315, 0.3223688728849698, 0.25475057259059664, 0.2698146254341704], [0.2346017257766128, 0.2761949259788504, 0.2565626218664972, 0.23264072637803987], [0.342117329249732, 0.31572651343909863, 0.07465028050671223, 0.26750587680445725], [0.14838915794600935, 0.37819724846485603, 0.21684623017033422, 0.2565673634188003], [0.30392554593392945, 0.30426095515017004, 0.12209814568049199, 0.2697153532354087], [0.2199224749433423, 0.2622507093587046, 0.2131935987699414, 0.3046332169280115], [0.14827589079587705, 0.3588284268092282, 0.2198109287559698, 0.2730847536389248], [0.2328037626469926, 0.32976785750986026, 0.15985297210333518, 0.2775754077398119], [0.25106646667751487, 0.32264703884811036, 0.16130283093577688, 0.26498366353859815], [0.18241524710756288, 0.33014452123313764, 0.21880667145694396, 0.26863356020235535], [0.1741152896119481, 0.3395047566034863, 0.18949599827881325, 0.29688395550575225], [0.2663133013776757, 0.3103008075836044, 0.12841482461048095, 0.29497106642823884], [0.33405160073145634, 0.21411621495220468, 0.13326223386540686, 0.31856995045093245], [0.17790315345743882, 0.33748540722212944, 0.21540650187412372, 0.269204937446308], [0.21936750162005195, 0.31854967662967737, 0.17986130750518703, 0.2822215142450838], [0.3374789762305298, 0.23511284949432557, 0.14203876517472944, 0.2853694091004151], [0.17782814128864702, 0.30099828562886255, 0.2320177351280954, 0.28915583795439476], [0.10854244067928943, 0.3944682186489663, 0.2844783271225356, 0.21251101354920868], [0.24807121571572513, 0.2763820333350476, 0.16643190017444529, 0.3091148507747822], [0.24446873207394185, 0.26254607456937384, 0.2269811430048475, 0.26600405035183705], [0.275770783580128, 0.2948917976252568, 0.16377938718071247, 0.26555803161390296], [0.2387982400810665, 0.33136253419774164, 0.15713154481022326, 0.2727076809109689], [0.3294937987206472, 0.20911714634906156, 0.10069721033930086, 0.36069184459098996], [0.23136651925994842, 0.32792838259174345, 0.17762207736043242, 0.26308302078787604], [0.35245923086410086, 0.16819461817931994, 0.08540230390689449, 0.3939438470496848], [0.2964951694897752, 0.2252808025566959, 0.17020001765233977, 0.30802401030118903], [0.26536094967218926, 0.25644849148795656, 0.16513407988349668, 0.31305647895635724], [0.17802362946361655, 0.38111695892585773, 0.19405602990708387, 0.24680338170344182], [0.2015806862418784, 0.31063342012326434, 0.24336822451660836, 0.24441766911824878], [0.2179743980594147, 0.23968337933743952, 0.23841488436097139, 0.30392733824217466], [0.16817836914080336, 0.34517776185133475, 0.23906870038243724, 0.24757516862542486], [0.22504097079445076, 0.2157212280312717, 0.26020462257459187, 0.29903317859968565], [0.2012553029832686, 0.32287809880338036, 0.21041979445645148, 0.2654468037568995], [0.1736274248672711, 0.31763595093587804, 0.25696135138104464, 0.2517752728158062], [0.293704064273307, 0.24031249747094272, 0.14924391895281222, 0.31673951930293814], [0.2540987048903199, 0.274843178567406, 0.2227014280115276, 0.2483566885307467], [0.32376527694800705, 0.23870115198381336, 0.1410342445775055, 0.2964993264906739], [0.21668407318221355, 0.30954621940291877, 0.22560398872038218, 0.2481657186944856], [0.22337680301402668, 0.369826339724844, 0.1808459878290865, 0.2259508694320427], [0.1595209997695756, 0.32941669490418446, 0.2164922651317945, 0.2945700401944455], [0.37757845695430947, 0.23271783826192793, 0.06304139895159733, 0.3266623058321653], [0.14574501719461916, 0.38727875842930515, 0.28010037699655277, 0.18687584737952265], [0.2955791854121022, 0.25215735692383334, 0.1475668328433187, 0.30469662482074594], [0.10033916818932043, 0.3338589213831103, 0.3240789134637583, 0.2417229969638111], [0.17795959267602326, 0.3564929412423504, 0.2167532761234929, 0.24879418995813332], [0.17453192463852357, 0.29723790280563667, 0.2901963627763323, 0.23803380977950708], [0.34259224098820934, 0.24307149376299333, 0.08316192883892613, 0.33117433640987093], [0.2471990353762584, 0.28998453689150827, 0.1998451801251576, 0.26297124760707535], [0.2750760000399922, 0.2941542266310215, 0.11628099403935249, 0.3144887792896337], [0.23643930270153524, 0.24896504571285955, 0.21512796485368568, 0.2994676867319197], [0.2933952098523143, 0.2633493534112874, 0.16751930551276945, 0.27573613122362894], [0.2173435986304039, 0.2722798361186105, 0.2607821960566931, 0.24959436919429245], [0.30870462203134447, 0.32680656177336054, 0.07626056293630377, 0.28822825325899115], [0.20642825444521978, 0.290397150387408, 0.20930954606886043, 0.29386504909851197], [0.22465729518761704, 0.2802387264352649, 0.17011868561689222, 0.3249852927602261], [0.2203706754870209, 0.28568859764003945, 0.21782384210080885, 0.2761168847721308], [0.20545333956532497, 0.27761391935546154, 0.2251799529599958, 0.29175278811921795], [0.089902527631926, 0.36698197109337477, 0.3208578360055318, 0.2222576652691677], [0.17607379612245652, 0.26432137794096405, 0.27433974836921726, 0.2852650775673621], [0.3860984347089992, 0.21531199406309598, 0.10748625090192923, 0.2911033203259755], [0.3460300010456736, 0.2491036098336801, 0.11309607918294043, 0.29177030993770575], [0.28207761405708554, 0.2336635568371412, 0.21803704999231677, 0.26622177911345657], [0.2700293003596742, 0.32216398863115703, 0.0949966412208608, 0.31281006978830767], [0.22042138997897173, 0.25512831031866445, 0.21914197730363885, 0.3053083223987253], [0.22148894039045836, 0.27704994270498956, 0.24604112623226565, 0.2554199906722865], [0.31212371363356917, 0.26650023471686674, 0.1549752337340628, 0.26640081791550146], [0.19743536274277207, 0.2617516078914066, 0.27705308123999917, 0.26375994812582204], [0.1446114883623077, 0.3213109898824552, 0.2607605331511031, 0.2733169886041344], [0.21978292732865407, 0.3107738249697172, 0.16442315944159486, 0.3050200882600339], [0.4114053665240009, 0.18489209716355695, 0.03970114331640648, 0.3640013929960356], [0.21318381785783497, 0.2885522197897702, 0.27147432593210413, 0.22678963642029085], [0.18973870473843, 0.34475670492786253, 0.23253192209796492, 0.23297266823574223], [0.3140613543698916, 0.31320053642865636, 0.13108817467820474, 0.24164993452324718], [0.20475972342064538, 0.35423672248188953, 0.21125164148907638, 0.2297519126083888], [0.24925891112494333, 0.2689330688946577, 0.12914108103392302, 0.35266693894647566], [0.43378836571670676, 0.1405423392295217, 0.05500153967159655, 0.3706677553821752], [0.30299691659848876, 0.1978441993089655, 0.16602471636040933, 0.33313416773213633], [0.29732450533610233, 0.29025688081582374, 0.14223007553299966, 0.27018853831507456], [0.28477102008822514, 0.32432901096706374, 0.12550151416744512, 0.26539845477726565], [0.34525101156244314, 0.2173488952370938, 0.10100689588426678, 0.33639319731619616], [0.3896761015199278, 0.25244362796951414, 0.1021180916201301, 0.255762178890428], [0.26386883661937927, 0.3057498288761537, 0.16392875073523147, 0.2664525837692354], [0.28594105777926543, 0.32940036297014197, 0.06959761329579028, 0.3150609659548025], [0.17639274860062315, 0.32839395685351935, 0.25946222097736604, 0.23575107356849165], [0.2880731514331059, 0.22164202626786375, 0.157476932529282, 0.33280788976974834], [0.18487112906216216, 0.4184112064283435, 0.1515987492408663, 0.24511891526862817], [0.2244404138738672, 0.30795438068996145, 0.19816464053378474, 0.2694405649023871], [0.29947905217338766, 0.31805395538859976, 0.12385496514680287, 0.2586120272912097], [0.29436511979916435, 0.3004302525862963, 0.14888714400936587, 0.25631748360517315], [0.2459672298272011, 0.2564778365648609, 0.18274874980135172, 0.3148061838065861], [0.34203720918158836, 0.24257181851396314, 0.16071886391878623, 0.2546721083856621], [0.1319733051114708, 0.34183772010813, 0.3478658061562184, 0.17832316862418052], [0.18232998648908683, 0.2692570664194028, 0.22617343726316116, 0.3222395098283492], [0.16136238275449669, 0.35749104043606944, 0.1956834479879443, 0.28546312882148955], [0.24289957172238014, 0.3283643728249659, 0.16101219322706303, 0.26772386222559136], [0.34098432858926614, 0.29789480600397117, 0.1084811483137146, 0.2526397170930482], [0.13336407927214827, 0.4017457147286252, 0.21616501239701988, 0.24872519360220696], [0.21185210523737344, 0.2865370773385913, 0.19604955765983567, 0.3055612597641997], [0.19619625899202714, 0.3024030647699993, 0.22393464836046983, 0.277466027877504], [0.20417161371305032, 0.41403580148229235, 0.14209026475081724, 0.2397023200538399], [0.1545047209042116, 0.2421048248472916, 0.33091796718593164, 0.272472487062565], [0.27967650396338817, 0.23991720656100785, 0.13588019731917952, 0.34452609215642443], [0.22797534565304306, 0.2722760590095227, 0.19323417289488232, 0.3065144224425515], [0.2874338735316366, 0.2568823401924838, 0.1987091253504588, 0.2569746609254209], [0.27146978493748875, 0.264360325018988, 0.14673349967895993, 0.3174363903645633], [0.21061350524183328, 0.28720324605500164, 0.27705926501498757, 0.22512398368817713], [0.21878662700314402, 0.27278828927859555, 0.2105816979673389, 0.2978433857509216], [0.3260035940552463, 0.19834222618266048, 0.17981514707273594, 0.2958390326893577], [0.44951290514583087, 0.18267421898458128, 0.04460995703768086, 0.3232029188319067], [0.1602122763122349, 0.3351198583485785, 0.25750449076728227, 0.24716337457190454], [0.19652323792942894, 0.22011587463999052, 0.29517795462361035, 0.2881829328069701], [0.19804480029428953, 0.27391038498109715, 0.24913465734991275, 0.2789101573747003], [0.29984734135799673, 0.2754581098077947, 0.10898361412463554, 0.3157109347095728], [0.24426524329520086, 0.28536155949034053, 0.22763394154692074, 0.24273925566753787], [0.1888663370324474, 0.3344838961801012, 0.21588764286643655, 0.2607621239210149], [0.20379374892616842, 0.34707137350832423, 0.20322961898510875, 0.24590525858039833], [0.13596578884779253, 0.29902730169998176, 0.24092420541705484, 0.3240827040351712], [0.3166474198946427, 0.2660488765872843, 0.17687945972251914, 0.24042424379555366], [0.417057838065086, 0.2245224732474201, 0.10139708993463031, 0.2570225987528638], [0.228540609018514, 0.32576438037070754, 0.18408098945827608, 0.26161402115250215], [0.22818816689432292, 0.23341962940402572, 0.30838259242820626, 0.2300096112734451], [0.3415454773739902, 0.23408601702852827, 0.14916214140212578, 0.2752063641953556], [0.2467384120896825, 0.3233882224842508, 0.1615808181673136, 0.26829254725875307], [0.31085080386114966, 0.3180298219568576, 0.09517517993828374, 0.27594419424370886], [0.22812621140366648, 0.2810348684781521, 0.21724218289117056, 0.27359673722701094], [0.12044389496801775, 0.32403169974564666, 0.3267767193078685, 0.22874768597846723], [0.3234159243482425, 0.2691501700094551, 0.0921773763791414, 0.3152565292631613], [0.19753428447880134, 0.3168204838478615, 0.2091545465598588, 0.27649068511347846], [0.27481402212472067, 0.27652038720255445, 0.17893931179673228, 0.26972627887599265], [0.35059048424443157, 0.18422447702722813, 0.07425688208860311, 0.39092815663973707], [0.1614280307457126, 0.31007167066179897, 0.24510299228833096, 0.28339730630415766], [0.11842081962301426, 0.33668962401196356, 0.3136174766597522, 0.23127207970526983], [0.14716662498601585, 0.31213561923147093, 0.262764618060976, 0.2779331377215372], [0.35756872015517455, 0.21863420151462665, 0.1336525667406269, 0.2901445115895723], [0.2640847782200386, 0.24858094562341304, 0.1999469018599944, 0.2873873742965544], [0.23300203171776987, 0.31036202309366007, 0.216447401477051, 0.24018854371151907], [0.21557836802162675, 0.3240202851806915, 0.18045168760538072, 0.279949659192301]]}, "rewritten": {"ids": ["97105760", "97105960", "97106000", "97106591", "97106600", "97107920", "97110950", "97111790", "97114170", "98106111", "98109230", "98112300", "98112580", "98117740", "98119591", "98121790", "99105921", "99108520", "99108580", "99108890", "99109740", "99111340", "99111620", "99111930", "100108080", "100108490", "100108990", "100111380", "100116500", "100120780", "101108121", "101111210", "101112160", "101112540", "101119591", "102110500", "102110690", "102112301", "102117351", "103109791", "103110840", "103111110", "103111480", "103111990", "103113610", "104111830", "104111990", "104112201", "104112470", "104113190", "104114240", "104114320", "104114410", "104119290", "105112100", "105113260", "105115250", "105115720", "105117431", "105118230", "105119550", "105120621", "106111321", "106114011", "106117770", "106118161", "106118301", "106118820", "107113200", "107113840", "107114140", "107114950", "107116340", "107116501", "107117010", "107118490", "107118520", "107118780", "107119130", "107121540", "108113620", "108114270", "108114670", "108115570", "108116501", "108117610", "108118630", "108119510", "109113591", "109114220", "109115220", "109116170", "109116441", "109117431", "109117630", "109117730", "109119340", "109121351", "110114561", "110114720", "110114950", "110117140", "110118111", "110118450", "110118630", "110118810", "110121140", "110121170", "111116010", "111116090", "111116170", "111117480", "111118910", "111120190", "111120220", "112117431", "112117461", "112117471", "112118511", "112118530", "112118550", "112118890", "112118930", "112119610", "112120270", "112120640", "112120990", "112121351", "112121430", "113117630", "113118421", "113118630", "113118810", "113119700", "113120260", "113120531", "113120780", "113120830", "113122120", "113122180", "113122230", "113122650"], "labels": [0, 2, 0, 1, 3, 0, 3, 2, 2, 0, 1, 2, 2, 2, 1, 2, 1, 2, 0, 0, 3, 1, 3, 1, 0, 2, 2, 3, 2, 1, 0, 2, 3, 2, 0, 3, 0, 1, 1, 3, 1, 3, 0, 2, 2, 3, 2, 0, 1, 3, 0, 2, 1, 1, 1, 3, 2, 1, 1, 1, 1, 1, 0, 1, 0, 3, 1, 3, 0, 3, 2, 3, 3, 1, 1, 2, 2, 1, 1, 2, 3, 3, 3, 3, 0, 3, 1, 1, 3, 3, 3, 0, 3, 1, 0, 3, 3, 0, 0, 3, 0, 3, 1, 0, 1, 1, 3, 2, 1, 3, 0, 1, 0, 3, 3, 0, 0, 3, 1, 1, 3, 3, 1, 0, 0, 0, 2, 0, 2, 0, 3, 3, 3, 0, 3, 0, 0, 3, 1, 2, 1, 2], "predicted_labels": [3, 3, 2, 2, 3, 3, 3, 3, 2, 2, 2, 3, 3, 1, 1, 3, 1, 2, 1, 1, 3, 1, 1, 1, 1, 2, 1, 1, 2, 1, 3, 3, 1, 3, 3, 3, 1, 3, 3, 3, 3, 3, 1, 3, 1, 1, 2, 3, 1, 3, 3, 1, 3, 1, 3, 1, 1, 1, 2, 1, 1, 3, 3, 3, 3, 0, 3, 1, 3, 1, 1, 3, 1, 3, 1, 1, 3, 1, 1, 2, 3, 3, 1, 2, 1, 1, 3, 3, 1, 3, 3, 1, 3, 1, 1, 2, 3, 1, 1, 2, 3, 3, 1, 1, 1, 3, 3, 1, 1, 3, 1, 1, 1, 3, 1, 3, 3, 3, 2, 1, 3, 1, 1, 1, 1, 1, 1, 1, 1, 1, 3, 1, 1, 1, 1, 1, 1, 1, 1, 3, 1, 2], "confidence_scores": [[0.23635170221612578, 0.2997879415590614, 0.126006678106808, 0.33785367811800465], [0.1762818274203671, 0.27967071947925315, 0.2249483385214124, 0.3190991145789673], [0.09395720662502083, 0.2989700595127609, 0.31913767496330214, 0.28793505889891624], [0.09292031398381237, 0.3218354664870075, 0.3270272087419771, 0.2582170107872032], [0.1427159872307418, 0.29427128854495455, 0.2662073505584124, 0.29680537366589105], [0.3787087560372308, 0.1460787925221071, 0.07309145782547623, 0.4021209936151856], [0.2733203071094173, 0.20338599631374432, 0.21943518976297424, 0.3038585068138644], [0.16412168845097574, 0.29300288311321915, 0.26433131184502306, 0.27854411659078215], [0.10046340210579528, 0.3104685574308343, 0.32265052796676974, 0.26641751249660095], [0.15487423480234255, 0.2640915606800447, 0.3075516828164354, 0.2734825217011773], [0.12268487547152288, 0.25796933343415085, 0.32413283537879545, 0.2952129557155305], [0.25248935228041985, 0.2138167257080997, 0.20181617402416602, 0.33187774798731456], [0.10410155475872358, 0.2926272401166381, 0.29663139245584735, 0.3066398126687911], [0.093275339649548, 0.38043288285047966, 0.29023219447158727, 0.2360595830283849], [0.14868254985416612, 0.31299831268910794, 0.2606367220304113, 0.2776824154263148], [0.1699767155831423, 0.2708446241156287, 0.28824297233671337, 0.2709356879645155], [0.11499394471356918, 0.3318946191393051, 0.25810618389159945, 0.29500525225552615], [0.1141747550969437, 0.2602253964861807, 0.3657281406624934, 0.2598717077543825], [0.1980551608307951, 0.2798559364431998, 0.25611245358576945, 0.2659764491402359], [0.139495219583878, 0.35877616146829483, 0.26424691112086207, 0.2374817078269653], [0.11609612098204435, 0.2955150018189265, 0.2654063071311814, 0.3229825700678478], [0.11695390877014303, 0.3029336569591921, 0.31428186131303465, 0.26583057295763035], [0.1177511477184685, 0.35369216736587267, 0.2744597480969934, 0.2540969368186657], [0.1127497207373992, 0.3766910752106486, 0.31024159004512586, 0.2003176140068264], [0.14861894037027362, 0.3445556279198907, 0.24286005387314122, 0.26396537783669427], [0.10870896810110744, 0.3133646660884105, 0.3337005285549959, 0.24422583725548638], [0.1043167135917569, 0.355834538922951, 0.26406559634750243, 0.2757831511377895], [0.19213366352125386, 0.31400781998129274, 0.2033725728914582, 0.2904859436059954], [0.17667639595035384, 0.24396159539324294, 0.33471021013256963, 0.24465179852383337], [0.21892806880879095, 0.30939322225141125, 0.20347799947598208, 0.2682007094638158], [0.2972061733854465, 0.1997880622253942, 0.15960795709257777, 0.34339780729658187], [0.08684464668115635, 0.29189136689245365, 0.32273013275373014, 0.2985338536726599], [0.10610674315939919, 0.3600857836467493, 0.29130748188506866, 0.24249999130878253], [0.10098381596752679, 0.3054220181376446, 0.30285943130754045, 0.2907347345872882], [0.1602279229559791, 0.23993067191226297, 0.21408276431626946, 0.3857586408154889], [0.25801350041433124, 0.2134169107211905, 0.16678388265001273, 0.3617857062144655], [0.19879692149706088, 0.3121329641014933, 0.1820402125267012, 0.3070299018747443], [0.13066785613107185, 0.285879004714371, 0.27267559733467445, 0.3107775418198826], [0.1990075065100776, 0.3122053446072227, 0.18667370274286646, 0.30211344613983315], [0.11320961751977443, 0.3203772106264414, 0.2488510182678575, 0.3175621535859263], [0.15503898591384174, 0.30324679727826326, 0.2320393847694041, 0.3096748320384907], [0.13476427831404622, 0.3106086192408879, 0.24891721370853018, 0.3057098887365354], [0.2655819165553442, 0.31861863309339167, 0.10018669497137114, 0.3156127553798927], [0.14235320080596145, 0.2671096350457811, 0.24695183058426853, 0.34358533356398885], [0.09565807756866568, 0.3271448979014501, 0.32416024545539585, 0.25303677907448857], [0.10242018948479178, 0.3541692737403679, 0.24849844217216996, 0.2949120946026705], [0.1319932932149112, 0.29517704547421475, 0.304086577634548, 0.2687430836763265], [0.291508673922901, 0.24625067552454938, 0.1126972007951429, 0.34954344975740703], [0.14465902535858885, 0.3108048266878395, 0.2563952737507478, 0.2881408742028237], [0.15556011953890211, 0.32162260457335756, 0.20834763214838695, 0.31446964373935343], [0.13240818664423476, 0.30164502332548276, 0.2710256645686424, 0.29492112546164023], [0.1409357460204549, 0.32968821487297745, 0.27275187487641195, 0.2566241642301557], [0.1170678585907893, 0.3074949583537959, 0.29445773105672807, 0.2809794519986866], [0.15840599506176403, 0.3118403634580413, 0.2779390757723514, 0.25181456570784344], [0.20251398716361163, 0.259383660068889, 0.24260065048564564, 0.29550170228185324], [0.10682016797075992, 0.3547055374632044, 0.27552864614378475, 0.26294564842225104], [0.11512597991085205, 0.32968887759370336, 0.25870633313029484, 0.29647880936514975], [0.10734526598974649, 0.34010535684830495, 0.26020090841335397, 0.2923484687485948], [0.08821462184417922, 0.3043283833096652, 0.351165051001699, 0.2562919438444569], [0.1004557572876836, 0.37506761304202174, 0.2818698328653653, 0.24260679680492928], [0.12017958819859781, 0.325778638755476, 0.3184891048027531, 0.23555266824317334], [0.326229376953949, 0.2372953976906439, 0.11270201843174273, 0.32377320692366435], [0.1281385449769198, 0.3094866043635412, 0.2588356253596078, 0.30353922529993105], [0.11767358758240176, 0.2860577740865425, 0.27405936013592136, 0.32220927819513456], [0.1517901010656033, 0.3150111164735234, 0.23996514577278, 0.29323363668809327], [0.3094716465431632, 0.2404430668276054, 0.19077759974509723, 0.25930768688413414], [0.3497030021323959, 0.1850882475470581, 0.13540428520245745, 0.3298044651180885], [0.09538064937601907, 0.3611855525434218, 0.2759901978420097, 0.26744360023854946], [0.2576862703903144, 0.29144986463803957, 0.1447877569440321, 0.30607610802761404], [0.15242297951844253, 0.37656270038096185, 0.2173307379618964, 0.25368358213869924], [0.07010328928502639, 0.37857092761526917, 0.30389512885067865, 0.2474306542490258], [0.16102866569439062, 0.23706019200153108, 0.2669123236052506, 0.3349988186988279], [0.09572284736984142, 0.3391347154830763, 0.28311067935511963, 0.2820317577919625], [0.1781130317665317, 0.28967095763878686, 0.1954360181464392, 0.3367799924482419], [0.08613516505209229, 0.33802440868378, 0.33602131131995483, 0.2398191149441729], [0.11030527428783231, 0.34294683916750535, 0.3441384809059028, 0.20260940563875937], [0.17558109880200648, 0.28284052156728623, 0.2620990814082907, 0.2794792982224166], [0.17235563825455905, 0.33288859400971244, 0.21726962471508504, 0.2774861430206432], [0.12337325838870875, 0.3248650122138639, 0.25581229087187546, 0.2959494385255518], [0.08748493797503154, 0.30913354246919567, 0.32685268334278283, 0.27652883621299046], [0.1918950460953842, 0.2896248935218323, 0.22890672026711803, 0.28957334011566516], [0.14933811132562191, 0.31515034859337615, 0.23431474587781462, 0.3011967942031874], [0.15963559350913767, 0.33668668663387413, 0.21744630256401407, 0.286231417292974], [0.10907739980609292, 0.28910135277531285, 0.3340481837973433, 0.2677730636212512], [0.1587196093625224, 0.37063855077983904, 0.17837929449040996, 0.29226254536722845], [0.16014670457873914, 0.3199135368608725, 0.23459958186126745, 0.2853401766991207], [0.09534948829705536, 0.3167414120513455, 0.29730621122823553, 0.29060288842336374], [0.15814171115993422, 0.2554732045015128, 0.28814271686349835, 0.29824236747505456], [0.1930594786107194, 0.33381531747872795, 0.19742223666500658, 0.2757029672455463], [0.14479045716637723, 0.29846485656143706, 0.1962169463228453, 0.36052773994934034], [0.14625739351943856, 0.28269451757094516, 0.27232210647225996, 0.29872598243735643], [0.23525824754132293, 0.29281726409951275, 0.20322169989794778, 0.2687027884612168], [0.2992362543306606, 0.26852687713597645, 0.11604877090984368, 0.31618809762351935], [0.1794978606845087, 0.3057425699808322, 0.23124720733876783, 0.2835123619958911], [0.22588538182106585, 0.28712871423082004, 0.2119855462414121, 0.27500035770670245], [0.10932929526909758, 0.2908358443176813, 0.3299589996250054, 0.26987586078821574], [0.11455046155235822, 0.31221609334147826, 0.27450599640989426, 0.29872744869626877], [0.2743702222619678, 0.2836070988124763, 0.21470581982558026, 0.22731685909997604], [0.23742462903727282, 0.2862376150985324, 0.23545455157624431, 0.24088320428795043], [0.0885984303068646, 0.31043587657894156, 0.3301410879456497, 0.27082460516854395], [0.13288659976831477, 0.2987039164276432, 0.27683006757762313, 0.29157941622641903], [0.22648317896428655, 0.251496797447544, 0.19981589678809286, 0.3222041268000766], [0.19832792372816485, 0.3256419474643866, 0.19064091078974568, 0.2853892180177025], [0.16197226490109204, 0.3401866984115501, 0.2417087567715021, 0.25613227991585547], [0.12472741234784814, 0.33797984401517883, 0.25821219337371354, 0.27908055026325945], [0.20700530345811705, 0.2540140672305655, 0.24247673524058885, 0.2965038940707287], [0.22258690817092508, 0.24879803128597738, 0.21948372422877158, 0.30913133631432566], [0.10935500285636701, 0.305069713201641, 0.30687026416548757, 0.27870501977650414], [0.10747489470153677, 0.3455828822662863, 0.2589971123552036, 0.2879451106769735], [0.16863891212561338, 0.30069618322578945, 0.21289758196309772, 0.31776732268549973], [0.1581033725778855, 0.35931701920507036, 0.1502516646591768, 0.3323279435578673], [0.1199169722236492, 0.3603657507809856, 0.26648358972300557, 0.25323368727235973], [0.15497930486119724, 0.32098561993163893, 0.22746162802627867, 0.29657344718088513], [0.10607202067811843, 0.24664357194179926, 0.3225567195859209, 0.3247276877941618], [0.152337020172451, 0.3994461661083398, 0.13651177121905836, 0.311705042500151], [0.1855387148218418, 0.31124127855847383, 0.20059220638749622, 0.30262780023218805], [0.19691845819666795, 0.24173558122305577, 0.19454662099850806, 0.3667993395817683], [0.13292492088995717, 0.32125014263994317, 0.21938772278442692, 0.32643721368567274], [0.09518597160918789, 0.3106661595896551, 0.32471964100987966, 0.2694282277912774], [0.10034931778670857, 0.34426562408824635, 0.35057538563931917, 0.20480967248572587], [0.20152795473917842, 0.25967193102350766, 0.27799838041090275, 0.2608017338264113], [0.08983190285618033, 0.3468696452491163, 0.29332147746393816, 0.2699769744307654], [0.15788705429796626, 0.29092227610983834, 0.2908063780925914, 0.2603842914996039], [0.10470153700477908, 0.36292309753650526, 0.26594190758802166, 0.2664334578706941], [0.13697849765342618, 0.3597056831958793, 0.22167068263160872, 0.28164513651908557], [0.2498969239721955, 0.2795144609015037, 0.20287874160022712, 0.26770987352607345], [0.10657096872888389, 0.3574328398522006, 0.25807213923423555, 0.27792405218468], [0.16633033059212557, 0.30425187356202554, 0.26341595951267704, 0.26600183633317187], [0.11919370210443307, 0.3416834314501374, 0.2836602917670975, 0.25546257467833194], [0.1687632264634123, 0.3290130708418703, 0.2493745843092425, 0.25284911838547486], [0.15116461358952518, 0.2880894832553449, 0.2598073611203841, 0.3009385420347458], [0.07955613135625433, 0.34305043141761526, 0.28954078979432063, 0.28785264743180994], [0.10649430946722606, 0.3547149823696779, 0.2775033720355945, 0.26128733612750177], [0.12140026970014525, 0.3263985806551008, 0.25261068847305646, 0.29959046117169735], [0.13038130502528927, 0.3032336741025175, 0.31184194142462623, 0.25454307944756704], [0.13444882217256035, 0.3287183306714352, 0.2409818254747666, 0.2958510216812377], [0.12247533219357093, 0.33685479619014397, 0.23303191939621046, 0.30763795222007473], [0.13132359682955141, 0.3336682539605011, 0.2493515622299959, 0.28565658697995155], [0.16723247990214868, 0.3334266175982796, 0.2451545620416226, 0.254186340457949], [0.11102413335993935, 0.3189613008851985, 0.2680705209386166, 0.3019440448162459], [0.09075844403316227, 0.350648779412093, 0.30949616275463254, 0.2490966138001125], [0.11307749499966713, 0.30841817589376913, 0.3419604011806988, 0.236543927925865]]}}