{"test": {"ids": ["99109780", "110120540", "103111110", "108115070", "113120531", "105110251", "104113380", "107119130", "110115890", "98117740", "108120621", "100109360", "104111830", "112121351", "98112300", "104117200", "99107660", "109116040", "102109010", "104113210", "99112300", "101109120", "107114780", "98112580", "99108580", "111116411", "110117500", "111118820", "99111340", "99105921", "113120601", "113122150", "110118810", "110117080", "111121190", "105116501", "111116640", "113120751", "113118870", "105118740", "108113740", "113120830", "110119891", "100108490", "99107560", "98113881", "101112540", "111116010", "113118820", "113121220", "111119340", "113122510", "113118421", "110114321", "98111670", "110118740", "110121500", "106113170", "102112030", "98109570", "102114270", "106116120", "107113170", "112116451", "108119550", "113119340", "112117210", "111118301", "97110950", "98109311", "105110091", "107116501", "107118490", "113119950", "112119500", "110117140", "112116501", "108116070", "109120150", "107120010", "111120280", "101111210", "101119591", "103111930", "112121360", "100107920", "106119260", "103120290", "112121430", "107114321", "102109840", "110118930", "108118291", "111116170", "104119290", "109117630", "110115140", "105114220", "104114240", "109121410", "101117580", "106111321", "112118860", "107113130", "103111540", "100108990", "110113591", "101110200", "109120621", "103120531", "109113931", "112120670", "103118110", "108115870", "99108310", "105118171", "106113190", "99117740", "98109090", "97106600", "105115900", "108117360", "107121230", "109117271", "112116880", "108113480", "97109570", "108121351", "107115140", "110115980", "113120280", "98108150", "98107010", "107113260", "102117351", "97113900", "99109141", "111115620", "108115250", "100108520", "101111990", "101112160"], "labels": [2, 1, 3, 1, 0, 0, 1, 1, 2, 2, 1, 0, 3, 0, 2, 3, 3, 0, 1, 3, 0, 1, 2, 2, 0, 0, 1, 0, 1, 1, 2, 2, 1, 1, 1, 1, 0, 1, 0, 1, 3, 3, 3, 2, 1, 3, 2, 1, 0, 3, 3, 2, 3, 1, 1, 3, 3, 0, 2, 1, 3, 1, 0, 0, 1, 0, 1, 3, 3, 1, 0, 1, 2, 0, 2, 3, 3, 1, 2, 1, 0, 2, 0, 3, 3, 0, 1, 2, 2, 0, 2, 1, 3, 0, 1, 0, 0, 3, 0, 0, 3, 0, 3, 1, 1, 2, 0, 2, 1, 3, 1, 2, 2, 3, 2, 3, 0, 2, 1, 3, 3, 1, 0, 0, 0, 0, 0, 3, 0, 1, 0, 0, 3, 0, 1, 2, 3, 1, 1, 2, 2, 3], "predicted_labels": [1, 1, 3, 0, 0, 3, 0, 3, 1, 3, 1, 3, 3, 0, 2, 3, 0, 0, 1, 0, 1, 1, 3, 3, 2, 3, 1, 3, 2, 0, 1, 3, 1, 3, 2, 0, 0, 1, 3, 3, 0, 3, 3, 1, 0, 1, 2, 1, 0, 3, 1, 1, 0, 1, 3, 3, 0, 1, 1, 3, 1, 1, 0, 0, 3, 3, 0, 3, 3, 2, 3, 0, 2, 0, 1, 3, 3, 2, 2, 3, 3, 3, 0, 0, 0, 0, 0, 2, 1, 1, 2, 3, 3, 3, 1, 1, 3, 1, 1, 0, 1, 3, 3, 2, 3, 1, 0, 1, 3, 1, 0, 1, 2, 3, 3, 1, 0, 2, 3, 2, 2, 2, 1, 3, 1, 0, 1, 3, 3, 3, 0, 1, 0, 1, 3, 0, 0, 1, 2, 3, 2, 2], "confidence_scores": [[0.028718978923618448, 0.9353029627258694, 0.010062598108298211, 0.025915460242213875], [0.008068882740689393, 0.9501861174597173, 0.026477402572048937, 0.015267597227544347], [0.06069966286257362, 0.26200488174837816, 0.011721046249985297, 0.665574409139063], [0.9903439378603407, 0.005394725393454538, 0.0033247784104732526, 0.000936558335731493], [0.45996971485556104, 0.0333410036106869, 0.18262937308089616, 0.3240599084528559], [0.051190546119242286, 0.02354976684862209, 0.000463492036178187, 0.9247961949959574], [0.8266693947735365, 0.09715563982656407, 0.05134579361443687, 0.024829171785462595], [0.0035033419691092513, 0.028181812120535603, 0.041118213547283844, 0.9271966323630714], [0.00627435594096991, 0.6911841323467761, 0.1424061368892535, 0.16013537482300041], [0.0007466307888120316, 0.293951007443256, 0.01553249841586341, 0.6897698633520686], [0.2247502761220692, 0.6815455154957826, 0.018455400551431425, 0.07524880783071683], [0.03677692779349192, 0.021282231301674615, 0.11154596079295187, 0.8303948801118817], [0.0032189030141174884, 0.047941783114855155, 0.01577045998354364, 0.9330688538874837], [0.9828926534945873, 0.0001562964804293496, 0.0009470113550564309, 0.0160040386699269], [0.038892983344048095, 0.02021825877912191, 0.8771850598188098, 0.0637036980580201], [0.017281217592231453, 0.27097483701508557, 0.11012014244396673, 0.6016238029487162], [0.9504428805221041, 0.021826145444178657, 0.010460094486006398, 0.01727087954771059], [0.535169116091306, 0.016729869093171333, 0.159906492756918, 0.28819452205860446], [0.013201990994577572, 0.786557924459489, 0.04021622290049497, 0.1600238616454385], [0.8196228349464946, 0.04969997477098404, 0.02311565161470966, 0.10756153866781173], [0.0627049782373525, 0.5838600427738191, 0.2642921240429531, 0.08914285494587536], [0.02227211344523471, 0.858564086212268, 0.09999355429062388, 0.019170246051873303], [0.04704627286617316, 0.28212626281296804, 0.016031399075610707, 0.6547960652452482], [0.014960516831549512, 0.32363166397079507, 0.015357203892338363, 0.6460506153053172], [0.02817073591725189, 0.47254373041006276, 0.48664713120594566, 0.012638402466739635], [0.20936689997357313, 0.0028834260596151936, 8.418650474133881e-06, 0.7877412553163377], [0.3154092249453922, 0.49833420149907437, 0.007627345569658124, 0.17862922798587527], [0.09695536517346483, 0.003412048930656265, 4.4365339498260484e-05, 0.8995882205563807], [0.022734907935014443, 0.08246743753215963, 0.8092244277728208, 0.0855732267600052], [0.9563413336961603, 0.0009914697245834143, 0.0405156982725735, 0.0021514983066829754], [0.19297633827805233, 0.6185829685322235, 0.1863621413292555, 0.002078551860468815], [0.11971491873713655, 0.046425069568167526, 0.06798824966227697, 0.7658717620324189], [0.01600911052583836, 0.9515454378597754, 0.015275138947958858, 0.01717031266642739], [0.0017602732447768437, 0.29795805541950876, 0.014139445062561823, 0.6861422262731526], [0.0037312654752022258, 0.012659137259948642, 0.5939388406371161, 0.389670756627733], [0.984468657398415, 0.004050666339153336, 1.6937322486418505e-06, 0.011478982530182962], [0.5054199298446755, 0.2977391543528773, 0.1967843788677905, 5.653693465675564e-05], [0.22285878789177313, 0.5782307157952575, 0.0011754603869638964, 0.1977350359260056], [0.03947508692140344, 0.2609497456901188, 0.021574809398582896, 0.678000357989895], [0.18058986002648048, 0.0010319953507797212, 0.0950423507729792, 0.7233357938497605], [0.9736164685587768, 0.0123814062683789, 0.0031719609305259173, 0.0108301642423185], [0.2600182065729763, 0.12290369215288635, 0.24730049459568607, 0.3697776066784513], [0.08040768048612995, 0.1824170704687483, 0.07811241942604058, 0.6590628296190811], [0.1945055618390404, 0.775418003734365, 0.0031262446922418826, 0.026950189734352835], [0.45024276843968586, 0.09389151436006525, 0.013677269658714323, 0.4421884475415346], [0.1346342831814848, 0.7479588722565621, 0.00896420486191672, 0.10844263970003647], [0.024206186004047767, 0.2253915829979541, 0.5528836123902625, 0.19751861860773548], [0.00018699082282181461, 0.9707390419809548, 0.02656670628478434, 0.0025072609114391124], [0.4632430424439288, 0.37186448143221784, 0.08910325103822056, 0.07578922508563281], [0.01274772220036673, 0.006546919324912657, 0.000865858460651577, 0.979839500014069], [0.13114559927258276, 0.8382834040952637, 0.0008930637674891899, 0.02967793286466431], [0.29659025550976814, 0.6105188888461217, 0.09021266326099925, 0.0026781923831108384], [0.8990741539080885, 0.014109813837821642, 2.8670177370876882e-05, 0.08678736207671903], [0.3766661435784177, 0.5980059676143561, 0.0027099224529814935, 0.02261796635424462], [0.0022428776906907974, 0.001004215691183067, 0.013722088526011873, 0.9830308180921142], [0.1186119761229947, 0.0017547174030107142, 0.061600362446381264, 0.8180329440276134], [0.6571890581959654, 0.2951865591587752, 0.0017268058496735807, 0.04589757679558581], [0.004704232895754809, 0.8623165833126204, 0.00014042078371632712, 0.1328387630079085], [0.1742350781996477, 0.4094685414841721, 0.016612611580267878, 0.3996837687359124], [0.003123655630666266, 0.025892844468371718, 0.02352926826384438, 0.9474542316371176], [0.020163449616384773, 0.9788944527993, 8.47455256499478e-05, 0.0008573520586652965], [0.055798983879180086, 0.7438247930801373, 0.10048166093672835, 0.09989456210395439], [0.7567359974598522, 0.06523619481828642, 0.009872755282093287, 0.1681550524397681], [0.993158682751318, 0.0022217574299806375, 0.0007765500739663983, 0.0038430097447349305], [0.004133576160073483, 0.16220690415545064, 0.012334531449705971, 0.8213249882347698], [0.33678767427078765, 0.05314924606167883, 0.00019540843132089005, 0.6098676712362127], [0.4865443487146715, 0.27556794487906516, 0.10246984292580584, 0.1354178634804574], [0.10761008863842814, 0.15214210857817112, 0.0671081870233677, 0.673139615760033], [0.15913447184220733, 0.11830729669147085, 0.07798659624883382, 0.644571635217488], [0.13779817681023326, 0.25359549217882726, 0.31751918062310475, 0.2910871503878347], [0.0562091457379802, 0.08148277294108443, 0.005992462086250009, 0.8563156192346854], [0.93304489817175, 0.004703676213129071, 0.0009915960130479308, 0.06125982960207298], [0.012997398304570603, 0.42675910143622786, 0.5534961939603114, 0.006747306298890204], [0.9122043118456274, 0.06351588119156136, 8.958937660202296e-05, 0.02419021758620921], [0.00017033330095192045, 0.9615662008628191, 0.03807309909890416, 0.00019036673732485747], [0.2778206259488365, 0.17455244367734085, 0.06943201828618006, 0.4781949120876426], [0.017433132496648823, 0.02998313914187344, 0.0016532175910710357, 0.9509305107704067], [0.020177903128905772, 0.0005344426305586704, 0.9792785217198307, 9.132520705017876e-06], [0.009260777786884737, 0.002842128464685822, 0.9798511150792093, 0.008045978669220267], [0.277078898572542, 0.07669069664088679, 0.02175241931698248, 0.6244779854695888], [0.021131127132922752, 0.002703708164630269, 0.0007017841355676706, 0.9754633805668793], [0.10810623448981693, 0.020849675377242194, 0.013848504360741259, 0.8571955857721997], [0.8361078729799477, 0.03241033107031534, 0.01634229423757951, 0.11513950171215738], [0.8741856714931191, 0.11164561304214318, 0.004346014729267103, 0.009822700735470683], [0.9420078462073377, 0.035484700503069344, 0.00033447120655195184, 0.022172982083041023], [0.8826997563879019, 0.01285403642906409, 0.06574695683901707, 0.03869925034401708], [0.9540906375028949, 0.004192068323000994, 0.013776524059214907, 0.02794077011488924], [7.060416726773114e-05, 0.001994379734141391, 0.9972390250005503, 0.0006959910980403703], [0.1501558264786793, 0.438821213030052, 0.015631800038437105, 0.39539116045283157], [0.12950770451623378, 0.8446933951615153, 0.02350152220440562, 0.0022973781178452397], [0.026916486780428305, 0.02682852486964058, 0.9459463427213138, 0.0003086456286171357], [0.009219996359886032, 0.009882274871654908, 0.019260586807796624, 0.9616371419606624], [0.32493637471664233, 0.003058586579905658, 0.004945650582356557, 0.6670593881210956], [0.03493227114280681, 0.0007288158209092059, 3.3646823450181582e-06, 0.9643355483539389], [0.010150906335262557, 0.7133035623484626, 0.1043245813153436, 0.17222095000093116], [0.191936224980802, 0.797467806784562, 0.004492170933115082, 0.00610379730152096], [0.016356325773054535, 0.024919688004091913, 0.007868395137690465, 0.9508555910851632], [0.29312350049762814, 0.704212484310828, 0.0009171776386193875, 0.0017468375529243955], [0.1487641791980495, 0.40460039957202915, 0.10316774292360169, 0.34346767830631963], [0.7062939343249054, 0.005152486894787266, 0.0013734610295794427, 0.2871801177507279], [0.280006274241036, 0.5790875760873639, 0.013488584851160192, 0.12741756482043973], [0.20709006323783613, 0.1770328733271652, 0.2064578762864717, 0.40941918714852704], [0.4085733678922049, 0.06332363669107907, 0.005867740612605213, 0.5222352548041108], [0.003602569657665067, 0.011323142567034091, 0.9719967897842099, 0.013077497991090868], [0.025521002169849965, 0.33548061671159163, 0.050731821855299876, 0.5882665592632585], [0.0036038005913860563, 0.9798346805359026, 0.008705741806312174, 0.007855777066399108], [0.8272491204194226, 0.005830956303951931, 9.838413338478257e-05, 0.16682153914324074], [0.008152308938505758, 0.9906678966510407, 0.0003347611190196889, 0.0008450332914337923], [0.251330258252444, 0.18931960739091183, 0.026764696236379233, 0.532585438120265], [0.02943655388003327, 0.917559971127353, 0.033805178129036204, 0.01919829686357737], [0.8682937662099238, 0.12006545846250673, 0.0008835399095817864, 0.010757235417987501], [0.038170812800475955, 0.4504518367484591, 0.3702257811676566, 0.14115156928340825], [0.02134358097860249, 0.19234634868142475, 0.43450807640103456, 0.3518019939389382], [0.0010080452459867205, 0.007142044396398634, 0.1627360936881285, 0.8291138166694862], [0.007493431549694064, 0.0036956406493866977, 0.001208611398964346, 0.9876023164019548], [0.01669298821663284, 0.9771091072425142, 0.0005233140015900719, 0.005674590539262833], [0.910367377973016, 0.012299731266791816, 0.002589340770957299, 0.07474354998923496], [0.2591455451023369, 0.12009950659804455, 0.586161353729079, 0.03459359457053954], [0.03968302589646478, 0.1646784585343203, 0.2452229592492272, 0.5504155563199876], [0.003561905171864961, 0.01647590850738829, 0.8596130927488393, 0.12034909357190757], [0.1496319142565414, 0.001970976342251186, 0.680902690947785, 0.16749441845342233], [0.004435389706169541, 0.042557050203772116, 0.8412889026697828, 0.11171865742027565], [0.01865762167793714, 0.7477583273274925, 0.0005738569339740755, 0.2330101940605964], [0.03300395037320477, 0.0011505403638911848, 0.00678579755441772, 0.9590597117084863], [0.09765876126075648, 0.42383789675088257, 0.17960270654719127, 0.29890063544116957], [0.7084959577030553, 0.035497618232061476, 0.01495821619957528, 0.2410482078653079], [0.1272029980507069, 0.4707973867215398, 0.3403144912455532, 0.0616851239822001], [0.000774122102646106, 0.0016602968846459545, 0.000154320461644911, 0.9974112605510631], [0.0035995051884496246, 0.0021120040984779613, 0.014919096312646709, 0.9793693944004257], [0.03182931796279128, 5.3999619597761684e-05, 0.0009737965699883597, 0.9671428858476226], [0.7729232924458485, 0.019267707486277874, 0.008399958167315825, 0.19940904190055764], [0.018924225185913256, 0.5416614855362111, 0.016861858910591672, 0.422552430367284], [0.38336771617408566, 0.09459886954315472, 0.2909582994154126, 0.2310751148673469], [0.002320064636531192, 0.5353157355066471, 0.15735190062731338, 0.30501229922950834], [0.02845512997929983, 0.009110564409553282, 0.0002944036396270792, 0.9621399019715198], [0.8514456731670909, 0.11305915821380992, 0.035293101418051115, 0.00020206720104801358], [0.5696858868542389, 0.24123680681814666, 0.0998193141561757, 0.08925799217143858], [0.4091811874576452, 0.49233128535270415, 0.04070967379517237, 0.05777785339447822], [0.393519365275536, 0.038978313337408546, 0.5549251547169426, 0.012577166670112903], [0.07755972596352902, 0.1229625826754548, 0.07534680310913815, 0.724130888251878], [0.004162600393260579, 0.0058246415603052295, 0.956847770743386, 0.03316498730304823], [0.03669019556309, 0.035837117767951225, 0.6373871783071976, 0.29008550836176106]]}, "rewritten": {"ids": ["97106600", "97109570", "97110950", "97113900", "98107010", "98108150", "98109090", "98109311", "98109570", "98111670", "98112300", "98112580", "98113881", "98117740", "99105921", "99107560", "99107660", "99108310", "99108580", "99109141", "99109780", "99111340", "99112300", "99117740", "100107920", "100108490", "100108520", "100108990", "100109360", "101109120", "101110200", "101111210", "101111990", "101112160", "101112540", "101117580", "101119591", "102109010", "102109840", "102112030", "102114270", "102117351", "103111110", "103111540", "103111930", "103118110", "103120290", "103120531", "104111830", "104113210", "104113380", "104114240", "104117200", "104119290", "105110091", "105110251", "105114220", "105115900", "105116501", "105118171", "105118740", "106111321", "106113170", "106113190", "106116120", "106119260", "107113130", "107113170", "107113260", "107114321", "107114780", "107115140", "107116501", "107118490", "107119130", "107120010", "107121230", "108113480", "108113740", "108115070", "108115250", "108115870", "108116070", "108117360", "108118291", "108119550", "108120621", "108121351", "109113931", "109116040", "109117271", "109117630", "109120150", "109120621", "109121410", "110113591", "110114321", "110115140", "110115890", "110115980", "110117080", "110117140", "110117500", "110118740", "110118810", "110118930", "110119891", "110120540", "110121500", "111115620", "111116010", "111116170", "111116411", "111116640", "111118301", "111118820", "111119340", "111120280", "111121190", "112116451", "112116501", "112116880", "112117210", "112118860", "112119500", "112120670", "112121351", "112121360", "112121430", "113118421", "113118820", "113118870", "113119340", "113119950", "113120280", "113120531", "113120601", "113120751", "113120830", "113121220", "113122150", "113122510"], "labels": [3, 0, 3, 2, 3, 0, 1, 1, 1, 1, 2, 2, 3, 2, 1, 1, 3, 2, 0, 3, 2, 1, 0, 2, 0, 2, 2, 2, 0, 1, 2, 2, 2, 3, 2, 3, 0, 1, 2, 2, 3, 1, 3, 1, 3, 2, 2, 3, 3, 3, 1, 0, 3, 1, 0, 0, 3, 3, 1, 3, 1, 0, 0, 0, 1, 1, 1, 0, 0, 0, 2, 0, 1, 2, 1, 1, 0, 0, 3, 1, 1, 3, 1, 1, 3, 1, 1, 3, 1, 0, 0, 0, 2, 1, 0, 0, 1, 0, 2, 1, 1, 3, 1, 3, 1, 1, 3, 1, 3, 1, 1, 0, 0, 0, 3, 0, 3, 0, 1, 0, 3, 0, 1, 3, 2, 2, 0, 3, 2, 3, 0, 0, 0, 0, 0, 0, 2, 1, 3, 3, 2, 2], "predicted_labels": [2, 2, 3, 0, 0, 3, 3, 1, 3, 3, 2, 3, 1, 3, 0, 3, 0, 3, 2, 0, 1, 2, 2, 2, 0, 1, 3, 1, 3, 1, 1, 3, 2, 2, 1, 0, 0, 1, 2, 1, 1, 3, 3, 3, 1, 3, 2, 1, 3, 0, 0, 3, 3, 1, 3, 0, 1, 1, 0, 1, 3, 0, 1, 0, 1, 0, 2, 3, 1, 0, 3, 3, 0, 2, 3, 0, 3, 0, 0, 0, 2, 3, 2, 2, 0, 3, 0, 3, 0, 3, 3, 1, 2, 3, 0, 3, 0, 3, 3, 3, 3, 3, 1, 3, 1, 3, 3, 2, 0, 1, 1, 3, 3, 2, 3, 3, 1, 3, 3, 0, 3, 1, 0, 0, 1, 1, 0, 0, 1, 0, 2, 3, 3, 0, 0, 3, 1, 0, 1, 3, 3, 0], "confidence_scores": [[0.030778519620759344, 0.01604047126968435, 0.7187546896273231, 0.2344263194822332], [0.3402504699130389, 0.13221496948964803, 0.3795076767922107, 0.14802688380510237], [0.03628929122765142, 0.04203876002314674, 0.023566598199479333, 0.8981053505497225], [0.6911540762755499, 0.2764652760995089, 0.03104395116545267, 0.0013366964594884409], [0.4663381700613723, 0.08513811430185753, 0.16000256775993535, 0.2885211478768348], [0.001498450194624852, 0.2786293098649546, 0.012929468523382524, 0.7069427714170381], [0.07625431336808608, 0.22085648382005232, 0.09440565976950575, 0.6084835430423559], [0.008807894667982484, 0.6208706800934242, 0.1231426188457416, 0.24717880639285175], [0.004260893572956615, 0.012014751259921349, 0.09452569331887054, 0.8891986618482515], [0.002141148812789627, 0.0012370259438461801, 0.016184910552632978, 0.9804369146907311], [0.11676544296101979, 0.009606008286872355, 0.7239466018557603, 0.1496819468963476], [0.03289787886301186, 0.1283383212061849, 0.031726204078775064, 0.8070375958520282], [0.39712172454842626, 0.5837487567600369, 0.004383473679967089, 0.014746045011569661], [0.0024251074301753716, 0.18037981457698068, 0.014705953037352887, 0.802489124955491], [0.9006686216634527, 0.0012204904401404183, 0.09659662147731932, 0.0015142664190873339], [0.28106926022740464, 0.11847458762271723, 0.00811675553600334, 0.5923393966138748], [0.8390542231587163, 0.14642620067804626, 0.004151584235073959, 0.010367991928163534], [0.009272198434229089, 0.0005924487559176047, 0.0006128783848174067, 0.9895224744250359], [0.014511312080027107, 0.3414575386646278, 0.6355020378292228, 0.008529111426122343], [0.8663810334156243, 0.05640624208852045, 0.027879759062135367, 0.049332965433719914], [0.0037008534891353364, 0.9562337940976068, 0.005119490769667138, 0.03494586164359069], [0.004256474778786065, 0.013984098636178142, 0.9691048989232127, 0.012654527661822977], [0.14502124993657012, 0.2430947082884657, 0.3709503516176432, 0.24093369015732105], [0.04177236234127832, 0.34891483520774386, 0.5837384489408545, 0.025574353510123417], [0.9011138628160427, 0.02998757749644195, 0.010498559903256167, 0.05839999978425922], [0.14056476549807434, 0.8442922179940665, 0.0017334750391651652, 0.013409541468693803], [0.12248873558920967, 0.053051193490285926, 0.12762638160940754, 0.6968336893110969], [0.0029664329931159824, 0.9674409527464595, 0.008909392942590902, 0.020683221317833584], [0.004898004060042214, 0.037389328865608015, 0.07132759908254781, 0.8863850679918018], [0.10677926916251534, 0.7794550939954245, 0.10855613388842951, 0.00520950295363063], [0.0011160039125838067, 0.996707109074157, 0.0004909764079926216, 0.0016859106052664371], [0.034566576755226355, 0.029242507136791992, 0.007267874086547729, 0.9289230420214339], [0.009856373334064675, 0.016566936196631833, 0.7867850065175317, 0.18679168395177181], [0.04438934564021668, 0.06149809775651458, 0.5351466892069854, 0.35896586739628333], [0.008712995909105003, 0.5880961125532878, 0.3160220444546415, 0.08716884708296574], [0.8383760724847655, 0.12271427955690334, 0.005694835089898331, 0.03321481286843284], [0.6022471565119922, 0.11705787838626007, 0.018250100204908845, 0.26244486489683894], [0.05053172972502521, 0.6590705707436804, 0.024538030333747903, 0.26585966919754644], [0.03951772966979202, 0.0071461262291351545, 0.9529660377942293, 0.00037010630684355505], [0.15532917018181805, 0.5113265168839206, 0.012559015910529575, 0.3207852970237317], [0.024423464120021342, 0.9743636640300728, 6.528226342133142e-05, 0.0011475895864845559], [0.023006895315145895, 0.0433158629100011, 0.00023034707974776164, 0.9334468946951052], [0.19994160159165328, 0.12046652998353365, 0.007499225245703348, 0.6720926431791098], [0.1309203403856227, 0.08923352507030875, 0.04692067526511763, 0.7329254592789508], [0.2433859356892223, 0.6484252367617386, 0.027555740498592798, 0.08063308705044621], [0.0016919159228360552, 0.023404537627734916, 0.08752443240918506, 0.887379114040244], [0.00030070255004554163, 0.004113014580751685, 0.9929842222414685, 0.0026020606277340655], [0.08363211317800973, 0.42764086088215225, 0.34001447746236657, 0.14871254847747148], [0.006517852149772219, 0.015995103769388768, 0.05080313015814798, 0.9266839139226911], [0.9545728078443262, 0.012403968005951628, 0.01705092138718914, 0.015972302762532923], [0.7215219550282075, 0.03184662902006905, 0.18862881155886466, 0.05800260439285873], [0.09713441785099221, 0.27416455494991315, 0.15333804901979975, 0.4753629781792949], [0.025623670431124963, 0.14571097623411466, 0.265186347639033, 0.5634790056957274], [0.01479487860632446, 0.5527530319887393, 0.015503631625227443, 0.4169484577797088], [0.04819078912640643, 0.0374444233281103, 0.01086499423463288, 0.9034997933108503], [0.4098476962712183, 0.2885838413306748, 0.004817137623639446, 0.2967513247744676], [0.03976101140280444, 0.9587025194361141, 0.0005807386565546157, 0.0009557305045269471], [0.027698975913577357, 0.6775205422852887, 0.2819251947066429, 0.012855287094490957], [0.966320549484545, 0.008762182698819688, 4.7226696030678495e-06, 0.02491254514703208], [0.2906261701873023, 0.671179504013857, 0.017595407568849922, 0.02059891822999083], [0.36165957750211836, 0.0017976898498914603, 0.12041347477309867, 0.5161292578748914], [0.7318827573814329, 0.0207220397873779, 0.23228923519518888, 0.015105967636000217], [0.007595182148697316, 0.7898986345421816, 0.00026804000495693015, 0.20223814330416415], [0.8086032865764798, 0.01753007898272972, 0.007499311979431537, 0.16636732246135894], [0.10577964201496003, 0.6008155274900533, 0.1027075235953079, 0.19069730689967873], [0.8829501229001933, 0.02616658921453351, 0.016443042161240345, 0.07444024572403289], [0.02032249579964981, 0.0032136976303975833, 0.9536268166786562, 0.022836989891296514], [0.3994822382254872, 0.07116866215148906, 0.07081937440263862, 0.4585297252203852], [0.001279265617724074, 0.5969255499853123, 0.18056278855132968, 0.22123239584563392], [0.5774015834834131, 0.40016160038474874, 0.018973547623030447, 0.0034632685088077262], [0.00954898454015358, 0.07462252713166354, 0.0033650176879601737, 0.9124634706402227], [0.004557939767682358, 0.004617470278475351, 0.028053915227180894, 0.9627706747266614], [0.9328238599172322, 0.003433186590654208, 0.004045697950776039, 0.05969725554133774], [0.011057864162344007, 0.3571914497545028, 0.6099083116756389, 0.0218423744075142], [0.013468641741085223, 0.006218835443594363, 0.030392450382429066, 0.9499200724328914], [0.8911207196506661, 0.014502006885737887, 0.09228640476245328, 0.0020908687011427333], [0.07404694048945967, 0.060355020580343935, 0.0007349417686488637, 0.8648630971615474], [0.7338722215294039, 0.022586734574525168, 0.0033488186878501964, 0.24019222520822098], [0.9660920426113156, 0.014853139814765591, 0.0026379646112373984, 0.01641685296268165], [0.9637903462596629, 0.000361946694940954, 0.003757650411544456, 0.03209005663385179], [0.4848755356297459, 0.020109257637591516, 0.4850798727343118, 0.00993533399835066], [0.0007968031243256598, 0.006343150951424548, 0.2183489610095871, 0.7745110849146627], [0.006998748176779216, 0.00011872518370590608, 0.9928678789932162, 1.4647646298662907e-05], [0.001943478848283965, 0.031249575768636285, 0.5362884943264492, 0.43051845105663056], [0.9566679657048747, 0.004201432882817457, 0.002062457830666958, 0.03706814358164099], [0.0016735678515358966, 0.2182834471229933, 0.007972823781311594, 0.7720701612441592], [0.8013333334404956, 0.12544823113210526, 0.017872911313995467, 0.05534552411340372], [0.002054871397314358, 0.0188639346815502, 0.000589571270382758, 0.9784916226507526], [0.8268034109371899, 0.10111722181056679, 0.0016410213573339256, 0.07043834589490942], [0.3215208873514098, 0.007574070440831959, 0.07579096949494922, 0.595114072712809], [0.3948083062030145, 0.00031138959411742233, 0.019131285345309612, 0.5857490188575585], [0.142267660737542, 0.8451559773862639, 0.004552703324693978, 0.008023658551500026], [0.005476659894166423, 0.0005104087747847018, 0.9927744439792697, 0.0012384873517789462], [0.42496859246988955, 0.07066397357742311, 0.007378223653058496, 0.49698921029962895], [0.781906965786345, 0.001510225560590079, 0.007058360611479697, 0.2095244480415853], [0.4232284226844944, 0.0052767421572852665, 8.302585337509902e-05, 0.5714118093048451], [0.7531871213423015, 0.23242751440576764, 0.0014188533436108315, 0.012966510908320059], [0.0024329910484675596, 0.08751037224550573, 0.015072863426102145, 0.8949837732799245], [0.016308161944327482, 0.25380389422690536, 0.09390819183066684, 0.6359797519981004], [0.015031956474480676, 0.00014071209751089815, 0.0015396320873223986, 0.983287699340686], [0.00197430762770976, 0.16962450925420058, 0.08168261377826205, 0.7467185693398276], [0.11091748185544914, 0.016940008266813057, 0.03439002293694859, 0.8377524869407892], [0.23005971987097662, 0.5237162353072342, 0.008835494650537045, 0.2373885501712522], [0.164022859143522, 0.002066731749965165, 0.24139292075142812, 0.5925174883550848], [0.14589956118486197, 0.6781403472827051, 0.06983981388484117, 0.10612027764759166], [0.00329714996870053, 0.008398986718938522, 0.009378762294920776, 0.9789251010174401], [0.02555464071336166, 0.45086865685417643, 0.049998264634059736, 0.4735784377984022], [0.011617715744538829, 0.48112890416823517, 0.5009154896821902, 0.006337890405035739], [0.7056064759103711, 0.16801833939477653, 0.005212204694339402, 0.12116298000051288], [0.2538907786887119, 0.6366415787638119, 0.051980527098772586, 0.05748711544870372], [6.612866835898076e-05, 0.9856044873955997, 0.011344930163664965, 0.0029844537723763406], [0.0028641758284904347, 0.00021598590056185192, 2.4902044893091414e-05, 0.9968949362260545], [0.2146996683688283, 0.015289250408686854, 4.571186760240425e-05, 0.7699653693548825], [0.2736988249061972, 0.13150751195852023, 0.5947424390523557, 5.1224082926884505e-05], [0.013905608629482463, 0.12207982171149809, 0.04114383014095772, 0.8228707395180618], [0.038241941845622435, 0.002213262693518602, 5.332387825731003e-05, 0.9594914715826016], [0.4165805039069179, 0.5549433391897738, 0.013545454393375149, 0.014930702509933086], [0.004121397595431346, 0.0036746366946241943, 0.0007578438003527528, 0.9914461219095916], [0.018180996880002496, 0.004312941239410359, 0.23437547146167842, 0.7431305904189087], [0.9983968609108881, 0.0006954673649217091, 0.000291554514589574, 0.0006161172096005328], [0.007561478753663546, 0.09713601800020624, 0.004976391764497664, 0.8903261114816325], [0.08673581782136291, 0.4061229507417456, 0.2762278171666141, 0.23091341427027737], [0.707929699818451, 0.10486960306011787, 0.10609948558558381, 0.08110121153584728], [0.7602247015138711, 0.004952727751200021, 0.008656177973295154, 0.2261663927616337], [0.00024144518753613505, 0.9715983435176523, 0.027534138437642946, 0.0006260728571686509], [0.02010725300990143, 0.5367113291343506, 0.27158415582645057, 0.17159726202929743], [0.8204233222386305, 0.007421016245318117, 0.008263169007465465, 0.163892492508586], [0.9364765979064157, 0.0374623451256149, 0.0006122758768169517, 0.025448781091152756], [0.13048987761394773, 0.6243974059722495, 0.016974565906770874, 0.22813815050703184], [0.6784998835382955, 0.068135383500068, 3.8800885169939836e-05, 0.25332593207646664], [0.2472907872960601, 0.23627282144503187, 0.4448790939566303, 0.0715572973022778], [0.028375113078502386, 0.10318095266469172, 0.06275485926820168, 0.8056890749886043], [0.4549600394251943, 0.017113601514923395, 0.003372928794626272, 0.5245534302652559], [0.5686256997417921, 0.34805883224264106, 0.00011883749375083384, 0.083196630521816], [0.7564292710046441, 0.009868702192517984, 0.010085696928805168, 0.22361632987403268], [0.13977781533071948, 0.044846700030273, 0.047782850349498286, 0.7675926342895093], [0.04876690307336575, 0.9435969822837267, 0.000832506913731649, 0.00680360772917594], [0.49290763870059184, 0.469628555731678, 0.008281817400146232, 0.029181988167583876], [0.028524525733319064, 0.6116164376158073, 0.3192642596677743, 0.0405947769830994], [0.018622682738070447, 0.0019344207531537183, 0.004776817250947901, 0.9746660792578278], [0.06380524352659277, 0.050440621154028344, 0.31461517023587166, 0.5711389650835073], [0.42064584805998756, 0.3811618403532042, 0.19573383071028785, 0.0024584808765204455]]}}