{"test": {"ids": ["98116940", "101109120", "99116500", "104119340", "109117080", "112117461", "112117571", "106116820", "113117550", "105110091", "112116640", "107114280", "102113981", "108114270", "105113190", "107114621", "103120531", "106118301", "110116170", "99107500", "108119510", "102113210", "110121170", "109116441", "106116850", "98116500", "110115120", "105116650", "105119950", "111114321", "107118490", "110113591", "112120990", "97106600", "111116170", "100111080", "112117431", "112116401", "111121410", "113118511", "110114610", "100107920", "107121540", "100109801", "97108520", "113118810", "109121351", "104111620", "107120880", "111120540", "107115140", "110116501", "99108460", "108120280", "110120540", "106114280", "99107640", "111115770", "111120260", "110119891", "103111110", "98108970", "113121680", "100108490", "100120780", "110118161", "101111620", "98120530", "110118111", "111115620", "112118880", "99108080", "110116290", "97106820", "104113550", "113118231", "105112240", "112116290", "107114490", "112120700", "109115380", "111117200", "110115140", "108115250", "102117351", "107119130", "109116170", "100108260", "99109910", "110120560", "111119430", "98108370", "113122160", "100117420", "98107410", "99111620", "110118930", "97107821", "111119300", "106114880", "111117480", "103110100", "104111830", "99107300", "98109311", "98113881", "102112170", "104112470", "111116040", "98111620", "107118120", "99114890", "104109311", "105121190", "110118740", "112118471", "113119950", "98120010", "100116500", "108121351", "108115070", "104111880", "106121220", "102108621", "100109890", "108115970", "109119340", "99111440", "108114180", "105115380", "112118820", "107119390", "102112030", "109117271", "110116300", "99117630", "98112170", "98111670", "101112201", "107114140", "108113760", "100111620"], "labels": [2, 1, 2, 1, 1, 0, 3, 1, 3, 0, 0, 3, 1, 3, 3, 0, 3, 1, 0, 0, 1, 3, 2, 3, 3, 2, 0, 1, 3, 1, 2, 0, 2, 3, 0, 0, 0, 0, 0, 1, 1, 0, 2, 0, 2, 3, 0, 0, 1, 1, 0, 3, 0, 3, 1, 3, 1, 3, 3, 3, 3, 3, 1, 2, 1, 0, 3, 1, 1, 1, 1, 3, 2, 1, 1, 3, 1, 0, 3, 2, 3, 0, 0, 1, 1, 1, 0, 3, 2, 0, 3, 1, 3, 2, 3, 3, 1, 2, 1, 0, 1, 1, 3, 3, 1, 3, 3, 1, 0, 3, 3, 2, 3, 2, 3, 1, 0, 2, 2, 3, 1, 3, 1, 3, 3, 2, 3, 3, 1, 1, 0, 2, 2, 0, 3, 3, 3, 1, 0, 2, 1, 3], "predicted_labels": [1, 3, 2, 1, 1, 0, 1, 1, 3, 0, 1, 1, 1, 1, 1, 0, 3, 0, 3, 1, 1, 3, 1, 0, 1, 0, 3, 1, 3, 0, 1, 3, 1, 0, 1, 3, 1, 0, 3, 1, 1, 0, 1, 3, 1, 0, 3, 0, 1, 1, 0, 1, 0, 3, 1, 3, 0, 0, 3, 1, 3, 1, 3, 1, 0, 0, 1, 1, 0, 1, 1, 0, 3, 1, 0, 1, 1, 1, 1, 1, 1, 0, 1, 1, 0, 1, 1, 3, 1, 3, 1, 1, 3, 3, 0, 1, 1, 0, 1, 1, 1, 1, 1, 0, 1, 1, 3, 1, 3, 1, 1, 1, 0, 3, 3, 1, 3, 2, 3, 1, 1, 1, 3, 0, 0, 1, 3, 1, 1, 3, 1, 1, 1, 3, 1, 1, 0, 0, 0, 1, 1, 0], "confidence_scores": [[0.22575139582639592, 0.3710778998778998, 0.18828364968364975, 0.2148870546120547], [0.2534774253524255, 0.23794930510665804, 0.23094651590239834, 0.2776267536385185], [0.2070770962697433, 0.2570274725274727, 0.27445666441401734, 0.2614387667887668], [0.21179721112221128, 0.3206370296370295, 0.22200702908202904, 0.24555873015873028], [0.2181718892218892, 0.3351878751966987, 0.16074124290741942, 0.28589899267399277], [0.28663751885369537, 0.2817260897599133, 0.15731676656676669, 0.2743196248196249], [0.24051981906981906, 0.36658236371471664, 0.13528813963813974, 0.2576096775773247], [0.23838932178932176, 0.2773616605616605, 0.21497858077594934, 0.2692704368730685], [0.24683606752724424, 0.2645639194139195, 0.20503891027273397, 0.28356110278610264], [0.3238446830946832, 0.30021534576534575, 0.12585764790764806, 0.2500823232323232], [0.20732971750471757, 0.3149750000000001, 0.19437125652125672, 0.28332402597402606], [0.2185566489066491, 0.3596445498945497, 0.18523949938949943, 0.23655930180930185], [0.26863635808635805, 0.3064134337884337, 0.16242860472860474, 0.26252160339660346], [0.2404802205963973, 0.3405578366078366, 0.18310760628260642, 0.23585433651316], [0.2603190836940837, 0.28331397491397514, 0.18386998556998568, 0.272496955821956], [0.36564476634476645, 0.23949023476523482, 0.1282137973137974, 0.26665120157620176], [0.27127987012987037, 0.27735810300810304, 0.17118966588966586, 0.2801723609723609], [0.3240399655899657, 0.26843960483960483, 0.14901343656343663, 0.2585069930069931], [0.22826291845409505, 0.29734366466866463, 0.1626741869241869, 0.31171922995305357], [0.2781126262626262, 0.3297271561771561, 0.19113109945609957, 0.20102911810411825], [0.2213012099012101, 0.30719443334443347, 0.1851609307359307, 0.28634342601842605], [0.21036459651459663, 0.2598477328227328, 0.23506442723942736, 0.2947232434232433], [0.22599211066711072, 0.3067467282717282, 0.16868503996004, 0.2985761211011213], [0.3060910533910534, 0.28920674325674334, 0.1270001831501832, 0.2777020202020203], [0.2484609057609059, 0.27547443112443143, 0.21734112554112556, 0.25872353757353767], [0.3264338447500211, 0.22061322288822313, 0.20659580892963253, 0.2463571234321236], [0.22364109779109786, 0.2942661782661784, 0.18630828060828064, 0.2957844433344433], [0.21444006826506837, 0.3314152394990629, 0.2327929070929071, 0.22135178514296172], [0.2561655871905872, 0.2564655372405374, 0.2060051920301922, 0.28136368353868363], [0.2873428321678323, 0.27889087856587874, 0.18414643689643698, 0.2496198523698525], [0.2236800005550007, 0.2908438016661701, 0.20247831788094953, 0.2829978798978799], [0.28317872127872135, 0.22963296703296723, 0.16981722546459393, 0.3173710862237177], [0.24946476464711753, 0.3077116755793225, 0.22044273226773245, 0.22238082750582766], [0.2837637933961463, 0.2741621434121435, 0.16342306974071688, 0.2786509934509935], [0.23921983849483855, 0.2979902874902876, 0.19516968586968592, 0.267620188145188], [0.22709336496836516, 0.24795187590187606, 0.23752500832500847, 0.2874297508047508], [0.27497464757464785, 0.3137555278055278, 0.14503185148185152, 0.2662379731379732], [0.3141970924070771, 0.22448208364562877, 0.1520511991276697, 0.30926962481962483], [0.23264820457320465, 0.2681672521922523, 0.2192438450438452, 0.27994069819069833], [0.23516428571428571, 0.33433595848595843, 0.180902997002997, 0.24959675879675897], [0.20842425874778825, 0.2965705023734437, 0.22438944356297316, 0.27061579531579527], [0.3379612998112998, 0.25863178145384036, 0.15859547739841873, 0.24481144133644148], [0.24378492895992904, 0.3013161421911425, 0.22123580863580877, 0.2336631202131203], [0.26443700743700754, 0.27147870462870466, 0.1798960372960374, 0.28418825063825076], [0.23210290265290268, 0.30732919025419014, 0.1957906621156622, 0.26477724497724503], [0.2934194619106382, 0.2906255300255301, 0.17044905649905662, 0.2455059515647752], [0.2855239829228221, 0.2542382559820642, 0.17363302253302257, 0.2866047385620915], [0.3946747520281573, 0.26190547928164026, 0.1276531187766483, 0.21576664991355402], [0.20498870182105483, 0.31188333251715616, 0.19237503803386163, 0.29075292762792776], [0.25373553668553667, 0.2720909812409814, 0.2139190337440337, 0.2602544483294485], [0.27171705160164933, 0.2635860815139452, 0.2269604356427888, 0.23773643124161709], [0.2900817813765183, 0.29364121989122005, 0.14578294205794198, 0.2704940566743199], [0.3035900710400711, 0.2551744533244534, 0.17240740925740933, 0.2688280663780664], [0.23191818736818745, 0.23842067377067397, 0.19460556388056396, 0.3350555749805749], [0.2164237123987126, 0.30075208125208136, 0.2368298812298814, 0.24599432511932529], [0.2725810344883875, 0.21514584973849685, 0.20350124875124875, 0.30877186702186704], [0.2777207748134219, 0.26805614858997234, 0.20960592822210478, 0.24461714837450138], [0.3007501221001221, 0.24912492507492512, 0.17696436341436347, 0.2731605894105893], [0.2207090631590632, 0.2575285880785881, 0.2272128926628927, 0.2945494560994561], [0.22458939557174867, 0.3118592113768584, 0.17085940170940173, 0.2926919913419912], [0.22665495892995896, 0.2658149655899657, 0.21213863913863923, 0.29539143634143633], [0.2425930189693348, 0.29666001790607044, 0.23672458725485046, 0.22402237586974433], [0.2188581823405354, 0.27493881869764225, 0.2244064843653079, 0.28179651459651467], [0.21711550394050405, 0.26643948273948287, 0.2576764596514597, 0.2587685536685537], [0.282383916083916, 0.2643593278066963, 0.20260897611160775, 0.25064777999778015], [0.2938475857475857, 0.27853618603618613, 0.13977541347541353, 0.2878408147408148], [0.2574313674887205, 0.28342334446599166, 0.20577972582972587, 0.25336556221556245], [0.2412189643689645, 0.2713858169608171, 0.2313954684204686, 0.2559997502497503], [0.287999992491169, 0.2755490812421153, 0.18198786076324786, 0.2544630655034681], [0.2636239593739594, 0.2676665964754201, 0.202839436380613, 0.265870007770008], [0.2468962703962705, 0.28941406861112773, 0.19437829458123576, 0.26931136641136644], [0.25896304283951344, 0.2548807886557887, 0.23147614852467802, 0.25468001998001993], [0.24803304473304488, 0.2262770729270729, 0.20210016813252096, 0.32358971420736155], [0.26718862836509916, 0.296639183039183, 0.16507182784535737, 0.27110036075036087], [0.3253590714840714, 0.24811119991119995, 0.1518114635364636, 0.27471826506826524], [0.237127022977023, 0.30512589077589103, 0.18193381063381073, 0.27581327561327573], [0.20444642269495233, 0.32209888004152704, 0.18533934872317231, 0.28811534854034865], [0.26695631023946825, 0.32713346024460577, 0.17288011359641395, 0.23303011591951228], [0.21070612063375233, 0.28666997928971605, 0.23833561818298665, 0.2642882818935449], [0.2404606338106338, 0.3036875624375625, 0.17591659451659453, 0.27993520923520915], [0.21530066600066614, 0.33675699855699864, 0.20559007104007115, 0.2423522644022646], [0.3187788370126608, 0.2420321040071042, 0.16669277193394857, 0.27249628704628703], [0.25812168387168405, 0.27466846486846497, 0.20053982406482412, 0.26667002719502725], [0.2554961822491236, 0.2804777084027085, 0.20590898154133458, 0.25811712780683377], [0.31114691974691977, 0.2928106837606838, 0.16311671106671125, 0.23292568542568562], [0.20762067654567676, 0.3212763597513598, 0.20275114607614614, 0.2683518176268177], [0.2481551559551561, 0.288331018981019, 0.18583648018648025, 0.27767734487734486], [0.251178418803419, 0.24217589077589102, 0.24709772172272185, 0.2595479686979687], [0.2388320344687991, 0.28293555545761423, 0.25754470007117064, 0.22068771000241597], [0.24447946220446223, 0.2403614052614055, 0.23103920801420813, 0.2841199245199245], [0.25451186591186603, 0.28069809634809645, 0.18477866577866578, 0.28001137196137205], [0.273743554484731, 0.2769393514981751, 0.22911772394272403, 0.22019937007437024], [0.20291745770569328, 0.2898688256188258, 0.21613677368383255, 0.291076942991649], [0.23479856254856254, 0.2723850094350095, 0.21310748140748154, 0.2797089466089467], [0.3103488114740439, 0.2556651156377164, 0.18878589614719646, 0.24520017674104383], [0.23993798423798435, 0.3051866466866467, 0.21690302752802762, 0.23797234154734173], [0.18891624209124216, 0.3153063297813297, 0.22577782772782787, 0.2699996003996004], [0.30643866411366405, 0.24883392718392736, 0.19931606171606187, 0.24541134698634706], [0.24181932348697063, 0.32534537859801027, 0.2071256260079789, 0.22570967190704036], [0.23627784519402178, 0.2681742229992231, 0.23065912616794976, 0.2648888056388056], [0.2534163697413698, 0.29989449161949167, 0.17415978188478193, 0.27252935675435674], [0.20492755577755606, 0.2886991286491288, 0.27687266067266064, 0.22950065490065497], [0.1973795010545012, 0.3170197738535973, 0.20009913974913976, 0.2855015853427619], [0.29225982350982377, 0.24427584637584654, 0.21659987789987803, 0.2468644522144524], [0.2469606393606394, 0.2948852009102007, 0.17159306249306258, 0.28656109723609724], [0.2313927136588902, 0.3321995512657276, 0.18467770595417668, 0.2517300291212056], [0.2531093767343769, 0.2496903318903318, 0.20945548895548904, 0.2877448024198025], [0.2353904983904985, 0.29634181847564206, 0.19741812876665818, 0.27084955436720154], [0.25586825396825413, 0.23992669552669563, 0.176312432012432, 0.32789261849261847], [0.21536641691641709, 0.30021398601398597, 0.25742654567654566, 0.22699305139305154], [0.2457904484404486, 0.2840123959373961, 0.20830219780219789, 0.2618949578199579], [0.1869979797979799, 0.3183790043290042, 0.2097006854256855, 0.2849223304473305], [0.2890985628406682, 0.24741438561438572, 0.17668537544327026, 0.2868016761016761], [0.219093822843823, 0.2733698634698637, 0.22385055500055515, 0.28368575868575857], [0.27023783438783444, 0.2520500879839115, 0.18244660976278632, 0.2952654678654681], [0.28304638139638116, 0.2833463536463537, 0.17553811743811754, 0.2580691475191476], [0.27502830502830516, 0.2596060447722213, 0.15533526114408472, 0.31003038905538904], [0.2469985514485516, 0.22798287268287282, 0.26855847649082937, 0.2564600993777465], [0.25169370074370084, 0.26426774891774896, 0.21306812631812644, 0.2709704240204239], [0.25914621489621514, 0.31793412420912404, 0.17480740370740375, 0.2481122571872573], [0.2256903377668084, 0.3500581085581086, 0.19461557853910808, 0.22963597513597536], [0.20011713841713852, 0.3524523448773449, 0.22540271395271394, 0.22202780275280282], [0.20067330447330453, 0.28950607725607747, 0.20503630258630262, 0.30478431568431585], [0.33439315602697955, 0.23248850871350887, 0.17134528249528244, 0.2617730527642293], [0.2848146520146521, 0.28457806082806086, 0.18447329892329897, 0.24613398823398827], [0.24241071151071153, 0.3074044566544568, 0.22694789654789665, 0.22323693528693545], [0.25274228712464014, 0.28414851096615806, 0.15590321345321353, 0.3072059884559887], [0.2362042124542126, 0.29785666000666017, 0.20001677211677227, 0.2659223554223554], [0.2200372247034014, 0.3040892551892551, 0.18907171047906357, 0.28680180962828006], [0.2182666333666335, 0.2721658635482167, 0.23119908816673546, 0.27836841491841496], [0.23355609945609965, 0.30106457431457445, 0.18457762237762246, 0.28080170385170367], [0.21101300366300374, 0.2805123987123988, 0.2315340881340882, 0.2769405094905095], [0.22884048174048188, 0.2879814407814408, 0.24288559218559216, 0.24029248529248526], [0.26513868076368086, 0.28273565682683344, 0.13816839190221544, 0.3139572705072705], [0.2057799755799758, 0.30236237096237095, 0.21892008897535237, 0.27293756448230144], [0.2645137307137309, 0.2896842157842159, 0.19792966477966506, 0.24787238872238862], [0.3007388999889, 0.19765061050061064, 0.2133456238206239, 0.28826486568986587], [0.2927916278166279, 0.2733550077373607, 0.19173544641632873, 0.24211791802968277], [0.334180125722231, 0.2715356920856921, 0.1497484457063405, 0.24453573648573643], [0.20017318123053426, 0.2913748596175067, 0.22146315351315357, 0.28698880563880563], [0.21939136500754158, 0.3036248228895287, 0.22427875800669925, 0.2527050540962306], [0.2588365523365524, 0.2518545252133488, 0.2552595551507317, 0.2340493672993674]]}, "rewritten": {"ids": ["97106600", "97106820", "97107821", "97108520", "98107410", "98108370", "98108970", "98109311", "98111620", "98111670", "98112170", "98113881", "98116500", "98116940", "98120010", "98120530", "99107300", "99107500", "99107640", "99108080", "99108460", "99109910", "99111440", "99111620", "99114890", "99116500", "99117630", "100107920", "100108260", "100108490", "100109801", "100109890", "100111080", "100111620", "100116500", "100117420", "100120780", "101109120", "101111620", "101112201", "102108621", "102112030", "102112170", "102113210", "102113981", "102117351", "103110100", "103111110", "103120531", "104109311", "104111620", "104111830", "104111880", "104112470", "104113550", "104119340", "105110091", "105112240", "105113190", "105115380", "105116650", "105119950", "105121190", "106114280", "106114880", "106116820", "106116850", "106118301", "106121220", "107114140", "107114280", "107114490", "107114621", "107115140", "107118120", "107118490", "107119130", "107119390", "107120880", "107121540", "108113760", "108114180", "108114270", "108115070", "108115250", "108115970", "108119510", "108120280", "108121351", "109115380", "109116170", "109116441", "109117080", "109117271", "109119340", "109121351", "110113591", "110114610", "110115120", "110115140", "110116170", "110116290", "110116300", "110116501", "110118111", "110118161", "110118740", "110118930", "110119891", "110120540", "110120560", "110121170", "111114321", "111115620", "111115770", "111116040", "111116170", "111117200", "111117480", "111119300", "111119430", "111120260", "111120540", "111121410", "112116290", "112116401", "112116640", "112117431", "112117461", "112117571", "112118471", "112118820", "112118880", "112120700", "112120990", "113117550", "113118231", "113118511", "113118810", "113119950", "113121680", "113122160"], "labels": [3, 1, 2, 2, 3, 1, 3, 1, 3, 1, 3, 3, 2, 2, 2, 1, 3, 0, 1, 3, 0, 2, 3, 3, 2, 2, 3, 0, 3, 2, 0, 3, 0, 3, 2, 2, 1, 1, 3, 0, 3, 2, 3, 3, 1, 1, 1, 3, 3, 3, 0, 3, 3, 1, 1, 1, 0, 1, 3, 1, 1, 3, 2, 3, 0, 1, 3, 1, 1, 2, 3, 3, 0, 0, 3, 2, 1, 2, 1, 2, 1, 1, 3, 1, 1, 2, 1, 3, 3, 3, 0, 3, 1, 0, 3, 0, 0, 1, 0, 0, 0, 2, 3, 3, 1, 0, 3, 1, 3, 1, 0, 2, 1, 1, 3, 0, 0, 0, 1, 1, 3, 3, 1, 0, 0, 0, 0, 0, 0, 3, 1, 0, 1, 2, 2, 3, 3, 1, 3, 0, 1, 3], "predicted_labels": [1, 1, 0, 1, 0, 1, 1, 1, 1, 1, 0, 0, 3, 0, 0, 1, 3, 1, 3, 0, 1, 1, 0, 0, 1, 1, 3, 0, 1, 3, 1, 0, 1, 3, 3, 1, 1, 1, 3, 1, 0, 1, 3, 1, 0, 0, 1, 0, 0, 0, 3, 1, 1, 3, 0, 3, 0, 1, 1, 3, 1, 0, 1, 3, 1, 3, 3, 0, 3, 2, 1, 1, 0, 0, 1, 3, 3, 1, 1, 3, 3, 1, 1, 1, 1, 1, 0, 3, 1, 1, 1, 0, 3, 3, 3, 0, 1, 3, 3, 0, 3, 1, 3, 0, 0, 3, 3, 3, 1, 1, 1, 3, 1, 3, 0, 3, 0, 1, 1, 1, 1, 1, 3, 0, 0, 0, 1, 0, 0, 1, 1, 1, 1, 3, 1, 1, 1, 1, 1, 3, 1, 1], "confidence_scores": [[0.24852728268463564, 0.2831035302932362, 0.2137880136203667, 0.2545811734017618], [0.2750536241536242, 0.30884564602064585, 0.2028674020424022, 0.21323332778332788], [0.3024810759501935, 0.24441285243823946, 0.18077290708947072, 0.27233316452209655], [0.25100325230325227, 0.29732655122655116, 0.20100278055278056, 0.25066741591741604], [0.31477342248394885, 0.2866869405448353, 0.16898999596894348, 0.22954964100227282], [0.25663479657597327, 0.29904653679653675, 0.2018113980790452, 0.24250726854844507], [0.2296947286631497, 0.31252913869755966, 0.20682908173697664, 0.25094705090231423], [0.26521040071040086, 0.32401023756944836, 0.15712892998814051, 0.2536504317320108], [0.1881822014586721, 0.33829685592185577, 0.24208622455975404, 0.23143471805971816], [0.2262090770340771, 0.2962970418470419, 0.24715741676624042, 0.23033646435264082], [0.31612791133015594, 0.2261591652585462, 0.17436066874302175, 0.2833522546682763], [0.342218858472109, 0.24568221840938573, 0.11745069485897662, 0.29464822825952847], [0.2450478382728384, 0.2433958985458988, 0.1991404567654568, 0.31241580641580646], [0.29584887956900335, 0.2851251730124021, 0.1614450081136614, 0.25758093930493314], [0.3328662119957786, 0.2088767938288063, 0.16475931813284772, 0.2934976760425677], [0.24721064645708615, 0.27477880628143786, 0.22636549953314672, 0.2516450477283294], [0.2872125180375181, 0.23435302116184498, 0.15565071121688778, 0.32278374958374945], [0.25228085779373727, 0.34528795586938016, 0.1695192225266993, 0.23291196381018356], [0.2211837412587414, 0.2821840682193624, 0.20609907641378242, 0.2905331141081141], [0.29588375463545746, 0.24930861609151084, 0.20579553405830514, 0.24901209521472686], [0.2528667290226114, 0.31443491688050523, 0.16377082933406467, 0.2689275247628189], [0.21345268959111063, 0.2979830503603724, 0.22875523486317606, 0.25980902518534105], [0.2853678052339818, 0.25666600980718624, 0.19833622407004767, 0.2596299608887846], [0.26665706590794824, 0.25367636628077805, 0.22407274300862562, 0.25559382480264864], [0.21595589165736237, 0.2965412726162725, 0.21834045921398879, 0.26916237651237657], [0.2321248366013073, 0.28255163366045727, 0.23632314515549824, 0.24900038458273757], [0.23770907425907434, 0.2567517538017539, 0.23937184482184495, 0.266167327117327], [0.3436966691804925, 0.2731892192001325, 0.14965645465645486, 0.2334576569629202], [0.26042789076248846, 0.30390081481985487, 0.17593931917755448, 0.2597319752401023], [0.2631039427239428, 0.26362626817626816, 0.1949091053391055, 0.2783606837606837], [0.258228040848041, 0.28828571983572, 0.19413323121323134, 0.25935300810300826], [0.320865573968515, 0.23551682729035678, 0.15570209667353643, 0.28791550206759203], [0.26379723624328916, 0.29405896676422993, 0.1759302954355586, 0.26621350155692264], [0.26438388712594585, 0.25552644038967576, 0.21267829007593733, 0.2674113824084416], [0.2492489367701443, 0.24845034781180295, 0.20730365365628534, 0.29499706176176754], [0.24482979912244618, 0.2915683346065699, 0.17866819536672482, 0.28493367090425925], [0.2449602045013811, 0.3267743015154777, 0.19276824123588845, 0.2354972527472528], [0.25554056254203317, 0.2769860750360752, 0.20821418271271216, 0.2592591797091798], [0.26433084856320166, 0.2309867090425914, 0.22930443494414102, 0.27537800745006635], [0.28101820679320677, 0.3097014763014766, 0.16224402541902552, 0.2470362914862915], [0.31220827228327225, 0.25900718546159723, 0.1558647372235608, 0.2729198050315698], [0.20777225911343564, 0.29819308469308464, 0.23887422773305134, 0.2551604284604284], [0.26373816496540964, 0.22455196820723153, 0.22046993921111582, 0.29123992761624345], [0.21168499833499846, 0.29826759074259074, 0.23544827672327684, 0.25459913419913427], [0.36156238652472383, 0.26378215759129076, 0.1335363899825665, 0.24111906590141896], [0.3602755009610275, 0.2603037859543279, 0.1348332860122334, 0.24458742707241174], [0.2233884393384395, 0.28627187257187275, 0.2182296536796537, 0.2721100344100346], [0.29790612443112446, 0.26569973914973927, 0.20790438727938731, 0.22848974913974934], [0.3397181707181708, 0.21336006764133714, 0.1668511445382963, 0.28007061710219616], [0.3113726887147941, 0.2648342352092354, 0.1713793897622845, 0.2524136863136863], [0.25577723387723406, 0.2283729881229883, 0.18050620490620506, 0.3353435730935728], [0.22200846273609434, 0.3229720606620762, 0.1848927219838985, 0.2701267546179312], [0.23941863773481442, 0.3220938205585263, 0.18850090530384656, 0.24998663640281296], [0.261523050805404, 0.22952262541380192, 0.2098202744967451, 0.2991340492840492], [0.29262494476112116, 0.22499045170515775, 0.21216560880296179, 0.27021899473075955], [0.2583584304584306, 0.26780528866558295, 0.19207227543698144, 0.28176400543900565], [0.321100563978505, 0.2621347649082946, 0.14433667247784904, 0.2724279986353516], [0.2201590620164151, 0.3311549225284519, 0.19323706261059212, 0.2554489528445413], [0.27180057083439446, 0.2744391358641358, 0.1809407850319615, 0.2728195082695082], [0.23492189020130214, 0.2589490829432008, 0.23584550449550454, 0.270283522359993], [0.2392354684788896, 0.3381305719907885, 0.17102207302501432, 0.2516118865053075], [0.3104104145854144, 0.26625278887778886, 0.15985660728160733, 0.2634801892551893], [0.22837551141668805, 0.2932745734657498, 0.19728178259648854, 0.28106813252107377], [0.27065162892662886, 0.2556240176490178, 0.18016187423687435, 0.2935624791874794], [0.2143376456876458, 0.2724181207681209, 0.24891707459207468, 0.2643271589521591], [0.21675650306006353, 0.27256975655063886, 0.23068229238082186, 0.279991448008476], [0.2562546101559261, 0.24044659069001192, 0.2196179494482127, 0.28368084970584984], [0.3015035631035631, 0.245431451881452, 0.16460016445542774, 0.2884648205595577], [0.24692229453553, 0.281507631678607, 0.13098895852169842, 0.34058111526416474], [0.19165074720601047, 0.2689507121533437, 0.27769738039738023, 0.26170116024326573], [0.27850814916078065, 0.29726272277773835, 0.16731715114950407, 0.256911976911977], [0.20762241092241096, 0.28835398490398517, 0.24439269896769902, 0.2596309052059052], [0.38628132473821314, 0.1922779865988846, 0.13739426605386365, 0.28404642260903895], [0.3327155404536984, 0.22592603303129638, 0.1846933011433012, 0.25666512537170433], [0.23420798645798666, 0.3171144383394382, 0.19334326784326797, 0.2553343073593073], [0.21397081529581544, 0.27428696960933807, 0.23313849104112266, 0.2786037240537242], [0.2292074438633263, 0.27584051406110244, 0.21859648488766148, 0.27635555718791005], [0.2180835866747632, 0.31692508602508573, 0.2352285825285825, 0.22976274477156844], [0.25708273393273395, 0.2944824822236588, 0.19671360159448403, 0.25172118224912343], [0.2626544411728623, 0.2565412321596534, 0.17934964450753924, 0.3014546821599456], [0.2410055230716996, 0.2473364779011839, 0.2493226113755527, 0.2623353876515641], [0.23041686875216283, 0.33078955848073505, 0.21010484042101701, 0.2286887323460854], [0.24507512884776045, 0.3394056393383018, 0.16285931346431348, 0.2526599183496243], [0.21447673437673448, 0.3332607237533709, 0.20503612384347697, 0.24722641802641815], [0.2701160070321836, 0.2835705072705073, 0.20764341883606613, 0.23867006686124345], [0.25683471148734316, 0.28552733284087756, 0.19313634535399246, 0.2645016103177869], [0.3148473538449856, 0.30982333937991824, 0.1282958025600131, 0.24703350421508327], [0.2741945022555705, 0.221638157216021, 0.16353109243697495, 0.34063624809143384], [0.2968797866735947, 0.3154209045856105, 0.14601985029074815, 0.24167945845004682], [0.21487409224762166, 0.2999577260974321, 0.201164765789766, 0.2840034158651806], [0.2638136335886338, 0.27671121933621934, 0.19875601065601062, 0.26071913641913647], [0.34827885377436474, 0.21318363980360885, 0.14644601935731977, 0.29209148706470683], [0.2702817910675495, 0.26071986907141737, 0.17479381510302572, 0.2942045247580079], [0.31687219250477755, 0.24658117768024893, 0.11812491382886124, 0.31842171598611224], [0.25598817293817305, 0.267557390648567, 0.19408240093240092, 0.2823720354808592], [0.3003403027949004, 0.25538712074818887, 0.15901003548910675, 0.2852625409678042], [0.2553562076812078, 0.2873149762002703, 0.1860405764943691, 0.27128823962415316], [0.2515588137352845, 0.2687933724771961, 0.18232357413828024, 0.2973242396492397], [0.24016416536679702, 0.2675663281163281, 0.210428658476027, 0.281840848040848], [0.28313116605616606, 0.27524906204906224, 0.171517019822283, 0.2701027520724892], [0.2556202186702188, 0.2761856782106782, 0.18220785880785884, 0.2859862443112445], [0.24863892394155562, 0.2723236273959959, 0.22199063991563997, 0.2570468087468089], [0.23753663036310124, 0.26749479964479955, 0.21330328527681494, 0.2816652847152848], [0.308935987696514, 0.24652587040582405, 0.14038714391903262, 0.3041509979786296], [0.2868215351899563, 0.2519040017945591, 0.1907125874125875, 0.27056187560289746], [0.2781751564225247, 0.2900848391374707, 0.1385298340548341, 0.29321017038517033], [0.24773195138195148, 0.2757852480852482, 0.191614615939616, 0.28486818459318464], [0.23558374046833822, 0.2921880857962128, 0.1716526375928853, 0.3005755361425642], [0.24061412198912216, 0.31839365911865886, 0.1660371989121988, 0.27495501998002014], [0.2275055491550075, 0.27014948629801566, 0.2332852520372645, 0.26905971250971267], [0.21664259074259087, 0.2905344691256458, 0.21928626781715024, 0.2735366723146136], [0.2719981752165964, 0.22676989524922975, 0.16565916991505233, 0.3355727596191217], [0.26586395434630755, 0.3073372731843318, 0.15701607771313666, 0.2697826947562243], [0.21451749949397012, 0.2729783494283495, 0.23182540204893146, 0.2806787490287492], [0.31722722832722855, 0.2507424020424022, 0.16839221611721616, 0.2636381535131536], [0.25983740426240426, 0.2542191724941727, 0.18694321789321808, 0.2990002053502054], [0.30058133859604447, 0.2578547465606288, 0.18643626177743816, 0.2551276530658884], [0.23663206156588523, 0.2921458014208015, 0.19510535379653035, 0.27611678321678323], [0.29357547907888465, 0.3238868035129646, 0.15598613575966516, 0.22655158164848577], [0.22739920634920652, 0.32591956376956366, 0.1570076201576202, 0.2896736097236097], [0.26892763902763905, 0.30930076035076043, 0.16220790875790886, 0.259563691863692], [0.23216426351426356, 0.2686390581640581, 0.2457621739371739, 0.2534345043845044], [0.2412675442978076, 0.26724522933207157, 0.210668010352221, 0.28081921601790033], [0.3069331696081695, 0.279190343574554, 0.1333064247156354, 0.2805700621016411], [0.31985507628766147, 0.3013037127561123, 0.11746561031847409, 0.2613756006377523], [0.33690099827073494, 0.20659283751164575, 0.13616790721318586, 0.3203382570044336], [0.257472460480696, 0.2822616107748462, 0.19777092489210144, 0.26249500385235697], [0.33855579910285793, 0.27726379796673917, 0.1457788614979792, 0.23840154143242395], [0.341243738287856, 0.2692789246013705, 0.12230578964379284, 0.2671715474669811], [0.20253358051477252, 0.3307046090734172, 0.1701378565878567, 0.2966239538239537], [0.2656372072372073, 0.2989128926628927, 0.17736284271284275, 0.25808705738705745], [0.2384522663610899, 0.2872523551611788, 0.19666671547406853, 0.27762866300366323], [0.24958537135379238, 0.2938171784355996, 0.19421536212325696, 0.2623820880873512], [0.21345786435786437, 0.27183961871461887, 0.23501416638916656, 0.2796883505383505], [0.2828710268489681, 0.2840680233165529, 0.16579740063857717, 0.2672635491959024], [0.22738111888111892, 0.2928668331668332, 0.2059125763125765, 0.2738394716394716], [0.265146855921856, 0.2961749453161219, 0.18352862807127523, 0.2551495706907473], [0.2848579547903078, 0.3177804253881652, 0.14599099259873255, 0.2513706272227947], [0.23083525897906715, 0.3083373303596986, 0.18619097291597309, 0.2746364377452613], [0.30981416083916063, 0.21707096514596538, 0.16280386002886002, 0.3103110139860138], [0.23544157386301354, 0.2779526667347102, 0.23193358308358308, 0.25467217631869354], [0.2154575396825398, 0.30622199900202984, 0.2035701378686674, 0.2747503234467631]]}}