{"test": {"ids": ["108114180", "101110200", "108117360", "104111531", "110121170", "103118110", "109121351", "113120280", "104112201", "108121190", "105110251", "105119550", "97105960", "102116340", "105121190", "99109370", "112116810", "98120530", "106113360", "103109021", "98109311", "110115120", "101109370", "106117790", "110114651", "113117630", "112116800", "104118070", "109118820", "102112301", "113120751", "104113550", "108114360", "97116790", "99112531", "113119300", "101109120", "101108290", "103111540", "112116451", "108116070", "104116441", "110115980", "110113931", "113122320", "105117431", "101116130", "113117550", "111117571", "105113480", "106112770", "100113210", "109118701", "104111880", "102108621", "113118620", "98106111", "103111480", "110115580", "100120780", "101119030", "110118701", "101111990", "99107640", "107112840", "97112830", "103120780", "99107630", "100108260", "106116820", "111120540", "109119340", "112116850", "110113591", "108118301", "106117770", "113122510", "98106680", "98107210", "111115770", "112119120", "112116900", "106119260", "98116500", "101110150", "99117740", "106116441", "106121220", "99108580", "99107300", "110116300", "107120260", "110115140", "109116170", "99109780", "112118511", "103113170", "105115250", "113122180", "111119580", "106114880", "99108010", "111117200", "108116501", "112119950", "99108330", "106115240", "98108970", "98107410", "111116010", "107117010", "110119891", "106114280", "100111620", "106115250", "107121700", "112118860", "105113440", "110114720", "111116750", "105121370", "104111780", "109114270", "105113260", "105120280", "103113270", "102110050", "102118380", "107113840", "113122430", "102110750", "109117431", "101108621", "112117660", "113121680", "105115720", "108121410", "111119250", "105111990", "108115970", "106116120", "99108520"], "labels": [1, 2, 1, 0, 2, 2, 0, 0, 0, 1, 0, 1, 2, 3, 2, 1, 3, 1, 0, 0, 1, 0, 1, 1, 3, 0, 0, 2, 3, 1, 1, 1, 1, 2, 3, 1, 1, 0, 1, 0, 1, 1, 1, 1, 1, 1, 2, 3, 3, 0, 1, 0, 3, 3, 3, 3, 0, 0, 1, 1, 3, 3, 2, 1, 1, 2, 1, 2, 3, 1, 1, 3, 0, 0, 1, 0, 2, 1, 1, 3, 1, 3, 1, 2, 1, 2, 0, 1, 0, 3, 3, 1, 0, 0, 2, 1, 3, 2, 2, 3, 0, 2, 0, 0, 0, 1, 1, 3, 3, 1, 1, 3, 3, 3, 2, 3, 3, 0, 3, 3, 2, 3, 3, 3, 3, 2, 3, 1, 3, 2, 1, 1, 0, 0, 1, 1, 0, 1, 2, 2, 1, 2], "predicted_labels": [1, 1, 1, 1, 3, 2, 3, 0, 0, 1, 3, 1, 0, 3, 3, 2, 1, 1, 3, 1, 1, 3, 0, 3, 3, 1, 3, 3, 0, 3, 1, 1, 3, 2, 1, 3, 3, 0, 0, 0, 0, 1, 0, 3, 1, 2, 2, 1, 1, 0, 3, 3, 0, 3, 3, 1, 2, 0, 1, 3, 3, 3, 2, 0, 3, 3, 1, 3, 2, 2, 3, 3, 1, 3, 3, 2, 1, 0, 3, 0, 3, 3, 3, 3, 3, 0, 1, 3, 1, 2, 1, 3, 3, 0, 2, 3, 0, 3, 3, 0, 1, 1, 0, 1, 3, 3, 3, 2, 0, 1, 1, 1, 3, 0, 3, 1, 3, 1, 2, 0, 3, 0, 1, 1, 1, 3, 3, 1, 0, 1, 2, 1, 3, 1, 1, 3, 3, 0, 3, 2, 2, 2], "confidence_scores": [[0.239990891877342, 0.3370632131043336, 0.16808657185473708, 0.2548593231635873], [0.23799065039836725, 0.2775550095174982, 0.21360686291295775, 0.27084747717117696], [0.1958599505603936, 0.4163782343775392, 0.11233958325132702, 0.27542223181074005], [0.23539652054494678, 0.35095759017630734, 0.13254806159701063, 0.2810978276817352], [0.2733161404802123, 0.27956644344451337, 0.12178013633761951, 0.32533727973765497], [0.16107967528836362, 0.16246449359915716, 0.417006711726777, 0.25944911938570236], [0.27734947147845995, 0.1541652578148049, 0.11596016718928644, 0.4525251035174487], [0.539422482806838, 0.106358416253298, 0.096154105262022, 0.258064995677842], [0.3792901156205559, 0.19746369194898952, 0.09221863208937293, 0.33102756034108166], [0.27694231587212187, 0.4417218276788379, 0.09633768100438733, 0.18499817544465297], [0.24919199609651155, 0.23368425906675871, 0.12782023841973206, 0.3893035064169977], [0.23558651162594366, 0.2963183425270755, 0.21943449830225317, 0.2486606475447278], [0.32022933432429107, 0.22621509940078643, 0.3055443711413741, 0.14801119513354855], [0.18298162471030371, 0.23923742830631842, 0.21895288316145728, 0.35882806382192056], [0.2701998172174995, 0.19808668591119585, 0.1532630278349309, 0.3784504690363738], [0.2410363766168875, 0.25200078880082866, 0.33427919138095424, 0.17268364320132967], [0.26978175688216993, 0.39992815340037896, 0.17964785379309212, 0.15064223592435896], [0.17269769163271867, 0.31731391271212883, 0.20586556279083182, 0.30412283286432085], [0.2718390049285224, 0.14420287929550085, 0.10030138137630863, 0.4836567343996681], [0.24962402143682316, 0.3126877578020621, 0.24073680313380438, 0.19695141762731042], [0.192573286634038, 0.5897659749915384, 0.07487551425879968, 0.14278522411562403], [0.24121382789543372, 0.2650730038046979, 0.1730198972753288, 0.3206932710245397], [0.3260459473473901, 0.20443299594089526, 0.20783406248783262, 0.2616869942238821], [0.2024243573168807, 0.17770391794988297, 0.11987268420430776, 0.4999990405289287], [0.15505159651080458, 0.19056403701525856, 0.08171374354499517, 0.5726706229289417], [0.20516472575528563, 0.43659511503755255, 0.19033549530088983, 0.16790466390627198], [0.17806431396677655, 0.298010398689219, 0.15349707063661316, 0.3704282167073913], [0.1966155765936687, 0.28923482516785554, 0.15860263438167535, 0.35554696385680057], [0.39163269805403017, 0.3043581642009799, 0.08041688994023512, 0.2235922478047548], [0.11931994744170454, 0.14525678696361713, 0.06513286757296363, 0.6702903980217148], [0.2751527231141318, 0.3007363201073376, 0.17082436945296692, 0.2532865873255637], [0.3028854265373887, 0.30824041493104815, 0.1385679994370818, 0.25030615909448145], [0.28563981813641404, 0.20502083417102815, 0.21246168342319832, 0.2968776642693594], [0.1560956166658794, 0.15421542760818918, 0.4962991660461357, 0.19338978967979567], [0.2382719772268028, 0.2799179670914486, 0.25238908880860267, 0.22942096687314623], [0.1646377894605564, 0.29853939721590944, 0.21008450438110532, 0.32673830894242895], [0.3193950041279669, 0.18791274850869255, 0.17133606108598626, 0.3213561862773544], [0.36849190241925206, 0.2212787265794853, 0.1779029429210586, 0.23232642808020415], [0.4591028324121341, 0.13635984765394893, 0.25110957440871706, 0.15342774552519978], [0.4698677450334825, 0.3432874488401923, 0.07448156859687406, 0.11236323752945117], [0.32733785362468515, 0.21472154213940256, 0.15905404352396943, 0.2988865607119429], [0.15515055901179592, 0.4947680896313665, 0.125144835131402, 0.22493651622543576], [0.438246452496877, 0.1897725418158342, 0.16846417611548445, 0.20351682957180436], [0.24242102571562016, 0.15654772983994242, 0.11165039186950945, 0.489380852574928], [0.20301380299568564, 0.336291917933099, 0.21315851192187543, 0.24753576714933997], [0.17783951881788346, 0.14170274315511056, 0.4962720849984051, 0.1841856530286009], [0.13941052681319685, 0.27203468258744806, 0.3184115652866818, 0.2701432253126733], [0.20534695290497212, 0.5560713785623236, 0.10857363732256414, 0.13000803121014032], [0.26587461284855063, 0.30898566748429745, 0.13946666370215555, 0.2856730559649965], [0.5538713493299412, 0.24763079098670515, 0.0775160825485984, 0.12098177713475522], [0.11071618090363887, 0.1128816165783417, 0.19072325047404368, 0.5856789520439757], [0.27233794322550947, 0.14336061214277196, 0.1889268094158666, 0.395374635215852], [0.31845056745068867, 0.263041242104905, 0.11839158502082184, 0.3001166054235844], [0.1466450393426964, 0.3176570822546102, 0.15164029097179382, 0.3840575874308996], [0.25939453378965716, 0.23118073350280946, 0.10106911632353688, 0.40835561638399653], [0.10259395354004255, 0.5592019199264139, 0.09565611934393832, 0.24254800718960537], [0.24732500844639752, 0.24807272364709884, 0.27133342243101355, 0.23326884547549007], [0.4126346073556971, 0.28052872166508325, 0.09581719798715169, 0.211019472992068], [0.18237620959603768, 0.30294957461069627, 0.2422226250452896, 0.2724515907479766], [0.18086439969270446, 0.28624940827098727, 0.24411754759619045, 0.2887686444401179], [0.13383256987275585, 0.1571609454718343, 0.20572686781443142, 0.5032796168409785], [0.26148989478365997, 0.15802667898627376, 0.11912099526566026, 0.4613624309644059], [0.2731371196649118, 0.1600859678090216, 0.34376974619554906, 0.22300716633051765], [0.30301072641005417, 0.2386190801490527, 0.2989518055848017, 0.15941838785609125], [0.19386221368509715, 0.2841350942542007, 0.14886768363234515, 0.3731350084283572], [0.1869421819970864, 0.1932850141482094, 0.20521540609868807, 0.4145573977560162], [0.26285756314952397, 0.38906635373804527, 0.06555936112461151, 0.28251672198781913], [0.08901449692848493, 0.22389314681581965, 0.08977270595217327, 0.5973196503035222], [0.2699093789698308, 0.22942535911154185, 0.2781089736736962, 0.22255628824493115], [0.12476464090730777, 0.1634825823781019, 0.400099157614395, 0.3116536191001954], [0.2746756664836538, 0.24790215120162282, 0.19866881273815823, 0.27875336957656527], [0.21037151570844626, 0.278626711690327, 0.12748643187416825, 0.3835153407270585], [0.1400766131457566, 0.5556938176026893, 0.1063479449190288, 0.1978816243325252], [0.322182196156948, 0.19566429850155176, 0.11755540025647276, 0.3645981050850277], [0.28492733007978077, 0.29618746868419044, 0.0870705907558747, 0.33181461048015415], [0.19435736506670417, 0.20706326137225153, 0.34575247424230493, 0.2528268993187394], [0.13865660660487114, 0.40058743902884814, 0.1080169951126177, 0.352738959253663], [0.4678521308558377, 0.17358549779837232, 0.1425394875250243, 0.2160228838207656], [0.14723154580844192, 0.15010471344000426, 0.23883085630841067, 0.4638328844431431], [0.28029798066817185, 0.22187925313994245, 0.27842680892599586, 0.21939595726588984], [0.15593019141629666, 0.1740146915365206, 0.11558304851460985, 0.5544720685325729], [0.2745601282440406, 0.24736432273061948, 0.13968292684501968, 0.33839262218032023], [0.15361551999623776, 0.1372470600623273, 0.12185526564784492, 0.58728215429359], [0.29054758667251396, 0.15789509451102865, 0.1565712792588948, 0.3949860395575625], [0.2844583646766852, 0.26808417451876093, 0.14766996625938808, 0.29978749454516584], [0.5762519814259004, 0.19671372414086216, 0.08635316092309374, 0.1406811335101438], [0.16689538656692315, 0.38609925700785513, 0.19623360956410327, 0.2507717468611185], [0.09770616830110623, 0.33439384093501645, 0.1526333154860954, 0.4152666752777818], [0.2845349822172171, 0.3899925787049328, 0.1873410701452078, 0.1381313689326423], [0.179237833239599, 0.20088247932931794, 0.33203317731114623, 0.2878465101199368], [0.2890448808344364, 0.3925405227956589, 0.1425778623872727, 0.17583673398263197], [0.1898735502914257, 0.2525592899169605, 0.1315920627855934, 0.42597509700602026], [0.196051588635734, 0.09888443496630339, 0.16887591208957556, 0.536188064308387], [0.287094476903137, 0.25415468787672696, 0.19467728709704107, 0.264073548123095], [0.18669415731685335, 0.22559836548705567, 0.334199795286293, 0.25350768190979805], [0.24187193050407446, 0.23661431415299802, 0.12234800009132692, 0.3991657552516007], [0.34037797332456765, 0.19190359740851262, 0.1813531187292896, 0.2863653105376302], [0.14026249886289538, 0.27024606214489005, 0.2635262030083738, 0.3259652359838407], [0.1650977284783519, 0.17017694064151914, 0.05992094747328717, 0.6048043834068417], [0.34594444428608095, 0.22012227177176277, 0.15911407481393752, 0.27481920912821883], [0.08566067782695563, 0.554977237643776, 0.10780262616454221, 0.2515594583647261], [0.32821022759814417, 0.33809607792996427, 0.19934248513905178, 0.1343512093328396], [0.3027072534129783, 0.21444131489224158, 0.2609360321084563, 0.22191539958632361], [0.28662031938140325, 0.3312800109321333, 0.12459574603153419, 0.25750392365492947], [0.27688579838817806, 0.2747954148823918, 0.1300089699906395, 0.3183098167387908], [0.1868613941704558, 0.28363699202754605, 0.13518614643086302, 0.39431546737113515], [0.2453356317935024, 0.2795564359948364, 0.16021148572711502, 0.3148964464845462], [0.17311387831575709, 0.24004960794935487, 0.33441061867144567, 0.25242589506344254], [0.37811942402031423, 0.14542938611776793, 0.10867290069547883, 0.36777828916643923], [0.20476941133449475, 0.39407160641183214, 0.1880562073280581, 0.21310277492561513], [0.2882367225612424, 0.29703317851591265, 0.17549968624002238, 0.23923041268282264], [0.1857803358951643, 0.3863966068735122, 0.15781341080381642, 0.27000964642750724], [0.22437046647381748, 0.12219033665040792, 0.11590868209792572, 0.537530514777849], [0.42837831023679024, 0.18234448483079232, 0.23932223979505204, 0.1499549651373655], [0.28807841018207236, 0.26917629341996296, 0.15294765029988544, 0.2897976460980793], [0.1952505723961624, 0.4469581145562556, 0.13860326265425177, 0.2191880503933302], [0.26666826642525576, 0.17322170159416872, 0.24687390116485228, 0.31323613081572343], [0.23766054962366526, 0.3765154123258675, 0.1561700948553799, 0.2296539431950873], [0.12091669789194995, 0.24876071257362256, 0.378213787719465, 0.2521088018149627], [0.47779612550816103, 0.1441718013466011, 0.16690104988016063, 0.21113102326507724], [0.20553240853727717, 0.22523591816582209, 0.10466086019612098, 0.4645708131007798], [0.32741395572782384, 0.20286801333662285, 0.21110371793641694, 0.25861431299913634], [0.27324804851966045, 0.3602668273702757, 0.1967491302704687, 0.16973599383959512], [0.29327664045180085, 0.32730413581516615, 0.11852082663991292, 0.2608983970931203], [0.22355419716835287, 0.2702564540634259, 0.26859951352461636, 0.23758983524360483], [0.08122039164307417, 0.1878954553407126, 0.15391769630970747, 0.5769664567065058], [0.213345824644395, 0.16894056147724182, 0.27633109951871887, 0.3413825143596443], [0.21319402486671185, 0.2857172172465033, 0.22828631435765945, 0.27280244352912564], [0.40584598072047917, 0.20798458474582276, 0.1391674665712829, 0.24700196796241514], [0.29403989209213366, 0.4181319689266553, 0.13332121023688867, 0.1545069287443224], [0.2691731615457982, 0.15507128358716513, 0.3133398461334986, 0.2624157087335381], [0.2216954861261595, 0.4611452718456509, 0.1342320823527634, 0.1829271596754262], [0.2555442487858813, 0.2709778620872724, 0.137246335424991, 0.33623155370185537], [0.27045052198564906, 0.2848800954506043, 0.1723724712958694, 0.2722969112678772], [0.11922145206611649, 0.3295903018008955, 0.2375087974315363, 0.3136794487014517], [0.19986192638665265, 0.21644380882670913, 0.18333565102726615, 0.40035861375937215], [0.10807668372436997, 0.25715539817281124, 0.23032071341863508, 0.4044472046841836], [0.3782217739561972, 0.15016193991014512, 0.16406574193086979, 0.30755054420278793], [0.13391298140878377, 0.13080287058408677, 0.3029110045948743, 0.43237314341225525], [0.11201224047294545, 0.12774900372296677, 0.5768220425191392, 0.18341671328494868], [0.1326356902476402, 0.17972387514937516, 0.457980577962735, 0.22965985664024957], [0.2743232255927709, 0.17601658867024475, 0.28146887337716586, 0.2681913123598186]]}, "rewritten": {"ids": ["97105960", "97112830", "97116790", "98106111", "98106680", "98107210", "98107410", "98108970", "98109311", "98116500", "98120530", "99107300", "99107630", "99107640", "99108010", "99108330", "99108520", "99108580", "99109370", "99109780", "99112531", "99117740", "100108260", "100111620", "100113210", "100120780", "101108290", "101108621", "101109120", "101109370", "101110150", "101110200", "101111990", "101116130", "101119030", "102108621", "102110050", "102110750", "102112301", "102116340", "102118380", "103109021", "103111480", "103111540", "103113170", "103113270", "103118110", "103120780", "104111531", "104111780", "104111880", "104112201", "104113550", "104116441", "104118070", "105110251", "105111990", "105113260", "105113440", "105113480", "105115250", "105115720", "105117431", "105119550", "105120280", "105121190", "105121370", "106112770", "106113360", "106114280", "106114880", "106115240", "106115250", "106116120", "106116441", "106116820", "106117770", "106117790", "106119260", "106121220", "107112840", "107113840", "107117010", "107120260", "107121700", "108114180", "108114360", "108115970", "108116070", "108116501", "108117360", "108118301", "108121190", "108121410", "109114270", "109116170", "109117431", "109118701", "109118820", "109119340", "109121351", "110113591", "110113931", "110114651", "110114720", "110115120", "110115140", "110115580", "110115980", "110116300", "110118701", "110119891", "110121170", "111115770", "111116010", "111116750", "111117200", "111117571", "111119250", "111119580", "111120540", "112116451", "112116800", "112116810", "112116850", "112116900", "112117660", "112118511", "112118860", "112119120", "112119950", "113117550", "113117630", "113118620", "113119300", "113120280", "113120751", "113121680", "113122180", "113122320", "113122430", "113122510"], "labels": [2, 2, 2, 0, 1, 1, 3, 3, 1, 2, 1, 3, 2, 1, 2, 1, 2, 0, 1, 2, 3, 2, 3, 3, 0, 1, 0, 0, 1, 1, 1, 2, 2, 2, 3, 3, 3, 1, 1, 3, 1, 0, 0, 1, 3, 2, 2, 1, 0, 3, 3, 0, 1, 1, 2, 0, 2, 3, 0, 0, 2, 1, 1, 1, 3, 2, 2, 1, 0, 3, 0, 1, 2, 1, 0, 1, 0, 1, 1, 1, 1, 3, 1, 1, 3, 1, 1, 2, 1, 0, 1, 1, 1, 0, 3, 0, 1, 3, 3, 3, 0, 0, 1, 3, 3, 0, 0, 1, 1, 3, 3, 3, 2, 3, 1, 3, 0, 3, 1, 3, 1, 0, 0, 3, 0, 3, 0, 1, 3, 1, 0, 3, 0, 3, 1, 0, 1, 1, 2, 1, 2, 2], "predicted_labels": [1, 3, 1, 1, 3, 3, 0, 1, 0, 0, 0, 0, 3, 0, 1, 1, 0, 1, 2, 2, 0, 1, 0, 0, 0, 0, 2, 3, 1, 1, 1, 2, 3, 3, 0, 3, 3, 2, 3, 2, 2, 1, 0, 3, 1, 2, 3, 1, 3, 2, 3, 0, 1, 1, 2, 3, 3, 0, 0, 0, 3, 0, 0, 0, 3, 0, 0, 2, 0, 1, 0, 0, 1, 3, 3, 1, 1, 1, 1, 3, 2, 0, 2, 0, 0, 1, 0, 1, 3, 1, 3, 1, 1, 2, 0, 3, 1, 1, 1, 0, 0, 0, 0, 3, 1, 3, 0, 2, 1, 1, 0, 3, 0, 0, 1, 0, 0, 0, 3, 0, 3, 1, 1, 3, 1, 0, 1, 0, 0, 1, 1, 1, 0, 1, 0, 0, 0, 1, 3, 0, 1, 2], "confidence_scores": [[0.27221294134829416, 0.2841242289107533, 0.274206533646254, 0.16945629609469845], [0.1706525406535174, 0.17780457786714535, 0.3153426140970708, 0.3362002673822665], [0.15261911020882926, 0.429684177625382, 0.16388004968022452, 0.2538166624855641], [0.3052662910398644, 0.3236841393196317, 0.11274248836999765, 0.2583070812705064], [0.25084675524461975, 0.20053091657119315, 0.1977774765783217, 0.35084485160586537], [0.20452424660617927, 0.22332001331469423, 0.15134643175736073, 0.42080930832176583], [0.5839019015091197, 0.16718791844456468, 0.1172909054292335, 0.1316192746170821], [0.18798603213557144, 0.39268061007414895, 0.30269956586028196, 0.11663379192999757], [0.43758496807950603, 0.15964046950582178, 0.13978129974272022, 0.262993262671952], [0.38082527419079676, 0.2096981542222601, 0.14437476730510604, 0.2651018042818371], [0.34407831443548054, 0.20570961852446448, 0.13520971829500714, 0.3150023487450479], [0.4286961576913351, 0.1352776375203331, 0.14252331534786677, 0.29350288944046493], [0.21712064718253624, 0.2643678879507644, 0.15197904118912514, 0.36653242367757444], [0.349219023408963, 0.16559786386950964, 0.14091374673790227, 0.34426936598362523], [0.11591242091907489, 0.7708814627673464, 0.046843999184676834, 0.06636211712890196], [0.2634684899579139, 0.3165706799953233, 0.13403119263057126, 0.2859296374161916], [0.45812543354546326, 0.1983790855483395, 0.19700753115751662, 0.1464879497486806], [0.2022935170091302, 0.5155739295990842, 0.07854977041974168, 0.20358278297204396], [0.2759677533458028, 0.20037649184003822, 0.3079692733802349, 0.215686481433924], [0.3083324589962665, 0.20083486225304628, 0.3756544024501948, 0.11517827630049249], [0.3955756785919872, 0.249356638293401, 0.1813930405313952, 0.17367464258321677], [0.1780378466384223, 0.5066017150473905, 0.07223930700246411, 0.2431211313117231], [0.38662720529106814, 0.19641334106860597, 0.22274439128675105, 0.19421506235357477], [0.5147347911941557, 0.12139750309167797, 0.07564723405450145, 0.2882204716596649], [0.35936379557001735, 0.252778792013615, 0.08509475658261319, 0.30276265583375467], [0.4907533367885204, 0.18070069793840926, 0.14962193927374798, 0.17892402599932242], [0.2732006589149708, 0.18911420181779318, 0.364475800018676, 0.17320933924856013], [0.1445421279134402, 0.10081511244943346, 0.22925849319904285, 0.5253842664380834], [0.2116574698743044, 0.3873136620502007, 0.2713251154683953, 0.12970375260709976], [0.2379072993781498, 0.3999306388797056, 0.17180601274057036, 0.19035604900157432], [0.316561884310979, 0.38248846143033804, 0.10992042392599179, 0.19102923033269129], [0.23195396651485967, 0.25157402250054545, 0.3302304700200612, 0.18624154096453374], [0.13951319717628788, 0.13798944675572483, 0.11803309381941231, 0.604464262248575], [0.2463349656210415, 0.16683397107096715, 0.19943614362778317, 0.38739491968020817], [0.6017469806069276, 0.1163210845650878, 0.08758935833108013, 0.19434257649690442], [0.27551433259464136, 0.17624881635085118, 0.26415204890256366, 0.28408480215194365], [0.22658700651318464, 0.1719160078523507, 0.11530661335978515, 0.4861903722746795], [0.27239767831081685, 0.198169233459183, 0.2923050497969304, 0.23712803843306984], [0.3007906533589771, 0.22368944679846176, 0.16134970708172205, 0.314170192760839], [0.23703700735647665, 0.19802548454281976, 0.3619649867536181, 0.20297252134708554], [0.2517974283028656, 0.20511130728818597, 0.33048686438992286, 0.21260440001902567], [0.25709939438028356, 0.4013843439822792, 0.2104966301206581, 0.1310196315167792], [0.4106023771170425, 0.22916521103756113, 0.1582478044508388, 0.2019846073945576], [0.331775150844972, 0.15175206166889654, 0.17645979608127166, 0.34001299140485974], [0.22880163413377946, 0.6279101329470175, 0.05416730457656919, 0.0891209283426338], [0.16516288371007062, 0.23567625521762872, 0.42735531216142125, 0.17180554891087949], [0.168598058225082, 0.2314788895925698, 0.20648790285562096, 0.39343514932672735], [0.25125335357016804, 0.47889259891410757, 0.09235346796835718, 0.17750057954736728], [0.2526612933536029, 0.23627628859036728, 0.24837732230996717, 0.2626850957460627], [0.23929146926386818, 0.16364361089363388, 0.4247642511551464, 0.17230066868735155], [0.2555652510497885, 0.19998808491490935, 0.20273443312496958, 0.3417122309103326], [0.49561774979655343, 0.178873291395017, 0.1312803506607591, 0.19422860814767043], [0.21142252982493562, 0.43338137954471506, 0.147930945345308, 0.2072651452850412], [0.2611250228231535, 0.2784670044113668, 0.18987960707674317, 0.2705283656887365], [0.2610826466116328, 0.2788380062722495, 0.30719391443201166, 0.15288543268410623], [0.3140464198208386, 0.19729337102563269, 0.1185341494410801, 0.3701260597124486], [0.2095674523191821, 0.15218464552731395, 0.21233597383770492, 0.42591192831579894], [0.3917033354068572, 0.27372390813750963, 0.14620184492041502, 0.18837091153521826], [0.3043445549612755, 0.21901496226353026, 0.1947612352418974, 0.2818792475332969], [0.36611981754869566, 0.3039858480275105, 0.14290590576904222, 0.18698842865475154], [0.26909714367040344, 0.2370618932898655, 0.17637068644783538, 0.3174702765918958], [0.35094608211255174, 0.1766381002034718, 0.21627918429513032, 0.2561366333888461], [0.32744887243982995, 0.2592124566256026, 0.2389475566143762, 0.17439111432019122], [0.35831322726473935, 0.16578708546809134, 0.23794308296663355, 0.23795660430053586], [0.15734650740824907, 0.29404226593428157, 0.09538163907575879, 0.4532295875817105], [0.3032161749505876, 0.22284253522171382, 0.2621467208466291, 0.21179456898106958], [0.4644708503029198, 0.24211882714393818, 0.05752157117521286, 0.23588875137792917], [0.12244523332083371, 0.18934421015323227, 0.47849860340806244, 0.20971195311787166], [0.36534198272296226, 0.22777748703090717, 0.17955174496851936, 0.2273287852776114], [0.20995160893832446, 0.286084151410519, 0.25169128951556746, 0.2522729501355891], [0.3348249310337188, 0.19723785406075753, 0.27715633845778415, 0.19078087644773975], [0.2835279693781747, 0.2513220428269897, 0.19194059753728338, 0.27320939025755225], [0.14427419879916575, 0.5791826105304151, 0.14722588880112936, 0.12931730186928975], [0.2141209218311434, 0.22401020163686045, 0.20151850883193165, 0.3603503677000646], [0.17786963536266967, 0.13200582865039995, 0.15464502136128644, 0.535479514625644], [0.23088218561826931, 0.3931391847768458, 0.12237191699860961, 0.2536067126062753], [0.17712976261263363, 0.5079591599229294, 0.17582188886075, 0.13908918860368705], [0.29435759440060394, 0.4312490454993697, 0.12332423692657536, 0.1510691231734509], [0.2353359224920858, 0.37932460353841496, 0.11324777376625564, 0.2720917002032435], [0.20516785390263612, 0.2207394062661386, 0.2240850646301598, 0.35000767520106557], [0.14829093629487244, 0.2765858611393264, 0.2997849248112685, 0.27533827775453257], [0.3367682477902696, 0.32544559896479475, 0.11367412749291178, 0.22411202575202388], [0.26102112019201196, 0.1836720320483122, 0.32512212053736855, 0.2301847272223073], [0.5315684080098507, 0.11746298774185977, 0.13129249682280797, 0.21967610742548146], [0.31716587018161907, 0.21011561378233926, 0.19318990161979022, 0.2795286144162515], [0.16928005602056084, 0.5371425573833418, 0.10592244871491888, 0.1876549378811784], [0.26331015652993345, 0.2630554979903021, 0.22172170892683607, 0.2519126365529282], [0.2548533184510723, 0.3630468358622321, 0.1441152291116462, 0.23798461657504952], [0.26711849153839795, 0.3027660087570468, 0.11922767540338425, 0.310887824301171], [0.3076342150357796, 0.4198631114062825, 0.12373241132578805, 0.14877026223214984], [0.2586454171019508, 0.25205235414890426, 0.11765998378594303, 0.371642244963202], [0.22549041986191518, 0.44013028513893254, 0.15472561804789162, 0.17965367695126067], [0.3065130603785141, 0.31355355056943296, 0.13421819316196776, 0.24571519589008514], [0.2513650074561677, 0.15428627244581675, 0.3637225456283638, 0.23062617446965197], [0.3183721777697851, 0.18199696951020267, 0.18356758156433584, 0.3160632711556765], [0.20534031140921366, 0.2917619523338903, 0.11345688420514649, 0.38944085205174944], [0.3733201447772059, 0.38911689345209427, 0.08522084718099049, 0.1523421145897096], [0.29261413545100656, 0.4214645774029278, 0.11050236457263031, 0.17541892257343542], [0.3421284604590414, 0.4742701394956108, 0.11832145719517204, 0.06527994285017574], [0.3434099858937156, 0.34144402261807916, 0.13355593946064703, 0.18159005202755812], [0.47634684325429866, 0.18528933120662164, 0.11599425338017191, 0.22236957215890782], [0.4121815700050116, 0.1346407728902122, 0.16420565948870486, 0.2889719976160714], [0.3201460122439623, 0.25426492689063135, 0.14121009576044743, 0.2843789651049592], [0.34945486930150654, 0.18345749613917037, 0.11540155370026672, 0.35168608085905634], [0.24169773406875736, 0.3131227114253328, 0.21018340369015964, 0.2349961508157501], [0.23323996049479692, 0.24720397368511782, 0.13557547994461824, 0.38398058587546713], [0.3401623420331379, 0.1972977875243227, 0.18089026863568636, 0.2816496018068529], [0.18771037526536333, 0.2375065541290337, 0.3831150417475332, 0.1916680288580699], [0.17593214535942547, 0.48394745537136763, 0.1394866406233457, 0.20063375864586133], [0.18899609271126833, 0.34653238990753266, 0.18065053826032446, 0.28382097912087456], [0.3936973184924996, 0.24015480193218977, 0.13551373672746414, 0.2306341428478466], [0.21515313508535908, 0.3006823901519813, 0.12127838726469886, 0.3628860874979609], [0.4109568054276072, 0.2390113353940372, 0.14422065857851502, 0.20581120059984057], [0.3802048902907537, 0.21310390832638937, 0.2003649501159204, 0.2063262512669366], [0.23330330059565413, 0.4949997188784696, 0.1167535811811971, 0.15494339934467924], [0.5179364652320878, 0.18351776207057385, 0.0956564283723616, 0.20288934432497688], [0.3067727083809372, 0.24624084575775898, 0.1968887396444293, 0.2500977062168746], [0.38895235125527927, 0.20001000806697208, 0.25817328102621195, 0.15286435965153672], [0.15808045421735717, 0.15833609062480905, 0.1701760145041732, 0.5134074406536607], [0.3466812752734697, 0.24989353348914548, 0.12074854451448312, 0.28267664672290177], [0.2184015907557558, 0.31217405220663247, 0.12992732943264082, 0.339497027604971], [0.18903308010114797, 0.480459779328709, 0.11703806030138214, 0.21346908026876082], [0.3000852852107137, 0.3064447569942826, 0.20863909303343742, 0.18483086476156632], [0.23741765360106493, 0.29229058034350275, 0.17301571032078047, 0.2972760557346518], [0.3479101141837835, 0.3865794974963355, 0.10576049556636911, 0.1597498927535119], [0.3408314889898206, 0.2377362293653031, 0.1777826433985743, 0.24364963824630217], [0.22867079707153962, 0.4766902200878183, 0.12237950536587563, 0.17225947747476647], [0.28938295114988904, 0.23863008561464025, 0.20732775154353456, 0.2646592116919363], [0.42757942294559137, 0.20215355353937722, 0.23249039573162278, 0.13777662778340866], [0.0793531072925237, 0.775959004693452, 0.06132478710424255, 0.08336310090978172], [0.12312269844574354, 0.5582452462644493, 0.11189814661663354, 0.2067339086731736], [0.18839797705620295, 0.3083582020736719, 0.24062352632789744, 0.2626202945422278], [0.31152326867537466, 0.22747546098095991, 0.27675466839286117, 0.1842466019508043], [0.20430912590070613, 0.3934785030681056, 0.2097092542198419, 0.19250311681134633], [0.40921656886004387, 0.22254997875321075, 0.08586462597351434, 0.28236882641323124], [0.5969789918522418, 0.14328672679253598, 0.0776301507753182, 0.18210413057990396], [0.5334870348653392, 0.1779796211893249, 0.11618677993882245, 0.17234656400651335], [0.23292766297315604, 0.31418928038157423, 0.15939981789141877, 0.29348323875385085], [0.2091096223282391, 0.18747656204754523, 0.0961143345738536, 0.5072994810503622], [0.3382700377037661, 0.23372120981318048, 0.12283753037984309, 0.30517122210321035], [0.2973258712250725, 0.30888557300190006, 0.1788280069218313, 0.21496054885119617], [0.23915293496926748, 0.23943445246899536, 0.3058418420394924, 0.2155707705222448]]}}