{"test": {"ids": ["104117200", "113121980", "112118530", "102107961", "105118740", "101121640", "101113210", "112118550", "107114200", "104111380", "109114270", "97106770", "98116940", "102110890", "110120700", "101119591", "110115580", "107121230", "98107380", "106116370", "103113170", "97112290", "102110050", "98112300", "99108080", "100109000", "110118701", "100108260", "109113931", "101108460", "98107410", "107119950", "113118630", "97105760", "105116860", "108115870", "113120780", "97106600", "106118820", "110118450", "105113480", "98106680", "110115980", "103120531", "108114360", "112119950", "112119980", "101110740", "99111930", "102109010", "113118421", "111117000", "112116990", "98111620", "109117730", "112120700", "99117630", "98106560", "113121410", "99107630", "101108370", "109117080", "107113130", "113120830", "105111990", "104111780", "111115620", "107114621", "98106880", "108114200", "104111531", "108121351", "98109570", "105116650", "99107300", "105117431", "107113200", "107120880", "111114321", "107118520", "102118380", "101108580", "105117351", "109116170", "109115211", "98116500", "99112300", "112120990", "106114150", "112118701", "99111340", "102116500", "113119450", "113121750", "110120640", "101112160", "106114321", "105120621", "105112130", "109117630", "107117010", "107113550", "99116500", "108118630", "101111620", "108113620", "112118930", "111116750", "102111990", "111119250", "103113260", "111116640", "103109641", "105116980", "108121190", "97110950", "111119300", "111114121", "99109161", "110117110", "112118810", "111120220", "110115250", "108113480", "113119700", "105121370", "97107950", "103113270", "99109740", "99107950", "105113440", "99109370", "111119340", "108119330", "102112170", "99107640", "98106111", "99108460", "108114040", "111120591", "99108890", "101111210"], "labels": [3, 2, 1, 3, 1, 2, 3, 3, 2, 3, 3, 3, 2, 0, 2, 0, 1, 0, 1, 2, 3, 1, 3, 2, 3, 1, 3, 3, 1, 0, 3, 3, 3, 0, 2, 3, 0, 3, 3, 0, 0, 1, 1, 3, 1, 0, 0, 3, 1, 1, 3, 0, 0, 3, 3, 2, 3, 1, 0, 2, 1, 1, 1, 3, 2, 3, 1, 0, 0, 0, 0, 3, 1, 1, 3, 1, 0, 1, 1, 2, 1, 0, 0, 0, 0, 2, 0, 2, 1, 0, 1, 1, 3, 0, 0, 3, 2, 1, 1, 0, 1, 0, 2, 1, 3, 3, 1, 3, 2, 1, 3, 0, 1, 0, 1, 3, 1, 0, 3, 0, 3, 3, 1, 0, 0, 2, 2, 2, 3, 1, 0, 1, 3, 0, 3, 1, 0, 0, 0, 1, 0, 2], "predicted_labels": [3, 3, 1, 1, 1, 3, 1, 3, 3, 1, 3, 1, 1, 3, 1, 3, 1, 3, 3, 3, 1, 3, 3, 3, 1, 3, 3, 1, 3, 1, 0, 1, 1, 3, 0, 3, 3, 2, 3, 1, 3, 1, 1, 1, 1, 0, 3, 1, 1, 0, 0, 3, 0, 1, 1, 1, 0, 3, 3, 3, 0, 1, 1, 3, 3, 3, 0, 3, 3, 0, 3, 3, 3, 1, 3, 1, 3, 3, 1, 1, 1, 0, 3, 1, 3, 1, 1, 1, 1, 3, 2, 1, 0, 3, 3, 3, 1, 3, 1, 2, 3, 1, 1, 1, 0, 1, 3, 3, 0, 1, 1, 1, 3, 3, 1, 0, 3, 1, 0, 1, 1, 0, 3, 3, 1, 1, 3, 3, 2, 2, 1, 3, 3, 1, 3, 3, 1, 3, 3, 0, 1, 3], "confidence_scores": [[0.19290039960039965, 0.25341451881451893, 0.21400880230880232, 0.33967627927627925], [0.20261769341769356, 0.2739581529581531, 0.19309837384837394, 0.3303257797757796], [0.1931082861582863, 0.3794253246753244, 0.22081976911976914, 0.20664662004662018], [0.21092394827394836, 0.3201115745365747, 0.21880312465312468, 0.2501613525363525], [0.2242918636918637, 0.3329483127983127, 0.20972803307803303, 0.23303179043179048], [0.20956423576423583, 0.26650129315129323, 0.22490632145632156, 0.29902814962814955], [0.24094839049839056, 0.30126690531690536, 0.1810373737373738, 0.27674733044733046], [0.21237733932733932, 0.2651589410589412, 0.16473903318903324, 0.3577246864246865], [0.21937016317016333, 0.296534521034521, 0.1646688422688424, 0.3194264735264737], [0.23821955266955272, 0.2589292965204731, 0.2539663467251704, 0.24888480408480415], [0.21995870240870247, 0.2881054501054502, 0.19860039682539687, 0.2933354506604506], [0.2415294011544012, 0.27523820346320343, 0.2446385281385283, 0.23859386724386727], [0.2181420102773045, 0.28805527968763267, 0.2272382245205776, 0.2665644855144856], [0.22127229992229996, 0.21336595626595636, 0.26775617160617166, 0.29760557220557216], [0.21850772560772572, 0.2936848928848929, 0.19711269841269846, 0.29069468309468305], [0.3079127650127651, 0.22600606615606622, 0.15605375180375192, 0.31002741702741715], [0.2583638861138863, 0.2690703823953825, 0.23425830558330557, 0.23830742590742598], [0.17184681984681982, 0.27856803751803766, 0.2480647907647909, 0.3015203518703518], [0.25556024531024524, 0.2720190087690088, 0.19871522366522373, 0.2737055222555225], [0.2608986013986016, 0.26967827727827737, 0.1731479076479077, 0.2962752136752137], [0.19440295260295282, 0.31726911976911976, 0.23820461205461207, 0.2501233155733158], [0.2128656010656012, 0.2694382894882895, 0.176136247086247, 0.3415598623598625], [0.20874457209457223, 0.2528952269952271, 0.22045519480519488, 0.31790500610500616], [0.2763237318237321, 0.24801081696081706, 0.19881144966144976, 0.27685400155400164], [0.2703654502875867, 0.2802109961933491, 0.21463370681605964, 0.23478984670300482], [0.20612418692418696, 0.2798880286380286, 0.22360182595182596, 0.29038595848595866], [0.2126946331446332, 0.27360497280497287, 0.2157537185037187, 0.29794667554667553], [0.2400856365856367, 0.30440902430902433, 0.2336686147186148, 0.22183672438672447], [0.2556353868353869, 0.2782404187315953, 0.15704821289821297, 0.30907598153480514], [0.21183873903873907, 0.3005169128257363, 0.21405501247118908, 0.2735893356643357], [0.2779021201021202, 0.2454069264069265, 0.2411206571206572, 0.23557029637029644], [0.23728525363525363, 0.2826688478188477, 0.2060651959151959, 0.27398070263070257], [0.19158804528804538, 0.31380623265623264, 0.18333442668442673, 0.31127129537129544], [0.25282886002886007, 0.2374867521367521, 0.23358932178932187, 0.2760950660450661], [0.3008621045621045, 0.28299016539016536, 0.18209152514152516, 0.23405620490620493], [0.29399336774336765, 0.25222238872238884, 0.15659754689754699, 0.29718669663669667], [0.19976194916194928, 0.30844446664446673, 0.17600780885780884, 0.3157857753357753], [0.20250086580086576, 0.24264069264069274, 0.29728727938727934, 0.25757116217116227], [0.2456260406260406, 0.25884872904872924, 0.15493000888000882, 0.34059522144522136], [0.15654027639027648, 0.33621672771672767, 0.231260694860695, 0.27598230103230104], [0.20326729936729948, 0.2930414474414475, 0.20282698690198692, 0.3008642662892663], [0.196407142857143, 0.31774083694083716, 0.28721089466089467, 0.19864112554112567], [0.21194204406704412, 0.30380123846741475, 0.19367222973105325, 0.2905844877344878], [0.2877611111111112, 0.3112974025974025, 0.16140317460317466, 0.2395383116883117], [0.22088414918414923, 0.29567213146330784, 0.21983700743700754, 0.2636067119155355], [0.33841814296814277, 0.2264412864912867, 0.13782325452325456, 0.297317316017316], [0.20391998556998567, 0.2658954545454546, 0.1713587301587302, 0.3588258297258299], [0.21967348207348217, 0.30909098679098673, 0.18832740592740593, 0.2829081252081254], [0.16613216228216232, 0.3332809801309801, 0.22578482905982922, 0.27480202852702856], [0.2953254467754468, 0.28134771339771336, 0.17754912032412037, 0.24577771950271948], [0.31718643578643574, 0.2105540626040626, 0.15818946608946619, 0.31407003552003526], [0.2104559246309247, 0.27568983875601516, 0.22867598985981358, 0.2851782467532466], [0.2774200188700189, 0.2598362470862471, 0.1863738372738373, 0.27636989676989676], [0.16814716394716395, 0.3046592055003821, 0.28618663199545535, 0.24100699855699864], [0.26037741702741707, 0.28555339464457136, 0.19628926628926638, 0.25777992203874567], [0.2268774614274614, 0.30486777111777097, 0.19981238206238214, 0.2684423853923854], [0.2798048507048507, 0.2486322621822623, 0.22406635031635042, 0.24749653679653688], [0.24364029304029308, 0.2714706571206572, 0.21043001443001458, 0.2744590354090353], [0.2488492535242536, 0.25522541902541923, 0.13500254190254202, 0.3609227855477857], [0.24852439230875784, 0.2241549006549007, 0.20665946305156835, 0.32066124398477336], [0.29101476301476303, 0.2514528194028195, 0.18451124431124435, 0.2730211732711733], [0.1398393994893995, 0.3453137751137751, 0.224139837939838, 0.29070698745698736], [0.2144072150072152, 0.28899392180746675, 0.2883288231376467, 0.20827004004767163], [0.23198294205794215, 0.2873966921966921, 0.1683761127761128, 0.3122442529692529], [0.257767649017649, 0.2527855477855479, 0.1468426684426684, 0.34260413475413476], [0.21460747585747603, 0.29140168720168724, 0.19780283605283613, 0.29618800088800107], [0.29819504107004097, 0.26493964646464657, 0.18603277278277286, 0.25083253968253966], [0.21685234765234768, 0.2657877705627707, 0.2106470751470752, 0.3067128066378066], [0.2096760128760129, 0.2749382395382397, 0.23823559218559237, 0.2771501554001555], [0.2901645021645023, 0.2582305472305474, 0.19732198357198372, 0.25428296703296704], [0.27359928959928964, 0.22889777167277187, 0.19367451714951728, 0.3038284215784216], [0.23312449217449213, 0.2624763347763349, 0.21626706626706627, 0.2881321067821068], [0.23733855033855045, 0.23076774336774342, 0.16249105894105895, 0.3694026473526475], [0.2480846875346875, 0.267526973026973, 0.22695463980463992, 0.2574336996336996], [0.26626008991009004, 0.25732273837273845, 0.17874801309801325, 0.29766915861915855], [0.19541940836940827, 0.3349239038739039, 0.22686071706071725, 0.24279597069597075], [0.23572637884990838, 0.2648444805194805, 0.18626518204018214, 0.3131639585904294], [0.23078970348536929, 0.2543352147852149, 0.22394120324120326, 0.2909338784882128], [0.20953195415695422, 0.29160379620379623, 0.24702954822954828, 0.2518347014097015], [0.23073389388389384, 0.30327058497058496, 0.2119930957930958, 0.2540024253524254], [0.21467657342657354, 0.3048366355866355, 0.2041627372627374, 0.27632405372405383], [0.2906156010656012, 0.19719694194694198, 0.24043234820734835, 0.2717551087801088], [0.2811281433478803, 0.22827763698290024, 0.1626723665223665, 0.32792185314685296], [0.20603354978354974, 0.28619003774003765, 0.2264199578199579, 0.28135645465645487], [0.18173919413919415, 0.2834525363525364, 0.1902341602841604, 0.34457410922410925], [0.23115772005772017, 0.28154678654678683, 0.22138934121434123, 0.26590615218115227], [0.19440401499085722, 0.3132028804528807, 0.22914605949605968, 0.263247045060203], [0.240033116883117, 0.30469119769119773, 0.1739201298701299, 0.2813555555555556], [0.21989781884781895, 0.29680245310245307, 0.2284682844932846, 0.2548314435564437], [0.20729473304473303, 0.28028669663669664, 0.18468682428682442, 0.3277317460317462], [0.22442095682095697, 0.2386277805527807, 0.2697079004329005, 0.26724336219336225], [0.22040719835719846, 0.278559867909868, 0.24680173160173177, 0.25423120213120226], [0.28983708513708517, 0.27760078810078814, 0.1531856865356866, 0.2793764402264402], [0.2513213841713842, 0.2938093184593185, 0.1468148518148519, 0.3080544455544456], [0.22198124098124108, 0.27608503543240387, 0.20857258297258296, 0.29336114061377205], [0.2067066905316906, 0.218585079626256, 0.23786752610134979, 0.3368407037407038], [0.21179330946830954, 0.3174852397602396, 0.22878096903096903, 0.24194048174048174], [0.2310772755022756, 0.2716928266178266, 0.12710860087624798, 0.3701212970036499], [0.20289744960921435, 0.3359683804757336, 0.21713138217991168, 0.24400278773514075], [0.24332701187701195, 0.2629226920138686, 0.27471214341214345, 0.21903815269697627], [0.13335852480852484, 0.2400502497502499, 0.29208347763347764, 0.3345077478077479], [0.23250974025974036, 0.2804252525252525, 0.25190620490620486, 0.23515880230880232], [0.15151928626928626, 0.30176062826062827, 0.2927183843933845, 0.2540017010767012], [0.19415417360417359, 0.3174755300255301, 0.1759295454545456, 0.3124407509157509], [0.3097715474068415, 0.21585817124052428, 0.2060578992902523, 0.26831238206238217], [0.20991645021645025, 0.3090215007215009, 0.20117914862914876, 0.2798829004329005], [0.21511720501720508, 0.2689648351648354, 0.1444456654456655, 0.3714722943722941], [0.26212736707736717, 0.23512720612720622, 0.14876647241647253, 0.3539789543789543], [0.2965945720945721, 0.2490259573759575, 0.1908525696525697, 0.263526900876901], [0.1945081248390711, 0.330860258042611, 0.1879473402840412, 0.286684276834277], [0.2650195843372315, 0.28000494505494505, 0.18015581640581643, 0.2748196542020073], [0.2426234043734044, 0.27592359307359315, 0.23315680430680435, 0.2482961982461983], [0.21895315240315244, 0.25913792122909773, 0.24516966921966932, 0.27673925714808073], [0.27334911754911756, 0.2795853313353314, 0.15167363747363757, 0.2953919136419137], [0.22721413031413046, 0.31512619047619056, 0.2017447996447997, 0.25591487956487957], [0.27370229770229787, 0.26264708624708627, 0.20937471972471972, 0.25427589632589637], [0.21360857475857492, 0.2555718392718394, 0.1797554723054724, 0.3510641136641136], [0.29732489177489185, 0.31524020424020427, 0.13199059829059825, 0.2554443056943056], [0.35177049062049043, 0.22983448773448792, 0.18844179709179712, 0.2299532245532245], [0.1847523754023755, 0.3452062401650637, 0.24414164528282192, 0.22589973914973924], [0.23012943722943732, 0.3503820013320012, 0.1536780053280055, 0.26581055611055615], [0.30141106116106126, 0.28148944943944954, 0.16802048507048517, 0.24907900432900437], [0.22085630480630486, 0.2643778221778223, 0.19145378510378513, 0.32331208791208776], [0.20116995226995232, 0.2705737151737153, 0.2214731601731602, 0.30678317238317243], [0.23547750027750036, 0.33873676878676884, 0.19644384504384502, 0.229341885891886], [0.21177469752469763, 0.2881130092130094, 0.21693547563547577, 0.2831768176268177], [0.2199401831828303, 0.2583857448107448, 0.25477159115394427, 0.2669024808524809], [0.17783979713097364, 0.2548122155622157, 0.25326880341880353, 0.3140791838880075], [0.17659706404706424, 0.2311511322011322, 0.3088158286158285, 0.28343597513597507], [0.15820817515817526, 0.292234735525912, 0.30326101871984246, 0.24629607059607075], [0.20740810300810325, 0.3050120249032013, 0.232065758424582, 0.2555141136641137], [0.21629996392496395, 0.2709975191475191, 0.1961752164502166, 0.31652730047730065], [0.28829628660812867, 0.25955165945165953, 0.158175296925297, 0.29397675701491494], [0.27073504273504284, 0.31059041873159526, 0.19396588052470404, 0.22470865800865797], [0.30207779997779977, 0.20523484848484852, 0.1794079864579865, 0.31327936507936516], [0.21066919191919198, 0.26640598845598856, 0.2367549062049063, 0.2861699134199133], [0.23531121656121662, 0.3004478993228996, 0.20783870573870578, 0.25640217837717844], [0.2023844100344101, 0.2671756521256523, 0.19736828171828175, 0.333071656121656], [0.18531269841269846, 0.2752803696303696, 0.18139620379620394, 0.35801072816072826], [0.3279803529803529, 0.2530034243534245, 0.16543200133200142, 0.25358422133422137], [0.21348840603840605, 0.3053941835941837, 0.2177300366300366, 0.26338737373737386], [0.24650468420468427, 0.23778645798645806, 0.2155205017205018, 0.30018835608835626]]}, "rewritten": {"ids": ["97105760", "97106600", "97106770", "97107950", "97110950", "97112290", "98106111", "98106560", "98106680", "98106880", "98107380", "98107410", "98109570", "98111620", "98112300", "98116500", "98116940", "99107300", "99107630", "99107640", "99107950", "99108080", "99108460", "99108890", "99109161", "99109370", "99109740", "99111340", "99111930", "99112300", "99116500", "99117630", "100108260", "100109000", "101108370", "101108460", "101108580", "101110740", "101111210", "101111620", "101112160", "101113210", "101119591", "101121640", "102107961", "102109010", "102110050", "102110890", "102111990", "102112170", "102116500", "102118380", "103109641", "103113170", "103113260", "103113270", "103120531", "104111380", "104111531", "104111780", "104117200", "105111990", "105112130", "105113440", "105113480", "105116650", "105116860", "105116980", "105117351", "105117431", "105118740", "105120621", "105121370", "106114150", "106114321", "106116370", "106118820", "107113130", "107113200", "107113550", "107114200", "107114621", "107117010", "107118520", "107119950", "107120880", "107121230", "108113480", "108113620", "108114040", "108114200", "108114360", "108115870", "108118630", "108119330", "108121190", "108121351", "109113931", "109114270", "109115211", "109116170", "109117080", "109117630", "109117730", "110115250", "110115580", "110115980", "110117110", "110118450", "110118701", "110120640", "110120700", "111114121", "111114321", "111115620", "111116640", "111116750", "111117000", "111119250", "111119300", "111119340", "111120220", "111120591", "112116990", "112118530", "112118550", "112118701", "112118810", "112118930", "112119950", "112119980", "112120700", "112120990", "113118421", "113118630", "113119450", "113119700", "113120780", "113120830", "113121410", "113121750", "113121980"], "labels": [0, 3, 3, 2, 3, 1, 0, 1, 1, 0, 1, 3, 1, 3, 2, 2, 2, 3, 2, 1, 1, 3, 0, 0, 3, 1, 3, 1, 1, 0, 2, 3, 3, 1, 1, 0, 0, 3, 2, 3, 3, 3, 0, 2, 3, 1, 3, 0, 2, 3, 1, 1, 1, 3, 3, 2, 3, 3, 0, 3, 3, 2, 1, 0, 0, 1, 2, 0, 0, 1, 1, 1, 2, 1, 2, 2, 3, 1, 0, 0, 2, 0, 1, 2, 3, 1, 0, 0, 3, 0, 0, 1, 3, 1, 0, 1, 3, 1, 3, 0, 0, 1, 0, 3, 1, 1, 1, 0, 0, 3, 0, 2, 0, 1, 1, 0, 3, 0, 1, 1, 3, 3, 1, 0, 1, 3, 0, 3, 1, 0, 0, 2, 2, 3, 3, 3, 0, 0, 3, 0, 0, 2], "predicted_labels": [3, 1, 1, 3, 1, 1, 1, 1, 1, 3, 3, 0, 3, 2, 3, 0, 1, 3, 3, 3, 3, 1, 3, 1, 0, 1, 3, 2, 1, 1, 1, 0, 1, 1, 3, 1, 3, 1, 1, 0, 3, 1, 0, 1, 1, 1, 3, 3, 0, 3, 1, 1, 3, 1, 3, 3, 0, 0, 3, 3, 3, 3, 1, 1, 3, 3, 0, 0, 3, 1, 1, 3, 3, 0, 3, 0, 3, 1, 3, 1, 3, 3, 3, 1, 1, 3, 3, 3, 1, 1, 0, 1, 0, 3, 1, 1, 1, 3, 3, 3, 1, 1, 0, 1, 3, 1, 1, 1, 1, 3, 1, 1, 1, 1, 0, 1, 0, 1, 1, 3, 0, 0, 0, 3, 1, 3, 3, 1, 3, 0, 3, 1, 1, 3, 1, 1, 1, 1, 1, 3, 3, 3], "confidence_scores": [[0.23610013875013885, 0.2522218059718059, 0.24129985569985585, 0.27037819957819953], [0.18868876678876678, 0.28515272505272504, 0.2736797924297925, 0.2524787157287157], [0.2394974386724386, 0.26861266233766234, 0.24408961038961047, 0.2478002886002888], [0.2020539849039849, 0.2686649517149518, 0.2163681485181486, 0.3129129148629147], [0.2735270562770563, 0.2893636363636364, 0.20847698412698415, 0.2286323232323232], [0.23900051264524963, 0.3193938152490785, 0.17680481185481187, 0.26480086025086025], [0.261293450993451, 0.28832052392052393, 0.18709540459540466, 0.2632906204906205], [0.21471998556998564, 0.28880829725829743, 0.21065577200577199, 0.2858159451659451], [0.15924218004218013, 0.3510272172272172, 0.25247034354534365, 0.2372602591852593], [0.19764835719835733, 0.266098112998113, 0.26009260184260197, 0.276160927960928], [0.2640299922299923, 0.2496256909756911, 0.22110889665889674, 0.2652354201354203], [0.28149554367201424, 0.2487159063159065, 0.24183860028860035, 0.22794994972347926], [0.24820407925407934, 0.23522678432678443, 0.12026346431346435, 0.3963056721056721], [0.1570204684204684, 0.299199211899212, 0.3190635142635143, 0.2247168054168054], [0.2727277722277724, 0.2184030802530804, 0.1895349039849041, 0.31933424353424356], [0.26943734043734047, 0.25799143079143094, 0.20825520035520026, 0.26431602841602847], [0.20388351648351663, 0.3059609057609058, 0.21668000333000342, 0.27347557442557463], [0.28071425796425814, 0.24921013986014004, 0.18250310800310804, 0.2875724941724943], [0.2513478688322344, 0.24202070152070154, 0.2170033524954578, 0.28962807715160643], [0.23037460317460312, 0.25419518814518827, 0.22303100233100231, 0.2923992063492064], [0.1646843656343657, 0.2623688977688977, 0.261248484848485, 0.31169825174825183], [0.26078521385735015, 0.2867142984466513, 0.20316879395114687, 0.2493316937448518], [0.2705235229682599, 0.26364743662769985, 0.1734305194805196, 0.29239852092352103], [0.21520323010323014, 0.30664105339105363, 0.21392359307359315, 0.2642321234321234], [0.30896466311466325, 0.25031773781773803, 0.20991548451548458, 0.23080211455211455], [0.2174939726939727, 0.29888609168609165, 0.18677070707070717, 0.29684922854922874], [0.1744510073260074, 0.26024033189033197, 0.27164552669552683, 0.293663134088134], [0.22855865800865802, 0.2642941780441782, 0.2788749694749694, 0.22827219447219446], [0.18320548340548345, 0.35292448662448656, 0.24137505827505829, 0.22249497169497173], [0.21783823632507857, 0.30451761571761604, 0.21829141414141426, 0.25935273381589186], [0.17789785769785768, 0.30424425019425, 0.257386111111111, 0.2604717809967811], [0.296109595959596, 0.2704727272727273, 0.17775209235209247, 0.2556655844155846], [0.2504690587190587, 0.29465022200022195, 0.22107945665445672, 0.2338012626262627], [0.22766963036963042, 0.27092508047508057, 0.23148383838383832, 0.2699214507714509], [0.2807271062271064, 0.24124185814185814, 0.1717015762015763, 0.3063294594294595], [0.2351688644688646, 0.29283659673659673, 0.2103410922410923, 0.2616534465534466], [0.2561084804084805, 0.22032320457320473, 0.22619125596625617, 0.2973770590520592], [0.23043684093684105, 0.27916004273504297, 0.21642849650349655, 0.2739746198246199], [0.23888092141776363, 0.2973776334776335, 0.1894309856809857, 0.2743104594236175], [0.31198006111535503, 0.24041680149915454, 0.21952658615893922, 0.2280765512265514], [0.18663257575757583, 0.22908064713064713, 0.2570719141969142, 0.3272148629148631], [0.2314421356421357, 0.307162814962815, 0.18879887334887346, 0.27259617604617603], [0.2789346486846487, 0.2514099123099124, 0.19405491452991472, 0.27560052447552463], [0.19022393162393175, 0.31758231213231225, 0.21223328893328908, 0.27996046731046725], [0.23984082584082586, 0.29514166111666124, 0.21519474969474975, 0.24982276334776338], [0.25324090909090924, 0.3172031524031525, 0.18729523809523826, 0.2422607004107005], [0.2161694527694529, 0.22016192973692988, 0.25063971861471873, 0.3130288988788987], [0.22471138142902855, 0.24695641580641592, 0.25652515425750727, 0.2718070485070485], [0.3047660589410587, 0.2597521450771451, 0.19464327894327907, 0.24083851703851714], [0.284965873015873, 0.2381381007881007, 0.17002420079920083, 0.3068718253968254], [0.21863086913086927, 0.3112788822288821, 0.24317417304917313, 0.22691607559107585], [0.21266416361416365, 0.31884095904095905, 0.22190375180375188, 0.24659112554112558], [0.2534950826950827, 0.25187026111143757, 0.18472452269952278, 0.309910133493957], [0.17074107004107023, 0.3087877566877566, 0.26129153624153634, 0.2591796370296372], [0.23021727553492266, 0.26880283050283066, 0.20948016428016444, 0.2914997296820826], [0.19694893799011443, 0.2662472582972583, 0.26297700632700644, 0.2738267973856208], [0.2930158064158065, 0.28841298146298133, 0.1779981240981242, 0.240573088023088], [0.26523629148629146, 0.2600214896214897, 0.2289676212676213, 0.24577459762459777], [0.22546346708846715, 0.2624653041403042, 0.18210164557664563, 0.3299695831945832], [0.2538765956265958, 0.27416358641358646, 0.1673238705738707, 0.30463594738594746], [0.22127199467199474, 0.25831740481740484, 0.1957944111444112, 0.3246161893661894], [0.24283938838938843, 0.25289704739704755, 0.17529170829170834, 0.32897185592185596], [0.2046100481218128, 0.3109979794715089, 0.23209611662846963, 0.2522958557782088], [0.21818840603840609, 0.2994388833388832, 0.22433889443889454, 0.25803381618381616], [0.2263384698634699, 0.2820600649350651, 0.185700555000555, 0.30590091020091026], [0.23185120435120438, 0.2725728640640406, 0.2158903818403819, 0.27968554974437326], [0.3036559551559551, 0.28980530580530595, 0.17620677100677104, 0.23033196803196812], [0.2949801198801199, 0.2632889646301413, 0.15011493702376064, 0.29161597846597836], [0.2901790285737655, 0.22818211028737354, 0.14962370962370963, 0.3320151515151515], [0.1877823176823177, 0.3644348911322595, 0.21988514818514837, 0.22789764300027468], [0.23247440337440342, 0.33257070152070134, 0.20007258297258296, 0.2348823121323122], [0.2517796425796427, 0.24826232101232107, 0.14022917637917642, 0.35972886002885995], [0.22074134754134755, 0.2724831113331114, 0.21716587301587317, 0.2896096681096681], [0.2796176767676768, 0.2513188533688533, 0.21100245310245322, 0.25806101676101684], [0.224399877899878, 0.2792385336885337, 0.21188472083472099, 0.2844768675768676], [0.29218791763791774, 0.24579353979353996, 0.18765360750360752, 0.27436493506493514], [0.23338509823509837, 0.2787748529248531, 0.164111482961483, 0.3237285658785661], [0.21260952380952383, 0.3223354256854257, 0.21214684759684765, 0.25290820290820293], [0.20305073260073275, 0.294218806193806, 0.19419821567321574, 0.3085322455322456], [0.24271386391386404, 0.3091592352092353, 0.2294566600066601, 0.21867024087024095], [0.21309340381840391, 0.2754467893217893, 0.14646896991897, 0.3649908369408369], [0.22017932133226248, 0.2778607048180578, 0.1836836604571899, 0.3182763133924898], [0.1422049561549562, 0.2899862359862361, 0.2573580086580088, 0.31045079920079915], [0.24535269175269186, 0.29785485070485074, 0.19174888999889003, 0.26504356754356767], [0.20333686868686876, 0.29522356532356536, 0.2101476412476413, 0.29129192474192467], [0.21968015747582317, 0.2656615440115441, 0.22553290043290053, 0.28912539807973237], [0.2091183427683427, 0.25646993561993564, 0.2417802808302811, 0.2926314407814409], [0.1976920357420357, 0.2592389332889333, 0.22650158730158745, 0.3165674436674437], [0.21149535754100984, 0.30384893994893997, 0.2463991979035459, 0.2382565046065047], [0.21022979242979253, 0.32307872405372406, 0.19324287379287386, 0.2734486097236097], [0.29531168276168296, 0.2839912753912755, 0.16961720779220787, 0.2510798340548341], [0.22084671717171717, 0.2908726670388435, 0.2034659396159397, 0.2848146761734997], [0.3067677183927184, 0.27277393994894006, 0.13471125541125542, 0.2857470862470864], [0.21555762015762026, 0.27768888888888904, 0.1739888528138529, 0.33276463813963825], [0.2336038406038406, 0.3354247363747364, 0.19008339993339987, 0.2408880230880232], [0.20940483405483415, 0.315103651903652, 0.21187282717282718, 0.26361868686868684], [0.26668964368964376, 0.2808998112998114, 0.17940008325008325, 0.2730104617604619], [0.26182411477411477, 0.2645392143803911, 0.16562591297591306, 0.3080107578695815], [0.20433162393162388, 0.26375254745254756, 0.19843424908424914, 0.3334815795315796], [0.22555704295704304, 0.2785817127317127, 0.17179426684426694, 0.32406697746697744], [0.19925088245088243, 0.30661103341103346, 0.21159342324342328, 0.282544660894661], [0.14242818292818302, 0.3373949772449772, 0.20900300810300826, 0.31117383172383173], [0.26732065352947687, 0.26704881784881784, 0.248885175935176, 0.2167453526865293], [0.26663407703407715, 0.29794782439782447, 0.18094171939171946, 0.2544763791763792], [0.2282542790542792, 0.26056680541680555, 0.17914146964146968, 0.33203744588744605], [0.2523182817182818, 0.2873696192696194, 0.24807832722832737, 0.21223377178377179], [0.17280987345987353, 0.3192891386391384, 0.20780149295149292, 0.30009949494949495], [0.20510536130536144, 0.3394403707403704, 0.23828189588189602, 0.21717237207237214], [0.16844888444888456, 0.30587565212565215, 0.24268458208458216, 0.2829908813408814], [0.2030289710289711, 0.2802182539682542, 0.20362274947274944, 0.31313002553002545], [0.20893332778332788, 0.3167136530136531, 0.21292766122766124, 0.26142535797535804], [0.21786323676323682, 0.28340119880119885, 0.21731394716394736, 0.2814216172716173], [0.26884122544122535, 0.3058817182817183, 0.12631120546120544, 0.29896585081585086], [0.2220465478965479, 0.30380975135975136, 0.23045180930180942, 0.2436918914418916], [0.28339704739704746, 0.2750841547341547, 0.160058263958264, 0.28146053391053394], [0.2533908480408481, 0.27596968031968044, 0.20195062715062723, 0.26868884448884467], [0.3211569597069598, 0.23688563658563666, 0.12257360972360976, 0.3193837939837939], [0.16085799200799208, 0.317115084915085, 0.2289593240093241, 0.2930675990675992], [0.19592104007104014, 0.2948909701409702, 0.2290511322011322, 0.28013685758685763], [0.202627541902542, 0.26075557220557233, 0.2026463591963592, 0.3339705266955265], [0.29812472483656693, 0.2607112554112556, 0.14712487512487518, 0.29403914462730274], [0.31722183927183917, 0.27694021534021546, 0.14130697080697083, 0.26453097458097463], [0.31433213453213443, 0.24763608613608631, 0.15940530580530585, 0.2786264735264737], [0.2742159253027675, 0.254367698967699, 0.18386253746253753, 0.28755383826699615], [0.1837991841491841, 0.3670929958929958, 0.248599347874348, 0.20050847208347214], [0.20511222111222122, 0.25514643689643696, 0.16036731601731613, 0.37937402597402603], [0.2742735209235211, 0.25433503163503157, 0.16989412809412816, 0.30149731934731944], [0.18968377733377745, 0.3080482572982573, 0.21127611832611845, 0.29099184704184705], [0.240163924963925, 0.29031744366744366, 0.15566769341769354, 0.3138509379509379], [0.34824624819624816, 0.2197407287157288, 0.1556277056277057, 0.27638531746031736], [0.23691196026196026, 0.26952731712731715, 0.14757044067044078, 0.34599028194028203], [0.22032960372960372, 0.28620728715728727, 0.21792078477078491, 0.27554232434232445], [0.2281143356643358, 0.3356145798645799, 0.17587342102342113, 0.2603976634476634], [0.29393501498501495, 0.2427713064713065, 0.12916284271284276, 0.33413083583083575], [0.18384813519813525, 0.3206793484293483, 0.23212374292374297, 0.26334877344877355], [0.2651830946830947, 0.31644010434010444, 0.1771715950715952, 0.24120520590520603], [0.24531914196914198, 0.3354031246531246, 0.1849835775335776, 0.2342941558441559], [0.1941599123099124, 0.3170924741924744, 0.1724566600066601, 0.31629095349095343], [0.2510380064380065, 0.3286990953490953, 0.17453533133533145, 0.24572756687756694], [0.22347627650127666, 0.25003797313797327, 0.14331582306582313, 0.38316992729492744], [0.24793892218892238, 0.2867423687423688, 0.16739091186591198, 0.29792779720279705], [0.21670177045177066, 0.254726678876679, 0.19446797091797094, 0.3341035797535796]]}}