{"test": {"ids": ["110120190", "105115380", "102108621", "106119990", "108116120", "105110091", "100109000", "100108580", "97116410", "108115880", "108115870", "108117451", "103113640", "99109910", "107115140", "100109360", "106117790", "100109980", "112117790", "108115500", "107116501", "111120220", "105115250", "113122180", "99111340", "103111170", "107121700", "105112130", "109114270", "108113700", "98106560", "108115070", "109117271", "101116130", "97116401", "108120060", "112119930", "98116500", "108119510", "112116850", "106120640", "102109910", "109117630", "113122120", "113122230", "98121790", "101114990", "99108330", "112116990", "110116290", "109115070", "103117200", "109118701", "103109021", "112116401", "112119980", "111117200", "112121010", "107118820", "99108520", "111118301", "105114220", "98111670", "99107660", "109119010", "99109141", "98107210", "113119120", "103111540", "111119300", "110114920", "106116850", "112116880", "103113270", "102110500", "112118620", "110115890", "104109311", "113118490", "105115680", "100108260", "108120700", "104119290", "103111930", "102121700", "112116610", "110118740", "112116290", "103120730", "101109120", "111119950", "99111440", "108113740", "97105960", "113121950", "97107821", "107113200", "104111620", "108117610", "111119930", "100120010", "100113210", "105116090", "104112470", "112118530", "107113130", "98110710", "101108580", "111118910", "111116010", "112119950", "105115900", "100111620", "109114720", "110114720", "112118471", "107114321", "101108121", "109117150", "103109641", "99120010", "112119320", "112118820", "102110690", "113120531", "113118870", "105113620", "109113881", "105116650", "97108520", "109116930", "107119130", "101111310", "107118490", "99108580", "111116170", "102111990", "104113170", "103111620", "106114321", "112118810", "105118740"], "labels": [3, 1, 3, 0, 1, 0, 1, 0, 3, 3, 3, 2, 1, 2, 0, 0, 1, 1, 3, 3, 1, 3, 2, 2, 1, 2, 3, 1, 3, 0, 1, 1, 0, 2, 3, 1, 1, 2, 1, 0, 3, 2, 0, 1, 1, 2, 3, 1, 0, 2, 0, 0, 3, 0, 0, 0, 0, 2, 3, 2, 3, 3, 1, 3, 3, 3, 1, 3, 1, 1, 3, 3, 0, 2, 3, 3, 2, 3, 1, 2, 3, 2, 1, 3, 1, 1, 3, 0, 1, 1, 0, 3, 3, 2, 3, 2, 0, 0, 3, 1, 0, 0, 1, 1, 1, 1, 2, 0, 0, 1, 0, 3, 3, 0, 3, 1, 0, 0, 2, 1, 2, 1, 0, 0, 0, 0, 0, 0, 1, 2, 0, 1, 3, 2, 0, 0, 2, 3, 0, 2, 3, 1], "predicted_labels": [3, 1, 0, 3, 0, 1, 0, 2, 1, 0, 3, 0, 0, 2, 3, 3, 1, 0, 3, 1, 3, 0, 0, 3, 2, 0, 1, 1, 3, 0, 3, 1, 3, 3, 1, 2, 1, 3, 3, 2, 1, 3, 0, 1, 1, 1, 1, 3, 0, 2, 1, 0, 3, 3, 0, 3, 3, 1, 0, 2, 3, 0, 2, 2, 1, 0, 2, 3, 3, 3, 3, 1, 2, 2, 3, 3, 3, 3, 3, 1, 0, 3, 1, 1, 0, 1, 3, 3, 1, 3, 3, 0, 3, 3, 1, 1, 0, 0, 3, 3, 1, 3, 0, 3, 1, 2, 1, 0, 3, 1, 0, 0, 3, 1, 2, 1, 3, 1, 1, 3, 2, 2, 3, 3, 1, 3, 1, 1, 2, 1, 3, 1, 1, 1, 2, 1, 0, 1, 2, 2, 3, 3], "confidence_scores": [[0.262863343807068, 0.30581724913025754, 0.10603218090928675, 0.32528722615338734], [0.22485722445239037, 0.29619108407604033, 0.1952043144285347, 0.28374737704303477], [0.3154425659171665, 0.25890645628551007, 0.11852655806515665, 0.30712441973216714], [0.2632050317509518, 0.2955959652474148, 0.1179789899479078, 0.3232200130537252], [0.33053501454191603, 0.22934807128860563, 0.1365364417526407, 0.30358047241683744], [0.18550965208776987, 0.30282432948741833, 0.2320187487835216, 0.27964726964129016], [0.26289459043067814, 0.25720920017580773, 0.21686401155716592, 0.26303219783634824], [0.16257554646335245, 0.29467029192325517, 0.30763118815558627, 0.2351229734578058], [0.1994731511243848, 0.2855943847601543, 0.24849206515078362, 0.26644039896467747], [0.27701133121314, 0.2840578947209753, 0.13421378655278562, 0.30471698751309884], [0.2552328563342641, 0.2839011898067379, 0.15736197400097346, 0.30350397985802446], [0.33361424822911406, 0.2636429618980353, 0.06694699963001736, 0.33579579024283346], [0.3466296197115293, 0.2518625058640416, 0.07964646194480297, 0.321861412479626], [0.1128902547083354, 0.28413512617166237, 0.4452108971237852, 0.15776372199621733], [0.2628424205152428, 0.26030819011781897, 0.14767994956032973, 0.32916943980660845], [0.22874143277317802, 0.28274279879050074, 0.18304829945927026, 0.3054674689770513], [0.16258685573471787, 0.3007442989123684, 0.3136654761747368, 0.2230033691781771], [0.326869199558463, 0.2371060945495164, 0.1748785870148836, 0.2611461188771372], [0.2821851937017757, 0.26559014952271426, 0.14797318997340497, 0.3042514668021047], [0.15333578734429335, 0.3135028061489386, 0.27646098305518985, 0.25670042345157806], [0.28358790961311436, 0.297529046706815, 0.09464206643528736, 0.32424097724478346], [0.29535408819558895, 0.2879618100569634, 0.10269508397742555, 0.3139890177700223], [0.29250066489687465, 0.28035265574878293, 0.13830182410766342, 0.2888448552466788], [0.25843338163001517, 0.29485419737462165, 0.13363424939406524, 0.3130781716012981], [0.13218737722945456, 0.3120469255530597, 0.2882398505954983, 0.26752584662198753], [0.25434118039147063, 0.2657487540344063, 0.220304462138592, 0.2596056034355313], [0.17960484058279563, 0.2996169218331374, 0.2621274251582876, 0.2586508124257796], [0.1968336547061131, 0.31557468315582754, 0.18465420741764169, 0.30293745472041766], [0.19874645082942374, 0.2802167138194681, 0.24018625974349891, 0.2808505756076093], [0.31153128441858496, 0.27768234463189295, 0.1302268272856795, 0.2805595436638422], [0.2645743144151437, 0.2774004893733089, 0.1580160760188661, 0.30000912019268156], [0.2561710324429301, 0.28970637919319003, 0.1773917058281134, 0.27673088253576694], [0.2760187487558298, 0.2721455972427083, 0.13480526153005176, 0.31703039247141007], [0.22225241271247223, 0.2665509763524432, 0.21589158143002687, 0.29530502950505794], [0.1730357701075414, 0.2975930569371101, 0.25218211531023227, 0.2771890576451163], [0.20763677815263842, 0.2908389935436028, 0.28488836367506953, 0.21663586462868906], [0.19510797754819859, 0.2950807676382144, 0.2386512736779934, 0.2711599811355934], [0.2328742131360315, 0.2867419854434028, 0.19244204519734445, 0.2879417562232214], [0.2331915087603746, 0.27218423370253886, 0.2173112067962187, 0.27731305074086804], [0.18807536805312297, 0.2819346990632212, 0.2733199526543801, 0.2566699802292756], [0.1426484175226423, 0.3262103732657951, 0.2880501027785742, 0.24309110643298826], [0.22473589743619152, 0.26227550753124723, 0.22817555944809106, 0.28481303558447024], [0.2818060923574969, 0.2928860853839307, 0.17638520226405732, 0.24892261999451526], [0.22826990390846974, 0.2901798480771091, 0.22894804182087106, 0.2526022061935502], [0.15650399289624264, 0.3116594391093158, 0.26464525693827295, 0.26719131105616856], [0.22143562409647757, 0.29518760819142403, 0.25000606037633666, 0.2333707073357616], [0.17601901253072721, 0.31663766259102766, 0.22772696135949627, 0.279616363518749], [0.24058681201294882, 0.2755656786381276, 0.20419549528512432, 0.27965201406379914], [0.31893123517422545, 0.2364873591661242, 0.15346312176804677, 0.29111828389160394], [0.20219255988762275, 0.2602986010286518, 0.31944602266285455, 0.21806281642087086], [0.199500976751932, 0.31742554581393617, 0.2070720415218017, 0.2760014359123305], [0.29992589263298824, 0.2849992167218969, 0.08776306502299601, 0.32731182562211886], [0.2740731302506401, 0.2854483104865913, 0.12643317115254046, 0.314045388110228], [0.28714904227915705, 0.29874611208764756, 0.0836189980751244, 0.3304858475580711], [0.3490451356225036, 0.24066312917325386, 0.09525701443697389, 0.31503472076726874], [0.2449868236953275, 0.3002656058093075, 0.13207911283758966, 0.3226684576577754], [0.2464713910159051, 0.28952347003151024, 0.1644229673181327, 0.29958217163445205], [0.25338309609512427, 0.2953876750346782, 0.14866062964129606, 0.30256859922890134], [0.2849808128305587, 0.2618647755938596, 0.16780852761210924, 0.28534588396347216], [0.1355998009723805, 0.31377931984078056, 0.3436221733074286, 0.20699870587941044], [0.22328984143839103, 0.2971126089409133, 0.1779835788729732, 0.30161397074772206], [0.3011719563925766, 0.2828743385534798, 0.11294202524132514, 0.3030116798126181], [0.18326701207587784, 0.26655768323533957, 0.3204685204421619, 0.22970678424662064], [0.19157212757310174, 0.27032658966613965, 0.2804404895253474, 0.257660793235411], [0.1928278615454524, 0.3026933092163694, 0.21753558284417893, 0.28694324639399915], [0.29975447377624775, 0.2608883645901998, 0.1562296033668789, 0.2831275582666734], [0.18168124965971133, 0.27686288716282087, 0.29714669447615083, 0.24430916870131678], [0.22522787817061268, 0.2856095725345484, 0.17573975890868604, 0.3134227903861525], [0.15514559304086925, 0.3013504284040857, 0.2658188886852189, 0.2776850898698262], [0.1899427798726932, 0.30588746795073346, 0.195397944152144, 0.30877180802442905], [0.25735726203595055, 0.30986290315643794, 0.1108477108556033, 0.32193212395200843], [0.2660976997671888, 0.2841283551971259, 0.1726683996239826, 0.2771055454117025], [0.17180707871891557, 0.2963534994397818, 0.28067897268410946, 0.25116044915719293], [0.14290520597399872, 0.300995362570201, 0.30905098966965827, 0.24704844178614171], [0.3048322199192829, 0.2591565270028564, 0.11628897162657607, 0.31972228145128473], [0.2865152439591682, 0.2701111658406487, 0.13323377879044293, 0.3101398114097398], [0.2089499250896264, 0.31100458935570463, 0.16280255153736894, 0.3172429340173], [0.3061165486259809, 0.2739836560428786, 0.08949920279909786, 0.3304005925320423], [0.2750059915925836, 0.2770954609075314, 0.14822195677613922, 0.29967659072374575], [0.17239474626001078, 0.31356510931217385, 0.2316955883533856, 0.2823445560744298], [0.277816486238435, 0.27990826225927684, 0.14124866224295862, 0.30102658925932935], [0.2691761167843647, 0.27533916059486335, 0.16028585849863908, 0.29519886412213264], [0.1546423050223385, 0.32257785974583414, 0.21698540957264023, 0.30579442565918724], [0.2357481865085149, 0.27783986839824687, 0.23563891236176143, 0.25077303273147716], [0.2754779009658114, 0.2815557295885248, 0.16288465075129965, 0.2800817186943638], [0.23738150580624034, 0.2821670178246857, 0.23669318593544883, 0.24375829043362507], [0.3039001940934522, 0.24555951072148519, 0.1502291922967501, 0.3003111028883124], [0.24812256969899502, 0.2968934490344132, 0.14449804724760956, 0.3104859340189822], [0.24838194388794654, 0.31079438570249446, 0.14202462158178433, 0.29879904882777497], [0.24312687320440315, 0.28614538263556166, 0.17670500573305312, 0.2940227384269822], [0.2377874005197952, 0.2645624497680738, 0.2116118939442895, 0.28603825576784186], [0.31872665689249235, 0.23499311453105798, 0.14813565231504577, 0.2981445762614038], [0.3070146975761562, 0.2750907998494044, 0.09628951672502777, 0.3216049858494115], [0.21445280579367476, 0.27327912182459574, 0.2433484156619315, 0.2689196567197982], [0.1679046219245985, 0.3061587460557528, 0.246365929904134, 0.2795707021155148], [0.2732242989439654, 0.30351357455203604, 0.10526624567261941, 0.3179958808313791], [0.29598852280913257, 0.2579953892440048, 0.15599910672043374, 0.29001698122642916], [0.32157243122950946, 0.2574674368913719, 0.09905004292187931, 0.32191008895723955], [0.27523449839031566, 0.2972835489337121, 0.09386312205209454, 0.3336188306238774], [0.2820923207685017, 0.29641521791187697, 0.10279295186938722, 0.3186995094502342], [0.15713522085389256, 0.3068503162882022, 0.28417921115274175, 0.2518352517051637], [0.3038709046019713, 0.2697347849223445, 0.10580604798095089, 0.3205882624947335], [0.3057582900591681, 0.2551317499806641, 0.14746456128444824, 0.29164539867571926], [0.16336962896498733, 0.30698681560058266, 0.2291017696622196, 0.3005417857722102], [0.14104979802038836, 0.32919525639773517, 0.3320679621933852, 0.19768698338849122], [0.18320486727530141, 0.27912678491464343, 0.3358052759529671, 0.2018630718570878], [0.1841231047859528, 0.3162369460464288, 0.2074233313361509, 0.2922166178314675], [0.2832667398328724, 0.21919945432486326, 0.238809009997596, 0.25872479584466845], [0.25760304621613533, 0.2884568871768041, 0.14130164194999342, 0.31263842465706737], [0.18227798531998557, 0.3276058362908061, 0.23018034512900182, 0.25993583326020697], [0.3311499645055535, 0.26012566252944475, 0.07592324789963142, 0.3328011250653701], [0.2631861741178075, 0.24916412515038563, 0.19779430486530772, 0.2898553958664992], [0.1990121671522005, 0.2804435109885145, 0.2530857329381196, 0.2674585889211652], [0.19986019158816135, 0.31127591796625814, 0.18011471446707167, 0.3087491759785088], [0.10688579020790431, 0.30401877209401096, 0.4022863515184848, 0.1868090861796005], [0.24655867882276958, 0.2951574799652712, 0.1783196223082761, 0.27996421890368345], [0.21435659306665794, 0.28354277997496097, 0.2122246522891089, 0.28987597466927195], [0.27702711362485444, 0.29737346687834715, 0.11363809931089684, 0.31196132018590206], [0.24281230596544665, 0.29708620844552214, 0.1917008182519965, 0.268400667337035], [0.17449621222525677, 0.286526059065631, 0.2515520057208895, 0.2874257229882228], [0.16096635541720408, 0.2819186649217868, 0.33689464797618124, 0.2202203316848274], [0.10799503078994821, 0.3209644091779557, 0.330116237596768, 0.2409243224353281], [0.26548058896702414, 0.293680706843741, 0.12682760624173386, 0.31401109794750104], [0.26450782352753716, 0.3064035972689381, 0.09884519865738052, 0.33024338054614455], [0.2595260143435859, 0.28911564470196993, 0.14483966791617284, 0.3065186730382712], [0.2079430607105852, 0.302975799880217, 0.19046785405111577, 0.29861328535808196], [0.18430621583500956, 0.3145725276703397, 0.22430246244746155, 0.27681879404718923], [0.24228114548231192, 0.30014834393223355, 0.17425689151816862, 0.2833136190672862], [0.18095740369052368, 0.2938926881995385, 0.286353148495615, 0.23879675961432256], [0.22598949210249675, 0.2939521079943438, 0.2315713961330574, 0.24848700377010174], [0.2370046924965861, 0.25207518713504073, 0.2416482982233135, 0.26927182214505985], [0.26001883131132897, 0.2944480735211955, 0.136934566784675, 0.30859852838280044], [0.2679288688101797, 0.28468605066641683, 0.18261038595256418, 0.26477469457083913], [0.23368218534223797, 0.29117778832206087, 0.2072912694353385, 0.2678487569003628], [0.13408152688841618, 0.31130877207364016, 0.3459458241999498, 0.2086638768379938], [0.25132907423505785, 0.3120748723421211, 0.11663902581860267, 0.31995702760421857], [0.29307372692299843, 0.26658052095276413, 0.15294579737367633, 0.2873999547505612], [0.18862556756986668, 0.3037058910302347, 0.23098940305100443, 0.2766791383488943], [0.21099108826184862, 0.27905050936606124, 0.27028900119688204, 0.23966940117520824], [0.2132902557054459, 0.2805967658674813, 0.25829993749057734, 0.24781304093649553], [0.28981357309470646, 0.2991433290119173, 0.08201115902473839, 0.32903193886863813], [0.1860257190204445, 0.29073758244228254, 0.2499067152855822, 0.27332998325169083]]}, "rewritten": {"ids": ["97105960", "97107821", "97108520", "97116401", "97116410", "98106560", "98107210", "98110710", "98111670", "98116500", "98121790", "99107660", "99108330", "99108520", "99108580", "99109141", "99109910", "99111340", "99111440", "99120010", "100108260", "100108580", "100109000", "100109360", "100109980", "100111620", "100113210", "100120010", "101108121", "101108580", "101109120", "101111310", "101114990", "101116130", "102108621", "102109910", "102110500", "102110690", "102111990", "102121700", "103109021", "103109641", "103111170", "103111540", "103111620", "103111930", "103113270", "103113640", "103117200", "103120730", "104109311", "104111620", "104112470", "104113170", "104119290", "105110091", "105112130", "105113620", "105114220", "105115250", "105115380", "105115680", "105115900", "105116090", "105116650", "105118740", "106114321", "106116850", "106117790", "106119990", "106120640", "107113130", "107113200", "107114321", "107115140", "107116501", "107118490", "107118820", "107119130", "107121700", "108113700", "108113740", "108115070", "108115500", "108115870", "108115880", "108116120", "108117451", "108117610", "108119510", "108120060", "108120700", "109113881", "109114270", "109114720", "109115070", "109116930", "109117150", "109117271", "109117630", "109118701", "109119010", "110114720", "110114920", "110115890", "110116290", "110118740", "110120190", "111116010", "111116170", "111117200", "111118301", "111118910", "111119300", "111119930", "111119950", "111120220", "112116290", "112116401", "112116610", "112116850", "112116880", "112116990", "112117790", "112118471", "112118530", "112118620", "112118810", "112118820", "112119320", "112119930", "112119950", "112119980", "112121010", "113118490", "113118870", "113119120", "113120531", "113121950", "113122120", "113122180", "113122230"], "labels": [2, 2, 2, 3, 3, 1, 1, 2, 1, 2, 2, 3, 1, 2, 0, 3, 2, 1, 3, 2, 3, 0, 1, 0, 1, 3, 0, 0, 0, 0, 1, 3, 3, 2, 3, 2, 3, 0, 2, 1, 0, 1, 2, 1, 0, 3, 2, 1, 0, 1, 3, 0, 1, 3, 1, 0, 1, 0, 3, 2, 1, 2, 3, 1, 1, 1, 2, 3, 1, 0, 3, 1, 0, 0, 0, 1, 2, 3, 1, 3, 0, 3, 1, 3, 3, 3, 1, 2, 3, 1, 1, 2, 0, 3, 0, 0, 0, 2, 0, 0, 3, 3, 3, 3, 2, 2, 3, 3, 1, 0, 0, 3, 0, 1, 1, 0, 3, 0, 0, 1, 0, 0, 0, 3, 1, 1, 3, 3, 0, 1, 1, 0, 0, 2, 1, 0, 3, 0, 3, 1, 2, 1], "predicted_labels": [2, 3, 1, 1, 1, 3, 2, 1, 2, 3, 2, 2, 1, 2, 2, 0, 2, 3, 3, 2, 1, 2, 2, 3, 0, 2, 3, 1, 1, 2, 3, 0, 1, 3, 0, 3, 0, 3, 0, 1, 3, 3, 1, 3, 2, 0, 2, 0, 0, 1, 3, 0, 3, 1, 1, 1, 1, 1, 0, 0, 1, 1, 3, 0, 1, 2, 2, 2, 2, 3, 1, 2, 0, 3, 3, 1, 1, 0, 1, 1, 0, 3, 1, 1, 3, 0, 0, 3, 3, 2, 1, 0, 1, 3, 1, 1, 2, 1, 3, 0, 3, 1, 2, 1, 1, 2, 3, 3, 1, 3, 3, 1, 3, 3, 1, 3, 0, 3, 0, 1, 3, 2, 0, 3, 1, 1, 3, 1, 1, 2, 1, 0, 3, 1, 0, 1, 3, 1, 1, 1, 3, 1], "confidence_scores": [[0.1977533630538019, 0.2821258220016329, 0.25618985772009284, 0.2639309572244724], [0.254375129059237, 0.29338846804928914, 0.1500572218263693, 0.3021791810651046], [0.21678280455525106, 0.2895238879757491, 0.27182574379754076, 0.22186756367145918], [0.1560092760401276, 0.3061385000493062, 0.26993789501620913, 0.26791432889435696], [0.17963613020383115, 0.29498270555661577, 0.2677650376046453, 0.25761612663490774], [0.27264576915520433, 0.2721295268411837, 0.14977817252021028, 0.30544653148340184], [0.16899932883937785, 0.2824030380324063, 0.3110486748531945, 0.23754895827502165], [0.1624518379065721, 0.32157093842318096, 0.22240562002771522, 0.29357160364253143], [0.19920398305866352, 0.2619840297137875, 0.29685660200196895, 0.2419553852255799], [0.23323561514023378, 0.285741738503158, 0.18424496231693382, 0.29677768403967436], [0.1933871898626192, 0.28256591269942527, 0.30815898595548674, 0.21588791148246878], [0.2058464439350364, 0.2638378172996458, 0.2774040548130725, 0.25291168395224534], [0.23360369371764012, 0.2796138182646842, 0.21179092640919855, 0.2749915616084771], [0.12221943162587062, 0.3208721587978958, 0.35545269969541915, 0.2014557098808141], [0.12273780786248267, 0.31210028010531055, 0.35578085296072715, 0.20938105907147994], [0.2564390023547609, 0.26511789967728766, 0.20690554157218274, 0.2715375563957685], [0.11901073701014865, 0.2781226093758501, 0.424179092415046, 0.17868756119895524], [0.15404198150807186, 0.3031353403920181, 0.263284923601157, 0.2795377544987529], [0.2468396764674087, 0.2686790842639648, 0.20432709646015956, 0.280154142808467], [0.15090382257328006, 0.2844667437231064, 0.34026974939355753, 0.22435968431005618], [0.25303263232077583, 0.2816827711042845, 0.19027869279367599, 0.2750059037812635], [0.1668205086755112, 0.28698176490883287, 0.31838016870038693, 0.227817557715269], [0.2469629831539772, 0.2603090938535914, 0.24414207705164892, 0.24858584594078256], [0.18926180490465486, 0.28807913319526807, 0.2217388602237349, 0.3009202016763422], [0.3095000936776883, 0.24661945144117617, 0.18760369882607938, 0.256276756055056], [0.1980158047447696, 0.27722386646395863, 0.26539726068293434, 0.2593630681083373], [0.29703319349397334, 0.27662626204071394, 0.10757621688156518, 0.3187643275837476], [0.14509938536227243, 0.3120304294292361, 0.2964691366748306, 0.24640104853366068], [0.264248946875584, 0.29834964105398093, 0.14641342894572945, 0.2909879831247055], [0.23961079393954834, 0.22011417777604178, 0.3079920410310596, 0.23228298725335023], [0.215535941290902, 0.2897849162313894, 0.20877714436095623, 0.28590199811675227], [0.2744568477549899, 0.27807427200329116, 0.17494908658730596, 0.2725197936544134], [0.17171488693035422, 0.3048216895119351, 0.2541290323591324, 0.26933439119857794], [0.19278270041120082, 0.2632499000539665, 0.26179003062537387, 0.2821773689094588], [0.3139912773032046, 0.25788953926619834, 0.12240553941100633, 0.30571364401959084], [0.21515328124601482, 0.2600023401145424, 0.24859803597400365, 0.27624634266543907], [0.3032322978202726, 0.2502360240638244, 0.13697232312927654, 0.3095593549866262], [0.26680805839663096, 0.3005639374024407, 0.10932218492706547, 0.32330581927386304], [0.2889605343506606, 0.25914049528471456, 0.17006796456372483, 0.2818310058009001], [0.26668440751437816, 0.28267653940617193, 0.17046726219316263, 0.2801717908862871], [0.2840268708401469, 0.2922603031333602, 0.1002488830366561, 0.32346394298983683], [0.16981940039870233, 0.28393263425083015, 0.26761129369662917, 0.27863667165383826], [0.22627942199839454, 0.2808835178111925, 0.24051274590629698, 0.25232431428411595], [0.19348302055853245, 0.2901509310379658, 0.23214949621042136, 0.2842165521930805], [0.18481448745494494, 0.2845565542240662, 0.30116187474661876, 0.22946708357437035], [0.2603099752113129, 0.27823955208553514, 0.2101677599490224, 0.25128271275412944], [0.1639438320455176, 0.28998418333966214, 0.2974776695858328, 0.24859431502898766], [0.3300769253588276, 0.25862193614619156, 0.10242368521025116, 0.3088774532847295], [0.311652814327079, 0.2741893766890658, 0.08943313580075546, 0.32472467318309994], [0.2624888731860496, 0.29854916864497794, 0.14201963826765918, 0.2969423199013134], [0.298130749785294, 0.27357755502906045, 0.10208453162640152, 0.32620716355924395], [0.31763257854597, 0.25123966744058046, 0.11639881704312331, 0.31472893697032617], [0.1466403512613004, 0.30186332850102393, 0.2608004349757032, 0.29069588526197243], [0.15091046976342828, 0.31839054891532337, 0.26232870951431486, 0.2683702718069334], [0.16456329738675385, 0.313118744535581, 0.2419468687490916, 0.28037108932857374], [0.18584083700352957, 0.3035088048097884, 0.23150647086642845, 0.2791438873202534], [0.1844298005567849, 0.31328104665516454, 0.19719143350513163, 0.305097719282919], [0.19877700001273282, 0.3045272479076226, 0.2194276554207771, 0.2772680966588678], [0.29388053573543205, 0.28288006608800353, 0.1273498664599464, 0.2958895317166177], [0.27731257336970294, 0.2802996618993033, 0.17112673167869108, 0.27126103305230254], [0.1938763749029462, 0.30080051347904635, 0.23847549362125062, 0.2668476179967568], [0.15978273475531388, 0.31331973344653125, 0.258207457312651, 0.26869007448550386], [0.21607586059847667, 0.2612179605992758, 0.24032458257258021, 0.2823815962296671], [0.2787210328574693, 0.26178783266673494, 0.18454065278792361, 0.27495048168787234], [0.20322564261327777, 0.28848859905046403, 0.26530775992305455, 0.24297799841320375], [0.1889819309627723, 0.28163520330759084, 0.26698886852523135, 0.2623939972044054], [0.21322975304044314, 0.2799057310568873, 0.2539971573285741, 0.25286735857409565], [0.21831462272995497, 0.27705477184901417, 0.24746593086018936, 0.2571646745608414], [0.15922300293815564, 0.2993496256849792, 0.32144606860602776, 0.2199813027708374], [0.24271501455143277, 0.29712331119168683, 0.14313491860423766, 0.3170267556526426], [0.13198350494618447, 0.32469985706783505, 0.29531033905306364, 0.24800629893291692], [0.24470742030000553, 0.2736548442388867, 0.27164862908503656, 0.20998910637607127], [0.30253529072298413, 0.2598565603706625, 0.13276102506602835, 0.30484712384032486], [0.21281026818101884, 0.28852965572835343, 0.2005162531735436, 0.29814382291708397], [0.2306226651141083, 0.2677204112096088, 0.1793402654247298, 0.32231665825155337], [0.2542199086518477, 0.3012895839673939, 0.1395804203491688, 0.30491008703158956], [0.22799071019581058, 0.2884376436540492, 0.2194217490207311, 0.264149897129409], [0.26084182549922, 0.2685748391996314, 0.18599385472520577, 0.2845894805759426], [0.2581854815087289, 0.290358300261394, 0.14625141561128768, 0.30520480261858934], [0.19071137772472055, 0.2935804210795981, 0.2472481656455433, 0.2684600355501382], [0.3097303536830292, 0.27665769394731776, 0.1338161032196517, 0.27979584915000133], [0.28949802959196363, 0.28091260818929625, 0.12171615202874383, 0.30787321018999636], [0.23516374562963416, 0.2872975829590973, 0.22643484715439943, 0.2511038242568692], [0.17516484778158023, 0.30433568460866783, 0.2520025006451731, 0.26849696696457903], [0.253859542803404, 0.2816142268566399, 0.16660069205723577, 0.2979255382827203], [0.27575521577232914, 0.28563809676059276, 0.14011374567215745, 0.29849294179492053], [0.30429314543238256, 0.24181034468720589, 0.1578863738079555, 0.2960101360724562], [0.3306275333950626, 0.2605893981225, 0.07189110784130548, 0.3368919606411319], [0.2754906661519252, 0.3006285450137261, 0.09198194325392549, 0.331898845580423], [0.17875345037768664, 0.2809352182730486, 0.3015724386296017, 0.2387388927196632], [0.20220241473268788, 0.29682888237074767, 0.28289966345366835, 0.218069039442896], [0.2632964777182974, 0.2783415612753893, 0.16867021861564466, 0.2896917423906689], [0.24970826129062987, 0.2968917980673328, 0.16653826110066325, 0.2868616795413743], [0.19144575413751466, 0.28336044264181215, 0.2539566824604775, 0.27123712076019574], [0.17680621523978837, 0.31309919568906003, 0.22477584842555207, 0.2853187406455996], [0.19635821188908673, 0.3173543894771101, 0.21502936177835932, 0.2712580368554441], [0.2176145265749156, 0.2575908768024009, 0.2683726611389407, 0.25642193548374276], [0.23113938381798446, 0.28762739428046225, 0.22207941611588403, 0.25915380578566943], [0.2659421932955256, 0.27085505292922485, 0.151629761820582, 0.31157299195466753], [0.2752704644559211, 0.28434033051239355, 0.19993373145246468, 0.24045547357922048], [0.25895490357813267, 0.28756524270351946, 0.14270522241527278, 0.31077463130307487], [0.21575091095808863, 0.30133448236211247, 0.1910666332252912, 0.29184797345450775], [0.1147794730195699, 0.3064561299157157, 0.3654972417358579, 0.21326715532885665], [0.23523383312486995, 0.3160309400327702, 0.1459958010628312, 0.3027394257795288], [0.19150287087615775, 0.3070488694195717, 0.21254293589901696, 0.2889053238052537], [0.23342603130931966, 0.2587192101413549, 0.2647210480582358, 0.24313371049108984], [0.29337737559078153, 0.24902316970808636, 0.1660548986235094, 0.2915445560776228], [0.2532679231722678, 0.3065209643834974, 0.11932834028425172, 0.32088277215998307], [0.16394779140600393, 0.3292147349689614, 0.24770736236449295, 0.2591301112605417], [0.27171993979238473, 0.2998207865910517, 0.10813316183170461, 0.3203261117848589], [0.2485526255819393, 0.2934682070488395, 0.15704055025519498, 0.3009386171140265], [0.23121784296163558, 0.2998447562125739, 0.1707748905175278, 0.2981625103082631], [0.2407321533536941, 0.28763769377955206, 0.16410323547183733, 0.3075269173949164], [0.2130818877889608, 0.30036695486141674, 0.17420144492183073, 0.3123497124277918], [0.2769968373028484, 0.2978346469618187, 0.11634477354805302, 0.3088237421872797], [0.2157522905175808, 0.26625603112237034, 0.23919864255919124, 0.2787930358008578], [0.2927251277963262, 0.2872023114420156, 0.10878434222623558, 0.3112882185354226], [0.2535355790330965, 0.29089961425248007, 0.14841272752173976, 0.3071520791926837], [0.34479672844865616, 0.24609988963286264, 0.1047636389400676, 0.30433974297841376], [0.22651757241160375, 0.28615456839153963, 0.24646373821003437, 0.2408641209868221], [0.22565749916045005, 0.2800414214329574, 0.21117177407836946, 0.28312930532822345], [0.1660653991798068, 0.302172093483725, 0.27294621117988815, 0.25881629615658003], [0.30946254371210563, 0.23431601309725972, 0.16993820679323204, 0.2862832363974025], [0.3053209582963533, 0.25947073049627106, 0.12491055462235777, 0.31029775658501796], [0.2512214724307449, 0.2799720173670995, 0.20554728795324256, 0.26325922224891335], [0.14940454498897152, 0.3260136915801083, 0.3141682659835503, 0.21041349744736992], [0.2975203785639446, 0.2768375198790152, 0.10485789392698161, 0.3207842076300584], [0.2734307807731077, 0.30206465462865384, 0.10645450579759076, 0.318050058800648], [0.2602359233083974, 0.2910913956987525, 0.14844905445203582, 0.3002236265408144], [0.11378457624952691, 0.3142010914433956, 0.3216452155052987, 0.2503691168017788], [0.20086931874274433, 0.2942532655247172, 0.22598749125697684, 0.27888992447556143], [0.3192059144569616, 0.26826306387494314, 0.08330849801155747, 0.32922252365653776], [0.25663102083618305, 0.29429255605862553, 0.12631523527845215, 0.3227611878267392], [0.23794998283463722, 0.3026475040827049, 0.15418579487040243, 0.3052167182122558], [0.2832463479970304, 0.27107686104376727, 0.15251277527332416, 0.2931640156858781], [0.22898457610111775, 0.30750350265496335, 0.15443786430289694, 0.3090740569410219], [0.2340832190338199, 0.28493198646390694, 0.17087402371177834, 0.3101107707904946], [0.241364243688721, 0.2906507418127056, 0.1788870699828158, 0.2890979445157576], [0.1690958476042417, 0.303968378895957, 0.25000828701466377, 0.27692748648513754], [0.22558936312800862, 0.29007127188543225, 0.23840152026492198, 0.24593784472163716], [0.25154039341292156, 0.2984433120911666, 0.13476932190405302, 0.3152469725918591], [0.1382610762765154, 0.314662085290289, 0.29195789990618665, 0.255118938527009]]}}