{"test": {"ids": ["112117471", "101113210", "111119290", "103120340", "110117870", "100111380", "98109230", "97106770", "111120640", "111120531", "100109360", "113117340", "104114230", "111120260", "107114280", "101110740", "111117480", "99109860", "104119340", "113119120", "110115980", "112120640", "108116481", "112117431", "102118380", "112118930", "99112531", "108113620", "112118161", "110116300", "105115250", "104109311", "108121160", "110114950", "110117500", "112119950", "109114720", "103120780", "98106560", "113119360", "113120280", "99108080", "102114270", "106114150", "104116800", "107120010", "103111930", "108113700", "98112300", "110119891", "106118520", "108120260", "110115710", "113122190", "103120290", "98111860", "113122430", "113117630", "99119830", "113120640", "108117360", "97105760", "103111620", "111120220", "108113740", "108117610", "110117140", "111119950", "113117550", "99112840", "112116810", "113121980", "98107340", "110113591", "108116501", "105115720", "107119390", "99105921", "107120880", "102121700", "112116800", "108119550", "101109120", "104113380", "101108580", "97109080", "112116990", "105115380", "110118740", "110118450", "104111990", "103112470", "104114410", "109116040", "113122180", "103110050", "106119580", "108117451", "98116500", "109120560", "109116750", "98106680", "110121500", "107114621", "102112030", "103111110", "108119330", "106119990", "104114240", "108113480", "111120320", "103111990", "99111000", "99109840", "108115570", "103111480", "113122320", "106113190", "97107681", "113118490", "106115240", "99109311", "105117431", "106113830", "112117790", "112120670", "105114220", "108114040", "113122170", "111120190", "112118890", "100108260", "102110690", "113120780", "109114220", "99111620", "108118291", "106115120", "111121351", "97112290", "111114171", "101119591"], "labels": [3, 3, 3, 1, 3, 3, 1, 3, 0, 0, 0, 2, 2, 3, 3, 3, 1, 2, 1, 3, 1, 0, 0, 0, 1, 1, 3, 3, 0, 3, 2, 3, 2, 0, 1, 0, 0, 1, 1, 0, 0, 3, 3, 1, 1, 1, 3, 0, 2, 3, 2, 1, 2, 1, 2, 0, 2, 0, 1, 0, 1, 0, 0, 3, 3, 3, 3, 0, 3, 2, 3, 2, 0, 0, 0, 1, 2, 1, 1, 1, 0, 1, 1, 1, 0, 2, 0, 1, 3, 0, 2, 1, 1, 0, 2, 3, 3, 2, 2, 1, 0, 1, 3, 0, 2, 3, 0, 0, 0, 0, 1, 2, 2, 2, 3, 0, 1, 0, 3, 1, 1, 1, 1, 1, 3, 2, 3, 0, 1, 3, 3, 3, 0, 0, 3, 3, 3, 1, 0, 1, 3, 0], "predicted_labels": [1, 3, 3, 3, 3, 1, 2, 2, 3, 1, 0, 3, 3, 3, 1, 1, 1, 1, 1, 3, 1, 0, 1, 3, 1, 3, 1, 3, 1, 1, 1, 3, 3, 1, 1, 3, 3, 3, 2, 3, 3, 0, 3, 3, 3, 3, 1, 3, 3, 1, 1, 3, 1, 1, 1, 2, 1, 3, 2, 0, 3, 0, 3, 0, 3, 3, 3, 3, 3, 2, 1, 1, 1, 3, 1, 1, 1, 1, 3, 3, 1, 1, 0, 3, 0, 3, 3, 1, 3, 1, 1, 1, 1, 1, 3, 1, 1, 0, 3, 3, 1, 1, 1, 0, 2, 3, 3, 3, 3, 3, 3, 3, 3, 1, 1, 0, 1, 3, 0, 3, 0, 1, 1, 3, 3, 1, 3, 1, 1, 3, 1, 3, 0, 3, 3, 1, 1, 3, 0, 1, 3, 0], "confidence_scores": [[0.25562260030738987, 0.5840269793509911, 0.05968038032742395, 0.10067004001419504], [0.1688600873711772, 0.06130514916570563, 0.03543239415520114, 0.7344023693079161], [0.05196724433900066, 0.09233617000531741, 0.05049401505057856, 0.8052025706051034], [0.20019443665907669, 0.15075769786957618, 0.4780743005424658, 0.17097356492888133], [0.1580219152725467, 0.15766466447899588, 0.24692639912700046, 0.4373870211214567], [0.26035961242830447, 0.49595145678261254, 0.06656786872809352, 0.17712106206098951], [0.06137278590968324, 0.021893354785079235, 0.9031627791660196, 0.013571080139218011], [0.24434663205343907, 0.05031800892388093, 0.5341988596171158, 0.1711364994055642], [0.1590314596880648, 0.28339540886672415, 0.04811266396837799, 0.5094604674768332], [0.48029025260565633, 0.4163877232583759, 0.007599871155947449, 0.09572215298002011], [0.6145135884751136, 0.08870847104350486, 0.12167228565625193, 0.1751056548251294], [0.08718907250113801, 0.35030889628939293, 0.010558209905634214, 0.5519438213038347], [0.4196142242766892, 0.14563621857475978, 0.19940731967263464, 0.2353422374759162], [0.27091306590862346, 0.3041442036199301, 0.023188811982502333, 0.4017539184889442], [0.1726656275495431, 0.4400603230086215, 0.2778628449330979, 0.10941120450873756], [0.11882143852796513, 0.29168033986790004, 0.4548175293505186, 0.13468069225361626], [0.22409115751805403, 0.4013660679849932, 0.045693231287717385, 0.3288495432092354], [0.14707278090995154, 0.6584892679813177, 0.14200897565084183, 0.05242897545788921], [0.023411461698439093, 0.5114974259833455, 0.11500366009992576, 0.3500874522182899], [0.17981068458987434, 0.36984695649698934, 0.0022708310723157095, 0.44807152784082044], [0.1350374560284637, 0.467424831017206, 0.09849753866134994, 0.29904017429298047], [0.7849825066861147, 0.08607515294530904, 0.013497333541875765, 0.11544500682670032], [0.18652966472698426, 0.7184901370029972, 0.007965194438884101, 0.08701500383113447], [0.4099417787810776, 0.27308441852900384, 0.014187273601683438, 0.30278652908823467], [0.25201030026877286, 0.37030467866402905, 0.2647739961770881, 0.1129110248901102], [0.1853881625509445, 0.18803874713382124, 0.02546519466489734, 0.6011078956503367], [0.3738047896999807, 0.23458991898531834, 0.21843589301618424, 0.17316939829851657], [0.484506668977416, 0.18142402850129963, 0.006566700110790885, 0.32750260241049356], [0.3227716887580446, 0.6452362878902858, 0.01472611902064473, 0.01726590433102472], [0.26344380547408847, 0.4128209556019186, 0.07520247352678207, 0.24853276539721117], [0.17235253524718774, 0.3569583386546352, 0.24538586514099875, 0.22530326095717854], [0.5544061713868944, 0.05733332395014774, 0.04887654171579775, 0.33938396294716017], [0.04374060342469376, 0.24202453679631022, 0.025028595196233152, 0.6892062645827632], [0.37406866507609504, 0.3306074510106926, 0.07613264447092667, 0.21919123944228575], [0.3805877550436918, 0.43965957365714736, 0.01728821178692845, 0.1624644595122325], [0.64826299238687, 0.026456986521452498, 0.02243909325009737, 0.3028409278415798], [0.0137666065788888, 0.1513611690207091, 0.17734825376721197, 0.6575239706331902], [0.30010033691659904, 0.10716948884559786, 0.06233320076100992, 0.530396973476793], [0.0446186107540726, 0.07949017001542942, 0.654344766220362, 0.2215464530101362], [0.11791937250656348, 0.16195618692198296, 0.08361193226207575, 0.636512508309378], [0.45317518276126084, 0.022576163832141338, 0.007877881230548445, 0.5163707721760497], [0.5878234369615193, 0.22145661814711923, 0.018797031118659015, 0.17192291377270255], [0.0404382630672158, 0.3727265092746952, 0.1845458362590297, 0.4022893913990595], [0.4771342945583828, 0.06991050888329613, 0.04256443424765016, 0.41039076231067073], [0.13222809229611693, 0.21190437787639946, 0.02031220783315628, 0.6355553219943272], [0.04046018551975946, 0.07956517674518412, 0.10124550348383948, 0.7787291342512166], [0.3405004957415369, 0.2838493662352586, 0.12645363836647172, 0.24919649965673252], [0.15025552619251578, 0.2808535346485902, 0.13882073775147005, 0.43007020140742375], [0.4627402956765679, 0.0751651512230079, 0.18251745403369243, 0.27957709906673184], [0.2204955955911364, 0.7113099131039085, 0.02157449959490463, 0.04661999171005021], [0.09359735321935432, 0.38091703656094317, 0.4970836355125002, 0.02840197470720252], [0.13517010782469788, 0.20763228043532675, 0.061077879951267504, 0.5961197317887076], [0.42182268965801806, 0.4193409868957735, 0.04232783480221429, 0.1165084886439948], [0.0258203069578359, 0.7587672471619022, 0.10377286613370117, 0.11163957974656065], [0.061508005606144354, 0.2966034289159167, 0.3500201377903632, 0.29186842768757604], [0.023628895442083905, 0.04998987368071645, 0.8824083702451301, 0.043972860632069635], [0.047710443537356664, 0.7019152471024096, 0.17013009256981565, 0.08024421679041797], [0.3463499071918604, 0.22380621545223547, 0.19395092550870308, 0.23589295184720108], [0.1598370680753534, 0.05830945540572826, 0.6490750590195701, 0.13277841749934835], [0.82655880493212, 0.0975056701751032, 0.003878436183643567, 0.07205708870913312], [0.22496028083266295, 0.1430888311545455, 0.3277953972167527, 0.30415549079603876], [0.6979884129545254, 0.05651789413108144, 0.010477308546214585, 0.23501638436817854], [0.15395410492633235, 0.2056320650960637, 0.05364396022194743, 0.5867698697556566], [0.5610818349426859, 0.3548375637653583, 0.04229729472578483, 0.041783306566170825], [0.17792336361003055, 0.324479494918581, 0.02201791588206914, 0.475579225589319], [0.02829436023858751, 0.18002643259920692, 0.0833948178686527, 0.7082843892935529], [0.32816419933369634, 0.15478611049472396, 0.03706598755165998, 0.47998370261991957], [0.3998974565858098, 0.09289013108536398, 0.200262269272561, 0.30695014305626483], [0.11061090291903847, 0.10880891349417977, 0.10243181109367508, 0.6781483724931067], [0.03417931169715384, 0.13975117602225082, 0.7357250948397017, 0.09034441744089355], [0.2699433515630357, 0.1918966274181576, 0.4699205790300763, 0.06823944198873061], [0.40355283291124283, 0.4062506554425102, 0.0022467549962467315, 0.18794975665000022], [0.11705319391911788, 0.22826760606435112, 0.6109315651728272, 0.043747634843704], [0.5819307382338648, 0.1105210218213004, 0.007007582452895076, 0.3005406574919399], [0.11655409607468388, 0.6751796612754576, 0.012586497795979867, 0.19567974485387857], [0.10709007479775165, 0.6611962891105818, 0.15988337249604004, 0.07183026359562633], [0.0398763526955475, 0.5416534797081539, 0.22142906490740802, 0.1970411026888907], [0.21004496520403887, 0.5719097306017312, 0.08431604521609107, 0.13372925897813914], [0.033559473205328864, 0.3253643175736661, 0.164799176898286, 0.47627703232271884], [0.37913586466863636, 0.1736443211429882, 0.1449217240581974, 0.3022980901301783], [0.0707447266246258, 0.4177632214363559, 0.09218006678553804, 0.41931198515348034], [0.029011633035707897, 0.6027531433967743, 0.2596898243048103, 0.1085453992627075], [0.6085701710405881, 0.14245965836105104, 0.11045560312220054, 0.13851456747616012], [0.10202713763127169, 0.08287839440847335, 0.02209413867439334, 0.7930003292858617], [0.990382462117788, 0.0015574624095724022, 0.005759622815986288, 0.002300452656653214], [0.08447574540437275, 0.1414150815976688, 0.5490875096101484, 0.2250216633878098], [0.12216183957481024, 0.10970449020908092, 0.3933131986605886, 0.3748204715555203], [0.11214686752677397, 0.26628278080191436, 0.3628567665352253, 0.258713585136086], [0.23535763386619965, 0.0992635606894778, 0.04404891494730382, 0.6213298904970185], [0.06974253031166644, 0.761414432190701, 0.05819777531730753, 0.1106452621803252], [0.11350012571760036, 0.5397069905706173, 0.2514135700919364, 0.09537931361984524], [0.19942394957757067, 0.3894365094947516, 0.28259434932932537, 0.12854519159835226], [0.1291802132125583, 0.32392401471959065, 0.35705526461748915, 0.18984050745036227], [0.04534693129677609, 0.6523821932883573, 0.02070885786949042, 0.2815620175453766], [0.03636674007189702, 0.3072826702077624, 0.17553444933759968, 0.4808161403827407], [0.10373809561989206, 0.5188076230710305, 0.1250084507383618, 0.25244583057071546], [0.03736674495464019, 0.7311899724390397, 0.2177799579602569, 0.013663324646063416], [0.4185779724442759, 0.265452368776113, 0.03302070267028443, 0.28294895610932663], [0.31561562912335667, 0.042744807859889995, 0.0335854838874677, 0.6080540791292856], [0.2314736085640377, 0.1436249066382332, 0.06315843441382332, 0.5617430503839059], [0.3636166210967158, 0.3469161837317324, 0.14826133337801553, 0.14120586179353622], [0.11988500415824657, 0.47557716133682526, 0.3224172663960211, 0.0821205681089072], [0.4666196722384103, 0.36114292096541295, 0.08437187806768857, 0.08786552872848838], [0.942528398544148, 0.006423070302684683, 8.964372295251751e-05, 0.05095888743021478], [0.04750891455253607, 0.08656180418093289, 0.6467002957644213, 0.2192289855021095], [0.38593722529622054, 0.11808826879679278, 0.12176597639712708, 0.37420852950985967], [0.3278549159562915, 0.08115713117416533, 0.0314711781812182, 0.5595167746883248], [0.45108353537781326, 0.22385799157751704, 0.0610431320996543, 0.26401534094501533], [0.4708926447545821, 0.11277456284801549, 0.10377557497648626, 0.3125572174209163], [0.11388627687531507, 0.3167760614081063, 0.15536310437047945, 0.4139745573460991], [0.23097031228212192, 0.07583414230989241, 0.27293920080824413, 0.4202563445997414], [0.22022935758155704, 0.18301760209620463, 0.12590585766013992, 0.4708471826620985], [0.017367349343560184, 0.2570439938906305, 0.2991030661327606, 0.42648559063304886], [0.03613475214163765, 0.29566557868248283, 0.5559891787201057, 0.112210490455774], [0.04308162817556469, 0.39647552736000863, 0.12864938802481413, 0.43179345643961253], [0.7075690132319018, 0.25710403764835793, 0.0014986404081987258, 0.03382830871154152], [0.0455742273345277, 0.512891717358125, 0.17020734817603522, 0.27132670713131213], [0.11199483963678715, 0.14846197865747796, 0.23876102762803994, 0.5007821540776948], [0.6743794872739383, 0.18280411142572728, 0.04200720154361557, 0.10080919975671865], [0.05097338680800523, 0.02270005731471582, 0.008440319537941986, 0.9178862363393371], [0.843757849881741, 0.10236835013111224, 0.0060680625312299384, 0.047805737455916666], [0.3331491456659495, 0.46865264444526245, 0.15068529064336564, 0.04751291924542217], [0.21041298029358324, 0.46832752814719597, 0.16710256364197018, 0.15415692791725055], [0.6338658959232198, 0.033444332440708706, 0.00572241198419498, 0.32696735965187634], [0.3473015310999684, 0.04931148158107218, 0.0062059362286481165, 0.5971810510903109], [0.07306639089827993, 0.6668805259611084, 0.11792803151095636, 0.14212505162965547], [0.511331620272807, 0.08442703988381607, 0.11641685473871084, 0.28782448510466585], [0.15763978491793718, 0.31026646281926035, 0.29275544036999496, 0.23933831189280746], [0.04888741353855118, 0.3827842813630791, 0.44460680687030624, 0.12372149822806355], [0.03809053883773443, 0.05339735776840184, 0.15466922423239468, 0.7538428791614691], [0.10812887095664606, 0.3515424166456923, 0.2745394694932384, 0.26578924290442363], [0.16611903939790493, 0.2076150584650269, 0.38615303515518884, 0.2401128669818792], [0.5728344779375067, 0.16135883173695753, 0.018162121096655198, 0.24764456922888048], [0.24272954311233227, 0.07136956445643397, 0.02742422948245494, 0.6584766629487785], [0.3118847198477852, 0.1307077047862108, 0.02355141212568093, 0.5338561632403231], [0.12400968900549897, 0.6061712475777241, 0.24935007681412252, 0.020468986602654404], [0.31250935366683813, 0.34928491097649766, 0.0021219456931000375, 0.33608378966356406], [0.5078122587150187, 0.020158684627336405, 0.0027321470304767664, 0.46929690962716847], [0.6649716623853135, 0.2575294683766606, 0.01821836000689591, 0.05928050923112989], [0.18444608413231978, 0.22433536441265942, 0.4042242424336845, 0.1869943090213361], [0.07087363586782211, 0.06835904596031003, 0.017018416458837816, 0.8437489017130296], [0.4238421256746627, 0.26803308046483565, 0.038970940939492126, 0.2691538529210095]]}, "rewritten": {"ids": ["97105760", "97106770", "97107681", "97109080", "97112290", "98106560", "98106680", "98107340", "98109230", "98111860", "98112300", "98116500", "99105921", "99108080", "99109311", "99109840", "99109860", "99111000", "99111620", "99112531", "99112840", "99119830", "100108260", "100109360", "100111380", "101108580", "101109120", "101110740", "101113210", "101119591", "102110690", "102112030", "102114270", "102118380", "102121700", "103110050", "103111110", "103111480", "103111620", "103111930", "103111990", "103112470", "103120290", "103120340", "103120780", "104109311", "104111990", "104113380", "104114230", "104114240", "104114410", "104116800", "104119340", "105114220", "105115250", "105115380", "105115720", "105117431", "106113190", "106113830", "106114150", "106115120", "106115240", "106118520", "106119580", "106119990", "107114280", "107114621", "107119390", "107120010", "107120880", "108113480", "108113620", "108113700", "108113740", "108114040", "108115570", "108116481", "108116501", "108117360", "108117451", "108117610", "108118291", "108119330", "108119550", "108120260", "108121160", "109114220", "109114720", "109116040", "109116750", "109120560", "110113591", "110114950", "110115710", "110115980", "110116300", "110117140", "110117500", "110117870", "110118450", "110118740", "110119891", "110121500", "111114171", "111117480", "111119290", "111119950", "111120190", "111120220", "111120260", "111120320", "111120531", "111120640", "111121351", "112116800", "112116810", "112116990", "112117431", "112117471", "112117790", "112118161", "112118890", "112118930", "112119950", "112120640", "112120670", "113117340", "113117550", "113117630", "113118490", "113119120", "113119360", "113120280", "113120640", "113120780", "113121980", "113122170", "113122180", "113122190", "113122320", "113122430"], "labels": [0, 3, 3, 2, 1, 1, 1, 0, 1, 0, 2, 2, 1, 3, 1, 2, 2, 2, 3, 3, 2, 1, 3, 0, 3, 0, 1, 3, 3, 0, 0, 2, 3, 1, 1, 3, 3, 0, 0, 3, 2, 1, 2, 1, 1, 3, 2, 1, 2, 0, 1, 1, 1, 3, 2, 1, 1, 1, 0, 1, 1, 1, 1, 2, 3, 0, 3, 0, 2, 1, 1, 0, 3, 0, 3, 0, 3, 0, 0, 1, 2, 3, 3, 0, 1, 1, 2, 3, 0, 0, 0, 1, 0, 0, 2, 1, 3, 3, 1, 3, 0, 3, 3, 3, 3, 1, 3, 0, 3, 3, 3, 1, 0, 0, 0, 0, 3, 0, 0, 3, 3, 0, 3, 1, 0, 0, 2, 2, 3, 0, 1, 3, 0, 0, 0, 0, 2, 1, 2, 1, 1, 2], "predicted_labels": [3, 1, 0, 3, 1, 2, 1, 1, 2, 2, 0, 3, 1, 0, 1, 2, 1, 3, 2, 1, 2, 1, 1, 0, 1, 0, 1, 1, 3, 1, 3, 2, 1, 1, 3, 1, 1, 1, 0, 3, 3, 1, 1, 1, 1, 0, 1, 3, 3, 3, 1, 3, 1, 1, 3, 3, 3, 1, 3, 3, 3, 0, 0, 1, 2, 1, 1, 3, 1, 3, 0, 3, 1, 1, 3, 1, 1, 1, 1, 3, 1, 3, 3, 1, 1, 3, 3, 1, 3, 3, 0, 3, 3, 0, 0, 3, 3, 3, 3, 3, 1, 3, 1, 1, 0, 1, 3, 3, 2, 1, 3, 3, 1, 0, 1, 1, 2, 3, 1, 1, 3, 1, 1, 1, 0, 3, 1, 3, 3, 1, 3, 3, 1, 3, 3, 3, 3, 3, 3, 1, 3, 1], "confidence_scores": [[0.28663681129815843, 0.08136330484764387, 0.05539512255141153, 0.5766047613027864], [0.07251687089550383, 0.363714818438015, 0.4529161890777256, 0.1108521215887557], [0.6168863129633428, 0.0364317638340868, 0.2696509325155916, 0.07703099068697897], [0.14807534167046027, 0.0799696156997639, 0.5603827391569705, 0.21157230347280556], [0.09491091370973685, 0.32155660800924035, 0.26863075909906775, 0.3149017191819548], [0.034646407535130215, 0.1462148506987724, 0.6644376567203054, 0.15470108504579183], [0.12075569242980065, 0.356172007405917, 0.4920467016315368, 0.031025598532745582], [0.1164792394816021, 0.32052535392544096, 0.5153195923412949, 0.0476758142516619], [0.014848896681689573, 0.016958514647271813, 0.9557131086480262, 0.012479480023012473], [0.048889907424019455, 0.18907377814693307, 0.6493027492790714, 0.11273356514997593], [0.6291397325556893, 0.14446809319932194, 0.0870617102235364, 0.13933046402145177], [0.06403538354800085, 0.35332774693387137, 0.0486718951936171, 0.5339649743245108], [0.3013694947771747, 0.4608471087313965, 0.12144358903284151, 0.11633980745858731], [0.5855011558439465, 0.16394191106904613, 0.049790708039050904, 0.20076622504795688], [0.27841923244751676, 0.4712528449065555, 0.10642590890474334, 0.14390201374118441], [0.03050718616802572, 0.04846837137500478, 0.8264573959015737, 0.0945670465553956], [0.12289047736769906, 0.806146467228134, 0.056846998155540805, 0.01411605724862581], [0.07945373412422037, 0.14074954511834273, 0.48028014874714986, 0.2995165720102871], [0.05856559347381204, 0.08181550109003634, 0.7828909550400392, 0.07672795039611233], [0.3137096499911198, 0.6323154537054948, 0.01689163108898104, 0.03708326521440445], [0.024621229684482878, 0.19985600367962553, 0.6375150433718547, 0.13800772326403685], [0.07913330413576952, 0.26005715138816243, 0.47559042018395375, 0.1852191242921142], [0.2056035165283817, 0.5329392873319704, 0.054495511707324557, 0.20696168443232327], [0.6872826021829402, 0.053468740244753954, 0.13311874149934882, 0.12612991607295743], [0.21604702048255794, 0.29718518606771327, 0.286808571496612, 0.19995922195311674], [0.8839603702463135, 0.014432705471290585, 0.029243526959266027, 0.07236339732312992], [0.28031609640760463, 0.2698436139888553, 0.35189731136015323, 0.09794297824338703], [0.025869722409753118, 0.621129298008011, 0.3375838830355001, 0.015417096546735662], [0.4408689070579188, 0.052011437141496454, 0.04501494290031835, 0.46210471290026633], [0.20530290428404638, 0.4151576866539489, 0.015728221454294047, 0.3638111876077106], [0.12699260643916252, 0.13451930393122913, 0.031650465858215626, 0.7068376237713928], [0.14775444197423632, 0.0855851180512503, 0.607732426858291, 0.1589280131162224], [0.04416625521339092, 0.47584512619662284, 0.45461758245829487, 0.025371036131691695], [0.03780630919218357, 0.2910175637401922, 0.4187843944386289, 0.2523917326289955], [0.06795248324456198, 0.40321929558200165, 0.05759086024551181, 0.47123736092792423], [0.0460295779842915, 0.7090379003325394, 0.11475338556238572, 0.1301791361207833], [0.28161996567261743, 0.37736866868057356, 0.21102826275733735, 0.12998310288947176], [0.4752861669764647, 0.49784093122053424, 0.004667134754810036, 0.022205767048190984], [0.6790398943080848, 0.05720940813259396, 0.11696902199871473, 0.14678167556060592], [0.11962699592985922, 0.2630085257961494, 0.2685556622793246, 0.3488088159946671], [0.06861102090210942, 0.2499898635855727, 0.2946546878771576, 0.3867444276351603], [0.13391852393112483, 0.5482726001883348, 0.1319428208253251, 0.18586605505521533], [0.08392961748512558, 0.32400855219509295, 0.3985301352468502, 0.19353169507293128], [0.1412341919530182, 0.36895106149148754, 0.2839260804352711, 0.20588866612022294], [0.21563942591213064, 0.2888645119143796, 0.33191063795511366, 0.16358542421837596], [0.6047751033345447, 0.13359946885862845, 0.1273075913914644, 0.13431783641536227], [0.05160768035897539, 0.4201476929227705, 0.19147282747027586, 0.336771799247978], [0.5097483804560018, 0.0863258738582365, 0.06137837272151328, 0.3425473729642485], [0.42407388108342164, 0.04845817277402352, 0.2518111139016911, 0.27565683224086374], [0.18015975114339264, 0.2870686168562917, 0.1529445851153315, 0.37982704688498414], [0.22298057394483778, 0.5715299627050874, 0.028133273736630254, 0.1773561896134448], [0.13148334640410012, 0.3129616572281311, 0.14931713216265666, 0.4062378642051118], [0.06521781113785648, 0.4853505202971284, 0.20188138843703746, 0.2475502801279777], [0.25141503767183376, 0.2896225269610858, 0.2870759724997717, 0.17188646286730902], [0.08309850241664835, 0.3430856591974425, 0.1519009695275702, 0.42191486885833923], [0.18890768222687548, 0.12570272140775574, 0.27982790772658594, 0.40556168863878334], [0.03194816472455123, 0.1897563573474812, 0.46936933818780385, 0.30892613974016386], [0.19690145081168128, 0.5916443405300856, 0.07813763735856301, 0.1333165712996704], [0.25531339594806157, 0.0487816830439551, 0.19400088036958518, 0.501904040638398], [0.5167384225212783, 0.027077524949429346, 0.13937962632129897, 0.3168044262079934], [0.27098360034426705, 0.09282972320811785, 0.00924416181204262, 0.6269425146355725], [0.9529483579824467, 0.022790839669757323, 0.00042129018739458574, 0.023839512160401394], [0.872715354497846, 0.07206533181444516, 0.0033488483223742295, 0.051870465365334684], [0.13986381666038297, 0.27736402023361195, 0.4351910702416475, 0.14758109286435764], [0.004965596957569023, 0.07963955068493067, 0.8935547730597128, 0.02184007929778735], [0.3418807624999117, 0.38076951919304736, 0.07437225578355519, 0.20297746252348586], [0.21096332314024616, 0.6007448812524133, 0.0713177458681841, 0.11697404973915633], [0.4014633569732539, 0.03169296086944995, 0.006211282063815132, 0.5606324000934809], [0.12340739920493807, 0.2095877944868449, 0.42181220685167037, 0.24519259945654662], [0.20169852328613644, 0.07147645357345628, 0.26467417003304317, 0.46215085310736403], [0.4720586881681586, 0.21825788055983836, 0.1522550472988061, 0.15742838397319694], [0.020094320266237246, 0.3061169986176862, 0.22665202482327126, 0.44713665629280536], [0.3210052770583711, 0.547641917474902, 0.01769044467346059, 0.11366236079326658], [0.18117747294539677, 0.2108986781317969, 0.5268587397959226, 0.08106510912688357], [0.005888025508877517, 0.03424684172258546, 0.012563329711126581, 0.9473018030574104], [0.07466833867217428, 0.22227389383448934, 0.6360921885114833, 0.06696557898185297], [0.038179485048381125, 0.4621889776307152, 0.3384957899172513, 0.16113574740365239], [0.16467343140092927, 0.3434634104961595, 0.1630377911557717, 0.3288253669471397], [0.23179259578500258, 0.7308268143684568, 0.0012288912540247023, 0.03615169859251587], [0.11259153418040002, 0.23747098170924727, 0.26697022689896416, 0.38296725721138863], [0.33237228885656556, 0.25141965715188314, 0.2684308970078103, 0.14777715698374075], [0.0964788952091786, 0.08216491987000356, 0.05180763348440491, 0.7695485514364131], [0.30332006672290246, 0.20766393438453407, 0.0023294175717643493, 0.48668658132079917], [0.31451621098140387, 0.4657692919325668, 0.05522096669791108, 0.1644935303881187], [0.07856627935871925, 0.6278876322015015, 0.1370172248022459, 0.15652886363753346], [0.26405746843389266, 0.13051705580116263, 0.005198662698582188, 0.6002268130663623], [0.15443420346235617, 0.1056251113640645, 0.17247427013022545, 0.5674664150433537], [0.36762380684473084, 0.37939941287912476, 0.03883078198574658, 0.21414599829039804], [0.025443970184266494, 0.19800942533073013, 0.550411319195565, 0.2261352852894385], [0.12967743091625378, 0.18666550221816747, 0.026022669708509347, 0.6576343971570694], [0.8010568570700537, 0.05534700636977473, 0.01533887194539371, 0.12825726461477763], [0.31803881930014993, 0.1779659669310313, 0.09027872732566423, 0.4137164864431546], [0.08696545405570529, 0.16364927553717948, 0.07078763802257831, 0.6785976323845366], [0.7109235247520808, 0.20765735278849365, 0.023771649946246472, 0.05764747251317888], [0.7677563450856042, 0.0876120312606329, 0.009768609937703333, 0.13486301371605938], [0.30683581805288346, 0.10968633715344601, 0.0835249450878637, 0.49995289970580703], [0.0397580168475256, 0.24145621240963452, 0.2541991583753691, 0.46458661236747084], [0.21642511023314834, 0.19567271642894715, 0.021961259882976418, 0.5659409134549281], [0.13408785456847988, 0.30432657423499154, 0.12268918150751257, 0.438896389689016], [0.09144943490758821, 0.36969291790103703, 0.08224164585537733, 0.45661600133599733], [0.1117609252423509, 0.8031541793023543, 0.038144635876272, 0.04694025957902275], [0.1506989886724418, 0.36553731910159715, 0.03891660613602908, 0.4448470860899319], [0.1716384859574002, 0.5400819373296052, 0.05983542447016984, 0.22844415224282502], [0.12861515546331592, 0.3592297004158753, 0.25842923581541494, 0.25372590830539404], [0.7033714752988591, 0.14526469487969737, 0.025507018960721356, 0.12585681086072195], [0.325639100003061, 0.32616722234568096, 0.12593158912232966, 0.22226208852892806], [0.09144222674824744, 0.10774988650573859, 0.47793755847988956, 0.32287032826612416], [0.017999994093903633, 0.03823695029972706, 0.1924262669111802, 0.7513367886951887], [0.07889552911403029, 0.16604673200409026, 0.5641423511509428, 0.1909153877309366], [0.42968845232391245, 0.47129448859515627, 0.07556225317213965, 0.023454805908791496], [0.055008955245144806, 0.22061990502034104, 0.39738872026612637, 0.32698241946838785], [0.4229344629323916, 0.10062884002595117, 0.15049685423819428, 0.32593984280346333], [0.0797817029823187, 0.7192902912597958, 0.018711408791935384, 0.18221659696594952], [0.29672639909222326, 0.11934337860874854, 0.3510646470306994, 0.2328655752683287], [0.5417960660755676, 0.37851891330450227, 0.022347012911957446, 0.057338007707972545], [0.19621865723476148, 0.44614643429739487, 0.2407208583367531, 0.11691405013109053], [0.13128149160812325, 0.17187142100243896, 0.5569584082536012, 0.13988867913583658], [0.4086984876031534, 0.15090179422915884, 0.18297738560346624, 0.2574223325642216], [0.18828004507039994, 0.6240744638484467, 0.03447498339929383, 0.15317050768185964], [0.02674646594261907, 0.6971581171580745, 0.05056814525351104, 0.22552727164579536], [0.5613612472447514, 0.09159849996726344, 0.0181915190467336, 0.32884873374125156], [0.10261755044421599, 0.8127064021075534, 0.02677212913914734, 0.057903918309083535], [0.23244571202569492, 0.3165542872004915, 0.19168579879985737, 0.2593142019739565], [0.0800959736719099, 0.4867993881511012, 0.024607157756159837, 0.408497480420829], [0.680741120500913, 0.02336141173230783, 0.07310755551136432, 0.222789912255415], [0.5476307414380495, 0.09809937464644722, 0.01358580237403542, 0.34068408154146784], [0.05908850148954196, 0.7814398337388384, 0.07747309269919127, 0.0819985720724283], [0.02337458391666429, 0.30341738966305803, 0.18861371995281603, 0.484594306467462], [0.16777753502481849, 0.222244712242114, 0.29550752430364496, 0.3144702284294226], [0.23950286778628965, 0.39007436905874876, 0.16955930248200493, 0.20086346067295677], [0.09260448682972991, 0.1088262148700198, 0.01990651677882194, 0.7786627815214285], [0.019376710468723548, 0.13126990177368683, 0.013749584016510911, 0.8356038037410787], [0.05128967357319507, 0.46561978870139054, 0.09814189228377782, 0.3849486454416369], [0.4094755087549146, 0.03356210776672029, 0.007582447156455059, 0.54937993632191], [0.3237250859865203, 0.271096755625876, 0.07943467361556178, 0.3257434847720418], [0.09469363601326607, 0.052196596794704564, 0.05226996910268086, 0.8008397980893485], [0.1635068195768145, 0.3557266790731362, 0.04690059627402589, 0.4338659050760234], [0.0341208025083729, 0.21156149336818045, 0.26608417142455226, 0.48823353269889425], [0.24764538113839335, 0.3064919251935223, 0.07830352701581474, 0.36755916665226995], [0.04499951161621199, 0.4220752850501617, 0.2529092806513409, 0.2800159226822853], [0.08480441914433201, 0.1412398900802534, 0.028284474171778366, 0.7456712166036361], [0.10075815707774728, 0.5607379193130022, 0.06847006667573372, 0.27003385693351684]]}}