{"test": {"ids": ["103110100", "101116130", "105116860", "107116340", "113118111", "108115870", "107113180", "113119450", "112116290", "112120670", "99109311", "102108621", "103109791", "99107500", "105113330", "105113170", "108116120", "107114950", "106115120", "113119930", "97107950", "110117110", "103113170", "105115680", "105115570", "99108580", "110121500", "110116300", "98116090", "104111380", "110119891", "102114270", "111116750", "106114150", "109120540", "99116500", "110115250", "110120190", "97106770", "112119580", "106118161", "113121010", "104113550", "102112250", "98116500", "112118511", "107118120", "99120010", "105115380", "105112100", "111115400", "107115140", "103111540", "113122220", "112120990", "104116800", "107119130", "98108520", "107113360", "98107410", "109117431", "107121640", "108119510", "108116481", "103120780", "101112540", "107118820", "99107300", "113122510", "106117650", "110118111", "99108310", "106116850", "102109850", "97107681", "98107340", "107114621", "102118380", "97116410", "103113270", "100120780", "108114180", "111117200", "99111440", "112118620", "103120531", "113122120", "104113210", "111120320", "98111860", "111121930", "112121030", "108113700", "108114220", "113120070", "107112850", "98106680", "109120621", "104117630", "112116990", "111116100", "102109910", "99121440", "102107961", "106118520", "98107380", "112116810", "99105921", "107120880", "105112240", "102110890", "109117080", "112118890", "111119950", "111116530", "106118820", "111117571", "107112840", "110118450", "111120531", "113118421", "108121160", "106120290", "113119700", "101108580", "103113101", "99108460", "111119430", "109117630", "101121640", "104118070", "100116790", "100117420", "101108290", "113119340", "98120530", "103112641", "109116810", "99111000", "107121700", "112120700", "106115250"], "labels": [1, 2, 2, 3, 1, 3, 3, 3, 0, 2, 1, 3, 3, 0, 3, 0, 1, 3, 1, 1, 2, 0, 3, 2, 0, 0, 3, 3, 0, 3, 3, 3, 3, 1, 1, 2, 1, 3, 3, 3, 3, 2, 1, 0, 2, 1, 3, 2, 1, 1, 0, 0, 1, 1, 2, 1, 1, 2, 0, 3, 1, 1, 1, 0, 1, 2, 3, 3, 2, 1, 1, 2, 3, 1, 3, 0, 0, 1, 3, 2, 1, 1, 0, 3, 3, 3, 1, 3, 1, 0, 1, 0, 0, 3, 2, 1, 1, 1, 0, 0, 3, 2, 2, 3, 2, 1, 3, 1, 1, 1, 0, 1, 3, 0, 3, 3, 3, 1, 0, 0, 3, 2, 2, 0, 0, 3, 0, 3, 0, 2, 2, 2, 2, 0, 0, 1, 3, 3, 2, 3, 2, 2], "predicted_labels": [1, 3, 3, 1, 1, 0, 1, 1, 0, 3, 0, 0, 0, 1, 3, 3, 0, 3, 1, 1, 1, 1, 1, 1, 3, 1, 1, 3, 0, 0, 1, 1, 0, 1, 1, 3, 1, 3, 1, 3, 0, 1, 0, 3, 3, 1, 3, 1, 1, 3, 1, 3, 3, 1, 1, 1, 0, 3, 0, 0, 0, 1, 0, 0, 3, 3, 1, 3, 1, 3, 3, 3, 1, 3, 0, 1, 0, 3, 0, 3, 3, 1, 0, 1, 0, 3, 3, 0, 0, 1, 3, 3, 1, 0, 1, 1, 1, 0, 3, 3, 1, 3, 1, 0, 1, 0, 3, 1, 1, 1, 3, 1, 1, 0, 0, 3, 1, 1, 1, 1, 0, 3, 1, 1, 3, 0, 3, 1, 0, 1, 1, 0, 1, 3, 1, 1, 1, 3, 3, 1, 1, 3], "confidence_scores": [[0.273624940406385, 0.28719119872810445, 0.18468203048965115, 0.25450183037585977], [0.22852930826225715, 0.2708592514243026, 0.20083251103975128, 0.2997789292736887], [0.23207129917059097, 0.26408841717377946, 0.2152790792338558, 0.2885612044217742], [0.2403292436622976, 0.30574897011663293, 0.19020435050778045, 0.2637174357132896], [0.26757890051655514, 0.2919904971965695, 0.17173180507958954, 0.2686987972072865], [0.29950806412499087, 0.2123444642431989, 0.19947386125813374, 0.2886736103736768], [0.23095226609143607, 0.304394989471037, 0.19069912626820487, 0.2739536181693227], [0.26507920095680704, 0.3055408145316456, 0.1576732217222075, 0.2717067627893404], [0.31154535160464336, 0.26261161666567606, 0.1473110680798713, 0.27853196364980914], [0.24780606525652443, 0.2474709596638927, 0.19139186475268752, 0.3133311103268956], [0.3118923454746899, 0.2903461593521005, 0.13402339126314083, 0.2637381039100686], [0.32349483385466327, 0.27221633595103883, 0.15200921759103758, 0.2522796126032606], [0.3043873473695629, 0.27073061229023704, 0.17399923064853373, 0.25088280969166643], [0.21773929132396888, 0.32102416950989326, 0.18527194433690916, 0.2759645948292288], [0.28770810735745805, 0.24796628056970613, 0.14855131184994044, 0.31577430022289543], [0.271585668821907, 0.26901871322286675, 0.1777610368363426, 0.2816345811188839], [0.33950907637196526, 0.22658827764872408, 0.1599490456669123, 0.2739536003123988], [0.25254829835685716, 0.24330667385504323, 0.1776985720943194, 0.3264464556937806], [0.24708295204605862, 0.3116779599257403, 0.1718528505038968, 0.2693862375243042], [0.2650868033692501, 0.29390326607464473, 0.2001898813608717, 0.2408200491952337], [0.2160251219448236, 0.29394641100797747, 0.2518533574235799, 0.23817510962361926], [0.2723126280760408, 0.30810286108633766, 0.16375815667943566, 0.2558263541581864], [0.2354271753265592, 0.2999420680997256, 0.17749522161730014, 0.28713553495641536], [0.19245055412821305, 0.3099632379292478, 0.22260637815602444, 0.2749798297865152], [0.22684685788476852, 0.27277251432641275, 0.22112020717398717, 0.27926042061483164], [0.2590492247441502, 0.27181664006288186, 0.22576551111562654, 0.24336862407734158], [0.26472422619063457, 0.2878524854794095, 0.17239793822567068, 0.2750253501042858], [0.24405924103730084, 0.2442426837637662, 0.22957293425419575, 0.28212514094473745], [0.285164339362318, 0.26249428429497057, 0.18554262298806012, 0.2667987533546517], [0.294240318208578, 0.2548027421628762, 0.1716337085985143, 0.27932323103003137], [0.26902831690162876, 0.2985682656361967, 0.14586644602176316, 0.2865369714404116], [0.240684227864494, 0.2918246401246973, 0.1985333847040089, 0.26895774730680005], [0.29734626746685744, 0.25255423738811295, 0.1624850602325104, 0.28761443491251926], [0.27192369510276876, 0.2738573394195952, 0.1866719295056123, 0.2675470359720239], [0.24575873069248266, 0.3142786585168995, 0.1836593331940006, 0.25630327759661775], [0.23800244443898266, 0.25016582274426097, 0.23047236503753035, 0.2813593677792264], [0.229195395439616, 0.3083252758804298, 0.20456184617930875, 0.25791748250064567], [0.2710962039588319, 0.2378118086959513, 0.1997811727870612, 0.29131081455815566], [0.2352110208807156, 0.2878426366486757, 0.20789459243579486, 0.26905175003481413], [0.2718454533962294, 0.2657638617775742, 0.1864296814567109, 0.275961003369486], [0.3507226042668064, 0.23089294320726916, 0.15944882592901805, 0.2589356265969067], [0.22467859653594013, 0.299268197698826, 0.19395117754025, 0.28210202822498437], [0.33816258737101923, 0.2277776880097048, 0.13668317401372743, 0.29737655060554846], [0.2835746850319933, 0.2136582942448057, 0.14849897783474553, 0.3542680428884551], [0.2913104457066075, 0.23682676630014257, 0.17749559536763737, 0.29436719262561256], [0.2723029650100629, 0.2810642339596176, 0.19330210962296987, 0.2533306914073498], [0.2704762247687115, 0.2667977458243486, 0.18353004377633303, 0.2791959856306073], [0.27386746695275865, 0.27584844375475975, 0.23683029861696198, 0.21345379067552003], [0.21593478181349102, 0.28565256909929143, 0.23582471524980078, 0.2625879338374169], [0.281107420267699, 0.24156921668164122, 0.19267892190565356, 0.2846444411450064], [0.22839208100100605, 0.29255801878499116, 0.21294974066152905, 0.2661001595524742], [0.28529255123426533, 0.21979375140407956, 0.1698368627493972, 0.32507683461225806], [0.2628789267017995, 0.24466173599648974, 0.19319034830592274, 0.2992689889957881], [0.2594412960644473, 0.2618993558618579, 0.21680545929070114, 0.2618538887829937], [0.20314643545704283, 0.3080389884020586, 0.20700971911420485, 0.28180485702669417], [0.24408005755095286, 0.28834861555375524, 0.19825761172465994, 0.26931371517063246], [0.28908503974744065, 0.26358312181048077, 0.2048931407506335, 0.2424386976914456], [0.2638370175594743, 0.28140754868001727, 0.16928408924076577, 0.2854713445197426], [0.32505985744754146, 0.26971012830182, 0.15276338876914378, 0.2524666254814945], [0.28950519837784106, 0.2641208063616261, 0.1692792281554943, 0.2770947671050383], [0.3026924079543367, 0.28399113524710223, 0.15907431115637038, 0.2542421456421909], [0.18693560695233677, 0.31308623268561325, 0.21120273203534012, 0.28877542832671027], [0.2921213736856037, 0.24810018990222843, 0.1684090111150563, 0.2913694252971117], [0.34600061249175507, 0.26048899356988153, 0.14052345459468135, 0.2529869393436823], [0.2175068864261229, 0.30308311980328567, 0.17008512007261475, 0.309324873697977], [0.24206414816157745, 0.24193160632104188, 0.18229282029945468, 0.3337114252179262], [0.24871426846325478, 0.27729517428490846, 0.1991426390419877, 0.2748479182098494], [0.28752771673975885, 0.23722051370007968, 0.17912977297987495, 0.29612199658028676], [0.1883064195686977, 0.3572056887437561, 0.18480988743513793, 0.269678004252408], [0.23374867551188377, 0.26436566089656965, 0.20331425228907407, 0.29857141130247267], [0.28219390455788074, 0.26181991834916407, 0.1514713134247142, 0.30451486366824115], [0.2457676219303929, 0.2591195346021498, 0.21649810311115764, 0.27861474035629985], [0.236451849858464, 0.27794310379936765, 0.2240756976896795, 0.2615293486524892], [0.2353758928384563, 0.2707139230298915, 0.19925775803497658, 0.2946524260966756], [0.30128021316408826, 0.25299121649025963, 0.17383871208638912, 0.27188985825926304], [0.2298782423537334, 0.2920186496221182, 0.23043923308392825, 0.2476638749402207], [0.30820571437554145, 0.24910689718973136, 0.14783591835486626, 0.29485147007986157], [0.22410357913560142, 0.2706073609880439, 0.22254059436709167, 0.282748465509263], [0.28220835279428647, 0.2422550956099783, 0.211654096676387, 0.26388245491934836], [0.22797421443651222, 0.28165978685347687, 0.2039623365753791, 0.2864036621346315], [0.2483665731067606, 0.2586821695304244, 0.20699725404176944, 0.2859540033210458], [0.23868664791787847, 0.2934876448339272, 0.19884276833344952, 0.2689829389147453], [0.28909752763670404, 0.25454488869686237, 0.16970413203045795, 0.2866534516359758], [0.26068404057404515, 0.305887670955619, 0.17810784926624731, 0.25532043920408887], [0.2738044153638792, 0.26154781026284235, 0.2140389876546858, 0.2506087867185927], [0.2745670914182432, 0.2458117724760089, 0.15192844208935796, 0.3276926940163903], [0.2659815272793192, 0.261115572011239, 0.18878157272893703, 0.2841213279805048], [0.32283894695439036, 0.23674071178895023, 0.1561045008495336, 0.2843158404071264], [0.27621025054960435, 0.26435462409978544, 0.1916199783672479, 0.26781514698336256], [0.25688526281181095, 0.2770391459839873, 0.2200851510768877, 0.2459904401273146], [0.2371450573983822, 0.2603330797367576, 0.20341157230111723, 0.29911029056374305], [0.2817854760929171, 0.23277699457263853, 0.15522548728160485, 0.33021204205283955], [0.2172859883227612, 0.2830633733818906, 0.2246391187211772, 0.2750115195741713], [0.28382218285727645, 0.2698390217494501, 0.1833705607901743, 0.26296823460309976], [0.20724050837243949, 0.3195560163969939, 0.20969909115762275, 0.26350438407294435], [0.20204739374933967, 0.3163784237389669, 0.21128361141448326, 0.2702905710972104], [0.2651132341560593, 0.2840469235115849, 0.19133033974592104, 0.2595095025864352], [0.2925900639416857, 0.26740204960531394, 0.16752424203244337, 0.2724836444205575], [0.281228353763752, 0.24256159479162862, 0.18539082421471761, 0.29081922722990167], [0.26057876536089986, 0.26912071715332475, 0.19691306395357033, 0.27338745353220556], [0.2691559471949877, 0.2893649692231187, 0.16672625888417553, 0.2747528246977182], [0.2431298123532384, 0.2535374320999699, 0.20385865342531173, 0.29947410212148], [0.23486211316129255, 0.322061182309535, 0.1915563376044125, 0.25152036692476026], [0.3334442961442665, 0.22805365874683486, 0.1794169198825103, 0.2590851252263884], [0.27540640381183557, 0.28961764485124974, 0.17160496159777386, 0.26337098973914086], [0.28763206343735037, 0.254341607598172, 0.19359839097296094, 0.2644279379915169], [0.24317164489387355, 0.2742431922673494, 0.20765052032766332, 0.2749346425111141], [0.2704438760207259, 0.2969797128515969, 0.17205322486720628, 0.2605231862604711], [0.21676154645796847, 0.30509676597415497, 0.17344172848878428, 0.3046999590790926], [0.22114121710430015, 0.3087664275188813, 0.19769548330172643, 0.2723968720750925], [0.28605840459087273, 0.24708382810522964, 0.1625471104605371, 0.30431065684336084], [0.22591832703380796, 0.2962367705524252, 0.2143486436424587, 0.2634962587713084], [0.21963598408196583, 0.3072705348760757, 0.207784129059701, 0.2653093519822578], [0.2898581545247725, 0.25414456883126835, 0.16633719893820023, 0.289660077705759], [0.29165439699259693, 0.2694675343180603, 0.17911193453591462, 0.2597661341534283], [0.2445347762275096, 0.26371248048633666, 0.21693084617578584, 0.2748218971103679], [0.24422423244980349, 0.3042219143893935, 0.18687290005163829, 0.2646809531091648], [0.22164797194256627, 0.35553219660983953, 0.20122106540209267, 0.22159876604550174], [0.23701832678438028, 0.27808389962016916, 0.2284725652042544, 0.25642520839119626], [0.2826768331845743, 0.3087316219482362, 0.18194743779207323, 0.2266441070751168], [0.30163723998782627, 0.2609508668897956, 0.15690549345179713, 0.2805063996705808], [0.2634886101153948, 0.26430450331040495, 0.19566183523875252, 0.2765450513354479], [0.21208669007411993, 0.2789983652606031, 0.23766023489642563, 0.2712547097688515], [0.23293635638677035, 0.3207285243075248, 0.1894593643395782, 0.2568757549661268], [0.3081694616574116, 0.18366888076179227, 0.16499546995853365, 0.34316618762226225], [0.27585160069712567, 0.2575690994813181, 0.21702219292730515, 0.24955710689425142], [0.2653739908726901, 0.2729176896402668, 0.16396475352983353, 0.2977435659572099], [0.23278514129103026, 0.30684250173241867, 0.15850785267827908, 0.301864504298272], [0.2728524168296373, 0.27180301668650947, 0.1882916297146437, 0.2670529367692102], [0.23615175491532386, 0.28311043681499914, 0.20008789143050879, 0.2806499168391685], [0.25278145055626644, 0.2754061217443055, 0.19835220572240606, 0.27346022197702236], [0.28100090571361175, 0.2771850400328307, 0.17117213285142555, 0.2706419214021326], [0.2557035633991247, 0.2947037698956319, 0.19659836421910723, 0.2529943024861363], [0.2864007328885573, 0.26698114893926517, 0.14939735882922608, 0.2972207593429518], [0.25075728712924117, 0.29022064139004483, 0.17883674905632269, 0.2801853224243917], [0.2682516321343934, 0.2906671721779008, 0.20012104536240932, 0.24096015032529688], [0.2599738672238313, 0.29803055523417243, 0.1927549429553871, 0.2492406345866093], [0.2496447255353929, 0.28250599388149616, 0.1749622945084963, 0.2928869860746151], [0.22042259313752416, 0.2847064444646967, 0.20581750127157253, 0.28905346112620667], [0.23233396681243623, 0.31616287540166993, 0.1971847964957657, 0.2543183612901286], [0.19796247562689995, 0.2859783499108859, 0.23948862958202863, 0.27657054488018606], [0.24185617968664774, 0.2630988560258556, 0.1920882930677414, 0.30295667121975534]]}, "rewritten": {"ids": ["97106770", "97107681", "97107950", "97116410", "98106680", "98107340", "98107380", "98107410", "98108520", "98111860", "98116090", "98116500", "98120530", "99105921", "99107300", "99107500", "99108310", "99108460", "99108580", "99109311", "99111000", "99111440", "99116500", "99120010", "99121440", "100116790", "100117420", "100120780", "101108290", "101108580", "101112540", "101116130", "101121640", "102107961", "102108621", "102109850", "102109910", "102110890", "102112250", "102114270", "102118380", "103109791", "103110100", "103111540", "103112641", "103113101", "103113170", "103113270", "103120531", "103120780", "104111380", "104113210", "104113550", "104116800", "104117630", "104118070", "105112100", "105112240", "105113170", "105113330", "105115380", "105115570", "105115680", "105116860", "106114150", "106115120", "106115250", "106116850", "106117650", "106118161", "106118520", "106118820", "106120290", "107112840", "107112850", "107113180", "107113360", "107114621", "107114950", "107115140", "107116340", "107118120", "107118820", "107119130", "107120880", "107121640", "107121700", "108113700", "108114180", "108114220", "108115870", "108116120", "108116481", "108119510", "108121160", "109116810", "109117080", "109117431", "109117630", "109120540", "109120621", "110115250", "110116300", "110117110", "110118111", "110118450", "110119891", "110120190", "110121500", "111115400", "111116100", "111116530", "111116750", "111117200", "111117571", "111119430", "111119950", "111120320", "111120531", "111121930", "112116290", "112116810", "112116990", "112118511", "112118620", "112118890", "112119580", "112120670", "112120700", "112120990", "112121030", "113118111", "113118421", "113119340", "113119450", "113119700", "113119930", "113120070", "113121010", "113122120", "113122220", "113122510"], "labels": [3, 3, 2, 3, 1, 0, 1, 3, 2, 0, 0, 2, 1, 1, 3, 0, 2, 0, 0, 1, 2, 3, 2, 2, 2, 2, 2, 1, 0, 0, 2, 2, 2, 3, 3, 1, 2, 0, 0, 3, 1, 3, 1, 1, 3, 3, 3, 2, 3, 1, 3, 3, 1, 1, 0, 2, 1, 1, 0, 3, 1, 0, 2, 2, 1, 1, 2, 3, 1, 3, 2, 3, 2, 1, 1, 3, 0, 0, 3, 0, 3, 3, 3, 1, 1, 1, 3, 0, 1, 3, 3, 1, 0, 1, 2, 3, 1, 1, 0, 1, 1, 1, 3, 0, 1, 0, 3, 3, 3, 0, 3, 3, 3, 0, 3, 3, 0, 1, 0, 1, 0, 3, 0, 1, 3, 3, 3, 2, 2, 2, 0, 1, 3, 0, 3, 0, 1, 2, 2, 1, 1, 2], "predicted_labels": [1, 0, 1, 1, 1, 1, 0, 1, 1, 1, 0, 3, 1, 1, 3, 1, 3, 1, 1, 1, 1, 1, 1, 1, 1, 1, 3, 1, 1, 3, 1, 1, 1, 0, 3, 3, 3, 3, 3, 1, 1, 1, 1, 3, 0, 1, 1, 1, 0, 3, 1, 3, 3, 1, 1, 1, 3, 1, 1, 3, 1, 1, 1, 1, 1, 3, 1, 1, 3, 0, 1, 1, 1, 1, 1, 1, 0, 0, 3, 3, 1, 1, 1, 1, 1, 1, 1, 1, 1, 1, 3, 3, 0, 3, 3, 1, 1, 1, 1, 1, 1, 1, 1, 1, 1, 1, 1, 1, 0, 1, 1, 3, 3, 1, 1, 1, 3, 1, 1, 3, 3, 1, 0, 1, 3, 1, 1, 1, 1, 1, 3, 1, 1, 1, 1, 1, 1, 1, 1, 1, 1, 1], "confidence_scores": [[0.24570274862855815, 0.3002695360094585, 0.22955097157803, 0.22447674378395413], [0.27553114447148414, 0.2734400437624825, 0.17646216117150995, 0.2745666505945237], [0.24066781852965585, 0.28173030810489097, 0.2210302206463957, 0.2565716527190581], [0.2283316857189885, 0.296195333178492, 0.20002343652254706, 0.275449544579973], [0.22615688324745742, 0.3169774770787992, 0.20503004583378293, 0.2518355938399609], [0.23031961334620746, 0.30434210092981834, 0.19417235090055748, 0.2711659348234172], [0.27970112716919476, 0.24923543253316943, 0.2182414591925175, 0.2528219811051188], [0.24078375121135726, 0.31563164361038254, 0.18339338895215335, 0.2601912162261072], [0.28197017844362043, 0.29872340216436616, 0.16635661329923615, 0.25294980609277773], [0.20430376574199532, 0.31246028475996523, 0.22127908269487462, 0.2619568668031649], [0.2792611169836476, 0.26506560656193556, 0.19026501493100623, 0.2654082615234112], [0.2557047392608264, 0.2848919816722122, 0.16339651418456488, 0.29600676488239697], [0.22501761737566325, 0.2997897542634657, 0.18696202279936497, 0.28823060556150654], [0.23801295653652546, 0.3343791285611417, 0.16019740366652932, 0.26741051123580356], [0.2627771129581446, 0.2715843002790165, 0.18790190620491304, 0.27773668055792655], [0.21293232769669734, 0.3381177850183549, 0.20122257222373335, 0.24772731506121487], [0.24450022238732794, 0.2724826383466863, 0.20638645974850775, 0.2766306795174782], [0.2526023341264215, 0.3143253232184206, 0.17584917885756116, 0.2572231637975975], [0.24909635940526406, 0.29014519609588324, 0.20508473145514772, 0.25567371304370523], [0.23175516531894083, 0.3392919707738119, 0.18848420940548932, 0.2404686545017588], [0.22670672330838784, 0.2839431875535859, 0.23592039102823367, 0.25342969810979304], [0.27052955325801237, 0.30648280498509994, 0.16501204861311689, 0.25797559314377116], [0.2244617137488134, 0.31039639425066246, 0.21498992790983568, 0.2501519640906891], [0.2514629350297012, 0.27949276737086914, 0.20628255122098743, 0.26276174637844263], [0.24232830056304436, 0.3233901044369142, 0.181701227818944, 0.25258036718109766], [0.2268332792684944, 0.2855501199884246, 0.20809380443007497, 0.27952279631300636], [0.2277786521050748, 0.2917020399018298, 0.18771345799981115, 0.29280584999328474], [0.22937018124709216, 0.3243390372648705, 0.18391602271778648, 0.2623747587702514], [0.23935092646631423, 0.30273155903006443, 0.1878149143548829, 0.270102600148739], [0.28189850397191646, 0.24661844952702366, 0.1836665803252474, 0.2878164661758127], [0.2337915138570058, 0.2994142043978096, 0.20892340441278462, 0.2578708773324003], [0.25114970806787873, 0.27651195555120656, 0.20875430278492646, 0.26358403359598903], [0.23766022198100098, 0.3047080000690249, 0.21293146305061075, 0.2447003148993639], [0.29393743708456593, 0.26524236177464167, 0.16681766139900187, 0.27400253974179095], [0.2766012698233697, 0.2811949401549993, 0.16045680607249782, 0.2817469839491334], [0.20474720317267733, 0.26143835643872315, 0.2338411019522427, 0.2999733384363566], [0.22523611523247206, 0.27058742193603197, 0.219701855320274, 0.2844746075112222], [0.2662284545619098, 0.2826354682461482, 0.16515804060639558, 0.28597803658554644], [0.2989344661037196, 0.21221575978414559, 0.17774703494309538, 0.31110273916903947], [0.2224169212538681, 0.32883950506848275, 0.21350137859914817, 0.23524219507850128], [0.2287790310293002, 0.2999435749644917, 0.24919231475541823, 0.22208507925079018], [0.22607360679457952, 0.331122266887859, 0.16868092056399547, 0.27412320575356636], [0.24449952918622345, 0.2817161934007746, 0.2226612560469712, 0.2511230213660313], [0.2498806526175407, 0.25640594504859077, 0.22048008061315003, 0.2732333217207191], [0.286368433352526, 0.28391159661072096, 0.20152271721267792, 0.22819725282407483], [0.2687266927613722, 0.2885385357354243, 0.18350538918777387, 0.2592293823154299], [0.24310392829846036, 0.30242702686267253, 0.21351455123498392, 0.24095449360388377], [0.20825911075817155, 0.30981023584174644, 0.2154327794563099, 0.2664978739437723], [0.2879816183566369, 0.26699003363375484, 0.18453390551939478, 0.260494442490214], [0.23427455395914953, 0.26754759241563014, 0.20279942248731164, 0.2953784311379088], [0.2505599378162346, 0.2848048789250475, 0.20364399630048927, 0.26099118695822887], [0.27503947829660813, 0.24209108764352427, 0.20274159942816516, 0.2801278346317025], [0.2672051191173682, 0.22340388713587486, 0.17680010061472662, 0.33259089313203066], [0.24784255250240883, 0.31384208712255246, 0.18027088907174407, 0.2580444713032949], [0.22757554280766248, 0.2787669817915029, 0.22858926560213919, 0.2650682097986957], [0.2263026817912315, 0.33081791401180444, 0.21019119344219583, 0.23268821075476898], [0.2766376339178925, 0.2529695784105193, 0.18763556607495252, 0.2827572215966359], [0.21927386546664387, 0.3237974419354733, 0.19721491901545068, 0.25971377358243264], [0.2107243771424849, 0.29509255535296525, 0.21850148691968083, 0.27568158058486913], [0.2796817762585774, 0.24567938332345723, 0.16382989711574736, 0.31080894330221803], [0.21997554489911805, 0.30135707228496744, 0.22156357396834392, 0.2571038088475708], [0.2075102704018231, 0.2844413390804692, 0.2482219951399107, 0.2598263953777975], [0.19455863076047586, 0.3290262716215606, 0.22531492259893926, 0.2511001750190247], [0.22073537338782417, 0.29571731818988256, 0.22102715520683924, 0.26252015321545424], [0.24162392800675664, 0.2701398880195722, 0.2223447246573861, 0.26589145931628555], [0.23784968720410465, 0.2768717468829993, 0.18624804791536215, 0.299030517997534], [0.24459964850762136, 0.27129089585084615, 0.23229214969125553, 0.251817305950277], [0.20247726395921725, 0.33721417985051794, 0.21312025193900383, 0.24718830425126126], [0.2131666476083818, 0.2763741418872409, 0.23210819186941076, 0.27835101863496686], [0.29855091715528764, 0.2633938925198529, 0.17385919071950048, 0.2641959996053587], [0.20284768686248497, 0.34301113132765937, 0.21758758445032908, 0.2365535973595268], [0.21334386737419495, 0.2983811435092912, 0.21863593083032684, 0.2696390582861876], [0.22662501026669402, 0.29982611391989933, 0.2251317298011824, 0.24841714601222464], [0.20614331554172502, 0.3503497038123933, 0.21207501804710924, 0.23143196259877297], [0.21250997680339812, 0.31669459694942886, 0.20915815671500657, 0.26163726953216654], [0.2263520313621378, 0.2912513569527508, 0.20668571176620204, 0.2757108999189097], [0.30873448144708865, 0.2601514186080183, 0.15969313688327347, 0.2714209630616194], [0.311876669311653, 0.27372877793776484, 0.14421308642913624, 0.2701814663214464], [0.24369467624957897, 0.2667440048546161, 0.2204160729123085, 0.269145245983497], [0.24743195616196798, 0.23557873458811432, 0.21634325305871022, 0.30064605619120766], [0.22644286149891396, 0.32189564630501444, 0.19439733711202195, 0.2572641550840502], [0.24353513529482967, 0.2797688174550633, 0.19955835407865605, 0.2771376931714515], [0.2129380389600225, 0.30203053020138376, 0.2211487071027196, 0.26388272373587446], [0.25283687668758403, 0.2872848600761486, 0.18616381463887663, 0.273714448597391], [0.19977747515490327, 0.34641223730214044, 0.20469740987272966, 0.24911287767022705], [0.20893898904408706, 0.27394884228330046, 0.2624610047192582, 0.25465116395335463], [0.19190675042740066, 0.318433283725467, 0.22446149489486059, 0.2651984709522719], [0.25754868395048536, 0.27638640843482226, 0.20368501219245483, 0.2623798954222378], [0.21271747500406668, 0.3318433730492641, 0.1899022827031377, 0.2655368692435318], [0.2507129061987393, 0.28781326177004096, 0.19860556129561216, 0.2628682707356079], [0.2908217938595987, 0.22940000667495075, 0.18530969376320744, 0.2944685057022436], [0.2714218283477852, 0.26672098254918625, 0.1866959672459452, 0.27516122185708375], [0.3095034031897008, 0.26852939265110143, 0.13880025259503334, 0.28316695156416455], [0.23049224704486257, 0.28541412292302704, 0.19269678611497398, 0.291396843917137], [0.22586424427660035, 0.28445632945083765, 0.201314749513603, 0.2883646767589592], [0.2202706460302799, 0.323921322457631, 0.18086393696044425, 0.2749440945516455], [0.244174755260192, 0.29549906058394027, 0.2194387878533473, 0.24088739630252087], [0.27198612579884157, 0.303403319114112, 0.1689834991371888, 0.25562705594985796], [0.25284124034834105, 0.2748040249145633, 0.2103315448097089, 0.2620231899273872], [0.23795061625272942, 0.310983018029263, 0.20126892917225828, 0.2497974365457496], [0.2640205609853049, 0.2900492103047253, 0.1833268592855361, 0.26260336942443363], [0.2398074838193676, 0.30838683892123586, 0.18808246022785136, 0.2637232170315454], [0.2489869624993825, 0.28387100532079185, 0.21732754765343693, 0.249814484526389], [0.24408552927401264, 0.31300521061388475, 0.17860101490554978, 0.26430824520655316], [0.2489719590865934, 0.3047658436419256, 0.15656401410919607, 0.28969818316228496], [0.24284574638979758, 0.30145375140131797, 0.20709088133462544, 0.24860962087425945], [0.2601625168999018, 0.3333556141100281, 0.16659430034797473, 0.23988756864209568], [0.2071271279134861, 0.2895113027938496, 0.22068095218501915, 0.28268061710764586], [0.28796080806431623, 0.2764388143689126, 0.19971805917332125, 0.2358823183934502], [0.25608714770213004, 0.30089233608756466, 0.19226650330828796, 0.25075401290201726], [0.26748032070101335, 0.30609880862636335, 0.1700001229862967, 0.2564207476863269], [0.22643317900741866, 0.27514260634031973, 0.2021400759298876, 0.2962841387223741], [0.2778637873292581, 0.26491431812856675, 0.15969851343856342, 0.29752338110361193], [0.25624524900950374, 0.29494490611752944, 0.18636120164239656, 0.2624486432305702], [0.2286514942110904, 0.2832764780899207, 0.22106680751083999, 0.2670052201881492], [0.2203159773635566, 0.3084740718054246, 0.2150758200189916, 0.2561341308120278], [0.2669608277464397, 0.2573807903183315, 0.1914353011013204, 0.2842230808339087], [0.2698810270997721, 0.29746269130272235, 0.20423852227234615, 0.22841775932515954], [0.2724658356537408, 0.3218227689975252, 0.16748471993455788, 0.2382266754141766], [0.26856788013943406, 0.24965152858653594, 0.21144548530467935, 0.27033510596935073], [0.263226541534768, 0.2847525527027938, 0.16248252952217268, 0.289538376240266], [0.23919215507371294, 0.2746987448532888, 0.21146963566156024, 0.27463946441143816], [0.2628110361166843, 0.2627804126022903, 0.2182418236042286, 0.2561667276767972], [0.2459564729656074, 0.3346689697123188, 0.17696218425371887, 0.24241237306835547], [0.2530899077302508, 0.28321978418135935, 0.1802668255554047, 0.2834234825329849], [0.24200330307138926, 0.2947970480658823, 0.21405868444512782, 0.24914096441760095], [0.23054279886631932, 0.2957362135042659, 0.18247392216868644, 0.29124706546072865], [0.27247719916252705, 0.29083009728301606, 0.19227143074163253, 0.24442127281282477], [0.22150512261416155, 0.30337601899858496, 0.20850216397859023, 0.2666166944086636], [0.23738548212043706, 0.33909977730887275, 0.16852440964566032, 0.25499033092503065], [0.28099570270014046, 0.2578927338426671, 0.16689794728365723, 0.2942136161735352], [0.2657015856541981, 0.3225847037668252, 0.16941976817021126, 0.24229394240876626], [0.2792966096925808, 0.28605647817810825, 0.17587825536050228, 0.258768656768809], [0.25739457995399795, 0.2884295640026856, 0.18756727780622504, 0.26660857823709194], [0.24414451631921275, 0.3070259536188157, 0.17344188792624696, 0.27538764213572514], [0.2514031949869454, 0.2826518708081632, 0.2066251559097667, 0.259319778295125], [0.27387239946744313, 0.31714129169563143, 0.16535048355021215, 0.2436358252867138], [0.21873769033836613, 0.32936883599056116, 0.20802432205361654, 0.24386915161745645], [0.22758715920012226, 0.3152633737385316, 0.2096964059653823, 0.24745306109596413], [0.23659799022670022, 0.32873166057965875, 0.19506776534592535, 0.2396025838477163], [0.225234248436559, 0.3227586537143739, 0.2075610834029389, 0.24444601444612837], [0.21982744449130617, 0.3438894471431724, 0.1824042647768224, 0.25387884358869917]]}}