{"test": {"ids": ["101114990", "99112641", "108121410", "112121430", "97116410", "98108520", "113122160", "108119330", "100109000", "113120280", "106114321", "110118810", "99107630", "109118820", "99107660", "109114030", "99108580", "101115190", "109115380", "107114780", "103120730", "107114950", "110117110", "106116850", "106117650", "99109840", "99107560", "109117730", "99116500", "109121640", "101110740", "112118930", "105115250", "107118520", "103113260", "98120010", "111116411", "113121220", "111121220", "110121500", "107117010", "109121351", "99117740", "101112690", "102110690", "98116940", "105115680", "109113591", "107114621", "105116441", "101110150", "111116100", "97113260", "112121030", "99111000", "112117790", "105116650", "103112470", "100116500", "108120621", "98121790", "112116640", "110120560", "111120220", "110116170", "98111860", "110115140", "108114180", "110115980", "103111830", "99110730", "112117461", "104112201", "98116500", "97105760", "105115570", "113118620", "107120010", "108115880", "108115250", "99111340", "103109641", "109120150", "102110240", "113121980", "107114490", "109120560", "99112300", "113121010", "110116290", "111117200", "112121360", "110114651", "113118511", "110118740", "103110220", "107119950", "97105451", "110121140", "107113170", "108117610", "97108520", "113120540", "101119030", "98108370", "112118471", "109116750", "112118860", "106121190", "110118450", "101109120", "111115400", "104117630", "111117480", "111120540", "108113700", "102107961", "103118291", "109113881", "113119930", "113120780", "103111990", "111120190", "108114270", "112116850", "99111620", "113117630", "97107821", "113118630", "107112840", "104119340", "98110810", "98106680", "107118120", "112118581", "112119610", "107113360", "108116120", "109117630", "110117080", "98109090", "107114200"], "labels": [3, 1, 0, 2, 3, 2, 3, 0, 1, 0, 2, 1, 2, 3, 3, 1, 0, 1, 3, 2, 1, 3, 0, 3, 1, 2, 1, 3, 2, 0, 3, 1, 2, 2, 3, 2, 0, 3, 3, 3, 1, 0, 2, 1, 0, 2, 2, 3, 0, 1, 1, 3, 1, 0, 2, 3, 1, 1, 2, 1, 2, 0, 0, 3, 0, 0, 0, 1, 1, 3, 3, 0, 0, 2, 0, 0, 3, 1, 3, 1, 1, 1, 2, 3, 2, 3, 1, 0, 2, 2, 0, 3, 3, 1, 3, 2, 3, 0, 3, 0, 3, 2, 3, 3, 1, 1, 0, 3, 2, 0, 1, 0, 0, 1, 1, 0, 3, 0, 0, 1, 0, 2, 3, 3, 0, 3, 0, 2, 3, 1, 1, 1, 1, 3, 1, 0, 0, 1, 0, 1, 1, 2], "predicted_labels": [1, 1, 1, 3, 3, 1, 3, 3, 3, 3, 3, 1, 3, 3, 0, 3, 1, 1, 3, 3, 1, 3, 1, 2, 1, 1, 1, 1, 3, 3, 1, 3, 3, 1, 1, 1, 3, 3, 3, 3, 3, 3, 3, 1, 1, 1, 1, 3, 3, 1, 1, 1, 3, 0, 2, 1, 1, 0, 3, 0, 3, 1, 1, 1, 1, 3, 1, 3, 1, 0, 3, 0, 0, 3, 3, 0, 1, 2, 1, 3, 1, 3, 1, 1, 3, 3, 2, 3, 3, 0, 1, 3, 3, 3, 3, 1, 1, 0, 1, 3, 3, 3, 1, 3, 1, 3, 1, 1, 1, 1, 3, 3, 3, 1, 1, 0, 3, 3, 1, 1, 1, 1, 3, 0, 3, 1, 1, 1, 1, 1, 3, 1, 1, 1, 1, 1, 0, 3, 1, 1, 0, 1], "confidence_scores": [[0.217438166000666, 0.32907990620490607, 0.2036726190476191, 0.2498093087468088], [0.21634050671550673, 0.28297768897768905, 0.2219967948717949, 0.2786850094350094], [0.2666693584193584, 0.31754816017316023, 0.18710764235764235, 0.22867483904983912], [0.27530328495034373, 0.27161987522281633, 0.16044516594516595, 0.292631673881674], [0.25473988511488516, 0.2374705086580087, 0.2433744172494173, 0.26441518897768906], [0.2773416305916306, 0.3072447136197136, 0.1359527417027417, 0.2794609140859141], [0.19515277777777787, 0.2780928932178932, 0.24105212842712853, 0.2857022005772007], [0.18699314574314577, 0.2992691197691198, 0.20744269619269626, 0.30629503829503835], [0.23015818903318902, 0.2530301226551226, 0.2441704545454545, 0.27264123376623384], [0.25413239538239535, 0.2260485209235209, 0.18169895382395382, 0.33812012987012996], [0.22369977244977246, 0.23581411643911657, 0.22340151515151532, 0.31708459595959587], [0.24575634985929104, 0.30146000241588483, 0.1808059436478554, 0.27197770407696875], [0.26398208735708745, 0.2771322705072705, 0.14746563852813852, 0.3114200036075038], [0.17173784548784546, 0.27461796536796546, 0.2630254398379399, 0.29061874930624937], [0.27566982527276634, 0.25695894138541203, 0.2084353248875308, 0.2589359084542908], [0.24327408008658005, 0.2665924581953994, 0.22055296664120191, 0.26958049507681864], [0.18774296536796545, 0.3025987762237762, 0.24482527195027196, 0.2648329864579867], [0.18248214285714284, 0.30587355699855695, 0.260076943889444, 0.25156735625485627], [0.16054424741924742, 0.28452626540126535, 0.2524259559884561, 0.3025035311910312], [0.25116593129093134, 0.28955964378758503, 0.13930188439011967, 0.31997254053136404], [0.24656597079391204, 0.3150679753253283, 0.18814466293510412, 0.2502213909456557], [0.24876662226662227, 0.23682749195249195, 0.21163995726495732, 0.3027659285159285], [0.23466926129426127, 0.294481351981352, 0.19216516816516815, 0.27868421855921854], [0.23446423429511667, 0.24783703102453103, 0.2671146867838045, 0.2505840478965479], [0.2490303307803308, 0.3143239538239539, 0.21228171828171824, 0.22436399711399704], [0.19080158730158733, 0.31427032689532697, 0.19995752164502165, 0.2949705641580642], [0.22906035141329262, 0.3351397050661757, 0.2172561498958558, 0.21854379362467583], [0.25919415306915317, 0.29744545732045735, 0.1997205086580087, 0.24363988095238093], [0.20843703518703513, 0.2811244311244312, 0.22672093184593187, 0.28371760184260186], [0.20948015873015877, 0.2896549422799424, 0.1870672799422799, 0.31379761904761905], [0.21411652236652245, 0.3207045454545455, 0.1911150793650794, 0.27406385281385287], [0.24742463092463102, 0.22860217560217555, 0.1676018009768009, 0.3563713924963925], [0.2620883005883006, 0.27368063880563887, 0.1786369047619047, 0.285594155844156], [0.2760073953823954, 0.29554563492063496, 0.17613492063492062, 0.2523120490620491], [0.2511669857919858, 0.31613023088023096, 0.19982177544677554, 0.23288100788100796], [0.2649720320529145, 0.2717492091242091, 0.2044175922117098, 0.25886116661116665], [0.3104718794277617, 0.19059602897102895, 0.13914637731549492, 0.35978571428571426], [0.23835878214922337, 0.2746033500812912, 0.2121272971309736, 0.27491057063851193], [0.33052239427239444, 0.2260726773226774, 0.1121029248529248, 0.33130200355200373], [0.2929107142857143, 0.23466378066378066, 0.17411790986790987, 0.29830759518259514], [0.20238997113997123, 0.26708207070707085, 0.21334505772005766, 0.3171829004329004], [0.22927633477633474, 0.3033073593073594, 0.15736874236874232, 0.3100475635475636], [0.255762987012987, 0.24756331168831167, 0.20296708152958157, 0.29370661976911977], [0.18602976190476192, 0.303906440781441, 0.2359183247308248, 0.2741454725829725], [0.2710211038961038, 0.3142187395937396, 0.12603697691197688, 0.2887231795981796], [0.23953933566433563, 0.34126916139416147, 0.19336480186480187, 0.2258267010767011], [0.22838870851370857, 0.3396636002886002, 0.17745424020424017, 0.254493450993451], [0.2723613053613053, 0.26076479076479087, 0.18865559440559437, 0.2782183094683095], [0.2109338023088024, 0.30126911976911974, 0.16692676767676765, 0.3208703102453102], [0.21634920634920632, 0.3421089466089466, 0.16046049783549773, 0.2810813492063492], [0.2162780275280275, 0.3080941974691974, 0.1748824786324786, 0.30074529637029657], [0.27630490342990344, 0.296505106005106, 0.20832033244533246, 0.2188696581196582], [0.22433578431372558, 0.2585249448264155, 0.19764086240556825, 0.3194984084542908], [0.36064610389610396, 0.22037932900432897, 0.1726920995670996, 0.2462824675324675], [0.20244470806970807, 0.23758505383505388, 0.28972563547563557, 0.2702446026196026], [0.25667723942723947, 0.2894823371073371, 0.19243764568764565, 0.2614027777777778], [0.20873675833969954, 0.338436974789916, 0.18861566293183937, 0.2642106039385452], [0.2856429126429126, 0.2607684676434676, 0.18238690476190475, 0.271201714951715], [0.23842117604617602, 0.24390216727716726, 0.2060734473859474, 0.3116032092907093], [0.2764384226884227, 0.2741502664002663, 0.1790732323232323, 0.27033807858807857], [0.21554819282025164, 0.25671721334221337, 0.24746825396825392, 0.28026633986928107], [0.22795189532689533, 0.32047401209901205, 0.19167495004995014, 0.25989914252414265], [0.24046879509379515, 0.2912391774891774, 0.19407891414141423, 0.2742131132756132], [0.2733075396825396, 0.3085921300921301, 0.13169859307359308, 0.2864017371517372], [0.2601206987456987, 0.30359000721500723, 0.14495983877233876, 0.2913294552669554], [0.2064488705738705, 0.2593813686313687, 0.25401984820734824, 0.28014991258741256], [0.25897204184704187, 0.2771278860028861, 0.2107331002331003, 0.2531669719169719], [0.21392792419998308, 0.29825046685340795, 0.15947240259740256, 0.3283492063492063], [0.24072467320261443, 0.29158199643493765, 0.21045743145743148, 0.2572358989050166], [0.3433997113997114, 0.19614754689754693, 0.15807936507936501, 0.30237337662337677], [0.19315224358974362, 0.2855567071817072, 0.18808211926961926, 0.33320892995893], [0.2861626984126984, 0.26589038739038745, 0.18449832112332107, 0.2634485930735931], [0.30803012265512264, 0.2313102453102452, 0.1890447330447331, 0.27161489898989893], [0.2445038156288156, 0.25543308080808086, 0.1949547882672883, 0.3051083152958155], [0.2256117771117771, 0.2747022005772006, 0.20098989898989894, 0.29869612332112333], [0.26998833111333115, 0.25901757964257965, 0.2154655344655345, 0.2555285547785548], [0.23943086080586076, 0.34366491841491853, 0.16377777777777777, 0.253126443001443], [0.19405672105672103, 0.23007024919524924, 0.32921622821622826, 0.2466568015318016], [0.24039425851925855, 0.3220095598845599, 0.1712018953268953, 0.26639428626928635], [0.23636962057550295, 0.250950937950938, 0.21057211824123595, 0.3021073232323232], [0.22225838744588747, 0.29896049783549783, 0.2593565115440115, 0.2194246031746032], [0.2525149572649572, 0.21543670218670224, 0.18253589466089465, 0.34951244588744595], [0.2430915057165057, 0.29942243867243873, 0.18243001443001444, 0.27505604118104116], [0.22080862193362194, 0.30977038239538235, 0.21849639249639252, 0.2509246031746031], [0.2546702602952603, 0.23936516261516272, 0.21118452380952385, 0.2947800532800533], [0.247419191919192, 0.2169253246753247, 0.20126226551226548, 0.334393217893218], [0.19782097069597074, 0.25457322538572535, 0.27974698218448224, 0.2678588217338219], [0.23511950549450547, 0.25480821955821953, 0.23458291708291729, 0.275489357864358], [0.24672903485403486, 0.2719888167388167, 0.16470940170940168, 0.3165727466977468], [0.27416215728715726, 0.2447649711399712, 0.21184740259740262, 0.269225468975469], [0.24483513708513713, 0.293952380952381, 0.16799875124875124, 0.2932137307137307], [0.2646813831593243, 0.271241575418046, 0.17873582993803583, 0.28534121148459396], [0.21637726162726167, 0.27194823232323245, 0.13281858419358417, 0.3788559218559219], [0.253234126984127, 0.2622853535353535, 0.2006360028860029, 0.28384451659451665], [0.2671162726162726, 0.22929936729936728, 0.21807296176046176, 0.2855113983238983], [0.17231439393939385, 0.31270422632922634, 0.24315349927849933, 0.2718278804528806], [0.22187050449550458, 0.31623869186369186, 0.15393981018981015, 0.30795099345099347], [0.3070205627705628, 0.2788291292041293, 0.17868416305916304, 0.235466144966145], [0.2596593475968476, 0.2815101148851149, 0.20151379870129865, 0.25731673881673883], [0.22882810245310253, 0.295539307914308, 0.16865766178266173, 0.306974927849928], [0.27752711177711187, 0.2090250166500166, 0.1700680014430014, 0.34337987012987015], [0.20980218392718386, 0.28217424242424255, 0.2210670995670996, 0.2869564740814741], [0.2783609307359309, 0.2852602813852815, 0.2103961038961039, 0.22598268398268395], [0.24482898555692675, 0.2771644972674385, 0.17575220694338337, 0.30225431023225147], [0.22264105339105342, 0.31929816017316026, 0.2190937950937952, 0.23896699134199142], [0.2157569097569098, 0.26649476911976916, 0.22878794816294812, 0.288960372960373], [0.2402601010101011, 0.3109687950937951, 0.19808104395604395, 0.25069005994005994], [0.24370139582639586, 0.2904694610944612, 0.21585381285381286, 0.24997533022533028], [0.16317032967032966, 0.28974163336663344, 0.26724694749694755, 0.27984108946608943], [0.1862199675324675, 0.30035524891774895, 0.2269851190476191, 0.28643966450216446], [0.22178259240759235, 0.2906960123210123, 0.18889249639249642, 0.298628898878899], [0.2266549977799978, 0.2409073565323565, 0.2373158369408369, 0.29512180874680877], [0.265612914862915, 0.2110954184704185, 0.19827759740259732, 0.3250140692640693], [0.25905640193140195, 0.3040970973470973, 0.2008564213564214, 0.23599007936507937], [0.1876448412698413, 0.31834325396825397, 0.20101401376401376, 0.2929978909978911], [0.2760775613275614, 0.27338798701298705, 0.206784090909091, 0.24375036075036088], [0.250461815961816, 0.27429743867243866, 0.16986029942279943, 0.30538044594294605], [0.2293442529692529, 0.2578949245199246, 0.22818542568542577, 0.28457539682539684], [0.24217189754689752, 0.2825509559884559, 0.205030753968254, 0.2702463924963925], [0.26122945110445117, 0.3526984681984682, 0.1660779775779776, 0.2199941031191032], [0.24116298489092608, 0.2912291825821238, 0.18799012180629832, 0.27961771072065195], [0.1802450188700188, 0.35659516872016866, 0.15644570707070704, 0.3067141053391053], [0.2393676552205964, 0.24662161204808272, 0.2022027449674509, 0.3118079877638702], [0.29963763115968994, 0.28367099077393204, 0.14392893217893216, 0.2727624458874459], [0.2128232323232323, 0.28515835553335556, 0.20845528083028092, 0.2935631313131314], [0.21698854617604613, 0.2989341630591631, 0.22928153096903103, 0.25479575979575986], [0.23016462703962692, 0.2996801017609842, 0.2147439839572192, 0.25541128724216966], [0.25025306637806627, 0.2979871933621933, 0.16607160894660894, 0.28568813131313137], [0.2516141913641914, 0.31174357586857593, 0.15252716727716722, 0.28411506549006554], [0.24681115412365404, 0.2978325742884566, 0.21497151337224873, 0.2403847582156406], [0.3036153658433071, 0.22485003395297512, 0.13693849206349204, 0.33459610814022583], [0.20132587755381873, 0.3359901324166031, 0.20615498716969302, 0.25652900285988517], [0.20496231546231544, 0.33259042346542356, 0.2032367077367078, 0.2592105533355534], [0.2205974025974026, 0.34754058441558444, 0.15789646464646456, 0.27396554834054826], [0.22013113275613283, 0.2688414502164503, 0.2575735930735932, 0.253453823953824], [0.24122059884559885, 0.29811664724164727, 0.20953805916305918, 0.2511246947496948], [0.26333230658230666, 0.25574644799644813, 0.23070014013764018, 0.2502211052836054], [0.2530873015873016, 0.24639393939393942, 0.1506629342879343, 0.3498558247308248], [0.23167260517260524, 0.31090458152958156, 0.23189516039516037, 0.22552765290265295], [0.18212805250305247, 0.2989466366966366, 0.23671300921300925, 0.2822123015873017], [0.2793281579531581, 0.2679273961332786, 0.21021800993124526, 0.24252643598231832], [0.22611269286269292, 0.40661176323676307, 0.12440313852813852, 0.2428724053724054]]}, "rewritten": {"ids": ["97105451", "97105760", "97107821", "97108520", "97113260", "97116410", "98106680", "98108370", "98108520", "98109090", "98110810", "98111860", "98116500", "98116940", "98120010", "98121790", "99107560", "99107630", "99107660", "99108580", "99109840", "99110730", "99111000", "99111340", "99111620", "99112300", "99112641", "99116500", "99117740", "100109000", "100116500", "101109120", "101110150", "101110740", "101112690", "101114990", "101115190", "101119030", "102107961", "102110240", "102110690", "103109641", "103110220", "103111830", "103111990", "103112470", "103113260", "103118291", "103120730", "104112201", "104117630", "104119340", "105115250", "105115570", "105115680", "105116441", "105116650", "106114321", "106116850", "106117650", "106121190", "107112840", "107113170", "107113360", "107114200", "107114490", "107114621", "107114780", "107114950", "107117010", "107118120", "107118520", "107119950", "107120010", "108113700", "108114180", "108114270", "108115250", "108115880", "108116120", "108117610", "108119330", "108120621", "108121410", "109113591", "109113881", "109114030", "109115380", "109116750", "109117630", "109117730", "109118820", "109120150", "109120560", "109121351", "109121640", "110114651", "110115140", "110115980", "110116170", "110116290", "110117080", "110117110", "110118450", "110118740", "110118810", "110120560", "110121140", "110121500", "111115400", "111116100", "111116411", "111117200", "111117480", "111120190", "111120220", "111120540", "111121220", "112116640", "112116850", "112117461", "112117790", "112118471", "112118581", "112118860", "112118930", "112119610", "112121030", "112121360", "112121430", "113117630", "113118511", "113118620", "113118630", "113119930", "113120280", "113120540", "113120780", "113121010", "113121220", "113121980", "113122160"], "labels": [0, 0, 2, 2, 1, 3, 1, 1, 2, 1, 1, 0, 2, 2, 2, 2, 1, 2, 3, 0, 2, 3, 2, 1, 3, 0, 1, 2, 2, 1, 2, 1, 1, 3, 1, 3, 1, 3, 3, 3, 0, 1, 2, 3, 2, 1, 3, 0, 1, 0, 0, 1, 2, 0, 2, 1, 1, 2, 3, 1, 2, 1, 0, 0, 2, 3, 0, 2, 3, 1, 3, 2, 3, 1, 0, 1, 3, 1, 3, 1, 3, 0, 1, 0, 3, 0, 1, 3, 0, 0, 3, 3, 2, 1, 0, 0, 3, 0, 1, 0, 2, 1, 0, 0, 3, 1, 0, 3, 3, 0, 3, 0, 0, 1, 3, 3, 1, 3, 0, 0, 0, 3, 1, 1, 3, 1, 0, 0, 3, 2, 0, 1, 3, 3, 1, 0, 3, 0, 2, 3, 2, 3], "predicted_labels": [0, 1, 3, 2, 3, 1, 1, 1, 0, 1, 1, 3, 3, 1, 1, 1, 1, 0, 3, 1, 3, 1, 2, 1, 1, 1, 1, 1, 3, 1, 3, 3, 1, 1, 1, 1, 1, 1, 0, 3, 3, 3, 3, 0, 0, 3, 1, 3, 1, 1, 0, 3, 1, 1, 1, 1, 1, 3, 1, 1, 1, 1, 0, 0, 1, 0, 3, 1, 3, 3, 1, 1, 3, 2, 3, 3, 3, 3, 1, 0, 3, 3, 0, 1, 3, 3, 0, 1, 1, 1, 0, 3, 3, 2, 1, 3, 3, 3, 0, 3, 3, 1, 1, 1, 1, 0, 1, 1, 1, 3, 0, 3, 1, 1, 1, 1, 1, 3, 1, 3, 0, 3, 3, 0, 1, 3, 1, 0, 3, 3, 1, 3, 0, 0, 0, 3, 3, 1, 3, 1, 3, 3], "confidence_scores": [[0.35796013708513713, 0.2445010267510267, 0.17002074314574311, 0.22751809301809314], [0.2632911255411256, 0.2985382395382396, 0.20683369408369404, 0.2313369408369409], [0.2739658258408259, 0.24394398656898658, 0.20190458152958152, 0.28018560606060616], [0.23156220168720168, 0.2529782301032302, 0.25956358918858913, 0.255895979020979], [0.2291588223867636, 0.25359871827518893, 0.23064983953954538, 0.2865926197985021], [0.22673945009239138, 0.2738517846532553, 0.22934464473435068, 0.2700641205200029], [0.2284055805305806, 0.2938316405816407, 0.2387552031302032, 0.2390075757575758], [0.18739411976911982, 0.3198641774891776, 0.21958369408369408, 0.27315800865800866], [0.31805681818181836, 0.2692833694083694, 0.13470815295815294, 0.2779516594516594], [0.2264346486846487, 0.2769897741147741, 0.24117009379509383, 0.25540548340548347], [0.2340499312778724, 0.32856375324022385, 0.24045531184501778, 0.196931003636886], [0.22798316267066263, 0.26278343878343874, 0.23426927239427242, 0.27496412615162624], [0.26061850649350654, 0.2730997474747474, 0.15216549422799416, 0.31411625180375174], [0.24879569042069044, 0.2837673576423578, 0.19071561771561768, 0.27672133422133427], [0.23224075924075926, 0.2879649378399379, 0.23816455766455769, 0.24162974525474534], [0.1990932629462041, 0.2966069600334307, 0.23893674013894592, 0.2653630368814192], [0.2399173555202968, 0.3365769834740424, 0.18220666833166832, 0.24129899267399268], [0.3287726717726718, 0.21761950549450554, 0.1611035839160839, 0.29250423881673887], [0.26619779730073856, 0.25123724641371703, 0.20653831911552498, 0.2760266371700195], [0.20606524031524032, 0.3263023643023644, 0.23133315295815302, 0.2362992424242425], [0.1736903741683153, 0.28711336784130903, 0.2303224206349207, 0.30887383735545515], [0.27099090492840505, 0.30202114552114556, 0.1517630355755356, 0.2752249139749141], [0.18581875069375065, 0.28140583028083027, 0.29974547674547686, 0.23302994227994225], [0.20822411616161612, 0.2911751998001999, 0.2627571248196248, 0.23784355921855924], [0.2197515331890332, 0.3160257936507937, 0.21847363053613056, 0.2457490426240427], [0.23810570393658628, 0.2780506993006993, 0.22511953610115384, 0.25872406066156073], [0.27233165445665447, 0.28721248196248195, 0.1937583527583528, 0.2466975108225109], [0.18663311688311687, 0.32126443001442995, 0.22655248917748924, 0.26554996392496394], [0.2610261544011544, 0.2584316378066379, 0.19031484487734487, 0.2902273629148629], [0.22229713342213345, 0.3017827380952381, 0.22158432539682546, 0.25433580308580317], [0.238030316905317, 0.25895898545898544, 0.18804671717171717, 0.3149639804639804], [0.21355982905982906, 0.2837502358752358, 0.20775289987789994, 0.29493703518703535], [0.27765734265734265, 0.31224855699855697, 0.17179660617160614, 0.23829749417249413], [0.250241668054168, 0.3280207292707294, 0.20483381202131207, 0.2169037906537906], [0.19053084415584418, 0.2957063492063492, 0.2546722027972028, 0.25909060384060384], [0.2234005230880231, 0.3530519798828624, 0.23091534037857567, 0.19263215665053898], [0.22332258019758025, 0.31947561180649425, 0.2179764875647229, 0.2392253204312028], [0.23848935786435785, 0.31099819624819647, 0.19008324314574318, 0.2604292027417028], [0.3036268037518039, 0.29587139249639244, 0.17600723581973582, 0.22449456793206793], [0.25377686202686206, 0.2576560384060384, 0.22552092352092357, 0.2630461760461761], [0.24928144078144082, 0.2708623321123321, 0.15907647907647907, 0.32077974802974807], [0.250657634032634, 0.23919177350427354, 0.18259167915417923, 0.32755891330891346], [0.20807542457542463, 0.2761055056055057, 0.2295413614163614, 0.28627770840270866], [0.3320344655344656, 0.21018180430680428, 0.1789861111111111, 0.278797619047619], [0.30869377354671473, 0.28134251369545493, 0.14677024446142087, 0.26319346829640955], [0.22539231601731605, 0.30976275113775115, 0.15373214285714284, 0.31111278998779], [0.24240598290598295, 0.3141289682539683, 0.20509215784215779, 0.238372890997891], [0.2597127594627595, 0.25234075646575643, 0.1871231962481962, 0.30082328782328793], [0.24894104506604517, 0.28315984424072654, 0.18650477871801402, 0.28139433197521435], [0.26871804584304576, 0.2844283771783772, 0.18875575813075812, 0.25809781884781885], [0.2871553932178933, 0.22091953879453882, 0.22951850233100232, 0.2624065656565657], [0.21965553890553902, 0.2923862526362526, 0.19303481240981246, 0.29492339604839607], [0.28328658841158844, 0.3167908798717623, 0.13781414990238516, 0.26210838181426427], [0.2218287407037407, 0.2859908841158842, 0.21868398268398268, 0.27349639249639246], [0.21663275613275612, 0.3478156565656566, 0.19041468253968252, 0.24513690476190486], [0.24537134597428728, 0.30545759550906615, 0.18444772221242808, 0.2647233363042186], [0.2158424026953438, 0.33302938238232366, 0.19670530939648578, 0.25442290552584673], [0.24746049783549787, 0.2223652597402598, 0.2234354256854257, 0.3067388167388168], [0.22231178951767172, 0.2855260711510711, 0.2681643593334771, 0.2239977799977801], [0.2552200854700855, 0.27898304473304464, 0.216358016983017, 0.2494388528138528], [0.2135573682853094, 0.3056914727429433, 0.24929418130888734, 0.23145697766286], [0.264249451936952, 0.2687853159911983, 0.2660624918382272, 0.2009027402336226], [0.30370430957930966, 0.25806046731046733, 0.19358046120546124, 0.24465476190476199], [0.2677145215895215, 0.2653185980685981, 0.22744958513708521, 0.2395172952047952], [0.26444913419913424, 0.3182398989898989, 0.10853066378066374, 0.3087803030303031], [0.3021643217893218, 0.22238906926406926, 0.17693813131313127, 0.2985084776334776], [0.25988392857142856, 0.24634145021645026, 0.18801650432900424, 0.30575811688311694], [0.2863473193473194, 0.2921882145632146, 0.15209018759018755, 0.2693742784992785], [0.24028197496947495, 0.2109426406926407, 0.24274262543012548, 0.30603275890775894], [0.21556529581529582, 0.2709503968253968, 0.1801107503607504, 0.3333735569985571], [0.25024206349206357, 0.3461884920634921, 0.1524112554112554, 0.251158189033189], [0.2050963203463204, 0.3243607503607504, 0.17305284992784992, 0.2974900793650794], [0.2525864552114553, 0.2690871073371072, 0.1743510794760794, 0.3039753579753581], [0.17076100288600288, 0.2735241702741703, 0.29945725108225113, 0.2562575757575759], [0.24071434121434127, 0.23550252525252532, 0.227502886002886, 0.29628024753024756], [0.23339133089133088, 0.30391579254079243, 0.15127870046620046, 0.3114141761016761], [0.2528812764033352, 0.2978963348742761, 0.14734120046620042, 0.3018811882561884], [0.25903066378066386, 0.24642712842712847, 0.21024868187368184, 0.28429352591852597], [0.2773636224886225, 0.3685642870201694, 0.15697616843940368, 0.19709592205180435], [0.29139123376623377, 0.2572453102453103, 0.19640151515151516, 0.25496194083694074], [0.2543688672438673, 0.23604839604839614, 0.13662987012987013, 0.37295286657786664], [0.22932124819624827, 0.2755317460317461, 0.20107341269841272, 0.2940735930735931], [0.2890390720390721, 0.2848136863136863, 0.15560191197691198, 0.27054532967032974], [0.23365573315573318, 0.3254206349206349, 0.20559516872016867, 0.2353284632034633], [0.2285333853238266, 0.28513930269077337, 0.17686678231898817, 0.3094605296664119], [0.2390350482850483, 0.30812499999999987, 0.13346302308802305, 0.3193769286269286], [0.2819518745143744, 0.25155517603311733, 0.18970601498175022, 0.27678693447075814], [0.2068978937728938, 0.29202693140193137, 0.23030658230658235, 0.2707685925185926], [0.27860541541791556, 0.31767628205128207, 0.18232593101343095, 0.2213923715173716], [0.2633948273948274, 0.3088116883116883, 0.22334934509934518, 0.20444413919413923], [0.29917796092796095, 0.28028937728937736, 0.1650998168498169, 0.25543284493284496], [0.21370294982794988, 0.25468756243756246, 0.2516249999999998, 0.2799844877344878], [0.25358816877566875, 0.2659780497280498, 0.2087135434010434, 0.27172023809523804], [0.1686767884892885, 0.2575620421245421, 0.3019974053724054, 0.2717637640137641], [0.19480753968253972, 0.3452474747474749, 0.17755375180375174, 0.28239123376623376], [0.23815937738731854, 0.2580300483829896, 0.21900346956964603, 0.28480710466004594], [0.24019733044733052, 0.30372871572871585, 0.1371001082251082, 0.3189738455988456], [0.20026388888888882, 0.2644482323232324, 0.25924386724386733, 0.2760440115440116], [0.2725332951362363, 0.24430223453017572, 0.21100387806637808, 0.27216059226721], [0.24627567571317577, 0.22946704684204686, 0.20744854451104452, 0.3168087329337331], [0.2686893800643801, 0.22244131766925887, 0.19490006398829934, 0.3139692382780619], [0.2535188145188146, 0.2887640276390276, 0.19693460012210015, 0.2607825577200577], [0.2143523421023421, 0.3381091686091687, 0.19966926129426135, 0.24786922799422798], [0.19240114746364753, 0.28469225912975915, 0.23957654151404145, 0.2833300518925519], [0.2694180957930958, 0.26969999444999443, 0.2243832417582418, 0.23649866799866803], [0.31468349705849713, 0.2634127490156903, 0.1635557763315116, 0.2583479775943011], [0.21869480519480522, 0.30283892496392495, 0.21973593073593084, 0.2587303391053391], [0.2466158771783772, 0.271314047064047, 0.23187157287157284, 0.250198502886003], [0.2827195859695861, 0.2873813131313132, 0.14370887445887445, 0.28619022644022635], [0.27151567876567884, 0.25325543900543895, 0.197356227106227, 0.27787265512265524], [0.3166025224775224, 0.2660680569430569, 0.16090775890775888, 0.2564216616716616], [0.2769988434767846, 0.2375281915796622, 0.1487326733723792, 0.3367402915711739], [0.2257412864912865, 0.3179082445332447, 0.2024908008658009, 0.25385966810966815], [0.24170920745920754, 0.3021215034965035, 0.16262703962703962, 0.29354224941724955], [0.19591766077060194, 0.3386290490555197, 0.18822477848948438, 0.2772285116843941], [0.2819430153180153, 0.3284327755577756, 0.13394882894882892, 0.2556753801753803], [0.2009288856568268, 0.3785154959419665, 0.18779705343675931, 0.23275856496444738], [0.2965139443889445, 0.23351989676989685, 0.13351486013986014, 0.33645129870129886], [0.23872653245447367, 0.31059112864259925, 0.1878951775348834, 0.2627871613680438], [0.23577527129733014, 0.25340512265512266, 0.15554484404484403, 0.3552747620027033], [0.28682756132756126, 0.24812355699855693, 0.19902335858585857, 0.2660255230880232], [0.22080203130203135, 0.2829701132201132, 0.20264062326562338, 0.2935872322122324], [0.21739898989898992, 0.23630627705627716, 0.21515638528138528, 0.3311383477633479], [0.25555970418470436, 0.2536652236652237, 0.23571112914862924, 0.25506394300144314], [0.24032395382395377, 0.31611363636363643, 0.21380790043290052, 0.2297545093795094], [0.26639002664002676, 0.2750951825951826, 0.12951805139305134, 0.32899673937173934], [0.2555541125541126, 0.31618302530802533, 0.19391738816738807, 0.23434547397047403], [0.3049781746031746, 0.22888131313131307, 0.2337467532467532, 0.23239375901875906], [0.2700118304897716, 0.27339862670009735, 0.16955374119344707, 0.2870358016166842], [0.26762606837606834, 0.2803411172161171, 0.15445795870795873, 0.2975748556998557], [0.23824254911754913, 0.31374292782381025, 0.212392432730668, 0.23562209032797274], [0.21154949217449215, 0.260075147075147, 0.23748196248196252, 0.2908933982683983], [0.2809278846153846, 0.264707036019536, 0.18329563492063486, 0.2710694444444444], [0.301152306027306, 0.2515516428016429, 0.16077723665223664, 0.28651881451881456], [0.3183170073390662, 0.2831931630461042, 0.1893388000888001, 0.20915102952602954], [0.2705961538461539, 0.2000681263181263, 0.19532027694527695, 0.33401544289044305], [0.2762791514041515, 0.26289316239316257, 0.17028169746919747, 0.29054598873348875], [0.19969305694305692, 0.35466453685203675, 0.15408468614718607, 0.2915577200577201], [0.26492961205461213, 0.2464244227994228, 0.21344917582417583, 0.2751967893217894], [0.19281632950382957, 0.3244855144855145, 0.2212138902763904, 0.2614842657342659], [0.21683277139527138, 0.26154329698079715, 0.19609658397158394, 0.32552734765234775], [0.2219021117771119, 0.2793596126096126, 0.218059523809524, 0.2806787518037519]]}}