{"test": {"ids": ["97113260", "113118690", "110118630", "113121190", "104113170", "98106680", "101110200", "99111620", "104111550", "110120700", "105113170", "97112300", "99107500", "99112641", "110115980", "110117500", "99107660", "107116501", "101111210", "103120531", "103110100", "106113260", "108114360", "112116501", "110114920", "97109570", "101112690", "111119250", "99110050", "107120130", "110115250", "98110680", "113117630", "102114270", "112120670", "107113130", "108121190", "105116860", "105115680", "111119430", "99107560", "111118820", "108116070", "97116500", "110117200", "109121351", "105121190", "98110810", "112118860", "104114740", "102112301", "110118450", "103110220", "99109840", "112119930", "108114220", "99111000", "110118740", "108114270", "104117200", "100111390", "101108370", "113120640", "107113840", "110119891", "103112641", "106111321", "109119460", "103111480", "105115250", "111116990", "99109860", "110118161", "105116980", "110121170", "108113760", "110121140", "104111531", "112118810", "100110050", "104114320", "107116340", "98112580", "101112540", "108115970", "112116610", "102118380", "103117461", "111119930", "112116990", "108120260", "111120531", "104112470", "97116800", "99112531", "98120010", "108119550", "97106770", "110119300", "111116100", "99111340", "113122120", "107118490", "105118740", "111121410", "105113330", "103110760", "97112170", "108119330", "99108310", "107116300", "104114240", "111117200", "113122320", "109114270", "106116850", "103120340", "113122190", "113118810", "106119260", "102112170", "110120560", "100107920", "107114280", "107113360", "112116810", "105117431", "108120280", "106115250", "109115070", "112120700", "99108000", "113117550", "100109801", "98116090", "113121810", "110115710", "112117461", "111118810", "103113610", "109119450", "99121440"], "labels": [1, 3, 1, 1, 3, 1, 2, 3, 1, 2, 0, 2, 0, 1, 1, 1, 3, 1, 2, 3, 1, 3, 1, 3, 3, 0, 1, 1, 3, 2, 1, 2, 0, 3, 2, 1, 1, 2, 2, 3, 1, 0, 1, 2, 3, 0, 2, 1, 3, 2, 1, 0, 2, 2, 1, 3, 2, 3, 3, 3, 2, 1, 0, 3, 3, 3, 0, 1, 0, 2, 0, 2, 0, 0, 2, 1, 3, 0, 3, 3, 2, 3, 2, 2, 2, 1, 1, 0, 1, 0, 1, 0, 1, 0, 3, 2, 1, 3, 1, 3, 1, 1, 2, 1, 0, 3, 1, 0, 0, 2, 0, 0, 0, 1, 3, 3, 1, 1, 3, 1, 3, 0, 0, 3, 0, 3, 1, 3, 2, 0, 2, 2, 3, 0, 0, 2, 2, 0, 0, 2, 3, 2], "predicted_labels": [2, 1, 0, 3, 1, 1, 1, 0, 2, 3, 3, 2, 1, 0, 1, 0, 3, 1, 3, 3, 1, 1, 0, 3, 1, 0, 3, 3, 3, 1, 1, 1, 0, 1, 3, 1, 1, 1, 1, 3, 1, 3, 1, 1, 0, 0, 3, 2, 2, 3, 3, 1, 1, 1, 0, 0, 3, 3, 0, 1, 0, 3, 0, 1, 1, 0, 1, 3, 0, 1, 0, 1, 0, 1, 3, 1, 0, 3, 0, 1, 0, 3, 3, 1, 0, 0, 2, 1, 3, 3, 3, 0, 1, 0, 3, 3, 1, 2, 3, 1, 1, 1, 2, 2, 1, 3, 3, 1, 3, 1, 1, 0, 0, 1, 3, 2, 3, 3, 1, 3, 0, 3, 3, 1, 0, 2, 1, 3, 0, 1, 3, 1, 3, 3, 3, 2, 0, 1, 0, 2, 3, 2], "confidence_scores": [[0.0961069237297115, 0.11667204212544838, 0.5280095159822921, 0.25921151816254806], [0.012927335118548794, 0.6718636459772805, 0.007274085552453755, 0.3079349333517169], [0.5309806672008859, 0.10180620308247619, 0.2580550408217678, 0.10915808889487018], [0.16795151576105002, 0.11233573278334753, 0.024610788102519543, 0.6951019633530829], [0.2547269718823289, 0.5588116352362485, 0.0059206523214657405, 0.18054074055995672], [0.17296517929144442, 0.49892662242243135, 0.3218825238091154, 0.006225674477008722], [0.0024143169124806476, 0.9671744677098966, 0.0009056901458248848, 0.029505525231798075], [0.6619149549762784, 0.31052715968196976, 0.02692266353400534, 0.0006352218077463292], [0.04020724349556365, 0.00905892157018278, 0.7466904162199687, 0.20404341871428486], [0.03688894611279772, 0.00802945662386587, 0.012480006233439991, 0.9426015910298964], [0.016292642736276508, 0.16708933434984827, 0.017833114760629567, 0.7987849081532455], [0.04664875932687692, 0.12821334813799942, 0.750707008454069, 0.07443088408105464], [0.022104324116554157, 0.93426359951358, 0.006452119518037786, 0.03717995685182808], [0.5079569111153921, 0.22658361356430565, 0.22919733120461608, 0.03626214411568621], [0.2063542075292871, 0.6925589199169527, 0.04249434417590012, 0.05859252837785996], [0.8187157158270377, 0.16601297712450674, 0.0003020045361389115, 0.014969302512316585], [0.09092312550672015, 0.009287552666982338, 0.004840685490682929, 0.8949486363356145], [0.02387643345430979, 0.7595802032821821, 0.0019204433166123203, 0.2146229199468958], [0.0008818840393459291, 0.006568425601154011, 0.0006231484105918778, 0.9919265419489083], [0.005043315806822339, 0.25129360076621704, 0.0011344957924240484, 0.7425285876345366], [0.22435961780461097, 0.499338522211382, 0.2444752556374469, 0.031826604346560185], [0.37504760759708167, 0.5851734943584317, 0.011149904514593436, 0.02862899352989323], [0.6602754239850868, 0.052410356587972974, 0.0192454602245241, 0.26806875920241613], [0.012078480202042703, 0.007132442121612513, 0.0011782847992769007, 0.9796107928770678], [0.41814912370342083, 0.5505993294179243, 0.02974549822563324, 0.001506048653021644], [0.5445857189137834, 0.05092161125100611, 0.10159789417260673, 0.3028947756626038], [0.2063339010614292, 0.0002914473861134165, 0.0003459403821923592, 0.793028711170265], [0.4257120049831351, 0.05228158185414485, 0.0018208524207903617, 0.5201855607419297], [0.34152899918792506, 0.07576608292982949, 0.04290964876478548, 0.53979526911746], [0.0030240413913486482, 0.9620031006344426, 0.005367274448399236, 0.029605583525809574], [0.03997652569894834, 0.640875811536874, 0.01750532654741391, 0.3016423362167637], [0.09638298809811742, 0.4786106046547791, 0.4238870291919535, 0.0011193780551499429], [0.7461689013898429, 0.0001952971693165022, 0.0076395857616767164, 0.24599621567916397], [0.001809460949200471, 0.6613209163594864, 0.04300504283747194, 0.29386457985384123], [0.08653277907103907, 0.1908457260232947, 0.028104499684762585, 0.6945169952209037], [0.24679951359935812, 0.4292436726367878, 0.23851580585009652, 0.08544100791375764], [0.0011583739366564545, 0.761677861003402, 0.010017134654323556, 0.227146630405618], [0.274543992923902, 0.7161369119228865, 0.0070996382737508554, 0.0022194568794604236], [0.000957060291478174, 0.8445713654523571, 0.11671105176571972, 0.03776052249044516], [0.0015883571597450062, 0.03560386385704989, 0.002215516418152676, 0.9605922625650525], [0.010485315405055678, 0.9777310668805617, 0.010407688745779424, 0.0013759289686029912], [0.3959490095672163, 0.0263371543308873, 0.0017379264874954115, 0.575975909614401], [0.22939530965260177, 0.36258895258355234, 0.18416409912849369, 0.22385163863535226], [0.051092600095155705, 0.5912934854379752, 0.18459489186448222, 0.1730190226023868], [0.955398002562545, 0.027735114994754954, 0.002196247257766303, 0.01467063518493383], [0.6513849100004424, 0.10827547453907604, 0.1310399499555597, 0.10929966550492178], [0.023159440685762197, 0.21817987911033274, 0.3788674050304878, 0.3797932751734172], [0.010129058005576235, 0.030071862971085783, 0.9447787485624523, 0.015020330460885642], [0.36268502513187995, 0.050971538836621456, 0.3671672718474756, 0.21917616418402286], [0.0037264749993793757, 0.04420294126383652, 0.39591022813846494, 0.5561603555983192], [0.03000625708511943, 0.14055257827538511, 0.02039927513943462, 0.8090418895000608], [0.0034905604152674257, 0.9591314349203884, 0.037152812888935224, 0.00022519177540912406], [0.0016331443372345743, 0.9320532691098098, 0.04073638741126677, 0.025577199141688926], [0.003424720410102093, 0.7697688216960864, 0.2234514845226498, 0.0033549733711614625], [0.4448933252753383, 0.009317802906476795, 0.42336883900076705, 0.12242003281741785], [0.8675039384384471, 0.10975256370680171, 0.003772843862359855, 0.018970653992391413], [0.024764822423308654, 0.07818858503598476, 0.1184545512292313, 0.7785920413114752], [0.1984421844379586, 0.0019198668677997016, 0.0013544576600572702, 0.7982834910341844], [0.8068474520382575, 0.0492709276558378, 0.01598547270234563, 0.1278961476035589], [0.0054316825610342965, 0.9447211232929335, 0.009949121677384612, 0.03989807246864749], [0.43185944886435407, 0.020317944397359566, 0.2846892430562245, 0.2631333636820618], [0.008241257605072575, 0.25748503862463873, 0.00020700258752385438, 0.7340667011827648], [0.8682979674752797, 0.043909002548402326, 0.0032045037724552773, 0.08458852620386266], [0.08881829010379143, 0.6243780604988997, 0.21553030502185377, 0.07127334437545499], [0.002730518061402295, 0.9962665734989787, 5.2359360023505973e-05, 0.0009505490795954346], [0.9707765322178182, 0.007386399148060165, 0.006739882155623239, 0.015097186478498103], [0.19400000242350188, 0.4709682516753933, 0.001988507957753944, 0.33304323794335094], [0.07750877595495709, 0.010779241667304719, 0.009853137811736473, 0.9018588445660017], [0.5367068560791777, 0.4416335705304378, 0.0005343348749867828, 0.021125238515397902], [0.02952677697562502, 0.7416073373755326, 0.04911496019483405, 0.1797509254540083], [0.9012099199265806, 0.04278367151046723, 0.004994131203874546, 0.05101227735907766], [0.0016939801181625892, 0.9465275543972524, 0.047170939062853176, 0.004607526421731729], [0.4742475760391663, 0.3831738973840584, 0.021092260231538807, 0.12148626634523652], [0.0822465199987017, 0.6610559971607829, 0.00016043894979237027, 0.25653704389072285], [0.22807397708761895, 0.010509494971175816, 0.030401334966276783, 0.7310151929749286], [0.047274724833691474, 0.9118206118118217, 0.003648205253225422, 0.037256458101261415], [0.9729620051345615, 0.0064763829684737545, 0.000638499155766399, 0.01992311274119819], [0.011448312122196089, 0.074154006987902, 0.07177882718383448, 0.8426188537060675], [0.9303335938644527, 0.043392646846244866, 0.005852264526860468, 0.020421494762441945], [0.00047880550501498107, 0.9439432257387678, 0.0502916220991481, 0.005286346657069098], [0.5272405679431291, 0.37145610949820224, 0.09724832594870474, 0.004054996609963925], [0.0017045626066111862, 0.007880924842807308, 0.004782758313934511, 0.985631754236647], [0.10463794579078779, 0.05392313848305534, 0.03134986956875377, 0.8100890461574032], [0.0029404534990713905, 0.8737378502334606, 0.059776134983905445, 0.06354556128356255], [0.4331146903236006, 0.39824559537097887, 0.06101796566979752, 0.10762174863562307], [0.7128496513575727, 0.2244697586380472, 0.0619604871191889, 0.0007201028851911445], [0.021036678997304485, 0.1459715308876403, 0.4365375079354951, 0.3964542821795602], [0.0020326937757190007, 0.4971989854605213, 0.0051591231044515445, 0.49560919765930805], [0.12964542338555057, 0.09962031117393372, 0.045939240848136435, 0.7247950245923792], [0.010978357544376352, 0.026690756822554795, 0.28175520502100493, 0.6805756806120639], [0.006206925077687144, 0.051750814252547656, 0.04443722738221201, 0.8976050332875531], [0.8905953588270096, 0.03203231649904062, 7.264356428386661e-05, 0.07729968110966585], [0.010731481184508484, 0.5383113753181479, 0.05789326941904628, 0.39306387407829735], [0.8245908013975962, 0.15437668691177997, 0.0068261681847550425, 0.014206343505868862], [0.23301741534726622, 0.001775334904545757, 0.032004084918520206, 0.7332031648296679], [0.001006759286700292, 0.0016467129741496165, 0.10528849839053377, 0.8920580293486162], [0.02142339955693619, 0.5411687955262935, 0.3538618614014598, 0.08354594351531056], [0.028004379032222887, 0.00025859915765745, 0.9541108240922999, 0.017626197717819675], [0.01857223491348255, 0.41944318853589746, 0.04282419668868064, 0.5191603798619393], [0.20387449412525183, 0.685997626190596, 0.03670006860461038, 0.07342781107954187], [0.018228721126469484, 0.5164734065141405, 0.38439626993808235, 0.0809016024213077], [0.04384646773996034, 0.535623253346215, 0.08003439903263691, 0.3404958798811876], [0.1549533656403347, 0.07447724522118969, 0.7703304208316117, 0.00023896830686376912], [0.022035336273451583, 0.2043500205610076, 0.608079832282948, 0.16553481088259275], [0.46175226665891833, 0.5251475901835964, 0.002683652225599038, 0.010416490931886348], [0.05772323690628999, 0.0029701600786759754, 0.0006877184893712838, 0.9386188845256628], [0.09762265993954657, 0.008521536784658034, 0.03364013990263909, 0.8602156633731565], [0.018340609797959352, 0.9073802584897837, 0.02424096391849307, 0.05003816779376394], [0.29626212134931335, 0.022932619377392837, 0.04361311415651675, 0.6371921451167771], [0.017048078674467875, 0.9274551710459946, 0.05129901809134775, 0.004197732188189645], [0.002711100976377946, 0.9319946535923753, 0.000870896495056803, 0.06442334893618998], [0.7262523515900751, 0.06931356229218946, 0.17421990259791068, 0.030214183519825008], [0.9403392700023849, 0.0028070819070489025, 0.0020760680677877705, 0.05477758002277829], [0.014935886981720454, 0.6821249515920366, 0.24892621761863004, 0.054012943807612984], [0.019136212663591636, 0.012111745541549496, 0.00032220720355247286, 0.9684298345913065], [0.0055938499375070795, 0.036878042070205716, 0.9413099429777083, 0.016218165014578897], [0.14149284827365358, 0.27484219485924694, 0.2873780329802287, 0.2962869238868708], [0.006038660691404604, 0.1608911535895657, 0.12113967090555718, 0.7119305148134725], [0.20761436350022447, 0.5427997272902928, 0.2244273381731178, 0.02515857103636484], [0.009974434672174919, 0.0008496042559937542, 0.035634750877870464, 0.9535412101939609], [0.7411119147456184, 0.016532852386572438, 0.12815578336234779, 0.11419944950546142], [0.14274577931130228, 0.007080023472327, 0.34017325637709234, 0.5100009408392784], [0.3967934064999628, 0.0119679538826824, 0.007477505794718905, 0.583761133822636], [0.03043319195524264, 0.6203155172182466, 0.2811869635391011, 0.06806432728740956], [0.8868118192172328, 0.10078984227334778, 0.000761339332541104, 0.01163699917687826], [0.1038779183095817, 0.007619676232682357, 0.8857275421934715, 0.0027748632642644994], [0.030237968863672398, 0.7986664278692125, 0.15686139800520207, 0.014234205261912996], [0.3082749326260798, 0.006789059498869859, 0.06842023689305689, 0.6165157709819936], [0.5374811360209197, 0.41005010667614383, 0.021607595075319477, 0.03086116222761688], [0.09607704882319086, 0.9012398056210429, 0.0005115663029265393, 0.002171579252839579], [0.08977834965753913, 0.1697144750391338, 0.05918162015966111, 0.681325555143666], [0.17761275125573853, 0.8093657923737673, 0.0035758428856422554, 0.00944561348485203], [0.029865530211777205, 0.0011118217200209578, 0.009470469923795228, 0.9595521781444065], [0.0057036292128931415, 0.01958516594441957, 0.002778785282936103, 0.9719324195597513], [0.007140034108609416, 0.14010587219501935, 0.06805543803621061, 0.7846986556601605], [0.16431134056467436, 0.15746545715111415, 0.6382850756997837, 0.039938126584427774], [0.718378358076983, 0.24934381293576222, 0.023088724738978193, 0.009189104248276651], [0.014794519742932317, 0.5012888288385249, 0.00460705798077339, 0.4793095934377694], [0.3629876658970583, 0.13068511651201395, 0.1719237810338339, 0.3344034365570939], [0.03210302575180104, 0.30342577772095514, 0.6585988904737031, 0.005872306053540601], [0.07237427325555824, 0.03925362879582564, 0.007001057678909056, 0.8813710402697071], [0.07571278163296817, 0.032951274355423624, 0.8863675882306755, 0.0049683557809328295]]}, "rewritten": {"ids": ["97106770", "97109570", "97112170", "97112300", "97113260", "97116500", "97116800", "98106680", "98110680", "98110810", "98112580", "98116090", "98120010", "99107500", "99107560", "99107660", "99108000", "99108310", "99109840", "99109860", "99110050", "99111000", "99111340", "99111620", "99112531", "99112641", "99121440", "100107920", "100109801", "100110050", "100111390", "101108370", "101110200", "101111210", "101112540", "101112690", "102112170", "102112301", "102114270", "102118380", "103110100", "103110220", "103110760", "103111480", "103112641", "103113610", "103117461", "103120340", "103120531", "104111531", "104111550", "104112470", "104113170", "104114240", "104114320", "104114740", "104117200", "105113170", "105113330", "105115250", "105115680", "105116860", "105116980", "105117431", "105118740", "105121190", "106111321", "106113260", "106115250", "106116850", "106119260", "107113130", "107113360", "107113840", "107114280", "107116300", "107116340", "107116501", "107118490", "107120130", "108113760", "108114220", "108114270", "108114360", "108115970", "108116070", "108119330", "108119550", "108120260", "108120280", "108121190", "109114270", "109115070", "109119450", "109119460", "109121351", "110114920", "110115250", "110115710", "110115980", "110117200", "110117500", "110118161", "110118450", "110118630", "110118740", "110119300", "110119891", "110120560", "110120700", "110121140", "110121170", "111116100", "111116990", "111117200", "111118810", "111118820", "111119250", "111119430", "111119930", "111120531", "111121410", "112116501", "112116610", "112116810", "112116990", "112117461", "112118810", "112118860", "112119930", "112120670", "112120700", "113117550", "113117630", "113118690", "113118810", "113120640", "113121190", "113121810", "113122120", "113122190", "113122320"], "labels": [3, 0, 0, 2, 1, 2, 0, 1, 2, 1, 2, 0, 2, 0, 1, 3, 2, 2, 2, 2, 3, 2, 1, 3, 3, 1, 2, 0, 0, 3, 2, 1, 2, 2, 2, 1, 3, 1, 3, 1, 1, 2, 1, 0, 3, 2, 0, 1, 3, 0, 1, 1, 3, 0, 2, 2, 3, 0, 3, 2, 2, 2, 0, 1, 1, 2, 0, 3, 2, 3, 1, 1, 0, 3, 3, 0, 3, 1, 2, 2, 1, 3, 3, 1, 2, 1, 0, 1, 1, 3, 1, 3, 0, 3, 1, 0, 3, 1, 2, 1, 3, 1, 0, 0, 1, 3, 1, 3, 0, 2, 3, 2, 3, 0, 0, 0, 0, 1, 3, 1, 0, 0, 3, 1, 3, 0, 0, 3, 3, 1, 2, 2, 3, 0, 3, 3, 0, 1, 2, 1, 1, 1], "predicted_labels": [2, 0, 1, 0, 1, 0, 0, 2, 0, 2, 3, 0, 0, 3, 0, 0, 0, 2, 3, 1, 0, 3, 3, 0, 0, 0, 0, 0, 0, 1, 2, 0, 3, 0, 2, 3, 0, 0, 0, 3, 0, 0, 3, 1, 0, 0, 1, 0, 3, 3, 0, 3, 1, 0, 3, 0, 3, 0, 0, 1, 1, 0, 0, 0, 3, 3, 0, 0, 0, 0, 3, 0, 0, 3, 2, 0, 3, 0, 1, 0, 1, 3, 0, 0, 0, 0, 0, 0, 0, 0, 1, 0, 0, 3, 1, 0, 1, 0, 0, 0, 0, 0, 0, 1, 3, 0, 1, 1, 0, 0, 0, 3, 0, 0, 0, 0, 0, 0, 3, 3, 1, 0, 3, 0, 2, 0, 0, 0, 0, 0, 1, 3, 3, 1, 0, 1, 0, 0, 2, 1, 3, 0], "confidence_scores": [[0.4244114465405745, 0.00020102646132246003, 0.5752671053295962, 0.00012042166850677826], [0.9656341131945361, 0.01140846349506937, 0.012602503961384027, 0.010354919349010578], [0.16860299113713517, 0.43371123917854476, 0.05236071442774324, 0.3453250552565768], [0.9667614817224659, 2.636238449646874e-05, 0.007482442029207809, 0.025729713863829686], [0.12292686105328435, 0.5902728186186638, 0.05958027211178088, 0.22722004821627098], [0.4404558073646411, 0.016978025343586067, 0.31309079461720535, 0.22947537267456738], [0.8500421679370798, 0.004930604414391376, 0.058595186346526724, 0.08643204130200197], [0.1232676524342996, 0.022305682433771273, 0.8529209137656355, 0.0015057513662936773], [0.6843274757472103, 0.20921189598687756, 0.10573748454465949, 0.0007231437212527175], [0.023823721419545366, 0.021323639903582093, 0.9505771268897003, 0.004275511787172232], [0.14212588946582938, 0.0938108185857376, 0.3070239540287452, 0.4570393379196878], [0.7436723040976564, 0.21484936661577697, 0.023425560522562602, 0.01805276876400389], [0.4620626140085268, 0.1400649236436806, 0.03202707350376073, 0.3658453888440318], [0.29136283951223724, 0.017929324572918473, 0.003083720195558925, 0.6876241157192854], [0.9851700394176539, 0.014257431677987622, 0.0005485967035028725, 2.3932200855598088e-05], [0.7415812058167812, 0.008021916178147766, 0.000637071208607939, 0.24975980679646292], [0.8846812145803713, 0.11369494830619034, 0.0010290691268559416, 0.0005947679865823321], [0.2731771039695485, 0.1945995858384369, 0.416879883364166, 0.11534342682784865], [0.3731861355849379, 0.0025658564543400435, 0.016979527759909442, 0.6072684802008127], [0.006789557425855178, 0.9929351993222134, 0.0001912225184831422, 8.402073344829293e-05], [0.635205639574852, 0.1772453004636003, 0.1408411921764955, 0.04670786778505233], [0.21290684942664526, 0.01868880205196342, 0.004899505905018368, 0.7635048426163729], [0.009171918217689989, 0.13429690026042282, 0.06757228625577533, 0.788958895266112], [0.9810351238329519, 0.00014152792887378365, 0.017416856854060546, 0.0014064913841136434], [0.891711462228926, 0.01622610388768458, 0.04716504002003693, 0.04489739386335254], [0.9922903065818091, 0.006351068907451892, 0.0010811518891077091, 0.00027747262163129073], [0.5383458518323165, 0.02764559210925589, 0.3850399980767998, 0.04896855798162781], [0.6678974997964616, 0.00839634765954211, 0.004596523280283565, 0.3191096292637125], [0.9464485534731722, 0.011338398195744141, 0.01336117079059158, 0.02885187754049182], [0.0033309295249305494, 0.9421366584087395, 0.05350405156403484, 0.0010283605022950878], [0.2705234759947301, 0.0024633362374924714, 0.6853494444288791, 0.0416637433388982], [0.6205331215237109, 0.18910423002899404, 0.0006822297114161616, 0.18968041873587896], [0.007689031804215312, 6.697168905138536e-05, 0.00046139156450441464, 0.9917826049422289], [0.654363939779854, 0.00012222857327970213, 0.012332968751983987, 0.33318086289488236], [0.03395222021417056, 0.013982441417797562, 0.7012844595830643, 0.25078087878496746], [0.018356840598384768, 0.0006159902579246705, 0.00230522793229864, 0.9787219412113919], [0.9164500335509589, 0.007833342314704254, 0.0017264224368761607, 0.07399020169746064], [0.8808483884525238, 0.003151114377602728, 1.1883747180225356e-05, 0.11598861342269319], [0.396865187719747, 0.34143954448282365, 0.25670281624483443, 0.004992451552594779], [0.01954880585672581, 0.032927689850931884, 0.19730972682552073, 0.7502137774668215], [0.9525339473795366, 0.0003167397429750815, 0.044941715713383464, 0.0022075971641051274], [0.9482227571542162, 0.0022173818351484058, 0.044452473720380366, 0.005107387290255007], [0.005123854498369383, 0.006916649345026184, 0.4502393509422505, 0.537720145214354], [0.11252077427653445, 0.8817022218154897, 0.0002915495989799466, 0.005485454308995968], [0.6603575818228148, 0.12600457090438885, 0.15808063271747405, 0.05555721455532222], [0.980127050911862, 0.0037308327611542914, 0.005502403030939449, 0.010639713296044025], [0.07237640403108919, 0.8982554026829163, 0.010724553187085654, 0.018643640098908943], [0.6749712456419774, 0.20084586874837798, 0.062007755322104396, 0.06217513028754028], [0.10252786842620472, 0.043987884586632275, 0.002370037442808052, 0.8511142095443549], [0.007487001436696856, 0.0038383410787778635, 0.02708190051470388, 0.9615927569698213], [0.8140326786210227, 0.001231841181736734, 0.18334861003611816, 0.0013868701611225599], [0.004252725389435849, 0.00023285416669866925, 5.734526130484151e-05, 0.9954570751825605], [0.4694448403722726, 0.48054554561610563, 0.0053319134341761375, 0.044677700577445585], [0.9514669775229767, 0.040124856343224935, 0.008274333839946354, 0.00013383229385198253], [0.05680185942611006, 0.03763350725755564, 0.0014335105570501359, 0.9041311227592842], [0.6921235070985465, 0.009268491973460765, 0.2966023838312598, 0.002005617096732825], [0.0503632851453403, 0.31436943879500023, 0.30402829742911397, 0.3312389786305456], [0.7728707643806033, 0.005624389694258804, 0.0010342207133954694, 0.2204706252117425], [0.6821888949330075, 0.03492802555254498, 0.010383677326015348, 0.2724994021884322], [0.00597030923313821, 0.91212821795467, 0.0063507998352555295, 0.07555067297693603], [0.16320227805998186, 0.7834115084169476, 0.041590174641746136, 0.0117960388813244], [0.7307514648607132, 0.2570302527753932, 0.0011246698594655096, 0.011093612504428118], [0.9415622125866607, 0.03423164290673254, 0.0024576744031960906, 0.02174847010341064], [0.5602237789300288, 0.3465755311602318, 0.002227253657224618, 0.09097343625251476], [0.11193941800668439, 0.0032945348822547246, 0.03007879239912016, 0.8546872547119407], [0.38685678839570553, 0.0076479571393149115, 0.08571498929981985, 0.5197802651651596], [0.620374211592433, 0.033718239022570796, 0.0063205246923942904, 0.33958702469260177], [0.9532242741825622, 0.01871832188845049, 0.01443091622152875, 0.013626487707458662], [0.9687129923345176, 0.02460444390910175, 0.0064904320330767575, 0.00019213172330373354], [0.5610140564566786, 0.0006149370814470791, 0.4296524851344874, 0.008718521327387048], [0.33120329638719004, 0.0008901405597673843, 0.010277870342886412, 0.6576286927101562], [0.9785858331315614, 3.5446340478158436e-05, 0.020285487581218946, 0.0010932329467413374], [0.9308475740751612, 0.003971173586897506, 0.0026324134930117054, 0.06254883884492946], [0.32302718845098805, 0.10308584131571659, 0.02330295372330249, 0.5505840165099928], [0.17630896905477678, 0.291115603059176, 0.40803104244219557, 0.12454438544385169], [0.9858442561931795, 0.004504842168129235, 0.0006847044020421732, 0.008966197236649083], [0.40773329727055013, 0.08961125284429411, 0.007694331009590275, 0.49496111887556543], [0.8834006287941074, 0.0449116871945074, 0.006893202576091878, 0.06479448143529341], [0.2307590904839712, 0.7502324164443676, 0.010027714101010651, 0.008980778970650475], [0.8076485971013492, 0.11771036372031574, 0.026786723592559326, 0.04785431558577585], [0.2277115484441084, 0.42403257325135046, 0.02377425293221715, 0.32448162537232395], [0.29924889220476447, 0.00011685662095716703, 5.1013072141437404e-05, 0.700583238102137], [0.9640377816692456, 0.026463526645429978, 0.0016684970597968254, 0.007830194625527845], [0.9009646177425681, 0.05763952490756079, 0.01073627669760002, 0.030659580652271253], [0.9260753762320825, 0.016488816990362802, 0.026176412860083514, 0.03125939391747127], [0.48432983412094116, 0.14878596295235297, 0.12889828630719122, 0.2379859166195146], [0.9851877396530948, 0.00045489745887167455, 0.0009657836293149564, 0.01339157925871835], [0.8106630555381095, 0.008361759648934014, 0.16388594441744858, 0.017089240395507983], [0.6837995965667304, 0.006949702915707955, 0.003185970726706618, 0.3060647297908549], [0.9713052945187693, 0.0009489946135622692, 0.0007026729243160178, 0.027043037943352347], [0.4100654537398403, 0.43810373414263626, 0.009833455567438157, 0.1419973565500852], [0.8210919623360433, 0.005457749686973335, 0.0004487449553876557, 0.17300154302159562], [0.652335599458542, 0.23993761602973224, 0.04188963134869621, 0.06583715316302943], [0.07406903966236396, 0.00018068944225311384, 0.018178628987217785, 0.9075716419081651], [0.0005896748011630565, 0.847529550440238, 0.001475764157963565, 0.15040501060063516], [0.9463494373678031, 0.012048857162489993, 0.02312438745784085, 0.018477318011866126], [0.048865229104055316, 0.9401178529493861, 0.0038524660328224216, 0.007164451913735942], [0.8142078252542597, 0.025562817738707506, 0.11151897318409552, 0.0487103838229374], [0.9844479735324017, 0.0034640604857110787, 0.000722200371361691, 0.011365765610525585], [0.959350611742243, 0.0027752887707499104, 0.015269396604742433, 0.02260470288226467], [0.9986670657746165, 0.0005320090344588036, 0.000775424446171825, 2.5500744752909445e-05], [0.3830480132147949, 0.02248341764108025, 0.3647591845087116, 0.22970938463541316], [0.8444376525039553, 0.05140925859461652, 0.09773219197612035, 0.006420896925308018], [0.06100081982370396, 0.8673084245550184, 0.06971719292631677, 0.0019735626949608375], [0.19361426836603052, 0.1525054228498735, 0.0876171832340246, 0.5662631255500713], [0.7051435957938225, 0.01631604628446002, 0.0019743263014735317, 0.27656603162024407], [0.0099470016449115, 0.9016842397746467, 0.043958043776253466, 0.044410714804188296], [0.02982988165814202, 0.8539675525919551, 0.04598400999417614, 0.07021855575572673], [0.9060863304361876, 0.004985438568484537, 0.022321332002298164, 0.06660689899302974], [0.7773600367119203, 0.003585994897026591, 0.005590383204212901, 0.21346358518684003], [0.9971552783952078, 0.0026106033893045547, 0.0001406423227979698, 9.347589268965101e-05], [0.09177792875436225, 0.0014433895124620207, 0.04230674744372579, 0.8644719342894499], [0.9899615051840438, 0.002484829520753707, 0.001166771498776325, 0.006386893796426247], [0.9990679115940461, 6.970665337825927e-05, 0.00012683301914697022, 0.0007355487334286064], [0.8382841662862226, 0.06085476870666716, 0.057748958679431, 0.04311210632767915], [0.9969043945911481, 2.72732996342706e-06, 0.0030564979801108024, 3.638009877761869e-05], [0.7566361513987768, 0.10423309325689192, 0.0013575921582213181, 0.13777316318610996], [0.7443939343176736, 0.002679161572186905, 0.0344410028149117, 0.21848590129522796], [0.14195307564175158, 0.2713734457568479, 0.07505581214334388, 0.5116176664580566], [0.011534233258464833, 0.015144211427172214, 0.015862956502584263, 0.9574585988117787], [0.20595315063184855, 0.5823347495528731, 0.0004484892110002381, 0.2112636106042781], [0.9169781823157612, 0.005557187060579766, 0.00024048399130061792, 0.07722414663235859], [0.2867875023020193, 0.1122993318129378, 0.0005879674561906513, 0.6003251984288522], [0.8224760354070456, 0.151593083393304, 0.006802101365342235, 0.01912877983430803], [0.04808517420786818, 0.026105185222362822, 0.6046057845602669, 0.321203856009502], [0.6019915551412345, 0.0011340765769721494, 0.12377243274871728, 0.2731019355330761], [0.9962457621413123, 0.0004178432301435572, 0.0008080504854187562, 0.0025283441431253207], [0.6273786568191915, 0.02849028106712796, 0.09554816832618034, 0.2485828937875003], [0.39394320368777197, 0.29749250044774334, 0.2665951351992152, 0.041969160665269636], [0.5001436715809079, 0.002536407257713069, 0.4579049362491379, 0.03941498491224115], [0.3471812295027384, 0.5202047341880434, 0.09362716088649992, 0.03898687542271825], [0.2156455482717895, 0.0011956529596157481, 0.04326903915637203, 0.7398897596122228], [0.002164998409755538, 0.00010423549633977635, 0.0012886972108664407, 0.9964420688830382], [0.3284837588369994, 0.3369048879200588, 0.03480499774973128, 0.29980635549321055], [0.9995291608995895, 4.025582685573323e-05, 4.082367252759422e-05, 0.0003897596010270596], [0.032247951596332654, 0.5572354796701107, 0.02016339247142611, 0.3903531762621306], [0.719262810111755, 0.03571585119735176, 0.015235693353501722, 0.2297856453373916], [0.9703167538889008, 0.006640928792789509, 0.004408347207215978, 0.018633970111093554], [0.2798161790350033, 0.009350487685667886, 0.5043180519689354, 0.20651528131039337], [0.020484400751384024, 0.7004458030853405, 0.05898591458450844, 0.22008388157876696], [0.09081383993501224, 0.03967081151956325, 0.20085876436516228, 0.6686565841802622], [0.7164053084215795, 0.0032330292142998644, 0.0006800508697199371, 0.27968161149440063]]}}