{"test": {"ids": ["97107950", "99109860", "112117571", "102109850", "102110690", "99109161", "112121030", "106119260", "103109791", "105111990", "98108580", "102113981", "106120640", "109117600", "104114240", "108120621", "98112300", "99108520", "98106111", "98110230", "99112300", "113122510", "99111340", "102110890", "100111620", "104112201", "109120540", "106113830", "109113281", "106116120", "104111380", "106113190", "113117630", "98108970", "100110050", "107118780", "100110260", "112117461", "103118291", "108119330", "110115890", "109113881", "113120540", "112116990", "112116880", "97112170", "99109141", "110115580", "110114561", "113121010", "99114890", "102112301", "97116401", "112121360", "111117480", "100111270", "97114170", "113118111", "107113200", "100109000", "101110740", "102112030", "98116500", "100112060", "101115190", "101111620", "97112290", "112116501", "111119950", "111117571", "98106560", "106118820", "103112470", "98116090", "106115240", "100116790", "101112160", "107116300", "103110840", "97113260", "109116930", "111119250", "112116540", "105120280", "111116411", "112120670", "113120780", "110116501", "107120130", "112118620", "106113260", "108114670", "105116860", "105112260", "111116530", "110115980", "106118301", "107118520", "102121700", "112117030", "103111830", "109118820", "111118301", "111120320", "99108460", "112119610", "111114121", "103113170", "113117401", "102110050", "101110200", "101108080", "113118231", "107112850", "111117120", "106117650", "104118340", "106121220", "102118380", "101117580", "110117140", "109117630", "111119300", "111119580", "106116441", "108115250", "101116130", "111115780", "99108580", "110120531", "112121410", "99108710", "109114030", "101114020", "99111930", "105110251", "103113260", "113120280", "113119480", "101108950", "112116850", "103113210"], "labels": [2, 2, 3, 1, 0, 3, 0, 1, 3, 2, 0, 1, 3, 1, 0, 1, 2, 2, 0, 3, 0, 2, 1, 0, 3, 0, 1, 1, 0, 1, 3, 0, 0, 3, 3, 1, 3, 0, 0, 0, 2, 0, 3, 0, 0, 0, 3, 1, 0, 2, 2, 1, 3, 3, 1, 2, 2, 1, 0, 1, 3, 2, 2, 2, 1, 3, 1, 3, 0, 3, 1, 3, 1, 0, 1, 2, 3, 0, 1, 1, 0, 1, 1, 3, 0, 2, 0, 3, 2, 3, 3, 3, 2, 3, 3, 1, 1, 2, 1, 2, 3, 3, 3, 1, 0, 0, 0, 3, 3, 3, 2, 0, 3, 1, 2, 1, 2, 1, 1, 3, 3, 0, 1, 3, 0, 1, 2, 1, 0, 0, 0, 2, 1, 3, 1, 0, 3, 0, 3, 2, 0, 3], "predicted_labels": [1, 1, 3, 1, 0, 1, 3, 2, 3, 1, 1, 1, 3, 3, 3, 3, 0, 1, 3, 1, 3, 1, 0, 0, 0, 0, 3, 0, 3, 0, 1, 1, 3, 1, 1, 3, 1, 1, 0, 3, 2, 0, 1, 3, 1, 1, 1, 3, 3, 1, 3, 1, 3, 1, 1, 3, 2, 2, 1, 3, 1, 2, 3, 1, 1, 1, 3, 3, 3, 1, 2, 1, 3, 1, 0, 3, 1, 0, 1, 3, 1, 3, 3, 1, 3, 1, 1, 0, 3, 1, 1, 3, 3, 1, 1, 0, 3, 1, 3, 2, 2, 3, 1, 3, 1, 1, 0, 1, 3, 1, 3, 3, 1, 1, 1, 1, 1, 3, 1, 3, 3, 3, 3, 0, 1, 3, 0, 1, 3, 3, 3, 1, 3, 1, 3, 0, 1, 3, 3, 3, 3, 3], "confidence_scores": [[0.1617012236503931, 0.42424051648958877, 0.24141772855312682, 0.17264053130689136], [0.21654571571678363, 0.3140192215680882, 0.22634771433163295, 0.24308734838349522], [0.12494263316367263, 0.24156564595176871, 0.06136347422490657, 0.5721282466596521], [0.19385656997197198, 0.3526607959617267, 0.295331162154276, 0.15815147191202517], [0.4300235029416521, 0.19616980518966165, 0.13338615103137255, 0.24042054083731368], [0.2838753000761111, 0.37397333952290024, 0.12733389613464824, 0.21481746426634055], [0.24787666139163714, 0.1752955509818546, 0.18461833021416446, 0.39220945741234386], [0.1707509625968092, 0.22246645316374009, 0.32975960483394184, 0.27702297940550885], [0.23333290262668074, 0.22653400807147808, 0.14224742350512257, 0.39788566579671863], [0.15094647853725496, 0.3439854130391337, 0.3016332622017918, 0.20343484622181962], [0.11453629689194468, 0.4519644370803515, 0.17407315849338545, 0.2594261075343184], [0.2494992873415144, 0.5218199757568661, 0.07672462441761445, 0.15195611248400503], [0.23796168015693026, 0.22779634396867038, 0.06473790258587982, 0.46950407328851956], [0.23909151716289023, 0.2263479222700615, 0.24451428395953623, 0.29004627660751203], [0.22267719187162582, 0.2021109712801624, 0.23538739869637715, 0.3398244381518347], [0.3672897338357581, 0.10925511838705505, 0.07105397334134841, 0.45240117443583866], [0.3202182453310871, 0.1889484364024296, 0.24637881670517878, 0.2444545015613046], [0.1486260766536395, 0.4552304734759248, 0.21407736470520203, 0.18206608516523382], [0.22722887290449473, 0.2401697910772214, 0.2526830546148611, 0.27991828140342284], [0.1594854812336483, 0.4415338523285174, 0.1650935292631243, 0.23388713717471005], [0.17763572063544608, 0.2397434790198287, 0.20317328582834432, 0.37944751451638103], [0.2119595051713115, 0.29112493147050267, 0.24285426632709678, 0.2540612970310891], [0.2968837972460229, 0.28328422633621325, 0.2341376784180292, 0.18569429799973472], [0.42990155331358837, 0.16776722152586415, 0.14939391138213942, 0.25293731377840806], [0.29637980679688336, 0.2412616889987773, 0.22607419278052, 0.23628431142381945], [0.45721399659761447, 0.1658225089786761, 0.06318366345624479, 0.3137798309674647], [0.15506317944908535, 0.2460949449028832, 0.17519767814393078, 0.4236441975041005], [0.5504428413596824, 0.16973583556133642, 0.1145012918219266, 0.16532003125705452], [0.25089951329365484, 0.2074605489444043, 0.14373019129162098, 0.39790974647031985], [0.29713004618311545, 0.22440471187878286, 0.2948121407428609, 0.18365310119524086], [0.2536452065774357, 0.3077115391672276, 0.18627202774984408, 0.2523712265054926], [0.22655369760299326, 0.3209938651725645, 0.13988359801543307, 0.31256883920900924], [0.2555585208665381, 0.22431823366585324, 0.13688453614114032, 0.38323870932646853], [0.16015577826643662, 0.3827302754785492, 0.3075332153085725, 0.1495807309464418], [0.19817081577241547, 0.39936558683116535, 0.17371210897187486, 0.2287514884245442], [0.20074973425099524, 0.1826827750669084, 0.17071091008180356, 0.4458565806002927], [0.28298549139118534, 0.28343669412809147, 0.21273263052908914, 0.22084518395163422], [0.219613721408904, 0.3691182517569841, 0.10360732599359013, 0.30766070084052183], [0.3138593799715862, 0.29627422595866415, 0.1424387906485884, 0.24742760342116146], [0.18687734115109725, 0.2110475660469404, 0.19388870819581547, 0.40818638460614687], [0.18486840779855387, 0.2274555358973441, 0.32382129250715824, 0.26385476379694384], [0.34129410834173013, 0.1844013312154056, 0.14748047958134589, 0.3268240808615185], [0.1624229422454168, 0.4488319110081133, 0.10956397868723235, 0.27918116805923743], [0.09193302811306552, 0.12158888195230085, 0.29546079218687243, 0.49101729774776104], [0.28551982894471445, 0.34069551314956925, 0.15766098201375828, 0.21612367589195788], [0.17851540592321521, 0.4064216479865633, 0.10424671697115828, 0.31081622911906337], [0.2335434135492874, 0.4709711545190176, 0.09257406661542694, 0.20291136531626788], [0.19266438761082338, 0.24035452128941961, 0.22680950444523532, 0.3401715866545215], [0.26870981802868654, 0.24687001640110465, 0.13529700930834976, 0.34912315626185897], [0.3403408449496249, 0.3580028547062934, 0.0935979265956791, 0.2080583737484027], [0.23308048860305916, 0.326616683190558, 0.10940105447501852, 0.3309017737313644], [0.21293916184012932, 0.5113915448887295, 0.08017974360858884, 0.19548954966255233], [0.22058751962953782, 0.27591306303802093, 0.1246392673203159, 0.37886015001212525], [0.2967455476656183, 0.3428811660854301, 0.13551289419634444, 0.22486039205260744], [0.12678261935409374, 0.5744607899239638, 0.08839529679440167, 0.21036129392754088], [0.1315509761481966, 0.2067844937687294, 0.21128833205086495, 0.450376198032209], [0.14891764241543093, 0.17916916771606714, 0.46525457516483393, 0.20665861470366803], [0.2006689919430931, 0.23497903740106826, 0.3493046364444144, 0.21504733421142425], [0.17061101961101632, 0.4848705876417576, 0.10336744956977396, 0.24115094317745206], [0.20823522030623842, 0.26086091462690575, 0.15203032913647593, 0.3788735359303801], [0.2925565112775695, 0.3068276622011184, 0.1912264984612467, 0.20938932806006536], [0.1670653444166573, 0.2610104378245027, 0.3677117692026881, 0.2042124485561519], [0.2314193078643771, 0.07380062492419506, 0.1616532346732685, 0.5331268325381593], [0.27541513842225, 0.3035650863864511, 0.18817615462745077, 0.2328436205638482], [0.22141350627559325, 0.3930128795604576, 0.19409718650855806, 0.19147642765539105], [0.17939252712847578, 0.394581958732597, 0.222960063959603, 0.20306545017932426], [0.11863585304936569, 0.2855186666618589, 0.287036130471192, 0.3088093498175835], [0.17718794557627662, 0.35102351112251884, 0.1139429216516785, 0.35784562164952605], [0.18184946009821862, 0.1721660369528074, 0.1934819673428968, 0.4525025356060773], [0.1765719917389715, 0.3842817813725894, 0.09549943146809385, 0.3436467954203454], [0.07456593725202759, 0.308859246285488, 0.3858759279153828, 0.2306988885471017], [0.19132422881417413, 0.3803937955554459, 0.07721197915911093, 0.3510699964712692], [0.19304152855993076, 0.23495626227068309, 0.19922356551491724, 0.37277864365446917], [0.19670236104694752, 0.4012355036578153, 0.10173131402536181, 0.30033082126987537], [0.3261714122766987, 0.27175256825862, 0.13739855952774774, 0.2646774599369336], [0.19083768376362517, 0.28636884493756615, 0.17135705782216062, 0.35143641347664806], [0.22953194486873216, 0.3694655225945781, 0.19970173480346293, 0.2013007977332269], [0.33100615194997546, 0.22225409346559233, 0.20835469074985702, 0.23838506383457522], [0.2328087909783046, 0.3609316248909383, 0.1368782866915895, 0.2693812974391677], [0.24639098486527536, 0.2443754916016662, 0.22792790850351835, 0.2813056150295402], [0.24324769725263246, 0.3062679683287579, 0.17287407444617262, 0.277610259972437], [0.2539603333245083, 0.23308132178666577, 0.20767623595198045, 0.3052821089368455], [0.1868606348519118, 0.18491920217448624, 0.07884908033097231, 0.5493710826426297], [0.2784410402507995, 0.3345685824213577, 0.16020298567618432, 0.22678739165165862], [0.24070727381690268, 0.09675733260325915, 0.07210005036332802, 0.59043534321651], [0.22003589754979977, 0.3619068972965021, 0.17851436441963953, 0.2395428407340586], [0.22118414069678075, 0.5882059047458582, 0.06528075750233055, 0.12532919705503046], [0.33233136539448305, 0.3217863992476274, 0.08018747079415875, 0.26569476456373076], [0.19197083227357642, 0.2625473324483614, 0.24675314513349225, 0.2987286901445698], [0.2524390607838352, 0.3129705245939101, 0.1516319805179787, 0.28295843410427596], [0.1959280924235643, 0.3756527202575892, 0.27408247045449285, 0.1543367168643536], [0.16824750966418472, 0.30395891645689777, 0.20384501560106358, 0.323948558277854], [0.2382671355402928, 0.23108294357388126, 0.22254927354195134, 0.3081006473438746], [0.128905982728318, 0.43977235991948727, 0.1313201546678385, 0.3000015026843562], [0.19602850438786837, 0.33743979902083915, 0.13576382074419718, 0.3307678758470952], [0.3217156620608956, 0.2048253519943959, 0.1696119493302335, 0.3038470366144751], [0.19711897606010428, 0.26032762883803817, 0.12118542990358463, 0.42136796519827296], [0.29888855360970096, 0.36784662867988255, 0.11978296132073306, 0.2134818563896833], [0.29244268465491746, 0.11786752933797892, 0.11521044656023656, 0.47447933944686704], [0.1655001022786159, 0.2566163412600892, 0.30883680311293077, 0.2690467533483643], [0.2123698226348412, 0.15784690844262655, 0.3476616212150716, 0.28212164770746057], [0.2406748458803472, 0.2255856519236408, 0.15758881084768125, 0.37615069134833085], [0.21339381579504726, 0.3997779574645551, 0.1765953114933888, 0.2102329152470089], [0.21811826673031032, 0.23108865614837626, 0.1776047274378972, 0.3731883496834163], [0.11895454775235169, 0.3652537968054946, 0.16332677514647337, 0.3524648802956803], [0.09227226217644871, 0.710021674844395, 0.05558097887181403, 0.14212508410734234], [0.5326634430545889, 0.15184939209949685, 0.06934098638698254, 0.2461461784589317], [0.2449638805335845, 0.33300721372126757, 0.17025035628030283, 0.2517785494648451], [0.24769628455563372, 0.25120746367298824, 0.2093174319495191, 0.2917788198218589], [0.22939765626989214, 0.30817020332051165, 0.19323560279504082, 0.26919653761455553], [0.11837055835531166, 0.2676115817905388, 0.19976657319415006, 0.41425128665999944], [0.2388521932168904, 0.21958652380305252, 0.23344559679501678, 0.30811568618504037], [0.22765205426931562, 0.32998017584062456, 0.18328504798510772, 0.2590827219049523], [0.21773204837661328, 0.39887379833079256, 0.10577047662085551, 0.27762367667173865], [0.11001595975660901, 0.33662940841645833, 0.2993285252365618, 0.2540261065903707], [0.226020154553254, 0.30930269067843, 0.1694057296382851, 0.2952714251300309], [0.22145186392057017, 0.3731140254377001, 0.1275652538894404, 0.2778688567522894], [0.26194870526492187, 0.2239621426322303, 0.10975344674355114, 0.40433570535929675], [0.20729609760570014, 0.3604048998871628, 0.16560867759603412, 0.2666903249111031], [0.20706925718887567, 0.19173852004177436, 0.22400564918395843, 0.3771865735853915], [0.2152223717139645, 0.15975278728708206, 0.09612864070993454, 0.5288962002890187], [0.2783650557135484, 0.2653069063260843, 0.12954191468861445, 0.32678612327175305], [0.18850216975177106, 0.32436822414730154, 0.1547892292087027, 0.33234037689222495], [0.3087250380373999, 0.22105749314229198, 0.301400642388925, 0.1688168264313832], [0.17344239708189615, 0.4150040988346169, 0.0978264352492947, 0.3137270688341923], [0.19517986463242304, 0.323469186504537, 0.10239919170094004, 0.3789517571621001], [0.32420271072362766, 0.2739412887953608, 0.19191748266663766, 0.20993851781437395], [0.26588344853293927, 0.30607738129460504, 0.1840897379682908, 0.24394943220416485], [0.20663869067251212, 0.2241229886752466, 0.2558618609590164, 0.31337645969322503], [0.1756491415070943, 0.24768152847668878, 0.11181197516062759, 0.4648573548555893], [0.10213951423880469, 0.3576609345184211, 0.12307880066835059, 0.4171207505744237], [0.21748740026846475, 0.44981521739322017, 0.17435740213697848, 0.15833998020133677], [0.2789534068549216, 0.22887383198182057, 0.1861649366591461, 0.3060078245041119], [0.19210716575800016, 0.4133894182348966, 0.17585824666058944, 0.21864516934651396], [0.2607512398706236, 0.2629286727199908, 0.15734760379836638, 0.3189724836110193], [0.4512952498634535, 0.18073981558023092, 0.0909393490296158, 0.27702558552670015], [0.20520962952803107, 0.3982673460447906, 0.14811107331959625, 0.24841195110758205], [0.20933060030058537, 0.12934319070572095, 0.1593996097351113, 0.5019265992585825], [0.08158867825786771, 0.23582799719381362, 0.0687166061618747, 0.613866718386444], [0.21310469880410812, 0.1557626622627242, 0.30830051007368, 0.32283212885948753], [0.15158737142239914, 0.35193892177685343, 0.09801944657242018, 0.39845426022832736], [0.24243772162649319, 0.2207398867374984, 0.22867543769110343, 0.30814695394490504]]}, "rewritten": {"ids": ["97107950", "97112170", "97112290", "97113260", "97114170", "97116401", "98106111", "98106560", "98108580", "98108970", "98110230", "98112300", "98116090", "98116500", "99108460", "99108520", "99108580", "99108710", "99109141", "99109161", "99109860", "99111340", "99111930", "99112300", "99114890", "100109000", "100110050", "100110260", "100111270", "100111620", "100112060", "100116790", "101108080", "101108950", "101110200", "101110740", "101111620", "101112160", "101114020", "101115190", "101116130", "101117580", "102109850", "102110050", "102110690", "102110890", "102112030", "102112301", "102113981", "102118380", "102121700", "103109791", "103110840", "103111830", "103112470", "103113170", "103113210", "103113260", "103118291", "104111380", "104112201", "104114240", "104118340", "105110251", "105111990", "105112260", "105116860", "105120280", "106113190", "106113260", "106113830", "106115240", "106116120", "106116441", "106117650", "106118301", "106118820", "106119260", "106120640", "106121220", "107112850", "107113200", "107116300", "107118520", "107118780", "107120130", "108114670", "108115250", "108119330", "108120621", "109113281", "109113881", "109114030", "109116930", "109117600", "109117630", "109118820", "109120540", "110114561", "110115580", "110115890", "110115980", "110116501", "110117140", "110120531", "111114121", "111115780", "111116411", "111116530", "111117120", "111117480", "111117571", "111118301", "111119250", "111119300", "111119580", "111119950", "111120320", "112116501", "112116540", "112116850", "112116880", "112116990", "112117030", "112117461", "112117571", "112118620", "112119610", "112120670", "112121030", "112121360", "112121410", "113117401", "113117630", "113118111", "113118231", "113119480", "113120280", "113120540", "113120780", "113121010", "113122510"], "labels": [2, 0, 1, 1, 2, 3, 0, 1, 0, 3, 3, 2, 0, 2, 0, 2, 0, 2, 3, 3, 2, 1, 1, 0, 2, 1, 3, 3, 2, 3, 2, 2, 0, 2, 2, 3, 3, 3, 3, 1, 2, 3, 1, 3, 0, 0, 2, 1, 1, 1, 1, 3, 1, 3, 1, 3, 3, 3, 0, 3, 0, 0, 2, 0, 2, 3, 2, 3, 0, 3, 1, 1, 1, 0, 1, 1, 3, 1, 3, 1, 1, 0, 0, 2, 1, 2, 3, 1, 0, 1, 0, 0, 1, 0, 1, 0, 3, 1, 0, 1, 2, 1, 3, 3, 0, 0, 1, 0, 3, 2, 1, 3, 3, 1, 1, 3, 0, 1, 3, 1, 0, 0, 0, 2, 0, 3, 3, 0, 2, 0, 3, 0, 3, 0, 1, 3, 3, 0, 3, 0, 2, 2], "predicted_labels": [1, 2, 2, 1, 2, 1, 1, 1, 1, 1, 0, 0, 1, 3, 3, 2, 3, 3, 1, 1, 1, 1, 3, 3, 1, 3, 0, 1, 3, 0, 0, 0, 0, 1, 0, 1, 1, 0, 3, 1, 1, 1, 3, 3, 0, 0, 2, 3, 0, 1, 0, 1, 3, 3, 3, 1, 0, 1, 1, 3, 0, 1, 3, 1, 1, 1, 3, 0, 1, 1, 3, 0, 1, 0, 1, 1, 0, 3, 3, 3, 1, 1, 0, 1, 3, 1, 3, 1, 3, 3, 2, 3, 3, 3, 3, 0, 3, 3, 2, 1, 3, 0, 1, 3, 3, 3, 3, 0, 1, 1, 1, 3, 1, 3, 3, 3, 3, 3, 3, 0, 3, 1, 3, 3, 0, 1, 3, 1, 1, 3, 0, 1, 0, 3, 0, 3, 3, 3, 3, 3, 3, 2], "confidence_scores": [[0.1517255508600238, 0.3724230933334088, 0.18933886757488153, 0.28651248823168585], [0.1139479543389251, 0.14140111824063922, 0.4034791076474256, 0.34117181977301], [0.0664671270405867, 0.10322845429441663, 0.6999670297136448, 0.13033738895135188], [0.21006172339387363, 0.36975411056077684, 0.170437669297012, 0.24974649674833757], [0.2586422851564615, 0.17138760475564305, 0.3426236855120538, 0.22734642457584167], [0.24218797299915018, 0.3270944176417539, 0.11764424409199835, 0.3130733652670977], [0.24826450730754052, 0.38338708998026927, 0.1217011873156314, 0.24664721539655893], [0.12258131476560054, 0.4079691764505913, 0.26958226924356155, 0.19986723954024663], [0.2115048787247681, 0.3901881470641748, 0.20398778625950795, 0.19431918795154915], [0.23005477730967508, 0.3425194619104248, 0.26167552549099965, 0.16575023528890048], [0.3545977791329916, 0.30445668677283033, 0.07866623717794739, 0.26227929691623086], [0.39848083963961767, 0.25165023675950193, 0.0958500961396421, 0.25401882746123816], [0.14007689281496435, 0.3619468648484991, 0.2017850956923827, 0.29619114664415397], [0.1842380736646014, 0.24950460024553553, 0.1901797981811733, 0.3760775279086898], [0.16333639571863404, 0.3019790069990204, 0.17867275310091782, 0.35601184418142784], [0.17366314797159832, 0.30942273608013227, 0.3271213528833285, 0.18979276306494108], [0.2702758767610088, 0.2165961249639011, 0.17434656630158993, 0.3387814319735002], [0.15710504349074625, 0.31544405584491236, 0.18598413104536546, 0.34146676961897604], [0.26757770389581076, 0.3591408380085649, 0.134603487473777, 0.23867797062184742], [0.21059096913497155, 0.3528681483515551, 0.15322771371347427, 0.28331316879999924], [0.1490050391487016, 0.49516386791508904, 0.17587146480326693, 0.1799596281329423], [0.2734263153562512, 0.31633415902826834, 0.22750103627161966, 0.1827384893438608], [0.20894282852101562, 0.2610443717799831, 0.10289821770237101, 0.4271145819966304], [0.2723644000755222, 0.2538877043048356, 0.20057635976656701, 0.2731715358530751], [0.15367802040778586, 0.38734254934557916, 0.2392569752259833, 0.21972245502065163], [0.25384618529782127, 0.23703913551750103, 0.1413447773009564, 0.3677699018837214], [0.33243777008803516, 0.15540169452567412, 0.20409494197510988, 0.3080655934111809], [0.19357752703085832, 0.514631182209893, 0.10855074887530189, 0.18324054188394676], [0.18464485185723487, 0.24301755847988193, 0.20083842975723332, 0.3714991599056499], [0.3846601204338071, 0.1869580133952704, 0.25440185072141347, 0.17398001544950914], [0.39166203808878325, 0.21526596536660814, 0.24212959494592584, 0.15094240159868264], [0.39489087413393836, 0.22610805166875197, 0.18687698718649545, 0.19212408701081427], [0.34820885045088956, 0.25190287456592875, 0.13212120847790224, 0.2677670665052794], [0.08366062632348849, 0.49441138421531583, 0.21709490292794262, 0.20483308653325316], [0.34863680807613145, 0.26595528001086466, 0.12336930588488682, 0.2620386060281172], [0.21524532901252974, 0.30538390241518726, 0.28639260012067713, 0.19297816845160584], [0.1591565844481681, 0.3852639333347808, 0.20438279487570524, 0.2511966873413459], [0.3089130107457901, 0.2720703391837572, 0.14935766778016596, 0.2696589822902867], [0.2598993525106402, 0.27640666687019944, 0.17013174864153158, 0.2935622319776289], [0.1960857860751326, 0.38585393098718984, 0.2028369664128915, 0.21522331652478624], [0.19943603990527226, 0.3565540701607037, 0.1385147028877329, 0.3054951870462913], [0.2575342826752356, 0.3155523971185711, 0.19957435747969923, 0.22733896272649431], [0.20868402091889282, 0.27954190122725586, 0.18317774739846218, 0.3285963304553893], [0.2833660197115888, 0.19769011718360402, 0.1614458268327263, 0.3574980362720809], [0.4946912791653327, 0.17693688013206282, 0.08242407416157285, 0.24594776654103173], [0.3494494974741175, 0.2472881991943282, 0.1848135654944612, 0.21844873783709326], [0.16606037808700524, 0.20677220269973606, 0.32580101954733753, 0.30136639966592116], [0.30890914446785184, 0.23150547010627132, 0.09417555579113392, 0.3654098296347431], [0.3458578438670643, 0.3207730824774925, 0.1063481619608717, 0.22702091169457145], [0.13855999857701792, 0.4300156173112528, 0.1679388699588139, 0.26348551415291527], [0.4858303365662308, 0.23908993695925201, 0.14737089859771937, 0.1277088278767978], [0.24805675654190576, 0.3310777919952014, 0.17017827680634387, 0.25068717465654905], [0.2440579771128772, 0.25697790004928883, 0.1366141037502626, 0.3623500190875714], [0.23189173632414412, 0.16887696161823218, 0.10498747724787187, 0.494243824809752], [0.16700003640702607, 0.19322601190951635, 0.18376176175536738, 0.45601218992809], [0.14938198546948986, 0.3572896736068908, 0.24843820128394614, 0.2448901396396733], [0.3225299555159677, 0.267304882580689, 0.13257260846635144, 0.2775925534369919], [0.2441706205641863, 0.4412355564920715, 0.08519035460398221, 0.2294034683397598], [0.2096946604044283, 0.4137685410166502, 0.16883380617613652, 0.20770299240278506], [0.2403725129551725, 0.28370277354443135, 0.15651001612780707, 0.3194146973725891], [0.3942429849585142, 0.10178175306679065, 0.14456433730933782, 0.35941092466535723], [0.2893032004590745, 0.402961732803641, 0.1317898572420033, 0.17594520949528109], [0.1454233194268862, 0.31995364285094907, 0.14182665969778055, 0.3927963780243842], [0.34601749824062195, 0.3544079869919872, 0.07419849055308929, 0.2253760242143015], [0.18207666357333574, 0.5366864840919335, 0.12080053979404282, 0.16043631254068805], [0.14335311609793944, 0.40732085991399286, 0.1234470245379753, 0.3258789994500923], [0.20311036935980553, 0.23708524273378084, 0.20891831676736292, 0.3508860711390508], [0.41011020382303626, 0.23289563161204108, 0.09916648683244114, 0.2578276777324815], [0.2064978419088725, 0.3613004434521407, 0.12775432974082387, 0.30444738489816303], [0.15645440059399626, 0.334738431820098, 0.25447133004886874, 0.2543358375370369], [0.10723855680140988, 0.24234982452914572, 0.09293784027470169, 0.5574737783947428], [0.3409313543495123, 0.2532815797691923, 0.2006662011286214, 0.20512086475267408], [0.27513769810738603, 0.3007437263534867, 0.20328223464383707, 0.22083634089529017], [0.39434067733151845, 0.19568165593507297, 0.12709789188596274, 0.2828797748474459], [0.2810505928891948, 0.3964363851718595, 0.10286606274222218, 0.21964695919672353], [0.1692782898630036, 0.347192101964553, 0.15300059065687702, 0.3305290175155664], [0.3720491511862297, 0.23815038094631283, 0.09572596723219212, 0.2940745006352654], [0.24678283638859166, 0.18485221395352483, 0.22728734479120943, 0.34107760486667404], [0.2052975661863249, 0.2156848685890024, 0.09127725163183756, 0.48774031359283504], [0.16468686056843448, 0.17692430844575213, 0.09338748471853053, 0.5650013462672829], [0.20924999499547198, 0.37373132196089526, 0.15687453902940626, 0.2601441440142266], [0.1756568157306431, 0.3653141375966381, 0.10750440599789685, 0.3515246406748219], [0.3174848018342612, 0.21575801355764299, 0.16158875260024783, 0.30516843200784793], [0.13439564745054988, 0.48713774494927187, 0.206612967423485, 0.17185364017669336], [0.25002041507509554, 0.1717010856436774, 0.22501448746327135, 0.3532640118179556], [0.20797862707630488, 0.3441102710895304, 0.18859380228995912, 0.25931729954420557], [0.3151111720212475, 0.17635126871862847, 0.18899225215520907, 0.3195453071049149], [0.22908590350594193, 0.3290713145966746, 0.11651431206275963, 0.32532846983462405], [0.1645255307642571, 0.1862894229319284, 0.21145658091705746, 0.43772846538675697], [0.1690843470873299, 0.1992333773699602, 0.10209709126540936, 0.5295851842773005], [0.29228021602683923, 0.1882478239396637, 0.29338185502139835, 0.22609010501209856], [0.24322959005581404, 0.254809718897835, 0.11236390250414148, 0.38959678854220964], [0.16319363725140879, 0.29422924232996406, 0.10974705452265783, 0.43283006589596923], [0.24394302568513737, 0.2660229305433057, 0.15191439119925437, 0.3381196525723024], [0.22323738807508092, 0.23547960217557704, 0.16413273792486993, 0.3771502718244722], [0.4089452543980465, 0.19766793313483866, 0.19769680932908568, 0.1956900031380292], [0.13005667818487038, 0.1209868455557833, 0.1113750956230684, 0.637581380636278], [0.1807626632208669, 0.3212702261407587, 0.12529832829943233, 0.3726687823389423], [0.19247428444108086, 0.24601134085016807, 0.30323293608697466, 0.25828143862177655], [0.1552044472934308, 0.5361998846718113, 0.10853383628748511, 0.2000618317472726], [0.1754658332115482, 0.22478275524518473, 0.2831376478626944, 0.3166137636805726], [0.42533056468287345, 0.11721524524840207, 0.13838766912754905, 0.31906652094117544], [0.30744809967129794, 0.3175804726570152, 0.09845051694842305, 0.2765209107232638], [0.18439455947470593, 0.3271968149829057, 0.1304232664193528, 0.3579853591230356], [0.17939263678559897, 0.2977359223042668, 0.13111623212385304, 0.39175520878628123], [0.2809127312498308, 0.1393820099894881, 0.05347620215745978, 0.5262290566032215], [0.23528748414264683, 0.21061716660992, 0.23987165316682124, 0.314223696080612], [0.39950519229230574, 0.17308356713749193, 0.15028143410942063, 0.2771298064607817], [0.3197035063784059, 0.3409635909936758, 0.10952841145433978, 0.22980449117357857], [0.20415767492865494, 0.3403405709842206, 0.2994657851004649, 0.15603596898665953], [0.266180661476589, 0.2685760505733963, 0.23724759262185988, 0.2279956953281549], [0.2648843601933028, 0.28028238770703917, 0.14544014075692127, 0.30939311134273684], [0.2652024369897482, 0.4047153086604825, 0.1210692895048025, 0.2090129648449669], [0.18724859760517765, 0.20070358187465123, 0.2559075488069795, 0.3561402717131918], [0.192282545304407, 0.2724424892650794, 0.18788079257719345, 0.34739417285332025], [0.2478297448608171, 0.2266003368072065, 0.21735457809946973, 0.3082153402325067], [0.12183958492104224, 0.1300156224892885, 0.29105789495309753, 0.4570868976365717], [0.18197492229412546, 0.20735712946172408, 0.09060992635153022, 0.5200580218926203], [0.24998200082370145, 0.2844635369495386, 0.15228925105553331, 0.31326521117122674], [0.3103397904752345, 0.24019526679034722, 0.25256423540621514, 0.19690070732820322], [0.22146492865597034, 0.2921138202556562, 0.1407593766630859, 0.3456618744252876], [0.15085694639310784, 0.4341135725084284, 0.16567267893979998, 0.24935680215866374], [0.17071661362413168, 0.08648282863871551, 0.298806975193906, 0.44399358254324706], [0.17658574413849587, 0.3270905426259637, 0.12461534279562245, 0.37170837043991806], [0.2730860940200256, 0.2214267096410966, 0.2493229957646196, 0.25616420057425826], [0.23669131386805445, 0.3534796892819342, 0.09826983472342933, 0.3115591621265822], [0.2474545174098921, 0.3099032596025324, 0.12585315047280565, 0.31678907251476995], [0.22157930627290914, 0.29874345156869186, 0.23303875599813656, 0.24663848616026235], [0.2834923089855845, 0.34281631923956657, 0.13499064946655787, 0.2387007223082911], [0.3026589682591183, 0.18477390145752717, 0.16925024594100482, 0.3433168843423497], [0.46742207686557735, 0.2145761696194061, 0.10786272801406013, 0.21013902550095648], [0.2682914486966147, 0.35688399434250356, 0.10027155205942, 0.2745530049014617], [0.501793640651204, 0.19999464620584123, 0.12096904752908534, 0.17724266561386945], [0.20388932570398097, 0.1996481209728062, 0.17451315122990488, 0.4219494020933079], [0.36057353692966043, 0.24394213438448162, 0.1438744818591774, 0.25160984682668064], [0.2364073880148185, 0.28507690708294525, 0.10983597642529036, 0.3686797284769461], [0.1714239312475518, 0.30111863532162997, 0.13729924649454223, 0.39015818693627585], [0.1760778250345551, 0.15365563301230462, 0.20626747339051402, 0.4639990685626263], [0.18346949454148564, 0.28811662785509445, 0.18137735768951707, 0.34703651991390294], [0.17605069415445546, 0.20976898602116736, 0.12742572879542308, 0.486754591028954], [0.281647916096541, 0.28555033178889566, 0.14644669710180577, 0.2863550550127575], [0.1686019912730462, 0.17965775158655214, 0.46409493828770265, 0.18764531885269892]]}}