{"test": {"ids": ["97106770", "110120700", "104111880", "111119250", "110118450", "106120640", "108113480", "99109370", "100113370", "113119450", "107114200", "100107920", "110116501", "109113591", "107114621", "99111000", "109117150", "112118471", "102110850", "113118231", "109117110", "101108370", "97116500", "105116980", "111120531", "111118301", "112120540", "109117730", "99112840", "105110091", "113120070", "103117461", "101114990", "100110260", "109118701", "106116370", "113120531", "107116980", "100109801", "105117200", "111114321", "110117500", "99116500", "109114030", "108114200", "112116990", "112117461", "107116340", "112120290", "110120640", "109121351", "110118930", "100109360", "103120340", "107118820", "113121950", "104112201", "111119580", "108113620", "110117110", "111115780", "113120591", "113122230", "105113620", "111118810", "112116610", "111116170", "112117210", "104111711", "102110050", "101108500", "110118301", "113118490", "110120190", "111117480", "109115220", "108119550", "108116501", "102109840", "108121410", "111116411", "99108890", "111116290", "98119591", "110114920", "108114270", "109120540", "101108121", "110115580", "113120260", "99108580", "103109641", "99119830", "97116790", "105117351", "112120640", "102113350", "112116540", "99105921", "101109000", "111119150", "99120010", "105118740", "105113210", "109114220", "112117780", "109118231", "112117790", "111120220", "113118620", "110118810", "103113640", "110116300", "97107681", "102112170", "112118511", "99107500", "98111231", "101108080", "106116850", "112118550", "100120780", "107114110", "98107410", "98110680", "111115770", "107119130", "99108000", "109114651", "112118860", "112119120", "98109311", "108119510", "108116120", "98111670", "108115250", "109119450", "111120260", "100111380", "104118070", "100112060", "109116441"], "labels": [3, 2, 3, 1, 0, 3, 0, 1, 3, 3, 2, 0, 3, 3, 0, 2, 2, 1, 3, 3, 1, 1, 2, 0, 0, 3, 3, 3, 2, 0, 2, 0, 3, 3, 3, 2, 0, 3, 0, 3, 1, 1, 2, 1, 0, 0, 0, 3, 1, 0, 0, 1, 0, 1, 3, 3, 0, 3, 3, 0, 1, 0, 1, 0, 0, 1, 0, 1, 1, 3, 3, 1, 1, 3, 1, 3, 1, 0, 2, 0, 0, 0, 2, 1, 3, 3, 1, 0, 1, 3, 0, 1, 1, 2, 0, 0, 3, 1, 1, 1, 3, 2, 1, 3, 3, 0, 1, 3, 3, 3, 1, 1, 3, 3, 3, 1, 0, 1, 0, 3, 3, 1, 1, 3, 2, 3, 1, 2, 3, 3, 1, 1, 1, 1, 1, 1, 3, 3, 3, 2, 2, 3], "predicted_labels": [2, 0, 1, 0, 1, 1, 0, 1, 3, 0, 1, 0, 3, 3, 3, 3, 1, 1, 1, 1, 3, 0, 1, 0, 0, 1, 1, 0, 2, 0, 1, 3, 3, 0, 1, 0, 1, 3, 3, 2, 3, 0, 2, 1, 1, 3, 3, 3, 0, 0, 3, 1, 3, 1, 1, 3, 3, 3, 0, 0, 3, 0, 2, 1, 3, 0, 1, 3, 1, 3, 2, 0, 3, 3, 1, 0, 3, 3, 1, 1, 3, 1, 2, 0, 1, 1, 2, 3, 1, 3, 3, 2, 2, 0, 1, 0, 2, 3, 1, 3, 0, 2, 2, 3, 0, 1, 1, 3, 0, 0, 1, 0, 1, 2, 3, 2, 1, 2, 1, 2, 0, 3, 0, 0, 2, 3, 1, 1, 1, 3, 0, 1, 3, 2, 0, 3, 3, 0, 3, 3, 1, 3], "confidence_scores": [[0.2003595681595126, 0.002246813543936597, 0.6027368574159896, 0.19465676088056125], [0.5688972804901538, 0.065683629609851, 0.02945488263599642, 0.33596420726399884], [0.0064958618678923035, 0.6979969418189017, 0.12045374339196015, 0.17505345292124586], [0.9582966163116262, 0.0009287292952582959, 0.007973604935369121, 0.032801049457746236], [0.0013015635841840077, 0.9915132283933981, 0.007022855560002644, 0.00016235246241517196], [0.004443934610285044, 0.9056763543291798, 0.08840867945348234, 0.001471031607052837], [0.5691405835082785, 0.37391788629082984, 0.013925669469163484, 0.04301586073172822], [0.06621719417270341, 0.7869128136835911, 0.03619806658029981, 0.11067192556340572], [0.18780929477038946, 0.12024275777163358, 0.08107330065931437, 0.6108746467986625], [0.6433222059874776, 0.009380699401220284, 0.32159736530420585, 0.025699729307096377], [0.007680021712577451, 0.9868882459503546, 0.0014293884072408825, 0.004002343929827048], [0.7125519987031677, 0.05181762363141258, 0.005200250414807442, 0.23043012725061243], [0.04987791202621058, 0.34031873047398153, 0.006436502713688028, 0.6033668547861198], [0.17231962776167825, 0.3168773127413735, 0.0004350634855722881, 0.510367996011376], [0.19215300807507016, 0.0003873734284056612, 0.00018152249913563648, 0.8072780959973885], [0.050678327533684085, 0.04300789584530993, 0.29521325665491516, 0.6111005199660908], [0.0039656133285476255, 0.9689806011926575, 0.00851166767445113, 0.018542117804343814], [0.012778916316551816, 0.9511050022175437, 0.03521434108193931, 0.0009017403839650925], [0.0026459747604068258, 0.9389424315785038, 0.002598072434470903, 0.0558135212266184], [0.018161596129620407, 0.8458258138146877, 0.11782284583620534, 0.0181897442194867], [0.0016752845512851395, 0.46562153035276255, 0.0012856121948190572, 0.5314175729011332], [0.7529562823010231, 0.10339297259473314, 0.004968985213210218, 0.13868175989103346], [0.20727222129565073, 0.6273962832240305, 0.02881914853687181, 0.13651234694344697], [0.8166517116473702, 0.1728446126593439, 0.0005327393649280577, 0.00997093632835788], [0.6432270888896197, 0.13783528488796537, 0.000367071509363555, 0.21857055471305153], [0.06563503539101388, 0.7981916875784799, 0.05191995032877816, 0.08425332670172797], [0.03311079875961215, 0.9576986979730736, 0.004050465605229998, 0.005140037662084177], [0.5765049729999696, 0.24386277020364813, 0.09083663008878923, 0.08879562670759295], [0.0938705189919443, 0.2387760604148393, 0.3350973722502452, 0.33225604834297123], [0.8685955514641718, 0.016968404786868757, 0.05637651644550173, 0.058059527303457904], [0.00914358553490274, 0.7673222010455484, 0.05113987178677924, 0.17239434163276968], [0.14482580105627926, 0.1159814770279222, 0.16920787182541747, 0.569984850090381], [0.019848651541607133, 0.08473679822340623, 0.13155738099853082, 0.7638571692364559], [0.62934599834463, 0.019653632233256262, 0.012399094532629855, 0.3386012748894838], [0.08905409642812473, 0.7408270538057443, 0.14309475072986055, 0.027024099036270323], [0.9875215298338555, 0.002080554025698773, 0.0076598144717409025, 0.002738101668704747], [0.3632699636482581, 0.4622481230149464, 0.01619834865721649, 0.15828356467957905], [0.23439767558670327, 0.2694235249136705, 0.0005228748409122785, 0.49565592465871394], [0.1456063163048823, 0.056557428248080244, 0.11225667327088987, 0.6855795821761476], [0.04082922250054752, 0.3354825722221879, 0.6032242744703977, 0.020463930806866867], [0.1070516926721518, 0.10477041591742324, 0.050893961563235945, 0.737283929847189], [0.8731621656299996, 0.12513419076767596, 8.735142464254244e-05, 0.0016162921776819536], [0.0042230112739825515, 0.13847426294014517, 0.8128145142661144, 0.04448821151975782], [0.08231356407350214, 0.5541792247681568, 0.23835903248152518, 0.12514817867681582], [0.03307418323307345, 0.9330415106418809, 0.015901176221241188, 0.017983129903804355], [0.010234229390205182, 0.10710664076022877, 0.14430267672879601, 0.7383564531207701], [0.07094814561152903, 0.13948589593927055, 0.03339901033369991, 0.7561669481155006], [0.10482782423510893, 0.03279230545845148, 0.008361783523137947, 0.8540180867833017], [0.6098847368930554, 0.32143219341920853, 0.014390042067684449, 0.054293027620051476], [0.6499876031467917, 0.0004456379228705501, 0.0025127447788962118, 0.34705401415144155], [0.13303409988266465, 0.01954078216944354, 0.12283435416433698, 0.7245907637835549], [0.0011356168504402834, 0.8735076857227577, 0.11406311068085925, 0.011293586745942918], [0.11450274337907701, 0.0008754565843915611, 0.0016809250596849195, 0.8829408749768465], [0.2548728464543434, 0.4370415566887906, 0.2637612576387165, 0.04432433921814964], [0.06809598480364618, 0.5401893853774773, 0.2788570922607112, 0.11285753755816534], [0.24902604532423558, 0.06234305044925005, 0.011624610299851974, 0.6770062939266625], [0.22849995033476458, 0.0009039637669758208, 0.0030574553050309178, 0.7675386305932286], [0.32072880412177507, 0.1013858636466052, 0.01780749390888206, 0.5600778383227376], [0.9122039850244745, 0.059142921410990146, 0.0013991521574609378, 0.027253941407074305], [0.6605120937356019, 0.27794219204504667, 0.014159203993586954, 0.04738651022576451], [0.0232329937195693, 0.26565504836353593, 0.04640321107712371, 0.6647087468397711], [0.4316202813312129, 0.19043510112894432, 0.24282798491404267, 0.13511663262580006], [0.01135181081328227, 0.007259971801113154, 0.9762714128900237, 0.005116804495581], [0.003384439447302369, 0.5850117887748353, 0.05795812166505047, 0.35364565011281185], [0.16433664745541565, 0.03608681064530921, 0.279475247688801, 0.5201012942104741], [0.7096504932477415, 0.02222333644891227, 0.2613869662757943, 0.006739204027551918], [0.12585922369863084, 0.7802688072886856, 0.013917108818606895, 0.07995486019407651], [0.0017386380050079405, 0.007070566440812507, 0.1701593637528578, 0.8210314318013218], [0.025985604625196283, 0.8806327861894246, 0.038855819702367324, 0.05452578948301163], [0.042964458028142964, 0.033872734546251976, 0.15502306884102154, 0.7681397385845835], [0.0018326482606143692, 0.014505955092440135, 0.96978348806233, 0.013877908584615663], [0.7902907767289873, 0.009322490071273507, 0.0035471752850758324, 0.19683955791466348], [0.0792388582494044, 0.0009183347323148304, 0.0040728597425159505, 0.9157699472757648], [0.0010944786555793136, 0.1380463033636969, 0.017168672859057175, 0.8436905451216667], [0.2433153937065874, 0.44889583264282495, 0.18640998895087663, 0.121378784699711], [0.6229314447974368, 0.20730581300386067, 0.0981012062627527, 0.07166153593594998], [0.034990556840924496, 0.22761366166940356, 0.2501830658797153, 0.4872127156099566], [0.011579662092297542, 0.0916050522990761, 0.013270679784307939, 0.8835446058243185], [0.009771283700707168, 0.842385223329696, 0.1011916017812966, 0.04665189118830016], [0.06339106794802629, 0.768202713131364, 0.0009231608597756734, 0.167483058060834], [0.18570780279911042, 0.0004146689747566718, 0.010524945706554809, 0.8033525825195781], [0.10327231771990301, 0.7256897321780065, 0.10729358910120368, 0.06374436100088683], [0.1454353511480063, 0.1890098285926249, 0.5088036152881082, 0.15675120497126063], [0.44150479802050047, 0.07160861300813134, 0.4208820515152055, 0.06600453745616264], [0.00812566045280495, 0.9864556740726316, 0.0026756925552136866, 0.002742972919349631], [0.2005628974278179, 0.513806466205027, 0.13047777052439538, 0.15515286584275964], [0.20330277949236125, 0.1651568830837071, 0.616746467997966, 0.014793869425965755], [0.23225086881189488, 0.008496269564620566, 0.002721021775781497, 0.756531839847703], [0.35415349687448716, 0.47570291954998584, 0.011617582187524112, 0.15852600138800294], [0.14455981474374346, 0.018073571576857485, 0.15437572111848608, 0.6829908925609129], [0.21919004436164766, 0.33111743647406805, 0.1157464880404079, 0.3339460311238764], [0.0007948750381994805, 0.011958257514667055, 0.8652895502370003, 0.12195731721013309], [0.026889679876176607, 0.18019452711634312, 0.6412179514516463, 0.15169784155583407], [0.5818003110569646, 0.1589019391312662, 0.05734358996425891, 0.2019541598475102], [0.27871607621439937, 0.3722844266368905, 0.056826043942851935, 0.2921734532058582], [0.9897332488825812, 0.0010645722857998926, 0.0021582265536626145, 0.007043952277956191], [0.019400036684323354, 0.1138457907261113, 0.4808152565459835, 0.38593891604358177], [0.01643041798328152, 0.17973644333855027, 0.0038173308082322215, 0.8000158078699361], [0.037058466697961284, 0.9252714248527909, 0.0009080187800795185, 0.03676208966916835], [0.0024222153803920643, 0.10957555854365852, 0.0007022918998254182, 0.887299934176124], [0.8797521551681692, 0.090227443757805, 0.02565295786912522, 0.004367443204900488], [0.10736204011791949, 0.11938131454258988, 0.6962437477744946, 0.07701289756499612], [0.020999962526144413, 0.2653012704997198, 0.7028855829094418, 0.010813184064694031], [0.3686655559688495, 0.002755244092260603, 0.012950858215671225, 0.6156283417232188], [0.7670900275692107, 0.019118692435819585, 0.00021968104231115054, 0.21357159895265856], [0.37036329748769997, 0.3934726307519997, 0.012534383420569582, 0.2236296883397308], [0.0001589170636716199, 0.9890262915086253, 0.0047676756409881955, 0.00604711578671472], [0.31020230526978937, 0.00021027936532108709, 0.0007558918780455802, 0.688831523486844], [0.37333614838744167, 0.26585735856336973, 0.17271896451495075, 0.1880875285342377], [0.48813339442091397, 0.15706329105821837, 0.15752999874335807, 0.1972733157775096], [0.36293235706546634, 0.6101092624759665, 0.01881404128677949, 0.008144339171787706], [0.8972625949227122, 0.005901758888229291, 0.0022406238096383748, 0.0945950223794201], [0.2856935408030538, 0.3950249840654771, 0.18490300207383356, 0.13437847305763564], [0.14351827589795985, 0.058305379307370155, 0.596271909391589, 0.20190443540308106], [0.4172652403180201, 0.0003086524777358051, 0.009399285159593021, 0.573026822044651], [0.057692390353059855, 0.20609429170753538, 0.7286597157670359, 0.007553602172368818], [0.09575021192590596, 0.663188792743704, 0.11099198749232257, 0.13006900783806744], [0.3046349142803873, 0.23727083354446507, 0.31860831493130026, 0.13948593724384728], [0.24813329287483618, 0.3549814481070421, 0.2234736602541958, 0.17341159876392592], [0.011936631724354359, 0.28545841361379753, 0.6888826746802345, 0.013722279981613784], [0.8984614756942912, 0.016874564704167767, 0.0031580692071236953, 0.08150589039441708], [0.21783060756064715, 0.22051815024732502, 0.01682237038015183, 0.544828871811876], [0.7816324861147723, 0.018690438871069786, 0.028950688279895276, 0.17072638673426238], [0.9628141231564398, 0.00772364315495093, 0.0019658646722168975, 0.027496369016392252], [0.1696356309681134, 0.35787384143992423, 0.468397639402047, 0.004092888189915195], [0.43307096760160196, 0.056275253049089514, 0.008249791192689102, 0.5024039881566194], [0.009632294283817129, 0.8584660231106835, 0.009352335555301152, 0.12254934705019807], [0.020915609520645865, 0.91013155006076, 0.06792740066066938, 0.0010254397579248066], [0.21932585482806843, 0.4651246042184143, 0.13721092765951584, 0.1783386132940015], [0.19898200380392997, 0.05655037986524709, 0.13304557965756472, 0.6114220366732582], [0.39881516822854735, 0.10448444183650571, 0.11557728538961193, 0.38112310454533493], [0.11111876961736729, 0.861087636286422, 0.0042055788552590396, 0.023588015240951835], [0.10640450492045343, 0.0782052609704401, 0.19238945673721328, 0.6230007773718933], [0.3521809024228854, 0.11335395634310644, 0.36634889994618625, 0.16811624128782185], [0.6455959778589583, 0.0008666392665143409, 0.029917592613710235, 0.3236197902608172], [0.16752148580522166, 0.09141175051347247, 0.357423129326639, 0.38364363435466686], [0.1902530955555757, 0.0616306045176621, 0.10614542570872768, 0.6419708742180346], [0.5723939057603822, 0.1544951643195679, 0.001301697955797737, 0.27180923196425216], [0.21187134644703548, 0.020765080489798027, 0.2857826916803932, 0.48158088138277316], [0.0018563287704057663, 0.06368248062322987, 0.043014615654469124, 0.8914465749518953], [0.1293475245560129, 0.6860628319859157, 0.15848538205766732, 0.026104261400404036], [0.028699475322828877, 0.007533136730430181, 0.00018770174572088153, 0.9635796862010201]]}, "rewritten": {"ids": ["97106770", "97107681", "97116500", "97116790", "98107410", "98109311", "98110680", "98111231", "98111670", "98119591", "99105921", "99107500", "99108000", "99108580", "99108890", "99109370", "99111000", "99112840", "99116500", "99119830", "99120010", "100107920", "100109360", "100109801", "100110260", "100111380", "100112060", "100113370", "100120780", "101108080", "101108121", "101108370", "101108500", "101109000", "101114990", "102109840", "102110050", "102110850", "102112170", "102113350", "103109641", "103113640", "103117461", "103120340", "104111711", "104111880", "104112201", "104118070", "105110091", "105113210", "105113620", "105116980", "105117200", "105117351", "105118740", "106116370", "106116850", "106120640", "107114110", "107114200", "107114621", "107116340", "107116980", "107118820", "107119130", "108113480", "108113620", "108114200", "108114270", "108115250", "108116120", "108116501", "108119510", "108119550", "108121410", "109113591", "109114030", "109114220", "109114651", "109115220", "109116441", "109117110", "109117150", "109117730", "109118231", "109118701", "109119450", "109120540", "109121351", "110114920", "110115580", "110116300", "110116501", "110117110", "110117500", "110118301", "110118450", "110118810", "110118930", "110120190", "110120640", "110120700", "111114321", "111115770", "111115780", "111116170", "111116290", "111116411", "111117480", "111118301", "111118810", "111119150", "111119250", "111119580", "111120220", "111120260", "111120531", "112116540", "112116610", "112116990", "112117210", "112117461", "112117780", "112117790", "112118471", "112118511", "112118550", "112118860", "112119120", "112120290", "112120540", "112120640", "113118231", "113118490", "113118620", "113119450", "113120070", "113120260", "113120531", "113120591", "113121950", "113122230"], "labels": [3, 3, 2, 2, 3, 1, 2, 1, 1, 1, 1, 0, 2, 0, 0, 1, 2, 2, 2, 1, 2, 0, 0, 0, 3, 3, 2, 3, 1, 0, 0, 1, 3, 1, 3, 2, 3, 3, 3, 3, 1, 1, 0, 1, 1, 3, 0, 2, 0, 3, 0, 0, 3, 0, 1, 2, 3, 3, 1, 2, 0, 3, 3, 3, 1, 0, 3, 0, 3, 1, 1, 0, 1, 1, 0, 3, 1, 3, 3, 3, 3, 1, 2, 3, 1, 3, 3, 1, 0, 3, 1, 3, 3, 0, 1, 1, 0, 1, 1, 3, 0, 2, 1, 3, 1, 0, 2, 0, 1, 3, 0, 3, 1, 3, 3, 3, 0, 1, 1, 0, 1, 0, 0, 3, 1, 1, 3, 3, 1, 1, 3, 0, 3, 1, 3, 3, 2, 3, 0, 0, 3, 1], "predicted_labels": [2, 3, 0, 1, 0, 1, 2, 2, 3, 3, 1, 1, 1, 0, 1, 3, 1, 1, 2, 2, 2, 1, 3, 3, 3, 2, 0, 0, 3, 1, 0, 1, 2, 1, 3, 1, 1, 1, 0, 3, 1, 0, 1, 2, 3, 1, 3, 3, 3, 3, 3, 0, 1, 0, 2, 0, 2, 1, 0, 1, 0, 3, 3, 0, 1, 0, 0, 3, 1, 1, 2, 1, 3, 3, 1, 0, 0, 0, 0, 3, 1, 3, 1, 3, 1, 1, 3, 3, 3, 1, 3, 3, 3, 0, 1, 0, 3, 0, 2, 2, 0, 1, 1, 1, 3, 0, 2, 3, 2, 1, 2, 3, 2, 0, 0, 1, 3, 1, 0, 3, 0, 3, 0, 3, 2, 2, 0, 0, 3, 2, 1, 0, 1, 1, 1, 3, 1, 0, 0, 1, 3, 2], "confidence_scores": [[0.174693692778587, 0.01099508607820337, 0.8101007774230653, 0.004210443720144337], [0.20949005895732128, 0.018569893376601344, 0.17109211400127514, 0.6008479336648022], [0.4653705896157422, 0.06800205711471323, 0.31845667946690226, 0.14817067380264234], [0.010865427282769088, 0.8869411354761866, 0.02537923396143614, 0.07681420327960815], [0.9398832095598083, 0.04188802547345451, 0.002168528910902931, 0.016060236055834266], [0.002944378996253497, 0.8300688533162658, 0.0013322022442162375, 0.16565456544326454], [0.354399535443472, 0.2097795077488801, 0.3819688399788052, 0.05385211682884266], [0.15949772563567027, 0.13945703388326797, 0.5106826209523114, 0.1903626195287504], [0.17001443054134693, 0.00030451049674929586, 0.018686175519189507, 0.8109948834427143], [0.00939089076560515, 0.0037276658121032967, 0.4802977892790096, 0.506583654143282], [0.016632107037485182, 0.8775708333319884, 0.04407044151230594, 0.06172661811822039], [0.003008947524738045, 0.8255025270706797, 0.08589055211268146, 0.08559797329190078], [0.16135151195482253, 0.3398378795950729, 0.23435108285319076, 0.2644595255969139], [0.6265176810473457, 0.21731284182570937, 0.13329985594397714, 0.022869621182967738], [0.0009027955757482071, 0.8849083955279777, 0.0016566043003156067, 0.11253220459595842], [0.09105685289078477, 0.17554124769132093, 0.12693439169612608, 0.6064675077217682], [0.004240416033261288, 0.9627082782556458, 0.021025575823040397, 0.0120257298880528], [0.0476276018465118, 0.6474777916747101, 0.10791965326385708, 0.19697495321492112], [0.018536650501565072, 0.014715426263826695, 0.9658180081897884, 0.000929915044819797], [0.012077038289511175, 0.07702634603755229, 0.9082159840533144, 0.00268063161962216], [0.46382564718311187, 0.0051397646949018745, 0.4981224489793662, 0.03291213914262018], [0.4055307575525024, 0.5618918423854834, 0.002280223164809401, 0.03029717689720475], [0.00022453769849999008, 8.217108305866481e-08, 0.0003197396712747217, 0.9994556404591423], [0.005832755466505383, 0.0008317000609525024, 0.10838028291629696, 0.8849552615562452], [0.4026221259849306, 0.09120462821592468, 0.0009715282358492252, 0.5052017175632955], [0.027285862484274767, 0.011121774635899175, 0.6830510184611742, 0.27854134441865197], [0.8838804701442049, 0.08875797432633983, 0.026483689263747945, 0.0008778662657073812], [0.8244814675110119, 0.0002886391515205751, 0.06705768048111937, 0.10817221285634819], [0.13081471801972946, 0.012308010271205923, 0.23617425698535743, 0.6207030147237071], [0.12306829701965623, 0.48333656922403206, 0.14379255868187818, 0.24980257507443349], [0.8336601402849025, 0.007548692872934267, 0.0010374197741339233, 0.15775374706802922], [0.12160134850116734, 0.8298556512782975, 0.04829061854717749, 0.00025238167335759135], [0.003748291501404599, 0.04436459292503815, 0.9478364184205403, 0.004050697153016959], [0.03709727378237714, 0.8127649901794552, 0.0024086199758378635, 0.1477291160623297], [0.00524552051724291, 0.03919373409903163, 0.02942375160028886, 0.9261369937834366], [0.005423259520494114, 0.9844386848231413, 0.0025381431008628746, 0.007599912555501756], [0.002458705271100401, 0.5227776669255323, 0.00504430358617361, 0.4697193242171937], [0.006700506059201141, 0.5751182608425301, 0.37924330882471935, 0.03893792427354942], [0.6694068189131634, 0.001009608995860143, 0.09829908672966318, 0.23128448536131319], [0.002926795550627719, 0.0022098912938198372, 0.08143011813138779, 0.9134331950241648], [0.000658885782893529, 0.9569632255639854, 0.01021399907194732, 0.03216388958117368], [0.995336489691146, 0.0014310376842930684, 0.0002365699492623667, 0.0029959026752986216], [0.03828289722710493, 0.6517090434523887, 0.07932143857746969, 0.23068662074303675], [0.2231085645931396, 0.012851710258487367, 0.7090900591968071, 0.054949665951565814], [0.008443492420051888, 0.25807078669385586, 0.0016291702837242187, 0.731856550602368], [0.40279385470624934, 0.5264790142214516, 0.054196595537555216, 0.016530535534743745], [0.05443963923961927, 0.00011296990914346019, 0.0006725898474499122, 0.9447748010037873], [0.3026712714074398, 0.23564823962966078, 0.004623329596624318, 0.45705715936627495], [0.01405754273580397, 0.03142800930778525, 0.01547719482677151, 0.9390372531296391], [0.23133430729838647, 0.04519563951803033, 0.0014084830928784646, 0.7220615700907047], [0.0188711389448643, 0.270474366714879, 0.026746155856102117, 0.6839083384841546], [0.6415969930632786, 0.16392254445891669, 0.0005896596434094302, 0.19389080283439536], [0.22157797287557604, 0.5939236956353434, 0.0993779638112073, 0.0851203676778732], [0.5228506187748185, 0.09553482173275854, 0.0034539831861089697, 0.37816057630631394], [0.07796178011658625, 0.16829791609106792, 0.5674271466525023, 0.18631315713984367], [0.4157131437347757, 0.001432720521953768, 0.2912548187601249, 0.2915993169831455], [0.11804874015178336, 0.09235559250170321, 0.5873173034331718, 0.20227836391334167], [0.06294058503050316, 0.861245461029428, 0.07049486542254996, 0.005319088517518852], [0.9833537109090367, 0.004221546743442696, 0.0017820123178602617, 0.010642730029660213], [0.034278639230581595, 0.9236358792995367, 0.005281726462542998, 0.03680375500733883], [0.6643225172340099, 0.03576718593033428, 0.005900560182422712, 0.2940097366532331], [0.022160535138509983, 0.00011922561379498852, 0.002730758999646583, 0.9749894802480483], [0.08719828279271218, 0.06496017821916407, 0.00013036387121029316, 0.8477111751169134], [0.5105177000671499, 0.17451011626854088, 0.04580658964744786, 0.2691655940168614], [0.002292828806918308, 0.9952136625898486, 0.0005606784865042016, 0.0019328301167286866], [0.6944457438859251, 0.03554454805531445, 0.17827924151851296, 0.09173046654024761], [0.4032630384656325, 0.10763392651642198, 0.19253637011535413, 0.2965666649025914], [0.0006132103540582741, 0.02297691329273891, 3.408213592219959e-05, 0.9763757942172806], [0.17495410718281695, 0.4521079753386001, 0.013928949579978946, 0.3590089678986041], [0.12373452817225958, 0.5369587656629292, 0.30984278759752065, 0.029463918567290436], [0.12385732654350319, 0.026908634083879755, 0.44206937062742124, 0.4071646687451959], [0.0020126581148162486, 0.7578580828973838, 0.11408738082836332, 0.12604187815943663], [0.04131160310504012, 0.26035278151024943, 0.0047635054082740425, 0.6935721099764365], [0.0037341024048037166, 0.03015085350990982, 0.0011378285808694817, 0.964977215504417], [0.30818949530573436, 0.6419667561704812, 0.0010272724580910303, 0.04881647606569349], [0.9306973912215806, 0.06424460552129443, 0.0007227550927669034, 0.004335248164358287], [0.6823622105156051, 0.10173192824192209, 0.19988438217639698, 0.01602147906607578], [0.6353081643878405, 0.0010246926157602954, 0.0022785991306943647, 0.36138854386570474], [0.5295773590927372, 0.0005085328346262976, 0.17540153985821869, 0.2945125682144179], [0.04332351830927831, 0.3030830450482905, 0.03879808411918191, 0.6147953525232495], [0.009178036160680435, 0.5956126778577849, 0.010593542647096619, 0.3846157433344379], [0.053307685327237765, 0.26345533542538035, 0.005077672897795003, 0.6781593063495869], [0.007354706456042298, 0.9451791109590297, 0.018606749797728774, 0.02885943278719926], [0.19816849793875535, 0.0960168389846084, 0.10554658392638976, 0.6002680791502465], [0.03462566163783148, 0.6412240397536974, 0.037127019629220284, 0.2870232789792509], [0.002603961515927122, 0.7904229303286345, 0.15874848127623611, 0.048224626879202134], [0.09380753679679485, 0.002666686231925486, 0.01390964230293429, 0.8896161346683454], [0.020085525552095577, 0.20406627685018394, 0.0036160897319170845, 0.7722321078658033], [0.2188192470470484, 0.03619993704739276, 0.10958157391508122, 0.6353992419904776], [6.862360834114846e-06, 0.9999300910411525, 1.365474646914155e-05, 4.939185154406347e-05], [0.24727463075059813, 0.06903824748405799, 0.1445901805225922, 0.5390969412427516], [0.06184283056085854, 0.0016468823503903278, 0.007595109262473313, 0.9289151778262779], [0.01858419764101649, 0.08033639304423743, 0.11516409865619813, 0.785915310658548], [0.38278425365394253, 0.31518296773702237, 0.2606834283982123, 0.04134935021082277], [0.06957767681031758, 0.928605635071952, 0.0007283494464650418, 0.0010883386712653151], [0.5500906685451881, 0.06554745608626451, 0.009443404100084823, 0.37491847126846245], [0.0013753032306300238, 0.24205487806280207, 0.04630180336639731, 0.7102680153401706], [0.48861235967408534, 0.3212847398528095, 0.09628855644969322, 0.09381434402341199], [0.0038376746123380302, 0.0642142090435308, 0.4798955273314163, 0.452052589012715], [8.435429120757568e-05, 0.1849989896247779, 0.7634403244839219, 0.05147633160009252], [0.5556093832374824, 0.20947387103355572, 0.0028628665053458814, 0.232053879223616], [0.03998989175650864, 0.9511135237365435, 0.0036395095945366113, 0.005257074912411284], [0.0016546811015050247, 0.5098710161670946, 0.015571959077238634, 0.4729023436541619], [0.09062847491215427, 0.7518658954139518, 0.14768595536566814, 0.009819674308225758], [0.04017398519595206, 0.004005755247700488, 0.01068367232923146, 0.945136587227116], [0.3691214295536549, 0.3667466143606198, 0.02526421432051026, 0.2388677417652151], [0.0007306227407300399, 0.10687820091927296, 0.47688733115545123, 0.41550384518454575], [0.019866266598096594, 0.004182784896411402, 0.002939497361718185, 0.9730114511437737], [0.0380519933956317, 0.30134181748997113, 0.3976793465325384, 0.2629268425818589], [0.0024749108716174573, 0.97995471690404, 0.0064124271177359825, 0.011157945106606622], [0.12042019065528854, 0.014725695117265979, 0.8407455735153095, 0.024108540712135806], [0.041679093979691335, 0.047709725595840316, 0.005829060421968083, 0.9047821200025002], [0.11065677111232686, 0.009423952728627593, 0.7651899127711187, 0.11472936338792682], [0.5318553849381367, 0.17397235114448223, 0.1258708853876404, 0.16830137852974056], [0.9713817597777338, 0.015955568916454246, 0.011642503172853114, 0.001020168132958743], [0.3775655368993318, 0.39008745061698274, 0.0024032869030545675, 0.2299437255806308], [0.1607046501712026, 0.08326138630119649, 0.001068581332508867, 0.7549653821950921], [0.0003000498554084573, 0.9113258517867137, 0.0017674672080084935, 0.08660663114986922], [0.6215905325655389, 0.0025329463928147524, 0.36397793185261884, 0.01189858918902754], [6.503657469031117e-05, 0.004037921823223909, 0.0045339616849207195, 0.9913630799171651], [0.54163465292881, 0.04443436529057927, 0.024469036137115516, 0.3894619456434954], [0.3431195186737207, 0.13456695753929618, 0.004493555123966985, 0.5178199686630162], [0.5649281220256449, 0.4233446626398237, 0.00602019385807673, 0.005707021476454611], [2.1831783868510305e-05, 0.00011515229395491264, 8.523356654231286e-05, 0.9997777823556344], [0.053782910204258114, 0.0944563198977449, 0.8513437539096345, 0.00041701598836248226], [0.07347957900027575, 0.011264628921145969, 0.8917311396512821, 0.02352465242729611], [0.5753718152950477, 0.0071913023028065265, 0.0026222791953618243, 0.4148146032067838], [0.9657886561913265, 0.004194871387545916, 0.013336167345125532, 0.01668030507600213], [0.05500934641518787, 0.31798971032890266, 0.08508745412654406, 0.5419134891293653], [0.16896657057055087, 0.2916295787057311, 0.5373500904882209, 0.002053760235497183], [0.2016053157868919, 0.5824550564602657, 0.0010019329648648444, 0.21493769478797742], [0.9390072682603993, 0.00465931982948026, 0.0023160569747213847, 0.054017354935399074], [0.07193092417364308, 0.5555196436458252, 0.05136625908585278, 0.32118317309467903], [0.008647229704619097, 0.5395880164622661, 0.016781804767805827, 0.43498294906530893], [0.026390088308714168, 0.7676359128992087, 0.00823161350118708, 0.19774238529089017], [0.17100082409044567, 0.1638042645972246, 0.03397469161859393, 0.6312202196937358], [0.0025990067629215728, 0.7549705332988985, 0.15423829840048084, 0.08819216153769913], [0.5838545732648595, 0.02100774065228864, 0.02083516534449017, 0.37430252073836173], [0.9493306692320803, 0.04906494020347638, 0.00025334309717437033, 0.001351047467268848], [0.03567191863913841, 0.8184084091953749, 0.06722316400707964, 0.0786965081584069], [0.028787006177904185, 0.07079740022817231, 0.17461364880838748, 0.725801944785536], [0.021506305322894936, 0.13297286598680538, 0.8142941360602292, 0.031226692630070378]]}}