{"test": {"ids": ["104111380", "104111880", "106113830", "111116090", "99112531", "108114180", "97106000", "101117580", "110121140", "99109141", "104113170", "108113480", "106115250", "110118630", "113120260", "104113190", "108118520", "108116070", "111120640", "110114720", "97107260", "107113180", "112119500", "100111390", "106116441", "111115400", "113118421", "103113640", "113120601", "110120540", "111119250", "105119550", "105117431", "109120540", "106114321", "102109840", "98120530", "112117780", "103111110", "99113260", "110117110", "112121030", "109113931", "103110100", "97109080", "98108150", "107120880", "113118690", "109113591", "100111620", "111120531", "108114220", "110116441", "98108580", "105115380", "98109570", "110119300", "102110850", "108114200", "109116750", "113122220", "109114220", "112119980", "100116790", "110118301", "99107630", "106113190", "100109330", "103110220", "101111310", "113119950", "112116401", "101110740", "99112641", "100113370", "109118701", "109118161", "111121930", "109121410", "109115220", "104119340", "99108010", "106116640", "113122430", "110117140", "107114110", "98108370", "107116501", "105113260", "112120290", "97116790", "113122650", "112120630", "100108580", "98111231", "100111080", "109117110", "106118161", "109118820", "100108260", "101109000", "113122230", "112118511", "107113130", "110114651", "98111670", "97105960", "111116040", "103118291", "97106600", "111120280", "110120531", "104114410", "105116090", "112121410", "104114240", "113118490", "108113740", "112116990", "108117451", "112120640", "100111270", "106112770", "113120540", "109117150", "113119480", "111116170", "112120670", "111119950", "109120560", "100108990", "109119591", "105116441", "105120280", "106116120", "105118230", "104111830", "113117340", "99108710", "112119930", "101108950", "105119950"], "labels": [3, 3, 1, 3, 3, 1, 0, 3, 3, 3, 3, 0, 2, 1, 3, 3, 0, 1, 0, 3, 2, 3, 2, 2, 0, 0, 3, 1, 2, 1, 1, 1, 1, 1, 2, 2, 1, 0, 3, 0, 0, 0, 1, 1, 2, 0, 1, 3, 3, 3, 0, 3, 3, 0, 1, 1, 1, 3, 0, 0, 1, 3, 0, 2, 1, 2, 0, 0, 2, 3, 0, 0, 3, 1, 3, 3, 0, 1, 0, 3, 1, 2, 3, 2, 3, 1, 1, 1, 3, 1, 2, 2, 3, 0, 1, 0, 1, 3, 3, 3, 1, 1, 1, 1, 3, 1, 2, 0, 0, 3, 0, 0, 1, 1, 0, 0, 1, 3, 0, 2, 0, 2, 1, 3, 2, 3, 0, 2, 0, 1, 2, 0, 1, 3, 1, 1, 3, 2, 2, 1, 2, 3], "predicted_labels": [3, 3, 1, 0, 3, 1, 2, 3, 0, 0, 1, 3, 1, 3, 0, 1, 1, 3, 3, 1, 1, 1, 1, 3, 3, 3, 3, 0, 1, 1, 3, 1, 3, 1, 0, 1, 3, 3, 0, 2, 1, 3, 1, 1, 2, 3, 3, 3, 1, 3, 0, 0, 1, 3, 2, 0, 1, 1, 1, 1, 1, 0, 1, 1, 3, 3, 3, 1, 1, 1, 3, 0, 1, 0, 3, 1, 1, 2, 1, 3, 1, 1, 3, 1, 3, 3, 1, 3, 3, 3, 1, 3, 0, 3, 0, 1, 1, 1, 1, 1, 1, 1, 1, 1, 3, 0, 3, 3, 0, 3, 3, 0, 1, 1, 3, 0, 3, 3, 3, 3, 0, 3, 1, 3, 1, 3, 1, 1, 0, 3, 1, 1, 1, 1, 1, 1, 1, 3, 1, 3, 3, 3], "confidence_scores": [[0.18393680808977753, 0.11837628387491565, 0.07229315008291279, 0.6253937579523943], [0.04617209394411634, 0.24764042550723334, 0.3553750533565743, 0.35081242719207617], [0.24724888701301395, 0.5038309967752035, 0.02244005926525974, 0.22648005694652243], [0.5085990805685112, 0.2420015138801466, 0.020715346036792082, 0.2286840595145504], [0.3471701660519654, 0.17651920526570425, 0.13965120502730413, 0.33665942365502594], [0.23880726929198054, 0.48778438621559683, 0.058981354741738524, 0.21442698975068392], [0.10997211103365248, 0.08272986986014728, 0.6366178205114799, 0.17068019859472008], [0.3681049452653303, 0.20539847551567264, 0.10322003408961467, 0.32327654512938264], [0.5846643605676235, 0.1643827224242803, 0.03748858981670261, 0.21346432719139388], [0.7127935175442777, 0.15537530523048226, 0.003920687424313854, 0.12791048980092606], [0.3302152041741209, 0.4854876089192608, 0.09700121672362672, 0.08729597018299166], [0.0804643576655556, 0.3748528893405247, 0.12320218325274038, 0.42148056974117964], [0.1883684392150305, 0.6544553753906398, 0.06964307109177564, 0.08753311430255407], [0.11696957619320353, 0.33246526897482553, 0.10215573396589259, 0.44840942086607843], [0.3548972603875023, 0.16870338366280246, 0.2575508943044173, 0.21884846164527785], [0.06099742507483265, 0.5995250748194961, 0.11527268435756721, 0.22420481574810414], [0.5294242489713961, 0.40115663218338415, 0.04180603427887978, 0.027613084566340006], [0.17717648677758174, 0.19164947373734578, 0.1753356654221124, 0.45583837406296], [0.1056825513878919, 0.1953784154821407, 0.1337218769080093, 0.5652171562219583], [0.10609971611460814, 0.4533285209905794, 0.3194264688595839, 0.12114529403522842], [0.1855531649238888, 0.2145250234940698, 0.5517469900500931, 0.048174821531948256], [0.05205337216658925, 0.6061721716882813, 0.10153983982600186, 0.24023461631912774], [0.10766758908225238, 0.3681890642363918, 0.4339330229088008, 0.09021032377255482], [0.1389476172752325, 0.14431117220055606, 0.2608754786114544, 0.455865731912757], [0.06986233525919808, 0.37450783215208255, 0.031163027199029168, 0.5244668053896903], [0.20710834898542196, 0.22459401108042484, 0.13806668471813047, 0.4302309552160229], [0.03103743157671461, 0.03415116919304651, 0.0037218428545406244, 0.9310895563756985], [0.9289545070050708, 0.02129635748107833, 0.001660409565488633, 0.04808872594836252], [0.06742459914023526, 0.4471087904215389, 0.32131982432283596, 0.16414678611538988], [0.041018028942191025, 0.6319152866971756, 0.2026612774661516, 0.12440540689448197], [0.26155868413669764, 0.14493601110339038, 0.2103885735959799, 0.3831167311639323], [0.043597465342480705, 0.5322840618224851, 0.16607452101890405, 0.2580439518161298], [0.08646729127130738, 0.3347011880531522, 0.2195974763758751, 0.3592340442996656], [0.25062209402613256, 0.4579632098827632, 0.041823720045000394, 0.24959097604610392], [0.5674348645146885, 0.1855419127737617, 0.03700852488366767, 0.21001469782788215], [0.14227776727989142, 0.4877010797758849, 0.2698929776713392, 0.10012817527288455], [0.15351669143905936, 0.27511274530762164, 0.06585749577975183, 0.505513067473567], [0.3492079732534487, 0.13155361226067616, 0.007745982031312198, 0.511492432454563], [0.5717660859327116, 0.161784932117747, 0.05420208686151888, 0.21224689508802239], [0.04824520240536367, 0.056362280217339626, 0.791666301832628, 0.10372621554466892], [0.2950136727333282, 0.48879291260222585, 0.035174345289780105, 0.18101906937466564], [0.2994082889262978, 0.04358022024568242, 0.05718505751715898, 0.5998264333108607], [0.17564299276598752, 0.4995782538692515, 0.1544536648626527, 0.1703250885021086], [0.19637788267289816, 0.48578380772028357, 0.10478063774799705, 0.2130576718588211], [0.029583253922926305, 0.15462297935544198, 0.7085574006311868, 0.10723636609044518], [0.20671837002589097, 0.1938582838896672, 0.4019858220713664, 0.19743752401307532], [0.030264111194880625, 0.17159903638296603, 0.09964980826798162, 0.698487044154172], [0.09664352892895475, 0.19140926120523724, 0.05950104862314324, 0.6524461612426646], [0.38459825847822454, 0.42116836060850293, 0.0176735741941957, 0.1765598067190768], [0.06774394687861711, 0.06939873322916225, 0.5908495013959401, 0.2720078184962807], [0.45826779768013914, 0.2865277272380077, 0.005795793051617901, 0.24940868203023514], [0.5696424145411427, 0.13997776386408026, 0.022244408723260802, 0.268135412871516], [0.1904894200536764, 0.41396743297820016, 0.05896550381155093, 0.33657764315657235], [0.132402213694496, 0.23225482048286797, 0.4022558313103888, 0.2330871345122475], [0.06403644695063644, 0.1904091482403077, 0.7136376878643063, 0.03191671694474953], [0.545327842175756, 0.19797774760452472, 0.013258044361677549, 0.24343636585804143], [0.122760466412191, 0.4312412888744738, 0.06788738716323989, 0.37811085755009566], [0.04658452553476318, 0.8119750557321195, 0.06398567992206647, 0.0774547388110509], [0.06965413913135664, 0.6615526818784829, 0.15854477184576357, 0.11024840714439722], [0.4208924021128026, 0.40722417100296815, 0.12740669312468056, 0.04447673375954865], [0.07772958413298962, 0.8037514908617953, 0.024824637307376007, 0.09369428769783922], [0.5393086143811838, 0.08378989271168863, 0.014841569029807565, 0.36205992387731994], [0.18485593747220436, 0.5876511486152592, 0.041131045690327696, 0.18636186822220874], [0.06528005725450575, 0.6246035644869967, 0.09571848680957404, 0.21439789144892366], [0.375936929474208, 0.19851122654239367, 0.02228666115578511, 0.40326518282761314], [0.26204294436005654, 0.037039068852715275, 0.10970511476698228, 0.5912128720202461], [0.19406187983929787, 0.2822577107447241, 0.20012543618112977, 0.32355497323484816], [0.2720104216657082, 0.507117589860112, 0.05082649571326014, 0.1700454927609195], [0.1030729324566687, 0.5381214405513447, 0.27559840325778806, 0.08320722373419803], [0.2223295942079582, 0.5284722901482571, 0.2077872800618865, 0.04141083558189839], [0.5231817663742165, 0.06915270349725185, 0.017550354007796237, 0.3901151761207356], [0.6789143157796365, 0.0246445910145085, 0.0023268660381105827, 0.2941142271677443], [0.2706439448771989, 0.32019444868785585, 0.30993132054056255, 0.09923028589438254], [0.5042298321545485, 0.28448773091137197, 0.08699488854046351, 0.12428754839361614], [0.2064596175182119, 0.16172791015187968, 0.23498299695317953, 0.39682947537672864], [0.11151991284875327, 0.6950318844986807, 0.06682317765004031, 0.12662502500252576], [0.2856017564985649, 0.5639261234034454, 0.020034058812221037, 0.13043806128576851], [0.05812733973630128, 0.08063078732278474, 0.7780288292815382, 0.08321304365937575], [0.04003437925021762, 0.5457345368495012, 0.18171396314506086, 0.23251712075521977], [0.1625934356762335, 0.18653810745362506, 0.08732798776060083, 0.5635404691095408], [0.027519488712772384, 0.6902281111138336, 0.06045414297355823, 0.221798257199836], [0.2476597658239509, 0.5081128001331496, 0.13728320345865294, 0.10694423058424667], [0.17697268977026862, 0.17951774430731343, 0.018915007993983095, 0.6245945579284351], [0.03234767152313109, 0.4234217499219935, 0.17585390452785418, 0.3683766740270211], [0.13204112140048693, 0.2203420673590294, 0.0733008051721938, 0.5743160060682898], [0.45293698130935683, 0.08308999166966474, 0.028912136210691813, 0.4350608908102867], [0.24666358043974765, 0.24775716698077874, 0.31731800076481625, 0.1882612518146576], [0.19356796306343457, 0.25952272329108816, 0.027322319302327324, 0.5195869943431497], [0.2447361984324446, 0.3104960042050474, 0.05669009030303412, 0.3880777070594737], [0.13420304904953023, 0.38958342341581625, 0.05351681523103609, 0.4226967123036174], [0.10453128358039736, 0.2241836189706724, 0.6418341561527974, 0.02945094129613291], [0.09619061153211342, 0.11500647590396104, 0.5514689467846734, 0.23733396577925198], [0.7228928290131016, 0.05591170977926686, 0.011029373425889222, 0.2101660877817423], [0.3018256594403035, 0.04313231862220385, 0.3119599490863395, 0.3430820728511531], [0.7461281326922088, 0.09726209144957675, 0.0634364861491302, 0.09317328970908395], [0.20874195903769424, 0.36061307291058287, 0.3505067386282823, 0.08013822942344051], [0.1150924855025761, 0.5797491730934503, 0.07199314977126635, 0.2331651916327071], [0.4163303007780113, 0.32944744131669634, 0.04409971420399424, 0.21012254370129824], [0.3036478258313595, 0.5290528548601198, 0.058783437812446576, 0.10851588149607412], [0.19916985602491513, 0.20693896386761643, 0.4935020492952567, 0.10038913081221187], [0.13402394757539612, 0.5519288753149184, 0.04850762019069963, 0.26553955691898584], [0.08570611101771383, 0.2794659199228364, 0.47800615273883185, 0.156821816320618], [0.14641890512510738, 0.3654514266936575, 0.14185991530175984, 0.34626975287947503], [0.09707222891808992, 0.5390027110755085, 0.20227050872438668, 0.16165455128201464], [0.15306267290199155, 0.015513938955201275, 0.028905719266638662, 0.8025176688761687], [0.5263426135168404, 0.08928474442045685, 0.07821804427837112, 0.30615459778433163], [0.16457876553951226, 0.14186087358436542, 0.4451278345493106, 0.24843252632681165], [0.22624850212631867, 0.020705366313346504, 0.0032307614386385174, 0.7498153701216961], [0.5412483623126886, 0.28345472434880625, 0.035055387480236976, 0.14024152585826813], [0.34409259676855397, 0.31166938592494753, 0.06420480102170054, 0.28003321628479805], [0.07174201700599268, 0.14866941886711832, 0.007343785896245672, 0.7722447782306439], [0.7391035296276183, 0.16679593881191826, 0.014553866452898542, 0.0795466651075651], [0.10617286835564413, 0.3266013054108092, 0.42740188774442595, 0.13982393848912084], [0.48622261350216656, 0.40868975578685324, 0.00625901381822105, 0.09882861689275924], [0.42640933872836334, 0.17552046970695878, 0.051535385731525954, 0.34653480583315194], [0.5082645982042249, 0.15254345068553943, 0.16264452195534818, 0.17654742915488772], [0.040719180546843085, 0.03019181304310411, 0.011399709609318945, 0.9176892968007337], [0.21823691537184264, 0.09026088468561969, 0.013731133399968306, 0.6777710665425692], [0.2156453763334695, 0.08422509355318028, 0.4892722989497158, 0.21085723116363464], [0.3023983314458425, 0.10900514407942641, 0.05385873652389572, 0.5347377879508355], [0.8682450978367077, 0.041538026476922084, 0.03196784865075965, 0.05824902703561075], [0.10714472649742929, 0.1295015932826146, 0.5320351992396337, 0.23131848098032218], [0.17489293268653383, 0.26352576529819005, 0.32863708075105585, 0.23294422126422], [0.18043125811504238, 0.1885114245449378, 0.14471885890671926, 0.4863384584333007], [0.04551718761100288, 0.6436613778479955, 0.1921354569676889, 0.11868597757331258], [0.2005175183824566, 0.11868284014965655, 0.013212051732329129, 0.6675875897355577], [0.21948596296799056, 0.5687606622946972, 0.012952726230155856, 0.19880064850715654], [0.14815897656085172, 0.41659531185455384, 0.0883978502478176, 0.346847861336777], [0.5613216283756631, 0.08631534798591975, 0.06734444199127448, 0.2850185816471429], [0.24795881741086737, 0.15488528236216964, 0.14736123086323194, 0.44979466936373125], [0.1773151095475812, 0.5220218124919394, 0.206054976808913, 0.09460810115156629], [0.2397841244943109, 0.5331708432125911, 0.13489775154994982, 0.09214728074314779], [0.21814588469419688, 0.6389785340521676, 0.020334398125791527, 0.12254118312784382], [0.14020884321036323, 0.7272621090091355, 0.04596239752716613, 0.08656665025333496], [0.168059545812778, 0.5108227695989076, 0.25242608641286607, 0.06869159817544838], [0.039590636918525574, 0.374774330590895, 0.4551528985032897, 0.13048213398728978], [0.024757223699847442, 0.7976688370963779, 0.03335669554240003, 0.14421724366137478], [0.13480816761031322, 0.26591105367123397, 0.005950881872882528, 0.5933298968455702], [0.09230920501405507, 0.8316559256332352, 0.052806209531933636, 0.023228659820776206], [0.14162590786270837, 0.1675498482096106, 0.2852743460699898, 0.4055498978576912], [0.13512077925340074, 0.17322198266655287, 0.19412174872297047, 0.49753548935707576], [0.27353572867957116, 0.14142450830053954, 0.38034061404337527, 0.20469914897651398]]}, "rewritten": {"ids": ["97105960", "97106000", "97106600", "97107260", "97109080", "97116790", "98108150", "98108370", "98108580", "98109570", "98111231", "98111670", "98120530", "99107630", "99108010", "99108710", "99109141", "99112531", "99112641", "99113260", "100108260", "100108580", "100108990", "100109330", "100111080", "100111270", "100111390", "100111620", "100113370", "100116790", "101108950", "101109000", "101110740", "101111310", "101117580", "102109840", "102110850", "103110100", "103110220", "103111110", "103113640", "103118291", "104111380", "104111830", "104111880", "104113170", "104113190", "104114240", "104114410", "104119340", "105113260", "105115380", "105116090", "105116441", "105117431", "105118230", "105119550", "105119950", "105120280", "106112770", "106113190", "106113830", "106114321", "106115250", "106116120", "106116441", "106116640", "106118161", "107113130", "107113180", "107114110", "107116501", "107120880", "108113480", "108113740", "108114180", "108114200", "108114220", "108116070", "108117451", "108118520", "109113591", "109113931", "109114220", "109115220", "109116750", "109117110", "109117150", "109118161", "109118701", "109118820", "109119591", "109120540", "109120560", "109121410", "110114651", "110114720", "110116441", "110117110", "110117140", "110118301", "110118630", "110119300", "110120531", "110120540", "110121140", "111115400", "111116040", "111116090", "111116170", "111119250", "111119950", "111120280", "111120531", "111120640", "111121930", "112116401", "112116990", "112117780", "112118511", "112119500", "112119930", "112119980", "112120290", "112120630", "112120640", "112120670", "112121030", "112121410", "113117340", "113118421", "113118490", "113118690", "113119480", "113119950", "113120260", "113120540", "113120601", "113122220", "113122230", "113122430", "113122650"], "labels": [2, 0, 3, 2, 2, 2, 0, 1, 0, 1, 1, 1, 1, 2, 2, 2, 3, 3, 1, 0, 3, 0, 2, 0, 0, 2, 2, 3, 3, 2, 2, 1, 3, 3, 3, 2, 3, 1, 2, 3, 1, 0, 3, 3, 3, 3, 3, 0, 1, 1, 3, 1, 1, 1, 1, 1, 1, 3, 3, 1, 0, 1, 2, 2, 1, 0, 3, 3, 1, 3, 1, 1, 1, 0, 3, 1, 0, 3, 1, 2, 0, 3, 1, 3, 3, 0, 1, 2, 0, 3, 3, 0, 1, 1, 0, 3, 3, 3, 0, 3, 1, 1, 1, 0, 1, 3, 0, 0, 3, 0, 1, 0, 0, 0, 0, 1, 0, 0, 0, 1, 2, 1, 0, 1, 3, 0, 2, 0, 0, 2, 3, 1, 3, 3, 0, 3, 3, 2, 1, 1, 2, 2], "predicted_labels": [2, 3, 2, 2, 1, 1, 3, 2, 3, 3, 0, 0, 3, 3, 1, 1, 0, 3, 1, 0, 1, 3, 1, 1, 1, 1, 3, 3, 3, 2, 3, 1, 1, 2, 3, 3, 1, 3, 1, 1, 0, 3, 3, 1, 1, 1, 1, 3, 1, 1, 3, 2, 3, 1, 1, 1, 1, 3, 1, 2, 3, 1, 0, 1, 1, 3, 3, 0, 2, 1, 0, 3, 3, 1, 0, 1, 3, 1, 1, 3, 0, 1, 3, 0, 3, 1, 1, 1, 0, 1, 1, 0, 1, 2, 3, 3, 0, 3, 1, 1, 1, 3, 3, 3, 1, 1, 2, 0, 3, 0, 3, 0, 3, 0, 3, 1, 0, 2, 1, 1, 2, 3, 1, 3, 3, 0, 1, 3, 0, 3, 3, 3, 3, 1, 0, 3, 1, 3, 1, 1, 1, 3], "confidence_scores": [[0.11854790224233654, 0.1615050629491796, 0.5921148016331375, 0.12783223317534667], [0.14226857254730568, 0.14643504887503722, 0.47524077866850634, 0.2360555999091512], [0.14540844936041558, 0.10387918175490293, 0.5862028190257731, 0.1645095498589079], [0.0714713821960631, 0.05153405748108263, 0.8522782592195716, 0.02471630110328251], [0.059945794219007115, 0.4032202625550932, 0.33134827485141904, 0.20548566837448085], [0.04758295168100052, 0.4128617809945048, 0.5232147643063831, 0.016340503018111588], [0.10423890933829237, 0.03485954861091841, 0.3427187438098214, 0.5181827982409684], [0.054559431689752906, 0.0838188455330255, 0.7566576452925907, 0.10496407748463095], [0.36975935868160537, 0.2195843465873055, 0.14401150936523147, 0.2666447853658576], [0.1763970652124386, 0.16324830631369253, 0.01211994056737569, 0.648234687906493], [0.4542643468675149, 0.13786629482746887, 0.21437732747856994, 0.19349203082644623], [0.7282129319557232, 0.018290406452962482, 0.056420185459989496, 0.19707647613132495], [0.4473838589122527, 0.09692520969127581, 0.07333899368314319, 0.38235193771332804], [0.2975699599993478, 0.010972497585680674, 0.058758461757874816, 0.6326990806570968], [0.04321254681271297, 0.8579340041697596, 0.040958829367505376, 0.057894619650021954], [0.04587823659974927, 0.7476394791139737, 0.186734764428682, 0.019747519857594736], [0.6308844030286351, 0.13391396447835355, 0.014737846225288008, 0.22046378626772303], [0.4766642190282515, 0.07528698402949853, 0.04143398722665836, 0.40661480971559155], [0.26641785237621457, 0.2974331263628333, 0.2745496876049592, 0.16159933365599302], [0.4601672519167067, 0.18844090941985733, 0.12448938470467441, 0.2269024539587615], [0.3691925162217483, 0.3804130877044603, 0.16251100363848944, 0.08788339243530172], [0.12283529351248854, 0.10471954509954053, 0.18559706109002855, 0.5868481002979425], [0.126233272404451, 0.4976665290327136, 0.3549232577774329, 0.0211769407854026], [0.1772652106310713, 0.6791973490973383, 0.06398325299163447, 0.0795541872799557], [0.10522139006771686, 0.6027528887688836, 0.2097616704965472, 0.08226405066685233], [0.17563095401427797, 0.3098624741696648, 0.3461976207064206, 0.16830895110963662], [0.08842252456753313, 0.24643718810947896, 0.17017044169025297, 0.4949698456327349], [0.053338055775407484, 0.04356798853745516, 0.5672292769245936, 0.33586467876254433], [0.24344935149670072, 0.06821346532238164, 0.054663614828942504, 0.6336735683519753], [0.2237464789288072, 0.14791209519889809, 0.47161059077511114, 0.15673083509718336], [0.06536951593855994, 0.25899482522411876, 0.06569526215556769, 0.6099403966817535], [0.1622881057051131, 0.6738096571203467, 0.060331120481236025, 0.10357111669330404], [0.21801495055065817, 0.5499121218174248, 0.13114535122614948, 0.100927576405768], [0.17644308720292504, 0.11364927500195361, 0.68035388795499, 0.02955374984013155], [0.027902162238251867, 0.14491668260937507, 0.32070409421086166, 0.5064770609415115], [0.14043144496093554, 0.2424255199018019, 0.141044954596081, 0.47609808054118147], [0.15461163822042134, 0.5872687583469883, 0.13733958213585923, 0.12078002129673132], [0.15549396711503982, 0.2134954736114106, 0.039474982029397664, 0.5915355772441521], [0.08715904127571242, 0.6190670888112965, 0.15984907684456853, 0.13392479306842256], [0.38073714176770673, 0.5371770754407497, 0.059280679556743855, 0.022805103234799666], [0.9699243803183344, 0.01082075738627585, 0.0029227005595864604, 0.016332161735803045], [0.19755149089480886, 0.21562617692706973, 0.054273987008520465, 0.5325483451696014], [0.2537076995180043, 0.08053131662608923, 0.02223454011785942, 0.6435264437380469], [0.11677482926110204, 0.615218994275069, 0.03944064290899393, 0.2285655335548348], [0.06162660861940766, 0.3949859416181501, 0.1697716826605707, 0.37361576710187155], [0.02371446655018426, 0.17669232169380059, 0.6226277239697653, 0.17696548778624968], [0.1052579217027954, 0.7463393279788305, 0.027442666677937207, 0.12096008364043695], [0.24234996999215427, 0.2980861377952777, 0.1733620533292477, 0.28620183888332035], [0.07031679384671156, 0.601106209985672, 0.12349530909085338, 0.20508168707676327], [0.09142722313847579, 0.3505483175690109, 0.2805083115651292, 0.27751614772738387], [0.3015443991125378, 0.16911589807231717, 0.11465717204010191, 0.41468253077504275], [0.04023704464360447, 0.09710800349870127, 0.7238503304516097, 0.13880462140608443], [0.22563148020169668, 0.242304074542331, 0.008274448077843647, 0.5237899971781287], [0.0839226273756439, 0.6361731311677024, 0.08239747863863833, 0.19750676281801546], [0.06155275996404512, 0.4865259845676317, 0.26459759604503114, 0.1873236594232921], [0.03278887665164614, 0.7583902149803301, 0.07745795022687939, 0.13136295814114443], [0.013986755971607352, 0.6089717682916095, 0.08910115779111531, 0.287940317945668], [0.2778462792421324, 0.06009311001237213, 0.11113207582594935, 0.5509285349195463], [0.1949119456979938, 0.7239771896868762, 0.034179060890277085, 0.046931803724853], [0.09334173511557575, 0.10130851676967186, 0.762604022851804, 0.042745725262948064], [0.04094976698526178, 0.372352263224807, 0.14794029897382266, 0.43875767081610884], [0.3338930593318355, 0.48235518929630655, 0.020007791019500735, 0.16374396035235747], [0.9314556581940406, 0.010910148135019714, 0.00898929648832948, 0.048644897182610315], [0.039642467544486665, 0.5440005705318127, 0.14667595425122723, 0.26968100767247344], [0.2405197219316716, 0.3766343371806448, 0.3060488488243563, 0.07679709206332747], [0.1695144425385319, 0.02567215285671011, 0.020842286873055876, 0.7839711177317019], [0.07209180068673487, 0.41502063557815444, 0.056938352030761454, 0.4559492117043494], [0.42657616262422765, 0.2528631073701062, 0.18123400253707164, 0.1393267274685947], [0.04185160571288809, 0.19083228167286895, 0.7287722501461676, 0.038543862468075216], [0.06124618169709489, 0.40046726999317944, 0.4320125858655564, 0.1062739624441693], [0.7481446536573509, 0.05867053286618625, 0.06026201858430358, 0.13292279489215925], [0.3163262807076333, 0.012208867210226508, 0.003935941625822917, 0.6675289104563173], [0.14108735781922468, 0.11458217190775898, 0.057050407979333896, 0.6872800622936824], [0.021259006700635276, 0.222537129541262, 0.5462294352311075, 0.209974428526995], [0.6446043847410767, 0.052170804052860426, 0.008862864083795784, 0.29436194712226715], [0.19112337381436306, 0.552011351002441, 0.07363009547351505, 0.18323517970968062], [0.0659886605465719, 0.10140871846964133, 0.32142848148678194, 0.5111741394970047], [0.44699977282409376, 0.46149219466628705, 0.062008622070933175, 0.029499410438685987], [0.1386578504543062, 0.6649551188281978, 0.01591050108107761, 0.18047652963641836], [0.25176458229944065, 0.18442809708862004, 0.017229847855619915, 0.5465774727563194], [0.5472551337775321, 0.28720909885141493, 0.11109622385622377, 0.054439543514829436], [0.34316444248562533, 0.3000678825160625, 0.03165662606257376, 0.32511104893573844], [0.26574556107947045, 0.2282048600492161, 0.19029286399132608, 0.3157567148799871], [0.5632171375482236, 0.03314981753526441, 0.10082580598430582, 0.30280723893220596], [0.06275644706935103, 0.08787995305095388, 0.09739993493065931, 0.7519636649490358], [0.05356767923922168, 0.45947418270799334, 0.4790095384070805, 0.007948599645704395], [0.2661229379525529, 0.32768517720743195, 0.0670606600224759, 0.3391312248175392], [0.0724428228263366, 0.5963511719173056, 0.24704335969696609, 0.0841626455593916], [0.8885406846799871, 0.07938998300245226, 0.0009800000133281873, 0.03108933230423233], [0.08175266807266457, 0.7166910772403797, 0.057648907522351286, 0.1439073471646042], [0.2607867474295063, 0.47466617805660627, 0.13807563150955066, 0.12647144300433666], [0.4988860705625064, 0.21909962584048176, 0.0664530208414355, 0.21556128275557634], [0.37184055260379456, 0.41663857493063045, 0.06224081699084703, 0.149280055474728], [0.017812107761503975, 0.06007741096810222, 0.8853629925264959, 0.03674748874389789], [0.14866519567097453, 0.3824133125566847, 0.0581036051438533, 0.41081788662848734], [0.09144908862198606, 0.008828879417822693, 0.25158054050693507, 0.6481414914532561], [0.5784390779167108, 0.07181780281904203, 0.26827159858498395, 0.08147152067926293], [0.10171412168643369, 0.281036316197171, 0.02785732659396468, 0.5893922355224308], [0.2549051141357214, 0.5402243059880031, 0.1404958748063392, 0.06437470506993596], [0.26442580732849125, 0.38006418536490644, 0.07926017610319536, 0.2762498312034068], [0.29953095183365636, 0.3795972791932833, 0.1526582847889049, 0.16821348418415555], [0.4629417800944696, 0.12394926969435474, 0.033388142484226516, 0.3797208077269492], [0.15606730131832047, 0.26007475153139203, 0.008472681062078626, 0.5753852660882088], [0.42693734866764277, 0.09306861040861383, 0.008241932888359005, 0.47175210803538453], [0.22376083923986897, 0.39611742114179316, 0.07574648527898314, 0.3043752543393549], [0.15681616684155542, 0.3408646729177542, 0.3445973337451584, 0.15772182649553196], [0.17444378651502326, 0.04610113481460726, 0.6297338222454082, 0.14972125642496079], [0.6147022103364841, 0.07690152843315153, 0.004763031249727437, 0.30363322998063713], [0.16367108934138638, 0.3903706600203084, 0.012567968026328525, 0.4333902826119766], [0.526877602584622, 0.266869262682845, 0.04803479807497817, 0.15821833665755458], [0.25575053795309666, 0.0896716441780652, 0.4096736410325863, 0.24490417683625204], [0.5609971491223541, 0.14897084792113283, 0.07370350907301067, 0.21632849388350264], [0.16200738072814977, 0.2898512563599621, 0.025512050619066137, 0.5226293122928221], [0.7069538384085425, 0.06452781302287311, 0.014624431720405076, 0.21389391684817952], [0.16104059485534675, 0.10318946463808742, 0.023301829242552058, 0.7124681112640139], [0.20963246052993487, 0.3207703943721983, 0.3231509803630473, 0.1464461647348192], [0.7797581905136446, 0.030272035646602354, 0.0032972249801330794, 0.18667254885961992], [0.20358032184708444, 0.027767301653608627, 0.6398660532307484, 0.12878632326855827], [0.15760018630181635, 0.5757964583153701, 0.006455604984962019, 0.2601477503978515], [0.21577512438482838, 0.3007577662713193, 0.2354047847824764, 0.24806232456137603], [0.1885395905794653, 0.1563267179140964, 0.5829221312668572, 0.07221156023958096], [0.1675639446545259, 0.2222144570060053, 0.08964669176204336, 0.5205749065774254], [0.02794434883588712, 0.9266642676350457, 0.027634542071192113, 0.017756841457875275], [0.023514869107202054, 0.16790360569633475, 0.4327016790558113, 0.37587984614065184], [0.3626481681104922, 0.08868729021043602, 0.08667605823481538, 0.46198848344425647], [0.6370423744198909, 0.08301609620731387, 0.11153277203891841, 0.16840875733387625], [0.09161479986733996, 0.5009222823027666, 0.051484866442420764, 0.3559780513874729], [0.25390377171614587, 0.013161387954701563, 0.03086163610071317, 0.7020732042284391], [0.5628529599851749, 0.2464671172423684, 0.10432088201207793, 0.08635904076037905], [0.028035003325559034, 0.29932703671446476, 0.07677752664554634, 0.5958604333144296], [0.14937433620876722, 0.18393293950984352, 0.019858161713225086, 0.6468345625681642], [0.086163263077649, 0.13694775615116617, 0.023819654926972956, 0.7530693258442117], [0.09279563307984152, 0.10064395800284529, 0.46563362716971185, 0.34092678174760127], [0.28907605624513405, 0.5018251524016164, 0.08035061739578828, 0.12874817395746158], [0.6414944397571513, 0.06889352260200701, 0.032378674755336845, 0.2572333628855048], [0.20992272747188162, 0.11085477834193243, 0.32886416665099605, 0.3503583275351899], [0.12227345367769003, 0.5299013525924213, 0.02514652905242983, 0.3226786646774588], [0.22762465363233364, 0.3139093887173549, 0.07178387090225652, 0.3866820867480551], [0.015830015808060337, 0.7659168483852075, 0.13849011096327574, 0.07976302484345654], [0.037534508240820955, 0.535690477189682, 0.29664905281651566, 0.13012596175298127], [0.02543673907924674, 0.7201918619472624, 0.1934341062693636, 0.060937292704127614], [0.038583482216249555, 0.04956347582851858, 0.3536954099589688, 0.558157631996263]]}}