{"test": {"ids": ["102112301", "111120220", "100115700", "99108000", "99107660", "99109161", "113120640", "113122650", "108118520", "109114651", "108117610", "110115980", "101108121", "106114150", "110115140", "97113900", "106120290", "111116040", "107120010", "109117080", "99109910", "113118870", "99111930", "101121640", "103111990", "102110890", "97106600", "99108580", "109119591", "109115070", "113119300", "107112840", "112119580", "110120540", "110117140", "110117080", "112119500", "98107410", "108115250", "112116850", "112120540", "112116800", "110114920", "109113881", "107114621", "110114720", "104113550", "111119580", "107118780", "97112300", "106119580", "112118161", "110114321", "106118520", "104112470", "105112100", "108117720", "113118810", "100111390", "104113190", "108116481", "110118121", "112116640", "108121190", "105113620", "100112060", "110121720", "106116120", "101108580", "113122150", "109117431", "100107920", "111120531", "104114740", "99111340", "104111620", "112121010", "113122510", "109114030", "98107340", "98112300", "105119550", "109120621", "109115220", "99112300", "98120010", "111114941", "103113270", "112118820", "103109791", "102113210", "98108580", "109113931", "110116441", "112120640", "102113350", "107114780", "106112770", "97106820", "107114110", "107118520", "103112641", "110116170", "103113260", "112120990", "106114321", "110113931", "107116340", "99111000", "102116340", "101112160", "110121500", "104117200", "99108010", "108120060", "103120531", "111115400", "99108890", "111121930", "104119290", "103113610", "101108460", "98116940", "109119010", "109113281", "108114040", "110117500", "105115680", "104114320", "113118421", "103110050", "103120290", "112118530", "109117730", "98109090", "99109370", "107114490", "100113370", "98111670", "106114280", "97116800", "107113180"], "labels": [1, 3, 1, 2, 3, 3, 0, 2, 0, 3, 3, 1, 0, 1, 0, 2, 2, 0, 1, 1, 2, 0, 1, 2, 2, 0, 3, 0, 0, 0, 1, 1, 3, 1, 3, 1, 2, 3, 1, 0, 3, 0, 3, 0, 0, 3, 1, 3, 1, 2, 3, 0, 1, 2, 1, 1, 1, 3, 2, 3, 0, 3, 0, 1, 0, 2, 3, 1, 0, 2, 1, 0, 0, 2, 1, 0, 2, 2, 1, 0, 2, 1, 1, 3, 0, 2, 0, 2, 0, 3, 3, 0, 1, 3, 0, 3, 2, 1, 1, 1, 2, 3, 0, 3, 2, 2, 1, 3, 2, 3, 3, 3, 3, 2, 1, 3, 0, 0, 1, 1, 2, 0, 2, 3, 0, 0, 1, 2, 2, 3, 3, 2, 1, 3, 1, 1, 3, 3, 1, 3, 0, 3], "predicted_labels": [3, 0, 3, 1, 3, 0, 0, 3, 0, 1, 3, 0, 0, 1, 3, 0, 1, 3, 3, 1, 2, 1, 1, 3, 1, 3, 3, 3, 1, 1, 3, 1, 0, 1, 0, 3, 1, 0, 3, 3, 1, 3, 1, 0, 0, 1, 0, 0, 1, 3, 1, 0, 1, 1, 1, 0, 3, 1, 1, 1, 3, 1, 1, 1, 1, 3, 1, 1, 0, 1, 0, 0, 0, 1, 1, 0, 1, 1, 0, 2, 3, 1, 3, 3, 3, 3, 1, 2, 1, 0, 3, 3, 1, 1, 0, 1, 1, 1, 0, 0, 1, 0, 1, 1, 1, 0, 3, 3, 1, 3, 1, 0, 1, 1, 1, 3, 3, 1, 3, 1, 1, 3, 1, 3, 1, 1, 0, 1, 0, 3, 1, 1, 1, 1, 3, 1, 3, 3, 0, 0, 0, 1], "confidence_scores": [[0.15076725950979628, 0.21224600396940327, 0.07678674723297324, 0.5601999892878268], [0.5679144937450075, 0.1566087187509787, 0.14539648336491287, 0.1300803041391011], [0.1811198367633573, 0.12718767660247157, 0.22698555091285025, 0.4647069357213209], [0.06387008170332342, 0.6836291977241465, 0.15045444352393875, 0.10204627704859157], [0.5436942833759663, 0.03884864727333645, 0.004708068808658002, 0.412749000542039], [0.534721482472346, 0.03509451378026055, 0.4131460597287149, 0.01703794401867868], [0.8114486780363608, 0.034526571326817586, 0.006266927597165638, 0.14775782303965587], [0.06893772265021846, 0.20858027446082916, 0.5076048820036821, 0.21487712088527022], [0.8618249594352829, 0.0705658855959132, 0.010492029983518315, 0.057117124985285546], [0.2645125878716936, 0.3503858864445555, 0.16188738986910348, 0.22321413581464733], [0.0494808613941698, 0.3205172166661807, 0.24045683924987502, 0.3895450826897746], [0.3635501636193416, 0.0629376149678531, 0.43653093408061744, 0.1369812873321875], [0.6502066490836452, 0.039566787691968114, 0.012732579416959603, 0.29749398380742703], [0.22935749964142504, 0.27665069594343705, 0.2450446684126853, 0.24894713600245236], [0.4069199464820659, 0.11817653903532627, 0.053366634429614125, 0.4215368800529937], [0.3388599798451187, 0.12909002647443354, 0.43339235443306945, 0.0986576392473784], [0.33553501512031214, 0.2807451915499723, 0.14644260365082373, 0.23727718967889172], [0.18775046484234229, 0.01559240289462964, 0.0011891584180010585, 0.795467973845027], [0.03156097884727834, 0.019753593098206016, 0.23805868321188703, 0.7106267448426286], [0.02162894118928067, 0.7884503493298525, 0.12923094390515388, 0.06068976557571283], [0.06064120765036537, 0.11847831282821158, 0.8031546783965022, 0.017725801124920813], [0.12081214327767824, 0.5982672287343129, 0.010347053559810863, 0.2705735744281982], [0.23627749972822193, 0.28200789181203273, 0.4278708645520218, 0.05384374390772374], [0.03286963206933268, 0.34781146554189923, 0.024718304603009552, 0.5946005977857588], [0.1827445923660619, 0.5023664397361124, 0.0843680017271324, 0.23052096617069348], [0.4051311321828254, 0.01698256315153022, 0.013374289165485768, 0.5645120155001586], [0.43853140343464075, 0.12156343653430125, 0.02733128108315399, 0.41257387894790404], [0.24334328603643607, 0.26112468611894546, 0.1732104000856154, 0.3223216277590031], [0.08087428611499585, 0.8199087620680491, 0.08051266744409438, 0.018704284372860522], [0.37863740305360494, 0.5068839998177604, 0.02206113813186887, 0.09241745899676591], [0.33590741091182313, 0.16668451230604645, 0.031115899037245615, 0.46629217774488463], [0.006922409006513661, 0.9118396628677301, 0.06297423407061137, 0.01826369405514488], [0.9132969483074337, 0.007094403126508929, 0.008109139120947967, 0.07149950944510952], [0.02124105777531469, 0.7509432270610426, 0.10800102739272753, 0.11981468777091525], [0.45256808793909975, 0.2556740548917484, 0.04048064008876039, 0.2512772170803916], [0.08243878010438256, 0.22540639788503505, 0.32005514552517017, 0.37209967648541165], [0.03368079582844365, 0.6540238749549344, 0.2972094940556198, 0.015085835161001874], [0.6280938248587942, 0.014006257703846281, 0.016821283849704737, 0.34107863358765506], [0.19905395598367187, 0.04720300399223214, 0.15846932621417956, 0.5952737138099163], [0.09389788135090751, 0.3267040464551359, 0.02096723211932898, 0.5584308400746273], [0.10767373325087608, 0.8336002336126914, 0.05003900864652828, 0.008687024489904426], [0.08112002924651943, 0.3970913855739531, 0.01786040521169998, 0.5039281799678275], [0.2787356072162386, 0.5288079792828768, 0.12874413744972985, 0.0637122760511545], [0.7688223572315274, 0.07804212354342242, 0.1439138153763155, 0.00922170384873458], [0.7833712467406219, 0.004695813247284755, 0.0006920073499030789, 0.21124093266219007], [0.0390704117968496, 0.5678033802732216, 0.2918666753047022, 0.10125953262522623], [0.9261522049914513, 0.0038658687375035103, 0.0017751798123401923, 0.06820674645870502], [0.5368433847689111, 0.12304553512876862, 0.0159931433735445, 0.32411793672877565], [0.2544008160713844, 0.5116073333644741, 0.07006980336692688, 0.16392204719721454], [0.12466970281826077, 0.051241709369131555, 0.09563978872739333, 0.7284487990852143], [0.01428826662918053, 0.7129503210093183, 0.25938969791892724, 0.013371714442573969], [0.7184549941221158, 0.19654985077014828, 0.031408328107973935, 0.05358682699976206], [0.18309693836549612, 0.38605918484312324, 0.030207735352560907, 0.40063614143881965], [0.04026267379651633, 0.4008223878773723, 0.5001415082900871, 0.0587734300360242], [0.07398007145500536, 0.7326043634475625, 0.07581870755672225, 0.11759685754070988], [0.742803005991495, 0.00821352469014539, 0.05201251231656017, 0.19697095700179962], [0.4088573953456055, 0.009792052667528283, 0.008844765356398146, 0.572505786630468], [0.11085570801000277, 0.37903605489437847, 0.48919040380329526, 0.02091783329232348], [0.3419785611610435, 0.2956711497135104, 0.08606699329332124, 0.2762832958321253], [0.032425622243640366, 0.6327835920828511, 0.1144125188759772, 0.22037826679753142], [0.38794813434505365, 0.2902805013559022, 0.004155384978072092, 0.3176159793209719], [0.022795282547794848, 0.6074880314248036, 0.016915361998927663, 0.35280132402847353], [0.2287336392404744, 0.6109892840718838, 0.050551733478927975, 0.10972534320871354], [0.012199909414723188, 0.3323236027171293, 0.5004892685639551, 0.15498721930419182], [0.10467603514125046, 0.44498098654023177, 0.2539174690547973, 0.19642550926372057], [0.12289206381271335, 0.16303512659287067, 0.13719266404432903, 0.576880145550087], [0.44631197758414654, 0.284197450418094, 0.019661396106672384, 0.24982917589108697], [0.4235600767617809, 0.306705783138357, 0.039850726983346296, 0.22988341311651594], [0.9392974804576072, 0.0008182790977705397, 0.038343136347408414, 0.02154110409721383], [0.01029621019856876, 0.8930471569141586, 0.030581857666722674, 0.06607477522054979], [0.6342115795218196, 0.056172521623765785, 0.02124555480670513, 0.28837034404770934], [0.749504544457916, 0.017636741517353886, 0.029674454549951483, 0.2031842594747786], [0.49936054555017595, 0.23675884726833982, 0.002516734335292081, 0.26136387284619234], [0.12258133027599034, 0.2903080290160567, 0.31792256831892307, 0.26918807238903003], [0.0324251788966924, 0.4963297062598599, 0.40285910634602096, 0.06838600849742706], [0.966019125619795, 0.002957834066692295, 0.010657340482896387, 0.020365699830616087], [0.07445027059503045, 0.473822346702105, 0.17951890819281804, 0.27220847451004654], [0.07687869394256423, 0.312213426212005, 0.4828476663728749, 0.12806021347255594], [0.8526751484659191, 0.012261039275200955, 0.04854081711180124, 0.0865229951470788], [0.16627465826979873, 0.11119159902175511, 0.628128660432557, 0.09440508227588927], [0.4097801324253415, 0.02391507479561894, 0.047334577839835745, 0.5189702149392038], [0.14313317830239566, 0.4636466588101569, 0.17621906470107285, 0.21700109818637447], [0.11189200924522538, 0.31727889650681795, 0.012623393035945243, 0.5582057012120111], [0.3113658875124884, 0.11580939013414673, 0.07901905919657234, 0.4938056631567926], [0.22640165374183013, 0.016722286453004113, 0.052889937118954546, 0.7039861226862113], [0.0360576076741514, 0.2981588688594989, 0.16206008374544917, 0.5037234397209004], [0.0408228271198249, 0.9040851239396693, 0.017852784869337734, 0.03723926407116807], [0.14212607932415286, 0.10889092073275093, 0.6500544261227587, 0.09892857382033737], [0.34815470574124735, 0.529378678769276, 0.0076168032805947125, 0.114849812208882], [0.3951393348653801, 0.09606172476638021, 0.42749965059976863, 0.08129928976847114], [0.15004074393983124, 0.31245065893798407, 0.07139317121471765, 0.46611542590746713], [0.19811768284762168, 0.18824372921416127, 0.1846495018407653, 0.42898908609745195], [0.23376693090712236, 0.4515917595865085, 0.13207630876536577, 0.18256500074100318], [0.08012220503450147, 0.7050079096304854, 0.0320329072955162, 0.1828369780394968], [0.9057323387453945, 0.015420902592956432, 0.006861623430571693, 0.07198513523107755], [0.15469744365527638, 0.3185025140067363, 0.23586359026595236, 0.2909364520720351], [0.006520519679894694, 0.862226344911448, 0.11226535237130163, 0.018987783037355873], [0.01982588501906475, 0.8035349635127638, 0.07265709077849217, 0.1039820606896794], [0.47781246772864433, 0.2079042782208132, 0.10689937467730079, 0.20738387937324168], [0.9193077974526505, 0.010119198752669705, 0.013622746084270896, 0.056950257710408854], [0.3091459148419056, 0.5925614332078015, 0.03498067677917267, 0.06331197517111993], [0.4870418311412386, 0.18087467237554827, 0.046221708201650294, 0.2858617882815631], [0.39680080575949833, 0.3506818822174695, 0.12146051392028447, 0.13105679810274765], [0.10078749727134903, 0.5944196425513074, 0.013958234764243379, 0.29083462541310046], [0.05843455624970513, 0.6099570255123148, 0.31129643963049813, 0.020311978607481976], [0.7292808864043916, 0.22704685225953466, 0.021433583506595483, 0.022238677829478], [0.21020499642042, 0.27188339292986047, 0.11112979708839475, 0.4067818135613249], [0.17945945237931318, 0.24580084814694458, 0.23205776155178623, 0.3426819379219561], [0.11604560989464294, 0.4181041029319516, 0.18896292690254773, 0.2768873602708579], [0.06577587936606409, 0.13397637003930027, 0.38496507009385567, 0.4152826805007798], [0.1248481457374541, 0.5594454315435553, 0.1654520463271194, 0.1502543763918713], [0.8961965940604799, 0.042940310240351734, 0.002715208040496757, 0.05814788765867173], [0.12826558027486512, 0.6215019019106858, 0.09977421067231065, 0.1504583071421387], [0.2986309049859321, 0.24023840783291495, 0.41131363161968065, 0.04981705556147256], [0.35756338666629744, 0.45627594859140935, 0.09392421047909495, 0.0922364542631986], [0.26850370078125846, 0.14844807586336162, 0.13528078245883565, 0.4477674408965444], [0.19142285946078963, 0.19062963512467423, 0.0767019453920604, 0.5412455600224761], [0.22027397392187348, 0.39882326725773654, 0.3238388367908822, 0.0570639220295076], [0.17240463267617315, 0.09591568689379919, 0.5399316348486556, 0.19174804558137215], [0.18643190335194662, 0.3780898555447755, 0.21290177889451828, 0.22257646220875962], [0.0254828681378235, 0.4686076806883478, 0.4624814850155755, 0.04342796615825307], [0.413750350492673, 0.018226111577121847, 0.07411997509498883, 0.4939035628352164], [0.17112012924493386, 0.4044249814480421, 0.11248021332450105, 0.31197467598252326], [0.11791077629574566, 0.18391873179068693, 0.24233552066895164, 0.4558349712446159], [0.26186249076035056, 0.39834413966923277, 0.06593778296574335, 0.27385558660467324], [0.03346408394508262, 0.4707979576206549, 0.4692373913018026, 0.026500567132459723], [0.5360332888086402, 0.23499295511119594, 0.005086159220215852, 0.2238875968599478], [0.04990903612796711, 0.6049241702038409, 0.1862101537408603, 0.15895663992733206], [0.4824185088900805, 0.13653625934672128, 0.20911269603109411, 0.17193253573210415], [0.0772289064094001, 0.03714423245854542, 0.004891457901176018, 0.8807354032308783], [0.12514069360476895, 0.4413623932521545, 0.1411357627068628, 0.29236115043621375], [0.1709017523807393, 0.33611703162718565, 0.2879822551467851, 0.2049989608452901], [0.08270360413174818, 0.5986978823310878, 0.18817473870705897, 0.13042377483010534], [0.28275844355006763, 0.37251089987812797, 0.09485760950864054, 0.24987304706316413], [0.25390823411248403, 0.1144211462623364, 0.16437237025380078, 0.46729824937137887], [0.04782572229553363, 0.8566054459201261, 0.06825791756955202, 0.027310914214788148], [0.15353195394730323, 0.07708628493814064, 0.24428866916911673, 0.5250930919454394], [0.10754159341051561, 0.04350044274604233, 0.12787812191629366, 0.7210798419271487], [0.49774561681855156, 0.04358309654496875, 0.15843104231832753, 0.30024024431815227], [0.4449233963313282, 0.2603693629434614, 0.08996167242969537, 0.2047455682955153], [0.9250975287191847, 0.01624250441280461, 0.013925621927172343, 0.04473434494083816], [0.07597557709300123, 0.6050697742505138, 0.13165668502501215, 0.18729796363147289]]}, "rewritten": {"ids": ["97106600", "97106820", "97112300", "97113900", "97116800", "98107340", "98107410", "98108580", "98109090", "98111670", "98112300", "98116940", "98120010", "99107660", "99108000", "99108010", "99108580", "99108890", "99109161", "99109370", "99109910", "99111000", "99111340", "99111930", "99112300", "100107920", "100111390", "100112060", "100113370", "100115700", "101108121", "101108460", "101108580", "101112160", "101121640", "102110890", "102112301", "102113210", "102113350", "102116340", "103109791", "103110050", "103111990", "103112641", "103113260", "103113270", "103113610", "103120290", "103120531", "104111620", "104112470", "104113190", "104113550", "104114320", "104114740", "104117200", "104119290", "105112100", "105113620", "105115680", "105119550", "106112770", "106114150", "106114280", "106114321", "106116120", "106118520", "106119580", "106120290", "107112840", "107113180", "107114110", "107114490", "107114621", "107114780", "107116340", "107118520", "107118780", "107120010", "108114040", "108115250", "108116481", "108117610", "108117720", "108118520", "108120060", "108121190", "109113281", "109113881", "109113931", "109114030", "109114651", "109115070", "109115220", "109117080", "109117431", "109117730", "109119010", "109119591", "109120621", "110113931", "110114321", "110114720", "110114920", "110115140", "110115980", "110116170", "110116441", "110117080", "110117140", "110117500", "110118121", "110120540", "110121500", "110121720", "111114941", "111115400", "111116040", "111119580", "111120220", "111120531", "111121930", "112116640", "112116800", "112116850", "112118161", "112118530", "112118820", "112119500", "112119580", "112120540", "112120640", "112120990", "112121010", "113118421", "113118810", "113118870", "113119300", "113120640", "113122150", "113122510", "113122650"], "labels": [3, 1, 2, 2, 0, 0, 3, 0, 1, 1, 2, 2, 2, 3, 2, 2, 0, 0, 3, 1, 2, 2, 1, 1, 0, 0, 2, 2, 3, 1, 0, 0, 0, 3, 2, 0, 1, 3, 3, 3, 3, 3, 2, 3, 3, 2, 2, 2, 3, 0, 1, 3, 1, 2, 2, 3, 1, 1, 0, 2, 1, 1, 1, 3, 2, 1, 2, 3, 2, 1, 3, 1, 3, 0, 2, 3, 2, 1, 1, 0, 1, 0, 3, 1, 0, 1, 1, 0, 0, 1, 1, 3, 0, 3, 1, 1, 3, 3, 0, 1, 1, 1, 3, 3, 0, 1, 0, 3, 1, 3, 1, 3, 1, 3, 3, 0, 0, 0, 3, 3, 0, 1, 0, 0, 0, 0, 1, 0, 2, 3, 3, 0, 2, 2, 3, 3, 0, 1, 0, 2, 2, 2], "predicted_labels": [0, 1, 3, 1, 3, 1, 3, 3, 1, 3, 0, 1, 3, 3, 1, 1, 0, 1, 0, 1, 2, 1, 1, 1, 3, 0, 3, 3, 3, 3, 0, 3, 0, 1, 3, 3, 3, 3, 3, 1, 0, 1, 3, 1, 1, 1, 1, 1, 0, 3, 3, 0, 0, 0, 1, 0, 3, 0, 1, 1, 1, 3, 0, 1, 0, 0, 3, 1, 3, 1, 1, 0, 1, 0, 1, 3, 1, 3, 3, 2, 3, 3, 1, 0, 0, 1, 1, 0, 0, 0, 0, 0, 1, 3, 1, 3, 3, 1, 1, 0, 3, 1, 1, 1, 0, 2, 0, 3, 2, 0, 1, 1, 2, 1, 3, 1, 1, 3, 1, 0, 3, 0, 1, 1, 1, 1, 1, 0, 1, 0, 1, 3, 1, 1, 3, 1, 1, 3, 0, 1, 1, 1], "confidence_scores": [[0.5015159404824996, 0.019893027141664035, 0.3543278377609809, 0.12426319461485509], [0.1420290921214049, 0.4350695772396262, 0.10667626613203988, 0.31622506450692894], [0.05553493754746787, 0.26787490734645636, 0.1318176615086346, 0.5447724935974411], [0.06605321143133523, 0.4311806958811445, 0.46492947083937913, 0.037836621848141044], [0.4466358185598152, 0.13232790438631523, 0.014054325318041913, 0.40698195173582746], [0.2910588366209194, 0.20593045212596256, 0.4103882001641065, 0.0926225110890117], [0.5082066116769134, 0.05779100960026559, 0.09245509738401361, 0.3415472813388073], [0.3736204769508564, 0.09785178647414314, 0.1613072566600847, 0.3672204799149154], [0.11743534289644511, 0.4705811613562377, 0.06408036166661508, 0.3479031340807023], [0.13570160277833732, 0.052070855748316554, 0.09096580540184282, 0.7212617360715035], [0.8923526084986346, 0.012774502490459928, 0.009196943255110897, 0.08567594575579443], [0.4555689916506705, 0.27376406853150487, 0.10079702131575985, 0.16986991850206468], [0.09043831463391828, 0.18801292040422196, 0.1787276195640889, 0.5428211453977708], [0.29668797852724543, 0.08222576382760353, 0.0384834472950676, 0.5826028103500835], [0.12062599754792566, 0.3635675966216291, 0.1684350717261033, 0.34737133410434196], [0.3277344595281467, 0.4897343125057401, 0.08289542452873024, 0.09963580343738271], [0.39579352933312656, 0.24402997398823642, 0.22543476753850225, 0.13474172914013485], [0.06809890208449508, 0.6003475249807521, 0.1912412967488543, 0.14031227618589875], [0.6277390877403183, 0.02110101086688191, 0.3357791405927374, 0.015380760800062572], [0.06884201221562325, 0.7979946481105216, 0.09092366763341116, 0.042239672040443765], [0.03861119822315945, 0.11918687234981011, 0.8351013456178596, 0.0071005838091708386], [0.021404645431651492, 0.6851343455716846, 0.22061317824666113, 0.07284783075000235], [0.010515380744290977, 0.3728572244301262, 0.5735590116191825, 0.04306838320640065], [0.3676219728402805, 0.4590605736062976, 0.04690823546627652, 0.1264092180871456], [0.2064393434072523, 0.03396992112362689, 0.11681640054821224, 0.6427743349209086], [0.8790547503251838, 0.03510738736583391, 0.026164018156965625, 0.05967384415201679], [0.35674748922120075, 0.15801756195034072, 0.11836863556777684, 0.3668663132606817], [0.25613851476576255, 0.19970470935509144, 0.14862081439476588, 0.3955359614843799], [0.34698853945845026, 0.01903809503056841, 0.4297964096315173, 0.20417695587946408], [0.07477622527345897, 0.18518514054216684, 0.3158667664709079, 0.42417186771346654], [0.7599346227910259, 0.052743259821743084, 0.004081110973896558, 0.18324100641333463], [0.34106830210546324, 0.10038523715062037, 0.2557063141584589, 0.30284014658545744], [0.6028212917969409, 0.004321349755710019, 0.061231443459951664, 0.33162591498739735], [0.022547480242093104, 0.9065769464557716, 0.0227407639403525, 0.04813480936178292], [0.026702317239662654, 0.3003187468803323, 0.11143609028864007, 0.5615428455913648], [0.45733584704470853, 0.031969106912322166, 0.06387746883197255, 0.4468175772109967], [0.4004079993091064, 0.12066797696108567, 0.08257511969629915, 0.3963489040335087], [0.20692479447118797, 0.0999785863831397, 0.1636543824226113, 0.5294422367230609], [0.09165127276734854, 0.10279782753852493, 0.27391706526278237, 0.5316338344313439], [0.04618871777601637, 0.7527021451401813, 0.12295908605350285, 0.0781500510302997], [0.6267675522497639, 0.05110925244208767, 0.1353382909426005, 0.18678490436554795], [0.032224398082077145, 0.7682752222973136, 0.15831166603491806, 0.04118871358569139], [0.29231399640110317, 0.042049712393550674, 0.0213578759113512, 0.6442784152939949], [0.2726403727687292, 0.42429126230837055, 0.09822533446088014, 0.20484303046202007], [0.034190099085382744, 0.8490369193925242, 0.032357615189361706, 0.0844153663327313], [0.15334478021452622, 0.3675454499643077, 0.34516248074912986, 0.13394728907203632], [0.008434781895784867, 0.5604539523204567, 0.3797289300362814, 0.051382335747476936], [0.07522877809585353, 0.5034683352405978, 0.2922301299293028, 0.12907275673424617], [0.7911085118779788, 0.05080696533389481, 0.035520407924982754, 0.12256411486314339], [0.4248630785342655, 0.13909504013992677, 0.016768536587846515, 0.4192733447379612], [0.0783560923021915, 0.30475989162762335, 0.03115355084099542, 0.5857304652291899], [0.5249144271121555, 0.31782286546833616, 0.02490132551865227, 0.13236138190085614], [0.8520577238296732, 0.004181419985001031, 0.043255587608843515, 0.10050526857648225], [0.3924774443566923, 0.07113572118792955, 0.45823613037501326, 0.0781507040803647], [0.11349505141593673, 0.40728657096597337, 0.09611188099664536, 0.3831064966214447], [0.5363412194019629, 0.2442612340748205, 0.16935737298658818, 0.05004017353662858], [0.1981923085927273, 0.06408433989929539, 0.514370869860145, 0.22335248164783203], [0.5145710318019822, 0.06767939251638841, 0.12911061765231213, 0.2886389580293172], [0.11592357199836623, 0.5734614526870165, 0.2409539913854179, 0.06966098392919891], [0.009957818911732853, 0.7595913897605399, 0.12403935073350211, 0.10641144059422517], [0.12237734427817398, 0.5407199947313394, 0.0479508232291198, 0.2889518377613666], [0.039331438727986, 0.22888929404179173, 0.46979345623600866, 0.26198581099421414], [0.46166865859746875, 0.22399473666116662, 0.044934093824290575, 0.2694025109170739], [0.21681266085285034, 0.316329179566188, 0.10828997774040307, 0.35856818184055894], [0.6606989061628037, 0.07417463905917286, 0.10159327642713925, 0.1635331783508844], [0.5738074300652741, 0.14062133334471355, 0.02671900177256058, 0.25885223481745184], [0.12531478177598965, 0.12725900363316311, 0.4897474406963183, 0.2576787738945288], [0.020500701331985168, 0.7641454671344388, 0.14515728099550215, 0.07019655053807398], [0.143786347681836, 0.10456961529954871, 0.5456307781272026, 0.2060132588914124], [0.01857472761297355, 0.8419338882765047, 0.09049808481352137, 0.04899329929700012], [0.10320639095714297, 0.5409827414731561, 0.14887753496557926, 0.2069333326041221], [0.9303385354513722, 0.009175675343207146, 0.006105422993153391, 0.05438036621226736], [0.10246915651817531, 0.3625144445888133, 0.3246955041609167, 0.2103208947320945], [0.9315793795117113, 0.012438952844273404, 0.004632649344006421, 0.05134901830000857], [0.009730809313048186, 0.3842248000400879, 0.4880683666137522, 0.11797602403311147], [0.10876631005834789, 0.1145212062253494, 0.15549052603722835, 0.621221957679074], [0.09307139984485284, 0.7544353174384787, 0.019643073265953635, 0.13285020945071496], [0.3006959890903638, 0.11853668042154818, 0.27902086885754646, 0.3017464616305414], [0.38375278813454494, 0.05172552748317329, 0.017816076362724875, 0.546705608019557], [0.015099882297140618, 0.1034104641333019, 0.8303647940169675, 0.05112485955258966], [0.08217485958281998, 0.21476574012851835, 0.47060205602475985, 0.232457344263902], [0.09929123588745634, 0.13418958199848338, 0.033956182631245814, 0.7325629994828143], [0.05317039012055395, 0.4634901805461713, 0.1867073575960225, 0.29663207173725203], [0.6801862321945151, 0.004626397089105344, 0.003868373692038432, 0.3113189970243407], [0.5866618848448467, 0.24700214376684018, 0.06124662438186422, 0.10508934700644884], [0.261920370249464, 0.6192843075251474, 0.03237144631659513, 0.08642387590879337], [0.04900639486495771, 0.26357807156392726, 0.496316211025655, 0.19109932254545994], [0.6162713058680568, 0.09657351463347635, 0.15652215625106042, 0.13063302324740622], [0.6228125378762946, 0.04252546814133095, 0.31068169571672055, 0.023980298265653958], [0.5835525262839444, 0.09827963519902574, 0.15999025849365814, 0.1581775800233716], [0.6448915961432922, 0.038400521367490247, 0.28928523174939336, 0.027422650739824275], [0.5367803291877745, 0.08559001205059973, 0.14454995629634923, 0.23307970246527626], [0.11223080384716345, 0.7557823466920564, 0.06882688436688264, 0.06315996509389768], [0.17428873325625785, 0.05200517960296058, 0.06168923030107585, 0.7120168568397058], [0.043182808629655366, 0.46132542891289663, 0.37594649364693894, 0.11954526881050856], [0.33255401615939406, 0.07188906636906393, 0.007581070311824057, 0.5879758471597178], [0.20718203806695365, 0.09620788250508217, 0.0808057961712741, 0.6158042832566898], [0.08272394541686084, 0.41697378381069894, 0.10292214715579569, 0.39738012361664454], [0.4357115822919595, 0.39240019876656596, 0.04563415407317851, 0.12625406486829602], [0.45441287207072295, 0.20433442245754577, 0.057861543693663794, 0.28339116177806756], [0.44426360729759984, 0.07596940760471477, 0.19087470551052285, 0.28889227958716235], [0.3315428477188616, 0.33029408649284936, 0.2017719964303261, 0.13639106935796314], [0.17216854227420764, 0.5224764429239295, 0.08139860974282559, 0.22395640505903733], [0.01729796950309621, 0.9349230798752779, 0.023064797633889942, 0.024714152987735893], [0.879766029556025, 0.017817133408714044, 0.07002286839119863, 0.03239396864406239], [0.23089488194536795, 0.012560907015648824, 0.7017112350094586, 0.054832976029524666], [0.5789074540234895, 0.28053338363920854, 0.05575780462738385, 0.08480135770991787], [0.393689278302292, 0.07017437733649458, 0.028924960097118608, 0.5072113842640946], [0.09865064959911372, 0.07375372702795797, 0.6748391225064695, 0.152756500866459], [0.6299086092722671, 0.030784846815231186, 0.029794120709897204, 0.30951242320260447], [0.18194637967715246, 0.5622298413331881, 0.08459124731874042, 0.1712325316709191], [0.06031038661274787, 0.4699924228574083, 0.01635439048676485, 0.45334280004307903], [0.09925317998012462, 0.16250010579286278, 0.6870713361970532, 0.05117537802995938], [0.5552986107362968, 0.3448247238554437, 0.003612245081535411, 0.09626442032672389], [0.34533364473746664, 0.2831551616948937, 0.07114953243771178, 0.300361661129928], [0.05053308220839256, 0.801709621272875, 0.09101986993401721, 0.05673742658471493], [0.23844418221594058, 0.36429896495282993, 0.09292022133361483, 0.3043366314976147], [0.3852674831186693, 0.010400190803327882, 0.0006224890290140757, 0.603709837048989], [0.31656008448626877, 0.25895193903929614, 0.1940955895580145, 0.23039238691642056], [0.8643158597001991, 0.06657249033966577, 0.05928896870052071, 0.009822681259614599], [0.3233161668674278, 0.2173067684350103, 0.010524240579548219, 0.44885282411801364], [0.5729816274592175, 0.06072534812075465, 0.28348813319090954, 0.08280489122911848], [0.2562861038306414, 0.4999828598732743, 0.11902376082212442, 0.12470727547395989], [0.07662783956911835, 0.5655591765377114, 0.12479982970690014, 0.2330131541862703], [0.16741627262788197, 0.40727794327331274, 0.05350124962236362, 0.37180453447644146], [0.0461670874829022, 0.8110122107191424, 0.05043048044059568, 0.09239022135735966], [0.032548124801788564, 0.7163021371625795, 0.122264852711809, 0.12888488532382297], [0.46395433495360405, 0.24526217208464154, 0.050002020984849405, 0.24078147197690503], [0.09428442340399586, 0.7865016034594664, 0.0799339246967336, 0.03928004843980425], [0.6564829496966641, 0.008159828940625741, 0.01954528913471333, 0.3158119322279971], [0.27522000456138845, 0.5022447136076643, 0.01097113535462312, 0.21156414647632404], [0.4300197971960971, 0.03649548939861994, 0.04647437657175244, 0.48701033683353046], [0.008626134560559197, 0.7832462583040132, 0.16477136152045896, 0.043356245614968605], [0.04709306100395234, 0.4418237717647195, 0.22578276624821625, 0.2853004009831122], [0.3436288471687081, 0.020653815116877007, 0.004785399834893496, 0.6309319378795215], [0.21115399046975505, 0.6147741514554622, 0.11636636108524531, 0.05770549698953754], [0.09431095389411953, 0.7224646242982296, 0.033023256304370675, 0.1502011655032802], [0.23759706378922865, 0.1114830785089176, 0.0307493660131092, 0.6201704916887446], [0.5581621048943327, 0.0885845388422269, 0.01856045350858389, 0.3346929027548566], [0.05451001602979203, 0.7859740580698289, 0.09228129436078014, 0.067234631539599], [0.021339564612042308, 0.2917140552934103, 0.6044523360538234, 0.08249404404072358], [0.04013660528135397, 0.32634015125555865, 0.5165934392107508, 0.11692980425233644]]}}