{"test": {"ids": ["113120531", "108120280", "112119320", "100111080", "111116411", "113118111", "101121640", "106114150", "99121440", "107114490", "99114890", "105113210", "106113260", "105113620", "101111620", "111118810", "98111670", "103113210", "106118820", "100109801", "103110050", "112119610", "106115250", "110116501", "99112531", "109121410", "100108520", "107118780", "112120270", "103111990", "105111990", "113121220", "112119450", "111117120", "112116610", "98107210", "102112250", "112118860", "112116451", "112118880", "110121140", "110115710", "111119930", "107114280", "110118810", "101108370", "111114321", "113119360", "99108460", "108117451", "111120280", "101109000", "102121700", "110114720", "109116930", "99108010", "106117790", "112117461", "101112540", "113121980", "102113350", "101111310", "98111231", "113118511", "111120540", "110115580", "106114011", "104111531", "104114230", "100108990", "105113440", "112118581", "102110850", "102116500", "101108500", "107114140", "109114720", "108121410", "111116100", "108114180", "105120621", "110116290", "109119010", "98110680", "112119580", "110114950", "113118231", "103113260", "101114020", "107118120", "101109370", "108116481", "113121680", "100110260", "113122180", "99116500", "105112130", "109121351", "110118111", "97112830", "107113130", "110118880", "107117630", "113120591", "108116120", "106111321", "99109161", "97116790", "104111780", "113120830", "110114321", "112117210", "101108460", "102108621", "99107300", "104112470", "103117200", "108115870", "101119030", "105110251", "113122150", "105116501", "103110220", "113119120", "110114920", "104118070", "111116290", "108115570", "99107560", "100116500", "106120640", "105113170", "109114030", "97105580", "97105451", "113119320", "105115680", "104117200", "104111990", "109116441", "106118520", "108113480"], "labels": [0, 3, 1, 0, 0, 1, 2, 1, 2, 3, 2, 3, 3, 0, 3, 0, 1, 3, 3, 0, 3, 0, 2, 3, 3, 0, 2, 1, 0, 2, 2, 3, 3, 2, 1, 1, 0, 3, 0, 1, 3, 2, 1, 3, 1, 1, 1, 0, 0, 2, 0, 1, 1, 3, 0, 2, 1, 0, 2, 2, 3, 3, 1, 1, 1, 1, 1, 0, 2, 2, 0, 1, 3, 1, 3, 2, 0, 0, 3, 1, 1, 2, 3, 2, 3, 0, 3, 3, 3, 3, 1, 0, 1, 3, 2, 2, 1, 0, 1, 2, 1, 0, 0, 0, 1, 0, 3, 2, 3, 3, 1, 1, 0, 3, 3, 1, 0, 3, 3, 0, 2, 1, 2, 3, 3, 2, 2, 3, 1, 2, 3, 0, 1, 1, 0, 1, 2, 3, 2, 3, 2, 0], "predicted_labels": [0, 3, 1, 1, 3, 3, 1, 0, 2, 2, 1, 0, 1, 1, 0, 0, 0, 3, 1, 3, 1, 2, 1, 1, 2, 3, 2, 1, 0, 3, 1, 0, 0, 3, 0, 3, 3, 3, 0, 0, 0, 2, 1, 1, 0, 1, 1, 3, 3, 0, 3, 3, 0, 2, 0, 1, 0, 3, 1, 1, 2, 2, 0, 1, 1, 1, 3, 3, 1, 1, 1, 1, 1, 1, 2, 1, 1, 1, 1, 1, 0, 0, 1, 1, 0, 0, 2, 1, 3, 3, 0, 3, 3, 0, 3, 1, 1, 0, 3, 3, 3, 1, 0, 3, 0, 1, 1, 2, 1, 1, 0, 3, 3, 1, 3, 3, 1, 0, 3, 0, 1, 3, 1, 3, 1, 3, 3, 1, 1, 2, 1, 3, 0, 1, 1, 1, 1, 1, 1, 0, 1, 1], "confidence_scores": [[0.8038318323868631, 0.018071128394164377, 0.04536447212242854, 0.132732567096544], [0.07374066768472426, 0.000125579298952528, 0.005983033532938791, 0.9201507194833844], [0.0002940851486581855, 0.6878651613505096, 0.02716388004814336, 0.284676873452689], [0.23046546287295178, 0.5791385098665872, 0.14826582220230466, 0.04213020505815633], [0.16150609489654588, 0.004756261631760852, 0.001302567523355484, 0.8324350759483378], [0.022357623000360784, 0.0015336252751452094, 0.006089605697377103, 0.9700191460271168], [0.0017316837722550673, 0.9860311356877272, 0.00027305408811062714, 0.011964126451907229], [0.45399754835259726, 0.031246029335155297, 0.3513897746510052, 0.1633666476612423], [0.007793850915425123, 0.031496118767588, 0.9593305109649942, 0.0013795193519926354], [0.01358890795746917, 0.10718318236019214, 0.6086550172248681, 0.2705728924574705], [0.0006287743722280265, 0.4554602771481907, 0.2647969077574516, 0.2791140407221297], [0.5733909841709515, 0.2323357825416641, 0.0036073140977220873, 0.1906659191896625], [0.019736768002778814, 0.9527173327257318, 0.011769147015482163, 0.015776752256007363], [0.006664403640779713, 0.4263208647476841, 0.41403589172495436, 0.1529788398865819], [0.8975133901992024, 0.017133375832615774, 0.08227692087280657, 0.003076313095375209], [0.9721186184269393, 0.0017846953433080957, 0.015451792115381209, 0.010644894114371582], [0.5533517165732387, 0.02602321523915789, 0.04019035394548665, 0.3804347142421168], [0.0011831232104424193, 0.07078351927680356, 0.20181532896669666, 0.7262180285460574], [3.2840679792718506e-05, 0.998012976933684, 0.00012574136464511617, 0.0018284410218783666], [0.2065768560600921, 0.0971114292966347, 0.05834367995410049, 0.6379680346891728], [0.05318141122516303, 0.5815974539028866, 0.007600702365393045, 0.35762043250655734], [0.00015442603338922082, 0.06732760770666535, 0.7389994738662518, 0.19351849239369373], [0.11525215156200896, 0.8588911123246988, 0.02297874335166862, 0.002877992761623674], [0.003039653835489332, 0.9927636185207966, 0.00010632086376270368, 0.004090406779951571], [0.33634640130201143, 0.01586874493862583, 0.504620702975453, 0.14316415078390968], [0.0006618201303505933, 0.10675418630546696, 0.0015139132216475575, 0.891070080342535], [0.006913371939090036, 0.004739245108503468, 0.8048077739223826, 0.18353960903002395], [0.014460251088925713, 0.9709440433432591, 0.008590404036752746, 0.006005301531062427], [0.8362909704118054, 0.007150906158544437, 0.005997152475861487, 0.15056097095378865], [0.020646813165165593, 0.2236470885492248, 0.031865494385396875, 0.7238406039002128], [0.01262623228240336, 0.7513986136866048, 0.007936646767975631, 0.22803850726301608], [0.6768196021263408, 0.00541619926870523, 0.22356492007112772, 0.09419927853382626], [0.780349883116371, 0.1464407198433365, 0.004579276258796623, 0.06863012078149584], [0.08941488592812322, 0.24647031269670203, 0.02063114761617217, 0.6434836537590026], [0.7723977470450676, 0.09240800078172604, 0.0769358314747489, 0.05825842069845756], [0.0033658770179705493, 0.4357135509494888, 0.04363782828344112, 0.5172827437490994], [0.3035425278466059, 0.0003315669912227731, 0.010811690567261827, 0.6853142145949096], [0.1223208717185437, 0.10559985483149681, 0.2117357246554855, 0.560343548794474], [0.9568344941430689, 0.030865815530465635, 0.0011745436882309183, 0.011125146638234567], [0.9046850989406372, 0.018260384393052387, 0.016720077437382058, 0.0603344392289284], [0.8655332160015975, 0.10417258424969741, 0.0024075396034185944, 0.027886660145286728], [0.07598406134014683, 0.4186726185230545, 0.49201269772459943, 0.013330622412199313], [0.03608223426395943, 0.6865684566941402, 0.01655893697288768, 0.26079037206901257], [0.30942344724112003, 0.5199925588039354, 0.15950108628363435, 0.011082907671310161], [0.8997619497017756, 0.05784244637859, 0.01081683460739241, 0.031578769312242], [0.04820713454017654, 0.5062339946041318, 0.0006893655419433798, 0.44486950531374825], [0.3184573722419311, 0.5061921989172908, 0.02498559842207208, 0.15036483041870596], [0.025608630178741376, 0.006877442479314495, 0.039607694635567535, 0.9279062327063766], [0.003316747432642551, 0.040863817654454765, 0.009695858872265747, 0.9461235760406369], [0.8878049541355385, 0.003872597924562385, 0.03177799798155857, 0.07654444995834053], [0.2517789983998724, 0.11311486166627631, 0.002232555964684201, 0.6328735839691672], [0.021018281114591086, 0.1590375152737563, 0.0016500328280712319, 0.8182941707835812], [0.483290837553998, 0.3041439027847962, 0.13716426641967355, 0.07540099324153221], [0.009270475791682562, 0.19572323143300335, 0.7116698840501529, 0.08333640872516121], [0.5649054806859475, 0.31611201129214045, 0.0014894544743463184, 0.11749305354756572], [0.33979434425612115, 0.48296899715334535, 0.1237442674249977, 0.05349239116553593], [0.9732373130390781, 0.0019643510591353737, 0.007865712548578594, 0.016932623353207773], [0.0017413091524138473, 0.004005093824489357, 0.00029573817780243806, 0.9939578588452943], [0.004550809202075172, 0.9172059798205114, 0.030055301437632936, 0.04818790953978027], [0.1709925392017343, 0.5683616982695764, 0.04295389926069441, 0.21769186326799486], [0.07936436900512214, 0.2600329248957147, 0.574040545938703, 0.08656216016046014], [0.24015356851493996, 0.027167532292560304, 0.7073996767967167, 0.02527922239578316], [0.6304864832466182, 0.01830563422432276, 0.3415617625472244, 0.009646119981834653], [0.12914634667762376, 0.8180064855926494, 0.005711526749003485, 0.04713564098072316], [0.36748954373650694, 0.6002740416904286, 0.03027441379823009, 0.0019620007748344503], [0.12070610015067644, 0.618462122022124, 0.06344298713920739, 0.19738879068799195], [0.261844075667969, 0.15698060055265703, 0.21102826322246926, 0.3701470605569048], [0.02394507437151821, 0.13082989966413258, 0.04949770241641087, 0.7957273235479383], [0.03132446326644232, 0.5851726187191836, 0.35946947626949544, 0.024033441744878724], [0.17520343618229586, 0.6487854730253779, 0.16828852520413506, 0.007722565588191161], [0.0003938263846917906, 0.928086891473524, 0.06998962530721285, 0.001529656834571499], [0.0072450959297508475, 0.584712326101956, 0.4057575432958105, 0.002285034672482635], [0.0009531201940395215, 0.8446530391819679, 0.01617470600500276, 0.13821913461898994], [0.2269619166085641, 0.6170146281280142, 0.055037068542969206, 0.10098638672045245], [0.021873560279260504, 0.020239737080166107, 0.9449577091387893, 0.012928993501784097], [0.0018335823760000957, 0.8197168312785112, 0.06619272402126213, 0.11225686232422656], [0.00553052775918102, 0.5155302700198172, 0.248087264354941, 0.23085193786606079], [0.3943024463422687, 0.5611841500647093, 0.0014220750110497508, 0.04309132858197222], [0.008141244254506836, 0.905897198233182, 0.001255056797434923, 0.08470650071487619], [0.019920312672835856, 0.9655010692558031, 0.000483538137650688, 0.014095079933710484], [0.9798310036497083, 0.011259922765684561, 4.952961631215128e-05, 0.008859543968294808], [0.7834941401012093, 0.12005258912157744, 0.06523159555883379, 0.031221675218379475], [0.02806849827494268, 0.5749308340515351, 0.2362678006400967, 0.16073286703342565], [0.18000912915919595, 0.501756667351326, 0.318106879020426, 0.0001273244690521077], [0.9891182762446514, 0.0008922932509618087, 0.0026527085149196106, 0.007336721989467195], [0.40517378702732965, 0.30843840610953843, 0.04697269714120507, 0.23941510972192673], [0.020843272463163885, 0.2980001113158802, 0.5641838834456974, 0.11697273277525856], [0.05020754411816643, 0.3667769751452217, 0.2735860674095183, 0.3094294133270936], [0.29549465865904995, 0.04585951142342485, 0.06953397853164238, 0.5891118513858827], [0.42852536408863706, 0.09319862558275147, 0.0022818493084850173, 0.4759941610201266], [0.5660343464736962, 0.2285988827373836, 0.20188674929505493, 0.0034800214938652593], [0.44313139696790416, 0.0026235904678235805, 0.00013123043850922945, 0.554113782125763], [0.18233243332513263, 0.22836985927050052, 0.05171046974647794, 0.5375872376578889], [0.7992370295807868, 0.014477966016625723, 0.0023093520820956556, 0.1839756523204917], [3.199345664102445e-05, 0.03842024354086553, 0.06742616377950934, 0.894121599222984], [0.002029610871129374, 0.953897565878354, 0.01963018576485984, 0.024442637485656723], [0.00017846507601743068, 0.5143052191719933, 0.40343215925152137, 0.08208415650046785], [0.8329009234779651, 0.04079532208429474, 0.07712205569228615, 0.04918169874545405], [0.07333575710953426, 0.014132361111142522, 0.0571516512193618, 0.8553802305599614], [0.015099558636475705, 0.03526898773617981, 0.07322211020666126, 0.8764093434206833], [0.15046289783748096, 0.16215337137708755, 0.12038029259876784, 0.5670034381866637], [0.102181528581562, 0.8254375679212358, 0.000298178562497192, 0.07208272493470509], [0.460648137866416, 0.12905208442354515, 0.38990821633296324, 0.02039156137707583], [0.01744537688143171, 0.006244304665108152, 0.27771023245681203, 0.6986000859966481], [0.8246147474386345, 0.0036401352808501644, 0.037458249422817495, 0.1342868678576978], [0.21973776214563495, 0.4508961761916011, 0.01058312989720995, 0.3187829317655538], [0.06728454817947889, 0.8756380591875087, 0.02902821078522006, 0.0280491818477925], [0.17524628318387903, 0.04150401932131375, 0.776611714449816, 0.006637983044991273], [0.013839089539864863, 0.9819694040153236, 0.0001577869792842348, 0.004033719465527201], [0.04270815742245715, 0.5278833449976003, 0.036182520463742575, 0.3932259771162], [0.8643390602349292, 0.03215148406589727, 0.08146713664412072, 0.022042319055052863], [0.000615422623066378, 0.14130708470427952, 0.17501125769410888, 0.6830662349785452], [0.23752295962252495, 0.0011391816495541047, 0.02064948450841662, 0.7406883742195044], [0.11299969994277828, 0.6391662092189861, 0.0004166414263744871, 0.24741744941186114], [0.28576512578847807, 0.08285877439109181, 0.007370853964914639, 0.6240052458555155], [0.030750601512845425, 0.1054935379700758, 0.10655456379493915, 0.7572012967221396], [0.054809679022256266, 0.9323423491357454, 0.008649430295854615, 0.004198541546143761], [0.641509219114133, 0.08356942952278168, 0.0013482560549499239, 0.27357309530813556], [0.0026998477601672954, 0.09078122142973816, 0.004112864192446347, 0.9024060666176481], [0.8550155424020676, 0.08314676353416701, 0.011908532917737418, 0.049929161146027856], [0.0064545734529988415, 0.8623304271374922, 0.008534648751089759, 0.12268035065841913], [0.29780908419030916, 0.16044285812152426, 0.039884666899084834, 0.5018633907890817], [0.010018983441563132, 0.9571494164465633, 0.02752651167496451, 0.005305088436909136], [0.15213677608527412, 0.31936803356683413, 0.0020703433757157186, 0.5264248469721761], [0.10075460269827106, 0.8696898494161401, 0.01744097102922388, 0.012114576856364943], [0.07637352010664912, 0.04327373524374295, 0.3445602028194006, 0.5357925418302074], [0.003158171659773476, 0.14582393475942518, 0.23953198386374522, 0.6114859097170561], [0.003869555113352073, 0.46014329417849803, 0.14535890060313353, 0.3906282501050165], [0.002115909682016609, 0.997199190005479, 0.0006322956374621506, 5.260467504227842e-05], [0.12073633340595125, 0.06646344936623655, 0.77056211834686, 0.042238098880952216], [0.0018360580429007329, 0.995504748644704, 0.0016452443614520043, 0.0010139489509434923], [0.001867564444297955, 0.011162346143646598, 0.004355203144421542, 0.9826148862676338], [0.8107594808391367, 0.10919646837488128, 0.03665677833525327, 0.043387272450728716], [0.00022091283079732184, 0.9875151042072352, 0.012033954593982012, 0.00023002836798541453], [0.016282994863578162, 0.939666956642001, 0.004264446989223947, 0.039785601505197006], [0.1300204294399121, 0.8366554158161752, 0.025521742342767544, 0.007802412401145069], [0.0025454226038401475, 0.7139978973116489, 0.14875795264829728, 0.1346987274362137], [0.03233770933407169, 0.9357730450573356, 0.01944505954202979, 0.012444186066562843], [0.2809177431616379, 0.6429580671036234, 0.06952084732069447, 0.006603342414044421], [0.6820197330149244, 0.00064178700310821, 6.939203913166062e-06, 0.3173315407780542], [0.005772553494350308, 0.5062180515516865, 0.48663644909760023, 0.0013729458563629183], [0.04068971509580427, 0.7713902387592754, 0.0031859438012724534, 0.18473410234364784]]}, "rewritten": {"ids": ["97105451", "97105580", "97112830", "97116790", "98107210", "98110680", "98111231", "98111670", "99107300", "99107560", "99108010", "99108460", "99109161", "99112531", "99114890", "99116500", "99121440", "100108520", "100108990", "100109801", "100110260", "100111080", "100116500", "101108370", "101108460", "101108500", "101109000", "101109370", "101111310", "101111620", "101112540", "101114020", "101119030", "101121640", "102108621", "102110850", "102112250", "102113350", "102116500", "102121700", "103110050", "103110220", "103111990", "103113210", "103113260", "103117200", "104111531", "104111780", "104111990", "104112470", "104114230", "104117200", "104118070", "105110251", "105111990", "105112130", "105113170", "105113210", "105113440", "105113620", "105115680", "105116501", "105120621", "106111321", "106113260", "106114011", "106114150", "106115250", "106117790", "106118520", "106118820", "106120640", "107113130", "107114140", "107114280", "107114490", "107117630", "107118120", "107118780", "108113480", "108114180", "108115570", "108115870", "108116120", "108116481", "108117451", "108120280", "108121410", "109114030", "109114720", "109116441", "109116930", "109119010", "109121351", "109121410", "110114321", "110114720", "110114920", "110114950", "110115580", "110115710", "110116290", "110116501", "110118111", "110118810", "110118880", "110121140", "111114321", "111116100", "111116290", "111116411", "111117120", "111118810", "111119930", "111120280", "111120540", "112116451", "112116610", "112117210", "112117461", "112118581", "112118860", "112118880", "112119320", "112119450", "112119580", "112119610", "112120270", "113118111", "113118231", "113118511", "113119120", "113119320", "113119360", "113120531", "113120591", "113120830", "113121220", "113121680", "113121980", "113122150", "113122180"], "labels": [0, 1, 2, 2, 1, 2, 1, 1, 3, 1, 2, 0, 3, 3, 2, 2, 2, 2, 2, 0, 3, 0, 2, 1, 0, 3, 1, 1, 3, 3, 2, 3, 3, 2, 3, 3, 0, 3, 1, 1, 3, 2, 2, 3, 3, 0, 0, 3, 2, 1, 2, 3, 2, 0, 2, 1, 0, 3, 0, 0, 2, 1, 1, 0, 3, 1, 1, 2, 1, 2, 3, 3, 1, 2, 3, 3, 0, 3, 1, 0, 1, 3, 3, 1, 0, 2, 3, 0, 1, 0, 3, 0, 3, 0, 0, 1, 3, 3, 0, 1, 2, 2, 3, 1, 1, 0, 3, 1, 3, 2, 0, 2, 0, 1, 0, 1, 0, 1, 1, 0, 1, 3, 1, 1, 3, 3, 0, 0, 1, 3, 1, 3, 1, 0, 0, 0, 3, 3, 1, 2, 2, 2], "predicted_labels": [3, 1, 3, 2, 1, 1, 2, 0, 3, 1, 1, 3, 1, 3, 1, 1, 0, 3, 1, 0, 0, 2, 2, 0, 1, 0, 1, 1, 2, 0, 0, 3, 1, 1, 3, 1, 0, 3, 0, 0, 1, 1, 3, 1, 1, 1, 3, 1, 1, 1, 1, 1, 2, 0, 2, 2, 3, 1, 1, 1, 2, 3, 0, 0, 3, 1, 0, 3, 2, 2, 1, 1, 1, 1, 1, 3, 0, 0, 1, 1, 1, 1, 3, 3, 3, 1, 0, 0, 0, 2, 0, 0, 1, 0, 3, 0, 2, 1, 1, 3, 0, 3, 3, 3, 3, 1, 0, 1, 1, 1, 3, 3, 0, 3, 0, 0, 1, 0, 3, 3, 2, 2, 3, 3, 0, 1, 1, 1, 0, 0, 3, 3, 3, 3, 1, 3, 2, 0, 0, 3, 3, 3], "confidence_scores": [[0.10965574918812154, 0.014818934329360618, 0.005461562243890496, 0.8700637542386273], [0.015520801229526555, 0.9723539168490355, 0.008899612159259178, 0.0032256697621787884], [0.06451294437133505, 0.019889011943335144, 0.03800402239134262, 0.8775940212939872], [0.03829078173677988, 0.4176405954785042, 0.5386690687039634, 0.0053995540807526875], [0.00047689075211447595, 0.8916728971883839, 0.00039255335045317355, 0.10745765870904851], [0.27876186963021193, 0.5975440827213755, 0.12328377341783575, 0.0004102742305768743], [0.07518294278805936, 0.001716082195776016, 0.7537394945930515, 0.16936148042311305], [0.6634376884547803, 0.00015117465147628737, 0.24822512597678562, 0.08818601091695769], [0.40750764308492565, 0.006652741142927626, 0.031164639135609275, 0.5546749766365373], [0.12485476607187487, 0.8679304967302832, 0.005874675188039332, 0.0013400620098024786], [0.016204378705190526, 0.9812687710721112, 0.0019144490142475976, 0.0006124012084505934], [0.01659536683157554, 0.15002901777035782, 0.005050552664491247, 0.8283250627335754], [0.13392070305699078, 0.8163115388051574, 0.01003165001106054, 0.03973610812679137], [0.24417505468314663, 0.0069453367692089395, 0.0001901473909440301, 0.7486894611567003], [0.01743438566432812, 0.7772074711314306, 0.16127443062946584, 0.044083712574775384], [0.001757100585150203, 0.9419358721088378, 0.045865482943198276, 0.010441544362813823], [0.6426919868989776, 0.22072308686983683, 0.12060286776783517, 0.01598205846335038], [0.03959582656420674, 0.021029395722300784, 0.3833515272794851, 0.5560232504340074], [0.024565407707748857, 0.9727415232422906, 0.002692586197120219, 4.828528404026105e-07], [0.9744076032818818, 0.016529042687016958, 0.003350355981616624, 0.005712998049484676], [0.9755096783506427, 0.015618328252486022, 0.0006689461103487091, 0.00820304728652256], [0.2672957785844926, 0.0531334434807315, 0.584743694900478, 0.09482708303429807], [0.0009176927321727317, 0.3645924561028747, 0.44771281500031124, 0.18677703616464142], [0.925833589236063, 0.002962356714145968, 0.00011741313875176735, 0.07108664091103911], [0.1852458142588913, 0.4813689937757946, 0.02544126065977324, 0.3079439313055408], [0.9435490055656864, 0.001158394746883176, 0.0542669688474832, 0.0010256308399471297], [0.004682237809610167, 0.9549404625888108, 0.0006255146750019684, 0.03975178492657701], [0.1922993297883869, 0.4925507878027848, 0.19867369499591858, 0.11647618741290976], [0.04483242868449486, 0.0007732649881526641, 0.9420660050047791, 0.01232830132257336], [0.6626520780948107, 0.00035423146176542607, 0.3308554687810239, 0.00613822166239995], [0.5548245252292519, 0.007013550013740346, 0.3911932726406104, 0.04696865211639748], [0.06430678483531244, 0.018747481747770522, 0.025439362069113482, 0.8915063713478036], [0.0026891071682961917, 0.9792546578331074, 4.2656674440210046e-05, 0.018013578324156374], [0.00015309614895507326, 0.9116680902372589, 0.0002485836912458752, 0.08793022992253996], [0.2223901600883458, 0.044348448059512956, 0.0031206329526820378, 0.7301407588994592], [0.00039119242022106406, 0.9848665934868714, 0.010848321114384295, 0.0038938929785231383], [0.4605196135449544, 0.059115678635687896, 0.027611012877751712, 0.45275369494160594], [0.029087568573419976, 0.0651735543603579, 0.044043197405634886, 0.8616956796605871], [0.5910935450506065, 0.3194037427706682, 0.01961851232361597, 0.06988419985510924], [0.8778620721563166, 0.0027584373052360243, 0.11284462837155575, 0.006534862166891615], [0.15355952099185338, 0.5778759066657432, 0.03635529464632563, 0.23220927769607785], [0.003040015887382284, 0.4960549759444761, 0.009262901570802607, 0.491642106597339], [0.01901209849655019, 0.007541555559986775, 0.03346838962442269, 0.9399779563190404], [0.0024356118115113783, 0.8550029943428817, 0.04975193060026136, 0.09280946324534547], [0.13590905595866354, 0.4846519439124141, 0.37775918148871623, 0.0016798186402062082], [0.0002199654772945075, 0.9946588377515235, 0.0032604293304808385, 0.0018607674407009737], [0.007433794280942209, 0.41603104080418135, 0.0037595627830673294, 0.572775602131809], [0.05440290526360124, 0.8959699231698927, 0.02273856842292935, 0.026888603143576974], [0.03303141423745552, 0.8797403519485354, 0.017286888624449083, 0.06994134518955986], [0.041555685124196474, 0.7826822313583823, 0.10834450399036293, 0.06741757952705825], [0.1312599351601936, 0.45597583424677574, 0.29818425013632105, 0.11457998045670961], [0.01722626979563917, 0.6776999886598483, 0.12697089228677852, 0.17810284925773398], [0.05807622295096075, 0.006568140795923661, 0.5354794677188583, 0.3998761685342572], [0.9955581199844001, 0.0005137260625214068, 0.0006287221396634147, 0.0032994318134150235], [0.0077803956285743036, 0.3476207883456587, 0.6207032021789104, 0.023895613846856668], [0.08723469321013863, 0.3008363061420013, 0.6070684612652635, 0.004860539382596548], [0.0942105802656534, 0.0017359191018580455, 0.01534770239409883, 0.8887057982383898], [0.07982880877591537, 0.8746614446720622, 0.03728737949782694, 0.008222367054195608], [0.008776761780506011, 0.7847049424465061, 0.1704647605065499, 0.03605353526643795], [0.0003412318141724277, 0.9976746985701201, 0.0018566611081287986, 0.00012740850757879822], [0.0004843764542887737, 0.19616552126546608, 0.7833848651123541, 0.019965237167891083], [0.09360897372726588, 0.005189959474184321, 5.8701898433886063e-05, 0.9011423649001159], [0.9916891036243587, 0.002358185596692948, 3.4395264557861565e-05, 0.005918315514390603], [0.6899328560658052, 0.09125255525330477, 0.05267558657290891, 0.16613900210798097], [0.003052316746065189, 0.41149612362000054, 0.039312079028765365, 0.5461394806051689], [0.3882096896643476, 0.40145805097105935, 0.0006505222672224595, 0.20968173709737042], [0.860969448535121, 0.019514848279588444, 0.06273875254864715, 0.0567769506366435], [0.00024757763542631456, 0.4063416760236505, 0.043348874494861064, 0.550061871846062], [0.09051711612659356, 0.263518869620572, 0.421422464161552, 0.22454155009128232], [0.4802761653443304, 0.007759003369455978, 0.5045161515685717, 0.007448679717642015], [0.0017876692258819629, 0.9618160833116798, 0.013298307171292703, 0.023097940291145452], [0.00023034810885303028, 0.9969504523931507, 0.002802707513277552, 1.6491984718745427e-05], [0.09596609777085406, 0.4479263096472175, 0.38888768926699246, 0.06721990331493603], [0.009917839686134165, 0.7905470350672341, 0.17253834870819412, 0.02699677653843754], [0.012192869996793218, 0.9547865975691424, 0.0318009249342132, 0.0012196074998512727], [0.00103238668998313, 0.029994003071826234, 0.11762179793386952, 0.851351812304321], [0.9713764576200348, 0.0012867244324558185, 0.025876051489396087, 0.001460766458113491], [0.9654304890680317, 0.0152078118929093, 0.0005958164485799106, 0.018765882590479024], [0.28927564166591485, 0.49607569231062176, 0.0002725865418554496, 0.2143760794816079], [0.009265719299345354, 0.5982904538134912, 0.37895475710654297, 0.013489069780620437], [0.0010601815397005127, 0.9975335701069709, 0.0005870593794865991, 0.0008191889738420902], [0.0010993276697567585, 0.9403282742887691, 0.001912345331306246, 0.05666005271016784], [0.028632390071814732, 0.04746954762418023, 0.0005625488290494943, 0.9233355134749555], [0.25111065520843046, 0.0009940475618066302, 0.008763851029550844, 0.739131446200212], [0.13830224957095266, 0.051913750248451476, 0.0010805196763535921, 0.8087034805042422], [0.008916043076347907, 0.6919994008692765, 8.98776340589215e-05, 0.2989946784203167], [0.6146827802385724, 0.001232744089777876, 0.0011989205737951618, 0.38288555509785466], [0.836122698980232, 0.04961053697547537, 0.01247465781937387, 0.10179210622491891], [0.5583200040873982, 0.08358472453832083, 0.04761598405304742, 0.31047928732123353], [0.0017332300582835896, 0.13260677620350084, 0.5974714557794687, 0.2681885379587469], [0.7211940445525212, 0.13520589351369663, 2.462834895931399e-05, 0.1435754335848229], [0.8421183024436227, 0.007481666936313492, 0.016042318491048556, 0.13435771212901532], [0.0002315259645872773, 0.9909861600270942, 0.008455845197326972, 0.0003264688109915931], [0.9706853312986391, 0.014515737360045564, 0.0024702951040169946, 0.01232863623729832], [0.0002669269357808476, 0.018998970023842345, 0.0019503889239181208, 0.9787837141164587], [0.897834773768123, 0.06782327539207522, 0.014502514888804538, 0.019839435950997103], [0.11952009059651833, 0.005458141740814275, 0.856163913622695, 0.018857854039972442], [0.026541076425367963, 0.6035455836469311, 0.0007648214063160299, 0.36914851852138475], [0.02125541516269036, 0.6409457137783113, 0.0034318678105248776, 0.33436700324847346], [0.21930362139674237, 0.06415605940057227, 0.009402904687831217, 0.7071374145148541], [0.9841495230238305, 0.0009247768966553454, 0.014281552847736814, 0.0006441472317773297], [0.017841242786017814, 0.060572528378482426, 0.014066622456546546, 0.9075196063789531], [0.3097982242641697, 0.3222161119487679, 0.03921742915794794, 0.3287682346291145], [0.0033136131508505694, 0.016949844796024262, 0.007093311085719505, 0.9726432309674057], [0.14631603353929232, 0.08056956073532917, 0.0023424536826117852, 0.7707719520427666], [0.030557297784531135, 0.8894676115435239, 1.3951037797898601e-05, 0.07996113963414701], [0.47527137828423655, 0.2441800689101791, 0.10927030276633347, 0.17127825003925085], [0.07194939747911354, 0.9045096347092032, 0.0009137740618769065, 0.022627193749806474], [0.0023078114290816087, 0.9225682794732305, 8.278260676082772e-05, 0.07504112649092705], [0.011192431943288016, 0.8824751582317475, 0.046852469139117996, 0.05947994068584643], [0.4428593943637882, 0.0043020028910053295, 0.03147738935349622, 0.5213612133917103], [0.002312265853176269, 0.0665702135452848, 0.009355595001837722, 0.9217619255997012], [0.9320829480694002, 0.05782276055105307, 0.0014892002553925057, 0.008605091124154226], [0.0008808824330254538, 0.06801449610730989, 0.10034517589946548, 0.8307594455601992], [0.441351088424574, 0.34097402237881125, 0.02870560196697653, 0.18896928722963835], [0.6961384081152137, 0.19349841266528287, 0.10900636627733773, 0.0013568129421656834], [0.4341139723030359, 0.5543241259544048, 0.0016878413555679755, 0.009874060386991162], [0.45870329284796557, 0.05096251392761442, 0.0659714363846617, 0.4243627568397583], [0.005470844141601832, 0.1541982881504463, 0.18702505995661797, 0.653305807751334], [0.46126128816057105, 0.07644869296963074, 0.00018353862169010143, 0.46210648024810813], [0.00023805754774392423, 0.01123177684827084, 0.9885237259771738, 6.439626811544795e-06], [0.0001962141724020446, 0.04968695435517539, 0.6681817553694991, 0.28193507610292345], [0.14283825284018045, 0.2557558731534316, 0.002088629738572479, 0.5993172442678155], [0.00048362152598160804, 0.1491405732278045, 0.003870100895634533, 0.8465057043505795], [0.8548634907336072, 0.03833540769577223, 0.003163232505134618, 0.10363786906548583], [0.3207718445613309, 0.4841307078746044, 0.1699354621594769, 0.025161985404587636], [0.0004915793799788779, 0.5471407725187026, 0.2438705623637178, 0.20849708573760073], [0.002061699460287354, 0.7183852508427867, 0.007329086370182374, 0.2722239633267436], [0.9512222106065124, 0.01274377412153739, 0.002100724364063692, 0.033933290907886625], [0.5659465130321358, 0.3674136421988524, 0.03430784818924274, 0.03233199657976907], [0.13997480533206266, 0.18743277699480682, 0.020213675605474362, 0.6523787420676562], [0.02717525148430061, 0.012045628260633358, 0.012794720340797733, 0.9479843999142683], [0.027744445964711067, 0.034895157896635484, 0.056450395682896067, 0.8809100004557573], [0.0999240924396799, 0.0007649229558868174, 0.002351039917859769, 0.8969599446865735], [0.24089180346369526, 0.7125556453093488, 0.0002420059038733673, 0.046310545323082535], [0.0252801503324514, 0.001135679040121363, 0.000737143240699437, 0.9728470273867279], [0.021933691667632305, 0.22376451449585666, 0.6610424123455845, 0.09325938149092652], [0.8200913392661361, 0.07004239085940507, 0.07604052110887949, 0.0338257487655794], [0.9952817383334933, 0.0006109847325426536, 0.0005557649142815107, 0.0035515120196824173], [0.0571795392215728, 0.1393956496775041, 0.0018685685037952626, 0.8015562425971279], [0.04319987413676356, 0.028689617341149536, 0.012511931314756579, 0.9155985772073303], [0.00014678845034276413, 0.001267220560224499, 0.00047860413905453995, 0.9981073868503781]]}}