{"test": {"ids": ["102110850", "108121160", "104110960", "110116441", "113122160", "112116990", "97107950", "111118810", "97107260", "109113931", "102121440", "113117630", "99109161", "106121220", "112117471", "113120830", "109118231", "108117360", "108117720", "112117780", "104111880", "109120560", "108114200", "102110690", "109116930", "109116170", "99117740", "111119610", "107120010", "113119120", "102108621", "110119030", "105113330", "108115570", "110115980", "106116640", "100116500", "100120010", "110118181", "112118550", "108115500", "103118110", "109120540", "99108580", "100108260", "104111990", "102121700", "105119950", "100120780", "110120531", "98106680", "111121220", "113120751", "102113350", "97116410", "100109890", "113118820", "104114240", "108120280", "98108410", "98108970", "111116411", "108120060", "110119300", "112119950", "99109370", "101108500", "105119550", "107115140", "109117150", "107114950", "103110840", "110113591", "111119430", "101116130", "103109021", "107114490", "112118530", "106119260", "110120700", "110114950", "108113620", "112116401", "110118161", "103110100", "107118520", "105117431", "112121410", "105110091", "109117630", "104118070", "99108330", "98107340", "104116800", "111115400", "113118630", "106119580", "103113101", "104111550", "99111000", "107120260", "99110050", "112118471", "103111990", "103110220", "110116170", "98108520", "109116750", "104116441", "101108080", "105111990", "105113620", "106117790", "110118880", "97106600", "104117200", "101111620", "103117461", "105113170", "109118701", "102111990", "107117010", "111117480", "103109791", "98106111", "113117401", "101108950", "97110950", "102109850", "98120010", "105114220", "103117200", "107114110", "102118380", "107113550", "101114990", "111119580", "109119010", "113120591", "97114170", "104113170", "103112470"], "labels": [3, 2, 2, 3, 3, 0, 2, 0, 2, 1, 2, 0, 3, 1, 3, 3, 1, 1, 1, 0, 3, 1, 0, 0, 0, 0, 2, 2, 1, 3, 3, 0, 3, 3, 1, 3, 2, 0, 1, 3, 3, 2, 1, 0, 3, 2, 1, 3, 1, 0, 1, 3, 1, 3, 3, 3, 0, 0, 3, 1, 3, 0, 1, 1, 0, 1, 3, 1, 0, 2, 3, 1, 0, 3, 2, 0, 3, 1, 1, 2, 0, 3, 0, 0, 1, 2, 1, 0, 0, 0, 2, 1, 0, 1, 0, 3, 3, 3, 1, 2, 1, 3, 1, 2, 2, 0, 2, 0, 1, 0, 2, 0, 1, 0, 3, 3, 3, 0, 0, 3, 2, 1, 1, 3, 0, 3, 2, 3, 1, 2, 3, 0, 1, 1, 0, 3, 3, 3, 0, 2, 3, 1], "predicted_labels": [1, 3, 3, 3, 1, 3, 2, 3, 1, 1, 0, 3, 0, 1, 1, 1, 1, 3, 3, 3, 3, 3, 1, 3, 0, 1, 0, 3, 3, 3, 0, 3, 3, 1, 1, 3, 2, 3, 1, 3, 1, 1, 1, 0, 1, 1, 1, 0, 3, 0, 1, 1, 0, 1, 3, 3, 1, 3, 3, 1, 1, 0, 0, 1, 0, 1, 2, 1, 3, 1, 3, 1, 0, 3, 1, 3, 3, 1, 3, 3, 3, 0, 0, 3, 1, 1, 1, 3, 0, 0, 3, 3, 3, 3, 3, 1, 1, 1, 1, 1, 3, 3, 1, 3, 1, 1, 0, 0, 1, 0, 1, 1, 1, 3, 1, 1, 0, 3, 3, 1, 1, 1, 1, 0, 1, 1, 3, 0, 2, 3, 3, 1, 0, 1, 3, 1, 0, 3, 3, 3, 1, 1], "confidence_scores": [[0.18948535250941695, 0.3678285886059252, 0.1894749621496136, 0.2532110967350448], [0.25845641728969776, 0.2796939892576329, 0.07902895296056665, 0.38282064049210235], [0.19036902787947424, 0.2585048281400547, 0.2228510785611907, 0.32827506541928037], [0.19899413041677858, 0.31483956478229264, 0.16388367068946494, 0.3222826341114639], [0.2191962221733841, 0.339645804009772, 0.17674703903972613, 0.2644109347771179], [0.21069781111417915, 0.22533441195299006, 0.2594276643915051, 0.30454011254132546], [0.14616611247539207, 0.25441081763991247, 0.43176833792411684, 0.16765473196057856], [0.2776587285827444, 0.24321333772262096, 0.13589959299396182, 0.34322834070067304], [0.22017873932238421, 0.299949465638166, 0.3356120309718308, 0.14425976406761878], [0.18878995638174326, 0.3179194083006944, 0.25854154849926847, 0.23474908681829376], [0.30043379706271184, 0.29568663978062787, 0.15232184867016224, 0.2515577144864977], [0.25042208671535704, 0.2607957331136103, 0.21480039840430737, 0.2739817817667253], [0.31027158639380203, 0.30333974781888884, 0.17000701539545918, 0.21638165039184987], [0.1715174545828168, 0.34921068178103465, 0.19369359318387017, 0.2855782704522784], [0.22289669896184125, 0.3239373615103775, 0.2020110851710051, 0.2511548543567758], [0.2049869968971752, 0.2508798366090973, 0.3484433316489817, 0.19568983484474584], [0.1831969875562531, 0.3554789414631325, 0.2825123518660954, 0.17881171911451915], [0.23514563892247925, 0.2612691064547204, 0.24632634985603802, 0.25725890476676266], [0.3041279262828882, 0.19533384309560173, 0.08348455372222777, 0.41705367689928186], [0.260276803321979, 0.27077050825539356, 0.08803985307526836, 0.3809128353473588], [0.15108892800925, 0.26832896288912866, 0.24579700826098205, 0.3347851008406395], [0.25296773289323266, 0.2294587968029249, 0.1578949255158028, 0.35967854478803984], [0.22944786507166587, 0.39266285369278486, 0.16343436981173778, 0.2144549114238116], [0.2618730015852844, 0.2468860229208448, 0.13106325820847317, 0.36017771728539794], [0.3619648049427401, 0.25084820272279196, 0.04240155452185476, 0.3447854378126133], [0.27191093221289137, 0.3191124164167174, 0.11432523986596099, 0.2946514115044303], [0.3556391135684499, 0.2893615797379819, 0.08165742146582008, 0.273341885227748], [0.24623055229074495, 0.2586308982873227, 0.22575723492802943, 0.26938131449390323], [0.21141721047304793, 0.21916133502288293, 0.18041638906667729, 0.3890050654373916], [0.27655366096549217, 0.30038817396352036, 0.08923843988106134, 0.3338197251899259], [0.3273830926463625, 0.2653096586259714, 0.042523712060230465, 0.3647835366674355], [0.22028246453803033, 0.3079397837524389, 0.11410742378368935, 0.3576703279258415], [0.30043018715825553, 0.2398733970251957, 0.05139781299401675, 0.4082986028225322], [0.1615972044309549, 0.31489477280372374, 0.248523406923202, 0.27498461584211953], [0.25571405295773036, 0.30123699235821905, 0.2158487256821306, 0.22720022900191944], [0.2776912461754909, 0.2281952892646163, 0.1571631022201621, 0.3369503623397307], [0.21057244802851058, 0.23511464541405017, 0.37077564310150396, 0.1835372634559351], [0.224581937451112, 0.19196303673833168, 0.28581799331409047, 0.2976370324964656], [0.22385011578792854, 0.31822211257903005, 0.3257396186122415, 0.1321881530207997], [0.2875984209418692, 0.29579012021648565, 0.08597367004021637, 0.3306377888014288], [0.25979584823974616, 0.3322533711718122, 0.15781043570228148, 0.2501403448861598], [0.1947006191648579, 0.2786295866593208, 0.3588103074093717, 0.16785948676645016], [0.22679663315835336, 0.3978280421909724, 0.11296544978747775, 0.2624098748631963], [0.2882117947422033, 0.2916481273535914, 0.20066114841278854, 0.21947892949141662], [0.21653639706122407, 0.30614082536263637, 0.24234276943348484, 0.2349800081426546], [0.18351533464865624, 0.35479287337709836, 0.23446835702778493, 0.22722343494646047], [0.25853539482424187, 0.3020085119622153, 0.1878257282148887, 0.251630364998654], [0.29484208536801093, 0.21989766897064458, 0.18746568985218195, 0.2977945558091627], [0.2779827567942056, 0.283620498999479, 0.11093846393759293, 0.3274582802687226], [0.30465356098162494, 0.3258386713803473, 0.09968686216081447, 0.2698209054772133], [0.22030597953612865, 0.2921715798869097, 0.3127829760009801, 0.17473946457598197], [0.2534989444239477, 0.36161012499826883, 0.11121078555758752, 0.2736801450201959], [0.3023778796768708, 0.23736111784902975, 0.14076072886835456, 0.3195002736057446], [0.17486566761182373, 0.3145113522955431, 0.2612479913146459, 0.2493749887779872], [0.26007365218892203, 0.20681297808174476, 0.25249295398030996, 0.2806204157490231], [0.27414479106869283, 0.2180004495483433, 0.13553337771096166, 0.3723213816720022], [0.2895476647999199, 0.43783367491595926, 0.05823478596703809, 0.21438387431708303], [0.26180644223976635, 0.25376728583903785, 0.153426772677475, 0.33099949924372074], [0.2928833608778957, 0.18118922876013185, 0.1088425345553988, 0.4170848758065736], [0.17845055374525567, 0.32222267700444657, 0.2940149911171224, 0.20531177813317544], [0.15022312772582805, 0.38621540676495314, 0.3480190005839503, 0.11554246492526885], [0.31588870381566286, 0.20928798181062205, 0.11045954132978769, 0.3643637730439273], [0.28762593796326236, 0.30838435744828346, 0.13883386591994365, 0.26515583866851067], [0.22281676893750046, 0.29063406419585064, 0.20020852470081058, 0.28634064216583865], [0.3501615025040683, 0.16681351910759493, 0.09489123774633963, 0.38813374064199674], [0.2173669980359996, 0.3785297795696028, 0.2609760320765205, 0.14312719031787713], [0.1277133624781469, 0.24463942866302973, 0.46131551446749025, 0.16633169439133283], [0.21703187085353653, 0.3742903836100901, 0.1687056686528682, 0.23997207688350494], [0.29860872361513885, 0.20299549692991553, 0.07859999713265046, 0.41979578232229525], [0.1992826397741252, 0.4032475652946921, 0.18552201919169165, 0.21194777573949103], [0.2741192523812, 0.240218870543034, 0.14662578585598193, 0.33903609121978423], [0.20085125967226103, 0.35645827247832385, 0.19638602392667756, 0.24630444392273743], [0.3511033887620451, 0.2813153284285209, 0.0653235865220351, 0.3022576962873987], [0.23834173613701065, 0.3056351378868848, 0.11800495192919808, 0.33801817404690665], [0.1860485419107489, 0.2865569646881522, 0.2673487880107041, 0.2600457053903948], [0.26009956225739106, 0.2527703959665452, 0.17970750936432026, 0.30742253241174333], [0.2592529275978212, 0.2769691634316517, 0.10748093643936622, 0.356296972531161], [0.19371121380524098, 0.3051608542242324, 0.3175641728512684, 0.183563759119258], [0.244337115739428, 0.15889970702946285, 0.31142846955530623, 0.28533470767580277], [0.289469323308352, 0.2303853512334902, 0.09751694419995936, 0.38262838125819826], [0.2469247275494023, 0.28249733567705715, 0.14609930182174766, 0.3244786349517928], [0.3173366003131369, 0.32660684000287504, 0.041736204172452766, 0.3143203555115352], [0.3555317178147703, 0.1764891626610493, 0.030315334570754793, 0.4376637849534256], [0.29715591544585385, 0.28805339422058246, 0.07564027129755813, 0.3391504190360056], [0.2395072348360594, 0.3221674278295019, 0.26064883951691253, 0.1776764978175262], [0.27393463030392495, 0.375037457987351, 0.11890529438350673, 0.23212261732521727], [0.19619294269505697, 0.32843064391608123, 0.3175510650803317, 0.1578253483085303], [0.26804495418843055, 0.25955392121506254, 0.10629266454703257, 0.36610846004947456], [0.314707565269684, 0.31502541729842953, 0.13572080677654177, 0.2345462106553442], [0.31321037987520955, 0.27616754983448366, 0.057576991267356444, 0.3530450790229501], [0.13301341094745467, 0.25231632530482423, 0.3423464917884494, 0.2723237719592718], [0.17458921636554844, 0.23204806613296894, 0.3506544226101222, 0.24270829489136037], [0.2090831957554134, 0.25424966069093463, 0.2685341869961371, 0.268132956557515], [0.24844313346181257, 0.26539251646091194, 0.10950097320739872, 0.376663376869877], [0.21365627250283256, 0.2749777677664712, 0.22965375165184337, 0.2817122080788528], [0.13842307263654777, 0.3771993263788515, 0.3002370196442038, 0.18414058134039726], [0.15158333050507614, 0.40026193395149706, 0.33288429943572573, 0.11527043610770128], [0.23417650526711803, 0.31583557432012804, 0.19602791694793803, 0.2539600034648155], [0.13492841434385683, 0.28401436589279594, 0.40687187507774397, 0.17418534468560307], [0.15658701911635858, 0.30916125330668015, 0.3040510823787801, 0.23020064519818143], [0.23909151753593835, 0.2850528279061926, 0.12951883477715695, 0.34633681978071196], [0.26524995448080374, 0.25628386022715877, 0.15615403231224642, 0.3223121529797911], [0.20637070917004158, 0.3239930967063616, 0.3032841849380121, 0.16635200918558465], [0.2713891097760153, 0.3014121185698101, 0.08160551833237417, 0.3455932533218004], [0.14998425988240033, 0.3328177945580896, 0.33077050783555323, 0.18642743772395645], [0.28720333637160206, 0.3142142511076205, 0.10989698895274926, 0.2886854235680281], [0.29982823945179443, 0.3455807441535988, 0.2122861999456094, 0.14230481644899767], [0.2745871729661239, 0.26742321311390327, 0.24189245283596061, 0.21609716108401222], [0.239487561237238, 0.35657008380129723, 0.11833700309662047, 0.2856053518648442], [0.31268988791584085, 0.2638640805346163, 0.09293461341008656, 0.33051141813945606], [0.15731765760261046, 0.32490410868812636, 0.3016820864404074, 0.2160961472688557], [0.16821292527454687, 0.37984489495705004, 0.30441309292128155, 0.1475290868471217], [0.21836574178435797, 0.2963196488181931, 0.1923496952319809, 0.29296491416546816], [0.3132338935700274, 0.23569592940987946, 0.0421954792292751, 0.40887469779081825], [0.2716486101609159, 0.3120381265589978, 0.09621484682017793, 0.3200984164599084], [0.24542138893765808, 0.38478498617171897, 0.12836205605392814, 0.241431568836695], [0.28428593451694883, 0.29622322080276026, 0.20347821198106816, 0.21601263269922263], [0.2560430565062079, 0.2803352326499108, 0.10069174393834254, 0.3629299669055391], [0.20412433703307403, 0.2569650458261413, 0.21050504441091009, 0.32840557272987464], [0.19127020995321334, 0.33355611910500793, 0.2679395769080633, 0.20723409403371545], [0.24154501494362252, 0.32440460093326434, 0.20714135244610438, 0.22690903167700893], [0.23531422108756933, 0.3196926567652621, 0.2123019799133144, 0.23269114223385434], [0.23373178235847974, 0.3554003078175057, 0.160987734358015, 0.24988017546599953], [0.2697382835160223, 0.25136170398943614, 0.21631523404253272, 0.26258477845200895], [0.16723522427341278, 0.2735573795582203, 0.37263569681296643, 0.18657169935540022], [0.2614210450437995, 0.3938999771586182, 0.06307844434736995, 0.2816005334502123], [0.18460670210840313, 0.2578614118209364, 0.24489468852303795, 0.31263719754762226], [0.3481401033538481, 0.1914218276229167, 0.14160192751446668, 0.31883614150876843], [0.1423054059336752, 0.2497355240579937, 0.4555427943862943, 0.15241627562203702], [0.17383088666156152, 0.2632859293649569, 0.32275104554307954, 0.24013213843040213], [0.2746100834195698, 0.23721490131123416, 0.11220478955617752, 0.37597022571301864], [0.28655484877616394, 0.48315457258179323, 0.0747510627401893, 0.15553951590185358], [0.33087997470403097, 0.20216902043102286, 0.09086614802680783, 0.3760848568381386], [0.19982389919824792, 0.28500805691161174, 0.2839615269109813, 0.23120651697915903], [0.21236174831419344, 0.2514976528200526, 0.28338917277649806, 0.25275142608925577], [0.23461218495119165, 0.322077192083673, 0.20222524137099004, 0.24108538159414503], [0.3200208486811588, 0.36219103931362717, 0.06490159246052837, 0.2528865195446857], [0.15833107964941948, 0.2630037301883196, 0.32917633238493216, 0.24948885777732896], [0.2014870466602561, 0.249420056216343, 0.2832682064731763, 0.26582469065022457], [0.1551203583387199, 0.2880188401622512, 0.30557919794223115, 0.251281603556798], [0.238748516863531, 0.35066870654982346, 0.12419184320648474, 0.28639093338016053], [0.19509235705785516, 0.2904324570505901, 0.2762866894140332, 0.23818849647752147]]}, "rewritten": {"ids": ["97106600", "97107260", "97107950", "97110950", "97114170", "97116410", "98106111", "98106680", "98107340", "98108410", "98108520", "98108970", "98120010", "99108330", "99108580", "99109161", "99109370", "99110050", "99111000", "99117740", "100108260", "100109890", "100116500", "100120010", "100120780", "101108080", "101108500", "101108950", "101111620", "101114990", "101116130", "102108621", "102109850", "102110690", "102110850", "102111990", "102113350", "102118380", "102121440", "102121700", "103109021", "103109791", "103110100", "103110220", "103110840", "103111990", "103112470", "103113101", "103117200", "103117461", "103118110", "104110960", "104111550", "104111880", "104111990", "104113170", "104114240", "104116441", "104116800", "104117200", "104118070", "105110091", "105111990", "105113170", "105113330", "105113620", "105114220", "105117431", "105119550", "105119950", "106116640", "106117790", "106119260", "106119580", "106121220", "107113550", "107114110", "107114490", "107114950", "107115140", "107117010", "107118520", "107120010", "107120260", "108113620", "108114200", "108115500", "108115570", "108117360", "108117720", "108120060", "108120280", "108121160", "109113931", "109116170", "109116750", "109116930", "109117150", "109117630", "109118231", "109118701", "109119010", "109120540", "109120560", "110113591", "110114950", "110115980", "110116170", "110116441", "110118161", "110118181", "110118880", "110119030", "110119300", "110120531", "110120700", "111115400", "111116411", "111117480", "111118810", "111119430", "111119580", "111119610", "111121220", "112116401", "112116990", "112117471", "112117780", "112118471", "112118530", "112118550", "112119950", "112121410", "113117401", "113117630", "113118630", "113118820", "113119120", "113120591", "113120751", "113120830", "113122160"], "labels": [3, 2, 2, 3, 2, 3, 0, 1, 0, 1, 2, 3, 2, 1, 0, 3, 1, 3, 2, 2, 3, 3, 2, 0, 1, 0, 3, 2, 3, 3, 2, 3, 1, 0, 3, 2, 3, 1, 2, 1, 0, 3, 1, 2, 1, 2, 1, 3, 0, 0, 2, 2, 1, 3, 2, 3, 0, 1, 1, 3, 2, 0, 2, 0, 3, 0, 3, 1, 1, 3, 3, 1, 1, 3, 1, 0, 1, 3, 3, 0, 1, 2, 1, 1, 3, 0, 3, 3, 1, 1, 1, 3, 2, 1, 0, 0, 0, 2, 0, 1, 3, 3, 1, 1, 0, 0, 1, 0, 3, 0, 1, 0, 0, 1, 0, 2, 0, 0, 1, 0, 3, 3, 2, 3, 0, 0, 3, 0, 1, 1, 3, 0, 0, 3, 0, 3, 0, 3, 0, 1, 3, 3], "predicted_labels": [0, 0, 3, 0, 3, 0, 3, 0, 1, 3, 1, 1, 1, 1, 1, 0, 0, 0, 1, 1, 1, 3, 0, 3, 0, 0, 3, 3, 3, 3, 0, 1, 0, 3, 3, 1, 3, 1, 0, 3, 0, 2, 1, 2, 1, 1, 3, 1, 1, 1, 1, 1, 0, 3, 1, 1, 1, 1, 3, 1, 0, 0, 1, 3, 0, 0, 3, 1, 1, 3, 3, 1, 0, 1, 3, 0, 0, 3, 3, 0, 1, 1, 3, 3, 0, 1, 1, 1, 1, 0, 1, 0, 3, 1, 1, 0, 0, 0, 0, 0, 1, 1, 1, 3, 0, 3, 0, 1, 1, 1, 3, 1, 1, 1, 0, 3, 3, 0, 1, 0, 1, 0, 0, 1, 0, 0, 1, 1, 1, 1, 0, 0, 3, 0, 1, 3, 0, 3, 3, 3, 0, 1], "confidence_scores": [[0.28424505600036454, 0.2760859445147711, 0.21178128223216652, 0.22788771725269782], [0.3052228932179079, 0.2784645779920946, 0.2407553320207139, 0.1755571967692837], [0.1805977295108301, 0.2699166553499827, 0.32518294999618963, 0.22430266514299751], [0.3802082234533663, 0.2120809265991684, 0.05497580981327087, 0.3527350401341945], [0.22721587367277676, 0.2519092924110111, 0.25050368861876193, 0.2703711452974503], [0.2973439439701398, 0.22720629209122672, 0.15313888504278708, 0.3223108788958465], [0.21062699425745937, 0.266804979036776, 0.19126392609682985, 0.3313041006089348], [0.24134997126287505, 0.28171626649714926, 0.31956156487771237, 0.15737219736226302], [0.2392699872686076, 0.31314545001374305, 0.250006582897946, 0.19757797981970357], [0.26465943990376817, 0.2718878452135409, 0.14301667350989516, 0.3204360413727957], [0.24778234083494988, 0.3531650361687244, 0.2699362866840967, 0.12911633631222907], [0.21434349802612515, 0.2906480704812176, 0.25024042306271593, 0.2447680084299415], [0.23283061955765472, 0.29769723599208964, 0.23302336590385647, 0.23644877854639898], [0.13448261546958615, 0.28299413226398135, 0.3827313748159237, 0.19979187745050897], [0.2000907801282444, 0.2594496121848023, 0.3421016291382265, 0.1983579785487268], [0.3160795751035224, 0.3183182625281158, 0.12087721876533075, 0.24472494360303124], [0.29348552482800394, 0.3250639700065821, 0.20831103240569088, 0.17313947275972305], [0.24945257181395472, 0.2564187861963473, 0.2538102792771608, 0.24031836271253723], [0.23592283425226496, 0.2876399405951234, 0.21312791614796484, 0.26330930900464655], [0.28171054638606347, 0.3615955590542646, 0.11770813349572176, 0.23898576106394998], [0.24733361315069205, 0.3572060098011604, 0.16840690289701116, 0.22705347415113647], [0.26171550999412835, 0.27242137057814503, 0.15883846566299303, 0.307024653764734], [0.26416157989395067, 0.28995407548411256, 0.254450005852849, 0.19143433876908805], [0.2540803787329384, 0.23477580263489886, 0.2194265836517883, 0.2917172349803744], [0.29099464629284255, 0.267357234115236, 0.12136227565586157, 0.32028584393605974], [0.32567857424379687, 0.23058228353937651, 0.11681443621219706, 0.3269247060046295], [0.2183857593016497, 0.2730772171010089, 0.2507928206044266, 0.25774420299291484], [0.19268938704688604, 0.2936180361315558, 0.2316936285317013, 0.2819989482898569], [0.2714736340802714, 0.23642478693641938, 0.18361158830944355, 0.30848999067386557], [0.23712615828999056, 0.29189731969254273, 0.16288779926792613, 0.3080887227495403], [0.26889773654990434, 0.26258945194386385, 0.21172453176285627, 0.2567882797433757], [0.2792728144742255, 0.30149538552714567, 0.09832099264830749, 0.32091080735032135], [0.3148374232706651, 0.28411029253183023, 0.14833316861632928, 0.2527191155811756], [0.2355607250943977, 0.2645979750961288, 0.1657356464979322, 0.3341056533115411], [0.20065876656001044, 0.250116895996388, 0.3372596804765833, 0.21196465696701802], [0.2608160187143569, 0.3003333323670515, 0.15941837237152143, 0.2794322765470703], [0.2042566924302356, 0.2585204376675972, 0.2968608686188076, 0.2403620012833595], [0.16561446023240578, 0.27952967295853787, 0.3834764399942365, 0.17137942681482024], [0.2888577057835984, 0.3169790234240155, 0.14475067890675364, 0.2494125918856321], [0.2314523356675961, 0.2650853887683752, 0.18902579666444985, 0.314436478899579], [0.24775583186995795, 0.25906930196407957, 0.27759873021233394, 0.2155761359536285], [0.17695896117373683, 0.24753606893649166, 0.3969934891470021, 0.17851148074276924], [0.2293442345883952, 0.3103627344672749, 0.29828603781746216, 0.1620069931268677], [0.1753676917875794, 0.2436421646445292, 0.4080949618521085, 0.1728951817157826], [0.2502696231013956, 0.33589264334395086, 0.11296982345243041, 0.3008679101022234], [0.24634432321900193, 0.29840802562303387, 0.17076449209991157, 0.2844831590580529], [0.20309349041021874, 0.26492366661803746, 0.2539462566504987, 0.27803658632124495], [0.20921956039173562, 0.3815203103625496, 0.2209688697385383, 0.18829125950717673], [0.23923751788839934, 0.4557813275810707, 0.13801772542229418, 0.16696342910823542], [0.24206616279825527, 0.35856698641922125, 0.18176516192548867, 0.21760168885703454], [0.2114505257493481, 0.3067845993615512, 0.2792816308161581, 0.20248324407294274], [0.1994642710587932, 0.3094251693594532, 0.2599231236560912, 0.2311874359256622], [0.30350751108473684, 0.2916415268108059, 0.2698804663338158, 0.13497049577064169], [0.253760285849211, 0.2755644566815199, 0.1623340247196966, 0.3083412327495724], [0.15179430747720862, 0.32509768478698375, 0.2960788982802789, 0.22702910945552893], [0.24836822144257625, 0.34685128494786516, 0.14883518457894931, 0.25594530903060947], [0.17878502116386338, 0.3428248385252749, 0.30541613452193755, 0.17297400578892425], [0.23278617172945285, 0.32744074722793165, 0.2280554100880542, 0.2117176709545614], [0.222862362231029, 0.25899454482467366, 0.22274053322330592, 0.2954025597209914], [0.23472240162774183, 0.3191104609262704, 0.22465496750852693, 0.22151216993746078], [0.23700389317900392, 0.266914644085496, 0.2686671568811886, 0.22741430585431174], [0.25150878194824616, 0.2511626463409065, 0.24278354775232727, 0.2545450239585199], [0.2068813898903425, 0.29928717232975893, 0.21755799678664445, 0.2762734409932542], [0.25942149415925436, 0.2293428747026078, 0.17673461357213155, 0.3345010175660066], [0.29871033183340673, 0.25594686302292075, 0.11052026038922985, 0.3348225447544426], [0.32189428055466873, 0.3474651968717517, 0.10514756079363179, 0.22549296177994785], [0.2437907382191886, 0.27172702549398897, 0.1739420568919153, 0.3105401793949071], [0.21111772481813362, 0.32169057342055507, 0.25522857716071434, 0.21196312460059674], [0.21431794384106292, 0.3254785735711639, 0.20198960286988565, 0.25821387971788756], [0.23620260102673785, 0.2340955544582894, 0.2162629434348478, 0.3134389010801246], [0.27392411192285665, 0.27031528593169085, 0.1440761551053738, 0.3116844470400786], [0.2071905511406545, 0.29379827637295897, 0.2997863701997385, 0.19922480228664816], [0.3073533407558359, 0.20343789356964778, 0.19415614845932327, 0.295052617215193], [0.2280627535194224, 0.2906228451448192, 0.26702677553682064, 0.21428762579893784], [0.22738716907620024, 0.2523491604968789, 0.19046819454241914, 0.3297954758845018], [0.2827624466588563, 0.24504477698857535, 0.15422206105037692, 0.31797071530219134], [0.3302797929436136, 0.2277295831204255, 0.09039282719021499, 0.3515977967457459], [0.2756679864049, 0.27180277175718565, 0.1431650920643686, 0.3093641497735459], [0.22261593941896365, 0.21038296696921974, 0.33070196141805297, 0.23629913219376375], [0.32810048202833153, 0.18779964556515102, 0.10335378552420547, 0.38074608688231165], [0.2947692101755343, 0.35887248759556145, 0.13336486675090456, 0.21299343547799993], [0.2484446499553519, 0.38142317356816013, 0.19440844323853443, 0.17572373323795354], [0.251689502967954, 0.2818974454685438, 0.1663639066991791, 0.3000491448643232], [0.30112568234063286, 0.24549009186390927, 0.09713295896954002, 0.35625126682591773], [0.29485844797594285, 0.3189462527350606, 0.11940911466782674, 0.26678618462116993], [0.24182532751911856, 0.3237964868290446, 0.1676077152447286, 0.2667704704071082], [0.26462603917469496, 0.3082537020164123, 0.18812315535426644, 0.23899710345462663], [0.15725950630222107, 0.2864303401239806, 0.3354193827390069, 0.22089077083479183], [0.2287006110833977, 0.2764414023851733, 0.27197063299759383, 0.2228873535338354], [0.3491230737224434, 0.2053658675419235, 0.03764546448410589, 0.40786559425152735], [0.2744359865859651, 0.3287184541850371, 0.1450246720935774, 0.2518208871354208], [0.3531320267557082, 0.18389271696230677, 0.06474445930537763, 0.3982307969766077], [0.2767483613247737, 0.280598705657804, 0.1321479519297573, 0.3105049810876648], [0.1641368781134196, 0.3236513702070015, 0.2961628554189029, 0.21604889626067597], [0.2413474321047585, 0.30626539850267154, 0.20205897293155245, 0.2503281964610176], [0.3196605354741975, 0.2552271012051704, 0.11869524623761814, 0.306417117083014], [0.38019406381017534, 0.27715617098532114, 0.06687275153392301, 0.27577701367058055], [0.27406771886530457, 0.2858576693554509, 0.21893307340775334, 0.22114153837149125], [0.33455421573256655, 0.2834034013796377, 0.10601558585212473, 0.2760267970356714], [0.29463171175475544, 0.29036181184269594, 0.15673449971132183, 0.2582719766912268], [0.2189303709921014, 0.29751019565413317, 0.2584198639382637, 0.2251395694155017], [0.16728642141289476, 0.280857487115381, 0.32643009386825816, 0.2254259976034657], [0.1912097900508393, 0.3557487116155435, 0.2508406431857235, 0.20220085514789368], [0.26683680784023683, 0.2511915085932793, 0.16665988209679475, 0.31531180146968935], [0.30001654123057125, 0.2948252261775284, 0.11700779533286984, 0.2881504372590303], [0.32334239432027967, 0.2046492986466959, 0.07450942342699027, 0.397498883606034], [0.3045216965626878, 0.23080309555019482, 0.17715905680921268, 0.28751615107790457], [0.27750887743028, 0.3451811991620088, 0.11174429057161826, 0.26556563283609264], [0.20427796837131634, 0.30610683066157945, 0.24112916503921078, 0.2484860359278933], [0.2409723744439632, 0.2953818976057159, 0.21146774462262244, 0.25217798332769836], [0.2141397426868922, 0.2599726498442558, 0.2968516301893271, 0.22903597727952504], [0.2759777276573558, 0.37556373467198073, 0.045875449763428194, 0.30258308790723526], [0.2062794680815253, 0.3311971136396033, 0.19629324730327782, 0.2662301709755934], [0.20740948223032013, 0.3416291858811988, 0.2710225291650377, 0.17993880272344362], [0.3424825892903257, 0.2597039585494045, 0.0702919305796405, 0.32752152158062936], [0.2588542758188318, 0.26083761982542353, 0.1829820451427102, 0.29732605921303457], [0.2687179605210104, 0.2505922747799287, 0.18346303455099772, 0.29722673014806306], [0.31978052247773614, 0.21932321255746842, 0.1238648220752615, 0.33703144288953385], [0.2029896874217064, 0.3370593617232844, 0.259761288144057, 0.2001896627109523], [0.3152017597466881, 0.23142014076332895, 0.19285737718869944, 0.2605207223012837], [0.23198210627447174, 0.30470067123581984, 0.21628891716788923, 0.24702830532181952], [0.3136948079570792, 0.319313478197092, 0.1059420333808906, 0.2610496804649379], [0.31166919879493876, 0.2824452670738021, 0.11742818870885231, 0.28845734542240664], [0.2929050257601447, 0.3383916159082914, 0.10282037005670377, 0.26588298827486023], [0.34232254014306546, 0.2103556460550534, 0.04075536987768264, 0.4065664439241988], [0.3227652349666222, 0.21586311480197118, 0.158173814473581, 0.30319783575782544], [0.21349246880874995, 0.2950199209378754, 0.24041186145116927, 0.2510757488022056], [0.2763455835895795, 0.29536742883328626, 0.14134709705731519, 0.28693989051981905], [0.2102042836377817, 0.3187706670270822, 0.28716488389249734, 0.18386016544263853], [0.20807555281110934, 0.31020218296055174, 0.3111531348214428, 0.17056912940689642], [0.3065928173262444, 0.2932508360466962, 0.12195331364023626, 0.2782030329868232], [0.2995742806755805, 0.18957134688967767, 0.1868700430625306, 0.3239843293722113], [0.25699656051452785, 0.264168485227998, 0.14256302701128504, 0.3362719272461895], [0.34209379315245136, 0.2344948052076421, 0.046626452010261235, 0.37678494962964504], [0.19033700297514425, 0.32066172309228624, 0.24070806653712581, 0.24829320739544358], [0.1517607903467967, 0.2814623399629671, 0.33665899715531994, 0.2301178725349161], [0.32995689297429553, 0.35251192767528694, 0.07558810107285277, 0.2419430782775649], [0.2860727632500134, 0.2492784153465169, 0.10885617569437768, 0.35579264570909214], [0.2577388907216142, 0.23279310502369419, 0.14363916982184446, 0.3658288344328471], [0.19864383197517363, 0.2612557330342665, 0.26432463994666866, 0.27577579504389144], [0.3142979831892261, 0.23152196164521502, 0.2676101607183201, 0.18656989444723868], [0.18309127819700297, 0.3461467656401461, 0.28923838092770765, 0.18152357523514323]]}}