{"test": {"ids": ["101110740", "99116500", "113118490", "109120540", "103113210", "98108580", "103120290", "111120531", "112121010", "99108890", "108121160", "108116070", "103109641", "111118301", "110115890", "112118511", "107112840", "97110950", "111119610", "105118740", "110118181", "108119330", "97107920", "104116980", "111120260", "98107010", "110120700", "97113900", "101108121", "109116441", "112118581", "113119480", "104116800", "113121410", "100109360", "109119450", "110118810", "111117120", "100109890", "100116790", "112117030", "101108580", "107118120", "108113480", "108116481", "103111620", "113118690", "99109141", "112118550", "102110500", "111115910", "113119300", "111115780", "111120280", "110118701", "98111670", "106113260", "106113190", "111116170", "103111110", "108118291", "107116501", "101116130", "112121030", "99110730", "103111990", "110121170", "110120640", "105112130", "97105580", "107114280", "105121190", "102112301", "104109311", "112119500", "107120010", "111120320", "105111990", "98110230", "97116410", "109116750", "102110690", "101112690", "113120260", "106115250", "110115980", "110118740", "109117730", "99108010", "112121360", "97105760", "109116170", "108115970", "106116370", "101111620", "112116610", "104111990", "99111000", "97106820", "113120591", "98106880", "99109860", "104113210", "110119891", "99121440", "111116640", "103113260", "102109010", "112119950", "109113281", "111117571", "113118630", "97106600", "110118161", "99111340", "97108520", "101108290", "107118820", "108121190", "105113330", "107120880", "112119450", "101112160", "112119580", "113118111", "100109330", "104116441", "97112170", "100111620", "106113830", "99107560", "106118820", "99111620", "105119550", "97106591", "112117580", "106115120", "105110251", "101115190", "113122230", "107114950", "111119340"], "labels": [3, 2, 1, 1, 3, 0, 2, 0, 2, 0, 2, 1, 1, 3, 2, 1, 1, 3, 2, 1, 1, 0, 0, 1, 3, 3, 2, 2, 0, 3, 1, 3, 1, 0, 0, 3, 1, 2, 3, 2, 2, 0, 3, 0, 0, 0, 3, 3, 3, 3, 2, 1, 1, 0, 3, 1, 3, 0, 0, 3, 3, 1, 2, 0, 3, 2, 2, 0, 1, 1, 3, 2, 1, 3, 2, 1, 1, 2, 3, 3, 0, 0, 1, 3, 2, 1, 3, 3, 2, 3, 0, 0, 2, 2, 3, 1, 2, 2, 1, 0, 0, 2, 3, 3, 2, 0, 3, 1, 0, 0, 3, 3, 3, 0, 1, 2, 0, 3, 1, 3, 1, 3, 3, 3, 1, 0, 1, 0, 3, 1, 1, 3, 3, 1, 1, 0, 1, 0, 1, 1, 3, 3], "predicted_labels": [2, 1, 0, 0, 0, 2, 2, 3, 1, 1, 1, 1, 3, 3, 1, 1, 1, 3, 1, 0, 0, 0, 0, 2, 0, 2, 3, 0, 3, 0, 2, 0, 3, 3, 2, 3, 1, 1, 1, 0, 3, 0, 1, 3, 0, 0, 1, 0, 0, 3, 1, 3, 0, 3, 0, 3, 1, 0, 3, 3, 3, 0, 3, 0, 3, 0, 3, 0, 1, 0, 1, 2, 2, 0, 1, 3, 0, 0, 2, 3, 0, 0, 1, 1, 1, 3, 0, 0, 1, 0, 0, 3, 3, 2, 0, 0, 0, 2, 3, 3, 2, 2, 3, 1, 1, 1, 1, 1, 0, 3, 0, 3, 2, 0, 2, 2, 3, 3, 1, 0, 2, 3, 2, 1, 3, 0, 3, 3, 2, 0, 0, 3, 3, 1, 3, 3, 0, 3, 1, 0, 3, 3], "confidence_scores": [[0.00226292560120934, 0.4648360443590349, 0.4656096769160733, 0.06729135312368224], [0.00013459553508742112, 0.7063852068073678, 0.289834216726092, 0.0036459809314528103], [0.632422833880758, 0.16099769853876691, 0.07359646872815243, 0.13298299885232256], [0.3916148417936847, 0.19572488927161097, 0.29719708944411044, 0.11546317949059377], [0.437287836569214, 0.32585293988003927, 0.22173312091684622, 0.015126102633900466], [0.32623609748138865, 0.20615179678878642, 0.44247308035442456, 0.025139025375400238], [0.018811298113392456, 0.1191172564517788, 0.8597322827467659, 0.0023391626880629583], [0.0019751434554279635, 0.1989410299258802, 0.0016807314474321445, 0.7974030951712596], [0.08220726356203742, 0.8371466599263926, 0.009977792826573873, 0.07066828368499611], [0.001055741122796633, 0.9761477523792402, 0.0033984983430526256, 0.019398008154910707], [0.07484933111693444, 0.8892150880831924, 0.00033012838594501646, 0.03560545241392824], [0.1262476186416326, 0.562056443982913, 0.3115637468238793, 0.00013219055157521388], [0.0002244589565016966, 0.00018193044053534552, 0.0044721643258192395, 0.9951214462771436], [0.1188673601687607, 0.04141236788079011, 0.010223656758681268, 0.8294966151917679], [0.008056708181752591, 0.6196915869551617, 0.32237583605730247, 0.04987586880578343], [0.008824361368050837, 0.8129988120364842, 0.022536062172078666, 0.1556407644233863], [0.13636671990788624, 0.785132275532687, 0.06700772269413442, 0.01149328186529223], [0.23119989085631348, 0.2594952953849632, 0.09283122267733943, 0.4164735910813839], [0.11405661806738918, 0.6498528406880071, 0.09997874957641395, 0.1361117916681898], [0.3439060659261624, 0.008193224896799264, 0.3397249542676392, 0.308175754909399], [0.5900232709348325, 0.3642739169996855, 0.003087771901384651, 0.04261504016409735], [0.9665546907245431, 0.02631197345545768, 0.0019882907790573006, 0.005145045040942087], [0.5631637279169344, 0.2690732380025363, 0.004375092131570903, 0.16338794194895848], [0.0023485797642698912, 0.13751536496563624, 0.7162877305952824, 0.14384832467481146], [0.9830906856820281, 0.006882946427256987, 0.0002803273170645382, 0.009746040573650576], [0.12004682205964849, 0.2568932666684048, 0.502794139012024, 0.12026577225992272], [0.02275920219648875, 0.03942601739078068, 0.10786287435863842, 0.8299519060540921], [0.9433297806088758, 0.01144316576740236, 0.04510981206846245, 0.00011724155525932216], [0.004675635941149177, 0.02895584964968762, 0.10024803475732594, 0.8661204796518371], [0.525143632195177, 0.31906677387803106, 7.09426910114849e-05, 0.15571865123578038], [0.0027561973815704763, 0.06502705190771911, 0.9240853985723535, 0.008131352138356768], [0.9935917133627534, 0.00037339404023751816, 3.4587709549501666e-05, 0.0060003048874595665], [0.3741728417621759, 0.22619552195864287, 0.006587856141676669, 0.3930437801375045], [0.0016713973429379125, 0.005431548954735765, 0.0004333831680142672, 0.9924636705343121], [0.08128995400320985, 0.007407817646954792, 0.7359839612525236, 0.1753182670973116], [0.01792055296266131, 0.02555972670682979, 0.3521442515697604, 0.6043754687607485], [0.07686723359117963, 0.7167195938961813, 0.021856471265011286, 0.18455670124762766], [0.018969276839198374, 0.6702976032841919, 0.012202651981787297, 0.2985304678948226], [0.1145460997860836, 0.7611965090582878, 0.11368299332265334, 0.010574397832975148], [0.4901698244995401, 0.3409937632941095, 0.16426135029625988, 0.004575061910090514], [0.04272797778564455, 0.0824398627980523, 0.01598515050642342, 0.8588470089098796], [0.646311522463919, 0.0017970650362540885, 0.2877394191288116, 0.06415199337101533], [0.04005072300845732, 0.4661215637195161, 0.09638270204341928, 0.3974450112286074], [0.08946086487476435, 0.003465990543826338, 0.0028740185526694396, 0.9041991260287399], [0.6338409116002404, 0.0003661249778171512, 0.00887308333281822, 0.3569198800891244], [0.9529358991096127, 0.017678180344162894, 0.024440036297343745, 0.004945884248880605], [0.002105736099473972, 0.9923077163282482, 0.0005601550810064685, 0.005026392491271223], [0.7551569300444136, 0.14222462350234139, 0.09618394356834487, 0.006434502884900174], [0.8967827280434524, 0.01151577907012161, 0.0010668760128151873, 0.0906346168736107], [0.0506296874119761, 0.12947550278968728, 0.1014751697377231, 0.7184196400606134], [0.15462769442656316, 0.4240061430873839, 0.35475988678950793, 0.066606275696545], [0.013187238126732868, 0.00724041572724112, 0.00038750002723972554, 0.9791848461187862], [0.7100980751889207, 0.1736606168268225, 0.015108358781725796, 0.10113294920253105], [0.010556907818734586, 0.01877534074173887, 0.0019519891988690325, 0.9687157622406575], [0.8392990997112014, 0.0007201612805296826, 0.03528994455890587, 0.12469079444936289], [0.017491813568438416, 0.0006305220190067908, 0.04526165960557307, 0.9366160048069816], [0.26795965725875487, 0.6012938570252152, 0.1239314122883054, 0.006815073427724482], [0.9026057614367311, 0.05697552540890244, 0.0002338170364800088, 0.04018489611788652], [0.09380832464234168, 0.00173741087578305, 1.1916811366333468e-05, 0.9044423476705088], [0.010527786363243561, 0.026587239353159632, 0.0009385931859045802, 0.9619463810976921], [0.19560518650102188, 0.006089143449582878, 0.030950858395368267, 0.767354811654027], [0.9964247049102041, 0.0005297860683742063, 0.0012503695166027262, 0.001795139504819029], [0.019003118131475042, 0.021524060481433058, 0.2276114712271981, 0.7318613501598937], [0.9752389594402885, 0.0200121478056367, 0.00046317040331528145, 0.004285722350759494], [0.0014266426177099712, 0.0011556798207614572, 0.06244064333893999, 0.9349770342225885], [0.5221804204153628, 0.43162304906759064, 0.013507021530269428, 0.032689508986777076], [0.004583757033515127, 0.035092407351817, 0.018422460291289914, 0.941901375323378], [0.6821235472482905, 0.06641486198812312, 0.16444184187077374, 0.08701974889281264], [0.018702055250402822, 0.8327118470433508, 0.03988312801703732, 0.10870296968920909], [0.9453973378922779, 0.000568643147762092, 0.04677530438864759, 0.007258714571312405], [0.17447206407939445, 0.5648816853199594, 0.25755114536762685, 0.0030951052330192427], [0.02729178125410617, 0.04041400792107861, 0.5114498483917903, 0.4208443624330248], [0.15067343789042048, 0.0009774404450505225, 0.8324484372353879, 0.0159006844291412], [0.6333672655940408, 0.03806398539104061, 0.003580623185025916, 0.3249881258298928], [0.000931894783461044, 0.9906898295294122, 0.008148577642917171, 0.00022969804420964313], [0.11809377026350733, 0.21004667836220256, 0.010966044372809514, 0.6608935070014806], [0.4970030805127867, 0.012563458402775955, 0.007127596982894245, 0.48330586410154297], [0.7605408770133335, 0.03130022245742176, 0.001088904931314682, 0.20706999559793018], [0.006401949480349999, 0.2595575060149402, 0.7230951891749624, 0.010945355329747442], [0.03735852206942137, 0.17548838169142353, 0.3803648931917824, 0.40678820304737273], [0.48709458858636345, 0.4594165604607325, 0.0022393792854163838, 0.05124947166748768], [0.8974156162581675, 0.09879654151784938, 0.00015745369485368324, 0.003630388529129569], [0.002109195081059045, 0.9584312221162306, 0.03179453326435266, 0.007665049538357719], [0.16141598387171868, 0.5712430243655491, 0.08777567570020794, 0.17956531606252424], [0.00599917608467225, 0.6833897965515693, 0.043261779383185, 0.2673492479805734], [0.030546258950425387, 0.00018291030544245702, 0.0003506037375178301, 0.9689202270066144], [0.8064637747990255, 0.00017311104777544388, 0.1405666046685222, 0.0527965094846768], [0.8096481180623645, 0.1607367054822719, 0.006305490722724589, 0.023309685732639005], [0.006203862160556045, 0.7195086113338309, 0.1320838165287697, 0.1422037099768433], [0.6383373904918341, 0.31593469042983424, 0.0006590691669434312, 0.04506884991138809], [0.46939704466185944, 0.003637184081705926, 0.24527530808043044, 0.28169046317600416], [0.021878409299703652, 0.41775927299029875, 0.0013442013363493455, 0.5590181163736483], [0.0075766516892598595, 3.954842507791522e-05, 7.179807115410354e-05, 0.9923120018145082], [0.10508906790777438, 0.24296482144815124, 0.5756385613770262, 0.07630754926704819], [0.9847383516582995, 0.00012434502149783188, 0.005508220810960049, 0.009629082509242536], [0.9299985913493826, 0.012014027133126298, 0.010915621612376325, 0.04707175990511479], [0.9732125575843312, 0.0249105769561299, 0.0014723175178655333, 0.0004045479416733823], [0.0018591898039790151, 0.15536075664003232, 0.5651009556920733, 0.2776790978639154], [0.08958007022746291, 0.0004177626428510784, 0.013512275200501293, 0.8964898919291848], [0.1083689642434365, 0.029771186931229952, 0.00015940353028152788, 0.861700445295052], [0.024823939705157783, 0.005696363741153867, 0.9172587857133279, 0.05222091084036038], [0.007998259333375743, 0.0392678834519743, 0.8402013457461779, 0.11253251146847212], [0.41761755848576854, 0.038957604177184336, 0.033141612711415344, 0.5102832246256318], [0.021783789987251088, 0.6483288937785536, 0.14053515482900242, 0.18935216140519293], [0.00011719318926349996, 0.9573008972827419, 0.04173347295331208, 0.0008484365746824466], [0.25020704604308186, 0.5167767516357021, 0.23231563036555086, 0.0007005719556651475], [0.08554649368624807, 0.8580747595133787, 0.02164784381940175, 0.034730902980971534], [0.019262224214820097, 0.8147916472279185, 0.05703651699681798, 0.10890961156044343], [0.5911204881145665, 0.07276099274171494, 0.0006277401768388735, 0.3354907789668798], [0.297676907001166, 0.0012539781047561627, 4.469342879083323e-06, 0.7010646455511989], [0.965680952415856, 0.030288637433163703, 0.0028746470190748204, 0.001155763131905504], [0.035332592965312305, 0.041279043035732, 0.11028371620124029, 0.8131046477977154], [0.11705138743365023, 0.013233910611489038, 0.76201796059922, 0.10769674135564065], [0.9823514112000199, 0.0024855176729824875, 0.003080380597274128, 0.012082690529723456], [0.012979472588232918, 0.29041710574363655, 0.6432798719660991, 0.05332354970203131], [0.37201769148025443, 0.09610752330957123, 0.5210350354033128, 0.010839749806861632], [0.30738329837541895, 0.2480523961486654, 0.1141679635267932, 0.33039634194912243], [0.047563708840470335, 0.05135679252586466, 0.002067016167040281, 0.8990124824666248], [0.008615817432427357, 0.9646704576832836, 0.00032769819017217946, 0.026386026694116712], [0.9465102147354418, 0.0015658105344133217, 0.025510610264989225, 0.026413364465155655], [0.05204397511851669, 0.154534758877147, 0.46465089972870943, 0.32877036627562684], [0.22063335532508294, 0.07197824717037406, 0.001026302889204943, 0.7063620946153382], [0.04817075582962047, 0.2613612002380361, 0.6682462737325897, 0.022221770199753767], [0.10031434793779345, 0.3872830690174087, 0.17699054624563923, 0.33541203679915854], [0.14054241317501093, 0.12006715152704933, 0.02620676260262979, 0.71318367269531], [0.8918782867822005, 0.009053006345683326, 0.008656988008937017, 0.09041171886317917], [0.11157337805515166, 0.184929995919817, 0.0021077210723914512, 0.7013889049526398], [0.4854210726150229, 0.010506518170665644, 0.0019593913035397476, 0.5021130179107718], [0.39593034805426275, 0.018002769266401257, 0.583144943243993, 0.002921939435342942], [0.7663290799686431, 0.0427354006182378, 0.023218973291202784, 0.16771654612191625], [0.6438072079218418, 0.15907617990982562, 0.005533120524100086, 0.1915834916442325], [0.0038263110608218595, 0.013982527492860783, 5.645651835338054e-05, 0.9821347049279641], [0.040547040015687465, 0.010284572880298576, 0.07552988422738423, 0.8736385028766296], [0.2640466849148515, 0.6704117395085739, 0.0006542097907796952, 0.06488736578579497], [0.010998151828705179, 0.044958674777979005, 0.22312708739942752, 0.7209160859938882], [0.07025745654057433, 0.005174448950821807, 0.001807870719392042, 0.9227602237892117], [0.6408539355209245, 0.35179369955175055, 0.00018358856085079608, 0.0071687763664741635], [0.057817443200203454, 0.19794712999909367, 0.11891034761564036, 0.6253250791850625], [0.006950121955433579, 0.6780832158042499, 0.30556938311290355, 0.00939727912741292], [0.7716473904610072, 0.13363904928489373, 0.09327556935016089, 0.0014379909039383082], [0.012105025114705648, 0.15202592807614418, 0.007695662053698359, 0.8281733847554518], [0.1405416889159378, 0.3065946156068177, 0.0010246131866433648, 0.5518390822906011]]}, "rewritten": {"ids": ["97105580", "97105760", "97106591", "97106600", "97106820", "97107920", "97108520", "97110950", "97112170", "97113900", "97116410", "98106880", "98107010", "98108580", "98110230", "98111670", "99107560", "99108010", "99108890", "99109141", "99109860", "99110730", "99111000", "99111340", "99111620", "99116500", "99121440", "100109330", "100109360", "100109890", "100111620", "100116790", "101108121", "101108290", "101108580", "101110740", "101111620", "101112160", "101112690", "101115190", "101116130", "102109010", "102110500", "102110690", "102112301", "103109641", "103111110", "103111620", "103111990", "103113210", "103113260", "103120290", "104109311", "104111990", "104113210", "104116441", "104116800", "104116980", "105110251", "105111990", "105112130", "105113330", "105118740", "105119550", "105121190", "106113190", "106113260", "106113830", "106115120", "106115250", "106116370", "106118820", "107112840", "107114280", "107114950", "107116501", "107118120", "107118820", "107120010", "107120880", "108113480", "108115970", "108116070", "108116481", "108118291", "108119330", "108121160", "108121190", "109113281", "109116170", "109116441", "109116750", "109117730", "109119450", "109120540", "110115890", "110115980", "110118161", "110118181", "110118701", "110118740", "110118810", "110119891", "110120640", "110120700", "110121170", "111115780", "111115910", "111116170", "111116640", "111117120", "111117571", "111118301", "111119340", "111119610", "111120260", "111120280", "111120320", "111120531", "112116610", "112117030", "112117580", "112118511", "112118550", "112118581", "112119450", "112119500", "112119580", "112119950", "112121010", "112121030", "112121360", "113118111", "113118490", "113118630", "113118690", "113119300", "113119480", "113120260", "113120591", "113121410", "113122230"], "labels": [1, 0, 1, 3, 1, 0, 2, 3, 0, 2, 3, 0, 3, 0, 3, 1, 1, 2, 0, 3, 2, 3, 2, 1, 3, 2, 2, 0, 0, 3, 3, 2, 0, 0, 0, 3, 3, 3, 1, 1, 2, 1, 3, 0, 1, 1, 3, 0, 2, 3, 3, 2, 3, 2, 3, 1, 1, 1, 0, 2, 1, 3, 1, 1, 2, 0, 3, 1, 1, 2, 2, 3, 1, 3, 3, 1, 3, 3, 1, 1, 0, 2, 1, 0, 3, 0, 2, 1, 0, 0, 3, 0, 3, 3, 1, 2, 1, 0, 1, 3, 3, 1, 3, 0, 2, 2, 1, 2, 0, 0, 2, 3, 3, 3, 2, 3, 0, 1, 0, 1, 2, 0, 1, 3, 1, 3, 2, 3, 0, 2, 0, 3, 1, 1, 3, 3, 1, 3, 3, 0, 0, 1], "predicted_labels": [0, 3, 2, 2, 3, 0, 0, 3, 0, 0, 3, 2, 1, 0, 0, 3, 3, 1, 1, 0, 2, 2, 2, 0, 3, 1, 1, 0, 3, 0, 2, 0, 2, 3, 2, 2, 0, 2, 2, 2, 3, 1, 3, 0, 0, 3, 3, 0, 0, 0, 1, 2, 0, 2, 3, 0, 0, 3, 3, 0, 0, 2, 0, 1, 2, 0, 0, 0, 0, 1, 2, 3, 0, 2, 3, 0, 3, 3, 3, 2, 3, 3, 0, 0, 0, 0, 0, 1, 0, 0, 0, 0, 0, 2, 0, 2, 3, 0, 0, 0, 0, 3, 1, 2, 0, 2, 0, 2, 3, 2, 3, 0, 0, 0, 2, 0, 3, 0, 3, 0, 0, 3, 1, 0, 0, 3, 1, 2, 3, 0, 0, 0, 0, 2, 0, 1, 3, 0, 3, 3, 3, 2], "confidence_scores": [[0.9969879513959804, 0.00019836911565396245, 0.002704783531758645, 0.00010889595660693992], [0.009837128229711086, 0.001141227999538011, 0.011649248913814064, 0.9773723948569367], [0.11603266453068681, 0.0006359754095853045, 0.8287919755650441, 0.05453938449468377], [0.27867192423400716, 0.03965258943620536, 0.676221275559179, 0.005454210770608428], [0.025664162429868305, 0.04119752056415269, 0.08776353285856306, 0.845374784147416], [0.9072658979600967, 0.010764062945455607, 0.00023102004767088476, 0.08173901904677669], [0.7840418061885968, 0.0004939727181694228, 0.2037816162089679, 0.011682604884265993], [0.04683802377570431, 0.13385856261307144, 0.04538540464901557, 0.7739180089622086], [0.9218089985254244, 0.0006350232971015156, 0.004654879347911154, 0.0729010988295629], [0.8909590338260648, 0.0029921159530309997, 0.10522509490335008, 0.0008237553175539053], [0.0004777320609758073, 0.0004470131366843944, 0.0021879212699500144, 0.9968873335323898], [0.2560891389138158, 0.020113192959480133, 0.6241372937638688, 0.0996603743628352], [0.13242436999136317, 0.44065464041396196, 0.2684514634930714, 0.15846952610160342], [0.7503903512928379, 0.034457344554820135, 0.20227789772968038, 0.012874406422661465], [0.7688843621134711, 0.01161312337975485, 0.1835544730268231, 0.035948041479951044], [0.14328614865072967, 0.0032269300803578443, 0.4256284735664648, 0.42785844770244763], [0.4873278568979896, 0.006903675712769784, 0.00021781657773637013, 0.5055506508115043], [0.0010134538408200027, 0.9018942879882096, 0.05827117383361178, 0.03882108433735858], [0.01792837854655795, 0.9440953997554649, 0.008577753071591825, 0.029398468626385302], [0.9985474344298763, 0.00019081472856172178, 0.0010245620461004207, 0.00023718879546145782], [0.018804149598199076, 0.08127109816426678, 0.6433863065827471, 0.256538445654787], [0.0014443543194024699, 0.008354963010046063, 0.6391600887924713, 0.3510405938780801], [0.005354107479776851, 0.0025073476735407232, 0.8680939181812317, 0.12404462666545077], [0.5914441933817567, 0.06909722797597687, 0.3106844290792801, 0.028774149562986292], [0.008847729277319338, 4.181519617358332e-05, 0.0016441795666560914, 0.989466275959851], [0.0012598299070339313, 0.678791921148407, 0.28271132999121507, 0.03723691895334393], [0.004013154887975256, 0.48846620882748004, 0.39917030179519125, 0.10835033448935359], [0.7177664287071666, 0.0008941803572808646, 0.051278148588180715, 0.23006124234737185], [0.062078147048593914, 0.004340095475371253, 0.10605121303034051, 0.8275305444456943], [0.5597498646893994, 0.11811404700551163, 0.28504285387608785, 0.037093234429001115], [0.41154363195426535, 2.3768706547049207e-05, 0.5881726098412187, 0.00025998949796883], [0.9684958507319323, 0.0008722260117604108, 0.03023157884242854, 0.0004003444138789294], [0.006587777928262392, 0.021874352634400015, 0.8489160213707786, 0.12262184806655906], [0.24722655000078744, 0.0820095530596933, 0.007951191539309595, 0.6628127054002096], [0.3052445845457613, 9.856617499523799e-05, 0.46286783577536733, 0.23178901350387615], [0.0014178171731719156, 0.019693742163261755, 0.9768988669753195, 0.001989573688246834], [0.9292623818470839, 9.952793505093185e-06, 0.029909141708120243, 0.0408185236512908], [0.07128657853296338, 0.01984689650840369, 0.9049460459808725, 0.003920478977760552], [0.003178154208792183, 0.45878984069817413, 0.5345726610405603, 0.003459344052473388], [0.20838226025737944, 0.1968808218827336, 0.5917560699161475, 0.002980847943739501], [0.1721035519835362, 0.011613117396748128, 0.29516178354236094, 0.5211215470773547], [0.008787431744282962, 0.9076732785458975, 0.022201029290757394, 0.0613382604190622], [0.03468119690894898, 0.02648855335955696, 0.017940662983544374, 0.9208895867479497], [0.9260987403570861, 0.04889124137419373, 0.0027223468807144485, 0.02228767138800578], [0.9337152375262481, 0.0005537062165112559, 0.058686230172101464, 0.007044826085139275], [0.002437426883858887, 0.0007662019350459621, 0.06686620849233914, 0.929930162688756], [0.1580530666877471, 0.0017813320215716208, 0.0279721978063171, 0.8121934034843643], [0.9283253070306441, 0.00018225076096441858, 0.06391732000450014, 0.0075751222038914585], [0.9400179448434935, 0.047652170693085194, 0.011127505929301394, 0.0012023785341201117], [0.7139296377939018, 0.1914694712704553, 0.08459779782153676, 0.010003093114106014], [0.38489824724793137, 0.4819622123448408, 0.10035316527008321, 0.032786375137144545], [0.004790259152953526, 0.35927364962518293, 0.6350240341588741, 0.000912057062989478], [0.7865418379827851, 0.1187812140081873, 0.015291818583675485, 0.0793851294253521], [0.07612364760985446, 0.009333278524479113, 0.9128072802166591, 0.00173579364900738], [0.014089509640330452, 1.0185826976034294e-05, 0.0006814779378654416, 0.9852188265948281], [0.6094377511474576, 0.09388071736117183, 0.003921433481731015, 0.29276009800963954], [0.9527609807764662, 0.013081240979176826, 0.0012434166298956884, 0.032914361614461166], [0.018486763077534715, 0.13939300103791907, 0.275580957329571, 0.5665392785549752], [0.025935676638132673, 0.026555739179095823, 0.03190134285205138, 0.91560724133072], [0.9626634016718907, 0.01259799016828568, 2.509244235829322e-05, 0.024713515717465395], [0.8323308208291623, 0.07816961701689236, 0.06351642653881191, 0.025983135615133622], [0.4738632045723206, 3.282123558184175e-05, 0.5224642617530174, 0.00363971243908013], [0.5239121826413531, 0.0007022906009474836, 0.0030741741290751965, 0.4723113526286243], [0.3921841976584114, 0.5445507738733254, 0.015080733974206662, 0.04818429449405667], [0.007426801817352885, 0.0005017069288599704, 0.8753644332160729, 0.11670705803771422], [0.663351263418678, 0.0780772145688745, 0.004442280948586109, 0.2541292410638615], [0.956641910707834, 0.026692812710380202, 0.01655959154052384, 0.0001056850412619749], [0.7951319237160926, 0.03577468822710665, 0.03218576286975578, 0.13690762518704497], [0.9256010897782267, 0.07402252813163498, 0.00010432300234996085, 0.0002720590877883904], [0.018792551924511118, 0.64692785354181, 0.3322298264624334, 0.002049768071245459], [0.1039477419270049, 0.06141428911841318, 0.764067913897045, 0.07057005505753693], [0.3981513698412828, 0.0007604236824609204, 8.806200782228295e-05, 0.601000144468434], [0.979140264583938, 0.0001552676790571549, 0.020467898680058848, 0.0002365690569459787], [0.09638782428723341, 0.018917823466077753, 0.8823804465363426, 0.0023139057103461398], [0.18273262867286216, 0.11597430812253848, 0.10778668356279757, 0.5935063796418018], [0.9989060010916511, 0.000157194458022238, 0.0002722282893485276, 0.0006645761609783127], [0.011025940268780014, 6.58330124041442e-05, 0.030125113246484515, 0.9587831134723312], [0.24694019199040834, 0.053753964255208286, 0.005391824928244864, 0.6939140188261386], [0.1732863528659582, 0.18014114477995222, 0.24514819683462424, 0.40142430551946534], [0.2823756860754367, 0.06484906563327833, 0.6125886588784805, 0.040186589412804466], [0.09869990012208357, 0.0009937487492806935, 0.002742409497498743, 0.897563941631137], [0.41470379413760017, 2.3419772794127414e-06, 0.008109540735013535, 0.577184323150107], [0.9743831232345327, 0.01940224680882256, 0.006064060852592891, 0.0001505691040517708], [0.9823035732259603, 0.0008396215250074771, 0.0026920297861015054, 0.0141647754629308], [0.9992299904810183, 0.0002308054525365239, 0.00010631730193748197, 0.0004328867645076859], [0.6345420197981883, 0.00015222983963146444, 0.0024772980415978868, 0.3628284523205825], [0.7331888653871828, 0.22526834516327282, 0.003255510608612401, 0.038287278840932096], [0.3183871390542914, 0.6075073017384823, 0.05277020436526338, 0.021335354841962834], [0.9917406983368482, 0.000155365015373801, 2.335577818979509e-06, 0.008101601069958943], [0.5123535093072998, 0.05406149700704735, 0.019351736865531224, 0.41423325682012163], [0.5513434684631325, 0.02005918415961476, 0.0003894323530753846, 0.42820791502417727], [0.4118569337397733, 0.3083662811259143, 0.03534598693192654, 0.24443079820238595], [0.975207041260573, 0.019202579388612334, 0.004711291599867123, 0.000879087750947531], [0.01827760676904203, 0.004195337004111968, 0.7506116580295694, 0.2269153981972765], [0.9619698988030404, 0.03376595710443271, 0.004166414469968038, 9.772962255887315e-05], [0.0011685794607486754, 0.004145704330350127, 0.8020739659063248, 0.1926117503025763], [0.07788532754273593, 0.0003780154092769071, 0.0034672103465056884, 0.9182694467014815], [0.9991716708156438, 3.260237664624803e-05, 0.0006104653336808083, 0.00018526147402906173], [0.9504142885661765, 0.04720742471072304, 6.540177254178488e-05, 0.002312884950558837], [0.7958200561182126, 0.000478083857739103, 0.05736588004746655, 0.14633597997658168], [0.7694526982459794, 0.00024689779802013494, 0.20126759443654743, 0.029032809519453123], [0.18165448126793357, 0.0065789556651890515, 0.13837030358100208, 0.6733962594858752], [0.05149026993493727, 0.5025448083201315, 0.13794055177116618, 0.308024369973765], [0.046484375893213255, 0.006803048863566247, 0.9332338081801962, 0.01347876706302432], [0.4781598032324414, 0.10659045434507582, 0.31714462933722937, 0.09810511308525344], [0.09255933849371059, 8.18537270865209e-05, 0.803328039463545, 0.1040307683156577], [0.9645521913916445, 0.014632606441907024, 0.0055210648969445855, 0.015294137269503714], [0.014842795135350586, 0.2734794436347431, 0.6880527572375674, 0.02362500399233888], [0.0006217857155508371, 0.026525059051674234, 0.0011112671284997386, 0.9717418881042753], [0.17325446283707274, 0.047496997762845564, 0.7791523909131075, 9.614848697417809e-05], [0.20791192787855203, 0.15420540175041203, 0.051316958401036686, 0.5865657119699993], [0.9995241806238805, 6.922529755690345e-06, 0.0002838040782473061, 0.00018509276811638686], [0.9214450051842283, 0.00048367161891457413, 0.035428057270041106, 0.04264326592681593], [0.49592502519823534, 0.12150054342233899, 0.004294927821781243, 0.3782795035576445], [0.10009877226729408, 0.025784703961128835, 0.8546572655203988, 0.019459258251178255], [0.9810392070548623, 0.01064937479477921, 0.006341139790456687, 0.0019702783599018264], [0.03228768455145071, 0.026671906682761242, 0.012270321962320965, 0.928770086803467], [0.9533568284718607, 0.0001388203415485123, 0.015751771757841503, 0.03075257942874921], [0.00012114454057366014, 0.07753816956399891, 0.019778597221977834, 0.9025620886734496], [0.7100509750757651, 0.11063583361509012, 0.07957801883977837, 0.09973517246936643], [0.8797660323744467, 0.0018484518446111218, 0.031345700013419193, 0.08703981576752289], [0.09793558750071861, 0.008800736502206825, 0.0006373259298295571, 0.892626350067245], [0.01777298386332391, 0.9164357688884138, 0.004700275495350603, 0.061090971752911685], [0.9096354665273666, 0.0014184771217368448, 0.001745951666222382, 0.08720010468467422], [0.3746101911651578, 0.11471984442774105, 0.22683756331284746, 0.28383240109425373], [0.38713344658482113, 0.0015280990935745782, 9.315309958425624e-05, 0.61124530122202], [0.3663958187063295, 0.4662445685430461, 0.166876555386981, 0.00048305736364346073], [0.09291846264262207, 0.07867111708435842, 0.6806773040672233, 0.14773311620579616], [0.49336871691089107, 0.003105590197421215, 0.0020071178669452835, 0.5015185750247424], [0.9249471888447669, 0.057638460328567516, 0.007689474123953471, 0.009724876702712142], [0.9302913028572335, 0.005340106781849643, 0.042017734585440475, 0.02235085577547617], [0.952597164259419, 0.03763955873185338, 0.005826825066913572, 0.003936451941814068], [0.6594384564406369, 0.2162525056590737, 0.003788804229303399, 0.12052023367098609], [0.30176550754487547, 0.03741461526224908, 0.41113825263455417, 0.2496816245583212], [0.7831345456970837, 0.00258146644092817, 0.004762261920543208, 0.20952172594144483], [0.14781340005580715, 0.5883940589304681, 0.23722491091342113, 0.02656763010030353], [0.012608308192018433, 0.0010688898240727783, 0.0009950220286437945, 0.985327779955265], [0.9863016053535476, 0.000600364643084123, 4.923679087853922e-05, 0.01304879321248964], [0.25675046741459956, 0.006321036999524817, 0.2743707413448152, 0.4625577542410605], [0.06240434446934815, 0.009525968408001045, 0.00019933886981503144, 0.9278703482528359], [0.02371743909350198, 0.01821090824861743, 0.05186393613920886, 0.9062077165186717], [0.4633440984773009, 0.01739106567192183, 0.5184900927960815, 0.0007747430546958316]]}}