{"test": {"ids": ["107113840", "105112260", "110117110", "112117030", "111114321", "110119891", "113118421", "112120640", "97111790", "108115500", "103118291", "101111140", "97106591", "112118810", "109119591", "97107821", "112119120", "97108520", "99112641", "106118161", "100112060", "101108290", "112116850", "98110230", "112117790", "110117500", "109117431", "113121010", "105113210", "103110220", "112120700", "110121170", "111119430", "108113740", "109117110", "112118161", "97118210", "99107300", "99110050", "105117431", "100111380", "102112250", "98106680", "97105960", "100110050", "111118820", "109113881", "113122150", "108121351", "110114610", "110118810", "106121220", "98109230", "111116290", "101119591", "101114990", "103111620", "97106820", "97107681", "99121440", "110118161", "113122190", "109118820", "110113591", "103110100", "107114200", "98116090", "112119500", "100108990", "110116441", "110115140", "111119580", "113120830", "109115380", "106116370", "113118690", "107118820", "98111670", "107119130", "111118301", "98108970", "111117571", "106116850", "99120010", "106111321", "111120320", "109116810", "108114270", "105120621", "111114941", "99108890", "98116940", "103111930", "106120290", "97106770", "112119930", "111116040", "102113350", "102110240", "110114720", "99111620", "111115770", "106116441", "100111620", "99108460", "102109910", "110118630", "105113440", "101109370", "107116340", "112118930", "108113480", "105116980", "112120630", "104111830", "104110960", "101108950", "111119930", "110121140", "98108580", "104114230", "100109360", "99111340", "98109311", "113118490", "106113260", "108115880", "112121010", "112119950", "100109330", "108119510", "112116810", "113122180", "110115980", "101121640", "106113830", "108116120", "113121980", "97116401", "102110890", "102110850", "106112770"], "labels": [3, 3, 0, 2, 1, 3, 3, 0, 2, 3, 0, 2, 1, 3, 0, 2, 1, 2, 1, 3, 2, 0, 0, 3, 3, 1, 1, 2, 3, 2, 2, 2, 3, 3, 1, 0, 2, 3, 3, 1, 3, 0, 1, 2, 3, 0, 0, 2, 3, 1, 1, 1, 1, 2, 0, 3, 0, 1, 3, 2, 0, 1, 3, 0, 1, 2, 0, 2, 2, 3, 0, 3, 3, 3, 2, 3, 3, 1, 1, 3, 3, 3, 3, 2, 0, 1, 3, 3, 1, 0, 0, 2, 3, 2, 3, 1, 0, 3, 3, 3, 3, 3, 0, 3, 0, 2, 1, 0, 1, 3, 1, 0, 0, 3, 3, 2, 2, 1, 3, 0, 2, 0, 1, 1, 1, 3, 3, 2, 0, 0, 1, 3, 2, 1, 2, 1, 1, 2, 3, 0, 3, 1], "predicted_labels": [1, 1, 1, 1, 1, 1, 3, 3, 0, 1, 0, 1, 1, 3, 1, 1, 0, 1, 1, 1, 1, 0, 1, 1, 3, 1, 0, 1, 3, 1, 1, 3, 1, 0, 1, 0, 3, 3, 1, 1, 1, 3, 1, 1, 1, 0, 0, 1, 0, 1, 1, 1, 1, 1, 3, 1, 1, 1, 0, 1, 1, 1, 1, 0, 1, 1, 1, 1, 1, 1, 3, 0, 1, 1, 0, 3, 1, 1, 1, 3, 1, 3, 1, 1, 3, 3, 1, 1, 3, 1, 1, 1, 1, 3, 1, 3, 3, 3, 1, 1, 1, 0, 1, 0, 0, 3, 1, 1, 1, 1, 1, 1, 0, 3, 1, 1, 1, 3, 0, 1, 1, 3, 2, 1, 3, 1, 3, 1, 3, 1, 3, 1, 3, 0, 1, 0, 0, 0, 1, 3, 1, 1], "confidence_scores": [[0.26766672800883334, 0.3197869193671825, 0.19039376179376186, 0.2221525908302226], [0.22585316905316913, 0.32942481129981144, 0.17575901875901873, 0.2689630008880009], [0.2539883116883118, 0.3247530414030411, 0.1679687756687758, 0.25328987123987134], [0.21918530358530372, 0.289330735930736, 0.21589593739593754, 0.2755880230880232], [0.28817841602841626, 0.2906977272727272, 0.1492153235653236, 0.27190853313353314], [0.253108417399594, 0.2944417249417248, 0.15831342938107656, 0.29413642827760483], [0.2850438228438228, 0.2600002081252083, 0.15520279165279163, 0.29975317737817736], [0.2919314574314573, 0.2788055833055832, 0.13054853479853487, 0.29871442446442453], [0.2866242590742592, 0.2675512432012433, 0.1924516428016428, 0.25337285492285505], [0.2428624633536399, 0.32349064073181744, 0.17763310578310582, 0.2560137901314373], [0.31877418692418674, 0.26202546897546897, 0.13516830946830946, 0.28403203463203464], [0.27559266844266833, 0.27649728604728613, 0.1947654439128124, 0.25314460159723334], [0.25212646242646247, 0.3025670496170496, 0.19047846042846053, 0.25482802752802763], [0.26873071373071383, 0.2646304834054835, 0.18040780885780894, 0.2862309940059941], [0.24696376401376416, 0.29713894438894434, 0.16585406815406822, 0.29004322344322325], [0.2778935378347144, 0.3021577768636593, 0.2097397109426522, 0.21020897435897457], [0.29796141081141064, 0.2738274170274171, 0.15518550338550338, 0.2730256687756689], [0.22667721167721178, 0.2878717948717951, 0.2304416888666888, 0.2550093045843046], [0.2823520868020868, 0.2977349206349206, 0.1605046120546121, 0.25940838050838055], [0.2979068883730647, 0.327997908464085, 0.14771003996004, 0.22638516320281027], [0.2511972305472306, 0.2793100530188766, 0.2044181179931181, 0.26507459844077486], [0.30169227994227993, 0.27452032134532145, 0.1417818403818404, 0.28200555833055835], [0.23779278499278508, 0.3020665584415586, 0.1627974497724499, 0.2973432067932069], [0.2556845654345655, 0.3445256743256742, 0.1838836052836053, 0.21590615495615514], [0.24845996503496523, 0.2580736457986459, 0.15463091630591638, 0.338835472860473], [0.26518621933621944, 0.31802705072705056, 0.17418286158286156, 0.24260386835386838], [0.31841631424131406, 0.2879585275835277, 0.13203087468087474, 0.26159428349428365], [0.21802972027972053, 0.32921017871017877, 0.19763961038961053, 0.2551204906204908], [0.2670435009435011, 0.23446665001665018, 0.15878953268953272, 0.3397003163503162], [0.25200222081839735, 0.25868008462126113, 0.2320008808185278, 0.2573168137418139], [0.20510871350871357, 0.3255570707070707, 0.1739444610944611, 0.29538975468975476], [0.2408785103785105, 0.2855528305028306, 0.16279547674547687, 0.3107731823731826], [0.25016593406593407, 0.28426995022521345, 0.19441293910767607, 0.27115117660117677], [0.2812710919799156, 0.27796957486957496, 0.17310629370629396, 0.26765303944421587], [0.23082912087912114, 0.36268318903318897, 0.16677978524743237, 0.23970790484025783], [0.3091444250194249, 0.3066344683094685, 0.12792676767676772, 0.25629433899433907], [0.25856790235907895, 0.24737748917748933, 0.22776775446775446, 0.2662868539956776], [0.2626301587301588, 0.23332011599511598, 0.1705924464424466, 0.3334572788322787], [0.24331127287744939, 0.3073843925682161, 0.1870534188034188, 0.2622509157509158], [0.2318183927183929, 0.3450124042624041, 0.15402444222444228, 0.26914476079476096], [0.2687290598290599, 0.2909161061161062, 0.19370673215673226, 0.24664810189810202], [0.2579895568483806, 0.24670096015096019, 0.15761103896103903, 0.3376984440396204], [0.23105589965589965, 0.3031632978132977, 0.23497276612276624, 0.2308080364080366], [0.25653980463980475, 0.281989552114552, 0.19743813131313137, 0.26403251193251204], [0.21557450327450345, 0.3117596958596959, 0.2214440170940173, 0.25122178377178384], [0.32567196692196687, 0.2950795815295816, 0.14546702186702187, 0.23378142968142973], [0.36893779276279265, 0.2766191336441337, 0.14455870795870804, 0.20988436563436566], [0.2468427905427905, 0.3264441502941506, 0.16408634143634146, 0.2626267177267178], [0.2916923627026569, 0.27453140437993384, 0.17961507936507942, 0.25416115355233004], [0.22648649128649137, 0.324452308802309, 0.21433082473082476, 0.2347303751803753], [0.27945115995116, 0.2874919635919635, 0.15361802086802104, 0.2794388555888556], [0.21142153483771137, 0.3093367307529072, 0.1965037185037186, 0.28273801590566294], [0.24155583305583309, 0.2669483072483075, 0.2565847707847709, 0.234911088911089], [0.2674725575078517, 0.290831132429662, 0.18972327672327677, 0.2519730333392099], [0.2877611452273216, 0.27886998279498304, 0.14367180597180612, 0.2896970660058897], [0.25189314574314575, 0.32951440226440226, 0.18721822621822634, 0.23137422577422592], [0.22251385281385283, 0.29554393939393947, 0.2020478854478855, 0.2798943223443225], [0.22069640963611556, 0.3261936091686093, 0.16842238823268238, 0.2846875929625929], [0.3246677933177933, 0.29010349650349637, 0.15197505827505828, 0.23325365190365208], [0.21791084471084485, 0.3179975468975471, 0.206370757020757, 0.25772085137085143], [0.2819849872349872, 0.3006569985569987, 0.15970270840270845, 0.25765530580530593], [0.24027773615273634, 0.3154800144300145, 0.16249784104784112, 0.28174440836940834], [0.26581922244422257, 0.2918373820623822, 0.1654387085137086, 0.27690468697968684], [0.30306824645942293, 0.28964575783693436, 0.13081823176823182, 0.276467763935411], [0.22198943833943843, 0.33607397047397036, 0.17961395826395832, 0.262322632922633], [0.2054645410145411, 0.32692055722055724, 0.18739698634698634, 0.2802179154179154], [0.20445572760572772, 0.34276395826395817, 0.1853451603951606, 0.2674351537351539], [0.2474460067710069, 0.34739710012209996, 0.17554222999223, 0.22961466311466328], [0.22050414030414034, 0.3136367909867909, 0.22572600177600186, 0.24013306693306707], [0.21414977799977802, 0.31983706571206566, 0.17519985569985583, 0.2908133005883008], [0.2723474858474859, 0.2300376345876347, 0.19699146409146415, 0.30062341547341553], [0.3109648462648462, 0.2655203463203463, 0.1474235653235654, 0.27609124209124225], [0.26135525585525576, 0.292882659737923, 0.19882839032312724, 0.24693369408369423], [0.2645227494727495, 0.2884230269730272, 0.19198354423354425, 0.25507067932067934], [0.29838273670773663, 0.2405495254745256, 0.16963376623376625, 0.2914339715839717], [0.23488539793539803, 0.28529571866042436, 0.17643657127186543, 0.3033823121323123], [0.2442463314463315, 0.29545944610944624, 0.19412735597735603, 0.2661668664668664], [0.24686062826062838, 0.28472465589965584, 0.20382352924852928, 0.2645911865911869], [0.21626857031857044, 0.32488706848706844, 0.1824983294483295, 0.27634603174603184], [0.2741841713841714, 0.2707598346098346, 0.16895551670551684, 0.2861004773004774], [0.18555184260184268, 0.3346879120879124, 0.25807949827949833, 0.22168074703074706], [0.285102036852037, 0.2900099733599733, 0.13372676212676216, 0.29116122766122793], [0.18880670995671003, 0.32399237429237443, 0.23850745365745377, 0.24869346209346216], [0.26364002941502945, 0.3141781496281497, 0.1692901404151405, 0.25289168054168065], [0.2760140526140527, 0.27839419469419474, 0.1613654900654901, 0.28422626262626266], [0.2633289377289378, 0.26839305139305153, 0.1829735153735154, 0.2853044955044954], [0.25980889110889127, 0.30917027972027955, 0.18417730047730058, 0.2468435286935289], [0.23331899766899766, 0.33634624819624825, 0.15890179265179266, 0.2714329614829615], [0.2962097366685604, 0.28922596847596843, 0.11826634476634487, 0.29629795008912657], [0.2427126762126762, 0.34698097458097477, 0.1262667610167611, 0.2840395881895882], [0.21743217893217914, 0.3530475635475636, 0.21547192252192263, 0.2140483349983351], [0.21702494727494734, 0.3619732212232213, 0.17766623376623392, 0.24333559773559782], [0.24458176823176828, 0.295377417027417, 0.21605284160284177, 0.2439879731379734], [0.19913373685138397, 0.29605984734220014, 0.2047645354645355, 0.30004188034188023], [0.2545367354867358, 0.26876640581640593, 0.22691340881340893, 0.24978344988345], [0.264792287451111, 0.2523446830946834, 0.20710288600288615, 0.27576014345131994], [0.27838441199323577, 0.21517157923775568, 0.1416646040234276, 0.3647794047455813], [0.21081364746364753, 0.2938486541236542, 0.19249415306915318, 0.3028435453435455], [0.2645251137751139, 0.2730531912531913, 0.21978480408480425, 0.24263689088689094], [0.22500308025308033, 0.3114813658563661, 0.20113500666000675, 0.2623805472305474], [0.20040982905982901, 0.3453316017316017, 0.21696952491952493, 0.23728904428904438], [0.29903231768231786, 0.28011103896103895, 0.14765861360861357, 0.27319802974802976], [0.261270715885422, 0.31121633921633923, 0.15642325125854534, 0.2710896936396939], [0.2740303363303363, 0.2675348873348874, 0.21676824841824843, 0.24166652791652798], [0.293669474969475, 0.2773592130092132, 0.1540472194472195, 0.2749240925740926], [0.26143594738594744, 0.2406767676767678, 0.20359984459984462, 0.2942874403374403], [0.23724900099900106, 0.3012715451215451, 0.17863318348318358, 0.28284627039627036], [0.23405770895770905, 0.35121206571206587, 0.15993918858918862, 0.2547910367410368], [0.20753871128871143, 0.3617348623598622, 0.18777504717504725, 0.24295137917637938], [0.23850123601888304, 0.30222695800931104, 0.2099972194472196, 0.24927458652458664], [0.26465383505383516, 0.3000369297369297, 0.16395111555111555, 0.2713581196581197], [0.2225240037740038, 0.2796925185925186, 0.23347349872349896, 0.26430997890997887], [0.2969441114441114, 0.2947814019314021, 0.12842650127650132, 0.27984798534798533], [0.3130216006216006, 0.23503517593517595, 0.12675289710289717, 0.32519032634032635], [0.20252337662337666, 0.3301180264180267, 0.18847408979908992, 0.27888450715950713], [0.1919113497613499, 0.27897485847485853, 0.2559463342213343, 0.2731674575424574], [0.22081158286158298, 0.29379061494061465, 0.22866534576534572, 0.2567324564324565], [0.2556326859415097, 0.26267117376087973, 0.18405796784914435, 0.2976381724484666], [0.3062522866022867, 0.2537369186369187, 0.16813371628371643, 0.2718770784770784], [0.23019164724164734, 0.3107637196137196, 0.20795006660006657, 0.25109456654456663], [0.24385087135087138, 0.3005115218115216, 0.16300134865134877, 0.29263625818625827], [0.2882484515484515, 0.2465808302808303, 0.1763553058053059, 0.28881541236541247], [0.23298881951381964, 0.2717255863417631, 0.2739098873348873, 0.22137570680953023], [0.2582690392940393, 0.3150425824175824, 0.16641034521034523, 0.26027803307803304], [0.26439775224775247, 0.2655599095349098, 0.14385247530247533, 0.3261898629148631], [0.2702538536626771, 0.2883349131260896, 0.22403136308136312, 0.2173798701298703], [0.2810136197136198, 0.2613474136974137, 0.17180881895881903, 0.2858301476301477], [0.2569452733540968, 0.30381787738405375, 0.1681502331002332, 0.2710866161616161], [0.31237696470196463, 0.21910101287601294, 0.13811308136308134, 0.3304089410589409], [0.29804849235731584, 0.30243441558441575, 0.14700528915528918, 0.25251180290297937], [0.26894855699855724, 0.2712679875679874, 0.16060827505827519, 0.29917518037518037], [0.2408409590409591, 0.30092559662559665, 0.21087746142746147, 0.2473559829059831], [0.20882117327117336, 0.2804209398444693, 0.2212889225153931, 0.2894689643689644], [0.29211132756132774, 0.268812407037407, 0.19240144577644583, 0.24667481962481977], [0.2392425352425353, 0.3117232323232323, 0.20797675102675106, 0.24105748140748154], [0.30785634920634913, 0.26711859251859277, 0.16163472638472634, 0.26339033189033195], [0.3408564296814298, 0.27033656066156064, 0.16937551892551905, 0.2194314907314908], [0.31760576090576104, 0.2935394993894993, 0.1351617882117883, 0.2536929514929517], [0.30337934287934315, 0.3178520396270395, 0.14447638750138753, 0.23429222999223007], [0.24522010212010217, 0.2779408563658565, 0.18111114718614732, 0.29572789432789426], [0.26169725829725815, 0.296138974913975, 0.2037681401931402, 0.23839562659562674], [0.18754742479742492, 0.34044859307359304, 0.1996994755244756, 0.2723045066045066]]}, "rewritten": {"ids": ["97105960", "97106591", "97106770", "97106820", "97107681", "97107821", "97108520", "97111790", "97116401", "97118210", "98106680", "98108580", "98108970", "98109230", "98109311", "98110230", "98111670", "98116090", "98116940", "99107300", "99108460", "99108890", "99110050", "99111340", "99111620", "99112641", "99120010", "99121440", "100108990", "100109330", "100109360", "100110050", "100111380", "100111620", "100112060", "101108290", "101108950", "101109370", "101111140", "101114990", "101119591", "101121640", "102109910", "102110240", "102110850", "102110890", "102112250", "102113350", "103110100", "103110220", "103111620", "103111930", "103118291", "104110960", "104111830", "104114230", "105112260", "105113210", "105113440", "105116980", "105117431", "105120621", "106111321", "106112770", "106113260", "106113830", "106116370", "106116441", "106116850", "106118161", "106120290", "106121220", "107113840", "107114200", "107116340", "107118820", "107119130", "108113480", "108113740", "108114270", "108115500", "108115880", "108116120", "108119510", "108121351", "109113881", "109115380", "109116810", "109117110", "109117431", "109118820", "109119591", "110113591", "110114610", "110114720", "110115140", "110115980", "110116441", "110117110", "110117500", "110118161", "110118630", "110118810", "110119891", "110121140", "110121170", "111114321", "111114941", "111115770", "111116040", "111116290", "111117571", "111118301", "111118820", "111119430", "111119580", "111119930", "111120320", "112116810", "112116850", "112117030", "112117790", "112118161", "112118810", "112118930", "112119120", "112119500", "112119930", "112119950", "112120630", "112120640", "112120700", "112121010", "113118421", "113118490", "113118690", "113120830", "113121010", "113121980", "113122150", "113122180", "113122190"], "labels": [2, 1, 3, 1, 3, 2, 2, 2, 3, 2, 1, 0, 3, 1, 1, 3, 1, 0, 2, 3, 0, 0, 3, 1, 3, 1, 2, 2, 2, 0, 0, 3, 3, 3, 2, 0, 2, 1, 2, 3, 0, 2, 2, 3, 3, 0, 0, 3, 1, 2, 0, 3, 0, 2, 3, 2, 3, 3, 0, 0, 1, 1, 0, 1, 3, 1, 2, 0, 3, 3, 2, 1, 3, 2, 3, 3, 1, 0, 3, 3, 3, 3, 1, 1, 3, 0, 3, 3, 1, 1, 3, 0, 0, 1, 3, 0, 1, 3, 0, 1, 0, 1, 1, 3, 3, 2, 1, 0, 3, 0, 2, 3, 3, 0, 3, 3, 1, 1, 3, 0, 2, 3, 0, 3, 1, 1, 2, 1, 0, 3, 0, 2, 2, 3, 1, 3, 3, 2, 2, 2, 2, 1], "predicted_labels": [3, 0, 1, 1, 0, 1, 1, 0, 1, 3, 1, 1, 1, 1, 1, 1, 1, 1, 1, 3, 0, 1, 0, 1, 1, 1, 1, 1, 1, 1, 1, 1, 1, 1, 1, 1, 1, 1, 3, 1, 0, 1, 0, 3, 1, 3, 3, 3, 1, 3, 1, 3, 3, 1, 3, 3, 1, 3, 1, 1, 1, 0, 1, 1, 1, 0, 0, 3, 1, 0, 1, 3, 1, 1, 1, 1, 1, 1, 0, 3, 1, 0, 0, 1, 1, 0, 1, 1, 1, 1, 1, 1, 1, 1, 1, 3, 0, 1, 1, 1, 1, 1, 0, 1, 0, 3, 1, 1, 0, 0, 1, 1, 0, 1, 3, 0, 3, 1, 0, 3, 3, 3, 1, 0, 0, 3, 1, 3, 3, 3, 0, 1, 1, 0, 3, 3, 1, 1, 0, 1, 1, 1], "confidence_scores": [[0.2623836108336109, 0.25920517260517273, 0.20298556998557002, 0.27542564657564655], [0.3842164557664559, 0.30563270618270627, 0.12552837717837723, 0.18462246087246093], [0.24778379953379961, 0.3019395770895771, 0.23929866244866255, 0.21097796092796103], [0.22208109162079762, 0.30689044011544026, 0.1915979571082514, 0.27943051115551126], [0.318705266955267, 0.29334708069708065, 0.14737836607836616, 0.24056928626928645], [0.275830245571422, 0.3156669593478417, 0.21211996957291077, 0.1963828255078256], [0.24630390720390738, 0.28858699078699107, 0.22266181041181043, 0.2424472915972917], [0.27848895548895564, 0.2611905871905872, 0.20220465090465095, 0.2581158064158065], [0.28227743922743936, 0.35118878898878886, 0.16821145521145536, 0.19832231657231664], [0.24485189614307273, 0.24264769119769142, 0.23768030858030875, 0.2748201040789276], [0.28356319236319255, 0.30922353757353743, 0.18477754467754468, 0.2224357253857255], [0.24229518259518282, 0.316029797979798, 0.19276349761349773, 0.24891152181152182], [0.1977847263847265, 0.3360438172938174, 0.23375430125430152, 0.2324171550671551], [0.22776966366966378, 0.28151302586302607, 0.26747476967476974, 0.22324254079254072], [0.264285447885448, 0.29398893328893333, 0.1646206016206017, 0.27710501720501723], [0.2727672854922856, 0.33486505357387686, 0.15622963147963154, 0.23613802945420603], [0.26848907758907764, 0.29435187867687873, 0.1911642857142857, 0.24599475801975818], [0.22565387390387406, 0.30385675990675987, 0.2195885447885449, 0.2509008214008215], [0.20892349872349883, 0.350137445887446, 0.18436909201909213, 0.2565699633699633], [0.2648436285936287, 0.25618885281385284, 0.18399855699855713, 0.29496896159396174], [0.2911734487734488, 0.28129828504828497, 0.16546500721500731, 0.2620632589632591], [0.21334715284715305, 0.34597729215229206, 0.24016016956899308, 0.20051538543156192], [0.3058094128094129, 0.2944884088134088, 0.16375753968253967, 0.2359446386946387], [0.26209610944610956, 0.2643573815073815, 0.26376051171051185, 0.20978599733599723], [0.2340303918303919, 0.33802693417693414, 0.21477765567765578, 0.2131650183150184], [0.2940068320568322, 0.31932678987678975, 0.15739870129870132, 0.22926767676767665], [0.2684988317238319, 0.3140473026973028, 0.18327424519924534, 0.23417962037962053], [0.25933215118215114, 0.32646768231768253, 0.17662045454545472, 0.23757971195471211], [0.22562150627150634, 0.33180587190587185, 0.21408330558330568, 0.2284893162393164], [0.28038858363858365, 0.3140915750915752, 0.16228943833943837, 0.24323040293040302], [0.2564606615606616, 0.2889702741702742, 0.18434371184371187, 0.27022535242535245], [0.21229658119658132, 0.2907381895881896, 0.23831133311133312, 0.2586538961038962], [0.2509856976356978, 0.2889935148185149, 0.21449570152070152, 0.24552508602508621], [0.22558262848262844, 0.3331507936507937, 0.19556444111444116, 0.24570213675213676], [0.25624802974802974, 0.2868255772005772, 0.20633805083805087, 0.25058834221334214], [0.26117356532356534, 0.28465226162726176, 0.17603681873681873, 0.2781373543123543], [0.2014402486402488, 0.31484097014096984, 0.22247852147852148, 0.2612402597402597], [0.24248051948051966, 0.3032605394605394, 0.22211412753912774, 0.23214481351981367], [0.25467178932178947, 0.2409423742923745, 0.19185358530358548, 0.312532251082251], [0.21433177378177376, 0.2987020091020092, 0.24456316461316469, 0.24240305250305255], [0.3240835339497107, 0.2778686729936732, 0.1357345376845376, 0.262313255372079], [0.2707830003330004, 0.2842480297480299, 0.19826193251193255, 0.24670703740703753], [0.28899428904428903, 0.2456651293151294, 0.17965954600954614, 0.28568103563103553], [0.25626753801753815, 0.2798826839826843, 0.16970858030858038, 0.2941411976911978], [0.23485916583416605, 0.30060086302586303, 0.19880162615162628, 0.2657383449883451], [0.27697282162282183, 0.2569451798201798, 0.1708273088023089, 0.2952546897546897], [0.25697402238284606, 0.2608049894549894, 0.14823957708957716, 0.33398141107258744], [0.2141432123432124, 0.2990603396603397, 0.17479122266622274, 0.31200522533022534], [0.2379928626928627, 0.33275453990453996, 0.1755141580641581, 0.2537384393384395], [0.22315276390276398, 0.2683240703740706, 0.2165674547674548, 0.2919557109557111], [0.2206054834054835, 0.29028318903318917, 0.2146002164502165, 0.274511111111111], [0.23626139971139984, 0.26657854922854934, 0.2143270063270065, 0.2828330447330448], [0.2947139360639361, 0.24893227328227333, 0.15369146409146422, 0.3026623265623265], [0.19932967587967587, 0.29274226606726617, 0.2518708652458654, 0.2560571928071929], [0.25290403485403495, 0.2767680042180043, 0.17895527250527257, 0.2913726884226884], [0.25036550116550127, 0.274670657120657, 0.1655817404817405, 0.309382101232101], [0.23051081141081145, 0.3231586136086136, 0.18771941114441115, 0.258611163836164], [0.2696412753912754, 0.24655935175935195, 0.1903722166722168, 0.2934271561771561], [0.20170478410478426, 0.33989879009879026, 0.19971958041958043, 0.2586768453768454], [0.25898677711177726, 0.3185863220113219, 0.14855425685425694, 0.2738726440226441], [0.27115848040848045, 0.31984663669663654, 0.1895093517593519, 0.2194855311355312], [0.3041175990675993, 0.2761658397158398, 0.1325314241314242, 0.28718513708513704], [0.27131018426018433, 0.30648015318015337, 0.1482417027417028, 0.2739679598179599], [0.21058998223998227, 0.3290342685092684, 0.21828035020535017, 0.2420953990453991], [0.28891017511899864, 0.28974410393528044, 0.19833121878121882, 0.22301450216450228], [0.3178376623376623, 0.24023975468975473, 0.16725904095904093, 0.27466354201354215], [0.2937606032856032, 0.25743791486291495, 0.1816944999444999, 0.2671069819069819], [0.27682735597735614, 0.2762646353646356, 0.15408785103785105, 0.29282015762015773], [0.20876717726717733, 0.29689982794982794, 0.2519207570207571, 0.2424122377622379], [0.30828002553002565, 0.3022431623931624, 0.1585572871572873, 0.23091952491952497], [0.2164957803634276, 0.3178139876463406, 0.1761215950715951, 0.289568636918637], [0.22552702379320044, 0.2876817523979289, 0.19337293817293824, 0.29341828563593275], [0.2951209349130401, 0.3072289551092182, 0.16337943722943726, 0.23427067274830451], [0.23051128871128887, 0.297796966921967, 0.18777012432012433, 0.2839216200466201], [0.21736071542836255, 0.29040854309089603, 0.22812023532023548, 0.26411050616050646], [0.24191067821067838, 0.2953001221001221, 0.170411038961039, 0.2923781607281607], [0.2681888888888888, 0.2853945110445111, 0.20411077451959822, 0.24230582554700208], [0.1992667388167388, 0.2947590631590634, 0.23464713619713623, 0.2713270618270618], [0.2797080253080254, 0.2678475330225331, 0.17980442335442354, 0.27264001831501833], [0.2279117271617271, 0.3012241980241981, 0.15976247086247092, 0.3111016039516038], [0.22127299922299937, 0.2943871905871905, 0.2606234321234321, 0.22371637806637815], [0.2821146742146743, 0.2743533966033967, 0.17412434787434788, 0.26940758130758136], [0.34185357975357983, 0.24769895382395377, 0.1580573038073039, 0.25239016261516267], [0.2668350038850042, 0.31273353868353854, 0.12752558552558557, 0.292905871905872], [0.26685735930735943, 0.29693744588744597, 0.1888545232545233, 0.2473506715506718], [0.37188440725940725, 0.2594866300366301, 0.1476542846042847, 0.22097467809967816], [0.24535828419946085, 0.3010961280549516, 0.18738623598623608, 0.2661593517593518], [0.21188962148962162, 0.33408924963924946, 0.19114006549006554, 0.2628810633810636], [0.2273157453657455, 0.32556986314339253, 0.1700807029571736, 0.2770336885336886], [0.2760677294927294, 0.3143114357864358, 0.17138311133311152, 0.23823772338772348], [0.25626918636918644, 0.2927483849483849, 0.17431022311022312, 0.2766722055722055], [0.24540407370407386, 0.30816165501165493, 0.1789652736152736, 0.26746899766899773], [0.28032781466899126, 0.31618626732744387, 0.16294264624264634, 0.24054327176091886], [0.22309089244089253, 0.34557692552545494, 0.18972511132658196, 0.2416070707070708], [0.24036062826062843, 0.3158581585081587, 0.1903066849816851, 0.2534745282495282], [0.2865351481851484, 0.2196697691197693, 0.2023356865356866, 0.2914593961593962], [0.2747032356532359, 0.26294855144855156, 0.2199282126370363, 0.24242000026117685], [0.23531725496725506, 0.2993763986013987, 0.1752406704406705, 0.290065675990676], [0.23804541014541025, 0.3391132756132755, 0.1686644522144524, 0.25417686202686224], [0.2839545454545455, 0.28709426684426675, 0.1678823343323344, 0.2610688533688533], [0.32096053946053926, 0.3559307858807859, 0.11499319014319014, 0.20811548451548464], [0.23639230214230234, 0.2941411727161726, 0.20716483516483533, 0.2623016899766901], [0.2923632237044002, 0.27899356558474203, 0.17219691419691435, 0.2564462965139437], [0.2319503920915687, 0.31641488511488514, 0.17012859754624465, 0.2815061252473018], [0.28395350205350217, 0.2718058524808525, 0.18746707181707192, 0.25677357364857367], [0.24194976134976157, 0.26546958874458876, 0.17612269119769117, 0.3164579587079587], [0.2527309856809857, 0.3066248917748917, 0.1614752164502166, 0.2791689060939061], [0.2637949716949718, 0.3259456765456765, 0.13024912864912871, 0.28001022311022317], [0.29868359418359425, 0.26921212121212124, 0.1480951992451992, 0.2840090853590853], [0.31975359836242184, 0.22325882728382748, 0.1498259573759574, 0.3071616169777935], [0.24221382506382505, 0.27860133200133197, 0.20692359307359312, 0.27226124986125005], [0.24479194971694954, 0.3116746864246863, 0.14867009657009672, 0.2948632672882676], [0.2934586635586637, 0.26032222222222234, 0.1975213841713842, 0.24869773004773021], [0.27742099567099576, 0.3096330724830725, 0.158455377955378, 0.25449055389055397], [0.23113384948384946, 0.2907306804306805, 0.18154365079365087, 0.2965918192918193], [0.33138651903651933, 0.2639745809745811, 0.11903214563214573, 0.2856067543567544], [0.2758419191919193, 0.25887737866708466, 0.18305765704883353, 0.2822230450921628], [0.2550427516927518, 0.2932529748029749, 0.2012142302142303, 0.2504900432900433], [0.2795437229437231, 0.2603434176934177, 0.22620935926818295, 0.23390350009467661], [0.24428646353646372, 0.27878404373404386, 0.17110922133422143, 0.3058202713952713], [0.23472029637029646, 0.2632813048063049, 0.1870973526473528, 0.3149010461760461], [0.241033646908647, 0.2855896131646131, 0.16821454481191328, 0.3051621951148268], [0.29778775668775664, 0.3444480741480741, 0.15966142746142745, 0.19810274170274184], [0.2821957653457653, 0.259945487845488, 0.20640624930624937, 0.2514524975024976], [0.2829870445344131, 0.2749771090021092, 0.17032490009990023, 0.2717109463635782], [0.24640418470418465, 0.29082643467643476, 0.1427746475746477, 0.319994733044733], [0.2750816378066378, 0.31336731879231877, 0.1732773670773672, 0.2382736763236764], [0.2592328801917038, 0.2537278860028863, 0.22026640581640594, 0.26677282798900465], [0.28964429181929174, 0.23221686924186946, 0.17324629814629824, 0.30489254079254086], [0.2824549264461029, 0.2760864191364192, 0.15737319347319356, 0.28408546094428433], [0.30064549894549897, 0.2848302364302364, 0.14674629814629825, 0.2677779664779666], [0.21918507603507595, 0.3343842379842379, 0.18360197025197025, 0.2628287157287159], [0.2542220917970918, 0.3044648407148408, 0.17092260517260524, 0.2703904623154623], [0.31922471417471404, 0.24634727739580703, 0.16223770151417216, 0.2721903069153071], [0.26044356199356217, 0.2669145243645246, 0.14120909090909098, 0.33143282273282293], [0.24001998001998007, 0.2864355011002069, 0.17344775453304875, 0.3000967643467644], [0.25959721944721953, 0.3045705627705628, 0.19251743256743273, 0.24331478521478533], [0.24983662448662464, 0.32107790542790543, 0.15650102675102676, 0.2725844433344433], [0.3456265956265957, 0.2964103674103673, 0.11589278499278506, 0.2420702519702521], [0.28275304417804414, 0.2982354617604619, 0.16971137751137755, 0.2493001165501166], [0.22844645354645368, 0.29317016512898836, 0.19364362859362863, 0.28473975273092916], [0.23993320042530566, 0.31158985532011835, 0.17836856476856489, 0.2701083794860112]]}}