{"test": {"ids": ["102110750", "111119340", "97116800", "100108260", "109118231", "112116900", "99108890", "100109311", "112118581", "102112170", "112117790", "112120670", "98109311", "100116500", "104118070", "107120010", "108118301", "102121700", "98116090", "111119290", "109120540", "109116750", "107119130", "105113260", "101111140", "103113270", "97113900", "112120630", "103109791", "113119340", "109116441", "112116990", "111114941", "109113931", "99109161", "97112170", "112120700", "102113350", "113121680", "97106600", "103120730", "106116640", "102114270", "104109311", "111115400", "101112540", "113122320", "107113200", "113117550", "110119891", "110117110", "112118471", "98107010", "99112531", "106114880", "99117740", "109115211", "109116040", "105117200", "106117650", "106114280", "107116300", "98116500", "110117200", "107120130", "98107210", "112116501", "106113360", "107114140", "110115140", "101108080", "102107961", "110120190", "101112160", "99111620", "110118740", "97107920", "98108580", "107113840", "99107660", "103110840", "100109360", "102112030", "99108520", "105121370", "108117360", "107116340", "109121351", "98120530", "109117110", "102110050", "103113640", "98107380", "112119120", "109115220", "111119430", "107118780", "100110260", "105113170", "111116090", "112117571", "110118301", "106116850", "107120880", "101110740", "107116501", "105113330", "109118161", "107121640", "113118231", "97106820", "111117000", "100111080", "108120700", "111117480", "110117870", "102116500", "110114950", "105116650", "101115190", "112117471", "99108000", "99116500", "110115250", "113119120", "112120990", "109119460", "103111930", "100109801", "103120531", "100108990", "112121360", "106116370", "105112130", "104111531", "111120531", "107118490", "98109230", "97109080", "113118490", "99108010", "110120540"], "labels": [1, 3, 0, 3, 1, 3, 0, 1, 1, 3, 3, 2, 1, 2, 2, 1, 1, 1, 0, 3, 1, 0, 1, 3, 2, 2, 2, 3, 3, 0, 3, 0, 0, 1, 3, 0, 2, 3, 1, 3, 1, 3, 3, 3, 0, 2, 1, 0, 3, 3, 0, 1, 3, 3, 0, 2, 0, 0, 3, 1, 3, 0, 2, 3, 2, 1, 3, 0, 2, 0, 0, 3, 3, 3, 3, 3, 0, 0, 3, 3, 1, 0, 2, 2, 2, 1, 3, 0, 1, 1, 3, 1, 1, 1, 3, 3, 1, 3, 0, 3, 3, 1, 3, 1, 3, 1, 3, 0, 1, 3, 1, 0, 0, 2, 1, 3, 1, 0, 1, 1, 3, 2, 2, 1, 3, 2, 1, 3, 0, 3, 2, 3, 2, 1, 0, 0, 2, 1, 2, 1, 2, 1], "predicted_labels": [1, 3, 3, 3, 0, 1, 3, 0, 1, 0, 0, 1, 1, 1, 3, 0, 0, 3, 1, 0, 1, 1, 3, 1, 1, 1, 1, 0, 0, 1, 0, 0, 1, 3, 1, 3, 3, 1, 3, 1, 0, 1, 3, 0, 1, 1, 1, 1, 3, 0, 1, 0, 1, 0, 1, 0, 3, 3, 3, 3, 1, 0, 0, 3, 3, 1, 0, 0, 1, 0, 1, 3, 2, 0, 1, 3, 0, 0, 1, 0, 1, 1, 1, 0, 1, 3, 0, 1, 3, 1, 1, 0, 3, 2, 3, 1, 3, 0, 3, 1, 1, 3, 1, 0, 1, 0, 0, 0, 3, 1, 1, 1, 3, 1, 3, 1, 3, 1, 3, 3, 3, 1, 3, 3, 3, 1, 1, 0, 0, 0, 1, 3, 1, 1, 1, 0, 1, 1, 1, 3, 1, 1], "confidence_scores": [[0.17794739084444966, 0.3114722589502002, 0.2551178682428683, 0.25546248196248195], [0.25028787878787884, 0.22481177156177157, 0.2421283577533577, 0.2827719918969919], [0.25631329781329787, 0.24850471750471756, 0.19476399988899978, 0.30041798479298487], [0.2852449494949496, 0.28112853812853816, 0.14343156843156837, 0.29019494394494394], [0.33238654401154405, 0.22915946553446565, 0.15452437839937838, 0.28392961205461215], [0.2984965173715174, 0.30389898989898995, 0.15749837662337662, 0.240106116106116], [0.24115981240981252, 0.28807416603004843, 0.16957215007215004, 0.3011938714879891], [0.2772569840290428, 0.26984630157424283, 0.17912299506049506, 0.27377371933621947], [0.2352426046176047, 0.3097400516150517, 0.20369953657453654, 0.2513178071928073], [0.36545544733044727, 0.227251443001443, 0.14768750693750687, 0.2596056027306028], [0.3465452047952048, 0.26474350649350653, 0.1519237567987568, 0.2367875319125319], [0.23682117882117887, 0.3186198662448664, 0.18451448551448546, 0.26004446941946946], [0.2812246225996226, 0.29701376401376417, 0.14598919136419133, 0.275772422022422], [0.2602409465534466, 0.28190603840603845, 0.18189742202242198, 0.2759555930180931], [0.23636204073704087, 0.2740170662670662, 0.20606926406926404, 0.283551628926629], [0.31936162856751105, 0.1875464355905533, 0.23050511988011993, 0.2625868159618159], [0.32740852203352205, 0.2691616022866024, 0.15493009768009766, 0.24849977799977804], [0.26042247050335293, 0.2683853368853369, 0.17765380452880447, 0.29353838808250576], [0.2156240564990565, 0.32323755411255417, 0.18348106060606056, 0.27765732878232874], [0.2615319957819958, 0.2520413059163059, 0.22497119547119546, 0.2614555028305029], [0.293619643428467, 0.2963065961815961, 0.15412870462870457, 0.2559450557612323], [0.22721356421356415, 0.31850391969141967, 0.22886283161283166, 0.22541968448218463], [0.2488759435009436, 0.26336448273948276, 0.18675904650904646, 0.3010005272505273], [0.25568545343545346, 0.299993659118659, 0.16812028861661207, 0.2762005988292753], [0.2560874958374959, 0.3392228188478189, 0.12243845043845043, 0.2822512348762348], [0.18624673243423234, 0.28405781024531035, 0.2487891275391276, 0.2809063297813299], [0.2555717725901548, 0.29871647388559164, 0.20565723859473858, 0.24005451492951493], [0.3071727577977579, 0.23334031940281938, 0.1746264638139637, 0.28486045898545903], [0.31506642377230615, 0.3021996426775841, 0.1694362234987235, 0.2132977100513865], [0.21833008658008654, 0.29470469807969807, 0.19241290653790652, 0.29455230880230876], [0.39181021756021756, 0.21748143523143518, 0.12487153124653126, 0.2658368159618161], [0.2876472069597071, 0.23226578282828292, 0.23032456432456436, 0.249762445887446], [0.27580408480408475, 0.30420124320124325, 0.14937318237318234, 0.27062148962148974], [0.27508921633921646, 0.2640869963369964, 0.16999141136641133, 0.290832375957376], [0.26656859806859806, 0.33095196470196475, 0.1610246142746142, 0.24145482295482298], [0.2509093169901993, 0.28375238650238654, 0.18106471306471306, 0.28427358344270115], [0.21306573083778965, 0.25376196026196035, 0.26033710733710735, 0.27283520156314284], [0.2212085316644142, 0.28061741036741034, 0.23261721611721609, 0.2655568418509595], [0.25349075311942965, 0.22758166751549105, 0.24862292568542566, 0.2703046536796538], [0.23435350841968494, 0.29936898722192845, 0.18245972083472087, 0.2838177835236659], [0.3111724594849596, 0.26525607725607725, 0.20244375763125763, 0.22112770562770567], [0.22725425962925963, 0.2999239094239096, 0.1842734071484072, 0.2885484237984238], [0.24985432133226257, 0.22937356189562075, 0.21192254967254973, 0.3088495670995671], [0.3282913059163058, 0.2155193001443002, 0.1767898074148074, 0.2793995865245865], [0.27492009379509386, 0.2990459956709957, 0.19695364357864353, 0.22908026695526698], [0.26960598225304105, 0.30300341325341323, 0.17351452713952714, 0.2538760773540185], [0.259040737040737, 0.280505217005217, 0.18293840881340884, 0.2775156371406371], [0.2443922327672327, 0.29832892107892106, 0.169844683094683, 0.2874341630591632], [0.22237734487734492, 0.2673782536907538, 0.18216440503940515, 0.3280799963924965], [0.3393072205572205, 0.22480017205017194, 0.1821608807858808, 0.25373172660672677], [0.21233082195582198, 0.32696377233877244, 0.18693743756243753, 0.2737679681429683], [0.29041163411751647, 0.24326273236567367, 0.23410997335997333, 0.23221566015683656], [0.2721704406704408, 0.318769875957376, 0.19101492951492957, 0.21804475385725394], [0.3612561645870471, 0.24759867501779273, 0.13212780275280273, 0.2590173576423577], [0.21408571289821282, 0.2969275446775448, 0.24087609612609603, 0.24811064629814628], [0.32309559884559896, 0.23700108225108227, 0.14247095959595962, 0.2974323593073594], [0.254846916971917, 0.2898280885780886, 0.15353567266067264, 0.30178932178932183], [0.23649740537240543, 0.26557975357975355, 0.2190503663003664, 0.2788724747474748], [0.2732603368853369, 0.23624404761904763, 0.1954010164671929, 0.2950945990284225], [0.2493988095238095, 0.25648131035631033, 0.19350384337884333, 0.3006160367410369], [0.25497860962566843, 0.2746282467532468, 0.19594372294372295, 0.27444942067736183], [0.27725714073508184, 0.26444405186316966, 0.20836854893472537, 0.2499302584670233], [0.3019895382395383, 0.2851326173826173, 0.16683368020868017, 0.24604416416916422], [0.27423460771254893, 0.23691284410034416, 0.19299327959622078, 0.2958592685908863], [0.23247009934509946, 0.2666870143745145, 0.2142407384282384, 0.2866021478521479], [0.19917784992784993, 0.3455598845598847, 0.2123594183594184, 0.24290284715284716], [0.33377650127650127, 0.323461718836719, 0.14278991841491842, 0.1999718614718615], [0.3143910187035188, 0.2884794164169165, 0.1562240120990121, 0.2409055527805527], [0.21727182539682535, 0.3124387834387836, 0.21343857531357532, 0.2568508158508159], [0.33901668960124853, 0.23968713924963925, 0.1329093692255457, 0.2883868019235666], [0.3008303016428016, 0.3023243145743145, 0.13943737512487508, 0.25740800865800867], [0.2647776945276946, 0.24606965256965263, 0.17399111999112002, 0.3151615329115329], [0.23888247169497168, 0.23268192224442238, 0.2730665029415029, 0.2553691031191032], [0.337616661116661, 0.2667907647907649, 0.16864013764013763, 0.22695243645243654], [0.2316505994005994, 0.3386982461982462, 0.21946194083694082, 0.21018921356421366], [0.23136933899433904, 0.25542073204573207, 0.19908505383505384, 0.31412487512487514], [0.36990672521922513, 0.2332106296481297, 0.09036380286380284, 0.3065188422688423], [0.2955462176712176, 0.28300020812520826, 0.1702285631035631, 0.2512250111000112], [0.2510985689147454, 0.2707235215764628, 0.24013931901431904, 0.23803859049447296], [0.31422355422355425, 0.30312806637806644, 0.17157749195249195, 0.21107088744588734], [0.23552630702630709, 0.3328240509490511, 0.1759442224442224, 0.2557054195804196], [0.3036079198579198, 0.3161024531024532, 0.10960082972582968, 0.27068879731379736], [0.21962779785573905, 0.3279610438581028, 0.21786238761238752, 0.23454877067377072], [0.2944184891905481, 0.2767444908033145, 0.19888840326340332, 0.22994861674273448], [0.24333833037877162, 0.33817120869326756, 0.2096220793095793, 0.20886838161838167], [0.21017568542568543, 0.26988708513708526, 0.2217117604617605, 0.29822546897546903], [0.30144844044844044, 0.2643076506826507, 0.1533161976911977, 0.2809277111777113], [0.2619126984126985, 0.311828823953824, 0.17576569264069267, 0.250492784992785], [0.2561979360508774, 0.2450000873309697, 0.2327976476138241, 0.266004329004329], [0.20686972749472743, 0.2759372918747919, 0.25076821095571106, 0.26642476967476975], [0.2499096320346321, 0.28134343434343434, 0.21742730880230873, 0.2513196248196248], [0.41921048396048394, 0.25330387667887666, 0.10647538572538569, 0.22101025363525367], [0.2902210983460984, 0.2087513499572324, 0.2083188200688201, 0.2927087316278494], [0.24842805805305818, 0.20089647158397156, 0.30219230769230776, 0.24848316267066278], [0.2569966977466978, 0.24727379564879556, 0.19827494727494735, 0.29745455932955944], [0.2571672355422355, 0.2743085525585526, 0.1952582833832835, 0.2732659285159286], [0.2263522727272727, 0.21077290764790763, 0.23877110389610387, 0.32410371572871605], [0.369165279165279, 0.21917622655122646, 0.15866167166167164, 0.2529968226218226], [0.19673203185703184, 0.2914744422244423, 0.215776016467193, 0.29601750945133304], [0.2905813630813632, 0.2960127095127097, 0.1427508463758463, 0.2706550810300811], [0.2350625763125764, 0.33373476523476525, 0.21307688145188144, 0.21812577700077707], [0.29636172161172153, 0.20386580086580086, 0.16739051226551227, 0.33238196525696523], [0.22994112137862138, 0.27797828560328575, 0.244048063048063, 0.24803252997002997], [0.28093313630813627, 0.23266107503607503, 0.2231531107781109, 0.26325267787767787], [0.2377993672993674, 0.3078979631479633, 0.19529087579087584, 0.25901179376179384], [0.3309407675657676, 0.21568731268731262, 0.1641913641913642, 0.28918055555555555], [0.29404426129426126, 0.26162305749805753, 0.1840231643356643, 0.260309516872017], [0.3627714923964925, 0.283054292929293, 0.10690602453102457, 0.24726819014319024], [0.2206740065490065, 0.2561922799422801, 0.24350385725385715, 0.2796298562548562], [0.27975702075702086, 0.30985009435009436, 0.16923439060939063, 0.24115849428349434], [0.23439736856280977, 0.3221283834629422, 0.19507549395049392, 0.24839875402375405], [0.23726429126429116, 0.27158719058719066, 0.22126739926739933, 0.26988111888111893], [0.2398780635214459, 0.27815205831749956, 0.20089877565245215, 0.28107110250860257], [0.29590103850397986, 0.31122539960039963, 0.1339285526564938, 0.25894500923912683], [0.2648879176379177, 0.2849017371517371, 0.15113418525918523, 0.29907615995116], [0.23777643598231837, 0.2773098311002723, 0.22665662809412815, 0.25825710482328135], [0.25199736374736365, 0.2228980463980465, 0.21554073704073698, 0.30956385281385285], [0.20631439393939402, 0.2854215506715507, 0.22848537573537572, 0.27977867965367964], [0.23324669774669793, 0.26032720057720055, 0.2162356393606393, 0.2901904623154623], [0.21138972138972142, 0.2589047202797204, 0.24391144966144973, 0.2857941086691088], [0.2844045794891384, 0.28255872803666915, 0.14490641303141297, 0.2881302794427794], [0.21186786824286838, 0.32702798590298593, 0.21264975302475303, 0.2484543928293929], [0.21547245809745819, 0.28717690642690646, 0.20557878845011202, 0.29177184702552356], [0.23901773226773235, 0.29958261183261187, 0.16082683982683973, 0.3005728160728161], [0.23892760017760017, 0.27212577700077695, 0.20414183039183037, 0.28480479242979256], [0.23684392486598368, 0.26226230224024344, 0.24222953435453437, 0.25866423853923853], [0.251991355866356, 0.32269462481962496, 0.1798740287490287, 0.24543999056499055], [0.31194574869574876, 0.2769642440892441, 0.17332864357864353, 0.2377613636363637], [0.3847514638139635, 0.23545692501942506, 0.13399791874791875, 0.24579369241869248], [0.2957657481407482, 0.28689465395715397, 0.1588742091242091, 0.2584653887778888], [0.21939650627150628, 0.33362214174714205, 0.20843734043734038, 0.23854401154401164], [0.2816203102453103, 0.26328391747141766, 0.16240576090576092, 0.2926900113775115], [0.26376956376956373, 0.27096558996559006, 0.19476583832833838, 0.270499007936508], [0.22403141711229949, 0.29063753607503606, 0.2213109945609946, 0.26402005225166997], [0.24361860361860366, 0.30575473137973147, 0.14859419746919744, 0.3020324675324675], [0.2923677294927294, 0.2649126845376846, 0.16781621156621157, 0.2749033744033744], [0.21848286435786438, 0.3009946997446998, 0.20750996225996224, 0.27301247363747355], [0.2085414377289377, 0.28770863858363865, 0.2563261946386947, 0.247423729048729], [0.20496542346542349, 0.3112209040959042, 0.1916453823953824, 0.29216829004329], [0.21866246253746255, 0.2831224747474748, 0.20264908008658003, 0.29556598262848266], [0.28681240981240996, 0.2999197885447887, 0.1368201243201243, 0.2764476773226774], [0.21603235835801626, 0.31153670634920655, 0.21368004291030615, 0.25875089238247134]]}, "rewritten": {"ids": ["97106600", "97106820", "97107920", "97109080", "97112170", "97113900", "97116800", "98107010", "98107210", "98107380", "98108580", "98109230", "98109311", "98116090", "98116500", "98120530", "99107660", "99108000", "99108010", "99108520", "99108890", "99109161", "99111620", "99112531", "99116500", "99117740", "100108260", "100108990", "100109311", "100109360", "100109801", "100110260", "100111080", "100116500", "101108080", "101110740", "101111140", "101112160", "101112540", "101115190", "102107961", "102110050", "102110750", "102112030", "102112170", "102113350", "102114270", "102116500", "102121700", "103109791", "103110840", "103111930", "103113270", "103113640", "103120531", "103120730", "104109311", "104111531", "104118070", "105112130", "105113170", "105113260", "105113330", "105116650", "105117200", "105121370", "106113360", "106114280", "106114880", "106116370", "106116640", "106116850", "106117650", "107113200", "107113840", "107114140", "107116300", "107116340", "107116501", "107118490", "107118780", "107119130", "107120010", "107120130", "107120880", "107121640", "108117360", "108118301", "108120700", "109113931", "109115211", "109115220", "109116040", "109116441", "109116750", "109117110", "109118161", "109118231", "109119460", "109120540", "109121351", "110114950", "110115140", "110115250", "110117110", "110117200", "110117870", "110118301", "110118740", "110119891", "110120190", "110120540", "111114941", "111115400", "111116090", "111117000", "111117480", "111119290", "111119340", "111119430", "111120531", "112116501", "112116900", "112116990", "112117471", "112117571", "112117790", "112118471", "112118581", "112119120", "112120630", "112120670", "112120700", "112120990", "112121360", "113117550", "113118231", "113118490", "113119120", "113119340", "113121680", "113122320"], "labels": [3, 1, 0, 2, 0, 2, 0, 3, 1, 1, 0, 1, 1, 0, 2, 1, 3, 2, 2, 2, 0, 3, 3, 3, 2, 2, 3, 2, 1, 0, 0, 3, 0, 2, 0, 3, 2, 3, 2, 1, 3, 3, 1, 2, 3, 3, 3, 1, 1, 3, 1, 3, 2, 1, 3, 1, 3, 0, 2, 1, 0, 3, 3, 1, 3, 2, 0, 3, 0, 2, 3, 3, 1, 0, 3, 2, 0, 3, 1, 2, 1, 1, 1, 2, 1, 1, 1, 1, 2, 1, 0, 3, 0, 3, 0, 1, 0, 1, 1, 1, 0, 0, 0, 1, 0, 3, 3, 1, 3, 3, 3, 1, 0, 0, 3, 0, 1, 3, 3, 3, 0, 3, 3, 0, 3, 3, 3, 1, 1, 1, 3, 2, 2, 2, 3, 3, 3, 1, 3, 0, 1, 1], "predicted_labels": [1, 1, 1, 1, 1, 3, 3, 1, 1, 3, 1, 1, 1, 1, 1, 3, 1, 1, 1, 1, 1, 1, 1, 1, 3, 1, 3, 1, 1, 1, 1, 3, 1, 3, 1, 1, 1, 1, 1, 1, 1, 3, 1, 1, 3, 1, 1, 1, 1, 1, 1, 1, 2, 1, 1, 1, 1, 1, 1, 1, 1, 1, 3, 1, 1, 1, 1, 3, 1, 3, 1, 1, 1, 1, 1, 1, 3, 1, 1, 1, 1, 1, 1, 1, 1, 3, 1, 1, 0, 1, 1, 1, 3, 1, 1, 1, 1, 1, 1, 1, 3, 1, 1, 1, 1, 1, 1, 3, 1, 1, 1, 1, 1, 0, 1, 3, 1, 1, 1, 1, 1, 1, 1, 1, 1, 1, 3, 1, 1, 1, 1, 1, 1, 1, 1, 1, 1, 3, 3, 1, 1, 1], "confidence_scores": [[0.20156818181818179, 0.3283210261960263, 0.1583097596847597, 0.3118010323010324], [0.24672612110112108, 0.2995862193362194, 0.16899479686979688, 0.2846928626928626], [0.30187783050283057, 0.31294610944610946, 0.11287364024864015, 0.27230241980241965], [0.17545652958152946, 0.3403365245865247, 0.22564615939615928, 0.25856078643578645], [0.2684429181929182, 0.3354377011877012, 0.15176351426351423, 0.24435586635586642], [0.18797169905258143, 0.27513172530084284, 0.2296907536907537, 0.3072058219558219], [0.2375197025197025, 0.26634539072039076, 0.18186560661560666, 0.31426930014430016], [0.23230043567543568, 0.3362132936507936, 0.16090916028416027, 0.2705771103896104], [0.1793343045843046, 0.3461822066822067, 0.20365327727827734, 0.27083021145521147], [0.2815058275058275, 0.2487972582972583, 0.1760740231990232, 0.29362289099789096], [0.2201389721389721, 0.3284294871794872, 0.19852972027972032, 0.25290182040182035], [0.2108001255280667, 0.3390285041755631, 0.18392130092130085, 0.26625006937506934], [0.19387989787989784, 0.32476873126873124, 0.16980397380397377, 0.3115473970473971], [0.25877002164502166, 0.33005651293151284, 0.18166623654123648, 0.2295072288822289], [0.20883549783549796, 0.3288005050505051, 0.19382557720057733, 0.26853841991341987], [0.21602570060658294, 0.29218418672830443, 0.194103035853036, 0.2976870768120768], [0.29007384282384285, 0.3191119574869575, 0.14902469752469752, 0.24178950216450226], [0.18534792984792986, 0.33376644189144195, 0.23050059662559666, 0.2503850316350317], [0.26912437072731193, 0.3170455288175875, 0.14663969363969362, 0.26719040681540684], [0.2021387827858416, 0.3243511023290436, 0.2033264790764791, 0.2701836358086358], [0.23508019758019766, 0.29426037851037856, 0.20156519175269175, 0.26909423215673234], [0.2217516462295875, 0.3490894522144523, 0.16268196590990702, 0.2664769356460533], [0.18296374458874465, 0.33050542513042513, 0.20674710012210018, 0.2797837301587302], [0.2319013715043127, 0.34425609602815493, 0.14240717615717619, 0.2814353563103563], [0.1857205988455988, 0.29648225385725396, 0.219833374958375, 0.2979637723387723], [0.2578131313131314, 0.28976834276834273, 0.16874698912198913, 0.2836715367965368], [0.20434798534798537, 0.2803513986013987, 0.17201079476079476, 0.3432898212898213], [0.24278954378954382, 0.3581046453546454, 0.19492990342990346, 0.20417590742590747], [0.27584482184482184, 0.3316629065379066, 0.14292679542679537, 0.2495654761904762], [0.23076695526695518, 0.27713651626151625, 0.21993438505938515, 0.2721621434121434], [0.2569212454212455, 0.31302489177489173, 0.15077074314574315, 0.27928311965811964], [0.22019824823868941, 0.28858023226773233, 0.17346637594431707, 0.3177551435492612], [0.23326936951936955, 0.3018642884892886, 0.18562626262626264, 0.2792400793650792], [0.21999814074814084, 0.2786808399933401, 0.2046171051171051, 0.29670391414141406], [0.23890767565767568, 0.3441241258741259, 0.1385303446553446, 0.2784378538128538], [0.20311760461760464, 0.315985028860029, 0.22835461760461764, 0.25254274891774886], [0.2163431984681984, 0.33026909201909205, 0.2173902486402487, 0.2359974608724609], [0.18444182900432896, 0.34833822427572436, 0.20260450660450663, 0.2646154401154402], [0.2347201825951825, 0.3461347402597402, 0.17713634976134973, 0.24200872738372742], [0.2041720036499449, 0.3126411831632419, 0.17702615440115432, 0.30616065878565873], [0.24323273254523264, 0.3472665251415253, 0.1651706349206349, 0.24433010739260733], [0.2236453130203131, 0.26914767177267174, 0.2182758075258075, 0.2889312076812077], [0.17355830280830284, 0.34298079698079703, 0.22589427239427234, 0.25756662781662787], [0.22103396603396597, 0.3345370324120325, 0.19213333888333886, 0.25229566267066267], [0.263786770827212, 0.2807630286380286, 0.1708333353737766, 0.2846168651609828], [0.20097786935286938, 0.2925321067821068, 0.22082047119547127, 0.28566955266955263], [0.21031841769341772, 0.3219086052836054, 0.236832153957154, 0.2309408230658231], [0.196850810953752, 0.32356833444333444, 0.20891453889248013, 0.27066631571043337], [0.1890855325230325, 0.318765567765568, 0.19948944805194796, 0.2926594516594516], [0.24058914696414707, 0.3683985320235322, 0.1429105894105894, 0.24810173160173155], [0.22745977633477638, 0.336081834831835, 0.20254406704406702, 0.23391432178932178], [0.1990777417027417, 0.31113600288600285, 0.21613383838383846, 0.27365241702741694], [0.1961453823953824, 0.26932037407037424, 0.27981700244200236, 0.25471724109224114], [0.2793518981018981, 0.3010149017649018, 0.14309516872016867, 0.2765380314130314], [0.2569522213897215, 0.33158000333000326, 0.14373717948717946, 0.26773059579309577], [0.1937353896103896, 0.37442517898767874, 0.1904875194250194, 0.241351911976912], [0.25992081529581523, 0.32546174658674665, 0.17153231490731488, 0.24308512321012318], [0.2110371156621156, 0.36020586358086376, 0.14818908868908864, 0.2805679320679322], [0.20380429292929292, 0.3780656565656566, 0.19405573593073594, 0.22407431457431465], [0.16988948551448554, 0.3654162504162503, 0.18724188311688317, 0.27745238095238095], [0.18895167740755978, 0.31539611287405406, 0.21112186424686427, 0.2845303454715219], [0.19781443638061286, 0.3998310945590359, 0.15293650793650795, 0.24941796112384343], [0.2551486846486847, 0.2866321595071595, 0.16849815462315465, 0.28972100122100125], [0.17202355977355982, 0.3329856393606394, 0.16904958929958927, 0.32594121156621164], [0.22582029775779777, 0.314511661949162, 0.2084976759351761, 0.25117036435786433], [0.18939830022918258, 0.34529758721670467, 0.19212139249639254, 0.27318272005772004], [0.24437708818958812, 0.3341530483405482, 0.15900065212565212, 0.2624692113442115], [0.20257128696466928, 0.2912512446703623, 0.1997576312576313, 0.30641983710733717], [0.17211867299367298, 0.34684952547452547, 0.22300485625485628, 0.2580269452769453], [0.2528478535353535, 0.29583621933621945, 0.1553699703074703, 0.2959459568209568], [0.20168874671080567, 0.34238816249110365, 0.2122178662840427, 0.24370522451404805], [0.2182857322416146, 0.32024486216397974, 0.19888518426018437, 0.2625842213342214], [0.20924831826670054, 0.3079945916012093, 0.20654208291708293, 0.27621500721500725], [0.2390054251304251, 0.3382473498723499, 0.15190768953268946, 0.27083953546453554], [0.18494493006993007, 0.30456145937395923, 0.246135773948274, 0.2643578366078367], [0.1790782828282828, 0.3287955239205239, 0.24524080086580086, 0.2468853923853924], [0.2035407272466096, 0.27487585616997384, 0.22791190753690757, 0.29367150904650896], [0.246693265068265, 0.2985965562215563, 0.19867927905427915, 0.25603089965589965], [0.17444119769119773, 0.33852084027084034, 0.1542004939504939, 0.3328374680874681], [0.18319573890162122, 0.29661922391334167, 0.2276752969252969, 0.2925097402597402], [0.1755924422799422, 0.32244496475746476, 0.2637743922743923, 0.2381882006882007], [0.1942072233322234, 0.3830350829725828, 0.1916250763125763, 0.23113261738261737], [0.20569660894660902, 0.3474475108225107, 0.18109325396825407, 0.2657626262626262], [0.18614120601620607, 0.29761850649350646, 0.2290241425241425, 0.287216144966145], [0.20388780663780662, 0.2919380341880341, 0.21717225829725828, 0.2870019008769008], [0.23178102453102453, 0.25424644799644797, 0.25328794816294814, 0.26068457930957945], [0.2304483988233988, 0.3241884643134644, 0.20726846764346768, 0.23809466921966924], [0.2637063492063492, 0.2867553002553004, 0.19997291597291608, 0.24956543456543465], [0.2873770624800037, 0.2869667415917416, 0.1781259941039352, 0.24753020182431942], [0.19898634698634696, 0.3640476884226884, 0.1871824286824286, 0.24978353590853594], [0.19088809107559115, 0.3454763153513155, 0.1759902181152182, 0.2876453754578755], [0.22145869408369404, 0.3351813741813742, 0.19861098623598628, 0.24474894549894544], [0.16095439282939286, 0.27823135198135207, 0.23963634976134987, 0.32117790542790553], [0.28944832944832943, 0.30495823620823626, 0.16034769397269388, 0.2452457403707403], [0.2213500388500388, 0.3075139513264515, 0.24239901764901772, 0.22873699217449223], [0.18584243534243539, 0.3224608863358865, 0.2007420773670774, 0.290954600954601], [0.24077958152958157, 0.3300433177933177, 0.16460651848151844, 0.2645705821955822], [0.2194731330760743, 0.35508573371073365, 0.13115514550808668, 0.2942859877051053], [0.2385715534465534, 0.3242808996558996, 0.12559830447330447, 0.31154924242424237], [0.17351436063936065, 0.3358124098124097, 0.22335248085248083, 0.26732074869574873], [0.1860277777777777, 0.3101809856809857, 0.19126634476634471, 0.3125248917748919], [0.2252216713025537, 0.2874200827767004, 0.2290447538572538, 0.2583134920634921], [0.24419570707070712, 0.2838152374586199, 0.19237418831168843, 0.27961486715898487], [0.23444454565042805, 0.3197416015357192, 0.1939910506160507, 0.25182280219780223], [0.22755361305361316, 0.367460234210234, 0.16306499056499058, 0.2419211621711621], [0.23896760878010873, 0.3157260725385725, 0.19254495504495506, 0.2527613636363636], [0.20127056277056268, 0.3198409090909091, 0.2316119227994228, 0.24727660533910545], [0.2501800699300699, 0.26357964257964256, 0.19621604784104782, 0.29002423964923957], [0.2423741328116329, 0.29603291847041846, 0.18511165223665227, 0.2764812964812964], [0.26590560828060833, 0.308133658008658, 0.16867945942945944, 0.2572812742812744], [0.2127132173382174, 0.2950505952380953, 0.23981730075480073, 0.2524188866688867], [0.2017434371184371, 0.3311511544011545, 0.18466217116217112, 0.2824432373182374], [0.27574265032353273, 0.31508151162562936, 0.15036722999222996, 0.258808608058608], [0.29739008214008217, 0.26739449439449453, 0.19347476134976138, 0.24174066211566206], [0.22489692252192253, 0.3257067515817516, 0.17706727994227986, 0.27232904595404606], [0.21076893939393945, 0.29307102619602615, 0.19451004551004555, 0.30164998889998895], [0.1988762626262626, 0.36645892995892987, 0.15313129925629926, 0.2815335081585081], [0.2467617243867243, 0.322273754023754, 0.1628455155955156, 0.2681190059940059], [0.2273474997224998, 0.2716673742923743, 0.2518700049950049, 0.24911512099012104], [0.19446686646686642, 0.3393197496947497, 0.20484321234321234, 0.2613701714951715], [0.26384361471861484, 0.3360294011544012, 0.12459289321789319, 0.2755340909090908], [0.2442227315168492, 0.29060870583664705, 0.1767750672530084, 0.2883934953934954], [0.23831179931179924, 0.3232307553557554, 0.14583494283494283, 0.29262250249750243], [0.19650537371125615, 0.33294557811469583, 0.19725957375957384, 0.27328947441447454], [0.239172470503353, 0.287339087383205, 0.20059504384504387, 0.27289339826839826], [0.24699963924963925, 0.3330160533910535, 0.17530723443223445, 0.24467707292707286], [0.19791551504051502, 0.2892525668775669, 0.19714210789210795, 0.31568981018981007], [0.2065676725235549, 0.33587302566714333, 0.20339768564768568, 0.2541616161616161], [0.24570025807525797, 0.33318330280830294, 0.176002331002331, 0.24511410811410816], [0.21539700577200585, 0.29388059163059177, 0.20117568542568542, 0.2895467171717172], [0.24605044955044963, 0.3130345071595071, 0.15356830669330668, 0.28734673659673665], [0.21712621406371402, 0.3458961385836386, 0.193520646020646, 0.24345700133200143], [0.17167947330447325, 0.35441459928959923, 0.23560531135531135, 0.23830061605061606], [0.20613087810881922, 0.32668834351922593, 0.19401266870384515, 0.2731681096681097], [0.24168124930624932, 0.34336287323787323, 0.1994860556110556, 0.21546982184482183], [0.1770170523920524, 0.3373406315906317, 0.20421367521367526, 0.2814286408036409], [0.25879094516594514, 0.2765780608280609, 0.1947766261516262, 0.26985436785436795], [0.20281375976964214, 0.2907844475785653, 0.19880896880896873, 0.3075928238428239], [0.2537375194250195, 0.2609916680541681, 0.17638582251082252, 0.3088849900099901], [0.21385926491808838, 0.31750997613497633, 0.21302899959517607, 0.2556017593517592], [0.19710887723387724, 0.29894720557220567, 0.22983664946164947, 0.2741072677322677], [0.2059618110647522, 0.3435532425091249, 0.17501705320822972, 0.27546789321789317]]}}