{"test": {"ids": ["103118110", "108119550", "110121500", "98112170", "97107920", "98112580", "106118520", "112119450", "97105451", "99110730", "102110750", "112121360", "103110050", "113120830", "111121220", "109113591", "112116900", "110121170", "112120630", "113122160", "101112160", "106116640", "107113550", "108118301", "101114020", "102113981", "112117580", "109120150", "109115070", "107112850", "110118111", "111120591", "109119450", "97112290", "104113550", "111120540", "97112300", "99108890", "100109801", "97114170", "112120670", "98113881", "97116500", "112118860", "110114651", "99110050", "97113260", "108116481", "113118511", "99109860", "111115770", "109113281", "106113190", "101119030", "102112250", "113118421", "112121010", "109114270", "107119950", "105113260", "110117200", "113117340", "107113130", "97116800", "110118301", "104111550", "113118690", "97105960", "100108990", "99111930", "108116120", "113118620", "113122510", "108121160", "112120990", "107121230", "111117120", "98106560", "111117480", "104111780", "112116640", "113117550", "100113370", "112120640", "112118511", "113121010", "112118530", "112118890", "104116441", "105116090", "105111990", "111114121", "103110840", "111116530", "108115070", "111119290", "105118171", "105120280", "112117431", "103111830", "113118490", "105119550", "98107010", "112116880", "112121430", "108116070", "103109791", "99114890", "108115570", "110114950", "100110260", "111120531", "103113260", "103120340", "100116500", "109121410", "103111990", "99113260", "112118820", "107113170", "107117010", "111115910", "113122190", "110118930", "109117431", "99111620", "98106680", "99107950", "99107560", "108114270", "110113591", "99109311", "109121640", "109115220", "99108710", "98106111", "108114360", "103111620", "110113931", "97106970", "103110100", "107118490"], "labels": [2, 1, 3, 3, 0, 2, 2, 3, 0, 3, 1, 3, 3, 3, 3, 3, 3, 2, 3, 3, 3, 3, 0, 1, 3, 1, 0, 2, 0, 1, 1, 1, 3, 1, 1, 1, 2, 0, 0, 2, 2, 3, 2, 3, 3, 3, 1, 0, 1, 2, 3, 0, 0, 3, 0, 3, 2, 3, 3, 3, 3, 2, 1, 0, 1, 1, 3, 2, 2, 1, 1, 3, 2, 2, 2, 0, 2, 1, 1, 3, 0, 3, 3, 0, 1, 2, 1, 3, 1, 1, 2, 0, 1, 3, 1, 3, 3, 3, 0, 3, 1, 1, 3, 0, 2, 1, 3, 2, 3, 0, 3, 0, 3, 1, 2, 0, 2, 0, 0, 0, 1, 2, 1, 1, 1, 3, 1, 1, 1, 3, 0, 1, 0, 3, 2, 0, 1, 0, 1, 2, 1, 2], "predicted_labels": [1, 3, 1, 0, 1, 1, 3, 0, 1, 1, 1, 1, 3, 3, 0, 1, 1, 3, 1, 1, 3, 1, 3, 0, 3, 3, 1, 1, 1, 1, 0, 0, 3, 0, 3, 0, 3, 1, 3, 3, 3, 1, 0, 1, 3, 0, 1, 1, 1, 0, 0, 3, 1, 3, 0, 3, 1, 1, 1, 1, 1, 1, 1, 1, 0, 1, 3, 3, 3, 1, 0, 1, 1, 3, 1, 3, 1, 1, 1, 0, 3, 3, 1, 0, 3, 1, 3, 1, 1, 3, 1, 0, 1, 1, 1, 3, 0, 1, 1, 0, 3, 1, 1, 3, 1, 1, 3, 3, 1, 3, 1, 1, 1, 3, 3, 3, 1, 3, 3, 3, 1, 3, 1, 1, 0, 1, 0, 2, 1, 1, 1, 0, 0, 1, 1, 1, 1, 1, 3, 1, 1, 1], "confidence_scores": [[0.18650129315129316, 0.30645327830064656, 0.22783758169934645, 0.2792078468487138], [0.2287092185592187, 0.2620576239549925, 0.23732773337773347, 0.27190542410805585], [0.2339934506669802, 0.2986085553335554, 0.1893003718503719, 0.27809762214909284], [0.2865256993006993, 0.24954787712287727, 0.17848840881340886, 0.28543801476301484], [0.29767443830679113, 0.3163411017087488, 0.14845187590187597, 0.23753258408258415], [0.24571943611943617, 0.3129855533355532, 0.18194673937173936, 0.2593482711732712], [0.21607054334554343, 0.27038972693972696, 0.23876446608946617, 0.2747752636252636], [0.3080113556378262, 0.2958571353483117, 0.15611326614561913, 0.24001824286824308], [0.25296587301587325, 0.2858634313399019, 0.17753580471815766, 0.2836348909260674], [0.22577297783915448, 0.28120110967463907, 0.24381018181165248, 0.2492157306745544], [0.2348266955266956, 0.2839921578421581, 0.20077320457320455, 0.280407942057942], [0.280762792762793, 0.2973642912642913, 0.17168573648573657, 0.2501871794871797], [0.26660624726151055, 0.26348532578532596, 0.17835918525918537, 0.2915492416939786], [0.26332996643879, 0.25781683316683324, 0.19247916332033987, 0.28637403707403725], [0.2973004689754689, 0.27504166944166947, 0.14689171384171387, 0.28076614774114783], [0.24664858474858495, 0.34216307581307587, 0.14709650422676743, 0.26409183521157203], [0.2719745754245753, 0.3228052503052503, 0.15507140082140097, 0.2501487734487735], [0.22355708980561922, 0.27140920550038206, 0.18743562417974197, 0.31759808051425686], [0.2790746456158223, 0.29723051948051943, 0.14679404125286494, 0.27690079365079373], [0.2423298673548674, 0.36416444862327196, 0.17214609361227026, 0.2213595904095907], [0.21975678210678226, 0.27957230547230555, 0.1835204073704075, 0.31715050505050524], [0.23947223960250283, 0.28979478021978033, 0.2102376401376401, 0.2604953400400768], [0.26201958041958046, 0.26898791176144105, 0.18586265988913053, 0.283129847929848], [0.2988471861471862, 0.2753847763347766, 0.15286625596625597, 0.2729017815517815], [0.2597429847929849, 0.283113122661652, 0.1724873126873127, 0.2846565798580505], [0.2766538184038186, 0.2414316461316461, 0.1862846098346099, 0.2956299256299256], [0.20454151404151413, 0.3569828734990499, 0.1841607098783571, 0.2543149025810791], [0.2752854181765947, 0.3005439183365653, 0.17191754911754914, 0.25225311436929104], [0.27715050505050515, 0.2882403207903208, 0.21895021922521918, 0.215658954933955], [0.20580819980672932, 0.3184192843104606, 0.18024861641626355, 0.29552389946654667], [0.3525091103341103, 0.277169245460422, 0.147609590323677, 0.2227120538817908], [0.36130428460428454, 0.2145636724386724, 0.16305833725098434, 0.2610737057060588], [0.22314444640327016, 0.27612559466677117, 0.19893578088578115, 0.30179417804417813], [0.2908442260354027, 0.2557744644244645, 0.1835183316683317, 0.26986297787180136], [0.28427850482850486, 0.24666347182229562, 0.16255429015429024, 0.30650373319490976], [0.29740847208347226, 0.293402442002442, 0.17277614052614054, 0.23641294538794544], [0.27263863913863945, 0.27020669885669885, 0.18304897047397053, 0.2741056915306917], [0.2251504051504053, 0.29106703819056745, 0.19922169725699143, 0.28456085940203607], [0.23218230625583566, 0.2815891291714821, 0.18188597383009164, 0.3043425907425908], [0.23709849676467337, 0.2461788295038297, 0.20326210733710742, 0.31346056639439007], [0.2650985827897594, 0.2663116050616052, 0.17376924896568868, 0.2948205631829473], [0.2472998223998225, 0.28658391053391047, 0.1867066267066269, 0.2794096403596406], [0.270382959850607, 0.2574101945440182, 0.21550791789909457, 0.2566989277062807], [0.3295083361083362, 0.3506552447552448, 0.1191315406815407, 0.20070487845487847], [0.28403913863913866, 0.2326424392600865, 0.17828450993450992, 0.3050339121662651], [0.3122689457601225, 0.3078132423132423, 0.15631100761983116, 0.22360680430680438], [0.21575859859095156, 0.31651053440024035, 0.18044854149118858, 0.2872823255176196], [0.28098516369251675, 0.2976838245088245, 0.1641206740971447, 0.25721033770151425], [0.28764688922188947, 0.2931940559440561, 0.1729730852480854, 0.2461859695859697], [0.3132483072483075, 0.2904648296148298, 0.17330435120435134, 0.22298251193251198], [0.3227435730935731, 0.2880739482739483, 0.1478605505605507, 0.24132192807192815], [0.2777664138149432, 0.26010702353202364, 0.14939183071830134, 0.312734731934732], [0.2729926795426796, 0.2784879450614745, 0.20001535164182235, 0.24850402375402392], [0.24666801213062836, 0.24415682960830037, 0.18968161201543568, 0.3194935462456362], [0.33166295371295385, 0.21064711954711962, 0.18246538184038194, 0.27522454489954495], [0.2547573953823955, 0.2688355061605063, 0.19231112498612504, 0.2840959734709735], [0.23287087357087374, 0.3343212398712399, 0.19540897795015447, 0.23739890860773216], [0.2788510469922235, 0.2922295962207725, 0.15967079505461867, 0.26924856173238526], [0.2765845154845155, 0.323320929070929, 0.1745900765900767, 0.2255044788544789], [0.22131017511899867, 0.3222690032190034, 0.19027175324675333, 0.26614906841524516], [0.2465488372738374, 0.30361389721389737, 0.16085190365190377, 0.28898536186036206], [0.31480687645687655, 0.32053162393162393, 0.14940628260628266, 0.21525521700521702], [0.19376270477888144, 0.2819972527472528, 0.24526266266413335, 0.27897737980973303], [0.285069658446129, 0.29375563436391616, 0.18842780613779075, 0.23274690105216428], [0.2983039738039738, 0.2684939726939729, 0.16662357642357645, 0.2665784770784771], [0.2423031107781111, 0.29118207070707064, 0.21062661505161515, 0.25588820346320357], [0.26288501498501515, 0.251937964812965, 0.20075712065712079, 0.28441989954489966], [0.25941514669540994, 0.2784640268228503, 0.17790333555333568, 0.2842174909284041], [0.22493116883116887, 0.27573939671439696, 0.21449983627483635, 0.28482959817959835], [0.27703352203352205, 0.2783863247863248, 0.17274008050772766, 0.27184007267242577], [0.3507108447108448, 0.26526861471861485, 0.13293147130647137, 0.2510890692640694], [0.2140915509327275, 0.31212984988867354, 0.1997553149464916, 0.27402328423210776], [0.22096567207302514, 0.3038985161896927, 0.18957337254249024, 0.28556243919479235], [0.238649491358315, 0.25908078669696327, 0.20913133810633822, 0.293138383838384], [0.22816050893550902, 0.3044975116386881, 0.2028616022866025, 0.26448037713920086], [0.22499991479109124, 0.2980962756198053, 0.16726020172637826, 0.3096436078627255], [0.23425878565878572, 0.2798608977623683, 0.24506487009722322, 0.24081544648162306], [0.23001244866244883, 0.2902457542457542, 0.20064127539127558, 0.2791005217005218], [0.29846533825651467, 0.316107375957376, 0.15376070596070596, 0.2316665798254035], [0.30922497110732416, 0.28946214341214344, 0.15195258630258635, 0.24936029917794642], [0.2503577672327674, 0.249249050949051, 0.18012393162393167, 0.32026925019425045], [0.22727714115949418, 0.2703795296207061, 0.17641166480578263, 0.32593166441401733], [0.2344149830561598, 0.2750936186362657, 0.22037612387612396, 0.27011527443145106], [0.33215781440781444, 0.25481244866244884, 0.16526826506826506, 0.247761471861472], [0.23627829947829962, 0.2755273754023756, 0.19173141303141317, 0.29646291208791226], [0.26040800310800316, 0.34145764823411884, 0.15480641580641588, 0.24332793285146223], [0.26048638028638027, 0.2781836258512729, 0.179238268920622, 0.28209172494172485], [0.2371678762414057, 0.3075640193140192, 0.1981172164436873, 0.25715088800088803], [0.22134136419136424, 0.3129069486069487, 0.19041900321900337, 0.2753326839826841], [0.25899301254301266, 0.28524913419913417, 0.15306814851814862, 0.3026897047397049], [0.2274712498286029, 0.32153719940190545, 0.18180507972419752, 0.26918647104529464], [0.32867261072261084, 0.30189920634920625, 0.1427680375180376, 0.22666014541014548], [0.25738229352347014, 0.3151095182595185, 0.17925640144169575, 0.24825178677531642], [0.25423784548784567, 0.2816109862359863, 0.19031203241203254, 0.2738391358641359], [0.2458277954501642, 0.30588275058275066, 0.19434597244860413, 0.2539434815184815], [0.2437359873786344, 0.2875350538350539, 0.17653983589509925, 0.2921891228912127], [0.35636240622122956, 0.285706691347868, 0.13948493761140826, 0.21844596481949433], [0.2487317884729651, 0.2741520562770564, 0.2050269119769121, 0.27208924327306694], [0.25162178377178396, 0.34041444666444665, 0.15720585525585523, 0.2507579143079143], [0.27876764901764906, 0.25519730269730284, 0.18992259129759148, 0.27611245698745707], [0.25077283272283274, 0.2509910958322724, 0.18210882565147285, 0.3161272457934223], [0.2566101731601733, 0.3282337773337774, 0.18520539460539467, 0.229950654900655], [0.2708831501831503, 0.2967789765789768, 0.16940529193029194, 0.2629325813075814], [0.23133566988567, 0.2732110667110667, 0.20016815684315697, 0.2952851065601066], [0.24242035742035756, 0.27615497280497303, 0.2110457792207794, 0.2703788905538906], [0.24094854867354867, 0.28781612554112557, 0.18363094193388335, 0.2876043838514428], [0.27961807636807623, 0.22959122821622815, 0.18748011988012003, 0.3033105755355758], [0.22784407814407806, 0.279142796092796, 0.20639420856920856, 0.286618917193917], [0.22135746475746496, 0.31315019620902, 0.20270302475302496, 0.2627893142804907], [0.23986957486957494, 0.27990024420024434, 0.176836471861472, 0.30339370906870916], [0.29821533466533473, 0.30370152625152624, 0.1548035825285826, 0.24327955655455674], [0.2616613358863359, 0.28954970307470307, 0.17133618244500598, 0.27745277859395506], [0.22206573704073715, 0.30266549006549004, 0.21283135753135757, 0.26243741536241555], [0.23670523088023088, 0.276301001776002, 0.2092328144078145, 0.27776095293595293], [0.22972964257964282, 0.24911552336552342, 0.21803465423465432, 0.30312017982017986], [0.2168566227889759, 0.28317187061304716, 0.21034352738764525, 0.28962797921033223], [0.22831019225872184, 0.2784029287705757, 0.220720474296945, 0.2725664046737578], [0.24272601287601295, 0.2537504884004885, 0.23110930180930192, 0.2724141969141971], [0.27054762459762466, 0.26782860831978494, 0.16626901064192087, 0.29535475644066983], [0.2646651265401266, 0.28349747474747466, 0.164548388866036, 0.28728900984636285], [0.22948072319837037, 0.283658968808969, 0.22047836052836073, 0.2663819474643004], [0.23374810744810756, 0.2828197829947831, 0.18494967809967824, 0.29848243145743164], [0.23372769256886913, 0.286103870312694, 0.2054748374174845, 0.2746935997009527], [0.21578302285949358, 0.34254756158873784, 0.16665345569463236, 0.27501595985713645], [0.3126345949372266, 0.26646435961699133, 0.14915998445998457, 0.2717410609857978], [0.25772701465201475, 0.3012251692751692, 0.21614098401598406, 0.22490683205683223], [0.289045745920746, 0.25815319402819403, 0.21408360805860824, 0.2387174519924521], [0.20388620954209213, 0.26158988593106247, 0.26837260027554166, 0.26615130425130445], [0.263781509340333, 0.29203923103040763, 0.17721098068598073, 0.26696827894327907], [0.268244094794095, 0.3237885003885003, 0.16140839160839163, 0.24655901320901338], [0.24729563214563216, 0.28521553169053177, 0.18837380397380407, 0.27911503219003214], [0.27164046231546235, 0.2699937340437343, 0.19719322589175542, 0.26117257774904845], [0.3176591000502765, 0.24604777444777445, 0.14948731072848725, 0.2868058147734619], [0.2337729215229216, 0.2835891386391388, 0.20274316794316813, 0.27989477189477185], [0.2116361194361195, 0.3007718975468974, 0.2248853008103009, 0.26270668220668225], [0.25929034299034315, 0.29617911810411796, 0.17614504384504395, 0.26838549506049525], [0.2323739752077988, 0.3299337579087578, 0.1700673667835433, 0.2676249000999001], [0.2319455266955268, 0.30449405039405053, 0.21152738372738383, 0.2520330391830393], [0.27385366659484317, 0.2581097402597403, 0.15596127124509476, 0.3120753219003219], [0.17549479131979134, 0.31118172938172955, 0.24725911588411595, 0.2660643634143635], [0.28104946719946733, 0.28906690911427757, 0.18762624956742624, 0.24225737411882928], [0.21980658765039585, 0.3335613959140276, 0.206539684498508, 0.24009233193706883]]}, "rewritten": {"ids": ["97105451", "97105960", "97106970", "97107920", "97112290", "97112300", "97113260", "97114170", "97116500", "97116800", "98106111", "98106560", "98106680", "98107010", "98112170", "98112580", "98113881", "99107560", "99107950", "99108710", "99108890", "99109311", "99109860", "99110050", "99110730", "99111620", "99111930", "99113260", "99114890", "100108990", "100109801", "100110260", "100113370", "100116500", "101112160", "101114020", "101119030", "102110750", "102112250", "102113981", "103109791", "103110050", "103110100", "103110840", "103111620", "103111830", "103111990", "103113260", "103118110", "103120340", "104111550", "104111780", "104113550", "104116441", "105111990", "105113260", "105116090", "105118171", "105119550", "105120280", "106113190", "106116640", "106118520", "107112850", "107113130", "107113170", "107113550", "107117010", "107118490", "107119950", "107121230", "108114270", "108114360", "108115070", "108115570", "108116070", "108116120", "108116481", "108118301", "108119550", "108121160", "109113281", "109113591", "109114270", "109115070", "109115220", "109117431", "109119450", "109120150", "109121410", "109121640", "110113591", "110113931", "110114651", "110114950", "110117200", "110118111", "110118301", "110118930", "110121170", "110121500", "111114121", "111115770", "111115910", "111116530", "111117120", "111117480", "111119290", "111120531", "111120540", "111120591", "111121220", "112116640", "112116880", "112116900", "112117431", "112117580", "112118511", "112118530", "112118820", "112118860", "112118890", "112119450", "112120630", "112120640", "112120670", "112120990", "112121010", "112121360", "112121430", "113117340", "113117550", "113118421", "113118490", "113118511", "113118620", "113118690", "113120830", "113121010", "113122160", "113122190", "113122510"], "labels": [0, 2, 2, 0, 1, 2, 1, 2, 2, 0, 0, 1, 1, 3, 3, 2, 3, 1, 1, 2, 0, 1, 2, 3, 3, 3, 1, 0, 2, 2, 0, 3, 3, 2, 3, 3, 3, 1, 0, 1, 3, 3, 1, 1, 0, 3, 2, 3, 2, 1, 1, 3, 1, 1, 2, 3, 1, 3, 1, 3, 0, 3, 2, 1, 1, 0, 0, 1, 2, 3, 0, 3, 1, 1, 3, 1, 1, 0, 1, 1, 2, 0, 3, 3, 0, 3, 1, 3, 2, 0, 0, 0, 1, 3, 0, 3, 1, 1, 1, 2, 3, 0, 3, 2, 3, 2, 1, 3, 0, 1, 1, 3, 0, 0, 3, 0, 0, 1, 1, 0, 3, 3, 3, 3, 0, 2, 2, 2, 3, 2, 2, 3, 3, 1, 1, 3, 3, 3, 2, 3, 1, 2], "predicted_labels": [1, 3, 1, 0, 1, 3, 1, 3, 3, 0, 0, 1, 3, 1, 0, 3, 3, 1, 2, 1, 1, 0, 1, 1, 3, 1, 1, 1, 1, 3, 3, 1, 3, 3, 1, 3, 3, 1, 0, 3, 3, 3, 0, 1, 1, 3, 1, 3, 3, 3, 1, 1, 0, 1, 3, 1, 3, 3, 1, 1, 1, 3, 1, 1, 3, 3, 1, 3, 1, 1, 1, 1, 3, 3, 3, 1, 0, 0, 1, 3, 3, 0, 3, 1, 1, 3, 0, 3, 1, 1, 0, 0, 3, 3, 3, 1, 0, 3, 1, 1, 0, 0, 0, 3, 3, 1, 1, 3, 1, 0, 0, 1, 3, 3, 0, 1, 3, 3, 1, 0, 1, 1, 1, 0, 1, 1, 1, 1, 1, 1, 0, 3, 3, 3, 3, 3, 3, 3, 1, 1, 0, 1], "confidence_scores": [[0.24182786380286406, 0.29757763902763906, 0.1940351232101234, 0.26655937395937407], [0.26664072009861495, 0.25399205332850844, 0.17150669053169065, 0.3078605360411862], [0.19478291430791436, 0.30721158008658017, 0.21331997724497725, 0.2846855283605284], [0.3409659190482721, 0.2568146226322698, 0.1402172438672439, 0.2620022144522144], [0.27891370296370305, 0.2801958041958042, 0.18632154512154517, 0.25456894771894784], [0.2781534160284161, 0.23826433843933856, 0.18111307581307592, 0.30246916971916976], [0.2732937859526096, 0.27551546786546804, 0.22841749002631362, 0.22277325615560928], [0.2310690143190144, 0.25902151459651473, 0.22343374125874133, 0.28647572982572994], [0.2725972971472972, 0.23461507773272483, 0.21750571454689122, 0.2752819105730872], [0.33229524192697585, 0.28151183342801, 0.1469869618943149, 0.23920596275069964], [0.29299188393306047, 0.2612555039731511, 0.21961132756132765, 0.22614128453246107], [0.2204822566322568, 0.31256002331002325, 0.19171095571095584, 0.2752467643467645], [0.24818810992928647, 0.27220645661528026, 0.19955127176744847, 0.28005416168798536], [0.27332621267621293, 0.28925493117993134, 0.17437952325452338, 0.2630393328893329], [0.3016598373848375, 0.23708547286047305, 0.17167335719835725, 0.2895813325563325], [0.24858978243978258, 0.22281349957232316, 0.22585503189620845, 0.302741686091686], [0.24368106338106346, 0.24212689173571536, 0.1943917146578912, 0.3198003302253301], [0.25554564242946615, 0.2876353710015476, 0.18300233100233113, 0.2738166555666556], [0.19252358474858478, 0.27119254634254647, 0.27520390834655556, 0.2610799605623136], [0.23638584748584757, 0.2923704045954043, 0.207902405927406, 0.2633413419913422], [0.2597084415584417, 0.30709735427970714, 0.1834992177756885, 0.24969498638616303], [0.2770978132978133, 0.271663247863248, 0.1762919025419026, 0.2749470362970364], [0.2710000277500278, 0.3240299644799646, 0.17471053391053404, 0.23025947385947385], [0.2780418787095259, 0.2794579698079697, 0.17304029304029314, 0.2694598584422116], [0.24156957323722056, 0.2521442407265936, 0.22530611088258157, 0.2809800751536046], [0.25587288822288834, 0.3077658785658785, 0.18107342657342668, 0.2552878066378068], [0.25353205128205136, 0.32229987234987223, 0.18409072039072055, 0.24007735597735608], [0.24091551226551233, 0.27652486598368947, 0.2082404020815787, 0.27431921966921974], [0.22965655455655454, 0.3008894327894328, 0.209014466089466, 0.26043954656454665], [0.24902900432900438, 0.26139013764013785, 0.20051260406260424, 0.2890682539682541], [0.2297077256077256, 0.27091836496836513, 0.1813714535464537, 0.31800245587745574], [0.23874657287157294, 0.3083402208902212, 0.18929853479853478, 0.26361467143967154], [0.2352868389780155, 0.268722608274079, 0.21631333943833952, 0.27967721330956646], [0.22002838272838296, 0.25099324531677475, 0.2395375738640446, 0.28944079809079815], [0.21512412309912324, 0.3059460261960263, 0.1940881063381064, 0.28484174436674425], [0.2726992432404199, 0.2508144244644246, 0.16006063381063387, 0.3164256984845219], [0.23818017611043943, 0.24248263125763136, 0.1931937229437231, 0.3261434696882066], [0.22518023088023104, 0.293445165945166, 0.2057513847263848, 0.2756232184482185], [0.31416461316461336, 0.20793704628704635, 0.19539274059274064, 0.28250559995560015], [0.2592652181152183, 0.22516877566877577, 0.18831100566100564, 0.3272550005550007], [0.2580970446220447, 0.2397302614052615, 0.19195157065157079, 0.31022112332112356], [0.24345004717504728, 0.256112037962038, 0.21552967587967609, 0.28490823898323925], [0.2788813464313465, 0.25379670688788336, 0.19629040306099135, 0.2710315436197791], [0.2433301872963639, 0.3220552863802865, 0.1980114816555994, 0.23660304466775073], [0.24519833336598063, 0.28731905594405605, 0.20672509630891994, 0.26075751438104394], [0.2829371656121657, 0.24601321178821195, 0.17519741092241106, 0.2958522116772116], [0.23788013261248564, 0.2812015373515374, 0.21184086142615566, 0.2690774686098218], [0.25015487845487855, 0.27491005106005095, 0.18701518481518487, 0.28791988566988586], [0.24466513845631502, 0.25627161727161735, 0.18977244977244992, 0.309290794499618], [0.21103578643578658, 0.26354231324231336, 0.25049915917415927, 0.2749227411477411], [0.21477240259740285, 0.2895981601731601, 0.22885446497946496, 0.2667749722499723], [0.29095181093416406, 0.3066718115218115, 0.16203656898656904, 0.24033980855745576], [0.3019742923742924, 0.2583366114277881, 0.14250207570207576, 0.297187020495844], [0.22769521034521045, 0.31040460372960366, 0.18455480352980363, 0.2773453823953824], [0.24067861582861594, 0.27809385026737976, 0.2028130794042559, 0.2784144544997488], [0.22592798116915774, 0.3032520535020538, 0.18644598179598187, 0.2843739835328073], [0.2594643689643691, 0.2824219336219336, 0.15390674880674893, 0.30420694860694886], [0.26490013875013874, 0.24534265179265202, 0.17517269315651662, 0.31458451630069273], [0.25781355866355876, 0.29216061716061714, 0.19921480741480752, 0.2508110167610169], [0.25087152259505213, 0.27936157731157746, 0.20186243233890297, 0.26790446775446786], [0.2605164363414364, 0.27153578643578646, 0.19722428682428697, 0.2707234903984905], [0.24369670472286575, 0.23395604015867194, 0.18172151459651467, 0.3406257405219479], [0.25161250416250425, 0.2889885003885003, 0.22258274503274525, 0.2368162504162506], [0.19830851615704564, 0.3193747429471113, 0.20968520205284916, 0.272631538842994], [0.23868764291264302, 0.2335210567210568, 0.2052788167714639, 0.32251248359483664], [0.2527511655011656, 0.27693469030969037, 0.19013944780709496, 0.2801746963820492], [0.2371321567321569, 0.2927861527361526, 0.21251878954378958, 0.25756290098790124], [0.22089506963624628, 0.28310386835386847, 0.20547128231245881, 0.29052977969742694], [0.2421751174865727, 0.30084272373653204, 0.21168586968586972, 0.24529628909102605], [0.2659975024975026, 0.31125217005217004, 0.17645789765789774, 0.2462924297924299], [0.2646764160675925, 0.3096045121545123, 0.1753767538017538, 0.25034231797614154], [0.23142468642468664, 0.3200765012765013, 0.18164160284160294, 0.26685720945720953], [0.21363709068709064, 0.27386588411588436, 0.19730744255744256, 0.3151895826395826], [0.23194666999667013, 0.2775500083250084, 0.19727091797091803, 0.29323240370740367], [0.24468866688866692, 0.28278801198801196, 0.17224031801531808, 0.3002830031080032], [0.2603570707070709, 0.27308537851037856, 0.20187006882006894, 0.2646874819624822], [0.29817106227106216, 0.2884867327117326, 0.1711947993183287, 0.24214740569887638], [0.28142154512154516, 0.27772899322899314, 0.16895089910089922, 0.27189856254856265], [0.2601413170163173, 0.29204617604617633, 0.16104307359307357, 0.28676943334443356], [0.21962335997336013, 0.256166498413867, 0.24256429126429124, 0.28164585034848205], [0.23985421441303797, 0.2717710270122037, 0.20717130647130658, 0.2812034521034522], [0.3428990209137268, 0.23523294483294496, 0.15957591020091028, 0.2622921240524183], [0.2447674214674215, 0.2644910922410923, 0.20178791486291492, 0.2889535714285715], [0.26752996643879007, 0.30453853532088826, 0.15523703518703527, 0.2726944630532866], [0.27208143327260964, 0.3005662504162503, 0.18969145103262758, 0.23766086527851263], [0.2756632034632035, 0.25245245865245874, 0.17960097125097138, 0.29228336663336657], [0.33087872486990144, 0.2873310470231523, 0.14622529312792473, 0.23556493497902187], [0.24234896410778772, 0.27987276612276624, 0.1886299506049507, 0.28914831916449557], [0.2665971583971586, 0.29722026862026873, 0.17122287712287712, 0.264959695859696], [0.21242898572016236, 0.30843684093684093, 0.18506253550371213, 0.29407163783928497], [0.28423008658008664, 0.24669657923775562, 0.18778590657708322, 0.28128742760507475], [0.32011561216561213, 0.23893976497358868, 0.17876827535209902, 0.26217634750870067], [0.2686356549882867, 0.2699657526683842, 0.16122129259629261, 0.30017729974703666], [0.26883185148185135, 0.2487894450320923, 0.16913779276279284, 0.31324091072326365], [0.2666178987678988, 0.22980117660117666, 0.18371846486846496, 0.31986245976245964], [0.28103995416348365, 0.28465776445776425, 0.16429632034632033, 0.27000596103243174], [0.32179285714285716, 0.2724218004218004, 0.1563742951492951, 0.24941104728604727], [0.2996093866917396, 0.26120463066345434, 0.13928207380854446, 0.29990390883626156], [0.20542805005452064, 0.34938753550371193, 0.16773152125652138, 0.27745289318524624], [0.28239398069251015, 0.2901586005497771, 0.14498601823013607, 0.282461400527577], [0.28592843594314193, 0.2610988400488401, 0.17229240204240207, 0.2806803219656165], [0.3330990897990899, 0.29358268398268383, 0.1464882395382396, 0.22682998667998674], [0.3137214396714395, 0.294884471084471, 0.1621489656542289, 0.22924512358986057], [0.23113605838605847, 0.28375755355755383, 0.18333172660672672, 0.3017746614496616], [0.2385989926739928, 0.2808175099410394, 0.1855411508426215, 0.2950423465423465], [0.24039022644022656, 0.28495516460663506, 0.23442720498455805, 0.24022740396858058], [0.2828721084471085, 0.2870660969749204, 0.17170063433298735, 0.2583611602449838], [0.25264546123810827, 0.2767408979908982, 0.1808423389476023, 0.2897713018233915], [0.2792017593517594, 0.29554107033317567, 0.17317986829132354, 0.2520773020237419], [0.3032603396603396, 0.2539993728493729, 0.18847471139971148, 0.2542655760905762], [0.3305941336441337, 0.22780425407925403, 0.1660931235431236, 0.2755084887334888], [0.2792400072150072, 0.3045500222000223, 0.13571101676101685, 0.28049895382395384], [0.2582754384504385, 0.2551386197136198, 0.16880598845598854, 0.3177799533799536], [0.2387149489399491, 0.2652090381840383, 0.20335559163059166, 0.2927204212454214], [0.27928892949156103, 0.25847187987451153, 0.18756912531912542, 0.2746700653148023], [0.2734506910959697, 0.31841353266616473, 0.12639872145398473, 0.28173705478388156], [0.22586506826506836, 0.2771903402153404, 0.18573472083472087, 0.3112098706848706], [0.22537124542124556, 0.2774240120990122, 0.18339826284826302, 0.3138064796314798], [0.2461691169941171, 0.27993727220491915, 0.20672126092861404, 0.2671723498723498], [0.294020695970696, 0.25623895548895564, 0.17570821751348079, 0.274032131026868], [0.2645747658773976, 0.29583388482862166, 0.16177484357747524, 0.27781650571650574], [0.25203927020691735, 0.28355711262421784, 0.20484718234981397, 0.2595564348190511], [0.277198002324473, 0.2930037645361173, 0.14292854922854925, 0.2868696839108605], [0.30748571983571993, 0.24022217227217227, 0.1692547119547121, 0.283037395937396], [0.2601014152514152, 0.32038851148851144, 0.1568712787212788, 0.26263879453879463], [0.26438171632289287, 0.2766782606282608, 0.1836075717540115, 0.2753324512948353], [0.2423981601731602, 0.2956297064047065, 0.20804507714507725, 0.25392705627705636], [0.2453335941835944, 0.2761621231709468, 0.22080218278453576, 0.2577020998609236], [0.2926769544181309, 0.31053493173493174, 0.16891596181596186, 0.22787215203097574], [0.2560834776334776, 0.28018116328116344, 0.1947957348207349, 0.2689396242646244], [0.3068609335109334, 0.29068429348429364, 0.15471027306027313, 0.24774449994449993], [0.22639925907425923, 0.2688505466755467, 0.17706664446664458, 0.32768354978354963], [0.25734784937284955, 0.25648139915639934, 0.1708108807858809, 0.3153598706848708], [0.24093815073815064, 0.24588240277094778, 0.17425477137241868, 0.33892467511848323], [0.26425102675102685, 0.28030149295149304, 0.16334855462734732, 0.2920989256701331], [0.26776659451659457, 0.2570938894438896, 0.1681071206571208, 0.30703239538239535], [0.24446446608946623, 0.2567816322566325, 0.1883404401154403, 0.31041346153846155], [0.2217404484404486, 0.30136067543567546, 0.1750289551951317, 0.30186992092874465], [0.24811028416028422, 0.30421721056721074, 0.1827589438339439, 0.26491356143856143], [0.24955394605394615, 0.29486405538905536, 0.19019067044067042, 0.2653913281163283], [0.2822665112665113, 0.27046071151071177, 0.17408668553668552, 0.2731860916860917], [0.2532805250305251, 0.2971510989010989, 0.1704825702075704, 0.27908580586080584]]}}