{"test": {"ids": ["98108580", "106113360", "102118380", "98113881", "111120540", "104113550", "99108710", "107119390", "110117500", "112116810", "100109890", "110118740", "101108621", "103111170", "100120780", "100108080", "112116290", "106119580", "101111310", "98120530", "112120670", "110118111", "112117660", "113118620", "112117571", "100120010", "108115970", "113122650", "112119450", "110115140", "102110690", "108117451", "110115250", "102109910", "105115720", "98111860", "113120070", "109119450", "108119550", "107116501", "99108000", "108115500", "100112060", "99119830", "104114740", "107121230", "109114651", "110114920", "112116900", "110115710", "110120531", "109116040", "104111620", "103109791", "113120601", "113121410", "112118530", "102114270", "111120591", "112120290", "105113440", "113122320", "111119150", "111120220", "108114200", "97116410", "98106680", "104113240", "112118581", "98121790", "113121950", "99111440", "111120260", "105119550", "98120010", "110120700", "111116100", "102110750", "108118630", "109117110", "112120270", "98109230", "113121010", "111121410", "104111830", "113120591", "107114280", "97105960", "112118471", "110118161", "99117630", "104114320", "113122160", "113117550", "107116340", "112116401", "103113270", "111117480", "110113591", "110117200", "99113260", "109121410", "111115780", "100109311", "112119980", "104111780", "98108970", "111114121", "101108080", "97113900", "108120280", "101117580", "99105921", "109120150", "97112170", "98106880", "110121450", "98108150", "102109850", "108117720", "107118520", "111119950", "106115120", "108113480", "107113260", "106114280", "107113130", "101110200", "99110050", "110114720", "112117210", "110118630", "112116540", "97105760", "111114171", "104111531", "104116441", "100115700", "99111930", "100109980", "112116850", "105113620"], "labels": [0, 0, 1, 3, 1, 1, 2, 2, 1, 3, 3, 3, 0, 2, 1, 0, 0, 3, 3, 1, 2, 1, 0, 3, 3, 0, 2, 2, 3, 0, 0, 2, 1, 2, 1, 0, 2, 3, 1, 1, 2, 3, 2, 1, 2, 0, 3, 3, 3, 2, 0, 0, 0, 3, 2, 0, 1, 3, 1, 1, 0, 1, 3, 3, 0, 3, 1, 2, 1, 2, 3, 3, 3, 1, 2, 2, 3, 1, 1, 1, 0, 1, 2, 0, 3, 0, 3, 2, 1, 0, 3, 2, 3, 3, 3, 0, 2, 1, 0, 3, 0, 0, 1, 1, 0, 3, 3, 0, 0, 2, 3, 3, 1, 2, 0, 0, 3, 0, 1, 1, 2, 0, 1, 0, 0, 3, 1, 2, 3, 3, 1, 1, 1, 0, 3, 0, 1, 1, 1, 1, 0, 0], "predicted_labels": [2, 0, 1, 1, 1, 2, 1, 3, 1, 1, 1, 2, 0, 2, 3, 1, 0, 2, 0, 1, 2, 1, 3, 1, 1, 2, 3, 1, 3, 3, 1, 0, 3, 1, 1, 1, 2, 3, 3, 0, 1, 1, 2, 1, 0, 1, 0, 1, 0, 0, 3, 3, 3, 3, 1, 3, 2, 1, 0, 1, 2, 1, 3, 0, 0, 3, 1, 1, 2, 2, 3, 1, 0, 3, 3, 3, 0, 1, 1, 2, 2, 2, 1, 1, 1, 0, 1, 2, 2, 0, 1, 0, 1, 3, 3, 0, 2, 1, 3, 0, 1, 0, 1, 3, 3, 1, 1, 1, 3, 2, 3, 0, 0, 2, 0, 2, 3, 1, 2, 1, 1, 3, 1, 3, 1, 3, 2, 1, 1, 2, 2, 3, 0, 2, 3, 3, 3, 1, 1, 1, 3, 1], "confidence_scores": [[0.2629629879885658, 0.0004264447907011346, 0.7365999409774747, 1.0626243258531221e-05], [0.727037902049578, 0.2729303084314366, 3.007954193158493e-05, 1.7099770537837107e-06], [5.419981299525498e-05, 0.9314144521443052, 0.05788262780851539, 0.010648720234184261], [0.007244764727191537, 0.9927120739879974, 3.900503988129499e-06, 3.926078082283869e-05], [0.020972174204420976, 0.9746108565680726, 0.004318581490477063, 9.838773702937375e-05], [0.4342587941523353, 3.0774432724183053e-06, 0.5642615597484634, 0.001476568655928828], [4.641422968204733e-08, 0.9999946274144579, 4.096086673637069e-08, 5.285210445712097e-06], [0.046772922533730006, 0.00012055069436515853, 0.1054049148311458, 0.847701611940759], [0.057554342202014996, 0.8978693115077754, 1.6796842348435707e-05, 0.04455954944786122], [0.08354907587458274, 0.9110120809137089, 0.005315001694282176, 0.000123841517426047], [0.04397824939541881, 0.8788412211229011, 0.07529517886208952, 0.0018853506195906369], [0.2901769508043216, 6.794819479891298e-08, 0.7082047213204485, 0.0016182599270351619], [0.6691822484998377, 0.09721657578456853, 0.0011723980860515546, 0.2324287776295422], [0.13730293872812846, 0.26714864649711967, 0.5953713501713006, 0.00017706460345133572], [7.850379034540672e-05, 1.4506139450473377e-06, 5.0308255181614636e-05, 0.999869737340528], [4.041580872255342e-06, 0.999933078338101, 6.240879738578802e-05, 4.7128364112358104e-07], [0.9995081365463065, 0.00048425715522280936, 5.775851646188901e-06, 1.8304468244067968e-06], [0.033572276722952536, 0.07671454576536518, 0.6295832706694177, 0.26012990684226456], [0.9998646008026205, 9.99003651265043e-05, 3.548486786288356e-05, 1.3964390187616453e-08], [5.59069305024167e-07, 0.9985158189136656, 9.385746514983554e-12, 0.0014836220076438053], [0.013687240048191397, 0.00329086631618152, 0.9830163267889462, 5.56684668083619e-06], [0.37513629294421075, 0.6248337637302973, 3.789482837253894e-06, 2.615384265472123e-05], [0.0008539041286428964, 0.0007176777875438789, 0.0002727906446766589, 0.9981556274391366], [6.142474668536084e-07, 0.9999989681340593, 1.1098930432808932e-12, 4.1761736380394144e-07], [0.08164182020383962, 0.8864915108717175, 1.370067914360709e-05, 0.03185296824529923], [0.00043152708922463616, 0.04431467930813774, 0.9551719933403932, 8.180026224444156e-05], [4.986284516212766e-05, 5.779919703180654e-07, 6.993089532941316e-06, 0.9999425660733345], [0.0005342638962376986, 0.9957415897805088, 8.48741981306894e-05, 0.003639272125123085], [0.00032670464006009226, 0.0021244536310643966, 2.9041346270821815e-06, 0.9975459375942485], [0.002258973230395417, 0.010386066003290069, 0.00014744532544843327, 0.9872075154408659], [0.04636962935162837, 0.841691337684541, 6.477180725046394e-08, 0.1119389681920236], [0.9922926541750983, 1.266777852517324e-10, 8.413674904065212e-10, 0.007707344856856484], [0.014347701632717307, 0.036832898620534404, 0.0002077853052697117, 0.9486116144414787], [0.002843848241379475, 0.580488924379636, 0.32219513819700396, 0.09447208918198047], [3.3414616155082294e-05, 0.9986422529049311, 0.0013191158802202787, 5.216598693464445e-06], [0.00010655583452427923, 0.5337168602936078, 0.4629283245328238, 0.003248259339044108], [0.00027872027393643147, 0.000554065556782566, 0.9991637218119473, 3.4923573334994944e-06], [9.158662316045855e-06, 0.009120632373730777, 0.24088721761213297, 0.7499829913518202], [0.0013000370196896585, 0.23046542755481053, 0.0003858439804172051, 0.7678486914450827], [0.9967528941187946, 0.0001135937967606247, 0.0001544387367689522, 0.0029790733476757463], [2.8299178679864744e-06, 0.999960795526032, 2.1376777474346933e-05, 1.4997778625838213e-05], [1.3417963350365832e-05, 0.9997922581564305, 0.00017496371026062924, 1.936016995835603e-05], [0.0017147783031443231, 0.0010350015621788475, 0.9964745814111053, 0.000775638723571649], [1.362562447752187e-06, 0.9840867652791768, 0.01575141084891782, 0.0001604613094576706], [0.4976587464530869, 0.14466177980652545, 0.20031257021989532, 0.1573669035204923], [1.0058740135307921e-05, 0.9998746519483659, 3.276561620113994e-06, 0.00011201274987884879], [0.9992895904560616, 4.101748303699802e-06, 1.561380885459869e-10, 0.0007063076394967816], [0.0012002005987019433, 0.998535715503853, 0.00024230255333553151, 2.17813441096295e-05], [0.9209069434466554, 0.008544483740991073, 0.0035232419226852193, 0.06702533088966825], [0.6255230040313475, 0.005198175647892829, 0.3692289787768519, 4.9841543907687206e-05], [0.017650042247401715, 0.0056285334238320595, 1.1284805321686055e-05, 0.9767101395234444], [0.11260010571351788, 0.0023394576998321042, 0.019032691939636946, 0.866027744647013], [0.004806793734421326, 0.020316498077181593, 8.796801662486768e-06, 0.9748679113867347], [1.0431831254592669e-06, 4.741482455022775e-07, 0.06964176853499622, 0.9303567141336329], [0.09087413445132816, 0.5927830621204312, 0.31604648548367636, 0.0002963179445642468], [9.912641182702509e-06, 7.437911232148805e-07, 2.452703737143133e-09, 0.9999893411149904], [1.3190313810430718e-05, 0.094330016737493, 0.9056544445094589, 2.348439237702617e-06], [0.007334157697176842, 0.9926130607343828, 2.632245640305327e-05, 2.6459112037240476e-05], [0.941746718745976, 0.013005341010853181, 3.6020268948994585e-08, 0.04524790422290186], [0.10264541434209576, 0.5585714809310266, 0.3385506141313483, 0.00023249059552938423], [0.01267520965862186, 0.3746963189893657, 0.6042763041733924, 0.008352167178619885], [0.0021020270676024677, 0.9975800376296085, 0.00010994226394445964, 0.00020799303884458641], [9.332772909276965e-05, 6.815694545729827e-05, 2.463704624178278e-06, 0.9998360516208258], [0.9992612491864271, 0.0007387292166900428, 4.255273087171065e-09, 1.73416098451746e-08], [0.9938959214337377, 0.005594103715388452, 0.0005098609342323463, 1.1391664123081163e-07], [0.0004681877156587377, 0.009947409355226231, 0.00893256950317116, 0.9806518334259439], [9.756325893914988e-09, 0.9622046372012854, 0.037780526639323644, 1.4826403065072241e-05], [0.07660897746981446, 0.6595653832458936, 0.2487666644120838, 0.015058974872208168], [3.982618821202867e-08, 4.341193633919853e-05, 0.999059692647838, 0.0008968555896344708], [0.0039214220286925006, 0.1380872150368827, 0.8579315428894256, 5.98200449992262e-05], [0.006804061952409427, 0.0006390794364994659, 0.07331789369815242, 0.9192389649129387], [0.17503750689750386, 0.787790418213009, 0.0041073329801957405, 0.03306474190929124], [0.9999716901141685, 1.8263202527954434e-05, 7.919183317117116e-08, 9.96749147029834e-06], [0.0003968540058638952, 0.012056445786478586, 1.4576960726908054e-05, 0.9875321232469306], [2.6988921095540853e-05, 0.001992877222373711, 0.12399122925251903, 0.8739889046040117], [3.7284849537703725e-05, 2.82599563717651e-07, 1.808777154289533e-06, 0.9999606237737443], [0.7061234400906498, 0.001990048611817858, 1.1880185006747116e-05, 0.29187463111252554], [0.0048635131505869985, 0.9856267053611877, 0.009509722942981533, 5.85452436045418e-08], [4.0336465026157186e-06, 0.9821735779494501, 9.185911600989969e-06, 0.0178132024924462], [0.002629372286517944, 0.022152904110491718, 0.9058054445014477, 0.0694122791015426], [1.296781620335611e-05, 0.04766535444096784, 0.9521914177541277, 0.0001302599887009802], [0.012345585868988408, 0.001663513071709609, 0.9857919702297174, 0.00019893082958467601], [0.005192338169957077, 0.9884295336151859, 0.0008191804704669182, 0.005558947744390166], [0.11685128224946932, 0.8825625573592816, 0.00044767925203754484, 0.00013848113921176265], [0.0031340440401462703, 0.7251379869903539, 0.06591350972459957, 0.20581445924490008], [0.8929500624711999, 1.882488242398027e-05, 1.575800880169757e-07, 0.10703095506628808], [0.003809255141771209, 0.9565160356033189, 0.03961890424468217, 5.58050102277718e-05], [3.997532959074904e-05, 0.0005829132121364313, 0.9993743140550337, 2.797403239075097e-06], [0.10128265300973306, 0.4011582341673946, 0.4839953170038538, 0.013563795819018397], [0.9989598514211332, 0.001021142738095669, 9.096052071218887e-07, 1.8096235564022116e-05], [0.17408712526372921, 0.7933119723558241, 0.03229708314052267, 0.00030381923992417453], [0.8272484146055732, 0.16369381703333605, 0.008744289495299377, 0.00031347886579138044], [3.0387414102211172e-05, 0.8377707078529999, 0.09914105294971806, 0.06305785178317987], [0.0003016216791924631, 0.0009081206503600488, 0.3244197793397926, 0.6743704783306549], [0.007325917028674952, 0.16551750259889741, 9.934755562452795e-05, 0.8270572328168031], [0.9999522170745798, 2.2356197237859753e-05, 3.4939922707614835e-06, 2.1932735911570065e-05], [0.00013259113261466943, 0.0022812742526525424, 0.7761965891056233, 0.2213895455091095], [0.036840838695292644, 0.9613199134337123, 0.0018204973752799307, 1.8750495715188284e-05], [0.0003080787717406257, 0.00013374904924302956, 1.9397470511445946e-09, 0.9995581702392693], [0.9990924113437379, 0.0004999997569067666, 0.0003533806769573262, 5.420822239808874e-05], [0.00013086155796453698, 0.9982339687519821, 0.0016341739609992026, 9.957290541147857e-07], [0.7433251492762978, 6.550130688281547e-06, 2.3956190842613035e-06, 0.2566659049739297], [0.41006063982760554, 0.5830856698360672, 0.0019288066807646828, 0.004924883655562631], [3.408624167540285e-06, 4.5540748317465115e-07, 2.6187861441908608e-08, 0.9999961097804879], [4.48188978617525e-07, 6.995904891177951e-09, 3.316379299998919e-08, 0.9999995116513234], [1.1169502566961692e-06, 0.9999515553233338, 1.7966555051017292e-08, 4.7309759854210976e-05], [1.865478114849921e-08, 0.9999888912470145, 1.0273280168058217e-05, 8.168180362783197e-07], [4.752287569077877e-06, 0.9999490615774963, 3.367796261018939e-05, 1.2508172324450902e-05], [0.018697734094433573, 0.0014862881784339665, 0.0008849926519896942, 0.9789309850751429], [0.03995719944416538, 0.06906813478933242, 0.8908161383396586, 0.00015852742684366845], [0.0032727477239807004, 0.0012488576315676605, 0.12344112978493545, 0.8720372648595163], [0.9974189232314727, 0.002132405227079445, 3.919689359380271e-07, 0.0004482795725118143], [0.939880829508532, 1.826839416585745e-05, 0.059465606081060204, 0.0006352960162419217], [1.4119381726455448e-05, 0.00019933482488719906, 0.9997825372684588, 4.008524927578965e-06], [0.5253792510565667, 0.46562258635509024, 3.798441549138259e-05, 0.008960178172851767], [0.00019103953538527875, 2.0029298505564964e-06, 0.972072054052632, 0.027734903482132197], [0.013325053123302283, 0.0004514638303830801, 8.729859223518871e-06, 0.9862147531870912], [0.001289192833530185, 0.9816022194841287, 0.0066378642672423275, 0.01047072341509905], [0.1967276151886281, 0.012183458778028712, 0.7886934146735985, 0.0023955113597446476], [0.0062938243465022635, 0.8545312166346474, 0.015531690490623805, 0.12364326852822653], [2.8624703353796162e-06, 0.995279024487788, 0.004290369774415767, 0.0004277432674607639], [0.32127979382929905, 0.00011175734263573124, 0.0001711185946219365, 0.6784373302334433], [0.01775184546696923, 0.9817876505867432, 1.3371705584896338e-07, 0.00046037022923180724], [0.15026399926757858, 0.00010791871937893764, 0.00039098200071615154, 0.8492371000123263], [0.013870447790412405, 0.5548727041507465, 0.0554934109135542, 0.3757634371452868], [0.04371511572202495, 0.00015171665763408622, 2.168817269356671e-05, 0.9561114794476474], [3.806047701468887e-05, 0.0001678578071179692, 0.9997933439996763, 7.37716190976345e-07], [1.0689492590632645e-05, 0.9999876463883987, 1.717231461025544e-07, 1.4923958644695664e-06], [6.416543260718089e-05, 0.8073731382538012, 0.07677812557404387, 0.11578457073954782], [0.00011921197361347582, 9.735628874177308e-05, 0.9997774755353132, 5.956202331546563e-06], [0.01564422707187063, 0.2146938186499353, 0.7191029402163956, 0.050559014061798455], [2.7582498905519413e-08, 0.0018586087074253692, 1.2540339711503843e-05, 0.9981288233703642], [0.8562080832110449, 0.14332779095903456, 5.52506277242586e-07, 0.00046357332364327527], [0.023297659038497957, 2.440366865019029e-05, 0.9615017218334747, 0.015176215459377194], [1.8100863316438116e-05, 6.050973580925997e-07, 3.6755450435062747e-11, 0.99998129400257], [0.005483700842331877, 0.03383470907991614, 0.010874492093118662, 0.9498070979846334], [0.07310696742624245, 0.00859187881007766, 2.565289092826799e-06, 0.9182985884745871], [0.013054523860478518, 0.914673814560134, 0.0330580832488517, 0.039213578330536], [6.144956926355696e-09, 0.9999987323431134, 8.672902840770253e-07, 3.9422164542706626e-07], [0.05207594450961423, 0.9143019160139745, 0.027440194588487742, 0.006181944887923535], [2.6599221434400425e-05, 0.00014937294527506161, 5.062022088885132e-07, 0.9998235216310816], [0.0001252903048006408, 0.9998523870014693, 1.8755507142960533e-05, 3.5671865871086583e-06]]}, "rewritten": {"ids": ["97105760", "97105960", "97112170", "97113900", "97116410", "98106680", "98106880", "98108150", "98108580", "98108970", "98109230", "98111860", "98113881", "98120010", "98120530", "98121790", "99105921", "99108000", "99108710", "99110050", "99111440", "99111930", "99113260", "99117630", "99119830", "100108080", "100109311", "100109890", "100109980", "100112060", "100115700", "100120010", "100120780", "101108080", "101108621", "101110200", "101111310", "101117580", "102109850", "102109910", "102110690", "102110750", "102114270", "102118380", "103109791", "103111170", "103113270", "104111531", "104111620", "104111780", "104111830", "104113240", "104113550", "104114320", "104114740", "104116441", "105113440", "105113620", "105115720", "105119550", "106113360", "106114280", "106115120", "106119580", "107113130", "107113260", "107114280", "107116340", "107116501", "107118520", "107119390", "107121230", "108113480", "108114200", "108115500", "108115970", "108117451", "108117720", "108118630", "108119550", "108120280", "109114651", "109116040", "109117110", "109119450", "109120150", "109121410", "110113591", "110114720", "110114920", "110115140", "110115250", "110115710", "110117200", "110117500", "110118111", "110118161", "110118630", "110118740", "110120531", "110120700", "110121450", "111114121", "111114171", "111115780", "111116100", "111117480", "111119150", "111119950", "111120220", "111120260", "111120540", "111120591", "111121410", "112116290", "112116401", "112116540", "112116810", "112116850", "112116900", "112117210", "112117571", "112117660", "112118471", "112118530", "112118581", "112119450", "112119980", "112120270", "112120290", "112120670", "113117550", "113118620", "113120070", "113120591", "113120601", "113121010", "113121410", "113121950", "113122160", "113122320", "113122650"], "labels": [0, 2, 0, 2, 3, 1, 0, 0, 0, 3, 1, 0, 3, 2, 1, 2, 1, 2, 2, 3, 3, 1, 0, 3, 1, 0, 1, 3, 1, 2, 1, 0, 1, 0, 0, 2, 3, 3, 1, 2, 0, 1, 3, 1, 3, 2, 2, 0, 0, 3, 3, 2, 1, 2, 2, 1, 0, 0, 1, 1, 0, 3, 1, 3, 1, 0, 3, 3, 1, 2, 2, 0, 0, 0, 3, 2, 2, 1, 1, 1, 3, 3, 0, 1, 3, 2, 0, 0, 3, 3, 0, 1, 2, 3, 1, 1, 0, 1, 3, 0, 2, 3, 0, 3, 1, 3, 1, 3, 0, 3, 3, 1, 1, 0, 0, 0, 1, 3, 0, 3, 1, 3, 0, 1, 1, 1, 3, 0, 0, 1, 2, 3, 3, 2, 0, 2, 2, 0, 3, 3, 1, 2], "predicted_labels": [3, 2, 0, 2, 3, 2, 3, 1, 0, 1, 2, 0, 0, 0, 1, 2, 0, 1, 1, 1, 0, 1, 2, 0, 1, 0, 3, 0, 0, 0, 1, 1, 3, 3, 1, 1, 0, 0, 0, 2, 1, 1, 0, 1, 3, 0, 3, 3, 3, 1, 1, 1, 2, 1, 1, 0, 3, 1, 1, 3, 2, 3, 1, 3, 0, 0, 1, 3, 0, 2, 3, 0, 0, 0, 1, 3, 0, 1, 2, 1, 3, 0, 0, 3, 2, 2, 0, 3, 2, 1, 3, 0, 2, 0, 1, 0, 0, 3, 2, 3, 0, 3, 1, 3, 0, 0, 2, 3, 3, 0, 0, 0, 0, 2, 0, 0, 0, 1, 3, 2, 2, 1, 3, 1, 1, 2, 3, 3, 2, 0, 2, 2, 1, 2, 0, 3, 3, 3, 3, 2, 0, 1], "confidence_scores": [[0.00021483916578909231, 1.1950924169496231e-05, 0.00399137673337532, 0.995781833176666], [0.02217674300086904, 0.32783906345077807, 0.6499841719509926, 2.159736034451292e-08], [0.9998246514790147, 0.00016609640319349624, 4.238399521624104e-07, 8.828277839460395e-06], [0.002893279732288769, 2.56080588402403e-05, 0.995103407537208, 0.0019777046716629026], [1.2840744791942329e-06, 2.1694290867293243e-05, 7.049218801806827e-05, 0.9999065294466355], [5.468425669526638e-05, 0.04747705985105346, 0.952168869127536, 0.00029938676471529847], [0.08390430009358721, 3.148389949781257e-05, 0.008883715060924302, 0.9071805009459906], [1.9444206202288987e-05, 0.9997097752199328, 0.00011723088753821541, 0.0001535496863267155], [0.9983301393821699, 3.909769052471451e-06, 0.0016647959515201252, 1.1548972577011813e-06], [1.9247245170738124e-06, 0.9977337240638248, 0.0022643500612590053, 1.150399032668687e-09], [0.008710510427498047, 0.0005218386175835529, 0.9907655259647108, 2.1249902076143464e-06], [0.7047896264414526, 0.11306533482468553, 0.18207818973442216, 6.684899943970121e-05], [0.9951241020232933, 0.004449614563482911, 0.000421530919152993, 4.752494070808222e-06], [0.8281545349465586, 0.014799468855140697, 0.029393351097480026, 0.12765264510082056], [6.2327651059997824e-06, 0.9979134270948001, 9.684230691199955e-13, 0.00208034013912538], [0.02982770737948157, 0.004423059874661473, 0.9656086798174566, 0.0001405529284003284], [0.9999878529817438, 2.672718456623796e-07, 2.3972479802639135e-06, 9.482498430425082e-06], [0.003058622036697505, 0.9967622527842688, 0.00010708299900982199, 7.204218002396126e-05], [1.2468907650220075e-08, 0.9999988658650489, 2.038689738612224e-08, 1.1012791457811001e-06], [0.009020206568110617, 0.9161055591343834, 0.0004010290295752008, 0.07447320526793082], [0.5678914665897145, 0.4294885517037203, 0.0002703949340325789, 0.0023495867725326822], [8.15094760362286e-06, 0.9953938790557912, 0.004410640003535873, 0.00018732999306935743], [0.0030071941022436982, 0.4464570501084837, 0.5505351683674998, 5.874217728576777e-07], [0.8302991069231691, 0.167380084291381, 0.002309606040187942, 1.1202745262015007e-05], [4.453155149580081e-06, 0.9400196589525399, 0.05997587687811705, 1.1014193437369334e-08], [0.9551975414989375, 0.04472602839152354, 3.633056096398462e-05, 4.009954857483962e-05], [4.882873396465408e-06, 6.817072552328155e-08, 5.976473474909144e-05, 0.999935284221129], [0.7463450200728237, 0.17807257809307203, 0.07463952166116147, 0.0009428801729429184], [0.9531331413121743, 0.0016406732198545675, 0.025265010865497508, 0.019961174602473403], [0.8436152153799821, 0.002443995951122731, 0.10407273186471336, 0.0498680568041819], [0.00015017261016163434, 0.9870740969284834, 0.012760792716395656, 1.4937744959295184e-05], [6.023470611611438e-06, 0.9952506840271912, 0.004743214087540415, 7.841465700881301e-08], [0.0005120706073441717, 9.111278646633476e-08, 5.603817424248325e-05, 0.9994318001056269], [0.30578168572189696, 0.009639597162228413, 0.0005873251273696455, 0.683991391988505], [0.03298845764709222, 0.9629598267273054, 0.0002679775904027629, 0.0037837380351994822], [0.011088137812104243, 0.9787872180634163, 0.008425717228576136, 0.0016989268959033744], [0.728379685783916, 0.1516272115043984, 0.1199929716926816, 1.3101900403342493e-07], [0.9675913581078223, 0.02697856710867576, 9.656507949929773e-06, 0.00542041827555192], [0.9993802673180546, 0.00035068998525274707, 0.0002658357968301329, 3.2068998624430913e-06], [0.35436902152124233, 0.015886686440025142, 0.5202647501945907, 0.10947954184414173], [0.025573978484411647, 0.7691185573006453, 0.0002366747301366838, 0.20507078948480645], [0.047842634457387505, 0.950468215692268, 0.0016890870884133425, 6.276193098061804e-08], [0.9894117752688003, 0.01058204612094784, 1.6842688365898788e-06, 4.4943414153094045e-06], [0.1929219429352, 0.783971586428203, 0.003990219992168961, 0.019116250644427988], [0.0001879966503183749, 1.046464706892387e-05, 0.4843545295536131, 0.5154470091489997], [0.8566799819731686, 0.003534487352998455, 0.13977027494457028, 1.5255729262633509e-05], [0.012066247028482429, 3.477490300730423e-05, 0.26877106163400494, 0.7191279164345052], [0.00012034455766912264, 0.0011418083479629024, 0.004094162429487073, 0.9946436846648808], [0.0028841438637265274, 0.07091786003329317, 2.6082275833730126e-05, 0.9261719138271466], [4.104227745546988e-05, 0.999551459539992, 2.4882451804718604e-05, 0.0003826157307475811], [0.017770377835682003, 0.9794493396606169, 0.0015805855896964527, 0.0011996969140047095], [0.1727271484412517, 0.42302460087628624, 0.39135641623185446, 0.012891834450607549], [0.25055115716856413, 0.002321495618713199, 0.6165727035886769, 0.13055464362404579], [0.11737707220423559, 0.6128392488894778, 0.003605913370326183, 0.2661777655359604], [0.1274031984001552, 0.4565033956205922, 0.17806212045460557, 0.2380312855246471], [0.9857247550689454, 0.01233116370075987, 1.3565977135094608e-08, 0.0019440676643173514], [0.4303952881933098, 0.043623047426554366, 0.01324488476090794, 0.5127367796192279], [0.08143568293584867, 0.8385400522831434, 1.1565351858129962e-05, 0.08001269942914975], [0.0009352599008808233, 0.9968115715440635, 0.0022274976042297545, 2.5670950825766476e-05], [1.0226409548068175e-05, 0.045790503450289566, 0.0041227535905231, 0.9500765165496392], [0.36312799139817525, 0.10617209517130632, 0.5304394245063215, 0.0002604889241968148], [0.28525025514869373, 0.044191114872814644, 0.06898767970817958, 0.6015709502703119], [0.002683900445083587, 0.9973127358829079, 3.1252527661732245e-06, 2.3841924228062497e-07], [0.010763517997774152, 0.09912913279165991, 0.008967500382996907, 0.8811398488275691], [0.9850024200204222, 0.00034767642724398525, 0.014649894827446582, 8.724887053608197e-09], [0.9888286371534769, 0.0002241197925643485, 0.001047144689568078, 0.009900098364390816], [0.08894187033045448, 0.4700471843300008, 0.44069980669618314, 0.00031113864336156403], [4.459295781062372e-05, 0.023775866288078866, 0.007317141604029189, 0.9688623991500812], [0.9998646485216134, 9.107778126644455e-05, 4.172632475228843e-05, 2.5473723676080403e-06], [1.333415008420429e-08, 0.08148982056966801, 0.9184598039750465, 5.0362121135330075e-05], [0.06290031125034841, 1.1023938675021203e-07, 0.02257086924729746, 0.9145287092629675], [0.938255915248351, 0.033427600919881416, 0.00524819028907801, 0.023068293542689553], [0.9928463810991847, 3.270728779812181e-06, 0.0002954562222635949, 0.006854891949772064], [0.9994036703894433, 0.0004826269987583463, 0.00011370260563328293, 6.165230557111026e-12], [5.360034662139674e-06, 0.9999342163883812, 6.029965905513736e-05, 1.239179015385487e-07], [0.10253272864409459, 4.0413329494260097e-07, 0.0020538145966614665, 0.895413052625949], [0.9994305862598407, 2.1687989062655827e-10, 1.81482018482332e-11, 0.0005694135051310988], [0.003554027691394657, 0.9555402809423228, 0.0021317408191563617, 0.03877395054712597], [0.08219475823689867, 0.2655796681498912, 0.5288671034923395, 0.12335847012087069], [0.01819423001619698, 0.7411550246032683, 0.0006464526334571684, 0.2400042927470776], [0.28711792858876983, 4.963499864495991e-06, 0.023106735447194545, 0.689770372464171], [0.9998861762103665, 7.4531888680730396e-06, 2.0975305968144783e-14, 0.00010637060074448381], [0.9519651109690485, 3.72711799205067e-07, 3.475594479436185e-05, 0.04799976037435802], [0.31845114838665967, 0.07222202042859487, 0.13093152539544461, 0.47839530578930095], [0.01995845040873485, 0.002183050570633758, 0.6307498357711396, 0.3471086632494918], [0.014050391566232596, 0.0036701100747863454, 0.9822461567666263, 3.334159235475353e-05], [0.9998019536027677, 3.3377730411944845e-10, 2.2258159066020373e-08, 0.00019802380529589745], [0.011807594507045962, 3.971514295920388e-07, 1.918408535168868e-09, 0.988192006423116], [0.010332770940661373, 1.8187624255643347e-06, 0.9896646339384079, 7.763585052167784e-07], [3.7409849340009145e-05, 0.9983024274818629, 0.0009523063561786487, 0.0007078563126185898], [0.11849126970863047, 0.3746827370549341, 0.0006187942988819912, 0.5062071989375534], [0.6624679172706653, 0.0006531721415295953, 0.0002189863547038698, 0.33665992423310126], [0.37055426246083784, 0.006382999854836533, 0.5892636843462711, 0.033799053338054524], [0.9995056091506508, 5.04918971101763e-06, 0.0001338943044332171, 0.0003554473552049636], [0.03584633418375645, 0.9612405485333245, 2.878950927406252e-05, 0.0028843277736452246], [0.9997283267103059, 0.00021401151171314208, 5.1842398287524265e-08, 5.760993558264484e-05], [0.9999889487289505, 1.0792049301932971e-05, 2.336117393674017e-07, 2.5610008335618582e-08], [1.6304112663579212e-05, 0.03193287233259236, 0.033363121324489896, 0.9346877022302542], [0.11209018748414895, 5.365252888057947e-07, 0.8875254268165056, 0.00038384917405673497], [1.3555519356623462e-05, 1.7860760128674491e-06, 2.7354987368924677e-10, 0.9999846581310807], [0.9957142612205914, 0.00024321584391545252, 0.00013116197575410157, 0.0039113609597391675], [0.0005584302982383342, 2.1420844481173136e-05, 9.504029602334841e-08, 0.9994200538169844], [1.78607958145646e-05, 0.982964915466935, 3.050674394449746e-07, 0.01701691866981096], [1.0875057309077935e-07, 5.120940796989711e-07, 1.206423182791948e-09, 0.9999993779489239], [0.9972910379117008, 0.0026527521419129844, 3.883382089443575e-05, 1.737612549175365e-05], [0.9998622240512995, 2.3467275582226076e-06, 2.627562469763999e-07, 0.00013516646489542374], [0.10301579336221713, 0.07377073980363241, 0.8215473338694181, 0.0016661329647323078], [0.0012271199214973375, 0.00016195023228451173, 0.00033525833476884855, 0.9982756715114494], [0.09916221715075861, 0.004164615255839788, 0.3646200676817992, 0.5320530999116023], [0.9988552832987554, 0.001144698294442985, 3.134737397794207e-09, 1.527206431086169e-08], [0.9998852690616987, 4.557314402402797e-05, 3.7672583996975895e-05, 3.148521028011105e-05], [0.9995357178802439, 0.0003710801359399622, 9.305356530757024e-05, 1.4841850863194358e-07], [0.9997180732504181, 1.2418426229037514e-07, 1.5336542043487932e-08, 0.0002817872287775468], [0.10778947269812963, 0.0002707091891034079, 0.85567729307159, 0.036262525041176955], [0.9995350882746439, 7.329207041448047e-05, 0.0003889298782124936, 2.6897767289800746e-06], [0.9993212931872827, 1.8596675995419317e-06, 2.6476531642478097e-06, 0.0006741994919534054], [0.9997729258263505, 0.00022603761791375467, 3.268778397227945e-07, 7.096778961126211e-07], [0.01011467190825564, 0.6965613298966853, 0.29166661348272716, 0.0016573847123319372], [0.023445044884222804, 0.0034081435321441796, 1.1043629035117413e-05, 0.973135767954598], [0.3690866202804809, 0.05236078355552592, 0.5283492431216752, 0.050203353042317836], [0.00313342731569846, 0.00524863468326729, 0.9867133921642605, 0.0049045458367738175], [0.015603956028527073, 0.866721946260594, 0.056436949579996974, 0.061237148130882026], [0.0013648708841430695, 0.00034509888082162176, 0.00023749471523117638, 0.998052535519804], [0.054599901786956256, 0.8644220552168036, 0.0772301062056686, 0.003747936790571401], [2.6407692202491157e-05, 0.7001893849947762, 0.29978417154245857, 3.577056270959333e-08], [0.0003640650411159157, 4.375156821711863e-06, 0.9939982266577244, 0.0056333331443379365], [0.06703597461076437, 0.00038092323737525733, 3.423768192870734e-07, 0.9325827597750411], [0.0009954361421300958, 6.329621213102148e-08, 9.070303498396477e-06, 0.9989954302581593], [0.00012969201757477686, 0.00042345385946460323, 0.998134962755184, 0.001311891367776724], [0.5262840062285914, 0.40863713829356046, 0.06507564250010706, 3.212977741015781e-06], [0.0006850512230087795, 0.00024873407303632847, 0.9990661948339832, 1.9869971569140743e-08], [2.0223386358103897e-07, 1.8770381116268563e-06, 0.9979193215146288, 0.0020785992133960382], [2.8998437226312297e-05, 0.9999708045635296, 4.4996691243151165e-12, 1.9699474444286707e-07], [0.004129029281484652, 6.05183171009e-07, 0.9958222917911144, 4.8073744230048775e-05], [0.8926475276429761, 4.0430448817484416e-05, 6.285334998152284e-07, 0.10731141337470661], [1.8770680993089119e-06, 0.08133982697163533, 0.0006278559880863303, 0.9180304399721791], [0.25987687471163007, 0.0378510919860405, 0.0061277809364869516, 0.6961442523658425], [0.0018721998760595907, 0.0037138091368558606, 8.115117329905772e-05, 0.9943328398137856], [1.290268508905317e-05, 1.021276855889328e-07, 0.0001973562910615928, 0.9997896388961638], [0.0007239128464156413, 0.005345216348357873, 0.9811285999211268, 0.012802270884099673], [0.9966831483306325, 0.0032952225252942872, 2.3568297447311143e-06, 1.9272314328520482e-05], [6.623629474956428e-07, 0.974870750522738, 0.00043197781990042663, 0.024696609294414012]]}}