{"test": {"ids": ["97112830", "105113330", "105115720", "102112170", "100109311", "110120640", "98120530", "110121140", "99108520", "105114220", "109119591", "97106970", "112117210", "108118810", "108118520", "107116300", "111116040", "101108460", "106115120", "101110200", "111116170", "109120621", "102112301", "112119450", "104116980", "97106820", "112121010", "103111170", "100111380", "99117740", "101114020", "113122160", "103111620", "109118701", "97107681", "112119120", "109118820", "98120010", "101108080", "99109161", "104111780", "104114240", "102110050", "111118810", "110118181", "104111550", "113119300", "110120531", "105113210", "101121640", "97118210", "99107300", "106118820", "107114950", "105119550", "109121410", "110114720", "102110240", "105113620", "102108621", "109121640", "102112030", "99114890", "105116090", "103110840", "97116500", "97112290", "105113440", "110121500", "101109000", "110116300", "104109311", "106114880", "104116800", "112118620", "103109021", "99109141", "104114320", "102110850", "109117150", "97105960", "106119260", "105113190", "110115890", "112117431", "107115250", "111116010", "107113200", "105115900", "103111540", "99112641", "99109780", "98116090", "111115780", "111114321", "110118450", "112120700", "98108410", "102107961", "98106880", "113120280", "108115970", "103113610", "113119120", "113117550", "100116790", "110115120", "99107630", "109117110", "100109360", "103111110", "105115380", "107113170", "97113260", "108113760", "100111080", "113121010", "109120150", "113117630", "107116980", "112117571", "99109910", "98108370", "112119580", "112120670", "97107260", "112116290", "98107380", "113119360", "99109740", "109117431", "109117600", "110120190", "108118630", "112116990", "109116040", "108113620", "99111930", "112117461", "104117630", "110118301", "102113350"], "labels": [2, 3, 1, 3, 1, 0, 1, 3, 2, 3, 0, 2, 1, 1, 0, 0, 0, 0, 1, 2, 0, 1, 1, 3, 1, 1, 2, 2, 3, 2, 3, 3, 0, 3, 3, 1, 3, 2, 0, 3, 3, 0, 3, 0, 1, 1, 1, 0, 3, 2, 2, 3, 3, 3, 1, 0, 3, 3, 0, 3, 0, 2, 2, 1, 1, 2, 1, 0, 3, 1, 3, 3, 0, 1, 3, 0, 3, 2, 3, 2, 2, 1, 3, 2, 0, 2, 1, 0, 3, 1, 1, 2, 0, 1, 1, 0, 2, 1, 3, 0, 0, 2, 2, 3, 3, 2, 0, 2, 1, 0, 3, 1, 0, 1, 1, 0, 2, 2, 0, 3, 3, 2, 1, 3, 2, 2, 0, 1, 0, 3, 1, 1, 3, 1, 0, 0, 3, 1, 0, 0, 1, 3], "predicted_labels": [0, 3, 1, 0, 0, 1, 3, 1, 1, 0, 1, 3, 1, 3, 3, 3, 1, 0, 0, 1, 1, 1, 1, 3, 3, 3, 1, 3, 1, 1, 3, 1, 1, 3, 3, 3, 3, 1, 1, 1, 3, 0, 3, 3, 1, 1, 3, 3, 3, 3, 0, 1, 3, 3, 3, 1, 1, 1, 1, 0, 3, 0, 1, 3, 0, 1, 3, 1, 1, 3, 3, 0, 1, 3, 3, 0, 1, 3, 1, 1, 1, 0, 0, 1, 3, 1, 1, 3, 1, 3, 0, 1, 1, 0, 1, 1, 1, 1, 0, 1, 0, 1, 1, 3, 3, 1, 3, 0, 1, 3, 1, 3, 3, 1, 3, 1, 3, 3, 1, 0, 3, 2, 3, 3, 3, 3, 1, 3, 3, 1, 1, 1, 1, 3, 0, 3, 3, 1, 3, 0, 1, 1], "confidence_scores": [[0.3055828282828283, 0.2302211455211456, 0.2175629953379955, 0.2466330308580309], [0.2886448384948384, 0.20339112554112562, 0.1309626928626929, 0.3770013431013431], [0.1996415362415363, 0.3552203463203463, 0.1712223665223666, 0.2739157509157509], [0.3633925851925851, 0.2286168664668665, 0.1492397546897547, 0.25875079365079373], [0.2900836219336218, 0.28517900987901, 0.14639091464091472, 0.27834645354645376], [0.21213262848262854, 0.34194046509046516, 0.21031031746031745, 0.23561658896658907], [0.24412495282495283, 0.27774190809190824, 0.15966948051948054, 0.3184636585636586], [0.2571732267732268, 0.31312443667443646, 0.17094867354867366, 0.25875366300366304], [0.19660491730491744, 0.3088063971975738, 0.2782928591016827, 0.2162958263958266], [0.32127430902430903, 0.28348718226218234, 0.1809677211677212, 0.2142707875457876], [0.23408202353202348, 0.3022629592629593, 0.2139355144855146, 0.24971950271950286], [0.2421993117993119, 0.2167615384615386, 0.22871157176157195, 0.3123275779775781], [0.21684372294372306, 0.32342041847041836, 0.2044942279942281, 0.25524163059163063], [0.23673688533688544, 0.2898355866355866, 0.1477074037074038, 0.3257201243201245], [0.2467766067266067, 0.269923681873682, 0.2089626040626041, 0.2743371073371074], [0.24184061494061496, 0.26255433455433463, 0.20207985070485077, 0.29352519980019975], [0.26410124875124874, 0.31205986235986233, 0.14530171495171496, 0.278537173937174], [0.28687503607503617, 0.27367086247086253, 0.1793597069597071, 0.26009439449439453], [0.34056007326007326, 0.26357657897657893, 0.14276652236652249, 0.25309682539682543], [0.20688668194550547, 0.32258189033189044, 0.18163092267209913, 0.28890050505050513], [0.24563897768897772, 0.32729129656892825, 0.15351815056288748, 0.27355157517920675], [0.26865425685425676, 0.29502902652902663, 0.1670090465090465, 0.2693076701076702], [0.21421957486957502, 0.3219350260850263, 0.2077706238206239, 0.25607477522477534], [0.2337103174603175, 0.24110642135642155, 0.1645573815073815, 0.3606258796758795], [0.19850727605727617, 0.2928196022931318, 0.2071833836098543, 0.30148973803973805], [0.24178318348318364, 0.23323211233211236, 0.2097240093240094, 0.3152606948606948], [0.22303679653679664, 0.3334999999999999, 0.18594357864357874, 0.2575196248196249], [0.23300341325341326, 0.2567538683538685, 0.20825898545898552, 0.30198373293373304], [0.272489047064047, 0.2976333472083472, 0.16315928515928518, 0.26671832056832045], [0.2720396167557933, 0.2792819791319792, 0.1944072589175531, 0.2542711451946748], [0.25677318237318253, 0.2813383394383394, 0.17627606837606843, 0.28561240981240993], [0.17881285103785108, 0.33011767121767116, 0.20388622488622485, 0.28718325285825275], [0.21975826118326122, 0.33091800976800984, 0.2074444083694084, 0.2418793206793207], [0.2444751165501166, 0.23996170496170507, 0.2015167637917638, 0.3140464146964147], [0.19455826950826957, 0.2688803474303475, 0.25076760184260194, 0.28579378121878124], [0.2193456709956711, 0.28445793650793666, 0.20473145743145743, 0.2914649350649351], [0.17668588356088366, 0.2732692141192142, 0.23943018370518374, 0.3106147186147184], [0.2463965256965257, 0.28027171162171177, 0.21119985014985024, 0.2621319125319127], [0.29966522921522915, 0.3076305028305028, 0.15259290154290167, 0.24011136641136654], [0.2867702963702965, 0.3037407037407037, 0.18592016676134335, 0.22356883312765666], [0.23280516705516713, 0.26752434232434247, 0.1902943334443335, 0.30937615717615735], [0.2772709013209014, 0.2655042429792429, 0.19675636308136316, 0.2604684926184926], [0.2231404539904541, 0.27750937950937954, 0.22011551226551235, 0.2792346542346544], [0.28729249639249643, 0.2647600205350206, 0.1358366522366523, 0.31211083083583074], [0.2500406129817896, 0.29993510101010096, 0.1880152426005367, 0.26200904340757275], [0.24417942057942071, 0.3026082972582972, 0.2192225552225552, 0.23398972693972708], [0.2591222610722611, 0.28634848484848485, 0.1504056166056167, 0.30412363747363735], [0.26882693417693426, 0.2544947108447109, 0.15064379509379522, 0.3260345598845597], [0.2639719114219115, 0.2549508602508602, 0.14534697524697524, 0.3357302530802531], [0.2534491119991122, 0.25667493617493625, 0.19860621045621035, 0.2912697413697413], [0.27430990120990123, 0.26666969696969717, 0.23212276057276066, 0.22689764124764147], [0.25324670329670323, 0.2910513986013985, 0.1727882561882563, 0.282913641913642], [0.20844797424797437, 0.3063100788100789, 0.15447675380175388, 0.330765193140193], [0.2715158175158174, 0.24378072091307396, 0.1798656405685818, 0.3048378210025267], [0.24903861138861144, 0.29213173493173505, 0.1506322871572872, 0.3081973665223664], [0.2635342490842491, 0.2910406926406927, 0.18954792984792992, 0.25587712842712856], [0.23164085359085362, 0.32288450438450406, 0.2239906537906539, 0.22148398823398832], [0.23453030303030312, 0.3345507936507937, 0.20197077922077936, 0.22894812409812412], [0.2182416527916529, 0.3218205683205683, 0.21660995115995116, 0.24332782772782782], [0.3330588023088023, 0.2301468253968255, 0.1668334054834056, 0.2699609668109667], [0.2576168997668998, 0.27374846264846286, 0.1918520646020648, 0.27678257298257297], [0.2824344322344323, 0.24607321012321018, 0.22066732156732163, 0.2508250360750361], [0.19227099567099584, 0.3273902819402819, 0.24747140637140638, 0.23286731601731608], [0.2437737595737596, 0.23890077700077697, 0.20207927905427903, 0.31524618437118423], [0.2635392440892442, 0.25714497724497726, 0.2183326173826175, 0.2609831612831613], [0.26760091852591844, 0.2807429348429348, 0.18664725829725834, 0.2650088883338883], [0.22223550893550906, 0.2463121822621823, 0.21612893217893236, 0.3153233766233767], [0.2378611246940195, 0.29546497946497946, 0.20075774532485063, 0.2659161505161506], [0.26942890442890444, 0.3344341287367602, 0.1654606820080505, 0.23067628482628494], [0.18336933621933635, 0.3002278499278499, 0.20739081474081478, 0.30901199911199917], [0.25216105006105016, 0.2843609834609835, 0.15674009324009328, 0.30673787323787327], [0.2992185425685425, 0.26205486180486204, 0.1580115107115108, 0.28071508491508507], [0.23730803085803098, 0.30956620601620594, 0.21083812298812302, 0.24228764013764012], [0.28729957819957824, 0.2210468642468644, 0.1999967754467756, 0.29165678210678214], [0.24224060939060943, 0.2582242479742481, 0.16538502412620065, 0.3341501185089421], [0.30979818514818513, 0.27455148740148744, 0.1373468420468421, 0.27830348540348554], [0.2387728160728162, 0.3195107448107449, 0.19887121767121768, 0.2428452214452215], [0.20835764790764796, 0.28042152847152857, 0.21119278499278515, 0.30002803862803856], [0.16025780134897788, 0.3215221500721503, 0.2739257432110374, 0.24429430536783492], [0.22600108225108248, 0.34084581529581526, 0.2233493506493507, 0.2098037518037519], [0.20958602508602514, 0.270424936174936, 0.2566065268065269, 0.263382511932512], [0.28628403818403814, 0.24888714618714627, 0.21216558441558442, 0.2526632312132313], [0.3240661394161394, 0.20808715728715754, 0.17351652236652232, 0.294330180930181], [0.19601746864246863, 0.3246386224886226, 0.17833085525585524, 0.3010130536130537], [0.22819300144300153, 0.25216413586413594, 0.17381630591630595, 0.3458265567765565], [0.18366351981351986, 0.3450943611943611, 0.2571147963147964, 0.2141273226773228], [0.20810746300483143, 0.34204102564102573, 0.17603982304245464, 0.27381168831168834], [0.2804339826839828, 0.26106265597147965, 0.17618544233544237, 0.28231791900909553], [0.2154274281274282, 0.27828653568653583, 0.2493022644022645, 0.25698377178377196], [0.24695421049538707, 0.25551168831168847, 0.20716559192441547, 0.2903685092685092], [0.2962799977799979, 0.2549698218448221, 0.189274458874459, 0.2594757215007214], [0.2508593573093573, 0.30229479409479415, 0.19423781218781222, 0.2526080364080365], [0.2542481018981021, 0.3049221667221667, 0.20905241980241984, 0.2317773115773117], [0.2859094183594185, 0.2653001110001111, 0.1642742424242424, 0.28451622821622813], [0.20571531246531258, 0.37081608946608924, 0.19814416694416698, 0.22532443112443126], [0.18439638139638137, 0.32544647019647027, 0.20434979464979472, 0.2858073537573538], [0.20436601731601742, 0.31163545310898255, 0.2096028141792849, 0.27439571539571533], [0.27794362859362864, 0.29153412143412144, 0.17825868020868021, 0.2522635697635699], [0.28792496947496954, 0.2818577561327562, 0.1710446164946166, 0.2591726578976579], [0.21066791541791552, 0.2818021922521925, 0.2353256521256521, 0.27220424020424033], [0.32422035187035214, 0.23906608946608965, 0.11380793095793101, 0.32290562770562775], [0.2302560495060496, 0.29891204906204905, 0.18164983349983355, 0.28918206793206797], [0.21273245088245096, 0.2991910700410701, 0.22586798756798762, 0.26220849150849146], [0.2301421966921967, 0.24715464535464549, 0.17015238095238105, 0.3525507770007771], [0.25970647130647145, 0.27537449772449774, 0.14117959262959276, 0.3237394383394382], [0.24392450327450346, 0.2722331612831613, 0.21279623154623156, 0.27104610389610395], [0.2479999222999223, 0.28493218725718733, 0.16535275835275834, 0.3017151320901321], [0.3169466977466976, 0.21253665223665238, 0.1743658064158065, 0.29615084360084365], [0.24546933621933614, 0.2896057720057721, 0.17599182484182493, 0.288933066933067], [0.2654472083472085, 0.2368812687312688, 0.2154064213564214, 0.2822651015651015], [0.19418272838272846, 0.35065688200688183, 0.18237609057609064, 0.272784299034299], [0.18707971472971494, 0.2941826617826618, 0.19666607281607293, 0.32207155067155063], [0.24655384615384618, 0.2912808802308803, 0.15872266067266066, 0.3034426129426129], [0.2449857737034209, 0.28143813963813974, 0.2203843117666648, 0.25319177489177497], [0.2546342352092352, 0.26163285048285045, 0.19634332611832625, 0.2873895881895881], [0.21921096126096132, 0.2933411477411477, 0.2203121961371962, 0.26713569486069483], [0.20715096015096024, 0.28415365745365756, 0.1587693722943723, 0.34992601010101004], [0.21523601398601405, 0.2500494449994451, 0.24086515151515162, 0.29384938949938944], [0.20041134976134986, 0.30181695526695523, 0.22334292929292934, 0.27442876567876584], [0.35887086802086815, 0.27984290154290165, 0.13869568209568214, 0.22259054834054842], [0.28788755215372874, 0.25146197691197714, 0.14766153209535562, 0.31298893883893875], [0.20155510878010874, 0.27958810911310933, 0.2807675602175603, 0.23808922188922194], [0.1744610536522302, 0.25459379313496966, 0.2752194922724334, 0.2957256609403669], [0.17280187035187036, 0.2966163891663893, 0.1788885503385504, 0.3516931901431901], [0.22850125430125434, 0.2868948995448996, 0.17871113331113342, 0.30589271284271274], [0.18099486624486635, 0.20386962759462768, 0.27706366966366985, 0.33807183649683675], [0.2449327061827062, 0.33422732267732264, 0.14475440115440122, 0.27608556998557016], [0.2614475690975693, 0.24387984792984807, 0.20272453102453125, 0.291948051948052], [0.27173934647224113, 0.2649838383838385, 0.15243576175286705, 0.3108410533910535], [0.1784985569985571, 0.3415929292929293, 0.2548998556998558, 0.22500865800865807], [0.19407446997447003, 0.32395084637584626, 0.21397828837828844, 0.2679963952713954], [0.25197881562881563, 0.2912454822954824, 0.17875789765789782, 0.2780178044178045], [0.2532107947607948, 0.3031123848373848, 0.15041916416916418, 0.29325765623265626], [0.19446890331890343, 0.2942858252858252, 0.18543795371295385, 0.32580731768231774], [0.32460073815073814, 0.2296663725163726, 0.1600510267510268, 0.28568186258186273], [0.22088513708513707, 0.26350921300921304, 0.24181248196248206, 0.273793167943168], [0.21648568098568105, 0.29696784326784326, 0.1882872016872018, 0.29825927405927416], [0.21450237540237543, 0.3375183261183261, 0.160458152958153, 0.28752114552114555], [0.26777702852702845, 0.23206383616383616, 0.17927515262515276, 0.3208839826839827], [0.2943545898545898, 0.2548821234321236, 0.18306889776889793, 0.2676943889443893], [0.24485772005772016, 0.31258963258963235, 0.18887910422910423, 0.253673543123543], [0.21917866577866582, 0.288532523032523, 0.20395904095904102, 0.2883297702297702]]}, "rewritten": {"ids": ["97105960", "97106820", "97106970", "97107260", "97107681", "97112290", "97112830", "97113260", "97116500", "97118210", "98106880", "98107380", "98108370", "98108410", "98116090", "98120010", "98120530", "99107300", "99107630", "99108520", "99109141", "99109161", "99109740", "99109780", "99109910", "99111930", "99112641", "99114890", "99117740", "100109311", "100109360", "100111080", "100111380", "100116790", "101108080", "101108460", "101109000", "101110200", "101114020", "101121640", "102107961", "102108621", "102110050", "102110240", "102110850", "102112030", "102112170", "102112301", "102113350", "103109021", "103110840", "103111110", "103111170", "103111540", "103111620", "103113610", "104109311", "104111550", "104111780", "104114240", "104114320", "104116800", "104116980", "104117630", "105113190", "105113210", "105113330", "105113440", "105113620", "105114220", "105115380", "105115720", "105115900", "105116090", "105119550", "106114880", "106115120", "106118820", "106119260", "107113170", "107113200", "107114950", "107115250", "107116300", "107116980", "108113620", "108113760", "108115970", "108118520", "108118630", "108118810", "109116040", "109117110", "109117150", "109117431", "109117600", "109118701", "109118820", "109119591", "109120150", "109120621", "109121410", "109121640", "110114720", "110115120", "110115890", "110116300", "110118181", "110118301", "110118450", "110120190", "110120531", "110120640", "110121140", "110121500", "111114321", "111115780", "111116010", "111116040", "111116170", "111118810", "112116290", "112116990", "112117210", "112117431", "112117461", "112117571", "112118620", "112119120", "112119450", "112119580", "112120670", "112120700", "112121010", "113117550", "113117630", "113119120", "113119300", "113119360", "113120280", "113121010", "113122160"], "labels": [2, 1, 2, 2, 3, 1, 2, 1, 2, 2, 0, 1, 1, 1, 0, 2, 1, 3, 2, 2, 3, 3, 3, 2, 2, 1, 1, 2, 2, 1, 0, 0, 3, 2, 0, 0, 1, 2, 3, 2, 3, 3, 3, 3, 3, 2, 3, 1, 3, 0, 1, 3, 2, 1, 0, 2, 3, 1, 3, 0, 2, 1, 1, 0, 3, 3, 3, 0, 0, 3, 1, 1, 3, 1, 1, 0, 1, 3, 1, 0, 0, 3, 2, 0, 3, 3, 1, 2, 0, 1, 1, 0, 1, 2, 1, 1, 3, 3, 0, 2, 1, 0, 0, 3, 0, 2, 3, 1, 1, 0, 3, 0, 0, 3, 3, 1, 1, 1, 0, 0, 0, 0, 0, 1, 0, 0, 3, 3, 1, 3, 3, 2, 2, 2, 3, 0, 3, 1, 0, 0, 2, 3], "predicted_labels": [3, 3, 3, 3, 3, 3, 0, 1, 1, 0, 1, 3, 3, 1, 1, 0, 3, 3, 0, 1, 1, 1, 1, 1, 1, 1, 0, 1, 1, 0, 3, 1, 0, 1, 1, 3, 3, 3, 1, 3, 3, 3, 1, 1, 1, 1, 0, 1, 1, 0, 1, 1, 1, 3, 1, 1, 0, 1, 3, 1, 3, 3, 3, 0, 0, 3, 3, 1, 1, 0, 3, 1, 1, 3, 3, 1, 0, 3, 3, 3, 0, 3, 1, 3, 0, 1, 3, 3, 3, 3, 3, 3, 3, 1, 1, 3, 3, 3, 0, 3, 0, 3, 1, 1, 1, 3, 1, 1, 1, 3, 1, 3, 1, 1, 1, 1, 0, 1, 3, 1, 0, 1, 3, 1, 3, 3, 3, 3, 3, 3, 3, 1, 1, 1, 3, 1, 3, 3, 3, 3, 3, 1], "confidence_scores": [[0.21714143634143646, 0.28138007548007543, 0.2147098512598513, 0.28676863691863674], [0.24711255411255417, 0.23088552558552558, 0.17894458319458328, 0.3430573371073371], [0.2667592574092575, 0.20901844266844283, 0.18891981906981908, 0.33530248085248093], [0.20068921078921081, 0.22739663114663117, 0.2588009823509823, 0.3131131757131759], [0.22438937173937182, 0.24099189144189156, 0.24927709790209807, 0.285341638916639], [0.2699951825951826, 0.23484662004662016, 0.20039227994227998, 0.2947659174159174], [0.30112479742479753, 0.2203222832722834, 0.21567223609723615, 0.2628806832056831], [0.2359853463529935, 0.29073729048729047, 0.20846136804372112, 0.2648159951159953], [0.2578034437784437, 0.2826616605616606, 0.18495966810966818, 0.27457522755022756], [0.282243362193362, 0.26609183594183605, 0.22655879120879133, 0.22510601065601088], [0.21220229051993766, 0.3084300754800755, 0.2244806471306472, 0.25488698686933986], [0.27393268398268394, 0.23362368187368207, 0.2109900987900989, 0.28145353535353534], [0.22927754826872482, 0.26682255359020074, 0.23677116217116234, 0.2671287359699125], [0.22903566433566447, 0.3172741702741704, 0.17677090132090137, 0.2769192640692641], [0.24324966144966148, 0.2891431548843313, 0.20933650434532783, 0.2582706793206794], [0.28504459429459433, 0.2263047286047287, 0.21745168720168734, 0.27119898989898983], [0.2607380785880785, 0.27834972249972245, 0.14822650486768146, 0.31268569404451774], [0.2555561660561661, 0.28614458874458876, 0.1427307803307804, 0.3155684648684648], [0.3095925713175712, 0.20844518814518828, 0.18193477633477648, 0.3000274642024644], [0.21580224775224777, 0.2885429015429016, 0.2515315351315352, 0.24412331557331565], [0.2670499611499611, 0.28405719084836734, 0.17664736015618382, 0.2722454878454881], [0.2675479520479521, 0.2836936951936951, 0.20190262319379973, 0.2468557295645531], [0.20290440115440117, 0.3023685092685092, 0.2409949827949828, 0.2537321067821069], [0.21589029663147305, 0.3117108613608614, 0.2011176346529288, 0.2712812073547368], [0.194662567987568, 0.30481603119103123, 0.25784511599511606, 0.24267628482628487], [0.25411945831945837, 0.28235019980019976, 0.18309085359085364, 0.28043948828948834], [0.3207132922632923, 0.24887215007215013, 0.1904217837717838, 0.23999277389277407], [0.2112622211122212, 0.3244683927183928, 0.2403909590409591, 0.22387842712842734], [0.2559095959595959, 0.2899143856143855, 0.20020471195471193, 0.2539713064713065], [0.294891464091464, 0.2671901653901655, 0.1813143911643912, 0.2566039793539795], [0.26637614052614067, 0.22345809745809755, 0.19123861693861705, 0.31892714507714504], [0.24562610722610745, 0.28559511599511617, 0.22184351481851491, 0.24693526196026208], [0.2951919552669552, 0.25467142857142855, 0.15885855533355545, 0.2912780608280608], [0.2409140637140639, 0.30289095349095346, 0.19996237096237093, 0.2562326118326121], [0.27293212898212904, 0.33274842379842384, 0.1554787878787879, 0.2388406593406595], [0.23370811965811983, 0.27814040959040964, 0.16859063714063724, 0.3195608336108337], [0.2314511544011545, 0.2746419635919635, 0.1947249750249751, 0.2991819069819068], [0.2066025363525364, 0.2975718864468866, 0.16331501554001557, 0.3325105616605616], [0.2666616161616162, 0.28257435897435906, 0.17125767565767575, 0.2795063492063492], [0.27442503607503604, 0.2621307359307361, 0.17743158508158507, 0.28601264291264283], [0.2669064435564437, 0.26594391719391725, 0.18791346986347005, 0.2792361693861694], [0.2179892662892664, 0.2523869852369853, 0.18341766566766576, 0.34620608280608256], [0.23828710733710728, 0.2788710900210899, 0.2312337773337775, 0.2516080253080254], [0.2566647224120909, 0.2871076441102759, 0.20361031746031746, 0.2526173160173161], [0.20080379065379086, 0.3093334554334555, 0.23219242424242437, 0.2576703296703298], [0.22299169164169177, 0.30316801531801524, 0.20819370629370632, 0.2656465867465868], [0.3395161949161949, 0.20854893439893452, 0.15093154623154628, 0.30100332445332423], [0.23177996447996463, 0.290574444999445, 0.2054501776001777, 0.27219541292041305], [0.24397871572871582, 0.2888586413586413, 0.1982926240426242, 0.268870018870019], [0.2988668276168277, 0.26519145854145876, 0.17131688866688866, 0.2646248251748252], [0.2556686813186813, 0.31007794982794984, 0.1815927350427352, 0.25266063381063386], [0.23224420024420028, 0.33756428848928827, 0.13937573815073814, 0.2908157731157732], [0.23540106005106018, 0.2902875901875902, 0.1997256132756134, 0.2745857364857364], [0.2683601010101011, 0.2708914862914864, 0.17621214341214342, 0.28453626928626924], [0.22118136308136316, 0.346275468975469, 0.22118444333444343, 0.2113587246087247], [0.20297261072261083, 0.2968241536241536, 0.2360430402930404, 0.26416019536019547], [0.3277664862914864, 0.2457399433899435, 0.15377611000111002, 0.2727174603174605], [0.25857211677211683, 0.3168777056277057, 0.2025893606393607, 0.22196081696081696], [0.2147639693639694, 0.2907734765234764, 0.16902065157065163, 0.32544190254190253], [0.2690376123876125, 0.2701273476523476, 0.20518547286047295, 0.25564956709956715], [0.2576669164169164, 0.25120803085803095, 0.22342186702186714, 0.26770318570318574], [0.23527736152736156, 0.2464327561327562, 0.18954462204462222, 0.32874526029526036], [0.22232121767121774, 0.27471212121212113, 0.1960354700854701, 0.3069311910311911], [0.3042045898545899, 0.257514357864358, 0.1904459373959375, 0.24783511488511514], [0.329886285936286, 0.2384775391275394, 0.15211546231546239, 0.2795207126207127], [0.287922077922078, 0.26711134976134976, 0.15099484959484968, 0.2939717227217229], [0.3256810078810077, 0.1763902042402043, 0.13537705627705632, 0.36255173160173154], [0.2404412334741283, 0.294210805860806, 0.19300246449456981, 0.27234549617049614], [0.1773981240981241, 0.30256416916416917, 0.23353636918636939, 0.2865013375513376], [0.32228722943722965, 0.29138593073593055, 0.17671161616161618, 0.20961522366522375], [0.2178132034632037, 0.26254097569097573, 0.20684971139971153, 0.3127961094461095], [0.21411017871017876, 0.3435191142191142, 0.18891743256743265, 0.2534532745032745], [0.1809132201132202, 0.36312585192585184, 0.22264849317349325, 0.23331243478743485], [0.2525797480297481, 0.2652267676767678, 0.18412924297924302, 0.29806424131424125], [0.23490705405705414, 0.29581169386169376, 0.16898532578532582, 0.30029592629592616], [0.23257188922188932, 0.2936010822510823, 0.2087525252525253, 0.2650745032745033], [0.32854550449550457, 0.28574292929292927, 0.13283091630591637, 0.25288064990565], [0.25272236652236657, 0.2945148351648352, 0.14733528138528143, 0.3054275169275169], [0.27166843711843713, 0.24075271117771124, 0.2140340326340327, 0.27354481906981903], [0.23984978354978362, 0.2939320623820625, 0.15747171717171718, 0.3087464368964368], [0.28244391164391164, 0.26136229326229327, 0.1882774725274726, 0.26791632256632264], [0.29126430236430234, 0.2535051670551671, 0.15359244644244652, 0.301638084138084], [0.19397043512043521, 0.3350431457431455, 0.21164288766788772, 0.2593435314685315], [0.27628200688200694, 0.22939954212454217, 0.18451276501276495, 0.30980568598068603], [0.354371472971473, 0.28485280830280846, 0.13215436230436234, 0.22862135642135636], [0.21352393717393733, 0.29072556332556326, 0.22631971916971924, 0.2694307803307802], [0.2625475912975911, 0.2484251748251749, 0.20953635253635255, 0.2794908813408813], [0.23558664113664113, 0.2967763347763348, 0.16470043290043299, 0.3029365911865913], [0.23618438228438235, 0.2554736485736486, 0.21790758130758137, 0.2904343878343879], [0.18863561993562, 0.29569904539904535, 0.18352521367521388, 0.3321401209901209], [0.2434244921744923, 0.26926118881118893, 0.14262305472305475, 0.3446912642912642], [0.24216288711288714, 0.2735601787101788, 0.19123482628482644, 0.29304210789210783], [0.2329628066378067, 0.27202568542568545, 0.16797644300144307, 0.3270350649350651], [0.2437787656787657, 0.30989189144189155, 0.2217752636252637, 0.2245540792540795], [0.21368473193473198, 0.3380128232878234, 0.19384680874680876, 0.2544556360306362], [0.257071683871684, 0.2794658008658011, 0.15440340770340774, 0.30905910755910754], [0.24361603119103126, 0.2691875790875792, 0.20288010600510611, 0.2843162837162838], [0.21372461149961144, 0.2663795593295595, 0.19074348151848156, 0.32915234765234763], [0.28915615320352156, 0.2765942418692419, 0.19852353655116814, 0.23572606837606844], [0.2299084304584304, 0.2634075480075481, 0.21887922077922084, 0.2878048007548009], [0.3101574536574537, 0.24021134976134983, 0.14064350094350092, 0.30898769563769546], [0.2780715007215008, 0.26683627483627487, 0.17630228105228107, 0.27878994338994356], [0.26618291708291725, 0.3071061771561772, 0.17950109335109335, 0.24720981240981246], [0.20554572649572667, 0.2907054556554559, 0.25692536907536917, 0.24682344877344878], [0.24199206349206343, 0.31687557720057713, 0.1699203463203463, 0.27121201298701314], [0.19742001054501054, 0.307458991008991, 0.18275354090354093, 0.3123674575424576], [0.2651970418470419, 0.3105551892551893, 0.15841593961593958, 0.2658318292818292], [0.25644188393306055, 0.2854291486291486, 0.1788227406580348, 0.2793062267797562], [0.2389932400932402, 0.3229215173715173, 0.18731177156177162, 0.25077347097347097], [0.183243833943834, 0.2923680569430569, 0.20202265512265533, 0.32236545399045413], [0.24578867243867245, 0.3427390803640804, 0.14267469197469201, 0.26879755522255516], [0.2508661498632088, 0.25773962148962165, 0.15794844861021345, 0.33344578003695635], [0.1994021645021645, 0.38809848484848486, 0.19928296148296148, 0.2132163891663892], [0.23504239649239664, 0.30961659729159713, 0.17525143745143743, 0.2800895687645687], [0.27731505716505733, 0.3378402004428318, 0.1441078681552366, 0.24073687423687426], [0.22037702852702865, 0.35253088023088014, 0.20500112387612393, 0.22209096736596737], [0.29979630924630923, 0.2594058996558998, 0.1745120102120103, 0.266285780885781], [0.2242512210012209, 0.35086342546342547, 0.17491795981795988, 0.24996739371739368], [0.2490066916743388, 0.29018811743811757, 0.15826382114617413, 0.30254136974136975], [0.2628748493336729, 0.3169665740692056, 0.1415969864328997, 0.2785615901642218], [0.3131243478743479, 0.25846809856809866, 0.12845535298035302, 0.29995220057720057], [0.2814697451671135, 0.3181754207780522, 0.1661063492063493, 0.23424848484848482], [0.28618639138639146, 0.2372389776889778, 0.17424877899877902, 0.30232585192585193], [0.20678115218115223, 0.34643835608835627, 0.19378624153624166, 0.25299425019425015], [0.2875245848922321, 0.23743498723498718, 0.17580857834975488, 0.29923184952302606], [0.2894106171606172, 0.24562883782883785, 0.1588127011877013, 0.3061478438228438], [0.2587999195249196, 0.2458481351981353, 0.1816752969252969, 0.31367664835164827], [0.25162445332445327, 0.2599887834387836, 0.16943424353424355, 0.31895251970251964], [0.2281472360972361, 0.26974475524475544, 0.19305526695526695, 0.30905274170274166], [0.23169295704295717, 0.23476062826062838, 0.1650439393939395, 0.3685024753024751], [0.21420581640581632, 0.2555814907314909, 0.1635722444222445, 0.36664044844044863], [0.24563919968919967, 0.2922647408147408, 0.18364314019314026, 0.2784529193029193], [0.22590093795093805, 0.31158903841256796, 0.23647022454669536, 0.22603979908979918], [0.22827945942945949, 0.3139283633033634, 0.17384970029970032, 0.28394247696747704], [0.25981667221667215, 0.2440884282384284, 0.169064357864358, 0.32703054168054146], [0.18244078699078706, 0.33960899655899635, 0.206823298923299, 0.27112691752691753], [0.22068699078699086, 0.2543999139749141, 0.17877582972582978, 0.34613726551226554], [0.24007336552336553, 0.26713056943056945, 0.1869970140970141, 0.3057990509490509], [0.2711911976911977, 0.2433170995670997, 0.1639572871572873, 0.3215344155844157], [0.33530606060606083, 0.19425028305028322, 0.12920220612720618, 0.34124145021645014], [0.2590826756576756, 0.2667269341769342, 0.16620948773448777, 0.30798090243090254], [0.20733065268065282, 0.34669614274614274, 0.17559578754578767, 0.27037741702741697]]}}