{"test": {"ids": ["109119460", "100111380", "112117431", "100109910", "107121700", "111120591", "102113981", "112116990", "105119950", "108119330", "98107010", "113120640", "105112240", "112118471", "97116790", "104118070", "105112130", "109120621", "113121010", "111121220", "102110850", "103120290", "107121640", "109116170", "111115620", "111121190", "108113740", "98116500", "99111620", "100109980", "111120280", "100109311", "107117010", "109117110", "98106560", "108114360", "104111711", "113122120", "103113260", "98117740", "105116650", "113118820", "111115780", "101109370", "107113180", "113121680", "105115720", "106114880", "108115570", "99119830", "101116130", "112116501", "104113380", "103111620", "107120260", "99107660", "103110220", "111117120", "105113210", "111117200", "104112201", "107114621", "112118810", "104116441", "108120700", "108117360", "111114321", "113122150", "101112160", "102112030", "97116500", "107115140", "113118490", "112119950", "102113210", "101115190", "113120591", "110115120", "106113190", "109118161", "105119550", "112119610", "108115970", "100116500", "111121930", "105118230", "109119591", "97106970", "102118380", "110115140", "98108410", "102110890", "98109230", "106116370", "108121351", "98116090", "109115380", "107119950", "110117080", "111120640", "100111390", "99107630", "104111780", "98120010", "98111670", "101114990", "100109330", "99109910", "103110100", "103118110", "109114220", "97114170", "99109161", "109116040", "113119340", "106116850", "110118630", "98106111", "97112300", "110117110", "113122190", "100109890", "99112531", "104111380", "98120530", "112120640", "100111270", "104111880", "103109021", "109119450", "110114720", "111114941", "108116481", "98112170", "110116441", "98108370", "98108520", "110119300", "105116501", "103109641", "97105451", "113119930"], "labels": [1, 3, 0, 2, 3, 1, 1, 0, 3, 0, 3, 0, 1, 1, 2, 2, 1, 1, 2, 3, 3, 2, 1, 0, 1, 1, 3, 2, 3, 1, 0, 1, 1, 1, 1, 1, 1, 1, 3, 2, 1, 0, 1, 1, 3, 1, 1, 0, 3, 1, 2, 3, 1, 0, 1, 3, 2, 2, 3, 0, 0, 0, 3, 1, 2, 1, 1, 2, 3, 2, 2, 0, 1, 0, 3, 1, 0, 0, 0, 0, 1, 0, 2, 2, 1, 1, 0, 2, 1, 0, 1, 0, 1, 2, 3, 0, 3, 3, 1, 0, 2, 2, 3, 2, 1, 3, 0, 2, 1, 2, 3, 2, 3, 0, 0, 3, 1, 0, 2, 0, 1, 3, 3, 3, 1, 0, 2, 3, 0, 3, 3, 0, 0, 3, 3, 1, 2, 1, 1, 1, 0, 1], "predicted_labels": [2, 1, 0, 0, 2, 3, 0, 0, 0, 1, 0, 0, 3, 1, 1, 1, 1, 0, 3, 3, 2, 3, 3, 2, 3, 3, 3, 3, 1, 0, 0, 3, 3, 3, 0, 3, 3, 1, 3, 3, 0, 3, 1, 1, 1, 3, 1, 3, 3, 1, 3, 3, 1, 1, 1, 0, 3, 0, 3, 3, 3, 0, 1, 1, 2, 1, 1, 1, 3, 3, 1, 0, 3, 0, 3, 1, 0, 0, 3, 0, 3, 0, 3, 3, 1, 3, 3, 1, 0, 3, 1, 1, 2, 1, 3, 1, 1, 0, 1, 1, 2, 0, 3, 3, 3, 1, 0, 1, 3, 3, 0, 0, 0, 3, 0, 1, 0, 3, 3, 1, 3, 1, 1, 3, 1, 2, 1, 3, 3, 1, 2, 0, 3, 1, 3, 3, 3, 1, 3, 1, 3, 1], "confidence_scores": [[0.1995306806832991, 0.21673928670869508, 0.3181863563834169, 0.2655436762245889], [0.25567041578795285, 0.3047812786888785, 0.1939242551698733, 0.2456240503532955], [0.3622617119740028, 0.20906861713286085, 0.20118990412310991, 0.22747976677002657], [0.35907887356721296, 0.22597629651846832, 0.15742251789846703, 0.25752231201585174], [0.2628633006109749, 0.271623656737207, 0.30153403012575897, 0.1639790125260592], [0.21770572638520802, 0.20765300356441888, 0.09220331464703613, 0.48243795540333706], [0.5290758355782522, 0.17089636851408468, 0.08150551526091686, 0.2185222806467461], [0.5033729325374832, 0.13122010935111048, 0.09821686850134291, 0.26719008961006346], [0.5148068355262573, 0.23557847970097745, 0.09133992778442802, 0.15827475698833732], [0.1964409204133712, 0.5048397926446606, 0.11517248496950162, 0.1835468019724665], [0.5000200461898852, 0.16788233819603277, 0.11320136785294233, 0.21889624776113975], [0.3325174545373776, 0.29892386056186804, 0.17928596302104816, 0.18927272187970645], [0.21859480863813566, 0.19236891865388703, 0.1485177960162256, 0.44051847669175176], [0.1934542250313701, 0.4172303992720698, 0.2057733421451965, 0.18354203355136364], [0.1186999230561222, 0.3305205626295782, 0.28263664238811825, 0.26814287192618136], [0.18955467880507554, 0.4452916089448107, 0.16058711722268978, 0.204566595027424], [0.25219966078069517, 0.3357367638959642, 0.12703475293581354, 0.28502882238752697], [0.4674801171367824, 0.22844959440149953, 0.08942118557957825, 0.21464910288213973], [0.17283152350791178, 0.3022659189228045, 0.12630879406898232, 0.39859376350030135], [0.18360299518245263, 0.24617709043313762, 0.08817788916200306, 0.48204202522240674], [0.10959647942327896, 0.2346320502734881, 0.5147668048795437, 0.14100466542368925], [0.24914595702252157, 0.25459833131188203, 0.21031263210337017, 0.2859430795622263], [0.15321237540013075, 0.2903213837050773, 0.10828324942847437, 0.4481829914663175], [0.1736442460530418, 0.2309014151244324, 0.36391470436192863, 0.2315396344605971], [0.21618340381217427, 0.24044858575027678, 0.16359838742836963, 0.37976962300917944], [0.21424542447279663, 0.29975440760991295, 0.12564566954242648, 0.36035449837486394], [0.2072386942332797, 0.23151446412168233, 0.09331550312883839, 0.46793133851619967], [0.22334128019688426, 0.2655361419276604, 0.15240153299724446, 0.35872104487821094], [0.13750532175414049, 0.5333461084120892, 0.1122292121356691, 0.21691935769810125], [0.31109931182695966, 0.2225719076941362, 0.1973391157093468, 0.2689896647695575], [0.39492979502420444, 0.13422076149046308, 0.09615922050264915, 0.3746902229826834], [0.25888679164092954, 0.12776532841886695, 0.09533708132128423, 0.5180107986189192], [0.22926559298338547, 0.19965211566782542, 0.1691388735131867, 0.40194341783560256], [0.2630604027488418, 0.17245005201394054, 0.17633197030514616, 0.3881575749320715], [0.3774733247530661, 0.30357748306961435, 0.12925817735265438, 0.18969101482466522], [0.1848461755143654, 0.17215577894322961, 0.26207836309766047, 0.38091968244474456], [0.18307223055699828, 0.2247343241990693, 0.23276738839294417, 0.3594260568509883], [0.24666605689389595, 0.2883275085307881, 0.24340400556389713, 0.2216024290114188], [0.20722608693663977, 0.31541578180130325, 0.10532381848565271, 0.3720343127764043], [0.22092265353601376, 0.21184448337883513, 0.18835126503733762, 0.3788815980478136], [0.3709502558102323, 0.2019114237884932, 0.23689261542945136, 0.19024570497182325], [0.28598080287231786, 0.17759617264810065, 0.17802858479082892, 0.3583944396887526], [0.18161967902387804, 0.5359378653519025, 0.1205703432818226, 0.16187211234239693], [0.2419502636279062, 0.3432545935567882, 0.21082463290351683, 0.2039705099117889], [0.18809402287487306, 0.3072004326934015, 0.27295400170020934, 0.23175154273151624], [0.20132116778387374, 0.20982901071939464, 0.15242607138019126, 0.4364237501165404], [0.24007485818588822, 0.2755707655383995, 0.23554591522626964, 0.24880846104944288], [0.2875717837030874, 0.22554040070269085, 0.14695539125859994, 0.3399324243356219], [0.21917820285229375, 0.22735520227215805, 0.11761638422011098, 0.4358502106554372], [0.1331007910605266, 0.5217851545424329, 0.1678990399370181, 0.17721501446002244], [0.26218527338910247, 0.2583865455110815, 0.1480743603462806, 0.33135382075353564], [0.22023340454475795, 0.2898241085305425, 0.1465118470933383, 0.34343063983136135], [0.2089596549449741, 0.38305710452684094, 0.13073461040107978, 0.27724863012710516], [0.11650255258704635, 0.6238872935806942, 0.08629822164930913, 0.17331193218295027], [0.26709208399412593, 0.3488890961695949, 0.184779876782341, 0.19923894305393813], [0.319185256339628, 0.19832121641252223, 0.24527077410775494, 0.23722275314009492], [0.17059555054134473, 0.2400919913688817, 0.2443520418534613, 0.3449604162363122], [0.353807630533261, 0.34369603698391055, 0.11255588654938602, 0.18994044593344234], [0.1627385928890523, 0.21243832822755881, 0.13047017609520195, 0.4943529027881869], [0.22854327521415815, 0.1855140999862315, 0.10014331234605181, 0.4857993124535587], [0.254616872544939, 0.281794424142911, 0.14714265194951892, 0.3164460513626311], [0.30747399399089104, 0.1920568558997423, 0.23071447231892178, 0.269754677790445], [0.33327251298628435, 0.33639752935842443, 0.06728811300484902, 0.26304184465044217], [0.2100700020133417, 0.35348870876308613, 0.15551590681460362, 0.2809253824089688], [0.2494381331413828, 0.24003313335706558, 0.28780707282446194, 0.22272166067708968], [0.1573945835143094, 0.35276153800522647, 0.23451574335413533, 0.25532813512632885], [0.16357752941724044, 0.5102893783008056, 0.12095737527553331, 0.20517571700642068], [0.19498783300462283, 0.31218135042815054, 0.26892935958980124, 0.22390145697742528], [0.1276051486610837, 0.1507690768448739, 0.16797856375322578, 0.5536472107408166], [0.2803360135617784, 0.26329404749715407, 0.1600379717915199, 0.29633196714954757], [0.23711353330360163, 0.36845432027306235, 0.20983455020911784, 0.1845975962142184], [0.510804442390306, 0.1427554949712051, 0.09006435814872725, 0.25637570448976166], [0.24211536963549904, 0.16498859580380393, 0.1528793668807931, 0.4400166676799039], [0.4699699889961062, 0.08084067450749839, 0.2246755682077359, 0.22451376828865954], [0.19446836809883686, 0.30840583012329975, 0.11321509845886883, 0.3839107033189947], [0.10632696595116338, 0.5139853484529294, 0.19109821672764962, 0.18858946886825753], [0.37550463560277786, 0.1799215755396956, 0.09600042483150129, 0.34857336402602546], [0.32509392322826325, 0.26105476180278553, 0.16007933940166244, 0.25377197556728887], [0.2761699781800847, 0.1583918602564572, 0.1022655619829535, 0.46317259958050466], [0.4240937810072339, 0.1753572079107754, 0.12859673886874046, 0.2719522722132502], [0.27623293132489024, 0.2829517664568686, 0.13297629869815666, 0.30783900352008453], [0.3495996793718505, 0.25688774499202754, 0.13043275903977086, 0.26307981659635116], [0.14527885189489306, 0.34492932287020195, 0.15864638741781165, 0.35114543781709345], [0.26431649961358555, 0.21253514997832482, 0.2368760851590803, 0.28627226524900923], [0.1757277386107238, 0.3879599406922017, 0.0832265826268177, 0.3530857380702569], [0.1927464341899631, 0.25599064091277507, 0.15374073112445405, 0.39752219377280773], [0.13870739212956243, 0.2537627139779178, 0.13924483434105425, 0.4682850595514655], [0.2202954463832305, 0.386241637146308, 0.12899237557836243, 0.2644705408920991], [0.37513235533388567, 0.21651440429085797, 0.12695891268425988, 0.28139432769099654], [0.22196045600964678, 0.18007608871617584, 0.2323376394629502, 0.3656258158112274], [0.2825973797720414, 0.35904675853317114, 0.15036562575476597, 0.2079902359400217], [0.24882635590517763, 0.34566491995029713, 0.15714311475911602, 0.24836560938540925], [0.2783830048344674, 0.1988655833304244, 0.31136852576321644, 0.211382886071892], [0.26976979700759196, 0.2900997609323717, 0.18317552547314098, 0.2569549165868954], [0.11055093882212107, 0.15967809083858112, 0.222747649592124, 0.5070233207471739], [0.16368960206554276, 0.5116793412950423, 0.11680027453583633, 0.20783078210357875], [0.13966736600108734, 0.33569428835117476, 0.30119129398118527, 0.22344705166655263], [0.41420809001204234, 0.10862731837604724, 0.10081462696900689, 0.3763499646429036], [0.14534629114749617, 0.47472685312280566, 0.11921139371093477, 0.26071546201876344], [0.23607752538060875, 0.33175250808152135, 0.16053659490512254, 0.27163337163274737], [0.23368207884169667, 0.24713682709242993, 0.2737843752496602, 0.24539671881621317], [0.36974071591036434, 0.18200577608493845, 0.13771242490921548, 0.3105410830954818], [0.19461988815652853, 0.235525532819587, 0.18185175700391099, 0.38800282201997355], [0.18789728501581823, 0.18932709760463112, 0.30629159926928384, 0.31648401811026683], [0.23346774248880306, 0.2435350794790687, 0.192159416871601, 0.33083776116052727], [0.21585539287208824, 0.3143715437591932, 0.23997123372567414, 0.22980182964304452], [0.31508686637666955, 0.2421932726471017, 0.14648205683260454, 0.29623780414362433], [0.1382468251526858, 0.3870731170707522, 0.32003261233403857, 0.15464744544252348], [0.2150012467278459, 0.29999269467747913, 0.15032491982196258, 0.33468113877271227], [0.2392046902649812, 0.1969828775382035, 0.17472152705172808, 0.3890909051450874], [0.42737126749697574, 0.13556453882290087, 0.11330521263332233, 0.32375898104680084], [0.3184300243885634, 0.2725818632806134, 0.1193494290573285, 0.28963868327349473], [0.5155520936705422, 0.23946341920844683, 0.1013985560661761, 0.14358593105483486], [0.2070907840795384, 0.21183501997750925, 0.25516834978293157, 0.32590584616002066], [0.3971551147472708, 0.20550348685573935, 0.09623393422997362, 0.3011074641670161], [0.20083482320591717, 0.3416680200372031, 0.19274210676003717, 0.2647550499968424], [0.3287559275586545, 0.17306005009603614, 0.2958454995658838, 0.20233852277942577], [0.2936941616783234, 0.2128874942888717, 0.08003647324528305, 0.4133818707875217], [0.1791412688020286, 0.2802083849050855, 0.20924460385655777, 0.3314057424363283], [0.2610343767287748, 0.36860619796092453, 0.17643893508277805, 0.19392049022752264], [0.19763644069341546, 0.20719465411320134, 0.20278216861755446, 0.3923867365758288], [0.24166372040147924, 0.365369411388472, 0.16661780217561056, 0.22634906603443813], [0.3170098059714721, 0.3954487311912965, 0.10524805905501804, 0.18229340378221356], [0.1819860247079518, 0.2744779256609107, 0.20387443252613457, 0.3396616171050029], [0.24146208749626025, 0.3568180060719912, 0.12175100958904113, 0.2799688968427076], [0.15717299000557966, 0.22274416386073476, 0.3276020390047939, 0.2924808071288916], [0.18022336082422594, 0.45064671352366203, 0.1226686559230896, 0.24646126972902258], [0.1428262600777852, 0.2418744622889439, 0.17683781145821242, 0.43846146617505843], [0.2923738844769765, 0.2106724235482249, 0.10208211244583107, 0.3948715795289675], [0.15849809350401084, 0.37911597825956245, 0.18094938412688702, 0.28143654410953967], [0.20161975587646122, 0.17319459385554792, 0.4748744240866714, 0.15031122618131956], [0.32648772816269395, 0.17552918511509671, 0.1721667711250788, 0.32581631559713076], [0.26258571777719614, 0.1542239335977673, 0.24865366168574, 0.33453668693929656], [0.2552082223188893, 0.391701550586453, 0.1507280660882422, 0.20236216100641535], [0.24342309882951155, 0.2054409201516499, 0.25303117769282557, 0.29810480332601313], [0.14738450120026458, 0.21893856130000286, 0.18302151142066414, 0.4506554260790685], [0.21348256379357355, 0.2825043405960057, 0.09986135924931107, 0.40415173636110996], [0.20057320921524732, 0.40945958923804493, 0.15928650687146056, 0.2306806946752472], [0.27550700781319365, 0.18359735049615256, 0.140016078486523, 0.4008795632041309], [0.1720943825959598, 0.4508498737564437, 0.1262603723873672, 0.25079537126022927], [0.3110320571726416, 0.2530241058665385, 0.08429117752833168, 0.3516526594324882], [0.23437173558614732, 0.3562442316452385, 0.08612446198949011, 0.32325957077912415]]}, "rewritten": {"ids": ["97105451", "97106970", "97112300", "97114170", "97116500", "97116790", "98106111", "98106560", "98107010", "98108370", "98108410", "98108520", "98109230", "98111670", "98112170", "98116090", "98116500", "98117740", "98120010", "98120530", "99107630", "99107660", "99109161", "99109910", "99111620", "99112531", "99119830", "100109311", "100109330", "100109890", "100109910", "100109980", "100111270", "100111380", "100111390", "100116500", "101109370", "101112160", "101114990", "101115190", "101116130", "102110850", "102110890", "102112030", "102113210", "102113981", "102118380", "103109021", "103109641", "103110100", "103110220", "103111620", "103113260", "103118110", "103120290", "104111380", "104111711", "104111780", "104111880", "104112201", "104113380", "104116441", "104118070", "105112130", "105112240", "105113210", "105115720", "105116501", "105116650", "105118230", "105119550", "105119950", "106113190", "106114880", "106116370", "106116850", "107113180", "107114621", "107115140", "107117010", "107119950", "107120260", "107121640", "107121700", "108113740", "108114360", "108115570", "108115970", "108116481", "108117360", "108119330", "108120700", "108121351", "109114220", "109115380", "109116040", "109116170", "109117110", "109118161", "109119450", "109119460", "109119591", "109120621", "110114720", "110115120", "110115140", "110116441", "110117080", "110117110", "110118630", "110119300", "111114321", "111114941", "111115620", "111115780", "111117120", "111117200", "111120280", "111120591", "111120640", "111121190", "111121220", "111121930", "112116501", "112116990", "112117431", "112118471", "112118810", "112119610", "112119950", "112120640", "113118490", "113118820", "113119340", "113119930", "113120591", "113120640", "113121010", "113121680", "113122120", "113122150", "113122190"], "labels": [0, 2, 2, 2, 2, 2, 0, 1, 3, 1, 1, 2, 1, 1, 3, 0, 2, 2, 2, 1, 2, 3, 3, 2, 3, 3, 1, 1, 0, 3, 2, 1, 2, 3, 2, 2, 1, 3, 3, 1, 2, 3, 0, 2, 3, 1, 1, 0, 1, 1, 2, 0, 3, 2, 2, 3, 1, 3, 3, 0, 1, 1, 2, 1, 1, 3, 1, 1, 1, 1, 1, 3, 0, 0, 2, 3, 3, 0, 0, 1, 3, 1, 1, 3, 3, 1, 3, 2, 0, 1, 0, 2, 3, 3, 3, 0, 0, 1, 0, 3, 1, 0, 1, 3, 0, 0, 3, 1, 0, 1, 1, 1, 0, 1, 1, 2, 0, 0, 1, 0, 1, 3, 1, 3, 0, 0, 1, 3, 0, 0, 0, 1, 0, 0, 1, 0, 0, 2, 1, 1, 2, 1], "predicted_labels": [3, 3, 1, 3, 3, 0, 0, 0, 0, 1, 0, 0, 0, 3, 0, 1, 0, 1, 0, 3, 0, 3, 0, 2, 0, 0, 3, 0, 1, 3, 2, 0, 1, 0, 1, 1, 0, 3, 1, 1, 2, 3, 3, 1, 3, 0, 0, 1, 3, 0, 3, 1, 0, 3, 1, 0, 3, 3, 2, 1, 1, 1, 1, 3, 3, 3, 1, 0, 1, 0, 3, 0, 3, 3, 3, 2, 1, 3, 3, 3, 0, 0, 3, 2, 2, 3, 3, 3, 0, 2, 0, 0, 3, 0, 0, 2, 3, 3, 0, 1, 3, 3, 3, 2, 3, 3, 2, 3, 3, 2, 0, 2, 1, 3, 1, 3, 3, 1, 3, 1, 0, 0, 0, 0, 0, 2, 3, 0, 0, 3, 0, 0, 3, 0, 3, 3, 2, 0, 1, 3, 2, 2], "confidence_scores": [[0.2746581355709216, 0.2529374299414095, 0.1777190875617049, 0.2946853469259641], [0.19753581129990946, 0.2554418810896682, 0.1463812771509876, 0.40064103045943467], [0.1645524229452426, 0.4402967220820659, 0.1599027213284598, 0.2352481336442317], [0.33827167200574415, 0.17463044348706946, 0.1432406741806845, 0.3438572103265018], [0.3390054424834012, 0.21214947862662314, 0.09341586233585145, 0.3554292165541242], [0.2867235563619203, 0.2593139286278746, 0.17973232947477694, 0.27423018553542816], [0.40959020394015766, 0.1834900331718668, 0.08593989823538331, 0.32097986465259226], [0.39455023264027766, 0.22310820126280267, 0.2128015261406264, 0.16954003995629338], [0.5622471829955623, 0.12139524280221964, 0.09197724879513328, 0.22438032540708489], [0.2489918403074734, 0.306738745747795, 0.16835037463138425, 0.2759190393133474], [0.3623115526304262, 0.20066886036067438, 0.08967363730844546, 0.34734594970045407], [0.35062821605295874, 0.2450798087027118, 0.08537806893507843, 0.3189139063092509], [0.2819314516669755, 0.24310927968735313, 0.27904915828331517, 0.19591011036235637], [0.28233620242991003, 0.18734990328247514, 0.1982109538034315, 0.33210294048418343], [0.30344876181168173, 0.2475285655697165, 0.22941625335720073, 0.21960641926140112], [0.1371356373676735, 0.4738535312296331, 0.21348393154235956, 0.17552689986033398], [0.3621688401252136, 0.20809887669893856, 0.09227121937573735, 0.3374610638001107], [0.30801231102581356, 0.31961326851718724, 0.146624082773382, 0.22575033768361732], [0.5798661479923788, 0.11568728409968267, 0.08888528698539708, 0.21556128092254148], [0.2740209387124108, 0.2471224770509265, 0.14262717112916237, 0.3362294131075003], [0.6971779255746029, 0.09854097209063822, 0.10339085721124966, 0.10089024512350918], [0.33726928599156997, 0.14040140487796865, 0.17384748843455008, 0.3484818206959112], [0.33889614618870373, 0.15141358104995276, 0.28148340132087096, 0.2282068714404725], [0.33690449977730974, 0.1617782489688676, 0.36207322792379515, 0.13924402333002775], [0.5064454652638574, 0.19915466866892811, 0.1429490809213619, 0.1514507851458528], [0.7080909169862439, 0.08468830488667915, 0.04594483367153651, 0.16127594445554042], [0.12564600314500335, 0.26191556297001256, 0.21845766955081514, 0.39398076433416884], [0.452606283708125, 0.09394252463349374, 0.06830699658835815, 0.3851441950700232], [0.21290459791771327, 0.41227144208900857, 0.17436466007956625, 0.20045929991371209], [0.1467760485050253, 0.16752137181951124, 0.11746166652141204, 0.5682409131540515], [0.16347706462532344, 0.1398672319541756, 0.47968037107243483, 0.21697533234806615], [0.4057182461298148, 0.2201646804178347, 0.1470809916119981, 0.22703608184035243], [0.24198683794611633, 0.33133985552530404, 0.2083431557749326, 0.21833015075364695], [0.43799428331181656, 0.23366194554914305, 0.12706498013295656, 0.20127879100608403], [0.20472226044061256, 0.36266554928420897, 0.21066764256575815, 0.22194454770942032], [0.3194031809053993, 0.3664534002002766, 0.1354565991765006, 0.17868681971782355], [0.38616864037458526, 0.24842581517704423, 0.08440456451380213, 0.28100097993456846], [0.16921135737861528, 0.17311773707980085, 0.1437482960925015, 0.5139226094490824], [0.23356356717591548, 0.4103812210931186, 0.08923445375064624, 0.26682075798031957], [0.21356799172602314, 0.3296907714812537, 0.17438331797010548, 0.28235791882261774], [0.15598301502071124, 0.23848509462187462, 0.35855254876964254, 0.24697934158777166], [0.15961015167444662, 0.2446646258731912, 0.20489811279241094, 0.3908271096599514], [0.17689261884110952, 0.2699370604397539, 0.13099727792376162, 0.4221730427953748], [0.20310999585705655, 0.43038293557146773, 0.15806925139815473, 0.2084378171733209], [0.15373415374211621, 0.32019935398502286, 0.08560642220497781, 0.44046007006788324], [0.4030019768940601, 0.2569925783640272, 0.2437619673498674, 0.09624347739204564], [0.5487653528939237, 0.23289114430523672, 0.07763964326704097, 0.14070385953379858], [0.20043503277646418, 0.37278894056806444, 0.07815612208822297, 0.34861990456724845], [0.23560108297962193, 0.23525319866215563, 0.23036595244839067, 0.29877976590983185], [0.44479874312459566, 0.11677325984463695, 0.07737916591671587, 0.3610488311140517], [0.1945109889073905, 0.2613306841660106, 0.11479484257709, 0.4293634843495089], [0.09020236765046917, 0.49374141907031793, 0.3173814087495473, 0.09867480452966576], [0.4185206285834642, 0.18445629519769852, 0.07272233617765747, 0.32430074004118], [0.28020843228691955, 0.12302502167691803, 0.20020626710374317, 0.39656027893241935], [0.24177044364177475, 0.30779188225495036, 0.27933990651048457, 0.17109776759279044], [0.4169853469133156, 0.20741837597035725, 0.26921855732808747, 0.1063777197882395], [0.2189673092084311, 0.2626448882590928, 0.1397670428409955, 0.37862075969148057], [0.25404732193114643, 0.2097639779787856, 0.16854162727864166, 0.3676470728114266], [0.1443349410597863, 0.23370374916369002, 0.3239151641219789, 0.2980461456545448], [0.2037515011417392, 0.38478579735752827, 0.13504805466002917, 0.2764146468407033], [0.23976993911266242, 0.38762118356414177, 0.1120519686704858, 0.26055690865271003], [0.20619459596681985, 0.3263637455618629, 0.18444618262010054, 0.28299547585121676], [0.2505474022518731, 0.4470946018269892, 0.11777716328852544, 0.18458083263261238], [0.1841189155595651, 0.21538424118963445, 0.16409145384700402, 0.4364053894037963], [0.14700476404539126, 0.3581923394970877, 0.11093450004728829, 0.38386839641023274], [0.2496566270603418, 0.16801036843208111, 0.06823606190184033, 0.5140969426057369], [0.1810437511156107, 0.45383771722026384, 0.15108995900617397, 0.21402857265795167], [0.4057863955730359, 0.28273531387941564, 0.06070556295437554, 0.2507727275931731], [0.2433575605235983, 0.42701861240658856, 0.2267444636713983, 0.10287936339841489], [0.35755158720357805, 0.2358405790416343, 0.14773554455034407, 0.2588722892044435], [0.28598698424991714, 0.2717824616107023, 0.11311654866702169, 0.3291140054723589], [0.358555737473386, 0.24552123331872888, 0.1825351215838869, 0.21338790762399817], [0.2203065977950944, 0.2104893650664643, 0.28111118324971535, 0.28809285388872596], [0.2237857950821567, 0.23324760617385468, 0.23027330316270334, 0.3126932955812854], [0.26905055961533175, 0.24901879547474484, 0.13473870201263838, 0.3471919428972851], [0.2720047834662914, 0.2118034022559255, 0.41680700682981653, 0.09938480744796653], [0.21840988050316348, 0.33088949606189, 0.20946273618576913, 0.24123788724917736], [0.1897154120594417, 0.21251949056175132, 0.2117497338660368, 0.38601536351277005], [0.14458878097821537, 0.28227348566294536, 0.07305308993051067, 0.5000846434283285], [0.17476913319625778, 0.224334758813031, 0.14012741282119423, 0.4607686951695169], [0.5119336808668365, 0.1217516704500359, 0.24601063961575267, 0.12030400906737494], [0.6503599755397633, 0.15443455080885693, 0.05713050549607484, 0.13807496815530482], [0.22817847513710912, 0.2693107750892918, 0.20971337936643406, 0.2927973704071651], [0.18154441463552035, 0.208312142375334, 0.42294884610052014, 0.18719459688862555], [0.16448274670245416, 0.21251608589361543, 0.3951592964489112, 0.22784187095501934], [0.1607330487478711, 0.16383712848924187, 0.19153858502803608, 0.483891237734851], [0.2264536900886626, 0.1497481834307657, 0.2355365995189703, 0.3882615269616015], [0.25440844397126483, 0.14499096012617524, 0.18005439250667846, 0.42054620339588145], [0.3667536049333542, 0.1786311444385909, 0.15853852167393792, 0.2960767289541171], [0.0836900631671633, 0.14880331917785555, 0.5725374907353056, 0.1949691269196754], [0.4306801654217211, 0.169926717344365, 0.079161783080976, 0.3202313341529378], [0.3825140395291929, 0.2787232959470533, 0.079626801896266, 0.2591358626274879], [0.16898791792913137, 0.15007131886746997, 0.31149463103291447, 0.3694461321704843], [0.5239790451421951, 0.14564110589291043, 0.1455798876849571, 0.18479996127993736], [0.3061630470247051, 0.24351467489646153, 0.1940614110828224, 0.2562608669960111], [0.19438511694196806, 0.13063272474940665, 0.3445240099751558, 0.33045814833346954], [0.17648128331408133, 0.17340840351609346, 0.23001354323872544, 0.42009676993109984], [0.23316560466873973, 0.2772498978943856, 0.20306580721888098, 0.2865186902179938], [0.5721310136216599, 0.15626977912081352, 0.10740670955693886, 0.16419249770058783], [0.22909672487040833, 0.3431701943528587, 0.17351954100052658, 0.2542135397762063], [0.25906440575707734, 0.2258082486897934, 0.14315625393305398, 0.37197109162007524], [0.31470826159643245, 0.15139646380803223, 0.14568619761963944, 0.38820907697589585], [0.1933055646872051, 0.14532467786923284, 0.08601807815087012, 0.5753516792926919], [0.22485931073663626, 0.28989025011744374, 0.362685720454805, 0.12256471869111527], [0.18433125214247717, 0.18128764175962783, 0.16003094109263297, 0.4743501650052621], [0.20923480878658887, 0.226233004324041, 0.1983070425023673, 0.366225144387003], [0.17842380037032474, 0.20771586579726364, 0.42805184622023834, 0.18580848761217336], [0.15199643069767468, 0.18272939190540222, 0.17941385865070492, 0.4858603187462182], [0.23199066442550068, 0.21685441842643163, 0.1967197782433893, 0.3544351389046786], [0.21689136671948292, 0.1915007817457278, 0.309546252151208, 0.2820615993835813], [0.367083528246182, 0.24784284810337043, 0.1292336263053775, 0.25583999734507024], [0.1966050795555818, 0.1745352771683904, 0.3293184772724052, 0.2995411660036227], [0.23247317786071678, 0.3248384825743582, 0.20696235977405245, 0.23572597979087245], [0.16968056119412853, 0.22320970596924472, 0.2748699092005081, 0.33223982363611887], [0.2176288540194263, 0.44028682884365195, 0.12167205665078208, 0.22041226048613966], [0.19644270583674114, 0.16700561356205296, 0.12591790313410378, 0.5106337774671021], [0.2637524733075112, 0.17577492745963463, 0.1204949736185148, 0.4399776256143394], [0.23846620110625388, 0.3634386526975771, 0.14533987797987297, 0.2527552682162961], [0.11311798953844364, 0.3627995683504241, 0.07831200894334343, 0.44577043316778886], [0.1414615476995946, 0.5462276633256986, 0.12801199068244987, 0.1842987982922571], [0.33058106898299117, 0.2646192232041453, 0.1306576083068142, 0.27414209950604945], [0.44098812140823324, 0.22109448016893662, 0.0786647785712071, 0.2592526198516231], [0.42692396592915793, 0.14535145315907214, 0.10965870787361884, 0.31806587303815115], [0.32871713454302154, 0.2128052873110523, 0.18476657130293883, 0.27371100684298727], [0.4701021856519501, 0.1590222292098739, 0.16385173162042752, 0.2070238535177486], [0.2330152918376781, 0.10793833021573894, 0.4633137508091803, 0.19573262713740266], [0.2599627454472715, 0.19250798989175302, 0.1197348910281563, 0.42779437363281936], [0.37873621451743167, 0.24451386511060277, 0.21201743429072104, 0.16473248608124463], [0.2867994981636168, 0.2277196164392049, 0.2689492335086107, 0.21653165188856763], [0.1985254578527067, 0.08313447282887765, 0.15412157231304452, 0.5642184970053712], [0.39783857056761673, 0.17631728382159964, 0.14417886575394387, 0.2816652798568398], [0.6099644170203796, 0.09593074981836781, 0.051780413494012766, 0.24232441966723992], [0.19310790121996044, 0.245831043819091, 0.18458423339265514, 0.3764768215682937], [0.5857781493145644, 0.1867425570356465, 0.06176975493765174, 0.1657095387121373], [0.2952404525097865, 0.16288946545904223, 0.12482549866345727, 0.4170445833677139], [0.3337418690576947, 0.1482709167473887, 0.10115258150096358, 0.41683463269395293], [0.11058171813504869, 0.359219302437896, 0.3827462171547128, 0.14745276227234264], [0.33488823434664367, 0.3096117776487315, 0.11665742324093062, 0.2388425647636942], [0.2029437316161115, 0.3063179329834385, 0.24553557874973533, 0.24520275665071467], [0.2626001829172982, 0.2514369954848565, 0.1349378179578321, 0.35102500364001316], [0.25899818557741056, 0.24227744936914775, 0.2626955066593454, 0.23602885839409632], [0.20415840081418452, 0.13836676356023953, 0.3493778712259127, 0.3080969643996634]]}}