{"test": {"ids": ["107113550", "100111380", "112120630", "113122190", "97112830", "113121220", "101115190", "109117271", "100120780", "106119580", "98111860", "111119300", "108117720", "111116010", "108121160", "107113200", "98116500", "113119480", "102112030", "98109090", "112118550", "97116790", "100107920", "110119300", "109119340", "98108370", "103110100", "100115700", "100109360", "98107010", "99112840", "105116860", "104114410", "103110760", "104111990", "100109330", "111120320", "104111550", "111116750", "98111231", "112117660", "111121190", "107113360", "102117351", "99111440", "99107640", "112117790", "110115250", "99116500", "110117870", "107114621", "109116040", "110118161", "103113260", "98112580", "104116800", "103120290", "102112170", "99108010", "105110251", "103120340", "107114140", "110120531", "101112160", "111118820", "105116650", "97116800", "101109370", "106121190", "102110050", "97105451", "113122510", "102110240", "112119500", "107115140", "113120830", "110117110", "113121410", "105111990", "110115980", "113117340", "113118810", "113119320", "111114941", "104111620", "111121410", "112116850", "111119950", "110117200", "108115250", "110116501", "97107681", "113118490", "112119950", "113119930", "112116810", "113120540", "98111620", "111117571", "110116290", "113122650", "100108580", "104118340", "105117431", "97114170", "100117420", "107114200", "101108460", "109117150", "111116530", "109115070", "112118620", "112117571", "111115770", "109121410", "112118810", "108114200", "100111620", "109121351", "111117120", "111120531", "112116880", "106116370", "108118630", "101108080", "106117790", "108114270", "98117740", "112116990", "97118210", "102112250", "106115240", "97116410", "107116501", "97105580", "109118231", "101110150", "97112170", "102109010", "108115870", "105112130", "107119950"], "labels": [0, 3, 3, 1, 2, 3, 1, 0, 1, 3, 0, 1, 1, 1, 2, 0, 2, 3, 2, 1, 3, 2, 0, 1, 3, 1, 1, 1, 0, 3, 2, 2, 1, 1, 2, 0, 1, 1, 3, 1, 0, 1, 0, 1, 3, 1, 3, 1, 2, 3, 0, 0, 0, 3, 2, 1, 2, 3, 2, 0, 1, 2, 0, 3, 0, 1, 0, 1, 2, 3, 0, 2, 3, 2, 0, 3, 0, 0, 2, 1, 2, 3, 1, 0, 0, 0, 0, 0, 3, 1, 3, 3, 1, 0, 1, 3, 3, 3, 3, 2, 2, 0, 2, 1, 2, 2, 2, 0, 2, 3, 0, 3, 3, 3, 0, 3, 0, 3, 0, 2, 0, 0, 2, 1, 0, 1, 3, 2, 0, 2, 0, 1, 3, 1, 1, 1, 1, 0, 1, 3, 1, 3], "predicted_labels": [2, 0, 1, 0, 2, 3, 1, 3, 3, 0, 2, 3, 3, 1, 1, 3, 3, 0, 1, 2, 0, 2, 0, 3, 3, 2, 3, 1, 3, 2, 0, 1, 3, 1, 0, 0, 3, 0, 3, 0, 3, 0, 2, 3, 0, 3, 0, 3, 2, 3, 3, 3, 0, 1, 1, 1, 2, 2, 1, 3, 3, 1, 3, 2, 0, 0, 0, 1, 1, 3, 0, 0, 2, 1, 3, 3, 2, 3, 0, 3, 2, 3, 0, 3, 3, 1, 3, 0, 3, 0, 3, 2, 2, 0, 1, 1, 0, 1, 0, 2, 3, 2, 1, 1, 1, 2, 0, 0, 0, 1, 1, 3, 3, 3, 3, 1, 3, 2, 3, 3, 3, 1, 3, 3, 0, 2, 0, 1, 0, 2, 2, 0, 2, 1, 3, 1, 3, 0, 1, 2, 3, 3], "confidence_scores": [[0.19374052752126558, 0.016162477770025184, 0.7530146067372671, 0.037082387971442116], [0.9659368469531178, 0.0340220628686444, 1.9495447567038326e-07, 4.0895223762147856e-05], [7.447548959500974e-06, 0.8817223101706331, 0.07891018407425267, 0.039360058206154784], [0.8200030917659057, 0.012034098819616063, 0.10743345647922811, 0.060529352935250115], [0.001207168295507773, 0.01156449766911239, 0.6485923619830213, 0.33863597205235846], [9.573476309247125e-09, 9.261335361864975e-07, 5.479304741496155e-05, 0.9999442712455726], [0.0014700332437992524, 0.860423937331194, 0.13804637531950809, 5.965410549853256e-05], [0.07470844565810394, 0.04018398136772248, 3.9063468816903994e-05, 0.8850685095053566], [0.0004997794607270133, 5.743186745880297e-07, 2.6787449160714728e-05, 0.9994728587714377], [0.9396339772473862, 0.01897040620348783, 0.02866954554509819, 0.012726071004027631], [0.0002483787872263371, 0.0023815992385261583, 0.9972912122589478, 7.880971529977025e-05], [9.335253574843136e-06, 1.0500493842864586e-05, 4.1425740735911096e-05, 0.9999387385118464], [0.04530938340651055, 0.029556432838844588, 0.04798216729615672, 0.8771520164584882], [2.4809872662663258e-05, 0.9999364927276573, 2.874365843469978e-05, 9.953741245281038e-06], [0.22700080372859072, 0.7705171680761421, 0.00041912891562016275, 0.002062899279647029], [0.007675592577513445, 4.0485664174767924e-06, 1.4124295773990845e-06, 0.9923189464264917], [0.24769380814102435, 0.017260273859203177, 0.02808475144784156, 0.706961166551931], [0.9956253245307815, 2.1127196066244277e-05, 8.100242128006934e-07, 0.004352738248939611], [0.003411846743427228, 0.549839953527111, 0.07292986926300742, 0.3738183304664544], [0.0030353773131717864, 0.017026339976379045, 0.7806274368960303, 0.1993108458144187], [0.8296421568543019, 1.1242042521941465e-06, 2.5879089889140013e-05, 0.17033083985155673], [0.021979028373049367, 3.495358486519249e-05, 0.9718406159431171, 0.006145402098968312], [0.9977046382536653, 0.0016461588631414771, 0.0001297431454050662, 0.0005194597377884058], [0.21210790980285202, 0.060454287687244083, 0.002261863935155647, 0.7251759385747483], [0.04768980898759851, 0.0326981012261253, 0.4576365473409434, 0.46197554244533284], [1.0967858104873129e-06, 2.2522160347970062e-05, 0.8577596259966097, 0.14221675505723191], [0.16570428244510757, 0.021411554347334893, 0.01430276300755762, 0.7985814002], [0.0360371254848261, 0.8738563204518214, 0.08466471314354831, 0.005441840919804289], [0.0057494235920378875, 0.007853605139747118, 0.24364819647888428, 0.7427487747893307], [0.02598066477233164, 0.017640246511231465, 0.952779285760852, 0.003599802955584934], [0.7272075626418817, 0.0012729297185846125, 0.13904485649487858, 0.13247465114465512], [0.2526916572608523, 0.7298731448260001, 0.00017367148891219987, 0.017261526424235354], [0.009177367262670676, 2.249507166973471e-05, 0.00019238549719027788, 0.9906077521684693], [0.32861891010845545, 0.6646876355666308, 0.00011061717026906037, 0.006582837154644723], [0.9975234648244228, 0.0024126767010333094, 6.230845822052215e-05, 1.550016323326462e-06], [0.95649092372775, 0.00019921164666686597, 6.078784378349986e-05, 0.043249076781799706], [0.007914654072912036, 0.01904281497808437, 0.0006872061792561946, 0.9723553247697473], [0.9446706394901303, 0.024789214046572194, 0.02648255892604247, 0.004057587537254966], [0.014830765713518724, 0.00039997725512678676, 0.020576917329184163, 0.9641923397021702], [0.7200588657231513, 0.26345583596119837, 4.311007427570802e-05, 0.016442188241374688], [0.02638503373833404, 0.41137876796505, 0.002476999608035854, 0.55975919868858], [0.9180132518657199, 0.0006321578180766761, 0.006260008980862821, 0.07509458133534072], [0.009075632747463539, 0.005504857197495767, 0.6997045290147147, 0.2857149810403261], [0.00037008512656046944, 2.5569323560042916e-06, 1.4424792195235098e-06, 0.999625915461864], [0.7334698319437573, 0.029212425230578876, 0.07138199471284834, 0.16593574811281545], [0.00019832563337999289, 0.04741450891819934, 6.65185696635309e-05, 0.9523206468787572], [0.9602479056945776, 0.003309836710883526, 2.078959409161961e-05, 0.03642146800044715], [0.0014172952669341905, 0.09114709886947434, 0.001257708005074553, 0.9061778978585169], [3.762722048131129e-07, 0.2112942126079684, 0.7870853048999987, 0.0016201062198280209], [0.0008086086263742817, 0.19158001994703916, 0.03762289972490299, 0.7699884717016836], [0.032420970003759084, 0.23026186760827358, 2.2799893716479037e-05, 0.7372943624942508], [0.27943140042729986, 0.03216552125410787, 0.004273847772595907, 0.6841292305459964], [0.6186241362939228, 0.06219197008290104, 0.08607726378750272, 0.23310662983567346], [1.561582938219539e-06, 0.9844790697319805, 1.3511835539429762e-05, 0.015505856849541994], [8.850302193531217e-06, 0.9548143964325516, 0.0002971288095589345, 0.044879624455696016], [0.04337991076045452, 0.5972833019771301, 5.373755175323285e-05, 0.3592830497106623], [5.3170864084033696e-05, 0.33453671191323364, 0.66489902500508, 0.0005110922176024235], [0.03618688622563905, 0.026851480437067102, 0.514180176824527, 0.42278145651276683], [0.006952383709035233, 0.6253377385971299, 0.2248839822351242, 0.14282589545871058], [0.00010955001368230256, 0.000542019475666687, 7.793531107163969e-07, 0.9993476511575402], [0.0154401459253431, 0.07401568424830197, 0.12868530037116163, 0.7818588694551933], [0.0018454060124262863, 0.9963445108944546, 3.0232049789369464e-05, 0.0017798510433296214], [9.11685632016192e-06, 9.976123321535025e-05, 8.970210642663118e-07, 0.9998902248894002], [0.000708135828238375, 0.009046608543712241, 0.8123961343315748, 0.17784912129647462], [0.9884335509876374, 6.608256808913424e-07, 6.054636247927097e-06, 0.011559733550433784], [0.8905081425227767, 0.003116970702744536, 0.08229341803234817, 0.02408146874213071], [0.9603451416615143, 0.000133723777656419, 0.013937436933230069, 0.025583697627599152], [0.016422645045572552, 0.6317236380990455, 0.3512455230257993, 0.0006081938295825903], [0.001045350479375663, 0.8074657521805408, 0.18162952634776228, 0.00985937099232122], [0.028165884517479617, 0.0001847950254208128, 0.052107815949971534, 0.919541504507128], [0.8025715786667607, 0.09720887929762885, 4.292859554607456e-06, 0.1002152491760559], [0.49781820101475543, 0.08630270801638679, 0.4155080269673427, 0.0003710640015150922], [0.01093462109067614, 0.0043391954818317235, 0.8825733202415404, 0.10215286318595157], [5.696711902090952e-05, 0.9987839444448666, 0.001156250503868833, 2.837932243539312e-06], [5.75334249603475e-07, 1.7556617578000595e-06, 4.353749641301662e-06, 0.9999933152543513], [0.12762229553592966, 0.0007393012783679977, 0.09516893045495875, 0.7764694727307435], [2.637179656208513e-05, 0.0010302831493114897, 0.9989088469731541, 3.449808097235425e-05], [8.002138944790502e-05, 7.694503988513778e-08, 3.1420766684878024e-08, 0.9999198702447454], [0.6471370163993304, 0.00044518930027162427, 0.007672270025578766, 0.34474552427481914], [0.2909825117238449, 2.69464966231971e-07, 1.4817569151262183e-06, 0.7090157370542738], [0.0004723948012332382, 0.126166930968069, 0.803640195345455, 0.06972047888524265], [0.12300351376809031, 0.0009113977142230367, 0.0038700414686062383, 0.8722150470490805], [0.9958608208937757, 0.0035593429723083823, 9.39228366920384e-09, 0.0005798267416323574], [0.45346387505376295, 0.003980951480429894, 6.264142022359558e-05, 0.5424925320455836], [7.833099218314515e-05, 0.0011653465121696206, 7.165175136961011e-06, 0.9987491573205102], [0.418285239341025, 0.5815564230029345, 5.823773198216197e-05, 0.0001000999240583198], [0.0001362780089881966, 0.004525165914599048, 1.7714678223596645e-05, 0.9953208413981891], [0.7771997723038642, 9.256277479344713e-05, 0.00012293036638953817, 0.22258473455495278], [0.28384925306315945, 0.0005485598321273817, 0.016009576228911367, 0.6995926108758018], [0.9991078300668346, 0.000776635677744236, 6.002078558637652e-05, 5.5513469834688965e-05], [2.2334190876570947e-06, 0.007364824030156758, 2.346281749495171e-08, 0.992632919087938], [5.27793009698512e-05, 1.4927347042079649e-05, 0.9625046985308245, 0.03742759482116371], [0.12924968407835416, 0.19909811721857132, 0.5279848440347662, 0.14366735466830835], [0.9078991516872823, 0.0034652550842665395, 0.00028116263106321547, 0.088354430597388], [0.2693659652232836, 0.7305827272472749, 3.756288075311688e-05, 1.3744648688436926e-05], [0.0839192313485637, 0.5876125247138482, 0.149604315590756, 0.17886392834683215], [0.9953847763842898, 2.3527731699035017e-05, 2.6753163077463855e-06, 0.004589020567703414], [0.04056928779833175, 0.7123316777904831, 0.23864569598670038, 0.00845333842448468], [0.8167265728652617, 0.1814175992566497, 0.0004913821107785802, 0.00136444576730994], [0.36008515201658725, 7.991373193790779e-05, 0.639675164720631, 0.0001597695308438469], [0.3705402843756828, 0.0406475928377384, 0.0031142650072943784, 0.5856978577792843], [0.0012555977060800395, 0.012999455633460996, 0.9754292218164922, 0.01031572484396692], [0.002901775372305938, 0.9960711020736928, 0.000396896935120787, 0.0006302256188805016], [1.4737362593489177e-05, 0.9384072003561165, 0.01138133084198447, 0.050196731439305683], [4.9587066030459795e-08, 0.9086330678238579, 0.00048665751321126454, 0.09088022507586496], [2.427950660664497e-09, 1.4580776179973562e-07, 0.9999679413337844, 3.1910430503158524e-05], [0.8955020829602524, 0.10375900162325864, 0.0004356401667531097, 0.00030327524973602454], [0.988357256290211, 0.005940646142476311, 2.4790262085455624e-05, 0.005677307305227242], [0.8233811642604157, 0.003664979098885382, 0.003988629493690964, 0.16896522714700782], [0.4583177266326807, 0.5389376134599342, 0.002505523642673061, 0.00023913626471183116], [0.00017663290885230686, 0.9990967655544646, 3.187883469483654e-05, 0.000694722701988222], [0.3621690640979337, 0.033340872321466854, 0.004371988778152165, 0.6001180748024472], [0.0010600342468124536, 0.18070035494156658, 4.964929272402849e-05, 0.818189961518897], [0.04789813105160431, 0.012772426645591998, 0.0001381843404691715, 0.9391912579623345], [0.07218642799182455, 7.422063194552249e-05, 1.2005516814664839e-06, 0.9277381508245485], [0.20545145267194004, 0.7650847027183122, 0.0007933264089499833, 0.028670518200797943], [0.10679451164630635, 0.4324557608291651, 0.008802415090007388, 0.4519473124345212], [0.14825056524497723, 0.30443082594371856, 0.5275034005021244, 0.019815208309179752], [0.0005133646563114553, 0.024383615230234246, 0.0005080091138368675, 0.9745950109996174], [0.11668574934790324, 0.18687763718876244, 0.0009248510127186959, 0.6955117624506156], [2.9649355302111083e-05, 0.12544247502753608, 0.00026445049002555925, 0.8742634251271363], [0.01907002182672873, 0.8644108704462843, 0.11648006720288334, 3.904052410361892e-05], [0.0015191014937056527, 0.03263780607930134, 0.09219504149706483, 0.8736480509299281], [6.562149507730814e-05, 0.00036396002943379, 6.496568998759245e-05, 0.9995054527855014], [0.9895877549850893, 0.000153702481469893, 4.356606682151387e-06, 0.010254185926758702], [0.0011652004989925657, 0.07228717025343735, 0.9262173192935292, 0.00033030995404075757], [0.9471585754718395, 0.01740562121336587, 2.7796354690193136e-05, 0.03540800696010437], [0.004976762012579934, 0.7664440540705261, 0.12082290659665569, 0.10775627732023824], [0.9878208217281145, 2.9342314827230422e-05, 0.0014746042639137752, 0.010675231693144724], [0.0008075110041993799, 0.014317652384852593, 0.9847768970688869, 9.793954206107793e-05], [0.0006952682905270909, 7.947323163746757e-05, 0.9986013688337021, 0.0006238896441334384], [0.9995736392480938, 4.618743608208081e-05, 0.0003792712517169851, 9.020641070942979e-07], [0.00017104492944335604, 0.19651192919796748, 0.45682106980224585, 0.34649595607034334], [0.2072281290848749, 0.7138337304572085, 0.0005678578936869788, 0.07837028256422952], [0.2285705778652218, 1.4767786504966578e-06, 0.2697227113009144, 0.5017052340552133], [0.0004418027913481774, 0.9990951330790334, 9.078022157658523e-05, 0.00037228390804178396], [0.00020344162347685554, 0.35903965774510227, 0.005549825921469875, 0.6352070747099511], [0.562259841968574, 0.053813229542601225, 0.02846980089505974, 0.3554571275937649], [0.1475240364229917, 0.6772305083884155, 0.1451526453273539, 0.030092809861238926], [0.0028738879118016675, 4.9123103418112124e-05, 0.7655722275312059, 0.23150476145357446], [8.289610884306191e-05, 0.02136955418019219, 6.909968163315936e-05, 0.9784784500293315], [0.0003248668929510407, 0.0005280420836260359, 0.0009964371753187406, 0.9981506538481042]]}, "rewritten": {"ids": ["97105451", "97105580", "97107681", "97112170", "97112830", "97114170", "97116410", "97116790", "97116800", "97118210", "98107010", "98108370", "98109090", "98111231", "98111620", "98111860", "98112580", "98116500", "98117740", "99107640", "99108010", "99111440", "99112840", "99116500", "100107920", "100108580", "100109330", "100109360", "100111380", "100111620", "100115700", "100117420", "100120780", "101108080", "101108460", "101109370", "101110150", "101112160", "101115190", "102109010", "102110050", "102110240", "102112030", "102112170", "102112250", "102117351", "103110100", "103110760", "103113260", "103120290", "103120340", "104111550", "104111620", "104111990", "104114410", "104116800", "104118340", "105110251", "105111990", "105112130", "105116650", "105116860", "105117431", "106115240", "106116370", "106117790", "106119580", "106121190", "107113200", "107113360", "107113550", "107114140", "107114200", "107114621", "107115140", "107116501", "107119950", "108114200", "108114270", "108115250", "108115870", "108117720", "108118630", "108121160", "109115070", "109116040", "109117150", "109117271", "109118231", "109119340", "109121351", "109121410", "110115250", "110115980", "110116290", "110116501", "110117110", "110117200", "110117870", "110118161", "110119300", "110120531", "111114941", "111115770", "111116010", "111116530", "111116750", "111117120", "111117571", "111118820", "111119300", "111119950", "111120320", "111120531", "111121190", "111121410", "112116810", "112116850", "112116880", "112116990", "112117571", "112117660", "112117790", "112118550", "112118620", "112118810", "112119500", "112119950", "112120630", "113117340", "113118490", "113118810", "113119320", "113119480", "113119930", "113120540", "113120830", "113121220", "113121410", "113122190", "113122510", "113122650"], "labels": [0, 1, 3, 0, 2, 2, 3, 2, 0, 2, 3, 1, 1, 1, 3, 0, 2, 2, 2, 1, 2, 3, 2, 2, 0, 0, 0, 0, 3, 3, 1, 2, 1, 0, 0, 1, 1, 3, 1, 1, 3, 3, 2, 3, 0, 1, 1, 1, 3, 2, 1, 1, 0, 2, 1, 1, 2, 0, 2, 1, 1, 2, 1, 1, 2, 1, 3, 2, 0, 0, 0, 2, 2, 0, 0, 1, 3, 0, 3, 1, 3, 1, 1, 2, 0, 0, 2, 0, 1, 3, 0, 0, 1, 1, 2, 3, 0, 3, 3, 0, 1, 0, 0, 3, 1, 3, 3, 2, 3, 0, 1, 0, 1, 0, 1, 0, 3, 0, 0, 0, 3, 0, 3, 3, 3, 3, 2, 0, 3, 2, 1, 3, 1, 3, 1, 3, 3, 3, 0, 1, 2, 2], "predicted_labels": [0, 2, 2, 0, 2, 3, 3, 2, 0, 2, 2, 2, 2, 0, 2, 2, 1, 1, 1, 3, 2, 0, 0, 1, 0, 2, 0, 3, 0, 1, 1, 2, 3, 0, 0, 1, 3, 2, 1, 1, 3, 3, 1, 3, 2, 3, 0, 1, 1, 1, 3, 2, 3, 0, 3, 3, 1, 3, 0, 3, 0, 0, 1, 0, 3, 2, 0, 3, 3, 2, 2, 1, 0, 1, 3, 0, 3, 1, 0, 0, 2, 3, 3, 0, 1, 3, 0, 3, 1, 3, 3, 0, 3, 3, 2, 3, 2, 0, 1, 0, 3, 3, 3, 1, 1, 1, 3, 3, 1, 0, 3, 3, 3, 1, 3, 1, 1, 3, 1, 0, 3, 3, 0, 0, 3, 1, 1, 0, 1, 2, 1, 3, 0, 0, 0, 0, 3, 3, 3, 1, 0, 0], "confidence_scores": [[0.9715404202069171, 0.00738524891656421, 1.17960713940021e-06, 0.021073151269379288], [0.046347125625790644, 1.5363035053693562e-05, 0.8468056082293471, 0.10683190310980849], [0.00024287749082422465, 0.0013731305298258967, 0.6918545941704627, 0.30652939780888716], [0.9588950029853583, 0.0028930022773949707, 0.010224352559615797, 0.027987642177630886], [0.0001222610369445923, 0.06782450451386152, 0.5060958100910858, 0.425957424358108], [1.539355573685695e-07, 0.23242090098147639, 7.853471250179798e-05, 0.7675004103704645], [0.0002640418679780625, 0.05000965546350974, 0.27597867481648225, 0.6737476278520299], [0.0035875828781364054, 0.0005503906667827592, 0.99229577597787, 0.003566250477210852], [0.8385258588946681, 0.008677335280984196, 0.137015282320343, 0.01578152350400469], [0.07389212294538797, 0.0034131111911577246, 0.9197205601855327, 0.00297420567792161], [0.0037747489477692273, 0.02620692899893734, 0.9427124837308245, 0.02730583832246895], [4.788625282056955e-07, 3.2735786499778276e-07, 0.9996890677176963, 0.00031012606191036885], [0.0010534174387363195, 0.003037054100432469, 0.7254964501503126, 0.2704130783105186], [0.8786619025486834, 0.11649603901232441, 1.1328270988689984e-05, 0.004830730168003387], [0.2672831405348558, 0.2609400262151337, 0.47144210223213673, 0.0003347310178738248], [0.0009311350180460279, 0.0006311892511946111, 0.9978934377261678, 0.0005442380045915463], [1.3125097811129477e-07, 0.9967070812965194, 0.0006983924078034317, 0.0025943950446989626], [0.007160586679286164, 0.9917376659338205, 0.00013206186545766958, 0.0009696855214356862], [0.005475836082524567, 0.7964091856005668, 0.18895912474262783, 0.009155853574280589], [0.00018802152186024666, 0.010470557445322656, 1.4632625897666613e-05, 0.9893267884069193], [0.02097913990367124, 0.18466886780386024, 0.7531523194810081, 0.041199672811460246], [0.9898157614011822, 0.0003902915052673736, 0.0032525459059540313, 0.006541401187596531], [0.484433395150683, 0.004332388290133056, 0.23503883842766898, 0.2761953781315149], [1.3940847563826557e-06, 0.9241385986950472, 0.0676354625715347, 0.008224544648661663], [0.9993440288188729, 0.00045779036407573036, 1.5541265010502155e-06, 0.00019662669055045196], [0.00019277703461239613, 0.41659734099418244, 0.5809401422223321, 0.0022697397488730983], [0.985853421233233, 0.0018145477998436886, 5.099993696997814e-05, 0.012281031029953223], [0.008130147714666388, 0.0014483592396994235, 0.40927912070138683, 0.5811423723442475], [0.9536460620549195, 0.04588780756676689, 8.101027701579842e-07, 0.0004653202755435145], [0.21829585522209977, 0.4425424874280196, 0.0771468414110675, 0.26201481593881326], [0.0011619264542380545, 0.9654691915361879, 0.03276714602306999, 0.0006017359865039366], [1.447732294817549e-07, 2.572166799235904e-06, 0.9997956258100914, 0.00020165724987972439], [0.00017791472675282788, 4.758331241842521e-06, 0.0003940672686106366, 0.9994232596733947], [0.9986255717645269, 3.880503421571553e-05, 5.29572135341287e-07, 0.00133509362912198], [0.807214169278645, 0.1522599239312239, 0.0014566380726558216, 0.039069268717475486], [0.006758555456415679, 0.8641607197750945, 0.12579345202989797, 0.0032872727385919237], [0.00014856640500438334, 0.06650448004340839, 0.008068162789274065, 0.9252787907623132], [0.00042578647183495787, 0.0836341950710346, 0.5111348193536818, 0.40480519910344864], [0.002858030905366306, 0.6683244304086587, 0.32860995033552787, 0.00020758835044700196], [0.37467859902822503, 0.5864655896275457, 0.035243638278629294, 0.0036121730656000057], [0.004490029048027783, 0.000846123765509665, 0.03470196331203988, 0.9599618838744227], [0.19043424583168542, 0.0011154006831435683, 0.30664819146309985, 0.5018021620220712], [0.0032820120654787565, 0.8718337546279253, 0.050267100564785325, 0.07461713274181066], [0.009112257331672343, 0.0065949781748105805, 0.14784834594729984, 0.8364444185462172], [0.0020180936270570208, 5.520181330484617e-06, 0.9974165824498483, 0.0005598037417641188], [0.00013832391282636632, 1.3580430118561837e-07, 2.7419853992366704e-08, 0.9998615128630185], [0.5455404238867867, 0.423668105712012, 0.003288526695654666, 0.0275029437055466], [0.4263490039576824, 0.5528909150675088, 8.133781334149327e-05, 0.02067874316146736], [3.756980874717314e-06, 0.6356345444406412, 0.00010524049019125258, 0.3642564580882928], [1.3717297719614665e-06, 0.9775004519529774, 0.02240411918213158, 9.405713511913745e-05], [0.07972649174540156, 0.012534656368326512, 0.02578068924517122, 0.8819581626411007], [0.2702080753123479, 0.008752155991904013, 0.720965559720314, 7.420897543425929e-05], [0.0002117488665263655, 0.001622840847828657, 9.422905708245656e-07, 0.9981644679950742], [0.9945012261406634, 0.005156010080895507, 0.0003404024954179862, 2.361283023215511e-06], [0.016687081618489214, 5.069912476279603e-05, 0.0002953267639633888, 0.9829668924927847], [0.09503240106049471, 0.1711758969897337, 0.00023075752371911758, 0.7335609444260525], [0.04610195410613399, 0.9533079438570972, 0.0005491958890465774, 4.0906147722377134e-05], [0.007198501906663678, 0.004105084239953472, 3.7952761577444146e-06, 0.9886926185772251], [0.49935350827949065, 0.004553465426611114, 0.0011640264119939785, 0.49492899988190425], [0.00545000784102705, 0.3080793421287356, 0.0007151427200569587, 0.6857555073101804], [0.5432620131391976, 0.003708647798621149, 0.22804752915135043, 0.22498180991083072], [0.707773798153438, 0.2616754804560349, 1.3089206675052504e-05, 0.030537632183851873], [7.684542283756866e-05, 0.771955357541184, 0.19205841185841835, 0.035909385177559996], [0.9992292368421406, 1.1686025548231251e-05, 0.0007589458292143352, 1.3130309683648072e-07], [0.0005681414788340981, 0.015982760460566587, 0.011997654629920541, 0.9714514434306788], [0.00015021917482705384, 0.015746237575604387, 0.9840905075713813, 1.3035678187280341e-05], [0.5636573707893626, 0.04915773588317536, 0.35169923675562886, 0.035485656571833196], [0.0004862655694636888, 0.08344167810663136, 0.3719992031206266, 0.5440728532032783], [0.15434691629430414, 0.0005863681845583877, 0.00013452549516009113, 0.8449321900259774], [0.0008790826209180022, 0.027850722239337683, 0.9449292098827852, 0.026340985256959142], [0.0789292649789502, 0.01322415546522021, 0.7043325044691021, 0.2035140750867275], [0.000607333332697231, 0.9969814021657719, 3.0841840673046704e-05, 0.002380422660857759], [0.8945750314652131, 0.10507856444259975, 0.00015615431749163697, 0.0001902497746954317], [0.16363744604854844, 0.7541822215067797, 9.290216225622432e-05, 0.08208743028241554], [3.1390388463437552e-06, 8.96152444096364e-07, 5.944374535939322e-05, 0.9999365210633503], [0.6901372265735891, 0.07445895345000773, 0.0004305913821774823, 0.2349732285942256], [9.519971557451926e-05, 2.6649267771094782e-05, 0.001639281439389236, 0.9982388695772652], [0.36214031261397134, 0.6309579367834388, 0.0041167419996382265, 0.0027850086029515106], [0.9575180327740155, 0.00414649368506027, 6.125004478489527e-05, 0.03827422349613939], [0.9981983207791089, 0.0011984002742308978, 0.00018441508439137955, 0.00041886386226902274], [0.0034763803814934747, 0.00024780010185315, 0.5889313084141754, 0.40734451110247805], [0.07895167543530908, 0.16858607401802297, 0.038409130158781404, 0.7140531203878866], [0.0005720332912055009, 0.003296894587573139, 0.0010711707415349654, 0.9950599013796865], [0.6854461182568091, 0.2807942820015235, 0.0003863421186584446, 0.03337325762300902], [0.0004914999943144804, 0.9992210889977996, 7.757243735288306e-05, 0.0002098385705331748], [0.06591202998170446, 0.13051869634218985, 0.020104292478259025, 0.7834649811978466], [0.9251563254567187, 0.0010923568646312354, 0.00016572842458612258, 0.0735855892540639], [0.018625783781541897, 0.000617782454007377, 9.030563942430665e-05, 0.9806661281250264], [0.013505979685520978, 0.9068682794520697, 0.009972926466702297, 0.06965281439570699], [0.004145428720255315, 0.035903973025985726, 0.0007595826442268343, 0.9591910156095321], [0.00035658232706072413, 0.005823841594958036, 0.00029205690523306956, 0.9935275191727483], [0.6853085784648755, 0.0010717840571479278, 2.2899194980687434e-05, 0.3135967382829958], [0.00397560247135447, 0.05067349913234896, 0.0004517283991066808, 0.9448991699971898], [0.10976960396359368, 4.392232704669403e-06, 1.3506316270586356e-05, 0.890212497487431], [0.0079054859598627, 8.469055884355678e-05, 0.9919741744041003, 3.5649077193410305e-05], [5.9597638179656514e-08, 0.017317519629388496, 2.107956508543097e-08, 0.9826823996934083], [0.004320124784464653, 0.00011216074975426849, 0.9955597282936356, 7.986172145351586e-06], [0.5109366213353743, 0.02769196829258935, 0.049895037819071335, 0.4114763725529651], [0.00034309851625896333, 0.7734209130867912, 0.015438328136705124, 0.21079766026024468], [0.7488450166135274, 0.02756881017778339, 0.2003771872074783, 0.023208986001210834], [0.016201247445324717, 0.4516722780275558, 0.021545613616692952, 0.5105808609104265], [2.963785931158363e-06, 1.55350464784037e-05, 1.2463138515649132e-07, 0.9999813765362053], [0.18524484302990432, 7.681197088488978e-06, 1.1163479608658865e-05, 0.8147363122933985], [0.2906717438840714, 0.5970624272110163, 0.00015368400680221625, 0.11211214489811011], [0.00032371091775175166, 0.9995131686921855, 0.00015292678344713833, 1.0193606615485427e-05], [0.09396077081181735, 0.9059703535261746, 4.785619312277069e-05, 2.1019468885140855e-05], [0.004265812675110424, 0.00017983999526915553, 0.00806211697786185, 0.9874922303517587], [0.09694666902942381, 0.23143396423812113, 0.0011159833784705898, 0.6705033833539845], [0.4334782010543656, 0.5247554023367819, 0.000881067842073483, 0.04088532876677907], [0.7873909525141803, 3.3829363489444243e-06, 0.000107025748811765, 0.21249863880065895], [1.0086941530268885e-05, 0.0001445881657918394, 0.0011388256589558454, 0.9987064992337221], [0.17697041373370548, 0.002373893934688009, 0.008731723891337749, 0.8119239684402687], [0.00036266453501122956, 6.866966610477772e-05, 0.002018743237192027, 0.997549922561692], [0.00042724484643937775, 0.748739408069798, 0.028285693372946605, 0.2225476537108162], [0.37807865804070034, 0.0003536994147840491, 0.001458377872710832, 0.6201092646718047], [0.01145070892638944, 0.9850640194338011, 0.0034668577212628726, 1.8413918546702006e-05], [0.012457582121490984, 0.933981766965913, 0.04918628953125335, 0.004374361381342817], [0.0019993239060723668, 0.12079253063941492, 0.020976505751775464, 0.8562316397027373], [0.18798156652309347, 0.4813272274410093, 0.3306388360847979, 5.236995109927758e-05], [0.9960582512170687, 0.0010475529285368366, 0.0006972517994621899, 0.0021969440549322043], [0.00010882135268178126, 0.4397470915030133, 0.016885971736839856, 0.5432581154074652], [0.012007711792359769, 0.12632908018016772, 0.013472049540345397, 0.8481911584871271], [0.6072182650895406, 0.09057403978512948, 0.0004891715569707668, 0.30171852356835926], [0.9336522040408995, 2.43337368275305e-06, 1.3483895933280428e-05, 0.06633187868948445], [0.020759470836034973, 0.009835061987842238, 0.006196864412900538, 0.9632086027632223], [0.022056032454477698, 0.8517908936770505, 0.0003112675801189282, 0.12584180628835298], [0.0076501858288640055, 0.9305203813584542, 0.06180961608293116, 1.9816729750686086e-05], [0.9826828465825683, 0.00020748054873265953, 4.1117957703022795e-05, 0.017068554910995938], [8.789213360652594e-05, 0.9084959277009467, 0.03581323029296943, 0.05560294987247717], [1.171826723868568e-05, 0.005279363298548612, 0.9083809933767788, 0.08632792505743384], [0.024481950560619754, 0.4670846856201478, 0.4132492694263831, 0.09518409439284942], [0.002302265400643219, 0.0005711356199313781, 0.0009530446505092535, 0.9961735543289162], [0.9440277529445817, 0.0005943241318498088, 1.0754873998146507e-05, 0.05536716804957035], [0.9704026041053361, 6.336682418101176e-05, 7.584033763259057e-06, 0.029526445036719685], [0.7611335470656051, 0.2387816334670308, 3.9549163994504625e-05, 4.527030336980318e-05], [0.9931742981924193, 0.0001617446140440538, 2.904328207999317e-07, 0.0066636667607160435], [0.37046366652348234, 0.0008768965489646232, 0.03425445441355155, 0.5944049825140015], [2.9923055429506264e-08, 0.00014937935761567044, 0.003957787594388419, 0.9958928031249404], [0.0006057131420444084, 8.634619825861471e-08, 9.778161182997627e-08, 0.9993941027301454], [0.3834256500789042, 0.5014943548613587, 0.06647430205919479, 0.04860569300054219], [0.9616716939045772, 0.008916018962022272, 0.029339780876538553, 7.250625686192489e-05], [0.743373016946355, 0.09685266456491845, 0.03708720887317073, 0.12268710961555573]]}}