{"test": {"ids": ["97112170", "112117660", "101110150", "112118880", "109115211", "109120621", "111120260", "105110091", "104118340", "106119990", "100109330", "113117340", "112119610", "110114950", "101115190", "109114030", "99105921", "111114171", "107120880", "101110740", "102112170", "102121700", "113118810", "105113330", "99109910", "97109570", "110113931", "99112300", "113120601", "99119830", "110117500", "105118230", "105118740", "112116401", "111120640", "98108150", "111120280", "102110850", "107121230", "113118870", "102112030", "112119930", "101111310", "113122180", "112119320", "102116340", "112116501", "103111990", "99109161", "107118520", "101114990", "97105760", "105113190", "101109370", "105121190", "102109910", "111118810", "106117650", "110117110", "109116170", "107114280", "98108410", "102109010", "105116650", "112117580", "109113881", "107113360", "108121190", "97106820", "102113210", "113119950", "101111990", "101113210", "108113480", "99121440", "111118910", "103109641", "97107040", "106114011", "113121220", "108116501", "105113210", "112118511", "111115780", "111119950", "109115220", "101108121", "110115710", "107117010", "110114651", "106114880", "111116110", "105113260", "112119120", "110116300", "108120060", "113121980", "107113200", "107114490", "112116880", "105115250", "102110050", "109120560", "111116040", "99107500", "113118630", "99109311", "104114740", "110118161", "108115870", "100116500", "106116441", "108118291", "110121450", "101112690", "108117720", "112118930", "98112580", "106117790", "108120280", "110115250", "100109890", "105116090", "105117351", "104119340", "98108970", "101109000", "109121351", "112118860", "99111620", "108114670", "104111531", "99109740", "97116401", "97113260", "110118930", "112120270", "101112201", "111119610", "99108010", "110117870", "109117730"], "labels": [0, 0, 1, 1, 0, 1, 3, 0, 2, 0, 0, 2, 0, 0, 1, 1, 1, 3, 1, 3, 3, 1, 3, 3, 2, 0, 1, 0, 2, 1, 1, 1, 1, 0, 0, 0, 0, 3, 0, 0, 2, 1, 3, 2, 1, 3, 3, 2, 3, 2, 3, 0, 3, 1, 2, 2, 0, 1, 0, 0, 3, 1, 1, 1, 0, 0, 0, 1, 1, 3, 0, 2, 3, 0, 2, 0, 1, 2, 1, 3, 0, 3, 1, 1, 0, 3, 0, 2, 1, 3, 0, 3, 3, 1, 3, 1, 2, 0, 3, 0, 2, 3, 1, 0, 0, 3, 1, 2, 0, 3, 2, 0, 3, 3, 1, 1, 1, 2, 1, 3, 1, 3, 1, 0, 1, 3, 1, 0, 3, 3, 3, 0, 3, 3, 1, 1, 0, 0, 2, 2, 3, 3], "predicted_labels": [1, 3, 1, 3, 3, 3, 3, 0, 3, 1, 1, 3, 1, 3, 0, 1, 1, 1, 3, 3, 0, 3, 1, 3, 0, 2, 3, 3, 3, 3, 3, 1, 1, 3, 1, 2, 1, 1, 3, 1, 2, 3, 1, 1, 3, 1, 3, 3, 1, 1, 1, 3, 0, 1, 3, 0, 0, 1, 1, 1, 1, 1, 1, 1, 1, 3, 1, 1, 3, 1, 3, 3, 1, 3, 1, 3, 1, 2, 1, 3, 1, 1, 3, 1, 0, 3, 1, 3, 1, 3, 1, 3, 1, 3, 3, 1, 1, 3, 1, 1, 3, 1, 3, 3, 3, 1, 1, 1, 1, 3, 2, 1, 1, 3, 3, 3, 3, 1, 3, 3, 3, 3, 3, 3, 1, 1, 1, 1, 1, 1, 1, 1, 3, 1, 3, 1, 3, 1, 3, 1, 3, 3], "confidence_scores": [[0.2523636342528751, 0.312323319663203, 0.1364427479829368, 0.29887029810098475], [0.2600490245789182, 0.2896881624555309, 0.11217979308334697, 0.33808301988220396], [0.24676434436007763, 0.3343331165595543, 0.10177848539959936, 0.31712405368076857], [0.29396029880058067, 0.29958241662122254, 0.08028249841667502, 0.32617478616152185], [0.19582786463740195, 0.27265917574510207, 0.17759900729471798, 0.35391395232277817], [0.2639755144685186, 0.2600727065139127, 0.1970740280811284, 0.2788777509364404], [0.2762180763313036, 0.2679709349912008, 0.14447087531043737, 0.31134011336705797], [0.32543714020974207, 0.27721344933253117, 0.11990134627018867, 0.277448064187538], [0.18742295658208288, 0.2942495417546334, 0.1496743715496338, 0.36865313011364986], [0.2877955525248796, 0.2824963195873721, 0.14490623991209178, 0.28480188797565675], [0.2995493771970694, 0.3010114760425446, 0.11175159821528248, 0.28768754854510376], [0.2067896217479482, 0.33968817474666524, 0.08684482304388758, 0.36667738046149884], [0.1501330928912802, 0.3077098128898283, 0.26190592668505275, 0.2802511675338387], [0.2833479630058153, 0.27170948328063826, 0.0975607308679033, 0.3473818228456432], [0.23887800468949275, 0.24310520987185236, 0.2832540158491461, 0.23476276958950873], [0.1845545230518971, 0.2918091526167985, 0.2782291631111874, 0.2454071612201172], [0.22307832992204402, 0.32171611812269124, 0.21661979337800813, 0.23858575857725664], [0.2964676787893106, 0.31549794220589866, 0.07771240443898669, 0.31032197456580424], [0.13348103703949768, 0.26333352571079804, 0.30087728302240374, 0.30230815422730073], [0.17348490356742455, 0.2901294934929286, 0.20815188564136486, 0.3282337172982821], [0.2881023617455418, 0.2281480513246777, 0.20091578197831278, 0.28283380495146787], [0.21520605301599713, 0.29160305880497006, 0.1766923989805953, 0.3164984891984371], [0.2373044536477199, 0.31769605965934933, 0.16054894459508962, 0.284450542097841], [0.2621455166449431, 0.2712707652432005, 0.11013936963493771, 0.35644434847691847], [0.23866376762817756, 0.24101199820715835, 0.34551334572035564, 0.1748108884443087], [0.21904379210144553, 0.237085074259935, 0.3315713289918291, 0.21229980464679032], [0.22199485761092166, 0.2846755690578528, 0.15155481108035854, 0.34177476225086684], [0.19669575172724182, 0.2681501347464878, 0.2408496046635099, 0.2943045088627603], [0.1889922709750979, 0.2846621250281222, 0.22576793125672012, 0.30057767274005986], [0.18872845911511948, 0.26699541705952995, 0.29369704383378087, 0.2505790799915696], [0.2340309269117018, 0.30904377835732144, 0.11219776071774445, 0.3447275340132322], [0.23767525973484882, 0.30924299223836726, 0.17295787860793047, 0.28012386941885337], [0.22513463130740297, 0.29337723727973586, 0.23021929127375865, 0.25126884013910245], [0.28721670159184787, 0.26385375648840304, 0.08984801604247825, 0.35908152587727105], [0.1760354209340374, 0.3040538132647057, 0.2464092009586924, 0.2735015648425645], [0.14987218663725338, 0.2551774833398762, 0.37941438235571645, 0.2155359476671542], [0.24007585129884626, 0.30499916332834154, 0.13809217638150798, 0.31683280899130417], [0.18812987395878764, 0.2840945357003482, 0.26336714408298434, 0.26440844625787974], [0.2519067131448029, 0.29835488340642835, 0.09084480502391472, 0.35889359842485424], [0.2486378212493709, 0.3130753589280669, 0.13339522599803885, 0.30489159382452335], [0.17517953993318683, 0.24500111390907944, 0.35110665200502994, 0.22871269415270348], [0.1493358252796066, 0.2331508727080502, 0.3524481997019432, 0.26506510231039987], [0.17066112254433488, 0.2753038825523183, 0.3291760997491627, 0.224858895154184], [0.17029529405771474, 0.28943272877989945, 0.2595952048982961, 0.28067677226408944], [0.14041492082222748, 0.3266082417404345, 0.152329577852614, 0.3806472595847235], [0.20687728489430998, 0.2768588192616296, 0.2623904043694474, 0.2538734914746129], [0.285147131486239, 0.29423729895034534, 0.08746720639457745, 0.33314836316883806], [0.18834613828383798, 0.2741688739650551, 0.2713139276616629, 0.2661710600894439], [0.24127639213518737, 0.301834872585126, 0.2367991097216895, 0.22008962555799724], [0.3054551064766152, 0.31136087313841393, 0.10795972156700445, 0.2752242988179665], [0.12014363372704169, 0.303699688682539, 0.36159568463298075, 0.21456099295743877], [0.27703276376481734, 0.3043141581429486, 0.08388346585249899, 0.3347696122397351], [0.2977616431128443, 0.25684944861713366, 0.15061103045716542, 0.29477787781285675], [0.1996212791772825, 0.2757745963998554, 0.3114522819684562, 0.2131518424544062], [0.1620031806622955, 0.29142342803380716, 0.24973165698317937, 0.29684173432071814], [0.2737507538398651, 0.25743575160933263, 0.1951286785840113, 0.27368481596679106], [0.29151712870685964, 0.2503254935268198, 0.19871694495914202, 0.25944043280717866], [0.13179169903550114, 0.31958325715454955, 0.2910714816750714, 0.2575535621348782], [0.2639753657307215, 0.3285149444782087, 0.10209695503846347, 0.30541273475260644], [0.2997930044890641, 0.3203883254807694, 0.06305783000979358, 0.3167608400203728], [0.20304899406592256, 0.2869547815405284, 0.24642380716212905, 0.26357241723142005], [0.2555258528570366, 0.29333207149601415, 0.15303525413589153, 0.2981068215110579], [0.2190146970614453, 0.2751938975644577, 0.2828998598420117, 0.2228915455320854], [0.15932854735926255, 0.31038858358628396, 0.2520680720286752, 0.27821479702577834], [0.28163061334743933, 0.30922085518107084, 0.10167231320052796, 0.30747621827096167], [0.20937506978459233, 0.25339039298332383, 0.3048576556171618, 0.23237688161492195], [0.2387016019962434, 0.3116638969043763, 0.124951004078342, 0.32468349702103827], [0.18555763530214606, 0.28877286173219935, 0.26127713341385256, 0.26439236955180195], [0.19821093008539337, 0.24946861843137239, 0.24171249792754856, 0.31060795355568555], [0.23297822654053427, 0.28181438040490414, 0.21523724029564856, 0.26997015275891345], [0.29266597675831474, 0.27908077037347034, 0.10500991754283191, 0.3232433353253831], [0.18353631204585527, 0.2438313728488654, 0.31202537090249705, 0.26060694420278213], [0.24611343182457918, 0.29403484645616007, 0.2105733457804525, 0.2492783759388084], [0.13729764663931057, 0.28155478256604866, 0.2851802949101074, 0.2959672758845336], [0.1741773388032469, 0.27099325807641583, 0.3329328848794067, 0.2218965182409304], [0.26298942488693505, 0.3144024894467162, 0.07629246611107308, 0.3463156195552758], [0.18992104002039747, 0.28401714129451466, 0.256203348872956, 0.26985846981213196], [0.1555145642125056, 0.2549506441370026, 0.36657134402619324, 0.22296344762429854], [0.16743559174708994, 0.3230832993444781, 0.2676708552716136, 0.24181025363681824], [0.21536615028309647, 0.30886686980855244, 0.14576817801492634, 0.3299988018934248], [0.2159800900047347, 0.30536404489877206, 0.19496614487733857, 0.28368972021915445], [0.28287279739218146, 0.2936501893032979, 0.14553127121798232, 0.2779457420865379], [0.18536168729340508, 0.29877538354336997, 0.19233121522550717, 0.32353171393771735], [0.2245820490661241, 0.30802365067323695, 0.2028860081936624, 0.26450829206697657], [0.29683244689514826, 0.2775856841315607, 0.16318683710298446, 0.26239503187030694], [0.2292610293116744, 0.2617188894081268, 0.19636803830938468, 0.31265204297081395], [0.2745900830489229, 0.30339503880141344, 0.12321178799088044, 0.2988030901587832], [0.2717183718491346, 0.27254325141514274, 0.144358046814726, 0.3113803299209967], [0.1870930570742927, 0.2877925565748258, 0.2951128735656288, 0.2300015127852531], [0.268908499305793, 0.28977404912603266, 0.10570975956312662, 0.3356076920050479], [0.1995691758001848, 0.3167743463851321, 0.2013874746683192, 0.28226900314636394], [0.16417594647172348, 0.2552211787094146, 0.26729708110506417, 0.31330579371379774], [0.2191705178008117, 0.30217191497829626, 0.21800590414995893, 0.2606516630709332], [0.21220298309069283, 0.30463402264941847, 0.159480224964844, 0.3236827692950448], [0.2327187450255673, 0.2678496369375424, 0.16151097381862364, 0.3379206442182666], [0.2767529893182875, 0.31546749708068994, 0.1603325111866294, 0.24744700241439327], [0.3065041292235378, 0.32639340237214076, 0.03554867916400433, 0.33155378924031687], [0.2773549726545359, 0.2972248932554324, 0.05162101875272132, 0.3737991153373108], [0.18208074246789943, 0.318516041165004, 0.18309221020508099, 0.3163110061620158], [0.1582850777595641, 0.2912814031705692, 0.2739117230597356, 0.27652179601013105], [0.1934799212454361, 0.27736437113755535, 0.22865130902127923, 0.3005043985957294], [0.23191977858433033, 0.2959720845144686, 0.255402833338345, 0.21670530356285592], [0.2844615237519723, 0.25503463553358935, 0.16392022038360077, 0.2965836203308373], [0.2907280590996693, 0.27453310667988623, 0.09579131898512454, 0.3389475152353201], [0.27343697853841886, 0.3055059462918731, 0.09405221914365426, 0.32700485602605384], [0.12203140144715288, 0.2899592370799974, 0.31515776361284026, 0.272851597860009], [0.2668951248263009, 0.3023686502662717, 0.14788858140471628, 0.2828476435027108], [0.18033198803207828, 0.30123536099781345, 0.22089737391777198, 0.29753527705233634], [0.24395827041878443, 0.33005485937969425, 0.14141638277076185, 0.2845704874307596], [0.2510241418883371, 0.29146790643443765, 0.1363217118845802, 0.32118623979264516], [0.1494082259506136, 0.2299156229405323, 0.4225787899190112, 0.19809736118984297], [0.21034941010596794, 0.3106318409337246, 0.19849708753745512, 0.28052166142285184], [0.2854664303321137, 0.3374653913174896, 0.07092014147768999, 0.3061480368727072], [0.282246271461038, 0.2948005785481893, 0.061725500957210355, 0.3612276490335624], [0.2666328548207249, 0.2622247163591814, 0.12103164665823746, 0.35011078216185626], [0.2850741037035885, 0.2702011974350899, 0.10741585908472455, 0.33730883977659665], [0.29156798093216396, 0.28453824469448175, 0.10927315321754742, 0.3146206211558069], [0.14895363101390094, 0.2737862637599702, 0.3459318506454199, 0.23132825458070908], [0.16774358950932183, 0.30550863260233874, 0.20869510257142806, 0.3180526753169113], [0.2855973917454099, 0.2515990558343495, 0.14933470275012828, 0.31346884967011257], [0.19193272656679952, 0.2676954631794342, 0.2316305635479934, 0.3087412467057727], [0.1736396885598229, 0.2377607243546551, 0.2861141404829869, 0.3024854466025349], [0.26343594292916883, 0.28912583553031584, 0.05976463407940856, 0.38767358746110664], [0.17940576665934707, 0.3068048338539587, 0.14406911329910763, 0.3697202861875865], [0.10568070404738018, 0.2915568374793329, 0.34715583511095466, 0.2556066233623319], [0.19221470698360396, 0.2924845509953708, 0.22671560629564852, 0.28858513572537664], [0.22362835646449788, 0.2990158017092344, 0.19200001019657537, 0.2853558316296927], [0.3213717803731876, 0.3215112757738595, 0.07499878640377121, 0.2821181574491815], [0.19678564421334455, 0.3072166718761988, 0.20105377098497082, 0.2949439129254859], [0.20114176873084813, 0.31815173542991554, 0.28302429672206897, 0.1976821991171672], [0.2307072462374689, 0.2926586653550078, 0.2086222460567634, 0.2680118423507598], [0.2781917917857812, 0.3148003044212322, 0.0890634818742414, 0.3179444219187453], [0.20021159216202983, 0.25150327521934895, 0.3040290658545002, 0.24425606676412115], [0.17579920197320223, 0.2963830910096881, 0.23015673862323432, 0.2976609683938755], [0.17701285805278616, 0.2865834018197872, 0.2530697841032424, 0.28333395602418415], [0.18227366922872285, 0.30852162215213885, 0.1903859129341785, 0.3188187956849595], [0.2666258820065594, 0.30213225927919496, 0.08482247170321158, 0.34641938701103425], [0.29255511019458663, 0.325142101864571, 0.0617213632091794, 0.3205814247316632], [0.20251509803370438, 0.2690862301325629, 0.19639850287900357, 0.3320001689547292], [0.21823190833339914, 0.2984115824153324, 0.252376366061732, 0.23098014318953616], [0.2702743954313748, 0.23875995367447442, 0.16311031131738818, 0.3278553395767626], [0.2128430630737986, 0.2370434786533629, 0.27190694261899745, 0.2782065156538411]]}, "rewritten": {"ids": ["97105760", "97106820", "97107040", "97109570", "97112170", "97113260", "97116401", "98108150", "98108410", "98108970", "98112580", "99105921", "99107500", "99108010", "99109161", "99109311", "99109740", "99109910", "99111620", "99112300", "99119830", "99121440", "100109330", "100109890", "100116500", "101108121", "101109000", "101109370", "101110150", "101110740", "101111310", "101111990", "101112201", "101112690", "101113210", "101114990", "101115190", "102109010", "102109910", "102110050", "102110850", "102112030", "102112170", "102113210", "102116340", "102121700", "103109641", "103111990", "104111531", "104114740", "104118340", "104119340", "105110091", "105113190", "105113210", "105113260", "105113330", "105115250", "105116090", "105116650", "105117351", "105118230", "105118740", "105121190", "106114011", "106114880", "106116441", "106117650", "106117790", "106119990", "107113200", "107113360", "107114280", "107114490", "107117010", "107118520", "107120880", "107121230", "108113480", "108114670", "108115870", "108116501", "108117720", "108118291", "108120060", "108120280", "108121190", "109113881", "109114030", "109115211", "109115220", "109116170", "109117730", "109120560", "109120621", "109121351", "110113931", "110114651", "110114950", "110115250", "110115710", "110116300", "110117110", "110117500", "110117870", "110118161", "110118930", "110121450", "111114171", "111115780", "111116040", "111116110", "111118810", "111118910", "111119610", "111119950", "111120260", "111120280", "111120640", "112116401", "112116501", "112116880", "112117580", "112117660", "112118511", "112118860", "112118880", "112118930", "112119120", "112119320", "112119610", "112119930", "112120270", "113117340", "113118630", "113118810", "113118870", "113119950", "113120601", "113121220", "113121980", "113122180"], "labels": [0, 1, 2, 0, 0, 1, 3, 0, 1, 3, 2, 1, 0, 2, 3, 1, 3, 2, 3, 0, 1, 2, 0, 3, 2, 0, 1, 1, 1, 3, 3, 2, 0, 1, 3, 3, 1, 1, 2, 3, 3, 2, 3, 3, 3, 1, 1, 2, 0, 2, 2, 1, 0, 3, 3, 3, 3, 2, 1, 1, 0, 1, 1, 2, 1, 0, 0, 1, 1, 0, 0, 0, 3, 3, 1, 2, 1, 0, 0, 3, 3, 0, 1, 3, 1, 3, 1, 0, 1, 0, 3, 0, 3, 1, 1, 0, 1, 3, 0, 1, 2, 3, 0, 1, 3, 0, 1, 3, 3, 1, 0, 3, 0, 0, 2, 0, 3, 0, 0, 0, 3, 0, 0, 0, 1, 3, 1, 1, 1, 1, 0, 1, 0, 2, 3, 3, 0, 0, 2, 3, 2, 2], "predicted_labels": [3, 3, 2, 0, 3, 2, 1, 2, 1, 1, 2, 1, 3, 1, 1, 1, 3, 0, 1, 3, 3, 2, 1, 3, 2, 0, 3, 1, 1, 3, 3, 3, 0, 3, 0, 1, 3, 2, 0, 0, 1, 3, 0, 3, 3, 3, 3, 3, 1, 3, 3, 1, 3, 3, 0, 1, 3, 3, 3, 3, 3, 1, 3, 3, 1, 1, 1, 1, 3, 3, 3, 0, 1, 3, 1, 1, 3, 3, 3, 3, 3, 3, 3, 3, 1, 3, 3, 0, 0, 3, 3, 1, 3, 3, 3, 0, 3, 3, 3, 3, 3, 3, 1, 3, 3, 3, 1, 3, 3, 1, 3, 3, 3, 3, 3, 0, 3, 1, 3, 3, 3, 3, 3, 3, 3, 3, 3, 3, 1, 3, 3, 3, 3, 3, 1, 3, 3, 3, 3, 3, 3, 3], "confidence_scores": [[0.29218398643112475, 0.29712687031437146, 0.07651177124544806, 0.3341773720090557], [0.17609193066296577, 0.2517425645386008, 0.29520849975034485, 0.2769570050480888], [0.17410835084992818, 0.2519937719298684, 0.34285693771706544, 0.231040939503138], [0.28609740529593947, 0.2532649743355724, 0.2672429414560916, 0.19339467891239653], [0.2849444524343769, 0.29486629352320387, 0.09919085828310287, 0.32099839575931655], [0.16511719161895583, 0.2567338297204372, 0.35137663007317715, 0.22677234858743003], [0.20727813129467582, 0.28623334272871437, 0.24066755368195247, 0.2658209722946574], [0.155213508469398, 0.23495415693189847, 0.41789856775925066, 0.19193376683945304], [0.22256788478599301, 0.2752028916608191, 0.24521498389805793, 0.2570142396551299], [0.13050781827127955, 0.2815835679729956, 0.3493660851516222, 0.2385425286041025], [0.17457240962524442, 0.23120491496123907, 0.36441073631211335, 0.22981193910140288], [0.23471592780768627, 0.3109531708484435, 0.21231802354140622, 0.24201287780246408], [0.26284077129589284, 0.3058693178343292, 0.10455909495653562, 0.32673081591324193], [0.22577811705954284, 0.303588748579311, 0.19007796222840165, 0.2805551721327445], [0.23075435808802386, 0.29835774724704006, 0.2450268794919092, 0.22586101517302715], [0.21302414367449798, 0.2824842525032867, 0.2521608696661407, 0.25233073415607477], [0.17635045025638538, 0.2556824696198443, 0.3017528558805605, 0.26621422424320984], [0.23927398796272867, 0.2500155466182617, 0.2624661851272778, 0.24824428029173165], [0.20001287625803918, 0.3001155282274649, 0.28739979839976315, 0.21247179711473252], [0.23770489012399024, 0.23813615645557742, 0.22922629014408646, 0.29493266327634576], [0.17603580387045428, 0.2480060316426053, 0.31351600739398117, 0.26244215709295926], [0.1348675975682917, 0.2471038864120879, 0.42142691333923743, 0.19660160268038332], [0.3021729176345974, 0.295931317463661, 0.14170439974679977, 0.2601913651549418], [0.24428015418544338, 0.2455282007353607, 0.1890409514584887, 0.32115069362070725], [0.16079232590016992, 0.22168256529734265, 0.40924661277333063, 0.2082784960291565], [0.29438507583699924, 0.2671187158943554, 0.15773206208575585, 0.28076414618288936], [0.2253020188745186, 0.29083195222220465, 0.15909397904880745, 0.3247720498544692], [0.1896760838860046, 0.26692424421656324, 0.3570319653103995, 0.18636770658703253], [0.25209837373727806, 0.34626359776888976, 0.08932628809682078, 0.3123117403970117], [0.17406148800542676, 0.2830334093548783, 0.22569834677671763, 0.31720675586297703], [0.18541538376492478, 0.26851737670783876, 0.29317045818343823, 0.2528967813437981], [0.15072495251561327, 0.2499002891655079, 0.32356158180575995, 0.2758131765131187], [0.31984823796789164, 0.29886150020104824, 0.09049982372429857, 0.290790438106762], [0.2906579272964619, 0.26381380133307786, 0.084043630158028, 0.36148464121243234], [0.30012794427841666, 0.2783041167753957, 0.15756205998317002, 0.26400587896301764], [0.15306923322614094, 0.3022200418662345, 0.30586331061325683, 0.23884741429436765], [0.2540807080848825, 0.26482172565501866, 0.19900680340026783, 0.2820907628598311], [0.20940071779187033, 0.24842857743241223, 0.351275912307863, 0.19089479246785468], [0.27153859025613486, 0.24767506648129042, 0.22910146003411855, 0.25168488322845606], [0.22151328222149994, 0.25628042281674107, 0.2825710372866478, 0.2396352576751113], [0.17769356264020147, 0.29671825415751507, 0.2584789435180339, 0.26710923968424954], [0.17618352468672108, 0.23664069831554096, 0.3307718129183349, 0.2564039640794028], [0.2939400477316395, 0.23171634962423654, 0.18220750609611683, 0.29213609654800715], [0.24643019215477546, 0.28079171973539097, 0.15798745957874744, 0.31479062853108614], [0.22387633842065258, 0.26511827353412815, 0.22747322045813878, 0.2835321675870809], [0.18914715281534797, 0.28389504316414266, 0.24449075631088454, 0.2824670477096247], [0.22831121591573986, 0.2709347516501365, 0.20379345082191364, 0.29696058161221023], [0.23663857122871734, 0.2660642122424989, 0.19413239243594763, 0.3031648240928362], [0.2778937898818766, 0.31401009871905294, 0.09342330571749408, 0.31467280568157663], [0.14207117986657453, 0.29097942052126247, 0.27550691895376705, 0.29144248065839584], [0.1729723296585573, 0.30471487751812887, 0.1824803073707249, 0.339832485452589], [0.13059500738341687, 0.29706371135399706, 0.316294641637591, 0.2560466396249949], [0.28739740642871475, 0.2972133333578541, 0.08118535156477077, 0.33420390864866056], [0.24148245220217648, 0.23401626129663827, 0.23404639160647525, 0.2904548948947099], [0.32073890565889823, 0.2657437933446202, 0.130498097206492, 0.2830192037899896], [0.2624534686001102, 0.2768612696304906, 0.2009820848575368, 0.25970317691186195], [0.26175444317858126, 0.2668604568736396, 0.0886089393874202, 0.38277616056035896], [0.19805169939501635, 0.27175807962743354, 0.20958265631788955, 0.32060756465966045], [0.2600252609110418, 0.28917735586440363, 0.06215433581847744, 0.38864304740607736], [0.1227543070361015, 0.26510526589799477, 0.3509494133448011, 0.26119101372110287], [0.17477301632656106, 0.3103178284718719, 0.12936012406888567, 0.3855490311326813], [0.2134939188140197, 0.31631741114838563, 0.18008569772262664, 0.29010297231496807], [0.18893393661159955, 0.27391426702026556, 0.23389362186540938, 0.30325817450272546], [0.14872169776713778, 0.2829660075374038, 0.2613023310581271, 0.30700996363733146], [0.19893534574212338, 0.2891860316651501, 0.24403905614424357, 0.2678395664484829], [0.19952990875875962, 0.28446566320257605, 0.2278038186259339, 0.2882006094127304], [0.19863388838974816, 0.32589137483035546, 0.14176553904985512, 0.33370919773004093], [0.2148234190387998, 0.278573446459448, 0.24742831103517804, 0.25917482346657433], [0.19656080706878548, 0.2814517558888912, 0.19260837025456268, 0.32937906678776074], [0.28108900128772774, 0.2843169336875185, 0.11582485527451808, 0.3187692097502357], [0.254050205382806, 0.30742779939586784, 0.062296954348091745, 0.3762250408732344], [0.3395782407169929, 0.2856480450565889, 0.06453178153252333, 0.3102419326938947], [0.2604660828985444, 0.29354091140028665, 0.17510951450385173, 0.27088349119731703], [0.18780528986854966, 0.282228843415823, 0.2033971515429747, 0.32656871517265285], [0.20078036141548475, 0.27747151937950915, 0.27630455643629676, 0.24544356276870938], [0.2751348143831418, 0.28698348394090195, 0.1565152302983437, 0.2813664713776128], [0.17017031205732028, 0.2756818038634157, 0.17207697177680023, 0.382070912302464], [0.20466237692723765, 0.2746735570609726, 0.1993759597024475, 0.3212881063093422], [0.15911662904549143, 0.2729109023740966, 0.24287714000143812, 0.3250953285789739], [0.24313123223375221, 0.2904583277186944, 0.16507398414144897, 0.30133645590610453], [0.2507058025958611, 0.28514936217702497, 0.13526110900569585, 0.32888372622141837], [0.27298422424246854, 0.2696558660835246, 0.1354408737287185, 0.3219190359452885], [0.27782887307332743, 0.27176642924058014, 0.10878024610738746, 0.3416244515787049], [0.29867876452736897, 0.2956171853447325, 0.06175956639934673, 0.3439444837285519], [0.2682106392599076, 0.28657370771503493, 0.16979456725541794, 0.2754210857696393], [0.27833886599564067, 0.24586230402957504, 0.17285939358100555, 0.3029394363937789], [0.16354696551900744, 0.29351343354668014, 0.19606163116503342, 0.3468779697692793], [0.3251936149475046, 0.2423623904174732, 0.22203210540310975, 0.21041188923191234], [0.3328948668278307, 0.26353324859098776, 0.0874718802370597, 0.3161000043441218], [0.1616053639431914, 0.27040384805094964, 0.20960509788924422, 0.3583856901166146], [0.24331589719063187, 0.2582291124406929, 0.1554081800606676, 0.34304681030800765], [0.294846301064964, 0.31928274439514515, 0.09145359111794195, 0.2944173634219489], [0.20954447183398334, 0.2509613225811429, 0.2194797768825884, 0.3200144287022853], [0.21847448954263576, 0.2576318144388023, 0.2336479497773168, 0.2902457462412449], [0.25971802188212745, 0.2827764351952688, 0.08622545953096793, 0.37128008339163565], [0.3110070069348503, 0.276772729102818, 0.16928522733570628, 0.2429350366266257], [0.22931586930668652, 0.2855571204841307, 0.16039221537173634, 0.32473479483744677], [0.2756256661715548, 0.28791581025138874, 0.1017498083342648, 0.33470871524279155], [0.2618285321707588, 0.2632756128783864, 0.14332198538578264, 0.331573869565072], [0.2186297698127414, 0.29934168635670855, 0.15277700029885508, 0.32925154353169495], [0.26108634199350883, 0.2725849805864844, 0.1531417396333604, 0.3131869377866463], [0.21603133926586596, 0.2750027350006927, 0.18701909556751412, 0.32194683016592746], [0.2752227234345582, 0.31684762270749695, 0.13815117095322835, 0.2697784829047165], [0.22854906163718747, 0.3056963586961141, 0.123974607755381, 0.3417799719113174], [0.2587989326947882, 0.2420437332868572, 0.19249883110662908, 0.30665850291172564], [0.24618849436390722, 0.2985690117745938, 0.11695928107315148, 0.3382832127883477], [0.14151201095385102, 0.31452414676881424, 0.24402268612635267, 0.29994115615098194], [0.2741642824142638, 0.3071224271541332, 0.0612317038364993, 0.3574815865951038], [0.2466807743340476, 0.286991794267099, 0.10054286654565814, 0.36578456485319516], [0.22709067729331373, 0.29951293078585256, 0.17937666526446316, 0.2940197266563706], [0.26799019831731863, 0.27255756468771375, 0.10250075082114163, 0.3569514861738259], [0.18769200285100163, 0.26549409139745045, 0.2016984043647034, 0.34511550138684466], [0.2973745300517376, 0.24949627489632298, 0.14209116358145146, 0.31103803147048786], [0.24339757984847732, 0.2873239815959511, 0.13087859182830242, 0.33839984672726936], [0.1899822174559116, 0.2600632243692166, 0.22679026033210561, 0.3231642978427664], [0.2933086409286282, 0.2611955527690812, 0.19406832995245887, 0.2514274763498319], [0.28236038456545154, 0.27129820791082504, 0.11879000024911354, 0.32755140727461], [0.2692530110619038, 0.3021071868453215, 0.1199909836398803, 0.30864881845289455], [0.20321621953109156, 0.27915706309519317, 0.22596859318635928, 0.29165812418735615], [0.3017947769397831, 0.2628297462206443, 0.08180503733288168, 0.35357043950669104], [0.2595239742667773, 0.2763992452241643, 0.1233379554049075, 0.3407388251041507], [0.17534054588364104, 0.2828024131144233, 0.24568431292333845, 0.2961727280785975], [0.24472521793960675, 0.2925226796054403, 0.12657001797103773, 0.3361820844839153], [0.2507684008722297, 0.2944343743432938, 0.10183242711854014, 0.35296479766593664], [0.19782159278831454, 0.29145563802755625, 0.16392718173452123, 0.34679558744960803], [0.1996738407821829, 0.29046502539133234, 0.18850390469135891, 0.3213572291351259], [0.2903008788244301, 0.29261833276421106, 0.09656101965655212, 0.3205197687548069], [0.2583250258090613, 0.27737468427687023, 0.12888112970348564, 0.3354191602105832], [0.22058163767937708, 0.29362404942461307, 0.1838767228909208, 0.30191759000508916], [0.14364891938537186, 0.3246258603982221, 0.15100228565660534, 0.3807229345598006], [0.12352884952136917, 0.29333291405471407, 0.22378785764178194, 0.359350378782135], [0.14948268089932942, 0.24165588260789678, 0.29785323742567765, 0.3110081990670965], [0.2781547290122869, 0.276542368109499, 0.09374559150734334, 0.3515573113708708], [0.21023405864035719, 0.34162729052053065, 0.07785082832457357, 0.3702878225145382], [0.1477460488881185, 0.31572175952146464, 0.22016592690794778, 0.31636626468246903], [0.22566271117173767, 0.30891980362453325, 0.1383538088085322, 0.3270636763951967], [0.20687661518433548, 0.29451502181580275, 0.15117492510545408, 0.34743343789440784], [0.2888305438869913, 0.2666813835937762, 0.11782823905513579, 0.3266598334640968], [0.1279037060222097, 0.2630559063274166, 0.34246115624104967, 0.26657923140932405], [0.24202614672860656, 0.2701801884419446, 0.13042993790135698, 0.3573637269280918], [0.30317256036623985, 0.3205279464446442, 0.03576538316634483, 0.3405341100227711], [0.1989286553210484, 0.26187850000809537, 0.24028928281262882, 0.29890356185822753]]}}