{"test": {"ids": ["110116300", "100108260", "113118620", "97118210", "109119460", "109117150", "111116290", "98109230", "113120640", "98110810", "97106820", "111116010", "112120270", "99109910", "98111231", "101111140", "110118450", "110119030", "106114150", "112118511", "97106591", "113122190", "110120700", "97112170", "107121540", "107118120", "112119980", "106114321", "107120130", "110115890", "107114321", "110117140", "105116980", "108114270", "103111170", "113122650", "98112300", "111117120", "111116750", "106120290", "105118230", "111115910", "104118340", "99108000", "113118111", "110115250", "107113170", "107118490", "113122430", "107118820", "103109791", "97113260", "107121700", "101108621", "99108520", "108115250", "99109840", "97106600", "105121190", "111120190", "106116370", "112118421", "107119130", "112117571", "113119360", "98117740", "111116640", "109113931", "104111380", "105120621", "108120280", "104114740", "99105921", "106114011", "107116340", "103113640", "103111620", "110118121", "111116110", "111120531", "111115780", "107117010", "104117200", "109116930", "112116540", "112118161", "101113210", "108121160", "110118630", "113119340", "99108330", "108117451", "112119610", "97108520", "108118291", "113117340", "97105960", "111119290", "98110680", "113121950", "98107410", "110118810", "104113210", "103110100", "113122180", "106113190", "113119480", "109120540", "98112170", "113120591", "112116990", "106113170", "109121351", "113120751", "110117200", "108117720", "99107560", "110117870", "110114561", "99108010", "112120640", "110119300", "107114140", "109114720", "111121351", "111119950", "100109801", "99107640", "107113180", "107113840", "102109910", "111116100", "107115140", "99119830", "103110840", "99108080", "103111830", "110114651", "105117200", "104114240", "99120010", "102117351"], "labels": [3, 3, 3, 2, 1, 2, 2, 1, 0, 1, 1, 1, 0, 2, 1, 2, 0, 0, 1, 1, 1, 1, 2, 0, 2, 3, 0, 2, 2, 2, 0, 3, 0, 3, 2, 2, 2, 2, 3, 2, 1, 2, 2, 2, 1, 1, 0, 2, 2, 3, 3, 1, 3, 0, 2, 1, 2, 3, 2, 3, 2, 3, 1, 3, 0, 2, 0, 1, 3, 1, 3, 2, 1, 1, 3, 1, 0, 3, 3, 0, 1, 1, 3, 0, 1, 0, 3, 2, 1, 0, 1, 2, 0, 2, 3, 2, 2, 3, 2, 3, 3, 1, 3, 1, 2, 0, 3, 1, 3, 0, 0, 0, 0, 1, 3, 1, 1, 3, 0, 2, 0, 1, 2, 0, 0, 0, 0, 1, 3, 3, 2, 3, 0, 1, 1, 3, 3, 3, 3, 0, 2, 1], "predicted_labels": [1, 1, 3, 2, 0, 0, 2, 1, 0, 1, 1, 1, 3, 1, 0, 1, 1, 3, 0, 3, 0, 0, 1, 1, 2, 1, 3, 0, 1, 1, 0, 0, 0, 1, 1, 2, 0, 1, 3, 1, 3, 0, 1, 1, 0, 1, 0, 3, 0, 0, 3, 0, 1, 0, 2, 0, 2, 3, 1, 0, 3, 3, 1, 0, 3, 1, 1, 1, 1, 1, 2, 0, 0, 3, 1, 0, 3, 0, 1, 3, 3, 1, 3, 0, 3, 0, 3, 3, 1, 1, 3, 3, 1, 0, 0, 1, 0, 3, 1, 0, 3, 3, 1, 1, 0, 3, 3, 1, 0, 1, 3, 0, 0, 1, 3, 1, 3, 3, 0, 1, 0, 1, 1, 2, 1, 1, 3, 0, 3, 3, 0, 3, 3, 1, 1, 0, 1, 0, 1, 3, 1, 3], "confidence_scores": [[0.059473669048358, 0.8460481262505054, 0.04629910391498989, 0.048179100786146796], [0.25406715547501335, 0.5106941408610453, 0.0680918567191649, 0.16714684694477636], [0.30034447828644206, 0.2507969556641876, 0.12803606046700294, 0.32082250558236747], [0.20342748614963643, 0.16111068871163872, 0.39978356740241816, 0.23567825773630666], [0.39503740604028165, 0.2620626629435872, 0.13458457989211442, 0.2083153511240167], [0.36169296876767265, 0.2630382519875324, 0.1318989702385713, 0.24336980900622376], [0.23319830904044297, 0.16132649735956556, 0.3840932063148345, 0.2213819872851571], [0.1062848675489964, 0.37890189891140824, 0.22759819296849015, 0.2872150405711052], [0.4482474676465109, 0.24806435493150805, 0.0860669540294669, 0.21762122339251416], [0.14295506108485412, 0.6511811848169279, 0.08952064038168105, 0.1163431137165368], [0.17566311830498274, 0.6452348198671262, 0.04294834818612796, 0.13615371364176304], [0.16662640169514537, 0.49587605975704446, 0.0819676354052839, 0.25552990314252655], [0.14536605016217563, 0.3188803651092119, 0.08031702709079987, 0.4554365576378128], [0.16928684966910879, 0.3382415045580388, 0.15941960853609813, 0.33305203723675414], [0.4923346790275102, 0.17659738768537744, 0.10208359840707824, 0.22898433488003425], [0.1358637506955292, 0.5157865540086339, 0.08755869342432328, 0.2607910018715136], [0.17104587587525016, 0.6504356935506949, 0.08334076351125341, 0.09517766706280144], [0.09842707238377846, 0.2721391412135178, 0.1547652186653922, 0.47466856773731153], [0.36019600085920567, 0.29927462376682495, 0.1211011651738515, 0.21942821020011796], [0.2118346468947659, 0.28512479789250067, 0.09989512079248594, 0.4031454344202475], [0.39374790921622793, 0.23574382296966614, 0.0935931767856263, 0.2769150910284798], [0.5274406965156543, 0.2349153839531311, 0.09853273515648095, 0.13911118437473374], [0.217322131455083, 0.35676954221441165, 0.16744367881193156, 0.2584646475185738], [0.24735360694016056, 0.39060374736177317, 0.1026235650354762, 0.2594190806625902], [0.0454959781294725, 0.366809979544988, 0.425162756360184, 0.16253128596535538], [0.14779455529820332, 0.556683524305654, 0.14380289766496876, 0.15171902273117402], [0.2150419986587836, 0.2775624096799677, 0.12571252233271538, 0.38168306932853346], [0.5177435696002481, 0.3702780251965755, 0.03996430394718523, 0.07201410125599125], [0.2552710733255376, 0.4771928371189311, 0.09907527733548036, 0.1684608122200511], [0.1280316903018871, 0.47923685220874584, 0.19063611569863564, 0.2020953417907315], [0.5061978619030963, 0.2267400987428249, 0.06633387541504959, 0.20072816393902915], [0.3774673944883675, 0.16383498689107176, 0.14711283782259257, 0.31158478079796825], [0.3799391205781136, 0.29495326253974696, 0.1220306707998498, 0.20307694608228968], [0.24886554046322718, 0.3198854427968783, 0.18663160132867088, 0.24461741541122392], [0.3066766026707836, 0.3215105787766307, 0.08657184380594843, 0.28524097474663723], [0.2676085425154121, 0.16231882979515136, 0.34702786859830115, 0.22304475909113552], [0.44648797392513184, 0.15806125070410793, 0.12271365941982003, 0.2727371159509402], [0.1307472359823078, 0.6705229315619397, 0.0674580793579226, 0.13127175309783], [0.2693963840442318, 0.18070139424502923, 0.09521118374269882, 0.45469103796804017], [0.1949676725930808, 0.49733888550152383, 0.12762741679541317, 0.18006602510998235], [0.2686635252062409, 0.2747415999176048, 0.10678115473046126, 0.349813720145693], [0.45613188909384583, 0.21876866732194405, 0.08564903274499967, 0.23945041083921062], [0.27619984035891515, 0.38440359580334443, 0.09512064341855953, 0.24427592041918095], [0.1610126489916807, 0.33769126894494234, 0.19149243330916305, 0.309803648754214], [0.3619772139910155, 0.3005988327390981, 0.10100284501916178, 0.2364211082507246], [0.11102409883541381, 0.3903941298091028, 0.11863756345274488, 0.3799442079027384], [0.42951941259196696, 0.22417183468855126, 0.1295965441280425, 0.21671220859143936], [0.2581415531115159, 0.1526864773358062, 0.13224879317715665, 0.4569231763755214], [0.34225834381622505, 0.30280756089209415, 0.07273996933233078, 0.2821941259593499], [0.47959337970397836, 0.1500296122733587, 0.05475315520626589, 0.315623852816397], [0.18468369741899032, 0.26881278509919315, 0.06840046865893598, 0.4781030488228806], [0.42244591086985483, 0.158068747913324, 0.26619289277040026, 0.15329244844642076], [0.10577323840111696, 0.6419585576093351, 0.1160198368989092, 0.13624836709063873], [0.7979485424416688, 0.07460600749505646, 0.019492567789813238, 0.10795288227346157], [0.19537894157006352, 0.23700594705682645, 0.3508336293510744, 0.21678148202203562], [0.6031736620619966, 0.14297124881303644, 0.07921534090033976, 0.17463974822462694], [0.185224573821362, 0.2574984598719744, 0.4466135936831497, 0.11066337262351407], [0.26501227187488263, 0.1258972186085738, 0.06749990162741452, 0.5415906078891289], [0.13375441547666936, 0.39856610495686734, 0.0982978106768594, 0.3693816688896039], [0.4688209138975346, 0.18205730660740715, 0.09032098227315553, 0.2588007972219028], [0.1916700651352073, 0.3178452809553928, 0.15520726943733232, 0.33527738447206756], [0.25166475305466635, 0.272897648762938, 0.07966825190344223, 0.39576934627895344], [0.2691976529420579, 0.4488782832377656, 0.1027909478617664, 0.17913311595841022], [0.42877154738728607, 0.21487593873416122, 0.07135663700737509, 0.2849958768711777], [0.2884303734364169, 0.23967793028692466, 0.07120572070543052, 0.4006859755712279], [0.07674496317775532, 0.4392933442303469, 0.2017359766121055, 0.2822257159797922], [0.15745990037399382, 0.5009518438497367, 0.16502183742623655, 0.17656641835003292], [0.17417573286365817, 0.39175466817270477, 0.11633152207711162, 0.31773807688652533], [0.292164654421494, 0.29873293154777225, 0.16580061760446682, 0.24330179642626695], [0.2884952985321797, 0.4870141868271921, 0.06254579554931483, 0.1619447190913134], [0.14761148406895644, 0.3061895733442009, 0.3677680100734469, 0.17843093251339595], [0.32597705105469393, 0.2802626858149021, 0.12195299816687995, 0.2718072649635241], [0.2739202311968306, 0.26887958263092737, 0.27253514573249876, 0.1846650404397432], [0.3271179223908852, 0.24035983516127815, 0.062096806829262774, 0.37042543561857394], [0.2035884254465971, 0.4133442466730793, 0.16913290901743896, 0.21393441886288478], [0.6435776206355872, 0.14259159929829024, 0.07232235866302639, 0.14150842140309627], [0.19996104145547117, 0.2927077660293375, 0.18392861765896248, 0.323402574856229], [0.3930435770919627, 0.29800570111031527, 0.0804836273129089, 0.22846709448481317], [0.2206865069762603, 0.3807163033203855, 0.25424188545640597, 0.14435530424694812], [0.19113717782877288, 0.2378261225946313, 0.09028198035499023, 0.48075471922160573], [0.1774748100298672, 0.1762170751452546, 0.06200623908058929, 0.5843018757442889], [0.1583940508901931, 0.4273206016604359, 0.18833058209410503, 0.22595476535526612], [0.24386753425147786, 0.2596799794809114, 0.16998168240826397, 0.3264708038593468], [0.33736086101360796, 0.22947093505472482, 0.11769727891135451, 0.3154709250203128], [0.10102278524820299, 0.15620598548956743, 0.12714543630383102, 0.6156257929583986], [0.39623747762089057, 0.21315673650512856, 0.07340131363131255, 0.3172044722426682], [0.25931081288406926, 0.19544104078575, 0.0917130921944147, 0.4535350541357661], [0.1493367885025624, 0.31629777274222587, 0.1156980482793553, 0.41866739047585644], [0.1187300012373833, 0.45902006105617704, 0.11114109092623253, 0.31110884678020706], [0.26118574352839646, 0.47148828515419167, 0.07929165428174291, 0.18803431703566884], [0.16287908305544962, 0.2235139127998283, 0.10112858423502472, 0.5124784199096974], [0.3961965335407016, 0.12575892075645534, 0.05562771136138748, 0.42241683434145544], [0.08877565066362296, 0.3724557623379232, 0.27887888604399935, 0.25988970095445457], [0.591908507464604, 0.18135225230631621, 0.09845484215503472, 0.12828439807404507], [0.42168966201083624, 0.2981334838202019, 0.05597334096642259, 0.22420351320253926], [0.11876905356001402, 0.639087539648604, 0.04517579924979544, 0.1969676075415866], [0.3757154884102675, 0.2880731246047882, 0.1462276443727328, 0.1899837426122115], [0.2535612519863718, 0.2647216342008106, 0.18404888100098296, 0.2976682328118348], [0.27052181195341185, 0.4762199967898941, 0.06783886784036795, 0.18541932341632608], [0.7255819890851655, 0.10033041694604779, 0.0570176743254631, 0.1170699196433237], [0.31715096934220127, 0.13153916274517097, 0.07072819441421452, 0.48058167349841335], [0.2875867078239685, 0.2080219151476541, 0.18174443788235797, 0.32264693914601933], [0.11687503822250224, 0.6292914791602091, 0.08882159720149067, 0.16501188541579798], [0.2432913430906517, 0.36225232285433956, 0.149880192981713, 0.24457614107329573], [0.365469131861189, 0.27732721162969826, 0.11086301337658111, 0.24634064313253165], [0.1795893341163842, 0.21001483703750867, 0.13428847812714326, 0.47610735071896393], [0.2501514027063749, 0.277840562730586, 0.1937796689486517, 0.2782283656143874], [0.1974205681203419, 0.35086817768407935, 0.21225345570509793, 0.23945779849048074], [0.4435975401129657, 0.17416184212153435, 0.23694650545719476, 0.1452941123083052], [0.2577883938347299, 0.32486343554625535, 0.15225935625020373, 0.26508881436881104], [0.2490882124625688, 0.30900758967975334, 0.08856397977684823, 0.35334021808082966], [0.3499819617353674, 0.3284590725639999, 0.13214425660518034, 0.18941470909545224], [0.5694182558180896, 0.16248519054369268, 0.0824840425416965, 0.18561251109652127], [0.24910137026518092, 0.41473292658533323, 0.07704035299346744, 0.25912535015601873], [0.23421304363148654, 0.23517301918654207, 0.06700637813270831, 0.46360755904926293], [0.2050111572025301, 0.5116220870538387, 0.09887533187208697, 0.18449142387154435], [0.11311250064279674, 0.3622967760704621, 0.13256899587029652, 0.3920217274164446], [0.09185842043816471, 0.20793763374132102, 0.11595893092926411, 0.5842450148912501], [0.4162960669374275, 0.31168620996776353, 0.0713940043637393, 0.20062371873106966], [0.23514745570585843, 0.4262613409765667, 0.1941513095392706, 0.14443989377830438], [0.4235527514880405, 0.24165547627328943, 0.09887159720267001, 0.23592017503600013], [0.24907941540299003, 0.46924932672946007, 0.05697602105886929, 0.2246952368086806], [0.12015048273732973, 0.29882853166033185, 0.29339324807558353, 0.2876277375267548], [0.16851963358207936, 0.17439765733911, 0.36619789385442986, 0.29088481522438075], [0.27914807993093327, 0.5220488613831055, 0.07973918312626493, 0.11906387555969636], [0.17387273929261762, 0.43220674400036807, 0.117655496809253, 0.27626501989776114], [0.3897190896398692, 0.1256241864248641, 0.052304450609669, 0.4323522733255978], [0.5817129321890269, 0.14268972013522127, 0.1399468825342741, 0.1356504651414777], [0.1567199641316375, 0.2962677696290258, 0.12399091453656674, 0.42302135170277], [0.2829828452813787, 0.21859414679553277, 0.11240033596689632, 0.3860226719561923], [0.5836512418774722, 0.1655994287937148, 0.16043914904788031, 0.09031018028093259], [0.21178875219237145, 0.22775643330290526, 0.1563786234183145, 0.4040761910864089], [0.127870771740676, 0.2264604658880665, 0.19633281380876633, 0.44933594856249115], [0.21875870437020528, 0.28150750382457174, 0.23895392810791563, 0.26077986369730755], [0.18218493459121596, 0.4848953962409813, 0.0820715012793752, 0.2508481678884275], [0.41517290805451496, 0.15711886146350917, 0.14734188495939649, 0.28036634552257944], [0.09626332348804337, 0.5817423657981692, 0.09323239189063538, 0.2287619188231521], [0.40811049315093917, 0.3797151767888737, 0.09068129351935207, 0.1214930365408351], [0.1916213154068495, 0.380064244111446, 0.094042043492842, 0.33427239698886274], [0.24117251075353105, 0.26445651222100314, 0.22258772691602183, 0.27178325010944404], [0.30913977865005626, 0.34501726247931197, 0.09545434330044208, 0.25038861557018965], [0.25519278800789197, 0.25603087005492026, 0.0902111837808434, 0.3985651581563445]]}, "rewritten": {"ids": ["97105960", "97106591", "97106600", "97106820", "97108520", "97112170", "97113260", "97118210", "98107410", "98109230", "98110680", "98110810", "98111231", "98112170", "98112300", "98117740", "99105921", "99107560", "99107640", "99108000", "99108010", "99108080", "99108330", "99108520", "99109840", "99109910", "99119830", "99120010", "100108260", "100109801", "101108621", "101111140", "101113210", "102109910", "102117351", "103109791", "103110100", "103110840", "103111170", "103111620", "103111830", "103113640", "104111380", "104113210", "104114240", "104114740", "104117200", "104118340", "105116980", "105117200", "105118230", "105120621", "105121190", "106113170", "106113190", "106114011", "106114150", "106114321", "106116370", "106120290", "107113170", "107113180", "107113840", "107114140", "107114321", "107115140", "107116340", "107117010", "107118120", "107118490", "107118820", "107119130", "107120130", "107121540", "107121700", "108114270", "108115250", "108117451", "108117720", "108118291", "108120280", "108121160", "109113931", "109114720", "109116930", "109117150", "109119460", "109120540", "109121351", "110114561", "110114651", "110115250", "110115890", "110116300", "110117140", "110117200", "110117870", "110118121", "110118450", "110118630", "110118810", "110119030", "110119300", "110120700", "111115780", "111115910", "111116010", "111116100", "111116110", "111116290", "111116640", "111116750", "111117120", "111119290", "111119950", "111120190", "111120531", "111121351", "112116540", "112116990", "112117571", "112118161", "112118421", "112118511", "112119610", "112119980", "112120270", "112120640", "113117340", "113118111", "113118620", "113119340", "113119360", "113119480", "113120591", "113120640", "113120751", "113121950", "113122180", "113122190", "113122430", "113122650"], "labels": [2, 1, 3, 1, 2, 0, 1, 2, 3, 1, 2, 1, 1, 3, 2, 2, 1, 1, 1, 2, 2, 3, 1, 2, 2, 2, 1, 2, 3, 0, 0, 2, 3, 2, 1, 3, 1, 1, 2, 0, 3, 1, 3, 3, 0, 2, 3, 2, 0, 3, 1, 1, 2, 0, 0, 1, 1, 2, 2, 2, 0, 3, 3, 2, 0, 0, 3, 1, 3, 2, 3, 1, 2, 2, 3, 3, 1, 2, 1, 3, 3, 2, 1, 0, 0, 2, 1, 1, 0, 0, 3, 1, 2, 3, 3, 3, 3, 3, 0, 1, 1, 0, 1, 2, 1, 2, 1, 3, 3, 2, 0, 3, 2, 3, 0, 3, 0, 0, 1, 0, 3, 0, 3, 1, 0, 0, 0, 0, 2, 1, 3, 0, 0, 3, 0, 0, 1, 3, 2, 1, 2, 2], "predicted_labels": [0, 1, 0, 1, 1, 2, 0, 1, 1, 0, 0, 1, 1, 0, 0, 2, 1, 1, 0, 1, 1, 0, 1, 1, 1, 1, 0, 3, 1, 0, 0, 1, 1, 1, 0, 0, 1, 0, 0, 1, 0, 0, 0, 0, 1, 1, 3, 3, 0, 1, 1, 0, 1, 3, 1, 0, 0, 0, 3, 1, 0, 3, 1, 1, 0, 3, 0, 1, 1, 1, 0, 3, 0, 3, 3, 1, 3, 3, 0, 0, 2, 0, 3, 3, 0, 1, 3, 1, 0, 0, 1, 1, 3, 1, 0, 0, 0, 0, 1, 3, 1, 0, 0, 1, 1, 1, 1, 1, 1, 0, 1, 3, 1, 0, 1, 0, 3, 1, 1, 1, 0, 1, 1, 1, 0, 1, 0, 1, 3, 3, 1, 0, 0, 0, 0, 0, 0, 0, 0, 0, 1, 3], "confidence_scores": [[0.4843308635212345, 0.18776551301308803, 0.13433430344871733, 0.19356932001696028], [0.22540445009213736, 0.5007857935213631, 0.07057515178652762, 0.20323460459997175], [0.5186677187351655, 0.23781566862465617, 0.11806881248989412, 0.12544780015028434], [0.12979797763219544, 0.5188035791382197, 0.10619116614731215, 0.24520727708227272], [0.3339769715081727, 0.366465709151421, 0.09814104383420363, 0.201416275506203], [0.17135272028144524, 0.27189684749335635, 0.43118784328076903, 0.12556258894442926], [0.34289945944711325, 0.24720389266313425, 0.18826995931878068, 0.2216266885709718], [0.22474727869610678, 0.4847132022975894, 0.10459633979787293, 0.18594317920843104], [0.36356648421075194, 0.40728198378522695, 0.06579600263509645, 0.16335552936892472], [0.36604743836344483, 0.2805941540507263, 0.10664282477650146, 0.24671558280932743], [0.4118211227239222, 0.33400642184682733, 0.11033081504403365, 0.14384164038521702], [0.18445166608724584, 0.5606114259667788, 0.11495866336115848, 0.13997824458481697], [0.23343284551276802, 0.42349246528058426, 0.04217351431511528, 0.3009011748915323], [0.3295149769175771, 0.25714141879647173, 0.18097256056673236, 0.23237104371921893], [0.6390584148105716, 0.17809114978238075, 0.048718638243014485, 0.1341317971640334], [0.20451935288392323, 0.2154105513909656, 0.45376205602074615, 0.12630803970436505], [0.10757023504056948, 0.538631391795907, 0.18073156918367664, 0.1730668039798467], [0.09909998969689574, 0.6994557116272146, 0.09386922361011395, 0.10757507506577571], [0.48830186521103924, 0.2655667105234719, 0.06200972176059961, 0.18412170250488935], [0.14788357861270324, 0.38182955536639024, 0.14763139120992108, 0.3226554748109855], [0.07824614885077713, 0.7518598525721378, 0.04914700971316423, 0.1207469888639209], [0.42893164520848903, 0.15417906155637978, 0.22314365111752021, 0.1937456421176109], [0.1675259458250816, 0.2909237791042956, 0.26167558243580846, 0.2798746926348144], [0.1592225421101632, 0.4534043600477119, 0.32346296424213483, 0.06391013359999], [0.23523455205579882, 0.4799507504765449, 0.1645726169518939, 0.12024208051576252], [0.24622914068426993, 0.4534434983269458, 0.16246047631684413, 0.13786688467194008], [0.36812091810163616, 0.23785259558730862, 0.16185446117488897, 0.23217202513616642], [0.2574831182943815, 0.30867837436444984, 0.10019990247647811, 0.3336386048646906], [0.34431232242417326, 0.3692946491430068, 0.10023204972792522, 0.18616097870489462], [0.3209182054721799, 0.2859836680534093, 0.08154442353400557, 0.3115537029404052], [0.6509920987425699, 0.19644502545772297, 0.036372710488075916, 0.11619016531163129], [0.1632213350564658, 0.3901596666710788, 0.09675990797202103, 0.3498590903004343], [0.14441436800428034, 0.4814909637085423, 0.10468902999350901, 0.2694056382936685], [0.17929296805056885, 0.46289189403594067, 0.19018717803575697, 0.1676279598777335], [0.44052008311889956, 0.18130190058269552, 0.08504900648743993, 0.29312900981096485], [0.47330411099591885, 0.17724826188421744, 0.09932045535452678, 0.25012717176533705], [0.18028918532647353, 0.6209499390569737, 0.07344973369128474, 0.12531114192526804], [0.3968432887958516, 0.3550809730625013, 0.07786785629319526, 0.17020788184845193], [0.3803396218891563, 0.3702499457384249, 0.0984054839143668, 0.15100494845805207], [0.14999851510489487, 0.349010309985488, 0.25506398917022766, 0.24592718573938963], [0.49939963045425545, 0.14898749859085064, 0.12955582453129397, 0.22205704642359989], [0.7392071975844996, 0.10605814650690264, 0.05770562512205546, 0.09702903078654229], [0.3495284842978167, 0.19923078197079808, 0.17538769318324168, 0.27585304054814364], [0.42964720895420183, 0.10168986919372539, 0.313367008441293, 0.15529591341077967], [0.16604458394992086, 0.39054540422748346, 0.10990368081858692, 0.3335063310040088], [0.2440429529157759, 0.46778024427270504, 0.09350528451030352, 0.1946715183012155], [0.324787112428229, 0.2240393562199613, 0.07694062242523649, 0.3742329089265733], [0.23612283655134525, 0.17023445355812022, 0.11552063771936738, 0.47812207217116715], [0.6370899179589611, 0.12282728224320584, 0.0880552478368988, 0.15202755196093432], [0.3012249439821839, 0.36935667786767035, 0.07232307613281803, 0.2570953020173278], [0.1732395069084407, 0.6884181901677084, 0.05363264241848552, 0.08470966050536534], [0.5177217897797316, 0.20359341864554723, 0.06794588347497296, 0.21073890809974818], [0.2628932475170823, 0.28211335957183503, 0.2145164093005252, 0.24047698361055767], [0.2832594235448474, 0.1796688127833124, 0.09978634637768463, 0.4372854172941556], [0.2885813613751111, 0.3615424661863368, 0.15540526269837562, 0.19447090974017664], [0.35249063843639244, 0.24518039361429386, 0.08523193081430847, 0.3170970371350055], [0.5604443461098099, 0.15378957192659418, 0.14911437829394456, 0.13665170366965135], [0.41885763470327486, 0.29802668078233197, 0.08892712454326217, 0.19418855997113085], [0.25949423833943935, 0.2900874796233937, 0.1430044763423426, 0.30741380569482435], [0.27840059893154606, 0.36956711691990457, 0.04675919812692175, 0.3052730860216277], [0.35833722172728916, 0.31125340062432905, 0.0796965821728176, 0.25071279547556413], [0.14698678908609084, 0.12665330446445142, 0.20284251012659957, 0.5235173963228581], [0.26578554056142145, 0.34848144458072194, 0.12694670546794512, 0.2587863093899116], [0.08673160443483058, 0.475256629173088, 0.21811406226713892, 0.21989770412494253], [0.4633799574018264, 0.3189597946814645, 0.057508637876956065, 0.16015161003975312], [0.3239007541982451, 0.20120206790618836, 0.12243169948917777, 0.35246547840638903], [0.43025354758507245, 0.19794576041383102, 0.12360590514972591, 0.24819478685137067], [0.14585464002430173, 0.3121019020382938, 0.28783414451195183, 0.2542093134254528], [0.237176864785472, 0.4500194202124621, 0.2057669929565895, 0.10703672204547644], [0.20546591839098743, 0.3417997085939526, 0.11409212149885817, 0.33864225151620175], [0.52434656567583, 0.16502631704538462, 0.11437099139108534, 0.19625612588769992], [0.24050388455002764, 0.2890722884551843, 0.08297124444217023, 0.38745258255261783], [0.4086132184111405, 0.32239759129282186, 0.14222129269169545, 0.12676789760434207], [0.26490807913194675, 0.24131787314327896, 0.14416928061171855, 0.34960476711305577], [0.27350688553237895, 0.24141755004768123, 0.16335578829221217, 0.3217197761277277], [0.2124906330049505, 0.41884893384420274, 0.08413234164306495, 0.2845280915077818], [0.23267832709424213, 0.31903356767920366, 0.07690767196789786, 0.37138043325865633], [0.3958658433935695, 0.11508958064890472, 0.04925202674681217, 0.4397925492107137], [0.5112209093862825, 0.30448263110461343, 0.03048660866702832, 0.15380985084207588], [0.49057131577550894, 0.22434795573554359, 0.1053012603248491, 0.17977946816409854], [0.3343492991619979, 0.11383448350138287, 0.4141829443513035, 0.13763327298531572], [0.3345852353010059, 0.31176000071000265, 0.12014862778289519, 0.2335061362060962], [0.16862519860304964, 0.22855000257621375, 0.2555468840995773, 0.34727791472115915], [0.34460194247101855, 0.1761567381342401, 0.12534455150855062, 0.35389676788619084], [0.38082181677753396, 0.2980244213231135, 0.11929766096254318, 0.20185610093680925], [0.3439952877178205, 0.4649021109480868, 0.05316113472424288, 0.13794146660985002], [0.30621134378862974, 0.22341958097295336, 0.1208289640803133, 0.3495401111581035], [0.13671307242602282, 0.630201829624298, 0.09785376899151478, 0.13523132895816445], [0.3815373242335185, 0.17206936786208743, 0.09357815232973858, 0.3528151555746555], [0.634833426970597, 0.1598894849451067, 0.06497170766143869, 0.1403053804228577], [0.22246791900383905, 0.5194227902961381, 0.07847599982188898, 0.17963329087813398], [0.06726099461312035, 0.8164620443142978, 0.035751086963620025, 0.08052587410896173], [0.27274808045124604, 0.2599331460557501, 0.13006801896589104, 0.3372507545271129], [0.12585561690477368, 0.6976869393260784, 0.04561211100724573, 0.13084533276190216], [0.44534370046764954, 0.31064146229187745, 0.09650236548420583, 0.14751247175626708], [0.3524125081122535, 0.25288704520297445, 0.22323919367966236, 0.17146125300510973], [0.3523377431368353, 0.25006811032798587, 0.14344441873768607, 0.2541497277974926], [0.48216396225712693, 0.13508229175313616, 0.08449886737487665, 0.29825487861486044], [0.18986248764871272, 0.567089623015646, 0.049553410996443614, 0.19349447833919764], [0.2189549460435716, 0.26829129549068437, 0.17963767161896196, 0.3331160868467821], [0.30277062105064834, 0.548907118543341, 0.06314104635437055, 0.08518121405164031], [0.3683825816169015, 0.20604373271117524, 0.15130775166213786, 0.27426593400978533], [0.4602765979022789, 0.2524654135482979, 0.12242101105592061, 0.16483697749350257], [0.16262722901293156, 0.5087605908011306, 0.12440031175659083, 0.20421186842934713], [0.10370955299410353, 0.7016654352141436, 0.08213938898212478, 0.11248562280962808], [0.2009682409479623, 0.4524531477180031, 0.12258425451855366, 0.22399435681548083], [0.21049316209069938, 0.496095101242479, 0.11315239114189532, 0.18025934552492615], [0.1640796866204565, 0.5408248765168935, 0.08900851050871322, 0.20608692635393674], [0.16003100818270286, 0.42484775399275915, 0.11552295146953463, 0.2995982863550032], [0.4302045272695005, 0.1497567444554181, 0.16732207786959888, 0.2527166504054828], [0.08980607749321068, 0.5402178377409416, 0.2365313617214111, 0.13344472304443672], [0.2039184175516926, 0.19108911789432767, 0.08589239658201145, 0.5191000679719683], [0.17253741747463516, 0.6832665629377439, 0.050262301771191266, 0.0939337178164297], [0.3231990449344985, 0.17851329865745294, 0.28358444502156954, 0.21470321138647905], [0.2484079289682289, 0.3297239583262059, 0.16786265313324586, 0.2540054595723194], [0.41847059195723246, 0.2986152265604355, 0.11059102229843827, 0.17232315918389365], [0.3809171691489718, 0.1466857652520893, 0.06471574189616454, 0.4076813237027743], [0.12708899526817108, 0.6776174213117029, 0.07681759507004013, 0.11847598835008595], [0.26646505422845146, 0.3805506591635643, 0.13859599164562839, 0.214388294962356], [0.25579781029693965, 0.3204008410938659, 0.19679438197702287, 0.22700696663217163], [0.6238003627491291, 0.1648153748778726, 0.061003545585818275, 0.15038071678717993], [0.28076738772648885, 0.4458529773614211, 0.05817401724044479, 0.2152056176716454], [0.14996200542830324, 0.6408768987459322, 0.0634807616532223, 0.14568033417254223], [0.25571501743304975, 0.45759392147780587, 0.09827416876993664, 0.18841689231920794], [0.44062920507878867, 0.19645834725542977, 0.19868430458888642, 0.16422814307689498], [0.22444751281198497, 0.6091755374469014, 0.0706124419919252, 0.09576450774918831], [0.5077633292056212, 0.1703806371295584, 0.10054388282917773, 0.22131215083564287], [0.29928091993115497, 0.36329414588850745, 0.09617545018660426, 0.24124948399373353], [0.10563375016789758, 0.246746195344092, 0.048585764532701525, 0.5990342899553088], [0.27893411645460486, 0.11725028187803212, 0.15857736908276082, 0.4452382325846022], [0.1510434419569659, 0.40915174837891566, 0.11931185797214705, 0.3204929516919713], [0.353044091957155, 0.28448904495752564, 0.14137139190600923, 0.22109547117931025], [0.5049716158107647, 0.21774602399210066, 0.07590308192024114, 0.20137927827689361], [0.3648180262557133, 0.26373672468713594, 0.11825213093706254, 0.25319311812008816], [0.4987570665870776, 0.1503960927466175, 0.18427185124417267, 0.16657498942213228], [0.3761801514256154, 0.17688923037328633, 0.17076418199198484, 0.2761664362091134], [0.6215814686950568, 0.12366991706616508, 0.07174944424375278, 0.18299916999502536], [0.579508499391729, 0.09656541271021643, 0.051775214243401625, 0.2721508736546528], [0.64888614302502, 0.07087202426588952, 0.06606675547735102, 0.2141750772317396], [0.372869966062145, 0.22760608517905884, 0.18590268791380524, 0.213621260844991], [0.10353907754400149, 0.5048612153398296, 0.2185048969063032, 0.1730948102098655], [0.29383935038786707, 0.14316833605124557, 0.11638019559246106, 0.44661211796842637]]}}