{"test": {"ids": ["112116810", "113118421", "99109780", "113120751", "113120531", "112118511", "112116990", "110117200", "111120591", "105112130", "109118231", "112117780", "98116940", "103120340", "112120630", "98106560", "110116170", "101116130", "106117650", "107113180", "113121680", "101111310", "99108460", "113122430", "110118630", "100113370", "105110251", "100109890", "108120260", "111119430", "105115680", "98109311", "101108500", "111117000", "99119830", "103109641", "112118810", "103112470", "109116040", "110120540", "112118930", "100116790", "113118231", "111120220", "103113210", "110114610", "100115700", "99108330", "112116290", "109121351", "102110240", "98106111", "105118230", "105116650", "109116810", "105114220", "110116441", "99121440", "99108890", "105113480", "112121430", "101108460", "101111620", "99108710", "112118860", "106116820", "102109010", "111115780", "105116441", "104114410", "112117431", "99108000", "108118060", "101117580", "104113190", "111120640", "108121190", "105117351", "104114240", "113122220", "105116980", "100108490", "107120130", "111119610", "107119390", "104112201", "101112201", "99120010", "108116501", "111121930", "108121410", "109113591", "112119580", "112119930", "109119460", "100120780", "100111380", "104111780", "111116170", "108120060", "110115890", "102109910", "108114200", "98116500", "109117431", "108113620", "98110810", "97107681", "111119300", "98111860", "98106880", "99114890", "111117120", "106121220", "106120290", "110114321", "105116090", "109115220", "111116090", "113120640", "111121220", "108114180", "107114950", "98121790", "110118161", "102121440", "113120601", "103109021", "112116640", "113117340", "107120880", "113121810", "99113260", "97116410", "109115211", "100111620", "104116800", "109119591", "99109370", "108117360", "100109000", "97116790"], "labels": [3, 3, 2, 1, 0, 1, 0, 3, 1, 1, 1, 0, 2, 1, 3, 1, 0, 2, 1, 3, 1, 3, 0, 2, 1, 3, 0, 3, 1, 3, 2, 1, 3, 0, 1, 1, 3, 1, 0, 1, 1, 2, 3, 3, 3, 1, 1, 1, 0, 0, 3, 0, 1, 1, 3, 3, 3, 2, 0, 0, 2, 0, 3, 2, 3, 1, 1, 1, 1, 1, 0, 2, 1, 3, 3, 0, 1, 0, 0, 1, 0, 2, 2, 2, 2, 0, 0, 2, 0, 1, 0, 3, 3, 1, 1, 1, 3, 3, 0, 1, 2, 2, 0, 2, 1, 3, 1, 3, 1, 0, 0, 2, 2, 1, 2, 1, 1, 3, 3, 0, 3, 1, 3, 2, 0, 2, 2, 0, 0, 2, 1, 2, 0, 3, 0, 3, 1, 0, 1, 1, 1, 2], "predicted_labels": [2, 3, 2, 0, 0, 1, 2, 0, 0, 3, 1, 3, 1, 1, 0, 2, 0, 2, 2, 1, 2, 0, 3, 1, 3, 1, 0, 3, 1, 3, 1, 1, 2, 1, 2, 2, 0, 2, 3, 1, 3, 1, 1, 0, 3, 2, 1, 3, 1, 0, 0, 2, 1, 2, 3, 3, 3, 2, 1, 0, 3, 0, 1, 1, 3, 0, 1, 1, 1, 2, 0, 1, 3, 3, 1, 0, 1, 3, 0, 1, 1, 0, 1, 3, 1, 3, 0, 1, 3, 2, 3, 3, 0, 3, 0, 3, 3, 0, 1, 0, 0, 0, 1, 3, 0, 1, 2, 1, 1, 2, 1, 3, 1, 3, 1, 0, 0, 3, 0, 0, 3, 1, 1, 0, 1, 0, 2, 0, 0, 0, 3, 2, 2, 3, 3, 2, 3, 1, 1, 0, 3, 2], "confidence_scores": [[0.27775126095280506, 0.06609027409255189, 0.620560898072117, 0.03559756688252617], [0.016744938313475385, 0.004880101139803714, 0.003466118572405348, 0.9749088419743156], [0.10384418999961272, 0.037969234315245605, 0.7988864148553517, 0.059300160829790026], [0.8613374162823331, 0.01522526585133987, 0.009609731279832766, 0.11382758658649429], [0.5173146823300512, 0.11051634899397351, 0.06129110752866074, 0.3108778611473144], [0.2535047575271759, 0.5290929945108144, 0.14517262012102697, 0.0722296278409828], [0.10658473260819339, 0.12179522775942102, 0.4572619480636356, 0.31435809156875], [0.8611946489720479, 0.07028067266755857, 0.020143907074861397, 0.04838077128553225], [0.7765483175015326, 0.025594290828381366, 0.005119824669816089, 0.19273756700026992], [0.1399907607279746, 0.15063926503905908, 0.12522085586524717, 0.5841491183677192], [0.08977976698158757, 0.6234839118426597, 0.20410816493172562, 0.0826281562440271], [0.21910106990081638, 0.1084607688081458, 0.016062482652762798, 0.6563756786382751], [0.1380846156210144, 0.4144514352813174, 0.22779862167570625, 0.2196653274219619], [0.1753210506010237, 0.32833231842729693, 0.30938323549297386, 0.18696339547870552], [0.798748440724373, 0.03389164782912599, 0.0068048381274467265, 0.16055507331905416], [0.0214831797461931, 0.02450035758336766, 0.7516843389269902, 0.20233212374344903], [0.350627339273696, 0.2522791274708353, 0.09386790867905853, 0.3032256245764101], [0.15532054284841076, 0.18425357451370106, 0.3793765676488106, 0.28104931498907765], [0.13494548360652955, 0.15894697324299453, 0.4469746162750238, 0.25913292687545214], [0.012116649584228001, 0.5826334207528425, 0.06865558843897206, 0.3365943412239574], [0.09311202080559006, 0.2830121615483953, 0.5051451121579215, 0.1187307054880932], [0.4155348750059671, 0.25098949647855123, 0.31092038774931274, 0.022555240766168994], [0.06283791588398675, 0.23146578370682136, 0.06692142604703208, 0.6387748743621597], [0.047228438524456656, 0.6970796556316712, 0.1190003081647185, 0.13669159767915376], [0.2046319585128889, 0.22828851437778175, 0.26796739007925274, 0.29911213703007666], [0.0665100168248544, 0.48562294422053903, 0.14453315732511662, 0.30333388162948993], [0.44236539617351117, 0.3245598841947118, 0.1715296532281087, 0.061545066403668316], [0.06882784609293807, 0.10728903741765443, 0.05758108822615877, 0.7663020282632487], [0.12441750473029504, 0.46557698468023007, 0.021202594020933035, 0.38880291656854177], [0.04909681039302059, 0.07310810224943409, 0.032091713395962125, 0.8457033739615832], [0.022966659176453814, 0.4044930720842566, 0.24644944646879155, 0.32609082227049807], [0.12738350336218918, 0.5934927889551508, 0.08067746576987574, 0.19844624191278432], [0.00844004680841999, 0.025116162269469906, 0.8713983099832322, 0.0950454809388778], [0.36192911947262635, 0.36472247830608046, 0.018248787380053342, 0.2550996148412397], [0.1030970122145868, 0.10589587663385704, 0.4936622136333411, 0.29734489751821497], [0.04930463482145549, 0.1058948075271076, 0.44000479087779387, 0.40479576677364293], [0.6627283984299629, 0.03510978298938302, 0.06691136395615839, 0.23525045462449556], [0.15735281976260063, 0.3517957847519633, 0.3976697550592112, 0.09318164042622475], [0.13793982410397942, 0.1731410636902133, 0.05464485167135747, 0.6342742605344498], [0.006793253683601045, 0.8863659716171834, 0.024144665888244807, 0.08269610881097082], [0.41086862228409016, 0.08578848798200915, 0.021912224513312494, 0.4814306652205883], [0.0591573118983278, 0.609310970552287, 0.2459528391414839, 0.0855788784079012], [0.059256683489877365, 0.5169135481161713, 0.11200967675582467, 0.31182009163812663], [0.6848026468383591, 0.15059753005735146, 0.06632832341512716, 0.09827149968916214], [0.01557925100017196, 0.10031193942993591, 0.11091048152365296, 0.7731983280462392], [0.36055919347198095, 0.12109117936668301, 0.4346960524735224, 0.08365357468781377], [0.12384330774214362, 0.42796169082056057, 0.1310484551457763, 0.31714654629151956], [0.031294625659928216, 0.00834117519807198, 0.2200390053924134, 0.7403251937495865], [0.09458432179876121, 0.7932002948498978, 0.06373171701097988, 0.04848366634036115], [0.7259929008514274, 0.14986991323037233, 0.06252616850386086, 0.06161101741433947], [0.6806563696848649, 0.1707929664465324, 0.061676724603289906, 0.08687393926531277], [0.03942717650195995, 0.17264642659403598, 0.4272278676951453, 0.36069852920885875], [0.0010656509953612964, 0.7966936295236222, 0.17255426276927896, 0.0296864567117377], [0.024031794048277526, 0.14952967563247319, 0.742187455433275, 0.08425107488597429], [0.16358352396700268, 0.26036702814183865, 0.0018633907770356957, 0.5741860571141231], [0.40456234710881234, 0.05621845473508302, 0.029462118148402456, 0.5097570800077021], [0.06272019751826491, 0.19364476629981095, 0.21627272496561786, 0.5273623112163063], [0.06274904856453868, 0.1779656935405395, 0.7070518965333981, 0.052233361361523685], [0.06782085036802049, 0.8653209673955963, 0.02808775095712183, 0.038770431279261476], [0.3286086900631105, 0.28774549028669777, 0.3213655352325483, 0.062280284417643425], [0.12625270498060323, 0.08857875258835445, 0.2512463081122264, 0.5339222343188159], [0.7717850375136743, 0.0058943628805458404, 0.059901431456514324, 0.16241916814926563], [0.3959122647757094, 0.48042736327878055, 0.09279074064013802, 0.03086963130537212], [0.001301637922736249, 0.9903134119853363, 0.0066878264268183975, 0.0016971236651089035], [0.06266276829416824, 0.05707832156580527, 0.2792946100726809, 0.6009643000673455], [0.5869992270359934, 0.14231213259684175, 0.10348953586660728, 0.16719910450055758], [0.16397449926741098, 0.33730039980455095, 0.2407734431038338, 0.2579516578242044], [0.09969053141416925, 0.4078144559086922, 0.18333225748971285, 0.3091627551874258], [0.11740971982196363, 0.7381578333922912, 0.014558055983042184, 0.12987439080270283], [0.07689034181506263, 0.23796075998887894, 0.42691168265117885, 0.2582372155448796], [0.8191726890961558, 0.03274937720684275, 0.0033575892306068264, 0.14472034446639465], [0.03697650021753646, 0.7801760825822812, 0.14079422173931186, 0.0420531954608705], [0.21343143249023352, 0.05934682597226415, 0.1736658163692975, 0.5535559251682048], [0.1880677248224281, 0.18847319021032471, 0.05283699898278054, 0.5706220859844666], [0.02594056613645989, 0.4870457970475345, 0.05573395835072848, 0.43127967846527715], [0.4716794875641014, 0.2887546761000439, 0.06670227173256629, 0.17286356460328847], [0.006941298598443548, 0.6176479761620166, 0.13432483607060922, 0.2410858891689307], [0.2561909217310358, 0.12187747910087197, 0.0760944310020704, 0.5458371681660218], [0.881190769848334, 0.007010341828115063, 0.046608357508980985, 0.06519053081456984], [0.414905630610515, 0.506988745564014, 0.007842147019380427, 0.07026347680609075], [0.2688353453823734, 0.43868888625172675, 0.01033141704601509, 0.2821443513198847], [0.48565184540201656, 0.08979578545712925, 0.368259112624149, 0.056293256516705116], [0.014194927302944704, 0.9149934288459556, 0.020476532116824295, 0.05033511173427541], [0.27378044830552084, 0.1244927896897474, 0.15806558950226704, 0.4436611725024646], [0.054022128075291734, 0.4099899534179596, 0.34060797304149765, 0.19537994546525098], [0.2321016416253347, 0.21599949508688931, 0.01622945835502838, 0.5356694049327476], [0.477541217044698, 0.367035585028594, 0.01977410716139948, 0.1356490907653087], [0.03824299513758351, 0.5419260301261359, 0.1379284291954613, 0.2819025455408193], [0.02178953776753531, 0.1085671019687235, 0.010088767025029149, 0.859554593238712], [0.029761008364603662, 0.03375346881028358, 0.9044339724795704, 0.032051550345542246], [0.1278709516467963, 0.3234908109186459, 0.006559256155362759, 0.5420789812791951], [0.4118908714298414, 0.1482660352455836, 0.007425632910212064, 0.43241746041436285], [0.8456505364833675, 0.011516304861537147, 0.03607890096202584, 0.10675425769306945], [0.37466026828448973, 0.02221600727220108, 0.10351963371560127, 0.4996040907277079], [0.5194580506202582, 0.12031519262176384, 0.03152571513370261, 0.32870104162427544], [0.3166503902453899, 0.1849145916996627, 0.1520810969480854, 0.3463539211068621], [0.1766432947383043, 0.16261283825445202, 0.14371051544508423, 0.5170333515621595], [0.36872728998999293, 0.35106346253637244, 0.0593052447957559, 0.22090400267787877], [0.12438024585833715, 0.6645702707431207, 0.02097361247410184, 0.19007587092444028], [0.7854440885817888, 0.10166908124940391, 0.025711303010597198, 0.08717552715821027], [0.605587929679989, 0.20351220735449163, 0.1610245429607997, 0.029875320004719666], [0.39052119969025056, 0.30821059868423223, 0.07182373851138463, 0.22944446311413258], [0.04505419506873936, 0.7107534926060332, 0.18700883976068672, 0.05718347256454086], [0.3051001520117083, 0.10924832161386491, 0.14289279497564522, 0.4427587313987816], [0.508661863411696, 0.1479781956905698, 0.01411176822270492, 0.3292481726750292], [0.2366799728591625, 0.616760623037825, 0.009987206666357188, 0.13657219743665533], [0.018801561086456656, 0.2119926710347521, 0.6956397860877819, 0.07356598179100926], [0.05100555419677697, 0.8507296934522245, 0.05865269227515787, 0.03961206007584092], [0.15585862602016923, 0.4379725017753982, 0.2832357873286332, 0.12293308487579939], [0.003139479720066849, 0.007713844157255464, 0.979012251158147, 0.010134424964530852], [0.10095308839317546, 0.6021103571152467, 0.27013504658189713, 0.0268015079096808], [0.004661430950512372, 0.19472755896664892, 0.10565189447356438, 0.6949591156092744], [0.3633036742960885, 0.5774277266012139, 0.01237696044782048, 0.04689163865487715], [0.0030747054911335163, 0.11872197354298632, 0.055851173438889776, 0.8223521475269904], [0.018298809570216956, 0.8275911745763658, 0.058831641650143505, 0.0952783742032736], [0.338072509765094, 0.20547351064174924, 0.22357170894239883, 0.23288227065075795], [0.5268717261128114, 0.37255318899362055, 0.023946381285215826, 0.07662870360835222], [0.1484103046139592, 0.2385138011201795, 0.18295137912657689, 0.4301245151392844], [0.4587110798332221, 0.15246648712127583, 0.08973301866843737, 0.29908941437706454], [0.6981912808389752, 0.17709850374952968, 0.03313404543906439, 0.09157616997243079], [0.23934307657688275, 0.21206057432455336, 0.10858455262941312, 0.44001179646915073], [0.15262965547088117, 0.6136224218689342, 0.039779030614394535, 0.19396889204579015], [0.23766145556614104, 0.5121050612705143, 0.07725700994053805, 0.17297647322280668], [0.31949070150155895, 0.288987616018451, 0.1884399680196928, 0.2030817144602972], [0.31698157081152456, 0.5310262691888026, 0.016527713186985978, 0.13546444681268688], [0.5045565089951549, 0.25513235421710906, 0.08905797835504768, 0.15125315843268838], [0.02199802362529841, 0.19929491193879384, 0.5739696277610724, 0.20473743667483532], [0.7535322237397625, 0.034503085976790415, 0.09652438047850094, 0.11544030980494606], [0.35427669135427786, 0.2517235672014866, 0.04252051661049102, 0.3514792248337446], [0.5036645761240697, 0.23523267609125517, 0.021557193159249515, 0.23954555462542546], [0.013421405416710983, 0.1133669593280798, 0.14874556144172085, 0.7244660738134883], [0.13739390184203867, 0.2836283752537613, 0.5349576015003297, 0.044020121403870245], [0.08699347134732294, 0.17152020591409134, 0.5979423484461832, 0.14354397429240254], [0.18430247086633936, 0.024916065055646763, 0.058246577351882975, 0.7325348867261309], [0.07573665850994567, 0.17656093640325188, 0.06581229895477722, 0.6818901061320252], [0.09661083887802938, 0.15839964030279957, 0.5718856835742867, 0.17310383724488432], [0.2051671729789449, 0.11205401869364279, 0.0218452086580246, 0.6609335996693877], [0.07355906292229444, 0.7963252268435282, 0.07995715503181852, 0.050158555202358714], [0.014199570763412241, 0.9288509772495961, 0.027484634298849744, 0.02946481768814185], [0.3618301615336195, 0.024768820057100766, 0.3561494836282896, 0.25725153478099017], [0.06074369453187857, 0.011854999043719209, 0.0064281305599140975, 0.9209731758644881], [0.3536220071985186, 0.1696511188642866, 0.38124129962697456, 0.09548557431022017]]}, "rewritten": {"ids": ["97107681", "97116410", "97116790", "98106111", "98106560", "98106880", "98109311", "98110810", "98111860", "98116500", "98116940", "98121790", "99108000", "99108330", "99108460", "99108710", "99108890", "99109370", "99109780", "99113260", "99114890", "99119830", "99120010", "99121440", "100108490", "100109000", "100109890", "100111380", "100111620", "100113370", "100115700", "100116790", "100120780", "101108460", "101108500", "101111310", "101111620", "101112201", "101116130", "101117580", "102109010", "102109910", "102110240", "102121440", "103109021", "103109641", "103112470", "103113210", "103120340", "104111780", "104112201", "104113190", "104114240", "104114410", "104116800", "105110251", "105112130", "105113480", "105114220", "105115680", "105116090", "105116441", "105116650", "105116980", "105117351", "105118230", "106116820", "106117650", "106120290", "106121220", "107113180", "107114950", "107119390", "107120130", "107120880", "108113620", "108114180", "108114200", "108116501", "108117360", "108118060", "108120060", "108120260", "108121190", "108121410", "109113591", "109115211", "109115220", "109116040", "109116810", "109117431", "109118231", "109119460", "109119591", "109121351", "110114321", "110114610", "110115890", "110116170", "110116441", "110117200", "110118161", "110118630", "110120540", "111115780", "111116090", "111116170", "111117000", "111117120", "111119300", "111119430", "111119610", "111120220", "111120591", "111120640", "111121220", "111121930", "112116290", "112116640", "112116810", "112116990", "112117431", "112117780", "112118511", "112118810", "112118860", "112118930", "112119580", "112119930", "112120630", "112121430", "113117340", "113118231", "113118421", "113120531", "113120601", "113120640", "113120751", "113121680", "113121810", "113122220", "113122430"], "labels": [3, 3, 2, 0, 1, 0, 1, 1, 0, 2, 2, 2, 2, 1, 0, 2, 0, 1, 2, 0, 2, 1, 2, 2, 2, 1, 3, 3, 3, 3, 1, 2, 1, 0, 3, 3, 3, 0, 2, 3, 1, 2, 3, 2, 0, 1, 1, 3, 1, 3, 0, 3, 0, 1, 1, 0, 1, 0, 3, 2, 1, 1, 1, 0, 0, 1, 1, 1, 2, 1, 3, 3, 2, 2, 1, 3, 1, 0, 0, 1, 1, 1, 1, 1, 0, 3, 0, 3, 0, 3, 1, 1, 1, 0, 0, 1, 1, 2, 0, 3, 3, 0, 1, 1, 1, 3, 0, 0, 2, 1, 3, 2, 3, 1, 0, 3, 1, 0, 0, 3, 0, 0, 0, 1, 3, 3, 1, 3, 1, 3, 2, 2, 3, 3, 0, 2, 0, 1, 1, 2, 1, 2], "predicted_labels": [0, 0, 0, 3, 0, 0, 0, 2, 0, 1, 0, 0, 1, 2, 1, 0, 0, 0, 2, 1, 3, 0, 0, 1, 0, 0, 0, 3, 3, 0, 1, 0, 0, 0, 0, 0, 0, 0, 0, 3, 3, 0, 0, 0, 0, 0, 0, 0, 0, 0, 3, 0, 0, 0, 3, 0, 3, 1, 0, 1, 1, 1, 3, 0, 0, 1, 0, 0, 1, 3, 0, 0, 0, 0, 0, 0, 0, 0, 0, 1, 0, 0, 0, 0, 0, 0, 0, 0, 3, 0, 0, 0, 1, 0, 0, 0, 0, 0, 0, 0, 0, 0, 3, 2, 0, 0, 0, 0, 0, 1, 0, 0, 0, 0, 0, 0, 2, 0, 0, 2, 0, 0, 0, 0, 0, 1, 0, 0, 0, 0, 1, 3, 1, 3, 0, 0, 0, 0, 0, 0, 0, 1], "confidence_scores": [[0.6437759983181686, 0.1329842859332552, 0.20900996004121292, 0.014229755707363297], [0.6322508155528391, 0.006612855893970186, 0.007980630234433699, 0.35315569831875704], [0.3544591425605876, 0.3531533945232117, 0.2814520628915919, 0.010935400024608823], [0.06467085885197754, 0.04003582684702679, 0.01373591655504374, 0.8815573977459519], [0.6007895194420287, 0.1365091518399884, 0.14439790807266667, 0.11830342064531611], [0.7422168564315127, 0.08787656785089568, 0.15680522592772905, 0.013101349789862446], [0.878875861439649, 0.09911418678155348, 0.003295201964914027, 0.018714749813883245], [0.21468428967872394, 0.07680129717658689, 0.6859216948871422, 0.022592718257547172], [0.6336733757145306, 0.04305025705900832, 0.30317957536659973, 0.020096791859861282], [0.14577992680356064, 0.6545156127631953, 0.02330081575861122, 0.17640364467463288], [0.4340537075646669, 0.21724660840484364, 0.027813811253939842, 0.3208858727765497], [0.8647297119232228, 0.09696416026690996, 0.035690782522793445, 0.0026153452870738667], [0.10363344068339495, 0.8868306107637425, 0.006461552119425862, 0.003074396433436717], [0.007131270112292295, 0.05426284034752099, 0.7719151858759604, 0.16669070366422648], [0.03274491246271551, 0.7404890803834556, 0.035087710218796246, 0.19167829693503252], [0.6020108560989083, 0.28240081191081523, 0.0590558944641884, 0.05653243752608819], [0.6946598110801214, 0.0974494074676411, 0.09717105715151066, 0.1107197243007269], [0.4704508008109649, 0.21899025020310378, 0.19855888108834369, 0.1120000678975877], [0.28513896757909496, 0.26943363657625113, 0.4172816955913615, 0.028145700253292317], [0.14111258091911172, 0.7344747889159717, 0.037250215275087546, 0.08716241488982902], [0.027180675350322585, 0.07777817501379108, 0.12467201846880747, 0.7703691311670788], [0.6942923026977628, 0.04418805515602529, 0.11418050585711437, 0.14733913628909767], [0.5216485403188963, 0.15061801090514484, 0.17786655750285174, 0.14986689127310712], [0.33732716830668313, 0.35807576948977765, 0.2647898466779787, 0.03980721552556052], [0.8321397238272377, 0.05260828823422725, 0.015324596956253336, 0.09992739098228187], [0.8589627655709967, 0.013431233166497806, 0.02575364668746443, 0.10185235457504116], [0.5125376062800174, 0.22778727431497667, 0.041688588243894625, 0.2179865311611112], [0.34026084936654394, 0.08271066857054907, 0.1851723652947097, 0.39185611676819726], [0.19726932500678565, 0.07862038802453579, 0.03719295523653641, 0.6869173317321422], [0.9161629802099198, 0.02739654123678612, 0.01800981336590568, 0.038430665187388406], [0.32606903094859613, 0.47673146597127064, 0.10894288944594359, 0.08825661363418967], [0.7744270479028109, 0.16542732940436716, 0.010033234699734982, 0.050112387993086975], [0.6140174669571489, 0.16802032522217886, 0.14215341142986235, 0.07580879639080984], [0.5407392329169423, 0.24844281090332504, 0.08251782244653859, 0.12830013373319415], [0.5839383304771111, 0.13955716706033033, 0.14006612920268108, 0.13643837325987754], [0.8898492800034857, 0.010059185852448287, 0.08406567822026738, 0.016025855923798557], [0.7559253744655985, 0.012455185569858288, 0.02753107194198732, 0.20408836802255603], [0.9194050833950123, 0.03808066127394734, 0.006934585161623803, 0.035579670169416565], [0.9172582369058516, 0.009835007500645122, 0.05945214874915731, 0.013454606844346097], [0.029246775389066063, 0.023983132751430127, 0.033459632408937665, 0.9133104594505662], [0.2131794140612723, 0.07807572296027998, 0.020767390303630395, 0.6879774726748172], [0.9685785554357822, 0.01664334778918029, 0.0012524769886936844, 0.013525619786343934], [0.4873947730167299, 0.4151952314320183, 0.07215410465321581, 0.02525589089803591], [0.8419420506001344, 0.12283047290364428, 0.024537358423318476, 0.010690118072902738], [0.9829948545577505, 0.0060110453552029075, 0.010085180523895764, 0.0009089195631509508], [0.5755152212709043, 0.39679502917812187, 0.0015597800284135458, 0.026129969522560307], [0.5687550661597205, 0.09615288392407828, 0.12420388010491558, 0.21088816981128555], [0.5022241518614334, 0.12961452554903163, 0.2252908764500828, 0.1428704461394521], [0.4131164159291603, 0.20604785914674145, 0.18148351632689153, 0.19935220859720673], [0.7938411114530004, 0.19074290849320952, 0.003272231064647144, 0.012143748989142942], [0.48902517484758223, 0.01787183637978985, 0.0032157818564048615, 0.48988720691622295], [0.7885613496930848, 0.04383939399395418, 0.02581177684825134, 0.1417874794647098], [0.8209129381598327, 0.1333801330107614, 0.03979071082703874, 0.005916218002367341], [0.9486312458294818, 0.044195217848767926, 0.0008901650884394769, 0.006283371233310828], [0.4304385363528208, 0.05247097963739881, 0.018904737714464385, 0.4981857462953161], [0.7386230224947811, 0.12105855656661593, 0.004457139727740407, 0.13586128121086272], [0.14287070530293075, 0.09693003676724357, 0.05106806428103416, 0.7091311936487914], [0.37944596115251555, 0.5006164657302272, 0.07584653133120073, 0.04409104178605638], [0.9568700913708651, 0.026146052876663568, 0.007548518395513145, 0.00943533735695812], [0.22475938511468088, 0.6363691219047372, 0.09016083702889713, 0.04871065595168476], [0.2953335374986669, 0.6370139677879577, 0.008066260572229825, 0.05958623414114569], [0.27185132222684627, 0.6506208873140332, 0.02212801072552488, 0.055399779733595736], [0.16690780097215144, 0.14351840369286104, 0.05096924400708157, 0.6386045513279061], [0.8779949604592928, 0.040066659502184625, 0.007564809724916737, 0.0743735703136059], [0.6734992285588787, 0.18877638589823043, 0.011186325439662394, 0.1265380601032284], [0.0528168408949572, 0.8615948085289624, 0.03439279731220283, 0.05119555326387767], [0.7342043987614758, 0.014076973339495372, 0.055215390279850445, 0.19650323761917837], [0.5797004296134864, 0.04378989122549575, 0.2172559675807869, 0.15925371158023094], [0.32006385274354054, 0.5892445676071265, 0.015309882464026542, 0.0753816971853064], [0.16377875007371753, 0.02877717855375753, 0.026839111013606993, 0.780604960358918], [0.7715641992278025, 0.10451176664695346, 0.02644172191034611, 0.09748231221489796], [0.7909402786263059, 0.027934563751488308, 0.12682483555151347, 0.05430032207069224], [0.6817880404775333, 0.2661471661622228, 0.012157063332725076, 0.03990773002751887], [0.6036632462164123, 0.1865110883329951, 0.1204892124118188, 0.08933645303877384], [0.9299726755232727, 0.0034614714675698594, 0.02222605885287945, 0.04433979415627807], [0.5081830081296246, 0.4104843244771743, 0.02313282741431507, 0.05819983997888603], [0.6384043118807208, 0.35965457939235507, 0.001128078974884328, 0.0008130297520399684], [0.5526565836303963, 0.3857393069750834, 0.012201313023128492, 0.04940279637139187], [0.4972504437031422, 0.4348565513366386, 0.012616725313621737, 0.055276279646597586], [0.1725308244396052, 0.3479347518982318, 0.3055157877356784, 0.17401863592648456], [0.46382088849186676, 0.07963139606608233, 0.1428084089910398, 0.31373930645101106], [0.9413736685402639, 0.0413865091303157, 0.0028241325921737007, 0.014415689737246568], [0.5335743871345251, 0.24248284739458245, 0.0013644578941089576, 0.22257830757678337], [0.5086534785080573, 0.20737997975157227, 0.03208667965234055, 0.25187986208802987], [0.5375657041044237, 0.4075902309999676, 0.00930169325160288, 0.045542371644005805], [0.7738381681665152, 0.12357427333311877, 0.011487219852622183, 0.0911003386477439], [0.884510005370638, 0.07574696094559911, 0.019186480009480398, 0.020556553674282607], [0.722054841809478, 0.0039003037481365145, 0.0029905608166873733, 0.27105429362569816], [0.17682604800535298, 0.017703447922615315, 0.018637388827704236, 0.7868331152443274], [0.5335755134190223, 0.21647977219814238, 0.002393247046632618, 0.24755146733620273], [0.6736915894180623, 0.019328093716025768, 0.09633298449800619, 0.21064733236790562], [0.8395368211652445, 0.06411261447625936, 0.035440052756729, 0.06091051160176709], [0.045809271701225236, 0.7641943651018123, 0.029767822824423265, 0.16022854037253925], [0.5121119494084736, 0.22477705559733255, 0.23422365631014905, 0.028887338684044844], [0.9833101792116964, 0.00379063678932098, 0.0045766725985434895, 0.008322511400439096], [0.769739398430112, 0.08486101314303539, 0.01828757579519644, 0.12711201263165628], [0.804741385623328, 0.11529013597428898, 0.025565680399304586, 0.05440279800307851], [0.9635720565250545, 0.005373857639492608, 0.008729491211610495, 0.022324594623842627], [0.5790564213949249, 0.3383134480881047, 0.006992868823219963, 0.07563726169375048], [0.6897886845842596, 0.14892149940803853, 0.015328396964412794, 0.145961419043289], [0.9797806612527431, 0.012076330446387862, 0.006909231234877044, 0.00123377706599189], [0.40707795138888797, 0.3138588119074269, 0.11460063374574127, 0.164462602957944], [0.12278396469431585, 0.19722575352331084, 0.31023892230988126, 0.369751359472492], [0.21408332668731117, 0.08615980355532998, 0.660528920908169, 0.03922794884918993], [0.5426842251607775, 0.2746576195236396, 0.13366281751777492, 0.04899533779780789], [0.8477007645047709, 0.1001237437207017, 0.013123642765120637, 0.03905184900940672], [0.7860668007329393, 0.1479492677987871, 0.04181711242070843, 0.024166819047565125], [0.6432062818593859, 0.07387978519897975, 0.025903573985772997, 0.2570103589558614], [0.8433561628762667, 0.02614388190636481, 0.0340064708941745, 0.09649348432319396], [0.3103435828190345, 0.4068181012718982, 0.13851465087656992, 0.14432366503249727], [0.4409741809229016, 0.13967656579365034, 0.02766347121333244, 0.3916857820701156], [0.8671412880693992, 0.021936703287037364, 0.02045655275999338, 0.09046545588357002], [0.9311678119709702, 0.05451573573205582, 0.010705947508464576, 0.0036105047885094414], [0.9454931558530615, 0.03723285339994074, 0.0007002177659169836, 0.016573772981080932], [0.7689231399935471, 0.06384355411534312, 0.05682168864775491, 0.11041161724335503], [0.6299328648606514, 0.2726695680287091, 0.03209617329475648, 0.06530139381588301], [0.20023478064108144, 0.3066020336271174, 0.42775136094905236, 0.06541182478274885], [0.6951291852771846, 0.2723909999735862, 0.017324131582243153, 0.015155683166985982], [0.9240109290765938, 0.025928633620983632, 0.0066127911840221975, 0.04344764611840064], [0.28072519192653916, 0.22000683184973382, 0.35547373833006646, 0.14379423789366047], [0.8613378124734279, 0.015820609059224937, 0.05853097795323533, 0.06431060051411171], [0.7631686043133533, 0.23431390301024235, 0.0012823056015377203, 0.0012351870748664683], [0.5748576407600091, 0.2960679950649002, 0.020345564855628467, 0.10872879931946229], [0.9625819100261439, 0.022409972779358894, 0.005385783998502699, 0.009622333195994448], [0.7460798354107326, 0.0533702911239053, 0.0070842733408846646, 0.19346560012447753], [0.30681755293945956, 0.44796538319008783, 0.1423864028430731, 0.10283066102737946], [0.5642083621376426, 0.2948144765952712, 0.03582853909712656, 0.10514862216995964], [0.9308735712034991, 0.05214544890996326, 0.005912452898272959, 0.011068526988264441], [0.8892939758875719, 0.03415595880120115, 0.03964551308622183, 0.03690455222500503], [0.8109387459619567, 0.08140759540852636, 0.003068637311237493, 0.10458502131827943], [0.11895102618170292, 0.43190191520006804, 0.03588225936300809, 0.4132647992552208], [0.24604947463099006, 0.06652630904891942, 0.02015942297232371, 0.6672647933477669], [0.18170742361788808, 0.38856095794827433, 0.06276885882699776, 0.3669627596068399], [0.4891150540964785, 0.008999035501762908, 0.0002547565178546688, 0.501631153883904], [0.7516410442882226, 0.027129723531691588, 0.011141078436417371, 0.21008815374366832], [0.754781986757909, 0.21694597836632112, 0.007589639983123269, 0.020682394892646675], [0.6939123354483046, 0.20846351535567714, 0.030155768240430043, 0.06746838095558824], [0.7537160366585612, 0.07671568065429776, 0.0018494061435430744, 0.16771887654359804], [0.8959089873138116, 0.0278197683848507, 0.046296092677132264, 0.0299751516242053], [0.5001390929660825, 0.28619700593153896, 0.1616529729817236, 0.05201092812065485], [0.35131807058952397, 0.3369434074738653, 0.11446494576012534, 0.19727357617648542], [0.15944754723021956, 0.6177187160926182, 0.0374333098128087, 0.18540042686435343]]}}