{"test": {"ids": ["108120621", "105116441", "113119930", "98120530", "111116411", "100113210", "111120320", "106111321", "106113190", "103110100", "111117000", "99108460", "100111620", "109117150", "107115140", "104113240", "108113760", "107114110", "97106770", "103117200", "113119450", "98116090", "98107340", "101111990", "97112830", "101110200", "100117420", "106112770", "99119830", "103120531", "98108520", "110114321", "99109161", "111119290", "101110150", "113122170", "99108520", "106114150", "101112540", "112119930", "103112470", "104113550", "106121190", "113120540", "110118740", "97107920", "100109330", "107119130", "111118301", "109119450", "98108410", "100109311", "113118690", "104116441", "111118810", "103113101", "109117080", "98109230", "110115710", "110114720", "110116300", "108114040", "97107950", "105110251", "104111550", "111114941", "107121230", "113122160", "105116980", "103111930", "99112641", "108119550", "112116501", "98119591", "113120280", "113120751", "113122230", "97116401", "111117120", "98110810", "101108370", "109114651", "101109370", "105113620", "113121980", "112116610", "112119120", "104112470", "106116370", "100108520", "112116990", "107118120", "111120591", "110121170", "108120700", "101119591", "111121930", "99107630", "107114490", "104111990", "101108460", "98116940", "112118511", "111115620", "108115570", "102109010", "110121140", "113119320", "103120730", "107114621", "104113380", "110119300", "107115250", "109120540", "109116441", "105112240", "109113931", "99108330", "103111540", "100107920", "101116130", "111116040", "104114410", "113122190", "108117720", "113118620", "97107260", "107121700", "99109840", "111120540", "109118701", "107118780", "104114240", "99108890", "107114780", "102110690", "101109120", "112120630", "105118740", "100109980", "105115570", "108118301"], "labels": [1, 1, 1, 1, 0, 0, 1, 0, 0, 1, 0, 0, 3, 2, 0, 2, 1, 1, 3, 0, 3, 0, 0, 2, 2, 2, 2, 1, 1, 3, 2, 1, 3, 3, 1, 1, 2, 1, 2, 1, 1, 1, 2, 3, 3, 0, 0, 1, 3, 3, 1, 1, 3, 1, 0, 3, 1, 1, 2, 3, 3, 0, 2, 0, 1, 0, 0, 3, 0, 3, 1, 1, 3, 1, 0, 1, 1, 3, 2, 1, 1, 3, 1, 0, 2, 1, 1, 1, 2, 2, 0, 3, 1, 2, 2, 0, 1, 2, 3, 2, 0, 2, 1, 1, 3, 1, 3, 1, 1, 0, 1, 1, 2, 1, 3, 1, 1, 1, 1, 0, 2, 0, 1, 1, 1, 3, 2, 3, 2, 1, 3, 1, 0, 0, 2, 0, 1, 3, 1, 1, 0, 1], "predicted_labels": [1, 1, 0, 2, 3, 3, 0, 3, 0, 2, 2, 1, 3, 2, 0, 1, 1, 3, 0, 1, 0, 1, 0, 2, 3, 3, 2, 2, 2, 3, 1, 0, 1, 2, 3, 2, 2, 0, 3, 0, 3, 3, 1, 3, 0, 3, 0, 2, 3, 3, 1, 1, 3, 2, 3, 3, 2, 2, 2, 1, 3, 1, 2, 0, 2, 1, 3, 3, 3, 0, 0, 0, 3, 1, 0, 0, 2, 3, 0, 2, 1, 3, 1, 0, 3, 0, 3, 1, 3, 1, 3, 1, 3, 2, 3, 3, 2, 3, 1, 1, 1, 0, 0, 3, 1, 2, 1, 3, 3, 0, 1, 0, 3, 1, 3, 3, 0, 3, 3, 3, 3, 0, 0, 1, 0, 3, 3, 3, 3, 0, 2, 3, 1, 1, 1, 0, 0, 3, 0, 2, 1, 0], "confidence_scores": [[0.00362799351955781, 0.9924447304833831, 0.00262608621572414, 0.001301189781334959], [0.1643120484097104, 0.7616286676264165, 0.000983622000994817, 0.0730756619628783], [0.6688831013769964, 0.3043022461206431, 0.0003161909778538454, 0.026498461524506838], [0.3959280866883513, 0.08160897552270364, 0.5197617560331809, 0.0027011817557642307], [0.0887584355600827, 0.0008767235125421554, 0.0002848167489162689, 0.9100800241784589], [0.0005168438290129255, 0.0034457316078241626, 0.00038254445959090127, 0.995654880103572], [0.9963165539533086, 0.0009851345400250678, 0.0026237511961281924, 7.456031053812884e-05], [0.07660511088435121, 0.006455174362032955, 0.0090403806025138, 0.907899334151102], [0.5238190573977347, 0.3918468417606507, 0.05974868505388217, 0.02458541578773227], [0.0009116896018095221, 0.05517092969554662, 0.9259277357960459, 0.017989644906598032], [0.15379850958375357, 0.016337970927480294, 0.7992011408943689, 0.030662378594397088], [0.012063311797453883, 0.8669099466433552, 0.08639597648604119, 0.03463076507314976], [0.0011945488962237598, 0.0005559077601016155, 0.00019654223645802502, 0.9980530011072165], [0.036230979624506734, 0.20655100598763915, 0.728922766498902, 0.02829524788895217], [0.7868076986833223, 0.019781890390513555, 0.0364591620164521, 0.15695124890971218], [0.00041065589880955934, 0.8883464110297984, 0.109356306340308, 0.001886626731084163], [0.014443059159424407, 0.6313656080671598, 0.3418336418607362, 0.012357690912679515], [0.12700582223567725, 0.008823135861224672, 0.004100758743138522, 0.8600702831599595], [0.9788046632887053, 0.011723513218857083, 0.009457468647863117, 1.4354844574271608e-05], [0.009568358351397225, 0.8482578125360867, 0.0002453388604531576, 0.14192849025206303], [0.9988558244432367, 0.0006205404732705001, 0.0003431765651791517, 0.0001804585183135682], [0.0018778564977418723, 0.9920667684745287, 0.004043414135743758, 0.002011960891985727], [0.9218677532824749, 0.005764095994546044, 0.0022897300541700723, 0.070078420668809], [0.0003542512385876819, 0.10587869957813767, 0.8782972090486313, 0.015469840134643502], [2.0191512257269362e-05, 7.813434189274832e-08, 0.00017720884572458524, 0.9998025215076761], [0.0002699446873203538, 0.05033122268270398, 0.017578124812006993, 0.9318207078179687], [0.004432724119209002, 0.019824819309259608, 0.6725462570296565, 0.3031961995418749], [0.00016935530476222156, 0.1955093469851806, 0.7439588504864738, 0.06036244722358345], [0.0008230301788392186, 0.0011361043450330084, 0.9411796375787171, 0.05686122789741076], [0.3574781596148788, 0.0004159129226886993, 0.004222122481601499, 0.637883804980831], [0.09699912335709455, 0.6704545773738562, 0.1356222576442114, 0.09692404162483786], [0.7789225970771158, 0.0136695859583552, 0.19911076678104786, 0.008297050183481225], [0.01758606581653829, 0.5708067740097875, 0.4026318754441298, 0.008975284729544309], [0.0022249298320850706, 0.0007899106103532868, 0.8303478591147991, 0.16663730044276243], [0.000508858982877114, 0.012179900035077256, 0.0024728652757984824, 0.9848383757062471], [1.5194980292178824e-05, 2.9568351776127767e-05, 0.9999236734443218, 3.1563223609916e-05], [0.0007886176962078925, 0.0002598667410578939, 0.9850340978467989, 0.01391741771593532], [0.8057188233669299, 0.01913436584767943, 0.04321600807109956, 0.1319308027142911], [0.006265112121761221, 0.2836538271628229, 0.16547184338036333, 0.5446092173350525], [0.8956389282509074, 2.8297836712165767e-05, 0.08921841207911181, 0.015114361833268641], [0.017130763861216678, 0.2653060364615587, 0.010022905269614803, 0.7075402944076099], [0.004717463909506985, 6.727740133991188e-05, 0.005701865856315986, 0.9895133928328371], [0.001458630225491396, 0.7344451481406465, 0.03695382649338483, 0.2271423951404773], [0.006588922267357044, 3.89377739993643e-05, 0.003514961004129431, 0.9898571789545142], [0.9496127244363168, 1.5912765319561847e-05, 5.7110856298622796e-05, 0.05031425194206494], [0.310929916268269, 7.26333312067462e-05, 0.051706670915934255, 0.6372907794845899], [0.9280943546881666, 0.015105098187034609, 0.020518019540369675, 0.036282527584429056], [0.23416696919933522, 0.05325799543195931, 0.7106004477944143, 0.001974587574291231], [0.03280639221045631, 0.054383389943245736, 0.002912653216082335, 0.9098975646302156], [0.00035407017776800426, 5.0098662563283196e-05, 0.0035371922064240395, 0.9960586389532448], [0.0008743857095805561, 0.9964895506552932, 0.002530388363940072, 0.00010567527118624864], [0.03845507561799761, 0.6246519492678935, 0.00041221949643262045, 0.3364807556176763], [0.004588034749026763, 0.031492842411961125, 0.0004775600929023342, 0.9634415627461098], [0.013489806299940626, 0.1263864548771147, 0.49788541072835085, 0.3622383280945937], [0.08172210602090166, 0.002008085555332713, 0.0023449463035447667, 0.9139248621202207], [0.008871727507564429, 0.03852634798891924, 0.04390448781061046, 0.9086974366929059], [0.00263827051956876, 0.021287147264094728, 0.6372967142069194, 0.33877786800941706], [0.006660817816699425, 0.00013520532205824642, 0.9701188169262647, 0.02308515993497768], [0.001965544100112285, 0.14617401165764257, 0.6533762122003405, 0.19848423204190457], [0.222338525944349, 0.632674217860152, 0.01258279359460516, 0.13240446260089372], [0.011984075795746962, 0.00031710332985077636, 0.21459831427802195, 0.7731005065963803], [0.0005430924387260761, 0.9500235147211409, 0.01873002908785673, 0.03070336375227648], [0.01085861095958857, 0.0013494029866506871, 0.8075892935747979, 0.1802026924789628], [0.9893301361257872, 0.0069780604912394115, 0.00018470672411762453, 0.003507096658855864], [0.08104209427629966, 0.14877664421196146, 0.7698143506449265, 0.00036691086681247084], [0.001958496928753908, 0.9864421686351537, 0.009440745980882837, 0.002158588455209483], [1.739619506827686e-05, 0.0013769025683820877, 0.00014395376940955044, 0.9984617474671401], [0.09328130045980382, 0.03190455010212583, 0.18095405417800428, 0.693860095260066], [0.003550422729613146, 1.1169615346753227e-05, 2.784304117345903e-07, 0.9964381292246284], [0.6821783302615299, 0.00955421048503443, 8.032732910371718e-05, 0.3081871319243318], [0.3866969957502581, 0.255174844658084, 0.33401218963010965, 0.024115969961548276], [0.7992516906852513, 0.00667972955684025, 0.17212764356094656, 0.021940936196962153], [0.01899742534901632, 0.003220816114683769, 0.0003163017021277177, 0.9774654568341722], [0.071870977517148, 0.7255161094795953, 0.19964378425442686, 0.0029691287488298576], [0.9984965902205786, 1.8098352537637676e-06, 6.954790562816002e-05, 0.0014320520385394401], [0.9529775743912005, 0.033437116494167474, 0.0007810006410007045, 0.012804308473631306], [0.0358527588495388, 0.07405662999820724, 0.739309551051246, 0.1507810601010079], [0.009415051057630276, 0.003958623396344534, 0.0024779681528045014, 0.9841483573932208], [0.7729519342036385, 0.13464211383850197, 0.0711098686952571, 0.021296083262602423], [0.42033800253888376, 0.00027018890534269907, 0.5374152372365739, 0.041976571319199574], [0.0020553924172723977, 0.9853499433267927, 0.010427817656667998, 0.002166846599267077], [1.1437790580793955e-05, 5.566720527216532e-05, 3.525486775507598e-06, 0.9999293695173714], [0.00022518305488574008, 0.8495318774920207, 0.15011157733582073, 0.00013136211727276254], [0.40547750379657593, 0.227359331804211, 0.02265136695077713, 0.3445117974484359], [0.3294217752617975, 0.034149608613403264, 0.13753168831133417, 0.4988969278134651], [0.5994088369153403, 0.1859810533829311, 0.15998590179745847, 0.054624207904270014], [0.02466081033054849, 0.3021864729652195, 0.0673573863878144, 0.6057953303164176], [0.00931153369989278, 0.9774263362095045, 0.0016824651666208815, 0.011579664923981837], [0.31110458573301003, 0.004216020875165261, 0.06061461084673876, 0.624064782545086], [0.04964610432040278, 0.9458056648641018, 8.900965540921307e-05, 0.004459221160086309], [0.034572140349911504, 0.3236157571798362, 0.0887978193270873, 0.553014283143165], [0.004142188627886637, 0.8975202851764161, 0.00011609847496760851, 0.09822142772072952], [0.4820636062060958, 2.51389652309804e-05, 0.0022480411887887356, 0.5156632136398845], [4.0491200028028506e-05, 0.02453966372441801, 0.9740223829140449, 0.0013974621615090751], [0.002515161426680813, 0.00010665968615274673, 0.004207764741462691, 0.9931704141457037], [0.011913251424819048, 0.0002930804387041372, 0.00016665023891691345, 0.9876270178975598], [0.44553875459897563, 0.014872271854953807, 0.5390662630388137, 0.000522710507256838], [0.11908047107271527, 0.011052044403337102, 0.052888652393676815, 0.8169788321302707], [0.06751032796739971, 0.6680787844773414, 0.0905185241858175, 0.17389236336944122], [0.0011737243074255934, 0.998293786063479, 0.00029664772202427813, 0.00023584190707105798], [0.06185337637060455, 0.5313132494900683, 0.40404851135295433, 0.002784862786372735], [0.5365025532433314, 0.2715397427958742, 0.00039661541533230426, 0.19156108854546228], [0.5195734479217217, 0.2251273231219947, 0.08097813910290522, 0.1743210898533783], [0.00814769608845521, 0.04836582739889238, 0.004092219822046417, 0.9393942566906059], [0.0004982186388598661, 0.9992762367750224, 0.00015779960801346848, 6.774497810432126e-05], [0.002629546765933694, 0.04777079127695762, 0.9027151658567267, 0.046884496100381944], [0.0016837278040584523, 0.8515016186834841, 0.14536876160742587, 0.0014458919050317344], [0.037349987982108916, 0.027789285267668138, 0.028060140842575843, 0.906800585907647], [0.04872858240538548, 0.19826699147420906, 0.36758835163497044, 0.385416074485435], [0.8732516982316234, 0.028604238949936016, 0.0004105661229599534, 0.09773349669548054], [0.01164908885704694, 0.5661047085456373, 0.004112786033223937, 0.41813341656409186], [0.5912328533767499, 0.015309692025964362, 0.018104825661625915, 0.37535262893565985], [0.0012313487062731324, 0.0002927677834561278, 4.804148587069075e-05, 0.9984278420244], [0.16210545581221528, 0.5217623117558639, 0.03443694156768115, 0.28169529086423967], [0.0037603431119252843, 0.013608683264713472, 0.0002336570497891181, 0.9823973165735722], [0.006311170193755994, 0.15338093398783662, 0.09484264084879727, 0.7454652549696101], [0.7094705268787617, 0.2032895321427731, 0.08230165466976706, 0.004938286308698224], [0.27472461654169084, 0.19498759045869193, 0.03873735890618317, 0.491550434093434], [0.012639081121014976, 0.0007473635637433078, 0.35728214539054537, 0.6293314099246963], [0.3463638221297053, 0.17184997460036064, 0.00437667868036108, 0.47740952458957303], [0.00010048306618638331, 0.0003555965555992524, 0.005969862192497943, 0.9935740581857163], [0.6770957850930736, 0.00015166624470308685, 4.725562207127218e-07, 0.3227520761060025], [0.9783545271099305, 0.017091429538105073, 0.001114938738942216, 0.0034391046130220135], [0.07277455833928638, 0.4513507028487685, 0.2958982996403936, 0.1799764391715516], [0.9664878393181795, 0.00010403519680798761, 0.0009745988090551592, 0.03243352667595726], [0.017604642427814836, 0.0046345700809470175, 0.00036947828658075887, 0.9773913092046574], [0.0005845580550956262, 0.027401590888383724, 0.4761167517644273, 0.4958970992920934], [0.0012074527677626721, 0.03816839743125176, 0.0035613418014036136, 0.9570628079995819], [0.034756659895153384, 0.18192315485721824, 0.025456454720115807, 0.7578637305275127], [0.7415361976548865, 0.05210808629467585, 0.040179037742371804, 0.166176678308066], [0.05879445804944622, 0.009341301706911696, 0.7717753290667295, 0.16008891117691254], [0.006194674929412691, 0.20338830863933272, 0.03161389295515099, 0.7588031234761036], [0.38794923344273985, 0.5116555930121262, 4.6821494709067336e-05, 0.10034835205042494], [0.051419752463525994, 0.9262934239361723, 4.081826707915443e-05, 0.022246005333222678], [0.0010035019713993997, 0.9744503190449404, 0.02434312359670416, 0.00020305538695593683], [0.8232830309407047, 0.0003992378281677698, 0.0808742983717453, 0.09544343285938213], [0.8685309964914648, 0.10528247078484161, 0.01120984079120877, 0.014976691932484652], [0.18027397701267578, 0.00017312685242335793, 0.00010004558781124406, 0.8194528505470897], [0.8528346347460867, 0.00158751612119477, 0.14500187318796687, 0.0005759759447517166], [0.0003131109608402029, 0.2786170630318639, 0.6108848626963939, 0.11018496331090205], [0.004805995064149529, 0.7207357142061541, 0.0466892805125379, 0.22776901021715842], [0.8752702617895355, 0.0008739415123946646, 0.06392292099768104, 0.05993287570038884]]}, "rewritten": {"ids": ["97106770", "97107260", "97107920", "97107950", "97112830", "97116401", "98107340", "98108410", "98108520", "98109230", "98110810", "98116090", "98116940", "98119591", "98120530", "99107630", "99108330", "99108460", "99108520", "99108890", "99109161", "99109840", "99112641", "99119830", "100107920", "100108520", "100109311", "100109330", "100109980", "100111620", "100113210", "100117420", "101108370", "101108460", "101109120", "101109370", "101110150", "101110200", "101111990", "101112540", "101116130", "101119591", "102109010", "102110690", "103110100", "103111540", "103111930", "103112470", "103113101", "103117200", "103120531", "103120730", "104111550", "104111990", "104112470", "104113240", "104113380", "104113550", "104114240", "104114410", "104116441", "105110251", "105112240", "105113620", "105115570", "105116441", "105116980", "105118740", "106111321", "106112770", "106113190", "106114150", "106116370", "106121190", "107114110", "107114490", "107114621", "107114780", "107115140", "107115250", "107118120", "107118780", "107119130", "107121230", "107121700", "108113760", "108114040", "108115570", "108117720", "108118301", "108119550", "108120621", "108120700", "109113931", "109114651", "109116441", "109117080", "109117150", "109118701", "109119450", "109120540", "110114321", "110114720", "110115710", "110116300", "110118740", "110119300", "110121140", "110121170", "111114941", "111115620", "111116040", "111116411", "111117000", "111117120", "111118301", "111118810", "111119290", "111120320", "111120540", "111120591", "111121930", "112116501", "112116610", "112116990", "112118511", "112119120", "112119930", "112120630", "113118620", "113118690", "113119320", "113119450", "113119930", "113120280", "113120540", "113120751", "113121980", "113122160", "113122170", "113122190", "113122230"], "labels": [3, 2, 0, 2, 2, 3, 0, 1, 2, 1, 1, 0, 2, 1, 1, 2, 1, 0, 2, 0, 3, 2, 1, 1, 0, 2, 1, 0, 1, 3, 0, 2, 1, 0, 1, 1, 1, 2, 2, 2, 2, 0, 1, 0, 1, 1, 3, 1, 3, 0, 3, 1, 1, 2, 1, 2, 1, 1, 0, 1, 1, 0, 1, 0, 0, 1, 0, 1, 0, 1, 0, 1, 2, 2, 1, 3, 0, 2, 0, 2, 3, 1, 1, 0, 3, 1, 0, 3, 1, 1, 1, 1, 2, 1, 3, 3, 1, 2, 3, 3, 1, 1, 3, 2, 3, 3, 1, 3, 2, 0, 1, 0, 0, 0, 2, 3, 0, 3, 1, 1, 1, 1, 3, 1, 0, 1, 1, 1, 3, 3, 3, 1, 3, 1, 0, 3, 1, 2, 3, 1, 1, 1], "predicted_labels": [0, 0, 0, 3, 3, 3, 3, 3, 1, 2, 2, 1, 3, 1, 3, 3, 1, 1, 2, 1, 1, 1, 1, 2, 0, 0, 3, 0, 1, 3, 1, 1, 1, 0, 0, 1, 3, 3, 1, 1, 3, 0, 0, 3, 1, 0, 3, 3, 0, 1, 0, 0, 1, 1, 1, 3, 3, 3, 3, 0, 1, 0, 3, 1, 1, 0, 0, 0, 0, 1, 2, 1, 3, 1, 0, 3, 0, 1, 0, 1, 3, 1, 0, 3, 1, 1, 1, 1, 0, 3, 0, 1, 3, 3, 1, 0, 1, 1, 0, 3, 0, 0, 1, 1, 0, 0, 3, 0, 1, 1, 3, 0, 3, 3, 0, 1, 0, 0, 2, 0, 3, 3, 3, 3, 3, 1, 3, 2, 0, 3, 3, 0, 0, 1, 0, 3, 3, 3, 0, 0, 0, 3], "confidence_scores": [[0.980668802800386, 0.009531947062986521, 0.009705998164653623, 9.325197197384068e-05], [0.4009290929654893, 0.17251726421847485, 0.36994893176629856, 0.05660471104973742], [0.9542249794678583, 0.00034376470040159245, 0.002347670989375401, 0.04308358484236472], [0.31444630454860445, 0.04285550644042581, 0.20821721957584516, 0.43448096943512454], [0.0008411874960924849, 0.009847480307394577, 0.007926015829915615, 0.9813853163665974], [0.14727756709770798, 0.048152612045442314, 0.053653836174372894, 0.7509159846824768], [0.19144348747146903, 0.0014492748920274985, 0.021701283742134002, 0.7854059538943694], [0.002763591860760308, 0.06062496971365668, 0.0001343348350964232, 0.9364771035904865], [0.11969855648367174, 0.5379572549969556, 0.06360681095930068, 0.2787373775600719], [0.0008740152467030148, 0.004509197211106723, 0.988783963937906, 0.005832823604284003], [0.047799265904428435, 0.02763251527018552, 0.5665501504815219, 0.3580180683438641], [0.3734262880510766, 0.626044790985164, 0.0002694785871394944, 0.00025944237661992576], [0.059946960386338274, 0.3285683490834234, 0.0013144944697143929, 0.6101701960605239], [0.006864908802364708, 0.5508988587409513, 0.0015406534416857287, 0.4406955790149982], [0.07037487296599398, 0.32828982604504764, 0.13892114578442305, 0.4624141552045355], [0.0006472433761939782, 0.008580618464845133, 0.0003802367820434849, 0.9903919013769175], [0.11598150075380564, 0.7788040625963336, 0.006310186907062716, 0.09890424974279806], [0.03791129690850186, 0.6428363866149156, 0.13013677748941754, 0.18911553898716493], [0.02398892888507499, 0.012836909008799177, 0.9224485803217305, 0.0407255817843953], [0.44384974538832533, 0.5488382429636486, 0.0014285526419420829, 0.005883459006084019], [0.023213915992275146, 0.918214031393952, 0.0534155699359654, 0.0051564826778073445], [0.0467615742864534, 0.5184006244112693, 0.40805596133339317, 0.026781839968884193], [0.0011265485872126578, 0.9836102690131622, 0.009260642234162174, 0.006002540165463108], [0.01763030052259889, 0.060295940762634524, 0.8780069337084293, 0.04406682500633725], [0.9964756591309364, 0.0005205646075605137, 4.220183677591219e-05, 0.0029615744247273048], [0.7385851090683498, 0.12840459520269437, 0.010895206874374966, 0.12211508885458086], [0.32079259823074596, 0.20472412215325816, 0.038070082541397654, 0.4364131970745982], [0.8036945316207121, 0.011479699046549802, 0.0019999513785346123, 0.18282581795420355], [0.01378947609136566, 0.8746752404039019, 0.06706370225579526, 0.04447158124893724], [0.0016984295959516775, 0.17049732272542123, 0.0027282158177259898, 0.8250760318609011], [0.02703598827909593, 0.6478939814800746, 0.0006229508045786633, 0.32444707943625084], [0.089924815501536, 0.8154236794424274, 0.0833136245811481, 0.011337880474888673], [0.05576331351479502, 0.8810141004919326, 0.0017580190386782162, 0.061464566954593916], [0.9450241800094206, 0.02659206286121798, 0.010118748703673259, 0.018265008425688144], [0.6712394335670135, 0.060802298921658095, 0.004958571591147784, 0.2629996959201807], [0.0062945200685495875, 0.45009406965011717, 0.2711643810489767, 0.27244702923235653], [0.004363571181148798, 0.10487337247232288, 0.004624445513898907, 0.8861386108326293], [0.028782278915662655, 0.020090960646381526, 0.0005176790293801218, 0.9506090814085758], [0.09807047370286354, 0.4424333258603168, 0.15418570873868226, 0.30531049169813745], [0.0014870161530138118, 0.9974512453224277, 0.0009174020747637282, 0.00014433644979490437], [0.047872530890425105, 0.10054858652364462, 0.00434722199645044, 0.8472316605894797], [0.9659481653460428, 0.00041045671465893437, 3.638345066255721e-05, 0.0336049944886358], [0.7391546715420625, 0.12401624650749592, 0.08202634084463244, 0.05480274110580907], [0.20794225905165417, 0.00013204307652084495, 0.0784646739434676, 0.7134610239283573], [0.01365202550008565, 0.8434146026255658, 0.013898795560084342, 0.12903457631426427], [0.8080812638429226, 0.008233083885004714, 0.15303641340253954, 0.03064923886953324], [0.1385578911716221, 0.01332317557268166, 0.00024103567041413448, 0.8478778975852821], [0.0018125272661420988, 0.279473787554428, 0.0007176220392839369, 0.717996063140146], [0.45466462842495625, 0.23012636944300263, 0.2096280311726106, 0.10558097095943043], [0.3292657689840473, 0.5479434679438817, 0.007939549930920747, 0.1148512131411503], [0.5128730462552099, 0.04330218732981334, 0.0030841383792076064, 0.44074062803576913], [0.6156607166092791, 0.02244979268921933, 0.10153526699327388, 0.26035422370822775], [0.013556119863996923, 0.5423265858007845, 0.4433828291599193, 0.0007344651752992626], [0.2756698939203069, 0.720701993910646, 0.0019999744538109123, 0.0016281377152361659], [0.08491093366597444, 0.9143566662945795, 0.0003904527711163023, 0.00034194726832979767], [0.2235120506226775, 0.2083406612796619, 0.24181801563863295, 0.32632927245902765], [0.0031459337338002485, 0.07117254885354406, 0.006244444268165666, 0.9194370731444901], [0.020803824203657163, 2.6283086365913907e-05, 0.0002435626548946477, 0.9789263300550823], [0.25839306309478427, 0.0004031519221505547, 0.030287261126911335, 0.7109165238561538], [0.7399526553580783, 0.24435382588111512, 0.013804216255906932, 0.0018893025048996323], [0.00017159984610412335, 0.7493151333258354, 2.2661044881629194e-05, 0.25049060578317883], [0.9957828098118385, 0.0023411150051808904, 5.843568800060744e-05, 0.0018176394949802096], [0.4104792082943223, 0.11143360232023511, 0.01960496301171945, 0.458482226373723], [0.03615166960235875, 0.76984640122825, 0.016672605537665905, 0.1773293236317252], [0.008239484386335502, 0.7578650417657883, 0.21618249499988273, 0.017712978847993506], [0.870635333296052, 0.0925429736632783, 0.012338954703482318, 0.02448273833718731], [0.5425214139137491, 0.12562649945472257, 0.0004921571196746076, 0.3313599295118538], [0.928858365479726, 0.044098214834747414, 0.019483667913511436, 0.007559751772015175], [0.9792459577316281, 0.01681532820547711, 0.000480683939261981, 0.003458030123632827], [7.060146081610381e-06, 0.9891189278441669, 0.003424276279736705, 0.007449735730014732], [0.20289397716453889, 0.01819142848266234, 0.40147853381606796, 0.37743606053673084], [0.009761125596107744, 0.7778700801562964, 0.06104182002240006, 0.15132697422519575], [0.0802087149363025, 0.08147892963624094, 0.03861301921935699, 0.7996993362080996], [0.03382967729163107, 0.9493767665556507, 0.007157518918297727, 0.009636037234420365], [0.7452513189865894, 0.024372725630990064, 0.028113971033899798, 0.20226198434852088], [0.014963217105297546, 0.04152357484806301, 0.2546891562961093, 0.6888240517505302], [0.9430671075217483, 0.002035651435024516, 3.748989430149224e-06, 0.05489349205379712], [0.0001967494472841425, 0.943498881441869, 0.048221166558296065, 0.008083202552550897], [0.9831822832700154, 0.00018068142412709003, 0.00015895937317944342, 0.01647807593267806], [0.0009524505365368533, 0.5760541330171871, 0.00010085758321528629, 0.4228925588630608], [0.01710039263974573, 0.2736381736673427, 0.006762210946630394, 0.7024992227462812], [0.05696535368667739, 0.9392814275192961, 0.00017556824367937073, 0.0035776505503469723], [0.957151489402334, 0.008091763584179403, 0.023775101942749448, 0.010981645070736967], [0.00041028837316700714, 0.0511799362854559, 0.003816454314714509, 0.9445933210266626], [0.03525916373136737, 0.9438021286634432, 0.017219957063049973, 0.0037187505421395657], [0.021307928079843594, 0.7852718136407865, 0.19009950100756376, 0.0033207572718062955], [0.00399519730677167, 0.9938498500497331, 0.001959808703609398, 0.000195143939885955], [0.011137471652460457, 0.5502421073903371, 0.4330822860439219, 0.005538134913280543], [0.9426027449418698, 0.00036945824250642333, 0.0005650710732249269, 0.056462725742398995], [0.031719552439700587, 0.029481159306271848, 0.004573799915979573, 0.9342254883380481], [0.7286480945991153, 0.00043937739929526343, 0.008448131737401566, 0.26246439626418794], [0.02144203497992752, 0.9535992085619855, 0.009208979310411074, 0.01574977714767585], [0.040050399866205684, 0.0060951615697469085, 0.18489277311062643, 0.768961665453421], [0.013464811063545449, 0.010373605436018745, 0.008147438349449915, 0.9680141451509859], [0.007853906955958436, 0.8414779183052356, 0.0017592990329335177, 0.14890887570587233], [0.9617017584382513, 0.0007903982245300314, 1.5007998478670589e-05, 0.03749283533874019], [0.0013133578007767494, 0.8469092262242122, 0.01612348734781815, 0.1356539286271932], [0.06413496732633928, 0.8784446994385647, 0.008924388718013878, 0.04849594451708226], [0.578274398575417, 0.04947911294106583, 0.09211043519888054, 0.28013605328463664], [0.008693428358136652, 0.28022095825227694, 0.10086643741813478, 0.6102191759714516], [0.8133419369019929, 0.14231364845054273, 0.03954332347196498, 0.004801091175499434], [0.9872194418697431, 0.009139199230726756, 0.003527061231111878, 0.00011429766841856627], [0.041317865763224916, 0.9550778120797214, 0.0009592294258158483, 0.002645092731237931], [0.34269700533093067, 0.4072571902190417, 0.07860252585705069, 0.17144327859297687], [0.9776556630216635, 0.0024526433186109428, 0.008231439115572671, 0.01166025454415305], [0.9890658784538674, 3.7106564208057407e-06, 2.0096443409564346e-06, 0.010928401245370811], [0.37820227435179027, 0.03458813672750706, 0.0010618327733635056, 0.586147756147339], [0.8080476434847176, 0.1158455791401987, 6.9951599822326014e-06, 0.07609978221510166], [0.0004787008628497362, 0.972774148956251, 0.016291909216224906, 0.010455240964674326], [0.025247879028418338, 0.6482645941332003, 0.15025609739926135, 0.17623142943911999], [0.03569795020980714, 0.014806717855272282, 4.356938231326386e-05, 0.9494517625526073], [0.6880255456471985, 0.012124770499512626, 1.9120220682873353e-05, 0.29983056363260596], [0.0788876398842057, 0.00034657687865370174, 0.0008197529515694253, 0.9199460302855712], [0.0021395899174147443, 0.12086755100663348, 0.00031425061021327625, 0.8766786084657385], [0.604747833224794, 0.2603079018036298, 0.05221624613719499, 0.08272801883438123], [0.006144531872149722, 0.9584400214684006, 0.035312482698005264, 0.00010296396144434715], [0.5802387799840064, 0.026475023914355997, 0.014250790431676904, 0.3790354056699608], [0.5880263372327849, 0.1527188143296182, 0.09115825356987081, 0.16809659486772618], [0.14278134198620696, 0.007993225751122424, 0.7009300714517627, 0.14829536081090797], [0.9753853262401291, 0.0034501947553483604, 0.007960374826458335, 0.013204104178064252], [0.2756311114361209, 4.923550468451892e-05, 0.00027429228553339086, 0.7240453607736612], [0.0015763066727081654, 0.07051363188400865, 0.04971082071042469, 0.8781992407328584], [0.48838279163865744, 0.0001854150091914941, 4.339437695875066e-05, 0.5113883989751923], [0.345722406502808, 0.05816507613775182, 0.015348568515167105, 0.5807639488442731], [0.06549070173944545, 0.35377211820782245, 0.0340669405664528, 0.5466702394862792], [0.18767643247324306, 0.45518901572671044, 0.34455187181941616, 0.012582679980630384], [0.0018097593230814442, 0.1899500830678191, 0.008134660226218322, 0.8001054973828812], [0.07223195005892072, 0.0020585663827039752, 0.8585442075843277, 0.06716527597404771], [0.6099933054779424, 0.2543150190935765, 0.0021153463392465347, 0.13357632908923447], [0.20062973872877246, 0.002012498651469629, 0.0012210790130738015, 0.7961366836066841], [0.031066440107206796, 0.00038535924263007683, 0.011252006022505779, 0.9572961946276574], [0.5506711365534602, 0.44247089467862105, 0.0059782366007360924, 0.0008797321671826777], [0.9957423713420825, 0.0028448201511601908, 0.00032486761859545107, 0.0010879408881617303], [0.31559574937507767, 0.6266270667787456, 0.0009709375065722782, 0.05680624633960443], [0.9907553054040096, 6.129836325490241e-06, 0.00037780824417828966, 0.008860756515486479], [0.07323124174567912, 0.045292100701798836, 0.0005371308127240464, 0.880939526739798], [0.3583756912921288, 0.03576552496940825, 0.006619056007765298, 0.5992397277306977], [0.0011559242138943924, 0.0001778222167556688, 0.0008568796528157487, 0.9978093739165341], [0.391123238166602, 0.2752159284561262, 0.011331684616049914, 0.3223291487612218], [0.6362698218989781, 0.009437718057581425, 0.12910475757604709, 0.2251877024673933], [0.5856701339042946, 0.09919275698058887, 0.08241365266584888, 0.2327234564492677], [0.011327621369205104, 0.00036619792842754883, 0.062339958899561634, 0.9259662218028057]]}}