{"test": {"ids": ["107114110", "106112770", "109119591", "111120220", "103110760", "104116441", "112116540", "112116990", "110119891", "102109910", "113118820", "103117461", "112117210", "111115780", "97109080", "110115120", "100113210", "105110251", "113121010", "97111790", "112118581", "101110740", "111119150", "101121640", "107112840", "113121980", "103111540", "112117030", "97106770", "108114200", "101112690", "113119450", "111118820", "107114200", "100109330", "107118120", "109115220", "99108080", "110115980", "106113260", "98108520", "99108710", "109113931", "97105580", "111119930", "113118231", "107113180", "98112580", "101114020", "112117660", "110121170", "104118340", "112118421", "112118930", "104116800", "99108580", "108113760", "107121540", "106120640", "105120280", "98107210", "107114490", "110119300", "113122430", "98107010", "112118890", "104111780", "111116040", "100111270", "113119950", "97105760", "108117451", "113117550", "104113210", "111116170", "101119591", "100108520", "104111711", "110117110", "108115880", "111116530", "105119550", "105121370", "109121351", "109115211", "112121360", "102113210", "104114410", "104119290", "105116650", "113118620", "99108310", "108116501", "111114321", "110117140", "111117480", "109120560", "111116411", "107116501", "105115250", "99116500", "97107040", "99109311", "112116800", "111119430", "108114360", "110114610", "111120320", "112120640", "100107920", "98116090", "109117150", "108114220", "108115870", "110120640", "98106111", "101111210", "111120640", "102111990", "112118820", "111116990", "108118301", "97116800", "113121410", "102110050", "101108290", "111121351", "110116170", "108118291", "111116750", "99105921", "98110680", "108119330", "108114670", "101119030", "104113550", "101111310", "113121950", "107112850", "107113550", "105113190", "109119340"], "labels": [1, 1, 0, 3, 1, 1, 1, 0, 3, 2, 0, 0, 1, 1, 2, 0, 0, 0, 2, 2, 1, 3, 3, 2, 1, 2, 1, 2, 3, 0, 1, 3, 0, 2, 0, 3, 3, 3, 1, 3, 2, 2, 1, 1, 1, 3, 3, 2, 3, 0, 2, 2, 3, 1, 1, 0, 1, 2, 3, 3, 1, 3, 1, 2, 3, 3, 3, 0, 2, 0, 0, 2, 3, 3, 0, 0, 2, 1, 0, 3, 3, 1, 2, 0, 0, 3, 3, 1, 1, 1, 3, 2, 0, 1, 3, 1, 1, 0, 1, 2, 2, 2, 1, 0, 3, 1, 1, 1, 0, 0, 0, 2, 3, 3, 0, 0, 2, 0, 2, 0, 0, 1, 0, 0, 3, 0, 0, 0, 3, 3, 1, 2, 0, 3, 3, 1, 3, 3, 1, 0, 3, 3], "predicted_labels": [3, 1, 1, 0, 1, 1, 1, 0, 3, 3, 0, 1, 1, 1, 1, 1, 3, 3, 1, 3, 1, 1, 3, 1, 2, 1, 3, 3, 2, 0, 1, 0, 0, 0, 1, 1, 3, 0, 3, 1, 1, 1, 0, 0, 0, 1, 2, 1, 3, 3, 3, 1, 3, 3, 3, 1, 0, 1, 1, 1, 1, 3, 0, 1, 1, 0, 1, 0, 2, 0, 2, 0, 3, 3, 3, 0, 3, 2, 1, 3, 1, 0, 3, 0, 3, 0, 3, 3, 1, 1, 1, 3, 3, 1, 3, 3, 2, 0, 0, 0, 1, 2, 3, 3, 3, 1, 1, 3, 3, 3, 1, 1, 1, 3, 1, 1, 3, 1, 0, 3, 0, 3, 0, 3, 3, 3, 0, 0, 3, 0, 0, 2, 0, 1, 0, 0, 0, 0, 1, 2, 0, 2], "confidence_scores": [[0.22364880914330687, 0.27950011729973484, 0.09757926778726501, 0.3992718057696929], [0.18058955574805902, 0.29153759663898143, 0.24278353216347665, 0.28508931544948285], [0.2491909953591303, 0.32088569164084957, 0.17025504798295263, 0.259668265017067], [0.30652965441876884, 0.35114980904518783, 0.044025613192414166, 0.2982949233436291], [0.2765357057274295, 0.32660591428323343, 0.09968828449833493, 0.29717009549100243], [0.2759326263998855, 0.33619780139769706, 0.055563260222995806, 0.3323063119794217], [0.27617101354847357, 0.3517484258787386, 0.0578374426478104, 0.31424311792497744], [0.2972092980052867, 0.23913313778098305, 0.1296560094536221, 0.3340015547601083], [0.21195047308204049, 0.3056393772437651, 0.11849280143949714, 0.3639173482346974], [0.2455169496702636, 0.2587716451104458, 0.22333934991900933, 0.27237205530028114], [0.28520840600124786, 0.33402495727400283, 0.09690490844100684, 0.2838617282837426], [0.25668639125418735, 0.2871999678202339, 0.14917238522768428, 0.30694125569789443], [0.16311662327808266, 0.3159529190268859, 0.34898826788748033, 0.17194218980755133], [0.2724383042449644, 0.3130979558845362, 0.10951900193780476, 0.30494473793269466], [0.24675004733217845, 0.3199204978188419, 0.11445326081571217, 0.3188761940332676], [0.26244146907853283, 0.3111313280234187, 0.14090811414876725, 0.2855190887492811], [0.2954762923890857, 0.2813003239019319, 0.05479210322463185, 0.3684312804843506], [0.23251553631252073, 0.2868788255709043, 0.13585853596898295, 0.3447471021475918], [0.22937289795163218, 0.3247713656361795, 0.16604635543309346, 0.2798093809790947], [0.23214157421952328, 0.2379348005338417, 0.1904697039848476, 0.33945392126178753], [0.13786755976705697, 0.29923200104683406, 0.35043579541555075, 0.21246464377055813], [0.1915979568539359, 0.3214576428799623, 0.21863164485610767, 0.268312755409994], [0.27254234527999577, 0.28715818844825036, 0.08749420352076355, 0.3528052627509904], [0.18543909627179037, 0.31618837565932334, 0.17382816153603872, 0.3245443665328475], [0.2038730715029838, 0.2825454123121633, 0.34808932626606176, 0.16549218991879117], [0.2226984295609997, 0.31841245649725025, 0.12520659038285178, 0.3336825235588984], [0.24202299684582612, 0.2875027803567437, 0.1361990364229355, 0.33427518637449444], [0.255573697871016, 0.27483695138404274, 0.1391635291667577, 0.33042582157818373], [0.19250645932769697, 0.2525663570645776, 0.335297671156545, 0.2196295124511807], [0.2974188335037175, 0.31348550187164126, 0.1015618824933724, 0.2875337821312686], [0.20694525040578277, 0.3144473941226322, 0.22928133425604572, 0.24932602121553937], [0.3078977776654898, 0.2865364539221459, 0.05987296487234467, 0.3456928035400196], [0.2980376535551911, 0.2981810823752851, 0.07503276808113, 0.3287484959883939], [0.291675891602665, 0.3329808414316795, 0.05446673322361748, 0.32087653374203823], [0.2659192582126132, 0.3304247570759286, 0.0865338578870783, 0.3171221268243798], [0.27665014049152437, 0.33364344356383174, 0.05561868902934959, 0.3340877269152944], [0.2762475937958849, 0.2846063145625038, 0.06032558169621072, 0.3788205099454007], [0.2659249749943319, 0.2848370745784383, 0.1693133550888877, 0.27992459533834185], [0.2677713261529179, 0.3088344254869257, 0.09462237399048809, 0.32877187436966837], [0.2731239738542189, 0.33658213098630024, 0.15026515745218025, 0.24002873770730063], [0.2819260477782565, 0.315144104531168, 0.09465870592121355, 0.30827114176936193], [0.24134741448702912, 0.36075987917206015, 0.13263219984878524, 0.26526050649212546], [0.28934340321169305, 0.31241306131209406, 0.0637562588255607, 0.33448727665065214], [0.2774563054241843, 0.25531382068756836, 0.25051286393169697, 0.2167170099565502], [0.2882749478586298, 0.30439556364775766, 0.13671486098565752, 0.27061462750795506], [0.2704659361449321, 0.3201626001497702, 0.10121745739664181, 0.3081540063086559], [0.1797638937535029, 0.2974566377347982, 0.33629565865131267, 0.18648380986038599], [0.21980498911624544, 0.3006909348264757, 0.17158946221127386, 0.30791461384600505], [0.22871568406579718, 0.2686638891438073, 0.23839240319236885, 0.26422802359802694], [0.2742319410800986, 0.29518246482364097, 0.06310280236603139, 0.3674827917302292], [0.20801952988128644, 0.28323115222873035, 0.1885635499282886, 0.3201857679616947], [0.21884947106569239, 0.3266158729474395, 0.15577033204651258, 0.29876432394035596], [0.28387732045882197, 0.3175143037162712, 0.06157432712328707, 0.3370340487016198], [0.2932503418332123, 0.30270393097085724, 0.044626977437771186, 0.35941874975815924], [0.222545990956612, 0.273060260196657, 0.1667339234730018, 0.3376598253737293], [0.18929958616007578, 0.32792488448621987, 0.3295596063368322, 0.15321592301687245], [0.28033296189906304, 0.3109380096330128, 0.10592257495745612, 0.30280645351046787], [0.15988060447378075, 0.29845294121022037, 0.29350393705442973, 0.24816251726156954], [0.19660969969547776, 0.373046616697097, 0.18669543254663187, 0.24364825106079324], [0.1434204099885648, 0.28097566528106227, 0.3198713252043926, 0.25573259952598026], [0.17440496567434824, 0.2882781658502931, 0.2775264675530391, 0.25979040092231936], [0.2584737569855546, 0.2828152950362525, 0.09980226750928474, 0.3589086804689082], [0.2876514775756233, 0.31874058163955526, 0.09482333899011318, 0.2987846017947082], [0.2151134464877078, 0.3205164685108341, 0.14528672367035553, 0.31908336133110243], [0.26529313906098145, 0.3123769001201594, 0.1325938366250629, 0.2897361241937967], [0.29029229086162783, 0.3315497176608538, 0.04677122381148738, 0.33138676766603103], [0.2731209220426576, 0.36623356193960255, 0.06818861003075988, 0.2924569059869796], [0.30172203531721686, 0.2616433303769142, 0.12568111842769378, 0.3109535158781752], [0.1110809828622173, 0.28738406401825217, 0.4636698826482687, 0.13786507047126198], [0.30647232620772435, 0.3216926000947275, 0.04064627087946133, 0.33118880281808677], [0.14255693056145777, 0.21586549329851917, 0.4288346689646176, 0.21274290717540564], [0.3204840209309905, 0.24713582508919435, 0.032545970947683744, 0.39983418303213164], [0.2546604295763422, 0.28235705255352345, 0.14292037644104602, 0.3200621414290885], [0.28115992055141564, 0.2583415847016729, 0.07074320122820127, 0.38975529351870997], [0.28743039039925294, 0.31386347075935567, 0.04528695606738459, 0.353419182774007], [0.295212018189754, 0.24123120736117362, 0.11319768519798723, 0.35035908925108505], [0.25674779972017314, 0.2496281727712161, 0.15535401848720942, 0.3382700090214011], [0.11202918007400585, 0.23099928692425348, 0.5087015335029756, 0.14826999949876501], [0.14641149647743432, 0.3296382306881214, 0.34866153262895905, 0.1752887402054852], [0.24925384656275335, 0.28160284752332304, 0.16100019714213556, 0.3081431087717879], [0.2577790251797607, 0.3883378262080054, 0.14822474542207822, 0.20565840319015555], [0.29343012284900183, 0.3179209716355947, 0.09130246240768586, 0.2973464431077175], [0.19785903516471648, 0.25986568038746766, 0.2273117486111991, 0.3149635358366167], [0.2863021950861546, 0.30810693018882307, 0.07495617242327464, 0.33063470230174746], [0.24269448386358847, 0.2907032940801034, 0.0883282683033018, 0.3782739537530062], [0.3002247419529066, 0.32347913255506355, 0.09468836616920596, 0.28160775932282384], [0.25513816652726334, 0.27168791489216254, 0.14294242590311446, 0.3302314926774596], [0.2807807500854104, 0.3041737288598536, 0.07808127765044962, 0.3369642434042864], [0.20056269201150972, 0.3016733196581578, 0.17645077902903358, 0.3213132093012988], [0.229073944175273, 0.32372252954539926, 0.21352685630382173, 0.23367666997550599], [0.2895607031415628, 0.35402481435099326, 0.05388421634865687, 0.30253026615878686], [0.2640117408931121, 0.27589617328381816, 0.15941360767664314, 0.30067847814642645], [0.29521688172819716, 0.2619272899044372, 0.05860299991435284, 0.38425282845301273], [0.22190610363460866, 0.3366883486383068, 0.2583806675663312, 0.18302488016075322], [0.2109343718019392, 0.30359598428090273, 0.1576543862555907, 0.32781525766156766], [0.2650220309449322, 0.3098856422034168, 0.08906084966806892, 0.3360314771835821], [0.08456479770868137, 0.2505133106041237, 0.4931615219996686, 0.17176036968752645], [0.31155624916342123, 0.26328959809551694, 0.04760995964501652, 0.3775441930960454], [0.27465089083518945, 0.312774750688544, 0.12301647775879146, 0.289557880717475], [0.2953275142165705, 0.34782425472679723, 0.16464674326000578, 0.19220148779662619], [0.11919088102876754, 0.3531382002717424, 0.3206837606366371, 0.20698715806285295], [0.13127664744434928, 0.20432458001382184, 0.4979256283367082, 0.16647314420512102], [0.16074456598989006, 0.28490616456043627, 0.27175494968006614, 0.2825943197696074], [0.2487227870839329, 0.2719429275929251, 0.16796059000219551, 0.3113736953209465], [0.21052749414856783, 0.29766213728656105, 0.20362669326671412, 0.2881836752981571], [0.21523297155079743, 0.2948700720386372, 0.2386059345875456, 0.2512910218230198], [0.1946916591336012, 0.3403176695239607, 0.28610428232053914, 0.17888638902189952], [0.2614918716956245, 0.3060963360011012, 0.08864976634907268, 0.34376202595420174], [0.18219396269155655, 0.2978593830029607, 0.23965280836737388, 0.28029384593810874], [0.28014426277783155, 0.25467238733706116, 0.08004875312514545, 0.3851345967599618], [0.20757927059132303, 0.2929840097271376, 0.23751484334220768, 0.26192187633933145], [0.25876004622914645, 0.2956428844675793, 0.16315606272135513, 0.2824410065819192], [0.14634877853551445, 0.3088170197475629, 0.34630102241714117, 0.19853317929978137], [0.27894585855618437, 0.2671195156403345, 0.0859919481064532, 0.3679426776970277], [0.20527928709653476, 0.31108511548566375, 0.27500907085465615, 0.2086265265631453], [0.15984155268655567, 0.29723351521254515, 0.3240184852836645, 0.21890644681723462], [0.2322454442819843, 0.2633568756352116, 0.1884519862882716, 0.3159456937945326], [0.28275551333902976, 0.3714405889934412, 0.0843443206388409, 0.2614595770286878], [0.278197096337637, 0.25588910784188107, 0.17772489493521912, 0.28818890088526283], [0.2845082537991897, 0.3048118865660019, 0.06002029796191277, 0.3506595616728954], [0.2980433579982411, 0.30657384943064, 0.11859746065457943, 0.27678533191653937], [0.27206015182767534, 0.29916245834553395, 0.08112554586343937, 0.3476518439633512], [0.30649798247268284, 0.27370033721683323, 0.13452449496132785, 0.2852771853491556], [0.28611175492928154, 0.25981517454065844, 0.03870269227717626, 0.4153703782528841], [0.213116464770556, 0.28097557576266463, 0.20072475991110064, 0.3051831995556787], [0.3026232558562372, 0.2671941113469949, 0.04239192969540507, 0.38779070310136293], [0.2723063166660992, 0.30747173248174003, 0.13018006181191816, 0.2900418890402426], [0.2727539936720559, 0.2595615154221636, 0.15527176937699322, 0.3124127215287872], [0.29579188686926716, 0.24557119553049933, 0.055505405751943196, 0.40313151184829027], [0.3076902393362872, 0.23993392117431234, 0.06897674353958529, 0.38339909594981514], [0.26999001576340675, 0.2863352374581715, 0.2372244891155956, 0.2064502576628259], [0.10398827760976379, 0.3014020244220079, 0.46710839152760825, 0.12750130644061972], [0.2780779483929924, 0.29767970706421987, 0.13704293541908885, 0.28719940912369857], [0.2496971560058505, 0.3017735789278259, 0.1636334642772078, 0.2848958007891157], [0.2919695010499787, 0.3009270713171966, 0.08485055621426307, 0.3222528714185615], [0.29759818384974057, 0.24481937129902723, 0.12611400437972312, 0.3314684404715093], [0.28428621789957803, 0.32817854701628857, 0.1175751369429431, 0.26996009814119], [0.2349050662687294, 0.28719305048155847, 0.2259536582011128, 0.25194822504859943], [0.22345556129930874, 0.3394560318048197, 0.22558343507167639, 0.2115049718241949], [0.2254587756260686, 0.24390715069117883, 0.30624344562380024, 0.22439062805895224], [0.2999770999161805, 0.26250722655278885, 0.06461192885644443, 0.3729037446745861], [0.17278294455287357, 0.2748240957124052, 0.3225671211771182, 0.22982583855760302]]}, "rewritten": {"ids": ["97105580", "97105760", "97106770", "97107040", "97109080", "97111790", "97116800", "98106111", "98107010", "98107210", "98108520", "98110680", "98112580", "98116090", "99105921", "99108080", "99108310", "99108580", "99108710", "99109311", "99116500", "100107920", "100108520", "100109330", "100111270", "100113210", "101108290", "101110740", "101111210", "101111310", "101112690", "101114020", "101119030", "101119591", "101121640", "102109910", "102110050", "102111990", "102113210", "103110760", "103111540", "103117461", "104111711", "104111780", "104113210", "104113550", "104114410", "104116441", "104116800", "104118340", "104119290", "105110251", "105113190", "105115250", "105116650", "105119550", "105120280", "105121370", "106112770", "106113260", "106120640", "107112840", "107112850", "107113180", "107113550", "107114110", "107114200", "107114490", "107116501", "107118120", "107121540", "108113760", "108114200", "108114220", "108114360", "108114670", "108115870", "108115880", "108116501", "108117451", "108118291", "108118301", "108119330", "109113931", "109115211", "109115220", "109117150", "109119340", "109119591", "109120560", "109121351", "110114610", "110115120", "110115980", "110116170", "110117110", "110117140", "110119300", "110119891", "110120640", "110121170", "111114321", "111115780", "111116040", "111116170", "111116411", "111116530", "111116750", "111116990", "111117480", "111118820", "111119150", "111119430", "111119930", "111120220", "111120320", "111120640", "111121351", "112116540", "112116800", "112116990", "112117030", "112117210", "112117660", "112118421", "112118581", "112118820", "112118890", "112118930", "112120640", "112121360", "113117550", "113118231", "113118620", "113118820", "113119450", "113119950", "113121010", "113121410", "113121950", "113121980", "113122430"], "labels": [1, 0, 3, 2, 2, 2, 0, 0, 3, 1, 2, 2, 2, 0, 1, 3, 2, 0, 2, 1, 2, 0, 2, 0, 2, 0, 0, 3, 2, 3, 1, 3, 3, 0, 2, 2, 3, 2, 3, 1, 1, 0, 1, 3, 3, 1, 1, 1, 1, 2, 1, 0, 3, 2, 1, 1, 3, 2, 1, 3, 3, 1, 1, 3, 0, 1, 2, 3, 1, 3, 2, 1, 0, 3, 1, 3, 3, 3, 0, 2, 3, 1, 0, 1, 0, 3, 2, 3, 0, 1, 0, 1, 0, 1, 0, 0, 3, 1, 3, 0, 2, 1, 1, 0, 0, 0, 3, 3, 0, 1, 0, 3, 3, 1, 3, 1, 0, 0, 1, 0, 0, 2, 1, 0, 3, 1, 0, 3, 1, 0, 3, 3, 3, 3, 0, 3, 0, 2, 0, 3, 2, 2], "predicted_labels": [0, 3, 0, 2, 1, 0, 0, 1, 1, 1, 0, 2, 1, 1, 0, 0, 3, 1, 1, 1, 1, 3, 3, 3, 2, 3, 0, 1, 3, 0, 1, 0, 0, 0, 1, 0, 0, 0, 3, 0, 1, 3, 2, 1, 3, 0, 3, 3, 0, 0, 3, 3, 0, 0, 1, 0, 3, 3, 1, 1, 1, 0, 1, 2, 0, 3, 0, 3, 0, 3, 3, 0, 0, 1, 1, 0, 3, 3, 3, 0, 3, 3, 0, 0, 3, 3, 0, 0, 0, 2, 0, 1, 1, 3, 0, 1, 3, 0, 3, 1, 0, 1, 3, 0, 1, 0, 1, 0, 0, 3, 0, 3, 3, 0, 0, 3, 0, 0, 1, 0, 0, 0, 0, 3, 3, 3, 3, 0, 0, 3, 0, 3, 0, 0, 0, 0, 0, 1, 3, 0, 1, 3], "confidence_scores": [[0.2978659355606592, 0.27022058781897385, 0.1700885308488985, 0.2618249457714685], [0.230396849101769, 0.24993349900144862, 0.20845979911019782, 0.3112098527865846], [0.26628491431226825, 0.2728024572583487, 0.19311759789014726, 0.26779503053923553], [0.14540505678526472, 0.21315622879639853, 0.42627523154661373, 0.2151634828717229], [0.2603743455381556, 0.3100127973585577, 0.12574613809150473, 0.30386671901178236], [0.27677450271896814, 0.25705548309871135, 0.16858301468560116, 0.2975869994967189], [0.30648339770238864, 0.28875427062367676, 0.1190976956111501, 0.2856646360627847], [0.22873181954704272, 0.29645061991483607, 0.18686216814253115, 0.2879553923955902], [0.272026525465756, 0.31880358750933735, 0.10831066572889042, 0.30085922129601606], [0.19619770853902502, 0.2864292621711655, 0.2316715870695514, 0.28570144222025823], [0.2964810722216372, 0.31078757662609524, 0.06566315056858389, 0.32706820058368363], [0.13582963337040588, 0.29698311159325813, 0.38238698286419964, 0.18480027217213643], [0.20697935677481172, 0.31367335169120664, 0.1817216718288742, 0.2976256197051076], [0.24633178007549866, 0.3055450392273224, 0.1508219872833741, 0.2973011934138051], [0.30459584571105136, 0.31454488242203144, 0.10821942973737048, 0.2726398421295465], [0.2861895965981374, 0.28805880909863807, 0.14048792396648338, 0.285263670336741], [0.26274314533341575, 0.27834498112026385, 0.1610977448345362, 0.29781412871178414], [0.21319370874459692, 0.3196656789891149, 0.2763923182946849, 0.19074829397160323], [0.2444326355591013, 0.3680551271532301, 0.14431218856943662, 0.2432000487182321], [0.2473166474676615, 0.2973848300295356, 0.16996504435479015, 0.28533347814801274], [0.18155460337230794, 0.3279383467945596, 0.2217402275463488, 0.2687668222867832], [0.27900487393130563, 0.27300903494792444, 0.08564812603054822, 0.3623379650902218], [0.26283989813776953, 0.2512995656853258, 0.12224170561612387, 0.3636188305607813], [0.2776945343179658, 0.31052462530013764, 0.0698304678463953, 0.34195037253550137], [0.12010117100380958, 0.2948527945966404, 0.4483159720915192, 0.13673006230803067], [0.30439255854587116, 0.26379004324575256, 0.052984903776932, 0.37883249443144446], [0.3099209285218513, 0.27935042670770077, 0.04036397786587563, 0.37036466690457215], [0.24989688162244023, 0.31015744734026224, 0.1537035651494987, 0.2862421058877989], [0.264524048617937, 0.2672879245417321, 0.12021185930199146, 0.3479761675383395], [0.29872463969698704, 0.34878108343687725, 0.07561001283007923, 0.27688426403605654], [0.25955363227862716, 0.3158749221354669, 0.15092828800761562, 0.27364315757829066], [0.28349466537111145, 0.256629956927811, 0.13869976671313228, 0.32117561098794545], [0.2994311332479695, 0.30722954174462497, 0.09124754700742244, 0.3020917779999832], [0.31129020294357573, 0.23554231292420286, 0.08372645190431605, 0.36944103222790536], [0.20987966901020838, 0.32875082350769, 0.15654955936685808, 0.30481994811524366], [0.2839698947172398, 0.2611800414647867, 0.16878160388604496, 0.28606845993192864], [0.23019505609104995, 0.2907838792165695, 0.19423018588890786, 0.2847908788034728], [0.29366830035395775, 0.2701856148285607, 0.12668531476370978, 0.3094607700537719], [0.26914766404213813, 0.28080368278239193, 0.12247733115970375, 0.3275713220157662], [0.2940612494735493, 0.3192575323565453, 0.0806413358300881, 0.3060398823398174], [0.25347549652484225, 0.2718446061113657, 0.2073063014646313, 0.2673735958991609], [0.28503716206997215, 0.28700389234072604, 0.08705722341896721, 0.34090172217033454], [0.18628648831516412, 0.25005994009160865, 0.34772178437314577, 0.21593178722008155], [0.2863639340940356, 0.3448229550937958, 0.05992002550916544, 0.3088930853030031], [0.27875446405668924, 0.27850677205826957, 0.08604780841217732, 0.35669095547286367], [0.2999636649234711, 0.24584106106850087, 0.13316586281623108, 0.321029411191797], [0.2815501305363291, 0.301950171955793, 0.08137021208737007, 0.33512948542050786], [0.289902600128479, 0.32065731013166643, 0.05269142850786107, 0.3367486612319936], [0.2711350922703311, 0.28427175784327086, 0.13371964289667465, 0.31087350698972327], [0.24565182575587077, 0.27636235813642307, 0.2156884269308641, 0.2622973891768419], [0.2296084059205296, 0.2898591120269398, 0.1780767765717126, 0.302455705480818], [0.2463887627221717, 0.2823947447632455, 0.13236978544827538, 0.3388467070663077], [0.30626688936096147, 0.2665292493062865, 0.05907162044253003, 0.36813224089022206], [0.2973397804938832, 0.31780357005811816, 0.17133248043833585, 0.2135241690096629], [0.2566862828239491, 0.3164816082538271, 0.15469870563926993, 0.27213340328295416], [0.2995041408415046, 0.30532998427954855, 0.07520350218529999, 0.3199623726936469], [0.24073238498102523, 0.27661988879800714, 0.18100378920906343, 0.3016439370119041], [0.23079446643514587, 0.2597656901978013, 0.204279778645522, 0.30516006472153057], [0.17319458230539525, 0.29003347085837117, 0.3014129864857404, 0.23535896035049295], [0.29487822784690393, 0.3456120051263738, 0.09663011386121129, 0.26287965316551093], [0.2463822211426771, 0.35385946439040633, 0.14066617964510483, 0.25909213482181187], [0.23179069143570566, 0.2958024444914597, 0.28078124884529826, 0.19162561522753646], [0.23083284768265577, 0.3379694622217751, 0.2010628806947927, 0.23013480940077682], [0.21280905290258684, 0.2554622053113421, 0.41356991824133876, 0.11815882354473262], [0.2491302291504186, 0.2508544417606467, 0.24294811230459115, 0.2570672167843437], [0.2526669188245776, 0.2941561407374539, 0.08182141530531178, 0.3713555251326567], [0.2975216167104557, 0.331018523172182, 0.0509007738679631, 0.32055908624939916], [0.25568847593202015, 0.26759837244188334, 0.14972384514106774, 0.326989306485029], [0.30235238259020775, 0.29734629150832487, 0.05822133088726728, 0.3420799950141999], [0.28779526269684624, 0.3013983071059637, 0.05475611225707729, 0.35605031794011294], [0.24595963060697826, 0.26799220682208846, 0.19721379740711037, 0.28883436516382294], [0.28924431309198595, 0.30117378929902106, 0.09145044508163688, 0.31813145252735625], [0.30606478888404415, 0.303894632760164, 0.09777261123631659, 0.2922679671194753], [0.20631299893432897, 0.2962701162835006, 0.2531510201260197, 0.24426586465615083], [0.22612777493506464, 0.2922366414800993, 0.2508101193607571, 0.23082546422407924], [0.26275388134477295, 0.29652109683436984, 0.15909646989582055, 0.2816285519250369], [0.28369686399631394, 0.261884501152821, 0.08045351828011639, 0.3739651165707482], [0.26241691931993366, 0.26847996070817415, 0.14991392937467105, 0.3191891905972211], [0.30131495476268916, 0.25534145550587817, 0.05921415677795023, 0.38412943295348245], [0.32427925240166294, 0.25514073794509956, 0.035452508381855416, 0.38512750127138196], [0.3028608998885901, 0.2586353177595896, 0.05517320783398164, 0.3833305745178389], [0.293160952959411, 0.28289625460453216, 0.06164709554978073, 0.36229569688627594], [0.27859166664592816, 0.28662142025734294, 0.13070471955549023, 0.3040821935412384], [0.29433173491074777, 0.32817177864194014, 0.09167380572558867, 0.28582268072172373], [0.2670390139048911, 0.29385194251224045, 0.07986408179623304, 0.3592449617866354], [0.27979053191279507, 0.2863703377031163, 0.06567103153306575, 0.36816809885102286], [0.29499123436399394, 0.31205707771884456, 0.10257037981549282, 0.2903813081016691], [0.28653502745957066, 0.29381199831818106, 0.08510256940211616, 0.33455040482013176], [0.2826968655883202, 0.30705276229153655, 0.12530515531377845, 0.28494521680636475], [0.11507866399208212, 0.25757845331879414, 0.424013228375309, 0.20332965431381456], [0.2985521483555254, 0.3159353396357277, 0.050765235430930686, 0.3347472765778165], [0.23420924225358483, 0.31986839408538664, 0.21555953054445048, 0.23036283311657813], [0.25629345225631284, 0.32069600902467904, 0.1867081043925051, 0.23630243432650314], [0.2666414875697338, 0.3026354446931844, 0.1089099340327138, 0.32181313370436804], [0.2969233288838492, 0.29557684302699744, 0.07745512716021817, 0.330044700928935], [0.1921896651547918, 0.3035535863036273, 0.30935150146982876, 0.19490524707175225], [0.23954210157720793, 0.2961744191758626, 0.1386116205182551, 0.3256718587286742], [0.285983878353953, 0.31198786431399506, 0.10995964772700978, 0.2920686096050425], [0.22473558714313732, 0.31377815202906545, 0.11197505201067018, 0.349511208817127], [0.16674401074427145, 0.2912229726728722, 0.33702477917962875, 0.2050082374032278], [0.2469086252119658, 0.2597614241468298, 0.24557783503376757, 0.2477521156074367], [0.2490656526002655, 0.306255006419946, 0.22742580816625896, 0.2172535328135295], [0.2786406176653826, 0.305870754085174, 0.09740671903484631, 0.31808190921459717], [0.29794696773699847, 0.26314811809760985, 0.1508550211181075, 0.28804989304728373], [0.28285944526262574, 0.3390678952201049, 0.046588264996697326, 0.3314843945205719], [0.3129526487734033, 0.27261912074005834, 0.049394821173812414, 0.36503340931272593], [0.28105093517395, 0.3641767302566962, 0.10114746351997309, 0.25362487104938064], [0.31162338245161947, 0.24431933330886257, 0.060667711560769375, 0.3833895726787488], [0.31897563447003885, 0.30132309887432007, 0.0781568691520826, 0.3015443975035584], [0.28156939991737795, 0.30349893902956254, 0.08175588355932878, 0.33317577749373056], [0.29684597240579963, 0.2870465268537181, 0.08296116341059982, 0.33314633732988214], [0.26569259521270955, 0.2845367226256413, 0.10005059808327978, 0.3497200840783693], [0.2392975581201125, 0.27345824609604485, 0.1956097514959191, 0.29163444428792357], [0.28627804100547766, 0.2850508209468856, 0.1513444038757946, 0.2773267341718417], [0.3081204427665214, 0.33461010240976163, 0.05127757479064054, 0.3059918800330763], [0.2804149257405634, 0.2939734362281416, 0.08306134967456028, 0.34255028835673446], [0.2862276213150789, 0.33649217914411816, 0.08330562654699582, 0.2939745729938071], [0.285802334404377, 0.3067687511863373, 0.10680700395399828, 0.3006219104552874], [0.29158081676786346, 0.33632611116646205, 0.054459803833271876, 0.31763326823240273], [0.271235852604717, 0.26601094618779936, 0.15492196382588483, 0.3078312373815988], [0.30416726005404665, 0.26317027222029016, 0.1261061937419614, 0.3065562739837014], [0.28082363548151346, 0.27375880931290963, 0.14683680136143715, 0.29858075384414007], [0.2390108571043023, 0.28867992234602097, 0.24810317237186139, 0.2242060481778156], [0.27516714472285897, 0.27583396550366707, 0.10007107208042676, 0.3489278176930474], [0.28908560634037617, 0.28327783426082354, 0.07996488467700548, 0.3476716747217947], [0.19663037831908584, 0.27567683158389894, 0.26608364886295105, 0.2616091412340642], [0.2899966035825108, 0.28559678401181343, 0.06106141753091175, 0.3633451948747642], [0.2815480125870111, 0.2947986579177696, 0.12834121540143073, 0.29531211409378877], [0.29466060355558066, 0.2885656094780141, 0.07370821191170225, 0.3430655750547029], [0.22034073869159415, 0.28234874948351935, 0.16330316509290996, 0.33400734673197663], [0.30056589462168143, 0.32224056948077423, 0.0854666942059911, 0.2917268416915535], [0.2618317556079646, 0.27336695220585194, 0.16330291030080046, 0.30149838188538297], [0.28694642170262313, 0.2753019838034671, 0.141157660942096, 0.29659393355181396], [0.3012738282660331, 0.34582625272874173, 0.053330259277818676, 0.29956965972740657], [0.28803489773773827, 0.3238954594695889, 0.09040559860251295, 0.2976640441901599], [0.3124882789554626, 0.26676635058567577, 0.09609474522523344, 0.324650625233628], [0.3095679945542638, 0.3066772226846145, 0.03302986347680675, 0.35072491928431504], [0.23850525009741075, 0.3088945255936143, 0.175035627092911, 0.27756459721606386], [0.29908380064104806, 0.24336507539169078, 0.04628841719874436, 0.4112627067685171], [0.2521965035554772, 0.2763808559576162, 0.1992851540451617, 0.2721374864417449], [0.2265579556607407, 0.3159788071105489, 0.1403954779058331, 0.3170677593228772], [0.22585276116765166, 0.3208856838498009, 0.12468803772113742, 0.32857351726140993]]}}