{"test": {"ids": ["106121220", "104111990", "102112301", "113122320", "110114561", "105121190", "104117630", "98116940", "104113000", "109113931", "98107410", "103120730", "107120130", "111116640", "104118340", "100109311", "108114270", "106112770", "103111170", "97106770", "110116300", "113121750", "101108290", "111120591", "100113370", "108121351", "102113210", "100111390", "112118471", "108118630", "102121700", "105110091", "104114320", "98113881", "107121700", "111116290", "99108080", "110118450", "113122170", "99107660", "109120560", "105115680", "106113190", "107116340", "101108500", "103110840", "104114230", "107119130", "113119480", "97112170", "111118301", "109119450", "110120560", "112120700", "107114490", "112118581", "112118820", "101108950", "112117780", "108118520", "112116880", "98106680", "98110810", "107115250", "112120670", "102109910", "111119430", "109119591", "109117150", "111115910", "103110100", "106113830", "108117451", "102114270", "97107681", "103111830", "104116800", "111121190", "109120621", "111117120", "107118820", "103111930", "104117200", "111116040", "105113440", "107113550", "101114990", "105112130", "108113760", "106114280", "111120260", "100108260", "99105921", "107118780", "101112201", "98112300", "99108310", "113119300", "111119580", "111115400", "106116120", "108121410", "105116501", "100108520", "110121500", "102117351", "113121980", "109116930", "112118890", "112117461", "113118511", "111121930", "112118701", "101108080", "103118110", "105110251", "98121790", "104113210", "97114170", "112117210", "98108150", "108116070", "109114030", "99116500", "99112300", "113120751", "111120531", "107112850", "112118620", "113122430", "106119580", "107120880", "100111380", "109116170", "99109740", "99114890", "99111620", "98109311", "102113350", "110117870", "112117790", "113119120"], "labels": [1, 2, 1, 1, 0, 2, 0, 2, 1, 1, 3, 1, 2, 0, 2, 1, 3, 1, 2, 3, 3, 0, 0, 1, 3, 3, 3, 2, 1, 1, 1, 0, 2, 3, 3, 2, 3, 0, 1, 3, 1, 2, 0, 3, 3, 1, 2, 1, 3, 0, 3, 3, 0, 2, 3, 1, 0, 2, 0, 0, 0, 1, 1, 2, 2, 2, 3, 0, 2, 2, 1, 1, 2, 3, 3, 3, 1, 1, 1, 2, 3, 3, 3, 0, 0, 0, 3, 1, 1, 3, 3, 3, 1, 1, 0, 2, 2, 1, 3, 0, 1, 0, 1, 2, 3, 1, 2, 0, 3, 0, 1, 1, 0, 0, 2, 0, 2, 3, 2, 1, 0, 1, 1, 2, 0, 1, 0, 1, 3, 2, 3, 1, 3, 0, 3, 2, 3, 1, 3, 3, 3, 3], "predicted_labels": [3, 1, 3, 2, 0, 2, 1, 3, 3, 3, 0, 1, 1, 1, 3, 0, 0, 1, 3, 2, 1, 1, 3, 0, 3, 3, 1, 0, 1, 2, 1, 0, 0, 0, 3, 1, 0, 1, 2, 0, 0, 1, 3, 3, 2, 1, 1, 3, 3, 3, 0, 3, 2, 1, 2, 1, 0, 3, 3, 0, 1, 1, 2, 2, 1, 0, 3, 1, 1, 1, 2, 0, 0, 3, 0, 2, 3, 0, 3, 1, 1, 3, 1, 3, 1, 3, 1, 2, 1, 1, 0, 0, 1, 1, 0, 3, 1, 3, 3, 1, 1, 1, 0, 2, 0, 1, 3, 0, 2, 3, 0, 3, 3, 1, 0, 0, 2, 0, 3, 3, 2, 1, 1, 2, 3, 0, 0, 1, 2, 1, 1, 3, 0, 0, 1, 1, 0, 1, 1, 3, 3, 3], "confidence_scores": [[6.588588129013616e-06, 0.006922060304066172, 0.0004836053449517437, 0.9925877457628531], [0.021712493593843685, 0.8841529424755277, 0.09394241165628271, 0.00019215227434597626], [0.0033570490631154195, 0.023641387112342337, 0.008474053080678605, 0.9645275107438636], [0.014126197704983228, 0.4015479175936356, 0.5470815983928177, 0.037244286308563426], [0.6544755318598247, 0.2820344767025029, 0.05521371963445732, 0.008276271803215053], [0.004179523139363313, 0.046587441532062, 0.7505621378109689, 0.1986708975176058], [0.27117789091097305, 0.4337164345180041, 0.26526891858837603, 0.029836755982646696], [0.22566304126971212, 0.008539896142592294, 0.10929809797638074, 0.656498964611315], [0.006377538699175171, 1.3331689390437682e-05, 5.930577957522782e-05, 0.9935498238318591], [0.025155305599780367, 0.025865965551773, 0.026570862215394887, 0.9224078666330519], [0.9923376788612589, 0.0005458927898476945, 0.0002094014127442882, 0.006907026936148982], [0.03110622559885086, 0.6466831175359685, 0.014966161638461263, 0.30724449522671937], [0.003143616300063478, 0.9643833470720077, 0.03146706949172551, 0.0010059671362033693], [0.11623613167676902, 0.7860956253443567, 0.02243718016097275, 0.07523106281790147], [0.014503824930212218, 0.11923767755488592, 0.04471060381381176, 0.8215478937010903], [0.9183776630238337, 0.04845837626766437, 0.010890929802956322, 0.02227303090554562], [0.36815942152937636, 0.2846372467769968, 0.13912322977677424, 0.20808010191685258], [0.00032099238201902533, 0.9663274967941824, 0.005173818776053925, 0.028177692047744743], [0.27013210917545527, 0.006413238347567716, 0.00674366592097914, 0.7167109865559979], [0.17332380893292385, 0.0003243374615980161, 0.7358367004789832, 0.09051515312649495], [0.05035554658708223, 0.885381218394041, 0.045415199729070044, 0.018848035289806758], [0.24602026677884356, 0.6899860060756872, 0.006795714965548059, 0.05719801217992116], [0.09510537001302809, 0.04247994015915209, 0.10662068195439726, 0.7557940078734225], [0.9825521047571859, 0.0020247404531954336, 1.733239081733402e-06, 0.015421421550537039], [0.013957962691008888, 0.09513074801412624, 0.030376498607619467, 0.8605347906872455], [0.056682329849984746, 0.023685215500158285, 0.007828508066615652, 0.9118039465832413], [0.05624495778544424, 0.8728308410223709, 0.05454058449570584, 0.01638361669647902], [0.45210575286995036, 0.44734575838191587, 0.013781750705939625, 0.08676673804219427], [0.19827087435469065, 0.788896475851104, 0.011749111806216411, 0.00108353798798898], [0.0019518797287254388, 0.005637068801907831, 0.5242594091672457, 0.4681516423021211], [0.18862272323355142, 0.5989172943379157, 0.1969534831663048, 0.015506499262227857], [0.9056019234721774, 0.03890492327383345, 0.011481998437599185, 0.044011154816389966], [0.9954238372888462, 0.002170774650515881, 0.001361217854805478, 0.0010441702058322526], [0.8548113787148347, 0.1061561257217013, 0.0344782265381781, 0.004554269025286028], [0.000793395730349248, 0.3495598430181115, 0.002019750804391825, 0.6476270104471474], [0.12493046223212073, 0.506690892359644, 0.23371485156062588, 0.1346637938476093], [0.723420082963799, 0.057958888492497515, 0.0024172411393870983, 0.21620378740431637], [6.96640128749568e-05, 0.9901579010511303, 0.009709783241132027, 6.265169486278044e-05], [0.00045215864462680065, 0.0009911033629786562, 0.996233959068807, 0.002322778923587527], [0.8035316686159527, 0.006714671048128946, 0.012694015678238265, 0.17705964465768], [0.49020300209634365, 0.16512555498121465, 0.022995926141094806, 0.32167551678134687], [0.001403533606447448, 0.9452269380608004, 0.009454986552157691, 0.04391454178059454], [0.0012878819593180196, 0.008929863579115852, 0.024890574063413048, 0.9648916803981532], [0.30722313420452235, 0.0911960022670821, 0.013528835979451127, 0.5880520275489445], [0.0059281762666940335, 0.012620849029223087, 0.7311357866750366, 0.2503151880290461], [0.005076872122899529, 0.946881975020097, 0.000450708345510461, 0.047590444511492934], [0.07365827035264541, 0.4691386610768023, 0.009967684197638004, 0.4472353843729142], [0.0028691648494513665, 0.38672139461121435, 0.0201405477148055, 0.5902688928245288], [0.18400300064055664, 0.005871830223722465, 0.0010729128679916632, 0.8090522562677293], [0.09763393181624568, 0.2131627149395767, 0.026418721650205812, 0.6627846315939719], [0.47768924388943823, 0.05662548936283661, 0.41171198170158657, 0.05397328504613863], [0.13416984793713538, 0.022341827916392457, 0.10546227605939021, 0.7380260480870818], [0.07615204339911706, 0.010606713855596668, 0.7921723148183709, 0.12106892792691547], [0.0012233343601218561, 0.9024646491467516, 0.024496901347853494, 0.07181511514527295], [0.016879539301810284, 0.13323015732077084, 0.43721435615531234, 0.4126759472221066], [0.004735957254477658, 0.9898373527263045, 0.004997060609335939, 0.0004296294098819358], [0.9265953836908434, 0.06846021345295997, 0.0007172387423514991, 0.004227164113845203], [0.16763129755762682, 0.015167055716747292, 0.18800855464473407, 0.6291930920808919], [0.030971145456188717, 0.005834887801323258, 0.0016317914882262635, 0.9615621752542617], [0.9907973400752408, 0.0022321775133769504, 0.0017556728997735896, 0.005214809511608612], [1.9603206697180427e-05, 0.9996547706961744, 0.0003035833296598741, 2.2042767468356936e-05], [0.0652505174310924, 0.8741512964483393, 0.05909436166113619, 0.0015038244594317888], [0.014587836240846629, 0.27026992937933475, 0.7140238768635322, 0.0011183575162864122], [0.17435605958107186, 0.2780364264590675, 0.3254178960759301, 0.22218961788393046], [0.0025972885342162516, 0.9392407304618057, 0.007522936808861947, 0.05063904419511614], [0.7464947311646066, 0.20862589368845677, 0.018089169473979736, 0.026790205672956872], [0.0002137418002405754, 0.07170842296126671, 0.0004427125895978789, 0.9276351226488948], [0.0007371334801249254, 0.9989898773507665, 0.0002646564065352816, 8.33276257315695e-06], [0.00041609710135337945, 0.979497824224141, 0.0013931904224646085, 0.01869288825204098], [0.00011535848446834877, 0.995833348889488, 0.0031929294992760213, 0.0008583631267676415], [0.003278516447311081, 0.44657133912528985, 0.5311499745255885, 0.019000169901810547], [0.500051139645705, 0.19456293618257772, 0.015244372511425724, 0.29014155166029143], [0.8920906273181992, 0.0011732757706034483, 0.008629855356402302, 0.09810624155479496], [4.858940040650908e-05, 0.21149771066905215, 0.09891199339240189, 0.6895417065381394], [0.5099692119439777, 0.24447083819587703, 0.19338708412111638, 0.05217286573902897], [0.10265585140761552, 0.23325502234884465, 0.39870227695312466, 0.2653868492904151], [0.00608653225275632, 0.00802744021305614, 0.00042966924811573855, 0.9854563582860718], [0.6875718246920143, 0.2979682192663266, 0.011055241040777524, 0.0034047150008815062], [0.007089018616431299, 0.01583969814736935, 0.0017026240030766024, 0.9753686592331227], [0.24925645635795135, 0.7495963025414148, 0.0010918058819432534, 5.543521869046691e-05], [0.18539614992767056, 0.4716291979031636, 0.24274300242245256, 0.1002316497467132], [0.23334102297162895, 0.28528729541343006, 0.009032447046119782, 0.4723392345688211], [0.0031832364753703645, 0.9169794934731852, 0.013723418437390732, 0.06611385161405361], [0.07805454527143697, 0.0033137191005796996, 0.0005289011645941208, 0.9181028344633893], [0.005707276293088185, 0.9626130253876187, 0.008736700018400444, 0.02294299830089253], [0.007066792835941715, 0.00781269962679281, 0.00602997274726494, 0.9790905347900004], [0.004498572162120231, 0.784537966227287, 0.20815474796911956, 0.0028087136414732578], [0.005431406591274256, 0.18246774152311385, 0.5885257237251654, 0.22357512816044642], [0.4223524753094444, 0.5265367513987582, 0.046527994601069336, 0.004582778690728115], [0.003231868282050374, 0.8737803430082364, 0.11921001886179247, 0.0037777698479210036], [0.6801757539761892, 0.0040605419651546714, 7.010946249154939e-05, 0.3156935945961646], [0.4794211723223955, 0.04406852096993986, 0.007942740831594923, 0.4685675658760697], [0.28873792689085037, 0.6951920587891065, 0.0017915693007387093, 0.014278445019304418], [0.000582957556571279, 0.9982551729594666, 0.0001011008890275554, 0.001060768594934561], [0.9357634396098385, 0.021990164487426966, 0.0011181666801701846, 0.041128229222564316], [0.0635821435936913, 0.006230101298339832, 0.29774299667380916, 0.6324447584341598], [0.21402558798132665, 0.7794391271714922, 0.006517556686158277, 1.7728161022917802e-05], [0.021986392679160277, 0.0010374277312461204, 0.0008590312487536963, 0.97611714834084], [0.43768140069670713, 0.06298678728703705, 0.00410622910818883, 0.49522558290806684], [0.0026609520749006606, 0.9960581599894773, 0.0005581839585995954, 0.0007227039770221528], [0.016323591747420603, 0.9787282226374432, 0.00039380581533792673, 0.004554379799798132], [0.022232316683215163, 0.6223467574152669, 0.000635034208191612, 0.3547858916933263], [0.8448826082066455, 0.11448434255010294, 0.02147870422807142, 0.019154345015180083], [0.003312290913759674, 0.0003814705478567973, 0.7030427686721217, 0.2932634698662618], [0.9636982193356014, 0.033871195542827325, 0.0003062565130955066, 0.002124328608475865], [0.025973798413131303, 0.9643952729129698, 0.00020057680012807374, 0.009430351873770889], [0.3065686313878026, 0.07011559439541915, 0.010469368409310745, 0.6128464058074675], [0.9381955258815191, 0.03124456191783709, 3.366653832070423e-05, 0.030526245662323117], [0.02028912410943238, 0.017883411749914303, 0.8527224658731294, 0.10910499826752394], [0.029498872510771823, 0.00852616921777041, 0.04881045454453803, 0.9131645037269197], [0.7671940137503679, 0.2274001136586055, 6.45275528566292e-05, 0.005341345038170084], [0.017469077081165567, 0.0031936867913168973, 0.07867487892142555, 0.9006623572060921], [0.004855788088262867, 0.004007528135957814, 9.974581625018455e-06, 0.9911267091941544], [0.0030463684165142847, 0.9619418579429005, 0.0013290920868380938, 0.03368268155374708], [0.36748757901526186, 0.0839425577930988, 0.20876543832810068, 0.3398044248635387], [0.8110088314563086, 0.12488032104110187, 0.003351392888421668, 0.06075945461416781], [0.20427929832626127, 0.017721432933612183, 0.766426466040627, 0.01157280269949956], [0.8115385410807909, 0.04570977276133277, 0.005551037000544727, 0.1372006491573316], [0.0002378036753468989, 0.0012700536046620248, 0.030830135291091826, 0.9676620074288992], [0.00010303811122164332, 0.010581415830151738, 0.03682969792439716, 0.9524858481342295], [0.17947907934305318, 0.05715658785681464, 0.741564413122583, 0.0217999196775491], [0.023666266434200757, 0.742820127492865, 0.04062243912420368, 0.19289116694873054], [0.1689333983346093, 0.7086606502212425, 0.03158267819094762, 0.09082327325320058], [0.00046336091364882246, 0.45210839585543544, 0.536983597713728, 0.010444645517187906], [0.0831109985292129, 0.01146492458148922, 0.11737741868114741, 0.7880466582081505], [0.791022949038447, 0.00012415633554828018, 0.0003327349034198891, 0.20852015972258472], [0.7502864103037524, 0.005465783773766247, 4.8595872831321974e-05, 0.24419921004965012], [0.004707576483309432, 0.958492796738481, 0.031809679242915626, 0.004989947535293968], [0.1552731679525972, 0.22820989594997465, 0.5411198526568374, 0.07539708344059073], [3.116875739671852e-05, 0.9976126253388962, 0.0019302882869441775, 0.00042591761676317086], [0.0004636642347340087, 0.9321761271918936, 0.05042828452767129, 0.016931924045701253], [1.8551406174183154e-05, 0.0031159956307202524, 0.03295283540304776, 0.9639126175600577], [0.5038498323123547, 0.03282565186011599, 0.3534412540805027, 0.10988326174702648], [0.6417520665474209, 0.27201900630349707, 0.011909749236165555, 0.07431917791291645], [0.026323184974468075, 0.9408273489699662, 0.0033673086857060586, 0.02948215736985948], [0.003909066478623539, 0.5601324939784538, 0.18814946022684048, 0.24780897931608226], [0.7193769784735398, 0.2731421124920224, 0.0072839939538972736, 0.00019691508054047783], [0.007983610769923469, 0.9651937345348746, 0.026039380054088866, 0.0007832746411132757], [0.0008055587458192467, 0.8213280235377817, 0.08234573079777237, 0.09552068691862672], [0.47237876051578087, 0.00014622095661494984, 0.00040516491265241313, 0.5270698536149517], [0.10112469035790876, 2.5972595357504525e-05, 5.646437238195374e-06, 0.8988436906094955], [0.17053447553057804, 0.04960686325439049, 0.0016924385580940507, 0.7781662226569374]]}, "rewritten": {"ids": ["97106770", "97107681", "97112170", "97114170", "98106680", "98107410", "98108150", "98109311", "98110810", "98112300", "98113881", "98116940", "98121790", "99105921", "99107660", "99108080", "99108310", "99109740", "99111620", "99112300", "99114890", "99116500", "100108260", "100108520", "100109311", "100111380", "100111390", "100113370", "101108080", "101108290", "101108500", "101108950", "101112201", "101114990", "102109910", "102112301", "102113210", "102113350", "102114270", "102117351", "102121700", "103110100", "103110840", "103111170", "103111830", "103111930", "103118110", "103120730", "104111990", "104113000", "104113210", "104114230", "104114320", "104116800", "104117200", "104117630", "104118340", "105110091", "105110251", "105112130", "105113440", "105115680", "105116501", "105121190", "106112770", "106113190", "106113830", "106114280", "106116120", "106119580", "106121220", "107112850", "107113550", "107114490", "107115250", "107116340", "107118780", "107118820", "107119130", "107120130", "107120880", "107121700", "108113760", "108114270", "108116070", "108117451", "108118520", "108118630", "108121351", "108121410", "109113931", "109114030", "109116170", "109116930", "109117150", "109119450", "109119591", "109120560", "109120621", "110114561", "110116300", "110117870", "110118450", "110120560", "110121500", "111115400", "111115910", "111116040", "111116290", "111116640", "111117120", "111118301", "111119430", "111119580", "111120260", "111120531", "111120591", "111121190", "111121930", "112116880", "112117210", "112117461", "112117780", "112117790", "112118471", "112118581", "112118620", "112118701", "112118820", "112118890", "112120670", "112120700", "113118511", "113119120", "113119300", "113119480", "113120751", "113121750", "113121980", "113122170", "113122320", "113122430"], "labels": [3, 3, 0, 2, 1, 3, 0, 1, 1, 2, 3, 2, 2, 1, 3, 3, 2, 3, 3, 0, 2, 2, 3, 2, 1, 3, 2, 3, 0, 0, 3, 2, 0, 3, 2, 1, 3, 3, 3, 1, 1, 1, 1, 2, 3, 3, 2, 1, 2, 1, 3, 2, 2, 1, 3, 0, 2, 0, 0, 1, 0, 2, 1, 2, 1, 0, 1, 3, 1, 3, 1, 1, 0, 3, 2, 3, 1, 3, 1, 2, 1, 3, 1, 3, 1, 2, 0, 1, 3, 0, 1, 1, 0, 0, 2, 3, 0, 1, 1, 0, 3, 3, 0, 0, 3, 0, 2, 0, 2, 0, 2, 3, 3, 3, 3, 0, 1, 1, 1, 0, 1, 0, 0, 3, 1, 1, 3, 0, 0, 3, 2, 2, 1, 3, 1, 3, 1, 0, 2, 1, 1, 2], "predicted_labels": [2, 0, 1, 3, 2, 0, 3, 1, 1, 0, 1, 0, 3, 1, 0, 0, 1, 0, 1, 3, 2, 2, 1, 2, 0, 0, 1, 0, 1, 0, 2, 3, 1, 1, 0, 2, 3, 2, 1, 1, 1, 2, 1, 0, 2, 0, 3, 3, 1, 3, 1, 1, 0, 3, 0, 0, 3, 3, 0, 1, 1, 1, 3, 1, 1, 0, 3, 1, 0, 1, 1, 2, 3, 1, 3, 3, 1, 0, 3, 0, 1, 3, 0, 1, 1, 3, 0, 3, 0, 1, 0, 1, 3, 3, 1, 3, 1, 3, 0, 1, 3, 0, 3, 3, 0, 1, 2, 3, 3, 1, 1, 1, 1, 1, 0, 3, 0, 0, 0, 1, 3, 3, 0, 3, 2, 0, 1, 1, 0, 2, 3, 1, 1, 3, 3, 3, 3, 1, 0, 2, 1, 1], "confidence_scores": [[0.3416626271624664, 0.010645328648139578, 0.6424193887299271, 0.005272655459467003], [0.8716831809366564, 0.04218171292329013, 0.035245781466163424, 0.050889324673889964], [0.08420139700735704, 0.7868051762505448, 0.0630123288834608, 0.0659810978586372], [0.006634351736154314, 0.026884651382849987, 0.012661665014421753, 0.9538193318665739], [8.544411968128146e-05, 0.47367730939216307, 0.5257358131434663, 0.0005014333446893398], [0.8996420006474056, 0.004752772611342826, 0.013542385207397223, 0.08206284153385424], [0.014968553956286329, 0.05948282914570637, 0.2666843978693605, 0.6588642190286468], [0.0065422802152859914, 0.9130135122853814, 0.026461956608181323, 0.0539822508911513], [0.1012520134246062, 0.45187816506321393, 0.41975522454613223, 0.027114596966047656], [0.6914755873624101, 0.0023634780569109343, 0.037924302459196056, 0.2682366321214829], [0.001024679059254866, 0.9988966023714857, 6.153484541247157e-05, 1.7183723847032387e-05], [0.7816109060591695, 0.00423202890733305, 0.000933753693771018, 0.2132233113397266], [0.07492195606829506, 0.013687864438133367, 0.016915803034823026, 0.8944743764587486], [0.024221954083000173, 0.8865407361411087, 0.033602935890138276, 0.05563437388575264], [0.8103200513286514, 0.005189538326249202, 0.10306322065070422, 0.08142718969439504], [0.5536980907961885, 0.19775905735291266, 0.00720533787839738, 0.24133751397250147], [0.0017367320032047454, 0.9982213074466105, 4.108927117815566e-05, 8.712790066021647e-07], [0.5174064945907426, 0.4047441855679841, 0.0007787278722683848, 0.07707059196900498], [0.006718462826353303, 0.7406158527185299, 0.05334794709233462, 0.19931773736278205], [0.03760462876393345, 0.17199584265768036, 0.022280349497327677, 0.7681191790810585], [0.1263901113090167, 0.11054185159334827, 0.7630203733917501, 4.766370588492729e-05], [0.021224725229627556, 0.0002783875639871355, 0.9783391371737873, 0.00015775003259801433], [0.008335103796177634, 0.9897477563913422, 0.0008871399628494012, 0.0010299998496307936], [0.25619795656015276, 0.1092240675561502, 0.6241032600873352, 0.010474715796361816], [0.7629915796325606, 0.21545949954698554, 0.0045029891907626875, 0.01704593162969107], [0.8989828835689068, 0.01283500143054539, 0.06250623457641852, 0.0256758804241295], [0.06936997055805523, 0.9196704922361938, 0.000527441507293967, 0.0104320956984569], [0.8304718013672108, 0.00012101031456617901, 0.08086030409482417, 0.08854688422339894], [0.000940940481720177, 0.6391047523390704, 0.007724845475363761, 0.3522294617038459], [0.5013825567019825, 0.3959416606110088, 0.01239595770289957, 0.09027982498410904], [1.6505623826780338e-05, 0.0007410978425534503, 0.9985611929476707, 0.0006812035859491285], [0.008044049789880495, 0.006369421219089558, 0.011505418964804998, 0.9740811100262249], [0.21870078888770308, 0.773303428404417, 0.0019063738161418315, 0.006089408891738132], [0.001944138079349785, 0.7531382395688672, 0.12867418600348463, 0.11624343634829845], [0.7309417282143262, 0.15952581998319706, 0.10711845440538476, 0.00241399739709178], [0.422579610462935, 0.0012217288731802825, 0.4666850643739967, 0.10951359628988794], [0.024655073948176707, 0.03713797275662977, 0.1295013575542348, 0.8087055957409587], [0.025486817003317435, 0.013598073796281366, 0.70213112162741, 0.25878398757299115], [0.0001502967597890774, 0.9773384632108865, 1.0825858657023832e-05, 0.02250041417066741], [0.06993063579774549, 0.92922975609049, 0.00018415521201052519, 0.0006554528997540366], [0.09629069695544908, 0.8425402736501976, 0.006036913501155762, 0.05513211589319759], [0.0040236973001010045, 0.3429382804806864, 0.6411583092854239, 0.011879712933788629], [0.005323263927326601, 0.9285932802680952, 0.0005629699078415805, 0.06552048589673674], [0.9209169503035436, 0.06983821950842235, 0.00885913560503273, 0.0003856945830011044], [0.005083242103309027, 0.0021199535604066603, 0.6229668916840085, 0.36982991265227577], [0.723284872002864, 0.0017948479774031476, 0.0003067160869194304, 0.27461356393281344], [0.01291630222272631, 0.21864741580585015, 0.04525454541697472, 0.7231817365544488], [0.005561294244910354, 0.012681841438026783, 0.15593776799930503, 0.8258190963177579], [0.003007233995813785, 0.9942841995241689, 0.002410769110462924, 0.00029779736955436637], [0.3225122785962237, 0.0001878945470708238, 1.54525214310542e-05, 0.6772843743352744], [0.01817482664310836, 0.9565308190034846, 0.009312474757480937, 0.015981879595926174], [0.25775060050234216, 0.7319991700003372, 0.003135989630907698, 0.007114239866412856], [0.9152660815978221, 0.01647311472729985, 0.009673477140740216, 0.05858732653413795], [0.06764861003702986, 0.008531461712693632, 0.00013224599913840278, 0.9236876822511381], [0.49720047052240296, 0.48599566155099105, 0.015929154045760213, 0.000874713880845865], [0.9829924730399437, 0.002199982289139326, 0.014065939344988322, 0.0007416053259286497], [0.0028833303737919582, 0.002678758480813705, 0.0001556607351581476, 0.9942822504102362], [0.00028886089159516797, 0.0010403174315759694, 0.000990522386918917, 0.99768029928991], [0.9906265912327945, 0.006046854660398668, 8.928272820846376e-07, 0.0033256612795247846], [8.383937407965427e-06, 0.9916207414966672, 0.004225319116589037, 0.004145555449335777], [0.25264414859400075, 0.3546664933609435, 0.06166749172398278, 0.331021866321073], [2.9898306541903935e-05, 0.9962744178463097, 0.00022065139267271993, 0.0034750324544758114], [0.07307838052281143, 0.022979857867622324, 0.05203449968440966, 0.8519072619251565], [6.612787751560381e-05, 0.9455876504533084, 0.05342572084277263, 0.0009205008264032607], [0.00022556662188487404, 0.4171626381014032, 0.3233786814545144, 0.2592331138221976], [0.5451686168657595, 0.0038831993527026205, 0.012828036882276515, 0.43812014689926143], [0.10660739351091104, 0.006828519706386836, 0.00983793314915959, 0.8767261536335426], [0.0026423708791852006, 0.8751923537459492, 0.04024850812302958, 0.0819167672518358], [0.515115782887062, 0.4769391806778808, 0.00039700519569078364, 0.007548031239366409], [0.030088853723465366, 0.9088240640895153, 0.002343226772321811, 0.05874385541469741], [0.00013251107772867656, 0.5273790673432583, 0.08023709953602612, 0.39225132204298674], [0.0021238833024568556, 0.2647834243909257, 0.5621972887667794, 0.1708954035398379], [0.11665120566913671, 0.23328436310807638, 0.003468865093221483, 0.6465955661295654], [0.05609794382140635, 0.7747901430564571, 0.03845044949009115, 0.13066146363204548], [0.07405286604272418, 0.4122246822768177, 0.021416179899302865, 0.4923062717811552], [0.04204115181066226, 0.00021528551669389411, 0.010534233403135675, 0.9472093292695082], [0.020558477384595177, 0.89502507514682, 0.003822750546578938, 0.0805936969220059], [0.5208970955949097, 0.04035238806377528, 0.004641429439026617, 0.4341090869022885], [0.004534730182745054, 0.12529702982033117, 0.02109836100269915, 0.8490698789942246], [0.5515961588868352, 0.2570754078036074, 0.15595396577030485, 0.03537446753925254], [0.10444362360402007, 0.5701931455866694, 0.30662608735048164, 0.0187371434588289], [0.009083327529169016, 0.2215390385969191, 0.03551192096808403, 0.7338657129058278], [0.6265895993236126, 0.1668894944852724, 0.00793015621317949, 0.19859074997793552], [0.057199869207881796, 0.886891811612312, 0.01903480520350403, 0.03687351397630217], [0.04247192757349992, 0.8240088058437123, 0.0024961076631191993, 0.13102315891966868], [0.0569063204914462, 2.0572964082034808e-05, 0.0025755785349071405, 0.9404975280095647], [0.9719725836123321, 0.0015874222463614428, 0.0035871051258060567, 0.02285288901550025], [0.0004040748285973524, 0.0001596766931816573, 0.00020210833586284426, 0.999234140142358], [0.9986340235377452, 0.0005892301987105902, 5.5932644508723754e-05, 0.000720813619035398], [0.46026891389396707, 0.5371667566926871, 0.00027168647671850835, 0.002292642936627245], [0.9990121957957875, 0.0003878498175490979, 0.0005294412077578969, 7.051317890538208e-05], [0.2721525258811843, 0.700217290798588, 0.026731225633845772, 0.0008989576863819384], [0.00010043612113417325, 0.3164025973142528, 0.0034196020577198566, 0.6800773645068933], [0.3793932632509858, 0.18517404185060873, 0.0038397252924919044, 0.43159296960591353], [0.0014328954545563845, 0.9865359128662096, 0.0038364090004546934, 0.008194782678779274], [0.2365458584297544, 0.006416666659387094, 0.07350262199022506, 0.6835348529206334], [0.11110523804323573, 0.8886138613702949, 6.1223159747619455e-06, 0.00027477827049469965], [0.00022449889421049165, 0.049229076989063876, 0.1985963521895449, 0.7519500719271807], [0.7273340076943468, 0.0003921538140999233, 1.4569872940613152e-05, 0.27225926861861277], [0.07127423679006384, 0.9053236542246705, 0.001724574304819079, 0.021677534680446475], [0.007430114425188156, 0.0005904873323163125, 0.000603525399929622, 0.9913758728425658], [0.5967618238514807, 0.0028276553546751804, 0.0011108163274379846, 0.39929970446640606], [0.00012370086387364961, 0.3000255726351183, 0.2088969952843115, 0.4909537312166965], [0.10075807721263468, 0.27025144105754473, 0.20125810707408126, 0.4277323746557393], [0.5188125880148764, 0.4805228899822122, 1.623026858616469e-05, 0.0006482917343253474], [0.3186323761758939, 0.6143735097865325, 0.056338018605081516, 0.010656095432492017], [0.0030312796575401985, 0.3056805615913089, 0.6901049519412771, 0.0011832068098739038], [0.14055539755026403, 0.006431405115814661, 0.0001958073303484237, 0.8528173900035729], [0.0001803745150763586, 0.019629940125649614, 0.06431095684476068, 0.9158787285145134], [0.0901934997047948, 0.7544414894528461, 0.01906360775764201, 0.1363014030847171], [0.4337029734930001, 0.5643569833066479, 0.0017374036414350264, 0.00020263955891702693], [0.026683420653670267, 0.7531650340417756, 0.0006373969108762553, 0.219514148393678], [0.001277278107378089, 0.8440172482912861, 0.006957698770211975, 0.14774777483112392], [0.46534622337056986, 0.5194840502998835, 0.0044799143017570445, 0.01068981202778968], [0.9588353962816814, 0.0010786272531885638, 1.3658592917597768e-05, 0.040072317872212534], [0.05264361208398764, 0.003893672714044741, 0.00011114022359185198, 0.9433515749783756], [0.6829658558604358, 0.0010156422831271133, 3.3885309101842475e-05, 0.31598461654733523], [0.9800208241632964, 5.1554068245733705e-05, 0.0007453337803402034, 0.019182287988117528], [0.9910018006622324, 0.0029814641199946827, 0.002040229319262433, 0.00397650589851051], [0.005132013180423268, 0.900484974101098, 0.09394707288607229, 0.00043593983240638133], [0.08799930033960185, 0.19189701697591524, 0.040137148170939135, 0.6799665345135437], [0.4789843437870764, 0.0018600476494987075, 0.0003991952575906777, 0.5187564133058343], [0.5559050894890201, 0.271726059591279, 0.025628648807377488, 0.14674020211232344], [2.0081326828558035e-05, 6.108444130327087e-07, 5.737716541037477e-06, 0.9999735701122174], [0.3598478587573403, 0.04730990561778967, 0.590310102346259, 0.0025321332786110186], [0.3728541742504881, 0.19384197365010092, 0.24937207759954735, 0.18393177449986362], [0.012376612369377175, 0.7653984598854721, 0.0141127298345761, 0.20811219791057473], [0.012977022721939287, 0.9867640035678298, 0.00022541333124521677, 3.356037898549132e-05], [0.9978075907962052, 0.0004867169701014791, 0.0005676580271048545, 0.001138034206588537], [0.05396100254208894, 0.1635115444559804, 0.7179384904591781, 0.0645889625427526], [0.004238904011465289, 0.10170398976187887, 0.044191147651240326, 0.8498659585754156], [0.07183474441204392, 0.8531292007570063, 0.02187529593858759, 0.05316075889236231], [0.05515450540005552, 0.7538809340991307, 0.047018657222013434, 0.1439459032788003], [0.002283218104248405, 0.0063633896099955225, 6.558333659850769e-05, 0.9912878089491576], [0.10719956727867672, 0.00018529664859190007, 0.00036987223684665696, 0.8922452638358846], [0.0011709797626022482, 0.12553747082502284, 0.0013590642594736007, 0.8719324851529012], [0.32630211334744796, 0.12184117274488893, 0.0021372497581844427, 0.5497194641494787], [0.019377380578668762, 0.9107942652762349, 0.0001459152248741027, 0.06968243892022231], [0.9824279579890958, 0.0020741433416534213, 0.007187447937148442, 0.008310450732102355], [2.1674384875047346e-05, 0.005018663630840585, 0.994398890880313, 0.0005607711039713955], [0.011859756805952153, 0.6586091450811545, 0.004045100777713311, 0.3254859973351802], [5.032357878372826e-07, 0.9983222872190848, 0.00019234516753794152, 0.0014848643775895068]]}}