{"test": {"ids": ["109113591", "102121440", "109117080", "109119340", "113120531", "111115780", "109117600", "99109740", "104113210", "101119030", "100107920", "111116290", "104113170", "108118060", "105113190", "104113240", "99109860", "108117360", "112121351", "112117431", "111116640", "101108080", "105115720", "98111670", "101109120", "101113210", "99108710", "107114280", "113118870", "108121160", "97106970", "108115500", "108114180", "100108490", "113118231", "98106880", "111115620", "110114920", "112117461", "103110100", "103113610", "113122650", "109115070", "104111990", "101110200", "109120621", "109118701", "100109330", "112119580", "108113620", "99107500", "108118301", "110117110", "111119340", "113119480", "104111531", "106120640", "98110710", "113118690", "99107630", "99108000", "105110091", "108118810", "107114321", "99120010", "100111620", "113122180", "107121700", "104117630", "99107560", "101114020", "107113170", "109115380", "112118810", "110118161", "109120150", "98106111", "99112840", "105117351", "110114950", "111117000", "97107040", "105121190", "100109801", "99112641", "103112470", "102112170", "113119700", "106116120", "108114040", "98107210", "105113260", "107114621", "112121430", "104111550", "112116401", "106118520", "108113760", "109119010", "113122230", "101108580", "106120290", "109114030", "102110050", "113121190", "108120280", "113122510", "102116340", "99109311", "109115220", "98107010", "113122320", "107119950", "107116340", "112116880", "99112300", "105118740", "105119550", "97112830", "106116820", "112118620", "99107300", "113119950", "109120540", "112116800", "99108580", "104119290", "100109910", "111120220", "99111620", "104111620", "110116441", "98121790", "109115211", "98111231", "97107681", "106115250", "102117351", "99107660", "111119930", "112119950", "105115900"], "labels": [3, 2, 1, 3, 0, 1, 1, 3, 3, 3, 0, 2, 3, 1, 3, 2, 2, 1, 0, 0, 0, 0, 1, 1, 1, 3, 2, 3, 0, 2, 2, 3, 1, 2, 3, 0, 1, 3, 0, 1, 2, 2, 0, 2, 2, 1, 3, 0, 3, 3, 0, 1, 0, 3, 3, 0, 3, 2, 3, 2, 2, 0, 1, 0, 2, 3, 2, 3, 0, 1, 3, 0, 3, 3, 0, 2, 0, 2, 0, 0, 0, 2, 2, 0, 1, 1, 3, 0, 1, 0, 1, 3, 0, 2, 1, 0, 2, 1, 3, 1, 0, 2, 1, 3, 1, 3, 2, 3, 1, 3, 3, 1, 3, 3, 0, 0, 1, 1, 2, 1, 3, 3, 0, 1, 0, 0, 1, 2, 3, 3, 0, 3, 2, 0, 1, 3, 2, 1, 3, 1, 0, 3], "predicted_labels": [1, 0, 1, 3, 0, 3, 1, 3, 0, 0, 3, 2, 1, 0, 0, 1, 1, 2, 1, 1, 1, 0, 1, 0, 3, 2, 1, 1, 1, 3, 1, 1, 1, 2, 1, 2, 3, 0, 3, 2, 1, 2, 1, 1, 1, 3, 1, 0, 0, 3, 1, 3, 1, 3, 0, 3, 1, 3, 3, 3, 1, 0, 1, 0, 2, 1, 3, 3, 3, 1, 0, 3, 1, 1, 1, 0, 2, 3, 3, 3, 3, 2, 2, 1, 1, 1, 0, 1, 1, 3, 1, 1, 3, 3, 2, 3, 1, 0, 3, 2, 0, 1, 0, 1, 1, 3, 3, 3, 1, 3, 2, 2, 3, 3, 0, 0, 1, 2, 2, 0, 3, 3, 0, 1, 1, 0, 1, 2, 0, 1, 1, 3, 2, 3, 1, 1, 1, 1, 0, 3, 0, 3], "confidence_scores": [[0.004541931038975712, 0.9300063647629977, 0.0010388489692368353, 0.06441285522878977], [0.3180907597502655, 0.0908632152385994, 0.2950094982220345, 0.29603652678910064], [1.9029650873063246e-08, 0.9999849362152297, 1.4180609361139237e-05, 8.641457580590804e-07], [0.01055828720902524, 0.10307306770014728, 0.010666428803101261, 0.8757022162877263], [0.8763915446265259, 0.048395460748659094, 0.05465396905790851, 0.02055902556690653], [0.12641881521307913, 0.02151706816703836, 0.0267741224618692, 0.8252899941580133], [0.0201621702933385, 0.9340543110668427, 0.008776324017217875, 0.0370071946226009], [0.11871978126752053, 0.15302613680475216, 0.3393755137250735, 0.38887856820265376], [0.9901744809142646, 0.0033791476666938545, 0.0029857721928968598, 0.0034605992261447726], [0.5474430462240684, 0.31558926816501565, 0.08331648120733985, 0.05365120440357611], [0.010659647073233752, 0.029945694827591275, 0.0008457309596349295, 0.95854892713954], [0.024767355403672035, 0.015478991929107793, 0.8849037743333346, 0.0748498783338855], [0.06109191917726749, 0.9356405644957613, 0.0006791347510968008, 0.0025883815758745306], [0.523930340575474, 0.007536817212764802, 0.17173974578599643, 0.29679309642576485], [0.8420218863785423, 0.015494492328821429, 0.0026557408490169654, 0.13982788044361935], [0.0010032245536327024, 0.9981020401327696, 0.0008843551911830425, 1.0380122414624385e-05], [0.0002464418460491117, 0.9868058968979909, 0.011858289636965757, 0.0010893716189943035], [0.2807899367141339, 0.0021140362144278953, 0.7121414843746205, 0.004954542696817635], [0.026622097292453704, 0.8594361473578177, 0.010422671664677472, 0.10351908368505114], [0.29528958778064046, 0.6945334525538746, 2.9921900273030858e-05, 0.010147037765212115], [0.18243408755167168, 0.3251745675639486, 0.23775589966015181, 0.25463544522422793], [0.7643299321181112, 0.214925623986967, 0.0023148158809114154, 0.018429628014010508], [0.0024977828172302935, 0.8421011895677826, 0.15376672307351766, 0.0016343045414695624], [0.7380947669442708, 0.006295397835782582, 0.006487336230846907, 0.24912249898909972], [0.21656111526889474, 0.0018939879077762745, 0.007636734050355915, 0.7739081627729733], [0.005366622099832808, 0.2256150260869402, 0.6494204706845778, 0.11959788112864927], [3.479854432048497e-05, 0.9999583179518313, 6.133938672328376e-06, 7.495651760926261e-07], [0.0008348827755533069, 0.6505035811964367, 0.3424868717908413, 0.00617466423716877], [0.0014638502719707095, 0.6703419536180724, 0.001029235234458256, 0.32716496087549873], [0.00236945002025304, 0.08316849497106422, 0.048231602148581396, 0.8662304528601013], [6.599295277083648e-05, 0.450466861912986, 0.2874315867984198, 0.2620355583358233], [0.02257237407776699, 0.49807283959570653, 0.012618199580021647, 0.4667365867465048], [0.0020462606245131134, 0.9905026961152295, 0.0024350989727802467, 0.005015944287477171], [0.24078937633471947, 0.21800688928801382, 0.5402089844469984, 0.0009947499302681833], [0.0004977104590966126, 0.7817957247785021, 0.042207187224551614, 0.1754993775378495], [0.320835499273165, 0.09895895084611397, 0.5737227044143268, 0.006482845466394129], [0.15640277360088548, 0.004600423972902551, 0.40656137216076205, 0.4324354302654499], [0.8439104542518445, 0.03956897569975719, 0.10727218358531951, 0.009248386463078797], [0.00013446807577000632, 0.00011657075901606505, 4.6283391563271965e-06, 0.9997443328260576], [0.0007744122836195414, 0.30197650143705124, 0.6881220561383805, 0.009127030140948794], [0.003252789391656277, 0.8007832046663133, 0.19122585030816408, 0.004738155633866259], [0.0006715819958538297, 0.011995435220325623, 0.977081669454025, 0.010251313329795557], [0.01098760203404052, 0.9725694944318579, 0.00011063049270637536, 0.016332273041395205], [0.014173617434894169, 0.7431126446267308, 0.23926426192502323, 0.0034494760133517506], [0.0009931544383126455, 0.6402464135244115, 0.007777806926402614, 0.3509826251108733], [1.8540199053104825e-05, 0.002226825712151379, 4.5948669595568053e-05, 0.9977086854192], [0.0007814344310287562, 0.9961209718613508, 0.002825031847800206, 0.0002725618598202679], [0.7038024953951402, 0.2669093400059308, 0.0016939237305112179, 0.027594240868417837], [0.9194313170317953, 2.9055046906851076e-05, 0.00016555364128752108, 0.08037407428001046], [0.3520572758402363, 0.2770367182344499, 0.0007764128028547731, 0.37012959312245886], [0.0007807029105367445, 0.8909862968759996, 0.015474304937154444, 0.09275869527630912], [0.0006484428266352635, 0.04236426819130988, 0.0037453808560189124, 0.9532419081260359], [0.09725798148510585, 0.5309838687889649, 0.14368512486525914, 0.2280730248606702], [0.0005369473106797674, 0.0985153683956471, 0.0035182070223830427, 0.8974294772712901], [0.670161278729225, 0.0013476429533631302, 0.004085168655687655, 0.3244059096617243], [0.014586383777962427, 0.15689037550735524, 0.03828874411961712, 0.7902344965950653], [0.029637348860934477, 0.9615771518237548, 0.00843719008188775, 0.0003483092334228986], [8.032647312693562e-07, 0.22237514378351667, 0.14356726724149893, 0.6340567857102531], [0.02327235882190042, 0.25817304672153873, 0.025650954374115183, 0.6929036400824456], [0.03654525401259458, 0.007127630338822085, 0.004698743761986561, 0.9516283718865969], [4.52328557481004e-06, 0.9990393126303415, 0.0009422544961529974, 1.390958793095183e-05], [0.5283847935230225, 0.27802736260271954, 0.02218485628056322, 0.1714029875936947], [0.015864747008761695, 0.9246892320633957, 0.004435672359975914, 0.05501034856786666], [0.4608905079048062, 0.43792476295956595, 0.007633529198305741, 0.09355119993732211], [0.025580104035285964, 0.3963830311738263, 0.40540417577876897, 0.17263268901211876], [0.008890574836718035, 0.8360033786150709, 0.09083585208511814, 0.06427019446309279], [0.0106074026921856, 0.004473140019498443, 0.009984925897122568, 0.9749345313911933], [0.008513347497591615, 0.2991878055957399, 0.11231208388648242, 0.5799867630201861], [0.017660699898726807, 0.33585243907060147, 0.13305435749335803, 0.5134325035373137], [0.0009635095310077354, 0.9989392414251831, 7.426082059125994e-05, 2.2988223217856614e-05], [0.6308333951068942, 0.1488223165261766, 0.15397835762367307, 0.06636593074325615], [0.11374269827081461, 0.07367609104948232, 0.008996164787239086, 0.8035850458924639], [0.0007684066477489588, 0.9392005794766296, 0.020659348698695075, 0.03937166517692647], [0.06877029774067828, 0.6293191357557607, 0.010320079722614478, 0.2915904867809465], [0.30939525002986107, 0.46195270601278937, 0.006163636361292912, 0.22248840759605668], [0.46489278757117286, 0.17386776201454224, 0.34792448863621595, 0.013314961778068964], [0.1925465673831304, 0.0042109189136270465, 0.7863650690225719, 0.0168774446806708], [0.001673490583839277, 0.0592566895091734, 0.0014573013319185823, 0.9376125185750688], [0.00014679780040170715, 0.00024354711944724302, 2.2606134092540433e-05, 0.9995870489460585], [0.07533394798465379, 0.4483121338970893, 0.008624978164652217, 0.4677289399536046], [0.02837383033573647, 0.059958334174234025, 0.0011596110170146983, 0.9105082244730148], [0.0001022182580100765, 0.013367811345602238, 0.9780234488920954, 0.00850652150429236], [0.0024018356910330565, 0.0036470881214363186, 0.5251192459951177, 0.46883183019241287], [3.259721985797137e-05, 0.9979336034992508, 0.00020301252423053537, 0.0018307867566607961], [0.054780785806070056, 0.6271771055206408, 0.06332959354381029, 0.2547125151294789], [0.0963305527514405, 0.8166257768223933, 0.08322307555082382, 0.003820594875342261], [0.6397533383328483, 0.00404080090167536, 0.3480748126025921, 0.008131048162884204], [0.006687124529504215, 0.9410929520895914, 0.03679833436453076, 0.015421589016373556], [0.045366631693948105, 0.9240880341069208, 0.02852762401784636, 0.0020177101812847453], [0.05357182307151917, 0.2675029478902178, 0.2881523022733961, 0.39077292676486697], [5.001355291890643e-05, 0.6266640505560208, 0.013121399929659836, 0.3601645359614004], [0.0006314281529199644, 0.9154467487413657, 0.06017861466138252, 0.02374320844433194], [0.01766086669509257, 0.0018496293062932672, 9.109633641602778e-05, 0.9803984076621981], [0.022670240147038095, 0.01187080725243955, 0.08677872767276734, 0.878680224927755], [0.04785365278121531, 0.001583293712661092, 0.9127193308603099, 0.03784372264581374], [0.003730412816944076, 3.133498772590211e-05, 5.315260217938796e-06, 0.9962329369351121], [0.004886378161755253, 0.7509070366448389, 0.13634422674377825, 0.10786235844962762], [0.5365792781391292, 0.34452579668277244, 0.10029516755391628, 0.018599757624182055], [0.00107430003509801, 0.01215286054338015, 0.009490113176233264, 0.9772827262452887], [0.003268185652576437, 0.010880533636783363, 0.9813131044752825, 0.004538176235357712], [0.3920918735951928, 0.2714443706836389, 0.19751313625845646, 0.1389506194627118], [0.004808871176799819, 0.9937297043677898, 0.0007134754888504882, 0.0007479489665596591], [0.7641284403209732, 0.0822095980953073, 0.009073453287641801, 0.14458850829607758], [5.593070847245478e-05, 0.5125699926340597, 0.03469957671730925, 0.45267449994015857], [0.3882528989994881, 0.41852743667401426, 0.008565197749649102, 0.1846544665768485], [0.0010877000425274495, 0.0006286832601474082, 0.000891402545014995, 0.99739221415231], [0.0022428920542044957, 0.03336021481107866, 0.2356578737636054, 0.7287390193711114], [0.010231684711507604, 0.0027843274205987295, 0.052328713317309254, 0.9346552745505845], [0.01391730356273867, 0.9860287244576698, 2.403962754046676e-05, 2.993235205095434e-05], [0.13397491065319303, 0.0006478400045953813, 0.004121832087656952, 0.8612554172545546], [0.3561564046054156, 0.0821733115918245, 0.43500703288811676, 0.12666325091464312], [0.009964493743773102, 0.025683758773734112, 0.6949035438633057, 0.2694482036191871], [0.030779138274947444, 0.015287899194353348, 0.0019045532170262375, 0.9520284093136729], [0.0035624272260689187, 0.4374530295360433, 0.009554362304346276, 0.5494301809335413], [0.4957741466962597, 0.4510570865788749, 0.05238190083098147, 0.0007868658938841506], [0.8599444805284486, 0.0007334756126916015, 0.07956632242997139, 0.059755721428888506], [0.014314667207982464, 0.9054955404698689, 0.076075359451377, 0.004114432870771484], [0.019465785367104534, 0.11478386792839454, 0.7601350897638378, 0.10561525694066312], [0.021858098001353857, 0.08052871046838533, 0.8038219888830134, 0.09379120264724745], [0.7955222538032918, 0.19422856535318705, 0.010064237240659496, 0.0001849436028616196], [0.06747206363168365, 0.3273216100091914, 0.015374966841167435, 0.5898313595179575], [0.21305218949641636, 0.016528508787351584, 0.0002253228859455218, 0.7701939788302865], [0.7782955267900679, 0.05494698922335429, 0.0002915554671203825, 0.1664659285194575], [0.01551988088078533, 0.9774225510632506, 0.0015380085238336735, 0.005519559532130571], [0.00029703464194570477, 0.9736507703702219, 0.0021359475136202124, 0.023916247474212175], [0.458456459346039, 0.4461360823387251, 0.0887073987391855, 0.006700059576050222], [0.028726817030276398, 0.7034355570290183, 0.17393823187944238, 0.09389939406126298], [0.39433498640741943, 0.014352234066703924, 0.556438029131826, 0.03487475039405043], [0.44078227454048224, 0.32570848939233077, 0.0031078978697387026, 0.23040133819744835], [0.0029649914587427328, 0.995332367171758, 0.0014437660647075785, 0.0002588753047916877], [0.027770802951107836, 0.8428772309501925, 0.01714382780081581, 0.11220813829788394], [0.0007573724311949483, 0.4543178054370616, 0.0169172571618897, 0.5280075649698538], [0.017726477251949646, 0.01782189921696932, 0.9430913626562853, 0.021360260874795527], [0.007261996844524126, 0.2278799441301464, 0.0035114154299732783, 0.7613466435953561], [0.3211850936043044, 0.40257838180572825, 0.18037476419576176, 0.09586176039420552], [0.029297167319941385, 0.9166766469041471, 0.003028391374888568, 0.05099779440102308], [0.02152890694393933, 0.9739301311166599, 0.004120428340383778, 0.00042053359901691404], [0.021097870606596167, 0.9777894380538694, 9.023676521722893e-05, 0.001022454574317333], [0.5061327521504952, 0.0033047167336930855, 0.00024998697714013546, 0.4903125441386716], [0.02748786456755025, 0.005317854760216838, 0.006007406817265868, 0.961186873854967], [0.864454414832934, 0.0010574144001830256, 0.0002057685742562271, 0.1342824021926267], [0.10696967855019976, 0.002262810064929742, 0.0027254501192398154, 0.8880420612656307]]}, "rewritten": {"ids": ["97106970", "97107040", "97107681", "97112830", "98106111", "98106880", "98107010", "98107210", "98110710", "98111231", "98111670", "98121790", "99107300", "99107500", "99107560", "99107630", "99107660", "99108000", "99108580", "99108710", "99109311", "99109740", "99109860", "99111620", "99112300", "99112641", "99112840", "99120010", "100107920", "100108490", "100109330", "100109801", "100109910", "100111620", "101108080", "101108580", "101109120", "101110200", "101113210", "101114020", "101119030", "102110050", "102112170", "102116340", "102117351", "102121440", "103110100", "103112470", "103113610", "104111531", "104111550", "104111620", "104111990", "104113170", "104113210", "104113240", "104117630", "104119290", "105110091", "105113190", "105113260", "105115720", "105115900", "105117351", "105118740", "105119550", "105121190", "106115250", "106116120", "106116820", "106118520", "106120290", "106120640", "107113170", "107114280", "107114321", "107114621", "107116340", "107119950", "107121700", "108113620", "108113760", "108114040", "108114180", "108115500", "108117360", "108118060", "108118301", "108118810", "108120280", "108121160", "109113591", "109114030", "109115070", "109115211", "109115220", "109115380", "109117080", "109117600", "109118701", "109119010", "109119340", "109120150", "109120540", "109120621", "110114920", "110114950", "110116441", "110117110", "110118161", "111115620", "111115780", "111116290", "111116640", "111117000", "111119340", "111119930", "111120220", "112116401", "112116800", "112116880", "112117431", "112117461", "112118620", "112118810", "112119580", "112119950", "112121351", "112121430", "113118231", "113118690", "113118870", "113119480", "113119700", "113119950", "113120531", "113121190", "113122180", "113122230", "113122320", "113122510", "113122650"], "labels": [2, 2, 3, 2, 0, 0, 3, 1, 2, 1, 1, 2, 3, 0, 1, 2, 3, 2, 0, 2, 1, 3, 2, 3, 0, 1, 2, 2, 0, 2, 0, 0, 2, 3, 0, 0, 1, 2, 3, 3, 3, 3, 3, 3, 1, 2, 1, 1, 2, 0, 1, 0, 2, 3, 3, 2, 0, 1, 0, 3, 3, 1, 3, 0, 1, 1, 2, 2, 1, 1, 2, 2, 3, 0, 3, 0, 0, 3, 3, 3, 3, 1, 0, 1, 3, 1, 1, 1, 1, 3, 2, 3, 1, 0, 0, 3, 3, 1, 1, 3, 3, 3, 2, 1, 1, 3, 0, 3, 0, 0, 1, 1, 2, 0, 0, 3, 1, 3, 0, 0, 0, 0, 0, 3, 3, 3, 0, 0, 2, 3, 3, 0, 3, 0, 0, 0, 1, 2, 1, 1, 2, 2], "predicted_labels": [1, 2, 3, 2, 0, 0, 3, 1, 2, 1, 2, 3, 3, 1, 1, 3, 0, 1, 2, 1, 0, 0, 1, 1, 3, 1, 3, 3, 0, 2, 0, 1, 2, 2, 0, 0, 3, 3, 2, 1, 0, 3, 0, 3, 1, 1, 2, 1, 0, 3, 2, 3, 3, 0, 0, 1, 3, 1, 1, 3, 1, 1, 0, 1, 1, 1, 1, 3, 0, 0, 0, 1, 1, 0, 1, 0, 1, 3, 3, 3, 1, 1, 1, 2, 3, 2, 0, 3, 1, 3, 3, 1, 0, 1, 0, 3, 2, 1, 3, 3, 3, 1, 3, 1, 3, 1, 1, 3, 1, 1, 3, 3, 3, 0, 1, 2, 3, 0, 3, 1, 0, 1, 3, 1, 3, 3, 0, 0, 2, 1, 3, 3, 0, 1, 3, 0, 0, 3, 1, 3, 2, 2], "confidence_scores": [[2.2597175765141036e-05, 0.9559888910712316, 0.03637290234167344, 0.007615609411329758], [2.7173005570440836e-05, 0.07279923568789529, 0.9247830926949538, 0.0023904986115804616], [0.30460366945699163, 0.08903189140677077, 0.03736724897390533, 0.5689971901623322], [0.0008030797685816614, 0.15490896084049344, 0.7894066045378614, 0.0548813548530635], [0.9800648199249579, 0.0005013805185899477, 0.0002749429939080871, 0.01915885656254415], [0.7852345932127737, 0.0948668103559686, 0.08839464868688723, 0.031503947744370604], [0.20483396980072222, 0.014394962089679442, 0.269534824185559, 0.5112362439240393], [0.0011598830267346809, 0.8810865513947822, 0.0023995790415200662, 0.11535398653696295], [6.52442534719631e-07, 0.02086394932432338, 0.8187742624690111, 0.16036113576413089], [0.15390077304755448, 0.6654970218847407, 0.06712347289433403, 0.11347873217337087], [0.07855760603683633, 0.0015535576169681173, 0.6900410935012836, 0.22984774284491194], [0.08971344497371597, 0.02143762620130196, 0.2261495640861903, 0.6626993647387918], [0.031096194728888905, 0.026715159744145636, 0.0001063659540010582, 0.9420822795729644], [2.7575158871935377e-06, 0.9970399002058119, 0.002346195726463379, 0.0006111465518373634], [0.00048354811599151575, 0.9990365913603786, 0.0004792920049262652, 5.685187034912223e-07], [0.027000755219911562, 0.022564805711022273, 0.009362148364194762, 0.9410722907048714], [0.8030976305471564, 0.003933076485945211, 0.001129993348717933, 0.1918392996181805], [1.1348436028740305e-05, 0.8912120639644178, 0.10679801763045492, 0.0019785699690985817], [0.04507599394547911, 0.2763128050069084, 0.6775365503797776, 0.0010746506678347939], [0.007411014020055919, 0.8267062786362542, 0.15732709612249546, 0.008555611221194335], [0.8522421036336337, 0.12736021270917453, 0.00034966916548635285, 0.020048014491705412], [0.46107819285443336, 0.3130734084579785, 0.06940692206255215, 0.15644147662503602], [0.00016186187472337356, 0.819895187227789, 0.1758430492153708, 0.004099901682117008], [0.005854276733901842, 0.9893909745552529, 0.003542839395150145, 0.001211909315695191], [0.00423164840103559, 0.0764033469745918, 0.004149372774594098, 0.9152156318497786], [0.13887830170330046, 0.856796943465097, 0.002968153710351141, 0.0013566011212514377], [0.0020148057507466694, 0.06593271305572064, 0.00045008539169577816, 0.931602395801837], [0.2929897082896822, 0.14253191526496356, 0.17970570732791669, 0.3847726691174376], [0.6250337057568393, 0.021761326080010707, 0.0004112428902436526, 0.35279372527290626], [0.15840313365401792, 0.11374749870188512, 0.727439600502955, 0.0004097671411419876], [0.9727450796352187, 0.005710998675023353, 0.0004914455970275088, 0.021052476092730494], [0.000630537533743389, 0.6523810571447413, 0.0005775784094363834, 0.3464108269120789], [0.11716985151952433, 0.00017636123088270416, 0.8779229463116542, 0.004730840937938699], [0.030299913035269715, 0.011802587504049191, 0.9267626870811497, 0.031134812379531227], [0.5152313800440411, 0.44570587787254007, 0.009058932500272182, 0.03000380958314653], [0.6122945656822197, 0.010715801639161264, 0.010575867174423532, 0.36641376550419535], [0.04414995969391408, 0.0002622717487436652, 0.09544646376196905, 0.8601413047953732], [0.018675810103086058, 0.03154183025611116, 0.4401510251505177, 0.509631334490285], [0.025593355294846586, 0.07812219102544606, 0.640075342773939, 0.2562091109057684], [0.006827207929911998, 0.5007692530616321, 0.07495200410117846, 0.4174515349072774], [0.5603301901628517, 0.10325149249196809, 0.08851886298453654, 0.24789945436064367], [5.295235153772425e-06, 0.053076317034985256, 0.001723558625520197, 0.9451948291043407], [0.9530654198078234, 0.004502152350757143, 0.028570016503569235, 0.01386241133785023], [0.014657858795651154, 0.10566028941352806, 0.00029378331326694064, 0.8793880684775539], [0.03013220152872655, 0.9696557743626376, 5.13236450324167e-05, 0.000160700463603548], [0.0028447288740174026, 0.5652262450932198, 0.42231471506173945, 0.009614310971023339], [0.008277208583276822, 0.20460906007815197, 0.6616494338682877, 0.1254642974702836], [0.1417794656114605, 0.7098100048063873, 0.05654117338005735, 0.09186935620209488], [0.8519214070913731, 0.06546705874769072, 0.07974006920429119, 0.002871464956645059], [0.008708816983840774, 0.05756527390670084, 0.002109505271353865, 0.9316164038381045], [0.059588405833465675, 0.00579329399557587, 0.9094442819977868, 0.025174018173171584], [0.015953634504881745, 5.313259118431862e-06, 3.091323447386225e-06, 0.9840379609125524], [0.005469356491894226, 0.4380521555544394, 0.021008071883079255, 0.5354704160705872], [0.5344277183819582, 0.19120970191764008, 0.27350533361533375, 0.0008572460850677627], [0.9663312203976472, 0.0009860580772839984, 0.03245526730898303, 0.00022745421608592355], [0.0005990735434458404, 0.9843319507871758, 0.014849210234076477, 0.00021976543530192766], [0.09577967133060732, 0.17034434289797504, 0.18115412291742405, 0.5527218628539936], [0.02665085336223334, 0.8659911696384948, 0.016578302892774427, 0.09077967410649737], [0.05886896109865116, 0.5424113507688766, 0.36831703257404463, 0.030402655558427638], [0.02037520462681332, 0.37490082746291253, 0.0048181848467390665, 0.5999057830635353], [2.7781252748981582e-05, 0.7101049849788373, 0.03678766538516292, 0.2530795683832508], [0.0024609791602685145, 0.9602961737224371, 0.02728473113059334, 0.00995811598670107], [0.9818241575416387, 0.0003213036138896284, 0.00943069022349242, 0.008423848620979267], [0.0006411351691556376, 0.8417113263064281, 0.004729749338913702, 0.1529177891855025], [0.1351838417149445, 0.8296628435549627, 0.03354063048653266, 0.001612684243560194], [0.004390295896758174, 0.8805347828880267, 0.0024134897505272124, 0.11266143146468813], [0.001898204579727661, 0.9180557908007494, 0.019813848601657497, 0.06023215601786541], [0.008673024341505688, 0.07491385206524245, 0.013463309283867275, 0.9029498143093845], [0.6364803008962218, 0.036607146192523116, 0.016144881319346605, 0.3107676715919084], [0.9991765964713047, 0.0007504727943003979, 3.282860899591323e-06, 6.96478734953928e-05], [0.7532075456483902, 0.02291164203171572, 0.01772523457302089, 0.2061555777468733], [0.030375075925198777, 0.9395630852222665, 0.0026498328629321996, 0.027412005989602507], [0.03220168842553054, 0.921908277247449, 0.04436199143169395, 0.001528042895326468], [0.8142804501396591, 0.00027438593496512587, 0.08011289636246836, 0.10533226756290759], [9.80483959768462e-05, 0.957507523018611, 0.04175391614449929, 0.0006405124409126976], [0.9108973146908053, 0.009776768606592807, 0.05152949625964472, 0.027796420442957208], [0.12504592832721356, 0.7677727998400143, 0.026502861814959762, 0.08067841001781238], [0.01039653846290173, 0.07806054684092721, 0.0017307602311460726, 0.9098121544650251], [0.02791136153765938, 0.0002098134504544909, 0.0012768829561538076, 0.9706019420557325], [0.022136512266056906, 0.027773447812192178, 0.04959832222985345, 0.9004917176918974], [0.055353420927233304, 0.9304334024342275, 0.001966377038332952, 0.012246799600206174], [0.0020763108823770066, 0.8383186590823386, 0.15476946274459955, 0.004835567290684891], [0.008258914964481747, 0.8454649177843035, 0.09873881273836628, 0.04753735451284864], [0.006257090918568469, 0.005958101251095556, 0.9841914103885326, 0.003593397441803392], [0.034432676714519626, 0.01227333671326978, 0.06015827417836771, 0.8931357123938428], [0.00028550327011385006, 0.05479430302248175, 0.9358221846358195, 0.009098009071585067], [0.7145541039633234, 0.0001280374660749909, 0.0076384706118068305, 0.2776793879587947], [0.0030188151141946422, 0.17484071204315507, 0.027363484915583953, 0.7947769879270664], [0.0008644071334875343, 0.9614731108184685, 1.8835526252759006e-05, 0.037643646521791294], [0.0049056121646432515, 2.7027636577570845e-05, 0.0008237498746294373, 0.9942436103241499], [3.3598852330877466e-05, 0.00495101040167858, 0.000782546244363564, 0.9942328445016271], [0.025768982241985414, 0.7388679069562576, 0.007140491051181774, 0.22822261975057515], [0.5707542915606947, 0.19733804175028313, 0.03616753255895835, 0.19574013413006386], [0.0068125894533956535, 0.9913950079147715, 0.0016441434200524829, 0.00014825921178031608], [0.7665670042606807, 0.2162774972925093, 0.0007533093763441052, 0.01640218907046584], [0.0388660493573621, 0.00930657319179234, 0.000338838274426111, 0.9514885391764195], [0.0030050424457466218, 0.08353245608157985, 0.8427838805133511, 0.07067862095932254], [3.6999838557053034e-07, 0.9999917033580638, 7.887249489286873e-06, 3.93940613699121e-08], [0.013597358959179814, 0.11689116060832228, 0.08246288082490687, 0.7870485996075911], [0.0032241210078257205, 0.16127511765206243, 0.0022179197994213855, 0.8332828415406904], [0.0002375958777916057, 0.007442858416732472, 0.08124372327031595, 0.9110758224351599], [0.015273406943533163, 0.920767628025845, 0.0024053928938355565, 0.061553572136786194], [0.032758530481809156, 0.002360873270099151, 0.032263431251656774, 0.932617164996435], [0.016617723829031313, 0.9814144258090911, 3.501004111053209e-05, 0.0019328403207669541], [6.296086728671206e-05, 1.733907521510465e-05, 5.754592959335499e-07, 0.9999191245982022], [0.03208765239524988, 0.8376965784051134, 6.185278103217023e-05, 0.13015391641860458], [0.11987868147041873, 0.7537833747052071, 0.004548604172875239, 0.12178933965149899], [0.0005997249289398372, 0.012791662826043021, 0.00613061866260645, 0.9804779935824106], [0.12094617090267262, 0.8685414962037085, 0.0004975925717245261, 0.010014740321894314], [0.24048591877724648, 0.5820776233992364, 0.0001696525900081191, 0.17726680523350904], [0.008162184881917885, 0.00013124416424733725, 0.0045230434893664614, 0.9871835274644682], [0.019397833918080348, 0.01782001581398656, 0.2723295758367143, 0.6904525744312189], [0.012253310086224859, 0.053950715303122655, 0.2649989514861506, 0.668797023124502], [0.5710298566423572, 0.2224878409342892, 0.006733688213594518, 0.1997486142097591], [0.0033308701268574283, 0.9226997922826837, 0.0011394458982514984, 0.07282989169220727], [0.1275307413009344, 0.17700991078404932, 0.44903080475061674, 0.24642854316439944], [0.002295205402112183, 0.007243504955659359, 0.11802541349690358, 0.8724358761453248], [0.5865296752812965, 0.3654497472445338, 0.004117782964870227, 0.04390279450929953], [0.004180170987564024, 9.437900824220519e-05, 2.8509854827423972e-06, 0.9957225990187111], [0.012091948010478342, 0.7221239834888934, 0.26050175217583077, 0.005282316324797458], [0.9755924327467632, 0.004132210182485339, 0.018367471305134105, 0.001907885765617408], [0.020444470109219633, 0.9790328848143097, 0.00047899911328337717, 4.364596318738019e-05], [0.020673686997233688, 1.1504777950460103e-05, 9.568356781724785e-07, 0.9793138513891376], [0.0006223031759502831, 0.9847364958236756, 0.0014713683413084292, 0.013169832659065538], [0.014850188767559317, 0.17630042398264423, 0.0008320886107496901, 0.8080172986390468], [0.037303978451032054, 0.0017339484295954576, 0.002585523359727073, 0.9583765497596454], [0.8387261250903929, 0.01276789116305476, 0.000980078468537934, 0.14752590527801426], [0.5737206041869607, 0.003294519941009448, 0.0021036113267402334, 0.4208812645452897], [0.017405635686274484, 0.08249710975078631, 0.8147040653907693, 0.0853931891721699], [0.0069188888146487545, 0.6233830083830326, 0.36712901662110714, 0.0025690861812116502], [0.010249862775687903, 9.165746666359598e-05, 0.005506071660069839, 0.9841524080975786], [0.054231929181203294, 0.03534819091354804, 0.16706521167135255, 0.7433546682338962], [0.8062921693783925, 0.11351451260494629, 0.015501360301255014, 0.06469195771540605], [0.0005609274750426894, 0.9993797992200294, 4.9935845665001623e-05, 9.33745926286859e-06], [0.38377042592844396, 0.009664325332513797, 0.003950488535436677, 0.6026147602036055], [0.7733592820867407, 0.0023455517415492057, 0.000424748981840456, 0.22387041718986947], [0.8531862359138798, 0.003675903750741411, 0.006128069649518509, 0.13700979068586056], [0.03484900759268578, 0.12336604319889113, 0.03506611510189977, 0.8067188341065235], [0.006940104897067308, 0.8415661400884318, 0.13878639784510202, 0.012707357169398735], [0.0011560851581293025, 0.004182523802043256, 0.002036782298501859, 0.9926246087413256], [0.0002895877604664026, 0.028364697242063905, 0.7622247737962048, 0.20912094120126484], [5.006949701707351e-05, 0.4645948393027238, 0.4892227634802325, 0.04613232772002657]]}}