{"test": {"ids": ["98110680", "103109021", "111117200", "111114121", "113120640", "110118930", "113118421", "113118511", "110115120", "101112690", "108117451", "105112130", "111120540", "100109910", "97107821", "100108520", "109120540", "97107681", "108118810", "112116610", "108114220", "113121410", "112116501", "112118581", "106116441", "110119030", "97106970", "101108580", "99107300", "111119950", "109115220", "113117340", "111116010", "112121351", "110120640", "107119130", "113120070", "110117200", "113119450", "101111140", "112117431", "100112060", "111115910", "109114220", "102112301", "98109090", "102116500", "108120280", "98111670", "111121351", "113119340", "104116800", "104113000", "111121930", "103112641", "106119580", "106112770", "112118511", "97116800", "110114720", "110119891", "113117401", "110117500", "112117580", "110114321", "113119480", "111116090", "108121351", "104118070", "102110050", "113118820", "112118620", "108117610", "110120560", "106116640", "104113190", "112121410", "99114890", "105110251", "102109910", "106119260", "109116810", "111121190", "101108290", "110117080", "99111000", "101111620", "110118740", "101108121", "99111440", "97116401", "98106880", "100108260", "107120260", "108117720", "99117630", "108114200", "106121220", "112121030", "108120260", "101114020", "111117120", "112118550", "113119360", "112118701", "103113170", "102110240", "110121450", "106117650", "108120060", "111120190", "109114030", "112120640", "106113260", "112118810", "113121980", "107121700", "110121500", "111116040", "111117480", "111116100", "107115250", "112118860", "113120540", "97113260", "105113210", "100108080", "112120540", "102113350", "109116750", "103110100", "110117110", "109119591", "103109641", "107117630", "112116451", "101117580", "97116500", "100109801", "99108520", "106114280", "107116980"], "labels": [2, 0, 0, 0, 0, 1, 3, 1, 0, 1, 2, 1, 1, 2, 2, 2, 1, 3, 1, 1, 3, 0, 3, 1, 0, 0, 2, 0, 3, 0, 3, 2, 1, 0, 0, 1, 2, 3, 3, 2, 0, 2, 2, 3, 1, 1, 1, 3, 1, 0, 0, 1, 1, 1, 3, 3, 1, 1, 0, 3, 3, 3, 1, 0, 1, 3, 3, 3, 2, 3, 0, 3, 3, 0, 3, 3, 0, 2, 0, 2, 1, 3, 1, 0, 1, 2, 3, 3, 0, 3, 3, 0, 3, 1, 1, 3, 0, 1, 0, 1, 3, 2, 3, 0, 0, 3, 3, 3, 1, 1, 3, 1, 0, 3, 3, 2, 3, 3, 0, 1, 3, 2, 3, 3, 1, 3, 0, 3, 3, 0, 1, 0, 0, 1, 0, 0, 3, 2, 0, 2, 3, 3], "predicted_labels": [1, 3, 1, 1, 1, 1, 0, 1, 1, 1, 0, 1, 1, 2, 1, 3, 1, 2, 3, 1, 2, 1, 1, 1, 1, 1, 1, 0, 3, 3, 3, 1, 3, 3, 1, 3, 3, 1, 1, 0, 1, 1, 2, 1, 1, 1, 1, 0, 1, 1, 1, 1, 3, 0, 3, 3, 1, 1, 3, 1, 1, 1, 1, 1, 1, 2, 1, 3, 1, 1, 1, 1, 3, 1, 3, 3, 3, 1, 1, 0, 3, 1, 3, 3, 1, 1, 1, 3, 1, 1, 3, 1, 1, 1, 1, 1, 0, 3, 0, 1, 3, 1, 3, 0, 3, 1, 1, 1, 1, 1, 1, 1, 1, 1, 1, 1, 3, 1, 0, 3, 1, 1, 1, 0, 3, 3, 1, 1, 1, 1, 3, 1, 3, 3, 0, 1, 3, 0, 1, 1, 1, 1], "confidence_scores": [[0.17479569042069037, 0.3400556318681318, 0.2771545052170053, 0.20799417249417246], [0.2715710572107632, 0.2568966556319498, 0.18606367243867247, 0.28546861471861473], [0.2573423520923522, 0.3032253579753579, 0.16440361027861028, 0.2750286796536796], [0.20323384948384948, 0.33812597125097127, 0.21724877899877895, 0.24139140026640027], [0.19667972305472298, 0.31251497113997107, 0.24284949772449774, 0.24795580808080825], [0.1890219918969919, 0.34578493728493725, 0.2260307331557331, 0.23916233766233766], [0.33909613997114, 0.2470735930735931, 0.1286089466089466, 0.2852213203463204], [0.26767390248640255, 0.3424651459651461, 0.17398116466866465, 0.2158797868797869], [0.2541926406926407, 0.32008405483405483, 0.15597411330499564, 0.2697491911683088], [0.19249332611832615, 0.3512331557331557, 0.22164736652236658, 0.2346261516261516], [0.3303149350649351, 0.24901569264069268, 0.13252453102453102, 0.28814484126984125], [0.1869481074481075, 0.4400376429126427, 0.1807474747474747, 0.19226677489177488], [0.2597583527583528, 0.28690391552891553, 0.21079750804750808, 0.2425402236652236], [0.24239574314574316, 0.25859028471528467, 0.2954420024420024, 0.2035719696969696], [0.2376515984015985, 0.3077324203574204, 0.1984333028083028, 0.2561826784326785], [0.2656397907647908, 0.24620968614718616, 0.2176945485070485, 0.2704559745809747], [0.2513638167388168, 0.36634704184704175, 0.14835912698412695, 0.23393001443001446], [0.2523937590187591, 0.19185515873015876, 0.28288088300588304, 0.27287019924519934], [0.2165552503052503, 0.2518594877344877, 0.1818924963924964, 0.3496927655677656], [0.2013611855980277, 0.3237504301254301, 0.233831820956821, 0.24105656331972117], [0.2341526667776668, 0.27540145965145973, 0.2837979659229659, 0.20664790764790766], [0.24708114108114118, 0.31351920995670995, 0.1566772602397602, 0.2827223887223887], [0.2135359689330278, 0.3007281746031746, 0.20038278796367026, 0.2853530685001273], [0.22550517538017542, 0.30368025030525037, 0.23899152236652235, 0.23182305194805206], [0.2688204622175211, 0.32249224386724384, 0.18757664557664555, 0.22111064833858948], [0.24224220142602498, 0.31843057024674676, 0.20637148962148963, 0.23295573870573866], [0.2218603896103897, 0.30232757520257525, 0.21332574370074373, 0.26248629148629143], [0.3005091436341436, 0.21982226107226105, 0.22130358530358535, 0.25836500999001005], [0.26548382173382173, 0.2676652791652792, 0.18359712509712509, 0.28325377400377405], [0.23081583694083696, 0.2673769286269287, 0.15851785714285713, 0.3432893772893773], [0.23748255910755917, 0.2585934898434898, 0.18787337662337658, 0.3160505744255745], [0.237022231036937, 0.29204023427552844, 0.21645582195582197, 0.2544817127317127], [0.2045306499056499, 0.2525325924075924, 0.2671876873126873, 0.2757490703740704], [0.22385209235209239, 0.24453517316017326, 0.16942748917748915, 0.3621852453102454], [0.2521957070707071, 0.28802578671328677, 0.21460745504495507, 0.24517105117105129], [0.21621140460846344, 0.27667413142413144, 0.22907249694749687, 0.27804196701990824], [0.218244227994228, 0.28315458152958156, 0.21205970418470416, 0.28654148629148635], [0.24961904761904763, 0.2916419552669554, 0.17202806915306915, 0.28671092796092806], [0.27234035409035423, 0.2925360056610056, 0.18011849261849255, 0.2550051476301476], [0.3082636807636807, 0.2317762515262516, 0.20534640767729, 0.2546136600327777], [0.3100380591630591, 0.3236774891774893, 0.14971006771006767, 0.21657438394938397], [0.2423149350649351, 0.3251621572871574, 0.20519390331890325, 0.22732900432900421], [0.2421836635586637, 0.247412407037407, 0.256050505050505, 0.2543534243534244], [0.25912355699855705, 0.30733243145743144, 0.1966857864357865, 0.23685822510822518], [0.22954960317460316, 0.31966486291486296, 0.20262247474747472, 0.24816305916305922], [0.2437793872793873, 0.2978662726162726, 0.22680669330669334, 0.2315476467976469], [0.22949350649350655, 0.2929399558774559, 0.2161739857364857, 0.2613925518925519], [0.3100330086580088, 0.2163549783549784, 0.18027988677988674, 0.29333212620712623], [0.2393561577311578, 0.2659436535686536, 0.2649394494394494, 0.22976073926073926], [0.22286419136419133, 0.3479747890997891, 0.15258377733377737, 0.2765772422022422], [0.2748950771450771, 0.3040472027972028, 0.139554945054945, 0.281502775002775], [0.19943214424464423, 0.33944994588744587, 0.21077725052725046, 0.2503406593406594], [0.2107487373737374, 0.2504491480741481, 0.2125785187035188, 0.3262235958485958], [0.31336910311910326, 0.25812003968253977, 0.1496367451992452, 0.27887411199911194], [0.2057559523809524, 0.23974765512265514, 0.23728003246753246, 0.31721636002886], [0.22711126373626375, 0.2894783549783551, 0.19182622932622934, 0.29158415195915205], [0.20405067155067155, 0.28821263458763463, 0.2563650793650794, 0.25137161449661455], [0.24768748429932644, 0.30176526251526253, 0.1821773365523366, 0.2683699166330746], [0.2594073418411655, 0.2521713156124921, 0.2077373598623598, 0.2806839826839827], [0.2310180375180375, 0.3402285908535908, 0.21016132478632482, 0.2185920468420469], [0.20642249417249417, 0.32796861471861477, 0.16844642857142866, 0.29716246253746254], [0.2733255772005772, 0.306224927849928, 0.15857792207792204, 0.26187157287157303], [0.2395321067821066, 0.3549772727272728, 0.16515692640692642, 0.2403336940836941], [0.22426917526917528, 0.3351430375180376, 0.14872209734709732, 0.29186568986568984], [0.26760236291486295, 0.3470000000000001, 0.15582169913419913, 0.22957593795093803], [0.25610271672771673, 0.24434060384060377, 0.2601386946386947, 0.23941798479298482], [0.26322150072150075, 0.2893823953823955, 0.1805412157287157, 0.26685488816738817], [0.23458942446442443, 0.28269017094017085, 0.17551010101010095, 0.30721030358530377], [0.20828878066378065, 0.3241001082251083, 0.20640836940836946, 0.26120274170274177], [0.19927651515151512, 0.2902123015873016, 0.25243481518481536, 0.2580763680763682], [0.2604670607170607, 0.36211273448773457, 0.13547084859584857, 0.24194935619935617], [0.2598766927516927, 0.29670404595404604, 0.15926512784601018, 0.28415413344825124], [0.28135064935064935, 0.22946139971139967, 0.16386634199134192, 0.32532160894660905], [0.21103270340770341, 0.3534193722943725, 0.19763980463980463, 0.23790811965811973], [0.1883910533910533, 0.28652528435616675, 0.2057944890077243, 0.3192891732450556], [0.25525667388167383, 0.2655034271284271, 0.19523782467532477, 0.2840020743145743], [0.23067027417027414, 0.28281300643800655, 0.19295730658230656, 0.2935594128094129], [0.22347799422799425, 0.2963247071555895, 0.2331987097869451, 0.24699858882947115], [0.21909456148426734, 0.3266218193571136, 0.2137539821289821, 0.24052963702963706], [0.3138012265512266, 0.24087523587523596, 0.19035454822954814, 0.25496898934398926], [0.19797438672438672, 0.3036004897879898, 0.19324469280719275, 0.3051804306804307], [0.25426731601731606, 0.32443867243867247, 0.18579172216672213, 0.2355022893772894], [0.25756140183346066, 0.2729654789654789, 0.1531546509046509, 0.31631846829640947], [0.2591672077922078, 0.2481877705627706, 0.15310786435786433, 0.3395371572871573], [0.21126443001442996, 0.29123322510822514, 0.24107599345099356, 0.25642635142635145], [0.18725291375291378, 0.37051542901542933, 0.2436008991008992, 0.19863075813075814], [0.2174851398601399, 0.3088557414807415, 0.2433872377622378, 0.23027188089688091], [0.26323755411255406, 0.25511111111111107, 0.17523791486291482, 0.30641341991341986], [0.23960299422799422, 0.3081551087801088, 0.2089997988122988, 0.24324209817959833], [0.2420886058386058, 0.292938061938062, 0.20680197580197585, 0.2581713564213564], [0.22881493506493508, 0.26517839105339114, 0.1940878427128427, 0.3119188311688311], [0.21831882006882009, 0.31485440947940946, 0.23348892773892768, 0.23333784271284277], [0.22843231686614027, 0.3643691039352806, 0.16805182317682313, 0.239146756021756], [0.21964051226551218, 0.2873957431457432, 0.23729256854256853, 0.25567117604617606], [0.19908946608946618, 0.30267496392496396, 0.19930050505050495, 0.29893506493506494], [0.24630808080808092, 0.29339542402042407, 0.19401312576312585, 0.26628336940836933], [0.28383798840048846, 0.28348233710733706, 0.22765880647130654, 0.205020868020868], [0.2345084776334777, 0.2566389998889999, 0.18689449439449438, 0.3219580280830281], [0.4274098817848819, 0.2010768398268398, 0.16314931596181595, 0.2083639624264624], [0.2589190115440115, 0.33835413197913217, 0.18925977209065445, 0.21346708438620204], [0.2144283563658564, 0.2675874264624265, 0.2428396464646465, 0.27514457070707066], [0.22056078643578644, 0.34228012265512264, 0.13601388888888885, 0.301145202020202], [0.25611224886224887, 0.2799049422799423, 0.1452111083361083, 0.3187717005217005], [0.28341450216450204, 0.262445165945166, 0.1867011738261739, 0.2674391580641581], [0.2337814407814408, 0.25687307137307136, 0.18514923964923963, 0.3241962481962483], [0.2011774891774892, 0.3428889443889445, 0.20998683261183268, 0.24594673382173377], [0.23799422799422804, 0.2970082972582973, 0.22739502164502168, 0.23760245310245318], [0.2550689588189588, 0.328684065934066, 0.15725906038406037, 0.258987914862915], [0.2531331168831169, 0.32842568542568545, 0.1737098873348873, 0.24473131035631038], [0.22188632201132197, 0.29320856920856925, 0.2273249111999113, 0.2575801975801976], [0.22564141414141428, 0.2920470779220779, 0.22795213120213118, 0.25435937673437675], [0.23165240315240315, 0.3404871239871241, 0.19586270673770678, 0.23199776612276612], [0.2134484681984682, 0.30317171717171715, 0.24610030247530243, 0.23727951215451212], [0.22916737429237435, 0.33394932844932845, 0.19876749639249636, 0.23811580086580086], [0.24748196248196247, 0.28942406204906207, 0.17917478354978353, 0.283919191919192], [0.20740423465423466, 0.313679168054168, 0.17728847541347545, 0.301628121878122], [0.2091780858030858, 0.309395202020202, 0.1579952408702408, 0.3234314713064714], [0.24807874396844976, 0.3276853114206056, 0.187982350982351, 0.23625359362859363], [0.3420039682539683, 0.2770277777777778, 0.1367655677655678, 0.24420268620268623], [0.1993059163059164, 0.26979118104118105, 0.19137687312687304, 0.33952602952602967], [0.2584944916194917, 0.31133054445554464, 0.1711208513708513, 0.25905411255411254], [0.24342898767898766, 0.3051499472749474, 0.20854628704628705, 0.24287477799977805], [0.24881138306138315, 0.27742271617271613, 0.21763421300921287, 0.25613168775668776], [0.3598308080808082, 0.24944913419913425, 0.1687095404595404, 0.22201051726051726], [0.2084046925296926, 0.2637984237984238, 0.22740854978354982, 0.30038833388833386], [0.25537860750360764, 0.2525908397158398, 0.17319986957486957, 0.31883068320568314], [0.22699296536796543, 0.33007665945165937, 0.19550493950493952, 0.24742543567543573], [0.25965928515928527, 0.26993488455988457, 0.22136858974358972, 0.24903724053724063], [0.19719444444444442, 0.2796845793095794, 0.25057900432900426, 0.27254197191697194], [0.27547714785214794, 0.3464811438561439, 0.13960123210123204, 0.23844047619047629], [0.2617895992895993, 0.2259065795315795, 0.23805125430125432, 0.274252566877567], [0.21338474025974022, 0.2990129870129871, 0.2684036796536796, 0.2191985930735931], [0.21767292429792434, 0.2629162365412365, 0.23646080308580306, 0.28295003607503605], [0.2527786657786658, 0.21522291597291596, 0.19859157509157505, 0.33340684315684305], [0.2881209893048128, 0.2091045212956979, 0.23800227550227546, 0.2647722138972139], [0.24484676434676442, 0.32764525752025764, 0.1949134060384061, 0.2325945720945721], [0.2724847236097235, 0.2834990703740705, 0.14771912809412802, 0.29629707792207804], [0.3240764652014652, 0.24423824786324785, 0.18023067210567206, 0.2514546148296148], [0.25560210622710633, 0.3356370157620158, 0.1775298729048729, 0.2312310051060051], [0.24549146686646683, 0.3118981990231991, 0.22501286213786212, 0.21759747197247192], [0.249454385891886, 0.28533988233988244, 0.1839901556776556, 0.28121557609057624], [0.3071719530469531, 0.3171832056832058, 0.15941179653679655, 0.21623304473304472]]}, "rewritten": {"ids": ["97106970", "97107681", "97107821", "97113260", "97116401", "97116500", "97116800", "98106880", "98109090", "98110680", "98111670", "99107300", "99108520", "99111000", "99111440", "99114890", "99117630", "100108080", "100108260", "100108520", "100109801", "100109910", "100112060", "101108121", "101108290", "101108580", "101111140", "101111620", "101112690", "101114020", "101117580", "102109910", "102110050", "102110240", "102112301", "102113350", "102116500", "103109021", "103109641", "103110100", "103112641", "103113170", "104113000", "104113190", "104116800", "104118070", "105110251", "105112130", "105113210", "106112770", "106113260", "106114280", "106116441", "106116640", "106117650", "106119260", "106119580", "106121220", "107115250", "107116980", "107117630", "107119130", "107120260", "107121700", "108114200", "108114220", "108117451", "108117610", "108117720", "108118810", "108120060", "108120260", "108120280", "108121351", "109114030", "109114220", "109115220", "109116750", "109116810", "109119591", "109120540", "110114321", "110114720", "110115120", "110117080", "110117110", "110117200", "110117500", "110118740", "110118930", "110119030", "110119891", "110120560", "110120640", "110121450", "110121500", "111114121", "111115910", "111116010", "111116040", "111116090", "111116100", "111117120", "111117200", "111117480", "111119950", "111120190", "111120540", "111121190", "111121351", "111121930", "112116451", "112116501", "112116610", "112117431", "112117580", "112118511", "112118550", "112118581", "112118620", "112118701", "112118810", "112118860", "112120540", "112120640", "112121030", "112121351", "112121410", "113117340", "113117401", "113118421", "113118511", "113118820", "113119340", "113119360", "113119450", "113119480", "113120070", "113120540", "113120640", "113121410", "113121980"], "labels": [2, 3, 2, 1, 3, 2, 0, 0, 1, 2, 1, 3, 2, 2, 3, 2, 3, 0, 3, 2, 0, 2, 2, 0, 0, 0, 2, 3, 1, 3, 3, 2, 3, 3, 1, 3, 1, 0, 1, 1, 3, 3, 1, 3, 1, 2, 0, 1, 3, 1, 3, 3, 0, 3, 1, 1, 3, 1, 2, 3, 0, 1, 1, 3, 0, 3, 2, 3, 1, 1, 1, 1, 3, 3, 1, 3, 3, 0, 3, 0, 1, 1, 3, 0, 1, 0, 3, 1, 3, 1, 0, 3, 0, 0, 3, 3, 0, 2, 1, 0, 3, 3, 2, 0, 1, 0, 3, 1, 1, 0, 1, 0, 3, 1, 0, 0, 1, 3, 1, 3, 0, 3, 3, 3, 0, 0, 0, 0, 2, 3, 3, 1, 0, 0, 0, 3, 3, 2, 3, 0, 0, 2], "predicted_labels": [1, 2, 1, 3, 1, 1, 0, 1, 1, 1, 0, 0, 1, 1, 3, 1, 1, 1, 1, 3, 1, 2, 1, 1, 0, 0, 0, 2, 1, 3, 0, 0, 1, 1, 1, 1, 1, 3, 3, 3, 1, 1, 3, 3, 1, 1, 1, 1, 3, 1, 1, 1, 1, 3, 1, 1, 1, 3, 1, 0, 1, 1, 1, 1, 0, 1, 0, 3, 1, 3, 1, 1, 0, 3, 3, 3, 3, 1, 1, 3, 1, 1, 1, 1, 1, 2, 3, 1, 3, 1, 1, 3, 1, 1, 1, 0, 1, 2, 3, 0, 0, 1, 1, 3, 3, 1, 3, 1, 1, 1, 0, 3, 3, 1, 3, 1, 3, 3, 1, 3, 3, 3, 1, 0, 1, 0, 3, 3, 3, 1, 0, 1, 1, 1, 1, 1, 3, 1, 0, 1, 3, 1], "confidence_scores": [[0.2554143772893774, 0.3122212370962371, 0.21286799311799318, 0.21949639249639252], [0.26212304362304356, 0.21524019036519035, 0.2743104118104119, 0.24832635420135424], [0.23666847041847044, 0.2799329906204906, 0.21172407861746098, 0.27167446034357795], [0.21650209512709517, 0.28897469197469206, 0.18777214452214458, 0.3067510683760685], [0.2234094377844378, 0.3205228382728383, 0.2042677877677878, 0.2517999361749361], [0.2644416694416696, 0.2690178571428572, 0.2330996087246088, 0.23344086469086464], [0.319883074441898, 0.2513923723335489, 0.20162697025197024, 0.227097582972583], [0.1974166666666667, 0.31460977910977905, 0.20237000499500496, 0.28560354922854936], [0.271580821955822, 0.2766312229437229, 0.21680052586302587, 0.23498742923742932], [0.21975672938172938, 0.325939498001998, 0.22496137889887888, 0.22934239371739376], [0.27349639249639246, 0.2278134643134643, 0.2667218892218892, 0.23196825396825396], [0.3257277236652238, 0.27727741702741715, 0.13244850288600285, 0.26454635642135643], [0.26008134920634923, 0.3389327200577201, 0.2278715312465312, 0.1731143994893995], [0.1999454295704296, 0.347597915972916, 0.22541554279054282, 0.22704111166611166], [0.22680735930735932, 0.2530683940242765, 0.19915487861811393, 0.3209693680502504], [0.21514898989898998, 0.2896976911976912, 0.22852254689754686, 0.266630772005772], [0.24201046176046181, 0.3126446608946609, 0.1903869047619048, 0.25495797258297254], [0.22117918192918193, 0.3733748751248752, 0.18920712620712618, 0.2162388167388168], [0.2300014323911383, 0.3636975353078295, 0.1971048534798534, 0.20919617882117883], [0.27154978354978354, 0.2645212634587634, 0.17674262543012534, 0.28718632756132756], [0.23025631313131317, 0.3124386724386726, 0.24156746031746035, 0.21573755411255408], [0.25474789099789097, 0.22015354090354092, 0.2868815767565768, 0.23821699134199142], [0.2095916305916306, 0.3040560966810967, 0.23034433621933623, 0.25600793650793646], [0.24318290043290042, 0.30873412698412683, 0.18731565656565657, 0.260767316017316], [0.2971466450216451, 0.25161507936507943, 0.17313780663780662, 0.2781004689754689], [0.2928896103896104, 0.2499740814740814, 0.22958814796314794, 0.22754816017316026], [0.2882689671439672, 0.266019216894217, 0.19883784271284277, 0.24687397324897328], [0.2338032661782661, 0.2468267010767011, 0.27369712232212234, 0.24567291042291045], [0.2258989898989899, 0.2907204323454324, 0.2491943195693196, 0.23418625818625816], [0.22437175324675324, 0.3024326923076923, 0.16416964979464976, 0.30902590465090457], [0.3245064033189034, 0.2712170607170608, 0.13835590104340104, 0.26592063492063517], [0.2989501609501609, 0.2573158924408924, 0.1625386002886003, 0.28119534632034643], [0.20219049006549006, 0.30073741536241544, 0.20841727716727718, 0.2886548174048174], [0.23474110611610616, 0.2996893245643246, 0.22248670773670778, 0.2430828615828617], [0.20544426406926397, 0.3034298340548341, 0.22293975468975474, 0.26818614718614725], [0.20162860750360756, 0.2915173298923299, 0.2632848679098679, 0.2435691946941947], [0.24422294372294384, 0.2956133658008658, 0.21673115079365077, 0.24343253968253958], [0.23689627366097954, 0.28015711739241156, 0.18314159451659467, 0.29980501443001445], [0.22553879453879458, 0.27219227994228007, 0.22517453379953384, 0.2770943917193917], [0.23771686646686646, 0.2667698412698413, 0.22055268342768344, 0.27496060883560886], [0.25468416305916297, 0.26813600288600287, 0.23799938949938948, 0.23918044455544457], [0.17342428323310677, 0.3372686765848533, 0.21643144355644356, 0.2728755966255966], [0.2641784465534466, 0.24618953268953278, 0.1960691391941392, 0.29356288156288146], [0.23144791238173593, 0.2621532364694129, 0.20852956765456773, 0.2978692834942836], [0.1856424963924964, 0.3145243506493507, 0.2083142135642135, 0.2915189393939394], [0.21601893939393935, 0.2987485431235432, 0.22917273004773006, 0.2560597874347874], [0.2485933094683094, 0.2860046481296481, 0.20563418525918528, 0.2597678571428572], [0.20793903318903328, 0.3636414696414698, 0.21013179875679872, 0.21828769841269835], [0.24052940115440122, 0.2840686535686537, 0.15508082195582193, 0.32032112332112334], [0.22466313547563552, 0.2793442182817183, 0.24044390331890345, 0.25554874292374297], [0.20085490897990904, 0.3689523393273393, 0.17782803307803305, 0.25236471861471865], [0.21413638444888455, 0.30955849705849714, 0.19837205155955145, 0.2779330669330669], [0.2745145459116048, 0.31033279220779225, 0.15976243201243195, 0.255390229868171], [0.18957881007881006, 0.28731313539401776, 0.20835942407265928, 0.3147486304545129], [0.2129145021645022, 0.29964574314574316, 0.22169226606726603, 0.26574748862248865], [0.23768560606060607, 0.28379475385725383, 0.2063907967032967, 0.27212884337884335], [0.24877756965256964, 0.29357936507936505, 0.16870915195915195, 0.2889339133089134], [0.24312067099567103, 0.279602466977467, 0.16240842490842491, 0.31486843711843715], [0.21316017316017308, 0.3320244338994339, 0.21129255466755467, 0.24352283827283838], [0.304158424908425, 0.3008156010656012, 0.18509722222222216, 0.20992875180375184], [0.2578094813683049, 0.2640330927242693, 0.21884949772449777, 0.25930792818292814], [0.22776204840910722, 0.28606185481185487, 0.23892279942279937, 0.24725329735623852], [0.2157067515817516, 0.40363268675768693, 0.1969411144411145, 0.18371944721944722], [0.21480483405483405, 0.28571735209235216, 0.21518806193806195, 0.284289751914752], [0.2775448232323233, 0.2552770007770008, 0.23387869769119768, 0.23329947829947828], [0.23558182095682098, 0.2895861638361638, 0.2638989898989899, 0.21093302530802532], [0.3276989538239537, 0.22032449494949494, 0.14634595959595958, 0.3056305916305917], [0.25425926769309115, 0.24691125622743268, 0.11777842990342988, 0.38105104617604624], [0.24970014707514715, 0.30150763125763125, 0.17795041070041062, 0.27084181096681087], [0.2118072899322898, 0.26352061827061823, 0.16970634920634922, 0.35496574259074243], [0.25142281329781335, 0.294822052947053, 0.21206711344211346, 0.24168802031302028], [0.2872064740814741, 0.34223472360972373, 0.15234671292759527, 0.21821208938120698], [0.2926723276723278, 0.23038454600954605, 0.19787561050061042, 0.27906751581751593], [0.2275607864357864, 0.2341760461760461, 0.17620454545454545, 0.362058621933622], [0.2381270951270952, 0.2691484765234765, 0.20622983960483957, 0.28649458874458883], [0.2748320707070707, 0.2696375152625152, 0.16664393939393943, 0.2888864746364749], [0.2451607142857143, 0.23466089466089468, 0.17661796536796537, 0.3435604256854257], [0.2253942723942724, 0.36047807747807753, 0.16443882506382504, 0.24968882506382506], [0.2692065295815297, 0.2987997835497835, 0.18911892274392272, 0.2428747641247641], [0.2335388916638917, 0.24543580031080028, 0.24326950826950827, 0.2777557997557998], [0.28342388167388166, 0.3435095182595183, 0.16939363414363418, 0.2036729659229659], [0.24075847763347763, 0.3690191197691198, 0.161540404040404, 0.22868199855699856], [0.19974657287157288, 0.3386710511710512, 0.20676033688533682, 0.25482203907203915], [0.2595528083028083, 0.29882566045066045, 0.15625925871514107, 0.2853622725313901], [0.20882040182040182, 0.31183207070707075, 0.24231206293706298, 0.2370354645354646], [0.242107448107448, 0.24683988233988238, 0.27153318903318907, 0.23951948051948055], [0.2425363802863804, 0.2727347236097237, 0.1910226578976579, 0.29370623820623815], [0.23112644300144297, 0.3730932539682541, 0.1600398629148629, 0.23574044011544007], [0.24887325174825167, 0.2509419469419469, 0.19536964424464418, 0.3048151570651571], [0.22281906981906985, 0.31741504329004333, 0.1767307137307137, 0.2830351731601731], [0.17614502164502166, 0.30894787157287157, 0.24363297813297824, 0.27127412864912864], [0.2004972943722944, 0.2913123126873127, 0.19479675879675878, 0.3133936341436342], [0.2540184953934954, 0.30891303141303145, 0.18887258574758575, 0.24819588744588741], [0.22472709235209237, 0.32159020840270847, 0.19364137945387952, 0.2600413197913198], [0.2538710317460317, 0.32349567099567117, 0.17221482683982678, 0.2504184704184705], [0.27235821449792036, 0.2539154562757504, 0.22545494782994782, 0.24827138139638139], [0.25050333000333, 0.2711534437784438, 0.2096752414252414, 0.2686679847929848], [0.2508603757353758, 0.2610914224664225, 0.27426798201798197, 0.2137802197802197], [0.2034573273948274, 0.2435679736929738, 0.25507151875901884, 0.2979031801531802], [0.34741454378954395, 0.23068043068043068, 0.1601051171051171, 0.2617999084249084], [0.27885499222999227, 0.2733174741924743, 0.1825158591408591, 0.26531167443667447], [0.25501301476301474, 0.28232657620157625, 0.18246049783549778, 0.2801999111999113], [0.20251893939393942, 0.3579274891774892, 0.1494944083694083, 0.29005916305916307], [0.24904330391830395, 0.2585010822510822, 0.19927698690198686, 0.29317862692862695], [0.2273812992562993, 0.2653516761016761, 0.18616295510045508, 0.3211040695415695], [0.22175162337662335, 0.3161173548673548, 0.17971578421578413, 0.2824152375402375], [0.19554803529803538, 0.2769512987012987, 0.24401354201354203, 0.283487123987124], [0.2506399711399712, 0.2647317127317127, 0.22095220057720058, 0.26367611555111553], [0.248400197025197, 0.2879873043623044, 0.1850805722055722, 0.27853192640692653], [0.22431458818958816, 0.3431639887889887, 0.1510073121323121, 0.2815141108891109], [0.3574591103341102, 0.21271085858585864, 0.1638234126984127, 0.2660066183816183], [0.24217793317793318, 0.2754315129315129, 0.18509468309468308, 0.2972958707958709], [0.264039751914752, 0.24949698912198912, 0.18914974323062558, 0.29731351573263337], [0.2269509518259519, 0.2892403152403153, 0.2199699328449328, 0.2638388000888], [0.22685257797757796, 0.2731331168831168, 0.19763325971414203, 0.3023810454251632], [0.2786371128871129, 0.290596237096237, 0.14748719336219338, 0.2832794566544567], [0.2683860028860029, 0.2550954184704185, 0.20693470418470408, 0.26958387445887455], [0.25188805638805645, 0.22839994727494722, 0.2012742257742258, 0.31843777056277056], [0.2112447552447553, 0.28472122322122323, 0.25392844655344665, 0.25010557498057495], [0.26475024975024974, 0.27718028499278496, 0.15295209651459646, 0.30511736874236883], [0.2162080835830836, 0.2661667568542569, 0.18174343018093012, 0.33588172938172944], [0.2747222222222222, 0.250942821067821, 0.18105591630591625, 0.2932790404040404], [0.20379140997891007, 0.2856110278610278, 0.24023409229659237, 0.2703634698634699], [0.2740941558441559, 0.2572496392496392, 0.2111643217893218, 0.25749188311688315], [0.2128389110889111, 0.2951081279831278, 0.24868670218670225, 0.24336625874125872], [0.40378478465978473, 0.21177480158730158, 0.1635305597180597, 0.22090985403485403], [0.24678787878787883, 0.24364756077256078, 0.17253071928071925, 0.3370338411588412], [0.22308050283050285, 0.27236056998557007, 0.1831866189366189, 0.3213723082473083], [0.25574440836940854, 0.25682395382395384, 0.20870544733044735, 0.2787261904761906], [0.2619361471861473, 0.30368290043290047, 0.17524007936507943, 0.259140873015873], [0.35887193362193365, 0.22353560328560332, 0.13453553391053386, 0.2830569291819292], [0.25814276695526694, 0.3389097152847153, 0.1376855158730158, 0.26526200188700194], [0.2796335886335886, 0.32308598346098344, 0.1341560384060384, 0.2631243894993895], [0.2528733766233766, 0.331298631923632, 0.17647619047619054, 0.23935180097680095], [0.23655068542568547, 0.2818225801975803, 0.2028243145743146, 0.2788024198024197], [0.25441261516261515, 0.2984411421911423, 0.20610435397935403, 0.24104188866688872], [0.28465700965700963, 0.19797678710178704, 0.22980932955932956, 0.2875568736818737], [0.20646626984126992, 0.2924720418470419, 0.23058856421356425, 0.2704731240981241], [0.3420786158286159, 0.24445580808080813, 0.1670262654012654, 0.24643931068931071], [0.21031614219114214, 0.2963986846486847, 0.22690236152736154, 0.2663828116328118], [0.2708102861191097, 0.2528394946556711, 0.1602568056943056, 0.3160934135309135], [0.22867771117771127, 0.2931293012543012, 0.19018605006105005, 0.2880069375069376]]}}