{"test": {"ids": ["105113480", "103111540", "109117080", "111116090", "109117630", "112121360", "109119450", "108121190", "103110840", "99107640", "109116930", "110115710", "98108370", "98108150", "99108710", "106116820", "111115780", "99112641", "113118630", "112117030", "103112641", "97106970", "103113270", "112118701", "111119930", "103110220", "105110091", "101112540", "112120670", "98108970", "101109000", "111119250", "98116090", "105120621", "108113480", "105113170", "111119580", "108117451", "113122650", "110120540", "98108580", "113122170", "97112300", "109120621", "110120560", "105120280", "103117461", "97116500", "108114670", "111115910", "98112580", "110121450", "102110690", "111116040", "108119550", "110119891", "97118210", "112118880", "101112160", "105117431", "103113640", "113120540", "111117000", "101109370", "108114200", "110120531", "111116100", "107116501", "108115880", "101110200", "102112170", "99116500", "112116990", "100109360", "104116980", "98113881", "105119550", "113118820", "109118161", "105116441", "112117580", "100110260", "113117630", "113120751", "100108520", "101112690", "102114270", "110114950", "100120010", "105121370", "110118181", "101115190", "108116120", "113119340", "100109801", "103109791", "105115720", "108113620", "110113931", "105115680", "99107630", "113118870", "112118530", "108114360", "109115380", "113119360", "104113210", "112119930", "110117870", "111117571", "110116501", "113122190", "102107961", "101119591", "103120340", "112118890", "100113370", "112118810", "98109570", "112118421", "112117780", "113122160", "111117120", "112117461", "104111880", "112120630", "106114150", "109117110", "110120700", "107118780", "112117431", "97107920", "103111170", "111119950", "99108330", "112116451", "110121720", "107114780", "110115890", "99108520", "103113170", "111120640"], "labels": [0, 1, 1, 3, 0, 3, 3, 1, 1, 1, 0, 2, 1, 0, 2, 1, 1, 1, 3, 2, 3, 2, 2, 0, 1, 2, 0, 2, 2, 3, 1, 1, 0, 1, 0, 0, 3, 2, 2, 1, 0, 1, 2, 1, 0, 3, 0, 2, 3, 2, 2, 3, 0, 0, 1, 3, 2, 1, 3, 1, 1, 3, 0, 1, 0, 0, 3, 1, 3, 2, 3, 2, 0, 0, 1, 3, 1, 0, 0, 1, 0, 3, 0, 1, 2, 1, 3, 0, 0, 2, 1, 1, 1, 0, 0, 3, 1, 3, 1, 2, 2, 0, 1, 1, 3, 0, 3, 1, 3, 3, 3, 1, 3, 0, 1, 3, 3, 3, 1, 3, 0, 3, 2, 0, 3, 3, 1, 1, 2, 1, 0, 0, 2, 0, 1, 0, 3, 2, 2, 2, 3, 0], "predicted_labels": [3, 0, 1, 0, 3, 0, 3, 1, 3, 1, 0, 0, 3, 3, 1, 0, 3, 1, 1, 3, 3, 2, 3, 0, 3, 3, 0, 1, 3, 1, 0, 1, 3, 0, 3, 3, 3, 3, 2, 3, 0, 0, 2, 0, 3, 0, 1, 1, 3, 1, 2, 3, 3, 3, 1, 1, 3, 1, 1, 1, 0, 1, 3, 0, 3, 0, 3, 3, 3, 3, 3, 2, 3, 3, 1, 1, 1, 0, 0, 1, 3, 0, 0, 0, 3, 0, 1, 3, 2, 1, 1, 1, 1, 0, 3, 0, 0, 3, 0, 1, 3, 3, 2, 0, 1, 3, 3, 2, 0, 2, 3, 1, 2, 0, 3, 1, 3, 3, 0, 1, 1, 1, 3, 3, 3, 0, 2, 3, 3, 1, 1, 0, 0, 0, 0, 0, 3, 3, 1, 2, 0, 3], "confidence_scores": [[0.047255300175874475, 0.1860793266174931, 0.06326097807058255, 0.7034043951360499], [0.5272909202311048, 0.4076300974724346, 0.003282184367831701, 0.06179679792862887], [0.0006508996833903395, 0.9960303498753486, 0.002675747532980663, 0.0006430029082804705], [0.9706581572305168, 0.005299755070781945, 0.01895333633875805, 0.005088751359943088], [0.32384540158555963, 0.08046104157636956, 0.26888429549350096, 0.32680926134456983], [0.7821202434401402, 0.011823353631677202, 0.09720540779659578, 0.10885099513158673], [0.00395619309842809, 0.0005756195065233227, 0.10971003764580646, 0.8857581497492422], [0.012858377485855615, 0.5893013191771114, 0.2606204155889981, 0.13721988774803506], [0.012001796014726587, 0.2532636357724908, 0.05560132729936162, 0.679133240913421], [0.16895358114973644, 0.7271371157920541, 0.006057191655772099, 0.0978521114024373], [0.9879026750388349, 0.007706327689661387, 0.0001706205955292453, 0.004220376675974426], [0.8604481855959598, 0.0344448130833106, 0.02024222454344433, 0.08486477677728536], [0.00827460357031131, 0.006553856398712846, 0.02197738255338419, 0.9631941574775916], [0.01831147363985354, 0.17436637497494603, 0.16460781458539386, 0.6427143367998067], [0.0831666294311821, 0.8011124602650613, 0.09776319729747242, 0.01795771300628424], [0.5536645387086696, 0.002303046409100922, 0.09708988579771369, 0.3469425290845156], [0.08612335791640499, 0.1784254268475612, 0.18150722350181067, 0.5539439917342232], [0.33432369836534764, 0.5602910893205789, 0.040318808890791175, 0.06506640342328215], [0.01871922417984852, 0.8570659259175222, 0.11089097344910091, 0.013323876453528444], [0.136220198497923, 0.16748040450888446, 0.011740017228820813, 0.6845593797643718], [0.3837563972970534, 0.09040043545890485, 0.06960604274511661, 0.4562371244989251], [0.03062914449937489, 0.018707418777469852, 0.936847983036438, 0.013815453686717353], [0.04521173292585419, 0.20363739212870127, 0.03828376571631034, 0.7128671092291341], [0.8765283818275871, 0.02367262118087692, 0.012700373689772107, 0.08709862330176389], [0.19831148938997334, 0.04563147243450058, 0.0021199802250265274, 0.7539370579504995], [0.2574024655077267, 0.2136707092785553, 0.07998145323089477, 0.44894537198282325], [0.6993554317463754, 0.05574175248866629, 0.1992915346041348, 0.04561128116082353], [0.011405938005538243, 0.6897981642503718, 0.06527439734477085, 0.2335215003993192], [0.05913132928805701, 0.07189332248778993, 0.007030449400727415, 0.8619448988234256], [0.0007532015679627411, 0.9126469719021375, 0.03740605639007517, 0.04919377013982445], [0.3863016921541677, 0.24575654698733707, 0.03672702739908367, 0.3312147334594116], [0.12092739644044206, 0.5347406625769293, 0.11977748664175195, 0.2245544543408766], [0.06830383941346466, 0.24631727285594113, 0.06383604731688766, 0.6215428404137066], [0.6811770176415483, 0.01679902952943098, 8.896460185402564e-05, 0.3019349882271668], [0.011502660373045709, 0.3998236487046524, 0.059902462963645695, 0.5287712279586563], [0.033155955978032524, 0.39273672185317443, 0.049823183517944285, 0.5242841386508488], [0.41835307279841116, 0.02278700100740106, 0.05542831388399438, 0.5034316123101934], [0.18803706007378784, 0.18924947131870806, 0.014974667333548968, 0.6077388012739551], [0.006218347626649823, 0.16277359885938178, 0.8276830586457813, 0.003324994868186991], [0.01366096045914481, 0.01835407806678383, 0.007661635811707964, 0.9603233256623633], [0.3868100071481164, 0.034840102768506846, 0.2292011617696354, 0.3491487283137414], [0.6482419109075127, 0.003042015014886534, 0.34433098167046183, 0.004385092407138996], [0.28387479543003447, 0.02225974263650418, 0.6785033724368942, 0.015362089496567234], [0.994606938432034, 0.0012210554832895854, 0.002424878861568852, 0.001747127223107597], [0.04804944736340846, 0.008167703014803481, 0.13346045347357527, 0.8103223961482128], [0.5315034706196221, 0.36222164532766815, 0.005956583595870925, 0.10031830045683876], [0.03729620442522691, 0.8975228294549031, 0.030450046169490343, 0.03473091995037966], [0.04385891987647286, 0.5953457589805579, 0.13188094526241195, 0.22891437588055738], [0.014836142557808891, 0.0009484520378271753, 0.003043226673781966, 0.981172178730582], [0.010936938620730596, 0.8794290862766291, 0.008321603121463381, 0.10131237198117683], [0.0011042325059716235, 0.18408727899360486, 0.81321838641914, 0.001590102081283445], [0.0017076778710970113, 0.10031384455431565, 0.0006506696295038185, 0.8973278079450836], [0.42529823252653265, 0.0359944160595701, 0.010221014658460597, 0.5284863367554367], [0.06997335368323675, 0.0017346451664827691, 0.001046103839216119, 0.9272458973110643], [0.006761421317268709, 0.6344827370196384, 0.10213049945061593, 0.25662534221247707], [0.013975368196461415, 0.7186164763897731, 0.003835093115989071, 0.26357306229777644], [0.006463854689305501, 0.040331845683358486, 0.43107325023603493, 0.5221310493913012], [0.2825312196104168, 0.33991470533982293, 0.32723835310449584, 0.05031572194526449], [0.004594925480436727, 0.6486361226258593, 0.03605381152998684, 0.31071514036371706], [0.010262430278147968, 0.48497673422700227, 0.028674934471674983, 0.47608590102317494], [0.8793821151280535, 0.01665570122415476, 0.005386234727499075, 0.09857594892029246], [0.1613973914334109, 0.7103438292978745, 0.002618807367048033, 0.12563997190166645], [0.09697671928403237, 0.0015082998334031465, 0.04397434252402719, 0.8575406383585373], [0.7675915236466558, 0.011766874101787185, 0.20917893544972002, 0.011462666801836779], [0.21692260288246829, 0.04983354910412382, 0.14338453020903863, 0.5898593178043693], [0.9908934241301877, 0.006464971627929593, 0.0010171967017552144, 0.0016244075401276466], [0.032696324177251435, 0.04551408190807582, 0.060916694258511365, 0.8608728996561613], [0.08950066456605411, 0.4055521147376022, 0.028541495273819974, 0.4764057254225238], [0.052396672682364885, 0.2196181730168222, 0.0021275879699363823, 0.7258575663308765], [0.08725085917858484, 0.20321387203058483, 0.01949217839741348, 0.6900430903934168], [0.40360203728793836, 0.01385533059018866, 0.0066574206668786945, 0.5758852114549944], [0.0007722399257094789, 0.27384436253968386, 0.7209194176043878, 0.004463979930218848], [0.012892769353290194, 0.04407779576293966, 0.014632806811828698, 0.9283966280719415], [0.03796657194438613, 0.05955983443360273, 0.06305229682139314, 0.8394212968006179], [0.013996748302242953, 0.7349487724553994, 0.1979481374090873, 0.05310634183327048], [0.020074901263415133, 0.9035859789243936, 0.06071173581676942, 0.015627383995421937], [0.0240606044627414, 0.694108054223833, 0.026801404922340885, 0.2550299363910848], [0.813986408465109, 0.03310112245820158, 0.0013123351126350924, 0.15160013396405445], [0.5281202023186691, 0.18999115122201032, 0.04463954972047643, 0.23724909673884417], [0.22420879844993477, 0.6894161907720185, 0.06655070227526844, 0.019824308502778238], [0.27288617659269737, 0.2411100098046695, 0.007057279037337131, 0.478946534565296], [0.9677958731589614, 0.00785398804216544, 0.004707727277708275, 0.019642411521164877], [0.8542016571531542, 0.03553305050706049, 0.007942238950581998, 0.10232305338920354], [0.9782599682996774, 0.0016526462641343364, 0.0016165973295627887, 0.01847078810662546], [0.002333066002043203, 0.0025545638445036026, 0.12450874659599125, 0.870603623557462], [0.41499141431491915, 0.09819569988939883, 0.15851964976083097, 0.32829323603485105], [0.037473989723412586, 0.6620860209252984, 0.16676209767944475, 0.13367789167184413], [0.0018393499372537114, 0.3376914455017939, 0.0074510627335321, 0.6530181418274202], [0.012126899114907608, 0.31211700241816376, 0.39844654694916853, 0.2773095515177601], [0.0024200102846843397, 0.9135469498765774, 0.0801111171334501, 0.003921922705288328], [0.22315547610491057, 0.5923453240207733, 0.18213285306404406, 0.002366346810271968], [0.21347132034603922, 0.637640514602973, 0.08905684699778062, 0.059831318053207294], [0.02764026384138464, 0.928137928789108, 0.008509671084789385, 0.03571213628471784], [0.7967214407832717, 0.1267254860337609, 0.0016118198608881665, 0.07494125332207928], [0.2350618507054567, 0.029204590206017265, 0.004696744573574592, 0.7310368145149514], [0.9027950845611212, 0.03943332663594365, 0.04908948860212522, 0.008682100200810108], [0.8324432089207742, 0.04811084629420899, 0.00971267543366215, 0.10973326935135463], [0.42606188748263524, 0.025586087807655675, 0.0040897161095228216, 0.5442623086001862], [0.6084791543225088, 0.08733039896666646, 0.16341829425159346, 0.14077215245923147], [0.05789727907881372, 0.7137968177212748, 0.11103659480724361, 0.1172693083926678], [0.18085043660336192, 0.17079765392721075, 0.20465998206143532, 0.44369192740799207], [0.010595255013334413, 0.23234985253411586, 0.00984959985126943, 0.7472052926012803], [0.038364648969415674, 0.1082701166886735, 0.47763587890262366, 0.37572935543928704], [0.7006297804302093, 0.03872759671258397, 0.06290104986309374, 0.19774157299411305], [0.11039913886275149, 0.5548512320831157, 0.21573933941223614, 0.11901028964189664], [0.14044394927527767, 0.044587765132532264, 0.003974881087935859, 0.8109934045042543], [0.028038423993968768, 0.008476195645562342, 0.03781116712181955, 0.9256742132386493], [0.06713456466788957, 0.016543863833326712, 0.863301004088401, 0.05302056741038253], [0.5057286270106068, 0.22231773037277633, 0.039278264332724085, 0.2326753782838928], [0.018586094622306537, 0.008009861207369729, 0.8253022768771169, 0.14810176729320684], [0.03293289804144506, 0.43882579708567593, 0.004176319167561865, 0.5240649857053172], [0.0032813014373593605, 0.9852451101534871, 0.006369323705244893, 0.005104264703908687], [0.3856280057239663, 0.02997736328118271, 0.5018983282416357, 0.08249630275321518], [0.9127602320371019, 0.02735992629486645, 0.005865558609336443, 0.05401428305869521], [0.016722360273186066, 0.04693433084026771, 0.24974384228612187, 0.6865994666004244], [0.10242903791741186, 0.6789366953126105, 0.20128673612165351, 0.01734753064832421], [0.10643761734492257, 0.026441263448736988, 0.12258548555225414, 0.7445356336540864], [0.012267566861790563, 0.13836612780488505, 0.012267854297718374, 0.8370984510356061], [0.6145381360953175, 0.06840754749488023, 0.2429637874260014, 0.07409052898380099], [0.0026292075307645523, 0.5217399374991806, 0.05024326600665817, 0.4253875889633967], [0.2508791793918908, 0.7124802036264399, 0.013720493692309228, 0.022920123289360054], [0.008030439525564868, 0.6017493196448934, 0.020227002303376405, 0.36999323852616534], [0.021735527542225425, 0.15265291216944385, 0.1513695074720585, 0.6742420528162723], [0.3432957650627583, 0.09480089806161245, 0.002528952559475145, 0.5593743843161542], [0.02493179624654636, 0.18540527523241943, 0.004358433161641718, 0.7853044953593925], [0.9341621804190413, 0.022228214150450676, 0.0008309945707173527, 0.042778610859790636], [0.006253265019522387, 0.006067952404236899, 0.981021318834351, 0.006657463741889708], [0.12218401020405234, 0.11483186348753709, 0.006835114476886072, 0.7561490118315244], [0.06182207665001942, 0.043721097154551226, 0.057278401094485155, 0.8371784251009442], [0.0218045993096735, 0.9396964519677891, 0.00856266284858492, 0.029936285873952296], [0.030158899751121314, 0.8945824988855776, 0.0097202753858554, 0.0655383259774457], [0.9685775812146371, 0.0006580258084987651, 0.0015049347078514982, 0.02925945826901266], [0.33660480968271117, 0.28030163230900923, 0.20744370409430035, 0.17564985391397914], [0.8838566809722193, 0.002628320182879372, 0.04086941199360449, 0.0726455868512969], [0.8979938973618827, 0.0041712034547328174, 0.044173206602670864, 0.053661692580713446], [0.892265516616964, 0.04100427842254293, 0.013283064737057582, 0.053447140223435684], [0.046499626109909084, 0.22674282553712843, 0.020926984394707127, 0.7058305639582553], [0.002460912113379911, 0.042429536155271466, 0.39269324977964293, 0.5624163019517057], [0.401305504607373, 0.5071621984045849, 0.07376450558609977, 0.017767791401942266], [0.1562528244301512, 0.401519863817998, 0.40580010976628467, 0.03642720198556612], [0.8779285195516239, 0.04773823856117747, 0.03560261909585828, 0.03873062279134045], [0.010304713129786171, 0.03819351034805583, 0.00276889393126811, 0.94873288259089]]}, "rewritten": {"ids": ["97106970", "97107920", "97112300", "97116500", "97118210", "98108150", "98108370", "98108580", "98108970", "98109570", "98112580", "98113881", "98116090", "99107630", "99107640", "99108330", "99108520", "99108710", "99112641", "99116500", "100108520", "100109360", "100109801", "100110260", "100113370", "100120010", "101109000", "101109370", "101110200", "101112160", "101112540", "101112690", "101115190", "101119591", "102107961", "102110690", "102112170", "102114270", "103109791", "103110220", "103110840", "103111170", "103111540", "103112641", "103113170", "103113270", "103113640", "103117461", "103120340", "104111880", "104113210", "104116980", "105110091", "105113170", "105113480", "105115680", "105115720", "105116441", "105117431", "105119550", "105120280", "105120621", "105121370", "106114150", "106116820", "107114780", "107116501", "107118780", "108113480", "108113620", "108114200", "108114360", "108114670", "108115880", "108116120", "108117451", "108119550", "108121190", "109115380", "109116930", "109117080", "109117110", "109117630", "109118161", "109119450", "109120621", "110113931", "110114950", "110115710", "110115890", "110116501", "110117870", "110118181", "110119891", "110120531", "110120540", "110120560", "110120700", "110121450", "110121720", "111115780", "111115910", "111116040", "111116090", "111116100", "111117000", "111117120", "111117571", "111119250", "111119580", "111119930", "111119950", "111120640", "112116451", "112116990", "112117030", "112117431", "112117461", "112117580", "112117780", "112118421", "112118530", "112118701", "112118810", "112118880", "112118890", "112119930", "112120630", "112120670", "112121360", "113117630", "113118630", "113118820", "113118870", "113119340", "113119360", "113120540", "113120751", "113122160", "113122170", "113122190", "113122650"], "labels": [2, 0, 2, 2, 2, 0, 1, 0, 3, 1, 2, 3, 0, 2, 1, 1, 2, 2, 1, 2, 2, 0, 0, 3, 3, 0, 1, 1, 2, 3, 2, 1, 1, 0, 3, 0, 3, 3, 3, 2, 1, 2, 1, 3, 3, 2, 1, 0, 1, 3, 3, 1, 0, 0, 0, 2, 1, 1, 1, 1, 3, 1, 2, 1, 1, 2, 1, 1, 0, 3, 0, 1, 3, 3, 1, 2, 1, 1, 3, 0, 1, 1, 0, 0, 3, 1, 1, 0, 2, 2, 3, 3, 1, 3, 0, 1, 0, 2, 3, 3, 1, 2, 0, 3, 3, 0, 2, 3, 1, 3, 1, 0, 0, 0, 0, 2, 0, 0, 0, 0, 3, 1, 0, 3, 1, 3, 1, 3, 2, 3, 0, 3, 0, 0, 0, 0, 3, 1, 3, 1, 1, 2], "predicted_labels": [2, 0, 2, 1, 2, 2, 3, 0, 1, 1, 2, 1, 3, 3, 1, 1, 1, 1, 0, 2, 3, 3, 3, 3, 3, 1, 1, 2, 3, 1, 1, 0, 1, 0, 1, 3, 3, 1, 1, 1, 1, 0, 1, 3, 0, 1, 0, 1, 2, 3, 0, 1, 0, 3, 3, 1, 0, 0, 3, 1, 1, 0, 1, 2, 0, 3, 1, 1, 1, 0, 3, 0, 3, 3, 1, 3, 1, 1, 1, 0, 1, 1, 3, 0, 2, 3, 0, 3, 0, 0, 3, 1, 0, 1, 0, 3, 3, 3, 3, 1, 3, 1, 3, 0, 1, 3, 1, 3, 0, 3, 3, 0, 1, 0, 3, 1, 0, 3, 3, 1, 3, 2, 1, 1, 0, 1, 0, 0, 1, 0, 3, 2, 0, 3, 1, 3, 1, 0, 3, 2, 1, 2], "confidence_scores": [[0.06227110898473648, 0.01964781007624211, 0.8749451416912712, 0.04313593924775024], [0.9888429264761713, 0.00014176117878267268, 0.00045470662205590346, 0.01056060572299015], [0.028275252092596605, 0.004241123656519644, 0.9591405448829909, 0.008343079367892808], [0.16203620719656653, 0.380064621337635, 0.11194452958737297, 0.3459546418784254], [0.004193882198850862, 0.08223203377438885, 0.8342363850063342, 0.0793376990204262], [0.0433739853542388, 0.3475944512662714, 0.580704102409635, 0.02832746096985477], [0.13193584284465257, 0.028125872180906838, 0.01488832500848439, 0.8250499599659562], [0.31809448926427614, 0.20710802644673212, 0.19227188260264952, 0.2825256016863422], [0.0011205056733481278, 0.9722742760115923, 0.006398015680965267, 0.02020720263409435], [0.4328176424658838, 0.4775334805783253, 0.014551024355719753, 0.07509785260007122], [0.046139105332405395, 0.02597660093701404, 0.8830029517973613, 0.04488134193321921], [0.007224006996063498, 0.9466852684433479, 0.03441457031387018, 0.011676154246718536], [0.0725147250641178, 0.36572803553697497, 0.07592058922768055, 0.4858366501712267], [0.0426732418238522, 0.13972363690037817, 0.05417396488001235, 0.7634291563957573], [0.08908949931337014, 0.5396903880145955, 0.05342245917517967, 0.3177976534968548], [0.13543220407198545, 0.48592432663621565, 0.11310379167131979, 0.26553967762047914], [0.025877337346719268, 0.8826859564489221, 0.08717681303477982, 0.004259893169578673], [0.11602684385702301, 0.741993793012064, 0.09453997711089966, 0.047439386020013116], [0.7939537587610378, 0.055424044572750054, 0.14295235572550366, 0.007669840940708595], [0.0007223837346892389, 0.2353835439260941, 0.7473178733638407, 0.016576198975375867], [0.008207646439923395, 0.04724011513403712, 0.129313256844739, 0.8152389815813005], [0.17847193912112067, 0.10311192165140677, 0.05322671158366074, 0.665189427643812], [0.08072590220440841, 0.05882187503730838, 0.01064850142243341, 0.8498037213358498], [0.29684389425057317, 0.01350231469646643, 0.0017338603948038745, 0.6879199306581565], [0.24322470073857053, 0.014784211734061902, 0.10621423658171404, 0.6357768509456536], [0.20744788856556626, 0.28548404499053304, 0.28068983577397827, 0.22637823066992255], [0.024137348506790827, 0.8860210511815526, 0.003603536012779907, 0.08623806429887654], [0.10110611211172751, 0.09863099117919147, 0.7907528598870754, 0.00951003682200552], [0.013981463277802336, 0.09145160301180355, 0.018209812252661297, 0.8763571214577327], [0.014756725651604349, 0.9476292959726563, 0.01863654446464088, 0.018977433911098605], [0.0016834057870665651, 0.8916851002364427, 0.005805607368573218, 0.10082588660791751], [0.6445385054801447, 0.27213405440845667, 0.012710584324308948, 0.07061685578708965], [0.23303841357523933, 0.6444374727260623, 0.04577113275846606, 0.07675298094023224], [0.5943001193231692, 0.2884743847129732, 0.04168430643499897, 0.07554118952885853], [0.09558030717917498, 0.4387658022523289, 0.08366051647101065, 0.3819933740974854], [0.033546934420565666, 0.06604625783319443, 0.008688303920698541, 0.8917185038255414], [0.2767130132190539, 0.030065662133354668, 0.007101007987902182, 0.6861203166596893], [0.009698990259825744, 0.6844071930760562, 0.11664644074484556, 0.18924737591927246], [0.20826516331027256, 0.7433587331428027, 0.028573820821041148, 0.01980228272588368], [0.09804541317923413, 0.7921893987795676, 0.07090086393782684, 0.03886432410337131], [0.007710645617383408, 0.6440171302961308, 0.13387659552875306, 0.21439562855773278], [0.3643531444538158, 0.19639604156894686, 0.2384403412633508, 0.20081047271388647], [0.03526886098997962, 0.9328849291988414, 0.0024537635315901732, 0.02939244627958895], [0.004425822796651356, 0.0008016769841673703, 0.0016311087598179788, 0.9931413914593633], [0.9239907937220964, 0.02624029887374806, 0.009281121344724176, 0.04048778605943145], [0.0013258883556989283, 0.5037786495943948, 0.0949021227267511, 0.39999333932315534], [0.7508674424403897, 0.1519438928216469, 0.004107748772823992, 0.09308091596513937], [0.12257474472044175, 0.7626674137863474, 0.004882659043420481, 0.10987518244979029], [0.02137413169302488, 0.21767558652504676, 0.5039999258758678, 0.25695035590606047], [0.03762884908475467, 0.4400867187266082, 0.06909194378274718, 0.45319248840589005], [0.7386977240500959, 0.007721115316269825, 0.01695307872159376, 0.2366280819120406], [0.007990676074998487, 0.818205860541253, 0.06399079151825737, 0.1098126718654911], [0.7916645654613346, 0.055861812080707125, 0.07259495711004008, 0.0798786653479181], [0.07447317482030794, 0.1495151743652836, 0.15459153679477353, 0.621420114019635], [0.001499043019803425, 0.30289673835740205, 0.21247891088560314, 0.48312530773719137], [0.025501892220602076, 0.8984506793562972, 0.07272517702825404, 0.003322251394846637], [0.7525808600304912, 0.14669240542588538, 0.012158349567330412, 0.08856838497629299], [0.5643481809215022, 0.2651211946976574, 0.020036841047679492, 0.15049378333316088], [0.006135149944797663, 0.1542978941479258, 0.012621363228708594, 0.8269455926785679], [0.06619608985202372, 0.5895513382724157, 0.047845382336900937, 0.2964071895386597], [0.2722549041874698, 0.45975379267221594, 0.0012025062259540815, 0.2667887969143602], [0.9233687206651336, 0.015452032090690685, 2.3466340370768105e-05, 0.061155780903804816], [0.004274994671346912, 0.9904863347702576, 0.0009911892961039094, 0.004247481262291685], [0.08580580172442455, 0.02570939643536349, 0.8112635178692947, 0.07722128397091718], [0.8270937905877699, 0.04282928709126833, 0.04696831796339194, 0.08310860435756988], [0.00455511119166516, 0.20343118884537129, 0.025521032442322858, 0.7664926675206407], [0.26057201685777853, 0.6085800238516689, 0.030308916806460952, 0.10053904248409166], [0.018669637772604792, 0.9639843084004011, 0.0013063803045712493, 0.016039673522422773], [0.0005885756173152742, 0.7434027970343061, 0.002450577263110676, 0.2535580500852679], [0.4620663812632708, 0.08558799027213126, 0.004215916294027984, 0.44812971217056996], [0.12212476040716157, 0.23426559954375759, 0.03183049793827034, 0.6117791421108105], [0.843504151815644, 0.018009023282221027, 0.020936235842960484, 0.11755058905917448], [0.04996572136035135, 0.006171875070886757, 0.0003538252876207445, 0.9435085782811412], [0.02994781651965664, 0.07723841084884754, 0.0010895212959377498, 0.8917242513355581], [0.32204577439647875, 0.46599632611914465, 0.06185325286926259, 0.15010464661511408], [0.16175035926004117, 0.1682197051073406, 0.024682812505895674, 0.6453471231267225], [0.001254485218966834, 0.9321850144932398, 0.04644147266975795, 0.020119027618035405], [0.007443267721649771, 0.7623478461185021, 0.020085498430154076, 0.21012338772969405], [0.021719660616929273, 0.9083318977378246, 0.02924271291327278, 0.04070572873197324], [0.9140748946289702, 0.08001846015878589, 0.0005184362618539923, 0.005388208950389921], [0.0008846150459778859, 0.994487243587974, 0.0027575003304490544, 0.0018706410355989352], [0.037301512521285995, 0.7370405375483248, 0.05115529089092351, 0.17450265903946593], [0.0490873335768937, 0.15723202114816534, 0.0032690584371224173, 0.7904115868378185], [0.7771764020172249, 0.15974877485797268, 0.007332373904849965, 0.05574244921995237], [0.12679353745055919, 0.024601228653270926, 0.6104574978783078, 0.23814773601786196], [0.14202700755627676, 0.1195922838987596, 0.03526532273385039, 0.7031153858111133], [0.38822815053206666, 0.1776047062403895, 0.1629438834052857, 0.2712232598222582], [0.003925210986009604, 0.06973679881715925, 0.004844799669764319, 0.9214931905270669], [0.6224101899001947, 0.1732463304064915, 0.012125216672057697, 0.19221826302125608], [0.762209140511526, 0.13593914616101246, 0.09005351083806797, 0.01179820248939353], [0.015172504970966394, 0.41047505317226785, 0.006777003550341354, 0.5675754383064243], [0.06408899678895093, 0.6580999583753, 0.01297174960967321, 0.2648392952260758], [0.8757670146227613, 0.08256742082144729, 0.03472779732022168, 0.0069377672355697365], [0.005556157660540924, 0.9106419418169376, 0.022070346490357596, 0.061731554032163995], [0.7785968156343728, 0.04364064800375931, 0.010837793798049897, 0.16692474256381795], [0.009020226218104298, 0.1528975760650084, 0.010444790356965902, 0.8276374073599215], [0.18366903225976366, 0.0052311830828806905, 0.10336266630616647, 0.7077371183511892], [0.024628563085383533, 0.12225435327852965, 0.08086255910000176, 0.7722545245360851], [0.00099537996949961, 0.05722746830879298, 0.0005417363889791882, 0.9412354153327283], [0.011748610984770938, 0.9254346554696361, 0.001546936685196207, 0.06126979686039671], [0.061053233299274506, 0.17169735618848336, 0.14845262877280688, 0.6187967817394353], [0.015468523228065705, 0.9351801641234954, 0.0043347253165099305, 0.045016587331928856], [0.05273499996533288, 0.001736111091230911, 0.0010600770354010154, 0.9444688119080353], [0.9733003406793593, 0.0030685850912790854, 0.0048760988743975255, 0.018754975354964093], [0.1277987412886104, 0.7105275636072549, 0.012634290172720138, 0.14903940493141452], [0.13915088447861906, 0.2157051158673007, 0.12486660799492041, 0.5202773916591598], [0.19017888732185523, 0.4250920650895093, 0.1115340875260665, 0.27319496006256905], [0.002203063065938756, 0.11894772156666306, 0.018253925224029192, 0.8605952901433691], [0.5335138753962261, 0.33933714343886234, 0.04851017926716486, 0.07863880189774669], [0.4110602125164813, 0.05246353085740641, 0.027082274402085188, 0.5093939822240272], [0.10947664357886584, 0.013985080453045131, 0.001576442092168354, 0.8749618338759206], [0.8550419576919717, 0.0050224807414979864, 0.05007350851393194, 0.08986205305259817], [0.233057485293586, 0.6252702755851108, 0.013160653957085813, 0.12851158516421726], [0.8648435319172604, 0.014168728509062421, 0.00962128737623514, 0.11136645219744212], [0.007362006967706886, 0.050417574387941214, 0.019403947529331975, 0.92281647111502], [0.07983590721949622, 0.4940067325893908, 0.10252615531307764, 0.32363120487803526], [0.8790696596721828, 0.11810203939987406, 0.0001325247585308108, 0.002695776169412344], [0.20358805610289832, 0.28030271347928726, 0.015306922786373653, 0.5008023076314407], [0.18105989943213258, 0.2052913774787086, 0.004983148106952512, 0.6086655749822062], [0.2553154190144881, 0.42548311013208756, 0.0749782138095591, 0.24422325704386533], [0.0030674814611161075, 0.27079319126075707, 0.004827247712804063, 0.7213120795653226], [0.024264204367405073, 0.16619747623190337, 0.43905823257943116, 0.37048008682126043], [0.15880174607838385, 0.43862908179037396, 0.003481544169881456, 0.39908762796136077], [0.10070360688722171, 0.7520676342977395, 0.010371901859325594, 0.1368568569557132], [0.6679651489698534, 0.14514947380643017, 0.010969059100414836, 0.17591631812330172], [0.03552163766361598, 0.803811105078148, 0.13330512176927817, 0.027362135488957776], [0.3319121874494228, 0.21779177791921303, 0.21103659305616637, 0.23925944157519788], [0.5648978832886306, 0.04302213659625191, 0.0008720431766094173, 0.39120793693850814], [0.06851155778512999, 0.8770534940740816, 0.015486817604161126, 0.038948130536627226], [0.4664655313870785, 0.0066428248069778425, 0.4001429793165456, 0.1267486644893981], [0.32477219799313356, 0.007375585487820747, 0.0020533345455296627, 0.6657988819735159], [0.0006250902611899517, 0.08313670968782917, 0.7081635927057282, 0.2080746073452527], [0.7814067921969976, 0.06474137717437409, 0.0008791088244721904, 0.15297272180415616], [0.005107293651956578, 0.07825134099857241, 0.0011328789236452813, 0.9155084864258257], [0.29566154866498345, 0.5924938436517112, 0.002218702801946651, 0.10962590488135864], [0.2744330267512795, 0.03694631539146744, 0.0977284117564625, 0.5908922461007906], [0.11765116800640843, 0.7226938705003764, 0.0064557025048296935, 0.1531992589883856], [0.6646004630043783, 0.026127803374091513, 0.006184316165718162, 0.3030874174558121], [0.0236646645263604, 0.3673688638863575, 0.05106133636703525, 0.5579051352202469], [0.19182129779272902, 0.04476238459422505, 0.7430191483504691, 0.020397169262576766], [0.10180626806003147, 0.7422436255179191, 0.0036049746624558275, 0.15234513175959363], [0.007896592028841633, 0.05105969562802909, 0.8973413827346112, 0.04370232960851815]]}}