{"test": {"ids": ["113119320", "103120531", "100115700", "104113380", "103109791", "106113170", "97118210", "107118490", "112119450", "105117200", "107117010", "109113591", "109117080", "100109330", "107118520", "105112100", "104118070", "112120290", "100108990", "98108970", "97105760", "110118880", "112118581", "104111380", "102121700", "102112301", "107116501", "104111620", "113117401", "110120190", "112118550", "113120531", "113118630", "97107920", "113119700", "101112690", "101110740", "112116880", "113121010", "111119580", "111117571", "101108121", "112116401", "113121750", "99121440", "106114150", "110114920", "111116530", "100111080", "101108580", "110118740", "99108310", "102112250", "111115780", "98112580", "113121950", "102111990", "109115070", "101112540", "106113190", "110121450", "102118380", "113118620", "113118111", "101111210", "111116170", "112118820", "111116290", "110117110", "104113240", "99117630", "99114890", "99107950", "112118880", "104112470", "111117480", "111118820", "111119150", "99119830", "103113260", "111116110", "112119320", "98119591", "100109360", "105118171", "98110810", "106113830", "104113550", "109116930", "108119550", "113121220", "100109980", "113122430", "101109120", "100109311", "97109570", "103109021", "109114030", "101110150", "107115140", "107121230", "110115120", "111117120", "98110230", "112119950", "99108710", "111116040", "102110850", "104111780", "105118230", "101113210", "106116640", "105112130", "106113360", "108120280", "104119340", "105120621", "113118490", "97111790", "106116850", "105113620", "103111170", "108121351", "100120780", "105116860", "107114780", "106116820", "97112290", "112117461", "99105921", "109116040", "111120220", "106115120", "101111620", "108119330", "99109370", "108114360", "111114121", "104117630", "107114200", "112119120", "100111380"], "labels": [1, 3, 1, 1, 3, 0, 2, 2, 3, 3, 1, 3, 1, 0, 2, 1, 2, 1, 2, 3, 0, 0, 1, 3, 1, 1, 1, 0, 3, 3, 3, 0, 3, 0, 0, 1, 3, 0, 2, 3, 3, 0, 0, 0, 2, 1, 3, 3, 0, 0, 3, 2, 0, 1, 2, 3, 2, 0, 2, 0, 3, 1, 3, 1, 2, 0, 0, 2, 0, 2, 3, 2, 1, 1, 1, 1, 0, 3, 1, 3, 3, 1, 1, 0, 3, 1, 1, 1, 0, 1, 3, 1, 2, 1, 1, 0, 0, 1, 1, 0, 0, 0, 2, 3, 0, 2, 0, 3, 3, 1, 3, 3, 1, 0, 3, 1, 1, 1, 2, 3, 0, 2, 3, 1, 2, 2, 1, 1, 0, 1, 0, 3, 1, 3, 0, 1, 1, 0, 0, 2, 1, 3], "predicted_labels": [0, 0, 0, 1, 0, 0, 3, 3, 0, 1, 1, 0, 1, 1, 3, 3, 1, 3, 1, 1, 3, 3, 1, 0, 3, 1, 0, 3, 3, 3, 0, 1, 1, 3, 1, 2, 1, 1, 3, 0, 1, 3, 3, 1, 2, 0, 0, 1, 3, 3, 1, 2, 1, 3, 3, 0, 3, 3, 3, 3, 1, 3, 3, 3, 3, 1, 1, 1, 3, 3, 3, 2, 2, 3, 3, 3, 3, 3, 3, 1, 2, 1, 3, 0, 0, 2, 3, 0, 0, 1, 0, 1, 0, 1, 3, 0, 0, 1, 3, 3, 3, 1, 3, 2, 0, 1, 1, 1, 3, 3, 0, 1, 3, 3, 3, 1, 0, 3, 1, 2, 1, 3, 0, 1, 1, 1, 3, 2, 3, 1, 1, 0, 3, 3, 3, 2, 1, 0, 0, 1, 3, 3], "confidence_scores": [[0.3697506465055018, 0.2812935375876889, 0.10883688767654975, 0.24011892823025952], [0.3613265023908761, 0.21922907667411934, 0.15185365241555082, 0.2675907685194538], [0.38833272815525716, 0.09230648959095383, 0.35574183056365866, 0.1636189516901302], [0.15516866092345966, 0.42831606605295824, 0.1822086469254955, 0.2343066260980867], [0.36732515558641254, 0.3209403970286058, 0.11294823636765258, 0.1987862110173291], [0.40717538055687386, 0.13042762159715793, 0.09247238558537661, 0.36992461226059153], [0.19295141801713653, 0.13789655986466554, 0.09575640402415787, 0.5733956180940399], [0.19010158613330733, 0.32096908981888644, 0.1664185230311387, 0.32251080101666746], [0.43634258825809447, 0.23525040989905896, 0.11601020188193366, 0.212396799960913], [0.16829433293936796, 0.3336425199905618, 0.23468980995858718, 0.26337333711148314], [0.19072577890848155, 0.3478982265136661, 0.18319881316452116, 0.27817718141333136], [0.341274813455151, 0.3211783587826927, 0.09660885310536613, 0.24093797465679018], [0.19416750767617116, 0.35763569732333367, 0.23422093224042223, 0.2139758627600729], [0.19357434737669837, 0.3760084305544165, 0.07649103607984456, 0.35392618598904063], [0.19328384583804406, 0.2200909196869138, 0.22335261883014862, 0.3632726156448936], [0.27768685360106127, 0.26836233169277984, 0.16385028421620174, 0.2901005304899573], [0.19744066798387624, 0.3206936762455498, 0.21260114124397958, 0.26926451452659445], [0.17463657252422307, 0.19649953536800777, 0.14054172699171863, 0.48832216511605075], [0.16929706739399542, 0.40788083426749977, 0.14397438694742187, 0.27884771139108305], [0.1447252934779648, 0.4378159727893332, 0.23852611943181892, 0.1789326143008832], [0.1593924545189271, 0.20957109910391994, 0.21450118965448237, 0.4165352567226706], [0.1776521909474548, 0.2500622410744198, 0.14762471564053592, 0.4246608523375894], [0.20652262024532003, 0.3931918753147841, 0.27351822556750244, 0.1267672788723935], [0.31223592941992206, 0.24727172510699447, 0.16023486184425323, 0.28025748362883035], [0.07306688442288421, 0.1462494262964786, 0.35483760470423037, 0.42584608457640694], [0.33826013016956896, 0.48497756651921503, 0.035863314764704515, 0.1408989885465116], [0.42195076482314303, 0.24964047020000543, 0.0710789628106044, 0.25732980216624707], [0.15431258577166249, 0.18318025575783875, 0.1334467121910627, 0.529060446279436], [0.18969852753761507, 0.17826554590510954, 0.06774860935343212, 0.5642873172038434], [0.20899009394872525, 0.20910630044910672, 0.16592895806661026, 0.41597464753555785], [0.3890266327125593, 0.20791700667023721, 0.12695815478921313, 0.27609820582799055], [0.28224313249221167, 0.46263613952352517, 0.0879124570536795, 0.16720827093058366], [0.20726410291769165, 0.5039483724551783, 0.21825592824470494, 0.07053159638242511], [0.1662160570402632, 0.09658303994915007, 0.14213646832519952, 0.5950644346853872], [0.10725858108592383, 0.4521254136604424, 0.19407010227885568, 0.24654590297477824], [0.1371759539559311, 0.2897030622371681, 0.31980392976452693, 0.2533170540423741], [0.11388491178735316, 0.3747046612249517, 0.22057856411927096, 0.2908318628684242], [0.12688420388101768, 0.32096688532710665, 0.31300389920592897, 0.23914501158594648], [0.10926922070645442, 0.23578390561019033, 0.23326796065095515, 0.4216789130323999], [0.34139750800154317, 0.17203701859112427, 0.25871908615007105, 0.22784638725726136], [0.21953829444730205, 0.3478861800690072, 0.08575973943577055, 0.3468157860479201], [0.20102725264046106, 0.2164821019910712, 0.19453997664686357, 0.38795066872160416], [0.22479680007056146, 0.11763451444027302, 0.21457918960974465, 0.44298949587942094], [0.1681098103034866, 0.4040175833343633, 0.21497040581322682, 0.2129022005489235], [0.1529383915032667, 0.23485605508363158, 0.42960130548304, 0.18260424793006175], [0.36229542351776955, 0.1705148472962202, 0.2560642725353044, 0.21112545665070598], [0.4365395436484468, 0.30433211314005854, 0.11869018780348518, 0.14043815540800939], [0.16929377045401892, 0.3814407647026385, 0.10594855483591144, 0.34331691000743125], [0.23284220781301315, 0.31072504705440107, 0.12728176563269314, 0.3291509794998927], [0.2608629537549864, 0.21542540227592033, 0.205653163065772, 0.31805848090332145], [0.3324697769415718, 0.35380012784676945, 0.1758478521427707, 0.13788224306888822], [0.28352470810698954, 0.15786024449300454, 0.3975480548138618, 0.16106699258614413], [0.2127298329235904, 0.3860857565009849, 0.1095671323042456, 0.29161727827117906], [0.27173960575946476, 0.25377957654645444, 0.14401344208104, 0.33046737561304074], [0.09930823254200696, 0.1886321221766428, 0.35028702954379975, 0.36177261573755054], [0.37906471249666346, 0.1549816789744565, 0.20105360897330687, 0.26489999955557336], [0.25172034371991076, 0.1751850737983455, 0.15192699283098196, 0.4211675896507618], [0.3001241835892221, 0.25842806434371113, 0.13217689424300252, 0.3092708578240642], [0.1934156810290677, 0.24449095618055197, 0.12228340157897855, 0.4398099612114018], [0.18045915892299197, 0.2671386564487659, 0.2695734455668479, 0.2828287390613943], [0.16726518022625286, 0.5890237515621968, 0.040019028330335556, 0.20369203988121484], [0.10182310210502937, 0.18658860960109389, 0.25839044776472875, 0.453197840529148], [0.205442157458855, 0.28474149118457964, 0.12519774718447815, 0.38461860417208715], [0.3365397883752117, 0.15193865284868568, 0.10974273713959411, 0.4017788216365086], [0.34123153704337333, 0.20275665915610153, 0.05450740929031672, 0.4015043945102085], [0.23845213866925102, 0.4303358733969965, 0.19983783097773342, 0.13137415695601898], [0.11035275208681182, 0.5903747106842191, 0.06137275835504664, 0.23789977887392236], [0.348678324355367, 0.4229753187248013, 0.13486210980486832, 0.09348424711496336], [0.2978965892929311, 0.2162470087821922, 0.12274852588481144, 0.3631078760400654], [0.22583450530098434, 0.2950183101306296, 0.09127248047439322, 0.3878747040939929], [0.16540846364012388, 0.1469193387946311, 0.1766550526544582, 0.511017144910787], [0.1878987654646836, 0.18534693751415804, 0.4548321330820083, 0.17192216393915], [0.10107767842148699, 0.2744167651754415, 0.3489671267386643, 0.27553842966440706], [0.19527083427340208, 0.2448987975926718, 0.10795986607043515, 0.45187050206349083], [0.30251355114948886, 0.16042009223821943, 0.1399566445806999, 0.3971097120315919], [0.05839919125280855, 0.1259267065542708, 0.1386424881530963, 0.6770316140398243], [0.27229026781952426, 0.25061624669925336, 0.12136531861724667, 0.3557281668639759], [0.1927935344268242, 0.1502400027480619, 0.08355542562181706, 0.5734110372032968], [0.32167978970041244, 0.15464774508282872, 0.1545338766869606, 0.3691385885297985], [0.2657815918291755, 0.403090856353448, 0.12799431271026757, 0.2031332391071089], [0.1752943269216794, 0.28228633064143743, 0.3098621776527291, 0.23255716478415414], [0.19216048938011548, 0.41564856105803416, 0.1589941166958455, 0.2331968328660048], [0.36607143715591556, 0.17739792163992832, 0.07146536798516166, 0.3850652732189947], [0.5045379445577299, 0.19242528420719301, 0.07918826823905123, 0.2238485029960258], [0.3610119252096267, 0.2152048583893839, 0.11393888313600654, 0.309844333264983], [0.19444111369384187, 0.31112948952589564, 0.31131861770081043, 0.18311077907945203], [0.3259369730817593, 0.1826606104775938, 0.12797298129801116, 0.3634294351426358], [0.4490098652556009, 0.24064036343961628, 0.1460923702501512, 0.16425740105463152], [0.321825154123787, 0.24954199047014758, 0.1293703834406653, 0.29926247196540007], [0.23416395595591724, 0.3652641477869596, 0.1997655942258385, 0.2008063020312849], [0.3448010570353073, 0.15101149877135556, 0.28591809811872976, 0.21826934607460743], [0.18085329561608982, 0.28318441446164094, 0.27766226202686967, 0.25830002789539946], [0.6080895558611465, 0.19494625146203715, 0.07902111182266051, 0.11794308085415578], [0.1693637281837835, 0.32907935840054214, 0.1979586494388082, 0.3035982639768663], [0.27148392664893606, 0.3021563221309801, 0.06513989653735014, 0.3612198546827337], [0.3697174174903726, 0.20968016603940617, 0.09508250021573235, 0.3255199162544889], [0.4170804153143982, 0.3301516253211895, 0.08698057858198315, 0.16578738078242908], [0.37398480087250396, 0.40254231858758777, 0.14047901950587408, 0.08299386103403432], [0.24179547803909748, 0.22115615444946196, 0.16963043506686803, 0.36741793244457255], [0.06083631980352615, 0.1033063996231966, 0.08644899469108493, 0.7494082858821923], [0.13446607853111306, 0.23415861696559753, 0.24765469988057923, 0.38372060462271024], [0.07912171036450406, 0.7225131990885925, 0.14091820558458146, 0.05744688496232226], [0.17885257697306603, 0.2756752516106656, 0.1008259698443448, 0.4446462015719236], [0.30698780688726335, 0.16634136592173518, 0.3355573849074337, 0.19111344228356783], [0.3882302593021334, 0.22572415748828023, 0.11447275860691342, 0.271572824602673], [0.1879579656675337, 0.3739856234945646, 0.1669292285599161, 0.2711271822779857], [0.28109936398608587, 0.3024763493075708, 0.12311573531454054, 0.2933085513918029], [0.09501232844815213, 0.5173473723292242, 0.14964391964595147, 0.2379963795766722], [0.14745629048797734, 0.24819725414825686, 0.1764476818976766, 0.4278987734660891], [0.16947677784271167, 0.25795931969391417, 0.19077866987773082, 0.3817852325856434], [0.34984226423541065, 0.22970382982126075, 0.14168907434533606, 0.2787648315979924], [0.29067649306738225, 0.4317923293021515, 0.08695872223022424, 0.190572455400242], [0.17986062567808214, 0.20502214493133525, 0.1460604284133844, 0.4690568009771982], [0.17576180086556492, 0.32164980388546754, 0.15597423213641062, 0.34661416311255694], [0.26069871384760923, 0.15902201820428544, 0.11519630849881102, 0.4650829594492943], [0.19582581804291369, 0.3619347656477248, 0.16268195840881067, 0.279557457900551], [0.35244733438501685, 0.3465696539252534, 0.08366933436640088, 0.21731367732332885], [0.1892457286943112, 0.21881371211225087, 0.03366364500039382, 0.5582769141930443], [0.2872436960324644, 0.38911500258632314, 0.13211283350885758, 0.1915284678723547], [0.27486730585619396, 0.25199707340019534, 0.33785420771482455, 0.13528141302878613], [0.10472415892865529, 0.5082302546012447, 0.23854791262563302, 0.148497673844467], [0.19314198573323627, 0.13628582359558958, 0.18520328324678623, 0.4853689074243878], [0.4575483207508678, 0.3813570386306238, 0.05423097951528907, 0.10686366110321932], [0.16626097271295703, 0.42495568820303115, 0.24995123202491068, 0.1588321070591011], [0.23613745465169056, 0.4849874753906361, 0.09255075597840774, 0.18632431397926563], [0.11193898155715751, 0.6096283460877091, 0.12861697058671395, 0.14981570176841946], [0.18641573256521507, 0.2423228017008554, 0.19498625400329186, 0.3762752117306377], [0.18405508905124301, 0.2015067513338645, 0.5239226808390987, 0.09051547877579368], [0.13784364811926245, 0.11717042607093495, 0.05964701250588011, 0.6853389133039225], [0.12553793610016437, 0.6112748830883765, 0.13760967749983516, 0.12557750331162398], [0.25992349299515394, 0.4306619278168899, 0.049849445706148424, 0.2595651334818078], [0.48578001658631875, 0.2958865829511689, 0.10071168232095434, 0.1176217181415582], [0.2314688697304718, 0.23580045796103705, 0.18021446329599244, 0.35251620901249875], [0.23959529118932218, 0.24107573637929144, 0.2543869556333509, 0.2649420167980354], [0.2006356197061826, 0.18503380596194433, 0.1034881057079625, 0.5108424686239105], [0.14769438536719787, 0.2697334381560764, 0.39145856288890496, 0.19111361358782086], [0.18541053326300894, 0.4045421561510341, 0.2826703561944959, 0.12737695439146104], [0.4352921461331111, 0.23092053935548637, 0.09170596291938377, 0.24208135159201874], [0.3521281523936193, 0.254276909373141, 0.11806860543300901, 0.2755263328002308], [0.11318787980070542, 0.6242023820498962, 0.06915947586519022, 0.1934502622842082], [0.1107328166349375, 0.15805506557427285, 0.12062501465245636, 0.6105871031383333], [0.2961266105633898, 0.32432919899758633, 0.045994565173579714, 0.3335496252654441]]}, "rewritten": {"ids": ["97105760", "97107920", "97109570", "97111790", "97112290", "97118210", "98108970", "98110230", "98110810", "98112580", "98119591", "99105921", "99107950", "99108310", "99108710", "99109370", "99114890", "99117630", "99119830", "99121440", "100108990", "100109311", "100109330", "100109360", "100109980", "100111080", "100111380", "100115700", "100120780", "101108121", "101108580", "101109120", "101110150", "101110740", "101111210", "101111620", "101112540", "101112690", "101113210", "102110850", "102111990", "102112250", "102112301", "102118380", "102121700", "103109021", "103109791", "103111170", "103113260", "103120531", "104111380", "104111620", "104111780", "104112470", "104113240", "104113380", "104113550", "104117630", "104118070", "104119340", "105112100", "105112130", "105113620", "105116860", "105117200", "105118171", "105118230", "105120621", "106113170", "106113190", "106113360", "106113830", "106114150", "106115120", "106116640", "106116820", "106116850", "107114200", "107114780", "107115140", "107116501", "107117010", "107118490", "107118520", "107121230", "108114360", "108119330", "108119550", "108120280", "108121351", "109113591", "109114030", "109115070", "109116040", "109116930", "109117080", "110114920", "110115120", "110117110", "110118740", "110118880", "110120190", "110121450", "111114121", "111115780", "111116040", "111116110", "111116170", "111116290", "111116530", "111117120", "111117480", "111117571", "111118820", "111119150", "111119580", "111120220", "112116401", "112116880", "112117461", "112118550", "112118581", "112118820", "112118880", "112119120", "112119320", "112119450", "112119950", "112120290", "113117401", "113118111", "113118490", "113118620", "113118630", "113119320", "113119700", "113120531", "113121010", "113121220", "113121750", "113121950", "113122430"], "labels": [0, 0, 0, 2, 1, 2, 3, 3, 1, 2, 1, 1, 1, 2, 2, 1, 2, 3, 1, 2, 2, 1, 0, 0, 1, 0, 3, 1, 1, 0, 0, 1, 1, 3, 2, 3, 2, 1, 3, 3, 2, 0, 1, 1, 1, 0, 3, 2, 3, 3, 3, 0, 3, 1, 2, 1, 1, 0, 2, 1, 1, 1, 0, 2, 3, 3, 1, 1, 0, 0, 0, 1, 1, 1, 3, 1, 3, 2, 2, 0, 1, 1, 2, 2, 0, 1, 0, 1, 3, 3, 3, 1, 0, 0, 0, 1, 3, 0, 0, 3, 0, 3, 3, 0, 1, 0, 3, 0, 2, 3, 2, 1, 3, 0, 3, 3, 3, 0, 0, 0, 3, 1, 0, 1, 1, 1, 3, 0, 1, 3, 1, 1, 3, 3, 1, 0, 0, 2, 3, 0, 3, 2], "predicted_labels": [3, 3, 3, 1, 1, 3, 1, 0, 1, 2, 0, 2, 2, 0, 1, 1, 1, 3, 0, 2, 1, 0, 1, 0, 3, 1, 3, 0, 1, 1, 0, 3, 3, 2, 1, 0, 3, 0, 3, 3, 3, 0, 1, 2, 3, 0, 0, 3, 1, 3, 0, 0, 3, 3, 1, 3, 0, 1, 1, 3, 1, 3, 2, 1, 1, 1, 1, 3, 3, 2, 1, 3, 3, 3, 0, 1, 0, 1, 1, 0, 0, 2, 2, 3, 1, 1, 3, 0, 3, 1, 1, 0, 1, 3, 3, 0, 1, 1, 0, 1, 3, 3, 1, 0, 3, 0, 2, 1, 0, 3, 3, 3, 1, 3, 3, 1, 0, 0, 1, 3, 1, 0, 1, 1, 3, 3, 0, 0, 0, 3, 1, 0, 0, 2, 0, 3, 3, 1, 3, 1, 0, 1], "confidence_scores": [[0.23220031537013203, 0.19252065821996212, 0.21935653686603762, 0.35592248954386846], [0.21384108237935487, 0.11934748713334101, 0.15560400557059706, 0.5112074249167071], [0.19713183791880126, 0.31281742466797885, 0.07681242741640877, 0.4132383099968113], [0.25806861654192415, 0.39866564010996264, 0.12295425568798692, 0.22031148766012643], [0.1535765463893987, 0.4522653259134463, 0.16234667099931863, 0.23181145669783648], [0.20728226124549856, 0.23845265548332906, 0.09414363747743808, 0.46012144579373443], [0.20321786444837636, 0.33034740798330986, 0.28298031214924113, 0.1834544154190727], [0.39805580973468907, 0.18431382912649225, 0.14928041228219538, 0.26834994885662333], [0.172637452199911, 0.42306398390987787, 0.24554743908386234, 0.15875112480634881], [0.17200299078282785, 0.21375833197238803, 0.4016431144162605, 0.21259556282852365], [0.5715337306068108, 0.1793391268189695, 0.07175083558529324, 0.17737630698892665], [0.23649364865312858, 0.27497430679791446, 0.3416801811164759, 0.14685186343248108], [0.12368639959763159, 0.2587946345926254, 0.34766888884515784, 0.2698500769645853], [0.35698072435730915, 0.310450469554239, 0.1700299045901093, 0.1625389014983427], [0.1912805690966234, 0.40725904458515233, 0.25056617874905057, 0.1508942075691737], [0.12181740814755436, 0.341183047973097, 0.31562295171360627, 0.22137659216574232], [0.24634132564377603, 0.32710161158498746, 0.17448923373382141, 0.2520678290374152], [0.18935846906131704, 0.19175224160541576, 0.26350782950412416, 0.35538145982914304], [0.388079813550745, 0.232821325673083, 0.13518647730439176, 0.2439123834717803], [0.12415991473558975, 0.22578891769290968, 0.5305816673027408, 0.1194695002687596], [0.22348443724415099, 0.5473104417317037, 0.10527792436651452, 0.12392719665763076], [0.42474787470692044, 0.2427824330231302, 0.12252300395604113, 0.20994668831390834], [0.17693170473143233, 0.4752075659393696, 0.05818923338790206, 0.28967149594129604], [0.47902632600610895, 0.20419205954751662, 0.07823528689140483, 0.2385463275549698], [0.2910784919471924, 0.2071607175987474, 0.17264588510669734, 0.3291149053473628], [0.21491164637488036, 0.45193071336792406, 0.11755238145879991, 0.21560525879839565], [0.3525349996847363, 0.15208020489837787, 0.06343854990741384, 0.431946245509472], [0.39487299804130754, 0.20755914898524974, 0.1321156917687578, 0.2654521612046849], [0.14924889696605662, 0.4418318582488216, 0.22437672051543903, 0.18454252426968284], [0.26056341441365666, 0.3571245257216094, 0.0722552672348011, 0.31005679262993296], [0.32353478785924883, 0.18355956408635038, 0.1813699131583284, 0.31153573489607217], [0.17061622989862305, 0.30092368865330826, 0.15186716967764852, 0.3765929117704201], [0.2512666590609079, 0.2266489609904707, 0.11527503847961502, 0.40680934146900627], [0.1628166640027798, 0.23116842167489185, 0.3612881891377181, 0.24472672518461036], [0.13136128008971007, 0.3597850584163777, 0.16348628590186043, 0.3453673755920516], [0.3813872549356459, 0.14976913337242306, 0.20836835473206736, 0.26047525695986395], [0.16401028080430652, 0.24500232825078647, 0.12164419034122455, 0.4693432006036826], [0.3252556514432788, 0.2918987106190352, 0.13929307032596133, 0.24355256761172478], [0.23173489950721235, 0.2814163799134475, 0.19640788055790653, 0.29044084002143383], [0.19013589448916546, 0.27542778537829504, 0.1254697438927884, 0.40896657623975113], [0.250360015559456, 0.17423835179067015, 0.17969466088733516, 0.3957069717625388], [0.38190318601102635, 0.25610667506936846, 0.10032163146312843, 0.2616685074564769], [0.31625393312717076, 0.36494672933020844, 0.05102516488474855, 0.26777417265787234], [0.09412089369706338, 0.1594117424693942, 0.6568436111647291, 0.08962375266881342], [0.08352719899780829, 0.1710057018345483, 0.28092444236647945, 0.46454265680116386], [0.42608817858595344, 0.3294630181411579, 0.07166250478590498, 0.17278629848698351], [0.3437049535817924, 0.3386940794877785, 0.1787098964456523, 0.13889107048477675], [0.21257016299582276, 0.1553765875434033, 0.0992043786314549, 0.532848870829319], [0.22951561611502383, 0.4103842676891418, 0.1260698766333545, 0.2340302395624799], [0.2668291493687097, 0.2778804051496047, 0.14247083539100266, 0.31281961009068304], [0.3771029059671217, 0.17659928473523145, 0.11882656056851083, 0.32747124872913613], [0.430177584765627, 0.19483292813733985, 0.1496861518634166, 0.22530333523361648], [0.16859969924195511, 0.14229566607323882, 0.12379276033626715, 0.5653118743485389], [0.12148754344736665, 0.16390872577961474, 0.19497793291009335, 0.5196257978629253], [0.17628354326377768, 0.5009391396122324, 0.13859155867279876, 0.18418575845119126], [0.10674839100439139, 0.231120029057416, 0.2176770012698003, 0.44445457866839233], [0.4122741885853497, 0.11872711802098393, 0.07583364471640734, 0.3931650486772591], [0.21861732068496162, 0.38173148762297693, 0.17986771273455984, 0.21978347895750172], [0.2524021504889299, 0.36733338907468566, 0.17746697354001567, 0.20279748689636884], [0.18432979531020027, 0.28160517238917787, 0.11932663433419932, 0.4147383979664227], [0.18964446648370298, 0.4672996508323833, 0.19195776869237086, 0.15109811399154285], [0.3026460509184358, 0.17465274899199643, 0.08391421926861341, 0.43878698082095424], [0.1609058725882549, 0.27173345863882686, 0.3816945705786111, 0.18566609819430724], [0.20391625310530592, 0.33514885308615505, 0.2175113348861851, 0.2434235589223539], [0.15172827643695969, 0.37702409495503486, 0.2292601934323031, 0.24198743517570234], [0.2860289200847773, 0.29965131411482654, 0.23405777994216917, 0.18026198585822703], [0.1504961094235411, 0.4107365889944677, 0.2194744386391569, 0.21929286294283432], [0.18165722231764328, 0.14271656052120102, 0.12394996203446022, 0.5516762551266956], [0.15069694711223763, 0.12503065985872056, 0.29569402959255076, 0.4285783634364911], [0.11420936065566319, 0.18848754060370518, 0.4578953515987873, 0.23940774714184448], [0.16212100423825163, 0.45171570637069797, 0.150129540052669, 0.23603374933838128], [0.20608755075780333, 0.15048711959138866, 0.2557718594843673, 0.38765347016644075], [0.32265033504681023, 0.17774421431805784, 0.16710357590707653, 0.3325018747280553], [0.20640135876190696, 0.25692277806574326, 0.1832078517570616, 0.3534680114152882], [0.36244059375190096, 0.3244666837534734, 0.0715543942999402, 0.24153832819468563], [0.17164066927383578, 0.3657544759003426, 0.1708626679769642, 0.2917421868488574], [0.32614859339919117, 0.19251763895089555, 0.29369791555153857, 0.1876358520983746], [0.17272221377291902, 0.5319614000294031, 0.08353656728983161, 0.21177981890784633], [0.1474202631355212, 0.5034674192431531, 0.1620608145560602, 0.18705150306526555], [0.611303150373764, 0.16439855419020336, 0.06383802970574594, 0.1604602657302867], [0.40605524337201226, 0.3701180561470514, 0.06216556195467796, 0.16166113852625857], [0.12775563276934657, 0.26479482011832184, 0.3345713423549399, 0.27287820475739166], [0.23857120331037934, 0.16857083754090033, 0.3349210483431793, 0.25793691080554115], [0.14316402772970435, 0.1476357693733314, 0.12872297893174117, 0.580477223965223], [0.07522175223221333, 0.6024593946315998, 0.08294406297652701, 0.23937479015965976], [0.15947605023124942, 0.4879054642334403, 0.17158499483986459, 0.18103349069544578], [0.19254293302309994, 0.18647924221430473, 0.10429652803328156, 0.5166812967293137], [0.27776180384971616, 0.2644361990766833, 0.20724929465057235, 0.2505527024230284], [0.2681879570916113, 0.14574183753293307, 0.1050401648377519, 0.4810300405377037], [0.30742543897703106, 0.3633543069419391, 0.16468919196606607, 0.16453106211496402], [0.3518494063511371, 0.37714522936971745, 0.08448173209428773, 0.18652363218485757], [0.3514259863307119, 0.24804487360904948, 0.19966313181570855, 0.20086600824453021], [0.24468069238220133, 0.39363624255683644, 0.08557430381514655, 0.2761087612458157], [0.2158258140001102, 0.2728266908932983, 0.055604516718806396, 0.4557429783877851], [0.2654615466386947, 0.25035315536225927, 0.13772057844488447, 0.34646471955416164], [0.29359034197681566, 0.2750921212240092, 0.22962338262968615, 0.20169415416948908], [0.0923205823447448, 0.3583335510525149, 0.21234591471750067, 0.3369999518852398], [0.20295913545150246, 0.4888762013654144, 0.09410392678569371, 0.21406073639738943], [0.4413422844956277, 0.3004987514741904, 0.12092536667020694, 0.13723359735997503], [0.327753590852191, 0.4058583206506682, 0.0872034873777322, 0.1791846011194086], [0.2691417528193355, 0.12717740674349598, 0.08704665863197196, 0.5166341818051966], [0.2580001995969017, 0.29689665098530676, 0.12350311966820067, 0.3216000297495909], [0.1698689224705075, 0.5826262681290318, 0.04064198664417452, 0.20686282275628612], [0.47883408487561435, 0.16016646517021182, 0.074231802039629, 0.28676764791454484], [0.24111635938706616, 0.2412804136572684, 0.1296574862621639, 0.38794574069350146], [0.42993654526822217, 0.20512157422611907, 0.12262346235174418, 0.24231841815391458], [0.21932446629962088, 0.24127336548938555, 0.3072936213165946, 0.23210854689439905], [0.27166450192298014, 0.29875068581873365, 0.27610671987798335, 0.15347809238030283], [0.3964744915813076, 0.27466344657867936, 0.22288815134713846, 0.10597391049287454], [0.19828674414116584, 0.28906064928057246, 0.0990614794510979, 0.41359112712716367], [0.0918153096652329, 0.17076973011264265, 0.22134205961990452, 0.51607290060222], [0.2772361643083589, 0.2303144006212018, 0.12195970840017571, 0.3704897266702636], [0.22708142926940994, 0.3756823199946805, 0.10407873221240434, 0.29315751852350513], [0.17666250369162062, 0.3215676500736851, 0.10380257402827377, 0.39796727220642053], [0.2587826801721666, 0.1802072753151798, 0.07981160339547361, 0.48119844111718013], [0.21351039484097056, 0.26930720691918064, 0.26351947384405683, 0.2536629243957922], [0.6000726544388155, 0.23990051754682223, 0.07971160105475106, 0.08031522695961128], [0.3681515329772516, 0.150012692692819, 0.18525068515644708, 0.2965850891734823], [0.0779252010352502, 0.4056661549636587, 0.22801395534372812, 0.28839468865736284], [0.31720410928059967, 0.13658641423528092, 0.06784144257177663, 0.4783680339123428], [0.23714837390977717, 0.3700695384483423, 0.13609846924138444, 0.25668361840049614], [0.48509663546421444, 0.18482533684782645, 0.07868494367605672, 0.2513930840119023], [0.2809119362632794, 0.449332418971826, 0.11888952942179075, 0.15086611534310373], [0.19083154353434606, 0.3675026162963463, 0.1719059190974501, 0.26975992107185753], [0.2172050636469117, 0.20613726869875187, 0.24402000392961026, 0.3326376637247262], [0.26150581017971125, 0.20067790362866286, 0.11290363631286186, 0.424912649878764], [0.32575066179147416, 0.30082761385387646, 0.07633097834245225, 0.29709074601219726], [0.46824949224662427, 0.17248224287608876, 0.09811966969018691, 0.2611485951871], [0.39729684788637576, 0.16623304969482142, 0.1419146831296594, 0.2945554192891434], [0.16572239762990712, 0.23271884958581607, 0.24658002109960564, 0.3549787316846712], [0.2751970298455381, 0.3063144755207806, 0.12555066337282297, 0.2929378312608584], [0.5149125878240731, 0.19641100556241298, 0.1110717902009438, 0.1776046164125701], [0.4293589125956794, 0.19812136660648913, 0.07417681399235038, 0.29834290680548103], [0.22332702468178153, 0.194654198455586, 0.3651779010648411, 0.21684087579779152], [0.3058105020296712, 0.26280120949626595, 0.14103585860547882, 0.29035242986858395], [0.2473444768085379, 0.16241096209201317, 0.08987277459037633, 0.5003717865090725], [0.2626990097181296, 0.30396014488248074, 0.10188924162662172, 0.33145160377276806], [0.22564888425548962, 0.29538902152513324, 0.25055366627489156, 0.22840842794448582], [0.2528453667856618, 0.20349416562741535, 0.1706026988961324, 0.37305776869079055], [0.2034210629031674, 0.3748303595771213, 0.1828616098541862, 0.2388869676655254], [0.3702605397623065, 0.16155661799653545, 0.20994555975762538, 0.25823728248353284], [0.3700741493534148, 0.40920136192681755, 0.07252350808004121, 0.14820098063972645]]}}