{"test": {"ids": ["102121700", "107114280", "99107950", "103111480", "103113101", "98107410", "101111310", "111119250", "97106600", "110118161", "107119130", "110119030", "111120640", "98110710", "99105921", "102116500", "99107640", "113119450", "105118740", "108121351", "108113740", "107121640", "112120990", "112116451", "107113550", "113118511", "111115620", "103112641", "112118860", "109117431", "111115780", "111119950", "111121410", "97113260", "108118291", "99108460", "107114140", "109119010", "103111110", "97105760", "98120530", "109116750", "112119320", "100117420", "113122120", "100115700", "99108080", "104111780", "97107920", "106120290", "100107920", "105119550", "106112770", "109117730", "113121680", "111121351", "110116501", "98117740", "101115190", "108115500", "97116401", "99110050", "97116410", "97110950", "109116930", "100110260", "106118301", "102112301", "106113190", "111116170", "112116800", "111120280", "108115970", "106117790", "104113240", "113121010", "112118930", "112121351", "106113830", "100109980", "107112850", "100120010", "107120260", "112117461", "99108310", "101109000", "102110690", "102121440", "110120700", "107118520", "99107300", "111120540", "103109641", "98108150", "103117200", "101110200", "100120780", "105115900", "112118880", "112118161", "112118550", "113119480", "105112130", "98110230", "105115380", "111119340", "113118490", "107118120", "110117080", "101111210", "107115140", "111116290", "99109311", "100109890", "108116070", "111116530", "113119120", "108117720", "100111620", "97116790", "110118121", "109118820", "106113260", "106120640", "113122150", "98121790", "110115580", "113121750", "104111550", "110114720", "103113170", "102117351", "113120540", "109115380", "111120220", "108114670", "109113281", "112117580", "104112201", "98106880", "110121500", "97112300"], "labels": [1, 3, 1, 0, 3, 3, 3, 1, 3, 0, 1, 0, 0, 2, 1, 1, 1, 3, 1, 3, 3, 1, 2, 0, 0, 1, 1, 3, 3, 1, 1, 0, 0, 1, 3, 0, 2, 3, 3, 0, 1, 0, 1, 2, 1, 1, 3, 3, 0, 2, 0, 1, 1, 3, 1, 0, 3, 2, 1, 3, 3, 3, 3, 3, 0, 3, 1, 1, 0, 0, 0, 0, 2, 1, 2, 2, 1, 0, 1, 1, 1, 0, 1, 0, 2, 1, 0, 2, 2, 2, 3, 1, 1, 0, 0, 2, 1, 3, 1, 0, 3, 3, 1, 3, 1, 3, 1, 3, 1, 2, 0, 2, 1, 3, 1, 3, 3, 1, 3, 2, 3, 3, 3, 3, 2, 2, 1, 0, 1, 3, 3, 1, 3, 3, 3, 3, 0, 0, 0, 0, 3, 2], "predicted_labels": [0, 0, 2, 0, 2, 2, 3, 1, 2, 1, 1, 1, 1, 1, 3, 2, 3, 0, 0, 3, 0, 1, 1, 1, 2, 3, 0, 1, 3, 1, 1, 2, 0, 2, 0, 3, 1, 2, 1, 2, 1, 1, 2, 2, 2, 2, 0, 3, 0, 1, 3, 0, 3, 0, 3, 1, 3, 1, 3, 1, 1, 3, 3, 1, 0, 0, 3, 0, 1, 3, 1, 3, 3, 1, 2, 3, 3, 1, 3, 3, 1, 1, 0, 3, 0, 1, 1, 1, 0, 1, 3, 1, 2, 1, 0, 1, 3, 3, 2, 1, 0, 0, 1, 0, 1, 0, 1, 1, 1, 2, 3, 2, 3, 2, 0, 1, 1, 3, 0, 2, 1, 3, 1, 1, 3, 1, 0, 1, 1, 1, 3, 3, 0, 3, 1, 1, 3, 3, 3, 0, 0, 0], "confidence_scores": [[0.3740647397292451, 0.16223590257745704, 0.32764693603241285, 0.13605242166088496], [0.32956729924748346, 0.2616208267779553, 0.2532091701902611, 0.15560270378430016], [0.07923395926563453, 0.27230948593543763, 0.5268436816588885, 0.12161287314003916], [0.45648525851036287, 0.27453023708272734, 0.09359323551087921, 0.17539126889603063], [0.19747613165503972, 0.23351388593820108, 0.48122148178917856, 0.08778850061758067], [0.27403755093929616, 0.1990440975709769, 0.3021184702462086, 0.22479988124351846], [0.17654779626443032, 0.2771944490960966, 0.24432059153907965, 0.3019371631003935], [0.09286012070376501, 0.5734971888706507, 0.13748232370117017, 0.19616036672441411], [0.1261923202066605, 0.3261320044824368, 0.36600020154646795, 0.18167547376443488], [0.1534800190996085, 0.5873403314172829, 0.10605069949367038, 0.15312894998943832], [0.13234475561951828, 0.4501990828267063, 0.05469496181505095, 0.36276119973872456], [0.1014416788545762, 0.5232084297561013, 0.1754906091078655, 0.19985928228145686], [0.15832817915514916, 0.5208829740874137, 0.1433608557016635, 0.17742799105577378], [0.10055678347824205, 0.4354309583788682, 0.14112093333849046, 0.3228913248043992], [0.24501868224581771, 0.2703438137782433, 0.20949349990749375, 0.27514400406844525], [0.1715076271448012, 0.22370878126830177, 0.40245954456646627, 0.20232404702043064], [0.15812779199664345, 0.24588043463339496, 0.2544289936881907, 0.3415627796817709], [0.44977722997095504, 0.19581507494579267, 0.20565492188355436, 0.14875277319969799], [0.6058786851945397, 0.11337147897287801, 0.1883876115617667, 0.0923622242708157], [0.15807196543822616, 0.331572971224364, 0.10495539061148346, 0.4053996727259264], [0.3957933167108771, 0.35498968452208973, 0.09880795245827055, 0.15040904630876273], [0.21414601953295995, 0.4204150555046413, 0.2218228286671127, 0.143616096295286], [0.07700033358528606, 0.5539799246710847, 0.22124548860274107, 0.1477742531408882], [0.17698701517921683, 0.4395405620858222, 0.14686601841238298, 0.2366064043225783], [0.1051328987139955, 0.23817715232097972, 0.40291760840537194, 0.2537723405596528], [0.16018810234837774, 0.2670267950220819, 0.23334721115794466, 0.3394378914715957], [0.42906720317039626, 0.2472060624399257, 0.07874404671748844, 0.24498268767218973], [0.2349798261139477, 0.4433861103376189, 0.19217105295046077, 0.12946301059797277], [0.1469277427078168, 0.3164833326084532, 0.09899729507087808, 0.4375916296128518], [0.14084170565552942, 0.33606325247983104, 0.25890323041143737, 0.2641918114532022], [0.2856563172372164, 0.4671279971671883, 0.08438394783425829, 0.16283173776133708], [0.2333390950142915, 0.12157739922754443, 0.3786658659105488, 0.2664176398476154], [0.386135753884472, 0.18725728575977332, 0.12538375656286868, 0.30122320379288603], [0.1977505481968532, 0.07679012579569407, 0.6026911023105427, 0.12276822369690998], [0.37518582887463175, 0.12948522506345808, 0.13416032867241004, 0.3611686173895002], [0.21192258492804095, 0.2808909488388611, 0.07235212567179093, 0.4348343405613072], [0.18976922767471513, 0.32314087857488466, 0.2576350898535321, 0.22945480389686818], [0.15905759514961526, 0.30591885841298794, 0.3460560932124107, 0.18896745322498604], [0.19852995074566857, 0.39253317338637717, 0.08723792525369954, 0.32169895061425463], [0.22133286991484116, 0.22067279410135135, 0.34023922303378784, 0.21775511295001962], [0.20778156791634683, 0.4092565078714409, 0.07575519524836727, 0.30720672896384493], [0.159551901157003, 0.4941067894426609, 0.09581332897788394, 0.25052798042245217], [0.2012707421794348, 0.2715587679949962, 0.3459255434961806, 0.1812449463293885], [0.14293392143633143, 0.07808586114802353, 0.43672793043026864, 0.3422522869853765], [0.22710211077350625, 0.256581270095145, 0.4353859234630219, 0.08093069566832674], [0.31718735621161864, 0.1267476228432628, 0.32804341417981486, 0.2280216067653038], [0.3399268299763089, 0.31175819659326776, 0.10674227444659472, 0.24157269898382866], [0.30723018245829875, 0.2209796031732662, 0.1263519171797901, 0.345438297188645], [0.35854785332206596, 0.20226224873927318, 0.18515492978874643, 0.25403496814991455], [0.12804153050192743, 0.3884457242630311, 0.26685448934381273, 0.2166582558912287], [0.11711432471421625, 0.0844987081456487, 0.0697985935292254, 0.7285883736109097], [0.4241570975044325, 0.23913359747847418, 0.11429137124892051, 0.22241793376817282], [0.12666010722890098, 0.18736344088247442, 0.18016897666922316, 0.5058074752194015], [0.6231733790366738, 0.19413239132726162, 0.06661063485431226, 0.11608359478175237], [0.15945778259165033, 0.2942281804728698, 0.12191868293906719, 0.42439535399641276], [0.3035888684727123, 0.41747311185791763, 0.08761261253126877, 0.1913254071381012], [0.2934680184262351, 0.2515225298250273, 0.09742447051245162, 0.35758498123628596], [0.15488837212106224, 0.3163263663873699, 0.28802203010475863, 0.2407632313868092], [0.2540151038667518, 0.2378567102535243, 0.13752442580916222, 0.3706037600705617], [0.2419572489450166, 0.45698723232083543, 0.12144932909472639, 0.17960618963942165], [0.2382035464666335, 0.3903127652279627, 0.12249079550600639, 0.24899289279939749], [0.3096162589029081, 0.18005053391906056, 0.16868136952386692, 0.34165183765416446], [0.27289665851722933, 0.27532650154092253, 0.17076039813143687, 0.28101644181041124], [0.30856289857519287, 0.33841083643870645, 0.14249147831929476, 0.21053478666680592], [0.3336465742211549, 0.1998535764013935, 0.26557085749222664, 0.20092899188522476], [0.3234891239027602, 0.29482750488529674, 0.2120583307002989, 0.1696250405116442], [0.28777830376599883, 0.2541795510978823, 0.11397326115428294, 0.344068883981836], [0.3281544747729476, 0.2649265235424222, 0.12785093304736497, 0.2790680686372652], [0.20977837673343283, 0.4866605732549354, 0.08030800473539018, 0.2232530452762417], [0.09594749162431274, 0.21755760559785664, 0.038621751028427326, 0.6478731517494034], [0.1922442857511861, 0.33778108376627836, 0.17211337826729445, 0.2978612522152412], [0.292795027894927, 0.16363567612669191, 0.06548693092382257, 0.47808236505455853], [0.17858781912362562, 0.19692297698737005, 0.08613135440052405, 0.5383578494884802], [0.1643984138933775, 0.32858469647108923, 0.31346584243667813, 0.19355104719885532], [0.2290858117382531, 0.22085015180731585, 0.41272045955203857, 0.13734357690239254], [0.2578278388571786, 0.2821880980243508, 0.10158615469143344, 0.3583979084270372], [0.16428149505093978, 0.29868456011526373, 0.040262689695615854, 0.4967712551381807], [0.07874789009602494, 0.7380154646068751, 0.042620724385515105, 0.14061592091158504], [0.13797597531303715, 0.1863758836075773, 0.1553556280787624, 0.5202925130006232], [0.21406690205929557, 0.2221888919330802, 0.2124653213977615, 0.35127888460986273], [0.16790987518515418, 0.5877017954737249, 0.08893153058008958, 0.1554567987610313], [0.33836258282327003, 0.36885776423375977, 0.13996152476538276, 0.15281812817758755], [0.41156582963228033, 0.3004891565984628, 0.06398580256784984, 0.22395921120140702], [0.10764077421621672, 0.15451463280456565, 0.26743475449849163, 0.4704098384807259], [0.3785301741231787, 0.32178696326029577, 0.11107582979393597, 0.1886070328225895], [0.2619190367971945, 0.2985056336972709, 0.14989324905524545, 0.28968208045028915], [0.17203605859240895, 0.480153020393181, 0.12452303050445808, 0.2232878905099521], [0.2856932591846921, 0.318952234534919, 0.201281571867668, 0.19407293441272094], [0.4442705946257717, 0.1823588941532516, 0.11581619672875736, 0.25755431449221927], [0.20008365292234168, 0.45757815118242695, 0.1078630773521374, 0.23447511854309389], [0.3489639856745007, 0.19059541109369224, 0.10768510001494158, 0.35275550321686544], [0.21200897841445385, 0.46014354454929035, 0.1313718213642008, 0.19647565567205516], [0.13653380814402513, 0.10168170943412795, 0.4084183596622338, 0.35336612275961315], [0.13003145011215184, 0.4633945276356886, 0.13618655898200174, 0.27038746327015784], [0.4535426153450584, 0.18794698023665052, 0.0875521399794121, 0.2709582644388789], [0.2330805216988553, 0.5462867931960028, 0.061626190250398616, 0.15900649485474344], [0.276315947995471, 0.24553843727179436, 0.13850292490682703, 0.33964268982590773], [0.11558403996897464, 0.2551415290546417, 0.2311389084596407, 0.398135522516743], [0.24017650488370096, 0.10951877498030713, 0.4127633063581871, 0.23754141377780497], [0.16841416662414344, 0.5034422944794436, 0.06736721020579935, 0.2607763286906138], [0.3897151494415505, 0.16399264824868307, 0.1796036031612542, 0.26668859914851223], [0.42013523038946776, 0.19353025711115326, 0.15850549247639598, 0.227829020022983], [0.0523065970050599, 0.5795020918750755, 0.0797258123218164, 0.2884654987980481], [0.3491955389051987, 0.30747973641465176, 0.17444398935899427, 0.1688807353211552], [0.12548896538417428, 0.6468118518811427, 0.1311757055142344, 0.09652347722044886], [0.4195654990827702, 0.20733447794235407, 0.17106475981538072, 0.202035263159495], [0.2183291351571097, 0.45000044919279497, 0.09554602021799198, 0.23612439543210345], [0.12263868585191243, 0.5847340010531688, 0.1245875436535845, 0.16803976944133422], [0.14352585110254615, 0.5092707736697827, 0.12902533891190224, 0.2181780363157687], [0.20098292881376, 0.18612561235832056, 0.33657325083551565, 0.27631820799240386], [0.37274763388722937, 0.11981582957839189, 0.10666658337152464, 0.400769953162854], [0.31019373772164777, 0.16275263078324761, 0.41454584397583083, 0.11250778751927393], [0.15263989195611372, 0.18092881759543294, 0.3048028289337005, 0.361628461514753], [0.236173266734155, 0.28014193983070707, 0.3488154494345933, 0.13486934400054468], [0.2983933439898033, 0.2951095718545817, 0.23580445160815366, 0.1706926325474613], [0.23365818827263302, 0.4344824702628051, 0.15288177128590733, 0.17897757017865454], [0.2422960254782767, 0.27654212271237105, 0.26958330097232985, 0.21157855083702237], [0.26402921503057153, 0.27381519754623795, 0.07150503879951131, 0.39065054862367915], [0.45373536276551446, 0.2409142677009803, 0.15082189006910487, 0.1545284794644004], [0.13882120867534542, 0.1526994574541183, 0.5698637409362093, 0.1386155929343271], [0.2954262618192289, 0.31910035996425384, 0.12354222460948212, 0.26193115360703517], [0.20106539349150512, 0.20318037816373946, 0.1380070483491445, 0.4577471799956109], [0.24116774680855738, 0.3633931658914907, 0.13325716161667076, 0.2621819256832812], [0.19368347988903722, 0.28077039039989454, 0.25114902031240316, 0.27439710939866513], [0.2996082319443083, 0.1510565444000102, 0.1285617031601373, 0.4207735204955443], [0.2667894774946506, 0.37160673863362903, 0.20594517858882155, 0.15565860528289868], [0.45297936153039725, 0.1288655188331418, 0.3542233868740161, 0.06393173276244477], [0.23928539145946648, 0.34060287486724355, 0.1118794567069414, 0.3082322769663485], [0.15923538084638242, 0.3393202371661238, 0.33651876139001297, 0.16492562059748078], [0.23880577064460842, 0.35254973055693856, 0.23238857666843854, 0.17625592213001465], [0.23161451919903486, 0.2695590439368303, 0.22331305509039862, 0.27551338177373613], [0.3551874441576743, 0.11287663013107066, 0.12755065625346984, 0.4043852694577853], [0.3979777920197111, 0.31337217269115797, 0.11705814725870015, 0.1715918880304308], [0.09742140147739073, 0.15778173226777362, 0.2572721847965237, 0.48752468145831207], [0.1855298152051387, 0.5538621153269041, 0.06450302812161449, 0.1961050413463426], [0.14273830247704525, 0.4684228041659984, 0.11199978362602618, 0.27683910973093023], [0.12387620817491878, 0.3473423875822709, 0.045847962207865946, 0.4829334420349444], [0.17931477588885153, 0.16278878861799104, 0.08080914678998304, 0.5770872887031745], [0.23918008243017272, 0.1993553996463747, 0.20657762130478569, 0.3548868966186671], [0.3420772545741773, 0.2179528661388495, 0.25880117755383397, 0.18116870173313912], [0.37469384350332074, 0.24509861824259302, 0.19077630107120322, 0.1894312371828832], [0.36885507177451315, 0.3367223761147165, 0.1510688039107255, 0.1433537482000451]]}, "rewritten": {"ids": ["97105760", "97106600", "97107920", "97110950", "97112300", "97113260", "97116401", "97116410", "97116790", "98106880", "98107410", "98108150", "98110230", "98110710", "98117740", "98120530", "98121790", "99105921", "99107300", "99107640", "99107950", "99108080", "99108310", "99108460", "99109311", "99110050", "100107920", "100109890", "100109980", "100110260", "100111620", "100115700", "100117420", "100120010", "100120780", "101109000", "101110200", "101111210", "101111310", "101115190", "102110690", "102112301", "102116500", "102117351", "102121440", "102121700", "103109641", "103111110", "103111480", "103112641", "103113101", "103113170", "103117200", "104111550", "104111780", "104112201", "104113240", "105112130", "105115380", "105115900", "105118740", "105119550", "106112770", "106113190", "106113260", "106113830", "106117790", "106118301", "106120290", "106120640", "107112850", "107113550", "107114140", "107114280", "107115140", "107118120", "107118520", "107119130", "107120260", "107121640", "108113740", "108114670", "108115500", "108115970", "108116070", "108117720", "108118291", "108121351", "109113281", "109115380", "109116750", "109116930", "109117431", "109117730", "109118820", "109119010", "110114720", "110115580", "110116501", "110117080", "110118121", "110118161", "110119030", "110120700", "110121500", "111115620", "111115780", "111116170", "111116290", "111116530", "111119250", "111119340", "111119950", "111120220", "111120280", "111120540", "111120640", "111121351", "111121410", "112116451", "112116800", "112117461", "112117580", "112118161", "112118550", "112118860", "112118880", "112118930", "112119320", "112120990", "112121351", "113118490", "113118511", "113119120", "113119450", "113119480", "113120540", "113121010", "113121680", "113121750", "113122120", "113122150"], "labels": [0, 3, 0, 3, 2, 1, 3, 3, 2, 0, 3, 0, 3, 2, 2, 1, 2, 1, 3, 1, 1, 3, 2, 0, 1, 3, 0, 3, 1, 3, 3, 1, 2, 0, 1, 1, 2, 2, 3, 1, 0, 1, 1, 1, 2, 1, 1, 3, 0, 3, 3, 3, 0, 1, 3, 0, 2, 1, 1, 3, 1, 1, 1, 0, 3, 1, 1, 1, 2, 3, 1, 0, 2, 3, 0, 3, 2, 1, 1, 1, 3, 3, 3, 2, 1, 1, 3, 3, 0, 3, 0, 0, 1, 3, 3, 3, 3, 1, 3, 1, 3, 0, 0, 2, 3, 1, 1, 0, 2, 3, 1, 3, 0, 3, 0, 1, 0, 0, 0, 0, 0, 0, 0, 0, 3, 3, 1, 1, 1, 2, 0, 1, 1, 3, 3, 3, 3, 2, 1, 0, 1, 2], "predicted_labels": [1, 1, 3, 0, 0, 3, 1, 1, 2, 1, 3, 1, 0, 3, 3, 3, 3, 1, 3, 3, 2, 0, 1, 3, 2, 0, 3, 1, 1, 0, 3, 2, 3, 0, 0, 0, 1, 2, 3, 0, 1, 2, 2, 3, 0, 0, 2, 1, 0, 1, 1, 1, 0, 1, 3, 3, 2, 1, 1, 1, 3, 3, 3, 1, 1, 2, 1, 0, 1, 3, 3, 2, 1, 3, 3, 1, 1, 1, 0, 1, 1, 2, 3, 3, 1, 3, 3, 1, 3, 3, 1, 0, 1, 0, 1, 1, 1, 0, 1, 1, 1, 1, 1, 3, 1, 0, 1, 3, 0, 3, 1, 1, 0, 1, 3, 1, 0, 1, 3, 0, 1, 3, 3, 0, 1, 0, 2, 3, 2, 1, 1, 3, 3, 3, 0, 0, 0, 3, 3, 3, 1, 3], "confidence_scores": [[0.2142255163803413, 0.3173198872834704, 0.224789333692519, 0.24366526264366933], [0.13910816495390974, 0.3986290781190438, 0.27441349195599946, 0.18784926497104687], [0.20010075457149176, 0.16255076727980272, 0.21980710891771255, 0.41754136923099305], [0.46136927969887886, 0.29241034843222363, 0.09389917748061481, 0.15232119438828268], [0.4554363636771707, 0.2901515970193501, 0.17093349337000202, 0.08347854593347738], [0.20222107711439546, 0.16081638138742296, 0.2647760875936665, 0.3721864539045151], [0.17717587447155228, 0.4449651049624753, 0.08797119702272288, 0.2898878235432495], [0.2929312143683071, 0.38193665946905353, 0.10970037921833359, 0.21543174694430578], [0.17003241186925663, 0.15539883424388046, 0.570376384771918, 0.10419236911494488], [0.2485282419533955, 0.32799434468440486, 0.19827275113116205, 0.22520466223103772], [0.32462648456798215, 0.22709556373166367, 0.11190991014772564, 0.3363680415526287], [0.24477424685395455, 0.45952722859456074, 0.11641381991694026, 0.17928470463454446], [0.4600636084103591, 0.2356220444078158, 0.16027998610602523, 0.14403436107579964], [0.16037710264768898, 0.2403620287528959, 0.11144158901512963, 0.4878192795842856], [0.10515882626246391, 0.23963597457329325, 0.22719596790743218, 0.42800923125681056], [0.2391269099839427, 0.31300407379114603, 0.06919612094106753, 0.37867289528384374], [0.1492580448402758, 0.20012983173065363, 0.1558056580206023, 0.49480646540846823], [0.21669298923077618, 0.3959208386630642, 0.2052468538827407, 0.1821393182234188], [0.3337506411832563, 0.21510918106915844, 0.07695804537363705, 0.37418213237394826], [0.14260084255589323, 0.20490870597153577, 0.21210956467074388, 0.440380886801827], [0.09078617871730865, 0.20179140618514782, 0.5250246294288557, 0.1823977856686877], [0.47864529184884663, 0.19174248808745717, 0.11298009503614984, 0.21663212502754628], [0.25880807497430464, 0.4429419108426193, 0.06669901797846702, 0.23155099620460898], [0.1798728933488584, 0.15593604573716563, 0.08775709921624698, 0.5764339616977289], [0.21473374422279426, 0.25625976887333546, 0.367380851968728, 0.1616256349351424], [0.3237626977076498, 0.22330805659705155, 0.14635161474192396, 0.3065776309533746], [0.1171894052559747, 0.10846797465657833, 0.05335050286088295, 0.720992117226564], [0.22280096906621438, 0.32079774724126425, 0.2847242672300634, 0.17167701646245792], [0.2783559041360517, 0.31959688414160853, 0.14833605295646538, 0.25371115876587463], [0.5166504495733302, 0.14610209174757727, 0.13500091975145434, 0.20224653892763816], [0.29436368752951264, 0.13254194461879154, 0.21156864400560005, 0.36152572384609594], [0.19532536359253694, 0.13595655590055006, 0.37902641788417485, 0.2896916626227381], [0.24422678851341167, 0.10478447509958153, 0.155811050512185, 0.49517768587482197], [0.38120539586955393, 0.24948529407759565, 0.1592656054101414, 0.21004370464270922], [0.31589039237489563, 0.20069087356223367, 0.19115281976838303, 0.2922659142944878], [0.2872788138610716, 0.2421433717570411, 0.19809060378198293, 0.27248721059990444], [0.2456299208748609, 0.41620108567825853, 0.12521181970251866, 0.21295717374436196], [0.2065651875571886, 0.23343916083060884, 0.31570391533615894, 0.24429173627604361], [0.23699701743783255, 0.2730347044100378, 0.170875899832355, 0.3190923783197747], [0.33645547521118735, 0.23259381900823006, 0.1023935903145708, 0.3285571154660118], [0.1750111548721576, 0.4350364258053989, 0.10096805835299553, 0.2889843609694479], [0.24971883842827522, 0.28856416989111383, 0.31620941459743773, 0.14550757708317313], [0.16185255988491715, 0.14305883269513897, 0.4892615791464738, 0.20582702827347013], [0.2197763214306808, 0.2024506010881365, 0.22463102562286177, 0.35314205185832104], [0.31846391110358274, 0.2906802905433314, 0.18704753427100088, 0.2038082640820852], [0.43170400793420377, 0.3582570771094134, 0.09219187428214616, 0.11784704067423678], [0.11004464576760517, 0.11482785881182765, 0.39376095032536035, 0.3813665450952068], [0.17356694688412158, 0.4359716431384423, 0.03916048512308792, 0.3513009248543484], [0.34962293213888523, 0.15893077672323633, 0.22689783876883243, 0.264548452369046], [0.11790123585821127, 0.7090370416085154, 0.10295054409987019, 0.07011117843340314], [0.2724322786403734, 0.30532403849119205, 0.18616858183233967, 0.23607510103609491], [0.25107688015464574, 0.25834738914156913, 0.23841625489448084, 0.2521594758093042], [0.3279208600096095, 0.24208587832362785, 0.13393228857486333, 0.2960609730918994], [0.1149251491534945, 0.4576821732126898, 0.33476055424837486, 0.09263212338544098], [0.18993308879144347, 0.24345338884089207, 0.10090124064689149, 0.465712281720773], [0.19662844149244044, 0.12885127264316087, 0.10316073385735118, 0.5713595520070475], [0.28319491342765857, 0.288958638807871, 0.3119058950673941, 0.11594055269707645], [0.27271500861759507, 0.3554245600499126, 0.07954313119448848, 0.292317300138004], [0.19407171848224372, 0.5040640939687858, 0.15718378397670543, 0.14468040357226508], [0.13427429934454496, 0.49205378634584557, 0.20242892618902056, 0.17124298812058902], [0.12180108861810049, 0.23326874226238795, 0.22450887070490824, 0.42042129841460335], [0.34483261474576105, 0.18536250911335242, 0.07251943592068898, 0.39728544022019774], [0.23188068959030225, 0.2676634145384124, 0.15468092108248918, 0.34577497478879626], [0.2236657106852341, 0.34572717647601314, 0.10478916078305131, 0.3258179520557015], [0.23543311104544326, 0.3967596711332971, 0.1751434329701176, 0.192663784851142], [0.12867096143285559, 0.18577508961718905, 0.3872804926543452, 0.2982734562956102], [0.20472353771518356, 0.31592528084219723, 0.2282423587742016, 0.2511088226684177], [0.40353554116242396, 0.24125431929852714, 0.1567982937621743, 0.19841184577687462], [0.15679787445175924, 0.383963431898527, 0.18036645412198204, 0.27887223952773177], [0.22556238374447668, 0.2425103864688133, 0.20979455633804878, 0.3221326734486614], [0.13859843357410462, 0.288636974365411, 0.09976821887223382, 0.4729963731882507], [0.14773517924866333, 0.2779281796101506, 0.33210017385794116, 0.24223646728324508], [0.10909616587099763, 0.41367696007823435, 0.34243369506450655, 0.13479317898626142], [0.21469436216513743, 0.1565456606836301, 0.16383844369555864, 0.464921533455674], [0.2528009362314226, 0.12401398676490862, 0.14620227366343808, 0.47698280334023074], [0.15698316620735372, 0.6014822564080231, 0.1091340852594719, 0.13240049212515115], [0.18208884083288557, 0.45429694036837814, 0.0737739163839543, 0.289840302414782], [0.16531042886003477, 0.3589282061685405, 0.15686696953233667, 0.31889439543908804], [0.49718488685539985, 0.17557862949914865, 0.12400996000627607, 0.20322652363917543], [0.34665297261261274, 0.34986523905365746, 0.11505482207790096, 0.1884269662558287], [0.24928255822232134, 0.4133429378484907, 0.09774293905007264, 0.23963156487911536], [0.12602552448019577, 0.2316004037741015, 0.3712980624713494, 0.27107600927435327], [0.1998184954207132, 0.22910062536989825, 0.16659453248248704, 0.40448634672690137], [0.1693189332474627, 0.3129458982138871, 0.10254748800384984, 0.4151876805348003], [0.2512395068718345, 0.3283292714192436, 0.19789194257200013, 0.22253927913692192], [0.28869596544744336, 0.29057507143353467, 0.09142763593307032, 0.3293013271859518], [0.2559299546601222, 0.24750343454950233, 0.15388616888706558, 0.3426804419033099], [0.0793782442827484, 0.6312906477824408, 0.04348293596767607, 0.2458481719671347], [0.17215371326748952, 0.2542185824140391, 0.1024073734058156, 0.4712203309126557], [0.28325696229665065, 0.17619970372159313, 0.18039342213675777, 0.3601499118449985], [0.2079162397283425, 0.3886489607411629, 0.19767751484249022, 0.20575728468800422], [0.33252146782124437, 0.24980370252449896, 0.21543476623358224, 0.20224006342067455], [0.16634816223868856, 0.3778630705882276, 0.25715167824950985, 0.198637088923574], [0.4830637395502217, 0.21564879110301546, 0.12144334188397764, 0.17984412746278536], [0.15733939813795375, 0.45059998003023766, 0.1344111735795918, 0.257649448252217], [0.208722331018315, 0.28548377489134225, 0.28399961701445886, 0.22179427707588392], [0.1978444619613709, 0.32148452077093015, 0.3104292789927738, 0.17024173827492517], [0.40671686790631945, 0.3122624146400461, 0.08581403699862143, 0.1952066804550129], [0.18378768253636657, 0.3381017368855297, 0.14929745078419562, 0.32881312979390803], [0.1379779834878203, 0.4414754080361183, 0.16063778358058167, 0.25990882489547995], [0.23471922195234396, 0.3910959871878185, 0.07637809812964541, 0.2978066927301921], [0.19524478234502177, 0.5394633454348443, 0.13338525698430662, 0.13190661523582714], [0.1714753326250776, 0.29546365186062845, 0.2583102199327425, 0.2747507955815515], [0.274463987866021, 0.2086160550645289, 0.14075293672309436, 0.3761670203463557], [0.3014238513092655, 0.38725922512930855, 0.1404456647130788, 0.17087125884834695], [0.47417440177694103, 0.3185077304743775, 0.10487619421407705, 0.10244167353460443], [0.15030576775233517, 0.6558126119233569, 0.06309383501006036, 0.13078778531424753], [0.2558707900728155, 0.22006617792559244, 0.09151018003097557, 0.43255285197061644], [0.4412322247557207, 0.22998659290941753, 0.13159890856239434, 0.1971822737724674], [0.21447410515296353, 0.2770321447610421, 0.17621766940241737, 0.33227608068357717], [0.09141652631553628, 0.5295788798588594, 0.17639827583233558, 0.20260631799326848], [0.285408417876497, 0.31004629710017156, 0.13458512240950002, 0.26996016261383143], [0.6708479966681087, 0.09483517889325764, 0.08285069677530783, 0.15146612766332568], [0.250371421591281, 0.39431411802247757, 0.1098552767948818, 0.24545918359135976], [0.24608273812256543, 0.1596896369656732, 0.08869311376704346, 0.5055345111447179], [0.1769680748066775, 0.45082463627638786, 0.07726497942525529, 0.2949423094916795], [0.38404738034192204, 0.3285554550267909, 0.11283641833425119, 0.17456074629703608], [0.10189297831417762, 0.5429919520919292, 0.07630163727364903, 0.2788134323202442], [0.2739227714981928, 0.1928973209293919, 0.142538574553477, 0.39064133301893833], [0.4065525090232101, 0.27155009603614433, 0.08373718723275009, 0.23816020770789548], [0.09160595095392872, 0.4979198497427697, 0.06472642693260705, 0.3457477723706947], [0.2650047866288675, 0.2028699511087153, 0.19291773221048833, 0.3392075300519288], [0.2598230435577123, 0.1803821666874351, 0.15295829321603677, 0.4068364965388159], [0.3984913543328512, 0.2926879230930998, 0.1055134617741827, 0.20330726079986616], [0.2965206257777926, 0.3396542234454517, 0.09682766695741453, 0.26699748381934113], [0.28892912608168353, 0.24355396510886598, 0.20001950423024784, 0.2674974045792026], [0.22862188544201906, 0.21411506728550575, 0.3415460118883598, 0.21571703538411538], [0.2873889119561211, 0.22484194491802736, 0.060985850175158854, 0.4267832929506926], [0.11997304457478265, 0.2263361075016282, 0.5799910059540792, 0.07369984196950989], [0.13362843020358361, 0.577504036441695, 0.08365795612973806, 0.20520957722498337], [0.12790194343640393, 0.7144172542716347, 0.04680271548696081, 0.11087808680500058], [0.1174124165863901, 0.33354655993834587, 0.0943716728217539, 0.45466935065351016], [0.3336784884954546, 0.22527580491480664, 0.10100084796128818, 0.34004485862845046], [0.28222153621319, 0.19554030685546556, 0.0934805015723688, 0.42875765535897564], [0.4416197975919148, 0.12196792591347573, 0.12158348575550423, 0.3148287907391052], [0.41479381096370316, 0.2736868383145997, 0.16875279223575584, 0.14276655848594116], [0.48203626465112853, 0.3014012603275944, 0.07119338608345223, 0.14536908893782494], [0.229734129451564, 0.2603229353777142, 0.061507135666394215, 0.44843579950432744], [0.12088352919050323, 0.35251677127194253, 0.12994707124459462, 0.3966526282929596], [0.20015108724711123, 0.1772585725558118, 0.1301831809842429, 0.4924071592128341], [0.11694795763853685, 0.3514307562161891, 0.2568386714899278, 0.2747826146553463], [0.21714168898926917, 0.18736636992014064, 0.114566964876329, 0.4809249762142611]]}}