{"test": {"ids": ["97109080", "108117360", "102112250", "100109890", "113122650", "108117451", "98106560", "104109311", "100109801", "109114030", "107118820", "100116500", "104113000", "98106111", "110118701", "113119930", "107119130", "113120830", "103120290", "108121351", "108114040", "98111670", "105113170", "105112240", "99107630", "103117200", "110114610", "111115400", "105113190", "109119450", "113122160", "106119990", "110117110", "111114171", "110114920", "105117431", "99109311", "111121190", "108115500", "112118550", "111119950", "113119950", "110116501", "98112300", "113121010", "111120540", "107114621", "107113360", "111117200", "99112641", "111116110", "110121170", "112118511", "104112470", "112118421", "112116451", "112118620", "109119010", "109114651", "106121190", "101110200", "109116930", "101109370", "98108370", "98107340", "108115070", "112117660", "111117000", "97107950", "112116401", "110118161", "112118890", "112116501", "110115980", "110121500", "100108580", "99117740", "104111780", "99111930", "112116850", "97112830", "101114020", "106118820", "107116980", "99109740", "109115220", "104111550", "112119580", "106116441", "109116441", "102109010", "104111990", "105115900", "106117650", "109121410", "113119340", "111116090", "104114410", "111121220", "111116990", "108120280", "110118630", "112117461", "102112030", "111115780", "108113760", "98107380", "108118301", "101112201", "112121410", "110114950", "99113260", "104114230", "108118291", "102110240", "112116880", "100111270", "108118060", "101121640", "109117080", "109118161", "111120591", "98108520", "112118860", "113120780", "103111170", "108114670", "98116940", "113118620", "104114320", "97112290", "113122170", "101111990", "113121410", "98120530", "111119150", "108118520", "98108410", "103117461", "109119460", "107113200", "109117600"], "labels": [2, 1, 0, 3, 2, 2, 1, 3, 0, 1, 3, 2, 1, 0, 3, 1, 1, 3, 2, 3, 0, 1, 0, 1, 2, 0, 1, 0, 3, 3, 3, 0, 0, 3, 3, 1, 1, 1, 3, 3, 0, 0, 3, 2, 2, 1, 0, 0, 0, 1, 3, 2, 1, 1, 3, 0, 3, 3, 3, 2, 2, 0, 1, 1, 0, 1, 0, 0, 2, 0, 0, 3, 3, 1, 3, 0, 2, 3, 1, 0, 2, 3, 3, 3, 3, 3, 1, 3, 0, 3, 1, 2, 3, 1, 0, 0, 3, 1, 3, 0, 3, 1, 0, 2, 1, 1, 1, 1, 0, 0, 0, 0, 2, 3, 3, 0, 2, 1, 2, 1, 0, 1, 2, 3, 0, 2, 3, 2, 3, 2, 1, 1, 2, 0, 1, 3, 0, 1, 0, 1, 0, 1], "predicted_labels": [1, 2, 1, 3, 0, 0, 3, 1, 1, 1, 3, 1, 3, 1, 1, 1, 1, 3, 1, 3, 0, 3, 3, 1, 3, 0, 2, 0, 0, 0, 3, 1, 2, 0, 1, 3, 2, 2, 3, 3, 3, 3, 0, 0, 1, 2, 3, 2, 0, 3, 3, 3, 1, 3, 3, 3, 2, 2, 0, 0, 3, 3, 3, 1, 0, 1, 2, 1, 0, 0, 1, 1, 1, 3, 1, 2, 1, 3, 1, 3, 3, 3, 0, 1, 1, 2, 0, 0, 0, 0, 2, 0, 1, 0, 3, 0, 1, 0, 3, 1, 0, 2, 3, 3, 3, 0, 1, 1, 1, 1, 3, 1, 2, 3, 1, 1, 2, 3, 3, 2, 1, 1, 0, 1, 1, 2, 3, 0, 1, 1, 3, 0, 2, 1, 3, 0, 3, 1, 0, 1, 1, 1], "confidence_scores": [[0.1449583229073716, 0.4588470413090862, 0.2208936582350755, 0.17530097754846663], [0.1860198562396061, 0.20178795371994285, 0.3201374689331123, 0.29205472110733877], [0.2210792048086989, 0.3443289394222228, 0.1655641393710725, 0.2690277163980058], [0.2667853709580702, 0.1769155800315701, 0.22624158068608388, 0.330057468324276], [0.32262206650275504, 0.20281159583121652, 0.25073795454658965, 0.22382838311943878], [0.41315763405598144, 0.2212529846665423, 0.18073900415496946, 0.18485037712250693], [0.17956086699269838, 0.2977045534658357, 0.16624200046874327, 0.3564925790727227], [0.2670439085662707, 0.33735927182398123, 0.10351066515252107, 0.2920861544572271], [0.22920233304200566, 0.41980822927348765, 0.17574406387764474, 0.17524537380686195], [0.12190372979094484, 0.3659565067522053, 0.2642952587645494, 0.24784450469230052], [0.18162147982332705, 0.2837521999153959, 0.12563982456530753, 0.4089864956959697], [0.25362788462393143, 0.3955452273420088, 0.12732977241702328, 0.22349711561703647], [0.1597494399651325, 0.14728251912637383, 0.20479892485414006, 0.4881691160543536], [0.2512437048609605, 0.2995207657510954, 0.2100308672363586, 0.23920466215158562], [0.20623323499154192, 0.3262169780540844, 0.1864989014818438, 0.28105088547253015], [0.21573179627613132, 0.3490077856410925, 0.23349583934861734, 0.2017645787341589], [0.22470986159418874, 0.3468264304645335, 0.13903309987577386, 0.28943060806550397], [0.2005000125095465, 0.3275453067563357, 0.10342859549983323, 0.36852608523428454], [0.20273637780272658, 0.36881692414198547, 0.16145483175440398, 0.266991866300884], [0.2592833457793655, 0.15899097931422942, 0.07752665715334836, 0.5041990177530568], [0.36125802223598813, 0.21699989442528198, 0.15176438136231485, 0.26997770197641524], [0.13976867739379323, 0.16401060821021637, 0.1052213697191171, 0.5909993446768733], [0.32364551436871664, 0.22455319028620055, 0.1250031078140909, 0.3267981875309919], [0.2904634673867383, 0.3175746956433087, 0.09972795216392542, 0.2922338848060277], [0.19615012235670234, 0.22672267703686594, 0.14675856332156387, 0.4303686372848678], [0.33317177291610955, 0.273630712182785, 0.14680568721396411, 0.2463918276871412], [0.13502231770222706, 0.15915809843453538, 0.45224804318672485, 0.25357154067651255], [0.39593250185297646, 0.21403109676191157, 0.2041026102046808, 0.18593379118043135], [0.5515982183098778, 0.11699483904870867, 0.192133048775434, 0.13927389386597958], [0.3121153925994087, 0.2611264548208858, 0.20953603645203223, 0.21722211612767325], [0.2641308230297461, 0.2956040106441634, 0.13224686002134095, 0.3080183063047496], [0.3163406584472509, 0.3373967973469216, 0.12634539248091647, 0.2199171517249111], [0.13290234647299962, 0.1814317999412734, 0.4940016041045206, 0.19166424948120658], [0.3434239078984409, 0.2490022598623166, 0.07853314087872894, 0.32904069136051356], [0.2605706079593349, 0.33976802986686383, 0.19172923213622445, 0.2079321300375769], [0.17309256582839744, 0.3253816008265331, 0.15828926776571256, 0.3432365655793567], [0.10432789903083078, 0.25627741461622766, 0.36788686840393386, 0.2715078179490077], [0.234898054223117, 0.1609670501092824, 0.33517275578482775, 0.2689621398827732], [0.192127464477006, 0.22129893138133197, 0.24511078753072033, 0.34146281661094174], [0.28210404687413043, 0.20061664233362744, 0.08642153865514232, 0.43085777213709986], [0.2674702136006628, 0.25812884113768025, 0.17014526539575606, 0.30425567986590096], [0.2716876644550008, 0.12806091854831847, 0.1143386087649015, 0.4859128082317794], [0.3575967391629996, 0.20980953116861892, 0.21739946639808796, 0.21519426327029365], [0.37172392462868664, 0.17520378667910486, 0.18351943947934787, 0.2695528492128607], [0.2602580880908784, 0.3154229689834292, 0.15466961153783318, 0.2696493313878593], [0.16811508196626762, 0.2998844597101877, 0.30334281907310323, 0.22865763925044144], [0.24124148110058954, 0.23551586276724726, 0.15227062843060873, 0.3709720277015545], [0.2567834223705923, 0.27372765765099605, 0.30425632353091314, 0.1652325964474985], [0.5755040655411445, 0.1785991976741652, 0.10809910747837005, 0.13779762930632017], [0.18199382422962185, 0.1549755137982101, 0.27759712169100137, 0.38543354028116666], [0.28074077476002524, 0.2609153495450354, 0.13390603677170038, 0.3244378389232389], [0.14698849519907406, 0.27337097834222324, 0.22253937400395765, 0.357101152454745], [0.15303630326672335, 0.40395684869880966, 0.14343756227119633, 0.2995692857632707], [0.2661853963704919, 0.23149153690866284, 0.17629115450555907, 0.3260319122152864], [0.27526174640971945, 0.1680838992117042, 0.07728913667652952, 0.47936521770204693], [0.1267502148338655, 0.16842618046254185, 0.10330308380321085, 0.6015205209003818], [0.2671109791195271, 0.2614694605928232, 0.3146979556569346, 0.1567216046307152], [0.15320209331924417, 0.2158006256559111, 0.48158120533720844, 0.1494160756876363], [0.361941021937611, 0.3263124684111562, 0.10161659727362504, 0.21012991237760775], [0.2907712199509231, 0.2878172818889024, 0.20337784707552367, 0.21803365108465098], [0.17035284497252695, 0.2547032598953265, 0.13068721861855334, 0.44425667651359324], [0.1864415861990715, 0.3352110186426255, 0.13707851892454173, 0.3412688762337614], [0.2559193053555994, 0.2231220415028309, 0.15254532791496503, 0.3684133252266047], [0.11301973649116184, 0.37133609273447754, 0.3695481157610321, 0.1460960550133286], [0.3004136430594482, 0.2763794088627714, 0.17903708247057315, 0.24416986560720755], [0.211188455573368, 0.36028749292057305, 0.1613944881067853, 0.26712956339927363], [0.13746501071129574, 0.18426736110246222, 0.40480316580469056, 0.27346446238155153], [0.2341379318121627, 0.31381495523420067, 0.230506142350073, 0.22154097060356365], [0.2873529086204669, 0.25127426293285016, 0.17606429402736576, 0.2853085344193172], [0.3733520080249507, 0.1922386311699294, 0.08456375412782823, 0.3498456066772918], [0.2723147957479058, 0.4015173148388792, 0.09539432791462293, 0.2307735614985922], [0.2266425293160083, 0.33002307608784776, 0.25673624599677886, 0.18659814859936533], [0.16277049735804627, 0.3831765493137193, 0.2700256001010731, 0.1840273532271615], [0.1324492730511631, 0.1981304190774147, 0.15563433686763156, 0.5137859710037906], [0.18745546504691085, 0.4116767028716478, 0.1589601300470781, 0.24190770203436351], [0.21029791971227602, 0.222235709875592, 0.28984023621199123, 0.27762613420014076], [0.25419875860314034, 0.39211196173427154, 0.11775246207220347, 0.23593681759038487], [0.28578511091956016, 0.1884677029025989, 0.11090133841363511, 0.41484584776420586], [0.19723559848097, 0.41037661351045435, 0.19721066122935083, 0.19517712677922489], [0.16925704790905904, 0.15549823547259028, 0.317155300339955, 0.3580894162783956], [0.14799374012900948, 0.31381199511749547, 0.1397268478467806, 0.39846741690671433], [0.0933235094882514, 0.09944759687260975, 0.24251892069204162, 0.5647099729470975], [0.3502919729548721, 0.18105393845867737, 0.13271326598866542, 0.33594082259778496], [0.1185976367910282, 0.40357579451179965, 0.07937629211466789, 0.3984502765825043], [0.19829920982288343, 0.3276470248815237, 0.18564019638886906, 0.2884135689067239], [0.25466168483698476, 0.2218265901879619, 0.2906442130146611, 0.2328675119603925], [0.27416493104587325, 0.23956364125911372, 0.2341814436357735, 0.25208998405923966], [0.34203867679151295, 0.260012942362752, 0.13477986102339398, 0.263168519822341], [0.3294773192544513, 0.2893480796020431, 0.1330687629413405, 0.2481058382021651], [0.5885017402478668, 0.17472437450654382, 0.07802628647059406, 0.1587475987749952], [0.10808416985852555, 0.2257248585476987, 0.40260073929395124, 0.26359023229982464], [0.30018841499587917, 0.2633316743049017, 0.17377843646130414, 0.262701474237915], [0.1623718107370396, 0.4378417070114614, 0.19342994980476114, 0.20635653244673788], [0.5195706803382664, 0.1788911210217785, 0.11888179057048841, 0.18265640806946684], [0.09598724287187915, 0.35471778931778, 0.09577842215132513, 0.45351654565901584], [0.7128144511198848, 0.12442676668804327, 0.055986818483155565, 0.10677196370891626], [0.1983102794710282, 0.37400540433654983, 0.162111813959779, 0.26557250223264306], [0.4334809299102589, 0.12762735986744161, 0.0701928312085618, 0.36869887901373777], [0.16725104702461127, 0.2519153744941415, 0.146580699985469, 0.43425287849577837], [0.3427996617220334, 0.36047920222482194, 0.12087063658984379, 0.1758504994633009], [0.5182705952757779, 0.17172388439992078, 0.09707545442261596, 0.2129300659016854], [0.186476364931278, 0.199852949465322, 0.408120979937143, 0.2055497056662569], [0.14357771596761945, 0.2698316593537578, 0.13933467021124146, 0.4472559544673812], [0.13478276915541637, 0.29971821166367096, 0.13066236385055605, 0.4348366553303565], [0.0948461250887571, 0.17844812534772803, 0.2999813834189636, 0.42672436614455134], [0.30491520186210574, 0.2626169105706532, 0.1509202268271156, 0.28154766074012544], [0.2425389087017156, 0.3250052453215805, 0.12116114495879174, 0.311294701017912], [0.273089554627867, 0.3021849298883194, 0.16211342501603557, 0.26261209046777817], [0.21275544915287417, 0.5661738006662519, 0.09091894241648601, 0.130151807764388], [0.1413576138510351, 0.4474366997106953, 0.09245606454439623, 0.31874962189387346], [0.13650687467741976, 0.29995137873550515, 0.0859683195010305, 0.4775734270860446], [0.22756013217740148, 0.388729781871413, 0.19715599905962314, 0.18655408689156242], [0.08367902631314028, 0.16858722146739255, 0.3793342543597376, 0.3683994978597297], [0.29061059216528773, 0.24367071074101318, 0.1206250408720219, 0.34509365622167715], [0.20253733095224524, 0.3153209057017401, 0.21416138506481483, 0.26798037828119997], [0.17099412542654008, 0.5050610697927362, 0.10521501083948762, 0.21872979394123612], [0.2323392101752795, 0.2491472110579932, 0.28466439748175887, 0.23384918128496857], [0.16045273123628623, 0.22425994808916205, 0.08109550224895982, 0.5341918184255917], [0.18512877529626023, 0.28899651299495027, 0.1528733224484521, 0.3730013892603375], [0.07861053580214754, 0.16286960972643214, 0.4203500495824843, 0.33816980488893605], [0.23348845792613163, 0.32912183214141577, 0.11581924655845338, 0.3215704633739992], [0.21200042992264692, 0.3218884452037347, 0.1976559308061889, 0.2684551940674296], [0.5037948084414878, 0.18359602014360707, 0.0833730543616964, 0.2292361170532088], [0.2260637278870892, 0.3909139811181265, 0.21275049251492634, 0.17027179847985807], [0.1321013691106178, 0.48581252996648805, 0.08852180238862675, 0.2935642985342675], [0.13370444026441783, 0.20509806803108843, 0.3493277074867309, 0.3118697842177628], [0.1251490988905392, 0.2412738071776314, 0.2743265685279732, 0.3592505254038564], [0.4136028626741142, 0.25683655728869664, 0.1274789359076669, 0.2020816441295223], [0.27257639355586405, 0.3414150868708773, 0.15455202342647126, 0.23145649614678734], [0.13429866581000208, 0.4914508173614686, 0.1220163601020231, 0.25223415672650634], [0.13940267175826285, 0.3152871871165856, 0.10816545450384046, 0.43714468662131095], [0.29154326496577787, 0.22292872287375473, 0.23780744386783972, 0.24772056829262756], [0.2438385988421612, 0.21401816704384133, 0.28069763910915535, 0.2614455950048422], [0.13823338046823844, 0.5864706849947677, 0.09706557803329345, 0.17823035650370045], [0.27347735458203715, 0.23209784185974539, 0.15491928944618275, 0.3395055141120348], [0.3753663340025356, 0.2777210971576197, 0.15643354140600296, 0.1904790274338416], [0.22390059894406966, 0.21834854968249157, 0.12410796852217504, 0.4336428828512636], [0.18538562178538, 0.38679438124391186, 0.08332541568296446, 0.3444945812877438], [0.30877691061423773, 0.29671056166924, 0.1731340415585389, 0.22137848615798336], [0.2577315674751801, 0.28127908873263385, 0.20928391995661033, 0.2517054238355757], [0.2153624607798556, 0.35300155512393716, 0.11434722223461326, 0.31728876186159405], [0.28290434782497964, 0.37262635715661885, 0.12235675098162038, 0.22211254403678127]]}, "rewritten": {"ids": ["97107950", "97109080", "97112290", "97112830", "98106111", "98106560", "98107340", "98107380", "98108370", "98108410", "98108520", "98111670", "98112300", "98116940", "98120530", "99107630", "99109311", "99109740", "99111930", "99112641", "99113260", "99117740", "100108580", "100109801", "100109890", "100111270", "100116500", "101109370", "101110200", "101111990", "101112201", "101114020", "101121640", "102109010", "102110240", "102112030", "102112250", "103111170", "103117200", "103117461", "103120290", "104109311", "104111550", "104111780", "104111990", "104112470", "104113000", "104114230", "104114320", "104114410", "105112240", "105113170", "105113190", "105115900", "105117431", "106116441", "106117650", "106118820", "106119990", "106121190", "107113200", "107113360", "107114621", "107116980", "107118820", "107119130", "108113760", "108114040", "108114670", "108115070", "108115500", "108117360", "108117451", "108118060", "108118291", "108118301", "108118520", "108120280", "108121351", "109114030", "109114651", "109115220", "109116441", "109116930", "109117080", "109117600", "109118161", "109119010", "109119450", "109119460", "109121410", "110114610", "110114920", "110114950", "110115980", "110116501", "110117110", "110118161", "110118630", "110118701", "110121170", "110121500", "111114171", "111115400", "111115780", "111116090", "111116110", "111116990", "111117000", "111117200", "111119150", "111119950", "111120540", "111120591", "111121190", "111121220", "112116401", "112116451", "112116501", "112116850", "112116880", "112117461", "112117660", "112118421", "112118511", "112118550", "112118620", "112118860", "112118890", "112119580", "112121410", "113118620", "113119340", "113119930", "113119950", "113120780", "113120830", "113121010", "113121410", "113122160", "113122170", "113122650"], "labels": [2, 2, 1, 2, 0, 1, 0, 1, 1, 1, 2, 1, 2, 2, 1, 2, 1, 3, 1, 1, 0, 2, 0, 0, 3, 2, 2, 1, 2, 2, 0, 3, 2, 1, 3, 2, 0, 2, 0, 0, 2, 3, 1, 3, 2, 1, 1, 2, 2, 1, 1, 0, 3, 3, 1, 0, 1, 3, 0, 2, 0, 0, 0, 3, 3, 1, 1, 0, 3, 1, 3, 1, 2, 1, 3, 1, 0, 3, 3, 1, 3, 3, 3, 0, 1, 1, 0, 3, 3, 1, 0, 1, 3, 0, 1, 3, 0, 0, 1, 3, 2, 3, 3, 0, 1, 3, 3, 0, 0, 0, 3, 0, 1, 1, 1, 3, 0, 0, 3, 0, 0, 0, 0, 3, 1, 3, 3, 3, 3, 3, 0, 3, 0, 1, 0, 0, 3, 2, 0, 3, 1, 2], "predicted_labels": [3, 1, 1, 3, 0, 1, 0, 0, 1, 1, 1, 2, 0, 3, 0, 3, 2, 2, 1, 0, 1, 1, 3, 3, 3, 3, 2, 3, 3, 1, 1, 3, 3, 2, 3, 3, 1, 2, 0, 1, 1, 0, 3, 3, 3, 2, 3, 2, 1, 3, 3, 3, 0, 1, 3, 1, 0, 3, 1, 3, 1, 0, 3, 3, 3, 1, 3, 3, 3, 3, 0, 3, 0, 3, 3, 0, 3, 0, 3, 3, 3, 3, 0, 1, 3, 1, 1, 3, 3, 1, 3, 3, 1, 3, 2, 0, 3, 3, 2, 3, 3, 1, 3, 3, 3, 3, 1, 3, 1, 3, 1, 1, 2, 0, 1, 3, 3, 3, 1, 3, 3, 3, 3, 3, 3, 3, 2, 2, 1, 3, 3, 0, 0, 0, 3, 1, 3, 3, 3, 1, 3, 0], "confidence_scores": [[0.23853684031573674, 0.234022045587649, 0.11522589571275922, 0.4122152183838551], [0.10121229870979229, 0.3879637759428934, 0.12854837854306375, 0.3822755468042506], [0.2312104128467064, 0.3126104210693792, 0.16946548538220566, 0.28671368070170894], [0.2229738093621954, 0.22660100449817414, 0.15050399014085356, 0.39992119599877696], [0.3195068884179616, 0.21221954426403858, 0.1910599954336257, 0.2772135718843741], [0.19034034610914183, 0.3301079163016622, 0.1920566565160956, 0.2874950810731004], [0.610369837740653, 0.11697176922117924, 0.13716459512041748, 0.1354937979177503], [0.4252478072437215, 0.2970073915946311, 0.10047136455463815, 0.17727343660700928], [0.10153173057157275, 0.44568982004329444, 0.152357064879323, 0.3004213845058097], [0.1653226273594998, 0.4238231857459074, 0.12430662964578654, 0.2865475572488062], [0.27462561056074447, 0.3495274410459016, 0.16220404590849935, 0.21364290248485462], [0.10632902363072005, 0.1919756547575989, 0.3676299054935052, 0.3340654161181761], [0.3514149734417213, 0.1725227677325254, 0.16542648646584746, 0.31063577235990575], [0.0554887976752605, 0.2753691211493017, 0.10507251083545681, 0.5640695703399811], [0.33716299710918096, 0.0923219757078289, 0.31463101077709127, 0.255884016405899], [0.22672562198542562, 0.23344858550483238, 0.13849903760135604, 0.4013267549083858], [0.1278704749664823, 0.13242060802878763, 0.3856032456349578, 0.3541056713697722], [0.14110697493802943, 0.32471167739591394, 0.35859106016419284, 0.17559028750186384], [0.17013516493138198, 0.3582936521025446, 0.14371088132304408, 0.32786030164302943], [0.4137411823264932, 0.18578145603268703, 0.21716160342679341, 0.1833157582140263], [0.2300853121471185, 0.2700782345460212, 0.2558099249468294, 0.24402652836003091], [0.25999345110230476, 0.32451588023177586, 0.10101228615408402, 0.31447838251183535], [0.23724282463425406, 0.19698629761506214, 0.1598202474885334, 0.40595063026215034], [0.15106497341923744, 0.2257818599254573, 0.05900292761934728, 0.564150239035958], [0.13244273726518196, 0.24975343053549384, 0.1566067841687047, 0.4611970480306195], [0.19416208883806604, 0.2237969837643254, 0.2625075345768401, 0.31953339282076837], [0.14305053658149963, 0.17159611530896454, 0.5355700123459107, 0.1497833357636251], [0.10663829600035675, 0.18642494884004426, 0.1875034215470703, 0.5194333336125287], [0.1592695016841141, 0.2444587880603053, 0.11039014839301083, 0.48588156186256987], [0.16054939465256413, 0.3605523253926139, 0.2504664510716353, 0.22843182888318694], [0.1942907573423501, 0.5521625627083477, 0.09243715405400539, 0.16110952589529698], [0.20262423425836174, 0.12858201966809024, 0.17226981810774572, 0.49652392796580225], [0.18642474362721234, 0.2984184294885032, 0.20530533998516765, 0.3098514868991169], [0.25864815049538936, 0.1686757319945956, 0.4092838106318591, 0.16339230687815615], [0.20536065759734368, 0.2830430324421439, 0.15793735191463856, 0.35365895804587394], [0.16220844199508208, 0.30633973829451655, 0.17964688439212018, 0.3518049353182813], [0.2116291112530912, 0.31650117744585443, 0.16596921684551363, 0.3059004944555408], [0.12468223782017054, 0.1588363602028997, 0.5826660201295416, 0.13381538184738817], [0.4863352310865938, 0.24742712666863176, 0.092518595571249, 0.17371904667352567], [0.23366986934577452, 0.35861815386287027, 0.09832617190139245, 0.3093858048899627], [0.15440361672017802, 0.3593936007308188, 0.17845057952076876, 0.30775220302823436], [0.32520202723648334, 0.2700321312608478, 0.10219561401876655, 0.3025702274839024], [0.1882082531717087, 0.25117577808190605, 0.23091668662878034, 0.32969928211760513], [0.21841324482969335, 0.2590087907604292, 0.1770010827903144, 0.34557688161956296], [0.21834344436861589, 0.19667859101396493, 0.09150215107688146, 0.4934758135405379], [0.1772689845883809, 0.19997048737559023, 0.33658193926859026, 0.2861785887674388], [0.2214709072159283, 0.2212705334523362, 0.25509663815926537, 0.3021619211724702], [0.08199194705045579, 0.10251484448725173, 0.5267921993785323, 0.28870100908376023], [0.15601932963169693, 0.3557242255134483, 0.23484272175204507, 0.2534137231028097], [0.09531753622749989, 0.19351800754202483, 0.1234864035649811, 0.587678052665494], [0.15011820507910348, 0.3124112338425898, 0.10819078606933856, 0.42927977500896813], [0.293705316969133, 0.18521598105191925, 0.1347480308404789, 0.3863306711384688], [0.5710229619853224, 0.09123361790721617, 0.07951751392317244, 0.2582259061842889], [0.2772354485683515, 0.3406766772366824, 0.2202855325810926, 0.16180234161387372], [0.15148316781858182, 0.27656852615079874, 0.16177263839015735, 0.41017566764046204], [0.27130186106650384, 0.31027315018007223, 0.1438340205169043, 0.2745909682365197], [0.49526907623226096, 0.17991705398843585, 0.12160149701500432, 0.20321237276429907], [0.21623653314986443, 0.22758195866135253, 0.15955855887107817, 0.3966229493177048], [0.3360766505097735, 0.3592397646418102, 0.09636384599520788, 0.2083197388532086], [0.10272030986578616, 0.23805747702711538, 0.24379745456393964, 0.41542475854315897], [0.24143019802957152, 0.3502937649657004, 0.13155331634312567, 0.2767227206616024], [0.26586029823685375, 0.2596242033137197, 0.2508036311960506, 0.2237118672533759], [0.20244154829701855, 0.2816625331515656, 0.17787668543031157, 0.3380192331211042], [0.18236058652060055, 0.2701768398038584, 0.06375909426922806, 0.483703479406313], [0.15347815333279813, 0.1946987606799047, 0.14546994040423752, 0.5063531455830597], [0.17108482008822432, 0.4321599056207665, 0.1263100085539137, 0.27044526573709565], [0.27312249460874477, 0.2562741399238656, 0.1310206033384746, 0.3395827621289151], [0.2546451367712185, 0.18782213195834008, 0.12795046079353586, 0.4295822704769056], [0.13983653487459471, 0.2296377237658744, 0.20564914981985644, 0.4248765915396746], [0.1841759586223898, 0.297500349487838, 0.19994763453302655, 0.31837605735674573], [0.32280782636089367, 0.29135039568566323, 0.13631121036784646, 0.24953056758559675], [0.09895062404189112, 0.23551397880231784, 0.31754883922420657, 0.34798655793158445], [0.3357312011181412, 0.27318903803512995, 0.1559624158374038, 0.2351173450093252], [0.32014956858644306, 0.25950550492054736, 0.08244082731421927, 0.33790409917879044], [0.20446969299195597, 0.1998458721545914, 0.08479852921908644, 0.5108859056343663], [0.3933760309960812, 0.21998352499058843, 0.12094629371934877, 0.2656941502939816], [0.2169654723177457, 0.2852800777513328, 0.19210566556515082, 0.30564878436577064], [0.6466498384705114, 0.11543740467370209, 0.0907760776607967, 0.14713667919498977], [0.16119069568971398, 0.16138111493394025, 0.3061040768832512, 0.3713241124930946], [0.12796577206357473, 0.1920017405684376, 0.21028620088756586, 0.46974628648042166], [0.12622633932211644, 0.21469258384830414, 0.0545751011443119, 0.6045059756852675], [0.1512779405872873, 0.1511047091306802, 0.2615505188119542, 0.4360668314700783], [0.44602936194487663, 0.14725238389019324, 0.10766356046252694, 0.2990546937024031], [0.23065110925787807, 0.3984893877948963, 0.12238503341793983, 0.24847446952928598], [0.09981041234046463, 0.29985158820756785, 0.12886508868856864, 0.4714729107633989], [0.2807248219129296, 0.41776622562092885, 0.0756472295928851, 0.22586172287325648], [0.3131220731897739, 0.3536602897172771, 0.1317084873550583, 0.20150914973789077], [0.18526382298566527, 0.26597944276670554, 0.2071717533492014, 0.3415849808984278], [0.13083276105980746, 0.24518103735978725, 0.13735658595675992, 0.48662961562364565], [0.18610281029892672, 0.3729544630862397, 0.19900046273088742, 0.2419422638839462], [0.14409401771472433, 0.2830646589156544, 0.04659334368284607, 0.5262479796867752], [0.15667364558423877, 0.2832050187389161, 0.23030094542515545, 0.3298203902516898], [0.22025394416461339, 0.35433053479583493, 0.13881550915747923, 0.2866000118820725], [0.17065390188287552, 0.28074360539834015, 0.08544871000167895, 0.4631537827171055], [0.1760206092055055, 0.2106868409812541, 0.30773710884326605, 0.3055554409699744], [0.426548937018026, 0.17393382829447013, 0.17417161550362067, 0.2253456191838833], [0.11336597709546498, 0.20180940813184037, 0.32909144621472736, 0.3557331685579672], [0.15013744250765837, 0.2676716122347644, 0.07216136597172325, 0.510029579285854], [0.26205937538663326, 0.21669854069829056, 0.38063469152210144, 0.1406073923929747], [0.10220747131115222, 0.3445387017301772, 0.20423876789584836, 0.3490150590628221], [0.15317974181028085, 0.22872808377287207, 0.14580097306511547, 0.4722912013517316], [0.20256046499123664, 0.5352087685878114, 0.11599022977018061, 0.1462405366507712], [0.25815660231814735, 0.20195258495337914, 0.07308194950486747, 0.466808863223606], [0.08203292952165134, 0.11863542634495723, 0.17217171513084875, 0.6271599290025426], [0.11590701197986028, 0.15251784409056268, 0.2777733224564453, 0.4538018214731318], [0.11703669728549743, 0.2558855806300704, 0.14039652783183879, 0.48668119425259343], [0.203765635470974, 0.3440142162304303, 0.1387045638938076, 0.3135155844047881], [0.08704725182854316, 0.24533611210223347, 0.07032731008159085, 0.5972893259876325], [0.230681261337188, 0.3933160019079868, 0.15856879184321443, 0.21743394491161092], [0.3060096157927025, 0.23061695618314512, 0.1513503507987361, 0.31202307722541617], [0.2584164288043872, 0.27530560017920114, 0.20584632126060864, 0.2604316497558033], [0.12342183878594672, 0.41552443258948774, 0.2250677399707032, 0.23598598865386222], [0.15632990907493946, 0.2823772969769851, 0.40258807099796573, 0.15870472295010965], [0.3249995036413616, 0.2536389554782359, 0.10708112579193182, 0.3142804150884708], [0.14008524161774966, 0.31596376583398605, 0.2476417224268183, 0.29630927012144614], [0.09291205134083513, 0.17150451212586704, 0.05983354477553606, 0.6757498917577618], [0.24925201857850326, 0.3192880706493535, 0.09409186696488402, 0.3373680438072594], [0.10696260867339115, 0.1774125424120522, 0.22234892650515134, 0.4932759224094054], [0.15637880556112435, 0.31089935507001104, 0.2545244849582818, 0.27819735441058274], [0.10225728613846297, 0.17301580785534085, 0.2957238746198769, 0.42900303138631923], [0.18452650076098254, 0.3003807657808491, 0.10642577250672873, 0.4086669609514395], [0.1915121960867264, 0.17211252124522647, 0.14056132257825302, 0.495813960089794], [0.1566182306736706, 0.19522097648500666, 0.1806210968478853, 0.46753969599343737], [0.28155893482309735, 0.19186577462445253, 0.08356556027369065, 0.4430097302787595], [0.11405911320269244, 0.3367473894059924, 0.11325185581711338, 0.4359416415742017], [0.18272107980792326, 0.24934006570137413, 0.16561280048083238, 0.4023260540098703], [0.1776852147421738, 0.207862002822903, 0.31244083377426524, 0.30201194866065795], [0.07834438439884829, 0.2609756564373498, 0.5344068309676017, 0.1262731281962001], [0.15566585590701718, 0.4898127610857358, 0.19226806696171353, 0.16225331604553359], [0.20631607666512605, 0.23263086654058546, 0.16971065041155503, 0.39134240638273343], [0.1771971726513046, 0.3424683298198051, 0.12250376901338415, 0.3578307285155063], [0.4503855269260087, 0.24351102015589485, 0.08496399803248611, 0.2211394548856103], [0.35694659570294374, 0.30427949042535113, 0.0810049849187035, 0.2577689289530017], [0.45883709173019, 0.26819829335335366, 0.1004574580530649, 0.17250715686339144], [0.27539388180218766, 0.21133148129425133, 0.11869828943052521, 0.39457634747303594], [0.24873829732053587, 0.4041534633508773, 0.10321779393884505, 0.24389044538974192], [0.19002130494796673, 0.2526015402900672, 0.10909373233432634, 0.4482834224276397], [0.17911210166586994, 0.31588622691692464, 0.18015074446073007, 0.3248509269564754], [0.1585000915320408, 0.33710640298607025, 0.1137788239030908, 0.39061468157879825], [0.13157573802782724, 0.3542581458446415, 0.3445136828258854, 0.1696524333016461], [0.2620250412502572, 0.26266032966057024, 0.13897747043563125, 0.3363371586535413], [0.3483310724022855, 0.2880691956911114, 0.14348504319649108, 0.22011468871011214]]}}