{"test": {"ids": ["97107821", "104111780", "101108621", "99108310", "100111390", "113122320", "110116170", "112121030", "99110050", "102109910", "97106770", "111118301", "112116610", "102116340", "113122220", "100109000", "101108080", "103120730", "109115211", "110118740", "113122230", "98109570", "103111170", "109116810", "110120640", "110116290", "111120591", "110115140", "113119930", "108117360", "97105451", "109114651", "106119260", "110121500", "103120290", "113117340", "110117110", "110118630", "99110730", "101108370", "101112690", "109115220", "108120700", "99107500", "108120260", "100108520", "104116800", "104118340", "105116501", "97116410", "111116990", "113118490", "107120880", "105115720", "107117630", "99109141", "113118511", "109117431", "108115570", "111115400", "101111990", "106114880", "111114321", "104113240", "109116040", "105116860", "97110950", "105117431", "99109311", "111116170", "98110810", "111120280", "97105960", "112117030", "107115140", "101109370", "108121351", "99114890", "101112201", "97107920", "112116640", "112120290", "110114720", "108115250", "109114220", "104114230", "98112580", "99121440", "105115380", "103111930", "99111000", "111118910", "109119450", "112116401", "108121410", "110113591", "98121790", "99108080", "109113281", "99108330", "112116810", "109113931", "97116790", "112119980", "109119460", "97109080", "99107560", "98107340", "111116290", "97113900", "109120150", "100111080", "108114180", "99109740", "108113700", "107113180", "110118450", "109117080", "112116501", "108113480", "103111620", "111119250", "102112301", "99116500", "103113270", "113117550", "106114321", "111117480", "100109801", "97112170", "112116880", "112117660", "99109860", "112118810", "110119891", "112117471", "97116401", "105118740", "112121351", "106117790", "112118880", "101108500"], "labels": [2, 3, 0, 2, 2, 1, 0, 0, 3, 2, 3, 3, 1, 3, 1, 1, 0, 1, 0, 3, 1, 1, 2, 3, 0, 2, 1, 0, 1, 1, 0, 3, 1, 3, 2, 2, 0, 1, 3, 1, 1, 3, 2, 0, 1, 2, 1, 2, 1, 3, 0, 1, 1, 1, 0, 3, 1, 1, 3, 0, 2, 0, 1, 2, 0, 2, 3, 1, 1, 0, 1, 0, 2, 2, 0, 1, 3, 2, 0, 0, 0, 1, 3, 1, 3, 2, 2, 2, 1, 3, 2, 0, 3, 0, 0, 0, 2, 3, 0, 1, 3, 1, 2, 0, 1, 2, 1, 0, 2, 2, 2, 0, 1, 3, 0, 3, 0, 1, 3, 0, 0, 1, 1, 2, 2, 3, 2, 1, 0, 0, 0, 0, 2, 3, 3, 3, 3, 1, 0, 1, 1, 3], "predicted_labels": [0, 1, 1, 1, 2, 3, 3, 3, 1, 0, 2, 1, 2, 3, 1, 3, 1, 2, 3, 0, 2, 0, 0, 3, 0, 0, 0, 0, 1, 0, 1, 3, 3, 0, 3, 3, 1, 3, 2, 1, 3, 3, 1, 1, 3, 2, 3, 3, 3, 0, 0, 3, 3, 2, 0, 0, 1, 3, 1, 1, 3, 1, 1, 1, 3, 2, 0, 1, 1, 3, 2, 3, 2, 2, 3, 1, 1, 1, 0, 0, 1, 1, 1, 3, 0, 1, 1, 2, 2, 3, 3, 3, 3, 3, 1, 0, 0, 0, 0, 2, 2, 2, 0, 1, 3, 3, 1, 2, 3, 0, 2, 0, 3, 0, 3, 1, 1, 1, 3, 1, 1, 3, 3, 1, 2, 3, 1, 1, 3, 0, 1, 3, 1, 3, 1, 0, 1, 1, 1, 0, 0, 2], "confidence_scores": [[0.8862625414744928, 0.10924223770930985, 0.0022328716988369796, 0.0022623491173604546], [0.08035726861379304, 0.8549641193098388, 0.0004067799337429406, 0.06427183214262518], [0.3391527068369161, 0.6488951612892346, 0.0025347031978002464, 0.009417428676048964], [0.057702803057777786, 0.7980898238634492, 0.14281617495775406, 0.001391198121018968], [0.2393490449881445, 0.0925769020808177, 0.39737858205921706, 0.27069547087182083], [0.006002782273911338, 0.29756414197917713, 0.1919437172975004, 0.5044893584494111], [0.017242817539518104, 0.03303795541417186, 0.01334412012777783, 0.9363751069185323], [0.004071564852105009, 0.0013676350184701734, 0.03476468784575115, 0.9597961122836737], [0.058105200251918634, 0.5990211689779441, 0.04643847368936049, 0.2964351570807768], [0.8816232027100684, 0.00752164481053933, 0.06059913937799468, 0.05025601310139766], [0.345528924681498, 0.00825444099415285, 0.6181225382534143, 0.028094096070934896], [0.29139905531165466, 0.3678316947163196, 0.04587013056565614, 0.2948991194063695], [0.15328102518436934, 0.2519937836667744, 0.4421444085934653, 0.15258078255539106], [0.002116530172236885, 0.002852467582980167, 0.012974554648108559, 0.9820564475966743], [0.0011207773909922348, 0.9965684485068699, 6.745846423212976e-05, 0.0022433156379058155], [0.006682466098024856, 0.030707039660274472, 0.020855917427362446, 0.9417545768143382], [0.08522996424421277, 0.8680467147715278, 0.0023910614525248525, 0.04433225953173473], [0.329507264243821, 0.09189718093609128, 0.4211706000037523, 0.15742495481633542], [0.00405208824272275, 0.012300927421752338, 0.002436946733005386, 0.9812100376025196], [0.9852065403463768, 0.004055121844371947, 0.0008679598330260899, 0.009870377976225392], [0.07372174785772198, 0.056441010843062335, 0.8028374699679997, 0.06699977133121603], [0.965551283882647, 0.01831305510090232, 0.002631443575970022, 0.013504217440480673], [0.46178391812481223, 0.08806681587254084, 0.01116756452221265, 0.43898170148043414], [0.008250602386675432, 0.009541910635977705, 0.0013226465737823882, 0.9808848404035644], [0.5456215533983816, 0.005522019586434018, 0.02370593364321935, 0.4251504933719651], [0.8658713351005162, 0.013996849009069083, 0.09196507574357501, 0.028166740146839703], [0.9020552054680595, 0.0060497853169774515, 0.0026760292339734772, 0.0892189799809894], [0.632890092376627, 0.06506454013126478, 0.20063017075377793, 0.10141519673833024], [0.002121461094201943, 0.8815805985898484, 0.009067083428119349, 0.10723085688783034], [0.5713287422159338, 0.002030316171296096, 0.06555964580524147, 0.3610812958075287], [0.10599106410488195, 0.6882609668617192, 0.001129864744923901, 0.20461810428847513], [0.06101899246129713, 0.2111022026147579, 0.0028176641448484406, 0.7250611407790964], [0.0228327254671012, 0.0011769229188470693, 0.10840544150794643, 0.8675849101061053], [0.5339262891395992, 0.2780301881714746, 0.03988641794466418, 0.14815710474426205], [0.01020624858253077, 0.33021159248884546, 0.07458351145550075, 0.584998647473123], [0.019076036879464586, 0.17390880905989822, 0.0032603749156827054, 0.8037547791449544], [0.015310092912957074, 0.770924634716685, 0.029174545457709714, 0.18459072691264813], [0.055973138166701464, 0.059365808846956296, 0.03269943229881617, 0.8519616206875261], [0.00018178420405731937, 0.009563610061534824, 0.9898180899218945, 0.0004365158125134106], [0.04307737641993089, 0.8342423988589295, 0.0008317869537081955, 0.12184843776743139], [0.1624096809257174, 0.015131709467399033, 0.05437051570679591, 0.7680880939000876], [0.11562652791948298, 0.05227178182413701, 0.02086760718299645, 0.8112340830733835], [0.1429064746941835, 0.7389141138410332, 0.05177357573554747, 0.06640583572923603], [0.00294936883082526, 0.9180174164479841, 0.018808079375818743, 0.06022513534537184], [0.023013291747995233, 0.06042362327925882, 0.28185250852938, 0.634710576443366], [0.01969829797511382, 0.00023739822906282176, 0.8239958760939659, 0.15606842770185753], [0.1430979138428806, 0.017710583806308522, 0.005314617603741946, 0.833876884747069], [0.0291458044741909, 0.34806944714773497, 0.2609537715959706, 0.36183097678210346], [0.3861709757959615, 0.014312493102137315, 0.0322023631929912, 0.56731416790891], [0.7715648822303164, 0.05326449778397246, 0.08441570910915507, 0.09075491087655628], [0.9218914825220811, 0.01784911638151384, 0.00851290897725048, 0.05174649211915463], [0.001104175345498538, 0.0009566404544480418, 0.00037222676930540803, 0.997566957430748], [0.0015208833713488247, 0.018302403101544396, 0.01071745699749835, 0.9694592565296084], [0.019467924616904175, 0.3934498165387931, 0.4360242217074844, 0.15105803713681829], [0.8254030625966509, 0.04431027940095241, 0.07506347705498898, 0.05522318094740785], [0.5121556947812405, 0.1112927518344352, 0.0005283822212468628, 0.3760231711630774], [0.0019179742558307704, 0.9943499532804566, 0.002928564144240121, 0.0008035083194724863], [0.3722139551702891, 0.009233873393498283, 0.0006826049550698641, 0.6178695664811428], [0.0008542502031174189, 0.6529618716152832, 0.053780065443039635, 0.2924038127385597], [0.11810088041918841, 0.5242484524340302, 0.06903556310350191, 0.28861510404327956], [0.020726502274952773, 0.0018492896480964925, 0.4471089587332149, 0.5303152493437359], [0.01319044076540135, 0.9101290257909206, 0.07563365295877454, 0.001046880484903476], [0.25502186202641763, 0.6212851175738012, 0.005221126244485339, 0.11847189415529574], [0.015856677583898016, 0.9797211813087648, 0.002713082846643373, 0.0017090582606937856], [0.0047844495542682065, 0.1379941723578083, 0.004416844429004656, 0.8528045336589188], [0.009425614219042996, 0.10861015696883389, 0.8800051558401281, 0.0019590729719949607], [0.9735147074260823, 0.0004666012941596256, 0.024404432226806886, 0.0016142590529514133], [0.046139449316217114, 0.6242455700132737, 0.21517550831645585, 0.11443947235405325], [0.2600808097197814, 0.7273593612734974, 0.004482555227221577, 0.008077273779499601], [0.11423550040026388, 0.29692550426960496, 0.023264854071359125, 0.5655741412587719], [0.0006735421525529686, 0.14041774645374425, 0.8572203132121529, 0.0016883981815498435], [0.1291090097051204, 0.16647179749463095, 0.003110181569638282, 0.7013090112306104], [0.04177282671201251, 0.002273012072266093, 0.662415539290628, 0.2935386219250934], [0.26139098836969876, 0.0330654290679923, 0.5148060383966937, 0.19073754416561517], [0.24360838325479894, 0.023177979506546986, 0.018089138425445336, 0.7151244988132087], [0.22346541080719087, 0.5354823847300572, 0.22928091968746142, 0.011771284775290396], [0.029445130886887466, 0.58447749432345, 0.0027607813586339527, 0.38331659343102875], [0.008496235461683533, 0.6825696715879092, 0.11818939937002758, 0.19074469358037963], [0.8484195626097568, 0.12515753183104836, 0.00083029450934328, 0.025592611049851523], [0.989913034020893, 0.0009097764253445681, 0.0014343428820683599, 0.007742846671694064], [0.037652500934275066, 0.909338067969205, 0.0007931619038109814, 0.05221626919270868], [0.1722879458470085, 0.8119572979272931, 0.006108587528555942, 0.009646168697142467], [0.008527341216149429, 0.5971604141596746, 0.3141180292001037, 0.08019421542407218], [0.02122293295919456, 0.0014029065528151318, 0.14174884046119346, 0.8356253200267968], [0.5978339330156939, 0.0050184091883154385, 0.0032211414934175515, 0.39392651630257314], [0.020797476398455965, 0.9382806322560346, 0.016123975723737936, 0.024797915621771548], [0.06714097750413078, 0.40163420437409736, 0.3878274819684553, 0.14339733615331648], [0.007285810266313266, 0.025836365032084915, 0.9578215827832547, 0.009056241918347035], [0.08466556838352982, 0.030090619387966065, 0.8570817374139419, 0.028162074814562257], [0.1411061927847088, 0.10205737198742011, 0.029707242841723474, 0.7271291923861475], [0.0003420805410387488, 0.017887366685845837, 0.45380984608298974, 0.5279607066901256], [0.01521655543283115, 0.24519850874486068, 0.3514817900944666, 0.3881031457278415], [0.3072104943545887, 0.13178724729699695, 0.018823473423843762, 0.5421787849245707], [0.20266565358431204, 5.447010360623218e-05, 1.970134248428716e-05, 0.7972601749695974], [0.03960009691624879, 0.8765459519762479, 0.0004709649476445284, 0.08338298615985887], [0.6385067937065549, 0.19621265426109283, 0.0097258327989621, 0.15555471923339018], [0.568405781988877, 0.06764569525960729, 0.24257965879470292, 0.12136886395681291], [0.8615621378293724, 0.09469225250455127, 0.0047236853035332186, 0.03902192436254306], [0.6022282185199352, 0.02632332393121012, 0.21748165247920284, 0.15396680506965177], [0.05136969008100935, 0.001395434539540622, 0.4765034455319523, 0.4707314298474977], [0.16444481236164907, 0.21023859518999727, 0.3999782891735935, 0.22533830327476015], [0.015949696538651626, 0.36324119449820735, 0.591403890914495, 0.02940521804864608], [0.8144006228211624, 0.08771912636904582, 0.09504796251487664, 0.002832288294915144], [0.09239999179398199, 0.5746194043221258, 0.07776510637593304, 0.25521549750795924], [0.016111696122353834, 0.19623159080947009, 0.002466820998878219, 0.7851898920692979], [0.016355004808437084, 0.009521883901630716, 0.14244919599580405, 0.8316739152941282], [0.0027231224914080914, 0.9606315766144418, 0.03637279428564228, 0.00027250660850789045], [0.021874524057913385, 0.2772604572003113, 0.6957801485615964, 0.005084870180179031], [0.022721094969110768, 0.029836016122689293, 0.28826949875098795, 0.6591733901572121], [0.3517628608942938, 0.3467666179280744, 0.044137383374524275, 0.2573331378031077], [0.025641130506807195, 0.26524181350609916, 0.40937607588767855, 0.2997409800994152], [0.5433577442142753, 0.42064031603124574, 0.030316379176869836, 0.005685560577609146], [0.2987477107949196, 0.20440096919593567, 0.019516670266793434, 0.4773346497423514], [0.8129375743060117, 0.04373199711887587, 0.05214132850219086, 0.09118910007292172], [0.0008177330921932297, 0.014094917320417726, 0.00740942590475009, 0.977677923682639], [0.0001004322060953823, 0.9890324260650948, 0.0017448106440517092, 0.00912233108475807], [0.054983908009466044, 0.873205730482022, 0.0704870408718346, 0.0013233206366773259], [1.0063498400454407e-06, 0.9999965191081613, 1.8619356956552947e-06, 6.126063028842666e-07], [0.02786802752942199, 0.01329225747053835, 0.0034989482102584816, 0.9553407667897812], [0.3573849072022023, 0.543079757339995, 0.014686890831111757, 0.08484844462669096], [0.2611111184579465, 0.5769694867106955, 0.0006182739249550364, 0.16130112090640303], [0.07732085342917089, 0.022333374109910733, 0.07144170581615049, 0.8289040666447679], [0.3024432757320423, 0.0012918571218018093, 0.009241062335064375, 0.6870238048110915], [0.022964203580070643, 0.49023339719833875, 0.48383195099262805, 0.0029704482289624754], [0.00958350789082653, 0.11492292324308122, 0.8230814256671913, 0.05241214319890085], [0.006166235040751764, 0.0015885293120255738, 0.0022072993068328415, 0.9900379363403898], [0.34292178148474683, 0.6370301723015616, 0.010499539296507607, 0.009548506917183912], [0.13269518360934798, 0.67340720789012, 0.01655709417411998, 0.17734051432641204], [0.016471071479993375, 0.2238297423746326, 0.016831102302160596, 0.7428680838432135], [0.8523290277796447, 0.0674567326705733, 0.005895256427869463, 0.07431898312191257], [0.15064475409851175, 0.5247504469302434, 0.07364705773227359, 0.2509577412389712], [0.04467394162905372, 0.04033164615592667, 0.0004519370605222244, 0.9145424751544975], [0.018452101397580356, 0.49758088874938167, 0.4802990713409742, 0.0036679385120638635], [0.2378839957470219, 0.0980478733049306, 0.0017129762958449746, 0.6623551546522026], [0.23840821959286326, 0.5667948278675002, 0.0063760239099085216, 0.18842092862972792], [0.8711539525839225, 0.03307948157997191, 0.024694214946789528, 0.07107235088931606], [0.012453308425682796, 0.9842974855837323, 0.003205610905729366, 4.359508485558834e-05], [0.02763544943318867, 0.4258672060174383, 0.25451332518427566, 0.2919840193650973], [0.16014805981141045, 0.8207961326516855, 0.008246353516860188, 0.01080945402004375], [0.9689263915211852, 0.01750341304338887, 0.004271690898550609, 0.009298504536875321], [0.8758866112088572, 0.012929031058716657, 0.016270088168407314, 0.09491426956401883], [0.03983202471583954, 0.010702910069950833, 0.7641555062430062, 0.18530955897120338]]}, "rewritten": {"ids": ["97105451", "97105960", "97106770", "97107821", "97107920", "97109080", "97110950", "97112170", "97113900", "97116401", "97116410", "97116790", "98107340", "98109570", "98110810", "98112580", "98121790", "99107500", "99107560", "99108080", "99108310", "99108330", "99109141", "99109311", "99109740", "99109860", "99110050", "99110730", "99111000", "99114890", "99116500", "99121440", "100108520", "100109000", "100109801", "100111080", "100111390", "101108080", "101108370", "101108500", "101108621", "101109370", "101111990", "101112201", "101112690", "102109910", "102112301", "102116340", "103111170", "103111620", "103111930", "103113270", "103120290", "103120730", "104111780", "104113240", "104114230", "104116800", "104118340", "105115380", "105115720", "105116501", "105116860", "105117431", "105118740", "106114321", "106114880", "106117790", "106119260", "107113180", "107115140", "107117630", "107120880", "108113480", "108113700", "108114180", "108115250", "108115570", "108117360", "108120260", "108120700", "108121351", "108121410", "109113281", "109113931", "109114220", "109114651", "109115211", "109115220", "109116040", "109116810", "109117080", "109117431", "109119450", "109119460", "109120150", "110113591", "110114720", "110115140", "110116170", "110116290", "110117110", "110118450", "110118630", "110118740", "110119891", "110120640", "110121500", "111114321", "111115400", "111116170", "111116290", "111116990", "111117480", "111118301", "111118910", "111119250", "111120280", "111120591", "112116401", "112116501", "112116610", "112116640", "112116810", "112116880", "112117030", "112117471", "112117660", "112118810", "112118880", "112119980", "112120290", "112121030", "112121351", "113117340", "113117550", "113118490", "113118511", "113119930", "113122220", "113122230", "113122320"], "labels": [0, 2, 3, 2, 0, 2, 3, 0, 2, 3, 3, 2, 0, 1, 1, 2, 2, 0, 1, 3, 2, 1, 3, 1, 3, 2, 3, 3, 2, 2, 2, 2, 2, 1, 0, 0, 2, 0, 1, 3, 0, 1, 2, 0, 1, 2, 1, 3, 2, 0, 3, 2, 2, 1, 3, 2, 2, 1, 2, 1, 1, 1, 2, 1, 1, 2, 0, 1, 1, 3, 0, 0, 1, 0, 0, 1, 1, 3, 1, 1, 2, 3, 0, 0, 1, 3, 3, 0, 3, 0, 3, 1, 1, 3, 1, 2, 0, 3, 0, 0, 2, 0, 0, 1, 3, 3, 0, 3, 1, 0, 0, 2, 0, 1, 3, 0, 1, 0, 1, 0, 3, 1, 0, 3, 0, 2, 3, 0, 3, 1, 0, 1, 0, 0, 2, 3, 1, 1, 1, 1, 1, 1], "predicted_labels": [0, 2, 2, 1, 0, 3, 0, 1, 1, 3, 0, 1, 1, 3, 2, 1, 0, 3, 1, 0, 1, 1, 3, 0, 1, 1, 1, 2, 2, 1, 2, 1, 3, 3, 0, 1, 1, 0, 0, 0, 0, 1, 2, 0, 1, 0, 2, 2, 3, 3, 2, 3, 1, 3, 1, 1, 1, 1, 3, 2, 2, 3, 1, 1, 3, 0, 1, 1, 3, 1, 3, 0, 3, 2, 3, 1, 2, 1, 2, 1, 1, 3, 1, 0, 2, 0, 3, 0, 3, 3, 3, 1, 3, 2, 0, 3, 1, 2, 0, 3, 3, 2, 1, 3, 0, 3, 3, 3, 1, 0, 0, 0, 0, 3, 1, 2, 3, 3, 0, 0, 3, 3, 1, 3, 3, 3, 0, 1, 1, 3, 1, 1, 3, 2, 3, 3, 3, 0, 1, 1, 2, 1], "confidence_scores": [[0.6459558120555065, 0.0003018296862027587, 0.0004580682395937037, 0.3532842900186969], [0.06378589662987612, 0.012404925853583975, 0.9181531000584685, 0.005656077458071337], [0.06272173385272373, 0.021046279719612513, 0.9039059946906305, 0.012325991737033179], [0.12490277857226004, 0.8298346009066413, 0.008718667188380016, 0.036543953332718676], [0.6726716441607438, 0.002504354789018646, 0.00297576122055014, 0.32184823982968763], [0.020843754227609458, 0.08529992897669268, 0.03365576942553807, 0.8602005473701597], [0.9909632444922822, 0.0008006304861241515, 0.00673372923121213, 0.0015023957903815706], [0.00988360245369345, 0.9857675966076026, 0.002567621348370522, 0.0017811795903333776], [0.01865600203879644, 0.940067251507177, 0.03010435786999797, 0.011172388584028768], [0.07346756825359484, 0.19956985500283075, 0.1895339611640947, 0.5374286155794797], [0.9291263035731168, 0.013942017328885245, 0.04413992735042015, 0.012791751747577995], [0.043255551368546905, 0.7722336371018061, 0.17644310837528202, 0.008067703154365011], [0.030206329715600794, 0.5537039574965992, 0.4149955021853888, 0.0010942106024111925], [0.06521340941078041, 0.014369766541127794, 0.0017120017762113973, 0.9187048222718804], [0.0019405026177574387, 0.009405243999605952, 0.9874200667090652, 0.0012341866735713725], [0.0713972825979775, 0.5854569306251465, 0.11581627245475591, 0.2273295143221202], [0.6922188599022094, 0.2782891264889771, 0.023757524668613313, 0.0057344889402001255], [0.0012101170049101143, 0.25968060954158356, 0.02629367820009222, 0.7128155952534141], [0.08779085162258507, 0.9066881210772342, 0.004561278246945565, 0.0009597490532350644], [0.81667525330401, 0.004407992244359926, 0.03723343099255015, 0.1416833234590799], [0.17304674467571282, 0.8142333260120207, 0.012676215065333053, 4.371424693359712e-05], [9.640415460455764e-05, 0.8149608179940778, 0.003361782912852741, 0.1815809949384649], [0.20637146923966349, 0.0004972552407084723, 0.00019787756600521774, 0.7929333979536227], [0.39869005424718706, 0.23729581317424406, 0.008197266101964203, 0.3558168664766046], [0.011078080879214264, 0.5391330946282524, 0.0017917121967480404, 0.44799711229578515], [0.024986403976139427, 0.7979541481855537, 0.16290301154395334, 0.014156436294353602], [0.019077839616200028, 0.9376833367181304, 0.028688450652946482, 0.014550373012723269], [0.00023351034610285967, 0.017367247753897995, 0.980895541048314, 0.001503700851685147], [0.0010396843477270916, 0.08155853001201231, 0.784646416421551, 0.13275536921870973], [0.02049356604450494, 0.6492704249257906, 0.2622389736455798, 0.06799703538412469], [0.12039173149846437, 0.19746816066632245, 0.680533745579363, 0.0016063622558501645], [0.2511687357628288, 0.4942765126445615, 0.21347025802792238, 0.04108449356468741], [0.022301275295283217, 0.002393517641057969, 0.2580554936931457, 0.7172497133705131], [0.08988754018265975, 0.004033635002221525, 0.10330185543250937, 0.8027769693826093], [0.7748481685073482, 0.13994696251918437, 0.019501113713829833, 0.06570375525963748], [0.20887061148057753, 0.7575702323480391, 0.02028183050021438, 0.013277325671168972], [0.19875146127708332, 0.36267253283430617, 0.25603005088393466, 0.18254595500467588], [0.6972512118618354, 0.25727066571561513, 0.01917457020826956, 0.026303552214279994], [0.8672234131821033, 0.09856253073857442, 0.0004939130937015939, 0.03372014298562073], [0.8830672151338883, 0.011485990740340814, 0.10319661357303056, 0.0022501805527401853], [0.5225638716667305, 0.4754776183771802, 3.531975826839478e-05, 0.001923190197820964], [0.006425800169746021, 0.5044297559564879, 0.4875092321733836, 0.0016352117003824362], [0.003628185641592705, 0.0225704534040434, 0.9142090356772239, 0.059592325277139875], [0.8726535517182854, 0.07204987356855595, 0.003823023432357623, 0.05147355128080102], [0.0030221324299656797, 0.4172278088410937, 0.18035605985100456, 0.39939399887793603], [0.74942905979168, 0.013737639749289883, 0.009647711535756665, 0.22718558892327348], [0.47134132370191917, 0.016751916896030315, 0.500693682579266, 0.01121307682278448], [0.007243387131278372, 0.22195022520460875, 0.7059001766415394, 0.06490621102257348], [0.29190692753409647, 0.028926198668471414, 0.0237963197162641, 0.655370554081168], [0.0663971590921436, 0.21064538668433402, 0.21114183047466062, 0.5118156237488618], [0.1631674435204736, 0.3280007875562572, 0.4154972277656377, 0.09333454115763157], [0.0988531163170937, 0.10614366816229089, 0.0828250179959449, 0.7121781975246706], [0.005765725745398527, 0.8441247671585688, 0.1167485741898735, 0.03336093290615926], [0.015725938202244275, 0.061091043579632374, 0.4576515641472568, 0.4655314540708665], [0.2531801288657913, 0.6440542329283432, 0.026660515640551843, 0.07610512256531378], [0.011108661346551424, 0.895759061767636, 0.09200975725702833, 0.001122519628784415], [0.0019015381379993426, 0.9444631495930624, 0.006251947398583277, 0.047383364870354876], [0.004683833692634431, 0.8999206288416695, 0.06414002399850696, 0.03125551346718899], [0.00629928502666573, 0.03416593381907083, 0.4677711461430822, 0.4917636350111813], [0.004964801080185806, 0.00047386237042755953, 0.9831604334538424, 0.01140090309554406], [0.04257039242964729, 0.012886812911853254, 0.6041868452491477, 0.3403559494093518], [0.039321894509181256, 0.0006292970666475591, 0.0001237325381878839, 0.9599250758859832], [0.015671592638029138, 0.8318491317063639, 0.10728275533600319, 0.04519652031960369], [0.0003864143610921429, 0.9522943089751522, 0.037054167053578765, 0.010265109610176943], [0.021915362659583354, 0.10778856789705255, 0.012078107060859369, 0.8582179623825047], [0.9663214422281922, 0.030834161595265818, 0.00021179946745378595, 0.0026325967090883346], [0.005023206389075547, 0.9042026347021053, 0.06588944759315896, 0.02488471131566027], [0.07544780541233674, 0.617617633811874, 0.24838153798827617, 0.058553022787513065], [0.044724832022624936, 0.07136282537390146, 0.2315652451051001, 0.6523470974983734], [0.0012427190303226357, 0.948987238334895, 0.049693534610636365, 7.65080241461062e-05], [0.08761636474455115, 0.0037899659050376587, 0.0011600079883309525, 0.9074336613620803], [0.874166532505552, 0.016193516229234428, 0.06676290975800354, 0.042877041507209925], [0.020489994144359105, 0.3225811648333429, 0.24355353225327564, 0.41337530876902223], [0.0019983559138289017, 0.4775217306204173, 0.4826428247809585, 0.03783708868479548], [2.7910884010769035e-05, 0.015165456740758271, 0.07254483597222193, 0.912261796403009], [0.019508650928877803, 0.940645878266322, 0.023730777279407464, 0.01611469352539271], [0.0879107409798067, 0.01956398838870743, 0.8831511829744575, 0.009374087657028447], [1.6398612820864493e-05, 0.9948880231835293, 0.003968760729415523, 0.0011268174742341355], [0.005715889535978489, 0.010806219525927026, 0.674705563201423, 0.30877232773667146], [0.11276575441141923, 0.8257996451463788, 0.0001486411273425169, 0.06128595931485943], [5.547911273444551e-05, 0.9995345739573224, 4.331861769088993e-05, 0.0003666283122522808], [0.05022215975219209, 0.04102687759981097, 0.0009713852557273682, 0.9077795773922697], [0.3820390887704556, 0.41259702218416583, 0.0004479911459687744, 0.20491589789940975], [0.8286436289694118, 0.004931607135322108, 0.0414075125610277, 0.1250172513342384], [0.2576961474232639, 0.03581722612093171, 0.7026161919909786, 0.003870434464825794], [0.9113730740578809, 9.729212616613811e-05, 0.009336330806884098, 0.07919330300906888], [0.01434166013120696, 4.65361045395223e-05, 0.00036034957455121595, 0.9852514541897023], [0.4934804425177682, 0.4068113601025368, 0.04858172457451215, 0.0511264728051829], [0.01561283358890879, 0.029147389759373435, 0.14519648961608064, 0.8100432870356371], [0.008634857183938586, 0.22577503361438192, 0.05137116742551885, 0.7142189417761606], [0.0002318633330884405, 0.0005313123052663758, 5.1246977584975105e-05, 0.9991855773840603], [1.9103762254598613e-05, 0.9999632248930445, 1.686323683920595e-05, 8.081078619676923e-07], [0.351990713258214, 0.25460429142671537, 0.0054460347379556556, 0.3879589605771151], [0.027526275749065604, 0.053658038313187065, 0.9082653449820044, 0.010550340955742843], [0.4864355317325886, 0.019988575830063825, 0.0464382549471099, 0.4471376374902378], [0.024162432508194165, 0.008438685658631428, 0.4195902846517433, 0.5478085971814312], [0.018103871381872118, 0.9726338684111661, 0.00488153910583771, 0.004380721101124021], [0.30396951018209384, 0.013040759969257064, 0.628883132606207, 0.054106597242441996], [0.9752548747227098, 0.0009875592675219714, 0.02182160124056939, 0.0019359647691990303], [0.23480051612093628, 0.25090114057459717, 0.007534666575742228, 0.5067636767287242], [0.007883615799591088, 0.003552292391262607, 0.10489212327605542, 0.8836719685330909], [0.05459074715132179, 0.33282211235946796, 0.5834085704262026, 0.029178570063007735], [0.0007828057942484325, 0.9976448618031787, 0.00050880721417086, 0.0010635251884021245], [0.06498298699187821, 0.06398554744389054, 0.0013021005897947383, 0.8697293649744364], [0.915982253317338, 0.0009331030989942475, 0.06158128107264732, 0.02150336251102061], [0.003970017960569768, 0.4392342034458464, 0.00539108059772278, 0.5514046979958611], [0.36631851831389517, 0.17781489954837537, 0.06588929180175566, 0.3899772903359738], [0.03823202436119342, 0.3555740774258558, 0.01622095548859599, 0.5899729427243549], [0.024441880026670672, 0.9652014779691236, 0.0026711770034556154, 0.007685465000750269], [0.7672251339966667, 0.005239178946911567, 0.07258833233514625, 0.15494735472127558], [0.8640533885686258, 0.0048220614149472344, 0.0027229245282430164, 0.12840162548818385], [0.423744413033108, 0.37696926381897916, 0.08602837735946296, 0.11325794578844993], [0.9905737265991451, 0.004780275235829775, 0.0009455011503269136, 0.0037004970146980055], [0.08685223441059826, 0.43856306930401795, 3.5599839395302597e-05, 0.4745490964459886], [0.0009122885516656568, 0.8138469396250518, 0.13224497577695105, 0.05299579604633125], [0.1462232886246154, 0.2143270458870071, 0.33798350886885065, 0.3014661566195268], [0.1277695471552427, 0.009485363616631382, 0.16132840594905093, 0.701416683279075], [0.34291978891031094, 0.06130851800315845, 0.014827182214573523, 0.5809445108719571], [0.9464628901753969, 0.006437262240284021, 0.000614622542993744, 0.04648522504132528], [0.5880610804036452, 0.010990974782866446, 0.0006057206113649693, 0.4003422242021233], [0.06124082154729308, 0.010382416782972024, 0.00027851448474832806, 0.9280982471849867], [0.04343298458629212, 0.0565274497882755, 0.21142170601798185, 0.6886178596074506], [0.29390727891609286, 0.6234946150836138, 0.046539465208438095, 0.03605864079185528], [0.01673683568103251, 0.0033931469968060254, 0.010158851517345625, 0.969711165804816], [0.40450525211714394, 0.024867575886317366, 0.10066860198012059, 0.46995857001641816], [0.007268711925211017, 0.058963160910704866, 0.16870138587526487, 0.7650667412888192], [0.9799316109934525, 0.0011510032179845964, 0.00033452658308716934, 0.018582859205475793], [0.01519843417068251, 0.9504489304067766, 0.0018067725253565984, 0.03254586289718414], [0.05433671067992986, 0.8908693086971144, 0.0040618179635640225, 0.05073216265939175], [0.22761243206082143, 0.035540125689658114, 0.0027626977961670144, 0.7340847444533534], [0.0005121837444839929, 0.9788025840545682, 0.008928123933899426, 0.011757108267048233], [0.0036253694191545342, 0.843360521727058, 0.07564143462737466, 0.07737267422641271], [0.04380388365996493, 0.005264132880192453, 0.006045767570754103, 0.9448862158890884], [0.1554102053790755, 0.08451677934743079, 0.752772607741442, 0.007300407532051842], [0.00014907306984898887, 0.116344776191464, 0.07886530205574897, 0.8046408486829382], [0.0003248046143915895, 0.017605224795247253, 0.000985240269596479, 0.9810847303207646], [0.01069684068712259, 0.016577525994946423, 6.628220292835497e-05, 0.9726593511150027], [0.5086771868107454, 0.33558500384588974, 0.05714781973180627, 0.09858998961155849], [0.0034384657633269667, 0.9961112980162302, 0.00022939048841215138, 0.00022084573203066257], [0.011198968892701866, 0.8440519982299152, 0.09415939992400747, 0.05058963295337541], [0.025497776322293424, 0.20899405148184153, 0.6916049060455404, 0.07390326615032475], [0.07370784337682226, 0.6302056124544129, 0.0016331287745094357, 0.2944534153942554]]}}