{"test": {"ids": ["110114610", "99107950", "112118860", "104113380", "109115220", "107120130", "108113740", "107121640", "104111830", "99117630", "113119450", "105112260", "111120591", "105115380", "100112060", "113122170", "113122220", "103113610", "113122230", "99107300", "104113550", "112117780", "100117420", "111120320", "97105760", "98111620", "112120630", "111121410", "108114180", "110114651", "99109161", "104114740", "112116800", "108114270", "103111620", "106116370", "98106680", "111115780", "111119950", "109120560", "111116090", "102113210", "110118740", "106116640", "102111990", "113122150", "101114990", "111118820", "104113000", "98110680", "113120751", "101111310", "101108370", "99111340", "108117451", "107118520", "111119930", "105113190", "113119320", "113122180", "103110220", "112121351", "99117740", "111114171", "102110890", "110115250", "109116441", "113117550", "97113260", "112116290", "113121220", "113120531", "106120290", "109114270", "113118231", "113119930", "107115250", "108115570", "113118421", "99112300", "101108950", "109116930", "108120621", "108118520", "108115250", "112118471", "106115250", "111118301", "104111531", "109121351", "110118930", "109117431", "104111990", "112118890", "113119480", "105112130", "113120280", "97107260", "106118301", "113119340", "103111830", "104118070", "102114270", "97110950", "103113101", "100107920", "107114140", "100110260", "107117630", "111120260", "105116860", "104118340", "108118630", "112116501", "103111540", "106113170", "106114150", "107117010", "105110091", "112116401", "109116810", "100111080", "97116401", "111120280", "107116501", "98113881", "111118810", "99107500", "111121930", "107121230", "97111790", "98110230", "99107630", "104111620", "105115570", "99108010", "99107560", "113122430", "112116900", "100116500", "99105921", "108114200"], "labels": [1, 1, 3, 1, 3, 2, 3, 1, 3, 3, 3, 3, 1, 1, 2, 1, 1, 2, 1, 3, 1, 0, 2, 1, 0, 3, 3, 0, 1, 3, 3, 2, 0, 3, 0, 2, 1, 1, 0, 1, 3, 3, 3, 3, 2, 2, 3, 0, 1, 2, 1, 3, 1, 1, 2, 2, 1, 3, 1, 2, 2, 0, 2, 3, 0, 1, 3, 3, 1, 0, 3, 0, 2, 3, 3, 1, 2, 3, 3, 0, 2, 0, 1, 0, 1, 1, 2, 3, 0, 0, 1, 1, 2, 3, 3, 1, 0, 2, 1, 0, 3, 2, 3, 3, 3, 0, 2, 3, 0, 3, 2, 2, 1, 3, 1, 0, 1, 1, 0, 0, 3, 0, 3, 0, 1, 3, 0, 0, 1, 0, 2, 3, 2, 0, 0, 2, 1, 2, 3, 2, 1, 0], "predicted_labels": [3, 3, 1, 0, 0, 3, 0, 3, 1, 1, 1, 1, 3, 1, 1, 3, 0, 2, 0, 3, 0, 3, 3, 1, 0, 1, 3, 1, 3, 0, 0, 0, 3, 1, 1, 0, 1, 3, 1, 2, 1, 1, 0, 0, 1, 1, 0, 3, 1, 1, 1, 2, 1, 2, 3, 0, 1, 1, 1, 1, 1, 1, 1, 3, 3, 0, 1, 1, 1, 0, 3, 0, 1, 3, 0, 1, 3, 1, 3, 1, 3, 1, 1, 3, 3, 1, 2, 1, 0, 0, 1, 0, 2, 3, 1, 3, 0, 2, 1, 0, 2, 1, 1, 0, 1, 0, 1, 3, 2, 1, 1, 1, 1, 3, 1, 1, 3, 3, 0, 3, 0, 1, 1, 3, 1, 3, 1, 1, 2, 3, 1, 3, 0, 0, 1, 1, 3, 1, 0, 1, 1, 1], "confidence_scores": [[0.1463556053833623, 0.20720912430825406, 0.08568345507465712, 0.5607518152337264], [0.15177205159639318, 0.28350428495548946, 0.26657817448975674, 0.29814548895836057], [0.19026880362543455, 0.29619446770115854, 0.2519585961520196, 0.2615781325213874], [0.39237304003192097, 0.14797725686640145, 0.08039840175904882, 0.37925130134262863], [0.3831425145422932, 0.19500621659436113, 0.16684173125151808, 0.25500953761182776], [0.178336638241413, 0.19875483831580754, 0.10139395842852927, 0.5215145650142502], [0.34995848776356747, 0.2758672997279186, 0.09338179742308134, 0.2807924150854326], [0.14962326109026614, 0.25530237106105136, 0.14920177666678963, 0.4458725911818929], [0.2279069479073198, 0.3370268326099736, 0.17194883903003894, 0.26311738045266775], [0.12116631184380759, 0.387823371194196, 0.19762035286700588, 0.2933899640949905], [0.21513908017642216, 0.48860801400182535, 0.10944629760839193, 0.1868066082133607], [0.24404142750569988, 0.36352372908333036, 0.16980078654050293, 0.22263405687046695], [0.16695597585668373, 0.12412619704361223, 0.06344709454100414, 0.6454707325586998], [0.14997862173279397, 0.40051275092121325, 0.15805222642364822, 0.29145640092234465], [0.28971309974071696, 0.31555783706641405, 0.18727209540950068, 0.2074569677833683], [0.1520165055039251, 0.2679946037300322, 0.25763687527817597, 0.32235201548786685], [0.6172743296104223, 0.22284583468513022, 0.062293837586744186, 0.09758599811770335], [0.17396427776504275, 0.07903853897455877, 0.5406467633004862, 0.2063504199599122], [0.33201588764031614, 0.2871652148441583, 0.10444264228532076, 0.2763762552302047], [0.2227591596246792, 0.2584262248295844, 0.18334441748987335, 0.33547019805586314], [0.5043659629070623, 0.18845358740628682, 0.08796226803755652, 0.21921818164909448], [0.22543145929281197, 0.15228450887936873, 0.07011903477280398, 0.5521649970550154], [0.13279321827453677, 0.21033991945173255, 0.25361039065125907, 0.4032564716224716], [0.2568228220805473, 0.3031932128311923, 0.17324177625821682, 0.26674218883004336], [0.4434649628621555, 0.29330328489949237, 0.1040669552123103, 0.15916479702604175], [0.1978846430750929, 0.5457050683572523, 0.14823893349709055, 0.10817135507056427], [0.3280844370780801, 0.1754515373387271, 0.1051777294775292, 0.3912862961056637], [0.3179781166259811, 0.43424739393888684, 0.0640611538553904, 0.18371333557974168], [0.22728074270836218, 0.2518992563667957, 0.1783901916674038, 0.3424298092574383], [0.5098431961894996, 0.2904594329809012, 0.060378972410366084, 0.13931839841923296], [0.3788484346129247, 0.37016680818380354, 0.14901943557167427, 0.10196532163159763], [0.3347189676597478, 0.273262750362548, 0.08150770008163062, 0.31051058189607356], [0.09440110630072023, 0.19443639477112504, 0.16086713104464903, 0.5502953678835059], [0.2427358654469976, 0.36048525003282145, 0.11965111412318584, 0.27712777039699515], [0.14140112404044602, 0.624362050085327, 0.04943107921313633, 0.18480574666109065], [0.3664158740163159, 0.17074266708361632, 0.20209730508538498, 0.2607441538146829], [0.2715580157506113, 0.47150362667832224, 0.11949896719195906, 0.13743939037910743], [0.1835306216148041, 0.32779275053469403, 0.09872663887389485, 0.38994998897660715], [0.1233397922298524, 0.6675617262096227, 0.05785110590063729, 0.15124737565988758], [0.3021130985335484, 0.10302119840471279, 0.40729372170908434, 0.1875719813526545], [0.2280700587016644, 0.4174098403859076, 0.12035424904123465, 0.23416585187119335], [0.23732893487797876, 0.29807391306377745, 0.18313710546196355, 0.28146004659628027], [0.36594212396700293, 0.26639504161061034, 0.0978590178738522, 0.2698038165485346], [0.39583305012996906, 0.21022145863560202, 0.16529321235718125, 0.22865227887724773], [0.20619479850689515, 0.2783779006502337, 0.24585092631738112, 0.26957637452548994], [0.16530476481307158, 0.3813085303892007, 0.2431165508653057, 0.21027015393242202], [0.5436906426669904, 0.19345669417741787, 0.17331690770624947, 0.08953575544934231], [0.3086028035271508, 0.30189864969195207, 0.06906712996957286, 0.32043141681132437], [0.20177322220654723, 0.338343507024799, 0.1761091897348309, 0.28377408103382296], [0.13509609860077704, 0.6407087398150562, 0.09051332437732558, 0.13368183720684113], [0.2049317156623151, 0.35470684378819684, 0.11146030804762588, 0.32890113250186226], [0.115578268076751, 0.21197552236272643, 0.4565556738189846, 0.2158905357415381], [0.2041602025648459, 0.44244111473591285, 0.08108840852225178, 0.2723102741769893], [0.08545568559680772, 0.20895583307272403, 0.5736196831209227, 0.13196879820954538], [0.3148881179060681, 0.15698709585353457, 0.06266640604483625, 0.465458380195561], [0.34240631764149937, 0.25884887551809865, 0.25980708922539053, 0.13893771761501153], [0.2325218971541964, 0.3327417658604085, 0.3273760700164827, 0.10736026696891247], [0.20207721260864725, 0.4084750912039016, 0.1232146602839848, 0.2662330359034665], [0.27104492970930993, 0.36926930684479525, 0.07009548012462632, 0.28959028332126857], [0.2112106897824991, 0.47534975393130113, 0.137214708298911, 0.17622484798728877], [0.1947794817271336, 0.34132160977130427, 0.33058182092722194, 0.13331708757434013], [0.20270239746013605, 0.31978431502542753, 0.1618724103465959, 0.3156408771678407], [0.22943578756598457, 0.5334684377205932, 0.04863705035833666, 0.1884587243550856], [0.31220258146841456, 0.30395023631836277, 0.07117662676177682, 0.3126705554514459], [0.3507312335318187, 0.2008895268113951, 0.06232135443605529, 0.38605788522073103], [0.4611045105251575, 0.32135009134950526, 0.06404469618675408, 0.15350070193858323], [0.23166589249871164, 0.431631922550915, 0.06760285343072175, 0.26909933151965154], [0.23116846323925186, 0.3821344918195364, 0.08862711331999183, 0.29806993162122003], [0.21459200160598785, 0.3150181769854805, 0.24352204179385165, 0.2268677796146799], [0.45824108894928606, 0.30162469080503057, 0.06393222277955012, 0.17620199746613316], [0.22546383150740168, 0.33202316090369943, 0.1015771240147444, 0.3409358835741545], [0.3577666956682705, 0.20915630221174675, 0.12136576204840867, 0.3117112400715743], [0.21331051132456497, 0.4619345346401242, 0.1939793687612433, 0.13077558527406752], [0.17747644474952498, 0.30354886258448716, 0.10957704302691798, 0.40939764963907], [0.3025620064191431, 0.22491866272726627, 0.19904068603659356, 0.27347864481699713], [0.22629850593306913, 0.43255128119972225, 0.11872188382805275, 0.22242832903915588], [0.16155109119360106, 0.24349561005072484, 0.255907244121322, 0.339046054634352], [0.12497056426262403, 0.4493749201985285, 0.21843376892493, 0.20722074661391762], [0.31041742201149547, 0.15349728811459204, 0.15148242417132696, 0.38460286570258545], [0.23928560343556649, 0.40839840472692657, 0.12507703008804935, 0.22723896174945768], [0.16475926576479247, 0.19173513522234858, 0.18487193893557727, 0.4586336600772817], [0.2790984437013749, 0.413946587750768, 0.08413516013580438, 0.22281980841205287], [0.08187797516805277, 0.7309488275594226, 0.0704176084225597, 0.11675558884996506], [0.1881324773460534, 0.1203755111870572, 0.04539829000257307, 0.6460937214643164], [0.17117580905050248, 0.27918598186334787, 0.10005960529475029, 0.4495786037913995], [0.2670771377579108, 0.2702186825469281, 0.23124381596549182, 0.23146036372966924], [0.14726441194467757, 0.24829217979925014, 0.44397278745143004, 0.1604706208046422], [0.1844252168980553, 0.4714699843930513, 0.13789478844344424, 0.2062100102654493], [0.4433145606327648, 0.2259599815173067, 0.07079667286164709, 0.25992878498828154], [0.42027009365765494, 0.25192038268809547, 0.08843712670497549, 0.239372396949274], [0.17706816461881053, 0.47056413401954017, 0.10690376349062342, 0.245463937871026], [0.408271076078091, 0.2554392914481934, 0.12537969003941873, 0.2109099424342969], [0.20124326525348318, 0.25536259082908647, 0.2922416383963928, 0.2511525055210377], [0.20721031733910547, 0.2311832823068549, 0.12871217522871872, 0.432894225125321], [0.1738247339065231, 0.46310114117734774, 0.12636529326200616, 0.23670883165412304], [0.20008381533887218, 0.18439836740339682, 0.11203051245218534, 0.5034873048055457], [0.4633207888605547, 0.11164847154609311, 0.06334088961070627, 0.3616898499826459], [0.12762156981307912, 0.13096671461739562, 0.5495748155951223, 0.19183689997440298], [0.30441569174556243, 0.5930810038838102, 0.03386304422165315, 0.06864026014897424], [0.5722153851811037, 0.19596641229163733, 0.05867090173877225, 0.17314730078848684], [0.09612999453851583, 0.09496726241929816, 0.6914756871963547, 0.11742705584583145], [0.08780448633164205, 0.7025260514114057, 0.06558409109096032, 0.14408537116599188], [0.22583038255681748, 0.3993325744529493, 0.20104681252491016, 0.17379023046532313], [0.3506557290628671, 0.2127041886244313, 0.14785712158998737, 0.2887829607227141], [0.18084446365554188, 0.28780874365320563, 0.25613598295574475, 0.2752108097355078], [0.6186440425327595, 0.1447967707254592, 0.08187616722832128, 0.15468301951346014], [0.16468411193069074, 0.34532518189938144, 0.1603543924287616, 0.3296363137411662], [0.25266094734911254, 0.32172034789600756, 0.07362442681158958, 0.35199427794329036], [0.04538464362817618, 0.10040388108656409, 0.7702032355231081, 0.08400823976215165], [0.26610057996420333, 0.4999730073532373, 0.07275428221325765, 0.16117213046930165], [0.19007030490718088, 0.5184925084366103, 0.14230878267541347, 0.14912840398079535], [0.2921381335216067, 0.3724395184867949, 0.052549756655759144, 0.28287259133583925], [0.3134894487366381, 0.3539891832150939, 0.1222645670111319, 0.21025680103713615], [0.30233154854971744, 0.2502919429233012, 0.13286347820044908, 0.3145130303265323], [0.1362909812011153, 0.45858008216365576, 0.1192441301349764, 0.2858848065002524], [0.17206363994038232, 0.4421626133582152, 0.09380658320298293, 0.2919671634984196], [0.2667229237667425, 0.27081041692285573, 0.1514184582519456, 0.31104820105845615], [0.18116185953603228, 0.18409666644720984, 0.2597666709023508, 0.3749748031144073], [0.3870566814139893, 0.23234552295828625, 0.08086853819274954, 0.2997292574349751], [0.3016680330171199, 0.152140629840462, 0.08981391342849425, 0.4563774237139238], [0.3992832022020518, 0.28773251835433555, 0.10575361276606046, 0.20723066667755205], [0.20917043795820453, 0.5162265122183677, 0.08833865875429033, 0.1862643910691377], [0.19589476583302265, 0.5138407413502032, 0.08637722181987087, 0.20388727099690326], [0.18252884697601174, 0.2067189331087835, 0.16213576353069373, 0.4486164563845111], [0.16893630134026297, 0.3778268192141313, 0.08245373616463433, 0.37078314328097134], [0.31109320279312935, 0.2379715706315891, 0.09550206042530814, 0.35543316614997356], [0.3193440163834202, 0.37770746576325637, 0.11625279453733342, 0.18669572331599016], [0.16053495310295457, 0.4953627732327612, 0.09651905992637892, 0.24758321373790543], [0.08842876081290386, 0.11838271356620958, 0.7062615135591317, 0.0869270120617548], [0.09393806428993279, 0.2253684742798435, 0.09968758880210962, 0.5810058726281141], [0.23318589200029294, 0.40133582122788325, 0.11755934980107528, 0.24791893697074868], [0.2286481399715214, 0.26648796237397576, 0.1357356340056316, 0.3691282636488713], [0.4595730372027456, 0.20843564308169615, 0.11771288769487356, 0.21427843202068464], [0.37263731228787195, 0.3395121429852448, 0.1066878718192559, 0.18116267290762736], [0.11664612519476691, 0.5402235134545225, 0.09835319811144683, 0.2447771632392638], [0.20958141617192283, 0.30725259058873494, 0.25433380087961066, 0.2288321923597317], [0.1847535105944586, 0.3268891938469897, 0.1312435179590053, 0.3571137775995464], [0.09415855645104475, 0.7372865352591602, 0.0551881200642056, 0.11336678822558953], [0.3877474689897637, 0.23229352037366507, 0.10615219187608711, 0.2738068187604841], [0.25797620503667434, 0.36118375711237877, 0.24077680126751438, 0.1400632365834328], [0.1280651907324549, 0.5182660550538423, 0.05109078232006071, 0.30257797189364216], [0.1971313978178535, 0.3826868493735629, 0.16424178059496727, 0.25593997221361653]]}, "rewritten": {"ids": ["97105760", "97107260", "97110950", "97111790", "97113260", "97116401", "98106680", "98110230", "98110680", "98111620", "98113881", "99105921", "99107300", "99107500", "99107560", "99107630", "99107950", "99108010", "99109161", "99111340", "99112300", "99117630", "99117740", "100107920", "100110260", "100111080", "100112060", "100116500", "100117420", "101108370", "101108950", "101111310", "101114990", "102110890", "102111990", "102113210", "102114270", "103110220", "103111540", "103111620", "103111830", "103113101", "103113610", "104111531", "104111620", "104111830", "104111990", "104113000", "104113380", "104113550", "104114740", "104118070", "104118340", "105110091", "105112130", "105112260", "105113190", "105115380", "105115570", "105116860", "106113170", "106114150", "106115250", "106116370", "106116640", "106118301", "106120290", "107114140", "107115250", "107116501", "107117010", "107117630", "107118520", "107120130", "107121230", "107121640", "108113740", "108114180", "108114200", "108114270", "108115250", "108115570", "108117451", "108118520", "108118630", "108120621", "109114270", "109115220", "109116441", "109116810", "109116930", "109117431", "109120560", "109121351", "110114610", "110114651", "110115250", "110118740", "110118930", "111114171", "111115780", "111116090", "111118301", "111118810", "111118820", "111119930", "111119950", "111120260", "111120280", "111120320", "111120591", "111121410", "111121930", "112116290", "112116401", "112116501", "112116800", "112116900", "112117780", "112118471", "112118860", "112118890", "112120630", "112121351", "113117550", "113118231", "113118421", "113119320", "113119340", "113119450", "113119480", "113119930", "113120280", "113120531", "113120751", "113121220", "113122150", "113122170", "113122180", "113122220", "113122230", "113122430"], "labels": [0, 2, 3, 2, 1, 3, 1, 3, 2, 3, 3, 1, 3, 0, 1, 2, 1, 2, 3, 1, 0, 3, 2, 0, 3, 0, 2, 2, 2, 1, 2, 3, 3, 0, 2, 3, 3, 2, 1, 0, 3, 3, 2, 0, 0, 3, 2, 1, 1, 1, 2, 2, 2, 0, 1, 3, 3, 1, 0, 2, 0, 1, 2, 2, 3, 1, 2, 2, 2, 1, 1, 0, 2, 2, 0, 1, 3, 1, 0, 3, 1, 3, 2, 0, 1, 1, 3, 3, 3, 3, 0, 1, 1, 0, 1, 3, 1, 3, 1, 3, 1, 3, 3, 0, 0, 1, 0, 3, 0, 1, 1, 0, 1, 0, 0, 3, 0, 3, 0, 1, 3, 3, 3, 0, 3, 3, 3, 1, 0, 3, 3, 1, 0, 0, 1, 3, 2, 1, 2, 1, 1, 2], "predicted_labels": [1, 2, 0, 1, 3, 0, 0, 1, 1, 1, 0, 1, 3, 1, 3, 1, 0, 1, 1, 3, 1, 3, 1, 0, 0, 1, 1, 2, 1, 1, 3, 2, 1, 1, 0, 2, 1, 3, 1, 1, 2, 0, 2, 0, 0, 1, 2, 1, 3, 1, 0, 1, 3, 0, 1, 1, 1, 3, 1, 1, 1, 0, 3, 1, 1, 1, 1, 1, 3, 3, 1, 2, 0, 3, 3, 0, 1, 0, 1, 1, 1, 1, 3, 3, 1, 3, 0, 0, 0, 0, 1, 0, 0, 0, 1, 0, 1, 0, 1, 0, 2, 2, 1, 2, 1, 1, 1, 1, 3, 1, 3, 0, 1, 0, 0, 0, 3, 0, 3, 1, 1, 1, 0, 1, 1, 0, 3, 1, 0, 2, 1, 1, 0, 1, 0, 1, 1, 3, 3, 0, 3, 1], "confidence_scores": [[0.358124270646761, 0.4585462370384934, 0.07249195181525664, 0.1108375404994889], [0.10603607945702702, 0.11529781673943541, 0.5142941810052214, 0.2643719227983161], [0.583969235538277, 0.15856258502350107, 0.08158294227782585, 0.1758852371603962], [0.22524599656061053, 0.38767048140215965, 0.11355649638069588, 0.273527025656534], [0.1405517813635579, 0.29881980339284947, 0.25986544875351325, 0.30076296649007955], [0.37945046149583206, 0.21113304327840773, 0.2405093929411279, 0.16890710228463227], [0.4719647638969203, 0.2707714514531407, 0.14135111115054688, 0.11591267349939202], [0.30892330769743304, 0.36919367044221435, 0.0785847070307166, 0.2432983148296362], [0.07605472978127782, 0.6525999585323613, 0.07903403659954003, 0.192311275086821], [0.31212024913395814, 0.4991998610312677, 0.054169955633742245, 0.13450993420103186], [0.35774526771375476, 0.19660612499745167, 0.1459163717952139, 0.29973223549357964], [0.20309449689138453, 0.39686554868226137, 0.10804817346413131, 0.2919917809622227], [0.22222122937540648, 0.28231579082032915, 0.17243987064026653, 0.3230231091639979], [0.13265646161916456, 0.5211711694938368, 0.10553781063068667, 0.240634558256312], [0.18325266522224726, 0.2396865705652477, 0.10776663824955286, 0.4692941259629524], [0.19818644170102964, 0.5466225217623072, 0.13583425690857945, 0.1193567796280838], [0.5848081597454032, 0.09068894989741061, 0.171700360716394, 0.15280252964079225], [0.17096781637929917, 0.5611207253804756, 0.1069227422007771, 0.16098871603944812], [0.25716544555718174, 0.5324889998698881, 0.12710856874453652, 0.0832369858283936], [0.19464508933216182, 0.20700916375884956, 0.16506442351071737, 0.43328132339827113], [0.28084983156985116, 0.5505391282806636, 0.07306852722330046, 0.09554251292618482], [0.14073825448688299, 0.2875471947985088, 0.17415148049726906, 0.39756307021733917], [0.2399390439555014, 0.3947419632498985, 0.09008827979137247, 0.2752307130032277], [0.6265076231436465, 0.14663728158552375, 0.07020590084990651, 0.15664919442092332], [0.3436572456442764, 0.20318991318168086, 0.20602827415003483, 0.24712456702400798], [0.2686229689297698, 0.3548052628882954, 0.10100856616688267, 0.27556320201505197], [0.2784318901408356, 0.32019271374462427, 0.1908713246032142, 0.21050407151132602], [0.25851739846751043, 0.2276244073187071, 0.288225307231333, 0.22563288698244954], [0.21838756021172856, 0.3541053622216232, 0.07417557381903712, 0.3533315037476112], [0.1838726998288659, 0.5057125250103729, 0.06922276391999142, 0.2411920112407698], [0.3076644016189042, 0.17368356266216528, 0.13953885374746874, 0.37911318197146177], [0.09688794731147389, 0.20133765923383362, 0.4615574521261852, 0.24021694132850724], [0.3035549059085726, 0.30454353019172165, 0.21213528791746344, 0.1797662759822424], [0.20759350736180351, 0.49042718529574797, 0.08156089127750021, 0.2204184160649483], [0.3620925089950906, 0.21490959071643695, 0.22512289683926345, 0.19787500344920908], [0.08217816490924658, 0.08525626360871426, 0.5900228183592118, 0.24254275312282733], [0.2256374507278126, 0.5590870156608956, 0.10061260171820317, 0.11466293189308868], [0.1462870586097033, 0.23283967507385633, 0.24889472972501797, 0.3719785365914225], [0.20301081007969832, 0.422238247473157, 0.08390281222499793, 0.29084813022214656], [0.17518021494271419, 0.4171108592108279, 0.10495970981412557, 0.30274921603233224], [0.08190453187271489, 0.10316170051080192, 0.6654797625201764, 0.14945400509630682], [0.3434125944511029, 0.3152727754508743, 0.16329294658382068, 0.17802168351420208], [0.1599220250868844, 0.1124562599081662, 0.5366112389365374, 0.19101047606841182], [0.43595558468443263, 0.2222090691473227, 0.08622135218136331, 0.2556139939868813], [0.5950136511334749, 0.16471766134529825, 0.06810377318304241, 0.1721649143381844], [0.04486495070094289, 0.8055007769586591, 0.05374437516662327, 0.09588989717377473], [0.15226559221499789, 0.2766608594258181, 0.29316708614432907, 0.27790646221485515], [0.1788976850411493, 0.4379698712279924, 0.08116463110663505, 0.3019678126242233], [0.17831322704766592, 0.2275121026854149, 0.19150367369942506, 0.4026709965674942], [0.2588788029267449, 0.5054078980830305, 0.08347033966295678, 0.15224295932726786], [0.3194823878503555, 0.29193129774719173, 0.08243007895160857, 0.3061562354508441], [0.13018282454882188, 0.45796773173868743, 0.13980714422347496, 0.2720422994890158], [0.263999460373616, 0.2590481321702331, 0.0915957281546318, 0.3853566793015191], [0.4002958909480855, 0.3181742317510908, 0.047036757879418946, 0.2344931194214049], [0.2704055930041619, 0.3218393955075972, 0.10073782974650755, 0.3070171817417333], [0.18076953325701772, 0.33039869339505723, 0.16407428780405256, 0.3247574855438727], [0.267384907873105, 0.3731278030565964, 0.11859275236874268, 0.24089453670155592], [0.19707966627415552, 0.24892248905680026, 0.18471647831299445, 0.36928136635604986], [0.1224471279836082, 0.5378703643886489, 0.11535353370716023, 0.2243289739205826], [0.3097854242711319, 0.39559923047164336, 0.15130335989743943, 0.14331198535978537], [0.19264241804205706, 0.3481661682089781, 0.13230503389146342, 0.32688637985750146], [0.5085567799000632, 0.3286807461674461, 0.05030046024134079, 0.11246201369114997], [0.23013003673468527, 0.1518988435929977, 0.13042968459062396, 0.4875414350816933], [0.2704138133372179, 0.28163775337584407, 0.18958799480953767, 0.2583604384774005], [0.30330280620381483, 0.37166043497356854, 0.12388541007261022, 0.20115134875000656], [0.38670780002160615, 0.49375448593844884, 0.04385927906184315, 0.07567843497810178], [0.20005184208872123, 0.43413963660059013, 0.24316150981625312, 0.12264701149443566], [0.2099468542888385, 0.34887269647281494, 0.1447683609213168, 0.2964120883170297], [0.27152067624840653, 0.19744735851145626, 0.1269301822358848, 0.40410178300425237], [0.1836268703969431, 0.36343779974556667, 0.050304649014934054, 0.40263068084255627], [0.14093847435886186, 0.4397742763466903, 0.15508877306451196, 0.26419847622993586], [0.04301364274417207, 0.0529632642323102, 0.8263938613811399, 0.07762923164237785], [0.3326218128023899, 0.2964522092896593, 0.18917958713544147, 0.18174639077250954], [0.3028355398035987, 0.1540937339915064, 0.10267822203351014, 0.44039250417138504], [0.1239914970105737, 0.3192659449023161, 0.08277489201303527, 0.47396766607407514], [0.3757839597900993, 0.26828839674624577, 0.09238107612833338, 0.26354656733532145], [0.2426351233223209, 0.557659709141939, 0.06770169934728351, 0.13200346818845674], [0.4338163043389466, 0.20235834581993434, 0.11722399321915529, 0.24660135662196386], [0.210629680258388, 0.41146937193157906, 0.19789089896909592, 0.18001004884093708], [0.20284217731620027, 0.44195203049628295, 0.08328450711031486, 0.27192128507720187], [0.25014519083745185, 0.35240143874384233, 0.11439192710197084, 0.2830614433167351], [0.1180502332884128, 0.5735312203824329, 0.11669719304088483, 0.19172135328826953], [0.2644646685952077, 0.31276204085780385, 0.08280074759167004, 0.33997254295531837], [0.28877911574671117, 0.2644054178663513, 0.1311179282292147, 0.31569753815772267], [0.2577494192369569, 0.27937163364917866, 0.2133381590420268, 0.24954078807183783], [0.18572298170242552, 0.2224046181626386, 0.16363551508313548, 0.4282368850518004], [0.6044267637736643, 0.1801109410709462, 0.050942022417980876, 0.1645202727374087], [0.3723219885626317, 0.2161314731226282, 0.16164895618961067, 0.24989758212512944], [0.38888426084206856, 0.23027126162741346, 0.14305726676228067, 0.2377872107682373], [0.35458174265635845, 0.31282919847325635, 0.09813954280495142, 0.23444951606543388], [0.30546226886513306, 0.3843927748950753, 0.11098038619340721, 0.1991645700463844], [0.4792850530113074, 0.2006129380523481, 0.12794354082939913, 0.19215846810694542], [0.5064988667603993, 0.10815606539958958, 0.26151761387078715, 0.12382745396922402], [0.4457647664230296, 0.1357908044456227, 0.05677761513065728, 0.3616668140006906], [0.21616774869907954, 0.4136972226672175, 0.1342729946414488, 0.2358620339922542], [0.5014645136193504, 0.1655468644148002, 0.07375969059244651, 0.25922893137340297], [0.2993164977440337, 0.35053642167109844, 0.07451520220399382, 0.27563187838087416], [0.5008063255802138, 0.2062569818260754, 0.07621429642586233, 0.21672239616784855], [0.0844801963514327, 0.44245398340850495, 0.2403192162155467, 0.2327466040245155], [0.35234929909384705, 0.3282046774215738, 0.06476685441751275, 0.2546791690670666], [0.11786721790494115, 0.1740070439646265, 0.5342233900472296, 0.17390234808320262], [0.22220473663903903, 0.2265258164716661, 0.41734519921582486, 0.13392424767347005], [0.16238020035215897, 0.5616885734152087, 0.17436734969133713, 0.10156387654129535], [0.09886850944579821, 0.18106985882617546, 0.5902623525012184, 0.1297992792268079], [0.28004436727564297, 0.4330644230857749, 0.06529548611165083, 0.22159572352693124], [0.1128781419662204, 0.508758393081085, 0.21363885075658737, 0.16472461419610723], [0.21172704271214648, 0.5702914467652139, 0.10142872564751125, 0.11655278487512823], [0.29230610710995353, 0.3585302884532918, 0.05783821909781729, 0.29132538533893754], [0.20625669497762936, 0.27012450879477323, 0.1934106238607993, 0.3302081723667983], [0.21945277437755448, 0.40097495251802723, 0.11887701643988435, 0.26069525666453397], [0.30677771523470493, 0.14048177251313718, 0.049520517794741946, 0.5032199944574162], [0.5382212406370567, 0.16906894813283369, 0.10562089139225012, 0.18708891983785952], [0.21650716622101612, 0.48478849877414587, 0.09293352280074475, 0.20577081220409343], [0.38399125699845416, 0.2780062546271553, 0.1288279506745294, 0.2091745376998613], [0.3688885955150974, 0.15617622324569738, 0.14735367966243035, 0.327581501576775], [0.2870974493715815, 0.28368162529524843, 0.1684101664877441, 0.2608107588454261], [0.2651621997612648, 0.18747860986480705, 0.08132994152214114, 0.466029248851787], [0.4208553386965876, 0.34231901070661347, 0.06520861984312731, 0.17161703075367166], [0.18255719820021024, 0.1380139766157201, 0.0564597174075788, 0.6229691077764908], [0.28514584304343293, 0.3407804992168933, 0.128521583240811, 0.24555207449886285], [0.300249166587013, 0.3291715392692929, 0.1432236285508248, 0.2273556655928694], [0.19817203966546004, 0.3646995905484162, 0.1344536821400637, 0.3026746876460599], [0.27640252622049033, 0.19538817262261435, 0.26549969712153487, 0.2627096040353604], [0.3134907982359047, 0.4225564792572467, 0.10776031271675206, 0.1561924097900966], [0.24444269613181346, 0.3381684058974113, 0.1887017443478466, 0.22868715362292852], [0.42854277345839065, 0.20002485900233896, 0.15366848361218197, 0.2177638839270885], [0.3205388099684843, 0.14125195595571158, 0.1275261214523534, 0.41068311262345086], [0.20094919890482515, 0.4497636115629488, 0.2216638566135912, 0.12762333291863476], [0.45742541928143987, 0.12100068886844542, 0.08730729908297771, 0.334266592767137], [0.16054094947521605, 0.31126027354526953, 0.31332409194144595, 0.21487468503806847], [0.1616136823083244, 0.4744307845772175, 0.08858704388477687, 0.27536848922968116], [0.14652845337410753, 0.5345426379591971, 0.12567811590187997, 0.19325079276481527], [0.41563929311667047, 0.13334293429677446, 0.06002905061109734, 0.39098872197545775], [0.26961910956520496, 0.32709862180379734, 0.15476601754742952, 0.24851625108356826], [0.325822759547577, 0.28258216506558675, 0.1417596632163632, 0.2498354121704732], [0.2858516486575566, 0.389648781334436, 0.11916296762693115, 0.20533660238107637], [0.17591570141174795, 0.2866179257993672, 0.26923879059178435, 0.26822758219710036], [0.2003134505452936, 0.268931079563626, 0.16001086032576817, 0.3707446095653124], [0.2919657353251014, 0.28686508632028107, 0.12859295248648492, 0.2925762258681327], [0.7589921992014276, 0.13564295184356592, 0.03959093520048429, 0.06577391375452216], [0.33350323521228303, 0.2017339956437814, 0.08253576047212252, 0.382227008671813], [0.23926237070185766, 0.41900241655691034, 0.19903666264705974, 0.14269855009417234]]}}