{"test": {"ids": ["102110050", "104109311", "113119700", "98120010", "107114780", "113121680", "101109000", "109114220", "104114240", "113118690", "109119460", "105119550", "113118820", "111117571", "99107300", "103117200", "97105960", "106113830", "108120260", "113117340", "111121190", "103111170", "107113550", "111115910", "113121010", "113117630", "107121540", "113119300", "106119580", "112116610", "113117401", "98107380", "108116501", "113119950", "110121720", "111119950", "113120780", "101111990", "113121980", "108118520", "112120540", "101116130", "107120130", "113118111", "110118701", "112117790", "99121440", "104119340", "106116441", "101108580", "106111321", "110118181", "99112300", "107120260", "112119320", "109114030", "111117120", "110118161", "107113180", "109118161", "98111670", "99111340", "98110810", "111117000", "105113260", "99109370", "99109740", "103113610", "111116100", "113120830", "99120010", "98108580", "110120640", "105117200", "110118930", "98112300", "102109840", "111118910", "106114321", "113120531", "106118161", "103120531", "107114110", "109119340", "112116401", "109121640", "110114651", "112117431", "98109230", "103110050", "104111550", "108121410", "103111540", "105113210", "109121410", "113120260", "109115211", "107113260", "103118291", "105113480", "110121140", "98107010", "101114990", "103113640", "101119591", "105117351", "113120640", "112119610", "113121190", "101111210", "104113550", "101111140", "104111711", "112120990", "101114020", "98107210", "110120700", "97116401", "110121450", "104114410", "107113840", "108116070", "107119130", "112117471", "108121160", "97114170", "106118301", "110118111", "109120150", "110120531", "113118421", "107116501", "105113170", "112116501", "97106770", "101111310", "108120060", "113118620", "103113210", "100108490", "108115870", "99107660"], "labels": [3, 3, 0, 2, 2, 1, 1, 3, 0, 3, 1, 1, 0, 3, 3, 0, 2, 1, 1, 2, 1, 2, 0, 2, 2, 0, 2, 1, 3, 1, 3, 1, 0, 0, 3, 0, 0, 2, 2, 0, 3, 2, 2, 1, 3, 3, 2, 1, 0, 0, 0, 1, 0, 1, 1, 1, 2, 0, 3, 0, 1, 1, 1, 0, 3, 1, 3, 2, 3, 3, 2, 0, 0, 3, 1, 2, 2, 0, 2, 0, 3, 3, 1, 3, 0, 0, 3, 0, 1, 3, 1, 0, 1, 3, 0, 3, 0, 0, 0, 0, 3, 3, 3, 1, 0, 0, 0, 0, 1, 2, 1, 2, 1, 2, 3, 1, 2, 3, 3, 1, 3, 1, 1, 3, 2, 2, 1, 1, 2, 0, 3, 1, 0, 3, 3, 3, 1, 3, 3, 2, 3, 3], "predicted_labels": [2, 3, 1, 3, 1, 2, 3, 0, 0, 3, 3, 1, 1, 1, 0, 1, 0, 0, 3, 1, 0, 1, 3, 1, 1, 0, 2, 3, 1, 0, 1, 0, 3, 3, 0, 0, 1, 3, 1, 0, 1, 1, 1, 3, 0, 3, 2, 1, 1, 0, 3, 1, 3, 3, 3, 0, 1, 0, 1, 1, 0, 1, 2, 0, 3, 1, 2, 2, 1, 2, 1, 3, 0, 1, 1, 0, 1, 1, 1, 0, 0, 3, 3, 3, 0, 0, 3, 0, 2, 1, 2, 3, 0, 0, 1, 1, 3, 3, 0, 1, 0, 0, 2, 0, 3, 3, 0, 1, 3, 3, 0, 0, 1, 2, 0, 3, 3, 1, 3, 2, 1, 0, 1, 1, 3, 3, 0, 0, 2, 0, 3, 1, 3, 3, 2, 2, 0, 1, 2, 2, 0, 0], "confidence_scores": [[0.20218225893712438, 0.25435658806218503, 0.37468530840695274, 0.1687758445937377], [0.4548341862637266, 0.014743910849333049, 0.021436366113663497, 0.5089855367732767], [0.12704779521657264, 0.46022475532034496, 0.15150203914234203, 0.2612254103207403], [0.03925661311366057, 0.04627466616088588, 0.41262570965642825, 0.5018430110690254], [0.049851737965384404, 0.721574474073658, 0.09717051849250544, 0.1314032694684522], [0.17546767365342475, 0.2534547075164263, 0.42433731599018637, 0.14674030283996256], [0.04790905507254957, 0.31611952285713985, 0.0212977131787855, 0.6146737088915251], [0.5751609445540337, 0.036980656855502836, 0.01821779564256322, 0.3696406029479002], [0.6487304964058218, 0.07566601230536123, 0.09328364685540441, 0.18231984443341256], [0.06978578364181147, 0.22976009057144042, 0.03215955981096191, 0.6682945659757863], [0.05783661382748543, 0.08942561244195193, 0.01727591759432975, 0.8354618561362329], [0.37608580757274396, 0.384077971334728, 0.11280949074441525, 0.12702673034811288], [0.16676539253391587, 0.8012838586325781, 0.0069282532535189355, 0.025022495579987078], [0.10134046744193556, 0.4822134554393398, 0.02967646079154977, 0.386769616327175], [0.60932852738034, 0.03605104087076134, 0.009657805666759084, 0.3449626260821397], [0.10947158142919511, 0.8365117539395733, 0.03317974894455799, 0.020836915686673667], [0.5591743479202064, 0.1319382943874201, 0.13799505903290732, 0.17089229865946617], [0.7363829463247864, 0.09811009762813834, 0.016723313660031543, 0.14878364238704375], [0.06727731323282268, 0.09614662739437632, 0.0447414811819016, 0.7918345781908994], [0.07241541211232332, 0.8214115121480083, 0.0062046587654366195, 0.09996841697423153], [0.961314705141704, 0.016808496987557757, 0.007142647481373543, 0.014734150389364806], [0.33029439969242164, 0.367349532718287, 0.08505204795871424, 0.2173040196305771], [0.03384255562962274, 0.08237485285231302, 0.27831939925041665, 0.6054631922676476], [0.04072129888028378, 0.694546136611397, 0.013175146197117158, 0.251557418311202], [0.017076675222895032, 0.8270630792652499, 0.06448338928456519, 0.09137685622728987], [0.6679172034800852, 0.021531690175261475, 0.05433778957807035, 0.25621331676658293], [0.006794526611396892, 0.3085284163113839, 0.6299345654933505, 0.05474249158386883], [0.20088368712267402, 0.3406275278361574, 0.016510888657805464, 0.44197789638336304], [0.006539494478348999, 0.8487352005906915, 0.13311877412801798, 0.011606530802941521], [0.749003502080661, 0.17154208962911202, 0.07038944080350487, 0.009064967486721994], [0.14897327157877496, 0.5516952301476573, 0.0065290624319092, 0.29280243584165844], [0.7478913618321672, 0.027035385095668447, 0.1424239934622562, 0.08264925960990804], [0.06296184992129854, 0.18536987820381853, 0.012160909578358189, 0.7395073622965248], [0.2625625463924496, 0.07719616666194992, 0.015155422112308496, 0.645085864833292], [0.6271825256355866, 0.16366305359478323, 0.030068962004116902, 0.1790854587655132], [0.6917316060312091, 0.0534084032282336, 0.06654925650536325, 0.1883107342351941], [0.22314820705309077, 0.4842269417812142, 0.025333500229057487, 0.2672913509366376], [0.024640280204932585, 0.15118054036230705, 0.1590815639608859, 0.6650976154718744], [0.17837186531407906, 0.5877310826279666, 0.0071139354656500255, 0.22678311659230432], [0.8729273017328181, 0.08588661602575036, 0.01720367055310878, 0.02398241168832293], [0.054058219050998085, 0.9248135824202428, 0.014232141591503612, 0.006896056937255583], [0.06915513783428857, 0.5626697046471025, 0.22003902111002932, 0.14813613640857945], [0.1611147255688527, 0.7482221324304366, 0.04714170915919847, 0.04352143284151232], [0.15306720008014066, 0.12771623580276475, 0.12082448920786437, 0.5983920749092303], [0.34472306125611346, 0.3039583066707732, 0.018470866565464854, 0.3328477655076484], [0.12037935153788867, 0.017469034316009168, 0.0065897320306138865, 0.8555618821154882], [0.04410720283929059, 0.08324562397398438, 0.8647365814572986, 0.007910591729426562], [0.007138113682879513, 0.6619722332716282, 0.011997479104093768, 0.3188921739413985], [0.00924245399637636, 0.7320155713095214, 0.005013879275789362, 0.2537280954183128], [0.7989067170723781, 0.016571271883669626, 0.13180175613887962, 0.05272025490507282], [0.20767435319170754, 0.24497634020197598, 0.021778564354903936, 0.5255707422514125], [0.0878054670635989, 0.77321869109548, 0.13423042547698824, 0.004745416363932862], [0.26135482794693005, 0.03531157100300762, 0.09052345698002298, 0.6128101440700393], [0.2917304654960765, 0.1395530650525235, 0.06623807113734037, 0.5024783983140597], [0.003143909009513728, 0.27872040468125064, 0.030239185650177948, 0.6878965006590577], [0.7100992549101015, 0.14699972108966639, 0.013547186442404083, 0.12935383755782806], [0.29442955318029373, 0.6368335026142015, 0.004817236262696775, 0.06391970794280817], [0.6649338446921838, 0.2152111967488824, 0.019521052383556184, 0.10033390617537769], [0.011244744685332701, 0.8122005382578183, 0.05654598656522519, 0.12000873049162385], [0.21674058304208874, 0.6444949773754978, 0.08872379133842673, 0.050040648243986706], [0.7786590646901862, 0.03686158233227729, 0.07984264403125248, 0.104636708946284], [0.024790923119207706, 0.4320887512242611, 0.4043766317440216, 0.13874369391250949], [0.10089193827376566, 0.09181594351378075, 0.7484333326942689, 0.05885878551818473], [0.4508490096584334, 0.33324152489085007, 0.04015540594405589, 0.1757540595066607], [0.29494917167441936, 0.26570304065821726, 0.05806637096281798, 0.3812814167045454], [0.10083705260635278, 0.7540996399260012, 0.11306561166830323, 0.031997695799342946], [0.07589042264407973, 0.3004844019110809, 0.4168325561761362, 0.20679261926870326], [0.03796451856712931, 0.19380278787605518, 0.6636811218971165, 0.10455157165969907], [0.19133534861673326, 0.7334757569203177, 0.021965009653000942, 0.05322388480994795], [0.19802112500728652, 0.19862687732860107, 0.44130613277938474, 0.16204586488472772], [0.20015020513824244, 0.4515291083067643, 0.14296767850636555, 0.20535300804862763], [0.1429620044349849, 0.23988996689905576, 0.21436195375625294, 0.4027860749097063], [0.5295974705231171, 0.01701128082313285, 0.018926180165273806, 0.43446506848847627], [0.03677756560175175, 0.5043723348406494, 0.2026695027766083, 0.25618059678099064], [0.0028537415817881415, 0.9590359315592503, 0.008660331704499825, 0.029449995154461513], [0.760642146074786, 0.008500927902861225, 0.10387262979971747, 0.12698429622263513], [0.11728212542862458, 0.5225457848191357, 0.22709475016890318, 0.13307733958333648], [0.062117755137307426, 0.6421184894483324, 0.10177445106928489, 0.19398930434507525], [0.3937327507108453, 0.4634548677583282, 0.04894919819055126, 0.09386318334027528], [0.6717782157717458, 0.07696878734949524, 0.04358993894537924, 0.2076630579333798], [0.8219493207645541, 0.09466779574225766, 0.006562062191903071, 0.07682082130128498], [0.030376411095942274, 0.42548647715673044, 0.01812573109434369, 0.5260113806529836], [0.2429570704422215, 0.2560152137494942, 0.03225522750602968, 0.4687724883022546], [0.06947402354189194, 0.42130445362297353, 0.08582395582180356, 0.42339756701333103], [0.5422015681639963, 0.033269948717751, 0.00652092707787335, 0.4180075560403793], [0.4606985386445061, 0.3201520366609778, 0.04137158020786405, 0.177777844486652], [0.10080066422874945, 0.017024070115106444, 0.015191082923936474, 0.8669841827322077], [0.729578391593428, 0.12521965049641828, 0.01012722731576835, 0.13507473059438524], [0.02333928850276852, 0.010177466935639975, 0.9172426542373648, 0.04924059032422651], [0.18160588389872062, 0.364799565520922, 0.09577396558081004, 0.35782058499954733], [0.03240421018870055, 0.09961158042395452, 0.5624839944663578, 0.3055002149209871], [0.12196607408597361, 0.36793738919473884, 0.0059914142570635445, 0.504105122462224], [0.6672602348136037, 0.18939100302435108, 0.07297996430423644, 0.0703687978578087], [0.6971365959006809, 0.035388211678912845, 0.026218278969799447, 0.24125691345060685], [0.0044977857606177405, 0.8320065124560753, 0.012478293404270466, 0.15101740837903657], [0.25517198727016904, 0.3844609937423025, 0.21295553948192822, 0.14741147950560007], [0.028559941740454436, 0.14990457629238105, 0.06601182301902639, 0.7555236589481382], [0.11071437786162323, 0.3743308319546503, 0.1339219021164514, 0.3810328880672752], [0.7239460254691723, 0.13220358799302667, 0.04693717615726202, 0.09691321038053907], [0.12057294757278415, 0.47038926584235574, 0.2212098093710973, 0.18782797721376282], [0.8795049033605143, 0.03820132114101191, 0.0166628826774828, 0.06563089282099117], [0.4648073571081846, 0.0974008765832918, 0.07453954439300364, 0.36325222191552003], [0.20007193219126876, 0.193415477324102, 0.5551551952597935, 0.05135739522483571], [0.8663569991675589, 0.01820860678784394, 0.005212826090671135, 0.11022156795392579], [0.12784609422647028, 0.11846759147452582, 0.030504562402768214, 0.7231817518962357], [0.16243884084653562, 0.401667165050439, 0.028311071538380805, 0.40758292256464473], [0.6113520863628998, 0.1321877436429004, 0.05310872602508054, 0.20335144396911914], [0.000643419608339443, 0.9085086358608512, 0.03588211501140364, 0.05496582951940562], [0.21462587509612402, 0.1398744612126198, 0.027217359028567603, 0.6182823046626885], [0.02489925398755129, 0.04074265126901505, 0.030372425402137308, 0.9039856693412964], [0.6286023514672753, 0.0814290837699926, 0.01553357380294012, 0.27443499095979196], [0.3679127227982753, 0.17053008856718163, 0.20083502295841468, 0.26072216567612844], [0.18689967528110926, 0.47446974282003074, 0.06852113552823237, 0.2701094463706278], [0.11305252562168575, 0.40603019031583415, 0.46797580722701015, 0.01294147683547008], [0.5305994905788378, 0.12628408536341765, 0.04728098327136494, 0.29583544078637947], [0.011271757388723392, 0.3662360121741818, 0.12429737048143118, 0.4981948599556636], [0.08721233117744037, 0.10498377692763226, 0.06654006047344715, 0.7412638314214801], [0.12323800271986983, 0.4908910369995135, 0.3220959675460105, 0.06377499273460635], [0.13905597377241374, 0.3495855649771912, 0.003628944548454472, 0.5077295167019406], [0.023814636029861513, 0.26067254366024667, 0.44393718998776427, 0.27157563032212756], [0.08844516385361943, 0.6183153717656314, 0.05157396979685943, 0.24166549458388964], [0.4658253506430867, 0.2738323039649763, 0.12659745409257506, 0.1337448912993618], [0.03980014076513389, 0.5610751033695727, 0.11680119945720903, 0.2823235564080845], [0.3283207334302586, 0.5163113116046529, 0.07828612299145697, 0.07708183197363146], [0.008926707736884528, 0.022620142334256205, 0.01448686072250555, 0.9539662892063537], [0.004610631247265113, 0.11380767230258647, 0.25591769565099215, 0.6256640007991563], [0.9201561990561048, 0.04295267627361603, 0.008389694596642135, 0.028501430073636952], [0.6122839826868439, 0.15727439274416463, 0.18529682644501463, 0.04514479812397681], [0.12380048949391176, 0.09790024422065213, 0.7345405311962895, 0.04375873508914657], [0.7324091678280709, 0.21044917533225507, 0.01160425883262496, 0.04553739800704893], [0.11418705984268993, 0.09518390326774247, 0.00789056452615124, 0.7827384723634164], [0.16671295232491734, 0.7220195851381552, 0.022287312829014114, 0.08898014970791333], [0.09855516501720239, 0.30749451196228295, 0.063629498859453, 0.5303208241610616], [0.111617752882982, 0.12113292419881667, 0.030930819467574776, 0.7363185034506267], [0.061460155178224646, 0.011863292111834497, 0.8651032703906694, 0.061573282319271484], [0.25644636037015517, 0.18918668333781624, 0.4855336131800394, 0.06883334311198921], [0.6134237277074256, 0.18061412890443418, 0.08037642659926736, 0.12558571678887281], [0.08962841884628167, 0.6183476836396377, 0.037913424992000705, 0.25411047252207997], [0.07862688225191233, 0.15999624662772338, 0.5109685365030657, 0.25040833461729856], [0.26800170409006646, 0.0832921195740722, 0.6203537415558588, 0.02835243478000248], [0.7470469029140744, 0.08717609493499597, 0.016050313585046584, 0.1497266885658832], [0.47450967621288204, 0.05360204671144913, 0.023762610267268558, 0.44812566680840027]]}, "rewritten": {"ids": ["97105960", "97106770", "97114170", "97116401", "98107010", "98107210", "98107380", "98108580", "98109230", "98110810", "98111670", "98112300", "98120010", "99107300", "99107660", "99109370", "99109740", "99111340", "99112300", "99120010", "99121440", "100108490", "101108580", "101109000", "101111140", "101111210", "101111310", "101111990", "101114020", "101114990", "101116130", "101119591", "102109840", "102110050", "103110050", "103111170", "103111540", "103113210", "103113610", "103113640", "103117200", "103118291", "103120531", "104109311", "104111550", "104111711", "104113550", "104114240", "104114410", "104119340", "105113170", "105113210", "105113260", "105113480", "105117200", "105117351", "105119550", "106111321", "106113830", "106114321", "106116441", "106118161", "106118301", "106119580", "107113180", "107113260", "107113550", "107113840", "107114110", "107114780", "107116501", "107119130", "107120130", "107120260", "107121540", "108115870", "108116070", "108116501", "108118520", "108120060", "108120260", "108121160", "108121410", "109114030", "109114220", "109115211", "109118161", "109119340", "109119460", "109120150", "109121410", "109121640", "110114651", "110118111", "110118161", "110118181", "110118701", "110118930", "110120531", "110120640", "110120700", "110121140", "110121450", "110121720", "111115910", "111116100", "111117000", "111117120", "111117571", "111118910", "111119950", "111121190", "112116401", "112116501", "112116610", "112117431", "112117471", "112117790", "112119320", "112119610", "112120540", "112120990", "113117340", "113117401", "113117630", "113118111", "113118421", "113118620", "113118690", "113118820", "113119300", "113119700", "113119950", "113120260", "113120531", "113120640", "113120780", "113120830", "113121010", "113121190", "113121680", "113121980"], "labels": [2, 3, 2, 3, 3, 1, 1, 0, 1, 1, 1, 2, 2, 3, 3, 1, 3, 1, 0, 2, 2, 2, 0, 1, 2, 2, 3, 2, 3, 3, 2, 0, 2, 3, 3, 2, 1, 3, 2, 1, 0, 0, 3, 3, 1, 1, 1, 0, 1, 1, 0, 3, 3, 0, 3, 0, 1, 0, 1, 2, 0, 3, 1, 3, 3, 0, 0, 3, 1, 2, 1, 1, 2, 1, 2, 3, 1, 0, 0, 1, 1, 2, 0, 1, 3, 0, 0, 3, 1, 2, 0, 0, 3, 1, 0, 1, 3, 1, 0, 0, 2, 3, 3, 3, 2, 3, 0, 2, 3, 0, 0, 1, 0, 3, 1, 0, 3, 3, 1, 0, 3, 2, 2, 3, 0, 1, 3, 3, 3, 0, 1, 0, 0, 3, 0, 0, 0, 3, 2, 1, 1, 2], "predicted_labels": [0, 0, 3, 0, 0, 1, 0, 0, 2, 0, 0, 0, 3, 0, 0, 1, 0, 2, 3, 0, 0, 0, 0, 1, 0, 3, 0, 0, 0, 2, 3, 0, 0, 1, 1, 0, 0, 3, 2, 0, 1, 0, 0, 0, 0, 0, 0, 3, 0, 1, 3, 0, 0, 0, 1, 0, 0, 3, 3, 0, 3, 3, 0, 1, 1, 3, 0, 0, 0, 3, 1, 3, 0, 0, 0, 3, 0, 3, 0, 1, 3, 0, 1, 0, 0, 3, 0, 0, 3, 2, 3, 0, 1, 0, 0, 0, 0, 1, 0, 0, 1, 0, 1, 1, 0, 1, 0, 0, 1, 3, 0, 0, 0, 0, 0, 0, 1, 3, 3, 1, 3, 1, 1, 3, 0, 3, 0, 0, 3, 0, 3, 0, 0, 0, 0, 3, 3, 2, 1, 0, 3, 1], "confidence_scores": [[0.7172712399324053, 0.020582594800240987, 0.17687777584194947, 0.0852683894254042], [0.4386349699796431, 0.1499870233861678, 0.37957004103596864, 0.0318079655982205], [0.1254552117974419, 0.11394794330312667, 0.203811173180866, 0.5567856717185655], [0.7292190990030175, 0.030052564187809126, 0.04587208495544944, 0.19485625185372393], [0.8115430164749087, 0.04718981419560175, 0.027258796932046987, 0.11400837239744263], [0.20300565293391415, 0.754038099894071, 0.01970846657696255, 0.02324778059505212], [0.8320935630242948, 0.006540151657743978, 0.14799761146928073, 0.013368673848680618], [0.7495967951457821, 0.04662711148359343, 0.08262732671085748, 0.12114876665976687], [0.02156491047592214, 0.003042004049862213, 0.9740385082825007, 0.0013545771917148617], [0.4931849224107317, 0.07303771556531395, 0.4198023768898222, 0.0139749851341322], [0.9264736418196627, 0.007369966877083349, 0.02621977192752012, 0.0399366193757338], [0.9904369137086154, 0.0011136551606144463, 0.0019464704077305367, 0.006502960723039644], [0.17377026400965903, 0.037944188930524515, 0.03848892251497346, 0.7497966245448429], [0.9585604277907578, 0.004602932196806307, 0.0006246289209232021, 0.036212011091512654], [0.7582900081233149, 0.02261258305157269, 0.023984181664492926, 0.19511322716061943], [0.13847517409936014, 0.7022151197751866, 0.0838694532885635, 0.07544025283688985], [0.8992758022492379, 0.019535411015682357, 0.04342993512621085, 0.03775885160886906], [0.020877971938079186, 0.08221102458662569, 0.526634969996884, 0.37027603347841115], [0.2439609689709371, 0.19499745537869168, 0.1777096045737167, 0.38333197107665445], [0.7048887244389656, 0.17160228012496304, 0.09773698926497339, 0.02577200617109807], [0.5273322053520341, 0.03421343565973523, 0.17578727736876693, 0.2626670816194637], [0.6112411499286425, 0.07987116974787176, 0.2786992261013115, 0.030188454222174182], [0.6860853009019696, 0.031536009418368184, 0.16487025951730655, 0.11750843016235574], [0.19382424894111744, 0.6735721238664892, 0.02071156388757207, 0.1118920633048212], [0.7701763160892618, 0.028957942317700606, 0.014283027198532498, 0.18658271439450494], [0.2858071441763443, 0.019162913712694324, 0.022843489107551983, 0.6721864530034094], [0.4168806722718929, 0.3840260578887192, 0.1547763038762901, 0.044316965963097685], [0.6360467132610718, 0.14764229996265954, 0.11480256250594707, 0.10150842427032163], [0.5273410449414457, 0.2677997687357567, 0.03672484572984189, 0.16813434059295562], [0.08220216494020485, 0.06206289185372523, 0.7312295505023267, 0.12450539270374304], [0.14123066061527587, 0.32644639242445883, 0.12492909171950649, 0.4073938552407589], [0.8723086751473511, 0.022321003533958637, 0.0380645946722157, 0.06730572664647458], [0.42912694162175463, 0.2981458734891472, 0.01863601187697412, 0.2540911730121241], [0.2949890827300261, 0.536011073938736, 0.016992861153457488, 0.15200698217778044], [0.1645807542687362, 0.4849407637089098, 0.19666370988808285, 0.1538147721342711], [0.8007508328863543, 0.0951998977574551, 0.030906715624414362, 0.07314255373177604], [0.6587577660216617, 0.007266128992600609, 0.03821677502703493, 0.29575932995870263], [0.04286373984541471, 0.038626146900582276, 0.025394733995437957, 0.893115379258565], [0.25653703969198377, 0.2243891405213019, 0.47950564846351607, 0.03956817132319821], [0.9953943262696093, 0.0006443630507346694, 0.0014897016708595356, 0.0024716090087964445], [0.007466912844382791, 0.9829760522375859, 0.004595819278082833, 0.004961215639948722], [0.8481639804412403, 0.05557773899639803, 0.0007879122543742633, 0.09547036830798722], [0.883925420558336, 0.01557160055769765, 0.004773329666034937, 0.09572964921793121], [0.9339581695229309, 0.006259160744355103, 0.0021844556597085587, 0.05759821407300534], [0.7229948856573974, 0.06216612288049011, 0.17801881839665062, 0.03682017306546181], [0.5009114573507053, 0.18055156676983536, 0.04115720299299794, 0.2773797728864615], [0.5323880048910336, 0.10499570892788886, 0.09777257080131117, 0.26484371537976636], [0.09416582113247578, 0.2115682876137512, 0.002212995556254226, 0.6920528956975188], [0.8755166879079039, 0.04242434808623256, 0.004863472571088839, 0.07719549143477467], [0.18173507189760638, 0.38401368242063366, 0.17479821750800498, 0.259453028173755], [0.31965756366212245, 0.2218706608244357, 0.06920413460667264, 0.3892676409067691], [0.9688245104702171, 0.01036604654667852, 0.0017422574094333749, 0.01906718557367111], [0.9187401071255847, 0.027425804901663037, 0.012633137157992979, 0.041200950814759045], [0.4640328133337868, 0.4546882964772625, 0.01907472945016727, 0.062204160738783335], [0.15709837518030637, 0.6696671135071661, 0.04001662181718, 0.13321788949534735], [0.8136254682024324, 0.00865077614882551, 0.001561741460384139, 0.17616201418835775], [0.702656893300532, 0.16845507984403016, 0.02958493948789281, 0.09930308736754491], [0.3063793731339938, 0.02509564937237356, 0.0006788044373648452, 0.6678461730562677], [0.11455215818286386, 0.025571282596148822, 0.0074202817198513165, 0.8524562775011361], [0.8599749951113788, 0.12300031382832587, 0.006033401033227106, 0.010991290027068413], [0.03005059292166926, 0.015424132417290962, 0.0008314527195315185, 0.9536938219415083], [0.38024491027485746, 0.15032783723045107, 0.009769971159622186, 0.45965728133506917], [0.9793328746026698, 0.00044071147678330743, 0.0015992334098691265, 0.018627180510677487], [0.15487161605081234, 0.7981144582653803, 0.013899545919561405, 0.03311437976424588], [0.0568518240306054, 0.5990259417952801, 0.16801735943969748, 0.176104874734417], [0.16226982643347135, 0.03425691928542431, 0.01567225860915533, 0.787800995671949], [0.472198877238487, 0.16489596825041866, 0.12363761360701175, 0.2392675409040825], [0.695864298150374, 0.2184545830738734, 0.0020737234688548343, 0.08360739530689786], [0.7902398495840705, 0.06290002840856518, 0.0012186015339781394, 0.14564152047338613], [0.06148682153372452, 0.3435841189959325, 0.20506917330187122, 0.3898598861684718], [0.30906520756348244, 0.6147135279233878, 0.012018915638023417, 0.06420234887510622], [0.27938693701549167, 0.1769098283080685, 0.17400863653054172, 0.3696945981458981], [0.9568371997569155, 0.022374847612339474, 0.0009959556504302097, 0.01979199698031482], [0.9172443135659287, 0.03131686200619369, 0.019632568997468694, 0.03180625543040875], [0.4860316038901315, 0.12609559350673327, 0.3748384156142442, 0.013034386988890988], [0.23349344317542858, 0.02964125223583682, 0.00512635417583148, 0.731738950412903], [0.8816407050233276, 0.08304982927925482, 0.004870645119769822, 0.0304388205776477], [0.05072615733287068, 0.13186408134302333, 0.015676677687005734, 0.8017330836371003], [0.7362941808617122, 0.10833838452040924, 0.04254190605334544, 0.11282552856453303], [0.2601592532387992, 0.6448330715916631, 0.005169056647257662, 0.08983861852227999], [0.2701934424681982, 0.22265918897949608, 0.03787825987861199, 0.4692691086736936], [0.6234412638479825, 0.006396860008541046, 0.017464350305071576, 0.3526975258384049], [0.3963213245366991, 0.4289867064949681, 0.008482659492101429, 0.16620930947623128], [0.8515996890858981, 0.10502579958034534, 0.027072641607159477, 0.016301869726597144], [0.9341935959445994, 0.01092980710360043, 0.005461818924257905, 0.049414778027542246], [0.4713143092864938, 0.006163965026561909, 0.017885802983093394, 0.5046359227038509], [0.7079439912031762, 0.1675206609158698, 0.06715837487030214, 0.05737697301065193], [0.8519749447771819, 0.07509398225254606, 0.011906705594081189, 0.061024367376190804], [0.05148107361072909, 0.0387765657478043, 0.011988676334558626, 0.8977536843069079], [0.13798774508699396, 0.00417864500694048, 0.8101045294368576, 0.047729080469207916], [0.1497866859335801, 0.21727824180928837, 0.004268504805503679, 0.6286665674516279], [0.6988277025385767, 0.11731398443435351, 0.016188783821155177, 0.16766952920591446], [0.2189166476091404, 0.45792968553902574, 0.018668368384040797, 0.30448529846779315], [0.5914801956391202, 0.11225840373888299, 0.22520797834252662, 0.07105342227947004], [0.773256931518357, 0.10129588300450584, 0.09086043698666775, 0.0345867484904695], [0.6409457218445637, 0.1619303281498424, 0.14680482868184774, 0.05031912132374611], [0.6008206329017495, 0.25227557116893873, 0.003368986732941247, 0.1435348091963706], [0.01595186663934191, 0.926210709841532, 0.032680581325891, 0.025156842193235055], [0.9185051145105102, 0.015658672931137374, 0.004966337572691396, 0.06086987498566097], [0.9436036796318943, 0.028010468409404788, 0.0025601952017224924, 0.025825656756978607], [0.15075587027788592, 0.6021622533538157, 0.012805734099812721, 0.23427614226848573], [0.5584836979692264, 0.22744697077017267, 0.12120003780315136, 0.09286929345744961], [0.1944246612838038, 0.6910704449293412, 0.0010283365222246148, 0.11347655726463056], [0.12103918014201623, 0.5448540442252521, 0.03935690472232321, 0.2947498709104084], [0.3691618093086623, 0.1981160563724808, 0.31458447011958757, 0.11813766419926927], [0.23977909016882068, 0.6501971943686178, 0.012231023427250054, 0.09779269203531153], [0.4900886905350988, 0.24680513859342776, 0.18751028761250288, 0.07559588325897056], [0.6780542024087923, 0.24268279828392555, 0.00348524122226623, 0.07577775808501591], [0.06582242725346808, 0.7105317188634057, 0.08162783412518167, 0.14201801975794442], [0.2645831234371633, 0.07499591794393375, 0.13886676273345278, 0.5215541958854502], [0.9389793320460303, 0.014099408685747501, 0.03791595807527491, 0.009005301192947334], [0.8991906359249744, 0.009634789143324008, 0.0010331164642125527, 0.09014145846748899], [0.7523323577703159, 0.05779529811269179, 0.00604737689467843, 0.18382496722231387], [0.8421285924330659, 0.06936938173497625, 0.03679200811484493, 0.05171001771711295], [0.953816031618359, 0.01680118955123918, 0.028131842885610266, 0.0012509359447915656], [0.3839796600476663, 0.3827958000045051, 0.10049093014968948, 0.1327336097981392], [0.472291046167706, 0.4789294740176514, 0.01663267885470199, 0.032146800959940706], [0.01833757528486721, 0.0005043838271797517, 0.0009191161416193563, 0.9802389247463336], [0.09101647706154266, 0.048238077800500816, 0.13455375978793074, 0.7261916853500259], [0.033290792309837065, 0.7136923821512275, 0.2194490567746408, 0.03356776876429463], [0.34855030146289573, 0.09679075501853854, 0.008121734690774252, 0.5465372088277916], [0.3080444703933958, 0.517662662812324, 0.14142504913699738, 0.03286781765728282], [0.0039784690634842405, 0.8632624564218919, 0.009141553606845997, 0.12361752090777793], [0.26236641695532775, 0.034510086849855535, 0.011524701114609672, 0.6915987950802072], [0.6055058474870404, 0.07068050717297933, 0.0030747279250374383, 0.3207389174149429], [0.14601570677607417, 0.10822492750491272, 0.049513118500008425, 0.6962462472190047], [0.8757020612871488, 0.015406744575046219, 0.006846260447619248, 0.10204493369018572], [0.548667795805112, 0.37773455224538155, 0.04457324171928783, 0.02902441023021863], [0.41338379408868464, 0.05054855179903102, 0.00367168382593492, 0.5323959702863494], [0.9150566497072061, 0.06403369050316525, 0.0024873803776215993, 0.018422279412007084], [0.39811466455829686, 0.10821571309236937, 0.007158435617242413, 0.4865111867320914], [0.4857656176175176, 0.30065288529247064, 0.2050938339174639, 0.00848766317254792], [0.8556766466476, 0.04865942499365371, 0.011192662178873896, 0.08447126617987223], [0.36836559730741475, 0.1991633307535499, 0.07779195573741085, 0.3546791162016245], [0.9796763999105654, 0.004784414669671081, 0.003931953069814804, 0.011607232349948655], [0.31683589142671387, 0.26343701752708404, 0.02919732422670934, 0.3905297668194927], [0.0009070909164850703, 0.0042490721833088494, 0.0012538086816455836, 0.9935900282185605], [0.29130731912570906, 0.22026597738774326, 0.43623550021498136, 0.052191203271566386], [0.00024261715312400112, 0.9925861894052866, 0.0031969439993287546, 0.0039742494422605155], [0.49453361140608193, 0.22423573424645044, 0.07958266477480948, 0.20164798957265834], [0.29808637811573035, 0.21362082353905207, 0.06484719518616094, 0.42344560315905655], [0.41830921018671086, 0.46605659701829005, 0.005916475717452928, 0.10971771707754609]]}}