{"test": {"ids": ["113120070", "103113270", "97105760", "104116441", "109115380", "105112240", "97106591", "111116530", "113119930", "113119300", "97112290", "110115710", "108116070", "107113170", "112117210", "104114230", "108119330", "106120640", "106118301", "112118471", "111116750", "109116170", "113120540", "109121640", "110115250", "98108370", "99117740", "112117790", "97107681", "103111620", "98107410", "101117580", "102110850", "99113260", "113120751", "113122150", "102121700", "113122650", "113121410", "98106111", "112116880", "98110810", "110120560", "110118121", "112119120", "101108121", "111117000", "110117200", "111118810", "104114320", "113122430", "108117360", "102110750", "108121410", "101115190", "102116340", "106120290", "105113620", "113118870", "103113210", "111116640", "112116501", "112116401", "106117650", "111119430", "110115580", "109116810", "106121220", "112117780", "100107920", "113119340", "107119130", "107121700", "99111620", "113119120", "98112580", "110118630", "111115620", "112121360", "107112850", "100109801", "100113210", "111114321", "112120700", "99121440", "98108520", "105113330", "98110710", "103113170", "111121190", "97105580", "99108710", "102109910", "108118520", "111115400", "105116090", "102113350", "102113981", "108114200", "99112300", "101108080", "109116930", "109119450", "97112170", "113118820", "104111711", "104114410", "98111231", "109114651", "103117200", "112118620", "110114950", "99119830", "103120340", "107118120", "112121030", "107113200", "102109840", "109120621", "110118181", "108116120", "101108290", "110114610", "108119550", "111114121", "113122190", "107121230", "99109740", "108118060", "102109010", "111119610", "112120290", "112119950", "113118690", "101119591", "105118230", "98117740", "111120531", "110121140", "111116411", "113119700", "109120150"], "labels": [2, 2, 0, 1, 3, 1, 1, 3, 1, 1, 1, 2, 1, 0, 1, 2, 0, 3, 1, 1, 3, 0, 3, 0, 1, 1, 2, 3, 3, 0, 3, 3, 3, 0, 1, 2, 1, 2, 0, 0, 0, 1, 0, 3, 1, 0, 0, 3, 0, 2, 2, 1, 1, 0, 1, 3, 2, 0, 0, 3, 0, 3, 0, 1, 3, 1, 3, 1, 0, 0, 0, 1, 3, 3, 3, 2, 1, 1, 3, 1, 0, 0, 1, 2, 2, 2, 3, 2, 3, 1, 1, 2, 2, 0, 0, 1, 3, 1, 0, 0, 0, 0, 3, 0, 0, 1, 1, 1, 3, 0, 3, 0, 1, 1, 3, 0, 0, 2, 1, 1, 1, 0, 1, 1, 0, 1, 0, 3, 1, 1, 2, 1, 0, 3, 0, 1, 2, 0, 3, 0, 0, 2], "predicted_labels": [1, 2, 3, 1, 3, 3, 1, 1, 1, 3, 3, 0, 1, 3, 1, 3, 3, 1, 0, 1, 0, 1, 1, 3, 1, 3, 0, 3, 3, 1, 3, 3, 1, 2, 0, 1, 1, 2, 3, 2, 1, 2, 3, 3, 3, 0, 3, 0, 3, 1, 1, 3, 2, 1, 3, 3, 1, 1, 3, 3, 3, 3, 3, 1, 3, 1, 3, 1, 3, 3, 0, 1, 1, 1, 3, 1, 1, 3, 1, 1, 1, 3, 3, 1, 1, 1, 3, 2, 1, 0, 1, 1, 3, 0, 3, 3, 3, 1, 1, 3, 0, 3, 3, 3, 1, 1, 3, 0, 3, 1, 3, 3, 2, 2, 3, 3, 3, 3, 3, 1, 0, 1, 1, 1, 3, 1, 3, 3, 3, 3, 3, 3, 0, 1, 3, 1, 1, 0, 0, 3, 1, 1], "confidence_scores": [[0.13298472221872695, 0.6594208029219457, 0.08149165223109095, 0.1261028226282366], [0.06672178316687447, 0.04245050605437669, 0.7708173065816012, 0.12001040419714792], [0.4455467643675189, 0.2368043601332513, 0.00475025728178223, 0.31289861821744774], [0.1994017295236886, 0.6174116804716295, 0.021324291752304558, 0.1618622982523775], [0.06912409542935599, 0.32258049635083536, 0.31768611132327723, 0.29060929689653103], [0.07967626541171068, 0.24130962836951547, 0.3583347022464089, 0.32067940397236494], [0.08345472001130905, 0.40571636352688645, 0.4601334385810301, 0.050695477880774394], [0.44080817893276214, 0.4230537411275334, 0.016595448229949208, 0.11954263170975557], [0.16360544289680304, 0.6656227511253535, 0.031631263173735415, 0.1391405428041082], [0.1844706490264161, 0.3626332009584155, 0.01299710765659772, 0.4398990423585709], [0.08993654230683873, 0.2563130160201591, 0.4591631680028248, 0.19458727367017747], [0.6480608903602221, 0.11325085067420941, 0.10189387201295207, 0.13679438695261603], [0.14972110301624855, 0.4144111056759398, 0.1659283031584855, 0.2699394881493262], [0.3387617165904536, 0.05305799434465233, 0.020845641460400584, 0.5873346476044935], [0.032460282711401854, 0.4559281888853837, 0.2882943211876233, 0.22331720721559115], [0.11188549575778184, 0.22322598652749784, 0.2380683192198178, 0.4268201984949023], [0.4258610112990011, 0.29960498057914353, 0.05369343602160669, 0.22084057210024868], [0.020525737624822262, 0.8365248589544824, 0.10497625327551884, 0.03797315014517651], [0.9262814767050185, 0.03129881286209315, 0.004229045617930768, 0.038190664814957816], [0.26457748060284736, 0.3836333512985036, 0.3080154056215541, 0.04377376247709455], [0.6636726152595384, 0.021587874248317436, 0.10330169442798223, 0.21143781606416204], [0.22204254059431797, 0.6102579859467965, 0.02366005738900068, 0.14403941606988516], [0.2208509869708995, 0.44165083119310633, 0.07389610064540506, 0.2636020811905894], [0.32997117056594916, 0.2951340466204141, 0.05453272151356895, 0.3203620613000679], [0.24574315121505264, 0.5390727567893538, 0.0528931867828093, 0.16229090521278433], [0.28781559903501874, 0.15006539905017752, 0.3235703852555888, 0.23854861665921517], [0.8431300532569763, 0.09692870321990768, 0.019002183130730054, 0.040939060392385734], [0.5603311003405669, 0.04134173611903623, 0.011744481988878237, 0.38658268155151865], [0.5109465375678185, 0.19768354601039223, 0.0547637774868801, 0.2366061389349091], [0.37282057229362214, 0.3230862328995999, 0.11065193227508031, 0.19344126253169766], [0.5224106685698758, 0.030428821920513893, 0.06070447267992553, 0.3864560368296848], [0.25533846074038424, 0.1806317197116651, 0.04132812967653831, 0.5227016898714125], [0.03034044666645678, 0.6790753652755295, 0.16433992242159745, 0.12624426563641616], [0.01583578212823521, 0.017739096080939116, 0.9374627239172314, 0.02896239787359443], [0.7887964652861378, 0.09430534913284967, 0.019489504405476987, 0.09740868117553543], [0.062074219827040554, 0.7421856884251106, 0.047766670177242086, 0.1479734215706067], [0.10200897936939757, 0.6156577972335758, 0.10710483831935244, 0.1752283850776741], [0.03810625289912675, 0.03950132420770573, 0.7486987481178932, 0.17369367477527448], [0.10538157824438193, 0.05378416425104665, 0.001881980400736563, 0.8389522771038351], [0.13033116680979187, 0.044780125413061506, 0.78427921178937, 0.04060949598777686], [0.16051724871236353, 0.5416163272714681, 0.21980017529120843, 0.07806624872495983], [0.01198385994629707, 0.19021072372634196, 0.7656439769312402, 0.03216143939612084], [0.0769238018588012, 0.06358084143936228, 0.38021459043899486, 0.47928076626284205], [0.04951916055306592, 0.4981355195933259, 0.054171149998553485, 0.39817416985505444], [0.29936337248254336, 0.24227089455340203, 0.09114976439923336, 0.3672159685648212], [0.8832944696686271, 0.014674675031737184, 0.01579688585331253, 0.08623396944632317], [0.1886712448426726, 0.3611422890666645, 0.11780336085643668, 0.332383105234226], [0.6400325101042387, 0.2239543826795869, 0.014330583309253575, 0.12168252390692078], [0.5901879590545306, 0.05555383814294743, 0.03766365136139265, 0.3165945514411294], [0.14710829414612037, 0.4016204912878555, 0.36941815000769224, 0.08185306455833179], [0.009976502354535404, 0.8066851487725161, 0.10572668292244757, 0.07761166595050122], [0.31940040223173904, 0.27716466169691334, 0.2279730222722852, 0.17546191379906267], [0.030015742147886208, 0.08932332881284008, 0.8594891996257115, 0.021171729413562254], [0.0509645478384602, 0.7222366369402559, 0.0021958792062269417, 0.2246029360150568], [0.3032404905050657, 0.2317149192071559, 0.20964558949472067, 0.2553990007930579], [0.051679957363259484, 0.10937386417824065, 0.12777007176886515, 0.7111761066896346], [0.15745012117098514, 0.6878743209700585, 0.03352186776852854, 0.12115369009042756], [0.011150516469876037, 0.5737987134200018, 0.3101516896379143, 0.10489908047220803], [0.06996243804082015, 0.3282283087975073, 0.024344353382101322, 0.577464899779571], [0.014235812506856705, 0.07937893840162798, 0.521552563833929, 0.38483268525758624], [0.09656133085020754, 0.1075826782103336, 0.38481077609562203, 0.4110452148438368], [0.1996571152260629, 0.05004460494853109, 0.0034862386074247654, 0.7468120412179813], [0.11480362458977086, 0.0035126672313676934, 0.0005430734875951917, 0.8811406346912662], [0.12784389408198715, 0.46238129017200674, 0.1932034542944906, 0.21657136145151523], [0.08055475286968958, 0.38131967698612373, 0.06607561140320342, 0.47204995874098316], [0.18624062229503813, 0.4926056503093337, 0.081097800286315, 0.24005592710931323], [0.06820745487901304, 0.5277076029622745, 0.000547213003248918, 0.4035377291554638], [0.015342330267786764, 0.4729813710541872, 0.24585805470856198, 0.265818243969464], [0.09008470153506798, 0.06993043138195991, 0.014441927971663738, 0.8255429391113082], [0.4196521504600152, 0.11678400791026024, 0.014710261293110202, 0.44885358033661427], [0.7249051139122938, 0.06061096494971334, 0.014626500880531445, 0.1998574202574615], [0.10078320362759527, 0.5015034285209838, 0.08421128239097234, 0.31350208546044867], [0.07196135456441798, 0.42905264431524265, 0.22256978667547384, 0.2764162144448652], [0.051794329883189785, 0.8167633916330688, 0.09108245190938859, 0.04035982657435274], [0.5169925128377455, 0.06751770057676014, 0.014611949529372167, 0.4008778370561223], [0.1605682953505063, 0.36979878471561634, 0.27330576390209554, 0.19632715603178202], [0.07888638465083322, 0.36895642818980157, 0.3194719535763173, 0.2326852335830477], [0.17152900593705003, 0.1292768959314562, 0.11319899188036196, 0.5859951062511317], [0.4880651620784587, 0.2966235276520903, 0.06781203099628061, 0.14749927927317008], [0.02228902120867655, 0.7209285427663695, 0.19672627220831326, 0.06005616381664062], [0.09409903442058397, 0.5310125746810419, 0.07759442556862291, 0.2972939653297512], [0.03731625484702926, 0.14154951059277096, 0.037381668787490024, 0.7837525657727098], [0.26211128542689255, 0.29897752227928387, 0.024166135155004584, 0.4147450571388191], [0.22031701883818958, 0.5386661698455025, 0.03360469954048234, 0.2074121117758254], [0.12862402596593747, 0.3585703149412458, 0.45492056676992404, 0.05788509232289272], [0.23334104455029847, 0.42493291824248325, 0.32165393787211394, 0.020072099335104548], [0.2062887723221389, 0.15982070424511965, 0.010406475064600972, 0.6234840483681403], [0.0027200779632811415, 0.05339207269217464, 0.8859668004701382, 0.0579210488744058], [0.168756059812485, 0.4560388222635842, 0.29984765526601453, 0.0753574626579161], [0.8766863403366145, 0.020261902608421027, 0.04670805013011016, 0.056343706924854346], [0.00907245219671504, 0.8564634833904078, 0.11145265252472679, 0.023011411888150233], [0.028203387689355458, 0.9409766878625556, 0.022163165775586236, 0.008656758672502604], [0.5367728037099173, 0.07575526917579935, 0.0989888913685671, 0.28848303574571654], [0.8356740254781061, 0.12199955973292727, 0.01723645205230448, 0.025089962736661947], [0.04651835876766939, 0.11945730011433489, 0.19749855008630524, 0.6365257910316902], [0.5078574641428131, 0.2049198738090056, 0.0076304049679788944, 0.2795922570802027], [0.11225802158291694, 0.12927757602892678, 0.4045653196655526, 0.3538990827226034], [0.3065527593676887, 0.43398576554561985, 0.059534696377791935, 0.19992677870889933], [0.07194955601972498, 0.7057169929735452, 0.14874579703565705, 0.07358765397107286], [0.21721730649880736, 0.059554570703888955, 0.16918144440705996, 0.5540466783902438], [0.6876267884016268, 0.14128081417232816, 0.017719627185931175, 0.15337277024011386], [0.668543538456612, 0.09852754295659126, 0.011830735661622245, 0.2210981829251747], [0.1840598606727441, 0.2584149220403941, 0.29259312430613066, 0.26493209298073145], [0.2707742988876194, 0.26062413930668493, 0.0736937862946449, 0.3949077755110508], [0.39272973038601294, 0.5416621633483114, 0.0029453939377094224, 0.06266271232796632], [0.35361884139492394, 0.3641362620964533, 0.07078430771190695, 0.211460588796716], [0.04065137206274445, 0.2886626069574071, 0.23217087152026886, 0.4385151494595798], [0.8276878791680703, 0.052247430767887335, 0.08399154012601553, 0.03607314993802709], [0.3745254775676392, 0.11159313788134183, 0.018505202950040142, 0.4953761816009789], [0.2152042259709907, 0.7440125030208276, 0.006920798969391024, 0.03386247203879063], [0.1666820201803104, 0.2446250522988172, 0.06360556187867615, 0.5250873656421965], [0.07560676115377067, 0.27745657492446174, 0.08166567900017985, 0.5652709849215879], [0.15430878695639416, 0.18204710879537342, 0.548100046474312, 0.11554405777392089], [0.13541025948661997, 0.2121705732598384, 0.5768502821448935, 0.07556888510864797], [0.37588485882555955, 0.36797901333824373, 0.008963229068213263, 0.2471728987679837], [0.2904499851597257, 0.05368260114544732, 0.019241440066869005, 0.6366259736279577], [0.44698075899356754, 0.09414643301999612, 0.0023435346607983353, 0.45652927332563814], [0.06704448473186841, 0.19349059153589257, 0.36924828397980525, 0.3702166397524335], [0.07235247139056065, 0.08845779679378163, 0.012689984541109613, 0.8264997472745482], [0.49252245441223813, 0.4416196463058976, 0.04983098776702036, 0.01602691151484371], [0.8330167244619228, 0.07674874672218479, 0.018437234593124185, 0.07179729422276845], [0.30003857106216786, 0.4243547208054795, 0.06113444061019561, 0.21447226752215706], [0.27147899941577097, 0.3722684889196277, 0.29656591588451897, 0.05968659578008242], [0.049177327121249774, 0.4468807604578909, 0.22575950071476017, 0.2781824117060995], [0.4326098177537407, 0.08097858640527157, 0.028812216423316227, 0.4575993794176715], [0.14108815797549684, 0.6073686781002082, 0.05349596631186909, 0.19804719761242576], [0.16324968812636095, 0.22594527869084197, 0.1640055636973951, 0.44679946948540206], [0.15930442517693247, 0.28645917650016883, 0.2530699064044335, 0.30116649191846523], [0.15607937013230325, 0.0922576310090382, 0.1013157762272774, 0.6503472226313812], [0.07042037762315889, 0.21516022135370608, 0.42798586687111806, 0.2864335341520171], [0.2762608692674666, 0.20991825259449018, 0.2541785050099048, 0.2596423731281387], [0.17497590764808002, 0.3571194040933638, 0.017276423464645696, 0.4506282647939105], [0.8582018208118875, 0.005669921949027458, 0.004237764958757568, 0.13189049228032745], [0.09896489329418351, 0.4889887960032359, 0.07500074969758583, 0.33704556100499433], [0.43533777408002056, 0.19093890774694397, 0.02105888662639926, 0.35266443154663624], [0.005162186335464539, 0.9257292357456912, 0.053388946783707474, 0.015719631135136677], [0.10732727049027277, 0.6346683882208073, 0.11658766739481201, 0.14141667389410797], [0.6890028276259593, 0.13727925690004147, 0.007632330252977003, 0.16608558522102215], [0.8550446731536621, 0.015592690198027087, 0.011235263896045452, 0.11812737275226548], [0.3068388167883059, 0.003025635363321452, 0.021655326695202676, 0.6684802211531702], [0.12188277829330478, 0.5482482098956928, 0.08092448960776281, 0.24894452220323965], [0.20712321524654784, 0.30602621835951105, 0.2868653558417688, 0.19998521055217242]]}, "rewritten": {"ids": ["97105580", "97105760", "97106591", "97107681", "97112170", "97112290", "98106111", "98107410", "98108370", "98108520", "98110710", "98110810", "98111231", "98112580", "98117740", "99108710", "99109740", "99111620", "99112300", "99113260", "99117740", "99119830", "99121440", "100107920", "100109801", "100113210", "101108080", "101108121", "101108290", "101115190", "101117580", "101119591", "102109010", "102109840", "102109910", "102110750", "102110850", "102113350", "102113981", "102116340", "102121700", "103111620", "103113170", "103113210", "103113270", "103117200", "103120340", "104111711", "104114230", "104114320", "104114410", "104116441", "105112240", "105113330", "105113620", "105116090", "105118230", "106117650", "106118301", "106120290", "106120640", "106121220", "107112850", "107113170", "107113200", "107118120", "107119130", "107121230", "107121700", "108114200", "108116070", "108116120", "108117360", "108118060", "108118520", "108119330", "108119550", "108121410", "109114651", "109115380", "109116170", "109116810", "109116930", "109119450", "109120150", "109120621", "109121640", "110114610", "110114950", "110115250", "110115580", "110115710", "110117200", "110118121", "110118181", "110118630", "110120560", "110121140", "111114121", "111114321", "111115400", "111115620", "111116411", "111116530", "111116640", "111116750", "111117000", "111118810", "111119430", "111119610", "111120531", "111121190", "112116401", "112116501", "112116880", "112117210", "112117780", "112117790", "112118471", "112118620", "112119120", "112119950", "112120290", "112120700", "112121030", "112121360", "113118690", "113118820", "113118870", "113119120", "113119300", "113119340", "113119700", "113119930", "113120070", "113120540", "113120751", "113121410", "113122150", "113122190", "113122430", "113122650"], "labels": [1, 0, 1, 3, 0, 1, 0, 3, 1, 2, 2, 1, 1, 2, 2, 2, 3, 3, 0, 0, 2, 1, 2, 0, 0, 0, 0, 0, 0, 1, 3, 0, 1, 2, 2, 1, 3, 3, 1, 3, 1, 0, 3, 3, 2, 0, 1, 1, 2, 2, 1, 1, 1, 3, 0, 1, 1, 1, 1, 2, 3, 1, 1, 0, 0, 3, 1, 0, 3, 0, 1, 1, 1, 1, 0, 0, 1, 0, 3, 3, 0, 3, 0, 3, 2, 1, 0, 1, 0, 1, 1, 2, 3, 3, 1, 1, 0, 3, 0, 1, 0, 1, 0, 3, 0, 3, 0, 0, 3, 2, 0, 1, 0, 3, 0, 1, 0, 3, 1, 3, 1, 0, 1, 2, 0, 3, 3, 0, 0, 3, 1, 0, 0, 1, 2, 3, 1, 0, 2, 1, 2, 2], "predicted_labels": [1, 1, 1, 3, 0, 0, 0, 0, 3, 1, 2, 1, 0, 3, 1, 1, 1, 1, 3, 2, 0, 2, 1, 0, 1, 3, 0, 3, 0, 3, 3, 3, 3, 3, 3, 2, 3, 3, 0, 3, 1, 1, 2, 3, 3, 1, 2, 1, 3, 3, 3, 3, 3, 3, 1, 3, 1, 3, 0, 3, 1, 1, 1, 3, 3, 1, 1, 3, 3, 1, 1, 0, 3, 3, 0, 3, 3, 1, 0, 2, 3, 1, 0, 3, 3, 3, 1, 1, 3, 1, 3, 0, 1, 1, 1, 3, 3, 0, 3, 3, 3, 3, 0, 0, 3, 0, 1, 0, 3, 0, 1, 0, 3, 0, 1, 3, 3, 3, 0, 3, 3, 0, 3, 1, 3, 0, 3, 1, 3, 3, 3, 0, 1, 1, 2, 3, 1, 3, 1, 1, 1, 2], "confidence_scores": [[0.017487319669832982, 0.8331183661955294, 0.1057385894317996, 0.04365572470283804], [0.4792234952488206, 0.4349780941969076, 0.0009763408782975543, 0.08482206967597417], [0.28805103515517616, 0.4788269978264414, 0.12722253645589912, 0.10589943056248313], [0.6002706994021668, 0.12235580317163502, 0.06516619790271025, 0.21220729952348805], [0.6221555431931992, 0.19905290765519928, 0.0664163526862826, 0.11237519646531895], [0.5788578406981965, 0.21262666365149135, 0.12936258706549078, 0.07915290858482175], [0.6542775226713116, 0.07313471897876929, 0.07216815167587415, 0.20041960667404468], [0.9080355116712236, 0.02287668881955204, 0.024804421665673263, 0.04428337784355084], [0.061058659515484004, 0.19130801080297516, 0.5257688764502535, 0.22186445323128762], [0.1218325539152448, 0.46339414010969826, 0.20907077768498797, 0.2057025282900689], [0.001179683683349918, 0.022581859054029898, 0.9542328869069326, 0.02200557035568721], [0.00876897643662159, 0.363436390236606, 0.6146426425917089, 0.013151990735063237], [0.6564161458382674, 0.12590387985748647, 0.09408602637302656, 0.12359394793121947], [0.017446964504097964, 0.18572938932569777, 0.3780464288487475, 0.41877721732145673], [0.09950189627781791, 0.3325581451872661, 0.4169156205840237, 0.15102433795089243], [0.04086810553877337, 0.6852154764239186, 0.2268632233449208, 0.04705319469238709], [0.0966155209040783, 0.3074709005201882, 0.425632535652466, 0.17028104292326765], [0.05578172782984358, 0.8200114407879016, 0.08957473820136207, 0.03463209318089234], [0.0491382543146519, 0.045584381423215144, 0.0428626320710431, 0.8624147321910898], [0.015070718941208922, 0.02106645536776167, 0.8078011201299243, 0.1560617055611052], [0.889496459271636, 0.07791905673121634, 0.002826502520146358, 0.029757981477001025], [0.16083420814714194, 0.11108398848307986, 0.6739728158276546, 0.054108987542123746], [0.050087806623479295, 0.7303139413109743, 0.158608896812805, 0.060989355252741295], [0.8356013026249508, 0.07581459470114393, 0.003623806758593348, 0.08496029591531185], [0.1315440347544955, 0.4833936854639248, 0.023448967501079117, 0.3616133122805005], [0.046760318070296854, 0.23766763648618697, 0.05514520836907821, 0.6604268370744382], [0.6130290852563358, 0.1889430542862012, 0.032069200433672486, 0.16595866002379062], [0.36620826812659624, 0.26013477956762987, 0.12696657661295507, 0.24669037569281896], [0.8803034283488103, 0.08455395852090694, 0.002036625074677223, 0.03310598805560554], [0.08092696499934963, 0.39120424702686973, 0.04649627265256072, 0.48137251532121966], [0.19980466418739787, 0.170643577467577, 0.11534817493882761, 0.5142035834061972], [0.44934018530426617, 0.16218572663065228, 0.1847828592671514, 0.20369122879792995], [0.0883819969149414, 0.2112249212636552, 0.36152812261311623, 0.33886495920828685], [0.093761057196548, 0.37825422425521626, 0.15328986138888212, 0.3746948571593539], [0.3745237080410332, 0.025383525337611786, 0.04787857923539995, 0.5522141873859548], [0.010801497901159036, 0.06824845750729022, 0.9080670639798898, 0.012882980611660782], [0.023465939257316087, 0.39603390706795466, 0.22450626009308128, 0.3559938935816481], [0.02329141050770158, 0.02500237051421226, 0.6612570206147583, 0.290449198363328], [0.6018428245620795, 0.2963781186225955, 0.04056851512316648, 0.061210541692158664], [0.09051872365315768, 0.1529440251548965, 0.13177097259637385, 0.6247662785955722], [0.17110937342951726, 0.4591275773539562, 0.055501746682656006, 0.31426130253387063], [0.2520271049424805, 0.3335009256772551, 0.32091040154484257, 0.09356156783542198], [0.03210225343592611, 0.1191580656203184, 0.8211655783594617, 0.027574102584293513], [0.014539544108962743, 0.025725008120070773, 0.0885779640156763, 0.8711574837552905], [0.051001903124619295, 0.2449062484211713, 0.36274899404290173, 0.34134285441130763], [0.015241370143385273, 0.8871341129824103, 0.052974193739581135, 0.04465032313462349], [0.18647860313875092, 0.06308268922083915, 0.6920165256501777, 0.05842218199023213], [0.23704225011479851, 0.3656344238163277, 0.1432181144324463, 0.25410521163642746], [0.06167029831186319, 0.09462721988729203, 0.08274992772063265, 0.7609525540802127], [0.37967564008582116, 0.2769248718932841, 0.11259371526815634, 0.23080577275273853], [0.023287860683455935, 0.38484302984840973, 0.1827414921137122, 0.4091276173544223], [0.1984047954736977, 0.330079827594916, 0.06746058908192269, 0.40405478784946336], [0.032078999956397514, 0.4892978556016138, 0.11033057317440799, 0.3682925712675805], [0.1404164536825921, 0.3130191062758767, 0.007837262369140665, 0.5387271776723904], [0.0037272331143567796, 0.7870211296986498, 0.18702325602133957, 0.02222838116565393], [0.09627275184682375, 0.32441297021606846, 0.024518797171416022, 0.554795480765692], [0.0031091176504130817, 0.9437032900437672, 0.011989104888073749, 0.04119848741774594], [0.3728730897856549, 0.044037907857545903, 0.20339209619580076, 0.37969690616099827], [0.8961072799435829, 0.0377873550362735, 0.0021058323945521568, 0.06399953262559155], [0.15520839690787472, 0.3330644391187995, 0.025107439360365115, 0.48661972461296055], [0.011816885846989244, 0.47087787504344697, 0.46541237954092085, 0.05189285956864269], [0.011392002430722279, 0.48057789233157305, 0.33754797601924874, 0.17048212921845596], [0.004207067213850012, 0.5217018259563604, 0.4545839847977159, 0.019507122032073426], [0.5173234834936964, 0.013637014634379468, 0.05741350348247289, 0.4116259983894512], [0.12263380552467353, 0.4763811533663797, 0.011770732802824391, 0.38921430830612275], [0.1136052854272642, 0.7418724220559233, 0.01632740622252443, 0.1281948862942881], [0.23608646241223932, 0.671329228955172, 0.022303268402045027, 0.0702810402305436], [0.23061105717288125, 0.25496981507586985, 0.17685912845498492, 0.33755999929626385], [0.14059983964528214, 0.20381434794957798, 0.25225746199669047, 0.4033283504084491], [0.04965760772272924, 0.5130528540411172, 0.2118924277597935, 0.22539711047636007], [0.14152301081246482, 0.5478164635954996, 0.045359989488294075, 0.2653005361037414], [0.8822220014035796, 0.03387788797720263, 0.002371167892513684, 0.081528942726704], [0.022258630520254945, 0.19009845903664896, 0.544108739215904, 0.24353417122719218], [0.5208368685002224, 0.03121810173203196, 0.04445829909418831, 0.4034867306735574], [0.9233863303205194, 0.0442861984382012, 0.015077807103218257, 0.017249664138061182], [0.3073097233317906, 0.2526045140191889, 0.01639425964516731, 0.4236915030038533], [0.08261184135229768, 0.20742363773363712, 0.5301781029978088, 0.17978641791625632], [0.050272302071914146, 0.7934751433965286, 0.0013225390944684424, 0.15493001543708865], [0.8332087368410496, 0.037258770963078655, 0.007380990304166007, 0.12215150189170595], [0.014989716710814976, 0.16332772688576916, 0.6813402267512034, 0.14034232965221238], [0.11075335691533582, 0.32427186950516995, 0.02154286262173805, 0.5434319109577564], [0.25562851544159004, 0.513595305935684, 0.0025113902554027216, 0.22826478836732314], [0.9400970336526289, 0.02766155296547634, 0.002777038747121133, 0.029464374634773676], [0.08381877974098137, 0.32588487722902876, 0.35300385600227585, 0.23729248702771394], [0.13067474431762324, 0.06807057625900238, 0.22426710321413967, 0.5769875762092345], [0.1437430611125382, 0.053188290022137645, 0.0101474902232876, 0.7929211586420364], [0.5226222046543268, 0.31253895266686554, 0.05530780650900797, 0.10953103616979944], [0.03853969641712128, 0.2937858719102679, 0.49188592229545625, 0.17578850937715448], [0.18657133782619617, 0.23310282269556187, 0.20395435159300562, 0.3763714878852362], [0.06477187268679413, 0.5434468102892823, 0.32303729461731256, 0.0687440224066113], [0.050689517760693845, 0.20336797174855684, 0.1753664598760532, 0.5705760506146961], [0.686810430492096, 0.18654201743889753, 0.10048172429269318, 0.026165827776313207], [0.21951582296956057, 0.615287647737269, 0.13713775279920173, 0.02805877649396888], [0.11997395132428512, 0.5952209528985989, 0.11698876498569537, 0.1678163307914205], [0.20345007089613532, 0.5880512985053813, 0.12277477587794847, 0.08572385472053506], [0.16828734372454884, 0.2215321220713093, 0.18776982770772863, 0.422410706496413], [0.11514015765939441, 0.23367580728964113, 0.4319091155537709, 0.21927491949719383], [0.7323344167582659, 0.02550539304971697, 0.07493021095894156, 0.1672299792330754], [0.5464685631405433, 0.1927470365555512, 0.02011694168851117, 0.2406674586153942], [0.4476437023915208, 0.24511983334927348, 0.009099835481518876, 0.29813662877768693], [0.09969772955058559, 0.0672770939255629, 0.11916593437735326, 0.7138592421464981], [0.04926579286774302, 0.03176442384609788, 0.03344220450630563, 0.8855275787798533], [0.8572346977959334, 0.006689554200040169, 0.0045355508738998945, 0.13154019713012643], [0.7337551961826471, 0.11244779369893704, 0.03526195505944872, 0.11853505505896685], [0.2937958738779381, 0.15505248477747632, 0.21858129756732034, 0.3325703437772652], [0.7406322044575016, 0.02795885379291245, 0.015730472991013156, 0.21567846875857313], [0.024307514508432795, 0.5783263144253236, 0.26981516645286013, 0.12755100461338362], [0.9214498037749912, 0.013601377005028389, 0.002030648966071043, 0.06291817025390951], [0.04240583355929325, 0.4951538711908539, 0.059900227299577315, 0.40254006795027564], [0.4006189933005193, 0.07792838336827747, 0.42886566043608865, 0.0925869628951142], [0.2862407345819398, 0.4143642356418653, 0.18591114553618573, 0.11348388424000931], [0.8896830953997832, 0.021711412004476946, 0.024285126620183495, 0.06432036597555611], [0.07575716273498312, 0.002638221974954103, 0.0001634412295002181, 0.9214411740605625], [0.8243696024421303, 0.030261803244260338, 0.0014593240150237714, 0.1439092702985855], [0.25446361280630664, 0.28791152777597584, 0.32593005171637046, 0.1316948077013462], [0.0072360844971106, 0.18240064866159555, 0.3965603357474178, 0.4138029310938762], [0.42479965808878767, 0.20397957304102315, 0.020774064313905622, 0.3504467045562834], [0.1290548794895932, 0.0073475055157926, 0.0019641037622815005, 0.8616335112323327], [0.5515002796669277, 0.08268086876458887, 0.19404978116088512, 0.1717690704075983], [0.16240361562260833, 0.41132625716405347, 0.06158037463200769, 0.36468975258133074], [0.5516927227182731, 0.042998816812817725, 0.03006409749496491, 0.3752443629739443], [0.7717518226286373, 0.022689075766672846, 0.010340465691157683, 0.19521863591353217], [0.24214986191913548, 0.2651033485791791, 0.10716238481570912, 0.38558440468597593], [0.10088709132617157, 0.5391248898983392, 0.2410960866238672, 0.11889193215162229], [0.38314973431419436, 0.01492058923157624, 0.021363131401177758, 0.5805665450530515], [0.49549516236066704, 0.29606315483548235, 0.008224963478360714, 0.20021671932549026], [0.20574115679272903, 0.12475118062433513, 0.3705020412702882, 0.29900562131264774], [0.33005103752643705, 0.5154291557019198, 0.0014681079305926513, 0.15305169884105035], [0.12297526925834651, 0.3330259116547034, 0.09584807864715245, 0.44815074043979763], [0.36817981494421814, 0.08288250658782392, 0.004156112424820641, 0.5447815660431371], [0.10811849537632369, 0.44220734223766456, 0.08687761434931408, 0.3627965480366977], [0.8874345177463586, 0.026630087936118957, 0.0034636094769293886, 0.08247178484059316], [0.013605898385971064, 0.9361098619627258, 0.0352614440960591, 0.015022795555244417], [0.3129611884574186, 0.47024824441431734, 0.08241361280666931, 0.1343769543215947], [0.03781195318845979, 0.14239229209773047, 0.7501165340133036, 0.06967922070050606], [0.41430278140829685, 0.35507025562311945, 0.02767795686662793, 0.202949006101956], [0.2403037539826041, 0.4471827311286956, 0.05634422176373426, 0.2561692931249662], [0.28762456292665495, 0.10008650902501263, 0.002073552295339149, 0.6102153757529934], [0.1403692435410801, 0.7245214209650928, 0.08541451120774875, 0.049694824286078555], [0.21452441589410842, 0.6609578593555199, 0.05616883060601864, 0.06834889414435326], [0.022885998678003217, 0.7650661324044394, 0.16313072405823598, 0.0489171448593218], [0.010463332327057408, 0.10530653172023449, 0.7535161373878672, 0.13071399856484084]]}}