{"test": {"ids": ["99108330", "109120621", "108119330", "112118421", "111114321", "105117431", "112120270", "110118181", "112117431", "113120601", "112121360", "108114360", "105121370", "103112641", "101108121", "106121190", "100109890", "99109370", "105113190", "108119510", "103113170", "112116850", "102118380", "110116170", "97110950", "107116340", "110121450", "102109010", "113120260", "113119340", "112118890", "110119891", "112116990", "97106970", "103111930", "104116800", "105115720", "113121220", "112120290", "112120670", "102121440", "112121010", "112118810", "106119990", "112116880", "105119550", "107112850", "107121700", "108113700", "106117650", "109116441", "97109570", "100115700", "113120640", "109116810", "98112170", "111116640", "112118161", "112119980", "97118210", "107113840", "111116990", "98110810", "100110260", "110114561", "113118490", "101121640", "100113370", "98111620", "105117200", "104111531", "101114990", "97107920", "97111790", "104113240", "97116800", "105118230", "97105451", "111119950", "112116800", "107118490", "104113000", "104116980", "99107300", "102112170", "103110100", "111119610", "113122190", "97109080", "108113620", "104114410", "106116640", "98107410", "99120010", "99110730", "105120280", "110113591", "101108370", "111117200", "113117401", "111121190", "104118070", "113122430", "105113480", "109118161", "99109311", "97106820", "99108520", "105116860", "111121351", "112117571", "106120290", "103118291", "103111830", "113122160", "104112470", "104116441", "97116410", "98109311", "113121980", "113118511", "109116930", "110117110", "103113260", "110120190", "111119150", "102109850", "109117600", "105114220", "107116980", "99119830", "102111990", "102110050", "108121190", "113117550", "104111830", "108120060", "111120531", "110119030", "109118231", "113118231", "107114110"], "labels": [1, 1, 0, 3, 1, 1, 0, 1, 0, 2, 3, 1, 2, 3, 0, 2, 3, 1, 3, 1, 3, 0, 1, 0, 3, 3, 3, 1, 3, 0, 3, 3, 0, 2, 3, 1, 1, 3, 1, 2, 2, 2, 3, 0, 0, 1, 1, 3, 0, 1, 3, 0, 1, 0, 3, 3, 0, 0, 0, 2, 3, 0, 1, 3, 0, 1, 2, 3, 3, 3, 0, 3, 0, 2, 2, 0, 1, 0, 0, 0, 2, 1, 1, 3, 3, 1, 2, 1, 2, 3, 1, 3, 3, 2, 3, 3, 0, 1, 0, 3, 1, 2, 2, 0, 0, 1, 1, 2, 2, 0, 3, 2, 0, 3, 3, 1, 1, 3, 1, 2, 1, 0, 0, 3, 3, 3, 1, 1, 3, 3, 1, 2, 3, 1, 3, 3, 1, 0, 0, 1, 3, 1], "predicted_labels": [3, 3, 2, 3, 1, 1, 2, 1, 3, 1, 3, 1, 1, 3, 3, 1, 0, 1, 0, 1, 1, 0, 1, 3, 2, 1, 1, 1, 3, 0, 0, 3, 0, 3, 1, 2, 1, 3, 0, 1, 3, 1, 1, 1, 1, 0, 1, 0, 3, 0, 0, 2, 0, 3, 3, 0, 1, 0, 3, 3, 1, 0, 3, 3, 3, 1, 1, 1, 1, 1, 3, 3, 0, 3, 1, 2, 1, 2, 3, 1, 3, 3, 1, 3, 2, 0, 1, 0, 1, 1, 3, 0, 0, 3, 3, 1, 0, 0, 1, 1, 3, 3, 1, 3, 3, 2, 3, 2, 0, 1, 3, 1, 2, 0, 0, 3, 1, 2, 2, 1, 1, 0, 3, 1, 3, 3, 1, 0, 1, 0, 1, 0, 3, 0, 1, 3, 1, 2, 3, 3, 0, 3], "confidence_scores": [[0.0808930017422342, 0.29921901432053327, 0.29581045940528067, 0.32407752453195193], [0.24507505737072302, 0.19018468662151952, 0.12460676396130937, 0.4401334920464481], [0.21855322129782848, 0.20674747005335387, 0.42663066275064, 0.14806864589817761], [0.17346032403575753, 0.2553264782522162, 0.0963128295492516, 0.47490036816277464], [0.31641311432095315, 0.379039636315848, 0.132111942603575, 0.172435306759624], [0.15461820483179348, 0.5537259814462838, 0.1341504215354815, 0.15750539218644122], [0.0790976091706869, 0.19255801928364977, 0.6451961572499538, 0.0831482142957095], [0.24536348784737133, 0.4202219931492692, 0.22107973323336175, 0.11333478576999768], [0.23413820578969882, 0.2470965404396732, 0.14404859979809911, 0.37471665397252885], [0.13413540032167992, 0.36725596548618694, 0.1460442450383456, 0.3525643891537876], [0.26130165724285653, 0.249544021724955, 0.18632771551008057, 0.302826605522108], [0.26425262827547275, 0.33043755486626825, 0.15475994122898054, 0.25054987562927855], [0.12481536825620333, 0.535304507932287, 0.2076025075386404, 0.13227761627286927], [0.2430004560477485, 0.2445398395404443, 0.19665094483477896, 0.3158087595770283], [0.155825531458557, 0.225867841322416, 0.17825024073654971, 0.44005638648247736], [0.23471607651987683, 0.44848053183331366, 0.14016572419459136, 0.1766376674522182], [0.32759018432506426, 0.29092772188805, 0.16827607112426754, 0.2132060226626182], [0.20009287281960308, 0.46319414219012306, 0.13498300989137638, 0.20172997509889756], [0.5356091651378245, 0.16824768698189688, 0.13632607360660173, 0.1598170742736768], [0.1815186125205754, 0.38713279090599595, 0.2935702618657062, 0.1377783347077225], [0.18131178223350825, 0.3588172094367278, 0.1710646856876498, 0.2888063226421144], [0.2987702038255243, 0.277196247889784, 0.19431873170639385, 0.22971481657829798], [0.2347199498672149, 0.32558727469043225, 0.16969431572971244, 0.26999845971264036], [0.1795044560755929, 0.17031708507343057, 0.12696387308350263, 0.5232145857674739], [0.185600587115363, 0.2227477256684584, 0.34084897024302885, 0.2508027169731497], [0.3115026850701339, 0.3152820200677921, 0.13496475249482875, 0.2382505423672451], [0.23353759858320627, 0.3361025127599796, 0.18196152130832147, 0.24839836734849266], [0.2749532912368449, 0.38948172822109145, 0.1641689155964759, 0.17139606494558782], [0.219024900676183, 0.2300554577964766, 0.1810254284492035, 0.369894213078137], [0.3677053402375999, 0.3258906477837734, 0.10807379607704698, 0.19833021590158], [0.489806626358266, 0.1475956473930331, 0.07138145703211879, 0.29121626921658206], [0.2000554633533275, 0.1793496219254474, 0.1437656291638281, 0.476829285557397], [0.42387410342106424, 0.2468409418761107, 0.14504189736839074, 0.1842430573344344], [0.2036861218768769, 0.15699669425069882, 0.14917271526425596, 0.4901444686081685], [0.2135918587384506, 0.34414559549122326, 0.25074217813665683, 0.19152036763366925], [0.1143541090267408, 0.21929597315893348, 0.45351897097687505, 0.21283094683745066], [0.1317479915148569, 0.4888755697328166, 0.09514985124969637, 0.2842265875026303], [0.08641922667596566, 0.12065898668758847, 0.14587559607916417, 0.6470461905572817], [0.34311667237041604, 0.3401191347902029, 0.14521367637945576, 0.17155051645992495], [0.28472132798693184, 0.34790135738342487, 0.1223723316596327, 0.24500498297001053], [0.19655065735884442, 0.2501748844505999, 0.20908493634865183, 0.34418952184190377], [0.2504541122283328, 0.34550666899293125, 0.16664798079439092, 0.23739123798434492], [0.2656066412849946, 0.44672645267835354, 0.11242896360188574, 0.17523794243476595], [0.20887801562759278, 0.4359022722709765, 0.1326135541915014, 0.22260615790992938], [0.17892738556478077, 0.5817362966759275, 0.09259929512383677, 0.14673702263545502], [0.3867044123487215, 0.32443280013475095, 0.10195039612551156, 0.18691239139101598], [0.162345170113368, 0.4039125168566639, 0.09676754571314898, 0.33697476731681913], [0.29604678089620257, 0.27806276084009696, 0.15254439983347678, 0.27334605843022386], [0.14680012821183958, 0.18447683465997855, 0.24212699240343202, 0.4265960447247498], [0.36010442280877936, 0.3305010374085176, 0.16906646524109323, 0.14032807454160995], [0.3529076685993355, 0.3244481033794065, 0.10914767192287292, 0.21349655609838525], [0.19834492165742454, 0.1674107830566411, 0.45274500070491563, 0.18149929458101885], [0.5457294629060518, 0.13136711137777546, 0.11599657349133, 0.20690685222484279], [0.1362318747193231, 0.27245219786409214, 0.09799371470884101, 0.4933222127077438], [0.08540381433236831, 0.36682452621810147, 0.12588996933722163, 0.42188169011230864], [0.26626224034634705, 0.2366547075990681, 0.24539282475035337, 0.2516902273042314], [0.1831515524604947, 0.34589207047485765, 0.1726178195508809, 0.29833855751376653], [0.36188286348545806, 0.19951271652000516, 0.20434068079538714, 0.2342637391991499], [0.2518800914928445, 0.09309650250624489, 0.25505924890476356, 0.3999641570961471], [0.295691157292158, 0.18392607145490414, 0.21011363749998757, 0.31026913375295045], [0.34646493748756235, 0.37533814911952806, 0.10813192732618278, 0.17006498606672688], [0.43667364531611785, 0.21701732169150278, 0.13972682612398163, 0.20658220686839782], [0.20079693655053982, 0.27848845119038274, 0.23533822147648337, 0.28537639078259397], [0.2030384617951429, 0.16493443002889724, 0.1323780465836367, 0.49964906159232314], [0.23748525814266197, 0.28440342936624197, 0.13095412957262803, 0.347157182918468], [0.27471133577709816, 0.34145781328989055, 0.1952547127740143, 0.1885761381589972], [0.12639449715596526, 0.547006261599624, 0.11171435246612307, 0.21488488877828768], [0.22051802648317212, 0.38024266574418186, 0.18667547700499448, 0.21256383076765153], [0.14005800883922156, 0.5442062954257936, 0.12554421225635898, 0.19019148347862594], [0.23404269953554477, 0.31656226399289883, 0.1405149222837452, 0.30888011418781136], [0.21323865266071196, 0.29160194221906977, 0.19349558117166524, 0.30166382394855296], [0.12549937128346297, 0.3152895247328591, 0.08065646410131525, 0.4785546398823627], [0.45756837282593765, 0.11108979533575461, 0.11275687726244059, 0.31858495457586744], [0.25035119733753425, 0.28882325291448424, 0.14734696275335563, 0.31347858699462583], [0.1693076483929381, 0.3421656968081384, 0.24187836199853865, 0.24664829280038492], [0.23884582588107228, 0.2904599875918564, 0.3139003839093008, 0.15679380261777048], [0.16859882548068406, 0.3865337135760018, 0.14016566020148727, 0.3047018007418268], [0.2698432976943848, 0.23372372394093932, 0.369677455330312, 0.12675552303436383], [0.10029050504734521, 0.36093219531294646, 0.10664966142857786, 0.43212763821113037], [0.2264576106153856, 0.28897138159214436, 0.20235427609862497, 0.28221673169384504], [0.15452791086900974, 0.25484546630904537, 0.2858030364362774, 0.3048235863856674], [0.2038694551068796, 0.17914518973753316, 0.09060232064309429, 0.526383034512493], [0.09949866585957438, 0.42398170890509407, 0.22698372241187093, 0.24953590282346064], [0.1575702772955654, 0.2406848704190194, 0.2402036374704531, 0.3615412148149622], [0.16906944083837105, 0.15651036925793024, 0.5357167080679012, 0.13870348183579748], [0.3286776036074098, 0.32231785435918087, 0.1847893302680787, 0.16421521176533074], [0.20212834448786807, 0.4206161623440547, 0.2768439895898709, 0.10041150357820629], [0.39772456979426446, 0.23297521853308184, 0.20267925710680315, 0.16662095456585066], [0.12082878282034891, 0.333292280810688, 0.289518925241488, 0.2563600111274751], [0.21267167827243907, 0.3552349288443791, 0.19200974013128508, 0.24008365275189694], [0.1412132574005744, 0.198617719228819, 0.09074766400720762, 0.569421359363399], [0.5036461918267365, 0.18739840606188315, 0.0919006564489309, 0.21705474566244953], [0.4388310201898354, 0.3647588400309441, 0.10893317579225005, 0.0874769639869703], [0.1288654269083164, 0.2855136286323105, 0.23267707941131532, 0.3529438650480579], [0.25520327817486316, 0.22770096454942723, 0.13275916025261772, 0.3843365970230919], [0.15962223637964584, 0.3621902912245, 0.25338654152059154, 0.22480093087526257], [0.279027157348531, 0.20779145473954583, 0.2602065388599442, 0.25297484905197903], [0.344551520842422, 0.24889384207018098, 0.13121296019141285, 0.2753416768959842], [0.3692270753317468, 0.37681885887898453, 0.11568220568171463, 0.1382718601075542], [0.17317250713405868, 0.39731909963396533, 0.08813043871263376, 0.34137795451934216], [0.2439717395727718, 0.21400518375081057, 0.21847192833821635, 0.3235511483382013], [0.14730537226554138, 0.24521716169354515, 0.270205556466722, 0.3372719095741915], [0.223052441026895, 0.3150152050278141, 0.1892783833299163, 0.27265397061537455], [0.14748043778676692, 0.33284690530333805, 0.12186834201019155, 0.39780431489970347], [0.3146707271996832, 0.2694968533044359, 0.09053457366593728, 0.3252978458299435], [0.2579820071487972, 0.2345499912214573, 0.2957823496371394, 0.211685651992606], [0.09726340583052356, 0.2406167381543366, 0.12855906418634833, 0.5335607918287916], [0.288816114545042, 0.15505582656707542, 0.33518953303622034, 0.22093852585166213], [0.33446872505191116, 0.18099372839518532, 0.21336074706206806, 0.27117679949083545], [0.1395641847941637, 0.3442223693429931, 0.1721365438552406, 0.3440769020076026], [0.3428667023998362, 0.13712212763765172, 0.10365157050523868, 0.4163595994572734], [0.1532941834256608, 0.3276909889618191, 0.3180019320295916, 0.2010128955829283], [0.2540025213550618, 0.12839761405479033, 0.47722498040413325, 0.14037488418601476], [0.35566034695763243, 0.2732433127964432, 0.18804564500422247, 0.183050695241702], [0.3348632022899253, 0.3190581546233805, 0.2262935577609677, 0.11978508532572651], [0.19107987631953877, 0.182872746832395, 0.2279673614102512, 0.3980800154378151], [0.21682915941990222, 0.2785753086856162, 0.25844789102787863, 0.24614764086660298], [0.13556063981445945, 0.2267311831343739, 0.37507812985742917, 0.26263004719373756], [0.14653653479438183, 0.24450888185245895, 0.4309346730934837, 0.17801991025967548], [0.13638588361221227, 0.5370835208295052, 0.08462189191067568, 0.241908703647607], [0.2947078279049975, 0.40065660752012017, 0.08157821524719519, 0.22305734932768714], [0.33901491994708965, 0.16894865158892064, 0.18844232369045694, 0.30359410477353277], [0.18246894146566817, 0.28102143197185975, 0.18513258907010086, 0.35137703749237137], [0.1948625528359392, 0.44235327623636483, 0.09183081140378521, 0.27095335952391075], [0.17424461003903338, 0.23162820873923123, 0.1777378926612577, 0.4163892885604777], [0.3107425576301781, 0.25014161901689874, 0.10012175968225241, 0.3389940636706708], [0.1701707160977547, 0.34513604346218535, 0.29028562170195715, 0.19440761873810278], [0.42437921835892506, 0.16404522113573722, 0.10287854306856835, 0.3086970174367693], [0.31836074225520533, 0.323448668322284, 0.12649704830022146, 0.23169354112228918], [0.3304343067540461, 0.2581961036381655, 0.2705916987356181, 0.14077789087217024], [0.10983144085981952, 0.4295801509353323, 0.179551319401089, 0.2810370888037592], [0.5065888873312631, 0.15144409104152046, 0.10511062952268536, 0.23685639210453108], [0.1548002510378699, 0.3339196575775572, 0.15377596443758274, 0.35750412694699024], [0.31837890907466154, 0.21395566923496406, 0.17154563153681118, 0.29611979015356316], [0.19504821109088194, 0.5152211210649409, 0.09327591815223621, 0.19645474969194093], [0.18853568034733936, 0.25497713785252824, 0.1732523227519034, 0.38323485904822907], [0.1677337180865189, 0.4119046717035519, 0.20850185455284975, 0.2118597556570795], [0.23788018075783365, 0.23178648188388853, 0.2716231869726589, 0.25871015038561895], [0.20403444905684132, 0.32033125261016904, 0.14850583314947496, 0.3271284651835146], [0.27035187347010076, 0.19853702204085172, 0.15178249174580824, 0.37932861274323937], [0.34497659445637324, 0.3207920930070616, 0.16992794229557165, 0.1643033702409936], [0.21562035586070588, 0.23481759839216224, 0.19618934443372735, 0.3533727013134046]]}, "rewritten": {"ids": ["97105451", "97106820", "97106970", "97107920", "97109080", "97109570", "97110950", "97111790", "97116410", "97116800", "97118210", "98107410", "98109311", "98110810", "98111620", "98112170", "99107300", "99108330", "99108520", "99109311", "99109370", "99110730", "99119830", "99120010", "100109890", "100110260", "100113370", "100115700", "101108121", "101108370", "101114990", "101121640", "102109010", "102109850", "102110050", "102111990", "102112170", "102118380", "102121440", "103110100", "103111830", "103111930", "103112641", "103113170", "103113260", "103118291", "104111531", "104111830", "104112470", "104113000", "104113240", "104114410", "104116441", "104116800", "104116980", "104118070", "105113190", "105113480", "105114220", "105115720", "105116860", "105117200", "105117431", "105118230", "105119550", "105120280", "105121370", "106116640", "106117650", "106119990", "106120290", "106121190", "107112850", "107113840", "107114110", "107116340", "107116980", "107118490", "107121700", "108113620", "108113700", "108114360", "108119330", "108119510", "108120060", "108121190", "109116441", "109116810", "109116930", "109117600", "109118161", "109118231", "109120621", "110113591", "110114561", "110116170", "110117110", "110118181", "110119030", "110119891", "110120190", "110121450", "111114321", "111116640", "111116990", "111117200", "111119150", "111119610", "111119950", "111120531", "111121190", "111121351", "112116800", "112116850", "112116880", "112116990", "112117431", "112117571", "112118161", "112118421", "112118810", "112118890", "112119980", "112120270", "112120290", "112120670", "112121010", "112121360", "113117401", "113117550", "113118231", "113118490", "113118511", "113119340", "113120260", "113120601", "113120640", "113121220", "113121980", "113122160", "113122190", "113122430"], "labels": [0, 1, 2, 0, 2, 0, 3, 2, 3, 0, 2, 3, 1, 1, 3, 3, 3, 1, 2, 1, 1, 3, 1, 2, 3, 3, 3, 1, 0, 1, 3, 2, 1, 1, 3, 2, 3, 1, 2, 1, 3, 3, 3, 3, 3, 0, 0, 3, 1, 1, 2, 1, 1, 1, 1, 2, 3, 0, 3, 1, 2, 3, 1, 1, 1, 3, 2, 3, 1, 0, 2, 2, 1, 3, 1, 3, 3, 2, 3, 3, 0, 1, 0, 1, 1, 1, 3, 3, 0, 1, 0, 1, 1, 0, 0, 0, 0, 1, 0, 3, 3, 3, 1, 0, 0, 0, 3, 2, 0, 0, 1, 0, 0, 0, 0, 0, 0, 3, 0, 3, 3, 3, 0, 0, 1, 2, 2, 3, 3, 3, 3, 1, 1, 0, 3, 2, 0, 3, 2, 3, 1, 2], "predicted_labels": [3, 2, 3, 0, 1, 2, 3, 3, 2, 1, 3, 0, 2, 1, 2, 2, 3, 1, 0, 3, 1, 1, 3, 1, 0, 3, 1, 0, 1, 1, 3, 3, 1, 1, 3, 0, 0, 1, 2, 0, 0, 1, 3, 1, 3, 0, 0, 1, 3, 3, 1, 3, 1, 3, 3, 3, 0, 0, 0, 1, 1, 2, 1, 1, 1, 3, 1, 0, 1, 1, 1, 2, 3, 0, 3, 1, 0, 3, 1, 1, 2, 1, 1, 1, 3, 1, 0, 1, 3, 3, 0, 1, 3, 2, 1, 1, 0, 1, 3, 3, 3, 3, 1, 3, 0, 0, 1, 1, 3, 1, 2, 3, 1, 1, 1, 3, 0, 0, 0, 3, 1, 1, 1, 2, 2, 0, 1, 1, 3, 0, 0, 0, 1, 1, 1, 1, 1, 3, 1, 0, 3, 1], "confidence_scores": [[0.23547905117249707, 0.26736133650109656, 0.09445497036639817, 0.4027046419600082], [0.21317672134068275, 0.21850811123031658, 0.43583967824498177, 0.13247548918401897], [0.13233482098864807, 0.3089102550533181, 0.21072238123198264, 0.3480325427260511], [0.3422443291085072, 0.14515238110245093, 0.22511573394660656, 0.2874875558424353], [0.26270578215115387, 0.3316016366267685, 0.2686014996267985, 0.1370910815952791], [0.24331530525180103, 0.2533038985647415, 0.3579290730192839, 0.1454517231641736], [0.19837811108808814, 0.30486178453156154, 0.18277533977418456, 0.31398476460616587], [0.2519723021764062, 0.228155445866566, 0.10106499239453347, 0.4188072595624944], [0.1280623553872653, 0.2850019717795431, 0.411944452907729, 0.17499121992546263], [0.2543429909286016, 0.36404128797060636, 0.15044438423742698, 0.2311713368633652], [0.33258513566738346, 0.15100978111439614, 0.10072789675431236, 0.415677186463908], [0.33183712150567346, 0.25704609136027456, 0.18657094900207438, 0.22454583813197773], [0.27496223535960534, 0.2489957882762255, 0.2926935091194301, 0.18334846724473922], [0.30821722807289487, 0.3338922242679222, 0.11524309167153697, 0.24264745598764603], [0.13510313630202986, 0.30397665352236025, 0.44184514207944786, 0.11907506809616213], [0.2336367211444659, 0.20188504910775734, 0.33308406888372477, 0.23139416086405223], [0.29814776209897126, 0.2897358660973237, 0.0930475838688404, 0.31906878793486476], [0.18056448734629343, 0.33070072410941925, 0.22762756259713351, 0.26110722594715374], [0.33064623922771647, 0.312273209713034, 0.12428888819406014, 0.23279166286518946], [0.3341004204818622, 0.18597295935324792, 0.11199799285075909, 0.3679286273141309], [0.21616923181474706, 0.4586929551137082, 0.15351299384104716, 0.17162481923049758], [0.1427263925700204, 0.48273278121541535, 0.13010577858460615, 0.24443504762995832], [0.20723477042654226, 0.3085216245027696, 0.15841826081610802, 0.3258253442545802], [0.09347874382018613, 0.5751964263403724, 0.1899536598625112, 0.1413711699769301], [0.5324329005967824, 0.176692947488128, 0.10237893055986509, 0.1884952213552247], [0.08860052167475424, 0.09328701764558876, 0.05556387030206886, 0.7625485903775882], [0.22460132323427684, 0.41221408970742, 0.19302490440622305, 0.17015968265208006], [0.33764369970528757, 0.20184377443182622, 0.24341707306419513, 0.21709545279869122], [0.2745508747947651, 0.27870258633714773, 0.21011132626578294, 0.23663521260230425], [0.24514377731198161, 0.27351224306780225, 0.2451861639750874, 0.23615781564512883], [0.08392697444429095, 0.19518733133940816, 0.1220697380311226, 0.5988159561851782], [0.12293411707478481, 0.27962441012650197, 0.07573145628845399, 0.5217100165102594], [0.35176602990821665, 0.3958885893739444, 0.11276497644614195, 0.13958040427169696], [0.22583772724840764, 0.38529291591895026, 0.21464480062346086, 0.17422455620918137], [0.15772839410813075, 0.30775519396309714, 0.16332439794382142, 0.37119201398495083], [0.3513782051668419, 0.2436247399354467, 0.18502907982786462, 0.21996797506984692], [0.6166225414576263, 0.1586790260898061, 0.08948210303345304, 0.13521632941911452], [0.23035781814787096, 0.30128008956672137, 0.1879706348519903, 0.2803914574334174], [0.17256538163860746, 0.16988369841378792, 0.445277061797191, 0.2122738581504136], [0.352756646058031, 0.1733281367759456, 0.23053929119471836, 0.2433759259713053], [0.2911986637338459, 0.1624534743973276, 0.2862557041224517, 0.2600921577463747], [0.1477631071183756, 0.4200872334900691, 0.10660568774652776, 0.3255439716450275], [0.19640225215835386, 0.2842847902278239, 0.16689855995621847, 0.35241439765760396], [0.07791213696687482, 0.341471135440106, 0.3361979317361757, 0.2444187958568436], [0.17552858531500123, 0.3281304197597752, 0.15107939845622176, 0.34526159646900173], [0.4155529726144011, 0.23522616682597697, 0.17410620798862117, 0.1751146525710007], [0.3111501163970692, 0.29541673841622074, 0.10468783413778715, 0.2887453110489228], [0.15866279616688864, 0.4692501196102046, 0.13639120194174997, 0.2356958822811569], [0.12528104418102515, 0.152481178935767, 0.10151641322883433, 0.6207213636543736], [0.2006591114499912, 0.0843941544910274, 0.11936746923231036, 0.5955792648266709], [0.17076761658621, 0.4017302605555118, 0.25768478603604894, 0.1698173368222293], [0.18402166967497963, 0.3494021471517625, 0.0803937074127207, 0.3861824757605372], [0.24424918533302073, 0.35428295603592, 0.1369717912083141, 0.2644960674227452], [0.16309757072019637, 0.30781245260465, 0.14416572375524997, 0.3849242529199038], [0.1613624268337588, 0.15621862124983366, 0.30919866011965746, 0.37322029179675004], [0.10598265287747943, 0.18132348877591273, 0.30612288549653016, 0.40657097285007765], [0.44432528413195327, 0.1517371604637565, 0.24679665962046274, 0.15714089578382756], [0.3496895405558007, 0.28796812703824, 0.13490839825224385, 0.22743393415371557], [0.4321306023005559, 0.2619704275741061, 0.15370888684880332, 0.1521900832765348], [0.11232390707405863, 0.4036823815956298, 0.1515529677732258, 0.33244074355708564], [0.2806900754649346, 0.3349395218101738, 0.09720191377359122, 0.2871684889513005], [0.10290525119152992, 0.23233681124940886, 0.5509194679813396, 0.11383846957772172], [0.1904082880838375, 0.36631311953065093, 0.2697761001483056, 0.17350249223720618], [0.1505333636991744, 0.566908474870626, 0.14182536628169354, 0.14073279514850623], [0.28417984519848916, 0.5125405937447315, 0.08971903438556363, 0.11356052667121579], [0.1394809429126003, 0.2643791362242709, 0.25377918923189047, 0.34236073163123837], [0.1204070642380283, 0.45260143084685645, 0.3021855472868732, 0.12480595762824213], [0.31330535657577563, 0.23490992321410686, 0.1432567993444003, 0.3085279208657173], [0.30487327017375365, 0.3052682041546741, 0.2062011160054747, 0.1836574096660977], [0.17487069695333177, 0.4690168009870712, 0.09487602686056684, 0.26123647519903004], [0.19531423665398495, 0.3393397927878594, 0.22153261875482652, 0.24381335180332916], [0.2617366755727595, 0.1974835167769304, 0.2953626785860614, 0.24541712906424878], [0.24160559234838633, 0.25490022417259867, 0.13351913495008902, 0.3699750485289261], [0.4194012335488117, 0.3290428975091046, 0.10360530586055904, 0.14795056308152454], [0.11447412898693625, 0.30342476608658075, 0.25763084448878926, 0.3244702604376937], [0.16809312492519568, 0.37559744265453476, 0.09663380557169718, 0.3596756268485724], [0.3566917626938624, 0.27303360079417716, 0.09967259265449609, 0.2706020438574644], [0.17740571296899396, 0.1159461750169224, 0.17724972052638555, 0.5293983914876981], [0.24819487341121899, 0.331972577239915, 0.17937422222431912, 0.24045832712454693], [0.12281655061870508, 0.4954731025798075, 0.1659937041594736, 0.21571664264201387], [0.20971811993084805, 0.2375390211495664, 0.2917858116296035, 0.2609570472899821], [0.1222653629265953, 0.5409530443182455, 0.10922263139499742, 0.22755896136016185], [0.1880701776610193, 0.4119980950117556, 0.22954773156750025, 0.17038399575972485], [0.19581101712222307, 0.3547130762789447, 0.3148322103804184, 0.13464369621841382], [0.09663374399906462, 0.254753024575954, 0.294119537897842, 0.3544936935271394], [0.2030569595732554, 0.4539951511611187, 0.11996803213160338, 0.22297985713402238], [0.4231794401179992, 0.24577937077331283, 0.15782164276678973, 0.1732195463418983], [0.2887443094285875, 0.3793030441287297, 0.12109649816343176, 0.21085614827925112], [0.20907851932415292, 0.23535475839802342, 0.22861039628542662, 0.326956325992397], [0.15089838517946047, 0.30010635510110273, 0.07684978882073476, 0.47214547089870207], [0.5435669595724547, 0.15349631043296266, 0.055236257218700624, 0.24770047277588197], [0.2662659048496846, 0.40660523459953674, 0.1416974370128987, 0.18543142353788003], [0.21029598112054182, 0.21156293021119058, 0.2704663041352966, 0.307674784532971], [0.17001893293888853, 0.11789659350808249, 0.45269379040033997, 0.25939068315268904], [0.24223576225641724, 0.4052453522885016, 0.13053143282101917, 0.22198745263406194], [0.15044665297638124, 0.4032446150554933, 0.18234324046371608, 0.26396549150440934], [0.30014751501367404, 0.23880239948754073, 0.27866823702316795, 0.18238184847561753], [0.2233393482114593, 0.6271631923713291, 0.06336135194398704, 0.08613610747322462], [0.0907287874416582, 0.41996209506599314, 0.06344282650695518, 0.4258662909853936], [0.31318514785363133, 0.20549192259926852, 0.15185310463726456, 0.3294698249098357], [0.25419019082253763, 0.2940345872831553, 0.13197428664772662, 0.3198009352465806], [0.15848337222569872, 0.19265093654811005, 0.08092539364132965, 0.5679402975848619], [0.23995973120010358, 0.5011673409870279, 0.1533012595371932, 0.10557166827567545], [0.23670366827177705, 0.2515715570317678, 0.18671485153351827, 0.325009923162937], [0.5402175723506712, 0.16084516496616968, 0.12049926860525166, 0.17843799407790736], [0.3202485160220111, 0.211120989090181, 0.24109704682679067, 0.22753344806101722], [0.14534948985622181, 0.40983765403347244, 0.2284603175738552, 0.21635253853645045], [0.0968471403710891, 0.3531529385648144, 0.3305889735873203, 0.21941094747677622], [0.2430578525183036, 0.1716526622369864, 0.1624520704713403, 0.4228374147733697], [0.17700309735227773, 0.38544766847724726, 0.1978240258907515, 0.23972520827972366], [0.2289983219986471, 0.21298340729310689, 0.3261747682916445, 0.23184350241660162], [0.19137249604703574, 0.24451646596800727, 0.20786583447121007, 0.35624520351374694], [0.08434624134239573, 0.61239452340716, 0.1588234812476055, 0.14443575400283884], [0.2251456112142758, 0.49063766644249013, 0.0974380158092957, 0.1867787065339384], [0.18987989822078546, 0.36512455285966156, 0.1388150744020063, 0.30618047451754676], [0.2515914485680454, 0.29707995739480797, 0.11416684697682103, 0.33716174706032553], [0.39980904695902775, 0.32782464148377244, 0.1720905463029766, 0.10027576525422324], [0.5430845103341388, 0.09623813214206448, 0.17042944524916084, 0.1902479122746358], [0.6019023605711108, 0.11301726691291893, 0.1260014970855178, 0.15907887543045254], [0.18512673220402093, 0.3066877037025082, 0.18976275962285621, 0.31842280447061466], [0.17337741063274986, 0.624109183272241, 0.07976554636592363, 0.12274785972908545], [0.3648841178096555, 0.36726912565339426, 0.11326931552434763, 0.1545774410126025], [0.2867508553340258, 0.29189901571885196, 0.23002045607939986, 0.19132967286772237], [0.1596887916413352, 0.25204506752240974, 0.38517643545399227, 0.2030897053822629], [0.22760995190927877, 0.263662006608526, 0.3495985529552619, 0.15912948852693312], [0.3894055827907631, 0.29949234257594953, 0.1327427018623718, 0.17835937277091557], [0.14572675110293806, 0.3404389685381931, 0.2566057294051392, 0.2572285509537297], [0.3281490846704339, 0.35335408040952504, 0.1041782074629453, 0.21431862745709557], [0.2283106101227804, 0.19816181729539703, 0.15574318763398087, 0.4177843849478419], [0.3362829239920122, 0.21444188154800917, 0.11990139091535157, 0.329373803544627], [0.4644922684555157, 0.24650289844766343, 0.15504298420566304, 0.1339618488911579], [0.3931177944146855, 0.30571691218664926, 0.16675645071548895, 0.13440884268317627], [0.23146979333050124, 0.3289844564291384, 0.14412158954744222, 0.2954241606929182], [0.19248162017088857, 0.5034776045100499, 0.1304041789294271, 0.17363659638963447], [0.1842495745704867, 0.32920070330331114, 0.18206786273395065, 0.30448185939225125], [0.3020620976032575, 0.4156666453159446, 0.11565523084422677, 0.16661602623657115], [0.19573833178557615, 0.36698733657564425, 0.2231565578798435, 0.2141177737589361], [0.0587526439404486, 0.08766678791841105, 0.38802133003690537, 0.46555923810423494], [0.14309186842532026, 0.5244094205760262, 0.11607897488459189, 0.21641973611406162], [0.45603414780426127, 0.22954925655781458, 0.17506362312121584, 0.1393529725167084], [0.11910493897637854, 0.2667006096198802, 0.28114774429386297, 0.33304670710987844], [0.13129697300844415, 0.3357956568609419, 0.19733506489509264, 0.3355723052355213]]}}