{"test": {"ids": ["108114040", "105112130", "113117401", "111117571", "102109840", "107114621", "105118740", "98109311", "110115250", "100108990", "108121410", "113119930", "97106970", "106116850", "106116820", "98110810", "104111620", "107113840", "108120621", "104111531", "110118450", "100111380", "103120531", "102111990", "113120540", "112120670", "107114280", "113117630", "109117600", "105117431", "113118810", "109118161", "108116501", "105116501", "112119950", "111116040", "110121500", "109121410", "101110200", "97107821", "108113700", "104111830", "111121930", "113121680", "110117200", "106119990", "102116340", "103120290", "110120190", "110118880", "112116810", "98111670", "100108520", "112117571", "98107340", "107121230", "99114890", "113120780", "113122510", "110120531", "103113260", "108114180", "107117010", "105116980", "98113881", "99107630", "101108370", "111117120", "113121810", "113117340", "98106880", "111120540", "110116290", "101117580", "104113190", "112119580", "97106770", "107120130", "100109910", "112120630", "99113260", "98106560", "113120531", "110118161", "99109161", "112116501", "103110760", "108116120", "101109000", "99107950", "98111231", "108116481", "107120260", "112118930", "99109780", "104111990", "110115710", "99107660", "99111620", "105120621", "98110680", "104113380", "109117431", "100115700", "111115910", "113118870", "108115500", "98108580", "107118780", "107112850", "110115980", "101121640", "99108330", "98107210", "111121190", "106116120", "100116500", "112116850", "109118820", "110114321", "110117870", "103118291", "106117770", "113121950", "112116900", "111119300", "111116640", "105113260", "97105760", "112117780", "112118550", "97107260", "99108890", "106120290", "107121640", "99108460", "105116860", "99107640", "106112770", "98111860", "109116810", "99117740"], "labels": [0, 1, 3, 3, 2, 0, 1, 1, 1, 2, 0, 1, 2, 3, 1, 1, 0, 3, 1, 0, 0, 3, 3, 2, 3, 2, 3, 0, 1, 1, 3, 0, 0, 1, 0, 0, 3, 0, 2, 2, 0, 3, 1, 1, 3, 0, 3, 2, 3, 0, 3, 1, 2, 3, 0, 0, 2, 0, 2, 0, 3, 1, 1, 0, 3, 2, 1, 2, 2, 2, 0, 1, 2, 3, 3, 3, 3, 2, 2, 3, 0, 1, 0, 0, 3, 3, 1, 1, 1, 1, 1, 0, 1, 1, 2, 2, 2, 3, 3, 1, 2, 1, 1, 1, 2, 0, 3, 0, 1, 1, 1, 2, 1, 1, 1, 1, 2, 0, 3, 1, 3, 0, 0, 3, 3, 1, 0, 3, 0, 0, 3, 2, 0, 2, 1, 0, 2, 1, 1, 0, 3, 2], "predicted_labels": [1, 2, 3, 1, 1, 3, 2, 1, 1, 1, 3, 1, 2, 2, 0, 2, 0, 1, 2, 3, 1, 0, 3, 2, 1, 1, 1, 0, 1, 2, 0, 1, 3, 2, 0, 3, 0, 1, 3, 0, 3, 1, 2, 2, 0, 2, 3, 3, 3, 3, 1, 0, 3, 1, 2, 3, 1, 3, 1, 0, 3, 1, 2, 3, 0, 3, 3, 1, 2, 1, 0, 0, 0, 1, 1, 0, 2, 1, 2, 0, 2, 2, 3, 1, 0, 3, 3, 0, 3, 2, 0, 1, 3, 3, 2, 1, 1, 3, 0, 3, 2, 0, 0, 3, 1, 1, 1, 0, 1, 1, 3, 1, 3, 2, 0, 0, 2, 3, 0, 3, 3, 1, 3, 1, 0, 1, 3, 3, 3, 3, 3, 2, 1, 1, 1, 2, 1, 1, 1, 2, 3, 0], "confidence_scores": [[0.0026897388850156924, 0.7646289857112347, 0.22436010859073474, 0.00832116681301483], [0.010532127037447528, 0.14319299242208547, 0.731342296950865, 0.11493258358960204], [0.0020364545148178646, 0.0031449990508773487, 0.0015860056726268374, 0.9932325407616779], [0.03362588281368392, 0.7786015174447712, 0.00227165399384055, 0.1855009457477043], [0.04399908398283298, 0.8314630561558717, 0.07476099566098716, 0.04977686420030817], [0.3641647701386839, 5.74754493619999e-05, 7.616779963023828e-05, 0.6357015866123238], [0.009960542038233699, 0.13208953158809472, 0.726778622312612, 0.13117130406105953], [0.0277501529897248, 0.7123255379304584, 0.1700805267621535, 0.08984378231766323], [0.14232514374227306, 0.8326967052347198, 0.017988574033409456, 0.006989576989597456], [0.1378597594399672, 0.6803526066801492, 0.17233426198141438, 0.00945337189846925], [0.26458115283374867, 0.18371927526941403, 0.004726500643793331, 0.546973071253044], [0.011088818766104227, 0.9642245071728894, 0.0014125936057837324, 0.02327408045522247], [4.539009151492283e-05, 0.06899088848994882, 0.9299609857897966, 0.0010027356287397719], [0.00011404337959710483, 0.0012414048993418967, 0.9985779115775526, 6.664014350838248e-05], [0.8816099388210185, 0.011568341969668912, 0.08432061189756389, 0.022501107311748654], [0.0013000002658432042, 0.005189697157059764, 0.9925534656094172, 0.0009568369676799782], [0.6357309621747671, 0.19210252587057108, 0.05779239163635273, 0.11437412031830896], [0.05779828392140651, 0.7480310645228168, 0.0506810330458701, 0.14348961850990657], [0.05465507419025583, 0.35117040171957953, 0.4722072149126831, 0.12196730917748151], [0.01030987470404326, 0.0957486480816525, 0.09431121250677066, 0.7996302647075335], [1.806763800060862e-05, 0.9991649770119029, 0.0007522776299154599, 6.467772018122004e-05], [0.8682447664514555, 0.006158404168420433, 0.0949747588959314, 0.030622070484192562], [0.03292604706529199, 0.17269153711487498, 0.043877862147069485, 0.7505045536727635], [0.050440440049413025, 0.08495446638453955, 0.8596410485939842, 0.0049640449720631755], [0.4163542823200059, 0.5812803974789097, 0.0021834792326543557, 0.0001818409684301059], [0.0017411811858277977, 0.9242967745792321, 0.013520291597450756, 0.0604417526374895], [0.0014820699524307698, 0.5857079352762375, 0.28555453968592737, 0.12725545508540442], [0.5476612406019878, 0.02898072774778255, 0.05472851030699209, 0.36862952134323745], [0.11124967058830024, 0.3782913869242221, 0.35574722761742783, 0.15471171487004992], [0.04834757326258759, 0.3822346621721194, 0.5584075736021622, 0.011010190963130856], [0.5420511598870341, 0.1726424440803759, 0.2688982354073588, 0.016408160625231143], [0.001569765315369628, 0.9912193426647866, 0.0002637052251833366, 0.006947186794660614], [0.00029358777431801947, 0.01858362443083, 0.0012704439598706018, 0.9798523438349814], [0.39473275327431945, 0.023950596350228354, 0.48408560657203575, 0.0972310438034165], [0.9913564039996371, 9.44286664671771e-05, 4.418172664230876e-05, 0.008504985607253466], [0.0040173825905003065, 0.00010494927484630018, 3.326741609716552e-05, 0.9958444007185562], [0.9760041654120826, 0.023618919991523164, 0.00034749404480747826, 2.942055158684478e-05], [7.968680770853234e-06, 0.9861071542349648, 6.125322468295845e-05, 0.013823623859581356], [0.0017538521978067907, 0.33087169486689477, 0.00041715502922336684, 0.666957297906075], [0.5896083039373774, 0.2519126240785712, 0.14357789601943882, 0.014901175964612627], [0.015794228339197466, 0.030893551951778994, 0.015887056196775693, 0.9374251635122479], [0.0004139987119051811, 0.69469353532054, 8.816518208320396e-05, 0.30480430078547155], [0.008501823893661107, 0.000584819082045694, 0.8502833905931083, 0.140629966431185], [0.007334024932962522, 0.05361838169442819, 0.890422580911896, 0.04862501246071341], [0.8864660468290307, 0.10405183318507158, 0.0003434166937033857, 0.009138703292194284], [0.2841922807385723, 0.0010672347699354945, 0.7079547282966091, 0.006785756194883132], [0.005782381894963588, 0.0010748879245888229, 0.027174113176063087, 0.9659686170043844], [0.15700761639201663, 0.15205909877508839, 0.2985404938511393, 0.39239279098175583], [1.8942565946996955e-05, 0.014657069733462117, 0.0005705576974856201, 0.9847534300031052], [0.0027441711929254665, 0.08271580006146172, 0.00011624676979958767, 0.9144237819758132], [0.3587884596582246, 0.40078609819821936, 0.15894045577354277, 0.08148498637001332], [0.5540760904676587, 0.0004448708180818486, 0.011400537705382418, 0.43407850100887696], [0.00585885380505587, 0.00552861474572589, 0.4723502166209409, 0.5162623148282773], [0.0003349019200501284, 0.9914564017731342, 0.00254158893784292, 0.005667107368972782], [0.0014144380145284462, 0.0021570275295997327, 0.9938144214869632, 0.0026141129689086734], [7.21919717393755e-05, 0.0003759035257231084, 0.0008952403769949877, 0.9986566641255424], [4.862370242600893e-05, 0.7862049177525132, 0.013998754931851683, 0.19974770361320923], [0.04359373637504624, 0.15644664383032816, 0.003644349899853533, 0.796315269894772], [0.06086559652859212, 0.46718517854729696, 0.24474904416779006, 0.2272001807563208], [0.8551608417111424, 0.14373074177030953, 1.7101898184296437e-05, 0.0010913146203637347], [0.1150134513132097, 0.0038306739689913057, 0.0013999828570922634, 0.8797558918607067], [0.06963070154292007, 0.8718941491563673, 0.022358393910751177, 0.0361167553899614], [0.05356410277886496, 0.1185123185097391, 0.7199323252287159, 0.10799125348268011], [0.07522252329960756, 0.23691657592587542, 0.0003384998262553486, 0.6875224009482617], [0.6565381725245079, 0.2318994504242039, 0.09056915179741602, 0.0209932252538721], [0.030019316371793208, 0.019560184108619802, 8.785077775014729e-06, 0.950411714441812], [0.12794508760754328, 0.3597747792430268, 0.006886079866847265, 0.5053940532825827], [0.3868888685476954, 0.605323661864388, 0.006934843973174321, 0.0008526256147422961], [0.003073144474684562, 0.03251072395404305, 0.9477002954722676, 0.01671583609900477], [0.007889687995534996, 0.7965969355366129, 0.0006844342239302447, 0.1948289422439218], [0.8417674939086438, 0.1495569449204602, 0.008579019693272752, 9.654147762341769e-05], [0.8744176858671291, 0.07876840995784386, 0.0467207837225739, 9.312045245335453e-05], [0.7399726246076664, 0.004063162003652443, 0.0497066363060091, 0.20625757708267214], [0.05351263651062375, 0.6787149094628714, 0.19845416396464557, 0.06931829006185933], [7.748704568551455e-05, 0.9713183828013255, 0.026192499503710113, 0.0024116306492788747], [0.9885634025911458, 8.825176346299797e-05, 4.182302940663393e-05, 0.011306522615984528], [0.030122926516562214, 0.007512993328979884, 0.9148522466816279, 0.0475118334728299], [0.00013441591017437557, 0.694263109900654, 0.30478193203408993, 0.0008205421550817307], [0.08701109094401795, 0.000317394123149618, 0.5584295471832089, 0.3542419677496235], [0.9712552271051288, 0.014839996082716115, 0.0010198537760096645, 0.012884923036145553], [0.004713624582746022, 0.04238467014392247, 0.8431172807911299, 0.10978442448220159], [0.08432601587909068, 0.01223658844136941, 0.6953136749009355, 0.2081237207786043], [0.04698111198683883, 0.0010721657561511403, 0.0018065132999515179, 0.9501402089570585], [0.02580175694615334, 0.9056124516213605, 0.008321429125006974, 0.060264362307479155], [0.5526584375142948, 0.2512017753778757, 0.18557720658331445, 0.01056258052451513], [0.16506901834018461, 0.00015500276119950336, 0.0020641449692267028, 0.8327118339293892], [0.022142818612937515, 0.0005635269691221428, 0.0009687969838676988, 0.9763248574340726], [0.5159377963996181, 0.16304012857352915, 0.07129493891211557, 0.24972713611473712], [0.0003913945850486875, 0.08397470581052811, 6.505891876311245e-05, 0.91556884068566], [0.0019193478587523976, 0.3277213179178689, 0.6584229349380738, 0.011936399285304877], [0.6399804278709085, 0.08745325078808151, 0.23842173606571962, 0.03414458527529024], [0.018747343103204018, 0.6165092697047356, 0.00038389769947129606, 0.3643594894925892], [0.08255008220235896, 0.25308507502179173, 0.07778269023874244, 0.5865821525371069], [0.005539161389829011, 0.013475298825778435, 0.005878226234078363, 0.9751073135503141], [0.0028363968271183392, 0.0012392059952742918, 0.8656063770538515, 0.1303180201237559], [0.0009678763375125561, 0.9252841419403403, 0.0734285889431296, 0.0003193927790177256], [0.21114557186959915, 0.7709968077997643, 0.006971519359607206, 0.01088610097102941], [0.06097264504634143, 0.003923153590709904, 0.014177834860352253, 0.9209263665025964], [0.6078762516974068, 0.334960213095981, 0.056965152256577625, 0.00019838295003460913], [0.20451769752345242, 0.004329736844939072, 0.00013287608055664136, 0.7910196895510517], [0.03242144693635573, 0.30552309127150307, 0.6549944596270894, 0.0070610021650517945], [0.5514222478590803, 0.023197200510310923, 0.03360919864763614, 0.39177135298297266], [0.8256414974255506, 1.3807651078339707e-05, 0.0014720452692586876, 0.17287264965411225], [0.0012988970757994395, 0.07890689412807178, 0.00266631019827203, 0.9171278985978568], [6.235320860566092e-05, 0.9997003625169054, 0.0001371732507904067, 0.00010011102369853752], [0.03938097516117748, 0.9589498289671259, 0.0010095597459096673, 0.00065963612578706], [0.0615452054951148, 0.41270520250266995, 0.16568929140912406, 0.36006030059309113], [0.5368884822186822, 0.35496193721894537, 0.10727265196377955, 0.0008769285985927104], [0.03821279996372254, 0.9456036619722565, 0.002681008081251628, 0.01350252998276944], [0.002625318180171829, 0.9567564676476139, 0.031170491476339865, 0.00944772269587436], [0.274283130277506, 0.039121988967064876, 0.0204397328376015, 0.6661551479178276], [0.0006682734594697314, 0.8062058037923281, 0.0008666668335578638, 0.19225925591464432], [9.755577021688049e-05, 7.152869405581613e-05, 0.011689088925087006, 0.9881418266106402], [0.015154562649352577, 0.029567112042922606, 0.5856764119984619, 0.369601913309263], [0.9776144990915369, 0.01189865072391045, 0.008644109823663721, 0.0018427403608888035], [0.9833072395653278, 0.011136161116497057, 0.003663342273665733, 0.0018932570445093944], [0.07950752962444453, 0.0007265428143367491, 0.8719955532961337, 0.047770374265085014], [0.033178248650136175, 0.3201437413344002, 0.00903592871104143, 0.6376420813044222], [0.7644311338556153, 0.2325963769289326, 0.0018700861361396726, 0.0011024030793124646], [0.21401146261112974, 0.26918309247039873, 0.0018505848768814554, 0.5149548600415901], [0.005595819595803479, 9.183495866724824e-06, 0.00011670391204399795, 0.9942782929962857], [0.38133459417592636, 0.39198687525468584, 0.1323648252002804, 0.09431370536910746], [0.35359634843109966, 0.0031414477217007256, 0.22269397762427254, 0.4205682262229271], [0.24753451582039188, 0.43173885670856577, 0.04408389314221935, 0.276642734328823], [0.6038647087437398, 0.06463168053428311, 0.027292052641335753, 0.3042115580806415], [0.07180736267575624, 0.8362043773974533, 0.08509290362617422, 0.006895356300616189], [0.16189180544026696, 0.004809103574104816, 0.03128713806727082, 0.8020119529183575], [0.0024223011167920894, 0.15559271847205566, 0.007429073523945941, 0.8345559068872063], [0.2098444561623218, 0.3504497751219557, 0.004535308961305066, 0.43517045975441737], [0.12449811034586884, 0.12621996780558753, 0.001352580568862109, 0.7479293412796815], [0.3203133893632111, 0.033031700451903845, 0.0034584970307637497, 0.6431964131541213], [0.26366710951484074, 0.28442316876250634, 0.4349406679374323, 0.016969053785220563], [0.2009154829485602, 0.48795583635994194, 0.16324685788217302, 0.14788182280932496], [0.011932719485707193, 0.6972071006113023, 0.263324542894761, 0.027535637008229474], [0.010236656051404537, 0.7759022681284901, 0.1985124860323558, 0.015348589787749481], [0.0004720805297410114, 0.2206120242339548, 0.6889640889211344, 0.08995180631516983], [0.24077264303293666, 0.5588214318151791, 0.20031966232536522, 8.626282651898437e-05], [0.009274697893034142, 0.8396207439253307, 0.07675258350056421, 0.07435197468107081], [0.0004042436084100497, 0.9976457691669087, 0.001321268474118673, 0.0006287187505626151], [0.000192367829680687, 0.0007832468806375829, 0.9662410557220111, 0.032783329567670653], [0.0026636242036278627, 0.03030342595678585, 2.7270591543804942e-05, 0.9670056792480425], [0.6045934557006202, 0.10107546882843535, 0.2106831434058806, 0.08364793206506366]]}, "rewritten": {"ids": ["97105760", "97106770", "97106970", "97107260", "97107821", "98106560", "98106880", "98107210", "98107340", "98108580", "98109311", "98110680", "98110810", "98111231", "98111670", "98111860", "98113881", "99107630", "99107640", "99107660", "99107950", "99108330", "99108460", "99108890", "99109161", "99109780", "99111620", "99113260", "99114890", "99117740", "100108520", "100108990", "100109910", "100111380", "100115700", "100116500", "101108370", "101109000", "101110200", "101117580", "101121640", "102109840", "102111990", "102116340", "103110760", "103113260", "103118291", "103120290", "103120531", "104111531", "104111620", "104111830", "104111990", "104113190", "104113380", "105112130", "105113260", "105116501", "105116860", "105116980", "105117431", "105118740", "105120621", "106112770", "106116120", "106116820", "106116850", "106117770", "106119990", "106120290", "107112850", "107113840", "107114280", "107114621", "107117010", "107118780", "107120130", "107120260", "107121230", "107121640", "108113700", "108114040", "108114180", "108115500", "108116120", "108116481", "108116501", "108120621", "108121410", "109116810", "109117431", "109117600", "109118161", "109118820", "109121410", "110114321", "110115250", "110115710", "110115980", "110116290", "110117200", "110117870", "110118161", "110118450", "110118880", "110120190", "110120531", "110121500", "111115910", "111116040", "111116640", "111117120", "111117571", "111119300", "111120540", "111121190", "111121930", "112116501", "112116810", "112116850", "112116900", "112117571", "112117780", "112118550", "112118930", "112119580", "112119950", "112120630", "112120670", "113117340", "113117401", "113117630", "113118810", "113118870", "113119930", "113120531", "113120540", "113120780", "113121680", "113121810", "113121950", "113122510"], "labels": [0, 3, 2, 2, 2, 1, 0, 1, 0, 0, 1, 2, 1, 1, 1, 0, 3, 2, 1, 3, 1, 1, 0, 0, 3, 2, 3, 0, 2, 2, 2, 2, 2, 3, 1, 2, 1, 1, 2, 3, 2, 2, 2, 3, 1, 3, 0, 2, 3, 0, 0, 3, 2, 3, 1, 1, 3, 1, 2, 0, 1, 1, 1, 1, 1, 1, 3, 0, 0, 2, 1, 3, 3, 0, 1, 1, 2, 1, 0, 1, 0, 0, 1, 3, 1, 0, 0, 1, 0, 3, 1, 1, 0, 3, 0, 1, 1, 2, 1, 2, 3, 3, 0, 0, 0, 3, 0, 3, 2, 0, 0, 2, 3, 1, 1, 1, 1, 3, 3, 0, 3, 3, 0, 3, 1, 3, 0, 3, 2, 2, 3, 0, 3, 0, 1, 0, 3, 0, 1, 2, 3, 2], "predicted_labels": [1, 2, 2, 3, 1, 2, 0, 1, 2, 2, 1, 2, 2, 1, 3, 2, 1, 0, 1, 0, 2, 3, 1, 1, 0, 2, 2, 2, 1, 0, 0, 2, 0, 0, 3, 0, 1, 1, 3, 3, 3, 1, 2, 1, 0, 1, 1, 1, 0, 3, 0, 1, 1, 1, 3, 1, 3, 3, 0, 3, 1, 3, 3, 1, 0, 0, 2, 3, 0, 1, 3, 0, 3, 0, 3, 1, 1, 3, 3, 2, 1, 3, 1, 2, 3, 0, 1, 2, 0, 3, 3, 1, 3, 0, 3, 0, 3, 1, 0, 2, 0, 3, 1, 3, 3, 3, 1, 1, 1, 3, 3, 0, 1, 0, 0, 0, 0, 0, 1, 1, 1, 3, 0, 0, 2, 3, 0, 0, 1, 1, 3, 0, 0, 1, 1, 0, 0, 3, 3, 2, 2, 3], "confidence_scores": [[0.23526805602818782, 0.6271545032016587, 0.010960281108500274, 0.12661715966165338], [0.40786912678510856, 0.10668793117708252, 0.48341390187614924, 0.002029040161659767], [0.005379275532120559, 0.07916523315586504, 0.7774416727007917, 0.13801381861122286], [0.0004092695699232073, 0.06687298921926173, 0.019936211951052527, 0.9127815292597624], [0.23724969247508343, 0.44054425352583454, 0.16523590814343678, 0.15697014585564528], [0.19793278701384118, 0.07369230718159189, 0.43648354007058576, 0.2918913657339811], [0.9917060608108551, 0.0011901776645382432, 0.006670167137368205, 0.0004335943872383237], [0.00031812349365862344, 0.9293941629982269, 0.04815350136236677, 0.022134212145747654], [0.11051978295185402, 0.016824624638913908, 0.8586116986395815, 0.014043893769650689], [0.3836821417542276, 0.09303496653471778, 0.5195225150517977, 0.003760376659257015], [5.315131508061874e-05, 0.9819814419201173, 0.011425736163500061, 0.006539670601302162], [0.24292535187402797, 0.08599756237185073, 0.6228251185336212, 0.04825196722050015], [0.001214547944093219, 0.00377016086132737, 0.9771585017042425, 0.01785678949033688], [0.3810382002478907, 0.3865361521718013, 0.11948085682047441, 0.11294479075983355], [0.08177111945755365, 1.0118462808850268e-05, 0.0024873606790636266, 0.9157314014005739], [0.001886919563048352, 0.0016183855188206843, 0.9759708745880421, 0.020523820330088833], [0.0010280433724792592, 0.9982815699190672, 0.0005990054329126322, 9.138127554080561e-05], [0.9735913924392298, 0.013074226046084778, 0.0038371869421051515, 0.009497194572580097], [0.007450748559359157, 0.6923938994521377, 0.0005631468781317436, 0.2995922051103713], [0.7150129954997025, 0.006125565735282833, 0.014934653139070747, 0.2639267856259437], [2.368962031456762e-05, 0.0019527913527410804, 0.9830073400518345, 0.015016178975109784], [0.0009003899486751771, 0.008994566540408887, 0.0014009777792519187, 0.988704065731664], [0.0003010292130779433, 0.9492458608256441, 0.01121420858703876, 0.039238901374239306], [0.029285359489361278, 0.6942130297058323, 0.0010135713509358906, 0.27548803945387057], [0.5176277577681048, 0.1354472731439034, 0.34368361798480135, 0.0032413511031904626], [0.009899670864852541, 0.02912942424419683, 0.9600938729577622, 0.0008770319331883728], [0.0014756912456890816, 0.16864229680128368, 0.8255183608927854, 0.004363651060241909], [0.0011803205901772596, 0.01321809834831677, 0.9640087151604944, 0.021592865901011428], [0.06276411002792358, 0.5654713021474326, 0.3706035871131522, 0.0011610007114916567], [0.9769603761197436, 0.0013754536851793508, 0.014380212686107122, 0.007283957508969842], [0.9223812771661282, 0.01860337327201288, 0.05610413319257538, 0.0029112163692835203], [0.03288762410724467, 0.17090151389262415, 0.7403984276810022, 0.055812434319129064], [0.6208647738571355, 7.238859763746559e-06, 0.37228544212667547, 0.006842545156425397], [0.6975803784331311, 0.002054399044837696, 0.2917985090409677, 0.008566713481063554], [0.01557422312626398, 0.00207220961010195, 0.27929655981132673, 0.7030570074523074], [0.5625913356580918, 0.005694291842186411, 0.4045759239151362, 0.02713844858458559], [0.008085011200262277, 0.9196296085591855, 0.07187707491361892, 0.00040830532693313234], [0.00018086495120248866, 0.9838552553050335, 0.0001005656008705521, 0.01586331414289355], [0.00021196094691161395, 0.08274259417098623, 0.0022046096676184785, 0.9148408352144837], [0.0034071798385771008, 0.36615577998715954, 0.18017405358330946, 0.45026298659095393], [0.0006444886338950337, 0.0823364186559131, 0.0006023657501881811, 0.9164167269600036], [0.00016698621446542504, 0.9976494627222668, 5.614257359383724e-05, 0.0021274084896738877], [0.04463951087686306, 0.06484407077851094, 0.8856396440446882, 0.004876774299937671], [0.0018906684353318368, 0.9856603030835959, 0.00044629344811247356, 0.012002735032959816], [0.9004808951974983, 0.0010154712889012014, 0.08734456099418274, 0.011159072519417812], [0.004819868450624288, 0.9815227210399053, 0.002158365631711135, 0.011499044877759336], [0.1636282639675818, 0.7813730176778548, 0.00021611994576293462, 0.05478259840880063], [0.00018066473563322039, 0.6410321257414747, 0.34404208999295877, 0.014745119529933178], [0.9633099564200698, 0.023885511761115714, 0.0010921744400997288, 0.011712357378714715], [0.024971202969511688, 0.3175223532403749, 0.009388260148956806, 0.6481181836411566], [0.8046257190341128, 0.003861981129532667, 9.048918996492085e-05, 0.1914218106463894], [0.15002228479741198, 0.821004487393194, 0.008151254216835399, 0.020821973592558534], [0.007476335319556484, 0.523950884222443, 0.4683432257352217, 0.0002295547227788615], [0.15463420167756176, 0.8416973676644075, 0.002692008393273328, 0.0009764222647574597], [0.025610972462910896, 0.002924335438830898, 0.2578341789964919, 0.7136305131017663], [2.3472749123257938e-05, 0.6464165692974144, 0.3527173682954431, 0.0008425896580192313], [0.058215999205546716, 0.0016601157932800029, 0.00022744894503628617, 0.939896436056137], [0.0012303292111367663, 0.0016932931707329473, 0.01313464991821648, 0.9839417276999138], [0.5769181847918607, 0.4184409788680087, 0.00463310749571555, 7.72884441507608e-06], [0.0013526196157401286, 0.02282725543784531, 1.378360174878641e-05, 0.9758063413446658], [0.001727076044206723, 0.9405574401365598, 0.04922206231243611, 0.008493421506797163], [0.2906069233499723, 0.004995642112727235, 0.2902971648724632, 0.4141002696648372], [0.20323203347942312, 0.0012056001919085208, 0.010100420923055766, 0.7854619454056126], [0.003234611887726971, 0.9766414673598857, 0.015149910700479824, 0.004974010051907539], [0.9687191592329691, 0.027630782026295084, 0.0011548975746530298, 0.002495161166082774], [0.9984077811348953, 7.753493920427201e-07, 1.6980870309652714e-06, 0.0015897454286818284], [0.22418926045051102, 0.007591126799770597, 0.7006935680186296, 0.06752604473108864], [0.002088452255804025, 5.3773025103795694e-08, 0.0068444752987616726, 0.9910670186724092], [0.7197661157950314, 0.15465337873947202, 0.0024064148282634474, 0.12317409063723316], [0.0044962357234273505, 0.793423993342754, 0.06829683921775645, 0.13378293171606204], [0.0008141233056421688, 0.4858481861607127, 0.009163514398055923, 0.5041741761355892], [0.9735127578455374, 0.020746493893676853, 0.004970341029002055, 0.0007704072317839319], [0.0007156875425496206, 0.24565186367359912, 0.0021542449842541183, 0.7514782037995971], [0.5286887201507109, 0.03361212190873314, 0.008814281503718832, 0.4288848764368372], [0.0008502559766051249, 0.0075650185164592475, 0.012268040347163525, 0.9793166851597721], [0.002282930235976927, 0.9593854820094109, 0.0023910579144962893, 0.03594052984011593], [0.2088306114920814, 0.6086014798373057, 0.17160087395385715, 0.010967034716755829], [0.19386633488746854, 0.10393435806898137, 0.19833452089671888, 0.5038647861468312], [0.00015419421420110807, 0.0012890464050509438, 0.0035355104396131696, 0.9950212489411348], [0.0006080295681916377, 0.008059031563387059, 0.987667213374246, 0.003665725494175354], [0.013929998557036355, 0.6830801564251564, 0.19915260121442527, 0.10383724380338186], [7.254031549515627e-05, 0.008639389513845895, 0.1066144544358295, 0.8846736157348295], [8.197769900221655e-05, 0.9996838362263123, 0.0002013297456884493, 3.285632899716617e-05], [0.0007494223956603342, 0.000832383519744386, 0.7260959677484283, 0.27232222633616693], [0.2324110343724234, 0.017718726055937144, 0.09137400709489009, 0.6584962324767494], [0.6932786159523151, 0.0691528502740637, 0.009145304686815531, 0.22842322908680568], [5.569654758371148e-06, 0.6759664100210919, 0.05517593218641505, 0.26885208813773465], [0.014326651326089592, 0.006493326011752839, 0.9395551210193024, 0.03962490164285504], [0.9418641022272785, 0.0368583327928697, 0.011356682737114602, 0.009920882242737248], [0.0005184109059053605, 0.0185709916170908, 6.3299086095999665e-06, 0.9809042675683941], [0.36461305423289825, 8.454656762117137e-06, 0.0002573948778615051, 0.635121096232478], [0.02467194740814545, 0.41679132319865897, 0.212178248804151, 0.34635848058904456], [0.007015013196532269, 0.018438507334535843, 7.683348088917309e-05, 0.9744696459880428], [0.8315809120862263, 0.0009826013381730283, 0.12052577390304188, 0.04691071267255893], [8.828031028945442e-05, 0.024778700513130206, 0.00011116855151418877, 0.9750218506250662], [0.7743035241265043, 0.01172559926993188, 0.21064886867711488, 0.003322007926449154], [0.029563454113410617, 0.20493739494169974, 0.07291204689795353, 0.692587104046936], [0.020817305856030387, 0.8948503578503999, 0.001195683257517389, 0.08313665303605246], [0.9762851345448205, 0.0001571922617221965, 0.0054198368904852644, 0.018137836302972228], [0.0488486264582674, 0.0012713060812294143, 0.5395963232440542, 0.410283744216449], [0.9757494299832024, 0.001605441376796437, 0.005136966495531627, 0.017508162144469607], [0.04563886046212312, 0.030667640349726764, 0.0021007870529910207, 0.9215927121351591], [0.16313031469642508, 0.5996375640109861, 0.22722810417369665, 0.010004017118892044], [1.888850572143243e-05, 0.0025327805037014674, 0.0002861421438816657, 0.9971621888466953], [0.0046801714242522986, 0.36455416199096075, 0.0003248617871930221, 0.630440804797594], [1.2227108934988434e-05, 0.06050677253004279, 0.3268979170699397, 0.6125830832910825], [0.13833257971949597, 0.8567548287568096, 0.00030770887039968333, 0.004604882653294507], [0.4191780349333232, 0.577303843748994, 0.00023831896953833317, 0.0032798023481443546], [0.0014088422966583513, 0.6938215887492758, 0.30344395847670874, 0.0013256104773569195], [0.009780962527292348, 0.00016334933619261, 1.0282517444634063e-06, 0.9900546598847707], [0.06140100723228545, 0.006746552429888546, 0.03465463623166361, 0.8971978041061625], [0.586285614592178, 0.4077384319542974, 0.0026773371855233737, 0.0032986162680012396], [0.002740945008469839, 0.8568774570867327, 0.14013174858434638, 0.0002498493204512751], [0.32084747810724323, 0.20720686629262677, 0.19208728845169123, 0.2798583671484387], [0.48558075968771236, 0.24259654071895484, 0.2677387269316653, 0.004083972661667644], [0.9400560630102105, 7.077303183320618e-06, 0.002466913372321861, 0.05746994631428416], [0.893938540167587, 0.005993382887255764, 0.09989347529527978, 0.0001746016498775707], [0.9322022471523401, 0.0018009757562866913, 0.0015669430703534905, 0.06442983402101975], [0.08432927674197058, 0.7391318104168442, 0.03811987744343591, 0.13841903539774936], [0.013277497770255473, 0.9793739167191536, 0.0009458534807993229, 0.006402732029791572], [0.0014509335607275854, 0.7794772128367556, 0.00026775017477999427, 0.2188041034277368], [0.0043636205203592465, 0.13577822286834784, 0.003974616040865048, 0.8558835405704278], [0.9041343294152451, 0.06267500114096008, 0.00635381973778585, 0.026836849706009025], [0.6322192650889168, 0.21154934022006236, 0.0016337365929962463, 0.15459765809802456], [0.0002200755638756794, 0.00036806698152433843, 0.6302666766554148, 0.3691451807991851], [0.4197393010800427, 4.7821307264198936e-05, 0.00024580191967018503, 0.5799670756930229], [0.7313496142015568, 0.14079166010950508, 0.004529172921729943, 0.12332955276720807], [0.7893760433352547, 0.015973004784519206, 0.017828893797887522, 0.1768220580823386], [0.0025035212295101777, 0.5184683853629407, 0.4594816969528247, 0.019546396454724335], [3.499143090060844e-05, 0.9994104559633508, 0.00014808699215229204, 0.0004064656135965041], [0.0014854874385860392, 1.3361777783501241e-05, 0.0004265778083830788, 0.9980745729752475], [0.9288730386775905, 0.0009401738967429049, 0.0017561337727245248, 0.0684306536529422], [0.8385550204819989, 0.028531263431470666, 0.08945843701575448, 0.04345527907077593], [0.020939252025198883, 0.9780976159473557, 0.0006481041318735904, 0.00031502789557187475], [0.00031316949272933945, 0.9995522404663492, 7.608073253272144e-07, 0.0001338292335960133], [0.982316276327398, 0.008045012832920997, 0.0012034565824296521, 0.008435254257251324], [0.720614132594595, 0.22426367207288736, 0.02735536049708721, 0.02776683483543046], [9.178631104320705e-06, 0.0006212949726571719, 9.682708530245321e-07, 0.9993685581253854], [0.021605425134020983, 0.001736286506961356, 0.0031716550182755553, 0.9734866333407421], [1.828918871585357e-06, 0.018434111500677766, 0.9685552532436587, 0.013008806336791882], [0.06851116890503968, 0.1397434446374952, 0.5911275399979323, 0.2006178464595327], [0.001048590528401168, 0.1127647607437093, 0.2760214713874011, 0.6101651773404885]]}}