{"test": {"ids": ["111116100", "100109910", "110118930", "98106680", "102116500", "109121351", "113119300", "109113931", "112120700", "113119450", "110117080", "108120060", "104113000", "111119150", "104118070", "108117360", "108120280", "99108080", "107118520", "97110950", "110120540", "104111880", "113121190", "108115070", "101108950", "97106970", "106119260", "111114941", "112117461", "110121720", "100116790", "101108621", "97109570", "112118810", "107114280", "113120260", "111117000", "103111170", "97113260", "103112641", "98121790", "113118421", "101112540", "110118161", "103113640", "111118910", "97107920", "107118820", "111117571", "98106880", "110120531", "107114321", "108121190", "102121440", "108118810", "101108080", "109114720", "108114180", "107119130", "97106000", "99111000", "112117210", "109117150", "100110260", "110118121", "110118810", "108118301", "105115380", "113118231", "112118930", "103118110", "105115680", "102111990", "110116300", "113117630", "110118111", "107114621", "103117200", "98110680", "110120190", "98107010", "111121220", "110118181", "111119580", "111115910", "99112840", "105119950", "106118301", "112116501", "104109311", "110116170", "105111990", "110120700", "110118630", "97105760", "105120280", "104112201", "100109311", "106116850", "98112170", "112117431", "101116130", "99109860", "99107500", "113118111", "110115250", "102110240", "112116900", "100109801", "102110050", "104119290", "106116640", "97116790", "106115250", "104114240", "113120280", "107121230", "112121360", "98108520", "103111540", "111119340", "108120621", "112120540", "98112300", "113122220", "112116290", "103111990", "112120990", "111114121", "112117580", "99111340", "111120531", "111116010", "113119360", "110121450", "99109910", "112118511", "101111990", "99108310", "104110960", "111119430", "112116610"], "labels": [3, 2, 1, 1, 1, 0, 1, 1, 2, 3, 1, 1, 1, 3, 2, 1, 3, 3, 2, 3, 1, 3, 1, 1, 2, 2, 1, 0, 0, 3, 2, 0, 0, 3, 3, 3, 0, 2, 1, 3, 2, 3, 2, 0, 1, 0, 0, 3, 3, 0, 0, 0, 1, 2, 1, 0, 0, 1, 1, 0, 2, 1, 2, 3, 3, 1, 1, 1, 3, 1, 2, 2, 2, 3, 0, 1, 0, 0, 2, 3, 3, 3, 1, 3, 2, 2, 3, 1, 3, 3, 0, 2, 2, 1, 0, 3, 0, 1, 3, 3, 0, 2, 2, 0, 1, 1, 3, 3, 0, 3, 1, 3, 2, 2, 0, 0, 0, 3, 2, 1, 3, 1, 3, 2, 1, 0, 2, 2, 0, 0, 1, 0, 1, 0, 3, 2, 1, 2, 2, 2, 3, 1], "predicted_labels": [1, 3, 1, 1, 3, 0, 3, 3, 3, 1, 3, 1, 3, 1, 1, 3, 3, 1, 3, 0, 1, 3, 3, 1, 1, 1, 3, 1, 0, 3, 1, 3, 3, 1, 1, 1, 3, 1, 3, 1, 3, 3, 3, 1, 0, 3, 0, 1, 3, 0, 3, 0, 1, 0, 1, 0, 3, 3, 1, 1, 3, 1, 1, 0, 1, 3, 1, 1, 1, 1, 1, 1, 1, 3, 1, 0, 3, 1, 1, 3, 1, 3, 1, 0, 3, 1, 1, 0, 1, 3, 3, 1, 1, 3, 1, 1, 3, 1, 1, 0, 3, 1, 1, 1, 3, 3, 1, 1, 3, 3, 1, 3, 3, 1, 1, 3, 3, 1, 0, 3, 3, 3, 3, 0, 0, 1, 3, 1, 0, 1, 1, 3, 1, 3, 1, 3, 3, 1, 1, 3, 1, 1], "confidence_scores": [[0.24317970917970927, 0.31704985569985566, 0.16159320956820958, 0.2781772255522257], [0.2394073060926003, 0.2590029811691577, 0.1986113636363637, 0.30297834910187865], [0.18989664779664794, 0.33891280745398394, 0.22316214537096907, 0.24802839937839954], [0.24782531912531933, 0.29803711288711315, 0.21254735264735275, 0.24159021534021546], [0.1977287767787769, 0.297350061050061, 0.19051395826395845, 0.314407203907204], [0.3329796069943129, 0.2484500879839116, 0.14935416005563074, 0.269216144966145], [0.24934038706391648, 0.28823219280719287, 0.17359291851938924, 0.28883450160950164], [0.23990388777888794, 0.28853641636141636, 0.16479121989121992, 0.30676847596847595], [0.22497194276311933, 0.2874134421134422, 0.194306204906205, 0.29330841021723386], [0.23774657368775035, 0.33406463813963777, 0.1574527583527584, 0.2707360298198534], [0.2259482866806398, 0.269808363858364, 0.1695707664884137, 0.33467258297258307], [0.21317803833593316, 0.3107167463255699, 0.18394355323039543, 0.29216166210810174], [0.2085057442557444, 0.29110377955377953, 0.1745347247523718, 0.3258557514381045], [0.26764904507257464, 0.31150453794571425, 0.15647411705941125, 0.2643722999223001], [0.18861812354312352, 0.3196202963702961, 0.18922763727500583, 0.30253394281157425], [0.2614054501054502, 0.26454805194805203, 0.19514700299700308, 0.27889949494949495], [0.27880185092685084, 0.22172943445443455, 0.17264146409146422, 0.3268272505272507], [0.2612248640248641, 0.29017050172050174, 0.1975013486513487, 0.25110328560328554], [0.2347778690263985, 0.2662245976245976, 0.17581289298936364, 0.3231846403596405], [0.32976212676212685, 0.22858090243090248, 0.16189247419247418, 0.2797644966144967], [0.1853161361514303, 0.3076000943500946, 0.20910579975580001, 0.29797796974267543], [0.19530800865800868, 0.28733461897579565, 0.20301721611721613, 0.3143401562489797], [0.23573636363636383, 0.26951631701631706, 0.17759464979464987, 0.31715266955266974], [0.22853191253191257, 0.3627622932622934, 0.18138386613386603, 0.2273219280719281], [0.20800384974502628, 0.3034875588463825, 0.2038906426906428, 0.28461794871794865], [0.18365517815517823, 0.2977914085914088, 0.2405692890442892, 0.2779841242091243], [0.2732413974913976, 0.20660600510600532, 0.20853482628482636, 0.3116177711177712], [0.2723284612446376, 0.3342220160558395, 0.14975772005772006, 0.2436918026418028], [0.29387367110014156, 0.2920712315462316, 0.13873858363858368, 0.2753165137150432], [0.25313568490333216, 0.2834487401487402, 0.15906000829236128, 0.3043555666555667], [0.21396108336108344, 0.30796838161838186, 0.18943470140970156, 0.2886358336108337], [0.2598835442335444, 0.28479246309246314, 0.16643618603618604, 0.2888878066378066], [0.2889220695970697, 0.244278157953158, 0.1678240093240093, 0.29897576312576307], [0.23468925796425816, 0.3207304453716218, 0.16233313353313367, 0.2822471631309867], [0.23675016650016648, 0.3299136252636251, 0.1573966810966812, 0.27593952713952724], [0.23831226045196627, 0.27396804861804874, 0.2252544938721411, 0.2624651970578441], [0.18233389551624846, 0.28951326843091546, 0.19958742923742936, 0.32856540681540675], [0.265137503672798, 0.32256257157874796, 0.1483692585192585, 0.26393066622919553], [0.24239043734043744, 0.2679204101454103, 0.19150676268176278, 0.29818238983239004], [0.2735325901222961, 0.30444593462093467, 0.167938524873819, 0.2540829503829506], [0.2853195582195583, 0.25638499833499845, 0.15912943722943734, 0.2991660062160063], [0.2826247220100161, 0.26434351563469216, 0.15754188034188055, 0.2954898820134113], [0.2319241647241649, 0.2531778221778222, 0.204328297845945, 0.31056971525206817], [0.269498556998557, 0.30424267399267424, 0.14895038295038301, 0.27730838605838604], [0.31477713038595384, 0.26670310604428243, 0.1369182262182263, 0.2816015373515375], [0.2359532578532579, 0.3044584804084803, 0.12249108669108681, 0.33709717504717507], [0.3415182761682762, 0.24209584582084598, 0.13206577589077598, 0.284320102120102], [0.2066446830946832, 0.31881457708957706, 0.1681648101898102, 0.3063759296259297], [0.27696360861360875, 0.2604272560772561, 0.13231315351315356, 0.33029598179598196], [0.28395810300810315, 0.25858585107702764, 0.1867916583416584, 0.27066438757321115], [0.2610331098725837, 0.28468392163392175, 0.13881689421689425, 0.3154660742766006], [0.29259602619602615, 0.2806058552558551, 0.1387004551004551, 0.2880976634476634], [0.20684404925140223, 0.33669645746410454, 0.1886907741381426, 0.26776871914635075], [0.28118850038850046, 0.28108003108003105, 0.1683788655788656, 0.26935260295260316], [0.21679500777000799, 0.3327113636363637, 0.16813565601065605, 0.28235797258297246], [0.28295255855255863, 0.28139633781251433, 0.1562144161394163, 0.279436687495511], [0.21521505651211537, 0.24584847211611927, 0.20723777839807253, 0.33169869297369303], [0.20447066822066826, 0.30404157509157526, 0.18025901875901887, 0.31122873792873784], [0.22348632478632485, 0.32262269017532186, 0.17157747778537272, 0.282313507252981], [0.22986172683525627, 0.2740442751692754, 0.2230456185970894, 0.2730483793983796], [0.20721209623709644, 0.2832323194349512, 0.20465787574998107, 0.30489770857797166], [0.19104536182771484, 0.34282406319171016, 0.19424438339438357, 0.27188619158619154], [0.2229143467643468, 0.30805077700077704, 0.1992697635697636, 0.26976511266511277], [0.344184743034743, 0.26428427683427663, 0.1411688256188257, 0.2503621545121547], [0.23098154427272075, 0.3289006615933086, 0.13537958707958714, 0.30473820705438365], [0.24390842213342223, 0.261030710955711, 0.19645979853479872, 0.2986010683760685], [0.2893952242202241, 0.2909823926073925, 0.13708434898434896, 0.2825380341880342], [0.18808686868686883, 0.30155298590298585, 0.2131059607059608, 0.2972541847041845], [0.23808921438039093, 0.3068545751633988, 0.16857018537018545, 0.2864860250860251], [0.24282698967698993, 0.2970318625818625, 0.16830134865134874, 0.2918397990897992], [0.2387720557220557, 0.2862750666000665, 0.2199353202353203, 0.2550175574425575], [0.16757416472416484, 0.32602014097014115, 0.23117079587079606, 0.2752348984348985], [0.30178570318570314, 0.3199659201909203, 0.1679428071928073, 0.21030556943056952], [0.2468450094023625, 0.27332592799357514, 0.1916941808191809, 0.28813488178488184], [0.2570462370962373, 0.2894101176601178, 0.20004489676989676, 0.25349874847374854], [0.3161167495902789, 0.2593544677544678, 0.14862417060064131, 0.27590461205461203], [0.31761169941169953, 0.255117469458646, 0.10538326673326677, 0.3218875643963879], [0.2193039349539351, 0.3479664835164834, 0.16052161727161743, 0.2722079642579641], [0.2793646575646577, 0.2881040737040737, 0.16374346764346773, 0.26878780108780115], [0.21620506160506175, 0.27635231157731177, 0.19282071539571552, 0.31462191142191154], [0.2597452860864627, 0.30239681037916344, 0.1660008328273035, 0.27185707070707066], [0.26242337466455135, 0.29234495145377515, 0.12667227772227777, 0.31855939615939605], [0.26937597957597953, 0.3020115662115664, 0.17148735708735702, 0.25712509712509724], [0.3180256632256633, 0.25002551892551894, 0.13797476689976698, 0.29397405094905094], [0.24641515560462932, 0.2733895937395937, 0.17138195334077694, 0.30881329731500007], [0.2549561438561439, 0.3033462204462203, 0.1488690309690311, 0.29282860472860484], [0.23330200355200365, 0.3154711510711511, 0.20624080086580096, 0.2449860445110445], [0.31979387556887534, 0.27149860972360984, 0.13531197136197143, 0.27339554334554345], [0.26281961094461104, 0.290734002109002, 0.15970362415362419, 0.28674276279276284], [0.26923113716349, 0.2475661374573139, 0.15382363780010844, 0.32937908757908746], [0.251890729531906, 0.30584645725791243, 0.13485322426111898, 0.3074095889490627], [0.21947923514394124, 0.32867139168021503, 0.18534731689878753, 0.2665020562770565], [0.23219659752012703, 0.30243910533910523, 0.16575860283507352, 0.2996056943056945], [0.2039673029584796, 0.2738837551337553, 0.19713256139285565, 0.3250163805149098], [0.2498766102318736, 0.31368966384492714, 0.13965922264869635, 0.2967745032745032], [0.22095793095793112, 0.3048391996891998, 0.2124820124320124, 0.2617208569208571], [0.27098887778887787, 0.26142440174204895, 0.14743581777699438, 0.3201509026920793], [0.2855064130314132, 0.28901484659131715, 0.1489239907151672, 0.27655474966210264], [0.2053572982572983, 0.3214763184527892, 0.23574943573798066, 0.23741694755193218], [0.3245613997113998, 0.21593206793206807, 0.17106612276612282, 0.2884404095904097], [0.2877046453546456, 0.26016494616494606, 0.12501683039183037, 0.3271135780885781], [0.20389614274614282, 0.3190151459651459, 0.20208977688977692, 0.2749989343989344], [0.2251998612498611, 0.3485263902763904, 0.15620537795537812, 0.27006837051837057], [0.23178132863868153, 0.29890817319934987, 0.17755609390609403, 0.29175440425587484], [0.2551445276945277, 0.28778874458874454, 0.15085594683094686, 0.30621078088578074], [0.22028414085914091, 0.29217099012098996, 0.17108985458985468, 0.31645501443001434], [0.19667848262848264, 0.32063342490842495, 0.21724256021756033, 0.2654455322455325], [0.2544876345876346, 0.3066430680430684, 0.16673747363747365, 0.2721318237318237], [0.24651160506160508, 0.3029132645132646, 0.14640554445554457, 0.30416958596958604], [0.24850688755688763, 0.2683485930735931, 0.19303034465534472, 0.2901141747141747], [0.24716287046287058, 0.29474156121656114, 0.17046785991786004, 0.2876277084027086], [0.2519081446331447, 0.26740297202797225, 0.17212451714951726, 0.3085643661893663], [0.2287303973803975, 0.26359699189699204, 0.2301734654234655, 0.27749914529914543], [0.21682865467865478, 0.2810240370740371, 0.22117873792873802, 0.28096857031857025], [0.2514675959661254, 0.30060409117026754, 0.17720045183574618, 0.270727861027861], [0.2957334915084914, 0.2112828005328007, 0.15624260461760467, 0.3367411033411033], [0.2115034299034299, 0.26194594849594866, 0.1971678526152212, 0.3293827689854004], [0.22912795537795558, 0.31802038157920526, 0.16624578199578205, 0.28660588104705753], [0.29201789680907325, 0.2747640268228504, 0.16243287268287276, 0.2707852036852038], [0.26206059496059525, 0.269000750883104, 0.1873070599335306, 0.28163159422277073], [0.2111303787715553, 0.29125563325563325, 0.19795650134179554, 0.2996574866310161], [0.258073417432241, 0.28924144662527024, 0.15256512654012658, 0.30012000940236255], [0.2521125335448867, 0.2828135514811984, 0.17696906426906434, 0.28810485070485076], [0.32969039849039844, 0.2279986513486514, 0.15546116485853334, 0.286849785302417], [0.28936276109511394, 0.2860857012268778, 0.1694849154113861, 0.2550666222666223], [0.2631293428793429, 0.3165732545232546, 0.17897982017982023, 0.24131758241758253], [0.24105023310023305, 0.2867224164724166, 0.18047798692535547, 0.29174936350199515], [0.20938419080919077, 0.29727718947718945, 0.24270642690642705, 0.250632192807193], [0.31554276343711346, 0.3041259059653797, 0.09980513848896207, 0.28052619210854496], [0.2390080316742082, 0.2960503940503942, 0.18093246279863937, 0.2840091114767586], [0.23610914085914106, 0.3263636755401461, 0.19606691723309394, 0.24146026636761933], [0.27156810411810434, 0.3052320235320236, 0.11682386502386506, 0.3063760073260072], [0.2602789599289602, 0.28199680597180604, 0.19774447219447241, 0.2599797619047621], [0.2708097624597626, 0.23661873681873696, 0.18364648684648693, 0.308925013875014], [0.24276791623409272, 0.297309213009213, 0.1685772671772673, 0.29134560357942746], [0.22742729770229775, 0.27662160617160636, 0.21080628538128549, 0.28514481074481085], [0.19741317571317585, 0.297682844932845, 0.16774820734820747, 0.33715577200577207], [0.21343854201354223, 0.2952623543123541, 0.2222953917427603, 0.26900371193134365], [0.2648952139363906, 0.29632020920256225, 0.20687421777568848, 0.23191035908535915], [0.2137124736374738, 0.28021262903762917, 0.21089881229881227, 0.2951760850260851], [0.2507627095127095, 0.3064798534798537, 0.1710699550449551, 0.2716874819624821], [0.26973044733044743, 0.2868519960431724, 0.18726647992530368, 0.2561510767010768]]}, "rewritten": {"ids": ["97105760", "97106000", "97106970", "97107920", "97109570", "97110950", "97113260", "97116790", "98106680", "98106880", "98107010", "98108520", "98110680", "98112170", "98112300", "98121790", "99107500", "99108080", "99108310", "99109860", "99109910", "99111000", "99111340", "99112840", "100109311", "100109801", "100109910", "100110260", "100116790", "101108080", "101108621", "101108950", "101111990", "101112540", "101116130", "102110050", "102110240", "102111990", "102116500", "102121440", "103111170", "103111540", "103111990", "103112641", "103113640", "103117200", "103118110", "104109311", "104110960", "104111880", "104112201", "104113000", "104114240", "104118070", "104119290", "105111990", "105115380", "105115680", "105119950", "105120280", "106115250", "106116640", "106116850", "106118301", "106119260", "107114280", "107114321", "107114621", "107118520", "107118820", "107119130", "107121230", "108114180", "108115070", "108117360", "108118301", "108118810", "108120060", "108120280", "108120621", "108121190", "109113931", "109114720", "109117150", "109121351", "110115250", "110116170", "110116300", "110117080", "110118111", "110118121", "110118161", "110118181", "110118630", "110118810", "110118930", "110120190", "110120531", "110120540", "110120700", "110121450", "110121720", "111114121", "111114941", "111115910", "111116010", "111116100", "111117000", "111117571", "111118910", "111119150", "111119340", "111119430", "111119580", "111120531", "111121220", "112116290", "112116501", "112116610", "112116900", "112117210", "112117431", "112117461", "112117580", "112118511", "112118810", "112118930", "112120540", "112120700", "112120990", "112121360", "113117630", "113118111", "113118231", "113118421", "113119300", "113119360", "113119450", "113120260", "113120280", "113121190", "113122220"], "labels": [0, 0, 2, 0, 0, 3, 1, 2, 1, 0, 3, 2, 2, 3, 2, 2, 0, 3, 2, 2, 2, 2, 1, 2, 1, 0, 2, 3, 2, 0, 0, 2, 2, 2, 2, 3, 3, 2, 1, 2, 2, 1, 2, 3, 1, 0, 2, 3, 2, 3, 0, 1, 0, 2, 1, 2, 1, 2, 3, 3, 2, 3, 3, 1, 1, 3, 0, 0, 2, 3, 1, 0, 1, 1, 1, 1, 1, 1, 3, 1, 1, 1, 0, 2, 0, 1, 0, 3, 1, 1, 3, 0, 1, 1, 1, 1, 3, 0, 1, 2, 3, 3, 0, 0, 2, 1, 3, 0, 3, 0, 3, 3, 3, 3, 0, 3, 0, 3, 1, 3, 1, 0, 0, 0, 1, 3, 1, 3, 2, 2, 3, 0, 1, 3, 3, 1, 0, 3, 3, 0, 1, 1], "predicted_labels": [1, 1, 1, 0, 3, 0, 3, 1, 1, 3, 3, 1, 1, 3, 0, 3, 1, 3, 1, 1, 3, 1, 1, 1, 0, 3, 1, 0, 1, 0, 1, 1, 1, 3, 3, 3, 3, 0, 3, 0, 3, 3, 3, 3, 0, 1, 1, 3, 3, 3, 3, 3, 1, 1, 3, 1, 3, 1, 1, 1, 3, 3, 3, 3, 0, 1, 1, 3, 1, 3, 3, 3, 1, 1, 1, 0, 3, 1, 3, 3, 1, 3, 1, 0, 0, 3, 1, 3, 3, 1, 3, 1, 1, 3, 1, 1, 3, 0, 1, 1, 1, 1, 1, 1, 3, 0, 1, 3, 3, 3, 0, 3, 3, 3, 0, 3, 3, 1, 3, 1, 1, 0, 3, 1, 3, 3, 3, 3, 3, 1, 3, 1, 3, 1, 3, 1, 3, 1, 0, 0, 3, 1], "confidence_scores": [[0.21534000239526568, 0.3430054425107056, 0.15195134164081547, 0.28970321345321337], [0.24320169275169284, 0.3002929625929626, 0.19302901542901543, 0.26347632922632924], [0.19296088356088356, 0.3216941225441225, 0.2101066378066379, 0.2752383560883561], [0.35410313852813874, 0.19932176712176722, 0.13217666222666227, 0.3143984321234319], [0.26568198468198484, 0.24213787878787876, 0.17570829170829183, 0.31647184482184465], [0.39442742812742826, 0.19442743367743373, 0.1341663614163615, 0.2769787767787768], [0.25552615717615734, 0.244564414996768, 0.1790579939668175, 0.3208514338602574], [0.24369149739149734, 0.28654276638394294, 0.19788214204096574, 0.27188359418359437], [0.21349290986790992, 0.34139792984792977, 0.19731797369297377, 0.24779118659118654], [0.2740401986901989, 0.2475216089466091, 0.19213202075702082, 0.28630617160617156], [0.2761137473637475, 0.2740666888666892, 0.16863347763347764, 0.28118608613608614], [0.2592912420912422, 0.30636284271284303, 0.13260415140415135, 0.30174176379176365], [0.2665768897768899, 0.2730052780552782, 0.18950113775113778, 0.2709166944166944], [0.2421927516927518, 0.2271485042735044, 0.16054948384948395, 0.37010926018426005], [0.32232692585192574, 0.2347869075369075, 0.16499794927294928, 0.27788821733821745], [0.2868997113997114, 0.2711265817515817, 0.14403874181374193, 0.2979349650349651], [0.17334986402486405, 0.3519612459435989, 0.18913373326020386, 0.2855551567713333], [0.286071486846487, 0.22915178155178167, 0.17162264679764683, 0.31315408480408485], [0.26776875346875345, 0.2989650421473953, 0.20577301587301594, 0.22749318851083575], [0.23328362602309988, 0.3796258186258187, 0.13922030192030202, 0.2478702534307799], [0.25625117382617396, 0.2511705738705738, 0.2077148101898102, 0.28486344211344233], [0.18283607503607505, 0.3027187312687312, 0.2396881646131648, 0.27475702908202915], [0.21890970695970702, 0.3432637695637695, 0.1577885225885227, 0.280038000888001], [0.25735970695970695, 0.2999733849483848, 0.15392382062382065, 0.2887430874680876], [0.31404806158753534, 0.2355138861138863, 0.13648658008658013, 0.3139514722119987], [0.2777318531142062, 0.2729909023982553, 0.1397991697844639, 0.30947807470307487], [0.2828572372072372, 0.2882494366744367, 0.16456647796647797, 0.26432684815184826], [0.3459365967365969, 0.23591261793761809, 0.12163838383838387, 0.2965124014874017], [0.20413210678210694, 0.31727316604963673, 0.200911027861028, 0.277683699307229], [0.3506316794316795, 0.26975663225663227, 0.1640565490065491, 0.2155551393051393], [0.24943132978132992, 0.32704495884232715, 0.14693255633255647, 0.27659115504378656], [0.22270000000000012, 0.3211542596292597, 0.16842067377067382, 0.2877250666000664], [0.21954842902195854, 0.3219548201798201, 0.1980833586348294, 0.2604133921633921], [0.26212531357531377, 0.2083109113109114, 0.19750181485181487, 0.3320619602619602], [0.2356929550841316, 0.26328429462694186, 0.21079602064602068, 0.290226729642906], [0.24318727465345127, 0.26130672856555237, 0.18526560661560654, 0.3102403901653904], [0.26655118541589135, 0.25966705765854375, 0.185109806859807, 0.28867195006575824], [0.29599797979797987, 0.25168908868908874, 0.16099795759795762, 0.2913149739149741], [0.2504367271617273, 0.2669939271512802, 0.18941966644466646, 0.2931496792423264], [0.29884497169497193, 0.24346695526695547, 0.16271143301143307, 0.2949766400266401], [0.2639335608835609, 0.2772857364857366, 0.17585974580974592, 0.28292095682095686], [0.2567467031506506, 0.22516619605025195, 0.21465066322566323, 0.30343643757343436], [0.26625583305583306, 0.2632630516542282, 0.17585148564885417, 0.29462962964108474], [0.24124492729492736, 0.2803515678765679, 0.17551855089355098, 0.3028849539349541], [0.37543667084549437, 0.24579206153323804, 0.10040122655122657, 0.27837004107004126], [0.1727433510933512, 0.3752547535797532, 0.1802614052614052, 0.27174049006549017], [0.2838537811861342, 0.31069188034188033, 0.16031379731379733, 0.24514054115818842], [0.2911669913419913, 0.2745567987567989, 0.10695194527694532, 0.3273242646242646], [0.22203725163725177, 0.2625209235209235, 0.21364846819846828, 0.3017933566433568], [0.24315879512644228, 0.28609426015161293, 0.175873417432241, 0.2948735272897038], [0.29867614885114907, 0.2551885284649991, 0.1416610952772719, 0.3044742274065803], [0.2585166555666556, 0.2409347957597958, 0.1538055583305583, 0.3467429903429903], [0.2198259351759353, 0.3208505272505274, 0.1874350704850706, 0.27188846708846703], [0.22388108280608288, 0.3175471472971473, 0.16797624699861546, 0.29059552289815455], [0.21636089466089464, 0.3077440809190812, 0.15807036852036863, 0.3178246558996559], [0.20377784568372814, 0.353275666000666, 0.18446325210736988, 0.2584832362082362], [0.18972931235431245, 0.26106487564722874, 0.2141357534622242, 0.3350700585362352], [0.1477718614718616, 0.3278141802641804, 0.24549587079587076, 0.2789180874680875], [0.28044542957042967, 0.2832906093906094, 0.15766809579309599, 0.2785958652458652], [0.24561650294150314, 0.3230151515151513, 0.16025402097902114, 0.27111432456432455], [0.20570176490176495, 0.28216156621156624, 0.20022445054945062, 0.3119122183372184], [0.23099218559218565, 0.284194241869242, 0.1878654206904206, 0.296948151848152], [0.22577594986712646, 0.2746091833003598, 0.22351214732979444, 0.2761027195027196], [0.3172073204573204, 0.24321739649239665, 0.09947683427683428, 0.34009844877344875], [0.3113305527805526, 0.22099636474636483, 0.1917389943389944, 0.2759340881340881], [0.22183965756465768, 0.30329739149739143, 0.21315332722832733, 0.26170962370962375], [0.24372492361439732, 0.3089740731490733, 0.1415762626262626, 0.3057247406102667], [0.26833596403596405, 0.274603108003108, 0.1211893994893995, 0.33587152847152846], [0.233045820845821, 0.30750130425130406, 0.15713127983127995, 0.3023215950715952], [0.20278972693972708, 0.27084882339882344, 0.188812234987235, 0.33754921467421484], [0.24255132090132117, 0.2910057137307138, 0.15261212398712412, 0.31383084138084155], [0.19837857697857694, 0.28587296037296034, 0.1885157342657343, 0.32723272838272843], [0.20942717837717853, 0.3117125624375626, 0.23060906870906867, 0.24825119047619054], [0.25631915861915866, 0.3177193251193254, 0.18556996336996337, 0.24039155289155298], [0.2508882561882562, 0.2590647768897769, 0.23556540404040396, 0.25448156288156293], [0.30459763651381316, 0.25584177232296446, 0.16311561216561224, 0.27644497899761067], [0.2268461802817066, 0.2997592975737713, 0.1723570356544041, 0.301037486490118], [0.27474450549450563, 0.31013522115139774, 0.18095518648018655, 0.23416508687391044], [0.3113295399045399, 0.18340462315462325, 0.1267642524142525, 0.37850158452658456], [0.2627543900543902, 0.2616833721833722, 0.17270196470196475, 0.30286027306027324], [0.25021577001429945, 0.2729608902535372, 0.20803265264147633, 0.26879068709068726], [0.2509200188700189, 0.26040075480075503, 0.19122240537240542, 0.2974568209568209], [0.2070362221112222, 0.31798492340992335, 0.1990053030303031, 0.2759735514485515], [0.29602615717615727, 0.25719739704739714, 0.20195675990676001, 0.24481968586968592], [0.2974857017251757, 0.274668081918082, 0.1557474192474193, 0.27209879710932333], [0.25780472027972023, 0.29135971250971265, 0.1357574564324565, 0.31507811077811093], [0.24691502664002685, 0.31634837662337667, 0.13159887334887338, 0.3051377233877234], [0.2529612165612166, 0.26700632667985624, 0.2099641192141192, 0.27006833754480836], [0.18898161283161302, 0.2644001942501944, 0.1973447108447109, 0.34927348207348224], [0.27395000326470903, 0.29417085022820316, 0.15251202359731783, 0.27936712290976995], [0.2603876656023718, 0.27509655769067537, 0.16154123099123094, 0.30297454571572224], [0.2767735708735709, 0.29312736707736725, 0.14144983349983348, 0.2886492285492286], [0.2518113275613277, 0.3515599622599623, 0.1539138694638696, 0.24271484071484087], [0.2111825210736976, 0.28733230380730385, 0.19056621352503705, 0.3109189615939615], [0.24722838827838828, 0.30293179043179047, 0.16161681651681667, 0.2882230047730049], [0.2272946292269822, 0.2898737190913662, 0.2007718404144874, 0.2820598112671642], [0.27484439449439446, 0.2446761996173763, 0.17984724915607264, 0.3006321567321566], [0.29647025197025195, 0.26891529304029316, 0.15954819902319903, 0.275066255966256], [0.2282394216894218, 0.3242163225663226, 0.194190170940171, 0.2533540848040849], [0.2184923964923965, 0.3176817460317459, 0.21890909645909667, 0.24491676101676108], [0.2227586116497885, 0.3127621842210077, 0.18515712620712627, 0.279322077922078], [0.25164438731203465, 0.31949111166611177, 0.18061407089642395, 0.24825043012543013], [0.30081136591306895, 0.3329009911742884, 0.1249123737373738, 0.24137526917526925], [0.25811767121767126, 0.3372885059385057, 0.13527903762903765, 0.2693147852147853], [0.2694717241822506, 0.25048764977712357, 0.18919063714063714, 0.290849988899989], [0.2947213549608286, 0.2651158341658341, 0.18882099289599297, 0.25134181797734445], [0.2657831834831834, 0.3007514097014096, 0.16124885114885126, 0.2722165556665557], [0.17475326372973435, 0.29741866075101386, 0.21520611610611615, 0.3126219594131361], [0.24620975690975688, 0.29529680874680875, 0.1422340492840493, 0.31625938505938483], [0.25102368742368764, 0.30879139194139177, 0.12871943056943058, 0.3114654900654898], [0.2982184219289484, 0.2722426420071158, 0.14376340603840615, 0.2857755300255302], [0.22285240315240326, 0.2644915140415141, 0.2181438616938619, 0.2945122211122213], [0.2618140859140861, 0.272645512820513, 0.17712685092685093, 0.2884135503385504], [0.30832605172605176, 0.22734523809523813, 0.14690673770673773, 0.3174219724719724], [0.28189798534798566, 0.2669483266733267, 0.17928965478965478, 0.2718640331890334], [0.2385366855366857, 0.27612013819513814, 0.1695343517593519, 0.3158088245088245], [0.24255557383792686, 0.2823358269181798, 0.133487292772587, 0.3416213064713065], [0.26306493506493517, 0.35076316841053673, 0.14842557442557447, 0.23774632209895386], [0.271387273837274, 0.26286800699300705, 0.16940967643467655, 0.29633504273504263], [0.2523526473526474, 0.3016042568542571, 0.17610570181452542, 0.2699373939785704], [0.2286147047397048, 0.32045781995782, 0.16870800865800878, 0.2822194666444665], [0.2868075202575203, 0.28676487401487405, 0.15009526862026867, 0.2763323371073371], [0.27055362415362433, 0.2867572011322011, 0.12029280441780442, 0.32239637029637025], [0.21072202242202245, 0.2907764124764124, 0.2091275946275947, 0.2893739704739703], [0.28906891996891987, 0.270935175935176, 0.14436516816516817, 0.295630735930736], [0.2692378621378621, 0.2690055722055723, 0.19085288600288602, 0.2709036796536797], [0.23246169941169958, 0.25272557997558004, 0.1853115218115219, 0.32950119880119877], [0.2757595515595519, 0.2478969363969365, 0.17930434565434572, 0.29703916638916655], [0.21622864357864385, 0.2751681207681209, 0.20237516752253606, 0.3062280681306998], [0.22374482592570846, 0.284628823953824, 0.23646260275672037, 0.25516374736374753], [0.2441838106338107, 0.2873819624819628, 0.15758159063159075, 0.31085263625263637], [0.28266311612364237, 0.2924782924677663, 0.15299968919968923, 0.2718589022089023], [0.2800922022422022, 0.26679060384060377, 0.16190383227883226, 0.2912133616383617], [0.2585102480852482, 0.3053778887778889, 0.15092345432345436, 0.285188408813409], [0.25860775335775354, 0.25578518703518716, 0.15754247974247976, 0.3280645798645797], [0.27923893883893874, 0.2895294289044289, 0.16403063603063606, 0.26720099622599625], [0.2960396825396825, 0.22157128427128447, 0.1660719336219336, 0.3163170995670995], [0.27325421522921517, 0.3191396242646241, 0.1575424519924521, 0.2500637085137085], [0.294792386698269, 0.24749701409701444, 0.18651798626210392, 0.27119261294261315], [0.30884401986901994, 0.23253298923298943, 0.1544634504384505, 0.30415954045954025], [0.25987189477189493, 0.26073154068154064, 0.1569667832167832, 0.3224297813297812], [0.259937836020189, 0.28419692088956794, 0.19055148462648475, 0.2653137584637585]]}}