{"test": {"ids": ["105113480", "101108370", "101110200", "105113190", "97107821", "113121190", "105117351", "110118450", "110118161", "112117580", "112120290", "112116501", "97116500", "113122150", "110113931", "112116610", "103109641", "111115400", "110117200", "105112260", "99112641", "98116940", "99110050", "99107500", "113120260", "108117451", "108119510", "109114270", "105116090", "99109141", "106114321", "98109090", "113118630", "111116750", "110118740", "97116800", "106115250", "113121410", "107118520", "109116810", "110120700", "106119580", "111116090", "99107660", "111116530", "106113170", "104111531", "97105760", "98108580", "105113170", "109113881", "109117110", "108121351", "99107640", "103113210", "108118630", "113122320", "102112170", "104114230", "100109311", "98107380", "102113981", "100109890", "106117790", "98106560", "104114410", "99110730", "108114040", "110121140", "113122220", "109117600", "106117770", "97112300", "111114121", "107120880", "110120640", "103109021", "107116980", "108115880", "106120640", "104111990", "112118421", "110114720", "105121370", "110115980", "107120130", "105112240", "113122510", "112117210", "113118111", "103111480", "112120990", "101112690", "111119610", "103110100", "113118870", "100109360", "109121351", "111118810", "110114920", "112117461", "112120700", "102107961", "111120260", "105117200", "109113281", "98111860", "102109910", "97106600", "112120540", "104119290", "103113610", "111114321", "110118121", "106118520", "97107040", "109117080", "113122430", "106117650", "110118301", "110114610", "110118111", "100120010", "112116800", "109119450", "112117790", "113119450", "108121410", "102110500", "112119980", "101108121", "101110150", "108113740", "98106111", "101109370", "102112301", "105110091", "108118810", "100108260", "110115140", "104110960", "98120010"], "labels": [0, 1, 2, 3, 2, 1, 0, 0, 0, 0, 1, 3, 2, 2, 1, 1, 1, 0, 3, 3, 1, 2, 3, 0, 3, 2, 1, 3, 1, 3, 2, 1, 3, 3, 3, 0, 2, 0, 2, 3, 2, 3, 3, 3, 3, 0, 0, 0, 0, 0, 0, 1, 3, 1, 3, 1, 1, 3, 2, 1, 1, 1, 3, 1, 1, 1, 3, 0, 3, 1, 1, 0, 2, 0, 1, 0, 0, 3, 3, 3, 2, 3, 3, 2, 1, 2, 1, 2, 1, 1, 0, 2, 1, 2, 1, 0, 0, 0, 0, 3, 0, 2, 3, 3, 3, 0, 0, 2, 3, 3, 1, 2, 1, 3, 2, 2, 1, 2, 1, 1, 1, 1, 0, 0, 3, 3, 3, 0, 3, 0, 0, 1, 3, 0, 1, 1, 0, 1, 3, 0, 2, 2], "predicted_labels": [3, 3, 0, 3, 1, 1, 0, 0, 3, 1, 0, 3, 1, 3, 1, 1, 0, 3, 3, 1, 1, 1, 3, 1, 0, 3, 0, 2, 0, 1, 2, 0, 3, 3, 2, 2, 0, 3, 1, 3, 1, 1, 3, 1, 1, 0, 1, 0, 1, 1, 3, 0, 1, 2, 2, 3, 1, 0, 2, 3, 0, 3, 3, 0, 1, 0, 1, 3, 1, 1, 3, 3, 1, 1, 1, 3, 0, 0, 2, 1, 3, 3, 1, 1, 3, 1, 3, 1, 1, 3, 0, 1, 3, 1, 0, 3, 3, 1, 3, 3, 1, 1, 0, 1, 0, 0, 1, 3, 3, 1, 2, 1, 1, 0, 0, 2, 1, 3, 3, 2, 1, 1, 3, 3, 0, 1, 1, 0, 3, 3, 3, 0, 3, 2, 0, 1, 0, 3, 3, 0, 0, 3], "confidence_scores": [[0.17014318105491294, 0.3265576876416344, 0.14191147227244694, 0.36138765903100584], [0.22861587088181515, 0.20478027283268743, 0.12453766476633941, 0.4420661915191579], [0.3162278326351319, 0.28703289433224183, 0.12032493002133961, 0.2764143430112869], [0.28363106077089983, 0.12816021655673349, 0.1252606792707877, 0.462948043401579], [0.24806248000086573, 0.3540584818302869, 0.19632758814547813, 0.20155145002336955], [0.19485412170121047, 0.29137689083467494, 0.22889884763911622, 0.28487013982499837], [0.50387134166798, 0.18802035848683127, 0.08597417713006707, 0.22213412271512173], [0.3072162536652981, 0.2608573839304919, 0.1586967136165373, 0.27322964878767275], [0.16616506102525003, 0.12324062747883065, 0.2856291546598502, 0.42496515683606917], [0.2833748444073038, 0.30111092955572394, 0.1600962810268494, 0.25541794501012277], [0.5071845566803529, 0.16959336715514534, 0.16958275534590614, 0.15363932081859558], [0.1984577491506549, 0.12769482346412744, 0.05412138207483199, 0.6197260453103857], [0.30871541527519836, 0.3826504344933008, 0.09851124963997597, 0.21012290059152502], [0.2702402967545709, 0.23443821089576164, 0.21383197792026964, 0.2814895144293978], [0.2021605457225237, 0.4972570871589414, 0.08065935017493894, 0.21992301694359614], [0.2072638192165695, 0.3722402179246248, 0.16007688973495177, 0.26041907312385393], [0.34378749261727337, 0.21971425144761078, 0.19239888002843014, 0.2440993759066856], [0.29985189821672187, 0.21230956735867104, 0.11436006928058183, 0.3734784651440253], [0.188323037360498, 0.16356281616676135, 0.18253009391273498, 0.4655840525600057], [0.17188781062973574, 0.4489045625374613, 0.1073751897696787, 0.2718324370631242], [0.2624485976084023, 0.30710712278295355, 0.19812429763112374, 0.2323199819775205], [0.12109761556611727, 0.4968604047784598, 0.07508065470436197, 0.30696132495106115], [0.11998465729667328, 0.2316209594552228, 0.16261771274439002, 0.48577667050371404], [0.12975254787450266, 0.5178589939887289, 0.16506459837943924, 0.1873238597573294], [0.42123058926179074, 0.2593236062210833, 0.13515463561773416, 0.18429116889939173], [0.2758540862433203, 0.23246644451312815, 0.12812001390726452, 0.36355945533628714], [0.4398561337938622, 0.18053214880446355, 0.11669185901317555, 0.2629198583884987], [0.16427801285368676, 0.14797642581901707, 0.4068038024513347, 0.2809417588759614], [0.330916377871925, 0.22049350213656835, 0.15107930383499915, 0.2975108161565075], [0.1670421905194432, 0.38964359099649043, 0.12023132967746253, 0.32308288880660413], [0.21544431122189606, 0.20750986440142255, 0.3178497025396805, 0.25919612183700097], [0.29965084176869894, 0.25983718735171607, 0.20209978561684117, 0.23841218526274405], [0.1817331071993759, 0.31215075657721536, 0.17756492538783164, 0.3285512108355771], [0.31632826208101794, 0.21459551414921563, 0.13158921521727543, 0.337487008552491], [0.22642987707590836, 0.22602834341254055, 0.39006520264535827, 0.1574765768661927], [0.22092940671910993, 0.2689764252177417, 0.31344128246954667, 0.19665288559360186], [0.35435107821274275, 0.19784484330211058, 0.17671473339463217, 0.2710893450905145], [0.24684934323262753, 0.3077539015570693, 0.10647481376207762, 0.3389219414482256], [0.18178705854917324, 0.4388858848432122, 0.14575477213902907, 0.23357228446858555], [0.14976702348417653, 0.2779891768377704, 0.17849381714508603, 0.39374998253296706], [0.260197239713081, 0.3687513436598612, 0.16524701239941747, 0.20580440422764043], [0.25439669280540306, 0.38245956523923536, 0.13682148166105218, 0.22632226029430952], [0.26778857143985973, 0.17050120135501884, 0.20920147132157157, 0.35250875588354996], [0.16835080374391032, 0.3910041058222668, 0.1907941141885698, 0.24985097624525318], [0.2580252460351585, 0.39434247043475257, 0.16968675764592303, 0.1779455258841659], [0.4332102736800532, 0.18956650875742387, 0.1344762089993621, 0.24274700856316075], [0.1435699520435186, 0.4717169474018659, 0.0638819646966663, 0.3208311358579492], [0.3656799362852661, 0.1905802373853608, 0.17197986277433983, 0.27175996355503335], [0.16906080331244427, 0.31071216371936305, 0.24072138050055472, 0.279505652467638], [0.2701353281134867, 0.2961021615078045, 0.14479828646342532, 0.2889642239152836], [0.1703719156153697, 0.32975136662800303, 0.1447451930100379, 0.35513152474658943], [0.302326073836041, 0.1860492384273034, 0.26199094032088577, 0.24963374741577], [0.18688440789118246, 0.3803288481527066, 0.14836220851864676, 0.28442453543746415], [0.16236064552814272, 0.1603804466966797, 0.5817009415824723, 0.09555796619270542], [0.19564544329239858, 0.17694612021779738, 0.3160555401854995, 0.3113528963043046], [0.13733116076893115, 0.29218082646052035, 0.17376119350298147, 0.39672681926756703], [0.2245884480443996, 0.3190394680729987, 0.2053635663553323, 0.2510085175272696], [0.37487048581992294, 0.17352290917794552, 0.1127314751953748, 0.33887512980675677], [0.234039474666949, 0.23676870221491025, 0.28067139472345665, 0.24852042839468422], [0.23382164170834283, 0.2464502196455669, 0.15830593570126167, 0.3614222029448287], [0.2817514827084782, 0.254619572075369, 0.1853981561980233, 0.27823078901812953], [0.11650042747451561, 0.2737917022780508, 0.11096669271984823, 0.4987411775275856], [0.2216474895522824, 0.19149362200098743, 0.24807113390131744, 0.3387877545454127], [0.4770112428259644, 0.21409843529072892, 0.21729469799272674, 0.09159562389057983], [0.2578348250817897, 0.3806118237530246, 0.10366866726279267, 0.2578846839023932], [0.44368815470112816, 0.22145225240895644, 0.14206126701312644, 0.19279832587678886], [0.1546620078727079, 0.3324180848378845, 0.29769847850633036, 0.2152214287830773], [0.13529294429279856, 0.21453738581467757, 0.13623205729713803, 0.513937612595386], [0.23620628169897376, 0.32308153675436074, 0.26296636319454586, 0.17774581835211975], [0.2474166729277031, 0.3006809566313427, 0.2719810664242973, 0.1799213040166567], [0.34309873378315453, 0.186533934642955, 0.11150472867979032, 0.3588626028941001], [0.22128007574405462, 0.26143901988749274, 0.17667942974360568, 0.34060147462484675], [0.14661196942650148, 0.342564844302357, 0.17745620838623405, 0.3333669778849074], [0.2439435405893097, 0.3745139443043157, 0.1416785967015135, 0.23986391840486118], [0.2810936890214541, 0.35034926081823015, 0.1505773668376633, 0.21797968332265247], [0.2269829558794186, 0.2810275956939163, 0.18755004027410246, 0.30443940815256265], [0.4195035488879116, 0.21437934276309403, 0.10415572078243826, 0.26196138756655607], [0.6265397659124883, 0.1272208973990316, 0.14009900957475488, 0.10614032711372538], [0.21526943247594474, 0.1731640464203219, 0.43608079157916924, 0.1754857295245641], [0.2681296465869578, 0.30583286012805916, 0.21167373135861653, 0.2143637619263666], [0.22210634298056425, 0.22505898570513377, 0.17857241799090345, 0.3742622533233986], [0.24015920356461173, 0.17313882414033005, 0.08757698785242202, 0.4991249844426361], [0.12842250406333955, 0.45311701403361665, 0.27397022988554365, 0.1444902520175002], [0.10749577164189629, 0.40217616992093946, 0.19820371769768633, 0.2921243407394779], [0.20184537557058443, 0.2868815389059736, 0.1603814388982748, 0.3508916466251671], [0.13378148311487872, 0.6245868395828785, 0.10248660747334025, 0.1391450698289025], [0.17678990010286713, 0.24832402802312883, 0.16539699434049013, 0.4094890775335141], [0.168117182256871, 0.41129468037268835, 0.21836920320209974, 0.20221893416834105], [0.17886600970640704, 0.39922974825287505, 0.2721879607766745, 0.14971628126404354], [0.30384862793877404, 0.28215968633808164, 0.10707535020139147, 0.306916335521753], [0.29790069919367346, 0.21818375765889575, 0.2798296393481495, 0.20408590379928152], [0.18102652212004522, 0.3616178476960813, 0.1670440323374922, 0.2903115978463814], [0.20473142025039287, 0.28675310965448314, 0.2180409963361545, 0.2904744737589695], [0.18570171181816716, 0.3340973236692039, 0.24147507833708584, 0.23872588617554313], [0.359838667699533, 0.18729401428811202, 0.17941752305670838, 0.27344979495564675], [0.14172290708802507, 0.1883606540300934, 0.12252655825504911, 0.5473898806268325], [0.2763405092665928, 0.2331882491498252, 0.1712243705822739, 0.31924687100130816], [0.2632196686795583, 0.34136510204842246, 0.09522704268312027, 0.3001881865888992], [0.3407496220913132, 0.2200216638408014, 0.08527518465733783, 0.3539535294105476], [0.2993686192020172, 0.20651851534269053, 0.0907060390177411, 0.40340682643755116], [0.2598992321612291, 0.3556665943693752, 0.22831548274850705, 0.15611869072088863], [0.1762841978768304, 0.37578440330259444, 0.27754601974212934, 0.17038537907844575], [0.3157203310047388, 0.18763750615787048, 0.19824763026764722, 0.29839453256974346], [0.32479035558709324, 0.4118709916763766, 0.09094299019241403, 0.1723956625441163], [0.3898302541877018, 0.15441317075941893, 0.14759984560968595, 0.3081567294431933], [0.3472951033923256, 0.33236091968074644, 0.1286453346843935, 0.19169864224253452], [0.2022731412222177, 0.3517787713939735, 0.20136211672847648, 0.24458597065533227], [0.31279433655602545, 0.17118519504287558, 0.1492160774523383, 0.36680439094876094], [0.2530698686040219, 0.2529809287392381, 0.17581050019370437, 0.3181387024630359], [0.22285143108276684, 0.3345448861035355, 0.16828538721883757, 0.27431829559486026], [0.11462908201991064, 0.2258180350335282, 0.357281884417886, 0.30227099852867506], [0.21950451999265908, 0.3202726315742919, 0.24355472792457922, 0.21666812050846987], [0.17973792754798923, 0.4580279311856111, 0.16208861508731845, 0.20014552617908107], [0.3418255544660001, 0.30359812123892155, 0.10380390358665799, 0.2507724207084202], [0.4282822674974472, 0.2520183997328303, 0.10110970314624473, 0.2185896296234778], [0.18201068685848212, 0.1857575484798348, 0.35655547465296117, 0.2756762900087222], [0.13681956355515476, 0.3503918548391413, 0.18469712433637983, 0.32809145726932426], [0.12230546372604799, 0.3636220299598607, 0.10758047543337515, 0.4064920308807162], [0.11998346859938916, 0.35991995365036733, 0.09509028930831158, 0.42500628844193206], [0.19515378482856627, 0.25628185659679775, 0.3011882833757019, 0.24737607519893395], [0.13378018605233924, 0.5123903265055492, 0.18185364811877197, 0.17197583932333965], [0.2904285960231848, 0.30213255490444124, 0.108389878804336, 0.29904897026803784], [0.15493194591229595, 0.18568853253997453, 0.20484146411260074, 0.4545380574351289], [0.17509643120765186, 0.25611803255576165, 0.12154501981718721, 0.44724051641939944], [0.380730708838052, 0.2353931929310881, 0.12379469053995135, 0.26008140769090865], [0.2574532275840843, 0.29020824990325317, 0.22420728940243778, 0.22813123311022487], [0.23412085960750625, 0.3178958152544355, 0.19288735781081975, 0.2550959673272385], [0.42379177997359346, 0.30243820074366023, 0.10455057944263439, 0.1692194398401117], [0.16744714713622927, 0.18103797766515886, 0.2591421922495517, 0.39237268294906025], [0.18722517106575193, 0.20768268127501135, 0.1499157282839624, 0.45517641937527425], [0.22879117679340344, 0.17586531564253138, 0.21848452373687038, 0.3768589838271948], [0.3882998805586417, 0.2666389133843756, 0.11306169555030618, 0.23199951050667653], [0.3491134562104924, 0.1259093280889696, 0.14880521605540872, 0.3761719996451293], [0.09326337278810311, 0.20124819113665396, 0.46026813677710776, 0.24522029929813516], [0.39842720438858775, 0.11025310885372003, 0.14169836543795838, 0.3496213213197338], [0.19076581663196415, 0.41820319444584786, 0.17440506831560734, 0.21662592060658076], [0.3348047520782103, 0.26184003521841276, 0.19693452840293085, 0.20642068430044624], [0.23477039313540524, 0.15212001512904164, 0.29458882119376345, 0.31852077054178973], [0.2981214817573473, 0.21984811302629992, 0.1662782396499003, 0.3157521655664525], [0.4896231235498005, 0.1742935179196633, 0.12873597677305162, 0.20734738175748466], [0.4312325938956497, 0.21929889312840342, 0.09705607722309462, 0.2524124357528523], [0.1815853758494565, 0.18651319191977478, 0.22716794971808832, 0.40473348251268026]]}, "rewritten": {"ids": ["97105760", "97106600", "97107040", "97107821", "97112300", "97116500", "97116800", "98106111", "98106560", "98107380", "98108580", "98109090", "98111860", "98116940", "98120010", "99107500", "99107640", "99107660", "99109141", "99110050", "99110730", "99112641", "100108260", "100109311", "100109360", "100109890", "100120010", "101108121", "101108370", "101109370", "101110150", "101110200", "101112690", "102107961", "102109910", "102110500", "102112170", "102112301", "102113981", "103109021", "103109641", "103110100", "103111480", "103113210", "103113610", "104110960", "104111531", "104111990", "104114230", "104114410", "104119290", "105110091", "105112240", "105112260", "105113170", "105113190", "105113480", "105116090", "105117200", "105117351", "105121370", "106113170", "106114321", "106115250", "106117650", "106117770", "106117790", "106118520", "106119580", "106120640", "107116980", "107118520", "107120130", "107120880", "108113740", "108114040", "108115880", "108117451", "108118630", "108118810", "108119510", "108121351", "108121410", "109113281", "109113881", "109114270", "109116810", "109117080", "109117110", "109117600", "109119450", "109121351", "110113931", "110114610", "110114720", "110114920", "110115140", "110115980", "110117200", "110118111", "110118121", "110118161", "110118301", "110118450", "110118740", "110120640", "110120700", "110121140", "111114121", "111114321", "111115400", "111116090", "111116530", "111116750", "111118810", "111119610", "111120260", "112116501", "112116610", "112116800", "112117210", "112117461", "112117580", "112117790", "112118421", "112119980", "112120290", "112120540", "112120700", "112120990", "113118111", "113118630", "113118870", "113119450", "113120260", "113121190", "113121410", "113122150", "113122220", "113122320", "113122430", "113122510"], "labels": [0, 3, 2, 2, 2, 2, 0, 0, 1, 1, 0, 1, 0, 2, 2, 0, 1, 3, 3, 3, 3, 1, 3, 1, 0, 3, 0, 0, 1, 1, 1, 2, 1, 3, 2, 3, 3, 1, 1, 0, 1, 1, 0, 3, 2, 2, 0, 2, 2, 1, 1, 0, 1, 3, 0, 3, 0, 1, 3, 0, 2, 0, 2, 2, 1, 0, 1, 2, 3, 3, 3, 2, 2, 1, 3, 0, 3, 2, 1, 1, 1, 3, 0, 0, 0, 3, 3, 1, 1, 1, 3, 0, 1, 1, 3, 3, 0, 1, 3, 1, 3, 0, 1, 0, 3, 0, 2, 3, 0, 1, 0, 3, 3, 3, 0, 2, 3, 3, 1, 0, 1, 0, 0, 3, 3, 0, 1, 3, 2, 2, 1, 3, 0, 3, 3, 1, 0, 2, 1, 1, 2, 2], "predicted_labels": [0, 3, 3, 1, 1, 1, 1, 3, 3, 1, 3, 0, 3, 3, 3, 1, 2, 1, 1, 1, 3, 1, 3, 3, 3, 3, 3, 2, 3, 3, 3, 0, 3, 1, 3, 3, 0, 0, 0, 3, 0, 0, 1, 3, 1, 3, 1, 3, 3, 3, 3, 1, 1, 1, 3, 3, 3, 0, 1, 0, 1, 0, 2, 3, 3, 3, 0, 0, 1, 3, 0, 1, 1, 3, 3, 3, 2, 3, 1, 2, 0, 1, 1, 3, 1, 2, 3, 1, 3, 3, 3, 3, 3, 3, 1, 3, 3, 3, 3, 0, 3, 3, 1, 3, 0, 0, 3, 0, 1, 1, 0, 0, 1, 3, 3, 3, 0, 3, 1, 3, 3, 0, 3, 3, 0, 3, 0, 3, 1, 1, 3, 3, 3, 0, 0, 3, 3, 3, 1, 1, 2, 2], "confidence_scores": [[0.7334753500835939, 0.10776956241600845, 0.056092258622513776, 0.10266282887788379], [0.1747476543804803, 0.23740007949328434, 0.17290664851175916, 0.4149456176144762], [0.13211518664385744, 0.173202487018159, 0.29975752464769345, 0.3949248016902902], [0.2618661925930189, 0.37080308287818037, 0.1396547411046158, 0.2276759834241848], [0.11488685186827186, 0.45248932349654014, 0.2549336390305913, 0.17769018560459673], [0.2848262805664444, 0.3437132858628129, 0.10967038677911549, 0.2617900467916271], [0.26064482619911156, 0.27740973791520135, 0.23331143062509085, 0.22863400526059632], [0.0961417225974082, 0.33084265223293763, 0.14815555663852809, 0.4248600685311261], [0.22019741754608263, 0.3118728308387568, 0.1408385880570196, 0.327091163558141], [0.2238653775166887, 0.35408673191638895, 0.17017842860833235, 0.25186946195859006], [0.13962288028626355, 0.3111460183046951, 0.1761929264047525, 0.37303817500428893], [0.281244820420835, 0.24287669638443668, 0.23126582110511798, 0.2446126620896105], [0.1440698734553506, 0.1998861224164084, 0.1810567703391965, 0.47498723378904445], [0.16236919958126247, 0.293478703590631, 0.17155027942614395, 0.3726018174019627], [0.181505251084579, 0.20106792560399406, 0.21951018457609503, 0.39791663873533195], [0.14577641497729704, 0.4302570645558478, 0.1761376905708141, 0.24782882989604127], [0.12144865750471207, 0.09083880285720618, 0.6390148071288808, 0.14869773250920112], [0.28482141812286804, 0.2932208234018524, 0.12899532076512119, 0.29296243771015823], [0.11102316217706651, 0.46287150607298877, 0.13279140640571627, 0.29331392534422845], [0.15554862774334277, 0.35658627937279386, 0.16286622856793206, 0.3249988643159315], [0.19987032744318592, 0.2578458294191983, 0.2569621527564586, 0.285321690381157], [0.22706790301074534, 0.4486672764811003, 0.14479580938766748, 0.179469011120487], [0.22063419790174624, 0.20579029429467555, 0.16286007834827035, 0.41071542945530803], [0.24365277027269505, 0.27764199955680613, 0.19247798138017108, 0.2862272487903279], [0.2362739747826693, 0.17219669520818276, 0.15102068500237972, 0.4405086450067683], [0.29136860416775484, 0.20386291992153252, 0.1657532255131853, 0.3390152503975273], [0.16788883334043536, 0.2130397045858575, 0.21853113580733374, 0.40054032626637354], [0.24508616310518685, 0.2226312289485731, 0.2814518711643865, 0.25083073678185364], [0.26903734775763694, 0.20621919400996447, 0.09085884461925885, 0.43388461361313974], [0.23259817239569547, 0.15620705747447655, 0.22551926350774912, 0.3856755066220789], [0.3035078254470701, 0.22123882615377238, 0.10827494921041869, 0.36697839918873904], [0.39511166178160406, 0.2848146806713505, 0.11572673809413009, 0.20434691945291553], [0.22691844578751746, 0.2535906692564781, 0.22503288888622788, 0.2944579960697764], [0.22196015065124475, 0.302906337673208, 0.18658219893522762, 0.2885513127403195], [0.3048539778405041, 0.1882175266239256, 0.12623545819082835, 0.380693037344742], [0.37413531991446886, 0.08307884671212641, 0.1078121761457488, 0.43497365722765596], [0.48712190442621844, 0.16975280791310549, 0.12107291980515308, 0.22205236785552304], [0.42410932963582443, 0.32077791535106087, 0.09799841852162779, 0.15711433649148687], [0.3169745493420827, 0.2725681781519126, 0.12401810871260713, 0.28643916379339784], [0.20196897883546647, 0.2628466727606908, 0.09214738736677136, 0.4430369610370714], [0.3063053599935288, 0.12298660228492526, 0.2750971673496836, 0.2956108703718623], [0.5454338880293677, 0.16801746339992332, 0.10847189971299852, 0.17807674885771052], [0.3232433021499511, 0.4346915466441455, 0.08008659751401588, 0.16197855369188757], [0.2281584341256044, 0.18724977794959258, 0.1537929137340386, 0.43079887419076446], [0.2305008622098283, 0.34556089109141913, 0.13197630024379237, 0.2919619464549602], [0.318162794609116, 0.2029769381852521, 0.13621293126058134, 0.34264733594505065], [0.14222633848910468, 0.41992522211081923, 0.07063609020271104, 0.3672123491973653], [0.14870022589522888, 0.1421762430222248, 0.07936273163725269, 0.6297607994452937], [0.1948295240979293, 0.2659870347107093, 0.11388263413863035, 0.42530080705273116], [0.11149290037992143, 0.1622732074350014, 0.10717101306952563, 0.6190628791155517], [0.1338425305124734, 0.20540241157597988, 0.17642872022728548, 0.48432633768426137], [0.1889538641699909, 0.34114991392617905, 0.19747728140240195, 0.2724189405014281], [0.20014729242100265, 0.3508785924847997, 0.1619632419465315, 0.28701087314766605], [0.15818759560006362, 0.38522606460042186, 0.10899712831541027, 0.34758921148410427], [0.2568977814340623, 0.17259836555735897, 0.07785818781168273, 0.492645665196896], [0.19091909122339581, 0.13282082554176836, 0.1743669331100663, 0.5018931501247695], [0.1731539985045591, 0.25389654134853745, 0.11569337470715624, 0.4572560854397472], [0.29453181129672434, 0.24743626832785673, 0.2075559018261827, 0.2504760185492363], [0.2195289417431561, 0.3695638675032829, 0.09948339045264418, 0.311423800300917], [0.34311308040193345, 0.2644408552805388, 0.0845297916828138, 0.3079162726347138], [0.1882073930247811, 0.3443187740176089, 0.2568537358603683, 0.21062009709724172], [0.47054006159656026, 0.2712284840030539, 0.07132584838073278, 0.18690560601965306], [0.23512055563431944, 0.1875358292961515, 0.30822251554325625, 0.2691210995262727], [0.09893780307719174, 0.12902709554918187, 0.13577156667171128, 0.6362635347019151], [0.10729777986249839, 0.36999638687596753, 0.10985885493272039, 0.4128469783288138], [0.16728553307929878, 0.15763677218629163, 0.0848002109956622, 0.5902774837387473], [0.47133793517379946, 0.15961898795086946, 0.20214403488547042, 0.1668990419898607], [0.45453343581340655, 0.27241976301932425, 0.07772552571672148, 0.19532127545054775], [0.2750044091366151, 0.359420581665829, 0.1483912293823912, 0.21718377981516473], [0.20401319763668585, 0.247829638996164, 0.11347985017506779, 0.43467731319208236], [0.4650402896457334, 0.14989913966921653, 0.19334400893648354, 0.1917165617485665], [0.0874668411942712, 0.47336180192445076, 0.15598756959928933, 0.28318378728198856], [0.1252312632039684, 0.5693640880414391, 0.06698507500580915, 0.2384195737487833], [0.25834373943743955, 0.2502676732322833, 0.11171933841363384, 0.37966924891664355], [0.2558991980627347, 0.15998782910353945, 0.17408942555233517, 0.4100235472813908], [0.1294730783895959, 0.1481782287122979, 0.10476854303569458, 0.6175801498624116], [0.21148104767360598, 0.21285431427282422, 0.43349359118404884, 0.142171046869521], [0.2998216614178771, 0.1365898797502814, 0.09649779353206211, 0.46709066529977955], [0.1645467466447083, 0.34103279268799547, 0.18024457347375325, 0.3141758871935429], [0.2652481503588268, 0.18254805304626562, 0.29379868465898723, 0.2584051119359204], [0.5509320690687697, 0.15200376714679592, 0.1130132098861425, 0.18405095389829196], [0.23870588711759128, 0.339838113338172, 0.1392210794862566, 0.28223492005798007], [0.21879355690210198, 0.45710770385014254, 0.13058058668686004, 0.19351815256089552], [0.16172168606412504, 0.3118319308837011, 0.09358680211168492, 0.4328595809404889], [0.17961159666107818, 0.3479503343434507, 0.17783732942824745, 0.2946007395672239], [0.11611936867260464, 0.13482140976932053, 0.4745850789346866, 0.2744741426233882], [0.2288432925759949, 0.26100463630331144, 0.17781633258281157, 0.3323357385378824], [0.09048500203281414, 0.4876344522482884, 0.08074018165275677, 0.3411403640661408], [0.2381949129641599, 0.20720631959767677, 0.23332064618276505, 0.3212781212553983], [0.291975251976274, 0.13885671410105363, 0.11786685252526995, 0.4513011813974024], [0.14837172929725298, 0.2757441754861752, 0.12668387125621655, 0.4492002239603553], [0.26795681445503833, 0.23570492403777177, 0.08047020980793289, 0.41586805169925695], [0.18730261259023842, 0.2323976014011878, 0.11246189020820797, 0.46783789580036583], [0.16375334082064472, 0.22517925279551138, 0.17603108410800591, 0.435036322275838], [0.11148413238870353, 0.38773706873033226, 0.27482179564314424, 0.22595700323782], [0.26159574454605744, 0.19986996612387237, 0.10476569942648796, 0.4337685899035822], [0.2650512961328261, 0.18031765599316424, 0.13566209109322788, 0.418968956780782], [0.1891783656141158, 0.2580731235345938, 0.1451139140543466, 0.4076345967969439], [0.19878387583091886, 0.15796238083303518, 0.2319106434233529, 0.4113430999126931], [0.3397048882657635, 0.2549755658723598, 0.17202029438627914, 0.23329925147559746], [0.1516999503346008, 0.19954656151799055, 0.07579642408796522, 0.5729570640594435], [0.16940378221041127, 0.14286452819181097, 0.23534527181552567, 0.4523864177822521], [0.18068231942188182, 0.37415430641991826, 0.19115669404498228, 0.2540066801132177], [0.25530168637935974, 0.2569077934061874, 0.14086539800057446, 0.34692512221387845], [0.347128333065603, 0.22472729908116146, 0.2720994151383779, 0.15604495271485766], [0.4739059859174375, 0.22034644469665068, 0.1355092916038133, 0.17023827778209852], [0.2597183477112448, 0.2835885756381103, 0.1063804328633852, 0.35031264378725974], [0.3644231734860494, 0.29683109846854155, 0.1516153442745699, 0.18713038377083918], [0.23209534241265592, 0.40265354589939595, 0.12046157230646347, 0.24478953938148482], [0.17772694339043396, 0.39121811152088765, 0.1605123287239007, 0.2705426163647777], [0.37651193599051186, 0.20802036450292963, 0.09959107014126603, 0.3158766293652925], [0.3383100114398256, 0.1477991228181885, 0.20210404778803961, 0.3117868179539464], [0.30337811699617057, 0.35340910848475326, 0.15181249470579583, 0.1914002798132804], [0.36687175783125175, 0.1547668507696661, 0.10527329705721108, 0.37308809434187107], [0.2609442344178905, 0.10697493510771132, 0.05549584807525565, 0.5765849823991426], [0.22533010873405548, 0.2527197523337844, 0.24757107105985673, 0.2743790678723036], [0.4591089531272701, 0.2592000210253106, 0.14727025040535313, 0.13442077544206615], [0.3106670405980518, 0.2108527504772302, 0.08900895514155666, 0.3894712537831614], [0.09772985681406403, 0.45680516996876186, 0.2421511615895197, 0.20331381162765444], [0.17774451824574425, 0.12719610608530296, 0.10044137683492531, 0.5946179988340277], [0.2399524190248116, 0.1369090826358327, 0.06569314605156791, 0.5574453522877877], [0.30837256068043495, 0.24240728499402892, 0.18016480788773573, 0.26905534643780055], [0.17176221716932816, 0.22905782298003272, 0.18857917113381817, 0.41060078871682104], [0.1867817075319048, 0.21529936413436948, 0.1657948369438792, 0.4321240913898465], [0.43345430810889646, 0.1796766822595469, 0.09019662573675387, 0.2966723838948028], [0.1708217698229753, 0.2544800641460906, 0.1000050890239314, 0.4746930770070026], [0.3969620376937916, 0.17688914356006535, 0.14546313056102664, 0.2806856881851164], [0.22357357203578682, 0.30621150671747854, 0.13279693823141744, 0.3374179830153173], [0.18532065291924904, 0.40725552348469923, 0.1291549518035129, 0.27826887179253895], [0.1391217363688588, 0.3438638323824277, 0.1964803474526951, 0.3205340837960184], [0.224711692834127, 0.2807125184441898, 0.13655728845373208, 0.3580185002679511], [0.0951100664252144, 0.10076131933710787, 0.07236282485736632, 0.7317657893803114], [0.14145550993572348, 0.19989179748644792, 0.11337460658660593, 0.5452780859912226], [0.37436355491645557, 0.23962341860942482, 0.11852855447940722, 0.26748447199471254], [0.4415372834190163, 0.16944544329314118, 0.22550837293105852, 0.1635089003567841], [0.11422811511184955, 0.28865004563418006, 0.13392758279767708, 0.4631942564562933], [0.26297565336347833, 0.1972184071828628, 0.199841431133109, 0.33996450832054986], [0.25055465720918313, 0.2674537302635854, 0.16827476697156024, 0.31371684555567136], [0.2865247712227758, 0.292119088230664, 0.25833321950694166, 0.16302292103961857], [0.2667031832575568, 0.2834740116581987, 0.21683168898974137, 0.23299111609450318], [0.12998064213791422, 0.16722419212398376, 0.4535609987023432, 0.2492341670357589], [0.20543759440866277, 0.2352501345111259, 0.31949516468163797, 0.23981710639857315]]}}