{"test": {"ids": ["110118301", "97116500", "113122170", "101114990", "97106970", "113121220", "113120531", "104113000", "112118511", "97107950", "101109370", "102113350", "105113440", "110115120", "110117500", "105114220", "109119450", "98110710", "97107821", "98107340", "102109850", "97109570", "112121351", "98119591", "110114321", "98116940", "108115500", "99112531", "100109000", "98111860", "104119340", "107113200", "113120070", "108116501", "108114180", "112119320", "97113900", "112118550", "99111930", "103113101", "101119030", "109120621", "111119580", "102121440", "108117360", "113118490", "102116500", "106115120", "104114410", "102109910", "105116090", "106118520", "110120640", "104113240", "109116441", "97116790", "112116290", "113122190", "99111340", "105117351", "101108121", "98111670", "113122650", "100107920", "112118701", "110115710", "107121540", "106119580", "102111990", "99107500", "102121700", "105113620", "108116120", "101112540", "101115190", "112119500", "110114610", "113122430", "110120700", "112119930", "108115570", "100115700", "100120010", "113122120", "105118230", "111121351", "112116640", "100113370", "102110750", "105117200", "99108710", "98107380", "103111540", "105116501", "110121450", "99117630", "110117200", "109117271", "102117351", "107112850", "98108970", "108114200", "101111310", "108119510", "110116290", "103113260", "111116530", "106116820", "110118111", "110116501", "102109840", "106116441", "111116100", "106115250", "113117340", "110117110", "111117200", "98106560", "101108080", "111116040", "103111480", "104110960", "101108370", "98106680", "106117770", "113120751", "100111390", "113121950", "107113130", "109117730", "99109311", "109117431", "99109370", "107113550", "113118111", "97105451", "105117431", "113119300", "111117000", "110118810", "99111440", "100108490"], "labels": [1, 2, 1, 3, 2, 3, 0, 1, 1, 2, 1, 3, 0, 0, 1, 3, 3, 2, 2, 0, 1, 0, 0, 1, 1, 2, 3, 3, 1, 0, 1, 0, 2, 0, 1, 1, 2, 3, 1, 3, 3, 1, 3, 2, 1, 1, 1, 1, 1, 2, 1, 2, 0, 2, 3, 2, 0, 1, 1, 0, 0, 1, 2, 0, 0, 2, 2, 3, 2, 0, 1, 0, 1, 2, 1, 2, 1, 2, 2, 1, 3, 1, 0, 1, 1, 0, 0, 3, 1, 3, 2, 1, 1, 1, 3, 3, 3, 0, 1, 1, 3, 0, 3, 1, 2, 3, 3, 1, 1, 3, 2, 0, 3, 2, 2, 0, 0, 1, 0, 0, 0, 2, 1, 1, 0, 1, 2, 3, 1, 3, 1, 1, 1, 0, 1, 0, 1, 1, 0, 1, 3, 2], "predicted_labels": [1, 1, 1, 1, 1, 3, 0, 0, 3, 3, 1, 0, 2, 0, 0, 1, 3, 1, 0, 3, 2, 1, 3, 3, 0, 1, 2, 1, 1, 2, 0, 0, 2, 0, 3, 2, 0, 0, 1, 3, 3, 3, 0, 3, 3, 3, 2, 1, 3, 3, 2, 3, 0, 1, 0, 2, 1, 2, 2, 0, 3, 2, 0, 1, 3, 2, 1, 0, 0, 1, 0, 2, 3, 3, 1, 1, 2, 3, 1, 1, 2, 0, 1, 2, 1, 1, 2, 1, 2, 3, 1, 3, 3, 1, 3, 3, 0, 3, 3, 1, 1, 1, 1, 2, 0, 1, 1, 0, 1, 3, 2, 0, 0, 2, 1, 2, 1, 3, 1, 0, 0, 0, 0, 3, 1, 1, 0, 3, 2, 0, 2, 3, 2, 2, 3, 1, 2, 3, 3, 3, 0, 0], "confidence_scores": [[0.0018010459481014262, 0.9981454910014326, 2.746249245337751e-07, 5.318842554149543e-05], [0.0325164670973424, 0.9017183398725039, 0.049281175077004795, 0.0164840179531489], [0.00021357960263434893, 0.8996266813983022, 0.09676244609361481, 0.003397292905448533], [8.777618686123776e-09, 0.9735209320976141, 0.026477867362753454, 1.1917620136602898e-06], [0.0009677811179674605, 0.7283218615230465, 0.0013881927944712899, 0.2693221645645147], [2.798194048002278e-07, 0.026234241878804986, 0.14260293090738302, 0.8311625473944071], [0.7443722640002208, 0.2029565201917133, 0.03349501662133885, 0.01917619918672698], [0.9463839246155532, 0.0032252445441864333, 0.0004199227779334871, 0.04997090806232712], [0.009981286854953595, 0.41263740585506115, 4.7970081121780364e-05, 0.5773333372088636], [0.0026161104020876167, 0.36707800067189716, 0.0047640737727196155, 0.6255418151532955], [0.0014739684720702887, 0.987718752113034, 0.010263648936578284, 0.0005436304783176887], [0.9035766450474152, 4.420368075528909e-05, 0.02346493862381292, 0.07291421264801674], [0.20428448901850518, 0.020196363147488853, 0.7680282783364876, 0.007490869497518439], [0.9709771901867684, 0.02174718288529783, 0.003969493337853815, 0.003306133590080043], [0.9970355474937435, 0.0008425242106174398, 0.00204777963789646, 7.414865774272514e-05], [0.041482610041701735, 0.9420125983763741, 7.730890098114334e-07, 0.016504018492914344], [0.00012587449534632027, 0.0004506865711582103, 0.05453337753702589, 0.9448900613964697], [0.00010773878519827347, 0.9998921695376786, 4.078067174687311e-08, 5.0896451359161044e-08], [0.5755741686319024, 0.09960784704086073, 0.21849802646394803, 0.10631995786328896], [3.911426333453214e-10, 1.547702799157281e-08, 9.1548100274087e-05, 0.9999084360315553], [0.00014652068166381925, 0.00185401274396243, 0.9979989143560299, 5.522183438827429e-07], [1.1726192800059472e-07, 0.9997250263063443, 5.394771064811461e-06, 0.0002694616606629256], [0.030684303382846008, 0.000827990007226362, 1.5526778375136973e-09, 0.9684877050572499], [0.0003509267812004591, 0.0015507358446013755, 0.0201990406313492, 0.9778992967428489], [0.9882660447542247, 0.011417657031080731, 1.9077636383518933e-06, 0.000314390451056326], [0.00897549424549895, 0.9549701730755119, 0.018731917614949505, 0.01732241506403979], [0.006791528966914288, 0.19703743051368083, 0.7961389342060714, 3.210631333341977e-05], [0.08978991029638843, 0.8386466914452677, 3.396149161990826e-06, 0.07156000210918188], [0.024978608622908485, 0.9105211197382329, 0.0061108894488087285, 0.058389382190049924], [0.008282910302846478, 0.03300865814495527, 0.9545502159819418, 0.00415821557025629], [0.9543088116809066, 0.006862001041847121, 0.00986673567233161, 0.028962451604914514], [0.9635291441130802, 4.637412125913117e-06, 6.274037350408514e-07, 0.03646559107105863], [2.5914285692606257e-05, 4.529498094085961e-05, 0.9998358860113749, 9.29047219915886e-05], [0.9933782988341706, 7.172695633557494e-05, 0.006539164220305795, 1.080998918805428e-05], [2.2154845512547445e-10, 3.4340741294353104e-08, 4.806860411989737e-07, 0.999999484751669], [2.161039267942125e-07, 0.0021291914761569076, 0.9970492533725794, 0.0008213390473368984], [0.8613878704360648, 0.0043640942791739745, 0.13245704476555328, 0.0017909905192078272], [0.9984432879272419, 2.6145755390576497e-06, 1.4588001979393618e-05, 0.0015395094952396968], [5.434005927801609e-06, 0.999534847919433, 0.00031249891586295327, 0.00014721915877618372], [7.3279893378778935e-06, 8.353235209408016e-06, 0.23495500449679602, 0.7650293142786567], [0.04602699257499113, 0.018885657005314933, 0.0030157950062065287, 0.9320715554134874], [0.07657455194720855, 0.00949186994093156, 0.007347993452330651, 0.9065855846595292], [0.9998429085250946, 3.4584446665790466e-07, 0.0001526545053693108, 4.09112506928996e-06], [3.398739741906592e-05, 0.02322989157169537, 0.0018218574427455996, 0.9749142635881399], [2.6669204884813405e-06, 0.4011985614722992, 0.07035921056241248, 0.5284395610447998], [0.0002574348123840194, 0.39927918712498106, 0.0061378737183534985, 0.5943255043442814], [0.020932744922496492, 0.002715296286300833, 0.9748843377681774, 0.001467621023025177], [0.04223645205275949, 0.9567005468921335, 3.534034833238145e-09, 0.0010629975210722366], [0.11986725202180432, 0.0007746883795967096, 0.000370017985018799, 0.87898804161358], [0.3929960113280673, 0.010969572409874334, 0.1400694998981265, 0.45596491636393177], [0.14815249206186154, 0.014183141875892232, 0.5201060685169162, 0.31755829754532994], [0.17901568206718718, 0.006851132950570974, 0.26217231437966715, 0.5519608706025747], [0.8597243346290286, 0.0011420051367279267, 0.13412188584014356, 0.005011774394099828], [0.0016630259867366712, 0.7521167312640112, 0.24620518388969304, 1.5058859559067016e-05], [0.5826504638916674, 0.1728709621922574, 1.3661359789634867e-09, 0.2444785725499391], [0.0016051375875766206, 0.2976461788688944, 0.624349830682208, 0.07639885286132107], [3.4166943828696517e-06, 0.9978105535195952, 2.4358239159133313e-05, 0.0021616715468626016], [0.003045895594759788, 7.65781332871939e-06, 0.9968615488249359, 8.489776697564085e-05], [1.1090986456253258e-07, 0.002046597584414575, 0.9974781874253311, 0.00047510408038979536], [0.9999323203862103, 1.8827692316774453e-08, 2.05028585737372e-07, 6.745575751174403e-05], [0.0001443841194203574, 0.04918712837004871, 0.0020179918460560687, 0.9486504956644748], [5.695372901603908e-05, 0.017096602989749052, 0.8687219085332042, 0.11412453474803087], [0.9644193893802417, 0.0021425137126719436, 0.028950537112523343, 0.004487559794563123], [0.03927051267719957, 0.47611665139946074, 0.08857791254993003, 0.3960349233734095], [3.0886269593850057e-06, 1.980761784022169e-06, 0.0014639031877852473, 0.9985310274234714], [0.21358873628029104, 0.0012696529380173526, 0.7848935730864172, 0.00024803769527456085], [0.20602391310251564, 0.6910002632205677, 0.0005272489582608808, 0.10244857471865577], [0.5325520372449813, 0.032423889250823956, 0.021398594444143524, 0.4136254790600513], [0.5761287165831609, 2.4278559474473407e-08, 0.42386297119241956, 8.28794585991272e-06], [1.674394249120799e-06, 0.9999887371185497, 2.734461873142153e-07, 9.315041013712112e-06], [0.9703924448099936, 0.029606315013303658, 1.3426253602221482e-08, 1.2267504489888081e-06], [0.05682258726591327, 0.0638024279824161, 0.8791945168446872, 0.00018046790698335294], [0.01586017038268399, 0.00015704762489237873, 0.017057587082057762, 0.9669251949103659], [0.005158044550150688, 0.13508845240116424, 0.16699879958000985, 0.6927547034686753], [1.6213534284108867e-05, 0.9845243261497861, 0.015429572712452167, 2.988760347733469e-05], [0.00031249828035628623, 0.9773184923747592, 0.022368371257085774, 6.380877987069935e-07], [0.0028221130312193537, 0.14447728713634989, 0.8470940904907297, 0.00560650934170113], [9.215562027367887e-06, 0.47110339666747203, 0.00019316220972291572, 0.5286942255607777], [0.13188546896650838, 0.657737098188083, 0.00029317783962382873, 0.21008425500578473], [5.022086319592095e-07, 0.8855702594417828, 0.11422092885134962, 0.0002083094982357867], [4.212545037172434e-05, 1.1071504987288983e-06, 0.6586807290778217, 0.3412760383213077], [0.7302349179474491, 0.11761120677616684, 0.006591604663874944, 0.14556227061250912], [0.003352332558618062, 0.9809560961572007, 0.00631791403150855, 0.009373657252672592], [0.0001066027116334698, 0.006181385289091, 0.992536693869522, 0.0011753181297535018], [0.00012164533110676981, 0.9970812655571737, 0.002065389182483275, 0.0007316999292361452], [0.04665447864516168, 0.9532782823126438, 1.2067305678375805e-06, 6.603231162658056e-05], [1.3618847756516967e-06, 0.0003743166518543665, 0.5266025509766765, 0.4730217704866936], [0.003117053741294064, 0.9937628348395011, 0.0011951341578782997, 0.0019249772613265772], [0.0003835548828252638, 0.33115801245820214, 0.6652719534303374, 0.003186479228635087], [0.03914915941273813, 0.0012854713447253581, 0.0022814816471180893, 0.9572838875954185], [9.471421555871479e-07, 0.9991299443909161, 2.5884421552283042e-05, 0.0008432240453761814], [0.40363228610004986, 0.021839014602982234, 0.04890421554308704, 0.5256244837538809], [0.0010884178109311084, 0.0009947650478407011, 0.09803494721245275, 0.8998818699287755], [0.12526479700036294, 0.8285692853690858, 3.2625449250937296e-09, 0.0461659143680064], [0.2403874706914864, 0.07562945186980873, 2.1273929238596966e-05, 0.6839618035094662], [0.0006840964840167195, 0.038297550765132624, 0.0025255991700724573, 0.9584927535807782], [0.9997211003107423, 8.956587105177737e-05, 0.0001889782688110022, 3.555493949216588e-07], [1.7002002105243372e-05, 5.691342850845329e-10, 3.279659129119539e-10, 0.9999829971007946], [1.4186793135816892e-05, 0.10234358559414633, 9.310608459755161e-06, 0.8976329170042582], [0.15302595499724808, 0.8150011717231268, 0.03164304076189363, 0.0003298325177314912], [6.993630518725404e-05, 0.9756339520145647, 0.024272320464220943, 2.3791216027006772e-05], [0.054371937246766505, 0.9298492724810921, 0.0001413074796040779, 0.01563748279253719], [0.18479435392815538, 0.8130353474425038, 0.0020219635386914568, 0.00014833509064948318], [0.03289856258339855, 0.029674686108404527, 0.933318392790874, 0.004108358517322847], [0.6490130697232979, 0.0006700685484997249, 0.34912380534460785, 0.0011930563835944076], [5.705500612479375e-06, 0.7683550520222202, 0.010643925618315285, 0.22099531685885204], [0.00023540052522648148, 0.9938202826810519, 0.005274385424614077, 0.0006699313691077184], [0.998599347438514, 2.102628376789668e-05, 1.176930118141536e-09, 0.0013796251007878247], [0.18598557101824786, 0.7474939214347821, 1.0917391187173369e-07, 0.06652039837305813], [6.491272202614826e-07, 0.003980708705572277, 8.935348291446333e-10, 0.9960186412736727], [0.0018410266746024524, 0.00531102035669562, 0.5668039262522118, 0.42604402671649017], [0.9999838259361827, 9.303157132539563e-06, 6.640474125230764e-06, 2.3043255951746328e-07], [0.5132469827183405, 0.0006401871332936095, 7.626800813666461e-07, 0.4861120674682846], [0.01692737624974052, 0.21696717016926514, 0.7539165236014514, 0.012188929979542911], [6.3936952178426066e-06, 0.994072343045397, 0.0018287747471725415, 0.004092488512212606], [6.42511325174839e-05, 1.0281175431000387e-05, 0.9999251839172112, 2.837748404604279e-07], [0.04320019976784099, 0.9565967925400563, 0.00014164668421134328, 6.136100789152261e-05], [0.061905359639923746, 0.0014746398972057607, 0.07319752036887887, 0.8634224800939916], [0.30414037940145405, 0.610500126056378, 1.4196980383533616e-06, 0.08535807484412951], [0.9562346342123694, 0.0001404367882324268, 0.012255024114311107, 0.031369904885086876], [0.9269178907534723, 0.04802172199865258, 0.002361608934209363, 0.022698778313665798], [0.7890982608091002, 0.01049287660242544, 0.19985180866402957, 0.0005570539244448633], [0.9999857789879848, 1.5851461745200512e-06, 2.4797131057739522e-08, 1.2611068709917718e-05], [0.00010603473503737254, 0.03756314445038337, 0.3737359451201195, 0.5885948756944599], [0.0023097224480680386, 0.9282792247545955, 0.050678184462117686, 0.01873286833521892], [7.09455487242799e-07, 0.9992270648856246, 7.777928688422418e-05, 0.0006944463720039172], [0.9428652426721483, 0.055561797278254214, 6.771753781971142e-05, 0.0015052425117777495], [0.0018028928674388835, 0.0002608273907412787, 0.054830066275614986, 0.9431062134662048], [0.03495344834787642, 0.011091641021471236, 0.8782719522855299, 0.07568295834512243], [0.9995990310310403, 0.000384128929256261, 1.5455354148292042e-05, 1.3846855551646605e-06], [6.488662030388472e-05, 0.0006613932731886851, 0.9990880978494469, 0.0001856222570606791], [0.00027731929804896874, 0.06013238497961315, 7.19287185870698e-05, 0.9395183670037508], [0.0011970641883286407, 0.3723493402499793, 0.6238589657237733, 0.002594629837918839], [0.2741406330936631, 6.513028645977423e-05, 0.7255420545865247, 0.0002521820333525953], [0.3151561898117109, 0.00031429634441883534, 7.70577087974659e-05, 0.6844524561350728], [0.012504198194517655, 0.986711209219775, 6.274435318349932e-07, 0.0007839651421756027], [8.327708138130474e-06, 0.4798090090221878, 0.5191119149348439, 0.0010707483348302107], [0.00418441114203007, 3.784908950353395e-05, 1.1558031644246725e-06, 0.9957765839653019], [0.0020002643384608655, 0.0759806748591204, 0.023353653714286295, 0.8986654070881325], [0.006311428171449008, 8.871928989860081e-05, 0.036523581894686664, 0.9570762706439657], [0.8524371221564984, 0.026263508509645768, 0.007777119847536943, 0.11352224948631882], [0.8507582963956527, 0.010480956144654763, 0.06687869125907081, 0.0718820562006217]]}, "rewritten": {"ids": ["97105451", "97106970", "97107821", "97107950", "97109570", "97113900", "97116500", "97116790", "98106560", "98106680", "98107340", "98107380", "98108970", "98110710", "98111670", "98111860", "98116940", "98119591", "99107500", "99108710", "99109311", "99109370", "99111340", "99111440", "99111930", "99112531", "99117630", "100107920", "100108490", "100109000", "100111390", "100113370", "100115700", "100120010", "101108080", "101108121", "101108370", "101109370", "101111310", "101112540", "101114990", "101115190", "101119030", "102109840", "102109850", "102109910", "102110750", "102111990", "102113350", "102116500", "102117351", "102121440", "102121700", "103111480", "103111540", "103113101", "103113260", "104110960", "104113000", "104113240", "104114410", "104119340", "105113440", "105113620", "105114220", "105116090", "105116501", "105117200", "105117351", "105117431", "105118230", "106115120", "106115250", "106116441", "106116820", "106117770", "106118520", "106119580", "107112850", "107113130", "107113200", "107113550", "107121540", "108114180", "108114200", "108115500", "108115570", "108116120", "108116501", "108117360", "108119510", "109116441", "109117271", "109117431", "109117730", "109119450", "109120621", "110114321", "110114610", "110115120", "110115710", "110116290", "110116501", "110117110", "110117200", "110117500", "110118111", "110118301", "110118810", "110120640", "110120700", "110121450", "111116040", "111116100", "111116530", "111117000", "111117200", "111119580", "111121351", "112116290", "112116640", "112118511", "112118550", "112118701", "112119320", "112119500", "112119930", "112121351", "113117340", "113118111", "113118490", "113119300", "113120070", "113120531", "113120751", "113121220", "113121950", "113122120", "113122170", "113122190", "113122430", "113122650"], "labels": [0, 2, 2, 2, 0, 2, 2, 2, 1, 1, 0, 1, 3, 2, 1, 0, 2, 1, 0, 2, 1, 1, 1, 3, 1, 3, 3, 0, 2, 1, 2, 3, 1, 0, 0, 0, 1, 1, 3, 2, 3, 1, 3, 2, 1, 2, 1, 2, 3, 1, 1, 2, 1, 0, 1, 3, 3, 2, 1, 2, 1, 1, 0, 0, 3, 1, 1, 3, 0, 1, 1, 1, 2, 0, 1, 0, 2, 3, 1, 1, 0, 0, 2, 1, 0, 3, 3, 1, 0, 1, 1, 3, 0, 1, 3, 3, 1, 1, 1, 0, 2, 2, 3, 0, 3, 1, 1, 1, 1, 0, 2, 3, 0, 3, 3, 0, 0, 3, 0, 0, 0, 1, 3, 0, 1, 2, 1, 0, 2, 1, 1, 1, 2, 0, 1, 3, 3, 1, 1, 1, 2, 2], "predicted_labels": [0, 3, 1, 3, 2, 0, 2, 2, 3, 2, 3, 3, 2, 1, 3, 2, 1, 3, 1, 1, 2, 1, 2, 3, 1, 1, 3, 3, 3, 3, 0, 1, 3, 2, 0, 3, 0, 1, 1, 3, 1, 2, 0, 2, 2, 2, 2, 2, 3, 2, 3, 3, 0, 0, 3, 3, 3, 0, 3, 1, 3, 3, 2, 2, 0, 2, 0, 3, 0, 2, 1, 1, 3, 0, 0, 1, 3, 0, 0, 2, 0, 0, 0, 3, 0, 1, 2, 0, 0, 3, 2, 0, 3, 3, 0, 3, 3, 1, 2, 0, 2, 0, 3, 2, 0, 0, 1, 1, 3, 0, 3, 3, 0, 3, 1, 3, 0, 0, 1, 1, 3, 3, 0, 3, 2, 1, 1, 3, 1, 3, 3, 3, 2, 1, 3, 3, 0, 2, 2, 0, 3, 3], "confidence_scores": [[0.9632862402983394, 0.036471817302147776, 3.7073786054280655e-06, 0.00023823502090728233], [0.012571191098134251, 0.05510814879035726, 0.0025273991818206775, 0.9297932609296878], [0.009060352583113565, 0.9840173685852304, 0.0036627349037280004, 0.0032595439279279746], [0.0008882000586823656, 0.0080313399822742, 0.0014523990193861535, 0.9896280609396574], [0.0002412618300467265, 0.40776644764893727, 0.49363609421037413, 0.09835619631064181], [0.5768627842891062, 0.040032422597649005, 0.1871432451444338, 0.1959615479688109], [0.0019855687361992128, 0.06598235063731908, 0.8358548752051062, 0.09617720542137562], [0.0017707725346351782, 0.0012750427096323092, 0.9917586558858963, 0.005195528869836322], [0.12069088717650978, 0.00010097293643318801, 0.13235133278083228, 0.7468568071062248], [5.747754000364251e-06, 0.01958938861010625, 0.9755529411001905, 0.004851922535702913], [3.0662069693626187e-09, 3.086811830774849e-07, 0.0007672600452967213, 0.9992324282073133], [0.42435891342121834, 0.015993343509077104, 0.01949220865782834, 0.5401555344118762], [0.0022111672765068105, 0.17423258485993326, 0.8223392071431461, 0.0012170407204137735], [0.0001239090138561006, 0.9998747733758943, 3.3261192288617195e-07, 9.849983267076272e-07], [2.2075553652666352e-07, 0.0006351620149555739, 0.3989737124044603, 0.6003909048250475], [0.00016686568462729388, 0.0010134689345362104, 0.9950003380981922, 0.003819327282644308], [0.001754630511616816, 0.9411940379890187, 0.005301391773161895, 0.051749939726202426], [8.615565797977694e-05, 0.0007549699052143122, 0.03504610860743988, 0.9641127658293661], [0.11288621783474823, 0.8822683307990581, 0.004199835015548519, 0.0006456163506450585], [0.00015407204434025567, 0.9460081393736198, 0.0001009831927115409, 0.053736805389328464], [1.1928342497161398e-06, 0.008756302101770917, 0.9909332656014496, 0.00030923946252972025], [0.022432827128057806, 0.6013986922753491, 0.361524006821894, 0.014644473774699115], [7.534216064141673e-09, 0.002423514331476401, 0.9685945273772799, 0.028981950757027683], [0.011596398996059515, 0.016974116125825216, 0.005586031878116398, 0.965843452999999], [8.072003618660323e-06, 0.994799968670105, 0.004435787412057565, 0.0007561719142188257], [0.0299661718287341, 0.745646437628102, 8.820093688816069e-07, 0.22438650853379502], [0.03556995976404965, 0.27756006781720727, 0.07312774981871013, 0.613742222600033], [0.042359267256181825, 0.276477401430145, 0.10431879706463046, 0.5768445342490428], [0.3141619908393584, 0.02766680889966064, 0.004330056886418377, 0.6538411433745626], [0.03735410975810306, 0.3129788923332951, 0.2311160130003519, 0.4185509849082498], [0.9327332062271867, 0.049284613039670896, 0.017569796362638643, 0.0004123843705036767], [0.0791230410320952, 0.6290368621010627, 0.06892478018483857, 0.2229153166820035], [0.052641804978876695, 0.03653905366788837, 0.22417004360329754, 0.6866490977499374], [0.00018353979293563944, 0.11007992951905589, 0.8846207519518198, 0.005115778736188695], [0.7598760788210529, 0.18116532982155384, 1.0767000213724799e-05, 0.05894782435717969], [6.2668412726016895e-06, 0.0005457990833907302, 0.00022521864734106209, 0.9992227154279957], [0.9998664563906917, 1.2290841925481557e-05, 5.870148270141675e-06, 0.00011538261911248574], [0.00326633188634141, 0.9823033951979512, 0.014426354747716585, 3.918167990926301e-06], [0.11002500022326052, 0.8876828419421755, 4.051881842282167e-05, 0.002251639016141028], [0.00033881910325481217, 0.0020653149090155082, 0.47601925240263543, 0.5215766135850942], [5.766867008272592e-08, 0.9289405052223733, 0.07105917409506193, 2.6301389478597036e-07], [2.45471879634842e-05, 0.357228429949783, 0.6425941123180021, 0.0001529105442515291], [0.9950049533349291, 5.327651350772035e-05, 7.232586098177733e-07, 0.004941046892953319], [1.0815897666504676e-06, 0.0023654528218942654, 0.9958211242751617, 0.0018123413131775333], [0.0002134221327891219, 0.00023026173992121265, 0.9995425834330788, 1.3732694210691699e-05], [0.030433651406736095, 0.0018142145218221577, 0.5790841589195443, 0.3886679751518975], [0.003142370292402609, 0.23736677544855914, 0.748508673776793, 0.010982180482245328], [0.17249396941022735, 2.2775759945823045e-07, 0.8274626982639612, 4.3104568211928483e-05], [3.516105257382178e-05, 0.00010141504779978249, 0.2142021570952941, 0.7856612668043322], [0.001122113732683792, 0.013129755311064834, 0.9843621869823089, 0.0013859439739422501], [8.002045850745198e-07, 0.00890649278831912, 4.1889286934712074e-06, 0.9910885180784024], [4.615308318579544e-06, 0.05818136803279094, 0.0107213470819693, 0.9310926695769213], [0.9840631500626739, 0.015905599038314146, 1.9601718942842878e-06, 2.9290727117598115e-05], [0.955855520937581, 0.002277763836986212, 0.0009856126265490677, 0.04088110259888384], [8.711574675342435e-06, 0.0035084760819955613, 0.003501888040830021, 0.992980924302499], [7.641228740839443e-08, 7.613463247148642e-06, 0.431450195854477, 0.5685421142699884], [0.0002553469732810283, 0.09304053719893854, 0.14207828906811953, 0.764625826759661], [0.9969235111626392, 0.00016230650628089953, 0.00229565748715169, 0.0006185248439281669], [0.3468840423071845, 0.00440969135483711, 0.0009052906522598762, 0.6478009756857186], [1.3050524471486921e-05, 0.9970542208866646, 0.0012403560321255184, 0.0016923725567384623], [0.01271714861711301, 0.0002100495821877334, 0.0007173583676635158, 0.9863554434330356], [0.24310479162745344, 0.011467217662741034, 0.0712121285744279, 0.6742158621353777], [0.00029384336409395156, 6.560148323783676e-06, 0.9992891436059891, 0.00041045288159318404], [0.21452744023371176, 0.002371363079763727, 0.7790701486996199, 0.004031047986904715], [0.36607081342472797, 0.3029114024513375, 2.9231959547289847e-07, 0.331017491804339], [0.07450012893651116, 0.19766671643492714, 0.7124842898521074, 0.015348864776454321], [0.9490166131706306, 0.03815818999019458, 8.24244262146615e-08, 0.012825114414748612], [0.05652141956234214, 5.175685277197287e-06, 0.005691488470135547, 0.937781916282245], [0.9953888705657019, 3.203505348919088e-07, 6.749655880358184e-05, 0.00454331252495973], [2.740092851756139e-06, 0.05488191759134458, 0.9448467485235056, 0.0002685937922980313], [3.4520830647313307e-06, 0.9902950664731086, 0.009027176092550044, 0.0006743053512766126], [0.41023040721215087, 0.5756172877347854, 1.887704165292494e-08, 0.01415228617602218], [0.06746422754632031, 0.017986451720104775, 0.37177637640924366, 0.5427729443243313], [0.9659156070518502, 0.033505145841001914, 0.00032693094597804846, 0.0002523161611697806], [0.9990547346877462, 5.432168107969568e-07, 9.811989354338384e-10, 0.0009447211142441273], [0.0010705248000033173, 0.9008678229182779, 0.004933825736355741, 0.09312782654536285], [0.03242475895395244, 0.0007031494105677643, 0.01409260594005644, 0.9527794856954235], [0.838632539824513, 0.0026663565004699454, 0.014673797274895912, 0.14402730640012107], [0.9264531736714788, 0.03033944063222033, 0.03723839326643451, 0.005968992429866315], [6.106471427162853e-05, 0.001670869311770816, 0.9982235489332398, 4.451704071756153e-05], [0.869629231092902, 3.4763067473738656e-06, 9.371753611172797e-06, 0.13035792084673956], [0.8768461568215399, 9.248668887870566e-06, 0.029016601707589573, 0.0941279928019826], [0.7598909122430284, 0.23866058821741765, 0.0006704853488659318, 0.0007780141906879348], [3.394836956942119e-10, 1.8676934677616901e-07, 7.349708683359361e-08, 0.9999997393940827], [0.8877725223820718, 0.04318444380302323, 0.002134001555726966, 0.06690903225917805], [0.015458611776629723, 0.6850800495035482, 0.29943445296978743, 2.6885750034607326e-05], [5.992947912282391e-06, 5.049252707414673e-08, 0.9793459183558145, 0.020648038203746236], [0.6592601149098806, 3.4033678512997656e-05, 0.011516608079010409, 0.329189243332596], [0.8425419221138337, 0.11337749001724967, 0.031038077592746932, 0.013042510276169672], [1.6993930998781947e-06, 0.1399682660980272, 0.08436479721046915, 0.7756652372984039], [0.004209661268462591, 0.03854524419475662, 0.9566369493725316, 0.0006081451642491645], [0.8918971651657772, 0.026302691632788543, 5.110732840010116e-08, 0.08180009209410581], [0.0001822585154147989, 1.5188842441073244e-08, 1.039086038726283e-07, 0.999817622387139], [0.0013418808474880484, 0.000973304525785054, 0.00026529811551373797, 0.9974195165112131], [0.9996174596951362, 9.727691940926578e-05, 0.00023287679000177764, 5.238659545272543e-05], [3.676252524951588e-06, 1.9017237545510312e-05, 0.0030752075426026793, 0.996902098967327], [0.0214891174698193, 0.0008939227344840848, 0.2670649870651131, 0.7105519727305836], [0.000693017460173398, 0.9982578325195678, 0.00010026838656072746, 0.0009488816336980277], [0.0005447151028904635, 0.31488030697204494, 0.6433817897477246, 0.04119318817734002], [0.9838897991864936, 0.0070935915003179535, 0.007979711237446065, 0.0010368980757424974], [0.35065964981929815, 0.0004040208305323916, 0.6488793633171668, 5.696603300270926e-05], [0.9958735830660156, 1.6225273754707665e-05, 0.004097662575212394, 1.2529085017425327e-05], [9.257122810220516e-06, 0.0011239403188606732, 8.404124458508596e-09, 0.9988667941542047], [2.187602718884768e-06, 1.943948631671832e-05, 0.9999716342899734, 6.738620991197729e-06], [0.9996986962429919, 8.294865799864131e-05, 0.00018976630085329634, 2.8588798155978286e-05], [0.9855505493054811, 0.006790977902228997, 0.007351420774854799, 0.00030705201743520626], [0.00010360849940387813, 0.9998328364056195, 2.7394745713024973e-08, 6.3527700230862e-05], [0.00041270018056126625, 0.9991023422748583, 2.193173849854245e-06, 0.00048276437073059065], [0.040695578433286625, 0.0026088243498927303, 0.061248930715285727, 0.8954466665015348], [0.9981894465344597, 5.405411439800192e-05, 0.0006011509581006737, 0.0011553483930415468], [0.14800730599208212, 0.034604985810310226, 0.00011212543216470376, 0.8172755827654429], [0.1097446773088319, 0.012438907561207692, 0.00013300745343409787, 0.8776834076765264], [0.9967064167872344, 4.462838457031246e-06, 0.0007020220372662316, 0.002587098337042136], [0.02311354256130956, 0.00010174366441948585, 2.110712805075076e-07, 0.9767845027029904], [2.5254576528211363e-05, 0.9836177734437751, 0.016354039282571713, 2.9326971251888468e-06], [0.0010375793335399709, 0.004934324251748811, 0.0009192554154641031, 0.9931088409992471], [0.9933864071346736, 0.004460726209732878, 0.0005581958139640451, 0.001594670841629213], [0.9994010358028917, 2.7934529217409634e-08, 0.0005742950815748791, 2.4641181004229407e-05], [0.00047198282941286485, 0.999329978635738, 1.175120905292785e-06, 0.000196863413944044], [2.633594188508301e-07, 0.9987621010414398, 2.45904417902322e-06, 0.001235176554962469], [2.7276877796029977e-05, 0.00020849133564647868, 0.07711249557342478, 0.9226517362131327], [0.0010100601835354313, 0.16800428202255727, 3.80627113838292e-05, 0.8309475950825236], [0.9914749186544987, 1.7844141470288843e-05, 2.3430005997824725e-05, 0.008483807198033294], [3.7185794606717565e-09, 3.488346845557737e-08, 6.988745298635628e-09, 0.9999999544092067], [1.6224561527582853e-09, 0.0003996245148036756, 0.9995366665597006, 6.370730303943687e-05], [9.26764629186143e-05, 0.9990596502105018, 0.0008344141050251314, 1.3259221554566203e-05], [0.0006546722245967352, 0.8611127199436819, 0.1291512534177933, 0.009081354413928152], [0.03454575985910801, 0.00023537347485996977, 3.4957075075524154e-10, 0.9652188663164613], [0.00017853017589905591, 0.9978304225907697, 0.00017624194937564876, 0.001814805283955729], [0.3522819230128606, 0.0023483179658777484, 0.00011500914548267807, 0.6452547498757789], [0.16609344054760888, 0.3403860014400633, 0.013700972820820554, 0.47981958519150725], [0.00029091036944793776, 1.0961629086124809e-05, 3.329817204644898e-06, 0.9996947981842612], [1.0308792031310061e-07, 4.1227671405312594e-06, 0.9989914773476242, 0.0010042967973149172], [0.4558862802139222, 0.5421769902939491, 0.0004751454011446206, 0.001461584090984047], [0.00014638325300887824, 0.21237446486431838, 0.003028272145945041, 0.7844508797367278], [5.119336417677418e-11, 1.8981197153626074e-08, 0.00045684272197979957, 0.9995431382456298], [0.4374875521398691, 0.00023953510246638372, 0.19890112212594843, 0.36337179063171615], [0.009513718636146029, 0.4862342249891235, 0.5012344041053511, 0.0030176522693793452], [0.08503842188950558, 0.22757325688321667, 0.5835384557950837, 0.10384986543219413], [0.9108460335324583, 7.935170915558798e-05, 0.088952742840429, 0.00012187191795718653], [4.6376661884809003e-07, 0.0028492462060972982, 5.5167416298153334e-05, 0.9970951226109858], [0.22709160295273897, 0.007674527346667058, 0.006492695722402873, 0.7587411739781911]]}}