{"test": {"ids": ["112121351", "112120700", "103120290", "112118860", "113120640", "104111780", "102110750", "102116500", "110118810", "101110150", "111119930", "112118471", "101108950", "108115070", "98108370", "104111990", "98116940", "112119980", "103113101", "103109791", "108117610", "105114220", "105112260", "109114720", "108121160", "100116500", "107118120", "100107920", "98108150", "100120010", "110119891", "100111390", "107114321", "113121010", "105121190", "113122120", "102121700", "113121680", "104110960", "101112540", "104111880", "97112290", "106114321", "110113931", "106112770", "107113840", "97106000", "108120280", "111121220", "99109161", "103110100", "100120780", "101111620", "99107560", "99108000", "106118520", "111114121", "103109021", "101112201", "113120601", "110120700", "109117080", "113120070", "110118630", "109113931", "113122230", "113119950", "104113170", "99109370", "99111000", "98111620", "112116451", "106111321", "99113260", "100108490", "110117140", "97107260", "110120560", "111115400", "108115880", "111118910", "110114610", "105112240", "109119460", "103118291", "110116300", "102110890", "111120640", "105113190", "102113350", "106116120", "104111830", "97112300", "113118810", "105116501", "105121370", "107114200", "111120531", "97106591", "102116340", "107116501", "105115900", "113119700", "112121410", "107119390", "103109641", "107113130", "107121640", "108113620", "99111930", "113120540", "101111140", "99117630", "108119330", "99112531", "99108010", "106117770", "100117420", "104111380", "110118161", "108120621", "112121360", "105115720", "107120130", "102110690", "106115120", "102108621", "110116290", "110115250", "112120540", "113122190", "105115380", "99108710", "108115570", "111119150", "107112850", "99116500", "105120280", "100115700", "99108520", "109116441", "97106970"], "labels": [0, 2, 2, 3, 0, 3, 1, 1, 1, 1, 1, 1, 2, 1, 1, 2, 2, 0, 3, 3, 3, 3, 3, 0, 2, 2, 3, 0, 0, 0, 3, 2, 0, 2, 2, 1, 1, 1, 2, 2, 3, 1, 2, 1, 1, 3, 0, 3, 3, 3, 1, 1, 3, 1, 2, 2, 0, 0, 0, 2, 2, 1, 2, 1, 1, 1, 0, 3, 1, 2, 3, 0, 0, 0, 2, 3, 2, 0, 0, 3, 0, 1, 1, 1, 0, 3, 0, 0, 3, 3, 1, 3, 2, 3, 1, 2, 2, 0, 1, 3, 1, 3, 0, 0, 2, 1, 1, 1, 3, 1, 3, 2, 3, 0, 3, 2, 0, 2, 3, 0, 1, 3, 1, 2, 0, 1, 3, 2, 1, 3, 1, 1, 2, 3, 3, 1, 2, 3, 1, 2, 3, 2], "predicted_labels": [3, 3, 2, 0, 1, 1, 2, 3, 3, 3, 0, 1, 2, 0, 2, 0, 1, 3, 1, 2, 3, 0, 1, 2, 1, 3, 1, 3, 1, 1, 3, 0, 3, 3, 1, 1, 1, 1, 0, 3, 3, 3, 2, 3, 3, 1, 3, 3, 3, 0, 0, 3, 0, 1, 3, 3, 1, 0, 3, 3, 0, 1, 2, 1, 0, 0, 0, 1, 3, 2, 1, 0, 0, 1, 1, 3, 2, 0, 0, 1, 3, 1, 0, 3, 1, 1, 2, 1, 0, 1, 3, 3, 3, 3, 3, 3, 1, 3, 3, 3, 3, 3, 1, 3, 0, 3, 2, 2, 3, 1, 0, 0, 0, 0, 0, 1, 3, 2, 0, 3, 1, 0, 1, 1, 3, 0, 0, 2, 3, 1, 2, 1, 1, 2, 3, 1, 2, 1, 1, 2, 0, 3], "confidence_scores": [[0.41822551601167124, 0.051564653628157604, 0.011481690370966692, 0.5187281399892045], [0.03877532955709894, 0.2428886524655301, 0.08071770298116322, 0.6376183149962079], [0.043458253966446106, 0.06082332649086497, 0.8612967446936858, 0.034421674849003554], [0.31909201904002976, 0.2727005506408089, 0.14758791905948418, 0.2606195112596773], [0.26378946276398607, 0.4390056315961822, 0.025512837574421215, 0.2716920680654109], [0.06855593218478272, 0.8724804637520829, 0.017176312540921255, 0.041787291522213346], [0.03587943713509915, 0.28227684253577656, 0.6762965301157011, 0.0055471902134229525], [0.15615728015457242, 0.10392733653223296, 0.2698929536703151, 0.47002242964287905], [0.17971461476561246, 0.04041487437848932, 0.11890060925937533, 0.6609699015965227], [0.045018380950328236, 0.13541372829934842, 0.025637700379910953, 0.7939301903704125], [0.35524582841933344, 0.3426123383695107, 0.14631743086104212, 0.15582440235011388], [0.14303519339222465, 0.3914614602020151, 0.21201235225078027, 0.2534909941549804], [0.012633900405404373, 0.07384778574774906, 0.7924659271482267, 0.12105238669862005], [0.6708927062259482, 0.19811241374000102, 0.10742619188353347, 0.023568688150517235], [0.00777771670017255, 0.15913288312209875, 0.7716527516792928, 0.061436648498435914], [0.6327108073922753, 0.12997905637819945, 0.05912482740740215, 0.17818530882212313], [0.05948965085033344, 0.7404984978091836, 0.11056154110416004, 0.08945031023632292], [0.05814058866500883, 0.09451743429959084, 0.02139381953363827, 0.8259481575017622], [0.17546973263738633, 0.40567403483600606, 0.2153914559453042, 0.20346477658130319], [0.06650582630440004, 0.03945528756378752, 0.730343740744157, 0.1636951453876556], [0.14722979539476205, 0.09002305772190715, 0.001912589378847985, 0.7608345575044829], [0.4340530756440097, 0.3503987484894019, 0.029562883236048634, 0.18598529263053973], [0.08170208553676854, 0.4415474010813359, 0.03918566388113479, 0.43756484950076113], [0.02033328138666013, 0.3197562555561618, 0.4968019230971332, 0.16310853996004485], [0.1720694705268426, 0.6938820144688151, 0.030316888582768424, 0.10373162642157402], [0.14714655031811924, 0.21627668696444227, 0.22649211744790937, 0.410084645269529], [0.04385537018614261, 0.7469036364245251, 0.04795803575779421, 0.16128295763153827], [0.12132266765809582, 0.08954287460255111, 0.029803796750129268, 0.7593306609892236], [0.061271589233113245, 0.7175191294434135, 0.0533547972450358, 0.16785448407843764], [0.014318685847479376, 0.37327986502346966, 0.582105172942433, 0.030296276186618], [0.040840246451122546, 0.15287211912004584, 0.06586068199462475, 0.740426952434207], [0.32980687383775653, 0.3473502048310452, 0.10004438992729858, 0.22279853140389994], [0.04630329631425576, 0.1587448112843774, 0.025788793952446504, 0.7691630984489204], [0.10958269598625989, 0.30448298202280843, 0.10812185936211985, 0.47781246262881155], [0.0113588416014664, 0.2730694695919323, 0.4271931780372934, 0.2883785107693077], [0.2276963137796877, 0.5951737802493069, 0.1009397722960986, 0.07619013367490668], [0.26908963499405325, 0.4548849269761208, 0.08502130490923819, 0.1910041331205874], [0.016589413250560684, 0.39697446538486114, 0.22133830646888564, 0.36509781489569243], [0.7776260988944932, 0.11374291218188444, 0.062157600023503165, 0.04647338890011915], [0.22197669902666467, 0.21993093282835388, 0.21898794914230293, 0.33910441900267835], [0.022765121944429992, 0.16362745795633718, 0.1950091444466851, 0.6185982756525477], [0.1758407167825932, 0.26651512223234525, 0.044751462779318435, 0.5128926982057427], [0.1432850877839869, 0.25524941683278535, 0.4928412052749035, 0.10862429010832414], [0.15247596467724428, 0.40222264118174117, 0.007125712626976829, 0.4381756815140381], [0.03969050442559553, 0.20514208022773558, 0.31954681935616497, 0.43562059599050373], [0.24271843486881123, 0.43519807553894835, 0.2374023116063247, 0.08468117798591568], [0.009708874064661737, 0.1517933794952592, 0.1330698279247743, 0.7054279185153048], [0.3721155419511193, 0.03425524774299541, 0.06275024309344103, 0.5308789672124444], [0.06515252740137666, 0.2753008303171606, 0.007507606449654278, 0.6520390358318088], [0.6006397456034753, 0.20384337319842502, 0.17300173262499174, 0.022515148573107636], [0.5673661028456974, 0.06686615792647906, 0.17622794785627016, 0.18953979137155352], [0.05211015235313683, 0.026879604832565254, 0.1012417792294175, 0.8197684635848803], [0.7260865372112131, 0.11112105423817122, 0.04152155287852325, 0.12127085567209235], [0.13312711845421912, 0.6788672378335517, 0.012562133289723507, 0.1754435104225057], [0.018064322822800495, 0.2315079844354546, 0.25785171671796364, 0.4925759760237815], [0.23239927925145665, 0.2599285794347611, 0.029461281354921286, 0.47821085995886103], [0.05689863846104164, 0.889565935727361, 0.015138819617904312, 0.038396606193693165], [0.556370099829496, 0.07752296032824955, 0.011577767487673992, 0.3545291723545803], [0.15944614936884333, 0.3946808981176368, 0.057736551204936065, 0.3881364013085838], [0.09601714441445555, 0.17484476562907403, 0.2664053078938659, 0.46273278206260476], [0.3742421686206245, 0.21775427695758373, 0.02788476625590982, 0.3801187881658817], [0.0025603978493663167, 0.9480587934576994, 0.021677584790408298, 0.027703223902526174], [0.008448814894728525, 0.06973014652227578, 0.7008760320978719, 0.2209450064851241], [0.03575827175970819, 0.5796278720317517, 0.1750061087708171, 0.20960774743772292], [0.47018250263698996, 0.17337822942445155, 0.009454651109261173, 0.3469846168292975], [0.2394536451055586, 0.32764394652133044, 0.28375163511103235, 0.14915077326207907], [0.6422582046834018, 0.13785871055078075, 0.01304115323579068, 0.20684193153002703], [0.016114768332734314, 0.5517420941153056, 0.2622155462234862, 0.169927591328474], [0.14467164446958686, 0.09921648037369106, 0.12030935354435325, 0.6358025216123686], [0.0057698021242313016, 0.09122030707207845, 0.8624983189424894, 0.04051157186120111], [0.11463219037080401, 0.29444784686684633, 0.48468168520995514, 0.10623827755239418], [0.5976154705772879, 0.09088832504755386, 0.02265867318901458, 0.2888375311861434], [0.3276948672898756, 0.2472674081318491, 0.13304714064020393, 0.2919905839380714], [0.15275679225287575, 0.5354915289062534, 0.24413538261498435, 0.06761629622588679], [0.30700281699834114, 0.41541515865881723, 0.14830915294994262, 0.12927287139289903], [0.09417427117266586, 0.2235432296109829, 0.16733009919921868, 0.5149524000171327], [0.0017959167580124506, 0.017755333698227772, 0.9576276663453315, 0.022821083198428467], [0.39911322525440807, 0.12028191484297689, 0.2569743414157951, 0.22363051848682], [0.7530796539615948, 0.12420359530754725, 0.09957626735799371, 0.023140483372864225], [0.12458890111340866, 0.45118677956663, 0.10153296988639554, 0.3226913494335661], [0.08816470582909282, 0.26001985037337344, 0.07125585203720816, 0.5805595917603258], [0.14653872391071407, 0.42155864395025155, 0.3674468174581947, 0.06445581468083984], [0.3481793152298096, 0.29856191033351565, 0.05671687728760021, 0.2965418971490747], [0.13935370593823154, 0.302883334519088, 0.03529828936389007, 0.5224646701787904], [0.1154417271916978, 0.3323432947147886, 0.34280317475124333, 0.20941180334227041], [0.0915373898041505, 0.7045060760694091, 0.0218833622135018, 0.18207317191293879], [0.1882164449304782, 0.029493206253756395, 0.5438952342728346, 0.23839511454293108], [0.26815173365808453, 0.575023499286535, 0.039016063353959705, 0.11780870370142073], [0.6325122575303478, 0.04446052742265109, 0.02858172377279136, 0.29444549127420977], [0.12868186996165018, 0.30910394125836166, 0.39136530732298763, 0.1708488814570007], [0.06233842527137107, 0.14187486467231944, 0.12877104536186637, 0.6670156646944431], [0.03748632873975536, 0.3306305352181079, 0.19378537808037546, 0.43809775796176137], [0.2269281480177832, 0.11084853038231846, 0.2806759098300363, 0.381547411769862], [0.16036084973522113, 0.29443805845657756, 0.019683259227274933, 0.5255178325809265], [0.4135110682605327, 0.10778455898596312, 0.002190830338616821, 0.4765135424148872], [0.03761358192643006, 0.21676014531925217, 0.20807220541690027, 0.5375540673374175], [0.05771230842588717, 0.49518043920414084, 0.017894990031861475, 0.4292122623381101], [0.17893981649206314, 0.2745561796676303, 0.028042121809204776, 0.5184618820311017], [0.025251446633096763, 0.21430948723042864, 0.4065390347972911, 0.3539000313391836], [0.012659856698514405, 0.2623424169946483, 0.3160125279056541, 0.4089851984011835], [0.22616880899393205, 0.20824260318676013, 0.04720603370765028, 0.5183825541116577], [0.06348730403212673, 0.1302323392932848, 0.06088900560362905, 0.7453913510709592], [0.11046786114401567, 0.6595233935596481, 0.18432453595656037, 0.045684209339775975], [0.06430090841300716, 0.35711928543388105, 0.010170509556393804, 0.5684092965967181], [0.3183635753876553, 0.10596297461384754, 0.2742262751251557, 0.30144717487334177], [0.034935745567271824, 0.10175285874886843, 0.31009073560089867, 0.5532206600829612], [0.1192706929423699, 0.1533523410376435, 0.6856762639721737, 0.04170070204781321], [0.17034216446823008, 0.15492502999727123, 0.42919601649350025, 0.2455367890409982], [0.22816373815836413, 0.16403443116430774, 0.0860654068019058, 0.5217364238754221], [0.0036843448601427864, 0.741996920031498, 0.12009844498697078, 0.1342202901213884], [0.9446701341491665, 0.035977128010502554, 0.0031162837953456657, 0.016236454044985468], [0.5146661084671781, 0.09045611957268895, 0.33892492536755914, 0.05595284659257404], [0.3654288192891587, 0.23683040992143933, 0.13976479097855332, 0.2579759798108485], [0.5541042115450757, 0.17212794655922736, 0.05026624724525116, 0.22350159465044586], [0.5101031364280064, 0.21189545201448212, 0.06426952384696828, 0.21373188771054347], [0.036428329862391105, 0.646905882180862, 0.14605188642322747, 0.17061390153351938], [0.15592113610033526, 0.3034854818077518, 0.20387702684128012, 0.3367163552506326], [0.0036509323148320276, 0.017312477013723727, 0.963539402346277, 0.01549718832516722], [0.23753837912580994, 0.19218460167226326, 0.43817231820159225, 0.13210470100033447], [0.16505683144440622, 0.0574435441713061, 0.009621376912208456, 0.767878247472079], [0.2405342356147527, 0.4394604241730816, 0.046280355424346005, 0.2737249847878198], [0.7386094552886324, 0.17561255809326717, 0.006759902374921528, 0.07901808424317917], [0.016660048099603364, 0.7926077786484401, 0.062133067416914996, 0.12859910583504153], [0.049510022435135845, 0.4570928908567793, 0.45468596469232936, 0.03871112201575553], [0.23634730052210995, 0.21051179252956695, 0.012793838706364715, 0.5403470682419584], [0.7777969588617184, 0.07193470447572024, 0.001068479623589986, 0.14919985703897112], [0.7851202310506813, 0.029282207343939833, 0.01146905170996111, 0.174128509895418], [0.04337304327313313, 0.01000878429908062, 0.9008923873864035, 0.045725785041382944], [0.1766746799906856, 0.11979610866638356, 0.02361725919261719, 0.6799119521503136], [0.18394185435564764, 0.445083833221223, 0.06475103353569302, 0.30622327888743645], [0.09224575258908162, 0.06248101340411743, 0.5655984168002275, 0.27967481720657367], [0.0711329863414603, 0.4604493200609126, 0.18919719424129983, 0.27922049935632726], [0.02409755824835913, 0.8927958374368185, 0.030568187169956816, 0.05253841714486531], [0.28147663232108583, 0.089302322304921, 0.4127761188033352, 0.216444926570658], [0.2500856854132303, 0.11302875605953872, 0.017585372480061753, 0.619300186047169], [0.0908015107726009, 0.7399301806795083, 0.0673377969617983, 0.10193051158609255], [0.009242802841917044, 0.2944111152899617, 0.5517510558494666, 0.1445950260186543], [0.024243195273191676, 0.3169649781869803, 0.44359471423367725, 0.2151971123061505], [0.23426559260434066, 0.40045992665744135, 0.09783006283454268, 0.26744441790367524], [0.035854790770788944, 0.2631270624682673, 0.672698044477369, 0.02832010228357479], [0.6161039066363633, 0.13752833896386993, 0.005587746148832869, 0.24078000825093374], [0.16193258899854607, 0.05150869014487492, 0.1395282104094115, 0.6470305104471678]]}, "rewritten": {"ids": ["97106000", "97106591", "97106970", "97107260", "97112290", "97112300", "98108150", "98108370", "98111620", "98116940", "99107560", "99108000", "99108010", "99108520", "99108710", "99109161", "99109370", "99111000", "99111930", "99112531", "99113260", "99116500", "99117630", "100107920", "100108490", "100111390", "100115700", "100116500", "100117420", "100120010", "100120780", "101108950", "101110150", "101111140", "101111620", "101112201", "101112540", "102108621", "102110690", "102110750", "102110890", "102113350", "102116340", "102116500", "102121700", "103109021", "103109641", "103109791", "103110100", "103113101", "103118291", "103120290", "104110960", "104111380", "104111780", "104111830", "104111880", "104111990", "104113170", "105112240", "105112260", "105113190", "105114220", "105115380", "105115720", "105115900", "105116501", "105120280", "105121190", "105121370", "106111321", "106112770", "106114321", "106115120", "106116120", "106117770", "106118520", "107112850", "107113130", "107113840", "107114200", "107114321", "107116501", "107118120", "107119390", "107120130", "107121640", "108113620", "108115070", "108115570", "108115880", "108117610", "108119330", "108120280", "108120621", "108121160", "109113931", "109114720", "109116441", "109117080", "109119460", "110113931", "110114610", "110115250", "110116290", "110116300", "110117140", "110118161", "110118630", "110118810", "110119891", "110120560", "110120700", "111114121", "111115400", "111118910", "111119150", "111119930", "111120531", "111120640", "111121220", "112116451", "112118471", "112118860", "112119980", "112120540", "112120700", "112121351", "112121360", "112121410", "113118810", "113119700", "113119950", "113120070", "113120540", "113120601", "113120640", "113121010", "113121680", "113122120", "113122190", "113122230"], "labels": [0, 1, 2, 2, 1, 2, 0, 1, 3, 2, 1, 2, 2, 2, 2, 3, 1, 2, 1, 3, 0, 2, 3, 0, 2, 2, 1, 2, 2, 0, 1, 2, 1, 2, 3, 0, 2, 3, 0, 1, 0, 3, 3, 1, 1, 0, 1, 3, 1, 3, 0, 2, 2, 3, 3, 3, 3, 2, 3, 1, 3, 3, 3, 1, 1, 3, 1, 3, 2, 2, 0, 1, 2, 1, 1, 0, 2, 1, 1, 3, 2, 0, 1, 3, 2, 2, 1, 3, 1, 3, 3, 3, 0, 3, 1, 2, 1, 0, 3, 1, 1, 1, 1, 1, 2, 3, 3, 0, 1, 1, 3, 0, 2, 0, 0, 0, 3, 1, 0, 0, 3, 0, 1, 3, 0, 3, 2, 0, 3, 0, 3, 0, 0, 2, 3, 2, 0, 2, 1, 1, 1, 1], "predicted_labels": [3, 3, 3, 2, 3, 3, 1, 2, 2, 1, 1, 3, 3, 2, 1, 0, 3, 2, 1, 0, 1, 1, 0, 3, 1, 0, 1, 3, 2, 1, 3, 2, 3, 0, 0, 1, 1, 1, 3, 1, 0, 1, 3, 3, 0, 0, 3, 2, 0, 1, 1, 2, 0, 2, 1, 3, 3, 0, 1, 3, 1, 0, 1, 1, 1, 3, 3, 1, 3, 3, 0, 2, 2, 0, 3, 1, 3, 1, 2, 1, 1, 3, 3, 3, 3, 1, 0, 3, 0, 3, 1, 3, 0, 0, 1, 1, 0, 2, 0, 1, 3, 3, 1, 3, 2, 1, 3, 3, 1, 3, 3, 2, 0, 1, 0, 3, 3, 0, 1, 0, 3, 0, 1, 0, 3, 1, 3, 3, 0, 3, 3, 1, 0, 3, 0, 3, 1, 3, 3, 1, 2, 1], "confidence_scores": [[0.021222792088286167, 0.0854279097430033, 0.11588632368497234, 0.7774629744837384], [0.035828724169241405, 0.1542028122650482, 0.3346230322856735, 0.4753454312800369], [0.1668295525046569, 0.08082873334462264, 0.061284367926437266, 0.691057346224283], [0.002941144249397632, 0.02347973349692429, 0.959065981105038, 0.0145131411486397], [0.1899963560444077, 0.35552475046075394, 0.06960821231434842, 0.38487068118049006], [0.1792411833799738, 0.11359057865350537, 0.17431930390701086, 0.5328489340595102], [0.06812166054473802, 0.7188484118496274, 0.05275505860467439, 0.16027486900096008], [0.0034082023125329244, 0.15965422628440942, 0.8097611441967667, 0.027176427206291036], [0.0723297493772568, 0.26782942083024497, 0.6051746805090897, 0.05466614928340839], [0.0631587385780371, 0.5161170819548372, 0.24245161897871462, 0.17827256048841128], [0.20199557805804116, 0.6105437830063514, 0.00662228034407065, 0.18083835859153696], [0.011592780880706569, 0.1355937631867154, 0.2723271642869153, 0.5804862916456631], [0.17676423717291523, 0.32328077013350137, 0.1061832938385762, 0.39377169885500707], [0.03812644652377746, 0.1610947740025027, 0.7875856932913698, 0.01319308618235], [0.008640892665209766, 0.8951325204790649, 0.030647134498077554, 0.06557945235764791], [0.532789249588243, 0.32898467039318496, 0.10132740533577103, 0.03689867468280086], [0.16026377524358434, 0.2077710079376657, 0.1282557387084639, 0.5037094781102862], [0.010506973910286717, 0.1304765094772542, 0.7519639578863222, 0.10705255872613692], [0.004134820858231588, 0.6354289659911501, 0.19335785874461875, 0.16707835440599952], [0.45287033414871936, 0.3296467243465324, 0.07995757414823006, 0.13752536735651838], [0.13647816064105947, 0.5734020608820676, 0.23227674068131574, 0.057843037795557134], [0.011961299702519282, 0.34968174610105, 0.5287882092419502, 0.10956874495448027], [0.3177734116765494, 0.2973784159594749, 0.15697501402664515, 0.2278731583373308], [0.13356112668793674, 0.08639661408884582, 0.02520226194940501, 0.7548399972738123], [0.2828447881978098, 0.3535060214440472, 0.2770939227481445, 0.08655526760999852], [0.331569149825665, 0.26303578239504555, 0.09768131041343597, 0.30771375736585344], [0.29907109171881846, 0.45669795427211674, 0.04954061760184588, 0.19469033640721892], [0.08466951255680043, 0.23352572586512102, 0.1448275526042921, 0.5369772089737863], [0.01157163467226886, 0.11561648564062471, 0.8577773454351051, 0.015034534252001077], [0.01862526078827406, 0.510947976157832, 0.3618174119592211, 0.10860935109467273], [0.06726145671127992, 0.039245847401087226, 0.18084415950933713, 0.7126485363782961], [0.02774116433737296, 0.0705024372450202, 0.695165149853801, 0.2065912485638056], [0.10783386892855368, 0.08265786341618733, 0.024653570340200135, 0.784854697315059], [0.6513757385082432, 0.11022490849972931, 0.2066683677364663, 0.0317309852555612], [0.6382346119248876, 0.16230438399254565, 0.0571863710187087, 0.14227463306385751], [0.21301378114938477, 0.38679890495675867, 0.052860247431139706, 0.3473270664627168], [0.2286683180592575, 0.3433438017353096, 0.12719714983347585, 0.30079073037195725], [0.24158578927832308, 0.43848513774624026, 0.04707110848149205, 0.2728579644939444], [0.17051385079141063, 0.2385074499394217, 0.023083168419195402, 0.5678955308499721], [0.03404160254287915, 0.41477998664473653, 0.5434126888988233, 0.007765721913561131], [0.5980933109022143, 0.0294783739816621, 0.1896652851311902, 0.18276302998493343], [0.1932546270847464, 0.27161239856775915, 0.3433671084938673, 0.19176586585362723], [0.0401619501616051, 0.11291987041923923, 0.473344170959325, 0.37357400845983046], [0.1792607746063619, 0.12361347183663264, 0.30161068281320247, 0.395515070743803], [0.3690256879645527, 0.3431628835243949, 0.07266139757114846, 0.21515003093990395], [0.6127758039371988, 0.08418987721290308, 0.0125630942526228, 0.2904712245972757], [0.14084095751023104, 0.13934836063957584, 0.1689145182940849, 0.5508961635561084], [0.06543066723071572, 0.025411675295933377, 0.6534122185076934, 0.25574543896565705], [0.5422690578002577, 0.11905853855759017, 0.10085349020680894, 0.23781891343534306], [0.15582581459426004, 0.4288107491390772, 0.2600006909326486, 0.15536274533401404], [0.2417669644378467, 0.27948480559517364, 0.22619302658322482, 0.2525552033837545], [0.09568332586319647, 0.16421333706927668, 0.6451646900517011, 0.09493864701582552], [0.6921777597998081, 0.13386047427044542, 0.12132903712998255, 0.05263272879976392], [0.2510188104861551, 0.20280680937404463, 0.4396502901223061, 0.10652409001749412], [0.0991671933765489, 0.753108006574624, 0.023738695724872128, 0.12398610432395495], [0.05185042587987908, 0.26926172210468624, 0.19561588507460678, 0.4832719669408277], [0.03917724552886525, 0.1433483129643242, 0.16460687304926785, 0.6528675684575425], [0.6787843144135669, 0.12348316352391489, 0.048677509224430565, 0.14905501283808717], [0.038362694114476216, 0.5416982252970829, 0.225721643042333, 0.19421743754610768], [0.22644121651397922, 0.3231436480311312, 0.09812943152545585, 0.35228570392943354], [0.05243394154530761, 0.5527784027729415, 0.059026585286980175, 0.33576107039477043], [0.6264802402674806, 0.08913053296845767, 0.029311323166762188, 0.2550779035972993], [0.3153333044676508, 0.4417546662804109, 0.05533239835903512, 0.1875796308929033], [0.15802927736952788, 0.36771656509515965, 0.10911736966538921, 0.3651367878699234], [0.014125874648102011, 0.7943157589359001, 0.08218085731565929, 0.10937750910033857], [0.08886472788452904, 0.03906440120481099, 0.01846582700631947, 0.8536050439043407], [0.37477780089523594, 0.0842688571983125, 0.000979833425741758, 0.5399735084807096], [0.04551141345164484, 0.4091608182999349, 0.3040499079035026, 0.2412778603449176], [0.013425599373550909, 0.17963928861518602, 0.46110066340808387, 0.3458344486031795], [0.037479055995691166, 0.22365422302228996, 0.2567341383536174, 0.4821325826284014], [0.7305417272135335, 0.07949924454743114, 0.08990969393060902, 0.10004933430842639], [0.0171911527041823, 0.25138838345542164, 0.6191643196118362, 0.11225614422855994], [0.08012987266482181, 0.19760794270677165, 0.5611963508184244, 0.16106583380998166], [0.7332324876793618, 0.0782725593047713, 0.001269371249289394, 0.18722558176657747], [0.052055240308175085, 0.15704919792106473, 0.11026130370358733, 0.6806342580671728], [0.11041330292141871, 0.36837898907080574, 0.3071957958396504, 0.2140119121681253], [0.26218233914752703, 0.24270250271896396, 0.037197521465233745, 0.4579176366682753], [0.05003967673063708, 0.8305270168323673, 0.07126456744635265, 0.04816873899064285], [0.23364375863223963, 0.19046073121409618, 0.46164880816449994, 0.11424670198916434], [0.2368828249233924, 0.40361116896522925, 0.2348157087292258, 0.12469029738215279], [0.011948581758014444, 0.7265599329659287, 0.009709828333772912, 0.2517816569422841], [0.09640607328916533, 0.09754233343345153, 0.020914294439209422, 0.7851372988381736], [0.26218896733219915, 0.19026793891851643, 0.062472111672333006, 0.4850709820769513], [0.1079797631761589, 0.3573054841855191, 0.03350230162155761, 0.5012124510167644], [0.09782249705069648, 0.12939095883844137, 0.35964510921561593, 0.4131414348952461], [0.07175233181269607, 0.641514399132038, 0.190207900278946, 0.09652536877632005], [0.3348413692863798, 0.15389897543179537, 0.265841529688303, 0.2454181255935215], [0.135410788843647, 0.15787718558198524, 0.33982523376049417, 0.3668867918138738], [0.7680081362954435, 0.14959105211746637, 0.05500229363855893, 0.027398517948531112], [0.2678922292016416, 0.09648620490543665, 0.37117517137154293, 0.2644463945213789], [0.11804917974194466, 0.3917062487418013, 0.1148754094695371, 0.3753691620467167], [0.14479564224570776, 0.0911830976603907, 0.0051783224864498205, 0.7588429376074521], [0.522230435940521, 0.2143422157375479, 0.05932019728326102, 0.20410715103867022], [0.44931763060048385, 0.03461106536163141, 0.06578347559760726, 0.4502878284402778], [0.18977547297614536, 0.5388607311286905, 0.03536428133591512, 0.23599951455924914], [0.10259890264472113, 0.7702822224200878, 0.033560973481455675, 0.09355790145373538], [0.41880015539984855, 0.12803702303557704, 0.013247475709933615, 0.4399153458546409], [0.012645012584482545, 0.28689149218722776, 0.5176705948156504, 0.18279290041263932], [0.5707658565089732, 0.16961853696762738, 0.005100425686372427, 0.25451518083702684], [0.002541143652042641, 0.9474046366317413, 0.010910378664266928, 0.03914384105194892], [0.1879955541012628, 0.29340894614680924, 0.031026774559236858, 0.48756872519269084], [0.15557700801830696, 0.2690474242332961, 0.003957423614033477, 0.5714181441343632], [0.16739918516146945, 0.3926044444094956, 0.38393221896805896, 0.05606415146097577], [0.11593347327954327, 0.08510806018178031, 0.051777023314589, 0.7471814432240874], [0.022630080397861758, 0.010493567425696607, 0.9295592295021984, 0.03731712267424308], [0.05716874977165721, 0.7729274882975532, 0.03814734149981454, 0.13175642043097507], [0.033844074895688296, 0.14868873408797603, 0.08940868150689978, 0.7280585095094357], [0.27003275229809676, 0.2945351479401821, 0.021582566943989717, 0.4138495328177313], [0.05264598701927202, 0.6047536364076331, 0.08791831333253751, 0.2546820632405572], [0.15886357396811265, 0.02594026117121509, 0.11256447776921268, 0.7026316870914597], [0.032183020600464324, 0.2872854384653176, 0.10145031447842452, 0.5790812264557937], [0.18576495308043922, 0.09330929570404027, 0.5026802762411463, 0.2182454749743742], [0.27764024296949036, 0.3719083238659005, 0.03830821732445418, 0.3121432158401549], [0.027739878639848926, 0.927971493806382, 0.017059361294850296, 0.02722926625891885], [0.7316994956709261, 0.14884580110291568, 0.11176824660392123, 0.00768645662223701], [0.10809599937487221, 0.25863195330540656, 0.0644902689585049, 0.5687817783612164], [0.26592775281563225, 0.1295096880318104, 0.02858157672764462, 0.5759809824249126], [0.4095260121363894, 0.2876720488922416, 0.11157692529013123, 0.1912250136812378], [0.15397312825428203, 0.45007139402428503, 0.04862344029108546, 0.34733203743034746], [0.4096344704305593, 0.342626048713038, 0.03825004442957028, 0.20948943642683265], [0.051558196763512226, 0.09940977837893107, 0.004609963255234785, 0.8444220616023218], [0.4871645499057196, 0.19827937327457473, 0.028474531526887996, 0.28608154529281765], [0.07408451206486623, 0.5720371455472506, 0.22710992653849016, 0.12676841584939288], [0.23845633097370011, 0.30433443045226843, 0.17343301205497555, 0.28377622651905604], [0.04578380921729614, 0.18896044718958696, 0.042534835456483455, 0.7227209081366331], [0.1466183153076372, 0.5335746185785795, 0.059907196514343675, 0.2598998695994397], [0.0443700144029892, 0.20701679546057944, 0.1597106510504064, 0.5889025390860251], [0.380573449385571, 0.07649692645843223, 0.015919598506485378, 0.5270100256495115], [0.780180962920895, 0.14770863348778887, 0.005503709983743878, 0.06660669360757213], [0.1038600362028957, 0.4278337521085493, 0.008589021737027292, 0.4597171899515276], [0.10117612946652597, 0.3860824564612716, 0.03427450606745314, 0.4784669080047492], [0.2255735134185931, 0.5534717452272163, 0.11062984446537814, 0.11032489688881228], [0.5688685614044631, 0.18393345262921576, 0.014782056783284023, 0.23241592918303694], [0.0272566028733381, 0.20678170107521351, 0.4090937822756782, 0.3568679137757702], [0.8775927773427138, 0.08870839058216187, 0.007181554522440745, 0.026517277552683797], [0.10353938344421187, 0.17316955469032014, 0.28921042517710266, 0.4340806366883651], [0.20826143553561371, 0.4899734556197252, 0.049072669176130526, 0.2526924396685305], [0.12110670174376953, 0.16874471823561074, 0.07567976274125998, 0.6344688172793596], [0.026501725418289244, 0.2722086445613233, 0.162186010716907, 0.5391036193034803], [0.24586128386006756, 0.46975877853858533, 0.1727427881329154, 0.11163714946843178], [0.06383478947410383, 0.030088705871361233, 0.7304336826314026, 0.17564282202313225], [0.15306984398601872, 0.4565632294001483, 0.28440785451120326, 0.10595907210262986]]}}