{"test": {"ids": ["100116790", "98106680", "111117000", "111119300", "104117200", "106118520", "110120190", "112118471", "110118121", "101108500", "108114220", "100109330", "98106560", "112117571", "104110960", "112116990", "103120730", "101108080", "104113240", "109117271", "112119580", "98110810", "108115970", "108115250", "108115070", "98116940", "105119950", "109114220", "102113981", "110121450", "98108410", "101119591", "102110750", "102110050", "112117780", "97116410", "101111620", "108120060", "98108370", "113121190", "103110840", "98112170", "105113210", "112118701", "109116810", "108116120", "107116340", "112118820", "113120830", "101116130", "105110091", "107116300", "100111380", "103113101", "113118490", "97108520", "109120560", "100108990", "107114950", "108120621", "109113281", "110117200", "102112301", "99119830", "104111550", "113118511", "105113190", "111116090", "108117720", "97118210", "100108490", "108118520", "110121140", "107115140", "113121220", "105116501", "97112170", "112117790", "97113900", "111121190", "111116170", "113119950", "107114280", "111120540", "105118171", "111119430", "112118161", "112118511", "113118111", "99108460", "105114220", "102121700", "104114230", "104118340", "106115250", "108115570", "108113480", "98108580", "103110760", "110120700", "106114280", "108114360", "100111390", "103113260", "112121010", "111119950", "97116500", "99107640", "99109860", "103110220", "112117030", "106113830", "113117401", "99109370", "110118810", "107120260", "105115680", "106116120", "113121980", "112120630", "98117740", "109114651", "110114920", "108119510", "110114610", "109121351", "113121680", "102112170", "113119120", "101109370", "105115250", "113122180", "104119340", "100117420", "99109910", "98116500", "108121190", "101117580", "107114621", "101115190", "98110680", "113122190"], "labels": [2, 1, 0, 1, 3, 2, 3, 1, 3, 3, 3, 0, 1, 3, 2, 0, 1, 0, 2, 0, 3, 1, 2, 1, 1, 2, 3, 3, 1, 3, 1, 0, 1, 3, 0, 3, 3, 1, 1, 1, 1, 3, 3, 0, 3, 1, 3, 0, 3, 2, 0, 0, 3, 3, 1, 2, 1, 2, 3, 1, 0, 3, 1, 1, 1, 1, 3, 3, 1, 2, 2, 0, 3, 0, 3, 1, 0, 3, 2, 1, 0, 0, 3, 1, 3, 3, 0, 1, 1, 0, 3, 1, 2, 2, 2, 3, 0, 0, 1, 2, 3, 1, 2, 3, 2, 0, 2, 1, 2, 2, 2, 1, 3, 1, 1, 1, 2, 1, 2, 3, 2, 3, 3, 1, 1, 0, 1, 3, 3, 1, 2, 2, 1, 2, 2, 2, 1, 3, 0, 1, 2, 1], "predicted_labels": [1, 1, 3, 1, 1, 2, 1, 1, 3, 2, 0, 0, 2, 1, 1, 3, 3, 3, 1, 3, 0, 2, 1, 3, 1, 0, 0, 0, 3, 0, 1, 3, 2, 3, 3, 0, 0, 0, 0, 0, 1, 0, 3, 3, 3, 2, 0, 0, 2, 1, 0, 1, 3, 1, 3, 1, 0, 0, 0, 1, 3, 0, 3, 2, 2, 0, 3, 3, 3, 0, 2, 0, 0, 0, 3, 3, 3, 3, 0, 0, 3, 0, 1, 0, 3, 3, 0, 2, 3, 1, 3, 1, 0, 3, 1, 1, 0, 0, 3, 3, 1, 0, 0, 3, 2, 0, 2, 1, 1, 1, 2, 0, 3, 1, 0, 1, 1, 0, 1, 0, 0, 3, 1, 3, 2, 3, 2, 0, 0, 2, 0, 3, 1, 3, 2, 3, 2, 1, 0, 0, 2, 2], "confidence_scores": [[0.021253970661519676, 0.7566572661298449, 0.13618366419093325, 0.08590509901770221], [0.15249023377405502, 0.7912660580409466, 0.04312757386825871, 0.01311613431673955], [0.2155982850614223, 0.25419035058825046, 0.0022225850505224205, 0.5279887792998047], [0.059768616309428854, 0.8685347222596538, 0.06440968146415739, 0.007286979966759729], [0.016169290793692115, 0.795763640365037, 0.03903384600759499, 0.149033222833676], [0.0014581297658600742, 0.011617551568825627, 0.9564545466899946, 0.030469771975319533], [0.00018354825791112414, 0.523188871232965, 0.01792606981215188, 0.4587015106969722], [0.19799177386639985, 0.7105320965390375, 0.08776253263959756, 0.003713596954965094], [0.00803598742326843, 0.15915866820347374, 0.003594240233266365, 0.8292111041399914], [0.0021304200103990046, 0.0009165904577065301, 0.9680891183185831, 0.02886387121331125], [0.8318093152305088, 0.1538873654417471, 0.005949576740320716, 0.008353742587423378], [0.907658763683894, 0.023479028842736557, 0.012650760909649748, 0.0562114465637195], [0.056213689439594566, 0.009501423259329162, 0.8113359980582031, 0.12294888924287338], [0.0009164473253711017, 0.9331647866787416, 0.002599943621478362, 0.06331882237440882], [0.0018287555627940308, 0.7746593777332541, 0.020202580700136218, 0.20330928600381565], [0.01013116932493912, 0.08650716581377187, 0.04445280430537165, 0.8589088605559174], [0.018489476364986965, 0.10955923058026684, 0.019662476074953156, 0.8522888169797931], [0.006341769398665572, 0.023243713574102348, 0.0004887620820513593, 0.9699257549451807], [0.0021164006674171017, 0.9978223791324473, 5.540408015186882e-05, 5.816119983664491e-06], [0.00014895535278207687, 4.337755799647174e-05, 2.702803078208479e-06, 0.9998049642861433], [0.9987742980693547, 1.516914502064127e-05, 3.733991088467845e-05, 0.0011731928747399627], [0.030939544704344166, 0.015760665156702287, 0.9454027023407631, 0.00789708779819059], [0.0003958877101050558, 0.9991511506972627, 0.00020698008845108782, 0.00024598150418121657], [0.005187029588334971, 0.0011782258718608207, 0.005838360113621461, 0.9877963844261827], [0.2704347471081495, 0.7260509817985439, 0.0030743527248959903, 0.0004399183684105637], [0.47686038108927353, 0.0253909291943299, 0.19349972702897553, 0.3042489626874211], [0.9851243160927909, 0.008361706574764708, 0.005054180669583622, 0.0014597966628606188], [0.8972668813345684, 0.09828256790359295, 0.00030322780291375576, 0.0041473229589248815], [0.3503435239010126, 0.11909048721767827, 0.010022614284650603, 0.5205433745966587], [0.9306036174784146, 0.014983359528122029, 9.614945933916408e-06, 0.05440340804752939], [0.004816957206670628, 0.9604316143947624, 0.02144777610889001, 0.013303652289676898], [0.10605144792622265, 0.028205959592263147, 0.0003646442838804396, 0.8653779481976337], [0.008342034413037372, 0.05067642991206819, 0.9361791731830336, 0.004802362491860972], [0.008363128103138707, 0.2962069315510379, 0.3019136388964615, 0.39351630144936184], [0.0066804258892134, 0.0035978180023243933, 0.0010558473576568312, 0.9886659087508054], [0.8256306179215269, 0.01964256921813509, 0.014065488380525671, 0.1406613244798124], [0.7615157869687225, 0.22875992560804603, 0.00344146360564139, 0.0062828238175901795], [0.9553463887814642, 0.025310443461778024, 0.003967624665817135, 0.015375543090940573], [0.5473850709082813, 0.19447843669364984, 0.00802825697140549, 0.25010823542666344], [0.4014465144902011, 0.2277310062918271, 0.1471418629956958, 0.22368061622227592], [0.0029718589682566367, 0.8608979631760776, 0.13036326180586652, 0.00576691604979923], [0.9839251643914123, 0.0029145236818500144, 0.0027595226394852308, 0.010400789287252368], [0.18043737691462128, 0.011227014461461996, 0.012254800210037116, 0.7960808084138796], [0.13314076781479375, 0.1153532928809824, 0.0001492878572109438, 0.7513566514470128], [0.065798111413269, 0.022168524350090788, 2.6857053400601107e-05, 0.9120065071832396], [0.22401500728790738, 0.06067331835527954, 0.3971400983395182, 0.31817157601729495], [0.712314999438505, 0.05047944090576431, 0.0014952589480023636, 0.23571030070772836], [0.9914907995072115, 0.008333153388798437, 0.00010112803126057067, 7.49190727293394e-05], [0.4054277280505576, 0.05717801557032778, 0.5361760139456622, 0.0012182424334524562], [0.07348036046640856, 0.7293370447169105, 0.08265761055791698, 0.11452498425876395], [0.6323299846789866, 0.11179662480331885, 0.00805066359009728, 0.24782272692759735], [0.09168075759076487, 0.8864129439166023, 0.011608776222507172, 0.010297522270125894], [0.0009575150979826763, 0.00020463439197534287, 0.002006920983027606, 0.9968309295270144], [0.004881263533831245, 0.9438033382585229, 0.010807779539777792, 0.040507618667867965], [0.037712119188383415, 0.0009634499209054038, 0.0006529052986539533, 0.9606715255920572], [0.028275875964347493, 0.9271087418653232, 0.02769566759436961, 0.01691971457595985], [0.5416871213459423, 0.004498707080805122, 0.004580256985842472, 0.44923391458741], [0.7639407094061249, 0.11466798353244632, 0.09983306052731618, 0.021558246534112594], [0.9742190057722736, 0.024921148555027122, 0.00026157812862638265, 0.0005982675440730169], [0.0415866316811462, 0.8251148205984459, 0.03629899041997151, 0.09699955730043627], [0.25772034563067536, 0.06769953489336504, 0.015259670012341464, 0.6593204494636181], [0.9974274110626237, 0.0006650744571379643, 0.00028124733457147213, 0.0016262671456668638], [6.638594315780428e-05, 0.007226033487694382, 0.00014874367296607217, 0.9925588368961817], [0.014333176223666137, 0.12328167718647676, 0.608722688832201, 0.25366245775765606], [0.004903618067801013, 0.002791089401877229, 0.6408679630066013, 0.3514373295237205], [0.9230398104788635, 0.0651640754861127, 0.0005504684542366098, 0.011245645580787108], [0.4695018913453924, 0.0031683869803348277, 0.00896143303680464, 0.5183682886374682], [0.30648911753953945, 0.10528969280936973, 0.00017827869837495303, 0.5880429109527159], [0.33912388328899035, 0.010537572756634573, 0.04763237315749454, 0.6027061707968806], [0.9056778732115013, 0.0006167829152922568, 0.08982546185757562, 0.0038798820156308715], [0.06237951293291287, 0.15709445663033533, 0.7744694665576822, 0.006056563879069523], [0.9966071458688907, 0.0015972375405094068, 0.0003693194215828372, 0.0014262971690169612], [0.9996443389709746, 7.144287054879062e-05, 0.00016774025470306126, 0.0001164779037738422], [0.869575766153077, 0.0011393656526833538, 0.005259995181796634, 0.12402487301244296], [0.3386084860926111, 0.00047239249811782376, 0.08495331578775316, 0.5759658056215179], [0.10587188009856027, 0.0521096966087145, 0.03969671411206674, 0.8023217091806585], [0.040196073637576706, 0.1632499668766851, 0.052325615217300475, 0.7442283442684376], [0.12767501384361737, 1.5883548420485836e-05, 5.295503149362715e-06, 0.8723038071048129], [0.6760666879095611, 0.07705803190432306, 0.13621205633166913, 0.11066322385444664], [0.9825818958335961, 0.005842470155511227, 0.002340047172911107, 0.009235586837981829], [0.18150164512107034, 0.4007738755980831, 0.00688899107240964, 0.4108354882084368], [0.7090735807701696, 0.059060485757575165, 0.00019699580730438748, 0.23166893766495072], [0.008967766294930556, 0.7084174968996402, 0.13231457507095007, 0.15030016173447922], [0.9521638022113446, 0.04318783911599224, 0.004586049058691665, 6.230961397164935e-05], [0.14541856774088485, 0.19066574886712961, 0.00024896006627504145, 0.6636667233257105], [0.0013336314873505044, 0.0167026825639965, 0.00260088808052307, 0.97936279786813], [0.870802015216853, 0.10122568360580898, 0.004028329472956943, 0.02394397170438117], [0.3054653407485452, 0.04238681626503694, 0.611348480807881, 0.04079936217853694], [0.0966688925124017, 0.00020011849421055155, 0.00016786497557721918, 0.9029631240178105], [0.006260029201102653, 0.6496597731452188, 0.13453804450781207, 0.20954215314586652], [0.04560815378440069, 0.43381446025845977, 0.006437799955360923, 0.5141395860017787], [0.02039188722542494, 0.6565501889208317, 0.29278303423207047, 0.030274889621672935], [0.9595845811591124, 0.003617862106264848, 0.029826962397412733, 0.006970594337209934], [0.30147357249223783, 0.061718125527300605, 0.16844931071238925, 0.46835899126807234], [0.023342090592104767, 0.9687352635944371, 0.00316737433526707, 0.004755271478191057], [0.00023604445371895304, 0.8311176886170698, 0.13853675512258112, 0.030109511806629997], [0.6204902802264552, 0.2643835985714609, 0.0012903289021875045, 0.11383579229989628], [0.7353944503278481, 0.1568144267369851, 0.09343466472315873, 0.014356458212008202], [0.007665048667587549, 0.00012628484541697482, 0.0012553104042870844, 0.9909533560827084], [0.13095183626209175, 0.005108058914805098, 0.00785468566359527, 0.8560854191595079], [0.01338267322856211, 0.9342291256445361, 0.04735767724221123, 0.005030523884690776], [0.8678669762337649, 0.003075573976883143, 0.037742912618372315, 0.09131453717097955], [0.6005627280141904, 0.23343810527891634, 0.061185248061113945, 0.10481391864577923], [0.021902517484065565, 0.006927831712607606, 0.0007410769912306193, 0.9704285738120961], [0.028332019604289282, 0.018790961374711104, 0.8256371629088298, 0.1272398561121697], [0.878633432923797, 0.007517678631306531, 0.00015899901401286108, 0.11368988943088357], [0.051373631439304596, 0.018009994114595824, 0.9000651167672304, 0.03055125767886922], [0.14954734404434578, 0.4215601845866009, 0.31343967543012097, 0.11545279593893241], [0.0031010916204383568, 0.5122078823724309, 0.48227059653446924, 0.002420429472661539], [0.000284166408983508, 0.9540720282091752, 0.044505601583832606, 0.0011382037980087164], [0.015239998072369405, 0.12858040266717238, 0.8367541835918736, 0.019425415668584568], [0.4533309583399952, 0.151679772756838, 0.13875393107585318, 0.25623533782731356], [0.006737766719457566, 0.00441793599352862, 0.0028542653933410255, 0.9859900318936728], [0.003082084547945884, 0.9875972520933064, 0.006966267834245229, 0.002354395524502474], [0.90226904144533, 0.09681048704764764, 0.0006369942222445866, 0.000283477284777913], [0.18759759263560993, 0.7003710201510276, 0.0025374626779582233, 0.10949392453540432], [0.0058049744713605834, 0.983553923091609, 0.005264840739134302, 0.00537626169789624], [0.8691155923930348, 0.1187274063807879, 0.0031901645254289795, 0.008966836700748323], [0.10689860597670282, 0.6317928213240651, 0.03523965125696717, 0.2260689214422649], [0.9738802731304547, 0.0061522238209922074, 0.00040675741618891563, 0.019560745632364297], [0.8898421724895768, 0.0673077204851935, 0.0036396481473549474, 0.039210458877874735], [0.013696579613947713, 0.018176049473655077, 0.014004148878612172, 0.954123222033785], [0.1798807883757341, 0.7606397391290555, 0.0384589209584403, 0.02102055153677003], [0.0007974749984418028, 0.005830670651995097, 0.001953307686832397, 0.9914185466627308], [0.13804308364336842, 0.03401500745858124, 0.7999003123750048, 0.02804159652304544], [0.15651721219382783, 0.0053876244529687785, 0.0356577284166657, 0.8024374349365377], [0.16430983369699284, 0.005537032515281718, 0.8292331431380332, 0.0009199906496920802], [0.9492417064222048, 0.00035443418366359875, 0.017253815517488988, 0.03315004387664258], [0.6454296419485699, 0.037814504754011505, 0.004133027533530413, 0.312622825763888], [0.12183446148157698, 0.014213140823579693, 0.8609315433212208, 0.00302085437362266], [0.946780014662181, 0.028539593993547125, 0.004161614705154281, 0.020518776639117494], [0.0012260734557764388, 3.87146906372317e-06, 0.005554538370459582, 0.9932155167047003], [4.446202557357975e-05, 0.5093790365883284, 0.007946755039472203, 0.48262974634662564], [0.01083222492149065, 0.09034660334318431, 0.18116812231109275, 0.7176530494242324], [0.03496956221142433, 0.2568486727216696, 0.7044171865448411, 0.0037645785220650884], [0.018556382072561117, 0.00038479322351329953, 0.007303485028616167, 0.9737553396753095], [0.00026400294727259684, 0.03398464856061607, 0.7460068114764652, 0.2197445370156461], [0.4363811145043493, 0.4837258294210111, 0.014415174802388728, 0.06547788127225072], [0.5361982313231232, 7.898127281046178e-06, 2.0477869532478122e-05, 0.4637733926800633], [0.9467459922157244, 0.015420877778913251, 0.01570946075434095, 0.02212366925102138], [0.14473418984244196, 0.1404440907909157, 0.7145160685999922, 0.00030565076665015826], [0.00012878409504676666, 0.005469705733636108, 0.9792318366742141, 0.015169673497102892]]}, "rewritten": {"ids": ["97108520", "97112170", "97113900", "97116410", "97116500", "97118210", "98106560", "98106680", "98108370", "98108410", "98108580", "98110680", "98110810", "98112170", "98116500", "98116940", "98117740", "99107640", "99108460", "99109370", "99109860", "99109910", "99119830", "100108490", "100108990", "100109330", "100111380", "100111390", "100116790", "100117420", "101108080", "101108500", "101109370", "101111620", "101115190", "101116130", "101117580", "101119591", "102110050", "102110750", "102112170", "102112301", "102113981", "102121700", "103110220", "103110760", "103110840", "103113101", "103113260", "103120730", "104110960", "104111550", "104113240", "104114230", "104117200", "104118340", "104119340", "105110091", "105113190", "105113210", "105114220", "105115250", "105115680", "105116501", "105118171", "105119950", "106113830", "106114280", "106115250", "106116120", "106118520", "107114280", "107114621", "107114950", "107115140", "107116300", "107116340", "107120260", "108113480", "108114220", "108114360", "108115070", "108115250", "108115570", "108115970", "108116120", "108117720", "108118520", "108119510", "108120060", "108120621", "108121190", "109113281", "109114220", "109114651", "109116810", "109117271", "109120560", "109121351", "110114610", "110114920", "110117200", "110118121", "110118810", "110120190", "110120700", "110121140", "110121450", "111116090", "111116170", "111117000", "111119300", "111119430", "111119950", "111120540", "111121190", "112116990", "112117030", "112117571", "112117780", "112117790", "112118161", "112118471", "112118511", "112118701", "112118820", "112119580", "112120630", "112121010", "113117401", "113118111", "113118490", "113118511", "113119120", "113119950", "113120830", "113121190", "113121220", "113121680", "113121980", "113122180", "113122190"], "labels": [2, 0, 2, 3, 2, 2, 1, 1, 1, 1, 0, 2, 1, 3, 2, 2, 2, 1, 0, 1, 2, 2, 1, 2, 2, 0, 3, 2, 2, 2, 0, 3, 1, 3, 1, 2, 3, 0, 3, 1, 3, 1, 1, 1, 2, 1, 1, 3, 3, 1, 2, 1, 2, 2, 3, 2, 1, 0, 3, 3, 3, 2, 2, 1, 3, 3, 1, 3, 2, 1, 2, 3, 0, 3, 0, 0, 3, 1, 0, 3, 1, 1, 1, 3, 2, 1, 1, 0, 1, 1, 1, 1, 0, 3, 3, 3, 0, 1, 0, 1, 3, 3, 3, 1, 3, 2, 3, 3, 3, 0, 0, 1, 3, 0, 1, 1, 0, 2, 3, 0, 3, 0, 1, 1, 0, 0, 3, 3, 2, 3, 1, 1, 1, 3, 0, 3, 1, 3, 1, 2, 2, 1], "predicted_labels": [0, 0, 1, 0, 2, 2, 0, 1, 3, 1, 1, 2, 2, 0, 3, 0, 0, 1, 1, 1, 1, 2, 2, 2, 2, 0, 3, 1, 1, 3, 3, 2, 2, 1, 0, 2, 3, 0, 3, 2, 0, 0, 1, 1, 1, 2, 1, 3, 1, 3, 3, 0, 1, 0, 1, 3, 0, 3, 0, 0, 1, 1, 1, 3, 0, 0, 2, 1, 0, 0, 3, 1, 0, 0, 0, 1, 3, 3, 3, 0, 1, 1, 1, 1, 1, 3, 0, 0, 1, 0, 3, 3, 2, 0, 3, 3, 3, 2, 3, 1, 1, 0, 1, 1, 3, 1, 2, 0, 1, 3, 1, 3, 3, 0, 0, 0, 3, 2, 3, 0, 3, 1, 0, 2, 1, 0, 0, 0, 3, 3, 3, 1, 3, 1, 0, 2, 2, 2, 3, 0, 3, 2], "confidence_scores": [[0.8904516220302188, 0.02982652599685136, 0.05444094823439798, 0.02528090373853199], [0.39480224191013796, 0.22520271368265488, 0.0973667098062764, 0.28262833460093084], [0.008749026101558784, 0.9652620894379115, 0.023455590523958854, 0.0025332939365708238], [0.5880832878876356, 0.038772417276877656, 0.37218510415764244, 0.0009591906778442912], [0.016676684816767498, 0.006329386776035334, 0.9580026414571137, 0.018991286950083487], [0.40941823644174385, 0.0009198291066596021, 0.5825284919186517, 0.0071334425329448075], [0.608151695908989, 0.11787513428367971, 0.1308320275271058, 0.14314114228022556], [0.0006532475087960847, 0.5534340710407776, 0.4350024834501574, 0.01091019800026885], [0.03804178020000753, 0.10007303204903718, 0.009928952740592, 0.8519562350103633], [0.03864331468680564, 0.9308791922831839, 0.01156502159694588, 0.018912471433064463], [0.3690370914219904, 0.573132050607543, 0.05090392720167169, 0.006926930768794869], [0.3297085208868816, 0.17004265082376302, 0.4883835757408049, 0.01186525254855044], [0.004772411974228845, 0.002201437121673001, 0.9910421723258703, 0.0019839785782277274], [0.9730377206653763, 0.00030383547891226463, 0.0006621356283782139, 0.02599630822733332], [0.0009184221175281799, 2.1529897710025524e-05, 0.0006901944348253586, 0.9983698535499365], [0.9528406392294848, 7.413988945945021e-05, 0.00023124330268360093, 0.04685397757837219], [0.9509461682028973, 0.0013579653465569772, 3.379482883049042e-05, 0.04766207162171513], [0.2566761820987779, 0.6054057197251301, 0.0010874076321142397, 0.13683069054397767], [0.002214207202531887, 0.808708322102193, 0.04148206668527275, 0.14759540401000237], [0.027742314798213572, 0.7551148676625672, 0.1939822604178675, 0.0231605571213516], [0.0007211378933110983, 0.992494769556751, 0.005886374545826499, 0.0008977180041115], [0.023092481543659373, 0.07578960131820904, 0.9010914649468315, 2.645219130028567e-05], [0.007764765371517187, 0.15999412039222094, 0.7350771950822419, 0.09716391915402], [0.18675700434120393, 0.007294045158785888, 0.704034029091839, 0.10191492140817117], [0.28108733176902817, 0.007033884839564404, 0.6464158770789072, 0.06546290631250017], [0.9917846781658801, 0.000675290533191514, 0.004598537098284673, 0.002941494202643542], [0.012361556529910544, 0.008775226816277239, 0.19507134437368456, 0.7837918722801276], [0.3811713523422307, 0.5687120151531091, 0.000946097723205701, 0.04917053478145445], [3.5364518537981666e-05, 0.9946375545110174, 0.001045606174415778, 0.004281474796028708], [0.0012280433185850525, 0.0011197242643797224, 0.11667977226269402, 0.8809724601543412], [0.000619411724639352, 0.004078576923456945, 1.0017484494530357e-05, 0.9952919938674092], [0.00025603978741927394, 0.00023020018677887916, 0.9989133965399164, 0.0006003634858854541], [4.893870448295738e-05, 0.0003439035673351868, 0.9996024119065209, 4.745821661072242e-06], [0.16545232836096643, 0.8341895597520924, 0.00010199200264629374, 0.0002561198842948821], [0.6745874835318717, 0.07730660884006557, 0.2168321061151283, 0.03127380151293446], [0.02416673057366798, 0.18833560848973976, 0.5348989016825226, 0.25259875925406966], [0.018032705552192767, 0.11986456533354735, 0.05444569932628668, 0.8076570297879733], [0.8885864024341453, 0.00743268056933664, 0.02600678994708425, 0.07797412704943357], [0.005792505559217991, 0.22814035738618177, 0.05866038696818198, 0.7074067500864182], [0.0004225859075042885, 0.003918904973561095, 0.9954485661295025, 0.0002099429894320866], [0.41510660955250545, 0.0006329626765867337, 0.39740368610635624, 0.18685674166455163], [0.8908030445711059, 0.007519709469294987, 0.028405935428828664, 0.07327131053077035], [0.2991241999236311, 0.6261628644571157, 0.033353670008950106, 0.04135926561030319], [0.0010892326615623152, 0.9272870004403948, 0.03040790213136962, 0.041215864766673126], [0.08459907273009519, 0.6818627491944477, 0.00016752097529960003, 0.23337065710015756], [0.3372255952039815, 0.001699072599141999, 0.5955519741216915, 0.06552335807518495], [5.334706607539466e-05, 0.9918182980810082, 0.006125269789583234, 0.00200308506333336], [0.008937913759618773, 0.001352880227883992, 0.1804660954161155, 0.8092431105963817], [0.0025265143199558544, 0.9854355978479076, 0.0008667939550790109, 0.011171093877057427], [0.002240694064173275, 0.004233849856733239, 0.000610152583063746, 0.9929153034960297], [0.0012026636901887198, 0.006816995579090318, 0.05528436971038289, 0.9366959710203381], [0.9480974778948399, 0.04471661496315474, 0.007126308191085187, 5.959895092037229e-05], [0.00014834768317369078, 0.9837523394121795, 0.01600568983582406, 9.362306882283347e-05], [0.9743037407493231, 0.020371182563056006, 0.005158022414152399, 0.0001670542734683972], [0.004510392890549263, 0.9948152261207087, 0.0005997535480534825, 7.462744068846124e-05], [0.006497554652047492, 0.0029657823076918877, 5.893699596938029e-06, 0.9905307693406636], [0.589803700183514, 0.07641293105257464, 0.2710159504136143, 0.06276741835029695], [1.284814027326293e-05, 1.1479182092775858e-06, 1.8612949725878255e-06, 0.9999841426465449], [0.4626070750834476, 0.16320886413232555, 0.14866530815733967, 0.2255187526268871], [0.9335715813623354, 0.0535570807333798, 7.902375002990256e-05, 0.01279231415425488], [0.005067347788808604, 0.7894625860281652, 0.0025602821164705473, 0.20290978406655558], [0.0017614735072064018, 0.625742690407929, 0.01072878380054353, 0.3617670522843211], [9.142969289595297e-05, 0.9878192642996643, 0.0008626442912523938, 0.011226661716187455], [0.009392551746697035, 2.886179910451943e-05, 0.02501494752042624, 0.9655636389337722], [0.6575032518915512, 0.08577978596919382, 0.0003584762337706949, 0.25635848590548416], [0.9900608062074978, 0.006126550749936593, 0.0014461506863052975, 0.0023664923562603515], [0.15170867018234802, 0.0009423121297550482, 0.5666482521980439, 0.28070076548985295], [0.00019280074463830493, 0.982437509928329, 0.011360511190332143, 0.006009178136700635], [0.9764769220984884, 0.01270223592766255, 0.005373814479718316, 0.005447027494130866], [0.9868924040695838, 0.011312999930235124, 0.00027513732364780637, 0.0015194586765333521], [0.003312943887525727, 6.779396074798134e-05, 0.44350664811405194, 0.5531126140376742], [0.00023382702630575484, 0.5609653570398656, 0.001996092130619967, 0.4368047238032087], [0.4965601781250105, 0.00858113437323572, 0.00484144948614575, 0.490017238015608], [0.9979459082027766, 1.9617962174150015e-05, 0.0006179326702683433, 0.00141654116478091], [0.4865108849242264, 0.0014693394270703696, 0.4372147979941511, 0.07480497765455214], [0.3557873340716043, 0.608799900606143, 0.032495721570632734, 0.0029170437516200954], [0.019834103110290546, 0.00031687980419594443, 0.00014160319309889413, 0.9797074138924147], [0.33435594609717806, 0.061906657743334606, 0.1681437247116579, 0.43559367144782946], [0.438714857480547, 0.0007146188987693512, 0.022911067653869768, 0.537659455966814], [0.8910872646211612, 0.011758982837578093, 0.0012973231051583178, 0.09585642943610251], [0.0006162900560679479, 0.9993772109345428, 6.435178744014684e-06, 6.383064538190173e-08], [0.0004883264139765178, 0.9282117032404162, 0.05737681537638814, 0.013923154969218993], [0.013533724998235191, 0.9158901774836742, 0.024685842138627134, 0.04589025537946343], [1.5993864360244725e-06, 0.9985119262200858, 0.0012726721795755021, 0.00021380221390255758], [0.011146674115115407, 0.5472292399172461, 0.06165777309242732, 0.37996631287521104], [0.04185970725100121, 0.0007306472850872803, 0.19379535518756336, 0.7636142902763481], [0.8210933159919196, 0.014803288926156635, 0.01599858897061842, 0.1481048061113053], [0.9834691600176615, 0.0003436075987441168, 0.010782010838636513, 0.005405221544957871], [0.001067505826142276, 0.7718389416358857, 0.0009361476357198164, 0.22615740490225222], [0.9822328479688567, 0.01773675684929475, 9.512408567740263e-06, 2.0882773280744024e-05], [0.033642675701661254, 0.017609011097596675, 0.08431322115403067, 0.8644350920467113], [0.008592021523942705, 0.1667269952799967, 0.3244323851883796, 0.500248598007681], [0.037285996755267836, 0.008159033680521963, 0.8742687618180985, 0.08028620774611164], [0.8876985829536881, 0.003164404853013581, 0.0005015655131288582, 0.10863544668016974], [0.08661457773292681, 0.0001117383002430731, 0.12703834736774655, 0.7862353365990835], [0.011768408765014468, 0.01453906603892197, 5.3864588261476516e-05, 0.9736386606078021], [0.019270033376568053, 5.151540045140058e-06, 7.4710585308765e-05, 0.980650104498078], [0.038047731312631, 0.006077266260431304, 0.5889728702274943, 0.3669021321994433], [0.057270632286747336, 0.0023367330827890878, 0.018373087586955383, 0.9220195470435081], [0.004905167166586846, 0.6108553327382633, 0.02752668535516629, 0.3567128147399835], [5.965777447833712e-07, 0.9999985790179314, 5.610230891974384e-07, 2.633812345640965e-07], [0.9996524428675756, 4.768963706065903e-06, 1.9789638705802805e-05, 0.000322998530012572], [0.007402805129435575, 0.9030765776536297, 0.0024958756851260924, 0.08702474153180878], [0.018630757737194015, 0.9801340634759694, 0.00016475361966498744, 0.0010704251671713506], [4.074745389092969e-05, 0.2674707243153513, 0.1413250507137297, 0.5911634775170281], [0.39100378697432203, 0.5293657135615886, 0.003044345748593044, 0.0765861537154964], [0.09123729798059, 0.39445130087690183, 0.5130860493037998, 0.0012253518387084817], [0.7057725668896024, 0.05392032904992851, 8.567028472948177e-06, 0.24029853703199613], [0.06762761532338712, 0.5985943070431745, 0.001916063822466095, 0.3318620138109722], [0.04057164767591766, 0.44488016050653945, 0.0013190087588154193, 0.5132291830587274], [0.004262346411215137, 0.9654706973880662, 0.02970865126082421, 0.0005583049398945143], [0.10439691611816145, 0.30001954974637596, 0.009287073472057004, 0.5862964606634056], [0.0009665241954837128, 0.08042237403018988, 0.0007353626702118066, 0.9178757391041147], [0.9941616947995104, 0.00017394636466259658, 0.0006317532695993068, 0.005032605566227525], [0.735399047551761, 0.11953853986904625, 0.14373930759721265, 0.0013231049819802207], [0.9548617371121704, 9.685367875970194e-07, 0.0001741637036716968, 0.04496313064737015], [0.000765459643854163, 0.01729912471252974, 0.002815558283384296, 0.9791198573602317], [0.21392607046102732, 0.09634766289612161, 0.6254819128125373, 0.06424435383031386], [1.1817989981751574e-07, 0.0027962508597824134, 0.00017670470561557272, 0.9970269262547022], [0.541907201339251, 0.08956396992066805, 0.005991413796001618, 0.3625374149440793], [0.0006757737405510387, 7.4057352423846815e-06, 7.983307807420144e-07, 0.9993160221934259], [0.0036319700077166017, 0.9501272751207945, 0.04134057057851452, 0.0049001842929745215], [0.9087901269146258, 0.0010551061175372949, 0.015288256528510995, 0.07486651043932602], [0.4506934668196636, 0.00485362369322031, 0.5309259188108872, 0.013526990676228836], [0.20538391041407164, 0.7902436723435772, 0.004113954799043321, 0.0002584624433079434], [0.9998535803042953, 5.18000940439388e-05, 1.8326966413911797e-05, 7.629263524703368e-05], [0.9799581307551144, 7.559977157735539e-05, 0.0008977011302513742, 0.01906856834305703], [0.6516652203369803, 0.07110749467005105, 0.000900714766781239, 0.27632657022618745], [0.02895413515303099, 0.013623808450496835, 0.1116165202753542, 0.8458055361211181], [0.0300232631900044, 0.0010306342416335217, 0.010716631913220977, 0.9582294706551412], [0.2788205577283669, 0.03955502363204357, 0.00018214511054824264, 0.6814422735290413], [0.002796967867966778, 0.7506869194635966, 0.03458349967972841, 0.2119326129887082], [0.007505815234191982, 0.005687292481211097, 0.48470997321127773, 0.5020969190733191], [0.2799060852356908, 0.38383374625492417, 0.0020644267512592122, 0.3341957417581257], [0.8586057325486636, 0.0729733272407166, 0.0176003276614824, 0.05082061254913754], [0.028746776915747868, 0.01947973192511135, 0.9516542302850192, 0.00011926087412162676], [0.11003054008988612, 0.42467524150086866, 0.4632600072080168, 0.0020342112012283887], [0.038960431005676005, 0.00018235454480780715, 0.9590702932519293, 0.001786921197586703], [0.4105410704865781, 0.006579023657619501, 0.0031003553099678604, 0.5797795505458345], [0.7255420351247266, 0.16329160360079736, 0.07590788983204771, 0.035258471442428344], [0.005538813968359267, 0.00032621802409457884, 0.023374235523680127, 0.9707607324838662], [0.001955580270404204, 0.17693182137064326, 0.8045704857660919, 0.01654211259286075]]}}