{"test": {"ids": ["99110050", "100109890", "113122150", "104116980", "101108580", "111121351", "111116100", "104116441", "102121700", "107121700", "106116441", "110114321", "112116800", "113120830", "113119340", "107113550", "110115710", "99121440", "97105451", "98108370", "105115250", "108113740", "100113210", "111115780", "103120730", "112121430", "113119360", "97105960", "98116090", "113118690", "112116451", "100115700", "109120621", "111119610", "108121410", "109119591", "113118111", "97107920", "110118810", "101111210", "101114990", "112117431", "100109330", "106114011", "98116940", "103110220", "98107010", "113122190", "109116040", "100108990", "113121750", "106118301", "108115570", "112118471", "97105580", "107118820", "112121351", "113118231", "111114941", "99109780", "111116010", "98108410", "113119320", "108116501", "108115250", "106113190", "110118630", "109115380", "100117420", "105116441", "109117630", "105110091", "106116640", "113120780", "110119891", "100109311", "107116340", "103111170", "108117720", "101108080", "112118860", "99107560", "108115880", "106120640", "112119950", "100109910", "103113170", "101111990", "97107821", "110121720", "101111620", "112118810", "104119290", "111119430", "106119580", "103113260", "102112030", "105116980", "112117790", "97114170", "108118060", "113121980", "98107410", "107121540", "98113881", "97112830", "113117340", "113122230", "105115900", "113119700", "110120700", "111115400", "100108260", "106120290", "113117630", "97111790", "110115890", "106118520", "104111550", "110114950", "108116481", "112121360", "99117740", "108114180", "109114030", "110121140", "103113101", "104111620", "106111321", "99111440", "110120560", "101112690", "103120531", "102116340", "98108520", "102113210", "113118421", "109116930", "101119030", "102113981", "108120280", "112119500"], "labels": [3, 3, 2, 1, 0, 0, 3, 1, 1, 3, 0, 1, 0, 3, 0, 0, 2, 2, 0, 1, 2, 3, 0, 1, 1, 2, 0, 2, 0, 3, 0, 1, 1, 2, 0, 0, 1, 0, 1, 2, 3, 0, 0, 1, 2, 2, 3, 1, 0, 2, 0, 1, 3, 1, 1, 3, 0, 3, 0, 2, 1, 1, 1, 0, 1, 0, 1, 3, 2, 1, 0, 0, 3, 0, 3, 1, 3, 2, 1, 0, 3, 1, 3, 3, 0, 2, 3, 2, 2, 3, 3, 3, 1, 3, 3, 3, 2, 0, 3, 2, 1, 2, 3, 2, 3, 2, 2, 1, 3, 0, 2, 0, 3, 2, 0, 2, 2, 2, 1, 0, 0, 3, 2, 1, 1, 3, 3, 0, 0, 3, 0, 1, 3, 3, 2, 3, 3, 0, 3, 1, 3, 2], "predicted_labels": [3, 3, 0, 1, 0, 1, 1, 1, 3, 1, 0, 3, 1, 0, 3, 1, 3, 2, 1, 0, 3, 3, 3, 0, 3, 1, 3, 1, 1, 0, 3, 1, 0, 3, 1, 1, 3, 1, 0, 3, 2, 0, 0, 1, 1, 1, 0, 0, 0, 3, 1, 0, 1, 3, 1, 3, 1, 3, 3, 1, 1, 1, 0, 1, 1, 3, 1, 1, 3, 1, 0, 3, 3, 1, 0, 1, 0, 3, 3, 3, 3, 3, 3, 1, 3, 3, 0, 2, 1, 1, 1, 1, 1, 1, 0, 1, 2, 1, 3, 3, 0, 0, 3, 1, 0, 3, 3, 0, 3, 1, 0, 0, 1, 1, 3, 1, 1, 1, 3, 3, 1, 3, 3, 1, 3, 1, 3, 0, 3, 3, 2, 0, 1, 1, 2, 3, 1, 3, 1, 1, 1, 1], "confidence_scores": [[0.09264948195478052, 0.3384717825348564, 0.05936103603219213, 0.509517699478171], [0.18970357556059433, 0.18128988585957725, 0.0726735466424941, 0.5563329919373342], [0.5160701734411554, 0.2078796478136307, 0.08664180853636545, 0.1894083702088485], [0.09905092525935279, 0.5629901083296026, 0.17637370240645003, 0.16158526400459458], [0.4033755941733779, 0.1764635257503534, 0.13988863888772268, 0.2802722411885462], [0.26243203238655594, 0.6161777195632517, 0.037628152863786325, 0.08376209518640591], [0.21497321634225142, 0.4237598625458971, 0.11324419131117049, 0.24802272980068096], [0.20846629172751388, 0.32703669354754333, 0.20040304278092397, 0.2640939719440186], [0.14942390573504985, 0.18938252292776195, 0.29326024430447845, 0.3679333270327099], [0.05675266173092547, 0.5884355419719657, 0.19437040660930943, 0.1604413896877995], [0.3291366780327485, 0.3228470842138511, 0.12296451228782657, 0.22505172546557392], [0.3123431468402102, 0.20216768992061065, 0.12970992224178113, 0.3557792409973979], [0.20836375853600175, 0.3637258570343826, 0.23094824257774768, 0.1969621418518679], [0.32415263419702794, 0.21525399031593356, 0.2158299037401509, 0.2447634717468876], [0.2656334633674235, 0.211175005534495, 0.08164924809826687, 0.4415422829998147], [0.2021245536930982, 0.3844645923303126, 0.14336253411173497, 0.27004831986485417], [0.28081458976979906, 0.27096748893025646, 0.14772885766817023, 0.3004890636317743], [0.11548681993077742, 0.14575712906621072, 0.562734761611866, 0.17602128939114609], [0.17367310950865497, 0.4100053196991147, 0.07860536859224546, 0.33771620219998494], [0.3407888756000984, 0.18243730487319004, 0.1430210163277815, 0.3337528031989301], [0.14390687330755494, 0.29883755538886597, 0.19306155559843896, 0.36419401570514026], [0.23162617919263978, 0.15317351092498868, 0.13245146256980866, 0.4827488473125627], [0.23116424791564036, 0.17245566510109406, 0.14016250320062526, 0.4562175837826404], [0.3154224807359903, 0.28059052300968157, 0.1894731478581901, 0.21451384839613802], [0.16772270244315385, 0.19419163093728475, 0.31458694649266605, 0.3234987201268955], [0.11399871016883965, 0.4799813297133059, 0.15916787686054829, 0.2468520832573061], [0.21659778766459753, 0.2083525944038634, 0.17897450739951173, 0.39607511053202726], [0.2170878698445547, 0.34028997973008573, 0.20036159436435252, 0.24226055606100702], [0.2937743311116544, 0.3634964632187022, 0.18486501846669504, 0.1578641872029484], [0.4050681839943469, 0.24753769440450207, 0.11670108598559445, 0.23069303561555674], [0.29346395823708543, 0.27340382347042586, 0.0666038408280615, 0.36652837746442724], [0.24744359688637776, 0.4071477007280878, 0.15150760467830146, 0.19390109770723302], [0.33898309925547637, 0.28382017600390047, 0.05544834683573031, 0.3217483779048928], [0.22258703280666906, 0.14298084938914948, 0.09386616106229291, 0.5405659567418886], [0.1728220297909173, 0.5705685197092001, 0.06830688841313223, 0.1883025620867502], [0.16263725265765125, 0.39557953228471554, 0.06825501433866098, 0.37352820071897236], [0.2792452391587658, 0.23598165054470593, 0.07139167290621833, 0.41338143739031014], [0.24836350751283773, 0.4406655725892458, 0.0785814886482724, 0.23238943124964404], [0.5387686828018845, 0.18742836885888112, 0.08940859147472102, 0.1843943568645134], [0.12790130786699494, 0.25613328620848885, 0.22654701849493103, 0.3894183874295852], [0.14734694911849802, 0.19626257445232254, 0.4632383818696596, 0.1931520945595199], [0.42190513034767696, 0.2524073711832154, 0.09305740068305206, 0.23263009778605565], [0.35351799190432837, 0.18458045564977413, 0.22206717723183658, 0.23983437521406115], [0.24339977327000878, 0.41070033387810384, 0.0821219283124525, 0.2637779645394349], [0.1846995378015381, 0.4993468251712937, 0.126168898671818, 0.18978473835535034], [0.2868865320502776, 0.30488940096257905, 0.1120425721794955, 0.29618149480764777], [0.4171622134708161, 0.20034666427580658, 0.10252249920170017, 0.2799686230516772], [0.3588051431442373, 0.28378159953851256, 0.11239503390969385, 0.2450182234075566], [0.32213179730331276, 0.2487669221507416, 0.1912621918598738, 0.237839088686072], [0.08829591745633768, 0.2401742161103693, 0.1621057307208352, 0.5094241357124578], [0.2878903510720635, 0.46568632710628133, 0.10902116210225818, 0.13740215971939676], [0.5983801870354648, 0.1338372522920963, 0.06121381442455887, 0.20656874624788], [0.16105677918630612, 0.5232199444966221, 0.12649580696991297, 0.1892274693471587], [0.1737348447138939, 0.25944436888640493, 0.23549266480926825, 0.331328121590433], [0.15405603388147832, 0.5514827822900356, 0.12047806004392472, 0.17398312378456143], [0.11705321268666663, 0.18499475997800272, 0.057432285856600845, 0.6405197414787298], [0.1978106341797943, 0.36705180438523716, 0.10315179461703443, 0.33198576681793424], [0.20026081578001687, 0.23823370625231877, 0.18674700572931233, 0.37475847223835207], [0.17333340942106135, 0.21959966724637037, 0.09122694866419633, 0.515839974668372], [0.09855869964317558, 0.42282847439573107, 0.2516962628545599, 0.22691656310653338], [0.20519107427182526, 0.46045469525098115, 0.16513014140761956, 0.16922408906957406], [0.1485932353551327, 0.4613391821167178, 0.18495220781808172, 0.20511537471006766], [0.36044423270784626, 0.25807855348289543, 0.10167978572927129, 0.2797974280799872], [0.2124635800505049, 0.4522351309695041, 0.08346307932298808, 0.25183820965700293], [0.21379104942606228, 0.34269397770191506, 0.16022090876061904, 0.2832940641114036], [0.2859929609512771, 0.18819496782935766, 0.21725133878432717, 0.3085607324350381], [0.18755477090016487, 0.34046423390070435, 0.20176572929294728, 0.2702152659061836], [0.18034921242306795, 0.4614473517386335, 0.12194023116586687, 0.23626320467243178], [0.10066284806092857, 0.08799591767396032, 0.07574153980890455, 0.7355996944562067], [0.2827011834550132, 0.40544326949549425, 0.12757768948213066, 0.18427785756736198], [0.764227669393141, 0.08696161019598538, 0.04523798376406748, 0.10357273664680616], [0.23920188534080028, 0.2879273953845552, 0.08163923315428355, 0.39123148612036096], [0.21010037993970657, 0.1245738299764882, 0.060687407709798726, 0.6046383823740064], [0.16401800685401938, 0.47462212563422007, 0.08889987168469765, 0.272459995827063], [0.4299305849071022, 0.30142193406621415, 0.06586049775162317, 0.20278698327506048], [0.133420158176989, 0.39979549346809073, 0.08025886595821446, 0.3865254823967057], [0.42552757721907203, 0.30305249567118814, 0.14744093078393208, 0.1239789963258077], [0.2918980419885993, 0.23712151981775212, 0.12168743114157644, 0.34929300705207206], [0.32974193883939823, 0.16882368198006054, 0.1191511543261776, 0.3822832248543637], [0.22409222314334634, 0.13393001785696526, 0.05639174913040065, 0.5855860098692877], [0.14893820574565006, 0.2793780242221011, 0.16941142363833997, 0.4022723463939089], [0.22759168072827485, 0.22782123953056738, 0.1339391176393472, 0.41064796210181065], [0.2286028523373662, 0.17892541434141168, 0.0720985735318481, 0.5203731597893739], [0.29087221545412134, 0.36576940209719744, 0.13576316363639931, 0.2075952188122818], [0.20421729397164515, 0.16720348145753952, 0.09869846424079451, 0.5298807603300207], [0.22324356710552765, 0.2729143723210498, 0.15870385696492834, 0.34513820360849434], [0.34064294496763464, 0.29026411105683714, 0.14196774866333609, 0.22712519531219227], [0.1306820839831653, 0.2319947602652639, 0.3508883674163377, 0.28643478833523295], [0.21153885771634542, 0.2934937950688226, 0.24743808268444326, 0.24752926453038876], [0.25617802919468774, 0.3138706985378969, 0.14681621977863385, 0.2831350524887815], [0.15229066969812227, 0.5078229035437369, 0.18027491743739327, 0.1596115093207476], [0.17416438851990795, 0.46139299750273427, 0.13541640650411058, 0.22902620747324723], [0.16482920517530011, 0.6207492948901012, 0.07184577464202475, 0.14257572529257387], [0.20569137806396953, 0.3922939003160027, 0.0858635341963557, 0.31615118742367204], [0.31711149472744027, 0.21130869184611834, 0.3146348065031534, 0.15694500692328794], [0.2041561509162016, 0.45628949951316683, 0.1134798058264803, 0.22607454374415117], [0.087440489944978, 0.22560507471782834, 0.4601849018720818, 0.22676953346511183], [0.18769484375709838, 0.4530680012192158, 0.07833683023874682, 0.2809003247849389], [0.20774038066447972, 0.15749561083992508, 0.04017531196531973, 0.5945886965302755], [0.20521320116713626, 0.3347202507442905, 0.08555009586135578, 0.3745164522272174], [0.3016091222244636, 0.287956161330934, 0.13369749780262963, 0.27673721864197304], [0.40539386993558985, 0.2206231348172812, 0.08262543259891215, 0.2913575626482168], [0.2466533451095351, 0.335073680614791, 0.08265133225458184, 0.33562164202109207], [0.17998708851636425, 0.4469033662488564, 0.204841819300402, 0.16826772593437747], [0.3344743267586506, 0.2847295041058911, 0.07909486190983804, 0.30170130722562016], [0.09245112363070247, 0.2311095103843678, 0.2942926037269514, 0.38214676225797833], [0.1591504125460584, 0.24678044127150633, 0.08377647398020227, 0.5102926722022331], [0.3437291416499474, 0.271410778123781, 0.13194336450510144, 0.25291671572117014], [0.18295251186618738, 0.24023741544126373, 0.19092530097034077, 0.38588477172220814], [0.12784273290136555, 0.5922230227680431, 0.07545742918017102, 0.20447681515042027], [0.4524940288463432, 0.171827079860059, 0.10140899946420916, 0.2742698918293887], [0.5019955618118506, 0.15331413766847954, 0.16319279371267556, 0.18149750680699434], [0.2580430378549746, 0.30262001647171977, 0.154771232245675, 0.28456571342763065], [0.24786312396861168, 0.3428031081104651, 0.12986836356098394, 0.2794654043599394], [0.2601432149190662, 0.25926039643679905, 0.1399470119601674, 0.34064937668396716], [0.1851136281708781, 0.5067563303811914, 0.10947616681710591, 0.19865387463082457], [0.24684649533717826, 0.45000433565081693, 0.14801231228005207, 0.15513685673195257], [0.3596335384302824, 0.4088024573150301, 0.05862113290771889, 0.1729428713469687], [0.15382560338308554, 0.2869586222086576, 0.20363369777328813, 0.3555820766349689], [0.18529800825401394, 0.2937161024360946, 0.09808564013443688, 0.42290024917545466], [0.3272328522371998, 0.38025462366466445, 0.07743544719891235, 0.21507707689922362], [0.20291371525465937, 0.3297500109690399, 0.09775185855816323, 0.3695844152181377], [0.23152968779001937, 0.2618218367498388, 0.20272612392478626, 0.3039223515353558], [0.2707124583764292, 0.49529504850321426, 0.10712678023892526, 0.1268657128814313], [0.2750441608700624, 0.2378768874517529, 0.14842618412567918, 0.33865276755250545], [0.3278294776081267, 0.3341168780684694, 0.08094142275306132, 0.2571122215703425], [0.19470985686594589, 0.24010020435735924, 0.2569209449496093, 0.3082689938270856], [0.28968990223581514, 0.2750801368734874, 0.1591643958298119, 0.2760655650608856], [0.30515809544879713, 0.28045946381942316, 0.09946187076397395, 0.31492056996780565], [0.2619552612073974, 0.28579780394346727, 0.12714774752983113, 0.32509918731930415], [0.1796752414050912, 0.09926449399495792, 0.45144092849405526, 0.26961933610589567], [0.396159186484974, 0.3215587161988439, 0.0951232089971697, 0.18715888831901248], [0.15750572623065714, 0.443377077804937, 0.08220030310972516, 0.31691689285468055], [0.2706697593078449, 0.43516294105259, 0.15763267202314846, 0.1365346276164166], [0.2999319152516076, 0.18889784027055412, 0.35413322312034595, 0.15703702135749237], [0.29699023791518553, 0.24439710332784956, 0.14012360692962086, 0.31848905182734405], [0.2575850172836006, 0.4183212700267199, 0.08989337246650426, 0.23420034022317524], [0.26378596116550457, 0.23665191570536964, 0.10274913935452536, 0.3968129837746005], [0.23145995199939437, 0.39547989993350763, 0.17750996024674945, 0.1955501878203485], [0.32301409558906163, 0.43542762724134754, 0.06664612390682548, 0.17491215326276535], [0.22293959944350594, 0.3541581874340005, 0.18973726936079968, 0.233164943761694], [0.20113583863913043, 0.2955159236440771, 0.21742342178075644, 0.2859248159360359]]}, "rewritten": {"ids": ["97105451", "97105580", "97105960", "97107821", "97107920", "97111790", "97112830", "97114170", "98107010", "98107410", "98108370", "98108410", "98108520", "98113881", "98116090", "98116940", "99107560", "99109780", "99110050", "99111440", "99117740", "99121440", "100108260", "100108990", "100109311", "100109330", "100109890", "100109910", "100113210", "100115700", "100117420", "101108080", "101108580", "101111210", "101111620", "101111990", "101112690", "101114990", "101119030", "102112030", "102113210", "102113981", "102116340", "102121700", "103110220", "103111170", "103113101", "103113170", "103113260", "103120531", "103120730", "104111550", "104111620", "104116441", "104116980", "104119290", "105110091", "105115250", "105115900", "105116441", "105116980", "106111321", "106113190", "106114011", "106116441", "106116640", "106118301", "106118520", "106119580", "106120290", "106120640", "107113550", "107116340", "107118820", "107121540", "107121700", "108113740", "108114180", "108115250", "108115570", "108115880", "108116481", "108116501", "108117720", "108118060", "108120280", "108121410", "109114030", "109115380", "109116040", "109116930", "109117630", "109119591", "109120621", "110114321", "110114950", "110115710", "110115890", "110118630", "110118810", "110119891", "110120560", "110120700", "110121140", "110121720", "111114941", "111115400", "111115780", "111116010", "111116100", "111119430", "111119610", "111121351", "112116451", "112116800", "112117431", "112117790", "112118471", "112118810", "112118860", "112119500", "112119950", "112121351", "112121360", "112121430", "113117340", "113117630", "113118111", "113118231", "113118421", "113118690", "113119320", "113119340", "113119360", "113119700", "113120780", "113120830", "113121750", "113121980", "113122150", "113122190", "113122230"], "labels": [0, 1, 2, 2, 0, 2, 2, 2, 3, 3, 1, 1, 2, 3, 0, 2, 1, 2, 3, 3, 2, 2, 3, 2, 1, 0, 3, 2, 0, 1, 2, 0, 0, 2, 3, 2, 1, 3, 3, 2, 3, 1, 3, 1, 2, 2, 3, 3, 3, 3, 1, 1, 0, 1, 1, 1, 0, 2, 3, 1, 0, 0, 0, 1, 0, 3, 1, 2, 3, 2, 3, 0, 3, 3, 2, 3, 3, 1, 1, 3, 3, 0, 0, 1, 1, 3, 0, 1, 3, 0, 0, 0, 0, 1, 1, 0, 2, 2, 1, 1, 3, 0, 2, 3, 3, 0, 0, 1, 1, 3, 3, 2, 0, 0, 0, 0, 3, 1, 3, 3, 2, 0, 0, 3, 2, 2, 0, 1, 3, 3, 3, 1, 0, 0, 0, 0, 3, 0, 2, 2, 1, 1], "predicted_labels": [1, 1, 3, 0, 0, 1, 3, 1, 3, 3, 3, 1, 1, 1, 1, 1, 1, 1, 3, 1, 3, 2, 1, 1, 3, 3, 2, 1, 1, 1, 3, 1, 1, 3, 1, 3, 1, 2, 1, 2, 1, 1, 1, 3, 3, 3, 2, 1, 1, 3, 1, 1, 3, 1, 1, 1, 0, 3, 0, 1, 1, 3, 3, 1, 0, 3, 0, 1, 2, 3, 0, 1, 1, 3, 2, 1, 3, 1, 1, 1, 3, 1, 1, 3, 0, 1, 1, 3, 1, 0, 1, 0, 2, 0, 3, 1, 3, 0, 3, 0, 0, 0, 0, 1, 1, 1, 0, 0, 1, 3, 1, 3, 1, 0, 1, 3, 3, 1, 1, 3, 0, 0, 1, 3, 3, 1, 3, 3, 3, 3, 1, 0, 3, 1, 1, 1, 3, 1, 0, 2, 1, 0], "confidence_scores": [[0.2593070651358959, 0.4676915358933042, 0.0685464042232427, 0.20445499474755724], [0.20895873258579942, 0.37318499013803164, 0.18490937897276347, 0.2329468983034055], [0.197286225833987, 0.28913958219465113, 0.15490044632053063, 0.35867374565083127], [0.3387289972623742, 0.256268297604841, 0.24859106586168073, 0.1564116392711039], [0.32282418914681527, 0.32216052787090516, 0.09295961054547901, 0.2620556724368006], [0.18584735208435402, 0.5087649304047551, 0.10594645029443364, 0.19944126721645708], [0.11005895112485344, 0.32152091007765937, 0.23022978235067376, 0.3381903564468137], [0.15467630157357465, 0.49824335973450173, 0.18915609376085749, 0.1579242449310663], [0.2905782343936259, 0.19352331474265483, 0.1482261117268363, 0.367672339136883], [0.3319647105098586, 0.23441014684108918, 0.088160126920597, 0.345465015728455], [0.22161036109674262, 0.20849893866537378, 0.17584465729285506, 0.39404604294502865], [0.1801453607406133, 0.3498904855492774, 0.24577994441836412, 0.2241842092917453], [0.25704829113294797, 0.271795777044351, 0.27178358538079367, 0.1993723464419073], [0.31222367868521267, 0.42000990442746494, 0.10695925719103673, 0.16080715969628584], [0.23446311916963086, 0.26713470884053075, 0.2667868685328749, 0.2316153034569634], [0.215313326877521, 0.41928062398125154, 0.12938154427569232, 0.23602450486553525], [0.13765805095527084, 0.4051062586064405, 0.1258737038473611, 0.33136198659092736], [0.206241435024768, 0.3144249440424741, 0.21993054450656263, 0.25940307642619526], [0.22856538216824324, 0.29183395374664606, 0.1133999434255766, 0.3662007206595341], [0.14980830026601796, 0.38474002513631733, 0.09352520677124543, 0.3719264678264194], [0.23037671083261332, 0.26051801024015997, 0.20171658362876382, 0.30738869529846286], [0.06395087974517809, 0.15182255005509315, 0.6314826273093819, 0.15274394289034682], [0.19176582683989846, 0.43236413576985366, 0.1592531865826379, 0.21661685080760998], [0.14769003250902668, 0.39513269426864184, 0.19352246702220677, 0.26365480620012455], [0.2730863052914384, 0.2587926433297659, 0.07570120583031233, 0.39241984554848336], [0.21721359674440652, 0.21122114584621876, 0.1116202238984593, 0.4599450335109154], [0.1366294584975159, 0.14779447201729148, 0.48725941366988623, 0.22831665581530655], [0.2530889101447165, 0.3133952074027655, 0.19774753215029445, 0.2357683503022236], [0.18628792973108596, 0.3688761459825228, 0.1892093293057679, 0.2556265949806235], [0.2883754617219448, 0.2974286642279435, 0.21962930523328933, 0.1945665688168224], [0.2346222267624381, 0.15012438320052054, 0.0910133865807056, 0.5242400034563357], [0.165209366348048, 0.42770841458750064, 0.07079436792752691, 0.3362878511369245], [0.310868380520999, 0.3129536469164194, 0.11518353605220297, 0.2609944365103786], [0.1279573205519775, 0.24168244887520154, 0.225699027017976, 0.4046612035548449], [0.1575222392082648, 0.53932196887704, 0.09646219609088752, 0.2066935958238075], [0.10151616619310484, 0.29702752414976247, 0.28921007484982025, 0.3122462348073124], [0.22384994628032157, 0.3890418149522401, 0.17087708552974606, 0.2162311532376925], [0.08674093617134038, 0.2667772238706178, 0.38613909069658964, 0.2603427492614521], [0.28201622984736546, 0.3470607903789033, 0.15420899481367964, 0.21671398496005154], [0.06237534375638361, 0.2011558995603864, 0.593149679675431, 0.14331907700779903], [0.15611695373599177, 0.4128107661594981, 0.17183462298576993, 0.25923765711874025], [0.24596719743674092, 0.4159486452892413, 0.1087182503901715, 0.22936590688384625], [0.24182271914430747, 0.39492566095017084, 0.1783781694615861, 0.1848734504439358], [0.26684236888363344, 0.16174923934267404, 0.25440044432647974, 0.3170079474472129], [0.15785467213550197, 0.3510477999542365, 0.11214563503653993, 0.37895189287372166], [0.24459852227467613, 0.24854734957632552, 0.0987623578721151, 0.40809177027688326], [0.15317580740512315, 0.3002757927260777, 0.32798387545507324, 0.21856452441372587], [0.23886124606415693, 0.37448218772069963, 0.1085920822236192, 0.2780644839915243], [0.16293766161221507, 0.5231475624275146, 0.09985564318760072, 0.21405913277266952], [0.2385081199692233, 0.2653173783924805, 0.11757271277448357, 0.37860178886381285], [0.20530163739353305, 0.4041513610687462, 0.0924113731428289, 0.2981356283948918], [0.2650695481113827, 0.4125089429179746, 0.13164145010391257, 0.19078005886673013], [0.29132887431810567, 0.1451687139298208, 0.16964256176009473, 0.39385984999197876], [0.18765659629916787, 0.4303586575229162, 0.22046911983166376, 0.16151562634625224], [0.1346495337472878, 0.3595727674270596, 0.19364989949235684, 0.3121277993332959], [0.16109180780144355, 0.6363545341372636, 0.06839320513121831, 0.13416045293007467], [0.4395251597409449, 0.23041526764367573, 0.08038768643006641, 0.24967188618531294], [0.14407131151710828, 0.17159159209312408, 0.19826382532578798, 0.4860732710639796], [0.3141270180777893, 0.30512291895281274, 0.1853564047555232, 0.1953936582138747], [0.19135194351365353, 0.43649418397333484, 0.1249984187775065, 0.2471554537355051], [0.17670435849908903, 0.5261606672088661, 0.07983973711323913, 0.2172952371788057], [0.3048070318219598, 0.17344390296608322, 0.18806319367489735, 0.33368587153705986], [0.11118128126670862, 0.2640758597451433, 0.1224224388293762, 0.5023204201587718], [0.2008865343236421, 0.5355229328832358, 0.09846496696758682, 0.1651255658255353], [0.35688008791348447, 0.25254217401639234, 0.0836966889956156, 0.30688104907450786], [0.19641395872463374, 0.08407552312530601, 0.03831263414144535, 0.6811978840086149], [0.4298918403473793, 0.24752503541493656, 0.08621198355881493, 0.23637114067886925], [0.24364610315273913, 0.402198005273157, 0.11964905200167195, 0.23450683957243199], [0.2666145578846756, 0.2033277115220171, 0.29586233091235786, 0.23419539968094946], [0.24478900209375185, 0.25242037568278314, 0.11391783757203176, 0.38887278465143343], [0.40741103222120456, 0.2868798423018523, 0.0956515680729422, 0.21005755740400076], [0.19278960193719655, 0.42034403964554734, 0.1265385936331277, 0.2603277647841284], [0.224808757887838, 0.3077117978719729, 0.24407248978967103, 0.22340695445051817], [0.07960214412337493, 0.18410555835815626, 0.1030625088353344, 0.6332297886831345], [0.12922679831555817, 0.27650861634045965, 0.36649359869679454, 0.2277709866471878], [0.045974445846112155, 0.6026140294458832, 0.27835973152993637, 0.07305179317806838], [0.30437376159471147, 0.11956733605641263, 0.13882153492324972, 0.43723736742562624], [0.13035395968056554, 0.6460943946337412, 0.12946304928934294, 0.09408859639635027], [0.21069378827460641, 0.32235348115685136, 0.15771853662231322, 0.30923419394622903], [0.19609123975567183, 0.32430575476429835, 0.16567038150556293, 0.31393262397446675], [0.26392340800814706, 0.19122506222140498, 0.07280870871034606, 0.4720428210601019], [0.27706530658311, 0.3421516392843808, 0.08092526767361334, 0.29985778645889594], [0.16204614323034552, 0.4810082701201185, 0.07410368478388762, 0.2828419018656486], [0.33632412841612164, 0.1618952512859266, 0.10309341534706533, 0.3986872049508865], [0.366922168323329, 0.23680188025102014, 0.16374086078754088, 0.23253509063810993], [0.22658218860199422, 0.34642582840437747, 0.19283736876915963, 0.2341546142244686], [0.20906532645218223, 0.4895768795781317, 0.11414121969650619, 0.18721657427318006], [0.29124719613935446, 0.25315632314548464, 0.13374732415410792, 0.321849156561053], [0.24894898304374474, 0.3119893893245974, 0.15417991453794228, 0.28488171309371557], [0.33648925051564754, 0.2745982825922598, 0.1353599715807431, 0.25355249531134944], [0.2525927226207026, 0.3331101632599669, 0.11208654992260614, 0.30221056419672443], [0.3572466961800507, 0.34459177117822026, 0.13561550804009415, 0.16254602460163486], [0.16753235709249287, 0.2523250206314066, 0.2924184913002032, 0.28772413097589733], [0.5289207376328476, 0.10863121057076097, 0.06678903171351043, 0.29565902008288075], [0.19076692155781577, 0.161370106801719, 0.1487209030969059, 0.4991420685435595], [0.26944843112249756, 0.3239812479124103, 0.12164724888947544, 0.2849230720756169], [0.27186117026517176, 0.20370982246337357, 0.15475750885975859, 0.3696714984116961], [0.3071079094088465, 0.30563869778963015, 0.1287398608171033, 0.25851353198442], [0.3068993237786317, 0.21420979618935296, 0.11348258628223362, 0.3654082937497817], [0.6045505046833405, 0.15104504666220236, 0.11148708567259524, 0.132917362981862], [0.4832715186024179, 0.22976878166696638, 0.12312331877568995, 0.16383638095492575], [0.35145581155464384, 0.17848448285455074, 0.21435561275751025, 0.2557040928332952], [0.40238120988646686, 0.2753200661340428, 0.08098504588038442, 0.24131367809910603], [0.26831275750365857, 0.39339933155457857, 0.08796884710181961, 0.2503190638399432], [0.1548326246915778, 0.5250853906427728, 0.07362625666982839, 0.24645572799582102], [0.21346547172474317, 0.4054845812007795, 0.09767666996480653, 0.28337327710967086], [0.4718225437349171, 0.21648461673467229, 0.1170774835463834, 0.19461535598402738], [0.4201885480849568, 0.23776795403473083, 0.1326898190338608, 0.20935367884645156], [0.21633585596237434, 0.36810083515745046, 0.17321169245991025, 0.24235161642026506], [0.20087151180629811, 0.3306386406289007, 0.09397891837491444, 0.3745109291898869], [0.1551902106784601, 0.41169157743699786, 0.06522787070902737, 0.3678903411755148], [0.24709053931019706, 0.1591852966637955, 0.10327918618913572, 0.49044497783687196], [0.25629707230970766, 0.6425089766717335, 0.03756254144074296, 0.06363140957781607], [0.4925299837102339, 0.2941659824797048, 0.05489748435134412, 0.1584065494587171], [0.16547901399689163, 0.3154437603067458, 0.28998932870407934, 0.2290878969922832], [0.19248965626515682, 0.3454023656809, 0.10677964494732758, 0.35532833310661566], [0.19611165923538101, 0.1560079307476754, 0.04146770374587818, 0.6064127062710655], [0.17274184608147902, 0.3859455383158847, 0.24819564880229078, 0.19311696680034565], [0.2259817553043214, 0.45229098474346957, 0.061326666395819136, 0.2604005935563899], [0.08191299239285066, 0.18911569892773958, 0.11235390459420504, 0.6166174040852047], [0.33376918617991486, 0.2253833285081345, 0.20045016051062897, 0.24039732480132173], [0.3526025912114941, 0.27790066950803305, 0.09086409236031312, 0.2786326469201598], [0.24428680764149585, 0.3404161341420403, 0.10950006708780856, 0.3057969911286554], [0.28785769551395374, 0.23836843942507455, 0.09641622560389232, 0.37735763945707956], [0.2821771203516084, 0.29487761167863424, 0.12633573167125356, 0.2966095362985038], [0.20040510940480624, 0.41434711567673294, 0.14750193109083753, 0.23774584382762334], [0.18895646628844362, 0.25822862473626224, 0.09784265031769424, 0.4549722586576], [0.287065759952067, 0.24429244253894405, 0.09835916286874141, 0.3702826346402474], [0.22638963455373015, 0.2364501170740433, 0.1707899869297523, 0.3663702614424744], [0.19999618575853031, 0.26432534944556657, 0.10751428757243384, 0.42816417722346933], [0.2978920350436621, 0.34893160994072314, 0.13511987836015588, 0.2180564766554589], [0.33875378514198806, 0.30594767994627836, 0.07373412156387762, 0.2815644133478559], [0.23005759088070957, 0.14298921144247467, 0.061290589915909036, 0.5656626077609067], [0.22749766063230156, 0.4046591398797479, 0.09333581280671213, 0.27450738668123836], [0.14427135918051662, 0.5847429143765701, 0.08656594217955228, 0.18441978426336095], [0.19272715451752223, 0.408606716925197, 0.1254203530644738, 0.2732457754928072], [0.1603341514885088, 0.16944237834254985, 0.17792060002186244, 0.492302870147079], [0.13218175080095035, 0.5385474370840865, 0.07832969218459383, 0.2509411199303692], [0.41469480312448737, 0.22823785221844986, 0.07946692721123506, 0.2776004174458278], [0.3149222479904388, 0.16402569377773737, 0.3806494649469645, 0.14040259328485943], [0.28047444670569077, 0.3164741088384847, 0.17573260447765948, 0.22731883997816507], [0.3264024813286035, 0.19612007376483315, 0.1645206583511103, 0.31295678655545317]]}}