{"test": {"ids": ["97109080", "106115250", "112121030", "101112540", "109114720", "101116130", "111118301", "104112201", "110118740", "111118820", "107113130", "110120640", "108117451", "110121500", "111116990", "112118810", "109116810", "107113180", "105118740", "112118860", "102110690", "110120560", "111119290", "100116790", "98112580", "113117550", "111114121", "100109360", "108120700", "107113170", "112116640", "99110730", "112117471", "107119390", "100108080", "104114240", "109117150", "98108410", "106116820", "109113931", "98112300", "103117200", "104114230", "103113170", "109117600", "99111340", "100116500", "105114220", "103113210", "97112170", "111120190", "98110230", "97112290", "110118111", "109117080", "99109860", "112116401", "104109311", "108120060", "112118530", "106114280", "102113210", "100109890", "100109910", "109116040", "100111620", "109114270", "99116500", "105113170", "104113000", "112121010", "105113260", "104111620", "107116980", "110117080", "99109161", "100110050", "112118890", "105113330", "101109370", "102108621", "101117580", "113119700", "111119930", "113120751", "103110050", "106119580", "98108370", "105113440", "105112260", "111114941", "101110200", "107119950", "109119340", "107113200", "105113620", "103112641", "100109980", "101108121", "112119930", "111116640", "113117401", "112121430", "113120540", "97113900", "105117351", "101108580", "107120010", "104114410", "104111780", "113118111", "101108290", "112120670", "111116090", "102110750", "100109801", "99112531", "112116610", "111119950", "106116850", "104116980", "97112830", "113121680", "112117431", "97105580", "98109311", "113122170", "112120990", "105116090", "112119320", "110114950", "108116070", "113118620", "99108080", "106116370", "107113360", "112119950", "103111110", "102113981", "108118060", "102110240", "105115250"], "labels": [2, 2, 0, 2, 0, 2, 3, 0, 3, 0, 1, 0, 2, 3, 0, 3, 3, 3, 1, 3, 0, 0, 3, 2, 2, 3, 0, 0, 2, 0, 0, 3, 3, 2, 0, 0, 2, 1, 1, 1, 2, 0, 2, 3, 1, 1, 2, 3, 3, 0, 3, 3, 1, 1, 1, 2, 0, 3, 1, 1, 3, 3, 3, 2, 0, 3, 3, 2, 0, 1, 2, 3, 0, 3, 1, 3, 3, 3, 3, 1, 3, 3, 0, 1, 1, 3, 3, 1, 0, 3, 0, 2, 3, 3, 0, 0, 3, 1, 0, 1, 0, 3, 2, 3, 2, 0, 0, 1, 1, 3, 1, 0, 2, 3, 1, 0, 3, 1, 0, 3, 1, 2, 1, 0, 1, 1, 1, 2, 1, 1, 0, 1, 3, 3, 2, 0, 0, 3, 1, 1, 3, 2], "predicted_labels": [1, 1, 3, 3, 1, 3, 3, 0, 3, 3, 2, 2, 0, 1, 3, 0, 0, 1, 0, 0, 1, 3, 3, 0, 3, 2, 1, 3, 3, 1, 3, 3, 3, 1, 1, 2, 3, 1, 3, 0, 2, 3, 1, 1, 3, 3, 2, 1, 2, 0, 1, 1, 3, 1, 1, 2, 0, 0, 2, 2, 3, 3, 2, 2, 3, 2, 1, 2, 3, 3, 0, 3, 3, 0, 1, 0, 3, 0, 3, 1, 0, 1, 2, 0, 3, 1, 2, 2, 2, 3, 1, 1, 2, 0, 3, 0, 2, 3, 3, 1, 1, 0, 1, 0, 0, 3, 0, 1, 3, 1, 3, 3, 1, 0, 2, 3, 3, 0, 0, 0, 2, 1, 3, 0, 0, 3, 3, 0, 0, 1, 0, 2, 1, 0, 1, 1, 0, 3, 1, 1, 2, 3], "confidence_scores": [[2.8867230302456993e-07, 0.9835099823734369, 0.0002556746724150343, 0.016234054281844993], [0.013415923982324992, 0.955015509741287, 0.009984054262890273, 0.02158451201349772], [0.03656391061248154, 0.1270979900000986, 1.2068546556792121e-05, 0.8363260308408631], [0.004724152157116493, 0.11556131868133254, 0.1824331511467133, 0.6972813780148377], [0.0008305877513165763, 0.6929094006774328, 0.18615823169098877, 0.12010177988026191], [0.0016063797347219129, 0.2148119716422602, 0.011373825310914564, 0.7722078233121032], [4.646654102957124e-05, 0.01517778469608087, 5.80869115270991e-06, 0.9847699400717369], [0.5955011906029486, 0.35615043842346233, 0.003867264765487257, 0.04448110620810188], [0.09870154583838915, 0.00012514266030837356, 0.17323278279792503, 0.7279405287033773], [0.01724272279790095, 6.132203100166581e-05, 2.763831333743603e-07, 0.982695678787964], [0.0020424398542345274, 0.00217016435688678, 0.9957855723723597, 1.8234165191504062e-06], [0.428828225334708, 0.04090662474166208, 0.4961818304996024, 0.03408331942402766], [0.9820301879507517, 1.0673686509534833e-06, 7.428367079384126e-08, 0.017968670396926446], [0.007008344246342945, 0.7423286230107462, 9.878787982124185e-08, 0.2506629339550311], [0.00010849011559605469, 0.0014476185291939351, 0.005751559875644964, 0.9926923314795651], [0.9829905938474122, 0.013140820843787239, 0.0004484966135421608, 0.0034200886952583083], [0.6338668083829511, 0.21022726675610875, 0.00014986244538618508, 0.15575606241555406], [0.02050272329398711, 0.8180655211713248, 0.0754250490647534, 0.08600670646993461], [0.6321713015481872, 0.001851152801814292, 0.34276555462694347, 0.023211991023055017], [0.9953311553375158, 6.169845296807362e-05, 0.00012108061048873636, 0.004486065599027433], [0.45330799876496725, 0.5353809573871824, 1.1737161199188188e-06, 0.01130987013173039], [0.035316846916918665, 2.634034690450182e-05, 0.00011130087193803712, 0.9645455118642389], [3.6869017497632852e-06, 0.00704589775039127, 0.00014355608955606247, 0.9928068592583029], [0.7448264789742751, 0.22740961922446667, 0.026836239992527607, 0.0009276618087306324], [0.013037738802055075, 0.0219151948865477, 4.7028491958370537e-05, 0.965000037819439], [0.002025510624029265, 0.0012789059941399222, 0.9949939444365729, 0.0017016389452580367], [5.905073342198202e-06, 0.995164221162293, 0.004704449290358905, 0.0001254244740057324], [0.00984486044503107, 0.040997563044922025, 0.00034468205998307414, 0.9488128944500639], [0.1743528433497149, 0.14707157478431238, 0.04409281085646183, 0.6344827710095109], [0.3521276037703874, 0.6472595443386877, 2.3591644044478742e-07, 0.000612615974484576], [0.11534355700629381, 0.01684648357842053, 0.029182856949795253, 0.8386271024654904], [0.031081382544974653, 1.0941853330552421e-05, 0.034087992554394854, 0.9348196830472999], [0.006598836061261246, 0.37012268371285295, 7.512689385845648e-05, 0.6232033533320274], [0.01592019296041222, 0.8445788741837963, 0.012503140284437225, 0.12699779257135405], [0.0006779236595763911, 0.9806639478074162, 0.0007789286523388798, 0.017879199880668863], [0.21061643821214668, 0.0071056973253768585, 0.6187105405862562, 0.16356732387622028], [0.02633171023743866, 0.012119029131900598, 0.0038703684380200828, 0.9576788921926407], [0.47866570718402923, 0.5170025954474722, 0.004096082245626472, 0.00023561512287229985], [0.32295759131765817, 0.0034531171753135713, 1.2075071024241405e-05, 0.673577216436004], [0.9742871234655596, 0.02334512177722528, 5.742996632811209e-06, 0.0023620117605822567], [0.0247985492854531, 0.18174225359062093, 0.5661303644838009, 0.22732883264012513], [0.44066850843010213, 0.018472815805198772, 0.012287662957248953, 0.5285710128074502], [0.0003757780382761554, 0.8581397889823711, 0.03259817071043862, 0.10888626226891415], [0.21144762884600574, 0.516102759778764, 0.27101983236512117, 0.0014297790101091448], [0.022106494093173425, 0.02365004557433473, 0.0003976114970761064, 0.9538458488354158], [0.00022419424320753843, 0.43450125755406344, 0.0490451057906907, 0.5162294424120383], [0.00012627505052840803, 0.31943390461007515, 0.42481854577566097, 0.25562127456373557], [0.33313693421984536, 0.666390679274587, 7.84312859795416e-07, 0.0004716021927080105], [0.0023155638328001982, 0.027304566499571165, 0.9605895849314416, 0.009790284736186917], [0.6102006079884211, 0.3424145561695767, 0.04709468314296952, 0.0002901526990324713], [8.673484035823928e-05, 0.9998125128943349, 5.034237793120705e-05, 5.0409887375505404e-05], [0.0011983136867327337, 0.9885121932729105, 0.0007918382956994075, 0.009497654744657351], [0.08285371740478811, 0.00806376609790603, 0.009892232528131687, 0.8991902839691741], [0.43408363707700187, 0.5653055750188801, 0.00022269076353382525, 0.0003880971405841385], [0.0002932428901749649, 0.9922680093492463, 0.007243381480257353, 0.00019536628032136309], [0.033010704127323376, 0.06112261272133609, 0.521503849323998, 0.38436283382734254], [0.9465899620285912, 0.00013424328860883579, 4.259641199735372e-05, 0.053233198270802515], [0.7968366001548755, 0.014517001863794642, 0.0004740762865451019, 0.1881723216947849], [0.0003155664386252846, 0.43204212241085554, 0.567338585496431, 0.00030372565408810277], [0.0001345768712230759, 0.14685471267572767, 0.8529479170177829, 6.27934352663537e-05], [0.09102660505665641, 0.02014786542201552, 0.0013563212490913664, 0.8874692082722367], [0.03258524700220135, 0.20255515853948444, 0.0029163454582109313, 0.7619432490001031], [0.27915797567880585, 0.35214081940736797, 0.36868341489271095, 1.779002111526151e-05], [4.140020255914662e-05, 7.033260553430845e-05, 0.9998870527365902, 1.214455316329611e-06], [0.21396906206680272, 0.006581861408891646, 0.01054857211347645, 0.7689005044108291], [0.36259218159381573, 0.040906088726973495, 0.591043272898171, 0.005458456781039589], [0.04530846410828546, 0.8464197753437922, 0.06696698491054325, 0.04130477563737907], [1.59907448836444e-07, 0.3567401628746389, 0.5395368915120178, 0.1037227857058945], [0.004333606565685711, 0.028701986158308518, 0.010706174673758756, 0.956258232602247], [0.009600250900775466, 5.547840666582559e-06, 0.2907056887188991, 0.6996885125396589], [0.9748597068620496, 0.007631228693717394, 0.0025056148464829885, 0.015003449597749994], [0.0018732773147820615, 0.007900211008668482, 0.00016029429493460916, 0.9900662173816147], [0.07524655608097239, 0.39276222386456344, 2.060604693976196e-06, 0.5319891594497701], [0.9444964769620208, 0.05535756632053061, 9.208899332940535e-05, 5.386772411903406e-05], [0.029886188920236024, 0.6250313195851168, 0.11439136796983088, 0.23069112352481616], [0.9999993021519544, 1.9648298591788476e-07, 5.002388020898986e-07, 1.126257323328318e-09], [0.004696969474874297, 0.022120700799978393, 0.00392942523504271, 0.9692529044901047], [0.7580875978557636, 0.15708937625847275, 3.3652508061330988e-06, 0.08481966063495759], [0.035671809367541905, 0.0017405794112869948, 0.000480838615992721, 0.9621067726051783], [4.8759221883422645e-05, 0.9906275786039709, 0.0027254715628371316, 0.006598190611308486], [0.9865521045838122, 0.004804515995425454, 0.00855863235173763, 8.474706902480071e-05], [0.20212764154428306, 0.5776024301354671, 7.329832179667401e-06, 0.22026259848807025], [0.1167656982923463, 0.330289610528861, 0.5523991120810513, 0.0005455790977412835], [0.8459661862443468, 0.1528224588680523, 0.00044061271499836173, 0.0007707421726023777], [0.04914395175458873, 0.31848406583619615, 0.003172697375717182, 0.6291992850334979], [0.00010041172835567269, 0.557451780223134, 0.19511140887648318, 0.24733639917202724], [0.004679200619162614, 0.44772614653119913, 0.5460034028235987, 0.0015912500260396023], [2.5166786506040305e-05, 0.026954347900342967, 0.6807670944578517, 0.2922533908552993], [0.03853565317536493, 0.24328039924506129, 0.7180249262022028, 0.00015902137737104004], [0.00011989116882381885, 0.0040697610268965794, 0.00016156482105740753, 0.9956487829832222], [0.004091829425280123, 0.9085556216951668, 1.1430469446454717e-05, 0.08734111841010664], [1.258794304009089e-06, 0.9999430918890256, 6.051203391268899e-08, 5.558880463646116e-05], [0.0019407436575717746, 0.4527843838905541, 0.4940406671632218, 0.051234205288652114], [0.8520628471740895, 0.0004906876988459132, 0.0019672308458885505, 0.1454792342811761], [0.028708423747633653, 1.3743828153841902e-05, 6.873196697950056e-05, 0.971209100457233], [0.7618218772008857, 0.1891922346570174, 0.04892811112130862, 5.777702078818192e-05], [0.0023385454776021063, 0.10893813550989076, 0.8886994983781752, 2.3820634332025253e-05], [0.4086161081454305, 0.09223380209399124, 0.0711505935454944, 0.4279994962150838], [0.0012551310104138107, 0.0008913780096149849, 0.0002340368202515952, 0.9976194541597195], [0.00034263684496806145, 0.6050934134084187, 0.31530679816584334, 0.07925715158076978], [0.05517818550503133, 0.9317289926192907, 0.013085165718683168, 7.65615699500699e-06], [0.7547887375944706, 0.08232023768135947, 0.16193876899830872, 0.000952255725861181], [0.022143650399522527, 0.6412650227208645, 0.008577053133401529, 0.32801427374621145], [0.9900416867510379, 3.671692278437817e-05, 0.0002698731985644539, 0.009651723127613214], [0.5106091680098207, 0.01327322591104608, 0.4761023125710249, 1.529350810830701e-05], [0.0563132532751555, 0.010218160410916168, 0.0009575805892442823, 0.9325110057246839], [0.6137036490515394, 0.0010744335805918102, 0.019720846887426327, 0.3655010704804424], [0.26241597816374784, 0.5088000968691947, 0.0843734713289654, 0.144410453638092], [0.0803042658152111, 0.021449245321043454, 0.026112460699186317, 0.8721340281645591], [0.00016224477967342475, 0.9997895633674354, 2.1942142072860232e-05, 2.624971081848213e-05], [0.0005909179684561071, 0.0371058742277562, 0.010332118299341228, 0.9519710895044464], [0.01269774083950345, 0.0004290798353771246, 0.0007935093866785548, 0.986079669938441], [0.012765617661492427, 0.9360448166228915, 0.05118621569420104, 3.350021415146136e-06], [0.9896091070655313, 0.00015332473552665167, 8.01610991142175e-05, 0.010157407099827856], [0.08212900907482615, 0.37997265353458537, 0.5376655701853685, 0.00023276720521991204], [1.4170697438316817e-05, 0.001945215440018162, 5.512180887436746e-05, 0.997985492053669], [0.17340534706648866, 0.0017926559686687554, 1.9354254387897274e-05, 0.8247826427104546], [0.9305602387387887, 0.002790567790823552, 0.05041656430350487, 0.016232629166882787], [0.889472005094607, 0.0007855006240893627, 0.01863280382221093, 0.09110969045909278], [0.9887799939635137, 0.00022639722137671246, 0.007243865118266329, 0.0037497436968432925], [4.192022199603326e-06, 0.04927918684207895, 0.9506451073770293, 7.151375869218952e-05], [0.011504461750887198, 0.7305168641005677, 0.2556528575557448, 0.0023258165928005167], [9.406486844015452e-05, 0.043886707314863264, 0.008479197433317773, 0.9475400303833788], [0.49385817572932383, 0.3066812286952274, 9.844483125743715e-05, 0.19936215074419142], [0.756618491422936, 3.508944905925219e-06, 0.21227621326441432, 0.031101786367743856], [0.002762440600861405, 0.15120697594957505, 0.03177537036378198, 0.8142552130857816], [0.0012251534567037778, 0.0503532592174382, 0.0007782490591520083, 0.947643338266706], [0.6435048283446424, 0.3564236133819108, 6.760656105868088e-05, 3.951712388088348e-06], [0.9957997148431217, 0.0013915949216395925, 8.237787842909112e-05, 0.002726312356809584], [3.53283109383605e-07, 0.9626122457151288, 0.03704554758714031, 0.0003418534146213897], [0.7881636654579014, 0.0013236260092367594, 0.000307942004476721, 0.21020476652838516], [0.0002460344915799733, 0.0008668445259877204, 0.9988827526734309, 4.3683090013196526e-06], [0.02574269217872229, 0.9691735507793351, 1.0655537350458316e-05, 0.005073101504592322], [0.9863086118325569, 0.009173020358924339, 2.864602068629168e-05, 0.004489721787832667], [0.012700770404257156, 0.9385134228701604, 0.02602020430751826, 0.022765602418064166], [0.00494784610943086, 0.975425783702178, 0.00032119603884117647, 0.019305174149550033], [0.9452342669894972, 0.004652393632961431, 0.00014429768341031127, 0.049969041694131085], [0.002575192456975282, 0.00011589802644617836, 7.295115907748252e-07, 0.9973081800049879], [0.00528030145307859, 0.6168526604880316, 0.0015059608261441372, 0.3763610772327457], [0.00030368717574554347, 0.9996919191062182, 3.6833742951931394e-06, 7.103437411031102e-07], [0.0005261221472507504, 8.3841398598557e-06, 0.9499444698218834, 0.04952102389100587], [0.009408756313946765, 0.006927457748577812, 0.0002526050724966261, 0.9834111808649788]]}, "rewritten": {"ids": ["97105580", "97109080", "97112170", "97112290", "97112830", "97113900", "98108370", "98108410", "98109311", "98110230", "98112300", "98112580", "99108080", "99109161", "99109860", "99110730", "99111340", "99112531", "99116500", "100108080", "100109360", "100109801", "100109890", "100109910", "100109980", "100110050", "100111620", "100116500", "100116790", "101108121", "101108290", "101108580", "101109370", "101110200", "101112540", "101116130", "101117580", "102108621", "102110240", "102110690", "102110750", "102113210", "102113981", "103110050", "103111110", "103112641", "103113170", "103113210", "103117200", "104109311", "104111620", "104111780", "104112201", "104113000", "104114230", "104114240", "104114410", "104116980", "105112260", "105113170", "105113260", "105113330", "105113440", "105113620", "105114220", "105115250", "105116090", "105117351", "105118740", "106114280", "106115250", "106116370", "106116820", "106116850", "106119580", "107113130", "107113170", "107113180", "107113200", "107113360", "107116980", "107119390", "107119950", "107120010", "108116070", "108117451", "108118060", "108120060", "108120700", "109113931", "109114270", "109114720", "109116040", "109116810", "109117080", "109117150", "109117600", "109119340", "110114950", "110117080", "110118111", "110118740", "110120560", "110120640", "110121500", "111114121", "111114941", "111116090", "111116640", "111116990", "111118301", "111118820", "111119290", "111119930", "111119950", "111120190", "112116401", "112116610", "112116640", "112117431", "112117471", "112118530", "112118810", "112118860", "112118890", "112119320", "112119930", "112119950", "112120670", "112120990", "112121010", "112121030", "112121430", "113117401", "113117550", "113118111", "113118620", "113119700", "113120540", "113120751", "113121680", "113122170"], "labels": [1, 2, 0, 1, 2, 2, 1, 1, 1, 3, 2, 2, 3, 3, 2, 3, 1, 3, 2, 0, 0, 0, 3, 2, 1, 3, 3, 2, 2, 0, 0, 0, 1, 2, 2, 2, 3, 3, 3, 0, 1, 3, 1, 3, 3, 3, 3, 3, 0, 3, 0, 3, 0, 1, 2, 0, 1, 1, 3, 0, 3, 3, 0, 0, 3, 2, 1, 0, 1, 3, 2, 2, 1, 3, 3, 1, 0, 3, 0, 0, 3, 2, 3, 1, 1, 2, 1, 1, 2, 1, 3, 0, 0, 3, 1, 2, 1, 3, 0, 1, 1, 3, 0, 0, 3, 0, 0, 3, 0, 0, 3, 0, 3, 1, 0, 3, 0, 1, 0, 0, 3, 1, 3, 3, 3, 1, 1, 0, 2, 2, 2, 0, 2, 3, 3, 1, 3, 0, 3, 1, 1, 1], "predicted_labels": [0, 1, 0, 0, 2, 0, 2, 1, 3, 1, 0, 3, 0, 0, 2, 2, 2, 3, 3, 1, 3, 3, 2, 2, 1, 1, 3, 2, 0, 3, 3, 0, 1, 1, 3, 3, 0, 1, 2, 1, 2, 3, 1, 1, 3, 1, 2, 2, 3, 0, 1, 1, 0, 3, 3, 2, 3, 2, 3, 3, 3, 3, 0, 1, 1, 3, 0, 3, 0, 3, 1, 3, 3, 0, 1, 2, 1, 1, 3, 1, 0, 3, 1, 2, 2, 0, 1, 2, 3, 0, 3, 2, 3, 0, 1, 3, 3, 3, 0, 1, 1, 2, 3, 2, 1, 1, 1, 0, 1, 3, 3, 3, 3, 1, 0, 1, 0, 0, 3, 3, 3, 2, 0, 0, 0, 1, 1, 0, 1, 0, 0, 0, 1, 0, 2, 3, 1, 1, 0, 1, 3, 3], "confidence_scores": [[0.9160190387869048, 0.0024030266419043833, 0.08156057341802403, 1.736115316682616e-05], [1.3602643424490333e-06, 0.9723257979208275, 0.00030017342222128163, 0.02737266839260878], [0.989421429356406, 0.005122074398028719, 0.005349051219922835, 0.00010744502564252386], [0.8903207876478259, 0.0004083931545897552, 0.008419267271730277, 0.10085155192585415], [0.0009574214884714221, 0.3679936410176753, 0.6302911922986749, 0.0007577451951783983], [0.7000979660030793, 0.013835837221913167, 0.2859561327859768, 0.00011006398903071542], [1.8484024565818084e-05, 0.0012015062298426015, 0.9885352226866179, 0.010244787058973727], [0.02441199190363563, 0.9752799038950692, 0.00015186504891313211, 0.0001562391523821255], [7.267093585513761e-05, 0.2662024179745096, 0.022973578170000914, 0.7107513329196344], [0.007024817218225358, 0.8785617587200216, 0.00038925197308144725, 0.11402417208867134], [0.6848597550514991, 0.06715616522047715, 0.17843780816077684, 0.06954627156724677], [0.013766505328499807, 0.0012038987629534878, 0.00029097397113079485, 0.984738621937416], [0.9633460060481355, 0.035857958774735604, 0.00010447414985854048, 0.0006915610272705252], [0.9999822800058551, 9.86479937840045e-06, 7.848821154676857e-06, 6.3736117752620695e-09], [0.023953162081161265, 0.30883280151714915, 0.4978482987546208, 0.16936573764706872], [0.021846272292464882, 2.133004130853697e-06, 0.6211313322001113, 0.35702026250329294], [0.00040154362428727614, 0.15437063650296984, 0.5444212170403177, 0.3008066028324252], [0.16221624227189008, 0.0039769051184491856, 5.977420029664322e-05, 0.8337470784093641], [5.549263613199085e-08, 0.3302170419776515, 0.11514222110196287, 0.5546406814277495], [0.004580451531149744, 0.9683469267367136, 5.6825788415892914e-05, 0.027015795943720784], [0.00042567533051379806, 0.08628012788301907, 6.270152919233415e-05, 0.9132314952572748], [2.2333912915668568e-05, 0.0022755459401582424, 8.625733473688448e-05, 0.9976158628121893], [0.22304405194927257, 0.09988865002029053, 0.6750546989876939, 0.0020125990427431605], [0.0002777193610951014, 0.0005400060444313005, 0.9991727522230713, 9.522371402171226e-06], [0.003150563834231026, 0.6947378807522162, 0.04149648803520418, 0.2606150673783486], [0.03387590076604072, 0.6559259738267426, 0.0017235836491669826, 0.3084745417580497], [0.0026318985708356176, 0.0013877862569853484, 0.2804880754065112, 0.7154922397656678], [4.73432073521868e-05, 0.039759289181211556, 0.6629463783970715, 0.2972469892143648], [0.6448781714891134, 0.27179517464312714, 0.07654394591713252, 0.006782707950627055], [0.0011730405789831594, 0.0005920820767027278, 4.96500045625275e-05, 0.9981852273397515], [0.0014440512241701605, 2.9462090335622168e-05, 0.00021679529367762292, 0.9983096913918166], [0.792720405345635, 0.0006514740215870881, 0.02186947289426496, 0.18475864773851305], [1.3009670726778355e-05, 0.9219422785400831, 0.0016343567990350456, 0.0764103549901549], [1.0744419339617644e-06, 0.9996774835812512, 2.4731756510362313e-07, 0.00032119465924954066], [0.0012499532666013884, 0.43238064778570146, 0.12987602913527413, 0.436493369812423], [0.007848221744850213, 0.19407992099345345, 0.16065821556523288, 0.6374136416964635], [0.7219556023383643, 0.03510203980746021, 9.290127512557615e-06, 0.24293306772666295], [7.290926314218393e-06, 0.9810932885586133, 0.012304012247683307, 0.00659540826738913], [0.011611340565373711, 8.395756555486031e-06, 0.9383002237594186, 0.05008003991865236], [0.2531438281011223, 0.7393990902935462, 6.400313363045116e-07, 0.007456441573995186], [0.015947087749383346, 0.05070098126133265, 0.933283840897599, 6.809009168502907e-05], [0.007954982215069389, 0.21448355531052252, 0.003218269425304486, 0.7743431930491036], [7.34125985003095e-05, 0.9410715533498746, 0.0005104561170393956, 0.05834457793458584], [0.0005290780516762157, 0.7884422787072509, 0.1644737603943818, 0.04655488284669092], [0.00989207252968918, 2.5783957670118527e-05, 2.9427854232079302e-08, 0.9900821140847865], [0.008679348530015112, 0.8309085424338162, 0.16004228739056342, 0.0003698216456053464], [0.25880822827048083, 0.3010120856816549, 0.43840470934055004, 0.00177497670731416], [0.00035834939445359657, 0.001044749611689745, 0.9921108295645893, 0.006486071429267508], [0.010624745168819427, 0.00016798904853790157, 9.960363668773891e-05, 0.9891076621459549], [0.912440173957456, 0.0002125836442765481, 0.00024533521404400426, 0.08710190718422342], [0.02961581534587964, 0.5158176774276207, 4.744136122520032e-07, 0.45456603281288743], [0.00014598436753039229, 0.9977625977043171, 4.204001025699035e-05, 0.0020493779178956573], [0.9262250799978672, 0.05149952344573959, 0.0021800946093037316, 0.020095301947089465], [0.010251135450794136, 9.988528173389255e-06, 0.19671205819796395, 0.7930268178230685], [0.000509345469186529, 0.03038534501110057, 0.006616251247528534, 0.9624890582721845], [0.05493070296234779, 0.0010290674185448288, 0.9124219455149519, 0.03161828410415549], [0.0899206343976782, 0.019329359598284183, 0.016938216991034802, 0.8738117890130029], [0.0004328283151289547, 0.014881586913397499, 0.9823641539900348, 0.002321430781438596], [4.388484915253348e-06, 0.006165223803187904, 0.00035010153559184004, 0.9934802861763049], [6.100785511634451e-06, 0.00010895433803624043, 0.00012920722892712557, 0.9997557376475251], [9.1880746507952e-06, 0.000288828442712728, 4.6304651874437495e-06, 0.9996973530174491], [0.06089927045062451, 0.02946796243946415, 0.00013426637870133902, 0.9094985007312101], [0.8402677062914616, 0.04743143391931022, 0.11094173762973365, 0.001359122159494604], [0.03344133297813125, 0.9664618781997479, 7.670259913294063e-06, 8.911856220764462e-05], [0.005260669833349464, 0.9945759613770823, 1.6352008265229664e-07, 0.00016320526948563984], [0.07578371473360662, 0.009686427184478557, 0.023597282491455884, 0.8909325755904589], [0.9805951135633765, 0.01746473539679227, 6.938285006802597e-05, 0.0018707681897631595], [0.004661124401470176, 0.004976255019339981, 0.00014253039267085433, 0.990220090186519], [0.5001009904196396, 0.005491454169950012, 0.3600821392583691, 0.1343254161520412], [0.02358457455166105, 0.3769142879151687, 2.5797594768897392e-05, 0.5994753399384014], [0.007749661201869994, 0.8081575420349539, 0.10859641625117672, 0.07549638051199935], [0.0031148445197757366, 0.274355615641535, 0.10756629233603332, 0.614963247502656], [0.26231041978869013, 0.06097070992054089, 0.0003663072590736328, 0.6763525630316953], [0.4964451672247163, 0.0006702413977476279, 0.45298525953341895, 0.0498993318441172], [0.0008813557795144272, 0.7359148335308333, 0.26049380260414334, 0.00271000808550898], [0.042388299312936646, 0.004953785116991635, 0.952636184900902, 2.173066916986988e-05], [0.20596991654350133, 0.7928146758788063, 6.134958148899485e-06, 0.0012092726195434005], [0.0005073560325828968, 0.9928370789386195, 0.002113620515229633, 0.004541944513567923], [0.010495301041640018, 1.780029624673996e-05, 6.431831998787637e-05, 0.9894225803421254], [0.0006983626131033268, 0.9898957411349665, 0.00853910330693162, 0.0008667929449986575], [0.9162513614791513, 0.08373508889520441, 3.2254587637269134e-06, 1.0324166880281742e-05], [0.043617467708618726, 0.10585589799879692, 0.37075169749425, 0.4797749367983343], [4.421244432851375e-05, 0.8218574816651781, 0.1580795369966289, 0.02001876889386447], [0.0026684416429339827, 0.2567567706130493, 0.7403005324862767, 0.0002742552577399807], [0.00039812869616238553, 0.0008407924810079695, 0.9987298184201275, 3.1260402701985015e-05], [0.9996068505502389, 2.8532662860946744e-07, 7.169777150563541e-09, 0.00039285695335532], [0.0010445853330073426, 0.998804847615336, 0.00014232207425645158, 8.24497740033336e-06], [0.00010398625976029384, 0.11684977944136105, 0.8825097642383555, 0.0005364700605231218], [0.3025209049386397, 0.017142231323534127, 0.010607529229777656, 0.6697293345080486], [0.6915347213289836, 0.003472646826010672, 4.699406160078054e-06, 0.30498793243884564], [0.029580537913214053, 0.16628209521629506, 0.23370491336592644, 0.5704324535045645], [0.0005023889867775922, 0.05968760601364099, 0.6459885173750526, 0.2938214876245288], [0.012736213601379854, 0.020380390451846673, 1.3911388540749663e-05, 0.9668694845582327], [0.8995859547784966, 0.09884774498564641, 0.00012805079559021152, 0.001438249440266869], [0.00046539027174866186, 0.9948603529420527, 0.004568965238078223, 0.00010529154812038951], [0.08328324658851585, 0.09505248181947429, 0.01090771037310974, 0.8107565612189], [0.0018821099678620976, 0.001555456848992624, 0.0001920898994487138, 0.9963703432836966], [0.034935354635206535, 0.0020350847097864028, 0.00645547346660595, 0.956574087188401], [0.9427060807010786, 0.002661185158074566, 0.0003385063337817277, 0.054294227807065186], [0.004100600322017528, 0.5175890199329366, 0.3394668922607526, 0.13884348748429332], [0.06413475532626939, 0.93522615962753, 1.2364032307326342e-07, 0.0006389614058775494], [0.2688478187006368, 0.00016373998104869152, 0.39810587288065996, 0.3328825684376545], [0.00037424600291663103, 0.000559558184955668, 4.821969419375335e-05, 0.999017976117934], [0.3015578434337528, 0.0938056721614792, 0.6021014100630964, 0.0025350743416717738], [0.021233325520100852, 0.6388252807876728, 4.23953760691353e-07, 0.3399409697384656], [1.6508733546235008e-06, 0.9996287632794233, 0.0002925663668004851, 7.70194804217305e-05], [0.021226273325913772, 0.6607643688087436, 0.00011250036103194042, 0.3178968575043106], [0.9626710780598977, 9.410396778865688e-05, 7.261641048403687e-05, 0.03716220156182959], [0.01254482998356392, 0.9260969104038407, 0.061351381524757005, 6.878087838353905e-06], [0.0007129847396171309, 0.010832824768881076, 0.04721361952060348, 0.9412405709708982], [1.1587016216546596e-06, 0.002891994204033674, 2.3165300153607703e-06, 0.9971045305643293], [0.03995008444035973, 5.1048459666644574e-05, 5.747855657893839e-07, 0.9599982923144078], [0.0002051573152141227, 0.038127844526658496, 0.0003123133425457349, 0.9613546848155817], [0.47306985957604675, 0.5191487024362982, 0.0017532886579065105, 0.00602814932974865], [0.6736480439539829, 0.0007648071492755525, 0.011639275153433604, 0.3139478737433079], [0.0005947717833774419, 0.9991818956572371, 1.6600266935669888e-05, 0.00020673229244970353], [0.7622494664066342, 0.00024063706310456685, 1.74098033129843e-05, 0.23749248672694834], [0.421160627855236, 0.1854555916326334, 0.17109414515951946, 0.22228963535261115], [0.0529200663224093, 0.001951984039827592, 0.010207977849158464, 0.9349199717886045], [0.0967389646811549, 1.8406516708545894e-05, 1.6616457926225078e-05, 0.9032260123442103], [0.012734200591363716, 0.00027247221949593966, 0.0006229915741407639, 0.9863703356149996], [7.35855100178933e-06, 0.0009009313385376401, 0.9990893760613431, 2.3340491173112586e-06], [0.8286940503578454, 0.1697487562085119, 0.0003149940413019325, 0.001242199392340802], [0.9998874048020692, 1.1630295012368925e-05, 9.633061687227362e-06, 9.133184123114534e-05], [0.5941203585093884, 5.329366034038e-06, 1.3802343277126864e-06, 0.40587293189024987], [3.209523354441365e-07, 0.910474140556854, 0.0893224902362791, 0.00020304825453128504], [0.00025576603058824953, 0.9664097955749372, 0.0316502595844093, 0.0016841788100652032], [0.652056510298612, 0.007405447651696397, 0.0039000658950853083, 0.33663797615460633], [0.0038695212735011426, 0.9865698149916532, 0.009560172206961969, 4.915278837697464e-07], [0.7100205489424842, 0.2898801184057447, 3.41330208719355e-05, 6.519963089907612e-05], [0.5827687671574305, 0.04570273050990468, 0.03201118123822947, 0.3395173210944354], [0.9091987730278936, 0.0009387505129850301, 0.004000584652670686, 0.08586189180645074], [0.0037912104545452774, 0.8824383060277418, 0.0036636286271285057, 0.11010685489058455], [0.9485205831139448, 0.023477078195851844, 0.02293982853930748, 0.005062510150895887], [0.0013198654741222754, 0.002410533061425741, 0.9957904147780777, 0.00047918668637430813], [0.001219463114850583, 0.06426537410075052, 0.016806804927255156, 0.9177083578571438], [0.10950523953721887, 0.8884473950073305, 2.6914833516515388e-05, 0.0020204506219340668], [8.365130678171859e-05, 0.9997233048361578, 8.528519287670698e-06, 0.0001845153377728585], [0.9506455723664109, 0.0011534778411156936, 0.002003068689259392, 0.04619788110321397], [0.12245369135679705, 0.8657276966746573, 0.0013271769771828084, 0.010491434991362842], [2.242914682789659e-05, 0.02452315767925494, 0.09728372380762783, 0.8781706893662894], [0.003111423834433646, 0.1482342468107149, 0.019020841998628517, 0.8296334873562229]]}}