{"test": {"ids": ["97114170", "109116930", "111115400", "113122150", "110117080", "111114941", "106114150", "97111790", "111119300", "113117630", "109120621", "98116940", "99109860", "112118511", "104119340", "98109090", "99109161", "111121220", "111117200", "110119891", "105116090", "99107560", "111116290", "98110710", "101108080", "99108330", "113120601", "99112300", "104111531", "97116790", "97106770", "111114121", "105119550", "103113270", "113120640", "98111620", "102107961", "108121351", "102110850", "97116500", "108118301", "97112300", "112119500", "104117630", "98112170", "98112300", "102110500", "109117730", "101111620", "107114280", "99114890", "109117271", "100115700", "112116640", "104113210", "105111990", "110117870", "99108000", "112118161", "112121351", "103117461", "109118701", "108113480", "110118181", "97107920", "100113370", "98108970", "108113760", "97110950", "107119130", "98108580", "104113190", "99112840", "113118690", "111119930", "110118701", "113121010", "113121190", "112118421", "99107640", "99109141", "98111670", "109119450", "97109080", "112119320", "103110100", "109121410", "103110050", "110116170", "100109360", "113122170", "107114490", "109118820", "111116640", "112116990", "109115070", "97107950", "99107300", "108118630", "99109840", "99111930", "108121160", "101108370", "110115250", "102114270", "97112170", "103110760", "113118620", "111121190", "104110960", "107116980", "113119300", "112118810", "111116170", "113121980", "106115250", "113121680", "107112850", "99107500", "102121440", "107113260", "106117790", "101111140", "98116090", "112120700", "101108121", "101110150", "110114920", "102108621", "110113931", "111114321", "112118930", "102110750", "102121700", "107117010", "113120280", "101114020", "107113170", "102111990", "107120130", "104114230", "112116451"], "labels": [2, 0, 0, 2, 1, 0, 1, 2, 1, 0, 1, 2, 2, 1, 1, 1, 3, 3, 0, 3, 1, 1, 2, 2, 0, 1, 2, 0, 0, 2, 3, 0, 1, 2, 0, 3, 3, 3, 3, 2, 1, 2, 2, 0, 3, 2, 3, 3, 3, 3, 2, 0, 1, 0, 3, 2, 3, 2, 0, 0, 0, 3, 0, 1, 0, 3, 3, 1, 3, 1, 0, 3, 2, 3, 1, 3, 2, 1, 3, 1, 3, 1, 3, 2, 1, 1, 0, 3, 0, 0, 1, 3, 3, 0, 0, 0, 2, 3, 1, 2, 1, 2, 1, 1, 3, 0, 1, 3, 1, 2, 3, 1, 3, 0, 2, 2, 1, 1, 0, 2, 0, 1, 2, 0, 2, 0, 1, 3, 3, 1, 1, 1, 1, 1, 1, 0, 3, 0, 2, 2, 2, 0], "predicted_labels": [1, 2, 0, 2, 2, 3, 3, 3, 3, 3, 0, 1, 2, 1, 3, 2, 0, 0, 1, 1, 3, 1, 0, 1, 3, 0, 2, 2, 0, 2, 3, 1, 3, 2, 3, 2, 1, 3, 1, 2, 3, 1, 1, 0, 3, 3, 2, 0, 0, 1, 1, 3, 0, 0, 0, 0, 3, 1, 3, 0, 3, 3, 3, 0, 1, 1, 1, 1, 3, 1, 2, 3, 3, 1, 1, 0, 1, 1, 1, 3, 1, 3, 3, 3, 2, 0, 0, 1, 0, 3, 3, 3, 3, 2, 0, 1, 3, 0, 1, 2, 1, 0, 0, 3, 1, 0, 1, 1, 3, 2, 0, 3, 0, 0, 3, 1, 1, 0, 2, 3, 2, 0, 0, 0, 2, 3, 3, 1, 0, 3, 1, 3, 1, 1, 1, 3, 3, 1, 2, 1, 2, 0], "confidence_scores": [[7.06590826307463e-10, 0.9969800531871962, 1.4807758735563946e-05, 0.0030051383474776327], [0.058204189760853536, 4.01032231651131e-05, 0.9417269415216628, 2.876549431875679e-05], [0.999305768587099, 0.00028909711971621317, 0.00038355350363374334, 2.1580789551043577e-05], [0.010691302377907679, 0.007133496451080944, 0.9807358397382002, 0.0014393614328113075], [0.0003733877895778714, 0.17801643336142486, 0.6754771729838317, 0.1461330058651655], [0.13967921430897517, 0.0007015782336332303, 1.008170796009773e-06, 0.8596181992865957], [0.41787756023664124, 0.09209269841321475, 0.02242369061413338, 0.46760605073601047], [0.0004368417183484386, 2.501587299525509e-07, 0.005160130208059429, 0.9944027779148621], [2.4839073534004807e-09, 1.399679121358968e-10, 1.5989030372807044e-09, 0.9999999957772217], [9.356293671701961e-05, 0.0008688308409101508, 0.0015397862796672054, 0.9974978199427057], [0.7057301528248028, 0.0005284675756915052, 2.7335114613279308e-05, 0.2937140444848926], [0.0002498407751857462, 0.9996265684155863, 2.903749226893775e-05, 9.455331695916169e-05], [2.0668098127316788e-06, 0.0015404745260310503, 0.989451106288707, 0.00900635237544929], [0.00012220563969929157, 0.8969799958403475, 0.002186224341190435, 0.10071157417876272], [0.17858401669306231, 0.0007807806738230423, 0.0010380089358069918, 0.8195971936973078], [6.418300892370005e-05, 2.0565985138216178e-05, 0.9787419885989348, 0.021173262407003256], [0.9999852234245858, 2.534119131961129e-06, 9.806427308912022e-06, 2.4360289733271487e-06], [0.9374113001164599, 0.053977051046062145, 0.0009491999082293939, 0.007662448929248645], [0.006348104349089287, 0.6152790276709692, 6.911394127269689e-08, 0.3783727988660003], [0.0026591406177806135, 0.7789864021156105, 0.13134963366990834, 0.0870048235967005], [0.4347530694374996, 0.0010494043070281426, 0.0004422392018952727, 0.563755287053577], [0.028159810221822495, 0.96212218513997, 8.22571668340852e-06, 0.009709778921524153], [0.9936273876693783, 0.0007939753718568122, 0.0029155573619434817, 0.0026630795968213762], [0.000149860570366861, 0.935377348217248, 1.3182082825415636e-05, 0.06445960912955968], [0.00016312305726588858, 0.07506569960390289, 3.494571743390097e-08, 0.9247711423931139], [0.9165910903979049, 0.008695985237098856, 0.0747019082334933, 1.1016131502986757e-05], [0.0039599737160109115, 0.0034278417098275965, 0.9926094284423201, 2.756131841199421e-06], [0.0006306131529789444, 0.00016378559770241524, 0.7236414251877271, 0.27556417606159156], [0.7352164948960144, 0.06188829637491201, 0.05211266488182175, 0.15078254384725193], [0.0010086462423508436, 1.5449537154125554e-06, 0.9947992270070832, 0.004190581796850672], [0.3025115380483076, 0.04881022687850298, 0.07120444496427393, 0.5774737901089155], [6.826046982381094e-10, 0.9999994002502102, 1.8074144305925215e-08, 5.809930410502863e-07], [0.0018741718393687538, 0.39720193725597935, 6.8557710009875865e-06, 0.6009170351336509], [2.0106490977775004e-06, 3.018885970018803e-05, 0.9999294578597769, 3.834263142503982e-05], [0.0003284627571672663, 0.03864744937918937, 0.06758969468189917, 0.8934343931817442], [3.906962030729093e-05, 0.0019455819690792334, 0.9971899921714551, 0.000825356239158343], [6.053876600071761e-07, 0.9999973431096093, 7.55102783441139e-07, 1.2963999472631292e-06], [6.885383853482357e-07, 9.388768892121664e-07, 1.0177629952267385e-09, 0.9999983715669624], [0.047915409989305165, 0.552203081323413, 0.3991638157926546, 0.0007176928946272944], [0.01569640954139233, 0.010487126685369762, 0.7177623345010815, 0.2560541292721564], [3.5129254583857465e-06, 9.235619622064914e-07, 3.4140183927643863e-06, 0.9999921494941866], [0.321571996377534, 0.5287770706312652, 0.094228001534759, 0.055422931456441935], [2.7700768630474344e-09, 0.997163142898711, 0.0028365209736986056, 3.3335751336994116e-07], [0.9999997780579257, 5.197805402100423e-11, 5.388209823292424e-11, 2.2183621436771957e-07], [0.056512171500967386, 8.175252516075375e-05, 0.08471649672056614, 0.8586895792533058], [0.00023028197945068152, 4.353081972593103e-06, 0.0007782196711473552, 0.9989871452674294], [0.18927878582545626, 7.629900977909205e-06, 0.6707970204942183, 0.13991656377934744], [0.9961534507032715, 0.00028935279896511964, 5.796137345405902e-07, 0.0035566168840287984], [0.9996263246261079, 4.477135541909942e-12, 4.993811285494254e-05, 0.00032373725656004084], [0.0025734711453802104, 0.9928265207490147, 0.004350080938327766, 0.0002499271672775594], [1.5447900262904634e-07, 0.4933799642268629, 0.4708564288323381, 0.03576345246179639], [0.0022959658186736272, 0.004024432092964277, 8.137067334118152e-06, 0.9936714650210279], [0.5872939558936026, 0.00024018644814082882, 0.04137466615156633, 0.3710911915066902], [0.5457908044170046, 2.5947271704694464e-06, 0.03674997380533511, 0.41745662705048997], [0.9975201126871241, 0.00029499614790487054, 0.0008369147675815483, 0.0013479763973893038], [0.9879253084028089, 0.01038628408403323, 1.9493831406730115e-05, 0.001668913681750927], [2.128052841321584e-08, 0.0026827446426313734, 0.00020824847258570675, 0.9971089856042546], [1.9885247402762914e-08, 0.949755259056167, 0.04960795225952516, 0.0006367687990604375], [0.0007910121072122375, 0.0036433991196150022, 6.551310989791931e-08, 0.9955655232600628], [0.9999866287503054, 5.778675122105688e-11, 3.2032382483766324e-10, 1.3370871583838723e-05], [0.001946738444779353, 0.3775100348532181, 0.03510908845735079, 0.5854341382446518], [4.137685194395195e-06, 1.4649284796287335e-07, 4.759797400193372e-07, 0.9999952398422176], [0.48862092139210755, 6.7080069875421435e-06, 1.017596233485686e-05, 0.5113621946385701], [0.9893612610064157, 0.00030531882266780384, 0.00031524193064423535, 0.01001817824027229], [0.2876782521106918, 0.443585210896126, 0.01712746585922935, 0.25160907113395287], [0.0256865205435599, 0.91883431415747, 0.0012129697920924545, 0.05426619550687767], [0.000524758829221126, 0.7685216819956855, 0.21955015694059965, 0.011403402234493766], [0.0003163117910242699, 0.9996836101708145, 2.6066193761101017e-09, 7.543154183558408e-08], [0.005244287776961034, 0.00016259213925783032, 0.0019836665467322136, 0.9926094535370489], [9.383513344192236e-05, 0.999895324878874, 3.647209618168659e-06, 7.192778065899949e-06], [0.18589623232972927, 0.0015594226034462133, 0.8125436773896973, 6.676771272159538e-07], [0.0007428824448931619, 0.07009239939362544, 4.244664330053253e-05, 0.9291222715181808], [6.317771568273637e-06, 0.18949457150912413, 0.002212880136167334, 0.8082862305831402], [9.437496036823756e-07, 0.9974991451005815, 0.0024732611401697977, 2.6650009645120864e-05], [0.08287655477745214, 0.6532386544124754, 6.75615145197902e-05, 0.2638172292955527], [0.9987056409861166, 1.5482833534244543e-07, 0.0003941704606270716, 0.000900033724920927], [3.860789544157296e-05, 0.6444629128577156, 0.023822980289761403, 0.33167549895708137], [0.05634237383977708, 0.9255240645974275, 0.00023897043208976655, 0.017894591130705444], [0.07596845009825559, 0.6065901985270229, 0.0001388079820368923, 0.31730254339268466], [3.111316640840064e-08, 1.9797970251866325e-06, 3.3290803888416e-06, 0.9999946600094196], [0.35282217230608304, 0.5240560697939544, 0.10665202909380588, 0.01646972880615654], [1.7228312000677545e-06, 4.01041913992744e-05, 3.538156119529543e-06, 0.9999546348212811], [1.4876422414411417e-07, 2.621427818212975e-06, 0.014370362241094089, 0.9856268675668637], [1.754950209507261e-08, 0.4355218954880311, 0.006753521042111657, 0.5577245659203551], [4.056469665904325e-09, 0.0008843501584489318, 0.9987452039878432, 0.00037044179723826423], [0.9200738168408732, 0.002031813993239722, 0.07028061336640469, 0.0076137557994824445], [0.9813405008166326, 2.74745975045854e-05, 9.105605288846479e-07, 0.018631114025333753], [1.4235207290746197e-06, 0.9688609126460745, 7.519826606229033e-05, 0.031062465567133966], [0.9997840016559623, 4.214552610028367e-05, 0.00016857452718849729, 5.278290749045613e-06], [0.04802009998443, 1.54500146442161e-05, 0.010949509640048186, 0.9410149403608775], [3.566631758643578e-07, 0.0028555345466407577, 3.0162748107688997e-05, 0.9971139460420756], [0.005131187399541519, 0.1439437473755072, 0.018934540329678527, 0.8319905248952727], [9.295015514502292e-06, 0.0013006736686774164, 0.00014221724952826481, 0.9985478140662799], [0.4152607650329331, 0.02400386764331811, 0.5607124124087522, 2.2954914996534104e-05], [0.9909316771802593, 7.01110767450453e-08, 0.004934360516339611, 0.0041338921923244], [2.0974592439563305e-05, 0.9950324072030093, 0.00023819344523257562, 0.004708424759318367], [8.097858723857817e-05, 0.00016912594853252038, 4.850947957006353e-05, 0.9997013859846589], [0.9991420263123814, 0.0005557516976006895, 3.899093096038217e-08, 0.00030218299908707876], [1.5075777422581464e-05, 0.9988862381336345, 7.458470648644282e-05, 0.0010241013824563274], [0.0004743491744072017, 0.06792507597653427, 0.9276497156293876, 0.003950859219670737], [3.3774485928360674e-06, 0.9985035404786552, 0.0014122592800888067, 8.082279266337304e-05], [0.9604129853698897, 0.039549867226141, 3.120975229944113e-05, 5.93765166979025e-06], [0.9938606795543543, 5.5562143203266446e-05, 0.005720573992909634, 0.00036318430953267034], [0.0006180835855945409, 0.004553708746990318, 0.0002912821013545598, 0.9945369255660605], [0.00045341747961190554, 0.9995445630763862, 1.96271477993032e-06, 5.672922202756718e-08], [0.9959930520074107, 1.1812122373971299e-07, 0.0037853539733140947, 0.00022147589805133122], [0.21576231698189394, 0.7430883823661646, 0.020245182090030463, 0.020904118561910986], [3.161786446567954e-07, 0.9999996837927149, 1.6503375046225035e-11, 1.2137030486403856e-11], [0.009896381784778889, 0.0008194223201537302, 0.3955525185271586, 0.5937316773679088], [0.1451623641990706, 0.010423569203322857, 0.7915843134754066, 0.052829753122199966], [0.8781410710543118, 0.12043523769419659, 0.001387866987811236, 3.582426368021504e-05], [9.931175759066539e-08, 2.516239871264671e-09, 1.3575230740108668e-09, 0.9999998968144794], [0.9750000252477035, 0.001782578003565425, 6.515522163659383e-05, 0.02315224152709456], [0.919454597013074, 0.0003464585691523084, 3.771986063388281e-12, 0.08019894441400148], [5.518721541477373e-07, 0.0034332248896049907, 1.8562845913403783e-06, 0.9965643669536496], [0.00017822297835689833, 0.9992739644815676, 0.0005113736062818008, 3.6438933793926914e-05], [6.19062744910156e-07, 0.9302011452395441, 0.04006131580439327, 0.029736919893317667], [0.7507092561276011, 0.2008095236743397, 0.002484912354047391, 0.04599630784401187], [3.6651882733683274e-05, 0.093544981824819, 0.904849461569037, 0.0015689047234101804], [0.2082036295581894, 0.05273917272124631, 0.11365012006353033, 0.625407077657034], [0.0016455046065420097, 0.11690724454944097, 0.8521898057290126, 0.02925744511500447], [0.44884993739476375, 0.14319406047418057, 0.35700253905732426, 0.05095346307373145], [0.9489193210048671, 0.0005732372749890937, 0.0016356599578453064, 0.04887178176229829], [0.9967581051879298, 0.0031067808289892557, 0.00013507630263357475, 3.768044741733058e-08], [2.696402324368495e-07, 0.00048255965815564486, 0.9977951435002225, 0.001722027201389632], [0.00013595748104445207, 0.0132285086705393, 0.0002832782748388743, 0.9863522555735773], [4.187082285661069e-06, 2.142482922268697e-05, 2.0486738842952094e-07, 0.9999741832211033], [0.0015588232160652948, 0.9883891873410264, 0.010019067517167732, 3.292192574030525e-05], [0.6142431759920415, 2.579633324973285e-05, 3.3593953084380355e-07, 0.38573069173517793], [3.7538277573429e-05, 0.024718304019244765, 9.546043194750185e-05, 0.9751486972712344], [0.11290390950281359, 0.6122061072181401, 0.27488983161123626, 1.516678100996773e-07], [0.16348060974097528, 0.0024132069019357836, 1.1912742824154315e-05, 0.8340942706142649], [0.0006243298026314438, 0.9916456054189794, 0.007730036016233242, 2.876215584464625e-08], [0.07524551160317972, 0.758492610310396, 0.16612166355625343, 0.0001402145301710007], [1.7862948648184676e-07, 0.9949792878732994, 0.004578634581559722, 0.0004418989156544486], [0.4041035910830388, 8.626091110410175e-05, 2.267199522470329e-05, 0.5957874760106323], [0.005107502449192499, 0.001560676495226238, 0.03499018001783135, 0.9583416410377499], [0.3911139654374892, 0.608534659620158, 6.238982619570479e-06, 0.00034513595973330546], [0.11905860837775047, 1.1195021657783386e-08, 0.8809351712593106, 6.2091679173350305e-06], [0.0008691201173779169, 0.9641110985081401, 0.035017437228202476, 2.3441462796219847e-06], [3.9574643085343155e-06, 0.008727587475014141, 0.809580767000855, 0.18168768805982222], [0.6861498252782373, 0.31312280217814487, 3.5158278439518916e-06, 0.0007238567157739376]]}, "rewritten": {"ids": ["97106770", "97107920", "97107950", "97109080", "97110950", "97111790", "97112170", "97112300", "97114170", "97116500", "97116790", "98108580", "98108970", "98109090", "98110710", "98111620", "98111670", "98112170", "98112300", "98116090", "98116940", "99107300", "99107500", "99107560", "99107640", "99108000", "99108330", "99109141", "99109161", "99109840", "99109860", "99111930", "99112300", "99112840", "99114890", "100109360", "100113370", "100115700", "101108080", "101108121", "101108370", "101110150", "101111140", "101111620", "101114020", "102107961", "102108621", "102110500", "102110750", "102110850", "102111990", "102114270", "102121440", "102121700", "103110050", "103110100", "103110760", "103113270", "103117461", "104110960", "104111531", "104113190", "104113210", "104114230", "104117630", "104119340", "105111990", "105116090", "105119550", "106114150", "106115250", "106117790", "107112850", "107113170", "107113260", "107114280", "107114490", "107116980", "107117010", "107119130", "107120130", "108113480", "108113760", "108118301", "108118630", "108121160", "108121351", "109115070", "109116930", "109117271", "109117730", "109118701", "109118820", "109119450", "109120621", "109121410", "110113931", "110114920", "110115250", "110116170", "110117080", "110117870", "110118181", "110118701", "110119891", "111114121", "111114321", "111114941", "111115400", "111116170", "111116290", "111116640", "111117200", "111119300", "111119930", "111121190", "111121220", "112116451", "112116640", "112116990", "112118161", "112118421", "112118511", "112118810", "112118930", "112119320", "112119500", "112120700", "112121351", "113117630", "113118620", "113118690", "113119300", "113120280", "113120601", "113120640", "113121010", "113121190", "113121680", "113121980", "113122150", "113122170"], "labels": [3, 0, 2, 2, 3, 2, 0, 2, 2, 2, 2, 0, 3, 1, 2, 3, 1, 3, 2, 0, 2, 3, 0, 1, 1, 2, 1, 3, 3, 2, 2, 1, 0, 2, 2, 0, 3, 1, 0, 0, 1, 1, 2, 3, 3, 3, 3, 3, 1, 3, 2, 3, 2, 1, 3, 1, 1, 2, 0, 2, 0, 3, 3, 2, 0, 1, 2, 1, 1, 1, 2, 1, 1, 0, 0, 3, 3, 3, 1, 1, 2, 0, 1, 1, 1, 2, 3, 0, 0, 0, 3, 3, 3, 3, 1, 0, 1, 3, 1, 0, 1, 3, 1, 3, 3, 0, 1, 0, 0, 0, 2, 0, 0, 1, 1, 1, 3, 0, 0, 0, 0, 3, 1, 3, 1, 1, 2, 2, 0, 0, 3, 3, 1, 0, 2, 0, 2, 1, 1, 2, 2, 1], "predicted_labels": [0, 1, 3, 2, 3, 2, 0, 1, 3, 2, 2, 0, 1, 2, 1, 2, 3, 2, 3, 0, 1, 0, 2, 1, 3, 1, 2, 0, 0, 1, 2, 1, 3, 3, 2, 3, 1, 3, 1, 3, 0, 3, 0, 0, 3, 1, 0, 3, 1, 2, 2, 1, 2, 1, 1, 1, 1, 2, 3, 0, 1, 3, 0, 2, 0, 3, 0, 0, 3, 3, 1, 1, 1, 1, 0, 1, 1, 0, 1, 1, 1, 0, 1, 3, 1, 0, 3, 1, 2, 3, 0, 3, 3, 3, 3, 0, 1, 1, 3, 0, 2, 3, 0, 3, 1, 1, 0, 3, 0, 3, 0, 0, 3, 3, 3, 3, 0, 1, 0, 0, 3, 3, 3, 3, 0, 2, 2, 2, 0, 3, 1, 1, 3, 3, 2, 1, 3, 1, 1, 3, 2, 3], "confidence_scores": [[0.8623108865912664, 0.005726797930042305, 0.017116615996200832, 0.11484569948249038], [0.039736484362433704, 0.8079980956820376, 0.07776954421431391, 0.07449587574121477], [1.1393813867478385e-06, 0.00036608138556340237, 3.2632912518169575e-07, 0.9996324529039247], [1.7916614349524676e-07, 0.1399031160465252, 0.7824857021507475, 0.07761100263658362], [0.07497864540391178, 0.0019715100450464246, 0.00016424837064316392, 0.9228855961803987], [0.0033260844789436243, 7.253888579628906e-06, 0.7475520349676087, 0.24911462666486814], [0.9990332097299646, 4.8777649692159715e-08, 0.0009561425588200692, 1.0598933565558229e-05], [0.32157772895577985, 0.5168937736475395, 0.003936315211172255, 0.15759218218550833], [1.2321455481763302e-09, 0.4813035270190156, 6.7426435184192865e-06, 0.5186897291053205], [0.004126633641863452, 0.027653211196175774, 0.9668874943761078, 0.0013326607858528724], [0.015119421507466514, 0.003024090156942664, 0.8423455060878666, 0.13951098224772435], [0.5675305239649281, 0.002464785045852789, 0.4300042871033409, 4.038858781020103e-07], [2.6827428270223194e-08, 0.9988253053483445, 0.0011715675411641943, 3.100283063228295e-06], [5.158529715121931e-06, 6.449044680853714e-05, 0.9195753039831973, 0.08035504704027893], [0.0007657840897459013, 0.9981368070073001, 4.782775994374812e-07, 0.001096930625354624], [0.0004129769773176536, 6.300448926300077e-05, 0.9995137789200358, 1.0239613383467417e-05], [2.376914423678363e-06, 0.0036975897779899358, 0.0005129324244775249, 0.9957871008831088], [0.10177900569990209, 0.0045604927395348676, 0.8296696322200422, 0.06399086934052087], [0.0008220170531842213, 2.2720698372122642e-07, 0.002173126511015502, 0.9970046292288165], [0.9847886703203603, 0.015077540034811652, 3.402584141431222e-05, 9.976380341398782e-05], [0.0158496175508467, 0.9840542785655627, 4.3415273973222805e-07, 9.566973085090118e-05], [0.9999791107930303, 2.7083311006909317e-06, 1.4342646830165597e-09, 1.8179441604208e-05], [1.4077433171024664e-08, 0.39977607747874155, 0.5951594056935188, 0.005064502750306563], [0.04876949837155807, 0.9509868842821959, 3.854806475314424e-06, 0.00023976253977089652], [9.491064581718098e-08, 1.7264352377437566e-07, 9.86569143106892e-08, 0.9999996337889161], [6.924392268794831e-10, 0.9956155450470894, 0.0034824122664025028, 0.0009020419940689277], [0.019233667725912347, 0.03438966786220524, 0.9462494186947963, 0.00012724571708608212], [0.9648893913378738, 0.03480172726456131, 0.00030145658518794424, 7.424812376884062e-06], [0.9995934645659647, 0.0001890894283584483, 0.00017344390203292138, 4.400210364384421e-05], [1.638847144003402e-05, 0.7464760571916654, 0.23386832393357185, 0.019639230403322563], [1.2663548171092478e-09, 0.012256176032253126, 0.9860248939617575, 0.0017189287396345712], [1.1356209244825539e-05, 0.9977738585028577, 0.002134239292701277, 8.054599519621584e-05], [0.0001206850053137563, 0.001217192735194541, 0.18219821436744071, 0.8164639078920509], [4.737384352698191e-06, 0.15019936680685542, 0.0021176282641576076, 0.8476782675446343], [2.8745447774895906e-07, 0.13538504863873677, 0.6743364305733243, 0.19027823333346114], [0.19552238274518685, 0.0003699951936249947, 0.03709129066988141, 0.7670163313913068], [5.623541941815809e-05, 0.9996366901136255, 2.2177098919968948e-05, 0.0002848973680362935], [0.0019760065569027164, 0.00012829381583786585, 0.4225616601918168, 0.5753340394354427], [0.003628136589909131, 0.844152023057201, 4.6222528934393045e-08, 0.152219794130361], [0.0666245595778004, 0.0072492769444255254, 3.4995679964514124e-05, 0.9260911677978095], [0.9972461709320298, 0.0001587749992752172, 0.0001619116666824742, 0.0024331424020124027], [9.836756319849709e-06, 2.023372266118384e-07, 3.9958696662714706e-07, 0.9999895613194868], [0.9683050514298477, 0.0016151611911374817, 0.0006475842944071925, 0.02943220308460768], [0.9508474822084684, 1.0625987516317933e-10, 0.0009273993249906568, 0.04822511836028116], [0.002145341776536812, 0.00014885763431635336, 0.02477469311103591, 0.9729311074781108], [2.1850034472406354e-05, 0.9892908017358009, 0.000687344580169907, 0.01000000364955697], [0.9854632444824029, 5.729549388204947e-05, 2.5566955368259524e-07, 0.014479204354161506], [0.0007789432589700227, 1.9971356871290632e-07, 0.013266334990761523, 0.9859545220366999], [0.0006087098465432492, 0.9433653105910466, 0.056025956481071795, 2.30813385660419e-08], [0.026067601953234803, 0.46721444784126664, 0.5065859336495326, 0.00013201655596598678], [0.16620792542875243, 4.428080449225992e-08, 0.8337865717699582, 5.458520485057301e-06], [0.006159373266671895, 0.9938303098232688, 4.957635728672056e-06, 5.359274330778619e-06], [0.18087351998107346, 0.08060783246698922, 0.6400421407476083, 0.09847650680432883], [0.004359605119266451, 0.9545646727450281, 0.04106431755118472, 1.1404584520868515e-05], [6.930927600481596e-05, 0.9939509866621221, 7.972430338616389e-05, 0.005899979758486701], [0.40888204247230586, 0.5500810802236088, 0.03763908301794412, 0.0033977942861412656], [0.4597110534425934, 0.47569377873939933, 0.0015434017717530903, 0.06305176604625423], [1.1537463991623714e-08, 9.818574541292546e-05, 0.999673001863967, 0.00022880085315601277], [1.040245685373537e-05, 0.14377251521097678, 0.001293046143619479, 0.85492403618855], [0.7060826700460305, 0.0352353308719527, 0.23979638063214595, 0.018885618449870748], [0.0348267598510771, 0.4909230349382941, 0.2709797635229582, 0.20327044168767056], [0.29943385710667, 0.043325770018247375, 0.000225440245854092, 0.6570149326292285], [0.9971028294841292, 0.0020171581688554364, 0.0006360259902193614, 0.00024398635679595402], [2.8518811219178548e-08, 0.00014542224410014695, 0.8668254338560935, 0.133029115380995], [0.9999907006921847, 9.117361957114877e-08, 4.375866133186895e-10, 9.20769660921278e-06], [0.0074158547705865255, 7.721026292853637e-05, 2.305177745673382e-06, 0.9925046297887392], [0.8833148427897263, 0.11628444541646646, 2.3223627436680977e-06, 0.00039838943106363246], [0.6909680779267215, 0.009079878294273326, 0.00028879614514449014, 0.29966324763386076], [0.0008540965114658246, 0.38901517266264724, 4.955859323808925e-06, 0.6101257749665632], [0.39057085380923834, 0.0008455067913429328, 0.1076241338744419, 0.5009595055249768], [0.00015261596290089684, 0.9998073892359086, 3.987907033041605e-05, 1.1573086010307393e-07], [0.0017370462193015696, 0.9206569205869188, 0.07725009616988791, 0.00035593702389163944], [0.032732081107160145, 0.5954352466772812, 0.018359980717175112, 0.3534726914983836], [0.30566147515481634, 0.6943157994108919, 1.064839531122575e-05, 1.2077038980508081e-05], [0.6468153614928116, 0.1833797652544903, 0.1511516789763076, 0.01865319427639044], [0.011407902730118496, 0.9547322373333569, 0.033551143019409195, 0.0003087169171155719], [0.0015924808251953006, 0.6348575205972682, 0.06363271896635093, 0.2999172796111856], [0.9690828226066143, 0.02128220903119944, 0.009414588340565725, 0.00022038002162060426], [6.013702583189552e-10, 0.9790072617144853, 0.020992264606638295, 4.730775063596642e-07], [4.077010617743255e-06, 0.99998515892822, 2.20791700255494e-06, 8.556144159740654e-06], [7.270439545260118e-05, 0.9942693663025445, 0.005591406196498173, 6.652310550481426e-05], [0.5355818794912224, 0.0001925342446810886, 0.00010596868088922151, 0.4641196175832074], [0.12179420149793393, 0.8782023913118387, 1.6291835132567298e-07, 3.2442718759561805e-06], [4.133128504281046e-05, 1.4635976598275446e-06, 1.656028741921929e-05, 0.9999406448298781], [2.4087123296501137e-05, 0.9996738296651781, 0.0002117778019905423, 9.030540953494449e-05], [0.9998210800310512, 0.0001687497517050253, 2.7033447593309093e-08, 1.0143183796075575e-05], [1.5821249779709164e-05, 2.2068793315581656e-05, 1.3160924218217927e-08, 0.9999620967959805], [5.680972547202023e-06, 0.9961674843352301, 0.002781439859208882, 0.0010453948330137433], [0.14850687270777713, 0.0018474544801211697, 0.8471598870531888, 0.0024857857589128613], [8.009348135061783e-06, 1.3843921870026033e-06, 7.442038673159917e-07, 0.9999898620558106], [0.5018906242036665, 0.007993002195476112, 0.000531380672678647, 0.4895849929281787], [0.0013961989160188129, 4.304238723588605e-05, 4.2660090229600023e-07, 0.998560332095843], [0.0001211048076081265, 8.766125303921171e-05, 0.00015906286240667002, 0.999632171076946], [1.691376423194932e-07, 4.780141386219913e-06, 0.1648207389040158, 0.8351743118169557], [0.1929663402756038, 0.00046998578153295453, 1.7821426972082494e-05, 0.8065458525158912], [0.9991585765872858, 1.723296905371438e-06, 4.273961547148229e-06, 0.0008354261542618737], [3.9582415383349174e-10, 0.9908717647356672, 3.9063327837861287e-08, 0.009128195805180771], [0.005055098972275747, 0.9344331065972581, 0.00020298024163488128, 0.06030881418883114], [0.00029636040107862806, 0.0005221682542009125, 9.39369041078777e-06, 0.9991720776543096], [0.9306227333937699, 0.0022172551352185187, 2.914685867775862e-06, 0.06715709678514394], [9.517691720686116e-05, 0.002723698762731096, 0.9933700940887674, 0.003811030231294626], [4.252402072341672e-08, 0.025141632285936473, 0.0044904059870883965, 0.9703679192029545], [0.962827322675662, 0.00021743326241880457, 3.792866703245959e-07, 0.036954864775249015], [0.4702934461971431, 2.562873092358325e-05, 0.012383177693581162, 0.5172977473783521], [2.555743981048408e-05, 0.8596986559167799, 0.022108327490846416, 0.11816745915256312], [1.8277163514277312e-12, 0.9999999979155489, 1.0748405464920707e-11, 2.071874853458889e-09], [0.7901186575525051, 0.1844468296993136, 0.025434512488232558, 2.599486226943709e-10], [0.0025752269362555955, 4.17949044345381e-06, 3.798705264891876e-08, 0.9974205555862482], [0.9984760338571599, 0.0011843397501074496, 0.00024317547590236964, 9.64509168302655e-05], [0.022026694656728688, 0.2896023464833413, 6.562516159597366e-10, 0.6883709582036783], [0.9970890428353525, 2.2364831324431838e-05, 1.205119622410375e-06, 0.0028873872137006313], [0.6703162157923318, 0.04232515807619825, 0.28731319579183623, 4.5430339633714324e-05], [0.0014026223032591188, 0.33865475601344314, 5.547361246727974e-07, 0.6599420669471732], [4.976333987407033e-09, 8.865978037038575e-08, 7.124496869119728e-07, 0.9999991939141987], [0.17771259015476923, 0.38519136403312404, 1.140752799530409e-05, 0.4370846382841115], [0.00042808904141816717, 4.0525197564429235e-06, 8.115891926802544e-05, 0.9994866995195574], [0.9657332561448431, 0.012073007062145303, 0.00023548196316860987, 0.021958254829842927], [0.1279830467733086, 0.746016041316053, 0.00010846930577664726, 0.12589244260486168], [0.9780177486968333, 7.27420343869415e-08, 0.0005982557401239712, 0.021383922821008164], [0.9970803409055735, 4.156934821633046e-06, 0.0011317890276595886, 0.001783713131945039], [0.0028246473729592017, 0.4215357487991898, 4.1098396314645403e-07, 0.5756391928438879], [0.03492178650469098, 0.0412197047201488, 3.3871652229216194e-05, 0.9238246371229311], [0.0006232117657859732, 0.47793531988152926, 0.026367701464823912, 0.49507376688786087], [0.04036964973535143, 0.0011736530198640975, 7.844515650944224e-06, 0.9584488527291336], [0.887198373398795, 0.0002586009295664029, 0.0006725278101311527, 0.11187049786150731], [8.826160851824113e-08, 0.28844511422227187, 0.6959735595208971, 0.015581237995222517], [4.555311317256375e-06, 0.4979273065421473, 0.5020675532697274, 5.848768079883488e-07], [1.5132287568803388e-06, 0.0018554258451785534, 0.9964598169751505, 0.001683243950914065], [0.999960302686668, 1.6309681979578733e-09, 8.487604116617204e-08, 3.961080632283618e-05], [1.8314014632092173e-05, 0.0013428297905536805, 0.018902756738940835, 0.9797360994558734], [1.7172099619304395e-06, 0.9999982818628376, 7.416592913072238e-10, 1.8554116353311464e-10], [8.635479790790475e-07, 0.9865231683243402, 0.012864793991355034, 0.0006111741363258437], [5.14826864984747e-09, 2.3723236732067786e-09, 2.1645073223865864e-11, 0.9999999924577626], [0.0764755442655808, 4.776591964623644e-06, 2.2129236929713504e-05, 0.9234975499055249], [0.3680055243723867, 0.07214694105144251, 0.5591427934929568, 0.0007047410832140321], [1.9100418076738177e-05, 0.9025797422121541, 0.0802935979475302, 0.01710755942223902], [9.375575914569212e-08, 0.26148550244660435, 0.008787873654820054, 0.7297265301428164], [0.1213619472223487, 0.8548342084161201, 4.0875955066145165e-05, 0.023762968406464916], [1.5506972769419267e-05, 0.4308872693470417, 0.37901499615917666, 0.19008222752101217], [7.567410529621173e-08, 0.01583549959377336, 3.0888316513393856e-07, 0.9841641158489561], [0.006671609620283643, 0.00012120003885058584, 0.988820092145621, 0.00438709819524487], [9.74200252347865e-06, 0.10248197010854168, 0.0017675437802212586, 0.8957407441087136]]}}