{"test": {"ids": ["104111780", "113118111", "112117660", "112120270", "112118930", "113121410", "103120290", "112118421", "111120220", "112120290", "98110810", "105113170", "109117110", "110119030", "111116100", "108120621", "109118161", "107113360", "106116120", "113120070", "106113190", "110117140", "112119500", "105116090", "112116880", "113119950", "109117431", "109116750", "102116340", "110119891", "104113550", "105118171", "105115720", "105115570", "101112540", "101114990", "98108150", "98112580", "106121190", "113121190", "109117271", "108118520", "102110850", "113120260", "100108490", "98107380", "100113210", "104110960", "98108970", "99109910", "106113170", "104116441", "107117010", "111115780", "110117870", "113121750", "100120780", "110116170", "105116501", "101111620", "104113380", "109117630", "108114180", "102111990", "100111080", "100109980", "103110760", "103117200", "113119480", "112119120", "108115500", "107118520", "112118581", "111121930", "103120730", "113118231", "108113480", "108115970", "106117790", "113117550", "113122220", "103110100", "109121410", "112117790", "109119450", "100109890", "105117351", "113120640", "98109570", "107113260", "99109370", "112118620", "100112060", "108116120", "110115120", "101108290", "104111830", "98109230", "100108260", "110114561", "105112130", "112119320", "106113830", "113122150", "102113210", "99112531", "98109311", "104118340", "97112830", "106119580", "113120601", "107113200", "97107040", "105113440", "100109910", "106119260", "101112160", "105110091", "112116501", "99110730", "113120531", "105115900", "111116990", "110115140", "112118530", "102113981", "110118301", "106111321", "101115190", "111116170", "104114740", "100109330", "99105921", "110118181", "109116441", "108120060", "110113591", "109114220", "107115250", "102108621", "108118810", "101116130"], "labels": [3, 1, 0, 0, 1, 0, 2, 3, 3, 1, 1, 0, 1, 0, 3, 1, 0, 0, 1, 2, 0, 3, 2, 1, 0, 0, 1, 0, 3, 3, 1, 3, 1, 0, 2, 3, 0, 2, 2, 1, 0, 0, 3, 3, 2, 1, 0, 2, 3, 2, 0, 1, 1, 1, 3, 0, 1, 0, 1, 3, 1, 0, 1, 2, 0, 1, 1, 0, 3, 1, 3, 2, 1, 1, 1, 3, 0, 2, 1, 3, 1, 1, 0, 3, 3, 3, 0, 0, 1, 0, 1, 3, 2, 1, 0, 0, 3, 1, 3, 0, 1, 1, 1, 2, 3, 3, 1, 2, 2, 3, 2, 0, 2, 0, 2, 1, 3, 0, 3, 3, 0, 3, 0, 0, 1, 1, 1, 0, 1, 0, 2, 0, 1, 1, 3, 1, 0, 3, 2, 3, 1, 2], "predicted_labels": [3, 0, 1, 1, 3, 3, 2, 3, 2, 2, 2, 1, 1, 3, 1, 0, 0, 0, 0, 1, 3, 1, 2, 3, 0, 0, 1, 1, 2, 0, 0, 3, 1, 3, 2, 2, 1, 1, 3, 0, 3, 3, 1, 2, 1, 0, 0, 2, 2, 2, 3, 1, 1, 1, 1, 1, 0, 1, 3, 0, 3, 0, 1, 2, 3, 1, 3, 1, 1, 0, 0, 3, 2, 3, 3, 1, 3, 0, 2, 3, 2, 3, 1, 0, 1, 1, 0, 3, 1, 3, 2, 1, 0, 0, 1, 3, 1, 2, 1, 0, 0, 3, 3, 2, 3, 3, 1, 1, 1, 2, 3, 0, 2, 3, 1, 2, 0, 2, 3, 2, 0, 3, 0, 0, 3, 2, 3, 1, 3, 3, 2, 1, 1, 1, 0, 1, 1, 0, 1, 0, 0, 3], "confidence_scores": [[0.055237793208341664, 0.22720186978068882, 0.0256419507572015, 0.691918386253768], [0.9937129552458832, 0.00149153383357558, 0.00011429587271057824, 0.004681215047830668], [0.04788505580696019, 0.9518288452543198, 0.0001337086869507006, 0.00015239025176928063], [0.00017896644333195382, 0.8847460330703453, 0.002192039033846193, 0.11288296145247662], [0.0005400774366925759, 0.09309557713917596, 0.39229560710339145, 0.51406873832074], [0.022517863220024987, 0.0886910336975921, 0.002219408956408523, 0.8865716941259744], [5.1637489300737406e-05, 0.003058394694113811, 0.9242460164892154, 0.07264395132737002], [0.001235077546909483, 6.48830421658052e-05, 0.030634965213908544, 0.9680650741970162], [0.10575071637309046, 0.030539115707034704, 0.6323128533076178, 0.23139731461225704], [0.003861138415382646, 0.143947915563318, 0.8509518135774026, 0.0012391324438967737], [0.0004195260905500352, 0.00020095035518107856, 0.9993007100561472, 7.881349812156507e-05], [0.00024310503303872548, 0.965110965960453, 0.023628006016587537, 0.01101792298992094], [0.0025119470845339988, 0.9923169369935723, 0.0005044034917827485, 0.00466671243011094], [0.0011719211344030438, 0.0009959329814053077, 0.0001023764650203544, 0.9977297694191714], [0.0002664364219553454, 0.950117010000759, 3.7480943962607435e-05, 0.04957907263332314], [0.8976977139196506, 0.001287424948973875, 0.017280929804108246, 0.08373393132726731], [0.9947759527646202, 0.005216247183197125, 3.687386196074572e-07, 7.431313563228417e-06], [0.9745904444750764, 0.0022659040287208343, 0.00013961046646930654, 0.02300404102973358], [0.7293660342199616, 0.1420930419128516, 0.0698293887721136, 0.05871153509507312], [3.4952275277941555e-05, 0.7028506812547463, 0.29086098766099655, 0.006253378808979072], [0.008194515361523635, 0.017590293207530475, 0.00038547074560030844, 0.9738297206853455], [0.001916348189006278, 0.9979383265861338, 5.6555857178463026e-05, 8.876936768156055e-05], [0.14500694042673715, 0.02355605426299609, 0.7874440763016995, 0.04399292900856715], [0.0015151485598876794, 0.0003217575036303382, 0.0007184985038412363, 0.9974445954326406], [0.6666456994536518, 0.029843165854322114, 0.3028530222679852, 0.0006581124240407141], [0.98742737073526, 1.6547008364339683e-07, 0.004405343239755794, 0.008167120554900532], [0.011174911081636943, 0.9798471140738813, 9.895213877093273e-05, 0.008879022705710875], [5.492764879978564e-05, 0.9174582193732096, 0.08244680400152203, 4.004897646860592e-05], [0.00036017686957814856, 0.012057425473979083, 0.9341835888084602, 0.05339880884798271], [0.520663423188785, 0.007044125351520951, 0.014955110587829869, 0.4573373408718642], [0.9997572455379086, 6.72992870237264e-07, 0.00012256834101015613, 0.00011951312821113911], [0.0013335134746414528, 0.40924141577734185, 0.0002221374199364951, 0.58920293332808], [0.0006435390204999878, 0.938899039677047, 0.0037200103818900866, 0.056737410920563024], [0.0003316185638483072, 0.031455202761406724, 0.00019001813471144276, 0.9680231605400335], [0.16122607411017498, 0.019638405536015677, 0.7987701940109019, 0.020365326342907487], [0.15534450504943528, 0.023185822322723867, 0.7897858269107444, 0.03168384571709648], [0.003108283001305957, 0.9944782241389535, 0.0022210916274991773, 0.00019240123224151744], [0.0004506080660859905, 0.7815579974833925, 0.027797767165284957, 0.1901936272852367], [0.0022964564372188155, 0.0013957942822413858, 3.13699368958904e-05, 0.996276379343644], [0.9759085062523243, 0.006748425490190123, 0.00020311123026100922, 0.017139957027224532], [2.947785250035437e-05, 0.3325362804804952, 0.002601910927743812, 0.6648323307392607], [0.37847015004307755, 0.11184072917809662, 0.08251131984490664, 0.42717780093391916], [0.00023482044059927254, 0.9951988539275215, 0.0014441558333569155, 0.0031221697985223196], [0.014331301153040387, 0.0038830547283068414, 0.5936003396988995, 0.38818530441975313], [0.4493093094425647, 0.5269852058959621, 0.021241780769901943, 0.002463703891571303], [0.4598468202878993, 0.0001925201637082859, 0.3166545352523237, 0.22330612429606872], [0.46872643578565426, 0.005949065002661034, 0.0677553175944119, 0.45756918161727284], [0.07223356037635369, 0.3408627606563132, 0.4531884716631827, 0.13371520730415032], [0.0048011864053947445, 0.25989777227559824, 0.4043192706372311, 0.33098177068177587], [0.33180451063343935, 0.29471605805862905, 0.3714092041830673, 0.00207022712486437], [0.3503532536520399, 0.11725224713137583, 0.058072949326060976, 0.47432154989052344], [0.0007521101242685389, 0.9107598233692987, 0.00024138481729400854, 0.0882466816891388], [0.04417942452691031, 0.7144334620455789, 0.03326837204910456, 0.20811874137840622], [0.0008002290276012333, 0.8106550933397111, 0.12518845278773177, 0.06335622484495584], [0.0004215408640899995, 0.8036911190612701, 0.0429590080640603, 0.1529283320105796], [0.2799854699295184, 0.6769835092437546, 0.01329933810657394, 0.02973168272015313], [0.9745971529054297, 0.002951609558243288, 0.02180623293047804, 0.0006450046058491157], [0.06106440815618141, 0.760593698353402, 0.0004313955574121537, 0.17791049793300454], [0.014986416446152192, 0.0006783586772562195, 1.1349231751236654e-05, 0.9843238756448403], [0.5927390484379981, 0.0021201730035051913, 0.15802063781389303, 0.24712014074460364], [2.3060831565785038e-05, 0.27847282052456557, 0.0037733906727445204, 0.7177307279711241], [0.5521046412797136, 0.38846962665929624, 0.041292882713808904, 0.018132849347181228], [0.03396017072189556, 0.9407537297857808, 0.024078249349839903, 0.0012078501424836645], [0.09878836157677037, 0.16003579020958306, 0.4596571801794668, 0.28151866803417974], [2.19973433019137e-05, 0.4753689352236686, 0.0011277746116072627, 0.5234812928214222], [0.00012017866396781472, 0.6700128980519201, 0.020805504662813747, 0.3090614186212983], [0.015869062166575323, 0.005767284508737226, 0.004228369377948471, 0.9741352839467389], [1.6933448243768263e-05, 0.999950475971191, 2.312727326347429e-05, 9.46330730169196e-06], [0.08773616948216487, 0.7787014406898475, 0.015803779606987943, 0.11775861022099973], [0.7076393074931384, 0.0004942764732327495, 0.005435349863696548, 0.2864310661699324], [0.9912513116714206, 0.004944091600071062, 0.0034050904792709787, 0.00039950624923734533], [0.0008787528113305753, 0.008438435705856857, 0.01128470713413537, 0.9793981043486772], [3.662900851968848e-05, 0.03434715495071016, 0.9656135935536513, 2.622487118768098e-06], [0.08247450013183866, 0.049565314021401435, 0.2395420311665851, 0.6284181546801748], [0.007675539312998861, 2.1656040950969528e-05, 0.0017887077933296473, 0.9905140968527205], [0.029870657101496945, 0.9646653752416445, 0.004632306829076875, 0.000831660827781781], [1.0093145734193296e-05, 0.0006594497106591785, 0.4399411889700453, 0.5593892681735614], [0.988612364617143, 0.0005768970001514157, 0.010730118792990687, 8.061958971500627e-05], [0.01368046290107861, 0.0645110944172684, 0.9191917725813148, 0.0026166701003382396], [0.00017040466883716843, 2.0196328420783585e-05, 4.6060166755056315e-07, 0.9998089384010744], [0.00011884294902649271, 0.015709750993475734, 0.95830692036583, 0.025864485691667754], [0.00014285394474706747, 0.008854831218352089, 0.002389736215639004, 0.988612578621262], [7.952727667685311e-06, 0.9277499219208337, 7.349730541556962e-05, 0.07216862804608289], [0.9478568490403255, 0.03229343654934007, 0.0001667559989214571, 0.01968295841141301], [0.005018367263566592, 0.4819853515936198, 0.4074016877021469, 0.10559459344066664], [0.4489185911521168, 0.5387289461774993, 0.0009406209655947609, 0.011411841704789098], [0.8399234218078342, 0.147725090810533, 0.00035509787056742334, 0.011996389511065374], [0.019394610010194956, 0.10769342917157229, 0.009894600795063515, 0.8630173600231693], [0.014295537628278036, 0.603524176453677, 6.410202493233134e-05, 0.3821161838931127], [0.1970707838348009, 0.11976311159669739, 0.035287358585967, 0.6478787459825347], [0.004441641165866879, 0.019833007325663683, 0.9752755494323849, 0.0004498020760846683], [0.0007226063463996726, 0.7919241436819973, 0.024462350874507318, 0.1828908990970957], [0.7099005479826662, 0.003348720844139073, 0.07586945935804056, 0.2108812718151543], [0.4777402064811805, 0.04577948266351648, 0.0023771953884839277, 0.47410311546681905], [0.006118724846317487, 0.615391173647139, 0.37811095133897143, 0.0003791501675722336], [0.25914849293078035, 0.008868268543492847, 0.0011343584138038452, 0.730848880111923], [0.0002842325646496885, 0.9443438020065099, 4.737004245172536e-05, 0.055324595386388606], [0.00046239208580901023, 0.0077905453943426725, 0.9916353641863604, 0.00011169833348798285], [0.042539313084396714, 0.8037608201591847, 0.021869876970585594, 0.13182998978583294], [0.9789198073525198, 0.0013176947721543818, 0.0002385233731912615, 0.019523974502134507], [0.6004655187691115, 0.1820460895901191, 0.19252827178036278, 0.02496011986040671], [0.0028771552973265993, 0.0026672260287657888, 0.005467206872452166, 0.9889884118014555], [0.05644521513356579, 0.004410668618980391, 0.003404332007485276, 0.9357397842399686], [0.3988253913276775, 0.004612938400139233, 0.5936312897127515, 0.0029303805594319103], [0.00642256614270672, 0.04367969122811597, 0.03669425477953044, 0.9132034878496469], [0.011584837716953237, 0.0001244604020299756, 0.00027003354811444173, 0.9880206683329023], [0.04502499669491718, 0.5023901560770393, 0.001887801433660134, 0.45069704579438347], [0.026739085095244794, 0.807495931414036, 0.007754952244243533, 0.1580100312464759], [0.05965512945776565, 0.8777823118407171, 0.007793522752655068, 0.05476903594886225], [0.0010328064052385867, 0.0014875035389845827, 0.9974160101380867, 6.367991769002813e-05], [0.06098414603490022, 0.04208726176078541, 0.3120847232911401, 0.5848438689131742], [0.9535092927093031, 0.011062011050402132, 0.0012126273638288316, 0.03421606887646585], [0.0036343929381175435, 0.053910459458996994, 0.7952671159605664, 0.14718803164231894], [0.23802512366039524, 0.06976909192886953, 0.2576330025687487, 0.4345727818419865], [0.05125418415438166, 0.9403684137532028, 0.002350229216759571, 0.006027172875655988], [0.01357784123218256, 0.08702001920622086, 0.710899823713311, 0.1885023158482856], [0.8849136833344821, 0.011134034676349481, 0.0017703575778418726, 0.10218192441132656], [0.06280202340832443, 0.015685105437088086, 0.8482427476416716, 0.07327012351291586], [0.022297847136455547, 0.08282120084641048, 0.0002154374767097339, 0.8946655145404243], [0.00253687744614887, 0.03840557422189981, 0.903648841695916, 0.05540870663603517], [0.9869400243394787, 0.012927066151838706, 9.72352823531823e-06, 0.00012318598044733323], [0.04921580279012805, 0.00021724554876549105, 0.00011142997150361713, 0.9504555216896029], [0.985161881098592, 1.7639911566427238e-06, 6.862540402898274e-05, 0.014767729506222113], [0.9988314323543862, 1.6843585349454294e-06, 0.00030911000431023834, 0.0008577732827686478], [1.4444634441305113e-05, 0.19620716059954288, 0.22304167099577316, 0.5807367237702425], [0.15661953584026891, 0.00874852361112431, 0.8307024293236044, 0.003929511225002277], [0.00100947971184015, 0.037076414996149644, 0.017316082383877364, 0.9445980229081328], [0.133854954272627, 0.5112833641935639, 0.0006309594840360057, 0.35423072204977313], [0.008609810676340163, 0.0005105206151603746, 0.009903886189285208, 0.9809757825192144], [0.013124962177544755, 0.1002767685989443, 0.0030931085829402666, 0.8835051606405706], [0.00897304331121613, 0.008812946322326288, 0.9461395588120485, 0.036074451554409116], [0.005232715784203218, 0.9599332433345704, 0.0001621816223564414, 0.03467185925886993], [0.00020323029528101805, 0.9985816179025685, 0.0002597970061095068, 0.0009553547960409226], [0.0002485013121606728, 0.9996739160410658, 7.091067203797983e-05, 6.67197473560516e-06], [0.9882380746682482, 0.011755221169157802, 2.0713806778623008e-07, 6.497024526191287e-06], [0.19533256877407545, 0.6284832006133564, 0.137812152132289, 0.03837207848027916], [0.0806363304749966, 0.9026685112647141, 0.004942803900383209, 0.011752354359905898], [0.9625252393286158, 0.029909174303257464, 0.00025161407283540003, 0.007313972295291211], [0.005365118687516079, 0.9909147365336018, 0.0036450754242157934, 7.506935466619943e-05], [0.9570701895265294, 0.00016742039953586654, 0.016446665081045295, 0.026315724992889446], [0.6191712147050717, 0.006628236420864124, 0.00909559546110219, 0.3651049534129619], [0.08893679630761052, 0.061808524302846606, 0.13942299180280976, 0.7098316875867332]]}, "rewritten": {"ids": ["97107040", "97112830", "98107380", "98108150", "98108970", "98109230", "98109311", "98109570", "98110810", "98112580", "99105921", "99109370", "99109910", "99110730", "99112531", "100108260", "100108490", "100109330", "100109890", "100109910", "100109980", "100111080", "100112060", "100113210", "100120780", "101108290", "101111620", "101112160", "101112540", "101114990", "101115190", "101116130", "102108621", "102110850", "102111990", "102113210", "102113981", "102116340", "103110100", "103110760", "103117200", "103120290", "103120730", "104110960", "104111780", "104111830", "104113380", "104113550", "104114740", "104116441", "104118340", "105110091", "105112130", "105113170", "105113440", "105115570", "105115720", "105115900", "105116090", "105116501", "105117351", "105118171", "106111321", "106113170", "106113190", "106113830", "106116120", "106117790", "106119260", "106119580", "106121190", "107113200", "107113260", "107113360", "107115250", "107117010", "107118520", "108113480", "108114180", "108115500", "108115970", "108116120", "108118520", "108118810", "108120060", "108120621", "109114220", "109116441", "109116750", "109117110", "109117271", "109117431", "109117630", "109118161", "109119450", "109121410", "110113591", "110114561", "110115120", "110115140", "110116170", "110117140", "110117870", "110118181", "110118301", "110119030", "110119891", "111115780", "111116100", "111116170", "111116990", "111120220", "111121930", "112116501", "112116880", "112117660", "112117790", "112118421", "112118530", "112118581", "112118620", "112118930", "112119120", "112119320", "112119500", "112120270", "112120290", "113117550", "113118111", "113118231", "113119480", "113119950", "113120070", "113120260", "113120531", "113120601", "113120640", "113121190", "113121410", "113121750", "113122150", "113122220"], "labels": [2, 2, 1, 0, 3, 1, 1, 1, 1, 2, 1, 1, 2, 3, 3, 3, 2, 0, 3, 2, 1, 0, 2, 0, 1, 0, 3, 3, 2, 3, 1, 2, 3, 3, 2, 3, 1, 3, 1, 1, 0, 2, 1, 2, 3, 3, 1, 1, 2, 1, 2, 0, 1, 0, 0, 0, 1, 3, 1, 1, 0, 3, 0, 0, 0, 1, 1, 1, 1, 3, 2, 0, 0, 0, 2, 1, 2, 0, 1, 3, 2, 1, 0, 1, 1, 1, 3, 3, 0, 1, 0, 1, 0, 0, 3, 0, 0, 0, 0, 0, 0, 3, 3, 1, 1, 0, 3, 1, 3, 0, 0, 3, 1, 3, 0, 0, 3, 3, 1, 1, 3, 1, 1, 1, 2, 0, 1, 3, 1, 3, 3, 0, 2, 3, 0, 2, 0, 1, 0, 0, 2, 1], "predicted_labels": [3, 2, 0, 2, 1, 2, 3, 3, 2, 3, 3, 2, 2, 2, 3, 3, 2, 3, 2, 3, 1, 3, 3, 3, 3, 3, 2, 3, 2, 3, 3, 2, 3, 2, 2, 3, 2, 3, 3, 3, 1, 3, 3, 2, 3, 3, 3, 3, 2, 1, 3, 3, 3, 2, 2, 2, 1, 3, 3, 3, 3, 3, 3, 3, 3, 3, 1, 2, 2, 2, 3, 3, 2, 0, 3, 2, 3, 2, 1, 2, 2, 3, 3, 3, 2, 3, 3, 3, 2, 3, 3, 3, 3, 3, 3, 3, 3, 2, 3, 2, 3, 3, 3, 1, 3, 3, 3, 3, 3, 3, 3, 3, 2, 3, 2, 3, 3, 3, 2, 2, 3, 2, 3, 3, 2, 3, 2, 3, 3, 2, 3, 3, 3, 3, 3, 3, 3, 3, 3, 3, 1, 3], "confidence_scores": [[0.000890030246162111, 0.15523341704209576, 0.16324334191034642, 0.6806332108013958], [0.001824974730005705, 0.09623929804693429, 0.7641909498370265, 0.1377447773860334], [0.5503689923412038, 0.04673123871348702, 0.13729757211147517, 0.26560219683383407], [0.02885484330163332, 0.08535439649345214, 0.8353709702991414, 0.05041978990577303], [0.0007213735556281138, 0.7332149437018329, 0.09293696000365173, 0.17312672273888727], [0.0033666106840806558, 0.0003077357468734213, 0.6866358780593396, 0.30968977550970644], [0.0011510734526212834, 0.47450236181619454, 0.02533295293737508, 0.4990136117938091], [0.005813604093329872, 0.25631273542381217, 0.009715812940176191, 0.7281578475426818], [0.0009834952068976195, 0.018146308293993083, 0.7260606878247179, 0.2548095086743914], [1.7354015314084074e-05, 0.0008792134633821513, 0.014512556251101434, 0.9845908762702024], [0.1575874470672406, 0.047333771608499914, 0.00855780194215079, 0.7865209793821086], [0.00026402499821204397, 0.21108155598370923, 0.6673513044510998, 0.12130311456697897], [0.00548296321298981, 0.4338878599868724, 0.49285426946945354, 0.06777490733068432], [0.00030800891397097125, 0.16112263148042366, 0.7582741844228686, 0.08029517518273659], [8.838508870732801e-05, 0.026200846922048243, 0.2157944851871236, 0.7579162828021209], [0.00016058287932289254, 0.00014150670770484312, 0.011191407395937625, 0.9885065030170347], [0.0006006250204922603, 0.12229535074571071, 0.8595586890841784, 0.017545335149618573], [0.009976964353628388, 0.005448277922190472, 0.0021663453873717498, 0.9824084123368093], [0.05281943866528762, 0.01165605539384651, 0.9193903383384207, 0.01613416760244529], [2.1668733522852647e-05, 0.00326349022561779, 0.13184389154157647, 0.8648709494992829], [0.0033339317675670005, 0.5174914975408508, 0.44332617336290536, 0.03584839732867691], [0.002399846877051563, 0.001208612283377816, 0.00669080238770172, 0.989700738451869], [0.02333372049140386, 0.0006968469226753249, 0.4620290657848451, 0.5139403668010757], [0.009263807015824046, 0.2416230430481912, 0.03212148832263983, 0.7169916616133449], [0.1950291786213321, 0.15651922246898256, 0.17977737264280894, 0.4686742262668765], [0.0033537719023032098, 0.004195522656218798, 0.08638946007464869, 0.9060612453668293], [0.3736066584230733, 0.0003337393634228466, 0.5750011917154582, 0.05105841049804583], [0.0001061201776629722, 0.0004803462324227875, 0.032611724882827715, 0.9668018087070865], [9.539121254134317e-06, 0.004940658039870769, 0.5704586550936586, 0.42459114774521667], [0.001559044953447289, 0.05911790422299777, 0.03869789739423712, 0.9006251534293178], [0.06362905203116419, 0.001666556694613091, 0.018183193793987907, 0.9165211974802348], [0.0025179313686000014, 0.015668220394606452, 0.822690486546951, 0.1591233616898425], [0.0337283474936193, 0.009332943343457842, 0.0004868804515396435, 0.9564518287113831], [0.00015583644755895703, 0.0018976319957174541, 0.993356257705692, 0.004590273851031656], [0.0020495688377776583, 0.0829241536534939, 0.9046155660500195, 0.01041071145870882], [5.173935481046095e-06, 0.0016468577604378792, 0.00020780246229794554, 0.9981401658417831], [0.010194115813142227, 0.002501582368914826, 0.8680075431054103, 0.11929675871253273], [0.0030927185441042776, 0.0007122082781974676, 0.12271931974697575, 0.8734757534307225], [2.587259366473973e-05, 0.011404141770898844, 0.15673180735229386, 0.8318381782831427], [0.0037913540293453988, 0.0012526058541497877, 0.0006812921709642529, 0.9942747479455406], [0.0011159177324318458, 0.8680842920203667, 0.0017377507577162334, 0.12906203948948516], [6.649712352687927e-06, 0.01835060690404024, 0.08851632044975309, 0.893126422933854], [0.0001982517149484548, 0.4924198097594287, 0.004630953269522271, 0.5027509852561005], [2.344555437456033e-05, 0.024136162532584497, 0.6563333015649595, 0.31950709034808145], [0.020116144343389417, 0.08504649132794191, 0.0508354313557401, 0.8440019329729286], [1.0752553022312571e-06, 0.000733348222977923, 0.006643763347418079, 0.9926218131743018], [2.7523972392116447e-05, 0.0010291283698235273, 0.0010518068053736813, 0.9978915408524107], [0.09153317406836274, 0.000590264905060767, 0.13410719317887335, 0.773769367847703], [0.0002217269798935901, 0.0030958056721241546, 0.9097161811866471, 0.086966286161335], [0.00010417357875602483, 0.943919018112958, 0.049381994697261775, 0.006594813611024472], [4.236456149610836e-05, 0.007013568468483841, 0.032064704575426005, 0.9608793623945941], [2.3667436436591554e-05, 0.001357804626059039, 0.015991984391006558, 0.9826265435464977], [2.0904154515281244e-07, 1.0931281545284602e-05, 0.03427424254289054, 0.9657146171340192], [0.00022715041544860468, 0.004696165638757825, 0.5187296086167732, 0.4763470753290203], [6.261455946987549e-05, 0.0005438177710390109, 0.9580335617124023, 0.041360005957088775], [2.9442268083942124e-05, 0.2849072636552212, 0.6855084614327638, 0.029554832643931026], [0.0139358167938497, 0.8893113770166925, 0.07246520135922331, 0.024287604830234445], [0.0001047263108613056, 0.0012998243531697313, 0.07537326857104473, 0.9232221807649242], [2.5696045445145588e-05, 0.00020219176863039965, 0.011291233005462845, 0.9884808791804616], [7.259400497492087e-05, 3.3030359377279855e-05, 0.00022236131933627234, 0.9996720143163116], [1.704714415737317e-05, 0.0155083212675541, 0.47725254947033263, 0.5072220821179558], [0.00011676571222403558, 7.502345865493377e-05, 0.00023860644162330573, 0.9995696043874976], [7.421328867079264e-07, 9.554177072132972e-05, 0.0033385505842011714, 0.9965651655121909], [0.28789292652383647, 0.09227324424180543, 0.1353630763120107, 0.48447075292234737], [0.0006578760993669012, 0.0010464995625910952, 0.001154597341338956, 0.997141026996703], [0.015995977149168807, 0.0007379867659933261, 0.0024042239138277813, 0.9808618121710101], [0.008192445902811377, 0.7310503897964367, 0.1938705639021889, 0.06688660039856313], [0.01196335617729901, 0.004911465875004462, 0.9796929467326312, 0.003432231215065293], [0.0037953642996388084, 0.0014286782116837374, 0.9545776517560245, 0.04019830573265297], [7.551958301400113e-06, 0.35080740761352147, 0.6481594377619043, 0.0010256026662728045], [2.60331072646785e-06, 0.000554205282050131, 0.3094466519536168, 0.6899965394536066], [0.012953065121818057, 0.000647313875652033, 0.4527971500383632, 0.5336024709641667], [0.00224913737801073, 0.0010019093289874719, 0.5900071873551547, 0.4067417659378471], [0.9405405304778282, 0.016441003854084747, 3.8946953823235085e-05, 0.042979518714263885], [0.00023744536442946612, 0.002535365970720663, 0.04782765343689429, 0.9493995352279555], [0.04572350248501916, 0.02143149207336575, 0.8643985782018457, 0.06844642723976921], [5.590270383385112e-06, 6.40222713278555e-05, 0.006509428199527839, 0.993420959258761], [1.9032026208423597e-08, 0.009094682191976868, 0.7262024318979948, 0.264702866878002], [2.019138271957899e-05, 0.6521168561268825, 0.207955469812254, 0.13990748267814399], [0.05637312258474311, 0.006622941536335892, 0.8047470068450342, 0.13225692903388683], [3.75099755709417e-05, 0.08900006161866005, 0.7860753968914658, 0.12488703151430329], [0.1011728286448953, 8.840640194782873e-05, 0.004920034533588743, 0.893818730419568], [0.008460988099898635, 0.0015087738111658354, 0.3423331944724876, 0.6476970436164478], [0.00017434407643842232, 0.017501032844660536, 0.1424394641334249, 0.8398851589454761], [0.00011042267789625571, 0.011453299178825914, 0.9865898433096328, 0.001846434833644944], [0.0018296575052512917, 0.0007964286086995111, 0.03247664776229193, 0.9648972661237573], [0.00013223106863247648, 0.2001786158440376, 0.14293913235860967, 0.6567500207287204], [0.36251758701793574, 0.0041493091937803645, 0.013324154279885758, 0.6200089495083981], [0.0027035383827700645, 0.2702920202734434, 0.5917520035192528, 0.13525243782453353], [1.0695921409634672e-05, 0.41356063744465166, 0.0006831488156137952, 0.585745517818325], [3.380387611937559e-07, 0.000175323056914088, 0.000871366462830267, 0.9989529724414945], [0.0018838986568561612, 0.0024174887622714146, 0.0015376164021135166, 0.994160996178759], [0.22878191029127865, 0.11996496795417413, 0.02633870661518056, 0.6249144151393666], [0.02931882296591135, 0.469904203534896, 0.019195006614981937, 0.48158196688421084], [0.0017269023800102206, 0.002912528650869215, 0.12459212555643297, 0.8707684434126874], [9.409586697974005e-05, 0.02014546863066279, 0.017730683804220496, 0.962029751698137], [0.18805295150844353, 0.17568841887413247, 0.010147273016275122, 0.6261113566011489], [0.000929793462854332, 0.006592901049753821, 0.6932879304140166, 0.29918937507337523], [0.000151090548541587, 0.0021818739275040497, 0.2507617242054905, 0.7469053113184638], [0.0005002201479105256, 0.0003545886839748206, 0.9661917743582443, 0.03295341680987034], [2.8840459503909815e-05, 0.01005607596284472, 0.001524782462193268, 0.9883903011154581], [0.003209908781171318, 0.04692460280993368, 0.1141067378211308, 0.8357587505877642], [2.684039825181847e-06, 0.01961438476247873, 0.02172905727669032, 0.9586538739210059], [3.158242369060369e-05, 0.9981607979836957, 0.0011941917704759548, 0.0006134278221376427], [0.00023164289145647567, 0.00023601264287898197, 0.01186165492520631, 0.9876706895404582], [8.505018071805402e-06, 0.008994334382303572, 0.0004897582256959142, 0.9905074023739288], [2.881981656445391e-06, 0.0005717034158743621, 0.017285562859264633, 0.9821398517432045], [0.00042322639779889746, 0.045308643866523, 0.11319784476148352, 0.8410702849741944], [2.9534278904414346e-05, 0.017190929387991126, 0.0016612717818580633, 0.9811182645512465], [0.00019756649484579952, 0.008931821239751229, 0.00016099756086693272, 0.9907096147045361], [5.858274546919512e-05, 9.577851879776029e-05, 0.0031657985527292053, 0.9966798401830038], [0.0006806797090087791, 0.1460971071969245, 0.002275774606945567, 0.8509464384871213], [0.0015167399966645285, 3.788378791269331e-05, 0.9252014504802362, 0.07324392573518683], [0.0009723817000602613, 2.4806790233651393e-05, 3.673515802676746e-05, 0.9989660763516793], [8.201435585763968e-06, 0.0008544768469508598, 0.9871994724753446, 0.01193784924211866], [0.00023736397122003184, 0.00013033519554582726, 0.003964890905487263, 0.9956674099277468], [0.0003546348462462961, 0.00045211515095751, 0.0031616992234987907, 0.9960315507792975], [5.3047137575221404e-08, 9.424315390426975e-05, 0.00021269533761017722, 0.9996930084613479], [0.0005242080852364788, 0.013298385233356812, 0.6209920700255407, 0.365185336655866], [5.8557424544874054e-09, 8.573182820043759e-06, 0.9784787799294598, 0.021512641031977756], [0.00037339824276434605, 0.06072279223174364, 0.00890847230253982, 0.9299953372229522], [0.0014166559867831465, 0.07705379374282624, 0.5669391522210224, 0.35459039804936826], [1.1471054563907832e-06, 6.125417130894722e-06, 0.00041244114661196594, 0.9995802863308008], [3.457221262435858e-06, 0.0005518569779489674, 0.001962229251103643, 0.9974824565496849], [0.00013320059154230403, 0.00017679852828848228, 0.9645120742855066, 0.035177926594662436], [3.864961316819694e-05, 0.000576525735768549, 0.0069240893290699115, 0.9924607353219933], [0.0010294557721524356, 0.34939706339653087, 0.38399852517994165, 0.26557495565137507], [4.915889720284028e-05, 0.000638945610716695, 0.0055882890172199665, 0.9937236064748606], [2.0295358288808396e-05, 0.00038662663457487555, 0.042342871060958666, 0.9572502069461777], [6.376783104456594e-07, 0.008022931105795114, 0.4982082182834707, 0.4937682129324238], [4.4868415636148584e-05, 0.0002291037997817563, 0.0005642462054046522, 0.9991617815791775], [0.0019105629463192781, 0.00012098508859717873, 0.006394773939406867, 0.9915736780256766], [5.176717284263894e-06, 0.007246872817037303, 0.0511720294089739, 0.9415759210567045], [4.792981164105242e-05, 0.000776127966922894, 0.03989221395030688, 0.9592837282711293], [0.0019298134729027218, 0.17331566009176017, 0.002025965550031773, 0.8227285608853054], [0.00014703248438978939, 0.0008273394867694291, 0.011792112854395123, 0.9872335151744457], [0.028688586735178125, 0.04141014724420275, 0.007929297874995933, 0.9219719681456231], [2.5590005863401403e-05, 0.01037924518473646, 0.006074374572785051, 0.983520790236615], [7.699018307992189e-05, 0.0005196530604204489, 3.5768447526393324e-05, 0.9993675883089732], [0.01030835495032849, 0.005527154733713529, 0.0006268566833188127, 0.9835376336326392], [0.06661903898757397, 0.6407446737601891, 0.23011591244754762, 0.06252037480468946], [0.0002363840263708955, 0.11138207099067941, 0.03095539910575459, 0.8574261458771952]]}}