{"test": {"ids": ["98109090", "100108080", "109117431", "102118380", "105110251", "104113550", "110117500", "109117630", "109113881", "102116500", "113121190", "108115070", "108118060", "111116010", "99111440", "109113931", "111116750", "105120621", "100113370", "97116401", "110121170", "105119950", "109117730", "100108520", "110115980", "111118910", "102112301", "97106600", "106116441", "113118630", "111117480", "106113190", "104113190", "112116451", "111116290", "107114321", "113120780", "98110680", "111114171", "110118880", "108117360", "103111480", "98116940", "109113281", "102114270", "108113620", "109118701", "100107920", "112119580", "100111390", "101111140", "97107920", "112117660", "110118740", "109121410", "100108990", "106117770", "98111670", "97106820", "106120640", "103109641", "112120700", "105115380", "113119300", "106118301", "110117200", "108114200", "99117630", "111114121", "113119480", "98107380", "107118820", "109116040", "113118421", "112118860", "103118291", "106119580", "110118810", "112118930", "97110950", "111115770", "101112540", "100111270", "109121351", "112118620", "106121190", "101117580", "109116930", "108117720", "106113170", "104114320", "107119390", "99109311", "108120060", "107117630", "110119030", "113119950", "113121950", "112119950", "107113180", "99108520", "107115140", "109120560", "99105921", "112120270", "107118490", "99117740", "111121351", "108114180", "106121220", "111120220", "106119990", "106119260", "103110760", "101121640", "97114170", "99112641", "102111990", "99108460", "102112170", "100109890", "107118780", "112121410", "109119460", "112118820", "100109360", "111120320", "110118630", "105120280", "104111620", "103118110", "99109740", "111115400", "106114011", "110121500", "104111550", "113120591", "102116340", "113122150", "105115720", "97106970", "104114410"], "labels": [1, 0, 1, 1, 0, 1, 1, 0, 0, 1, 1, 1, 1, 1, 3, 1, 3, 1, 3, 3, 2, 3, 3, 2, 1, 0, 1, 3, 0, 3, 1, 0, 3, 0, 2, 0, 0, 2, 3, 0, 1, 0, 2, 0, 3, 3, 3, 0, 3, 2, 2, 0, 0, 3, 0, 2, 0, 1, 1, 3, 1, 2, 1, 1, 1, 3, 0, 3, 0, 3, 1, 3, 0, 3, 3, 0, 3, 1, 1, 3, 3, 2, 2, 0, 3, 2, 3, 0, 1, 0, 2, 2, 1, 1, 0, 0, 0, 3, 0, 3, 2, 0, 1, 1, 0, 2, 2, 0, 1, 1, 3, 0, 1, 1, 2, 2, 1, 2, 0, 3, 3, 1, 0, 1, 0, 0, 1, 1, 3, 0, 2, 3, 0, 1, 3, 1, 0, 3, 2, 1, 2, 1], "predicted_labels": [0, 3, 3, 1, 0, 0, 0, 3, 0, 1, 3, 1, 3, 1, 3, 3, 3, 0, 3, 1, 3, 3, 3, 3, 3, 1, 3, 3, 1, 1, 1, 3, 1, 0, 1, 0, 1, 2, 3, 3, 1, 0, 1, 3, 1, 0, 1, 3, 0, 0, 0, 0, 3, 0, 1, 1, 3, 3, 1, 1, 3, 3, 1, 3, 3, 0, 1, 0, 3, 0, 3, 3, 3, 3, 3, 0, 1, 0, 3, 0, 3, 1, 1, 3, 1, 3, 3, 0, 3, 1, 3, 1, 1, 0, 0, 3, 3, 3, 3, 1, 2, 3, 3, 1, 0, 1, 0, 0, 1, 3, 0, 3, 3, 3, 3, 3, 0, 2, 3, 3, 3, 1, 3, 3, 1, 3, 3, 3, 1, 0, 1, 1, 0, 1, 0, 2, 3, 3, 1, 1, 1, 1], "confidence_scores": [[0.6236080272849686, 0.0770910562203785, 0.08762822936766697, 0.21167268712698598], [0.08492918166157504, 0.13041918103631817, 0.583670198576211, 0.20098143872589583], [0.5488493181740938, 0.05072216759085316, 0.00792652120822784, 0.39250199302682526], [0.023336877337201974, 0.2602846773427072, 0.5757705863263763, 0.1406078589937146], [0.48890096423218965, 0.22838660644597733, 0.07597856068483667, 0.20673386863699655], [0.9022513492026774, 0.005614766936231977, 0.0024860634314765703, 0.08964782042961403], [0.5578817350972112, 0.28400687851737927, 0.006252093927237023, 0.15185929245817278], [0.2752730824341306, 0.15212084093330247, 0.04921900301212981, 0.5233870736204371], [0.869608766689301, 0.02395725409858896, 0.08851744330861519, 0.017916535903494835], [0.37483620704056414, 0.2288522534044259, 0.25847896941361925, 0.1378325701413907], [0.15825020750782612, 0.34198815290236273, 0.08307859174068884, 0.4166830478491222], [0.11009951829901457, 0.8312658534983209, 0.025125058663209153, 0.033509569539455566], [0.05793583387793736, 0.3780546175232154, 0.09236761916856895, 0.47164192943027805], [0.028244998490729856, 0.5307748236666278, 0.3423979207175997, 0.09858225712504251], [0.3701536101426144, 0.1897967950884435, 0.01346712369153768, 0.4265824710774045], [0.1604283286853539, 0.29653241354791016, 0.20943204877448704, 0.3336072089922486], [0.45241996710395677, 0.01889445524377526, 0.010349860450233927, 0.5183357172020336], [0.7335559878227486, 0.010945414123927018, 0.0007837980282599162, 0.2547148000250644], [0.15164321550982035, 0.16975671646905313, 0.07664527015828876, 0.6019547978628373], [0.18351456771954247, 0.26247640602941363, 0.3394361958867311, 0.2145728303643127], [0.1669066612884096, 0.13624318813750097, 0.17523223948848088, 0.5216179110856084], [0.36643912023143616, 0.1433948984246059, 0.14884880820179006, 0.34131717314216775], [0.1961174058265488, 0.14294805539326857, 0.2624274983401208, 0.3985070404400619], [0.04608798582947885, 0.01538448379717392, 0.5788050820750403, 0.3597224482983068], [0.43225825518041894, 0.11695161311956852, 0.23770538480870007, 0.21308474689131274], [0.18361569907034808, 0.32891179187150754, 0.16987647546985984, 0.3175960335882845], [0.08436882514906449, 0.2476372360679748, 0.09878254801877605, 0.5692113907641848], [0.49931657897503257, 0.18005209119023438, 0.01693429698844839, 0.30369703284628524], [0.04793749663941894, 0.5574462808070026, 0.03367753357761977, 0.3609386889759588], [0.028167083387299317, 0.3495473470164746, 0.38135215611031864, 0.24093341348590763], [0.3387060944388245, 0.2906693912195963, 0.23215113848573427, 0.13847337585584507], [0.13626040555559837, 0.14182242110610996, 0.15763973487913624, 0.5642774384591555], [0.0349533873845474, 0.5728454369087431, 0.10823225040606685, 0.28396892530064216], [0.791736771318993, 0.04655861003830777, 0.00797342193981774, 0.1537311967028818], [0.059663155558009724, 0.41866329147709114, 0.3219306486951711, 0.19974290426972804], [0.637975033239775, 0.09873571727848186, 0.0026183963529477134, 0.26067085312879545], [0.1105549510518995, 0.4824444509501885, 0.05607398254090162, 0.3509266154570103], [0.25898129022478517, 0.06924563273072998, 0.6467974770147776, 0.02497560002970727], [0.31975179189353126, 0.19304636988785628, 0.04706631125299867, 0.4401355269656137], [0.23689647311445244, 0.05688850445895542, 0.0017122316966481862, 0.7045027907299443], [0.33716493874884795, 0.29241045125695825, 0.2648332407058656, 0.10559136928832824], [0.6849862018775184, 0.15188378308041797, 0.004638444495437651, 0.15849157054662585], [0.049154237958336, 0.650309808190893, 0.17077810024180676, 0.12975785360896422], [0.32268025729362754, 0.21147955297200172, 0.07271086197832594, 0.39312932775604464], [0.03090545852608236, 0.44617754829959205, 0.2856738511218196, 0.23724314205250577], [0.6638110066173226, 0.20341887363492744, 0.007331358814454974, 0.1254387609332952], [0.24471107143811102, 0.43908990316282803, 0.09030510290032154, 0.22589392249873932], [0.5032913530113873, 0.040530908812968044, 0.035919425505648216, 0.42025831266999647], [0.8948643389097318, 0.005124467718594453, 0.007999206788861754, 0.09201198658281193], [0.4801642861861021, 0.0927968013356266, 0.2754368125189039, 0.1516020999593675], [0.6049619404974029, 0.18813293596298508, 0.04703664971520477, 0.15986847382440722], [0.9856906261114285, 0.0001572723784972777, 0.0028406106253025874, 0.011311490884771451], [0.3191113562759893, 0.1535641004266836, 0.023927599194775502, 0.5033969441025515], [0.7678807589886235, 0.029758508258746763, 0.013581204272005694, 0.18877952848062404], [0.007256429305721026, 0.826110080848256, 0.029637236983109255, 0.13699625286291364], [0.3483720649912648, 0.34813447747000703, 0.20893593550732112, 0.094557522031407], [0.30272561046727964, 0.05517777489311369, 0.11650350823621317, 0.5255931064033937], [0.33332832121244993, 0.023406079793936854, 0.09911326457097945, 0.544152334422634], [0.3879693886861319, 0.3864575272493806, 0.10624896546968526, 0.11932411859480221], [0.0750955150456076, 0.3967480168662003, 0.3670998831402074, 0.16105658494798442], [0.020905070132000686, 0.20947547992020232, 0.5025321411917293, 0.2670873087560679], [0.043328070490200495, 0.41560950822515885, 0.06793564707096227, 0.4731267742136787], [0.036529154932229316, 0.3097920282091595, 0.561478760618403, 0.09220005624020847], [0.19398891859381814, 0.2712071894430397, 0.04439137888474018, 0.4904125130784021], [0.5167740750193061, 0.08366374756539603, 0.02530142733510044, 0.3742607500801976], [0.7843351117838323, 0.12519645780354288, 0.022580607952064104, 0.06788782246056072], [0.06954360884856792, 0.7100660534083854, 0.07254354640876459, 0.1478467913342823], [0.3460476905806438, 0.09356543021275539, 0.45099062918486127, 0.1093962500217395], [0.36231324579421276, 0.2545194638624838, 0.04193943123463626, 0.34122785910866726], [0.5770093691993968, 0.15081279312091347, 0.01363905119178139, 0.2585387864879081], [0.4729133280746224, 0.015008148502538045, 0.29061788019052914, 0.22146064323231038], [0.02964139919676911, 0.3467567620521629, 0.29492603580260923, 0.3286758029484585], [0.12104774112547483, 0.27217666769034726, 0.1258288960960646, 0.48094669508811294], [0.016379507142315942, 0.049955874280743086, 0.008653053927442717, 0.9250115646494983], [0.16778844295534265, 0.18288623378490587, 0.1330081115083762, 0.5163172117513749], [0.8043776351012478, 0.055248527638313824, 0.05921404822992399, 0.08115978903051442], [0.013932040465242946, 0.7288437025137809, 0.23328351769140646, 0.023940739329569964], [0.8243401841013916, 0.08769265949355416, 0.019821733175510177, 0.06814542322954419], [0.1339464583733134, 0.36472787651528177, 0.04477728691979158, 0.4565483781916128], [0.9439161553216385, 0.001741648932945049, 0.021477675665397603, 0.032864520080018986], [0.5864319131695049, 0.0756397318765915, 0.028938579776086524, 0.30898977517781684], [0.08781365915460775, 0.47732970889526005, 0.22048915562089036, 0.21436747632924186], [0.11468218734598508, 0.45020193549153437, 0.2841729793095065, 0.15094289785297382], [0.5014119693996235, 0.03220337056607713, 0.11837308770788257, 0.34801157232641694], [0.3103296143320732, 0.39193662110917565, 0.16311629427319496, 0.13461747028555618], [0.01376910592792686, 0.3443389892642244, 0.3279667366989472, 0.3139251681089015], [0.414088591794426, 0.12888527160419763, 0.13816545361253924, 0.31886068298883735], [0.8385679704242247, 0.025912923990089858, 0.0031344004669960324, 0.1323847051186895], [0.4157369370744632, 0.10198793042522826, 0.04079845416701352, 0.4414766783332952], [0.2509383973335093, 0.4702898152798455, 0.025444561210151845, 0.2533272261764935], [0.3508795176591681, 0.1707012486360486, 0.23356136998904475, 0.2448578637157385], [0.04140355138257649, 0.4687892647398999, 0.11019734390590477, 0.3796098399716186], [0.4106975253370662, 0.2966878690678323, 0.0992704444909054, 0.19334416110419622], [0.4061110036616816, 0.24038665446029758, 0.161021293357349, 0.19248104852067213], [0.7781252475509375, 0.014170664828537016, 0.14474432000622262, 0.06295976761430305], [0.03942969176518502, 0.18930537451979731, 0.011504559730748683, 0.7597603739842692], [0.08804425745288391, 0.04497305560082493, 0.000735952804781272, 0.86624673414151], [0.10245151558620912, 0.43618046915363096, 0.018995136910072537, 0.44237287835008743], [0.590083195341074, 0.05557596748682847, 0.02191299099661347, 0.3324278461754842], [0.02202116489325839, 0.5639011927019594, 0.05981285376988461, 0.3542647886348979], [0.08689945533957692, 0.11689684760487566, 0.7507456787057359, 0.04545801834981164], [0.20329743904624634, 0.005875735890439594, 0.018535658742394687, 0.7722911663209195], [0.44379386294152995, 0.10852814729847006, 0.08120600076505136, 0.3664719889949484], [0.2389658551494692, 0.5107444239458606, 0.0908662463083249, 0.15942347459634554], [0.6205750498691962, 0.20740075766703, 0.06772132276461353, 0.10430286969916015], [0.11933328692530301, 0.45447863566637875, 0.3905974573589793, 0.035590620049338786], [0.8577821702285164, 0.02361996020681975, 0.07061001803595786, 0.04798785152870589], [0.6444568284310339, 0.21266950093251477, 0.015323222635380674, 0.12755044800107043], [0.23076154632589196, 0.36619691305194463, 0.06212361786252662, 0.34091792275963695], [0.0076728264180283366, 0.23979754085571753, 0.097804214301934, 0.6547254184243204], [0.5270656553187221, 0.13860789560950978, 0.15920358175679564, 0.17512286731497265], [0.2858115464257163, 0.05561843519112987, 0.42944249146331664, 0.22912752691983732], [0.1166583857914677, 0.005493428781426113, 0.1257426317363528, 0.7521055536907534], [0.2056012907367254, 0.07954187006814749, 0.06656901391825489, 0.6482878252768721], [0.11278826234083304, 0.2864424786611455, 0.06450859106997607, 0.536260667928045], [0.015282877127026315, 0.16676437928575757, 0.39376215624728816, 0.4241905873399279], [0.6397390301189619, 0.1950094978776589, 0.09573016722016645, 0.06952130478321264], [0.2030178643248469, 0.11455360980677402, 0.5723014349354634, 0.11012709093291588], [0.0826539246276054, 0.10732598929964855, 0.5211703706350501, 0.28884971543769594], [0.5409285285819299, 0.009287774090951635, 0.050269341051733, 0.3995143562753858], [0.19560323059059326, 0.026777098750511708, 0.17656914947044625, 0.6010505211884489], [0.19426235067945838, 0.6700960527179951, 0.022482015805071823, 0.11315958079747465], [0.39160579485256314, 0.1538684629369545, 0.08545083215612355, 0.36907491005435933], [0.23650272364588476, 0.27568360410541437, 0.06921695265643854, 0.4185967195922627], [0.394448886128973, 0.5049259585225027, 0.01970584066307426, 0.08091931468544998], [0.4014342816387073, 0.04656191424542203, 0.05050341391463808, 0.5015003902012327], [0.24014566830625184, 0.24181656206484126, 0.22267925803335267, 0.29535851159555426], [0.059494946657956654, 0.26539663825527393, 0.4304822197426503, 0.24462619534411917], [0.05865573179413594, 0.8920790937402597, 0.01408718527780116, 0.03517798918780315], [0.9725579302188657, 0.003724675901792236, 0.004050827676999671, 0.019666566202342226], [0.1588389915415718, 0.3337666317796133, 0.23292123709137524, 0.27447313958743963], [0.16039384073281246, 0.43289332200619446, 0.1792685840612434, 0.22744425319974979], [0.5262573587897912, 0.20249325182964933, 0.134551494929295, 0.1366978944512645], [0.1495618651444299, 0.43234471456184254, 0.12638436528333719, 0.29170905501039013], [0.7554033811218809, 0.1268089624272095, 0.012899830106202125, 0.10488782634470764], [0.03646135396246966, 0.1845923108891363, 0.6260008454353334, 0.1529454897130606], [0.24508660963331097, 0.20512282913752056, 0.26352178739524595, 0.28626877383392263], [0.08051870804098464, 0.10539154702430585, 0.16376208452750732, 0.6503276604072026], [0.004509644117520046, 0.9188140699967314, 0.04603028012002397, 0.030646005765724724], [0.20357001593964846, 0.5998325459245314, 0.12278363310625809, 0.0738138050295623], [0.009966313170393449, 0.2550389625233572, 0.5711837327764882, 0.16381099152976103], [0.268601753194223, 0.32804420981023497, 0.19618586086391981, 0.20716817613162222]]}, "rewritten": {"ids": ["97106600", "97106820", "97106970", "97107920", "97110950", "97114170", "97116401", "98107380", "98109090", "98110680", "98111670", "98116940", "99105921", "99108460", "99108520", "99109311", "99109740", "99111440", "99112641", "99117630", "99117740", "100107920", "100108080", "100108520", "100108990", "100109360", "100109890", "100111270", "100111390", "100113370", "101111140", "101112540", "101117580", "101121640", "102111990", "102112170", "102112301", "102114270", "102116340", "102116500", "102118380", "103109641", "103110760", "103111480", "103118110", "103118291", "104111550", "104111620", "104113190", "104113550", "104114320", "104114410", "105110251", "105115380", "105115720", "105119950", "105120280", "105120621", "106113170", "106113190", "106114011", "106116441", "106117770", "106118301", "106119260", "106119580", "106119990", "106120640", "106121190", "106121220", "107113180", "107114321", "107115140", "107117630", "107118490", "107118780", "107118820", "107119390", "108113620", "108114180", "108114200", "108115070", "108117360", "108117720", "108118060", "108120060", "109113281", "109113881", "109113931", "109116040", "109116930", "109117431", "109117630", "109117730", "109118701", "109119460", "109120560", "109121351", "109121410", "110115980", "110117200", "110117500", "110118630", "110118740", "110118810", "110118880", "110119030", "110121170", "110121500", "111114121", "111114171", "111115400", "111115770", "111116010", "111116290", "111116750", "111117480", "111118910", "111120220", "111120320", "111121351", "112116451", "112117660", "112118620", "112118820", "112118860", "112118930", "112119580", "112119950", "112120270", "112120700", "112121410", "113118421", "113118630", "113119300", "113119480", "113119950", "113120591", "113120780", "113121190", "113121950", "113122150"], "labels": [3, 1, 2, 0, 3, 2, 3, 1, 1, 2, 1, 2, 1, 0, 2, 1, 3, 3, 1, 3, 2, 0, 0, 2, 2, 0, 3, 2, 2, 3, 2, 2, 3, 2, 2, 3, 1, 3, 3, 1, 1, 1, 1, 0, 2, 0, 1, 0, 3, 1, 2, 1, 0, 1, 1, 3, 3, 1, 0, 0, 1, 0, 0, 1, 1, 3, 0, 3, 2, 1, 3, 0, 0, 0, 2, 1, 3, 2, 3, 1, 0, 1, 1, 1, 1, 1, 0, 0, 1, 0, 0, 1, 0, 3, 3, 1, 1, 0, 0, 1, 3, 1, 1, 3, 1, 0, 0, 2, 3, 0, 3, 0, 3, 1, 2, 3, 1, 0, 3, 1, 0, 0, 0, 3, 0, 3, 1, 3, 0, 0, 2, 0, 3, 3, 1, 3, 0, 0, 0, 1, 3, 2], "predicted_labels": [2, 3, 1, 0, 0, 3, 3, 0, 1, 0, 3, 1, 1, 1, 1, 1, 1, 3, 1, 0, 0, 0, 1, 0, 3, 3, 3, 1, 3, 3, 0, 3, 3, 3, 2, 3, 3, 1, 1, 3, 3, 1, 0, 0, 3, 3, 1, 0, 1, 3, 3, 1, 3, 1, 1, 3, 1, 0, 3, 3, 3, 3, 3, 3, 0, 1, 3, 1, 2, 3, 1, 3, 3, 3, 2, 3, 3, 2, 1, 1, 3, 1, 3, 3, 3, 1, 3, 0, 3, 3, 0, 3, 1, 3, 3, 3, 3, 3, 3, 3, 0, 1, 3, 1, 1, 3, 3, 3, 1, 3, 3, 1, 1, 1, 3, 3, 1, 3, 0, 0, 1, 0, 3, 1, 3, 3, 1, 3, 1, 1, 1, 3, 3, 1, 3, 0, 3, 3, 3, 2, 1, 1], "confidence_scores": [[0.2214950067647674, 0.015472934942401102, 0.6359235075926672, 0.12710855070016422], [0.2499179003358637, 0.2552832665081067, 0.2059299026445973, 0.2888689305114325], [0.03428869639640616, 0.34293225590028903, 0.5481950317751956, 0.07458401592810938], [0.980813461615802, 0.00011888781854133128, 0.0042794091972091705, 0.014788241368447492], [0.9413873866920922, 0.0004411962421164721, 0.004403162093744513, 0.053768254972046604], [0.0553067521027518, 0.30954530496369126, 0.18111518795689255, 0.45403275497666457], [0.2180902263348948, 0.2428896959269402, 0.2345413760989248, 0.3044787016392404], [0.7369976875842792, 0.030973849792586387, 0.17509684304624437, 0.056931619576890205], [0.3478321717317504, 0.3333233602943657, 0.05929462582962699, 0.259549842144257], [0.6676021612712719, 0.0658044415794892, 0.19450311274348475, 0.07209028440575423], [0.29082230051313557, 0.016159037731171538, 0.03198932066871372, 0.6610293410869795], [0.15801609669945055, 0.5848212530668986, 0.11735286375077661, 0.13980978648287432], [0.14086021730445436, 0.400751915145659, 0.30754672982690984, 0.15084113772297703], [0.04856696932096886, 0.5606496468809172, 0.1803254316135551, 0.2104579521845588], [0.11679132875014103, 0.324657611331288, 0.4783587452884716, 0.0801923146300993], [0.5061963175631216, 0.24875760531509755, 0.08094573100027913, 0.16410034612150168], [0.13254328015500333, 0.6569648040023247, 0.14605993712176887, 0.06443197872090299], [0.2777963332740184, 0.21754090106978283, 0.04579692923139062, 0.45886583642480805], [0.1696105676459443, 0.48457786358609733, 0.26694933373630353, 0.07886223503165493], [0.5157154593656811, 0.06615044413199787, 0.2084557297170884, 0.20967836678523277], [0.6972754940122237, 0.046331537215419195, 0.0439328458722477, 0.21246012290010904], [0.5779019352788188, 0.09460466303448481, 0.07332472681168098, 0.2541686748750154], [0.055065577546397945, 0.35292143523721264, 0.2322861900381309, 0.359726797178258], [0.6006796356191685, 0.06574159203028124, 0.21084913536929814, 0.12272963698125197], [0.0669592094780066, 0.278619978398759, 0.2898793413302976, 0.3645414707929369], [0.17853161131607428, 0.021323986630785538, 0.05900963485025899, 0.7411347672028813], [0.3601273026153655, 0.16783981632644843, 0.06427973800056762, 0.4077531430576183], [0.06686140205104936, 0.28265210681868314, 0.6061060136143419, 0.04438047751592593], [0.16738776434617822, 0.15057963893320359, 0.15260435839398936, 0.5294282383266284], [0.4098760329228684, 0.04210001639524087, 0.3092890018409726, 0.23873494884091817], [0.6888909210305517, 0.08523456535517822, 0.017178463337675122, 0.20869605027659513], [0.3417426020391484, 0.16081452317694003, 0.33659404202395843, 0.16084883275995357], [0.11535215180978185, 0.2085297980412427, 0.10604082341521592, 0.5700772267337594], [0.10980861176130673, 0.2556173749458083, 0.09643837395375761, 0.538135639339127], [0.1838418491823095, 0.10073581458528906, 0.5627344678286661, 0.15268786840373552], [0.3085555223037265, 0.0340530263377745, 0.03416366353490307, 0.623227787823596], [0.2826337971029188, 0.12315665923452777, 0.15258559720865417, 0.4416239464538996], [0.02949697810945807, 0.7783689584813339, 0.058338435374937936, 0.13379562803427028], [0.008312526635733264, 0.699698165171373, 0.1682245355145072, 0.12376477267838659], [0.16615191471245774, 0.1887590142720167, 0.14219894227537017, 0.5028901287401556], [0.07000871518378626, 0.19234493158418217, 0.22019213354578349, 0.5174542196862483], [0.01594259272783636, 0.5395650236757511, 0.2917643227273517, 0.1527280608690608], [0.6362389058978862, 0.043606498398164016, 0.2345472958793762, 0.08560729982457367], [0.7407742468996437, 0.09808883343809556, 0.011312388058037111, 0.1498245316042236], [0.06408878235074264, 0.2608399910168139, 0.22448589830955992, 0.4505853283228835], [0.13352371589942938, 0.301300280652688, 0.022498771777529434, 0.5426772316703534], [0.08444736944169456, 0.3843886259833589, 0.4770977240473956, 0.054066280527551046], [0.6716496863357967, 0.06507941733852865, 0.012678715339504817, 0.25059218098616964], [0.3974618235248984, 0.40829028613536, 0.023629181220756777, 0.1706187091189847], [0.6065194283618967, 0.010082783038003187, 0.029138138425567804, 0.35425965017453237], [0.23159165827344316, 0.11045726063442553, 0.3872553112170136, 0.2706957698751176], [0.31277603280617844, 0.48011813024974637, 0.05030735927503235, 0.1567984776690431], [0.2050825248732415, 0.21148529717072162, 0.020725285365876367, 0.5627068925901604], [0.02689295384614464, 0.4300430423753307, 0.4659342232588086, 0.07712978051971617], [0.04967900480089506, 0.33455907238369265, 0.46933236211627133, 0.14642956069914098], [0.512663899601919, 0.06332381036697521, 0.06817410963239243, 0.35583818039871357], [0.10710168620275808, 0.7542443005479256, 0.06340460675480503, 0.07524940649451126], [0.8415292590605415, 0.00889898831796137, 0.014703723988045557, 0.13486802863345174], [0.16533305098403794, 0.23766519133955596, 0.020092771515949195, 0.5769089861604565], [0.2738370092206896, 0.061359780939290724, 0.11555341888640006, 0.5492497909536196], [0.28564070577353545, 0.2887802976709067, 0.06307493987058839, 0.3625040566849695], [0.045776203326896664, 0.06570182097047339, 0.009323749725086438, 0.8791982259775434], [0.047195519137494854, 0.009194929199880972, 0.5408219840945497, 0.40278756756807454], [0.18398566518402196, 0.029938868568761476, 0.011180250695420049, 0.7748952155517966], [0.7626623721979191, 0.007021098059866272, 0.08123328729226405, 0.14908324244995066], [0.030720129559702228, 0.7085720215804291, 0.18368145636157127, 0.07702639249829706], [0.2378327989087845, 0.03936413516243933, 0.08990046178745113, 0.632902604141325], [0.2164087646506887, 0.5120316510140204, 0.16155086342533495, 0.11000872090995575], [0.0023145758084735656, 0.16046046433548145, 0.7927156634754539, 0.04450929638059116], [0.014434732237700044, 0.16031532848275018, 0.4901717806812182, 0.3350781585983316], [0.03137771035724136, 0.3602660119177565, 0.2980948293080359, 0.31026144841696646], [0.2595990174391442, 0.1668681057605997, 0.012184015153638034, 0.5613488616466178], [0.4784847101732552, 0.0042836962032971136, 0.03723300331391499, 0.47999859030953246], [0.3749762250750494, 0.036210583695977544, 0.2884002827200995, 0.3004129085088738], [0.11506007275006462, 0.2510959544060463, 0.6027927147397123, 0.03105125810417648], [0.25373532544423555, 0.2177051482079446, 0.09816498889714462, 0.4303945374506752], [0.15922559327456082, 0.25078442346787677, 0.1573542767076675, 0.43263570654989497], [0.007193528197633452, 0.2577799767260624, 0.7009244878726071, 0.034102007203697236], [0.21796857580706375, 0.33627376673539705, 0.18051060271518826, 0.2652470547423506], [0.033326364102559194, 0.7944288076402862, 0.1225187673004126, 0.04972606095674208], [0.024321863956392114, 0.27663166238734144, 0.02680282245273604, 0.6722436512035302], [0.023493432678263256, 0.6898077810294487, 0.22536869913713747, 0.061330087155150585], [0.17111675672315604, 0.16704729522791395, 0.38195909688440954, 0.2798768511645201], [0.35059870735980475, 0.04702177240618041, 0.010527031610632506, 0.5918524886233821], [0.24270578460443937, 0.08684466282857585, 0.09206859578232651, 0.5783809567846585], [0.27557831756694634, 0.3896999859474101, 0.10353699720554521, 0.23118469928009805], [0.2679225712024436, 0.10025927454493053, 0.3384375981350041, 0.29338055611762154], [0.6148076046413902, 0.016289016312563298, 0.3427323639282588, 0.026171015117787685], [0.34699231226179234, 0.07419461165151799, 0.3701572258873666, 0.2086558501993232], [0.0715884855764633, 0.14725199386213764, 0.2008693002577327, 0.5802902203036667], [0.6156095124749893, 0.07952585716294036, 0.030351761908733725, 0.2745128684533367], [0.5889004036253549, 0.09874719910541799, 0.014297508205132632, 0.29805488906409455], [0.2733600292362737, 0.34597613685948797, 0.09367651845566975, 0.2869873154485685], [0.3062540170667647, 0.0681150733345535, 0.24221744085633523, 0.38341346874234633], [0.05570122625023772, 0.2719364931240393, 0.2302598000205295, 0.4421024806051937], [0.05720450835000818, 0.25297228676503314, 0.37004384284360986, 0.3197793620413488], [0.06572483513162149, 0.2510867680597664, 0.37113358154624243, 0.3120548152623694], [0.387051266151485, 0.03633656112428681, 0.12908275379788733, 0.4475294189263407], [0.02108196140105563, 0.27015958105200466, 0.05164866660489809, 0.6571097909420414], [0.39569884557248963, 0.05205354804261191, 0.31496771751124886, 0.2372798888736497], [0.8330131601392827, 0.03842125016703511, 0.03241928846466601, 0.09614630122901605], [0.2879226413385176, 0.3714788139613709, 0.06241309439165416, 0.2781854503084572], [0.16306429674230444, 0.21352182642193693, 0.16486414810056604, 0.4585497287351926], [0.2607470007344852, 0.30292383588059474, 0.11211540868884544, 0.3242137546960744], [0.25490216973398483, 0.5637882406690814, 0.0816718696606355, 0.09963771993629833], [0.44590562965163416, 0.15824621654885973, 0.0067093568407660415, 0.38913879695874], [0.24943786933117934, 0.26153241715522973, 0.017838134504890114, 0.47119157900870123], [0.045627803880196424, 0.029980995120999377, 0.6452099388662281, 0.2791812621325759], [0.34390993070269366, 0.44644952067268767, 0.01415699777776658, 0.19548355084685196], [0.49710328491155786, 0.11086838925040593, 0.1328788599125825, 0.25914946592545357], [0.08683581224732358, 0.38300164965818584, 0.13347138541310247, 0.3966911526813882], [0.49948041412723493, 0.3137015039444378, 0.0804534555055723, 0.10636462642275522], [0.18702925695303116, 0.39446151947401226, 0.3240035367618451, 0.09450568681111145], [0.08826669161314414, 0.48208197237371325, 0.30360250194492994, 0.12604883406821246], [0.03713931447779515, 0.1106691998056326, 0.5752678540473479, 0.2769236316692246], [0.09472689637512124, 0.06513026270874427, 0.01680824726145425, 0.8233345936546806], [0.09497154863877734, 0.3441474431573401, 0.3027943893351482, 0.258086618868734], [0.27546699051843904, 0.17884448538665754, 0.1762637543893077, 0.3694247697055959], [0.6323201865914996, 0.14740896721614077, 0.17584850486789122, 0.044422341324468526], [0.6060091527208702, 0.10143486955208131, 0.05029520743652904, 0.2422607702905193], [0.4927449967674684, 0.40829939785558933, 0.03836882546831953, 0.06058677990862235], [0.7282987418798034, 0.06283717489767532, 0.017077893045574232, 0.19178619017694717], [0.3339455939099824, 0.15893504102693515, 0.12358388874458402, 0.38353547631849816], [0.04466289404491848, 0.7399099302269131, 0.11167480892313322, 0.1037523668050352], [0.5057313526049004, 0.07913441702042101, 0.03432136909017346, 0.38081286128450487], [0.3526358111910233, 0.06793768719168333, 0.0961488490853137, 0.48327765253197963], [0.1363463456604707, 0.20944909503930584, 0.4911575158754496, 0.1630470434247739], [0.6064030128907408, 0.011768174411520201, 0.010975602019514693, 0.3708532106782245], [0.39941533424766845, 0.3109258055605525, 0.03743569531258068, 0.25222316487919855], [0.12096329491413901, 0.32544952850099607, 0.5018735329819641, 0.05171364360290088], [0.11098268593822191, 0.5115242678328559, 0.21804650784295446, 0.15944653838596773], [0.3890428370438576, 0.22638562572548576, 0.11381981550212679, 0.2707517217285297], [0.2039631317845943, 0.011978090317419626, 0.009820409327599994, 0.7742383685703861], [0.07180029624397703, 0.43317725297404425, 0.10067771107864004, 0.3943447397033388], [0.254010604953722, 0.09660084628477233, 0.10505296412315723, 0.5443355846383485], [0.5189388394251198, 0.22245612338197152, 0.06619204302736088, 0.19241299416554786], [0.24846888530297861, 0.12397353760915131, 0.04308559947217258, 0.5844719776156976], [0.14319542838343816, 0.20106418015108782, 0.4595500151547332, 0.19619037631074093], [0.033661246591404737, 0.19719428492350344, 0.04862582898397954, 0.7205186395011123], [0.14947460031284743, 0.15430926038465123, 0.5296742098400253, 0.1665419294624761], [0.07649839608394969, 0.6221708761773603, 0.15329443899171188, 0.14803628874697813], [0.04051016340043661, 0.6794006141593238, 0.24680099278848358, 0.03328822965175577]]}}