{"test": {"ids": ["112117660", "103113101", "104113000", "97112830", "104111880", "112119500", "99109860", "100117420", "112119980", "109120150", "108113480", "109119340", "97107040", "111116170", "108114220", "113120280", "106117650", "107119130", "97105760", "111114941", "113118630", "111116411", "107117630", "99111000", "102110850", "106114280", "108118301", "101111210", "99112531", "112117431", "113119120", "110113591", "101115190", "104118340", "113122430", "105113260", "104111620", "111119340", "108119510", "101116130", "112120270", "103117200", "113118810", "109119460", "109116040", "102108621", "103113270", "104117200", "110120700", "108120280", "108114670", "99117740", "105116501", "112117210", "108115570", "106116120", "101109370", "113117340", "97111790", "105115680", "110120640", "112118890", "113122170", "102112301", "97113260", "110118701", "111117000", "104113190", "104114230", "107115140", "108117720", "102109010", "111121930", "100116500", "98110810", "113120601", "113118690", "99109161", "104111780", "98108370", "98113881", "105116650", "110119300", "110117200", "110116441", "106116640", "108121190", "110115890", "103109641", "111115770", "107120130", "113118620", "109113591", "98108150", "105118740", "110114321", "111120320", "113119340", "107114140", "100113370", "108114360", "107121540", "112119320", "98106680", "108117610", "101109120", "112119930", "107118820", "106113190", "108120060", "111116010", "111116290", "106116850", "101108500", "105110091", "100108990", "98106560", "104118070", "110116170", "104113550", "99109910", "97116500", "103111540", "98116500", "97116800", "98106111", "98108520", "103110760", "98117740", "111118301", "111120280", "97116401", "107120880", "102113350", "103110100", "98110710", "100109000", "97112300", "97109570", "110116300", "101114990", "109118820"], "labels": [0, 3, 1, 2, 3, 2, 2, 2, 0, 2, 0, 3, 2, 0, 3, 0, 1, 1, 0, 0, 3, 0, 0, 2, 3, 3, 1, 2, 3, 0, 3, 0, 1, 2, 2, 3, 0, 3, 1, 2, 0, 0, 3, 1, 0, 3, 2, 3, 2, 3, 3, 2, 1, 1, 3, 1, 1, 2, 2, 2, 0, 3, 1, 1, 1, 3, 0, 3, 2, 0, 1, 1, 1, 2, 1, 2, 3, 3, 3, 1, 3, 1, 1, 3, 3, 3, 1, 2, 1, 3, 2, 3, 3, 0, 1, 1, 1, 0, 2, 3, 1, 2, 1, 1, 3, 1, 1, 3, 0, 1, 1, 2, 3, 3, 0, 2, 1, 2, 0, 1, 2, 2, 1, 2, 0, 0, 2, 1, 2, 3, 0, 3, 1, 3, 1, 2, 1, 2, 0, 3, 3, 3], "predicted_labels": [3, 1, 3, 3, 3, 1, 1, 3, 1, 3, 3, 1, 2, 3, 0, 0, 1, 1, 0, 1, 1, 0, 0, 1, 1, 0, 3, 3, 0, 0, 3, 0, 3, 1, 1, 3, 0, 3, 3, 1, 0, 1, 1, 3, 3, 0, 3, 1, 3, 3, 3, 0, 1, 1, 1, 0, 1, 1, 1, 1, 3, 1, 2, 3, 1, 1, 1, 1, 0, 3, 3, 1, 3, 0, 1, 1, 3, 0, 1, 3, 1, 1, 3, 0, 1, 3, 1, 1, 1, 0, 1, 1, 0, 1, 3, 0, 3, 0, 3, 0, 3, 1, 1, 1, 3, 3, 3, 1, 3, 0, 1, 3, 2, 2, 0, 3, 3, 3, 1, 0, 1, 1, 3, 3, 0, 1, 1, 3, 1, 3, 3, 1, 3, 3, 1, 1, 3, 0, 0, 1, 1, 1], "confidence_scores": [[0.2891908871464024, 0.27080441706402936, 0.12717775537834025, 0.3128269404112283], [0.24878469488883068, 0.29839174234265786, 0.18938361511067353, 0.26343994765783785], [0.26475161832684585, 0.27592910235416046, 0.1547878415160743, 0.30453143780291897], [0.27481354313728196, 0.2603926037899836, 0.17437600625824656, 0.2904178468144878], [0.17339933148337838, 0.31763253197239333, 0.22933211780768611, 0.27963601873654204], [0.17012009655183638, 0.35943779187662317, 0.2959490943263233, 0.17449301724521718], [0.19570270763602027, 0.34796962260958264, 0.23047835080625093, 0.225849318948146], [0.27431190202120925, 0.2552621255756545, 0.16218314655215862, 0.30824282585097734], [0.2577457608830693, 0.33821528617765095, 0.14224745013150092, 0.2617915028077788], [0.20033078918300018, 0.2882862570138389, 0.27229034061794605, 0.23909261318521463], [0.24383252654912396, 0.2835871032930104, 0.17894807475034316, 0.2936322954075224], [0.2676938621956846, 0.30247145052588426, 0.12850426495899514, 0.30133042231943596], [0.17520310876219256, 0.29968461399645163, 0.3242170222618028, 0.200895254979553], [0.27588895163739396, 0.29416501547703927, 0.11959141286542099, 0.3103546200201456], [0.29602050911024086, 0.26492206529812223, 0.1550917371129283, 0.28396568847870834], [0.37128382150104905, 0.1882783766521271, 0.06650560510977907, 0.3739321967370449], [0.22655072737298865, 0.3079196642345138, 0.23382999130567114, 0.23169961708682651], [0.20076665498206514, 0.3090648655986598, 0.21647050139180252, 0.2736979780274723], [0.3466605021066106, 0.23737872560239484, 0.07582291681395029, 0.3401378554770444], [0.23060418534222482, 0.3578324761261306, 0.11544857413416872, 0.2961147643974763], [0.17192387894286926, 0.3418094067305951, 0.25757844531041474, 0.2286882690161212], [0.3378867486334899, 0.2151369310918456, 0.11422078364606603, 0.33275553662859797], [0.34430864448010906, 0.20570831723410443, 0.15145139675234146, 0.29853164153344497], [0.22105378043743612, 0.2990749612536086, 0.23227909117353382, 0.24759216713542148], [0.1913299075458705, 0.34594411875798087, 0.20427607000116133, 0.2584499036949872], [0.28744717964441374, 0.2666449124613679, 0.16268514366566514, 0.28322276422855297], [0.26598805357154914, 0.2939475545397784, 0.12854568292648488, 0.3115187089621876], [0.2379187465286054, 0.2719898553110492, 0.16884455106156243, 0.3212468470987828], [0.2670578949079116, 0.2529186801189828, 0.20293568717091157, 0.277087737802194], [0.3015242915501585, 0.28189729363193, 0.1142478494903211, 0.30233056532759045], [0.2854947387767087, 0.2817384328608166, 0.10273787999022627, 0.3300289483722481], [0.3485738687701213, 0.23027838910970436, 0.08217927042052509, 0.33896847169964917], [0.27093741380962205, 0.2502709518039942, 0.20372395478811814, 0.2750676795982655], [0.2534063808372419, 0.30197651733768716, 0.1629370847464642, 0.2816800170786069], [0.20372670348567626, 0.3035300679905675, 0.221462920343764, 0.27128030817999227], [0.26633136572911864, 0.27657224394893914, 0.157334567201984, 0.29976182311995825], [0.35285213601487864, 0.263383543154079, 0.04760311942770932, 0.3361612014033331], [0.228075412771666, 0.2719021366846829, 0.20148409460076022, 0.298538355942891], [0.2706586776670518, 0.2638117547544746, 0.16010353438502803, 0.3054260331934458], [0.20326698792687378, 0.29669074620974994, 0.25045628011809545, 0.24958598574528093], [0.31176675249656194, 0.2736998006198336, 0.10127898680725428, 0.3132544600763504], [0.2575276896600595, 0.37233403392329767, 0.12237920238501605, 0.2477590740316271], [0.24304321849592697, 0.3419974906553659, 0.1684780894618018, 0.24648120138690535], [0.3046219851578453, 0.2624094775190605, 0.11151842035379171, 0.32145011696930254], [0.2662545520330324, 0.28370224206805217, 0.1404244096239047, 0.30961879627501077], [0.3383774529578214, 0.25643330567006273, 0.06602245630577583, 0.3391667850663402], [0.19646357758912236, 0.28542224548476236, 0.2745471283335745, 0.24356704859254089], [0.2379816386532334, 0.34249637836810504, 0.15642303976146774, 0.26309894321719346], [0.2792196637689413, 0.26576410640940257, 0.12885428718196887, 0.32616194263968745], [0.3148056541142793, 0.20765009415234928, 0.11844398958098865, 0.3591002621523828], [0.2747624477921642, 0.2800690235633761, 0.15492467192642947, 0.2902438567180303], [0.3241939640433097, 0.26041215071379314, 0.13355616558422598, 0.28183771965867105], [0.2720546678103754, 0.29618534815748976, 0.15390046623123557, 0.27785951780089935], [0.17959658737056527, 0.3107540254350191, 0.26379230179231733, 0.24585708540209827], [0.1825143955490628, 0.31486843391945624, 0.24824826801360936, 0.2543689025178718], [0.24913725676759146, 0.2747956832259791, 0.21917755559627738, 0.2568895044101523], [0.23958823471636612, 0.298818532710353, 0.23708727008505798, 0.22450596248822308], [0.24903659888351518, 0.3264198265939451, 0.1321799098579987, 0.2923636646645411], [0.2507573189420832, 0.2917670982666281, 0.2061141412836378, 0.2513614415076508], [0.17778573342534373, 0.3253918621440997, 0.2573801482098762, 0.23944225622068033], [0.30611981825118717, 0.22671890123583338, 0.13810449606266711, 0.3290567844503123], [0.2087895220409074, 0.3040604488381551, 0.2270077378731109, 0.2601422912478266], [0.15231483739198723, 0.30533128427119427, 0.3152281606043679, 0.2271257177324505], [0.2346435185138207, 0.28678656942805797, 0.2018150524368476, 0.2767548596212738], [0.2109048677334986, 0.28267012600712044, 0.2764542644910517, 0.2299707417683292], [0.26243561663531095, 0.3254229640633787, 0.12289920986158302, 0.2892422094397275], [0.21834713911438378, 0.3226941501486693, 0.20057194222920796, 0.2583867685077392], [0.2325864852334455, 0.3308946270346596, 0.15948823064581333, 0.2770306570860813], [0.267759491645852, 0.27509542997026504, 0.21711195233273675, 0.24003312605114613], [0.3127947537048427, 0.19959682973005757, 0.12747230625409323, 0.3601361103110067], [0.316819050862434, 0.23777189724183143, 0.09604108412059129, 0.34936796777514334], [0.22886964842355945, 0.2832083844731733, 0.24370637240998463, 0.24421559469328233], [0.21030746061176997, 0.26652529623925564, 0.25812070424921807, 0.2650465388997564], [0.2555407208371452, 0.24369170578826774, 0.2442734796358577, 0.2564940937387294], [0.1950416628375288, 0.29899402818161924, 0.28779472751300805, 0.21816958146784388], [0.1792353442880938, 0.33423922828902947, 0.27617055914620026, 0.21035486827667643], [0.22039310734715944, 0.3035764610430311, 0.18135732673484278, 0.29467310487496695], [0.297003925247684, 0.27415867415483036, 0.14564754797665425, 0.2831898526208316], [0.27778515381400215, 0.3281031682097734, 0.10645043290515271, 0.2876612450710718], [0.27982115122917434, 0.2524429615038237, 0.16545253691802905, 0.3022833503489727], [0.2197480365048778, 0.31753120559754555, 0.21890096383451635, 0.2438197940630604], [0.16035663324759802, 0.340479973960531, 0.29663673889508074, 0.2025266538967904], [0.2254628470305747, 0.2692836950128439, 0.20032729634852126, 0.30492616160805996], [0.29939066184251256, 0.30029738108436094, 0.11854830262381086, 0.2817636544493157], [0.22087822928793477, 0.3214460903426035, 0.1736985271771928, 0.2839771531922689], [0.3047155538025479, 0.21771402701014078, 0.14743558230431994, 0.3301348368829915], [0.15151249706217942, 0.3685006544501111, 0.23234958100481673, 0.2476372674828927], [0.24226164639127828, 0.33918691005677054, 0.19407959887717224, 0.22447184467477874], [0.20323534534237533, 0.29764890729925, 0.25131310888172326, 0.2478026384766516], [0.33324693643714975, 0.2559571023215249, 0.07087126959501232, 0.33992469164631306], [0.22630186336812028, 0.33319226960343556, 0.18169525811802856, 0.25881060891041596], [0.23894595524349344, 0.29763959436839676, 0.1830951890127156, 0.2803192613753941], [0.3175874320867591, 0.27940563859783724, 0.09100186458503569, 0.3120050647303684], [0.1897352296887227, 0.2986917468869411, 0.2731969806617784, 0.2383760427625581], [0.1981573581083233, 0.2893057159250692, 0.2568985849881746, 0.25563834097843274], [0.2770277262698299, 0.28336688794241516, 0.18395112313203812, 0.2556542626557167], [0.25486360665383195, 0.27923365923866156, 0.18382979464045368, 0.28207293946705314], [0.3230387858150947, 0.24910927921463547, 0.10706703217524578, 0.3207849027950241], [0.20925962582794636, 0.2820043853355167, 0.21165984010746325, 0.29707614872907345], [0.28138316007031194, 0.27709243679629375, 0.1562164162473631, 0.2853079868860312], [0.23698289906009654, 0.2724805240327192, 0.2084860914325521, 0.28205048547463235], [0.1734232335257528, 0.31527351591514635, 0.2721734909244913, 0.2391297596346095], [0.1690623884655878, 0.3699140046159366, 0.21375288370463053, 0.24727072321384516], [0.1907593460476887, 0.32360524821349707, 0.27775129311010954, 0.20788411262870457], [0.2295669489396119, 0.28527460243929875, 0.18225571332584736, 0.3029027352952421], [0.287346302313912, 0.24892135597108395, 0.17095893288841127, 0.2927734088265926], [0.2181528360546787, 0.2804248808817969, 0.23362500066109537, 0.2677972824024288], [0.19151508076851864, 0.318424252904938, 0.23521648926541874, 0.25484417706112505], [0.2324585610124388, 0.28505529637707755, 0.1875694121506892, 0.29491673045979466], [0.2958517904216721, 0.2836547446753137, 0.16629372050797406, 0.25419974439503984], [0.15193358110591032, 0.345751830341367, 0.2667815972204707, 0.23553299133225203], [0.2242105634130604, 0.29264149365623926, 0.2166840626974411, 0.266463880233259], [0.2007737798718708, 0.29074591334718064, 0.29874539776985715, 0.20973490901109157], [0.16114577556932577, 0.3007247088656876, 0.30935503256212415, 0.22877448300286227], [0.30351017041421013, 0.29422366542842093, 0.14141363495660839, 0.2608525292007606], [0.267029820863684, 0.26737982336264504, 0.1776932922541053, 0.2878970635195657], [0.1807091798674612, 0.2722231317033992, 0.29226638775662994, 0.25480130067250967], [0.1802281394954128, 0.2882733893303112, 0.2461729730843521, 0.28532549808992413], [0.28954424773015397, 0.30145756591140455, 0.1031338525629791, 0.3058643337954627], [0.37721776916807054, 0.21118784480096456, 0.04923765382844759, 0.36235673220251735], [0.23017891230374096, 0.30727999761378255, 0.2536003750174377, 0.20894071506503906], [0.2493137248985611, 0.2934577683322633, 0.2048985071055367, 0.25232999966363906], [0.2427092641015103, 0.2757964046379585, 0.20884962453063452, 0.27264470672989705], [0.28731119778732467, 0.2095229781661229, 0.18852984743605145, 0.3146359766105012], [0.36287699834904374, 0.21703135344537208, 0.0943895472070051, 0.32570210099857927], [0.2063374385746457, 0.2835329942887892, 0.28665499554148466, 0.22347457159508044], [0.2504343682553925, 0.32202150964916415, 0.20387667723815406, 0.22366744485728954], [0.30048360023364545, 0.22292096508972153, 0.13674443297553604, 0.3398510017010972], [0.2276253383330943, 0.3171914175637104, 0.21679706739784238, 0.23838617670535323], [0.2797289527433227, 0.2579869945068382, 0.1757535011691032, 0.28653055158073576], [0.2862873964879069, 0.25092837134372104, 0.1298767369906806, 0.3329074951776912], [0.2535090858535705, 0.2951233845040235, 0.21248731960310377, 0.23888021003930276], [0.2201260534930751, 0.29289524936924344, 0.1739230999331765, 0.3130555972045052], [0.22852431912036994, 0.2818759047397041, 0.20894624931196656, 0.28065352682795947], [0.25756642784961714, 0.29855802735631826, 0.19929598758093278, 0.24457955721313143], [0.14439626170474829, 0.33288253282987407, 0.32081952960120835, 0.20190167586416954], [0.2375447501803385, 0.26585676452346213, 0.18910371582672808, 0.307494769469471], [0.26497394308633604, 0.23346320830617134, 0.221184669069989, 0.28037817953750366], [0.3102447010119993, 0.2391990590066649, 0.1338220290038145, 0.31673421097752136], [0.26050306205560037, 0.3052801366921435, 0.16601453084405973, 0.2682022704081964], [0.23159837410629824, 0.32017420415403275, 0.19755561587399112, 0.2506718058656781], [0.29885482304264743, 0.30551645010435297, 0.1219596268816434, 0.2736690999713559]]}, "rewritten": {"ids": ["97105760", "97107040", "97109570", "97111790", "97112300", "97112830", "97113260", "97116401", "97116500", "97116800", "98106111", "98106560", "98106680", "98108150", "98108370", "98108520", "98110710", "98110810", "98113881", "98116500", "98117740", "99109161", "99109860", "99109910", "99111000", "99112531", "99117740", "100108990", "100109000", "100113370", "100116500", "100117420", "101108500", "101109120", "101109370", "101111210", "101114990", "101115190", "101116130", "102108621", "102109010", "102110850", "102112301", "102113350", "103109641", "103110100", "103110760", "103111540", "103113101", "103113270", "103117200", "104111620", "104111780", "104111880", "104113000", "104113190", "104113550", "104114230", "104117200", "104118070", "104118340", "105110091", "105113260", "105115680", "105116501", "105116650", "105118740", "106113190", "106114280", "106116120", "106116640", "106116850", "106117650", "107114140", "107115140", "107117630", "107118820", "107119130", "107120130", "107120880", "107121540", "108113480", "108114220", "108114360", "108114670", "108115570", "108117610", "108117720", "108118301", "108119510", "108120060", "108120280", "108121190", "109113591", "109116040", "109118820", "109119340", "109119460", "109120150", "110113591", "110114321", "110115890", "110116170", "110116300", "110116441", "110117200", "110118701", "110119300", "110120640", "110120700", "111114941", "111115770", "111116010", "111116170", "111116290", "111116411", "111117000", "111118301", "111119340", "111120280", "111120320", "111121930", "112117210", "112117431", "112117660", "112118890", "112119320", "112119500", "112119930", "112119980", "112120270", "113117340", "113118620", "113118630", "113118690", "113118810", "113119120", "113119340", "113120280", "113120601", "113122170", "113122430"], "labels": [0, 2, 0, 2, 2, 2, 1, 3, 2, 0, 0, 1, 1, 0, 1, 2, 2, 1, 3, 2, 2, 3, 2, 2, 2, 3, 2, 2, 1, 3, 2, 2, 3, 1, 1, 2, 3, 1, 2, 3, 1, 3, 1, 3, 1, 1, 1, 1, 3, 2, 0, 0, 3, 3, 1, 3, 1, 2, 3, 2, 2, 0, 3, 2, 1, 1, 1, 0, 3, 1, 3, 3, 1, 2, 0, 0, 3, 1, 2, 1, 2, 0, 3, 1, 3, 3, 3, 1, 1, 1, 1, 3, 1, 3, 0, 3, 3, 1, 2, 0, 1, 2, 0, 3, 3, 3, 3, 1, 0, 2, 0, 3, 1, 0, 2, 0, 0, 3, 3, 0, 1, 1, 1, 0, 0, 3, 1, 2, 1, 0, 0, 2, 3, 3, 3, 3, 3, 0, 0, 2, 1, 2], "predicted_labels": [0, 2, 0, 3, 3, 3, 1, 3, 1, 0, 3, 3, 1, 3, 3, 1, 2, 1, 1, 3, 0, 0, 1, 1, 1, 1, 3, 1, 1, 0, 0, 0, 2, 0, 1, 3, 3, 2, 1, 0, 1, 1, 3, 3, 2, 1, 3, 3, 3, 3, 1, 3, 1, 1, 3, 3, 0, 1, 1, 3, 3, 2, 3, 1, 3, 1, 3, 3, 1, 0, 3, 3, 1, 1, 3, 0, 3, 1, 0, 3, 2, 3, 3, 1, 0, 1, 1, 3, 0, 3, 1, 3, 1, 1, 3, 0, 0, 3, 3, 1, 0, 1, 1, 3, 3, 0, 1, 1, 3, 1, 1, 3, 3, 3, 3, 3, 1, 1, 3, 3, 3, 0, 1, 1, 3, 1, 1, 1, 3, 1, 3, 1, 1, 1, 3, 1, 3, 0, 3, 1, 1, 1], "confidence_scores": [[0.30436044782821364, 0.26246671839658414, 0.14034443605748154, 0.2928283977177207], [0.21625051891752983, 0.27177651471273767, 0.2828971612752537, 0.229075805094479], [0.31416027884542763, 0.24797582613342078, 0.1601673248739014, 0.27769657014725035], [0.2333113739280356, 0.2744168979804223, 0.23834590432962444, 0.2539258237619179], [0.19048826907370664, 0.2860312050195388, 0.2752894570088624, 0.24819106889789225], [0.2792501623525794, 0.2473219099463295, 0.19074739434574606, 0.2826805333553451], [0.2298489304439387, 0.2770638857043877, 0.24374059504070134, 0.24934658881097238], [0.25240831962890264, 0.24784977530244545, 0.22409157159530343, 0.2756503334733486], [0.20764423124337184, 0.2939148094541191, 0.24376143637191452, 0.2546795229305946], [0.27192359669999927, 0.25441583272067614, 0.2009790090324071, 0.27268156154691753], [0.21251244643965964, 0.27705977130512954, 0.2556450696000006, 0.2547827126552102], [0.18932092848563717, 0.2838627972493621, 0.27386647506820194, 0.25294979919679866], [0.16266823777365597, 0.33311584722062215, 0.3097689958591105, 0.19444691914661133], [0.2145724409452996, 0.26962244088036197, 0.2677574833605781, 0.24804763481376066], [0.20875509615326965, 0.27923457467019336, 0.2281548022359878, 0.28385552694054905], [0.2202448631513075, 0.2962221997624184, 0.24229383083075187, 0.24123910625552208], [0.16268420885975493, 0.3206574295590538, 0.32157197449257807, 0.1950863870886134], [0.19858477715562642, 0.2985960541099337, 0.29112079544421987, 0.2116983732902197], [0.214791981289524, 0.3081595471054697, 0.23503800994571586, 0.24201046165929055], [0.23178888276255505, 0.23379595354952712, 0.23730600126627047, 0.29710916242164737], [0.26844916747265823, 0.2592707682261881, 0.1977381952885976, 0.27454186901255595], [0.26206448727321396, 0.2784419572170403, 0.205322008751911, 0.2541715467578351], [0.21550847561852088, 0.2936441272892446, 0.23918292448407275, 0.2516644726081617], [0.21938847586841825, 0.29227212326761803, 0.2585201455093195, 0.2298192553546442], [0.2164550444831157, 0.30458811198358615, 0.24085453231508094, 0.23810231121821737], [0.22806298088299173, 0.284498025094317, 0.24918146497078233, 0.23825752905190867], [0.23860551187144058, 0.27149421661610745, 0.2221715643859848, 0.2677287071264669], [0.20517576776234406, 0.28736108057169835, 0.268114182060384, 0.2393489696055733], [0.22564633585029414, 0.2884540488238659, 0.23129502648092556, 0.25460458884491466], [0.26325896213870575, 0.2595886224096499, 0.23112672760140482, 0.24602568785023957], [0.2638818587316913, 0.2729363468151246, 0.24828697631630406, 0.21489481813688002], [0.2777727167724798, 0.25149696896974333, 0.18633146761962172, 0.28439884663815534], [0.18732947012629983, 0.28197266157921935, 0.2976526819455586, 0.2330451863489223], [0.25214344744792394, 0.2671304243500076, 0.21652254012912944, 0.2642035880729389], [0.15880342938645028, 0.32765763896166794, 0.30939092522612, 0.2041480064257616], [0.19664701959888695, 0.2676108665836998, 0.26222396220986166, 0.2735181516075517], [0.1953405950427044, 0.2956301322457513, 0.2556382426470124, 0.25339103006453195], [0.1831057351233532, 0.2866581915193867, 0.30105246051100587, 0.22918361284625427], [0.20752634170791465, 0.28771195513965936, 0.26051176199429676, 0.244249941158129], [0.246768810950162, 0.24949422590179693, 0.2612196638143388, 0.24251729933370209], [0.17638119263019966, 0.3152653469583883, 0.27414224310238233, 0.23421121730902972], [0.15358128541024407, 0.31737750096928613, 0.2963247759516633, 0.23271643766880618], [0.23183876186785807, 0.2576652022219556, 0.25230142283019924, 0.25819461307998687], [0.22652466541238195, 0.25435349558588843, 0.24019467058758562, 0.278927168414144], [0.16908564164250153, 0.28800206339651646, 0.311875352893072, 0.23103694206790995], [0.23417128271563853, 0.3081148122255503, 0.21967015575212628, 0.23804374930668493], [0.21925021481277043, 0.26317838549804984, 0.25714643989662994, 0.2604249597925498], [0.20676036464322753, 0.25898087581429674, 0.28349946802216736, 0.2507592915203084], [0.17784345959106226, 0.2938342702386986, 0.288322542732932, 0.23999972743730702], [0.19512270711687907, 0.2764344251175872, 0.281900446642475, 0.24654242112305882], [0.21185689489001533, 0.3492358476885278, 0.20375336666999622, 0.23515389075146056], [0.25391169359436855, 0.249108208841252, 0.2026753232310015, 0.2943047743333781], [0.2429819901205307, 0.3204291266192474, 0.17897985666600763, 0.25760902659421403], [0.1924608229204296, 0.3100148839228823, 0.26168559720814666, 0.23583869594854173], [0.2865212771656473, 0.28058764150492427, 0.12884790657324646, 0.30404317475618237], [0.26907870782454657, 0.27639989543906857, 0.17015812825092172, 0.28436326848546317], [0.3501950972694344, 0.2156838418010486, 0.10532193100191783, 0.32879912992759963], [0.23040568638017872, 0.3053078022126637, 0.24264953931318237, 0.2216369720939752], [0.21990754634400586, 0.30614761571588, 0.2331725332376227, 0.24077230470249147], [0.20989692479279023, 0.2867273694664555, 0.24029441937063284, 0.26308128637012135], [0.22614159239659995, 0.27583621904491934, 0.218815744364417, 0.2792064441940636], [0.16408469675074405, 0.29687085980563144, 0.31005358715091874, 0.22899085629270569], [0.26765899624276845, 0.25209555858712007, 0.1840416121652592, 0.2962038330048522], [0.17266640030351493, 0.3273987979361725, 0.26296732157200026, 0.23696748018831235], [0.25048661197319405, 0.25833974710756513, 0.20356286158124287, 0.28761077933799817], [0.1500799442654881, 0.32591958036178753, 0.30801973220288503, 0.21598074316983928], [0.2382850812519689, 0.2756956991661816, 0.20600044445554863, 0.2800187751263009], [0.2092122967869811, 0.2745379702632468, 0.23474812472540574, 0.2815016082243665], [0.21205016752120046, 0.2953165335928079, 0.24915498264166314, 0.2434783162443286], [0.3014540199804078, 0.2568388463541503, 0.16757261859382355, 0.2741345150716183], [0.276528834277723, 0.24281769200153663, 0.19373695173504754, 0.2869165219856927], [0.19236767165436203, 0.27094661585513674, 0.2869199872111479, 0.24976572527935298], [0.17522382969920053, 0.3137623355132124, 0.2932962682131315, 0.21771756657445585], [0.25388050270987794, 0.356347386813875, 0.13887542478035425, 0.2508966856958929], [0.27148632229608427, 0.22248085778804114, 0.19392398258761007, 0.3121088373282645], [0.302991144034801, 0.23079525462147107, 0.1924705267936728, 0.2737430745500552], [0.2064985912165696, 0.2873339191097069, 0.23392756916479268, 0.2722399205089309], [0.20813924740989692, 0.30882108835973265, 0.22969588648261874, 0.2533437777477519], [0.25245048217945376, 0.2752686092911251, 0.2108062477047287, 0.26147466082469273], [0.20631452181349064, 0.28363504960403246, 0.2721198222709393, 0.23793060631153795], [0.17645476517259537, 0.2932655584985426, 0.2980847579556899, 0.23219491837317255], [0.2384883128332701, 0.2662227621274706, 0.20878633168205962, 0.2865025933571995], [0.31353579848462904, 0.2585078801171341, 0.09352043064488509, 0.33443589075335195], [0.2061930994233724, 0.3006421111868074, 0.26406016687147094, 0.22910462251834915], [0.25510723740757313, 0.28725168794005956, 0.231618777917806, 0.22602229673456126], [0.1455166109878522, 0.32236317932971686, 0.31090469848025193, 0.22121551120217844], [0.23517230235722958, 0.31650717649970667, 0.19479208625011163, 0.25352843489295235], [0.29697101479318266, 0.2630586627909897, 0.11031446717586765, 0.3296558552399597], [0.3099572034696805, 0.24961096488017087, 0.13703376292325226, 0.3033980687268962], [0.2358886470024289, 0.2684432065181381, 0.20954663546533023, 0.28612151101410294], [0.23086091463758393, 0.28689434350003684, 0.23302939168244052, 0.2492153501799388], [0.29739095779183344, 0.22627423211624723, 0.1376835658990089, 0.33865124419291065], [0.24059973100498652, 0.31966675048880805, 0.18336608347827688, 0.2563674350279285], [0.2585903811691168, 0.3010469506414239, 0.16815742479400872, 0.27220524339545016], [0.2113023612658555, 0.28659341990668524, 0.2464093924603621, 0.2556948263670973], [0.25820234651662405, 0.27927858171666486, 0.22268347327362545, 0.23983559849308556], [0.29105973189482653, 0.24564276326091503, 0.17234055679675597, 0.29095694804750255], [0.21950858074755042, 0.27605956201037657, 0.21950134741802652, 0.28493050982404666], [0.18776040825792736, 0.2609313875357619, 0.302141869661186, 0.24916633454512455], [0.270944224651704, 0.2763815454462134, 0.18040745173629857, 0.2722667781657839], [0.2467903075226801, 0.27799196508971646, 0.25415838347323827, 0.22105934391436524], [0.2488952205075429, 0.3151446895013469, 0.19446657155330893, 0.2414935184378014], [0.24748070247763462, 0.29304414950901364, 0.18295318790835624, 0.2765219601049952], [0.2020615649558668, 0.274835295639003, 0.24142487796372977, 0.2816782614414004], [0.23370569520979162, 0.27016074156676884, 0.23395322648743433, 0.26218033673600555], [0.32205421342145846, 0.23951155090390167, 0.14145748107150416, 0.2969767546031358], [0.2721410009646809, 0.31842324119498416, 0.12197789242965121, 0.28745786541068347], [0.20507500709510113, 0.2937882041825818, 0.24648147607725784, 0.25465531264505925], [0.27792473990101163, 0.2499204281195736, 0.18723842463245438, 0.2849164073469604], [0.23584173335637354, 0.3134394390664796, 0.17754822898204783, 0.27317059859509935], [0.19433850475617237, 0.3333659545175716, 0.21795684890449432, 0.25433869182176183], [0.24449652244479497, 0.2750414807356029, 0.22267291473256387, 0.2577890820870383], [0.2029871879478687, 0.2930659958583792, 0.25416879006543064, 0.24977802612832128], [0.23350442103558405, 0.27881195970074146, 0.20729996418878358, 0.2803836550748906], [0.18684569424091588, 0.26440057697052016, 0.28272718164988414, 0.26602654713867985], [0.28746116258500953, 0.2299728311679158, 0.1644781711518101, 0.31808783509526467], [0.17571236750152433, 0.30079043112766424, 0.2899516675698969, 0.23354553380091433], [0.2287803478665418, 0.2862552994264227, 0.2400174039061731, 0.24494694880086246], [0.23233285943672172, 0.24067668673429418, 0.23704876996303384, 0.28994168386595026], [0.29258903904515143, 0.24909128047156923, 0.15026815801264382, 0.3080515224706354], [0.22928001911402712, 0.26772826450118004, 0.24623851857522064, 0.25675319780957206], [0.26236187304107655, 0.26994740100618014, 0.2022564381439124, 0.2654342878088309], [0.21994103822321537, 0.28747235986727926, 0.24091737666484864, 0.2516692252446569], [0.21584917460409248, 0.29383411640897344, 0.2655311822683003, 0.2247855267186338], [0.2734476562304793, 0.26703476631659634, 0.1772826557784449, 0.2822349216744792], [0.2240365297893936, 0.31857119903215597, 0.23573850225055348, 0.22165376892789687], [0.18689221918102716, 0.31444769870434736, 0.2524575207759155, 0.24620256133871005], [0.19179487950843632, 0.31926218473241497, 0.28075379751257545, 0.20818913824657334], [0.18526641181636136, 0.29834774567191374, 0.26858734969973314, 0.24779849281199162], [0.2163592799604195, 0.33770709902248297, 0.21276841073346722, 0.23316521028363038], [0.20404628095600186, 0.27537891104895007, 0.27496024615233694, 0.2456145618427111], [0.17500993508023996, 0.32349222175247677, 0.2392120321602151, 0.26228581100706827], [0.20171990555957148, 0.3029212510558879, 0.2634042849257468, 0.23195455845879392], [0.19668333982832023, 0.29760115606341775, 0.2579544220106607, 0.24776108209760137], [0.22522762595511173, 0.2824698758959789, 0.21120009883290683, 0.28110239931600256], [0.21453238422406387, 0.31395380278885093, 0.232452901095079, 0.2390609118920063], [0.25131164621758767, 0.26342981451627046, 0.19006936616522446, 0.29518917310091725], [0.29228937892244394, 0.26867749145992487, 0.13933206908956283, 0.29970106052806833], [0.3100983894504039, 0.1993637265537075, 0.16374174759627452, 0.32679613639961386], [0.22734599008923756, 0.3051724381002897, 0.2268271631160325, 0.24065440869444027], [0.17010766077130435, 0.3151874484052582, 0.28088475941410507, 0.2338201314093327], [0.17293058139387138, 0.316175727265864, 0.2619754246887568, 0.24891826665150793]]}}