{"test": {"ids": ["110118111", "103118110", "100111380", "97116401", "110114950", "112119450", "98106880", "113118421", "108115970", "105112100", "108118810", "97116410", "102110890", "112116610", "109114270", "110120540", "113120280", "105112130", "98120010", "109115380", "97107821", "104119340", "110116501", "99110730", "103111930", "112120540", "98109311", "108120260", "112120630", "107114950", "98108370", "112118581", "111118820", "101110200", "111116010", "113119480", "108116481", "106118820", "103110220", "113118620", "97105451", "102109910", "107121540", "100108990", "111117200", "111120320", "111114941", "104111780", "99109370", "102112301", "113119300", "112120670", "110120531", "99111620", "99114890", "101111310", "107118820", "112120990", "113118630", "109113881", "109119340", "113120591", "106117770", "107119130", "102110050", "112119320", "111121930", "103117461", "100109890", "113120601", "108115250", "98106680", "103111620", "109117730", "100108520", "112119120", "108118060", "111119430", "108114200", "105118230", "108113760", "113119320", "103120290", "104113000", "108121190", "97116790", "105116650", "105113620", "107121640", "106119990", "112117780", "112117210", "99112531", "113119950", "108115070", "106120290", "100112060", "103111830", "112118860", "99107950", "103113101", "112119980", "108121351", "112121030", "113121810", "109117080", "113120260", "113122190", "101114990", "110120640", "103109021", "101111210", "110118701", "106121220", "108117610", "111118810", "100109330", "104119290", "111120640", "99108890", "113121980", "112118620", "97113260", "99108080", "112119950", "107113130", "108113740", "97112290", "111115780", "112118161", "104117630", "106114321", "99107630", "113119340", "100109801", "102110750", "109117271", "107117630", "106114280", "101110740", "111119950", "98116500"], "labels": [1, 2, 3, 3, 0, 3, 0, 3, 2, 1, 1, 3, 0, 1, 3, 1, 0, 1, 2, 3, 2, 1, 3, 3, 3, 3, 1, 1, 3, 3, 1, 1, 0, 2, 1, 3, 0, 3, 2, 3, 0, 2, 2, 2, 0, 1, 0, 3, 1, 1, 1, 2, 0, 3, 2, 3, 3, 2, 3, 0, 3, 0, 0, 1, 3, 1, 1, 0, 3, 2, 1, 1, 0, 3, 2, 1, 1, 3, 0, 1, 1, 1, 2, 1, 1, 2, 1, 0, 1, 0, 0, 1, 3, 0, 1, 2, 2, 3, 3, 1, 3, 0, 3, 0, 2, 1, 3, 1, 3, 0, 0, 2, 3, 1, 3, 0, 0, 1, 0, 0, 2, 3, 1, 3, 0, 1, 3, 1, 1, 0, 0, 2, 2, 0, 0, 1, 0, 0, 3, 3, 0, 2], "predicted_labels": [0, 2, 3, 1, 1, 0, 1, 3, 1, 3, 1, 0, 3, 1, 3, 1, 3, 1, 2, 3, 0, 1, 3, 1, 1, 1, 1, 1, 0, 3, 3, 1, 0, 1, 1, 3, 1, 1, 1, 3, 1, 1, 1, 1, 0, 0, 1, 1, 1, 3, 3, 1, 1, 1, 3, 0, 3, 1, 1, 0, 3, 3, 3, 1, 0, 1, 3, 1, 3, 1, 3, 1, 3, 3, 2, 3, 3, 3, 1, 1, 1, 1, 1, 0, 3, 1, 2, 1, 1, 0, 3, 1, 3, 3, 1, 1, 1, 3, 3, 1, 0, 1, 0, 3, 1, 1, 3, 1, 1, 3, 3, 3, 0, 3, 3, 3, 1, 0, 1, 1, 3, 1, 1, 0, 3, 1, 3, 1, 1, 0, 1, 1, 3, 0, 3, 1, 3, 0, 1, 1, 0, 3], "confidence_scores": [[0.8542076945942402, 0.05289406637859701, 0.03570287523028306, 0.05719536379687979], [0.08949429524296146, 0.17093168130091888, 0.6140699266835832, 0.12550409677253677], [0.44382654408768374, 0.09943418761115826, 0.16039637949992747, 0.2963428888012303], [0.27878962817418695, 0.27076540960852585, 0.33671749054747663, 0.11372747166981043], [0.36206693113516525, 0.29331435559423685, 0.06699364653088752, 0.27762506673971044], [0.7348796846085269, 0.05576662867573966, 0.004426014426652582, 0.20492767228908118], [0.268088053942703, 0.36641601662968065, 0.27964553378146795, 0.08585039564614834], [0.03834997657773379, 0.035782157451489896, 0.005412871044427833, 0.9204549949263484], [0.16609240532250272, 0.6198967834638324, 0.05740360643963884, 0.1566072047740261], [0.4326355562294863, 0.022006215542748172, 0.08280706923531828, 0.4625511589924474], [0.12003968407516735, 0.5652367178058506, 0.058026051731821016, 0.25669754638716125], [0.6248250531681527, 0.1505174391850499, 0.16504622041892444, 0.05961128722787283], [0.50151600760293, 0.022127855773776028, 0.01001173211214142, 0.4663444045111527], [0.18817553615299862, 0.5746643431870285, 0.16350299629851164, 0.0736571243614611], [0.06543667228031302, 0.03409751058575297, 0.000617216210375429, 0.8998486009235587], [0.01723862881635556, 0.6911642743036779, 0.21131865890959525, 0.08027843797037143], [0.48441248580643204, 0.0057583344349111665, 0.000720339660943318, 0.5091088400977135], [0.05830099344497493, 0.5538049264358422, 0.20354696692016983, 0.18434711319901306], [0.055066174686906236, 0.15466318575339644, 0.6529335282566195, 0.13733711130307782], [0.1806440226796918, 0.26650545663025665, 0.20239441589832144, 0.35045610479172984], [0.6217209330242662, 0.10622237623774262, 0.1520118977040748, 0.12004479303391659], [0.02136935817705095, 0.7746942773911857, 0.023321446966956694, 0.18061491746480673], [0.17418299994946743, 0.3784414078385525, 0.013878684772608863, 0.43349690743937097], [0.024683721867223042, 0.288522287746691, 0.6307287015637569, 0.0560652888223289], [0.20357843733804556, 0.36326102778589253, 0.10104410865244214, 0.33211642622361953], [0.16380608022806503, 0.7664918394967979, 0.035756148894728425, 0.03394593138040877], [0.30817182113906794, 0.4540219624015741, 0.17233043690807254, 0.06547577955128595], [0.16579321066668257, 0.5266111812675136, 0.03795860114382246, 0.26963700692198106], [0.6411267636258954, 0.03289719108362279, 0.0029453490539005293, 0.3230306962365814], [0.3925505783210376, 0.21211260923464717, 0.06496103845991219, 0.33037577398440304], [0.29881488053760213, 0.18081929489301637, 0.24267195899399707, 0.2776938655753846], [0.2628063933875919, 0.4159737599039469, 0.08896138030489158, 0.23225846640356967], [0.7590848553434415, 0.0758740649003878, 0.0007043775935442713, 0.16433670216262644], [0.12693032693131198, 0.47339832070106014, 0.08620045545990118, 0.3134708969077265], [0.03606562881365997, 0.44764857022513055, 0.3462447560991546, 0.17004104486205507], [0.22503325517881798, 0.24529732935256499, 0.015564846913377636, 0.5141045685552396], [0.31604268189975054, 0.37669962752339275, 0.005401936092480786, 0.30185575448437574], [0.07955327588344661, 0.4446998371594607, 0.05963531555157983, 0.41611157140551297], [0.03709963335517321, 0.574164612993741, 0.2752652428979716, 0.11347051075311394], [0.22522162491918485, 0.3485222072690245, 0.04577346842822188, 0.38048269938356905], [0.4925357510472851, 0.3909645205208076, 0.010290837258553134, 0.10620889117335419], [0.3510476958299824, 0.31340643556915365, 0.07232246032451144, 0.2632234082763525], [0.05982185499641333, 0.39526553807919984, 0.43535646046175747, 0.10955614646262904], [0.3607414275559836, 0.24394935374713536, 0.2826383530920702, 0.11267086560481109], [0.6293546336836855, 0.14141204897185325, 0.013019519291759771, 0.21621379805270186], [0.4371716325517559, 0.10572156501261823, 0.20660274860764424, 0.2505040538279813], [0.024114816339509862, 0.8986175150496073, 0.009815925756961798, 0.06745174285392094], [0.5556956371197891, 0.3727867518312901, 0.014430279240467072, 0.05708733180845361], [0.02622894305334681, 0.8850950618210471, 0.06194383393962395, 0.026732161185982328], [0.11043420681244659, 0.19428892624677319, 0.02756718615878885, 0.6677096807819913], [0.46124822898338164, 0.11426368718440501, 0.014364222733044154, 0.4101238610991694], [0.11848866047740836, 0.43608039260522197, 0.09573355932667287, 0.34969738759069674], [0.40382004424164686, 0.4184758964862362, 0.002239373365315401, 0.17546468590680173], [0.2492221400085264, 0.4739735157973317, 0.24204021129686165, 0.034764132897279976], [0.03660289692246507, 0.23620650225648976, 0.26323001652202926, 0.4639605842990158], [0.5278322729357876, 0.18540538695169909, 0.21374748665504287, 0.07301485345747025], [0.029369049001717103, 0.3631717951060323, 0.23026934562890955, 0.377189810263341], [0.11372040629898163, 0.49146559066193163, 0.2632267632219691, 0.1315872398171178], [0.06427276581723515, 0.427311181427946, 0.4023658203240862, 0.10605023243073278], [0.893961451878106, 0.017308181500266476, 0.08248731921094005, 0.006243047410687686], [0.04541503888178093, 0.30579507444250725, 0.013684583147679822, 0.6351053035280323], [0.16247223262640137, 0.23216087898256924, 0.3700801407042423, 0.23528674768678692], [0.19931771533024195, 0.18589628565172792, 0.0756141079128841, 0.5391718911051461], [0.10367805527902421, 0.5548470724513307, 0.11844257445327583, 0.22303229781636938], [0.34559858998714565, 0.17133457573471492, 0.395961506116672, 0.08710532816146738], [0.024913961059280624, 0.5126627792576922, 0.20540901260757263, 0.257014247075455], [0.10105471014275964, 0.13186739359340469, 0.3980580713998384, 0.3690198248639973], [0.19992424691175792, 0.4614041839695037, 0.005615464124247254, 0.33305610499449123], [0.12117815775043106, 0.08071388944348692, 0.09877241834991578, 0.6993355344561664], [0.03516474125351018, 0.5783007544287966, 0.26280229862976623, 0.12373220568792714], [0.16953385352803818, 0.030681469577032508, 0.0892052722100867, 0.7105794046848424], [0.11259636887491156, 0.41877532115036015, 0.439928614492757, 0.02869969548197113], [0.19549728500564414, 0.2730875064234088, 0.17349206804255185, 0.3579231405283951], [0.20092018651693921, 0.3174323072234397, 0.08755237688475588, 0.3940951293748651], [0.05474580641021439, 0.06134624127062106, 0.714605444925079, 0.16930250739408556], [0.29570076717952337, 0.21586584719850158, 0.07694926921947877, 0.4114841164024961], [0.11763688461204584, 0.2734514473155208, 0.21938339990372738, 0.389528268168706], [0.11311753280346316, 0.3416615525538678, 0.048361024499440776, 0.496859890143228], [0.07055115375660996, 0.6384752727654598, 0.162931476670848, 0.1280420968070825], [0.005724750114438392, 0.4507457386318898, 0.5039444655236882, 0.03958504572998361], [0.1846769773885312, 0.5393557484287443, 0.16280873822143063, 0.1131585359612941], [0.38251493023397265, 0.4479487309415115, 0.05089684467418583, 0.11863949415033018], [0.17887773926503964, 0.22640826800199682, 0.42635973009716216, 0.1683542626358011], [0.5807600823478474, 0.04904927536454853, 0.014365568100381075, 0.3558250741872232], [0.011884334697603556, 0.1744974977776033, 0.6474828215445078, 0.16613534598028562], [0.10710451513534235, 0.2600304775991548, 0.5960166033839129, 0.03684840388158981], [0.03546265070490795, 0.09070664218776064, 0.8381835045436276, 0.035647202563703996], [0.0689338812688704, 0.41577047104273396, 0.2420964708857626, 0.2731991768026329], [0.1175624613754111, 0.4631102873412355, 0.10171313109810379, 0.3176141201852495], [0.44709437952779923, 0.0540184858379377, 0.2658810598606909, 0.23300607477357235], [0.20862377136407567, 0.16927412434488484, 0.05133003798487591, 0.5707720663061637], [0.06953204074253579, 0.43551530362504054, 0.14947591933375812, 0.34547673629866565], [0.2978654075805139, 0.2036576213322356, 0.14048768887808205, 0.3579892822091682], [0.10437461119695247, 0.06674476258793763, 0.0022866097963030944, 0.8265940164188068], [0.1753563655492252, 0.6560645163122554, 0.1293509300412965, 0.039228188097222824], [0.07701875172393387, 0.6289627243313262, 0.0716042446299815, 0.2224142793147586], [0.19297325427255407, 0.3092998859129015, 0.25256362875340443, 0.24516323106114005], [0.2262191089767847, 0.2209175267725664, 0.0646204163472291, 0.4882429479034198], [0.23657312337073869, 0.10629233662260493, 0.2771763405504063, 0.37995819945625], [0.02751607190748883, 0.4477885533941461, 0.48500086780072865, 0.03969450689763672], [0.23975492975149776, 0.15573571517361418, 0.49127293531620575, 0.11323641975868205], [0.1842301734436004, 0.6566565078544707, 0.08465969557376646, 0.07445362312816253], [0.478237002064321, 0.22698028643821697, 0.021592816779545727, 0.2731898947179161], [0.22519192474883717, 0.23634413229151913, 0.04114505113543632, 0.4973188918242071], [0.03844166377299186, 0.21716961536792248, 0.713547951860453, 0.030840768998632705], [0.014596128454232674, 0.9458399552343528, 0.02881778950728861, 0.010746126804125697], [0.22867840724576305, 0.1910461697176376, 0.08375204055761401, 0.49652338247898514], [0.026929446408172353, 0.36782402083633503, 0.19571957003306986, 0.40952696272242295], [0.030635061127992413, 0.4539574501827855, 0.4705911092966581, 0.044816379392563825], [0.14062882061252177, 0.04403096697498209, 0.012698317767432793, 0.8026418946450635], [0.3392764192656008, 0.27756631747976657, 0.05185710922672743, 0.3313001540279052], [0.07995702606870793, 0.4018803484868649, 0.04842194706117168, 0.46974067838325545], [0.4075159756237267, 0.29488501741864626, 0.03910742638504818, 0.2584915805725788], [0.024644324884175825, 0.11924341012535156, 0.1114016274837064, 0.7447106375067664], [0.04237085056291856, 0.18639104595773795, 0.16723149362320586, 0.6040066098561377], [0.20110933248058854, 0.33014301190605805, 0.05809390796106316, 0.4106537476522904], [0.5050211361146689, 0.305879488372301, 0.10171564848621281, 0.08738372702681729], [0.6079153569091932, 0.15584134640448893, 0.1406675339054148, 0.09557576278090277], [0.10417596334615406, 0.36402281099348416, 0.31781530388171564, 0.21398592177864598], [0.0974684503526977, 0.6384027840130444, 0.24435421384827383, 0.019774551785983915], [0.13068111722649106, 0.4109002779393863, 0.010663645040823897, 0.44775495979329893], [0.3423000852013441, 0.360149075010554, 0.21055626737896643, 0.08699457240913545], [0.14332619851297546, 0.28274303586862165, 0.4853790187550985, 0.08855174686330479], [0.7722520446832847, 0.07011753001027576, 0.010338438718233584, 0.14729198658820628], [0.14036420814401515, 0.0476949999979293, 0.006321525132380433, 0.8056192667256751], [0.14056389102036215, 0.5670617913414142, 0.17357120741513352, 0.11880311022309017], [0.379299685136163, 0.0465023847097285, 0.017132491204869295, 0.5570654389492392], [0.14299393374064528, 0.3447572383665993, 0.480238490694441, 0.03201033719831431], [0.09862698642374143, 0.3153210224546878, 0.3585938922372805, 0.22745809888429008], [0.7066974201327886, 0.17428474667258975, 0.01847811676996988, 0.10053971642465173], [0.08051583769045799, 0.6993128406858649, 0.11553679376021551, 0.10463452786346161], [0.454425556924847, 0.5144570086147704, 0.011673884657475278, 0.019443549802907727], [0.17561688461639097, 0.17934970588370194, 0.008517228430985107, 0.6365161810689218], [0.5898400833460206, 0.10486004031102264, 0.006746884765843734, 0.29855299157711307], [0.11569312932374506, 0.15536397338143115, 0.05340286197532119, 0.6755400353195027], [0.011508805634180573, 0.24768949896764078, 0.7187930672560893, 0.02200862814208925], [0.22125139275350078, 0.10568883972885164, 0.011458776387607093, 0.6616009911300409], [0.49806138394857385, 0.11317143110157568, 0.11398865283818685, 0.2747785321116637], [0.20082712270264946, 0.5215713283321308, 0.1164436293058898, 0.16115791965932988], [0.1736985807560548, 0.35556872493693203, 0.2718680998962482, 0.1988645944107647], [0.7049768693467575, 0.05288119672881604, 0.00590142998074364, 0.2362405039436825], [0.4765472884071876, 0.09761862476148585, 0.0481001038158058, 0.37773398301552086]]}, "rewritten": {"ids": ["97105451", "97107821", "97112290", "97113260", "97116401", "97116410", "97116790", "98106680", "98106880", "98108370", "98109311", "98116500", "98120010", "99107630", "99107950", "99108080", "99108890", "99109370", "99110730", "99111620", "99112531", "99114890", "100108520", "100108990", "100109330", "100109801", "100109890", "100111380", "100112060", "101110200", "101110740", "101111210", "101111310", "101114990", "102109910", "102110050", "102110750", "102110890", "102112301", "103109021", "103110220", "103111620", "103111830", "103111930", "103113101", "103117461", "103118110", "103120290", "104111780", "104113000", "104117630", "104119290", "104119340", "105112100", "105112130", "105113620", "105116650", "105118230", "106114280", "106114321", "106117770", "106118820", "106119990", "106120290", "106121220", "107113130", "107114950", "107117630", "107118820", "107119130", "107121540", "107121640", "108113740", "108113760", "108114200", "108115070", "108115250", "108115970", "108116481", "108117610", "108118060", "108118810", "108120260", "108121190", "108121351", "109113881", "109114270", "109115380", "109117080", "109117271", "109117730", "109119340", "110114950", "110116501", "110118111", "110118701", "110120531", "110120540", "110120640", "111114941", "111115780", "111116010", "111117200", "111118810", "111118820", "111119430", "111119950", "111120320", "111120640", "111121930", "112116610", "112117210", "112117780", "112118161", "112118581", "112118620", "112118860", "112119120", "112119320", "112119450", "112119950", "112119980", "112120540", "112120630", "112120670", "112120990", "112121030", "113118421", "113118620", "113118630", "113119300", "113119320", "113119340", "113119480", "113119950", "113120260", "113120280", "113120591", "113120601", "113121810", "113121980", "113122190"], "labels": [0, 2, 1, 1, 3, 3, 2, 1, 0, 1, 1, 2, 2, 2, 1, 3, 0, 1, 3, 3, 3, 2, 2, 2, 0, 0, 3, 3, 2, 2, 3, 2, 3, 3, 2, 3, 1, 0, 1, 0, 2, 0, 3, 3, 3, 0, 2, 2, 3, 1, 0, 1, 1, 1, 1, 0, 1, 1, 3, 2, 0, 3, 0, 2, 1, 1, 3, 0, 3, 1, 2, 1, 3, 1, 0, 1, 1, 2, 0, 3, 1, 1, 1, 1, 3, 0, 3, 3, 1, 0, 3, 3, 0, 3, 1, 3, 0, 1, 0, 0, 1, 1, 0, 0, 0, 3, 0, 1, 0, 1, 1, 1, 0, 0, 1, 3, 3, 1, 1, 3, 0, 0, 3, 3, 2, 2, 0, 3, 3, 3, 1, 1, 0, 3, 0, 3, 0, 0, 2, 2, 2, 1], "predicted_labels": [0, 0, 1, 1, 3, 1, 1, 2, 0, 3, 1, 3, 3, 3, 2, 0, 1, 1, 1, 1, 1, 0, 1, 3, 0, 3, 0, 3, 1, 3, 2, 1, 1, 3, 0, 1, 2, 3, 3, 1, 3, 2, 3, 0, 3, 1, 1, 1, 1, 0, 0, 0, 1, 3, 1, 1, 3, 1, 1, 0, 3, 1, 0, 3, 3, 1, 3, 3, 3, 1, 3, 2, 3, 3, 3, 1, 3, 3, 3, 3, 3, 1, 1, 1, 0, 0, 3, 3, 1, 3, 3, 3, 3, 3, 0, 0, 0, 2, 3, 1, 3, 3, 1, 0, 0, 1, 0, 0, 3, 0, 1, 1, 1, 1, 1, 1, 0, 1, 1, 3, 3, 1, 1, 0, 1, 1, 0, 3, 1, 3, 3, 3, 3, 1, 3, 3, 3, 3, 1, 1, 1, 1], "confidence_scores": [[0.6538561832231623, 0.1458452913609851, 0.00356224183997046, 0.1967362835758822], [0.45724982476552406, 0.25943104377427817, 0.04617631915182571, 0.23714281230837206], [0.01095555097605307, 0.23396683031552978, 0.6825049704566988, 0.07257264825171837], [0.18892222008587392, 0.25545759885607466, 0.43799176076419655, 0.11762842029385481], [0.25019215115291, 0.2531832033596505, 0.08322290053934452, 0.413401744948095], [0.3669220679900787, 0.4806466018921808, 0.10449275489559695, 0.04793857522214361], [0.019313830986024207, 0.22783292899909174, 0.7001040216860198, 0.052749218328864006], [0.008334020848148486, 0.17633834875138604, 0.7816657716335544, 0.03366185876691062], [0.5365963428774142, 0.0599729354872949, 0.2241872388796153, 0.17924348275567556], [0.16999260021640367, 0.27623755562641017, 0.07262683277190976, 0.4811430113852766], [0.07650257306621212, 0.7346274854956967, 0.11512426061727965, 0.07374568082081141], [0.1901222589211907, 0.05411359401359594, 0.017353914671774325, 0.738410232393439], [0.2688720664311247, 0.22031984075095812, 0.10095186113299301, 0.40985623168492413], [0.2368993080870956, 0.2609454741273119, 0.12617705939068066, 0.3759781583949118], [0.013860832436002581, 0.04860367207773109, 0.8561330849817537, 0.08140241050451326], [0.6260054513061908, 0.17449286498046526, 0.027174963934274026, 0.17232671977907], [0.05036748510455929, 0.733557712857791, 0.0727277631596399, 0.14334703887800987], [0.06732766643430828, 0.6206153431645227, 0.1979676704074715, 0.11408931999369766], [0.021774486605073234, 0.44103717211932303, 0.3206969341998704, 0.21649140707573356], [0.12394968091147929, 0.5119510555839222, 0.24900673930002834, 0.11509252420457018], [0.4568190027550061, 0.35197303613194925, 0.0820715033733303, 0.10913645773971443], [0.35557408643760163, 0.15683536094949782, 0.41308480201132874, 0.07450575060157179], [0.2646146611230609, 0.24456478793853506, 0.3001990333947623, 0.19062151754364184], [0.3062729484555939, 0.1931621635703721, 0.27444183082583334, 0.22612305714820066], [0.8792812651251591, 0.03139096133616321, 0.02872539008954975, 0.060602383449127877], [0.10149568920561487, 0.10365485166752086, 0.07887461021387102, 0.7159748489129929], [0.641317159451166, 0.15968837403265215, 0.0337802470199001, 0.1652142194962818], [0.3044420128691619, 0.06726279359630151, 0.43263121140959715, 0.19566398212493927], [0.3911478064432604, 0.37325148119305096, 0.02930515947460224, 0.20629555288908621], [0.010234190971645183, 0.16154786555745704, 0.3645725238983702, 0.4636454195725275], [0.0262382057486176, 0.1317306093491164, 0.8301601432530907, 0.011871041649175289], [0.10125442435680651, 0.43211135311502596, 0.1067793744677467, 0.3598548480604207], [0.07507195376778866, 0.5694388160171652, 0.33524978550100387, 0.020239444714042393], [0.041765079796553306, 0.2099110658202431, 0.4466977993441606, 0.301626055039043], [0.6044576096052147, 0.13133695076457277, 0.1743802296837165, 0.08982520994649595], [0.14611497810085608, 0.6326668294286063, 0.08684993180863476, 0.13436826066190258], [0.0020549309966564817, 0.07617089912825775, 0.9167872510681668, 0.0049869188069190905], [0.2770415349426609, 0.030109310749800517, 0.07165325963409638, 0.6211958946734422], [0.44443505015509244, 0.14554496164049974, 0.02661805655679488, 0.38340193164761316], [0.043440377250068225, 0.6307389553837736, 0.06251023055367028, 0.2633104368124879], [0.14763170686452812, 0.32551344326890375, 0.06999361884892302, 0.45686123101764503], [0.06991203440595503, 0.12219723154235176, 0.719834942215404, 0.08805579183628956], [0.0738556665432034, 0.05231288632346241, 0.36081998841190166, 0.513011458721433], [0.5399148009366882, 0.22990740533926848, 0.026640852320174456, 0.20353694140386888], [0.20963990021889503, 0.08597472256748374, 0.3595778969612567, 0.3448074802523642], [0.3170358636185692, 0.32963099705932514, 0.01894398715899426, 0.3343891521631115], [0.06317918734408769, 0.23321570317646184, 0.5629617946771482, 0.1406433148023022], [0.07984387457223384, 0.349278243335394, 0.3472732834929935, 0.22360459859937862], [0.3281988783086139, 0.4882354423627673, 0.03374521542317041, 0.14982046390544843], [0.6050870718419659, 0.13646872038449326, 0.005412954389529595, 0.2530312533840112], [0.5805185664953136, 0.15705074714341058, 0.048545754702912364, 0.21388493165836323], [0.4834120515576763, 0.04457761842585275, 0.37010931017144433, 0.10190101984502668], [0.06436126349728509, 0.3907905760476378, 0.24654361302487632, 0.2983045474302005], [0.2594135281273153, 0.0583544334385187, 0.21191930066479844, 0.47031273776936755], [0.025933452259307224, 0.3825417258264695, 0.5169091391444659, 0.07461568276975764], [0.06227911931310501, 0.36631056770876746, 0.22873675028030374, 0.3426735626978238], [0.029110493078962157, 0.14353405731762234, 0.6411338143952263, 0.18622163520818932], [0.032588315422543444, 0.42270640937044685, 0.19188865631960156, 0.3528166188874083], [0.10636435052309175, 0.33797698902765816, 0.35407883969858034, 0.20157982075067002], [0.5589905764293488, 0.18399498575170647, 0.031257761484846096, 0.22575667633409865], [0.07763369371278404, 0.0422127850517791, 0.1817926086614128, 0.698360912574024], [0.07252657533904311, 0.635607952547643, 0.10864788127825604, 0.18321759083505756], [0.61808337430827, 0.0635832336043412, 0.030333142791398194, 0.28800024929599066], [0.0756453635275496, 0.2930838832779672, 0.3530947134623592, 0.2781760397321242], [0.024811002165022952, 0.0720737543190309, 0.716328477404673, 0.18678676611127298], [0.1579468169800868, 0.29323524874679124, 0.4614850564640495, 0.0873328778090722], [0.3946611455806061, 0.09275176364643868, 0.06254771307518975, 0.4500393776977654], [0.13876651115612756, 0.1245439903419371, 0.26644653722818684, 0.47024296127374826], [0.2296682831686994, 0.12295335483790495, 0.13154123942262577, 0.5158371225707697], [0.09235710213220837, 0.4855011303488887, 0.1417358848867384, 0.28040588263216415], [0.2554140238501209, 0.11679054929496469, 0.440494275310924, 0.1873011515439905], [0.030210489782126076, 0.08839218393912172, 0.8280358249209487, 0.053361501357803376], [0.33978783832003573, 0.003962721796429655, 0.013995159953949746, 0.6422542799295847], [0.20456034761226516, 0.19067528203413234, 0.13434394233879082, 0.4704204280148115], [0.02959072751788949, 0.21215321391147862, 0.030993446382448643, 0.7272626121881831], [0.011120852697570856, 0.5128558195998464, 0.40764972636132346, 0.06837360134125929], [0.1403337312561158, 0.3117761786117596, 0.19148082290212132, 0.35640926723000327], [0.14894382801902334, 0.30580034377544746, 0.149812303249006, 0.39544352495652346], [0.1492530770529524, 0.21221905214848538, 0.025603313871813388, 0.612924556926749], [0.06564177030837798, 0.29191459609614784, 0.3380097902933695, 0.30443384330210455], [0.412107791785332, 0.11118375756574037, 0.1753061350601859, 0.3014023155887419], [0.29291878783002134, 0.519363576649247, 0.03130233627279219, 0.15641529924793948], [0.17225846456662372, 0.4418631392335701, 0.0725698117671348, 0.31330858443267134], [0.04288156855625754, 0.22664488947790867, 0.6011210255766369, 0.12935251638919695], [0.7361351988395001, 0.062268108615135195, 0.027992074545210036, 0.17360461800015453], [0.7618610642084142, 0.016300281917637185, 0.2013745961653349, 0.02046405770861381], [0.30366965120137807, 0.03813728410375979, 0.0028774742721755816, 0.6553155904226864], [0.03664084713976628, 0.21890732171491717, 0.4758168534173376, 0.26863497772797895], [0.04788366243013379, 0.5433004781550284, 0.333390987882093, 0.07542487153274484], [0.33771570240628485, 0.17818794585097605, 0.11120867098101848, 0.37288768076172074], [0.177750532478438, 0.16785408510643424, 0.10634594494088748, 0.5480494374742404], [0.5394040471968917, 0.11026960572293937, 0.005820835044416639, 0.34450551203575225], [0.21193302912182344, 0.2943086275746365, 0.052748148210776696, 0.441010195092763], [0.18468737033345395, 0.2884658205714908, 0.15520998201640368, 0.37163682707865153], [0.26748240515855215, 0.08953845961853754, 0.5156508815257951, 0.12732825369711506], [0.7206039529402462, 0.15354251392724413, 0.009165510978980926, 0.11668802215352903], [0.5497198164271558, 0.25721952671096454, 0.021508656591446518, 0.1715520002704329], [0.07407751947767752, 0.09890551110880082, 0.7508753140590232, 0.07614165535449824], [0.21411894214545404, 0.12810002823656838, 0.005511351057086333, 0.6522696785608912], [0.037034433749644775, 0.8815535755731534, 0.02109709933348424, 0.06031489134371716], [0.16717659363837906, 0.10340763989899603, 0.40710897907465093, 0.3223067873879743], [0.22729885950599937, 0.1545954932288229, 0.4662187959663411, 0.15188685129883672], [0.16504876919644745, 0.1948574614844449, 0.44143231112544756, 0.19866145819366013], [0.5130409563287394, 0.14612776418830534, 0.10967962853535933, 0.2311516509475962], [0.5587951530162911, 0.192534581407742, 0.0007317088307666441, 0.24793855674520027], [0.2009933089205843, 0.52585311619321, 0.056416053544277985, 0.2167375213419276], [0.661772297315329, 0.08042256280476348, 0.1319985787063654, 0.12580656117354178], [0.7822971619385534, 0.04261038771745501, 0.026865706529354782, 0.1482267438146369], [0.09096039670612989, 0.20946116172435317, 0.050507380466512215, 0.6490710611030048], [0.46316887920979033, 0.11758735537461076, 0.2942152973960804, 0.12502846801951842], [0.2522747882497281, 0.17053404607803868, 0.4793138060816114, 0.09787735959062165], [0.14336751137420156, 0.44092831247996545, 0.21865150858447904, 0.1970526675613539], [0.491270530459031, 0.31027917447874725, 0.07995356736206012, 0.11849672770016144], [0.05861963293933077, 0.6955065435004246, 0.11142788689288538, 0.13444593666735935], [0.14657387685516107, 0.2359966910684458, 0.4468639185612436, 0.17056551351514943], [0.051582509426267374, 0.28263521955561416, 0.5078492778805745, 0.1579329931375439], [0.8160455679134737, 0.017164287028273707, 0.02914878697573551, 0.13764135808251698], [0.27323747775698537, 0.2270637974264974, 0.24502121437685423, 0.254677510439663], [0.00802271338915027, 0.17176577043489047, 0.6368710743030089, 0.1833404418729502], [0.5327261492637381, 0.11029595619225357, 0.019801741552843734, 0.33717615299116444], [0.20833409642632675, 0.17972488729843608, 0.030877287240436993, 0.5810637290347997], [0.04154959117953093, 0.6378402506692203, 0.2649788570676624, 0.05563130108358642], [0.3733140939686568, 0.33616633719180117, 0.010518408705056237, 0.28000116013448567], [0.7069538886821768, 0.05541970823903186, 0.019163196963771813, 0.2184632061150194], [0.049782785801696997, 0.310730367372037, 0.41232767958184174, 0.22715916724442417], [0.014838397094759285, 0.6146642528371313, 0.2641498707164588, 0.10634747935165069], [0.47541591913688197, 0.08095427607565978, 0.16855753588428138, 0.27507226890317676], [0.26495341772596975, 0.03431518707720747, 0.0067863613392163975, 0.6939450338576065], [0.17845052655109458, 0.42772358021251183, 0.06384407195045998, 0.32998182128593323], [0.1462241644673885, 0.289053336744724, 0.15093814787934506, 0.4137843509085423], [0.3303082300473755, 0.23163979793951042, 0.028260608269873345, 0.40979136374324066], [0.12560429959193664, 0.4199797570138098, 0.020876661509936684, 0.4335392818843171], [0.2614877887144129, 0.15682334322291186, 0.02165723874474608, 0.5600316293179294], [0.06538314083754593, 0.5605626120190924, 0.0953273073723098, 0.2787269397710521], [0.29527988308362507, 0.15920173657303946, 0.1651904340318058, 0.38032794631152966], [0.2533664675600757, 0.31262531278436956, 0.07027215013786164, 0.3637360695176929], [0.4208706639460143, 0.00653125461144095, 0.019204905790111398, 0.5533931756524334], [0.2367912513679785, 0.28449234121994993, 0.16643491455633835, 0.31228149285573314], [0.2937948803721953, 0.5619598163688619, 0.037999823410892954, 0.10624547984805023], [0.004518358518457124, 0.612919897098655, 0.33072666750205515, 0.051835076880832776], [0.11525465078503663, 0.4376379491419509, 0.09730004838834908, 0.34980735168466326], [0.017838349099167115, 0.373482523910667, 0.4219750665323562, 0.1867040604578098]]}}