{"test": {"ids": ["101108460", "113117401", "102112301", "98107010", "103111830", "107119950", "99109311", "97116500", "111116110", "111116040", "111119430", "99109840", "99107630", "109113931", "97106970", "105115680", "111119250", "100113210", "109120540", "110120540", "106116441", "103113640", "97113900", "107112840", "108119550", "113118490", "112116850", "106115240", "98110680", "107116980", "99107560", "110115580", "107113260", "102110890", "100112060", "108113620", "106118161", "97116401", "104114240", "112116540", "99110730", "108115570", "112121410", "107118520", "109114220", "100113370", "102110240", "111120190", "112121360", "107118820", "105118740", "101111620", "101108580", "106116820", "111119300", "110117110", "108118291", "109116170", "107115140", "107113840", "97105960", "107113180", "99112641", "111116530", "98113881", "107114780", "111118910", "105118171", "109119591", "108114180", "102110050", "103113270", "108116070", "97116410", "108113760", "101116130", "113122430", "108120621", "111117571", "104113000", "98108580", "104111531", "113122510", "97106770", "109121410", "110113931", "109121640", "112120670", "111114121", "111115910", "107118490", "112117790", "108114270", "106121220", "99108520", "108115250", "97107920", "105113480", "103120730", "110116290", "107114110", "111119150", "109119340", "106119580", "99107660", "107114621", "112118471", "108114220", "104113380", "113122650", "98120010", "107113200", "109113591", "113120540", "99116500", "110119030", "99111000", "110115710", "108117451", "113118111", "99109780", "110114720", "111120591", "100111380", "99112300", "111118301", "98108370", "113118421", "112119950", "113117630", "106113830", "98116090", "100116500", "106114880", "105113260", "113119340", "99108710", "99108330", "113120601", "99107640", "98110230", "104114230"], "labels": [0, 3, 1, 3, 3, 3, 1, 2, 3, 0, 3, 2, 2, 1, 2, 2, 1, 0, 1, 1, 0, 1, 2, 1, 1, 1, 0, 1, 2, 3, 1, 1, 0, 0, 2, 3, 3, 3, 0, 1, 3, 3, 0, 2, 3, 3, 3, 3, 3, 3, 1, 3, 0, 1, 1, 0, 3, 0, 0, 3, 2, 3, 1, 3, 3, 2, 0, 3, 0, 1, 3, 2, 1, 3, 1, 2, 2, 1, 3, 1, 0, 0, 2, 3, 0, 1, 0, 2, 0, 2, 2, 3, 3, 1, 2, 1, 0, 0, 1, 2, 1, 3, 3, 3, 3, 0, 1, 3, 1, 2, 2, 0, 3, 3, 2, 0, 2, 2, 2, 1, 2, 3, 1, 3, 0, 3, 1, 3, 0, 0, 1, 0, 2, 0, 3, 0, 2, 1, 2, 1, 3, 2], "predicted_labels": [1, 1, 1, 1, 0, 1, 1, 3, 3, 1, 3, 1, 3, 1, 3, 1, 1, 1, 3, 1, 3, 1, 1, 1, 1, 0, 0, 1, 1, 1, 1, 0, 1, 3, 0, 3, 0, 3, 1, 3, 3, 0, 3, 1, 1, 1, 1, 3, 1, 1, 1, 0, 0, 3, 3, 1, 0, 1, 3, 1, 3, 1, 0, 1, 1, 1, 1, 1, 3, 3, 1, 3, 0, 0, 3, 1, 3, 1, 3, 3, 1, 1, 1, 0, 1, 3, 1, 3, 1, 1, 1, 3, 3, 3, 1, 1, 3, 3, 1, 1, 3, 1, 3, 1, 1, 1, 3, 0, 3, 3, 1, 3, 1, 1, 1, 0, 1, 3, 3, 1, 1, 1, 3, 3, 1, 3, 3, 3, 3, 3, 3, 1, 3, 1, 0, 0, 1, 3, 3, 3, 3, 0], "confidence_scores": [[0.19016466376760488, 0.37934415584415604, 0.1920421016891605, 0.23844907869907864], [0.27056191928986056, 0.2730894660894661, 0.1866162358882947, 0.2697323787323788], [0.24898318511553813, 0.28782387955182065, 0.2141283022533023, 0.24906463307933904], [0.23633436008436, 0.3347400793650794, 0.1803502886002886, 0.24857527195027196], [0.313957042957043, 0.24255687368187362, 0.2029839743589744, 0.240502109002109], [0.21362012987012982, 0.31264399489399497, 0.1680017482517482, 0.30573412698412705], [0.25961850649350654, 0.3003312243312243, 0.17849200799200793, 0.26155826118326125], [0.22902158952158952, 0.25082202519702523, 0.19808170995670996, 0.3220746753246753], [0.21526839826839825, 0.24416829004329, 0.22403246753246747, 0.31653084415584415], [0.2679561133311134, 0.308056388056388, 0.15523721417471417, 0.2687502844377844], [0.1890322871572872, 0.2973972416472417, 0.16194871794871793, 0.3516217532467533], [0.18590427627927625, 0.32298118548118543, 0.2146046176046176, 0.27650992063492064], [0.22448556998556998, 0.28624603174603175, 0.20154401154401153, 0.28772438672438677], [0.22894328792122906, 0.32283104395604406, 0.19359772661978547, 0.2546279415029416], [0.1966960678210678, 0.30809613997113994, 0.1651664862914863, 0.3300413059163059], [0.22843384393384386, 0.3273990453990455, 0.19180026917526916, 0.2523668414918415], [0.20273737373737366, 0.2995216450216451, 0.24334325396825407, 0.2543977272727273], [0.24869630369630372, 0.29377622377622375, 0.1846527222777223, 0.27287475024975033], [0.25892069042069044, 0.29061867299367306, 0.13719112831612826, 0.3132695082695084], [0.24947095959595958, 0.3002902791652792, 0.1991348651348651, 0.25110389610389616], [0.2946479076479076, 0.2706664862914863, 0.10061369186369186, 0.3340719141969143], [0.3300584970584971, 0.3385262099012099, 0.1474258658008658, 0.18398942723942718], [0.23705040955776252, 0.33953816526610636, 0.19103084415584423, 0.232380581020287], [0.20567099567099573, 0.381148538961039, 0.18356998556998558, 0.22961047979797988], [0.24300048562548568, 0.292517662892663, 0.239302503052503, 0.22517934842934845], [0.3078235930735932, 0.28997885447885446, 0.11036385836385837, 0.29183369408369414], [0.30520207570207564, 0.23580889943389946, 0.15723339160839156, 0.30175563325563326], [0.2673955162484575, 0.27990924353424346, 0.21704643069348953, 0.23564880952380954], [0.26150932400932403, 0.29930176767676775, 0.2280116688866689, 0.21117723942723948], [0.2666331168831168, 0.3601537698412699, 0.15049170274170273, 0.22272141053391056], [0.24730315517815524, 0.35711573149073145, 0.17969005994005996, 0.21589105339105333], [0.3133472222222223, 0.22962469474969485, 0.23303565878565888, 0.2239924242424242], [0.2347820651570651, 0.3325610778110779, 0.17769221056721055, 0.2549646464646465], [0.20953336940836942, 0.2915046897546898, 0.18356114718614724, 0.31540079365079365], [0.3050653513153514, 0.2232429514929516, 0.23609011821511824, 0.235601578976579], [0.21028120490620483, 0.2896064907314908, 0.1863164335664335, 0.31379587079587085], [0.3181691225441226, 0.28437749750249747, 0.14913075813075807, 0.24832262182262177], [0.25855230880230873, 0.2553196803196804, 0.200216144966145, 0.285911865911866], [0.21738714063714068, 0.32357507770007776, 0.19594755244755244, 0.2630902292152292], [0.2616346153846154, 0.25366221278721274, 0.16114229520479514, 0.3235608766233766], [0.24886278998779013, 0.29573028360528364, 0.15486453823953822, 0.30054238816738815], [0.3127193362193364, 0.27687047674547677, 0.18540134865134864, 0.22500883838383834], [0.25057756132756137, 0.26313672438672436, 0.1899332611832612, 0.2963524531024531], [0.20222305472305485, 0.3781915445665445, 0.1953755966255966, 0.22420980408480407], [0.2499335664335664, 0.31740830003330006, 0.19376251526251523, 0.23889561827061828], [0.2561567460317461, 0.28500806138306145, 0.21646491702741705, 0.24237027555777563], [0.2639592907092907, 0.28691724941724955, 0.18884909534909525, 0.26027436452436453], [0.20537774725274718, 0.28576592851592847, 0.21563435175935175, 0.29322197247197246], [0.27644877344877344, 0.35379527417027434, 0.157387987012987, 0.21236796536796532], [0.26656499056499056, 0.29068248418248416, 0.20046315041167986, 0.24228937484084548], [0.21031331168831158, 0.3343075396825395, 0.18875445387945383, 0.26662469474969475], [0.3226911283161283, 0.2338865856365857, 0.18490534465534467, 0.2585169413919413], [0.28614538239538245, 0.1892561327561328, 0.24726226551226552, 0.27733621933621927], [0.26687166999667, 0.23469248806748808, 0.19011051448551444, 0.3083253274503275], [0.27428661616161626, 0.27722849372849373, 0.15779995004995004, 0.2906849400599401], [0.2300420967920968, 0.3246905316905318, 0.19763995726495737, 0.2476274142524142], [0.30488834776334783, 0.2734917304917305, 0.16944062881562882, 0.252179292929293], [0.20775974025974026, 0.29739192057942065, 0.23491011766011766, 0.25993822150072143], [0.26581901431901445, 0.21194425019425023, 0.1994742063492064, 0.3227625291375291], [0.26700219225219224, 0.35844942557442566, 0.13457879620379615, 0.23996958596958604], [0.254051282051282, 0.2511768231768232, 0.19135696248196243, 0.3034149322899323], [0.24003983679718982, 0.33913055898350025, 0.22913734876234873, 0.19169225545696145], [0.3643337789661319, 0.250765347805789, 0.1591491147741147, 0.22575175845396442], [0.2558419358419359, 0.3421712315462317, 0.19060227272727276, 0.21138455988455984], [0.25234938672438667, 0.3206735209235211, 0.18812265512265508, 0.2388544372294373], [0.22921248196248192, 0.2958930375180375, 0.17918055555555554, 0.29571392496392507], [0.26264414751914755, 0.2989658674658675, 0.18544318181818187, 0.2529468031968031], [0.21574945887445884, 0.32728174603174603, 0.18779503829503824, 0.2691737567987569], [0.23836935286935299, 0.24916076978576981, 0.2011861471861472, 0.31128373015873023], [0.21488250638250636, 0.2313984903984904, 0.166129107004107, 0.3875898962148962], [0.24427109002109007, 0.31469828782328785, 0.18248538961038957, 0.25854523254523254], [0.21072449282743405, 0.25742512838468723, 0.18887253024753015, 0.34297784854034846], [0.3199363969363969, 0.28504893717393714, 0.1755674603174603, 0.21944720557220554], [0.2756967338217338, 0.2545607864357866, 0.22020947108447111, 0.24953300865800862], [0.2832087634587635, 0.22106679431679438, 0.18251461038961028, 0.3132098318348319], [0.26212279387279386, 0.3161943750693751, 0.18913349844599842, 0.23254933261183264], [0.18899531024531024, 0.28752218614718617, 0.20745833333333338, 0.31602417027417024], [0.24567488965283082, 0.30186713776419666, 0.17254125041625037, 0.27991672216672225], [0.2536948051948053, 0.25631836219336235, 0.172385101010101, 0.3176017316017316], [0.2634899838723369, 0.16319473092267206, 0.17169065656565652, 0.4016246286393348], [0.26621503496503496, 0.2875032606282606, 0.19592743367743373, 0.25035427072927074], [0.2195557914307914, 0.30683964646464645, 0.20029947829947825, 0.2733050838050839], [0.23572570485070482, 0.2672072441447441, 0.23415293040293048, 0.26291412060162067], [0.3342789710289711, 0.24837182262182264, 0.2229691003441004, 0.19438010600510597], [0.21088951326451327, 0.3597849789099788, 0.18102139527139516, 0.24830411255411264], [0.26842929292929285, 0.25526080863580863, 0.18972169497169497, 0.2865882034632035], [0.24027962315462315, 0.33353203740703746, 0.1486851759351759, 0.2775031635031636], [0.23009367919662055, 0.2501085164835165, 0.2243786679007267, 0.29541913641913636], [0.27298905261405265, 0.281874555999556, 0.1792325313575314, 0.26590386002886], [0.24557359307359314, 0.3364460678210678, 0.16407882395382395, 0.2539015151515152], [0.20646393883893893, 0.287712814962815, 0.2587687173937173, 0.24705452880452877], [0.2823623043623044, 0.24092420773670778, 0.17648667998668, 0.300226807914308], [0.26876214063714066, 0.25282485569985574, 0.13272182678432676, 0.3456911768786769], [0.2199218975468975, 0.24978120490620487, 0.16918993506493507, 0.36110696248196256], [0.27711237373737363, 0.3051323953823955, 0.20169940476190476, 0.21605582611832624], [0.2377757936507937, 0.2892106088356089, 0.1883444610944611, 0.2846691364191365], [0.29081006493506506, 0.23573591686091674, 0.15407667332667332, 0.3193773448773449], [0.20511111111111105, 0.28894715007215, 0.2166816378066377, 0.289260101010101], [0.24790984015984016, 0.33649397824397814, 0.14855090742590743, 0.26704527417027424], [0.2788388555888557, 0.30373543123543134, 0.19323235098235098, 0.22419336219336217], [0.21370346320346317, 0.2420513653013653, 0.14769322344322344, 0.39655194805194816], [0.2523896103896105, 0.25632269119769113, 0.24853264790764798, 0.24275505050505056], [0.24023849761349758, 0.2604435148185148, 0.1948630397380397, 0.30445494782994786], [0.20669310754604875, 0.3152644300144301, 0.22070840760546642, 0.25733405483405486], [0.26785497835497835, 0.2836773088023088, 0.19217460317460314, 0.2562931096681097], [0.2868270202020202, 0.3344987234987235, 0.15547708541458535, 0.22319717088467098], [0.2744045815295816, 0.28994282106782115, 0.13702651515151512, 0.2986260822510822], [0.29851443001443007, 0.2964255050505051, 0.18109108946608943, 0.22396897546897557], [0.23822678710178713, 0.2573118131868133, 0.2010506854256854, 0.3034107142857142], [0.24378463203463205, 0.2715727466977466, 0.20361285936285933, 0.2810297619047619], [0.22428950216450225, 0.3070541125541126, 0.20246645021645018, 0.266189935064935], [0.2288988650238651, 0.286341575091575, 0.17789141414141418, 0.3068681457431458], [0.24293145743145747, 0.3291520562770563, 0.19317063492063494, 0.23474585137085138], [0.24455973193473204, 0.31481544844044845, 0.19653697691197689, 0.24408784271284276], [0.18830081030081033, 0.41203973803973803, 0.18295833333333333, 0.21670111832611838], [0.3131807914307914, 0.2746063658563659, 0.19328234265734268, 0.21893050005550013], [0.24489442501942502, 0.325463924963925, 0.22020292207792214, 0.209438727938728], [0.22305407092907092, 0.27017513042513036, 0.19279791042291045, 0.31397288822288827], [0.2870972777222778, 0.27973287129537133, 0.14130558330558324, 0.2918642676767677], [0.2718495670995671, 0.2762086940836941, 0.1835422077922078, 0.26839953102453107], [0.23378180153180153, 0.30047569097569093, 0.19905737318237324, 0.2666851343101343], [0.24744633144633144, 0.2993169053169052, 0.22906228493728495, 0.2241744782994783], [0.24018686868686875, 0.246272546897547, 0.15190542790542794, 0.3616351565101566], [0.2712015068265069, 0.2752981324231326, 0.1732563131313131, 0.28024404761904764], [0.2339128787878787, 0.2956853909978911, 0.21094955044955035, 0.2594521797646798], [0.21487935838671138, 0.2841982274261686, 0.21307442557442552, 0.28784798861269445], [0.18770887445887444, 0.29031222943722945, 0.20839159451659445, 0.31358730158730164], [0.2851520562770564, 0.2760039682539683, 0.15240512265512268, 0.28643885281385284], [0.2720675158175159, 0.2205877178377179, 0.18623142135642134, 0.32111334498834504], [0.22785984848484844, 0.2654855352980352, 0.2027928876678876, 0.3038617285492286], [0.2262862554112554, 0.2819895382395383, 0.17709505772005774, 0.31462914862914865], [0.22011091686091686, 0.3591500027750029, 0.18178934953934955, 0.23894973082473092], [0.18804563492063495, 0.3076268037518037, 0.1733809523809524, 0.330946608946609], [0.2450021645021645, 0.28285696248196257, 0.20553151015651017, 0.26660936285936293], [0.29981859806859806, 0.2890361860361861, 0.13215999278499274, 0.27898522311022317], [0.3285064747344159, 0.25602603442309335, 0.1792955263690558, 0.23617196447343505], [0.2071545815295815, 0.33352579365079366, 0.1443436147186147, 0.31497601010101006], [0.17945292207792204, 0.2941836219336221, 0.19882611832611835, 0.32753733766233767], [0.25738293650793664, 0.24305429292929306, 0.17208062770562774, 0.3274821428571429], [0.2123002136752137, 0.28238851426351425, 0.2209956709956711, 0.2843156010656011], [0.24155820568320563, 0.23520174963924959, 0.2030298337283631, 0.3202102109491817], [0.28424549062049065, 0.27954274891774894, 0.15804888167388162, 0.27816287878787893]]}, "rewritten": {"ids": ["97105960", "97106770", "97106970", "97107920", "97113900", "97116401", "97116410", "97116500", "98107010", "98108370", "98108580", "98110230", "98110680", "98113881", "98116090", "98120010", "99107560", "99107630", "99107640", "99107660", "99108330", "99108520", "99108710", "99109311", "99109780", "99109840", "99110730", "99111000", "99112300", "99112641", "99116500", "100111380", "100112060", "100113210", "100113370", "100116500", "101108460", "101108580", "101111620", "101116130", "102110050", "102110240", "102110890", "102112301", "103111830", "103113270", "103113640", "103120730", "104111531", "104113000", "104113380", "104114230", "104114240", "105113260", "105113480", "105115680", "105118171", "105118740", "106113830", "106114880", "106115240", "106116441", "106116820", "106118161", "106119580", "106121220", "107112840", "107113180", "107113200", "107113260", "107113840", "107114110", "107114621", "107114780", "107115140", "107116980", "107118490", "107118520", "107118820", "107119950", "108113620", "108113760", "108114180", "108114220", "108114270", "108115250", "108115570", "108116070", "108117451", "108118291", "108119550", "108120621", "109113591", "109113931", "109114220", "109116170", "109119340", "109119591", "109120540", "109121410", "109121640", "110113931", "110114720", "110115580", "110115710", "110116290", "110117110", "110119030", "110120540", "111114121", "111115910", "111116040", "111116110", "111116530", "111117571", "111118301", "111118910", "111119150", "111119250", "111119300", "111119430", "111120190", "111120591", "112116540", "112116850", "112117790", "112118471", "112119950", "112120670", "112121360", "112121410", "113117401", "113117630", "113118111", "113118421", "113118490", "113119340", "113120540", "113120601", "113122430", "113122510", "113122650"], "labels": [2, 3, 2, 0, 2, 3, 3, 2, 3, 1, 0, 3, 2, 3, 0, 2, 1, 2, 1, 3, 1, 2, 2, 1, 2, 2, 3, 2, 0, 1, 2, 3, 2, 0, 3, 2, 0, 0, 3, 2, 3, 3, 0, 1, 3, 2, 1, 1, 0, 1, 1, 2, 0, 3, 0, 2, 3, 1, 1, 0, 1, 0, 1, 3, 3, 1, 1, 3, 0, 0, 3, 1, 0, 2, 0, 3, 2, 2, 3, 3, 3, 1, 1, 3, 3, 1, 3, 1, 2, 3, 1, 1, 3, 1, 3, 0, 3, 0, 1, 0, 0, 1, 3, 1, 2, 2, 0, 0, 1, 0, 2, 0, 3, 3, 3, 3, 0, 3, 1, 1, 3, 3, 1, 1, 0, 3, 1, 0, 2, 3, 0, 3, 0, 1, 3, 1, 0, 3, 2, 2, 2, 2], "predicted_labels": [3, 0, 1, 3, 3, 3, 1, 1, 1, 1, 0, 1, 1, 1, 1, 1, 1, 3, 3, 0, 3, 1, 1, 1, 1, 1, 1, 1, 1, 0, 1, 1, 0, 3, 1, 1, 1, 3, 0, 1, 0, 1, 3, 1, 0, 3, 0, 1, 1, 3, 1, 1, 1, 3, 1, 1, 1, 1, 3, 1, 1, 1, 0, 3, 1, 1, 1, 1, 3, 1, 1, 3, 1, 1, 3, 1, 1, 1, 1, 3, 1, 0, 3, 1, 3, 1, 1, 0, 3, 0, 0, 1, 1, 1, 1, 3, 0, 3, 3, 1, 1, 1, 1, 0, 1, 0, 1, 1, 1, 0, 1, 0, 1, 1, 1, 1, 1, 1, 1, 3, 3, 1, 3, 3, 3, 1, 3, 3, 0, 1, 1, 3, 1, 1, 0, 1, 0, 0, 3, 3, 1, 3], "confidence_scores": [[0.2234049422799423, 0.2609213564213565, 0.2006848845598845, 0.31498881673881685], [0.286990675990676, 0.279393759018759, 0.209119893994894, 0.22449567099567097], [0.20382787555581672, 0.31515985403485397, 0.18944715496921383, 0.2915651154401155], [0.2862025613275615, 0.22642352092352092, 0.15498791486291483, 0.332386002886003], [0.24619105894105897, 0.28559065934065936, 0.16316071428571421, 0.30505756743256746], [0.24337912251147548, 0.2664131652661064, 0.1936884226884227, 0.2965192895339956], [0.27458195970695976, 0.29615115440115447, 0.1928094544344544, 0.23645743145743134], [0.1997429237429238, 0.30562307137307126, 0.19927749333999337, 0.2953565115440116], [0.24338508713508714, 0.3014924450549451, 0.19125330225330223, 0.2638691655566656], [0.20081295093795096, 0.3345562770562771, 0.18952705627705627, 0.27510371572871584], [0.3119184149184148, 0.2314013347763348, 0.1806423715173716, 0.2760378787878787], [0.21663053613053612, 0.3237323787323788, 0.1960525724275724, 0.2635845127095128], [0.20318396880896883, 0.3742573121323121, 0.19000457875457877, 0.23255414030414034], [0.22106961992256113, 0.3685669191919193, 0.1788084464555053, 0.23155501443001442], [0.2393075258075258, 0.34877211677211684, 0.1898716006216006, 0.22204875679875685], [0.28010124597624597, 0.31039543789543794, 0.21132557720057718, 0.19817773892773893], [0.22833158508158508, 0.32760207847707856, 0.19387189199689203, 0.25019444444444444], [0.2472589632589633, 0.21624819624819636, 0.19591522366522368, 0.3405776168276169], [0.1959586940836941, 0.31202566877566873, 0.1664888167388167, 0.3255268204018204], [0.30240927128427125, 0.23984469696969704, 0.1704891774891775, 0.2872568542568543], [0.21930883005883003, 0.28884142246642236, 0.19953084415584413, 0.29231890331890353], [0.22048063048063052, 0.28958900821400824, 0.2737419247419247, 0.2161884365634365], [0.256075160950161, 0.3310685425685426, 0.1731931818181818, 0.2396631146631147], [0.227039862914863, 0.30397419247419244, 0.19526581751581748, 0.27372012709512705], [0.27084980297480304, 0.3059491341991343, 0.18882359307359306, 0.2343774697524697], [0.2070820707070706, 0.329273865023865, 0.17877772227772223, 0.2848663419913421], [0.23162662337662343, 0.3159165417915418, 0.1696839271839271, 0.28277290764790763], [0.222524456752398, 0.37354316516816527, 0.18992588457294346, 0.21400649350649353], [0.27651533189033184, 0.2905369977244978, 0.15917045454545453, 0.2737772158397158], [0.3079910506160506, 0.25728832972582966, 0.21143061105561098, 0.22329000860250864], [0.22544511044511048, 0.3301506687756689, 0.18102922077922076, 0.2633750000000001], [0.23922292984793, 0.30478871128871143, 0.17751097513597514, 0.2784773837273837], [0.29912673437673437, 0.251519320956821, 0.2064252830502831, 0.24292866161616175], [0.26560481185481194, 0.22865873015873017, 0.1853823815073815, 0.3203540764790765], [0.2583010461760462, 0.29066432178932183, 0.17962229437229443, 0.2714123376623377], [0.25218958818958814, 0.31556222943722945, 0.179418636918637, 0.2528295454545455], [0.27127198699992816, 0.3691068931068934, 0.15873360463066344, 0.20088751526251522], [0.24361525974025974, 0.22143127705627705, 0.23335840548340564, 0.30159505772005785], [0.34721620046620055, 0.24260771173271187, 0.16772370684870685, 0.24245238095238097], [0.2344310966810967, 0.29766076978576994, 0.19712007437007442, 0.2707880591630591], [0.29660488286223585, 0.2740884899414312, 0.17228336940836936, 0.2570232577879636], [0.25156741869241883, 0.31208766233766233, 0.1977884615384616, 0.23855645743145748], [0.20992579152873264, 0.26760055916305914, 0.16814130803836685, 0.35433234126984126], [0.2662919319242849, 0.2763621190900602, 0.2382537878787879, 0.21909216110686708], [0.28646078921078916, 0.2863919205794206, 0.17281784881784878, 0.25432944139194147], [0.22322082982377092, 0.27555765557971434, 0.19859808247308242, 0.3026234321234321], [0.3652610028860029, 0.2925019841269842, 0.13892532467532467, 0.2033116883116883], [0.28435485347985356, 0.3192873376623377, 0.14722866022866024, 0.24912914862914867], [0.24035611610611607, 0.2955523088023088, 0.20087078199578198, 0.2632207930957931], [0.2736759213009214, 0.21308308358308356, 0.19184139471639475, 0.32139960039960047], [0.2710793650793651, 0.2778950216450217, 0.1846722582972583, 0.26635335497835494], [0.2692745310245311, 0.30147853535353536, 0.16135515873015868, 0.2678917748917749], [0.27241536241536235, 0.3180284299034299, 0.17277981985334923, 0.23677638782785845], [0.3067429653679654, 0.240821608946609, 0.14190187590187586, 0.31053354978354986], [0.16596355033855034, 0.3331970668220668, 0.193050061050061, 0.3077893217893217], [0.21609812409812407, 0.37748250360750346, 0.18243091630591624, 0.22398845598845596], [0.22565007215007216, 0.33923934398934397, 0.14602317127317124, 0.2890874125874128], [0.2218552281052282, 0.3016517094017094, 0.2084673382173382, 0.26802572427572424], [0.2729938672438672, 0.263196608946609, 0.1553957986457986, 0.3084137251637251], [0.2639202741702742, 0.3578024891774893, 0.17250649350649355, 0.20577074314574317], [0.2229210789210789, 0.3348035436785438, 0.16519864857364855, 0.2770767288267288], [0.2365257381507381, 0.3018948412698413, 0.16370442057942058, 0.2978750000000001], [0.29784884559884556, 0.2326139971139972, 0.1802008685758685, 0.28933628871128875], [0.2647717005217005, 0.27775203962703965, 0.1654801587301587, 0.29199610112110114], [0.2342378038628039, 0.30833982683982686, 0.18136374736374739, 0.2760586219336219], [0.24018338605838604, 0.315312284937285, 0.16979671717171718, 0.27470761183261183], [0.24976515151515155, 0.33977075702075704, 0.18292826617826616, 0.2275358252858254], [0.2792243867243868, 0.28874206349206344, 0.16353228715728707, 0.2685012626262626], [0.24866330891330893, 0.27857341269841274, 0.16455463980463972, 0.30820863858363867], [0.21876297313797305, 0.3950529609279612, 0.14473797036297031, 0.2414460955710955], [0.23208277833277832, 0.3611954573204574, 0.1428692002442002, 0.26385256410256425], [0.23097655122655125, 0.2693072691197692, 0.1654821428571428, 0.3342340367965368], [0.2951040022069435, 0.3039850288600288, 0.14869650284356162, 0.2522144660894661], [0.24627319902319905, 0.27664910089910083, 0.20887549950049952, 0.2682022005772006], [0.257244227994228, 0.24289850427350423, 0.18264803252303252, 0.31720923520923533], [0.31119276556776554, 0.3209140720390721, 0.1407641941391941, 0.22712896825396828], [0.1882812049062049, 0.33085701798201805, 0.19095376845376838, 0.2899080086580087], [0.20270093795093785, 0.33863961038961043, 0.17132702020202017, 0.28733243145743154], [0.2700559856809857, 0.3410811688311688, 0.1662214313464314, 0.22264141414141406], [0.23479238816738818, 0.2465846514596515, 0.20610467310467306, 0.3125182872682874], [0.21469101731601736, 0.33068253968253963, 0.18175126262626262, 0.2728751803751805], [0.29268122155622167, 0.24600005550005555, 0.18000672938172932, 0.2813119935619936], [0.2347405511155511, 0.2583923021423022, 0.15459398934398932, 0.3522731573981575], [0.25229995902790026, 0.34695682585388465, 0.1865933233433233, 0.21414989177489174], [0.282258658008658, 0.21397366522366526, 0.14474031524031516, 0.3590273615273615], [0.2641063658563659, 0.3050862748362749, 0.19821590909090905, 0.23259145021645025], [0.29107263569763575, 0.3085339937839938, 0.16994995282495284, 0.23044341769341758], [0.3034177489177488, 0.25440295815295827, 0.16524193861693864, 0.27693735431235433], [0.2783673687423689, 0.27561553724053733, 0.15208528971028965, 0.29393180430680427], [0.278542748917749, 0.27270029276279284, 0.17805484792984794, 0.2707021103896104], [0.3025672105672106, 0.25653696303696305, 0.16341923354423352, 0.27747659285159293], [0.2538186486715899, 0.2947078664799253, 0.17682972582972586, 0.2746437590187591], [0.2396837468087467, 0.3448982128982129, 0.18452597402597404, 0.23089206626706624], [0.2308363997113997, 0.32450162337662336, 0.15086580086580084, 0.293796176046176], [0.26378527926322043, 0.3347016594516595, 0.16343261395467273, 0.2380804473304473], [0.21840981240981233, 0.29243250499500495, 0.19152063214563217, 0.2976370504495506], [0.2792891414141415, 0.26510642135642143, 0.19418308080808078, 0.26142135642135644], [0.223555571062924, 0.26665674113468224, 0.20385245310245317, 0.30593523469994066], [0.24644733044733044, 0.28663879870129877, 0.16370021645021646, 0.3032136544011544], [0.29077579365079365, 0.3529950396825398, 0.15638546176046172, 0.19984370490620496], [0.21763202075702076, 0.3696326867576869, 0.17032413419913417, 0.24241115828615825], [0.24468506493506495, 0.30219119769119773, 0.15470815295815293, 0.29841558441558436], [0.2367148268398269, 0.306234126984127, 0.22054545454545452, 0.23650559163059165], [0.3151015512265512, 0.2786528332778333, 0.16394307081807077, 0.24230254467754467], [0.2510987762237763, 0.2720946275946276, 0.21887820512820513, 0.2579283910533911], [0.30862523587523577, 0.239160755910756, 0.1874594988344989, 0.26475450937950934], [0.2652190603514133, 0.2992499812279224, 0.19838865301365305, 0.23714230540701128], [0.2705964264493675, 0.3014398289618879, 0.17435041347541344, 0.25361333111333106], [0.25062340437340436, 0.35684155631949777, 0.17936043613249492, 0.21317460317460324], [0.2868612514936044, 0.2512888867668279, 0.17862812187812188, 0.2832217398614459], [0.26334358207152325, 0.2954027639027638, 0.19913514753220643, 0.24211850649350652], [0.302280858030858, 0.2647123015873016, 0.1718439615939616, 0.26116287878787886], [0.2421702741702742, 0.30265079365079367, 0.18046428571428563, 0.2747146464646465], [0.22565241702741712, 0.43594300144300147, 0.1269765512265512, 0.21142803030303037], [0.2746320346320347, 0.3478540764790765, 0.11899314574314572, 0.2585207431457432], [0.23539462824756938, 0.34221910524116417, 0.11600879675879669, 0.3063774697524697], [0.23051492951492958, 0.289633658008658, 0.2010763958263959, 0.2787750166500165], [0.2560616883116883, 0.2920169552669553, 0.19384145021645022, 0.2580799062049063], [0.24726623376623377, 0.2943707126207127, 0.19628693528693528, 0.2620761183261184], [0.22647528860028865, 0.27506439393939386, 0.18257467532467525, 0.31588564213564213], [0.28101875901875906, 0.274432645785587, 0.1532983593204181, 0.29125023587523596], [0.19150518925518928, 0.33694630369630363, 0.17200739538239534, 0.29954111166611175], [0.2685182178932179, 0.28087932900432916, 0.15429810467310465, 0.29630434842934844], [0.21744491129785248, 0.26439087301587294, 0.16750220408676295, 0.35066201159951155], [0.21016486291486292, 0.2678059163059162, 0.19155294011544016, 0.33047628066378076], [0.27297157009657025, 0.28855171911421906, 0.2019543928293929, 0.23652231795981798], [0.3057182539682539, 0.21455465367965368, 0.13921446608946608, 0.3405126262626263], [0.22615850979086285, 0.3015247620027031, 0.16972727272727275, 0.30258945547916144], [0.27995663568457696, 0.26717478354978363, 0.1960547279517867, 0.2568138528138528], [0.32852242202242204, 0.3333077755577756, 0.1649196775446775, 0.1732501248751248], [0.27754803529803534, 0.2921586607836608, 0.17607745032745034, 0.2542158535908536], [0.25603944176738297, 0.22069978632478635, 0.21589581741787625, 0.30736495448995443], [0.22151443001443, 0.3078263542013542, 0.21891011766011773, 0.25174909812409824], [0.23858369408369406, 0.3242240814740815, 0.18203216228216226, 0.25516006216006226], [0.27877700077700085, 0.2661299256299256, 0.17924603174603185, 0.27584704184704184], [0.27937698412698414, 0.3210082972582972, 0.12432672882672881, 0.2752879897879898], [0.3375707070707072, 0.2694837107337108, 0.12603721278721278, 0.26690836940836943], [0.2952793456543456, 0.29298465423465425, 0.14696217671217668, 0.2647738233988235], [0.21789267676767676, 0.2889178044178044, 0.19633286158286153, 0.2968566572316572], [0.2226886724386724, 0.29288059163059177, 0.17952651515151513, 0.30490422077922075], [0.2726622266622267, 0.2786266233766234, 0.2261261932511934, 0.22258495670995665], [0.2745269452769454, 0.25706044649794657, 0.19086323398823407, 0.2775493742368743]]}}