{"test": {"ids": ["106116640", "101111990", "99111620", "105113480", "99108330", "110116501", "103113101", "102110500", "107118780", "97105580", "106118301", "106114321", "104114240", "112118860", "111120540", "99112300", "113121810", "111116750", "98107340", "107121540", "100116790", "110118930", "98121790", "105113330", "98108370", "105119950", "98111620", "108115570", "107115140", "109121640", "109119340", "112119500", "103120340", "104111711", "104111531", "109121410", "97116410", "102121700", "105113210", "111121410", "109116040", "113120601", "110114920", "101108580", "110119891", "101109000", "103113260", "110120190", "98110810", "99109740", "113119120", "97107821", "108120060", "101109370", "113117401", "106114150", "99109840", "99107630", "100120010", "106112770", "101108621", "107121640", "101108500", "107117010", "110113591", "101108950", "109120150", "107114780", "110118161", "97112830", "98107380", "110117080", "101121640", "111119340", "108113760", "108117610", "97113260", "107117630", "103110100", "99108080", "101108370", "109117150", "99111000", "111120260", "97112300", "109119591", "98117740", "107116501", "110121720", "109113591", "112118550", "113118620", "106117650", "113118111", "107112840", "111117120", "109117630", "108118810", "111116110", "111120220", "105110251", "112121030", "98106111", "97105760", "113119450", "109117600", "106111321", "99107560", "109120540", "112120990", "102113350", "103109641", "97107920", "110117500", "103118291", "107113260", "109115220", "103110760", "112118820", "109114651", "104113210", "109115380", "106117790", "112116850", "102113981", "99119830", "113122510", "113121410", "110120640", "98112300", "113120780", "111120190", "107120260", "105120621", "107120880", "102117351", "113122150", "105114220", "109115070", "113122190", "100109330", "113121220"], "labels": [3, 2, 3, 0, 1, 3, 3, 3, 1, 1, 1, 2, 0, 3, 1, 0, 2, 3, 0, 2, 2, 1, 2, 3, 1, 3, 3, 3, 0, 0, 3, 2, 1, 1, 0, 0, 3, 1, 3, 0, 0, 2, 3, 0, 3, 1, 3, 3, 1, 3, 3, 2, 1, 1, 3, 1, 2, 2, 0, 1, 0, 1, 3, 1, 0, 2, 2, 2, 0, 2, 1, 1, 2, 3, 1, 3, 1, 0, 1, 3, 1, 2, 2, 3, 2, 0, 2, 1, 3, 3, 3, 3, 1, 1, 1, 2, 0, 1, 3, 3, 0, 0, 0, 0, 3, 1, 0, 1, 1, 2, 3, 1, 0, 1, 0, 0, 3, 1, 0, 3, 3, 3, 1, 0, 1, 1, 2, 0, 0, 2, 0, 3, 1, 1, 1, 1, 2, 3, 0, 1, 0, 3], "predicted_labels": [0, 0, 3, 1, 1, 3, 3, 3, 1, 1, 0, 2, 2, 1, 2, 2, 2, 3, 3, 2, 1, 3, 2, 3, 2, 1, 3, 1, 3, 0, 3, 1, 3, 1, 3, 0, 1, 0, 3, 1, 3, 3, 0, 2, 3, 3, 1, 3, 1, 2, 3, 1, 1, 1, 0, 0, 3, 3, 2, 3, 1, 0, 0, 2, 3, 2, 2, 3, 3, 2, 0, 2, 1, 1, 0, 3, 2, 2, 0, 3, 0, 3, 1, 0, 0, 1, 2, 0, 0, 3, 0, 1, 3, 1, 0, 1, 0, 3, 3, 0, 1, 2, 1, 3, 0, 0, 0, 1, 1, 0, 2, 3, 1, 1, 1, 3, 3, 0, 3, 1, 2, 3, 2, 3, 1, 3, 0, 3, 2, 3, 0, 1, 0, 1, 2, 3, 2, 0, 1, 3, 0, 3], "confidence_scores": [[0.6513244376630689, 8.762339827162265e-08, 0.015815393950599867, 0.3328600807629329], [0.8766270965168164, 0.029985641091069368, 0.07394174370452992, 0.019445518687584293], [2.6810519084753285e-05, 0.0026445730512982147, 0.00014021974676533454, 0.9971883966828518], [0.03034058218942949, 0.8831889723374662, 0.024250639470488944, 0.06221980600261558], [0.13417890308589803, 0.8275554252227751, 0.02305685376730466, 0.015208817924022238], [0.004849509496416863, 0.314856548570994, 3.00633407320877e-05, 0.6802638785918571], [0.00012915743765005503, 0.0026901347791870884, 0.0030621318949628994, 0.9941185758882], [0.002285742437487171, 8.333547242724048e-07, 0.00017957320347149156, 0.997533851004317], [0.014231055508911055, 0.9831412508594597, 2.8904394271847843e-06, 0.002624803192202291], [0.05378982693756234, 0.5906503877703108, 0.35431442507601746, 0.0012453602161093674], [0.998941249259137, 0.0010539675783219444, 9.397840358322643e-07, 3.84337850530152e-06], [0.000510703216668947, 0.015452263132180259, 0.981899183339409, 0.0021378503117418838], [0.2703124833804936, 0.09761698119347124, 0.5360728804718625, 0.0959976549541727], [0.09355208693885836, 0.8962659136854535, 1.899366249500787e-05, 0.010163005713193042], [0.11528735459762265, 0.30260856440921796, 0.5793236427406465, 0.0027804382525129898], [0.009225930045375735, 0.0035268415139948117, 0.9675034717457301, 0.019743756694899355], [0.011268328153901485, 0.07220610841810186, 0.9165184864438787, 7.0769841179320726e-06], [0.0035517229082030924, 0.0004103365130931987, 0.0032161859573296035, 0.992821754621374], [6.1696086603611976e-06, 2.66347447236939e-05, 0.013181838243394717, 0.9867853574032212], [0.0019413980079061462, 0.24754227514470337, 0.6134465602296041, 0.1370697666177865], [0.011999036523978428, 0.8892353665503303, 0.024660034479287746, 0.07410556244640334], [0.002707313784552157, 0.17445108925635228, 0.00011993155337478614, 0.8227216654057208], [1.3977574260152607e-06, 0.02936920820924588, 0.9703037854089968, 0.00032560862433132564], [0.20624107177605325, 0.0007069866696332803, 0.0004508473054669533, 0.7926010942488465], [0.0009764743920162085, 0.00024618024280978, 0.937264413604119, 0.06151293176105492], [0.01135284602349039, 0.9878549761609084, 0.0003728597037916256, 0.0004193181118096166], [0.004220925135099524, 0.0015390509094308279, 0.3083938738879861, 0.6858461500674836], [0.006172482473594303, 0.9176135807988134, 0.0694874315182526, 0.0067265052093397676], [0.019237923017595665, 0.0003098168825393007, 0.008236697717100202, 0.9722155623827647], [0.6055233959522884, 0.006136139744033812, 0.2545585331256899, 0.13378193117798787], [0.15443328187351923, 0.018201165282239137, 0.3209913692677966, 0.506374183576445], [7.403699472635403e-05, 0.9974130069378668, 0.002378600257433386, 0.00013435580997351196], [0.13114719074828307, 0.006465167773539639, 0.03314885192046091, 0.8292387895577163], [0.0005569985611833296, 0.9531130117786043, 0.00431818263424849, 0.042011807025963945], [0.0001541639457880211, 1.2562920596074762e-05, 9.945804257240438e-07, 0.9998322785531901], [0.6127201218310128, 0.004404281719370452, 0.001319382041635708, 0.3815562144079811], [0.009142936019253086, 0.5099227607356372, 0.36435965335257664, 0.11657464989253302], [0.993373119030895, 0.004115124516676765, 0.002264562196396046, 0.0002471942560323194], [0.02659688675905349, 0.3172630317478751, 6.067914068321209e-05, 0.6560794023523883], [0.008376876850666425, 0.9915078119992142, 9.300781917932207e-05, 2.230333093999305e-05], [0.1541504806974761, 0.006876873667757157, 0.02634007662571293, 0.8126325690090539], [0.0005151092631274961, 0.024750232725340684, 0.0009109076418667801, 0.9738237503696651], [0.7182919453198373, 0.2752469356588991, 0.006060338937527538, 0.00040078008373603037], [0.3483386353821331, 0.00019738611433870384, 0.5742807964353123, 0.07718318206821584], [0.1620139467724104, 0.2971362803962562, 0.16807257753958776, 0.3727771952917457], [0.0020969046713521914, 0.006498886817702627, 0.0888500851411226, 0.9025541233698225], [5.677251895864231e-05, 0.9840665043530484, 0.014938765497082583, 0.0009379576309103024], [0.02972842252882353, 0.033804061524922005, 5.7420382801933795e-06, 0.9364617739079742], [0.008237074891033608, 0.9914100178004062, 0.0003150980974203021, 3.780921114008415e-05], [0.023832840154362156, 0.15330445591935254, 0.5435045738730817, 0.2793581300532035], [0.022162746024528227, 0.010178505232911883, 0.013979331435291294, 0.9536794173072687], [0.0976359819318297, 0.41990236313293183, 0.2954322996744949, 0.18702935526074363], [0.0005125524730483505, 0.6742448134189197, 0.3251410670802745, 0.00010156702775737181], [0.0004071607156629372, 0.8057333886643582, 0.15602542131808753, 0.037834029301891434], [0.9205786039292317, 0.07406249940427699, 0.0017341474201075955, 0.003624749246383492], [0.9318005891739788, 0.008457215975562744, 0.00033631031442731945, 0.05940588453603085], [0.0038306638297818784, 0.004205846522708015, 0.087629678907094, 0.9043338107404161], [0.025212532736060615, 0.0012196177797825325, 0.439632037311417, 0.5339358121727399], [0.13172197076893485, 0.2920303496997891, 0.5329672815735542, 0.0432803979577218], [2.5721078669426124e-07, 0.37941035880426854, 0.05400783255075139, 0.5665815514341934], [0.006585198731524194, 0.8834262095803354, 0.0010566858152892507, 0.10893190587285131], [0.8795399060177994, 0.001537438769683566, 0.1168096472666745, 0.0021130079458424825], [0.6123197418099794, 0.38356643873993196, 0.0012805458497782349, 0.002833273600310316], [0.0015860448844320799, 0.0561240527898067, 0.9387374038896676, 0.003552498436093444], [0.41662221929712, 0.1483981739966034, 5.453416939745615e-08, 0.4349795521721071], [0.016777166001831184, 0.17649369124027503, 0.547990632496084, 0.25873851026180966], [5.702219643824244e-06, 0.0006557548593951616, 0.9989598263730387, 0.000378716547922309], [0.04796023698785273, 0.020399381192037998, 0.0017289992192677248, 0.9299113826008416], [0.03906645493917189, 0.28979810375412257, 0.004688676020477492, 0.6664467652862281], [0.0015350750096834894, 0.013199017425773705, 0.9790048757530538, 0.006261031811488982], [0.4848533316986617, 0.0009863124427936282, 0.27550705052478847, 0.23865330533375617], [0.00018048164619379888, 0.2139119653566256, 0.406232626742404, 0.3796749262547766], [7.247191020773907e-06, 0.9915220949228268, 0.002661685347029517, 0.005808972539122849], [0.12877687740218735, 0.6404512037714876, 0.00035989142967156345, 0.2304120273966536], [0.9885192329669905, 0.011061132840723893, 0.00017143843194287168, 0.00024819576034275473], [0.18942344541949477, 0.03458234596879619, 0.004889012062311027, 0.771105196549398], [1.8506448652624012e-06, 1.4902427553314483e-05, 0.9909587782380355, 0.00902446868954592], [0.02211281445011231, 0.10535855671088934, 0.5630225980774562, 0.3095060307615422], [0.4367642410322951, 0.008686402116825784, 0.13620150825932253, 0.41834784859155655], [0.02749291764790585, 0.011266802895599615, 0.19314886677764478, 0.7680914126788498], [0.9982744100806336, 0.00010675687651368247, 4.854681499200892e-05, 0.0015702862278606452], [0.10734860140579358, 0.12703601520020616, 0.020715615303256208, 0.744899768090744], [0.012084737226611757, 0.8876006374247151, 0.09968905808062585, 0.0006255672680473058], [0.9995939557601976, 0.0003532750789533967, 1.332309826595016e-07, 5.263592986633843e-05], [0.7982930763564002, 0.026643480347409005, 0.17057824532256044, 0.004485197973630253], [0.28837231532258883, 0.5452300700950574, 0.009261498206403412, 0.15713611637595024], [0.06091335874915759, 0.002172377297760377, 0.7614104482610975, 0.17550381569198453], [0.995899137277362, 0.0014529230750583294, 0.000225326641392134, 0.0024226130061876998], [0.5802774096656532, 0.13229515086647625, 0.2725070444546188, 0.014920395013251887], [0.01464035887165235, 0.40214018567893056, 1.562308307080045e-07, 0.5832192992185863], [0.7239505698100122, 0.009487148986242137, 0.00016984400847608756, 0.2663924371952697], [0.0012959288310672972, 0.9984284755561732, 5.836150091207834e-06, 0.0002697594626681933], [0.011527281455111593, 0.03133866298915711, 0.07576545372126041, 0.881368601834471], [0.09418918561635997, 0.6960991340373635, 0.00772745347863229, 0.20198422686764425], [0.9482116118202099, 0.047862984269970356, 0.0007983134458315228, 0.003127090463988079], [0.0024763785049631247, 0.9961582797270697, 8.859177274040654e-06, 0.001356482590693116], [0.9184515422484524, 0.0722773532978193, 0.009177433367126614, 9.367108660158336e-05], [8.461991985409685e-05, 1.1609236501144149e-06, 9.08223251547411e-08, 0.9999141283341706], [0.10376948685075008, 0.0020034713171910496, 0.25002789908748524, 0.6441991427445736], [0.9955447770702934, 0.0012164044969340388, 1.2145468963339088e-08, 0.0032388062873036365], [0.008556010031063583, 0.9137055699140514, 0.001123473747658379, 0.07661494630722654], [0.11361976295180082, 0.020199130888505397, 0.848347679610412, 0.017833426549281866], [0.0005159115451615023, 0.9989437976349863, 0.00034669244892060745, 0.00019359837093142616], [0.34822080540870787, 0.07849500288732662, 0.10319503567554848, 0.470089156028417], [0.7693032733171244, 0.14262990655501562, 0.00010075377149769182, 0.08796606635636249], [0.8091793307263994, 0.0007783111594145532, 0.012488887302386637, 0.17755347081179948], [0.981592307456107, 0.003762454706003919, 0.00801470274159858, 0.006630535096290382], [0.13324741769587764, 0.8432946622601305, 0.00254032029464819, 0.02091759974934354], [0.04387925659243711, 0.8820942590850648, 0.009616307909448746, 0.06441017641304948], [0.8514371766347677, 0.10165455316915316, 0.00010506806784212165, 0.046803202128237], [0.0005559677382476053, 0.00044070005627957836, 0.9747134589540931, 0.02428987325137958], [0.00864948075916265, 8.964548489471969e-05, 0.030006760923986003, 0.9612541128319566], [0.044727182322763584, 0.841244836613685, 0.0018631311332283538, 0.11216484993032305], [0.2905433220409523, 0.6854314273881408, 0.011738517479728042, 0.01228673309117887], [0.11683772314961524, 0.8829096664886384, 7.084154399648394e-05, 0.00018176881774966067], [0.0022729279815422994, 0.15090571260855232, 0.00038400915173117015, 0.8464373502581741], [0.00010303100232026838, 0.004222548064484334, 0.006898701889976153, 0.9887757190432193], [0.7011219989435876, 0.2850674863894727, 0.0015148765005008385, 0.012295638166438782], [0.06672013756425799, 0.001108649245808648, 4.050066901035521e-05, 0.9321307125209229], [0.3798597890480111, 0.6120194437956186, 0.004068089830534391, 0.004052677325835943], [0.30754300737427354, 0.13488113613082967, 0.5521748355292537, 0.00540102096564306], [0.020706519065174848, 0.037187916614131726, 0.1034091809727476, 0.8386963833479457], [0.005300635675508294, 0.09913329541906146, 0.8792484729749955, 0.01631759593043471], [0.028876426459320058, 0.12591922305215575, 1.5688139262877634e-05, 0.8451886623492613], [0.008681130274199159, 0.49380566730676867, 0.40190098200747926, 0.09561222041155293], [0.08571281945541062, 0.16851275950376857, 0.021988969079893804, 0.7237854519609269], [0.5972305875872684, 0.3830805947675366, 0.019524822099370356, 0.00016399554582472144], [0.00016374625398630834, 3.9252803813625564e-07, 7.094428604100308e-07, 0.9998351517751151], [0.030192216411335442, 0.028824741493153113, 0.8877692596719597, 0.053213782423551716], [0.1077115281322591, 0.05166071882812375, 0.006845368515326511, 0.8337823845242905], [0.8069342675931428, 0.005517654138598538, 0.011931351616919206, 0.17561672665133932], [0.0019543514590681637, 0.965664577843736, 0.0020325292409766288, 0.030348541456219152], [0.943401936734789, 0.05464915731492668, 0.0014255645449857773, 0.0005233414052985546], [0.06473646770781787, 0.810574210935054, 1.0289807310974194e-05, 0.12467903154981723], [0.004813861677931029, 0.04644099703203897, 0.9443927130802174, 0.004352428209812526], [0.3916939080127684, 0.017579037158802217, 3.6741113202364112e-06, 0.5907233807171092], [0.004444746442481666, 0.3562616189894479, 0.5772734887996969, 0.06202014576837356], [0.9178830845869472, 0.07041418196478928, 1.602898974270264e-05, 0.011686704458520828], [0.0016663947055413388, 0.8967753976292608, 0.002561875525687309, 0.09899633213951033], [0.0022442767047144625, 0.007230030598302202, 0.45860151827058676, 0.5319241744263966], [0.9536717143071848, 0.046276735517396, 2.6506745417847656e-06, 4.889950087734168e-05], [0.002308971780925781, 0.03298268926141885, 0.27836572138138077, 0.6863426175762746]]}, "rewritten": {"ids": ["97105580", "97105760", "97107821", "97107920", "97112300", "97112830", "97113260", "97116410", "98106111", "98107340", "98107380", "98108370", "98110810", "98111620", "98112300", "98117740", "98121790", "99107560", "99107630", "99108080", "99108330", "99109740", "99109840", "99111000", "99111620", "99112300", "99119830", "100109330", "100116790", "100120010", "101108370", "101108500", "101108580", "101108621", "101108950", "101109000", "101109370", "101111990", "101121640", "102110500", "102113350", "102113981", "102117351", "102121700", "103109641", "103110100", "103110760", "103113101", "103113260", "103118291", "103120340", "104111531", "104111711", "104113210", "104114240", "105110251", "105113210", "105113330", "105113480", "105114220", "105119950", "105120621", "106111321", "106112770", "106114150", "106114321", "106116640", "106117650", "106117790", "106118301", "107112840", "107113260", "107114780", "107115140", "107116501", "107117010", "107117630", "107118780", "107120260", "107120880", "107121540", "107121640", "108113760", "108115570", "108117610", "108118810", "108120060", "109113591", "109114651", "109115070", "109115220", "109115380", "109116040", "109117150", "109117600", "109117630", "109119340", "109119591", "109120150", "109120540", "109121410", "109121640", "110113591", "110114920", "110116501", "110117080", "110117500", "110118161", "110118930", "110119891", "110120190", "110120640", "110121720", "111116110", "111116750", "111117120", "111119340", "111120190", "111120220", "111120260", "111120540", "111121410", "112116850", "112118550", "112118820", "112118860", "112119500", "112120990", "112121030", "113117401", "113118111", "113118620", "113119120", "113119450", "113120601", "113120780", "113121220", "113121410", "113121810", "113122150", "113122190", "113122510"], "labels": [1, 0, 2, 0, 2, 2, 1, 3, 0, 0, 1, 1, 1, 3, 2, 2, 2, 1, 2, 3, 1, 3, 2, 2, 3, 0, 1, 0, 2, 0, 1, 3, 0, 0, 2, 1, 1, 2, 2, 3, 3, 1, 1, 1, 1, 1, 1, 3, 3, 0, 1, 0, 1, 3, 0, 0, 3, 3, 0, 3, 3, 1, 0, 1, 1, 2, 3, 1, 1, 1, 1, 0, 2, 0, 1, 1, 0, 1, 1, 1, 2, 1, 1, 3, 3, 1, 1, 3, 3, 0, 3, 3, 0, 2, 1, 0, 3, 0, 2, 1, 0, 0, 0, 3, 3, 1, 1, 0, 1, 3, 3, 0, 3, 3, 3, 2, 3, 3, 3, 3, 1, 0, 0, 3, 0, 3, 2, 2, 0, 3, 1, 3, 3, 3, 2, 0, 3, 0, 2, 2, 1, 2], "predicted_labels": [0, 2, 1, 1, 0, 2, 2, 1, 1, 3, 0, 2, 1, 2, 3, 2, 2, 1, 2, 3, 1, 1, 3, 1, 3, 2, 1, 0, 1, 1, 0, 1, 2, 1, 2, 3, 1, 2, 1, 3, 2, 1, 0, 0, 3, 3, 1, 3, 1, 1, 3, 3, 2, 2, 2, 1, 1, 3, 2, 0, 1, 1, 0, 1, 1, 2, 0, 3, 2, 0, 1, 3, 0, 3, 0, 2, 2, 1, 0, 2, 2, 2, 0, 1, 0, 3, 2, 3, 1, 1, 3, 3, 2, 1, 0, 0, 0, 1, 2, 1, 3, 2, 1, 1, 3, 1, 1, 3, 1, 0, 3, 2, 2, 2, 3, 1, 1, 1, 0, 0, 1, 1, 3, 0, 0, 1, 1, 0, 0, 0, 1, 1, 0, 0, 2, 0, 3, 3, 2, 1, 2, 1], "confidence_scores": [[0.7026278717069667, 0.015800738440586444, 0.21105617557864512, 0.0705152142738017], [0.040947020512676215, 0.020125079205124796, 0.92563025031991, 0.013297649962289134], [0.166087006075335, 0.5644085360459992, 0.20920497446196035, 0.06029948341670548], [0.05213438654293079, 0.906392535254595, 0.00011286723453623915, 0.04136021096793794], [0.9064819299628301, 0.02871872720590482, 0.061139667222765225, 0.0036596756084999547], [0.002320220749558384, 0.0451204528726344, 0.947201843125303, 0.005357483252504382], [9.790092583097104e-07, 7.132083050147419e-05, 0.8874196905690727, 0.11250800959116752], [0.0005297571585682296, 0.8044723069473629, 0.19226431947907985, 0.0027336164149890266], [1.4116351059964026e-05, 0.9969900899481052, 0.0029923044900259004, 3.4892108090683243e-06], [1.5320162484285306e-05, 0.000730479932598334, 0.026715276077624, 0.9725389238272935], [0.4960798535056698, 0.03824251283540004, 0.3128543276245292, 0.1528233060344009], [9.381943144685348e-05, 0.008289440828737756, 0.8491990788089049, 0.14241766093091063], [0.0003309122042611122, 0.9966572640778197, 0.0030080600370692577, 3.76368084987397e-06], [0.010172192327041812, 0.08183456279164594, 0.8761643915032471, 0.03182885337806509], [0.0019827592269121793, 0.19833201433245948, 0.28324867874756243, 0.516436547693066], [0.003976821172103561, 0.005775256466004859, 0.9555194324133222, 0.03472848994856958], [6.17353857115138e-06, 0.00030983859860467255, 0.9996575157163196, 2.6472146504466534e-05], [0.04415475193726306, 0.9467249846559437, 0.0038944034047806025, 0.0052258600020126935], [0.0010292066416688068, 0.010191570868475176, 0.9370840891514866, 0.05169513333836964], [0.011523513187607642, 0.2193644411713659, 0.008155558839541884, 0.7609564868014846], [0.06533631726575886, 0.9324646975798786, 0.002057760266948721, 0.0001412248874136216], [0.004514847671104507, 0.8581784989552493, 0.1292348869874291, 0.008071766386216811], [0.014648616462923064, 0.06298148525556631, 0.38111313844351186, 0.5412567598379987], [0.00020501128511368888, 0.9560780769145547, 0.04370371024298607, 1.3201557345585416e-05], [7.645757964728685e-05, 0.23322504427453222, 0.00360627809437622, 0.7630922200514442], [0.00043667595026264047, 0.061061258367557825, 0.8932148195534547, 0.04528724612872484], [0.23994935956553634, 0.4255661059407356, 0.09774609977887033, 0.23673843471485764], [0.9739513080808465, 0.0260253633685648, 6.513733493952619e-06, 1.681481709476721e-05], [0.004509026951655455, 0.905336679258941, 0.07505875305361931, 0.015095540735784192], [0.025146942734822805, 0.5292090568382106, 0.44147189951998, 0.004172100906986565], [0.9933210933007138, 0.001661232236093717, 0.0005894175028891705, 0.004428256960303478], [0.10681688443971692, 0.8906300777058229, 0.0018823249630664173, 0.0006707128913936679], [0.0633976565961386, 0.001188407788699757, 0.9031001635811745, 0.03231377203398726], [0.0037770145445076677, 0.990677516728396, 0.0005160567105407369, 0.005029412016555656], [0.0062319271632968526, 0.13442753629245663, 0.7960177779773827, 0.06332275856686383], [0.0019295959941580463, 0.2580509732833269, 0.16677083704288315, 0.5732485936796319], [7.086226884102109e-05, 0.9193789156164454, 0.07892479091329134, 0.0016254312014221401], [0.17065235575997947, 0.02370959437123176, 0.8035633187749243, 0.0020747310938645154], [2.6059394938996473e-05, 0.9425272284081075, 0.025176082463842477, 0.03227062973311099], [0.01126394371257447, 0.00017872045105035638, 0.027503364080827396, 0.9610539717555477], [1.882149194062002e-05, 0.00023439109917541525, 0.9984967239817002, 0.0012500634271838096], [0.021461597784806073, 0.8630091178113706, 0.09709825202849258, 0.018431032375330694], [0.5042926367121288, 0.0247944919969389, 2.3157290341398102e-05, 0.4708897140005909], [0.7363572541789231, 0.2632760255009294, 0.0002436132958772952, 0.00012310702427018638], [0.0023014919186679413, 0.0005723734152733123, 0.07498650838973384, 0.9221396262763248], [0.16860475456157503, 0.016676073052572973, 0.2152297957917286, 0.5994893765941233], [0.01067999844323069, 0.988082752097381, 0.0011831055338824194, 5.414392550604402e-05], [7.7739446895102e-05, 0.4032073520344613, 0.04551102114244073, 0.5512038873762029], [1.4992319666353104e-06, 0.9965396162976096, 0.003386806480318567, 7.207799010548647e-05], [0.05182838360931102, 0.9026994971526762, 0.04294824021908977, 0.0025238790189230278], [0.1065260876168082, 0.11474748445187422, 0.24182331001126606, 0.5369031179200515], [0.0016879422425973198, 0.00011663676952587905, 6.756558982443808e-06, 0.9981886644288943], [0.0001488661283880875, 0.017360565875644107, 0.6501394007707679, 0.33235116722519986], [0.07894645037363383, 0.15540307157850392, 0.7633690646717992, 0.0022814133760630695], [0.02547222138770741, 0.13709104614881248, 0.8251588501128796, 0.01227788235060056], [0.000455174313729321, 0.8825137545732258, 0.003971299460310323, 0.11305977165273465], [0.06716835611311836, 0.6229122260354555, 6.577651599038184e-05, 0.30985364133543586], [0.18299643887215006, 0.0007713719303309079, 0.007512908466394225, 0.8087192807311249], [0.08648628549760191, 0.4454853530436819, 0.461250950882277, 0.006777410576439228], [0.952675467553838, 0.045351599223303896, 4.536134353254658e-06, 0.001968397088504967], [0.001780739751237251, 0.9979998008202716, 0.00018903018912354362, 3.0429239367390563e-05], [0.19696761650313632, 0.7133256318194369, 7.844629828583488e-05, 0.08962830537914092], [0.8478152400019284, 0.04634141702476804, 0.06926931192280597, 0.03657403105049766], [4.516590055497281e-07, 0.6314498879831866, 0.039517851744665586, 0.32903180861314246], [0.14929055200935326, 0.6036268187697768, 0.13229538150926534, 0.11478724771160463], [0.025564679585750462, 0.0042151500600476855, 0.9478695498605497, 0.022350620493652076], [0.6167730744856624, 3.773838978500711e-07, 0.16964202854278143, 0.21358451958765828], [0.0029846331562740714, 0.017479455688557487, 0.1234230302672058, 0.8561128808879626], [0.0002720677842427889, 0.06436357963500522, 0.9300048991380939, 0.00535945344265814], [0.9977624721072945, 0.002236193293688164, 4.11868377997481e-07, 9.22730639323396e-07], [0.09148606241036558, 0.886099564174762, 0.022374690168410205, 3.96832464622254e-05], [0.0037911694031669955, 0.3577242368497824, 0.010584621769817063, 0.6278999719772336], [0.37370082082399786, 0.27274801297241347, 0.01856512548415858, 0.3349860407194301], [0.008288921024718905, 0.000992445305211204, 0.015072114195979633, 0.9756465194740902], [0.9917418978342172, 0.004805839078083105, 6.314747092025068e-05, 0.003389115616779377], [4.471597464229271e-05, 0.003086005407984862, 0.996847289915638, 2.198870173485437e-05], [0.04049814055729327, 0.12312662682446102, 0.8108265519189651, 0.025548680699280558], [0.0008915277470886088, 0.997946682953604, 5.678541329181581e-07, 0.0011612214451743137], [0.7681183699193029, 0.23040393266880319, 0.0011639572192766563, 0.0003137401926171529], [0.015021607982977636, 0.29897905733108654, 0.6761369214496497, 0.00986241323628613], [0.17313276360291702, 0.29060921184308164, 0.5129006619115953, 0.02335736264240594], [0.36860558529900356, 0.018874346296478498, 0.6085716439033965, 0.003948424501121407], [0.9911246755189411, 0.007015403951610102, 0.001681607370074705, 0.00017831315937413356], [0.0013064412055334871, 0.9709854186643986, 0.02746262629374255, 0.0002455138363253853], [0.8153998578491026, 0.012754870658506612, 0.0011645861252064307, 0.17068068536718448], [0.0005016824350484042, 8.039943026619305e-05, 1.3612428337210589e-06, 0.9994165568918516], [0.002513894874760521, 0.34558470633502447, 0.6518817652456728, 1.963354454205186e-05], [0.0018607909865866164, 0.31721064611343097, 0.00022806082092065205, 0.6807005020790617], [0.04920055302484812, 0.9475860057281953, 0.00288669358074757, 0.0003267476662092709], [0.0003202157370137121, 0.9942299378605066, 0.0001826955302707299, 0.005267150872208929], [0.00015758671426145256, 0.15694122295891783, 0.02538313225623995, 0.8175180580705809], [0.006665612144078375, 0.18703266659083467, 0.02793457548142486, 0.7783671457836621], [0.19265938899398713, 0.04380096986758733, 0.5555036140365569, 0.20803602710186855], [0.07781291259941647, 0.4254998162831943, 0.09922514570858809, 0.39746212540880116], [0.8900571866953522, 0.00509575746347715, 0.03150960098905196, 0.07333745485211889], [0.7641208670898978, 0.18960775932535248, 0.04623514582424878, 3.622776050089341e-05], [0.9489366319653999, 0.013119989629045417, 0.02653082984562992, 0.011412548559925044], [0.01239807815819915, 0.9852295071765135, 0.0007190740688565941, 0.0016533405964308827], [3.786661064332047e-05, 0.013099733219664953, 0.9867478905317065, 0.00011450963798531511], [0.00019292953784000105, 0.9687822436806527, 0.012754326653546885, 0.018270500127960353], [0.4003687119867702, 0.0885611738335415, 0.0009030351105739635, 0.5101670790691143], [0.022721458775043064, 0.029780941118316417, 0.9328576722527854, 0.014639927853855176], [0.21747604612304938, 0.7739310078508175, 3.4594986292050826e-07, 0.008592600076270336], [0.410556129088999, 0.5827748620405662, 0.006627064005356862, 4.194486507792138e-05], [0.003500463063821231, 0.3723477472682328, 0.0005038725909698114, 0.6236479170769763], [3.1604394217972364e-05, 0.9338445384482129, 0.037805835477447355, 0.028318021680121756], [0.026812549365052084, 0.9697501572378743, 0.0022918598836734858, 0.0011454335134000672], [0.06696320012513322, 0.3028860067414367, 0.029377351828677904, 0.6007734413047522], [0.018481553280582815, 0.9156625798850514, 0.004147804702510159, 0.061708062131855666], [0.4642215986578739, 0.04248906543677935, 0.2338860877685013, 0.25940324813684534], [0.050751881307997924, 0.07353697220474449, 2.2187787636568537e-06, 0.875708927708494], [0.08518245449701158, 0.04731747344052906, 0.8404804898595685, 0.027019582202890673], [0.031170320380845194, 0.08320461823134373, 0.8836661139481713, 0.00195894743963979], [0.10182745836089838, 0.005622186826863048, 0.6218066596938959, 0.27074369511834256], [0.0023184125665894964, 0.001167756352903096, 0.012317661038718002, 0.9841961700417895], [0.0009610332947103453, 0.998774506192887, 7.327776742398582e-05, 0.00019118274497875138], [0.005063888296647851, 0.8956684086841017, 0.00010448805877129963, 0.09916321496047914], [0.000525595212662711, 0.9935745243893654, 0.0023729474323093405, 0.0035269329656623825], [0.9993588273896944, 0.0006113088114240618, 5.9061901943932775e-09, 2.985789269134784e-05], [0.9998070273043659, 0.00015228617887804382, 1.0857297329027146e-07, 4.057794378284943e-05], [0.07832339513360882, 0.7809151184173766, 0.14070855664079185, 5.2929808222781196e-05], [0.0036399209189566925, 0.9961360585568629, 0.00017625859664726699, 4.7761927532997394e-05], [0.018903034822849715, 0.09947222232903946, 9.570925063711799e-06, 0.8816151719230472], [0.8250824114660738, 0.0065531993398214045, 0.00012128971027354715, 0.16824309948383137], [0.9499540225850216, 0.0009995912340265765, 1.2092974941952706e-06, 0.04904517688345767], [0.123343601667623, 0.8748564087857288, 8.696848199311991e-05, 0.0017130210646550792], [0.00011965751964942888, 0.9784616867867635, 0.02133931905048793, 7.933664309929619e-05], [0.887445898817722, 0.11105232811268191, 0.00028533476952299387, 0.0012164383000731766], [0.505163104171007, 0.48899830509608283, 0.00341232332736898, 0.00242626740554116], [0.7914027330006201, 0.1709281769344914, 0.037383376509554686, 0.0002857135553340144], [0.28112168996721926, 0.4978958215743716, 0.19414938919776567, 0.026833099260643485], [0.000203173936216943, 0.999566732992516, 8.914348253576098e-06, 0.00022117872301350523], [0.39619154706345727, 0.015194356920959398, 0.30027862075485945, 0.28833547526072384], [0.5033827986645503, 0.4529048645124489, 0.0002062386285290291, 0.04350609819447178], [0.007934665714776567, 0.03319136700414593, 0.9571304039507109, 0.0017435633303664662], [0.7777536305307278, 0.018088805402282884, 0.0015085557066330199, 0.20264900836035635], [0.002244505391572075, 0.03158192705973134, 0.05030591060549275, 0.9158676569432038], [0.0002540244038909144, 6.156189420194752e-05, 6.993903757990558e-06, 0.9996774197981491], [0.0006205249058152831, 0.21312495867716036, 0.7862537893770933, 7.270399310037192e-07], [0.0022930655826524865, 0.6986360948244709, 0.278971985937354, 0.020098853655522733], [0.02971059616642839, 0.09037339272640983, 0.5900288549017393, 0.28988715620542244], [0.46869829348497544, 0.5248686102199324, 0.006378881813474378, 5.421448161771991e-05]]}}