{"test": {"ids": ["99112300", "106116370", "98106111", "108121410", "113118870", "111117200", "101109000", "112119610", "111116411", "111115400", "105116860", "110118630", "108120621", "107113360", "113119300", "107113130", "105120280", "99108080", "110115580", "100109890", "112116990", "110114651", "108116501", "102112170", "112117431", "109113591", "103113101", "101112201", "112116540", "100109801", "112119950", "101115190", "100112060", "105117431", "113120280", "106113170", "111121410", "101113210", "101108621", "105118171", "101108950", "103111480", "99109860", "99111000", "111118820", "105113440", "109117630", "110118121", "102110690", "103113270", "100109311", "108117360", "105117200", "113122650", "107120130", "107114140", "110114561", "111121190", "104113550", "99111620", "113122150", "113122120", "100109910", "100120780", "111117571", "105115570", "100111080", "97111790", "101108500", "107117010", "111119340", "113119450", "106119580", "109120150", "102110850", "102113210", "103110220", "109119591", "112120540", "108115070", "112117580", "103111170", "106112770", "110118301", "105110251", "104114740", "98110810", "113119480", "102110750", "99109740", "111120190", "98119591", "100108490", "99116500", "113119950", "105113210", "105115250", "106117770", "110118810", "109116930", "103120730", "108118060", "104110960", "106118820", "113120780", "111119950", "103110840", "106115120", "109119010", "111118301", "108115870", "109118161", "97109570", "101109370", "111115780", "99111930", "113121010", "110116300", "100108260", "99111440", "100117420", "103109021", "98108150", "107119950", "97112300", "98111231", "108114180", "104111711", "99108460", "105113330", "103109791", "111119610", "110120700", "103113640", "109120540", "97107040", "109113281", "109119460", "105113480", "113118421", "109114030", "111115770"], "labels": [0, 2, 0, 0, 0, 0, 1, 0, 0, 0, 2, 1, 1, 0, 1, 1, 3, 3, 1, 3, 0, 3, 0, 3, 0, 3, 3, 0, 1, 0, 0, 1, 2, 1, 0, 0, 0, 3, 0, 3, 2, 0, 2, 2, 0, 0, 0, 3, 0, 2, 1, 1, 3, 2, 2, 2, 0, 1, 1, 3, 2, 1, 2, 1, 3, 0, 0, 2, 3, 1, 3, 3, 3, 2, 3, 3, 2, 0, 3, 1, 0, 2, 1, 1, 0, 2, 1, 3, 1, 3, 3, 1, 2, 2, 0, 3, 2, 0, 1, 0, 1, 1, 2, 3, 0, 0, 1, 1, 3, 3, 3, 0, 0, 1, 1, 1, 2, 3, 3, 3, 2, 0, 0, 3, 2, 1, 1, 1, 0, 3, 3, 2, 2, 1, 1, 2, 0, 1, 0, 3, 1, 3], "predicted_labels": [2, 3, 1, 1, 1, 1, 3, 1, 3, 0, 3, 1, 0, 3, 3, 1, 2, 3, 0, 1, 3, 3, 3, 0, 1, 1, 1, 1, 1, 1, 0, 1, 3, 1, 0, 1, 0, 1, 3, 1, 2, 3, 1, 2, 0, 1, 1, 3, 1, 3, 3, 3, 1, 3, 1, 1, 1, 3, 0, 1, 3, 1, 2, 3, 1, 3, 1, 3, 3, 3, 3, 0, 1, 2, 1, 3, 3, 1, 1, 0, 3, 0, 3, 1, 3, 1, 1, 0, 1, 1, 1, 1, 0, 1, 0, 3, 1, 3, 3, 0, 1, 1, 0, 3, 1, 3, 1, 0, 3, 3, 3, 1, 3, 3, 3, 1, 1, 1, 0, 3, 2, 3, 3, 3, 2, 1, 3, 2, 3, 3, 0, 1, 1, 0, 1, 2, 0, 3, 3, 0, 3, 3], "confidence_scores": [[0.16067017648205997, 0.2611829895931147, 0.34961784709278393, 0.22852898683204179], [0.26820571992743064, 0.25455118297567003, 0.14217456776308263, 0.3350685293338168], [0.16992230643916525, 0.30515365995089044, 0.2644433070987864, 0.2604807265111576], [0.264810664097248, 0.3114578152608318, 0.13850369211872707, 0.28522782852319334], [0.24688361991590244, 0.3313629784453736, 0.0919863349546668, 0.32976706668405675], [0.23104973592519215, 0.32025059131335426, 0.13119296906749803, 0.31750670369395556], [0.186750354169612, 0.27461476700402365, 0.22263901587327126, 0.31599586295309295], [0.17887463653738309, 0.30037594730574957, 0.2577906740633726, 0.262958742093495], [0.31275891638336817, 0.23805559281492264, 0.06940427396172509, 0.3797812168399837], [0.2700319650464631, 0.2865735283272666, 0.17597612713431976, 0.2674183794919507], [0.25517590390215356, 0.29115072823505234, 0.15921815279160131, 0.2944552150711928], [0.20888934261269584, 0.2843524874424352, 0.228700939704486, 0.27805723024038304], [0.2764813165318692, 0.3111452929244131, 0.11546264579211107, 0.2969107447516065], [0.26622755390801034, 0.2686518121169952, 0.14885500126842865, 0.3162656327065656], [0.2760451682491036, 0.26051533971754065, 0.07686885815787702, 0.3865706338754788], [0.2145707506148627, 0.28417560861554897, 0.26764225619292537, 0.23361138457666275], [0.1361517540858694, 0.2947315134218452, 0.2984333042452083, 0.27068342824707714], [0.22741709179770495, 0.2743457244895188, 0.19928287102689632, 0.29895431268588], [0.24287635017849662, 0.27186825564858713, 0.2299261485181952, 0.25532924565472104], [0.23112625497876474, 0.299774657498612, 0.2188933656596781, 0.2502057218629454], [0.30561946399093737, 0.2419691487723566, 0.08050506422320451, 0.37190632301350157], [0.24267695274942958, 0.3208406820471129, 0.11079321754832588, 0.3256891476551318], [0.263009646730039, 0.26733462150025494, 0.14818916651178024, 0.3214665652579255], [0.2928518008558025, 0.20928450558270342, 0.20326794857227895, 0.29459574498921476], [0.2498494287243552, 0.34153138775935926, 0.10244053939361708, 0.3061786441226685], [0.24984239415645187, 0.3291596018277877, 0.12909969007607539, 0.2918983139396851], [0.2490416314644358, 0.29130394774036555, 0.16171725235311174, 0.29793716844208695], [0.22469807817707693, 0.3224808213415185, 0.1720362897902216, 0.2807848106911828], [0.23507731736110968, 0.3505465018416536, 0.08265714430045033, 0.3317190364967863], [0.23885074726475236, 0.3526345822999901, 0.10528956432257748, 0.3032251061126797], [0.2872525943316308, 0.27854442440799326, 0.12630732633941197, 0.30789565492096393], [0.1553847287193653, 0.3237445269807259, 0.28163845448800534, 0.2392322898119035], [0.22668059290946282, 0.27267455948172, 0.22901304225226093, 0.2716318053565564], [0.19474447373439724, 0.32232355737250484, 0.21176068347683727, 0.2711712854162603], [0.31407269896115836, 0.264013570057767, 0.0691422720096388, 0.3527714589714361], [0.24293755638750864, 0.3566199835237468, 0.1284842956155458, 0.27195816447319865], [0.27919996331409797, 0.3189096765876102, 0.10179648814910215, 0.3000938719491897], [0.22498803349547766, 0.29158131975499774, 0.21314129673891277, 0.27028935001061155], [0.23249358940431333, 0.30872024896830413, 0.14039300378578604, 0.31839315784159644], [0.25767834179433885, 0.34678101725987975, 0.08090498361245911, 0.31463565733332244], [0.19185095696492735, 0.26571760227545965, 0.3050792890568271, 0.23735215170278592], [0.2549528729922418, 0.26635053582624413, 0.15160890199963245, 0.3270876891818819], [0.15137556383846643, 0.3053183834029829, 0.2900559405024884, 0.2532501122560624], [0.14257090321072427, 0.2863192138134483, 0.3164598210075995, 0.254650061968228], [0.28729520815616205, 0.28788711560352115, 0.09516123716108935, 0.32965643907922754], [0.1952128446851189, 0.30065142074807233, 0.25216117718796344, 0.25197455737884555], [0.23089977448998433, 0.31001427642051044, 0.2113231760844311, 0.247762773005074], [0.26009672968175973, 0.3197257112460823, 0.07919395789764515, 0.34098360117451276], [0.27603078459475683, 0.32074781934400154, 0.08941310064964152, 0.31380829541160016], [0.2215438788378069, 0.2667065084218239, 0.2197070441388641, 0.292042568601505], [0.2621410932446098, 0.2858227803513878, 0.09618415118305412, 0.35585197522094814], [0.14434189548934137, 0.2750664220530691, 0.2588660805432111, 0.32172560191437827], [0.23698572379488783, 0.31587519585742163, 0.1708640343484353, 0.2762750459992554], [0.20575927281796658, 0.2908373060911033, 0.17465456861875867, 0.3287488524721716], [0.22710485975160044, 0.34903011251828914, 0.24687828765334532, 0.17698674007676518], [0.23924845471237216, 0.35833039038301057, 0.12001893603658127, 0.282402218868036], [0.2558739890296174, 0.3322184750192923, 0.11653712647283099, 0.29537040947825954], [0.2521967048248572, 0.2512215103796298, 0.18925512804279818, 0.3073266567527145], [0.26783922853115466, 0.23321309832422504, 0.20722333758477574, 0.29172433555984456], [0.21643465941356071, 0.3104843730572886, 0.16967976019953518, 0.30340120732961545], [0.20372893791593877, 0.2962569695152824, 0.16168708254801953, 0.33832701002075916], [0.21002900038927583, 0.3394458113188085, 0.22955149961905946, 0.2209736886728559], [0.17444677212057383, 0.22428333345605078, 0.45383626277653505, 0.14743363164683998], [0.2395275415259683, 0.23999154620532478, 0.1553358719342156, 0.36514504033449136], [0.2760198078811342, 0.32543887348435735, 0.1050801830581989, 0.29346113557630943], [0.2458903883937185, 0.3047704268324979, 0.1286275254620543, 0.32071165931172935], [0.2278696357315486, 0.3147178917058312, 0.19208191874793354, 0.26533055381468673], [0.23492626140187792, 0.21405090473713387, 0.1819462137124914, 0.36907662014849707], [0.22383351175206476, 0.299772360100091, 0.16274390344889536, 0.3136502246989488], [0.1649353520721379, 0.29669690853473857, 0.24718293347078554, 0.29118480592233803], [0.25324215496937247, 0.30572460739034923, 0.1131061821071472, 0.3279270555331309], [0.28675943632169953, 0.2585721179104712, 0.12610579514143203, 0.328562650626397], [0.23494913709937043, 0.3006189465585307, 0.18924291035741106, 0.2751890059846877], [0.1808054950469699, 0.26414531530661794, 0.3659028023748436, 0.18914638727156868], [0.17272199771366867, 0.31479677059416755, 0.31747504074703575, 0.19500619094512794], [0.2261362035137916, 0.24189102405897686, 0.20125080640185583, 0.330721966025376], [0.19886519943228995, 0.29928932655899226, 0.18287373332033377, 0.318971740688384], [0.24232062160606688, 0.2983741292112433, 0.2135427282600857, 0.24576252092260417], [0.2393149983164516, 0.33629295943257564, 0.11573307803718123, 0.30865896421379163], [0.28734970203286714, 0.28472647315426525, 0.17422721491228763, 0.2536966099005802], [0.23657816599734915, 0.27486010022818835, 0.117768961460488, 0.3707927723139747], [0.2605358419376379, 0.31053512765270236, 0.22149313178881805, 0.2074358986208421], [0.18054601960971497, 0.28643764216893347, 0.21317208206005453, 0.3198442561612968], [0.21731579427802866, 0.37632529092086237, 0.1490361225051452, 0.2573227922959637], [0.23442696000766286, 0.275339533542531, 0.14020278951182094, 0.35003071693798526], [0.20633590224586884, 0.2911609858650997, 0.21698629073409306, 0.2855168211549382], [0.15758253306446468, 0.39664605723215046, 0.2910795662615423, 0.15469184344184275], [0.2769754313351624, 0.320474728138141, 0.11345671610310851, 0.28909312442358787], [0.1756666355394936, 0.3572256706178789, 0.29896052142587803, 0.16814717241674937], [0.14790288030323612, 0.36511572594133646, 0.2958102442145506, 0.19117114954087686], [0.2151739042579909, 0.32988456914375075, 0.16641382134015956, 0.28852770525809884], [0.193904180621633, 0.30190967698501375, 0.24525187109011296, 0.2589342713032405], [0.2561039796799265, 0.2638736758413253, 0.1968144482052156, 0.28320789627353266], [0.135892503323394, 0.32964001620722944, 0.3171219060450185, 0.2173455744243582], [0.277884517633784, 0.309568341196689, 0.09249631466178486, 0.32005082650774214], [0.2606848533266072, 0.283442775572695, 0.09950851625695724, 0.3563638548437408], [0.2375698331823083, 0.29517642326915156, 0.1870280966400748, 0.2802256469084653], [0.24470292730371154, 0.28518993865165676, 0.13404047555783652, 0.33606665848679507], [0.2520454034618212, 0.25421429919482114, 0.1750629141762735, 0.31867738316708405], [0.24578676058022994, 0.22623399604221422, 0.2448140412486174, 0.2831652021289384], [0.23489621255728477, 0.30803896220277416, 0.1628887778589828, 0.2941760473809585], [0.26448668080724463, 0.3053677472227911, 0.13166476156109838, 0.2984808104088658], [0.2847547959048993, 0.2670743063925368, 0.16109443244409644, 0.28707646525846753], [0.2450967070044371, 0.29339643858259373, 0.11136878637752973, 0.3501380680354397], [0.2579017730535787, 0.31953341055101603, 0.09786612192690443, 0.3246986944685007], [0.22229424662947203, 0.31173053892220837, 0.14997082930090525, 0.31600438514741414], [0.20552564743987642, 0.28260505708843653, 0.2641828649842355, 0.247686430487452], [0.3039204363893193, 0.29300928959582984, 0.08191011969398743, 0.3211601543208633], [0.23025721992330533, 0.2706601571813286, 0.19281639642224185, 0.3062662264731242], [0.24675443704105504, 0.2882278479661713, 0.14929025855097874, 0.31572745644179506], [0.25900110520494307, 0.2441050246676309, 0.13136096932276642, 0.3655329008046595], [0.2572313860343491, 0.32431226538607055, 0.13884450801240067, 0.27961184056717936], [0.2164581413539396, 0.26240629791365155, 0.2231931762452605, 0.2979423844871482], [0.23017614475702272, 0.28518351035038814, 0.18205829871827459, 0.30258204617431445], [0.2575096100863035, 0.2937758991739261, 0.1374083023649001, 0.3113061883748704], [0.11584304108289155, 0.33446244016680915, 0.3336539020509798, 0.21604061669931943], [0.20703575300676558, 0.33904928403271284, 0.16280397855428205, 0.2911109844062398], [0.23698379420050403, 0.3201689549533969, 0.13746134588037034, 0.3053859049657287], [0.2699276698392221, 0.2974354924617341, 0.12389710489263589, 0.30873973280640776], [0.24427045474110656, 0.2796194186779918, 0.15937132377052168, 0.31673880281038], [0.11510190203080738, 0.23532661970257218, 0.4555309320912495, 0.1940405461753707], [0.2634041969994257, 0.3086709079793776, 0.08221177542043155, 0.345713119600765], [0.216186168724844, 0.2853434111651624, 0.19087979122818793, 0.3075906288818057], [0.24231869148665064, 0.28379645522045605, 0.16244936220043857, 0.3114354910924549], [0.21372445059682285, 0.26139838466592946, 0.2844706124033137, 0.24040655233393385], [0.2615106322970438, 0.3038252142617856, 0.14310845592668275, 0.2915556975144878], [0.19817316683058445, 0.24599227450498776, 0.1927491000409817, 0.3630854586234462], [0.15653413717070708, 0.27480255152977784, 0.3671099602421769, 0.20155335105733804], [0.25385832387106105, 0.2821022293794261, 0.10724196679618613, 0.35679747995332645], [0.3041747597099757, 0.23937227750887527, 0.09415220307896692, 0.3623007597021821], [0.2711662686703099, 0.2363881257179954, 0.20653099860377236, 0.2859146070079224], [0.16212156819901952, 0.35054199222751653, 0.29856081364644166, 0.18877562592702246], [0.25507591230702525, 0.30413072151927917, 0.1470237746473087, 0.29376959152638676], [0.3175676273513543, 0.26028636307901526, 0.09810614271976126, 0.3240398668498695], [0.23459874888989168, 0.3507367200851854, 0.1279122344507845, 0.28675229657413837], [0.14931829138163744, 0.24929147308311078, 0.3723952401414332, 0.22899499539381862], [0.3014148867159096, 0.2581516573721136, 0.07341404196463244, 0.3670194139473443], [0.2547789753444152, 0.2725441496534968, 0.1501440697775523, 0.3225328052245357], [0.18509447636167295, 0.2963417114882355, 0.206978833428, 0.3115849787220917], [0.30323564544873005, 0.2917432410053605, 0.05724490596467051, 0.34777620758123895], [0.20786107251019434, 0.2551125329184091, 0.23101766508764512, 0.30600872948375146], [0.2364283473592064, 0.2806747768795983, 0.16234484227438636, 0.32055203348680883]]}, "rewritten": {"ids": ["97107040", "97109570", "97111790", "97112300", "98106111", "98108150", "98110810", "98111231", "98119591", "99108080", "99108460", "99109740", "99109860", "99111000", "99111440", "99111620", "99111930", "99112300", "99116500", "100108260", "100108490", "100109311", "100109801", "100109890", "100109910", "100111080", "100112060", "100117420", "100120780", "101108500", "101108621", "101108950", "101109000", "101109370", "101112201", "101113210", "101115190", "102110690", "102110750", "102110850", "102112170", "102113210", "103109021", "103109791", "103110220", "103110840", "103111170", "103111480", "103113101", "103113270", "103113640", "103120730", "104110960", "104111711", "104113550", "104114740", "105110251", "105113210", "105113330", "105113440", "105113480", "105115250", "105115570", "105116860", "105117200", "105117431", "105118171", "105120280", "106112770", "106113170", "106115120", "106116370", "106117770", "106118820", "106119580", "107113130", "107113360", "107114140", "107117010", "107119950", "107120130", "108114180", "108115070", "108115870", "108116501", "108117360", "108118060", "108120621", "108121410", "109113281", "109113591", "109114030", "109116930", "109117630", "109118161", "109119010", "109119460", "109119591", "109120150", "109120540", "110114561", "110114651", "110115580", "110116300", "110118121", "110118301", "110118630", "110118810", "110120700", "111115400", "111115770", "111115780", "111116411", "111117200", "111117571", "111118301", "111118820", "111119340", "111119610", "111119950", "111120190", "111121190", "111121410", "112116540", "112116990", "112117431", "112117580", "112119610", "112119950", "112120540", "113118421", "113118870", "113119300", "113119450", "113119480", "113119950", "113120280", "113120780", "113121010", "113122120", "113122150", "113122650"], "labels": [2, 0, 2, 2, 0, 0, 1, 1, 1, 3, 0, 3, 2, 2, 3, 3, 1, 0, 2, 3, 2, 1, 0, 3, 2, 0, 2, 2, 1, 3, 0, 2, 1, 1, 0, 3, 1, 0, 1, 3, 3, 3, 0, 3, 2, 1, 2, 0, 3, 2, 1, 1, 2, 1, 1, 2, 0, 3, 3, 0, 0, 2, 0, 2, 3, 1, 3, 3, 1, 0, 1, 2, 0, 3, 3, 1, 0, 2, 1, 3, 2, 1, 1, 3, 0, 1, 1, 1, 0, 0, 3, 1, 0, 0, 0, 3, 1, 0, 2, 1, 0, 3, 1, 3, 3, 1, 1, 1, 2, 0, 3, 1, 0, 0, 3, 3, 0, 3, 2, 0, 3, 1, 0, 1, 0, 0, 0, 0, 0, 3, 3, 0, 1, 3, 3, 0, 0, 0, 2, 1, 2, 2], "predicted_labels": [2, 3, 3, 0, 1, 1, 1, 1, 1, 3, 3, 1, 1, 2, 0, 3, 1, 2, 1, 0, 0, 3, 3, 3, 2, 1, 0, 2, 3, 1, 1, 0, 3, 3, 1, 1, 1, 1, 1, 1, 0, 3, 1, 0, 3, 0, 0, 0, 0, 3, 0, 1, 0, 1, 3, 0, 3, 3, 3, 3, 3, 1, 1, 0, 0, 1, 0, 3, 1, 1, 0, 3, 3, 3, 0, 0, 3, 1, 1, 3, 1, 3, 0, 3, 3, 3, 0, 0, 0, 0, 1, 1, 0, 1, 1, 1, 3, 0, 2, 1, 0, 3, 0, 1, 0, 1, 0, 3, 1, 0, 3, 3, 3, 3, 0, 3, 0, 3, 2, 1, 0, 3, 1, 1, 0, 0, 3, 2, 0, 1, 3, 3, 3, 0, 1, 3, 0, 3, 1, 1, 3, 1], "confidence_scores": [[0.16848013742667106, 0.258830308949048, 0.3104229073141357, 0.26226664631014523], [0.24786146142328094, 0.26429085951965825, 0.1599055539688009, 0.3279421250882595], [0.2610084506960147, 0.23268655223988088, 0.17839647673733605, 0.3279085203267683], [0.2380727533343435, 0.2657942851293684, 0.22847474615833857, 0.26765821537794965], [0.21521711445736186, 0.3087668726577627, 0.18574005978690675, 0.29027595309796855], [0.22212367853258136, 0.2986348411816223, 0.17694382969288322, 0.3022976505929131], [0.18393586063658318, 0.39659822195568833, 0.2269193302774007, 0.1925465871303276], [0.2623659535773103, 0.31348936513746317, 0.13279876746719912, 0.2913459138180274], [0.21971144126591705, 0.28426746868158176, 0.2332984097088091, 0.2627226803436921], [0.24112380892309115, 0.27047267748848364, 0.20690197614830183, 0.2815015374401234], [0.26818230435656726, 0.2687849720764607, 0.10713155837684425, 0.35590116519012793], [0.19499204583490193, 0.3330463247704358, 0.23891414815379278, 0.23304748124086938], [0.19146328978179777, 0.2938650038795169, 0.25827414036164464, 0.25639756597704055], [0.16983804910914602, 0.26236256990674217, 0.31282468008088793, 0.2549747009032239], [0.2879936207534179, 0.26217872570171386, 0.12697048962166285, 0.3228571639232055], [0.2503048781229426, 0.2779915056521025, 0.13557230077767773, 0.33613131544727715], [0.15299791939731616, 0.32184246768713987, 0.2919269172971566, 0.23323269561838728], [0.18270293683906635, 0.2821038382230352, 0.286839842738412, 0.24835338219948644], [0.1886744138216157, 0.3104509508542777, 0.21949162177301224, 0.28138301355109435], [0.2849452366541733, 0.2897611255908217, 0.09958638900759728, 0.32570724874740775], [0.2876899914827848, 0.2776219895231318, 0.15307126040407282, 0.28161675859001084], [0.26297923746700785, 0.2682854954932061, 0.11403597556073074, 0.35469929147905543], [0.26684199537668396, 0.3132208133048536, 0.08447710387101823, 0.3354600874474442], [0.24905505375023299, 0.2658843582183078, 0.18346290774276022, 0.30159768028869893], [0.24407917693954762, 0.22876969986946583, 0.33475670140728053, 0.19239442178370614], [0.24649925175259252, 0.313633619713009, 0.16680133536768707, 0.2730657931667116], [0.2588933330212163, 0.28009186903568806, 0.16559253159744916, 0.2954222663456462], [0.16154230594676516, 0.2468164595261174, 0.36222881872979074, 0.2294124157973271], [0.2213179756494506, 0.25622060918149336, 0.17149040984807143, 0.35097100532098413], [0.22662078322701998, 0.3103312343085867, 0.16606791792893832, 0.2969800645354549], [0.25542314750508555, 0.3086828532072902, 0.11467268830150742, 0.3212213109861167], [0.2577988931940856, 0.2894908529287529, 0.1890070240116101, 0.2637032298655513], [0.2173866557097357, 0.28224591090073264, 0.19044310488861452, 0.309924328500917], [0.24653993468321272, 0.27050246678911244, 0.15684669373310667, 0.3261109047945681], [0.24723058795584418, 0.3061131161175001, 0.1512409419203384, 0.2954153540063171], [0.23771098576475394, 0.29218059682062475, 0.19653663202023103, 0.27357178539439], [0.1975624459130729, 0.3173105342799747, 0.24324687966040143, 0.24188014014655096], [0.263347403759464, 0.3338770564109615, 0.10468262210471375, 0.2980929177248604], [0.2157820956792747, 0.3470110697663162, 0.23154736888274982, 0.2056594656716597], [0.2380761162187391, 0.3090843622051504, 0.24016832580836298, 0.21267119576774754], [0.2787216930297442, 0.20829115595671732, 0.22560837546130375, 0.2873787755522349], [0.22889935961252936, 0.26329461851913855, 0.1883220916080047, 0.31948393026032723], [0.2738648312548737, 0.31895446845649394, 0.0831341624474234, 0.32404653784120896], [0.28649335356017924, 0.2443400142762758, 0.16167959322688538, 0.3074870389366595], [0.23459087117990823, 0.3009470590684714, 0.1243170160955677, 0.3401450536560527], [0.2346023701354926, 0.2692172162327906, 0.2290131829079308, 0.2671672307237856], [0.27065894269616025, 0.31819082256313697, 0.18705196497205573, 0.22409826976864702], [0.2563553467947358, 0.2650847708136985, 0.17136805795428578, 0.3071918244372801], [0.2711561392520491, 0.28606939762604733, 0.13660429604462598, 0.3061701670772777], [0.23932626165237011, 0.26422973681073125, 0.19313734094890073, 0.303306660587998], [0.3195245230121208, 0.2718226696057482, 0.08092658580199519, 0.32772622158013603], [0.23695802316140113, 0.3188244107611273, 0.1478491528202501, 0.2963684132572213], [0.28340071446624765, 0.27509019189488526, 0.1533925111652839, 0.28811658247358307], [0.20622489452098405, 0.2824345950587349, 0.26008677135744673, 0.2512537390628346], [0.2557678657705676, 0.23757770124317823, 0.22551320870704597, 0.281141224279208], [0.2690005599620617, 0.2677220294720133, 0.17843223358246046, 0.28484517698346434], [0.24548000208090565, 0.27203437921578216, 0.13945783354383678, 0.34302778515947524], [0.2724241293742898, 0.2984883033678234, 0.09892833635068586, 0.33015923090720106], [0.3074634131465836, 0.22689929311962984, 0.1024329076311588, 0.3632043861026276], [0.2163009771164095, 0.2783751160692552, 0.23134184929596122, 0.27398205751837423], [0.21910946004591758, 0.29383941844441774, 0.16455778626020512, 0.32249333524945967], [0.24066956899143455, 0.29171684146190385, 0.1997900046038312, 0.26782358494283054], [0.25269751639049354, 0.30770436141688945, 0.13919524300373945, 0.30040287918887726], [0.2701236739297836, 0.2898115842768638, 0.13601483225185848, 0.3040499095414942], [0.2581706186624344, 0.29915147718688223, 0.16745444508357143, 0.275223459067112], [0.21054395177501284, 0.3196637961448836, 0.20203539888421446, 0.2677568531958891], [0.2811126561845912, 0.3051879770726085, 0.08440342221236954, 0.32929594453043076], [0.1969169231987218, 0.2810005410418008, 0.23084860986330677, 0.29123392589617053], [0.1882639878326117, 0.2926635343771572, 0.23480601729594835, 0.2842664604942826], [0.25873211021404274, 0.33241711886126346, 0.13026345228227854, 0.27858731864241526], [0.309579203127083, 0.288986699184746, 0.09793357068690833, 0.3035005270012629], [0.27338828184431935, 0.25475827787687416, 0.13328500425784134, 0.33856843602096504], [0.24171392492154675, 0.2716406148251481, 0.15770888671080427, 0.32893657354250083], [0.26096644612233083, 0.2840988237620287, 0.11553246619019793, 0.33940226392544265], [0.24423677966767085, 0.2841980419007415, 0.1887701474469984, 0.2827950309845893], [0.22830798504175517, 0.27831585293762223, 0.23473031515841805, 0.2586458468622044], [0.2537503774819099, 0.2727515151513693, 0.16776209973404307, 0.3057360076326778], [0.25315562338145475, 0.33079402733644675, 0.11679317228769928, 0.2992571769943991], [0.1785902714448989, 0.30305469334544816, 0.2512972275164417, 0.2670578076932109], [0.25915610197921507, 0.2738552662286402, 0.14745039903076176, 0.3195382327613833], [0.23478063635821905, 0.36176313566388585, 0.17252566816772966, 0.2309305598101658], [0.2267752806546324, 0.24452220879958508, 0.1705782064687256, 0.3581243040770568], [0.2801928441348327, 0.2829795033827237, 0.17215554438757932, 0.2646721080948642], [0.26230024024021975, 0.24211853254753282, 0.12771645356833106, 0.3678647736439164], [0.26645321372788927, 0.2517482169963964, 0.14415331861818098, 0.3376452506575332], [0.16487944013004524, 0.2650171334056544, 0.23947738588598796, 0.33062604057831235], [0.2750416375071097, 0.31250266980772223, 0.10910164544700722, 0.3033540472381609], [0.27710793497658215, 0.30491361517894366, 0.11233837680202131, 0.3056400730424527], [0.27844449624310275, 0.30004295697570094, 0.11583145515297018, 0.30568109162822577], [0.3017692823041344, 0.26479959658965474, 0.07768476131091281, 0.3557463597952981], [0.26417875931817336, 0.31318640950553656, 0.11495506186588221, 0.30767976931040775], [0.22832531849899051, 0.29601261221065767, 0.17431657591895452, 0.30134549337139727], [0.2499384402166628, 0.24079346401319246, 0.2246970678964453, 0.28457102787369937], [0.2523214249714954, 0.3099599845008356, 0.1706498648618659, 0.26706872566580353], [0.2664453091895618, 0.3204255245525646, 0.12123131988355938, 0.29189784637431393], [0.2337886492552134, 0.2789476011396442, 0.23192340630169805, 0.2553403433034442], [0.26308442768704976, 0.2573327438324232, 0.15328264622178442, 0.3263001822587427], [0.2791297594752733, 0.2797844193175029, 0.15846889547985513, 0.2826169257273686], [0.21733136585172938, 0.25961107570039454, 0.3107213783219702, 0.21233618012590577], [0.2516555022915207, 0.32212611418861115, 0.13598613146775163, 0.29023225205211634], [0.28491786518767886, 0.2938547926338078, 0.09795764943031764, 0.323269692748196], [0.25602986566757524, 0.2979883308122033, 0.09826740992016543, 0.3477143936000559], [0.2631780995734367, 0.2685555813615803, 0.18095401040873507, 0.287312308656248], [0.23046879401477036, 0.32484911544314593, 0.14773645806973668, 0.29694563247234707], [0.2740659729904398, 0.29935953619337985, 0.1075864697089723, 0.31898802110720825], [0.24506654143658185, 0.36910202391587915, 0.1090210314962333, 0.27681040315130584], [0.255815469168199, 0.2685236098589814, 0.18597709191302939, 0.28968382905979023], [0.25928089733324783, 0.2542718574639287, 0.15417714849408418, 0.3322700967087393], [0.23396438717866902, 0.3139931146991271, 0.18572187439210722, 0.2663206237300967], [0.2630976934832378, 0.2851699743214291, 0.18296460584135785, 0.26876772635397544], [0.24683873729144862, 0.25896230837019746, 0.17304913792229076, 0.3211498164160627], [0.261870253318692, 0.29199178030295825, 0.13517121381835717, 0.3109667525599925], [0.3030420052149474, 0.24977652024426303, 0.08162208626547007, 0.36555938827531953], [0.23542688413113128, 0.30229963166775786, 0.14106712224325701, 0.3212063619578535], [0.2640453556089696, 0.2933773556778206, 0.15303462261945525, 0.2895426660937547], [0.25647300676727114, 0.29466009788183023, 0.12187189402046505, 0.32699500133043335], [0.2794794062875183, 0.2832503049221444, 0.11417609358420229, 0.3230941952061347], [0.2624768113999017, 0.30256130607944554, 0.11278432714900298, 0.32217755537164966], [0.1388550887342736, 0.33012921622598884, 0.3517969157328855, 0.17921877930685196], [0.2298194126820121, 0.3098846043735427, 0.15849134620526, 0.30180463673918495], [0.26676332436784506, 0.27953642470398443, 0.13784529887858482, 0.3158549520495855], [0.26742110070975567, 0.25586104368722057, 0.13991473125919995, 0.3368031243438239], [0.23271563513156882, 0.29630148032732695, 0.20174407135296374, 0.2692388131881405], [0.26126506924480963, 0.3316691852895993, 0.08403351155915288, 0.3230322339064382], [0.30710362305599187, 0.2602028057849046, 0.09090236454555058, 0.341791206613553], [0.27343534744198544, 0.31089331402197834, 0.11626754643938103, 0.2994037920966553], [0.2302163351705666, 0.30668515182203226, 0.13226821880724915, 0.3308302942001519], [0.19283181873118463, 0.2831726606543724, 0.2694352661458369, 0.2545602544686061], [0.2831710969690251, 0.27129305184192537, 0.1363847252909042, 0.3091511258981455], [0.25276398747592843, 0.327205878559096, 0.11578937126045097, 0.30424076270452494], [0.2935206683488735, 0.2988018198778286, 0.05707832817590674, 0.3505991835973911], [0.2664742123579132, 0.2965105250412504, 0.10410662665694707, 0.33290863594388964], [0.286822352621666, 0.2438210419413341, 0.0867989317707676, 0.38255767366623256], [0.2947698682519966, 0.2490703215676798, 0.14266306746963245, 0.3134967427106911], [0.2728191739153746, 0.3200416291229617, 0.1081781025585352, 0.29896109440312857], [0.2834733959559555, 0.2978136620962233, 0.08064030344865121, 0.33807263849916996], [0.30887238803747513, 0.2715074114302182, 0.08567374900460001, 0.3339464515277069], [0.26919621891549883, 0.2935103297917012, 0.11403567472560754, 0.3232577765671924], [0.2140504095054883, 0.3171828485634971, 0.17380526003681201, 0.29496148189420246], [0.2064364907409029, 0.318470309889502, 0.23804134097413726, 0.2370518583954581], [0.25271325994435184, 0.27148123039724203, 0.14355640835946362, 0.33224910129894253], [0.2285239433077967, 0.2943110824673801, 0.17110346976518495, 0.30606150445963826]]}}