{"test": {"ids": ["101111140", "105117351", "99112531", "113120780", "97111790", "106113190", "102109840", "111119290", "109117271", "101114990", "99107660", "105111990", "110117870", "112116850", "108118630", "112119950", "102116340", "105113440", "105116860", "99108460", "105116501", "111115770", "111121220", "109119340", "110120190", "105117431", "112116900", "97114170", "97106770", "102110750", "110120531", "112120990", "100109000", "99107640", "107112850", "113118421", "111114121", "107120880", "101108370", "105112240", "99108580", "110117110", "101112540", "106113170", "99108310", "108114670", "103109641", "112116810", "97112300", "104111780", "99113260", "111114941", "101108621", "110115140", "109115070", "113118810", "107115250", "103111110", "102107961", "105120280", "100109330", "112117571", "111119300", "110118701", "103113270", "103120730", "98106111", "98108370", "109116930", "104114320", "108116120", "100117420", "110116290", "112116990", "103113210", "97106000", "110118111", "112119580", "111119930", "103120290", "107120130", "109118820", "108119550", "113119120", "102121700", "111118301", "99112300", "110113591", "105112260", "105117200", "102112030", "108121410", "111120540", "101108580", "104114230", "106114011", "102109850", "106120640", "109115380", "99112641", "101112160", "107116340", "104117630", "111120531", "107120010", "105116090", "104113550", "101110150", "112118890", "113119930", "109117730", "97106970", "107113260", "97106820", "101115190", "110118450", "103120340", "108120260", "101108080", "105119950", "113122650", "100120010", "109115211", "107117630", "103110050", "111120190", "110121170", "97105580", "103113170", "111119950", "97118210", "113118820", "112118161", "102109910", "110115120", "98116500", "98107340", "108121160", "102114270", "98120010", "113121950", "101121640"], "labels": [2, 0, 3, 0, 2, 0, 2, 3, 0, 3, 3, 2, 3, 0, 1, 0, 3, 0, 2, 0, 1, 3, 3, 3, 3, 1, 3, 2, 3, 1, 0, 2, 1, 1, 1, 3, 0, 1, 1, 1, 0, 0, 2, 0, 2, 3, 1, 3, 2, 3, 0, 0, 0, 0, 0, 3, 2, 3, 3, 3, 0, 3, 1, 3, 2, 1, 0, 1, 0, 2, 1, 2, 2, 0, 3, 0, 1, 3, 1, 2, 2, 3, 1, 3, 1, 3, 0, 0, 3, 3, 2, 0, 1, 0, 2, 1, 1, 3, 3, 1, 3, 3, 0, 0, 1, 1, 1, 1, 3, 1, 3, 2, 0, 1, 1, 0, 1, 1, 0, 3, 2, 0, 0, 0, 3, 3, 2, 1, 3, 0, 2, 0, 0, 2, 0, 2, 0, 2, 3, 2, 3, 2], "predicted_labels": [3, 3, 0, 0, 3, 0, 2, 3, 3, 2, 0, 0, 2, 3, 1, 1, 3, 1, 1, 3, 3, 3, 1, 2, 3, 1, 3, 3, 2, 1, 3, 1, 0, 3, 1, 0, 1, 2, 0, 1, 2, 2, 2, 1, 3, 1, 3, 0, 0, 1, 0, 3, 3, 3, 1, 3, 0, 3, 1, 2, 0, 0, 3, 2, 1, 0, 1, 3, 2, 0, 3, 2, 2, 0, 2, 3, 1, 3, 0, 2, 1, 3, 3, 0, 1, 0, 2, 1, 3, 3, 1, 0, 2, 0, 2, 1, 2, 1, 3, 0, 2, 0, 0, 3, 1, 0, 0, 3, 3, 1, 0, 3, 3, 0, 2, 2, 3, 3, 0, 1, 1, 2, 3, 2, 1, 1, 3, 0, 1, 0, 2, 0, 1, 1, 2, 3, 3, 0, 1, 3, 2, 3], "confidence_scores": [[0.028572393258567322, 0.00020465022628991287, 0.03012176752334189, 0.9411011889918008], [0.2647163678354395, 2.8360852543617385e-06, 0.003581503562590526, 0.7316992925167156], [0.8769335138106304, 0.000720880796200389, 0.00022074335111044866, 0.12212486204205884], [0.9946825823048087, 0.0005804586518976857, 1.1216246476691988e-05, 0.004725742796817084], [3.596549108826623e-05, 3.509084546442015e-06, 0.0035652143197776186, 0.9963953111045877], [0.9892043763479095, 0.0018582717735820512, 5.4693223844035944e-05, 0.008882658654664572], [0.005778852126733, 0.1261978165096652, 0.8679995085335216, 2.3822830080321438e-05], [2.068667203123149e-06, 0.0007034021671807297, 4.284665741980872e-05, 0.9992516825081964], [0.019570677222556288, 0.003598718252717218, 4.00024943645657e-05, 0.9767906020303619], [2.8438816148103506e-07, 0.022822728126507277, 0.9731196649439413, 0.004057322541389987], [0.8969343439578654, 0.0008074057938735897, 0.03767250969518164, 0.06458574055307922], [0.7476760810777592, 0.1981822270555094, 0.0008774944096407861, 0.053264197457090705], [5.2937285954371433e-05, 0.045465699566410264, 0.5305895177391271, 0.42389184540850827], [0.0007172565763771652, 0.0014518576833434476, 2.0238780324712472e-07, 0.9978306833524763], [0.0002692848796308284, 0.8458291428552489, 3.697291940516349e-05, 0.15386459934571517], [0.0968854011953094, 0.8136352950227809, 0.008397257939752297, 0.08108204584215746], [0.010275925629906037, 0.011393971106161678, 0.05389628517322286, 0.9244338180907095], [0.14800877539595014, 0.486177191676914, 0.2589278396502192, 0.10688619327691658], [6.207479207067938e-05, 0.998241890056758, 9.274502881006337e-06, 0.0016867606482901948], [2.6339380977253254e-05, 0.32197057665896295, 1.9310030391218524e-06, 0.6780011529570207], [0.12497246784394926, 0.26514842425984814, 4.448962150174736e-08, 0.6098790634065812], [0.367277803378263, 0.023476102094536825, 1.550114588362408e-05, 0.6092305933813166], [0.00674465928722233, 0.988026378104597, 0.0006080868259894782, 0.004620875782191081], [0.3146563710970078, 0.0005842083461759328, 0.5510734811386834, 0.1336859394181329], [9.275075297812621e-05, 0.008585751337667105, 9.047374306995711e-09, 0.9913214888619806], [1.4073603936983078e-05, 0.9973452719038767, 0.0026289478157139677, 1.1706676472536974e-05], [0.08458750709001907, 0.017152580676313187, 0.0006307484002608623, 0.8976291638334069], [1.1498139714280186e-06, 0.09351358883258129, 0.0008803548977815797, 0.9056049064556658], [0.3864612121927009, 0.14175146793983556, 0.4706889490063444, 0.0010983708611192883], [0.0006945739504077634, 0.7973383525013348, 0.19559990950910952, 0.006367164039148038], [0.0007629268125614594, 0.006279634190592655, 4.3876962328327036e-05, 0.9929135620345176], [0.11181795048929609, 0.8688847071738255, 0.018826409435736286, 0.0004709329011419744], [0.6839401256396984, 0.14976147092080486, 0.020508913911991482, 0.1457894895275052], [1.2509257446327005e-06, 0.0002245203561010084, 0.013261251973928412, 0.9865129767442259], [0.1599799977154205, 0.822584978985164, 0.0029263398442938926, 0.014508683455121546], [0.9764540179656368, 9.835238572215189e-05, 1.2651491853160347e-06, 0.023446364499455703], [5.6297555959242964e-05, 0.9998427770356932, 8.565149189627187e-05, 1.5273916451146665e-05], [0.0005291539198326786, 0.00226536721992417, 0.9358974235466516, 0.061308055313591465], [0.9998322700140218, 1.481370860713746e-06, 0.00010528799128271995, 6.0960623834751224e-05], [0.1633477819824083, 0.7093147897740884, 0.0043734359232172025, 0.12296399232028607], [0.002695300960394705, 0.0020135249289969072, 0.9948345048671806, 0.000456669243427792], [0.05398115857840047, 0.005309224907097162, 0.9304713661194167, 0.01023825039508567], [8.240245214680279e-05, 0.05026216487502476, 0.7534194011475317, 0.19623603152529678], [8.784041001501272e-05, 0.9998532230008184, 6.129443285991489e-11, 5.893652787236117e-05], [0.010145275728447402, 0.0005190527302855845, 0.0007746036545271207, 0.9885610678867399], [0.238472618388692, 0.7162648167533964, 0.03483413635650071, 0.010428428501410904], [0.0012981034793861426, 0.0028226366340955533, 0.06271353455014603, 0.9331657253363723], [0.7207957420140098, 0.24249879950922565, 0.03281033736649502, 0.003895121110269594], [0.7851635865259314, 0.02635052179845287, 0.07826111690339868, 0.11022477477221695], [3.879389316533736e-05, 0.9706381197830592, 0.00011472005711899692, 0.029208366266656374], [0.8669496531226005, 0.13082181314909877, 0.0015498815047122467, 0.0006786522235883997], [0.002169758087895776, 0.01187085764882509, 3.5949243561193653e-08, 0.9859593483140355], [0.0001269216355471234, 0.002361237757557427, 7.660499247413975e-05, 0.9974352356144213], [7.08942761537041e-05, 0.002577802904345617, 0.009203341772771257, 0.9881479610467293], [0.0004298851455610413, 0.9993599175285792, 2.3620308470740566e-05, 0.00018657701738905097], [0.008846989301895076, 7.395720531027613e-06, 4.521089237333754e-05, 0.9911004040852005], [0.3658654166961045, 0.06635367707249705, 0.35381353551218675, 0.2139673707192117], [0.014460784141451537, 0.0005031726779443858, 7.539340432023032e-05, 0.9849606497762838], [0.001623706853406008, 0.7132449584141897, 0.009190634822325891, 0.2759406999100784], [0.015591781933476441, 0.00042364296144842273, 0.8850751106331312, 0.09890946447194393], [0.9990085248668944, 4.627675999035574e-05, 0.00021670005985566048, 0.0007284983132596845], [0.7954364648134356, 0.015589109657619652, 2.779541066113678e-05, 0.18894663011828358], [4.593897516058293e-05, 0.0021961145975750466, 0.0004293805428977588, 0.9973285658843667], [0.3157884984499622, 0.0031444557675929805, 0.6798403212791051, 0.0012267245033398774], [0.008919862115418599, 0.622928918267811, 0.25258040399974246, 0.11557081561702785], [0.9533561860082221, 0.04562614434686563, 2.791615707322679e-07, 0.001017390483341667], [1.8495367750105394e-05, 0.9946103863908108, 0.00461703958447559, 0.0007540786569635012], [4.633683352095544e-06, 0.0013279422600866583, 0.3423937409580729, 0.6562736830984884], [0.00023694067573097477, 1.3967029175011606e-05, 0.9996985069996017, 5.058529549211478e-05], [0.8213547258692544, 0.15457376999717334, 0.017756308906958146, 0.0063151952266139845], [0.21028579440428768, 0.06836220175138476, 0.2061053311164658, 0.5152466727278617], [1.0316042243145688e-07, 3.282336484751279e-05, 0.9999334294880372, 3.364398669287158e-05], [0.08913893748966491, 0.0006609428144187785, 0.9101594754063875, 4.0644289528812125e-05], [0.819397762476418, 3.212742497099215e-05, 0.04840113081189525, 0.13216897928671587], [0.1399604923723073, 0.07931348356498613, 0.5623089679728839, 0.21841705608982276], [0.0001712773303854502, 0.001226253240740904, 0.0007125691421027404, 0.9978899002867708], [0.24836526423222746, 0.7499099188324619, 0.0002759609172799567, 0.0014488560180306927], [0.028952400833578768, 0.1003075826729766, 8.878784186615211e-05, 0.8706512286515784], [0.9989543064648787, 0.0010219136541731132, 1.654806396947194e-05, 7.231816978817362e-06], [7.949796275895079e-06, 0.003777872374303261, 0.9961731491528071, 4.1028676613837455e-05], [0.013512904679090675, 0.9787732401165335, 0.007650933125409315, 6.292207896654015e-05], [0.24281528533704996, 0.025067425764120962, 0.01548079246237304, 0.7166364964364561], [0.09500326270499232, 0.08990509511315674, 0.0012540432524625435, 0.8138375989293883], [0.8005307064437192, 0.00029295968809085694, 0.05020648795779353, 0.1489698459103965], [0.08119930736557775, 0.9177495608110885, 1.783696994947521e-05, 0.0010332948533842209], [0.7036946556853539, 0.23506230087362406, 0.00025239127281447905, 0.06099065216820759], [0.0022617562148985523, 0.05080360485149056, 0.9350965589190312, 0.011838080014579672], [0.016110952682309578, 0.8803578933095508, 1.2904908803675227e-08, 0.10353114110323075], [0.0022632230787171647, 0.007791077585621178, 1.7127155123320724e-05, 0.9899285721805383], [0.24515850136003822, 0.07725890340478153, 0.061656243047965326, 0.6159263521872149], [0.011878373020480493, 0.9466861544964568, 0.00014877167277482382, 0.04128670081028812], [0.7280319188280672, 0.23579437805417425, 5.695818623293269e-05, 0.036116744931525786], [0.0007904749761137745, 0.061276061047727, 0.9379192340134613, 1.4229962697900178e-05], [0.9823048731000148, 3.662646724247812e-06, 0.017292483094976517, 0.0003989811582842882], [0.00033001972908163423, 0.3942766312028113, 0.5248861587041673, 0.0805071903639398], [1.028649800632163e-06, 0.999933682106909, 6.01246535407123e-07, 6.468799675503251e-05], [0.019635369142172895, 0.46439421494768185, 0.5135935756199421, 0.002376840290203019], [8.014643847713438e-05, 0.992831105081224, 0.0036828896131808012, 0.0034058588671179494], [0.009759529495746301, 0.36808957398426745, 0.23019161052650972, 0.39195928599347657], [0.9692307427805512, 0.00023871151932632423, 1.4322191260182796e-05, 0.03051622350886238], [0.00044140423847301423, 0.00022406803845899823, 0.9978671904313351, 0.0014673372917330082], [0.6194369391783748, 0.05585533078673283, 5.168172185646587e-06, 0.32470256186270674], [0.8918390987750863, 0.011438159083824888, 0.000858007009374797, 0.09586473513171388], [5.694916986874285e-05, 3.668956445728021e-05, 7.573576423939131e-07, 0.9999056039080316], [0.003973608676805, 0.8486750884256308, 0.04839231480232169, 0.09895898809524262], [0.6941752320019754, 0.0015826850990270764, 0.00019995927820245474, 0.304042123620795], [0.5511088251782794, 0.0022182810255802635, 0.3421678476889637, 0.10450504610717659], [5.265877177917742e-06, 0.005714774064615129, 0.00015960726002549653, 0.9941203527981815], [0.39636122268634105, 0.12620702128927017, 2.4211765999416645e-06, 0.4774293348477887], [0.06020844999174449, 0.939631362393905, 3.2401646840369526e-05, 0.00012778596751004379], [0.9536878817414465, 0.023391416313281743, 4.442791943728934e-06, 0.022916259153327966], [0.15808797915602582, 0.00027229207938969365, 0.009849806868872435, 0.831789921895712], [0.005237457582974842, 0.007329721727350146, 0.22285835763451003, 0.764574463055165], [0.9414639947066207, 1.1301973279611912e-07, 0.0005198274627043227, 0.05801606481094219], [0.004585380461404186, 0.39371565868104824, 0.5968239468833859, 0.004875013974161543], [5.23967144478535e-06, 0.00026977889648765075, 0.9997123931661176, 1.2588265949876908e-05], [0.002188524076796092, 0.00011692840292160781, 0.002070907736914624, 0.9956236397833675], [0.3371353069547581, 0.027587845489493217, 0.2818129201900452, 0.35346392736570353], [0.5834777295492797, 0.005528777517062429, 0.006874726319096667, 0.40411876661456136], [0.0005763646152280089, 0.9979859009689421, 0.0013778720981232034, 5.9862317706650136e-05], [0.028189445693425734, 0.4936322650076451, 0.038945222989498006, 0.4392330663094311], [0.00035647451619332936, 0.010659759421334302, 0.9889380242070059, 4.574185546652484e-05], [0.07297648097405988, 0.003124277072130354, 3.3443268876465585e-05, 0.9238657986849332], [0.0004464074559523568, 0.0015076822691377973, 0.5994186792763381, 0.3986272309985718], [0.00013229647238618945, 0.7046842891902426, 0.0007964086736249336, 0.29438700566374637], [0.1995028655007716, 0.5299360937076459, 0.14816104847561004, 0.12239999231597239], [0.010818094565355483, 0.24975537374048618, 0.001229755721190086, 0.7381967759729683], [0.960093204665003, 1.3268123580207213e-06, 0.01322846918217889, 0.026676999340459962], [0.14594566039489112, 0.8249493368410175, 0.02827142119919217, 0.0008335815648993322], [0.9206428142413232, 0.005724349737765025, 0.008242968872016823, 0.06538986714889518], [0.060091702848607875, 0.0033525978407339297, 0.7479058985294486, 0.1886498007812095], [0.7051184053489041, 0.26504375512754896, 0.025376581727486677, 0.004461257796060139], [0.0024469648128627036, 0.977970843485314, 2.487634772036091e-06, 0.019579704067051347], [0.06009543653980885, 0.669536585041211, 0.16265435555207483, 0.10771362286690535], [0.01802297675631445, 0.20960744271337128, 0.6942515037491332, 0.07811807678118092], [0.017548470701252195, 0.00612897819964669, 0.0014480435454288327, 0.9748745075536722], [7.708021606224105e-07, 7.397270058703503e-07, 0.054541926664843976, 0.9454565628059896], [0.6586674253583924, 0.22866624853628228, 0.0018940450431895867, 0.11077228106213574], [0.0018449604888843688, 0.9812983652110495, 0.015758317726768004, 0.0010983565732980477], [5.687330298648174e-05, 0.006101903445081466, 0.4820212244991868, 0.5118199987527452], [0.029318817524442715, 0.0013204745919908935, 0.942133104440325, 0.027227603443241245], [1.2793213636837852e-07, 0.09796038472658865, 0.017953141269496774, 0.8840863460717782]]}, "rewritten": {"ids": ["97105580", "97106000", "97106770", "97106820", "97106970", "97111790", "97112300", "97114170", "97118210", "98106111", "98107340", "98108370", "98116500", "98120010", "99107640", "99107660", "99108310", "99108460", "99108580", "99112300", "99112531", "99112641", "99113260", "100109000", "100109330", "100117420", "100120010", "101108080", "101108370", "101108580", "101108621", "101110150", "101111140", "101112160", "101112540", "101114990", "101115190", "101121640", "102107961", "102109840", "102109850", "102109910", "102110750", "102112030", "102114270", "102116340", "102121700", "103109641", "103110050", "103111110", "103113170", "103113210", "103113270", "103120290", "103120340", "103120730", "104111780", "104113550", "104114230", "104114320", "104117630", "105111990", "105112240", "105112260", "105113440", "105116090", "105116501", "105116860", "105117200", "105117351", "105117431", "105119950", "105120280", "106113170", "106113190", "106114011", "106120640", "107112850", "107113260", "107115250", "107116340", "107117630", "107120010", "107120130", "107120880", "108114670", "108116120", "108118630", "108119550", "108120260", "108121160", "108121410", "109115070", "109115211", "109115380", "109116930", "109117271", "109117730", "109118820", "109119340", "110113591", "110115120", "110115140", "110116290", "110117110", "110117870", "110118111", "110118450", "110118701", "110120190", "110120531", "110121170", "111114121", "111114941", "111115770", "111118301", "111119290", "111119300", "111119930", "111119950", "111120190", "111120531", "111120540", "111121220", "112116810", "112116850", "112116900", "112116990", "112117571", "112118161", "112118890", "112119580", "112119950", "112120990", "113118421", "113118810", "113118820", "113119120", "113119930", "113120780", "113121950", "113122650"], "labels": [1, 0, 3, 1, 2, 2, 2, 2, 2, 0, 0, 1, 2, 2, 1, 3, 2, 0, 0, 0, 3, 1, 0, 1, 0, 2, 0, 0, 1, 0, 0, 1, 2, 3, 2, 3, 1, 2, 3, 2, 1, 2, 1, 2, 3, 3, 1, 1, 3, 3, 3, 3, 2, 2, 1, 1, 3, 1, 2, 2, 0, 2, 1, 3, 0, 1, 1, 2, 3, 0, 1, 3, 3, 0, 0, 1, 3, 1, 0, 2, 3, 0, 1, 2, 1, 3, 1, 1, 1, 1, 2, 0, 0, 0, 3, 0, 0, 3, 3, 3, 0, 0, 0, 2, 0, 3, 1, 0, 3, 3, 0, 2, 0, 0, 3, 3, 3, 1, 1, 0, 3, 0, 1, 3, 3, 0, 3, 0, 3, 0, 3, 3, 0, 2, 3, 3, 0, 3, 1, 0, 3, 2], "predicted_labels": [0, 3, 0, 0, 3, 3, 0, 3, 2, 1, 3, 2, 1, 3, 3, 0, 3, 3, 2, 2, 0, 0, 0, 0, 0, 2, 2, 0, 0, 0, 3, 3, 3, 2, 2, 2, 2, 1, 3, 2, 1, 2, 1, 1, 1, 1, 1, 2, 1, 3, 1, 2, 3, 2, 3, 0, 3, 2, 3, 0, 3, 0, 1, 3, 0, 0, 3, 1, 0, 3, 1, 1, 3, 1, 0, 1, 1, 1, 3, 0, 3, 2, 1, 1, 2, 1, 0, 1, 3, 3, 3, 0, 1, 3, 3, 2, 3, 0, 0, 2, 1, 3, 3, 2, 0, 1, 1, 2, 2, 3, 3, 3, 1, 3, 0, 3, 3, 3, 0, 0, 3, 3, 2, 1, 0, 3, 1, 2, 1, 1, 3, 3, 1, 1, 0, 3, 2, 3, 1, 0, 2, 3], "confidence_scores": [[0.970438308716378, 1.1932863007802147e-05, 0.029548117350838204, 1.6410697760327028e-06], [0.001423990088602196, 0.003010857029258989, 6.82600530852727e-05, 0.9954968928290535], [0.9339592370992041, 0.013721367870862882, 0.052155491682326034, 0.00016390334760694658], [0.8928456200320938, 1.1090297982386322e-08, 4.886054865170555e-05, 0.10710550832895657], [0.029458926190199082, 7.393742463487744e-05, 0.002107030230946945, 0.9683601061542191], [4.007789795570691e-06, 4.1333508004490266e-07, 5.268968009671929e-05, 0.9999428891950277], [0.8086367551310714, 0.03226265879885443, 0.12458897811873083, 0.03451160795134337], [1.8389204787251428e-06, 0.10400770798141364, 0.00029606256751375006, 0.8956943905305939], [0.031662428790774175, 0.0028708436460918173, 0.8128247287070429, 0.152641998856091], [0.00048063300477686017, 0.7962580898497946, 0.005429673945746408, 0.19783160319968213], [8.232505346000247e-07, 9.344652119100416e-07, 0.14052714828539561, 0.8594710939988579], [4.274486886329645e-05, 0.00044838582664440314, 0.9689481046839717, 0.030560764620520386], [0.00846972389445526, 0.8666862464131043, 4.281472633359114e-05, 0.1248012149661068], [0.00010846636977827353, 0.007806393053298671, 0.16851766317518674, 0.8235674774017364], [7.812636433918321e-07, 5.748931783392765e-05, 0.0021249263883724233, 0.9978168030301502], [0.9988727007311056, 0.0004263888242061932, 0.00032207519146372005, 0.0003788352532244552], [0.04929655114552185, 2.6833695238371402e-05, 0.0001787363536943181, 0.9504978788055455], [7.850921834105765e-07, 0.23385399863975903, 4.2993868115123516e-08, 0.7661451732741895], [0.004498452313549449, 0.0007797466367226849, 0.9943665002391179, 0.0003553008106100657], [0.13399786126240945, 0.010950836176276206, 0.8411263257825616, 0.013924976778752877], [0.7995442839495858, 0.014808648648977287, 0.0009230911530924601, 0.18472397624834447], [0.9992909849467734, 0.00015276746059259436, 1.8527680580673915e-06, 0.0005543948245758515], [0.8982035847486993, 0.10142706761586182, 0.00016165969597804167, 0.00020768793946092116], [0.8283217552027733, 0.08900271596097895, 0.049285244132535086, 0.03339028470371257], [0.9970516370367211, 0.00045478501911941257, 7.63999576346664e-05, 0.0024171779865250873], [8.2629698637308e-05, 0.000303667981666556, 0.9993145543656108, 0.00029914795408530906], [0.00013925897092420682, 0.001324241589538508, 0.9984856046253792, 5.0894814158017585e-05], [0.8103668876252799, 0.004980088889667374, 0.012562225362073633, 0.17209079812297895], [0.999956875384958, 7.205616225406803e-07, 2.973402060167346e-05, 1.2670032817853817e-05], [0.9845601751664118, 1.4334321688256144e-06, 0.014470943016184137, 0.0009674483852350326], [0.0001248584271253427, 0.013678799403322764, 0.00015929044661141975, 0.9860370517229405], [1.0204214716494118e-06, 0.0006051455379201042, 0.0001074555747090144, 0.9992863784658993], [0.02063837216200915, 7.423219034046572e-05, 0.0030065287176187757, 0.9762808669300317], [0.00020493317542587229, 0.0029555488616929983, 0.9963465913978745, 0.0004929265650065037], [4.9339639174219727e-05, 0.29277535078009587, 0.6749496178940865, 0.03222569168664359], [5.3872918321667334e-06, 0.1920722728895066, 0.7671246918117736, 0.04079764800688766], [0.00944529509740195, 0.4171356605739219, 0.5711072357067053, 0.0023118086219709373], [3.533175961461966e-08, 0.5772402078088683, 0.02876260790417905, 0.393997148955193], [0.005615882484108502, 0.1608511044687053, 0.04259038026721135, 0.7909426327799749], [0.0031634075906332446, 0.042088330024306925, 0.954709794323658, 3.846806140172126e-05], [0.006723212343424413, 0.9797623655781807, 0.012556913721509742, 0.000957508356885258], [0.01650631227518902, 0.18735174152750098, 0.6270289998132288, 0.16911294638408123], [8.540032805766094e-05, 0.8519082732515391, 0.14563289169215596, 0.002373434728247201], [0.008746741451884728, 0.9629912608980938, 5.862944976699546e-05, 0.028203368200254483], [0.02744361089261058, 0.8930174484382987, 0.06130110662870107, 0.01823783404038968], [0.0002996526890101442, 0.5840044458224989, 0.008492606974461754, 0.4072032945140291], [0.2712751320218769, 0.7275634605456751, 0.000469736317673984, 0.0006916711147740678], [0.004477461175456929, 0.02436335895909632, 0.7024337500583201, 0.26872542980712655], [0.001690423345794285, 0.8303395699850511, 0.0027034872331688597, 0.16526651943598578], [0.016658017030624517, 4.761193210144368e-05, 2.319891091437701e-06, 0.9832920511461827], [0.20994076844937123, 0.6972214176067894, 0.08472291333912124, 0.008114900604718187], [0.11538928928797236, 0.0035100875715405066, 0.7726697509482763, 0.1084308721922109], [0.006481661416790325, 0.31933301917657086, 0.13618602809151037, 0.5379992913151285], [4.105736276141499e-06, 0.00322019319574337, 0.9966605513085868, 0.00011514975939381781], [0.0014373749172228146, 0.000245854256784246, 0.0020983397328202887, 0.9962184310931727], [0.5914517648985057, 0.3631869601268421, 1.1039647928732e-06, 0.04536017100985931], [1.862639423578532e-05, 0.3595853668774532, 0.0006667946397459141, 0.639729212088565], [0.0835491021216095, 0.00013732798505431952, 0.8897884006834419, 0.026525169209894204], [0.0022259926236022384, 0.02937234102970657, 0.4757469120517126, 0.49265475429497846], [0.5348044966123346, 0.23108639694629837, 0.17455404379249767, 0.059555062648869325], [0.40517448788199534, 0.007767449838657938, 0.00182976805723888, 0.5852282942221078], [0.6211516839080177, 0.353240164161368, 4.943070955586232e-05, 0.02555872122105853], [0.11714995462981397, 0.616748590734324, 0.00045238724303963914, 0.2656490673928224], [3.1935575397896625e-05, 0.0077123818158439834, 1.223197593247906e-05, 0.9922434506328256], [0.9386949511810359, 0.012563980072576655, 0.020825038010864935, 0.027916030735522512], [0.8672363916979058, 0.007537877910129316, 0.00021275255491859117, 0.12501297783704607], [0.051503339426807085, 0.16331276889393842, 4.234712516022089e-08, 0.7851838493321293], [5.054568768762192e-06, 0.9946660083427495, 9.909675608302394e-07, 0.0053279461209209], [0.8918855028462112, 0.00010831719508765107, 0.014002173909292624, 0.09400400604940855], [0.18835675207727076, 4.2727909246032205e-05, 0.0003919585205182613, 0.8112085614929649], [7.144506919187886e-06, 0.9885666691618378, 0.011382834517221326, 4.335181402181291e-05], [0.00019684934873332068, 0.9994685301198594, 0.0003251542959809778, 9.466235426196615e-06], [0.07143140615321988, 0.011751836396024751, 0.013297779242519826, 0.9035189782082355], [0.001037154585527313, 0.9987180215140523, 1.7530907048481912e-10, 0.00024482372511147143], [0.9828386556744609, 0.008593983117333314, 0.003194206477593351, 0.005373154730612467], [6.356261132243619e-06, 0.9999704606405289, 7.530609605708922e-06, 1.565248873305236e-05], [9.093200939343617e-05, 0.9992459441815832, 0.00041537810148021946, 0.0002477457075432007], [0.01142751801845054, 0.9868787013001558, 0.0008840664891114192, 0.0008097141922821601], [0.011083283810242638, 0.0827194102374312, 0.0690493464340785, 0.8371479595182476], [0.7283446401218162, 0.011656447796605933, 0.08645401020185559, 0.17354490187972216], [0.4152189476072898, 0.046388009418077907, 0.0008128096846035035, 0.5375802332900287], [8.311653870032612e-05, 0.00019687983265246606, 0.8950964302807634, 0.10462357334788383], [0.004371317763050563, 0.6704464026662353, 0.3249577585727968, 0.00022452099791713675], [0.0370445390558839, 0.9291778518860824, 0.03258392959645249, 0.0011936794615812537], [7.160547083781469e-05, 0.0005582320081380797, 0.998142115851933, 0.0012280466690911492], [0.4182201635947531, 0.49321710034614713, 0.08173044893174138, 0.006832287127358557], [0.6492547090683399, 0.00044846034660423395, 0.31585808577171337, 0.03443874481334248], [0.0005168014125518946, 0.9251070354856409, 0.00031731864490937815, 0.0740588444568977], [0.08288181625837254, 0.22471064688030729, 0.002623978483081765, 0.6897835583782385], [0.0011668939137385297, 0.041479118709325434, 0.013498213105248479, 0.9438557742716877], [0.21292019843716137, 0.14314941571970516, 0.00018176373554306492, 0.6437486221075903], [0.8694732535126086, 0.02405133214773339, 5.75663039659622e-05, 0.10641784803569207], [0.00295328957524934, 0.9726031550433474, 0.003762679711195607, 0.020680875670207433], [0.15910410744306758, 0.042149681727970185, 0.0006915789118764684, 0.7980546319170858], [0.005983601228080066, 0.07023226399524654, 0.44104593984063356, 0.4827381949360398], [0.012501859041719306, 0.004199803585483974, 0.9799071415644954, 0.0033911958083012745], [0.4301681581871635, 0.0014662699514213183, 0.0026429385121071267, 0.5657226333493082], [0.9878740671877564, 0.009974182105250157, 8.072067703349869e-06, 0.002143678639290104], [0.6626647949744197, 0.21930566167634982, 0.008751604911315441, 0.10927793843791503], [0.000665588729136363, 0.0002132745659763745, 0.990339874005484, 0.00878126269940349], [0.017504125570745488, 0.6614006929616202, 1.09626315205813e-08, 0.32109517050500297], [0.023720765081836438, 0.33955779814681997, 0.27745797605732114, 0.3592634607140225], [0.00014056650276312942, 0.06337883348225114, 0.07226737269183557, 0.8642132273231501], [0.002418695923615089, 0.00045360492220092216, 0.9970178976195647, 0.00010980153461930307], [0.5362569773337141, 0.001336727550807684, 0.2548283824023792, 0.20757791271309906], [0.00013279764688852035, 0.6060414827147178, 0.33034048697945184, 0.06348523265894179], [0.006184738492040556, 0.9768429103046807, 9.20360176003267e-06, 0.01696314760151873], [0.0014324199151716595, 4.948903683841694e-05, 0.9948034181725878, 0.003714672875402127], [0.03932773299620424, 0.0067290050243278944, 0.9525552916229996, 0.0013879703564683198], [0.00020041901880504486, 0.13202127162603883, 1.4311535641628714e-07, 0.8677781662397996], [0.00024191740061445136, 0.0012206873035229397, 3.007160557162845e-06, 0.9985343881353054], [0.011952106955582503, 0.12276469421374679, 0.005092531999201325, 0.8601906668314694], [2.713356799773191e-05, 0.9999338875411582, 7.028630760641153e-06, 3.1950260083534486e-05], [0.012161358061285606, 0.0160677509760704, 1.7212137276710216e-07, 0.9717707188412712], [0.9315813483172944, 0.00526686179597157, 3.6944157546087845e-06, 0.06314809547097933], [0.16298637571942406, 0.3590109635467758, 0.0006363234700870775, 0.47736633726371297], [0.00012952028559323167, 0.0009301409307647948, 0.0005254035311603613, 0.9984149352524816], [9.001947285849159e-07, 0.004622521417496002, 0.010354298276324933, 0.9850222801114504], [0.9755923814159176, 0.024301894822688914, 2.3868191512004527e-05, 8.185556988146725e-05], [0.5676172616983592, 0.002407548295884552, 0.006065731092371519, 0.4239094589133846], [0.24313713939748044, 0.28435295194465304, 0.0055803998226162405, 0.46692950883525014], [0.0007195474094408412, 0.00025369087311552285, 3.3552022102511913e-06, 0.9990234065152335], [0.001265267109696323, 0.010060503578259971, 0.9886727652956532, 1.4640163905084834e-06], [0.01725046462759273, 0.9364143711539986, 0.0002145826898828943, 0.046120581528525786], [0.9481952037202335, 0.04893699326387002, 0.002279581933031097, 0.000588221082865365], [0.003116807614503382, 0.016285751463477962, 2.8766987590257915e-06, 0.9805945642232595], [0.017215705550664193, 0.899287415372842, 0.002622753800406091, 0.08087412527608775], [0.1124304909138263, 0.0026720346793757833, 0.8048537015918226, 0.08004377281497532], [0.4574431362270957, 0.5180935706894376, 0.000700244092038108, 0.023763048991428684], [0.027823828696816637, 0.9322657326392809, 4.410697917524932e-06, 0.03990602796598478], [0.21630047637552222, 6.1481101006601684e-06, 3.0034802601065557e-07, 0.7836930751663511], [0.0006401243983317172, 0.0019435185380713993, 1.2405079481445277e-05, 0.9974039519841156], [0.04393671306715488, 0.7394166927155866, 0.029122032175672337, 0.18752456204158607], [0.08095545829188962, 0.9132428569442304, 0.0037354781852653777, 0.002066206578614839], [0.9717509131080923, 0.0019231735117037003, 1.0344723873697698e-06, 0.02632487890781682], [0.016675576338039497, 3.5801135168428462e-06, 0.00030218308401606475, 0.9830186604644277], [0.25572684256207784, 0.013022559937597848, 0.7285732629824992, 0.0026773345178249044], [0.2750220732076058, 0.004538126331981158, 0.060645267086522195, 0.6597945333738909], [0.13344942005603594, 0.8643363394747606, 9.879081362647488e-05, 0.002115449655576907], [0.9870561332739388, 0.0032065206079985513, 0.004933362985585307, 0.004803983132477319], [0.02188031661375139, 0.000654307032420994, 0.9549496128971089, 0.022515763456718692], [0.022777210997741475, 0.09401861289371415, 0.2436882651998432, 0.6395159109087012]]}}