{"test": {"ids": ["104119290", "106119580", "104111880", "106114321", "108114220", "113118231", "109120621", "111115770", "106116441", "99108000", "113122180", "108119550", "100120010", "99108890", "113122150", "109116930", "107112850", "107116300", "113120531", "108113740", "106121190", "112118620", "100110260", "97112290", "108121190", "104113170", "110118701", "99108520", "98110680", "112116540", "109121640", "98109311", "106119260", "104113190", "111116090", "97109080", "102108621", "97118210", "105118171", "97107821", "100116500", "99111620", "103110050", "110114720", "109118701", "111118810", "109113931", "113119320", "102109850", "99108310", "104116980", "107114110", "99107630", "103109021", "112121351", "106114011", "110120640", "111116530", "107114950", "100108990", "100108080", "97105960", "102113981", "99108080", "104109311", "110118810", "105110251", "97116790", "106118161", "99107500", "98106111", "97111790", "98112300", "102110690", "110121170", "99108580", "109119450", "110121140", "113118870", "107121540", "105112130", "103117200", "97116410", "103117461", "110118181", "106113830", "108116070", "111119930", "102110890", "105112260", "109115380", "111116100", "112117471", "101119591", "112116880", "112120700", "111116990", "107113550", "101108370", "113118630", "111117200", "111121220", "104116800", "105116860", "111119430", "110113931", "106114880", "110115120", "113120540", "102112030", "111116040", "105113210", "110116501", "97106000", "97110950", "112118161", "97107681", "102109840", "111115400", "98109230", "107115250", "98107340", "108114670", "109114030", "105115380", "107114621", "100112060", "109116441", "100109980", "103113610", "108115070", "100107920", "99111930", "107113180", "100111380", "108121410", "110116441", "113121010", "113119700", "105113620", "101115190", "107117010"], "labels": [1, 3, 3, 2, 3, 3, 1, 3, 0, 2, 2, 1, 0, 0, 2, 0, 1, 0, 0, 3, 2, 3, 3, 1, 1, 3, 3, 2, 2, 1, 0, 1, 1, 3, 3, 2, 3, 2, 3, 2, 2, 3, 3, 3, 3, 0, 1, 1, 1, 2, 1, 1, 2, 0, 0, 1, 0, 3, 3, 2, 0, 2, 1, 3, 3, 1, 0, 2, 3, 0, 0, 2, 2, 0, 2, 0, 3, 3, 0, 2, 1, 0, 3, 0, 1, 1, 1, 1, 0, 3, 3, 3, 3, 0, 0, 2, 0, 0, 1, 3, 0, 3, 1, 2, 3, 1, 0, 0, 3, 2, 0, 3, 3, 0, 3, 0, 3, 2, 0, 1, 2, 0, 3, 1, 1, 0, 2, 3, 1, 2, 1, 0, 1, 3, 3, 0, 3, 2, 0, 0, 1, 1], "predicted_labels": [1, 1, 1, 0, 0, 1, 3, 0, 1, 1, 3, 1, 3, 1, 1, 0, 1, 1, 1, 0, 1, 1, 0, 1, 1, 1, 1, 1, 1, 3, 3, 1, 3, 1, 0, 1, 0, 0, 1, 0, 3, 1, 1, 1, 1, 3, 1, 1, 3, 1, 1, 3, 3, 1, 1, 1, 3, 1, 3, 3, 1, 1, 1, 3, 3, 0, 0, 1, 1, 1, 1, 0, 0, 3, 1, 0, 1, 0, 1, 1, 1, 1, 3, 3, 1, 0, 3, 3, 3, 1, 1, 0, 1, 3, 1, 1, 0, 3, 0, 1, 0, 1, 3, 1, 3, 1, 1, 3, 1, 1, 3, 3, 1, 3, 0, 1, 0, 1, 1, 3, 1, 1, 3, 0, 1, 0, 3, 0, 0, 1, 1, 3, 1, 1, 3, 1, 1, 1, 1, 1, 3, 1], "confidence_scores": [[0.20776109354903105, 0.3158228605371692, 0.2244152045155441, 0.25200084139825546], [0.10797024401394412, 0.392297264717187, 0.3071645587681696, 0.19256793250069945], [0.11263034332188852, 0.3385133112613103, 0.270626839806061, 0.27822950561074017], [0.3454087276333008, 0.2797130536551185, 0.10642923039290966, 0.2684489883186713], [0.3214536152079045, 0.27694635034906206, 0.10620570382326604, 0.2953943306197672], [0.17263497183062035, 0.34089372468369705, 0.23732639794566623, 0.2491449055400166], [0.23341043983829837, 0.2713284928544683, 0.12612180384179741, 0.3691392634654359], [0.44700883314613854, 0.20636107417331917, 0.09100815019229905, 0.2556219424882433], [0.19578640240679115, 0.3444135915762019, 0.14940931042300198, 0.3103906955940049], [0.11855858882856554, 0.3698814880991577, 0.2687220790414558, 0.2428378440308209], [0.13097358175862628, 0.3203024273014469, 0.23580540759525587, 0.3129185833446709], [0.15040381815272122, 0.3303846295941078, 0.23765211445004744, 0.28155943780312354], [0.19849331046119595, 0.2617155630766333, 0.22688761496837231, 0.31290351149379836], [0.178100263694405, 0.3822647363298891, 0.24201729044060244, 0.19761770953510346], [0.19543024609289758, 0.35360966918636383, 0.19669119293894027, 0.25426889178179835], [0.4173279816992731, 0.22035540517625107, 0.05010798913733696, 0.3122086239871388], [0.16231245045534332, 0.33897075292925255, 0.23836770780047753, 0.26034908881492674], [0.24240859534450843, 0.3425519893060822, 0.12207743345870435, 0.29296198189070494], [0.2653903235025915, 0.30171355062368527, 0.1473639585981661, 0.2855321672755568], [0.34510249464619014, 0.22889505358993745, 0.11106394460536359, 0.3149385071585087], [0.08179891675591412, 0.37578608776568334, 0.3141402569680438, 0.2282747385103585], [0.277881681709981, 0.30655444000891674, 0.1724093704091991, 0.24315450787190326], [0.42122858050064266, 0.21025176332325557, 0.061392531570686935, 0.30712712460541475], [0.18915099332495974, 0.31177864838228414, 0.2406172106710538, 0.25845314762170224], [0.11176349040793596, 0.3808886955247234, 0.26628054263810513, 0.2410672714292356], [0.26016351336293525, 0.3024736424870619, 0.15000132377253342, 0.28736152037746926], [0.2688704183329065, 0.3275754851217655, 0.1272595422783357, 0.27629455426699223], [0.2061382588432847, 0.30416180689847494, 0.2349137591908655, 0.2547861750673749], [0.2069309298208355, 0.32687613508918006, 0.2748653682162672, 0.19132756687371738], [0.22893609993339376, 0.29473593447829066, 0.14634469439095726, 0.32998327119735826], [0.24432005703331136, 0.28515946889342153, 0.12915294156057625, 0.3413675325126911], [0.2960157900417305, 0.30872173898987065, 0.1528949237752632, 0.24236754719313558], [0.31838918185991977, 0.21452540304780177, 0.1591781091472017, 0.30790730594507637], [0.17253246226961208, 0.3301510420187413, 0.19727548926211708, 0.3000410064495295], [0.4025897642204559, 0.22680046487452607, 0.0880507103785194, 0.28255906052649854], [0.19309415290656207, 0.3089814476464256, 0.23022968872379385, 0.26769471072321827], [0.37383879721600916, 0.2499802410067409, 0.054898064515776064, 0.3212828972614739], [0.360482156242289, 0.24355121410300812, 0.16855937712796068, 0.2274072525267422], [0.2930942050213331, 0.2987149546858047, 0.13463214962396064, 0.27355869066890126], [0.3100034871144468, 0.26977411293143444, 0.16441430076774902, 0.25580809918636993], [0.24718343133316342, 0.24305058769053847, 0.22358174223664184, 0.2861842387396562], [0.22765879338499825, 0.32367377684117704, 0.2110783911932018, 0.23758903858062325], [0.2310215216331673, 0.3290380852366404, 0.14862283729079656, 0.29131755583939595], [0.16380005893616745, 0.34864208076541514, 0.28964141344306976, 0.1979164468553479], [0.2146796456362233, 0.3385109342748699, 0.21497820314352004, 0.23183121694538675], [0.2939686583967989, 0.25304034142950005, 0.13508463682687738, 0.31790636334682376], [0.16864264426143294, 0.32223107868860384, 0.264395711766029, 0.24473056528393455], [0.2636727548613706, 0.3297421024187691, 0.14141362289460083, 0.2651715198252592], [0.1931062173928963, 0.2937741401065073, 0.24593405607509516, 0.26718558642550133], [0.194548127330586, 0.34701669613262803, 0.2040035429505893, 0.25443163358619714], [0.08776460109034093, 0.3602616076504494, 0.27803681055035706, 0.2739369807088526], [0.28132650142934507, 0.26138153471610703, 0.10748313482513176, 0.3498088290294162], [0.25460120574495826, 0.26420200950625655, 0.12370142127288351, 0.35749536347590166], [0.23327109225588644, 0.2993099005789959, 0.1843850188776327, 0.283033988287485], [0.21065408381134573, 0.3314662739356182, 0.17691538622256736, 0.2809642560304685], [0.18314857566281498, 0.3479723608677373, 0.21772543839098588, 0.2511536250784617], [0.31432738689838896, 0.21252948259665938, 0.11140881369668641, 0.3617343168082651], [0.19859068116606501, 0.34592696562513675, 0.14837738459279476, 0.3071049686160035], [0.22326017536171922, 0.28634760929312153, 0.15667639235846587, 0.3337158229866935], [0.19904692266550456, 0.305149731324966, 0.18530480806424499, 0.3104985379452845], [0.12170203979416389, 0.3334328021731105, 0.2843195810957042, 0.2605455769370218], [0.21781102866738994, 0.2962712452248374, 0.1961698820075898, 0.28974784410018284], [0.2163331166249752, 0.3074786009687473, 0.17426117272407668, 0.30192710968220093], [0.30143944596189404, 0.25847839349779167, 0.1189496283424561, 0.3211325321978581], [0.29630385919632113, 0.24982200943612629, 0.11234063462461552, 0.34153349674293687], [0.3577872876952282, 0.2703668449725779, 0.09685720968648345, 0.2749886576457104], [0.3471395926692044, 0.2718539445067359, 0.10415310963239083, 0.27685335319166854], [0.2134770471364017, 0.32214980799839904, 0.2449215373123662, 0.21945160755283288], [0.33662780447652557, 0.31081392652870343, 0.09586492182814403, 0.2566933471666267], [0.1916276630297449, 0.3442792894779019, 0.2309201369672326, 0.2331729105251205], [0.2519708372912212, 0.27939399229918055, 0.21495440213661596, 0.2536807682729824], [0.32397607527700933, 0.2611403854883332, 0.1638038008115422, 0.2510797384231155], [0.35868028290907455, 0.2471853585270397, 0.14946300010240807, 0.24467135846147786], [0.30369505912011285, 0.26221311580151724, 0.12251773836530688, 0.31157408671306314], [0.2186024599630187, 0.2985133527176887, 0.1987944255445985, 0.2840897617746939], [0.31728653577589405, 0.26472158784825406, 0.1633829114879884, 0.25460896488786355], [0.17044981786549315, 0.32276488826180566, 0.2663929018082443, 0.24039239206445753], [0.45347609499451474, 0.19197371014987727, 0.07379897369041749, 0.28075122116519097], [0.2770889539785731, 0.2889095149516118, 0.11750533731183188, 0.3164961937579833], [0.12290394022385255, 0.3597089664725751, 0.2830612281220266, 0.2343258651815454], [0.13822407487700372, 0.35226554956974093, 0.26080148343935894, 0.24870889211389627], [0.3091103019474788, 0.35367774322667633, 0.13501166023520775, 0.20220029459063657], [0.34023953414526636, 0.22158458614772683, 0.11627841674761989, 0.3218974629593868], [0.2511246350865671, 0.30170377903400214, 0.10616939208235643, 0.34100219379707436], [0.19107514697241823, 0.3583561170790253, 0.26848093679715396, 0.18208779915140275], [0.4648343023308628, 0.2357974695561537, 0.06844253618827531, 0.2309256919247082], [0.22395090134637358, 0.2926907700756118, 0.19736435342138042, 0.2859939751566343], [0.22193307147458186, 0.2896333524467705, 0.18117838198131592, 0.3072551940973321], [0.34745003774141636, 0.19420275000239917, 0.10845402478426014, 0.34989318747192416], [0.1526363968463177, 0.3256185841935676, 0.21532626017566042, 0.3064187587844543], [0.15444756209398044, 0.3353913597940041, 0.26473682611629146, 0.24542425199572415], [0.3547978459128877, 0.28195513846851167, 0.09544218491553536, 0.2678048307030653], [0.2370496216539145, 0.32360285870642996, 0.1769999916502499, 0.2623475279894057], [0.30689054184479564, 0.2678698226110271, 0.09956447385906003, 0.3256751616851173], [0.16358813870002434, 0.352842700847232, 0.25199759699882335, 0.23157156345392033], [0.26547303290871826, 0.31173599431777077, 0.121699687423399, 0.301091285350112], [0.34138934407773425, 0.25870196416715696, 0.11876219389825508, 0.281146497856854], [0.25361142580924556, 0.27072896805855273, 0.18640349815268556, 0.289256107979516], [0.35804618060385784, 0.24851128825515242, 0.07069005084352144, 0.3227524802974682], [0.11549821087216325, 0.3827041811815948, 0.29068678642896567, 0.21111082151727634], [0.37273312493671407, 0.23366654760493985, 0.09077666413948332, 0.30282366331886296], [0.19341046213113516, 0.3409406186359472, 0.20564831057870542, 0.26000060865421215], [0.20971974273977576, 0.30235946793679214, 0.159535155327763, 0.3283856339956694], [0.19409931534752944, 0.32660540696641854, 0.23532384889589708, 0.2439714287901549], [0.17005998142764384, 0.3093413176895791, 0.19081279081886746, 0.3297859100639095], [0.20780540540473388, 0.29736026051802616, 0.2336447386828328, 0.26118959539440756], [0.16961767618112555, 0.330325906624348, 0.2599873746690323, 0.240069042525494], [0.22446908530161314, 0.2829470782508475, 0.17855433076774757, 0.31402950567979204], [0.2249720766315734, 0.3200099714160425, 0.15950033862956425, 0.2955176133228199], [0.16588480335769626, 0.3280677028085732, 0.26900739559891373, 0.23704009823481698], [0.3197010517605491, 0.2349325789623021, 0.07415050792123526, 0.3712158613559133], [0.30474195074222116, 0.25052114657038005, 0.09449504475367489, 0.3502418579337239], [0.3130828824551599, 0.28954360650711286, 0.09276648289184389, 0.3046070281458832], [0.16923670452497028, 0.29489664838151547, 0.2776484129690797, 0.25821823412443445], [0.44596228486062045, 0.17513451671611252, 0.09438549769600711, 0.28451770072726], [0.3410564462580869, 0.3051852759941221, 0.11200430346705223, 0.24175397428073891], [0.3827460654437516, 0.24487839673159373, 0.10909109470884545, 0.26328444311580923], [0.16054426714233525, 0.33990919692447036, 0.22721810149252772, 0.27232843444066657], [0.24610322313385913, 0.28994948405612425, 0.1657005381084458, 0.29824675470157097], [0.21727285211761402, 0.2607847239076176, 0.25327415455066005, 0.2686682694241084], [0.2088862918623721, 0.3449849892450484, 0.1887730091539635, 0.25735570973861605], [0.17452142262876735, 0.32123764601869575, 0.259716241723718, 0.2445246896288192], [0.2525995867232021, 0.2963928701760909, 0.10004483579136489, 0.3509627073093422], [0.36681548195449115, 0.23396812836451197, 0.11499876485496387, 0.2842176248260331], [0.11417907900099782, 0.35887373059642935, 0.29942675325329154, 0.22752043714928138], [0.4081257309797763, 0.1860220187679408, 0.04396173099915409, 0.36189051925312843], [0.2563873740144351, 0.24427201225833542, 0.15578323195037544, 0.343557381776854], [0.37330455785003985, 0.2307239317856528, 0.0556128574307806, 0.3403586529335268], [0.31775246014226494, 0.2613246353276544, 0.13657323632679172, 0.28434966820328916], [0.1619026152992609, 0.3311255819453424, 0.25852574636273673, 0.2484460563926598], [0.13272090496698588, 0.38377357717168986, 0.2626107981029714, 0.2208947197583527], [0.2399026668227443, 0.27196811438745855, 0.1686203930260968, 0.31950882576370065], [0.2299432833744458, 0.3246383010963383, 0.22933371293673285, 0.2160847025924829], [0.1616258111715629, 0.34441656984327995, 0.22683876067818962, 0.2671188583069675], [0.20572673318820042, 0.2814372221089786, 0.2102882952895931, 0.3025477494132277], [0.24228974381951401, 0.3170428641104693, 0.0966031936765025, 0.34406419839351415], [0.17426349506356298, 0.34687814951053864, 0.20809397817905337, 0.27076437724684516], [0.1558970334806188, 0.3567684971303458, 0.248762342148444, 0.23857212724059115], [0.16905824283899554, 0.32906952219234403, 0.22226394599788205, 0.2796082889707784], [0.13450293646078912, 0.3378216774998484, 0.26669045664674734, 0.2609849293926148], [0.20399598498479818, 0.28429188974849656, 0.22099935798210282, 0.29071276728460227], [0.26562376437087254, 0.32218221034852923, 0.175955835304429, 0.2362381899761694]]}, "rewritten": {"ids": ["97105960", "97106000", "97107681", "97107821", "97109080", "97110950", "97111790", "97112290", "97116410", "97116790", "97118210", "98106111", "98107340", "98109230", "98109311", "98110680", "98112300", "99107500", "99107630", "99108000", "99108080", "99108310", "99108520", "99108580", "99108890", "99111620", "99111930", "100107920", "100108080", "100108990", "100109980", "100110260", "100111380", "100112060", "100116500", "100120010", "101108370", "101115190", "101119591", "102108621", "102109840", "102109850", "102110690", "102110890", "102112030", "102113981", "103109021", "103110050", "103113610", "103117200", "103117461", "104109311", "104111880", "104113170", "104113190", "104116800", "104116980", "104119290", "105110251", "105112130", "105112260", "105113210", "105113620", "105115380", "105116860", "105118171", "106113830", "106114011", "106114321", "106114880", "106116441", "106118161", "106119260", "106119580", "106121190", "107112850", "107113180", "107113550", "107114110", "107114621", "107114950", "107115250", "107116300", "107117010", "107121540", "108113740", "108114220", "108114670", "108115070", "108116070", "108119550", "108121190", "108121410", "109113931", "109114030", "109115380", "109116441", "109116930", "109118701", "109119450", "109120621", "109121640", "110113931", "110114720", "110115120", "110116441", "110116501", "110118181", "110118701", "110118810", "110120640", "110121140", "110121170", "111115400", "111115770", "111116040", "111116090", "111116100", "111116530", "111116990", "111117200", "111118810", "111119430", "111119930", "111121220", "112116540", "112116880", "112117471", "112118161", "112118620", "112120700", "112121351", "113118231", "113118630", "113118870", "113119320", "113119700", "113120531", "113120540", "113121010", "113122150", "113122180"], "labels": [2, 0, 3, 2, 2, 3, 2, 1, 3, 2, 2, 0, 0, 1, 1, 2, 2, 0, 2, 2, 3, 2, 2, 0, 0, 3, 1, 0, 0, 2, 1, 3, 3, 2, 2, 0, 1, 1, 0, 3, 2, 1, 0, 0, 2, 1, 0, 3, 2, 0, 0, 3, 3, 3, 3, 1, 1, 1, 0, 1, 3, 3, 0, 1, 2, 3, 1, 1, 2, 0, 0, 3, 1, 3, 2, 1, 3, 0, 1, 0, 3, 2, 0, 1, 2, 3, 3, 3, 1, 1, 1, 1, 0, 1, 1, 3, 3, 0, 3, 3, 1, 0, 1, 3, 0, 3, 3, 1, 3, 1, 0, 3, 2, 0, 3, 0, 3, 3, 3, 0, 0, 0, 3, 1, 3, 1, 0, 3, 0, 3, 2, 0, 3, 3, 0, 1, 0, 0, 3, 2, 2, 2], "predicted_labels": [1, 1, 0, 0, 1, 0, 0, 0, 0, 1, 0, 0, 1, 0, 1, 1, 0, 1, 3, 1, 3, 1, 1, 0, 1, 1, 1, 1, 1, 1, 0, 0, 3, 3, 3, 3, 0, 3, 0, 0, 1, 1, 3, 0, 1, 1, 1, 1, 1, 1, 1, 3, 3, 1, 1, 3, 1, 1, 0, 1, 1, 3, 1, 0, 1, 0, 0, 1, 0, 1, 0, 0, 0, 1, 3, 1, 1, 0, 3, 0, 3, 1, 0, 1, 3, 0, 0, 0, 1, 1, 3, 0, 1, 1, 0, 1, 0, 0, 1, 1, 3, 0, 0, 0, 3, 1, 1, 1, 1, 0, 0, 0, 3, 3, 0, 0, 0, 1, 1, 0, 0, 0, 3, 1, 1, 3, 1, 1, 0, 1, 1, 1, 1, 1, 0, 1, 1, 3, 0, 1, 3, 3], "confidence_scores": [[0.26653987198822116, 0.2842747623905682, 0.1754397527264682, 0.2737456128947428], [0.2212608012883091, 0.30330986247063857, 0.267217878802248, 0.20821145743880437], [0.3994966545474257, 0.21952087994839037, 0.12060066570630075, 0.2603817997978834], [0.3449524622538219, 0.24825295277574352, 0.16911202454552782, 0.23768256042490682], [0.1905444402093523, 0.32119564680605894, 0.28456298273432423, 0.2036969302502644], [0.47464776600125747, 0.1712877527410416, 0.11877288107987864, 0.2352916001778224], [0.3448953318140487, 0.246650782385615, 0.16335693005016236, 0.24509695575017404], [0.2745042776035559, 0.27755128271136537, 0.2060085849155928, 0.24193585476948606], [0.41012418962670427, 0.19459442883523298, 0.09617996165991093, 0.29910141987815203], [0.2799127312712376, 0.2890359032390085, 0.20749715393388365, 0.22355421155587019], [0.34710772057107864, 0.23159993925084665, 0.15702533601876317, 0.2642670041593117], [0.31557177577659284, 0.25149944169610394, 0.14407375961955704, 0.28885502290774595], [0.231366709989831, 0.3061115603656374, 0.2604568754353226, 0.20206485420920894], [0.24330977555029637, 0.2648433924297389, 0.25090957611873177, 0.24093725590123324], [0.2887453239172512, 0.3127302603432423, 0.1589370098900907, 0.2395874058494158], [0.2684599724356183, 0.30052373658180725, 0.2584561583379892, 0.17256013264458558], [0.37824527711658196, 0.24610892464947826, 0.13241317066916491, 0.2432326275647749], [0.17357026279747262, 0.3363715550387542, 0.24310848969221255, 0.24694969247156054], [0.25862896831954585, 0.2625373546828633, 0.17155463675091373, 0.30727904024667724], [0.14232863648546734, 0.3464387219895807, 0.2714470101861296, 0.23978563133882194], [0.2729924671331237, 0.2703561301376517, 0.1675848117193271, 0.2890665910098976], [0.25655194886576693, 0.3110610538611829, 0.1929445640789454, 0.23944243319410471], [0.2388090646854046, 0.28029763189550444, 0.2348609096226605, 0.24603239379643052], [0.28538732342379636, 0.28376444234655895, 0.2084698652646294, 0.2223783689650153], [0.2992476672403982, 0.3253104806105292, 0.1889049790717053, 0.18653687307736702], [0.273095527117052, 0.2898293626819021, 0.2062729544720488, 0.2308021557289972], [0.24848139061044122, 0.29913801830407744, 0.2168643390610987, 0.2355162520243829], [0.2826124113890384, 0.27288154182833074, 0.16613743922416374, 0.2783686075584672], [0.1528673005834158, 0.31712189866165186, 0.26458332139466345, 0.2654274793602688], [0.18568106588411104, 0.32257641562578304, 0.26936070598527967, 0.22238181250482605], [0.2989972216330269, 0.2704960938510635, 0.19963617167125633, 0.2308705128446533], [0.40465247202281196, 0.23423562972756146, 0.07977934192168432, 0.2813325563279422], [0.21916421418210585, 0.2643996146799199, 0.23424675425198963, 0.282189416885985], [0.25424195624143386, 0.2427966092284419, 0.18889362577079127, 0.31406780875933304], [0.2535655527366973, 0.24330685233510238, 0.2294082751159628, 0.2737193198122376], [0.20799405027723633, 0.28869393586978037, 0.25243657832203953, 0.2508754355309439], [0.38195023902773917, 0.2564862295022268, 0.07484865574082915, 0.28671487572920473], [0.18813996117998383, 0.29006298607844994, 0.21687469285027983, 0.30492235989128624], [0.3069442336409847, 0.2544781588385506, 0.14769187246463214, 0.2908857350558326], [0.4729744303771745, 0.2083428232946918, 0.055638398063020525, 0.26304434826511325], [0.16507887591971235, 0.3264687567870171, 0.2695411302520286, 0.2389112370412418], [0.2730307152496333, 0.279475782162328, 0.18951490441469035, 0.2579785981733486], [0.2981172515072942, 0.24712130326246795, 0.1263686713515887, 0.3283927738786492], [0.3405379207794376, 0.22123131321678044, 0.12805727452215324, 0.31017349148162865], [0.20045887221125194, 0.306073097167371, 0.2781338028825962, 0.2153342277387807], [0.298559530801629, 0.28000065442737376, 0.13816756552457768, 0.2832722492464198], [0.21498200934215206, 0.2928284512006876, 0.2054545734589697, 0.2867349659981905], [0.25011950424558127, 0.3341415225221662, 0.15905016811268455, 0.256688805119568], [0.23364511236485871, 0.30231768763841366, 0.242370330719248, 0.2216668692774797], [0.14295271846381535, 0.35128448675849006, 0.26882775941325704, 0.23693503536443733], [0.2522417788415606, 0.3156343576781039, 0.17204320474663704, 0.26008065873369884], [0.2640213255550296, 0.27279130808568647, 0.18467570728320498, 0.27851165907607894], [0.19149135994860195, 0.2978488837253386, 0.22052426447849557, 0.2901354918475639], [0.2571654161807252, 0.30228996152407206, 0.223523521350779, 0.21702110094442387], [0.19391765912865339, 0.31837776477729207, 0.23023570639418425, 0.2574688696998704], [0.15759870868133413, 0.30356200497527625, 0.2585683132739768, 0.280270973069413], [0.13553062471107755, 0.36103515782676293, 0.2745602539552726, 0.22887396350688707], [0.20615995378595522, 0.32078913401119674, 0.22086840011696363, 0.25218251208588455], [0.35444612786102453, 0.27449747765399296, 0.10258829674088257, 0.2684680977440997], [0.17650219480608095, 0.3292799481039487, 0.25705266839844565, 0.23716518869152445], [0.20605620451939388, 0.32094851401763613, 0.20075342125631407, 0.27224186020665564], [0.2779251169102451, 0.25453713908800407, 0.17018451186501302, 0.29735323213673825], [0.13261832829281942, 0.34306100372982556, 0.29947376890300953, 0.22484689907434574], [0.23620852485386223, 0.275729048876048, 0.2661020711639887, 0.2219603551061011], [0.2507143191894855, 0.3053910679613148, 0.21269536542835105, 0.23119924742084846], [0.399219710139936, 0.2533016858302554, 0.11405387832878608, 0.23342472570102205], [0.4413860012447678, 0.2513040310561416, 0.08852638170200927, 0.21878358599708145], [0.19161457650934213, 0.322463954280276, 0.22824242620841664, 0.2576790430019653], [0.3485763364513089, 0.28251107842365736, 0.11202067246737545, 0.2568919126576579], [0.2004616505977581, 0.3023545578323841, 0.2194212656780728, 0.27776252589178513], [0.35797907176634625, 0.24478803542549668, 0.13455594005186725, 0.2626769527562896], [0.3712227834637042, 0.24533341650332718, 0.13020476640074127, 0.25323903363222744], [0.41235712201418795, 0.19424034273112792, 0.13075596426001893, 0.26264657099466565], [0.1609482321493008, 0.3365109804868989, 0.27389093103810813, 0.2286498563256918], [0.18802365368719148, 0.29198080072614496, 0.26016455515087206, 0.25983099043579144], [0.1378073318207992, 0.3464610796557025, 0.27284840652832637, 0.24288318199517214], [0.2853865803922227, 0.2842286483562004, 0.1496912916205285, 0.2806934796310483], [0.38021564692814336, 0.2224927874437921, 0.1385287594891159, 0.2587628061389486], [0.2949023950389126, 0.2536360840603893, 0.13757122281484746, 0.3138902980858508], [0.3191921166484516, 0.24549970975790736, 0.1363743259397446, 0.2989338476538963], [0.23936789015421484, 0.2700564591547702, 0.22575691835325462, 0.2648187323377604], [0.24577806527302598, 0.3162241750326046, 0.16260952934836403, 0.2753882303460054], [0.3218161442796321, 0.2806025338139902, 0.12074951969340114, 0.2768318022129765], [0.32360122921660317, 0.30188168786008895, 0.16791985619991154, 0.20659722672339634], [0.1798013579457383, 0.2876355649345014, 0.21882064175568944, 0.31374243536407087], [0.4038975616552504, 0.16806288815765502, 0.08792543594861729, 0.3401141142384771], [0.405364958653541, 0.23242517903545595, 0.08425424806894267, 0.2779556142420603], [0.3296109602492972, 0.2444643449039315, 0.11116289824616121, 0.31476179660061004], [0.15977696005730607, 0.3545297509211904, 0.26032565265808516, 0.2253676363634183], [0.25909414595904806, 0.28629498849964535, 0.17779908184388138, 0.2768117836974252], [0.20404959790157656, 0.28934219106310016, 0.24114894915431584, 0.2654592618810075], [0.27578912542998835, 0.266808607629064, 0.2082454967441993, 0.24915677019674873], [0.2649604117884767, 0.30711072817108037, 0.11474763622123324, 0.3131812238192096], [0.22780325062255613, 0.30256581231591034, 0.25700610863074974, 0.21262482843078362], [0.31732715989027316, 0.23916093003282257, 0.1496399613716846, 0.2938719487052196], [0.16947169151846314, 0.3195582362048723, 0.2821657341475908, 0.22880433812907428], [0.3866643557554067, 0.22151207555003583, 0.08405072990161902, 0.3077728387929383], [0.520353828795426, 0.1720894903770322, 0.04460140964379128, 0.2629552711837505], [0.2214711118568078, 0.2998329889002752, 0.19288827438011613, 0.28580762486280076], [0.1807824004223465, 0.31069541427173214, 0.2767358772859629, 0.23178630801995853], [0.25960211960175983, 0.2506333460391607, 0.14747344737571808, 0.34229108698336147], [0.31560278698295574, 0.2534325041797546, 0.13670425862061336, 0.294260450216676], [0.2747073027097328, 0.27353473669697825, 0.20344716053518305, 0.24831080005810588], [0.38809003742586856, 0.22823163373197772, 0.20895858261819517, 0.17471974622395875], [0.20012684366570813, 0.2906529280369856, 0.24488179324425657, 0.2643384350530496], [0.20236189504413907, 0.3050183786781569, 0.24419945236432591, 0.24842027391337826], [0.2707183435461235, 0.30415590971181555, 0.20213040301996996, 0.22299534372209087], [0.2303344992628255, 0.31539693996708973, 0.2319058096944217, 0.22236275107566286], [0.2292207051676274, 0.3182951513180897, 0.20873379059536237, 0.24375035291892055], [0.3335196031853794, 0.24501094921318853, 0.12610183537465836, 0.2953676122267739], [0.37146798287219596, 0.21226212585584933, 0.09933330351434932, 0.31693658775760547], [0.491846424117246, 0.16767030427572285, 0.08628485999644889, 0.25419841161058204], [0.24596188010277265, 0.2679963495420963, 0.2226215661418809, 0.26342020421325046], [0.28908087773298863, 0.25937624461493286, 0.16280658346189247, 0.28873629419018615], [0.47890347147187284, 0.18008078846052625, 0.11525965628002767, 0.2257560837875736], [0.34848532844940944, 0.23399947918256983, 0.09256975383924522, 0.3249454385287755], [0.4249353044859152, 0.2129689770055635, 0.1237084308056901, 0.23838728770283107], [0.2971577277053338, 0.27722946223508477, 0.12722590890567556, 0.29838690115390587], [0.2510727849403781, 0.2884180264825633, 0.2174990951832442, 0.24301009339381402], [0.3973597469821412, 0.20338187371175998, 0.0993162399607723, 0.29994213934532643], [0.406400136268116, 0.22393074007399888, 0.124696440877048, 0.24497268278083714], [0.33365395536219405, 0.24672458179440984, 0.12242124511794558, 0.2972002177254508], [0.1853610833361358, 0.30598437843446413, 0.20314994465828878, 0.3055045935711114], [0.19907569123772204, 0.29899232128449854, 0.2205401915282627, 0.2813917959495164], [0.2520290687491981, 0.3013230224138092, 0.17429261211839375, 0.2723552967185985], [0.2541101526166036, 0.2787910058123571, 0.16157164565787652, 0.30552719591316274], [0.20455415206417937, 0.29864980954083264, 0.22542156298824842, 0.27137447540673937], [0.2469864472545053, 0.3019802639179944, 0.16024751644087395, 0.2907857723866265], [0.3388090327686278, 0.26545230663253927, 0.10933925419213174, 0.28639940640670136], [0.26057842145074833, 0.30917485596563576, 0.1977577077316883, 0.23248901485192774], [0.2859522844751127, 0.28011037648249165, 0.1692077403163902, 0.264729598726006], [0.26959252543150874, 0.29613883950757797, 0.17504154864399318, 0.25922708641692027], [0.21050336232709652, 0.3088253223064159, 0.2573591114412547, 0.22331220392523302], [0.16685076111744396, 0.34128945141808376, 0.2583658028609696, 0.23349398460350246], [0.37723719930009114, 0.25191185261076743, 0.11900384704663973, 0.2518471010425021], [0.19041662285214497, 0.32066066339919536, 0.22260559281297979, 0.26631712093568], [0.18400771740415456, 0.3355015163420392, 0.23976046459736078, 0.2407303016564456], [0.2931987772020185, 0.2693556648454804, 0.14565025335011705, 0.2917953046023843], [0.3165035936064128, 0.254473806179197, 0.13323724502929704, 0.2957853551850931], [0.1573484221896687, 0.3404508005759482, 0.2804639363234525, 0.2217368409109303], [0.2569397365815033, 0.28008031155948654, 0.18150030933235353, 0.2814796425266563], [0.1752282894907709, 0.2786964820642069, 0.22584216106072577, 0.3202330673842964]]}}