{"test": {"ids": ["107114490", "109115380", "111114171", "109117630", "111116290", "112117580", "98109090", "103111480", "100108260", "102112250", "109115070", "99108520", "111116530", "104114240", "99114890", "106113190", "112119930", "97116401", "112118421", "105120621", "103120780", "107114950", "103118110", "98106680", "112120700", "109119010", "107112850", "110116170", "113119480", "111117480", "111121410", "106121190", "113122190", "97116500", "113121410", "108118520", "108121160", "111116170", "110118301", "109121640", "113122230", "113119300", "97112300", "100108490", "98117740", "108115970", "100107920", "113119120", "110118930", "106119260", "111119300", "99117740", "103110100", "102110050", "111119340", "99112840", "113121750", "110120190", "108114040", "113122150", "98110710", "98116500", "113118111", "113120751", "98108970", "102116500", "102118380", "98107380", "111116010", "97106770", "106116850", "107114780", "103111170", "111119430", "107118490", "98111620", "112121430", "98120010", "98119591", "107118780", "100110260", "111115620", "104112201", "97111790", "109118161", "107120130", "107114280", "112118890", "106114150", "109114651", "112116290", "105117351", "113120260", "99108310", "103117200", "105110091", "105115250", "103111990", "104111550", "108121190", "112119610", "108114360", "108118630", "98108150", "102112030", "99112531", "110116300", "104118340", "105115570", "101111140", "112116501", "104118070", "100111080", "112119450", "98109570", "104111780", "100111620", "110118740", "111118810", "103113101", "100111390", "106111321", "97107040", "110115120", "106120640", "113118231", "105117431", "98121790", "110117500", "111120540", "110113591", "111119580", "108117451", "109120540", "111116040", "113120780", "109117150", "98112580", "105115380", "112120990", "107114200", "110115710"], "labels": [3, 3, 3, 0, 2, 0, 1, 0, 3, 0, 0, 2, 3, 0, 2, 0, 1, 3, 3, 1, 1, 3, 2, 1, 2, 3, 1, 0, 3, 1, 0, 2, 1, 2, 0, 0, 2, 0, 1, 0, 1, 1, 2, 2, 2, 2, 0, 3, 1, 1, 1, 2, 1, 3, 3, 2, 0, 3, 0, 2, 2, 2, 1, 1, 3, 1, 1, 1, 1, 3, 3, 2, 2, 3, 2, 3, 2, 2, 1, 1, 3, 1, 0, 2, 0, 2, 3, 3, 1, 3, 0, 0, 3, 2, 0, 0, 2, 2, 1, 1, 0, 1, 1, 0, 2, 3, 3, 2, 0, 2, 3, 2, 0, 3, 1, 3, 3, 3, 0, 3, 2, 0, 2, 0, 3, 3, 1, 2, 1, 1, 0, 3, 2, 1, 0, 0, 2, 2, 1, 2, 2, 2], "predicted_labels": [3, 1, 3, 3, 2, 0, 3, 1, 1, 0, 1, 2, 3, 3, 1, 3, 0, 1, 0, 0, 0, 1, 1, 1, 1, 3, 1, 3, 3, 1, 1, 1, 3, 0, 3, 0, 3, 1, 3, 0, 2, 3, 2, 2, 1, 1, 3, 3, 1, 3, 2, 0, 2, 3, 3, 2, 0, 3, 2, 1, 2, 0, 3, 3, 1, 1, 2, 0, 2, 2, 2, 1, 0, 1, 0, 2, 3, 3, 0, 1, 0, 0, 3, 1, 1, 1, 1, 1, 1, 3, 1, 3, 0, 1, 1, 0, 3, 1, 3, 3, 1, 0, 3, 2, 2, 0, 1, 1, 1, 1, 3, 3, 1, 0, 0, 1, 2, 0, 3, 1, 3, 0, 2, 0, 1, 3, 1, 0, 0, 0, 0, 3, 0, 1, 3, 1, 1, 2, 2, 2, 1, 0], "confidence_scores": [[0.14922117347377165, 0.03093382989596948, 0.10221495979642667, 0.7176300368338323], [0.00408342000206832, 0.9787161591456518, 0.0002830593857948608, 0.01691736146648487], [0.2907538391329186, 0.21025712928783502, 0.009113941321351206, 0.4898750902578951], [0.05227696668097168, 0.046926209345519, 0.00044566163199344285, 0.9003511623415159], [0.041848802717989006, 0.20827700187946097, 0.6494317261935266, 0.10044246920902335], [0.3721576366401045, 0.3413053876686404, 0.0002122921216356284, 0.28632468356961943], [0.09402634798648049, 0.026516121536892166, 0.006725539425691572, 0.8727319910509357], [0.02597290635670022, 0.8602237611608916, 0.0012505196300282924, 0.11255281285237971], [0.19235621362477084, 0.7893059617191074, 0.006182464932136525, 0.012155359723985147], [0.9784067130191945, 0.000710061605789962, 0.00046900372242458387, 0.02041422165259096], [0.00552969118559411, 0.9897711468541568, 0.0003390322148595794, 0.004360129745389575], [0.10804230629804491, 0.20792488593507324, 0.6769041206501731, 0.007128687116708598], [0.019946547939814437, 0.42020625222763797, 0.0028154626529200808, 0.5570317371796275], [0.42369046368231644, 0.04610186792770058, 0.032790518139704294, 0.4974171502502787], [0.00030525103222696007, 0.7928772674058573, 0.011341202584962625, 0.1954762789769531], [0.2102803449621172, 0.2699595550516235, 0.0491894028997421, 0.4705706970865172], [0.31496667402955153, 0.3069248661950624, 0.1541078662783301, 0.224000593497056], [0.06080497652053571, 0.8976226741300161, 0.02096328698738219, 0.020609062362065958], [0.4580307510069645, 0.16089066476972047, 0.00025056014865699723, 0.38082802407465816], [0.6644128475525102, 0.03010896569478668, 8.059903008878713e-05, 0.3053975877226143], [0.9602587837728257, 0.008813558286403723, 0.003033698392735911, 0.02789395954803464], [0.26596482560835444, 0.6671419207456522, 0.002540236143635562, 0.06435301750235793], [0.15084908293857469, 0.6134239367349729, 0.17254341976901283, 0.06318356055743966], [0.01912596828492147, 0.6251902495863884, 0.3285847859778244, 0.02709899615086556], [0.07453065797074329, 0.5431387334223038, 0.07760140838657334, 0.30472920022037964], [0.043490404341460134, 0.055253013847269675, 0.11064200083998295, 0.7906145809712873], [0.0770044308159994, 0.8916967157620549, 0.013126946016925949, 0.01817190740501984], [0.17995376791298662, 0.2145137820809829, 0.09447276606637478, 0.5110596839396557], [0.2680691433999613, 0.018761284498950155, 0.0004079767134910817, 0.7127615953875974], [0.4077920382677849, 0.5610484191994304, 0.012101412665181464, 0.01905812986760336], [0.23718916970356996, 0.7109491932452238, 0.005497119818224518, 0.0463645172329817], [0.02150248892706487, 0.43093309686495945, 0.12170029562109469, 0.42586411858688117], [0.036332929510251945, 0.3650524162422911, 0.11207986563603675, 0.4865347886114203], [0.4587296548104948, 0.4307893166362917, 0.0535713027467843, 0.056909725806429175], [0.21857736821780438, 0.03647044664651898, 0.0038817414517361573, 0.7410704436839405], [0.987640040880663, 0.0019445361740568835, 0.005058782929087187, 0.00535664001619294], [0.0007927904185790117, 0.033713695808796074, 0.002259406791350882, 0.963234106981274], [0.006782481943011468, 0.8816960795005412, 0.002861761774227446, 0.10865967678221981], [0.06933028733110358, 0.01984836355066612, 0.000278762328655363, 0.910542586789575], [0.4880219016642062, 0.2039417795457308, 0.008365374078279374, 0.2996709447117836], [0.010855616146429183, 0.046739849754010465, 0.9287573857084865, 0.013647148391073772], [0.05942825901147806, 0.008727765780488238, 0.003014834091595395, 0.9288291411164383], [0.3696015702987375, 0.017424575207295474, 0.5488219113820992, 0.06415194311186773], [0.02940701084249789, 0.41870357537984854, 0.5377283418185738, 0.01416107195907982], [0.028462990332390897, 0.9389971026490844, 0.018358130527015983, 0.014181776491508716], [0.11298002126855658, 0.8073895811320488, 0.04303563758434685, 0.03659476001504781], [0.138408789592872, 0.02425231119019415, 0.18344740679801066, 0.6538914924189232], [0.10676947347274665, 0.09625175737856781, 0.0007486404825100938, 0.7962301286661755], [0.0019878813913086556, 0.980376826513961, 0.0021610101222801757, 0.015474281972450285], [0.055628299787583775, 0.0007750358507563474, 0.05619935828810337, 0.8873973060735565], [0.012855329240993278, 0.04505430986838068, 0.8957973953302201, 0.04629296556040618], [0.9074252926909633, 0.024486698018340514, 0.0630757845497604, 0.005012224740935712], [0.009016900826314263, 0.25087840180309573, 0.6408502496698657, 0.0992544477007242], [0.005201658189801084, 0.08359603226995747, 0.04034181946496618, 0.8708604900752752], [0.02710794729949576, 0.1403751438672808, 0.08856621345870688, 0.7439506953745165], [0.022759491374185644, 0.16925391110426644, 0.5063288831193057, 0.30165771440224226], [0.4537288626031894, 0.30176434895241394, 0.008854597261442885, 0.23565219118295372], [0.0011013441811785606, 0.04064767191459167, 0.00467853957091026, 0.9535724443333196], [0.08257495487031692, 0.013819781684429383, 0.8087203404391116, 0.09488492300614221], [0.0036196416708593007, 0.9899525333231995, 0.0010649154272385536, 0.005362909578702601], [0.00041685246969886633, 0.2529494195257867, 0.6874335540637183, 0.05920017394079618], [0.8687213657215254, 0.0015479573490678954, 0.02883177248334918, 0.10089890444605751], [0.010795484061340314, 0.09607299306802239, 0.0019132880191763076, 0.8912182348514611], [0.20416579544562466, 0.0027750880935113837, 0.001953256899955891, 0.791105859560908], [0.001980965794964474, 0.9354086657323152, 0.05948727867824439, 0.003123089794475863], [0.422481771269392, 0.4432941908802013, 0.07826874340737802, 0.05595529444302863], [0.01932793432078515, 0.1307975566396233, 0.7966785959923182, 0.05319591304727347], [0.657636858338917, 0.04259796707324079, 0.11079647141850026, 0.188968703169342], [0.0035049686126772082, 0.18009011899966804, 0.777808623073311, 0.038596289314343675], [0.20382902261565836, 0.0023719952105231224, 0.7502451757243622, 0.04355380644945631], [0.33470429489690356, 0.19737529906124826, 0.4558860180436735, 0.012034387998174823], [0.009098373016518639, 0.924445532768329, 0.011618280048115846, 0.05483781416703642], [0.8316899970561646, 0.10894274139209308, 0.009010279697735775, 0.050356981854006326], [0.00230992715082023, 0.7867896795603043, 0.003566614042800947, 0.20733377924607446], [0.5536671114532619, 0.2936279271242454, 0.1461069049047103, 0.00659805651778245], [7.062374238569314e-05, 0.08047845993383028, 0.8529642429097057, 0.06648667341407839], [0.1294921196106081, 0.0782497848721287, 0.1741905611218592, 0.618067534395404], [0.04420032907275117, 0.0301741927926768, 0.440568069928836, 0.485057408205736], [0.7168945253414324, 0.21095315651616334, 0.06975575899270527, 0.0023965591496990387], [0.24051333201014952, 0.6240147055861816, 0.006763070496034383, 0.1287088919076346], [0.9762957830915311, 0.00146077865396638, 0.00034474333511141816, 0.02189869491939098], [0.5343997829302501, 0.029767249118110583, 0.17330935776027498, 0.26252361019136433], [0.027899084018507433, 0.020195068028267697, 0.0006776443893553462, 0.9512282035638695], [0.024370675634918362, 0.779672565230606, 0.17690938727181602, 0.019047371862659597], [0.025260343742331156, 0.8798750938855475, 0.003703875136043456, 0.09116068723607773], [0.0010983758015603823, 0.9948307323884804, 0.0036110687002784262, 0.00045982310968075904], [0.004196563081355854, 0.8256378186011323, 0.05441231833518841, 0.1157532999823234], [0.10048982310192628, 0.3761162213364979, 0.31852083542879084, 0.2048731201327849], [0.20087749420523457, 0.3208552543315055, 0.28703106558323926, 0.19123618588002067], [0.17216027873949521, 0.2602964410212055, 0.006689390584528989, 0.5608538896547702], [0.02340897438165565, 0.7862524948723844, 0.15831758126258125, 0.03202094948337881], [0.24892765727964702, 0.08736216366244395, 0.06017901441549362, 0.6035311646424154], [0.5887352415782274, 0.0367716170109964, 0.1563700743293802, 0.21812306708139592], [0.2650402774130438, 0.4303443363584127, 0.29918104370798215, 0.0054343425205612235], [0.15030210989699833, 0.8342505939925925, 0.0031337300776065583, 0.012313566032802519], [0.8915802106919712, 0.008549860342632533, 0.009819092664833549, 0.09005083630056274], [0.338220036700769, 0.13222940748004675, 0.11130501190112663, 0.4182455439180577], [0.02860919617218634, 0.8098642960589226, 0.08277139338691632, 0.07875511438197456], [0.008915976684224837, 0.03644048380651345, 0.25084659000772713, 0.7037969495015347], [0.013082809876630155, 0.19585879666913178, 0.19332855041222216, 0.5977298430420158], [0.0006071699534785736, 0.8378892874298939, 0.10433574489180591, 0.05716779772482159], [0.8405861323939154, 0.03413381144035928, 0.02723979128163744, 0.09804026488408783], [0.035050577068416314, 0.0036409672490878, 0.024837265295642025, 0.9364711903868538], [0.2782059161338499, 0.060632682509520724, 0.5662055252994415, 0.09495587605718804], [0.010541171218469913, 0.010873028431737888, 0.9305197284569118, 0.04806607189288043], [0.4707809860461507, 0.0347457161377076, 0.08642308796535603, 0.4080502098507857], [0.013743396248657941, 0.915341817412828, 0.006366664969117577, 0.06454812136939642], [0.04918943975468933, 0.47934520347986265, 0.4190821689147595, 0.05238318785068843], [0.05836193218847427, 0.4732690108863993, 0.35239320267796637, 0.11597585424716002], [0.22642509446709766, 0.5651763519771205, 0.06599423413501823, 0.1424043194207637], [0.04175857665050566, 0.003684182976993844, 0.0006606830313230989, 0.9538965573411774], [0.0014324747781806124, 0.002388495090371379, 0.13027402042541042, 0.8659050097060376], [0.3873025649544154, 0.4272200167114961, 0.11267476655112853, 0.07280265178296003], [0.8478225495259497, 0.12705888095856477, 0.0003525461823912434, 0.02476602333309426], [0.9880987103956091, 0.003898652752902039, 0.0027836075525245977, 0.005219029298964216], [0.3973757663511226, 0.519706592312595, 0.042689921386732214, 0.04022771994955023], [0.10790835485025607, 0.18069218406043608, 0.5075868013608674, 0.20381265972844043], [0.5244073058593115, 0.0638113084738095, 0.0012900539263052174, 0.41049133174057384], [0.14823644366523636, 0.004367800480113815, 0.1034474693258807, 0.743948286528769], [0.0756772783369358, 0.6680529718764084, 0.13744632518206026, 0.11882342460459552], [0.36852608051459324, 0.07178829145596115, 0.19046273579809958, 0.3692228922313459], [0.4372314584056099, 0.24521955168195253, 0.012569183597341542, 0.30497980631509614], [0.005736930502514985, 0.15460830304487014, 0.7881767539136699, 0.051478012538945], [0.48283763262355345, 0.09003684806225462, 0.0941956589417119, 0.33292986037247985], [0.1024052045861543, 0.862486101423498, 0.02556723408658042, 0.009541459903767298], [0.01700797910837106, 0.24378280875330524, 0.030155976191856334, 0.7090532359464673], [0.03058438194376236, 0.6369764456834434, 0.2972033989807548, 0.03523577339203943], [0.6126593151905594, 0.036152544195899396, 0.039657132791969474, 0.3115310078215718], [0.8625212174877733, 0.12484273418906514, 0.0011876481733326825, 0.011448400149828801], [0.797131882725637, 0.17704453192635433, 0.02513982270850251, 0.0006837626395062991], [0.990468551146916, 0.006312347582291696, 0.0005835597401867824, 0.0026355415306053977], [0.34209829126031965, 0.07076814151290528, 0.06455500147891491, 0.5225785657478601], [0.7910898814623812, 0.06684684157745872, 0.0026664641550006476, 0.13939681280515945], [0.0930263370203142, 0.6795353095905192, 0.07529514572824832, 0.15214320766091832], [0.1389222904369759, 0.0018377049896801572, 0.0012205291808264891, 0.8580194753925173], [0.3449379599629305, 0.4123078215052206, 0.009562881084553186, 0.2331913374472958], [0.0003539302215636819, 0.9981936370122927, 0.0006430279049428474, 0.0008094048612007467], [0.40410244353300395, 0.07796770738112925, 0.41228811294662837, 0.10564173613923848], [0.03290845331678649, 0.4456506260152359, 0.45240145019216876, 0.06903947047580888], [0.028355108003182552, 0.20089363284923883, 0.767277472540272, 0.003473786607306487], [0.3143456404299347, 0.6337893363134947, 0.005304280095326596, 0.04656074316124409], [0.481188103622958, 0.2585771816300358, 0.05534291132678195, 0.20489180342022417]]}, "rewritten": {"ids": ["97106770", "97107040", "97111790", "97112300", "97116401", "97116500", "98106680", "98107380", "98108150", "98108970", "98109090", "98109570", "98110710", "98111620", "98112580", "98116500", "98117740", "98119591", "98120010", "98121790", "99108310", "99108520", "99112531", "99112840", "99114890", "99117740", "100107920", "100108260", "100108490", "100110260", "100111080", "100111390", "100111620", "101111140", "102110050", "102112030", "102112250", "102116500", "102118380", "103110100", "103111170", "103111480", "103111990", "103113101", "103117200", "103118110", "103120780", "104111550", "104111780", "104112201", "104114240", "104118070", "104118340", "105110091", "105115250", "105115380", "105115570", "105117351", "105117431", "105120621", "106111321", "106113190", "106114150", "106116850", "106119260", "106120640", "106121190", "107112850", "107114200", "107114280", "107114490", "107114780", "107114950", "107118490", "107118780", "107120130", "108114040", "108114360", "108115970", "108117451", "108118520", "108118630", "108121160", "108121190", "109114651", "109115070", "109115380", "109117150", "109117630", "109118161", "109119010", "109120540", "109121640", "110113591", "110115120", "110115710", "110116170", "110116300", "110117500", "110118301", "110118740", "110118930", "110120190", "111114171", "111115620", "111116010", "111116040", "111116170", "111116290", "111116530", "111117480", "111118810", "111119300", "111119340", "111119430", "111119580", "111120540", "111121410", "112116290", "112116501", "112117580", "112118421", "112118890", "112119450", "112119610", "112119930", "112120700", "112120990", "112121430", "113118111", "113118231", "113119120", "113119300", "113119480", "113120260", "113120751", "113120780", "113121410", "113121750", "113122150", "113122190", "113122230"], "labels": [3, 2, 2, 2, 3, 2, 1, 1, 0, 3, 1, 1, 2, 3, 2, 2, 2, 1, 2, 2, 2, 2, 3, 2, 2, 2, 0, 3, 2, 3, 0, 2, 3, 2, 3, 2, 0, 1, 1, 1, 2, 0, 2, 3, 0, 2, 1, 1, 3, 0, 0, 2, 2, 0, 2, 1, 0, 0, 1, 1, 0, 0, 1, 3, 1, 3, 2, 1, 2, 3, 3, 2, 3, 2, 1, 2, 0, 1, 2, 2, 0, 1, 2, 1, 3, 0, 3, 2, 0, 0, 3, 1, 0, 0, 0, 2, 0, 3, 1, 1, 3, 1, 3, 3, 1, 1, 0, 0, 2, 3, 1, 0, 1, 3, 3, 3, 1, 0, 0, 3, 0, 3, 3, 3, 0, 1, 2, 2, 2, 1, 3, 3, 1, 3, 3, 1, 0, 0, 0, 2, 1, 1], "predicted_labels": [2, 2, 1, 0, 1, 1, 1, 0, 3, 1, 3, 1, 1, 1, 2, 0, 1, 0, 2, 0, 1, 2, 3, 1, 3, 0, 3, 1, 2, 0, 3, 3, 1, 0, 1, 2, 0, 0, 2, 2, 1, 1, 3, 1, 1, 1, 0, 3, 1, 3, 1, 3, 1, 0, 3, 1, 1, 3, 2, 0, 1, 0, 0, 0, 3, 1, 1, 1, 1, 1, 3, 2, 1, 2, 0, 1, 2, 2, 3, 1, 0, 3, 3, 2, 0, 1, 1, 1, 3, 1, 2, 1, 0, 0, 1, 0, 3, 1, 0, 3, 0, 1, 3, 1, 3, 1, 3, 1, 2, 3, 1, 0, 2, 3, 1, 0, 1, 1, 1, 3, 0, 3, 0, 0, 2, 1, 1, 1, 3, 3, 2, 3, 3, 3, 2, 0, 1, 0, 1, 1, 1, 2], "confidence_scores": [[0.08262919343798021, 0.016745992425313123, 0.82048984152922, 0.08013497260748666], [0.019921381549901706, 0.13358679548013208, 0.7853479040497171, 0.06114391892024909], [0.040317970898219826, 0.6138108042072334, 0.26555095948897195, 0.08032026540557467], [0.8302097753917141, 0.00948833719827448, 0.0956433475339491, 0.06465853987606247], [0.037022696957159054, 0.9426199206961323, 0.008828449985349552, 0.01152893236135897], [0.08526363852053988, 0.8616554060923142, 0.026001075294684556, 0.027079880092461477], [0.041635737264759956, 0.9033865718006393, 0.029784892423272456, 0.02519279851132816], [0.7181995443505784, 0.029681053687737845, 0.2411306327421458, 0.010988769219537908], [0.1942694966010045, 0.09904902365175094, 0.24807870255285155, 0.4586027771943931], [0.002131366945910676, 0.9400815978375091, 0.04457785418305989, 0.013209181033520511], [0.13418919242979108, 0.06977452563612184, 0.01455428771474768, 0.7814819942193393], [0.28748163013974337, 0.37436966345232137, 0.27420259877334574, 0.0639461076345896], [0.0033577790289293407, 0.4541083072081435, 0.37947162748728547, 0.16306228627564182], [5.959488910935898e-05, 0.5118252299025976, 0.4633435446388741, 0.02477163056941897], [0.0013161617731631756, 0.15275838365856967, 0.5403564464996677, 0.3055690080685993], [0.7064310652088983, 0.000994952743445907, 0.02733289948768791, 0.2652410825599679], [0.01675430254559289, 0.5733644870851892, 0.40823639263580713, 0.001644817733410918], [0.9223518978574328, 0.04290903650784601, 0.030273810305732222, 0.004465255328989021], [0.05458608299258899, 0.014606263954702298, 0.6721618276555531, 0.2586458253971556], [0.6449772285571718, 0.04948941341402046, 0.20118734490149034, 0.10434601312731745], [0.15247077672875936, 0.4288815596574116, 0.41265111288820866, 0.005996550725620424], [0.4536449296314603, 0.023325834117582094, 0.4906811037289262, 0.032348132522031295], [0.3728834523631284, 0.016532126749643817, 0.023032613410649036, 0.5875518074765788], [0.0143726498240232, 0.736880590516287, 0.17149555821346213, 0.07725120144622769], [0.0004841540104712563, 0.43168978159323496, 0.019956815490752594, 0.5478692489055412], [0.8763054422404775, 0.025233915644258278, 0.0907408477151618, 0.0077197944001025295], [0.009279926874092938, 0.37894920977618907, 0.0038358856612503017, 0.6079349776884677], [0.1995350572858987, 0.7995316164058652, 0.0001017226877912346, 0.0008316036204448103], [0.19282232662280085, 0.0397498267591585, 0.5559743220505738, 0.21145352456746674], [0.9823899413064433, 0.0035982077921773987, 0.0016374022741968283, 0.01237444862718243], [0.058498715051380275, 0.12208632781267817, 0.05517605140428971, 0.7642389057316519], [0.24845660130119265, 0.029870094165308853, 0.05249461979799316, 0.6691786847355053], [0.024610270264267535, 0.48670550887793007, 0.3498916127707513, 0.13879260808705104], [0.6910506208933644, 0.06540799060961357, 0.11748514602530008, 0.12605624247172198], [0.032265453956747535, 0.682937451100756, 0.024610600934086495, 0.26018649400840993], [0.01116050163189724, 0.004921083575083239, 0.9629965155514469, 0.020921899241572464], [0.9827945264281744, 0.0002721993260505507, 3.045189809403004e-05, 0.01690282234768113], [0.42367808606720553, 0.34718684499879954, 0.14217102841401197, 0.08696404051998304], [0.04006647031472907, 0.03972360112190986, 0.6616382871684893, 0.2585716413948719], [0.010822302293621446, 0.1140975541808383, 0.7514675558590943, 0.1236125876664459], [0.18146392298877004, 0.716193068717699, 0.004197579588312348, 0.09814542870521863], [0.0016694514972487133, 0.9436360432074714, 0.00030013057746218594, 0.0543943747178176], [0.0037343767617573098, 0.11164970074993917, 0.048475136638316374, 0.8361407858499871], [0.020462616940713524, 0.9553115253753441, 0.013225027328338565, 0.011000830355603546], [0.018686754749783135, 0.9764056335616147, 0.002044964664314739, 0.0028626470242876286], [0.14867036031521164, 0.7717521162998671, 0.07525316374756685, 0.004324359637354469], [0.5405947883942618, 0.31641815857016303, 0.0799210567390566, 0.06306599629651857], [0.017563864266938303, 0.012125392192087895, 0.21781270369285402, 0.7524980398481199], [0.1858143570250335, 0.38486443463884473, 0.07866163304549546, 0.3506595752906263], [0.206083365855602, 0.05078390174878511, 0.0006083068468760338, 0.742524425548737], [0.4271942578632684, 0.5509158852178386, 0.013032277679884052, 0.00885757923900901], [0.05650882389197658, 0.12041188125927689, 0.07020807774334839, 0.7528712171053982], [0.00764754292300389, 0.8881991906505142, 0.0658030277877014, 0.03835023863878059], [0.548725126632177, 0.04802690444287802, 0.10789146264858569, 0.2953565062763593], [0.015653564980503305, 0.3634364826510643, 0.21120821407518492, 0.40970173829324746], [0.0005750272923398942, 0.8568848622316796, 0.013364181884398847, 0.12917592859158167], [0.0009354866247787521, 0.8438857701543886, 0.14331102598592244, 0.011867717234910221], [0.07913585189201584, 0.07148111812498617, 0.010855057368311499, 0.8385279726146865], [0.262106689272009, 0.250393711980818, 0.43644454274453603, 0.05105505600263697], [0.5922324924020317, 0.21075333338874044, 0.00021233971720615823, 0.19680183449202165], [0.000710744498904059, 0.9948492578380607, 0.001890738909219655, 0.0025492587538156783], [0.7271701259436799, 0.1650253589366347, 0.08725287515099059, 0.02055163996869492], [0.4940399431011149, 0.08985819639276933, 0.37948254055352865, 0.0366193199525872], [0.5462217142225828, 0.14871383079427658, 0.09184366230456845, 0.21322079267857225], [0.08327978683926798, 0.0002999643290722282, 0.046196268246810314, 0.8702239805848495], [0.0015932887880776491, 0.9965919409922224, 0.0017108235533176612, 0.00010394666638214997], [0.00010298960645118086, 0.9061871258182119, 0.09357706271771579, 0.0001328218576212053], [0.004875935927407247, 0.9279479555614119, 0.05081948251292983, 0.016356625998251127], [0.009161960356369155, 0.9726914177296994, 0.008575246288638573, 0.009571375625293019], [0.0027810232871466347, 0.8845432419193655, 0.06790921688592037, 0.04476651790756752], [0.06973670374186412, 0.006678782325000031, 0.0282361482175195, 0.8953483657156165], [0.005692331081573129, 0.22462152385076337, 0.6878942223172994, 0.08179192275036419], [0.17668894574327568, 0.537037130865208, 0.021987348729770807, 0.26428657466174543], [0.1548780827661467, 0.3723428138849094, 0.4677663663206023, 0.005012737028341576], [0.46647604749503596, 0.2052174984503206, 0.013384150679138982, 0.3149223033755045], [0.012305076392515466, 0.9648785376851944, 0.016018497137035435, 0.006797888785254585], [0.39317417152445516, 0.009268101636187872, 0.5785561991449562, 0.019001527694400777], [0.3041714075445176, 0.2917680394126081, 0.3738532405602725, 0.03020731248260175], [0.2292431758398022, 0.27189559708463035, 0.10407309973612813, 0.39478812733943924], [0.12625955827194837, 0.8382714448465969, 0.01147146883688573, 0.023997528044568967], [0.9802871851992749, 0.0007722759678522513, 0.0015735907689387913, 0.01736694806393394], [0.14996646184641538, 0.014804035391671926, 0.004440167733730205, 0.8307893350281826], [0.012611806710020329, 0.191555830441265, 0.005736852171645755, 0.7900955106770688], [0.010458269497423177, 0.3539340516639475, 0.5024194373490767, 0.13318824148955266], [0.7694940988083903, 0.07549697458211958, 0.000679955023840726, 0.15432897158564937], [0.10825577191920445, 0.49087204590538897, 0.008136852695836026, 0.3927353294795705], [0.12471335895416961, 0.783487583131628, 0.07621244766615949, 0.015586610248042938], [0.0009497645392315887, 0.9460038299030294, 0.03913693753839233, 0.01390946801934655], [0.01271329462087049, 0.035337632367481726, 0.19093764120555937, 0.7610114318060884], [0.19638104173641385, 0.6555238218553425, 0.031035144789179205, 0.11705999161906443], [0.05180486227870146, 0.27119023375598267, 0.4970416220872426, 0.1799632818780733], [0.09996679990318111, 0.7611663914403283, 0.09006294314058083, 0.04880386551590982], [0.4650424881606648, 0.07862266969630963, 0.002590589579717752, 0.45374425256330764], [0.9532396830658734, 0.03719950903600563, 0.008409931535681339, 0.0011508763624395227], [0.01468442591016864, 0.7857580882359617, 0.03682327205645707, 0.1627342137974125], [0.6807084692722566, 0.06923912671658512, 0.16070053142778334, 0.08935187258337506], [0.09392311108804258, 0.04344332580132779, 0.1055401428767611, 0.7570934202338686], [0.014885866610428063, 0.5275350000571756, 0.004887626619294661, 0.45269150671310165], [0.7213381900341389, 0.2622103605041794, 0.003096506517316869, 0.013354942944364815], [0.01974325775361998, 0.013137739356324025, 0.00013714031124792251, 0.966981862578808], [0.9276706205210278, 0.05556888630510928, 0.0005122584658470809, 0.01624823470801581], [0.007046906712618493, 0.8987328949122648, 0.08968442383258106, 0.004535774542535675], [0.007435808827430425, 0.023163225715198556, 0.24605659099081234, 0.7233443744665587], [0.060266368857096214, 0.8062640620453073, 0.010777803386095524, 0.12269176571150095], [0.043826342330542875, 0.19155266395050322, 0.024133830481825547, 0.7404871632371283], [0.009215170292129555, 0.7720605159525964, 0.20930871435348558, 0.00941559940178833], [0.10360461747069263, 0.006783808146746874, 0.0010791882546401738, 0.8885323861279203], [0.08552939944441539, 0.6466414896994314, 0.02459206423253335, 0.24323704662362003], [0.00942864441112588, 0.09225949297832035, 0.6808590332490622, 0.21745282936149163], [0.04614357581299067, 0.04985468224232263, 0.0007624612793732318, 0.9032392806653136], [0.026167714514415883, 0.5275646097899898, 0.06313114082225228, 0.383136534873342], [0.41539831171171043, 0.01717243004855983, 0.2271555768781207, 0.34027368136160907], [0.02189189172767872, 0.011812806184479925, 0.9569545878969722, 0.009340714190869254], [0.04776584559213631, 0.05718288355844347, 0.03311215286759955, 0.8619391179818208], [0.0013650120137656617, 0.9485688388760923, 0.0007352033692650205, 0.049330945740877125], [0.519129330578475, 0.047059321517629885, 0.1058469420552523, 0.3279644058486428], [0.08254763713076116, 0.9081286106507259, 0.0086238532004586, 0.0006998990180542304], [0.010450178908243273, 0.9825478714632684, 0.0050119091838759615, 0.001990040444612453], [0.012590997366741819, 0.5303493143458161, 0.3164030126959703, 0.14065667559147182], [0.4619426796939121, 0.016701649269555155, 0.0004007290157553098, 0.5209549420207774], [0.7076041867221216, 0.2805545702357641, 0.00018501325334293472, 0.011656229788771509], [0.0977039004901359, 0.05902847308803461, 0.001041809372593342, 0.8422258170492362], [0.8842345659246987, 0.005078534716287287, 0.05787255249599234, 0.05281434686302171], [0.8671531450931961, 0.052969858327635205, 0.0005525938465728598, 0.07932440273259585], [0.0001685447745096419, 0.20769183933469457, 0.790896005946708, 0.001243609944087879], [0.02859403910910174, 0.8697918295477154, 0.07858813158653684, 0.023025999756646067], [0.0009799705974108807, 0.9868879633124255, 0.0005142105597556925, 0.011617855530407865], [0.011716590038003002, 0.6700035041861369, 0.31394291532370244, 0.004336990452157653], [0.08619126182363916, 0.09992581262260804, 0.051436043438158684, 0.7624468821155942], [0.027660249544073288, 0.13092519655635465, 0.000381355790611033, 0.841033198108961], [0.07646726231086927, 0.03501257996652416, 0.6582987229083489, 0.23022143481425758], [0.024117061477733813, 0.039609600633203755, 0.0014403168726115603, 0.9348330210164509], [0.07925586101601083, 0.009613905845260892, 0.07138680490720004, 0.8397434282315283], [0.2962906600932435, 0.015509955070403671, 0.0009822331361625015, 0.6872171517001903], [0.34122309597945644, 0.06911840002140403, 0.5005138359450315, 0.08914466805410795], [0.5820228077191123, 0.0005797765772829042, 0.0003271460845370453, 0.4170702696190677], [0.30800966349752246, 0.47506012571071, 0.006011003092531073, 0.21091920769923642], [0.48746113121531875, 0.19460933576990175, 0.02017162529334218, 0.29775790772143723], [0.24789836720414626, 0.5582577701706689, 0.004166026549019708, 0.1896778360761652], [0.012899115335821868, 0.9715222378289413, 0.010289289229279398, 0.00528935760595752], [0.003349162426966147, 0.43450222288287227, 0.14519675093378684, 0.4169518637563748], [0.017719617091452058, 0.31849899406860543, 0.6595397868485011, 0.004241601991441202]]}}