{"test": {"ids": ["105116860", "107117010", "105115720", "111115780", "109119591", "108115880", "112120990", "113120531", "107115250", "111119610", "107116980", "99109311", "112116990", "107120880", "107121640", "110118880", "109114270", "109113931", "99107300", "113120780", "107114321", "103110050", "106117790", "111120260", "113120540", "109113881", "111116530", "98120530", "108115970", "108114360", "112118471", "98112300", "104118070", "99116500", "107116501", "99109780", "106113360", "108119550", "97108520", "102110500", "113122170", "110116441", "98120010", "98112170", "104116441", "102109010", "98107010", "113120280", "112119500", "101110740", "99109860", "101119030", "108113620", "111119340", "105110251", "110120700", "100111390", "102113210", "108115570", "103113210", "100120010", "105113480", "112119120", "112118620", "104111550", "112118511", "113118810", "105112130", "106113260", "100110050", "108120060", "100111080", "110121500", "105116090", "113121680", "109116750", "111120280", "105110091", "103117200", "113119320", "113121190", "107113260", "105118740", "110120531", "100108490", "102116340", "101108080", "99107500", "105114220", "112120670", "113117340", "108115070", "97109080", "98106680", "111115400", "108121410", "113119930", "107114490", "101109120", "99111340", "105113190", "109121410", "103113101", "110120190", "108114040", "111116990", "97105580", "102110050", "112117471", "99108010", "105115380", "108116070", "109118231", "111116110", "113120070", "113119340", "101121640", "99108460", "104111830", "107113170", "112116880", "109114651", "105115570", "109119010", "106114280", "113121410", "98106880", "105112100", "112120700", "109114720", "101108500", "98108580", "102112030", "111117480", "112120270", "100108580", "112119930", "99108710", "102110240", "97112300", "98107340", "111117200"], "labels": [2, 1, 1, 1, 0, 3, 2, 0, 2, 2, 3, 1, 0, 1, 1, 0, 3, 1, 3, 0, 0, 3, 1, 3, 3, 0, 3, 1, 2, 1, 1, 2, 2, 2, 1, 2, 0, 1, 2, 3, 1, 3, 2, 3, 1, 1, 3, 0, 2, 3, 2, 3, 3, 3, 0, 2, 2, 3, 3, 3, 0, 0, 1, 3, 1, 1, 3, 1, 3, 3, 1, 0, 3, 1, 1, 0, 0, 0, 0, 1, 1, 0, 1, 0, 2, 3, 0, 0, 3, 2, 2, 1, 2, 1, 0, 0, 1, 3, 1, 1, 3, 0, 3, 3, 0, 0, 1, 3, 3, 2, 1, 1, 1, 3, 2, 0, 2, 0, 3, 0, 0, 3, 0, 3, 3, 0, 0, 1, 2, 0, 3, 0, 2, 1, 0, 0, 1, 2, 3, 2, 0, 0], "predicted_labels": [1, 1, 1, 1, 1, 3, 1, 3, 1, 3, 1, 1, 3, 3, 1, 0, 3, 1, 0, 3, 1, 1, 3, 0, 1, 0, 1, 3, 1, 3, 1, 0, 3, 1, 1, 1, 3, 1, 1, 0, 3, 3, 1, 3, 3, 1, 2, 0, 1, 3, 1, 3, 1, 3, 0, 3, 3, 1, 1, 3, 3, 3, 3, 3, 3, 3, 1, 3, 1, 1, 1, 1, 0, 3, 1, 1, 3, 0, 1, 1, 3, 1, 1, 1, 1, 3, 0, 1, 3, 1, 3, 1, 3, 1, 1, 1, 1, 3, 3, 1, 3, 1, 1, 3, 3, 3, 1, 3, 1, 1, 1, 3, 1, 3, 1, 0, 3, 3, 1, 3, 1, 1, 1, 3, 1, 3, 1, 3, 1, 3, 3, 3, 1, 1, 3, 3, 3, 1, 1, 3, 1, 0], "confidence_scores": [[0.23987881482458887, 0.31622105428106395, 0.21799413034607715, 0.2259060005482701], [0.21319358644304334, 0.3181974626499828, 0.18850745599239666, 0.2801014949145769], [0.2111497099202772, 0.31328519118273573, 0.22059533699840694, 0.2549697618985801], [0.20215552668054976, 0.2980008554714826, 0.21747912466254596, 0.28236449318542184], [0.1798889413818407, 0.32081627282380903, 0.2691395887306022, 0.23015519706374804], [0.3134876579446116, 0.27470408685051684, 0.05734551413389349, 0.3544627410709777], [0.14950844535480423, 0.3262484941185899, 0.2884010059416015, 0.23584205458500423], [0.25747411723433716, 0.2891879923807826, 0.13338624332309326, 0.3199516470617871], [0.20752059704503906, 0.3128257778094247, 0.1812783583842153, 0.29837526676132103], [0.23689067389781246, 0.2690537248862835, 0.1851855947305713, 0.30887000648533275], [0.294659880240534, 0.3322411631433105, 0.04463822202721845, 0.3284607345889375], [0.26233229444115175, 0.301172965314183, 0.17623503319786127, 0.2602597070468041], [0.18914143711156645, 0.28011492641354335, 0.22662576274318644, 0.30411787373170357], [0.1292359857097904, 0.3295488701478597, 0.20983699170686815, 0.3313781524354817], [0.18628636296106854, 0.3059668787919479, 0.2340033141142714, 0.2737434441327122], [0.3155639067483013, 0.2875250329483393, 0.060832363970795694, 0.3360786963325638], [0.29115498244094995, 0.29030060531327184, 0.06686324214005045, 0.3516811701057276], [0.21812077396887222, 0.28817939464497144, 0.2392491493559281, 0.2544506820302285], [0.3472582806538778, 0.25723632000435026, 0.06364124020644667, 0.3318641591353251], [0.25687553009538666, 0.3138393009965054, 0.08686191450364915, 0.34242325440445875], [0.29845730749832466, 0.3073327162165774, 0.06517906734369318, 0.32903090894140463], [0.21540003413284708, 0.3056770630554439, 0.20007906352902832, 0.2788438392826808], [0.22220249271422504, 0.2870172754292291, 0.20737658722789498, 0.2834036446286511], [0.28758565940477054, 0.27526767140657354, 0.14779061163742918, 0.2893560575512265], [0.25550104378070276, 0.3050244881695808, 0.20162766200328855, 0.23784680604642758], [0.3534916644536005, 0.2502151218189353, 0.11226554653062937, 0.2840276671968348], [0.22836781048175522, 0.338152042824028, 0.099901555101098, 0.33357859159311903], [0.2114245562017881, 0.26975268142548486, 0.24654525516052644, 0.2722775072122007], [0.21487177069514443, 0.2983264846955614, 0.19908042306328408, 0.2877213215460098], [0.16799307676769926, 0.2926887623948583, 0.27782588582403644, 0.26149227501340616], [0.20399629300794922, 0.29249527484404253, 0.2897868772597468, 0.21372155488826156], [0.3368965828347458, 0.22623679201901561, 0.15918673267479594, 0.27767989247144265], [0.1292343499439908, 0.29905252430732643, 0.2585862389339164, 0.3131268868147664], [0.13112789807421915, 0.31721946166268356, 0.3310691343262246, 0.22058350593687245], [0.23565501350850226, 0.31228273703661635, 0.12790776061814663, 0.32415448883673453], [0.2201412124155049, 0.2821926926369563, 0.29779679630145584, 0.1998692986460828], [0.24322337002454103, 0.30043627512750165, 0.1302321205160809, 0.3261082343318763], [0.16494484920265215, 0.3043913404063133, 0.29398269617486833, 0.23668111421616625], [0.23232308513633868, 0.31849892654051576, 0.19684199821458995, 0.25233599010855584], [0.34399132954774053, 0.2242142984715538, 0.14414543817085798, 0.2876489338098476], [0.132289857097292, 0.3051266587601101, 0.31354584930109547, 0.24903763484150213], [0.173730297582354, 0.3045497349681865, 0.22022473611848925, 0.3014952313309705], [0.1227707356263974, 0.31544668742796156, 0.3449484186980216, 0.21683415824761942], [0.35638237379924037, 0.21379080530953493, 0.09166891847154097, 0.3381579024196837], [0.21691918586838446, 0.33211937391598423, 0.10927650620381205, 0.34168493401181926], [0.23343006613836478, 0.28295612608659604, 0.26130802494833094, 0.2223057828267084], [0.1547156738728824, 0.29251258831254084, 0.3869152775157008, 0.16585646029887588], [0.36804842832909856, 0.23176566447974892, 0.04923699600244222, 0.3509489111887101], [0.14609100364540353, 0.3285960940814229, 0.32449686642087144, 0.2008160358523021], [0.19691013322392564, 0.2830708788873752, 0.26916345508381406, 0.2508555328048852], [0.19267681854722424, 0.3245017847566906, 0.23556300643096464, 0.24725839026512017], [0.22833086262466992, 0.28167257641077637, 0.20926530358345508, 0.2807312573810986], [0.3159405445711793, 0.29874579327841155, 0.05398149439268405, 0.3313321677577251], [0.17966280990089728, 0.302058494163272, 0.2262590261360222, 0.29201966979980837], [0.32641144521462434, 0.2774603325902339, 0.08070844160560887, 0.3154197805895327], [0.25942673549636286, 0.2963169502856022, 0.09173311820239861, 0.3525231960156363], [0.23519900077053618, 0.2657458607971517, 0.24817347445352103, 0.25088166397879114], [0.23709817735372676, 0.31087059809178275, 0.14493339556383042, 0.30709782899065985], [0.14416130582946593, 0.3257257070328027, 0.24949632988892834, 0.28061665724880314], [0.19557936440379747, 0.2794826890765713, 0.2326452599359638, 0.2922926865836676], [0.1863030648984406, 0.28763677905901913, 0.25300926705611637, 0.27305088898642393], [0.1726733382853293, 0.29863324108191863, 0.264532935004253, 0.2641604856284989], [0.2171558779444645, 0.28778616566170795, 0.1989842885993638, 0.2960736677944637], [0.25279958929352264, 0.28880050493994386, 0.14041600928148001, 0.31798389648505326], [0.13304548972162913, 0.3058785205394345, 0.30456269421974325, 0.2565132955191934], [0.20760513295248453, 0.30644732813475883, 0.17905723634300527, 0.30689030256975125], [0.25456858646610797, 0.3086383742214217, 0.13191069869555277, 0.30488234061691744], [0.14015229620419054, 0.32236705417837647, 0.24773339096036215, 0.289747258657071], [0.1710086823958096, 0.31423444787906024, 0.25754278651558166, 0.2572140832095483], [0.1420981879294781, 0.32316735386717355, 0.28144033277128866, 0.2532941254320598], [0.2860014859388615, 0.28113423847593955, 0.1386879464010458, 0.29417632918415315], [0.22171363735879088, 0.29948392562370557, 0.24864617518677073, 0.23015626183073287], [0.32138052568088593, 0.27533990805677044, 0.12118689945257469, 0.2820926668097688], [0.2855550651525943, 0.3012375912047066, 0.06766834231724679, 0.3455390013254523], [0.20414804521930938, 0.2862217844238316, 0.2670131887576888, 0.24261698159916995], [0.26598360939867616, 0.2863007721808734, 0.20612623536066632, 0.24158938305978414], [0.2474399070356319, 0.29203049592682523, 0.1479297028901857, 0.3125998941473574], [0.32075891444476423, 0.27270025623727195, 0.08237752552144333, 0.3241633037965205], [0.23514250830735717, 0.3524031721597517, 0.13543621696431032, 0.2770181025685805], [0.2398571609200389, 0.3354059621301835, 0.08075338557401253, 0.343983491375765], [0.23104045048538915, 0.28279002349892884, 0.1581661674358028, 0.3280033585798791], [0.20601835673219943, 0.2924461041246138, 0.2340501200304089, 0.26748541911277784], [0.15027784195852925, 0.3081869560118815, 0.31952624347074643, 0.22200895855884276], [0.3023920166901513, 0.2894652724263981, 0.08175587451079543, 0.3263868363726553], [0.2009125869841939, 0.28759700861875687, 0.2986088752114906, 0.2128815291855579], [0.19808724555952403, 0.295899974871657, 0.20480604091788185, 0.30120673865093683], [0.3334878351468754, 0.25920875806424, 0.0972865415282368, 0.3100168652606476], [0.2234200001447312, 0.32292594536923525, 0.13743918556713705, 0.31621486891889633], [0.27570487773488567, 0.25476492726477373, 0.16758068542172222, 0.30194950957861844], [0.16540666611819946, 0.31457456280088125, 0.2214241329940748, 0.29859463808684455], [0.26126335967080244, 0.30796842978552547, 0.08875068233596128, 0.3420175282077105], [0.19518812032046068, 0.3275440195159355, 0.21347889714037624, 0.2637889630232274], [0.16983868056958099, 0.2997369568935513, 0.2709609114051175, 0.25946345113175], [0.18004494799965717, 0.3063207352077525, 0.3193030367971956, 0.19433127999539473], [0.1844960583097242, 0.30363586250810176, 0.24485785897543433, 0.2670102202067396], [0.2378108761108567, 0.33994846551390673, 0.08794366585838313, 0.3342969925168533], [0.22064668112466798, 0.3294983515773305, 0.14733722215194225, 0.3025177451460594], [0.2330245983479103, 0.30950248272253483, 0.1231007992342152, 0.33437211969533964], [0.2570042312340864, 0.2665468957576288, 0.1834427125212362, 0.2930061604870489], [0.139214421455643, 0.31632526131998107, 0.32626382896303935, 0.21819648826133678], [0.3308333752019969, 0.24739570940746639, 0.07942795271044395, 0.3423429626800928], [0.16994391113836696, 0.34207242073988037, 0.16473842782339163, 0.32324524029836127], [0.21254281511717582, 0.2902014592503097, 0.2502210067630098, 0.24703471886950473], [0.13956254938296547, 0.3157974163849417, 0.24858036145429646, 0.29605967277779643], [0.122840444509189, 0.31744175422320714, 0.30764898103721205, 0.2520688202303918], [0.30989666550345835, 0.26531020383774623, 0.09903198894243112, 0.3257611417163644], [0.1360704495361597, 0.337117937680381, 0.28988971929673735, 0.23692189348672169], [0.17127927763615663, 0.28545974198223617, 0.2861351540322161, 0.25712582634939085], [0.2547648528260926, 0.29776744020216006, 0.14989659453877913, 0.2975711124329681], [0.26007452861075686, 0.3071177040833409, 0.19581272625270682, 0.23699504105319585], [0.11498977626647931, 0.3340655110378913, 0.31278923852892815, 0.2381554741667009], [0.21188016592300285, 0.2885565472237833, 0.20442474647855702, 0.2951385403746572], [0.20645446100694634, 0.32559210590123155, 0.21664414079951186, 0.2513092922923103], [0.2659116324484078, 0.2680378043477789, 0.1436058760278389, 0.3224446871759744], [0.1885440169389292, 0.3326661902615798, 0.17479584483933167, 0.3039939479601594], [0.32910854875397016, 0.26844336064691177, 0.0774937339166937, 0.3249543566824243], [0.21341202382154384, 0.27921053950630154, 0.2101880522261735, 0.2971893844459811], [0.2467841022025199, 0.28502642673091466, 0.15140709715344544, 0.31678237391311986], [0.1401560423082252, 0.3599450688732612, 0.14896175180040322, 0.3509371370181107], [0.26552018078542544, 0.2718902632399744, 0.1341682142428794, 0.3284213417317205], [0.14874940366102593, 0.32797059774022214, 0.25655888159299683, 0.2667211170057549], [0.23916260828857852, 0.32328542383435593, 0.10897231415231846, 0.328579653724747], [0.11027618965924416, 0.32605201027684844, 0.3508635103062602, 0.21280828975764718], [0.12781177498760604, 0.30093929587215484, 0.290304382939502, 0.28094454620073694], [0.25371011925157283, 0.29925543518376946, 0.17490989750430921, 0.2721245480603485], [0.30102573285087614, 0.28221746036633455, 0.06652667493268678, 0.35023013185010266], [0.22079925098485165, 0.30034943289388766, 0.26949158889591446, 0.20935972722534602], [0.30223232215498835, 0.24517708361842208, 0.13591344215467638, 0.3166771520719132], [0.2445838343264002, 0.3352539393304365, 0.07742499562674796, 0.3427372307164152], [0.12078250630724714, 0.31503928440623424, 0.2770139162233981, 0.2871642930631204], [0.12975935627549234, 0.29909252038607675, 0.3436076461862949, 0.22754047715213624], [0.21601119856133863, 0.2781507688928701, 0.23967488463607112, 0.26616314790972034], [0.13007727762765092, 0.31667163200813964, 0.34042361299747276, 0.21282747736673654], [0.22738004953694987, 0.32009812882362615, 0.1451981253648545, 0.3073236962745694], [0.31077721910241224, 0.2627767907389942, 0.0885548775671937, 0.3378911125914], [0.278131630179711, 0.2543211829613458, 0.17380310924412995, 0.2937440776148131], [0.18177439745882298, 0.28844808729989146, 0.25585092948453064, 0.273926585756755], [0.18419598633787865, 0.3414992802600664, 0.2292573772529213, 0.24504735614913356], [0.25457118878340856, 0.2792592010247906, 0.2001406954678408, 0.26602891472396023], [0.2479960121810264, 0.2609202463212648, 0.23093412937738933, 0.2601496121203194], [0.21289132309434575, 0.29095016348796227, 0.22899181306151323, 0.2671667003561788], [0.34858448302765954, 0.26714771184520836, 0.05466014270016632, 0.3296076624269659]]}, "rewritten": {"ids": ["97105580", "97108520", "97109080", "97112300", "98106680", "98106880", "98107010", "98107340", "98108580", "98112170", "98112300", "98120010", "98120530", "99107300", "99107500", "99108010", "99108460", "99108710", "99109311", "99109780", "99109860", "99111340", "99116500", "100108490", "100108580", "100110050", "100111080", "100111390", "100120010", "101108080", "101108500", "101109120", "101110740", "101119030", "101121640", "102109010", "102110050", "102110240", "102110500", "102112030", "102113210", "102116340", "103110050", "103113101", "103113210", "103117200", "104111550", "104111830", "104116441", "104118070", "105110091", "105110251", "105112100", "105112130", "105113190", "105113480", "105114220", "105115380", "105115570", "105115720", "105116090", "105116860", "105118740", "106113260", "106113360", "106114280", "106117790", "107113170", "107113260", "107114321", "107114490", "107115250", "107116501", "107116980", "107117010", "107120880", "107121640", "108113620", "108114040", "108114360", "108115070", "108115570", "108115880", "108115970", "108116070", "108119550", "108120060", "108121410", "109113881", "109113931", "109114270", "109114651", "109114720", "109116750", "109118231", "109119010", "109119591", "109121410", "110116441", "110118880", "110120190", "110120531", "110120700", "110121500", "111115400", "111115780", "111116110", "111116530", "111116990", "111117200", "111117480", "111119340", "111119610", "111120260", "111120280", "112116880", "112116990", "112117471", "112118471", "112118511", "112118620", "112119120", "112119500", "112119930", "112120270", "112120670", "112120700", "112120990", "113117340", "113118810", "113119320", "113119340", "113119930", "113120070", "113120280", "113120531", "113120540", "113120780", "113121190", "113121410", "113121680", "113122170"], "labels": [1, 2, 2, 2, 1, 0, 3, 0, 0, 3, 2, 2, 1, 3, 0, 2, 0, 2, 1, 2, 2, 1, 2, 2, 0, 3, 0, 2, 0, 0, 3, 1, 3, 3, 2, 1, 3, 3, 3, 2, 3, 3, 3, 3, 3, 0, 1, 3, 1, 2, 0, 0, 1, 1, 3, 0, 3, 1, 0, 1, 1, 2, 1, 3, 0, 3, 1, 0, 0, 0, 3, 2, 1, 3, 1, 1, 1, 3, 0, 1, 1, 3, 3, 2, 1, 1, 1, 0, 0, 1, 3, 3, 0, 0, 1, 3, 0, 0, 3, 0, 3, 0, 2, 3, 0, 1, 3, 3, 0, 0, 1, 3, 2, 3, 0, 0, 0, 3, 1, 1, 3, 1, 2, 1, 0, 2, 2, 2, 2, 3, 1, 0, 1, 2, 0, 0, 3, 0, 1, 0, 1, 1], "predicted_labels": [1, 1, 1, 0, 1, 0, 2, 1, 0, 3, 0, 2, 1, 0, 1, 1, 1, 1, 1, 1, 1, 1, 1, 1, 3, 2, 1, 1, 1, 0, 2, 0, 1, 0, 3, 1, 3, 0, 0, 2, 0, 1, 1, 3, 3, 1, 2, 1, 1, 3, 0, 0, 0, 1, 3, 1, 0, 2, 1, 3, 3, 1, 0, 1, 3, 0, 1, 3, 1, 0, 3, 1, 3, 0, 1, 1, 2, 1, 2, 1, 1, 1, 0, 3, 3, 3, 1, 1, 0, 1, 1, 3, 2, 1, 1, 2, 3, 3, 3, 3, 3, 0, 3, 1, 1, 1, 3, 1, 0, 0, 1, 1, 3, 1, 3, 1, 3, 1, 1, 0, 1, 0, 2, 2, 3, 1, 3, 1, 1, 1, 1, 0, 1, 1, 0, 3, 0, 3, 2, 3, 1, 2], "confidence_scores": [[0.18408197582323987, 0.3104897672235137, 0.2400379130508878, 0.26539034390235877], [0.218105390176029, 0.3097599035643277, 0.23904123965590043, 0.23309346660374283], [0.1904756014744696, 0.2890072071631657, 0.3312097594556608, 0.18930743190670377], [0.3157776195588948, 0.22911940964556385, 0.16992959133799693, 0.2851733794575446], [0.1672031928569253, 0.296923642147611, 0.3152994975226424, 0.22057366747282114], [0.31713673642170914, 0.26215333013154035, 0.14472569904513205, 0.27598423440161846], [0.17405394429744975, 0.2790858032778314, 0.3793516389645105, 0.16750861346020823], [0.22320336326551804, 0.30037817855735843, 0.2648759736549322, 0.21154248452219138], [0.2992873452165179, 0.24770639243431586, 0.16843291557566872, 0.2845733467734975], [0.31299072214679496, 0.2356963295971751, 0.13920267041729675, 0.3121102778387335], [0.355177499522811, 0.229558064368394, 0.15542905042720276, 0.2598353856815922], [0.1347439340894535, 0.30349830124093663, 0.35328262655137693, 0.20847513811823284], [0.19987752268171746, 0.28558573666783654, 0.2910320738030997, 0.2235046668473465], [0.3459543186895956, 0.23817279177988726, 0.10774587297715345, 0.3081270165533635], [0.2029250396258886, 0.30388666377335977, 0.21572359985033435, 0.2774646967504174], [0.22474426568876002, 0.32289128134733763, 0.21473770578938406, 0.23762674717451848], [0.21743019774080294, 0.2990537341955596, 0.17828452835880065, 0.30523153970483663], [0.19960595122817873, 0.30252808028843176, 0.2804346539986424, 0.2174313144847474], [0.2592497419006998, 0.2796154162215577, 0.19242161906987357, 0.26871322280786847], [0.21894706727281377, 0.27524062386939246, 0.27533215659507476, 0.23048015226271906], [0.16484308269764783, 0.3139399538371185, 0.31518958491088417, 0.20602737855434977], [0.16440809157847744, 0.29495030903632863, 0.32325391607344467, 0.21738768331174932], [0.13172626162294648, 0.3092239396997266, 0.3511336917307856, 0.20791610694654133], [0.23116303600615415, 0.2813545830125325, 0.3049166981449971, 0.1825656828363161], [0.2564112813412069, 0.25320626504865834, 0.194433897271575, 0.29594855633855977], [0.1455350411097549, 0.29229611441345965, 0.35627102045151143, 0.20589782402527432], [0.2625051748623889, 0.27771244877722306, 0.19595523432401896, 0.263827142036369], [0.23051235758190383, 0.28034653962082096, 0.2521935549987217, 0.23694754779855345], [0.1737445692539126, 0.29513082098480814, 0.34541001694160756, 0.18571459281967156], [0.34059846714733066, 0.2584525702985281, 0.10231335571059476, 0.29863560684354623], [0.18211000527695903, 0.2752833523189277, 0.3694942936686292, 0.1731123487354841], [0.2759131895119764, 0.25479664805464414, 0.20541122088237737, 0.263878941551002], [0.23810719528344648, 0.2829329920165805, 0.2489929647961045, 0.22996684790386854], [0.29602922602052234, 0.25817799723452095, 0.1630636165872726, 0.28272916015768434], [0.2402452413016009, 0.279395947806771, 0.19644672647892056, 0.2839120844127073], [0.25147849067704536, 0.27993280034648593, 0.23344677404920247, 0.23514193492726623], [0.19811557338872085, 0.27506098123584455, 0.2651043310058523, 0.2617191143695827], [0.2848906379096994, 0.269265192932133, 0.21131991451176138, 0.2345242546464064], [0.3186616868476665, 0.22354171207408916, 0.16700910643399117, 0.29078749464425313], [0.1433762064927524, 0.2955687270712089, 0.3696345637303071, 0.19142050270573135], [0.2820264718237309, 0.260378802561842, 0.18996051311908005, 0.26763421249534697], [0.17938227051870545, 0.29950500900201243, 0.2719085237694925, 0.2492041967097895], [0.2622205815748576, 0.28491389809966744, 0.2337657112691218, 0.21909980905635318], [0.20984288281719823, 0.2726563069712219, 0.3032403181743863, 0.21426049203719388], [0.19310229714805666, 0.26566335489737075, 0.2720157485919982, 0.26921859936257453], [0.14010652535581242, 0.33462261176577507, 0.32929683338545845, 0.1959740294929543], [0.19995223267629408, 0.265810801183785, 0.35927326439200297, 0.17496370174791767], [0.2150432791693961, 0.28855308757081477, 0.21964214304529817, 0.27676149021449103], [0.23393810648235244, 0.29416765505083015, 0.20246560484408502, 0.2694286336227323], [0.24414988874668106, 0.2572563880324731, 0.23158981310732574, 0.2670039101135198], [0.24639746838315313, 0.25031909289047233, 0.276127667352726, 0.22715577137364856], [0.34670850620477656, 0.25165739624187344, 0.12111801884570621, 0.2805160787076439], [0.33330056396068936, 0.22981494465765248, 0.15426940602690167, 0.28261508535475643], [0.17416144961952856, 0.30116003185733436, 0.3291829871451132, 0.1954955313780238], [0.2824430931495514, 0.26869416699386656, 0.13696239833952337, 0.31190034151705853], [0.21452163483499254, 0.28236043828189167, 0.26240262422016514, 0.24071530266295016], [0.2975094276945049, 0.25757085340328234, 0.16557042682274895, 0.2793492920794638], [0.16446661758210784, 0.2939691054926355, 0.35917525037155684, 0.1823890265536998], [0.1590157995321894, 0.2975127861023927, 0.3241795094086243, 0.2192919049567936], [0.21094993054372213, 0.283008597327919, 0.2436426007298144, 0.2623988713985447], [0.2784956286728781, 0.2832779933232616, 0.13320340993415836, 0.30502296806970214], [0.25968235305537973, 0.3189161264228015, 0.20517241201659653, 0.21622910850522242], [0.26407061592818937, 0.2673468562084033, 0.2498494380733444, 0.2187330897900628], [0.14170805229819128, 0.3165153552180319, 0.35474459178966844, 0.1870320006941084], [0.24778238441832792, 0.28461128247810363, 0.17285408837372634, 0.2947522447298422], [0.2851924080314406, 0.24646859462826942, 0.19871303012548733, 0.2696259672148024], [0.2521140763043584, 0.2798295488953356, 0.1832074030544615, 0.2848489717458446], [0.2144275994168883, 0.25299214799464365, 0.3028854182646819, 0.22969483432378623], [0.18138534273235984, 0.28243762033831055, 0.32260661318497147, 0.21357042374435836], [0.3667783857821918, 0.2444326591243637, 0.08593178348450096, 0.30285717160894354], [0.2555127135702179, 0.28274284329423105, 0.14535914017113002, 0.31638530296442097], [0.23472858518780765, 0.28799668396481337, 0.20677481866547057, 0.2704999121819086], [0.2685659847668052, 0.2640271199033275, 0.13470223813221857, 0.3327046571976486], [0.3404865571010577, 0.2848139541784208, 0.05666803702213948, 0.318031451698382], [0.24570816812833204, 0.30345342654013413, 0.21351788208965408, 0.23732052324187985], [0.17786515819626308, 0.3040577065936239, 0.30679131682960303, 0.21128581838050975], [0.12871500010283415, 0.30934529893093704, 0.3786803766877364, 0.1832593242784925], [0.30680279434152574, 0.28945659196800966, 0.09026556199620364, 0.3134750516942608], [0.13116911431594325, 0.3080306951823186, 0.39356993766457693, 0.16723025283716095], [0.2024994449375993, 0.2787060082995541, 0.30488923529210393, 0.21390531147074282], [0.20806508079496225, 0.31623194421773937, 0.23240135854854638, 0.2433016164387519], [0.17300504109013667, 0.30301129085818546, 0.2925996772793815, 0.23138399077229638], [0.30220418101006047, 0.26119219253360887, 0.15584239402697547, 0.2807612324293549], [0.23710488138161806, 0.2649460078934111, 0.22336123106463737, 0.27458787966033327], [0.2517915478912302, 0.2616377626205764, 0.22837596429204227, 0.25819472519615094], [0.2039643296987036, 0.27072759493595355, 0.30082035729152334, 0.2244877180738193], [0.2146331027545218, 0.28882222862024004, 0.2500002897597237, 0.24654437886551422], [0.26095898746928103, 0.30542747406862253, 0.11721378121046679, 0.3163997572516297], [0.3345071275369665, 0.2714546667870473, 0.13314831608397096, 0.2608898895920157], [0.24392819194510662, 0.28138615500411945, 0.26222895900844057, 0.21245669404233372], [0.2643028611694236, 0.2711298322858686, 0.20156999307954662, 0.26299731346516114], [0.2895909256592095, 0.2573059414429964, 0.16167758011781302, 0.2914255527799811], [0.1447667846541565, 0.27924479236200644, 0.3908885543979482, 0.185099868585889], [0.2570228890271454, 0.27925743659849317, 0.24077659677865298, 0.22294307759570864], [0.2762990253369989, 0.28293298552786694, 0.19673262681955914, 0.24403536231557524], [0.12774584832930128, 0.29528400640332936, 0.37664745098244307, 0.2003226942849262], [0.24638248522086859, 0.2603559170303015, 0.23143735625732573, 0.26182424149150424], [0.2547585125343307, 0.26862665680133135, 0.2073219702637723, 0.2692928604005656], [0.20713307381861434, 0.2751608549962751, 0.2893789503400502, 0.22832712084506027], [0.3059019394704444, 0.28840279888905945, 0.06465782223962271, 0.34103743940087305], [0.19029183659487015, 0.25749538817553186, 0.3140804258762595, 0.23813234935333857], [0.29492010482503767, 0.26882471196935553, 0.14944500934855243, 0.28681017385705454], [0.23045779472417344, 0.26716992891931407, 0.20965538457813768, 0.29271689177837484], [0.21330779561369417, 0.3054816133298724, 0.2061697370927785, 0.2750408539636549], [0.22892056414072137, 0.2828009537057383, 0.2386677685559523, 0.2496107135975882], [0.17685820857863654, 0.2950576094085591, 0.31197002398504814, 0.2161141580277561], [0.25129744070307225, 0.2810765721113967, 0.1730988802578304, 0.29452710692770095], [0.2588906880437741, 0.27739372104249127, 0.24297409449114513, 0.2207414964225894], [0.32756145434909406, 0.23609103413221613, 0.131236025385667, 0.30511148613302275], [0.36963713771294987, 0.24397299737115508, 0.11724323485468799, 0.2691466300612075], [0.1544095596621325, 0.31015781469310977, 0.3563625679696048, 0.1790700576751532], [0.18570896405535925, 0.2883228895886001, 0.3329319234610459, 0.1930362228949949], [0.2172483339880045, 0.27918294613240574, 0.2635680808573684, 0.2400006390222209], [0.23066105935256193, 0.2772696569840971, 0.2541958846292183, 0.23787339903412277], [0.280470852714032, 0.26242224660036323, 0.1780092164582843, 0.2790976842273206], [0.18954034717113297, 0.29200637910618155, 0.26869256998915786, 0.24976070373352768], [0.3112409772988074, 0.2357811973983319, 0.14979340186602744, 0.30318442343683333], [0.27138290612081556, 0.2769688700931718, 0.18028478661094072, 0.271363437175072], [0.195989939423976, 0.2843851251784916, 0.3055982125384388, 0.2140267228590937], [0.27266564837932233, 0.26582516107061177, 0.20157141114856122, 0.2599377794015046], [0.21055629917376673, 0.3005354432891372, 0.23025084332390025, 0.258657414213196], [0.2936093258058358, 0.2594300025460934, 0.17381336164760927, 0.2731473100004616], [0.18748480332829434, 0.28449678600698786, 0.35792867365268033, 0.1700897370120374], [0.14419280417909056, 0.30275285853022005, 0.3609100526835032, 0.19214428460718672], [0.2341913635127667, 0.27544538005437946, 0.25306939119311905, 0.2372938652397349], [0.2098242241659819, 0.287055464228155, 0.2817152984910717, 0.22140501311479133], [0.23409893907990348, 0.2804417658736822, 0.20712050316122574, 0.2783387918851886], [0.215080139089917, 0.2804369312553686, 0.2935241308645402, 0.21095879879017393], [0.18913570568125362, 0.2971966701204183, 0.2520764509609273, 0.2615911732374013], [0.23799376710221556, 0.2965218964605284, 0.25829214910831744, 0.2071921873289386], [0.15288008583189133, 0.2986393335756419, 0.3325019130863138, 0.2159786675061533], [0.33360341567003043, 0.2557514663790777, 0.09839673230130393, 0.3122483856495878], [0.24875388711450147, 0.30435505476673763, 0.16888486414150683, 0.2780061939772539], [0.21012107009710498, 0.2820380874237384, 0.25171426400400637, 0.2561265784751502], [0.34748137517540134, 0.20669593539745265, 0.14394314087419685, 0.30187954855294924], [0.2774517327244684, 0.25858148769506034, 0.17392440538716247, 0.29004237419330886], [0.3183419981949463, 0.2625010995015942, 0.15778724470609157, 0.2613696575973681], [0.16842915526930166, 0.29011584962698356, 0.28741984412324445, 0.2540351509804704], [0.20604986476486833, 0.2569279514888535, 0.33784582112247746, 0.19917636262380065], [0.31852289334843764, 0.2685409183050624, 0.07180402547855722, 0.34113216286794285], [0.1855816089518002, 0.2844517772542424, 0.34037859228134326, 0.18958802151261425], [0.14248950617011713, 0.2912268316645997, 0.37539339515003145, 0.1908902670152518]]}}