{"test": {"ids": ["110119030", "103111480", "108116120", "102111990", "112119120", "108117360", "106113170", "107113550", "97116800", "104111620", "112117431", "107121230", "108113740", "109117630", "103110760", "108113700", "106116120", "113120540", "111120260", "113120591", "113120260", "103110840", "112119610", "103109641", "100110260", "113119450", "105118230", "101108460", "109115380", "98116090", "99109910", "97107821", "113120531", "109121410", "111120320", "110115140", "106114011", "103117200", "109116810", "99108890", "99107560", "99108460", "102110050", "104111780", "107113840", "113122190", "100110050", "102110850", "97113900", "113119320", "109115220", "102112301", "103110100", "100108260", "112118161", "99111340", "100111620", "109114030", "106118520", "101112160", "98112170", "102112250", "110116441", "111120220", "111119340", "99108080", "101111310", "105113330", "101108080", "97106591", "105121370", "100116790", "107114780", "111116750", "99110050", "111121190", "112120540", "112119500", "109115070", "98112300", "103113640", "102114270", "112118620", "105113260", "112119930", "111118910", "108114220", "106111321", "105114220", "103113270", "101109000", "109118820", "105116980", "111121930", "100109330", "104113000", "97112300", "104116800", "110118701", "108120260", "98107380", "110117080", "105113190", "113118421", "105113620", "109113281", "103113210", "108118810", "113118511", "98110230", "108117610", "109113591", "112118421", "102118380", "109116441", "111116530", "103110220", "105115720", "109121351", "110114920", "100113210", "97116500", "106118301", "111117480", "97112830", "109117271", "112120270", "113121680", "110114950", "107113200", "111115770", "102110890", "111121220", "109118231", "107113260", "110113591", "108115570", "109114270", "98108580", "107117010", "112117580", "108116070"], "labels": [0, 0, 1, 2, 1, 1, 0, 0, 0, 0, 0, 0, 3, 0, 1, 0, 1, 3, 3, 0, 3, 1, 0, 1, 3, 3, 1, 0, 3, 0, 2, 2, 0, 0, 1, 0, 1, 0, 3, 0, 1, 0, 3, 3, 3, 1, 3, 3, 2, 1, 3, 1, 1, 3, 0, 1, 3, 1, 2, 3, 3, 0, 3, 3, 3, 3, 3, 3, 0, 1, 2, 2, 2, 3, 3, 1, 3, 2, 0, 2, 1, 3, 3, 3, 1, 0, 3, 0, 3, 2, 1, 3, 0, 1, 0, 1, 2, 1, 3, 1, 1, 1, 3, 3, 0, 0, 3, 1, 1, 3, 3, 3, 3, 1, 3, 3, 2, 1, 0, 3, 0, 2, 1, 1, 2, 0, 0, 1, 0, 0, 3, 0, 3, 1, 0, 0, 3, 3, 0, 1, 0, 1], "predicted_labels": [3, 1, 0, 1, 1, 1, 1, 1, 0, 0, 3, 1, 3, 3, 1, 3, 1, 3, 3, 1, 1, 1, 1, 1, 0, 3, 1, 3, 1, 1, 3, 0, 3, 1, 3, 3, 1, 1, 1, 1, 1, 1, 1, 1, 1, 1, 1, 1, 1, 1, 1, 3, 1, 1, 1, 1, 0, 1, 1, 1, 3, 3, 1, 1, 3, 1, 1, 3, 1, 1, 1, 1, 1, 0, 1, 1, 1, 1, 1, 0, 0, 1, 1, 3, 1, 1, 3, 3, 3, 3, 1, 1, 1, 3, 0, 3, 3, 1, 3, 1, 0, 1, 3, 3, 1, 1, 1, 1, 1, 1, 1, 1, 3, 1, 1, 1, 1, 1, 0, 1, 3, 3, 0, 1, 1, 3, 3, 1, 3, 1, 1, 3, 1, 1, 1, 0, 1, 3, 1, 1, 1, 1], "confidence_scores": [[0.2002618326118328, 0.29443978828189354, 0.20497950353739833, 0.3003188755688755], [0.23665630758130768, 0.2837762626262626, 0.19740194805194805, 0.282165481740482], [0.3180068764568764, 0.21742385392385408, 0.2106156288156289, 0.2539536408036409], [0.24833006748153819, 0.2985668605903901, 0.2045618825618828, 0.24854118936618935], [0.22222619047619058, 0.3042073371073372, 0.18433478743478757, 0.28923168498168483], [0.2180428626928627, 0.31199504662004673, 0.2392137556887557, 0.23074833499833508], [0.2583955350205351, 0.3474960289710289, 0.15873007270507272, 0.23537836330336348], [0.20836192696192715, 0.29444058164058173, 0.20954579309579321, 0.2876516983016985], [0.3121047563547562, 0.23925231435231445, 0.1930187923187925, 0.255624136974137], [0.42202777222777227, 0.1970445887445888, 0.16684164169164178, 0.21408599733599745], [0.27239320124320143, 0.2782203407703408, 0.1323209013209013, 0.31706555666555664], [0.2228472896384662, 0.28783091630591634, 0.20892006049506065, 0.28040173356055725], [0.23767775280275294, 0.24064793817293828, 0.20661748251748255, 0.3150568265068263], [0.2113611249861251, 0.2934391747141747, 0.19257665667665677, 0.3026230436230436], [0.21726650016650023, 0.3061501026751029, 0.21914990564990577, 0.25743349150849165], [0.17322161172161177, 0.29056026751026753, 0.212683993783994, 0.3235341269841269], [0.25127183176300816, 0.2621921717171718, 0.24344715562215574, 0.2430888408976645], [0.24380781440781465, 0.2815878399378401, 0.17451850926850926, 0.3000858363858364], [0.2753092521857228, 0.25436760984113943, 0.17713039738039746, 0.2931927405927407], [0.24257019092019103, 0.30111173095909954, 0.17966966921966931, 0.2766484089010405], [0.2221436618936619, 0.29802131757131767, 0.24443174048174057, 0.23540328005328007], [0.24213058330558343, 0.2974719724719724, 0.21006577866577875, 0.25033166555666553], [0.17036940363558023, 0.31432626899244537, 0.2608280758457228, 0.2544762515262517], [0.21731005106005125, 0.309324184149184, 0.18222371794871803, 0.29114204684204686], [0.2967929431679432, 0.2050409090909092, 0.21332117604617615, 0.28484497169497175], [0.2359183594183594, 0.29934239094239096, 0.1642480963480964, 0.3004911532911532], [0.18895634920634924, 0.3241272005772005, 0.2364610686698922, 0.250455381546558], [0.23645210900210897, 0.26510233100233105, 0.20533313908313916, 0.293112420912421], [0.1741300088800089, 0.3014596459096459, 0.23972073482073497, 0.2846896103896104], [0.23323243423243437, 0.2698419053169054, 0.23182422854922857, 0.26510143190143204], [0.2007380397380398, 0.254044804378628, 0.24853048144665804, 0.2966866744366745], [0.31458574203574186, 0.26160054945054945, 0.16696998556998566, 0.25684372294372293], [0.27839700299700304, 0.2583959623709624, 0.169234040959041, 0.2939729936729938], [0.20991281496281503, 0.3365873237873236, 0.17435745365745373, 0.2791424075924077], [0.23846494061494064, 0.26544867354867363, 0.20600996780996791, 0.290076418026418], [0.23764554889554887, 0.2684416805416806, 0.21291277056277058, 0.2809999999999999], [0.2353768870018871, 0.2983283327783327, 0.19092331834831833, 0.2753714618714619], [0.22560705128205136, 0.3096973443223443, 0.21117681485181491, 0.25351878954378965], [0.2011843636755402, 0.3627665223665223, 0.18004632034632043, 0.2560027936116173], [0.22784552669552682, 0.30670352980352983, 0.24855693750693764, 0.2168940059940061], [0.19282231657231666, 0.32085445387945405, 0.19514392911010572, 0.2911793004381239], [0.2565414085914086, 0.27368848161642284, 0.19971899652634956, 0.2700511132658192], [0.21225799559917222, 0.29039732848850497, 0.23143128734011117, 0.26591338857221214], [0.2585211122211124, 0.28155288045288046, 0.17863188755688758, 0.28129411976911983], [0.2216304390054391, 0.33599235311472153, 0.1856002048175423, 0.25677700306229734], [0.21844813519813536, 0.3067191169941169, 0.18823070818070825, 0.2866020396270397], [0.17502750305250306, 0.3274358252858252, 0.24876792374292386, 0.24876874791874806], [0.17953401598401603, 0.33609729159729146, 0.21725151515151514, 0.2671171772671774], [0.2301807858807859, 0.29084106171606183, 0.20378675409557778, 0.27519139830757466], [0.20318460428460441, 0.35139748584748565, 0.1893575202575203, 0.25606038961038985], [0.24152055885291177, 0.29110852872617576, 0.18817684537684537, 0.279194067044067], [0.231879797979798, 0.3088725302475302, 0.1474446053946055, 0.3118030663780662], [0.2336708152958154, 0.2865880983395691, 0.22435848040848047, 0.25538260595613543], [0.26097261627261636, 0.2687769980019981, 0.2276629231879233, 0.2425874625374626], [0.2863720390720391, 0.331945757020757, 0.12185563798946154, 0.25982656591774245], [0.2120732267732269, 0.2881503607503607, 0.2517736818736821, 0.2480027306027306], [0.26914847342200293, 0.24836617271617276, 0.2379627761127763, 0.2445225777490483], [0.2785843351093353, 0.29181956931956915, 0.19090195915195923, 0.23869413641913648], [0.20344958097458116, 0.3210123681873682, 0.2406070929070928, 0.23493095793095795], [0.20807948995449008, 0.29542308524808536, 0.21208937728937735, 0.2844080475080476], [0.28233253968253974, 0.207234004884005, 0.21204604562104568, 0.29838740981241013], [0.2729580899492663, 0.2446107836607838, 0.19560262907027612, 0.2868284973196738], [0.2228067416243888, 0.302696984388161, 0.18817664949429672, 0.28631962449315385], [0.22633984903984913, 0.3152513264513265, 0.18958015873015877, 0.2688286657786658], [0.23231497113997135, 0.25282673992674004, 0.24498891108891108, 0.2698693778443779], [0.21284223750106104, 0.2742093739593741, 0.24474729714729732, 0.26820109139226794], [0.22122030192030204, 0.2996827616827616, 0.24356206571206576, 0.23553487068487072], [0.25352174688057055, 0.28061154401154415, 0.16140064935064938, 0.3044660597572361], [0.27214003219003213, 0.2967112221112223, 0.19304320679320688, 0.23810553890553893], [0.23560204240204244, 0.3207038517038518, 0.23198173493173488, 0.21171237096237103], [0.1661905788655789, 0.34715179542679564, 0.23738860942978612, 0.24926901627783982], [0.2015264588352824, 0.32469661253778886, 0.24497212232212245, 0.22880480630480637], [0.20747005772005772, 0.3038410173160174, 0.23675382395382402, 0.25193510101010114], [0.3273547619047619, 0.23795739844950364, 0.17559019839809317, 0.2590976412476413], [0.22129824064824066, 0.29255103230103224, 0.22733963813963823, 0.2588110889110889], [0.2702316794316795, 0.28057503052503063, 0.1798803030303031, 0.26931298701298706], [0.2336179154179155, 0.32698563658563656, 0.19976442723942728, 0.23963202075702078], [0.18145940366822721, 0.28712525252525256, 0.27015142080142085, 0.2612639230050994], [0.21692887112887116, 0.3554615737203975, 0.18899954294071963, 0.2386100122100122], [0.3154775489130752, 0.2450081307581308, 0.19078291985791995, 0.2487314004708743], [0.30124541373659025, 0.23034215229215244, 0.16800360195360203, 0.3004088320176558], [0.17650693750693755, 0.33569728604728594, 0.2372644966144967, 0.25053127983127993], [0.24516119991119995, 0.2922114496614496, 0.19107868242868245, 0.2715486679986681], [0.22335675713175712, 0.2907639787113471, 0.18830235320235314, 0.29757691095454264], [0.18716388888888885, 0.3012997779997782, 0.2238115523365525, 0.2877247807747808], [0.24412035464535478, 0.30470576090576096, 0.1727060717060717, 0.2784678127428128], [0.25618745421245426, 0.2740407231657232, 0.1789216949716951, 0.2908501276501275], [0.23320233377733393, 0.28196996255378626, 0.180255932955933, 0.3045717707129472], [0.2363831585081587, 0.273784126984127, 0.21568872238872247, 0.27414399211899215], [0.18809073181720246, 0.2852899378399377, 0.23598086913086924, 0.29063846121199083], [0.23820679598179614, 0.29101596736596735, 0.20178640248640248, 0.26899083416583425], [0.20725148903384225, 0.30167191338073707, 0.20126142191142193, 0.2898151756739994], [0.23207002164502166, 0.3006408563658565, 0.16894133644133646, 0.2983477855477855], [0.246786285936286, 0.259284903984904, 0.2312378232878234, 0.2626909867909869], [0.33528653013653015, 0.28204143079143096, 0.16448348318348324, 0.2181885558885559], [0.24416656676656687, 0.2645052233713999, 0.20030906870906878, 0.2910191411529648], [0.2655594516594517, 0.2228804334554335, 0.19929604480486837, 0.3122640700802467], [0.2128583475348183, 0.29781479631479635, 0.21820770618270618, 0.2711191499676795], [0.223275901875902, 0.30932691197691176, 0.14641837051837053, 0.3209788156288156], [0.2048703546453547, 0.31946357923122626, 0.19448221500721505, 0.281183851116204], [0.29109514374514384, 0.214268686868687, 0.21041994116994123, 0.28421622821622833], [0.1897274836274837, 0.33916748447630796, 0.20339229463347108, 0.26771273726273737], [0.24911295893648844, 0.22896410289057362, 0.19304696414696415, 0.32887597402597435], [0.2533653984903986, 0.2689547979797982, 0.16765749805749808, 0.31002230547230564], [0.20946974136974128, 0.2959329947829946, 0.27122903207903226, 0.22336823176823176], [0.21576856476856482, 0.34450451492951484, 0.17463516565134216, 0.26509175465057816], [0.19600133200133224, 0.28101792096792105, 0.24730022200022203, 0.2756805250305251], [0.18819842934842937, 0.3699980991230993, 0.18095196192696197, 0.2608515096015096], [0.26142874625374635, 0.3255576673326672, 0.164438295038295, 0.24857529137529136], [0.24023675213675222, 0.30926189725307374, 0.1815917970917971, 0.26890955351837714], [0.18294220109955397, 0.32686496477378835, 0.21752681207681215, 0.2726660220498457], [0.2471533355533357, 0.3416321817071818, 0.15931345876345884, 0.25190102397602404], [0.26117810522810536, 0.27424275724275743, 0.16261724941724953, 0.3019618881118881], [0.2068200466200467, 0.2932369574869577, 0.25582982017982026, 0.24411317571317578], [0.2442607004107006, 0.3130797508047508, 0.14260820290820295, 0.3000513458763458], [0.2061972702134468, 0.29726641332523696, 0.20983855588855613, 0.2866977605727607], [0.2074564074814076, 0.27812869352869346, 0.26044842934842943, 0.25396646964146974], [0.20027454767454772, 0.31420860805860795, 0.2325584637584639, 0.25295838050838076], [0.3063584637584637, 0.2646838050838052, 0.18221429681429688, 0.24674343434343438], [0.19364441114441122, 0.2888083289259759, 0.23643573648573651, 0.28111152344387647], [0.2130915806415807, 0.2656145798645799, 0.22820757575757583, 0.2930862637362637], [0.25180319680319674, 0.2696910089910092, 0.18637135087135087, 0.29213444333444344], [0.3852101898101897, 0.23073666333666332, 0.14112772227772227, 0.24292542457542463], [0.23053636363636373, 0.32875442890442896, 0.19874557664557668, 0.24196363081363095], [0.1978993526081762, 0.28779161475779147, 0.24352365134865137, 0.27078538128538127], [0.24810417164534823, 0.2425129786879788, 0.21162849013731383, 0.29775435952935947], [0.26606118326118333, 0.27448994338994337, 0.17523133533133542, 0.2842175380175379], [0.19171205461205468, 0.2897632728382732, 0.2291598956598958, 0.2893647768897769], [0.2486525474525476, 0.25047907647907636, 0.21260202575202578, 0.2882663503163504], [0.2070432622932624, 0.3525160617160616, 0.1317877788877789, 0.3086528971028973], [0.2382688672438673, 0.2916357364857365, 0.18140568145304983, 0.2886897148173465], [0.23608739316239344, 0.2298036602286604, 0.22157403707403717, 0.3125349095349093], [0.22718559218559234, 0.33080830003330003, 0.16480572760572762, 0.27720038017538035], [0.2255132561882563, 0.34307905427905416, 0.18467965971936567, 0.2467280298133241], [0.23466303141303144, 0.2904657453657453, 0.2289379731379732, 0.2459332500832501], [0.32574060661560655, 0.2559819125319126, 0.13134981962481967, 0.28692766122766133], [0.2179003441003442, 0.33209124209124224, 0.20562913752913758, 0.2443792762792765], [0.24291603951603963, 0.284217327117327, 0.1682797979797981, 0.3045868353868355], [0.24908916916416907, 0.30028059163059156, 0.1986889471639473, 0.25194129204129223], [0.20457460676578337, 0.31158576423576423, 0.22678014763014775, 0.2570594813683049], [0.22101213231213238, 0.2901271711948182, 0.21429526584526593, 0.2745654306477837], [0.2046649941561707, 0.3347467421467421, 0.19197513793396156, 0.2686131257631257]]}, "rewritten": {"ids": ["97106591", "97107821", "97112300", "97112830", "97113900", "97116500", "97116800", "98107380", "98108580", "98110230", "98112170", "98112300", "98116090", "99107560", "99108080", "99108460", "99108890", "99109910", "99110050", "99111340", "100108260", "100109330", "100110050", "100110260", "100111620", "100113210", "100116790", "101108080", "101108460", "101109000", "101111310", "101112160", "102110050", "102110850", "102110890", "102111990", "102112250", "102112301", "102114270", "102118380", "103109641", "103110100", "103110220", "103110760", "103110840", "103111480", "103113210", "103113270", "103113640", "103117200", "104111620", "104111780", "104113000", "104116800", "105113190", "105113260", "105113330", "105113620", "105114220", "105115720", "105116980", "105118230", "105121370", "106111321", "106113170", "106114011", "106116120", "106118301", "106118520", "107113200", "107113260", "107113550", "107113840", "107114780", "107117010", "107121230", "108113700", "108113740", "108114220", "108115570", "108116070", "108116120", "108117360", "108117610", "108118810", "108120260", "109113281", "109113591", "109114030", "109114270", "109115070", "109115220", "109115380", "109116441", "109116810", "109117271", "109117630", "109118231", "109118820", "109121351", "109121410", "110113591", "110114920", "110114950", "110115140", "110116441", "110117080", "110118701", "110119030", "111115770", "111116530", "111116750", "111117480", "111118910", "111119340", "111120220", "111120260", "111120320", "111121190", "111121220", "111121930", "112117431", "112117580", "112118161", "112118421", "112118620", "112119120", "112119500", "112119610", "112119930", "112120270", "112120540", "113118421", "113118511", "113119320", "113119450", "113120260", "113120531", "113120540", "113120591", "113121680", "113122190"], "labels": [1, 2, 2, 2, 2, 2, 0, 1, 0, 3, 3, 2, 0, 1, 3, 0, 0, 2, 3, 1, 3, 0, 3, 3, 3, 0, 2, 0, 0, 1, 3, 3, 3, 3, 0, 2, 0, 1, 3, 1, 1, 1, 2, 1, 1, 0, 3, 2, 1, 0, 0, 3, 1, 1, 3, 3, 3, 0, 3, 1, 0, 1, 2, 0, 0, 1, 1, 1, 2, 0, 0, 0, 3, 2, 1, 0, 0, 3, 3, 3, 1, 1, 1, 3, 1, 1, 0, 3, 1, 3, 0, 3, 3, 3, 3, 0, 0, 1, 3, 0, 0, 0, 3, 0, 0, 3, 1, 3, 0, 3, 3, 3, 1, 0, 3, 3, 3, 1, 1, 3, 1, 0, 0, 0, 3, 3, 1, 2, 0, 1, 0, 3, 3, 1, 1, 3, 3, 0, 3, 0, 1, 1], "predicted_labels": [1, 0, 0, 1, 3, 1, 0, 0, 1, 1, 0, 0, 1, 1, 1, 1, 1, 1, 1, 1, 1, 0, 1, 3, 2, 3, 1, 1, 1, 1, 1, 1, 1, 1, 3, 1, 3, 1, 1, 2, 0, 1, 2, 1, 1, 1, 1, 2, 0, 1, 0, 1, 3, 3, 3, 1, 3, 1, 1, 3, 3, 1, 1, 1, 1, 1, 1, 0, 1, 3, 1, 3, 1, 1, 1, 0, 1, 3, 3, 1, 1, 3, 1, 1, 1, 1, 1, 1, 1, 3, 1, 3, 1, 0, 1, 1, 3, 1, 1, 0, 1, 1, 1, 3, 3, 1, 1, 1, 1, 1, 3, 0, 1, 1, 3, 1, 3, 3, 0, 1, 1, 1, 1, 0, 3, 1, 3, 1, 1, 1, 1, 1, 0, 1, 1, 1, 1, 0, 0, 0, 1, 1], "confidence_scores": [[0.2602832833832835, 0.3303147907647908, 0.21220007215007217, 0.19720185370185378], [0.3184608502608503, 0.2822709734709735, 0.15135725385725393, 0.24791092241092252], [0.29667137584637565, 0.22770453157953174, 0.20705947385947396, 0.2685646187146188], [0.19298327228327233, 0.28560160117660116, 0.2502986985236985, 0.271116428016428], [0.22325833610833623, 0.2598152403152405, 0.24404802615684992, 0.27287839741957404], [0.21657334054834054, 0.2628644411144412, 0.2601546536796538, 0.2604075646575648], [0.380762221112221, 0.23650581640581647, 0.14677121212121216, 0.23596075036075037], [0.29671444666444663, 0.2366220779220779, 0.2093632811632813, 0.2573001942501943], [0.2499367937617938, 0.27664101176601186, 0.23366849261849273, 0.239753701853702], [0.26364035098888045, 0.311655265615018, 0.18298400736690215, 0.24172037602919952], [0.28461336996336994, 0.24198616106116114, 0.23398210678210685, 0.23941836219336232], [0.3155810090150647, 0.24008328893328898, 0.16903508713508716, 0.2753006149165591], [0.188659090909091, 0.3204222391987098, 0.23456274281274295, 0.25635592707945654], [0.20190354090354087, 0.2947835442335443, 0.2631495209468896, 0.24016339391602554], [0.21632866773749126, 0.28727224997225, 0.2547488122988124, 0.24165026999144654], [0.24901659451659458, 0.30404025974025983, 0.25464975579975585, 0.19229338994339007], [0.2387652522314288, 0.3154174611336378, 0.23157226498991215, 0.21424502164502168], [0.2019927536515773, 0.300521748512925, 0.244603368853369, 0.2528821289821291], [0.23546024531024548, 0.2742873681873684, 0.23836169941169938, 0.251890687090687], [0.1962976190476191, 0.33421255411255407, 0.2266358863358865, 0.24285394050394057], [0.24678623321123322, 0.3232798340548341, 0.20569369519369526, 0.22424023754023772], [0.31612822177822164, 0.25582724497724507, 0.1776255633255633, 0.25041896991896995], [0.21952911255411262, 0.30659434454434437, 0.21091665311812377, 0.26295988978341933], [0.26201348373848377, 0.24866840381840402, 0.2213588366312052, 0.26795927581190737], [0.24592320702173653, 0.24701519591519602, 0.26354411976912, 0.24351747729394788], [0.21426702186702196, 0.27750418192918214, 0.21456553169053172, 0.2936632645132644], [0.16090631868131874, 0.32060567847185484, 0.269245764529588, 0.24924223831723855], [0.2633927350427349, 0.33302353757353775, 0.1832788156288158, 0.22030491175491182], [0.2163530525030525, 0.2899852092352093, 0.22124761904761917, 0.2724141192141193], [0.26581320346320353, 0.266275440409264, 0.21679045480663134, 0.25112090132090137], [0.2249381174381175, 0.343291403041403, 0.2227855200355201, 0.20898495948495957], [0.19079291264291276, 0.34042347097347114, 0.1976988261738261, 0.2710847902097904], [0.1997320540570543, 0.2917999286661052, 0.24699562855445217, 0.2614723887223888], [0.20197925962925978, 0.3431892809804575, 0.2201316536404772, 0.23469980574980576], [0.2443792762792765, 0.2370867993117994, 0.19288396325896331, 0.32564996114996086], [0.25930051370198437, 0.2911767451502746, 0.21692344877344902, 0.23259929237429244], [0.2684250785162551, 0.24204585218702873, 0.2037251398927871, 0.2858039294039293], [0.26324309579309574, 0.3136539385451151, 0.16089375624375626, 0.262209209418033], [0.1940978188478189, 0.33544424464424477, 0.23932508602508598, 0.23113285048285054], [0.21188202353202357, 0.2645248473748473, 0.26585935730935756, 0.25773377178377194], [0.30062614052614045, 0.28580454545454553, 0.15368210678210692, 0.25988720723720726], [0.22870665968018905, 0.2819484570984572, 0.22280652125652145, 0.2665383619648326], [0.1627748556998559, 0.28073448773448767, 0.2927204462204463, 0.26377021034521025], [0.21638158508158511, 0.29119920079920086, 0.2125014513264515, 0.2799177627927628], [0.23088364968364983, 0.3041849872349872, 0.20752739482739496, 0.25740396825396833], [0.23053558386058398, 0.28967443667443676, 0.2167964146964148, 0.26299356476856495], [0.23894680874680882, 0.2818228382728384, 0.21291556499056508, 0.26631478798978797], [0.18961479631479636, 0.2705486124986127, 0.274271645021645, 0.2655649461649463], [0.34962867687867666, 0.20822871850371866, 0.16120333277833288, 0.28093927183927186], [0.2142239094239095, 0.30757886002886015, 0.2303228354978356, 0.2478743950493951], [0.3476323145808441, 0.21188852320709922, 0.16932647045936522, 0.2711526917526919], [0.230431981906982, 0.2769312992562992, 0.23324613164613173, 0.25939058719058733], [0.22881731601731609, 0.2555865523365525, 0.2221937045410732, 0.2934024271050587], [0.21835608280608287, 0.3012253496503498, 0.16456005106005117, 0.3158585164835165], [0.24194661612896917, 0.25569652047299113, 0.2085117993117993, 0.2938450640862408], [0.26511382506382525, 0.3226697913197914, 0.1909090742590744, 0.22130730935730955], [0.24909584500466872, 0.2961188089688089, 0.1551496614496615, 0.2996356845768611], [0.19402382421500075, 0.2895678213942919, 0.27843982128982153, 0.2379685331008861], [0.2570738206238208, 0.2704538739038737, 0.21423665223665234, 0.25823565323565334], [0.2383858807858809, 0.26859872349872355, 0.21968661893661898, 0.2733287767787768], [0.2385090548340548, 0.2926964396714398, 0.16855540570540575, 0.3002390997890997], [0.19747871017871016, 0.296048051948052, 0.2743658730158731, 0.23210736485736502], [0.18512537462537473, 0.3091863636363637, 0.26617069319569336, 0.23951756854256853], [0.27957628482628466, 0.29737118437118426, 0.16913080253080262, 0.2539217282717283], [0.24265406064523726, 0.3201694083694085, 0.16507570762570778, 0.272100823359647], [0.2552249750249751, 0.3008959488224195, 0.2103100621600621, 0.23356901399254343], [0.26380127650127644, 0.2682460400710401, 0.22685723443223452, 0.2410954489954489], [0.3105259573759575, 0.27316872571872575, 0.15857181707181717, 0.25773349983349986], [0.22127295759795773, 0.3281792960307665, 0.2447647333059098, 0.20578301306536592], [0.2263403041403042, 0.327357115107115, 0.11584737484737488, 0.330455205905206], [0.22269181929181942, 0.30891645576645566, 0.21259594294594286, 0.2557957819957821], [0.25502425074925084, 0.26262224997225, 0.21177120102120114, 0.27058229825729835], [0.21532117882117896, 0.31219199709818896, 0.20497271596652394, 0.26751410811410836], [0.1817804120715885, 0.30011617630735277, 0.27262202356467075, 0.2454813880563881], [0.18059133089133095, 0.3410495226995227, 0.22703894438894465, 0.25132020202020205], [0.2734919616331381, 0.27303939393939397, 0.1897842712842713, 0.2636843731431968], [0.20291903374403383, 0.29765984848484867, 0.22347286602286623, 0.2759482517482518], [0.24350446775446782, 0.24409710012210006, 0.19470892995893008, 0.31768950216450215], [0.2575513791763792, 0.2482737012987014, 0.20893885281385297, 0.2852360667110667], [0.2134025613275614, 0.3359231185481185, 0.19171827257709614, 0.2589560475472242], [0.2341044047455812, 0.2760598306921838, 0.2157622686137392, 0.2740734959484959], [0.24110847485847484, 0.24295089942736997, 0.24865476190476202, 0.2672858638093932], [0.20024332611832618, 0.3079458652458651, 0.23672879065379082, 0.25508201798201807], [0.18115395160395162, 0.33513905538905553, 0.2205964868464869, 0.26311050616050624], [0.2533854811854813, 0.31575817515817517, 0.19336627816627835, 0.23749006549006554], [0.19819538239538248, 0.3256559163059164, 0.18456709956709963, 0.2915816017316017], [0.26741738261738274, 0.280937001887002, 0.21121018426018442, 0.24043543123543137], [0.25870528360528366, 0.3422826701076703, 0.16738718503718508, 0.23162486124986126], [0.2712278582528584, 0.28885677655677666, 0.18054536019536035, 0.25937000499500507], [0.23705173715173722, 0.2619983349983352, 0.18008701298701307, 0.32086291486291485], [0.23952468560850923, 0.3078388417138418, 0.21550173539910394, 0.23713473727854537], [0.26975961538461546, 0.2563388250638251, 0.1966642635142636, 0.27723729603729597], [0.1844515373515374, 0.3235916952328717, 0.24340696444078824, 0.24854980297480303], [0.32696176878676864, 0.27689170551670567, 0.14567550227550236, 0.2504710234210236], [0.20026719195836848, 0.3646915084915084, 0.1620922355422356, 0.27294906400788765], [0.29093434343434343, 0.3220650876900877, 0.16565167887667895, 0.22134888999888994], [0.19085815295815306, 0.2599181207681208, 0.25184750804750816, 0.29737621822621857], [0.244992046842047, 0.37044754689754683, 0.16944664224664235, 0.21511376401376417], [0.22643610996846292, 0.2828942937781174, 0.21186146908646927, 0.2788081271669507], [0.3007238372738371, 0.2866614801864803, 0.1745284632034633, 0.23808621933621946], [0.22435304695304692, 0.3181535575535576, 0.17244817404817414, 0.28504522144522143], [0.27316837965955604, 0.3014131757131759, 0.1674700818789055, 0.2579483627483629], [0.21726220446220446, 0.3154679015429016, 0.23864079123490906, 0.22862910275998527], [0.23087149517149522, 0.26992412587412595, 0.2061854201354203, 0.29301895881895906], [0.24291171051171048, 0.25059583472083485, 0.24219933677433686, 0.26429311799311794], [0.268299777999778, 0.29525892995893005, 0.1618895715395716, 0.27455172050172044], [0.23829307359307367, 0.29927008824508833, 0.23045354922854933, 0.23198328893328907], [0.27160256018491336, 0.352792838860486, 0.15987624597624603, 0.21572835497835494], [0.22854780497280505, 0.31298062799773335, 0.20900666248955743, 0.24946490453990458], [0.2655786713286714, 0.2743877566877567, 0.1888963241436926, 0.2711372478398795], [0.2215646167557933, 0.29797511018393363, 0.1812492665830902, 0.2992110064771828], [0.34490573593073576, 0.21130278361988902, 0.16089255160044638, 0.28289892884892875], [0.21436481296481302, 0.31993521641756945, 0.22603671720436433, 0.2396632534132535], [0.2160781829281829, 0.2961657869907871, 0.20809766622266634, 0.2796583638583639], [0.22733184038184043, 0.23793592518592524, 0.2652202686202686, 0.2695119658119659], [0.25253312210665163, 0.3066982461982461, 0.18797073482073498, 0.2527978968743675], [0.2532673329938038, 0.27112352337205303, 0.20238223165723163, 0.273226911976912], [0.2711470168720169, 0.21257300754800756, 0.21366669996670004, 0.3026132756132755], [0.3543740537240539, 0.23937006327006335, 0.17331506826506834, 0.23294081474081496], [0.21010453239570898, 0.3324129528967764, 0.1879388833388834, 0.2695436313686314], [0.2564644022644023, 0.27904982239982257, 0.22051156066156088, 0.2439742146742147], [0.22647352924852934, 0.34115031080031066, 0.15414643412143417, 0.2782297258297258], [0.24899158619158612, 0.2890317848817847, 0.20392143967143986, 0.25805518925518917], [0.30414023199023194, 0.2874019480519479, 0.15111525337407694, 0.25734256658374316], [0.25345563325563336, 0.2882788572538573, 0.1685471056721057, 0.2897184038184037], [0.2321267676767677, 0.29386336163836163, 0.18779467754467755, 0.28621519314019317], [0.19909292929292943, 0.27477776667776665, 0.2219960150960152, 0.3041332889332888], [0.18984440836940847, 0.303910323010323, 0.24098446830946843, 0.26526080031080046], [0.1615586524586526, 0.31033731823731836, 0.2880575424575424, 0.24004648684648686], [0.1998492729492731, 0.3010131573105257, 0.2237620230646548, 0.27537554667554687], [0.26587106782106795, 0.28133665501165506, 0.17946529304029304, 0.27332698412698403], [0.22983880563880568, 0.30542947330447345, 0.19998801476301487, 0.26474370629370636], [0.28505139860139844, 0.2750497974247974, 0.17643272005772004, 0.26346608391608406], [0.2605603257853258, 0.30107520257520265, 0.19783304195804188, 0.24053142968142982], [0.2468097846597848, 0.33034246031746023, 0.18095572760572753, 0.24189202741702742], [0.25631826229326243, 0.3177070901320901, 0.17876777111777123, 0.24720687645687645], [0.22326421356421358, 0.2797217171717173, 0.2428505550005549, 0.2541635142635144], [0.3165365356865357, 0.262747483398954, 0.17353767343767348, 0.24717830747683686], [0.27643679653679665, 0.26154970029970037, 0.1896667277167277, 0.27234677544677566], [0.2943788045288046, 0.2712898379398381, 0.16293782606282617, 0.27139353146853123], [0.21541939171939173, 0.2764740703740706, 0.23935560828060842, 0.2687509296259298], [0.19577905427905423, 0.31725074925074936, 0.21964052059052072, 0.267329675879676]]}}