{"test": {"ids": ["106113190", "112118880", "99108890", "108118630", "105121370", "107116501", "111116290", "109114030", "102109010", "98110230", "112117210", "105115680", "108114670", "109117431", "101108370", "97112290", "102114270", "97108520", "111120640", "102107961", "111114171", "98117740", "105115380", "110114561", "101119030", "105118171", "103113610", "110118161", "107113260", "99107950", "105116650", "109119460", "109114651", "110120531", "108116120", "110116441", "99108310", "109120150", "109113931", "107112840", "111115780", "108113620", "108120260", "97107821", "112118550", "106117790", "113120830", "100116790", "97109080", "112121430", "113122150", "98109090", "99108080", "112117580", "99107640", "108118301", "111117571", "111118810", "101112540", "99108580", "110115120", "113119300", "112119320", "105110251", "113122180", "100111380", "107118490", "108114220", "110115890", "104116441", "109116930", "101108460", "112118620", "98108580", "111115910", "101114990", "112116451", "109118161", "104118070", "112120630", "97105580", "98109230", "108115070", "112120700", "104111990", "108116070", "104119290", "112119120", "101109000", "99109311", "98116940", "108115880", "105112260", "112118701", "97114170", "112116540", "103109021", "112118471", "111120320", "98111231", "97112170", "105117431", "101109120", "110119030", "113121750", "106113830", "111116750", "113121810", "101112160", "105117351", "105119550", "113117401", "99108010", "111116100", "107114110", "111119290", "109113591", "104111380", "103120780", "107117010", "111119300", "98110680", "103117461", "102110690", "113117340", "113121980", "102112170", "97106591", "104113550", "97105960", "105112100", "104114740", "99109860", "102109840", "104110960", "105113480", "112116800", "97107260", "108118291", "101112690", "113118231", "113122230"], "labels": [0, 1, 0, 1, 2, 1, 2, 1, 1, 3, 1, 2, 3, 1, 1, 1, 3, 2, 0, 3, 3, 2, 1, 0, 3, 3, 2, 0, 0, 1, 1, 1, 3, 0, 1, 3, 2, 2, 1, 1, 1, 3, 1, 2, 3, 1, 3, 2, 2, 2, 2, 1, 3, 0, 1, 1, 3, 0, 2, 0, 0, 1, 1, 0, 2, 3, 2, 3, 2, 1, 0, 0, 3, 0, 2, 3, 0, 0, 2, 3, 1, 1, 1, 2, 2, 1, 1, 1, 1, 1, 2, 3, 3, 0, 2, 1, 0, 1, 1, 1, 0, 1, 1, 0, 0, 1, 3, 2, 3, 0, 1, 3, 2, 3, 1, 3, 3, 3, 1, 1, 1, 2, 0, 0, 2, 2, 3, 1, 1, 2, 1, 2, 2, 2, 2, 0, 0, 2, 3, 1, 3, 1], "predicted_labels": [3, 0, 1, 3, 1, 1, 3, 0, 3, 1, 1, 1, 3, 0, 3, 3, 3, 0, 0, 3, 3, 3, 1, 0, 3, 3, 1, 3, 3, 1, 1, 3, 3, 0, 0, 1, 1, 3, 3, 1, 1, 0, 3, 0, 3, 3, 3, 1, 3, 1, 1, 0, 0, 3, 0, 3, 3, 3, 3, 0, 3, 3, 1, 0, 1, 3, 1, 0, 1, 1, 0, 3, 1, 3, 1, 1, 0, 1, 3, 0, 1, 3, 1, 3, 1, 3, 1, 3, 3, 1, 1, 3, 3, 3, 3, 3, 3, 1, 3, 0, 3, 1, 3, 3, 0, 0, 0, 1, 3, 3, 3, 1, 1, 0, 0, 3, 0, 3, 0, 1, 1, 1, 3, 3, 3, 0, 3, 1, 0, 3, 3, 1, 1, 1, 3, 3, 3, 0, 3, 3, 1, 1], "confidence_scores": [[0.23549493613817649, 0.27107874673290233, 0.16703734904337392, 0.3263889680855472], [0.308753775732606, 0.28432912538331956, 0.08488845632320517, 0.3220286425608692], [0.25012357693711373, 0.3011398941924191, 0.2088702601770458, 0.23986626869342145], [0.20623082798521086, 0.2560014080061782, 0.17844485614616173, 0.35932290786244947], [0.1841124687778504, 0.3432307553753361, 0.18570740844274078, 0.2869493674040728], [0.27560676579348853, 0.3096294089587827, 0.11466783932269971, 0.3000959859250289], [0.2412443122075072, 0.25903385719000793, 0.22685457299623077, 0.27286725760625413], [0.38791675195604314, 0.23918548836461628, 0.06909948079662963, 0.303798278882711], [0.19792578022192273, 0.26291198595718945, 0.28898597361021683, 0.25017626021067085], [0.18944784302240364, 0.2736382214249328, 0.2758704110487595, 0.2610435245039042], [0.18655296623448514, 0.3144476622847929, 0.20837322871867756, 0.2906261427620445], [0.13964534118755587, 0.3216940276120081, 0.2627945734487756, 0.2758660577516607], [0.2765980797883694, 0.29050342554628794, 0.09883112826106472, 0.3340673664042777], [0.3292376373108506, 0.2663079295866898, 0.08069743751090562, 0.32375699559155374], [0.34220283635251664, 0.2586721099348223, 0.039276367192090815, 0.35984868652057045], [0.1666155140345719, 0.21601097167935343, 0.39221769145781243, 0.2251558228282619], [0.16390958065282976, 0.3024940888178963, 0.23102432580539303, 0.30257200472388107], [0.29609910345494067, 0.26859094134267847, 0.1655116417196608, 0.2697983134827201], [0.2913546980935847, 0.28219441791368727, 0.1174195828914122, 0.3090313011013158], [0.2916859984746959, 0.25392908373869416, 0.10230774294046238, 0.3520771748461476], [0.28295525901613444, 0.25335088835673053, 0.1513469515761269, 0.3123469010510081], [0.23288824733518457, 0.2733103596805437, 0.20893777026288451, 0.28486362272138743], [0.154886105771408, 0.31504766733079753, 0.24775453489204716, 0.2823116920057475], [0.29998552445597393, 0.2715173857529621, 0.14166252963433457, 0.28683456015672926], [0.19944942812073177, 0.2686552304208758, 0.24829828890237132, 0.2835970525560212], [0.2770204905970237, 0.2971981149600542, 0.10630968019236169, 0.3194717142505605], [0.1656604697235664, 0.2892173493039525, 0.307706053150784, 0.2374161278216969], [0.306788457734172, 0.283725650124487, 0.07784246672371607, 0.33164342541762487], [0.21503870763591657, 0.25773586404354343, 0.25442441774580665, 0.2728010105747332], [0.15089338971539476, 0.3203333514705658, 0.3359196240427263, 0.19285363477131334], [0.14399858030368345, 0.3227358843634601, 0.2947961535753712, 0.23846938175748505], [0.2820268915963968, 0.2537969829403604, 0.13174996431426814, 0.33242616114897483], [0.29340666249764075, 0.2890279406691019, 0.07158582908743848, 0.3459795677458191], [0.329546847253944, 0.2862641051727282, 0.060251598159196534, 0.32393744941413116], [0.4141638315286987, 0.21540778314059172, 0.05611494915204457, 0.31431343617866514], [0.18139986118752244, 0.32934639479039185, 0.18739627867538458, 0.301857465346701], [0.20245584239881026, 0.282453477869469, 0.28557588423528574, 0.22951479549643497], [0.22596577597605552, 0.2569252991678257, 0.26537443831870633, 0.25173448653741254], [0.18826113852588638, 0.2836363055961541, 0.24471101575527765, 0.2833915401226818], [0.17476437279385323, 0.3665067552524021, 0.1853867678243049, 0.27334210412943943], [0.25429517141150904, 0.30211509822626337, 0.125444439851211, 0.3181452905110163], [0.35769463247339556, 0.27607052448346414, 0.030735252069601485, 0.3354995909735391], [0.291245744482292, 0.2940634777282074, 0.07374391545907856, 0.34094686233042204], [0.2765437359813371, 0.21784561601464683, 0.2508348883219309, 0.25477575968208505], [0.31215983409465015, 0.2701447544439498, 0.07929317757348915, 0.33840223388791074], [0.22970745767856915, 0.28705592551616166, 0.16373022475801138, 0.3195063920472576], [0.2675706041078297, 0.2784592043518045, 0.148530174530209, 0.30544001701015716], [0.2189925471209701, 0.2982443733663906, 0.1960365813048488, 0.2867264982077903], [0.20512626483110322, 0.2742430972634828, 0.2336973198455822, 0.2869333180598318], [0.21446130447342934, 0.26808931838182914, 0.2743145136254602, 0.24313486351928115], [0.23041435413176195, 0.3634184795279013, 0.09243225911876203, 0.31373490722157465], [0.3344393005800517, 0.23962234578252353, 0.09526125712320473, 0.33067709651421995], [0.34706665627867217, 0.23470957139410165, 0.09938845651652585, 0.31883531581070057], [0.25673865667175005, 0.3000992770897689, 0.10767625260273656, 0.3354858136357447], [0.2801029338337791, 0.236879163240445, 0.22200429276473244, 0.26101361016104346], [0.23432400542132162, 0.2978864723264286, 0.11783859477188809, 0.34995092748036155], [0.2973847483908803, 0.2940310305424652, 0.07403440626833896, 0.3345498147983156], [0.30011365991856326, 0.26137060080281543, 0.1178340078594571, 0.32068173141916406], [0.2038371439718617, 0.2840398913970111, 0.2144892361358456, 0.2976337284952819], [0.27123630252974407, 0.2573225026498719, 0.22500179855808555, 0.24643939626229863], [0.24383793164023346, 0.2659577320530118, 0.16163950223902557, 0.32856483406772924], [0.2599740953912053, 0.3159408066171983, 0.08678733252171224, 0.3372977654698841], [0.17394459658582948, 0.34450045388103756, 0.15492985843027235, 0.3266250911028605], [0.3630461373530097, 0.2355728346219878, 0.09904977793685435, 0.30233125008814826], [0.16198132237050697, 0.3104351564405208, 0.22839420630288929, 0.29918931488608275], [0.27198941236138646, 0.2528161188834197, 0.17068054661339851, 0.3045139221417954], [0.22414145448951672, 0.2864751998695214, 0.2622394039461703, 0.2271439416947912], [0.3305864142121779, 0.26270836711473267, 0.07025881179687142, 0.33644640687621796], [0.2803879347839403, 0.3028890716122379, 0.1619668096728529, 0.254756183930969], [0.23040724101868118, 0.3378669641363008, 0.09298772303521687, 0.33873807180980137], [0.4171291236532017, 0.20912639262713822, 0.0390168965794734, 0.3347275871401867], [0.3008632949567162, 0.20504902752118828, 0.17991955620664302, 0.3141681213154528], [0.2764777539138263, 0.29178045852495266, 0.12602873539043496, 0.305713052170786], [0.26283580503210996, 0.2485530340774024, 0.22609762738293032, 0.262513533507557], [0.25767462912242206, 0.34545658487579556, 0.0753134209617581, 0.32155536504002447], [0.241947744518582, 0.28465357180442635, 0.23397203992880802, 0.23942664374818365], [0.35911864512551384, 0.23763416841238652, 0.09468792774789478, 0.30855925871420475], [0.24672662341353485, 0.3213789177224994, 0.12331068860499332, 0.30858377025897243], [0.15365462363205343, 0.27838528432408116, 0.24989191153201107, 0.31806818051185426], [0.3754386616238186, 0.20485281880589012, 0.08981195273127256, 0.32989656683901875], [0.18009365299864363, 0.3062411733149975, 0.28602249214174547, 0.22764268154461345], [0.1678077469842979, 0.17440632821388716, 0.4549438573008614, 0.2028420675009535], [0.22924838597834296, 0.32993485627606167, 0.16564568244665712, 0.27517107529893825], [0.27170514293513315, 0.30399608987772164, 0.08144447415005898, 0.3428542930370862], [0.18376763467922413, 0.3075231708969705, 0.25779182384905713, 0.250917370574748], [0.23804481588306375, 0.2575305957954606, 0.21978223601071614, 0.2846423523107597], [0.23591876656824307, 0.2959173051987585, 0.1702985160101655, 0.29786541222283286], [0.2224809527449407, 0.280180931148277, 0.1757220961838514, 0.3216160199229308], [0.24838834767216272, 0.28071282290453325, 0.13707825512541452, 0.3338205742978897], [0.25362023535802597, 0.29241218050842316, 0.18750478374367863, 0.2664628003898723], [0.1844364649559951, 0.285421609261247, 0.27925631793712014, 0.25088560784563807], [0.339174538366993, 0.24859501998228045, 0.05580889208084857, 0.3564215495698784], [0.2321027162478699, 0.3164520052305541, 0.09900341574738976, 0.3524418627741865], [0.25525495915083274, 0.3306332298832194, 0.05829760347949939, 0.3558142074864489], [0.14713280136022547, 0.26655640187028184, 0.32298285867233406, 0.2633279380971584], [0.27646013531763886, 0.29990593546994737, 0.08538761942627682, 0.3382463097861372], [0.22778498581307616, 0.2596339692769867, 0.2502229926606671, 0.2623580522492703], [0.23570021395785065, 0.33036085353279876, 0.16408429437128255, 0.26985463813806804], [0.21656464001046932, 0.265731860448021, 0.23769467457698895, 0.28000882496452073], [0.34391213508563706, 0.17044900968935395, 0.24514186364153576, 0.24049699158347312], [0.302847075324682, 0.22859177359538857, 0.15103288061488387, 0.3175282704650457], [0.22896085683352227, 0.3044136281641429, 0.21555080501009458, 0.2510747099922403], [0.3068384581576164, 0.2355233566571491, 0.14003828049040834, 0.31759990469482635], [0.2053396243844301, 0.31220762311195127, 0.1535416235658271, 0.32891112893779156], [0.3453073684528934, 0.29008375534272157, 0.03998341669784371, 0.3246254595065413], [0.38325842926126247, 0.2556843612555809, 0.04527267669724459, 0.3157845327859119], [0.3192788660295313, 0.21533730261011277, 0.17485410613516733, 0.2905297252251889], [0.19303786137261758, 0.2799628225987343, 0.2935663682501181, 0.23343294777853], [0.2381746480626955, 0.30156559089890717, 0.13722232817550797, 0.32303743286288933], [0.27244379172290123, 0.30845651844558225, 0.08234947855000847, 0.3367502112815079], [0.2456205506462076, 0.27558637161467614, 0.1933619548898387, 0.2854311228492776], [0.29502816581749247, 0.31706715774334354, 0.04696686868744183, 0.340937807751722], [0.23437941015048247, 0.27204173590994435, 0.27310291421633015, 0.22047593972324298], [0.321112342048055, 0.29060556089511785, 0.06333614198330445, 0.32494595507352286], [0.34595948127331866, 0.2549486512220982, 0.061302744209665895, 0.33778912329491745], [0.24153894356983507, 0.2622691828795947, 0.15953161664725551, 0.33666025690331447], [0.3244397825386689, 0.2863791322025521, 0.05463150887742067, 0.33454957638135824], [0.28771275203669144, 0.2502057897358935, 0.1554388837754053, 0.30664257445200976], [0.2802397025292249, 0.24070077584781757, 0.19265848979524866, 0.2864010318277088], [0.27112333887515055, 0.30384690402457126, 0.14037613732890644, 0.284653619771372], [0.20207332022390725, 0.3174002281201031, 0.2100784186504646, 0.2704480330055249], [0.2086782044465914, 0.26295678689139873, 0.3105469235574163, 0.21781808510459408], [0.28120117718499404, 0.2804496331648393, 0.10051668026337211, 0.3378325093867945], [0.2715951148183406, 0.23942042538713704, 0.17590849602389733, 0.3130759637706254], [0.28659573781828346, 0.3034293002339203, 0.07504516301199314, 0.3349297989358034], [0.36564225647916115, 0.2784303085816451, 0.021603976753120133, 0.33432345818607356], [0.279109299996089, 0.18405960734223603, 0.23855340277649062, 0.29827768988518444], [0.15538759936038826, 0.27576386610402365, 0.38706414640760006, 0.18178438812798803], [0.47412718198943643, 0.17601527345076973, 0.026146530825931043, 0.3237110137338627], [0.24507795473629893, 0.2269141337850356, 0.2234041952302026, 0.3046037162484627], [0.3119026910631138, 0.21346706837651772, 0.1295391582503526, 0.3450910823100159], [0.23367733092213783, 0.29228574889982073, 0.18173505568843465, 0.2923018644896069], [0.2565266480360067, 0.29132054424314296, 0.1834945535845712, 0.2686582541362795], [0.22695561014534774, 0.28383761603302027, 0.21973033186512408, 0.26947644195650783], [0.1684638245747757, 0.2823537732788729, 0.25511150875103905, 0.294070893395312], [0.21546766659850883, 0.28560052098287, 0.20553371971962284, 0.29339809269899847], [0.19005136721864085, 0.3265576040273108, 0.1471046234272219, 0.33628640532682647], [0.2592354838861673, 0.2412083063267582, 0.24855772142401727, 0.25099848836305716], [0.32675303079935925, 0.27842186620649867, 0.05190133520700562, 0.34292376778713657], [0.28980176948624664, 0.2595487433079592, 0.09360677776614564, 0.35704270943964844], [0.19509930131985756, 0.3254381441701442, 0.18992364309691884, 0.28953891141307925], [0.16860560170444874, 0.30355326979315855, 0.26901536949089644, 0.25882575901149635]]}, "rewritten": {"ids": ["97105580", "97105960", "97106591", "97107260", "97107821", "97108520", "97109080", "97112170", "97112290", "97114170", "98108580", "98109090", "98109230", "98110230", "98110680", "98111231", "98116940", "98117740", "99107640", "99107950", "99108010", "99108080", "99108310", "99108580", "99108890", "99109311", "99109860", "100111380", "100116790", "101108370", "101108460", "101109000", "101109120", "101112160", "101112540", "101112690", "101114990", "101119030", "102107961", "102109010", "102109840", "102110690", "102112170", "102114270", "103109021", "103113610", "103117461", "103120780", "104110960", "104111380", "104111990", "104113550", "104114740", "104116441", "104118070", "104119290", "105110251", "105112100", "105112260", "105113480", "105115380", "105115680", "105116650", "105117351", "105117431", "105118171", "105119550", "105121370", "106113190", "106113830", "106117790", "107112840", "107113260", "107114110", "107116501", "107117010", "107118490", "108113620", "108114220", "108114670", "108115070", "108115880", "108116070", "108116120", "108118291", "108118301", "108118630", "108120260", "109113591", "109113931", "109114030", "109114651", "109116930", "109117431", "109118161", "109119460", "109120150", "110114561", "110115120", "110115890", "110116441", "110118161", "110119030", "110120531", "111114171", "111115780", "111115910", "111116100", "111116290", "111116750", "111117571", "111118810", "111119290", "111119300", "111120320", "111120640", "112116451", "112116540", "112116800", "112117210", "112117580", "112118471", "112118550", "112118620", "112118701", "112118880", "112119120", "112119320", "112120630", "112120700", "112121430", "113117340", "113117401", "113118231", "113119300", "113120830", "113121750", "113121810", "113121980", "113122150", "113122180", "113122230"], "labels": [1, 2, 1, 2, 2, 2, 2, 0, 1, 2, 0, 1, 1, 3, 2, 1, 2, 2, 1, 1, 2, 3, 2, 0, 0, 1, 2, 3, 2, 1, 0, 1, 1, 3, 2, 1, 3, 3, 3, 1, 2, 0, 3, 3, 0, 2, 0, 1, 2, 3, 2, 1, 2, 1, 2, 1, 0, 1, 3, 0, 1, 2, 1, 0, 1, 3, 1, 2, 0, 1, 1, 1, 0, 1, 1, 1, 2, 3, 3, 3, 1, 3, 1, 1, 3, 1, 1, 1, 3, 1, 1, 3, 0, 1, 0, 1, 2, 0, 0, 2, 3, 0, 0, 0, 3, 1, 2, 3, 2, 3, 3, 0, 3, 1, 1, 0, 0, 1, 0, 1, 0, 1, 3, 3, 0, 1, 1, 1, 3, 2, 2, 2, 3, 3, 1, 3, 0, 2, 2, 2, 2, 1], "predicted_labels": [1, 3, 1, 0, 3, 0, 3, 3, 3, 3, 0, 0, 3, 3, 1, 0, 1, 3, 0, 1, 1, 0, 1, 0, 1, 1, 1, 3, 3, 3, 3, 3, 0, 3, 3, 3, 1, 3, 0, 1, 3, 3, 3, 3, 1, 1, 1, 0, 3, 0, 1, 0, 3, 3, 3, 3, 0, 0, 3, 1, 1, 1, 1, 3, 0, 0, 1, 1, 3, 0, 3, 1, 3, 0, 1, 0, 1, 0, 3, 0, 1, 3, 3, 0, 0, 3, 3, 1, 0, 3, 0, 3, 0, 3, 0, 3, 3, 1, 1, 1, 3, 3, 1, 0, 0, 1, 1, 0, 3, 0, 3, 3, 3, 1, 3, 0, 0, 1, 3, 1, 0, 1, 0, 0, 3, 0, 3, 1, 0, 0, 1, 1, 1, 1, 3, 0, 0, 3, 0, 1, 3, 1], "confidence_scores": [[0.19224533576219122, 0.2956303103044673, 0.2963431619031924, 0.21578119203014912], [0.2740905428218503, 0.19184483656657136, 0.20239914442559281, 0.3316654761859852], [0.1742445769431978, 0.30345433907773456, 0.31625567007457944, 0.20604541390448802], [0.30064486579553557, 0.2295463578604662, 0.23386800338579178, 0.23594077295820629], [0.1983515517046695, 0.24396868770097166, 0.3351243289373922, 0.2225554316569667], [0.30835006473589743, 0.2651448745208747, 0.12109533657336188, 0.30540972416986567], [0.192911488499029, 0.27077536327938523, 0.24426647510368307, 0.2920466731179026], [0.25604099785601425, 0.23912506268555442, 0.21468110954093214, 0.2901528299174991], [0.21560109012131554, 0.23281650892291283, 0.29973759359983, 0.25184480735594184], [0.16953608000035206, 0.24655503696207287, 0.31888438978495764, 0.2650244932526176], [0.283255280526181, 0.23295581311586785, 0.23863386108308868, 0.24515504527486254], [0.36664036307722986, 0.2307176569778011, 0.08343601827812572, 0.3192059616668431], [0.19293225647490037, 0.1798691029860524, 0.4331037828322368, 0.19409485770681062], [0.22743715166129744, 0.25514770571374135, 0.23552931317413198, 0.28188582945082924], [0.20991135382417472, 0.25470049845949727, 0.35789371129477443, 0.17749443642155377], [0.35365525998818587, 0.17505241401912358, 0.20257900658327166, 0.26871331940941867], [0.18563819011525595, 0.2869092492238104, 0.3021426525424956, 0.22530990811843776], [0.24512958155886258, 0.2576111983113472, 0.22043759827977336, 0.2768216218500168], [0.3217229249083937, 0.2295900479379821, 0.1766549556634293, 0.2720320714901949], [0.14660868730831847, 0.2935615263792979, 0.36751896727988265, 0.19231081903250105], [0.22645092855381868, 0.28796431994851834, 0.26055277499612894, 0.22503197650153398], [0.3336724588772198, 0.22583039918807654, 0.11300055910342813, 0.3274965828312754], [0.20299608208642117, 0.26972142128286486, 0.26882569247547594, 0.25845680415523803], [0.28642752576421293, 0.24954415401204708, 0.22028515355693917, 0.24374316666680082], [0.15610770325896678, 0.3163595129334374, 0.3504812242764385, 0.1770515595311574], [0.260025026367425, 0.2797795210948185, 0.1718381577456438, 0.28835729479211275], [0.27741321053715695, 0.2972080207353561, 0.13196111543289424, 0.29341765329459274], [0.2646035853444834, 0.22414290483732693, 0.2473414770757976, 0.2639120327423921], [0.2566311497819293, 0.2386999465147888, 0.20691979571509425, 0.29774910798818804], [0.3351886509187998, 0.2642974202677494, 0.044214725678952974, 0.35629920313449776], [0.24642055228222767, 0.2614432679390897, 0.18327556977167647, 0.30886061000700615], [0.2555647332169106, 0.26942899267343295, 0.17054408970333274, 0.3044621844063235], [0.33314008971168196, 0.24002035411387085, 0.11654313596138315, 0.31029642021306414], [0.2637025004228621, 0.2917277614419994, 0.12388526599063408, 0.32068447214450435], [0.231012253134028, 0.27337687113538933, 0.1853954737579982, 0.31021540197258485], [0.27769282162110204, 0.26247471417550705, 0.10957371755385978, 0.35025874664953105], [0.2052472994134545, 0.2575612511083534, 0.34924542026206523, 0.1879460292161269], [0.21481195013585075, 0.24429093668195548, 0.2626510688264291, 0.2782460443557647], [0.27428846588097083, 0.26509120754327514, 0.16560749279887022, 0.2950128337768839], [0.1773536571861583, 0.25780514304202934, 0.3310491878420852, 0.23379201192972757], [0.24148998016008688, 0.27084017867097554, 0.19351702890887315, 0.29415281226006457], [0.2776834092497731, 0.24541799872821385, 0.1603581707489886, 0.3165404212730244], [0.26762887359227583, 0.1719964037702652, 0.27065551428636675, 0.28971920835109244], [0.16846665636164285, 0.2877956818944015, 0.25562474227604187, 0.28811291946791406], [0.19133407824047313, 0.26309315371374803, 0.32781428908150356, 0.21775847896427541], [0.18849849835539112, 0.2850662461690121, 0.27626060987033907, 0.2501746456052577], [0.24393204759705536, 0.26498014290252775, 0.21817006081029688, 0.27291774869012], [0.26290379285220233, 0.2548605146920675, 0.2690769140320886, 0.2131587784236419], [0.14932872894002905, 0.274872668134486, 0.31082670248300887, 0.2649719004424761], [0.32710355157551096, 0.22663405008203918, 0.1519699692961972, 0.29429242904625275], [0.13746480678504855, 0.30146206976528034, 0.33620640157110937, 0.22486672187856155], [0.3837882110344804, 0.21519850827308137, 0.07142106365460936, 0.329592217037829], [0.29242750209969126, 0.2794486898858765, 0.11229444745694885, 0.31582936055748345], [0.23827935485551432, 0.3183729049865517, 0.09718361999478962, 0.3461641201631445], [0.2035173964053714, 0.2718939029207246, 0.2385788769258876, 0.2860098237480166], [0.23371902109699155, 0.2755229179042919, 0.19246240234526688, 0.2982956586534497], [0.4650943151002375, 0.1943666758075722, 0.037858650756503395, 0.30268035833568707], [0.34657765400240376, 0.18987198261417276, 0.12555673530876676, 0.3379936280746571], [0.24775638756916316, 0.30602303279995524, 0.09979751781470521, 0.34642306181617616], [0.2542350277976782, 0.27607051400204485, 0.20108593351649576, 0.2686085246837813], [0.17255636614900347, 0.29020693354014393, 0.26964164402075885, 0.2675950562900938], [0.12977043552655565, 0.2669845496027994, 0.3800457457107956, 0.22319926915984917], [0.21638190023108841, 0.2797277413401819, 0.25866445309619884, 0.24522590533253075], [0.25877245551602696, 0.3092295916732434, 0.10212044967093933, 0.32987750313979], [0.2731849525082715, 0.22112445864568983, 0.2988131780838899, 0.20687741076214813], [0.3200230052706032, 0.2639929462254367, 0.13899636894261538, 0.27698767956134457], [0.23801055018007708, 0.283874419492183, 0.1907579444486467, 0.287357085879093], [0.2825959900425155, 0.29541997371474343, 0.154481793044599, 0.26750224319814186], [0.2671335726672951, 0.24583125983915055, 0.1906310120344827, 0.2964041554590717], [0.4091902352523253, 0.21287607175455026, 0.0760971972689827, 0.3018364957241416], [0.19366147420289473, 0.29551002406637855, 0.1987224135495545, 0.312106088181172], [0.2639113552382542, 0.3108240416353658, 0.2069493546123553, 0.2183152485140248], [0.24353272115891197, 0.2637514412152242, 0.1993559781847018, 0.29335985944116166], [0.3738578353712301, 0.2403692367768558, 0.05527386373707808, 0.3304990641148358], [0.2789869058027622, 0.30300820836958936, 0.13081290494270384, 0.2871919808849445], [0.2756911234119368, 0.2544655868391571, 0.209845539657393, 0.2599977500915128], [0.2661186638812463, 0.2836514888885053, 0.19128098127420906, 0.2589488659560397], [0.3665348671674019, 0.2621951156417203, 0.0333486034931576, 0.33792141369771994], [0.3064348403356466, 0.23785052023349396, 0.11335400698765616, 0.3423606324432032], [0.2958344534184222, 0.26335296602929614, 0.13538595493509686, 0.3054266256171848], [0.25540200583573164, 0.3025890487369781, 0.1380415701361089, 0.30396737529118134], [0.2916526956049305, 0.2745555170716692, 0.12133522063871169, 0.31245656668468846], [0.19813147954381044, 0.2638838548894028, 0.27266991610237823, 0.26531474946440864], [0.4334254413367933, 0.1868840108498852, 0.08252007058787747, 0.29717047722544404], [0.3183728921196968, 0.27761493150814853, 0.09892173062398832, 0.30509044574816646], [0.26662366922488206, 0.26676177021730846, 0.12332914231820298, 0.3432854182396063], [0.27890303571518194, 0.2517137860787166, 0.12272153489784189, 0.3466616433082596], [0.31355905128581774, 0.30348377100381946, 0.06865420641802862, 0.31430297129233387], [0.3394929917313145, 0.27655795002708283, 0.056922363712226295, 0.3270266945293763], [0.16983825417924406, 0.27268150126770924, 0.3004805982064702, 0.2569996463465766], [0.30891058761969653, 0.25138979843670695, 0.1974035391641195, 0.24229607477947682], [0.28210294481871545, 0.296622779589443, 0.07255100157393803, 0.34872327401790365], [0.41577755951437795, 0.2097841036053336, 0.04960224512140676, 0.32483609175888184], [0.2826506588696168, 0.24998225703225072, 0.14638498583306528, 0.3209820982650671], [0.32900379140357333, 0.2909195188632353, 0.12916976181295795, 0.25090692792023384], [0.23506142234074293, 0.2790019305600008, 0.15859800644319794, 0.32733864065605867], [0.2623305736294576, 0.2353201639556033, 0.23103177614347903, 0.2713174862714601], [0.2576613480519695, 0.2696689819332253, 0.21112608136941374, 0.2615435886453913], [0.2561517378213539, 0.28026280334046466, 0.17217346325945293, 0.2914119955787288], [0.2868740013912583, 0.296212544287978, 0.13706880037846425, 0.27984465394229957], [0.16272647760809408, 0.3162027366900109, 0.20952680986178354, 0.31154397584011134], [0.2619537776286572, 0.2742147992504676, 0.16605142832566064, 0.2977799947952143], [0.17428569361061422, 0.3134510009375827, 0.221999852750906, 0.2902634527008972], [0.38692039965018726, 0.25034890155305956, 0.04870220587680089, 0.3140284929199525], [0.3664177510809085, 0.2352648876860192, 0.09040685107005887, 0.3079105101630136], [0.27458142676901093, 0.2905464921748595, 0.1342934950767109, 0.30057858597941867], [0.27381809318534545, 0.3296091559716684, 0.0707019438781087, 0.32587080696487747], [0.3256468636953277, 0.2910684035407919, 0.05767459067467218, 0.3256101420892081], [0.21559957430146526, 0.26112227551923206, 0.2565127786048005, 0.2667653715745024], [0.35673891065493885, 0.19927296280215656, 0.1674285333682584, 0.2765595931746459], [0.2277854779441275, 0.30557303005110653, 0.14048521105937536, 0.3261562809453907], [0.2696439111052126, 0.2520374749723235, 0.19822433065138576, 0.280094283271078], [0.21493075167054632, 0.26561641291481325, 0.19414620512653252, 0.3253066302881075], [0.22303430409911462, 0.30207592232362007, 0.18079475641489856, 0.294095017162367], [0.24407606650898447, 0.24681682566643962, 0.24813113898351516, 0.2609759688410605], [0.29609669363153973, 0.26910725801769764, 0.12505184162374963, 0.3097442067270128], [0.28940234815178334, 0.24757150042660248, 0.21435362972351676, 0.24867252169809753], [0.20425164538488097, 0.34574468597955527, 0.1663435323544566, 0.283660136281107], [0.24290822734549508, 0.2848035397437981, 0.17749295518688338, 0.2947952777238235], [0.2349636301379292, 0.28996150349110295, 0.2006091296652334, 0.2744657367057344], [0.292751544409625, 0.28767084033150997, 0.12112848347891818, 0.2984491317799468], [0.16003345015072604, 0.3028650246771154, 0.3286255864650283, 0.2084759387071306], [0.3290569735770561, 0.24522746148011423, 0.1266535815360776, 0.2990619834067522], [0.2909752334783201, 0.27841385953962, 0.1510117398856653, 0.2795991670963946], [0.2862868466188196, 0.29519981514790505, 0.07384986949364067, 0.34466346873963477], [0.31822567738819546, 0.27715618336190884, 0.08270201014317836, 0.32191612910671746], [0.2216901481431615, 0.27983111166707253, 0.15843952507435438, 0.3400392151154114], [0.16004503040091392, 0.3503846464925912, 0.17734567480997895, 0.31222464829651597], [0.3271241540260192, 0.1961494838503824, 0.19916092522773737, 0.2775654368958612], [0.28427477712775495, 0.27429871596498123, 0.13278293792905935, 0.30864356897820466], [0.201504111706965, 0.29368286016427586, 0.266355909612605, 0.23845711851615417], [0.24521379259354434, 0.322663344075151, 0.11230256599111084, 0.3198202973401935], [0.2793477555809187, 0.32091690633604697, 0.06987589136869178, 0.3298594467143426], [0.22978860279270194, 0.3039294033016513, 0.19121862967701328, 0.27506336422863314], [0.22297543452174867, 0.25391770119756457, 0.22595465146295074, 0.2971522128177358], [0.31065227980519144, 0.2257881597797295, 0.15618526881828734, 0.30737429159679164], [0.3650211058381261, 0.2870175862904851, 0.03672248318009525, 0.31123882469129344], [0.23154108419311742, 0.25530817858890625, 0.2381693757611712, 0.2749813614568051], [0.3972893555488441, 0.23907762362316454, 0.023352495501449567, 0.3402805253265416], [0.2333715501358491, 0.32801154177388764, 0.1275008207915556, 0.31111608729870766], [0.18999494673000691, 0.294092096215381, 0.20591275799965228, 0.31000019905495974], [0.17409193486558117, 0.29766334004269435, 0.252818108096208, 0.27542661699551657]]}}