{"test": {"ids": ["111114121", "104117200", "98108370", "113117630", "98108520", "106118301", "102116340", "112118471", "112120630", "113120280", "101116130", "113120640", "101108580", "111116010", "104111830", "110114651", "106119990", "112117571", "110117140", "111117571", "100109890", "111120220", "103120531", "101108080", "109116040", "111116411", "112121360", "97107260", "99114890", "97108520", "100108520", "110121500", "104117630", "104111711", "98112170", "103109021", "103113210", "105120621", "107121230", "112116610", "97105580", "107113130", "98107010", "112116290", "111121220", "113118490", "111118301", "109118820", "110115980", "108115250", "110119300", "112120640", "112116540", "99108310", "109120540", "113121680", "109117431", "112117780", "102110240", "104113170", "107118780", "107115250", "104109311", "99111930", "99108330", "103113101", "112118820", "107114780", "112119930", "108117610", "113122320", "112118620", "112121351", "113118620", "108116501", "104113210", "109119010", "98111860", "111115620", "100109360", "97113900", "103111540", "101109370", "108113700", "104114320", "98110680", "109121351", "108116481", "101112160", "100109910", "109121410", "98113881", "98120010", "111117480", "105118230", "110117200", "112116451", "99119830", "103111480", "113119930", "110113591", "98121790", "110118450", "111116750", "104119290", "101112690", "113119120", "99120010", "108116070", "101108121", "112121430", "107114321", "103120290", "99108000", "103113610", "105115570", "109115211", "105117200", "108118060", "108113740", "108118520", "111116530", "99109370", "98117740", "110116300", "99116500", "112118810", "104112201", "111121351", "109117110", "109114720", "113122650", "110118121", "112116501", "97116790", "111116990", "109120150", "99107560", "113119700", "113118810", "110116441", "111119430"], "labels": [0, 3, 1, 0, 2, 1, 3, 1, 3, 0, 2, 0, 0, 1, 3, 3, 0, 3, 3, 3, 3, 3, 3, 0, 0, 0, 3, 2, 2, 2, 2, 3, 0, 1, 3, 0, 3, 1, 0, 1, 1, 1, 3, 0, 3, 1, 3, 3, 1, 1, 1, 0, 1, 2, 1, 1, 1, 0, 3, 3, 1, 2, 3, 1, 1, 3, 0, 2, 1, 3, 1, 3, 0, 3, 0, 3, 3, 0, 1, 0, 2, 1, 1, 0, 2, 2, 0, 0, 3, 2, 0, 3, 2, 1, 1, 3, 0, 1, 0, 1, 0, 2, 0, 3, 1, 1, 3, 2, 1, 0, 2, 0, 2, 2, 2, 0, 0, 3, 1, 3, 0, 3, 1, 2, 3, 2, 3, 0, 0, 1, 0, 2, 3, 3, 2, 0, 2, 1, 0, 3, 3, 3], "predicted_labels": [1, 1, 1, 3, 1, 0, 3, 1, 3, 3, 3, 1, 0, 3, 1, 3, 3, 1, 3, 1, 3, 1, 1, 1, 3, 3, 1, 1, 1, 1, 3, 1, 1, 1, 3, 3, 3, 1, 1, 3, 1, 3, 1, 1, 1, 3, 1, 3, 3, 1, 3, 3, 3, 1, 1, 3, 1, 1, 1, 1, 3, 1, 3, 1, 3, 1, 1, 1, 3, 1, 3, 3, 1, 1, 3, 3, 1, 1, 3, 3, 1, 3, 1, 3, 1, 1, 0, 3, 1, 3, 1, 1, 3, 1, 1, 1, 0, 1, 1, 1, 0, 3, 1, 3, 3, 3, 1, 1, 1, 0, 3, 0, 1, 1, 1, 1, 3, 1, 3, 3, 3, 1, 1, 1, 3, 1, 1, 3, 1, 1, 3, 3, 1, 3, 1, 3, 3, 1, 1, 1, 1, 1], "confidence_scores": [[0.2866625929625931, 0.31950897435897435, 0.1233296536796537, 0.270498778998779], [0.21191712176712188, 0.3237398018648017, 0.18677268009768017, 0.27757039627039637], [0.24731121378621393, 0.28223989898989926, 0.19013485680985692, 0.2803140304140305], [0.2640294147029442, 0.24475323360849696, 0.22608388209657562, 0.26513346959198353], [0.2587550893550894, 0.33670799004916663, 0.1764344694521166, 0.22810245114362776], [0.2997159451659453, 0.2951330946830946, 0.1383511724386725, 0.26679978771228763], [0.2156635465841349, 0.24902889332889358, 0.23980973013914209, 0.29549782994783014], [0.23385744810744827, 0.3041512487512488, 0.16322966755466764, 0.29876163558663577], [0.2817821531409766, 0.21976686091686096, 0.16697859999477654, 0.33147238594738576], [0.2870562826062827, 0.21204371739371755, 0.1675661505161505, 0.33333384948384936], [0.22617484182484185, 0.2770926462426462, 0.21180769785769793, 0.28492481407481435], [0.2825183483183484, 0.29211249861249877, 0.16248047508047517, 0.26288867798867804], [0.30128252858252863, 0.24371081696081712, 0.1608328282828284, 0.29417382617382615], [0.22973794538794545, 0.2586832964421201, 0.2294844377844379, 0.2820943203854969], [0.2137523938050254, 0.312677675102675, 0.2074972999223001, 0.2660726311699996], [0.23053031053913398, 0.2562083055833059, 0.1775063963813965, 0.33575498749616406], [0.23881469918969922, 0.2652916954390641, 0.20172189199689208, 0.2941717133743449], [0.24356510711510723, 0.34702444777444774, 0.16861038961038968, 0.24080005550005545], [0.2679544086632322, 0.25851198344139537, 0.19710518370518393, 0.276428424190189], [0.2539209096459096, 0.2914520118770121, 0.16758708097458103, 0.2870399975024977], [0.2847684953934954, 0.23999374236874244, 0.17561348651348652, 0.2996242757242758], [0.26902767232767255, 0.3517978882228881, 0.16906568015318035, 0.21010875929625938], [0.2527794649794649, 0.29435160199277843, 0.16573062493062501, 0.2871383080971318], [0.2519726051726052, 0.31483275613275613, 0.17169304061951135, 0.2615015980751276], [0.1801336346659877, 0.2800791961306667, 0.20811157812775471, 0.33167559107559114], [0.29211184926184935, 0.23439661172161178, 0.1627901348651349, 0.31070140415140424], [0.25464662559662576, 0.2954553382891618, 0.19862992007992025, 0.2512681160342927], [0.2527638639138641, 0.26659202660085013, 0.21766397850515512, 0.26298013098013107], [0.18801585914085922, 0.3000136918636919, 0.2400036577801284, 0.27196679121532064], [0.2173149211899215, 0.29539294594294596, 0.2180661061161063, 0.26922602675102675], [0.25043378761761115, 0.2276921875510112, 0.23787231461349118, 0.2840017102178868], [0.23257828005328018, 0.30149843767343765, 0.19238401598401603, 0.27353926628926634], [0.20872207792207803, 0.26827338413220786, 0.25702677404295055, 0.265977763902764], [0.2422363025863028, 0.32344144066288016, 0.16780923550134091, 0.2665130212494764], [0.29389259351759356, 0.23523888888888894, 0.17270767843267848, 0.29816083916083924], [0.2620579725829727, 0.27107955932955946, 0.1827620990120991, 0.2841003690753692], [0.23439667456726293, 0.2760738927738927, 0.19604331322272503, 0.2934861194361197], [0.25863839493839497, 0.32119045121545114, 0.14604630647130656, 0.27412484737484744], [0.2184816322566324, 0.3045832556332558, 0.19136268315018323, 0.28557242895992907], [0.26090138195138185, 0.2585575147075147, 0.20304327339327347, 0.2774978299478301], [0.2107835941835943, 0.3450313575313574, 0.22189314019314021, 0.2222919080919082], [0.20709693362193354, 0.2822365276879984, 0.2148959501283032, 0.295770588561765], [0.25170971495824446, 0.28359728882228885, 0.20014048737210519, 0.26455250884736164], [0.29461780996780995, 0.3114765595515596, 0.14190579004329007, 0.25199984043734064], [0.2545921689421689, 0.3092735902985905, 0.1737700660450661, 0.2623641747141748], [0.25413936896436906, 0.2696226634476634, 0.1773334776334778, 0.2989044899544901], [0.2418402375402378, 0.32496486879133935, 0.20100714448949747, 0.23218774917892587], [0.25919835752482817, 0.2799802197802199, 0.170700593524123, 0.29012082917082926], [0.25285782550782565, 0.27317771672771685, 0.1868928293928294, 0.2870716283716284], [0.22086985563456166, 0.3090431509666805, 0.18951943318119802, 0.28056756021756024], [0.26115834720834735, 0.2713632423132422, 0.187980896880897, 0.2794975135975136], [0.2605588292426528, 0.26099976494094135, 0.19096120268620273, 0.2874802031302031], [0.24287398157398152, 0.27059214674214693, 0.17637322954822976, 0.31016064213564215], [0.22468336189953844, 0.32259123572505954, 0.2141793387168389, 0.2385460636585638], [0.20424526747762056, 0.2933609814162445, 0.21099349846060386, 0.29140025264553143], [0.23395559995559992, 0.25481650016650026, 0.2036270340770341, 0.307600865800866], [0.28112922077922087, 0.3198172105672104, 0.1529370851370852, 0.24611648351648352], [0.2526496642246644, 0.3055600233100234, 0.18055282217782234, 0.26123749028749044], [0.24143211233211256, 0.269252897102897, 0.2222133422133422, 0.2671016483516485], [0.20385066600066606, 0.3206294094794093, 0.19256616716616734, 0.2829537573537574], [0.21590829725829744, 0.2738908341658343, 0.21490645188145185, 0.29529441669441636], [0.21912928182928193, 0.32578770118770123, 0.17167142302142313, 0.28341159396159393], [0.2502142385392386, 0.26499730824730827, 0.1683948912198913, 0.316393561993562], [0.24500200355200358, 0.3244740537240536, 0.17695740370740382, 0.253566539016539], [0.22260805933832262, 0.2592162282162282, 0.2105147345344714, 0.30766097791097796], [0.24681492951492953, 0.29894521785404143, 0.1978869277781045, 0.25635292485292493], [0.24815722333222337, 0.28878190420690447, 0.17910078255078266, 0.28396008991009003], [0.18622022422022427, 0.34329463314463315, 0.21267462537462553, 0.2578105172605173], [0.21254385059385064, 0.26069394918806704, 0.2127654952890249, 0.3139967049290576], [0.21272435342435353, 0.3033840159840159, 0.1944046187472659, 0.28948701184436487], [0.24869146759673083, 0.2288241810477105, 0.2422309170447716, 0.2802534343107872], [0.24683847818847812, 0.26803621019503376, 0.16297941535588603, 0.32214589626060225], [0.2611132978132979, 0.30538334165834174, 0.15580435952935973, 0.27769900099900097], [0.25341374458874466, 0.28666588791325637, 0.18781787934287936, 0.2721024881551196], [0.23974678756915607, 0.31089865412365414, 0.13220840964590966, 0.3171461486612802], [0.2826940614940615, 0.22024704739704762, 0.1914782162282163, 0.305580674880675], [0.17167776390276399, 0.34331803196803184, 0.23474461649461664, 0.2502595876345876], [0.1922388111888114, 0.32302159507159495, 0.2071544511044511, 0.27758514263514256], [0.24347960372960384, 0.26458744588744587, 0.20055637140637145, 0.291376578976579], [0.28922633755133764, 0.22744637029637046, 0.17941768786768797, 0.3039096042846045], [0.23603983516483526, 0.31871829559329573, 0.1683060522810523, 0.27693581696081715], [0.23428277000777006, 0.27019211066711074, 0.20566963036963054, 0.28985548895548896], [0.20504038184038173, 0.31338463480963485, 0.20524636927400106, 0.2763286140759827], [0.20984263514263518, 0.27734018759018747, 0.20355251137751154, 0.3092646658896658], [0.19693449050949052, 0.32604867354867345, 0.21905135142635151, 0.2579654845154848], [0.272339003686372, 0.29570031080031084, 0.18441863034626207, 0.24754205516705544], [0.31208412420912424, 0.2787692400736521, 0.1399102813852815, 0.2692363543319426], [0.2757373809197337, 0.2691398767898769, 0.1439612831612832, 0.311161459129106], [0.24227308802308797, 0.31603000055500047, 0.17181674159174154, 0.2698801698301699], [0.21392011485246787, 0.24501393606393632, 0.25269729159729165, 0.2883686574863046], [0.21831174936174952, 0.311264923964924, 0.19277318514818514, 0.2776501415251415], [0.2511111013169838, 0.3003260223436694, 0.18165892049127347, 0.26690395584807375], [0.20986775899539062, 0.2718718004218005, 0.2277088320176556, 0.29055160856515344], [0.23789340659340666, 0.34168653013653016, 0.15639011821511825, 0.264029945054945], [0.19785380175380193, 0.30686352177234516, 0.2195775696525699, 0.2757051068212835], [0.2371393985099868, 0.2947396908646907, 0.17523242133683314, 0.2928884892884894], [0.3000476614888381, 0.28032811828694176, 0.17973757353757355, 0.23988664668664672], [0.25142948440448454, 0.31639207365561844, 0.15999726384726398, 0.2721811780926333], [0.27153469308469314, 0.3028259962259963, 0.13591393606393615, 0.2897253746253747], [0.2682366827616826, 0.3001754023754025, 0.1749617826617826, 0.25662613220113223], [0.2903930069930068, 0.28622846238728605, 0.14901393051393058, 0.2743646001057766], [0.22169322899322913, 0.2889019813519813, 0.19870987345987354, 0.29069491619491616], [0.20834512823777546, 0.3367367993117993, 0.2121215986627752, 0.24279647378765035], [0.29679990205872564, 0.22023813408813428, 0.15745458430458434, 0.325507379548556], [0.2260974053724055, 0.3017899017649018, 0.16984320205937864, 0.30226949080331433], [0.2138297868797869, 0.289085680985681, 0.20146623654123663, 0.2956182955932958], [0.2590137085137086, 0.290258210417034, 0.1702269988181753, 0.2805010822510823], [0.25308605561105557, 0.315443808968809, 0.19440448856698866, 0.23706564685314685], [0.24831673881673896, 0.29881644466644464, 0.18734302951950016, 0.26552378699731644], [0.3214987123987123, 0.248313634404811, 0.16063906093906102, 0.26954859225741584], [0.23614964284081957, 0.27111821430203786, 0.20114425574425587, 0.29158788711288736], [0.3107652078313843, 0.30207772146154505, 0.11682325452325455, 0.27033381618381636], [0.18508080808080823, 0.31401558637440996, 0.21407271421389085, 0.28683089133089124], [0.21454950082597157, 0.3508906201641495, 0.18658272283272292, 0.24797715617715632], [0.24079290986791, 0.2908804159892396, 0.2245502366914132, 0.24377643745143746], [0.18183619158619163, 0.32874415584415617, 0.2465318709068711, 0.2428877816627816], [0.20209563769563782, 0.2981858974358974, 0.1769306665556666, 0.3227877983127982], [0.21909585692085698, 0.3222427278603749, 0.22382749635984964, 0.23483391885891902], [0.23875729270729276, 0.27874434176934193, 0.190033646908647, 0.2924647186147186], [0.2155493690520007, 0.2532577866577868, 0.19910335220335232, 0.3320894920868605], [0.2730312911374832, 0.2666235542235543, 0.17716853877117042, 0.28317661586779264], [0.2267857808857809, 0.28757029947177, 0.22636619932355226, 0.2592777203188968], [0.22755429365955684, 0.33016343933843934, 0.18683619085592781, 0.25544607614607634], [0.19480606893106897, 0.35761028971028963, 0.18283954101454106, 0.2647441003441004], [0.24817931133194304, 0.2548844020358727, 0.20234581035579505, 0.2945904762763895], [0.17802462145697454, 0.28955202411967146, 0.25983918858918864, 0.2725841658341657], [0.2331040947614478, 0.2896157132083602, 0.18861002828870496, 0.28867016374148746], [0.27863203740703746, 0.2653709540459541, 0.16122185037185044, 0.2947751581751582], [0.2729363061774827, 0.27780906789289145, 0.18058017260517267, 0.2686744533244535], [0.22176852591852586, 0.3281230325230325, 0.20341095848595844, 0.24669748307248301], [0.20124998889998896, 0.2938833444333445, 0.1982371212121213, 0.30662954545454546], [0.24221992729492745, 0.25329694113076456, 0.20658775252525263, 0.29789537904905555], [0.23035991230991243, 0.30573620268620294, 0.159684337884338, 0.3042195471195469], [0.23113719058719076, 0.28693840603840615, 0.1499272560772562, 0.3319971472971473], [0.21456548451548457, 0.2699792846042848, 0.24704948744066393, 0.26840574343956725], [0.28601763791763807, 0.22707784992785007, 0.18208999333999348, 0.30481451881451876], [0.23156166807049164, 0.2559001554001556, 0.2188418303918305, 0.29369634613752255], [0.21738422965922988, 0.3285291486291486, 0.16928815106462167, 0.28479847064700026], [0.2390240426240427, 0.32727923742923726, 0.18306001776001796, 0.2506367021867022], [0.26806972945355295, 0.3069556526806527, 0.16546639610389616, 0.25950822176189825], [0.23004025141525153, 0.3087604589854591, 0.16001915861915866, 0.3011801309801311], [0.19302884892884895, 0.32848227883227926, 0.2008682095682097, 0.2776206626706629]]}, "rewritten": {"ids": ["97105580", "97107260", "97108520", "97113900", "97116790", "98107010", "98108370", "98108520", "98110680", "98111860", "98112170", "98113881", "98117740", "98120010", "98121790", "99107560", "99108000", "99108310", "99108330", "99109370", "99111930", "99114890", "99116500", "99119830", "99120010", "100108520", "100109360", "100109890", "100109910", "101108080", "101108121", "101108580", "101109370", "101112160", "101112690", "101116130", "102110240", "102116340", "103109021", "103111480", "103111540", "103113101", "103113210", "103113610", "103120290", "103120531", "104109311", "104111711", "104111830", "104112201", "104113170", "104113210", "104114320", "104117200", "104117630", "104119290", "105115570", "105117200", "105118230", "105120621", "106118301", "106119990", "107113130", "107114321", "107114780", "107115250", "107118780", "107121230", "108113700", "108113740", "108115250", "108116070", "108116481", "108116501", "108117610", "108118060", "108118520", "109114720", "109115211", "109116040", "109117110", "109117431", "109118820", "109119010", "109120150", "109120540", "109121351", "109121410", "110113591", "110114651", "110115980", "110116300", "110116441", "110117140", "110117200", "110118121", "110118450", "110119300", "110121500", "111114121", "111115620", "111116010", "111116411", "111116530", "111116750", "111116990", "111117480", "111117571", "111118301", "111119430", "111120220", "111121220", "111121351", "112116290", "112116451", "112116501", "112116540", "112116610", "112117571", "112117780", "112118471", "112118620", "112118810", "112118820", "112119930", "112120630", "112120640", "112121351", "112121360", "112121430", "113117630", "113118490", "113118620", "113118810", "113119120", "113119700", "113119930", "113120280", "113120640", "113121680", "113122320", "113122650"], "labels": [1, 2, 2, 2, 2, 3, 1, 2, 2, 0, 3, 3, 2, 2, 2, 1, 2, 2, 1, 1, 1, 2, 2, 1, 2, 2, 0, 3, 2, 0, 0, 0, 1, 3, 1, 2, 3, 3, 0, 0, 1, 3, 3, 2, 2, 3, 3, 1, 3, 0, 3, 3, 2, 3, 0, 1, 0, 3, 1, 1, 1, 0, 1, 0, 2, 2, 1, 0, 0, 3, 1, 1, 0, 0, 3, 1, 0, 0, 0, 0, 1, 1, 3, 3, 2, 1, 0, 0, 0, 3, 1, 3, 3, 3, 3, 3, 0, 1, 3, 0, 1, 1, 0, 3, 3, 0, 1, 3, 3, 3, 3, 3, 0, 0, 0, 3, 1, 1, 3, 0, 1, 3, 3, 0, 1, 3, 0, 0, 3, 2, 0, 1, 3, 3, 3, 0, 1, 0, 0, 1, 1, 2], "predicted_labels": [1, 3, 1, 1, 1, 1, 3, 1, 1, 3, 3, 3, 1, 1, 0, 1, 1, 1, 1, 1, 1, 1, 1, 1, 1, 3, 3, 0, 0, 1, 0, 3, 1, 3, 3, 3, 0, 3, 0, 1, 3, 1, 3, 1, 1, 3, 0, 1, 1, 0, 1, 1, 3, 3, 1, 1, 1, 1, 1, 3, 3, 1, 1, 1, 1, 1, 3, 1, 3, 3, 1, 1, 0, 1, 1, 3, 1, 1, 3, 3, 1, 1, 1, 1, 3, 3, 0, 1, 3, 3, 3, 3, 1, 3, 1, 1, 1, 1, 1, 0, 3, 3, 3, 3, 3, 3, 1, 1, 1, 1, 1, 3, 0, 1, 1, 1, 3, 1, 1, 1, 0, 1, 1, 1, 3, 0, 0, 1, 1, 3, 1, 3, 3, 1, 3, 1, 1, 3, 1, 1, 1, 3], "confidence_scores": [[0.219949494949495, 0.3399345404595405, 0.17976045898545887, 0.26035550560550563], [0.23503984985602638, 0.22432765012765024, 0.2584471920236628, 0.282185307992661], [0.23455424510130404, 0.2997530227941993, 0.19786408852585333, 0.26782864357864355], [0.25564893994893995, 0.30831832056832037, 0.18982344877344898, 0.24620929070929082], [0.23934928127428143, 0.28466204906204895, 0.19431496085613736, 0.2816737088075324], [0.24594057217292517, 0.31519003055767775, 0.2007456987456988, 0.2381236985236986], [0.2459454323454324, 0.2766605144855144, 0.19738399758136618, 0.28001005558768727], [0.2428632922632923, 0.3530925027586792, 0.14414687926452632, 0.2598973257135023], [0.25924458874458883, 0.31503995448995437, 0.1901771339771341, 0.235538322788323], [0.21328902568020225, 0.28458366437484095, 0.19139038379920736, 0.3107369261457499], [0.30147729770229753, 0.20876275668775673, 0.17273215950715962, 0.31702778610278604], [0.2500523595685361, 0.3008790831717303, 0.1426898276560042, 0.30637872960372947], [0.1926797862268451, 0.34478456625074266, 0.21775538611715078, 0.24478026140526155], [0.24539949772449768, 0.2823067579479345, 0.20765465131703545, 0.26463909301053273], [0.2843357753357754, 0.2792043956043957, 0.17521536241536256, 0.2612444666444668], [0.25812475890122966, 0.30989943357296307, 0.18163646908646916, 0.2503393384393385], [0.22728624153624166, 0.3043208871537818, 0.21417244933429133, 0.2542204219756853], [0.2560935647685649, 0.31200758963258973, 0.20830967496555744, 0.22358917063328845], [0.20900660450660452, 0.30935774780774766, 0.22709102009102025, 0.2545446275946276], [0.2253362609612609, 0.31575033577533573, 0.20472473637473645, 0.25418866688866704], [0.22422284659784675, 0.3424098623598625, 0.18321340881340903, 0.25015388222888224], [0.22540990578049405, 0.29397885758032827, 0.24527278538455005, 0.2353384512546279], [0.19880535020535023, 0.2921914585414585, 0.22218015873015895, 0.28682303252303243], [0.2294604506604508, 0.32856652616389437, 0.1790541125541126, 0.2629189106215425], [0.25260542790542806, 0.26358733570351234, 0.22338296425796433, 0.26042427213309577], [0.27138737177854844, 0.20928643382761034, 0.21236667972550333, 0.306959514668338], [0.27929996669996676, 0.2573337551337553, 0.16334425574425576, 0.3000220224220224], [0.29298956876456883, 0.26258225108225114, 0.1717705350205351, 0.2726576451326453], [0.26801863022598327, 0.2656118936618938, 0.2032356421356423, 0.26313383397648116], [0.254350457875458, 0.3061281052281053, 0.16912430347430357, 0.27039713342213345], [0.2957768981018983, 0.28176159673659695, 0.16355691808191813, 0.2589045870795871], [0.28165290820290817, 0.2478584712672948, 0.16479408173525828, 0.30569453879453884], [0.23364286546786564, 0.3075485347985346, 0.1961483720957407, 0.2626602276378592], [0.2616322954822957, 0.2547905205905206, 0.18087552447552457, 0.3027016594516593], [0.1962013347763348, 0.28766965256965266, 0.22595754800754816, 0.29017146464646465], [0.22888404732522388, 0.2599321412247884, 0.20684238702474006, 0.304341424425248], [0.30030243090243086, 0.28859665334665335, 0.16483316055289748, 0.2462677551980184], [0.22303742091242093, 0.2679363156451394, 0.23534502719502742, 0.2736812362474128], [0.28238756623493466, 0.27880763321645696, 0.15891144390525203, 0.2798933566433566], [0.2498022810522811, 0.3051478909978911, 0.15465412540675708, 0.290395702543071], [0.2696130496954028, 0.22598843378843383, 0.22437416574653427, 0.2800243507696296], [0.21893441660678511, 0.31679299115916776, 0.18306304426567596, 0.28120954796837144], [0.22997837619896458, 0.2511884726384727, 0.21956122864064034, 0.2992719225219226], [0.24731269563769576, 0.30133108835608857, 0.21158103285603294, 0.23977518315018323], [0.20543803027038332, 0.33271967476967484, 0.1947129443655761, 0.26712935059436616], [0.2720631784881785, 0.2638508963258966, 0.18901149683649696, 0.2750744283494284], [0.3074671828171829, 0.29077206127206146, 0.12982244977244986, 0.27193830613830633], [0.27329313084576246, 0.2944893170554937, 0.15795065881830592, 0.2742668932804381], [0.23497611832611834, 0.30349167499167506, 0.16950418470418466, 0.29202802197802197], [0.2987079947829949, 0.2838549349773035, 0.142478515928516, 0.27495855431118593], [0.23875099455068508, 0.30703335357453015, 0.17606750177926658, 0.2781481500955187], [0.2536087773337775, 0.26166432178932203, 0.2412162753912756, 0.2435106254856256], [0.24075594160741223, 0.28666522611375556, 0.18494274336774344, 0.287636088911089], [0.24923528138528153, 0.28240699300699296, 0.18338459318459327, 0.2849731324231324], [0.23692029637029646, 0.3173650932400931, 0.1579709235209236, 0.287743686868687], [0.23815948495948508, 0.31119966927637194, 0.17579406587564497, 0.2748467798884982], [0.1973680577592344, 0.2890264235764238, 0.22483173689056057, 0.28877378177378193], [0.22089939782439783, 0.29368871406371405, 0.22406928626928635, 0.26134260184260183], [0.21926030636030644, 0.29649601982984347, 0.2015835858585859, 0.28266008795126435], [0.27252623765123773, 0.2705445193695197, 0.12120886474636483, 0.3357203782328781], [0.2911699578199579, 0.2550560384060384, 0.15534290709290718, 0.2984310966810967], [0.2524158452658455, 0.2893188349662035, 0.1975607059607061, 0.2607046138072454], [0.20992591199650032, 0.2916284437784439, 0.24016359849301036, 0.2582820457320457], [0.3054397435897435, 0.32596260765378415, 0.12481152932035289, 0.24378611943611955], [0.19357641525141525, 0.3255843136395769, 0.21324781081491606, 0.2675914602940919], [0.2079376678876678, 0.3147337162837163, 0.21622974247974266, 0.2610988733488734], [0.2652913780663781, 0.26924465811965814, 0.17389315859579016, 0.29157080521817363], [0.19583379398379394, 0.32842380090669565, 0.19005690793125032, 0.28568549717826036], [0.21081098901098913, 0.2563061549561551, 0.2258819680319681, 0.3070008880008881], [0.2291444797033034, 0.28183767343767335, 0.18925651293151308, 0.2997613339275105], [0.231505982579512, 0.30232202797202806, 0.20473818828230603, 0.2614338011661541], [0.2648122877122877, 0.3160853018326703, 0.18271189643689648, 0.2363905140181458], [0.3133211391549626, 0.24820723998224006, 0.14252981822099473, 0.29594180264180253], [0.24780946488152383, 0.30451707720384175, 0.16803064043799343, 0.279642817476641], [0.2365033938283938, 0.28839207181707194, 0.20018363164613182, 0.2749209027084028], [0.2608105505605507, 0.24274632589632605, 0.15366254301254315, 0.3427805805305804], [0.233892069042069, 0.31016944166944166, 0.1769681263181264, 0.2789703629703631], [0.22627884974502616, 0.29884906400788774, 0.18873039868628128, 0.28614168756080544], [0.2704758047508048, 0.2706937368187368, 0.14741588411588413, 0.3114145743145743], [0.2186896298146299, 0.28317225931962786, 0.20559551837051848, 0.29254259249522396], [0.24318438783438784, 0.33072125097125094, 0.19242142024642034, 0.23367294094794105], [0.27584283874020715, 0.32642427572427596, 0.15217296767559926, 0.2455599178599178], [0.24685809778456852, 0.3010913586413586, 0.1738143131378426, 0.2782362304362306], [0.18429527849171826, 0.3196686277774514, 0.2149259502795108, 0.2811101434513199], [0.22257223609723628, 0.2679832417582418, 0.23299467754467776, 0.2764498445998447], [0.23174499944499954, 0.27761698579198585, 0.17242412587412598, 0.3182138888888888], [0.3016376345876347, 0.28988509823509834, 0.16203732378732386, 0.24643994338994343], [0.22942392607392625, 0.3164478521478521, 0.17032757242757246, 0.2838006493506493], [0.26915079446697104, 0.27643560328560324, 0.1624099805423336, 0.29200362170509236], [0.2676160589410588, 0.22964950980392165, 0.17427157287157283, 0.32846285838344685], [0.22265079642579658, 0.26538605838605844, 0.22491470196470204, 0.28704844322344314], [0.24715883838383845, 0.24924143079143082, 0.1937648036174353, 0.3098349272072956], [0.22655754049871715, 0.3103126642964879, 0.1649369436119437, 0.29819285159285164], [0.2550981926570163, 0.2780904761904763, 0.1867470862470864, 0.2800642449054215], [0.2471916527916528, 0.3119561022311024, 0.22073421300921314, 0.22011803196803198], [0.2504284715284716, 0.30359349261849283, 0.16408854331942585, 0.2818894925336102], [0.21602595460095467, 0.331417488067488, 0.2259063492063494, 0.22665020812520828], [0.27479689199689195, 0.282377677877678, 0.18454123654123666, 0.25828419358419363], [0.26990761738261765, 0.33961801809301795, 0.14701277056277062, 0.24346159396159417], [0.29775754245754243, 0.2912454711954712, 0.1569795315795316, 0.2540174547674548], [0.2052070338158574, 0.23967843920785104, 0.2259171162171163, 0.3291974107591755], [0.26974354534354533, 0.23843231964114325, 0.21764811707899953, 0.2741760179363122], [0.29810640552258194, 0.23142868161250513, 0.16577835301952945, 0.3046865598453834], [0.26865374151991833, 0.2522111188261343, 0.2071808949220715, 0.2719542447318763], [0.27691735209235235, 0.23985689033189048, 0.16176839826839834, 0.3214573593073593], [0.2995071706071707, 0.2512465700965701, 0.14402480852480856, 0.30522145077145074], [0.24497635142635157, 0.31300962730080395, 0.1575889388389389, 0.28442508243390613], [0.19576606726606735, 0.38689693639693645, 0.13644668664668674, 0.2808903096903096], [0.19248281163281175, 0.3726206293706294, 0.1816086524586526, 0.25328790653790656], [0.18822671217671222, 0.32611517926517913, 0.16939531024531027, 0.31626279831279824], [0.2618018842268842, 0.30892336911454576, 0.20387367493617492, 0.22540107172239543], [0.2471783966033966, 0.27819155566655557, 0.18839733044733056, 0.2862327172827174], [0.28823401402519055, 0.2776011452599687, 0.19934977799977804, 0.2348150627150628], [0.29858718503718507, 0.3382631257631258, 0.14495550560550566, 0.21819418359418372], [0.25071932511932515, 0.33395035695298864, 0.14949261498735186, 0.26583770294033476], [0.24767944082061752, 0.3396761126901993, 0.1477337704435227, 0.26491067604566065], [0.22797388722388728, 0.28784713064713074, 0.18613223720723732, 0.29804674492174493], [0.23939633699633717, 0.2983052142302144, 0.18340064935064943, 0.2788977994227993], [0.23267015566133228, 0.3339819491310204, 0.18428526152210375, 0.2490626336855441], [0.24099638694638703, 0.2936574508824508, 0.18650298867798867, 0.2788431734931738], [0.30744139194139175, 0.2529099991511757, 0.13686999944499945, 0.30277860946243323], [0.24111467143967158, 0.31147903207903194, 0.16076844266844273, 0.28663785381285395], [0.23379883727383735, 0.28523797591297595, 0.22336896575646595, 0.25759422105672125], [0.23776448931185784, 0.3313439615939616, 0.20428269961033133, 0.2266088494838496], [0.23162108447108443, 0.2745848706848707, 0.1762725829725831, 0.3175214618714619], [0.3238190575764104, 0.20531642246642248, 0.1664544153558861, 0.30441010460128126], [0.29566659174159177, 0.2702913606001841, 0.18558688615306268, 0.24845516150516153], [0.24366473102061348, 0.32128250960425886, 0.16747663374637053, 0.26757612562875727], [0.27583757353757354, 0.3262483960483961, 0.1620289155289156, 0.23588511488511504], [0.21183722388722398, 0.24770660728160732, 0.20780955710955726, 0.33264661172161186], [0.27885210900210905, 0.2956079365079368, 0.17199553224553238, 0.2535444222444224], [0.253954650904651, 0.23910356310356312, 0.195744388944389, 0.31119739704739696], [0.2752908702408702, 0.24757813514315075, 0.18237419965655274, 0.2947567949594266], [0.21356162171162185, 0.33357873237873226, 0.183997263847264, 0.2688623820623823], [0.2574583055833058, 0.2613159562659563, 0.2011969696969698, 0.28002876845376856], [0.23170381285381297, 0.3168723296311531, 0.22215812879930552, 0.22926572871572878], [0.24638892496392517, 0.30584616494616496, 0.17367971195471205, 0.274085198135198], [0.2983108281811068, 0.19936604477393952, 0.18532369694289214, 0.3169994301020615], [0.2416217317769952, 0.27706246253746264, 0.21829981056954745, 0.2630159951159953], [0.2091164077752314, 0.31567962592962573, 0.21061111111111117, 0.26459285518403175], [0.26946394993894984, 0.28825768120768136, 0.17374913974913977, 0.26852922910422916], [0.24499756909756915, 0.256740997890998, 0.20228394938394947, 0.29597748362748383]]}}