{"test": {"ids": ["109119450", "113119360", "104114410", "104114320", "99107300", "105113440", "108120260", "112121410", "113122650", "109114651", "111115910", "106115250", "100111390", "103111930", "107121700", "108114040", "107118490", "112116990", "113118870", "113122120", "98108970", "109115380", "101111140", "107119950", "108116501", "113122160", "102117351", "112120670", "106121220", "106117650", "99113260", "109120150", "110119030", "110115140", "104114740", "110116290", "108118301", "101111990", "107118520", "112118530", "111116530", "109118161", "113121810", "99109910", "97118210", "110118930", "110114321", "111121351", "113122510", "107114490", "107118820", "103109791", "102111990", "98117740", "112118930", "99112300", "113122230", "98108580", "107115140", "107119130", "104114240", "98116090", "97107260", "108113740", "97116790", "110121170", "108118810", "113120751", "99105921", "107117630", "107116980", "103110100", "97106600", "112119580", "100113370", "110120560", "99107630", "105112100", "103118291", "110118161", "99108010", "107118780", "105113480", "110120640", "110114920", "111117571", "106118161", "112117580", "110118111", "97116800", "111119930", "100108520", "104113240", "104109311", "107120010", "99110050", "108116120", "104111780", "97109570", "102121440", "108117610", "102114270", "99109141", "102113210", "100109311", "100109910", "106113830", "108121190", "109114030", "98110710", "112116451", "99109780", "98116500", "108120060", "97107920", "108119330", "103110840", "113121190", "105115900", "113120260", "110117080", "111119300", "103120340", "111119950", "112120540", "109117600", "104111550", "108121351", "112120990", "108113620", "109119340", "108115570", "111116411", "104110960", "99112641", "113118490", "110118740", "105121370", "102109840", "100116790", "112116290", "99107950"], "labels": [3, 0, 1, 2, 3, 0, 1, 0, 2, 3, 2, 2, 2, 3, 3, 0, 2, 0, 0, 1, 3, 3, 2, 3, 0, 3, 1, 2, 1, 1, 0, 2, 0, 0, 2, 2, 1, 2, 2, 1, 3, 0, 2, 2, 2, 1, 1, 0, 2, 3, 3, 3, 2, 2, 1, 0, 1, 0, 0, 1, 0, 0, 2, 3, 2, 2, 1, 1, 1, 0, 3, 1, 3, 3, 3, 0, 2, 1, 0, 0, 2, 1, 0, 0, 3, 3, 3, 0, 1, 0, 1, 2, 2, 3, 1, 3, 1, 3, 0, 2, 3, 3, 3, 3, 1, 2, 1, 1, 1, 2, 0, 2, 2, 1, 0, 0, 1, 1, 3, 3, 1, 1, 1, 0, 3, 1, 1, 3, 2, 3, 3, 3, 0, 2, 1, 1, 3, 2, 2, 2, 0, 1], "predicted_labels": [1, 3, 3, 3, 3, 1, 1, 3, 3, 3, 3, 1, 3, 3, 1, 1, 1, 3, 1, 3, 1, 1, 1, 0, 3, 1, 0, 1, 1, 3, 3, 3, 1, 3, 1, 0, 0, 1, 0, 3, 1, 0, 1, 3, 1, 1, 1, 3, 1, 3, 1, 3, 0, 1, 3, 3, 1, 3, 3, 1, 1, 1, 1, 3, 1, 3, 1, 0, 1, 0, 1, 3, 3, 3, 1, 3, 3, 3, 3, 1, 0, 3, 1, 1, 1, 3, 0, 1, 1, 0, 1, 3, 1, 3, 3, 3, 0, 0, 0, 3, 3, 3, 3, 1, 0, 1, 0, 1, 1, 3, 0, 3, 0, 1, 0, 3, 3, 1, 3, 1, 3, 1, 3, 3, 1, 0, 1, 3, 1, 0, 3, 1, 3, 1, 1, 3, 3, 1, 3, 1, 0, 1], "confidence_scores": [[0.1941077402629058, 0.2975572571017632, 0.21163754968029008, 0.296697452955041], [0.2305742088201359, 0.2764826431511927, 0.1685970317426812, 0.3243461162859903], [0.20366132366827178, 0.2640903253547394, 0.24150049570466453, 0.2907478552723243], [0.19109591702171122, 0.2861946249720944, 0.21657743440933758, 0.30613202359685693], [0.27823746567209623, 0.2722403409311294, 0.13039049154313137, 0.31913170185364303], [0.24811091448025732, 0.30593625433135785, 0.17107055637780508, 0.27488227481058003], [0.2632282422463453, 0.3326482210421258, 0.1380600301422347, 0.2660635065692943], [0.2338222289870468, 0.2705189399724343, 0.22120438657417768, 0.27445444446634176], [0.21611201030149224, 0.2896227548010836, 0.17111584114581924, 0.3231493937516051], [0.24632168186517928, 0.28998890943740724, 0.17197949035452492, 0.29170991834288895], [0.2528422204013304, 0.29537413599579543, 0.13268293175384757, 0.3191007118490269], [0.25680022588066076, 0.30470504319376124, 0.18003557350956276, 0.2584591574160155], [0.23570338339886537, 0.2989811491613375, 0.14099968690482842, 0.32431578053496884], [0.25041874083107896, 0.28444390894414284, 0.17512928462400296, 0.2900080656007753], [0.18913802044489014, 0.3482199994184568, 0.17473159756489967, 0.2879103825717535], [0.22733068049823654, 0.29485635826560785, 0.2020373589736304, 0.27577560226252545], [0.2372085111956461, 0.2789032889729642, 0.2271711274904574, 0.2567170723409324], [0.2207060296527767, 0.2733302485597606, 0.18309384536243312, 0.3228698764250298], [0.2831319958683503, 0.2946334267286605, 0.19133122959187054, 0.2309033478111187], [0.259600647614368, 0.278173111499947, 0.15813396571546126, 0.30409227517022397], [0.1871721924498438, 0.3236560437204751, 0.198762878286853, 0.29040888554282857], [0.23523398425015807, 0.30302099779910396, 0.1690211606361786, 0.29272385731455963], [0.2630620241068937, 0.2813990209155675, 0.18808690006098416, 0.2674520549165545], [0.31535508303523463, 0.25048567865588806, 0.13535964158613115, 0.29879959672274625], [0.28644826256503736, 0.2443442147699146, 0.15358168343064796, 0.3156258392344001], [0.2304527586556903, 0.28654041555115806, 0.21075049965256157, 0.2722563261405902], [0.3213097689436065, 0.28703962197508276, 0.15063097505772727, 0.24101963402358373], [0.19182892625883458, 0.3325075520018182, 0.1493427856690883, 0.32632073607025913], [0.23744929305349247, 0.29718685540135614, 0.16822880169550442, 0.2971350498496471], [0.2281255107918838, 0.2726955672833218, 0.2132989642834646, 0.28587995764133006], [0.26641326530986176, 0.2247959705426467, 0.17041321539826892, 0.3383775487492229], [0.24300785962802077, 0.27433303869114767, 0.20036446832046653, 0.28229463336036514], [0.20998730088870157, 0.3728667307195321, 0.1431437017757451, 0.27400226661602123], [0.24144324664878522, 0.24247727265493021, 0.17557435289741907, 0.34050512779886566], [0.27668436445517125, 0.2820437243315963, 0.16256071488273938, 0.2787111963304931], [0.30782750981667384, 0.2561083900283382, 0.1434612975358996, 0.2926028026190887], [0.3457587486044258, 0.23633559560809903, 0.14469291472316997, 0.2732127410643054], [0.21601286581747595, 0.3255001902379403, 0.21353816838747428, 0.24494877555710964], [0.33950392975936144, 0.2556834117323385, 0.13426007991474048, 0.2705525785935596], [0.2196386879712986, 0.2964858780278511, 0.1715344901890254, 0.31234094381182503], [0.246103891006417, 0.31453305358724715, 0.21315481962435956, 0.22620823578197655], [0.28472744043461995, 0.27866688964793573, 0.18577429976848855, 0.25083137014895585], [0.22373917104590654, 0.3021052990745158, 0.17571056473970045, 0.2984449651398774], [0.26455057516008657, 0.2743315165436328, 0.17927098778899012, 0.2818469205072906], [0.2627414417189639, 0.2786069107524607, 0.19763553354779376, 0.26101611398078167], [0.24072531386274257, 0.31047464155837523, 0.18632388562567306, 0.26247615895320925], [0.2612144973801432, 0.3112097529433532, 0.13195345457653487, 0.2956222950999688], [0.28170175414782095, 0.27019152279945163, 0.16479858501802166, 0.28330813803470606], [0.22955602633886707, 0.3101942839331118, 0.18286970977084935, 0.2773799799571718], [0.23401041202275485, 0.2907263412440632, 0.1794793708092914, 0.29578387592389077], [0.23748502640171182, 0.2974739093503274, 0.1797094692298046, 0.2853315950181564], [0.23860289047107813, 0.2681376690303862, 0.1872793297005613, 0.3059801107979745], [0.30674732147427747, 0.2602763847664688, 0.18004083278037566, 0.2529354609788782], [0.2278155146642846, 0.3019573392294978, 0.1916979233131017, 0.27852922279311626], [0.2127143637270284, 0.25756301779394614, 0.17667440941276458, 0.3530482090662608], [0.23968187430073343, 0.28229986738735063, 0.15059111159973765, 0.3274271467121784], [0.2134967003328725, 0.31084820001848396, 0.21842444011584758, 0.25723065953279606], [0.24563641624368462, 0.2529610598612767, 0.19234592503847217, 0.3090565988565666], [0.2649731614104312, 0.23313904035220226, 0.1334466533542047, 0.3684411448831621], [0.2612215952210093, 0.2944246560201288, 0.17790002372052938, 0.2664537250383326], [0.26209972923243857, 0.28652604806400866, 0.17334249777892657, 0.27803172492462647], [0.23664669453854614, 0.30865076359863086, 0.19449172634341672, 0.26021081551940617], [0.24682198912462336, 0.2628706605962137, 0.2391461489893178, 0.2511612012898451], [0.2668506875787934, 0.26205458653110136, 0.18468556132991967, 0.2864091645601858], [0.2596068879483396, 0.2974898839886786, 0.2111626302131935, 0.23174059784978837], [0.22650534917516205, 0.279132073905222, 0.15197177165148654, 0.3423908052681295], [0.24394794812965093, 0.30951687051870747, 0.1576874241289575, 0.28884775722268413], [0.2920410135547503, 0.28668794423178656, 0.14761416246301043, 0.2736568797504529], [0.25482694457529176, 0.33355838008917316, 0.13010450242722293, 0.28151017290831215], [0.3166865642836312, 0.2361002321804676, 0.14989151127137587, 0.29732169226452565], [0.2806746138403098, 0.31931384337062985, 0.1413584676492219, 0.2586530751398387], [0.20944525136783465, 0.2896991380261753, 0.20929370063683644, 0.29156190996915354], [0.24803677228932, 0.2850900992120294, 0.16184683194301588, 0.30502629655563473], [0.2516792023392973, 0.27268049101981046, 0.1607319985257312, 0.31490830811516096], [0.22225479234272927, 0.2877788490599949, 0.21574460582378627, 0.27422175277348976], [0.2428088242097731, 0.2502650241094824, 0.20052206738207987, 0.3064040842986647], [0.24092788582450894, 0.25841164491054625, 0.16729561770245838, 0.33336485156248635], [0.27044569657386136, 0.25448444036241724, 0.1690421339805889, 0.3060277290831326], [0.28129940730405234, 0.28030667990874786, 0.13920555752327504, 0.29918835526392473], [0.26080490329584277, 0.3127120244491832, 0.13339963159248336, 0.29308344066249065], [0.28534010523831016, 0.2764170650644591, 0.2203364722679309, 0.21790635742929992], [0.2280358590416955, 0.24839470471917707, 0.20915196041603137, 0.314417475823096], [0.18563616366358507, 0.3231375373996999, 0.17163769028609366, 0.3195886086506214], [0.27694425799307193, 0.30116218507702947, 0.15834543933748524, 0.2635481175924138], [0.24255392208096155, 0.3221599214892465, 0.13512268955532594, 0.3001634668744662], [0.27411846353429836, 0.27957231459464765, 0.1636570665366894, 0.2826521553343646], [0.29328290626793235, 0.25984680836884755, 0.15813384767096358, 0.2887364376922567], [0.24366210718770687, 0.2920401394419343, 0.17323213227401632, 0.2910656210963429], [0.2860602618259351, 0.2879967623424105, 0.15112938060360176, 0.27481359522805304], [0.39456838156803065, 0.19030853914578927, 0.16091932498615655, 0.25420375430002357], [0.24286068494987684, 0.31376012039113466, 0.17138481986465778, 0.2719943747943308], [0.18905919716691041, 0.2898982406683908, 0.22026910082552512, 0.3007734613391738], [0.1946469086903809, 0.3467226359127863, 0.20364343735508605, 0.25498701804174695], [0.27606456077675856, 0.27518514620568746, 0.14053469793847476, 0.3082155950790791], [0.21458364886343045, 0.2648770922037612, 0.19758354230171338, 0.3229557166310953], [0.26929188320246583, 0.2356082568170062, 0.1912462651328703, 0.30385359484765784], [0.3125145969631188, 0.22365898851455543, 0.18875846372251848, 0.27506795079980734], [0.3398943421838688, 0.24620861880630796, 0.17295810266088668, 0.2409389363489364], [0.31845757815155307, 0.23818662545831282, 0.177951254628063, 0.2654045417620715], [0.2505010310809479, 0.27180008097421754, 0.1558893057308084, 0.3218095822140264], [0.199495680628526, 0.2913864837504222, 0.21652685616367862, 0.2925909794573734], [0.21225471524552195, 0.2563473477367826, 0.20478139006260995, 0.32661654695508546], [0.28095908386568386, 0.270466646404408, 0.1498820888424534, 0.29869218088745475], [0.26332606615722093, 0.29215093124276953, 0.15324978368138778, 0.291273218918622], [0.3520185033934908, 0.2501756613968407, 0.1448061802955631, 0.2529996549141056], [0.21233132344490663, 0.2870237305956147, 0.23365709460957237, 0.2669878513499065], [0.31131488182307715, 0.26550955151966626, 0.15582995272533012, 0.2673456139319268], [0.22789329616119755, 0.3771459537683706, 0.16857490124039234, 0.22638584883003973], [0.2794957747070259, 0.28654249891043887, 0.15291270392692083, 0.28104902245561453], [0.18870294448198482, 0.27247682462658546, 0.2395816548186211, 0.2992385760728087], [0.3191483082538004, 0.26142612029437773, 0.14141691449536453, 0.27800865695645754], [0.20774623966855418, 0.25871452266803324, 0.255106775135504, 0.2784324625279088], [0.3075990729643083, 0.2244112003580784, 0.18369834669597743, 0.2842913799816359], [0.24806865611571854, 0.3067395812970014, 0.1979883419143228, 0.24720342067295742], [0.3439642076308701, 0.22618497062119025, 0.12559792449240428, 0.30425289725553545], [0.2171162688920022, 0.27030481632327974, 0.1655457693914183, 0.3470331453932997], [0.20663130215244205, 0.28945767425244034, 0.21441452836342997, 0.28949649523168763], [0.25791778800668924, 0.31183236936080494, 0.14733368683358336, 0.28291615579892254], [0.20090471242813315, 0.2909371568282766, 0.20454272724478087, 0.30361540349880956], [0.24339051727945152, 0.3125573085775676, 0.17241619659623647, 0.2716359775467445], [0.2405654456862256, 0.279026669189638, 0.17897983336567966, 0.30142805175845694], [0.2781763366894938, 0.3125379967726254, 0.16013995106275059, 0.2491457154751303], [0.21832234279633123, 0.23322871240403859, 0.25979122470211763, 0.28865772009751234], [0.29534668312309614, 0.23640416942515363, 0.15743504347273435, 0.310814103979016], [0.2552534463895125, 0.2883025844291763, 0.1704317152850842, 0.28601225389622714], [0.3048195185469051, 0.2578627084873697, 0.22830512355823515, 0.20901264940749026], [0.23290475921113393, 0.322913056562867, 0.1552621265969487, 0.2889200576290504], [0.26718252090802536, 0.2909134223985109, 0.14459631260085973, 0.2973077440926043], [0.1802900587123496, 0.35662093339639833, 0.18876023378012807, 0.2743287741111239], [0.2943254000371207, 0.28221714603315873, 0.16424886087015597, 0.2592085930595647], [0.19618929964948437, 0.26100761437975484, 0.1818166298224709, 0.36098645614828995], [0.2564038501189265, 0.30596921176496056, 0.1499649507526791, 0.2876619873634339], [0.2927100376550948, 0.2210314209043309, 0.142624951235079, 0.34363359020549566], [0.19871460012111467, 0.2923966804680473, 0.23188211497346703, 0.2770066044373711], [0.25285061798303643, 0.264206598543564, 0.22256701560952954, 0.26037576786387], [0.22049707178609995, 0.2835897027301853, 0.15543358381901695, 0.34047964166469796], [0.22795044895632943, 0.26578244697167114, 0.19462442662861296, 0.3116426774433868], [0.1844412794335988, 0.34731658651766373, 0.20632120962158648, 0.2619209244271509], [0.2349994192200608, 0.28112692644498666, 0.18041812879425362, 0.3034555255406992], [0.238420493010446, 0.3552095238661754, 0.17156176684005278, 0.23480821628332602], [0.3457737943414739, 0.27238444017495544, 0.1449766235758198, 0.23686514190775088], [0.20705818306408078, 0.3155720113932835, 0.24338660566446083, 0.23398319987817506]]}, "rewritten": {"ids": ["97106600", "97107260", "97107920", "97109570", "97116790", "97116800", "97118210", "98108580", "98108970", "98110710", "98116090", "98116500", "98117740", "99105921", "99107300", "99107630", "99107950", "99108010", "99109141", "99109780", "99109910", "99110050", "99112300", "99112641", "99113260", "100108520", "100109311", "100109910", "100111390", "100113370", "100116790", "101111140", "101111990", "102109840", "102111990", "102113210", "102114270", "102117351", "102121440", "103109791", "103110100", "103110840", "103111930", "103118291", "103120340", "104109311", "104110960", "104111550", "104111780", "104113240", "104114240", "104114320", "104114410", "104114740", "105112100", "105113440", "105113480", "105115900", "105121370", "106113830", "106115250", "106117650", "106118161", "106121220", "107114490", "107115140", "107116980", "107117630", "107118490", "107118520", "107118780", "107118820", "107119130", "107119950", "107120010", "107121700", "108113620", "108113740", "108114040", "108115570", "108116120", "108116501", "108117610", "108118301", "108118810", "108119330", "108120060", "108120260", "108121190", "108121351", "109114030", "109114651", "109115380", "109117600", "109118161", "109119340", "109119450", "109120150", "110114321", "110114920", "110115140", "110116290", "110117080", "110118111", "110118161", "110118740", "110118930", "110119030", "110120560", "110120640", "110121170", "111115910", "111116411", "111116530", "111117571", "111119300", "111119930", "111119950", "111121351", "112116290", "112116451", "112116990", "112117580", "112118530", "112118930", "112119580", "112120540", "112120670", "112120990", "112121410", "113118490", "113118870", "113119360", "113120260", "113120751", "113121190", "113121810", "113122120", "113122160", "113122230", "113122510", "113122650"], "labels": [3, 2, 0, 0, 2, 0, 2, 0, 3, 2, 0, 2, 2, 1, 3, 2, 1, 2, 3, 2, 2, 3, 0, 1, 0, 2, 1, 2, 2, 3, 2, 2, 2, 2, 2, 3, 3, 1, 2, 3, 1, 1, 3, 0, 1, 3, 2, 1, 3, 2, 0, 2, 1, 2, 1, 0, 0, 3, 2, 1, 2, 1, 3, 1, 3, 0, 3, 0, 2, 2, 1, 3, 1, 3, 1, 3, 3, 3, 0, 3, 1, 0, 3, 1, 1, 0, 1, 1, 1, 3, 1, 3, 3, 1, 0, 3, 3, 2, 1, 3, 0, 2, 1, 1, 0, 3, 1, 0, 0, 0, 2, 2, 0, 3, 3, 1, 1, 0, 0, 0, 0, 0, 0, 1, 1, 3, 3, 2, 2, 0, 1, 0, 0, 3, 1, 1, 2, 1, 3, 1, 2, 2], "predicted_labels": [3, 1, 0, 3, 1, 0, 3, 3, 1, 3, 0, 0, 1, 1, 3, 3, 1, 1, 0, 1, 3, 0, 3, 0, 3, 3, 3, 1, 3, 3, 1, 3, 3, 3, 0, 3, 3, 0, 1, 3, 1, 3, 3, 3, 3, 3, 1, 3, 0, 1, 1, 1, 1, 0, 3, 3, 1, 1, 1, 0, 3, 1, 0, 0, 3, 3, 1, 0, 1, 0, 1, 1, 1, 0, 0, 1, 0, 3, 3, 3, 0, 0, 1, 3, 1, 3, 1, 1, 1, 1, 0, 3, 1, 0, 0, 1, 1, 0, 0, 1, 3, 1, 3, 0, 0, 1, 1, 3, 3, 1, 3, 3, 3, 3, 3, 3, 3, 0, 0, 0, 0, 3, 0, 1, 3, 3, 3, 3, 0, 1, 3, 0, 3, 3, 0, 1, 0, 3, 3, 1, 1, 1], "confidence_scores": [[0.24505380288137618, 0.2979355855437371, 0.15585032774487628, 0.30116028383001053], [0.263444605199415, 0.28455048629316226, 0.2082925383585683, 0.24371237014885477], [0.3579369716810279, 0.20919017914465146, 0.13749053741708264, 0.2953823117572381], [0.2356292362182163, 0.24500824825295303, 0.1996488555850756, 0.31971365994375534], [0.25847628931602923, 0.2953116562157662, 0.21743461559097932, 0.22877743887722551], [0.3027257364606495, 0.23784474002778025, 0.20103876689021236, 0.25839075662135813], [0.25617660376316326, 0.25239453980283166, 0.2201668685699263, 0.27126198786407885], [0.24296315257887663, 0.2519591600163449, 0.2233330763628884, 0.28174461104188997], [0.21406434912508934, 0.2834214080228351, 0.22594987827503302, 0.27656436457704264], [0.20111901496450404, 0.26778313005363885, 0.2514636744483248, 0.2796341805335324], [0.2746591117077406, 0.26954257260072145, 0.20591266526636542, 0.24988565042517283], [0.31842902869255046, 0.2048284081784785, 0.20047548624246475, 0.27626707688650626], [0.22282060382445157, 0.29698313156589107, 0.21832140683707726, 0.2618748577725804], [0.2682408098422255, 0.33546360552092935, 0.1587668187563601, 0.23752876588048527], [0.2891024831141306, 0.26027635252810094, 0.14844433998251275, 0.30217682437525584], [0.23922941043526152, 0.24521301948648078, 0.16083781691466928, 0.35471975316358856], [0.19913911733338405, 0.31422011084315543, 0.26410566868245744, 0.22253510314100328], [0.20268182598356474, 0.30373537202820633, 0.2461636594261028, 0.2474191425621264], [0.32225244840789413, 0.2589468669744267, 0.16975810183149131, 0.24904258278618802], [0.2348495591023656, 0.28176851328638175, 0.23368944629795593, 0.24969248131329697], [0.27537871906242417, 0.2729766566660108, 0.17592924428573117, 0.275715379985834], [0.3357561560634577, 0.28244002985075567, 0.16810138448273512, 0.2137024296030515], [0.3019526978472212, 0.1994385729307804, 0.17144367590826037, 0.3271650533137383], [0.3046903755013275, 0.25776632367342933, 0.21800039668608384, 0.21954290413915928], [0.2328233310500778, 0.2736849554791273, 0.18345003962239223, 0.3100416738484028], [0.24510001098970258, 0.25752025365210146, 0.2008693450156602, 0.29651039034253585], [0.2682480364455325, 0.24655160610673993, 0.18198610351122216, 0.3032142539365054], [0.2216066245222852, 0.2780645461880353, 0.24307727335354506, 0.2572515559361344], [0.2149437196705411, 0.271307127616529, 0.18802684210761128, 0.32572231060531875], [0.2504344116088779, 0.2722787690299156, 0.20202348835946027, 0.2752633310017462], [0.2666036257629651, 0.3039578889984576, 0.20075432510314475, 0.2286841601354325], [0.29565086221565434, 0.24604000702437062, 0.1583433879973909, 0.29996574276258414], [0.2415102368960049, 0.27833769360592625, 0.18468989938104177, 0.29546217011702736], [0.269103629404359, 0.26497251542260547, 0.18324643116551873, 0.28267742400751694], [0.294756209422159, 0.2696331420062352, 0.16441064440470485, 0.271200004166901], [0.2160312663343983, 0.28146495031014845, 0.2018215561770936, 0.30068222717835963], [0.22985061423089737, 0.2824485267267467, 0.19877194479195595, 0.28892891425039996], [0.3236138655614998, 0.2805445372562056, 0.15304607655780697, 0.24279552062448786], [0.2632921389613922, 0.2792159306374715, 0.19007341076711934, 0.267418519634017], [0.22146371996947972, 0.2923576402699352, 0.184510691521438, 0.3016679482391472], [0.2520288049249185, 0.29629664530642785, 0.182504069592267, 0.26917048017638673], [0.20602473344990346, 0.25913048927235355, 0.2312075693886942, 0.3036372078890489], [0.3041231840521851, 0.23406792576111587, 0.15111259313541126, 0.3106962970512879], [0.26537648522428364, 0.26238046693187306, 0.13305198507314997, 0.33919106277069355], [0.24849773487838128, 0.22962903091568657, 0.19706530947426387, 0.32480792473166836], [0.29301674308879755, 0.22457381428102327, 0.17559467734962075, 0.3068147652805586], [0.22736101907306364, 0.3032937868463289, 0.23101083768767627, 0.2383343563929315], [0.2587887554731211, 0.2708708546379951, 0.16133950319002316, 0.3090008866988607], [0.34877341018813696, 0.2536035348740728, 0.17185142034684264, 0.22577163459094762], [0.24575912487963694, 0.29894507675169796, 0.1629673740345174, 0.2923284243341477], [0.25807670653567444, 0.31360702589593353, 0.1714690513761013, 0.2568472161922912], [0.23497513968681105, 0.2974892600446047, 0.20485311038688037, 0.26268248988170423], [0.19058030105639112, 0.3051789984365649, 0.21207837622848888, 0.29216232427855504], [0.3074054734926548, 0.2427121521346898, 0.17713222218548463, 0.2727501521871709], [0.29777801818348915, 0.2131656301551772, 0.17342681197306892, 0.315629539688265], [0.28120875809180534, 0.27491550169192247, 0.15045485115208235, 0.29342088906419017], [0.24170388731164497, 0.3101135456191409, 0.17816288338556338, 0.27001968368365087], [0.2557626353393398, 0.30632307125275177, 0.17036278807458768, 0.267551505333321], [0.23658561870329972, 0.3353124658693358, 0.16002256961672767, 0.2680793458106367], [0.31639285172514425, 0.23228985813479688, 0.16361548384666957, 0.2877018062933894], [0.2802275589041703, 0.22002715104637327, 0.2082173345565145, 0.29152795549294197], [0.24692288936548956, 0.3095176765602036, 0.19672109673055957, 0.24683833734374738], [0.3316340178806931, 0.23985943544239255, 0.1538768083967847, 0.2746297382801296], [0.29029340341541837, 0.26805917125719636, 0.18424288151055657, 0.25740454381682887], [0.2846073744964674, 0.2878646893906069, 0.13088126558063387, 0.2966466705322922], [0.29738703370720326, 0.22900866150264754, 0.12488621753613145, 0.3487180872540177], [0.2826001338181566, 0.28865400477261444, 0.14589837537223022, 0.28284748603699905], [0.3070840851022288, 0.23961597883832886, 0.14735407751353793, 0.3059458585459045], [0.2560697338721863, 0.28722416889828656, 0.21047850852595854, 0.24622758870356873], [0.32158646988133927, 0.2617595591819785, 0.15902358929063837, 0.25763038164604374], [0.2624833639542025, 0.27733394986283927, 0.2031328019753281, 0.25704988420763025], [0.25778907765611286, 0.32403702870829426, 0.18358626664003153, 0.23458762699556143], [0.264405408559115, 0.2925200760602646, 0.1773376888661767, 0.2657368265144436], [0.32034023009912865, 0.2429818019742108, 0.1355343339562052, 0.3011436339704553], [0.306884705685118, 0.24205338599425277, 0.17372176909772108, 0.2773401392229084], [0.19521169978882502, 0.31900685039180343, 0.18451668285722664, 0.3012647669621453], [0.28433573520813427, 0.2751149307635047, 0.18256830170854713, 0.257981032319814], [0.2792383200553358, 0.2579163015512995, 0.1740503659458425, 0.2887950124475226], [0.251592208814994, 0.27492432521611826, 0.19532639794444479, 0.278157068024443], [0.25313635759561565, 0.2620389177000576, 0.20799517064837184, 0.2768295540559548], [0.32201991643635514, 0.24446215826488707, 0.1468886170176308, 0.28662930828112704], [0.2966542962337179, 0.27117779245583506, 0.1543715682502325, 0.2777963430602147], [0.20851120790695643, 0.31506042588233113, 0.17883076620313712, 0.29759760000757546], [0.3063646288948978, 0.2554872085495402, 0.13115373626333246, 0.30699442629222967], [0.2863360710790074, 0.3067751006309229, 0.15604127980960034, 0.2508475484804695], [0.22176040306944483, 0.2472178646605966, 0.2144663948992379, 0.3165553373707209], [0.26029112350640987, 0.3164367131487144, 0.1679874309750304, 0.25528473236984534], [0.28961521084080266, 0.2911923711497984, 0.16441062484060512, 0.2547817931687937], [0.26400289192512477, 0.3279795937127, 0.16354290135087804, 0.24447461301129741], [0.25896582084130676, 0.341426415154281, 0.16335932338622022, 0.23624844061819217], [0.31026019982941677, 0.2699696244841645, 0.169986006318252, 0.24978416936816694], [0.25615019204697, 0.27440688220956555, 0.17122936689829282, 0.298213558845172], [0.28850699482751846, 0.31723746426981303, 0.16260483708734116, 0.23165070381532782], [0.2876862722186198, 0.25177722446594336, 0.20620733867421343, 0.2543291646412235], [0.37345405642927815, 0.2252391649366659, 0.17939290797035587, 0.22191387066370022], [0.21319245072270265, 0.2991513297447145, 0.19498124984736553, 0.2926749696852174], [0.26403382011454324, 0.270719961745391, 0.2066618639718025, 0.2585843541682634], [0.2893661911386774, 0.23406212268336934, 0.20104438500441105, 0.27552730117354235], [0.3264687179066529, 0.24299495321926246, 0.14556768303311243, 0.28496864584097237], [0.24815020164728518, 0.31562811704308674, 0.15902860151110906, 0.27719307979851915], [0.2511859587003396, 0.25679233991779876, 0.1731201333988213, 0.31890156798304065], [0.24387343788885352, 0.30771919417892835, 0.17142605069424094, 0.2769813172379774], [0.23799423030897413, 0.2827252818050516, 0.17967074572957878, 0.2996097421563955], [0.3185268404966596, 0.2295189113719195, 0.1840162939797108, 0.26793795415171007], [0.3141245413955674, 0.2867846695718513, 0.14905224921688703, 0.25003853981569435], [0.22855336853445485, 0.2822985770337993, 0.21040468113787644, 0.27874337329386956], [0.23332812704661343, 0.3030060864205582, 0.17127986913258497, 0.2923859174002434], [0.21915148162067563, 0.3016737630229029, 0.17709145367158205, 0.30208330168483954], [0.2820558450842569, 0.26336752456976836, 0.16258233498972469, 0.2919942953562504], [0.26549288458418624, 0.3126640156260921, 0.15383524991799044, 0.2680078498717312], [0.23146869548356921, 0.24115096989012552, 0.18666930967619527, 0.3407110249501099], [0.24609441268857046, 0.284053945923977, 0.13132745643272317, 0.3385241849547297], [0.3168068843225357, 0.2113964392601563, 0.15058999461799488, 0.32120668179931344], [0.29687108501591347, 0.2409577168570644, 0.1635516104044658, 0.29861958772255626], [0.20583436950048903, 0.30774405223629936, 0.16035188088299396, 0.32606969738021774], [0.26704491947187775, 0.2912463879959106, 0.1485326289521307, 0.2931760635800811], [0.2874766412156989, 0.2519276769787329, 0.16417960050540104, 0.2964160813001674], [0.2974325441967445, 0.241224702679872, 0.17940648908760004, 0.28193626403578365], [0.3094260440115995, 0.251311792484194, 0.18674504614609436, 0.2525171173581124], [0.35198776634762363, 0.2513339498016392, 0.14041613742558567, 0.25626214642515144], [0.312462776538615, 0.26005275599750227, 0.14735352439817972, 0.28013094306570313], [0.2494520409225002, 0.276134238771862, 0.16887706866938734, 0.3055366516362506], [0.3072720690844549, 0.2838320232588636, 0.1717177586936554, 0.2371781489630262], [0.23891950428623637, 0.2889393326903257, 0.18486771299968432, 0.2872734500237538], [0.2445043406336044, 0.27982077326459504, 0.1790077350158506, 0.29666715108595015], [0.2652631269770271, 0.27281250976439964, 0.14752578182077491, 0.31439858143779825], [0.23431444122763054, 0.2774926815938277, 0.17310541714259844, 0.31508746003594346], [0.2097166880720431, 0.31407882027208844, 0.15891717733817354, 0.31728731431769513], [0.29351721708015754, 0.273600752122891, 0.17053275952138647, 0.2623492712755652], [0.22332591057879825, 0.2970638720047546, 0.21369590693462862, 0.2659143104818191], [0.24001339597007232, 0.2570481250212936, 0.14729647165453696, 0.3556420073540971], [0.30353184956374835, 0.2693354074286315, 0.142725482702403, 0.28440726030521707], [0.23605230686332906, 0.2777850838326177, 0.18196435627669355, 0.3041982530273599], [0.2589776916598896, 0.2939726269224574, 0.13570400491911466, 0.3113456764985383], [0.37859676593866726, 0.23646304673322743, 0.18771408905099368, 0.19722609827711207], [0.244361549399064, 0.31033039961411046, 0.1647817636882275, 0.2805262872985981], [0.30700368382726323, 0.2546281837799232, 0.20121945879582617, 0.23714867359698766], [0.24959653323754746, 0.2623309783042498, 0.1920682765524144, 0.2960042119057884], [0.27220657324582487, 0.27677982268368106, 0.16393500588697424, 0.28707859818351994], [0.23775909841298642, 0.3309758384329452, 0.16646845497727336, 0.264796608176795], [0.22036184812753185, 0.31657642634716765, 0.18732416707850644, 0.27573755844679426], [0.2417144984412889, 0.32127705655865646, 0.18895536161897528, 0.24805308338107934]]}}