{"test": {"ids": ["109118701", "110114610", "101117580", "108117720", "101111210", "110118301", "104116441", "110116290", "99107950", "107120260", "113120830", "111119950", "98108410", "107112850", "98111231", "102110240", "101110740", "107116501", "109117630", "106116850", "112119120", "105113210", "108121190", "104113240", "104112470", "104111531", "113119300", "99107300", "101112201", "109119450", "102109910", "104119340", "111120260", "101112160", "101108950", "111118910", "113122430", "97107821", "100108080", "97106970", "112118880", "99113260", "105117431", "110119300", "110113931", "112116850", "100108580", "108115070", "106112770", "112121351", "109114651", "102110690", "101108580", "103113260", "101112690", "106114150", "111119430", "105112260", "109118820", "108121410", "108116120", "113120531", "104114320", "103109641", "97107681", "101108500", "101112540", "103110760", "98110810", "98111860", "104113170", "105120280", "112116451", "105118230", "97107950", "113117630", "111116530", "106116820", "101115190", "97114170", "105116860", "98109570", "108121160", "97106000", "99109370", "112117580", "101108621", "112117790", "100108260", "105115900", "99109780", "112118421", "113122150", "100109330", "111121351", "110118181", "101109000", "113121220", "108117610", "105113620", "112121010", "105116090", "110115890", "104114230", "103111830", "112116640", "103117200", "100109801", "104113210", "99108310", "107114950", "101110150", "102110750", "107113200", "113121010", "98106111", "104113190", "102118380", "98112300", "111118820", "103120531", "108115870", "112117571", "113118421", "111120540", "111116010", "102112250", "99119830", "100109360", "106118301", "104116980", "110117080", "101108460", "99117630", "97107260", "102117351", "97113900", "100117420", "107114780", "102108621", "106121190", "104111711"], "labels": [3, 1, 3, 1, 2, 1, 1, 2, 1, 1, 3, 0, 1, 1, 1, 3, 3, 1, 0, 3, 1, 3, 1, 2, 1, 0, 1, 3, 0, 3, 2, 1, 3, 3, 2, 0, 2, 2, 0, 2, 1, 0, 1, 1, 1, 0, 0, 1, 1, 0, 3, 0, 0, 3, 1, 1, 3, 3, 3, 0, 1, 0, 2, 1, 3, 3, 2, 1, 1, 0, 3, 3, 0, 1, 2, 0, 3, 1, 1, 2, 2, 1, 2, 0, 1, 0, 0, 3, 3, 3, 2, 3, 2, 0, 0, 1, 1, 3, 3, 0, 2, 1, 2, 2, 3, 0, 0, 0, 3, 2, 3, 1, 1, 0, 2, 0, 3, 1, 2, 0, 3, 3, 3, 3, 1, 1, 0, 1, 0, 1, 1, 1, 0, 3, 2, 1, 2, 2, 2, 3, 2, 1], "predicted_labels": [3, 1, 0, 1, 3, 1, 1, 2, 2, 1, 1, 3, 1, 1, 1, 1, 1, 3, 1, 0, 3, 3, 1, 1, 3, 3, 3, 0, 1, 3, 0, 3, 0, 3, 2, 3, 1, 3, 1, 3, 3, 1, 1, 1, 1, 3, 2, 0, 1, 3, 0, 0, 2, 1, 2, 0, 1, 3, 1, 0, 0, 1, 0, 3, 2, 1, 2, 0, 1, 2, 1, 2, 0, 3, 3, 1, 1, 0, 2, 3, 1, 3, 1, 3, 3, 3, 1, 0, 0, 3, 1, 1, 3, 1, 1, 0, 3, 3, 3, 1, 0, 1, 3, 2, 0, 3, 0, 1, 1, 3, 0, 3, 2, 0, 1, 1, 3, 1, 3, 0, 1, 3, 3, 0, 1, 1, 2, 1, 3, 0, 2, 3, 1, 1, 2, 0, 2, 2, 0, 0, 2, 2], "confidence_scores": [[0.12729233579408805, 0.148652490860742, 0.05473212685585757, 0.6693230464893124], [0.1684049849022547, 0.4186096396309932, 0.3829347190565616, 0.03005065641019077], [0.6321247565903216, 0.16890910474989346, 0.009306267073559239, 0.1896598715862255], [0.09662686973149207, 0.5468403017393374, 0.021542520048077045, 0.3349903084810933], [0.15719269502385572, 0.31607646302223, 0.16750306194440082, 0.35922778000951355], [0.08402664202312361, 0.8087568547242684, 0.01797515669142389, 0.08924134656118417], [0.22102164924599207, 0.516117782351927, 0.0021309629437051324, 0.26072960545837565], [0.3224083124748378, 0.03700769554305033, 0.5877824338471167, 0.052801558134995326], [0.0004748385861284483, 0.1746014092035034, 0.6834808592114362, 0.14144289299893176], [0.4001169532260036, 0.5405721676935079, 0.023675888878040872, 0.035634990202447626], [0.40392578169100085, 0.3991224491083899, 0.10420760997840985, 0.09274415922219963], [0.272622284798073, 0.1503237531814029, 0.094092056326028, 0.4829619056944958], [0.308456418340406, 0.5797788520500718, 0.037514136021586084, 0.07425059358793643], [0.15209754110516285, 0.8044548304273267, 0.025591179265889028, 0.017856449201621213], [0.4169110202599295, 0.4017982903916072, 0.037259364122912794, 0.1440313252255508], [0.2035793982790507, 0.35249372130377205, 0.2396132973282522, 0.2043135830889252], [0.04710502572193165, 0.3068688002765013, 0.40960300168611263, 0.2364231723154543], [0.2837527251005437, 0.1428551445551942, 0.05944784632615461, 0.5139442840181074], [0.3315258679784011, 0.6168479880654507, 0.027679006952398118, 0.023947137003750087], [0.43239556514848876, 0.22166644228825907, 0.23351535224620154, 0.1124226403170507], [0.252773147389367, 0.0202016201027692, 0.11968074401701607, 0.607344488490848], [0.240765004917256, 0.16914651620683832, 0.013225245670134708, 0.5768632332057708], [0.07522811675947903, 0.7640576601294166, 0.04453577143076103, 0.11617845168034333], [0.0633324740570673, 0.6871106164325884, 0.2419836231722665, 0.007573286338078076], [0.023734056330869866, 0.08076472336239499, 0.46508971839482377, 0.4304115019119115], [0.18498524188154086, 0.056609172920812745, 0.02452603935581634, 0.7338795458418303], [0.14882306324364966, 0.017479402741450763, 0.00463391247503268, 0.8290636215398669], [0.6106834610555546, 0.15767994386901146, 0.0083223103085761, 0.22331428476685747], [0.08757769719313332, 0.6508337265754279, 0.13549363551343713, 0.12609494071800176], [0.00412197139005824, 0.04452697530632184, 0.1560242152253144, 0.7953268380783057], [0.5450781209559271, 0.05411737203276027, 0.1377760010336132, 0.2630285059776997], [0.316985446775573, 0.2597584281942822, 0.01954157639175696, 0.40371454863838757], [0.57050063516593, 0.18177790723428025, 0.014227503349957316, 0.2334939542498324], [0.018299688874720384, 0.09964251239421287, 0.3243833891272665, 0.5576744096038], [0.030941046731611008, 0.1961643400713713, 0.7006373190703444, 0.07225729412667313], [0.16151231029340707, 0.24170968450414956, 0.027850490799871626, 0.5689275144025717], [0.02805312806967195, 0.5566780057806695, 0.06403054502701132, 0.3512383211226473], [0.31504944793909495, 0.17272705687846066, 0.10139653671676203, 0.41082695846568223], [0.07077932045540866, 0.7236950273406929, 0.03413150367336434, 0.1713941485305339], [0.1712383306238228, 0.30584921104017243, 0.22444447689963526, 0.29846798143636954], [0.05971458177657506, 0.08896005426615622, 0.3214872033921445, 0.5298381605651243], [0.16666406375856424, 0.3314771296269964, 0.4562402921254191, 0.04561851448902034], [0.031235851050523757, 0.8507473752409673, 0.06846183946095342, 0.0495549342475556], [0.33764567739981066, 0.3878859571776987, 0.037782188014412785, 0.2366861774080781], [0.14918489655850603, 0.7348896909646205, 0.01155556494274563, 0.10436984753412802], [0.12310595706745041, 0.034778258999176935, 0.05991059956530605, 0.7822051843680665], [0.07046847788767056, 0.13971180520774473, 0.7371142211710868, 0.05270549573349826], [0.5499976437774354, 0.23486868027930885, 0.12229553780113914, 0.09283813814211628], [0.08449648714904304, 0.28159177245117517, 0.4197473434590904, 0.2141643969406911], [0.4814425629804884, 0.09380682561736543, 0.01273111290645601, 0.4120194984956901], [0.8465146639085256, 0.01724130058492557, 0.06775311660561957, 0.06849091890092926], [0.5404561783365784, 0.10364132662621751, 0.007356311436895797, 0.34854618360030826], [0.3558130188451116, 0.011182569078794764, 0.5974341114301628, 0.035570300645931335], [0.18509879299287554, 0.5888968583628112, 0.05104011394639193, 0.17496423469792155], [0.0700389197285464, 0.3684395472854821, 0.5061611912112373, 0.05536034177473444], [0.4442848226884979, 0.3237973922511596, 0.08271520519323002, 0.14920257986711213], [0.042731440254511796, 0.4618486043875341, 0.2579831378075432, 0.23743681755041093], [0.17781253998031618, 0.3454567837603101, 0.05786095876307153, 0.4188697174963024], [0.12389043041907741, 0.34327607342265287, 0.3570015720052281, 0.17583192415304166], [0.478963056710551, 0.32568613373560334, 0.021080168133077507, 0.17427064142076812], [0.8036127098886954, 0.05877920006410402, 0.02749266925324412, 0.11011542079395648], [0.17662751672879407, 0.5017867744124949, 0.1237458497265877, 0.19783985913212343], [0.4158421225807746, 0.19914177707877193, 0.34587516125137735, 0.039140939089075955], [0.015404859075283203, 0.068339120202512, 0.2428059642771329, 0.6734500564450717], [0.005710090598181166, 0.008758914377267118, 0.8372157155930705, 0.148315279431481], [0.1597815391474443, 0.45656124089604855, 0.20573761336197327, 0.1779196065945339], [0.03830478929528156, 0.061866019841981354, 0.8113547601451888, 0.08847443071754872], [0.3932130215413369, 0.30370665030770944, 0.07271524917135078, 0.23036507897960298], [0.00689735540432749, 0.8320963402946903, 0.15801358354103437, 0.002992720759947811], [0.025793258994042185, 0.21479903337135167, 0.703574965654799, 0.05583274197980687], [0.035675931622787906, 0.6252379602840469, 0.20290436309424736, 0.13618174499891778], [0.034846418958457026, 0.3901177427217652, 0.4902340941160671, 0.08480174420371084], [0.8228421812446288, 0.10057675420419776, 0.008599281630656817, 0.06798178292051649], [0.14611824148956296, 0.2847718452693158, 0.07262741320803942, 0.49648250003308175], [0.053960302113128904, 0.27691485681687916, 0.11803375968714676, 0.5510910813828449], [0.1107056156544231, 0.48406020655045895, 0.13359972961747077, 0.2716344481776475], [0.08771982967464025, 0.8575272477895757, 0.03825194527403515, 0.016500977261748956], [0.6033460305834557, 0.11149041789372206, 0.05108471907020803, 0.23407883245261463], [0.01252397272652549, 0.34644334658419007, 0.6102606655324175, 0.030772015156866638], [0.021404697922093815, 0.304571002911473, 0.11230427708164856, 0.5617200220847846], [0.3636043258300474, 0.5012738309951529, 0.06095256610356686, 0.07416927707123293], [0.24482808695266628, 0.03630544273137697, 0.06720389948904902, 0.6516625708269077], [0.17471739847342097, 0.678473074903212, 0.018590918542594287, 0.12821860808077254], [0.007829939006674492, 0.07178893151918415, 0.3325930234329196, 0.5877881060412219], [0.13384210730139598, 0.18523767699089858, 0.16968372887978322, 0.5112364868279222], [0.23122617558367597, 0.09374133059185874, 0.024665105293696223, 0.6503673885307691], [0.2028051113754986, 0.4246930078073742, 0.0343218577752562, 0.33818002304187106], [0.6379732175277963, 0.08103775415738933, 0.011732117988645678, 0.2692569103261688], [0.4768625631479933, 0.169034030417407, 0.18098269176080714, 0.17312071467379236], [0.09593024172997563, 0.22465318838995707, 0.24705354444379893, 0.4323630254362686], [0.05394339814185173, 0.513326395999931, 0.3816226872607614, 0.05110751859745582], [0.310786509731223, 0.33281645522521125, 0.005774115073861635, 0.3506229199697043], [0.04736589648895437, 0.07689749312717396, 0.18957350905884618, 0.6861631013250254], [0.27117589497579936, 0.42413449338377623, 0.06927069196290088, 0.23541891967752343], [0.38115174779638517, 0.35492154477891047, 0.07760383872608112, 0.18632286869862355], [0.45581497942846483, 0.33352247314144157, 0.04664291546825661, 0.16401963196183686], [0.005966073482828334, 0.09168917588326408, 0.41198524192833363, 0.4903595087055741], [0.08984320992937092, 0.04122765503571777, 0.04604125841007426, 0.8228878766248369], [0.4917987012514051, 0.03525738094938821, 0.0022779758259880204, 0.47066594197321876], [0.11175962111067742, 0.6102401845299658, 0.2046433670293073, 0.0733568273300495], [0.426970103175077, 0.32708234841405404, 0.02083638921200708, 0.2251111591988618], [0.35878153765837717, 0.3168011123818544, 0.0821775724281057, 0.2422397775316627], [0.0994428795934641, 0.3224319876637794, 0.19459701796761714, 0.3835281147751395], [0.02868918111364868, 0.10054016496860055, 0.7990299286126173, 0.07174072530513358], [0.5964105866966671, 0.018405569620072778, 0.02665012498876696, 0.3585337186944934], [0.23069757544968728, 0.13225627533832768, 0.0441351199009765, 0.5929110293110086], [0.6131986662561953, 0.18567329728992016, 0.007028040711341441, 0.19409999574254297], [0.1371103477802893, 0.42724602896078884, 0.08011249579203979, 0.355531127466882], [0.4672626059691346, 0.3962705707531756, 0.03243589621800295, 0.10403092705968728], [0.1583894080829603, 0.12903415202501886, 0.0673719647092676, 0.6452044751827529], [0.5474545995979408, 0.07785386384295094, 0.03371319883577065, 0.34097833772333735], [0.07908114148357515, 0.24344986565096544, 0.04038612735801861, 0.637082865507441], [0.04297456323140896, 0.2151357373012438, 0.736981453884817, 0.004908245582530178], [0.5657739579938537, 0.054149800056301496, 0.00915468330862402, 0.3709215586412209], [0.07268686143236132, 0.7132341506316563, 0.04970190684204977, 0.16437708109393254], [0.07903988063700451, 0.4798203822121411, 0.24669173986469428, 0.19444799728616005], [0.38744647599629567, 0.09797903361530147, 0.14154057644398216, 0.3730339139444207], [0.03281466808013787, 0.40919256288537603, 0.415125509228612, 0.14286725980587422], [0.18557721476698014, 0.06845355972652274, 0.4559388415083796, 0.29003038399811765], [0.9162350038670245, 0.023137756545998648, 0.001052608179901755, 0.059574631407075335], [0.12697536577224774, 0.6957492930814451, 0.08004352031233138, 0.09723182083397604], [0.39808054815386634, 0.11038179970638881, 0.07218685580651217, 0.4193507963332326], [0.3015020964021153, 0.1435427166095722, 0.018109520160236998, 0.5368456668280754], [0.9583453312581512, 0.023205067260496495, 0.0002540104558585001, 0.01819559102549377], [0.03473575699727795, 0.5635778963526219, 0.3351438531490512, 0.06654249350104881], [0.050119488400761865, 0.7077383226950833, 0.18840077402950287, 0.05374141487465181], [0.20101910964451739, 0.03987902102815438, 0.6604799380309934, 0.09862193129633517], [0.007430230266118064, 0.34144652801822634, 0.3955609694383667, 0.25556227227728856], [0.2521407572405674, 0.06747852489916252, 0.2571606391247576, 0.42322007873551254], [0.7640287486321854, 0.037615215601312556, 0.00988940229031071, 0.18846663347619105], [0.025006946005297837, 0.15979291038723747, 0.6859720224162741, 0.12922812119119065], [0.025282755628224154, 0.34264819632264815, 0.015241402874146085, 0.6168276451749817], [0.4042481439889608, 0.3796858926501432, 0.08191263890827284, 0.13415332445262323], [0.3233167209676127, 0.44611195750013777, 0.11121456425335684, 0.11935675727889235], [0.0011788405480792098, 0.004232142388775797, 0.9622301622734526, 0.03235885478969243], [0.753336055102885, 0.06925455095246918, 0.011830400637108227, 0.16557899330753742], [0.1662542589316398, 0.23232160761868614, 0.5542996245815823, 0.04712450886809128], [0.0015268703584527792, 0.011170573179451445, 0.9827080610530124, 0.004594495409083497], [0.3289274408275336, 0.3343127277431528, 0.08260540906294983, 0.2541544223663639], [0.8301291983492234, 0.02141223176367388, 0.03005187470609227, 0.11840669518101037], [0.04204874542189724, 0.17081369374515512, 0.7085041886368378, 0.07863337219610975], [0.017653367652725037, 0.03410975351328781, 0.9219612353872968, 0.02627564344669037]]}, "rewritten": {"ids": ["97106000", "97106970", "97107260", "97107681", "97107821", "97107950", "97113900", "97114170", "98106111", "98108410", "98109570", "98110810", "98111231", "98111860", "98112300", "99107300", "99107950", "99108310", "99109370", "99109780", "99113260", "99117630", "99119830", "100108080", "100108260", "100108580", "100109330", "100109360", "100109801", "100117420", "101108460", "101108500", "101108580", "101108621", "101108950", "101109000", "101110150", "101110740", "101111210", "101112160", "101112201", "101112540", "101112690", "101115190", "101117580", "102108621", "102109910", "102110240", "102110690", "102110750", "102112250", "102117351", "102118380", "103109641", "103110760", "103111830", "103113260", "103117200", "103120531", "104111531", "104111711", "104112470", "104113170", "104113190", "104113210", "104113240", "104114230", "104114320", "104116441", "104116980", "104119340", "105112260", "105113210", "105113620", "105115900", "105116090", "105116860", "105117431", "105118230", "105120280", "106112770", "106114150", "106116820", "106116850", "106118301", "106121190", "107112850", "107113200", "107114780", "107114950", "107116501", "107120260", "108115070", "108115870", "108116120", "108117610", "108117720", "108121160", "108121190", "108121410", "109114651", "109117630", "109118701", "109118820", "109119450", "110113931", "110114610", "110115890", "110116290", "110117080", "110118181", "110118301", "110119300", "111116010", "111116530", "111118820", "111118910", "111119430", "111119950", "111120260", "111120540", "111121351", "112116451", "112116640", "112116850", "112117571", "112117580", "112117790", "112118421", "112118880", "112119120", "112121010", "112121351", "113117630", "113118421", "113119300", "113120531", "113120830", "113121010", "113121220", "113122150", "113122430"], "labels": [0, 2, 2, 3, 2, 2, 2, 2, 0, 1, 1, 1, 1, 0, 2, 3, 1, 2, 1, 2, 0, 3, 1, 0, 3, 0, 0, 0, 0, 2, 0, 3, 0, 0, 2, 1, 1, 3, 2, 3, 0, 2, 1, 1, 3, 3, 2, 3, 0, 1, 0, 1, 1, 1, 1, 3, 3, 0, 3, 0, 1, 1, 3, 3, 3, 2, 2, 2, 1, 1, 1, 3, 3, 0, 3, 1, 2, 1, 1, 3, 1, 1, 1, 3, 1, 2, 1, 0, 2, 3, 1, 1, 1, 3, 1, 3, 1, 2, 1, 0, 3, 0, 3, 3, 3, 1, 1, 2, 2, 1, 1, 1, 1, 1, 3, 0, 0, 3, 0, 3, 1, 0, 0, 0, 0, 3, 0, 3, 3, 1, 1, 2, 0, 0, 3, 1, 0, 3, 2, 3, 2, 2], "predicted_labels": [3, 1, 2, 2, 0, 3, 0, 3, 1, 1, 3, 1, 0, 2, 0, 3, 3, 3, 3, 2, 1, 1, 2, 1, 3, 2, 1, 3, 1, 2, 0, 1, 0, 3, 2, 3, 3, 1, 1, 3, 1, 2, 1, 2, 0, 3, 0, 3, 3, 2, 2, 0, 1, 3, 0, 0, 1, 3, 1, 3, 2, 3, 1, 3, 1, 1, 2, 2, 1, 2, 0, 3, 3, 1, 3, 3, 1, 1, 3, 1, 2, 0, 0, 0, 0, 3, 1, 0, 1, 3, 3, 1, 0, 3, 0, 3, 1, 1, 1, 0, 0, 1, 3, 1, 3, 1, 1, 3, 2, 3, 0, 1, 1, 1, 1, 0, 3, 1, 3, 0, 1, 1, 0, 3, 3, 3, 3, 0, 3, 3, 3, 3, 3, 1, 0, 3, 3, 1, 1, 3, 3, 1], "confidence_scores": [[0.016560461304250918, 0.04530334844775455, 0.2649020557103999, 0.6732341345375947], [0.11992984136955079, 0.44549326371953907, 0.1480878244270057, 0.2864890704839041], [0.0005655472403820256, 0.0036778436278461927, 0.9879014206827986, 0.00785518844897284], [0.007063437315133348, 0.02090381777413456, 0.8426278652197102, 0.12940487969102174], [0.525697725814542, 0.14409260823485145, 0.06290152467317257, 0.2673081412774338], [0.039948136546213146, 0.2911981209448639, 0.14565566432816823, 0.5231980781807548], [0.334217749789101, 0.2161635963261313, 0.3916110538368867, 0.05800760004788055], [0.023164253109929533, 0.3113603547243411, 0.14067014175903259, 0.5248052504066967], [0.12054306240168833, 0.590172125252589, 0.10767635335178456, 0.18160845899393846], [0.22294746465762866, 0.6047195304504546, 0.022355659561769537, 0.14997734533014714], [0.3835772389824098, 0.03759172493453381, 0.03262991653294423, 0.5462011195501124], [0.011990298139479877, 0.9173779693431109, 0.06784596747981281, 0.0027857650375966328], [0.4847206939052196, 0.32453508539687315, 0.02647343059373726, 0.16427079010417012], [0.07335690659990253, 0.2874382899992868, 0.5888337555031578, 0.05037104789765339], [0.2826178597648537, 0.06609800901367069, 0.4144796240638699, 0.23680450715760587], [0.5508430174630352, 0.08613612704471413, 0.006289477132717767, 0.35673137835953295], [0.0011903086877487893, 0.15629009688591847, 0.47576161844644693, 0.3667579759798859], [0.15394516948872825, 0.09263246399997035, 0.07514953721541336, 0.6782728292958882], [0.09106377963396543, 0.24089340645735402, 0.25596583579131965, 0.412076978117361], [0.054200227662925995, 0.4042209388486645, 0.4830684597431497, 0.058510373745259754], [0.16742214583275525, 0.3639214544484223, 0.427648497786403, 0.04100790193241956], [0.30259547719607427, 0.44398407130209017, 0.10911777044393728, 0.14430268105789826], [0.01164291477976833, 0.29348429095519735, 0.48225838937917914, 0.21261440488585515], [0.08133490994273031, 0.5980669685519846, 0.018418711579357188, 0.3021794099259281], [0.2670911229412868, 0.15773255288841906, 0.18241584786557621, 0.39276047630471805], [0.0955694520016552, 0.1604819216503944, 0.6689121909908212, 0.07503643535712913], [0.23686679305045338, 0.466716383415933, 0.046570094494914, 0.24984672903869956], [0.401117359802314, 0.05730092364458259, 0.22716381553160783, 0.3144179010214954], [0.2083972709710081, 0.43222411173806385, 0.05935393441543483, 0.3000246828754932], [0.005304819671958959, 0.0821067761389379, 0.904884369595116, 0.007704034593987097], [0.4439381105214752, 0.30440014772007135, 0.07480258595621463, 0.1768591558022388], [0.17099225040464755, 0.41353259829605843, 0.24125814098999473, 0.1742170103092995], [0.5197318043930097, 0.01756210635228861, 0.4364187629240716, 0.026287326330629836], [0.23582036794475728, 0.39536774627448723, 0.03221487797429495, 0.33659700780646035], [0.055661839591224865, 0.11413862273677695, 0.7033029179973547, 0.12689661967464402], [0.008238106118976067, 0.05863450012220217, 0.3892695498968993, 0.5438578438619225], [0.265761812837012, 0.18593670836306164, 0.04959619218614003, 0.4987052866137863], [0.1629511207574427, 0.4134258583982189, 0.22186246556469041, 0.2017605552796484], [0.17535756404381353, 0.4894898518050761, 0.049331462579462144, 0.2858211215716484], [0.015097767136737623, 0.10675290009439274, 0.3344112086314621, 0.5437381241374075], [0.11964589178879287, 0.6403322238307912, 0.11573871109136959, 0.12428317328904645], [0.07201706148278018, 0.14181549283563663, 0.6229024616526796, 0.16326498402890371], [0.07710353927790108, 0.5836012541554049, 0.2894075531738434, 0.04988765339285046], [0.017127696361231813, 0.3916682701358731, 0.5463347042168617, 0.04486932928603335], [0.5934220648201501, 0.23294473135369795, 0.007145899511048744, 0.16648730431510342], [0.4698222682798876, 0.11999573591177501, 0.033129764175135794, 0.37705223163320156], [0.5054738561328019, 0.1498567822584827, 0.15171811980228217, 0.19295124180643294], [0.3046071912252829, 0.20915831235648707, 0.2002633714184616, 0.28597112499976796], [0.40184650034096225, 0.1260683842884137, 0.019370123098273268, 0.452714992272351], [0.04721195224634234, 0.23002114343634075, 0.7136775798869632, 0.009089324430353481], [0.13650469413683505, 0.058575077960912346, 0.6482653017921252, 0.15665492611012757], [0.7750301034569653, 0.05268626243951788, 0.008367213289926245, 0.16391642081359048], [0.036732445956616164, 0.5359002694110596, 0.34383505032784983, 0.08353223430447457], [0.10757326887238076, 0.10330453734551377, 0.15846782758115635, 0.6306543662009494], [0.5141497342727386, 0.26560578186628864, 0.04679775914128702, 0.17344672471968553], [0.6377985869379845, 0.02648140062285204, 0.029337074702895396, 0.30638293773626796], [0.10090184051728417, 0.5913904510986726, 0.09685192031046862, 0.21085578807357427], [0.4180433410232222, 0.22325810802786547, 0.003696224312826627, 0.35500232663608583], [0.11026297271888322, 0.5818375416503994, 0.15149333456965042, 0.1564061510610669], [0.17248299245209187, 0.06420142175241408, 0.03585794979373613, 0.7274576360017578], [0.010332587779556937, 0.02267202071485714, 0.9527762875156852, 0.01421910398990059], [0.028444734173329225, 0.12517259671201392, 0.3131640909557438, 0.5332185781589135], [0.1190501685864945, 0.5444611751920747, 0.15057578457861887, 0.1859128716428118], [0.36218572742977073, 0.08930038039920439, 0.0698125968178106, 0.47870129535321426], [0.27376518951719764, 0.5638918721072063, 0.03942378935967205, 0.12291914901592434], [0.047382522212119416, 0.5770910757491526, 0.36610960121828057, 0.00941680082044743], [0.07988040810238889, 0.16638421031222309, 0.6112594544723079, 0.14247592711308038], [0.177188393144276, 0.319797993397262, 0.45562102281178585, 0.047392590646676204], [0.18010164229799303, 0.6339415108648164, 0.005063958546421767, 0.18089288829076908], [0.03930056694634927, 0.07669392185150721, 0.7178880439193787, 0.1661174672827648], [0.48317124105801634, 0.303860199470937, 0.01207386472909427, 0.2008946947419522], [0.1144794003750325, 0.39424960746206456, 0.0694758156852206, 0.4217951764776823], [0.2158241452762654, 0.14159258460941151, 0.031516239558197615, 0.6110670305561258], [0.0827196582134619, 0.701628693361679, 0.16111527301513304, 0.05453637540972593], [0.2363524250100504, 0.1340637927655855, 0.07021864917499225, 0.5593651330493716], [0.2716349617425185, 0.2649141884338029, 0.11741345602185975, 0.34603739380181886], [0.42265987168319447, 0.42882968978679314, 0.05093821884907469, 0.09757221968093777], [0.04422212605179954, 0.8090811234456942, 0.05479192662925264, 0.0919048238732537], [0.1506287502834051, 0.2886040165198255, 0.09675286942285918, 0.46401436377391025], [0.06226608485175283, 0.4678371506572515, 0.3824726424168053, 0.08742412207419036], [0.040964013142840476, 0.3261416620973737, 0.5764014324154705, 0.056492892344315176], [0.407883036251857, 0.2743949192143252, 0.08438824077858453, 0.23333380375523324], [0.4901581390729936, 0.18764341617385363, 0.034846186635751564, 0.2873522581174009], [0.34821585651729975, 0.2431492395836488, 0.21815042344347202, 0.1904844804555794], [0.6059038900041095, 0.042994190335869, 0.031265978265584374, 0.31983594139443716], [0.03826681663327821, 0.1586283659764597, 0.3368217437875128, 0.4662830736027498], [0.08616523586259757, 0.8753440027551731, 0.03015748291162584, 0.008333278470602999], [0.5770629121992675, 0.06716737327775667, 0.009393521329431144, 0.3463761931935445], [0.24189221153684573, 0.4122695085570892, 0.11606743917189269, 0.22977084073417248], [0.34807704136780077, 0.12146299943101008, 0.057195166640430777, 0.47326479256075843], [0.3774931000609382, 0.09968445395663499, 0.04790978801652187, 0.47491265796590487], [0.1167639412682219, 0.5249525995394461, 0.2820985987616792, 0.07618486043065312], [0.5521431536892386, 0.27198100620147236, 0.06822872381802358, 0.10764711629126554], [0.33950630700554923, 0.11326571368654226, 0.06384502826168785, 0.48338295104622053], [0.6334198433808949, 0.11566812403548034, 0.06186327110072955, 0.18904876148289504], [0.5387197441738072, 0.04558600854616022, 0.010099667483772667, 0.40559457979625974], [0.09687341943899956, 0.47000982735441454, 0.01923681566646097, 0.41387993754012475], [0.12038284421816492, 0.704979425372181, 0.01712973194180882, 0.1575079984678452], [0.05088737543989894, 0.7522311794751305, 0.10415362278239111, 0.0927278223025797], [0.547969524403385, 0.22301783395833366, 0.02586121324411811, 0.20315142839416322], [0.8825201890351122, 0.014565692218422086, 0.040016452686448316, 0.06289766606001737], [0.2565601731678198, 0.68957193932456, 0.03091898943723478, 0.022948898070385425], [0.19491982712603362, 0.11338998042088552, 0.05267069828648783, 0.639019494166593], [0.13061004230005546, 0.33964308344803934, 0.3027816113213026, 0.22696526293060268], [0.00957250436234233, 0.07378950787665466, 0.16458030187972914, 0.7520576858812738], [0.15259606393631545, 0.6621588166729975, 0.012602125926965873, 0.17264299346372097], [0.1572290329084174, 0.5003907750381322, 0.3197152221416462, 0.02266496991180391], [0.08644204345503763, 0.13871838021422345, 0.059159273449342284, 0.7156803028813966], [0.24918182118731272, 0.08058668121060919, 0.614749069716803, 0.05548242788527484], [0.03213606156072514, 0.24566676666142215, 0.02567305271543823, 0.6965241190624143], [0.4429862872662394, 0.2776996269978886, 0.03721951004914356, 0.24209457568672862], [0.11644942036397628, 0.7863527192556272, 0.010431673444967694, 0.08676618693542908], [0.12441920408088875, 0.6725071244630416, 0.03311668382708598, 0.1699569876289837], [0.08426087450713665, 0.6401056471035376, 0.20047689701381852, 0.07515658137550714], [0.3321725076900374, 0.5704514507705698, 0.044211966108590954, 0.053164075430801774], [0.9189479120139733, 0.028787856620646486, 0.002405829371230923, 0.049858401994149364], [0.20961099131853864, 0.26257397367217056, 0.02916420772912967, 0.4986508272801612], [0.0527108630955782, 0.48422196572839316, 0.2177303181736315, 0.2453368530023975], [0.26739715749757215, 0.1186241477276968, 0.09767501286021389, 0.5163036819145175], [0.509701285607385, 0.19574470293897073, 0.024410922011482535, 0.2701430894421616], [0.05079818527131188, 0.6364737354599687, 0.24629215016216122, 0.06643592910655843], [0.3861897744019594, 0.42374383985189396, 0.07181928309365743, 0.11824710265248904], [0.7826854612615736, 0.15152274550547662, 0.008163365467718226, 0.05762842776523191], [0.08405591214842031, 0.2140107884206143, 0.06520545974831116, 0.6367278396826542], [0.11256806582406939, 0.09615955500348834, 0.1369124504115946, 0.6543599287608474], [0.34433518186556367, 0.12414351506570895, 0.021759825186602133, 0.5097614778821253], [0.25444100599225866, 0.19043038771807036, 0.03144088932744585, 0.5236877169622249], [0.6153049080197475, 0.07839586005314496, 0.020699523122085825, 0.2855997088050217], [0.1962091903670395, 0.19593253288734344, 0.021161815123486215, 0.5866964616221308], [0.03703409002313861, 0.10585303280416875, 0.4434368241747145, 0.4136760529979783], [0.2776948588564338, 0.03448265717304713, 0.16548949780598513, 0.5223329861645337], [0.253139512196728, 0.3033584940372623, 0.06520170958879638, 0.3783002841772133], [0.44789424967737146, 0.11796277953397616, 0.014768612888687097, 0.41937435789996536], [0.06017552481378548, 0.49971379841672187, 0.18165981118753854, 0.258450865581954], [0.9109723959399778, 0.04303151835916229, 0.0007640083322926339, 0.04523207736856725], [0.14691016793597558, 0.025486843168932013, 0.004600675897889932, 0.8230023129972025], [0.27809951813325984, 0.2945901666711797, 0.09840967300960521, 0.32890064218595527], [0.2617754780108093, 0.6305969273355604, 0.05936835100648069, 0.04825924364714944], [0.1718059229433925, 0.4989902004175293, 0.05026052961144554, 0.2789433470276326], [0.11053363773221979, 0.10681371974207168, 0.10571026711726249, 0.6769423754084462], [0.021260156029884365, 0.034895088789013214, 0.17106836657404167, 0.7727763886070609], [0.011803767248147275, 0.5120760432014962, 0.07382439303701761, 0.4022957965133392]]}}