{"test": {"ids": ["108121410", "97116790", "102112030", "110121500", "102110890", "113117340", "100109330", "100112060", "113120280", "112116501", "110117200", "104118070", "112119610", "113119300", "102116500", "110115710", "112118620", "98117740", "106119990", "105117431", "107114321", "97113260", "106116640", "113122510", "101108621", "110116300", "105116980", "112118550", "101111620", "111116040", "107119130", "109119340", "99112641", "110114321", "104111711", "99111000", "103113101", "111116010", "101114990", "113117550", "104109311", "103113170", "103111540", "113120751", "103111620", "110116501", "102117351", "110115890", "99113260", "97106591", "111114941", "103110760", "112118810", "108114200", "112120990", "97110950", "110118181", "110118701", "108116501", "104118340", "113122230", "105113170", "100108580", "112116401", "111115780", "113120531", "111121410", "103117200", "98108970", "111115400", "108115570", "113119360", "98107340", "100115700", "97106770", "101108500", "100111620", "106117790", "106116370", "113118690", "106120290", "97106600", "109117150", "107112840", "108118630", "103113640", "108117360", "98119591", "111119150", "110119030", "112121410", "98113881", "98108520", "108120060", "108121160", "106113190", "103109791", "108120700", "109115070", "105112260", "100111080", "113122220", "105114220", "97116800", "109117110", "113120070", "108116481", "113121750", "107114140", "110118450", "99112840", "105113440", "104116800", "106119580", "112117790", "105118171", "105117200", "112119930", "101111140", "97106000", "111117200", "106121220", "110116170", "101112690", "97105451", "113118111", "112119950", "110121140", "109113591", "107121230", "111119930", "112119320", "111119610", "97105760", "97112290", "102121700", "103120290", "110118880", "107114490", "110119300", "105115900", "98109230"], "labels": [0, 2, 2, 3, 0, 2, 0, 2, 0, 3, 3, 2, 0, 1, 1, 2, 3, 2, 0, 1, 0, 1, 3, 2, 0, 3, 0, 3, 3, 0, 1, 3, 1, 1, 1, 2, 3, 1, 3, 3, 3, 3, 1, 1, 0, 3, 1, 2, 0, 1, 0, 1, 3, 0, 2, 3, 1, 3, 0, 2, 1, 0, 0, 0, 1, 0, 0, 0, 3, 0, 3, 0, 0, 1, 3, 3, 3, 1, 2, 3, 2, 3, 2, 1, 1, 1, 1, 1, 3, 0, 0, 3, 2, 1, 2, 0, 3, 2, 0, 3, 0, 1, 3, 0, 1, 2, 0, 0, 2, 0, 2, 0, 1, 3, 3, 3, 3, 1, 2, 0, 0, 1, 0, 1, 0, 1, 0, 3, 3, 0, 1, 1, 2, 0, 1, 1, 2, 0, 3, 1, 3, 1], "predicted_labels": [1, 2, 3, 0, 0, 1, 0, 2, 0, 1, 0, 0, 1, 3, 0, 0, 0, 2, 1, 1, 3, 3, 0, 1, 1, 1, 3, 3, 0, 3, 0, 3, 0, 1, 1, 1, 3, 2, 1, 2, 3, 2, 3, 3, 0, 3, 3, 2, 0, 1, 0, 0, 1, 0, 0, 3, 0, 2, 0, 1, 1, 3, 1, 0, 0, 0, 0, 3, 2, 0, 1, 3, 3, 2, 0, 1, 3, 2, 3, 1, 2, 1, 0, 1, 1, 3, 2, 2, 3, 3, 1, 1, 0, 2, 1, 0, 2, 3, 1, 1, 1, 1, 0, 3, 1, 2, 3, 0, 1, 2, 3, 0, 0, 1, 3, 1, 0, 1, 3, 3, 3, 0, 0, 3, 0, 1, 3, 0, 0, 1, 0, 2, 2, 3, 0, 0, 2, 1, 3, 0, 1, 0], "confidence_scores": [[0.0006805832102216134, 0.9759300588302436, 1.6202891266791366e-05, 0.023373155068267756], [0.0009596708564024505, 0.003764048380013125, 0.9904593840734555, 0.004816896690129092], [0.1297480789955162, 0.03425973333570309, 0.05278852588673757, 0.7832036617820433], [0.9626364574345501, 0.006254056565248389, 4.30597261636394e-06, 0.03110518002758516], [0.9507242042469694, 0.00010986744466550034, 0.04767162571565417, 0.0014943025927109989], [0.0029645773581940486, 0.6655492116104654, 0.09564792706949787, 0.23583828396184262], [0.8057973162175841, 0.19399306051309595, 7.513656524743651e-05, 0.0001344867040725934], [0.02916275346508752, 0.0009086715532109008, 0.9699243978920111, 4.177089690473775e-06], [0.7780617779725157, 5.458256195559191e-07, 3.642669899072224e-06, 0.2219340335319657], [4.684395819619497e-08, 0.4832737758363948, 0.03455758108371282, 0.4821685962359342], [0.9998930641609685, 0.00010683156210910097, 7.998130389935804e-08, 2.429561868734973e-08], [0.7766188483169455, 0.0010776110010898173, 0.2222885116140976, 1.5029067866962109e-05], [6.413685178202075e-05, 0.9963092222913639, 0.0003445316361960082, 0.003282109220658004], [0.0002172939555412207, 0.06620609604881504, 0.03732497432564581, 0.896251635669998], [0.878001814394996, 0.002146109010261884, 0.11985161836525689, 4.5822948534937603e-07], [0.9996682308543042, 1.9014306616188912e-05, 0.00029346817508628533, 1.9286663993417268e-05], [0.9536434760909375, 0.0009073719807542563, 0.014529377176957386, 0.030919774751350843], [0.007260059910375481, 0.0006191634000698793, 0.7038151131851915, 0.28830566350436304], [0.0012384141641005166, 0.9281036357863095, 0.0007798759816732654, 0.06987807406791666], [0.00026304930873738273, 0.9858735901429149, 0.013863270849372914, 8.969897481711161e-08], [0.00532835276654969, 0.02047376314808327, 0.03978772250166664, 0.9344101615837005], [1.5568701932666913e-10, 0.00017262399188017815, 0.019518405252044686, 0.9803089706003881], [0.8301043993220425, 6.101702618598528e-11, 8.617809071012744e-06, 0.16988698280786962], [0.2382952408042134, 0.7423653024009866, 0.01933938400393047, 7.279086953878912e-08], [0.0005978929891915427, 0.7509729730042659, 0.00020194574624518083, 0.24822718826029727], [3.9601909381989695e-06, 0.9988144796480501, 0.0007869153543541262, 0.00039464480665753806], [0.01421775222385817, 0.006523553083967494, 4.050957001399786e-07, 0.9792582895964742], [0.003966590900725994, 0.0002634361457779512, 3.9699867967609535e-08, 0.9957699332536282], [0.990658459115549, 5.413666299512772e-06, 0.009234487183026744, 0.0001016400351249753], [0.010525144955307198, 0.0003244743667229441, 0.0014114082114616354, 0.9877389724665082], [0.6431094404898717, 0.030264624387795713, 3.3214065515078216e-05, 0.3265927210568174], [0.0080358359549647, 0.005903069138571412, 0.016516759927036533, 0.9695443349794273], [0.9992845762524916, 0.0005280371978415875, 4.903156195980694e-09, 0.00018738164651062097], [0.016411080041321816, 0.9834341705554571, 1.9440441127808036e-05, 0.00013530896209321372], [0.0006101641952739176, 0.9766080375203756, 0.0004454097752982115, 0.022336388509052212], [0.04441291811129484, 0.7984154886618129, 0.15652110222850313, 0.0006504909983892315], [1.65071457413415e-07, 6.205644602792774e-05, 4.015933727269191e-08, 0.9999377383231773], [0.00015539753308143201, 0.40680638385279344, 0.5899685780714509, 0.003069640542674215], [1.4019166589674926e-06, 0.8754483358162896, 0.034669337343895525, 0.08988092492315615], [1.1343856498312677e-05, 0.0013519342275685909, 0.9240127349228193, 0.0746239869931138], [0.46720611315653876, 4.7072829210660416e-07, 0.000445484891409342, 0.5323479312237598], [0.07270545893997689, 0.4002865893492739, 0.5265934186608346, 0.00041453304991451986], [2.8254019922628658e-06, 0.20121263306108422, 0.00765944465597507, 0.7911250968809485], [6.576102383661997e-05, 0.00042273371497250704, 0.0021574455235825528, 0.9973540597376083], [0.8612426989905355, 0.05685755861130508, 0.07742687887454591, 0.004472863523613544], [1.1937263128691135e-06, 0.017433885795748668, 1.0756176079624773e-05, 0.9825541643018587], [0.10404062935577105, 0.0022643929284328237, 2.6132524437577156e-09, 0.8936949751025437], [1.8603037741586015e-05, 0.08474252726414262, 0.7463171675696895, 0.16892170212842642], [0.9604064750377476, 0.01469692011940714, 0.018519223728621664, 0.006377381114223705], [0.311062554615664, 0.43426845486592736, 0.0007515841699659049, 0.2539174063484426], [0.8966644716025282, 0.0022078617809948224, 8.228085653245769e-05, 0.10104538575994465], [0.847054624650019, 0.005852935226589601, 2.249303181559209e-06, 0.14709019082020977], [0.20499265667215116, 0.7879992175379867, 0.0006075832886606846, 0.0064005425012014375], [0.9769225999955892, 0.02149622591879262, 0.00021932736500105305, 0.0013618467206171067], [0.6832028442162078, 0.3137690804412734, 0.0026498258000698907, 0.0003782495424488658], [0.001063460920313845, 0.0019231535025285278, 0.0010830647986760096, 0.9959303207784815], [0.9981972053793464, 0.0018026196641077702, 1.1146412488152684e-07, 6.349242088668297e-08], [0.00015813573665613735, 1.5005776735230377e-05, 0.9998267915665253, 6.692008322803093e-08], [0.9771984293850268, 0.009886904146936236, 0.0012012572706552476, 0.011713409197381732], [0.12548765140917223, 0.8650856242613129, 0.0015318140999842004, 0.0078949102295306], [0.005305214945924099, 0.9697673910213612, 0.02374111064951387, 0.0011862833832009157], [1.237718853311598e-07, 1.984130086379601e-06, 2.938583939722375e-07, 0.9999975982396343], [0.0012950949503324355, 0.9700968645112834, 0.028200733372174713, 0.00040730716620945314], [0.9998679139625875, 7.798372893270394e-07, 1.795266191943209e-07, 0.0001311266735040629], [0.9098780417389133, 0.07300109174901656, 0.017079165889844608, 4.170062222566006e-05], [0.9979735569783283, 2.688804201613575e-05, 6.279274092616549e-06, 0.001993275705563], [0.901025204756229, 0.09791651457227633, 0.0006511512683314165, 0.000407129403163193], [0.11494778404901203, 5.031019497636959e-05, 0.0001757367816725817, 0.8848261689743391], [0.024770810510357517, 0.3400030829278816, 0.6352257275099624, 3.7905179840339744e-07], [0.5642653257265643, 0.0008032965714535916, 0.42638151738843455, 0.008549860313547528], [0.02348131157774272, 0.8113874869967034, 0.16496583828849284, 0.00016536313706124565], [0.0021621063340383434, 3.4729866238318806e-05, 5.483822100458486e-06, 0.9977976799776229], [1.2662050391569254e-07, 2.821331385107965e-09, 0.0010640890641603765, 0.9989357814940044], [4.8285340705059274e-05, 0.0005085949410867602, 0.9646832635322765, 0.03475985618593175], [0.9935238096933106, 0.005678497592707272, 0.0007970654000747265, 6.27313907580342e-07], [0.0036316727254958217, 0.9875464111626943, 0.008318557989874195, 0.0005033581219357032], [1.3771421731773014e-05, 6.092614808184313e-05, 0.0063293910926042534, 0.9935959113375821], [0.14248988762060996, 0.05772325011782902, 0.7847527128309657, 0.015034149430595268], [0.13238268044737803, 0.12948053001257576, 0.2894477122491843, 0.44868907729086194], [0.05676469808025799, 0.8466047327623113, 0.0019287987388626913, 0.09470177041856793], [7.806775445885326e-06, 0.003705627894987326, 0.9962748436939926, 1.1721635574337013e-05], [0.0822936776625345, 0.9155936105577874, 0.002098141622800774, 1.4570156877358542e-05], [0.9246292912202739, 0.04945147227373314, 0.009371687271503006, 0.016547549234489776], [0.00428882892180818, 0.9956196057539431, 9.79074840818627e-06, 8.17745758406332e-05], [8.62970723580855e-06, 0.9907977311991327, 1.554551952446358e-05, 0.009178093574106958], [0.021655602485116263, 0.0004100141890360067, 0.015100423125651269, 0.9628339602001964], [6.779683721876308e-05, 0.0517860399778843, 0.7694228327893274, 0.17872333039556956], [0.01267421106119142, 0.3465576984509613, 0.5426405341478642, 0.09812755633998319], [0.14967532067173323, 0.30491061442654266, 2.851090561745159e-06, 0.5454112138111624], [0.000478978093946303, 0.0003134056956841073, 6.545382537544408e-07, 0.9992069616721159], [0.0017348481334338445, 0.998226823678815, 1.6842205352680694e-09, 3.832650353058901e-05], [1.2407867748764225e-05, 0.969206694912132, 2.0291117349433003e-05, 0.030760606102769646], [0.9999961644154189, 1.814595947733965e-08, 3.812285494218493e-06, 5.153127263555514e-09], [0.0024086083308379924, 0.37993994572177703, 0.6176484148978397, 3.03104954533177e-06], [7.026272114080839e-06, 0.9999521111048548, 5.0272928571264215e-09, 4.085759573830966e-05], [0.9990247134296794, 0.0008761999801650025, 1.9412898575042282e-05, 7.967369158050042e-05], [0.00010739767265568831, 6.082416809239176e-06, 0.9493362707560572, 0.05055024915447788], [0.0463927166844249, 1.6328612622022505e-05, 0.05852724894065242, 0.8950637057623007], [2.7910396162824315e-06, 0.9996416031804768, 5.010955698637057e-05, 0.000305496222920606], [0.0015209221624068558, 0.850451630910175, 4.087408671459419e-05, 0.14798657284070377], [5.672983893494222e-05, 0.9937755970488078, 0.00616292925483486, 4.7438574223294886e-06], [0.12600047847991294, 0.8205261271067469, 0.00012124755181885729, 0.053352146861521434], [0.8850892933902897, 0.08244052965810116, 1.9765490730149962e-07, 0.03246997929670191], [0.011575017857020286, 0.0002479957810915836, 0.3095173421604657, 0.6786596442014223], [0.006674903689476677, 0.9851839953021345, 7.665731086260036e-06, 0.008133435277302441], [0.05642793690325795, 0.019784765541129182, 0.9237721000261775, 1.5197529435223744e-05], [0.26948402669453675, 7.5194389658891645e-06, 0.00016213996291931148, 0.7303463139035781], [0.995826825445152, 0.0040406566928349145, 8.267816321601359e-07, 0.00013169108038095], [0.00030214389742179735, 0.999667112631729, 3.0199155146930378e-05, 5.443157022866242e-07], [0.003418609724497859, 0.0028318467416992344, 0.9074187325435449, 0.08633081099025791], [0.00016014126463074064, 0.016739416234519203, 9.882518194863417e-07, 0.9830994542490304], [0.6280445334945642, 0.34696817462403384, 0.01737753484889327, 0.007609757032508741], [0.9192991480257952, 0.0013439886265174132, 2.1390795252880203e-07, 0.07935664943973493], [7.08018815650806e-05, 0.9635999161362166, 0.036327408207945104, 1.8737742733540247e-06], [0.0983326562155055, 0.3240530282272167, 0.00045890314930344486, 0.5771554124079743], [0.009122968973992705, 0.523448048005131, 6.10282722715033e-06, 0.46742288019364925], [0.8419779589645237, 3.9676394170323e-05, 0.00010856024067840142, 0.15787380440062754], [0.002239048219140077, 0.9645118461798653, 0.03299229911989653, 0.00025680648109811165], [0.2540791978810914, 0.0008993311678198442, 0.0007422433586987304, 0.7442792275923901], [0.00019991824896719267, 0.007489202127071614, 1.4907168717280135e-06, 0.9923093889070894], [8.5785716093161e-05, 0.008063464592789532, 0.0005204025896300985, 0.9913303471014873], [0.859306337709069, 0.002340099680783496, 0.1179963642652332, 0.020357198344914427], [0.5050485473846122, 0.49403101929875004, 0.0005751771323768686, 0.0003452561842609709], [0.0003143558436292553, 0.020748510074939573, 0.4025072583723029, 0.5764298757091282], [0.9999926070006214, 7.369957974041185e-06, 3.618773248172957e-12, 2.303778574494372e-08], [0.04518153002395179, 0.90177604594346, 0.002650285637623016, 0.05039213839496517], [0.16598485393941192, 4.2727031268875665e-05, 6.111651413752553e-06, 0.8339663073779054], [0.582999101459696, 0.13249497956582068, 0.2842580310216873, 0.0002478879527960499], [0.7457404417653506, 0.1328864232688537, 2.3342427782788316e-08, 0.12137311162336797], [0.000507364449278939, 0.9890645682155647, 5.79013031122049e-10, 0.010428066756143254], [0.5762166160856685, 0.42156336382446263, 0.0021889964881642602, 3.102360170464556e-05], [7.25432636245539e-07, 0.24225572133847478, 0.757376233540653, 0.0003673196882361502], [4.0498689057349046e-07, 0.31088167070696154, 0.6891175611964603, 3.631096875646199e-07], [0.0014619452562572488, 1.6267742708192965e-06, 0.000920080766817247, 0.9976163472026548], [0.9831048867463603, 3.6830684941372356e-06, 2.35757015380016e-05, 0.016867854483607673], [0.9964967646624734, 0.003158192889023295, 1.624575111008122e-05, 0.00032879669739308904], [8.765046529345072e-07, 0.00096676889829395, 0.9990323100901809, 4.4506872337330595e-08], [0.0017457804506034568, 0.871992062789188, 1.6275842686304406e-05, 0.12624588091752229], [3.1394137289635543e-07, 0.0005031571736458537, 0.17390990704772685, 0.8255866218372543], [0.987773156224342, 0.0025709430669170166, 0.000368291363625439, 0.009287609345115433], [0.03326861248150185, 0.9511034821475725, 0.01549943009068266, 0.00012847528024302932], [0.9230350116113997, 0.0007752258371274319, 0.0761803872047005, 9.375346772467958e-06]]}, "rewritten": {"ids": ["97105451", "97105760", "97106000", "97106591", "97106600", "97106770", "97110950", "97112290", "97113260", "97116790", "97116800", "98107340", "98108520", "98108970", "98109230", "98113881", "98117740", "98119591", "99111000", "99112641", "99112840", "99113260", "100108580", "100109330", "100111080", "100111620", "100112060", "100115700", "101108500", "101108621", "101111140", "101111620", "101112690", "101114990", "102110890", "102112030", "102116500", "102117351", "102121700", "103109791", "103110760", "103111540", "103111620", "103113101", "103113170", "103113640", "103117200", "103120290", "104109311", "104111711", "104116800", "104118070", "104118340", "105112260", "105113170", "105113440", "105114220", "105115900", "105116980", "105117200", "105117431", "105118171", "106113190", "106116370", "106116640", "106117790", "106119580", "106119990", "106120290", "106121220", "107112840", "107114140", "107114321", "107114490", "107119130", "107121230", "108114200", "108115570", "108116481", "108116501", "108117360", "108118630", "108120060", "108120700", "108121160", "108121410", "109113591", "109115070", "109117110", "109117150", "109119340", "110114321", "110115710", "110115890", "110116170", "110116300", "110116501", "110117200", "110118181", "110118450", "110118701", "110118880", "110119030", "110119300", "110121140", "110121500", "111114941", "111115400", "111115780", "111116010", "111116040", "111117200", "111119150", "111119610", "111119930", "111121410", "112116401", "112116501", "112117790", "112118550", "112118620", "112118810", "112119320", "112119610", "112119930", "112119950", "112120990", "112121410", "113117340", "113117550", "113118111", "113118690", "113119300", "113119360", "113120070", "113120280", "113120531", "113120751", "113121750", "113122220", "113122230", "113122510"], "labels": [0, 0, 0, 1, 3, 3, 3, 1, 1, 2, 0, 0, 2, 3, 1, 3, 2, 1, 2, 1, 2, 0, 0, 0, 0, 3, 2, 1, 3, 0, 2, 3, 1, 3, 0, 2, 1, 1, 1, 3, 1, 1, 0, 3, 3, 1, 0, 2, 3, 1, 1, 2, 2, 3, 0, 0, 3, 3, 0, 3, 1, 3, 0, 2, 3, 1, 3, 0, 2, 1, 1, 2, 0, 3, 1, 0, 0, 3, 0, 0, 1, 1, 1, 2, 2, 0, 3, 0, 1, 2, 3, 1, 2, 2, 0, 3, 3, 3, 1, 0, 3, 0, 0, 1, 3, 3, 0, 0, 1, 1, 0, 0, 3, 2, 1, 0, 0, 3, 3, 3, 3, 3, 1, 0, 1, 0, 2, 0, 2, 3, 1, 3, 1, 0, 2, 0, 0, 1, 0, 1, 1, 2], "predicted_labels": [0, 2, 1, 2, 1, 0, 3, 3, 3, 2, 3, 3, 0, 2, 0, 3, 2, 1, 1, 0, 1, 0, 1, 0, 1, 1, 2, 2, 1, 1, 0, 0, 2, 1, 0, 3, 0, 3, 0, 2, 1, 1, 1, 3, 1, 3, 0, 2, 0, 2, 3, 2, 1, 1, 3, 1, 0, 3, 3, 3, 1, 1, 0, 1, 0, 2, 1, 1, 2, 0, 1, 1, 2, 2, 1, 1, 0, 1, 3, 2, 1, 1, 1, 3, 1, 1, 1, 1, 1, 0, 3, 1, 0, 2, 0, 1, 3, 0, 1, 2, 2, 3, 3, 0, 0, 0, 0, 0, 0, 2, 3, 3, 3, 2, 0, 1, 0, 3, 3, 3, 0, 0, 2, 1, 1, 3, 0, 1, 1, 2, 1, 1, 3, 3, 2, 0, 0, 3, 1, 1, 1, 1], "confidence_scores": [[0.9990469517313273, 0.000943566939979546, 3.6215915077181913e-10, 9.480966534069726e-06], [0.0022562140907566846, 0.00031789349109824874, 0.9404234597799536, 0.057002432638191505], [2.4601135335170845e-05, 0.6478263235177832, 0.00011373778677293409, 0.35203533756010863], [5.328681859132884e-05, 0.23631306063935398, 0.7627393877475498, 0.0008942647945048632], [5.8028672104947615e-06, 0.9976687660867312, 0.00232434420003637, 1.0868460217501395e-06], [0.6669854128492653, 0.28615881039330004, 0.046851738043710595, 4.038713724027186e-06], [0.0037880138819236997, 0.013168561464113717, 0.0062588942198890446, 0.9767845304340735], [0.14416522827603118, 0.0035577308330682813, 0.02394031184776522, 0.8283367290431354], [1.1384116194661653e-11, 0.001079071767046137, 0.040621344321440746, 0.9582995839001289], [8.962004749453684e-05, 0.0024652429152580923, 0.9974000704729908, 4.5066564256607826e-05], [0.007143267210278134, 0.00012427558187336782, 0.08103435511044545, 0.911698102097403], [7.924880743932268e-07, 3.8652054047437333e-07, 0.0024176591586968876, 0.9975811618326882], [0.9998916881833345, 2.850606770091037e-06, 2.4298853467568198e-05, 8.116235642790269e-05], [0.007001998440976094, 0.10440818456506963, 0.8885866174815241, 3.1995124301787307e-06], [0.6854298450516905, 0.05712345400277137, 0.257442700381588, 4.000563950062459e-06], [0.0015475227575636541, 0.44493743067001384, 0.0011391364351001957, 0.5523759101373222], [0.00013218081794544556, 0.0075865776034749035, 0.8430231041081628, 0.1492581374704168], [0.006659462495079356, 0.8189138486887104, 0.16776334389593542, 0.006663344920274927], [0.007696312387960901, 0.6378652337430682, 0.35438727673919496, 5.117712977591549e-05], [0.9824909108432993, 0.015747582141809262, 5.956325570180112e-06, 0.0017555506893213065], [0.0008729488583111204, 0.5264361137824775, 1.1491875172157533e-05, 0.4726794454840392], [0.8453082719681436, 0.036305211689324185, 0.11414089301057466, 0.004245623331957346], [0.013635943480117275, 0.7963233372191563, 0.19000610420644742, 3.4615094278995194e-05], [0.992603706868313, 0.007334436313140948, 5.595961919515414e-05, 5.897199351053885e-06], [0.0007471645976422502, 0.874315621649699, 0.1249370694952018, 1.4425745695112631e-07], [0.06294193068742193, 0.8976445202298914, 0.03830299112126088, 0.0011105579614257455], [0.014331035745298587, 0.00036250941982860933, 0.9853055826024053, 8.722324674660798e-07], [0.0003192113655793812, 0.0016835179449694038, 0.9914113994587198, 0.006585871230731414], [0.000665842672452638, 0.9912194830185288, 0.007267995180622453, 0.0008466791283958772], [0.0018510002871057973, 0.9156754344425238, 0.0005212325001012321, 0.0819523327702691], [0.4738223817777786, 0.11444334934341406, 0.07350088585690176, 0.33823338302190564], [0.9777747843456494, 8.833849036315184e-07, 0.02222352994219158, 8.023272553900558e-07], [0.00021032994159816206, 0.018706275512184848, 0.7801381573386248, 0.200945237207592], [3.052657853702982e-06, 0.6614627712966233, 0.33582749994811045, 0.002706676097412413], [0.6827861974860527, 0.004179559022863726, 0.30869539423518494, 0.004338849255898631], [0.10805836254721425, 0.041380132078677107, 0.15625379761554906, 0.6943077077585595], [0.7609545613213978, 0.036300203133691165, 0.2027448995349617, 3.3600994912970174e-07], [0.16602951996004622, 0.0011471666394744537, 5.181085171088167e-09, 0.8328233082193942], [0.997285548432753, 0.0024280294136070223, 4.92861307398531e-07, 0.00028592929233267996], [0.0003301595421080239, 2.025524036428852e-05, 0.916547057819025, 0.08310252739850292], [0.11044655939572096, 0.8746716545334408, 0.0001673827446694873, 0.014714403326168728], [4.7297667143999114e-07, 0.8541146786479906, 0.011902016308206429, 0.13398283206713144], [0.15978386836137848, 0.6082597306522507, 0.22787921621073814, 0.004077184775632757], [9.052461341596575e-07, 0.052070203743508875, 2.6920536005667797e-06, 0.9479261989567564], [0.02536930272415115, 0.5958874585695967, 0.3787324533538856, 1.0785352366529502e-05], [0.016035760431698066, 0.00012232775426371438, 0.3014239109115552, 0.6824180009024831], [0.7488052478649847, 0.009254468224154126, 0.11429630539923254, 0.12764397851162868], [1.7276807586902671e-06, 0.0005817622583450158, 0.9994165080532739, 2.007622651782086e-09], [0.6253492896098902, 8.668510986117525e-06, 0.0009763071707820779, 0.3736657347083415], [0.0067007064142474825, 0.020592455521626005, 0.5618620613122999, 0.4108447767518267], [0.00864995715607703, 0.0035815065325800997, 4.878451621624109e-07, 0.9877680484661808], [0.16536245473070235, 0.035669726650105905, 0.7989620154403119, 5.803178879824818e-06], [0.025007735919429692, 0.9734957469081675, 0.0014524999951512697, 4.40171772516653e-05], [0.008529068932776222, 0.9745192563645397, 1.8009897364233055e-05, 0.016933664805319926], [6.315395649309261e-05, 0.0012140122123712527, 0.0009835802099569788, 0.9977392536211785], [0.012223514444815705, 0.5095296811169006, 0.47822602052114815, 2.0783917135554544e-05], [0.9731284559539778, 0.02213027381701076, 1.391241477980923e-07, 0.0047411311048635475], [0.10826127205828466, 6.009752544768709e-06, 0.08208568325480965, 0.8096470349343609], [0.0003307767643865774, 0.013184336589420323, 2.434930961206683e-06, 0.9864824517152319], [0.2546120736224117, 0.013233586329688756, 0.0013505791114057622, 0.7308037609364938], [5.080308035527881e-05, 0.9891185644965093, 0.010830628530706519, 3.892428951864894e-09], [0.01085881118584575, 0.9886311626592654, 3.4569869061886243e-07, 0.0005096804561981798], [0.9889890122244182, 0.010995383163904552, 8.326201376899706e-07, 1.4771991539486215e-05], [0.11672560479856207, 0.8234061690480691, 0.04670357592077602, 0.013164650232592681], [0.6656282005207065, 6.160829260509906e-10, 0.00033852265239437665, 0.33403327621081624], [0.001979343482542086, 0.002131223128681208, 0.9957740785464985, 0.00011535484227828181], [0.0002928693650988745, 0.9963115323722624, 0.00339556005128258, 3.821135626688423e-08], [0.00021365420773203716, 0.983457917160095, 0.009780820957869365, 0.00654760767430349], [2.738827068621183e-05, 0.003638862333251721, 0.996326231386133, 7.518009929224159e-06], [0.9929001479780625, 0.00016935542926065794, 0.006650474198449623, 0.00028002239422738104], [0.0016686652736581308, 0.998247718893468, 8.321259956900282e-05, 4.032333048942357e-07], [0.0003440279560507755, 0.9996342260231175, 2.096918048330189e-05, 7.768403484796602e-07], [0.003154720221614011, 0.03486217671099544, 0.8048382496136568, 0.15714485345373375], [1.3722689802908588e-07, 0.0002170780584649078, 0.9766041822185528, 0.02317860249608425], [0.004391666120718216, 0.9837879979364468, 3.327343149293112e-07, 0.011820003208520068], [5.1666221986307965e-06, 0.9999943674824116, 2.201686620318122e-10, 4.6567522105368235e-07], [0.9669359143085767, 0.03254761390416479, 0.00018386314721139426, 0.0003326086400472087], [0.06420791912009159, 0.6050205807855773, 0.3307617407971585, 9.759297172633804e-06], [0.003920784774721226, 6.571579084355868e-08, 2.3882494340701375e-05, 0.9960552670151472], [0.4469834323331036, 0.04877996626216697, 0.4878901806639461, 0.01634642074078332], [0.0007331901541911843, 0.5928998754853363, 0.4028622252784185, 0.0035047090820540536], [8.26044567165459e-05, 0.5676014039340602, 1.77939013410713e-05, 0.43229819770788225], [0.004569389765684455, 0.6494509895650846, 0.3459795161484409, 1.0452079003930174e-07], [0.027103933925116327, 0.0003753840158118666, 0.24949579556779078, 0.723024886491281], [3.0710483157362706e-06, 0.9999968041085173, 3.825677255801986e-08, 8.658639449837463e-08], [5.893171707640134e-05, 0.9997892706749609, 8.76306448685304e-07, 0.00015092130151408238], [0.00036904301900979905, 0.99680024456259, 3.5015835496262907e-06, 0.002827210834850641], [7.447826862846311e-07, 0.9999924612828618, 7.796118031463393e-07, 6.0143226487967685e-06], [0.1661578751813984, 0.8158348873348075, 6.7635221309924e-05, 0.017939602262484155], [0.9481934404493914, 0.010551596705113613, 0.03714902082045108, 0.004105942025043878], [0.4260283724535539, 0.04600392187853864, 0.07553052349406242, 0.45243718217384515], [0.03516432387563814, 0.9609242841498429, 0.003646892287725855, 0.00026449968679314966], [0.9995029323353976, 3.1206637816225886e-05, 0.00044977080024455806, 1.6090226541744633e-05], [4.5939888240379947e-07, 0.047309194090617346, 0.9315991621026014, 0.021091184407898873], [0.9642630521201503, 0.0034350076905670965, 0.032301916825851616, 2.336343105385105e-08], [6.360847508294846e-05, 0.9988489034130745, 0.0009799419826574507, 0.00010754612918499703], [2.4671661487347243e-05, 0.06833382111393159, 8.989409701830077e-05, 0.9315516131275628], [0.9447955933419427, 0.05520017151928199, 4.139046030636294e-06, 9.609274461648085e-08], [0.42858561031757836, 0.5713339449974081, 8.032164286322432e-05, 1.2304215039605316e-07], [1.4893616517732809e-05, 0.0007779503377246908, 0.9992057895711706, 1.3664745869302894e-06], [0.4307832191290861, 7.431104142178106e-06, 0.5692079408868653, 1.4088799064213791e-06], [0.08663952113978611, 0.2530180398778557, 8.125946679159622e-05, 0.6602611795155666], [0.00012172915777297193, 0.010666125106444744, 6.97731480140106e-06, 0.9892051684209809], [0.9969755321868318, 0.00053092390306956, 4.2201593575117184e-05, 0.0024513423165237], [0.8034819650185981, 0.10619148276625863, 0.09020931490562319, 0.0001172373095199447], [0.6925636276107794, 0.26630375147227275, 2.384989396050283e-06, 0.04113023592755173], [0.6585853323341426, 0.12140931804481683, 0.000281799432402727, 0.2197235501886378], [0.9269580790629373, 0.00044496463718248544, 0.0710496494485029, 0.0015473068513775484], [0.9729328942874444, 0.018656204869076317, 0.008396366348110125, 1.4534495369157903e-05], [2.5693850596281052e-05, 0.04319831507558636, 0.9555011619485364, 0.0012748291252809893], [0.05102428969286721, 0.00027746823861972143, 0.0024131371109288226, 0.9462851049575843], [0.007627815281829314, 0.015468185487431936, 0.001423485310020052, 0.9754805139207187], [0.31215460308389326, 0.014705979100178821, 2.404849769390079e-06, 0.6731370129661585], [2.0130283685316712e-05, 0.14312350162446943, 0.8568542087641049, 2.1593277403333156e-06], [0.951633971956228, 0.047888158292799375, 0.00047695095246892433, 9.187985037863283e-07], [0.044889255169519186, 0.9549298990544177, 0.00012457530398995924, 5.627047207323269e-05], [0.9999878668550567, 7.100273422605143e-07, 1.2046972935583727e-06, 1.0218420307642754e-05], [1.6686558725191987e-07, 0.03446814690122515, 0.010283537602639265, 0.9552481486305484], [0.09606750614261832, 0.15927789352758912, 0.0047425360623477965, 0.7399120642674446], [0.011635716944080375, 0.000270914241979717, 4.981148479781468e-06, 0.98808838766546], [0.9969759735218537, 0.0016845015129853063, 0.001019634637208091, 0.0003198903279528909], [0.9610410444204384, 0.03233463913172093, 0.0003368297987635307, 0.006287486649077298], [5.885090068378421e-07, 0.24773975088539577, 0.752202207539148, 5.745306644942106e-05], [0.026948002312929268, 0.9717135846274929, 0.0005954062663562863, 0.000743006793221671], [0.0009732945517834869, 0.9682124723587603, 0.030443283451936923, 0.0003709496375193476], [0.07934286722783128, 0.00033610738487125486, 4.259963650302058e-06, 0.9203167654236472], [0.9384198827706212, 0.06057406895459662, 0.0010048267130753758, 1.2215617070009112e-06], [5.011985350521812e-05, 0.9999484477926719, 4.325172974905912e-11, 1.4323105710908883e-06], [0.000885048073749253, 0.925676504281272, 0.022246627611506312, 0.05119182003347262], [8.232059451417342e-06, 0.0008012109284472827, 0.7067248009173858, 0.29246575609471553], [0.3085744644534369, 0.6086125398687572, 0.07801415458939136, 0.00479884108841471], [0.32602805101704485, 0.6715032119261384, 0.001798075253896156, 0.0006706618029205557], [0.009324369888926683, 3.239869178929886e-05, 1.300331897585206e-05, 0.9906302281003082], [0.001029090582482873, 1.0964359152391968e-05, 1.861795679180655e-07, 0.9989597588787968], [0.017310535127859742, 0.0011940469949502754, 0.9814727660197037, 2.2651857486276585e-05], [0.7095264657797458, 9.372111187100168e-07, 4.3620456730803215e-06, 0.2904682349634624], [0.9230362756334776, 0.02898223645106333, 0.04709016754798746, 0.0008913203674718014], [0.00014998172124201488, 0.0435753604819907, 0.021685849465880785, 0.9345888083308864], [0.4756252500072383, 0.524245312601061, 1.42406413785677e-05, 0.00011519675032225101], [0.0006858109813709214, 0.9440882730769078, 9.636315729548326e-05, 0.05512955278442579], [0.0017585436595591022, 0.89184860337718, 0.10635001140953201, 4.284155372890054e-05], [0.21042334574267102, 0.7824938248759276, 0.007082780425516621, 4.895588471481347e-08]]}}