{"test": {"ids": ["109119340", "112116800", "107113260", "112121360", "112119930", "108113760", "112117471", "99109311", "100110260", "104119340", "102112170", "108116481", "113122320", "99107500", "102118380", "103112641", "113121680", "97107040", "112119320", "106114321", "105113440", "108115570", "109120540", "110118111", "99107640", "109113881", "104111780", "101116130", "112117660", "110117140", "103117461", "110117080", "104111830", "106113830", "113121750", "100109890", "112118930", "111114321", "109117630", "104116800", "104111711", "113119450", "108115970", "113117401", "113122650", "97118210", "103111830", "99112300", "98107410", "113120751", "107114321", "106119580", "104109311", "104116441", "106117650", "103120730", "110114610", "110116501", "107114490", "104111531", "109119591", "100108490", "97106600", "97116401", "98109230", "104113190", "108121160", "105116860", "107116980", "100108990", "111117571", "105116090", "112116501", "101119591", "99109840", "107113130", "110119030", "108114220", "98107340", "109117600", "99109141", "111116110", "108118301", "107120010", "102112301", "99110050", "103113610", "108115500", "101108460", "108118060", "105110091", "112121010", "113122150", "99112531", "98121790", "113118511", "108118520", "100111080", "112120290", "113122220", "100116500", "112118511", "103113170", "112116810", "107113840", "101114990", "109113591", "105113260", "110116441", "111118301", "112120700", "110121140", "111119950", "105113170", "108120060", "112121351", "113120591", "98120530", "104114320", "105114220", "106119990", "107118780", "97109570", "105111990", "109118701", "107118120", "110115140", "112118471", "104113170", "100112060", "102109840", "99108000", "110117200", "111119580", "107121540", "107120260", "112118890", "99107560", "98108970", "101108290", "97108520", "108119330"], "labels": [3, 0, 0, 3, 1, 1, 3, 1, 3, 1, 3, 0, 1, 0, 1, 3, 1, 2, 1, 2, 0, 3, 1, 1, 1, 0, 3, 2, 0, 3, 0, 1, 3, 1, 0, 3, 1, 1, 0, 1, 1, 3, 2, 3, 2, 2, 3, 0, 3, 1, 0, 3, 3, 1, 1, 1, 1, 3, 3, 0, 0, 2, 3, 3, 1, 3, 2, 2, 3, 2, 3, 1, 3, 0, 2, 1, 0, 3, 0, 1, 3, 3, 1, 1, 1, 3, 2, 3, 0, 1, 0, 2, 2, 3, 2, 1, 0, 0, 1, 1, 2, 1, 3, 3, 3, 3, 3, 3, 3, 3, 2, 3, 0, 0, 1, 0, 0, 1, 2, 3, 0, 1, 0, 2, 3, 3, 0, 1, 3, 2, 2, 2, 3, 3, 2, 1, 3, 1, 3, 0, 2, 0], "predicted_labels": [3, 1, 1, 0, 3, 1, 1, 0, 0, 1, 0, 0, 3, 1, 1, 1, 1, 1, 3, 0, 3, 1, 1, 0, 0, 0, 3, 1, 3, 0, 0, 1, 1, 0, 1, 0, 1, 1, 1, 3, 1, 3, 3, 0, 1, 0, 3, 3, 0, 1, 1, 1, 0, 1, 1, 0, 1, 0, 3, 1, 1, 3, 1, 0, 1, 1, 1, 1, 1, 1, 0, 3, 1, 0, 1, 3, 1, 1, 1, 0, 1, 3, 0, 1, 3, 1, 3, 0, 3, 3, 1, 1, 1, 3, 0, 1, 0, 1, 1, 1, 3, 1, 1, 0, 1, 1, 0, 0, 1, 0, 1, 1, 0, 1, 1, 1, 0, 3, 3, 0, 0, 1, 0, 1, 1, 1, 3, 1, 1, 1, 1, 1, 1, 0, 3, 3, 3, 1, 1, 1, 0, 3], "confidence_scores": [[0.25957766955266964, 0.24718880841380855, 0.20941088633588653, 0.2838226356976357], [0.1923237484737486, 0.32140682373182367, 0.21414477744477756, 0.2721246503496503], [0.24150117660117668, 0.33637753912753915, 0.15987410449028105, 0.2622471797810033], [0.27275305250305254, 0.2650064915476682, 0.20805065522712587, 0.25418980072215375], [0.2444923964923965, 0.24406970806970824, 0.2446803751803753, 0.2667575202575204], [0.24522859917859918, 0.30781311188811195, 0.20607514152514167, 0.24088314740814742], [0.25658892969775327, 0.2766457930957933, 0.19247776471894135, 0.2742875124875125], [0.29268838383838386, 0.2640552124775811, 0.1892181374181375, 0.254038266265898], [0.3316247696747697, 0.29804019664545983, 0.1485938879833617, 0.22174114569640907], [0.2759968262130029, 0.2989286519036519, 0.18926953079600164, 0.23580499108734418], [0.31806605649252695, 0.24096748055865708, 0.16795953850071502, 0.27300692444810104], [0.3011085192585192, 0.2544289499973711, 0.14920378043009633, 0.2952587503140135], [0.27706097627862347, 0.24220412724530396, 0.1826629373894081, 0.29807195908666506], [0.2572701909201911, 0.33138369379158855, 0.16046434530381895, 0.2508817699844017], [0.22249367854367855, 0.28731995577521896, 0.24145125839073214, 0.24873510729037068], [0.2766799478299478, 0.29599033013769854, 0.16459593462093483, 0.2627337874114189], [0.21353480963480972, 0.310872113997114, 0.20713637196137213, 0.26845670440670444], [0.26117638472638477, 0.28225668220668243, 0.20964320956820967, 0.24692372349872355], [0.23256625596625619, 0.29281477052359395, 0.17956786350904005, 0.2950511100011099], [0.28100767565767576, 0.24289238816738828, 0.20224144744144743, 0.27385848873348867], [0.2736913253413254, 0.2645696914196915, 0.17458441640059297, 0.28715456683839036], [0.2123846819846821, 0.3028484218395984, 0.19404001700913467, 0.290726879166585], [0.23278394938394953, 0.3154940004440004, 0.21391018981018986, 0.23781186036186042], [0.3444693825782061, 0.2569571650571652, 0.14763796562914205, 0.25093548673548693], [0.2818973276723279, 0.274872347827611, 0.20406234175181553, 0.23916798274824608], [0.3188092232930468, 0.2881074675324674, 0.17187936312053972, 0.22120394605394617], [0.26764181374181384, 0.2787738883665354, 0.17075120043355338, 0.28283309745809737], [0.2264494893994896, 0.29945706319823967, 0.18531246151509326, 0.28878098588717804], [0.28644272949272964, 0.23435323842823846, 0.16687919302919316, 0.31232483904983915], [0.28944574592074596, 0.2775095293595294, 0.18438836718836718, 0.24865635753135756], [0.29911638916638933, 0.2623286990786992, 0.19486106393606403, 0.24369384781884784], [0.22618633033633045, 0.3298399295149296, 0.18134297091797102, 0.26263076923076945], [0.2038406712568479, 0.31528073038073023, 0.19067104007104013, 0.2902075582913818], [0.2913479686979688, 0.264222965922966, 0.18471998001998013, 0.2597090853590855], [0.26808527306027297, 0.33067003715239024, 0.1373935512200219, 0.26385113856731524], [0.3068389915639918, 0.27768126040626057, 0.18528287268287283, 0.23019687534687552], [0.23683571253308086, 0.2865888906415223, 0.2045503274503275, 0.27202506937506926], [0.23072984792984813, 0.30253352758352753, 0.18019855320118489, 0.28653807128543984], [0.22221118326118333, 0.291284115884116, 0.23915131710394874, 0.2473533837507525], [0.2052729048729049, 0.3146482683982684, 0.1612929365955682, 0.3187858901332585], [0.25427752802752807, 0.2799167027417028, 0.18736636419136432, 0.27843940503940506], [0.24644098679098692, 0.26620676823176836, 0.19491090021090018, 0.292441344766345], [0.22773725718725735, 0.27368684093684087, 0.20330711314828986, 0.2952687887276123], [0.32680829203476264, 0.2856385650297415, 0.13225247056864708, 0.25530067236684895], [0.2368839350192293, 0.27971064491064507, 0.21243377423230372, 0.2709716458378223], [0.269748342507166, 0.2685437645687648, 0.22920590047207692, 0.2325019924519926], [0.2832035353535354, 0.232259584859585, 0.18533935231435242, 0.2991975274725273], [0.2589755633255636, 0.25392991257108904, 0.19096868882751247, 0.2961258352758352], [0.3311060168589582, 0.22202779944513706, 0.17307510071627727, 0.273791082979628], [0.2703465811965813, 0.3017714785214784, 0.15292605172605186, 0.2749558885558886], [0.261138272838273, 0.29131185598027715, 0.1727324573087731, 0.27481741387267705], [0.2356187479187478, 0.32292730047730056, 0.19116630591630604, 0.2502876456876459], [0.3277594369682605, 0.22629292374292376, 0.16683255416753878, 0.2791150851212771], [0.24265507270507278, 0.30634582362082363, 0.16285405427905433, 0.2881450493950494], [0.2629729548229549, 0.2751600482850483, 0.19334728049728062, 0.26851971639471633], [0.2786503532415297, 0.2748819652569653, 0.18080229288255617, 0.26566538861894917], [0.225699426390603, 0.31265107115107105, 0.19541161812044172, 0.2662378843378843], [0.2992873636597322, 0.26754417261445135, 0.15345710955710967, 0.27971135416870724], [0.2511911560661561, 0.28750246224363873, 0.1453499754717248, 0.31595640621848026], [0.24597758352758362, 0.29878700743700715, 0.18464747474747487, 0.2705879342879344], [0.27349197142726556, 0.29886052640170296, 0.18231025249260552, 0.24533724967842618], [0.21549856026326625, 0.2588117719999299, 0.24575561371892662, 0.2799340540178774], [0.24111663336663344, 0.2774394272394273, 0.21273983589509918, 0.26870410349884044], [0.27655440115440133, 0.2662612110112111, 0.20930816405816413, 0.24787622377622381], [0.22322063492063507, 0.2928354922854922, 0.2247941946941947, 0.25914967809967837], [0.2458593545343546, 0.2969982140408611, 0.1805569335892866, 0.2765854978354978], [0.20601057831057837, 0.3218554168054168, 0.15717248307248316, 0.31496152181152165], [0.2572179875679877, 0.28673512043512034, 0.19489277944277955, 0.26115411255411247], [0.276737148962149, 0.3095777583527584, 0.12765095460095463, 0.2860341380841381], [0.24966477411477417, 0.29035953213453214, 0.1996258741258742, 0.2603498196248196], [0.31954350290232664, 0.2625757500669267, 0.1808277999778, 0.23705294705294697], [0.2707018120768121, 0.2700777517803835, 0.18524780117543269, 0.27397263496737184], [0.27541150712033086, 0.27996015651015643, 0.20184853838971473, 0.24277979797979804], [0.3203500421147478, 0.24792275852802168, 0.20092151819628606, 0.23080568116094446], [0.23326788766788775, 0.27718426018426023, 0.23042773419391072, 0.2591201179539415], [0.21623050838050842, 0.25417773060273063, 0.21712422299922313, 0.31246753801753807], [0.19245555555555557, 0.34712266812994336, 0.1915761113155852, 0.268845664998916], [0.2408192807192808, 0.334304822954823, 0.1840891164391165, 0.2407867798867799], [0.2389268398268399, 0.2739426997838763, 0.2160934315684316, 0.2710370288208525], [0.3116707903207903, 0.24582537462537465, 0.20248915528915543, 0.24001467976467986], [0.2681848017995079, 0.29038624708624705, 0.15332745991538568, 0.2881014911988597], [0.24174334309481366, 0.24015459507812456, 0.2239816350316351, 0.2941204267954269], [0.31078339160839163, 0.2604821460703039, 0.16437553791238013, 0.2643589244089245], [0.21285785325785345, 0.2941120546120547, 0.23189524364524378, 0.2611348484848485], [0.2321110056610058, 0.2802351592851596, 0.18566287046287053, 0.3019909645909646], [0.2592475555490261, 0.2980640811802577, 0.19746525573669538, 0.24522310753402102], [0.22742694250194265, 0.25318112165612167, 0.25053937728937736, 0.26885255855255874], [0.26753352203352204, 0.2674784531258215, 0.21808777692895354, 0.24690024791170306], [0.2441126984126984, 0.25709868464868474, 0.18301086691086701, 0.31577775002774994], [0.21669501968619628, 0.27819085359085366, 0.18859752110634462, 0.31651660561660555], [0.22139329559329562, 0.3040214951714952, 0.1968808358308359, 0.2777043734043735], [0.1899622710622712, 0.3070543428793428, 0.204042476967477, 0.2989409090909091], [0.23279855455002524, 0.29682048947784256, 0.19207365085894507, 0.27830730511318746], [0.27532839937839954, 0.268376659159554, 0.17687403006350372, 0.27942091139854314], [0.3125157453657453, 0.2984657995599171, 0.17033346653346662, 0.2186849885408711], [0.2402051504051505, 0.30824520202020217, 0.21719556277056284, 0.23435408480408496], [0.3557334998334999, 0.23485428460428476, 0.17715551115551137, 0.2322567044067045], [0.24495500251382613, 0.2861905538905538, 0.18918741617859292, 0.27966702741702737], [0.23863650793650812, 0.303536741036741, 0.19679361275978927, 0.26103313826696184], [0.2426348568098569, 0.2800876484626485, 0.20185792818292828, 0.27541956654456656], [0.23560313624284215, 0.24638126697863538, 0.23054294822824228, 0.28747264855028015], [0.24869990173225484, 0.30239031328148963, 0.1860903346653347, 0.26281945032092097], [0.21078393273393292, 0.33682072094572074, 0.18216115828615842, 0.27023418803418814], [0.3005176212676213, 0.2586033383283384, 0.18717886835386835, 0.2537001720501722], [0.27420436785436814, 0.3049308394220159, 0.14929800069211838, 0.27156679203149797], [0.22184597428715083, 0.2828987900987901, 0.22406744121891192, 0.2711877943951474], [0.29298762626262626, 0.28714560439560444, 0.1909830613830614, 0.22888370795870822], [0.3169082705306389, 0.3006793095793095, 0.17158401043401053, 0.21082840945604114], [0.23432070152070167, 0.30481809301809293, 0.1702384984296748, 0.29062270703153054], [0.3306301257565962, 0.2949639063550829, 0.15076570733188382, 0.22364026055643713], [0.22193431046078116, 0.3393757056668821, 0.22772986817104476, 0.21096011570129225], [0.24363068320568335, 0.2787110592022356, 0.20188111088258145, 0.2757771467094996], [0.28773719613719606, 0.2639046231546232, 0.1613104312354313, 0.2870477494727494], [0.2073670698582465, 0.2953579809079809, 0.23096857227739592, 0.26630637695637704], [0.24642828282828289, 0.2708506715506716, 0.22546526981790158, 0.2572557758031444], [0.27532796092796097, 0.29002648462648456, 0.2047325285825287, 0.22991302586302598], [0.28736927239427257, 0.2749598013098014, 0.19231926684426695, 0.2453516594516596], [0.2768255411255413, 0.2386012210012211, 0.1871654095904096, 0.297407828282828], [0.2061216311466312, 0.28148091250854407, 0.20701561216561218, 0.3053818441792127], [0.2784150294150296, 0.27738033633033643, 0.16579537129537136, 0.27840926295926305], [0.2882376234876234, 0.2108466347378113, 0.24582108316520096, 0.25509465860936464], [0.23975764790764806, 0.30635248640248625, 0.21279179709179719, 0.2410980685980687], [0.3129063547563548, 0.25297816350316343, 0.1866144383394386, 0.24750104340104354], [0.2725731546231546, 0.2740107614607616, 0.18963145743145746, 0.2637846264846266], [0.20942713593595952, 0.30135142439260093, 0.20041045425163095, 0.2888109854198091], [0.2333363580863582, 0.32781746146010865, 0.18630334828570128, 0.25254283216783224], [0.25894782994783005, 0.2547754634254635, 0.18882216394716403, 0.2974545426795429], [0.23949457209457217, 0.2826794705294706, 0.20438777333777347, 0.2734381840381844], [0.2764306748806749, 0.28828905538905536, 0.17501828726828741, 0.2602619824619827], [0.2109896769896772, 0.30461940363558015, 0.21441285103785104, 0.2699780683368918], [0.2711083472083472, 0.2856530612662191, 0.1936332524200947, 0.2496053391053391], [0.22321756299256326, 0.30991661394161396, 0.22243463203463218, 0.24443119103119101], [0.2910352924852927, 0.3047789682539683, 0.14423909044172206, 0.2599466488190174], [0.30711229522111877, 0.25204494263906035, 0.2017605902267668, 0.2390821719130544], [0.21171985987868355, 0.27639635066515866, 0.22542748754513472, 0.28645630191102334], [0.22444854034854056, 0.2580122859596543, 0.20688888611388623, 0.3106502875779191], [0.24176668886668898, 0.26507715062715065, 0.2047759535785852, 0.2883802069275755], [0.22723552558552565, 0.3302538295038294, 0.20840200910200915, 0.23410863580863583], [0.21014675879675887, 0.3084455294705295, 0.21166393965511626, 0.2697437720775957], [0.26327238872238884, 0.29783711288711284, 0.18451951104451117, 0.25437098734598745], [0.28065671191553543, 0.26408185425685443, 0.229174709440886, 0.22608672438672445], [0.25692437562437564, 0.2654995679157443, 0.1604249531514239, 0.3171511033084562]]}, "rewritten": {"ids": ["97106600", "97107040", "97108520", "97109570", "97116401", "97118210", "98107340", "98107410", "98108970", "98109230", "98120530", "98121790", "99107500", "99107560", "99107640", "99108000", "99109141", "99109311", "99109840", "99110050", "99112300", "99112531", "100108490", "100108990", "100109890", "100110260", "100111080", "100112060", "100116500", "101108290", "101108460", "101114990", "101116130", "101119591", "102109840", "102112170", "102112301", "102118380", "103111830", "103112641", "103113170", "103113610", "103117461", "103120730", "104109311", "104111531", "104111711", "104111780", "104111830", "104113170", "104113190", "104114320", "104116441", "104116800", "104119340", "105110091", "105111990", "105113170", "105113260", "105113440", "105114220", "105116090", "105116860", "106113830", "106114321", "106117650", "106119580", "106119990", "107113130", "107113260", "107113840", "107114321", "107114490", "107116980", "107118120", "107118780", "107120010", "107120260", "107121540", "108113760", "108114220", "108115500", "108115570", "108115970", "108116481", "108118060", "108118301", "108118520", "108119330", "108120060", "108121160", "109113591", "109113881", "109117600", "109117630", "109118701", "109119340", "109119591", "109120540", "110114610", "110115140", "110116441", "110116501", "110117080", "110117140", "110117200", "110118111", "110119030", "110121140", "111114321", "111116110", "111117571", "111118301", "111119580", "111119950", "112116501", "112116800", "112116810", "112117471", "112117660", "112118471", "112118511", "112118890", "112118930", "112119320", "112119930", "112120290", "112120700", "112121010", "112121351", "112121360", "113117401", "113118511", "113119450", "113120591", "113120751", "113121680", "113121750", "113122150", "113122220", "113122320", "113122650"], "labels": [3, 2, 2, 0, 3, 2, 0, 3, 3, 1, 1, 2, 0, 1, 1, 2, 3, 1, 2, 3, 0, 3, 2, 2, 3, 3, 0, 2, 2, 0, 0, 3, 2, 0, 2, 3, 1, 1, 3, 3, 3, 2, 0, 1, 3, 0, 1, 3, 3, 3, 3, 2, 1, 1, 1, 0, 2, 0, 3, 0, 3, 1, 2, 1, 2, 1, 3, 0, 1, 0, 3, 0, 3, 3, 3, 1, 1, 1, 2, 1, 3, 3, 3, 2, 0, 1, 1, 0, 0, 1, 2, 3, 0, 1, 0, 3, 3, 0, 1, 1, 0, 3, 3, 1, 3, 3, 1, 0, 3, 1, 3, 3, 3, 3, 0, 3, 0, 3, 3, 0, 1, 1, 3, 1, 1, 1, 1, 2, 2, 0, 3, 3, 1, 3, 0, 1, 1, 0, 2, 1, 1, 2], "predicted_labels": [1, 1, 1, 0, 3, 0, 3, 3, 1, 3, 3, 0, 1, 1, 0, 1, 3, 1, 3, 3, 3, 1, 1, 3, 3, 0, 1, 1, 3, 0, 0, 1, 1, 3, 1, 3, 1, 1, 0, 1, 3, 1, 1, 3, 3, 0, 1, 0, 3, 1, 1, 3, 1, 1, 1, 1, 1, 3, 1, 3, 3, 3, 1, 0, 0, 1, 1, 0, 3, 1, 1, 3, 3, 1, 1, 1, 1, 3, 1, 3, 1, 3, 1, 1, 0, 3, 1, 0, 3, 1, 1, 0, 0, 0, 3, 3, 3, 1, 1, 1, 3, 1, 1, 1, 0, 1, 0, 1, 3, 1, 3, 3, 0, 0, 0, 0, 1, 1, 3, 3, 3, 3, 3, 3, 3, 1, 1, 1, 1, 1, 1, 3, 1, 1, 3, 1, 1, 3, 1, 1, 3, 1], "confidence_scores": [[0.24641035631035638, 0.2962407203907203, 0.1915059791086109, 0.2658429441903127], [0.2530373015873017, 0.27619908979908997, 0.2170803474303476, 0.25368326118326134], [0.24040292681175052, 0.26253352203352215, 0.23811186950304597, 0.2589516816516816], [0.3006541125541127, 0.24428511488511495, 0.18589470529470545, 0.2691660672660673], [0.2726629262893969, 0.2687333091744856, 0.16455665804783462, 0.2940471064882829], [0.26677553786083197, 0.23709730269730286, 0.23816033378386317, 0.2579668256580023], [0.2116852813852815, 0.24865325589443232, 0.21966150516150534, 0.31999995755878113], [0.2795562826062826, 0.24228708133971302, 0.1762475996225998, 0.30190903643140493], [0.22583963258963274, 0.31024161116661114, 0.20033411670029325, 0.2635846395434631], [0.2343968725718726, 0.24121676297558656, 0.23683926433044086, 0.2875471001221003], [0.25915929625929635, 0.26636050061050076, 0.18894683372183366, 0.28553336940836926], [0.2788081789555474, 0.26053642921406084, 0.20520747030747033, 0.2554479215229218], [0.2689900432900434, 0.31302789403578873, 0.18491352945300304, 0.23306853322116483], [0.22473160173160175, 0.3365790820290819, 0.16788500388500402, 0.27080431235431235], [0.2875718559218559, 0.262715185545449, 0.21736655420602796, 0.23234640432666753], [0.22200171392934553, 0.3620241896991895, 0.19925043114779967, 0.21672366522366532], [0.27191489066489066, 0.25917349317349303, 0.1542353257853259, 0.31467629037629036], [0.23395404595404604, 0.30467240374005083, 0.19254202186702207, 0.26883152843888153], [0.21573946608946604, 0.27514845885109046, 0.21416576283193942, 0.2949463122275041], [0.2158276501276502, 0.27830347234464875, 0.19694397260805951, 0.3089249049196419], [0.24834269341769358, 0.24223862248862268, 0.18500649905649919, 0.32441218503718483], [0.2577068950657187, 0.3210834405360722, 0.1479664316076081, 0.27324323279060125], [0.204417044067044, 0.2897506393932863, 0.2292330974580975, 0.2765992190815721], [0.23892953631335986, 0.2804637945387946, 0.19074522503640154, 0.2898614441114444], [0.28177459795106835, 0.2648426775838543, 0.1544861618773384, 0.29889656258773906], [0.315906105006105, 0.2296335144387777, 0.16793659527606902, 0.2865237852790486], [0.2604687812187812, 0.2842280275280276, 0.18603808772926433, 0.26926510352392713], [0.23679377289377285, 0.29309119214119234, 0.18016035631035632, 0.28995467865467855], [0.24455923210776154, 0.24647695637695652, 0.21698163258310313, 0.29198217893217915], [0.29946430236430244, 0.24884221056721065, 0.17294251581751588, 0.2787509712509713], [0.28389517149517146, 0.2711592796092796, 0.17089564879564892, 0.2740499000999002], [0.2188189310689312, 0.2756533244533246, 0.2495131091131091, 0.2560146353646354], [0.23292985902985913, 0.2931288322788323, 0.18700150025413192, 0.28693980843717704], [0.2756722555222555, 0.2627492431545064, 0.15970669739617108, 0.30187180392706703], [0.22669043179043188, 0.289797454128259, 0.20308875802560022, 0.28042335605570906], [0.2715230436230436, 0.25481768231768237, 0.1686676712176713, 0.3049916028416029], [0.24388866133866144, 0.2983478410478411, 0.16884908979908977, 0.2889144078144078], [0.24327604237867387, 0.3078558143610777, 0.19933051071735292, 0.24953763254289588], [0.3156533411033412, 0.23638654515419227, 0.16807017231134883, 0.27988994143111784], [0.2657674167335933, 0.30113956435721134, 0.17346963767226928, 0.2596233812369262], [0.2232153957153959, 0.2910734071484071, 0.1724246392496393, 0.3132865578865577], [0.22951978021978023, 0.2781935202052849, 0.22061940281940282, 0.2716672967555321], [0.27268348122465763, 0.2896224997224997, 0.17266944640326984, 0.26502457264957274], [0.2505517946106181, 0.2770272485684252, 0.18800395694776523, 0.2844169998731919], [0.26038105783105786, 0.2711037351537352, 0.19332107316488126, 0.2751941338503258], [0.2823307747807749, 0.2698876234876234, 0.17860500055500053, 0.26917660117660125], [0.25899263514263526, 0.28056346268111, 0.189614690864691, 0.2708292113115644], [0.31083962703962703, 0.26705005354123007, 0.16798664146311212, 0.25412367795603097], [0.18474835719835728, 0.3146099844599841, 0.1786117105117106, 0.32202994782994787], [0.2355177655677656, 0.29907505827505815, 0.18267967208230376, 0.2827275040748725], [0.19259112831612837, 0.33861013153513164, 0.1996498973248975, 0.26914884282384294], [0.24297369493251855, 0.2535628777655095, 0.19240256769374423, 0.3110608596082281], [0.2705930735930738, 0.31289560994561, 0.1641117715617717, 0.25239954489954497], [0.2092032467532469, 0.32568141858141875, 0.1690755772005773, 0.2960397574647574], [0.21993831527949184, 0.3112358030858032, 0.18737330479977551, 0.28145257683492975], [0.2486434862523101, 0.31598621460239096, 0.17055831945831956, 0.2648119796869798], [0.21667139527139548, 0.3110138139638141, 0.22399580223697876, 0.24831898852781228], [0.2106124542124543, 0.27981464091464103, 0.1883410617160618, 0.3212318431568432], [0.24260379065379065, 0.28150163561928265, 0.19705821955821967, 0.27883635416870695], [0.2364677905427907, 0.2908162892662894, 0.18092579724197375, 0.2917901229489464], [0.2577933164874343, 0.2743079614829613, 0.17143019529490117, 0.2964685267347033], [0.25613480408480416, 0.27166814296814296, 0.1611242552768869, 0.3110727976701661], [0.25433100233100236, 0.28120191279308915, 0.21090015180897545, 0.25356693306693323], [0.27775367965367964, 0.27697243414480266, 0.16888808968808977, 0.2763857965134282], [0.2795657203907203, 0.2598545954045955, 0.18200907980907982, 0.2785706043956043], [0.2591046758796759, 0.27619921467421477, 0.19059069264069287, 0.2741054168054168], [0.20286096354625763, 0.3381868722780488, 0.1971230674554204, 0.26182909672027344], [0.2703197671609438, 0.25205975690975696, 0.22869635364635377, 0.24892412228294603], [0.21791475387357742, 0.2679406482406483, 0.21612414056531712, 0.29802045732045734], [0.23859229104229104, 0.3004966894216895, 0.19183724608724625, 0.2690737734487736], [0.25976311743811764, 0.30395780412398066, 0.17529851129262905, 0.2609805671452731], [0.2691488289488291, 0.2761377488009069, 0.1672594095962518, 0.28745401265401266], [0.2410423437673438, 0.2630482945159417, 0.18987977300477318, 0.3060295887119415], [0.2958754967254968, 0.30403411865911856, 0.13794551282051273, 0.26214487179487184], [0.2463898712398714, 0.3091373634535401, 0.19672145077145084, 0.24775131453513818], [0.22867735597735603, 0.3161067210567211, 0.1792471750471751, 0.27596874791874804], [0.19394039849039874, 0.3282452963702963, 0.19989987234987242, 0.27791443278943295], [0.20991476856476862, 0.26932844736962397, 0.19482444810091884, 0.3259323359646889], [0.22202869548751905, 0.30138523955404767, 0.20732021148785862, 0.2692658534705751], [0.2399260711510713, 0.26588396048396057, 0.20604863469863488, 0.28814133366633377], [0.2534507936507937, 0.29793520760285475, 0.1674898934398936, 0.2811241053064583], [0.24585254418783833, 0.28280614385614394, 0.17122536760625015, 0.30011594434976785], [0.2127275113775113, 0.31560314962814956, 0.17535632700632706, 0.29631301198801197], [0.22117073286190952, 0.2994951584363349, 0.22833381063381072, 0.25100029806794527], [0.3243329059829058, 0.2554809278440859, 0.1482607415975838, 0.2719254245754245], [0.2175122710622713, 0.279030969030969, 0.17888367465867475, 0.3245730852480851], [0.26202962037962063, 0.2975954948560212, 0.18306831735515955, 0.25730656740919905], [0.3476001887001887, 0.2388369297369298, 0.1668806526806528, 0.24668222888222902], [0.24418026973026974, 0.26145237540237526, 0.16162338772338788, 0.33274396714396687], [0.22208136863136868, 0.31881402939166087, 0.21080591075591085, 0.2482986912210598], [0.23896787379287393, 0.3101204822954823, 0.1511016955266956, 0.2998099483849483], [0.28886746031746036, 0.28793283383283386, 0.18948972693972702, 0.23370997890997908], [0.2910938339438339, 0.28414148629148633, 0.16627406482406493, 0.258490614940615], [0.3104328615828616, 0.26381928071928074, 0.19391887556887571, 0.23182898212898223], [0.2671178432678432, 0.2710272727272729, 0.18901263181263186, 0.27284225219225233], [0.21138309109191464, 0.3050021986183751, 0.17663055082172738, 0.3069841594679831], [0.27272683427683425, 0.2527038525200291, 0.1547239624754332, 0.3198453507277037], [0.26253091908091913, 0.3143065850815848, 0.15305352425352442, 0.2701089715839716], [0.24565405705405713, 0.31224802974802973, 0.18542164502164504, 0.2566762681762682], [0.24918878343878362, 0.31007171264408107, 0.1952008019758021, 0.2455387019413337], [0.23574561549561562, 0.25521508491508504, 0.19265610778110787, 0.316383191808192], [0.21271358641358648, 0.3139995976245975, 0.16382138417138423, 0.309465431790432], [0.2817507280730966, 0.3105493396696183, 0.14426138028638041, 0.263438551970905], [0.2351732489732491, 0.3115877844377845, 0.16352367632367645, 0.2897152902652902], [0.3094578088578088, 0.242695263800527, 0.16393656197603576, 0.2839103653656284], [0.2515980352980355, 0.3115605745132062, 0.1522979076479077, 0.28454348254085127], [0.2864484071484071, 0.27627172827172825, 0.1701259740259741, 0.26715389055389077], [0.20037844736962393, 0.30957732092468926, 0.1865005272505273, 0.3035437044551598], [0.249167562992563, 0.25686169386169383, 0.17758149432267079, 0.3163892488230723], [0.22689513264513272, 0.31787500832500826, 0.1728255966255967, 0.2824042624042624], [0.22794246031746035, 0.24537483627483642, 0.197881945831946, 0.32880075757575744], [0.21309672745555114, 0.2874326913712363, 0.17113315748578914, 0.32833742368742364], [0.29417345709845705, 0.2516608985785457, 0.1761383505383506, 0.2780272937846468], [0.31124175465057824, 0.2511205794205796, 0.18521978103595757, 0.25241788489288486], [0.32085977682448236, 0.2699555056055057, 0.15742835171364594, 0.2517563658563658], [0.30146346349728687, 0.26670902708402705, 0.16130479047096696, 0.270522718947719], [0.21655195915195938, 0.3358294705294705, 0.1587631424131426, 0.2888554279054278], [0.24731196026196045, 0.27486543456543455, 0.2052316905316907, 0.2725909146409148], [0.24633791012908676, 0.27616237096237106, 0.18053081003963364, 0.29696890886890903], [0.2846300810300811, 0.2515903651903653, 0.1489776759188524, 0.3148018778607014], [0.23742536630036654, 0.252621067821068, 0.21116684046947218, 0.2987867254090937], [0.2433108022696259, 0.2601867465867466, 0.19441710870828532, 0.30208534243534246], [0.21108860306360303, 0.30484079809079817, 0.17809056499056508, 0.3059800338550338], [0.24981822344322355, 0.26190043290043313, 0.17183019203019212, 0.3164511516261514], [0.2091117143090828, 0.28160228280491434, 0.17173492063492074, 0.3375510822510823], [0.22597697302697312, 0.29018775668775676, 0.20478055278055282, 0.27905471750471766], [0.26778874181374196, 0.29538088023088016, 0.17408147963147974, 0.2627488983238984], [0.21524633503751153, 0.3223488677988677, 0.18741643944291023, 0.2749883577207109], [0.19142217782217796, 0.314372161172161, 0.18667983127983134, 0.30752582972583], [0.2738532578532579, 0.3027000499500498, 0.19905999555999557, 0.2243866966366968], [0.26357533855033866, 0.28026857586857595, 0.2298224358974361, 0.22633364968364963], [0.27943358030858045, 0.2781871434121435, 0.152685384060384, 0.28969389221889214], [0.23177929015429027, 0.32596521256521244, 0.17464205794205795, 0.26761343933843956], [0.2146271894771895, 0.3098715617715619, 0.1806790487290487, 0.29482220002219994], [0.2271275752025753, 0.2678981573981575, 0.2145631202131203, 0.2904111471861473], [0.25753552558552567, 0.2998902522314288, 0.16253311720958794, 0.2800411049734578], [0.18984237429237444, 0.3259335359085359, 0.18756453823953825, 0.29665955155955176], [0.256733558108558, 0.28884627398745055, 0.14728219590866654, 0.307137971995325], [0.2532228327228328, 0.27737094653712324, 0.2039167791358968, 0.26548944160414756], [0.24839775975658338, 0.2885788164449929, 0.19301896991897002, 0.27000445387945415], [0.23915730021612386, 0.2698205108616874, 0.20682029473794186, 0.2842018941842473], [0.207920416511593, 0.30156884051620897, 0.19887264043146402, 0.2916381025407341]]}}