{"test": {"ids": ["105115680", "99111930", "112116451", "102112030", "103109791", "112116540", "99109161", "108113740", "106117790", "106117770", "108115570", "103111110", "108120621", "112117210", "97105960", "103109021", "99108310", "105113330", "109120621", "103117461", "100113210", "109116170", "112120290", "97116410", "109117431", "112118860", "108121160", "112121430", "101111210", "98111620", "108116120", "98107210", "112116800", "105113440", "110116501", "103120730", "110120531", "98109311", "107118820", "111120190", "109115211", "99110730", "103113210", "108113620", "109118701", "109119591", "99111620", "101113210", "106119990", "103120340", "100108260", "112116640", "106118161", "103110760", "104113000", "108119510", "109117271", "98106680", "111115400", "112120990", "107114140", "113121750", "97105451", "104111531", "111120540", "104111550", "109121351", "100109980", "107114110", "98120010", "108118630", "108115880", "111116640", "105121190", "100111270", "111116411", "103113101", "109116810", "109117110", "100109890", "101108080", "111118301", "112116401", "98119591", "109116750", "102121440", "108117360", "112121410", "99108010", "112116990", "111118910", "98107340", "98107410", "106113260", "113121680", "101114990", "111120531", "103111990", "111120591", "112116810", "103110100", "102109840", "110113931", "106116441", "113117630", "107120130", "109117730", "101108370", "105113170", "102110750", "113119340", "113122170", "107116340", "103113270", "97107950", "109116930", "110119300", "112117571", "108120260", "110118181", "110114651", "104112470", "101112201", "113122180", "104113190", "112120270", "110121720", "97106600", "106114280", "107114490", "109120150", "110113591", "103118291", "110121140", "97112170", "102116500", "110118630", "99107500", "105113210", "103111540", "105121370", "113121010"], "labels": [2, 1, 0, 2, 3, 1, 3, 3, 1, 0, 3, 3, 1, 1, 2, 0, 2, 3, 1, 0, 0, 0, 1, 3, 1, 3, 2, 2, 2, 3, 1, 1, 0, 0, 3, 1, 0, 1, 3, 3, 0, 3, 3, 3, 3, 0, 3, 3, 0, 1, 3, 0, 3, 1, 1, 1, 0, 1, 0, 2, 2, 0, 0, 0, 1, 1, 0, 1, 1, 2, 1, 3, 0, 2, 2, 0, 3, 3, 1, 3, 0, 3, 0, 1, 0, 2, 1, 0, 2, 0, 0, 0, 3, 3, 1, 3, 0, 2, 1, 3, 1, 2, 1, 0, 0, 2, 3, 1, 0, 1, 0, 1, 3, 2, 2, 0, 1, 3, 1, 1, 3, 1, 0, 2, 3, 0, 3, 3, 3, 3, 2, 0, 0, 3, 0, 1, 1, 0, 3, 1, 2, 2], "predicted_labels": [1, 1, 0, 1, 3, 3, 1, 3, 1, 3, 3, 3, 3, 1, 3, 1, 1, 3, 3, 1, 3, 3, 3, 1, 1, 1, 3, 3, 3, 2, 3, 1, 1, 1, 1, 3, 1, 3, 3, 3, 3, 1, 1, 1, 3, 1, 1, 3, 3, 2, 3, 1, 0, 3, 1, 3, 3, 1, 3, 1, 3, 1, 1, 1, 3, 3, 0, 3, 3, 3, 3, 3, 3, 1, 3, 3, 1, 3, 1, 3, 1, 3, 3, 1, 3, 1, 3, 3, 1, 3, 3, 3, 0, 1, 3, 1, 1, 3, 0, 1, 3, 1, 3, 3, 3, 1, 3, 3, 3, 1, 3, 3, 3, 3, 1, 0, 3, 1, 1, 1, 3, 1, 1, 3, 1, 3, 1, 1, 3, 1, 3, 0, 3, 0, 0, 1, 3, 1, 3, 3, 1, 3], "confidence_scores": [[0.1823595489477843, 0.32778275188863426, 0.22877561229620066, 0.26108208686738105], [0.20362502366914143, 0.30593853368853363, 0.2220808834955894, 0.2683555591467358], [0.2812304468407408, 0.26021636500754164, 0.1946380647130647, 0.2639151234386529], [0.20074238343356005, 0.2860280921692687, 0.2579128319393026, 0.2553166924578691], [0.22298884922267279, 0.2592792846042847, 0.21094775306392946, 0.30678411310911297], [0.20442710622710633, 0.26886593994241054, 0.17698872238872237, 0.3497182314417609], [0.24469818514818528, 0.3107962348453062, 0.21136792827915124, 0.2331376517273577], [0.24821730491730493, 0.24017666222666229, 0.15903356497303872, 0.35257246788299457], [0.21930161782661792, 0.3167709540459542, 0.2126494893994893, 0.2512779387279389], [0.2573414992300441, 0.23998295213558374, 0.17374413005295355, 0.32893141858141844], [0.19844559329559344, 0.29554321234321235, 0.1956149628149628, 0.3103962315462315], [0.23475173715173725, 0.2648056923468688, 0.21420147793383087, 0.2862410925675632], [0.2314295426795428, 0.2576176046176047, 0.20682262182262198, 0.3041302308802309], [0.21085304695304707, 0.3053715534465534, 0.17922767787767793, 0.30454772172272176], [0.2141605572532043, 0.25413404650904675, 0.2329988436400201, 0.29870655259772905], [0.2300039793539795, 0.2967827922077923, 0.19317838746221094, 0.2800348409760175], [0.19721403318903327, 0.32511682712712114, 0.2413500071823602, 0.2363191325014855], [0.22260437536319902, 0.3097849793996853, 0.12541453938218647, 0.34219610585492943], [0.22041091408591415, 0.28202332389832385, 0.18889203574203586, 0.3086737262737264], [0.2540366383616385, 0.3167292762792762, 0.1445516483516484, 0.28468243700743695], [0.22687150627150637, 0.2534102813852813, 0.21889863951837643, 0.30081957282483607], [0.213965404040404, 0.2867504051504051, 0.16210672383172386, 0.3371774669774671], [0.264216156066156, 0.24998801198801207, 0.17475778665778674, 0.31103804528804535], [0.23506161616161625, 0.29078433233433226, 0.22579507714507718, 0.24835897435897433], [0.24429218836718855, 0.28793799811299825, 0.19434067044067058, 0.27342914307914323], [0.218541715310833, 0.30266305916305924, 0.19591503855621514, 0.2828801869698929], [0.19895147630147642, 0.3274593878343879, 0.14404352445799823, 0.32954561140613764], [0.23570671942436655, 0.28222750305250316, 0.1990655685817452, 0.28300020894138544], [0.1911511460761461, 0.25998373848373857, 0.22478329448329473, 0.3240818209568211], [0.19977999222999238, 0.2720540564011156, 0.2748313547563549, 0.2533345966125379], [0.2774887667887668, 0.28634749694749695, 0.1349154234654236, 0.3012483127983129], [0.2313560217560218, 0.27323429903429913, 0.23080553058053063, 0.2646041486291487], [0.19176814851814858, 0.34678901653901667, 0.18033479575979589, 0.28110803918303934], [0.22726789909436973, 0.35249124764124745, 0.15404702127937425, 0.2661938319850087], [0.23987314189078887, 0.3425772152683918, 0.15458605838605846, 0.2629635844547613], [0.20129484126984135, 0.2826503829503831, 0.21456350593850598, 0.3014912698412697], [0.26268695471195486, 0.30075231435231414, 0.16216337828837843, 0.27439735264735277], [0.23182950105450112, 0.28993921242156545, 0.18512733214497926, 0.2931039543789544], [0.15445424852924866, 0.3158497335997335, 0.2079096625596627, 0.32178635531135535], [0.2040591800356507, 0.2794585803085802, 0.1957184962096728, 0.3207637434460964], [0.18348580177991963, 0.3031519647019646, 0.20122631894249562, 0.3121359145756205], [0.1781332334332335, 0.30846227497992207, 0.2869979425802955, 0.22640654900654908], [0.22357672882672877, 0.26668261738261756, 0.24525567765567788, 0.2644849761349761], [0.26056150157032515, 0.302988326379503, 0.17264267399267402, 0.2638074980574982], [0.23862438313320666, 0.28365170385170385, 0.16348450242567908, 0.3142394105894106], [0.21010955188602243, 0.34313219133807354, 0.1783937102113573, 0.2683645465645467], [0.2146867549117549, 0.3084148518148518, 0.23177962592962595, 0.24511876734376742], [0.256100666000666, 0.2720004733828263, 0.186857942384413, 0.28504091823209476], [0.26789212731712747, 0.238393672993673, 0.2049287379287381, 0.2887854617604619], [0.20146611999112002, 0.27049251859251866, 0.2875335192585193, 0.24050784215784224], [0.2523530716016011, 0.2575827394827396, 0.2269722000222002, 0.26309198889345964], [0.20552310642573815, 0.31277334157070974, 0.20130273615273617, 0.2804008158508158], [0.2903728122754438, 0.27378558532970304, 0.18798884024472273, 0.24785276215013058], [0.27764946062709217, 0.22056888184914514, 0.19316448580659112, 0.30861717171717157], [0.22626050061050065, 0.32533389943389945, 0.15210301920301925, 0.29630258075258087], [0.24746597846597843, 0.27093837828837847, 0.15971823731823745, 0.32187740592740594], [0.23273443500943508, 0.26708518426018446, 0.18367959715722873, 0.316500783573152], [0.21263903873903872, 0.2816512265512266, 0.23182585192585217, 0.2738838827838828], [0.25058023088023107, 0.24089558219558233, 0.22339857919857928, 0.28512560772560774], [0.24235275280275273, 0.324805879088232, 0.16270427921751465, 0.2701370888915007], [0.1903789785378021, 0.2895585081585084, 0.2296859537521305, 0.2903765595515597], [0.27713490398490415, 0.30254746364746377, 0.1648592296592297, 0.25545840270840275], [0.2159800421800422, 0.30922079619726694, 0.215674343956697, 0.2591248176659942], [0.26079948499213207, 0.3215215645465646, 0.15047505631623284, 0.2672038941450709], [0.24921171883671892, 0.2669971972471973, 0.18783811466311465, 0.2959529692529695], [0.20236327561327558, 0.27265214785214786, 0.21309727494727507, 0.3118873015873016], [0.2889101330042508, 0.2625270007770009, 0.18144720606191203, 0.2671156601568367], [0.228122915972916, 0.25731211011211014, 0.21423210123210132, 0.30033287268287284], [0.25745596625596634, 0.27189616494616503, 0.18450630480630495, 0.2861415639915641], [0.22215578310578318, 0.2668745976245977, 0.24174618159618164, 0.2692234376734377], [0.1829396547896549, 0.2528019647019648, 0.2116664058164059, 0.3525919746919745], [0.24493403438666586, 0.28182994782994797, 0.17292051282051293, 0.3003155049628734], [0.22319008585154104, 0.26537929672666527, 0.21915792344909985, 0.29227269397269406], [0.18291695330812985, 0.2918020757020758, 0.2464979401317638, 0.2787830308580309], [0.19490879153526214, 0.27547519147519156, 0.2514829151240916, 0.27813310186545487], [0.2651333111333111, 0.1892861555111556, 0.2122669275169277, 0.33331360583860603], [0.25661916416916425, 0.2869534770784772, 0.2048805722055724, 0.2515467865467865], [0.24095857116739477, 0.26691950353568, 0.18254909534909544, 0.3095728299478301], [0.18490203652556614, 0.3474093739593739, 0.20559306216659162, 0.2620955273484685], [0.2791588411588411, 0.23626963118580763, 0.17013452021834374, 0.31443700743700714], [0.26767977577977575, 0.2725305508217274, 0.19866233962116325, 0.2611273337773339], [0.23853103922221586, 0.2673151848151849, 0.2179623673711911, 0.2761914085914087], [0.3004404068154068, 0.22268902013019667, 0.15237882509647224, 0.32449174795792424], [0.23165676300823348, 0.2821845515595514, 0.2175722055722056, 0.2685864798600095], [0.24307392052392054, 0.28189647019647024, 0.17178679098679106, 0.3032428182928183], [0.2822573038073039, 0.28621690531690536, 0.16520412365412368, 0.26632166722166734], [0.21898665419547764, 0.2828390026640028, 0.20063786850404502, 0.2975364746364747], [0.2563965034965035, 0.27323645798645824, 0.15434112554112567, 0.3160259129759129], [0.25490943451972864, 0.3366248423145483, 0.1782772025360261, 0.23018852062969714], [0.2541545898545899, 0.24728784548784566, 0.2013822472848789, 0.2971753173726858], [0.18778095515595525, 0.3000074453324453, 0.19002692666810306, 0.3221846728434964], [0.18968953268953273, 0.24492862137862143, 0.2586730186480188, 0.30670882728382726], [0.28679356476856493, 0.25576561771561784, 0.17085317664791352, 0.2865876408679041], [0.21103537573537573, 0.3326094627594628, 0.1925732267732268, 0.26378193473193484], [0.2678513006601242, 0.24889885963709507, 0.185227306353777, 0.29802253334900397], [0.19014834968952624, 0.3129181335004864, 0.2267602012366718, 0.27017331557331575], [0.2645978132978134, 0.31529226884226874, 0.1418676601176602, 0.278242257742258], [0.26579689199689216, 0.2532123099123101, 0.20122188954836034, 0.27976890854243813], [0.29418323898323906, 0.24726315351315364, 0.18199643689643688, 0.27655717060717067], [0.2623406548130233, 0.2758961544561392, 0.19418709737974454, 0.26757609335109345], [0.23049860368389802, 0.26695186725039677, 0.2057258574758576, 0.2968236715898482], [0.23970556143203223, 0.330323861106214, 0.18586396773161493, 0.2441066097301393], [0.24343013293895657, 0.2354691491515021, 0.1857419720802075, 0.33535874582933395], [0.2284758463758467, 0.2648255855255855, 0.20001670829170856, 0.3066818598068595], [0.21241995781995793, 0.2659753912753912, 0.2018111111111113, 0.3197935397935399], [0.2393524170274172, 0.2795546453546454, 0.2266366355866356, 0.2544563020313021], [0.2072146464646468, 0.2742257797757799, 0.2088165426077192, 0.3097430311518545], [0.2577126690303162, 0.2777939921189921, 0.14991285740403384, 0.3145804814466579], [0.17734957060483394, 0.28572176361650053, 0.1801779387279389, 0.35675072705072697], [0.1917372741637448, 0.30999289044289047, 0.2148790931290932, 0.28339074226427174], [0.24113743870508586, 0.26154935652582717, 0.18535096537449483, 0.31196223939459233], [0.23205462870462887, 0.2498644855144855, 0.21361580641580652, 0.30446507936507944], [0.23892080223697884, 0.2655931199519437, 0.18487077840460214, 0.310615299406476], [0.18399545487192537, 0.26557207237207237, 0.2117760517260519, 0.3386564210299505], [0.20978726273726261, 0.2737973692973693, 0.26255555205028913, 0.2538598159150791], [0.32295356865356845, 0.27654034854034854, 0.12296217671217677, 0.277543906093906], [0.2605548340548341, 0.2685521867021869, 0.17211800144300163, 0.2987749777999779], [0.19245177600177615, 0.3604620990120992, 0.15670000555000554, 0.29038611943611964], [0.25573680486180494, 0.32595505328005314, 0.13480219225219234, 0.2835059496059498], [0.2200340177366494, 0.32252283435518725, 0.17537881399646102, 0.28206433391170244], [0.23804836111600838, 0.24525115440115436, 0.18734941724941725, 0.3293510672334203], [0.2332125763125765, 0.30017222222222223, 0.1775965645465647, 0.28901863691863694], [0.26100432867785817, 0.2970047099958865, 0.17085556894086318, 0.27113539238539236], [0.22011125541125545, 0.2649009435009436, 0.20317713397713402, 0.3118106671106672], [0.18967408979908978, 0.3360652347652346, 0.20519004884004896, 0.2690706265956266], [0.22438493010257726, 0.2757452991452992, 0.19283590102707765, 0.30703386972504626], [0.2242733044733045, 0.31746475191475204, 0.17900725385725386, 0.27925468975468987], [0.24578350538350546, 0.2647742812742814, 0.22766850371850378, 0.26177370962370966], [0.26541914784561843, 0.24374355366855371, 0.17802717560217568, 0.3128101228836524], [0.21788273393273394, 0.33653615828615835, 0.17418132423132432, 0.2713997835497837], [0.23298824786324807, 0.2659523698523699, 0.2021076673326675, 0.298951714951715], [0.31980022591787305, 0.26063786017903684, 0.15795931486813852, 0.2616025990349521], [0.24067049894549905, 0.2781117493617493, 0.1797458998603736, 0.3014718518323782], [0.30989989373371746, 0.2553942363192364, 0.13075952658452664, 0.30394634336251974], [0.31063569486069487, 0.28900914640914643, 0.1475248612498613, 0.2528302974802976], [0.23172638472638488, 0.2932618992118992, 0.23656356976357, 0.23844814629814637], [0.22544038967568392, 0.27381168243521203, 0.20425457042957065, 0.2964933574595341], [0.23268658955423674, 0.2906341896665425, 0.20859221530103897, 0.268087005478182], [0.275127392052392, 0.2265167543241074, 0.1865058389323096, 0.3118500146911913], [0.22887555140937504, 0.26805538350538355, 0.2091246725496727, 0.293944392535569], [0.17820949050949064, 0.34678775668775647, 0.22828550338550338, 0.2467172494172495], [0.2134290875790876, 0.28013629148629166, 0.20389407063524717, 0.3025405502993741]]}, "rewritten": {"ids": ["97105451", "97105960", "97106600", "97107950", "97112170", "97116410", "98106680", "98107210", "98107340", "98107410", "98109311", "98111620", "98119591", "98120010", "99107500", "99108010", "99108310", "99109161", "99110730", "99111620", "99111930", "100108260", "100109890", "100109980", "100111270", "100113210", "101108080", "101108370", "101111210", "101112201", "101113210", "101114990", "102109840", "102110750", "102112030", "102116500", "102121440", "103109021", "103109791", "103110100", "103110760", "103111110", "103111540", "103111990", "103113101", "103113210", "103113270", "103117461", "103118291", "103120340", "103120730", "104111531", "104111550", "104112470", "104113000", "104113190", "105113170", "105113210", "105113330", "105113440", "105115680", "105121190", "105121370", "106113260", "106114280", "106116441", "106117770", "106117790", "106118161", "106119990", "107114110", "107114140", "107114490", "107116340", "107118820", "107120130", "108113620", "108113740", "108115570", "108115880", "108116120", "108117360", "108118630", "108119510", "108120260", "108120621", "108121160", "109115211", "109116170", "109116750", "109116810", "109116930", "109117110", "109117271", "109117431", "109117730", "109118701", "109119591", "109120150", "109120621", "109121351", "110113591", "110113931", "110114651", "110116501", "110118181", "110118630", "110119300", "110120531", "110121140", "110121720", "111115400", "111116411", "111116640", "111118301", "111118910", "111120190", "111120531", "111120540", "111120591", "112116401", "112116451", "112116540", "112116640", "112116800", "112116810", "112116990", "112117210", "112117571", "112118860", "112120270", "112120290", "112120990", "112121410", "112121430", "113117630", "113119340", "113121010", "113121680", "113121750", "113122170", "113122180"], "labels": [0, 2, 3, 2, 0, 3, 1, 1, 0, 3, 1, 3, 1, 2, 0, 2, 2, 3, 3, 3, 1, 3, 3, 1, 2, 0, 0, 1, 2, 0, 3, 3, 2, 1, 2, 1, 2, 0, 3, 1, 1, 3, 1, 2, 3, 3, 2, 0, 0, 1, 1, 0, 1, 1, 1, 3, 0, 3, 3, 0, 2, 2, 2, 3, 3, 0, 0, 1, 3, 0, 1, 2, 3, 3, 3, 2, 3, 3, 3, 3, 1, 1, 1, 1, 1, 1, 2, 0, 0, 0, 3, 0, 1, 0, 1, 3, 3, 0, 2, 1, 0, 0, 1, 3, 3, 1, 1, 1, 0, 3, 3, 0, 0, 0, 3, 0, 3, 0, 1, 1, 0, 0, 1, 0, 0, 3, 0, 1, 3, 3, 0, 1, 2, 0, 2, 0, 0, 2, 1, 0, 1, 2], "predicted_labels": [3, 3, 0, 1, 0, 1, 1, 3, 1, 0, 0, 1, 3, 3, 1, 1, 1, 1, 1, 1, 1, 0, 0, 3, 1, 3, 3, 1, 3, 0, 3, 1, 0, 1, 1, 1, 3, 3, 1, 1, 0, 1, 1, 3, 1, 1, 3, 3, 0, 3, 3, 3, 1, 3, 3, 1, 3, 0, 3, 3, 1, 1, 1, 1, 3, 0, 3, 3, 1, 0, 3, 0, 1, 3, 1, 3, 1, 3, 1, 3, 3, 1, 3, 3, 1, 1, 3, 3, 3, 3, 3, 0, 1, 0, 1, 3, 3, 0, 3, 0, 3, 3, 3, 1, 3, 1, 3, 3, 0, 1, 1, 3, 0, 3, 1, 1, 3, 1, 1, 0, 3, 0, 1, 1, 1, 3, 3, 3, 1, 0, 3, 3, 1, 1, 1, 3, 3, 1, 3, 3, 3, 3], "confidence_scores": [[0.2879932382432382, 0.2868542476042476, 0.12623604543604552, 0.29891646871646876], [0.2380485236985239, 0.24676374769021836, 0.216659638400815, 0.2985280902104431], [0.29455964868464857, 0.2524850926850928, 0.19000868020868023, 0.26294657842157854], [0.20731038128538135, 0.2770412864912865, 0.24552977300477297, 0.27011855921855926], [0.30279956432456434, 0.2706982850482851, 0.15449103396603403, 0.2720111166611167], [0.28323030682767536, 0.2915229010755327, 0.20263127428127437, 0.22261551781551794], [0.23010047452547464, 0.32433926433044097, 0.2200053812286784, 0.2255548799154062], [0.24704719169719191, 0.28799639804639793, 0.17695837495837496, 0.2879980352980353], [0.22748301143301147, 0.28804844599844603, 0.23158941336441344, 0.25287912920412936], [0.2954784405137346, 0.2712866058777823, 0.16655843600843617, 0.2666765176000471], [0.2929858078196313, 0.27338946331446334, 0.17918966670584333, 0.2544350621600623], [0.15630124320124325, 0.3005765651015652, 0.267038888888889, 0.2760833028083029], [0.22863770118770124, 0.25013640248640273, 0.2409457486957487, 0.28028014763014764], [0.26464888999889014, 0.26620780820486706, 0.19504985745248912, 0.27409344434375393], [0.23183405760905762, 0.33504406426906413, 0.17309204129204134, 0.26002983682983705], [0.2678765845265846, 0.33725922965922994, 0.1711821289821291, 0.2236820568320571], [0.21294865967365964, 0.3430157207171912, 0.2073552947052948, 0.2366803249038543], [0.2342446164946166, 0.31734174159174144, 0.18857817737817759, 0.25983546453546463], [0.18527571317571323, 0.2903268675768677, 0.2744499972249973, 0.2499474220224221], [0.19139396828661548, 0.2884399949723479, 0.24633983793983796, 0.2738261988011988], [0.21959324564324573, 0.34611438006438017, 0.17794697524697525, 0.25634539904539905], [0.2957243331831566, 0.2517664030414031, 0.1718910181321948, 0.2806182456432458], [0.34972307817454856, 0.24644035594035593, 0.13987936600436596, 0.2639571998807293], [0.21733975191475197, 0.27854200244200233, 0.22396961926961945, 0.2801486263736265], [0.22557705072705075, 0.2905424408924408, 0.25114003496503506, 0.23274047341547352], [0.19745595793095808, 0.28518066933066927, 0.23068611584493953, 0.28667725689343343], [0.20939907869907892, 0.2731805028305029, 0.20259477744477755, 0.31482564102564103], [0.24306044674279978, 0.3470177120265356, 0.14889640882852972, 0.2610254324021353], [0.2233858935182465, 0.2583494061494062, 0.24861706953177556, 0.26964763080057214], [0.2865103347088642, 0.28425768028268045, 0.18860570943218022, 0.2406262755762756], [0.2113080169830171, 0.26967548170783495, 0.2122436227257436, 0.30677287858340496], [0.18314728278257703, 0.2983239554563083, 0.2203961740873506, 0.29813258767376405], [0.33633018370518375, 0.31189972249972225, 0.13874101454101465, 0.21302907925407927], [0.17688901343754296, 0.3052356938812821, 0.26967163555398865, 0.2482036571271867], [0.23050086959823812, 0.29233448393711553, 0.19478709068709082, 0.2823775557775558], [0.27513784743521585, 0.3094910545881135, 0.15875463795463807, 0.25661646002203287], [0.2703320235320235, 0.2613384226884228, 0.19728338883338883, 0.2710461649461651], [0.24595183705183707, 0.28224412531912535, 0.17513670496170508, 0.29666733266733264], [0.24982842484313084, 0.2709696928888107, 0.2138333507995274, 0.2653685314685315], [0.24459100241863402, 0.30215900006426316, 0.1996352580168371, 0.253614739500266], [0.2726371867898184, 0.22377972933499257, 0.2351141750062802, 0.2684689088689089], [0.23577795537795537, 0.29423094128094135, 0.21160352980352987, 0.25838757353757363], [0.22894451822687126, 0.33116532111679164, 0.18548888611388623, 0.2544012745424512], [0.25246425241425247, 0.2621919913419912, 0.17901225441225443, 0.30633150183150176], [0.20355827228327228, 0.3015931568431571, 0.2442858114108116, 0.25056275946275947], [0.19566035631035636, 0.31226101561836855, 0.19513695030459755, 0.29694167776667785], [0.209978837828838, 0.284646003996004, 0.2176240592740594, 0.28775109890109896], [0.2708712295759509, 0.2703283682548389, 0.18038196063196066, 0.27841844153724965], [0.3559964210625973, 0.2820221850045381, 0.14997152047299117, 0.21200987345987346], [0.25062727550227554, 0.25467275910364173, 0.233478791796439, 0.2612211735976444], [0.2269119176145493, 0.266526950826951, 0.1994613553113556, 0.30709977624714446], [0.22847978687978696, 0.2935602258852259, 0.17959857087357095, 0.29836141636141633], [0.23704980554361374, 0.3548160818713452, 0.18400390945483827, 0.22413020313020326], [0.25722144232616395, 0.26473593628593634, 0.16307059101029706, 0.3149720303776032], [0.26797274947274957, 0.2853115706189235, 0.1601725979902452, 0.28654308191808203], [0.2014743839493841, 0.3281990897990897, 0.1851137029637031, 0.28521282328782327], [0.1900223887223888, 0.2723385614385616, 0.19994386724386745, 0.33769518259518255], [0.303178774003774, 0.25818005050505055, 0.14359588744588753, 0.29504528804528796], [0.232996683871684, 0.27965474492827436, 0.18382783442048153, 0.3035207367795604], [0.2368391714494655, 0.26921842014194963, 0.17616893384393384, 0.3177734745646509], [0.17167795158058322, 0.32268505734032055, 0.2523834335255389, 0.2532535575535576], [0.19918860028860044, 0.33209575424575427, 0.16599484404484413, 0.30272080142080143], [0.2012619325119325, 0.32765759795759797, 0.22524027361527377, 0.24584019591519596], [0.24029446272681568, 0.33627660264571996, 0.19430358154917, 0.22912535307829437], [0.23498291430791438, 0.2412178959928962, 0.2410941974691975, 0.28270499222999224], [0.3225857821916646, 0.23095011655011669, 0.16101504965622615, 0.28544905160199274], [0.2409733263468559, 0.22662302697302705, 0.22473158508158533, 0.3076720615985324], [0.20261502941502949, 0.2881182314417609, 0.2058688533688535, 0.3033978857743564], [0.2663640470640469, 0.3205289782113315, 0.20239209515974232, 0.21071487956487966], [0.29893708464737884, 0.2612829778065075, 0.16438711566211583, 0.2753928218839984], [0.27536729855112213, 0.22995093795093813, 0.18725955710955722, 0.3074222063883831], [0.4709600154203094, 0.24926314948667902, 0.14995121637621645, 0.12982561871679527], [0.237641193447076, 0.29572813999725783, 0.17795850538350555, 0.28867216117216116], [0.21789969413970958, 0.2911496445934527, 0.1648692124868598, 0.3260814487799781], [0.1858954101454102, 0.3129032245532245, 0.19776976356976375, 0.3034316017316016], [0.250417232767233, 0.2680618548118549, 0.17707934287934313, 0.30444156954156953], [0.23730516150516154, 0.3056534854034855, 0.19029587634587644, 0.26674547674547694], [0.2652580558330559, 0.2463803807303808, 0.18508434343434343, 0.3032772200022201], [0.18477366522366526, 0.32148914582149885, 0.1902349875614582, 0.303502201393378], [0.23991250399926867, 0.2781887891520243, 0.1873529961868198, 0.29454571066188734], [0.27876631701631716, 0.24497593680828983, 0.1933452661717369, 0.28291248000365654], [0.2387132017105701, 0.29566563787090117, 0.18126154576417736, 0.2843596146543516], [0.19618364609246985, 0.29476971361971366, 0.19706485911749083, 0.311981781170326], [0.26282319265701626, 0.26383307803307815, 0.1496067044067046, 0.32373702490320166], [0.23520155224892075, 0.3170031107781109, 0.183168772893773, 0.26462656407919566], [0.2417325651472712, 0.2867350824012589, 0.21115852007469663, 0.26037383237677364], [0.2311356865356867, 0.30056707181707193, 0.15374197323144703, 0.31455526841579473], [0.20377177854824927, 0.27322912593942006, 0.16832002850091107, 0.35467906701142005], [0.22296569541569544, 0.2892122266622269, 0.181828515928516, 0.3059935619935621], [0.249876368076368, 0.2621446053946053, 0.18042106227106233, 0.30755796425796417], [0.26445504691387056, 0.2789765298427062, 0.15357505827505835, 0.30299336496836493], [0.37188089503089505, 0.20922312317312328, 0.11070107485107486, 0.30819490694490714], [0.21695564990564983, 0.33194925629925637, 0.18938092463092474, 0.2617141691641693], [0.2939521922521922, 0.2543942224442226, 0.16879492729492743, 0.28285865800865817], [0.2769196749758667, 0.29747297877561035, 0.15668246834864494, 0.2689248778998779], [0.22374559215294518, 0.22901072261072283, 0.20990474639739357, 0.3373389388389389], [0.2444556258556259, 0.25629169904169913, 0.2095745846745846, 0.2896780904280906], [0.3138765107441579, 0.2774778027528029, 0.15382966559584216, 0.25481602090719746], [0.22497872127872143, 0.22826968309468332, 0.24580413752913766, 0.30094745809745826], [0.28031093906093907, 0.2644664835164837, 0.18814230214230218, 0.26708027528027534], [0.26701654342389664, 0.26576208823855874, 0.17767903207903216, 0.28954233625851306], [0.2842657710710343, 0.24465078459552153, 0.1826872460872462, 0.2883961982461984], [0.24189470725353085, 0.2631681429681431, 0.19317372627372628, 0.3017634235046], [0.21332273004773014, 0.29838616269351564, 0.20221967036231747, 0.286071436896437], [0.239117513967514, 0.2751442592266121, 0.1990440691117163, 0.2866941576941576], [0.2500161310911313, 0.33356670274170286, 0.1849393883893884, 0.2314777777777778], [0.20817307643337074, 0.2912323062558358, 0.1763827755577756, 0.3242118417530181], [0.26390993336728646, 0.26116318436465513, 0.1849436480186482, 0.28998323424941075], [0.2955575267869386, 0.2791586664969019, 0.16148522947640603, 0.26379857723975386], [0.20572131202131202, 0.2902976634476633, 0.22847346819846834, 0.2755075563325565], [0.2530135772609458, 0.2868722591248907, 0.20936864339364344, 0.2507455202205203], [0.2236057831057832, 0.24371976356976363, 0.22685772560772574, 0.3058167277167279], [0.3147930735930736, 0.18914227994228006, 0.18601394716394734, 0.3100506993006996], [0.20983393273393286, 0.24117292152292172, 0.22479778554778568, 0.3241953601953602], [0.2642849021349021, 0.32597256817256803, 0.1562547267547268, 0.253487802937803], [0.22140101042748114, 0.2998944721944722, 0.19147250331367985, 0.28723201406436705], [0.23043720723720731, 0.28055595123830446, 0.2058843751020222, 0.28312246642246647], [0.23589578754578763, 0.3112818070818072, 0.15856573426573436, 0.2942566711066712], [0.21108357475857484, 0.3057099289599291, 0.21176112776112777, 0.2714453685203686], [0.31452396492396506, 0.2465629814629816, 0.15877943722943727, 0.28013361638361634], [0.30995178155178144, 0.1898890054390055, 0.17081067821067827, 0.3293485347985346], [0.3508442790869262, 0.2366058116719881, 0.172348316063022, 0.24020159317806383], [0.19340679288032228, 0.3393409423909423, 0.1702982323232323, 0.29695403240550267], [0.22758354423354435, 0.316074814074814, 0.1847301087801089, 0.2716115329115329], [0.2124370046620047, 0.34400563880563884, 0.1774931845931846, 0.2660641719391721], [0.25200906870906875, 0.263735347985348, 0.20614727217227227, 0.27810831113331114], [0.22929430569430573, 0.2821015873015872, 0.17440231055494215, 0.31420179644916507], [0.2538851814851816, 0.2719582267405799, 0.18833183222006766, 0.28582475955417136], [0.2198415861915863, 0.30697567644773543, 0.196183116883117, 0.2769996204775617], [0.33629060106560105, 0.3032803613053614, 0.15280401820401826, 0.2076250194250197], [0.2103694527694529, 0.29024637339784404, 0.20706831224331246, 0.2923158615893911], [0.2505611555111555, 0.25707784992785004, 0.20484997779997793, 0.28751101676101687], [0.20946290376290377, 0.31276938616938615, 0.18793996003996025, 0.28982775002775], [0.2682112129700367, 0.27853117438117453, 0.17954049839049846, 0.2737171142582909], [0.21183271891507208, 0.28503734598734604, 0.22142088581353295, 0.2817090492840494], [0.22847360821153412, 0.2801180160482793, 0.20121765763476307, 0.290190718105424], [0.24448242313242308, 0.24366202033260873, 0.18866794055617594, 0.3231876159787922], [0.17646607281607293, 0.3503909812409815, 0.1629784473696238, 0.31016449857332207], [0.22502862137862148, 0.28043836163836156, 0.1950958818958821, 0.2994371350871353], [0.22486287993052717, 0.29523124098124104, 0.1728571480806776, 0.30704873100755437], [0.2085228715728716, 0.2923336774336775, 0.19645043290043296, 0.3026930180930182], [0.24561677211677227, 0.26920201187701176, 0.18760169275169283, 0.29757952325452336]]}}