{"test": {"ids": ["106117770", "103118291", "110115140", "99109860", "103117200", "111119300", "103117461", "113119360", "101108621", "99108080", "109121410", "99111000", "102109010", "107118490", "113119950", "106118520", "108117360", "113122190", "104114410", "102110850", "101119591", "112117030", "112118890", "105121370", "107116340", "105116501", "102110500", "106121220", "103112641", "104118340", "111115910", "110119030", "105116650", "97107920", "105116860", "102109840", "99108000", "112117431", "97118210", "110121450", "99111340", "110114610", "101108500", "108115570", "97112300", "101109370", "105112260", "109116170", "110121500", "111118810", "97112290", "99108310", "98109230", "103111540", "112120270", "97113900", "111117200", "98109311", "107121640", "112116610", "106118161", "99107560", "106121190", "105120621", "113121980", "98116500", "100109360", "109114720", "98112580", "100111080", "113119930", "111116010", "100120010", "110115250", "105117351", "97108520", "100108520", "107112850", "107114490", "99112840", "112116451", "102116340", "101121640", "111119950", "103109791", "111120591", "99111620", "110121170", "109120150", "110121720", "109119591", "109114030", "104114240", "101116130", "110118930", "106116820", "112116401", "107116980", "112116290", "103110220", "105113260", "97116790", "98107210", "97105580", "109116750", "101108080", "99116500", "113121410", "108115870", "100116500", "103110100", "108119550", "110113931", "97109080", "111115400", "112121360", "111119430", "108120621", "113118620", "112118820", "112121010", "99119830", "97110950", "107120010", "111119250", "104118070", "112117210", "97107950", "104117630", "111114171", "103113270", "108121410", "113117630", "110120560", "106114280", "109115220", "108120700", "104116441", "109119450", "109113591", "112116810", "104116800"], "labels": [0, 0, 0, 2, 0, 1, 0, 0, 0, 3, 0, 2, 1, 2, 0, 2, 1, 1, 1, 3, 0, 2, 3, 2, 3, 1, 3, 1, 3, 2, 2, 0, 1, 0, 2, 2, 2, 0, 2, 3, 1, 1, 3, 3, 2, 1, 3, 0, 3, 0, 1, 2, 1, 1, 0, 2, 0, 1, 1, 1, 3, 1, 2, 1, 2, 2, 0, 0, 2, 0, 1, 1, 0, 1, 0, 2, 2, 1, 3, 2, 0, 3, 2, 0, 3, 1, 3, 2, 2, 3, 0, 1, 0, 2, 1, 1, 0, 3, 0, 2, 3, 2, 1, 1, 0, 0, 2, 0, 3, 2, 1, 1, 1, 2, 0, 3, 3, 1, 3, 0, 2, 1, 3, 1, 1, 2, 1, 2, 0, 3, 2, 0, 0, 0, 3, 3, 2, 1, 3, 3, 3, 1], "predicted_labels": [3, 0, 1, 1, 1, 1, 3, 0, 3, 0, 3, 3, 3, 1, 1, 1, 1, 3, 3, 3, 3, 1, 0, 1, 0, 3, 0, 3, 1, 3, 3, 3, 1, 0, 0, 3, 1, 1, 3, 3, 2, 1, 2, 2, 0, 1, 3, 3, 0, 3, 3, 1, 0, 3, 3, 3, 3, 3, 3, 3, 1, 3, 3, 1, 1, 1, 3, 1, 3, 1, 3, 1, 2, 1, 3, 1, 3, 0, 3, 1, 1, 0, 1, 3, 3, 0, 1, 3, 3, 3, 1, 0, 2, 1, 3, 3, 3, 0, 0, 0, 1, 2, 3, 2, 0, 1, 2, 3, 1, 1, 1, 2, 1, 2, 0, 3, 1, 1, 2, 3, 1, 2, 2, 1, 0, 0, 1, 3, 1, 3, 3, 1, 3, 2, 0, 1, 0, 0, 3, 1, 3, 3], "confidence_scores": [[0.123529332787038, 0.3374670134826596, 0.14614671042677777, 0.39285694330352466], [0.3090233251933099, 0.3043352845058601, 0.16029158074242056, 0.22634980955840941], [0.14775970198330557, 0.31152030153261134, 0.23250130644341307, 0.3082186900406699], [0.16755156158632623, 0.41189152241399457, 0.14211255129136033, 0.27844436470831896], [0.10898240758519967, 0.4166976603885246, 0.1862239838002913, 0.28809594822598444], [0.18187654551469015, 0.5033079929924203, 0.10834841159705123, 0.20646704989583833], [0.238127163418577, 0.25609727113481323, 0.20391309365301177, 0.3018624717935981], [0.31837846971183775, 0.27869090043195, 0.1118693831050308, 0.29106124675118145], [0.24011587619013375, 0.28029323053925204, 0.11704870519756785, 0.36254218807304645], [0.28469921140795806, 0.25335335752580035, 0.2529708007278046, 0.20897663033843683], [0.20057470911761377, 0.24314802977646946, 0.22444977996292256, 0.33182748114299426], [0.2395756262766983, 0.22083302075226838, 0.1291037538108972, 0.4104875991601362], [0.1658744571672931, 0.23227712445174892, 0.26422305522947415, 0.337625363151484], [0.14328813131953555, 0.321246134202145, 0.2643478629112095, 0.2711178715671098], [0.2368097702873615, 0.39490847581576993, 0.1033633623025222, 0.26491839159434644], [0.14282191250037865, 0.4029686413577307, 0.2516311139123353, 0.2025783322295553], [0.29201585312538664, 0.3997232711725186, 0.09453675492576283, 0.21372412077633182], [0.13899907490828373, 0.22506833163568934, 0.14041915076624126, 0.49551344268978564], [0.2957980421717329, 0.23627257149602646, 0.13934703901946588, 0.3285823473127748], [0.17539893735803197, 0.3174435318853569, 0.1723256997226792, 0.334831831033932], [0.18471466440290701, 0.15894250955940664, 0.25308513379956776, 0.40325769223811875], [0.10911838657687023, 0.4306471197470062, 0.15008274486924886, 0.3101517488068748], [0.2866964115979957, 0.23574911875753113, 0.2376744984830092, 0.23987997116146392], [0.21183785397316784, 0.5175237764471705, 0.1277054443410602, 0.14293292523860146], [0.35683785359459036, 0.2433895885132618, 0.08800311844490957, 0.3117694394472383], [0.15696717378729114, 0.17176593285134897, 0.28606182943116887, 0.3852050639301911], [0.3644705141849921, 0.20295351126411504, 0.13500831766848373, 0.29756765688240944], [0.15191375716246314, 0.22775084961717035, 0.21072798594320363, 0.4096074072771628], [0.1660579747428332, 0.36439400103992803, 0.1476038742207684, 0.3219441499964705], [0.11137981303884079, 0.3438647648931605, 0.13555185459370664, 0.409203567474292], [0.15089131315862253, 0.291518753559715, 0.21775823750797446, 0.3398316957736881], [0.2137440886673816, 0.2559252438823296, 0.11587035619320778, 0.414460311257081], [0.07201863901128389, 0.3902212278312894, 0.15997332284075286, 0.37778681031667394], [0.35989743506298855, 0.23751276556970466, 0.1150099498807311, 0.2875798494865758], [0.3533924949883537, 0.28728549039408713, 0.11444482157460345, 0.24487719304295574], [0.1798265224136033, 0.1450189933937877, 0.2606671544563307, 0.4144873297362782], [0.3680383003614585, 0.36807579793637113, 0.0958661948752341, 0.1680197068269363], [0.24948673869181995, 0.32392898048834823, 0.17990010672230394, 0.24668417409752802], [0.30453074905180866, 0.2112500187665021, 0.16311889731697193, 0.32110033486471734], [0.2572794081931189, 0.23711378084491044, 0.09437661057100216, 0.41123020039096847], [0.20253478821265006, 0.13757137108756318, 0.4826251726581739, 0.17726866804161293], [0.1526294707054508, 0.3907356005198932, 0.1150428208881695, 0.3415921078864866], [0.1325809713122829, 0.3082792525560668, 0.3335526103439004, 0.22558716578775], [0.18151454411793727, 0.17357584690871372, 0.3969193206016379, 0.24799028837171125], [0.3427585183276852, 0.18515652804660498, 0.14782960847005258, 0.3242553451556573], [0.2407869656381471, 0.3691009047912436, 0.11218389867489668, 0.2779282308957128], [0.15086289566471706, 0.2721987733256394, 0.27075588450872445, 0.306182446500919], [0.16319078571916984, 0.21607574408555028, 0.1270776392543209, 0.493655830940959], [0.3860519715422945, 0.19457985061315816, 0.17901784717197636, 0.2403503306725711], [0.2949270261858429, 0.26620068490488785, 0.13869857406243058, 0.30017371484683875], [0.21085457556468595, 0.23112108247530827, 0.095388120132915, 0.4626362218270908], [0.28724976194370844, 0.3017222127161053, 0.15842309483619765, 0.25260493050398863], [0.33535495264269866, 0.2038667919751333, 0.1297832674849025, 0.33099498789726545], [0.27343207727705643, 0.2652043860858368, 0.1823305106920379, 0.27903302594506907], [0.2094710820611926, 0.19108164730529004, 0.11484299081410963, 0.4846042798194078], [0.24578123087335327, 0.24210761983869172, 0.16009060638897393, 0.35202054289898116], [0.2580840686401143, 0.27868050051892146, 0.10225911966143715, 0.3609763111795274], [0.2043399886857473, 0.3210461811304716, 0.10208997111681008, 0.37252385906697105], [0.24019540966851394, 0.20224186664558166, 0.12376100568396314, 0.4338017180019414], [0.2903336054155312, 0.23601724608830674, 0.13871051497159562, 0.33493863352456654], [0.2228530418315468, 0.3809902941816098, 0.08693712347718359, 0.3092195405096599], [0.09112739651654743, 0.31990263352444576, 0.09452115881286105, 0.49444881114614575], [0.21796344086392494, 0.19308763012584268, 0.15170435386280995, 0.43724457514742243], [0.18954162510941716, 0.4149151191293908, 0.13214832162701437, 0.2633949341341778], [0.25919744677243534, 0.40013063755128914, 0.11478483439181744, 0.2258870812844581], [0.2861406788806038, 0.33182120597784553, 0.09387809999472728, 0.28816001514682354], [0.29508205237762086, 0.1436795813669706, 0.254342011581194, 0.30689635467421444], [0.10398084809683644, 0.4178040048919334, 0.12500070225613732, 0.3532144447550929], [0.14903616641298975, 0.2932837425417204, 0.2036925201918712, 0.3539875708534188], [0.2765242101092194, 0.3562633790318215, 0.08975626621729953, 0.27745614464165974], [0.13347234706909664, 0.2880366056571904, 0.11314287293178088, 0.46534817434193193], [0.20917282082491698, 0.48153231833467974, 0.0835592703406983, 0.22573559049970507], [0.17971705994848775, 0.18249099091830587, 0.3460654900914426, 0.29172645904176403], [0.2377937311372845, 0.4388257182484049, 0.126247567483348, 0.1971329831309626], [0.22228998342276396, 0.24562104554053937, 0.12592928028209896, 0.4061596907545978], [0.12532670085593062, 0.44454274341125266, 0.16149753293768976, 0.26863302279512696], [0.19525726767314, 0.23869831697639768, 0.1069573004156215, 0.4590871149348409], [0.4015394951504825, 0.20424830199786467, 0.1525048269651643, 0.24170737588648852], [0.2119400868024928, 0.2596611204275248, 0.18519954010239723, 0.3431992526675852], [0.18298547511002142, 0.3541110578062574, 0.2022691846097176, 0.26063428247400366], [0.27030931030701577, 0.3701653766012859, 0.12029988143224277, 0.23922543165945542], [0.3165830941971165, 0.20954699030311497, 0.18894190459447724, 0.28492801090529135], [0.26153979584657167, 0.4181565179509226, 0.12792654298279652, 0.19237714321970933], [0.30836112604033394, 0.22259617832664755, 0.11508251016063126, 0.3539601854723872], [0.3570713918708469, 0.16255791635137282, 0.08893897509499571, 0.39143171668278454], [0.28963435116090075, 0.20104695978801715, 0.22939501324632688, 0.27992367580475525], [0.12390715302039625, 0.5495777177268666, 0.15958738517267881, 0.16692774408005845], [0.16277067567346873, 0.22496926199703246, 0.16984833120704665, 0.4424117311224521], [0.28118426687599135, 0.3087313447105715, 0.09737161244418006, 0.312712775969257], [0.29551934280454967, 0.21221973174168776, 0.12899992155128004, 0.36326100390248267], [0.19209614716255208, 0.32600510323837106, 0.22832520860547803, 0.253573540993599], [0.5190842114073646, 0.16485426638805395, 0.10287565007769175, 0.2131858721268897], [0.11949187489891981, 0.1404851908577309, 0.39569734280764657, 0.34432559143570274], [0.12616141209708298, 0.3900355593050245, 0.11093032603572069, 0.3728727025621718], [0.10408119205307835, 0.227284514717915, 0.161373091941086, 0.5072612012879207], [0.22779239596687895, 0.3129509237444167, 0.09058121131478812, 0.3686754689739164], [0.16610087314817823, 0.14080131739483767, 0.0661613585744687, 0.6269364508825155], [0.36099112040435494, 0.2854238135087723, 0.09834658128664406, 0.255238484800229], [0.32156338027407827, 0.26009805478784503, 0.17914383321167618, 0.23919473172640043], [0.3450481171561615, 0.2785027620473486, 0.10189021507985484, 0.27455890571663516], [0.3015113649642612, 0.35280376663382745, 0.19393403381464863, 0.15175083458726285], [0.22090869677477284, 0.14970322526311333, 0.35265369585545064, 0.2767343821066634], [0.15467467170454657, 0.3113187349847236, 0.1422074086633339, 0.391799184647396], [0.1263035132488307, 0.27219253549446887, 0.3622847993282892, 0.23921915192841142], [0.32335121021794333, 0.23566721206284474, 0.18186241312282167, 0.2591191645963903], [0.2449063954773976, 0.3176196564287934, 0.16867979863490964, 0.26879414945889957], [0.14787734416048254, 0.2560864382399113, 0.4249331811458289, 0.17110303645377722], [0.3007279938629486, 0.16533378706022872, 0.08460914536799387, 0.4493290737088287], [0.1269421328960526, 0.5415715175897076, 0.10491584732972228, 0.22657050218451752], [0.16245680304329388, 0.44998918164962426, 0.11874722745211014, 0.26880678785497186], [0.17766150975593253, 0.3548448464487569, 0.13996513435422203, 0.3275285094410885], [0.139165073409997, 0.15545971528941607, 0.4463765203457129, 0.25899869095487404], [0.27210420118985207, 0.3462623737117985, 0.16834619031902273, 0.21328723477932676], [0.19756166235615927, 0.2273029105665086, 0.3021802888902193, 0.2729551381871129], [0.380528053536573, 0.15786633025373226, 0.20963218949195736, 0.25197342671773754], [0.23699872917442413, 0.29194867255922896, 0.14544428010776322, 0.32560831815858365], [0.15235787208501933, 0.5939016765272513, 0.10970164910607097, 0.14403880228165852], [0.10405773287038743, 0.35762459995427, 0.2923608180256199, 0.24595684914972288], [0.17646542500177786, 0.20616321780721958, 0.3471660123436237, 0.27020534484737896], [0.248891490958214, 0.25337635775527556, 0.13412620183316465, 0.36360594945334607], [0.13762913499129972, 0.35982140564034665, 0.2634236413577246, 0.2391258180106291], [0.2586255286688891, 0.2576735314538832, 0.28095389217683064, 0.2027470477003971], [0.2777199030108194, 0.1843567898021714, 0.3501644923378528, 0.18775881484915657], [0.13223053383919717, 0.3997068308871861, 0.12502578947411006, 0.34303684579950666], [0.42642830729166603, 0.1718272951254483, 0.1974343947258524, 0.20431000285703335], [0.41883707067697057, 0.23534311182116063, 0.11565930889616227, 0.23016050860570655], [0.21666725089107186, 0.3059948476920119, 0.2020114768830073, 0.27532642453390904], [0.1430331910462506, 0.2135253627722021, 0.21487185700706063, 0.4285695891744868], [0.24249547498102914, 0.2863170754282186, 0.250614533914328, 0.2205729156764243], [0.2706187527209516, 0.17695295255091936, 0.15647453307172302, 0.39595376165640606], [0.06438369893418101, 0.26365560688029893, 0.2913740181144757, 0.38058667607104446], [0.24790049907573475, 0.33325437784709194, 0.1545543583720268, 0.2642907647051466], [0.26006721068818595, 0.15538172735968125, 0.18690403722352192, 0.39764702472861085], [0.3420145441728655, 0.09563185720407757, 0.36396784602955135, 0.19838575259350558], [0.3953163532031039, 0.2791096450550385, 0.08270049264962134, 0.2428735090922364], [0.2716328887656423, 0.34304010397057705, 0.11814035659557899, 0.26718665066820174], [0.3394200381539275, 0.3208192241292433, 0.12753004330073678, 0.21223069441609232], [0.4912450855963337, 0.26369761806192454, 0.07821115294610234, 0.1668461433956395], [0.27523541204592644, 0.24200183299487635, 0.13088525685268096, 0.3518774981065165], [0.25917049588997076, 0.3687964916720424, 0.11702060257633833, 0.25501240986164847], [0.2702006256608161, 0.22389550355211082, 0.13128437863085787, 0.3746194921562152], [0.19101123086200028, 0.3134799827051471, 0.13227686235893257, 0.36323192407392024]]}, "rewritten": {"ids": ["97105580", "97107920", "97107950", "97108520", "97109080", "97110950", "97112290", "97112300", "97113900", "97116790", "97118210", "98107210", "98109230", "98109311", "98112580", "98116500", "99107560", "99108000", "99108080", "99108310", "99109860", "99111000", "99111340", "99111620", "99112840", "99116500", "99119830", "100108520", "100109360", "100111080", "100116500", "100120010", "101108080", "101108500", "101108621", "101109370", "101116130", "101119591", "101121640", "102109010", "102109840", "102110500", "102110850", "102116340", "103109791", "103110100", "103110220", "103111540", "103112641", "103113270", "103117200", "103117461", "103118291", "104114240", "104114410", "104116441", "104116800", "104117630", "104118070", "104118340", "105112260", "105113260", "105116501", "105116650", "105116860", "105117351", "105120621", "105121370", "106114280", "106116820", "106117770", "106118161", "106118520", "106121190", "106121220", "107112850", "107114490", "107116340", "107116980", "107118490", "107120010", "107121640", "108115570", "108115870", "108117360", "108119550", "108120621", "108120700", "108121410", "109113591", "109114030", "109114720", "109115220", "109116170", "109116750", "109119450", "109119591", "109120150", "109121410", "110113931", "110114610", "110115140", "110115250", "110118930", "110119030", "110120560", "110121170", "110121450", "110121500", "110121720", "111114171", "111115400", "111115910", "111116010", "111117200", "111118810", "111119250", "111119300", "111119430", "111119950", "111120591", "112116290", "112116401", "112116451", "112116610", "112116810", "112117030", "112117210", "112117431", "112118820", "112118890", "112120270", "112121010", "112121360", "113117630", "113118620", "113119360", "113119930", "113119950", "113121410", "113121980", "113122190"], "labels": [1, 0, 2, 2, 2, 3, 1, 2, 2, 2, 2, 1, 1, 1, 2, 2, 1, 2, 3, 2, 2, 2, 1, 3, 2, 2, 1, 2, 0, 0, 2, 0, 0, 3, 0, 1, 2, 0, 2, 1, 2, 3, 3, 3, 3, 1, 2, 1, 3, 2, 0, 0, 0, 0, 1, 1, 1, 0, 2, 2, 3, 3, 1, 1, 2, 0, 1, 2, 3, 1, 0, 3, 2, 2, 1, 1, 3, 3, 3, 2, 1, 1, 3, 3, 1, 1, 1, 2, 0, 3, 1, 0, 3, 0, 0, 3, 0, 2, 0, 1, 1, 0, 1, 1, 0, 0, 2, 3, 3, 3, 3, 0, 2, 1, 0, 0, 1, 1, 3, 0, 1, 0, 0, 0, 1, 3, 2, 1, 0, 0, 3, 0, 2, 3, 0, 3, 0, 1, 0, 0, 2, 1], "predicted_labels": [1, 0, 3, 1, 3, 1, 1, 1, 0, 3, 0, 3, 3, 0, 1, 3, 1, 1, 0, 1, 1, 3, 3, 0, 3, 0, 1, 3, 1, 1, 1, 3, 0, 1, 0, 1, 3, 3, 3, 3, 3, 0, 1, 1, 0, 2, 3, 3, 1, 3, 1, 3, 0, 1, 0, 0, 1, 0, 1, 1, 3, 1, 3, 1, 0, 1, 3, 1, 3, 1, 1, 1, 2, 1, 1, 3, 0, 1, 0, 1, 1, 3, 2, 1, 0, 0, 3, 0, 1, 1, 0, 0, 0, 1, 0, 0, 1, 2, 3, 0, 3, 3, 3, 3, 1, 2, 0, 1, 1, 0, 3, 3, 1, 1, 3, 1, 3, 3, 1, 3, 0, 0, 3, 1, 3, 0, 1, 1, 1, 3, 1, 0, 3, 3, 3, 3, 3, 1, 3, 1, 3, 3], "confidence_scores": [[0.13140131796116591, 0.4518394179475635, 0.11407123843224914, 0.3026880256590216], [0.3538712990171137, 0.22365638501577323, 0.1542693564328682, 0.268202959534245], [0.18715126305898724, 0.2586676118115498, 0.1712041192620629, 0.38297700586739997], [0.14961594984651874, 0.5286073456276992, 0.11721068450151996, 0.20456602002426194], [0.22064346246877567, 0.2588313098963152, 0.21322051798448335, 0.30730470965042583], [0.29196048403057456, 0.32184625884312035, 0.16433899470297675, 0.2218542624233282], [0.0993471186270743, 0.49967861050467516, 0.16844646471229377, 0.23252780615595683], [0.19060418977022853, 0.33476288473182225, 0.1783407727284515, 0.29629215276949783], [0.33914280139868225, 0.2614044237033587, 0.11154314408797474, 0.2879096308099845], [0.2148102650523753, 0.23559381278924124, 0.14587814508972038, 0.40371777706866324], [0.4291935810041561, 0.14554646750990813, 0.08027580926110377, 0.34498414222483204], [0.2595505749667997, 0.2784199399081161, 0.1257950437729465, 0.33623444135213776], [0.23520971601353052, 0.16697627593753292, 0.14659983653360253, 0.4512141715153341], [0.3409213519844122, 0.2708133652510382, 0.16733944122414746, 0.22092584154040198], [0.2924008601326212, 0.2959396642533496, 0.1743226184054823, 0.23733685720854697], [0.23629163200380043, 0.1582258883842503, 0.11278406089258586, 0.4926984187193636], [0.15489908201735847, 0.535957886897407, 0.14189166443106507, 0.16725136665416954], [0.1768188680336118, 0.3878633355881318, 0.2441249679649004, 0.19119282841335597], [0.4707977023999398, 0.20783412076352487, 0.10632743432263603, 0.21504074251389937], [0.20478947611833198, 0.3490663379865017, 0.19322130571289606, 0.2529228801822702], [0.19839557145625925, 0.43498645527946705, 0.1486798425089074, 0.21793813075536642], [0.32377901018947797, 0.22878429174101492, 0.10469022264914106, 0.342746475420366], [0.17133773561421495, 0.2770929155141004, 0.20289228596440073, 0.34867706290728395], [0.40332561663291927, 0.2184685388847049, 0.10660560867783178, 0.27160023580454407], [0.27656497989259854, 0.28724142365802835, 0.1382487269966564, 0.2979448694527168], [0.32423756962119005, 0.3212200092948332, 0.1467131336453305, 0.2078292874386463], [0.2170035787887572, 0.2787440628606321, 0.27333475844516397, 0.2309175999054467], [0.30616597738240103, 0.20832580155416794, 0.09319912196677677, 0.3923090990966541], [0.20406644644943958, 0.5098088581575324, 0.08410412649221125, 0.2020205689008169], [0.1947011204032089, 0.4410189839220076, 0.09859984849776174, 0.26568004717702165], [0.2637423278074866, 0.4667852967678027, 0.1101041724974494, 0.15936820292726134], [0.16644198749538883, 0.2772143450880782, 0.1194892639665404, 0.4368544034499927], [0.35644565439197706, 0.27377558036243493, 0.10731558323713429, 0.2624631820084537], [0.13682523401305433, 0.4763030924798246, 0.12923219623405982, 0.2576394772730613], [0.3734885586051544, 0.23388602173610737, 0.1258335747220202, 0.266791844936718], [0.2292801730497549, 0.360939061936243, 0.11909198848348049, 0.2906887765305217], [0.21598144323251342, 0.15998310242146063, 0.3060164096046666, 0.3180190447413594], [0.2729948460000427, 0.2552942945746104, 0.10583153256605822, 0.36587932685928876], [0.2230413886764421, 0.19579435675706675, 0.21840998314987664, 0.3627542714166148], [0.15618595177608613, 0.20911417258834558, 0.18675959504519443, 0.44794028059037383], [0.25786180476122045, 0.2512111063387017, 0.1909052245292424, 0.30002186437083533], [0.5914310111413638, 0.12480899664314887, 0.08015693387513413, 0.20360305834035336], [0.2305706482097246, 0.39031421579904924, 0.15792444885037585, 0.22119068714085016], [0.2056929598202456, 0.3763958059611418, 0.16249555267215654, 0.25541568154645616], [0.3520204692958844, 0.3135867611928834, 0.09287022522368929, 0.24152254428754313], [0.133019494344419, 0.2181426212807953, 0.38978258028249224, 0.25905530409229355], [0.20440761558051815, 0.30607069925110225, 0.1715672326634855, 0.3179544525048941], [0.3630086315566337, 0.18662839122475489, 0.08648237688612993, 0.36388060033248176], [0.18263503298783287, 0.5331029531118, 0.09738768701238396, 0.1868743268879833], [0.2982647849687812, 0.21491423777295696, 0.13200023051165485, 0.354820746746607], [0.11688695296711485, 0.41716654453951907, 0.14375660895255737, 0.3221898935408086], [0.2943685843231497, 0.26860428437078293, 0.10537414467023366, 0.33165298663583365], [0.3509707836271776, 0.23084445879295995, 0.11698974942941691, 0.30119500815044564], [0.285148558997464, 0.34320516394421535, 0.14173504085237254, 0.22991123620594794], [0.42563184202885046, 0.2522315465457999, 0.10621788725577605, 0.21591872416957378], [0.3071782815571895, 0.25443279490503695, 0.14489068420743934, 0.29349823933033425], [0.21210759566677972, 0.4006551568346793, 0.16985383704679372, 0.21738341045174733], [0.29607290877797016, 0.253062687312497, 0.15675428803542227, 0.29411011587411057], [0.2305950254149373, 0.350226140220648, 0.1577786339344592, 0.2614002004299555], [0.05658788563941363, 0.5138532942803614, 0.07556760572260805, 0.3539912143576169], [0.20800423366961035, 0.26393931637036, 0.20042080575285304, 0.3276356442071765], [0.3167323110915572, 0.37563688075207347, 0.16375390321620295, 0.14387690494016622], [0.20518818469290215, 0.22467491193381686, 0.23368397724174864, 0.3364529261315323], [0.18053534717639108, 0.5662489763033443, 0.09874407121052149, 0.15447160530974313], [0.3059317753154427, 0.20453064962527334, 0.1945862370413277, 0.29495133801795625], [0.24282045550624562, 0.32854595472435694, 0.1268803778340472, 0.3017532119353503], [0.22243158855221212, 0.14103257838813046, 0.13270947786736154, 0.5038263551922959], [0.156527725165821, 0.3821428122541946, 0.14451860706932346, 0.31681085551066085], [0.19061785148451998, 0.319608745240706, 0.15799717205571945, 0.3317762312190545], [0.14729704250718054, 0.5241138978156529, 0.1137948661238798, 0.21479419355328683], [0.25857491668038923, 0.3146960477878826, 0.19140097216910107, 0.23532806336262715], [0.2942706710230034, 0.30074056108969743, 0.1158784381974026, 0.2891103296898964], [0.19105135600427714, 0.24090811803834603, 0.3470634467571305, 0.2209770792002464], [0.23563124886794226, 0.5048745813291333, 0.08273360742629014, 0.1767605623766344], [0.16274900836859713, 0.45738870247611096, 0.12315355964342889, 0.256708729511863], [0.20678963068755507, 0.29428907011864736, 0.10335296515575666, 0.39556833403804104], [0.2966167978862651, 0.25154241350218415, 0.16851305895837104, 0.2833277296531797], [0.3343676163322669, 0.33805267921557663, 0.1005648129757181, 0.22701489147643825], [0.4038252084144971, 0.25812029653023183, 0.08677090749356045, 0.2512835875617106], [0.21983166025934442, 0.4262968893356636, 0.10463151699484019, 0.24923993341015183], [0.14701031486203642, 0.42615576817430406, 0.2003886434117599, 0.22644527355189964], [0.1830574309489255, 0.22076948558587856, 0.13579160359679637, 0.4603814798683996], [0.2131124237963548, 0.2225528518918211, 0.2967762571516718, 0.26755846716015225], [0.27891565274181707, 0.284766052715917, 0.197162781361264, 0.23915551318100203], [0.35084320649580325, 0.2216080201547373, 0.13506703297199113, 0.2924817403774683], [0.37478828179713536, 0.22249136109877768, 0.1244314576860176, 0.2782888994180695], [0.272140344904613, 0.2751144119201743, 0.1426319767764396, 0.3101132663987732], [0.43631923650708765, 0.2678358068833274, 0.11275104828749512, 0.18309390832208997], [0.17206078433390953, 0.33149476628804475, 0.1999801132950169, 0.29646433608302886], [0.23418880525073493, 0.35045458177278876, 0.1014167715160659, 0.31393984146041043], [0.3395633950402832, 0.24211532457420687, 0.135027289045953, 0.28329399133955685], [0.347597300374806, 0.21514830700971926, 0.14062571247612526, 0.29662868013934957], [0.3753220207494911, 0.18899024377816223, 0.10756625761003835, 0.32812147786230844], [0.2223061434835736, 0.35490486915541003, 0.13253200619089475, 0.2902569811701218], [0.3988117516452143, 0.22568655185553105, 0.14419521297225443, 0.23130648352700023], [0.296209616315079, 0.2497562215484383, 0.20859317064344593, 0.24544099149303675], [0.2604382452338897, 0.3144048625408751, 0.1436213413408794, 0.2815355508843557], [0.14615112106439362, 0.14739713772539154, 0.39769113993821975, 0.30876060127199517], [0.2594592985958755, 0.2514310791711968, 0.21432004135117647, 0.2747895808817513], [0.3435983601384436, 0.27080582058714187, 0.16212656384710428, 0.2234692554273104], [0.2321249656585972, 0.2687499820669192, 0.14182076808726884, 0.35730428418721477], [0.20394975972361015, 0.12159329149458051, 0.145174426512167, 0.5292825222696423], [0.2625660428135263, 0.27399616616179157, 0.11848141674258145, 0.3449563742821007], [0.15873928406458448, 0.23957835639014508, 0.08526477282658776, 0.5164175867186827], [0.1404798257300564, 0.4442156277721472, 0.10952169852811762, 0.30578284796967886], [0.19239314767401416, 0.19713103797427317, 0.3172505254745864, 0.2932252888771263], [0.317721892807769, 0.2638550859857136, 0.12041543896624342, 0.29800758224027385], [0.30731548168635664, 0.3115914325697129, 0.10590443718276131, 0.2751886485611692], [0.2529613070139904, 0.28340824592157304, 0.18222883729475894, 0.2814016097696777], [0.29716364030027487, 0.29099112797933896, 0.1197772263503815, 0.29206800537000444], [0.1527395218972124, 0.1911713613021679, 0.07984331283663382, 0.5762458039639858], [0.16832627704637998, 0.285701171274936, 0.16444202064314709, 0.3815305310355369], [0.21787906303150012, 0.305051607386268, 0.19752466190611465, 0.2795446676761172], [0.18955123008899233, 0.499578832259192, 0.12321068054209279, 0.18765925710972303], [0.22935369389668508, 0.2466171598544797, 0.11042649094819099, 0.41360265530064433], [0.2954130645216892, 0.29656302701411336, 0.12366360910742259, 0.2843602993567748], [0.2801769034613817, 0.1996492371662529, 0.18696545575067486, 0.3332084036216905], [0.25520935278659934, 0.17425626135806502, 0.19771587237652588, 0.3728185134788099], [0.18729686405303153, 0.5588983374535462, 0.07229995876874434, 0.1815048397246779], [0.18199702923952835, 0.20877304264169538, 0.0977142041142514, 0.5115157240045249], [0.5656136872366102, 0.17538580612586557, 0.06692360967635552, 0.19207689696116884], [0.2700321203805771, 0.23261614338790781, 0.2696007804111079, 0.2277509558204072], [0.24952106873906293, 0.14565301412620096, 0.06241312821106791, 0.5424127889236682], [0.2748541621435576, 0.33709676831868046, 0.11104787540258407, 0.27700119413517804], [0.33532681375205453, 0.2013850735934023, 0.11885319288996572, 0.3444349197645775], [0.3161685351185064, 0.29339992015151395, 0.1517344415375716, 0.238697103192408], [0.2416896100200222, 0.36314204156711183, 0.08515125314124121, 0.31001709527162485], [0.10887957260352568, 0.5492705814496719, 0.1484583602511548, 0.19339148569564768], [0.21978855623943108, 0.321512311553708, 0.21801140526136592, 0.24068772694549484], [0.18359430634789248, 0.3030807013721162, 0.14043908331929966, 0.3728859089606918], [0.2170236044730013, 0.3867826762479574, 0.16650429061734448, 0.22968942866169673], [0.34081611916283244, 0.2315220812747602, 0.17028836262475647, 0.2573734369376508], [0.19522903003678352, 0.2138126491487654, 0.1911729859462903, 0.3997853348681607], [0.28412603843082423, 0.22344548144516735, 0.1357621033955433, 0.35666637672846535], [0.20437173862174352, 0.24968167239982228, 0.11604971507327963, 0.42989687390515446], [0.23325585636371604, 0.2766819865412428, 0.16651155960193334, 0.32355059749310777], [0.20489709755057972, 0.18578586261646393, 0.280093434888703, 0.3292236049442535], [0.20547102419821592, 0.3373637998262318, 0.13068499814269763, 0.32648017783285477], [0.31348760937735337, 0.2581200186789423, 0.09243829463562199, 0.3359540773080822], [0.31620677065474345, 0.32836227317075356, 0.12479343265712134, 0.23063752351738168], [0.21217377629525275, 0.2476785421747593, 0.10826782959813284, 0.4318798519318552], [0.17726439528428947, 0.14876791707234607, 0.12396228588553972, 0.5500054017578246]]}}