{"test": {"ids": ["97116500", "97112300", "112116540", "106118161", "97106770", "98107340", "113119120", "105115680", "108115970", "97106600", "99108460", "107115140", "99108580", "98110230", "101121640", "110120700", "102116340", "109113281", "112116290", "103120780", "111119300", "101112540", "113120070", "106118820", "113118820", "110119030", "106116370", "99117630", "103113210", "112116810", "100115700", "109117630", "108114200", "109115220", "107113200", "104114240", "99107500", "112118890", "113119340", "108119330", "102121700", "111118301", "107121640", "98106560", "111117200", "107121700", "110117140", "97108520", "106111321", "105115720", "113119480", "112117571", "107114780", "109113591", "109115211", "109121351", "99108890", "97109570", "110117080", "98107410", "103111170", "98113881", "106113830", "103110760", "113120601", "98117740", "107112840", "108116120", "99114890", "101112160", "112119500", "100109801", "112118581", "112121030", "111116010", "99109370", "113118511", "112118930", "97105580", "107116980", "111119150", "108116501", "113118810", "97112170", "104113240", "98108520", "100111620", "100111080", "110121450", "111119580", "113121010", "109116040", "99117740", "108121410", "113118630", "110115980", "107116340", "100109890", "105118230", "110118880", "100113210", "112116401", "110120560", "101116130", "112121430", "107113840", "106115240", "102112250", "97107821", "110114920", "111119930", "108113620", "108114180", "109114220", "102114270", "103111540", "98108370", "108119510", "111116090", "113121810", "104114320", "113117340", "113118620", "111116640", "97107260", "113118421", "110115120", "110118111", "99116500", "102110890", "100116790", "99119830", "111115910", "104111550", "104116800", "104113170", "100108490", "102109840", "101117580", "106117650", "103112641", "101108580"], "labels": [2, 2, 1, 3, 3, 0, 3, 2, 2, 3, 0, 0, 0, 3, 2, 2, 3, 0, 0, 1, 1, 2, 2, 3, 0, 0, 2, 3, 3, 3, 1, 0, 0, 3, 0, 0, 0, 3, 0, 0, 1, 3, 1, 1, 0, 3, 3, 2, 0, 1, 3, 3, 2, 3, 0, 0, 0, 0, 1, 3, 2, 3, 1, 1, 2, 2, 1, 1, 2, 3, 2, 0, 1, 0, 1, 1, 1, 1, 1, 3, 3, 0, 3, 0, 2, 2, 3, 0, 3, 3, 2, 0, 2, 0, 3, 1, 3, 3, 1, 0, 0, 0, 0, 2, 2, 3, 1, 0, 2, 3, 1, 3, 1, 3, 3, 1, 1, 1, 3, 2, 2, 2, 3, 0, 2, 3, 0, 1, 2, 0, 2, 1, 2, 1, 1, 3, 2, 2, 3, 1, 3, 0], "predicted_labels": [0, 3, 3, 3, 2, 1, 3, 1, 3, 1, 2, 3, 1, 1, 1, 1, 2, 0, 0, 0, 1, 1, 1, 1, 3, 1, 3, 0, 3, 1, 0, 1, 1, 3, 0, 1, 1, 1, 0, 1, 0, 0, 1, 1, 1, 1, 0, 1, 3, 0, 0, 1, 0, 1, 0, 0, 3, 0, 1, 3, 0, 0, 0, 3, 1, 3, 1, 3, 3, 1, 1, 3, 1, 0, 1, 0, 1, 1, 1, 0, 0, 3, 2, 0, 3, 2, 1, 3, 3, 3, 3, 3, 0, 1, 3, 3, 3, 3, 3, 0, 1, 3, 3, 1, 3, 1, 0, 3, 3, 3, 3, 1, 1, 1, 1, 0, 1, 1, 1, 3, 0, 3, 1, 1, 2, 3, 3, 0, 2, 0, 3, 1, 0, 3, 1, 1, 3, 3, 1, 2, 3, 0], "confidence_scores": [[0.4566540858489276, 0.19341811742324058, 0.13670613629942388, 0.21322166042840804], [0.2702313568469045, 0.13666417678501924, 0.15596550717220267, 0.4371389591958734], [0.1281678971234462, 0.3546389014248711, 0.1446481778106113, 0.3725450236410716], [0.22884531444905007, 0.30058660028098816, 0.11099069437960937, 0.3595773908903523], [0.17553559176503405, 0.2193656522456695, 0.333118349645665, 0.2719804063436315], [0.1581968909377013, 0.33065344834613913, 0.22636447130932433, 0.28478518940683534], [0.16277867425020343, 0.18255528100939347, 0.12021122713150723, 0.534454817608896], [0.12042345761825496, 0.4746935509129924, 0.16770218748394033, 0.23718080398481228], [0.2470952740907013, 0.26335661784082826, 0.1383008418155904, 0.35124726625287994], [0.22573438110082036, 0.3946355242499888, 0.08847501758666357, 0.29115507706252736], [0.21045496528865745, 0.14102839368281372, 0.3759542270047657, 0.272562414023763], [0.29538580660328295, 0.1786373308119466, 0.12566133033641969, 0.4003155322483508], [0.31875773444349764, 0.3687222574172693, 0.14453651238880658, 0.16798349575042665], [0.14995162615970062, 0.4166256783515499, 0.24644069732765578, 0.1869819981610937], [0.14797424245662752, 0.4255997418585499, 0.1869485313391462, 0.23947748434567626], [0.17953452234206926, 0.3521902056876729, 0.24441266479216986, 0.2238626071780882], [0.2421865300480324, 0.24846161446320214, 0.2869306837728109, 0.22242117171595455], [0.30635434435274855, 0.28603050660541995, 0.1495980511631075, 0.25801709787872396], [0.3375704848845434, 0.2739345280721957, 0.14611171331060802, 0.24238327373265295], [0.38189116577163, 0.17633381039637508, 0.17794120853424544, 0.2638338152977495], [0.273774531898011, 0.31206554529561564, 0.2203437443993087, 0.19381617840706467], [0.20184897970558274, 0.36999080747544677, 0.16988639408205652, 0.25827381873691385], [0.28340034844251827, 0.3289835902673576, 0.19234964366183357, 0.19526641762829083], [0.24579785969991097, 0.29122805916402555, 0.18681124555738027, 0.27616283557868326], [0.23116720126575513, 0.24795975221945335, 0.18698313047388715, 0.33388991604090434], [0.09279273338415976, 0.5759896505989787, 0.13551234077363392, 0.19570527524322762], [0.24049575681664795, 0.2013718619521251, 0.20336347929306328, 0.354768901938164], [0.35224305063336264, 0.2045146362308819, 0.13866984287284964, 0.3045724702629059], [0.14591144810055665, 0.14838795126041962, 0.11363872746487684, 0.5920618731741469], [0.1730613029171972, 0.44253513833870295, 0.17214399921853044, 0.2122595595255694], [0.35738637648487015, 0.3483267110960526, 0.07778057596899694, 0.21650633645008022], [0.16711462290085005, 0.4742902834658792, 0.14060658126990147, 0.2179885123633693], [0.13314941990385115, 0.43056189319892124, 0.2520408406630357, 0.18424784623419205], [0.14586953253935853, 0.34299544518977787, 0.15669504319242694, 0.3544399790784366], [0.4081772503521107, 0.19213133470490038, 0.08614443819260623, 0.3135469767503825], [0.1400415539280174, 0.478386355445507, 0.102585157415643, 0.2789869332108328], [0.23172136998478488, 0.2987532748985823, 0.17784072937815737, 0.2916846257384754], [0.23220897382326938, 0.2852973459215888, 0.2186004500090647, 0.263893230246077], [0.3708283748332814, 0.34786062876500706, 0.08403002445248231, 0.1972809719492292], [0.14102095681123572, 0.453015320576804, 0.13602166872857976, 0.26994205388338066], [0.36737070350377804, 0.1866836202912193, 0.11915724690540748, 0.3267884292995951], [0.38982141765846934, 0.3017564031352461, 0.10131683996512576, 0.20710533924115895], [0.13442163848790298, 0.35529803016824546, 0.1824768753994286, 0.32780345594442317], [0.1847544337512118, 0.3024881466405583, 0.27809804305760494, 0.2346593765506252], [0.19877727718816754, 0.3965787838921756, 0.09585021711586639, 0.30879372180379056], [0.15451598178985285, 0.39038827003122334, 0.24507116883561972, 0.21002457934330424], [0.42727113816617485, 0.26267648382400005, 0.0929248692334229, 0.2171275087764021], [0.1559345349812499, 0.35472135057373144, 0.25830688737071367, 0.23103722707430516], [0.29108089167613166, 0.224790022649192, 0.09005650620155141, 0.39407257947312485], [0.36850142337672687, 0.23852265984596702, 0.1615487316194616, 0.2314271851578445], [0.3844919378235568, 0.2147283877649507, 0.09988220854243628, 0.3008974658690561], [0.19209594368665972, 0.39291315557200496, 0.08794630927439061, 0.3270445914669448], [0.3197528332944076, 0.3090840740590523, 0.19524333790536486, 0.17591975474117535], [0.23194820147628453, 0.43720641239605507, 0.07163884817671212, 0.2592065379509484], [0.3253633951872663, 0.24464050279328156, 0.1385260216020624, 0.2914700804173897], [0.45054959672857187, 0.22042821159045503, 0.11860439220961987, 0.2104177994713533], [0.2923851534718595, 0.21343244792423394, 0.11565839338360173, 0.37852400522030494], [0.37603009362669265, 0.17352880891181463, 0.12628403690747755, 0.3241570605540153], [0.19374644374157088, 0.3366114075637846, 0.19553316252716796, 0.2741089861674766], [0.25798074381818525, 0.1821297168817752, 0.09335036138214596, 0.46653917791789346], [0.459254585683089, 0.18368288539057107, 0.14893157214390002, 0.20813095678243995], [0.34104278166262675, 0.2479579859792535, 0.12580789885841953, 0.2851913334997002], [0.35962207369775623, 0.22019380270501335, 0.10046668652759219, 0.31971743706963845], [0.13115976348044933, 0.2500313672186982, 0.12431408869854985, 0.49449478060230284], [0.1648337950676861, 0.328034056115599, 0.21876529369992787, 0.2883668551167871], [0.08271571603650318, 0.37033933620353093, 0.12676462386968135, 0.42018032389028453], [0.1700028540686955, 0.4035761918407124, 0.15140959522818445, 0.2750113588624076], [0.2230496919854912, 0.24291035217738197, 0.23312920711357912, 0.3009107487235477], [0.16633034284340603, 0.2855980939640206, 0.1771356421995986, 0.3709359209929747], [0.2688228986357491, 0.3447296063901021, 0.12495959255904768, 0.26148790241510106], [0.2477824898622423, 0.33711353777992104, 0.16492605317614656, 0.2501779191816901], [0.30642731909550325, 0.24182244738045483, 0.11662580266463896, 0.33512443085940297], [0.19537972054105546, 0.5440755930676283, 0.1094034019535668, 0.1511412844377493], [0.4608753911973506, 0.1871435060242501, 0.06419928487744138, 0.28778181790095786], [0.16864633253151526, 0.5095414800293808, 0.13468054713335625, 0.1871316403057477], [0.4340000441248542, 0.2573844335273707, 0.08161022054201125, 0.22700530180576375], [0.3074327163018337, 0.3862779265787201, 0.09545997000025788, 0.21082938711918822], [0.18423623973177775, 0.34690945250537675, 0.13276506880895184, 0.3360892389538937], [0.12885535789840077, 0.5418795054213505, 0.13202666388276546, 0.1972384727974833], [0.40135397274174317, 0.3075058030129187, 0.10997411914997017, 0.181166105095368], [0.3583327858713487, 0.20539677126257583, 0.15686068935784406, 0.2794097535082314], [0.13664197624253593, 0.2570090511922467, 0.09020007901968878, 0.5161488935455286], [0.20968874081559674, 0.22336208484843312, 0.33159367780470445, 0.23535549653126564], [0.5537484324139015, 0.13411510569479618, 0.09847813473968273, 0.2136583271516195], [0.2796283365245054, 0.2761685643791359, 0.1260018251642119, 0.3182012739321468], [0.2728407788939826, 0.25790061766628014, 0.2932027552877962, 0.17605584815194117], [0.1940084103260637, 0.4834800594939665, 0.13010225046761278, 0.19240927971235708], [0.23505398329767707, 0.25068902075001326, 0.1635593941573086, 0.35069760179500087], [0.24920522120404934, 0.2324188398044403, 0.10085766724214766, 0.4175182717493629], [0.35853655677537316, 0.14038475142499404, 0.12760408615852264, 0.3734746056411101], [0.11445105837741183, 0.29645064998836035, 0.25662293966365707, 0.33247535197057076], [0.20759982146545797, 0.2250978652882385, 0.16108430548879282, 0.40621800775751077], [0.5048408057719267, 0.17703705146178758, 0.107199897178637, 0.21092224558764866], [0.2252236038250683, 0.3765326163165452, 0.12952889096371029, 0.26871488889467643], [0.20819276772178882, 0.28669504050496847, 0.1921596346358875, 0.3129525571373553], [0.22930522743705403, 0.194670890630616, 0.17782179980486418, 0.398202082127466], [0.26959353470937225, 0.2472669970527738, 0.19824618683647005, 0.28489328140138404], [0.2713108226368695, 0.2422551573338272, 0.12015286972104985, 0.3662811503082538], [0.1561009857487702, 0.24789385588623178, 0.24033977861866362, 0.35566537974633444], [0.32782211537296285, 0.25420774647397393, 0.11871616482590552, 0.29925397332715775], [0.2417823279675391, 0.29397136618528685, 0.18228557040077228, 0.28196073544640177], [0.18451464368561502, 0.21384705207286223, 0.17798832197277062, 0.4236499822687522], [0.1596493621557434, 0.297709570385235, 0.15397403200967438, 0.3886670354493473], [0.16349777456886638, 0.3157332243000786, 0.24546830931601124, 0.2753006918150439], [0.27674898526348835, 0.23314198054686894, 0.16532810492318098, 0.32478092926646174], [0.2887800404896892, 0.3097163093709194, 0.1119787290536645, 0.28952492108572675], [0.3092134066981094, 0.27724931919570617, 0.18941236300607295, 0.22412491110011143], [0.2503831509905709, 0.24175769215548343, 0.16926569646361203, 0.33859346039033367], [0.2601531309750147, 0.1586367886312552, 0.16981049386730296, 0.4113995865264273], [0.1924520499725574, 0.26931606208384784, 0.16699207097341734, 0.37123981697017727], [0.24669704090733216, 0.20372966097962786, 0.10345514465453082, 0.4461181534585092], [0.18694815483792165, 0.3816011554932084, 0.0779294070914031, 0.35352128257746684], [0.2635221207228812, 0.35725469408531413, 0.1361448440557673, 0.24307834113603746], [0.17079745943833938, 0.2872544561352096, 0.28208385844251377, 0.25986422598393727], [0.12445951188257595, 0.5697987255232577, 0.09842323660268622, 0.20731852599148007], [0.46249037494225653, 0.16267785549804176, 0.13300228202637662, 0.2418294875333251], [0.13867173559087576, 0.4078692303600752, 0.11323388608824143, 0.34022514796080755], [0.24944329118057668, 0.30385717782722377, 0.16919679238370056, 0.27750273860849906], [0.17085142489814667, 0.45333586950642707, 0.1207293228355685, 0.2550833827598577], [0.22054506336616184, 0.2960644330457519, 0.1754369439736322, 0.30795355961445403], [0.29133233045233314, 0.24983916255085684, 0.24670466609789116, 0.2121238408989188], [0.2972057639637029, 0.23900562412732881, 0.1263428417447164, 0.337445770164252], [0.1788931494744885, 0.31426665766411094, 0.22308828711442868, 0.28375190574697196], [0.21754302139932266, 0.4219543142165439, 0.11289993526814854, 0.24760272911598477], [0.17379124087447023, 0.17583446730172012, 0.32602536164771984, 0.32434893017608984], [0.27255329879402357, 0.17735007048924742, 0.16081149633005562, 0.38928513438667345], [0.1676164037887633, 0.26829914918623426, 0.13889571502899564, 0.4251887319960067], [0.41444565762561864, 0.20680139775042583, 0.23717861271316523, 0.14157433191079036], [0.12822673327702389, 0.23467751594932323, 0.35686578093632293, 0.2802299698373302], [0.4213962336078888, 0.21864035701493675, 0.16635847429640724, 0.19360493508076723], [0.26134252379047235, 0.2244747398949927, 0.2063378891300041, 0.3078448471845308], [0.26504699928345726, 0.3298931522426299, 0.142349745405234, 0.26271010306867865], [0.441873252897245, 0.1838537943252538, 0.20615549356522053, 0.1681174592122807], [0.15714307548302922, 0.2779195405675317, 0.20311931503798297, 0.3618180689114563], [0.11985394831613254, 0.5042881376600067, 0.1497558961195117, 0.22610201790434908], [0.23405974066332963, 0.3386693057681476, 0.1677661614662201, 0.25950479210230265], [0.2470400425772313, 0.20916840959340918, 0.21484032801980854, 0.32895121980955094], [0.2271688066904041, 0.2951315758772376, 0.15531267694601444, 0.32238694048634403], [0.15697513748855588, 0.419044573795173, 0.18727033634895812, 0.23670995236731285], [0.1324995386785203, 0.2646283858726186, 0.3895481045547765, 0.21332397089408456], [0.2347133691903906, 0.31662310403165556, 0.10387783057069849, 0.34478569620725547], [0.3143988673032627, 0.2967922520322835, 0.18075191298221158, 0.20805696768224236]]}, "rewritten": {"ids": ["97105580", "97106600", "97106770", "97107260", "97107821", "97108520", "97109570", "97112170", "97112300", "97116500", "98106560", "98107340", "98107410", "98108370", "98108520", "98110230", "98113881", "98117740", "99107500", "99108460", "99108580", "99108890", "99109370", "99114890", "99116500", "99117630", "99117740", "99119830", "100108490", "100109801", "100109890", "100111080", "100111620", "100113210", "100115700", "100116790", "101108580", "101112160", "101112540", "101116130", "101117580", "101121640", "102109840", "102110890", "102112250", "102114270", "102116340", "102121700", "103110760", "103111170", "103111540", "103112641", "103113210", "103120780", "104111550", "104113170", "104113240", "104114240", "104114320", "104116800", "105115680", "105115720", "105118230", "106111321", "106113830", "106115240", "106116370", "106117650", "106118161", "106118820", "107112840", "107113200", "107113840", "107114780", "107115140", "107116340", "107116980", "107121640", "107121700", "108113620", "108114180", "108114200", "108115970", "108116120", "108116501", "108119330", "108119510", "108121410", "109113281", "109113591", "109114220", "109115211", "109115220", "109116040", "109117630", "109121351", "110114920", "110115120", "110115980", "110117080", "110117140", "110118111", "110118880", "110119030", "110120560", "110120700", "110121450", "111115910", "111116010", "111116090", "111116640", "111117200", "111118301", "111119150", "111119300", "111119580", "111119930", "112116290", "112116401", "112116540", "112116810", "112117571", "112118581", "112118890", "112118930", "112119500", "112121030", "112121430", "113117340", "113118421", "113118511", "113118620", "113118630", "113118810", "113118820", "113119120", "113119340", "113119480", "113120070", "113120601", "113121010", "113121810"], "labels": [1, 3, 3, 2, 2, 2, 0, 0, 2, 2, 1, 0, 3, 1, 2, 3, 3, 2, 0, 0, 0, 0, 1, 2, 2, 3, 2, 1, 2, 0, 3, 0, 3, 0, 1, 2, 0, 3, 2, 2, 3, 2, 2, 0, 0, 3, 3, 1, 1, 2, 1, 3, 3, 1, 1, 3, 2, 0, 2, 1, 2, 1, 1, 0, 1, 1, 2, 1, 3, 3, 1, 0, 3, 2, 0, 3, 3, 1, 3, 3, 1, 0, 2, 1, 0, 0, 1, 0, 0, 3, 3, 0, 3, 0, 0, 0, 3, 0, 1, 1, 3, 1, 0, 0, 0, 2, 3, 2, 1, 3, 0, 0, 3, 3, 1, 3, 1, 0, 0, 1, 3, 3, 1, 3, 1, 2, 0, 2, 2, 3, 1, 3, 3, 3, 0, 3, 0, 3, 2, 2, 2, 2], "predicted_labels": [3, 1, 0, 1, 0, 2, 0, 2, 1, 0, 1, 1, 0, 1, 3, 1, 0, 1, 3, 0, 2, 1, 0, 0, 1, 0, 0, 1, 1, 3, 1, 1, 1, 0, 0, 0, 0, 3, 2, 1, 2, 1, 2, 1, 0, 1, 3, 0, 0, 0, 1, 3, 1, 0, 2, 0, 1, 1, 1, 0, 1, 0, 1, 0, 0, 0, 3, 2, 3, 0, 1, 1, 2, 1, 3, 0, 1, 1, 1, 1, 2, 1, 0, 3, 0, 1, 0, 0, 0, 1, 2, 0, 2, 0, 0, 1, 3, 2, 2, 3, 0, 0, 3, 0, 1, 2, 1, 1, 0, 3, 0, 0, 0, 2, 0, 0, 1, 3, 1, 3, 1, 3, 1, 0, 3, 0, 0, 1, 3, 0, 0, 0, 2, 1, 3, 1, 0, 0, 2, 0, 1, 1], "confidence_scores": [[0.1503705209282321, 0.26127801458719524, 0.14321772298586538, 0.4451337414987074], [0.2379109684205505, 0.35455494358255496, 0.26173572527258804, 0.1457983627243066], [0.37594916477042856, 0.17623160630464477, 0.1208616651889165, 0.3269575637360102], [0.12411158224824725, 0.39056613534272816, 0.36699214237821554, 0.11833014003080904], [0.28913466396315407, 0.2642224255089955, 0.26178908058964456, 0.1848538299382059], [0.25073684347442937, 0.26115414770424117, 0.2744113399647645, 0.21369766885656508], [0.471759251116226, 0.17716857671314187, 0.1178042334907005, 0.23326793867993162], [0.16840516391078464, 0.19371429535272133, 0.351667782280381, 0.286212758456113], [0.17840651580340264, 0.38768004544588197, 0.11463529580828703, 0.31927814294242846], [0.3893344996927302, 0.20574424064097013, 0.18177521903855784, 0.22314604062774196], [0.17595911563860023, 0.42265855179235606, 0.3079803764558914, 0.09340195611315234], [0.25303223782421247, 0.28900078288389386, 0.1738610949222323, 0.28410588436966155], [0.466144819480839, 0.24640287122708654, 0.14368279635969092, 0.1437695129323835], [0.24496640951475376, 0.3698452661589488, 0.2396556805917416, 0.14553264373455593], [0.27149330753352874, 0.25276469087073067, 0.09427808794147667, 0.38146391365426396], [0.3125343305375313, 0.3135153689367855, 0.19423287758476684, 0.17971742294091622], [0.3691984079984693, 0.3281187338249184, 0.11328592381193439, 0.18939693436467794], [0.16871796096946529, 0.39228844732629947, 0.2689674840433888, 0.1700261076608465], [0.23019030917997269, 0.22633597827688412, 0.25376930152904115, 0.2897044110141022], [0.44686205455794625, 0.12835362523229304, 0.20610686550871404, 0.2186774547010466], [0.21735866003953613, 0.24866026805787717, 0.4205110573178068, 0.11347001458477976], [0.23093691250606269, 0.3355606201977581, 0.18105593635882497, 0.2524465309373542], [0.35711354649846766, 0.2694021264526049, 0.19916026163617812, 0.17432406541274933], [0.39065980566010305, 0.19687562368193207, 0.15835973292269692, 0.2541048377352679], [0.2229743584032004, 0.31635397363509843, 0.23212527494041868, 0.22854639302128243], [0.3956511538037688, 0.26112763611143847, 0.1406114047953855, 0.20260980528940709], [0.3947574839002385, 0.27483650985880204, 0.15266432525798365, 0.17774168098297582], [0.25792981190699993, 0.29700749225955814, 0.1879369782012801, 0.25712571763216197], [0.22530342116546054, 0.2979776334687798, 0.2968952193379272, 0.17982372602783253], [0.3219505184605214, 0.21422118179619531, 0.11450798781158994, 0.3493203119316934], [0.2884392810548657, 0.3666567230620626, 0.1654307148060125, 0.17947328107705918], [0.2255045210278221, 0.3606568410106033, 0.24070870954600937, 0.17312992841556543], [0.22834350789100644, 0.3492238421707691, 0.09171198633724623, 0.33072066360097824], [0.4652119629476441, 0.20422208014930024, 0.18576615036298905, 0.14479980654006652], [0.29741664268808315, 0.29597176572521416, 0.2934306241071906, 0.11318096747951203], [0.32963160725716756, 0.20553404376458853, 0.21739702447559048, 0.24743732450265374], [0.3092446602719507, 0.23994644667845855, 0.17675689347325896, 0.27405199957633186], [0.194817295503959, 0.17907678565797275, 0.22588523191399484, 0.40022068692407337], [0.2233345812873429, 0.26438533450020224, 0.36811888305063417, 0.14416120116182068], [0.2158831179374364, 0.3467620007304267, 0.2348059332022091, 0.20254894812992785], [0.12506424331935181, 0.1666084504814002, 0.5792602376090733, 0.1290670685901748], [0.1027992179356458, 0.6235241816204635, 0.10802937518510303, 0.16564722525878775], [0.2270734626442796, 0.24404721721029157, 0.2781808917267001, 0.2506984284187289], [0.2941528989169407, 0.32704649604447833, 0.23878511203590447, 0.14001549300267668], [0.3035705548955021, 0.22627953696188774, 0.2532131536413192, 0.216936754501291], [0.2650556659521015, 0.2654547517518294, 0.24307940216186857, 0.22641018013420042], [0.1853114388645803, 0.15606378082904623, 0.22390272585574603, 0.43472205445062745], [0.554756349245908, 0.1531517715314239, 0.18006927246672977, 0.11202260675593863], [0.36853484112064333, 0.20430822835608187, 0.24374856126532946, 0.18340836925794568], [0.4045018435647871, 0.16008339740045532, 0.20254107373436483, 0.23287368530039287], [0.21254976604178846, 0.3379213215910783, 0.2494502113585728, 0.20007870100856054], [0.19964221518632244, 0.3458602809546506, 0.08993106618252932, 0.3645664376764978], [0.12321547947523206, 0.413991771934752, 0.21076603526262488, 0.2520267133273911], [0.3124560551737328, 0.20277596721889168, 0.2970104873442357, 0.1877574902631398], [0.13813287725125992, 0.27660597087056776, 0.451505268074268, 0.1337558838039043], [0.40752031612507633, 0.19516957144544264, 0.23699124212424016, 0.1603188703052408], [0.3074747937697182, 0.4610176782421746, 0.11984806737513276, 0.11165946061297428], [0.19014212418311482, 0.45047560492617955, 0.15937708945905785, 0.2000051814316479], [0.24647881695552598, 0.32204091346994945, 0.1688446389654252, 0.2626356306090994], [0.3483475697066503, 0.31966043536854655, 0.11581945712482924, 0.21617253779997408], [0.2549314011409107, 0.3287398091279887, 0.14925746622424707, 0.2670713235068538], [0.26355859036147383, 0.23020029825553287, 0.24607461769267427, 0.260166493690319], [0.15650030082359034, 0.5237700811494422, 0.18035934421739316, 0.1393702738095742], [0.40196009482109685, 0.2938431983059763, 0.11041039570729973, 0.19378631116562706], [0.3196068666180877, 0.25731248993323175, 0.18319218827049738, 0.2398884551781832], [0.4019621608610761, 0.2536106108468461, 0.17330224263817637, 0.1711249856539012], [0.21678250146868053, 0.12093884897793662, 0.25408770258987345, 0.40819094696350955], [0.17530132669670298, 0.12935998275258545, 0.4891014553325193, 0.20623723521819234], [0.26330693957511403, 0.24590889027567603, 0.2027401115171857, 0.28804405863202426], [0.31969304026185186, 0.2674911600740723, 0.12878583907896637, 0.2840299605851095], [0.18041192122558625, 0.43831012361967703, 0.1324797599752976, 0.24879819517943919], [0.15554074767805454, 0.39690888768153226, 0.23857057290813297, 0.2089797917322804], [0.24533830603742277, 0.2628325030000814, 0.3080503069035952, 0.18377888405890075], [0.25826802551411826, 0.34527155604846677, 0.22877080529027674, 0.16768961314713815], [0.280800191928015, 0.1487881122986986, 0.1180235890469077, 0.4523881067263789], [0.3410679546311981, 0.3046269517562829, 0.14735794236229138, 0.20694715125022767], [0.28076144690046784, 0.3753694368260237, 0.19464513801722957, 0.1492239782562791], [0.16364568451488976, 0.4717596230878145, 0.1858556606184752, 0.17873903177882075], [0.30232144670904315, 0.3588780710063154, 0.18523916393350348, 0.15356131835113798], [0.27454840559130633, 0.454539399826626, 0.16846746779845395, 0.10244472678361369], [0.2790615750185924, 0.2793233003176747, 0.30122390794988085, 0.14039121671385232], [0.15197745601307389, 0.33685390665117876, 0.2232320560220714, 0.2879365813136759], [0.35291607085757515, 0.22202321698787073, 0.1394377171938593, 0.2856229949606948], [0.27609141290695, 0.2189481916345571, 0.2033932240613633, 0.30156717139712963], [0.3658077948184593, 0.26462956577546465, 0.1659067497290504, 0.2036558896770257], [0.28633642041096524, 0.3297437332308792, 0.1522530759742301, 0.23166677038392558], [0.4505505788235424, 0.21186653218692697, 0.1300674195089926, 0.20751546948053806], [0.3141693331349206, 0.28903136571253324, 0.16245956573094228, 0.23433973542160394], [0.5273348657849042, 0.2019158480258694, 0.09565003960020992, 0.17509924658901643], [0.31328348946375206, 0.327981625066635, 0.05522863135964329, 0.30350625410996956], [0.1674369535842052, 0.18522774713456716, 0.45899265336261186, 0.18834264591861577], [0.3912593139753381, 0.24560188269994587, 0.11869415682747833, 0.2444446464972378], [0.2116765683512593, 0.2643804937159707, 0.2679402270138029, 0.25600271091896715], [0.309757481305232, 0.23671499461824602, 0.1776650235361546, 0.27586250054036754], [0.3525628382786617, 0.2346744419287157, 0.18226595559116782, 0.2304967642014548], [0.35836585826148426, 0.39193110263033504, 0.1291358216794413, 0.1205672174287396], [0.293446327044578, 0.2268073905660699, 0.10111634342090522, 0.3786299389684468], [0.10627668455690883, 0.3286122371984841, 0.35225500634674095, 0.21285607189786618], [0.21403127139284966, 0.2276657428724533, 0.32893084389567745, 0.2293721418390197], [0.1900493862001684, 0.2380783969977693, 0.1178353764536246, 0.4540368403484377], [0.33153646452724883, 0.29971112782107195, 0.2447986088046535, 0.12395379884702563], [0.3858005865332843, 0.2983466547464246, 0.12282070659710564, 0.19303205212318553], [0.24025143765260076, 0.2060600622644754, 0.21935514283631644, 0.3343333572466075], [0.3197148407874683, 0.2511058507737633, 0.1820124916891995, 0.247166816749569], [0.3258185517476904, 0.35103551879235806, 0.1488159360017414, 0.17432999345821024], [0.1267838459140636, 0.20507037441967527, 0.5016333121148892, 0.166512467551372], [0.268493707197749, 0.4160571660656614, 0.17074113540798097, 0.1447079913286086], [0.23156526878123485, 0.3863623945654978, 0.28656429551114376, 0.09550804114212343], [0.3710171779798107, 0.2843087607804399, 0.11395470212004868, 0.2307193591197008], [0.30297703936085246, 0.18729545202341844, 0.17122295147897665, 0.3385045571367525], [0.3188802478523239, 0.295044849415695, 0.20680419249124332, 0.17927071024073782], [0.4121682390711384, 0.1760034813594754, 0.1730746351097507, 0.23875364445963546], [0.4570674461339392, 0.2818271028482482, 0.11724156480600308, 0.1438638862118096], [0.2668344340269351, 0.23585016165809708, 0.34404862609922476, 0.1532667782157431], [0.31489975162839917, 0.25730532268998213, 0.1689354398400659, 0.25885948584155294], [0.31208449858547277, 0.29079089475086933, 0.1424225278821655, 0.25470207878149237], [0.2208812441616615, 0.3462776468925185, 0.28187082065624125, 0.15097028828957873], [0.19174830603632817, 0.21846679895094695, 0.16162473998551244, 0.4281601550272125], [0.304680020233548, 0.4617330812031073, 0.12484596532223445, 0.10874093324111049], [0.2763935402962322, 0.2121204049555296, 0.19066271518612957, 0.3208233395621086], [0.23210651205964095, 0.35325328142413803, 0.2923251794617602, 0.12231502705446093], [0.18723657958928225, 0.13230316862418745, 0.11274029495902158, 0.5677199568275089], [0.23915909468892546, 0.3891481723734154, 0.08254172216825334, 0.2891510107694057], [0.3299833709918991, 0.3051201045929428, 0.10923336305754705, 0.2556631613576112], [0.1828698656960924, 0.14802007486450502, 0.11296902165878275, 0.5561410377806197], [0.3546160394285451, 0.2008459493556598, 0.3046951181364486, 0.13984289307934664], [0.4669149375083983, 0.16511858294876341, 0.13235466167880044, 0.2356118178640377], [0.19911175659060276, 0.37450500675890996, 0.2890001942645951, 0.13738304238589222], [0.18463605683740505, 0.15415730240309214, 0.0655259718407504, 0.5956806689187525], [0.5456994092264995, 0.2511038676172566, 0.07718497602985885, 0.12601174712638508], [0.5239488079462513, 0.23939149086010125, 0.09116810754424953, 0.14549159364939795], [0.2694941377130937, 0.2607589658303647, 0.24277219191654917, 0.2269747045399924], [0.2777120199983122, 0.25042330599467844, 0.3168572009167731, 0.1550074730902365], [0.29129357242642423, 0.37724278826206514, 0.16101025293654148, 0.1704533863749691], [0.2433346089916668, 0.28098417082121374, 0.17323136920356608, 0.3024498509835536], [0.18860920311210244, 0.33157900506184856, 0.15178550860858703, 0.328026283217462], [0.5008428157023777, 0.18043115705651272, 0.15706574568383003, 0.1616602815572797], [0.41489327203572984, 0.15942434336170555, 0.11625482358262262, 0.3094275610199421], [0.234652972253484, 0.20448239378301342, 0.3665629749709811, 0.1943016589925216], [0.3900217701836744, 0.26236670783544214, 0.11861642765466789, 0.22899509432621554], [0.14126625638724905, 0.36842328072905955, 0.23689672822484314, 0.2534137346588485], [0.2286943488474283, 0.4691578960046407, 0.1381314481513328, 0.164016306996598]]}}