{"test": {"ids": ["109121640", "98116500", "112118701", "113118820", "103112470", "112117431", "105118171", "104111380", "108113620", "108114360", "99117630", "98110230", "101108290", "105112100", "104118070", "110119030", "113122230", "105120280", "107114950", "107113130", "109113281", "99107640", "113122190", "102112170", "113118690", "110120540", "110113931", "97109570", "106113260", "100109890", "112117790", "97112170", "107113840", "112119580", "112120700", "99108010", "102112250", "112117580", "113121750", "98107410", "101108500", "107121540", "100109360", "110115980", "109119450", "112116990", "110114720", "113121410", "99107950", "97106770", "113117630", "112120630", "99119830", "98107010", "111121930", "105114220", "100113210", "100116500", "109113881", "103109641", "98108410", "100111620", "113117401", "110121140", "112117030", "106121190", "108118630", "111115910", "108119510", "109115380", "102113210", "100108080", "105113260", "97112290", "108116481", "108115250", "108118810", "98106680", "108113700", "105115250", "98121790", "113120780", "109118820", "112117210", "112119450", "106118161", "106114011", "106118520", "106119580", "110118701", "102110850", "112118820", "113122650", "108115970", "109115070", "113121190", "112119980", "103120290", "102110050", "113121980", "112118890", "104109311", "97114170", "102112301", "107120130", "113120531", "112118471", "109116040", "104114240", "109118701", "104113170", "113121220", "98109090", "99109780", "98111670", "110116501", "103113260", "97111790", "110120560", "113119320", "110114920", "108113760", "111115770", "97109080", "107121700", "111119610", "102110750", "110117110", "100108520", "99109860", "109119460", "99111340", "107113550", "97116410", "106113190", "112121430", "104110960", "108121160", "113119950", "104113190", "109116441", "103111540"], "labels": [0, 2, 0, 0, 1, 0, 3, 3, 3, 1, 3, 3, 0, 1, 2, 0, 1, 3, 3, 1, 0, 1, 1, 3, 3, 1, 1, 0, 3, 3, 3, 0, 3, 3, 2, 2, 0, 0, 0, 3, 3, 2, 0, 1, 3, 0, 3, 0, 1, 3, 0, 3, 1, 3, 1, 3, 0, 2, 0, 1, 1, 3, 3, 3, 2, 2, 1, 2, 1, 3, 3, 0, 3, 1, 0, 1, 1, 1, 0, 2, 2, 0, 3, 1, 3, 3, 1, 2, 3, 3, 3, 0, 2, 2, 0, 1, 0, 2, 3, 2, 3, 3, 2, 1, 2, 0, 1, 0, 0, 3, 3, 3, 1, 2, 1, 3, 3, 2, 0, 1, 3, 1, 3, 2, 3, 2, 1, 0, 2, 2, 1, 1, 0, 3, 0, 2, 2, 2, 0, 3, 3, 1], "predicted_labels": [3, 1, 3, 1, 0, 0, 3, 0, 1, 1, 0, 1, 1, 0, 1, 0, 1, 1, 1, 1, 0, 3, 3, 0, 1, 1, 1, 0, 1, 0, 3, 1, 1, 1, 1, 1, 3, 1, 3, 0, 3, 3, 1, 1, 1, 0, 1, 3, 1, 3, 0, 1, 1, 1, 0, 1, 3, 3, 1, 3, 1, 0, 1, 1, 1, 1, 1, 1, 1, 1, 3, 1, 1, 1, 3, 3, 3, 1, 1, 0, 1, 3, 1, 1, 3, 3, 1, 1, 1, 1, 1, 3, 1, 0, 1, 0, 3, 3, 1, 3, 1, 3, 1, 1, 1, 3, 1, 3, 1, 0, 1, 3, 1, 1, 3, 3, 1, 3, 1, 3, 1, 3, 1, 3, 3, 1, 1, 1, 0, 1, 3, 2, 0, 1, 3, 1, 3, 1, 1, 1, 3, 1], "confidence_scores": [[0.23713221788984995, 0.24620997581643597, 0.18348043069008352, 0.3331773756036307], [0.25666427781415224, 0.2961631851088927, 0.15638550194668363, 0.2907870351302714], [0.1848190161836658, 0.3100429636222066, 0.19268344264987325, 0.3124545775442545], [0.24577081711587848, 0.3108430963692113, 0.16139586994324268, 0.2819902165716675], [0.32165591375264413, 0.27538550039820714, 0.18241402193050685, 0.22054456391864172], [0.27456588074567884, 0.2715134600417633, 0.19374122587632756, 0.2601794333362303], [0.24513996356733725, 0.2976158036194618, 0.13836548137986887, 0.3188787514333323], [0.2628049390378472, 0.2627433864456906, 0.22944583776756164, 0.24500583674890072], [0.26794568902028265, 0.3292781304208149, 0.18293950229562803, 0.21983667826327433], [0.2358775131903861, 0.29677551955126924, 0.25488003594808367, 0.21246693131026112], [0.3579637316767997, 0.2498697165900532, 0.16668957174287796, 0.2254769799902693], [0.26644881027761547, 0.311850904947083, 0.1866127225595857, 0.2350875622157158], [0.2706591820042831, 0.27285808868136685, 0.2077310853963686, 0.24875164391798155], [0.3332768773428011, 0.25605899261570736, 0.1680320657125973, 0.2426320643288944], [0.24883999771133866, 0.3071906118910686, 0.1691361791890955, 0.27483321120849735], [0.3151803597416017, 0.2715315036158237, 0.17188234442884892, 0.24140579221372568], [0.22188380720412507, 0.3168210285117834, 0.24762708165822456, 0.21366808262586712], [0.22854696554291223, 0.34379989860648213, 0.20891238998590725, 0.21874074586469835], [0.2500704911409758, 0.3024132146745677, 0.15484786508453963, 0.292668429099917], [0.20600551663471445, 0.3503767405029125, 0.19940121028364938, 0.24421653257872367], [0.3181626043327389, 0.25498514979772435, 0.15014683567224563, 0.27670541019729117], [0.24427166075348145, 0.2597787571816336, 0.22131911245309766, 0.27463046961178755], [0.25644624488433815, 0.21811431503992082, 0.18188879056889257, 0.34355064950684855], [0.32739954489840456, 0.22152990887783702, 0.20583691690879594, 0.24523362931496237], [0.26352250574168673, 0.3327535077374909, 0.1476948854779893, 0.25602910104283294], [0.2253137496245353, 0.34486047567495554, 0.21774574882018358, 0.21208002588032557], [0.25507270803783727, 0.3106880137589588, 0.1756722559266236, 0.25856702227658046], [0.28536197706422395, 0.27381636972980156, 0.16883185232803555, 0.2719898008779391], [0.2637936628468483, 0.3030470722568383, 0.15616504794771383, 0.2769942169485996], [0.285682536997255, 0.25224027333638255, 0.21162958386078784, 0.2504476058055747], [0.23439919927756667, 0.2447302944070131, 0.23160893749763445, 0.28926156881778603], [0.22427058477504752, 0.32912779610141885, 0.17183528119740107, 0.27476633792613275], [0.2519619449621739, 0.2888761260117261, 0.21260961936404896, 0.24655230966205124], [0.2187232509988592, 0.3111337755822811, 0.1925264142493441, 0.27761655916951583], [0.21659574733364706, 0.3215033815446304, 0.1871758178079898, 0.27472505331373315], [0.22765134207987678, 0.36198330504841864, 0.1849708874585285, 0.22539446541317634], [0.2576219323820386, 0.24674479601702462, 0.21166613109283972, 0.2839671405080972], [0.23685880216555724, 0.32395142210703226, 0.18496310345030573, 0.25422667227710466], [0.2603338826898526, 0.2803158330640679, 0.11587526686134385, 0.34347501738473574], [0.32602489284884173, 0.23117250257545482, 0.21598944077254356, 0.22681316380316005], [0.23937129538982402, 0.25706260596959535, 0.22452341189755654, 0.2790426867430241], [0.2564858136872733, 0.27452534901859094, 0.19257804628990857, 0.27641079100422766], [0.255497396335114, 0.2655583671454901, 0.24105031214302386, 0.2378939243763722], [0.26184861509273244, 0.31353227120815136, 0.17122805463886565, 0.25339105906025067], [0.22526291717955582, 0.2849457040020542, 0.2262846266703579, 0.26350675214803215], [0.30124882116460716, 0.23029099524211794, 0.2257920921735137, 0.24266809141976114], [0.2334167246226017, 0.32497013919757023, 0.2040986842588578, 0.23751445192097023], [0.2946781835744712, 0.2450553892233132, 0.15687011232594375, 0.30339631487627194], [0.18841486967495866, 0.2917891423940692, 0.269986944795993, 0.24980904313497931], [0.2596393406857141, 0.24832516454279985, 0.2269362592521151, 0.26509923551937103], [0.297896334928084, 0.2570172739871969, 0.17908099005626357, 0.26600540102845555], [0.2827817559037792, 0.284300039811665, 0.1840740814479677, 0.2488441228365881], [0.20693690024803232, 0.30672611288719687, 0.19834700017115015, 0.2879899866936208], [0.24718977204136303, 0.32546970212757187, 0.12290281993549028, 0.30443770589557495], [0.3063546748075896, 0.25236801497610933, 0.17966178048016282, 0.26161552973613833], [0.2562158533372564, 0.27426333328300245, 0.21643000529331874, 0.25309080808642254], [0.2502248548614001, 0.2415877474857519, 0.12723739882812846, 0.3809499988247196], [0.24777182286207927, 0.25303663655757713, 0.23199473323994135, 0.26719680734040246], [0.27149300430654333, 0.3019321627189223, 0.18696600132522154, 0.239608831649313], [0.2731890671338188, 0.2459406577952844, 0.1745241901495066, 0.3063460849213903], [0.27474676847210083, 0.30248004908984955, 0.17977597282947896, 0.24299720960857057], [0.2868054219066591, 0.24581936244062458, 0.20774037924331828, 0.259634836409398], [0.22261994448591746, 0.3080465258160343, 0.19120898094363153, 0.27812454875441683], [0.20670228034770954, 0.33601241873269344, 0.19907447888192664, 0.25821082203767043], [0.2112809644219104, 0.3247355575988334, 0.18140732636804346, 0.2825761516112129], [0.19991502687316015, 0.3617138941034402, 0.20148527703690164, 0.23688580198649814], [0.19274954939193442, 0.3809418637025257, 0.15677933143394204, 0.26952925547159795], [0.2612634890266131, 0.311469000968123, 0.1853642838225454, 0.24190322618271853], [0.268792996629322, 0.27962357494557005, 0.20040760024909965, 0.2511758281760086], [0.1771818389296181, 0.37350289986450114, 0.17602395255829284, 0.27329130864758805], [0.25824112326676246, 0.29314800670291286, 0.14766176430692896, 0.30094910572339584], [0.2434132567336379, 0.29254138038433875, 0.21603339441386787, 0.2480119684681558], [0.24918095868987084, 0.3607434422801298, 0.13732698819139122, 0.25274861083860817], [0.287866910157224, 0.2986895025264392, 0.17299433080402607, 0.24044925651231075], [0.2885772772819532, 0.27994950449117584, 0.1428308491803308, 0.2886423690465403], [0.22607005945358832, 0.27110120153505723, 0.16535965587289436, 0.33746908313846014], [0.2771169847403587, 0.24761440033511145, 0.1581381946621244, 0.31713042026240573], [0.23367746165011657, 0.3326162819424407, 0.20070141178823517, 0.23300484461920776], [0.24322686802663349, 0.33796009385498915, 0.17191899123922025, 0.2468940468791571], [0.28665746543831794, 0.2765360249058433, 0.20097724566808364, 0.23582926398775544], [0.22664714317012835, 0.3423846031855279, 0.19075697774300443, 0.24021127590133967], [0.2547099432569975, 0.26293950900946766, 0.18810837944905023, 0.2942421682844848], [0.2399398507162746, 0.2784680418168154, 0.2338545211971312, 0.24773758626977893], [0.20872648093731988, 0.345150225843068, 0.18574679496163335, 0.26037649825797904], [0.19008845543375066, 0.28293181515433136, 0.18154175940856926, 0.34543797000334875], [0.25487922595812373, 0.27744000076021796, 0.18776316641147017, 0.27991760687018824], [0.25246646866010847, 0.33695052017634836, 0.17327093824172443, 0.23731207292181888], [0.24721341523018223, 0.3187370128426738, 0.13274043546209016, 0.30130913646505403], [0.17961441041681264, 0.38651645509854937, 0.18699306112066147, 0.24687607336397654], [0.2630370679935938, 0.31686973968445004, 0.21134527248375964, 0.20874791983819674], [0.21475742946511642, 0.3003019375489286, 0.2588777437478944, 0.22606288923806064], [0.2384360119637035, 0.27598379800298906, 0.1788735580753014, 0.306706631958006], [0.2300795636829177, 0.3050566544841947, 0.2197195121953856, 0.2451442696375021], [0.29253980569778304, 0.2599344591638853, 0.22688545229182655, 0.2206402828465053], [0.1868284179345351, 0.3639363917269289, 0.19068111805951904, 0.2585540722790171], [0.28074947399127664, 0.2685068081420215, 0.19180475650975615, 0.2589389613569459], [0.22262902411700622, 0.27749768601894004, 0.12521040352354623, 0.37466288634050754], [0.24878190196894512, 0.2684037084141561, 0.19767144981374274, 0.2851429398031561], [0.21512058319939645, 0.30919213286880437, 0.21676658630298115, 0.2589206976288181], [0.21597032623843904, 0.2404070993326237, 0.21158581048928127, 0.3320367639396561], [0.2134965239342623, 0.36149523729702243, 0.1915060716225389, 0.23350216714617664], [0.25639597247554463, 0.2903342123349652, 0.15178147370997652, 0.30148834147951387], [0.22534863417059356, 0.28754143243469243, 0.21063909038892828, 0.27647084300578556], [0.23426574309838247, 0.3257360652424935, 0.15995367894114584, 0.28004451271797803], [0.24774882741985496, 0.3016125308005073, 0.2170519957695417, 0.23358664601009604], [0.2738196549888973, 0.2408477702700457, 0.17649170643200765, 0.30884086830904944], [0.2304612062221186, 0.3136002082460717, 0.16391865445558917, 0.29201993107622076], [0.2512437539899043, 0.25803534991088684, 0.19334166833291785, 0.2973792277662912], [0.2780788713444374, 0.3322114927263627, 0.15408182114450641, 0.2356278147846937], [0.2834718169546805, 0.24270405551224492, 0.19174289393600533, 0.2820812335970694], [0.1913737777820323, 0.3669660877054064, 0.18633988437467572, 0.2553202501378859], [0.24703548348472298, 0.2659813590184064, 0.17363626698171888, 0.31334689051515174], [0.19021049673749765, 0.30604260978953773, 0.20867885805997308, 0.29506803541299165], [0.24697428299540827, 0.3028242326828234, 0.183629510226593, 0.2665719740951755], [0.261065804899325, 0.2565722844024066, 0.19409670285442449, 0.2882652078438439], [0.22393944375003144, 0.2852305623289142, 0.13936602577270032, 0.35146396814835434], [0.2548510487077186, 0.3223058857975438, 0.214850054523687, 0.20799301097105058], [0.2721701917756441, 0.2471391479572999, 0.18941643408422468, 0.29127422618283133], [0.22370462217065626, 0.309686279460558, 0.2301807068495937, 0.23642839151919223], [0.25579303694063, 0.27939287454284184, 0.13160439180050595, 0.3332096967160223], [0.23085787267389069, 0.34051760857241803, 0.13592120915025588, 0.29270330960343555], [0.2571797718151773, 0.2563731452895259, 0.21267194519443935, 0.2737751377008576], [0.21728290240025364, 0.31090585227191964, 0.1853778448796081, 0.28643340044821863], [0.2426690653888953, 0.25158541301683174, 0.19270011072392093, 0.3130454108703522], [0.25867432129448104, 0.22673520196824548, 0.24071359534815762, 0.2738768813891159], [0.21934156889318998, 0.3113177580617441, 0.2367365586680911, 0.23260411437697523], [0.22938085296553712, 0.34184094077381133, 0.22310767946409144, 0.20567052679656023], [0.21219704111488877, 0.2769592623304186, 0.24936741049212313, 0.26147628606256984], [0.3095803760832452, 0.2575443253617849, 0.1716748870566645, 0.2612004114983056], [0.20534835133121745, 0.3119639578935937, 0.23296246598434922, 0.24972522479083975], [0.25650058787617785, 0.25607771546577135, 0.18159240681149108, 0.30582928984655977], [0.20468563036105153, 0.2726160714380649, 0.275836456985548, 0.246861841215336], [0.31501722154518597, 0.24709273478728402, 0.23424608133572644, 0.20364396233180362], [0.22048085029331357, 0.2852987485089551, 0.2598906957254534, 0.234329705472278], [0.27544513209913624, 0.24527512150540898, 0.19554323803330673, 0.28373650836214825], [0.2505053252577858, 0.3041419437858299, 0.1443581864663588, 0.3009945444900255], [0.26763621953428407, 0.25215138580212, 0.2012680625878547, 0.27894433207574126], [0.2478200687576889, 0.40028491599772686, 0.1445643154074162, 0.20733069983716804], [0.28146378270446964, 0.28972320990731026, 0.1586064311598668, 0.2702065762283533], [0.2439661742062381, 0.29745370758556733, 0.18740022597705014, 0.27117989223114447], [0.2933246819833814, 0.25857701625200596, 0.14395040830408085, 0.30414789346053184], [0.22854767847092894, 0.2704869919405041, 0.23845975426752528, 0.2625055753210419]]}, "rewritten": {"ids": ["97106770", "97109080", "97109570", "97111790", "97112170", "97112290", "97114170", "97116410", "98106680", "98107010", "98107410", "98108410", "98109090", "98110230", "98111670", "98116500", "98121790", "99107640", "99107950", "99108010", "99109780", "99109860", "99111340", "99117630", "99119830", "100108080", "100108520", "100109360", "100109890", "100111620", "100113210", "100116500", "101108290", "101108500", "102110050", "102110750", "102110850", "102112170", "102112250", "102112301", "102113210", "103109641", "103111540", "103112470", "103113260", "103120290", "104109311", "104110960", "104111380", "104113170", "104113190", "104114240", "104118070", "105112100", "105113260", "105114220", "105115250", "105118171", "105120280", "106113190", "106113260", "106114011", "106118161", "106118520", "106119580", "106121190", "107113130", "107113550", "107113840", "107114950", "107120130", "107121540", "107121700", "108113620", "108113700", "108113760", "108114360", "108115250", "108115970", "108116481", "108118630", "108118810", "108119510", "108121160", "109113281", "109113881", "109115070", "109115380", "109116040", "109116441", "109118701", "109118820", "109119450", "109119460", "109121640", "110113931", "110114720", "110114920", "110115980", "110116501", "110117110", "110118701", "110119030", "110120540", "110120560", "110121140", "111115770", "111115910", "111119610", "111121930", "112116990", "112117030", "112117210", "112117431", "112117580", "112117790", "112118471", "112118701", "112118820", "112118890", "112119450", "112119580", "112119980", "112120630", "112120700", "112121430", "113117401", "113117630", "113118690", "113118820", "113119320", "113119950", "113120531", "113120780", "113121190", "113121220", "113121410", "113121750", "113121980", "113122190", "113122230", "113122650"], "labels": [3, 2, 0, 2, 0, 1, 2, 3, 1, 3, 3, 1, 1, 3, 1, 2, 2, 1, 1, 2, 2, 2, 1, 3, 1, 0, 2, 0, 3, 3, 0, 2, 0, 3, 3, 1, 3, 3, 0, 1, 3, 1, 1, 1, 3, 2, 3, 2, 3, 3, 3, 0, 2, 1, 3, 3, 2, 3, 3, 0, 3, 1, 3, 2, 3, 2, 1, 0, 3, 3, 2, 2, 3, 3, 0, 1, 1, 1, 2, 0, 1, 1, 1, 2, 0, 0, 0, 3, 0, 3, 3, 3, 3, 1, 0, 1, 3, 3, 1, 3, 0, 3, 0, 1, 0, 3, 3, 2, 2, 1, 0, 2, 1, 0, 0, 3, 1, 0, 0, 3, 3, 3, 0, 3, 2, 2, 3, 0, 3, 0, 1, 0, 0, 0, 1, 3, 0, 0, 2, 1, 1, 2], "predicted_labels": [3, 3, 1, 3, 1, 1, 3, 1, 1, 3, 0, 1, 1, 0, 1, 3, 1, 1, 1, 1, 1, 1, 1, 0, 1, 1, 3, 0, 3, 1, 3, 1, 1, 1, 3, 1, 1, 0, 0, 1, 1, 1, 3, 1, 1, 3, 1, 1, 0, 1, 1, 1, 1, 3, 1, 1, 0, 1, 1, 1, 0, 1, 1, 3, 1, 3, 1, 0, 3, 0, 1, 1, 0, 3, 0, 1, 1, 3, 0, 0, 1, 1, 1, 1, 3, 1, 1, 1, 3, 1, 3, 1, 3, 3, 3, 3, 1, 1, 1, 3, 1, 1, 0, 1, 3, 1, 1, 0, 1, 3, 0, 3, 1, 1, 1, 3, 1, 1, 1, 0, 3, 1, 3, 1, 1, 1, 3, 3, 0, 3, 1, 1, 1, 0, 3, 3, 3, 1, 3, 3, 1, 3], "confidence_scores": [[0.2494989432130094, 0.26904093365217513, 0.20723618604932703, 0.2742239370854886], [0.22147530448395242, 0.2859860715669276, 0.17932139059243515, 0.313217233356685], [0.25699776910093936, 0.2948196457283692, 0.18493701195002327, 0.2632455732206682], [0.267459840822214, 0.25111443357474456, 0.19187735503729228, 0.2895483705657492], [0.2625893800754259, 0.3244285820766051, 0.16057882996688513, 0.2524032078810839], [0.2683985855239008, 0.29696149131605354, 0.177613904002502, 0.2570260191575438], [0.20233740954223098, 0.286805042039931, 0.18725128415880757, 0.32360626425903033], [0.2455014099912525, 0.27363508323844316, 0.2527123025954555, 0.2281512041748488], [0.23532855308262993, 0.3107832861273949, 0.2199076429765157, 0.23398051781345935], [0.2342778746415705, 0.2867472109268925, 0.1868899983910068, 0.2920849160405303], [0.2882853523228133, 0.24550171237786486, 0.2041919110648536, 0.2620210242344685], [0.25644541608502874, 0.32101291354364103, 0.15343250368820635, 0.26910916668312385], [0.2402535581911326, 0.34079927009026256, 0.1618962731615671, 0.2570508985570377], [0.29831243765842325, 0.29258103288777054, 0.17587506793170732, 0.2332314615220991], [0.26186364206028523, 0.3119152503385366, 0.20234105672025232, 0.22388005088092597], [0.25036400363362593, 0.2634064952132652, 0.1844400833681705, 0.3017894177849384], [0.23049530339272412, 0.3319029279879587, 0.19882017197037208, 0.23878159664894533], [0.19471192428067166, 0.28960928217779763, 0.23765989382973804, 0.2780188997117929], [0.21365806981475394, 0.29241288050140307, 0.2569186615376464, 0.23701038814619654], [0.23533539198107153, 0.28213683041368876, 0.2267115765816186, 0.25581620102362124], [0.25451911776747765, 0.30889342788332136, 0.17712855583243683, 0.2594588985167643], [0.23051061982793175, 0.28541970263947897, 0.20271726202558704, 0.28135241550700224], [0.2237947271566697, 0.26643673406095036, 0.2446414842403887, 0.2651270545419913], [0.31160955704202437, 0.25850550146543366, 0.17429132478460782, 0.25559361670793423], [0.18755174608540337, 0.3488400746252922, 0.19347286896405325, 0.27013531032525134], [0.2166063898986489, 0.3026104586733816, 0.1999433429708949, 0.2808398084570746], [0.2582227142547162, 0.25834158750484554, 0.17706756426191186, 0.30636813397852647], [0.27284878684962505, 0.2404521287508863, 0.2364248830404488, 0.25027420135904005], [0.2614054522515441, 0.2603787541060124, 0.18383835084072017, 0.2943774428017234], [0.2246524164615281, 0.27009967350966585, 0.24622999633070164, 0.25901791369810456], [0.2583295967765738, 0.28229807987420424, 0.15231737930218722, 0.30705494404703465], [0.2707265630652113, 0.2711575913986293, 0.19763847150674116, 0.26047737402941845], [0.22344009386112584, 0.2909645987086004, 0.21383764706989392, 0.27175766036037996], [0.2316236601168223, 0.30499765303072673, 0.22165897378106536, 0.2417197130713857], [0.2648977394191615, 0.2608698660294832, 0.1949267623805541, 0.27930563217080145], [0.23801260404855407, 0.3722774625953666, 0.20387803754719705, 0.18583189580888235], [0.21320347874745862, 0.2830960417236699, 0.24638625293437041, 0.25731422659450137], [0.30955040044810206, 0.23616435006454398, 0.20603061996356445, 0.2482546295237895], [0.28345571112444146, 0.23322000944978744, 0.21800844993520177, 0.2653158294905695], [0.23870948753156576, 0.32826584911743056, 0.18262914063860142, 0.2503955227124022], [0.24473959135154855, 0.2777675655467817, 0.2008400351061068, 0.276652807995563], [0.22920372331304328, 0.348173271857377, 0.15882196622344347, 0.2638010386061362], [0.2651812497943053, 0.24781870860048116, 0.2068394155702631, 0.28016062603495046], [0.24459512855480284, 0.35036993647985953, 0.1852784877962318, 0.21975644716910583], [0.25412859817772254, 0.3294825818229487, 0.1961144797712638, 0.2202743402280649], [0.2559122024656816, 0.2642122514131377, 0.2115292971277861, 0.26834624899339493], [0.2955712936791957, 0.3041817223718403, 0.11261769830266996, 0.2876292856462942], [0.25652027230380764, 0.2870537560497006, 0.1839421148203709, 0.27248385682612086], [0.2938619482726454, 0.2640706864891887, 0.18535757384523308, 0.2567097913929331], [0.23092269883638905, 0.36760313623254715, 0.15577927140408054, 0.2456948935269832], [0.24959737714300181, 0.300314640009718, 0.15809823281259708, 0.2919897500346832], [0.2574406986331749, 0.2939753154565758, 0.1874174964937562, 0.2611664894164933], [0.20964052653199444, 0.29416040895086676, 0.2593783188912224, 0.2368207456259165], [0.20538395204132026, 0.28252225684719146, 0.15797016891080143, 0.35412362220068694], [0.26576103892994163, 0.2879670586700568, 0.17061007765607028, 0.2756618247439314], [0.28062609372113945, 0.28894982858693524, 0.1590425229988071, 0.27138155469311837], [0.29150953286572556, 0.26564863591607646, 0.19845866597521866, 0.24438316524297948], [0.24181376910069904, 0.3094749460091931, 0.17607144959945983, 0.272639835290648], [0.22833487980646672, 0.30442374494629115, 0.22581274538277094, 0.2414286298644713], [0.26050240454634477, 0.3009424468769238, 0.1550911034739501, 0.2834640451027814], [0.28226551986231707, 0.26496746906069146, 0.20908828176475017, 0.24367872931224138], [0.2597321727187463, 0.35188283196742226, 0.15884611591300982, 0.22953887940082168], [0.2786779428795466, 0.29956847078670196, 0.20594705804661864, 0.21580652828713284], [0.2849856954117529, 0.2829933831431328, 0.139339777227214, 0.29268114421790026], [0.24494010794825527, 0.3344591575583599, 0.16239053170862477, 0.25821020278475987], [0.19425921375464944, 0.28975551680208456, 0.22536293596775794, 0.29062233347550814], [0.22135100475033023, 0.3199397097453636, 0.2377348542880806, 0.22097443121622568], [0.2744672403925238, 0.21798215973392704, 0.24271769049753303, 0.2648329093760163], [0.22084555555368757, 0.27620687088585905, 0.20892375754207138, 0.2940238160183823], [0.2863958555340512, 0.2602912278305184, 0.19150251498940105, 0.2618104016460293], [0.2038762441596468, 0.29523508854795216, 0.2685912711505178, 0.23229739614188338], [0.20705031815116906, 0.3335467989837144, 0.17691363707364785, 0.282489245791469], [0.2769500273580983, 0.24307313836027902, 0.21531401804450748, 0.2646628162371153], [0.2394938136858465, 0.27813281743957374, 0.1796762900154202, 0.30269707885915953], [0.31862118176710313, 0.26994239091989636, 0.18157593002377678, 0.22986049728922375], [0.23445122013232356, 0.2819160588606277, 0.20400701947797503, 0.27962570152907384], [0.2104941089447001, 0.3178791504882468, 0.25239204062260234, 0.21923469994445088], [0.23051367834459305, 0.2703580212261328, 0.19744872936994795, 0.3016795710593263], [0.3178303702578872, 0.2594834271392717, 0.1982697563927805, 0.2244164462100609], [0.3392792756301256, 0.2540921404552146, 0.1440158848163611, 0.2626126990982989], [0.25016355984581196, 0.3170860369887011, 0.17321501165936337, 0.2595353915061235], [0.266700323711401, 0.27990675856710046, 0.17509951428615478, 0.2782934034353438], [0.2385790422323034, 0.2929863802933219, 0.2493755129698955, 0.21905906450447957], [0.24387334381369438, 0.31101227958282723, 0.19102343344352465, 0.25409094315995373], [0.29025047665954623, 0.24200363230714772, 0.140688171199431, 0.3270577198338752], [0.2554551699093819, 0.2866679590984093, 0.20618140784635447, 0.2516954631458546], [0.27312736330166487, 0.33967315147624844, 0.19702063553859003, 0.19017884968349652], [0.22293115127815033, 0.325705311181042, 0.2162999762962787, 0.23506356124452904], [0.22348073053560735, 0.26072066978913067, 0.2169256072234554, 0.2988729924518067], [0.25552709930993733, 0.3025955717957738, 0.1645657462065089, 0.2773115826877801], [0.2566226332142946, 0.2707490131849661, 0.19838951344622505, 0.2742388401545142], [0.22796403091671968, 0.29645348261781096, 0.22882897836453972, 0.24675350810092975], [0.16214057376213023, 0.28710095755399256, 0.21974493511473903, 0.3310135335691383], [0.2349236157706069, 0.2900860168870436, 0.16650947962614226, 0.30848088771620746], [0.2114275926016131, 0.2611753602191337, 0.191247495080617, 0.33614955209863623], [0.26504110591080754, 0.29192420807504216, 0.1483669721915347, 0.29466771382261575], [0.2250766434405662, 0.2844750401422446, 0.23242652613389317, 0.2580217902832961], [0.23423994732775932, 0.34096457161251403, 0.1684030222768601, 0.2563924587828667], [0.24885573744319509, 0.3060658813963499, 0.1838362043467333, 0.26124217681372186], [0.2677175083774802, 0.28098593978150743, 0.15473276718219933, 0.29656378465881317], [0.16333945883386494, 0.34067128026974314, 0.20388748681307545, 0.29210177408331667], [0.2172280724619269, 0.3230409951635337, 0.2183243439210538, 0.2414065884534855], [0.32979745218722006, 0.2933185356834219, 0.1805620774765249, 0.1963219346528333], [0.20995643519297968, 0.3669090998586477, 0.1924383954557035, 0.23069606949266902], [0.24426185311977353, 0.2645000793788439, 0.21921659431414503, 0.2720214731872377], [0.2287304974662817, 0.3083760554683883, 0.18870340321050413, 0.27419004385482604], [0.21580523382532937, 0.3735095751198353, 0.1620741059586951, 0.24861108509614038], [0.2983146284262245, 0.24698903707686162, 0.22983495577198898, 0.22486137872492493], [0.22220566698895225, 0.3143761792645265, 0.2315274409648321, 0.23189071278168918], [0.2849281188099757, 0.25367108517268094, 0.17539582167406514, 0.28600497434327854], [0.34879625620254795, 0.24728239515466088, 0.16779656393806192, 0.23612478470472922], [0.20565830922340947, 0.29008435783644926, 0.19071355286356836, 0.3135437800765731], [0.20643007005100988, 0.3256597132150138, 0.19978873074898051, 0.26812148598499613], [0.23898671093492424, 0.30327458840191646, 0.17368311293144348, 0.28405558773171596], [0.2437614719388386, 0.31849167470528233, 0.1567678537577938, 0.2809789995980853], [0.26819707736518916, 0.2641697519417668, 0.18490831840606214, 0.2827248522869821], [0.2555677221691908, 0.29137792909083327, 0.1750750035023536, 0.27797934523762247], [0.23531247102012415, 0.30386672164733247, 0.19837437672794528, 0.2624464306045984], [0.28329348335821636, 0.2904538161989553, 0.15701656389085483, 0.26923613655197354], [0.2942659435892322, 0.28144969544132736, 0.16559866405794088, 0.2586856969114996], [0.2267396954065762, 0.28283275742773095, 0.15489834192571295, 0.33552920523998003], [0.22797549069328493, 0.31821558912563735, 0.1783414383057719, 0.27546748187530595], [0.23516063471082352, 0.2676614109280744, 0.16561560448318768, 0.3315623498779145], [0.27413133031240405, 0.2943799799892721, 0.16108027783498843, 0.27040841186333553], [0.27515032610907064, 0.3058990453180204, 0.17858321355541903, 0.24036741501748995], [0.2659020033376463, 0.2908012283999921, 0.17061609391548896, 0.27268067434687276], [0.2184840846065384, 0.2801174095548338, 0.19993910740297466, 0.3014593984356532], [0.2456594811836494, 0.2782480265926246, 0.19601973014720858, 0.2800727620765176], [0.28065089850272157, 0.2701014659361312, 0.19467638902604523, 0.25457124653510194], [0.2767285157125707, 0.28106731710827987, 0.15989279663413253, 0.28231137054501704], [0.2742825868717739, 0.31659612852484437, 0.16299189736930841, 0.2461293872340733], [0.24075028049772856, 0.2876703989385727, 0.18733175638979488, 0.28424756417390395], [0.24469975587433154, 0.29014363173140617, 0.2007335197634571, 0.264423092630805], [0.2791980144707956, 0.27413229248245846, 0.18472247798699876, 0.2619472150597473], [0.26717580598487556, 0.27045071576829893, 0.17782820129284108, 0.2845452769539846], [0.25240439414705834, 0.2557222242216462, 0.136379777810126, 0.3554936038211695], [0.2884198477452536, 0.2504372164247642, 0.16257770728732632, 0.29856522854265616], [0.23985167513747999, 0.3268021818408311, 0.14217473621440674, 0.2911714068072823], [0.2275779249572847, 0.25171602956247274, 0.18223260457183574, 0.33847344090840686], [0.24793180502887918, 0.23938122175389975, 0.2400826283152209, 0.2726043449020003], [0.22660757577445964, 0.31614241569556784, 0.21559774918813437, 0.24165225934183848], [0.20020351570445752, 0.28883267904937004, 0.22154650663766268, 0.28941729860851007]]}}