{"test": {"ids": ["107121540", "106116120", "98107340", "113122190", "109120560", "105115900", "108120700", "104110960", "105112240", "111117200", "108117451", "107117630", "97109570", "102117351", "99111340", "107118820", "104113210", "113122160", "110120540", "99108310", "104111531", "111114321", "108120280", "101112690", "109118820", "113118630", "109117730", "100120780", "105119550", "109113591", "106113830", "104114740", "106115120", "106119260", "110117200", "97112170", "108115570", "97118210", "105112260", "103111110", "111120320", "100108990", "99109311", "100109000", "108114220", "105113260", "113122150", "99113260", "109118701", "98111860", "104114240", "105113190", "101110200", "109114651", "101108580", "99109141", "105116650", "99109161", "99121440", "106114280", "107113130", "98116090", "99105921", "101108121", "110118121", "104119290", "97107821", "111119290", "105117200", "102112301", "111118910", "106116820", "111116640", "112117790", "98106560", "97114170", "102110850", "102112170", "106117790", "100115700", "107121230", "105121190", "112120540", "102109850", "104109311", "98111670", "103120780", "102121440", "102113350", "111119340", "111120531", "104111990", "108116120", "109117271", "103118110", "98110680", "110118161", "107120010", "111121351", "111114121", "113121220", "99110730", "107113180", "111115910", "98108970", "110118301", "98106880", "112117780", "99109910", "111118810", "106116441", "99107630", "110118930", "103113260", "98108410", "111120220", "109120150", "103109021", "113121680", "107113360", "109116810", "111115780", "108118630", "112118511", "110121500", "97106770", "110119030", "113118511", "110116170", "107118490", "100108260", "103110100", "102113210", "101116130", "109119340", "113119930", "99108010", "102113981", "109119591", "111119250", "101117580", "113118231"], "labels": [2, 1, 0, 1, 1, 3, 2, 2, 1, 0, 2, 0, 0, 1, 1, 3, 3, 3, 1, 2, 0, 1, 3, 1, 3, 3, 3, 1, 1, 3, 1, 2, 1, 1, 3, 0, 3, 2, 3, 3, 1, 2, 1, 1, 3, 3, 2, 0, 3, 0, 0, 3, 2, 3, 0, 3, 1, 3, 2, 3, 1, 0, 1, 0, 3, 1, 2, 3, 3, 1, 0, 1, 0, 3, 1, 2, 3, 3, 1, 1, 0, 2, 3, 1, 3, 1, 1, 2, 3, 3, 0, 2, 1, 0, 2, 2, 0, 1, 0, 0, 3, 3, 3, 2, 3, 1, 0, 0, 2, 0, 0, 2, 1, 3, 1, 3, 2, 0, 1, 0, 3, 1, 1, 1, 3, 3, 0, 1, 0, 2, 3, 1, 3, 2, 3, 1, 2, 1, 0, 1, 3, 3], "predicted_labels": [1, 3, 2, 3, 3, 1, 3, 1, 1, 1, 0, 1, 3, 0, 1, 3, 1, 1, 1, 1, 0, 1, 3, 3, 3, 1, 1, 1, 1, 3, 3, 0, 0, 2, 1, 1, 1, 0, 3, 0, 3, 1, 0, 3, 1, 3, 3, 2, 1, 1, 0, 0, 1, 2, 0, 0, 3, 1, 1, 3, 1, 1, 1, 0, 1, 1, 1, 2, 3, 1, 3, 1, 0, 3, 0, 3, 1, 3, 1, 3, 3, 3, 2, 1, 3, 2, 0, 3, 2, 3, 3, 2, 1, 0, 3, 0, 1, 1, 3, 1, 3, 1, 1, 0, 1, 1, 1, 1, 1, 3, 1, 3, 3, 3, 0, 1, 2, 1, 3, 0, 3, 1, 3, 2, 1, 0, 3, 0, 0, 2, 3, 3, 3, 3, 0, 3, 1, 3, 1, 1, 1, 2], "confidence_scores": [[0.24202593593913221, 0.3528700825779528, 0.17529408265698465, 0.2298098988259303], [0.2058259383323042, 0.29372102828466684, 0.14187081938891213, 0.358582213994117], [0.15471359357906808, 0.20680797995955968, 0.3670329273696773, 0.2714454990916951], [0.23314824673520756, 0.29374555861832946, 0.17774697547342497, 0.29535921917303787], [0.23001501990672238, 0.2417458096813858, 0.18110345061118807, 0.34713571980070385], [0.23946748200692666, 0.2740518670275028, 0.21530734030207413, 0.2711733106634966], [0.21629116509122295, 0.2856611234673867, 0.12129731520307395, 0.3767503962383164], [0.2541146224939929, 0.3890747946623972, 0.1501782264612191, 0.206632356382391], [0.2501386751190998, 0.4003200642191674, 0.10978295554067795, 0.23975830512105495], [0.1584033716637286, 0.4236030289325746, 0.12778371143791967, 0.29020988796577707], [0.37732218868243284, 0.2745508706024777, 0.1569908224728804, 0.19113611824220933], [0.18732099797417748, 0.28655607927931676, 0.24589910191505823, 0.2802238208314475], [0.2575006428097244, 0.2052802945519532, 0.22488249177692649, 0.3123365708613959], [0.3609567862243115, 0.21486095631743057, 0.08936562410672506, 0.33481663335153294], [0.25897454513566165, 0.2670428597795726, 0.23815538871570405, 0.23582720636906165], [0.26676463931934696, 0.24741201959731093, 0.147568728909976, 0.33825461217336616], [0.19962519281688693, 0.2806062037628779, 0.24961725051161307, 0.27015135290862213], [0.212992933043628, 0.3230322372278886, 0.20060661496904678, 0.2633682147594367], [0.23608099726751758, 0.2885275769067558, 0.2491970196049541, 0.22619440622077264], [0.27168949517656316, 0.2907237907707816, 0.17546662477956168, 0.2621200892730936], [0.548571151047249, 0.17066698748412887, 0.1433711607939081, 0.1373907006747141], [0.21282178037748112, 0.3631596193478832, 0.18665383595354174, 0.23736476432109416], [0.30512049106353123, 0.1954300230645991, 0.11893718338291308, 0.3805123024889565], [0.19594481117917928, 0.19087923187478595, 0.14845871664724053, 0.46471724029879435], [0.21414945328942306, 0.2870492994454726, 0.20917140832262351, 0.28962983894248084], [0.17587314457021694, 0.33337683231780946, 0.15866419184873404, 0.33208583126323976], [0.2568428634190853, 0.27471954263473974, 0.24115559668762018, 0.22728199725855489], [0.1926296630601963, 0.3261119648297266, 0.20227619177452938, 0.27898218033554767], [0.24547772928021905, 0.4325682111616253, 0.11989846729635821, 0.2020555922617975], [0.2480407546213303, 0.3083145592633433, 0.10920093038444954, 0.33444375573087687], [0.19680438030629213, 0.2578614135928321, 0.24109530512423286, 0.3042389009766431], [0.3513780705569294, 0.24284967379928715, 0.17323284894745825, 0.2325394066963251], [0.4566250423947607, 0.20659594030677658, 0.1003000168198524, 0.2364790004786103], [0.24673964767979562, 0.20966827400297489, 0.2769827395730151, 0.26660933874421444], [0.21739995321618227, 0.33562813469554326, 0.20348485193698362, 0.24348706015129085], [0.12034628311740714, 0.5920612619144748, 0.12978434638133313, 0.157808108586785], [0.27804057207410726, 0.3301603886264775, 0.17893179488218217, 0.21286724441723312], [0.5064114444542619, 0.1554443374125629, 0.18365835549418227, 0.15448586263899292], [0.22176953850472736, 0.25196130326460875, 0.13504823677321995, 0.39122092145744386], [0.3227315948866178, 0.30532303695478485, 0.16165294342043815, 0.21029242473815934], [0.1631616237926971, 0.2621344187207094, 0.17747654253914324, 0.39722741494745006], [0.171288225223924, 0.37615597790546973, 0.1840957807213858, 0.26846001614922044], [0.3189587362380978, 0.1874793827676013, 0.2924295497661376, 0.20113233122816332], [0.23839933809285432, 0.22266355247305702, 0.22056701371888288, 0.3183700957152059], [0.22563525579257418, 0.3543630956591369, 0.13915493467167014, 0.28084671387661914], [0.21936351144680874, 0.1891039575191846, 0.11536701411577593, 0.4761655169182307], [0.2926400029951095, 0.20048464686971962, 0.2035323484839051, 0.3033430016512658], [0.1496001993535048, 0.23493374881732357, 0.34228540885688785, 0.27318064297228384], [0.24106576065293, 0.31167251899613624, 0.1997098860867545, 0.2475518342641793], [0.21301609022868734, 0.34869676118082554, 0.2398515850139022, 0.19843556357658487], [0.3285559190809797, 0.3141213675796536, 0.14552251589924975, 0.21180019744011702], [0.33976307328963723, 0.22344723221926463, 0.14736464574602545, 0.28942504874507274], [0.21039204712988394, 0.41676636340638956, 0.14256858796325125, 0.23027300150047514], [0.2895211949750848, 0.20651168048076132, 0.2916568837271269, 0.212310240817027], [0.39199520743320587, 0.1945975704348643, 0.1797327514737859, 0.2336744706581439], [0.37800807349700694, 0.2984666540438189, 0.09515901964465188, 0.22836625281452239], [0.21862945749192822, 0.24596045758336957, 0.2435635656899619, 0.2918465192347404], [0.2542440718475241, 0.3023416473223002, 0.25316844838025226, 0.19024583244992355], [0.15596126621122292, 0.40408772016195627, 0.11829964596143991, 0.321651367665381], [0.2523522715322895, 0.251563310692484, 0.19981033233211182, 0.2962740854431146], [0.21711819932158247, 0.3333616794147996, 0.1989018632030087, 0.25061825806060917], [0.3336688602565153, 0.4256079829166387, 0.1023746799449199, 0.13834847688192603], [0.2327922232216619, 0.31767873521085593, 0.17597867797692074, 0.27355036359056134], [0.3021075825940749, 0.20869403339947232, 0.21934907024885172, 0.26984931375760113], [0.21666119478478385, 0.44366866773016733, 0.11375726217875676, 0.225912875306292], [0.21686357154451788, 0.2822047311913356, 0.2610178081596735, 0.23991388910447303], [0.2123788079713739, 0.31699674680522105, 0.18249204203245986, 0.2881324031909453], [0.1854832297683249, 0.2188089250137406, 0.34557117523983133, 0.25013666997810313], [0.24448021536043776, 0.24558543360571153, 0.15204983412689144, 0.35788451690695944], [0.23580320621521877, 0.3390343903851997, 0.16804463152744975, 0.25711777187213175], [0.21550540120510372, 0.2833709428167902, 0.15579808694086436, 0.34532556903724154], [0.2593194137589034, 0.32422558771132987, 0.17787615473356483, 0.23857884379620206], [0.30599404930582946, 0.2823200090242203, 0.18554804306497147, 0.22613789860497907], [0.2977538267673381, 0.19279805767353356, 0.2095690749477103, 0.2998790406114181], [0.37351860044414953, 0.26356664367809113, 0.14419398481753684, 0.21872077106022267], [0.23675283590386237, 0.22081903453811932, 0.16440847166237288, 0.37801965789564557], [0.18365128027819244, 0.3301409240281934, 0.2937456429186837, 0.19246215277493042], [0.251204251822002, 0.16082014031037742, 0.0809227762466234, 0.5070528316209971], [0.2936647468364836, 0.31870831912970055, 0.19216495899356467, 0.19546197504025145], [0.24020646811519228, 0.19513590857003774, 0.1994953421683972, 0.3651622811463729], [0.16159158411984764, 0.2780336748217755, 0.18513827490772536, 0.37523646615065165], [0.20957807680416116, 0.2913388086313161, 0.18583882641951566, 0.3132442881450071], [0.20952270452774516, 0.2200955113965953, 0.3690545074098349, 0.20132727666582464], [0.23703459755281894, 0.367786036249789, 0.20693909128923346, 0.18824027490815867], [0.2617672054678324, 0.1675018557986743, 0.24608479689364604, 0.3246461418398474], [0.20959307239080047, 0.23075155462157312, 0.3576326058474804, 0.20202276714014608], [0.4255234367694738, 0.2862993312755402, 0.0974555511068578, 0.19072168084812818], [0.2222045705731165, 0.24249889160814989, 0.1735026638915159, 0.3617938739272178], [0.15305032423374104, 0.24584598961442017, 0.34864935650177775, 0.2524543296500611], [0.19674565069579522, 0.2694970307578729, 0.2626738534425674, 0.2710834651037646], [0.20960620193545276, 0.23747404210376374, 0.2302901300523419, 0.3226296259084415], [0.17114424895700892, 0.30013250586212253, 0.36613365503671536, 0.1625895901441533], [0.30593970137821075, 0.3116218868530188, 0.16020278539213137, 0.22223562637663918], [0.49302445981742976, 0.11642848867551893, 0.146071384570589, 0.2444756669364625], [0.2038377418622306, 0.25090644472055784, 0.24598993912240263, 0.2992658742948091], [0.2941204668654685, 0.28402608160648846, 0.18057685476744897, 0.24127659676059426], [0.27020566858687256, 0.36154586664905736, 0.1393690364356405, 0.2288794283284297], [0.22422273720976107, 0.31366043837710933, 0.24710596385254768, 0.21501086056058194], [0.23149618149379997, 0.24427174954825764, 0.2328548124583583, 0.29137725649958407], [0.20011883245150258, 0.3301237598746418, 0.17308416550971173, 0.2966732421641441], [0.2706329657454288, 0.2997397373998082, 0.09694043184610555, 0.3326868650086576], [0.18180759234308153, 0.36454937201766197, 0.1772764572999704, 0.2763665783392863], [0.2900393692723973, 0.30447656485156005, 0.1904172231093616, 0.21506684276668112], [0.2846959992203266, 0.2277652193240729, 0.22749510961134015, 0.2600436718442602], [0.16830896992889458, 0.33745283067028203, 0.26935806822924774, 0.22488013117157551], [0.1782616263077351, 0.348552838543735, 0.17689305069992753, 0.29629248444860234], [0.2083066284068712, 0.2909570135839182, 0.284051760118924, 0.2166845978902866], [0.259374673948254, 0.3166256242569406, 0.20825810254147142, 0.2157415992533339], [0.19118240828113295, 0.3938830061165966, 0.1662648723271089, 0.24866971327516146], [0.27199364375268403, 0.2577029998712856, 0.11902787259269529, 0.3512754837833351], [0.25642562478283737, 0.3190703613176255, 0.1765781932860201, 0.247925820613517], [0.24467082434288612, 0.24579826181693804, 0.19687453619186956, 0.3126563776483062], [0.1798320090068522, 0.28103148000818823, 0.24864002442046693, 0.2904964865644926], [0.23491314568083208, 0.1917992541163428, 0.14479855666831645, 0.4284890435345089], [0.4804975004128403, 0.2270299902102477, 0.1793179993905949, 0.11315450998631721], [0.1899030859381086, 0.38310368928945593, 0.23316088813431052, 0.19383233663812507], [0.20929580109432303, 0.2608200698327382, 0.30674514589269086, 0.22313898318024783], [0.1814750630533438, 0.3737198862331894, 0.13364840036121667, 0.31115665035225015], [0.3035655747516199, 0.1745074391143778, 0.09329035497829787, 0.42863663115570444], [0.5709162297219318, 0.2338161283938362, 0.0700325416706646, 0.1252351002135674], [0.15598994731574223, 0.2505124858495131, 0.14058616415376, 0.4529114026809847], [0.28259275206874346, 0.3024587991430368, 0.2094580299968286, 0.20549041879139113], [0.18442629875711194, 0.2908062184550164, 0.17699048114694188, 0.3477770016409298], [0.2525803018320641, 0.24833474581665407, 0.2872630558102486, 0.21182189654103337], [0.2450178188211988, 0.3724532895553435, 0.1239675983303561, 0.2585612932931016], [0.48191053063301686, 0.20589419274332743, 0.1706053865393844, 0.14158989008427145], [0.18557762675059233, 0.2579920453885462, 0.13590689961558516, 0.4205234282452763], [0.48980535323706265, 0.2627995206735326, 0.0980206739331543, 0.14937445215625053], [0.3607092444143606, 0.19412837498035185, 0.193969433936991, 0.2511929466682967], [0.1853540761297598, 0.21916667619129995, 0.43750954345678406, 0.15796970422215617], [0.3313057615709644, 0.20855424665740618, 0.12025673877404575, 0.33988325299758365], [0.18259173192316897, 0.22344852994901357, 0.13636108259378918, 0.4575986555340283], [0.23953724513122032, 0.22076112432721656, 0.15154362223416062, 0.38815800830740244], [0.22601753234319957, 0.2630450944652542, 0.17645686075860556, 0.3344805124329405], [0.4179368408263357, 0.1782040604679494, 0.1373475685088635, 0.26651153019685137], [0.20830237316111283, 0.20972027194857518, 0.1942824010084853, 0.38769495388182684], [0.20848412504145322, 0.302964555987877, 0.2596197087083584, 0.22893161026231149], [0.2385248776005945, 0.27954048794075376, 0.14026598556109368, 0.34166864889755805], [0.18602655130425627, 0.4819924987256071, 0.16150188923969597, 0.17047906073044078], [0.1571589228141713, 0.3511228334728933, 0.14163033239128478, 0.3500879113216506], [0.2785249028760769, 0.2886286063186277, 0.15118426712386468, 0.2816622236814309], [0.21726977936896097, 0.2034354790611266, 0.29881044872854345, 0.28048429284136905]]}, "rewritten": {"ids": ["97106770", "97107821", "97109570", "97112170", "97114170", "97118210", "98106560", "98106880", "98107340", "98108410", "98108970", "98110680", "98111670", "98111860", "98116090", "99105921", "99107630", "99108010", "99108310", "99109141", "99109161", "99109311", "99109910", "99110730", "99111340", "99113260", "99121440", "100108260", "100108990", "100109000", "100115700", "100120780", "101108121", "101108580", "101110200", "101112690", "101116130", "101117580", "102109850", "102110850", "102112170", "102112301", "102113210", "102113350", "102113981", "102117351", "102121440", "103109021", "103110100", "103111110", "103113260", "103118110", "103120780", "104109311", "104110960", "104111531", "104111990", "104113210", "104114240", "104114740", "104119290", "105112240", "105112260", "105113190", "105113260", "105115900", "105116650", "105117200", "105119550", "105121190", "106113830", "106114280", "106115120", "106116120", "106116441", "106116820", "106117790", "106119260", "107113130", "107113180", "107113360", "107117630", "107118490", "107118820", "107120010", "107121230", "107121540", "108114220", "108115570", "108116120", "108117451", "108118630", "108120280", "108120700", "109113591", "109114651", "109116810", "109117271", "109117730", "109118701", "109118820", "109119340", "109119591", "109120150", "109120560", "110116170", "110117200", "110118121", "110118161", "110118301", "110118930", "110119030", "110120540", "110121500", "111114121", "111114321", "111115780", "111115910", "111116640", "111117200", "111118810", "111118910", "111119250", "111119290", "111119340", "111120220", "111120320", "111120531", "111121351", "112117780", "112117790", "112118511", "112120540", "113118231", "113118511", "113118630", "113119930", "113121220", "113121680", "113122150", "113122160", "113122190"], "labels": [3, 2, 0, 0, 2, 2, 1, 0, 0, 1, 3, 2, 1, 0, 0, 1, 2, 2, 2, 3, 3, 1, 2, 3, 1, 0, 2, 3, 2, 1, 1, 1, 0, 0, 2, 1, 2, 3, 1, 3, 3, 1, 3, 3, 1, 1, 2, 0, 1, 3, 3, 2, 1, 3, 2, 0, 2, 3, 0, 2, 1, 1, 3, 3, 3, 3, 1, 3, 1, 2, 1, 3, 1, 1, 0, 1, 1, 1, 1, 3, 0, 0, 2, 3, 1, 0, 2, 3, 3, 1, 2, 1, 3, 2, 3, 3, 3, 0, 3, 3, 3, 3, 0, 2, 1, 0, 3, 3, 0, 1, 1, 0, 1, 3, 0, 1, 1, 2, 0, 0, 0, 0, 1, 3, 3, 3, 1, 0, 0, 0, 3, 1, 3, 3, 1, 3, 1, 3, 1, 2, 3, 1], "predicted_labels": [0, 1, 0, 1, 3, 0, 3, 3, 1, 0, 1, 0, 1, 2, 0, 1, 3, 1, 0, 0, 2, 2, 1, 1, 1, 3, 1, 1, 3, 2, 2, 1, 0, 0, 1, 3, 1, 1, 1, 3, 3, 3, 3, 2, 1, 3, 3, 1, 1, 2, 3, 1, 0, 3, 0, 0, 1, 3, 0, 1, 1, 1, 1, 0, 3, 3, 2, 0, 0, 1, 3, 1, 0, 0, 1, 1, 0, 3, 0, 1, 0, 0, 2, 2, 3, 1, 0, 1, 0, 0, 0, 3, 3, 3, 1, 0, 1, 0, 3, 0, 0, 0, 1, 2, 1, 0, 1, 1, 1, 1, 3, 1, 0, 1, 3, 1, 0, 3, 1, 1, 0, 3, 1, 1, 2, 1, 3, 2, 0, 0, 2, 1, 0, 3, 0, 1, 3, 3, 3, 2, 0, 2], "confidence_scores": [[0.4900330421290462, 0.2104593660092356, 0.12609811809843044, 0.17340947376328777], [0.21793850779582138, 0.3430095047314883, 0.19273991476087807, 0.24631207271181216], [0.42197156570557054, 0.20224453446395152, 0.1517858140065817, 0.22399808582389613], [0.10167034161272792, 0.6761477897673837, 0.08797526656672487, 0.13420660205316362], [0.28543625130732625, 0.22739644005805773, 0.14117975280710574, 0.34598755582751023], [0.32360581936293104, 0.15306612193245916, 0.26539350105549253, 0.2579345576491172], [0.2621848395694382, 0.2816518744344427, 0.1532573656180292, 0.30290592037809005], [0.2304761418783415, 0.26217009910991096, 0.2087057834896856, 0.29864797552206207], [0.23473440089056355, 0.3439290360474141, 0.1947993327031832, 0.226537230358839], [0.29111791750718446, 0.22205498070410482, 0.21341902043290514, 0.2734080813558055], [0.2015986433930254, 0.3695571258000621, 0.2274317610840825, 0.2014124697228301], [0.3084113864928712, 0.2897813984659266, 0.15564154873717087, 0.24616566630403156], [0.23856574609518766, 0.31753652864515175, 0.21477232149379205, 0.22912540376586849], [0.19337937596298577, 0.2231655134571583, 0.42739593320179636, 0.15605917737805955], [0.36997252527181024, 0.28718315759819824, 0.16759790299953733, 0.17524641413045408], [0.2776752176087862, 0.2897565177717985, 0.21065183705537352, 0.22191642756404192], [0.20658539614909893, 0.24434018480190264, 0.2636490294516215, 0.28542538959737707], [0.21847366214123048, 0.2842891701357082, 0.22466100665118988, 0.2725761610718715], [0.3222802688535615, 0.2499480752574283, 0.1517956376373335, 0.27597601825167656], [0.3443903776612149, 0.2502358167416988, 0.18354021973566595, 0.2218335858614204], [0.17495763238696713, 0.3023372127952268, 0.37722019742074386, 0.14548495739706213], [0.21524011076199484, 0.22041167471178888, 0.327885338927573, 0.23646287559864318], [0.18315642120652706, 0.3226516571789, 0.29327860221755847, 0.20091331939701446], [0.22265498142758755, 0.3386924758025941, 0.21710581939388116, 0.22154672337593737], [0.2268484988607491, 0.2826904091584785, 0.20861197920998376, 0.2818491127707888], [0.2157305747870706, 0.21623777280071352, 0.26375075518249796, 0.30428089722971774], [0.1338459964549085, 0.33360957830103477, 0.302489490509412, 0.23005493473464483], [0.2786305661163002, 0.29407433195996735, 0.2038610333730349, 0.2234340685506978], [0.21080662857280183, 0.25237037270471885, 0.2025822782283511, 0.33424072049412845], [0.2751809032512788, 0.21394419799442727, 0.2821525549507725, 0.22872234380352152], [0.24575116266105995, 0.2173956884100245, 0.33760980455396644, 0.19924334437494914], [0.2379351756059767, 0.33446765854580085, 0.19295554290867487, 0.23464162293954755], [0.38680249526878663, 0.19297763699288523, 0.17689238308864846, 0.24332748464967965], [0.43635065016433233, 0.16448638662637471, 0.19073742327393278, 0.20842553993536023], [0.19098230034039726, 0.42256606193676854, 0.1269592658418144, 0.2594923718810197], [0.22215219655587642, 0.18526890549018032, 0.22552257490612282, 0.36705632304782043], [0.23615380196749683, 0.2771024958623065, 0.23625334865751843, 0.25049035351267845], [0.2978623186150162, 0.3011071753568655, 0.14334136443717743, 0.25768914159094086], [0.2372518785776152, 0.31962622569446414, 0.25369274226942157, 0.18942915345849912], [0.21144240620257973, 0.21457759983981048, 0.264757888550681, 0.3092221054069289], [0.28726189671503083, 0.18395286505578717, 0.21475134947524702, 0.31403388875393484], [0.23353984280805695, 0.228560915213276, 0.19092783683259348, 0.3469714051460736], [0.21531811517930385, 0.13568941537319276, 0.25962583918987153, 0.3893666302576318], [0.20575566820164504, 0.27752557437909736, 0.3173903321094158, 0.1993284253098419], [0.30290280755007426, 0.3294839874178304, 0.13963332424430647, 0.22797988078778886], [0.3661946072564953, 0.18329202614536091, 0.07188968545138574, 0.37862368114675804], [0.13535776601638727, 0.3581551388034056, 0.12163548163421757, 0.38485161354598973], [0.2025619370433534, 0.3199867659109866, 0.2036871428384587, 0.2737641542072014], [0.2648226660437788, 0.38512861077295846, 0.12278956972454336, 0.22725915345871947], [0.2183763945348136, 0.24063564148010655, 0.29332223556097875, 0.24766572842410112], [0.17052450441786451, 0.13869602828293473, 0.1520781790294675, 0.5387012882697333], [0.21706981308211457, 0.28547267008166766, 0.26964789491548874, 0.22780962192072887], [0.3659012157152334, 0.2474139675508169, 0.19088535060650005, 0.19579946612744975], [0.2850171583667243, 0.2328927800979076, 0.15239224375559046, 0.32969781777977764], [0.30079787341673053, 0.2972392610392245, 0.1535252549484328, 0.24843761059561234], [0.5192639905567409, 0.18577308111666646, 0.14886616161703178, 0.14609676670956084], [0.222142053055211, 0.48087754911861563, 0.12628267329959528, 0.17069772452657822], [0.24495318136509991, 0.17541699001382718, 0.24023761525160311, 0.33939221336946973], [0.4128549209079646, 0.2175700073189879, 0.17493236146119692, 0.19464271031185057], [0.1827532265557566, 0.32677598101690936, 0.21024970728299694, 0.28022108514433697], [0.17747931160184635, 0.4347947351313952, 0.1924506381878613, 0.19527531507889725], [0.22461803272911168, 0.3515387772085736, 0.14677986670398063, 0.27706332335833417], [0.24854783530773086, 0.36480214019066376, 0.098653680137306, 0.28799634436429955], [0.3597493451967381, 0.22444153067437714, 0.16740061954261284, 0.24840850458627195], [0.25350701058874014, 0.2684446339712464, 0.15664780140891663, 0.32140055403109663], [0.1503603845355558, 0.28620382953790585, 0.21940894433251326, 0.3440268415940249], [0.22050358714338894, 0.2761598528345976, 0.27699987709001034, 0.2263366829320031], [0.2919715320048162, 0.270255339841136, 0.1509509935956717, 0.28682213455837624], [0.34537460153553085, 0.25551432265406954, 0.18007251223056464, 0.21903856357983506], [0.24446990613017533, 0.2891732795065227, 0.26469058356320085, 0.20166623080010113], [0.2621238346340387, 0.25283322851466405, 0.15671998074191254, 0.3283229561093848], [0.2580725838635219, 0.34018566210811174, 0.11588499401767688, 0.28585676001068944], [0.44490772897631703, 0.26642142615312103, 0.11188797484770843, 0.17678287002285348], [0.3241847010085138, 0.30323971502899644, 0.1441507072390696, 0.22842487672342027], [0.23496608400016814, 0.3608546581430294, 0.1665855858537731, 0.23759367200302955], [0.28758725102533916, 0.3226828816978245, 0.1656350848830339, 0.22409478239380232], [0.34729909657968266, 0.2559210550996167, 0.16310661065360407, 0.23367323766709658], [0.26416540780531816, 0.22331793525884347, 0.20185901459994238, 0.3106576423358961], [0.3266142444736328, 0.2987874522231595, 0.17631945473760618, 0.1982788485656015], [0.2617560150653968, 0.28255922977324743, 0.2447556733118653, 0.21092908184949052], [0.5716818227725573, 0.23491911693111817, 0.045483134666483495, 0.1479159256298412], [0.2772723583756565, 0.2750006426387733, 0.23977571922140767, 0.20795127976416247], [0.30065218212080425, 0.23867399101331266, 0.3048169147677058, 0.15585691209817745], [0.23542578087338623, 0.21144106872027413, 0.3156894764948678, 0.23744367391147186], [0.24021803378875517, 0.260160766145328, 0.21983798997869095, 0.27978321008722584], [0.2100823676995819, 0.39683507634740733, 0.17001627112294396, 0.22306628483006685], [0.3099141778067872, 0.26659618558259635, 0.20472813101981405, 0.21876150559080254], [0.2623636469427247, 0.3347395169206777, 0.21928329494721321, 0.18361354118938436], [0.3275988374729443, 0.25496470583982767, 0.20787880689049704, 0.20955764979673108], [0.4116297535000743, 0.11883692613776123, 0.19584153200479296, 0.2736917883573715], [0.31417346584125216, 0.23989887196702386, 0.19393931383143834, 0.2519883483602856], [0.1665889093145693, 0.2418639721543002, 0.1790601099051728, 0.4124870086259578], [0.28844092410244215, 0.19540356313604634, 0.16557608320250689, 0.35057942955900456], [0.22615219136404532, 0.2683155749551062, 0.14123104831121466, 0.3643011853696338], [0.22347131193496517, 0.35604059174624275, 0.24909123264869756, 0.1713968636700946], [0.3746187159080063, 0.21268678128492577, 0.2284567537159323, 0.18423774909113555], [0.1379843495064863, 0.436353651545004, 0.09842667614898011, 0.32723532279952966], [0.4448287611289049, 0.17871192489303245, 0.13676336833139363, 0.23969594564666916], [0.2708333482460912, 0.252057149239305, 0.20054320242075063, 0.27656630009385336], [0.28029078088839343, 0.27499430028045124, 0.22342225139557187, 0.2212926674355835], [0.32697290576654886, 0.21565765969113684, 0.2305919812894463, 0.2267774532528679], [0.2965108651518823, 0.25285477101115195, 0.18149947446918768, 0.2691348893677782], [0.15476559915017035, 0.4358964607054548, 0.22795629862620925, 0.18138164151816571], [0.2338962800124361, 0.23825138508853913, 0.28644147234277706, 0.24141086255624777], [0.24039947408209306, 0.34460681462045567, 0.20084899536721748, 0.2141447159302337], [0.31892104173306945, 0.2714606081021683, 0.17715265468663893, 0.2324656954781233], [0.27580359046161246, 0.38107284772789773, 0.13667457395781984, 0.20644898785266996], [0.19047719809968056, 0.38307571295237897, 0.12653288706752866, 0.2999142018804119], [0.24533426171031683, 0.3832362402507107, 0.13322486053520333, 0.23820463750376922], [0.1655914804895691, 0.3310430211527906, 0.2544962821589829, 0.2488692161986575], [0.21307094055015327, 0.2787194317816051, 0.2252770228732894, 0.28293260479495225], [0.2676819514346655, 0.39716463913270544, 0.11373682148156095, 0.2214165879510681], [0.3003476552618533, 0.26392420515069454, 0.2635980000958304, 0.17213013949162195], [0.19759217969929485, 0.3484030329710838, 0.13971333060705315, 0.31429145672256814], [0.1710291470154634, 0.30715750196739205, 0.17666142415925326, 0.3451519268578912], [0.24758221766420815, 0.3431969938744053, 0.18893973218867385, 0.2202810562727128], [0.30412489472012955, 0.27882130273576583, 0.22541767562946996, 0.19163612691463489], [0.20918410257333903, 0.23931957749316743, 0.27553284884390267, 0.27596347108959096], [0.22761754910141116, 0.2970834393368262, 0.2448601752329087, 0.23043883632885406], [0.1473391830036969, 0.43366875265125365, 0.16284961976854573, 0.2561424445765036], [0.3137342995525508, 0.29108442155518577, 0.1183088102237088, 0.27687246866855464], [0.20743401707777423, 0.2727577715588641, 0.16164096895967764, 0.3581672424036839], [0.1950804014764901, 0.42011572861246177, 0.1858238747033238, 0.19897999520772428], [0.22948201620151418, 0.30918912824165456, 0.1844972452848714, 0.27683161027196007], [0.18083434882336077, 0.2542270853553474, 0.30380450792902297, 0.2611340578922689], [0.2929950490626355, 0.3727812531720485, 0.13272797009709575, 0.20149572766822024], [0.160667459057631, 0.2121306185219439, 0.1240127466218975, 0.5031891757985276], [0.18764283087907127, 0.21259056797550355, 0.3391544351178584, 0.26061216602756676], [0.2880754104684902, 0.26705922714028396, 0.184392229515849, 0.26047313287537677], [0.3361806479265803, 0.31990437954275175, 0.16262045142015238, 0.1812945211105153], [0.21483666104103738, 0.22354724265508463, 0.3461853745953348, 0.21543072170854316], [0.26147583039635813, 0.2780835400261043, 0.22263925084578146, 0.23780137873175622], [0.4533595592652283, 0.16866060849432257, 0.2521362707059649, 0.12584356153448428], [0.2519664445337376, 0.21869542848190807, 0.1628676161502979, 0.3664705108340565], [0.3311175103834847, 0.3109716275327356, 0.18767792399087638, 0.1702329380929031], [0.20112491953065909, 0.33265197314681305, 0.13717639238089613, 0.3290467149416316], [0.2251399886172601, 0.2448132030349711, 0.17650853792318114, 0.35353827042458796], [0.24932871277280166, 0.29920065848509364, 0.13035695762269847, 0.3211136711194064], [0.28599371687718134, 0.2673209768892569, 0.1231632867023105, 0.32352201953125115], [0.2594023052684042, 0.1994135667904241, 0.3386905068849529, 0.2024936210562188], [0.3104097113699015, 0.28576582778476756, 0.18513005576556696, 0.21869440507976406], [0.184699710933412, 0.24068304577884525, 0.35002889357864886, 0.2245883497090938]]}}