{"test": {"ids": ["99108000", "100109890", "104113380", "97107950", "105112100", "108115570", "105114220", "111116010", "111121190", "112118550", "102117351", "106116820", "111119250", "111121930", "111118301", "112116900", "98109311", "113122150", "112116290", "99110050", "107113170", "101113210", "103118291", "108114200", "107119130", "99108010", "106113830", "112121430", "112117471", "104114230", "105110251", "105115720", "104116800", "101117580", "113120780", "112120630", "100120010", "108115500", "105116860", "99114890", "111120640", "111120190", "107121540", "110118121", "106111321", "110114720", "112117780", "112116800", "102109840", "99111000", "107113180", "99111340", "108114670", "106113170", "113122180", "111117120", "99108330", "112117790", "112121010", "105113260", "107114321", "107114780", "107113550", "109119450", "113119700", "113119480", "106118161", "112116990", "103113101", "100108520", "112121410", "100109360", "103113260", "103113210", "101108121", "112116810", "108115970", "107114490", "110115120", "97114170", "101108950", "106119990", "109115220", "102110690", "98112580", "99116500", "110118111", "111116170", "97112300", "113120601", "102108621", "99120010", "111116040", "110118701", "104117630", "110116300", "107116980", "110113931", "113117401", "111118810", "102110050", "104112201", "113118620", "98120010", "107114200", "99107660", "107118820", "97109570", "107119950", "112118421", "109118161", "104111830", "103113640", "109116930", "103120290", "106116441", "101111990", "105113440", "113119340", "97109080", "112120670", "105119550", "97106820", "111121220", "99108580", "107120260", "108117610", "105117431", "111116750", "113120591", "106121220", "112116501", "107112840", "110115580", "102121440", "113121220", "103111480", "113122120", "112119950", "110114561", "99108310", "99105921"], "labels": [2, 3, 1, 2, 1, 3, 3, 1, 1, 3, 1, 1, 1, 1, 3, 3, 1, 2, 0, 3, 0, 3, 0, 0, 1, 2, 1, 2, 3, 2, 0, 1, 1, 3, 0, 3, 0, 3, 2, 2, 0, 3, 2, 3, 0, 3, 0, 0, 2, 2, 3, 1, 3, 0, 2, 2, 1, 3, 2, 3, 0, 2, 0, 3, 0, 3, 3, 0, 3, 2, 0, 0, 3, 3, 0, 3, 2, 3, 0, 2, 2, 0, 3, 0, 2, 2, 1, 0, 2, 2, 3, 2, 0, 3, 0, 3, 3, 1, 3, 0, 3, 0, 3, 2, 2, 3, 3, 0, 3, 3, 0, 3, 1, 0, 2, 0, 2, 0, 0, 2, 2, 1, 1, 3, 0, 1, 3, 1, 3, 0, 1, 3, 1, 1, 2, 3, 0, 1, 0, 0, 2, 1], "predicted_labels": [1, 3, 3, 3, 3, 1, 3, 1, 0, 0, 1, 1, 3, 3, 1, 1, 1, 1, 1, 3, 3, 0, 0, 1, 1, 1, 0, 1, 1, 1, 0, 1, 3, 3, 1, 0, 3, 1, 1, 1, 1, 3, 1, 1, 3, 1, 3, 3, 1, 3, 1, 1, 1, 1, 3, 1, 3, 3, 1, 3, 1, 1, 3, 1, 1, 0, 0, 3, 3, 3, 1, 3, 1, 1, 0, 0, 1, 1, 3, 3, 3, 0, 3, 3, 1, 1, 0, 1, 3, 1, 0, 1, 3, 1, 1, 1, 0, 3, 1, 3, 1, 3, 1, 3, 1, 0, 3, 0, 0, 1, 1, 1, 0, 0, 1, 3, 1, 1, 0, 1, 1, 1, 3, 1, 0, 3, 1, 1, 0, 1, 1, 0, 1, 1, 0, 3, 0, 1, 3, 0, 1, 1], "confidence_scores": [[0.15890497677589985, 0.36829433714485615, 0.24287482838941088, 0.22992585768983304], [0.24866253512121994, 0.24587480893054964, 0.15614566683533668, 0.34931698911289377], [0.1979430536360062, 0.30928943120896096, 0.16804278545088164, 0.32472472970415095], [0.17014764945879784, 0.3010158523966458, 0.2813328979626132, 0.24750360018194298], [0.3048278013704993, 0.2162929467859231, 0.12014250888304681, 0.35873674296053076], [0.1698627323708352, 0.3521622897807663, 0.20159586403288174, 0.2763791138155167], [0.28043096760387803, 0.25004351461112423, 0.1341203508809755, 0.335405166904022], [0.15151030148285502, 0.3787875753868424, 0.24304969666198825, 0.22665242646831435], [0.3831626596105167, 0.22970658513512388, 0.09310610291529199, 0.29402465233906755], [0.3136833569522707, 0.2851224984396564, 0.12036996285741576, 0.28082418175065693], [0.2644835600140837, 0.35003524276700154, 0.10519227350833112, 0.28028892371058356], [0.24708875103467354, 0.3114588321026083, 0.1565426452758702, 0.28490977158684805], [0.3212067820725423, 0.2478509560521366, 0.11640014518835688, 0.31454211668696436], [0.16497462166091634, 0.2901577411421662, 0.2784885876056778, 0.2663790495912394], [0.2271053759323525, 0.3097490277065619, 0.24360216884886338, 0.2195434275122224], [0.2804039581132758, 0.29825645267596146, 0.14114679427957752, 0.28019279493118526], [0.23860425987153336, 0.3138562823944807, 0.18822717169023923, 0.259312286043747], [0.17854790767224663, 0.4003648742630805, 0.15419005038771808, 0.2668971676769548], [0.1761269813215493, 0.3526622292130981, 0.22097467766206144, 0.2502361118032911], [0.2363324019052741, 0.2947508182460843, 0.16072924097992078, 0.3081875388687208], [0.2989098743619714, 0.23643373907135223, 0.15294975165930988, 0.3117066349073665], [0.3221594965989966, 0.24465933420439964, 0.17841661639937187, 0.254764552797232], [0.3188370627600233, 0.26446535722329345, 0.13606413680541013, 0.2806334432112732], [0.22081522893512795, 0.3909659843686682, 0.13788738766524805, 0.25033139903095575], [0.1770149641529052, 0.3530486006267501, 0.2270798390960017, 0.24285659612434277], [0.2117201979096658, 0.3859812393754105, 0.20430446283302783, 0.19799409988189598], [0.3517760993473271, 0.2578976757923463, 0.11162975878516096, 0.2786964660751655], [0.20647633860412326, 0.2918742543202968, 0.240728927517196, 0.260920479558384], [0.24698096569680278, 0.3318018834176187, 0.14582644497929367, 0.2753907059062846], [0.2304168730049771, 0.2785904063296575, 0.2527930692944932, 0.2381996513708723], [0.3524513984083486, 0.2711393555797968, 0.12029109364154467, 0.2561181523703102], [0.1988720985296568, 0.3537890340155958, 0.20501533996503638, 0.24232352748971112], [0.21386821034760312, 0.30430693448406376, 0.13109704561475338, 0.35072780955357974], [0.2296202128355821, 0.2968242943035845, 0.12105055139679652, 0.35250494146403727], [0.22924974437214804, 0.32438269185820595, 0.15743671579443375, 0.2889308479752125], [0.35330634526575233, 0.22515622074255034, 0.08378378061791353, 0.3377536533737838], [0.22410446691190042, 0.26358942959493875, 0.18524748779663663, 0.32705861569652417], [0.2171433260227357, 0.3514136491320399, 0.145728417503131, 0.28571460734209353], [0.23388290236156573, 0.3551057846612279, 0.184479389106279, 0.22653192387092724], [0.10573937113658627, 0.39163379182384117, 0.188948957004953, 0.3136778800346197], [0.24273061656072387, 0.2902476537186772, 0.22206854254940828, 0.24495318717119086], [0.21645618850112527, 0.29591131458332254, 0.151154527253086, 0.3364779696624661], [0.11109573776972574, 0.3536448113974865, 0.26974941036536215, 0.2655100404674257], [0.1639763220939674, 0.36190565540875014, 0.16222755581402173, 0.3118904666832606], [0.21589294378562351, 0.32666545620903237, 0.12653957661311732, 0.3309020233922264], [0.11678285273189386, 0.3667344429846992, 0.25954788476168655, 0.25693481952172004], [0.2741018336906309, 0.28674269512656336, 0.12263493576036302, 0.3165205354224428], [0.19404783106451426, 0.33621732262412857, 0.12018463761266711, 0.34955020869868997], [0.143974083016783, 0.37504150563428074, 0.26348487167830115, 0.2174995396706351], [0.15520296010692014, 0.31613718627449117, 0.21997369192742913, 0.3086861616911596], [0.1394798367923803, 0.36043066373945926, 0.19953131039975833, 0.300558189068402], [0.1471690089529725, 0.34832478447857423, 0.28010897463304835, 0.22439723193540517], [0.2883429077799091, 0.31709551897209487, 0.08782989548593004, 0.3067316777620661], [0.2884547672767436, 0.31932097285052446, 0.10817923003036983, 0.28404502984236213], [0.17100842898385143, 0.32755588825058324, 0.1838180538810133, 0.31761762888455186], [0.2385722837580782, 0.3512248786890783, 0.16641959888418265, 0.24378323866866122], [0.15133704934739328, 0.2722297202394191, 0.283560089867665, 0.2928731405455222], [0.2740812191651697, 0.28059857181068015, 0.09299554684796049, 0.35232466217618974], [0.17681120894879412, 0.33070180461491655, 0.20928696185850687, 0.28320002457778276], [0.2414706471678725, 0.28873054000377774, 0.16328706837306453, 0.3065117444552854], [0.32825868669441277, 0.31277487518995145, 0.05946706295770585, 0.2994993751579299], [0.11724121917601787, 0.4307716620889606, 0.2558160118861589, 0.1961711068488627], [0.19846741641159477, 0.2919490894186728, 0.22467744527560463, 0.2849060488941274], [0.18094094346138104, 0.3284898262070015, 0.19602456155741274, 0.2945446687742045], [0.1857986209267895, 0.3653995372752107, 0.19215434622807936, 0.25664749556992056], [0.3426308392424158, 0.27049405424575396, 0.09508949792135428, 0.2917856085904761], [0.3570518595241335, 0.2799217641992273, 0.10497633811531272, 0.2580500381613264], [0.2165540090357553, 0.2665197191101076, 0.2177778495412951, 0.29914842231284194], [0.205557515938587, 0.292215881944973, 0.2368273276172708, 0.26539927449916884], [0.16959354248056244, 0.26610655788554616, 0.3328862775627036, 0.23141362207118774], [0.2738893797335781, 0.29795645390382164, 0.13369651792712303, 0.2944576484354775], [0.2546083675657231, 0.27342229400210555, 0.17312677803187193, 0.2988425604002994], [0.20002633184169138, 0.33543131740339693, 0.1540279507645033, 0.3105143999904082], [0.17264824077713653, 0.32723432229087507, 0.2714308640680866, 0.22868657286390184], [0.3687595141943943, 0.21231485571859635, 0.14584353907613448, 0.27308209101087466], [0.27812098695996584, 0.2678152466031476, 0.24171478362915627, 0.21234898280773037], [0.23180359046012344, 0.319460358808925, 0.15986109431468562, 0.2888749564162657], [0.21274933166510987, 0.3277214923297786, 0.14449261255900522, 0.3150365634461066], [0.2200405675911342, 0.31002526132258756, 0.14213827051584957, 0.32779590057042873], [0.11953023345925887, 0.3227295597688124, 0.2597067669442145, 0.29803343982771424], [0.1621587207493243, 0.3317716926191362, 0.1856093276304733, 0.32046025900106645], [0.33121361686308115, 0.222279287175873, 0.18221745502978282, 0.26428964093126317], [0.26347944847836074, 0.2898861802075121, 0.10665467504050449, 0.33997969627362296], [0.28873491301903687, 0.2842556545188066, 0.11601740761684955, 0.31099202484530714], [0.18448922098819312, 0.3307256427895806, 0.2165515495503641, 0.26823358667186215], [0.13479488157575872, 0.35354954293047797, 0.28813043661508425, 0.22352513887867892], [0.35653979016048765, 0.2815528207869915, 0.1418909476718421, 0.2200164413806789], [0.2869970357416732, 0.3132860147643496, 0.12258698590544836, 0.2771299635885288], [0.21868884294856655, 0.25834150203054557, 0.278609421724437, 0.2443602332964506], [0.12827014589752314, 0.3529878885672409, 0.28827881378210723, 0.23046315175312854], [0.3551426943205145, 0.24744118626795542, 0.0615036879023772, 0.33591243150915295], [0.20038480814493842, 0.35158581359851465, 0.24585865927038106, 0.20217071898616604], [0.3382663305907598, 0.23204981826166685, 0.07352500766547153, 0.3561588434821021], [0.2440185525399947, 0.3488499410525845, 0.11333222194154367, 0.29379928446587694], [0.15490059575795573, 0.38749619001459523, 0.16571766951208639, 0.29188554471536265], [0.23001248130462795, 0.34547329694093604, 0.13288982651257603, 0.29162439524186], [0.37119412648296063, 0.2873944991453213, 0.049218299983549825, 0.29219307438816805], [0.2652419447609038, 0.26368952580637955, 0.1801626770379708, 0.2909058523947456], [0.29730833537167745, 0.34315262213622927, 0.08421407776443128, 0.2753249647276617], [0.28882282662862685, 0.2708000073077732, 0.14827059282435928, 0.2921065732392406], [0.2055838204030074, 0.31116087683386545, 0.2286340215282896, 0.2546212812348374], [0.3441145647355307, 0.22666988924530845, 0.07699191501508651, 0.3522236310040743], [0.18401868400785876, 0.3676563381657455, 0.17998114405427196, 0.26834383377212384], [0.15802109702827888, 0.31054592526780905, 0.2858185204991996, 0.24561445720471245], [0.156349353281386, 0.42862140847047797, 0.16950086751079496, 0.2455283707373411], [0.41861840155525254, 0.20724414014984585, 0.0689154774349202, 0.30522198085998153], [0.17192034705908382, 0.32754050377701527, 0.19752762350372846, 0.3030115256601726], [0.3248967503215327, 0.1972273600609048, 0.1795709658821367, 0.2983049237354257], [0.33023567505818613, 0.271455528135534, 0.08965634217578153, 0.30865245463049845], [0.24342656974684782, 0.3338920996076552, 0.09536548015031278, 0.32731585049518447], [0.23295154353358918, 0.368470270531826, 0.13689128770140405, 0.26168689823318064], [0.12077509067990207, 0.41089982927457536, 0.15747225920046926, 0.31085282084505333], [0.45912772125727574, 0.1906254975499729, 0.05930547741928379, 0.2909413037734676], [0.4037283357535679, 0.2129946216473923, 0.04930304247512979, 0.3339740001239101], [0.15795173467689413, 0.3387616786093387, 0.25080359622640414, 0.2524829904873631], [0.17423824464436544, 0.3524065402266123, 0.12625493351253606, 0.34710028161648615], [0.16981706840157193, 0.3234559489291795, 0.22259718173862955, 0.2841298009306188], [0.14131253204417446, 0.3889159855530322, 0.23641678677003178, 0.23335469563276162], [0.3755045336996363, 0.2473926890157367, 0.07191214087876881, 0.305190636405858], [0.19079961018792113, 0.3111789869292624, 0.23698023570648657, 0.26104116717633], [0.16379215810506448, 0.3723872185202094, 0.1585523167525145, 0.30526830662221177], [0.204463994082792, 0.3640708629764913, 0.22121202094242445, 0.21025312199829216], [0.24064816889040064, 0.2861622942161172, 0.161025015871532, 0.3121645210219501], [0.21631189527723435, 0.32995157321482055, 0.16792126099362426, 0.2858152705143211], [0.3006735068187933, 0.2786453941967002, 0.19755148098283262, 0.22312961800167386], [0.22906368186128379, 0.30952409435661693, 0.13369245785998923, 0.32771976592211016], [0.17292201897282916, 0.33490251146752453, 0.20407678280858407, 0.28809868675106215], [0.14371351860010156, 0.3426208752718123, 0.2939443243948613, 0.21972128173322525], [0.3621987020563865, 0.22488687795521276, 0.1125547191853175, 0.3003597008030836], [0.196896520560175, 0.32054323637992527, 0.20459161969571268, 0.27796862336418715], [0.1450115578865041, 0.35802759721072297, 0.18857228009460802, 0.308388564808165], [0.32381677548938426, 0.2841307198410998, 0.07151499160220533, 0.3205375130673109], [0.16925754897445766, 0.3783147534883896, 0.22158783386109157, 0.23083986367606119], [0.2133993019333739, 0.33044321687315265, 0.22269563232444584, 0.2334618488690274], [0.3067812373948159, 0.2566885582668113, 0.19306196097592052, 0.24346824336245226], [0.282010611077318, 0.2401870957454148, 0.1403422371152279, 0.3374600560620392], [0.3900982127558856, 0.26893070478937414, 0.07385854638937382, 0.26711253606536633], [0.20441055323218768, 0.3644391670792297, 0.17153318242771484, 0.2596170972608682], [0.3706935390618074, 0.18894010224063262, 0.07942606621585925, 0.3609402924817005], [0.33274192128140434, 0.2630696658901272, 0.15934410824981582, 0.2448443045786527], [0.20354860923278026, 0.3502591205176412, 0.23902175687906768, 0.2071705133705108], [0.24512619089922566, 0.3513831940148509, 0.15525386821713302, 0.2482367468687907]]}, "rewritten": {"ids": ["97106820", "97107950", "97109080", "97109570", "97112300", "97114170", "98109311", "98112580", "98120010", "99105921", "99107660", "99108000", "99108010", "99108310", "99108330", "99108580", "99110050", "99111000", "99111340", "99114890", "99116500", "99120010", "100108520", "100109360", "100109890", "100120010", "101108121", "101108950", "101111990", "101113210", "101117580", "102108621", "102109840", "102110050", "102110690", "102117351", "102121440", "103111480", "103113101", "103113210", "103113260", "103113640", "103118291", "103120290", "104111830", "104112201", "104113380", "104114230", "104116800", "104117630", "105110251", "105112100", "105113260", "105113440", "105114220", "105115720", "105116860", "105117431", "105119550", "106111321", "106113170", "106113830", "106116441", "106116820", "106118161", "106119990", "106121220", "107112840", "107113170", "107113180", "107113550", "107114200", "107114321", "107114490", "107114780", "107116980", "107118820", "107119130", "107119950", "107120260", "107121540", "108114200", "108114670", "108115500", "108115570", "108115970", "108117610", "109115220", "109116930", "109118161", "109119450", "110113931", "110114561", "110114720", "110115120", "110115580", "110116300", "110118111", "110118121", "110118701", "111116010", "111116040", "111116170", "111116750", "111117120", "111118301", "111118810", "111119250", "111120190", "111120640", "111121190", "111121220", "111121930", "112116290", "112116501", "112116800", "112116810", "112116900", "112116990", "112117471", "112117780", "112117790", "112118421", "112118550", "112119950", "112120630", "112120670", "112121010", "112121410", "112121430", "113117401", "113118620", "113119340", "113119480", "113119700", "113120591", "113120601", "113120780", "113121220", "113122120", "113122150", "113122180"], "labels": [1, 2, 2, 0, 2, 2, 1, 2, 2, 1, 3, 2, 2, 2, 1, 0, 3, 2, 1, 2, 2, 2, 2, 0, 3, 0, 0, 2, 2, 3, 3, 3, 2, 3, 0, 1, 2, 0, 3, 3, 3, 1, 0, 2, 3, 0, 1, 2, 1, 0, 0, 1, 3, 0, 3, 1, 2, 1, 1, 0, 0, 1, 0, 1, 3, 0, 1, 1, 0, 3, 0, 2, 0, 3, 2, 3, 3, 1, 3, 1, 2, 0, 3, 3, 3, 2, 3, 3, 0, 0, 3, 1, 0, 3, 0, 1, 3, 1, 3, 3, 1, 0, 0, 3, 2, 3, 0, 1, 3, 0, 1, 3, 1, 0, 3, 0, 3, 3, 0, 3, 0, 3, 3, 3, 0, 3, 2, 2, 0, 2, 3, 3, 0, 3, 0, 0, 2, 0, 3, 1, 2, 2], "predicted_labels": [1, 1, 1, 0, 0, 3, 1, 1, 1, 1, 0, 1, 1, 1, 1, 1, 1, 1, 1, 3, 1, 0, 0, 0, 0, 0, 0, 1, 1, 0, 3, 0, 0, 1, 1, 0, 0, 0, 1, 1, 1, 0, 1, 1, 1, 3, 0, 0, 3, 0, 0, 3, 1, 1, 0, 1, 1, 1, 1, 1, 0, 0, 1, 3, 1, 0, 3, 1, 3, 1, 0, 0, 3, 1, 1, 0, 3, 0, 0, 3, 3, 1, 0, 3, 1, 1, 0, 3, 0, 1, 3, 0, 0, 0, 1, 0, 1, 0, 1, 0, 0, 0, 0, 0, 0, 0, 0, 0, 0, 0, 0, 0, 1, 1, 0, 0, 0, 1, 0, 1, 0, 3, 0, 0, 0, 0, 1, 1, 1, 0, 0, 1, 0, 0, 1, 3, 1, 1, 0, 1, 1, 3], "confidence_scores": [[0.21969874650252083, 0.28982557800337017, 0.2380692181542428, 0.25240645733986605], [0.19815909207861235, 0.3005652274047867, 0.24912623841433187, 0.252149442102269], [0.2516634097906702, 0.28195229582453935, 0.22774900283795077, 0.23863529154683932], [0.37374194618919837, 0.22697126251541286, 0.17547672798996955, 0.22381006330541922], [0.2990188898534622, 0.2307240101598568, 0.2083419746854209, 0.2619151253012602], [0.2177317490623425, 0.2644922159124812, 0.25177576774372823, 0.26600026728144804], [0.2788273525964477, 0.3058738004540868, 0.16727845152399518, 0.24802039542547039], [0.1702769645909651, 0.34525970292581465, 0.2713482040395624, 0.21311512844365765], [0.25444675005798567, 0.30434651199411067, 0.20028333564387285, 0.24092340230403084], [0.2567135497969781, 0.31851372814149387, 0.22002387322301525, 0.20474884883851283], [0.4356011112180418, 0.18157145863841062, 0.07222512891046633, 0.3106023012330813], [0.21286648044437703, 0.3312784476566765, 0.22833153910548415, 0.22752353279346232], [0.3139415078002558, 0.3246518448833523, 0.19630684197972462, 0.16509980533666704], [0.1885817348690655, 0.34133596406868966, 0.25392639848346377, 0.21615590257878117], [0.14277097160150803, 0.3198512125213517, 0.30450135941183315, 0.23287645646530744], [0.2216231986037112, 0.29622038110634125, 0.2650455404400274, 0.2171108798499201], [0.26159387435921044, 0.3057720503409264, 0.19468655833554385, 0.23794751696431932], [0.2597436020586452, 0.2826334500930358, 0.21624661646678148, 0.24137633138153722], [0.19055828523837381, 0.30618859139107296, 0.2581078709912992, 0.2451452523792538], [0.1811553987492381, 0.3033493978375444, 0.24705737225252686, 0.26843783116069075], [0.18761173377503887, 0.32121489768463757, 0.2960128076288622, 0.19516056091146114], [0.33888485387798206, 0.2563608935596384, 0.1982465444959352, 0.20650770806644445], [0.2955782348005872, 0.2492138623509861, 0.199338200044044, 0.2558697028043829], [0.32329661106443164, 0.2326734116361505, 0.15598345379529843, 0.2880465235041197], [0.2886490343038151, 0.2510245132282022, 0.180195017686637, 0.280131434781346], [0.3106415414082326, 0.2527137517619329, 0.16588955307660455, 0.27075515375323017], [0.359938310749918, 0.2821291241684278, 0.1607331015717963, 0.19719946350985773], [0.19985837663184364, 0.315416977016053, 0.2009251578497791, 0.28379948850232456], [0.20212634379746397, 0.29905158804037024, 0.2341389056323086, 0.26468316252985713], [0.29399168297980194, 0.26196349575022937, 0.21414018536590443, 0.22990463590406396], [0.21587190911870563, 0.2924662948767486, 0.2057450416895068, 0.2859167543150387], [0.3260523797549773, 0.2776196997252805, 0.0932197186089462, 0.30310820191079585], [0.30091406073681837, 0.2807911147378618, 0.18804325426716387, 0.23025157025815599], [0.2578323329939502, 0.29832277156099823, 0.14337566572446714, 0.3004692297205845], [0.2834472802709581, 0.27185555822135904, 0.16603635317177096, 0.27866080833591195], [0.36002031739062734, 0.30322274865859095, 0.07749096156686654, 0.25926597238391513], [0.3322896671154125, 0.2709735847219221, 0.17474769881348268, 0.22198904934918295], [0.34104128821455854, 0.30110482152236756, 0.11679683649290942, 0.24105705377016465], [0.22015929033161472, 0.3495929545021596, 0.21694332660141857, 0.21330442856480736], [0.28748443230844317, 0.2856222261663083, 0.20048963085205532, 0.22640371067319326], [0.24093740296231597, 0.29138114028878986, 0.19800337855737735, 0.26967807819151696], [0.45431574730591934, 0.17784929024238647, 0.0977503628242489, 0.27008459962744513], [0.26079171871596357, 0.2880374465233331, 0.18273827900817471, 0.26843255575252867], [0.17348845280877623, 0.3248860389329626, 0.25867439533874753, 0.24295111291951366], [0.23461515888293513, 0.34025019317985933, 0.19775869887761144, 0.22737594905959385], [0.34194285589573026, 0.21680846334739567, 0.08922725784824055, 0.3520214229086337], [0.3458788370989218, 0.24931478491826903, 0.14597995941942157, 0.2588264185633875], [0.3530785695828597, 0.24059981614583292, 0.18257605424788567, 0.2237455600234215], [0.25419918906516853, 0.27278113082227223, 0.1800991748455712, 0.29292050526698843], [0.3154898035514273, 0.25486158789735697, 0.14743551147257192, 0.28221309707864367], [0.4114572222684529, 0.2265386705323646, 0.0785166848516672, 0.2834874223475155], [0.3269658762990469, 0.21685847485371681, 0.12792929447770954, 0.3282463543695266], [0.2986931318561078, 0.30971593049333124, 0.1689299466739757, 0.22266099097658526], [0.2032434265868942, 0.3218510356527365, 0.21020750115065243, 0.2646980366097171], [0.3054392141445691, 0.25744443613952406, 0.17021398208859978, 0.2669023676273072], [0.21070869698322897, 0.3101338207143573, 0.20648791604633734, 0.27266956625607625], [0.30641808314526, 0.30104345163680196, 0.1575716744009648, 0.23496679081697314], [0.2146691719834326, 0.31305055129672144, 0.21313065812522533, 0.25914961859462093], [0.2576074470335753, 0.3036070358779462, 0.19757109533945205, 0.2412144217490265], [0.25171529797650666, 0.29433090609594265, 0.20228309854350005, 0.25167069738405057], [0.3103357481344423, 0.2788988179188588, 0.1520265969096037, 0.25873883703709527], [0.3695983243137863, 0.2286700218474539, 0.1707293570649682, 0.2310022967737914], [0.27445458730635414, 0.29732900111360344, 0.14849074184825073, 0.2797256697317918], [0.26749073545840885, 0.2708195720036862, 0.17144861163191355, 0.2902410809059916], [0.2783450736222204, 0.2840537599401584, 0.21801565341784812, 0.21958551301977325], [0.3223741038616642, 0.25737396463987516, 0.16382059143868657, 0.2564313400597738], [0.2311986997596138, 0.28064772779593705, 0.19532415500786898, 0.29282941743658014], [0.2575685378831092, 0.28484916117894465, 0.19936174886062982, 0.2582205520773164], [0.24097757993266117, 0.2356517222606183, 0.2577111555277509, 0.2656595422789696], [0.20521333889848284, 0.31165100698875675, 0.22317361504395195, 0.2599620390688083], [0.3611379441624743, 0.2214600628432959, 0.13599247057350805, 0.28140952242072176], [0.36690429659445273, 0.24965531569938823, 0.12810794167330702, 0.255332446032852], [0.34527248623619866, 0.23496489664167505, 0.08103181242341602, 0.3387308046987103], [0.24314488104688767, 0.3117352765128423, 0.2011364607779738, 0.24398338166229627], [0.21510780952482011, 0.32246708265018553, 0.2711446641592775, 0.19128044366571667], [0.33827844493499687, 0.27331200507630754, 0.13139910907201388, 0.25701044091668146], [0.24931966044566997, 0.28355434514705685, 0.18436655473826252, 0.2827594396690104], [0.3038068255288705, 0.26636916643855324, 0.18517801605161238, 0.2446459919809637], [0.3480556213759717, 0.22719061104085767, 0.10116406076584702, 0.32358970681732346], [0.33216267068976346, 0.22268650837148793, 0.12223714377310932, 0.32291367716563907], [0.25891953434031084, 0.2705125310900753, 0.19263700931480723, 0.27793092525480667], [0.2995138928286259, 0.30011141642549116, 0.14725315968936237, 0.25312153105652047], [0.40997002507351793, 0.22844807032087272, 0.14434018179039954, 0.21724172281520973], [0.28483423077308745, 0.26266960526665806, 0.1588736666908829, 0.2936224972693718], [0.21422153000996055, 0.2994574862559909, 0.23135912746140677, 0.2549618562726418], [0.2779325709624434, 0.2715121004922143, 0.1906172802191496, 0.25993804832619255], [0.32755798282394477, 0.23471384251671354, 0.1349128563735644, 0.3028153182857776], [0.29988366360551594, 0.25764300687435293, 0.1255212860513709, 0.31695204346876027], [0.4746242304543856, 0.1931071514539855, 0.07256352884460239, 0.2597050892470263], [0.29132905042789, 0.30660794975839845, 0.17538862411773237, 0.22667437569597934], [0.2950450035296934, 0.24619371123487752, 0.15551958796906562, 0.30324169726636363], [0.29863603765842056, 0.26973745513751607, 0.1916746916275582, 0.2399518155765052], [0.42204017106430186, 0.20699753512784372, 0.12322442833698967, 0.24773786547086474], [0.4036533610376268, 0.19570387243917226, 0.1554002480862708, 0.24524251843693007], [0.2962670701043525, 0.29497064680953383, 0.13481004888073064, 0.27395223420538295], [0.3257061683850688, 0.2622043860736206, 0.18730122085521544, 0.22478822468609516], [0.24131908830591103, 0.2912239924090915, 0.22802838095926045, 0.23942853832573688], [0.3353081614613304, 0.2583156610518396, 0.16061650321267718, 0.2457596742741529], [0.24341874445471343, 0.3044819753185584, 0.16048032494818576, 0.29161895527854237], [0.36824437633727625, 0.29228199873172467, 0.10688836621920761, 0.23258525871179186], [0.31294442650217474, 0.24639819893551726, 0.16626045652381416, 0.2743969180384937], [0.3516327859426577, 0.21321835529043087, 0.1308452055920378, 0.3043036531748735], [0.3317433308215623, 0.2520890445616182, 0.1631853432382502, 0.2529822813785693], [0.37658245533887047, 0.2437577412658272, 0.11802890908800001, 0.26163089430730213], [0.3023466511599834, 0.2622365351364178, 0.18306209552557243, 0.25235471817802624], [0.34910243478995207, 0.2790933508999855, 0.1306501141877052, 0.24115410012235755], [0.41919024602322696, 0.20196783440678737, 0.15091656572461562, 0.22792535384536983], [0.2978328002392425, 0.23744559667330248, 0.19141481596884422, 0.27330678711861084], [0.2536390374694535, 0.24765401507218449, 0.2613315941190228, 0.2373753533393389], [0.3897223211012002, 0.18463764491362222, 0.18001621557413447, 0.24562381841104303], [0.4137001788938336, 0.16295324742706266, 0.11286062922052946, 0.31048594445857436], [0.323456856973426, 0.27575232192314025, 0.14158588376391476, 0.25920493733951894], [0.20405733616598204, 0.3138514042948919, 0.22231920413645667, 0.25977205540266946], [0.2158622291915588, 0.31560785896969007, 0.2008205517876841, 0.26770936005106694], [0.3864332458842021, 0.24030468860911572, 0.06994728686620806, 0.30331477864047396], [0.3224754177825361, 0.27420422558802304, 0.13294420345278446, 0.27037615317665625], [0.2793251511450498, 0.25755044759732165, 0.2248392554893362, 0.23828514576829257], [0.27308126222767515, 0.2970580383408457, 0.15422738505154965, 0.27563331437992955], [0.38978707263957496, 0.1739423985976702, 0.16693405745167017, 0.26933647131108485], [0.2701405890006777, 0.29793697091883015, 0.17698054781421613, 0.2549418922662763], [0.3244500528142852, 0.29480794655772663, 0.1387575305923783, 0.24198447003561002], [0.28368199345175427, 0.268402212276865, 0.15963323955896727, 0.28828255471241376], [0.3296273702933451, 0.2620130182150489, 0.11589784788607015, 0.29246176360553583], [0.41283712903304387, 0.23883948446180822, 0.112806756859597, 0.23551662964555078], [0.3320722372378744, 0.20158821591380194, 0.1633154475255796, 0.3030240993227439], [0.3800860095402293, 0.2380420227978491, 0.10038050160179342, 0.2814914660601281], [0.2496764175704135, 0.3021061815458327, 0.16789890536527458, 0.28031849551847904], [0.22759824587511432, 0.30972089934209723, 0.22786641183681874, 0.23481444294597], [0.2826747397698403, 0.27426778719812517, 0.16089467717079026, 0.2821627958612441], [0.2811836983083177, 0.26612290777357417, 0.18008818936984575, 0.27260520454826254], [0.40868097476520066, 0.21454814960630145, 0.09527763252032899, 0.28149324310816853], [0.23169026455897887, 0.32977597054236263, 0.2050452095206682, 0.23348855537799038], [0.4191692539617927, 0.19479828206879146, 0.09904028559639834, 0.2869921783730176], [0.35129731722372337, 0.2326209416190349, 0.18499094436204563, 0.2310907967951961], [0.22111443217306326, 0.33860870740582416, 0.20561248990123782, 0.23466437051987485], [0.26973230819617955, 0.28537456355751784, 0.13184557766285362, 0.31304755058344924], [0.21627500032546987, 0.322494201010346, 0.19126828041352775, 0.26996251825065615], [0.26836378694836177, 0.30187720329170914, 0.1615048785318507, 0.2682541312280785], [0.31195800033037474, 0.20701370985807385, 0.19364161269170227, 0.2873866771198494], [0.2091584728342192, 0.334125354375962, 0.21675497460498802, 0.23996119818483094], [0.2414442777079196, 0.3271853508210451, 0.18950005300636186, 0.2418703184646734], [0.2721971486252896, 0.26160267525606473, 0.16672886346242394, 0.2994713126562218]]}}