{"test": {"ids": ["112117660", "97116401", "110115710", "104117200", "112116990", "112116610", "105120280", "106111321", "99105921", "113118620", "111116110", "101113210", "109121640", "106116441", "113122510", "110118880", "111121190", "112121030", "99108460", "113122120", "104119340", "110114321", "111117120", "111121410", "106117770", "105118740", "112118860", "108118060", "113121680", "112119930", "97113260", "108113740", "110113931", "103109791", "113121010", "99107640", "97118210", "107114140", "113122230", "113121750", "97107040", "113119340", "108114200", "107114110", "101121640", "113119950", "110120640", "98116940", "110118701", "108117360", "104114320", "109118231", "105113210", "105115570", "101109370", "110120700", "106113260", "99120010", "101116130", "108120280", "104111620", "98110230", "112119950", "107119390", "104113380", "104116980", "99109910", "112116880", "112120990", "109113591", "103111540", "99108310", "111120591", "113117340", "110120531", "103113610", "113119480", "110118181", "108113700", "100111620", "99107950", "107119950", "110117080", "100117420", "98111620", "97106770", "109117150", "108120260", "109117600", "106114011", "112119980", "108114220", "99112300", "111116170", "113120830", "106115120", "109115220", "106118161", "100109980", "109114270", "104109311", "101119591", "108119550", "100109360", "99108520", "112117210", "112121410", "105115680", "104119290", "102108621", "98120530", "113118231", "108115500", "101119030", "108114180", "101108580", "101112201", "113117401", "109113281", "105115720", "108115070", "105118171", "107117010", "103113170", "103109641", "97112290", "106114280", "105112100", "113120601", "103110100", "101108460", "113118421", "103110050", "107112850", "109118161", "113120540", "107118520", "99109370", "108115870", "102121440", "111118910", "107120010"], "labels": [0, 3, 2, 3, 0, 1, 3, 0, 1, 3, 3, 3, 0, 0, 2, 0, 1, 0, 0, 1, 1, 1, 2, 0, 0, 1, 3, 1, 1, 1, 1, 3, 1, 3, 2, 1, 2, 2, 1, 0, 2, 0, 0, 1, 2, 0, 0, 2, 3, 1, 2, 1, 3, 0, 1, 2, 3, 2, 2, 3, 0, 3, 0, 2, 1, 1, 2, 0, 2, 3, 1, 2, 1, 2, 0, 2, 3, 1, 0, 3, 1, 3, 1, 2, 3, 3, 2, 1, 1, 1, 0, 3, 0, 0, 3, 1, 3, 3, 1, 3, 3, 0, 1, 0, 2, 1, 0, 2, 1, 3, 1, 3, 3, 3, 1, 0, 0, 3, 0, 1, 1, 3, 1, 3, 1, 1, 3, 1, 2, 1, 0, 3, 3, 1, 0, 3, 2, 1, 3, 2, 0, 1], "predicted_labels": [3, 1, 3, 1, 3, 3, 1, 3, 1, 0, 3, 0, 0, 3, 1, 3, 3, 3, 3, 1, 3, 1, 3, 1, 3, 1, 1, 0, 1, 3, 3, 3, 1, 0, 1, 0, 3, 1, 1, 1, 3, 0, 3, 0, 1, 3, 3, 1, 1, 3, 0, 0, 3, 1, 3, 3, 1, 0, 3, 3, 3, 1, 3, 2, 3, 3, 1, 2, 3, 1, 3, 1, 0, 3, 0, 2, 3, 1, 1, 1, 2, 3, 1, 1, 1, 1, 2, 1, 3, 1, 1, 0, 3, 0, 3, 3, 3, 0, 0, 3, 3, 3, 3, 0, 2, 3, 0, 1, 0, 0, 1, 1, 1, 3, 1, 0, 0, 1, 0, 1, 1, 1, 3, 1, 1, 0, 3, 0, 3, 1, 3, 3, 1, 1, 0, 3, 1, 1, 0, 1, 1, 1], "confidence_scores": [[0.21308979464609049, 0.30702044171342796, 0.1402585617003072, 0.3396312019401744], [0.229840954454078, 0.2760096746862875, 0.22450949503654455, 0.2696398758230899], [0.1591271968529, 0.26972161598782707, 0.27608992243682934, 0.29506126472244365], [0.2201796514864157, 0.31943746130244455, 0.12684546165432026, 0.33353742555681964], [0.3151007362680258, 0.22698064696523662, 0.17322177738173353, 0.28469683938500423], [0.21337998035400116, 0.22322455854858206, 0.3112538824557884, 0.25214157864162856], [0.28549120805417744, 0.2901709149873983, 0.15396967893399377, 0.27036819802443074], [0.1909795944241473, 0.2865134302328414, 0.17716127229874482, 0.3453457030442662], [0.23589865176569103, 0.3037426997208577, 0.22015605451716855, 0.24020259399628274], [0.2898212319184201, 0.2612576908721027, 0.19191284807473344, 0.2570082291347437], [0.1349419524959897, 0.26183493264867935, 0.27298260371704486, 0.3302405111382865], [0.3616446008721902, 0.2600017689696185, 0.13188958289075348, 0.24646404726743792], [0.3655176699726505, 0.2692656846404727, 0.08775698211839833, 0.2774596632684786], [0.28338230558275285, 0.28331478075539773, 0.13366892140079015, 0.29963399226105936], [0.12520263711327842, 0.2845351802721301, 0.3048438629681459, 0.2854183196464461], [0.28820506619919595, 0.32036059237933795, 0.04185817518080556, 0.34957616624066007], [0.2577087326935827, 0.24433423762465906, 0.2059315217117535, 0.29202550797000465], [0.34295531867470247, 0.22123931600637187, 0.11705831640227696, 0.31874704891664857], [0.19571671307846691, 0.3110834760938882, 0.14392504731160644, 0.3492747635160388], [0.2623518995594326, 0.3149823540128785, 0.12026543302807151, 0.30240031339961726], [0.19138515407884196, 0.2959204282899978, 0.17101406001949276, 0.3416803576116676], [0.23168645780853875, 0.3175032575156429, 0.12460001405462184, 0.3262102706211966], [0.18249254584848384, 0.3058354529513545, 0.15677032587719816, 0.3549016753229633], [0.27029622977422635, 0.3179210839640907, 0.09280377514446261, 0.3189789111172204], [0.23188494073844873, 0.24718303139675574, 0.21233765320044404, 0.30859437466435147], [0.2221108794319333, 0.28619659486845633, 0.2648005488621517, 0.22689197683745846], [0.20826983601035767, 0.30840578595459234, 0.14879030799901916, 0.3345340700360304], [0.2650734834367118, 0.2453841085263525, 0.2301195899449172, 0.25942281809201856], [0.2088372805611016, 0.27807335151058116, 0.24112771475375702, 0.2719616531745603], [0.1814674942029557, 0.2471625346444048, 0.3110061851055829, 0.2603637860470564], [0.18140934091223287, 0.23245450903204734, 0.3275143134619193, 0.25862183659380017], [0.2977733780562842, 0.20133117406171966, 0.19842098949258066, 0.3024744583894156], [0.31110544708338694, 0.2938519513931937, 0.12427515947148456, 0.27076744205193487], [0.29942800424526644, 0.23939712985432463, 0.25677267994647246, 0.2044021859539363], [0.20732060342416228, 0.3299968425986626, 0.15365252222849754, 0.30903003174867755], [0.3255270277199798, 0.2751253187503202, 0.14952469029689242, 0.24982296323280767], [0.2543674238559331, 0.2412057068151484, 0.23907937916679, 0.2653474901621288], [0.10186052654640419, 0.2815005107106163, 0.3192513626754588, 0.2973876000675205], [0.16004751949316667, 0.2943430202623746, 0.27454794802433474, 0.27106151222012415], [0.26647686137100296, 0.3216405713610375, 0.07519927449521581, 0.3366832927727437], [0.14733122293998077, 0.2855222655006849, 0.23686307912644616, 0.33028343243288816], [0.3677341875003991, 0.26998701822227217, 0.10040495303065283, 0.2618738412466757], [0.2614633007680647, 0.2751357019499988, 0.16493270772043434, 0.2984682895615021], [0.33835377889362833, 0.2868794231853359, 0.09959194649588211, 0.2751748514251536], [0.1848527645251692, 0.3108698879655925, 0.16029457372441525, 0.3439827737848229], [0.29155553786193744, 0.23019755629700456, 0.1659050219268349, 0.31234188391422324], [0.19078713940276246, 0.2955250349043173, 0.12770928297999184, 0.38597854271292864], [0.17534182108623927, 0.31243018063579314, 0.20532591999128727, 0.30690207828668015], [0.24725037487724658, 0.3154912268243341, 0.14830227043470587, 0.28895612786371333], [0.12970830090534347, 0.23206247028642563, 0.335030220883229, 0.303199007925002], [0.3164363772556924, 0.255469552578725, 0.14603214709737472, 0.28206192306820804], [0.3638555443560184, 0.27627334674484116, 0.14847100413707026, 0.21140010476207055], [0.27249356557867316, 0.2653679529661501, 0.1736822416110707, 0.28845623984410584], [0.22240818128439196, 0.27658568912284887, 0.28671788323985165, 0.2142882463529079], [0.2256304672141433, 0.23595078338282965, 0.26915176742681185, 0.26926698197621507], [0.17979789491472412, 0.2981018745586405, 0.19638083523906555, 0.32571939528756955], [0.18942331234224574, 0.31121381509598584, 0.19428777750792345, 0.30507509505384517], [0.33383612063287443, 0.21994653233409736, 0.19936556494199303, 0.2468517820910351], [0.21194452674319247, 0.2593094730906921, 0.2086534637521229, 0.3200925364139925], [0.3547596013938744, 0.23361078171542743, 0.07794739109679116, 0.33368222579390705], [0.3384419090486769, 0.2535078678517662, 0.06013037411023908, 0.34791984898931805], [0.26830584804740754, 0.3087564651529916, 0.1251132957882847, 0.2978243910113163], [0.3082678007731237, 0.2533293242613951, 0.12675253007230108, 0.3116503448931801], [0.1442836657700821, 0.22313079614784545, 0.3835720947288313, 0.249013443353241], [0.2091389282529703, 0.28962745232269793, 0.18606345088843476, 0.31517016853589697], [0.14196622807283316, 0.29025501060051717, 0.25158140273711377, 0.3161973585895359], [0.18406677793359053, 0.24669935202008128, 0.3359717375002543, 0.2332621325460736], [0.19794403572013144, 0.2346615010354549, 0.3435011486545328, 0.22389331458988096], [0.17216765994667815, 0.2885238299515573, 0.20897887428574663, 0.3303296358160179], [0.28099157233291333, 0.30969851702675133, 0.09722658245397248, 0.31208332818636264], [0.2348902274067802, 0.24803818405776032, 0.23108169968703907, 0.28598988884842036], [0.2540351944072798, 0.26845824415748404, 0.21559780098049, 0.26190876045474626], [0.501070810564794, 0.23990769267398313, 0.04193183367792797, 0.21708966308329494], [0.20281347749996692, 0.31223231011549196, 0.14258113194671604, 0.34237308043782505], [0.34610671138349297, 0.2816372420825624, 0.10851081791176098, 0.2637452286221837], [0.2267060451039386, 0.22226785089408121, 0.3276651998984485, 0.22336090410353165], [0.2852721970558239, 0.27925435685939987, 0.14540104591117603, 0.2900724001736001], [0.22110735724676173, 0.305241271081899, 0.19106721301065743, 0.2825841586606817], [0.14223187648813526, 0.2667867461186003, 0.33555826795763855, 0.25542310943562585], [0.21113165496922853, 0.2653503024640519, 0.25429769149682513, 0.26922035106989434], [0.13611284336024734, 0.2383947508465653, 0.41505759078824406, 0.21043481500494343], [0.2602658792808639, 0.29139378252235115, 0.115872843957538, 0.3324674942392468], [0.17471372722847012, 0.30275781718108336, 0.2057588970986834, 0.3167695584917632], [0.2543518746857522, 0.3042580246680148, 0.15230611333336444, 0.28908398731286883], [0.11708713206968999, 0.30987802723054736, 0.28941933429223976, 0.2836155064075229], [0.19849466631479518, 0.24687793430640065, 0.3519191499168082, 0.20270824946199584], [0.19948857326138575, 0.22834045257766658, 0.33082704345476677, 0.241343930706181], [0.301239720046375, 0.29709334867757214, 0.10057400015234469, 0.30109293112370833], [0.2158024957515457, 0.2019650338749932, 0.28336165289294307, 0.2988708174805181], [0.22120052296578963, 0.3174718621779807, 0.14738068459220177, 0.313946930264028], [0.14738518840996134, 0.29898245068754425, 0.3073665452465373, 0.24626581565595715], [0.3437567021566783, 0.2419601054853999, 0.17147274424824394, 0.24281044810967775], [0.28442769618504776, 0.2376817151747153, 0.18035619911697245, 0.29753438952326455], [0.35453140382611353, 0.2834582910863583, 0.0930929858418317, 0.26891731924569684], [0.2572642315148732, 0.22621665293129584, 0.25370803422661564, 0.2628110813272156], [0.30623185968805716, 0.289633618949583, 0.09142287936017063, 0.31271164200218926], [0.276432542686822, 0.2556975360751811, 0.12475088639120269, 0.3431190348467943], [0.39813213843822287, 0.2678569060707494, 0.09489001228499719, 0.23912094320603075], [0.2964411147910355, 0.22601950176021107, 0.23439370649221963, 0.2431456769565339], [0.262740110220327, 0.29291986377341733, 0.09295197712292139, 0.3513880488833341], [0.2324640322845505, 0.3280214025066178, 0.06551065857853774, 0.37400390663029387], [0.2618119897270091, 0.2487016296680204, 0.19225235638005925, 0.29723402422491113], [0.1461853880977198, 0.2401262833144273, 0.32266375283426135, 0.29102457575359136], [0.3240720692842879, 0.26024298033221094, 0.146605640765541, 0.2690793096179603], [0.13565096999342124, 0.20771189927148656, 0.4383270854539286, 0.2183100452811637], [0.16053939519257673, 0.28581425660430004, 0.20440400661467628, 0.34924234158844725], [0.3380461362934352, 0.29774309962243584, 0.06885622850389818, 0.29535453558023067], [0.12680515588645597, 0.3003307223632699, 0.28892269956057876, 0.2839414221896955], [0.2505451350719521, 0.2585430511091858, 0.2554497101438136, 0.23546210367504852], [0.34737302608537574, 0.2856217595039019, 0.1094687859698996, 0.2575364284408225], [0.28820157337586816, 0.3133595613448892, 0.11893578428457377, 0.27950308099466914], [0.22448168316368686, 0.28037990428458665, 0.26505301550363375, 0.23008539704809264], [0.25784342795712906, 0.2778850509937229, 0.21494180842484864, 0.24932971262429898], [0.21579001339002296, 0.26719614276140774, 0.20263560930427835, 0.31437823454429115], [0.24223351202834706, 0.28488208444649793, 0.20204196613647307, 0.2708424373886821], [0.39766114022358834, 0.22014794890953257, 0.09115331930168535, 0.2910375915651936], [0.39357326728510983, 0.26534590483365594, 0.11782395533477225, 0.22325687254646218], [0.3114196840329576, 0.3275255054093103, 0.04927704456658104, 0.3117777659911512], [0.33049857622867285, 0.2799013260650551, 0.10526029973450951, 0.2843397979717626], [0.2222002826595933, 0.30874235511974507, 0.16377572666661294, 0.3052816355540489], [0.20624730751495562, 0.30571195041385285, 0.22808787870663214, 0.2599528633645593], [0.3062965330368287, 0.31329878017488805, 0.0712792548966398, 0.3091254318916435], [0.2058532793090884, 0.3044521293603343, 0.14838243965129339, 0.34131215167928375], [0.18467417816359916, 0.2830127375356119, 0.23034927520388013, 0.30196380909690873], [0.23784908441996513, 0.2990066796143787, 0.13632166399139053, 0.3268225719742658], [0.3497063013593644, 0.2563808727054386, 0.19189496180713417, 0.20201786412806275], [0.23619625390944246, 0.3013152718495224, 0.1199934927035878, 0.3424949815374474], [0.3271897724728067, 0.21691724383720573, 0.1796734830253777, 0.27621950066460976], [0.19209788284335916, 0.2532410656558235, 0.29026376861223924, 0.26439728288857844], [0.23344710477953315, 0.29069204203279236, 0.19776121737303282, 0.27809963581464164], [0.30463079563730117, 0.28227118813736196, 0.09109174059875899, 0.32200627562657774], [0.25154859480426783, 0.27087058357317256, 0.14629126931027348, 0.3312895523122862], [0.2667459664669443, 0.3044863449667869, 0.147981266283084, 0.28078642228318473], [0.1437756656326946, 0.27827747029372585, 0.30527580604785026, 0.27267105802572933], [0.34075442327739636, 0.3077534575510538, 0.050901145195405444, 0.3005909739761446], [0.22293462938700723, 0.3063767023005527, 0.11648622870589594, 0.35420243960654396], [0.21169566933688022, 0.29618740658900244, 0.2080551993280276, 0.2840617247460898], [0.1411408422107512, 0.3159133366820828, 0.2825122093652901, 0.2604336117418755], [0.3291096302659763, 0.2618915863164909, 0.10718746430142247, 0.3018113191161099], [0.2245672914818959, 0.2406168201712428, 0.3329867127222961, 0.20182917562456518], [0.2859227510942169, 0.308219910961454, 0.0900800593511625, 0.3157772785931667], [0.25137275233813827, 0.2992542215151524, 0.16076648026136262, 0.2886065458853464]]}, "rewritten": {"ids": ["97106770", "97107040", "97112290", "97113260", "97116401", "97118210", "98110230", "98111620", "98116940", "98120530", "99105921", "99107640", "99107950", "99108310", "99108460", "99108520", "99109370", "99109910", "99112300", "99120010", "100109360", "100109980", "100111620", "100117420", "101108460", "101108580", "101109370", "101112201", "101113210", "101116130", "101119030", "101119591", "101121640", "102108621", "102121440", "103109641", "103109791", "103110050", "103110100", "103111540", "103113170", "103113610", "104109311", "104111620", "104113380", "104114320", "104116980", "104117200", "104119290", "104119340", "105112100", "105113210", "105115570", "105115680", "105115720", "105118171", "105118740", "105120280", "106111321", "106113260", "106114011", "106114280", "106115120", "106116441", "106117770", "106118161", "107112850", "107114110", "107114140", "107117010", "107118520", "107119390", "107119950", "107120010", "108113700", "108113740", "108114180", "108114200", "108114220", "108115070", "108115500", "108115870", "108117360", "108118060", "108119550", "108120260", "108120280", "109113281", "109113591", "109114270", "109115220", "109117150", "109117600", "109118161", "109118231", "109121640", "110113931", "110114321", "110115710", "110117080", "110118181", "110118701", "110118880", "110120531", "110120640", "110120700", "111116110", "111116170", "111117120", "111118910", "111120591", "111121190", "111121410", "112116610", "112116880", "112116990", "112117210", "112117660", "112118860", "112119930", "112119950", "112119980", "112120990", "112121030", "112121410", "113117340", "113117401", "113118231", "113118421", "113118620", "113119340", "113119480", "113119950", "113120540", "113120601", "113120830", "113121010", "113121680", "113121750", "113122120", "113122230", "113122510"], "labels": [3, 2, 1, 1, 3, 2, 3, 3, 2, 1, 1, 1, 1, 2, 0, 2, 1, 2, 0, 2, 0, 1, 3, 2, 0, 0, 1, 0, 3, 2, 3, 0, 2, 3, 2, 1, 3, 3, 1, 1, 3, 2, 3, 0, 1, 2, 1, 3, 1, 1, 1, 3, 0, 2, 1, 3, 1, 3, 0, 3, 1, 3, 1, 0, 0, 3, 1, 1, 2, 1, 2, 2, 3, 1, 0, 3, 1, 0, 3, 1, 3, 3, 1, 1, 1, 1, 3, 0, 3, 3, 3, 2, 1, 0, 1, 0, 1, 1, 2, 1, 1, 3, 0, 0, 0, 2, 3, 0, 2, 0, 1, 1, 0, 1, 0, 0, 1, 0, 3, 1, 0, 0, 2, 0, 0, 2, 3, 3, 3, 3, 0, 3, 0, 3, 2, 3, 2, 1, 0, 1, 1, 2], "predicted_labels": [2, 3, 1, 3, 3, 3, 1, 3, 1, 1, 1, 0, 1, 1, 3, 2, 1, 2, 3, 1, 3, 3, 2, 1, 3, 0, 2, 0, 3, 3, 3, 3, 1, 3, 2, 3, 3, 3, 3, 3, 1, 2, 3, 0, 3, 3, 1, 1, 3, 1, 3, 3, 2, 3, 1, 3, 1, 1, 3, 1, 3, 3, 3, 3, 3, 0, 1, 3, 3, 1, 1, 3, 3, 3, 3, 3, 1, 2, 3, 1, 1, 3, 3, 2, 3, 3, 3, 3, 1, 3, 3, 3, 3, 1, 1, 1, 3, 1, 3, 3, 1, 3, 3, 1, 3, 3, 3, 3, 3, 1, 0, 3, 3, 1, 2, 3, 3, 3, 3, 3, 3, 1, 1, 3, 3, 3, 1, 3, 3, 1, 3, 3, 3, 3, 3, 3, 3, 3, 1, 1, 1, 1], "confidence_scores": [[0.19477518097184537, 0.23109289933608007, 0.36502240696188254, 0.20910951273019218], [0.14602804816717405, 0.2675123051465035, 0.26422015434413604, 0.3222394923421863], [0.23217023555475355, 0.2651369503394834, 0.23891308076744155, 0.2637797333383215], [0.1334195892006708, 0.21121811958464357, 0.36121778376371416, 0.29414450745097126], [0.20037144370828028, 0.2546307054391242, 0.26102298296354354, 0.28397486788905213], [0.2021887049416782, 0.24065360116652088, 0.2731629995186576, 0.2839946943731435], [0.27343727394999, 0.2833891793055257, 0.15905920154816458, 0.28411434519631956], [0.10072409312652089, 0.26093778289752095, 0.3540897211507547, 0.28424840282520364], [0.21579651945015976, 0.29552413842683395, 0.20747661088043648, 0.2812027312425701], [0.17480337329499177, 0.3015272495664893, 0.2522081633447027, 0.2714612137938164], [0.19140271403054665, 0.3029838118380357, 0.24640482251463194, 0.25920865161678575], [0.27261834091267323, 0.256893199322848, 0.20381581090360826, 0.26667264886087017], [0.1147861885187548, 0.27102109372874095, 0.35461706007884863, 0.2595756576736555], [0.243932429708426, 0.261576365638162, 0.2448216975775982, 0.24966950707581373], [0.16912994812468374, 0.30331286132706853, 0.1894807647191524, 0.33807642582909525], [0.09102778698340057, 0.1871747762665764, 0.5118883157900077, 0.2099091209600153], [0.12762654178301008, 0.27939371771361265, 0.3391536808881006, 0.25382605961527654], [0.14993709837189995, 0.2094269129832646, 0.42399983729289675, 0.21663615135193867], [0.24365367719519343, 0.252755576258598, 0.19934422090341247, 0.30424652564279586], [0.2532619898795281, 0.25492590797418385, 0.25184799100196026, 0.23996411114432795], [0.2809342082501299, 0.23679188681209193, 0.1986212517945554, 0.28365265314322297], [0.19829927203462677, 0.2110242273471841, 0.2856308181991578, 0.3050456824190315], [0.11854946161268105, 0.24300179200513514, 0.3774558437816936, 0.2609929026004901], [0.1521752134975878, 0.2610408343123052, 0.32767629304207657, 0.25910765914803036], [0.22066038307727048, 0.304537495464165, 0.10627491091619698, 0.3685272105423675], [0.34957503953930347, 0.24021296589877061, 0.12006115203663079, 0.29015084252529527], [0.14218543789269966, 0.22250382116200387, 0.38898604963366046, 0.24632469131163603], [0.3641469469070051, 0.26752437495999637, 0.1272662602588357, 0.24106241787416272], [0.2016808678326477, 0.2451337683970292, 0.2851827943565494, 0.2680025694137735], [0.161607037479341, 0.3002113233477221, 0.21143286733547453, 0.32674877183746276], [0.13579522616065812, 0.24334257104246343, 0.3205574188852502, 0.3003047839116281], [0.21954865350989688, 0.2661625166356112, 0.14490464689844237, 0.3693841829560494], [0.20712262992485975, 0.2883379404264534, 0.22054168230311377, 0.2839977473455731], [0.26466888938725214, 0.2817752909628367, 0.13251911503802677, 0.3210367046118844], [0.18229546126146462, 0.22860357493373415, 0.3564721198643852, 0.232628843940416], [0.1278331271760245, 0.26094642454471, 0.2865011017875916, 0.3247193464916736], [0.17960597943955653, 0.251220072144034, 0.2481077389695399, 0.32106620944686926], [0.16017631912767535, 0.2886284900772296, 0.22450480465195624, 0.3266903861431389], [0.13328756965020927, 0.24851170621180066, 0.3359256456151091, 0.2822750785228809], [0.14966795802548113, 0.25663302257973913, 0.30443357498242546, 0.28926544441235436], [0.18241784930329843, 0.297685208903772, 0.21342406341187276, 0.3064728783810569], [0.12244670726107586, 0.2226607085832982, 0.42903680414421275, 0.22585578001141335], [0.1624456080062267, 0.22703298107063083, 0.30368331861997827, 0.306838092303164], [0.3298493391385757, 0.2923568771704136, 0.06332872856573804, 0.3144650551252726], [0.1770990977459133, 0.26856933000411126, 0.22717689468602145, 0.32715467756395405], [0.16347136449289867, 0.2589811441795672, 0.2858645632446335, 0.2916829280829006], [0.1260778106082104, 0.27706346991952396, 0.3210010869589636, 0.275857632513302], [0.15667051078558708, 0.31102637981121634, 0.20657111419759494, 0.3257319952056015], [0.23824847999769416, 0.2547754697244951, 0.26380504497399376, 0.2431710053038167], [0.11958815599054906, 0.31257145633253824, 0.2433746941179657, 0.3244656935589467], [0.25781872727903166, 0.24311466400338025, 0.2154461156233112, 0.28362049309427717], [0.3112960200347238, 0.22997896246174324, 0.17094343929240452, 0.2877815782111283], [0.12317778675833732, 0.23346021236326636, 0.3967804754632799, 0.24658152541511624], [0.1223229560977486, 0.2828377637356346, 0.26055638127185116, 0.3342828988947655], [0.16474789565389797, 0.29540994829188144, 0.22270335668555186, 0.3171387993686691], [0.20679522262650954, 0.2820134839422979, 0.16960992803506608, 0.34158136539612594], [0.18325596882845122, 0.27579240126946336, 0.26690743823357016, 0.2740441916685155], [0.19573026261645443, 0.29380352177125174, 0.25902744194153626, 0.2514387736707573], [0.15669320622782326, 0.2701545071224703, 0.253222587563111, 0.3199296990865955], [0.16017622065046164, 0.26809083890162183, 0.3024035935392392, 0.2693293469086772], [0.17184554014810444, 0.25355895172501763, 0.26186404236751526, 0.3127314657593628], [0.21364918947192232, 0.25947733431525255, 0.21832410296460653, 0.3085493732482185], [0.26259435857571034, 0.2768006986637605, 0.13494263204263077, 0.3256623107178985], [0.21559426611520305, 0.28193621493657656, 0.1889788610483285, 0.3134906578998921], [0.2238643536230753, 0.2546938038492725, 0.21986829149379078, 0.3015735510338616], [0.36164950555240954, 0.234819266515018, 0.18971471436016485, 0.21381651357240755], [0.1366127879290149, 0.2826845064731834, 0.30305357205571726, 0.2776491335420845], [0.23828708617502484, 0.26104140910745166, 0.2008735645205137, 0.2997979401970101], [0.10681242925993863, 0.2636663813674025, 0.32454885337745426, 0.3049723359952049], [0.13786144312736492, 0.2609843581249212, 0.3613811126377622, 0.2397730861099516], [0.17963025560470136, 0.2754570163852905, 0.28534513796463373, 0.25956759004537444], [0.14950031047571113, 0.26086369448317115, 0.2670312296852701, 0.3226047653558475], [0.2632133901767744, 0.28831135729469204, 0.1201078602639079, 0.3283673922646254], [0.12700687012630424, 0.2575090944622742, 0.28743572607058326, 0.32804830934083873], [0.1376112642704733, 0.25657534342591604, 0.32188508689962275, 0.2839283054039878], [0.2330578229139351, 0.24055988716628568, 0.21445510940439771, 0.31192718051538165], [0.1766638251470394, 0.3086831806586179, 0.18632997848831623, 0.3283230157060265], [0.1500226568681426, 0.2412131580429946, 0.3716921764216337, 0.23707200866722913], [0.26053067259170326, 0.2599866836603419, 0.17791934107387114, 0.30156330267408343], [0.23002946096768775, 0.2867772791767256, 0.2003108720710229, 0.2828823877845635], [0.18760899145077017, 0.278977904855934, 0.25227540400395043, 0.2811376996893456], [0.21294883733006395, 0.26783107188912714, 0.1594741628282658, 0.35974592795254307], [0.15682608898548242, 0.23794720375604184, 0.3185502739062101, 0.28667643335226545], [0.14839048052492357, 0.2322953355192879, 0.3642317084288303, 0.25508247552695845], [0.1442701118771248, 0.2391456941725931, 0.3249254921770434, 0.2916587017732385], [0.21455796070447572, 0.26931692563425425, 0.18842233338350473, 0.3277027802777651], [0.22199219027329886, 0.21614492332655783, 0.22643388268671805, 0.3354290037134251], [0.2544665139775358, 0.268355947509935, 0.19064171569622593, 0.28653582281630324], [0.2328605308029934, 0.30069604815505024, 0.15617528627843477, 0.31026813476352133], [0.26065714573011656, 0.2661719386296379, 0.149806967780081, 0.32336394786016426], [0.1655684232457225, 0.25366627688142335, 0.2635252819420778, 0.3172400179307763], [0.18381112807034136, 0.24007989005019462, 0.298076921054493, 0.27803206082497095], [0.15938564258137072, 0.2373502751838551, 0.32873005206505557, 0.2745340301697185], [0.2764930544278552, 0.29723527810357026, 0.14040487164450954, 0.28586679582406493], [0.18611607351527268, 0.27795124744279354, 0.24651776829966673, 0.2894149107422667], [0.2903735075412524, 0.2817360890988475, 0.16798042844360309, 0.2599099749162969], [0.19905956123248078, 0.2908609470310213, 0.1829513133778054, 0.32712817835869246], [0.2201624138040416, 0.278136550430035, 0.21783433407605557, 0.2838667016898676], [0.139569537182919, 0.27503445818071304, 0.27647400683520656, 0.3089219978011615], [0.16663348063043668, 0.28245612727209696, 0.19695213266409653, 0.35395825943337006], [0.21666020226102325, 0.30472974833793215, 0.22248170678035234, 0.25612834262069223], [0.19102167116357982, 0.28187592744610546, 0.18715601968547685, 0.339946381704838], [0.21940745397178768, 0.32675887775405765, 0.07578047437325978, 0.37805319390089476], [0.2536807331222367, 0.3026874156477717, 0.12006221073018301, 0.3235696404998086], [0.1949786785065622, 0.3120842609909766, 0.1162420292028505, 0.37669503129961074], [0.14578071252168162, 0.2682724973053044, 0.2669489309941494, 0.31899785917886436], [0.1489691682043415, 0.27560368129974966, 0.2760747178710554, 0.2993524326248534], [0.23519866735479586, 0.32191020821807154, 0.07761834998336507, 0.3652727744437674], [0.1815117747712084, 0.27641294807639893, 0.2167339877742288, 0.32534128937816365], [0.1842935812778815, 0.3024294179320871, 0.1866082544150987, 0.3266687463749327], [0.36678937386356203, 0.2544780393179902, 0.09328226189448503, 0.28545032492396294], [0.2130391492862591, 0.23779121209242748, 0.2502055603102556, 0.29896407831105815], [0.1751645062148004, 0.28301341274497044, 0.23355935705011216, 0.3082627239901173], [0.2559845119592959, 0.2607210905547814, 0.23717905317379295, 0.2461153443121298], [0.13730831251503856, 0.23301641131592318, 0.3890523021088639, 0.24062297406017422], [0.14959911752814628, 0.22371028493455458, 0.31032995380777717, 0.316360643729522], [0.1424955200048138, 0.27579998461791866, 0.24907137387975092, 0.33263312149751634], [0.22023972186497817, 0.26761764688176004, 0.20142811750762943, 0.3107145137456324], [0.16929711102277437, 0.28128590759261374, 0.24286399752922833, 0.3065529838553837], [0.18991812379323159, 0.24920262148626815, 0.2830712661241958, 0.2778079885963045], [0.20024658031509815, 0.24707336394503765, 0.21198513180659875, 0.3406949239332656], [0.19932362567437065, 0.3164055061561054, 0.1766214905531498, 0.3076493776163743], [0.1417768834420031, 0.32049004226580147, 0.20486194802892468, 0.3328711262632708], [0.2585317407509911, 0.2356386730048689, 0.1739746810724118, 0.3318549051717281], [0.243567577878624, 0.25339097572659003, 0.1944049778289385, 0.3086364685658475], [0.24084745476642572, 0.31383216648124956, 0.09771891631924765, 0.34760146243307727], [0.20323508718020158, 0.3240066285438433, 0.11501561936997123, 0.3577426649059839], [0.1293066669109302, 0.2632552413234882, 0.29983276422051486, 0.3076053275450667], [0.17264885547275854, 0.2510038029794285, 0.2953222378805667, 0.28102510366724615], [0.22010480872239202, 0.29472883959879126, 0.1881012956110873, 0.29706505606772926], [0.30547186197177745, 0.2757411577706557, 0.11974603513263717, 0.2990409451249295], [0.23113902447242513, 0.25199582390928255, 0.23293035827657646, 0.28393479334171584], [0.28693889473720563, 0.23978993056978484, 0.1726024804551971, 0.3006686942378124], [0.15825585006248366, 0.28717877711941114, 0.20248557290554417, 0.35207979991256094], [0.16121630895428923, 0.23651901881513127, 0.2904080234230299, 0.31185664880754976], [0.17108232465423212, 0.28374418138806884, 0.21269312704876547, 0.3324803669089335], [0.1770612679940539, 0.296066637632472, 0.1979588043775734, 0.3289132899959009], [0.20855954481288708, 0.2845825051129054, 0.1784652350809791, 0.3283927149932287], [0.24670329580493533, 0.3154129865659363, 0.12144486402126282, 0.31643885360786567], [0.22447285297410496, 0.29364743735018184, 0.17397576052241026, 0.30790394915330277], [0.11960635308145248, 0.2766433418863194, 0.31585612741933605, 0.28789417761289204], [0.15106592817635678, 0.2949409254233617, 0.24380758562276555, 0.3101855607775159]]}}