{"test": {"ids": ["108118630", "111117120", "108116120", "105115380", "98110810", "105115900", "104113170", "105117431", "99108460", "112118890", "108117451", "103117200", "109120150", "108117720", "105110091", "103111540", "112116540", "106113830", "111118820", "107116980", "113120540", "97112290", "108118291", "110120540", "107116501", "102121700", "105121190", "108113480", "109116810", "113121750", "107118780", "108118810", "112118550", "103118110", "106115240", "112119320", "100110050", "111120190", "110118301", "100108580", "111116100", "99109370", "110121720", "103112470", "101112160", "101113210", "105113170", "111119930", "101114020", "111121351", "104110960", "100111080", "100111390", "100111620", "104116441", "106120290", "101111140", "108118520", "111115400", "102110500", "99114890", "113122230", "110114950", "105119550", "102116340", "107118120", "113118690", "104114740", "99117740", "112118820", "99107630", "112119950", "104111620", "106116820", "106118161", "99109311", "109113881", "109119450", "113121010", "101108121", "113119450", "101111210", "107113550", "111120591", "97105580", "98106680", "105117200", "104118340", "109115211", "102112030", "98110710", "106119260", "101121640", "108120621", "109119340", "101112690", "111116040", "100108260", "107113170", "111118910", "99116500", "111114121", "110120560", "107115250", "112116501", "112119500", "103110100", "112118581", "98109311", "107114780", "98108970", "113122650", "109114220", "107117630", "104118070", "110115120", "103113210", "99110730", "107113360", "105115720", "99111340", "107114280", "97105451", "113118421", "108121160", "100108520", "101119591", "111116640", "109119010", "110120190", "112117790", "105115680", "100109801", "98116500", "104111380", "101115190", "109116040", "105121370", "99107640", "103111480", "111118301", "99108520"], "labels": [1, 2, 1, 1, 1, 3, 3, 1, 0, 3, 2, 0, 2, 1, 0, 1, 1, 1, 0, 3, 3, 1, 3, 1, 1, 1, 2, 0, 3, 0, 1, 1, 3, 2, 1, 1, 3, 3, 1, 0, 3, 1, 3, 1, 3, 3, 0, 1, 3, 0, 2, 0, 2, 3, 1, 2, 2, 0, 0, 3, 2, 1, 0, 1, 3, 3, 3, 2, 2, 0, 2, 0, 0, 1, 3, 1, 0, 3, 2, 0, 3, 2, 0, 1, 1, 1, 3, 2, 0, 2, 2, 1, 2, 1, 3, 1, 0, 3, 0, 0, 2, 0, 0, 2, 3, 2, 1, 1, 1, 2, 3, 2, 3, 0, 2, 0, 3, 3, 0, 1, 1, 3, 0, 3, 2, 2, 0, 0, 3, 3, 3, 2, 0, 2, 3, 1, 0, 2, 1, 0, 3, 2], "predicted_labels": [1, 1, 0, 3, 1, 1, 1, 3, 0, 1, 3, 1, 3, 0, 1, 3, 1, 0, 3, 0, 3, 1, 3, 1, 1, 1, 3, 1, 3, 1, 3, 1, 3, 1, 0, 1, 3, 3, 0, 3, 1, 1, 3, 3, 1, 0, 3, 3, 3, 0, 3, 3, 3, 3, 1, 3, 3, 0, 3, 3, 1, 1, 3, 0, 3, 1, 1, 1, 0, 3, 3, 3, 0, 1, 3, 3, 0, 1, 1, 0, 3, 3, 3, 0, 0, 1, 1, 1, 3, 1, 1, 3, 1, 1, 1, 3, 3, 0, 3, 3, 3, 1, 3, 3, 3, 1, 1, 1, 3, 1, 1, 3, 3, 1, 1, 3, 3, 2, 0, 3, 1, 1, 0, 3, 1, 3, 0, 1, 1, 3, 0, 1, 3, 0, 3, 1, 3, 1, 3, 3, 0, 1], "confidence_scores": [[0.19072798867798893, 0.29476069763569773, 0.22831885336885352, 0.2861924603174603], [0.25335525585525587, 0.2950190365190366, 0.1971913974913976, 0.25443431013431017], [0.3133819708069707, 0.24496216561216566, 0.16795360750360752, 0.27370225607725607], [0.17759942834942846, 0.2848635753135755, 0.22096935841935855, 0.3165676379176381], [0.25190109612609624, 0.29524977799977814, 0.2180908214334685, 0.23475830444065754], [0.20113049173049183, 0.31140203685203666, 0.20765040515040523, 0.2798170662670663], [0.22724414082649388, 0.3063201742701744, 0.19942405927405937, 0.26701162562927266], [0.24045010822510834, 0.26827246087246115, 0.194525690975691, 0.2967517399267401], [0.3285046675546676, 0.23781511544011566, 0.17394618551383265, 0.25973403149138435], [0.2058502913752914, 0.31529118659118677, 0.1883634393384394, 0.29049508269508273], [0.2494072205572207, 0.25700170940170947, 0.14032731157731163, 0.35326375846375846], [0.21590377367730312, 0.32052575480075474, 0.1732194808459515, 0.2903509906759909], [0.22949109468962425, 0.2754791264291266, 0.19778376656023736, 0.2972460123210125], [0.28541801152064317, 0.2760504773004773, 0.16483799387746767, 0.2736935173014122], [0.28180299977799955, 0.3065997696747697, 0.14484756909756907, 0.26674966144966145], [0.23244044844044856, 0.2517030969030969, 0.19605185370185366, 0.31980460095460084], [0.2518086441336441, 0.300897915972916, 0.14801847041847044, 0.2992749694749695], [0.30142076257076256, 0.2556215201465201, 0.18155444000444015, 0.2614032772782775], [0.28546708846708874, 0.2495425574425575, 0.15934669774669785, 0.3056436563436563], [0.3137839549339551, 0.29489985014985015, 0.14603450438450452, 0.2452816905316906], [0.27009336219336216, 0.2803005383505384, 0.1419201631701632, 0.3076859362859361], [0.231039543789544, 0.27479545454545445, 0.2361651570651573, 0.25799984459984465], [0.26947297147297145, 0.27610303030303046, 0.12479008214008216, 0.329633916083916], [0.21774823150705505, 0.311567121767122, 0.1851091250253016, 0.28557552170052175], [0.2638453907203909, 0.3062821678321677, 0.17113269540916615, 0.2587397460382756], [0.25434766344766374, 0.2898776445776447, 0.1961239926739929, 0.25965069930069945], [0.19987970085470103, 0.30229840714840717, 0.1795697580197582, 0.318252133977134], [0.2249408757908759, 0.2914976967476967, 0.22324453879453887, 0.2603168886668888], [0.24950069652569667, 0.27731448551448556, 0.18556434121434134, 0.2876204767454768], [0.2607338106338107, 0.30851001498501496, 0.16523992118992123, 0.2655162531912532], [0.2480127055950588, 0.2646228993228993, 0.16680483405483412, 0.32055956102720795], [0.22131476403713257, 0.3286368149394466, 0.1662726162726164, 0.2837758047508049], [0.27902343489843506, 0.2810391774891775, 0.15807068487068504, 0.2818667027417026], [0.23831504524886896, 0.26977097347097356, 0.23425081389199043, 0.2576631673881675], [0.3099713619713618, 0.29821684981684987, 0.1580862193362193, 0.23372556887556897], [0.188942907092907, 0.322913875013875, 0.18775577200577206, 0.30038744588744587], [0.22409516790399164, 0.28497406009023657, 0.19210825285825298, 0.2988225191475193], [0.2621119325119326, 0.23735840825840837, 0.1755839410589412, 0.32494571817071805], [0.31460773393273395, 0.2523937617937618, 0.14735153735153733, 0.2856469669219669], [0.2277797480297479, 0.2619054417804418, 0.19715959595959598, 0.31315521423021403], [0.2667852813852814, 0.28308903318903345, 0.17634479409479423, 0.27378089133089134], [0.2659003663003664, 0.2746211621711622, 0.20133515373515382, 0.25814331779331784], [0.2728094377844379, 0.2773576201576204, 0.1265662254412255, 0.3232667166167167], [0.2270199023199024, 0.27798794538794536, 0.21067369852369866, 0.2843184537684541], [0.25947839660339683, 0.3118373543123542, 0.17846315906315918, 0.2502210900210901], [0.32059636474636477, 0.26279444444444444, 0.1630907964584437, 0.25351839435074747], [0.20961825396825395, 0.25978407980908, 0.17729319569319577, 0.3533044705294704], [0.2710938156614627, 0.27581083720201377, 0.16264635168752825, 0.29044899544899533], [0.25614053169053186, 0.24951911421911435, 0.19086111666111685, 0.30347923742923744], [0.2899683552945162, 0.2896548174048176, 0.2032741817006524, 0.2171026456000142], [0.19435866633366644, 0.28373088855588857, 0.2108387057387058, 0.3110717393717394], [0.23413141755904918, 0.2794145021645022, 0.19757167963615355, 0.28888240064029547], [0.24058492063492073, 0.27631657231657225, 0.1832969696969698, 0.2998015373515373], [0.22697266981384648, 0.25608526636761947, 0.20861159477777114, 0.3083304690407632], [0.2559172327672329, 0.3067091658341659, 0.14995947385947392, 0.28741412753912765], [0.22945916203679378, 0.2599007242757243, 0.21300803640803642, 0.2976320772794457], [0.2640060439560441, 0.24331505161505174, 0.1871131368631369, 0.3055657675657676], [0.3188600147788228, 0.25302031857031854, 0.15981126423456155, 0.26830840241629733], [0.25023044145397094, 0.2856639194139195, 0.1771358089622796, 0.28696983016983024], [0.30116844266844267, 0.22498113553113552, 0.16144290986790993, 0.3124075119325121], [0.18519007659007666, 0.3545695138195137, 0.1647256854256854, 0.29551472416472435], [0.2184827283827284, 0.3154362609612611, 0.19690477577977578, 0.269176234876235], [0.23031006391269548, 0.266019486069486, 0.19207929701877077, 0.31159115299904777], [0.28797461982461975, 0.2686898601398603, 0.174820967920968, 0.2685145521145522], [0.21297125570507927, 0.2843408100069865, 0.20672165612165613, 0.29596627816627835], [0.27062267732267736, 0.3008826839826839, 0.16359320124320129, 0.2649014374514375], [0.26813936618936646, 0.2855919885669888, 0.17605816128316135, 0.27021048396048397], [0.2329972555222556, 0.3334390803640801, 0.17244068154068168, 0.2611229825729828], [0.3774211760461759, 0.21931121933621947, 0.14869804476569187, 0.25456955985191293], [0.2415071706071707, 0.287203232878233, 0.15283192640692658, 0.31845767010767], [0.288435150960151, 0.23543858641358648, 0.17205785325785333, 0.3040684093684094], [0.28282989437463124, 0.19942165334665352, 0.1756102897102897, 0.34213816256842583], [0.3977000582750584, 0.20254867354867356, 0.1628481240981242, 0.2369031440781441], [0.21316334221334235, 0.32533269867387526, 0.1852048565813273, 0.2762991025314557], [0.28097291042291045, 0.2542025585525588, 0.1716668442668443, 0.2931576867576866], [0.24342915222032863, 0.2830266511266513, 0.18146533662416015, 0.29207886002885985], [0.29380633255633265, 0.2701645521145521, 0.1893493284493286, 0.24667978687978692], [0.19677411983441412, 0.3113649184149185, 0.18168604451104456, 0.31017491723962326], [0.18988381340881355, 0.35554498834498827, 0.17222329924977003, 0.2823478989964287], [0.30078981749244904, 0.23754400240282622, 0.20307246300311332, 0.2585937171016119], [0.2802135622547386, 0.2620045343545344, 0.16706835582717935, 0.2907135475635478], [0.22592582695082705, 0.26020883560883573, 0.2075931512931514, 0.30627218614718615], [0.24022940392940395, 0.26903404373404377, 0.20164968919968926, 0.28908686313686316], [0.3179322788322789, 0.2253077783327783, 0.1698792540792541, 0.286880688755689], [0.2776905483405483, 0.27514959207459233, 0.20345697913197924, 0.24370288045288052], [0.21082900073782426, 0.30501973026973034, 0.21668388082505718, 0.2674673881673881], [0.25621565656565654, 0.3357009129759131, 0.15395594405594412, 0.25412748640248645], [0.18819069264069282, 0.33368330003329993, 0.18017367077367089, 0.29795233655233677], [0.20280921300921315, 0.27863189033189034, 0.14231882006882016, 0.3762400765900767], [0.23241073093573114, 0.30613280608280613, 0.21079402264402264, 0.2506624403374404], [0.20731826784326784, 0.2915268204018205, 0.23404940337440344, 0.2671055083805083], [0.2156947191697193, 0.2427884892884893, 0.2012358974358975, 0.340280894105894], [0.25288014763014777, 0.26559083139083145, 0.23760324512089223, 0.243925775858129], [0.2579108225108226, 0.2963813242313242, 0.1798474913974915, 0.26586036186036205], [0.22629049839049847, 0.30427839660339645, 0.16635523088023096, 0.3030758741258743], [0.23456320346320364, 0.24536000388500398, 0.18971734931734943, 0.3303594433344431], [0.24237485292485286, 0.2514410533910535, 0.18055673215673232, 0.32562736152736144], [0.27734843848961505, 0.2664884984296751, 0.20363745861981178, 0.25252560446089856], [0.27243608891108895, 0.2492122377622378, 0.16726984126984124, 0.31108183205683193], [0.21016522366522378, 0.29205536130536136, 0.17816664446664449, 0.3196127705627707], [0.21893096348096364, 0.2558625727213964, 0.25373048977166635, 0.27147597402597423], [0.2958848484848484, 0.3000920634920635, 0.14199004329004333, 0.26203304473304473], [0.2300249631087867, 0.24518286158286162, 0.19394788348905997, 0.3308442918192918], [0.23764010711510722, 0.28515731490731483, 0.18573321678321694, 0.29146936119436123], [0.28784069819069835, 0.27678997668997674, 0.13889222999223003, 0.296477095127095], [0.21588714618714627, 0.334144693378517, 0.22846101202718855, 0.22150714840714844], [0.22034040599922966, 0.30726494616494615, 0.18672192056309714, 0.2856727272727274], [0.20632046564546586, 0.34912092352092355, 0.15317525807525809, 0.29138335275835286], [0.28175385170385187, 0.26775653235653235, 0.16114686424686428, 0.28934275169275175], [0.22118987123987124, 0.360623137973138, 0.1723601898101899, 0.2458268009768011], [0.21424630010512374, 0.30589958929958927, 0.213969406410583, 0.2658847041847042], [0.2406923409923413, 0.25981134976134995, 0.20412473637473652, 0.29537157287157295], [0.2291117438117439, 0.2738245298818828, 0.1943466161289691, 0.3027171101774041], [0.2558910311910313, 0.296146595071595, 0.16567922632922644, 0.2822831474081476], [0.2207781551781553, 0.3099432531520766, 0.21089581333698984, 0.25838277833277845], [0.23443600566100567, 0.2863736596736597, 0.19281606171606178, 0.2863742729492729], [0.2327770792932559, 0.257589604839605, 0.2159312790151027, 0.2937020368520368], [0.21233911366411387, 0.2643517787767788, 0.29066916971916984, 0.232639937839938], [0.38973422892896586, 0.21872871017871023, 0.16468925518925528, 0.22684780570306898], [0.24059734154734175, 0.2771420135420137, 0.1722895326895328, 0.30997111222111223], [0.24853224553224545, 0.28221739371739385, 0.2206283383283383, 0.24862202242202244], [0.2556650571650572, 0.30931615802498164, 0.15214694553812208, 0.2828718392718393], [0.2792839188589189, 0.27819994727494723, 0.17030944055944067, 0.27220669330669334], [0.24839933759051427, 0.2622389154962684, 0.14894865493983145, 0.3404130919733862], [0.21307398989898998, 0.32283014485514483, 0.17810962370962385, 0.2859862415362415], [0.21060082058464422, 0.2309813194974961, 0.2547772311022311, 0.3036406288156288], [0.31291297313797306, 0.25802532663415034, 0.14857281411399054, 0.28048888611388617], [0.23207671217671236, 0.2962841991341992, 0.20974156399156396, 0.26189752469752475], [0.19440828779064084, 0.309775815850816, 0.21687116217116223, 0.27894473418738147], [0.23169696969696976, 0.27700611055611035, 0.17318505938505957, 0.31811186036186034], [0.29434017926517925, 0.24559733877233889, 0.18029593739593738, 0.2797665445665446], [0.2178877677877679, 0.3045573149073151, 0.19751832056832072, 0.28003659673659675], [0.2507166000666001, 0.29927549868432224, 0.1478583618995384, 0.3021495393495392], [0.3176266233766233, 0.21418712953712962, 0.18121765456765465, 0.2869685925185926], [0.25320759240759244, 0.26504267954267946, 0.2029669608169609, 0.27878276723276746], [0.2165274467362704, 0.29491462426462417, 0.1998470232381998, 0.28871090576090597], [0.20182575365810687, 0.2813661338661341, 0.20590315240315246, 0.3109049600726071], [0.2033162642912644, 0.3271595562933799, 0.1911513078424843, 0.27837287157287155], [0.26647654812507743, 0.2608478005654477, 0.20401404347286703, 0.2686616078366079], [0.28945992267965936, 0.2301611000111, 0.16331154401154413, 0.3170674332976964], [0.29445509490509486, 0.25142488067488067, 0.163500321900322, 0.29061970251970276], [0.24595661005661015, 0.27626280108780105, 0.2293593168269641, 0.24842127202862513]]}, "rewritten": {"ids": ["97105451", "97105580", "97112290", "98106680", "98108970", "98109311", "98110710", "98110810", "98116500", "99107630", "99107640", "99108460", "99108520", "99109311", "99109370", "99110730", "99111340", "99114890", "99116500", "99117740", "100108260", "100108520", "100108580", "100109801", "100110050", "100111080", "100111390", "100111620", "101108121", "101111140", "101111210", "101112160", "101112690", "101113210", "101114020", "101115190", "101119591", "101121640", "102110500", "102112030", "102116340", "102121700", "103110100", "103111480", "103111540", "103112470", "103113210", "103117200", "103118110", "104110960", "104111380", "104111620", "104113170", "104114740", "104116441", "104118070", "104118340", "105110091", "105113170", "105115380", "105115680", "105115720", "105115900", "105117200", "105117431", "105119550", "105121190", "105121370", "106113830", "106115240", "106116820", "106118161", "106119260", "106120290", "107113170", "107113360", "107113550", "107114280", "107114780", "107115250", "107116501", "107116980", "107117630", "107118120", "107118780", "108113480", "108116120", "108117451", "108117720", "108118291", "108118520", "108118630", "108118810", "108120621", "108121160", "109113881", "109114220", "109115211", "109116040", "109116810", "109119010", "109119340", "109119450", "109120150", "110114950", "110115120", "110118301", "110120190", "110120540", "110120560", "110121720", "111114121", "111115400", "111116040", "111116100", "111116640", "111117120", "111118301", "111118820", "111118910", "111119930", "111120190", "111120591", "111121351", "112116501", "112116540", "112117790", "112118550", "112118581", "112118820", "112118890", "112119320", "112119500", "112119950", "113118421", "113118690", "113119450", "113120540", "113121010", "113121750", "113122230", "113122650"], "labels": [0, 1, 1, 1, 3, 1, 2, 1, 2, 2, 1, 0, 2, 1, 1, 3, 1, 2, 2, 2, 3, 2, 0, 0, 3, 0, 2, 3, 0, 2, 2, 3, 1, 3, 3, 1, 0, 2, 3, 2, 3, 1, 1, 0, 1, 1, 3, 0, 2, 2, 3, 0, 3, 2, 1, 2, 2, 0, 0, 1, 2, 1, 3, 3, 1, 1, 2, 2, 1, 1, 1, 3, 1, 2, 0, 0, 0, 3, 2, 2, 1, 3, 0, 3, 1, 0, 1, 2, 1, 3, 0, 1, 1, 1, 2, 0, 3, 0, 0, 3, 3, 3, 3, 2, 0, 0, 1, 3, 1, 0, 3, 0, 0, 0, 3, 0, 2, 3, 0, 0, 1, 3, 1, 0, 3, 1, 3, 3, 1, 0, 3, 1, 2, 0, 3, 3, 3, 3, 2, 0, 1, 2], "predicted_labels": [0, 0, 0, 1, 0, 0, 1, 0, 0, 0, 0, 0, 0, 0, 0, 3, 0, 0, 0, 0, 0, 0, 3, 0, 0, 0, 3, 0, 0, 0, 3, 0, 0, 0, 0, 3, 0, 3, 0, 0, 1, 0, 1, 0, 0, 0, 0, 1, 0, 1, 0, 0, 0, 1, 0, 0, 1, 0, 0, 0, 1, 0, 0, 0, 0, 0, 0, 1, 0, 0, 1, 0, 0, 3, 0, 0, 0, 1, 1, 0, 0, 0, 0, 0, 0, 3, 0, 0, 0, 0, 0, 0, 0, 0, 0, 0, 0, 0, 0, 0, 1, 3, 0, 1, 0, 1, 0, 0, 0, 0, 0, 0, 3, 3, 0, 0, 0, 0, 0, 0, 3, 0, 0, 0, 0, 0, 0, 0, 0, 1, 0, 0, 0, 0, 0, 0, 1, 0, 1, 1, 0, 0], "confidence_scores": [[0.3900359584859584, 0.24761239871239882, 0.1580539960039961, 0.20429764679764692], [0.3016704600954602, 0.2552539516039517, 0.19878100624865333, 0.24429458205193516], [0.30730369352869363, 0.22953310300810298, 0.20580057720057737, 0.25736262626262635], [0.26290478235215087, 0.2903361211887529, 0.1896468479233185, 0.2571122485357781], [0.31259075924075913, 0.2811337162837165, 0.16713543123543137, 0.2391400932400933], [0.33205216450216457, 0.2460678821178821, 0.1691585636585637, 0.2527213897213898], [0.2503046953046954, 0.2992931596181597, 0.2166253774003774, 0.23377676767676764], [0.28469223831723833, 0.26689598734598746, 0.21873120490620507, 0.2296805694305696], [0.3302778592752275, 0.22864737105000266, 0.20397001332001352, 0.23710475635475634], [0.30819371657754013, 0.2244723082473083, 0.1921825821237587, 0.2751513930513932], [0.32007729215229214, 0.2539296611884847, 0.17431562522444896, 0.2516774214347744], [0.31693417693417686, 0.24422784764255354, 0.183215794826089, 0.25562218059718056], [0.2875316367842685, 0.26008747641247665, 0.22691115551115573, 0.2254697312920996], [0.31537791273054433, 0.27460894301776667, 0.1796607080913583, 0.23035243616033094], [0.3125317404817404, 0.28139925629925644, 0.1901128149628151, 0.21595618825618831], [0.24244627039627062, 0.2531221167721169, 0.2220732711732713, 0.28235834165834184], [0.3214764013764014, 0.267527727827728, 0.19205227941992656, 0.21894359137594427], [0.2866554723054723, 0.26732217782217793, 0.2101639843816314, 0.2358583654907185], [0.28907011877011884, 0.24335222555222552, 0.20137611832611838, 0.2662015373515374], [0.33574184394037326, 0.24672354867354865, 0.1802396507087685, 0.23729495667730965], [0.3229033189033188, 0.26129605949605955, 0.18838857253857272, 0.22741204906204923], [0.30387323232323243, 0.2380068542568543, 0.19307448107448122, 0.2650454323454325], [0.2781162799189116, 0.22694618437118444, 0.21325689865689876, 0.2816806370530054], [0.38288399655899663, 0.205327172827173, 0.15640975968475976, 0.2553790709290709], [0.3245000324838561, 0.2942898359810126, 0.15585129870129877, 0.2253588328338329], [0.3079875263625265, 0.2784082251082251, 0.20771009268509288, 0.20589415584415596], [0.2793118548118547, 0.2295979853479854, 0.19575759795759806, 0.29533256188256185], [0.32339851259851243, 0.2162591935841937, 0.19037773892773907, 0.26996455488955484], [0.3524995865245868, 0.23375608280608304, 0.17612932622932645, 0.23761500444000452], [0.3053029942279943, 0.2580183982683984, 0.20330936285936285, 0.2333692446442448], [0.27737534512271367, 0.25612666952930113, 0.17256421911421915, 0.2939337662337662], [0.2958803030303033, 0.25050298035298046, 0.1691549062049064, 0.2844618104118104], [0.2813050449550448, 0.2467706210456211, 0.2198511377511377, 0.25207319624819635], [0.27825765345765335, 0.267855352980353, 0.21383731382996107, 0.2400496797320328], [0.32029019591519575, 0.24412136474636495, 0.1501623934888642, 0.2854260458495752], [0.2569242757242758, 0.2643322122322122, 0.1859851854028326, 0.2927583266406797], [0.3361362692862694, 0.24733557194439557, 0.17517900237017892, 0.24134915639915644], [0.2519395382395385, 0.2560190143190144, 0.19404331616096337, 0.2979981312804841], [0.3544452120978438, 0.23649358141858146, 0.15216172961885038, 0.2568994768647244], [0.27693505938505963, 0.26022685925185934, 0.21503717393717403, 0.24780090742590755], [0.2466088633588634, 0.2784317848817849, 0.21043027250527263, 0.26452907925407926], [0.32987468364968364, 0.27349290986791, 0.2092882284382285, 0.1873441780441782], [0.2713725160460455, 0.2921814962814963, 0.1845748865513573, 0.25187110112110117], [0.3091155521379206, 0.26798405103668294, 0.17096767676767682, 0.25193272005772005], [0.32859639804639795, 0.24180113497613492, 0.18744633144633155, 0.24215613553113577], [0.30191480186480213, 0.24507982017982025, 0.1520412420912422, 0.30096413586413606], [0.2818447635697637, 0.27669757464757466, 0.17451511266511277, 0.266942549117549], [0.2585353448838743, 0.3042503524253525, 0.17541726084373155, 0.26179704184704194], [0.3107571317571316, 0.24517281052281062, 0.20223997113997128, 0.24183008658008662], [0.23741133555986502, 0.3046018231768233, 0.21434684237331295, 0.2436399988899988], [0.30555572760572763, 0.22508058053058047, 0.2083912753912756, 0.26097241647241665], [0.3233868686868688, 0.21731964701964704, 0.18095036630036646, 0.2783431179931181], [0.30143194860694866, 0.25202909590409595, 0.24384610944610954, 0.20269284604284613], [0.2651717698967699, 0.28416666944166946, 0.19809482739482762, 0.2525667332667334], [0.32206056998557003, 0.2754100510600512, 0.17870896162660876, 0.22382041732777033], [0.3233614330114328, 0.24186820401820414, 0.18746394716394724, 0.24730641580641582], [0.26648075813075817, 0.27768773448773454, 0.21781848821113536, 0.2380130191703722], [0.3339899100899101, 0.2765715007215008, 0.1739185592185594, 0.21552002997003006], [0.284926270951271, 0.245815800865801, 0.18998273670773694, 0.2792751914751915], [0.28067769338504633, 0.2683933760683762, 0.19028320013320013, 0.2606457304133775], [0.26128417138417154, 0.29495943500943517, 0.19372247589012306, 0.25003391771627065], [0.30888382140735077, 0.2500187423687425, 0.17010335807982876, 0.2709940781440782], [0.3351099036584329, 0.2206664085914087, 0.1804622963637671, 0.2637613913863914], [0.32568385748238693, 0.23175089126559723, 0.1718185574229693, 0.27074669382904665], [0.3025541347541349, 0.24411894216894245, 0.19281002331002342, 0.26051689976689985], [0.28569810189810185, 0.2608052392052393, 0.19557786102786132, 0.257918797868798], [0.29199484302247464, 0.27214820457320466, 0.2130125319125321, 0.22284442049178896], [0.28490304140304146, 0.2903830744418979, 0.19140439642057297, 0.23330948773448776], [0.33400600788100776, 0.23128729603729598, 0.16703332615097324, 0.26767336993072294], [0.31918151570651554, 0.27730168442668446, 0.18069261294261302, 0.22282418692418718], [0.27190436263083323, 0.2795673917585683, 0.1919076035076036, 0.256620642102995], [0.3074224580974581, 0.254322521922522, 0.1750616050616052, 0.2631934149184149], [0.2861167610167612, 0.28359634254634264, 0.1807566933066935, 0.24953020313020324], [0.25881119795237445, 0.24419631642866957, 0.19501711425829082, 0.30197537136066527], [0.3199624458874457, 0.21383819791319816, 0.18822458652458657, 0.2779747696747696], [0.3794154317904318, 0.23333730158730162, 0.16271038406038413, 0.22453688256188256], [0.33667667610167606, 0.2141141303141305, 0.20104641469641485, 0.24816277888777902], [0.2543884088134089, 0.3090639776889777, 0.18985659732424442, 0.24669101617336917], [0.2551871073371076, 0.2922768842268842, 0.1947985181485182, 0.2577374902874904], [0.2913856338106338, 0.2905464595861655, 0.21705501116530537, 0.20101289543789544], [0.311981845931846, 0.24422976467976465, 0.1397899822399823, 0.30399840714840715], [0.33354852092352105, 0.24440972638472655, 0.16742720057720067, 0.25461455211455203], [0.3197883737607422, 0.21385640645903814, 0.196885780885781, 0.2694694388944389], [0.29960230880230876, 0.2611415306915307, 0.1680536796536797, 0.27120248085248083], [0.29909519369519366, 0.26495875235875255, 0.17032403707403718, 0.2656220168720171], [0.2657464729714731, 0.230961643911644, 0.23130779775779786, 0.27198408535908536], [0.3095387889887888, 0.22997638472638474, 0.18667939282939297, 0.2738054334554335], [0.33362917082917104, 0.24999621489621504, 0.1378578976578977, 0.2785167166167167], [0.3223461722488039, 0.25385782828282827, 0.16405938196650288, 0.2597366175018653], [0.34972296282149223, 0.23105826118326128, 0.15571218813865884, 0.26350658785658787], [0.31752980352980353, 0.23782515262515275, 0.19729317741082444, 0.2473518664342194], [0.2879332220067515, 0.2532726939726939, 0.186970807297278, 0.27182327672327666], [0.28055901145637974, 0.26517424466658207, 0.19810016323545743, 0.25616658064158077], [0.30312520812520805, 0.22866834831834842, 0.1966082306582308, 0.27159821289821284], [0.33145686258186263, 0.26181602841602847, 0.15627809967809977, 0.2504490093240093], [0.3531015012765013, 0.25157705072705083, 0.19516282051282058, 0.20015862748362753], [0.31946593961593955, 0.21439548229548241, 0.183041391941392, 0.2830971861471862], [0.31807400899753846, 0.2633243256743256, 0.16943612368024147, 0.2491655416478947], [0.27483879453879456, 0.26386738261738263, 0.19758016428016442, 0.2637136585636588], [0.3172860250860251, 0.24140511710511722, 0.17793561993562, 0.26337323787323796], [0.2597726023976026, 0.27833483460983466, 0.20648454045954054, 0.25540802253302247], [0.2736548843313548, 0.25595670995671005, 0.18013860665478332, 0.29024979905715204], [0.30872322367175314, 0.2525934010434013, 0.21355281140428212, 0.22513056388056396], [0.2428102727338023, 0.2953087690087691, 0.19031728859375935, 0.2715636696636697], [0.28236089466089476, 0.21881839271839273, 0.217606093906094, 0.2812146187146188], [0.24583718781218797, 0.28012029637029656, 0.20008993228993235, 0.2739525835275835], [0.38719933677433677, 0.24301803751803774, 0.16073266733266747, 0.2090499583749584], [0.35449777167277163, 0.2101935286935288, 0.20652533969298673, 0.22878335994071297], [0.30408654021417175, 0.26132190484953643, 0.2069059259453996, 0.22768562899089217], [0.29478827283827286, 0.23604396991897011, 0.1979701742701744, 0.27119758297258306], [0.33468836718836714, 0.2813132256632258, 0.18034540459540468, 0.20365300255300262], [0.33296192243429046, 0.24940384235647406, 0.16105807803307806, 0.2565761571761573], [0.25721516816516826, 0.24320080197580218, 0.20128510378510384, 0.2982989260739261], [0.2819993672993672, 0.2836683039183041, 0.1396847125097126, 0.29464761627261615], [0.3402876123876127, 0.2642817460317462, 0.1693869907869909, 0.226043650793651], [0.26405924353424354, 0.2426284632034632, 0.22932364857364873, 0.26398864468864486], [0.3050087051837051, 0.27459777444777467, 0.17085214230214243, 0.249541378066378], [0.3792955710955711, 0.2116443611943614, 0.18866561771561777, 0.22039444999445013], [0.32173361083361096, 0.22089182484182487, 0.18951209460474183, 0.2678624697198228], [0.3262176434676434, 0.2443222027972029, 0.17528474858474863, 0.2541754051504053], [0.278583522033522, 0.2806249528249528, 0.15654845154845162, 0.28424307359307355], [0.30279731102231094, 0.24029660617160625, 0.1781627344877345, 0.27874334831834846], [0.38017655677655676, 0.24367399267399273, 0.15653603618603626, 0.21961341436341442], [0.3091940160716476, 0.2511451964701968, 0.20123782460229836, 0.23842296285585762], [0.37489118936618926, 0.23549312958283547, 0.14644601183130607, 0.24316966921966926], [0.3049701465201465, 0.25479850704850726, 0.1962748584748586, 0.243956487956488], [0.40827127872127855, 0.19764422799422815, 0.17251264291264298, 0.2215718503718504], [0.2879984293484295, 0.2605434565434567, 0.1798609984786457, 0.27159711562946864], [0.3008593517593517, 0.2878643217893219, 0.1770425019425021, 0.23423382450882455], [0.2543432286667584, 0.31090899100899116, 0.15647498090145162, 0.2782727994227995], [0.3255699023199023, 0.2560052392052392, 0.1974219930396403, 0.2210028654352185], [0.2916584526584526, 0.27707523587523586, 0.1653030192030193, 0.26596329226329235], [0.28126730491730495, 0.2507857309357311, 0.23474083530848242, 0.2332061288384818], [0.32632937617937613, 0.22942175602175605, 0.14645861915861927, 0.29779024864024844], [0.36293491230991226, 0.22218259795759812, 0.18110416250416264, 0.23377832722832728], [0.31902249694749685, 0.224904748029748, 0.20194755244755258, 0.2541252025752027], [0.2688389554889555, 0.2822380591630592, 0.17124162895927614, 0.2776813563887096], [0.3371475885225886, 0.2564991924741926, 0.1670244311244313, 0.2393287878787879], [0.254568808968809, 0.3130221223221225, 0.18416556776556792, 0.24824350094350095], [0.2593056859806861, 0.33208663003663, 0.17602070707070722, 0.23258697691197702], [0.29672701012437847, 0.2512992747019064, 0.1951248973248975, 0.2568488178488179], [0.30272147852147846, 0.2566933594183595, 0.19099124209124213, 0.24959391996892]]}}