{"test": {"ids": ["113122230", "110118181", "111118910", "97111790", "111121930", "108118520", "99116500", "111119150", "108117720", "103113640", "102114270", "107116300", "108121410", "102112170", "110117110", "106117790", "99107640", "103111540", "113122190", "111114941", "112120540", "108113760", "101116130", "111116090", "112116640", "111114171", "112118620", "104111711", "112118820", "99117630", "108120621", "113118810", "102110690", "106116640", "104111990", "103113610", "113120780", "109116441", "110114920", "112118860", "99114890", "98116940", "98111620", "110120531", "100109980", "99105921", "98116090", "112120990", "113118820", "104119290", "111116170", "104112470", "110115250", "104114740", "99112840", "107114200", "98113881", "107117010", "107120130", "112116401", "109116750", "111120280", "113122170", "99107560", "97112290", "107115140", "103113170", "109119591", "107121540", "113119950", "112116850", "105115380", "111114321", "108118630", "99109370", "105116090", "98110710", "99109840", "100108580", "107113840", "97116500", "111119340", "99108520", "102121700", "100111380", "112117580", "108118291", "105113330", "110120560", "106113260", "98109090", "108121160", "101114990", "105119550", "108115970", "100109330", "108114360", "105117351", "107120010", "104113550", "105113170", "98110680", "102116340", "113119340", "101108290", "101111210", "110121720", "105110091", "99112531", "101108080", "112116900", "110118740", "106115120", "105112260", "111120640", "111115770", "99108010", "110118161", "112118810", "108115870", "97112170", "97107920", "97116790", "107112850", "97107950", "107118780", "100108990", "97106591", "102112250", "103120730", "102113210", "110117200", "108114040", "105113210", "101111620", "107119950", "113117550", "113121680", "110115140", "107121230", "106116850", "101112160"], "labels": [1, 1, 0, 2, 1, 0, 2, 3, 1, 1, 3, 0, 0, 3, 0, 1, 1, 1, 1, 0, 3, 1, 2, 3, 0, 3, 3, 1, 0, 3, 1, 3, 0, 3, 2, 2, 0, 3, 3, 3, 2, 2, 3, 0, 1, 1, 0, 2, 0, 1, 0, 1, 1, 2, 2, 2, 3, 1, 2, 0, 0, 0, 1, 1, 1, 0, 3, 0, 2, 0, 0, 1, 1, 1, 1, 1, 2, 2, 0, 3, 2, 3, 2, 1, 3, 0, 3, 3, 0, 3, 1, 2, 3, 1, 2, 0, 1, 0, 1, 1, 0, 2, 3, 0, 0, 2, 3, 0, 3, 0, 3, 3, 1, 3, 0, 3, 2, 0, 3, 3, 0, 0, 2, 1, 2, 1, 2, 1, 0, 1, 3, 3, 0, 3, 3, 3, 3, 1, 0, 0, 3, 3], "predicted_labels": [1, 1, 3, 3, 3, 1, 1, 3, 3, 0, 1, 3, 0, 3, 1, 1, 3, 3, 3, 3, 1, 3, 3, 1, 3, 3, 3, 3, 3, 0, 1, 3, 3, 3, 1, 1, 1, 1, 1, 1, 1, 1, 1, 3, 1, 0, 3, 1, 3, 3, 1, 3, 3, 1, 1, 3, 3, 3, 1, 0, 1, 3, 1, 3, 1, 3, 1, 1, 1, 0, 3, 1, 1, 3, 3, 3, 1, 3, 3, 1, 3, 1, 1, 1, 1, 3, 3, 0, 3, 1, 1, 1, 1, 0, 1, 0, 1, 0, 3, 0, 3, 1, 1, 0, 3, 3, 1, 1, 1, 1, 1, 0, 0, 3, 1, 1, 1, 3, 1, 1, 3, 3, 0, 1, 3, 3, 3, 1, 3, 1, 3, 3, 3, 3, 1, 1, 3, 1, 3, 1, 1, 3], "confidence_scores": [[0.22544102955867668, 0.2956065506389036, 0.18908522588522597, 0.28986719391719395], [0.19599194694194708, 0.3294089466089466, 0.1907365745365747, 0.2838625319125319], [0.2093579365079366, 0.2913792207792208, 0.18727634032634033, 0.31198650238650233], [0.24821726606726607, 0.2625504190254191, 0.22222728660228674, 0.2670050283050282], [0.3053732933732934, 0.23152758352758354, 0.13459131424131435, 0.3285078088578088], [0.22135094350094373, 0.3096989288489287, 0.22706568431568447, 0.2418844433344434], [0.17950259740259744, 0.3122194666444668, 0.24694398101898116, 0.2613339549339551], [0.2475525585525586, 0.24065980130980147, 0.17934427239427247, 0.3324433677433679], [0.22284245199245203, 0.22174024309024304, 0.1754584748584749, 0.3799588300588299], [0.3503763347763349, 0.23104236874236891, 0.1472129148629149, 0.2713683816183817], [0.23332989232989246, 0.3122731157731159, 0.16980629648129664, 0.28459069541569526], [0.25470536130536126, 0.23515577478077493, 0.18524772727272745, 0.3248911366411367], [0.2824901709401708, 0.2748574536574537, 0.1801470002220003, 0.2625053751803753], [0.26385675990675994, 0.1915254689754691, 0.23681046176046186, 0.30780730935730927], [0.20833273393273402, 0.33351997806115447, 0.23409199885082255, 0.22405528915528927], [0.2354186591186593, 0.29140922965922966, 0.20497467532467542, 0.26819743589743605], [0.2225055167055167, 0.2635361055611056, 0.20454973359973375, 0.3094086441336442], [0.23836193251193258, 0.277631191031191, 0.2056612776112777, 0.27834559884559884], [0.20784472471972482, 0.22889401709401722, 0.23091827616827626, 0.33234298201798196], [0.25625050505050506, 0.2828691475191476, 0.15525247530247538, 0.30562787212787207], [0.2526398712398712, 0.3266456931956932, 0.1881834110334111, 0.23253102453102464], [0.2665475857475858, 0.24321342546342553, 0.20301258741258757, 0.2872264013764013], [0.24404951159951185, 0.22911240981240985, 0.2108318181818182, 0.31600626040626034], [0.2752879370629369, 0.282728687978688, 0.19515378232878236, 0.24682959262959275], [0.23379567654567662, 0.24601578976578972, 0.21071654456654465, 0.30947198912198937], [0.19754781329781335, 0.3124664307914307, 0.16501394716394727, 0.3249718087468088], [0.25773230854113216, 0.2520352017263784, 0.1612516476987066, 0.3289808420337834], [0.2161216450216451, 0.2594031024531025, 0.24916471861471873, 0.27531053391053384], [0.2458888741976978, 0.2752393087304853, 0.17928473193473196, 0.29958708513708526], [0.2664043567543568, 0.2557855311355312, 0.22516798756798762, 0.25264212454212454], [0.26881414696414696, 0.28945129315129314, 0.19484559884559888, 0.24688896103896116], [0.25589094516594535, 0.2840478410478411, 0.17548546176046184, 0.284575752025752], [0.2565388999889001, 0.2529634421134421, 0.15292324897324897, 0.33757440892440904], [0.22084684759684758, 0.23876047367665026, 0.20680102495543679, 0.33359165377106564], [0.2769352980352982, 0.30014528804528834, 0.1889662226662228, 0.23395319125319133], [0.23708383283383294, 0.2708406399156399, 0.22483150183150202, 0.2672440254190255], [0.24054351759351764, 0.32620115995116006, 0.1530196137196138, 0.2802357087357088], [0.25598403263403285, 0.29179900099900097, 0.17247060162060174, 0.2797463647463649], [0.19258270618270615, 0.365596126096126, 0.15582309357309368, 0.2859980741480742], [0.21653666888666906, 0.3243307969807969, 0.19973361638361642, 0.2593989177489178], [0.20514142524142542, 0.3199300532800532, 0.2251235653235653, 0.2498049561549562], [0.2272794122544124, 0.3306758214008214, 0.20404998612498632, 0.23799478021978032], [0.20705757575757583, 0.31164458874458884, 0.24142691197691205, 0.23987092352092343], [0.22703269785769786, 0.2692128565878567, 0.163023015873016, 0.3407314296814297], [0.25927625707625723, 0.2703502164502165, 0.220565972915973, 0.24980755355755363], [0.2894188700188701, 0.2472341686091688, 0.20376638361638363, 0.25958057775557786], [0.26724743034743037, 0.23789321789321793, 0.18544987789987805, 0.30940947385947387], [0.2096898490398492, 0.3836000923912687, 0.17131142844084035, 0.23539863012804196], [0.26212440337440357, 0.28233470418470424, 0.15100440115440122, 0.30453649128649113], [0.1669650238650239, 0.2945056166056167, 0.22734064269064264, 0.31118871683871685], [0.24402335442335454, 0.3447279442779444, 0.14120574980574982, 0.27004295149295154], [0.2086219669219671, 0.2674074370074371, 0.21839305139305143, 0.30557754467754455], [0.22090815850815865, 0.2555174603174602, 0.18419362859362864, 0.3393807525807525], [0.1977304334554335, 0.30567761960261974, 0.2183067155067155, 0.2782852314352314], [0.2635976134976136, 0.31482890997891005, 0.17357049617049622, 0.2480029803529805], [0.22932618492618506, 0.29865761460761464, 0.14701057276057275, 0.3250056277056278], [0.23523578088578098, 0.2396365245865247, 0.21168024753024764, 0.313447446997447], [0.1886447330447332, 0.26339415584415593, 0.24682604617604617, 0.301135064935065], [0.20216809856809867, 0.2923469696969696, 0.25244090354090365, 0.2530440281940283], [0.3806336163836162, 0.19854788544788554, 0.14652858807858818, 0.2742899100899102], [0.24692179487179494, 0.32947974802974805, 0.16987039072039084, 0.25372806637806644], [0.239040836940837, 0.29085951825951833, 0.1421876845376846, 0.3279119602619603], [0.20259293133766815, 0.310544414735591, 0.18417807094865934, 0.3026845829780815], [0.22313957153957154, 0.29325687090687097, 0.18536804306804316, 0.2982355144855145], [0.22079266844266848, 0.3201378288378288, 0.16272775557775568, 0.29634174714174705], [0.2859436729936731, 0.1813026695526696, 0.2058818903318905, 0.3268717671217671], [0.20372574092574097, 0.3050577922077923, 0.23232938172938172, 0.2588870851370853], [0.2319827172827174, 0.31135283050283047, 0.19393840048840055, 0.26272605172605173], [0.20757166167166172, 0.29463628038628037, 0.23247849927849934, 0.26531355866355877], [0.31103629148629147, 0.23126587301587312, 0.17241235986235998, 0.2852854756354757], [0.1767011266511268, 0.2674861471861472, 0.18593496144378502, 0.3698777647189412], [0.2628172383172384, 0.3077420218670217, 0.16868489288489294, 0.260755846930847], [0.225376728826729, 0.3383314296814297, 0.18142979242979246, 0.2548620490620491], [0.21312850482850496, 0.28541046176046175, 0.18451464646464646, 0.3169463869463868], [0.20806533466533475, 0.25621022311022307, 0.22919342046842067, 0.3065310217560217], [0.2285219169719169, 0.27482786102786105, 0.21446141081141087, 0.28218881118881123], [0.23061238010355667, 0.29024719724719733, 0.22287881007881022, 0.2562616125704362], [0.1921356754356755, 0.24168808968808977, 0.26509646464646475, 0.30107977022977017], [0.2383457930957933, 0.2451859973359973, 0.22594009879009902, 0.2905281107781111], [0.2578173548673551, 0.26237904317904337, 0.2211517926517927, 0.25865180930180925], [0.24593487623487628, 0.2504562104562106, 0.23107140082140093, 0.27253751248751246], [0.25193817293817306, 0.3086283633033632, 0.18592426462426462, 0.2535091991341993], [0.2622502886002888, 0.30288265798528957, 0.21011948986685838, 0.22474756354756362], [0.23127786657786678, 0.2958262071262071, 0.18420654900654912, 0.28868937728937744], [0.26580064935064945, 0.3158741314241313, 0.1642636308136309, 0.2540615884115885], [0.23206487401487405, 0.2822322677322678, 0.19690988455988465, 0.28879297369297374], [0.2839087079587081, 0.24439737484737495, 0.17360193695193707, 0.2980919802419802], [0.31616603396603404, 0.22348134088134092, 0.1851547508047509, 0.2751978743478744], [0.25712475302475307, 0.2746833277833278, 0.18882770562770573, 0.27936421356421354], [0.267164701964702, 0.34388405483405465, 0.14635778665778668, 0.24259345654345665], [0.23393739316239326, 0.3057243423243423, 0.1978747641247643, 0.26246350038850047], [0.24507137307137314, 0.29868061938061946, 0.20395866910866922, 0.2522893384393386], [0.19946851481851496, 0.3702756965256962, 0.20063171828171833, 0.2296240703740705], [0.29524643134643136, 0.27797012432012425, 0.17083595571095583, 0.25594748862248873], [0.25904840518958167, 0.2798273754023753, 0.20136867299367306, 0.25975554641437015], [0.28327566322566333, 0.27595429015429035, 0.20168947996448006, 0.2390805666555667], [0.20101327561327573, 0.3227917748917748, 0.23658862803862815, 0.2396063214563216], [0.3106651237651237, 0.25223224553224577, 0.1506214341214342, 0.2864811965811966], [0.19384612609612606, 0.27574713619713637, 0.24181662781662777, 0.28859010989011], [0.31156588966588966, 0.2150017427017428, 0.18561945276945274, 0.2878129148629148], [0.2102793928293929, 0.24541211370329027, 0.1852315805109924, 0.35907691295632493], [0.2280260850260851, 0.2784531968031968, 0.23443327783327791, 0.2590874403374403], [0.17946167721167725, 0.3300145992895992, 0.22472559940059944, 0.2657981240981241], [0.295614024864025, 0.27588102453102464, 0.14312989232989246, 0.2853750582750585], [0.2551040626040626, 0.22947691197691206, 0.19228051948051958, 0.323138505938506], [0.2507271173271174, 0.25135491175491187, 0.20544837384837392, 0.2924695970695972], [0.21786696081696091, 0.31868518148518155, 0.21556558441558446, 0.24788227328227336], [0.22508720168720184, 0.31907608502608514, 0.19617005772005786, 0.2596666555666556], [0.24421203241203246, 0.31932905427905417, 0.14491480741480747, 0.2915441058941059], [0.2772815406815407, 0.30997928182928186, 0.141013813963814, 0.2717253635253637], [0.27824502719502725, 0.300810656010656, 0.1718523976023977, 0.24909191919191923], [0.3248109612609612, 0.21985569430569435, 0.18654365079365087, 0.2687896936396937], [0.28665183150183166, 0.2528324730824731, 0.17784629814629827, 0.2826693972693973], [0.21438267647385298, 0.2638622100122101, 0.20903045843045848, 0.31272465508347863], [0.23288577533577548, 0.2857348928848929, 0.2145752192252193, 0.26680411255411257], [0.2303626429126431, 0.29095829725829736, 0.1919427066397656, 0.2867363531892945], [0.23464886224886228, 0.3066949772449773, 0.22370913530913542, 0.2349470251970253], [0.24888028083028096, 0.2900577922077924, 0.16387399822399834, 0.2971879287379289], [0.23352521922521938, 0.33565884670884655, 0.1491245143745145, 0.2816914196914198], [0.23209474136974154, 0.3159986679986682, 0.18555987345987346, 0.2663467171717172], [0.26141983571983574, 0.24397822177822184, 0.177401370851371, 0.31720057165057164], [0.3035068098568101, 0.1850406426906427, 0.1978971306471307, 0.3135554168054169], [0.2701199023199023, 0.25387128427128436, 0.24565073260073259, 0.2303580808080808], [0.19822702101819759, 0.34107212232212253, 0.18302931512931522, 0.27767154153036505], [0.23666926406926408, 0.2820653790653792, 0.1966391497391498, 0.2846262071262072], [0.2345690198690199, 0.26940971805971825, 0.177312026862027, 0.3187092352092353], [0.2082831890331891, 0.2859038239538239, 0.2067886724386725, 0.2990243145743144], [0.23275034687534693, 0.295382822732823, 0.2133176406926408, 0.25854918969918983], [0.23826421356421357, 0.26741767121767124, 0.22167536352536366, 0.27264275169275165], [0.27700883283383293, 0.2838942723942724, 0.20189358419358425, 0.23720331057831082], [0.270584731934732, 0.24851166611166617, 0.1882386446886448, 0.29266495726495745], [0.26431877011877025, 0.24410667110667117, 0.20099732489732489, 0.29057723387723383], [0.18372915695415698, 0.27446335886335893, 0.1842874014874015, 0.35752008269508256], [0.2189626076537842, 0.26526721056721064, 0.17579371739371752, 0.3399764643852879], [0.2517042624042625, 0.29042433677433677, 0.19957697302697325, 0.25829442779442796], [0.25874901569019215, 0.3093032467532467, 0.16695602730602738, 0.264991710250534], [0.2767148518148518, 0.2318355810855812, 0.17179369519369533, 0.31965587190587186], [0.20826578976579, 0.29968701298701306, 0.19421501831501842, 0.2978321789321789], [0.2623780386280387, 0.23803919968919984, 0.22220955155955174, 0.2773732101232101], [0.18855805305805312, 0.31438639971139976, 0.21197400377400388, 0.28508154345654324], [0.2491269064269066, 0.2988535742035742, 0.19871759906759917, 0.25330192030192034], [0.2027620046620047, 0.22598892773892781, 0.2584392440892442, 0.31280982350982356]]}, "rewritten": {"ids": ["97106591", "97107920", "97107950", "97111790", "97112170", "97112290", "97116500", "97116790", "98109090", "98110680", "98110710", "98111620", "98113881", "98116090", "98116940", "99105921", "99107560", "99107640", "99108010", "99108520", "99109370", "99109840", "99112531", "99112840", "99114890", "99116500", "99117630", "100108580", "100108990", "100109330", "100109980", "100111380", "101108080", "101108290", "101111210", "101111620", "101112160", "101114990", "101116130", "102110690", "102112170", "102112250", "102113210", "102114270", "102116340", "102121700", "103111540", "103113170", "103113610", "103113640", "103120730", "104111711", "104111990", "104112470", "104113550", "104114740", "104119290", "105110091", "105112260", "105113170", "105113210", "105113330", "105115380", "105116090", "105117351", "105119550", "106113260", "106115120", "106116640", "106116850", "106117790", "107112850", "107113840", "107114200", "107115140", "107116300", "107117010", "107118780", "107119950", "107120010", "107120130", "107121230", "107121540", "108113760", "108114040", "108114360", "108115870", "108115970", "108117720", "108118291", "108118520", "108118630", "108120621", "108121160", "108121410", "109116441", "109116750", "109119591", "110114920", "110115140", "110115250", "110117110", "110117200", "110118161", "110118181", "110118740", "110120531", "110120560", "110121720", "111114171", "111114321", "111114941", "111115770", "111116090", "111116170", "111118910", "111119150", "111119340", "111120280", "111120640", "111121930", "112116401", "112116640", "112116850", "112116900", "112117580", "112118620", "112118810", "112118820", "112118860", "112120540", "112120990", "113117550", "113118810", "113118820", "113119340", "113119950", "113120780", "113121680", "113122170", "113122190", "113122230"], "labels": [1, 0, 2, 2, 0, 1, 2, 2, 1, 2, 2, 3, 3, 0, 2, 1, 1, 1, 2, 2, 1, 2, 3, 2, 2, 2, 3, 0, 2, 0, 1, 3, 0, 0, 2, 3, 3, 3, 2, 0, 3, 0, 3, 3, 3, 1, 1, 3, 2, 1, 1, 1, 2, 1, 1, 2, 1, 0, 3, 0, 3, 3, 1, 1, 0, 1, 3, 1, 3, 3, 1, 1, 3, 2, 0, 0, 1, 1, 3, 1, 2, 0, 2, 1, 0, 1, 3, 2, 1, 3, 0, 1, 1, 2, 0, 3, 0, 0, 3, 0, 1, 0, 3, 0, 1, 3, 0, 0, 3, 3, 1, 0, 3, 3, 0, 0, 3, 3, 0, 0, 1, 0, 0, 0, 3, 0, 3, 3, 0, 3, 3, 2, 3, 3, 0, 0, 0, 0, 1, 1, 1, 1], "predicted_labels": [1, 0, 1, 3, 3, 1, 0, 0, 1, 1, 1, 1, 1, 3, 1, 1, 1, 3, 1, 1, 3, 3, 1, 1, 1, 1, 0, 1, 1, 1, 0, 1, 1, 3, 3, 1, 3, 1, 3, 3, 3, 1, 3, 3, 1, 1, 3, 1, 1, 0, 1, 3, 0, 3, 0, 3, 3, 1, 1, 3, 3, 3, 1, 3, 0, 0, 1, 3, 3, 1, 1, 1, 3, 3, 3, 3, 1, 3, 1, 3, 3, 1, 3, 3, 3, 1, 1, 0, 3, 0, 0, 1, 1, 1, 0, 1, 1, 1, 3, 3, 3, 1, 1, 1, 1, 0, 3, 3, 1, 3, 1, 3, 1, 3, 1, 3, 3, 1, 1, 1, 3, 0, 1, 3, 1, 1, 3, 1, 3, 3, 1, 1, 3, 3, 3, 1, 0, 1, 3, 3, 3, 1], "confidence_scores": [[0.2670031968031969, 0.2761760628260629, 0.1881268481518482, 0.2686938922188924], [0.31217271617271625, 0.1755184815184815, 0.20405510045510047, 0.3082537018537019], [0.2533911976911977, 0.284996447996448, 0.20013155733155744, 0.2614807969807972], [0.23826441336441337, 0.26356686924186934, 0.22982333499833504, 0.26834538239538247], [0.2483930014430013, 0.2772372516372518, 0.18534568764568773, 0.2890240592740594], [0.2208172438672439, 0.3346271284271283, 0.18006868686868707, 0.2644869408369408], [0.2645050727050728, 0.2599733155733156, 0.2525838411588412, 0.2229377705627706], [0.27117319347319363, 0.2563457015207016, 0.2286351870351871, 0.24384591797091812], [0.24245921023421027, 0.3036246586746586, 0.22344166944166965, 0.23047446164946178], [0.23351252636252645, 0.30805301365301374, 0.2276145965145966, 0.23081986346986347], [0.25541129785247435, 0.3067379564879566, 0.20879158064158074, 0.22905916501798862], [0.19525446220446221, 0.30811591186591203, 0.2474726995226995, 0.24915692640692652], [0.25978855588855604, 0.27821969317232476, 0.19863049552786402, 0.2633612554112554], [0.2620003024753026, 0.22652160894660894, 0.21268155178155188, 0.29879653679653684], [0.23453262570762587, 0.30869234099234083, 0.21629626762126772, 0.24047876567876572], [0.23942020202020212, 0.2771531968031969, 0.21200997890997894, 0.2714166222666222], [0.21563453768453766, 0.3117111499611502, 0.18184563769563783, 0.2908086746586747], [0.22759649794649797, 0.26343583916083924, 0.22426658064158073, 0.28470108225108226], [0.2669815961815962, 0.3245144688644689, 0.19243046398046407, 0.21607347097347102], [0.2536612387612389, 0.2751720057720058, 0.2328919247419248, 0.23827483072483086], [0.22993576978576988, 0.2597589133089133, 0.2196227883227885, 0.2906825285825284], [0.19336861471861475, 0.24574643689643708, 0.2647258741258742, 0.2961590742590744], [0.2727074536574537, 0.2803283161283161, 0.1698692141192141, 0.2770950160950163], [0.2294361582861584, 0.3516487012987013, 0.16883025863025863, 0.2500848817848818], [0.21640810578310596, 0.28758115218115216, 0.24460141247641257, 0.2514093295593297], [0.1754877400377401, 0.3088739149739151, 0.2568333666333667, 0.2588049783549784], [0.2744620157620159, 0.2489127733377735, 0.21858022533022542, 0.25804498556998573], [0.2287030525030526, 0.2647984681984683, 0.2585206709956713, 0.2479778083028084], [0.2073072427572428, 0.323766156066156, 0.1973851315351317, 0.27154146964146975], [0.273843665484842, 0.293762520812521, 0.19373357394239737, 0.23866023976023978], [0.30654872904872904, 0.2311841491841493, 0.1944172161172162, 0.26784990564990563], [0.28184572094572097, 0.2884045787545788, 0.15177839937839946, 0.277971300921301], [0.2849884781884782, 0.3046703296703298, 0.16740254745254746, 0.24293864468864487], [0.2714885503385503, 0.24040288600288615, 0.16803097458097468, 0.320077589077589], [0.2803059417706478, 0.23550882352941185, 0.15888390824861423, 0.3253013264513265], [0.24238474303474314, 0.29208248973248974, 0.18659430014430023, 0.27893846708846737], [0.21465639360639377, 0.20462594072594079, 0.24990045510045508, 0.33081721056721064], [0.18226510711510718, 0.395760195360195, 0.20360064935064937, 0.2183740481740483], [0.23728396603396612, 0.2572403457653458, 0.20395030802530806, 0.3015253801753802], [0.26296123321123344, 0.27860646575646575, 0.15282999973882339, 0.3056023012934777], [0.2621087301587301, 0.18127642161759813, 0.23399408010290373, 0.32262076812076806], [0.24725982350982362, 0.2816415806415808, 0.19691794316794325, 0.2741806526806527], [0.26321284826284824, 0.2732318348318349, 0.18957002997003006, 0.2739852869352873], [0.25613556998557, 0.2861077311577311, 0.16893871683871695, 0.28881798201798214], [0.21125513375513377, 0.30021777666777677, 0.20526304806304815, 0.28326404151404166], [0.2466391719391721, 0.30571385281385277, 0.20163596403596415, 0.2460110112110113], [0.27503663558663577, 0.22450817515817525, 0.20691878954378964, 0.2935363997113996], [0.2158007936507937, 0.28356565656565674, 0.23693472638472637, 0.2636988233988235], [0.21267662337662344, 0.282213888888889, 0.23417380952380953, 0.27093567821067843], [0.3545214463640934, 0.21739647574647594, 0.14384027361527374, 0.2842418042741573], [0.2761309218559218, 0.29894285159285156, 0.18148532578532586, 0.24344090076590086], [0.20878316683316692, 0.28755045510045507, 0.21465799755799772, 0.2890083805083806], [0.27919425019425026, 0.27747830502830534, 0.19550646575646588, 0.24782097902097908], [0.18504943389943396, 0.2864078532578533, 0.199091885891886, 0.32945082695082695], [0.29251197136197127, 0.2473931290931291, 0.18096564546564545, 0.2791292540792542], [0.2321094516594516, 0.26841497391497415, 0.21345247530247538, 0.28602309912309914], [0.16600598094715752, 0.2882835275835276, 0.22309411895294243, 0.32261637251637254], [0.24568828948828958, 0.2670809246309247, 0.22265909090909106, 0.26457169497169497], [0.2241911310911311, 0.3000964313464314, 0.182445770895771, 0.29326666666666673], [0.2030994449994451, 0.23572250331367983, 0.17979430667371854, 0.38138374501315686], [0.23246502468120123, 0.2918272477522478, 0.1623926379176381, 0.3133150896489132], [0.28861138861138874, 0.23006849816849825, 0.1867168720168721, 0.2946032412032413], [0.23891332556332556, 0.2969069763569765, 0.17012233877233882, 0.2940573593073593], [0.23876025086025082, 0.24182018537018554, 0.21911555666555674, 0.30030400710400706], [0.30693104673104676, 0.2360034632034633, 0.1807876605850291, 0.2762778294804611], [0.3041029026529026, 0.29188614718614714, 0.156679797979798, 0.2473311521811523], [0.28929862914862936, 0.3150464979464978, 0.14181724386724398, 0.25383762903762913], [0.27912913197913203, 0.25639869019869027, 0.14739699744699752, 0.3170751803751804], [0.21874539904539902, 0.2507097327509093, 0.2274731112025231, 0.30307175700116873], [0.24707839382839394, 0.3147252747252747, 0.1967913170163171, 0.24140501443001455], [0.24944155289155306, 0.2903874514374514, 0.1799187590187591, 0.28025223665223653], [0.2113183205683207, 0.3528335275835276, 0.14920602175602185, 0.28664213009213], [0.27584385614385626, 0.2597768009768011, 0.17794749694749698, 0.28643184593184584], [0.214158746808747, 0.28191677211677224, 0.15818374783111624, 0.34574073324336485], [0.2622152236652237, 0.1799740481740484, 0.2026195360195361, 0.35519119214119227], [0.23665638805638803, 0.25724526862026886, 0.1828569069819071, 0.32324143634143654], [0.19766862026862034, 0.2909624542124543, 0.22928715728715723, 0.2820817682317682], [0.2160327061827063, 0.2550048618048619, 0.22635098790098795, 0.3026114441114442], [0.24064280523398168, 0.3016579809079811, 0.1689592740592742, 0.28873993979876345], [0.18330748695748691, 0.27868419913419923, 0.2358875346875347, 0.3021207792207793], [0.21450358807858808, 0.26617495837495847, 0.25075772283272296, 0.2685637307137308], [0.1849847818847821, 0.3072726753638519, 0.2166212862301099, 0.2911212565212566], [0.18334471084471085, 0.2777342823842824, 0.24259520479520497, 0.296325801975802], [0.2550102231102232, 0.23220132090132103, 0.24469856079592928, 0.26808989519252674], [0.18872166167166177, 0.2857080197580199, 0.22535365190365209, 0.30021666666666674], [0.21857171717171728, 0.3033026418026419, 0.2509242146742148, 0.22720142635142646], [0.24226355866355878, 0.2892652763902766, 0.18379710844710853, 0.2846740564990564], [0.2661251581751582, 0.2659389776889776, 0.21046435508935507, 0.2574715090465093], [0.23888485403485407, 0.22490226995226992, 0.17181613941613952, 0.3643967365967366], [0.3170841158841161, 0.2296960483960485, 0.16298611943611951, 0.2902337162837163], [0.29254451104451107, 0.2665559440559441, 0.19740347430347435, 0.24349607059607065], [0.19318210123210128, 0.3089032745032745, 0.2043502164502166, 0.29356440781440785], [0.2550211899211899, 0.287863875013875, 0.17039985569985575, 0.28671507936507934], [0.22777118992119008, 0.31619553224553226, 0.1958296092796094, 0.2602036685536688], [0.27835278405804736, 0.25362951697425395, 0.19675305250305258, 0.27126464646464643], [0.2528911255411257, 0.313646348096348, 0.15342926517926528, 0.28003326118326116], [0.28310222555222564, 0.2988500999001, 0.18649769119769133, 0.23154998334998347], [0.2466775613275615, 0.31009956709956704, 0.1956150571650572, 0.24760781440781446], [0.20662698412698427, 0.28434083694083684, 0.1870070707070709, 0.32202510822510816], [0.25868162393162414, 0.2510449772449774, 0.22634898989898994, 0.2639244089244088], [0.20951043401043398, 0.2535534798534799, 0.19697935952935966, 0.3399567266067265], [0.22490899655899663, 0.29241002690120343, 0.21826493702376062, 0.2644160395160396], [0.2522306943056944, 0.2742274261686027, 0.21938159259041623, 0.2541602869352871], [0.26269037629037634, 0.29751421911421927, 0.18517061272061294, 0.2546247918747919], [0.1825522255522256, 0.34939502164502134, 0.19858794538794544, 0.2694648074148074], [0.33598304473304474, 0.23987660117660126, 0.18952438117438128, 0.2346159729159729], [0.24410980963480977, 0.2762200937950939, 0.1490793872793873, 0.3305907092907093], [0.19236161616161618, 0.28708482073482083, 0.2189190939779175, 0.30163446912564557], [0.20668971028971037, 0.3161102730602731, 0.208272027972028, 0.2689279886779887], [0.21089735819735833, 0.309374161949162, 0.14619155844155848, 0.3335369214119215], [0.2659330780330781, 0.32288821178821164, 0.17661882561882566, 0.2345598845598846], [0.25398867243867257, 0.28334143079143087, 0.17021048396048397, 0.2924594128094129], [0.21191428016428024, 0.31164381174381167, 0.1957023236996922, 0.28073958439221613], [0.25158699078699087, 0.2503285270285271, 0.1811880452880452, 0.316896436896437], [0.2365842907092908, 0.35870775335775335, 0.15144910644910656, 0.25325884948384964], [0.23591132756132774, 0.26488722943722953, 0.18633492618492623, 0.3128665168165167], [0.2498141025641026, 0.25989445276945294, 0.18379494394494403, 0.30649650072150075], [0.271072027972028, 0.2915734071484071, 0.1831107115107116, 0.2542438533688534], [0.23987042402042405, 0.3167344488844489, 0.13885531135531134, 0.3045398157398159], [0.21868327783327796, 0.28567403707403727, 0.22027025752025758, 0.27537242757242764], [0.30091414141414147, 0.23753172383172394, 0.15589802974802983, 0.30565610500610496], [0.37831378621378614, 0.20418585858585866, 0.14752502497502504, 0.26997533022533027], [0.2188371406371408, 0.30366982461982456, 0.19401726051726062, 0.28347577422577425], [0.1954686591186592, 0.25822938450438454, 0.23674066211566222, 0.30956129426129436], [0.26189000280764996, 0.29659482625217926, 0.17682059607059605, 0.26469457486957493], [0.24760357420357437, 0.29698443778443784, 0.1705570540570541, 0.2848549339549341], [0.24624389499389496, 0.2690316960816962, 0.1591785596756187, 0.32554584924879043], [0.21628089688089688, 0.321654329004329, 0.1758695804195804, 0.2861951936951938], [0.2201730158730159, 0.28709711399711413, 0.14831911976911977, 0.34441075036075025], [0.20368326118326133, 0.2966014763014763, 0.1877811410811411, 0.3119341214341216], [0.27224867909867917, 0.2746438172938173, 0.18171257631257642, 0.2713949272949273], [0.185165578865579, 0.36791818736818743, 0.1877506632256633, 0.25916557054057054], [0.2403569153069154, 0.2726474858474859, 0.1912904373404374, 0.2957051615051615], [0.2011484848484849, 0.3136655047566813, 0.16683093116034303, 0.318355079234491], [0.2463628871128873, 0.2633183483183485, 0.17492973137973142, 0.3153890331890331], [0.28624315129315137, 0.30215288600288603, 0.13834062049062051, 0.27326334221334236], [0.29644771339771353, 0.24625675990676002, 0.19867691197691212, 0.2586186147186148], [0.23623992118992126, 0.29248520923520915, 0.20853341103341108, 0.26274145854145853], [0.1823079809079811, 0.26661540126540123, 0.22864453324453338, 0.3224320845820846], [0.1775217116217116, 0.30413065823065816, 0.21099871794871802, 0.3073489121989122], [0.21688674772939479, 0.23838617379352683, 0.21906169386169388, 0.3256653846153844], [0.22692470862470865, 0.31265778110778114, 0.17236985791985796, 0.28804765234765234]]}}