{"test": {"ids": ["107119390", "106119580", "103112641", "106115250", "99111620", "105113620", "107114140", "108117720", "103118110", "112116850", "105120280", "111121410", "107114321", "113121680", "107114621", "111115780", "112116501", "97106600", "99109370", "107118820", "97116410", "100110050", "112119610", "112118930", "105115720", "112118820", "113121750", "108118291", "105116501", "112118161", "105116441", "103111930", "109117630", "111115910", "107113170", "104111620", "98108370", "105111990", "97105451", "109118161", "106118520", "99107300", "106113360", "111121930", "109113591", "106120640", "112117471", "108115570", "112117030", "101109000", "104117200", "102111990", "97108520", "108114360", "113122650", "109118820", "103117200", "102110240", "103110050", "109116170", "98120530", "106118161", "101108460", "98106111", "110115980", "98112170", "109113931", "98120010", "110118810", "110118301", "103118291", "113122430", "111116100", "113122220", "112120540", "109119591", "112117571", "98107410", "100109311", "100108080", "107118120", "108119510", "106116120", "107114280", "112116610", "97107040", "102121440", "100116500", "105113210", "107115250", "105119550", "107121640", "101110150", "105115380", "106116441", "110116300", "104118340", "98107210", "102117351", "113119120", "99112840", "99107560", "101111140", "108115500", "102113981", "113119320", "103111110", "102109910", "111118910", "108118301", "98112580", "106116850", "100112060", "109117150", "111117000", "108116481", "100110260", "111116411", "110121500", "105112100", "111115620", "111117480", "112118880", "99108520", "97111790", "99110730", "104114240", "103110100", "112116290", "103109791", "113119700", "110115710", "112116900", "98111231", "102118380", "112117431", "106116820", "106117770", "109119450", "104111531", "110114950", "105118230"], "labels": [2, 3, 3, 2, 3, 0, 2, 1, 2, 0, 3, 0, 0, 1, 0, 1, 3, 3, 1, 3, 3, 3, 0, 1, 1, 0, 0, 3, 1, 0, 1, 3, 0, 2, 0, 0, 1, 2, 0, 0, 2, 3, 0, 1, 3, 3, 3, 3, 2, 1, 3, 2, 2, 1, 2, 3, 0, 3, 3, 0, 1, 3, 0, 0, 1, 3, 1, 2, 1, 1, 0, 2, 3, 1, 3, 0, 3, 3, 1, 0, 3, 1, 1, 3, 1, 2, 2, 2, 3, 2, 1, 1, 1, 1, 0, 3, 2, 1, 1, 3, 2, 1, 2, 3, 1, 1, 3, 2, 0, 1, 2, 3, 2, 2, 0, 0, 3, 0, 3, 1, 1, 1, 1, 2, 2, 3, 0, 1, 0, 3, 0, 2, 3, 1, 1, 0, 1, 0, 3, 0, 0, 1], "predicted_labels": [1, 3, 0, 1, 1, 3, 2, 3, 1, 1, 1, 3, 3, 1, 1, 0, 3, 3, 0, 3, 2, 3, 1, 3, 3, 0, 1, 3, 0, 0, 1, 1, 0, 1, 0, 0, 3, 2, 0, 3, 1, 0, 0, 3, 3, 3, 0, 3, 2, 3, 3, 2, 1, 3, 3, 3, 1, 2, 3, 3, 3, 2, 3, 3, 0, 3, 1, 2, 3, 0, 0, 0, 1, 0, 0, 3, 3, 3, 0, 2, 1, 1, 0, 1, 0, 1, 0, 1, 3, 3, 1, 1, 1, 3, 1, 1, 3, 3, 0, 1, 0, 0, 1, 1, 0, 3, 0, 3, 3, 1, 2, 1, 3, 1, 1, 1, 3, 0, 0, 1, 3, 3, 0, 3, 0, 2, 3, 3, 1, 2, 0, 1, 0, 2, 1, 0, 1, 3, 3, 1, 3, 3], "confidence_scores": [[0.13312550331905518, 0.37830175496139445, 0.1802804223789478, 0.3082923193406026], [0.1670873661815577, 0.24903353469812817, 0.26538640961915827, 0.31849268950115583], [0.3480840965659157, 0.21267769239144252, 0.14416299768700264, 0.2950752133556389], [0.26205441635132604, 0.30148416629868846, 0.22363507106047686, 0.21282634628950858], [0.21716803928091896, 0.3927151125062876, 0.1598492004373327, 0.2302676477754608], [0.14539200599895297, 0.19847750084238705, 0.2509116686629569, 0.4052188244957031], [0.10479196609312212, 0.08693801304495644, 0.6567298608051517, 0.15154016005676976], [0.23459860719309136, 0.2358778829267505, 0.24847204714910068, 0.28105146273105763], [0.29714630044867324, 0.3009700216911521, 0.2247332257237606, 0.17715045213641398], [0.1318233746730975, 0.38529709979347854, 0.12866610160102446, 0.35421342393239963], [0.22430696370800213, 0.2768939882403194, 0.25505445615928224, 0.24374459189239622], [0.15092352433982062, 0.24683629069983135, 0.11423151616900366, 0.4880086687913444], [0.3160404561973434, 0.2482486971832605, 0.09043210361185078, 0.34527874300754524], [0.11031404775082002, 0.3668057735584996, 0.24990638196064835, 0.2729737967300322], [0.17760075750149396, 0.5328535247843483, 0.10690055056740166, 0.18264516714675613], [0.334827398787567, 0.2544422839433255, 0.10241173038409782, 0.3083185868850096], [0.33430803766514927, 0.20014938192085643, 0.08007283651207374, 0.38546974390192046], [0.2879859534019764, 0.28184497270222203, 0.1289617248161724, 0.3012073490796292], [0.3660669703259247, 0.3041389772334709, 0.15066078943067893, 0.1791332630099254], [0.12354281261458562, 0.14986266446546148, 0.11908508237515207, 0.6075094405448008], [0.14777412542660667, 0.22687255837261022, 0.33777204616956763, 0.2875812700312156], [0.13648827839847358, 0.18792106250909082, 0.18850730246688324, 0.48708335662555247], [0.2129669596988424, 0.31006647364102813, 0.16962231136453196, 0.3073442552955974], [0.21702248943777158, 0.28126460246620744, 0.11936609457989819, 0.38234681351612293], [0.16969976224532501, 0.29257366559114345, 0.11292806259771716, 0.42479850956581416], [0.4054258875456923, 0.16611829157405023, 0.10865169543271604, 0.3198041254475413], [0.1973032989952619, 0.5373244203332626, 0.11738661385607776, 0.14798566681539777], [0.14966400690126586, 0.329777071565553, 0.09691558039876776, 0.4236433411344134], [0.5187879490952381, 0.14363755924892918, 0.08820509725316326, 0.24936939440266936], [0.384103791534861, 0.28999471209347827, 0.08923414321342171, 0.2366673531582391], [0.2191443493976745, 0.41492929653132177, 0.11468624132370196, 0.2512401127473016], [0.18829385800152953, 0.39082939141092976, 0.18937749622175093, 0.23149925436578986], [0.38114328454431695, 0.33293581302509817, 0.10198888897993666, 0.18393201345064844], [0.21466976607373575, 0.3516586242579917, 0.13238144740974161, 0.30129016225853106], [0.2968255680884084, 0.26289123275306786, 0.15939840716929096, 0.2808847919892329], [0.33786600948653206, 0.2875489608820619, 0.1450437953617804, 0.22954123426962558], [0.28265761616751556, 0.1409847748182649, 0.28735688100535917, 0.28900072800886023], [0.13271931318508795, 0.23628629572516588, 0.33377153619061944, 0.2972228548991264], [0.5540466879890241, 0.20225975953079858, 0.12127821539050088, 0.12241533708967636], [0.2317175554651815, 0.24299738953962682, 0.05979547994526968, 0.46548957504992194], [0.17444093212017686, 0.43982978167421444, 0.18909936821736348, 0.1966299179882452], [0.3009425298668315, 0.25604370766834517, 0.17446092568247373, 0.26855283678234965], [0.4924243229920618, 0.13920080945995536, 0.05325497798140048, 0.3151198895665823], [0.17538548569644466, 0.31299150003480725, 0.12961340767382337, 0.38200960659492483], [0.23934702430701923, 0.14238077408103772, 0.09785827497196234, 0.5204139266399808], [0.14151047093629088, 0.1724711871143481, 0.3364414350888082, 0.34957690686055276], [0.5120018118017375, 0.16138538759910293, 0.12837746902734587, 0.19823533157181383], [0.1769966601901801, 0.28139848429918296, 0.14543136910636958, 0.3961734864042674], [0.2139350003814443, 0.23552076753452975, 0.3446094932216, 0.20593473886242603], [0.23317841753096558, 0.2027471154117797, 0.18032732595525947, 0.38374714110199537], [0.2593901839897285, 0.2334787855270913, 0.13001209009579873, 0.3771189403873816], [0.241980371740871, 0.22898447611367861, 0.28244147787259916, 0.2465936742728513], [0.25400628021319765, 0.39303158843788677, 0.13007486603116644, 0.22288726531774916], [0.17984978415473493, 0.21474321824473153, 0.21457370605143383, 0.3908332915490996], [0.23106740897042788, 0.2353620035130396, 0.20641598608949746, 0.32715460142703523], [0.25450233086034896, 0.21272590400251878, 0.14777722118009332, 0.384994543957039], [0.2593599531491946, 0.31884282539108416, 0.19580622251821936, 0.2259909989415017], [0.2682719074519255, 0.25134361600518046, 0.2763296995572535, 0.2040547769856406], [0.31785157508394307, 0.19890402042311228, 0.10588070579027116, 0.37736369870267367], [0.34228678924458583, 0.20811455921097163, 0.10152147265634047, 0.348077178888102], [0.299677673668229, 0.2473962605043156, 0.12737067322983783, 0.3255553925976177], [0.20678385046808465, 0.2145347879409194, 0.3560279164630296, 0.22265344512796642], [0.17032399013449098, 0.22044705769088138, 0.2220288665628358, 0.38720008561179176], [0.3098549046154933, 0.1075221420532532, 0.2372772051916279, 0.3453457481396257], [0.42487757779216, 0.278822632622676, 0.12089340498085342, 0.17540638460431057], [0.24013199644156116, 0.1545331987060021, 0.20797227153127407, 0.3973625333211626], [0.1459938663086732, 0.48277977632437036, 0.174731392356113, 0.19649496501084351], [0.11607598489353853, 0.26648986976831046, 0.34684037681869256, 0.2705937685194585], [0.356269333097705, 0.1649720189010764, 0.09151160091735498, 0.38724704708386365], [0.400730754279363, 0.2748666565065919, 0.08955976084758274, 0.2348428283664624], [0.4649656549273529, 0.21947444720020667, 0.17809094607493672, 0.13746895179750374], [0.4496833131952228, 0.29768637880718124, 0.08533360121252957, 0.16729670678506628], [0.2907646270684861, 0.3228174694179567, 0.13063994610359486, 0.25577795740996245], [0.5210495136697644, 0.2065733278833515, 0.09024726315314856, 0.18212989529373563], [0.39200362923918514, 0.2914953499878955, 0.1369657147850096, 0.17953530598790973], [0.2517260134400261, 0.2887304668530887, 0.1170450138914018, 0.3424985058154835], [0.2624729224910418, 0.1933771785045575, 0.1775564768636811, 0.3665934221407197], [0.19255868555439384, 0.26494807152387734, 0.14908846697807962, 0.39340477594364914], [0.4090368914373249, 0.18355278866097627, 0.10942524062872565, 0.29798507927297324], [0.05726830321581287, 0.12586428368215682, 0.7118848179439384, 0.1049825951580921], [0.1866265093743112, 0.5114659835405464, 0.10300520408700087, 0.19890230299814166], [0.1600609509111302, 0.5539992784419859, 0.1305173961242971, 0.1554223745225869], [0.48517586974863086, 0.23769234937499906, 0.14020931535232165, 0.13692246552404835], [0.24601342220454886, 0.4033801104326239, 0.12942098479089945, 0.22118548257192802], [0.3726153868206791, 0.2881005187151812, 0.1451831146442181, 0.19410097981992175], [0.2214935581696136, 0.33282547077480207, 0.13449811379665488, 0.31118285725892936], [0.4158587774802882, 0.16943182680642824, 0.09810244785783365, 0.3166069478554499], [0.2359132562514929, 0.3816320461463888, 0.11199822813900304, 0.27045646946311525], [0.26958824438565715, 0.14408536386869095, 0.2379922097328244, 0.34833418201282756], [0.19530955941871486, 0.25971229669700546, 0.12746390509497724, 0.4175142387893025], [0.16828150427640695, 0.4157735106778946, 0.1447473360168796, 0.27119764902881904], [0.11941032617435585, 0.36250795012799497, 0.30304568664579307, 0.21503603705185612], [0.13728837625822798, 0.38554528045144926, 0.1325173248929777, 0.3446490183973449], [0.14833877238226725, 0.305797711919826, 0.2116568561412055, 0.33420665955670126], [0.1855884167951079, 0.46986968321143546, 0.1484858767260436, 0.19605602326741295], [0.199393902153079, 0.3507031773136639, 0.177810436137385, 0.27209248439587197], [0.17292746120855226, 0.29382380064911384, 0.18504274465788495, 0.34820599348444886], [0.20734551359395606, 0.24927018319369953, 0.12600050973714433, 0.4173837934752001], [0.4042738814767865, 0.2674833520887335, 0.109701161271255, 0.2185416051632251], [0.22475729324504262, 0.33057005208086315, 0.1255225751431767, 0.3191500795309175], [0.2906572193014212, 0.2876757949402408, 0.22162583238120287, 0.2000411533771352], [0.3791150193755323, 0.31061898317061143, 0.12168297608040479, 0.18858302137345148], [0.3107849695231633, 0.32028968588123974, 0.14271911550734553, 0.2262062290882513], [0.19418036476065867, 0.3508992369154866, 0.15530703624389786, 0.2996133620799569], [0.37051870054062547, 0.21779128420113475, 0.12913523436193244, 0.2825547808963074], [0.28667520548547726, 0.2650905374182382, 0.11733428003393044, 0.33089997706235413], [0.4097041005745605, 0.22750266413739556, 0.257729782033933, 0.10506345325411102], [0.2480378974353003, 0.1843488340687787, 0.2737611431715503, 0.29385212532437077], [0.15689920632501358, 0.3165986757720413, 0.13039096944703252, 0.3961111484559126], [0.2679409900009296, 0.3405191969222325, 0.1216662608901049, 0.2698735521867331], [0.10857706935817303, 0.1196885161423617, 0.593413804222885, 0.17832061027658036], [0.3064848729326128, 0.35384782619919103, 0.13713924992948154, 0.2025280509387147], [0.1729022560986125, 0.19101202859717398, 0.28169735690775205, 0.3543883583964616], [0.30445484569641046, 0.3380557747226961, 0.18018176575025122, 0.17730761383064222], [0.26069142684385976, 0.4579947656885022, 0.12489141115431614, 0.1564223963133218], [0.3248500246215805, 0.4569491606145282, 0.056033171119668455, 0.16216764364422281], [0.2842848259953706, 0.2601239291779677, 0.12043622013081455, 0.3351550246958471], [0.3961852645269727, 0.16090218357035524, 0.11576898139566609, 0.3271435705070058], [0.40083989655471963, 0.33820461979524064, 0.05685784595953347, 0.2040976376905063], [0.17948665934993738, 0.33216165941109765, 0.18401836429497437, 0.30433331694399074], [0.26537114032296144, 0.28064595058596453, 0.12581573390142073, 0.3281671751896533], [0.1552237728843587, 0.3213592555577783, 0.09498396559487937, 0.42843300596298367], [0.4474576107411952, 0.2925284791020544, 0.10050812995561631, 0.15950578020113404], [0.19304974395101412, 0.26483919305680714, 0.15977169508316663, 0.3823393679090121], [0.360251635314499, 0.20962241773762672, 0.18437072356905906, 0.24575522337881542], [0.11853633879638588, 0.14524395775426047, 0.5711420163962279, 0.1650776870531258], [0.19344337262304565, 0.22227816631326547, 0.1561482295133539, 0.4281302315503349], [0.12147981606856836, 0.23590499328736442, 0.20440293375703805, 0.4382122568870293], [0.28232293511495177, 0.298208948390394, 0.1861099664712854, 0.23335815002336888], [0.1845347017623436, 0.19645892034418957, 0.47760345472855004, 0.1414029231649169], [0.39577139960290175, 0.36943413076448417, 0.07503187662562161, 0.15976259300699247], [0.26786404981009015, 0.3088535873476012, 0.17325840672793255, 0.25002395611437617], [0.48343212004016445, 0.2210648848823088, 0.1340382623027044, 0.1614647327748224], [0.29349103806859217, 0.1928523707349644, 0.3081720587443439, 0.2054845324520997], [0.17892136834555897, 0.40008586396200185, 0.13234504104874395, 0.28864772664369515], [0.3302471660612485, 0.3094137726661805, 0.05984842276688844, 0.30049063850568275], [0.12525781577012743, 0.46619339581229924, 0.2456199334362742, 0.1629288549812992], [0.14842789074034732, 0.2954544724659181, 0.1619910434763253, 0.39412659331740946], [0.10618607199729031, 0.3371065401999813, 0.1281299502643845, 0.42857743753834393], [0.2637679233553893, 0.389619871024529, 0.10566585297807486, 0.24094635264200687], [0.13132177325664612, 0.2010635988580833, 0.1389984581815474, 0.528616169703723], [0.2176952325608197, 0.3084283624147336, 0.13046276308093968, 0.34341364194350693]]}, "rewritten": {"ids": ["97105451", "97106600", "97107040", "97108520", "97111790", "97116410", "98106111", "98107210", "98107410", "98108370", "98111231", "98112170", "98112580", "98120010", "98120530", "99107300", "99107560", "99108520", "99109370", "99110730", "99111620", "99112840", "100108080", "100109311", "100110050", "100110260", "100112060", "100116500", "101108460", "101109000", "101110150", "101111140", "102109910", "102110240", "102111990", "102113981", "102117351", "102118380", "102121440", "103109791", "103110050", "103110100", "103111110", "103111930", "103112641", "103117200", "103118110", "103118291", "104111531", "104111620", "104114240", "104117200", "104118340", "105111990", "105112100", "105113210", "105113620", "105115380", "105115720", "105116441", "105116501", "105118230", "105119550", "105120280", "106113360", "106115250", "106116120", "106116441", "106116820", "106116850", "106117770", "106118161", "106118520", "106119580", "106120640", "107113170", "107114140", "107114280", "107114321", "107114621", "107115250", "107118120", "107118820", "107119390", "107121640", "108114360", "108115500", "108115570", "108116481", "108117720", "108118291", "108118301", "108119510", "109113591", "109113931", "109116170", "109117150", "109117630", "109118161", "109118820", "109119450", "109119591", "110114950", "110115710", "110115980", "110116300", "110118301", "110118810", "110121500", "111115620", "111115780", "111115910", "111116100", "111116411", "111117000", "111117480", "111118910", "111121410", "111121930", "112116290", "112116501", "112116610", "112116850", "112116900", "112117030", "112117431", "112117471", "112117571", "112118161", "112118820", "112118880", "112118930", "112119610", "112120540", "113119120", "113119320", "113119700", "113121680", "113121750", "113122220", "113122430", "113122650"], "labels": [0, 3, 2, 2, 2, 3, 0, 1, 3, 1, 1, 3, 2, 2, 1, 3, 1, 2, 1, 3, 3, 2, 0, 1, 3, 3, 2, 2, 0, 1, 1, 2, 2, 3, 2, 1, 1, 1, 2, 3, 3, 1, 3, 3, 3, 0, 2, 0, 0, 0, 0, 3, 2, 2, 1, 3, 0, 1, 1, 1, 1, 1, 1, 3, 0, 2, 1, 0, 1, 3, 0, 3, 2, 3, 3, 0, 2, 3, 0, 0, 2, 3, 3, 2, 1, 1, 3, 3, 0, 1, 3, 1, 1, 3, 1, 0, 2, 0, 0, 3, 3, 0, 0, 2, 1, 3, 1, 1, 3, 1, 1, 2, 3, 0, 0, 1, 0, 0, 1, 0, 3, 1, 0, 3, 2, 0, 3, 3, 0, 0, 1, 1, 0, 3, 3, 1, 0, 1, 0, 1, 2, 2], "predicted_labels": [0, 1, 1, 1, 0, 1, 3, 0, 3, 2, 2, 3, 2, 3, 3, 0, 3, 3, 1, 2, 1, 1, 2, 0, 3, 3, 3, 1, 3, 3, 1, 1, 3, 0, 3, 0, 0, 3, 1, 2, 1, 1, 0, 1, 0, 1, 1, 0, 1, 0, 3, 3, 3, 3, 3, 2, 3, 3, 1, 1, 0, 1, 1, 2, 3, 1, 2, 3, 1, 1, 3, 1, 3, 1, 3, 3, 2, 1, 1, 1, 0, 3, 3, 3, 2, 3, 1, 1, 1, 3, 1, 1, 1, 3, 1, 3, 0, 0, 1, 1, 1, 1, 3, 1, 0, 1, 1, 0, 1, 3, 1, 3, 0, 3, 1, 0, 3, 3, 1, 1, 3, 0, 3, 3, 1, 0, 0, 3, 1, 1, 0, 3, 2, 0, 3, 3, 3, 1, 1, 0, 0, 3], "confidence_scores": [[0.45662369068285863, 0.2705204716569538, 0.12910865032073887, 0.14374718733944855], [0.2009250222131665, 0.3685050029407753, 0.10540117570977019, 0.32516879913628804], [0.13866282893753956, 0.4574227911095001, 0.1177422758863499, 0.28617210406661037], [0.288920817596118, 0.37816879160807004, 0.1294085514013877, 0.20350183939442423], [0.3419620178135792, 0.19898009591529214, 0.17501040516411387, 0.2840474811070148], [0.21386117528943238, 0.3245246422263777, 0.20182902143791975, 0.2597851610462701], [0.235264353060401, 0.18960075324175593, 0.21843832845585548, 0.35669656524198784], [0.2944284324202831, 0.21532053326087805, 0.2279768223253378, 0.2622742119935009], [0.22449427039091152, 0.1490565061647934, 0.24688798189396655, 0.37956124155032867], [0.1328062731995182, 0.1366909925096858, 0.488433300649413, 0.2420694336413831], [0.23387552828592942, 0.1925451957791328, 0.41806722509072813, 0.15551205084420958], [0.2126160157055694, 0.1709429275473726, 0.2982505602975092, 0.31819049644954905], [0.15366905897131372, 0.17194465508191245, 0.5551521469051992, 0.11923413904157487], [0.13151776962226142, 0.2675123012640273, 0.1958729815511585, 0.40509694756255293], [0.23502291162400396, 0.2257039886005928, 0.2324669173427719, 0.3068061824326313], [0.46282409201729113, 0.10872669552214756, 0.26581142598865737, 0.16263778647190383], [0.2661665741748118, 0.27531974999156145, 0.10644640240517068, 0.3520672734284562], [0.23446844107898565, 0.205590195949468, 0.22451411278911854, 0.3354272501824278], [0.15019314666060893, 0.6178679475963611, 0.087652404310075, 0.14428650143295493], [0.1258083959715597, 0.20922350066836487, 0.4584799336382689, 0.20648816972180645], [0.24923135721220577, 0.2983350011997907, 0.19022102199957233, 0.26221261958843123], [0.23863618021417024, 0.294769913463701, 0.18195984329358655, 0.2846340630285422], [0.17569287985798118, 0.30957205397508913, 0.3208062129064736, 0.1939288532604561], [0.3892949184840274, 0.27548342374417534, 0.10336351833125637, 0.2318581394405409], [0.17006841418049, 0.194348165011865, 0.2975855021855007, 0.33799791862214423], [0.24820488019092624, 0.20742152091493749, 0.10652207182290593, 0.43785152707123043], [0.16344309058911693, 0.2537039355461276, 0.17178826683614973, 0.4110647070286058], [0.14842821051477323, 0.4017207510847476, 0.12579148242822621, 0.32405955597225305], [0.33517999933795983, 0.20644582662611652, 0.10076204450726035, 0.3576121295286634], [0.293442143164479, 0.2687792620740728, 0.13729012563117973, 0.30048846913026844], [0.15707019672797687, 0.4723880366543106, 0.1461564513866085, 0.22438531523110392], [0.3074858503887875, 0.37062189732926715, 0.09395910102344081, 0.2279331512585045], [0.31091459801639293, 0.2478220232825491, 0.09551555075724963, 0.3457478279438084], [0.38456263219573195, 0.23888246360797674, 0.13989850329087103, 0.23665640090542042], [0.17192995536168387, 0.2125318686012624, 0.27299662636828753, 0.3425415496687663], [0.34520359155873515, 0.2733882257254158, 0.12036055217482315, 0.2610476305410258], [0.429101058808446, 0.2768494010799706, 0.11354239640921351, 0.1805071437023699], [0.2204326910883202, 0.29115537237640265, 0.17812197384432005, 0.3102899626909573], [0.22140804797124186, 0.4080608250318719, 0.1409467770436352, 0.22958434995325108], [0.1845347017623436, 0.19645892034418957, 0.47760345472855004, 0.1414029231649169], [0.25265086238391843, 0.3881881759032021, 0.10155795825814547, 0.25760300345473397], [0.2563664146175663, 0.33762065560590393, 0.17341332143508537, 0.23259960834144427], [0.39824763045917005, 0.30941713562315154, 0.12672190446648052, 0.16561332945119786], [0.27470401122462934, 0.41977196355449525, 0.10416415723893911, 0.20135986798193628], [0.6866206261931929, 0.11790362104117086, 0.06668326499961594, 0.1287924877660203], [0.2551869154163906, 0.3025247910352359, 0.2001778255767702, 0.2421104679716032], [0.26688183173135654, 0.3212894528436053, 0.26845777811049804, 0.14337093731454018], [0.3006680681473119, 0.23735929686405183, 0.282009111192098, 0.17996352379653846], [0.2972950340862309, 0.37187705734774706, 0.10085395892231663, 0.2299739496437055], [0.4110337377036125, 0.19132387955688582, 0.09835757568169812, 0.2992848070578034], [0.20730291740507104, 0.2666042059272123, 0.16732859799970756, 0.35876427866800914], [0.28402326103134173, 0.24918799660744875, 0.16784304141298947, 0.29894570094822015], [0.21849282757275534, 0.21506678769940804, 0.1381324113129349, 0.42830797341490173], [0.13502716381270355, 0.24494553291730806, 0.1384764459463918, 0.48155085732359676], [0.2915561089306046, 0.25870372793566715, 0.1290469037429147, 0.32069325939081367], [0.19269235409431337, 0.22170330410219402, 0.3176500278858143, 0.2679543139176784], [0.11728019304129199, 0.18304604876051236, 0.15805699295375303, 0.5416167652444427], [0.23616761542159798, 0.2820592320588652, 0.12683572000154822, 0.35493743251798876], [0.08484310081908367, 0.43621692326212985, 0.07180063696882477, 0.4071393389499616], [0.17445906935694738, 0.4481312759106055, 0.10434539530952708, 0.27306425942292023], [0.4946141102415934, 0.18209328324175358, 0.144016056876825, 0.17927654963982784], [0.27056138159507953, 0.4250418010157659, 0.11029843502873464, 0.19409838236042007], [0.20159284344358883, 0.3891460582197, 0.10424652577419988, 0.30501457256251135], [0.2762606213949015, 0.22444595048832808, 0.29758382386288657, 0.201709604253884], [0.18295101822621077, 0.2160505501844218, 0.29305111114191357, 0.3079473204474539], [0.2189529921367821, 0.4611728435978035, 0.1546338446843339, 0.16524031958108062], [0.2394364656979642, 0.27297998514831967, 0.30817875522946186, 0.1794047939242544], [0.2468136304866353, 0.24901774291189221, 0.11798225506906491, 0.3861863715324075], [0.07648467983946651, 0.5115261878194678, 0.24736195661037075, 0.16462717573069494], [0.25555183924686026, 0.4789910278895152, 0.114697881593978, 0.1507592512696467], [0.28169687993545195, 0.16755497321813523, 0.16989812921802525, 0.3808500176283876], [0.2633232938423796, 0.29776842040387563, 0.1573468354647132, 0.2815614502890316], [0.15455602607191724, 0.23901667818519381, 0.11418615285429172, 0.4922411428885975], [0.2610158526698021, 0.34335291570130383, 0.19037370883675866, 0.2052575227921354], [0.1340836939425513, 0.25115652767488006, 0.2171228064897388, 0.39763697189282976], [0.22043578715003295, 0.3054672978155225, 0.13650223318856328, 0.33759468184588126], [0.12457489935160847, 0.20588629396843242, 0.415002574600213, 0.2545362320797462], [0.13900919893890273, 0.4563403183540534, 0.17455908221912766, 0.2300914004879163], [0.2613849707215787, 0.3314349540011569, 0.126556672171695, 0.28062340310556944], [0.24490873212285816, 0.5465759574491131, 0.07803807403061883, 0.13047723639740985], [0.3162348005278794, 0.26044716196234213, 0.1964865721872433, 0.2268314653225352], [0.16041321416542514, 0.3634476007645567, 0.07659218474101863, 0.39954700032899976], [0.16529699714629212, 0.24386587175059052, 0.1255013903666382, 0.4653357407364792], [0.10517682401925482, 0.32051011317078765, 0.1806829612202505, 0.3936301015897071], [0.22613619954719308, 0.25139535079172437, 0.3596618196494705, 0.1628066300116121], [0.17540491416858692, 0.23297175654685132, 0.08283542696901812, 0.5087879023155436], [0.14198375670773558, 0.44400270559279037, 0.2545520816947366, 0.15946145600473766], [0.17176313398495896, 0.41469623570554515, 0.18558982499121213, 0.22795080531828382], [0.24523690659008324, 0.5797519065957326, 0.05256223081480941, 0.12244895599937478], [0.21018485630344438, 0.27703136894118946, 0.23044331981931424, 0.2823404549360519], [0.1847383976330216, 0.5391065579792802, 0.08967892942427762, 0.1864761149634206], [0.15928944005834136, 0.5162787300281417, 0.09562896704080384, 0.2288028628727131], [0.14639644379723607, 0.5383401400228207, 0.11474124976485019, 0.20052216641509307], [0.16410523400044016, 0.32868199386123836, 0.12781933540471507, 0.37939343673360654], [0.1832622028577122, 0.4942201978586758, 0.15446898780841725, 0.1680486114751949], [0.3020585247465419, 0.1732481275058249, 0.08849186725662962, 0.43620148049100366], [0.358344222308726, 0.2871896121797719, 0.17870755546243863, 0.17575861004906349], [0.5238191072704683, 0.18644196360535206, 0.08144946029101702, 0.20828946883316252], [0.19620828208568863, 0.4440184344939272, 0.13378709990585222, 0.2259861835145318], [0.2109137981565325, 0.3599961595134792, 0.09479570807210466, 0.3342943342578839], [0.15989103810231986, 0.3427808441036586, 0.18719220902019637, 0.31013590877382513], [0.21022742153690588, 0.416917648075259, 0.09762078153727226, 0.27523414885056285], [0.11003369530181197, 0.2470513915406691, 0.15238211846116753, 0.4905327946963514], [0.25390592293255776, 0.34342736723349643, 0.1648199847490429, 0.23784672508490282], [0.4404745837587663, 0.2590213347092635, 0.15497334858182732, 0.14553073295014313], [0.24094295792636294, 0.3336470523074164, 0.20713091459369953, 0.21827907517252101], [0.34456463021096817, 0.3980301395880252, 0.07836173595930297, 0.17904349424170368], [0.43820699768825655, 0.2524701227523876, 0.14712626774941384, 0.16219661180994208], [0.2756914097102825, 0.41069717814426215, 0.16621724719268105, 0.14739416495277413], [0.23745718373026242, 0.22553221430381667, 0.2400647212516851, 0.29694588071423583], [0.23851113166080742, 0.31165408138696016, 0.15996923711710437, 0.28986554983512797], [0.17550842170458336, 0.26943189549539875, 0.10142729864592695, 0.45363238415409096], [0.43487773620452946, 0.24667050091787804, 0.13170692667496614, 0.18674483620262633], [0.3349452215898881, 0.13603084807966234, 0.09787407710154013, 0.43114985322890936], [0.24243576496568794, 0.29188743921678995, 0.1783266880218842, 0.28735010779563774], [0.39673845481270276, 0.32508963033713034, 0.08867445996639214, 0.18949745488377479], [0.3289748231927765, 0.18217760698486435, 0.08875963896121225, 0.40008793086114725], [0.24480205023650253, 0.220325539000695, 0.1327520750562236, 0.40212033570657885], [0.23394318226755442, 0.3538871824987672, 0.10700483329554386, 0.30516480193813456], [0.28300040153464245, 0.3210420127320442, 0.15038080713062504, 0.24557677860268823], [0.28791662975640675, 0.28672955010414236, 0.09052387965096304, 0.33482994048848796], [0.35542460930702935, 0.23264017269193674, 0.13608335416059056, 0.27585186384044347], [0.1522429376735958, 0.18337085695161123, 0.11307538455091318, 0.5513108208238798], [0.23838777408972395, 0.18623653152958602, 0.19718104873898196, 0.37819464564170835], [0.13508838121107172, 0.3643973080962343, 0.21450636715340923, 0.2860079435392849], [0.3906311013546563, 0.19261205116275462, 0.07218966291914448, 0.34456718456344465], [0.5764641205880829, 0.11285585948001305, 0.11771874549715129, 0.1929612744347526], [0.27755145888841704, 0.3135840961901184, 0.0939556169340053, 0.31490882798745906], [0.257213312866969, 0.5165066669654412, 0.08968670365410976, 0.13659331651348006], [0.2851050089110639, 0.30498434514666, 0.15401196458777747, 0.2558986813544986], [0.4860360596551231, 0.22437614522512966, 0.11440744305962877, 0.1751803520601185], [0.34151340586251155, 0.1983668851876077, 0.10584051271271597, 0.35427919623716475], [0.19477697415001863, 0.2622430911309177, 0.2959138653098722, 0.24706606940919168], [0.3382799828205301, 0.24450584730968528, 0.2868356235978723, 0.13037854627191242], [0.2594016903830719, 0.23296216012429447, 0.12386848193846044, 0.38376766755417335], [0.2494237920968566, 0.2888286930993339, 0.1206239803955958, 0.34112353440821375], [0.18724554246594485, 0.3163274588994166, 0.15815485755923303, 0.33827214107540554], [0.13030073660214264, 0.3856694938218693, 0.1279395974858722, 0.3560901720901159], [0.19574633880237718, 0.5160911498850149, 0.12370662784089223, 0.16445588347171566], [0.4559498192528353, 0.20257637322185384, 0.07568349289677741, 0.2657903146285333], [0.3682296916743824, 0.2819781182097543, 0.19721598940318866, 0.1525762007126746], [0.21826093169278607, 0.2391900482019697, 0.13222050188473658, 0.4103285182205077]]}}