{"test": {"ids": ["102110240", "112119950", "109118161", "98111670", "111116110", "103113640", "102114270", "111119250", "111119340", "97107260", "104109311", "111120260", "99105921", "109114651", "113118111", "107116980", "111119430", "113120830", "107118780", "112118471", "107113550", "109117630", "105110091", "107114321", "103118291", "105117431", "97106770", "104112201", "112120700", "101117580", "105118230", "110116300", "112118860", "104111830", "106114011", "98116090", "109121410", "103120531", "108115970", "98116940", "102112170", "109116750", "111115770", "113119120", "104116980", "112120640", "111119950", "99109910", "107113180", "107120260", "100109330", "106117770", "112118161", "98117740", "109114720", "106115120", "106117650", "107116300", "110116290", "112120670", "105118171", "111117480", "113118421", "110117200", "99109370", "99116500", "107114621", "113122120", "112121010", "109120560", "98106680", "108115880", "102109850", "113119480", "111120190", "101115190", "97116410", "109116930", "107118490", "100109801", "105117200", "105116650", "113121220", "102112030", "112121030", "98107340", "104119290", "101108500", "109116170", "108118291", "110120531", "99107500", "104117630", "112120540", "112116880", "107120880", "108118630", "105119950", "112116640", "101109120", "113119320", "107113130", "103120290", "110116170", "109118701", "104113170", "104113190", "111116750", "106113830", "103120730", "106121190", "112116401", "113118690", "103110100", "108117360", "97107920", "108119550", "106116850", "99119830", "97106000", "100108520", "110115710", "112116451", "99108010", "107112850", "101110740", "100108490", "105113440", "111114321", "112116290", "103111480", "102107961", "105116860", "110119030", "111118820", "111120531", "105116980", "109117110", "110120640", "112116810", "111117200", "112119500"], "labels": [3, 0, 0, 1, 3, 1, 3, 1, 3, 2, 3, 3, 1, 3, 1, 3, 3, 3, 1, 1, 0, 0, 0, 0, 0, 1, 3, 0, 2, 3, 1, 3, 3, 3, 1, 0, 0, 3, 2, 2, 3, 0, 3, 3, 1, 0, 0, 2, 3, 1, 0, 0, 0, 2, 0, 1, 1, 0, 2, 2, 3, 1, 3, 3, 1, 2, 0, 1, 2, 1, 1, 3, 1, 3, 3, 1, 3, 0, 2, 0, 3, 1, 3, 2, 0, 0, 1, 3, 0, 3, 0, 0, 0, 3, 0, 1, 1, 3, 0, 1, 1, 1, 2, 0, 3, 3, 3, 3, 1, 1, 2, 0, 3, 1, 1, 0, 1, 3, 1, 0, 2, 2, 0, 2, 1, 3, 2, 0, 1, 0, 0, 3, 2, 0, 0, 0, 0, 1, 0, 3, 0, 2], "predicted_labels": [1, 0, 1, 3, 3, 0, 1, 3, 1, 3, 3, 1, 1, 3, 3, 1, 1, 1, 1, 3, 2, 1, 1, 3, 1, 1, 1, 3, 1, 3, 3, 1, 1, 1, 1, 3, 1, 1, 1, 1, 3, 1, 1, 3, 3, 1, 1, 2, 1, 1, 1, 3, 1, 1, 3, 0, 1, 0, 1, 1, 3, 1, 0, 3, 3, 1, 1, 1, 1, 2, 1, 1, 1, 0, 1, 1, 1, 3, 1, 1, 1, 1, 3, 1, 0, 3, 3, 1, 1, 1, 3, 3, 0, 1, 1, 1, 3, 1, 3, 3, 3, 2, 2, 1, 1, 1, 3, 0, 3, 1, 1, 0, 1, 2, 3, 3, 3, 1, 1, 3, 0, 1, 0, 1, 1, 1, 3, 3, 1, 1, 3, 1, 1, 3, 0, 1, 1, 1, 1, 1, 1, 1], "confidence_scores": [[0.22752876290376295, 0.2830212537462537, 0.2301275391275394, 0.2593224442224444], [0.30895638805638814, 0.2643156149406149, 0.15122440337440338, 0.2755035936285938], [0.2801249583749585, 0.28869557387057393, 0.18149958929958937, 0.2496798784548786], [0.1865460733710735, 0.26530294150294165, 0.2699321317571319, 0.2782188533688535], [0.2066691752691753, 0.23701440781440788, 0.20465239205239225, 0.35166402486402476], [0.2925464146964147, 0.280482561882562, 0.18501909201909209, 0.2419519314019315], [0.23394664942900245, 0.3267571745248218, 0.18505678210678217, 0.254239393939394], [0.16937943722943727, 0.2850326118326119, 0.23725306637806642, 0.30833488455988456], [0.24016136641136654, 0.2906561771561771, 0.18836673881673877, 0.2808157176157178], [0.16683702963702968, 0.24388383087500745, 0.24432058137940493, 0.3449585581085583], [0.26710069930069913, 0.28308193473193466, 0.14634962814962818, 0.3034677378177379], [0.2905039072039072, 0.2987296647796647, 0.15504131979131983, 0.25572510822510836], [0.24401099456099462, 0.3006302253302255, 0.2011257908757909, 0.2542329892329893], [0.2649415417915419, 0.2378904761904763, 0.1985613275613276, 0.29860665445665446], [0.20835128596893304, 0.310393045843046, 0.16252244422244422, 0.31873322396557696], [0.2519632998580368, 0.2636644355644356, 0.23584374309900621, 0.24852852147852159], [0.2150742424242424, 0.30257975357975353, 0.2167669275169276, 0.26557907647907664], [0.19983686313686316, 0.3010156177156178, 0.20127712842712836, 0.29787039072039073], [0.2321631091131093, 0.2811798479298482, 0.21840767010767023, 0.2682493728493729], [0.2615461538461539, 0.25824875124875135, 0.21292890442890444, 0.26727619047619045], [0.22790026085026094, 0.24518419913419928, 0.284988911088911, 0.24192662892662906], [0.24848895548895558, 0.29656026196026203, 0.22166935286935296, 0.23328142968142976], [0.2062964646464647, 0.2906577200577201, 0.22791958041958063, 0.2751262348762349], [0.1784515151515153, 0.25167633477633494, 0.18536500721500718, 0.3845071428571428], [0.24798077837195479, 0.29886845507433757, 0.20236728826728828, 0.2507834782864196], [0.1911749972249972, 0.33419271839271836, 0.20232565767565783, 0.2723066267066269], [0.25770829725829747, 0.2608064435564435, 0.23213132978132978, 0.2493539294039295], [0.23962892662892663, 0.23293818958818957, 0.2209183649683651, 0.30651451881451874], [0.18073295038295045, 0.34124980019980006, 0.2217428848928849, 0.25627436452436464], [0.2758199467199467, 0.24168876678876697, 0.17991218781218796, 0.30257909867909866], [0.2413981462981464, 0.2818646242646242, 0.16601002886002894, 0.3107272005772005], [0.1742582845259317, 0.3279572094572094, 0.21676573426573426, 0.2810187717511247], [0.21108479853479864, 0.30712002442002456, 0.22762943722943738, 0.25416573981573987], [0.22205983460983472, 0.301019363969364, 0.21376206571206574, 0.2631587357087359], [0.24265529470529482, 0.3176544594294594, 0.20150644355644365, 0.23818380230880243], [0.2136735209235211, 0.2586364302364304, 0.24117495282495288, 0.28651509601509606], [0.20264760794760803, 0.3347340992340992, 0.1932010267510268, 0.269417266067266], [0.23014451659451673, 0.3296025696525697, 0.17185306915306917, 0.2683998445998446], [0.24174782162282177, 0.2853668664668664, 0.1908036796536797, 0.28208163225663224], [0.211225296925297, 0.32475965700965687, 0.22793621933621944, 0.23607882672882685], [0.26340831390831393, 0.21393562548562559, 0.20954879564879564, 0.3131072649572651], [0.2300810594634125, 0.32410397772162475, 0.19702100677100684, 0.2487939560439561], [0.2294964868464869, 0.2831775835275835, 0.2107682595182596, 0.27655767010767024], [0.24585621045621064, 0.21818920523920532, 0.15170112110112113, 0.3842534632034632], [0.18409622599622597, 0.27700438450438464, 0.2535607947607948, 0.2853385947385948], [0.2448738147473444, 0.2780102247425778, 0.22093802374096497, 0.2561779367691132], [0.23716404706404723, 0.2778449494949494, 0.22628888333888345, 0.25870212010212024], [0.17322850482850488, 0.2723475912975913, 0.3043731213231214, 0.2500507825507827], [0.19205157795420968, 0.27621955296165834, 0.25889968919968936, 0.272829179884443], [0.24329346209346223, 0.3230142302142301, 0.1927161932838405, 0.24097611440846736], [0.22589714729714735, 0.28412579642579633, 0.21039570984571, 0.27958134643134663], [0.19589587634587644, 0.27192123432123444, 0.21969523809523825, 0.31248765123765126], [0.24355887445887445, 0.3006630425130425, 0.1656034132534134, 0.2901746697746697], [0.1862057442557443, 0.3081932678432677, 0.21304247419247416, 0.29255851370851377], [0.1618572871572872, 0.3080227772227774, 0.2135103896103897, 0.31660954600954583], [0.29112728032201723, 0.27315526140526136, 0.18163734949261268, 0.2540801087801089], [0.2429930236430237, 0.29348513708513724, 0.19268870214752568, 0.2708331371243137], [0.2543344877344877, 0.25318593073593093, 0.24906774891774894, 0.24341183261183283], [0.20918068043068044, 0.29423424353424354, 0.20474697916462622, 0.29183809687045], [0.19530322455322469, 0.27307909867909874, 0.27233422133422136, 0.2592834554334555], [0.26186161061161056, 0.26464744699744724, 0.13066656676656682, 0.34282437562437557], [0.25948096429714085, 0.2892421841230664, 0.16211479631479633, 0.2891620552649965], [0.315350409068056, 0.25171324231324227, 0.13284004329004329, 0.30009630532865833], [0.2516316516816517, 0.2710421300921302, 0.19610283605283604, 0.2812233821733823], [0.23365901875901884, 0.2695251090412856, 0.22692647271029626, 0.2698893994893996], [0.17463597513597526, 0.3226352036852037, 0.2518167554667556, 0.2509120657120657], [0.20285066600066598, 0.313658053058053, 0.19998574203574207, 0.283505538905539], [0.2712944943944945, 0.29621864801864795, 0.19826774891774898, 0.23421910866910867], [0.20383352203352215, 0.3418700521700521, 0.18623842268842272, 0.2680580031080031], [0.14190950160950166, 0.2900027805527806, 0.31018039738039727, 0.25790732045732045], [0.1939845376845378, 0.3156909285159286, 0.2677608252858254, 0.2225637085137086], [0.26409697524697534, 0.2905625707625706, 0.18665779775779778, 0.2586826562326563], [0.16408540903540914, 0.3068514430014431, 0.2901194028194028, 0.2389437451437452], [0.28669637029637035, 0.25738972693972706, 0.17481462426462435, 0.28109927849927885], [0.18577868797868796, 0.3634602730602732, 0.18822089577089587, 0.26254014319014324], [0.1877442168942169, 0.30611399711399706, 0.21402002442002455, 0.2921217615717614], [0.17638759573759583, 0.2949570707070708, 0.26793392718392733, 0.2607214063714065], [0.2211540071040072, 0.25370663780663794, 0.24958125208125218, 0.27555810300810313], [0.2193656621156622, 0.287767032967033, 0.23455786435786452, 0.25830944055944066], [0.21199111444111451, 0.3373232101232099, 0.20712397047397046, 0.24356170496170507], [0.2242736652236652, 0.3366436008436009, 0.1658583694083695, 0.2732243645243646], [0.22659789099789107, 0.3148798423798422, 0.2510077113289188, 0.20751455529334784], [0.23496828171828177, 0.2649290764790765, 0.17968001443001455, 0.3204226273726275], [0.1973385167120461, 0.3130698797934092, 0.2100232626850274, 0.27956834080951737], [0.29113608058608065, 0.24648754578754595, 0.1823857586857588, 0.2799906149406151], [0.19285937950937967, 0.2305781385281386, 0.23745346320346328, 0.33910901875901867], [0.16740612720612721, 0.29367450882450885, 0.1983295260295261, 0.34058983793983794], [0.19102931235431245, 0.3097213369963371, 0.24053636363636366, 0.2587129870129872], [0.18154485514485516, 0.3078043872793874, 0.20970021204285916, 0.3009505455328985], [0.26003632315397046, 0.27683795093795105, 0.19599815184815197, 0.2671275740599271], [0.21822256077256083, 0.28926332556332557, 0.1638196248196249, 0.3286944888444889], [0.18691964146964155, 0.31839418359418376, 0.1733977744477745, 0.3212884004884005], [0.271099583749584, 0.2642457875457876, 0.21929751359751362, 0.24535711510711516], [0.2481668831168832, 0.33156809301809276, 0.1917316183816185, 0.22853340548340556], [0.19898548673548683, 0.2976417748917746, 0.20752109002109012, 0.2958516483516485], [0.1924013431013433, 0.30048023088023107, 0.25127500832500843, 0.2558434176934179], [0.18803129648129666, 0.30135501165501183, 0.1807917859917861, 0.32982190587190596], [0.24541645021645028, 0.3124261904761904, 0.19428227328227335, 0.24787508602508634], [0.2435555056055057, 0.285956415806416, 0.1797553113553114, 0.29073276723276725], [0.20570449550449552, 0.2835969641469642, 0.2128732545232546, 0.2978252858252859], [0.2683217615717616, 0.2868998945498945, 0.14917259962259968, 0.2956057442557444], [0.2519921356421357, 0.2529448051948053, 0.2576598845598848, 0.2374031746031747], [0.18043407703407705, 0.2734052836052837, 0.28514012099012104, 0.2610205183705185], [0.19248832278832287, 0.3128667665667665, 0.18668726273726288, 0.307957647907648], [0.23328506493506504, 0.29563193473193455, 0.2036476190476191, 0.26743538128538136], [0.17802798035298048, 0.33167402597402595, 0.1880735042735043, 0.3022244893994895], [0.2549593628593629, 0.2547140637140638, 0.1727004329004329, 0.3176261405261404], [0.32756931401931394, 0.1890174825174826, 0.1677753968253969, 0.31563780663780666], [0.2343955322455323, 0.27188159618159613, 0.1422231990231991, 0.3514996725496725], [0.25782947607947626, 0.2944344877344877, 0.20786791541791558, 0.2398681207681208], [0.15853433788433793, 0.33631805416805416, 0.239667476967477, 0.26548013098013107], [0.3235188533688535, 0.24407304917304928, 0.16806469086469092, 0.2643434065934067], [0.2468098124098125, 0.2917789654789656, 0.17314701409701413, 0.28826420801420805], [0.23679510848628513, 0.23762568118156363, 0.2664451159951162, 0.2591340943370357], [0.14221697191697194, 0.2613740981240981, 0.2655297868797868, 0.33087914307914307], [0.28279795204795205, 0.20425376012876026, 0.1988342074592075, 0.31411408036408056], [0.23758190306425614, 0.2688084360084362, 0.22160460691699094, 0.2720050540103174], [0.20678761238761245, 0.32868808136308153, 0.20791634199134204, 0.2566079642579644], [0.18788297535797546, 0.2981406565656567, 0.22443112998113013, 0.28954523809523797], [0.14314005994006002, 0.2789634088134089, 0.21930210900210906, 0.3585944222444222], [0.29001820401820394, 0.2231321511821513, 0.24661040626040634, 0.24023923853923865], [0.2074546536796538, 0.2993951798201798, 0.21649684759684767, 0.27665331890331896], [0.33986131646131623, 0.27014081474081486, 0.1414319846819848, 0.24856588411588418], [0.2103743256743258, 0.34003731823731836, 0.2087855699855699, 0.24080278610278616], [0.19677481962481977, 0.3304783272283273, 0.2020860028860029, 0.2706608502608504], [0.23117397222660394, 0.309350721792827, 0.2261169774669775, 0.23335832851359165], [0.2411845154845155, 0.23831519591519604, 0.2316970085470086, 0.28880328005328004], [0.23474782439782435, 0.25866926406926405, 0.20085586635586633, 0.30572704517704513], [0.22395131535131538, 0.33741796536796526, 0.19909861249861274, 0.23953210678210676], [0.2522153013653014, 0.2885318181818183, 0.2003820679320679, 0.25887081252081257], [0.2533240925740926, 0.23689265179265181, 0.21683352203352202, 0.29294973359973353], [0.21064230769230793, 0.29711756576756587, 0.22918166833166842, 0.26305845820845825], [0.2359818181818183, 0.3347287157287157, 0.19801464646464664, 0.23127481962481974], [0.23346897546897558, 0.2682007048507048, 0.1910779609279611, 0.3072523587523588], [0.33628092463092474, 0.23941375291375297, 0.17347829947829954, 0.2508270229770231], [0.179821017871018, 0.31094097569097573, 0.2350938526385896, 0.27414415379941703], [0.2635486568986569, 0.28622470307470305, 0.1993564324564325, 0.2508702075702076], [0.2186724259400731, 0.3017937395937396, 0.19580784770784793, 0.2837259867583396], [0.23086645021645016, 0.2766715007215008, 0.22791998556998555, 0.2645420634920636], [0.26648057498057515, 0.2960992843757551, 0.2094113497613499, 0.22800879088232046], [0.2065950771450772, 0.31457838860485926, 0.20229072594072606, 0.27653580830933794], [0.2179163419913421, 0.3795490315240315, 0.17212705072705076, 0.23040757575757592]]}, "rewritten": {"ids": ["97106000", "97106770", "97107260", "97107920", "97116410", "98106680", "98107340", "98111670", "98116090", "98116940", "98117740", "99105921", "99107500", "99108010", "99109370", "99109910", "99116500", "99119830", "100108490", "100108520", "100109330", "100109801", "101108500", "101109120", "101110740", "101115190", "101117580", "102107961", "102109850", "102110240", "102112030", "102112170", "102114270", "103110100", "103111480", "103113640", "103118291", "103120290", "103120531", "103120730", "104109311", "104111830", "104112201", "104113170", "104113190", "104116980", "104117630", "104119290", "105110091", "105113440", "105116650", "105116860", "105116980", "105117200", "105117431", "105118171", "105118230", "105119950", "106113830", "106114011", "106115120", "106116850", "106117650", "106117770", "106121190", "107112850", "107113130", "107113180", "107113550", "107114321", "107114621", "107116300", "107116980", "107118490", "107118780", "107120260", "107120880", "108115880", "108115970", "108117360", "108118291", "108118630", "108119550", "109114651", "109114720", "109116170", "109116750", "109116930", "109117110", "109117630", "109118161", "109118701", "109120560", "109121410", "110115710", "110116170", "110116290", "110116300", "110117200", "110119030", "110120531", "110120640", "111114321", "111115770", "111116110", "111116750", "111117200", "111117480", "111118820", "111119250", "111119340", "111119430", "111119950", "111120190", "111120260", "111120531", "112116290", "112116401", "112116451", "112116640", "112116810", "112116880", "112118161", "112118471", "112118860", "112119500", "112119950", "112120540", "112120640", "112120670", "112120700", "112121010", "112121030", "113118111", "113118421", "113118690", "113119120", "113119320", "113119480", "113120830", "113121220", "113122120"], "labels": [0, 3, 2, 0, 3, 1, 0, 1, 0, 2, 2, 1, 0, 2, 1, 2, 2, 1, 2, 2, 0, 0, 3, 1, 3, 1, 3, 3, 1, 3, 2, 3, 3, 1, 0, 1, 0, 2, 3, 1, 3, 3, 0, 3, 3, 1, 0, 1, 0, 0, 1, 2, 0, 3, 1, 3, 1, 3, 1, 1, 1, 3, 1, 0, 2, 1, 1, 3, 0, 0, 0, 0, 3, 2, 1, 1, 1, 3, 2, 1, 3, 1, 1, 3, 0, 0, 0, 0, 1, 0, 0, 3, 1, 0, 2, 0, 2, 3, 3, 0, 0, 0, 1, 3, 3, 3, 0, 1, 0, 1, 3, 3, 0, 3, 3, 0, 0, 0, 0, 0, 3, 0, 0, 1, 3, 2, 0, 3, 0, 2, 2, 2, 0, 1, 3, 3, 3, 1, 3, 3, 3, 1], "predicted_labels": [3, 0, 3, 3, 1, 1, 3, 3, 1, 1, 3, 1, 1, 1, 3, 1, 1, 3, 3, 0, 1, 1, 1, 1, 1, 1, 1, 1, 1, 1, 1, 3, 1, 2, 2, 0, 1, 1, 1, 1, 3, 3, 3, 1, 3, 1, 0, 3, 1, 3, 1, 1, 0, 1, 1, 1, 3, 1, 3, 1, 0, 1, 1, 3, 1, 1, 1, 1, 2, 3, 1, 0, 0, 1, 1, 1, 3, 3, 1, 3, 1, 3, 3, 3, 3, 3, 1, 0, 1, 1, 0, 1, 1, 1, 1, 3, 1, 1, 1, 3, 3, 1, 1, 3, 3, 0, 3, 3, 0, 3, 3, 1, 0, 1, 1, 1, 1, 0, 0, 3, 1, 1, 3, 1, 1, 1, 0, 1, 0, 1, 1, 1, 0, 3, 0, 3, 3, 3, 3, 1, 3, 1], "confidence_scores": [[0.2087735791985793, 0.26830745920745924, 0.18508685481185486, 0.33783210678210684], [0.27471371406371425, 0.27376928071928075, 0.2389368131868133, 0.2125801920301921], [0.1496861027861029, 0.25134052059052064, 0.2683235930735932, 0.3306497835497838], [0.27008825545799237, 0.2184602175602175, 0.20875441298467623, 0.3026971139971143], [0.18756207681207687, 0.33429514374514385, 0.22158039183039197, 0.2565623876123878], [0.2288019480519482, 0.2822757020757023, 0.23532801365301376, 0.25359433621933625], [0.20699135309135314, 0.22627688422688436, 0.2338756993006995, 0.33285606338106327], [0.17853074980574987, 0.2524162670662672, 0.2763485597735599, 0.29270442335442337], [0.21342419802419818, 0.26457192529692547, 0.2576922882672883, 0.2643115884115885], [0.2377238816738817, 0.3346847041847041, 0.19117792207792206, 0.2364134920634922], [0.17946132756132757, 0.2893200577200576, 0.21756507936507932, 0.3136535353535357], [0.25952380952380955, 0.2776430513930515, 0.20862186147186157, 0.25421127761127776], [0.20255557775557792, 0.30904996669996676, 0.20237902652902667, 0.28601542901542903], [0.20932922077922086, 0.3313127705627704, 0.20424321789321795, 0.25511479076479077], [0.2273411976911978, 0.24808513790131456, 0.23073440921823277, 0.2938392551892552], [0.18653686868686875, 0.30593217615717616, 0.3052043567543568, 0.20232659840159845], [0.19221091686091688, 0.31117334887334885, 0.2764257020757021, 0.2201900321900323], [0.19946347818847826, 0.2703107031857033, 0.2245383283383284, 0.3056874902874902], [0.22561430791430795, 0.28112450882450885, 0.20271504606504614, 0.2905461371961372], [0.283990281940282, 0.21573052780552796, 0.25353313353313367, 0.2467460567210569], [0.2364167110667111, 0.2975361471861471, 0.18509269896769912, 0.28095444277944276], [0.22039813519813525, 0.3184032523032525, 0.22945049395049397, 0.23174811854811875], [0.19869090631590644, 0.3296669746919747, 0.22082273837273847, 0.25081938061938064], [0.25860512265512264, 0.3007544067044068, 0.19075745365745367, 0.2498830169830171], [0.23454513439776611, 0.29126329255539796, 0.25248449883449897, 0.2217070742123374], [0.17732352092352094, 0.33509864579864573, 0.2059613775113776, 0.2816164557664559], [0.22975137640137652, 0.2917527694527695, 0.1976096625596627, 0.2808861915861918], [0.18393617493617506, 0.3206836996336997, 0.23622659562659565, 0.25915352980352985], [0.165521400821401, 0.3158661782661785, 0.2952558663558665, 0.22335655455655462], [0.2212886807636808, 0.3000315656565657, 0.24726297036297054, 0.23141678321678327], [0.20532295482295487, 0.28996846486846495, 0.21755170940170948, 0.2871568709068711], [0.2812459040959042, 0.21549608724608735, 0.18706171051171053, 0.31619629814629824], [0.23135210900210906, 0.32838618603618597, 0.19458826173826185, 0.24567344322344328], [0.2563603896103896, 0.23813787878787887, 0.26564379509379515, 0.23985793650793666], [0.2567977799977801, 0.2575163503163505, 0.26289702519702535, 0.22278884448884448], [0.27735037740037755, 0.27584989454989484, 0.18823190143190152, 0.2585678266178267], [0.22534959484959496, 0.33588669663669657, 0.1842174714174715, 0.2545462370962372], [0.17927272727272733, 0.2987153124653125, 0.26503691863691875, 0.25697504162504164], [0.2087575757575759, 0.3348779664779664, 0.16694751359751367, 0.28941694416694425], [0.24848114075467032, 0.300992375924729, 0.21918286778580912, 0.23134361553479213], [0.28419528804528793, 0.24863705738705752, 0.17177096237096243, 0.29539669219669223], [0.2221564935064936, 0.27183987678987687, 0.21892354516828205, 0.2870800845353476], [0.21817321567321565, 0.2492224386724387, 0.2047618270618272, 0.3278425185925185], [0.2067091630591631, 0.32212246087246094, 0.2084341158841161, 0.2627342601842604], [0.24848640248640247, 0.277839221889222, 0.18798767898767907, 0.28568669663669655], [0.1894895215895216, 0.298965773115773, 0.21927695637695646, 0.292267748917749], [0.271494993894994, 0.25220822510822505, 0.22020983297748, 0.25608694801930115], [0.19718500388500396, 0.28518566156066166, 0.19932840492840503, 0.3183009296259297], [0.19563775668775674, 0.28760241980241963, 0.2779703574203575, 0.23878946608946616], [0.2288838217338218, 0.25553419913419917, 0.22331616716616703, 0.29226581196581214], [0.2169941780441781, 0.30057630147630154, 0.27220829725829726, 0.21022122322122325], [0.25210007215007213, 0.3074810911310911, 0.18374062049062062, 0.2566782162282163], [0.2890297979797981, 0.28338082473082493, 0.1701938006438008, 0.25739557664557666], [0.25337541902541905, 0.3015533189033189, 0.1945975468975471, 0.25047371517371525], [0.21514298479298483, 0.34911954711954724, 0.20297775002775006, 0.23275971805971815], [0.250543783993784, 0.3072827616827616, 0.16040583860583862, 0.2817676157176158], [0.18955796425796434, 0.3052704406704408, 0.1935486513486514, 0.3116229437229437], [0.23470102675102678, 0.3025316960816961, 0.21853398823398826, 0.2442332889332891], [0.23414300144300154, 0.28701154401154405, 0.17332669552669558, 0.3055187590187591], [0.265299458874459, 0.3106272727272726, 0.17708722943722963, 0.24698603896103907], [0.2919303455574353, 0.280406763824411, 0.16419793335319663, 0.2634649572649574], [0.2269850371850372, 0.30928078588078595, 0.2301652014652015, 0.23356897546897562], [0.24645144855144868, 0.3044493228993229, 0.1876676268176268, 0.2614316017316018], [0.20883063880563887, 0.24051062271062287, 0.24957505550005557, 0.30108368298368315], [0.17677626980862282, 0.29418474858474847, 0.2843135514811985, 0.24472543012543013], [0.2313285242535245, 0.3014130702630704, 0.2094835192585193, 0.25777488622488637], [0.18439975384093027, 0.30718672569260824, 0.24305369075369088, 0.265359829712771], [0.18316128871128873, 0.29813436563436585, 0.2572901820401821, 0.2614141636141638], [0.2724916527916528, 0.2358282550782552, 0.2824679043179044, 0.20921218781218784], [0.21735612165612173, 0.25924917304917305, 0.18498954933954947, 0.338405155955156], [0.23565922965922975, 0.3027632756132756, 0.1833418470418472, 0.27823564768564774], [0.276995892995893, 0.2756245310245311, 0.19172626262626266, 0.2556533133533135], [0.31595698190698185, 0.268588222888223, 0.18278005883005902, 0.23267473637473654], [0.22331163281163285, 0.2721946775446777, 0.24148570873570888, 0.2630079809079812], [0.24352003552003565, 0.2987529620706093, 0.1999442410530647, 0.2577827613562908], [0.2469922022422024, 0.3339451992451991, 0.18236480741480737, 0.23669779109779124], [0.2266452491952493, 0.27026660561660576, 0.19293337773337774, 0.3101547674547675], [0.24091161616161622, 0.2822938672438673, 0.18533892773892785, 0.2914555888555889], [0.23181104728604748, 0.3057827894327896, 0.187055266955267, 0.27535089632589643], [0.1406479464979465, 0.2658311383061383, 0.25551544011544025, 0.3380054750804751], [0.2543075757575759, 0.28124689754689763, 0.18671024531024547, 0.27773528138528153], [0.1739153346653347, 0.28610374625374635, 0.18640727605727617, 0.3535736430236431], [0.22704192474192478, 0.2656588744588745, 0.2352873626373627, 0.27201183816183816], [0.28001270396270395, 0.22505572205572222, 0.18930389610389625, 0.3056276778776778], [0.16822407592407604, 0.2737820235320237, 0.22710349095349114, 0.33089040959040955], [0.19787933732933738, 0.2580990953490955, 0.20204860139860148, 0.341972965922966], [0.26607006327006333, 0.3126487012987012, 0.21036714396714404, 0.2109140914640915], [0.26535155955155953, 0.24957007992007998, 0.2369717726717727, 0.24810658785658798], [0.24194714925597285, 0.30442017002605265, 0.1571351743028214, 0.2964975064151535], [0.2612511322011323, 0.3294277278277277, 0.19718412143412153, 0.21213701853701872], [0.285557659007659, 0.26087223332223347, 0.1805493617493619, 0.2730207459207461], [0.22169432234432246, 0.30366847041847034, 0.22093626928626936, 0.25370093795093807], [0.15449788708024012, 0.2837669258845732, 0.2794120324120325, 0.2823231546231549], [0.24406017871017865, 0.2983872016872017, 0.19112330447330464, 0.26642931512931495], [0.2082621933621935, 0.28351544011544005, 0.2314263347763349, 0.2767960317460317], [0.17444172494172486, 0.29784542679542675, 0.20771365301365324, 0.31999919524919523], [0.21357745587745597, 0.28369695859695865, 0.24627344877344892, 0.25645213675213674], [0.21947936507936514, 0.3228238594738595, 0.19826554948319647, 0.259431225963579], [0.2521852092352092, 0.28454446664446686, 0.21206789321789324, 0.251202430902431], [0.23424179709179718, 0.2727615995115995, 0.18755588855588873, 0.30544071484071506], [0.24115264735264738, 0.29260115440115436, 0.1733003108003109, 0.2929458874458874], [0.20425081585081584, 0.31485528360528353, 0.2271962148962149, 0.25369768564768586], [0.24115939060939062, 0.3405262792762793, 0.2370237762237764, 0.18129055389055393], [0.26285261405261423, 0.2709045621045622, 0.19323544233544243, 0.2730073815073814], [0.19682802752802755, 0.25916887556887563, 0.19799121989122004, 0.34601187701187686], [0.31433163503163514, 0.22079791319791328, 0.1768285603285604, 0.28804189144189146], [0.21070867629102938, 0.2968748196248196, 0.1906917177593649, 0.3017247863247864], [0.23474315129315124, 0.2747096625596625, 0.17505620490620488, 0.31549098124098124], [0.312182163914517, 0.24970424020424029, 0.17633095629860346, 0.26178263958263953], [0.1618340270840271, 0.26864846819846827, 0.24913315295815303, 0.3203843517593518], [0.23191541236541247, 0.25979063159063165, 0.2365195471195472, 0.27177440892440896], [0.1828467254967256, 0.3405646464646463, 0.21336967476967497, 0.2632189532689532], [0.26777250657838914, 0.2494899783223313, 0.22702819027377852, 0.25570932482550146], [0.1893349927849928, 0.3378135475635475, 0.2185556721056722, 0.2542957875457876], [0.28632697302697296, 0.316851726051726, 0.15663200688200693, 0.2401892940392941], [0.19423192363192368, 0.3132798201798202, 0.21759561754035453, 0.27489263864790187], [0.24648789935554644, 0.28258926628926645, 0.19387397602397613, 0.2770488583312112], [0.31382436656910345, 0.2588371572871575, 0.17783686109212438, 0.24950161505161533], [0.3179589910089909, 0.281093332484509, 0.15434237070119428, 0.24660530580530587], [0.2448940836940837, 0.268468700743701, 0.19475786435786438, 0.2918793512043512], [0.27143925518925527, 0.2907321959086665, 0.2167183261183262, 0.22111022278375234], [0.19104563214563225, 0.3226197829947828, 0.21079388944388947, 0.27554069541569554], [0.283710284160284, 0.27152771395271397, 0.15300781440781452, 0.2917541874791876], [0.24114090909090924, 0.2833268398268398, 0.22440173160173166, 0.2511305194805195], [0.21589937284937288, 0.3036163836163837, 0.21398006438006445, 0.26650417915417934], [0.22986184648684668, 0.3707656704406703, 0.16822135642135647, 0.23115112665112683], [0.332493833943834, 0.264049494949495, 0.14258421023421028, 0.26087246087246097], [0.2325880341880343, 0.3112019119769117, 0.21215946830946833, 0.24405058552558567], [0.2736474525474526, 0.24442755577755598, 0.22618993228993242, 0.25573505938505947], [0.19780300255300265, 0.287887518037518, 0.2319806193806194, 0.28232886002886], [0.16807828282828288, 0.3068152153402152, 0.243739627039627, 0.2813668747918749], [0.2231654623154624, 0.317014690864691, 0.17758348873348878, 0.2822363580863582], [0.31004413568887235, 0.26320974580974593, 0.16509791670317997, 0.26164820179820186], [0.2330957431457433, 0.29868687978688, 0.16306890331890336, 0.30514847374847376], [0.3169455988455989, 0.289462148962149, 0.1449698412698413, 0.24862241092241086], [0.23043815628815645, 0.2624778887778887, 0.21080139305139317, 0.296282561882562], [0.20555738705738702, 0.2675567876567879, 0.16190109890109883, 0.36498472638472634], [0.2509266566766568, 0.27691659729159734, 0.15692585747585763, 0.31523088855588866], [0.27907500832500837, 0.27036659451659456, 0.16952884892884895, 0.28102954822954834], [0.20960666555666568, 0.2825795815295816, 0.2555327172827173, 0.2522810356310357], [0.23618358863358865, 0.25733844521491583, 0.1904840548340549, 0.31599391131744087], [0.25096642801642804, 0.30512313797313795, 0.20038304473304483, 0.2435273892773894]]}}