{"test": {"ids": ["99112641", "111119290", "106119260", "112118880", "110117870", "106117770", "108116501", "111117571", "110118450", "111119580", "102118380", "105113210", "113121010", "108114220", "103111620", "111114171", "110114720", "111115620", "100109330", "110117080", "113122650", "98111670", "104114740", "113122120", "99121440", "97116800", "111119340", "112117790", "109115070", "109116441", "108115880", "110115120", "110120531", "107117630", "107114780", "103113640", "101109120", "105111990", "113120591", "106114011", "101114020", "97116790", "113118820", "98112300", "110121720", "100109890", "112117471", "108117610", "100109801", "98107410", "98107340", "97109570", "109121640", "99109311", "109116930", "111116010", "113118231", "105116090", "104116441", "112121410", "113120070", "98121790", "104109311", "100111080", "109115220", "112119980", "113119300", "111114941", "103109021", "100113210", "98117740", "99112531", "110118930", "106114880", "105112130", "98116090", "113121980", "110113931", "102108621", "106113260", "100108080", "101113210", "98109090", "105113440", "104112470", "106116370", "108120621", "106116120", "110115980", "113120640", "109114651", "101108950", "106113830", "108113480", "110117200", "97112170", "110117500", "106113170", "104113190", "104114230", "99110730", "111119250", "112117660", "103110840", "106120640", "113119120", "107115140", "105118171", "112116640", "108121190", "107117010", "112116800", "97114170", "111117480", "112116610", "107121540", "109116810", "104111711", "111116411", "101112690", "99112300", "106114280", "110121140", "103118110", "99111620", "108114270", "102114270", "107114200", "106117790", "107116501", "108115570", "104113170", "99108000", "112118701", "110116300", "112116850", "105116441", "110118880", "108114180", "103113170", "105117431", "113121750"], "labels": [1, 3, 1, 1, 3, 0, 0, 3, 0, 3, 1, 3, 2, 3, 0, 3, 3, 1, 0, 1, 2, 1, 2, 1, 2, 0, 3, 3, 0, 3, 3, 0, 0, 0, 2, 1, 1, 2, 0, 1, 3, 2, 0, 2, 3, 3, 3, 3, 0, 3, 0, 0, 0, 1, 0, 1, 3, 1, 1, 0, 2, 2, 3, 0, 3, 0, 1, 0, 0, 0, 2, 3, 1, 0, 1, 0, 2, 1, 3, 3, 0, 3, 1, 0, 1, 2, 1, 1, 1, 0, 3, 2, 1, 0, 3, 0, 1, 0, 3, 2, 3, 1, 0, 1, 3, 3, 0, 3, 0, 1, 1, 0, 2, 1, 1, 2, 3, 1, 0, 1, 0, 3, 3, 2, 3, 3, 3, 2, 1, 1, 3, 3, 2, 0, 3, 0, 1, 0, 1, 3, 1, 0], "predicted_labels": [0, 3, 3, 3, 3, 3, 1, 1, 1, 0, 3, 3, 1, 0, 3, 3, 1, 3, 1, 1, 2, 3, 2, 1, 1, 0, 3, 3, 1, 0, 3, 3, 0, 0, 1, 0, 0, 1, 3, 1, 0, 2, 1, 0, 0, 3, 1, 1, 3, 0, 2, 3, 0, 1, 0, 1, 1, 1, 3, 3, 1, 0, 0, 1, 3, 1, 3, 1, 1, 3, 1, 3, 1, 1, 1, 3, 1, 3, 0, 1, 3, 3, 3, 1, 1, 0, 3, 1, 0, 0, 1, 1, 1, 1, 0, 0, 1, 1, 1, 3, 2, 3, 3, 1, 1, 3, 3, 3, 1, 1, 1, 1, 3, 1, 0, 2, 3, 3, 3, 3, 3, 1, 0, 3, 1, 1, 3, 1, 1, 1, 1, 1, 1, 3, 1, 3, 1, 0, 1, 1, 1, 1], "confidence_scores": [[0.49261746554808833, 0.2541167638592297, 0.11878623079829148, 0.13447953979439028], [0.059250931209517056, 0.10536909093012167, 0.06306015561361807, 0.7723198222467433], [0.10817628138206309, 0.0041419240120322155, 0.4209162899421916, 0.4667655046637132], [0.3527448899717145, 0.19080034983928174, 0.0463198874092007, 0.4101348727798031], [0.13204639862384102, 0.07973604246786496, 0.04459178052710552, 0.7436257783811886], [0.13369862021095041, 0.06923931896396224, 0.25763942106985466, 0.539422639755233], [0.13775495880447466, 0.5477088685581647, 0.01356355372491041, 0.3009726189124507], [0.1958008438330602, 0.4822263771363436, 0.032953258903548034, 0.2890195201270479], [0.03181566339080212, 0.8938279322066869, 0.05615281945603011, 0.018203584946480722], [0.822895983675662, 0.06269768585560792, 0.004856982408985802, 0.10954934805974435], [0.10021124527829718, 0.20922347407064945, 0.39526431285495267, 0.2953009677961005], [0.4067846883197839, 0.050915389764075746, 0.013409689336977547, 0.528890232579163], [0.024968465251566374, 0.7030605961441365, 0.08572547255370465, 0.1862454660505923], [0.7670436099687751, 0.10679671132253636, 0.02483427484732898, 0.10132540386135969], [0.18430505642964637, 0.25479554565834506, 0.06912876205174846, 0.49177063586026015], [0.45773010235638034, 0.1386116601243342, 0.05344858468317764, 0.35020965283610794], [0.06115133067715023, 0.4828082232048376, 0.2547724958402199, 0.20126795027779218], [0.33860020897394494, 0.18975103030991583, 0.018114769052260865, 0.45353399166387814], [0.5396531184595127, 0.2887183172902652, 0.04847176087669419, 0.12315680337352809], [0.07258700165005429, 0.5563751132641714, 0.1221839898685987, 0.24885389521717544], [0.025717474931123255, 0.13821205237343578, 0.6849953482963921, 0.15107512439904885], [0.25249151252377305, 0.03186273652177961, 0.22895951239901358, 0.4866862385554338], [0.06379534116031439, 0.09652383530491156, 0.7348902464480167, 0.10479057708675787], [0.08366501556982427, 0.4472902197070423, 0.06240659157976137, 0.40663817314337203], [0.12632944487357403, 0.31105782556192885, 0.44079783561915636, 0.12181489394534067], [0.8960797340370202, 0.03686112319053004, 0.014931377811208568, 0.05212776496124112], [0.1072313030433429, 0.13434093485840948, 0.062140046896494085, 0.6962877152017535], [0.20110507449517823, 0.017972020344457853, 0.0037617686852979785, 0.7771611364750658], [0.24359867021741177, 0.697960944960513, 0.005430612082496239, 0.0530097727395791], [0.684729740259101, 0.020237144692776016, 0.0005512931360036627, 0.29448182191211936], [0.21960525454217095, 0.06530943686206063, 0.009718326460062847, 0.7053669821357056], [0.1794575294303456, 0.19810297834395443, 0.053509728628915475, 0.568929763596785], [0.7894689098721325, 0.16657491315609646, 0.001403072133738373, 0.04255310483803265], [0.6488592402178534, 0.026232497293050803, 0.09688793890651128, 0.22802032358258467], [0.007283807498477362, 0.788703289914094, 0.13127489491331712, 0.07273800767411162], [0.8287874804523624, 0.021157424044219626, 0.0019510011889276894, 0.1481040943144901], [0.5045381625527778, 0.07791710776998052, 0.11824641412374788, 0.2992983155534934], [0.10954817777768362, 0.5733270611871182, 0.1661923177892382, 0.1509324432459597], [0.20218039930029635, 0.22695904935887443, 0.239213952830577, 0.33164659851025247], [0.11885140699405423, 0.4871050509162128, 0.16317035621516202, 0.23087318587457056], [0.5013066541403798, 0.26507641633615825, 0.09813547805034849, 0.13548145147311386], [0.061467709896520124, 0.1874325593852096, 0.6588352817735043, 0.09226444894476629], [0.10783651210839461, 0.7311673737328968, 0.002769260152152413, 0.1582268540065564], [0.39414680643104977, 0.06401604778729425, 0.3858156416107063, 0.15602150417094968], [0.6538862593516455, 0.18694748212467616, 0.013319169936562155, 0.14584708858711593], [0.17635800220451728, 0.048417501507073295, 0.16668286304560193, 0.6085416332428076], [0.15162846493491103, 0.7683931453381304, 0.01799621057969807, 0.06198217914726066], [0.040929909555586626, 0.5877251167368613, 0.047218092400949964, 0.32412688130660205], [0.21723560062071637, 0.2706190184367977, 0.12645838143055346, 0.3856869995119326], [0.7421447339803506, 0.046064411772965705, 0.026802917340709855, 0.1849879369059739], [0.039302459411551, 0.09030924431811226, 0.7887767413213347, 0.08161155494900195], [0.1882844043947681, 0.02510424099391793, 0.4461780023633964, 0.34043335224791743], [0.6344274421614331, 0.15053800992107388, 0.0490761268218713, 0.16595842109562187], [0.34485335815880686, 0.3379723873908658, 0.14335758773197052, 0.17381666671835663], [0.8203759843088809, 0.05732326583148811, 0.0014576361910421875, 0.1208431136685888], [0.0540542560404841, 0.3545414849833463, 0.3917920520673144, 0.19961220690885564], [0.09705747999069833, 0.5101856660423696, 0.2216266890780395, 0.17113016488889252], [0.23138941785742312, 0.4062964252689533, 0.00665070517233277, 0.35566345170129093], [0.03968327808510568, 0.4012261378743674, 0.024611545303668176, 0.5344790387368588], [0.3601080716010009, 0.22180767600577425, 0.11029961150841011, 0.3077846408848148], [0.04875563608605782, 0.5270761563191322, 0.3382250870572872, 0.08594312053752293], [0.4405254564655309, 0.19565648853007964, 0.2439470513163967, 0.11987100368799306], [0.6684086367633948, 0.06793777464345227, 0.040116467075827146, 0.22353712151732572], [0.16442248726086436, 0.3764168626853993, 0.3464359894493198, 0.11272466060441645], [0.26904498566014423, 0.15851323725162056, 0.018685278663830834, 0.5537564984244047], [0.24626900421179249, 0.4139013028331987, 0.04658479053780912, 0.2932449024171996], [0.1718599968327099, 0.28614742790736986, 0.017611182524664985, 0.5243813927352554], [0.021081936075237433, 0.9384893937119855, 0.006624230903441354, 0.03380443930933576], [0.4443906199267899, 0.29691729843930936, 0.11812354150466699, 0.14056854012923395], [0.107699602048561, 0.12851089776659888, 0.037455016532381084, 0.7263344836524591], [0.25399603779077284, 0.40121246669136035, 0.19048665252275215, 0.15430484299511482], [0.31182158128994986, 0.2449293536925753, 0.1224295022985057, 0.3208195627189692], [0.031272988214511875, 0.6821432089473918, 0.14010202350138573, 0.14648177933671036], [0.04543556444192399, 0.6558408033580878, 0.2502664380523669, 0.048457194147621244], [0.05552759660309882, 0.5724759407406195, 0.22653644018724695, 0.1454600224690349], [0.20612919191704107, 0.2400994914765271, 0.21612620013925937, 0.33764511646717243], [0.25599842546856355, 0.3870800911431994, 0.007720312957008414, 0.34920117043122845], [0.3073442269229261, 0.14074943388519623, 0.172630185092751, 0.3792761540991269], [0.6680937040015829, 0.04190518681904953, 0.00266759762447183, 0.28733351155489584], [0.11968842846095376, 0.7161459557704427, 0.042314801619989593, 0.12185081414861375], [0.065059754049252, 0.13873958728191327, 0.543642609163973, 0.2525580495048616], [0.24942503688713435, 0.21087686763949207, 0.16154888112656987, 0.3781492143468034], [0.41817585642061067, 0.1501198173508565, 0.06822188298575188, 0.3634824432427813], [0.030425280765032318, 0.8061545608619627, 0.0857831993366334, 0.07763695903637186], [0.13100746655402704, 0.6538922062091381, 0.09059808244485974, 0.12450224479197504], [0.8485516738606422, 0.034258978007857, 0.03377773738663625, 0.08341161074486449], [0.43565300958807335, 0.11957924868173839, 0.08769761970287333, 0.357070122027315], [0.41734847192138613, 0.2647934642768776, 0.04661880121328516, 0.2712392625884509], [0.5991771702542937, 0.1037278846227365, 0.16651835102667772, 0.130576594096292], [0.8961671099331248, 0.033204646638392045, 0.003784917985548448, 0.06684332544293449], [0.2299537192413489, 0.3948628812842544, 0.05174570749647803, 0.3234376919779188], [0.028442660874707263, 0.5159364904692866, 0.28535497788125436, 0.17026587077475194], [0.5355631411974479, 0.3697082897754219, 0.017681673153871813, 0.07704689587325844], [0.11637944722258699, 0.3847762284694053, 0.16770497170385926, 0.33113935260414834], [0.6773265820790687, 0.22867351444566358, 0.012481256471072531, 0.08151864700419499], [0.4928413714808954, 0.1925537565477919, 0.047100100697106406, 0.2675047712742063], [0.4039387114020636, 0.3318615076240065, 0.006949433814579571, 0.25725034715935047], [0.30514371182689115, 0.5621365093365212, 0.006377598119322518, 0.12634218071726522], [0.045339839737397386, 0.5774952429411231, 0.10503120362546088, 0.2721337136960188], [0.09778598111105251, 0.25882921781785617, 0.34268208119013865, 0.30070271988095254], [0.009916718777769716, 0.09826285130230622, 0.8692316591881564, 0.022588770731767745], [0.36307618739972686, 0.05469777849378122, 0.13832494938884862, 0.4439010847176434], [0.3541615973122878, 0.1299609104791279, 0.014123926067749357, 0.501753566140835], [0.08295219380159627, 0.616802250156622, 0.07968240717748788, 0.2205631488642941], [0.03345636393875867, 0.6581379656504929, 0.15027332475394795, 0.15813234565680045], [0.15900711021518982, 0.20800806266778143, 0.003551211371407413, 0.6294336157456215], [0.5158885459969055, 0.013783730869912579, 0.008551446835363595, 0.46177627629781853], [0.41010481080651584, 0.22740270676558086, 0.0036684918799654927, 0.35882399054793795], [0.20027763571329904, 0.42317075527964604, 0.018133731646679356, 0.35841787736037545], [0.008533473395046481, 0.35356359366911627, 0.261559218560281, 0.3763437143755563], [0.0593521117251467, 0.264451063905925, 0.4593089636655304, 0.2168878607033977], [0.14026139903422732, 0.41344835042530254, 0.024217096361885203, 0.4220731541785849], [0.021073027387617137, 0.05660030640439705, 0.7005116051991277, 0.2218150610088582], [0.2342172990459579, 0.3925001224675561, 0.07838925213488626, 0.29489332635159976], [0.5986646231414194, 0.18796084283966802, 0.11745913147635702, 0.09591540254255541], [0.026895895542447697, 0.12845928008864124, 0.7916504213454152, 0.05299440302349551], [0.21586160197867624, 0.21496725526073374, 0.0033522553736221807, 0.5658188873869678], [0.21249711775550492, 0.30661324878616286, 0.029789006825830164, 0.45110062663250194], [0.2665269873065436, 0.008834130691282567, 0.019120711747407874, 0.7055181702547663], [0.18149204085439957, 0.06072517753477835, 0.03132116659958843, 0.7264616150112336], [0.18269234790963493, 0.04041301455980334, 0.21208695500515767, 0.5648076825254045], [0.16483678291894746, 0.4963363723231713, 0.09515551062925878, 0.24367133412862213], [0.9339808038255624, 0.013665268991377323, 0.004158052047892347, 0.048195875135168244], [0.1967700352450166, 0.11973573820932551, 0.3992512515709991, 0.2842429749746587], [0.08240024851651584, 0.4998431870490327, 0.30462221104834136, 0.11313435338610993], [0.16523437114142928, 0.46597385076885783, 0.04550822118664897, 0.32328355690306426], [0.015924700001950037, 0.22673039446307416, 0.2388574413902932, 0.5184874641446826], [0.05298913861822497, 0.843526071932283, 0.021062189301330022, 0.08242260014816197], [0.12150474172014354, 0.5642220561988275, 0.06980855185103164, 0.24446465022999725], [0.2752746835617771, 0.46456116866821767, 0.017624906259768442, 0.2425392415102365], [0.055105497221803114, 0.3397784752225372, 0.30850242530694766, 0.29661360224871214], [0.258046889836185, 0.5156757480608584, 0.03609148706590251, 0.19018587503705425], [0.06967720521060726, 0.6420906404967882, 0.19298991155668146, 0.09524224273592348], [0.22576671061178413, 0.2467421342799894, 0.00292286819716112, 0.5245682869110652], [0.2103352397790516, 0.3377616890445613, 0.14082364744420267, 0.31107942373218433], [0.20890724609265568, 0.19110982500497822, 0.03164628295157978, 0.5683366459507864], [0.25541371881740615, 0.6443974458761389, 0.02820767322027975, 0.07198116208617512], [0.6745160742993701, 0.016450363589360258, 0.0014431341181828932, 0.30759042799308656], [0.18682114572731695, 0.6507153352501811, 0.05484457863707649, 0.10761894038542541], [0.15326113833146987, 0.31953666334340375, 0.39414349289157524, 0.13305870543355133], [0.05433143417805473, 0.29144939651873925, 0.6057898088743408, 0.04842936042886537], [0.20503395310525452, 0.7221586006395417, 0.0023395621224171037, 0.07046788413278626]]}, "rewritten": {"ids": ["97109570", "97112170", "97114170", "97116790", "97116800", "98107340", "98107410", "98109090", "98111670", "98112300", "98116090", "98117740", "98121790", "99108000", "99109311", "99110730", "99111620", "99112300", "99112531", "99112641", "99121440", "100108080", "100109330", "100109801", "100109890", "100111080", "100113210", "101108950", "101109120", "101112690", "101113210", "101114020", "102108621", "102114270", "102118380", "103109021", "103110840", "103111620", "103113170", "103113640", "103118110", "104109311", "104111711", "104112470", "104113170", "104113190", "104114230", "104114740", "104116441", "105111990", "105112130", "105113210", "105113440", "105116090", "105116441", "105117431", "105118171", "106113170", "106113260", "106113830", "106114011", "106114280", "106114880", "106116120", "106116370", "106117770", "106117790", "106119260", "106120640", "107114200", "107114780", "107115140", "107116501", "107117010", "107117630", "107121540", "108113480", "108114180", "108114220", "108114270", "108115570", "108115880", "108116501", "108117610", "108120621", "108121190", "109114651", "109115070", "109115220", "109116441", "109116810", "109116930", "109121640", "110113931", "110114720", "110115120", "110115980", "110116300", "110117080", "110117200", "110117500", "110117870", "110118450", "110118880", "110118930", "110120531", "110121140", "110121720", "111114171", "111114941", "111115620", "111116010", "111116411", "111117480", "111117571", "111119250", "111119290", "111119340", "111119580", "112116610", "112116640", "112116800", "112116850", "112117471", "112117660", "112117790", "112118701", "112118880", "112119980", "112121410", "113118231", "113118820", "113119120", "113119300", "113120070", "113120591", "113120640", "113121010", "113121750", "113121980", "113122120", "113122650"], "labels": [0, 0, 2, 2, 0, 0, 3, 1, 1, 2, 0, 2, 2, 2, 1, 3, 3, 0, 3, 1, 2, 0, 0, 0, 3, 0, 0, 2, 1, 1, 3, 3, 3, 3, 1, 0, 1, 0, 3, 1, 2, 3, 1, 1, 3, 3, 2, 2, 1, 2, 1, 3, 0, 1, 1, 1, 3, 0, 3, 1, 1, 3, 0, 1, 2, 0, 1, 1, 3, 2, 2, 0, 1, 1, 0, 2, 0, 1, 3, 3, 3, 3, 0, 3, 1, 1, 3, 0, 3, 3, 3, 0, 0, 1, 3, 0, 1, 3, 1, 3, 1, 3, 0, 0, 1, 0, 3, 3, 3, 0, 1, 1, 0, 1, 3, 1, 3, 3, 3, 1, 0, 0, 0, 3, 0, 3, 0, 1, 0, 0, 3, 0, 3, 1, 2, 0, 0, 2, 0, 2, 1, 2], "predicted_labels": [0, 0, 3, 2, 0, 1, 0, 1, 3, 0, 1, 3, 1, 1, 1, 1, 1, 3, 1, 1, 1, 3, 0, 3, 0, 1, 1, 1, 1, 3, 3, 3, 0, 3, 3, 1, 1, 1, 1, 0, 3, 3, 3, 3, 1, 1, 1, 3, 2, 1, 1, 3, 1, 1, 1, 1, 1, 1, 1, 1, 1, 1, 2, 3, 3, 2, 3, 0, 1, 1, 1, 0, 1, 3, 3, 1, 3, 1, 0, 1, 1, 3, 1, 1, 0, 1, 3, 1, 3, 3, 3, 0, 0, 0, 0, 1, 3, 3, 2, 0, 1, 3, 3, 0, 1, 0, 2, 3, 1, 1, 2, 3, 3, 1, 1, 3, 1, 3, 0, 0, 3, 1, 3, 1, 3, 3, 1, 0, 1, 1, 3, 3, 3, 3, 1, 1, 3, 1, 1, 1, 1, 1], "confidence_scores": [[0.9191019756045181, 0.03550452654095992, 0.013005600388595122, 0.03238789746592669], [0.7178147813084418, 0.14251428743020755, 0.05453092822391792, 0.08514000303743262], [0.17436876761960102, 0.20003787652661337, 0.18534093491534373, 0.44025242093844197], [0.017024305264744008, 0.17438897829687292, 0.7177278652538371, 0.0908588511845452], [0.5669676439529924, 0.1886962009254646, 0.019674960299039992, 0.224661194822503], [0.15168455608685555, 0.37362306719780436, 0.34279004511148936, 0.1319023316038511], [0.5517413820325144, 0.08901759452909652, 0.1227932269838985, 0.23644779645449082], [0.22289505372803464, 0.598698751756591, 0.02888617390639719, 0.14952002060897696], [0.18453941952707045, 0.025061682319750204, 0.08370005639472856, 0.706698841758451], [0.7469084946727403, 0.06354717936526928, 0.05146099419974255, 0.13808333176224788], [0.06879812785578805, 0.20947993078964283, 0.623426718308409, 0.09829522304616008], [0.47362368751776324, 0.12675981905438125, 0.006295758812365327, 0.39332073461549016], [0.43395398146419545, 0.26892371888191446, 0.07621824752741282, 0.2209040521264773], [0.06613984717455569, 0.3873169036261206, 0.16809671971281417, 0.3784465294865097], [0.4163562944516419, 0.33423483467486687, 0.04285853418712351, 0.20655033668636763], [0.03167458930352841, 0.30109919103063765, 0.562821210249312, 0.10440500941652188], [0.03362841906026847, 0.42205392155771676, 0.35287326294583965, 0.19144439643617547], [0.053309765247463954, 0.041332502567350084, 0.283832271102251, 0.621525461082935], [0.1923704227118002, 0.6461309112399989, 0.07453360230245536, 0.08696506374574542], [0.1455815390224462, 0.5840071900178605, 0.23885772122200055, 0.03155354973769268], [0.3096680794655553, 0.2792767837569245, 0.2812218254452312, 0.12983331133228893], [0.1269828253313396, 0.30954954199293416, 0.18396921920197148, 0.379498413473755], [0.7274113379495153, 0.06136009125216104, 0.06431555704293195, 0.14691301375539176], [0.28090775168804466, 0.15868178211575157, 0.09847281528744149, 0.4619376509087624], [0.5955794614210326, 0.16191007582194533, 0.056753532067324836, 0.18575693068969729], [0.06696639627322232, 0.22274264399220534, 0.6847627176712034, 0.025528242063368938], [0.057997163713288946, 0.46840793958502275, 0.10225821577378369, 0.37133668092790456], [0.05921948072513787, 0.4709423880323107, 0.052784649410266185, 0.41705348183228547], [0.2776660461014179, 0.40087353959294664, 0.12771340405508205, 0.19374701025055338], [0.1047010043392701, 0.21276316990885005, 0.1706554859961811, 0.5118803397556989], [0.043969832310074154, 0.05931807279393281, 0.3995338694725488, 0.49717822542344436], [0.22929329637129767, 0.10416708341376892, 0.4459197231457541, 0.22061989706917934], [0.3811544669624943, 0.05313345130315744, 0.3686801457309104, 0.19703193600343777], [0.06359229105939326, 0.34631561813299033, 0.03921893769147586, 0.5508731531161406], [0.1418211255637057, 0.1480747681354287, 0.2996766638914716, 0.4104274424093941], [0.05365000909810958, 0.5839945913837922, 0.032177668632709475, 0.330177730885389], [0.09644583415734911, 0.6294273039461805, 0.10160581951596417, 0.17252104238050645], [0.10783308463917031, 0.18230675268207416, 0.583909058409044, 0.1259511042697112], [0.014118353262622316, 0.6917455926193321, 0.23508535174950393, 0.0590507023685419], [0.8631204795746549, 0.04960455624825761, 0.003247639742300379, 0.08402732443478733], [0.06324229148478741, 0.18260593706997894, 0.4205709211354732, 0.33358085030976053], [0.36818442030778187, 0.1914791314849725, 0.0654092135063543, 0.3749272347008912], [0.32640695228938704, 0.18673293342878766, 0.004443304858995668, 0.48241680942282983], [0.08328440554039465, 0.2396145505920071, 0.08763498814576379, 0.5894660557218342], [0.31153960313989676, 0.5120451583705399, 0.08911345655057239, 0.0873017819389907], [0.510904929620162, 0.39496485701043194, 0.010553547298027391, 0.08357666607137897], [0.2313379404748179, 0.5093569134929175, 0.18598137231844958, 0.07332377371381493], [0.09245946136023163, 0.12523248992510044, 0.22731917129214882, 0.554988877422519], [0.015944983324207393, 0.20899756375236075, 0.6929782612742801, 0.08207919164915152], [0.28966102530866744, 0.3442488493744609, 0.22649568440257142, 0.13959444091430037], [0.011539680698266067, 0.5902487229144029, 0.33808670955035935, 0.060124886836971765], [0.43446403334006756, 0.21731895434628987, 0.02363121143118738, 0.32458580088245537], [0.16189117845665893, 0.3848228701449258, 0.05637552064540655, 0.39691043075300897], [0.05261757347306382, 0.6821007888993506, 0.06386651220977956, 0.20141512541780585], [0.06611495242804846, 0.7453507895861158, 0.024790340411757924, 0.1637439175740776], [0.08250514720711928, 0.230242529657926, 0.6563385476142272, 0.030913775520727632], [0.38141396936053273, 0.4323182196303132, 0.0015144320435309367, 0.18475337896562283], [0.29494854913721913, 0.35902323528867275, 0.0065781324241861025, 0.3394500831499218], [0.08199797206865952, 0.6854847037588625, 0.14700764434856115, 0.08550967982391677], [0.26036519184678253, 0.2997293352014694, 0.16560951670424737, 0.2742959562475002], [0.4010475288339959, 0.309510349531546, 0.07066972767281261, 0.2187723939616455], [0.053943064162901525, 0.5344878065974412, 0.22967837470099844, 0.1818907545386588], [0.13800667822005108, 0.050507137227149314, 0.7186878644374837, 0.09279832011531591], [0.3504176138007275, 0.09685667389008436, 0.01999892749836094, 0.5327267848108275], [0.3981438124993662, 0.018611517298397443, 0.1778596792850967, 0.40538499091713975], [0.005719758805821341, 0.005728890997397552, 0.9102986518020734, 0.07825269839470785], [0.1580958642452707, 0.3201310884825977, 0.05381575250696196, 0.4679572947651695], [0.7825982573612474, 0.004149286192018002, 0.05425396767884526, 0.15899848876788938], [0.07369171035335378, 0.7010721147575952, 0.07138434914519094, 0.15385182574386], [0.036267057656770435, 0.6380624141664607, 0.06911945064969208, 0.2565510775270769], [0.015205472064019293, 0.2650420868776617, 0.5212853770345154, 0.19846706402380418], [0.7424941553200891, 0.022703842748245762, 0.010363301788180521, 0.2244387001434847], [0.25831191859228336, 0.5024590181551152, 0.04058545150932899, 0.1986436117432721], [0.014617036648690426, 0.24423504463632947, 0.1615523037372848, 0.5795956149776954], [0.19859851381207272, 0.03848761363277763, 0.1875022700034836, 0.5754116025516662], [0.060640474955525436, 0.2327007281703106, 0.6256899495404757, 0.08096884733368803], [0.15727203467401465, 0.08406426781539919, 0.3010426799260976, 0.4576210175844885], [0.028002105065019194, 0.7595439817988573, 0.1912228376279767, 0.02123107550814683], [0.6999189471542637, 0.0660623696816116, 0.003401136874392794, 0.2306175462897319], [0.17499301974363346, 0.5940495259020432, 0.007965744761585729, 0.22299170959273756], [0.011614130622783766, 0.7055822451671205, 0.17819094491975024, 0.10461267929034533], [0.04197023398306472, 0.08474047847226353, 0.5513662277169312, 0.32192305982774033], [0.03000296930801284, 0.6417495818881217, 0.12890118207232668, 0.1993462667315385], [0.047603410211448774, 0.7571649169413852, 0.04336764959230902, 0.15186402325485723], [0.45837006788715756, 0.03751138433393654, 0.25018461484171806, 0.25393393293718775], [0.03276546362185092, 0.5568362283945697, 0.28598653148011793, 0.12441177650346116], [0.2534393718582865, 0.05246022505405848, 0.2884871052191059, 0.40561329786854916], [0.06084644833380793, 0.7432080979668573, 0.03837848838377053, 0.15756696531556436], [0.11416621166202827, 0.11819471436462364, 0.03989569399283378, 0.727743379980514], [0.39832230930713564, 0.0914184485424213, 0.01584011236048903, 0.4944191297899541], [0.16991724274380682, 0.22722545888817636, 0.02402981968663477, 0.5788274786813823], [0.743619851399562, 0.15148301894041552, 0.005442955940890136, 0.09945417371913218], [0.8452947384486172, 0.06179775887042472, 0.02304482539726219, 0.06986267728369604], [0.5437682402424192, 0.08897233978483166, 0.08699663280330658, 0.28026278716944236], [0.41669174970554657, 0.19613333020937787, 0.23017363776664826, 0.15700128231842728], [0.08556873847486883, 0.39660489855925424, 0.15011711729445978, 0.3677092456714171], [0.4402186342088862, 0.0329191310420177, 0.3415832900977722, 0.18527894465132375], [0.11942958469192777, 0.162937878857071, 0.2520122252147462, 0.46562031123625497], [0.08511921852592043, 0.10483720270786752, 0.7290137481165637, 0.0810298306496483], [0.813704104939674, 0.05957931897868965, 0.007875675316940611, 0.11884090076469553], [0.15873913362841202, 0.5825347200791684, 0.11471416627792992, 0.1440119800144897], [0.2430152057101455, 0.1042192949418231, 0.03692926881738163, 0.6158362305306497], [0.06415976472882556, 0.19585159173821498, 0.4148066341187606, 0.32518200941419884], [0.7460184247982901, 0.06160147502909117, 0.001759319130286851, 0.19062078104233227], [0.016974425599061028, 0.39032081856599704, 0.49105091574223, 0.10165384009271204], [0.6811496407061877, 0.24082482108196315, 0.018883741617813612, 0.05914179659403565], [0.1533822581280617, 0.12204839917854969, 0.632473513526046, 0.09209582916734241], [0.10060936731556186, 0.3545572319754161, 0.058204984376843426, 0.4866284163321788], [0.22077973543065096, 0.28199459202310734, 0.3484500339362469, 0.1487756386099945], [0.03827606418879296, 0.906933446282279, 0.02139047136827639, 0.03340001816065097], [0.013181431334465778, 0.1426074386013322, 0.7524774344043632, 0.09173369565983913], [0.166525557403604, 0.16433781775286282, 0.3923605553507896, 0.27677606949274375], [0.4340380908702915, 0.008004888951248753, 0.011804622053830796, 0.5461523981246293], [0.06880718038177938, 0.3663221627443457, 0.2156112508933238, 0.34925940598055094], [0.0555119271884272, 0.8278957279112958, 0.08413910884454531, 0.03245323605573136], [0.05182451496355198, 0.057999739365075825, 0.6654838261897601, 0.22469191948161213], [0.11773729227009168, 0.23454530791797593, 0.5356038370954715, 0.11211356271646088], [0.30347772883671814, 0.03620846515819783, 0.12145117779332992, 0.538862628211754], [0.6734923254221898, 0.2072238926501543, 0.03398872374406742, 0.08529505818358833], [0.34919128113813913, 0.0716982440228494, 0.5115212363921857, 0.06758923844682582], [0.2892329637174497, 0.2794402152962959, 0.06688041399815742, 0.36444640698809716], [0.06371195507345984, 0.7292504228181838, 0.040378088703678074, 0.1666595334046784], [0.2923395712087331, 0.23179630097910287, 0.06294397062776243, 0.4129201571844011], [0.09695392716852257, 0.8414095702048109, 0.026953576090631867, 0.03468292653603457], [0.22478116678487625, 0.15884211743191753, 0.14834172459958064, 0.4680349911836257], [0.162650627494227, 0.036251702947844175, 0.008730141004531455, 0.7923675285533974], [0.08806009572410944, 0.7733263790606308, 0.05627456601750351, 0.08233895919775622], [0.6616591510028706, 0.12973557893496346, 0.06906963763416685, 0.1395356324279988], [0.039182386708846495, 0.48114972975975817, 0.3902891804524639, 0.08937870307893145], [0.33758417448004874, 0.2739747032182385, 0.2045853836585894, 0.1838557386431235], [0.12659379989130917, 0.27314914363706766, 0.10527894471101622, 0.4949781117606067], [0.49425484161321165, 0.19433013016268802, 0.005062481977100944, 0.30635254624699954], [0.3483723602162284, 0.1301771957147581, 0.005393221939954737, 0.5160572221290587], [0.23002251779091354, 0.08622843292055402, 0.03564932072707802, 0.6480997285614543], [0.04747158758035302, 0.8200240513870487, 0.10378375262593198, 0.02872060840666607], [0.14889357504134806, 0.2808424181868145, 0.2930736959261468, 0.27719031084569085], [0.5416439780213314, 0.10645125386932555, 0.014249145719727813, 0.3376556223896152], [0.0021951023600311655, 0.9596992817534162, 0.018618256524206477, 0.01948735936234606], [0.19674715884416422, 0.5572635378063621, 0.008107564222914147, 0.23788173912655933], [0.1745219694047137, 0.512304188430628, 0.11178074056226875, 0.2013931016023893], [0.06265331013037982, 0.6236848197251, 0.12144474345038288, 0.19221712669413726], [0.024950463410284934, 0.2556783026213613, 0.5549340402872093, 0.16443719368114423]]}}