{"test": {"ids": ["109117080", "105119950", "108120621", "112119320", "107121700", "98111670", "105115570", "108115500", "105118171", "109120560", "100108490", "103117461", "97105580", "112119610", "111116040", "99108000", "110118810", "103120730", "104113240", "101110200", "113118421", "112120540", "106114880", "113122120", "106114150", "104111380", "103109641", "107120130", "107114621", "109117600", "105113210", "112121351", "99109740", "109116040", "103120340", "113122430", "100109980", "99117740", "111115400", "113122650", "111121190", "104116800", "112118530", "109119450", "102113350", "100108080", "107113200", "110114651", "113118490", "108115970", "98111231", "103111170", "107118780", "98112300", "100109311", "98106560", "105110251", "106114011", "97106000", "105112100", "109121640", "112116900", "108119510", "103118291", "109121351", "109117431", "109120150", "108119550", "111115620", "99108580", "113120601", "106114280", "104114410", "99108460", "113120070", "102110890", "108113740", "111119290", "99112300", "103110100", "112117571", "108114360", "111120540", "105115380", "108120280", "113119700", "110117080", "97113900", "109114651", "113121810", "104116980", "105115680", "111121351", "99109860", "108116481", "105119550", "105112130", "113120751", "109115380", "107115250", "104114240", "107119130", "113118111", "110120531", "104111550", "111116010", "104111711", "110118701", "103113640", "105116501", "97113260", "100108260", "100112060", "113122150", "112116640", "109117630", "101109370", "105113170", "100111080", "111120220", "104113000", "104118070", "98110710", "106116850", "109116170", "108115250", "107114140", "108117451", "105112240", "109117110", "99105921", "101112690", "108120700", "107113550", "101108500", "108118520", "97116500", "107121640", "99111440", "105116980", "113122170", "106111321"], "labels": [1, 3, 1, 1, 3, 1, 0, 3, 3, 1, 2, 0, 1, 0, 0, 2, 1, 1, 2, 2, 3, 3, 0, 1, 1, 3, 1, 2, 0, 1, 3, 0, 3, 0, 1, 2, 1, 2, 0, 2, 1, 1, 1, 3, 3, 0, 0, 3, 1, 2, 1, 2, 1, 2, 1, 1, 0, 1, 0, 1, 0, 3, 1, 0, 0, 1, 2, 1, 1, 0, 2, 3, 1, 0, 2, 0, 3, 3, 0, 1, 3, 1, 1, 1, 3, 0, 1, 2, 3, 2, 1, 2, 0, 2, 0, 1, 1, 1, 3, 2, 0, 1, 1, 0, 1, 1, 1, 3, 1, 1, 1, 3, 2, 2, 0, 0, 1, 0, 0, 3, 1, 2, 2, 3, 0, 1, 2, 2, 1, 1, 1, 1, 2, 0, 3, 0, 2, 1, 3, 0, 1, 0], "predicted_labels": [3, 3, 0, 3, 1, 3, 3, 3, 1, 3, 3, 0, 1, 3, 3, 3, 3, 3, 3, 3, 0, 1, 3, 3, 0, 3, 0, 3, 3, 3, 3, 3, 1, 3, 1, 3, 3, 3, 1, 3, 3, 1, 3, 3, 3, 3, 1, 3, 3, 3, 3, 3, 3, 3, 3, 1, 0, 3, 3, 3, 0, 1, 1, 3, 0, 3, 3, 3, 1, 0, 0, 3, 3, 0, 1, 3, 3, 0, 3, 3, 1, 3, 1, 3, 3, 3, 1, 3, 3, 3, 1, 3, 0, 1, 3, 3, 1, 3, 3, 3, 0, 3, 0, 0, 0, 3, 0, 3, 0, 3, 1, 3, 3, 3, 3, 3, 3, 3, 3, 3, 3, 3, 3, 3, 3, 3, 3, 3, 1, 1, 3, 1, 0, 3, 3, 3, 2, 3, 3, 3, 3, 3], "confidence_scores": [[0.2650205856235269, 0.2943999296197438, 0.14374708135002248, 0.2968324034067069], [0.23954779942279944, 0.26437685925185933, 0.17597209734709737, 0.3201032439782442], [0.32912668785462906, 0.27098946396740514, 0.1724725372666549, 0.22741131091131103], [0.21979850623232974, 0.28516462703962714, 0.19346087327704975, 0.30157599345099356], [0.2505304230083643, 0.3064687069466481, 0.17963608613608614, 0.2633647839089015], [0.20956995781995785, 0.24374519924519927, 0.21822337384837381, 0.32846146908646917], [0.16879148629148627, 0.2759049630924632, 0.27606596671302563, 0.27923758390302517], [0.24066282328782335, 0.25635612998113005, 0.21877590465090468, 0.2842051420801422], [0.2760235831420043, 0.2988146991896993, 0.14279410866910863, 0.28236760899918795], [0.2023172244422245, 0.26799916260210377, 0.21636528340940106, 0.3133183295462708], [0.23051337959426196, 0.26832866153454393, 0.17567287451110977, 0.3254850843600844], [0.2897515491044903, 0.28008096560302453, 0.16608513708513709, 0.26408234820734827], [0.23294639388389393, 0.3322255591630591, 0.1622363608613608, 0.2725916860916861], [0.21669021256521254, 0.2617970224220224, 0.2516655081030082, 0.2698472569097571], [0.20648138411296316, 0.2873044816810296, 0.21847083145612556, 0.2877433027498817], [0.23600872738372744, 0.2519604872251932, 0.2042066511919453, 0.3078241341991343], [0.24882778332778335, 0.26767091242091257, 0.18519169719169729, 0.2983096070596071], [0.3029618714618714, 0.21094462481962487, 0.1436820124320124, 0.34241149128649134], [0.17113877299171418, 0.26435793862999746, 0.28140746753246754, 0.2830958208458208], [0.22953508991008992, 0.2748348873348874, 0.2034034805064217, 0.2922265422486012], [0.3403565601065601, 0.22333519258519263, 0.12011724386724383, 0.3161910034410035], [0.2441510156510157, 0.29129731869437764, 0.18015221788015903, 0.28439944777444776], [0.22220160833318725, 0.2560535626654048, 0.19447608437314326, 0.3272687446282648], [0.22759157509157515, 0.26467014929514937, 0.17840069652569654, 0.3293375790875791], [0.3203371767121768, 0.2697847291597292, 0.11014874014874015, 0.2997293539793539], [0.21870723720723728, 0.2804467546342546, 0.19146459790209797, 0.30938141025641047], [0.29994474969474966, 0.2693262432012432, 0.1554147935397935, 0.2753142135642138], [0.27421767121767127, 0.2818836025086026, 0.1349584096459096, 0.3089403166278166], [0.3317559246309246, 0.20846409146409145, 0.0807195165945166, 0.3790604673104674], [0.21929337737425972, 0.24332341269841265, 0.22489841694253468, 0.3124847929847931], [0.2655079172203786, 0.23323074148074144, 0.16952394011217536, 0.33173740118670464], [0.2270230276259688, 0.279150660613896, 0.20534696757490878, 0.28847934418522664], [0.17518795093795092, 0.2849444444444445, 0.25888679865885755, 0.2809808059587472], [0.2877727827727828, 0.23584433621933623, 0.17336346986346984, 0.3030194111444111], [0.2599885571944396, 0.2964522511801924, 0.17521966513878284, 0.26833952648658543], [0.25740919497169495, 0.22938077200577198, 0.19493487068487064, 0.31827516233766245], [0.19607192807192803, 0.2640785187035187, 0.1902426046176046, 0.34960694860694874], [0.30374385775043666, 0.22893856143856137, 0.14787301587301588, 0.319444564937986], [0.21048930236430238, 0.3120436507936509, 0.18035016372516374, 0.29711688311688317], [0.2690767332083122, 0.21561531524031533, 0.2118132978132978, 0.30349465373807477], [0.2217482101232102, 0.20117415917415923, 0.2054203574203575, 0.3716572732822734], [0.1958168636918637, 0.3250801906426907, 0.19733103008103012, 0.2817719155844156], [0.1707291825821238, 0.26593037518037527, 0.2198896103896104, 0.3434508318478908], [0.2340455097448132, 0.2181559551559552, 0.24618278616808026, 0.3016157489311515], [0.22319683502771745, 0.20437012987012995, 0.2573695291636469, 0.31506350593850596], [0.24379743867243878, 0.27861201298701305, 0.16368795093795088, 0.31390259740259746], [0.21327308802308806, 0.3054511183261183, 0.17901821789321787, 0.30225757575757584], [0.18614627039627046, 0.21992589355089354, 0.16931499056499055, 0.4246128454878456], [0.3009064407814408, 0.19389433279139165, 0.18760887233681353, 0.31759035409035413], [0.22094874569874576, 0.2617410506160505, 0.19655804612054617, 0.32075215756465775], [0.2992036227661228, 0.24266640997891006, 0.15302600177600176, 0.3051039654789655], [0.27920554445554446, 0.1998950632700634, 0.17621515984015976, 0.3446842324342325], [0.1885525863025863, 0.29227795815295815, 0.2260786297036298, 0.2930908258408258], [0.29296285658785665, 0.24734890109890112, 0.14207481407481404, 0.3176134282384282], [0.3073830613830614, 0.15476461038961034, 0.20590516428016423, 0.331947163947164], [0.2016299256299257, 0.305318611943612, 0.23232549395049407, 0.26072596847596846], [0.36291280247530244, 0.20572725191475186, 0.13247132034632034, 0.29888862526362536], [0.21219715007215004, 0.28775856088356094, 0.1856168276168276, 0.3144274614274616], [0.17765757853257858, 0.26811291486291483, 0.25481556637806635, 0.29941394022644024], [0.29055419580419567, 0.2090954184704184, 0.17791869731575605, 0.3224316884096295], [0.3149362304362304, 0.24007141469641455, 0.16598115773115774, 0.27901119713619715], [0.28761678109472233, 0.2920675700933055, 0.13328763801557922, 0.2870280107963932], [0.27116192834942854, 0.2884632173382173, 0.16745515595515595, 0.2729196983571983], [0.27644092019092015, 0.2635913808413809, 0.12689772727272727, 0.3330699716949718], [0.294780087967588, 0.24463335275835277, 0.1897486957486957, 0.2708378635253636], [0.2587196365725778, 0.27977915140415144, 0.17825811688311688, 0.28324309514015394], [0.18564684620934624, 0.21519222444222444, 0.2700946067821069, 0.3290663225663226], [0.23958319458319463, 0.2408766233766233, 0.2584412393162393, 0.26109894272394274], [0.20208334720834725, 0.28910587073744964, 0.22436466311466308, 0.28444611893954014], [0.3107313242313242, 0.20915283327783332, 0.18314417526917523, 0.29697166722166735], [0.3397253441003443, 0.25579442779442785, 0.1229526307026307, 0.28152759740259736], [0.2858683073462486, 0.25496662242985774, 0.17292640202934317, 0.28623866819455057], [0.27949467199467204, 0.26987876012876016, 0.1678605977355977, 0.28276597014097016], [0.30634625097125107, 0.25577987290487286, 0.15939905927405923, 0.2784748168498168], [0.17652307414807417, 0.27493530407501, 0.27474838723368145, 0.2737932345432347], [0.2498374264624265, 0.2131590909090909, 0.2311128960908373, 0.30589058653764534], [0.21837658175158176, 0.22825352425352438, 0.24538612776112778, 0.3079837662337663], [0.2629590504524716, 0.24995270497476388, 0.2289356566635979, 0.25815258790916695], [0.2307608130173919, 0.2573016756635177, 0.2149070512820513, 0.29703046003703903], [0.17636267898767902, 0.2760132090132089, 0.2518051948051949, 0.2958189171939172], [0.23184260184260175, 0.28662049062049066, 0.19791022866022867, 0.283626678876679], [0.2085531968031968, 0.2651261377511377, 0.25428912753912764, 0.27203153790653795], [0.23610692779442793, 0.2817293123543124, 0.22524644799644805, 0.25691731185481187], [0.20762018537018537, 0.2590426550573609, 0.25228142853878144, 0.28105573103367226], [0.3026630869130869, 0.2109824203574203, 0.14527182539682532, 0.3410826673326673], [0.23374301393051397, 0.28995541264291264, 0.16811828449328453, 0.30818328893328883], [0.25247698135198127, 0.28279272116772125, 0.19246896159396154, 0.27226133588633594], [0.2489354693509106, 0.2208628108003107, 0.17720676545676547, 0.3529949543920134], [0.31013623876123886, 0.1989973776223777, 0.10313881951381947, 0.38772756410256404], [0.25155026917526924, 0.2422330447330448, 0.20424476911976913, 0.3019719169719171], [0.17231675269175262, 0.31733158508158504, 0.23637373737373732, 0.2739779248529249], [0.1748854748192983, 0.2604558480734951, 0.22359521687462866, 0.34106346023257794], [0.30574166111666123, 0.2826027999778, 0.14192801642801642, 0.2697275224775225], [0.2353681041181041, 0.27786381673881677, 0.2219776751026751, 0.2647904040404041], [0.28046571922229824, 0.2171099784718207, 0.13101011488511488, 0.3714141874207664], [0.2848270202020202, 0.28863233988234, 0.12415061327561323, 0.3023900266400267], [0.21172181984681984, 0.31170104895104905, 0.19117460317460314, 0.2854025280275279], [0.27056658619158624, 0.2391949855699857, 0.1558561161061161, 0.3343823121323122], [0.16928910672660671, 0.2934570707070708, 0.2371958666333667, 0.300057955932956], [0.27054249222999227, 0.2926642336421748, 0.12188272430184192, 0.3149105498259911], [0.31107970705764826, 0.2752266540648894, 0.13876688099482212, 0.2749267578826403], [0.25935353535353534, 0.22430663780663782, 0.23671915584415582, 0.27962067099567095], [0.32576870351870346, 0.27144150294150293, 0.10421872571872569, 0.2985710678210679], [0.323918179043179, 0.22644834332334335, 0.1444165556665556, 0.30521692196692213], [0.29068491230991245, 0.2464899128649128, 0.1997155344655345, 0.26310964035964035], [0.24988503163503153, 0.24695196470196484, 0.21938455988455993, 0.28377844377844386], [0.2835317876567877, 0.23208003108003109, 0.21537064324564326, 0.2690175380175381], [0.2701959706959708, 0.255781426906427, 0.15015807803307799, 0.32386452436452456], [0.3067121767121769, 0.2531473665223665, 0.14561976911976912, 0.29452068764568773], [0.28779361610611615, 0.27041777666777667, 0.11492440892440892, 0.3268641983016984], [0.18155182317682322, 0.3111739690048514, 0.20863706432456441, 0.2986371434937612], [0.2993718989343989, 0.26896177433677426, 0.1228400072150072, 0.3088263195138196], [0.2818599872349873, 0.21573758880008878, 0.1642966339216339, 0.33810579004329006], [0.19070781302031303, 0.279733660130719, 0.24922091307385433, 0.2803376137751137], [0.29239744977244986, 0.2242873792873794, 0.1449163059163059, 0.3383988650238652], [0.239123896936397, 0.25583685064935063, 0.19436170773670766, 0.31067754467754477], [0.22985231435231435, 0.27144232156732157, 0.20258545621045623, 0.29611990786990783], [0.22582382894882902, 0.2332246572871574, 0.174862678987679, 0.36608883477633497], [0.25870926295926294, 0.28768115218115226, 0.15195808358308352, 0.3016515012765014], [0.24132856440944678, 0.26598444069690197, 0.17895469399881164, 0.3137323008948396], [0.22574628843378844, 0.29549566405816424, 0.15551508214008206, 0.32324296536796543], [0.21421159314541666, 0.25570337995338005, 0.2635606970643736, 0.26652432983682983], [0.18667983405483402, 0.2775508760030819, 0.2114567413795356, 0.32431254856254876], [0.22548797036297039, 0.21853670267640854, 0.25067602699588004, 0.3052992999647412], [0.24442014929514935, 0.2775345765345766, 0.1561120684870685, 0.3219332056832057], [0.24025022200022195, 0.3005444555444556, 0.15348556998556995, 0.30571975246975247], [0.19637850344100347, 0.23721520146520156, 0.24705456349206348, 0.3193517316017316], [0.25998115773115776, 0.282715139027639, 0.16140907703407698, 0.29589462620712625], [0.18655357142857137, 0.36470344932844934, 0.19888277000777002, 0.24986020923520924], [0.16585002497502502, 0.33018423243423256, 0.23005749805749812, 0.27390824453324447], [0.22312698412698415, 0.27655398767898776, 0.1709789862914862, 0.3293400419025419], [0.21715516836105078, 0.29162685925185927, 0.21441884096295866, 0.2767991314241315], [0.3979033649099438, 0.19694715518399722, 0.1015647408147408, 0.3035847390913181], [0.2697057387057388, 0.21182579920079914, 0.17316952491952492, 0.3452989371739373], [0.1860753968253968, 0.28328885003885007, 0.20204226329226324, 0.32859348984348985], [0.2720013736263737, 0.24697137911108502, 0.17016234827264234, 0.31086489898989916], [0.19811147186147185, 0.25582720057720065, 0.28092947330447343, 0.26513185425685426], [0.19911069486069494, 0.2862741286491286, 0.22062933390139278, 0.2939858425887838], [0.2516941710250535, 0.24622270784770786, 0.21010526156849693, 0.29197785955874195], [0.2566009823509824, 0.20844961982461988, 0.17248167804417805, 0.36246771978022013], [0.21815542790542788, 0.23496516310486903, 0.23938882114617419, 0.30749058784352895], [0.22158552558552555, 0.2627721167721167, 0.18582664557664558, 0.3298157120657122]]}, "rewritten": {"ids": ["97105580", "97106000", "97113260", "97113900", "97116500", "98106560", "98110710", "98111231", "98111670", "98112300", "99105921", "99108000", "99108460", "99108580", "99109740", "99109860", "99111440", "99112300", "99117740", "100108080", "100108260", "100108490", "100109311", "100109980", "100111080", "100112060", "101108500", "101109370", "101110200", "101112690", "102110890", "102113350", "103109641", "103110100", "103111170", "103113640", "103117461", "103118291", "103120340", "103120730", "104111380", "104111550", "104111711", "104113000", "104113240", "104114240", "104114410", "104116800", "104116980", "104118070", "105110251", "105112100", "105112130", "105112240", "105113170", "105113210", "105115380", "105115570", "105115680", "105116501", "105116980", "105118171", "105119550", "105119950", "106111321", "106114011", "106114150", "106114280", "106114880", "106116850", "107113200", "107113550", "107114140", "107114621", "107115250", "107118780", "107119130", "107120130", "107121640", "107121700", "108113740", "108114360", "108115250", "108115500", "108115970", "108116481", "108117451", "108118520", "108119510", "108119550", "108120280", "108120621", "108120700", "109114651", "109115380", "109116040", "109116170", "109117080", "109117110", "109117431", "109117600", "109117630", "109119450", "109120150", "109120560", "109121351", "109121640", "110114651", "110117080", "110118701", "110118810", "110120531", "111115400", "111115620", "111116010", "111116040", "111119290", "111120220", "111120540", "111121190", "111121351", "112116640", "112116900", "112117571", "112118530", "112119320", "112119610", "112120540", "112121351", "113118111", "113118421", "113118490", "113119700", "113120070", "113120601", "113120751", "113121810", "113122120", "113122150", "113122170", "113122430", "113122650"], "labels": [1, 0, 1, 2, 2, 1, 2, 1, 1, 2, 1, 2, 0, 0, 3, 2, 3, 0, 2, 0, 3, 2, 1, 1, 0, 2, 3, 1, 2, 1, 0, 3, 1, 1, 2, 1, 0, 0, 1, 1, 3, 1, 1, 1, 2, 0, 1, 1, 1, 2, 0, 1, 1, 1, 0, 3, 1, 0, 2, 1, 0, 3, 1, 3, 0, 1, 1, 3, 0, 3, 0, 0, 2, 0, 2, 1, 1, 2, 1, 3, 3, 1, 1, 3, 2, 0, 2, 0, 1, 1, 3, 1, 2, 3, 3, 0, 0, 1, 1, 1, 1, 0, 3, 2, 1, 0, 0, 3, 1, 3, 1, 0, 0, 1, 1, 0, 3, 3, 1, 1, 0, 0, 3, 3, 1, 1, 0, 3, 0, 1, 3, 1, 0, 2, 2, 1, 2, 1, 2, 1, 2, 2], "predicted_labels": [3, 3, 3, 3, 3, 3, 3, 3, 3, 3, 3, 3, 3, 3, 3, 3, 3, 3, 3, 3, 3, 3, 3, 3, 3, 3, 3, 3, 3, 3, 3, 3, 3, 1, 3, 3, 3, 3, 3, 3, 3, 3, 3, 3, 3, 3, 3, 3, 3, 3, 3, 3, 3, 1, 3, 3, 3, 3, 3, 3, 3, 3, 3, 3, 3, 3, 3, 3, 3, 0, 3, 3, 3, 3, 3, 3, 3, 3, 3, 3, 3, 3, 3, 3, 3, 3, 3, 3, 3, 3, 3, 3, 0, 3, 3, 3, 3, 3, 3, 3, 3, 3, 3, 3, 3, 3, 3, 3, 3, 3, 3, 3, 3, 3, 3, 3, 3, 0, 3, 3, 0, 3, 0, 3, 3, 1, 3, 3, 3, 3, 3, 3, 3, 3, 3, 3, 3, 3, 3, 3, 3, 3], "confidence_scores": [[0.2711931552924201, 0.23310479104229104, 0.1909830684021861, 0.304718985263103], [0.20834281078398728, 0.21928643578643592, 0.201906671759613, 0.3704640816699639], [0.23687986727324972, 0.24931010982481572, 0.18698702931055866, 0.32682299359137595], [0.22223715867465874, 0.2563243915956765, 0.18682200805730215, 0.33461644167236265], [0.21344427794427812, 0.25596583971583975, 0.23315573315573318, 0.2974341491841493], [0.24309435009435013, 0.2797560772560772, 0.13801953601953598, 0.3391300366300369], [0.23208667721167728, 0.24318517593517597, 0.2197394480519481, 0.30498869880119883], [0.265545621045621, 0.28630308580308583, 0.14695279720279722, 0.301198495948496], [0.28850923382173393, 0.18918889443889442, 0.15421708846708843, 0.36808478327228344], [0.2795182178932178, 0.24933340270840282, 0.1545506854256854, 0.31659769397269405], [0.2708547216672217, 0.221734362859363, 0.15223520923520922, 0.35517570623820627], [0.21808245920745925, 0.2593932040182041, 0.16868778443778443, 0.3538365523365525], [0.244862509630892, 0.23662751831501835, 0.17745890220890215, 0.3410510698451877], [0.2761024322899323, 0.20989195526695528, 0.1937374847374847, 0.3202681277056278], [0.23516467560217572, 0.2476092518592519, 0.2011743672993673, 0.3160517052392052], [0.2093961316461318, 0.2882310606060605, 0.18530075480075475, 0.3170720529470529], [0.3063322066005889, 0.18221482683982676, 0.18647480297480304, 0.32497816358478127], [0.29319140326048215, 0.20257458331142544, 0.15799443611943606, 0.34623957730865634], [0.28672804972804966, 0.22768091630591633, 0.16605580530580524, 0.3195352286602287], [0.3084619824619825, 0.21791716616716608, 0.16203373015873024, 0.3115871212121212], [0.229079718892219, 0.25443482905982917, 0.2083137140637141, 0.3081717379842381], [0.20912993379169845, 0.25151527639027643, 0.2318996714070244, 0.3074551184110007], [0.1988110541419366, 0.26520405982905987, 0.15484981684981686, 0.38113506917918677], [0.18061355311355318, 0.23349469974469975, 0.23191736041736047, 0.3539743867243868], [0.2221871600621601, 0.24538246475746472, 0.2366514041514042, 0.29577897102897116], [0.2262192737817738, 0.2411590076590076, 0.19951773226773228, 0.33310398629148635], [0.22865075610663851, 0.21469511044511042, 0.24720679320679323, 0.30944734024145787], [0.19672290209790216, 0.23806567044067045, 0.2087428821178821, 0.35646854534354533], [0.21649338161838177, 0.2245916722166722, 0.22203470345014462, 0.3368802427148016], [0.229399981962482, 0.26798520923520935, 0.1906356421356421, 0.31197916666666664], [0.26106272893772897, 0.2601459235209235, 0.1960349095349095, 0.2827564380064381], [0.18367153679653683, 0.19996933621933632, 0.24077487789987795, 0.3755842490842491], [0.21272104692692934, 0.2415836802086802, 0.18354222738046264, 0.36215304548392796], [0.23216541791541798, 0.2749190531690532, 0.221490467865468, 0.27142506105006103], [0.2767654983904985, 0.25376268176268185, 0.17542331279831275, 0.2940485070485071], [0.3118278527028529, 0.1773059718059718, 0.18032109557109557, 0.3305450799200799], [0.2119382741441565, 0.27036056998557007, 0.1688961038961038, 0.34880505197416967], [0.23559383671883677, 0.2245658091908092, 0.18462398712398712, 0.355216366966367], [0.22913194158782393, 0.21885979298479305, 0.2289116161616163, 0.32309664926576687], [0.2974722014097014, 0.21961019862490452, 0.176499968985263, 0.3064176309801308], [0.24637432094049735, 0.24126948051948044, 0.1871268543547955, 0.3252293441852266], [0.2470805375180375, 0.2484747821622821, 0.20092099567099564, 0.30352368464868473], [0.24535939469027712, 0.25135420829170835, 0.1932616272616273, 0.31002476975638743], [0.24584163059163072, 0.24766360028860038, 0.1699348845598845, 0.3365598845598845], [0.22398161560661564, 0.2752834526584527, 0.15423207348207343, 0.3465028582528582], [0.2493665888849713, 0.25913166000666005, 0.1385181068931068, 0.35298364421526185], [0.27503123959373965, 0.21062366799866802, 0.18128751803751805, 0.3330575743700744], [0.2350795593295594, 0.2236651542901543, 0.1625387667887668, 0.37871651959151964], [0.18706879231879234, 0.2798636363636363, 0.16514051226551224, 0.36792705905205914], [0.24624074944663188, 0.2580248917748918, 0.2079410401689813, 0.2877933186094951], [0.27349719724719723, 0.25111118048618053, 0.15961431623931616, 0.315777306027306], [0.2537411477411478, 0.23085390997891, 0.18608802308802308, 0.3293169191919192], [0.2881310425685426, 0.25676428432678433, 0.1308424075924076, 0.32426226551226556], [0.23756704406704415, 0.3149550033300034, 0.14327887390387384, 0.30419907869907875], [0.24628482628482634, 0.19910431235431236, 0.18910446497946506, 0.36550639638139637], [0.33045705683205684, 0.18179899267399263, 0.13738189588189584, 0.3503620546120547], [0.21619254356754364, 0.2337503052503052, 0.20314547952047948, 0.34691167166167175], [0.24637788600288602, 0.2937228465978467, 0.1408636918636918, 0.3190355755355756], [0.2746051101676103, 0.2278900127650128, 0.1619431124431124, 0.3355617646242646], [0.25166597699685944, 0.20805688755688748, 0.20144083694083698, 0.33883629850541624], [0.3127225315534139, 0.1960603563103563, 0.1698402765535118, 0.321376835582718], [0.27517617105117115, 0.20484113109113114, 0.1551962481962482, 0.36478644966144974], [0.2615252982311807, 0.2522994227994228, 0.1658396938029291, 0.32033558516646754], [0.2595802782743572, 0.23913234499418715, 0.211826479076479, 0.28946089765497685], [0.24252815240315254, 0.2238321817071817, 0.1614212037962037, 0.372218462093462], [0.2051789321789322, 0.2646037712287712, 0.18925679875679877, 0.34096049783549776], [0.27636907536907535, 0.23447907647907656, 0.175166403041403, 0.3139854451104451], [0.2629256617565442, 0.2194370490620491, 0.15337301587301583, 0.36426427330839084], [0.2486096681096681, 0.2626604090354091, 0.17348876123876125, 0.3152411616161616], [0.2814697455322456, 0.2711682622932623, 0.17359027084027087, 0.2737717213342215], [0.2815158175158176, 0.2725797258297258, 0.13228175990675986, 0.31362269674769694], [0.2420209443334443, 0.20409006271506278, 0.20431596181596176, 0.3495730311355312], [0.2694166805416805, 0.24670778271436167, 0.16564017232767228, 0.3182353644162855], [0.3269903360528361, 0.16688583638583637, 0.11016657647907652, 0.3959572510822509], [0.2348449814074815, 0.27740674603174603, 0.15518553668553664, 0.33256273587523594], [0.2254066211566212, 0.25003210678210686, 0.16954274891774887, 0.35501852314352306], [0.29045405982906, 0.2175649350649351, 0.18462914862914867, 0.3073518564768565], [0.21466054084804095, 0.2920096500721502, 0.16779945054945056, 0.3255303585303585], [0.2529191017316018, 0.23193661893661896, 0.17388124375624375, 0.3412630355755357], [0.23087950937950946, 0.29244444444444445, 0.16978733766233767, 0.3068887085137086], [0.2606186076994901, 0.20874361749361747, 0.2133676172683526, 0.31727015753854004], [0.23811335274202927, 0.239381771006771, 0.23923360177404296, 0.28327127447715683], [0.2508079906204906, 0.21746272477522485, 0.1672601565101565, 0.364469128094128], [0.25046824090941744, 0.22121026196026194, 0.19726273236567343, 0.33105876476464724], [0.29455680430680425, 0.2197252747252747, 0.17085948773448772, 0.31485843323343327], [0.288517819899399, 0.235822515934358, 0.1550591353091353, 0.32060052885710794], [0.23081394300144303, 0.21564339826839826, 0.146133658008658, 0.4074090007215007], [0.24462289099789103, 0.23437998551156447, 0.23110771173271172, 0.28988941175783284], [0.20722226384726383, 0.27348798423798426, 0.18627908202908205, 0.33301066988566996], [0.22136570088408342, 0.24639875402375405, 0.22622099305922835, 0.3060145520329345], [0.24916158922776577, 0.21687900987900985, 0.1542528533557945, 0.37970654753743], [0.2473802606707019, 0.2365536408036408, 0.1639847791097791, 0.3520813194158784], [0.38056163281163263, 0.19298448773448768, 0.12427025752025754, 0.30218362193362186], [0.256847034909535, 0.26071692196692203, 0.16742927905427904, 0.3150067640692641], [0.19444512432012445, 0.24822900710400708, 0.1629300005550006, 0.39439586802086796], [0.22699830724830725, 0.23759974747474755, 0.19175313575313566, 0.3436488095238095], [0.2199509726384726, 0.2444053030303031, 0.1970406954156955, 0.33860302891552885], [0.21382310744810748, 0.2571791125541126, 0.2224193722943723, 0.3065784077034077], [0.21832499444999456, 0.28621801809301806, 0.11317243867243867, 0.3822845487845489], [0.27524027565571685, 0.2711960678210678, 0.11838233988233987, 0.3351813166408754], [0.199119116994117, 0.2801123737373739, 0.19928320290820292, 0.3214853063603065], [0.28762928737928745, 0.2259466644466645, 0.18357456432456432, 0.30284948384948396], [0.2342940254190255, 0.22344769119769115, 0.1354305139305139, 0.40682776945276944], [0.2293579386299975, 0.214247890997891, 0.22420511514629163, 0.33218905522582], [0.23768746531246532, 0.23295804195804198, 0.23398244810744814, 0.2953720446220447], [0.23494332056832065, 0.2362786241536243, 0.20722749472749474, 0.3215505605505606], [0.26676588689088687, 0.2565720390720391, 0.17797581585081584, 0.2986862581862583], [0.2048521666242255, 0.24752604340104345, 0.17622882183176294, 0.3713929681429682], [0.2783055555555556, 0.2380225468975468, 0.14970707070707065, 0.3339648268398268], [0.18883065953654182, 0.2892018398268399, 0.16276803751803748, 0.3591994631185807], [0.25937336274836276, 0.25205937118437116, 0.19380572205572202, 0.2947615440115442], [0.27746433917389807, 0.21010407647907645, 0.11900379685673801, 0.39342778749028723], [0.24557734830528954, 0.2194988532709122, 0.17573298923298922, 0.35919080919080926], [0.23132292013542016, 0.2766813325563327, 0.15917223054723054, 0.3328235167610167], [0.2349984668109668, 0.24860515873015882, 0.17862554112554108, 0.33777083333333335], [0.21280888708384846, 0.28775893001047803, 0.17937306810836215, 0.3200591147973114], [0.29044055454349577, 0.22515568255274135, 0.15398186535686528, 0.33042189754689766], [0.29844503127591365, 0.2506845238095238, 0.15338845876345877, 0.2974819861511039], [0.25222807054057056, 0.21560668498168492, 0.20728661616161617, 0.3248786283161283], [0.269218521674404, 0.2168247863247863, 0.20350407517319277, 0.31045261682761693], [0.29136246392496395, 0.2124077380952382, 0.20871987734487732, 0.28750992063492065], [0.3131789876789877, 0.2047785409035409, 0.1478637196137196, 0.33417875180375184], [0.312918414918415, 0.269543734043734, 0.1512380952380952, 0.2662997557997558], [0.28507267732267727, 0.25256764069264076, 0.13362452824952822, 0.3287351537351537], [0.2211140289449114, 0.2734063852813853, 0.1496210317460317, 0.35585855402767164], [0.2177539543789544, 0.3371153984903985, 0.1533704212454212, 0.2917602258852259], [0.22139226051726055, 0.2439298479298479, 0.15080404317904314, 0.38387384837384836], [0.24525110714448956, 0.24979148629148626, 0.2025395952087128, 0.3024178113553113], [0.24237931594549242, 0.2594745532245533, 0.20792910765704875, 0.2902170231729056], [0.23244213425463428, 0.25616666666666665, 0.15047209734709732, 0.36091910173160163], [0.18400760758848989, 0.22887094155844154, 0.17455901043401043, 0.41256244041905793], [0.2352221459096459, 0.24114846264846268, 0.18711560661560658, 0.3365137848262848], [0.2746039516039518, 0.26492325036075043, 0.10876255688755686, 0.35171024114774113], [0.27489352314352317, 0.2812681623931624, 0.1504849178599178, 0.29335339660339665], [0.21207360694860694, 0.24479490392648276, 0.17120290820290818, 0.3719285809220018], [0.298876842520225, 0.22455191336441335, 0.13530386280386275, 0.34126738131149886], [0.24066460622710623, 0.242816502941503, 0.1840847069597069, 0.332434183871684], [0.2261000596625597, 0.2689406565656565, 0.14098240648240645, 0.36397687728937733], [0.17992001054501053, 0.2472409257409258, 0.2678554917304918, 0.30498357198357207], [0.30445253439371084, 0.21996160783660784, 0.13683385568679682, 0.3387520020828844], [0.2629725670571259, 0.2384395743145743, 0.20846351769145888, 0.290124340936841], [0.27971993284493285, 0.24047240259740266, 0.179681277056277, 0.3001263875013876]]}}