{"test": {"ids": ["97111790", "113121810", "100109360", "109117730", "110121500", "113120070", "103120340", "98109230", "101109370", "108120260", "100111270", "104111711", "102116500", "113122510", "109120150", "107114200", "106116820", "109118161", "108113480", "101108950", "99109141", "102113350", "108120700", "109119460", "112116401", "112118421", "106118301", "107113130", "104110960", "100112060", "110121140", "104114410", "106115120", "105115680", "108121190", "113121220", "108114270", "109114220", "109113591", "102109910", "110118810", "102110240", "110121450", "112118860", "109117080", "99112300", "109114720", "103109791", "97116410", "112116290", "111117120", "100111620", "106119990", "99107300", "101119591", "108119550", "98108520", "102112250", "108114040", "111116530", "113122220", "99112840", "106113190", "104114320", "103112641", "97106970", "101121640", "105115900", "107121700", "98108970", "108113740", "98106111", "99108010", "102121700", "107116501", "105119950", "97112830", "102107961", "110114610", "112119120", "111115910", "104114230", "112116610", "113118511", "110115890", "112118550", "105118740", "105112100", "99109370", "100113370", "99109740", "98107010", "99108310", "109117630", "111121190", "106117770", "103113640", "111117200", "102112170", "109116040", "104111550", "108121410", "108121160", "97107950", "107115250", "113119930", "101112201", "110118450", "111120280", "113118421", "110116300", "109113931", "111117571", "100108260", "108117610", "98121790", "104116800", "99120010", "109117150", "110115250", "100108580", "112116900", "103109641", "97109570", "110114651", "109115220", "103111540", "106121190", "98111860", "104111830", "112118880", "106116850", "97116800", "109115380", "112118511", "109120560", "113117550", "110117110", "98112580", "113120260", "104111531", "111118910"], "labels": [2, 2, 0, 3, 3, 2, 1, 1, 1, 1, 2, 1, 1, 2, 2, 2, 1, 0, 0, 2, 3, 3, 2, 1, 0, 3, 1, 1, 2, 2, 3, 1, 1, 2, 1, 3, 3, 3, 3, 2, 1, 3, 3, 3, 1, 0, 0, 3, 3, 0, 2, 3, 0, 3, 0, 1, 2, 0, 0, 3, 1, 2, 0, 2, 3, 2, 2, 3, 3, 3, 3, 0, 2, 1, 1, 3, 2, 3, 1, 1, 2, 2, 1, 1, 2, 3, 1, 1, 1, 3, 3, 3, 2, 0, 1, 0, 1, 0, 3, 0, 1, 0, 2, 2, 2, 1, 0, 0, 0, 3, 3, 1, 3, 3, 3, 2, 1, 2, 2, 1, 0, 3, 1, 0, 3, 3, 1, 2, 0, 3, 1, 3, 0, 3, 1, 1, 3, 0, 2, 3, 0, 0], "predicted_labels": [3, 1, 3, 0, 1, 1, 3, 0, 3, 0, 2, 0, 3, 0, 3, 3, 3, 1, 3, 2, 3, 1, 0, 0, 0, 0, 0, 1, 3, 3, 0, 2, 1, 1, 1, 1, 1, 2, 1, 1, 3, 2, 1, 1, 1, 1, 1, 1, 1, 1, 0, 0, 3, 3, 0, 3, 3, 0, 3, 0, 3, 2, 1, 1, 0, 1, 3, 1, 1, 1, 1, 2, 1, 0, 3, 2, 1, 0, 0, 3, 1, 3, 0, 1, 1, 0, 2, 0, 1, 2, 3, 1, 1, 0, 1, 2, 0, 3, 1, 2, 1, 0, 3, 2, 1, 0, 0, 1, 1, 0, 0, 0, 3, 0, 1, 3, 1, 3, 1, 1, 3, 0, 0, 3, 3, 0, 3, 1, 1, 3, 3, 2, 3, 1, 3, 3, 3, 1, 3, 1, 1, 3], "confidence_scores": [[0.22206629731572877, 0.2303635616800706, 0.19266036372734494, 0.35490977727685585], [0.19877468778507845, 0.36934869455718744, 0.1430168541389336, 0.2888597635188006], [0.26461909711614645, 0.2551278507236418, 0.14697755332438145, 0.33327549883583046], [0.33245932743875767, 0.22618279720906423, 0.20237440831873293, 0.2389834670334452], [0.37226359040689605, 0.43485312260502834, 0.08533159657536016, 0.10755169041271555], [0.11153229568545543, 0.6785752413751529, 0.08052774585929799, 0.12936471708009364], [0.22669364440070933, 0.2965084463635593, 0.11543505759138205, 0.3613628516443493], [0.2934469794814079, 0.29205119428851567, 0.1496430076083052, 0.2648588186217712], [0.21481891369908723, 0.19424490375098966, 0.2898243888009061, 0.3011117937490169], [0.3216427086203622, 0.2925282472171633, 0.10743163373532463, 0.2783974104271499], [0.08149074938743187, 0.1454944757043654, 0.6021321982072084, 0.17088257670099438], [0.3476648471215707, 0.33365845675610695, 0.20120832553736176, 0.11746837058496068], [0.13122294971849222, 0.20668860806331749, 0.1954152525071793, 0.466673189711011], [0.5112153584946969, 0.19814241589530182, 0.08108387562790759, 0.2095583499820937], [0.2891981442035106, 0.2540419409551492, 0.15027514334279007, 0.3064847714985501], [0.15631390918409035, 0.2539835050752236, 0.21674279502213756, 0.3729597907185485], [0.12627550443978247, 0.23257525147233302, 0.22991569075546384, 0.4112335533324207], [0.28322031962137506, 0.36129281391207224, 0.09508606432241132, 0.2604008021441415], [0.2693083861599602, 0.2810834798438518, 0.14576367645654356, 0.3038444575396443], [0.1598143035354783, 0.27811789569671247, 0.31088462139215406, 0.25118317937565526], [0.19569948091988534, 0.12172987373917558, 0.09619271154105109, 0.5863779337998879], [0.1878919521310989, 0.43780112679210326, 0.11354427148734815, 0.2607626495894498], [0.4085957013959165, 0.26165291387875567, 0.12096069395219931, 0.20879069077312865], [0.320885597934994, 0.2577300634443309, 0.13090411586516007, 0.2904802227555149], [0.52133913467795, 0.17568520033216148, 0.11667612057365236, 0.18629954441623628], [0.41509068240462427, 0.22731104975609992, 0.11176562943963488, 0.24583263839964098], [0.371965363460746, 0.3113145891162437, 0.12348641339955492, 0.19323363402345542], [0.20276894841309345, 0.5617128021523917, 0.09564088901993761, 0.13987736041457732], [0.14248064370621857, 0.28103282505701416, 0.20648176924985268, 0.3700047619869147], [0.23953040557335895, 0.23620650264495557, 0.12761917334881387, 0.3966439184328717], [0.34224194621864623, 0.1823328070082496, 0.15564125337761076, 0.3197839933954936], [0.10981921930746663, 0.0997525692950001, 0.5460653864647753, 0.24436282493275802], [0.15463081507664664, 0.39331175788932926, 0.22238826300992298, 0.22966916402410112], [0.073165158678529, 0.3793982477026357, 0.28488818444622727, 0.26254840917260797], [0.179626933760175, 0.58682671540972, 0.13829236201361764, 0.09525398881648726], [0.2773588697550093, 0.30226427224284197, 0.23625301781746016, 0.18412384018468875], [0.23097419359357443, 0.48056707524403336, 0.10977560014138854, 0.1786831310210037], [0.2019113548380961, 0.2399432781848606, 0.3896483405892654, 0.16849702638777786], [0.09137791482994577, 0.4523728026324732, 0.045305413315038394, 0.41094386922254283], [0.2590817841252406, 0.28329554878194924, 0.17789031090719035, 0.27973235618562], [0.2944457156137841, 0.18164336833822164, 0.1339820840082912, 0.38992883203970313], [0.241153160523953, 0.21740104893065998, 0.31790141844387565, 0.2235443721015114], [0.22720488009885748, 0.32908285544333893, 0.16106185874113127, 0.2826504057166725], [0.20959503174108654, 0.3971191583465714, 0.11217165305736537, 0.28111415685497687], [0.261449459500631, 0.3842775555915, 0.12290854078808494, 0.231364444119784], [0.20052891461383948, 0.3472141173398682, 0.11315906143072504, 0.3390979066155674], [0.20958767494821887, 0.34274509421603894, 0.15389626265372217, 0.29377096818202003], [0.21722587721618536, 0.3903185095758521, 0.10285028855893086, 0.2896053246490315], [0.16952423290437302, 0.4226714659834803, 0.12068169520689619, 0.2871226059052505], [0.306623059032137, 0.3381657778287831, 0.12386115044836159, 0.2313500126907184], [0.37151290391366837, 0.29288120279984575, 0.17951651755570552, 0.15608937573078038], [0.29252476508275155, 0.26002151164302073, 0.17817826528027209, 0.2692754579939557], [0.14217158245748138, 0.262236487222201, 0.08608420633976431, 0.5095077239805534], [0.20876426676879975, 0.2465368448898635, 0.13785072383139302, 0.40684816450994377], [0.494878975703433, 0.20614790584622286, 0.08644817427582509, 0.2125249441745191], [0.1574738535485257, 0.2843819444214987, 0.1635385010734645, 0.39460570095651115], [0.1799401832798971, 0.23393613181493242, 0.1332694258231845, 0.452854259081986], [0.4298107034401002, 0.2171752855130205, 0.09233500667072139, 0.26067900437615804], [0.09714445066185758, 0.32486074179629837, 0.24059651632033918, 0.3373982912215048], [0.3578299946282419, 0.15758434144750522, 0.18906756187212714, 0.2955181020521259], [0.2730210587879337, 0.1940338681265201, 0.164100938386833, 0.3688441346987133], [0.19903503955966217, 0.30110996737287754, 0.33508502440777216, 0.16476996865968807], [0.24671217216726637, 0.3332838574077721, 0.16840202065409232, 0.25160194977086925], [0.1919855578846598, 0.44850313897465766, 0.14784164454693685, 0.2116696585937459], [0.3470459450888343, 0.26472136242421934, 0.14169377543925657, 0.24653891704769], [0.1483626564056919, 0.3608137445345181, 0.132073920843026, 0.3587496782167641], [0.2105567566237375, 0.2679569001894453, 0.20653219654047045, 0.31495414664634674], [0.20275834240155263, 0.37685522966763785, 0.122744349473593, 0.29764207845721663], [0.1333713241562091, 0.5024374498197793, 0.10701132011096284, 0.2571799059130487], [0.08931637178098026, 0.473499676001402, 0.18486732367548728, 0.25231662854213044], [0.13697825224556337, 0.5316454657894201, 0.06311537592464908, 0.2682609060403674], [0.20806750777623723, 0.14881868879627208, 0.33780836346198817, 0.3053054399655024], [0.1718099962887209, 0.49429526662143386, 0.21027417722625982, 0.12362055986358556], [0.35701519009567895, 0.17097392041515963, 0.18347765612939976, 0.28853323335976166], [0.26121487838151974, 0.24547387985357327, 0.11884794729148782, 0.37446329447341914], [0.16587589818489865, 0.19733125254069836, 0.40910923518776515, 0.22768361408663787], [0.28382642960242427, 0.3391836381817012, 0.17344340862854685, 0.20354652358732755], [0.2891753392848921, 0.1954734370650362, 0.27465188071012087, 0.24069934293995074], [0.2944529225757838, 0.28579142856417145, 0.12966753110406404, 0.2900881177559807], [0.2511395263991853, 0.20857589709865293, 0.12335626412334519, 0.4169283123788166], [0.18338032787587216, 0.3940843529685482, 0.24728038107852582, 0.17525493807705383], [0.1380707928072952, 0.1313931459639762, 0.25097634039024114, 0.4795597208384877], [0.33088340290151264, 0.30953549400113434, 0.1227347839607204, 0.23684631913663282], [0.2952772901345428, 0.32194613906817887, 0.12130722927960648, 0.2614693415176718], [0.12360106645884705, 0.6277899711493014, 0.11119479725182256, 0.13741416514002905], [0.4283695819130995, 0.26675214675460046, 0.12995422790450065, 0.1749240434277995], [0.13558647389222608, 0.25648219481855916, 0.4238483321900558, 0.18408299909915915], [0.3306064451087193, 0.22945371948048465, 0.17384252363282596, 0.26609731177797014], [0.3080021323587892, 0.32629937617451843, 0.20189193586962043, 0.16380655559707172], [0.24081705208198634, 0.2097517034601045, 0.30050656041751383, 0.24892468404039528], [0.11530510826752007, 0.25536190903209555, 0.2809722069452796, 0.3483607757551048], [0.31241873699390804, 0.3344033312697342, 0.2268972056390082, 0.1262807260973496], [0.16304763353440588, 0.4815833709850971, 0.1945148618296323, 0.16085413365086476], [0.44440297536461115, 0.2219170255492489, 0.1082362542716089, 0.22544374481453092], [0.18536743207850093, 0.49163984055214577, 0.11591183303954632, 0.2070808943298073], [0.10126759783478861, 0.21837968184136852, 0.4403615788811503, 0.2399911414426927], [0.3459353339545655, 0.21677397132853177, 0.13660981408267184, 0.3006808806342308], [0.2963133995920864, 0.25883122522043944, 0.09400022106283915, 0.35085515412463486], [0.16015264460686124, 0.48118118887299893, 0.1024188336360845, 0.25624733288405543], [0.17360041967439288, 0.26194643620598734, 0.2910429188744083, 0.27341022524521136], [0.09390505614515107, 0.5541948013126756, 0.08351510320915982, 0.2683850393330136], [0.3135641275778951, 0.21099685290923073, 0.17075759768499696, 0.30468142182787716], [0.21753293099766524, 0.2535411358405159, 0.18120294201863105, 0.34772299114318767], [0.1444905905254229, 0.25034265908155084, 0.3228079323372868, 0.2823588180557397], [0.10280349098588043, 0.41417731562854204, 0.11741117178859116, 0.36560802159698647], [0.3694527101366094, 0.20325289785398995, 0.26554689920012287, 0.16174749280927786], [0.31675018905954766, 0.24251393995334508, 0.15320423136602437, 0.2875316396210828], [0.35025595311347607, 0.43731356195847026, 0.08677922125404423, 0.12565126367400933], [0.22601250495674463, 0.5066048475437493, 0.10115522181874251, 0.16622742568076354], [0.3735030642879055, 0.19008489505676676, 0.09849856755724337, 0.33791347309808434], [0.3797081177944875, 0.23861389859435664, 0.1128975225908341, 0.2687804610203219], [0.2952909633178256, 0.25240979851987194, 0.1655695217365795, 0.286729716425723], [0.1475898843163958, 0.29895004965447775, 0.06835488416182336, 0.4851051818673032], [0.3229210083457502, 0.3079702562782363, 0.18426892411083115, 0.18483981126518245], [0.16289239463309665, 0.4217484304317567, 0.13638381915338327, 0.27897535578176336], [0.15923087683103657, 0.27692382700533485, 0.14257994906232427, 0.42126534710130437], [0.17074238313372578, 0.4357850375335239, 0.09903098055181252, 0.2944415987809377], [0.20269911554380485, 0.22397977329386068, 0.12208301799765456, 0.45123809316467983], [0.13401892761376671, 0.3793586897191459, 0.2777495546621182, 0.20887282800496917], [0.2587888422159854, 0.34161152456794064, 0.17590595432063522, 0.22369367889543876], [0.2797764118340791, 0.22428972609213496, 0.10364202417590411, 0.3922918378978818], [0.3432002532129823, 0.29402033864552807, 0.12789063476126045, 0.23488877338022923], [0.33172102228817585, 0.2708221005028126, 0.10241016620264788, 0.29504671100636354], [0.24687270287359422, 0.18528675314837148, 0.17786515434518504, 0.3899753896328493], [0.2119188702442878, 0.2213949658728603, 0.07898637744441306, 0.487699786438439], [0.4831732130628599, 0.2141931376601486, 0.07046291887018638, 0.23217073040680522], [0.22851137908413618, 0.2323977349046676, 0.16945919081445024, 0.369631695196746], [0.16742964713489877, 0.4566644280974979, 0.14642261722819483, 0.22948330753940868], [0.215040183111812, 0.39910797247607127, 0.17055927626263792, 0.21529256814947892], [0.2199257418241153, 0.2976362471733272, 0.08884116568551821, 0.3935968453170393], [0.17152922694508277, 0.2810631491561301, 0.14053740670888795, 0.4068702171898992], [0.2616778606250272, 0.24746781661626227, 0.2895333023213465, 0.20132102043736408], [0.3074498891920273, 0.24057833390766667, 0.14268162148809513, 0.3092901554122109], [0.15566044983308325, 0.4882181645920701, 0.1429795824706067, 0.21314180310423994], [0.1786341879143614, 0.1561364332142869, 0.1314595068084847, 0.5337698720628672], [0.22042607143929088, 0.23109922951962716, 0.23369895720974704, 0.3147757418313347], [0.13884838580563139, 0.39597076839477485, 0.06099484504777972, 0.404186000751814], [0.16638938466598277, 0.528981907419709, 0.09900611756267426, 0.20562259035163405], [0.14890572824137688, 0.21093875208856439, 0.2749490794352626, 0.3652064402347961], [0.21489062899266514, 0.3004643669528081, 0.18991245018088765, 0.29473255387363906], [0.2798915459928229, 0.4059208677905862, 0.09879726683626834, 0.21539031938032258], [0.278032126764668, 0.21141499866709051, 0.12070797189487671, 0.38984490267336463]]}, "rewritten": {"ids": ["97106970", "97107950", "97109570", "97111790", "97112830", "97116410", "97116800", "98106111", "98107010", "98108520", "98108970", "98109230", "98111860", "98112580", "98121790", "99107300", "99108010", "99108310", "99109141", "99109370", "99109740", "99112300", "99112840", "99120010", "100108260", "100108580", "100109360", "100111270", "100111620", "100112060", "100113370", "101108950", "101109370", "101112201", "101119591", "101121640", "102107961", "102109910", "102110240", "102112170", "102112250", "102113350", "102116500", "102121700", "103109641", "103109791", "103111540", "103112641", "103113640", "103120340", "104110960", "104111531", "104111550", "104111711", "104111830", "104114230", "104114320", "104114410", "104116800", "105112100", "105115680", "105115900", "105118740", "105119950", "106113190", "106115120", "106116820", "106116850", "106117770", "106118301", "106119990", "106121190", "107113130", "107114200", "107115250", "107116501", "107121700", "108113480", "108113740", "108114040", "108114270", "108117610", "108119550", "108120260", "108120700", "108121160", "108121190", "108121410", "109113591", "109113931", "109114220", "109114720", "109115220", "109115380", "109116040", "109117080", "109117150", "109117630", "109117730", "109118161", "109119460", "109120150", "109120560", "110114610", "110114651", "110115250", "110115890", "110116300", "110117110", "110118450", "110118810", "110121140", "110121450", "110121500", "111115910", "111116530", "111117120", "111117200", "111117571", "111118910", "111120280", "111121190", "112116290", "112116401", "112116610", "112116900", "112118421", "112118511", "112118550", "112118860", "112118880", "112119120", "113117550", "113118421", "113118511", "113119930", "113120070", "113120260", "113121220", "113121810", "113122220", "113122510"], "labels": [2, 2, 0, 2, 2, 3, 0, 0, 3, 2, 3, 1, 0, 2, 2, 3, 2, 2, 3, 1, 3, 0, 2, 2, 3, 0, 0, 2, 3, 2, 3, 2, 1, 0, 0, 2, 3, 2, 3, 3, 0, 3, 1, 1, 1, 3, 1, 3, 1, 1, 2, 0, 1, 1, 3, 2, 2, 1, 1, 1, 2, 3, 1, 3, 0, 1, 1, 3, 0, 1, 0, 2, 1, 2, 2, 1, 3, 0, 3, 0, 3, 3, 1, 1, 2, 2, 1, 0, 3, 1, 3, 0, 3, 3, 0, 1, 2, 0, 3, 0, 1, 2, 1, 1, 3, 1, 2, 3, 0, 0, 1, 3, 3, 3, 2, 3, 2, 0, 3, 0, 0, 1, 0, 0, 1, 3, 3, 1, 3, 3, 1, 1, 3, 3, 1, 1, 2, 3, 3, 2, 1, 2], "predicted_labels": [3, 3, 3, 3, 1, 1, 0, 3, 1, 0, 1, 3, 2, 3, 1, 3, 1, 0, 3, 1, 2, 1, 1, 3, 0, 3, 3, 2, 1, 3, 2, 3, 2, 3, 0, 1, 1, 0, 0, 1, 0, 1, 3, 3, 0, 0, 0, 0, 3, 1, 2, 1, 1, 0, 3, 3, 1, 1, 1, 0, 2, 3, 3, 1, 3, 1, 3, 0, 2, 0, 3, 1, 3, 1, 1, 3, 1, 1, 1, 2, 1, 3, 3, 0, 0, 3, 1, 0, 1, 1, 0, 1, 0, 1, 0, 0, 1, 0, 3, 0, 0, 2, 0, 1, 3, 1, 1, 0, 1, 1, 0, 0, 1, 1, 1, 3, 0, 0, 3, 0, 0, 1, 1, 0, 0, 0, 0, 3, 1, 1, 3, 1, 3, 0, 0, 0, 1, 1, 1, 0, 3, 1], "confidence_scores": [[0.1194753518846943, 0.3610870211727309, 0.1345611485375952, 0.3848764784049797], [0.1156861726705132, 0.32424068672845097, 0.14073683122615946, 0.41933630937487637], [0.30063876290249353, 0.17595479444489878, 0.18228466778709135, 0.3411217748655163], [0.20961402803711984, 0.21744602697672363, 0.14062958997259284, 0.4323103550135638], [0.28439581089028215, 0.3354514204270356, 0.19492819858600724, 0.18522457009667512], [0.25968225802999406, 0.3952771553860351, 0.13491038860290444, 0.21013019798106636], [0.3694505831012283, 0.21195553536645195, 0.20023000666752738, 0.21836387486479245], [0.1399025993433623, 0.14012703920880606, 0.06737296704311402, 0.6525973944047176], [0.2917823636215366, 0.4048885425213558, 0.1237718180256986, 0.17955727583140896], [0.3913141758866511, 0.2577056594580246, 0.1372484321957364, 0.21373173245958793], [0.14367965320416745, 0.34165850427969036, 0.2569669184778121, 0.2576949240383301], [0.1827316187656952, 0.2912253620898211, 0.1563124118251774, 0.3697306073193064], [0.17370323644605787, 0.32097821566118373, 0.3627621143038959, 0.14255643358886255], [0.19658787797283767, 0.32586261696825775, 0.1086588909815931, 0.36889061407731155], [0.16244833448927606, 0.3322350651980267, 0.2960051070107503, 0.20931149330194707], [0.27333202112449073, 0.2054692812696042, 0.11146335007499927, 0.40973534753090596], [0.11573870477581039, 0.6889624150318584, 0.09606883170943807, 0.09923004848289314], [0.30531555502844726, 0.25270117301510236, 0.2121968469171041, 0.22978642503934615], [0.35840567852573657, 0.14797866502008342, 0.05863529564945535, 0.43498036080472485], [0.2779333929781447, 0.43694702931031804, 0.11797553115712864, 0.1671440465544087], [0.06951620544759214, 0.24109971066084082, 0.537388179384179, 0.151995904507388], [0.2930570811582664, 0.3123312735145045, 0.12399811664352177, 0.2706135286837074], [0.1435017030078986, 0.3523010408161599, 0.3450058005732356, 0.1591914556027057], [0.26840353364520364, 0.23996655225466046, 0.1884079240028988, 0.303221990097237], [0.34375998723506035, 0.27859365600567637, 0.18087832520085353, 0.19676803155840975], [0.27567667260621287, 0.2356752646583128, 0.1035946562732097, 0.38505340646226455], [0.31671175924096745, 0.22087335408377154, 0.1164326050010549, 0.3459822816742059], [0.08436313085971624, 0.16196648390769217, 0.5142692876822494, 0.23940109755034228], [0.178109223475022, 0.5477390583329435, 0.09093860471607765, 0.1832131134759569], [0.24523766458388335, 0.22136072027110446, 0.113849652066279, 0.4195519630787333], [0.2799052578968942, 0.15422115753950713, 0.29995781399061866, 0.26591577057298005], [0.13564504184630308, 0.2380997107276172, 0.2736350103416336, 0.35262023708444606], [0.1888780731413099, 0.1904954223491282, 0.3273782753830606, 0.29324822912650145], [0.2136783733979883, 0.15015172893296033, 0.18486141235331496, 0.45130848531573636], [0.5217790444732253, 0.19969958834900575, 0.10284564963302577, 0.17567571754474304], [0.15887630885163498, 0.437412293733278, 0.17553743641892283, 0.22817396099616413], [0.26285929018853593, 0.377909529464981, 0.10819349290717568, 0.2510376874393074], [0.3060891433530241, 0.23524786462091096, 0.15590105464493617, 0.3027619373811288], [0.5809744792586722, 0.11581925905569403, 0.1017978268643351, 0.2014084348212988], [0.13593413661177406, 0.4950569133066981, 0.10537226478679865, 0.2636366852947291], [0.46594391248793715, 0.19538870063905542, 0.09581489378097977, 0.24285249309202767], [0.1488138309636362, 0.533923245263943, 0.1517200169813574, 0.1655429067910632], [0.12992694555457318, 0.31305275648728464, 0.12521735768149556, 0.43180294027664656], [0.3091112555556217, 0.16141721165861045, 0.10486853878448563, 0.42460299400128226], [0.34757533145674385, 0.25113473281463666, 0.1082721094634231, 0.29301782626519646], [0.37103810269767323, 0.31480069496374613, 0.09316945243391218, 0.22099174990466844], [0.32863082635419205, 0.1360148371342478, 0.2964847822982332, 0.2388695542133268], [0.3524306916933953, 0.2312555556246241, 0.12633419819724792, 0.2899795544847326], [0.3039626193625769, 0.18707548398228377, 0.12003479507143175, 0.3889271015837076], [0.17881637790884042, 0.39423156139620374, 0.16974696068420472, 0.2572051000107511], [0.12509058208870152, 0.24163636660176524, 0.502252932847682, 0.13102011846185113], [0.2798915459928229, 0.4059208677905862, 0.09879726683626834, 0.21539031938032258], [0.08933816174832344, 0.3808984615770244, 0.24280119225359437, 0.28696218442105803], [0.5129125295936222, 0.22201614220294438, 0.10409510982860556, 0.16097621837482784], [0.28139971394570207, 0.11844696247331787, 0.2098811547797279, 0.39027216880125215], [0.23665583208834576, 0.15151646727279025, 0.1673114348004951, 0.44451626583836884], [0.14738396952537672, 0.4917234356769529, 0.10633779093914157, 0.2545548038585289], [0.19116135413787508, 0.4122959973076772, 0.16045690358707704, 0.23608574496737075], [0.17971577178811754, 0.5024293106380516, 0.06953242844951918, 0.24832248912431165], [0.3029563361197251, 0.22748342190051926, 0.19518863571389644, 0.2743716062658593], [0.13446839461749707, 0.3173947588036474, 0.3258921486387584, 0.22224469794009716], [0.14661964877738692, 0.3019473090618276, 0.12981769002087026, 0.4216153521399152], [0.2093861564914545, 0.2970465382262713, 0.1578188542231983, 0.3357484510590759], [0.2704738013360443, 0.31837184267627605, 0.23597594863148394, 0.17517840735619578], [0.25915411512913034, 0.25350314370416593, 0.16854287767866571, 0.3187998634880382], [0.1943171938988191, 0.3748474943495769, 0.2119481085675572, 0.21888720318404695], [0.16105811638043566, 0.20507790504962958, 0.2072188087448974, 0.42664516982503725], [0.3200304633407504, 0.2603573981612784, 0.20441248545224422, 0.21519965304572697], [0.12286551013712231, 0.21817664289521063, 0.45728948567154776, 0.20166836129611934], [0.4380224453059936, 0.22759993616163776, 0.10715059858212711, 0.22722701995024147], [0.15699398235214418, 0.2730048338431288, 0.08355633333239243, 0.4864448504723346], [0.12025548890103967, 0.3614842682982525, 0.1759764506071305, 0.3422837921935775], [0.1990977797329308, 0.24763061976860057, 0.26753503631295134, 0.28573656418551746], [0.14520723570271218, 0.35513151933873005, 0.15627182035179377, 0.34338942460676386], [0.1229182257025255, 0.3230029110043621, 0.25901381926724654, 0.29506504402586575], [0.2467153106036782, 0.24947528573847158, 0.11209310279539572, 0.39171630086245457], [0.20945608570737725, 0.4383650861900917, 0.13261055174564848, 0.21956827635688264], [0.19035561369147874, 0.43430545006326743, 0.12541460439440405, 0.2499243318508499], [0.13780366399784946, 0.4823465077252856, 0.06910461124021952, 0.3107452170366456], [0.1318596010381291, 0.26465695265677563, 0.44371394555400845, 0.15976950075108673], [0.21699382796793548, 0.5633094743199127, 0.07150265272725914, 0.14819404498489275], [0.2075674878254076, 0.24100636800113975, 0.21623355497932342, 0.3351925891941292], [0.1446217960911109, 0.26985888825517734, 0.17346777549316925, 0.4120515401605425], [0.4273033620892866, 0.23592852618792523, 0.11519773482961962, 0.22157037689316847], [0.3549483619630734, 0.2853879166806936, 0.13193325438472012, 0.22773046697151297], [0.16021033210755659, 0.32871042408347495, 0.103214803946763, 0.40786443986220544], [0.2117170848806418, 0.3403007224984268, 0.11328073203339942, 0.33470146058753186], [0.3578067664063372, 0.22512667046098003, 0.14262788251179448, 0.27443868062088833], [0.14044128645232165, 0.5589617054789652, 0.0915046105329387, 0.20909239753577458], [0.1940510365009372, 0.38199202836784824, 0.1979389805808624, 0.22601795455035226], [0.4154370881404108, 0.2321441710006752, 0.16267763047703268, 0.1897411103818813], [0.1800321584986222, 0.43143012571907885, 0.1709042077692404, 0.21763350801305853], [0.4373737703912992, 0.2815726343488799, 0.0708900659349545, 0.21016352932486637], [0.17370300436832178, 0.47536861115018497, 0.18012687064972013, 0.17080151383177314], [0.31734487754321067, 0.29941692803094844, 0.1371488904842796, 0.2460893039415611], [0.4593706526899962, 0.23966694948036843, 0.10937662868863923, 0.19158576914099615], [0.182064083120949, 0.39039089841904884, 0.2367479223390596, 0.19079709612094253], [0.49330900524688664, 0.2437324680286129, 0.08828794311208071, 0.17467058361241972], [0.25648601780819585, 0.1567792397782969, 0.1659145332188952, 0.42082020919461194], [0.3983391192095627, 0.30294579083249396, 0.09618537672476297, 0.20252971323318045], [0.42825742962067037, 0.2269052338262619, 0.1531165263685091, 0.19172081018455858], [0.14493990582811342, 0.22162777884322324, 0.3734341389649526, 0.2599981763637107], [0.34805954666827205, 0.22605587068951605, 0.20376845480665595, 0.2221161278355559], [0.1854628880982456, 0.5342254070042101, 0.07807243546820501, 0.20223926942933942], [0.18741868444360213, 0.28736950618715984, 0.07985504438485053, 0.44535676498438753], [0.15777073725878096, 0.6133312728349763, 0.05122890327910317, 0.17766908662713946], [0.13591697736915373, 0.6573924618154068, 0.08025265230039946, 0.12643790851503992], [0.34827594679109364, 0.2162208867944751, 0.08784618384248206, 0.34765698257194916], [0.18971334818878885, 0.4975085150394375, 0.08851352957574762, 0.22426460719602612], [0.29803817036437763, 0.35750870540237784, 0.10628094607688816, 0.23817217815635627], [0.3314172292940396, 0.3072908031260892, 0.1283304863066761, 0.23296148127319513], [0.3676041588952248, 0.18507263320076914, 0.17198059505120172, 0.2753426128528043], [0.188098421817435, 0.3422793304645125, 0.18931721838565047, 0.28030502933240226], [0.2283201179134207, 0.3181343159082564, 0.29094874005671706, 0.16259682612160575], [0.22762003548724544, 0.3731657296399838, 0.23206056596079513, 0.1671536689119757], [0.2471658122896428, 0.3367368164787019, 0.06260456547770901, 0.35349280575394626], [0.38218850725278186, 0.27189719529134293, 0.18667734010498294, 0.15923695735089233], [0.40905893105575913, 0.19845086651219077, 0.09189540817135693, 0.30059479426069313], [0.13654396999728777, 0.3153900854145258, 0.07272257724615871, 0.4753433673420278], [0.27991121631615096, 0.25473519790043087, 0.22949248698239136, 0.23586109880102693], [0.3680365473026878, 0.2726472360874531, 0.15125974299305114, 0.20805647361680807], [0.21628467357647455, 0.5011553549175489, 0.10249438767100534, 0.1800655838349711], [0.3131636176462769, 0.3372342197649889, 0.10733913339534282, 0.2422630291933913], [0.4812682979430046, 0.18679244441993068, 0.1578358873293086, 0.17410337030775622], [0.3304115565857418, 0.20611202316071656, 0.16051344606903362, 0.302962974184508], [0.5098435658699452, 0.19170582028774477, 0.10921129559998921, 0.18923931824232088], [0.7249622403643122, 0.08769106834271924, 0.047980411929382426, 0.13936627936358625], [0.30189013370666706, 0.19387350942076637, 0.11588551280120955, 0.38835084407135706], [0.3192142277661906, 0.3242608585523509, 0.1510023754534034, 0.20552253822805527], [0.2530208829419635, 0.3800309952504557, 0.11652446627886358, 0.2504236555287172], [0.20046445732247098, 0.23240284044175985, 0.24053294897173957, 0.3265997532640295], [0.2907273891036168, 0.38891626019789555, 0.10388934973201383, 0.21646700096647387], [0.19517691828755182, 0.30212219986160016, 0.08585727857743547, 0.4168436032734124], [0.38347527298821094, 0.2682532204139554, 0.1365572960579995, 0.2117142105398342], [0.3362140421872858, 0.2950822153762317, 0.11615042709811538, 0.25255331533836695], [0.40620373026936335, 0.21244584629269322, 0.18182282217490772, 0.19952760126303593], [0.16723107440679408, 0.6278702813049161, 0.06955413570828627, 0.13534450858000352], [0.1649866405177005, 0.4358233203034812, 0.2018166947801305, 0.1973733443986878], [0.20935468209565167, 0.3131050827763095, 0.24197228615338062, 0.2355679489746582], [0.34531457995353787, 0.2312230844784695, 0.16067656688462012, 0.26278576868337233], [0.10150878952812949, 0.2260781784963757, 0.1253919734510174, 0.5470210585244775], [0.24560893067643688, 0.3796429599483609, 0.15908105465230302, 0.21566705472289924]]}}