{"test": {"ids": ["107114780", "100113370", "112121010", "112118471", "106121220", "101108290", "97105580", "112119580", "98106111", "113119340", "108113700", "98108370", "112121030", "101111990", "108114270", "107114200", "98116500", "109121410", "98119591", "99111440", "111120591", "112120670", "113121010", "111114941", "101109000", "112117790", "109113281", "107118120", "100108490", "101112201", "107119950", "104111780", "99108310", "106121190", "97109570", "103110100", "107120880", "112118511", "102111990", "99108580", "108115070", "100109000", "109120560", "109120150", "112117471", "105113190", "106115240", "110117200", "108118301", "111119610", "106116370", "107112850", "98107380", "113117401", "110118810", "110118740", "105120280", "97112290", "109116750", "109114030", "98107410", "111114121", "111119290", "104116441", "107116501", "112116800", "107118490", "99111930", "111115780", "112118930", "108116070", "99108520", "97105760", "97116410", "105118171", "109116040", "104118340", "110117140", "107113180", "101108621", "106120640", "108121410", "107113550", "112116900", "111119950", "99112531", "103113101", "107115250", "108117720", "106111321", "111121190", "97106600", "103109641", "103113210", "99109740", "107118780", "103111170", "106114011", "103113270", "113119120", "113121190", "103118291", "108114200", "99107560", "103112470", "108120700", "113118490", "109117600", "103120730", "109115070", "109115211", "110114720", "107113840", "97112300", "108116501", "102113350", "110114950", "110121720", "107114280", "109113931", "109119010", "113122430", "105116650", "110120560", "109119450", "106114150", "111118301", "108117360", "104111380", "112116640", "105115250", "106119990", "112117780", "110114561", "112118530", "113120260", "101108460", "112119450", "98109311", "110118630", "113122170", "108114220"], "labels": [2, 3, 2, 1, 1, 0, 1, 3, 0, 0, 0, 1, 0, 2, 3, 2, 2, 0, 1, 3, 1, 2, 2, 0, 1, 3, 0, 3, 2, 0, 3, 3, 2, 2, 0, 1, 1, 1, 2, 0, 1, 1, 1, 2, 3, 3, 1, 3, 1, 2, 2, 1, 1, 3, 1, 3, 3, 1, 0, 1, 3, 0, 3, 1, 1, 0, 2, 1, 1, 1, 1, 2, 0, 3, 3, 0, 2, 3, 3, 0, 3, 0, 0, 3, 0, 3, 3, 2, 1, 0, 1, 3, 1, 3, 3, 1, 2, 1, 2, 3, 1, 0, 0, 1, 1, 2, 1, 1, 1, 0, 0, 3, 3, 2, 0, 3, 0, 3, 3, 1, 3, 2, 1, 0, 3, 1, 3, 1, 3, 0, 2, 0, 0, 0, 1, 3, 0, 3, 1, 1, 1, 3], "predicted_labels": [1, 3, 1, 1, 1, 3, 1, 3, 0, 3, 3, 3, 3, 2, 1, 1, 3, 1, 0, 1, 3, 1, 1, 1, 3, 3, 3, 1, 3, 1, 1, 0, 1, 1, 0, 3, 1, 3, 0, 3, 1, 3, 3, 3, 3, 3, 1, 1, 1, 3, 3, 1, 0, 0, 0, 3, 1, 1, 3, 3, 3, 0, 1, 1, 3, 3, 3, 1, 3, 3, 3, 3, 0, 1, 3, 3, 1, 3, 1, 1, 3, 3, 1, 3, 3, 0, 1, 1, 0, 3, 0, 3, 1, 3, 3, 3, 0, 3, 3, 1, 1, 3, 3, 3, 3, 0, 3, 3, 3, 1, 3, 1, 1, 3, 3, 1, 3, 1, 1, 3, 1, 3, 1, 3, 1, 0, 3, 1, 3, 1, 3, 0, 3, 0, 3, 1, 3, 1, 1, 3, 1, 0], "confidence_scores": [[0.23616205265322932, 0.2915563936063935, 0.20373673189555558, 0.26854482184482203], [0.22564840714840725, 0.2415282606282607, 0.22987100122100132, 0.3029523310023311], [0.21780064184181838, 0.29126680541680533, 0.22519765234765246, 0.265734900393724], [0.2592884393384394, 0.2818072871572872, 0.1917583527583529, 0.2671459207459208], [0.21785791430791426, 0.29566637251637246, 0.20791419691419707, 0.2785615162615162], [0.24333011433011434, 0.27238107839872555, 0.1675903790653791, 0.3166984282057811], [0.24903251193251205, 0.3427304029304029, 0.1630422799422801, 0.24519480519480533], [0.2565737576149343, 0.21373337773337775, 0.19739690505572868, 0.3322959595959595], [0.30542835252982314, 0.22384182092417407, 0.22607192807192816, 0.24465789847407493], [0.2795683427683428, 0.26065359085359097, 0.15355723720723724, 0.3062208291708292], [0.1850472677649149, 0.2665436635260165, 0.2582811466311467, 0.29012792207792193], [0.23362178932178945, 0.24548590298590317, 0.2585458374958377, 0.26234647019647034], [0.2906374236874236, 0.22988082473082488, 0.15139457209457213, 0.32808717948717936], [0.20443864191364214, 0.2623842157842157, 0.2669850482850483, 0.2661920940170939], [0.2755466255966256, 0.324176773226773, 0.14974719724719723, 0.250529403929404], [0.20156580086580084, 0.3296859307359305, 0.1874733044733046, 0.28127496392496404], [0.3176541791541793, 0.20666280386280383, 0.154959645909646, 0.32072337107337107], [0.20270087690087704, 0.3176470362970362, 0.19094163059163075, 0.28871045621045616], [0.28343192918192933, 0.2715948551448552, 0.20691225441225447, 0.2380609612609613], [0.25003409645909647, 0.29028965478965474, 0.1966145160395161, 0.2630617327117328], [0.2711970640470641, 0.279857597957598, 0.15377612942612948, 0.2951692085692085], [0.2617315961815962, 0.3165898101898102, 0.15537432567432566, 0.2663042679542682], [0.24389016816516818, 0.3023391275391276, 0.1606825285825286, 0.29308817571317564], [0.2764823176823178, 0.32615589410589424, 0.13983697413697427, 0.25752481407481426], [0.24940230325230334, 0.27071224331224336, 0.18542268287268296, 0.2944627705627706], [0.2820100419188654, 0.23984106253223905, 0.1530826748414984, 0.3250662207073973], [0.28220158730158745, 0.27240555555555546, 0.16085579975579975, 0.28453705738705726], [0.2208955224514048, 0.3337390664890664, 0.18019335664335667, 0.26517205441617203], [0.2482483588307119, 0.2601682206682209, 0.21254045954045955, 0.2790429609606081], [0.27975037740037745, 0.28604341214341217, 0.15607510822510826, 0.27813110223110227], [0.28290498667998687, 0.2973974136974137, 0.16415966810966823, 0.2555379315129317], [0.3055903041403042, 0.27546264291264305, 0.16633751803751803, 0.25260953490953497], [0.24468606948606958, 0.2716554889554891, 0.2216565046065048, 0.26200193695193713], [0.2112927655677657, 0.2793041985791986, 0.24160723720723723, 0.2677957986457986], [0.3207358419358418, 0.24099610389610399, 0.17189138084138111, 0.26637667332667353], [0.20736859806859806, 0.2664617826617826, 0.25540938505938504, 0.2707602342102345], [0.18332376789876798, 0.30679198301698296, 0.23862296396414057, 0.2712612851201086], [0.2439401764901766, 0.29583851507969167, 0.15424062440827152, 0.3059806840218605], [0.2799260184260186, 0.26627986457986474, 0.1875153457653459, 0.26627877122877136], [0.22676939726939735, 0.2460887889887891, 0.26188419913419936, 0.2652576146076147], [0.23635954600954617, 0.3351108097784568, 0.17698956598956608, 0.25154007822243124], [0.22034802974802983, 0.2703657620157621, 0.2077450327450328, 0.30154117549117565], [0.24455692640692642, 0.2561959168282698, 0.19432998667998677, 0.30491717008481695], [0.23905692575398457, 0.2537938894438896, 0.22114101176601192, 0.2860081730361142], [0.2344004475916242, 0.2875614349702584, 0.17175036075036088, 0.3062877566877567], [0.2601999111999112, 0.25006303141303154, 0.17322821067821076, 0.3165088467088469], [0.31046985791985804, 0.31855368520368527, 0.15117886002886005, 0.2197975968475969], [0.2519981129981131, 0.29466071706071717, 0.15876233766233772, 0.29457883227883225], [0.2690326728826729, 0.31645583305583325, 0.15115766455766463, 0.2633538295038296], [0.23495280275280278, 0.25579412531912543, 0.18321514596514604, 0.32603792596292586], [0.23857205017205035, 0.23633857253857274, 0.18710374625374634, 0.33798563103563084], [0.20907276612276612, 0.2947818134479901, 0.21432616941881671, 0.28181925101042765], [0.31116536796536814, 0.2336249139749141, 0.2115398046398047, 0.24366991341991343], [0.3106410450660452, 0.28645165945165935, 0.12545346320346318, 0.27745383227883236], [0.3012013070263072, 0.2388237012987014, 0.19337782772782777, 0.266597163947164], [0.269330613830614, 0.23603906093906105, 0.17181582861582873, 0.3228144966144965], [0.23120944610944622, 0.299063775113775, 0.18929480519480527, 0.28043197358197375], [0.2599870851370852, 0.2884990481740482, 0.22050043567543584, 0.23101343101343105], [0.2303326562326563, 0.25475858030858045, 0.22276144411144408, 0.2921473193473192], [0.283735830835831, 0.24319638694638704, 0.16494548784548782, 0.30812229437229444], [0.27736569541569545, 0.2773249417249417, 0.16643527028527041, 0.27887409257409257], [0.3093080530580531, 0.2959859668109669, 0.12289684759684759, 0.2718091325341326], [0.23242297702297707, 0.2911537462537463, 0.18751420246420256, 0.28890907425907436], [0.22987295514942577, 0.327803200394377, 0.14753212898212917, 0.29479171547406846], [0.2421638472638474, 0.2961518814518816, 0.15871215451215465, 0.30297211677211666], [0.21280186202686216, 0.2734699411699411, 0.19869304306804317, 0.3150351537351537], [0.24166185481185495, 0.2493071484071485, 0.23681782106782107, 0.27221317571317594], [0.2277409756909758, 0.2931969252969252, 0.19594452214452227, 0.2831175768675768], [0.2529035686535688, 0.25075644633144645, 0.23471506826506833, 0.26162491674991667], [0.2439083472083474, 0.29402473082473074, 0.16803550893550898, 0.2940314130314129], [0.24831584526584538, 0.24495794760794776, 0.19344554334554337, 0.3132806637806639], [0.2235970085470087, 0.2518417526917528, 0.2496800255300255, 0.2748812132312132], [0.29957407037407047, 0.2752431346431347, 0.14690011333695557, 0.2782826816458395], [0.25788986568986577, 0.26658520368520366, 0.21827305472305478, 0.2572518759018761], [0.2809824564324564, 0.25925412365412387, 0.1652896048396049, 0.2944738150738151], [0.2120639971139972, 0.24938834221334236, 0.21298983238983252, 0.3255578282828281], [0.24418651348651352, 0.33177548562548553, 0.1679532395708867, 0.25608476131711433], [0.256980671289495, 0.2356315906315908, 0.18893857612975268, 0.31844916194916195], [0.20954335664335683, 0.304398174048174, 0.1936100566100566, 0.2924484126984127], [0.2509662948162948, 0.2927082473082473, 0.19122339327339344, 0.2651020646020647], [0.20665978825096482, 0.3043704434454434, 0.17899950882450885, 0.3099702594790829], [0.22319150849150862, 0.3070661560661562, 0.1586547064047065, 0.311087629037629], [0.2287857031857033, 0.2899246253746254, 0.20091780719280722, 0.2803718642468643], [0.2480736041736041, 0.2762975468975471, 0.18758598901098902, 0.28804285991786], [0.24831797646797663, 0.2656524087024087, 0.18546475191475204, 0.30056486291486306], [0.2821395437895438, 0.24844440559440567, 0.19671482961482978, 0.2727012210012211], [0.25647579920079927, 0.2952424714174714, 0.19140898268398274, 0.25687274669774673], [0.22619905225493478, 0.29836896273660984, 0.18520483405483418, 0.29022715095362156], [0.2936832056832059, 0.2534718892218893, 0.1699173881673883, 0.282927516927517], [0.24218375235875242, 0.2692817821067821, 0.14515153735153732, 0.343382928182928], [0.2830616938616939, 0.26924222999223013, 0.17817077922077926, 0.26952529692529686], [0.24648714618714637, 0.27299444999445, 0.20428467088467092, 0.276233732933733], [0.22633672993672987, 0.2875588467088466, 0.20604370074370085, 0.28006072261072257], [0.2174440531690533, 0.2812612637362638, 0.21447340241457885, 0.286821280680104], [0.1718265151515152, 0.2885875346875346, 0.24916893384393388, 0.2904170163170163], [0.19899989454989464, 0.28832604062604067, 0.19862871572871585, 0.3140453490953491], [0.328832695082695, 0.2506280608280608, 0.14237732822732832, 0.27816191586191585], [0.25076384726384754, 0.2714734987234988, 0.19134233544233556, 0.2864203185703185], [0.19251476301476309, 0.2595006354756355, 0.2470579642579643, 0.3009266372516374], [0.28809427794427805, 0.28997334332334374, 0.15059441669441667, 0.2713379620379619], [0.2053815906315907, 0.33428066933066947, 0.17654848484848493, 0.28378925518925513], [0.2610284604284605, 0.2799806415806417, 0.15914688644688654, 0.2998440115440114], [0.2280839105339105, 0.2705337967587969, 0.21435938228438234, 0.2870229104229105], [0.22246291208791225, 0.28985692640692645, 0.19450995670995677, 0.29317020479520506], [0.2445750804750806, 0.22429226884226902, 0.2421922910422912, 0.2889403596403594], [0.3843496336996338, 0.24973385503385506, 0.12813969918969925, 0.23777681207681223], [0.21996494779730075, 0.269248277865925, 0.1781681096681097, 0.33261866466866474], [0.2488658979908982, 0.24323706016206015, 0.1804242564624918, 0.3274727853845501], [0.23593646712764363, 0.2342384726384727, 0.20784996310878678, 0.3219750971250972], [0.2501908868908869, 0.3059145382395384, 0.17108890276390293, 0.2728056721056723], [0.25495879953379963, 0.25620331890331904, 0.16667237762237774, 0.32216550394050375], [0.21470187622834708, 0.2955540087363618, 0.21333519258519262, 0.2764089224500991], [0.2253913863913866, 0.3103754967254967, 0.18683088023088038, 0.2774022366522367], [0.24800754049871715, 0.24526651681651704, 0.1915385709062181, 0.31518737177854816], [0.27418625818625836, 0.24613606393606402, 0.15688487068487084, 0.32279280719280723], [0.21579849594849604, 0.2874876345876345, 0.2269049728049729, 0.26980889665889674], [0.22770281107781118, 0.2419467615717619, 0.21250831684655216, 0.3178421105038752], [0.25627658452658464, 0.2764957589795828, 0.1915356587856588, 0.2756919977081741], [0.2535310571781161, 0.29111530136530134, 0.18173702204228528, 0.27361661941429744], [0.22960051615051622, 0.2553325896325896, 0.19055862748362762, 0.32450826673326666], [0.20329152514152526, 0.28245249195249195, 0.2436474275724277, 0.27060855533355543], [0.2537067488067488, 0.2637489177489179, 0.20355509213009224, 0.2789892413142413], [0.18712868797868804, 0.3310692862692864, 0.2141209290709291, 0.2676810966810967], [0.2543846633758399, 0.23994681984681998, 0.20875536326418695, 0.29691315351315345], [0.20259376179376185, 0.33119634254634245, 0.18992781662781663, 0.276282079032079], [0.30543106338106346, 0.27196570651570656, 0.17854328726828736, 0.24405994283494292], [0.26452470111587767, 0.26814184704184707, 0.18497739319504028, 0.2823560586472351], [0.2427444721944723, 0.27740496725496727, 0.21797380952380951, 0.2618767510267511], [0.26664845709845725, 0.27060615218115225, 0.17066481296481315, 0.29208057775557766], [0.23342173104673117, 0.3191044760794758, 0.15518785381285394, 0.2922859390609391], [0.19145031439149085, 0.26796304218657174, 0.22402696910932227, 0.3165596743126155], [0.2892652319902321, 0.2745783244533245, 0.16272637917637922, 0.27343006438006456], [0.24174661253778912, 0.2375638528138529, 0.19053314104196473, 0.3301563936063936], [0.282479331779332, 0.26912572150072156, 0.18920012765012761, 0.25919481906981906], [0.23655471195471203, 0.2738305194805196, 0.19240178155178161, 0.2972129870129868], [0.24028404373404383, 0.2841497502497504, 0.1964753524253526, 0.27909085359085356], [0.24660257520257528, 0.23445024975024978, 0.20914711399711403, 0.3098000610500612], [0.24999148825031173, 0.33349103119103113, 0.14332152651270302, 0.2731959540459541], [0.2636062826062827, 0.28713592518592496, 0.16682251082251098, 0.28243528138528157], [0.2097995365745365, 0.30029734709734723, 0.1756408369408371, 0.31426227938727946], [0.2419265900765903, 0.2870772338772338, 0.2250811216561218, 0.24591505439005445], [0.31394554334554337, 0.26452219447219455, 0.17255756465756478, 0.2489746975246977]]}, "rewritten": {"ids": ["97105580", "97105760", "97106600", "97109570", "97112290", "97112300", "97116410", "98106111", "98107380", "98107410", "98108370", "98109311", "98116500", "98119591", "99107560", "99108310", "99108520", "99108580", "99109740", "99111440", "99111930", "99112531", "100108490", "100109000", "100113370", "101108290", "101108460", "101108621", "101109000", "101111990", "101112201", "102111990", "102113350", "103109641", "103110100", "103111170", "103112470", "103113101", "103113210", "103113270", "103118291", "103120730", "104111380", "104111780", "104116441", "104118340", "105113190", "105115250", "105116650", "105118171", "105120280", "106111321", "106114011", "106114150", "106115240", "106116370", "106119990", "106120640", "106121190", "106121220", "107112850", "107113180", "107113550", "107113840", "107114200", "107114280", "107114780", "107115250", "107116501", "107118120", "107118490", "107118780", "107119950", "107120880", "108113700", "108114200", "108114220", "108114270", "108115070", "108116070", "108116501", "108117360", "108117720", "108118301", "108120700", "108121410", "109113281", "109113931", "109114030", "109115070", "109115211", "109116040", "109116750", "109117600", "109119010", "109119450", "109120150", "109120560", "109121410", "110114561", "110114720", "110114950", "110117140", "110117200", "110118630", "110118740", "110118810", "110120560", "110121720", "111114121", "111114941", "111115780", "111118301", "111119290", "111119610", "111119950", "111120591", "111121190", "112116640", "112116800", "112116900", "112117471", "112117780", "112117790", "112118471", "112118511", "112118530", "112118930", "112119450", "112119580", "112120670", "112121010", "112121030", "113117401", "113118490", "113119120", "113119340", "113120260", "113121010", "113121190", "113122170", "113122430"], "labels": [1, 0, 3, 0, 1, 2, 3, 0, 1, 3, 1, 1, 2, 1, 1, 2, 2, 0, 3, 3, 1, 3, 2, 1, 3, 0, 0, 0, 1, 2, 0, 2, 3, 1, 1, 2, 1, 3, 3, 2, 0, 1, 3, 3, 1, 2, 3, 2, 1, 3, 3, 0, 1, 1, 1, 2, 0, 3, 2, 1, 1, 3, 0, 3, 2, 3, 2, 2, 1, 3, 2, 1, 3, 1, 0, 0, 3, 3, 1, 1, 0, 1, 1, 1, 2, 0, 0, 1, 1, 0, 0, 0, 0, 1, 3, 3, 2, 1, 0, 0, 3, 0, 3, 3, 1, 3, 1, 0, 3, 0, 0, 1, 3, 3, 2, 0, 1, 1, 0, 0, 3, 3, 0, 3, 1, 1, 1, 1, 3, 3, 2, 2, 0, 3, 1, 3, 0, 3, 2, 1, 1, 2], "predicted_labels": [1, 3, 1, 0, 1, 3, 0, 3, 0, 0, 3, 3, 3, 1, 1, 0, 3, 0, 3, 1, 1, 3, 3, 3, 3, 3, 0, 0, 3, 1, 0, 3, 3, 1, 1, 0, 3, 1, 1, 3, 3, 3, 3, 0, 1, 1, 3, 3, 1, 0, 1, 3, 1, 0, 0, 3, 0, 3, 3, 1, 3, 3, 3, 1, 1, 1, 1, 3, 1, 1, 1, 3, 0, 1, 3, 3, 0, 1, 1, 1, 0, 3, 0, 3, 0, 3, 0, 1, 1, 1, 3, 3, 1, 3, 3, 1, 3, 3, 1, 0, 1, 3, 3, 3, 3, 0, 3, 3, 3, 0, 1, 1, 3, 3, 3, 0, 0, 1, 1, 3, 1, 0, 3, 3, 0, 1, 3, 3, 3, 3, 3, 1, 3, 1, 3, 3, 3, 3, 1, 1, 1, 1], "confidence_scores": [[0.25689260184260193, 0.31489104784104766, 0.1679515595515597, 0.2602647907647909], [0.2827509102009102, 0.25833731268731275, 0.17332097025781254, 0.2855908068539649], [0.23771739926739946, 0.28467499722499723, 0.19628779553779546, 0.28131980796980804], [0.2707264013764016, 0.23548441558441552, 0.22876722721722728, 0.26502195582195587], [0.2717371628371629, 0.2783580863580865, 0.18907484737484762, 0.26082990342990353], [0.2602477261300792, 0.22993415473415504, 0.2044257301522008, 0.3053923889835654], [0.2715876512376513, 0.25943382728382747, 0.23168771783771794, 0.23729080364080377], [0.2846842027253793, 0.2392248612498615, 0.17616894886159593, 0.29992198716316365], [0.30996753246753256, 0.22926994116994134, 0.20771757686757691, 0.25304494949494954], [0.3496586580086579, 0.2535576923076923, 0.18763348873348895, 0.20915016095016095], [0.22524134754134761, 0.2736728271728272, 0.2003649073149073, 0.3007209179709179], [0.26761121656121656, 0.27133232323232304, 0.1742519980019982, 0.28680446220446243], [0.27616198246198265, 0.2580042124542125, 0.16087232767232765, 0.30496147741147733], [0.2708566017316019, 0.27976328948828943, 0.2169243783993785, 0.23245573038073045], [0.21535008325008334, 0.296795276945277, 0.2150997557997559, 0.2727548840048841], [0.30617486402486416, 0.28424761904761914, 0.13905871350871354, 0.27051880341880336], [0.21131618936618957, 0.25725413475413483, 0.24981139971139973, 0.28161827616827617], [0.2734303751803753, 0.24743404928404933, 0.2386031080031082, 0.24053246753246763], [0.1940459096459098, 0.26842950937950943, 0.25030376290376294, 0.287220818070818], [0.2592872127872128, 0.29809663506428224, 0.18687534132534137, 0.2557408108231639], [0.21019821844821857, 0.280910334110334, 0.23719750249750263, 0.271693944943945], [0.27703601953601964, 0.24853084138084147, 0.1881077034077034, 0.28632543567543584], [0.22870822674057983, 0.232648928848929, 0.25141081141081145, 0.2872320329996801], [0.22061124431124451, 0.27722542620777924, 0.20102101787101792, 0.3011423116099586], [0.23381673326673333, 0.238960533910534, 0.23003973803973812, 0.2971829947829947], [0.24194153624153625, 0.2725625263625264, 0.18492573260073264, 0.3005702047952048], [0.2886536546786546, 0.2677744533244534, 0.16788533966033972, 0.27568655233655226], [0.28529795482295506, 0.27837832167832166, 0.18835696248196257, 0.24796676101676116], [0.26993121323121344, 0.2600465145965147, 0.15865334665334674, 0.3113689255189256], [0.20000652256240514, 0.27633941336441326, 0.24892836607836613, 0.27472569799481555], [0.3286213064713065, 0.26933980463980484, 0.14725108225108233, 0.25478780663780676], [0.26445569985569994, 0.2445746669996672, 0.19620419025419042, 0.2947654428904429], [0.23816095375213017, 0.268255288012641, 0.212263803190274, 0.28131995504495494], [0.24357958707958716, 0.2872970806970807, 0.18763058608058628, 0.28149274614274605], [0.231893271434448, 0.2976266139089669, 0.22421517959165016, 0.24626493506493513], [0.320622483072483, 0.24837562437562447, 0.17613574203574206, 0.2548661505161505], [0.2789878546290312, 0.24054194694194708, 0.20028725359607727, 0.2801829448329449], [0.24411594516594526, 0.3013451679039914, 0.20304808524808524, 0.25149080168197824], [0.21332725607725622, 0.28731511266511284, 0.2466035500447267, 0.25275408121290477], [0.21603436563436573, 0.2597171439671441, 0.24341498305615972, 0.28083350734233103], [0.2539870185370186, 0.2758203463203464, 0.1503637917637919, 0.31982884337884343], [0.27404671047906354, 0.2412777722277723, 0.19040072150072157, 0.2942747957924429], [0.2814679487179488, 0.23637138417138429, 0.19931640026640035, 0.282844266844267], [0.30127346542346534, 0.2824913364413366, 0.15699199134199138, 0.2592432067932069], [0.23761731079378146, 0.3083995762407527, 0.151670351870352, 0.30231276109511396], [0.25291313686313693, 0.2964111832611834, 0.17426476693241408, 0.27641091294326603], [0.2750817182817184, 0.2543092796092796, 0.16038394383394391, 0.31022505827505825], [0.20477962397080055, 0.26352326170561474, 0.20329980052627133, 0.32839731379731385], [0.21290468420468422, 0.3129687867687869, 0.19385757575757584, 0.2802689532689533], [0.36117212232212215, 0.27961528308293015, 0.1434669608169609, 0.21574563377798675], [0.2492999444999446, 0.2969635642135644, 0.19669442779442786, 0.25704206349206354], [0.255028798978799, 0.2641579864579865, 0.19538327783327786, 0.28542993672993666], [0.24497064047064065, 0.32018019203019193, 0.16361000666000675, 0.27123916083916094], [0.3427730963480964, 0.26135607448107456, 0.1471521922521923, 0.24871863691863688], [0.3435261544011545, 0.3109096015096015, 0.12254207736707737, 0.2230221667221668], [0.21614189699189695, 0.21670855810855813, 0.21925797813297818, 0.34789156676656685], [0.29119067125684794, 0.2751149766899768, 0.16618533329415683, 0.2675090187590189], [0.24447590742590752, 0.28311604229104237, 0.17579241314241315, 0.29661563714063727], [0.182161088911089, 0.27727731157731156, 0.25519814825697185, 0.2853634512546278], [0.20805636030636032, 0.3022204351204352, 0.21007889332889343, 0.27964431124431127], [0.20518987123987126, 0.27775036352536364, 0.19299448606948605, 0.32406527916527933], [0.2094001165501166, 0.26431846764346756, 0.22583199023199044, 0.30044942557442567], [0.23986416916416933, 0.2639080752580753, 0.2055969225219226, 0.290630833055833], [0.2318311743811745, 0.31998469030969034, 0.16943280053280066, 0.27875133477633474], [0.2457639471639472, 0.28452388167388165, 0.20323721833721847, 0.26647495282495276], [0.20602287157287175, 0.3007804861804861, 0.20558779349305673, 0.2876088487535856], [0.2036696858696859, 0.28728162393162415, 0.2314341491841493, 0.2776145410145411], [0.20994280294868548, 0.26928252858252855, 0.2184809690309691, 0.30229369943781736], [0.24449291819291832, 0.3041453157953159, 0.15175039405039425, 0.29961137196137183], [0.239178156484039, 0.28651514596514605, 0.2013508214008215, 0.27295587614999384], [0.24339241314241325, 0.28915050782550794, 0.22475154290154287, 0.24270553613053633], [0.20392881285381295, 0.29389156121656124, 0.1835367576867578, 0.3186428682428682], [0.2829229964479965, 0.2762696636696637, 0.1610131313131314, 0.27979420856920867], [0.20150567210567216, 0.29868835608835637, 0.22899037629037639, 0.2708155955155955], [0.1926166980078745, 0.2489242757242758, 0.27778251748251775, 0.28067650878533223], [0.24353809523809533, 0.2616690781440783, 0.22013283105783105, 0.2746599955599955], [0.29410864135864123, 0.2314763569763571, 0.1867211455211457, 0.2876938561438561], [0.25907435897435915, 0.3333911477411475, 0.14525718170718177, 0.26227731157731177], [0.21115012765012775, 0.3329867021867022, 0.20628473193473199, 0.2495784382284384], [0.2461225330225332, 0.30716853424353435, 0.19980222277722282, 0.24690670995670996], [0.2969491674991676, 0.2555472333222333, 0.1613403485403487, 0.28616325063825065], [0.22152496392496399, 0.28330754800754804, 0.2107102675102675, 0.28445722055722056], [0.2975375901875903, 0.2552185425685427, 0.15878917748917754, 0.2884546897546898], [0.2899423798423797, 0.27677009657009677, 0.14119534909534917, 0.2920921744921744], [0.41879247974247974, 0.2351189477189477, 0.10877102897102903, 0.23731754356754367], [0.21855399045399046, 0.2909947996447997, 0.17868585303585313, 0.31176535686535695], [0.3207374347874348, 0.22807846042846044, 0.15579244089244088, 0.2953916638916639], [0.21881999666999685, 0.31408595489477836, 0.17358169608169619, 0.29351235235352874], [0.23988084693084716, 0.29539079809079805, 0.18276965256965266, 0.28195870240870247], [0.255307375957376, 0.2964031746031749, 0.18544816572316575, 0.2628412837162838], [0.20241373152990796, 0.3019292762792764, 0.1738084157672394, 0.3218485764235765], [0.17896255966255975, 0.2956324814074813, 0.20860445110445114, 0.3168005078255077], [0.25856369937252305, 0.27984317512552814, 0.19262336911454575, 0.26896975638740356], [0.24941390276390307, 0.23873786050550763, 0.19233523143523154, 0.31951300529535837], [0.21765446220446236, 0.28166473526473523, 0.20356133588633596, 0.2971194666444668], [0.1998824766736532, 0.2955694250194252, 0.2252301975801977, 0.27931790072672424], [0.22790964803170702, 0.2555604562104562, 0.21752962315462324, 0.2990002726032138], [0.24639461094461096, 0.2372976190476191, 0.2265699411699414, 0.2897378288378289], [0.257039110889111, 0.31357012432012427, 0.18710800865800886, 0.24228275613275627], [0.2848869963369965, 0.24918416860916878, 0.22086452991452996, 0.2450643051393052], [0.2094066988566989, 0.31922996284760996, 0.19752456987456996, 0.2738387684211215], [0.23236917804417812, 0.23086850649350674, 0.20633192657016206, 0.33043038889215365], [0.22377953517071186, 0.2825397324897327, 0.18365175184292837, 0.31002898049662764], [0.2698400044400045, 0.27629912864912864, 0.157580130980131, 0.2962807359307358], [0.1999771645021645, 0.2876180846930847, 0.21811142746142767, 0.29429332334332337], [0.30254402819402826, 0.22561032856032856, 0.1791721500721501, 0.2926734931734932], [0.2525289932289934, 0.27067048507048513, 0.20126912531912527, 0.27553139638139634], [0.24778474858474878, 0.2568203962703962, 0.20981829004329014, 0.285576565101565], [0.2621513542013544, 0.2669002683590919, 0.184584237984238, 0.28636413945531597], [0.3146437895437897, 0.2802322427572429, 0.1276569486069486, 0.27746701909201915], [0.2928475968475968, 0.2931621212121213, 0.1555382561882562, 0.25845202575202586], [0.23432257742257764, 0.27440623543123555, 0.23015765900765894, 0.26111352813852806], [0.2585360730772496, 0.25276827061827073, 0.21656992843757555, 0.27212572786690425], [0.2143158877070642, 0.28081348928848954, 0.2005724830724832, 0.3042981399319636], [0.2700796758796759, 0.23662809967809975, 0.19939667277167272, 0.2938955516705517], [0.3009063874034462, 0.21274387834387826, 0.19676326451326465, 0.28958646973941105], [0.3192288433788434, 0.26919315684315687, 0.13266803196803204, 0.278909967809968], [0.25806340326340327, 0.28654181341534296, 0.18117501387501395, 0.27421976944624005], [0.22881320068820066, 0.3152713758463758, 0.15807851870351886, 0.29783690476190455], [0.21783864632099936, 0.2676135864135865, 0.18170669885669896, 0.33284106840871547], [0.2734556610056611, 0.2913910977910979, 0.1684538461538463, 0.2666993950493953], [0.3083540240804947, 0.29225796425796424, 0.13425564990564992, 0.2651323617558913], [0.22751695885813536, 0.24796645021645036, 0.19026611362493728, 0.33425047730047724], [0.27903079143079146, 0.25301042846042865, 0.16958237873237886, 0.2983764013764013], [0.33739822954822957, 0.2500835292158823, 0.15671489621489623, 0.25580334502099217], [0.22004735264735265, 0.29803234543234547, 0.18755698190698203, 0.2943633200133201], [0.24710326340326347, 0.2735463314463315, 0.1911544427794427, 0.28819596237096223], [0.27352968142968165, 0.26676638361638366, 0.17699778832278826, 0.28270614663114657], [0.263189512448336, 0.3000663947163947, 0.136659921451098, 0.3000841713841713], [0.2708183352595117, 0.24154970029970035, 0.19253057693940057, 0.29510138750138754], [0.2602488344988347, 0.2729774447774448, 0.19039771617271617, 0.27637600455100464], [0.224076529026529, 0.2803239010989009, 0.22385833333333355, 0.27174123654123655], [0.2769159007659009, 0.2075632756132757, 0.16627685092685104, 0.3492439726939726], [0.2796589077589078, 0.2934693528693529, 0.15143312520812524, 0.27543861416361426], [0.2316596403596404, 0.26261324508824513, 0.17739051226551228, 0.3283366022866022], [0.2572202797202799, 0.2782678654678655, 0.16923044178044191, 0.2952814130314129], [0.26794321234321233, 0.2719905649905651, 0.15483937173937182, 0.30522685092685103], [0.2600059662559663, 0.28922649017649, 0.15949176379176383, 0.2912757797757797], [0.26406569264069274, 0.30760970418470435, 0.14707041847041855, 0.2812541847041847], [0.24375025530025546, 0.30003395493395496, 0.16795348540348556, 0.28826230436230427], [0.24270147630147626, 0.27917823842823836, 0.2119747113997115, 0.2661455738705741], [0.22293399933399935, 0.29835701798201797, 0.19840073610599934, 0.2803082465779833]]}}