{"test": {"ids": ["109117730", "100109980", "107113200", "100108490", "112119450", "112118550", "112117461", "104111830", "100111390", "97116500", "103113210", "107112840", "111119300", "97116800", "99114890", "109116441", "99108460", "108114360", "101108121", "107120260", "109114030", "104113210", "107114140", "108113620", "113120751", "105112240", "113122160", "107121700", "105117351", "99107500", "111115780", "109114220", "111116530", "113120640", "105116860", "104114320", "108119550", "110115890", "110117870", "102111990", "108116481", "111119610", "111119950", "110118630", "113120531", "98106560", "99109910", "111116100", "108115870", "104114230", "103120290", "98116940", "111119430", "110114561", "108116501", "109117110", "102109840", "101108290", "101121640", "112120540", "111120640", "102112030", "99107630", "104111531", "107120010", "106113360", "111118820", "109117080", "109121640", "98121790", "106116640", "101109000", "99108010", "110119030", "108114200", "105113210", "111119580", "102107961", "100109801", "109116040", "102114270", "110114321", "109116810", "111118810", "106118161", "110120560", "110116170", "113120830", "111116290", "97109570", "100110260", "113119340", "98108150", "110119300", "108120621", "99120010", "113119930", "101111210", "105113330", "111117000", "103117461", "100108990", "102116500", "112121351", "106113830", "111115910", "108118520", "109115220", "110117080", "113120540", "102112250", "102110240", "113122430", "97116401", "99111340", "110121720", "109116930", "102110750", "113119700", "107114280", "105117200", "101119030", "102110690", "106115240", "97112290", "109118820", "104111780", "105112130", "98112170", "107117010", "112120630", "98113881", "100108260", "104114740", "97107920", "103110840", "101108460", "101117580", "108118060", "107114780", "111117571", "97113260"], "labels": [3, 1, 0, 2, 3, 3, 0, 3, 2, 2, 3, 1, 1, 0, 2, 3, 0, 1, 0, 1, 1, 3, 2, 3, 1, 1, 3, 3, 0, 0, 1, 3, 3, 0, 2, 2, 1, 2, 3, 2, 0, 2, 0, 1, 0, 1, 2, 3, 3, 2, 2, 2, 3, 0, 0, 1, 2, 0, 2, 3, 0, 2, 2, 0, 1, 0, 0, 1, 0, 2, 3, 1, 2, 0, 0, 3, 3, 3, 0, 0, 3, 1, 3, 0, 3, 0, 0, 3, 2, 0, 3, 0, 0, 1, 1, 2, 1, 2, 3, 0, 0, 2, 1, 0, 1, 2, 0, 3, 1, 3, 0, 3, 2, 3, 1, 3, 0, 1, 0, 3, 3, 3, 0, 1, 1, 3, 3, 1, 3, 1, 3, 3, 3, 2, 0, 1, 0, 3, 1, 2, 3, 1], "predicted_labels": [0, 0, 0, 1, 0, 0, 3, 3, 1, 0, 1, 1, 3, 3, 1, 1, 3, 1, 3, 0, 1, 0, 1, 0, 3, 0, 2, 1, 3, 1, 0, 0, 1, 3, 1, 0, 3, 2, 3, 0, 3, 2, 0, 3, 0, 3, 2, 0, 2, 2, 2, 1, 2, 1, 2, 1, 2, 3, 3, 1, 1, 1, 0, 3, 3, 1, 3, 1, 1, 2, 0, 3, 2, 1, 0, 3, 0, 1, 3, 3, 1, 1, 3, 3, 1, 0, 2, 2, 0, 0, 3, 0, 3, 3, 0, 2, 1, 3, 0, 3, 1, 1, 2, 0, 0, 0, 1, 3, 3, 0, 2, 2, 1, 1, 2, 2, 2, 1, 2, 1, 0, 1, 0, 0, 3, 3, 1, 1, 3, 3, 1, 1, 0, 0, 1, 1, 0, 0, 1, 1, 0, 3], "confidence_scores": [[0.9843263448242987, 6.8200371687668e-05, 1.2356886668595608e-07, 0.015605331235146768], [0.7704449502548183, 0.00046554902764630663, 0.0009449394380257638, 0.22814456127950955], [0.9973281695985355, 1.0259297452738789e-09, 2.6883782965780896e-08, 0.002671802491751888], [0.31308976447373726, 0.5065983126925093, 0.020410492021108236, 0.15990143081264513], [0.6121254834590044, 0.0005676978166419866, 5.574994879942664e-07, 0.38730626122486556], [0.9989080904385245, 1.1895740134872342e-08, 2.992136009135601e-07, 0.0010915984521345638], [0.0013912660120068328, 7.228570907871935e-06, 8.374302359568101e-07, 0.9986006679868493], [0.0005308177408194208, 0.008988905239948127, 0.0006805447044390543, 0.9897997323147933], [0.0707707772279278, 0.9234387761553192, 0.005531014770912992, 0.00025943184584005936], [0.4999766499355112, 0.06923595960571852, 0.353784418569239, 0.07700297188953126], [0.0027541106193402203, 0.6321895634652102, 0.21212632075405308, 0.15293000516139654], [0.00010199921415130629, 0.999887943633219, 2.453812291387054e-06, 7.603340338527156e-06], [4.645572589874003e-08, 1.8735056875221132e-05, 0.002726820857446643, 0.9972543976299523], [0.4140657812426356, 0.011905476870932852, 0.007247613670503943, 0.5667811282159275], [1.1283878493202642e-06, 0.989417313665948, 0.009619520428004921, 0.0009620375181976557], [0.0025581191585278204, 0.9972975829380271, 5.863228429974103e-11, 0.0001442978448127877], [1.1829153299782838e-09, 0.0001231834296974741, 2.2181785451056007e-08, 0.9998767932056019], [9.645879571815148e-11, 0.998995672319078, 0.0002372424538837308, 0.0007670851305791799], [8.599202282802441e-05, 0.000865047073355323, 0.0014775485759175395, 0.9975714123278991], [0.9984183185852281, 0.0009382692312935686, 0.0006096952465156558, 3.3716936962649205e-05], [0.0071967386176786125, 0.9082263839658804, 0.042755442003628435, 0.041821435412812476], [0.9983251922221562, 0.0005091680957140906, 0.0008210170847486553, 0.0003446225973808934], [0.00015271221025305338, 0.9998270473608947, 2.860962366877031e-06, 1.7379466485405572e-05], [0.9881286016664484, 0.008104169448536364, 4.1016820919564864e-05, 0.0037262120640957183], [0.04347873913834194, 0.06623968941848697, 0.3146422903735878, 0.5756392810695833], [0.7958946549683567, 0.0435097844115423, 0.15987685977446955, 0.0007187008456314754], [0.00024242946557217893, 0.009057126352022271, 0.9883124652365621, 0.0023879789458435313], [3.323485380068436e-08, 0.934858224054, 0.023143228637764298, 0.04199851407338193], [0.020888034725560552, 9.973007875953563e-07, 0.009006465989665088, 0.9701045019839868], [0.010335875026036574, 0.7360457755732792, 0.07294128068063235, 0.1806770687200517], [0.997779953901065, 0.002143092873506509, 3.763136805643492e-08, 7.691559406061838e-05], [0.7192830544929975, 0.07976725482514863, 0.10901310163656137, 0.09193658904529252], [0.027661666505249836, 0.9701950805559556, 0.0007071345508100571, 0.0014361183879843303], [1.5702564869197823e-07, 0.004406396006500336, 0.00036306678160258495, 0.9952303801862484], [6.3169748643951e-07, 0.9999990655765426, 9.923604869447177e-09, 2.9280236612082727e-07], [0.9842080837037718, 0.010459968577855885, 0.005236157653412959, 9.579006495941094e-05], [6.53349259429294e-05, 0.0005058557887972775, 5.167063078147506e-05, 0.9993771386544783], [3.064127034590049e-05, 0.004723117038112974, 0.9952310463670517, 1.519532448952028e-05], [1.3971322847707766e-05, 1.330548964589681e-06, 0.05214959340993628, 0.9478351047182515], [0.904606817386015, 2.1379408939916673e-10, 0.09539315739546414, 2.5004726818332427e-08], [0.0014808658439614682, 0.00015442156371769334, 2.252010267239075e-08, 0.9983646900722181], [0.0009336291796966525, 0.003957075938873367, 0.9947913954814124, 0.0003178994000175221], [0.7547725422910669, 0.00012533497937438563, 0.0005454136788232898, 0.24455670905073537], [3.349003594897509e-05, 0.21725776740722666, 1.4380194116029841e-05, 0.7826943623627083], [0.981221306039044, 4.077429872009746e-06, 0.018748641555474243, 2.5974975609551963e-05], [6.146651193776023e-06, 3.185842764986079e-05, 5.51519470144585e-07, 0.9999614434016861], [8.423776908140545e-07, 1.493483524126741e-06, 0.9999975907826623, 7.335612276620183e-08], [0.9600107609002573, 0.00019035382546114257, 3.478836468775974e-06, 0.0397954064378128], [0.0014699254319626256, 3.389982681081925e-06, 0.9539481310560035, 0.04457855352935277], [5.998944632278042e-05, 8.504689581346976e-05, 0.9882309133992626, 0.011624050258601143], [4.84258907341582e-08, 5.372755958526587e-05, 0.9996357578372083, 0.0003104661773157082], [0.006512729447483805, 0.9907187305392396, 0.002761600361603352, 6.939651673309724e-06], [1.744692440874761e-06, 0.05144008189238374, 0.8914295486466918, 0.05712862476848353], [2.079653445647893e-06, 0.9999585755767217, 3.9217192006955326e-05, 1.2757782557764778e-07], [0.000674221881304711, 0.0029675148208487276, 0.8704362815444084, 0.125921981753438], [0.14085272559885798, 0.7894277725688104, 3.0669133015780992e-06, 0.06971643491903008], [0.002070108369328279, 0.016189188943942175, 0.9816828828066604, 5.781988006916565e-05], [0.007687563759279917, 0.0009903652269098067, 0.0005121758625144159, 0.9908098951512959], [3.0945002077445447e-09, 0.0007699111282372141, 4.379530834509751e-06, 0.9992257062464281], [0.15858002993140471, 0.8405925374921723, 4.831290295069598e-09, 0.0008274277451326762], [7.364149335442998e-05, 0.9999213751669019, 2.908323078464336e-09, 4.9804314205771215e-06], [0.10758955433091921, 0.753680574446059, 0.007946349799860744, 0.1307835214231611], [0.8254325296100824, 4.6497560274497565e-05, 0.003159103653279439, 0.17136186917636384], [0.00029066073781212887, 3.1602543375400304e-06, 2.458051648491526e-05, 0.9996815984913655], [8.02349674714288e-06, 0.12619554610258282, 2.1260387549810393e-06, 0.8737943043619151], [0.0017552105507756194, 0.9982447501745868, 3.238970691670489e-10, 3.8950740503930095e-08], [0.018600500226176327, 1.914628394140337e-07, 2.6102729782334447e-06, 0.981396698038006], [2.1707065042851275e-06, 0.9983893293547975, 0.00016427096805799544, 0.001444228970640419], [0.19585613122011372, 0.5607362092174957, 0.22726289426160223, 0.016144765300788535], [0.004616566900262775, 0.012472232068139539, 0.982910968304398, 2.327271998984674e-07], [0.5706678120705037, 6.576141485964748e-06, 8.352935915081811e-05, 0.4292420824288595], [3.4456261931623495e-09, 4.546721624771518e-07, 0.0037937800200875875, 0.9962057618621236], [1.3945117683055578e-05, 0.07406375844297325, 0.9257536569758678, 0.00016863946347598212], [0.053586001228015025, 0.8836473008874111, 6.715255383821351e-05, 0.06269954533073571], [0.8573080539867387, 0.14160812058973998, 0.0008907447361434399, 0.0001930806873779516], [0.001813977114557721, 0.0346639320850818, 7.40420733663362e-08, 0.9635220167582872], [0.9999575783443383, 5.491185995172049e-08, 4.2144859046474406e-05, 2.2188475517978504e-07], [0.0013564384897625705, 0.9986429335966515, 5.881857892750016e-07, 3.972779665261463e-08], [9.606862212218566e-07, 0.2884910581512886, 5.976442235220481e-06, 0.7115020047202549], [0.0009428279802094371, 3.363592022425282e-05, 0.007804196670292985, 0.9912193394292733], [0.13160941749982644, 0.868387704756246, 9.89911685830926e-07, 1.8878322415608077e-06], [0.17986512200570784, 0.8142928094570083, 0.004501789685210601, 0.001340278852073183], [0.003829588577639879, 0.00036965562533856623, 5.96928610329798e-05, 0.9957410629359885], [0.017526714563303267, 0.002084956105967513, 6.814533684818213e-11, 0.980388329262584], [0.00016979929744854352, 0.613984159585603, 0.00032646591193089653, 0.3855195752050176], [0.978476316410022, 1.6445890982756353e-06, 0.018544284828486166, 0.002977754172393663], [0.05863499835491733, 0.1765354431120379, 0.4989377349926984, 0.26589182354034635], [0.00842302523971791, 0.010347552102648925, 0.8208325183345737, 0.1603969043230594], [0.615028111807813, 0.003365835616359595, 0.37913857315068233, 0.002467479425145077], [0.9567523394000226, 0.01833360755946692, 0.01950506773850904, 0.0054089853020015686], [0.0722708111065548, 0.0001992018666582923, 0.03599980041286381, 0.891530186613923], [0.9979761563253527, 0.0015411637820036735, 2.700513516850665e-07, 0.0004824098412918594], [0.2149435153295489, 0.0799126666047488, 0.07203269499763802, 0.6331111230680642], [0.293675142009889, 0.10081371751388818, 0.00016299342966007732, 0.6053481470465628], [0.6839420703199699, 0.30654141875011204, 0.004366246353350214, 0.005150264576567873], [8.938882136587366e-05, 1.7606035042560705e-06, 0.999902665271299, 6.1853038308344626e-06], [0.004348200481536995, 0.9956222116954494, 2.834671906081037e-05, 1.241103952940776e-06], [0.08364069491795058, 0.11816360097158007, 0.0010491280550171075, 0.7971465760554521], [0.992566398212182, 0.00022181495853356058, 4.796541380059058e-05, 0.007163821415484045], [4.923307271404267e-05, 3.3932819234132204e-08, 0.0002454827193577196, 0.9997052502751091], [0.03671928704447589, 0.9115852063827298, 0.00013230636374266482, 0.051563200209051814], [1.538369084293917e-06, 0.9996031311940468, 1.0066449858454661e-05, 0.0003852639870106767], [2.6917750174574326e-06, 0.09758801634512292, 0.9019044152000223, 0.0005048766798375091], [0.9994820003108456, 3.5918240015213786e-06, 1.6528049693464118e-07, 0.0005142425846558742], [0.9993770878044812, 0.0001310494131457428, 4.742867199364058e-08, 0.0004918153537011764], [0.9998055250459174, 5.7426696496544326e-05, 0.00011374269360626403, 2.3305563979754856e-05], [0.00045205597177839135, 0.8028565177228638, 0.17145730146004376, 0.02523412484531391], [0.001635587648897613, 0.3953830981605558, 0.0016226842087760953, 0.6013586299817705], [0.00029829514298527175, 0.022688585952378767, 0.14261617025490111, 0.8343969486497349], [0.9985288862760475, 0.0003859768311736767, 1.367274690210756e-06, 0.0010837696180885916], [0.0012711869462779719, 2.639906400686522e-05, 0.9986409056997924, 6.150828992276754e-05], [0.0003843972170273986, 0.001150425268870566, 0.9981865097909647, 0.0002786677231373387], [5.094315341714692e-08, 0.9852344314179878, 0.00322728638516464, 0.011538231253694055], [5.194027653173901e-06, 0.9991486110255979, 9.260817415009882e-05, 0.0007535867725989253], [0.0001063592814954974, 2.967828194889225e-06, 0.9985333476173952, 0.0013573252729145889], [0.1255369689582861, 0.0046930859237628835, 0.8680147830452312, 0.001755162072719904], [0.10988130862847925, 4.162968282283384e-08, 0.890114723265893, 3.926475944882072e-06], [0.013765747296193615, 0.9857547275619589, 0.0004793098143910163, 2.153274565221155e-07], [5.9744517319678186e-05, 0.00010919897232338189, 0.999816215876337, 1.4840634019872995e-05], [2.626838551237739e-06, 0.999996380510293, 5.05542221840526e-07, 4.871089337760864e-07], [0.9632197935911108, 0.02973091373937702, 0.0019466043994646601, 0.005102688270047702], [0.140088097682738, 0.8495618083003496, 1.311183044028129e-07, 0.01034996289860806], [0.9985281591520826, 0.00023364285380611633, 5.229986426232064e-07, 0.0012376749954687732], [0.9971909989885898, 0.0005323715854331375, 0.002274575040723664, 2.054385253504082e-06], [0.0352534711176534, 0.10618153742186126, 0.00023247245197022132, 0.8583325190085151], [0.0009141567882374053, 0.04173199230426082, 0.008160256098682069, 0.9491935948088198], [6.89503402047456e-05, 0.9999237030306832, 2.6706762669835795e-07, 7.079561485629259e-06], [0.00896186996295121, 0.9046042620085144, 2.18669442031267e-06, 0.08643168133411422], [0.04503341666094167, 0.0011188379187351315, 0.0002584747897279061, 0.9535892706305953], [0.00018461320921346006, 0.029384422360090992, 0.31164403849008165, 0.658786925940614], [5.96368010848224e-07, 0.9833652981581253, 5.9634551246782134e-05, 0.016574470922617126], [0.03978823598663747, 0.9602007407757625, 1.0029809530156182e-05, 9.93428069761677e-07], [0.825964015937797, 0.16793967997386358, 7.858074332746816e-05, 0.006017723345011921], [0.9097190990794072, 0.0005211588981962097, 0.08339571661762403, 0.006364025404772495], [0.04683655756057785, 0.9417140147142615, 0.002793540840660736, 0.008655886884500117], [0.001623368276366272, 0.9524057694940175, 0.04532485488916019, 0.0006460073404561386], [0.9876105354424036, 0.010286319295357067, 0.0003122117542579935, 0.0017909335079812994], [0.9654746948587273, 0.034424049526780284, 4.374922012856408e-06, 9.688069247978987e-05], [4.1112967690394475e-06, 0.9999884699637581, 7.412826712701641e-06, 5.912760322653149e-09], [0.0024176100922547773, 0.9955448999966092, 0.001942099198508213, 9.539071262783231e-05], [0.7777155774354005, 0.22223360441478848, 4.356516828687372e-05, 7.252981524088263e-06], [2.6597967710471504e-09, 0.0003204340369028647, 0.0006513873186633007, 0.999028175984637]]}, "rewritten": {"ids": ["97107920", "97109570", "97112290", "97113260", "97116401", "97116500", "97116800", "98106560", "98108150", "98112170", "98113881", "98116940", "98121790", "99107500", "99107630", "99108010", "99108460", "99109910", "99111340", "99114890", "99120010", "100108260", "100108490", "100108990", "100109801", "100109980", "100110260", "100111390", "101108121", "101108290", "101108460", "101109000", "101111210", "101117580", "101119030", "101121640", "102107961", "102109840", "102110240", "102110690", "102110750", "102111990", "102112030", "102112250", "102114270", "102116500", "103110840", "103113210", "103117461", "103120290", "104111531", "104111780", "104111830", "104113210", "104114230", "104114320", "104114740", "105112130", "105112240", "105113210", "105113330", "105116860", "105117200", "105117351", "106113360", "106113830", "106115240", "106116640", "106118161", "107112840", "107113200", "107114140", "107114280", "107114780", "107117010", "107120010", "107120260", "107121700", "108113620", "108114200", "108114360", "108115870", "108116481", "108116501", "108118060", "108118520", "108119550", "108120621", "109114030", "109114220", "109115220", "109116040", "109116441", "109116810", "109116930", "109117080", "109117110", "109117730", "109118820", "109121640", "110114321", "110114561", "110115890", "110116170", "110117080", "110117870", "110118630", "110119030", "110119300", "110120560", "110121720", "111115780", "111115910", "111116100", "111116290", "111116530", "111117000", "111117571", "111118810", "111118820", "111119300", "111119430", "111119580", "111119610", "111119950", "111120640", "112117461", "112118550", "112119450", "112120540", "112120630", "112121351", "113119340", "113119700", "113119930", "113120531", "113120540", "113120640", "113120751", "113120830", "113122160", "113122430"], "labels": [0, 0, 1, 1, 3, 2, 0, 1, 0, 3, 3, 2, 2, 0, 2, 2, 0, 2, 1, 2, 2, 3, 2, 2, 0, 1, 3, 2, 0, 0, 0, 1, 2, 3, 3, 2, 3, 2, 3, 0, 1, 2, 2, 0, 3, 1, 1, 3, 0, 2, 0, 3, 3, 3, 2, 2, 2, 1, 1, 3, 3, 2, 3, 0, 0, 1, 1, 3, 3, 1, 0, 2, 3, 2, 1, 1, 1, 3, 3, 0, 1, 3, 0, 0, 1, 0, 1, 1, 1, 3, 3, 0, 3, 3, 0, 1, 1, 3, 3, 0, 1, 0, 2, 0, 1, 3, 1, 0, 1, 0, 3, 1, 2, 3, 2, 3, 0, 3, 0, 0, 1, 3, 3, 2, 0, 0, 0, 3, 3, 3, 3, 0, 0, 0, 1, 0, 3, 0, 1, 3, 3, 2], "predicted_labels": [1, 0, 1, 3, 1, 0, 1, 3, 2, 0, 0, 1, 1, 1, 3, 2, 3, 2, 2, 1, 2, 0, 0, 1, 3, 0, 3, 3, 3, 3, 0, 3, 1, 0, 1, 3, 1, 2, 2, 0, 1, 0, 1, 2, 1, 2, 2, 2, 3, 2, 3, 1, 2, 0, 2, 1, 2, 1, 2, 1, 0, 1, 0, 3, 1, 0, 0, 3, 3, 1, 0, 1, 1, 1, 2, 3, 0, 1, 0, 0, 1, 2, 3, 2, 1, 2, 3, 0, 1, 2, 1, 3, 1, 3, 2, 1, 1, 0, 3, 1, 1, 1, 2, 1, 2, 3, 3, 2, 1, 0, 2, 0, 0, 3, 0, 1, 3, 0, 3, 3, 3, 2, 0, 2, 0, 1, 3, 0, 3, 1, 1, 0, 0, 2, 1, 0, 0, 3, 2, 2, 2, 1], "confidence_scores": [[0.031231028773324628, 0.934245658812583, 0.02369425813022395, 0.010829054283868255], [0.6550811499935594, 0.30839446094090855, 0.010993557248797461, 0.02553083181673463], [0.2619632607413136, 0.5357334797286041, 2.5382407538631455e-05, 0.2022778771225437], [4.816603608567477e-07, 0.00029627092448651876, 0.17321373914594615, 0.8264895082692065], [0.0003078607916947908, 0.9994096736381642, 6.0741612352739154e-05, 0.0002217239577882067], [0.39367987264061005, 0.22276261400614256, 0.2599548914207298, 0.12360262193251757], [0.2995999693180459, 0.6806203728924399, 0.008108904247279898, 0.011670753542234187], [0.041054027743654964, 0.0028382201092392147, 0.0666851276913485, 0.8894226244557573], [0.04374771694157851, 0.2020687156616469, 0.40854902267262605, 0.3456345447241486], [0.5234205460636224, 0.03510352447615839, 0.012059156854602545, 0.4294167726056166], [0.9899545676875701, 0.010043263831502766, 1.8102299212775666e-06, 3.5825100585299104e-07], [0.09131558658957496, 0.907072367734887, 0.0009977546991609735, 0.0006142909763770133], [0.13221502026337187, 0.5211393648600547, 0.34664516762522, 4.472513533034233e-07], [2.648762247640762e-06, 0.7032720852773655, 0.0026001592464068297, 0.29412510671398007], [0.2454821076159105, 0.0001390183648981082, 0.03313292587492996, 0.7212459481442616], [4.646975384355273e-06, 0.09035127937941394, 0.9096137035302508, 3.0370114950805445e-05], [2.470690480650531e-10, 1.1359142066308126e-07, 3.0910319702607196e-09, 0.9999998830704783], [2.584732391954568e-07, 3.5905847368994e-07, 0.9999993742374106, 8.230876712107193e-09], [1.889343711009888e-06, 2.341921252422374e-07, 0.9999338232026799, 6.405326148395064e-05], [0.00018751786698527982, 0.7651453742919306, 0.1910270654950275, 0.04364004234605652], [0.0030918065874482423, 1.5816677209721635e-05, 0.9968887927775669, 3.583957775049593e-06], [0.745823509710166, 0.03803048947433773, 1.560529851468151e-05, 0.21613039551698154], [0.5538191258719909, 0.44071178657724225, 0.0002099914315426389, 0.005259096119224232], [7.890600063895333e-06, 0.99594924060839, 0.00012084091683313989, 0.003922027874712942], [4.420450732628445e-06, 0.006656182643479157, 1.8206002196395435e-05, 0.9933211909035918], [0.9857771154998263, 3.765795492787495e-05, 0.00046543098743351475, 0.013719795557812432], [0.007386841053427298, 0.0007799415937443677, 0.008425091210408577, 0.9834081261424198], [4.1319100691079766e-06, 0.0018201557394954529, 0.00012549000613591176, 0.9980502223442994], [0.00360446711061446, 0.00028574360694086414, 4.409664704044256e-05, 0.9960656926354043], [0.0012468000129363752, 0.00019142699356831892, 7.985025719985236e-05, 0.9984819227362955], [0.8782539550398791, 0.11985919796748654, 0.0005245326274622448, 0.00136231436517222], [2.5882206845454317e-06, 1.4175263593743967e-07, 0.08777750752531427, 0.9122197625013653], [0.008261188452897934, 0.8811352101309933, 0.002824300923071628, 0.10777930049303719], [0.7743894305161846, 0.22555098017509326, 2.9066373192099454e-06, 5.668267140282332e-05], [0.002007403553088592, 0.9891281159480206, 1.608295300690073e-07, 0.008864319669360628], [6.170579988527725e-07, 0.4082732978508535, 0.004134067639851243, 0.5875920174512964], [0.004627151889373241, 0.9952318532136127, 0.00013720187549786454, 3.7930215161605446e-06], [0.04349175807194131, 0.07514372282710878, 0.8811038615056641, 0.0002606575952859563], [0.18545883549876763, 0.0001604153802720112, 0.8136859660487565, 0.0006947830722038698], [0.948999353910714, 0.014727744946772118, 2.162129011221736e-06, 0.036270739013502806], [0.008360043943953068, 0.9473699490442112, 0.044269353938013095, 6.530738227496665e-07], [0.8421082241506158, 7.479744683102837e-09, 0.1578912872166107, 4.811530287213143e-07], [0.02940925602054344, 0.9493903868905184, 0.012415234670596225, 0.008785122418341987], [0.001096386860139333, 8.486253421864054e-08, 0.9988721451571908, 3.13831201356521e-05], [0.038913729950188304, 0.9610658980010106, 1.2496998726539417e-06, 1.9122348928349885e-05], [3.832331818214782e-06, 0.0011190336518252548, 0.9988680696347844, 9.064381572309314e-06], [8.797925510703185e-06, 0.1240290400641987, 0.8753288207424232, 0.0006333412678673762], [0.04187511865047099, 0.14988804251799304, 0.8000830621060153, 0.008153776725520666], [0.0031975442595526433, 0.04938557868181854, 6.206091391780547e-05, 0.947354816144711], [1.0024620587323937e-08, 0.004936229442368567, 0.9880222769878113, 0.007041483545199598], [1.2437491327858967e-05, 9.727122641837403e-07, 6.805704453492016e-05, 0.9999185327518731], [0.0001409213518796122, 0.9998169217091649, 1.1610719579535152e-06, 4.0995866997679016e-05], [0.18387268002740367, 0.023365506084723577, 0.6546288531108347, 0.13813296077703796], [0.9980554180030251, 0.0017320584099185458, 0.00021072005406321922, 1.8035329930334524e-06], [8.41547214815526e-06, 3.50305034194221e-08, 0.9986172913849581, 0.001374258112390365], [0.0984760725717009, 0.9011218827980959, 0.00010202873570254025, 0.0003000158945005986], [0.028281811174531532, 5.5198466679355915e-05, 0.9603244520653599, 0.01133853829342924], [0.04271089537656376, 0.8951557308852328, 8.104027278191618e-06, 0.06212526971092522], [0.2855142219523743, 0.00734980786863472, 0.7069961568831092, 0.00013981329588173502], [2.3844959998128576e-05, 0.8001871996674096, 9.093306136411096e-10, 0.19978895446326156], [0.9997760640674651, 1.9271127611060135e-05, 2.812844399825213e-05, 0.0001765363609257427], [1.2755212644762504e-06, 0.9999984560847879, 2.512932226247719e-09, 2.6588101548432235e-07], [0.8107385084200349, 0.0036400961121581207, 0.0007278181082934472, 0.18489357735951342], [0.18909370323482075, 6.328394646678218e-08, 0.018854826160713337, 0.7920514073205195], [3.7270530680323828e-06, 0.9999960694086627, 8.905524188891261e-08, 1.1448302742409259e-07], [0.9569016053803096, 0.008285748140335406, 4.4566726599121334e-06, 0.03480818980669518], [0.9911969004665875, 4.616013798268767e-05, 0.008756554339185305, 3.850562446411577e-07], [0.08413109735009584, 0.00020049905614450452, 0.00027140858445158256, 0.915396995009308], [0.00013353981969597577, 0.19212929217723027, 0.00031626620569511957, 0.8074209017973787], [5.392992564073177e-06, 0.9999934744901955, 8.083051013437813e-07, 3.242121390086595e-07], [0.9803533559571868, 7.18767897968154e-07, 5.645191356552413e-06, 0.01964028008355877], [9.172866159785242e-06, 0.9999888513274587, 2.970842946402174e-07, 1.678722086907095e-06], [3.5776727155002414e-06, 0.9999962525090319, 1.3741732356484556e-07, 3.240092910594885e-08], [7.124468626876517e-06, 0.9976529104961429, 0.0022736868401344065, 6.627819509577498e-05], [1.0912004794433423e-06, 0.006422400540652635, 0.9716578900272796, 0.021918618231588104], [5.607253255665359e-07, 0.037030775174806456, 3.682133529446684e-05, 0.9629318427645736], [0.9485968170469191, 0.007561402596763398, 0.03323524916474544, 0.01060653119157222], [5.3997268851265905e-09, 0.5834774184271644, 0.41138498855666766, 0.005137587616440995], [0.9997859024355181, 1.9918732462339443e-05, 0.000149744037060715, 4.443479495893063e-05], [0.6773112829469534, 0.32219197963434854, 0.0004950499308393488, 1.687487858551737e-06], [1.6193519539950284e-09, 0.9973754475716194, 0.002599705733574691, 2.4845075453910298e-05], [0.0002849971145039578, 1.2684457192429373e-05, 0.9884687367934867, 0.011233581634817047], [0.0005535514615269577, 0.0003465138193512061, 5.553515920276198e-07, 0.9990993793675297], [0.057856468527300864, 0.0005243552797876444, 0.9364387759512628, 0.0051804002416488215], [7.466881418444889e-05, 0.9999243686997668, 9.579849908032343e-07, 4.501057903501579e-09], [0.020357360680339838, 0.15923322910807228, 0.8200099072997721, 0.00039950291181578844], [3.1213536523167707e-06, 0.0008168648036307294, 3.2700498021321694e-05, 0.9991473133446958], [0.9960545287666387, 0.00034465000914319293, 0.0005828423903560177, 0.00301797883386205], [9.823594867970033e-07, 0.9998148073319515, 5.756600014499891e-06, 0.00017845370854726903], [0.36985276361238223, 0.03415485597296076, 0.5784105990899516, 0.017581781324705337], [9.215364531543788e-06, 0.6569601535687619, 0.0034466483611678184, 0.33958398270553863], [0.00022416834227551678, 0.0010275846578843403, 0.1921013652978745, 0.8066468817019657], [0.0008152401483991645, 0.9805707495192163, 2.0279330121500538e-10, 0.01861401012959122], [0.053188993838601976, 0.07434486864719199, 0.03233148027911075, 0.8401346572350953], [0.018409915295173832, 6.922340666541601e-07, 0.981566333665321, 2.3058805438603595e-05], [0.00017436700189168424, 0.6826158630230645, 0.031802358552192184, 0.2854074114228516], [0.11881208716137626, 0.8748065743555064, 1.8330942944193342e-07, 0.006381155173687864], [0.8556410625126282, 0.0035228990380160243, 2.03623146302393e-05, 0.14081567613472548], [0.0009874228398879415, 0.0003058807830480657, 0.004137870822379808, 0.9945688255546843], [0.47198112862604585, 0.489220826972613, 0.025742976764037334, 0.01305506763730385], [0.17577856017477075, 0.8239811081365558, 1.0815179252225795e-07, 0.0002402235368809711], [1.937826377257821e-05, 0.9999677523327476, 1.2844721484591418e-05, 2.4681995195168472e-08], [0.0018347077558317235, 0.02116811021553543, 0.9675132956189241, 0.009483886409708939], [0.0038660808953491395, 0.6113270799695929, 0.0004912390172560756, 0.3843156001178019], [0.00029915042514959254, 2.358873488592045e-05, 0.74706586819548, 0.2526113926444844], [3.1455439618181156e-06, 1.940239434646506e-05, 0.14353128026230794, 0.8564461717993838], [8.345590904354489e-06, 0.17074384079543448, 0.0007352754476897679, 0.8285125381659714], [0.3177509031201217, 0.17423733405351233, 0.31963691176452236, 0.18837485106184362], [0.005426306433075587, 0.7689655871646356, 6.9993061475575e-05, 0.22553811334081314], [0.9932363054940425, 1.5407550185551035e-06, 0.006613180212901734, 0.00014897353803733043], [0.34255456905048, 0.01215287054704729, 0.4640058721746451, 0.1812866882278276], [0.9981988094339079, 0.0014022951269577312, 1.701032092141123e-08, 0.0003988784288134803], [0.9972477962491193, 0.0004913163611592277, 0.0020799835180489467, 0.0001809038716723957], [0.33586984117801405, 1.1922595409545576e-05, 9.752158563070572e-06, 0.6641084840680133], [0.9981736037854498, 0.0007083367479593359, 0.000965849300754238, 0.00015221016583651968], [0.010513359355442134, 0.9894732051030721, 1.9922474260007996e-06, 1.144329405980042e-05], [1.644534980536601e-05, 0.0004685579560429898, 0.0006768699635308034, 0.9988381267306209], [0.9424878096441942, 0.05692997772313485, 2.6117887759781144e-06, 0.0005796008438950117], [0.00927195155348523, 0.08994445425205265, 1.0781879270537051e-10, 0.9007835940866433], [0.0186366491460981, 8.180667359121601e-07, 6.414899152462461e-06, 0.9813561178880136], [1.111076817632018e-08, 0.004330633431884121, 0.05760456849270365, 0.9380647869646441], [5.0996314898903044e-08, 0.008541537670217633, 0.9838599763759659, 0.007598434957501647], [0.999972616045069, 2.607281171453834e-07, 2.6737537442506624e-05, 3.856893710744489e-07], [8.388242450425185e-08, 0.00037921765787399264, 0.9996205839014601, 1.1455824117057649e-07], [0.8374793736534276, 0.04355966882564712, 0.004287434869873821, 0.11467352265105163], [0.00018594030255436679, 0.9998133611179485, 3.0424971256858924e-07, 3.943297844657898e-07], [0.03079005816033655, 0.00023192226016747686, 1.1001139093397187e-05, 0.9689670184404026], [0.9999092856568088, 9.776684007059398e-09, 2.418924152289499e-07, 9.046267409188733e-05], [0.0004913148900221792, 3.6430011482988837e-06, 1.8427459480798019e-07, 0.9995048578342347], [0.0007308581988681336, 0.9992558116739073, 1.2956268686047721e-11, 1.3330114268409111e-05], [1.997564498699286e-05, 0.8233754745191111, 1.2943947546983933e-05, 0.17659160588835496], [0.9974154236432119, 1.416212933735058e-05, 1.2712601532076567e-05, 0.002557701625918686], [0.9590908579416438, 0.03996791747759239, 5.259525990563303e-06, 0.0009359650547732288], [2.8194406350349936e-05, 0.0006014329684270314, 0.9992724792649867, 9.789336023594232e-05], [0.06594799769985477, 0.9337833253042296, 0.00026031054135489817, 8.366454560704572e-06], [0.7410498803358575, 7.025613651841319e-05, 0.25880744775663633, 7.241577098785225e-05], [0.9944544366189155, 0.0033548185305631727, 2.4279539898519436e-07, 0.002190502055122156], [1.1179789428167476e-08, 0.44973039956098404, 0.00998196767177243, 0.540287621587454], [3.715020786049688e-05, 0.023177623343637762, 0.9726112806488921, 0.004173945799609641], [0.004379707266352677, 0.06282512415965447, 0.7992666311887613, 0.13352853738523157], [0.005953674613823411, 0.0002765449303784772, 0.9928712929277825, 0.0008984875280156952], [2.363158664779378e-10, 0.9959649138618051, 0.0011371768421696478, 0.002897909059709262]]}}