{"test": {"ids": ["103120531", "103109641", "105112100", "106113170", "97107040", "107114321", "109115220", "113118111", "109119010", "97106591", "107114110", "97108520", "102109840", "111116090", "107121640", "108116120", "105121190", "105113210", "110117870", "99108580", "111119340", "99108520", "101108121", "112118550", "112116880", "113120751", "107118820", "105116090", "111116110", "101111310", "107121700", "101112160", "103111480", "108121351", "103111170", "97116401", "111119610", "98108520", "113118511", "100111080", "105115720", "111121220", "99111930", "108118520", "98111670", "108120280", "109120150", "112116401", "111116411", "109117150", "99112641", "100120010", "110118301", "104116980", "103120730", "103113270", "105113190", "102110500", "106116441", "110117110", "108117360", "104111620", "99111340", "111115770", "102112301", "109115380", "109116170", "98106560", "101108621", "102117351", "113118820", "112116900", "104111780", "101108580", "98112580", "111120260", "106116850", "108117451", "111114121", "103120290", "109117110", "109114720", "102121440", "111120280", "104111990", "110121500", "110118121", "98109090", "99113260", "112118530", "99105921", "98110230", "109114220", "107115250", "110121450", "107114490", "108118630", "110120540", "109117600", "106118820", "97118210", "99109910", "102109850", "104117200", "108120700", "112121410", "98108580", "113120070", "99119830", "101108290", "101117580", "105112260", "105113260", "109114030", "106117790", "100109330", "112120270", "109113881", "107118520", "100108990", "99109370", "110121720", "102110690", "111120591", "99109141", "97106000", "113120830", "106116370", "109118701", "99120010", "106120290", "112118930", "99112300", "112116290", "110114610", "111119930", "102110890", "101119030", "102112250", "112119950", "100112060", "102108621"], "labels": [3, 1, 1, 0, 2, 0, 3, 1, 3, 1, 1, 2, 2, 3, 1, 1, 2, 3, 3, 0, 3, 2, 0, 3, 0, 1, 3, 1, 3, 3, 3, 3, 0, 3, 2, 3, 2, 2, 1, 0, 1, 3, 1, 0, 1, 3, 2, 0, 0, 2, 1, 0, 1, 1, 1, 2, 3, 3, 0, 0, 1, 0, 1, 3, 1, 3, 0, 1, 0, 1, 0, 3, 3, 0, 2, 3, 3, 2, 0, 2, 1, 0, 2, 0, 2, 3, 3, 1, 0, 1, 1, 3, 3, 2, 3, 3, 1, 1, 1, 3, 2, 2, 1, 3, 2, 0, 0, 2, 1, 0, 3, 3, 3, 1, 1, 0, 0, 0, 2, 2, 1, 3, 0, 1, 3, 0, 3, 2, 3, 2, 2, 1, 0, 0, 1, 1, 0, 3, 0, 0, 2, 3], "predicted_labels": [3, 1, 1, 1, 1, 1, 1, 0, 1, 0, 3, 3, 3, 1, 3, 0, 1, 3, 3, 1, 1, 3, 0, 0, 1, 1, 3, 0, 1, 1, 3, 1, 0, 1, 1, 0, 1, 1, 1, 1, 0, 3, 1, 1, 3, 3, 1, 3, 3, 1, 1, 3, 3, 1, 1, 1, 3, 3, 3, 1, 1, 3, 1, 1, 1, 1, 3, 1, 0, 3, 1, 1, 1, 3, 1, 1, 1, 3, 1, 1, 1, 1, 3, 0, 1, 0, 1, 0, 1, 1, 3, 0, 1, 3, 3, 3, 1, 1, 3, 1, 1, 1, 0, 1, 0, 3, 3, 1, 0, 0, 3, 1, 1, 1, 3, 0, 1, 0, 3, 1, 1, 1, 1, 0, 0, 3, 3, 3, 1, 0, 1, 1, 3, 1, 1, 3, 0, 1, 3, 0, 3, 1], "confidence_scores": [[0.28720761672967554, 0.23962398712398703, 0.18526327838827827, 0.28790511775805894], [0.2776625180375182, 0.2815858863358864, 0.16295941558441554, 0.27779218004218004], [0.2417449494949494, 0.32041421568627465, 0.16556247918747913, 0.2722783556312969], [0.29069644938394945, 0.30211767399267403, 0.151135101010101, 0.25605077561327566], [0.2052727697139462, 0.3697046703296704, 0.1885829856418092, 0.23643957431457432], [0.25932323232323234, 0.2990887445887447, 0.16779383116883115, 0.2737941919191919], [0.18904238816738822, 0.29688095238095247, 0.23208062770562762, 0.2819960317460318], [0.2981806804306805, 0.27299374236874246, 0.1551888528138528, 0.2736367243867244], [0.22840164002664004, 0.29867406204906205, 0.20744588744588743, 0.2654784104784105], [0.4148606393606395, 0.2755803085803087, 0.08429581529581527, 0.2252632367632368], [0.24137065712065714, 0.2742569930069931, 0.16910359085359086, 0.31526875901875906], [0.25448151154401155, 0.2662516580641581, 0.1999336774336774, 0.27933315295815303], [0.19182815795315794, 0.2621055611055611, 0.2130786574536575, 0.3329876234876236], [0.27864506327006333, 0.28554126429126436, 0.1766093628593629, 0.2592043095793096], [0.23213841713841712, 0.28748693871488, 0.19015270840270837, 0.2902219357439946], [0.3424730130980131, 0.24023225385725386, 0.13121681096681098, 0.2860779220779222], [0.1984031385281385, 0.32853576978576976, 0.22593036457007046, 0.24713072711602116], [0.2718452380952381, 0.2583010461760463, 0.1813114524364524, 0.2885422632922634], [0.26153710178710177, 0.27577602952602953, 0.18337631812631816, 0.27931055056055054], [0.2586817488067489, 0.28876487401487394, 0.1925820707070707, 0.25997130647130656], [0.23776515151515157, 0.30369969328057567, 0.21832417174328939, 0.2402109834609836], [0.23598203185703184, 0.25799578199578205, 0.20634917859917862, 0.2996730075480078], [0.3060437409812411, 0.29188087321175565, 0.14289461314828958, 0.2591807726587139], [0.30991937229437233, 0.27258297258297265, 0.14060624098124097, 0.2768914141414141], [0.22570496170496163, 0.2747191835941836, 0.24904484039352467, 0.2505310143073302], [0.2776117216117216, 0.3158316058941059, 0.1334113455988456, 0.2731453268953269], [0.22106499056499054, 0.28451991064491067, 0.2059612887112887, 0.2884538100788102], [0.2855435022493845, 0.27767644936762587, 0.17091514939309055, 0.265864898989899], [0.21736650849150854, 0.28334280996781, 0.24973347485847486, 0.2495572066822068], [0.20380176767676772, 0.3246868686868687, 0.21794173881673878, 0.2535696248196248], [0.23481611444111444, 0.280714590964591, 0.1947560772560772, 0.2897132173382173], [0.23971013708513708, 0.31176652024446144, 0.21506096681096692, 0.23346237585943463], [0.30786150654900646, 0.24842659423909422, 0.17177225552225558, 0.2719396436896438], [0.26570915195915196, 0.3229094377844378, 0.11963437950937948, 0.2917470307470308], [0.26066630591630596, 0.3141538600288601, 0.16292965367965373, 0.2622501803751803], [0.28779166666666667, 0.2707216810966811, 0.15559415584415578, 0.2858924963924964], [0.2302992424242424, 0.29446699134199134, 0.1816098484848485, 0.29362391774891783], [0.3077215672399495, 0.31760442417060075, 0.1443682171586583, 0.23030579143079155], [0.25786697330447333, 0.350572261072261, 0.16470663364413363, 0.22685413197913204], [0.2408255772005772, 0.3102959956709957, 0.18960425685425686, 0.2592741702741704], [0.29089983627483623, 0.27680056055056074, 0.16013239538239535, 0.2721672077922079], [0.24689508122596363, 0.2853826181987947, 0.16910902496196617, 0.2986132756132757], [0.25932944914562567, 0.33579829688285573, 0.17689751221001226, 0.22797474176150645], [0.27173888611388614, 0.3126972055722057, 0.1568412698412698, 0.25872263847263843], [0.22397029359529358, 0.22977981740481743, 0.197323495948496, 0.34892639305139306], [0.23502507215007212, 0.28640927128427135, 0.1842254689754689, 0.2943401875901877], [0.2306526875901875, 0.30632407176157195, 0.19347136197136192, 0.26955187867687874], [0.2607687590187591, 0.24111002886002889, 0.1271125541125541, 0.37100865800865807], [0.2709643273393274, 0.26847444222444217, 0.18117821067821066, 0.2793830197580197], [0.19736843711843707, 0.31788425463425457, 0.2021170773670774, 0.28263023088023104], [0.2980154914529915, 0.3081259088134088, 0.14758247308247305, 0.24627612665112672], [0.2150940864690865, 0.2730381285381286, 0.22630028305028307, 0.28556750194250197], [0.2657680513930513, 0.2842929292929293, 0.16418813131313126, 0.285750888000888], [0.23177265871383526, 0.3373927461427461, 0.18876911895294246, 0.24206547619047616], [0.2367947052947053, 0.27106037018537016, 0.27084373959373975, 0.221301184926185], [0.21708398545898547, 0.3067836954711956, 0.20077064602064607, 0.27536167304917303], [0.26432421051171057, 0.23653445859695854, 0.16759655622155623, 0.33154477466977467], [0.2582307692307692, 0.24961877705627708, 0.1975020049395049, 0.29464844877344887], [0.25062692862692865, 0.2988983655233655, 0.1441158702408702, 0.30635883560883564], [0.2398359695859696, 0.33643982896188773, 0.165913761891703, 0.2578104395604396], [0.20722859085359094, 0.31980919080919085, 0.2387186563436564, 0.2342435619935621], [0.25735656010656005, 0.25681064768564776, 0.16582359307359304, 0.32000919913419923], [0.2435226023976024, 0.314051961926962, 0.17024171661671667, 0.27218371905871913], [0.27191346153846163, 0.3097413003663004, 0.12016185203685201, 0.29818338605838607], [0.23883189033189026, 0.29600659960954073, 0.17601271440977326, 0.2891487956487956], [0.23199356199356194, 0.3360307539682539, 0.16662698412698407, 0.2653486999111999], [0.25365580253080267, 0.26255665168165176, 0.1541289682539682, 0.3296585775335777], [0.21541833166833166, 0.30154664779664775, 0.1904337329337329, 0.29260128760128756], [0.3320171078921079, 0.2835422494172495, 0.16387588800088795, 0.22056475468975467], [0.28521445221445224, 0.2883240925740926, 0.13244449994449994, 0.29401695526695537], [0.29761525974025976, 0.31222673160173153, 0.14644462481962475, 0.2437133838383838], [0.2746413725163726, 0.2755701520701521, 0.1871692612942613, 0.2626192141192142], [0.2702491536241537, 0.3103175158175158, 0.1389676712176712, 0.2804656593406593], [0.2735719974469975, 0.2493578851703852, 0.14204376179376177, 0.33502635558885563], [0.23170975318111536, 0.35461297036297024, 0.15654605117105114, 0.2571312252848631], [0.2527830086580086, 0.2935627705627707, 0.20044985569985574, 0.2532043650793651], [0.23043241480741486, 0.2879920634920634, 0.2588552836052836, 0.22272023809523808], [0.2574479270729272, 0.24940624653124663, 0.20002287989787992, 0.2931229464979465], [0.3007261904761905, 0.31189051226551245, 0.12053156565656563, 0.2668517316017316], [0.2713082611832612, 0.31001473526473533, 0.16611309523809528, 0.2525639083139084], [0.2630121267621268, 0.3366559184279774, 0.17425709911004023, 0.22607485569985578], [0.20288052225552217, 0.31949945887445896, 0.21799886224886222, 0.2596211566211567], [0.22934168609168612, 0.19843492618492614, 0.19558035020535025, 0.37664303751803757], [0.29046404983904994, 0.2624455960705962, 0.19210520035520037, 0.25498515373515374], [0.18686446886446886, 0.36316630591630605, 0.1703685203685204, 0.2796007048507048], [0.27059107559107565, 0.25724324286824296, 0.23349270174270173, 0.23867297979797983], [0.23322816072816072, 0.31976504745254763, 0.15276273726273726, 0.29424405455655467], [0.2914527417027417, 0.2678997113997114, 0.1815532106782106, 0.25909433621933625], [0.23008946608946612, 0.3294632034632036, 0.18973659673659682, 0.25071073371073377], [0.21810804473304468, 0.3002993534243536, 0.21006286768786764, 0.27152973415473414], [0.24349053030303022, 0.27869619269619283, 0.16807314213564215, 0.309740134865135], [0.2995613226642638, 0.2804306110556111, 0.14350126262626262, 0.27650680365386243], [0.23354202741702754, 0.29198143084985195, 0.18281221994379884, 0.2916643217893218], [0.25664091464091465, 0.2532184204684204, 0.19718993506493504, 0.29295072982572984], [0.25202890165390157, 0.26648223304473306, 0.15063140331890335, 0.33085746198246196], [0.23880818895157127, 0.276329629520806, 0.18578754782798895, 0.2990746336996338], [0.2843751118162883, 0.29519031662781664, 0.19722383784516148, 0.22321073371073372], [0.25159709734709734, 0.34375837153043043, 0.15157876355670474, 0.25306576756576754], [0.246157551598728, 0.2664835164835165, 0.20658627402009763, 0.28077265789765793], [0.25318463480963493, 0.28326008223802357, 0.21432094294594298, 0.24923434000639888], [0.26348989898989905, 0.2750376984126985, 0.2240937950937952, 0.23737860750360767], [0.2555188789968202, 0.27759478919773045, 0.2187138188608778, 0.2481725129445717], [0.28038410894660915, 0.26039128926628924, 0.21776689976689986, 0.24145770202020206], [0.27439593127460776, 0.30434465534465543, 0.1542722893936129, 0.26698712398712404], [0.34017485292485294, 0.29434808941058943, 0.10555555555555556, 0.2599215021090021], [0.2539325396825397, 0.24385624098124112, 0.21178643578643574, 0.29042478354978357], [0.26309650072150076, 0.2660699855699855, 0.17359433621933615, 0.29723917748917755], [0.22900351731601737, 0.37586289894745784, 0.16315640119684233, 0.23197718253968255], [0.30855715118215127, 0.28803286990786997, 0.17410396547896545, 0.22930601343101345], [0.31305284992785, 0.24431367243867252, 0.16378055278055276, 0.27885292485292495], [0.24652362914862916, 0.2645580114330115, 0.1793511904761905, 0.3095671689421689], [0.2704519508269509, 0.3336353368853369, 0.1686630175380175, 0.22724969474969478], [0.26469996669996665, 0.2762841464091464, 0.2024411560661561, 0.2565747308247309], [0.22469767038517033, 0.3480953282828284, 0.17728228715728725, 0.24992471417471424], [0.22416533466533475, 0.2657425560550561, 0.1921546786546787, 0.31793743062493063], [0.3339595543345543, 0.28540110583860584, 0.15550784632034637, 0.22513149350649347], [0.24644569319569318, 0.28965974303474307, 0.18444194694194696, 0.27945261682761685], [0.3119205239205239, 0.2806763861138862, 0.1719564047064047, 0.23544668525918527], [0.2746202963702964, 0.2856454517704519, 0.15150541125541123, 0.2882288406038406], [0.23515546953046954, 0.32537688700188705, 0.15525546675546673, 0.2842121767121767], [0.26335635198135204, 0.29051839826839826, 0.1937943722943723, 0.2523308774558774], [0.2627616203241203, 0.3032289516039517, 0.1747945804195804, 0.2592148476523477], [0.2680376559714796, 0.2928825014854428, 0.1550944529326882, 0.28398538961038955], [0.3281947496947498, 0.2573142690642692, 0.15185606060606058, 0.2626349206349207], [0.31220555833055835, 0.2690391414141414, 0.11214953102453101, 0.3066057692307693], [0.2047623348873349, 0.2505939615939615, 0.22144072594072597, 0.3232029775779776], [0.23457887945387945, 0.2746415875790875, 0.19165088383838383, 0.29912864912864917], [0.21960898823398822, 0.22084672272172273, 0.1983641913641913, 0.3611800976800977], [0.25549693362193354, 0.31733436008436017, 0.17860954323454328, 0.2485591630591631], [0.29804569042069046, 0.2672288961038962, 0.1977012987012987, 0.2370241147741148], [0.24874769674769684, 0.25852830502830493, 0.25398502886002905, 0.23873896936396946], [0.28504088966588964, 0.2992783882783883, 0.1559557942057942, 0.2597249278499278], [0.2365882034632035, 0.2298715728715729, 0.1655389055389055, 0.36800131812631826], [0.31928138528138517, 0.32677750721500737, 0.09311859668109665, 0.2608225108225108], [0.2393128815628816, 0.31921009056303185, 0.22028064990564997, 0.22119637796843677], [0.2922610583860584, 0.252138770951271, 0.15501825258075252, 0.3005819180819182], [0.2928631507381508, 0.27495236707736714, 0.1776759768009768, 0.25450850538350545], [0.2229963369963369, 0.290896880896881, 0.21349965312465316, 0.272607128982129], [0.27961567599067605, 0.21071065046065038, 0.19390213952713953, 0.31577153402153413], [0.28993290043290054, 0.2244031385281386, 0.20884433621933624, 0.2768196248196248], [0.20559398240648238, 0.29441258047508057, 0.20034830447330448, 0.2996451326451326], [0.269, 0.3119524711399712, 0.16116783910533905, 0.25787968975468983]]}, "rewritten": {"ids": ["97106000", "97106591", "97107040", "97108520", "97116401", "97118210", "98106560", "98108520", "98108580", "98109090", "98110230", "98111670", "98112580", "99105921", "99108520", "99108580", "99109141", "99109370", "99109910", "99111340", "99111930", "99112300", "99112641", "99113260", "99119830", "99120010", "100108990", "100109330", "100111080", "100112060", "100120010", "101108121", "101108290", "101108580", "101108621", "101111310", "101112160", "101117580", "101119030", "102108621", "102109840", "102109850", "102110500", "102110690", "102110890", "102112250", "102112301", "102117351", "102121440", "103109641", "103111170", "103111480", "103113270", "103120290", "103120531", "103120730", "104111620", "104111780", "104111990", "104116980", "104117200", "105112100", "105112260", "105113190", "105113210", "105113260", "105115720", "105116090", "105121190", "106113170", "106116370", "106116441", "106116850", "106117790", "106118820", "106120290", "107114110", "107114321", "107114490", "107115250", "107118520", "107118820", "107121640", "107121700", "108116120", "108117360", "108117451", "108118520", "108118630", "108120280", "108120700", "108121351", "109113881", "109114030", "109114220", "109114720", "109115220", "109115380", "109116170", "109117110", "109117150", "109117600", "109118701", "109119010", "109120150", "110114610", "110117110", "110117870", "110118121", "110118301", "110120540", "110121450", "110121500", "110121720", "111114121", "111115770", "111116090", "111116110", "111116411", "111119340", "111119610", "111119930", "111120260", "111120280", "111120591", "111121220", "112116290", "112116401", "112116880", "112116900", "112118530", "112118550", "112118930", "112119950", "112120270", "112121410", "113118111", "113118511", "113118820", "113120070", "113120751", "113120830"], "labels": [0, 1, 2, 2, 3, 2, 1, 2, 0, 1, 3, 1, 2, 1, 2, 0, 3, 1, 2, 1, 1, 0, 1, 0, 1, 2, 2, 0, 0, 2, 0, 0, 0, 0, 0, 3, 3, 3, 3, 3, 2, 1, 3, 0, 0, 0, 1, 1, 2, 1, 2, 0, 2, 2, 3, 1, 0, 3, 2, 1, 3, 1, 3, 3, 3, 3, 1, 1, 2, 0, 2, 0, 3, 1, 3, 2, 1, 0, 3, 2, 2, 3, 1, 3, 1, 1, 2, 0, 1, 3, 2, 3, 0, 1, 3, 0, 3, 3, 0, 1, 2, 1, 3, 3, 2, 1, 0, 3, 3, 1, 1, 3, 3, 3, 0, 3, 3, 3, 0, 3, 2, 1, 3, 0, 1, 3, 0, 0, 0, 3, 1, 3, 1, 0, 0, 0, 1, 1, 0, 2, 1, 3], "predicted_labels": [3, 1, 1, 1, 1, 1, 3, 0, 3, 1, 0, 3, 3, 1, 1, 1, 3, 0, 3, 3, 1, 3, 1, 1, 1, 0, 1, 0, 1, 1, 3, 0, 0, 3, 0, 1, 1, 3, 1, 1, 3, 3, 0, 1, 3, 3, 1, 3, 0, 1, 3, 0, 1, 1, 0, 3, 0, 3, 1, 3, 1, 1, 1, 3, 3, 1, 0, 0, 1, 0, 3, 3, 1, 1, 1, 1, 1, 1, 0, 3, 1, 3, 3, 1, 0, 1, 3, 1, 1, 3, 0, 3, 3, 3, 1, 1, 3, 1, 3, 1, 1, 1, 3, 1, 1, 1, 1, 3, 1, 0, 1, 3, 1, 1, 1, 1, 3, 3, 3, 1, 3, 1, 0, 3, 0, 1, 0, 3, 3, 1, 1, 1, 3, 3, 1, 3, 1, 3, 1, 1, 1, 3], "confidence_scores": [[0.20104478854478852, 0.2634102286602287, 0.219129107004107, 0.3164158757908759], [0.2397024364524364, 0.2850768398268398, 0.21389287101787108, 0.26132785270285264], [0.2168741960653725, 0.3787805944055945, 0.18485764154146508, 0.21948756798756797], [0.2548405483405485, 0.27645328282828285, 0.20534229659229664, 0.26336387223887225], [0.25019536101153755, 0.3186892135642136, 0.17672752247752246, 0.2543879029467266], [0.2711041736041737, 0.2741040348540349, 0.20343320568320575, 0.2513585858585859], [0.19968330280830282, 0.2906678599178598, 0.2029153346653346, 0.3067335026085027], [0.30708177647515883, 0.2650739130150896, 0.16910117864161983, 0.2587431318681319], [0.23461192973692982, 0.23106822344322328, 0.22237899600399602, 0.3119408508158508], [0.24376082251082248, 0.3123147546897548, 0.18372095959595958, 0.26020346320346327], [0.2925619192898605, 0.26761927421563647, 0.16180182755840655, 0.27801697893609656], [0.24181372793872793, 0.2608460844710844, 0.19549182761682765, 0.30184835997336007], [0.19737407935202048, 0.23620378640966877, 0.24904145446057227, 0.31738067977773876], [0.27594597763347756, 0.29604035343741236, 0.1482672258297258, 0.27974644309938435], [0.20466541097791094, 0.3377642357642357, 0.1710156579531579, 0.2865546953046954], [0.234967587967588, 0.3143193889443889, 0.18392844655344662, 0.26678457653457655], [0.24767307692307688, 0.3112913059163061, 0.12894660894660892, 0.31208900821400826], [0.3027567293817295, 0.2718796689421691, 0.1889728535353536, 0.23639074814074817], [0.23294676075558432, 0.2727946734637911, 0.20062763625263633, 0.29363092952798847], [0.19923525086025087, 0.25518286778580906, 0.23218068532774425, 0.3134011960261959], [0.2350144161394161, 0.3364260996356585, 0.2064559121434122, 0.22210357208151327], [0.24912640831390828, 0.28096454240204244, 0.17653264790764792, 0.2933764013764014], [0.2598954933954934, 0.3345155677655678, 0.1290103368853369, 0.27657860195360195], [0.2152415223665224, 0.323182178932179, 0.21600733988233986, 0.2455689588189589], [0.2745176073926074, 0.304504231879232, 0.16073708236208234, 0.26024107836607835], [0.2880671550671552, 0.26880212842712853, 0.20120412920412925, 0.2419265873015873], [0.28753302171684525, 0.30658743544037664, 0.1661711540093893, 0.23970838883338888], [0.3045533216783218, 0.2814298340548342, 0.1611042568542569, 0.2529125874125874], [0.2259717790379555, 0.3143007172565997, 0.18298219917337571, 0.2767453045320693], [0.2309030344655344, 0.3163294691419693, 0.16675865800865805, 0.2860088383838384], [0.21844322344322342, 0.25089658952158955, 0.22954104229104236, 0.30111914474414475], [0.287213258963259, 0.2468083305583305, 0.22181085581085583, 0.24416755466755474], [0.3086506132756133, 0.276666847041847, 0.1476914474414474, 0.2669910922410924], [0.2621672077922078, 0.20994760101010101, 0.14390349927849927, 0.38398169191919196], [0.30456691919191925, 0.26641708291708294, 0.16920250582750584, 0.25981349206349214], [0.223880772005772, 0.29807263569763565, 0.2087965506715507, 0.2692500416250417], [0.22149567099567108, 0.29565025252525245, 0.19780248917748916, 0.28505158730158725], [0.19791183122433118, 0.269068507881008, 0.20884487734487733, 0.3241747835497834], [0.24075169275169267, 0.28816563991564004, 0.20699988899988903, 0.2640827783327784], [0.29303149628149633, 0.29400903263403266, 0.14392844655344653, 0.2690310245310245], [0.1866766150516151, 0.26337100399600394, 0.26995761183261185, 0.2799947691197691], [0.24806709956709955, 0.2475983946608946, 0.2504788406038406, 0.25385566516816516], [0.2871536796536798, 0.2601948606948607, 0.18123540348540343, 0.27141605616605613], [0.2787837619896444, 0.32353589466089483, 0.11949062049062047, 0.2781897228588406], [0.27256625319125316, 0.24077185314685323, 0.19152275502275504, 0.29513913863913865], [0.2991218781218781, 0.17311757686757684, 0.18708164058164062, 0.34067890442890447], [0.2007989926739926, 0.34727423964923965, 0.17928463203463202, 0.2726421356421357], [0.27693901931401943, 0.2906081834831834, 0.12020802808302804, 0.3122447691197692], [0.2858398823398824, 0.2709513403263404, 0.2256126373626374, 0.21759613997114], [0.2874949494949497, 0.3200856782106784, 0.16715115440115436, 0.22526821789321796], [0.26088239538239544, 0.2844683094683095, 0.16326599789099785, 0.29138329725829726], [0.290297841047841, 0.2894615384615385, 0.16234554334554335, 0.2578950771450772], [0.22040904928404928, 0.30664949633699645, 0.21819425019425023, 0.2547472041847042], [0.22038419913419913, 0.34228836441336447, 0.19488059163059165, 0.24244684482184486], [0.2938842040312628, 0.24360631035631028, 0.19736988011988005, 0.26513960549254667], [0.2455643384393384, 0.24662722000222004, 0.24639184426684443, 0.2614165972915974], [0.39109758297258296, 0.26380916305916313, 0.10120689033189033, 0.24388636363636373], [0.2430745504495505, 0.3017239565989567, 0.13149544899544896, 0.32370604395604397], [0.2084338924963925, 0.34410479797979804, 0.2044350996225997, 0.24302620990120993], [0.19527049339549343, 0.27764876789876786, 0.22713209013209013, 0.29994864857364845], [0.22874641330891327, 0.30981342962592967, 0.19234613997114, 0.2690940170940172], [0.20062053224553217, 0.35828578855784743, 0.17883170995670997, 0.2622619692399104], [0.22747872960372967, 0.3241289638723849, 0.18356847757505648, 0.264823828948829], [0.25585352147852153, 0.2660530025530025, 0.20821976634476638, 0.26987370962370966], [0.27078896103896105, 0.25035696248196254, 0.15305838605838604, 0.3257956904206906], [0.2603791486291487, 0.31581168831168827, 0.17422204184704188, 0.24958712121212126], [0.2729023476523478, 0.266786976911977, 0.19562139249639243, 0.26468928293928295], [0.2800990578049401, 0.27612089381207033, 0.167359593837535, 0.27642045454545455], [0.20897011322011325, 0.3138722804972805, 0.19806549333019927, 0.27909211295240693], [0.313710157897658, 0.28291539016539036, 0.14228597791097788, 0.26108847402597407], [0.2617882811632812, 0.23424850149850154, 0.19017778055278056, 0.31378543678543663], [0.22083909146409147, 0.28594905094905093, 0.16189163614163612, 0.3313202214452214], [0.17442335442335438, 0.331341301672184, 0.24689425443837212, 0.2473410894660896], [0.20281727994228002, 0.3012189754689756, 0.24499134199134204, 0.2509724025974026], [0.24508992396492402, 0.2722759601509602, 0.2231555111555112, 0.2594786047286048], [0.2518969502719503, 0.2675028860028859, 0.22619258519258534, 0.25440757853257856], [0.26156780719280726, 0.274957930957931, 0.19190788378288381, 0.27156637806637807], [0.28352741702741696, 0.3138808275058276, 0.15946477133977133, 0.24312698412698416], [0.2826038585597409, 0.26873878980496635, 0.1804433295462707, 0.2682140220890221], [0.26745243645243655, 0.2770830697080696, 0.1686027583527583, 0.2868617354867354], [0.22550204656454664, 0.3692250221184045, 0.171314445358563, 0.23395848595848595], [0.2388078726828727, 0.2958317377067377, 0.15608800921300914, 0.3092723803973804], [0.21393951881451875, 0.28304687877482004, 0.21313600288600298, 0.28987759952465836], [0.17935989010989015, 0.34648244810744816, 0.2027670107670108, 0.27139065101565113], [0.34527496114996126, 0.23949950049950047, 0.15440374902874904, 0.26082178932178934], [0.20973057498057504, 0.33428928016428017, 0.19233824508824504, 0.26364189976689983], [0.26223290598290605, 0.2561295024420025, 0.14678378565878566, 0.3348538059163059], [0.25708556721056725, 0.34684125596625603, 0.17488625263625263, 0.22118692418692423], [0.21103294009911663, 0.30841661810411813, 0.2032847491560727, 0.2772656926406927], [0.24631457431457432, 0.2590537518037518, 0.20966540404040393, 0.28496626984127], [0.3062879481629482, 0.27255939893439896, 0.1439526862026862, 0.27719996669996666], [0.2905977494727495, 0.26007280219780227, 0.15653286990786988, 0.2927965784215784], [0.29466792929292934, 0.2323509407259407, 0.16984812409812414, 0.3031330058830059], [0.24764375901875912, 0.2676778499278499, 0.20432869907869908, 0.2803496919746919], [0.24849873737373737, 0.28774941286783395, 0.19169683532841422, 0.27205501443001445], [0.22376480463980467, 0.3087893356643357, 0.21640426240426242, 0.2510415972915974], [0.21167525530025524, 0.25244101731601726, 0.19879779942279946, 0.33708592796092807], [0.20001816239316234, 0.2941477244161068, 0.23432560086971851, 0.2715085123210125], [0.22413733488733498, 0.2710437617937619, 0.18468452380952383, 0.3201343795093795], [0.23171446608946616, 0.3428703845174433, 0.15313881461675571, 0.2722763347763349], [0.2276632395382396, 0.31800324675324665, 0.21767207792207788, 0.2366614357864358], [0.2604659376571141, 0.2853687423687423, 0.18391802560184914, 0.27024729437229444], [0.24369653957153944, 0.2844727078477079, 0.1838427267177267, 0.2879880258630258], [0.1771984126984127, 0.30931390831390837, 0.2136169247419247, 0.2998707542457543], [0.213664738039738, 0.32302888777888766, 0.20668835331335328, 0.2566180208680209], [0.22287141330891333, 0.29458187849731965, 0.23402998390498397, 0.24851672428878316], [0.2865491306079542, 0.2956466262495674, 0.16982340453663983, 0.2479808386058387], [0.24696740759240765, 0.24552011877011876, 0.1888817155067155, 0.3186307581307581], [0.20008614996114996, 0.31694529541665767, 0.17043193356351252, 0.31253662105867996], [0.3255167748917749, 0.27284433621933624, 0.1201115967365967, 0.28152729215229205], [0.18850083250083252, 0.30357480509686396, 0.20659310338354447, 0.301331259018759], [0.2564455683205683, 0.2637163600288601, 0.15701253607503607, 0.32282553557553556], [0.2599047827172827, 0.2602617798867798, 0.23063159756909762, 0.24920183982683983], [0.2240638189424955, 0.34265475752317864, 0.1833350443416233, 0.24994637919270268], [0.2742097763347763, 0.3065351731601733, 0.15200023587523584, 0.26725481462981454], [0.2931298007548007, 0.31202645965145964, 0.10529262404262404, 0.28955111555111573], [0.26593025030525036, 0.2644700577200577, 0.12951443001442997, 0.34008526196026195], [0.21850106837606836, 0.28691622266622274, 0.197748445998446, 0.296834262959263], [0.2734168886668887, 0.2639785908535907, 0.16928391053391054, 0.29332060994561], [0.20144287656787654, 0.334303783634666, 0.2052074690015866, 0.2590458707958708], [0.23167760017760008, 0.2714370490620491, 0.19281060606060607, 0.3040747446997448], [0.22108748196248196, 0.31217779442779453, 0.18670995670995666, 0.2800247668997669], [0.28871224608724605, 0.22907004107004122, 0.20458225108225112, 0.2776354617604618], [0.2673910533910535, 0.26745777833277834, 0.19411172161172163, 0.2710394466644466], [0.3274924242424243, 0.18875108225108228, 0.16185425685425678, 0.32190223665223655], [0.2710252011060835, 0.29586158367776016, 0.17403611176405295, 0.2590771034521035], [0.3156383477633477, 0.28992119685869683, 0.1253884379509379, 0.2690520174270175], [0.24770580808080817, 0.2761284366218576, 0.1163656109971899, 0.35980014430014423], [0.21910554723054715, 0.26881610056610056, 0.23934750994619416, 0.27273084225715816], [0.25906207681207694, 0.28704663392163404, 0.19791615329115328, 0.255975135975136], [0.22209931734931737, 0.28649622599622604, 0.22327643190143187, 0.2681280247530247], [0.2748310439560441, 0.3032622655122656, 0.14241047841047833, 0.2794962121212122], [0.2367903485403485, 0.28065009990009987, 0.19508762071262073, 0.2874719308469309], [0.27941071428571423, 0.2600156926406926, 0.14453228715728716, 0.3160413059163059], [0.24392617105117104, 0.29518933843933853, 0.1844031385281385, 0.276481351981352], [0.24143686868686876, 0.2711354617604619, 0.19972961760461758, 0.287698051948052], [0.2439992784992785, 0.31105140692640704, 0.17523214285714286, 0.26971717171717174], [0.27202647352647363, 0.24868638306138316, 0.2002353757353758, 0.27905176767676765], [0.2619335664335665, 0.300855352980353, 0.18964857364857374, 0.2475625069375069], [0.25856324231324235, 0.2995780330780331, 0.2378514818514819, 0.20400724275724272], [0.20627096514596524, 0.33955712343212346, 0.13400317737817735, 0.32016873404373414], [0.2149085497835498, 0.2629386308136307, 0.23566423853923854, 0.28648858086358103]]}}