{"test": {"ids": ["109113931", "105110091", "102109010", "97112170", "104111620", "112116990", "104114230", "110120190", "106115240", "98109311", "111121351", "106114880", "100109000", "108115880", "113117340", "98113881", "111118820", "112117030", "104113550", "100108990", "102121700", "111116100", "112117571", "108120060", "113119950", "112121360", "97105451", "100116790", "104111711", "111121220", "112117210", "101109370", "104113240", "108120280", "111119300", "113122160", "102116340", "106120290", "99107300", "108120700", "100108260", "103113260", "109116930", "105116650", "103109021", "105111990", "101110150", "98111860", "105120621", "112116640", "99109860", "105113330", "106118820", "100109910", "100110260", "105121190", "113119700", "100108490", "113122170", "98116090", "113120540", "102110690", "108119550", "109120560", "111120260", "108115500", "100109330", "99112300", "111116170", "112120290", "97105580", "110117500", "107121700", "111120540", "99108520", "111117571", "112118620", "106119260", "99114890", "111116411", "102110500", "107119950", "103111170", "101111990", "102113350", "101111140", "111121410", "111116110", "110120640", "109114270", "99111340", "99109141", "106114321", "107119390", "100111620", "105116860", "110115120", "112117790", "106114280", "99108310", "109119460", "109113881", "109119010", "104111830", "100111270", "107113360", "108118301", "104114410", "109117630", "108113760", "106115250", "112120700", "97108520", "113122150", "111116640", "100108520", "99111440", "98107010", "103111480", "106113170", "108117451", "105115680", "110121140", "103120531", "112118820", "99113260", "106115120", "99112531", "111119290", "110115710", "103111830", "99109780", "101115190", "111117480", "110115890", "113122230", "97106770", "99109311", "110119891", "112118421", "109117150", "101108290"], "labels": [1, 0, 1, 0, 0, 0, 2, 3, 1, 1, 0, 0, 1, 3, 2, 3, 0, 2, 1, 2, 1, 3, 3, 1, 0, 3, 0, 2, 1, 3, 1, 1, 2, 3, 1, 3, 3, 2, 3, 2, 3, 3, 0, 1, 0, 2, 1, 0, 1, 0, 2, 3, 3, 2, 3, 2, 0, 2, 1, 0, 3, 0, 1, 1, 3, 3, 0, 0, 0, 1, 1, 1, 3, 1, 2, 3, 3, 1, 2, 0, 3, 3, 2, 2, 3, 2, 0, 3, 0, 3, 1, 3, 2, 2, 3, 2, 0, 3, 3, 2, 1, 0, 3, 3, 2, 0, 1, 1, 0, 1, 2, 2, 2, 2, 0, 2, 3, 3, 0, 0, 2, 2, 3, 3, 0, 0, 1, 3, 3, 2, 3, 2, 1, 1, 2, 1, 3, 1, 3, 3, 2, 0], "predicted_labels": [3, 1, 1, 3, 0, 0, 1, 1, 0, 2, 1, 1, 3, 1, 3, 1, 0, 0, 0, 1, 1, 0, 1, 1, 0, 0, 0, 1, 2, 3, 1, 1, 1, 3, 3, 1, 3, 1, 1, 3, 3, 1, 2, 0, 0, 3, 1, 2, 3, 0, 2, 0, 3, 2, 0, 1, 1, 0, 3, 1, 0, 1, 3, 2, 0, 1, 1, 3, 3, 0, 0, 1, 1, 1, 2, 0, 3, 0, 2, 0, 3, 3, 1, 1, 1, 0, 0, 3, 1, 3, 1, 0, 1, 2, 1, 1, 3, 0, 3, 3, 3, 1, 3, 3, 2, 0, 1, 3, 0, 0, 1, 3, 1, 3, 0, 3, 3, 1, 0, 1, 0, 1, 0, 3, 3, 2, 0, 3, 3, 1, 0, 1, 1, 1, 1, 1, 0, 1, 3, 0, 3, 3], "confidence_scores": [[0.30554626516051464, 0.1293429193778484, 0.022239679050924846, 0.5428711364107124], [0.24076030452985916, 0.6611877253203903, 0.01704807335354981, 0.08100389679620097], [0.10088798145996163, 0.6228915963251179, 0.13617497899323466, 0.14004544322168552], [0.12865913412825303, 0.23474600778929028, 0.2386946922467214, 0.3979001658357355], [0.5076107858042681, 0.08928541651641005, 0.03770338742507191, 0.3654004102542499], [0.8437998585628718, 0.009928318511499539, 0.06449379935539627, 0.08177802357023252], [0.041415091988090055, 0.4793589614479638, 0.3547927641005711, 0.12443318246337502], [0.4475126421627186, 0.4234832731683486, 0.0026947636967944184, 0.12630932097213832], [0.745631717056145, 0.09985403708319529, 0.04101325510005925, 0.1135009907606001], [0.206848086303308, 0.06834655883786912, 0.6730711970392763, 0.05173415781954651], [0.31784019716008727, 0.45880956759889063, 0.03897144331972039, 0.18437879192130163], [0.3364180480160938, 0.5022927079648217, 0.11254712050250895, 0.04874212351657562], [0.14657358283328392, 0.1670393785448564, 0.3656499397887966, 0.3207370988330634], [0.15492540382169873, 0.6198024296518897, 0.04277074378843807, 0.1825014227379735], [0.14467146224730762, 0.32459809753115415, 0.16938224700377336, 0.3613481932177648], [0.11232886253454374, 0.45814566616880453, 0.2914670300095245, 0.13805844128712697], [0.6451578884947616, 0.01516526295560645, 0.002746411479970613, 0.3369304370696614], [0.3271689246126367, 0.3135852183192545, 0.10856665834279383, 0.2506791987253149], [0.7470722703551747, 0.02967546153662175, 0.020213524974213155, 0.20303874313399026], [0.01766900571719411, 0.6542208833849301, 0.019617918462669873, 0.30849219243520604], [0.16350098033410546, 0.6095602926946498, 0.17397511670830743, 0.05296361026293765], [0.37836586907275427, 0.2836407767343446, 0.018474042216653143, 0.3195193119762477], [0.30578617916268885, 0.3639863490232478, 0.01079819512430328, 0.31942927668976007], [0.0811753052560153, 0.36536539766252873, 0.5335122855397959, 0.019947011541660016], [0.730014560176997, 0.10042929061811931, 0.009444887526862733, 0.16011126167802092], [0.7952706859547907, 0.15542354305229134, 0.008692267408783413, 0.04061350358413454], [0.7769653537601516, 0.09345691274268873, 0.0013675176437214554, 0.12821021585343814], [0.35880771708950443, 0.4423432042573038, 0.10052844952214939, 0.09832062913104225], [0.016226042624859553, 0.03040442233939757, 0.9192025164123848, 0.03416701862335801], [0.202889418168525, 0.08336887199931682, 0.005871243026685735, 0.7078704668054728], [0.19026426853330605, 0.46189272430312955, 0.2714751541289219, 0.07636785303464269], [0.031647563270010795, 0.44767117706412396, 0.2543928717122657, 0.2662883879535992], [0.009571239674382243, 0.6441633232049055, 0.31893897281732425, 0.02732646430338785], [0.27747601709255854, 0.03629284232341443, 0.1105905138602784, 0.5756406267237488], [0.026593084884767398, 0.14904496803118883, 0.016771260546563378, 0.8075906865374806], [0.013469589524150657, 0.5476094647222849, 0.34491097712334945, 0.09400996863021491], [0.013361887997851601, 0.3846454446590153, 0.2035020494421178, 0.3984906179010153], [0.0894256585094277, 0.4789545423970686, 0.3428779741870149, 0.08874182490648883], [0.39021448373390344, 0.5435631607591928, 0.01027268770508573, 0.05594966780181829], [0.28971973580031296, 0.3449303000762398, 0.022163117903899743, 0.3431868462195474], [0.26430851304441805, 0.19883104470897436, 0.1212512660189474, 0.4156091762276603], [0.05480219967994121, 0.8528726883846794, 0.02786270715777699, 0.06446240477760232], [0.1221144719224498, 0.038533114091696984, 0.6861802508871384, 0.1531721630987149], [0.255301681989239, 0.3675077667278424, 0.08563180539111055, 0.29155874589180797], [0.4819388036167444, 0.10663975979644923, 0.012111364646763342, 0.3993100719400428], [0.10611414092826164, 0.2504908810306474, 0.002969458742572628, 0.6404255192985182], [0.06347059352540747, 0.5507641875710043, 0.1207762966066677, 0.2649889222969206], [0.019755417938320446, 0.2549688230358576, 0.6467537816428782, 0.07852197738294386], [0.038071331856017514, 0.011663892981404404, 0.0005689969870803547, 0.9496957781754979], [0.39165424151606565, 0.2511262092275198, 0.04735548634912203, 0.30986406290729257], [0.0340132793007055, 0.21203970752420584, 0.6354840766753063, 0.11846293649978248], [0.6647038581193092, 0.032490422281160836, 0.019987835741227738, 0.2828178838583024], [0.0968675620069232, 0.31532263016543377, 0.005206655601928565, 0.5826031522257143], [0.15900868045127486, 0.018151073308355047, 0.8164671325928518, 0.006373113647518524], [0.5541102319805555, 0.04844738525985004, 0.09066978601819801, 0.30677259674139656], [0.017991421518957582, 0.38533269355176314, 0.31163079993988424, 0.28504508498939507], [0.10365731888990865, 0.6578360046055881, 0.15906152691039696, 0.07944514959410622], [0.4694541705462094, 0.29722450388253796, 0.1422906823770058, 0.09103064319424693], [0.0788797809162237, 0.28325290461894, 0.18763582865413694, 0.45023148581069966], [0.1754899688934423, 0.45136796404974505, 0.296523314346775, 0.0766187527100381], [0.9510624002652843, 0.016007516582539016, 0.0014374572092501004, 0.03149262594292664], [0.4083661003813454, 0.3685645169231609, 0.008532116253871867, 0.21453726644162208], [0.2609651840969287, 0.16853154893779676, 0.03772937117925066, 0.5327738957860234], [0.0003999832195891462, 0.015398842740272166, 0.9752859578137759, 0.008915216226362896], [0.7454485434295439, 0.14868688383104794, 0.008284922745086654, 0.09757964999432155], [0.048283760009142807, 0.6552706682299297, 0.1466966260967354, 0.14974894566419195], [0.4543238754614375, 0.4051140684059069, 0.06563915464179666, 0.07492290149085881], [0.0900313765211406, 0.1862118366845075, 0.25419336602458326, 0.4695634207697686], [0.27006314048530194, 0.32028779531936596, 0.006059283234274907, 0.4035897809610571], [0.477967862911104, 0.10447635625401216, 0.38238913619294523, 0.035166644641938645], [0.5820799273406045, 0.06272435260993249, 0.29369525745613767, 0.061500462593325186], [0.17019078043437644, 0.7372199565520502, 0.018496335716914978, 0.07409292729665862], [0.17022803201317538, 0.6820716931503287, 0.06322517492646948, 0.08447509991002672], [0.055371885951186715, 0.5714055094881106, 0.3283646757660695, 0.04485792879463288], [0.06689025483027329, 0.14320209723846983, 0.7654223788472372, 0.024485269084019292], [0.735297750813232, 0.16252395402045314, 0.004107182252937158, 0.09807111291337772], [0.34943793518401106, 0.04287788820352305, 0.002754903347347705, 0.6049292732651184], [0.5865886669525598, 0.15493995914942288, 0.15056785279966645, 0.10790352109835101], [0.012806194797343946, 0.09892685947207058, 0.867866464725176, 0.020400481005409702], [0.7748791290489209, 0.0034149228583087057, 0.001130558116405162, 0.22057538997636555], [0.13999597511378847, 0.05178553188970042, 0.03766976508194264, 0.7705487279145684], [0.06081354329551325, 0.1891312398839674, 0.10199499763799165, 0.6480602191825274], [0.0540564953777898, 0.5318859008145381, 0.22532124827155411, 0.18873635553611792], [0.2162808610880707, 0.3510164407974836, 0.22156498463110066, 0.21113771348334495], [0.1287921824136883, 0.4595762266526795, 0.12353769030920145, 0.2880939006244306], [0.3601379081916192, 0.06055983364006789, 0.1575811270337151, 0.42172113113459775], [0.5915984367081457, 0.16444269414604326, 0.012568864464348923, 0.2313900046814622], [0.0978615518598206, 0.15075262644890822, 0.09367037216551491, 0.6577154495257562], [0.28656874871851723, 0.47827387103523344, 0.2067291764730422, 0.028428203773207025], [0.19161323875801808, 0.11417632210847364, 0.26115482109985366, 0.4330556180336548], [0.020447682569093805, 0.43258217040012353, 0.34295712352893587, 0.20401302350184689], [0.42799858558115705, 0.30792704949376437, 0.10862715771822408, 0.15544720720685434], [0.4523338960808439, 0.22387735239008213, 0.18984660496180922, 0.13394214656726475], [0.10792671315379984, 0.04789763968671922, 0.4766301421551958, 0.3675455050042852], [0.10002480408675526, 0.2472762835947712, 0.39486107607265736, 0.2578378362458162], [0.2721567972077771, 0.5633402787625035, 0.04910509224912109, 0.11539783178059833], [0.15641859825621948, 0.1911329832988934, 0.00831297009893082, 0.644135448345956], [0.3606505223314311, 0.09207596760731125, 0.148939816583053, 0.3983336934782046], [0.14431622419383672, 0.40360010535493374, 0.048248857596017124, 0.4038348128552122], [0.15449842872965963, 0.19201386244833668, 0.03345775114913317, 0.6200299576728704], [0.2482931119704405, 0.19986115648090844, 0.04004304469903709, 0.5118026868496142], [0.29106789304534547, 0.4700038706743669, 0.1002267183536814, 0.13870151792660626], [0.15704993907018183, 0.2261891144580692, 0.11059307754611614, 0.5061678689256328], [0.018406512085939398, 0.055301203718369864, 0.012213993427081394, 0.9140782907686094], [0.01257494161169023, 0.20814139696796696, 0.7460310690439271, 0.0332525923764159], [0.492569321960042, 0.18486873183469474, 0.045676051888188296, 0.27688589431707455], [0.2631542126197454, 0.3745272292825707, 0.014739884548845665, 0.347578673548838], [0.08426729236502249, 0.06600316661820788, 0.003013466860975174, 0.8467160741557945], [0.5634629569656741, 0.24228513975569427, 0.12505948114451354, 0.06919242213411794], [0.3527436009779978, 0.2934288536288563, 0.12111188939603192, 0.23271565599711416], [0.0659245916179219, 0.6040148222396889, 0.11238104175370602, 0.21767954438868314], [0.05931443480381107, 0.43624490330691984, 0.04990665037237848, 0.4545340115168906], [0.30663893645673923, 0.47325937518233785, 0.16621344398429008, 0.053888244376632914], [0.07578835175851523, 0.26563493115799086, 0.0710785178963379, 0.5874981991871557], [0.333873614398287, 0.1429054233348059, 0.48167350490968985, 0.041547457357216724], [0.18296338496645437, 0.057104652926810856, 0.06430977241163618, 0.6956221896950985], [0.19489434928857804, 0.15771806528423205, 0.08984759687443007, 0.5575399885527599], [0.17090303104044552, 0.39527930583762455, 0.22984101416359587, 0.20397664895833426], [0.5017323310946797, 0.06642054394254775, 0.07266836486481658, 0.35917876009795585], [0.1191277988474826, 0.8166336023582599, 0.01149682744421653, 0.05274177135004111], [0.7462284388008454, 0.0030528463673186196, 0.000692549350766088, 0.2500261654810697], [0.0038867185822784524, 0.937089356164575, 0.0387443972779103, 0.020279527975236217], [0.5186471024777276, 0.2192663815202356, 0.05698273820742736, 0.20510377779460937], [0.14659462903345036, 0.46117349078045256, 0.022964426582554386, 0.3692674536035429], [0.20911542055367738, 0.13095270773164602, 0.009849028323362026, 0.6500828433913147], [0.07782884805899937, 0.14518490509044032, 0.7337373367374537, 0.04324891011310668], [0.6965715415801681, 0.08565210326016204, 0.010475905255144406, 0.20730044990452554], [0.33451613273815667, 0.1461826233811246, 0.018314657122500272, 0.5009865867582186], [0.012089280864481551, 0.4000053496420954, 0.03594295992863408, 0.5519624095647891], [0.17303720029926756, 0.32821101269550695, 0.3522487290693566, 0.146503057935869], [0.5659542634770609, 0.019649087241799087, 0.053641318645827704, 0.360755330635312], [0.029989575238331248, 0.8940668621341846, 0.05627063332203089, 0.019672929305453203], [0.025074051248049158, 0.5487442391298465, 0.3141064571411312, 0.11207525248097282], [0.19242490441971, 0.4928453217634201, 0.027034245157585592, 0.28769552865928427], [0.059777039207652795, 0.6847084908933881, 0.19912098976025963, 0.056393480138699374], [0.08924246536706838, 0.7529871229442374, 0.10934655508039194, 0.04842385660830232], [0.6366541454727264, 0.0644655921319552, 0.24260949820788152, 0.05627076418743705], [0.09320112436776552, 0.4140612050223365, 0.29717273050261983, 0.19556494010727787], [0.06595362661234919, 0.28803823570357, 0.03385447412038603, 0.6121536635636946], [0.32747187769780406, 0.34559234102751923, 0.03416524235858778, 0.2927705389160889], [0.25347162649473143, 0.2808887644787785, 0.0943609349162405, 0.37127867411024923], [0.14428564068366356, 0.017323726801914914, 0.00799451176063486, 0.8303961207537867]]}, "rewritten": {"ids": ["97105451", "97105580", "97106770", "97108520", "97112170", "98107010", "98109311", "98111860", "98113881", "98116090", "99107300", "99108310", "99108520", "99109141", "99109311", "99109780", "99109860", "99111340", "99111440", "99112300", "99112531", "99113260", "99114890", "100108260", "100108490", "100108520", "100108990", "100109000", "100109330", "100109910", "100110260", "100111270", "100111620", "100116790", "101108290", "101109370", "101110150", "101111140", "101111990", "101115190", "102109010", "102110500", "102110690", "102113350", "102116340", "102121700", "103109021", "103111170", "103111480", "103111830", "103113260", "103120531", "104111620", "104111711", "104111830", "104113240", "104113550", "104114230", "104114410", "105110091", "105111990", "105113330", "105115680", "105116650", "105116860", "105120621", "105121190", "106113170", "106114280", "106114321", "106114880", "106115120", "106115240", "106115250", "106118820", "106119260", "106120290", "107113360", "107119390", "107119950", "107121700", "108113760", "108115500", "108115880", "108117451", "108118301", "108119550", "108120060", "108120280", "108120700", "109113881", "109113931", "109114270", "109116930", "109117150", "109117630", "109119010", "109119460", "109120560", "110115120", "110115710", "110115890", "110117500", "110119891", "110120190", "110120640", "110121140", "111116100", "111116110", "111116170", "111116411", "111116640", "111117480", "111117571", "111118820", "111119290", "111119300", "111120260", "111120540", "111121220", "111121351", "111121410", "112116640", "112116990", "112117030", "112117210", "112117571", "112117790", "112118421", "112118620", "112118820", "112120290", "112120700", "112121360", "113117340", "113119700", "113119950", "113120540", "113122150", "113122160", "113122170", "113122230"], "labels": [0, 1, 3, 2, 0, 3, 1, 0, 3, 0, 3, 2, 2, 3, 1, 2, 2, 1, 3, 0, 3, 0, 2, 3, 2, 2, 2, 1, 0, 2, 3, 2, 3, 2, 0, 1, 1, 2, 2, 1, 1, 3, 0, 3, 3, 1, 0, 2, 0, 3, 3, 3, 0, 1, 3, 2, 1, 2, 1, 0, 2, 3, 2, 1, 2, 1, 2, 0, 3, 2, 0, 1, 1, 2, 3, 1, 2, 0, 2, 3, 3, 1, 3, 3, 2, 1, 1, 1, 3, 2, 0, 1, 3, 0, 2, 0, 3, 1, 1, 0, 2, 2, 1, 3, 3, 0, 3, 3, 3, 0, 0, 0, 1, 3, 0, 3, 1, 3, 1, 3, 0, 0, 0, 0, 2, 1, 3, 3, 3, 3, 0, 1, 2, 3, 2, 0, 0, 3, 2, 3, 1, 1], "predicted_labels": [0, 0, 0, 1, 3, 1, 0, 2, 2, 1, 0, 3, 2, 0, 1, 1, 2, 2, 0, 3, 3, 2, 2, 3, 1, 3, 3, 1, 1, 0, 0, 2, 3, 1, 3, 3, 1, 0, 1, 1, 1, 3, 1, 3, 1, 1, 0, 1, 0, 0, 1, 3, 0, 2, 3, 1, 0, 1, 3, 1, 3, 0, 1, 1, 1, 3, 2, 1, 1, 0, 1, 0, 0, 1, 3, 0, 1, 0, 2, 3, 1, 0, 1, 1, 0, 0, 0, 1, 3, 3, 0, 0, 3, 3, 1, 0, 1, 3, 2, 1, 2, 1, 1, 3, 1, 1, 0, 1, 3, 1, 0, 0, 1, 0, 0, 3, 3, 0, 1, 3, 1, 1, 0, 0, 0, 1, 3, 2, 3, 3, 3, 2, 3, 0, 3, 1, 0, 0, 3, 1, 3, 1], "confidence_scores": [[0.8157072419825171, 0.05641573940438469, 0.0013950194877874193, 0.1264819991253108], [0.6064500146491784, 0.08499490649824144, 0.19872947385177261, 0.10982560500080776], [0.8294667742285458, 0.051379096600005184, 0.09344774462245549, 0.0257063845489937], [0.399302096268638, 0.4353969125813467, 0.08261224507357653, 0.08268874607643892], [0.14896499765478893, 0.2126423994835827, 0.25010685795301, 0.3882857449086183], [0.11770630031736097, 0.4947490709561419, 0.16034244226682565, 0.22720218645967136], [0.6443338015806043, 0.1548059835319876, 0.11674552388350624, 0.08411469100390216], [0.030741582248237594, 0.14176133087317083, 0.6791714659233113, 0.14832562095528026], [0.14868780006788804, 0.12459517157276187, 0.6075402193617252, 0.11917680899762496], [0.1368909785942314, 0.6256719242749725, 0.1466308618893128, 0.09080623524148321], [0.6440114609609203, 0.3096894299298017, 0.012084868324062479, 0.03421424078521557], [0.07774019865911407, 0.3870591580749675, 0.04074939177039565, 0.49445125149552316], [0.10568702947257108, 0.1847805873254314, 0.5970991885110187, 0.1124331946909787], [0.5416258755027026, 0.2923894167302965, 0.07222317966136875, 0.09376152810563225], [0.1312648960415356, 0.6572766853997343, 0.10406188293506602, 0.10739653562366407], [0.03796749927193323, 0.8110673368935227, 0.11944950202438251, 0.03151566181016169], [0.05551439551331735, 0.19857141728102762, 0.6400167446101278, 0.10589744259552722], [0.014080419329125267, 0.26680593399027275, 0.5826468111009228, 0.13646683557967895], [0.4581919207262687, 0.06641675096897139, 0.029229953718302684, 0.4461613745864572], [0.054817873927606925, 0.25684554202256854, 0.11833370928562155, 0.5700028747642032], [0.32419848176969324, 0.06060325604723651, 0.004622396434543979, 0.6105758657485261], [0.13719962258563914, 0.15504190959152175, 0.6355994678585414, 0.07215899996429796], [0.005114182015260536, 0.059739056719565045, 0.9217750955363074, 0.01337166572886695], [0.2694106303273659, 0.11588684555077669, 0.06770430779419895, 0.5469982163276585], [0.37340626275147515, 0.5236797436223566, 0.03445993386989992, 0.06845405975626785], [0.07442123862395181, 0.07679949866734494, 0.08137023305071074, 0.7674090296579928], [0.03680070907698664, 0.5464398824329144, 0.02546739431024845, 0.3912920141798504], [0.0789839643758278, 0.3574029708087406, 0.47630283395013756, 0.08731023086529398], [0.38541317458094393, 0.4858993349275406, 0.048278549371382096, 0.08040894112013322], [0.42113315116675887, 0.01437862461983095, 0.5489337280179211, 0.015554496195489235], [0.43832068173254923, 0.03490124578656092, 0.051827573014408865, 0.47495049946648105], [0.006577942065904242, 0.09307189868220998, 0.8806688003590827, 0.019681358892803102], [0.09443010048695956, 0.24132405883974528, 0.2171082838074174, 0.44713755686587797], [0.4461756750148289, 0.4003391004365174, 0.08030685339615982, 0.07317837115249391], [0.270668489001485, 0.028239649030462412, 0.01182223577879086, 0.689269626189262], [0.018088156487761405, 0.20764048773721774, 0.09965764739300194, 0.674613708382019], [0.07742528792875317, 0.6696945499472858, 0.17524670428071823, 0.07763345784324276], [0.3597748553004593, 0.11072573427367578, 0.14157237618063517, 0.38792703424523023], [0.40444587291193296, 0.3176665117283443, 0.12895558799790205, 0.14893202736182096], [0.035484725519882236, 0.6335069573416242, 0.2506377797594107, 0.08037053737908273], [0.13137015173488156, 0.588185402379512, 0.1531597092920264, 0.12728473659357992], [0.03223595145854069, 0.017532774275937402, 0.0023992513017458447, 0.947832022963776], [0.2784729356402175, 0.5912599091611324, 0.008307042717789944, 0.12196011248086026], [0.11680042271517724, 0.2606312230979364, 0.1468120798747851, 0.4757562743121015], [0.020960339407138335, 0.7685432796051483, 0.05556772828094889, 0.1549286527067644], [0.20397161577566567, 0.5892621597980277, 0.14906142943385445, 0.057704794992452256], [0.5307656106502139, 0.20089356758500054, 0.015981829573202554, 0.2523589921915832], [0.03525536801772693, 0.5311023267280136, 0.30807834569665166, 0.12556395955760755], [0.5149728104156139, 0.03291898148647293, 0.06314162114078914, 0.388966586957124], [0.50627446345164, 0.06342533298568703, 0.09253968698538985, 0.337760516577283], [0.09601298626373199, 0.7387876883456149, 0.042642859087244085, 0.12255646630340883], [0.20051129004198948, 0.2117531198595928, 0.025811785654347417, 0.5619238044440704], [0.5886191066064518, 0.12035702698934425, 0.0473572512021958, 0.24366661520200836], [0.03958745585215015, 0.10270425638829192, 0.7530246213005608, 0.10468366645899702], [0.17082907294668961, 0.08034440793918869, 0.025495783552507555, 0.7233307355616139], [0.007321103812735503, 0.5511255081248265, 0.4243655107391848, 0.01718787732325338], [0.6399098877164587, 0.051759401427158964, 0.038900433145899124, 0.2694302777104832], [0.08752479896648875, 0.3563981343001054, 0.24267187539105844, 0.31340519134234757], [0.06702919720983214, 0.08571631307817604, 0.0034941930163496743, 0.8437602966956422], [0.34467559857925434, 0.5142716072612105, 0.03576694131985613, 0.10528585283967927], [0.0981666253557215, 0.2399652562216657, 0.002864454668673078, 0.6590036637539398], [0.7805525497677053, 0.02431760112419545, 0.013006013543618784, 0.18212383556448028], [0.005358771670173568, 0.8931938441441031, 0.0742619380917889, 0.02718544609393448], [0.20928491123829485, 0.45338216705126455, 0.043711009196379776, 0.29362191251406106], [0.34385239005354834, 0.4815094357765464, 0.035708579241929585, 0.13892959492797552], [0.11443227596535824, 0.044370303670558504, 0.0007465940174222858, 0.8404508263466609], [0.013202370305552606, 0.23213962875759375, 0.5162883074393342, 0.23836969349751974], [0.15750718954962117, 0.7527454160977568, 0.016686965133928918, 0.07306042921869314], [0.12838943411588677, 0.522338706023922, 0.055180114373361074, 0.2940917454868304], [0.38308006580795356, 0.1472256271294952, 0.2181074469927823, 0.2515868600697689], [0.3766898586638115, 0.4015581114924051, 0.1452537146595679, 0.07649831518421542], [0.8846877561662579, 0.04980702649821537, 0.007993482784371153, 0.05751173455115569], [0.7252694732130952, 0.13074372319837016, 0.02432313342030902, 0.11966367016822577], [0.06238679191384162, 0.4500729783822277, 0.2998223796760906, 0.18771785002783992], [0.16842702263726525, 0.27474501630789894, 0.006777292068122791, 0.5500506689867132], [0.640194617722756, 0.20577792781638424, 0.046883711147723196, 0.1071437433131367], [0.07548128548604316, 0.5822749439259404, 0.235350176277559, 0.10689359431045758], [0.39818875768027717, 0.2647466244899471, 0.06739546423347534, 0.2696691535963002], [0.09663060164511394, 0.023017725172616202, 0.5436201262092072, 0.3367315469730625], [0.0661085934023742, 0.1838630162105372, 0.08672773232767086, 0.6633006580594181], [0.3040638025336312, 0.5555288128041248, 0.0770368960243059, 0.063370488637938], [0.33402432029147283, 0.2925253083444282, 0.09368114493100345, 0.27976922643309554], [0.024334400097769854, 0.780266616736484, 0.09545084263363038, 0.09994814053211562], [0.1512854519786045, 0.5616210224988545, 0.032525867213117905, 0.25456765830942285], [0.8790092316407597, 0.006456691347367107, 0.0009159360468096192, 0.1136181409650637], [0.5136588414814525, 0.18715333489276165, 0.008103360905171714, 0.29108446272061406], [0.40188471138508813, 0.1873035265006936, 0.0532737648728525, 0.35753799724136587], [0.10480660932024555, 0.40788216500170255, 0.4630904238020907, 0.02422080187596138], [0.2634650985347577, 0.08147353145391704, 0.05319102398603214, 0.6018703460252934], [0.29320869100795466, 0.29984082096087533, 0.019950372207189464, 0.3870001158239803], [0.3772426152010558, 0.29508890714362473, 0.08460625473207603, 0.24306222292324361], [0.37399105539416544, 0.15331999511131306, 0.04514184509284927, 0.4275471044016719], [0.09293690060037954, 0.043619820828302756, 0.2963763599163273, 0.5670669186549901], [0.08093805708046656, 0.13480165503728622, 0.41972996082476804, 0.3645303270574793], [0.40974046998592967, 0.356682321586183, 0.0451373250582519, 0.18843988336963516], [0.6244062296120495, 0.24016648829675838, 0.06627634771428309, 0.06915093437690899], [0.12565505086264994, 0.3348351007419728, 0.3570734016088259, 0.18243644678655133], [0.21980922037949274, 0.12498782619381989, 0.029697942445628737, 0.6255050109810585], [0.0012561467252964155, 0.025290462274380542, 0.9558818430314756, 0.017571547968847676], [0.12700947667039214, 0.5774135322394832, 0.023604834820434812, 0.2719721562696904], [0.13919257889743356, 0.1699222299886371, 0.40132402286579605, 0.28956116824813327], [0.05025460502797778, 0.697139965692194, 0.1886237500988649, 0.063981679180964], [0.08522353101348262, 0.8379024374198092, 0.03350778261015089, 0.04336624895655757], [0.029385690061494375, 0.5413178417221634, 0.028632996861282276, 0.40066347135506], [0.5166575223956686, 0.36335225182176845, 0.0031553098134655794, 0.11683491596909731], [0.09305787566717169, 0.4745147861269897, 0.3942421127155216, 0.03818522549031689], [0.5581096929682463, 0.23598147207496684, 0.0698518462653993, 0.13605698869138771], [0.290961876735062, 0.3784330004926092, 0.024369957239040348, 0.30623516553328844], [0.06750672009941712, 0.344788672329524, 0.11478523315236695, 0.47291937441869214], [0.08175376056728105, 0.7476274331360119, 0.0023762555465071506, 0.16824255075020025], [0.6218196304757423, 0.010517036049829074, 0.0012947993110376578, 0.3663685341633911], [0.29073539586885055, 0.19784513409202845, 0.44224935508715624, 0.0691701149519647], [0.25991219778711955, 0.4467929282841212, 0.056632170998813465, 0.23666270292994585], [0.5557501136591209, 0.18655364215786369, 0.039867354672798457, 0.21782888951021695], [0.45246926768305296, 0.022529243670883436, 0.0075102706862688814, 0.5174912179597946], [0.03775425402047569, 0.29506271995031674, 0.08994583965065667, 0.5772371863785508], [0.025712670609880788, 0.0998868871156827, 0.027440189756957212, 0.8469602525174792], [0.7319661381528544, 0.19572501382850727, 0.01191821796788223, 0.06039063005075632], [0.05029946871816617, 0.7358281093428911, 0.15244636338697562, 0.06142605855196669], [0.22614421317128397, 0.02610065304843742, 0.0016661526838183814, 0.7460889810964603], [0.2708870081846817, 0.5826621660190925, 0.025033336036247047, 0.1214174897599784], [0.1763275898681937, 0.5024254023932495, 0.09827058399296924, 0.22297642374558738], [0.33113687039361456, 0.3521454313251357, 0.046886950870358365, 0.26983074741089164], [0.7769015418024477, 0.024952598004986597, 0.1450270487008099, 0.05311881149175574], [0.3844241365595623, 0.33474976789659694, 0.10469470735632262, 0.17613138818751856], [0.3050599025007287, 0.3034881959033304, 0.23458809866812683, 0.15686380292781416], [0.24541444614209076, 0.23084333386524408, 0.0036324580757267416, 0.5201097619169385], [0.16484585823224715, 0.11132443704929589, 0.3917934740036717, 0.33203623071478505], [0.3525828925202892, 0.236606789746222, 0.05536278040069817, 0.3554475373327907], [0.21996119618713017, 0.04399003699195502, 0.007776218289597198, 0.7282725485313173], [0.08800062221097732, 0.08629588228271806, 0.0067843002016149375, 0.8189191953046898], [0.28477713861064774, 0.10277340776157524, 0.587649635533343, 0.024799818094433806], [0.09307712093689449, 0.31706049585023255, 0.0808794280934315, 0.508982955119442], [0.6224036189607804, 0.29511697696901307, 0.009582809084183831, 0.0728965949860224], [0.09583429629885758, 0.2501370241640521, 0.23769993219806884, 0.41632874733902153], [0.11584121181053239, 0.5947367993020117, 0.13433708551297555, 0.15508490337448044], [0.6868928790845089, 0.10283528737579035, 0.0063866803055216215, 0.20388515323417913], [0.9173441806893579, 0.03287643750724214, 0.0020391697460510816, 0.04774021205734894], [0.05362118658619847, 0.04530945539739874, 0.03411338316633158, 0.8669559748500709], [0.0132176024574012, 0.34875805423746115, 0.5748242779055142, 0.06320006539962358], [0.055126015396315724, 0.24813500724433513, 0.18431281358293744, 0.5124261637764116], [0.06150474207355356, 0.6825178979923269, 0.19399923914869108, 0.06197812078542892]]}}