{"test": {"ids": ["105112240", "100111390", "107117010", "108113740", "106113190", "107120130", "97106820", "104113170", "108115250", "99108010", "97116500", "107119950", "110121140", "113121220", "111120540", "105116441", "108115970", "110121720", "109118820", "112116610", "113120751", "107120260", "98116940", "102110690", "98108410", "111118910", "109118161", "107118490", "99112641", "109117150", "113119480", "107113360", "107121230", "108113480", "100109890", "112117790", "110118880", "113118690", "111119430", "112117030", "97105960", "98107380", "107118520", "99107500", "100116790", "105121190", "99111620", "102117351", "97112290", "110120640", "110120540", "111119150", "110115250", "106121190", "100108080", "106118820", "113122220", "112120540", "107119390", "109117080", "111119300", "101108580", "109117110", "101121640", "107114780", "112116990", "111121220", "112119320", "110114651", "98108580", "105115380", "111119950", "107112840", "112117660", "110114720", "108114670", "105112130", "101110740", "108121410", "111120260", "103111170", "108118630", "109113881", "109116750", "102109010", "99109141", "108115870", "98112580", "109119460", "105113190", "103110100", "113119120", "98111231", "104113000", "101108500", "106119260", "105115720", "110116300", "104109311", "99108890", "102121440", "110118740", "110119030", "98111860", "110118301", "105118740", "110120560", "101119030", "106114011", "108116481", "112118581", "100112060", "103117200", "98111620", "111120640", "107114950", "112119450", "111117480", "104119340", "108113760", "113120540", "112118421", "97106000", "102109910", "100109311", "97106970", "107113550", "108121160", "103118110", "97113900", "113122150", "102113981", "113119450", "110113931", "98108370", "100113370", "111121410", "110121170", "112119120", "104113210", "110115580", "107117630"], "labels": [1, 2, 1, 3, 0, 2, 1, 3, 1, 2, 2, 3, 3, 3, 1, 1, 2, 3, 3, 1, 1, 1, 2, 0, 1, 0, 0, 2, 1, 2, 3, 0, 0, 0, 3, 3, 0, 3, 3, 2, 2, 1, 2, 0, 2, 2, 3, 1, 1, 0, 1, 3, 1, 2, 0, 3, 1, 3, 2, 1, 1, 0, 1, 2, 2, 0, 3, 1, 3, 0, 1, 0, 1, 0, 3, 3, 1, 3, 0, 3, 2, 1, 0, 0, 1, 3, 3, 2, 1, 3, 1, 3, 1, 1, 3, 1, 1, 3, 3, 0, 2, 3, 0, 0, 1, 1, 0, 3, 1, 0, 1, 2, 0, 3, 0, 3, 3, 1, 1, 1, 3, 3, 0, 2, 1, 2, 0, 2, 2, 2, 2, 1, 3, 1, 1, 3, 0, 2, 1, 3, 1, 0], "predicted_labels": [3, 1, 3, 0, 1, 1, 3, 1, 3, 1, 1, 3, 0, 1, 1, 1, 1, 0, 3, 0, 3, 3, 1, 3, 3, 3, 0, 1, 1, 1, 3, 3, 3, 1, 3, 3, 3, 3, 3, 1, 3, 3, 1, 0, 3, 1, 1, 3, 1, 3, 1, 0, 3, 3, 0, 1, 1, 0, 3, 1, 1, 0, 3, 3, 1, 3, 3, 1, 3, 3, 1, 0, 0, 3, 3, 1, 1, 3, 1, 1, 0, 1, 3, 1, 1, 0, 3, 3, 3, 0, 1, 1, 0, 3, 3, 0, 3, 0, 1, 1, 3, 3, 1, 3, 3, 1, 3, 3, 1, 3, 3, 3, 1, 1, 1, 3, 0, 3, 1, 1, 1, 3, 3, 3, 0, 3, 3, 3, 3, 0, 1, 3, 0, 3, 3, 1, 3, 3, 1, 0, 3, 0], "confidence_scores": [[0.18873662594390359, 0.275713619260605, 0.24439493270107096, 0.29115482209442056], [0.2700618261449501, 0.27052174062623124, 0.17932745172860445, 0.280088981500214], [0.22258651353137276, 0.28914436066645915, 0.18780567239323664, 0.30046345340893155], [0.2848070254906527, 0.2484756560781052, 0.1818630990273852, 0.2848542194038569], [0.2583168656120115, 0.3014286369854472, 0.1440436647695578, 0.29621083263298326], [0.2622172166805023, 0.29430383472696187, 0.16330961670605892, 0.2801693318864768], [0.26611302178932794, 0.2315430210699268, 0.19533077090375683, 0.30701318623698837], [0.26846312507503606, 0.3101341265194448, 0.14285532379627383, 0.2785474246092454], [0.274698509818318, 0.23236323490743968, 0.180880454316378, 0.3120578009578645], [0.1774264179157976, 0.28489512698698005, 0.29952840847255346, 0.23815004662466926], [0.26322673744916214, 0.2690037766802185, 0.19320386515105792, 0.27456562071956137], [0.2816671912363965, 0.3133873284572176, 0.08734559829129035, 0.3175998820150957], [0.31869552216895153, 0.2180583094428104, 0.17297002138448966, 0.2902761470037485], [0.24336236008615902, 0.30896146341138553, 0.15873925127441665, 0.28893692522803877], [0.273528218355474, 0.30347401887950193, 0.16375631424730405, 0.25924144851771996], [0.2771396552516089, 0.30379968888212766, 0.11473330686375084, 0.3043273490025125], [0.24184554423895654, 0.2797487317382251, 0.20738120634501883, 0.2710245176777994], [0.30223194369728795, 0.3040889668430937, 0.07334056721811898, 0.32033852224149917], [0.2720528642907658, 0.2921674859903587, 0.12650259123482524, 0.3092770584840502], [0.3230060871653309, 0.2578253592420167, 0.146358366174336, 0.2728101874183165], [0.25254918116666975, 0.2677420289828021, 0.18521169864938017, 0.2944970912011479], [0.3118585667192483, 0.2950800994659944, 0.06654888014929833, 0.326512453665459], [0.21720188442822624, 0.29922845579530216, 0.20179408629837636, 0.28177557347809523], [0.2978377303922046, 0.27651024021229337, 0.10647035218123224, 0.31918167721427], [0.25591636084350927, 0.3004954752489897, 0.1419981360592127, 0.30159002784828876], [0.2935606224626801, 0.29214400571157034, 0.10644483546093625, 0.3078505363648131], [0.2967874071543599, 0.3024202330740319, 0.08781690604728686, 0.3129754537243213], [0.1927964395988382, 0.25753255553491355, 0.3265841158765753, 0.22308688898967302], [0.2863402630801111, 0.3061552561169542, 0.11421088679382899, 0.293293594009106], [0.18717104483502123, 0.30567268741285475, 0.26173425238212816, 0.24542201536999572], [0.3024788285992207, 0.28721505667956904, 0.09201820628508738, 0.31828790843612287], [0.253265689547541, 0.2850624367397948, 0.1539531001879917, 0.30771877352467253], [0.2993065369437926, 0.2642038258553524, 0.11038424851414254, 0.3261053886867122], [0.1855883170940388, 0.29329350020405953, 0.24179566322488275, 0.27932251947701914], [0.24835629712530577, 0.24239479292266206, 0.22130261465232218, 0.28794629529971], [0.2984645367365746, 0.2658965264607951, 0.11958433777544271, 0.31605459902718747], [0.29717695061064836, 0.3046317332677434, 0.0725346747095043, 0.325656641412104], [0.2798567017110321, 0.29822059045154, 0.11255720603577078, 0.3093655018016568], [0.21571304984752285, 0.27273446756714326, 0.20628177502021977, 0.3052707075651138], [0.27176294269247403, 0.29518880903826955, 0.144927903225195, 0.2881203450440613], [0.24132561458033858, 0.24349571648161322, 0.21564861006744476, 0.29953005887060324], [0.30091259386418195, 0.1886997697606068, 0.21746579112360684, 0.2929218452516043], [0.275532386558738, 0.31999074548868983, 0.10597589539671994, 0.2985009725558519], [0.294919438408722, 0.29686854832232207, 0.09924287760181111, 0.30896913566714485], [0.230652825859457, 0.2778464590268862, 0.19257832448498213, 0.29892239062867454], [0.18664693297971416, 0.30417743191368646, 0.24929235822811513, 0.25988327687848417], [0.22158806049850896, 0.3016844436008522, 0.22199296060844545, 0.2547345352921935], [0.2846306223518712, 0.30771108493321203, 0.08871212413876531, 0.3189461685761518], [0.27221081490739535, 0.29584707258834925, 0.1383129780831442, 0.2936291344211111], [0.23470374865666593, 0.2818445853652612, 0.1784995559955166, 0.30495210998255634], [0.18481985029573372, 0.3032228535091797, 0.23405859817544442, 0.27789869801964207], [0.28448167285656395, 0.28631219097439475, 0.13587555502512302, 0.2933305811439185], [0.23003933283567662, 0.22431224136276906, 0.266619311898215, 0.27902911390333945], [0.19997496938076706, 0.28963323360845933, 0.2110139491549223, 0.29937784785585136], [0.26426784525234176, 0.23516288132037977, 0.22176786508475965, 0.2788014083425188], [0.19396388212813886, 0.32492386187053524, 0.19520264104349772, 0.2859096149578279], [0.24943153986469163, 0.3300449807817672, 0.13807129072372828, 0.28245218862981286], [0.2698186045177491, 0.25498183723679113, 0.23503832279301165, 0.24016123545244822], [0.22833726556139564, 0.28044338868536606, 0.20708066412873266, 0.28413868162450556], [0.19858560720400592, 0.37753587256518145, 0.13698088463291638, 0.28689763559789627], [0.1905689130247757, 0.33064693364548653, 0.19925598677203463, 0.27952816655770324], [0.3517654199648227, 0.19899440559539922, 0.10501981216648688, 0.34422036227329134], [0.19715732354840956, 0.2964213121565209, 0.21656671593509613, 0.28985464835997343], [0.2324429421153302, 0.3003403370246344, 0.16784201133503598, 0.2993747095249992], [0.18854881299374723, 0.33600401215627684, 0.193604058985779, 0.2818431158641966], [0.2734545069408846, 0.2596038231274405, 0.1593742533703007, 0.3075674165613744], [0.2876470365979648, 0.30619069753873324, 0.07870391703311262, 0.3274583488301895], [0.1774712521748951, 0.336816518369253, 0.19003888779446948, 0.2956733416613825], [0.27101925181925196, 0.2795701355168792, 0.14396334821369605, 0.3054472644501725], [0.250692933081496, 0.2691052656419348, 0.18038377439325448, 0.299818026883315], [0.12496930690423964, 0.2640886596885469, 0.3933511743053384, 0.21759085910187484], [0.32451147121699525, 0.2604241925370853, 0.11462575158517775, 0.30043858466074197], [0.29337760636739574, 0.29505954719089383, 0.12293598072196295, 0.2886268657197472], [0.29451342686000936, 0.2718761321595187, 0.12634706196379297, 0.30726337901667883], [0.17559657003074255, 0.25343715031192804, 0.3226918505397902, 0.24827442911753925], [0.26544277275028516, 0.31050606322686003, 0.13483103429391521, 0.28922012972893946], [0.20389600351635806, 0.28423701447835215, 0.2455890361735428, 0.26627794583174746], [0.1884119353282994, 0.2946405002000251, 0.21562728443502033, 0.301320280036655], [0.2598703529442377, 0.3516310243999113, 0.08028759372771427, 0.30821102892813673], [0.26528087177639526, 0.3005057331490227, 0.13536236271329927, 0.2988510323612826], [0.3008578497353585, 0.28257116637233537, 0.10776544127244618, 0.3088055426198596], [0.23274277702639248, 0.2892122173545009, 0.18939606557421174, 0.288648940044895], [0.2527270656180602, 0.24028619485124653, 0.23567631096223648, 0.271310428568457], [0.28093060779253015, 0.2985402808876279, 0.14757781774927664, 0.27295129357056513], [0.264284726072752, 0.27839459287864055, 0.17784029710630808, 0.2794803839422995], [0.32196570134399044, 0.291790975856271, 0.04747480650534612, 0.33876851629439214], [0.28406956004989936, 0.26434730825777225, 0.13361899652853265, 0.317964135163796], [0.1950181190904874, 0.29949109471429114, 0.21201484414467314, 0.29347594205054817], [0.2792297851249973, 0.23702964270349514, 0.18655886304189473, 0.2971817091296128], [0.3157534730004347, 0.270846635078763, 0.09906281059811735, 0.31433708132268534], [0.22391132174364548, 0.2990767020188973, 0.1911339099767818, 0.28587806626067547], [0.2659336866481841, 0.30929402580848264, 0.11609936399739626, 0.3086729235459368], [0.3490245861351677, 0.2274698647706135, 0.09071643438132096, 0.3327891147128977], [0.2758395500762788, 0.2826168627818797, 0.11782708714833438, 0.323716499993507], [0.15805936959230238, 0.2163837478146642, 0.352979802464943, 0.27257708012809034], [0.215474136732161, 0.18811819515256323, 0.36397457607987427, 0.23243309203540163], [0.18672618600048954, 0.3017782338118428, 0.22412799149496823, 0.2873675886926991], [0.2941837259172274, 0.2560363835236109, 0.16280620677172647, 0.28697368378743515], [0.2864710667614009, 0.30553746637559315, 0.0982446025510152, 0.3097468643119904], [0.14660204447971453, 0.2731130413735429, 0.3661367169130721, 0.21414819723367057], [0.2517342766176211, 0.22256056824274065, 0.24138892473353551, 0.2843162304061027], [0.2598183886497612, 0.27310934424902833, 0.17738196511336532, 0.2896903019878449], [0.2550306623647762, 0.31958968590382675, 0.12278504567378204, 0.30259460605761507], [0.19937100049930653, 0.2771033014316357, 0.2583825954588536, 0.2651431026102042], [0.2867192470499724, 0.2948361105338382, 0.10720241549283945, 0.31124222692335], [0.19389798702685113, 0.30842227537035993, 0.22298129268374733, 0.27469844491904133], [0.2719034649339859, 0.2611109561644088, 0.18041229266655875, 0.2865732862350464], [0.24199372875097905, 0.25679810620012394, 0.21115380351058527, 0.2900543615383117], [0.21166728520416106, 0.3241332134858094, 0.18376513690256746, 0.2804343644074622], [0.28009160504246466, 0.27987120978397134, 0.12740017201814177, 0.3126370131554223], [0.21881350404919658, 0.2839045410845393, 0.19613173652141944, 0.30115021834484473], [0.2140802196345917, 0.2611477708544324, 0.2358146034312847, 0.28895740607969106], [0.24279383757165882, 0.3672075021375084, 0.1146353757556903, 0.2753632845351424], [0.13840567684180793, 0.2984602753068231, 0.3063069688053401, 0.25682707904602886], [0.18040381541582765, 0.29603362111171583, 0.253493852747513, 0.2700687107249433], [0.2881494331301171, 0.2515891974756589, 0.14387863155040528, 0.31638273784381865], [0.3206012726566382, 0.29740542037871903, 0.05720255622132779, 0.32479075074331526], [0.2606203843571133, 0.28802652077923285, 0.1424005076674192, 0.3089525871962347], [0.13226046762046828, 0.31089330858779773, 0.2784880374703034, 0.27835818632143045], [0.2238691615725965, 0.2743095964481416, 0.22875985066876514, 0.273061391310497], [0.24968857164182676, 0.35809943683103024, 0.09411841538103881, 0.2980935761461044], [0.31000413593244475, 0.27815700895969286, 0.08101085976087645, 0.33082799534698587], [0.2072125927938331, 0.22916950168538566, 0.27272470127292514, 0.29089320424785625], [0.2761283419725762, 0.24613218786710087, 0.18393964825203105, 0.2937998219082922], [0.2890443154980624, 0.26738900100422713, 0.15292153144388265, 0.2906451520538278], [0.1061822056842036, 0.2545400744878062, 0.39139348115093053, 0.24788423867705958], [0.19083975513887, 0.2672107884741432, 0.2645234736917777, 0.2774259826952091], [0.27733075033283083, 0.30515189609729737, 0.10791417115269404, 0.3096031824171778], [0.12433416995706693, 0.23503619905086515, 0.3993748238252285, 0.24125480716683956], [0.26552174786968635, 0.2613442702372533, 0.20395017508473212, 0.269183806808328], [0.1922502926005653, 0.33333419999190445, 0.17689239735927595, 0.2975231100482544], [0.25851506502400545, 0.2598382480153943, 0.2040779092508172, 0.2775687777097831], [0.2799570702045645, 0.2748321928091371, 0.1580987334116316, 0.2871120035746667], [0.29263035283123406, 0.26166604999831883, 0.13041458662425273, 0.3152890105461944], [0.20922688176279694, 0.2523137345029996, 0.24391335040045012, 0.2945460333337536], [0.20843990188470776, 0.279565190191737, 0.2502703769254498, 0.26172453099810555], [0.20814788367610917, 0.2898534340691353, 0.21039783082610994, 0.2916008514286457], [0.1990676734527614, 0.2715080342188824, 0.24238302966499592, 0.28704126266336016], [0.24559654187097044, 0.2884992214037079, 0.18528929461866378, 0.2806149421066581], [0.24275764668228886, 0.22464894200645044, 0.2737749726897899, 0.25881843862147086], [0.16264588492587445, 0.27090029025869494, 0.2992340670570931, 0.2672197577583374], [0.3368755870425742, 0.18918377917148624, 0.1954959198606577, 0.2784447139252818]]}, "rewritten": {"ids": ["97105960", "97106000", "97106820", "97106970", "97112290", "97113900", "97116500", "98107380", "98108370", "98108410", "98108580", "98111231", "98111620", "98111860", "98112580", "98116940", "99107500", "99108010", "99108890", "99109141", "99111620", "99112641", "100108080", "100109311", "100109890", "100111390", "100112060", "100113370", "100116790", "101108500", "101108580", "101110740", "101119030", "101121640", "102109010", "102109910", "102110690", "102113981", "102117351", "102121440", "103110100", "103111170", "103117200", "103118110", "104109311", "104113000", "104113170", "104113210", "104119340", "105112130", "105112240", "105113190", "105115380", "105115720", "105116441", "105118740", "105121190", "106113190", "106114011", "106118820", "106119260", "106121190", "107112840", "107113360", "107113550", "107114780", "107114950", "107117010", "107117630", "107118490", "107118520", "107119390", "107119950", "107120130", "107120260", "107121230", "108113480", "108113740", "108113760", "108114670", "108115250", "108115870", "108115970", "108116481", "108118630", "108121160", "108121410", "109113881", "109116750", "109117080", "109117110", "109117150", "109118161", "109118820", "109119460", "110113931", "110114651", "110114720", "110115250", "110115580", "110116300", "110118301", "110118740", "110118880", "110119030", "110120540", "110120560", "110120640", "110121140", "110121170", "110121720", "111117480", "111118910", "111119150", "111119300", "111119430", "111119950", "111120260", "111120540", "111120640", "111121220", "111121410", "112116610", "112116990", "112117030", "112117660", "112117790", "112118421", "112118581", "112119120", "112119320", "112119450", "112120540", "113118690", "113119120", "113119450", "113119480", "113120540", "113120751", "113121220", "113122150", "113122220"], "labels": [2, 0, 1, 2, 1, 2, 2, 1, 1, 1, 0, 1, 3, 0, 2, 2, 0, 2, 0, 3, 3, 1, 0, 1, 3, 2, 2, 3, 2, 3, 0, 3, 3, 2, 1, 2, 0, 1, 1, 2, 1, 2, 0, 2, 3, 1, 3, 3, 1, 1, 1, 3, 1, 1, 1, 1, 2, 0, 1, 3, 1, 2, 1, 0, 0, 2, 3, 1, 0, 2, 2, 2, 3, 2, 1, 0, 0, 3, 1, 3, 1, 3, 2, 0, 1, 2, 0, 0, 0, 1, 1, 2, 0, 3, 1, 1, 3, 3, 1, 1, 3, 1, 3, 0, 0, 1, 0, 0, 3, 2, 3, 1, 0, 3, 1, 3, 0, 3, 1, 0, 3, 0, 1, 0, 2, 0, 3, 3, 1, 1, 1, 3, 3, 3, 3, 3, 3, 3, 1, 3, 2, 1], "predicted_labels": [3, 3, 3, 3, 1, 2, 0, 0, 3, 1, 3, 0, 1, 2, 3, 3, 1, 1, 1, 0, 1, 0, 3, 0, 3, 3, 3, 1, 3, 3, 0, 3, 3, 3, 1, 3, 3, 3, 3, 0, 1, 0, 1, 3, 3, 3, 1, 0, 1, 3, 3, 0, 1, 1, 3, 3, 1, 1, 1, 1, 3, 3, 1, 0, 3, 1, 3, 3, 0, 1, 1, 3, 3, 1, 3, 3, 3, 3, 1, 1, 3, 3, 1, 3, 3, 3, 1, 0, 0, 1, 3, 1, 1, 3, 3, 3, 3, 3, 3, 1, 3, 0, 3, 3, 3, 1, 3, 3, 0, 3, 1, 1, 1, 3, 1, 3, 0, 1, 0, 3, 3, 1, 0, 3, 3, 3, 3, 3, 3, 1, 1, 0, 1, 3, 3, 1, 0, 1, 3, 3, 1, 1], "confidence_scores": [[0.22102745707711477, 0.24564277190733333, 0.2437882283727887, 0.2895415426427632], [0.1657340698454318, 0.2024138868254656, 0.3724387125276476, 0.2594133308014549], [0.24965418385471433, 0.23005853773990204, 0.21943804229825126, 0.3008492361071321], [0.1071374061005681, 0.2675049794683672, 0.3670429786387175, 0.2583146357923477], [0.2327832286087244, 0.2955303232801981, 0.1919783903973367, 0.27970805771374074], [0.19327908746250333, 0.23185722299380104, 0.34824612340297384, 0.22661756614072145], [0.2681891453022831, 0.26267561914271464, 0.19008189440325654, 0.27905334115174557], [0.2975295600628389, 0.1792069500572024, 0.24983905041592966, 0.2734244394640287], [0.1844582912400334, 0.23393539258077323, 0.2936188987172872, 0.28798741746190654], [0.2022142959240304, 0.2846307489120829, 0.2378845367054549, 0.27527041845843175], [0.24412955581173873, 0.24685268838260024, 0.21699808022054656, 0.2920196755851143], [0.3385263812654872, 0.23914510403424666, 0.10190893464558344, 0.3204195800546826], [0.10870273795444912, 0.2694369678147486, 0.3962085283381471, 0.225651765892655], [0.12127938355883043, 0.24515814444653858, 0.40401781141084825, 0.2295446605837826], [0.1904795320650187, 0.2264969766357135, 0.3010303840156488, 0.28199310728361876], [0.2233856537156029, 0.27367617361563057, 0.2171695382911244, 0.2857686343776424], [0.28624511985374335, 0.29554423053808404, 0.11423425473877473, 0.30397639486939765], [0.19647729984186402, 0.309472249902273, 0.21693963461456564, 0.27711081564129786], [0.2197042531228216, 0.26702098581178124, 0.2880664907485547, 0.2252082703168423], [0.3131841621634914, 0.28380444997732723, 0.08144335239876552, 0.321568035460416], [0.22479339233709325, 0.2921781883162563, 0.22404598588560365, 0.258982433461047], [0.30058529462677, 0.29560957514444214, 0.09020526553003401, 0.3135998646987537], [0.18984950524983762, 0.20459859521948692, 0.34233828770560537, 0.26321361182506997], [0.31425421876769255, 0.28260725874051884, 0.09028684680768295, 0.312851675684106], [0.28836886579181453, 0.24137052316895657, 0.1666879878642961, 0.3035726231749328], [0.26176553858771245, 0.24308563298911545, 0.22050327407955564, 0.2746455543436164], [0.19777637242834264, 0.259009152215865, 0.258975800904455, 0.2842386744513373], [0.21103228203268254, 0.26458821371352004, 0.2618090106593591, 0.26257049359443824], [0.18570010519486838, 0.24405657252083832, 0.2824668884598196, 0.28777643382447377], [0.17149572244686506, 0.2033986946682688, 0.34396241725612514, 0.28114316562874114], [0.35440852371049525, 0.19604628684785813, 0.10878683451978567, 0.34075835492186174], [0.17882216914845445, 0.2970548004314356, 0.22945006592309133, 0.2946729644970185], [0.23483677844666015, 0.26982470835108946, 0.19812824940399937, 0.29721026379825094], [0.21115226082849797, 0.29436036962354667, 0.19443896310060407, 0.3000484064473513], [0.23202299382396868, 0.26743191975059805, 0.2511190148703741, 0.24942607155505936], [0.18219206246597158, 0.22376511421900244, 0.3522279473780437, 0.2418148759369827], [0.2978220929174555, 0.2712978404630253, 0.11424324075848438, 0.3166368258610351], [0.25779878581667914, 0.25500267987467723, 0.20397760518748384, 0.28322092912115965], [0.288005601963454, 0.3051123625712747, 0.08415296582413678, 0.32272906964113435], [0.20562717801354113, 0.19592003103171057, 0.35647908020721114, 0.24197371074753732], [0.20396929881548106, 0.28042613199174293, 0.25160938349005485, 0.26399518570272107], [0.31681704421154233, 0.254286376513271, 0.11995289990704869, 0.30894367936813777], [0.2721133910198968, 0.35845729358783607, 0.07449953825164972, 0.2949297771406174], [0.12990566816276658, 0.23287445660262038, 0.3945346184248971, 0.24268525680971578], [0.31787828595259815, 0.24747704434594853, 0.11141972473475292, 0.3232249449667001], [0.2860987507613249, 0.29037899459731115, 0.09725774935009629, 0.32626450529126794], [0.2520185916143931, 0.29299303128673376, 0.15944294227332814, 0.2955454348255451], [0.30390533421080645, 0.23348725964933004, 0.1584471946606525, 0.304160211479211], [0.1637147477112937, 0.3250028391462004, 0.22779937659500676, 0.28348303654749923], [0.19540734287630113, 0.3049893445051126, 0.2091555246535909, 0.29044778796499543], [0.17656287978118318, 0.26885081283121653, 0.27530899457928004, 0.2792773128083203], [0.3029114323693543, 0.23945444824518441, 0.173524678567536, 0.28410944081792555], [0.12908447265235642, 0.29088934684279444, 0.33411515197990643, 0.24591102852494268], [0.22807431593743513, 0.308067340654198, 0.18152252533501817, 0.28233581807334895], [0.21949709742766665, 0.30262028137065566, 0.18244425406036538, 0.29543836714131233], [0.18177210011237524, 0.2830776933414446, 0.24070135895329942, 0.2944488475928806], [0.16737086443036805, 0.29829068641326684, 0.2730576567217281, 0.2612807924346371], [0.2614570736628733, 0.2883168782555317, 0.15803717517541924, 0.29218887290617535], [0.19859113530697203, 0.284384439524439, 0.2504906589602151, 0.26653376620837393], [0.22117425454665224, 0.30493986164208353, 0.18238363683091408, 0.29150224698035004], [0.18816415071907477, 0.1726485686833031, 0.3938682705074776, 0.2453190100901443], [0.16132516977458303, 0.310679641313961, 0.2354511688373923, 0.29254402007406355], [0.19911737241874097, 0.3240039243411208, 0.2056251206408936, 0.27125358259924476], [0.3373304239031894, 0.25784637186075576, 0.06419573176623064, 0.3406274724698242], [0.2198634220861333, 0.252918051069015, 0.23308354390526234, 0.2941349829395894], [0.16166334855278738, 0.3356390003007816, 0.24040635121142365, 0.2622912999350075], [0.2510019056092694, 0.2561975726696108, 0.18306964244993523, 0.30973087927118476], [0.20027613662200106, 0.27305101716185964, 0.2495478555192223, 0.27712499069691715], [0.3449293017416509, 0.17460854991414487, 0.18805217505286004, 0.29240997329134444], [0.189148326284363, 0.24802120126347277, 0.3294194712096823, 0.2334110012424817], [0.25641214303168963, 0.3020775112425311, 0.14735992092025021, 0.2941504248055289], [0.2024248056834802, 0.3072352308158267, 0.18817298780443584, 0.3021669756962572], [0.2821045592042568, 0.30846433588963434, 0.09386395951630477, 0.31556714538980407], [0.23591782811176226, 0.3092840593644082, 0.1751285391072927, 0.2796695734165368], [0.31345450898788874, 0.28012419484099027, 0.08115114867179425, 0.3252701474993264], [0.22282064485059805, 0.2513167235961406, 0.22962872489423145, 0.29623390665902993], [0.18884750355161206, 0.27684610247019253, 0.2491993638110044, 0.2851070301671909], [0.28899170779595956, 0.24881006746909753, 0.16083710641828888, 0.30136111831665396], [0.19951077399950912, 0.29667610503118513, 0.23645708037893226, 0.2673560405903734], [0.2702723409738366, 0.31113812782310624, 0.12031178822141385, 0.2982777429816433], [0.2652289046541479, 0.2221587321801347, 0.19008597790505016, 0.32252638526066757], [0.2782053362896772, 0.25219839722993764, 0.15255110034063674, 0.3170451661397484], [0.23984710959315372, 0.2827935824616337, 0.2058232926608825, 0.27153601528433], [0.31017150268982435, 0.2840262178279803, 0.07831382494765148, 0.32748845453454384], [0.1760798987205052, 0.24213794321666873, 0.30019149342628365, 0.28159066463654214], [0.2734713866688975, 0.30748142613879187, 0.10190990445647982, 0.31713728273583097], [0.27396489838843824, 0.3240565105345087, 0.09019291149360673, 0.31178567958344644], [0.3176377863287385, 0.219865897008125, 0.20490602118478055, 0.25759029547835605], [0.2520024079555386, 0.26580856372800604, 0.2447317563123801, 0.23745727200407507], [0.15795356695700935, 0.3801450355808512, 0.17858760458460812, 0.2833137928775316], [0.22026568412098518, 0.2690526454482108, 0.22730414418027337, 0.28337752625053064], [0.18122732940833366, 0.3042524437237504, 0.2829280776593896, 0.23159214920852633], [0.27981585688965893, 0.296884767095404, 0.12367456204163366, 0.29962481397330354], [0.28535271823573716, 0.2878558790150807, 0.124554386552804, 0.30223701619637805], [0.2946156419142836, 0.2023646461658782, 0.20943225525243275, 0.29358745666740543], [0.27434372791834916, 0.263506810371389, 0.16830007289721213, 0.2938493888130498], [0.2768708179608977, 0.2785538645801821, 0.13917071100495845, 0.30540460645396167], [0.19213745684679365, 0.2618477009544388, 0.2502669235477224, 0.29574791865104527], [0.2285533418725722, 0.26181854040068037, 0.21104921981247896, 0.2985788979142685], [0.21534682240739408, 0.2713072984963504, 0.252879144717469, 0.2604667343787866], [0.2661332116201758, 0.2572701369468107, 0.19987897922226508, 0.2767176722107481], [0.2975565946366871, 0.2810196917902068, 0.11766605922587081, 0.30375765434723545], [0.2683233041261693, 0.25045213091593443, 0.17987268376740195, 0.3013518811904943], [0.29351648293736987, 0.31245606093866257, 0.06628954213010792, 0.3277379139938594], [0.25291666013763847, 0.30590245392710286, 0.13441959671036127, 0.3067612892248973], [0.13442865719695327, 0.31149724639276943, 0.30957084436885407, 0.2445032520414231], [0.24032310188027123, 0.2345824966402504, 0.24546074382827984, 0.27963365765119835], [0.28064550374653385, 0.26054824712513186, 0.1485163020985055, 0.3102899470298288], [0.3293326207034933, 0.2097358626688069, 0.1781586971362859, 0.28277281949141425], [0.20882334267167418, 0.3013399631691613, 0.1939372668003635, 0.2958994273588012], [0.28067592431569055, 0.3102574251188721, 0.10592874078450515, 0.30313790978093186], [0.1749562582479531, 0.26228582814544243, 0.3073073977802948, 0.25545051582630973], [0.25559272848592035, 0.28348032831344644, 0.17754115049873626, 0.28338579270189684], [0.2715088909524579, 0.2694446659444185, 0.16525116964566236, 0.29379527345746126], [0.15126294459442038, 0.31846313730901377, 0.2617344259672423, 0.26853949212932354], [0.20722614744845677, 0.2760165924899896, 0.21544132067321078, 0.3013159393883429], [0.3243753826477734, 0.25332060499542075, 0.13317897317523736, 0.28912503918156846], [0.2760040616603271, 0.2998189875779638, 0.12057566999788952, 0.3036012807638199], [0.2696995078293129, 0.2749014006107518, 0.18419706275424705, 0.2712020288056883], [0.2065275972454344, 0.26886111740449103, 0.24542734485034212, 0.27918394049973244], [0.268559784194885, 0.3051542699802168, 0.10457179235284034, 0.3217141534720576], [0.24463088735749808, 0.2911210141004472, 0.17202838535454174, 0.292219713187513], [0.28699829250252623, 0.28206518125007446, 0.1815710080628685, 0.24936551818453095], [0.2078001992157176, 0.19633892830735516, 0.3284908364490232, 0.26737003602790405], [0.24050152169056913, 0.3070810265220985, 0.1480323607671649, 0.3043850910201674], [0.27289072393370445, 0.27875670115698387, 0.14231366536878087, 0.3060389095405307], [0.3085479083318337, 0.2533116283738358, 0.12444156982789832, 0.31369889346643204], [0.2898661265285311, 0.2910448614731282, 0.09612723920730847, 0.3229617727910321], [0.2098063294673153, 0.27626460407694475, 0.20049960652412452, 0.31342945993161553], [0.24572097910147306, 0.2872721370409341, 0.19628469367140045, 0.2707221901861928], [0.18011846261125788, 0.3453175959773262, 0.1699356819856541, 0.30462825942576177], [0.31700230141919, 0.2910686859004122, 0.07548079097748958, 0.31644822170290837], [0.21783196582065525, 0.273696571825157, 0.2808585418546064, 0.2276129204995811], [0.2477868232663192, 0.29211338067166703, 0.1603247485494739, 0.2997750475125402], [0.2377650065839083, 0.298645551708786, 0.16534062948238018, 0.29824881222492555], [0.2575641350760826, 0.27224525206416456, 0.19535343198845076, 0.27483718087130216], [0.3006217838131966, 0.2617259456945949, 0.13589181974153938, 0.30176045075066904], [0.26563518688259635, 0.31027133234335913, 0.13360170730258725, 0.2904917734714573], [0.2799955082348254, 0.23755406708692398, 0.17063957347079112, 0.31181085120745966], [0.27927150867799405, 0.25103159636948497, 0.1717104700906903, 0.29798642486183086], [0.2063350795898085, 0.3240376048071376, 0.17138568268937565, 0.2982416329136785], [0.26105213565030716, 0.3058043187327165, 0.14273922512918666, 0.2904043204877895]]}}