{"test": {"ids": ["113121810", "109116930", "111119430", "111121220", "105116650", "110118740", "113118490", "106121220", "112116850", "108115970", "113121220", "100108520", "99121440", "110117870", "109120540", "98116500", "110119300", "101108121", "104112470", "109114030", "110116300", "110118301", "105115680", "99107630", "109114720", "110118701", "105113480", "112119320", "99112531", "102116500", "112116501", "97107821", "106113360", "109118820", "98108410", "99108010", "113118511", "99109910", "108113700", "101109000", "108118060", "111115910", "99112641", "112117431", "104118070", "103120730", "113118111", "109117150", "97116790", "106121190", "103112641", "112117780", "100111620", "112120640", "106116120", "101111620", "102110890", "113120531", "103113270", "108115250", "98107410", "104113550", "107118820", "99108080", "104113240", "103113260", "112117030", "99108890", "104118340", "110114950", "105113210", "107116501", "99112840", "100115700", "108113760", "109120560", "99107660", "108117720", "104111380", "104111990", "103110760", "99107560", "112118810", "113121010", "111119950", "113121680", "113120280", "102117351", "111118301", "112116880", "106118161", "100111080", "110120531", "100109311", "113122160", "109116040", "112118550", "99114890", "108121190", "105112130", "111116010", "112120290", "98120010", "98106880", "97107920", "112120700", "98111860", "111117480", "99107300", "111118910", "109115211", "99111340", "99105921", "105110251", "105118230", "104112201", "100109890", "107114780", "99120010", "112117790", "99109141", "111116750", "107113840", "108119510", "98109570", "97106970", "112119610", "107115140", "99112300", "102113981", "99107950", "112116640", "100110050", "112116990", "109117271", "99119830", "111117120", "113122320", "107116340", "105115380", "106112770", "110118161"], "labels": [2, 0, 3, 3, 1, 3, 1, 1, 0, 2, 3, 2, 2, 3, 1, 2, 1, 0, 1, 1, 3, 1, 2, 2, 0, 3, 0, 1, 3, 1, 3, 2, 0, 3, 1, 2, 1, 2, 0, 1, 1, 2, 1, 0, 2, 1, 1, 2, 2, 2, 3, 0, 3, 0, 1, 3, 0, 0, 2, 1, 3, 1, 3, 3, 2, 3, 2, 0, 2, 0, 3, 1, 2, 1, 1, 1, 3, 1, 3, 2, 1, 1, 3, 2, 0, 1, 0, 1, 3, 0, 3, 0, 0, 1, 3, 0, 3, 2, 1, 1, 1, 1, 2, 0, 0, 2, 0, 1, 3, 0, 0, 1, 1, 0, 1, 0, 3, 2, 2, 3, 3, 3, 3, 1, 1, 2, 0, 0, 0, 1, 1, 0, 3, 0, 0, 1, 2, 1, 3, 1, 1, 0], "predicted_labels": [2, 0, 3, 1, 2, 0, 3, 3, 3, 1, 3, 2, 2, 3, 3, 0, 1, 0, 1, 0, 1, 3, 1, 3, 3, 1, 1, 1, 3, 3, 3, 0, 3, 0, 0, 1, 1, 2, 3, 3, 3, 1, 0, 0, 3, 1, 3, 1, 2, 3, 3, 3, 2, 0, 1, 0, 3, 3, 2, 3, 0, 0, 1, 0, 1, 3, 1, 1, 3, 3, 0, 1, 2, 3, 1, 3, 0, 3, 3, 1, 3, 1, 0, 1, 0, 3, 0, 1, 0, 1, 0, 1, 0, 0, 3, 3, 0, 3, 3, 1, 1, 0, 3, 1, 0, 3, 2, 1, 3, 1, 3, 2, 1, 0, 1, 3, 3, 1, 1, 0, 0, 0, 1, 3, 0, 2, 1, 3, 0, 0, 1, 1, 1, 3, 3, 2, 1, 2, 3, 1, 3, 1], "confidence_scores": [[0.043825456999922345, 0.2798997327623126, 0.6501814043343345, 0.026093405903430532], [0.755745455868637, 0.1423690642470852, 0.005159130908724629, 0.09672634897555314], [0.02723876373281057, 0.16699744367330616, 0.032747384993321145, 0.7730164076005622], [0.14941184208017083, 0.40348970509680426, 0.06616960056453058, 0.3809288522584943], [0.009252115729141641, 0.20982477479255068, 0.6362632366391358, 0.14465987283917195], [0.558964581964063, 0.039870632182873664, 0.011771847147638202, 0.3893929387054251], [0.008668230653335066, 0.007892610191396027, 0.0010844555335602622, 0.9823547036217086], [0.020050264848220575, 0.12632214640106368, 0.011389939008725826, 0.84223764974199], [0.03281406862260868, 0.25971340595852593, 0.00958662851768528, 0.6978858969011801], [0.05081361084259796, 0.7326567034536692, 0.09459484024498459, 0.12193484545874833], [0.1926390846634671, 0.012574597632765801, 0.027973920916372366, 0.7668123967873947], [0.07299797224336706, 0.03254217027520432, 0.7707259338328077, 0.12373392364862078], [0.08963514994161592, 0.29007748817090456, 0.5899298065874762, 0.030357555300003208], [0.14542003051885047, 0.019746711883703597, 0.13695301919203565, 0.6978802384054104], [0.19031835776900477, 0.307287988319945, 0.03580805334334389, 0.4665856005677062], [0.884490466257824, 0.01049720431921803, 0.044737490296064705, 0.06027483912689337], [0.1289395842523769, 0.558168089101756, 0.08884663881713534, 0.22404568782873177], [0.7749499415977704, 0.06600613477469924, 0.009490664662492576, 0.14955325896503763], [0.027205895936427412, 0.752959432118546, 0.050012848710001036, 0.16982182323502554], [0.8546294093978087, 0.042235469280922686, 0.026102129600467476, 0.07703299172080122], [0.04765858661170628, 0.8251477240204196, 0.0208254379083352, 0.10636825145953888], [0.3834504902761934, 0.09819017870058647, 0.010487505171275469, 0.5078718258519447], [0.01039767731947845, 0.5407329401281633, 0.07304043566582097, 0.3758289468865374], [0.07114242627768401, 0.024212629501066285, 0.006406504455158716, 0.898238439766091], [0.003207604585282332, 0.10990847506446241, 0.08652438592871214, 0.8003595344215431], [0.19877463093281797, 0.41952480416132454, 0.008194380113847129, 0.37350618479201053], [0.09262832380723422, 0.42986085952465153, 0.16570904094934785, 0.31180177571876644], [0.0018639993632501997, 0.8663424984329884, 0.028336251789206245, 0.10345725041455513], [0.45087443277776773, 0.015787423260883515, 0.06569290044506398, 0.46764524351628467], [0.24544619615752497, 0.17478693108824508, 0.22196275675074803, 0.35780411600348194], [0.3505065512057062, 0.044525173692997425, 0.009544743284893055, 0.5954235318164033], [0.44735556337522064, 0.06524307743259136, 0.061415971376889714, 0.4259853878152984], [0.09118119842609751, 0.133523837409373, 0.006243960741253692, 0.7690510034232758], [0.5378425916495604, 0.4268284064435009, 0.01010602535484876, 0.02522297655208996], [0.3456628738742966, 0.13112833960402676, 0.23141828354708469, 0.291790502974592], [0.11261642597433148, 0.7401026666239231, 0.09157312020361286, 0.05570778719813257], [0.35871754143192086, 0.5194139499209238, 0.03339683246167015, 0.08847167618548528], [0.07176132094051632, 0.4325689145831001, 0.463247793187896, 0.03242197128848746], [0.04490157810269903, 0.33425745599475876, 0.037756507753914724, 0.5830844581486274], [0.011761308555392893, 0.11485196314644107, 0.014939743091379888, 0.8584469852067861], [0.025002091863115628, 0.08055615633882468, 0.048071383642825975, 0.8463703681552337], [0.020548243344811035, 0.6222706742819838, 0.0283475861798387, 0.32883349619336644], [0.4197610295643826, 0.06906646478007415, 0.1302343082533044, 0.38093819740223894], [0.8286511031960219, 0.07467992524164199, 0.0032789213971512127, 0.09339005016518467], [0.01328980172250482, 0.014327142169556438, 0.2880303749528769, 0.6843526811550618], [0.21812936157993115, 0.5434584242315078, 0.10363187041017226, 0.13478034377838868], [0.12470204477333867, 0.11245543833165171, 0.05356384402307251, 0.7092786728719372], [0.024459237646569796, 0.9236136728664854, 0.0059263140376334825, 0.04600077544931126], [0.2714505048202103, 0.31565276911876516, 0.33707962294884736, 0.0758171031121772], [0.004291506731675617, 0.3775071398204983, 0.11179543431405632, 0.5064059191337698], [0.3768790355229452, 0.012782123818067596, 0.029746188107781284, 0.580592652551206], [0.17354038666858254, 0.056302345623736004, 0.01942240091223494, 0.7507348667954465], [0.22861137219309713, 0.06337930599770075, 0.4624764133978057, 0.2455329084113964], [0.8765458479526961, 0.0076791217927688485, 0.01796630581977809, 0.09780872443475712], [0.13139330104683092, 0.663468990377754, 0.13236721305578047, 0.07277049551963456], [0.6757980590327627, 0.104473336513415, 0.1504957026773886, 0.06923290177643375], [0.31391223378465644, 0.007307673250597486, 0.029039320891555056, 0.649740772073191], [0.3526756639935579, 0.2441958505074932, 0.0340119887093692, 0.3691164967895797], [0.00768995687696298, 0.031641224047922356, 0.5359439424390589, 0.42472487663605574], [0.03371203005388095, 0.010537061486668317, 0.026476578920089627, 0.9292743295393611], [0.907110094046787, 0.005154342061951189, 0.0070633353524964925, 0.0806722285387654], [0.8251138890600862, 0.06819083697071278, 0.015309425761428148, 0.09138584820777296], [0.07028488175121107, 0.454355981861847, 0.047690249169952015, 0.4276688872169899], [0.5071366737396752, 0.2836503461669131, 0.02457681847591188, 0.18463616161749982], [0.005683078567124614, 0.990836610191721, 0.0026971817959384092, 0.000783129445215755], [0.04050721607449623, 0.3305438686232339, 0.028312814884884924, 0.6006361004173848], [0.06601233223177301, 0.46709686751865526, 0.2609860774384027, 0.20590472281116906], [0.15547019506385132, 0.5901868521916251, 0.1554703042522114, 0.09887264849231224], [0.03092568284122182, 0.2501546280924532, 0.2623440628838667, 0.45657562618245817], [0.2696043933046712, 0.19153407354626772, 0.024852030187017145, 0.5140095029620438], [0.51301929550859, 0.06536002712850178, 0.02566330897919496, 0.3959573683837133], [0.26408856714229245, 0.5497544426019502, 0.03909778950930116, 0.1470592007464563], [0.025898009988254162, 0.15503581892792634, 0.5583992360602548, 0.26066693502356475], [0.09734396252958163, 0.2645518025606883, 0.09825978395323542, 0.5398444509564946], [0.030069432211298222, 0.8435322961290109, 0.040563548901547945, 0.08583472275814308], [0.11228908095374504, 0.023313272218919812, 0.028125621239853207, 0.836272025587482], [0.6663495973151018, 0.179691969539755, 0.016565338814481967, 0.13739309433066108], [0.12153801134999438, 0.120549493292232, 0.0736365515934909, 0.6842759437642827], [0.16767649119370379, 0.05563651155106685, 0.054616711774859716, 0.7220702854803697], [0.15721192407528586, 0.6551573330379806, 0.11993372957329021, 0.0676970133134433], [0.15706965557851854, 0.05153160801679874, 0.03763666859051379, 0.7537620678141689], [0.025045353976564416, 0.949984543499348, 0.012805346268726984, 0.012164756255360416], [0.8503985984748271, 0.045103817052014716, 0.016712457999244854, 0.08778512647391334], [0.05389368438493863, 0.5542117064796643, 0.29321227390365234, 0.0986823352317447], [0.6618465907824186, 0.05031767206998979, 0.021273636311886786, 0.2665621008357048], [0.067305420079939, 0.23171008258069128, 0.3030091419714, 0.3979753553679698], [0.6734145797864035, 0.00728517496572632, 0.00303942122736941, 0.31626082402050093], [0.3409253567901898, 0.413733627583532, 0.027664568246446378, 0.21767644737983183], [0.38532940744223015, 0.0524642306654475, 0.18169809792015523, 0.38050826397216714], [0.007751399458643422, 0.9726978875823376, 0.012043880100468496, 0.007506832858550643], [0.4935499139117216, 0.44985764828238456, 0.019284785679340454, 0.03730765212655345], [0.2294659555175291, 0.47242522498012557, 0.25944219850478967, 0.03866662099755578], [0.5144996196475414, 0.3370333617035844, 0.03282585381845856, 0.11564116483041562], [0.5903341530784021, 0.20977363334949414, 0.05711576973806772, 0.14277644383403604], [0.09343783911329982, 0.12451160687213059, 0.0386362961506264, 0.7434142578639432], [0.02900506736681773, 0.22791148608813983, 0.015264718235191115, 0.7278187283098514], [0.6940728825055075, 0.07042172905688368, 0.032371129619367396, 0.20313425881824154], [0.011934977993642315, 0.36836947948114684, 0.07077771745952802, 0.5489178250656829], [0.006159200642466705, 0.4221130975048905, 0.14765374616966126, 0.4240739556829815], [0.00637715106894638, 0.854007332532929, 0.03818069642117766, 0.10143481997694699], [0.020822902287012567, 0.5345269894567939, 0.3595285309581964, 0.08512157729799717], [0.4895563740358557, 0.28034237842441634, 0.025851943326797047, 0.20424930421293097], [0.06437942682813731, 0.016518510176901566, 0.3635976694775075, 0.5555043935174536], [0.2774824980852744, 0.44671232631293395, 0.23524755439392286, 0.04055762120786875], [0.93584883428024, 0.002335662049282101, 0.003981598356258552, 0.057833905314219225], [0.11709670619655232, 0.4090371006168674, 0.044343189225292894, 0.4295230039612874], [0.004260610858229182, 0.034826684295908406, 0.910885556103159, 0.0500271487427033], [0.09376046861790271, 0.7840984684810487, 0.05054614298037304, 0.07159491992067553], [0.40824869272115083, 0.04488578917132615, 0.013718968389307199, 0.5331465497182158], [0.3148340506915036, 0.4416326055862673, 0.09089512794470218, 0.15263821577752687], [0.014747267890334589, 0.06916683328270036, 0.02129771510956582, 0.8947881837173992], [0.016873277171930455, 0.3451529603340703, 0.6088205083299376, 0.02915325416406145], [0.1811627688750675, 0.6499652227227901, 0.032115155916247376, 0.136756852485895], [0.5711957036504036, 0.24054463195967912, 0.13935636329939174, 0.0489033010905255], [0.00497501590321508, 0.878105486789282, 0.06651486481480907, 0.050404632492693925], [0.4011715127134416, 0.10181767892124564, 0.04861743758207441, 0.4483933707832385], [0.21903401329854968, 0.055239586031348195, 0.25681520367047067, 0.4689111969996315], [0.0206463997994592, 0.6437747174511427, 0.07048814866088983, 0.26509073408850825], [0.07326916176154404, 0.7876284491450087, 0.0698439896196535, 0.06925839947379371], [0.6043415890381305, 0.02498408872436116, 0.0064273776852999944, 0.3642469445522084], [0.7102365514100178, 0.16410392984225022, 0.007908109013762142, 0.11775140973396972], [0.8480332565464331, 0.007526126722245488, 0.04037513987772937, 0.10406547685359191], [0.09875408098183891, 0.5130852026148764, 0.10210365334552554, 0.2860570630577592], [0.0793973891386631, 0.038375024122301114, 0.0537081935637303, 0.8285193931753054], [0.8219503921226946, 0.043496328972866295, 0.020090702748226663, 0.11446257615621244], [0.004579908158642431, 0.171339118627456, 0.6545445227615233, 0.16953645045237825], [0.0016917809194158572, 0.7523096814054793, 0.19006920016678244, 0.055929337508322415], [0.1456783522154412, 0.010873141171875414, 0.028448616661083732, 0.8149998899515997], [0.5018373824611104, 0.015532344207475115, 0.08323169911800453, 0.3993985742134099], [0.6716792941773102, 0.09087599100983841, 0.03635739425007368, 0.20108732056277764], [0.005107178204286721, 0.8389937182401241, 0.14282305077849763, 0.013076052777091732], [0.11755823992960651, 0.7310441096593903, 0.026551173370262433, 0.12484647704074082], [0.04314009417956535, 0.755114156442809, 0.16440466864303038, 0.03734108073459521], [0.0638098653846183, 0.06232681104525317, 0.2520986634799133, 0.6217646600902152], [0.12107478231733995, 0.040641493821472106, 0.011544731245701234, 0.8267389926154867], [0.12200469373233827, 0.31670438698985437, 0.4408497538585253, 0.120441165419282], [0.12150074764623787, 0.8687757294353925, 0.0022588919217458483, 0.007464630996623824], [0.04350975301070988, 0.24891126719373527, 0.4851097471849365, 0.22246923261061832], [0.023524593697398514, 0.01461595324770586, 0.020302020364461524, 0.941557432690434], [0.030434477054151622, 0.6471496149941769, 0.20882230402180024, 0.11359360392987118], [0.024762657384439155, 0.3603172379974581, 0.21783593020499123, 0.39708417441311167], [0.33478811353280447, 0.36648731953217983, 0.026973939350580633, 0.27175062758443497]]}, "rewritten": {"ids": ["97106970", "97107821", "97107920", "97116790", "98106880", "98107410", "98108410", "98109570", "98111860", "98116500", "98120010", "99105921", "99107300", "99107560", "99107630", "99107660", "99107950", "99108010", "99108080", "99108890", "99109141", "99109910", "99111340", "99112300", "99112531", "99112641", "99112840", "99114890", "99119830", "99120010", "99121440", "100108520", "100109311", "100109890", "100110050", "100111080", "100111620", "100115700", "101108121", "101109000", "101111620", "102110890", "102113981", "102116500", "102117351", "103110760", "103112641", "103113260", "103113270", "103120730", "104111380", "104111990", "104112201", "104112470", "104113240", "104113550", "104118070", "104118340", "105110251", "105112130", "105113210", "105113480", "105115380", "105115680", "105116650", "105118230", "106112770", "106113360", "106116120", "106118161", "106121190", "106121220", "107113840", "107114780", "107115140", "107116340", "107116501", "107118820", "108113700", "108113760", "108115250", "108115970", "108117720", "108118060", "108119510", "108121190", "109114030", "109114720", "109115211", "109116040", "109116930", "109117150", "109117271", "109118820", "109120540", "109120560", "110114950", "110116300", "110117870", "110118161", "110118301", "110118701", "110118740", "110119300", "110120531", "111115910", "111116010", "111116750", "111117120", "111117480", "111118301", "111118910", "111119430", "111119950", "111121220", "112116501", "112116640", "112116850", "112116880", "112116990", "112117030", "112117431", "112117780", "112117790", "112118550", "112118810", "112119320", "112119610", "112120290", "112120640", "112120700", "113118111", "113118490", "113118511", "113120280", "113120531", "113121010", "113121220", "113121680", "113121810", "113122160", "113122320"], "labels": [2, 2, 0, 2, 0, 3, 1, 1, 0, 2, 2, 1, 3, 1, 2, 3, 1, 2, 3, 0, 3, 2, 1, 0, 3, 1, 2, 2, 1, 2, 2, 2, 1, 3, 3, 0, 3, 1, 0, 1, 3, 0, 1, 1, 1, 1, 3, 3, 2, 1, 3, 2, 0, 1, 2, 1, 2, 2, 0, 1, 3, 0, 1, 2, 1, 1, 1, 0, 1, 3, 2, 1, 3, 2, 0, 3, 1, 3, 0, 1, 1, 2, 1, 1, 1, 1, 1, 0, 0, 0, 0, 2, 0, 3, 1, 1, 0, 3, 3, 0, 1, 3, 3, 1, 0, 2, 1, 3, 2, 1, 3, 0, 3, 0, 3, 3, 0, 0, 0, 0, 2, 0, 0, 3, 3, 3, 1, 0, 1, 0, 2, 1, 1, 1, 0, 0, 2, 3, 1, 2, 3, 1], "predicted_labels": [2, 0, 0, 2, 0, 0, 0, 0, 2, 0, 2, 0, 0, 1, 0, 0, 2, 1, 0, 1, 0, 2, 0, 0, 0, 0, 3, 2, 2, 0, 2, 2, 0, 0, 2, 0, 0, 3, 0, 3, 0, 0, 0, 1, 1, 0, 0, 0, 0, 0, 3, 0, 0, 3, 0, 0, 0, 2, 0, 1, 0, 0, 2, 2, 3, 1, 0, 0, 2, 0, 2, 3, 1, 1, 3, 3, 3, 1, 2, 0, 0, 0, 3, 0, 0, 0, 0, 2, 0, 2, 0, 2, 0, 1, 0, 2, 3, 0, 0, 0, 0, 0, 0, 1, 0, 3, 0, 0, 1, 0, 0, 3, 1, 0, 3, 0, 0, 0, 0, 0, 0, 2, 0, 0, 3, 0, 3, 2, 2, 0, 0, 0, 3, 0, 0, 0, 1, 0, 0, 2, 0, 0], "confidence_scores": [[0.11132056929138656, 0.040404445335186834, 0.812386356425897, 0.035888628947529685], [0.5343086126637537, 0.19091040735911285, 0.1321754042414734, 0.14260557573566016], [0.9001878212780821, 0.0038821649990839445, 0.01279151322675136, 0.0831385004960828], [0.3168954708178923, 0.2762524558632527, 0.3215697283579614, 0.08528234496089364], [0.9463815457959719, 0.004878259851498767, 0.020053899802493152, 0.028686294550036153], [0.8953034971226995, 0.01908507402591536, 0.018236723360412214, 0.06737470549097302], [0.8444903847979953, 0.0031027703362214326, 0.03329694474850233, 0.1191099001172809], [0.44539981808486084, 0.14936939533427276, 0.005281677894393145, 0.3999491086864734], [0.19603825560356752, 0.019641651593512673, 0.5484993768719364, 0.2358207159309835], [0.7858292335076323, 0.16259679294104984, 0.02580550804794684, 0.02576846550337104], [0.042292810854467316, 0.019977986988991447, 0.6218662741462706, 0.31586292801027066], [0.6701423896621533, 0.2085607405454238, 0.07260579271047184, 0.0486910770819511], [0.8486180095794004, 0.000952314068880743, 0.0032159705950124216, 0.14721370575670636], [0.26239706560234827, 0.6829610700521478, 0.04808882064385376, 0.006553043701650257], [0.642170357635128, 0.007000069426460854, 0.04332777132067921, 0.3075018016177319], [0.7448355991719159, 0.038285756371642256, 0.0884928598550825, 0.12838578460135933], [0.01241025523837206, 0.30177764473152574, 0.6791676444267815, 0.006644455603320776], [0.17013795072699156, 0.641252329273896, 0.12710967370504933, 0.06150004629406309], [0.955684850064704, 0.01031920807159716, 0.009212385161651137, 0.024783556702047668], [0.19759442777213174, 0.3489492108004739, 0.26667876025690174, 0.18677760117049264], [0.9414590238798485, 0.017173524390650594, 0.002267231313827162, 0.03910022041567382], [0.2880558924914866, 0.008279654117035615, 0.6747165074761361, 0.028947945915341673], [0.6686090801971861, 0.13509172282083104, 0.027763172603963198, 0.16853602437801957], [0.4294833191985304, 0.11373791884711679, 0.13341954549112528, 0.3233592164632276], [0.879336943387293, 0.0026171367820149033, 0.006048506668228945, 0.11199741316246321], [0.7169676073593297, 0.005638280475080155, 0.255717120740312, 0.021676991425277972], [0.1991329842220254, 0.37113971711532867, 0.053235676562413875, 0.3764916221002322], [0.17526263942946974, 0.11517839527176785, 0.5599783894853876, 0.1495805758133749], [0.1587294798979947, 0.013507497107892815, 0.7590217764753104, 0.068741246518802], [0.7013246910795379, 0.15586595621067223, 0.0735509761816029, 0.06925837652818703], [0.15629344394541458, 0.35242900224284174, 0.4805338794638444, 0.010743674347899228], [0.1632656559410225, 0.057680896361758695, 0.5910061593703638, 0.18804728832685505], [0.8586930319179303, 0.019957030052439945, 0.007757242787268774, 0.113592695242361], [0.8372030399331045, 0.1368839485653193, 0.014184957280323495, 0.011728054221252572], [0.3246870858792061, 0.24797709837516113, 0.4136441354380135, 0.013691680307619435], [0.5034832378404667, 0.266873277620787, 0.1988676423277955, 0.03077584221095088], [0.6924890172910008, 0.0022882538760943248, 0.17625431407680836, 0.1289684147560965], [0.34652412805976723, 0.004860553485560664, 0.2893838956772161, 0.35923142277745596], [0.8672989287944755, 0.03961029007799916, 0.011295959590610147, 0.08179482153691531], [0.09887400212873614, 0.04666676175890418, 0.06798998171033148, 0.7864692544020282], [0.52700816998267, 0.012069184440393167, 0.4540151633743884, 0.006907482202548482], [0.8241287484232434, 0.01693653365264481, 0.03541936778385539, 0.12351535014025651], [0.5619079631429478, 0.07846650475958611, 0.17530205617753739, 0.18432347591992881], [0.20400711541358701, 0.5876328384153274, 0.15791218111477662, 0.05044786505630917], [0.3822153322966741, 0.5666303405077969, 0.026475794150430318, 0.024678533045098705], [0.7990956573811037, 0.032787403531594844, 0.08418950615072002, 0.0839274329365816], [0.5882609066906994, 0.1946088967952288, 0.0936641267336099, 0.12346606978046193], [0.6070587572396994, 0.2616326766673464, 0.05766361007514042, 0.07364495601781385], [0.4084255857928818, 0.06466475734386623, 0.36976789543692173, 0.15714176142633016], [0.5477759616341825, 0.09058156849221026, 0.09878479154828743, 0.2628576783253198], [0.29935116692704977, 0.05954703483199623, 0.15319841902917403, 0.48790337921178], [0.4955547641392451, 0.0686781835210662, 0.3709276760237265, 0.06483937631596239], [0.8035564066695413, 0.03716940535195694, 0.012602452071049913, 0.14667173590745186], [0.16179305363632018, 0.33336637174497175, 0.10398814216548959, 0.40085243245321855], [0.6451860969480593, 0.18914935357114768, 0.16367063809221805, 0.0019939113885751136], [0.915401248183173, 0.038369949134889884, 0.01655340014501833, 0.02967540253691885], [0.6056055522136927, 0.01001004773567702, 0.32662917155462273, 0.05775522849600764], [0.04778128410512271, 0.1560879582827307, 0.5743866650266292, 0.22174409258551758], [0.964713597455198, 0.0117668997139154, 0.01435071122428056, 0.009168791606606058], [0.3067611847678583, 0.4042039034705612, 0.27341235749998727, 0.015622554261593216], [0.9133496832462663, 0.024044692819095496, 0.04896807037203489, 0.013637553562603348], [0.2749996607127026, 0.24880454335671984, 0.20352793870750824, 0.27266785722306924], [0.11623336956808662, 0.018152640013780787, 0.8139278009144962, 0.05168618950363652], [0.3356661303916031, 0.176317654799546, 0.4574104007849137, 0.03060581402393723], [0.21926204074156402, 0.22332609094739794, 0.10552072577218398, 0.4518911425388541], [0.1117665799630633, 0.5788174814276261, 0.04346470123377162, 0.26595123737553883], [0.44873667434591097, 0.2645339731712867, 0.24402182560976024, 0.0427075268730421], [0.656649039390251, 0.19257660206173188, 0.016494001285882676, 0.13428035726213453], [0.3152686002307436, 0.045852488206655044, 0.47679781729391246, 0.16208109426868875], [0.9231483901359999, 0.05215604654162669, 0.018776058055450986, 0.005919505266922455], [0.017806080269434824, 0.1327228483165444, 0.6272541838230331, 0.22221688759098768], [0.09092075479153604, 0.010667877931034232, 0.14977876248240596, 0.7486326047950238], [0.3041373829086548, 0.48761648583181133, 0.1268674013333824, 0.08137872992615162], [0.03843289303581004, 0.43549994758296384, 0.3416532890007681, 0.1844138703804579], [0.336299777408249, 0.0020790568682319353, 0.010481660695448475, 0.6511395050280706], [0.27389277845511073, 0.03490173844350177, 0.18123333025791402, 0.5099721528434735], [0.1525361368269061, 0.004474530536991685, 0.00297870470568863, 0.8400106279304136], [0.23058904627078422, 0.4643671689789074, 0.14066539183136195, 0.16437839291894643], [0.1363823004472594, 0.3111186175845096, 0.45591723293171266, 0.0965818490365182], [0.38795241372307515, 0.21598356744650313, 0.10278235877643979, 0.2932816600539819], [0.471567351273844, 0.12122451674774926, 0.28735856556377926, 0.11984956641462746], [0.7752484133064633, 0.10167712539363406, 0.08768846437535614, 0.035385996924546435], [0.20421798717725617, 0.10205089906447788, 0.014847500206284453, 0.6788836135519816], [0.4453484336726761, 0.007019056518284543, 0.2080046203385315, 0.3396278894705078], [0.5662739140714442, 0.024939393862112465, 0.01257403287382476, 0.3962126591926185], [0.338696388037982, 0.1672575247151282, 0.258672839321649, 0.23537324792524097], [0.5666149535257694, 0.19773506142052166, 0.04487020033326732, 0.19077978472044171], [0.33405864304448424, 0.017140932523467704, 0.4529603334457739, 0.1958400909862742], [0.8167291931031755, 0.03349843660271381, 0.06666955199975982, 0.083102818294351], [0.31510630202207524, 0.07819120830787914, 0.3167172417304165, 0.2899852479396293], [0.6877045846551461, 0.0437445770617673, 0.059327210262618675, 0.20922362802046787], [0.1588090367915441, 0.23194781212714125, 0.5042091165021355, 0.10503403457917926], [0.7353074948103991, 0.010121407417971916, 0.005684328928966487, 0.24888676884266245], [0.2529888845990538, 0.7213600893089808, 0.015060341711335941, 0.010590684380629592], [0.7233501803103051, 0.20113965065495137, 0.03567384006574176, 0.03983632896900165], [0.09130154288037691, 0.05996072290352176, 0.8048974770733855, 0.0438402571427158], [0.38777203931921533, 0.16185959175749504, 0.029350346521593195, 0.42101802240169645], [0.7356865670500397, 0.14566945642573131, 0.09982980316919017, 0.018814173355038856], [0.8988327956465118, 0.05074170357803183, 0.031139489746128395, 0.019286011029327917], [0.661527757020261, 0.051363177416034175, 0.05370333905445651, 0.2334057265092482], [0.9345664919670679, 0.016598165130659013, 0.02527983083292285, 0.02355551206935019], [0.35221465799478396, 0.14433216774580077, 0.27080525331580046, 0.23264792094361483], [0.8333808458551152, 0.008796671214767411, 0.043385835210241475, 0.11443664771987602], [0.23777107448629783, 0.6045295197851901, 0.0281596714853861, 0.12953973424312598], [0.5094821790352871, 0.20398475911601707, 0.10233480104425237, 0.18419826080444346], [0.06195425411156023, 0.19940906190676783, 0.3010310435579599, 0.4376056404237121], [0.6822148373778159, 0.062341105694171166, 0.14826940945150893, 0.10717464747650403], [0.9794734038055394, 0.00400580958745462, 0.003059251390651446, 0.013461535216354471], [0.2961035535746284, 0.41715616348894985, 0.08958520221075447, 0.19715508072566737], [0.38879393974816145, 0.3851637875031079, 0.01887069753043549, 0.2071715752182952], [0.756819871433743, 0.2014582520752608, 0.03846881241476046, 0.003253064076235632], [0.4366888418738105, 0.00926796377696016, 0.04614630851394094, 0.5078968858352884], [0.026372399102555198, 0.5218514573341069, 0.013541041683896908, 0.43823510187944104], [0.9173431569296798, 0.03354316243479123, 0.02821711344233304, 0.020896567193195822], [0.356914079268058, 0.06307085841085322, 0.0204152552265343, 0.5595998070945545], [0.8479361275980596, 0.03977569396603701, 0.006112538471468379, 0.10617563996443515], [0.9177407221833914, 0.022928958644678893, 0.05187341253467774, 0.007456906637252005], [0.6507659196797617, 0.18207491780090793, 0.07282756773423771, 0.09433159478509279], [0.6596051475597707, 0.04653745502763185, 0.11511565372420553, 0.1787417436883919], [0.643543519798334, 0.03623567944126954, 0.17223017096238702, 0.14799062979800934], [0.4845794869610761, 0.12628543711129409, 0.20358151303811864, 0.18555356288951122], [0.29207751155092887, 0.2581472415290685, 0.42075023600411343, 0.0290250109158893], [0.551006463056636, 0.07703801345967178, 0.15151068141314278, 0.2204448420705495], [0.978325497537913, 0.0017078665265327744, 0.002095760750502667, 0.017870875185051614], [0.1424135356512659, 0.3686981112929107, 0.017136341286706665, 0.47175201176911685], [0.9592752900336127, 0.012387418319086267, 0.022269825934224708, 0.0060674657130762215], [0.23374094364312242, 0.13507793292750983, 0.16997331845664312, 0.4612078049727247], [0.15533311339415037, 0.32337605143669773, 0.40095044286025117, 0.1203403923089007], [0.15301095556072694, 0.016450828184240106, 0.7197868902921729, 0.11075132596285997], [0.8712008268947584, 0.008113356426063026, 0.07084698993839979, 0.04983882674077864], [0.5477761826841608, 0.11212035229505876, 0.2692420286226681, 0.0708614363981123], [0.8412856910462231, 0.04906121517082529, 0.019661909397837032, 0.08999118438511443], [0.2846067479025545, 0.2195238073535275, 0.03729294387641988, 0.458576500867498], [0.8948964659847192, 0.0453013593721642, 0.034810192412419366, 0.02499198223069732], [0.6332935344835207, 0.001518350289816247, 0.1992409152124387, 0.16594720001422444], [0.9189808383162231, 0.04117457456245877, 0.008812162949362498, 0.031032424171955467], [0.21688574731437696, 0.41101617561925674, 0.3651431866261496, 0.00695489044021657], [0.3864575137251534, 0.05427766991145223, 0.24506974618612778, 0.31419507017726656], [0.8309736050897384, 0.017169627605337398, 0.13575431605785296, 0.01610245124707141], [0.0699819507563818, 0.2740683039114643, 0.44166385335236424, 0.21428589197978956], [0.3441561712808363, 0.27970608126927066, 0.19945836912418438, 0.17667937832570868], [0.558916532895071, 0.21151137828758115, 0.039962610951607996, 0.18960947786573973]]}}