{"test": {"ids": ["104113380", "111119150", "110115890", "104114320", "108114200", "113119930", "105116441", "108114220", "108114270", "99109141", "105121190", "109116170", "97116800", "99119830", "111116640", "110118121", "108118630", "97106591", "111118301", "110115250", "110116501", "110116170", "112118890", "112121010", "105114220", "112120990", "112119500", "106116370", "107118120", "99111440", "113119300", "99107500", "100111080", "113117550", "103113170", "101116130", "97118210", "105116090", "104118070", "100107920", "99113260", "110117110", "108116070", "108118520", "113118111", "106117770", "110118111", "99120010", "100115700", "106113360", "105113330", "99109840", "101109370", "110115120", "106118820", "113118630", "111116040", "98106880", "112120270", "97106600", "107120260", "101112540", "97116500", "111117120", "111119250", "111121220", "109116810", "98108410", "113120640", "110115140", "102110750", "102118380", "103118291", "109121640", "109118701", "107116501", "108114180", "97112830", "105118230", "101111990", "99109370", "102108621", "111121190", "112118161", "97105451", "110121450", "100117420", "104114410", "109113281", "111115620", "112116451", "111118820", "111116530", "99108330", "108117610", "112120700", "101108370", "105112100", "113120540", "108114040", "106114880", "101108500", "104119290", "107119130", "109118820", "103111990", "110114950", "101109000", "102114270", "99108520", "112121360", "111116750", "104113240", "104109311", "102113981", "109114720", "110118930", "111119930", "107116340", "112118421", "110120531", "104111780", "112118550", "108120700", "113118870", "111116290", "99111620", "98120530", "103113610", "98111670", "101110200", "97109570", "108118301", "107120130", "102112250", "107121230", "101119030", "111117571", "113120751", "105113210", "109117431", "103117200"], "labels": [1, 3, 2, 2, 0, 1, 1, 3, 3, 3, 2, 0, 0, 1, 0, 3, 1, 1, 3, 1, 3, 0, 3, 2, 3, 2, 2, 2, 3, 3, 1, 0, 0, 3, 3, 2, 2, 1, 2, 0, 0, 0, 1, 0, 1, 0, 1, 2, 1, 0, 3, 2, 1, 0, 3, 3, 0, 0, 0, 3, 1, 2, 2, 2, 1, 3, 3, 1, 0, 0, 1, 1, 0, 0, 3, 1, 1, 2, 1, 2, 1, 3, 1, 0, 0, 3, 2, 1, 0, 1, 0, 0, 3, 1, 3, 2, 1, 1, 3, 0, 0, 3, 1, 1, 3, 2, 0, 1, 3, 2, 3, 3, 2, 3, 1, 0, 1, 1, 3, 3, 0, 3, 3, 2, 0, 2, 3, 1, 2, 1, 2, 0, 1, 2, 0, 0, 3, 3, 1, 3, 1, 0], "predicted_labels": [3, 1, 1, 1, 2, 1, 1, 0, 0, 0, 2, 1, 0, 2, 3, 1, 3, 2, 0, 1, 1, 0, 3, 2, 0, 1, 2, 0, 0, 1, 1, 3, 2, 3, 0, 1, 2, 0, 3, 3, 3, 1, 0, 0, 0, 0, 0, 1, 3, 3, 3, 2, 1, 0, 1, 1, 0, 1, 0, 3, 0, 1, 3, 3, 0, 3, 1, 1, 0, 0, 2, 2, 0, 1, 1, 1, 1, 2, 1, 3, 1, 3, 0, 0, 1, 0, 3, 2, 0, 3, 3, 0, 1, 3, 3, 1, 3, 3, 1, 2, 2, 2, 2, 1, 1, 3, 3, 3, 2, 2, 0, 0, 1, 0, 0, 3, 1, 3, 3, 0, 0, 1, 0, 0, 1, 1, 1, 1, 1, 0, 1, 3, 3, 1, 3, 0, 3, 3, 0, 3, 0, 1], "confidence_scores": [[0.08239760878371527, 0.03566340295324818, 0.01247638718494544, 0.869462601078091], [0.1568200762635162, 0.636571408132865, 0.054398899939708416, 0.1522096156639105], [0.0023660572852764166, 0.9931253903378097, 0.0037259015706444937, 0.0007826508062693313], [0.18283169416223546, 0.6514851625996222, 0.16045951629083782, 0.005223626947304485], [0.07780707225156017, 0.3460470475093182, 0.46755795704014236, 0.10858792319897928], [0.009272729133459353, 0.9385264064857587, 0.017514327987822254, 0.03468653639295966], [0.03446659935288637, 0.9589918597848853, 0.00023074389832000798, 0.00631079696390819], [0.7375221875597039, 0.20166484926055497, 0.001719538220757213, 0.05909342495898405], [0.7554701240476727, 0.13018731113844126, 0.0229871925728534, 0.09135537224103257], [0.9584635141157901, 0.009424385042519148, 0.00016584564581016367, 0.03194625519588054], [0.0031983657448275823, 0.014085037100115383, 0.9492221292540508, 0.03349446790100619], [0.10965084915190758, 0.8557796936860882, 0.0029275375110649816, 0.031641919650939376], [0.8606727561370648, 0.04304038050590679, 0.02016590326268261, 0.0761209600943459], [0.08377319237567236, 0.027956911786833672, 0.6136303755578202, 0.2746395202796738], [0.39699606955402694, 0.03716516660856731, 0.16756712156392162, 0.39827164227348405], [0.007581919738689249, 0.540873357839249, 0.0027877319837609988, 0.44875699043830064], [0.002032863735710738, 0.003888933024572166, 0.1448146724873861, 0.8492635307523311], [0.1424500539261252, 0.16137488445638665, 0.6924500713665583, 0.0037249902509299457], [0.46759458117578057, 0.014863385683082339, 0.06437687470648405, 0.453165158434653], [0.023404300215139163, 0.696309224296691, 0.009456315224151638, 0.2708301602640182], [0.07483208465752966, 0.6015864845850858, 0.009140254570964117, 0.3144411761864204], [0.6246689817388482, 0.02857357036007831, 0.2460064770873407, 0.10075097081373287], [0.04048464248260679, 0.03614146924496379, 0.33123274315164963, 0.5921411451207799], [0.010619370897270297, 0.008133658777910514, 0.9542165789906204, 0.027030391334198895], [0.9269323673017078, 0.000943004566707218, 0.0037869848532054097, 0.06833764327837977], [0.007379274919941906, 0.8604787574861746, 0.13198645862795763, 0.00015550896592591716], [0.007005560078401125, 0.3084418602624435, 0.680086070085191, 0.004466509573964302], [0.9853272467415098, 0.010487063971465508, 0.0021729374895201603, 0.0020127517975045135], [0.718601468616277, 0.24945341935186327, 0.0006235161623675424, 0.03132159586949225], [0.3384306880325919, 0.37374818150515304, 0.0002217913491786429, 0.28759933911307645], [0.11703022900422794, 0.8127391417948686, 0.0012328810986116563, 0.0689977481022918], [0.11232730510968064, 0.3197216372405568, 0.0317940232291139, 0.5361570344206487], [0.0465662258345308, 0.18575424861527132, 0.7633490683340425, 0.0043304572161552935], [0.07418567686514783, 0.006328814738076288, 0.0043832414005023, 0.9151022669962735], [0.7509075238512037, 0.1311765895827679, 0.11309459808750738, 0.0048212884785210925], [0.01550621369279996, 0.7531114257873619, 0.18140995004100535, 0.049972410478832795], [0.21784340093461185, 0.006458850472995407, 0.7705077947728848, 0.005189953819507953], [0.7275856470341303, 0.06829442483220834, 0.014080627472186604, 0.1900393006614746], [0.0033188837313348125, 0.00024388097506187407, 0.0037608478543985128, 0.9926763874392048], [0.0013402538433762816, 0.00015337953325792088, 8.745062117194064e-05, 0.9984189160021938], [0.0018221511509830181, 0.00649211060406149, 0.37351968841281874, 0.6181660498321367], [0.40832523954608374, 0.554552028713579, 0.022391420455647938, 0.014731311284689425], [0.5306407285911788, 0.057902839349762314, 0.2023840300593998, 0.20907240199965907], [0.8376778384068219, 0.15459721411709978, 0.002862406340468928, 0.004862541135609441], [0.6694499376723518, 0.00024357764417107548, 0.011223278378234924, 0.3190832063052423], [0.6873062417492464, 0.05459329941209248, 0.03950229428662639, 0.21859816455203462], [0.6276773204815735, 0.053591932652168106, 0.08618316818067612, 0.2325475786855823], [0.021771751015588474, 0.6218221218710531, 0.18782769745214242, 0.1685784296612159], [0.13524924974822797, 0.11505561458878945, 0.2445196584320256, 0.505175477230957], [0.08355986109404659, 0.0691941386937535, 0.00019107564430249755, 0.8470549245678974], [0.12428677385007175, 0.19842457475635483, 0.001175432495713923, 0.6761132188978595], [0.004827506119430952, 0.022649772226878213, 0.9319721784976521, 0.040550543156038836], [0.31087395097261594, 0.5185965725841872, 0.16932773840682314, 0.0012017380363737666], [0.8486547909755209, 0.030640014359341883, 0.005899553287769603, 0.11480564137736764], [0.0002660629589278942, 0.989026620318401, 0.000258571809598356, 0.010448744913072686], [0.00027477195025815427, 0.9870876631454137, 0.00795882469742084, 0.00467874020690715], [0.5822423047146053, 0.025381934222009298, 0.0023438319845056513, 0.3900319290788798], [0.024539225274933758, 0.7248832769565479, 0.23994377284471738, 0.010633724923801024], [0.9691777669245039, 0.0012598192796860646, 0.0002038231920255297, 0.02935859060378462], [0.4707180268898266, 0.020866060682979554, 0.0012519249160651284, 0.5071639875111287], [0.7177488424482569, 0.013580348661832277, 0.17115425809804408, 0.09751655079186676], [0.005944348566194392, 0.7452745618109093, 0.07868737350732684, 0.17009371611556948], [0.08283782931484461, 0.22825615678786765, 0.07332740118258511, 0.6155786127147026], [0.3711897875507111, 0.1711813069269441, 0.0008323286223082532, 0.4567965769000366], [0.9535644188476329, 0.0009112909064174814, 2.740360154453091e-05, 0.045496886644405266], [0.08003257475440984, 0.29420777321471236, 0.15211559972851027, 0.4736440523023674], [0.42300244168507356, 0.4441468697510644, 0.0001199332922240746, 0.13273075527163794], [0.01326346638467688, 0.5780491566434157, 0.14700356564800737, 0.2616838113239002], [0.5570546092029909, 0.04536212996893928, 0.00043528281122487015, 0.39714797801684504], [0.6365438511328209, 0.007218491610634684, 0.010937598746211178, 0.34530005851033324], [0.0032078137718771107, 0.3890185783427447, 0.6069317192853045, 0.0008418886000735863], [0.0021257760439528425, 0.13736034958085236, 0.67846035092794, 0.18205352344725484], [0.6652449616179348, 0.31374706050592754, 0.020262673228778894, 0.0007453046473587766], [0.1980934847342803, 0.7886647854443388, 0.008154386989193808, 0.0050873428321868905], [0.2914709802286031, 0.6327091109306788, 0.07021483973888797, 0.005605069101829942], [0.0008421989824209159, 0.9987165947448309, 0.0002754663602229958, 0.0001657399125250931], [0.2756829774302234, 0.6619069488575461, 0.0015924366126434724, 0.06081763709958691], [0.04812722635595088, 0.0021574554676270096, 0.7609546459056075, 0.18876067227081464], [4.140576005122297e-06, 0.9991654540564745, 0.00047823290300799, 0.00035217246451217936], [0.03219740356077641, 0.054225264278382077, 0.0661995863362836, 0.8473777458245579], [0.007466638845916062, 0.7966739329594332, 0.15714659766307232, 0.03871283053157841], [0.2780711534234629, 0.13722971494330458, 0.00034726842841724306, 0.5843518632048154], [0.9669708474527478, 0.01996170352830724, 0.0006145349975812743, 0.012452914021363845], [0.8858155440043983, 0.10180440698960716, 0.01037257651192336, 0.002007472494071221], [0.03441689626594656, 0.9226768204149387, 0.002334163296232482, 0.04057212002288224], [0.6797246135128477, 0.169190836933815, 7.33508678870142e-06, 0.1510772144665485], [0.0013931226050120293, 0.009164362117817614, 0.027949431667929292, 0.961493083609241], [0.08105314112551165, 0.25733729014643825, 0.6167172464327885, 0.04489232229526151], [0.993744634943358, 0.002504514886935647, 0.002371145411985485, 0.0013797047577208462], [0.0443715412486355, 0.009155148843211754, 0.03741443340279503, 0.9090588765053577], [0.46162824862346785, 0.0009995766412336155, 0.00028264334635930464, 0.5370895313889391], [0.8874229901196858, 0.08466755211964726, 0.0017126733270814152, 0.026196784433585404], [0.015194172990120696, 0.7754403982687654, 0.00028256105627730716, 0.20908286768483655], [0.0148656092656452, 0.00037338557898650696, 0.20419989416847437, 0.7805611109868938], [0.0023925588852409616, 0.08160041510410725, 0.006036797698687394, 0.9099702283119644], [0.010643428466192435, 0.8875999695874285, 0.007804365861535381, 0.09395223608484368], [0.0381324971476094, 0.019291112076461937, 0.00021552701586046176, 0.9423608637600681], [0.043719947006547896, 0.00033012282175417894, 0.017604933512394873, 0.938344996659303], [0.1719102241665829, 0.6219899342097484, 0.16071824823847672, 0.04538159338519208], [0.0634310043382943, 0.13791668418632386, 0.7878663660306452, 0.010785945444736603], [0.028074931288406404, 0.05792094250725113, 0.9071528578016348, 0.006851268402707556], [0.0005082280534176704, 0.0014367486696894823, 0.8634304950181123, 0.13462452825878068], [0.4060419229210754, 0.059139304447448, 0.4672275431771214, 0.06759122945435521], [0.0006903651766963256, 0.900610619840941, 0.008429305317242512, 0.09026970966512], [0.3574366398890346, 0.3861958621261701, 0.0005019039231898109, 0.25586559406160553], [0.04676818099912181, 0.10019568987778643, 0.4233585114410144, 0.4296776176820774], [0.32717157340099695, 0.20654883924402637, 0.0006871197635209065, 0.4655924675914557], [0.003069868108863346, 0.11509083094100275, 0.0017075577279743407, 0.8801317432221597], [0.0031617509485564223, 0.4851272907165617, 0.4977484276140742, 0.013962530720807623], [0.00942069255132542, 0.005024084319491348, 0.9849482818604395, 0.0006069412687438195], [0.8842748730504579, 0.018677609291825395, 0.025252077809649328, 0.07179543984806733], [0.9986546837994165, 0.0002985681459556366, 0.0003042587122061124, 0.0007424893424217938], [9.175227317831218e-05, 0.9998452318664788, 5.524661995272252e-05, 7.769240390175547e-06], [0.9080227890967266, 0.003133331669637375, 0.01499297830520471, 0.07385090092843118], [0.5781544567639152, 0.08444169162875852, 0.003437585379523483, 0.33396626622780284], [0.034308476887154854, 0.15142812073612294, 0.3488140350575175, 0.46544936731920483], [4.65839814015319e-05, 0.9991982628479764, 0.0005722296562207068, 0.00018292351440149946], [0.1282286086938137, 0.04921493055616906, 0.0006624399745880286, 0.8218940207754292], [0.022934300551626263, 0.08307278951553866, 0.2575875979919466, 0.6364053119408885], [0.7680794610977749, 0.019438692203448328, 3.452067163350365e-05, 0.21244732602714325], [0.9790883416994217, 0.016058311879731998, 0.0011310719135857778, 0.0037222745072605463], [0.16481026310307778, 0.7685530551703299, 0.04121314434941967, 0.02542353737717261], [0.743002638953495, 0.011624252142223797, 0.0024907106470181766, 0.2428823982572628], [0.8236496215845335, 0.14068556263057935, 0.006380482325892068, 0.02928433345899512], [0.007706385955777906, 0.8840217924384776, 0.0003151159933495647, 0.10795670561239509], [0.012046984107056012, 0.4695121604072224, 0.38137528121051345, 0.13706557427520816], [0.022506593812815757, 0.9743722087385271, 0.002249233720765635, 0.0008719637278917227], [0.029244330358261066, 0.8216850377214495, 0.10317658503335202, 0.04589404688693745], [0.015280236535765861, 0.7610985501608217, 0.2162826589869634, 0.007338554316449087], [0.6691545591892173, 0.11449929975386852, 0.010638045436444112, 0.20570809562047007], [0.0010948640885781393, 0.5197201284594056, 0.0013287876404901155, 0.4778562198115262], [0.032098204434011755, 0.0074756245637748525, 0.04767919046025133, 0.9127469805419621], [0.00028768674396405854, 0.05511642375256446, 0.008605117844635336, 0.9359907716588362], [0.005284659318837493, 0.9589800993821137, 0.02830270759076887, 0.007432533708279982], [0.33032043121912413, 7.770265879816351e-06, 0.0027773880430191776, 0.6668944104719768], [0.4442496342207891, 0.06992565668309042, 0.07089086231691578, 0.41493384677920475], [0.02246262318682786, 0.0023570276442131813, 0.02055671360959388, 0.954623635559365], [0.02017316961335303, 0.398934358248527, 0.0013362287557948088, 0.5795562433823251], [0.9526927561516984, 4.686975985121842e-05, 0.0007974219034360238, 0.04646295218501443], [0.24424819224867053, 0.10959916213419671, 0.004024132466504413, 0.6421285131506284], [0.9760175157426892, 0.017632153058986896, 0.0002128444281069045, 0.006137486770217003], [0.11259058610571519, 0.8787908990038958, 0.007753023880699466, 0.0008654910096895576]]}, "rewritten": {"ids": ["97105451", "97106591", "97106600", "97109570", "97112830", "97116500", "97116800", "97118210", "98106880", "98108410", "98111670", "98120530", "99107500", "99108330", "99108520", "99109141", "99109370", "99109840", "99111440", "99111620", "99113260", "99119830", "99120010", "100107920", "100111080", "100115700", "100117420", "101108370", "101108500", "101109000", "101109370", "101110200", "101111990", "101112540", "101116130", "101119030", "102108621", "102110750", "102112250", "102113981", "102114270", "102118380", "103111990", "103113170", "103113610", "103117200", "103118291", "104109311", "104111780", "104113240", "104113380", "104114320", "104114410", "104118070", "104119290", "105112100", "105113210", "105113330", "105114220", "105116090", "105116441", "105118230", "105121190", "106113360", "106114880", "106116370", "106117770", "106118820", "107116340", "107116501", "107118120", "107119130", "107120130", "107120260", "107121230", "108114040", "108114180", "108114200", "108114220", "108114270", "108116070", "108117610", "108118301", "108118520", "108118630", "108120700", "109113281", "109114720", "109116170", "109116810", "109117431", "109118701", "109118820", "109121640", "110114950", "110115120", "110115140", "110115250", "110115890", "110116170", "110116501", "110117110", "110118111", "110118121", "110118930", "110120531", "110121450", "111115620", "111116040", "111116290", "111116530", "111116640", "111116750", "111117120", "111117571", "111118301", "111118820", "111119150", "111119250", "111119930", "111121190", "111121220", "112116451", "112118161", "112118421", "112118550", "112118890", "112119500", "112120270", "112120700", "112120990", "112121010", "112121360", "113117550", "113118111", "113118630", "113118870", "113119300", "113119930", "113120540", "113120640", "113120751"], "labels": [0, 1, 3, 0, 2, 2, 0, 2, 0, 1, 1, 1, 0, 1, 2, 3, 1, 2, 3, 3, 0, 1, 2, 0, 0, 1, 2, 1, 3, 1, 1, 2, 2, 2, 2, 3, 3, 1, 0, 1, 3, 1, 2, 3, 2, 0, 0, 3, 3, 2, 1, 2, 1, 2, 1, 1, 3, 3, 3, 1, 1, 1, 2, 0, 0, 2, 0, 3, 3, 1, 3, 1, 2, 1, 0, 0, 1, 0, 3, 3, 1, 3, 1, 0, 1, 2, 0, 0, 0, 3, 1, 3, 3, 0, 0, 0, 0, 1, 2, 0, 3, 0, 1, 3, 1, 0, 3, 1, 0, 2, 3, 0, 3, 2, 3, 3, 0, 3, 1, 1, 1, 3, 0, 0, 3, 3, 3, 2, 0, 2, 2, 2, 3, 3, 1, 3, 0, 1, 1, 3, 0, 1], "predicted_labels": [1, 1, 0, 3, 2, 3, 0, 2, 1, 3, 3, 3, 0, 3, 2, 0, 1, 2, 0, 1, 3, 2, 2, 3, 2, 0, 3, 3, 2, 1, 2, 3, 3, 1, 1, 3, 3, 2, 3, 0, 2, 2, 1, 0, 1, 1, 0, 3, 1, 1, 3, 1, 0, 3, 3, 3, 1, 1, 0, 0, 1, 1, 2, 0, 2, 0, 0, 1, 3, 1, 0, 3, 1, 0, 3, 2, 0, 1, 1, 0, 1, 3, 3, 0, 3, 1, 0, 2, 3, 0, 0, 2, 0, 0, 3, 0, 0, 3, 1, 2, 3, 1, 0, 0, 1, 0, 0, 3, 0, 1, 3, 1, 0, 0, 3, 0, 0, 1, 0, 3, 0, 1, 0, 1, 0, 0, 2, 2, 0, 1, 1, 2, 0, 3, 3, 2, 1, 3, 1, 1, 0, 0], "confidence_scores": [[0.0028091924418305854, 0.9858491317787792, 0.0003434470783955467, 0.010998228700994737], [0.0010477739869303516, 0.9965193837085919, 0.00024700431961002084, 0.002185837984867627], [0.8102516718112925, 0.010911232977451878, 0.0017764068947361857, 0.17706068831651942], [0.012585244163154284, 0.0016767881038076973, 0.02945546593753571, 0.9562825017955023], [0.032317686231842196, 0.0010193992842199983, 0.8824553660759277, 0.08420754840800991], [0.016382882859740582, 0.050073712154749234, 0.040596028988989924, 0.8929473759965203], [0.7710224986557993, 0.1213583950371469, 0.05115500461877924, 0.05646410168827445], [0.31346785898272966, 0.0037181065931469184, 0.665299220936781, 0.017514813487342497], [0.41634433168524987, 0.4471792789708077, 0.12126701083404239, 0.015209378509900041], [0.06315836016210133, 0.263338571623162, 0.007404644073431424, 0.6660984241413054], [0.09302213403720004, 0.007544525222571569, 0.00010343320231754695, 0.8993299075379109], [0.03563542555886824, 0.0043018266822551846, 0.053711920248535605, 0.906350827510341], [0.5190595470199174, 0.17819023537542641, 0.009839202742978868, 0.29291101486167737], [2.3022939028353265e-05, 0.40993049283964084, 0.03431898701514845, 0.5557274972061823], [0.04123671132121099, 0.002580680637870514, 0.9270881596505087, 0.02909444839040959], [0.9922770244537132, 0.00011985911393608381, 1.7252548313329049e-06, 0.0076013911775194565], [0.002279265336374232, 0.959560546482155, 0.007063334593472385, 0.03109685358799816], [0.0011557208476798446, 0.11533765973199937, 0.8505535724672006, 0.03295304695311998], [0.9831642585283074, 0.003476750775887004, 0.0005512033688164861, 0.012807787326989244], [0.2716788048135596, 0.7198410709589178, 0.00767513898975058, 0.0008049852377719163], [0.0025760647671344283, 0.0015852852341880174, 0.07058526844051996, 0.9252533815581576], [0.0020026697136228473, 0.03445276407482338, 0.4908338890584355, 0.4727106771531184], [0.12588710031874745, 0.2830838585471241, 0.45773472729204157, 0.13329431384208687], [0.0004036958749893838, 0.00033080500099416286, 4.52445755568152e-05, 0.9992202545484596], [0.0012218974880405659, 0.0245931183011554, 0.973603959061071, 0.0005810251497329736], [0.8519273416927678, 0.025371646025729108, 0.06928016830351384, 0.05342084397798909], [0.0003973129373175837, 0.04504194013416329, 0.002209456571215659, 0.9523512903573035], [0.19667730246446244, 0.03292172900864615, 0.0003083281126006889, 0.7700926404142907], [0.0002865021526214394, 0.0006564748954399671, 0.9186080463913591, 0.08044897656057957], [0.002640624903676698, 0.5891549703339166, 0.008987459606516568, 0.3992169451558901], [0.028440555388963253, 0.21753591836846262, 0.7498069435445539, 0.004216582698020157], [0.00013154596576216975, 0.0019600934166858746, 0.0005389531085500561, 0.9973694075090018], [0.33053436955091575, 0.07099678297298831, 0.19330528021161497, 0.40516356726448094], [0.058719348900192335, 0.5231720823968417, 0.20792093246460186, 0.21018763623836415], [0.18184294967964168, 0.46226895100348053, 0.26126187154956254, 0.09462622776731526], [0.028562276047182603, 0.00020267512000241426, 0.04253369600122751, 0.9287013528315875], [0.004442380927820099, 0.11289513137606721, 0.0001253162464616528, 0.8825371714496509], [0.004582402850096713, 0.20912148753288295, 0.7858515788015777, 0.0004445308154426141], [0.37199691478610186, 1.3121401814720364e-05, 0.0009817637794849528, 0.6270082000325985], [0.6180335217272023, 0.07679354519520516, 0.0037626324884156505, 0.301410300589177], [0.003290007384214509, 0.2791913419584151, 0.6914773726523824, 0.026041278004987907], [0.016942542602302012, 0.15382127727336986, 0.7819878993774144, 0.04724828074691377], [0.0011370982989836178, 0.8624246887375454, 0.08965991741958357, 0.04677829554388734], [0.4285121370636449, 0.22807017382553574, 0.3280605356649704, 0.015357153445848957], [0.014050736557229812, 0.8364283874721692, 0.1354714038372726, 0.014049472133328371], [0.021838004287391286, 0.9707676461706168, 0.006183759569481467, 0.001210589972510345], [0.5819369052313379, 0.18278820293833356, 0.16424439160185647, 0.0710305002284721], [0.3873173397529383, 0.030895436285610065, 0.011397559952430959, 0.5703896640090207], [0.1102258931486467, 0.8179222982256159, 0.0493740489354962, 0.022477759690241236], [0.0012534657090261026, 0.9985522842296946, 0.00015934367476847978, 3.4906386510820224e-05], [0.19432494181671162, 0.04063245909057489, 0.08193493871053215, 0.6831076603821813], [0.3861453179460764, 0.5954466735026495, 0.015745899814007935, 0.002662108737266174], [0.36705534184771355, 0.13310681425292234, 0.31440372384116394, 0.18543412005820015], [0.005328817358577898, 0.0012638413592751968, 0.014946181447721536, 0.9784611598344254], [0.27978006581251247, 0.04674963468461222, 0.08074592375491867, 0.5927243757479567], [0.13540793811481008, 0.0004679512141641378, 0.003509218158957285, 0.8606148925120686], [0.05007526499834129, 0.8193834489305178, 0.0035936148318528897, 0.12694767123928782], [0.022665526811117432, 0.9599351667092496, 0.0007216228337801678, 0.016677683645852998], [0.9386880857222768, 0.00026919231259246544, 0.0016847172305296892, 0.0593580047346011], [0.8423645739566096, 0.04323111841279032, 0.008046686572557473, 0.10635762105804265], [0.01773624550484339, 0.959403234578134, 0.000763258441731316, 0.022097261475291355], [0.00014151762021252144, 0.9906412810929258, 0.007755257738287491, 0.001461943548573959], [0.016781471502312566, 0.023007245141482134, 0.9493846759437115, 0.010826607412493795], [0.9422132992999911, 0.05136061087577781, 0.000688953089836617, 0.005737136734394435], [0.03170528150165309, 0.30613101556243844, 0.6521444205590342, 0.010019282376874189], [0.9800043634542752, 0.00277558932011704, 0.00034171792740347, 0.01687832929820424], [0.50536340628756, 0.0711258215849695, 0.3332439658303997, 0.09026680629707078], [0.00011003849364176765, 0.9864586225845375, 0.001651956555243759, 0.011779382366576763], [0.004804730434285691, 0.030453518217171134, 0.28862440798471634, 0.6761173433638269], [0.0016026460611117687, 0.9978890639393545, 0.00033952902226334664, 0.00016876097727046055], [0.47528203457346535, 0.25359644339227344, 0.011105038196555382, 0.26001648383770604], [0.005537429477536056, 0.09497074518195935, 0.001753798609706769, 0.8977380267307978], [0.010130614433178689, 0.774622491682631, 0.19004692699922848, 0.025199966884961927], [0.5230898312771455, 0.0009124562162998695, 0.042643804787537, 0.43335390771901766], [0.18415767578351505, 0.0019558687645826337, 0.02464254539185133, 0.7892439100600509], [0.028170971095415043, 0.027700720464392443, 0.9426185375709584, 0.0015097708692341201], [0.5873745239232516, 0.41026882381538043, 0.0010676176841243658, 0.0012890345772434107], [0.0037180919135107056, 0.9662946316083989, 0.012864995813749431, 0.017122280664341245], [0.3407499391053612, 0.3716154830617511, 0.0011452240409484849, 0.28648935379193924], [0.9260247611480725, 0.018918469136900925, 0.002505923752809367, 0.0525508459622171], [0.007129579354501888, 0.9584646329428694, 0.011120905973534925, 0.023284881729093897], [0.0001276523458230242, 0.47083780680632803, 0.000771274533417609, 0.5282632663144312], [0.003554588173712244, 0.05809106201183932, 0.015557582482423728, 0.9227967673320246], [0.5138404287639076, 0.43424519404202794, 0.006115874454110426, 0.04579850273995408], [0.0039812212082834895, 0.0008475627454744688, 0.004435371358814822, 0.9907358446874271], [0.1994382295807508, 0.7995797543601147, 0.00037753651469290894, 0.000604479544441492], [0.9869005063632396, 0.0007546924876493126, 0.005621383477122205, 0.0067234176719888055], [0.1067937332935582, 0.2921882506356086, 0.576484271082104, 0.024533744988729154], [0.1142161250944791, 0.11292498399344827, 0.002979389336775038, 0.7698795015752976], [0.45852245814840004, 0.12022543309842666, 0.0006571448319657698, 0.4205949639212076], [0.8897412815765743, 0.042541856633979656, 0.004013965828361915, 0.06370289596108436], [0.093491670011746, 0.3579875957539462, 0.45178574724632703, 0.09673498698798083], [0.9014608226292727, 0.04092397050617004, 0.00045272882539556055, 0.057162478039161586], [0.6325619899844711, 0.32267680068909343, 0.04146659343544099, 0.0032946158909943207], [0.01580907678850715, 0.10022863408813842, 3.984062467049872e-05, 0.8839224484986838], [0.5278378588469138, 0.46785364799764123, 0.0017381028013329297, 0.0025703903541119877], [0.5714289237079523, 0.02863027252694923, 0.033803954844349955, 0.3661368489207486], [0.07371723269035088, 0.1253768394046103, 0.28888462988423, 0.5120212980208088], [0.00454228094955083, 0.9896734134662234, 0.002409944646744285, 0.0033743609374812518], [0.11427748414157732, 0.29582426156092656, 0.3811426896896282, 0.20875556460786793], [0.0018853846742068463, 0.0025913988653586575, 0.0011753042478511728, 0.9943479122125833], [0.028353088467965366, 0.9713107222415646, 0.0003063640491906181, 2.9825241279534468e-05], [0.7984516859807972, 0.12546271995235775, 0.0019346895849039006, 0.07415090448194107], [0.8418423226488547, 0.07296283695480599, 0.00035366963515332206, 0.08484117076118584], [0.00012125481718954179, 0.9975923768503343, 0.001267239583204273, 0.0010191287492719386], [0.9923720964988842, 0.00423105927568311, 0.0016137833863804985, 0.0017830608390520086], [0.9289819786089751, 0.035064038217134955, 2.8923023348590507e-06, 0.03595109087155494], [0.02211839699614199, 0.02436134056676662, 0.10727466861616776, 0.8462455938209236], [0.9894370058774765, 0.0018750432836393024, 0.00217547390604824, 0.006512476932836074], [0.0055980403090386, 0.7419639184241746, 0.04755804302590752, 0.2048799982408793], [0.08371177822792693, 0.09456114924375006, 0.010701175349929475, 0.8110258971783935], [0.06831477482193701, 0.8914433952476978, 0.012940735383948444, 0.027301094546416833], [0.995869164116483, 0.0021654643484156563, 0.0012780846127589155, 0.0006872869223424997], [0.3837386630667495, 0.23849469022395173, 0.008448259987005364, 0.36931838672229333], [0.0006493044752979783, 0.09061302215724557, 0.000676462247878717, 0.9080612111195778], [0.9310790087756671, 0.002361485815945032, 0.030311640170272183, 0.036247865238115656], [0.4676433588232577, 0.3704042382112827, 0.0060149181248720755, 0.15593748484058764], [0.09053774062047518, 0.5934317747571113, 0.04975390666612934, 0.2662765779562841], [0.9954180398220968, 0.00023221894321917843, 7.187535652550045e-05, 0.004277865878158412], [0.008378956415838548, 0.009599843767764333, 0.0008226968212987018, 0.9811985029950985], [0.8911836203578661, 0.011360276038927837, 0.001402284106637015, 0.09605381949656909], [0.06276349345163698, 0.7690197149936744, 0.05226687101226331, 0.11594992054242537], [0.9923318457840687, 0.0009879758745944664, 0.0006353839485592832, 0.00604479439277771], [0.14338141810362007, 0.8490447545979201, 0.004253362425153761, 0.003320464873305959], [0.5138950297039069, 0.0014084498185206239, 0.0002148783421822726, 0.48448164213539024], [0.9220187680833739, 0.01356308843221369, 0.006036356557438653, 0.05838178692697381], [0.0599962903065804, 0.0005358164521173851, 0.8814713262621539, 0.05799656697914825], [0.0006579800864981146, 0.09012490881896697, 0.8990826916229899, 0.01013441947154497], [0.7533523409137591, 0.014165093536413839, 0.0006905822586852721, 0.23179198329114184], [0.013695921391338305, 0.9693450939148476, 0.009033596231348421, 0.007925388462465594], [0.009822448487509194, 0.9715023384065895, 0.018509027206871677, 0.0001661858990296565], [0.0004863574708441635, 0.009400008604686658, 0.947806208493558, 0.04230742543091109], [0.6174553563722194, 0.098583167780225, 0.05837549063899706, 0.22558598520855863], [0.004330462678623654, 0.0003060022849740237, 0.002273659371176024, 0.9930898756652263], [0.2892026300110805, 0.005133872445142075, 0.010422012749102951, 0.6952414847946745], [0.0017902747691235644, 0.40397872906803733, 0.44390878066849476, 0.15032221549434435], [0.01095165482822438, 0.9867343844203496, 8.200723915149973e-05, 0.0022319535122744235], [0.34396923102214555, 0.0014723956420122216, 0.004168367132808288, 0.6503900062030339], [0.014772358199218941, 0.9748308914341004, 0.0057590966804869905, 0.004637653686193723], [0.006477992184853287, 0.9825723163861264, 0.002989644167473481, 0.007960047261546862], [0.5509179898158109, 0.07063579500514423, 0.0009647956201417264, 0.3774814195589033], [0.7900753182633533, 0.0010869511329772332, 0.10980280815032877, 0.09903492245334082]]}}