{"test": {"ids": ["107114950", "109113931", "99111620", "109119591", "109118820", "98108520", "98111620", "97105451", "113118421", "100111080", "113120601", "105116501", "109114030", "104113190", "103111930", "107119390", "102110890", "98112300", "113118870", "98109090", "109121351", "100109311", "110117200", "111119340", "99117740", "100109330", "97110950", "104111620", "102113210", "100116790", "105118171", "99107500", "105112260", "112120270", "108119330", "99111440", "100108490", "104116800", "99114890", "106113830", "107115140", "99105921", "108115870", "110121170", "113122510", "112121430", "100111390", "112119500", "107114780", "98111670", "99108460", "101111210", "105116090", "111119430", "102112250", "112116810", "104116441", "98113881", "102110500", "101111620", "112116540", "105119950", "104114240", "106118301", "112121360", "110115980", "113119930", "101113210", "112120540", "112120700", "100107920", "111117000", "103120340", "112118880", "113119120", "100109000", "110114720", "107114140", "105117431", "100108990", "99109740", "112119320", "107116980", "108116120", "101108950", "105117200", "103113270", "113118490", "110121720", "112116880", "102112301", "104111780", "103111830", "98108150", "101110150", "100108260", "109115380", "97112300", "99108080", "111119610", "113120751", "113117550", "113120830", "107121230", "103117200", "113120260", "99109161", "99108000", "101112160", "102109010", "113119950", "99108010", "112118820", "105115380", "110120540", "113118810", "107113200", "102113981", "110115140", "112121030", "113120280", "108118301", "108118810", "98112170", "109116930", "105115900", "112117660", "110118450", "108118060", "102112030", "111114171", "105114220", "100113370", "112118930", "110114950", "112119450", "105115680", "112116401", "110114920", "109118701", "97106600", "104118340"], "labels": [3, 1, 3, 0, 3, 2, 3, 0, 3, 0, 2, 1, 1, 3, 3, 2, 0, 2, 0, 1, 0, 1, 3, 3, 2, 0, 3, 0, 3, 2, 3, 0, 3, 0, 0, 3, 2, 1, 2, 1, 0, 1, 3, 2, 2, 2, 2, 2, 2, 1, 0, 2, 1, 3, 0, 3, 1, 3, 3, 3, 1, 3, 0, 1, 3, 1, 1, 3, 3, 2, 0, 0, 1, 1, 3, 1, 3, 2, 1, 2, 3, 1, 3, 1, 2, 3, 2, 1, 3, 0, 1, 3, 3, 0, 1, 3, 3, 2, 3, 2, 1, 3, 3, 0, 0, 3, 3, 2, 3, 1, 0, 2, 0, 1, 1, 3, 0, 1, 0, 0, 0, 1, 1, 3, 0, 3, 0, 0, 1, 2, 3, 3, 3, 1, 0, 3, 2, 0, 3, 3, 3, 2], "predicted_labels": [1, 1, 1, 1, 1, 0, 3, 0, 3, 0, 3, 0, 0, 1, 1, 0, 0, 3, 1, 3, 0, 0, 1, 1, 0, 0, 1, 0, 3, 1, 3, 0, 1, 0, 0, 1, 1, 1, 1, 3, 3, 0, 3, 0, 3, 3, 3, 0, 1, 1, 3, 3, 1, 3, 3, 1, 3, 0, 0, 0, 0, 2, 3, 0, 3, 1, 1, 0, 0, 1, 0, 1, 2, 0, 3, 1, 1, 2, 1, 2, 1, 1, 1, 2, 1, 1, 3, 3, 0, 2, 3, 0, 0, 0, 3, 2, 1, 1, 2, 3, 1, 0, 1, 3, 3, 1, 0, 1, 1, 3, 3, 1, 0, 1, 1, 1, 1, 0, 3, 0, 0, 1, 3, 3, 3, 1, 3, 3, 1, 2, 1, 3, 1, 2, 3, 1, 3, 3, 1, 0, 1, 1], "confidence_scores": [[0.19801688453200675, 0.33241292180693083, 0.2279200535338956, 0.24165014012716698], [0.19994291287157645, 0.3786171775756981, 0.16150285319801996, 0.2599370563547055], [0.22058488551972152, 0.3328600816146042, 0.19100072635986418, 0.25555430650581007], [0.16071229225107503, 0.33828788147863414, 0.1863000026993565, 0.3146998235709344], [0.1327445278625249, 0.39304306777980225, 0.1513124591953484, 0.32289994516232456], [0.4278195011779933, 0.192407400977732, 0.22449809749881944, 0.15527500034545538], [0.30739689492699274, 0.28810176474666765, 0.07995199422226723, 0.3245493461040724], [0.337822967898068, 0.25261882331014, 0.1360961166186923, 0.27346209217309986], [0.26228712515382163, 0.2128305009854642, 0.09113815475505564, 0.4337442191056586], [0.29808772689945545, 0.22169828980069026, 0.18402177304349449, 0.29619221025635983], [0.17530844962484662, 0.22893414566919218, 0.28050897498700844, 0.31524842971895295], [0.633183308609645, 0.14708481345595228, 0.09615351667365896, 0.12357836126074384], [0.32344090901699873, 0.2601689181786781, 0.20320750992611608, 0.21318266287820722], [0.1721102640800796, 0.3648956014669213, 0.2224538081491017, 0.24054032630389752], [0.22488449634726448, 0.38452917439247053, 0.19951607659099901, 0.191070252669266], [0.2785594132355887, 0.22630476907615737, 0.25631944121777706, 0.238816376470477], [0.33073197332769433, 0.2683798078476094, 0.17020875170634936, 0.2306794671183468], [0.28991160385884224, 0.19494289275730078, 0.11733268988615866, 0.39781281349769826], [0.22238604552818061, 0.43179627351905486, 0.08362188763745333, 0.2621957933153112], [0.29635349538879396, 0.17700736241185175, 0.1783087300874523, 0.34833041211190197], [0.7768556437049625, 0.08117981977630673, 0.06481436449725195, 0.07715017202147856], [0.47965183524455685, 0.23018730596489934, 0.11778523470283994, 0.1723756240877041], [0.1727312487313705, 0.4013923845142696, 0.1159683593873184, 0.3099080073670416], [0.16121225321019567, 0.4136649903890585, 0.20187590632263044, 0.22324685007811537], [0.5127413757273575, 0.18513443995766227, 0.103050870336721, 0.19907331397825925], [0.4272403397073282, 0.1976931254988906, 0.1863195779110257, 0.1887469568827555], [0.3235951435402816, 0.3599528164866124, 0.12446353747003018, 0.19198850250307578], [0.43398130521409134, 0.22251988027979006, 0.14907495619258956, 0.1944238583135291], [0.21054325729085419, 0.19147139558761395, 0.20685875162167444, 0.39112659549985757], [0.22305344468151542, 0.300567679782909, 0.28541542569431305, 0.1909634498412625], [0.21814745651832906, 0.252162300331064, 0.08335472675012931, 0.4463355164004777], [0.34787018017140675, 0.29122240851567094, 0.19738770795019522, 0.16351970336272711], [0.18945090234769588, 0.40385397854421606, 0.17222994811771938, 0.23446517099036876], [0.4541945066214016, 0.21604722940444324, 0.10914898604852544, 0.2206092779256298], [0.2734677192450891, 0.22422034845946406, 0.22887661912404067, 0.2734353131714063], [0.27829711339065055, 0.3290327565784181, 0.16853805738532113, 0.22413207264561008], [0.2668476561977181, 0.3312728379709042, 0.21749568971797317, 0.1843838161134046], [0.2294153176908949, 0.4146358053280453, 0.1565637450780176, 0.1993851319030422], [0.19297224281647904, 0.369089936066378, 0.1985345154686122, 0.2394033056485308], [0.29013289662250064, 0.23676431160489828, 0.12866130525260727, 0.34444148651999384], [0.14788469109299768, 0.17794292323892383, 0.16681118615728202, 0.5073611995107965], [0.34802226245811696, 0.2194342493048316, 0.11429400623889044, 0.3182494819981609], [0.2641627031343116, 0.22015820235969263, 0.13102543988172902, 0.3846536546242668], [0.3377518101785692, 0.29530892408018716, 0.10988339482378509, 0.25705587091745846], [0.22101584552970333, 0.2949352799863244, 0.1534286751274567, 0.3306201993565156], [0.19873390450580689, 0.2507423013944487, 0.21776877267892417, 0.33275502142082025], [0.21584254264679112, 0.26343224940982907, 0.13384057669648458, 0.3868846312468952], [0.5001118916619867, 0.20965140849586564, 0.10541500373867603, 0.18482169610347177], [0.23678843064521765, 0.3747525381645099, 0.18203650348519246, 0.20642252770508007], [0.19936372885539874, 0.3105319556278563, 0.2636746470007752, 0.22642966851596993], [0.23389511761245363, 0.16444103169499885, 0.1987788845900957, 0.40288496610245184], [0.27985597673829454, 0.18765710504066926, 0.16794603498920457, 0.36454088323183176], [0.18164561705206103, 0.35134612545071175, 0.2140143986524367, 0.25299385884479064], [0.11702411787758615, 0.24832726409303968, 0.16925928089910916, 0.46538933713026515], [0.15903119426993295, 0.13332217940242316, 0.1211224577542168, 0.5865241685734272], [0.21850125983431298, 0.4405347453468917, 0.189564195300698, 0.1513997995180973], [0.2759807680884039, 0.2662801210918966, 0.15423056003801783, 0.3035085507816817], [0.40224099744640723, 0.29526162488636093, 0.15144991605901667, 0.15104746160821508], [0.5157821506992352, 0.19983804085324397, 0.13770928316925285, 0.14667052527826824], [0.3175819180299179, 0.3006301246205971, 0.19555384082080543, 0.1862341165286795], [0.4867202898549159, 0.14370748623664417, 0.1871140954341521, 0.18245812847428788], [0.23429396520739806, 0.18863529276067603, 0.3369269513136917, 0.2401437907182341], [0.13766798331491667, 0.2648031635148427, 0.11047027389876976, 0.487058579271471], [0.4146758650165867, 0.20864943879751893, 0.14079287935923251, 0.2358818168266619], [0.2196556265407761, 0.25986182271706615, 0.16718516863462082, 0.353297382107537], [0.17723167352425367, 0.34067465549668674, 0.19982091102968597, 0.2822727599493736], [0.20716998301294154, 0.36000734920172006, 0.1749867770860373, 0.2578358906993011], [0.3770441927861213, 0.20805626598259577, 0.2183482161135748, 0.19655132511770818], [0.35620565713142804, 0.20352164304061796, 0.14082020323446223, 0.29945249659349205], [0.22515637155472928, 0.2925780050965138, 0.23818349264220587, 0.24408213070655113], [0.3239054902580318, 0.2867034617338776, 0.14867156659544903, 0.24071948141264152], [0.17409233650187445, 0.3394432733635764, 0.28162387246573706, 0.2048405176688121], [0.17460394643807828, 0.1953197481180505, 0.37550480053742497, 0.2545715049064463], [0.3217041640202955, 0.20299112569871913, 0.2091147687008483, 0.2661899415801368], [0.25014097824839227, 0.25664044441316847, 0.19492183345259828, 0.2982967438858411], [0.20668365315166956, 0.3563995404742102, 0.20670973541926754, 0.23020707095485293], [0.258389660844343, 0.28336842045079136, 0.17867270140999847, 0.27956921729486717], [0.1357160615301197, 0.182298032878455, 0.3450625878602783, 0.33692331773114703], [0.17009684783691792, 0.4196621207402449, 0.17606976147005227, 0.2341712699527849], [0.14308698828934138, 0.23261466301264389, 0.35361228038614695, 0.2706860683118678], [0.20001776775871338, 0.349597182840123, 0.16135337111155038, 0.28903167828961324], [0.25547240477747585, 0.3348268541386543, 0.22052437393577498, 0.189176367148095], [0.34725796687909855, 0.3997706405549483, 0.09168817385442869, 0.1612832187115244], [0.18902002808622026, 0.15362126159139203, 0.39922779721843066, 0.258130913103957], [0.23394994182979467, 0.3562940818286304, 0.16860801031919684, 0.2411479660223782], [0.21799433604591603, 0.4027623780597241, 0.15175287040867388, 0.227490415485686], [0.15378595631058514, 0.27387986352194515, 0.11126353671738942, 0.4610706434500803], [0.16815155384196595, 0.24337570648987433, 0.10068752997104391, 0.48778520969711586], [0.3141989487004322, 0.26665959830575814, 0.13988324420120346, 0.27925820879260643], [0.1715465903869771, 0.21022967163471612, 0.3600999508938663, 0.25812378708444056], [0.31953955997223765, 0.236001497388096, 0.10344578710897201, 0.3410131555306942], [0.32696553984186727, 0.20285565007022097, 0.15485570919236102, 0.3153231008955507], [0.33283918645074223, 0.12796156348455506, 0.3140360446238693, 0.22516320544083349], [0.31354055253623253, 0.22236238279637371, 0.21556194684061483, 0.2485351178267791], [0.15744926974266124, 0.3215274664456548, 0.1728458344748136, 0.3481774293368703], [0.15068265056099853, 0.19997598087937887, 0.35306272203465405, 0.29627864652496855], [0.1156618684505303, 0.48895900210542165, 0.09093914413039621, 0.3044399853136521], [0.2565863740024629, 0.3043041093755234, 0.14838346937120445, 0.29072604725080936], [0.23859988187009973, 0.15297497303301796, 0.4603253426884016, 0.14809980240848072], [0.31621040446083837, 0.22686494223962447, 0.08547411758216422, 0.371450535717373], [0.24835174397599385, 0.40195763643109983, 0.13019038787370313, 0.2195002317192031], [0.4096258585758336, 0.2430602045954667, 0.11030906814439255, 0.23700486868430715], [0.21457875121390588, 0.34859426214029865, 0.19524947705382592, 0.24157750959196964], [0.20249450704410105, 0.21816073017227772, 0.14074792084303595, 0.4385968419405852], [0.21897619020905493, 0.31755393986161434, 0.1451484567703427, 0.3183214131589881], [0.231750281754574, 0.3440406706943162, 0.1584970759423947, 0.26571197160871496], [0.39505163094487383, 0.23190145989393782, 0.11360859354859729, 0.25943831561259106], [0.07314532092642502, 0.6284375554671703, 0.13485147456109053, 0.16356564904531412], [0.23206450768051365, 0.3840102833272092, 0.1236661760436987, 0.26025903294857844], [0.15673605097841722, 0.2857325948262303, 0.1975084657231984, 0.3600228884721541], [0.32162039410120713, 0.16770603893483135, 0.145649667106097, 0.36502389985786454], [0.28934162184052836, 0.3552034106476089, 0.15863826386164726, 0.19681670365021572], [0.3790646670283299, 0.16461873939298208, 0.11744279739740805, 0.33887379618128005], [0.17023513693509776, 0.4164884058351206, 0.1853198104444948, 0.2279566467852869], [0.138594454473164, 0.357523643257699, 0.2032326265647703, 0.30064927570436684], [0.2598871217317452, 0.3456206197771327, 0.12342046621220762, 0.2710717922789145], [0.16257343754230993, 0.4020620435445449, 0.1224512862519606, 0.31291323266118476], [0.3877010041493739, 0.2758347195460066, 0.13162487774495468, 0.2048393985596649], [0.1407670657946889, 0.16764523110504348, 0.12124664798414753, 0.5703410551161202], [0.45971877864782906, 0.10896856967117151, 0.07234031867618869, 0.3589723330048108], [0.7476259156486635, 0.06432506971448661, 0.06468529522721297, 0.12336371940963689], [0.2740217078575349, 0.296531180751386, 0.18870518111751758, 0.2407419302735617], [0.26153809075148693, 0.2984791567668249, 0.10047385442083251, 0.3395088980608557], [0.2984309749392829, 0.18134500921149757, 0.16056379369094226, 0.3596602221582774], [0.21021392163146588, 0.2043724671453276, 0.16482074407355068, 0.4205928671496558], [0.24297671669680165, 0.36273835757291784, 0.12616198487002964, 0.26812294086025085], [0.21532455512679885, 0.22895737537737976, 0.25241044096121185, 0.30330762853460963], [0.12819616096955466, 0.25946430779363594, 0.1160328319506892, 0.49630669928612037], [0.22005219047758476, 0.3205654741098037, 0.14300555290480269, 0.31637678250780876], [0.13046370495892393, 0.2219213557204288, 0.4667862825908842, 0.18082865672976317], [0.20358612193292874, 0.403174315323582, 0.16795792802496518, 0.22528163471852405], [0.14808359401851914, 0.217839605300029, 0.18977240298461762, 0.4443043976968343], [0.26008104080288336, 0.3141289103500762, 0.18786247967702258, 0.2379275691700179], [0.22044416327258565, 0.2338303573667631, 0.28344135748397853, 0.2622841218766727], [0.19984437682999323, 0.2749782356673598, 0.12740544458146638, 0.3977719429211806], [0.19530260288889204, 0.5211908699360341, 0.11011560924717402, 0.17339091792789987], [0.15445134775542557, 0.3033850776290135, 0.22757387830309983, 0.31458969631246103], [0.2534612147413276, 0.16645205469178362, 0.10897731532414584, 0.4711094152427429], [0.15803310635660367, 0.3544248693618303, 0.34974902273369013, 0.13779300154787588], [0.4340152281061654, 0.26026656770201956, 0.11840334401757734, 0.18731486017423785], [0.23736122488247563, 0.4383810461468011, 0.09290475258347809, 0.2313529763872453], [0.26057043390110163, 0.36443298256040996, 0.18514269238221992, 0.18985389115626874]]}, "rewritten": {"ids": ["97105451", "97106600", "97110950", "97112300", "98108150", "98108520", "98109090", "98111620", "98111670", "98112170", "98112300", "98113881", "99105921", "99107500", "99108000", "99108010", "99108080", "99108460", "99109161", "99109740", "99111440", "99111620", "99114890", "99117740", "100107920", "100108260", "100108490", "100108990", "100109000", "100109311", "100109330", "100111080", "100111390", "100113370", "100116790", "101108950", "101110150", "101111210", "101111620", "101112160", "101113210", "102109010", "102110500", "102110890", "102112030", "102112250", "102112301", "102113210", "102113981", "103111830", "103111930", "103113270", "103117200", "103120340", "104111620", "104111780", "104113190", "104114240", "104116441", "104116800", "104118340", "105112260", "105114220", "105115380", "105115680", "105115900", "105116090", "105116501", "105117200", "105117431", "105118171", "105119950", "106113830", "106118301", "107113200", "107114140", "107114780", "107114950", "107115140", "107116980", "107119390", "107121230", "108115870", "108116120", "108118060", "108118301", "108118810", "108119330", "109113931", "109114030", "109115380", "109116930", "109118701", "109118820", "109119591", "109121351", "110114720", "110114920", "110114950", "110115140", "110115980", "110117200", "110118450", "110120540", "110121170", "110121720", "111114171", "111117000", "111119340", "111119430", "111119610", "112116401", "112116540", "112116810", "112116880", "112117660", "112118820", "112118880", "112118930", "112119320", "112119450", "112119500", "112120270", "112120540", "112120700", "112121030", "112121360", "112121430", "113117550", "113118421", "113118490", "113118810", "113118870", "113119120", "113119930", "113119950", "113120260", "113120280", "113120601", "113120751", "113120830", "113122510"], "labels": [0, 3, 3, 2, 0, 2, 1, 3, 1, 3, 2, 3, 1, 0, 2, 2, 3, 0, 3, 3, 3, 3, 2, 2, 0, 3, 2, 2, 1, 1, 0, 0, 2, 3, 2, 2, 1, 2, 3, 3, 3, 1, 3, 0, 2, 0, 1, 3, 1, 3, 3, 2, 0, 1, 0, 3, 3, 0, 1, 1, 2, 3, 3, 1, 2, 3, 1, 1, 3, 1, 3, 3, 1, 1, 0, 2, 2, 3, 0, 3, 2, 0, 3, 1, 1, 1, 1, 0, 1, 1, 3, 0, 3, 3, 0, 0, 3, 3, 0, 0, 1, 3, 0, 1, 2, 3, 3, 0, 3, 3, 2, 0, 1, 3, 0, 0, 0, 1, 1, 1, 3, 2, 0, 3, 2, 0, 3, 2, 3, 3, 1, 3, 0, 3, 1, 0, 3, 0, 2, 1, 3, 2], "predicted_labels": [0, 0, 0, 1, 2, 0, 0, 1, 1, 3, 0, 0, 0, 0, 2, 3, 0, 0, 0, 0, 0, 2, 1, 1, 0, 3, 0, 2, 0, 0, 0, 0, 0, 3, 0, 0, 3, 0, 0, 3, 1, 1, 0, 0, 0, 0, 3, 2, 0, 3, 3, 0, 3, 2, 0, 1, 0, 1, 0, 2, 1, 1, 1, 3, 1, 0, 0, 0, 2, 0, 0, 0, 3, 3, 1, 2, 1, 3, 3, 0, 1, 2, 3, 3, 3, 0, 3, 0, 0, 0, 2, 0, 0, 3, 0, 0, 2, 2, 2, 0, 1, 2, 1, 1, 0, 0, 0, 0, 3, 0, 0, 0, 0, 2, 2, 3, 0, 0, 0, 1, 0, 1, 0, 1, 2, 3, 3, 1, 0, 0, 1, 3, 0, 2, 1, 0, 3, 0, 0, 0, 2, 1], "confidence_scores": [[0.48539887753376704, 0.21682826991721627, 0.08192254120249788, 0.21585031134651883], [0.3273391295890029, 0.16268285130223464, 0.18772644072962985, 0.32225157837913254], [0.41193400379235934, 0.2266058860932634, 0.19557183507950998, 0.16588827503486733], [0.305354566652149, 0.32324569818587195, 0.12845630579618725, 0.24294342936579197], [0.21559020151869054, 0.2687767808235828, 0.3481631354010063, 0.16746988225672033], [0.39542119786903207, 0.21647009050835186, 0.22104655081817012, 0.16706216080444594], [0.34196688480026766, 0.19108553631891056, 0.2466574512329867, 0.22029012764783515], [0.1437316571471712, 0.5322511559584494, 0.13171010441189823, 0.1923070824824811], [0.18904171774820988, 0.3409793502942281, 0.16250668424947337, 0.3074722477080887], [0.16670059148997435, 0.19753936740419528, 0.2261481674927791, 0.4096118736130513], [0.4131666805424461, 0.22159385223803618, 0.12173660333172723, 0.24350286388779052], [0.5114975486467672, 0.1899188875833254, 0.12286450806868245, 0.1757190557012251], [0.3178321406977212, 0.2601252981736835, 0.2276380320273676, 0.19440452910122755], [0.35368330203307075, 0.1555988007399074, 0.2076509500804679, 0.28306694714655417], [0.1285728616455383, 0.26671550621777707, 0.3891236344337444, 0.2155879977029403], [0.23968067116890754, 0.26222045988619663, 0.19831432484033779, 0.2997845441045581], [0.29735229670750113, 0.23664655767049547, 0.26517270764161255, 0.20082843798039088], [0.2908196193786655, 0.17839795505185765, 0.25209234835128724, 0.27869007721818967], [0.34951243338509674, 0.3301274367363302, 0.11524436792179164, 0.20511576195678133], [0.4261754312485733, 0.2452646965089311, 0.22215699366100747, 0.10640287858148825], [0.4191017949543428, 0.1827664819286176, 0.12282712542650642, 0.2753045976905334], [0.2431331407437692, 0.25535759314820383, 0.2956325094508053, 0.20587675665722172], [0.16185504313479798, 0.3501387825976031, 0.14546080447632417, 0.34254536979127465], [0.3608494033716184, 0.39335479166621623, 0.08131142563725914, 0.16448437932490623], [0.4566948493417925, 0.23775183431133756, 0.1305549794693909, 0.17499833687747904], [0.1792711681955553, 0.20228084333572802, 0.21427478675724917, 0.40417320171146764], [0.4832759251223803, 0.12023228159742391, 0.29663680469458426, 0.09985498858561152], [0.15761721460957337, 0.28858587748401243, 0.3873726488059973, 0.16642425910041697], [0.30781364225508184, 0.1483664505303176, 0.2888691341893815, 0.254950773025219], [0.49897747010863813, 0.16586618217397422, 0.139415218280365, 0.19574112943702293], [0.4747662110540968, 0.19995668604564687, 0.14970088513381, 0.17557621776644633], [0.3225814274431263, 0.2092103877002018, 0.25379245130052996, 0.214415733556142], [0.2793308797676449, 0.2505256594842738, 0.19993713826379256, 0.2702063224842888], [0.20942573872900638, 0.19901802797410742, 0.29017649205744184, 0.3013797412394443], [0.4390464349039188, 0.2251045791616853, 0.1708096177432417, 0.16503936819115422], [0.457483904810758, 0.12264874192327727, 0.2745778231707175, 0.14528953009524734], [0.23114119284385815, 0.2823002854878207, 0.17849132816273147, 0.30806719350558986], [0.3076320986863424, 0.19760925136118962, 0.20922505127363267, 0.2855335986788355], [0.34898057002327804, 0.27159128688874035, 0.21737960873939557, 0.16204853434858596], [0.2885221581985225, 0.21979733331440457, 0.16804342944763068, 0.3236370790394421], [0.1391595081840724, 0.41571550896641035, 0.30784844360906205, 0.13727653924045527], [0.18727779573799275, 0.3856821592293936, 0.2424642653339036, 0.18457577969871025], [0.623909377222048, 0.14942074761486296, 0.06017901738084694, 0.16649085778224212], [0.31878837476882765, 0.2266204663205496, 0.18566017931158446, 0.2689309795990383], [0.4540449104412282, 0.1768270206697991, 0.13867605131513983, 0.2304520175738329], [0.36175472309873624, 0.10435440649979615, 0.22813749776588085, 0.3057533726355868], [0.2783486144818969, 0.262548481397503, 0.10783724351403641, 0.3512656606065637], [0.16115838516382106, 0.15623676040809414, 0.47846342559781957, 0.20414142883026523], [0.3301704724390177, 0.23933515649277193, 0.19225929589613594, 0.23823507517207446], [0.3423693034277306, 0.17713376002567083, 0.12041531872261473, 0.360081617823984], [0.2023785823167457, 0.2400383506722007, 0.2702898714006514, 0.2872931956104022], [0.2734599470881254, 0.26878780725746704, 0.25070998039857173, 0.20704226525583586], [0.21476595972916587, 0.26863572616012454, 0.24320563670643516, 0.2733926774042744], [0.23901907437123085, 0.22596619132154255, 0.2711886419417899, 0.2638260923654368], [0.34664390326449, 0.14569530060674532, 0.18219014436954045, 0.32547065175922424], [0.21965304152833373, 0.31872194026792094, 0.2427615693248363, 0.218863448878909], [0.3463802814213011, 0.2187392040134616, 0.1731891606300283, 0.26169135393520904], [0.21243829182341656, 0.34303455301110697, 0.17279213204139499, 0.2717350231240812], [0.3335063543373404, 0.1610443087644902, 0.30158154950629823, 0.20386778739187125], [0.21995774293228817, 0.09520345423077421, 0.49720061404762744, 0.18763818878931038], [0.20324134412846975, 0.33746775718366007, 0.2215695136333499, 0.23772138505452017], [0.1487375668868961, 0.400752569651486, 0.192651204610026, 0.2578586588515919], [0.2448064011350281, 0.517516072915753, 0.09334648439033605, 0.14433104155888285], [0.21226034493889326, 0.24882826248983808, 0.2649056980606408, 0.2740056945106279], [0.2161083153407419, 0.36580337247933703, 0.20533512812406027, 0.21275318405586086], [0.4133949664386342, 0.2008427994205995, 0.10833575776874965, 0.2774264763720166], [0.4198582584470344, 0.19216595321395075, 0.13737887843060007, 0.25059690990841504], [0.6138258296336034, 0.16131893041862766, 0.08736886327271362, 0.13748637667505523], [0.280597566092111, 0.2541624973269927, 0.3053327888195417, 0.15990714776135478], [0.38444516711963844, 0.20148979827718919, 0.2217682552183552, 0.19229677938481715], [0.37629341473552885, 0.22114558150169292, 0.2198124790407387, 0.18274852472203945], [0.33029844259800456, 0.2283624480351144, 0.22711006875898757, 0.2142290406078934], [0.2809477123906505, 0.21959720964667498, 0.18006819476890815, 0.3193868831937665], [0.17977414865023197, 0.25708139290746895, 0.07934737728057578, 0.4837970811617233], [0.17676449340388406, 0.36325012388864325, 0.1664352426564417, 0.2935501400510311], [0.2263452667009146, 0.19939314301503114, 0.31663912143510026, 0.2576224688489539], [0.15161414037924828, 0.37944373149493615, 0.2380370829333044, 0.2309050451925111], [0.20116504392140971, 0.15832759476627778, 0.27039759738413177, 0.37010976392818073], [0.16405048352267637, 0.16651978489376454, 0.21996392724039546, 0.44946580434316363], [0.29019444336518385, 0.2827462389122126, 0.17451861675036817, 0.25254070097223524], [0.1867374891282995, 0.4021904952522336, 0.20618552590864128, 0.2048864897108257], [0.21394360806322066, 0.22858258720111604, 0.32843522409876397, 0.2290385806368994], [0.25008957039162727, 0.15411923692177854, 0.2241266353835145, 0.3716645573030797], [0.23334613997481968, 0.26457859486077945, 0.2365215771913087, 0.26555368797309203], [0.2007689754208456, 0.2740257431405462, 0.19465469327602478, 0.3305505881625833], [0.44581997029364395, 0.20896173743274546, 0.12075497357913184, 0.22446331869447878], [0.177943282291001, 0.23884603803139048, 0.28790411130450955, 0.29530656837309904], [0.36286429913105533, 0.2686113663045337, 0.15319356074893867, 0.2153307738154722], [0.38312588980757956, 0.20877832050770212, 0.15231337270990952, 0.2557824169748088], [0.332166066238948, 0.30755710342100473, 0.1147878641787457, 0.24548896616130175], [0.18349173360023413, 0.2348526220519909, 0.34450178396990594, 0.23715386037786912], [0.49196418584400864, 0.103123832858807, 0.11650441263045712, 0.2884075686667273], [0.4744536364237038, 0.2094397660879161, 0.14064149620632657, 0.17546510128205364], [0.20407297975286245, 0.21059262363974607, 0.18985572592700653, 0.39547867068038506], [0.5083818469089294, 0.1627733935485239, 0.12947803551597883, 0.19936672402656777], [0.49602050224386335, 0.24977942589358673, 0.11519896377003425, 0.13900110809251562], [0.24347262438914646, 0.24682374404494709, 0.2639872104622379, 0.2457164211036687], [0.2062551287579055, 0.13949937484498617, 0.39821006565955186, 0.2560354307375564], [0.20375680953456266, 0.1348033826768091, 0.39272665050462, 0.26871315728400813], [0.376695297679044, 0.16060601421902138, 0.22306178569690463, 0.23963690240503002], [0.19160947026838013, 0.3175823743236783, 0.26897377634823544, 0.22183437905970615], [0.24643748892770492, 0.21967932193001408, 0.2895489076104462, 0.24433428153183498], [0.144205613859922, 0.6061092887771359, 0.10874481577717474, 0.14094028158576757], [0.20098352005087414, 0.40654571622623736, 0.2175273499346839, 0.17494341378820466], [0.43918789181737683, 0.13700985122478296, 0.22885472919784086, 0.19494752775999943], [0.37672186622091564, 0.297105561940745, 0.13277770343167497, 0.19339486840666434], [0.40613270817387487, 0.15302792181352035, 0.17620791598289287, 0.26463145402971194], [0.3066794256396946, 0.2627638753434937, 0.21165247591616712, 0.21890422310064464], [0.190159866180483, 0.23745830084362277, 0.24813811281090906, 0.3242437201649852], [0.3369401244217904, 0.26673712701068314, 0.14870334918265307, 0.2476193993848734], [0.36217136149221263, 0.2148357732252178, 0.15187431199707513, 0.2711185532854946], [0.38613977460536475, 0.1736744460103443, 0.12438131874804934, 0.3158044606362417], [0.4104360630460202, 0.2353696704677722, 0.19935721075604376, 0.1548370557301639], [0.186980367973043, 0.12786900040573032, 0.5736599608731112, 0.11149067074811553], [0.20939815642297196, 0.2881558174901923, 0.3043388035032691, 0.19810722258356667], [0.30249991664031417, 0.2211118088126627, 0.1677113253907127, 0.3086769491563104], [0.30515664841961654, 0.2523493406250764, 0.2188812547600499, 0.2236127561952571], [0.3487923687167641, 0.2451768633230021, 0.19266480706147548, 0.21336596089875848], [0.2845657518980884, 0.22498579357016152, 0.2577517391297833, 0.23269671540196696], [0.29033585311463345, 0.35409523458751924, 0.18415922469842344, 0.17140968759942402], [0.5194819329841059, 0.1552515644939636, 0.1112440341442654, 0.21402246837766498], [0.23307602319450824, 0.2719296189054498, 0.2373936761773738, 0.2576006817226682], [0.3691191314705285, 0.2425004459960344, 0.1637662736363744, 0.22461414889706272], [0.28394439379130226, 0.35673387229105813, 0.16228868705169613, 0.19703304686594345], [0.15975766023375063, 0.3198681826885046, 0.36327435318214, 0.15709980389560496], [0.29464109519879345, 0.12215608131208978, 0.11599587860696264, 0.46720694488215403], [0.25399664977883835, 0.22281406713483176, 0.1937208790701723, 0.3294684040161577], [0.06664677052558936, 0.5826775906711911, 0.1784420944529339, 0.17223354435028576], [0.38373120903104724, 0.19110181365069795, 0.23512703589097209, 0.1900399414272827], [0.39281832182329934, 0.2084390616803528, 0.1607737380778699, 0.23796887841847794], [0.12233171057785089, 0.533069336540882, 0.0868469392995365, 0.25775201358173055], [0.16933566159353952, 0.282649119411659, 0.18905338499183544, 0.35896183400296605], [0.4197205845344891, 0.18261051563806524, 0.17977212855757504, 0.21789677126987075], [0.22048029966425556, 0.2628797115548976, 0.2964825642599356, 0.22015742452091117], [0.25828160416664997, 0.28280925105757004, 0.25020429641904196, 0.20870484835673817], [0.35961556229168906, 0.30338325391120774, 0.11281680359067507, 0.2241843802064283], [0.18601772764658908, 0.18176102768109156, 0.28129734763371944, 0.3509238970386], [0.4681383988946635, 0.08952298924592113, 0.1050449896930858, 0.3372936221663296], [0.3918394196458608, 0.18897305873235898, 0.12748438772241616, 0.29170313389936403], [0.3957836331134281, 0.29035105379417536, 0.12373616690393716, 0.19012914618845944], [0.15209523692985194, 0.192606955423052, 0.490532763443579, 0.1647650442035172], [0.3031360571775056, 0.3970422686133776, 0.1343876766633109, 0.165433997545806]]}}