{"test": {"ids": ["112116640", "109120150", "111116110", "100117420", "113119320", "112118581", "106118820", "112118421", "100113370", "105111990", "108117360", "106119580", "98116500", "109115220", "113120070", "99107950", "108113480", "112120700", "100120010", "110121140", "109121640", "99112840", "99113260", "105120280", "113119950", "101111210", "108113740", "104111990", "110118111", "111120591", "105120621", "111120640", "110121720", "102116500", "111114171", "103112470", "98109090", "98119591", "98117740", "113120540", "102118380", "113120260", "113122230", "110120531", "109121410", "101121640", "109117080", "111120220", "99111620", "107119130", "108114180", "112116290", "112119320", "97116800", "111120260", "112119930", "104116800", "104113170", "109117150", "99117740", "97112300", "100116500", "113119700", "98111231", "100110050", "110118701", "98111860", "97105580", "105113440", "102109010", "113117401", "99108000", "106115250", "106114280", "99109161", "102117351", "109120540", "97107821", "111120320", "111119150", "110115140", "99107630", "97105960", "99110050", "113117550", "99109141", "105116980", "99109910", "108118810", "111119610", "110113931", "100108260", "97112170", "98108970", "107116300", "111116100", "112119950", "109118701", "97105451", "106116441", "99109311", "108114040", "107121640", "99108080", "99107500", "99108330", "112118550", "112120630", "100109000", "106115120", "109117730", "113121810", "107118820", "102110240", "101112540", "98111620", "105110251", "110118121", "101110740", "109117630", "97113900", "111121220", "98112580", "102110690", "112119580", "101114020", "111118810", "109117110", "101109000", "99107300", "110116441", "104111880", "106119990", "106113360", "98108370", "105121370", "106120290", "103120780", "99116500", "97111790", "106121220", "98111670"], "labels": [0, 2, 3, 2, 1, 1, 3, 3, 3, 2, 1, 3, 2, 3, 2, 1, 0, 2, 0, 3, 0, 2, 0, 3, 0, 2, 3, 2, 1, 1, 1, 0, 3, 1, 3, 1, 1, 1, 2, 3, 1, 3, 1, 0, 0, 2, 1, 3, 3, 1, 1, 0, 1, 0, 3, 1, 1, 3, 2, 2, 2, 2, 0, 1, 3, 3, 0, 1, 0, 1, 3, 2, 2, 3, 3, 1, 1, 2, 1, 3, 0, 2, 2, 3, 3, 3, 0, 2, 1, 2, 1, 3, 0, 3, 0, 3, 0, 3, 0, 0, 1, 0, 1, 3, 0, 1, 3, 3, 1, 1, 3, 2, 3, 3, 2, 3, 0, 3, 3, 0, 2, 3, 2, 0, 3, 3, 0, 1, 1, 3, 3, 3, 0, 0, 1, 2, 2, 1, 2, 2, 1, 1], "predicted_labels": [1, 1, 3, 3, 1, 1, 1, 3, 1, 1, 1, 1, 3, 3, 1, 1, 1, 1, 3, 0, 3, 3, 1, 1, 3, 3, 3, 1, 0, 0, 0, 1, 0, 3, 3, 1, 0, 0, 1, 1, 1, 1, 1, 1, 1, 3, 1, 1, 1, 1, 1, 1, 1, 0, 0, 3, 3, 1, 1, 0, 3, 3, 1, 0, 1, 1, 2, 1, 1, 1, 0, 1, 1, 1, 0, 0, 1, 0, 3, 1, 3, 3, 3, 3, 3, 0, 3, 2, 1, 3, 1, 1, 3, 1, 1, 0, 0, 1, 3, 1, 1, 2, 1, 0, 1, 3, 0, 0, 3, 1, 1, 1, 1, 1, 1, 1, 0, 1, 1, 3, 0, 1, 1, 3, 0, 3, 0, 1, 3, 0, 1, 3, 0, 3, 3, 1, 1, 0, 2, 1, 3, 0], "confidence_scores": [[0.14487646510800378, 0.6471497667828856, 0.07281786900000993, 0.13515589910910086], [0.33214324008485896, 0.22600554202548284, 0.3306066927133293, 0.11124452517632881], [0.25098115033543855, 0.0592171534729395, 0.024196416191483876, 0.6656052800001382], [0.12371279008929094, 0.11042206055692497, 0.04088965106070692, 0.7249754982930772], [0.30389653805003225, 0.45007215612443796, 0.11454920536543098, 0.13148210046009873], [0.06193544040069529, 0.6388408202876873, 0.13364167409837904, 0.16558206521323882], [0.051253773157147645, 0.716314720703064, 0.047359904770446416, 0.1850716013693421], [0.37273716170351756, 0.2829156053989354, 0.0042345305084704275, 0.3401127023890769], [0.3384025222770414, 0.3067338057397318, 0.12320362964343082, 0.2316600423397962], [0.11175275974569034, 0.3566973442245665, 0.19124551329816178, 0.34030438273158137], [0.2588711058029392, 0.17268945164997235, 0.4343011702991778, 0.1341382722479108], [0.02432556618078897, 0.7693611310407765, 0.1785814501938329, 0.027731852584601452], [0.5125255598737696, 0.023210324617262725, 0.03563764367474835, 0.4286264718342194], [0.35457196022324544, 0.17512286557332588, 0.04230421251425101, 0.42800096168917784], [0.04055244573738222, 0.8096109013678259, 0.12376524302009151, 0.02607140987469999], [0.020379436309235506, 0.41675168358251485, 0.5400568389500785, 0.022812041158171398], [0.12821581400518478, 0.512820621316757, 0.06972663438264845, 0.2892369302954103], [0.15697431821489585, 0.47573041328815036, 0.05434308451366161, 0.3129521839832925], [0.10398452959560239, 0.08970908891945771, 0.5750621878453108, 0.23124419363962917], [0.7766731669885896, 0.11375690830051578, 0.0028763722932558383, 0.10669355241763867], [0.3331840501477096, 0.19954726415159119, 0.016485842921256898, 0.4507828427794423], [0.15718563043125044, 0.20784904763920936, 0.3599450863935792, 0.27502023553596106], [0.20602370003046194, 0.1285855073158214, 0.4977580176185876, 0.167632775035129], [0.20282953265711592, 0.7360876777926554, 0.007624469353273342, 0.05345832019695512], [0.15481631115463315, 0.0780603713669169, 0.0028675437442436465, 0.7642557737342063], [0.05354896796940869, 0.1480612834739825, 0.021020021780012374, 0.7773697267765963], [0.5466233486587264, 0.017615155140707092, 0.02054140519545395, 0.41522009100511276], [0.15894059204261268, 0.47704306479998404, 0.0956263888857628, 0.26838995427164075], [0.8026705266951218, 0.1390241143819673, 0.04804962509225472, 0.010255733830655853], [0.8317686358267019, 0.03193413829518286, 0.0023193972428854925, 0.13397782863522964], [0.9528384081109064, 0.02121587956365716, 9.600703753404372e-05, 0.02584970528790232], [0.37475724780404324, 0.42742571108178606, 0.08135486918676688, 0.11646217192740407], [0.6556690418796093, 0.2398394574432318, 0.016069337811895013, 0.08842216286526382], [0.3009973635155007, 0.20546219006177557, 0.12396222295177639, 0.3695782234709475], [0.2743806529837746, 0.09400350077575595, 0.026005993831956887, 0.6056098524085126], [0.3976180537439058, 0.3072257489542288, 0.08592073526446901, 0.20923546203739612], [0.7537169844120198, 0.04707876887502566, 0.02698056838825616, 0.17222367832469826], [0.6222893747269824, 0.15488094131137903, 0.06013167710623326, 0.1626980068554052], [0.14992510391048924, 0.47749819181791037, 0.21455078062121039, 0.15802592365038992], [0.11887134776674833, 0.6517909882909458, 0.03467180802039509, 0.19466585592191066], [0.12373036249571867, 0.31319534237266744, 0.4237421241195293, 0.13933217101208512], [0.33106861381362146, 0.2742586476531021, 0.05985554643702595, 0.3348171920962503], [0.11488381750965025, 0.7432749389287829, 0.0913068925906301, 0.050534350970936864], [0.5392071740563583, 0.3593156835817698, 0.00706090525413766, 0.0944162371077345], [0.03169954613120484, 0.48876231728143943, 0.025513612892447614, 0.45402452369490803], [0.04912246622028688, 0.25848102429713266, 0.03958028936790482, 0.6528162201146758], [0.012563595757535665, 0.9484078305694649, 0.017818897567979004, 0.02120967610502022], [0.360963722794905, 0.5754368935419218, 0.0360919015487865, 0.027507482114386753], [0.2518192487420301, 0.4728141274722936, 0.18555184413823828, 0.08981477964743795], [0.13530078948027807, 0.7417648301137869, 0.027899074869392335, 0.09503530553654277], [0.12830699196696424, 0.5816502235881823, 0.027686437752939188, 0.2623563466919144], [0.12694060910985816, 0.48882194533518714, 0.12955695157918531, 0.2546804939757693], [0.013314713133803972, 0.34532882446814006, 0.19549386094003934, 0.44586260145801654], [0.9374600210734396, 0.016864183554847572, 0.009040822394482026, 0.03663497297723083], [0.6339974491234128, 0.1794471405197602, 0.00804080645300042, 0.17851460390382612], [0.22789499698768234, 0.16022105793724023, 0.32158302479772644, 0.2903009202773514], [0.17625361813196197, 0.094885614245376, 0.0205825219184423, 0.7082782457042197], [0.30661510832429223, 0.38776383564270483, 0.03886107054728851, 0.2667599854857144], [0.051392292530876, 0.8923160553912509, 0.023010121175666216, 0.03328153090220696], [0.9045905744414001, 0.057104138974903705, 0.012389124925000305, 0.025916161658695563], [0.29130564295322925, 0.028616496040835725, 0.16700986934706644, 0.5130679916588688], [0.38182652027994934, 0.0477911918797349, 0.17338581039960108, 0.3969964774407146], [0.2342459637909896, 0.4956072487715221, 0.1293171393222354, 0.1408296481152525], [0.9161857241005965, 0.012128156498314727, 0.008948943327529383, 0.0627371760735593], [0.04737500775992592, 0.4707379476880743, 0.36878422298253977, 0.11310282156946012], [0.448388797763358, 0.4285189875903783, 0.022047549007982205, 0.10104466563828197], [0.0088792128152877, 0.01664988698272311, 0.9389991933345102, 0.0354717068674789], [0.08207218613308656, 0.55133021142121, 0.1477292913015007, 0.21886831114420296], [0.080490422669751, 0.7333989269747644, 0.10162250686614516, 0.0844881434893394], [0.19400978285041473, 0.515607088313037, 0.1816427066249362, 0.10874042221161223], [0.5915178693410799, 0.2074125291707282, 0.004262680386949476, 0.19680692110124198], [0.05608065408787953, 0.6717965431996203, 0.12823656802195826, 0.1438862346905418], [0.17081926476229925, 0.6108259875171982, 0.13115705241407222, 0.0871976953064302], [0.2969581201878971, 0.3008332219091583, 0.14172683427566735, 0.26048182362727695], [0.6290472561159819, 0.20552910679656353, 0.13145673940174338, 0.03396689768571129], [0.6028561429636405, 0.2907004437067769, 0.0074839261509358004, 0.09895948717864696], [0.17558493874953426, 0.6712985910972831, 0.024599526685996513, 0.12851694346718606], [0.6995290481614094, 0.10303256153279605, 0.062445113539100705, 0.13499327676669381], [0.17422375460124398, 0.17004848606332415, 0.1826226493749433, 0.47310510996048866], [0.12251357047601547, 0.6916255015780267, 0.013608567508324619, 0.1722523604376334], [0.5241964090913506, 0.08715882682060587, 0.032422369456166285, 0.35622239463187716], [0.28798082760185534, 0.05315055098458439, 0.012286072097437473, 0.6465825493161231], [0.3457540193362067, 0.16407866996525858, 0.06898160578838558, 0.42118570491014945], [0.17971860523586625, 0.2545172194795108, 0.04989636520686977, 0.515867810077753], [0.1152058117527035, 0.10194902638193983, 0.16539201816827706, 0.6174531436970798], [0.6026368802534361, 0.17184349146057035, 0.007131721493053681, 0.21838790679293943], [0.2392855108333689, 0.254221594098518, 0.0020621420990782407, 0.5044307529690348], [0.06749597619525402, 0.07234458245700022, 0.8405336388650216, 0.019625802482724317], [0.02540590067845247, 0.7933466870366734, 0.01641899664022385, 0.16482841564464992], [0.2789092492067618, 0.12370044729215926, 0.3770580988050525, 0.22033220469602652], [0.36453099662539973, 0.38300060630228544, 0.05856757435258029, 0.19390082271973427], [0.29422824986948526, 0.27934006964365254, 0.16849294460013603, 0.2579387358867262], [0.26498013206537885, 0.16761758717711484, 0.017605228798925857, 0.5497970519585803], [0.033722430887927084, 0.7828929617809368, 0.14328678163579361, 0.04009782569534244], [0.05054181041667222, 0.7833750806656435, 0.016958542957101107, 0.1491245659605827], [0.7082964504956324, 0.1803817827145426, 0.007439282688794162, 0.10388248410103094], [0.6979200057699713, 0.040066471271329895, 0.008095178172163691, 0.2539183447865351], [0.249740418852377, 0.5390130716425031, 0.06927667734341496, 0.14196983216170486], [0.27201840665267224, 0.2073397357620388, 0.013772169178505135, 0.5068696884067839], [0.1812931229591986, 0.5148439213574894, 0.03448316373126194, 0.26937979195205014], [0.49313066939058775, 0.41382791381499484, 0.033598928289924904, 0.05944248850449232], [0.016819400481334096, 0.06330489685114439, 0.8436159064490647, 0.07625979621845684], [0.199578278680785, 0.4753673382784219, 0.0795176494023047, 0.24553673363848832], [0.8017278355691392, 0.12571534205309137, 0.035744111050762334, 0.03681271132700699], [0.16158662955352424, 0.3720360771941919, 0.17612365401107846, 0.2902536392412054], [0.04963839313029752, 0.13305685029849013, 0.15551014881143976, 0.6617946077597726], [0.6099301123041112, 0.15298984885889888, 0.01800695323354407, 0.21907308560344593], [0.7537494744327456, 0.025300558337340056, 0.0010912347898474528, 0.21985873244006704], [0.06896100536249132, 0.10531259405947985, 0.019174934672269772, 0.806551465905759], [0.23604270573914368, 0.3632624021447459, 0.01656325718962818, 0.38413163492648206], [0.21163968476795836, 0.3911888630171825, 0.1535591405270235, 0.24361231168783568], [0.07908430932056755, 0.3361591539841288, 0.5638916751032251, 0.020864861592078746], [0.09391331040077538, 0.40678208865713994, 0.07589849624383456, 0.4234061046982498], [0.3045770035621775, 0.42221952034581994, 0.07536278450000919, 0.19784069159199336], [0.06876797745569047, 0.28436709279660854, 0.29456733792295997, 0.3522975918247412], [0.018821110042127526, 0.29149290670555217, 0.5772621765781156, 0.11242380667420507], [0.6845288375087988, 0.25754480097452986, 0.033236292003919164, 0.02469006951275214], [0.08650498227841931, 0.4265306418309569, 0.07604366408675607, 0.4109207118038676], [0.24021772510341624, 0.3436177385559279, 0.2831358545757709, 0.13302868176488483], [0.4704272838566767, 0.23604689021695108, 0.008742822537096953, 0.2847830033892755], [0.49429196065672715, 0.24261992581101224, 0.17558320807430067, 0.0875049054579598], [0.2120433845631787, 0.5310854884980707, 0.06515847157593545, 0.1917126553628153], [0.2911350370622225, 0.22994793760606277, 0.1720085011684636, 0.3069085241632511], [0.37173981919364424, 0.05093756796763011, 0.018771784048351243, 0.5585508287903741], [0.6975635255293633, 0.037839796350437216, 0.006693813867536208, 0.25790286425266323], [0.4960282431676745, 0.14173256212307733, 0.05084241910643147, 0.3113967756028168], [0.6829682917827549, 0.13528288422352158, 0.029976608353748525, 0.15177221563997462], [0.05479164052976484, 0.8002270608343427, 0.049548288674304566, 0.09543300996158809], [0.19275090832532474, 0.31228978515102535, 0.0168001621574015, 0.4781591443662484], [0.7456376940252284, 0.04668856942478565, 0.008871925557488686, 0.19880181099249722], [0.07010911479985522, 0.5049894675991937, 0.04023361714507798, 0.384667800455873], [0.019941592362593973, 0.20841638297282866, 0.2566823399620019, 0.5149596847025752], [0.5117991153434134, 0.07438297163353957, 0.3336594007987714, 0.08015851222427559], [0.11272099245007654, 0.19532300052055085, 0.008245698334279695, 0.6837103086950926], [0.17425579550014333, 0.10283257239257047, 0.1304594791810017, 0.5924521529262844], [0.03260180735361037, 0.8060209607521224, 0.0744982022195413, 0.08687902967472604], [0.1532256650744197, 0.5342516579387097, 0.047592132400025036, 0.2649305445868456], [0.548016804322062, 0.08409826436358424, 0.15855139192293596, 0.20933353939141774], [0.030451641141949995, 0.09605283611892894, 0.7561287460832231, 0.1173667766558982], [0.17733853129622645, 0.2574702789249935, 0.3985707098729141, 0.1666204799058658], [0.020019925738982147, 0.3168734903488867, 0.08075935947413099, 0.5823472244380001], [0.7418673043491572, 0.08067524698327194, 0.042257921113831684, 0.13519952755373912]]}, "rewritten": {"ids": ["97105451", "97105580", "97105960", "97107821", "97111790", "97112170", "97112300", "97113900", "97116800", "98108370", "98108970", "98109090", "98111231", "98111620", "98111670", "98111860", "98112580", "98116500", "98117740", "98119591", "99107300", "99107500", "99107630", "99107950", "99108000", "99108080", "99108330", "99109141", "99109161", "99109311", "99109910", "99110050", "99111620", "99112840", "99113260", "99116500", "99117740", "100108260", "100109000", "100110050", "100113370", "100116500", "100117420", "100120010", "101109000", "101110740", "101111210", "101112540", "101114020", "101121640", "102109010", "102110240", "102110690", "102116500", "102117351", "102118380", "103112470", "103120780", "104111880", "104111990", "104113170", "104116800", "105110251", "105111990", "105113440", "105116980", "105120280", "105120621", "105121370", "106113360", "106114280", "106115120", "106115250", "106116441", "106118820", "106119580", "106119990", "106120290", "106121220", "107116300", "107118820", "107119130", "107121640", "108113480", "108113740", "108114040", "108114180", "108117360", "108118810", "109115220", "109117080", "109117110", "109117150", "109117630", "109117730", "109118701", "109120150", "109120540", "109121410", "109121640", "110113931", "110115140", "110116441", "110118111", "110118121", "110118701", "110120531", "110121140", "110121720", "111114171", "111116100", "111116110", "111118810", "111119150", "111119610", "111120220", "111120260", "111120320", "111120591", "111120640", "111121220", "112116290", "112116640", "112118421", "112118550", "112118581", "112119320", "112119580", "112119930", "112119950", "112120630", "112120700", "113117401", "113117550", "113119320", "113119700", "113119950", "113120070", "113120260", "113120540", "113121810", "113122230"], "labels": [0, 1, 2, 2, 2, 0, 2, 2, 0, 1, 3, 1, 1, 3, 1, 0, 2, 2, 2, 1, 3, 0, 2, 1, 2, 3, 1, 3, 3, 1, 2, 3, 3, 2, 0, 2, 2, 3, 1, 3, 3, 2, 2, 0, 1, 3, 2, 2, 3, 2, 1, 3, 0, 1, 1, 1, 1, 1, 3, 2, 3, 1, 0, 2, 0, 0, 3, 1, 2, 0, 3, 1, 2, 0, 3, 3, 0, 2, 1, 0, 3, 1, 1, 0, 3, 0, 1, 1, 1, 3, 1, 1, 2, 0, 3, 3, 2, 1, 0, 0, 1, 0, 3, 1, 3, 3, 0, 3, 3, 3, 3, 3, 0, 3, 2, 3, 3, 1, 1, 0, 3, 0, 0, 3, 3, 1, 1, 3, 1, 0, 3, 2, 3, 3, 1, 0, 0, 2, 3, 3, 2, 1], "predicted_labels": [3, 1, 3, 1, 1, 1, 0, 0, 0, 3, 1, 0, 0, 1, 0, 2, 1, 3, 1, 0, 0, 3, 0, 1, 1, 0, 3, 3, 1, 1, 0, 1, 1, 1, 3, 2, 0, 1, 3, 1, 3, 0, 3, 2, 3, 1, 3, 3, 0, 3, 1, 0, 3, 3, 0, 3, 3, 1, 3, 1, 1, 3, 0, 1, 1, 3, 1, 0, 1, 3, 1, 3, 1, 3, 1, 1, 0, 1, 3, 1, 1, 1, 1, 1, 3, 2, 1, 1, 1, 3, 1, 3, 1, 1, 1, 1, 0, 1, 1, 3, 1, 0, 3, 0, 1, 1, 0, 3, 1, 3, 0, 3, 0, 1, 1, 0, 1, 3, 0, 1, 1, 1, 1, 3, 0, 1, 1, 0, 1, 0, 0, 1, 0, 3, 1, 1, 3, 1, 1, 1, 1, 1], "confidence_scores": [[0.3268692165972013, 0.13770229938760054, 0.005869332125307647, 0.5295591518898906], [0.12217228485065527, 0.502601384197678, 0.2172393666827523, 0.15798696426891465], [0.5699776048446861, 0.056632548714031686, 0.023580868985063688, 0.3498089774562186], [0.3166309823426254, 0.3205445775386641, 0.05484329315098397, 0.30798114696772655], [0.2789696369061236, 0.2396388364525339, 0.2839901002508535, 0.1974014263904891], [0.221090702479981, 0.415520781783673, 0.061656640727655615, 0.30173187500869014], [0.8030838976944276, 0.02165247862225693, 0.04562633781205059, 0.12963728587126475], [0.4595494554489931, 0.20181722327539187, 0.24396526768219184, 0.09466805359342323], [0.7592823840023651, 0.02375576768924145, 0.01226695916503709, 0.2046948891433564], [0.08907066589066161, 0.13645109208500664, 0.23257968762930523, 0.5418985543950263], [0.06801750801765324, 0.5905953194378685, 0.2917160844001134, 0.04967108814436479], [0.7943524251439116, 0.062480256034847, 0.02708753888245128, 0.11607977993879023], [0.8534827579644605, 0.05775160868166835, 0.0165945692671405, 0.0721710640867307], [0.016861266030581506, 0.31529307653783495, 0.6289744526884883, 0.038871204743094856], [0.5622935898261934, 0.2116579557514024, 0.09677565637480444, 0.12927279804759984], [0.07741335086075155, 0.11919806134212661, 0.6908914346423709, 0.11249715315475134], [0.030020270966100826, 0.40800898520349876, 0.27112844149038706, 0.29084230234001335], [0.4769535347169705, 0.046905675473770704, 0.05506075287723354, 0.4210800369320255], [0.13028789676049113, 0.38880835392991586, 0.4211952696935758, 0.05970847961601726], [0.5434509918154039, 0.14573368479105678, 0.10416863117301807, 0.2066466922205211], [0.853394373793091, 0.04466694710678877, 0.005941897424092678, 0.09599678167602738], [0.18678828073581616, 0.18074697168760148, 0.12498034873628548, 0.5074843988402968], [0.6135784961538249, 0.06323640342770578, 0.01459640735695347, 0.3085886930615159], [0.01699498673552778, 0.37321180739879384, 0.5827459177952565, 0.0270472880704217], [0.19920682623108021, 0.3007756523178096, 0.3060176058677039, 0.19399991558340623], [0.7702194136157642, 0.15156808205283165, 0.03296801397409868, 0.045244490357305385], [0.07757651514890779, 0.2404446758359387, 0.2841374041883679, 0.39784140482678565], [0.3938295507494643, 0.2622544091951727, 0.030109700226712707, 0.3138063398286503], [0.4196233086946504, 0.301656098616055, 0.12283482874252728, 0.15588576394676726], [0.19623871413667512, 0.3100523029203985, 0.11204430984945168, 0.3816646730934744], [0.31046622256744016, 0.117514594861991, 0.5292510173281028, 0.04276816524246588], [0.0368343424987298, 0.49421917523574316, 0.19713371361122548, 0.27181276865430143], [0.24775068433864533, 0.45323639021745715, 0.17684758990307584, 0.12216533554082161], [0.1335978767121005, 0.3991774116292907, 0.2670047285339979, 0.200219983124611], [0.23686543755497072, 0.14166616105574878, 0.3486093008105185, 0.27285910057876167], [0.05969958843733366, 0.1160518015702113, 0.6942404159764404, 0.13000819401601474], [0.9080507839792801, 0.052954691671734555, 0.012807440233377869, 0.026187084115607693], [0.3292234512648179, 0.48603996189799065, 0.03391265485088531, 0.15082393198630617], [0.07299313036542113, 0.15529573562577517, 0.13919017803907888, 0.6325209559697248], [0.048045186574827474, 0.45823294471617576, 0.219369860952479, 0.2743520077565177], [0.35452920906186997, 0.16193851308613738, 0.2093235464587627, 0.2742087313932299], [0.4411326213857136, 0.04379252206063028, 0.3359518983073208, 0.17912295824633503], [0.23176276112292668, 0.12736983981832134, 0.02418535147148913, 0.6166820475872627], [0.10659917695884912, 0.038338039000477414, 0.7767452087677128, 0.07831757527296052], [0.2574240155681542, 0.249930091260991, 0.053210144351936425, 0.4394357488189181], [0.38120112722607713, 0.3813136092777921, 0.19350992287815164, 0.04397534061797928], [0.03343013264588998, 0.06645881711226512, 0.018600150989954788, 0.8815108992518901], [0.14287863650443183, 0.14880407590616423, 0.2636682340003119, 0.444649053589092], [0.5986896050181636, 0.08066867588809847, 0.05290349645079639, 0.2677382226429418], [0.09220970699865588, 0.1938655740771385, 0.03189004940449669, 0.682034669519709], [0.4322797858422392, 0.39769170589710634, 0.06023620067237312, 0.10979230758828147], [0.5129232872571498, 0.2135853864153444, 0.08941631842479957, 0.18407500790270637], [0.5882987776390535, 0.03290190263680266, 0.021082417574464274, 0.3577169021496795], [0.3152124533600592, 0.18366176917912197, 0.10826443694004595, 0.3928613405207729], [0.5171243373404832, 0.21230847489869936, 0.0311705307182372, 0.23939665704258], [0.1434475192914987, 0.19631211730597695, 0.3637642704060594, 0.29647609299646505], [0.37182938333377824, 0.22503089520574665, 0.09603175580100508, 0.30710796565946996], [0.12079171878722843, 0.2735692137153663, 0.34661102271898503, 0.25902804477842045], [0.1350644885248715, 0.17723809511985572, 0.09536346644042099, 0.592333949914852], [0.21999455852402813, 0.32196744065847877, 0.2226361731915498, 0.23540182762594333], [0.4023271703823867, 0.34111336512430535, 0.08669210372206118, 0.16986736077124656], [0.17467465706885899, 0.05129088759970078, 0.024000544937838344, 0.750033910393602], [0.8974925278845974, 0.06853680432879858, 0.022072940274995432, 0.011897727511608596], [0.15730173274900308, 0.3717136303395468, 0.0636314020189739, 0.40735323489247666], [0.22039194321860184, 0.5087084701997349, 0.16038738565134347, 0.11051220093032009], [0.2602305709805608, 0.25560517151401424, 0.003566182091535215, 0.48059807541388994], [0.221697480266977, 0.7313573724138515, 0.015502193043426964, 0.031442954275744645], [0.7982951790222093, 0.06914544835147818, 0.0009709665809374285, 0.13158840604537506], [0.009087505262345462, 0.7107791657963296, 0.2466517947688348, 0.03348153417248996], [0.12189896612027477, 0.3388156779355967, 0.009220135656428482, 0.5300652202877], [0.17883070601251136, 0.4831540666407088, 0.17472012348244395, 0.16329510386433566], [0.28350842773741175, 0.3323005158414272, 0.020242562681625293, 0.36394849373953553], [0.23761226029348356, 0.6317325462512942, 0.040913926344985974, 0.08974126711023689], [0.16077765348445056, 0.27121622699491615, 0.10488556899419123, 0.4631205505264419], [0.050130537483959424, 0.7383405325538339, 0.12052202603936783, 0.09100690392283887], [0.02780134946003327, 0.8434075063359251, 0.10191320085228771, 0.026877943351753877], [0.691558221826753, 0.08853557567958859, 0.122056041802989, 0.09785016069066999], [0.12860327981629452, 0.40299668270608774, 0.10333094366372937, 0.3650690938138883], [0.04599128997087625, 0.25658185036040715, 0.20684617825696872, 0.490580681411748], [0.0573963295100215, 0.7555230274178122, 0.04215339993372761, 0.14492724313843885], [0.029167421573589616, 0.380265348566345, 0.12820869931932724, 0.4623585305407382], [0.13902426572633766, 0.7123910918593166, 0.03848878727749329, 0.11009585513685244], [0.09057165669071848, 0.39528042749350895, 0.1547701643636665, 0.35937775145210626], [0.11018688061110239, 0.5178622492262528, 0.2567987770118657, 0.1151520931507788], [0.5560717896943266, 0.011582292420847209, 0.017152790242738608, 0.4151931276420874], [0.04480651331793875, 0.022679105037606787, 0.9002370063614828, 0.03227737528297175], [0.040003650679728525, 0.8049236970935865, 0.03894246329556223, 0.11613018893112272], [0.07983443132449927, 0.16686359911120874, 0.69532916352244, 0.057972806041852135], [0.06646691487500958, 0.47921293836847717, 0.017834205524941037, 0.436485941231572], [0.3209129084012052, 0.1655004921853031, 0.07398944272961866, 0.4395971566838728], [0.02554178287523904, 0.932789836596732, 0.026292893617186876, 0.015375486910842248], [0.11978706597477978, 0.24906064558599575, 0.06454619937029116, 0.5666060890689333], [0.03884027620158361, 0.7125278269786389, 0.2219149983230262, 0.02671689849675151], [0.16629453901091845, 0.2655385052375364, 0.37925227916848514, 0.18891467658305988], [0.4756518399560158, 0.2567279913064929, 0.09776049531797469, 0.16985967341951697], [0.24198831136629131, 0.3110472536293378, 0.1820846145017012, 0.26487982050266967], [0.4412051597778735, 0.1648385585133487, 0.2466507537346869, 0.14730552797409105], [0.27786287332290227, 0.5904800942514938, 0.03380100174326456, 0.09785603068233943], [0.04804213067784303, 0.5420316369972856, 0.0356351288071696, 0.3742911035177016], [0.39264727508151054, 0.21734738365157974, 0.0083497560338602, 0.3816555852330496], [0.49718379558011855, 0.35503426359064594, 0.023095871568498978, 0.12468606926073655], [0.7246189082582342, 0.04957062079536511, 0.0938932869063629, 0.131917184040038], [0.06327897782510414, 0.36243809253074116, 0.03272356158796878, 0.541559368056186], [0.9145263057158304, 0.06985854611603831, 0.0046768720333772665, 0.01093827613475418], [0.23945816628109792, 0.4738640403252971, 0.05687531332740643, 0.22980248006619836], [0.26195931539689304, 0.6864099981198648, 0.02218305314687863, 0.029447633336363136], [0.8087161980589387, 0.16097454494835, 0.005845018770457062, 0.02446423822225448], [0.3421110557216778, 0.26923608473917254, 0.007823698687983119, 0.3808291608511664], [0.1545398322838159, 0.5977708911525711, 0.11323959233032568, 0.13444968423328757], [0.3016775399541048, 0.2666078839426118, 0.06067794949845631, 0.3710366266048271], [0.540930348320231, 0.1829772596838521, 0.01805968829481764, 0.25803270370109915], [0.3673153306657621, 0.045484775109652466, 0.014497779738720594, 0.572702114485865], [0.7495486815976029, 0.10168977158049076, 0.026640054670928667, 0.12212149215097777], [0.16898010159073185, 0.7018220973129855, 0.02817666920064658, 0.10102113189563583], [0.36862223585292553, 0.21153570837499625, 0.3228733579307291, 0.09696869784134919], [0.6603583218540843, 0.28033423687062675, 0.052931696774270044, 0.006375744501019025], [0.2696548654239682, 0.5161654113894071, 0.06703943783877712, 0.14714028534784773], [0.08337545190588352, 0.06776271769824543, 0.3139686620768426, 0.5348931683190287], [0.9212679804934334, 0.025174475838864063, 0.003287119751206234, 0.05027042391649614], [0.4343193386738155, 0.27989829906363267, 0.08667455398845415, 0.19910780827409774], [0.27517687867440743, 0.3849174886152859, 0.02465180462241074, 0.31525382808789604], [0.1334816917733268, 0.4190653606685757, 0.15440424795298383, 0.2930486996051134], [0.2875697056362538, 0.3845265252847693, 0.1358932027824581, 0.19201056629651905], [0.2190123172876057, 0.22087742693754142, 0.03538520813523002, 0.5247250476396227], [0.6671732933930586, 0.11432317948364683, 0.054194767057671456, 0.16430876006562306], [0.29789752182287427, 0.31955660045030565, 0.1767413970001708, 0.2058044807266488], [0.008612196869795141, 0.2373484374578686, 0.6178248803874409, 0.1362144852848957], [0.8502869250151759, 0.04037006856536221, 0.004175980663232305, 0.10516702575622987], [0.09656016365119528, 0.2197899803969471, 0.5898711458132975, 0.09377871013856016], [0.6192545239151257, 0.12083356129922282, 0.01818253772401721, 0.24172937706163417], [0.6211048673225303, 0.044615733663034, 0.0026107553236451217, 0.3316686436907907], [0.059981632516694396, 0.8824729022031012, 0.0132447455787057, 0.0443007197014989], [0.546222310223008, 0.16480228042687334, 0.01048581550400316, 0.2784895938461154], [0.12900238304375933, 0.09038977496803444, 0.3521920980724314, 0.4284157439157751], [0.1441767740297319, 0.2635460726272562, 0.2479807263985302, 0.34429642694448176], [0.491661696948292, 0.3077949970552802, 0.14213137731948963, 0.058411928676937834], [0.4768861729460501, 0.09465475834883204, 0.010232399925946933, 0.418226668779171], [0.052493873973371664, 0.8461150033429963, 0.06252460449561927, 0.03886651818801287], [0.2759776146608661, 0.47216329637602256, 0.12408588717281378, 0.12777320179029755], [0.14061270003134088, 0.6576964600663576, 0.02020891267648071, 0.18148192722582066], [0.22603336926547507, 0.3741986755170502, 0.2604777258709891, 0.13929022934648544], [0.04094959570302681, 0.8480973303659465, 0.0883000873211152, 0.022652986609911465]]}}