{"test": {"ids": ["112121030", "98106111", "113118810", "108121351", "113117340", "98106680", "113119950", "109120540", "102112030", "103113101", "103111830", "99110730", "107114321", "98111231", "97116790", "104111550", "100109801", "111117571", "101108290", "113121190", "99111440", "102109840", "100109330", "112117580", "112118701", "103113610", "106117650", "108118630", "100109890", "113122170", "106118820", "111115620", "111115770", "99109141", "108120260", "99111000", "111120591", "100113210", "98117740", "111120190", "98116940", "109118231", "113120070", "103113270", "106114280", "108113760", "108115250", "110115120", "97106591", "108115970", "107114140", "113122230", "107120010", "101111990", "113122430", "98110680", "105113260", "106118301", "99107950", "103120290", "99112840", "111116010", "112120540", "98107010", "100109360", "113118111", "110115580", "98108970", "108113480", "104114740", "110113591", "106113830", "113120751", "109117271", "107118820", "98106880", "100108490", "97109080", "102113210", "110121500", "113120591", "103111540", "102110890", "112119930", "111120260", "105120280", "104116800", "110118121", "111116170", "109116170", "109117150", "112120700", "99121440", "104119290", "101112201", "104116980", "104118340", "97105960", "98109570", "102110750", "97116401", "107118120", "100111080", "112116880", "108115570", "97107260", "111119150", "111119950", "105114220", "99109780", "106119580", "102109850", "99107660", "112120640", "106118520", "100108990", "112118880", "106116120", "108115870", "103112641", "97108520", "113117401", "112121410", "107117630", "99111620", "113121410", "109118161", "104111830", "112120290", "111117200", "107119950", "109113931", "107121230", "110115140", "101114990", "104113190", "105116441", "111116990", "113122220", "112118550", "105113170", "99109740"], "labels": [0, 0, 3, 3, 2, 1, 0, 1, 2, 3, 3, 3, 0, 1, 2, 1, 0, 3, 0, 1, 3, 2, 0, 0, 0, 2, 1, 1, 3, 1, 3, 1, 3, 3, 1, 2, 1, 0, 2, 3, 2, 1, 2, 2, 3, 1, 1, 0, 1, 2, 2, 1, 1, 2, 2, 2, 3, 1, 1, 2, 2, 1, 3, 3, 0, 1, 1, 3, 0, 2, 0, 1, 1, 0, 3, 0, 2, 2, 3, 3, 0, 1, 0, 1, 3, 3, 1, 3, 0, 0, 2, 2, 2, 1, 0, 1, 2, 2, 1, 1, 3, 3, 0, 0, 3, 2, 3, 0, 3, 2, 3, 1, 3, 0, 2, 2, 1, 1, 3, 3, 2, 3, 0, 0, 3, 0, 0, 3, 1, 0, 3, 1, 0, 0, 3, 3, 1, 0, 1, 3, 0, 3], "predicted_labels": [3, 1, 1, 1, 1, 1, 3, 1, 1, 1, 3, 1, 1, 0, 1, 1, 1, 3, 3, 3, 1, 0, 3, 1, 0, 1, 1, 3, 0, 3, 1, 3, 1, 1, 1, 1, 0, 3, 0, 3, 1, 3, 1, 1, 1, 3, 1, 1, 1, 3, 0, 1, 0, 1, 1, 0, 0, 3, 1, 1, 1, 3, 1, 0, 1, 1, 1, 1, 3, 3, 3, 3, 1, 3, 1, 1, 1, 1, 3, 3, 1, 3, 0, 1, 3, 1, 1, 3, 1, 3, 1, 1, 1, 3, 1, 1, 3, 1, 3, 1, 1, 3, 1, 3, 1, 1, 1, 3, 1, 1, 1, 1, 3, 0, 1, 1, 1, 1, 0, 1, 3, 3, 3, 3, 1, 1, 1, 3, 3, 1, 1, 0, 1, 3, 3, 3, 1, 3, 1, 3, 1, 1], "confidence_scores": [[0.2397000418604277, 0.2664116882155881, 0.19006916013153363, 0.30381910979245075], [0.24480001574216578, 0.293673254008012, 0.1824088335194756, 0.2791178967303471], [0.21951097440065231, 0.3274226653325762, 0.1762101414046989, 0.27685621886207284], [0.2863864501821023, 0.30160504440084296, 0.16523093880280737, 0.24677756661424763], [0.21292334538065452, 0.3446075697411406, 0.17945353676654022, 0.2630155481116648], [0.23346745236224548, 0.32450971145912205, 0.164756009640583, 0.2772668265380497], [0.21172152303134673, 0.2485280557609572, 0.22542671930626484, 0.3143237019014318], [0.25045701102364204, 0.29975358086685583, 0.16071157317147836, 0.2890778349380244], [0.22768375888349396, 0.3368048747531979, 0.19481945561314495, 0.2406919107501633], [0.24160859617342828, 0.2838764189797712, 0.20454199050826097, 0.26997299433854], [0.2364962813181038, 0.2540941328247395, 0.17442869954067794, 0.33498088631647893], [0.1926969928704426, 0.33041044047294366, 0.20910224171417824, 0.26779032494243565], [0.24687037301118192, 0.336940263913945, 0.14821251864795187, 0.26797684442692105], [0.322285338408418, 0.25669444892625726, 0.14551847328315637, 0.27550173938216854], [0.20710742347313837, 0.30035381990167787, 0.23244244877369252, 0.2600963078514915], [0.2757427986134615, 0.32399998661171037, 0.16798333546177674, 0.2322738793130519], [0.2971151969277205, 0.301266655236038, 0.14149910124654905, 0.26011904658969287], [0.27117432802073815, 0.2732357780459069, 0.16495583635938152, 0.2906340575739737], [0.28186586464942065, 0.2636798989713192, 0.16815771637977964, 0.28629651999948097], [0.2736694232635511, 0.27032930554458523, 0.1777513214682522, 0.27824994972361167], [0.2400510649639342, 0.3097067987773454, 0.16218341336511025, 0.2880587228936102], [0.29855667086988724, 0.2589407471050774, 0.14962289787172012, 0.2928796841533158], [0.30334924502182997, 0.24023737467740763, 0.14136575328942258, 0.31504762701134037], [0.28618576147892233, 0.2983291590009244, 0.14519552635797836, 0.27028955316217546], [0.3295247499285917, 0.29819282898433447, 0.1409856203489362, 0.23129680073813774], [0.19944808556433782, 0.2914767057515472, 0.21999169714556374, 0.28908351153855133], [0.2504688782506854, 0.2821038069526529, 0.21403563281501362, 0.25339168198164874], [0.24021937751087918, 0.26388953660102155, 0.21272938628725668, 0.2831616996008426], [0.31238750124820097, 0.24738204687139798, 0.15040254052156105, 0.28982791135884073], [0.2051305679589587, 0.29353520350406886, 0.19836770845561286, 0.3029665200813594], [0.21424420531384544, 0.31126381725881275, 0.22052486394795978, 0.25396711347938256], [0.2134624428157261, 0.2683307250197418, 0.23646767318871334, 0.28173915897581897], [0.26787403367493273, 0.2941105781698189, 0.17984963884458757, 0.2581657493106613], [0.27953886358267266, 0.31664314251221487, 0.14349842320499204, 0.26031957070012063], [0.221187067653804, 0.32873661501034895, 0.14826059549521017, 0.3018157218406369], [0.19317198473265176, 0.33164490625964554, 0.17701022042525896, 0.2981728885824441], [0.37815401965250806, 0.20920418632665538, 0.1507068064903036, 0.26193498753053307], [0.20165897686649975, 0.28326800632124144, 0.19837101198998322, 0.3167020048222761], [0.31616471324462103, 0.26520682501683923, 0.13115180901667775, 0.2874766527218627], [0.24176285833190259, 0.2647244995344483, 0.20903762697027217, 0.2844750151633773], [0.27820653608041834, 0.29700050180228604, 0.16558690226612396, 0.2592060598511718], [0.2769211113181993, 0.2866309330069226, 0.14533243675185634, 0.2911155189230219], [0.18348084369642106, 0.3608398539019044, 0.20329916143469456, 0.2523801409669806], [0.195357458087245, 0.3411840535479915, 0.19590618699562518, 0.26755230136913866], [0.254851935762046, 0.27625375460731794, 0.19581937562528157, 0.27307493400535504], [0.24846409791662968, 0.2201708257213402, 0.2258804643330674, 0.3054846120289629], [0.2858798990595369, 0.28709513242595397, 0.17455177817273312, 0.25247319034177623], [0.19733687379162237, 0.31963667510454213, 0.20048857104047033, 0.2825378800633655], [0.26527237518636476, 0.3231650680428527, 0.16117389372487081, 0.25038866304591206], [0.23497086424324864, 0.25911793610757156, 0.17717047110050999, 0.32874072854867037], [0.4338861069769804, 0.20281485713074007, 0.12185087582987118, 0.241448160062409], [0.21450071301728818, 0.33675942561209915, 0.20973234122317003, 0.23900752014744295], [0.3025155445369551, 0.26860323810854686, 0.12909949327803327, 0.2997817240764648], [0.2106633710486717, 0.2956006614453789, 0.21001447405511345, 0.2837214934508362], [0.19592199580961459, 0.342734123629738, 0.22056973145223643, 0.24077414910841127], [0.2789291369829664, 0.263452554766785, 0.1900423255864933, 0.26757598266375554], [0.2980893242440704, 0.2753884005751904, 0.16781877704979553, 0.2587034981309436], [0.28004002377235104, 0.27395446582373184, 0.14869470029334117, 0.29731081011057636], [0.2518749149037191, 0.29780876667755823, 0.18466611019847537, 0.26565020822024776], [0.21811693279201483, 0.31270434202688396, 0.23517969939608413, 0.2339990257850175], [0.22002878772085174, 0.329580975151291, 0.21301303646939038, 0.2373772006584672], [0.25147141425768604, 0.24706101167504863, 0.218222226128392, 0.28324534793887357], [0.20440135721602837, 0.30340210428663816, 0.19788738607503625, 0.2943091524222976], [0.31646591825435016, 0.25573764615778144, 0.17014892586716293, 0.2576475097207058], [0.26104673816364776, 0.2968764381827244, 0.1713734113323448, 0.2707034123212834], [0.24703801143897897, 0.3116331117526222, 0.15899206176178984, 0.28233681504660907], [0.2413066754850382, 0.3024980067587524, 0.18732894241620385, 0.2688663753400058], [0.22808723502644643, 0.32829620816339533, 0.18660730369832632, 0.25700925311183237], [0.22349218754434222, 0.27144799764837524, 0.20846717873348852, 0.2965926360737943], [0.25058083957683513, 0.27240076598411506, 0.20081250104301573, 0.2762058933960342], [0.26837764260015223, 0.26281505202434474, 0.19145982798559996, 0.2773474773899038], [0.24696501716566163, 0.27488837739954747, 0.1838265972519105, 0.2943200081828804], [0.258553369345643, 0.297207163587149, 0.16242374589020359, 0.2818157211770046], [0.27233874347150683, 0.2790484826506703, 0.1604200097433041, 0.28819276413451944], [0.1967617571278806, 0.32794020180050515, 0.21428747508753854, 0.26101056598407646], [0.23381057531694693, 0.29460459993981514, 0.20878429507189314, 0.262800529671345], [0.19879353674722708, 0.31731179822191485, 0.19887195388971157, 0.2850227111411472], [0.22248308208363982, 0.317169692487753, 0.1856996336831512, 0.27464759174545605], [0.2728512537413818, 0.23268020522271046, 0.18477480833172474, 0.30969373270418327], [0.26820667453239505, 0.2865241695388539, 0.15307779068258687, 0.29219136524616457], [0.2326004978556707, 0.3025615145213625, 0.2053564631700586, 0.2594815244529086], [0.24393419309055045, 0.2336153699098904, 0.21340590481396862, 0.30904453218559075], [0.27731362214359623, 0.24820138440023, 0.2154546578960478, 0.2590303355601258], [0.21347619316212052, 0.28392091280818244, 0.2220618175172322, 0.2805410765124655], [0.2671980595210341, 0.2641203840042429, 0.15942671683327359, 0.30925483964144906], [0.25212768192607654, 0.2844542658169662, 0.19012758201834307, 0.27329047023861447], [0.2586225354552932, 0.3167641182817611, 0.1642949557791792, 0.26031839048376687], [0.27716438938844246, 0.2641137300454824, 0.15013675557063083, 0.3085851249954446], [0.2533655048590833, 0.3011079149386646, 0.16753703188667946, 0.27798954831557304], [0.26132350659539233, 0.2679943286797667, 0.17431567321898758, 0.2963664915058538], [0.23828802389338025, 0.30758290645852304, 0.19901464101358102, 0.2551144286345162], [0.20398118341669672, 0.30501354327724284, 0.20656274475139674, 0.28444252855466373], [0.2691148903049949, 0.3443284900654535, 0.13672305867701975, 0.24983356095253212], [0.24811637348400295, 0.2687541544474767, 0.1709303078797949, 0.31219916418872573], [0.2564852671676982, 0.3264367459819084, 0.16124909021568193, 0.25582889663471187], [0.22711068373428514, 0.2982952462955416, 0.2038127063242089, 0.27078136364596433], [0.23618329337486485, 0.27596805764862364, 0.17894842683494844, 0.30890022214156304], [0.23544000154921765, 0.2965779379284844, 0.21030387459330008, 0.25767818592899766], [0.24723762420255385, 0.27873298113643, 0.18606597687940987, 0.2879634177816066], [0.20650144335095755, 0.2974020030825861, 0.25562322049372915, 0.24047333307272725], [0.2331531026973912, 0.3046698109128031, 0.19546666888270553, 0.2667104175071004], [0.2616840251415073, 0.2402621598938977, 0.17112900115309287, 0.32692481381150246], [0.2195452181850426, 0.31170571773030753, 0.20306741246088872, 0.2656816516237613], [0.23117969122042342, 0.27375890343822556, 0.2169183788969976, 0.27814302644435324], [0.19962526743183306, 0.32283048774839895, 0.19777055574262803, 0.2797736890771397], [0.21439265183559758, 0.31464799925437587, 0.23608571857033905, 0.23487363033968786], [0.2412250457914823, 0.331007193673969, 0.18267018355430897, 0.24509757698023982], [0.2641364082076153, 0.24269811879613476, 0.18293526842366092, 0.310230204572589], [0.2566349931846268, 0.2890133337899078, 0.17837494974888046, 0.27597672327658535], [0.22419452202524895, 0.295971647679508, 0.21144225312858203, 0.2683915771666612], [0.23096906872470022, 0.2865396390403771, 0.2221622914201326, 0.26032900081479], [0.25065242492746137, 0.31461691011505766, 0.20079245208390406, 0.23393821287357708], [0.2800329216689573, 0.2642439068703252, 0.16759010324683787, 0.2881330682138799], [0.3114741935342106, 0.23988175789036942, 0.17697239138091975, 0.2716716571945001], [0.2401547797953446, 0.3194462766842405, 0.17946123396067915, 0.26093770955973605], [0.26701453427782906, 0.29320608224638833, 0.1506415735795638, 0.28913780989621923], [0.2604732539686839, 0.2637806367732359, 0.21217793781431143, 0.26356817144376865], [0.23497346047713158, 0.2937787521573166, 0.19427874785301916, 0.27696903951253316], [0.3160605931500086, 0.22009264045098728, 0.159126087511001, 0.30472067888800364], [0.24788161907538594, 0.340405693692353, 0.1482876826978451, 0.2634250045344162], [0.24523848034977633, 0.2531366375475713, 0.1754195310466425, 0.32620535105601034], [0.23911504684231522, 0.2733501339600633, 0.17597129777486864, 0.3115635214227528], [0.25907413003719176, 0.2664948710011263, 0.19386276771719646, 0.28056823124448604], [0.24426089110161417, 0.24568647546187677, 0.20082205315059343, 0.309230580285916], [0.22614246884854491, 0.3248030512605281, 0.1987249886062959, 0.25032949128463117], [0.24439093027207928, 0.34403444687104856, 0.15369988195022524, 0.25787474090664714], [0.28585088158691435, 0.2876235723443826, 0.14986807680600606, 0.27665746926269724], [0.25143041291533386, 0.2598681153528296, 0.17848810103546248, 0.3102133706963741], [0.23118749990397305, 0.27402580842795016, 0.18165307031923908, 0.3131336213488385], [0.23993516717055818, 0.30342572954952773, 0.18332185574885973, 0.2733172475310549], [0.2663843156400417, 0.3103781711999759, 0.1721885859811368, 0.25104892717884597], [0.3100394822208194, 0.2683460567268357, 0.16774381180817913, 0.2538706492441662], [0.22752473419600575, 0.2981766417229434, 0.18107303942887798, 0.2932255846521727], [0.25245347477085195, 0.2688243761550471, 0.18087604103113805, 0.2978461080429634], [0.24062326867439937, 0.2798235086487096, 0.18299412534527815, 0.29655909733161295], [0.26545196856666325, 0.27559215811425797, 0.17044684023955878, 0.2885090330795202], [0.2561301958937926, 0.3046786496208752, 0.16556009627687962, 0.27363105820845324], [0.2629483468394612, 0.24338066425192667, 0.15624047097226518, 0.33743051793634726], [0.21654273674172245, 0.30507078978689073, 0.21690142459021403, 0.26148504888117313], [0.25789367399989843, 0.2631791390888403, 0.21481203707314778, 0.2641151498381136], [0.23025154022194705, 0.3242339490079581, 0.1786617019497778, 0.26685280882031726], [0.2155148900243623, 0.34373034825628407, 0.18815366723942042, 0.2526010944799332]]}, "rewritten": {"ids": ["97105960", "97106591", "97107260", "97108520", "97109080", "97116401", "97116790", "98106111", "98106680", "98106880", "98107010", "98108970", "98109570", "98110680", "98111231", "98116940", "98117740", "99107660", "99107950", "99109141", "99109740", "99109780", "99110730", "99111000", "99111440", "99111620", "99112840", "99121440", "100108490", "100108990", "100109330", "100109360", "100109801", "100109890", "100111080", "100113210", "101108290", "101111990", "101112201", "101114990", "102109840", "102109850", "102110750", "102110890", "102112030", "102113210", "103111540", "103111830", "103112641", "103113101", "103113270", "103113610", "103120290", "104111550", "104111830", "104113190", "104114740", "104116800", "104116980", "104118340", "104119290", "105113170", "105113260", "105114220", "105116441", "105120280", "106113830", "106114280", "106116120", "106117650", "106118301", "106118520", "106118820", "106119580", "107114140", "107114321", "107117630", "107118120", "107118820", "107119950", "107120010", "107121230", "108113480", "108113760", "108115250", "108115570", "108115870", "108115970", "108118630", "108120260", "108121351", "109113931", "109116170", "109117150", "109117271", "109118161", "109118231", "109120540", "110113591", "110115120", "110115140", "110115580", "110118121", "110121500", "111115620", "111115770", "111116010", "111116170", "111116990", "111117200", "111117571", "111119150", "111119950", "111120190", "111120260", "111120591", "112116880", "112117580", "112118550", "112118701", "112118880", "112119930", "112120290", "112120540", "112120640", "112120700", "112121030", "112121410", "113117340", "113117401", "113118111", "113118810", "113119950", "113120070", "113120591", "113120751", "113121190", "113121410", "113122170", "113122220", "113122230", "113122430"], "labels": [2, 1, 2, 2, 2, 3, 2, 0, 1, 0, 3, 3, 1, 2, 1, 2, 2, 3, 1, 3, 3, 2, 3, 2, 3, 3, 2, 2, 2, 2, 0, 0, 0, 3, 0, 0, 0, 2, 0, 3, 2, 1, 1, 0, 2, 3, 1, 3, 3, 3, 2, 2, 2, 1, 3, 3, 2, 1, 1, 2, 1, 0, 3, 3, 1, 3, 1, 3, 1, 1, 1, 2, 3, 3, 2, 0, 0, 3, 3, 3, 1, 0, 0, 1, 1, 3, 3, 2, 1, 1, 3, 1, 0, 2, 0, 0, 1, 1, 0, 0, 0, 1, 3, 3, 1, 3, 1, 0, 0, 0, 3, 3, 0, 3, 3, 1, 0, 0, 3, 0, 1, 1, 1, 3, 0, 2, 0, 0, 2, 3, 1, 3, 0, 2, 0, 1, 1, 0, 1, 1, 1, 2], "predicted_labels": [1, 1, 1, 1, 1, 0, 1, 1, 1, 0, 0, 1, 1, 1, 0, 1, 1, 3, 1, 1, 1, 1, 1, 1, 0, 1, 1, 1, 1, 1, 0, 3, 1, 3, 1, 1, 1, 1, 1, 3, 1, 1, 1, 3, 1, 3, 1, 0, 1, 1, 1, 1, 1, 1, 1, 1, 1, 1, 1, 1, 1, 1, 1, 1, 1, 1, 1, 1, 1, 1, 0, 1, 1, 1, 1, 1, 3, 1, 1, 1, 1, 1, 1, 1, 0, 1, 3, 1, 3, 1, 1, 1, 1, 1, 1, 1, 1, 1, 0, 1, 1, 1, 1, 1, 1, 1, 1, 0, 1, 0, 1, 1, 3, 1, 3, 0, 1, 1, 3, 1, 1, 3, 1, 1, 0, 1, 3, 1, 1, 3, 1, 1, 3, 1, 1, 1, 1, 1, 1, 3, 1, 1], "confidence_scores": [[0.24805335779237875, 0.3354475595290573, 0.13494186050398624, 0.281557222174578], [0.26885831312841446, 0.32988301663630454, 0.17853455525898665, 0.2227241149762942], [0.28264455566933144, 0.28601075168386536, 0.1654374405072257, 0.2659072521395777], [0.23706778599523393, 0.32764499800997815, 0.16411457115784533, 0.27117264483694287], [0.23001838748236447, 0.3414295929950968, 0.17772709932173972, 0.25082492020079933], [0.2794978096506039, 0.2788434174090494, 0.16281833659531803, 0.2788404363450288], [0.22630112885197498, 0.31343802299500667, 0.19947840003390532, 0.26078244811911305], [0.25753041113420283, 0.30147062976896416, 0.18286584444979093, 0.25813311464704236], [0.25749215150322846, 0.3257274222396128, 0.16235313330636345, 0.25442729295079575], [0.29169924041385586, 0.28216153721062315, 0.17134167900309014, 0.25479754337243105], [0.29623133851697864, 0.28011710773744014, 0.15475036563882258, 0.2689011881067592], [0.2522654941958496, 0.37334484947831614, 0.1645880167061968, 0.20980163961963783], [0.23748706329321834, 0.2998479811011693, 0.1676891101834026, 0.2949758454222098], [0.2610701733050811, 0.30162034346370664, 0.1734390791166275, 0.2638704041145852], [0.29714279160576385, 0.26629644654946893, 0.16133050336089313, 0.27523025848387417], [0.2807210847770288, 0.32178704464774915, 0.1472237895709153, 0.25026808100430703], [0.2821369071874, 0.3421144512408799, 0.14511324384263358, 0.23063539772908678], [0.2781416870897394, 0.2688188564620921, 0.15385022381339236, 0.29918923263477637], [0.21990674464873522, 0.3757987290127152, 0.16323043319668032, 0.2410640931418695], [0.26645053466091717, 0.34669187514134464, 0.1387086921455438, 0.24814889805219456], [0.2597215643537634, 0.32821737940898865, 0.1734654299332379, 0.23859562630401038], [0.24956234377382996, 0.30530929144810187, 0.18220292186545295, 0.26292544291261544], [0.21305827519479953, 0.34630739699104063, 0.19361052774432133, 0.24702380006983868], [0.2575213647881219, 0.3257817959888825, 0.17055089480948435, 0.2461459444135118], [0.318475378878431, 0.29306519179438983, 0.13729413117237033, 0.25116529815480926], [0.25073593149030937, 0.3495379419438305, 0.18569575276982947, 0.21403037379603068], [0.276804641077843, 0.30133373756490545, 0.18960336454199794, 0.2322582568152537], [0.27020718887291983, 0.30477515885843204, 0.15742031690361266, 0.26759733536503527], [0.23651689435437523, 0.34933453247474744, 0.16772847220462347, 0.24642010096625427], [0.2624543480523138, 0.3251523511952426, 0.1845522774674146, 0.22784102328502956], [0.29031745018439387, 0.2805117886947431, 0.14348804703160709, 0.2856827140892564], [0.2559022850942024, 0.2874576963009113, 0.1671940820518395, 0.28944593655304734], [0.2480260469037677, 0.3536798096479731, 0.16438625631104625, 0.2339078871372137], [0.27441767804449296, 0.2721378010844802, 0.15560090047017436, 0.2978436204008528], [0.2626635865086177, 0.31377093800610684, 0.1461946077876599, 0.2773708676976159], [0.2841951476411568, 0.29054860746253325, 0.16398206866619816, 0.26127417623011234], [0.27292434025199863, 0.29023059153622893, 0.16789597011840954, 0.26894909809336304], [0.2514743186749392, 0.303516703618542, 0.17866827979379535, 0.26634069791272386], [0.2807219836807314, 0.30505430073901646, 0.13125182561003085, 0.28297188997022193], [0.24721296445440596, 0.2958247499081552, 0.15328377379491565, 0.30367851184252326], [0.25322862909960786, 0.36616466830071137, 0.13757603663796544, 0.2430306659617153], [0.22948066966946973, 0.3342222566424835, 0.18071625275150432, 0.25558082093654244], [0.23438117000807898, 0.3385019317124488, 0.15494289252234572, 0.2721740057571271], [0.27959332774797285, 0.2643820093765831, 0.16714930373477513, 0.2888753591406694], [0.2609730396205615, 0.30913260357779576, 0.16733917335324902, 0.2625551834483941], [0.28546375748858005, 0.2772393232733693, 0.15028640239800156, 0.2870105168400487], [0.2634068332121971, 0.29492788226066174, 0.17519078900239118, 0.26647449552475033], [0.2951027478135046, 0.24852495556393323, 0.19086085093379074, 0.265511445688772], [0.25940100423705736, 0.31619296980872597, 0.16211015970004267, 0.26229586625417467], [0.2585195580118582, 0.3212206118891767, 0.16210296474619704, 0.25815686535276816], [0.21434597344836961, 0.33637298312599534, 0.169220067123058, 0.28006097630257704], [0.23159669217684797, 0.304966524190208, 0.19291765709265285, 0.27051912654029137], [0.2749719648939093, 0.29472645929396285, 0.18176064678449225, 0.248540929027636], [0.2597902024893555, 0.34661538201107966, 0.1592060211813929, 0.2343883943181721], [0.24810217961792616, 0.31360649088645315, 0.16310039826922712, 0.27519093122639365], [0.2400247035265166, 0.34128242340605747, 0.15556571053712384, 0.26312716253030266], [0.27701997958552177, 0.28298063289700254, 0.18502547188003302, 0.2549739156374431], [0.26415242529577426, 0.33284437848705645, 0.13445064598354378, 0.2685525502336256], [0.2110924881879548, 0.3353439761774223, 0.160788441142823, 0.2927750944917999], [0.2653051233672207, 0.296472061784237, 0.15395168966039, 0.2842711251881527], [0.2580875859877744, 0.31209194743994706, 0.15769836484336427, 0.2721221017289144], [0.25339434661511206, 0.3179804980492835, 0.15997998576622427, 0.26864516956937995], [0.2655209410840766, 0.30796689037357744, 0.1479811238247907, 0.27853104471755563], [0.25090761450121396, 0.3324700633684796, 0.1465817396030222, 0.2700405825272843], [0.2633520588486929, 0.32362251457622543, 0.1517300870911968, 0.2612953394838852], [0.24844259172386687, 0.33312532550719304, 0.16977164236951645, 0.24866044039942387], [0.2628740842151616, 0.29570211651367684, 0.15158765605222158, 0.28983614321894047], [0.24701138201213502, 0.3071630055584706, 0.16210329477031538, 0.28372231765907946], [0.2839899472534989, 0.29402421148247504, 0.18750275782961137, 0.23448308343441496], [0.23864511517154308, 0.290943887327388, 0.2023141435278932, 0.2680968539731762], [0.3128046718731853, 0.24138858432840668, 0.1647202722218968, 0.28108647157651157], [0.2572544019983022, 0.31762437030093255, 0.16442491655770858, 0.26069631114305736], [0.2519993038852864, 0.3260376018055934, 0.16232594355859903, 0.2596371507505216], [0.2329217001126418, 0.3026958527852034, 0.2272824633960571, 0.23709998370609825], [0.2248559513416904, 0.33095498209954166, 0.20468321376649426, 0.23950585279227407], [0.2584622087311228, 0.32846820259887816, 0.1622478718176131, 0.25082171685238625], [0.22233985047899557, 0.28726506006960134, 0.18174901811472977, 0.30864607133667327], [0.22322622066329526, 0.3309489090236209, 0.156441901782134, 0.2893829685309498], [0.2315886512123114, 0.3370918035530983, 0.1768734176926757, 0.25444612754191487], [0.281932998515798, 0.3058753504368974, 0.17737426141989446, 0.23481738962741064], [0.2548492359050736, 0.30129223508718633, 0.16074996412081663, 0.2831085648869241], [0.24919624752236946, 0.30932142405356505, 0.1624091786406377, 0.27907314978342806], [0.2357964484285039, 0.3127044375637748, 0.19361636413151137, 0.2578827498762103], [0.22968819580626876, 0.3168298794700514, 0.16484075730844333, 0.28864116741523654], [0.299062925990706, 0.28926032121688827, 0.12922203941153132, 0.28245471338087486], [0.23775718186004915, 0.3316015000103272, 0.1931644246391214, 0.23747689349050233], [0.303954151698909, 0.2261832142120744, 0.15438647211618625, 0.31547616197283046], [0.22367760879632406, 0.30786890338584544, 0.1893927867828009, 0.27906070103502983], [0.2142661643868612, 0.3024499639154895, 0.17860826001656044, 0.3046756116810887], [0.2370224218855047, 0.3206899199776159, 0.15223535115971631, 0.2900523069771634], [0.2798686678718457, 0.3004138678017366, 0.15709801372963106, 0.26261945059678676], [0.27373475732934477, 0.2935716960505979, 0.19050014475068813, 0.24219340186936952], [0.2479950756912135, 0.35546056679031435, 0.1675957086738046, 0.22894864884466795], [0.2574248054726649, 0.2924498197196836, 0.1855033646527807, 0.26462201015487097], [0.2635750820628685, 0.3152104370502779, 0.14898475092127236, 0.2722297299655817], [0.27465577760437904, 0.31667496292254693, 0.17007711968113384, 0.23859213979194072], [0.23340730721600383, 0.3576567233358382, 0.17083618922027533, 0.23809978022788295], [0.2601111487032761, 0.31473912967206963, 0.18621167462544025, 0.23893804699921398], [0.30419060371364837, 0.25635367122905894, 0.1561859331799269, 0.2832697918773661], [0.24284360437850183, 0.3036308640157961, 0.18422405563470332, 0.26930147597099896], [0.2645761630170677, 0.29128262538982547, 0.1752090662290691, 0.2689321453640382], [0.24882384785383255, 0.30158438660357645, 0.17772912480088734, 0.27186264074170396], [0.21691357610855885, 0.38245146228855825, 0.15562302240734258, 0.24501193919554032], [0.2640583067650707, 0.33111574545946626, 0.1462119829520349, 0.2586139648234286], [0.2359064301768817, 0.30060051394507314, 0.17958913300477805, 0.2839039228732671], [0.285612269650947, 0.29725834754656544, 0.14628280613899863, 0.27084657666348916], [0.24598387681873207, 0.316989701092611, 0.18537995285508246, 0.25164646923357464], [0.31433376294962406, 0.28320330356772244, 0.13746463724346364, 0.2649982962391904], [0.2680321491051104, 0.3009218080096092, 0.1571987451859143, 0.2738472976993663], [0.2904970479894382, 0.2648675289577051, 0.16262251054925259, 0.2820129125036046], [0.21920420956910447, 0.35811250906333086, 0.15232756294575736, 0.27035571842180817], [0.2385869430325444, 0.30761804367629125, 0.18291379307195282, 0.27088122021921185], [0.2735882668538689, 0.2669236229355999, 0.16594096635293545, 0.2935471438575961], [0.21530229573980916, 0.3032604723633318, 0.2025364225129994, 0.2789008093838599], [0.2581423810114527, 0.28867359684511074, 0.16194316111850446, 0.29124086102493224], [0.3152296013156822, 0.26819816829813364, 0.15381929753654766, 0.2627529328496369], [0.21541360560900902, 0.30688230805817446, 0.20475250805176234, 0.2729515782810542], [0.25175559771580575, 0.35170194170037533, 0.14336436049256623, 0.2531781000912526], [0.2689356504806905, 0.27312444422110826, 0.18145084735272296, 0.2764890579454787], [0.27802734473123497, 0.3297156639685803, 0.12272078108533943, 0.2695362102148458], [0.2582316306604202, 0.30642057782393217, 0.16358585044262636, 0.2717619410730215], [0.24113241244934752, 0.254946452622847, 0.23521245590556897, 0.2687086790222369], [0.2498528200738819, 0.30977507990001263, 0.15799445357008252, 0.28237764645602303], [0.22838321797576788, 0.33992600552147906, 0.13934889940245523, 0.29234187710029785], [0.29903674607429254, 0.29194949157379224, 0.1686492685013633, 0.240364493850552], [0.2656454306428769, 0.30625476784729816, 0.16070852308597863, 0.2673912784238467], [0.25215595828382575, 0.27381310579053203, 0.18804467326024346, 0.2859862626653989], [0.25173023548592155, 0.30724743607875604, 0.1457714146351686, 0.29525091380015406], [0.25595112982041063, 0.31476371503235745, 0.1420761499225349, 0.28720900522469733], [0.2761092872314262, 0.2644379591082406, 0.16418341964472194, 0.29526933401561145], [0.26438995409537874, 0.30992103999234855, 0.14670472567055645, 0.27898428024171656], [0.23753629685956928, 0.3079499515239176, 0.1855683652286468, 0.26894538638786664], [0.2644423308853887, 0.2802946061195145, 0.15876685187589015, 0.2964962111192071], [0.2381471138192614, 0.3224725791293755, 0.15701407007689894, 0.28236623697446467], [0.2282183623442013, 0.3039949259111603, 0.18176774042747282, 0.2860189713171661], [0.2698445414052539, 0.3129520248948805, 0.14676121399025657, 0.27044221970960935], [0.28760737606947295, 0.3121567688261673, 0.13357203218259892, 0.2666638229217612], [0.29356556249795035, 0.3126627527420908, 0.13874062780009283, 0.2550310569598662], [0.25350533693287786, 0.2870019183250816, 0.17639403916818777, 0.28309870557385325], [0.24099515087739423, 0.2769454386559705, 0.18020065298071872, 0.3018587574859167], [0.24592295803683586, 0.29847030602207864, 0.18708920701937715, 0.26851752892170877], [0.24360605196887475, 0.3313461216148771, 0.17820220426075245, 0.2468456221554959]]}}