{"test": {"ids": ["104111780", "97111790", "101121640", "99108010", "106113360", "105110251", "104117200", "98107210", "101115190", "112119320", "113120070", "100111620", "111116170", "111119250", "109117431", "98119591", "101112690", "111120260", "97106591", "110120531", "111119150", "104114740", "113119450", "98110680", "112116810", "106113830", "103109641", "102118380", "104113240", "113118421", "105115380", "99108890", "103117461", "102108621", "110115580", "101112540", "103117200", "102121440", "105121190", "99108460", "113121410", "110118810", "108120280", "100111390", "100109360", "103113610", "110117080", "110117110", "100113210", "99108710", "113122160", "98112300", "107114490", "111116010", "99120010", "110117200", "99108310", "97107260", "97109570", "98121790", "98112170", "99111440", "111115400", "97106820", "106118161", "102110240", "99109311", "105118171", "106115240", "109117110", "107114950", "108115500", "108119550", "107117630", "109116810", "113118231", "113121010", "101108500", "98106680", "106115120", "110119030", "109114720", "111120220", "101111140", "105116441", "106116640", "102110850", "99113260", "110119891", "111116290", "97107920", "99109840", "104116800", "110113591", "108116070", "113119930", "98110230", "113122180", "98109230", "103110050", "101117580", "113120601", "112117461", "100109890", "107113360", "108120260", "100109000", "101108460", "100109910", "106116820", "107113550", "97106770", "110116441", "102107961", "108115870", "100110050", "111116411", "99111620", "101108621", "113120591", "101110150", "108119510", "111117571", "99116500", "102116500", "110116290", "97116410", "111115780", "102113981", "100108080", "98120010", "107113260", "110114651", "111118301", "108114200", "110118630", "103111110", "99109161", "111116090", "112118161", "99107950", "110116300"], "labels": [3, 2, 2, 2, 0, 0, 3, 1, 1, 1, 2, 3, 0, 1, 1, 1, 1, 3, 1, 0, 3, 2, 3, 2, 3, 1, 1, 1, 2, 3, 1, 0, 0, 3, 1, 2, 0, 2, 2, 0, 0, 1, 3, 2, 0, 2, 1, 0, 0, 2, 3, 2, 3, 1, 2, 3, 2, 2, 0, 2, 3, 3, 0, 1, 3, 3, 1, 3, 1, 1, 3, 3, 1, 0, 3, 3, 2, 3, 1, 1, 0, 0, 3, 2, 1, 3, 3, 0, 3, 2, 0, 2, 1, 0, 1, 1, 3, 2, 1, 3, 3, 2, 0, 3, 0, 1, 1, 0, 2, 1, 0, 3, 3, 3, 3, 3, 0, 3, 0, 0, 1, 1, 3, 2, 1, 2, 3, 1, 1, 0, 2, 0, 3, 3, 0, 1, 3, 3, 3, 0, 1, 3], "predicted_labels": [1, 0, 1, 1, 0, 0, 1, 1, 3, 1, 1, 3, 1, 1, 1, 3, 3, 3, 1, 0, 1, 1, 3, 0, 0, 3, 1, 1, 1, 3, 3, 1, 0, 0, 3, 1, 1, 1, 1, 3, 1, 3, 0, 1, 0, 1, 3, 1, 1, 1, 1, 0, 1, 1, 1, 1, 1, 3, 0, 0, 3, 1, 1, 3, 1, 1, 1, 3, 1, 1, 1, 1, 3, 0, 1, 1, 1, 1, 1, 3, 1, 3, 1, 3, 1, 1, 1, 3, 1, 1, 0, 1, 1, 0, 1, 3, 0, 1, 1, 1, 1, 1, 0, 0, 0, 3, 3, 1, 1, 1, 3, 0, 1, 3, 3, 1, 0, 1, 0, 1, 1, 3, 3, 1, 1, 0, 1, 1, 1, 1, 3, 3, 3, 1, 1, 1, 1, 1, 3, 0, 1, 3], "confidence_scores": [[0.27795114689232336, 0.28051810966810964, 0.1773522451404805, 0.26417849829908663], [0.2870680236430237, 0.2700968753468753, 0.16500872264989916, 0.2778263783602018], [0.24186184926184934, 0.28744554057054056, 0.20399022366522368, 0.26670238650238665], [0.26964713064713075, 0.3057257076257078, 0.18842622377622373, 0.23620093795093822], [0.2909742424242426, 0.2849631202131202, 0.1594899600399603, 0.2645726773226774], [0.3081335515361832, 0.27075889665889663, 0.15785449550449554, 0.26325305630042495], [0.24638656343656357, 0.31006331087213435, 0.18101444274679582, 0.2625356829445065], [0.21224842934842958, 0.3108250804750804, 0.20093480963480978, 0.2759916805416806], [0.25660541288776595, 0.2547860231271998, 0.20231519754755053, 0.286293366437484], [0.1907122932622933, 0.34496506826506806, 0.15264217449217454, 0.31168046398046445], [0.23284517149517164, 0.33385436981319344, 0.19300282299399957, 0.2402976356976358], [0.256382253857254, 0.26863572261072266, 0.19762403511521168, 0.2773579884168121], [0.28538237318237303, 0.2970992895992897, 0.15236228216228226, 0.26515605505605516], [0.22104688644688641, 0.3010113886113886, 0.2239722721722723, 0.2539694527694529], [0.29706204073704096, 0.3026222249972249, 0.15257958707958716, 0.24773614718614723], [0.2714117069205306, 0.24808743282860937, 0.19534165834165845, 0.28515920190920185], [0.2227631313131315, 0.2830153235653237, 0.2048196386946386, 0.2894019064269063], [0.2755973983532807, 0.25123646353646356, 0.18535252819076356, 0.28781360991949223], [0.24583686868686871, 0.3017967698967701, 0.211220788568157, 0.2411455728482044], [0.30239652014652013, 0.29642550227550213, 0.12196222666222667, 0.27921575091575096], [0.24544823509823518, 0.2992795149295151, 0.17428776223776235, 0.2809844877344879], [0.21579023754023766, 0.3233851093351091, 0.19965364080364098, 0.2611710123210124], [0.2623227863639629, 0.25737194092457255, 0.17729074732457092, 0.30301452538689405], [0.2696885367900075, 0.25792187697922997, 0.20746928790164085, 0.2649202983291219], [0.2752412642912643, 0.2739627983127986, 0.22207645687645688, 0.22871948051948063], [0.2698754078457809, 0.25363154021174106, 0.14826031097071282, 0.32823274097176547], [0.2664118492618492, 0.2801144966144968, 0.18439092851592864, 0.2690827256077256], [0.2506621933621936, 0.28532242479742503, 0.20873947996448008, 0.2552759018759021], [0.18892353377616544, 0.34109010895365405, 0.24055329947829973, 0.22943305779188153], [0.2745484737484737, 0.25854205239205247, 0.16744444444444456, 0.29946502941502956], [0.18999187479187488, 0.2574378565878567, 0.273154884004884, 0.27941538461538473], [0.24499287934287947, 0.32630106396871117, 0.17846872016872017, 0.2502373365196896], [0.34903170995671, 0.2841234709734709, 0.12211604784104792, 0.24472877122877137], [0.3358864235437767, 0.2930898395721926, 0.13518785054814472, 0.23583588633588645], [0.22866013153513176, 0.27229779109779106, 0.20173449883449887, 0.2973075785325787], [0.1941590659340661, 0.3012171792260027, 0.21551607085724744, 0.2891076839826841], [0.19489269064269069, 0.34491793761793765, 0.20716768231768243, 0.25302168942168946], [0.26585819735819743, 0.2975173049173048, 0.18916832611832618, 0.24745617160617167], [0.19193162948162956, 0.31607944832944823, 0.22473229548229556, 0.2672566267066267], [0.26666349761349784, 0.2814471417471418, 0.16370670440670448, 0.28818265623265626], [0.2757213009213008, 0.2958131757131757, 0.15146780164280177, 0.27699772172272163], [0.27716923631923635, 0.2603453268953269, 0.15770815850815864, 0.3047772782772783], [0.3052365745365745, 0.24806863691863706, 0.15125569789687437, 0.2954390906479143], [0.25699047619047627, 0.28035223665223663, 0.19874860139860145, 0.26390868575868576], [0.2951136585636588, 0.2798144855144856, 0.16883908868908876, 0.25623276723276733], [0.2329113719613721, 0.3013791541791541, 0.22961973026973023, 0.23608974358974377], [0.25016454101454105, 0.26920121741004105, 0.1784938876912562, 0.302140353884162], [0.25152217227217233, 0.3213204184704184, 0.18673882228882233, 0.24041858696858712], [0.2469507326007328, 0.3016308746808748, 0.1784855755355756, 0.27293281718281726], [0.20584354534354543, 0.3608368992118992, 0.19869350649350656, 0.23462604895104908], [0.23087496392496387, 0.2981118908868909, 0.18881906149406164, 0.28219408369408383], [0.34444583749583746, 0.23892974998857364, 0.1783554021142257, 0.2382690104013635], [0.20054341214341218, 0.31511384726384745, 0.1792888000888002, 0.3050539405039406], [0.25487604062604075, 0.3098436285936286, 0.1955096237096237, 0.2397707070707071], [0.2095974358974361, 0.31109976134976125, 0.20450373515373516, 0.2747990675990675], [0.2709307359307359, 0.2991027028527029, 0.18995838050838063, 0.24000818070818086], [0.2613104847766613, 0.3094181984681984, 0.20533770592152936, 0.22393361083361094], [0.23751916416916438, 0.2614470779220779, 0.20347833832833834, 0.2975554195804195], [0.3175653679653679, 0.26407398157398154, 0.17751156621156622, 0.2408490842490843], [0.2815973676650147, 0.2555022790934556, 0.20834095708213368, 0.2545593961593963], [0.3107293012543013, 0.1933156010656013, 0.1847865773115774, 0.31116852036852044], [0.22777199042787286, 0.33644837107337106, 0.17841285952609492, 0.25736677897266136], [0.22733496503496511, 0.30135926573426586, 0.20729144466644475, 0.26401432456432455], [0.2426403901653902, 0.27254147796647804, 0.18346676656676658, 0.3013513653013653], [0.2569178710178711, 0.3348612110112107, 0.1484952955541192, 0.25972562241679903], [0.251239554889555, 0.27072432763315113, 0.22591955091691937, 0.25211656656037484], [0.24779339198812902, 0.29621448069474393, 0.20373437673437686, 0.25225775058275074], [0.2604399045399046, 0.28105027729408544, 0.15475180815916098, 0.303758010006849], [0.2610544713456479, 0.31079189144189157, 0.1704210808799045, 0.2577325563325564], [0.20375905760905777, 0.3303272061272063, 0.20291255411255424, 0.2630011821511823], [0.2245853535353537, 0.29859151404151396, 0.18502690365190372, 0.29179622877122857], [0.2582431845931847, 0.30242191142191166, 0.19453382173382178, 0.24480108225108224], [0.22116106671106683, 0.26285194805194817, 0.21339846264846268, 0.30258852258852253], [0.28257576312576316, 0.2533324619824619, 0.18628020868020884, 0.2778115662115663], [0.23166254856254884, 0.30527571317571317, 0.19964049006549012, 0.26342124819624824], [0.24366155511155507, 0.344834639543463, 0.14932839937839948, 0.2621754059665826], [0.2158213952713955, 0.3029673610703021, 0.1995641632876928, 0.28164708037061004], [0.19214005439005447, 0.29285564435564454, 0.24406309246309257, 0.2709412087912089], [0.21384219391719408, 0.34360019898402244, 0.18560666555666563, 0.2569509415421182], [0.2487874604927238, 0.2343057997557998, 0.16075735930735943, 0.3561493804441172], [0.2273465044759163, 0.29295637532402224, 0.21161580086580095, 0.2680813193342607], [0.20645731110994278, 0.2908856903330588, 0.19461134976134983, 0.30804564879564866], [0.28749063436563443, 0.349714466089466, 0.1470864579864581, 0.21570844155844188], [0.2780620276782041, 0.24419458596958604, 0.19843132210926348, 0.2793120642429468], [0.2798854589854591, 0.2935340492840495, 0.1698990564990566, 0.2566814352314352], [0.23049379231879255, 0.28760043485925857, 0.20538897491397498, 0.27651679790797434], [0.22959292651792662, 0.31280312465312476, 0.19612696470196478, 0.2614769841269841], [0.23787253857253873, 0.2410261405261407, 0.22677732267732284, 0.2943239982239983], [0.25308966425731144, 0.34169171188288827, 0.14066088356088371, 0.26455774029891693], [0.24644923687423692, 0.29218352758352767, 0.18438728771228777, 0.2769799478299478], [0.38779081474081495, 0.21713225108225118, 0.1460101787101788, 0.2490667554667556], [0.22736582306582315, 0.2731590714840714, 0.23799229577611924, 0.2614828096739863], [0.23042839937839948, 0.2919776945276947, 0.20209901209901224, 0.2754948939948938], [0.3407725080475081, 0.25678457653457654, 0.14780470917970928, 0.2546382062382063], [0.19002100954600967, 0.3161957070707069, 0.20080067710067717, 0.2929826062826063], [0.22485901875901879, 0.2938061846650081, 0.1719699356199357, 0.30936486095603755], [0.2736711510711511, 0.26693795093795103, 0.20607501387501392, 0.2533158841158841], [0.2179742225095167, 0.3129081307581307, 0.2243428179663476, 0.2447748287660054], [0.2434062548562548, 0.25667406204906223, 0.25298560328560327, 0.24693407980908003], [0.23955369630369655, 0.3053685814185815, 0.2142645465645467, 0.2408131757131759], [0.22031717171717183, 0.2954803585303585, 0.19037143575378893, 0.2938310339986811], [0.22400537240537258, 0.3012755633255634, 0.22256139138639125, 0.2521576728826728], [0.2967685592185593, 0.26771975246975266, 0.16063961593961595, 0.2748720723720724], [0.3014824758574759, 0.26009010989011, 0.13974755799755811, 0.2986798562548562], [0.3799498182845706, 0.2734188838938838, 0.1507321056394586, 0.19589919218208707], [0.2377896381396382, 0.28310367410367415, 0.1609221833721835, 0.31818450438450435], [0.23211914196914202, 0.2832652791652793, 0.18613422133422147, 0.29848135753135757], [0.2534715217788748, 0.2668461685373449, 0.22067083080318392, 0.25901147888059683], [0.23356883361736305, 0.2786003532415298, 0.22992860276977944, 0.2579022103713283], [0.22125931568431562, 0.29365051337551346, 0.21055016372516377, 0.2745400072150073], [0.23560468975468982, 0.27383564213564204, 0.16180800865800873, 0.3287516594516594], [0.29150503940503936, 0.2703481636011049, 0.19774461616814568, 0.24040218082571027], [0.21390976800976816, 0.3298697314123784, 0.19312642912642908, 0.2630940714514243], [0.30008374011609285, 0.24436789125906777, 0.14632529692529705, 0.3092230716995423], [0.27823095238095236, 0.23379795759795757, 0.2023766511266512, 0.285594438894439], [0.23591615606615615, 0.2998859973359973, 0.19630906870906875, 0.2678887778887781], [0.3055461982461983, 0.2549754304175359, 0.13808499833499843, 0.3013933730012677], [0.23287624875124882, 0.30656895049395033, 0.20569216616716626, 0.2548626345876347], [0.3011367746632453, 0.28605165194282833, 0.14820631198866505, 0.2646052614052615], [0.2545834216437158, 0.2806550358138595, 0.19155572091307396, 0.2732058216293513], [0.2946633033633033, 0.31523530358530366, 0.14859168054168068, 0.24150971250971257], [0.2363330927242694, 0.2715528907367143, 0.18597386224886228, 0.3061401542901542], [0.28512757797757793, 0.27386729381729386, 0.1440868520368522, 0.29691827616827615], [0.18560728993229006, 0.27751847319347306, 0.26319194139194146, 0.27368229548229556], [0.23269608724608745, 0.3169276418026419, 0.19012296592296604, 0.2602533050283052], [0.29081117999647405, 0.2585805147466912, 0.1822432944506475, 0.26836501080618735], [0.242536974463445, 0.2881026759188524, 0.20169856695591992, 0.2676617826617827], [0.2219544445320761, 0.36231395373632197, 0.18481078643578658, 0.23092081529581532], [0.2587279664779667, 0.30237926028220163, 0.14377141714494665, 0.29512135609488555], [0.2104817296738352, 0.2921543512043513, 0.25281686646686646, 0.24454705265494758], [0.2516657314907317, 0.25540464878259006, 0.2194875787611082, 0.2734420409655705], [0.23640530303030308, 0.26234686979687, 0.17906711899211902, 0.32218070818070793], [0.26890811410811416, 0.28271783771783765, 0.16074328449328446, 0.28763076368076357], [0.26195329115329125, 0.2887398101898102, 0.1811929847929848, 0.26811391386391387], [0.24018498682888947, 0.3264300936191181, 0.20042286900091785, 0.23296205055107524], [0.2143885059385059, 0.2969433677433679, 0.19875541125541124, 0.28991271506271504], [0.24705256132756145, 0.3115474925401396, 0.2077501844560669, 0.2336497616762323], [0.2605435920288862, 0.3172841475517946, 0.17351417634652933, 0.24865808407279003], [0.27517380952380965, 0.26498919968919976, 0.12538685203685207, 0.3344501387501387], [0.3465860417360417, 0.29741196581196583, 0.11989995559995568, 0.2361020368520369], [0.1929354423354425, 0.3134496503496504, 0.25317584082584077, 0.24043906648906668], [0.23618891745509413, 0.2426402153402154, 0.19861813627548927, 0.32255273092920184]]}, "rewritten": {"ids": ["97106591", "97106770", "97106820", "97107260", "97107920", "97109570", "97111790", "97116410", "98106680", "98107210", "98109230", "98110230", "98110680", "98112170", "98112300", "98119591", "98120010", "98121790", "99107950", "99108010", "99108310", "99108460", "99108710", "99108890", "99109161", "99109311", "99109840", "99111440", "99111620", "99113260", "99116500", "99120010", "100108080", "100109000", "100109360", "100109890", "100109910", "100110050", "100111390", "100111620", "100113210", "101108460", "101108500", "101108621", "101110150", "101111140", "101112540", "101112690", "101115190", "101117580", "101121640", "102107961", "102108621", "102110240", "102110850", "102113981", "102116500", "102118380", "102121440", "103109641", "103110050", "103111110", "103113610", "103117200", "103117461", "104111780", "104113240", "104114740", "104116800", "104117200", "105110251", "105115380", "105116441", "105118171", "105121190", "106113360", "106113830", "106115120", "106115240", "106116640", "106116820", "106118161", "107113260", "107113360", "107113550", "107114490", "107114950", "107117630", "108114200", "108115500", "108115870", "108116070", "108119510", "108119550", "108120260", "108120280", "109114720", "109116810", "109117110", "109117431", "110113591", "110114651", "110115580", "110116290", "110116300", "110116441", "110117080", "110117110", "110117200", "110118630", "110118810", "110119030", "110119891", "110120531", "111115400", "111115780", "111116010", "111116090", "111116170", "111116290", "111116411", "111117571", "111118301", "111119150", "111119250", "111120220", "111120260", "112116810", "112117461", "112118161", "112119320", "113118231", "113118421", "113119450", "113119930", "113120070", "113120591", "113120601", "113121010", "113121410", "113122160", "113122180"], "labels": [1, 3, 1, 2, 0, 0, 2, 3, 1, 1, 1, 3, 2, 3, 2, 1, 2, 2, 1, 2, 2, 0, 2, 0, 3, 1, 2, 3, 3, 0, 2, 2, 0, 1, 0, 3, 2, 3, 2, 3, 0, 0, 3, 0, 1, 2, 2, 1, 1, 3, 2, 3, 3, 3, 3, 1, 1, 1, 2, 1, 3, 3, 2, 0, 0, 3, 2, 2, 1, 3, 0, 1, 1, 3, 2, 0, 1, 1, 1, 3, 1, 3, 0, 0, 0, 3, 3, 0, 0, 3, 3, 1, 1, 1, 1, 3, 0, 3, 1, 1, 0, 3, 1, 2, 3, 3, 1, 0, 3, 1, 1, 0, 3, 0, 0, 1, 1, 3, 0, 2, 0, 3, 3, 3, 1, 3, 3, 3, 0, 0, 1, 3, 3, 3, 1, 2, 0, 2, 2, 0, 3, 2], "predicted_labels": [1, 1, 3, 3, 0, 0, 3, 1, 1, 1, 3, 1, 1, 0, 0, 1, 1, 0, 1, 1, 1, 1, 1, 1, 1, 1, 1, 1, 1, 1, 1, 1, 1, 3, 0, 0, 0, 1, 1, 3, 1, 1, 3, 0, 0, 0, 3, 3, 1, 1, 1, 0, 0, 0, 1, 3, 1, 1, 1, 1, 1, 0, 1, 1, 0, 1, 1, 1, 1, 1, 1, 3, 3, 0, 1, 0, 3, 3, 1, 0, 3, 1, 1, 0, 0, 3, 3, 3, 1, 1, 0, 0, 3, 3, 1, 0, 1, 1, 1, 0, 3, 1, 3, 1, 3, 0, 3, 1, 0, 1, 0, 0, 0, 1, 1, 1, 1, 0, 1, 3, 0, 1, 1, 1, 1, 1, 0, 1, 0, 1, 3, 0, 0, 0, 1, 1, 1, 1, 1, 3, 1, 3], "confidence_scores": [[0.26947507492507505, 0.30668199023199044, 0.17632865467865474, 0.24751428016428034], [0.2532099733599736, 0.27204167270637863, 0.20513985458985462, 0.26960849934379366], [0.2076305468244493, 0.25298250787153237, 0.23098900564205457, 0.30839793966196394], [0.24552921245421244, 0.250387950937951, 0.2053018620268622, 0.2987809745809746], [0.36542556332556325, 0.21805858585858587, 0.15557174492174505, 0.2609441058941061], [0.30780146520146523, 0.24977580752580758, 0.193419302919303, 0.2490034243534244], [0.2689067339093657, 0.25986646458117046, 0.18378471528471532, 0.28744208622474854], [0.2915312424417689, 0.31156515837963195, 0.1665153429903431, 0.23038825618825626], [0.23339847889238147, 0.3690687751989761, 0.1969453243233732, 0.20058742158526954], [0.22551314796314814, 0.33189945609945626, 0.17761368076368084, 0.26497371517371526], [0.23923743201243206, 0.2288067238317239, 0.24111256243756246, 0.2908432817182818], [0.258899642024642, 0.3291766872016871, 0.1393887889887891, 0.2725348817848819], [0.2510502192252195, 0.28113189865689864, 0.22511946664446666, 0.24269841547341559], [0.3331184184236817, 0.22734031932979312, 0.1656161976911978, 0.27392506455532784], [0.3641082306582305, 0.24666633366633373, 0.16242533316356858, 0.22680010251186739], [0.2471413641913643, 0.29431121656121645, 0.1977352675102677, 0.2608121517371517], [0.2491006988946014, 0.2997564394954638, 0.1855345906126394, 0.2656082709972955], [0.28492216672216675, 0.26898030858030875, 0.19344995004995016, 0.25264757464757476], [0.18253085248085263, 0.30213713671948955, 0.24552997117261843, 0.26980203962703975], [0.29624937182700356, 0.333094438894439, 0.13119216339216347, 0.2394640258863945], [0.23787312132312133, 0.32658137973137963, 0.19059516398634058, 0.24495033495915852], [0.28340136325662624, 0.3068238772922982, 0.17533480875849305, 0.2344399506925824], [0.20966359751359773, 0.335633610833611, 0.2076199411699413, 0.2470828504828506], [0.22547569097569115, 0.3742498584748584, 0.15376922799422812, 0.24650522255522264], [0.27422427017427026, 0.2952296187472658, 0.15881450216450232, 0.2717316089139621], [0.28779932289932286, 0.3214733710733711, 0.16872655955155957, 0.22200074647574644], [0.24733006438006455, 0.29967663447663445, 0.2233449272949273, 0.229648373848374], [0.26062772782772786, 0.2689445601783837, 0.21696712176712185, 0.25346059022676676], [0.24622061418114052, 0.3079392481787219, 0.18305101924219586, 0.2627891183979421], [0.25729958860138585, 0.2740822029133326, 0.22642486700291578, 0.24219334148236604], [0.2168006768085717, 0.3123420082841134, 0.250605058830059, 0.2202522560772562], [0.275697446997447, 0.28933377178377173, 0.18189020424020433, 0.2530785769785771], [0.1757375405296459, 0.33089592629592635, 0.23256416965387539, 0.2608023635205526], [0.22809761145287458, 0.2674220557220558, 0.200970462870463, 0.3035098699546068], [0.3383980574980575, 0.25474738039738054, 0.19041399988899999, 0.21644056221556238], [0.36503441117705837, 0.25550573870573884, 0.1274745715069244, 0.25198527861027875], [0.29943064435564454, 0.23708157398157406, 0.21176867021867032, 0.2517191114441116], [0.2582197279328859, 0.36026511952959306, 0.14791565934065942, 0.23359949319686169], [0.2525698797137822, 0.2989329907220152, 0.18481993027297905, 0.26367719929122374], [0.2825637223887223, 0.23437306582306594, 0.1990813936063937, 0.2839818181818183], [0.2180958152958153, 0.29326554556554574, 0.2170480241980243, 0.271590614940615], [0.2358498057498058, 0.30052947607947605, 0.1881821381233148, 0.27543858004740374], [0.2090563138615772, 0.2548093462093462, 0.2421745976245977, 0.29395974230447913], [0.30061699134199155, 0.25992025474525476, 0.15455653790653795, 0.2849062160062162], [0.28229439963830205, 0.250124854413879, 0.2109003193283682, 0.2566804266194513], [0.3472591194752961, 0.2429354312354313, 0.1704642303774657, 0.23934121891180737], [0.24455847208347237, 0.26089148629148634, 0.22261913086913093, 0.2719309107559108], [0.17147753912753924, 0.26295601065601076, 0.26480742590742606, 0.30075902430902407], [0.2385856254856256, 0.30361758796758825, 0.18901563436563437, 0.26878115218115206], [0.24782082917082932, 0.3236266233766235, 0.19015472860472876, 0.23839781884781888], [0.2108177239427239, 0.3210140526140527, 0.21064765512265524, 0.25752056832056847], [0.3652320235320238, 0.226859423909424, 0.16302316017316026, 0.24488539238539242], [0.30453664391164403, 0.25644068072450427, 0.16618404650904658, 0.2728386288548053], [0.3434814629814629, 0.29388860306360326, 0.1539006429844666, 0.20872929097046755], [0.22083395493395513, 0.32529248149511286, 0.18900994005994007, 0.26486362351099196], [0.2429358419358421, 0.28556240426240437, 0.18027379809732758, 0.2912279557044262], [0.2772561180649417, 0.2992462431359492, 0.16849217171717187, 0.2550054670819378], [0.22407882468408802, 0.27948060565165833, 0.22544395516763957, 0.27099661449661455], [0.26413890235780474, 0.2990762807653052, 0.18104483592288484, 0.25573998095400546], [0.24726161517130718, 0.3139858697143676, 0.18686602058617485, 0.25188649452815054], [0.21693911643911656, 0.31717793040293035, 0.22721166382636976, 0.23867128933158363], [0.27953513708513733, 0.2683498442733737, 0.2253351687528159, 0.2267798498886735], [0.19238481138744304, 0.3287565861039544, 0.2572392995892996, 0.22161930291930304], [0.20009163140780797, 0.3488367279779047, 0.21847493535875895, 0.23259670525552884], [0.2969082473082472, 0.28822237125619465, 0.1688343517593518, 0.24603502967620625], [0.27041511821511843, 0.2874787601287603, 0.18267070707070704, 0.2594354145854148], [0.19072013965566603, 0.3391177341921925, 0.20093197194961904, 0.2692301542025228], [0.2422067958958825, 0.2990425437135963, 0.18029271474139907, 0.2784579456491222], [0.2561700009055274, 0.3226983354966325, 0.13783749387867042, 0.2832941697191696], [0.22358978798978807, 0.307764602064602, 0.1863150987900988, 0.28233051115551133], [0.28104774114774134, 0.3211471139971142, 0.14407677649148246, 0.25372836836366264], [0.21526482757009088, 0.26835203130203134, 0.23946555418265947, 0.2769175869452187], [0.2540883227883229, 0.28056590354090366, 0.17494950604950604, 0.29039626762126775], [0.31129479409479405, 0.2604608502608502, 0.13622719502719505, 0.2920171606171607], [0.21088808004860643, 0.31800369680199425, 0.19620129119246774, 0.2749069319569319], [0.3364708014208014, 0.23854495586113247, 0.15801004273504282, 0.2669741999830236], [0.23596169345559595, 0.29225523514425955, 0.17181825139630028, 0.29996482000384445], [0.2870440864690864, 0.23525735930735941, 0.16816993006993014, 0.30952862415362425], [0.2700608613608614, 0.3268703463203464, 0.14914114219114227, 0.2539276501276501], [0.3125414843326607, 0.24658766233766247, 0.16877946236769764, 0.2720913909619792], [0.2598338823777848, 0.2623338335066815, 0.195233078236127, 0.2825992058794068], [0.2583612998113, 0.32538860583860574, 0.18075955351837708, 0.23549054083171744], [0.24256707736707736, 0.28091332001332014, 0.2211244255744257, 0.2553951770451773], [0.3763561474473237, 0.2596594405594407, 0.14325792981528288, 0.22072648217795282], [0.2884737651237652, 0.27356373626373637, 0.15896777666777673, 0.278994721944722], [0.2147892440892443, 0.2830961352373118, 0.20960660450660448, 0.2925080161668398], [0.26277322122322133, 0.25690203685203683, 0.19781170969553327, 0.2825130322292086], [0.2707833416583416, 0.24972990065490072, 0.18771821511821524, 0.2917685425685427], [0.188689565989566, 0.32809075924075937, 0.17691842797725157, 0.30630124679242315], [0.23154327616827622, 0.2900904856581328, 0.21912500963089207, 0.2592412285426992], [0.3140436785436786, 0.21813643023643034, 0.19356337551337557, 0.2742565157065159], [0.3133430597180597, 0.273498457098457, 0.14362083472083476, 0.26953764846264866], [0.290246985530809, 0.2580744874406641, 0.15773237318237338, 0.29394615384615397], [0.2067529193029193, 0.24779350649350662, 0.20207231657231672, 0.3433812576312573], [0.2058685477124502, 0.32665395586798013, 0.15006875644680526, 0.3174087399727644], [0.3353302378907642, 0.22753392572339945, 0.14449300144300148, 0.2926428349428351], [0.2570785187035189, 0.27373717393717395, 0.20124310791547645, 0.267941199443831], [0.2280392218892221, 0.30533126873126876, 0.20762044622044626, 0.2590090631590632], [0.2422283595489479, 0.3331095182595184, 0.16962272302860543, 0.25503939916292867], [0.3138497668997668, 0.23175231712731725, 0.15461563714063725, 0.2997822788322788], [0.2741761055937528, 0.28080556110556115, 0.14777869238604532, 0.2972396409146409], [0.23537451583504232, 0.3112130743525479, 0.18099987234987233, 0.27241253746253763], [0.2181255795694821, 0.24600396974299416, 0.21932138159943046, 0.3165490690880935], [0.2658041347541348, 0.2774848706848707, 0.1989980075480076, 0.2577129870129871], [0.2652330858683801, 0.22991451326451337, 0.1822468187041717, 0.3226055821629349], [0.30266431460696164, 0.28924672272172264, 0.1616855605179135, 0.24640340215340223], [0.24449414988805238, 0.2729455928257936, 0.2082655374435864, 0.27429471984256787], [0.2655065767565768, 0.2899691031191031, 0.1959987512487514, 0.2485255688755689], [0.3253171547406843, 0.28870767565767563, 0.1546488797150563, 0.2313262898865841], [0.257796042846043, 0.30061950826950834, 0.17673825063825074, 0.26484619824619837], [0.28600255022755056, 0.2827253441003443, 0.15397262182262186, 0.2772994838494839], [0.362740404856581, 0.27952996203143277, 0.10774607059607065, 0.2499835625159155], [0.2997061856444208, 0.27919002941502946, 0.18152880730380744, 0.2395749776367423], [0.26238062329827055, 0.30575502830502843, 0.14562059215294518, 0.28624375624375614], [0.2504285825285827, 0.279967637917638, 0.21001138861138874, 0.25959239094239106], [0.23125755633255624, 0.32645386672151355, 0.1703057692307693, 0.2719828077151607], [0.2615379953379955, 0.2798882690409006, 0.18821401376401373, 0.27035972185709023], [0.31170601065601083, 0.2412467809967812, 0.1467106643356644, 0.3003365440115441], [0.25602888500388515, 0.3201510212010212, 0.1614627650127651, 0.2623573287823291], [0.2643841602841604, 0.2550346986346988, 0.1981539321789323, 0.28242720890220907], [0.32952034819325826, 0.25174248412406325, 0.14630063433298746, 0.27243653334969126], [0.2648070971426236, 0.3020278817673553, 0.1563049783549784, 0.2768600427350427], [0.27946225718725715, 0.31986694971694984, 0.14993986568986578, 0.2507309274059275], [0.2234959040959041, 0.3345343453931688, 0.16174131424131438, 0.2802284362696127], [0.24641370851370847, 0.28703053613053625, 0.22120801975801993, 0.24534773559773573], [0.27335904928404936, 0.3247655538905537, 0.15869180264180274, 0.2431835941835943], [0.31683535353535347, 0.2632093073593075, 0.15203555056055068, 0.2679197885447887], [0.2548489898989901, 0.2767285991785991, 0.20774344903462552, 0.2606789618877855], [0.32785255577755595, 0.26071140526140535, 0.14926193251193254, 0.26217410644910666], [0.3226023948273947, 0.3244736349907401, 0.13493825341325338, 0.2179857167686117], [0.17994965034965052, 0.3119759018759016, 0.19219540459540468, 0.31587904317904314], [0.2794121656121656, 0.27302475857475855, 0.18743841354723717, 0.26012466226583886], [0.31281816794316797, 0.22594022921522924, 0.16843518426018433, 0.29280641858141865], [0.3138399073149073, 0.24049427794427808, 0.1502004911754913, 0.2954653235653237], [0.24288980823098472, 0.2885430014430013, 0.1936834962423198, 0.27488369408369395], [0.21591445221445235, 0.34867349317349317, 0.18739466089466092, 0.2480173937173937], [0.2617398869104754, 0.2918968364968367, 0.2187344168902994, 0.22762885970238925], [0.27377668997669014, 0.3001817714964775, 0.1732271783771784, 0.2528143601496543], [0.17749213564213576, 0.35851786987522266, 0.19426257745522452, 0.26972741702741704], [0.25680445110445105, 0.2818044011544011, 0.16798853646353656, 0.2934026112776114], [0.22368425185925203, 0.3182556388056387, 0.19334575147075156, 0.26471435786435793], [0.2698826474179417, 0.25870918248418245, 0.18480893991629296, 0.2865992301815831]]}}