{"test": {"ids": ["98110230", "105111990", "98109570", "103112641", "103110760", "98107210", "102109840", "111121190", "110118810", "99112641", "105112100", "112121351", "102110240", "97106820", "108113480", "104113000", "98111620", "104113170", "113121410", "105113170", "101112690", "98107410", "102114270", "101111140", "104111711", "100109330", "98108580", "111119930", "100111080", "104116800", "108114360", "110118301", "110113591", "108113620", "98112580", "104111990", "99111440", "110115890", "103111930", "110118880", "100109000", "113122160", "110118181", "109115220", "104109311", "113120591", "109113591", "98120010", "107114490", "110120531", "107113550", "103117200", "97107950", "99108080", "112118511", "107114140", "98110680", "107114280", "110119891", "97112290", "111115400", "106111321", "108113740", "106118520", "100116500", "109120150", "107113360", "109114651", "111114941", "109115070", "113119340", "110118450", "103113270", "107113170", "97105960", "110120540", "111119580", "102109850", "99112531", "100107920", "112116501", "106113830", "109114720", "102116500", "98109090", "104118070", "99108310", "101108500", "107114321", "109116040", "104111531", "113122650", "108115250", "110114720", "100111620", "110118121", "103120780", "111115620", "113118870", "103111170", "105117351", "110120640", "110114950", "105115720", "112121010", "108115570", "102110890", "101117580", "103113640", "110115580", "105119550", "113122510", "110116170", "102113981", "113122150", "102110050", "108115070", "105114220", "113120601", "98110810", "112121430", "108121351", "112118421", "110115710", "106116820", "110118930", "111118810", "101108370", "113121220", "100109801", "111120280", "112117471", "112120990", "108116481", "113119480", "102117351", "113117630", "97106000", "98116940", "111119950", "112119580", "109119340"], "labels": [3, 2, 1, 3, 1, 1, 2, 1, 1, 1, 1, 0, 3, 1, 0, 1, 3, 3, 0, 0, 1, 3, 3, 2, 1, 0, 0, 1, 0, 1, 1, 1, 0, 3, 2, 2, 3, 2, 3, 0, 1, 3, 1, 3, 3, 0, 3, 2, 3, 0, 0, 0, 2, 3, 1, 2, 2, 3, 3, 1, 0, 0, 3, 2, 2, 2, 0, 3, 0, 0, 0, 0, 2, 0, 2, 1, 3, 1, 3, 0, 3, 1, 0, 1, 1, 2, 2, 3, 0, 0, 0, 2, 1, 3, 3, 3, 1, 1, 0, 2, 0, 0, 0, 1, 2, 3, 0, 3, 1, 1, 1, 2, 0, 1, 2, 3, 1, 3, 2, 1, 2, 3, 3, 2, 1, 1, 0, 1, 3, 0, 0, 3, 2, 0, 3, 1, 0, 0, 2, 0, 3, 3], "predicted_labels": [1, 0, 3, 2, 0, 3, 2, 1, 2, 0, 3, 3, 3, 0, 3, 3, 2, 1, 3, 3, 2, 0, 1, 3, 3, 0, 2, 0, 1, 3, 1, 1, 0, 1, 3, 0, 3, 2, 1, 3, 3, 1, 0, 3, 1, 0, 1, 0, 1, 3, 2, 3, 3, 3, 1, 1, 2, 1, 1, 0, 0, 1, 1, 1, 1, 2, 3, 0, 3, 1, 0, 2, 2, 1, 2, 2, 0, 2, 0, 1, 3, 0, 2, 2, 2, 1, 3, 1, 1, 3, 3, 0, 2, 2, 2, 1, 1, 3, 1, 2, 0, 0, 0, 1, 1, 2, 2, 0, 3, 2, 1, 2, 2, 1, 0, 2, 1, 0, 2, 1, 1, 3, 1, 0, 0, 3, 3, 0, 3, 3, 1, 1, 1, 3, 0, 3, 1, 3, 1, 3, 1, 0], "confidence_scores": [[0.0004220743074303223, 0.9944374299353045, 0.005031827980702447, 0.00010866777656289726], [0.9611950097347043, 0.0002728702846528457, 0.004288624810182835, 0.03424349517046], [0.0019071692467741107, 0.001734861218500116, 2.7821400742968747e-05, 0.9963301481339827], [0.02185442275058056, 0.0004779367989452499, 0.9714007407277021, 0.006266899722772099], [0.9458969519358235, 0.02928391506725333, 0.00020398959858867764, 0.024615143398334576], [0.0004271478169980963, 0.0006088698398064242, 0.012590048715010332, 0.9863739336281852], [0.014349098850393488, 0.04146222824345036, 0.944074134381534, 0.0001145385246220146], [0.009480827715332561, 0.6403881297090919, 0.3316081234988722, 0.01852291907670341], [0.003160419812539951, 0.3002140281135196, 0.6743494217474796, 0.0222761303264608], [0.9998824281796245, 9.150504575412616e-07, 8.11876898353926e-07, 0.00011584489301960798], [0.09804215694158597, 0.449155245243378, 0.0010399118520128807, 0.4517626859630232], [0.00020048059581424146, 0.00016475463355856743, 5.281995779347754e-09, 0.9996347594886315], [0.002403232503526173, 8.622984149132106e-07, 0.27603389779113086, 0.721562007406928], [0.8134629825636583, 0.0007883580477882679, 0.021174270022008015, 0.1645743893665453], [0.2027173938541701, 4.492856338473676e-05, 0.0012338782820926779, 0.7960037993003526], [0.09581456132097255, 5.648816605202951e-06, 0.02059180322813371, 0.8835879866342885], [0.17107831343665503, 0.07934734204946856, 0.6118482002579815, 0.1377261442558949], [3.513457175547181e-05, 0.5659861737577927, 0.4290490598905136, 0.0049296317799381794], [2.38081961105956e-05, 0.037615774455114444, 2.8159725246516338e-05, 0.9623322576235285], [1.980495887472021e-06, 2.106813525860885e-07, 3.5432469811509094e-06, 0.9999942655757789], [0.009375972774783118, 0.001481413601354613, 0.9240669930813389, 0.06507562054252361], [0.9998815076908755, 2.2113296736462946e-05, 1.5381998983561998e-05, 8.09970134043296e-05], [2.4739007921733332e-05, 0.999975207601036, 2.2042177234375052e-08, 3.134886512663992e-08], [0.08606190793597683, 1.4161656649336458e-05, 0.0008282479211213904, 0.9130956824862524], [0.013497885078360113, 0.07465087677531042, 0.1430854137481512, 0.7687658243981782], [0.9742857290673173, 0.018484986014924886, 0.0004829399572042657, 0.006746344960553583], [0.002544454758367027, 0.08335543809632105, 0.9140911003018758, 9.006843436120169e-06], [0.9910825862453354, 6.754600952847695e-05, 9.272723758005965e-05, 0.008757140507556008], [0.003705359119901265, 0.506531310000795, 0.4897369048286396, 2.6426050664247565e-05], [0.01156527331389245, 0.02529594361950794, 0.00034258826751215843, 0.9627961947990874], [5.3525694978709676e-06, 0.5744784413786352, 0.38492685833065104, 0.040589347721215814], [9.43814098372077e-05, 0.9994440740595276, 3.620576042125314e-05, 0.00042533877021393965], [0.9998202868959264, 4.9860867772213774e-05, 2.6750427541560576e-10, 0.00012985196879687408], [0.018465816047131635, 0.7252011786791727, 0.0013150204582238795, 0.2550179848154718], [7.809208084897549e-05, 0.03044578964159998, 0.004410022112940791, 0.9650660961646103], [0.9996413439580933, 0.00026954128407591745, 8.8904110598659e-05, 2.1064723192011216e-07], [0.37883057089282474, 0.0032780014943768524, 0.01299925509069003, 0.6048921725221084], [0.00024820502880856034, 0.2993271583862015, 0.6934037385093308, 0.007020898075659006], [0.09002382785639212, 0.7916031549395106, 0.0007629982945347799, 0.11761001890956263], [0.0010001016705825205, 0.004342283028256793, 1.6745234995740014e-06, 0.9946559407776612], [0.31399203398930914, 0.0951173622374163, 0.19194713167164942, 0.3989434721016251], [0.00013750617028046808, 0.772801597319631, 0.22659884168741298, 0.0004620548226753976], [0.6912931550641012, 0.3019764843977643, 0.0011167054819253089, 0.0056136550562092425], [0.0019485952298816309, 0.014366670406403, 0.002142810705131366, 0.9815419236585841], [7.418556497817108e-05, 0.8049958196238225, 2.6565178569853342e-06, 0.19492733829334252], [0.9772498896885587, 2.706445817623897e-05, 3.1002254963271916e-06, 0.022719945627768738], [0.00015694473335639949, 0.8456450039530651, 3.8300719368408865e-05, 0.1541597505942103], [0.8868102605199052, 1.469035459394026e-05, 0.11133970143469459, 0.0018353476908063873], [0.00034054000279312236, 0.6035682037709432, 0.020167073292607054, 0.37592418293365654], [0.00451695991149285, 0.0006081629762428914, 1.8636231751706705e-05, 0.9948562408805125], [0.0015774062062882262, 0.0035179880239656143, 0.9942583323498151, 0.0006462734199309581], [0.46901195049333827, 0.0570620205299957, 9.989548062956114e-05, 0.4738261334960364], [0.05133139507974207, 0.0310568926553863, 0.004037160524889015, 0.9135745517399827], [0.01952939950021863, 6.0607558277139874e-05, 0.00021117421633600204, 0.9801988187251683], [0.01620408818455262, 0.48252820159822457, 0.06952126778976336, 0.4317464424274594], [0.0004896384748363147, 0.9992526084469416, 0.00015209682144107765, 0.00010565625678121067], [0.00014829032695066314, 0.06043930732395374, 0.9393636171348931, 4.8785214202437175e-05], [0.0006355659307673419, 0.9990449784518092, 0.00019938322001345854, 0.00012007239740990708], [0.0002706991641668189, 0.5002300425936115, 0.003657465643359018, 0.4958417925988625], [0.6093683179575403, 0.13263282422688003, 0.04066138665177607, 0.21733747116380367], [0.7096966708521621, 0.0037862375380492063, 0.2675352277833511, 0.018981863826437417], [0.0005081298256940326, 0.9975627889504682, 1.4975848384154591e-05, 0.001914105375453551], [0.14824922593481085, 0.7672071923310334, 0.006664148992757125, 0.07787943274139866], [0.10243130761978282, 0.8905442465950636, 1.5764076087128925e-07, 0.007024288144392708], [0.029293931683212954, 0.8735824132258294, 0.06592798041871363, 0.03119567467224396], [0.0005505234896425971, 0.00941443069102856, 0.9899974398272007, 3.760599212815753e-05], [0.10041693114605524, 0.003346518101466194, 0.0035431303744375368, 0.892693420378041], [0.7282451639233339, 0.19780915565617804, 0.0011443484862453124, 0.0728013319342427], [0.32153369852447844, 0.05379001139684964, 2.835731146973823e-07, 0.6246760065055572], [4.327563627117554e-05, 0.9999180915096867, 2.947992506301848e-05, 9.152928979254845e-06], [0.9747159267675035, 0.007921993170477332, 2.557138072814524e-05, 0.017336508681290767], [8.20488264290971e-06, 0.0002276615461343252, 0.9984907027912218, 0.0012734307800010122], [4.482256433663196e-06, 1.7679933095220002e-05, 0.9994140181755551, 0.0005638196349161704], [0.022911313592739145, 0.9726354757946503, 0.00011112010179154354, 0.00434209051081911], [0.03651865568817489, 0.0015947924880741406, 0.7460295920764465, 0.21585695974730454], [0.29913514606430464, 0.27062187501939605, 0.4296405019856785, 0.0006024769306207979], [0.9455063335129366, 0.0006123826677386613, 0.04871935232091286, 0.005161931498411697], [0.013653283888506862, 0.014920399690832028, 0.9710383133186474, 0.0003880031020137968], [0.6085190383456488, 0.00016140065506304015, 3.964345356287296e-10, 0.39131956060285344], [0.06096090332893787, 0.7725794602917333, 0.08344509870133356, 0.08301453767799534], [0.00013551837052243765, 0.12228414995637017, 0.0003334385445507446, 0.8772468931285566], [0.9908416485692063, 2.393969190053812e-05, 1.930219632704173e-07, 0.00913421871692984], [5.44696974789851e-07, 0.001684455516198783, 0.9981318988210249, 0.00018310096580159617], [0.01717930534885497, 0.00011985974390952726, 0.9827006896044799, 1.4530275569922684e-07], [0.00011896557801244169, 5.664668853194501e-06, 0.999776706175965, 9.866357716921628e-05], [0.18388144982421864, 0.8063706594149281, 0.009539681388137978, 0.00020820937271518144], [0.004062841108786074, 8.660819713250323e-05, 0.0007824352826484162, 0.995068115411433], [0.0032994929410677613, 0.9753681223684035, 0.020826890692406064, 0.0005054939981227244], [0.2059592168488801, 0.5216557882870593, 0.001979814614693686, 0.2704051802493669], [0.0005408301002114051, 0.0009609624792428161, 0.014176554566936976, 0.9843216528536088], [0.0005118246422151365, 0.05426152694565341, 2.7897000921960344e-05, 0.9451987514112096], [0.6832655335627922, 0.1291579737961328, 0.14833611129159013, 0.039240381349484786], [0.08562866637534831, 0.05218041343828945, 0.8619608980406125, 0.00023002214574970647], [2.017846077615761e-06, 1.3529227572250964e-05, 0.9999532956566303, 3.115726972003407e-05], [0.08930766800213061, 0.1917390096130192, 0.7160980333166521, 0.002855289068197937], [0.0002510169504435741, 0.8639883945697857, 0.00015305353360585536, 0.13560753494616498], [0.01286843856792236, 0.9637687145684265, 0.007314918919049213, 0.016047927944601945], [0.20529503206477112, 0.0755002042757602, 0.09205822766683912, 0.6271465359926296], [0.008216786690494476, 0.9196272397711697, 5.037439575467757e-05, 0.07210559914258131], [0.08013086047525067, 0.00554362546931985, 0.9010667487260073, 0.013258765329422061], [0.9135958832053225, 0.010698704665218668, 0.04686122870479447, 0.028844183424664407], [0.6743459672657091, 0.0059208049425363285, 0.23318399361978967, 0.08654923417196483], [0.9662785758411193, 0.02524633376975242, 0.001909021339629108, 0.006566069049498959], [0.007354612813661672, 0.8356800371615895, 0.004829899192242607, 0.15213545083250618], [0.06126426102416289, 0.8799725836369828, 0.00038260660785206335, 0.05838054873100221], [0.00135864824285099, 0.00373070962188015, 0.9905268313441996, 0.004383810791069276], [0.32411697682225643, 6.094538162798123e-07, 0.6604025464715086, 0.015479867252418605], [0.864310417433602, 0.1285118692845938, 7.182414819936123e-05, 0.007105889133604842], [0.26207425495959075, 0.0011104749808923337, 0.014411930790606231, 0.7224033392689106], [0.06262105226936142, 0.1046489879541458, 0.6862724205968378, 0.14645753917965507], [0.0007223014353255873, 0.998002066808959, 9.214145595922274e-08, 0.001275539614259511], [0.1379380162582997, 0.3365087227670253, 0.5255398253669549, 1.3435607720149848e-05], [0.04481118240753774, 0.008424268772954614, 0.9174286226672089, 0.029335926152298807], [0.04527931117004179, 0.9085109496765873, 0.0026169291421424233, 0.04359281001122863], [0.55412516022319, 0.37045873878602403, 0.02225961679978433, 0.053156484191001406], [0.0029334121646427966, 0.0070587596667420005, 0.9775573980361382, 0.012450430132476993], [0.027372544565539846, 0.9692271099160262, 0.0005815074138507865, 0.002818838104582981], [0.8081530567756007, 0.156161842688774, 6.972880036010329e-06, 0.035678127655589406], [0.14418356649390424, 0.07577871716893142, 0.7551100634947666, 0.02492765284239766], [1.8892358231272069e-06, 0.9999926360263968, 5.1927009113437945e-06, 2.82036868890514e-07], [0.15188032634897047, 0.737781666230497, 0.09594483530975295, 0.014393172110779624], [2.706240548318304e-05, 0.008039772445160005, 4.895268462734985e-06, 0.9919282698808941], [0.0002918570304169337, 0.8398537952308861, 0.00038785847500200955, 0.15946648926369492], [0.8017872745740957, 0.0013028515346226552, 0.19639823294623315, 0.0005116409450484814], [0.9571784513742433, 8.881780927597589e-06, 7.646347496269e-06, 0.04280502049733274], [9.770035447512044e-05, 0.289154156605829, 0.00017631802740817413, 0.7105718250122877], [0.030995498866034206, 0.0003307025718620184, 4.4067306057838306e-08, 0.9686737544947979], [0.9747742756339123, 0.00012206832992871316, 0.0017448057626443312, 0.023358850273514597], [1.7115164081451498e-05, 1.447315675813568e-05, 0.001919544575367886, 0.9980488671037926], [0.00013338204839070012, 0.1973029313445336, 0.00035661629546383187, 0.8022070703116119], [0.2817507365246954, 0.5902414169662841, 0.0013074911714363792, 0.12670035533758414], [3.300509173268584e-05, 0.992621957211774, 8.687792039079562e-06, 0.007336349904454083], [2.478842583363123e-06, 0.9999025000096922, 6.020266243141126e-06, 8.90008814814813e-05], [0.496426314791251, 3.7901782445333485e-07, 8.100281127400241e-06, 0.5035652059097973], [0.998812997187961, 4.7770670471544766e-09, 1.4984083531673642e-09, 0.0011869965365636029], [0.00029534733731902265, 0.0040068223568827145, 8.856831292832238e-08, 0.9956977417374853], [0.07895417877604675, 0.5734344991965482, 0.0995533006838391, 0.24805802134356594], [6.005705291877732e-07, 0.0048287422014454, 0.0009308035495888625, 0.9942398536784365], [0.36426856169999566, 0.5672991102550298, 0.04628759995276661, 0.022144728092208004], [0.006017430387582381, 0.0345378287380235, 0.01277603957896738, 0.9466687012954267], [0.011436052898705728, 0.5400270249557118, 0.0357866304728426, 0.41275029167273986], [0.713216548380212, 0.01068243064529535, 0.26800290259076476, 0.008098118383727818]]}, "rewritten": {"ids": ["97105960", "97106000", "97106820", "97107950", "97112290", "98107210", "98107410", "98108580", "98109090", "98109570", "98110230", "98110680", "98110810", "98111620", "98112580", "98116940", "98120010", "99108080", "99108310", "99111440", "99112531", "99112641", "100107920", "100109000", "100109330", "100109801", "100111080", "100111620", "100116500", "101108370", "101108500", "101111140", "101112690", "101117580", "102109840", "102109850", "102110050", "102110240", "102110890", "102113981", "102114270", "102116500", "102117351", "103110760", "103111170", "103111930", "103112641", "103113270", "103113640", "103117200", "103120780", "104109311", "104111531", "104111711", "104111990", "104113000", "104113170", "104116800", "104118070", "105111990", "105112100", "105113170", "105114220", "105115720", "105117351", "105119550", "106111321", "106113830", "106116820", "106118520", "107113170", "107113360", "107113550", "107114140", "107114280", "107114321", "107114490", "108113480", "108113620", "108113740", "108114360", "108115070", "108115250", "108115570", "108116481", "108121351", "109113591", "109114651", "109114720", "109115070", "109115220", "109116040", "109119340", "109120150", "110113591", "110114720", "110114950", "110115580", "110115710", "110115890", "110116170", "110118121", "110118181", "110118301", "110118450", "110118810", "110118880", "110118930", "110119891", "110120531", "110120540", "110120640", "111114941", "111115400", "111115620", "111118810", "111119580", "111119930", "111119950", "111120280", "111121190", "112116501", "112117471", "112118421", "112118511", "112119580", "112120990", "112121010", "112121351", "112121430", "113117630", "113118870", "113119340", "113119480", "113120591", "113120601", "113121220", "113121410", "113122150", "113122160", "113122510", "113122650"], "labels": [2, 0, 1, 2, 1, 1, 3, 0, 1, 1, 3, 2, 1, 3, 2, 2, 2, 3, 2, 3, 3, 1, 0, 1, 0, 0, 0, 3, 2, 1, 3, 2, 1, 3, 2, 1, 3, 3, 0, 1, 3, 1, 1, 1, 2, 3, 3, 2, 1, 0, 1, 3, 0, 1, 2, 1, 3, 1, 2, 2, 1, 0, 3, 1, 0, 1, 0, 1, 1, 2, 0, 0, 0, 2, 3, 0, 3, 0, 3, 3, 1, 1, 1, 3, 0, 3, 3, 3, 0, 0, 3, 0, 3, 2, 0, 3, 0, 1, 2, 2, 0, 3, 1, 1, 0, 1, 0, 1, 3, 0, 1, 0, 0, 0, 1, 0, 3, 1, 0, 0, 1, 3, 3, 3, 1, 3, 2, 2, 0, 2, 0, 0, 0, 3, 0, 2, 3, 0, 2, 3, 2, 2], "predicted_labels": [2, 3, 0, 3, 1, 3, 0, 2, 2, 3, 1, 2, 1, 2, 1, 0, 0, 3, 3, 0, 0, 0, 3, 1, 0, 1, 2, 2, 1, 0, 1, 0, 3, 0, 2, 2, 2, 3, 0, 1, 1, 2, 3, 0, 2, 3, 3, 2, 0, 0, 1, 1, 3, 2, 0, 3, 1, 3, 0, 0, 0, 3, 1, 1, 0, 1, 0, 0, 0, 1, 1, 3, 2, 1, 1, 3, 3, 3, 1, 0, 2, 1, 2, 2, 0, 3, 1, 0, 2, 1, 3, 3, 0, 2, 0, 2, 0, 1, 2, 1, 0, 1, 0, 1, 2, 2, 3, 3, 1, 3, 2, 2, 0, 0, 3, 3, 0, 0, 3, 0, 1, 1, 1, 3, 1, 1, 1, 1, 3, 1, 1, 1, 0, 0, 3, 2, 3, 3, 3, 1, 1, 0], "confidence_scores": [[0.002231736942198609, 0.0003980137620724827, 0.9636991891095473, 0.03367106018618162], [7.125123385108645e-06, 0.00017700319499265382, 0.0005245950436760637, 0.9992912766379463], [0.6410901113319911, 0.006889602387168965, 0.32669306996371644, 0.02532721631712334], [0.08121617628242661, 0.1287858613676475, 0.0006203644788298433, 0.7893775978710961], [0.141408028615025, 0.6774822914367137, 0.14404059738008979, 0.03706908256817166], [0.000702662592088559, 0.0013748267034775835, 0.062226581308116674, 0.9356959293963173], [0.9999616463891351, 3.158746138874889e-05, 1.6434561546273569e-06, 5.122693321240156e-06], [0.005369043785801911, 0.05073773475852998, 0.9438615333973985, 3.1688058269488876e-05], [6.859619683817978e-06, 2.463980090487918e-05, 0.9998365226325525, 0.00013197794685880466], [0.002476954053571736, 0.00012853256403109892, 7.186140381287068e-06, 0.997387327242016], [0.0008821496459053757, 0.9977597154373553, 0.0008649878861536, 0.0004931470305855994], [0.000788783267740836, 0.10927208738709139, 0.8896042184173515, 0.0003349109278163747], [2.126196007804062e-06, 0.999997745906228, 6.81829639762079e-08, 5.971480009385431e-08], [0.15068150130381217, 0.2839352249405312, 0.5588222506625232, 0.006561023093133456], [1.2803293681089114e-07, 0.7257501700465959, 0.2701022996687179, 0.004147402251749431], [0.5894683719622341, 0.13599817794930774, 0.2703801871026411, 0.004153262985817014], [0.8749851424873936, 3.338390587428711e-05, 0.12276245744742886, 0.0022190161593031916], [0.07545318509860431, 0.0002856365412089006, 0.00010423849073400904, 0.9241569398694527], [0.09846441195443974, 0.0016638042757631494, 0.034072470332211065, 0.865799313437586], [0.9017729758906148, 0.0005878470286449942, 0.045988389249558184, 0.0516507878311819], [0.8572331216904193, 0.0002429165313477903, 1.303746985545954e-09, 0.1425239604744858], [0.999792701750405, 5.350987389841909e-05, 4.486758773525529e-05, 0.00010892078796125256], [0.02144914565725857, 0.1322207521167803, 0.006372754812906922, 0.8399573474130543], [0.19117089386159294, 0.5731891380270315, 0.019846819635451606, 0.21579314847592393], [0.7578093127736896, 0.19760972362829926, 0.00038872089370512575, 0.044192242704306], [0.00014713446687948003, 0.9088888320898161, 0.0010898355508560725, 0.08987419789244845], [0.0033173844689249076, 0.2615883259188674, 0.7346904004884811, 0.00040388912372669], [0.37742168151631006, 0.010218716382582147, 0.6114185960854883, 0.0009410060156195669], [1.2601538098688515e-05, 0.9917442393276028, 0.003894584265491753, 0.004348574868806833], [0.9996925617207804, 1.7474855879289776e-05, 2.055793718282013e-05, 0.00026940548615758474], [0.053815657567777, 0.7580337661854007, 0.1751052684128083, 0.01304530783401396], [0.8390124086700137, 0.00022944074705863706, 0.0004325194023229669, 0.16032563118060464], [0.11947132646809801, 0.011923201396758475, 0.39253315611216094, 0.4760723160229826], [0.8021286345473113, 0.1940636210670634, 7.455942017540677e-06, 0.0038002884436076304], [0.22686559136116774, 0.030639800871702334, 0.7419799734582068, 0.0005146343089229876], [0.0068365200568168746, 0.08876003045811744, 0.9043629638623444, 4.0485622721298093e-05], [0.008184956211279322, 7.269259270275507e-05, 0.9882900024875606, 0.003452348708457391], [0.028417324741994352, 5.7515344074326446e-08, 0.16849622610017173, 0.80308639164249], [0.9883035629787014, 5.675444446318678e-07, 0.009263549867417753, 0.0024323196094363144], [0.0063131198914054215, 0.9835896002472426, 0.0012675553775624705, 0.008829724483789637], [0.014675668973400979, 0.985322225332618, 2.910443926115636e-07, 1.8146495886245242e-06], [0.00858998839262039, 5.0364056411326484e-05, 0.9913595957097435, 5.184122464977997e-08], [0.0006944342789203136, 0.00452316195332825, 1.8347100256170267e-06, 0.9947805690577257], [0.9789155853919316, 0.012182461581392974, 5.5313207934354174e-05, 0.008846639818740976], [0.15796705510945186, 1.9339367821303044e-05, 0.8129617985058811, 0.029051807016845604], [0.13702225867369852, 0.22653738947290805, 0.0061541249403923035, 0.6302862269130011], [0.009227744523013764, 5.645327366918529e-06, 0.4328915771224006, 0.5578750330272187], [1.6402522505272906e-07, 3.903281598118671e-06, 0.9991005413890178, 0.0008953913041589698], [0.9819716461827285, 0.0006499860662819159, 0.0014989575352119876, 0.015879410215777722], [0.6678978385200939, 0.020499560528374074, 1.0258222849214388e-06, 0.3116015751292472], [0.0016198067591859505, 0.9955523513883734, 2.5750878874998442e-05, 0.0028020909735654628], [0.00030128402429927513, 0.8674373940239138, 3.0768796638386925e-05, 0.1322305531551485], [0.0026505860425732586, 0.38361484344244917, 0.00023205406804339255, 0.6135025164469342], [0.00019990036399601354, 0.014758735768918426, 0.88264012873256, 0.10240123513452555], [0.9999417889720712, 2.726345910831525e-05, 3.0878661313739235e-05, 6.89075067230858e-08], [0.059118888044241716, 5.601568191433395e-06, 0.019133794589214957, 0.9217417157983518], [6.863824883976733e-05, 0.5532922663205324, 0.4460725595764806, 0.0005665358541472004], [0.2576352153228142, 0.0066997223614481335, 5.173654030251346e-05, 0.7356133257754351], [0.8789578151610803, 0.034458842747918494, 0.08575133051183781, 0.0008320115791632857], [0.8229516679317835, 0.0024312185092276854, 0.009610726933973657, 0.16500638662501527], [0.9376106765259863, 0.050476373708439486, 0.00131410008153103, 0.010598849684043062], [1.630766605820691e-07, 8.365311479915385e-07, 5.0199784598811465e-06, 0.9999939804137317], [0.03929052238731424, 0.9533428809807785, 3.627510085290746e-05, 0.007330321531054378], [0.00033316105785971355, 0.9978412282793268, 0.0002256128667220153, 0.0015999977960914423], [0.9504481319395292, 0.04699231939256561, 0.0021543693385516712, 0.00040517932935341914], [0.00010794965695159412, 0.9996523105771681, 5.021516286345805e-08, 0.0002396895507174506], [0.8247283970001322, 0.15618909788223204, 0.005245151471740483, 0.013837353645895325], [0.8216726345526818, 0.12290541086617014, 6.452701269632369e-05, 0.055357427568451904], [0.7009754721142096, 0.00023394106869594218, 1.7153974950030234e-05, 0.29877343284214436], [0.06584877059017753, 0.930377567454069, 4.212655322973397e-07, 0.0037732406902213243], [0.019574952708126276, 0.956074389269355, 2.6082481891287665e-05, 0.024324575540627492], [0.28967291441631876, 0.019647635637848392, 0.03483747428284026, 0.6558419756629926], [2.4086388417160492e-05, 0.000240583637120095, 0.9997294282123662, 5.901762096515844e-06], [0.0029624101061573845, 0.9968248885312547, 5.621943423162529e-05, 0.00015648192835633753], [9.56604021091258e-05, 0.9998808772990043, 2.9776977844555435e-06, 2.0484601102125112e-05], [0.19487592269655035, 0.0476409638751502, 0.000993226066731761, 0.7564898873615677], [0.0007684358830268436, 0.09966840495288129, 0.0006220414469246294, 0.8989411177171671], [0.4071279943948474, 0.0001425638741245285, 0.0004123355083336201, 0.5923171062226944], [0.034153525557052394, 0.5680198739548241, 0.07351413299317737, 0.32431246749494613], [0.6241469364837844, 0.03600648619215819, 0.013563236275757248, 0.32628334104830026], [5.820164569898087e-06, 0.4958518777822931, 0.5041192024730118, 2.3099580125182874e-05], [0.024009737664804524, 0.9709873601884541, 0.0003593766993568624, 0.00464352544738454], [0.009210526068689254, 0.04404272690730621, 0.9462850163939511, 0.00046173063005336526], [0.0006500771056243323, 0.00719839827665585, 0.9169143894403133, 0.07523713517740642], [0.7835289798004137, 7.692112158655054e-06, 1.2123494605166546e-06, 0.21646211573796723], [3.841020008429104e-05, 0.0020063870404684256, 1.0894925366657035e-07, 0.9979550938101935], [0.0002263349565597519, 0.7976614071698348, 3.1953007396633094e-05, 0.20208030486620862], [0.5912697229025924, 0.3945587788218791, 0.00011698685300023695, 0.014054511422528207], [5.19387385378921e-07, 0.00019096841774601247, 0.9983813859392172, 0.0014271262556513008], [2.8327442129395597e-06, 0.9999968945911271, 2.6929644183634293e-07, 3.368218439324907e-09], [9.430196607526322e-05, 0.14895087063912418, 0.008301517077824226, 0.8426533103169762], [0.02915488344036556, 0.00039675461633301574, 0.007313462496822429, 0.963134899446479], [0.8722808185000103, 0.06357872896104393, 0.012301658365513836, 0.05183879417343196], [0.002220783302347853, 0.007037739645177552, 0.9904581262422018, 0.00028335081027290083], [0.9999315640092394, 5.645917470627401e-06, 7.797336665886261e-10, 6.278929355617032e-05], [0.017291085559798906, 0.0018123579407973655, 0.9786846893202901, 0.0022118671791134924], [0.8728236629234558, 0.00782952980652085, 0.013795310362699513, 0.10555149690732384], [0.013234354836788581, 0.942863798346374, 0.035537221210917826, 0.008364625605919598], [0.39785775544656476, 0.028680022999957148, 0.5685552542902875, 0.0049069672631904485], [0.0008642885779187229, 0.5981273143887373, 0.002331050234235091, 0.39867734679910893], [0.8730201815675355, 0.04019076739086118, 0.07068494452732821, 0.016104106514275275], [0.0008826438369585219, 0.8850303556902799, 0.0005217130750628115, 0.11356528739769893], [0.9074610821084529, 0.06234226050838222, 0.0007907928461725568, 0.02940586453699235], [0.0005079606757569886, 0.9993470017328718, 2.9420772523936273e-05, 0.00011561681884737154], [0.00019887928360334757, 0.00012659397329379597, 0.96872430332182, 0.03095022342128269], [0.0011419560812293212, 0.11522016362379761, 0.528387043770812, 0.355250836524161], [0.0008422138007515813, 0.0006860755578020785, 4.605557876054461e-08, 0.9984716645858674], [1.1480466174087529e-05, 0.21355922325072824, 6.455861846168932e-05, 0.786364737664636], [6.672691488245504e-06, 0.9811964034954378, 0.00012177867361091157, 0.018675145139463077], [0.027922180641029852, 0.0031195632590126266, 2.597375927267111e-07, 0.9689579963623649], [0.004865577356442359, 0.10834735709010801, 0.8867166140825967, 7.045147085275183e-05], [0.25918544452603226, 0.006141308272478535, 0.678801147354689, 0.055872099846800236], [0.7462696011380071, 0.09051657791156344, 7.399339567273443e-06, 0.16320642161086213], [0.8453337916172858, 0.015184399766662943, 0.138627698841896, 0.0008541097741552041], [0.000169926633027765, 0.00023741902283378372, 0.018785710615928954, 0.9808069437282095], [0.003662412943609213, 0.0027627664588105944, 1.7665446100764796e-07, 0.9935746439431191], [0.8419221376616205, 0.0019806764653614462, 0.15314227628997248, 0.0029549095830457514], [0.891696912479129, 0.00011883995642692387, 7.488434094281353e-06, 0.10817675913035006], [0.0012966641015154168, 0.00694017386563988, 0.005770475052057815, 0.985992686980787], [0.7743558192644053, 0.08964329952400057, 0.002767728243487865, 0.13323315296810614], [0.07183415930309416, 0.5264222167275447, 0.05052485153666014, 0.35121877243270105], [0.000552614451892751, 0.648264160268221, 0.015579246076049836, 0.3356039792038365], [2.255889004056944e-05, 0.9898810004164262, 3.1786142983985556e-05, 0.01006465455054927], [5.304430432399942e-05, 0.013748578584383194, 0.0001310182277930714, 0.9860673588834997], [0.04415891167613749, 0.6051343198164963, 0.04746976120483049, 0.3032370073025357], [0.00017662951943580953, 0.9561235647254186, 0.005563609416523312, 0.03813619633862232], [4.982332577505974e-06, 0.9997331915905349, 8.142314737617319e-06, 0.0002536837621500293], [0.002987145478989717, 0.9851727114910417, 0.0020727413230507757, 0.009767401706917825], [7.746684499848368e-05, 0.0012103040423707555, 6.011732633330597e-08, 0.9987121689953044], [0.1937896706057023, 0.66979802341401, 0.0830333692855544, 0.053378936694733335], [3.734700535655926e-05, 0.9467391869566334, 0.008509915994686151, 0.04471355004332394], [0.02642937534070308, 0.9259665389094149, 0.006024752429631254, 0.04157933332025079], [0.9992218668811127, 0.00043165304019684666, 1.085070931178652e-05, 0.00033562936937870476], [0.9929612395408363, 1.5586920680821673e-09, 1.2903920713132689e-08, 0.0070387459965511505], [0.10238796984075398, 1.6190217198293003e-06, 8.544806020610206e-07, 0.8976095566569242], [0.06675152465767578, 0.4084232672261196, 0.5178512301653578, 0.0069739779508467764], [8.995399422343342e-05, 0.007509256872483664, 0.06499674334482125, 0.9274040457884717], [0.000371650548006681, 0.2252625510135469, 0.00022638591676191165, 0.7741394125216845], [0.002696931191440274, 0.017176762256976858, 0.005677384750460652, 0.9744489218011221], [0.0934636436196395, 0.6148386517991485, 0.28372307252686385, 0.007974632054348164], [0.3149624962678975, 0.37166579627902113, 0.3125591094273547, 0.0008125980257266747], [0.6202549008234381, 0.018378795140899587, 0.3548188490725745, 0.0065474549630878155]]}}