{"test": {"ids": ["111121220", "105121370", "111114941", "111120531", "110115140", "101114020", "104111620", "112120670", "103120780", "110121170", "106119260", "113119480", "98110680", "110120560", "110116441", "113120531", "102110690", "105112240", "107121700", "105113330", "98112300", "105121190", "99109860", "104118070", "113122430", "111119290", "99110050", "110116300", "110118161", "99107640", "102110500", "108120621", "113121190", "104111380", "108114200", "100109330", "107121640", "112116501", "107118120", "110117500", "111121190", "107114950", "111116750", "103117461", "106115250", "113117401", "108116120", "98107340", "109116750", "112116900", "107120130", "111118910", "99107560", "103110220", "112116810", "107118520", "99112531", "101111140", "112120990", "99108710", "112118890", "111119250", "106121190", "111120280", "99117740", "100120780", "97116790", "113118511", "98116500", "108120280", "103111930", "111120591", "113122170", "109116930", "109117730", "100109910", "112117580", "105115900", "97116401", "107113170", "99108330", "99105921", "106116120", "103120531", "107113180", "112121360", "99111340", "103120730", "109113591", "109114220", "106113260", "106119580", "105111990", "107116980", "100110260", "106119990", "103113640", "108113700", "97106970", "98109090", "103113610", "104114320", "104113000", "105113480", "113121010", "111116530", "111121351", "110118301", "98111620", "104116800", "104113550", "101109370", "103117200", "109121640", "103110840", "99112641", "101111990", "110116170", "102121700", "113119120", "110115980", "113118620", "113122230", "111117571", "110120190", "109119450", "102117351", "112116640", "98112580", "98120010", "98107380", "100109000", "100108260", "109116170", "99109141", "113122120", "112120700", "102118380", "98106111", "106120290", "103111830", "108121410"], "labels": [3, 2, 0, 0, 0, 3, 0, 2, 1, 2, 1, 3, 2, 0, 3, 0, 0, 1, 3, 3, 2, 2, 2, 2, 2, 3, 3, 3, 0, 1, 3, 1, 1, 3, 0, 0, 1, 3, 3, 1, 1, 3, 3, 0, 2, 3, 1, 0, 0, 3, 2, 0, 1, 2, 3, 2, 3, 2, 2, 2, 3, 1, 2, 0, 2, 1, 2, 1, 2, 3, 3, 1, 1, 0, 3, 2, 0, 3, 3, 0, 1, 1, 1, 3, 3, 3, 1, 1, 3, 3, 3, 3, 2, 3, 3, 0, 1, 0, 2, 1, 2, 2, 1, 0, 2, 3, 0, 1, 3, 1, 1, 1, 0, 0, 1, 1, 2, 0, 1, 3, 1, 3, 1, 3, 3, 3, 1, 0, 2, 2, 1, 1, 3, 0, 3, 1, 2, 1, 0, 2, 3, 0], "predicted_labels": [3, 3, 1, 1, 2, 2, 0, 3, 1, 1, 0, 3, 2, 0, 0, 0, 1, 3, 1, 0, 3, 1, 0, 1, 3, 3, 2, 0, 0, 3, 3, 0, 1, 3, 1, 1, 1, 1, 1, 0, 1, 1, 1, 3, 3, 1, 3, 0, 1, 3, 3, 1, 1, 1, 0, 1, 1, 3, 1, 1, 1, 1, 1, 1, 1, 3, 2, 1, 1, 3, 0, 3, 1, 3, 1, 2, 3, 0, 3, 1, 1, 0, 3, 3, 0, 3, 2, 0, 0, 1, 0, 1, 3, 0, 0, 3, 0, 3, 0, 0, 0, 1, 1, 1, 1, 1, 3, 0, 1, 1, 0, 1, 0, 3, 2, 0, 1, 1, 0, 3, 2, 1, 1, 0, 1, 1, 0, 3, 3, 0, 1, 0, 0, 1, 1, 0, 3, 1, 3, 0, 0, 0], "confidence_scores": [[0.17508064989342445, 0.20285893673416963, 0.09580293125853358, 0.5262574821138722], [0.3493924860849458, 0.16215871508749274, 0.08700945159029214, 0.4014393472372694], [0.19703421487216544, 0.40649342965596874, 0.1443418488865433, 0.2521305065853226], [0.17634340660070294, 0.5754182955163276, 0.0881883829796757, 0.16004991490329384], [0.19103024214283224, 0.14923052233825113, 0.5047494601478572, 0.1549897753710595], [0.23950371880428709, 0.238187263978517, 0.29230057842773527, 0.23000843878946067], [0.31608882676523103, 0.20433632453296516, 0.20394402480347937, 0.2756308238983245], [0.23823129540163346, 0.20952268929409462, 0.23340816001179712, 0.31883785529247494], [0.17074266738481625, 0.4383289406063139, 0.14327824719654628, 0.2476501448123237], [0.16659578163650482, 0.3686499095464195, 0.12732440331786765, 0.33742990549920826], [0.302075850684494, 0.21398193810999663, 0.20823911719763896, 0.2757030940078705], [0.22019598001794002, 0.22457685154811524, 0.15949877115048625, 0.3957283972834586], [0.2540925833233387, 0.21969106037454186, 0.3770425879901769, 0.14917376831194248], [0.4255954971636481, 0.25999272822746206, 0.1334520553804275, 0.18095971922846243], [0.36587485795800007, 0.2426093716724476, 0.20286157590374684, 0.1886541944658057], [0.3510276692260237, 0.27065662312718713, 0.19384540531310337, 0.18447030233368567], [0.2985076989775013, 0.32113564253396415, 0.1206415895386963, 0.2597150689498383], [0.13926166915493401, 0.32942252451176235, 0.10792866831542787, 0.42338713801787586], [0.2407029765839781, 0.46614456754466377, 0.16150982125255128, 0.1316426346188069], [0.4387861383608613, 0.1661837523705435, 0.15788452431476707, 0.2371455849538281], [0.18557254269812692, 0.22822273130773307, 0.27833162429449887, 0.3078731016996413], [0.16719770645746582, 0.3623988141109399, 0.20508721106869524, 0.2653162683628992], [0.32154742261741137, 0.2842776821303321, 0.13240768561850683, 0.2617672096337496], [0.18431251878775828, 0.3449352002660546, 0.28051710535910984, 0.19023517558707734], [0.11974321477561074, 0.34408776890706055, 0.09755130466781908, 0.43861771164950974], [0.19010265383882374, 0.2519772457594488, 0.12731601244565718, 0.43060408795607025], [0.15613298961018549, 0.2479095980302942, 0.33112943681713686, 0.26482797554238346], [0.37210793527292124, 0.2697594955972207, 0.14324276990954476, 0.21488979922031343], [0.5248511479433501, 0.1710463405798595, 0.18523982691681448, 0.11886268455997585], [0.1905997197372827, 0.24326038335283376, 0.13761490321458966, 0.42852499369529395], [0.2520733669813419, 0.25472084893034136, 0.2218008353484691, 0.2714049487398478], [0.3667079841524828, 0.27043328261277794, 0.20762297887116948, 0.15523575436356984], [0.271690534692985, 0.30456178287763686, 0.21185138177172474, 0.21189630065765333], [0.20936473674952685, 0.1894209134302398, 0.14655622712808164, 0.45465812269215183], [0.2590951966781527, 0.40075511825092314, 0.13738209439130694, 0.20276759067961708], [0.28002927163346814, 0.28722403018243964, 0.15770552014329675, 0.2750411780407955], [0.29124833142487966, 0.29320685990515355, 0.20108189937365528, 0.21446290929631157], [0.19935500538077838, 0.3357888566433487, 0.16931221849307312, 0.2955439194827997], [0.22413139695674564, 0.3930500771412555, 0.13025456960732779, 0.2525639562946711], [0.36366559118370373, 0.20130917460451983, 0.12822601538033088, 0.3067992188314456], [0.3117050802636697, 0.36376016900714087, 0.09993641940743757, 0.22459833132175194], [0.2881863742813275, 0.31009636043414307, 0.17725822256784385, 0.22445904271668554], [0.2941264631900416, 0.3641029803164842, 0.10038461190316375, 0.24138594459031043], [0.1809845326347553, 0.24668525689403703, 0.272237006255822, 0.30009320421538566], [0.19803655008624982, 0.13393429708251928, 0.26799245504070746, 0.4000366977905234], [0.1877692468051795, 0.3136978584383927, 0.22381371531535638, 0.27471917944107166], [0.22198285691683506, 0.10215324712287312, 0.07264345289014389, 0.6032204430701479], [0.3003749045222652, 0.20127593135691405, 0.24872694075166374, 0.24962222336915707], [0.1722543778635621, 0.48516346131425764, 0.19913518293644905, 0.14344697788573124], [0.30076170669433094, 0.14692362666578668, 0.24900554593552401, 0.3033091207043584], [0.2582305426690956, 0.2747624289569632, 0.15744551739066423, 0.30956151098327683], [0.26670652380144555, 0.31931661491882074, 0.13735341534218345, 0.2766234459375504], [0.1679180447952269, 0.42612733525159335, 0.15965557784198703, 0.24629904211119272], [0.14159147126707927, 0.49389811612544016, 0.2116858867620069, 0.1528245258454738], [0.43943391311563396, 0.19486246526429254, 0.1337591560488426, 0.23194446557123122], [0.15004418371070447, 0.45297104155479373, 0.11863966779208374, 0.27834510694241804], [0.31265279265490203, 0.3159475899399208, 0.15677747822929608, 0.21462213917588116], [0.16115716243597902, 0.2920257589416777, 0.17453687334718748, 0.3722802052751559], [0.09406630780746252, 0.5314116026746767, 0.055733065979002405, 0.3187890235388585], [0.2120461339438386, 0.3280220988058377, 0.15068286325816527, 0.30924890399215854], [0.16007971612617944, 0.5449945277910889, 0.11270360455793002, 0.18222215152480187], [0.2101862985206743, 0.3604819494184634, 0.18017571621114908, 0.24915603584971346], [0.15112873958130588, 0.49173395061953495, 0.14155138680935178, 0.21558592298980755], [0.22417078839944324, 0.33320902092603505, 0.13731754839754828, 0.30530264227697346], [0.1985874630810061, 0.32808310800930407, 0.15702048012876033, 0.3163089487809295], [0.16962976413761058, 0.1573830248357885, 0.1703271936808372, 0.5026600173457637], [0.21429637652211017, 0.21164332124765767, 0.3127284608140183, 0.2613318414162138], [0.249497940543502, 0.38390307190661016, 0.20209732350203613, 0.1645016640478517], [0.1433374919567977, 0.4164057526888829, 0.2161512446204481, 0.22410551073387125], [0.28228461438388924, 0.1530192628119943, 0.0933337940827865, 0.4713623287213299], [0.5227191830347617, 0.1853797528797721, 0.08514240602179014, 0.20675865806367602], [0.22041408223808837, 0.2205617931926471, 0.17322675060244608, 0.3857973739668184], [0.1928884126070592, 0.3705388090598844, 0.14701688547989655, 0.2895558928531598], [0.2746656076743564, 0.15441206310557884, 0.2236291044437057, 0.3472932247763591], [0.26839515981723566, 0.4089529935174815, 0.15104775113085844, 0.1716040955344245], [0.27841619389073025, 0.20528568449077064, 0.33135571717019724, 0.184942404448302], [0.20611421082555567, 0.2785668439434915, 0.12156239827348322, 0.3937565469574697], [0.36165976243993453, 0.22920103091761948, 0.14631259207136524, 0.262826614571081], [0.2545395613091117, 0.2833039483426915, 0.16310772653923444, 0.2990487638089623], [0.14923171571357502, 0.38048572306677814, 0.32449938335850786, 0.14578317786113895], [0.14983010438479713, 0.4110587981616621, 0.20222955966168277, 0.23688153779185792], [0.3538679995288767, 0.2920014413820019, 0.1816073731498773, 0.1725231859392442], [0.16752352401278262, 0.2991347346797102, 0.223026196473417, 0.31031554483409], [0.26841483850690406, 0.25400573239552954, 0.13977482358955073, 0.33780460550801544], [0.3126498072243493, 0.265895615173933, 0.21749100205649308, 0.20396357554522457], [0.3753864769091077, 0.15206934515433926, 0.061685616276629995, 0.4108585616599231], [0.2590010433792215, 0.23907985964278453, 0.29886007895412936, 0.20305901802386483], [0.4107736596033402, 0.3131042921019868, 0.1807627700168159, 0.09535927827785705], [0.3247314960274097, 0.29790985654653795, 0.1054969151414476, 0.27186173228460464], [0.2192437065705246, 0.4238933106647124, 0.13382000248529413, 0.2230429802794688], [0.4967390964855892, 0.15354817552251343, 0.1753213305335422, 0.17439139745835525], [0.18101979188095335, 0.3971939939714281, 0.15075704974332602, 0.2710291644042926], [0.2819611965555905, 0.23499068032526374, 0.15014446032782885, 0.332903662791317], [0.4447300259103202, 0.2405684997865409, 0.0710454791959895, 0.24365599510714947], [0.4121900247711563, 0.22195568234711655, 0.14915454258317373, 0.2166997502985535], [0.2642611344109362, 0.14982708962487828, 0.12755059921520207, 0.4583611767489834], [0.46886546267746515, 0.1677135700255033, 0.17814753164064037, 0.18527343565639115], [0.30952418831044043, 0.21647064834633395, 0.09360115337651788, 0.38040400996670765], [0.38972548593349693, 0.2507339660200622, 0.07189914162772583, 0.28764140641871505], [0.46719174523401263, 0.18391811046153506, 0.14058543924170971, 0.20830470506274265], [0.32117564005891774, 0.2021815259747959, 0.21546152529636742, 0.26118130866991895], [0.27292137962331636, 0.3375509987994719, 0.151154349867865, 0.23837327170934666], [0.24225872188675115, 0.4515797544283931, 0.08148644914244604, 0.22467507454240981], [0.20072196066534345, 0.3744255767520971, 0.16355001975636616, 0.26130244282619336], [0.14022363246417077, 0.5297732937264776, 0.09197516702635503, 0.2380279067829966], [0.21824331417789755, 0.5220063483150972, 0.08161751405614423, 0.17813282345086123], [0.2868533032817007, 0.29847660003651383, 0.10934845264979318, 0.30532164403199236], [0.5504379508397312, 0.17463740915072712, 0.09918059566188853, 0.17574404434765312], [0.21176952746795993, 0.35783014384436435, 0.13452292422351997, 0.2958774044641559], [0.11429403073248902, 0.5342400410778361, 0.10224710303337951, 0.24921882515629543], [0.3975926633147943, 0.2271551885141705, 0.16553769749012118, 0.2097144506809142], [0.26089658320759684, 0.3579853062683213, 0.18947997851558412, 0.19163813200849794], [0.5473730761534124, 0.16162765101716695, 0.0930547913763778, 0.19794448145304297], [0.19609068655368417, 0.30123627230387784, 0.20125989561401836, 0.3014131455284196], [0.2389425953811723, 0.18083401716798292, 0.4180974322641477, 0.16212595518669723], [0.4658905361341958, 0.2563237360645814, 0.1547156917525707, 0.12307003604865202], [0.25976486040660535, 0.39824230437187785, 0.1307195857662104, 0.21127324945530634], [0.2790691014997819, 0.2946519663717694, 0.22353373313744485, 0.202745198991004], [0.3264730219513885, 0.2746447603728184, 0.12345458111756268, 0.27542763655823055], [0.14744101040174182, 0.18260173985698125, 0.1511303336853891, 0.5188269160558877], [0.16289196581196297, 0.23588358801619522, 0.32123251385680596, 0.2799919323150357], [0.15591632917271833, 0.48981236511801146, 0.1864544267317717, 0.1678168789774986], [0.13879455737435384, 0.5854939293539297, 0.12181452417596186, 0.15389698909575447], [0.4195328273599724, 0.34030621554536833, 0.08954428309475872, 0.15061667399990047], [0.22233245134945817, 0.41570153714952646, 0.06860900897257355, 0.29335700252844166], [0.16392678331327346, 0.3498658416245515, 0.18752079247647943, 0.29868658258569575], [0.4583347449391401, 0.19856466680717147, 0.12166897021148128, 0.22143161804220704], [0.09466594439725237, 0.3351212491195236, 0.08420686586891372, 0.4860059406143103], [0.22552766699010968, 0.287342595816014, 0.18431778384202274, 0.3028119533518538], [0.36679047067046, 0.2609507258959414, 0.19988204647242364, 0.172376756961175], [0.2755646003071739, 0.2895867726557266, 0.15997680072430906, 0.2748718263127905], [0.30990529939608685, 0.22737480669252205, 0.19566355208406017, 0.2670563418273308], [0.29225901762013035, 0.2750947678191223, 0.24080062032153177, 0.19184559423921582], [0.23053700040767186, 0.3206636275515149, 0.16237985718499126, 0.28641951485582184], [0.2935122346351956, 0.35066889517017713, 0.12449973702252846, 0.23131913317209887], [0.3652497316812657, 0.33817258028401814, 0.10686929788861055, 0.18970839014610572], [0.2976269104418198, 0.2681442801548304, 0.13087738532552853, 0.30335142407782123], [0.19387254588545438, 0.4094262155271322, 0.14180506190800996, 0.25489617667940356], [0.16029274286129117, 0.29313599143287083, 0.1330932234549391, 0.41347804225089885], [0.30818082751164544, 0.30189880351675713, 0.15709847698528742, 0.23282189198630995], [0.4369522886279405, 0.22923608623935282, 0.13128766377258314, 0.20252396136012357], [0.41335625598396647, 0.27047996519714745, 0.10060458270279383, 0.21555919611609234]]}, "rewritten": {"ids": ["97106970", "97116401", "97116790", "98106111", "98107340", "98107380", "98109090", "98110680", "98111620", "98112300", "98112580", "98116500", "98120010", "99105921", "99107560", "99107640", "99108330", "99108710", "99109141", "99109860", "99110050", "99111340", "99112531", "99112641", "99117740", "100108260", "100109000", "100109330", "100109910", "100110260", "100120780", "101109370", "101111140", "101111990", "101114020", "102110500", "102110690", "102117351", "102118380", "102121700", "103110220", "103110840", "103111830", "103111930", "103113610", "103113640", "103117200", "103117461", "103120531", "103120730", "103120780", "104111380", "104111620", "104113000", "104113550", "104114320", "104116800", "104118070", "105111990", "105112240", "105113330", "105113480", "105115900", "105121190", "105121370", "106113260", "106115250", "106116120", "106119260", "106119580", "106119990", "106120290", "106121190", "107113170", "107113180", "107114950", "107116980", "107118120", "107118520", "107120130", "107121640", "107121700", "108113700", "108114200", "108116120", "108120280", "108120621", "108121410", "109113591", "109114220", "109116170", "109116750", "109116930", "109117730", "109119450", "109121640", "110115140", "110115980", "110116170", "110116300", "110116441", "110117500", "110118161", "110118301", "110120190", "110120560", "110121170", "111114941", "111116530", "111116750", "111117571", "111118910", "111119250", "111119290", "111120280", "111120531", "111120591", "111121190", "111121220", "111121351", "112116501", "112116640", "112116810", "112116900", "112117580", "112118890", "112120670", "112120700", "112120990", "112121360", "113117401", "113118511", "113118620", "113119120", "113119480", "113120531", "113121010", "113121190", "113122120", "113122170", "113122230", "113122430"], "labels": [2, 3, 2, 0, 0, 1, 1, 2, 3, 2, 2, 2, 2, 1, 1, 1, 1, 2, 3, 2, 3, 1, 3, 1, 2, 3, 1, 0, 2, 3, 1, 1, 2, 2, 3, 3, 0, 1, 1, 1, 2, 1, 3, 3, 2, 1, 0, 0, 3, 1, 1, 3, 0, 1, 1, 2, 1, 2, 2, 1, 3, 0, 3, 2, 2, 3, 2, 1, 1, 3, 0, 2, 2, 0, 3, 3, 3, 3, 2, 2, 1, 3, 0, 0, 1, 3, 1, 0, 3, 3, 0, 0, 0, 3, 3, 0, 0, 1, 0, 3, 3, 1, 0, 1, 3, 0, 2, 0, 3, 3, 3, 0, 1, 3, 0, 0, 1, 1, 3, 0, 3, 0, 3, 3, 0, 3, 2, 2, 2, 3, 3, 1, 3, 3, 3, 0, 2, 1, 1, 1, 1, 2], "predicted_labels": [3, 2, 3, 0, 0, 0, 0, 1, 2, 3, 3, 1, 3, 0, 3, 0, 1, 3, 3, 0, 1, 1, 0, 0, 1, 0, 2, 3, 2, 0, 3, 1, 3, 3, 0, 3, 0, 0, 3, 0, 1, 3, 0, 1, 3, 0, 0, 1, 1, 0, 0, 0, 0, 1, 3, 1, 1, 1, 1, 1, 3, 1, 1, 3, 0, 1, 2, 3, 0, 1, 3, 1, 1, 1, 0, 1, 0, 3, 1, 3, 0, 1, 0, 1, 3, 3, 1, 0, 0, 1, 1, 1, 3, 0, 1, 1, 2, 3, 3, 0, 1, 0, 0, 0, 1, 2, 3, 1, 1, 0, 1, 1, 1, 3, 3, 1, 3, 3, 3, 0, 3, 3, 0, 1, 3, 1, 3, 3, 1, 0, 1, 0, 1, 3, 3, 1, 1, 1, 0, 3, 1, 2], "confidence_scores": [[0.2628606125160032, 0.2838816040635616, 0.11440922142986003, 0.33884856199057506], [0.24377981314444133, 0.2501151034449347, 0.2866359400914526, 0.21946914331917156], [0.18017486890225065, 0.22038116035585675, 0.23924565072800238, 0.3601983200138902], [0.41854702845752767, 0.23833557506976294, 0.154960924120087, 0.1881564723526226], [0.3071971616741582, 0.20433776149400693, 0.24879063488345873, 0.23967444194837614], [0.45236856321839325, 0.17268501417282878, 0.13111604453996487, 0.24383037806881314], [0.5100443948466659, 0.17633029911943443, 0.12095612426402719, 0.1926691817698726], [0.214472005268729, 0.3237928089858908, 0.2548190931910104, 0.20691609255436974], [0.2613820368788955, 0.24863493198073255, 0.2701056149914256, 0.2198774161489464], [0.2464990147852395, 0.2797596703774206, 0.17225421273467117, 0.3014871021026689], [0.20501518955464385, 0.32737065412278843, 0.12607795813064993, 0.34153619819191794], [0.14367384475375866, 0.603104462800405, 0.13283342189558933, 0.12038827055024702], [0.30238646337943226, 0.26346293515762714, 0.10350978155662612, 0.33064081990631466], [0.4271072957886282, 0.33256878073206914, 0.09381523126488303, 0.1465086922144195], [0.2948752422132925, 0.2563247358693151, 0.14550130046970614, 0.3032987214476863], [0.30509723929254273, 0.17110412555508706, 0.2779659423224905, 0.2458326928298798], [0.15382026464181206, 0.44926575732767793, 0.21010507838254053, 0.18680889964796965], [0.234737019615505, 0.2696428691804221, 0.1790695942174423, 0.31655051698663067], [0.22866107603830335, 0.28652625026339457, 0.10954692964864483, 0.37526574404965707], [0.39367146186299445, 0.24951478736976376, 0.13636259508262416, 0.2204511556846177], [0.2852672503642798, 0.32579873848278984, 0.16185835419935593, 0.22707565695357437], [0.19386298082086897, 0.3878546305543278, 0.209581990493053, 0.20870039813175034], [0.3716547799886261, 0.287473745188727, 0.1507063938009798, 0.1901650810216672], [0.3653884695641852, 0.27303913282715975, 0.09752361126068046, 0.2640487863479744], [0.28103852708174787, 0.3295242597838209, 0.2473744741966852, 0.14206273893774615], [0.37719834873057717, 0.17726632132846118, 0.12677246353177382, 0.31876286640918783], [0.26304838548842463, 0.2427080300437306, 0.30140910218040534, 0.19283448228743955], [0.26815325637682164, 0.21727962482935814, 0.1428157032231532, 0.3717514155706671], [0.30066033842424117, 0.2540203548048999, 0.30491656969634034, 0.14040273707451859], [0.41528800200381394, 0.2047128670126908, 0.14818217078385823, 0.23181696019963707], [0.18723802550108531, 0.18442172662653608, 0.14142429095896047, 0.4869159569134184], [0.1913636685617054, 0.3976280668876479, 0.17884009430952233, 0.23216817024112438], [0.22324087417388924, 0.25948821692955254, 0.1574059821387421, 0.3598649267578161], [0.18155575728410756, 0.28387216218659767, 0.121850685109936, 0.41272139541935876], [0.3603846108290191, 0.20657539667059374, 0.19458257152527797, 0.23845742097510947], [0.20169600462624085, 0.2611408679470907, 0.23520937084403867, 0.30195375658262996], [0.45103839861131156, 0.22271889187769825, 0.1575895849179764, 0.16865312459301368], [0.4198076797123317, 0.20422511889686398, 0.12547626823885163, 0.2504909331519527], [0.21460537375264283, 0.3289459709612602, 0.08146620476058507, 0.3749824505255121], [0.4032784106905869, 0.2632312201342665, 0.14526588520827655, 0.18822448396686994], [0.18518469117597278, 0.45771602014776486, 0.1607796052262633, 0.19631968344999895], [0.29848040422540967, 0.18658731288606337, 0.1910825554367253, 0.32384972745180163], [0.3035105831718306, 0.26373870479450173, 0.13469835764349725, 0.2980523543901704], [0.28326658320425757, 0.3109262049585662, 0.13382454095725863, 0.27198267087991773], [0.27668053560988787, 0.2377897486057093, 0.16381092227128607, 0.32171879351311683], [0.537336705186129, 0.13417483790556953, 0.1533175636282555, 0.175170893280046], [0.5662594307099119, 0.22219543435345968, 0.07728521030764962, 0.13425992462897887], [0.20476527952318913, 0.4304586104224196, 0.13601266197983922, 0.22876344807455204], [0.2893752736147426, 0.40899006679166494, 0.12958404259032727, 0.1720506170032652], [0.36754475317311563, 0.3066801078517475, 0.15114990882832818, 0.17462523014680875], [0.34170013313098635, 0.24551910412064887, 0.15799717864899865, 0.2547835840993661], [0.45962818135269756, 0.22367026978973098, 0.1569817085233001, 0.15971984033427125], [0.32531276747733934, 0.2036133097588686, 0.2473023299877288, 0.22377159277606334], [0.27282221567537784, 0.3547106984685855, 0.08879201988597088, 0.2836750659700661], [0.1987784921603291, 0.30890508577617704, 0.15786709657814366, 0.33444932548535045], [0.22992638727619594, 0.42620267425015484, 0.08903228250974628, 0.2548386559639031], [0.19730174902310288, 0.3943790060469676, 0.19576765899169782, 0.2125515859382317], [0.21507954075434596, 0.4078173220008114, 0.12153056569299246, 0.2555725715518502], [0.17158468858755493, 0.33037410116144433, 0.2501407695253933, 0.24790044072560757], [0.13803857220334392, 0.44600684032909255, 0.11331818873022018, 0.3026363987373434], [0.22111914821864787, 0.2315110065164941, 0.21700172996807654, 0.33036811529678156], [0.11673758434578847, 0.6999212096689167, 0.05767169071627617, 0.12566951526901857], [0.15880172574645857, 0.4384632545169565, 0.12682988154861013, 0.2759051381879748], [0.14876537479090596, 0.2991875190878445, 0.10357110884470538, 0.44847599727654425], [0.36627561767648814, 0.18670672460513602, 0.11709661698677627, 0.32992104073159956], [0.3285057028935645, 0.4096961915771981, 0.09348856182066481, 0.16830954370857276], [0.2392484991781627, 0.2662447366650607, 0.2664859792106169, 0.22802078494615974], [0.2693960559679238, 0.21762501955561703, 0.19514465968027325, 0.3178342647961859], [0.2880760200370388, 0.2817091184021881, 0.23007159755588988, 0.20014326400488325], [0.23309300539339917, 0.42833972120430425, 0.14127917207797958, 0.19728810132431693], [0.22145117453705365, 0.1467045162002752, 0.12946779591329152, 0.5023765133493797], [0.2875261525678475, 0.3690294888785654, 0.16341208532096216, 0.18003227323262502], [0.1106381129293875, 0.4318627050176916, 0.1686887454689369, 0.288810436583984], [0.1218972155398913, 0.4936547931477766, 0.2687069131312425, 0.11574107818108977], [0.3275535857918489, 0.19233514149676204, 0.2573333426666624, 0.2227779300447267], [0.24885118212498883, 0.3304436880109225, 0.15966677699076118, 0.26103835287332755], [0.38697867568503547, 0.25748548149045586, 0.08541786125951602, 0.27011798156499267], [0.2092233131663925, 0.3097836842733832, 0.1163307398915242, 0.3646622626687001], [0.13942523639156462, 0.4377721882582607, 0.15309347141665136, 0.2697091039335234], [0.2606878353719893, 0.25332955849773753, 0.1823096316277549, 0.30367297450251823], [0.42266586813314544, 0.23196518480096218, 0.15779784042140352, 0.18757110664448884], [0.2577067245214862, 0.43504578303610114, 0.19361623488436072, 0.11363125755805212], [0.41939273566605195, 0.210718355074923, 0.15410991653942027, 0.21577899271960474], [0.2722316212539962, 0.40558766347775793, 0.14687982300941077, 0.17530089225883513], [0.2907476466855928, 0.22275413745635872, 0.08678460343776617, 0.39971361242028214], [0.3240049108617615, 0.181596064369893, 0.1559666496002034, 0.33843237516814223], [0.20061242834312784, 0.4699360323817789, 0.09969540818695542, 0.22975613108813786], [0.3587964289374198, 0.2749426858734148, 0.14474847129052354, 0.22151241389864196], [0.36111844651275765, 0.3434612476541395, 0.118303849108348, 0.17711645672475484], [0.3202812045253618, 0.3353213189993797, 0.15095228545369882, 0.19344519102155963], [0.31043175369772064, 0.3633269495368936, 0.1583761191484647, 0.1678651776169213], [0.27797095832930596, 0.47266693208595695, 0.11508831782968265, 0.13427379175505438], [0.2101649805849655, 0.13789507197325737, 0.18903784617931976, 0.46290210126245734], [0.4205754247011027, 0.3077542156602362, 0.14221569367335757, 0.12945466596530344], [0.17220484772407352, 0.35453073059791373, 0.29262131652409024, 0.18064310515392262], [0.20676891890357899, 0.41623605083738585, 0.12643994956566162, 0.2505550806933737], [0.18295488746700134, 0.142777464284078, 0.4021427720150169, 0.27212487623390375], [0.1701658419795435, 0.23756640220527442, 0.27046700789882866, 0.32180074791635355], [0.2033619298029423, 0.2974510516012475, 0.15635542360420923, 0.3428315949916011], [0.3772232868165274, 0.26555779720893385, 0.19224779738471598, 0.1649711185898229], [0.2726683071558263, 0.38168515211124227, 0.1883187688957633, 0.1573277718371682], [0.31871944123719576, 0.22459441440758535, 0.19080591190090643, 0.26588023245431247], [0.4651677198309287, 0.22682424317390523, 0.08210846333472888, 0.22589957366043723], [0.527762438610301, 0.15578022257613752, 0.13993182751237596, 0.1765255113011855], [0.28124852417862817, 0.37775560530400093, 0.09387070464350779, 0.2471251658738632], [0.22813703627582563, 0.23205847030847715, 0.2739562754919658, 0.2658482179237316], [0.20742627172534447, 0.26001760592059575, 0.1949645938165588, 0.3375915285375009], [0.13074024600575085, 0.3773163745343546, 0.11966720810984263, 0.3722761713500519], [0.1752054617315954, 0.6061201482703549, 0.07976333110269648, 0.13891105889535335], [0.47952868175370916, 0.1733070540851436, 0.12291040458113575, 0.22425385958001154], [0.15211061278896157, 0.615846698451052, 0.08613104227366294, 0.14591164648632335], [0.29202166382718503, 0.36351767939814267, 0.11794964706949473, 0.22651100970517757], [0.28187175354903615, 0.34986070980440465, 0.08218071254136658, 0.2860868241051925], [0.15217629989794446, 0.33311221547923775, 0.16837170086765724, 0.3463397837551605], [0.09692954377822814, 0.14545176159770262, 0.07110899232311915, 0.6865097023009501], [0.18445157077917923, 0.3895336657886302, 0.08426648040531606, 0.3417482830268746], [0.19702002953023748, 0.21796269223245826, 0.13481959922316158, 0.45019767901414265], [0.31592644829365635, 0.2299925617621115, 0.1374211271229948, 0.3166598628212372], [0.17943182767164928, 0.1254024919745672, 0.08809969679027463, 0.6070659835635089], [0.34817469527641826, 0.2435335925034638, 0.20221281980654562, 0.20607889241357233], [0.3467654215039106, 0.1528972628588887, 0.13176365338786736, 0.36857366224933347], [0.09768457518478539, 0.4097586035531106, 0.05188019950744574, 0.44067662175465844], [0.3273677749920038, 0.20557471270047561, 0.1668681571207876, 0.30018935518673295], [0.2306306634283738, 0.35999544034379116, 0.11260816220670279, 0.2967657340211324], [0.18977799499424547, 0.1845506688998712, 0.30203254037471106, 0.3236387957311723], [0.16876010328796737, 0.38089763881755656, 0.22937276445223453, 0.2209694934422416], [0.2609349335789784, 0.21715453191417497, 0.2183213855922223, 0.3035891489146244], [0.19987926117526586, 0.22830777672428365, 0.11066788424972557, 0.4611450778507247], [0.0653904020005966, 0.7500241989238388, 0.052445612099467444, 0.13213978697609743], [0.4398495879695709, 0.23196582167661114, 0.06639216822086302, 0.261792422132955], [0.12807344579428734, 0.5412930059736414, 0.1860200397964302, 0.14461350843564116], [0.36981630962468975, 0.21153575992538529, 0.13394073750158658, 0.28470719294833824], [0.20863934274967363, 0.37152102865347897, 0.22062811990080897, 0.19921150869603854], [0.14728829132490387, 0.2208211930221929, 0.12226397772037602, 0.5096265379325273], [0.3124842111480555, 0.18864654245197152, 0.11039421541027616, 0.3884750309896969], [0.2786247615436289, 0.35293766130112103, 0.09564721611739423, 0.27279036103785614], [0.17656578186237692, 0.4862689312504439, 0.115247749903002, 0.2219175369841772], [0.22532261552673302, 0.3116581863996549, 0.24857401957257963, 0.21444517850103256], [0.3187630637805617, 0.2789772346215872, 0.10439020405314332, 0.29786949754470776], [0.2160862371656855, 0.15570647389953393, 0.14497072047677279, 0.4832365684580078], [0.2484902608195898, 0.35325170828094143, 0.15843315219521673, 0.239824878704252], [0.1836785486047229, 0.26786464519167014, 0.3749548839560944, 0.17350192224751268]]}}