{"test": {"ids": ["113122230", "113119480", "111117120", "108115870", "109118161", "108118810", "109115211", "111114321", "112118701", "103113260", "101108500", "105110091", "101112201", "105119950", "97105451", "104114410", "106120640", "97106770", "105115380", "98109090", "105115250", "111119290", "111117480", "105119550", "112120540", "111119950", "101111310", "100109000", "113119950", "108120260", "110113931", "98116500", "110118630", "99108330", "111117571", "106116820", "103117461", "112116640", "112116540", "102121700", "110114651", "100111380", "105115570", "105116860", "106120290", "102113210", "102114270", "112117431", "112120700", "98108150", "101111210", "110118181", "106116120", "105112260", "105121370", "113120751", "111115400", "111116040", "99109780", "112118550", "107114200", "113121220", "107116340", "99109161", "110114610", "105116980", "97106820", "111114121", "101114990", "101108080", "112119120", "113122150", "112117461", "107114490", "111120531", "100108520", "113119450", "109121351", "103112470", "112116990", "110120560", "98106880", "110121170", "112116610", "108117610", "113119120", "109119010", "104116800", "102109910", "105115900", "109120621", "98107210", "103113270", "100111390", "97116500", "111116990", "99116500", "100112060", "113118421", "105118171", "105116441", "105113330", "97112170", "101108580", "102113350", "99113260", "112117780", "104113170", "108116070", "107118520", "104111380", "103117200", "100109890", "98120010", "104111620", "109114720", "100120780", "111115780", "99112531", "113121810", "97105760", "100108080", "111120540", "107112850", "98111670", "107120010", "108114670", "101108621", "113118111", "107119130", "112116401", "107114321", "113120531", "97116800", "110117500", "112118930", "111120220", "107116501", "110120540", "97116410", "112116900", "97112300"], "labels": [1, 3, 2, 3, 0, 1, 0, 1, 0, 3, 3, 0, 0, 3, 0, 1, 3, 3, 1, 1, 2, 3, 1, 1, 3, 0, 3, 1, 0, 1, 1, 2, 1, 1, 3, 1, 0, 0, 1, 1, 3, 3, 0, 2, 2, 3, 3, 0, 2, 0, 2, 1, 1, 3, 2, 1, 0, 0, 2, 3, 2, 3, 3, 3, 1, 0, 1, 0, 3, 0, 1, 2, 0, 3, 0, 2, 3, 0, 1, 0, 0, 0, 2, 1, 3, 3, 3, 1, 2, 3, 1, 1, 2, 2, 2, 0, 2, 2, 3, 3, 1, 3, 0, 0, 3, 0, 0, 3, 1, 2, 3, 0, 3, 2, 0, 0, 1, 1, 3, 2, 0, 0, 1, 1, 1, 1, 3, 0, 1, 1, 0, 0, 0, 0, 1, 1, 3, 1, 1, 3, 3, 2], "predicted_labels": [1, 0, 1, 3, 1, 3, 3, 1, 3, 1, 1, 1, 1, 1, 0, 3, 1, 0, 1, 2, 0, 3, 3, 0, 3, 3, 1, 3, 0, 1, 1, 3, 3, 3, 0, 0, 3, 0, 3, 1, 3, 0, 3, 1, 1, 3, 1, 3, 3, 1, 1, 0, 1, 1, 1, 3, 0, 0, 1, 3, 1, 3, 1, 0, 1, 0, 3, 1, 1, 1, 3, 3, 3, 1, 3, 3, 0, 1, 0, 0, 2, 2, 3, 0, 3, 3, 3, 0, 0, 3, 3, 2, 2, 1, 2, 0, 2, 1, 0, 1, 1, 3, 1, 0, 1, 2, 0, 1, 1, 1, 0, 0, 0, 1, 0, 2, 3, 0, 3, 1, 2, 1, 1, 1, 2, 3, 1, 3, 3, 1, 0, 1, 1, 0, 1, 3, 1, 0, 1, 3, 0, 1], "confidence_scores": [[0.24676627478042562, 0.33986039830509646, 0.23509684536835326, 0.17827648154612483], [0.797471853171179, 0.04133977521409444, 0.01748590136063933, 0.14370247025408733], [0.10143234586691872, 0.5398559580071356, 0.03205831742175023, 0.3266533787041955], [0.15106927284687816, 0.14259086985951838, 0.02711419006497943, 0.6792256672286241], [0.24385523161438144, 0.6515677623349904, 0.023842702769745292, 0.08073430328088267], [0.0391774652338024, 0.031111219482479042, 0.010681805058878488, 0.9190295102248401], [0.0346213708072661, 0.10072815857811171, 0.03723621417475135, 0.8274142564398708], [0.08109560137005743, 0.6693036056228293, 0.20001326957298915, 0.049587523434124044], [0.12542496730218278, 0.09470113503576437, 0.04223227267310352, 0.7376416249889491], [0.20965514120441467, 0.4639731867433361, 0.14654687759809235, 0.17982479445415675], [0.1865549877363789, 0.35028774677307545, 0.13562059631659723, 0.3275366691739486], [0.11617593918064596, 0.40541369688017026, 0.3907061706452247, 0.08770419329395922], [0.09790444947385088, 0.5316906322216303, 0.14261259262671763, 0.22779232567780103], [0.30202983100689323, 0.4877519772382019, 0.08187906544595884, 0.12833912630894634], [0.5675434758547278, 0.1682575930861505, 0.02642254756511968, 0.2377763834940022], [0.3496999785246935, 0.15385883227759392, 0.0506248426845808, 0.44581634651313184], [0.08689444793467534, 0.6800653322121488, 0.04920110292545405, 0.18383911692772217], [0.35654692083702555, 0.12505113720527739, 0.49961838383894985, 0.018783558118747146], [0.06401705847816544, 0.5040558628847303, 0.30824321269602667, 0.12368386594107753], [0.03406031988663679, 0.17663367354078058, 0.7071428891664732, 0.08216311740610911], [0.4207597834382912, 0.2620292063684595, 0.13021518459186343, 0.18699582560138578], [0.012251710168620065, 0.051829108052124734, 0.05354851055525931, 0.8823706712239958], [0.07959306584113864, 0.10860568214440161, 0.04767121033146056, 0.7641300416829995], [0.6355760165052311, 0.14443858894945896, 0.045607141298871966, 0.17437825324643796], [0.15331303193455753, 0.11535051690797744, 0.059514322464136446, 0.6718221286933285], [0.2560353108223121, 0.2171107062590412, 0.07261632647414637, 0.45423765644450087], [0.25282555986356475, 0.46013099398164703, 0.12527541098255024, 0.1617680351722384], [0.14274201202908543, 0.104932160418377, 0.31207821199885527, 0.4402476155536822], [0.4778168222030297, 0.22443496430470405, 0.008069086398669082, 0.28967912709359733], [0.24602097856072058, 0.6334190410840407, 0.045984891734788244, 0.07457508862045048], [0.09805757489841471, 0.7628869233572244, 0.010179719330181004, 0.12887578241417982], [0.1552528835980932, 0.10098428427722557, 0.05056716914343616, 0.6931956629812454], [0.03665562454589433, 0.21353533687175735, 0.32719942393863594, 0.42260961464371244], [0.07979351076386883, 0.1566455770999007, 0.1512464680704866, 0.6123144440657441], [0.6578846891291341, 0.1566561338628914, 0.033792883669266756, 0.1516662933387079], [0.3752596478119474, 0.24464076398137496, 0.05979015864043204, 0.32030942956624575], [0.133002198789135, 0.1307445077592495, 0.13311333369810424, 0.6031399597535113], [0.371835258036086, 0.26335560027353044, 0.05670714452144143, 0.308101997168942], [0.07491530589103607, 0.36081290852907494, 0.02180808218468753, 0.5424637033952012], [0.2764936251044154, 0.5716227340929046, 0.0810130608444336, 0.07087057995824633], [0.2575893387360496, 0.19911954078482122, 0.0179078382403573, 0.525383282238772], [0.6057175910265628, 0.3302584033873934, 0.0068660861063384055, 0.057157919479705534], [0.14296067961382514, 0.22941179836473352, 0.3011519551329843, 0.32647556688845725], [0.24216177946267567, 0.6201225375283068, 0.040501819470529894, 0.09721386353848777], [0.07337815636126316, 0.5747341216945702, 0.308990638004455, 0.04289708393971178], [0.1975250631339851, 0.21099551947981657, 0.0740507998871001, 0.5174286174990982], [0.10845377231041775, 0.6740519539835854, 0.039489913558441496, 0.17800436014755552], [0.26950355784646407, 0.1870229384016021, 0.06087596225956483, 0.4825975414923688], [0.03830370337154671, 0.15296501661338044, 0.15617800446177613, 0.6525532755532971], [0.11537093212101412, 0.7238930460052558, 0.04770137914741352, 0.1130346427263167], [0.09641428798082873, 0.31192409683397526, 0.19912937448532964, 0.39253224069986636], [0.39502797707866016, 0.3674154133093559, 0.04580628793925855, 0.19175032167272515], [0.10271595575805761, 0.43289252611017076, 0.1183495623081419, 0.34604195582362995], [0.2615605281126544, 0.5074458847403596, 0.04160486442257689, 0.18938872272440932], [0.03770458986029088, 0.4032474112397488, 0.20838017148125065, 0.3506678274187094], [0.09966057195901958, 0.07906859962382473, 0.12999367691927247, 0.6912771514978833], [0.6552594737890227, 0.19326179527677886, 0.13270932129069968, 0.018769409643498762], [0.5833324741204582, 0.06890217254244356, 0.09566625770849752, 0.2520990956286004], [0.11867470728920353, 0.5973545427090445, 0.23746803134816266, 0.046502718653589264], [0.13396381214972633, 0.17886676756002626, 0.017762239769244893, 0.6694071805210025], [0.277397930081795, 0.5280983939997095, 0.009255884065527251, 0.1852477918529682], [0.05528674269761862, 0.052292396247916546, 0.03690859528597889, 0.8555122657684859], [0.19628054786862698, 0.4687621941447126, 0.07938807400639586, 0.2555691839802645], [0.7246713107398199, 0.19404240622244115, 0.06677764543541478, 0.014508637602324346], [0.12932055290215633, 0.4425949375022229, 0.39181458080396075, 0.03626992879166007], [0.41459331047821335, 0.21686641539524237, 0.031870945409237086, 0.3366693287173074], [0.2591356282504015, 0.02163083756931795, 0.12140910778432679, 0.597824426395954], [0.10849036352284182, 0.7724131042875777, 0.027654916203039812, 0.09144161598654066], [0.033902484916957444, 0.7732185859511963, 0.10774436267929893, 0.0851345664525473], [0.29110480592940147, 0.4134128188419248, 0.05527947126137695, 0.24020290396729688], [0.12174947125170502, 0.02372489216409506, 0.4388552730985447, 0.41567036348565517], [0.0763406482315572, 0.10253825062821602, 0.1935986656785979, 0.6275224354616289], [0.30438506798079473, 0.051591345240890214, 0.012435886476511143, 0.6315877003018038], [0.052885204492328294, 0.4627689784282598, 0.039144451207666395, 0.44520136587174525], [0.10149551979950133, 0.33587057210536236, 0.08073103703525417, 0.4819028710598819], [0.3270085821789946, 0.21815783273528958, 0.08161145319155741, 0.37322213189415837], [0.8519379470358255, 0.023803621504851304, 0.02291818236951443, 0.10134024908980871], [0.19141448058755742, 0.34668646771413814, 0.06225842673575385, 0.39964062496255054], [0.3258356951959335, 0.2736824609058006, 0.2618279688891829, 0.138653875009083], [0.4986178158043748, 0.006830137792219946, 0.05178038642918194, 0.4427716599742231], [0.16613824535689142, 0.056597062828479275, 0.624980712536835, 0.15228397927779405], [0.04129137555304704, 0.03467712371890819, 0.6608846333167469, 0.2631468674112982], [0.16957144010470143, 0.050301247178185446, 0.16587865812613775, 0.614248654590975], [0.587382241628623, 0.10885929854873737, 0.21689499344665641, 0.08686346637598305], [0.13656539057786105, 0.054594583799088506, 0.0038402697567965537, 0.8049997558662537], [0.05362595973461254, 0.02251471251815891, 0.10346529444900539, 0.8203940332982232], [0.06648809872714796, 0.23117930054871072, 0.3078521952161803, 0.3944804055079611], [0.32337627199470903, 0.15064411317305942, 0.20384047784679526, 0.3221391369854361], [0.4441862151522849, 0.11568489865106851, 0.215959308444041, 0.2241695777526056], [0.027591259414504216, 0.06790153124327573, 0.2957291461862611, 0.6087780631559592], [0.2875934312890497, 0.22972801397093653, 0.07094912204021912, 0.4117294326997944], [0.016736055904506317, 0.05966633970348196, 0.8052936530631826, 0.11830395132882938], [0.07958762002233125, 0.07312408973711479, 0.6139742651987927, 0.23331402504176102], [0.20089791308012808, 0.3830482744335436, 0.11574865101473412, 0.30030516147159453], [0.08870803231662437, 0.21232410074685615, 0.5994137837679583, 0.09955408316856143], [0.5178143993449765, 0.12444684179404798, 0.0738752917826817, 0.283863467078294], [0.002961970830801049, 0.3038736144412319, 0.6446454319990642, 0.04851898272890287], [0.29609945097028134, 0.30938120030317146, 0.26043306596060306, 0.1340862827659438], [0.6176881899350812, 0.05080882623508291, 0.015943327592099835, 0.3155596562377361], [0.09222864233459731, 0.4489383300141287, 0.025328650433411315, 0.43350437721786256], [0.04099329632525748, 0.7076812882953453, 0.13061350880762682, 0.12071190657177051], [0.36353314036323026, 0.005794775095494176, 0.0342168394208255, 0.5964552451204501], [0.1319636637728706, 0.32044675545193796, 0.1685606219960249, 0.37902895877916676], [0.6473547321239943, 0.014518104282118173, 0.2191378524935283, 0.11898931110035921], [0.12817099325657122, 0.29845506386044324, 0.15472243868890254, 0.41865150419408315], [0.1485307871304867, 0.264808243652121, 0.5073852912442053, 0.07927567797318698], [0.6159615405296993, 0.1965772118819919, 0.06197667498771286, 0.12548457260059614], [0.03122568851895679, 0.6362886052982368, 0.1695233317938938, 0.16296237438891237], [0.17591625625081161, 0.3306324337819679, 0.413397833663063, 0.08005347630415761], [0.10735090498312516, 0.6885095552606333, 0.10883170235443224, 0.09530783740180923], [0.40614574527082753, 0.18247493154061994, 0.33773321473256357, 0.07364610845598864], [0.569378270311355, 0.14818754388910457, 0.04693357567800387, 0.23550061012153664], [0.3992498731942002, 0.1957287932329938, 0.3688342968884558, 0.036187036684350506], [0.1609976567502922, 0.1917978848393446, 0.4005487978588734, 0.24665566055148988], [0.5737045460671613, 0.07362530665004105, 0.042828095386205925, 0.30984205189659175], [0.02576574902326722, 0.12353058952984469, 0.7251908912067012, 0.1255127702401872], [0.04489959959452317, 0.04546792398871315, 0.1176033837139813, 0.7920290927027828], [0.46239446939546797, 0.4207916485566531, 0.031153494589062244, 0.08566038745881693], [0.22278794936251334, 0.1532757639665496, 0.1357477854797197, 0.48818850119121754], [0.02068508669145489, 0.3842184145754617, 0.5818503555928218, 0.01324614314026128], [0.012588609260543279, 0.015240246578940301, 0.7275519513163365, 0.24461919284418018], [0.03357561673373778, 0.8083367007951073, 0.01983176731277499, 0.13825591515837957], [0.2461234946901094, 0.4129756238280002, 0.2810681570667858, 0.05983272441510463], [0.08102064761818523, 0.5606828815723837, 0.07481461122049268, 0.2834818595889385], [0.1296406146107088, 0.061133707663243275, 0.49602438324205833, 0.3132012944839896], [0.06559643728305388, 0.2091269612370069, 0.2677230770244045, 0.45755352445553465], [0.19261320034164736, 0.48460032765037414, 0.09738728969875254, 0.22539918230922604], [0.07651745896135856, 0.15091036764411156, 0.06088092547122263, 0.7116912479233071], [0.04938426030543638, 0.0449108930051462, 0.024942304899630112, 0.8807625417897874], [0.1427341064660569, 0.6445900840479117, 0.027748663147879014, 0.18492714633815271], [0.797507370500223, 0.032201021240554274, 0.01716798039005324, 0.1531236278691694], [0.08325306741791091, 0.44594466139081707, 0.04331268112094085, 0.42748959007033105], [0.10965733758220088, 0.5234054359477082, 0.10166593208146342, 0.2652712943886272], [0.4638358478613844, 0.2670791367833803, 0.1376428228789097, 0.13144219247632552], [0.22112335812111003, 0.6823988130863673, 0.04015627525647055, 0.0563215535360522], [0.3448858260925209, 0.10156868014370775, 0.027582462139208234, 0.5259630316245634], [0.23789912750159134, 0.6481573816093364, 0.005929155083800251, 0.10801433580527223], [0.42584848749410675, 0.2262139356725507, 0.08478882481713514, 0.2631487520162076], [0.09699225679883042, 0.7341919162248479, 0.09000988530161631, 0.0788059416747056], [0.04599403097130458, 0.17987077283202044, 0.39107113351291817, 0.3830640626837567], [0.541349830421602, 0.2046763584578947, 0.03156581916521905, 0.22240799195528382], [0.36122113883479207, 0.39555759782946104, 0.16435103204527746, 0.07887023129046912]]}, "rewritten": {"ids": ["97105451", "97105760", "97106770", "97106820", "97112170", "97112300", "97116410", "97116500", "97116800", "98106880", "98107210", "98108150", "98109090", "98111670", "98116500", "98120010", "99108330", "99109161", "99109780", "99112531", "99113260", "99116500", "100108080", "100108520", "100109000", "100109890", "100111380", "100111390", "100112060", "100120780", "101108080", "101108500", "101108580", "101108621", "101111210", "101111310", "101112201", "101114990", "102109910", "102113210", "102113350", "102114270", "102121700", "103112470", "103113260", "103113270", "103117200", "103117461", "104111380", "104111620", "104113170", "104114410", "104116800", "105110091", "105112260", "105113330", "105115250", "105115380", "105115570", "105115900", "105116441", "105116860", "105116980", "105118171", "105119550", "105119950", "105121370", "106116120", "106116820", "106120290", "106120640", "107112850", "107114200", "107114321", "107114490", "107116340", "107116501", "107118520", "107119130", "107120010", "108114670", "108115870", "108116070", "108117610", "108118810", "108120260", "109114720", "109115211", "109118161", "109119010", "109120621", "109121351", "110113931", "110114610", "110114651", "110117500", "110118181", "110118630", "110120540", "110120560", "110121170", "111114121", "111114321", "111115400", "111115780", "111116040", "111116990", "111117120", "111117480", "111117571", "111119290", "111119950", "111120220", "111120531", "111120540", "112116401", "112116540", "112116610", "112116640", "112116900", "112116990", "112117431", "112117461", "112117780", "112118550", "112118701", "112118930", "112119120", "112120540", "112120700", "113118111", "113118421", "113119120", "113119450", "113119480", "113119950", "113120531", "113120751", "113121220", "113121810", "113122150", "113122230"], "labels": [0, 0, 3, 1, 0, 2, 3, 2, 0, 0, 1, 0, 1, 1, 2, 2, 1, 3, 2, 3, 0, 2, 0, 2, 1, 3, 3, 2, 2, 1, 0, 3, 0, 0, 2, 3, 0, 3, 2, 3, 3, 3, 1, 1, 3, 2, 0, 0, 3, 0, 3, 1, 1, 0, 3, 3, 2, 1, 0, 3, 1, 2, 0, 3, 1, 3, 2, 1, 1, 2, 3, 1, 2, 0, 3, 3, 1, 2, 1, 1, 3, 3, 1, 3, 1, 1, 0, 0, 0, 3, 1, 0, 1, 1, 3, 1, 1, 1, 1, 0, 2, 0, 1, 0, 1, 0, 0, 2, 1, 3, 3, 0, 3, 0, 1, 0, 1, 1, 0, 3, 0, 0, 0, 0, 3, 0, 1, 1, 3, 2, 1, 3, 3, 3, 3, 0, 0, 1, 3, 2, 2, 1], "predicted_labels": [0, 3, 0, 3, 1, 1, 3, 2, 0, 2, 2, 1, 2, 2, 3, 1, 3, 0, 1, 0, 1, 2, 1, 3, 3, 0, 0, 3, 1, 3, 1, 1, 0, 3, 1, 1, 1, 1, 0, 1, 1, 1, 1, 0, 1, 3, 3, 1, 0, 0, 1, 3, 0, 1, 1, 3, 0, 1, 1, 2, 1, 1, 0, 3, 0, 0, 1, 1, 0, 1, 1, 1, 1, 1, 1, 3, 0, 1, 1, 1, 1, 3, 1, 3, 3, 1, 2, 3, 1, 3, 3, 1, 1, 1, 3, 1, 0, 3, 1, 2, 3, 1, 1, 0, 0, 0, 0, 1, 3, 0, 3, 3, 1, 1, 1, 0, 3, 0, 3, 0, 0, 0, 3, 0, 1, 3, 3, 3, 3, 3, 3, 0, 3, 0, 0, 0, 3, 3, 3, 1, 3, 0], "confidence_scores": [[0.5963397748707709, 0.17119389960601497, 0.02429114100148847, 0.2081751845217257], [0.04843269949617523, 0.0229323749142744, 0.2900721895322074, 0.6385627360573428], [0.4732995844517854, 0.11632708025035436, 0.3915781106098166, 0.0187952246880436], [0.35636756873127984, 0.025213078820831823, 0.0768105257873509, 0.5416088266605378], [0.1912334447402647, 0.2746867484783316, 0.16745244249882196, 0.36662736428258164], [0.33724172032384503, 0.4126583431578613, 0.1831353383883301, 0.06696459812996368], [0.05406844716041453, 0.17112204086233845, 0.3212037610266586, 0.45360575095058875], [0.12307469382170584, 0.3153523463959905, 0.5071323292644045, 0.054440630517899144], [0.41670303127242303, 0.3318855024730001, 0.15308658983918036, 0.09832487641539663], [0.04146191067878705, 0.14612766984954778, 0.5332871271007079, 0.27912329237095734], [0.03250379118291988, 0.0437113913809116, 0.8157477387481102, 0.1080370786880579], [0.11056701272678285, 0.6838316312383798, 0.06816395070273434, 0.13743740533210316], [0.04146661969601963, 0.17819524262181766, 0.675924880014529, 0.10441325766763403], [0.06669621158489068, 0.05096010267714501, 0.6087251190804921, 0.2736185666574723], [0.19801343019591888, 0.18994700237307924, 0.0564567152171771, 0.555582852213825], [0.24142403711808808, 0.2815739702815357, 0.26973480308220243, 0.20726718951817366], [0.0704900382089518, 0.14500401122495044, 0.2514836053155447, 0.5330223452505533], [0.6262428277068397, 0.25711955804603986, 0.10196017718704496, 0.01467743706007552], [0.046732149017476826, 0.5844384559099889, 0.3177618427248709, 0.051067552347663484], [0.35843787290373963, 0.1335354221778332, 0.1480956427816799, 0.3599310621367476], [0.1621748720817968, 0.3026709740183265, 0.46376063054527855, 0.07139352335459814], [0.0025207138926326153, 0.31998089710202804, 0.6106145711381267, 0.06688381786721302], [0.050872294293104206, 0.7974242968090891, 0.01167645030354418, 0.14002695859426245], [0.33118652560385753, 0.1274334047252917, 0.06462857905059022, 0.4767514906202605], [0.2046235683017942, 0.2440275169325762, 0.17647493708436895, 0.37487397768126096], [0.36902978111916374, 0.1528014622044566, 0.4209988543852243, 0.057169902291155504], [0.5707609914732469, 0.3475663549861985, 0.005840655749489479, 0.07583199779106535], [0.14238033815557102, 0.26037989612461926, 0.11273194354710067, 0.48450782217270905], [0.34224941076865206, 0.33643486164216174, 0.22614820148317805, 0.09516752610600836], [0.028829800969874066, 0.030510585243909347, 0.08855001426555245, 0.8521095995206638], [0.3485009090045117, 0.37795557338961955, 0.06375182161633125, 0.2097916959895375], [0.230771840569666, 0.429080175231722, 0.13197827174057294, 0.20816971245803917], [0.6815769928609152, 0.012642046851619786, 0.1922674965267905, 0.11351346376067417], [0.04794486122543619, 0.13524113286480097, 0.05988469074174044, 0.7569293151680228], [0.10512686259328116, 0.4612574091583314, 0.13365734584632621, 0.2999583824020612], [0.2734331378153381, 0.48698402282075187, 0.14979013535053826, 0.08979270401337174], [0.09087010107544423, 0.47154845756934693, 0.07409146420576497, 0.3634899771494439], [0.018469264193032953, 0.8433366461110282, 0.05690420197322163, 0.08128988772271716], [0.5696729873827668, 0.11538539936126455, 0.14363093625823836, 0.17131067699773023], [0.10787282353379986, 0.36455376468615225, 0.07209609636995182, 0.4554773154100956], [0.17704850690617424, 0.29531383280110823, 0.1591732220299752, 0.3684644382627423], [0.10341266598254341, 0.682653013573943, 0.038024452993163906, 0.1759098674503502], [0.21769271852595612, 0.5540501427325435, 0.09955059144483688, 0.12870654729666367], [0.44740995968465835, 0.25068015170500935, 0.17252654034721973, 0.12938334826311257], [0.32729486813199477, 0.373730740664758, 0.14206754754659795, 0.1569068436566491], [0.06284347286035294, 0.09043621710646374, 0.4457922774542629, 0.40092803257892035], [0.32856012405245516, 0.15072755736228194, 0.027763110686311685, 0.49294920789895147], [0.05371573993687368, 0.3349718024563505, 0.14816864847680283, 0.4631438091299732], [0.38088841810727747, 0.20835769355512015, 0.3716356656153011, 0.039118222722301275], [0.48630311908118834, 0.1002292515362977, 0.04288023100063902, 0.37058739838187466], [0.042408170425390294, 0.5680825329644708, 0.1793756870728918, 0.2101336095372474], [0.28186426426206823, 0.14323833505467176, 0.07080679987440273, 0.5040906008088571], [0.27604981300132364, 0.14495628289806203, 0.28450247388346855, 0.29449143021714586], [0.10582092018907943, 0.40465273939950636, 0.42756366293710985, 0.06196267747430466], [0.12555648702865455, 0.5195289133504662, 0.04652458073627155, 0.3083900188846076], [0.30240575303005107, 0.006207411960080078, 0.02433730649684852, 0.6670495285130202], [0.4182739020196506, 0.28253564481946764, 0.16078978415274592, 0.13840066900813588], [0.06626550910580886, 0.33826698071974703, 0.4801610159180913, 0.11530649425635284], [0.09568573879112753, 0.27600549716843165, 0.40960091821965117, 0.2187078458207895], [0.0855577221790477, 0.21236498636159012, 0.6084848048381442, 0.09359248662121818], [0.3217700645392827, 0.4360597486596708, 0.10695766258518333, 0.13521252421586333], [0.28485446202176967, 0.5079893870574022, 0.04204264338497553, 0.16511350753585283], [0.4947981754446408, 0.19143273453753207, 0.018030261277613792, 0.29573882874021334], [0.11894853045783033, 0.1939875089301105, 0.035862228193038984, 0.65120173241902], [0.4712958774557412, 0.27091239042430637, 0.10081323508035847, 0.15697849703959352], [0.4025124925261236, 0.3473720865589252, 0.0779529555968413, 0.17216246531810966], [0.03375542491734464, 0.4075784013865767, 0.3035505136783696, 0.25511566001770913], [0.104134047570892, 0.32709916369755637, 0.11351630277294855, 0.4552504859586031], [0.363404285844088, 0.32162256161735964, 0.05737969345393961, 0.2575934590846125], [0.0820302324747104, 0.5406684061795962, 0.33920909523518805, 0.03809226611050538], [0.2254665429798949, 0.5229428260536819, 0.05571403524710456, 0.19587659571931884], [0.06625510955042262, 0.5916954552239864, 0.07784742886832434, 0.26420200635726676], [0.22061689705028958, 0.519277269326497, 0.00850818735504555, 0.2515976462681679], [0.09268200161010967, 0.4419211973315731, 0.03949112256600629, 0.42590567849231087], [0.06057832401039725, 0.39125337181797604, 0.034505428800467676, 0.5136628753711588], [0.17417625890188515, 0.2506893398385848, 0.15773245200598351, 0.41740194925354673], [0.5173976044964331, 0.12009148773462791, 0.09649989238458076, 0.2660110153843582], [0.16478242940242857, 0.6334491838702936, 0.10755283257151825, 0.09421555415575943], [0.20422166582283946, 0.41055120108722293, 0.02327616728272726, 0.36195096580721026], [0.07847173562123451, 0.3179906906138905, 0.39748881972973127, 0.20604875403514386], [0.18451191132621045, 0.4884532945132315, 0.12514641773768734, 0.2018883764228704], [0.14317204435439657, 0.1302715463377769, 0.02551244120271629, 0.7010439681051105], [0.1448801771778796, 0.3840420087088244, 0.3782750457168132, 0.09280276839648284], [0.09237251691753313, 0.04926352588964563, 0.0060125901118701875, 0.8523513670809508], [0.05196394541856362, 0.03105692854224308, 0.013482033293104831, 0.9034970927460887], [0.08877876319800168, 0.7369244508609852, 0.05215193408450486, 0.12214485185650785], [0.02439715610820868, 0.1377298272560035, 0.6573137485799367, 0.18055926805585099], [0.059344461452249024, 0.08816868972003565, 0.053273083365942005, 0.7992137654617736], [0.3324872368890649, 0.4601188580461086, 0.033495387217837964, 0.17389851784698881], [0.05785455207702704, 0.19562271324054228, 0.3350780848144106, 0.4114446498680204], [0.3135642582027089, 0.10889055512674799, 0.025585361562674616, 0.5519598251078682], [0.2964387991057355, 0.3801367395887331, 0.0789893549754678, 0.24443510633006363], [0.08132725130774161, 0.8341002181575224, 0.007254633889821493, 0.07731789664491431], [0.1714579178581208, 0.3234113917537793, 0.46140499240510363, 0.043725697982996324], [0.2907275655612659, 0.19916447512004037, 0.022788299659066587, 0.4873196596596272], [0.23971687798153882, 0.6242665667297265, 0.06624307866610853, 0.06977347662262637], [0.4705157162267357, 0.28435868115145346, 0.03198218683016047, 0.2131434157916502], [0.03594235079444272, 0.2222299490798204, 0.23735222185824428, 0.5044754782674926], [0.12751611406138308, 0.408886058737558, 0.30519537482831094, 0.15840245237274783], [0.09081202869849075, 0.05822251400616305, 0.5745135698950063, 0.27645188740033977], [0.3120748409827261, 0.054553051956708794, 0.13042293556000267, 0.5029491715005626], [0.10497862385065235, 0.7858859412105913, 0.016811507836428766, 0.0923239271023276], [0.16622584148822023, 0.563590297753163, 0.24411383844939796, 0.02607002230921868], [0.5027131623157813, 0.2985134727781757, 0.17580876872643678, 0.022964596179606084], [0.456529295094713, 0.4075818997063223, 0.03431010893273683, 0.10157869626622834], [0.5074488128233935, 0.07468068575382013, 0.15091915300999775, 0.2669513484127887], [0.47614200301166615, 0.1503679394578988, 0.056601657495271136, 0.3168884000351639], [0.11759465522829543, 0.4717365162699777, 0.037443696494877846, 0.37322513200684887], [0.25702379383131785, 0.1089371959130215, 0.03527608507987056, 0.5987629251757901], [0.5924213729292507, 0.22178277361391804, 0.05226386894088003, 0.1335319845159513], [0.016320352287456617, 0.04588767141057497, 0.05944259254541066, 0.8783493837565576], [0.1915793936600619, 0.14901859515453023, 0.07070115605083793, 0.5887008551345699], [0.18679555921851487, 0.64933305944359, 0.006658538361838779, 0.1572128429760565], [0.10196808375898958, 0.39465540684887, 0.08357186339535885, 0.4198046459967815], [0.28595455304029466, 0.356814879892891, 0.2776632925528715, 0.07956727451394231], [0.6877546941243372, 0.02637015192192561, 0.015507679758672975, 0.2703674741950643], [0.02977796561015746, 0.12549978010468293, 0.04955848258092813, 0.795163771704231], [0.5658530672454876, 0.09721248585408632, 0.23190066541878487, 0.1050337814816415], [0.37290820955360077, 0.20062135812859, 0.05647478932877648, 0.3699956429890326], [0.4287070130158135, 0.35555734585350174, 0.04667515257921559, 0.16906048855146885], [0.5181801885014978, 0.019279563049071115, 0.09728503925114554, 0.36525520919828547], [0.47177597672307037, 0.12300730084538389, 0.07027234464163146, 0.3349443777899142], [0.4156980115624098, 0.06092085229726163, 0.013925418211855466, 0.5094557179284732], [0.64362496077828, 0.19348324342310047, 0.06384777240142304, 0.09904402339719644], [0.30334487855817593, 0.29934235700685063, 0.04157017310749117, 0.355742591327482], [0.1689707686467882, 0.12424242289147988, 0.05676691746352871, 0.650019890998203], [0.4237502460991182, 0.08583643666675789, 0.03992495466471468, 0.4504883625694092], [0.12441154407714575, 0.032854399961609174, 0.3959633484871793, 0.4467707074740659], [0.21180774615413642, 0.14744968508224832, 0.09055000200763091, 0.5501925667559846], [0.04464061263867456, 0.11258366881612765, 0.21067653901139666, 0.6320991795338009], [0.1487240197076378, 0.10889011125295348, 0.039024391257782454, 0.7033614777816263], [0.6700930460793957, 0.09084836754916244, 0.009532885134222917, 0.22952570123721908], [0.0229799990462898, 0.020352071217412844, 0.08054286144779567, 0.876125068288502], [0.7991340281792778, 0.04200740265114151, 0.03531250959719089, 0.1235460595723898], [0.783272443256882, 0.06847039837814105, 0.01808307568470921, 0.13017408268026778], [0.43358025675376327, 0.298217727952101, 0.008141871683898277, 0.26006014361023777], [0.077862874816233, 0.20842637437168463, 0.011633267238502018, 0.7020774835735806], [0.11774189087901786, 0.09059250291335333, 0.10799860010383011, 0.6836670061037987], [0.07970937196043108, 0.0583173684880517, 0.046196974448940574, 0.8157762851025764], [0.0334779426205581, 0.4530225164472179, 0.5038289404238778, 0.009670600508345931], [0.07666390532852892, 0.08579412111147555, 0.2576794614096721, 0.5798625121503238], [0.34653853523100214, 0.3371024527386869, 0.19270975820232422, 0.12364925382798679]]}}