{"test": {"ids": ["105119950", "101109370", "100111620", "113121980", "105113620", "100115700", "103111110", "106114150", "101108500", "101108080", "111119580", "110118450", "107114621", "106117650", "105117200", "99109311", "108118301", "113121410", "97106600", "112119980", "107120880", "109113281", "108114270", "98110680", "101108370", "99107950", "112118581", "103120290", "109115070", "113121010", "107119390", "106118820", "109115220", "99107300", "113119340", "113120751", "103118291", "108116070", "105113170", "108113620", "110115710", "112118421", "112119610", "106115250", "103110050", "110116300", "102112170", "104111711", "113121750", "112120700", "107114140", "104113000", "108114360", "100111080", "111120220", "108120280", "110116170", "109113591", "99109780", "109116930", "113121190", "103109021", "97112170", "112119120", "99108010", "105113260", "107114780", "98110710", "99108520", "107113550", "97110950", "104114410", "108117451", "98107380", "98109311", "112118620", "111117000", "103111170", "111121220", "110113931", "105119550", "113120780", "108117610", "97106000", "111114171", "106113830", "111116530", "111117120", "105115720", "110118301", "100109330", "103120780", "108119510", "109113881", "105116860", "105113190", "109117431", "113119480", "107121230", "106116640", "100109311", "112118550", "102118380", "106116120", "97109080", "110114651", "98109090", "101112540", "107114110", "97112290", "103120730", "112121351", "110118630", "102109010", "99112840", "111117480", "109113931", "101108460", "98108150", "111116010", "104114740", "107113170", "102113981", "112120270", "102114270", "97107920", "113120260", "111116990", "111121930", "106118161", "108118060", "105110251", "113122510", "108118520", "103113101", "100108080", "106116820", "99114890", "97116790", "107113130", "101114990", "113118231"], "labels": [3, 1, 3, 2, 0, 1, 3, 1, 3, 0, 3, 0, 0, 1, 3, 1, 1, 0, 3, 0, 1, 0, 3, 2, 1, 1, 1, 2, 0, 2, 2, 3, 3, 3, 0, 1, 0, 1, 0, 3, 2, 3, 0, 2, 3, 3, 3, 1, 0, 2, 2, 1, 1, 0, 3, 3, 0, 3, 2, 0, 1, 0, 0, 1, 2, 3, 2, 2, 2, 0, 3, 1, 2, 1, 1, 3, 0, 2, 3, 1, 1, 0, 3, 0, 3, 1, 3, 2, 1, 1, 0, 1, 1, 0, 2, 3, 1, 3, 0, 3, 1, 3, 1, 1, 2, 3, 1, 2, 1, 1, 1, 0, 1, 1, 2, 1, 1, 0, 0, 1, 2, 0, 1, 0, 3, 0, 3, 0, 1, 3, 1, 0, 2, 0, 3, 0, 1, 2, 2, 1, 3, 3], "predicted_labels": [0, 2, 3, 1, 1, 3, 3, 0, 3, 3, 0, 1, 0, 1, 3, 1, 1, 3, 3, 1, 3, 3, 1, 0, 3, 1, 1, 1, 1, 1, 3, 1, 3, 3, 0, 3, 0, 1, 3, 3, 3, 3, 1, 1, 1, 1, 3, 3, 1, 1, 3, 3, 3, 1, 1, 3, 1, 3, 2, 0, 3, 0, 3, 3, 1, 3, 1, 2, 2, 3, 0, 3, 3, 0, 1, 1, 3, 0, 1, 3, 1, 1, 3, 2, 3, 0, 1, 1, 1, 0, 0, 3, 3, 0, 1, 0, 0, 3, 3, 3, 0, 3, 1, 0, 3, 3, 3, 1, 0, 1, 1, 3, 1, 1, 2, 1, 3, 3, 2, 1, 3, 3, 3, 3, 1, 0, 1, 3, 2, 0, 3, 0, 1, 0, 3, 3, 3, 1, 1, 1, 1, 1], "confidence_scores": [[0.359866886914825, 0.19372387992192017, 0.20071457700705692, 0.24569465615619804], [0.15345925616215966, 0.2439169590437221, 0.4630532847880003, 0.13957050000611765], [0.17188841983425945, 0.18874601417514594, 0.4107298095059067, 0.22863575648468776], [0.3195191081620679, 0.34925514957610704, 0.018692387126018242, 0.31253335513580677], [0.16348604898450717, 0.32566261013077324, 0.28230679293353217, 0.22854454795118773], [0.2171411512030616, 0.25873348585505707, 0.1993478501158365, 0.3247775128260446], [0.2681225069667726, 0.2533190037848341, 0.13847885569769539, 0.3400796335506981], [0.3222586069464632, 0.2475546935815117, 0.12055994346448613, 0.3096267560075392], [0.10358116642183794, 0.22397815995361858, 0.4730355833637339, 0.1994050902608098], [0.2613395646618532, 0.26811184087829504, 0.19775131467188023, 0.27279727978797175], [0.35632882048534326, 0.28099487061576767, 0.05496775326436803, 0.30770855563452104], [0.14327410449091488, 0.3648924084785338, 0.26240189631239597, 0.22943159071815533], [0.40411586414613404, 0.200618157540794, 0.015926950633498783, 0.3793390276795734], [0.19940616629138094, 0.278729907664865, 0.36089699328258956, 0.1609669327611651], [0.2424570708814785, 0.30471571195551406, 0.1279138852306159, 0.3249133319323918], [0.21014627744817171, 0.27244354680502236, 0.29621310183773625, 0.22119707390906948], [0.23288407803840716, 0.3376735543715181, 0.0930586698292443, 0.33638369776083066], [0.28442779096586773, 0.313365570652926, 0.054737788804856795, 0.34746884957634955], [0.2955581615296186, 0.25642801502872903, 0.12032571126003323, 0.32768811218161925], [0.2301602784268842, 0.3823075456344133, 0.08041224538710438, 0.30711993055159803], [0.15366398815601395, 0.3435678968946761, 0.15800709652120107, 0.34476101842810875], [0.2742484897974745, 0.2627511503097818, 0.17739276239061008, 0.2856075975021335], [0.2915192579098786, 0.32775144169358444, 0.06382459954383753, 0.3169047008526993], [0.22029589082717724, 0.22400443671334727, 0.4109417470658103, 0.14475792539366486], [0.35259368136872343, 0.25454903676581153, 0.026294401282555297, 0.36656288058290964], [0.13422727043620986, 0.3855375620580035, 0.27553055291088224, 0.2047046145949048], [0.13112217535052284, 0.3565907489879377, 0.25654359854392583, 0.25574347711761375], [0.10810908219193176, 0.28302699994188374, 0.397680365807289, 0.21118355205889572], [0.28372602658533935, 0.3422540511908826, 0.08722598693138398, 0.2867939352923941], [0.13101436031020042, 0.42441782214101703, 0.15734752537567093, 0.2872202921731117], [0.1473604178277935, 0.32600258411832783, 0.1853671622187966, 0.34126983583508214], [0.16582106196097973, 0.3701765219811713, 0.15909122460584904, 0.304911191452], [0.2487969420434796, 0.2513349847842663, 0.18644123369744678, 0.3134268394748075], [0.3454214791023705, 0.2418320000569127, 0.051628913378670226, 0.3611176074620466], [0.34348461262499824, 0.26087339054187964, 0.07274334347310422, 0.32289865336001833], [0.293013383026427, 0.2744298138576256, 0.1076951823987303, 0.3248616207172172], [0.3631545798069249, 0.20120836000384756, 0.12971792402867494, 0.30591913616055244], [0.22178587044541528, 0.2800056140632291, 0.2185241299872097, 0.2796843855041459], [0.16703090783746036, 0.2884483830909108, 0.23877443189357855, 0.3057462771780502], [0.28918903063041457, 0.33085051437875385, 0.03523790145852486, 0.34472255353230663], [0.23853083896305194, 0.2993352485319902, 0.14571655086112587, 0.31641736164383205], [0.2513039523043641, 0.3332018488044705, 0.06371161573802978, 0.3517825831531356], [0.09313907777091238, 0.3750267195788448, 0.23265889029594625, 0.2991753123542965], [0.23021651664180676, 0.289371141574776, 0.20479754813937087, 0.2756147936440464], [0.25668099598187927, 0.31173357202416513, 0.13076789251103801, 0.30081753948291756], [0.2558078127777434, 0.3137608346511341, 0.11419531683356333, 0.31623603573755943], [0.296245967242309, 0.17399058846964344, 0.22356023756507187, 0.30620320672297513], [0.2483308982190147, 0.30634977389114953, 0.11415241905639514, 0.3311669088334405], [0.28615196701904155, 0.36419671405562715, 0.044909058853016826, 0.30474226007231425], [0.2475203006363677, 0.34927121399401795, 0.06864129012279803, 0.3345671952468164], [0.1212450827698572, 0.28881354497598083, 0.30236854960830595, 0.28757282264585604], [0.27290508296368776, 0.27491874216186374, 0.10955296096934466, 0.34262321390510375], [0.1650392874312984, 0.25814909881491266, 0.3571947723662147, 0.2196168413875742], [0.21156710603295403, 0.2748159624838652, 0.3198372405339258, 0.19377969094925512], [0.2496487481927633, 0.28955496634339045, 0.19852639143504885, 0.2622698940287971], [0.3539109176225903, 0.18108178915697418, 0.09449922549439692, 0.3705080677260387], [0.3128535031522239, 0.3082260273728813, 0.07187653155642286, 0.30704393791847223], [0.2802224885804581, 0.324032073370817, 0.04417654839437877, 0.3515688896543463], [0.16009861933135802, 0.21865288876970942, 0.43874838360455093, 0.1825001082943812], [0.3837435599296393, 0.23807730426526427, 0.02483034585027042, 0.3533487899548264], [0.2568113431938395, 0.30167532417612364, 0.1039067473965686, 0.3376065852334679], [0.27306983442001104, 0.2391816614277609, 0.21699397892084746, 0.2707545252313805], [0.29564513479728366, 0.24539459957575085, 0.12147643982528376, 0.3374838258016817], [0.21289523369127897, 0.2755070321605904, 0.16481645451020696, 0.34678127963792377], [0.21428530145600308, 0.34033158737591007, 0.23384067519492774, 0.21154243597315903], [0.292147283620048, 0.24617015797105649, 0.13851560289517303, 0.3231669555137225], [0.1460539853342396, 0.3778665637433926, 0.1878056475283784, 0.2882738033939894], [0.051849691689693535, 0.19516005878027717, 0.6472414259805657, 0.10574882354946366], [0.1195258585433689, 0.20483583635926286, 0.5364806507601013, 0.13915765433726693], [0.27225553763767263, 0.23351685291626892, 0.16325021793164834, 0.33097739151441025], [0.4369928786383658, 0.1365449924356935, 0.162944953488876, 0.2635171754370643], [0.18769635084275602, 0.2632217903558845, 0.31452551141375873, 0.23455634738760103], [0.3185633563659891, 0.27091928662955933, 0.049364766602266276, 0.36115259040218545], [0.328489738919955, 0.1368443517131507, 0.33156593007282065, 0.20309997929407356], [0.28036502613839315, 0.2900270984756716, 0.17773364832233543, 0.25187422706359985], [0.2663184704493396, 0.3358690798884172, 0.08684224419216913, 0.310970205470074], [0.23289231047596257, 0.3108657994271182, 0.14050939647247798, 0.31573249362444156], [0.39727207424057936, 0.2257779490423028, 0.05586648615870182, 0.3210834905584157], [0.22462360731485928, 0.35548571341219914, 0.11486171599562409, 0.3050289632773178], [0.22557118215094107, 0.2460657196743134, 0.24331792765486362, 0.2850451705198822], [0.2094976217387054, 0.338887491996588, 0.20099948122825956, 0.2506154050364468], [0.24072087079511284, 0.3214085304488924, 0.12498530079717982, 0.3128852979588149], [0.18536031384289098, 0.33428534980392255, 0.13147713181528828, 0.3488772045378981], [0.11656438499970588, 0.18855156458952138, 0.505471368476556, 0.18941268193421668], [0.2901791087558905, 0.2607729930505523, 0.12467937827173149, 0.3243685199218254], [0.35779779465609374, 0.2973984983117275, 0.04793684561522547, 0.29686686141695356], [0.22681905610356054, 0.3250965834950321, 0.13564559217739744, 0.3124387682240102], [0.253369777440773, 0.31781520352505677, 0.18023998991087617, 0.24857502912329418], [0.16659758929770693, 0.3505268086770522, 0.22625218073119516, 0.25662342129404586], [0.34182487524794736, 0.24362008475693095, 0.07120378438508433, 0.3433512556100375], [0.33874632401826643, 0.27433461203508386, 0.10011567143597969, 0.2868033925106697], [0.2785202406493745, 0.2532132645357927, 0.1794969597274649, 0.28876953508736836], [0.2368056061967268, 0.2982032060550604, 0.10257146941191819, 0.36241971833629444], [0.37720798465910055, 0.23616188883735248, 0.13927033441459727, 0.24735979208895], [0.25183771943486555, 0.29226677079474445, 0.2108925481268713, 0.24500296164351898], [0.36224768273699054, 0.22351290532699475, 0.06919716977624625, 0.34504224215976853], [0.3385244640409912, 0.27635940517295027, 0.047162473812198485, 0.33795365697386026], [0.3100524593138108, 0.2570617035572595, 0.10123874539148738, 0.3316470917374422], [0.16536825212986758, 0.25541505336624937, 0.29104608174112223, 0.288170612762761], [0.288573632786393, 0.26410953627688233, 0.11211126458453263, 0.3352055663521918], [0.3953887579397589, 0.2448343282132187, 0.04503272121727902, 0.3147441926297434], [0.2920043604587824, 0.2818582742831509, 0.10521006161810505, 0.3209273036399617], [0.15730565910537, 0.29810436047912786, 0.2848491728743955, 0.2597408075411064], [0.2812509067475168, 0.2712032990242577, 0.17932550236644643, 0.2682202918617792], [0.13015086839290427, 0.2569776777849156, 0.37770336590235437, 0.23516808791982557], [0.2880251498123554, 0.2542126476886853, 0.09344778655757965, 0.36431441594137975], [0.2958187270728976, 0.24088261784527618, 0.12183356927964306, 0.3414650858021832], [0.20332359000760802, 0.3252362699707931, 0.16150424670130667, 0.3099358933202923], [0.3874119000091487, 0.23848735721955627, 0.04794209980374788, 0.32615864296754715], [0.1398702166545735, 0.25970785525119716, 0.40856457318791484, 0.19185735490631445], [0.10548299061840757, 0.29535976949149484, 0.3895763001235821, 0.2095809397665153], [0.1977132725954828, 0.2762295339840686, 0.2545715180879524, 0.27148567533249623], [0.11100199421495316, 0.3250845624213046, 0.2954718232277842, 0.2684416201359584], [0.14446260731886415, 0.24508445194993383, 0.43853818204449335, 0.17191475868670922], [0.10304316519874474, 0.2251024952562044, 0.5199313547038039, 0.1519229848412468], [0.2281536907629947, 0.33699296719022953, 0.1510403090874668, 0.2838130329593089], [0.1615841676675643, 0.2866867321515304, 0.2618052141036857, 0.2899238860772193], [0.21298614186664397, 0.1968912195664886, 0.3021165029028193, 0.2880061356640483], [0.10513055009071687, 0.25300542085213634, 0.4724558849768365, 0.16940814408031], [0.14304249052733947, 0.35262420004489703, 0.29232496424300997, 0.21200834518475323], [0.2210594515518322, 0.26768300102705167, 0.2115506575045242, 0.2997068899165921], [0.348884669154081, 0.21715831142564523, 0.08461366766659432, 0.34934335175367953], [0.2785530899204353, 0.26506752170636866, 0.15571043208839214, 0.3006689562848038], [0.31402214788425176, 0.2954557356528585, 0.057988129923271944, 0.33253398653961785], [0.13788998168452313, 0.3040074380840703, 0.3204045072928536, 0.23769807293855305], [0.436811976591976, 0.1518542678063403, 0.06038484355709752, 0.35094891204458584], [0.25360573974299516, 0.28052687139118604, 0.20924397277473966, 0.256623416091079], [0.3384948203654269, 0.2351439527234877, 0.08674938099058843, 0.33961184592049737], [0.14697927094315053, 0.19805379492953007, 0.4834703767354967, 0.1714965573918227], [0.35743908489936654, 0.24752524963950154, 0.11436819103830546, 0.2806674744228266], [0.29543607009174117, 0.28560707754204684, 0.09141093334448085, 0.3275459190217313], [0.3614490436155443, 0.2586387364750763, 0.07266159071724733, 0.3072506291921319], [0.09046777913495022, 0.31734173867447013, 0.3063209405081153, 0.28586954168246426], [0.3981418245685482, 0.25983540427202584, 0.07903807853085963, 0.26298469262856644], [0.2587753188981075, 0.23615140761927825, 0.24422239266630838, 0.2608508808163059], [0.09753944390103453, 0.2732554306550011, 0.40432453307993377, 0.22488059236403038], [0.2609198688403077, 0.2612506133031405, 0.21236305129831523, 0.2654664665582365], [0.1287922685007001, 0.34001175930907246, 0.22621188609897963, 0.3049840860912479], [0.1774465639134317, 0.24615579163809426, 0.38670427480712904, 0.1896933696413448], [0.15477025683922602, 0.29033525260349063, 0.3140068530208138, 0.24088763753646988], [0.1401227813855168, 0.33940875848524565, 0.31963789630406453, 0.20083056382517317], [0.1956786440188271, 0.3453362993233985, 0.14289011449567735, 0.3160949421620972]]}, "rewritten": {"ids": ["97106000", "97106600", "97107920", "97109080", "97110950", "97112170", "97112290", "97116790", "98107380", "98108150", "98109090", "98109311", "98110680", "98110710", "99107300", "99107950", "99108010", "99108520", "99109311", "99109780", "99112840", "99114890", "100108080", "100109311", "100109330", "100111080", "100111620", "100115700", "101108080", "101108370", "101108460", "101108500", "101109370", "101112540", "101114990", "102109010", "102112170", "102113981", "102114270", "102118380", "103109021", "103110050", "103111110", "103111170", "103113101", "103118291", "103120290", "103120730", "103120780", "104111711", "104113000", "104114410", "104114740", "105110251", "105113170", "105113190", "105113260", "105113620", "105115720", "105116860", "105117200", "105119550", "105119950", "106113830", "106114150", "106115250", "106116120", "106116640", "106116820", "106117650", "106118161", "106118820", "107113130", "107113170", "107113550", "107114110", "107114140", "107114621", "107114780", "107119390", "107120880", "107121230", "108113620", "108114270", "108114360", "108116070", "108117451", "108117610", "108118060", "108118301", "108118520", "108119510", "108120280", "109113281", "109113591", "109113881", "109113931", "109115070", "109115220", "109116930", "109117431", "110113931", "110114651", "110115710", "110116170", "110116300", "110118301", "110118450", "110118630", "111114171", "111116010", "111116530", "111116990", "111117000", "111117120", "111117480", "111119580", "111120220", "111121220", "111121930", "112118421", "112118550", "112118581", "112118620", "112119120", "112119610", "112119980", "112120270", "112120700", "112121351", "113118231", "113119340", "113119480", "113120260", "113120751", "113120780", "113121010", "113121190", "113121410", "113121750", "113121980", "113122510"], "labels": [0, 3, 0, 2, 3, 0, 1, 2, 1, 0, 1, 1, 2, 2, 3, 1, 2, 2, 1, 2, 2, 2, 0, 1, 0, 0, 3, 1, 0, 1, 0, 3, 1, 2, 3, 1, 3, 1, 3, 1, 0, 3, 3, 2, 3, 0, 2, 1, 1, 1, 1, 1, 2, 0, 0, 3, 3, 0, 1, 2, 3, 1, 3, 1, 1, 2, 1, 3, 1, 1, 3, 3, 1, 0, 0, 1, 2, 0, 2, 2, 1, 0, 3, 3, 1, 1, 2, 3, 1, 1, 0, 1, 3, 0, 3, 0, 1, 0, 3, 0, 1, 1, 3, 2, 0, 3, 1, 0, 1, 3, 1, 3, 0, 0, 2, 1, 3, 3, 3, 1, 3, 3, 1, 3, 1, 0, 0, 0, 2, 0, 3, 0, 3, 3, 1, 0, 2, 1, 0, 0, 2, 2], "predicted_labels": [2, 3, 0, 1, 0, 3, 2, 2, 0, 2, 3, 0, 0, 2, 0, 1, 0, 2, 3, 2, 1, 2, 3, 0, 0, 1, 3, 3, 1, 3, 3, 2, 1, 3, 1, 0, 3, 3, 1, 3, 3, 1, 3, 0, 0, 3, 1, 1, 2, 3, 3, 3, 3, 0, 1, 3, 3, 1, 1, 1, 1, 1, 0, 0, 1, 1, 0, 3, 0, 1, 0, 1, 2, 0, 0, 0, 0, 3, 1, 1, 3, 3, 1, 1, 1, 3, 1, 1, 3, 3, 0, 3, 3, 3, 3, 0, 3, 1, 3, 0, 3, 3, 3, 1, 0, 3, 0, 1, 1, 3, 1, 3, 0, 3, 1, 1, 0, 0, 1, 0, 3, 1, 3, 1, 3, 1, 1, 3, 1, 1, 1, 0, 0, 0, 3, 1, 1, 1, 1, 1, 1, 2], "confidence_scores": [[0.15370060144287012, 0.20519761983544432, 0.45793803613721973, 0.18316374258446586], [0.28410142031970936, 0.25453111545356794, 0.13191331680065296, 0.32945414742606977], [0.4420583879083859, 0.1436179859378219, 0.06442218089827335, 0.34990144525551903], [0.12249066905628163, 0.24958034865574028, 0.4346199365935472, 0.19330904569443078], [0.4408721896904952, 0.16006437910608629, 0.09381434323146788, 0.30524908797195055], [0.2026198189844936, 0.25826638822038894, 0.264136574582756, 0.2749772182123612], [0.11727538442472032, 0.21762361453409, 0.5213465630026793, 0.14375443803851037], [0.16808047994019124, 0.21375947245513377, 0.4431811190140168, 0.1749789285906584], [0.30140954851125196, 0.14384368929142582, 0.41207265461911924, 0.14267410757820326], [0.11774115555533843, 0.24637444536770256, 0.45051709785951083, 0.18536730121744793], [0.303704903498849, 0.24695950759500265, 0.11883243226060615, 0.33050315664554225], [0.2916025715822224, 0.24257948068176707, 0.2296845094882704, 0.23613343824773997], [0.3079616835839372, 0.2563550244863292, 0.24485470050249233, 0.1908285914272412], [0.06158681177729558, 0.1967678736069816, 0.6266577661128984, 0.11498754850282433], [0.3645582929034138, 0.2326342794601266, 0.08194916276770564, 0.3208582648687538], [0.12551250709769923, 0.34712941577699924, 0.33987732476198756, 0.18748075236331355], [0.278015274319863, 0.27571511113753855, 0.2646099654541983, 0.18165964908840057], [0.11103908463056146, 0.17231857344372165, 0.5678984386558594, 0.1487439032698569], [0.1776311670550851, 0.25393483829971797, 0.36825417258548243, 0.2001798220597144], [0.12218126937698635, 0.2481413211465413, 0.49549089646242805, 0.13418651301404452], [0.12112353885819097, 0.26245744402625987, 0.44477988845487054, 0.17163912866067882], [0.09966999182039636, 0.24097339695793618, 0.48234869610037384, 0.1770079151212935], [0.09921864266287897, 0.2702005488520017, 0.4098744483416416, 0.2207063601434774], [0.3579637701552325, 0.20953117928379905, 0.09779277666666365, 0.33471227389430463], [0.32741916811249505, 0.2623810980166452, 0.16349639220782444, 0.24670334166303537], [0.16069108588773878, 0.25457323411511396, 0.39209209464908434, 0.19264358534806272], [0.1771003628304323, 0.19280197680051517, 0.3860922176428324, 0.24400544272621974], [0.3147771138141702, 0.2010584858643263, 0.15335636649448642, 0.3308080338270169], [0.2209015688311517, 0.2825483556323047, 0.26728942263310296, 0.22926065290344053], [0.32698352484139603, 0.27431174900428706, 0.05678416287631526, 0.34192056327800174], [0.2087051337629866, 0.1808313360646954, 0.3575944134742488, 0.2528691166980693], [0.10239506096199942, 0.18452080007975424, 0.5836437713972812, 0.12944036756096503], [0.17839674266250638, 0.2392950803843547, 0.4169507388081816, 0.16535743814495701], [0.21803998911800665, 0.29331336347131226, 0.18629538277741914, 0.3023512646332618], [0.11734636184151442, 0.2867458876398451, 0.43242644082825316, 0.16348130969038727], [0.22693437337795785, 0.25163622226148086, 0.312985372467486, 0.2084440318930751], [0.32653352253655304, 0.1486339497671921, 0.19583752931954548, 0.32899499837670904], [0.2553347192183254, 0.2426911659716877, 0.2315040743516429, 0.27047004045834394], [0.15909583300740207, 0.27179144827615576, 0.4070330456655887, 0.16207967305085338], [0.19021680936692004, 0.2532223075441263, 0.28868613453679587, 0.2678747485521577], [0.24114369172594416, 0.2420628960850167, 0.2268882382244936, 0.2899051739645455], [0.21095827613877538, 0.32472531313679026, 0.1981999960275283, 0.2661164146969059], [0.2774812017336884, 0.2415344137505435, 0.1851019095522602, 0.29588247496350795], [0.38657896645913625, 0.2515268158423785, 0.05039971080139029, 0.3114945068970951], [0.2889137749273845, 0.25636774928488276, 0.19424039365541762, 0.26047808213231505], [0.23768204393269488, 0.23975807266278965, 0.2692647266108052, 0.2532951567937102], [0.13947735858997967, 0.2659834030524313, 0.4107929736252732, 0.1837462647323157], [0.10580083282271317, 0.2736753608416933, 0.41839713076325635, 0.20212667557233738], [0.12406912923271388, 0.22782991439976466, 0.48511209166648434, 0.16298886470103766], [0.2797234807374863, 0.26720625554387856, 0.17231193872908926, 0.28075832498954606], [0.2729060789616182, 0.27135816109561295, 0.14528273572194955, 0.3104530242208194], [0.24110413601203867, 0.21481430373316984, 0.3343289594343455, 0.20975260082044603], [0.21269134706095774, 0.25008519869569856, 0.29969345321175184, 0.237530001031592], [0.42474702960429045, 0.22240529002411513, 0.0725938527881719, 0.28025382758342254], [0.15145824032056293, 0.27994483117644664, 0.31240286931307965, 0.2561940591899108], [0.35554685182154255, 0.1996788755198614, 0.09271168545969538, 0.3520625871989007], [0.21372548309213657, 0.2304863765025664, 0.34523139862322355, 0.21055674178207415], [0.16824136383106963, 0.30731035021368547, 0.3358654649120379, 0.18858282104320678], [0.1888693457997707, 0.2988187858095684, 0.3005305149986294, 0.21178135339203152], [0.2550666033879578, 0.31086546190425013, 0.19624368775902387, 0.23782424694876841], [0.2409837938147734, 0.30900286794677384, 0.13922186500267417, 0.3107914732357788], [0.2089007781516511, 0.35352942638263324, 0.17033523064790482, 0.2672345648178105], [0.37846451240021334, 0.1795678714760222, 0.16461148821414162, 0.27735612790962266], [0.36081605396083005, 0.23070676651999797, 0.13523655155187694, 0.27324062796729465], [0.14848736934132525, 0.249471114280484, 0.42775940569609866, 0.17428211068209204], [0.2884466150523832, 0.31094071550403, 0.12630537239794842, 0.2743072970456384], [0.2909244937257249, 0.2413129616589545, 0.26171466890382594, 0.20604787571149455], [0.3098584404051868, 0.24811519544816518, 0.12047653718236251, 0.3215498269642856], [0.2825024850935522, 0.1963711041007546, 0.3212981168631424, 0.19982829394255103], [0.23978817126026064, 0.27855364022506485, 0.29550860045427546, 0.18614958806039927], [0.36036264848370125, 0.25324714268031395, 0.10601763167487437, 0.28037257716111036], [0.11225187170004496, 0.32894992134474027, 0.3541530022267618, 0.20464520472845293], [0.11142148108197421, 0.21912733672919496, 0.5106001767588282, 0.1588510054300023], [0.3454805321040571, 0.21209439631864505, 0.15006135483876737, 0.29236371673853045], [0.351399116400554, 0.19736757839013466, 0.15278620908562104, 0.29844709612369064], [0.3549007001970345, 0.24358614236301404, 0.12479877139467797, 0.27671438604527354], [0.34767837625609305, 0.32208807558499813, 0.045148589868484634, 0.2850849582904245], [0.3624365882540734, 0.21100365263303936, 0.05957984494819549, 0.3669799141646919], [0.10460147870559684, 0.30165999916845054, 0.4154602899930252, 0.17827823213292732], [0.10434807833934567, 0.28054830694909866, 0.43340225974737334, 0.18170135496418233], [0.1317255635299454, 0.30938621621088414, 0.2762303337447155, 0.282657886514455], [0.19112951419136862, 0.21544823554383755, 0.349796605772263, 0.24362564449253046], [0.2783286702250557, 0.3280397086252908, 0.06752359689472583, 0.3261080242549275], [0.3110270328164452, 0.32646814169793076, 0.07644724776291141, 0.28605757772271256], [0.22065864945107144, 0.25520601879501964, 0.328393053708477, 0.19574227804543282], [0.2679247373434036, 0.26605891670114623, 0.17505233388610456, 0.2909640120693457], [0.19216903734071514, 0.27690426701342236, 0.28508296517404846, 0.24584373047181418], [0.21770746001892533, 0.32066750807751637, 0.20231008025570643, 0.25931495164785195], [0.29416104369069906, 0.25931120687824766, 0.12367183147601941, 0.32285591795503393], [0.2767597615771531, 0.28685824954413425, 0.07387585511189342, 0.3625061337668192], [0.35803153810328997, 0.2506613173778748, 0.10069809433271568, 0.2906090501861196], [0.19465568211569861, 0.2724915060312092, 0.18305402708175914, 0.34979878477133286], [0.3588780563880185, 0.18377166047201843, 0.09175209409479657, 0.36559818904516667], [0.18123430223561526, 0.23437310742166345, 0.32018470188953063, 0.2642078884531902], [0.28947365810275116, 0.325355263265404, 0.038791231555557956, 0.34637984707628683], [0.3958119199583619, 0.20516439129292754, 0.11384394141037145, 0.28517974733833906], [0.14940706670752865, 0.25270853438255386, 0.3540622997162588, 0.2438220991936584], [0.2853351917009197, 0.309467594930268, 0.13257827275011072, 0.2726189406187018], [0.240025239875931, 0.24243320774712884, 0.2441805949220129, 0.2733609574549272], [0.40320148705312453, 0.2273725231521888, 0.030473642293317175, 0.33895234750136943], [0.22257606225412793, 0.22718914515758887, 0.2852324595925468, 0.2650023329957364], [0.254865531853416, 0.24725486250298337, 0.2307213736927677, 0.2671582319508329], [0.291058629599249, 0.24947054739904148, 0.10071574934656728, 0.35875507365514203], [0.19741908348099582, 0.26334889114349, 0.2996497720326405, 0.23958225334287378], [0.3173033694802721, 0.30242330333393574, 0.0701486467599894, 0.31012468042580266], [0.27143411807459794, 0.29753697068935026, 0.09753402853830831, 0.33349488269774336], [0.3489513662726737, 0.23171503916612626, 0.09798336820478044, 0.3213502263564198], [0.15485315064808597, 0.3398156212683781, 0.298457801917003, 0.2068734261665332], [0.2346470310100713, 0.2868641128029489, 0.2216872065894309, 0.25680164959754914], [0.21535012838088496, 0.2558166997566924, 0.279191688612576, 0.24964148324984653], [0.12085820584539063, 0.29428227472135315, 0.4523601236318706, 0.13249939580138578], [0.2310357636794779, 0.2900990786408241, 0.18055157450253512, 0.29831358317716306], [0.3159014428767159, 0.18089225874327475, 0.2129219761492467, 0.2902843222307624], [0.14686291289285616, 0.24855011519326892, 0.38873825476326623, 0.2158487171506084], [0.1831886811321731, 0.27530189592479853, 0.3280453988972362, 0.21346402404579187], [0.1309690141143151, 0.27710604941273675, 0.37145000436184017, 0.22047493211110794], [0.3684329441428106, 0.24926936482578635, 0.0857799727744023, 0.29651771825700085], [0.28599370005511776, 0.2544206303518718, 0.27236040695790686, 0.18722526263510325], [0.2788747947828075, 0.29474980114307325, 0.13359906780431088, 0.29277633626980837], [0.24068087581500122, 0.22075907657608698, 0.3331651001567979, 0.20539494745211384], [0.21810114076983753, 0.29019496151101637, 0.18036320597741554, 0.3113406917417305], [0.22286975024200817, 0.2676505131737714, 0.2555775936067876, 0.25390214297743263], [0.1942182578802172, 0.24333701873117777, 0.34382598089019, 0.21861874249841504], [0.24804038538682563, 0.2853198579138181, 0.20181361085601818, 0.2648261458433379], [0.17192839344235972, 0.24632459713025182, 0.27984854710599427, 0.3018984623213943], [0.07511734118088242, 0.32054076870580783, 0.45798766980870265, 0.14635422030460718], [0.2025715102403423, 0.35421399930705044, 0.22637026877980146, 0.2168442216728059], [0.29201082193220873, 0.2711981599005916, 0.11619957958701914, 0.3205914385801805], [0.2289215175379611, 0.3189802261282792, 0.15553380949096268, 0.296564446842797], [0.19936622516975316, 0.2672375692079842, 0.2970751594964779, 0.2363210461257847], [0.19839396312089053, 0.2588672811750806, 0.32965087703874657, 0.21308787866528242], [0.36220158668493563, 0.22389283579951563, 0.12839406913701004, 0.2855115083785386], [0.33219564942026075, 0.22040574238458605, 0.14831144092585843, 0.2990871672692947], [0.23860410596271614, 0.24010240911194403, 0.3359610601109109, 0.18533242481442885], [0.2782053239330053, 0.2431902595428425, 0.17770181159460427, 0.3009026049295482], [0.18060469749826402, 0.3255886173340268, 0.227363990890554, 0.2664426942771553], [0.1016103130666783, 0.4126764809466096, 0.24789529123095003, 0.2378179147557621], [0.2737704730837021, 0.27534296187149315, 0.18396526304769503, 0.26692130199711006], [0.2844205212287311, 0.3080302810606601, 0.09619948195496125, 0.3113497157556477], [0.26837420159546393, 0.3670945207861912, 0.07611261502403038, 0.2884186625943142], [0.3176271417241376, 0.3426020293982159, 0.020433978567768494, 0.3193368503098782], [0.06796665126415748, 0.2348658328943713, 0.5589279726818277, 0.13823954315964368]]}}