{"test": {"ids": ["109117110", "111116990", "112118860", "112121360", "106111321", "106115250", "111119300", "106114280", "97116401", "109119340", "110115140", "108120260", "104117200", "111114941", "107114950", "108113480", "100109000", "98113881", "109117271", "103110760", "113121750", "110115580", "104113000", "107113550", "112118880", "109116750", "110120640", "106114011", "105115720", "113122180", "110113591", "108120060", "112117210", "100109311", "110116441", "108117610", "111115400", "107120130", "107115140", "98116090", "106118520", "105113440", "111120260", "99121440", "111118820", "109113881", "102110050", "113120640", "100109890", "110118111", "112121410", "107115250", "101110200", "108113700", "102109840", "113119700", "109115070", "111115770", "98110230", "113122650", "109114220", "101108290", "112117461", "106118820", "101117580", "102113981", "101108121", "110118301", "101108460", "97114170", "111121220", "98112170", "106113190", "102107961", "112120270", "101111310", "105116441", "97105580", "111120280", "112118890", "104111620", "107118780", "100110050", "102114270", "113118511", "109116441", "99109780", "103109791", "100110260", "113120260", "113118490", "105112130", "99109161", "101109370", "108119510", "111121351", "98109230", "106116820", "101111210", "108118301", "111114121", "108120621", "111119250", "101108621", "106113260", "111118301", "108120280", "110118740", "113121680", "97108520", "105110091", "108120700", "103109021", "106114880", "112116401", "105113170", "112120990", "100109330", "97116410", "112118530", "99108000", "104116800", "104111830", "105117200", "97111790", "113118620", "97109570", "101108370", "106117770", "110121170", "100117420", "113117630", "99108520", "99114890", "110116290", "113119320", "107114621", "101114990", "100108520", "108116501", "112117580", "104114320"], "labels": [1, 0, 3, 3, 0, 2, 1, 3, 3, 3, 0, 1, 3, 0, 3, 0, 1, 3, 0, 1, 0, 1, 1, 0, 1, 0, 0, 1, 1, 2, 0, 1, 1, 1, 3, 3, 0, 2, 0, 0, 2, 0, 3, 2, 0, 0, 3, 0, 3, 1, 0, 2, 2, 0, 2, 0, 0, 3, 3, 2, 3, 0, 0, 3, 3, 1, 0, 1, 0, 2, 3, 3, 0, 3, 0, 3, 1, 1, 0, 3, 0, 1, 3, 3, 1, 3, 2, 3, 3, 3, 1, 1, 3, 1, 1, 0, 1, 1, 2, 1, 0, 1, 1, 0, 3, 3, 3, 3, 1, 2, 0, 2, 0, 0, 0, 0, 2, 0, 3, 1, 2, 1, 3, 3, 2, 3, 0, 1, 0, 2, 2, 0, 2, 2, 2, 1, 0, 3, 2, 0, 0, 2], "predicted_labels": [3, 3, 1, 3, 1, 2, 3, 3, 2, 0, 3, 1, 3, 2, 3, 2, 1, 1, 0, 1, 0, 2, 3, 3, 1, 0, 1, 1, 1, 1, 1, 2, 2, 3, 1, 1, 3, 1, 3, 1, 1, 3, 0, 1, 3, 3, 1, 0, 3, 1, 3, 0, 1, 0, 3, 1, 1, 2, 1, 3, 2, 3, 3, 3, 3, 0, 1, 1, 0, 1, 3, 3, 1, 1, 1, 3, 1, 3, 0, 3, 1, 3, 3, 1, 3, 0, 1, 1, 0, 1, 1, 1, 1, 1, 3, 1, 0, 0, 3, 3, 0, 0, 1, 3, 1, 3, 3, 3, 3, 3, 1, 1, 3, 1, 0, 3, 3, 2, 1, 1, 1, 3, 1, 1, 3, 3, 3, 0, 0, 1, 2, 1, 1, 3, 2, 1, 0, 2, 3, 3, 0, 1], "confidence_scores": [[0.2809772559622425, 0.1637949810977137, 0.17618901646048424, 0.3790387464795596], [0.26036822776107205, 0.2233840288858065, 0.17744827367250238, 0.3387994696806191], [0.2847166354591614, 0.3541213397176552, 0.0581437967784255, 0.30301822804475786], [0.19416266660710563, 0.2586426661409852, 0.07985480907766994, 0.46733985817423923], [0.24699300263038565, 0.3852616769421945, 0.1954801438820089, 0.172265176545411], [0.09706582948763266, 0.2680776718399529, 0.36837599062408943, 0.266480508048325], [0.24644612341816852, 0.2835405115112824, 0.08810122546178348, 0.38191213960876563], [0.1108160559645691, 0.2927587932931767, 0.06249238279847515, 0.533932767943779], [0.13039669225995248, 0.33912960686583216, 0.3952257000686389, 0.13524800080557645], [0.42129263862087046, 0.1717094944092306, 0.1276671197859362, 0.27933074718396284], [0.2172272369685272, 0.22108263065580944, 0.14480313353261942, 0.4168869988430439], [0.20508236493665719, 0.3761714843550432, 0.13367998032161574, 0.28506617038668397], [0.3058038955020795, 0.10797644065085896, 0.23180137499221817, 0.35441828885484333], [0.24093622119388644, 0.2024265697579443, 0.36735376681320375, 0.18928344223496565], [0.17163090057558741, 0.2305067266433113, 0.10419221063263667, 0.4936701621484646], [0.13316609421218661, 0.13106006271062015, 0.42862696385927196, 0.3071468792179211], [0.18527824221970662, 0.4892782815450416, 0.11404980623263805, 0.2113936700026139], [0.1600314448448163, 0.5361483187923721, 0.1578815675346367, 0.145938668828175], [0.6000188047433037, 0.16908552070290975, 0.07669108538137646, 0.15420458917241017], [0.18743219145043213, 0.4134253723462118, 0.21291699367433128, 0.18622544252902473], [0.3900107836427427, 0.2627594777796227, 0.16097915099005614, 0.1862505875875784], [0.14562288289693445, 0.1307038800965755, 0.5049647759968202, 0.21870846100966995], [0.2648069075197521, 0.19987976478231745, 0.22437734259119876, 0.31093598510673165], [0.1887124274097891, 0.18825016970329675, 0.1070356061606798, 0.5160017967262344], [0.15260952984251006, 0.35880206796062336, 0.21366841822505295, 0.27491998397181366], [0.537419822937063, 0.260504492455693, 0.06456370232828776, 0.1375119822789561], [0.18629116232858686, 0.5424285517199474, 0.14353985535443903, 0.1277404305970268], [0.21350597725841267, 0.4846142072805885, 0.18683499845102006, 0.11504481700997866], [0.06986080795395247, 0.6612228495101333, 0.08077951675628894, 0.1881368257796252], [0.1734221440376396, 0.4389634858454012, 0.09678686704060348, 0.2908275030763558], [0.1606196402758352, 0.3893110174314142, 0.23359180941708363, 0.216477532875667], [0.24260764406289465, 0.2127306862088006, 0.4702190531708278, 0.07444261655747712], [0.19773334384002111, 0.19418396158841317, 0.4120080706560849, 0.1960746239154808], [0.1533104242762872, 0.22710544532413388, 0.1477140341872187, 0.47187009621236026], [0.22385838154199705, 0.31217905525552486, 0.20491703220556517, 0.2590455309969129], [0.20110250794938256, 0.3187078244979376, 0.18587600837805757, 0.29431365917462243], [0.27903506076374307, 0.2137062159925896, 0.12362250615345619, 0.3836362170902111], [0.14817347563497232, 0.3077860637928436, 0.2952414481538367, 0.24879901241834748], [0.13054459563590606, 0.29429305596678407, 0.06460726171890342, 0.5105550866784064], [0.07078875191498202, 0.79161930318948, 0.060043757844260165, 0.07754818705127746], [0.19775153316675137, 0.46889185034791675, 0.10728858886135592, 0.226068027623976], [0.14718988288113966, 0.25840479247832704, 0.22882226009015083, 0.36558306455038264], [0.3630284053867699, 0.2761578430080166, 0.09267455640756385, 0.26813919519764995], [0.19586657298518018, 0.3668498591012245, 0.17666162400472157, 0.26062194390887394], [0.2845983770552951, 0.2792318869462959, 0.11394363844993875, 0.3222260975484702], [0.20751445973291555, 0.27202329940872333, 0.12336595531927617, 0.3970962855390849], [0.19338423786760875, 0.3978995890800813, 0.2120514029284223, 0.1966647701238877], [0.6134008161167097, 0.09009242279832037, 0.042288226234453, 0.25421853485051676], [0.22085572957907454, 0.20436659813859348, 0.1304034558168539, 0.444374216465478], [0.17383931752428475, 0.3439497953957207, 0.15328140831374384, 0.32892947876625056], [0.19435406466388622, 0.28969118708042907, 0.07110628543790896, 0.4448484628177757], [0.2999181675727603, 0.29969302391215746, 0.2189324693655179, 0.18145633914956433], [0.16819208206581848, 0.3744791410882817, 0.13081692810385404, 0.3265118487420458], [0.3370464468970028, 0.28463131138415565, 0.2233782658863476, 0.15494397583249409], [0.13223690024015253, 0.25693880900588345, 0.13332521247786386, 0.4774990782761002], [0.28480723678016806, 0.464001277787816, 0.13661389031032353, 0.11457759512169245], [0.17216420128069534, 0.47131444501305625, 0.17808923513374764, 0.17843211857250077], [0.23568359400576644, 0.2023392723829822, 0.3008881422162358, 0.2610889913950155], [0.31278441432954585, 0.3772801847541349, 0.10771637735592934, 0.2022190235603899], [0.17653955562173732, 0.2016018922801495, 0.260695840534195, 0.3611627115639183], [0.1676314621009701, 0.1579833400604104, 0.5355928010873335, 0.13879239675128602], [0.19926044985612404, 0.21958014450599053, 0.14227663097448334, 0.43888277466340203], [0.15637230628786894, 0.15747273999419953, 0.1671166636955784, 0.5190382900223531], [0.1471096110794175, 0.3278225934718996, 0.11803982792607835, 0.4070279675226044], [0.2962379595921863, 0.17203124912100676, 0.13733430657285092, 0.39439648471395605], [0.3829001992050885, 0.28525880141791277, 0.22145826743333114, 0.11038273194366759], [0.1904653746419321, 0.3982873479608164, 0.20005005366236314, 0.2111972237348883], [0.16310788696637427, 0.46699445261114664, 0.1006120814852199, 0.26928557893725924], [0.33696508501372147, 0.3308956239722738, 0.23947742355596327, 0.09266186745804142], [0.09431271286201293, 0.6676507417179944, 0.08690970517410154, 0.15112684024589107], [0.07188759825736828, 0.10026814339207307, 0.05520683187909727, 0.7726374264714613], [0.19250451784149464, 0.3390184992854934, 0.11933422083186018, 0.3491427620411518], [0.1780110745385206, 0.45414947169195086, 0.1388253558817355, 0.22901409788779292], [0.2757223946195304, 0.2893568706780924, 0.2689061638562253, 0.16601457084615195], [0.10685276866327577, 0.3921422522230046, 0.23033811102623059, 0.27066686808748913], [0.1624096106719347, 0.2988774049146793, 0.11504826179962543, 0.4236647226137606], [0.1636312864194742, 0.47311188148686356, 0.11376986081506252, 0.2494869712785998], [0.19843293968271047, 0.19871201545339712, 0.2540548334143213, 0.3488002114495712], [0.2949956297809062, 0.2814074291284973, 0.15522393018327094, 0.2683730109073254], [0.23169654604710208, 0.20602576516436102, 0.2509385949266957, 0.3113390938618413], [0.2942153070226284, 0.4022507106589964, 0.0707974084024891, 0.23273657391588606], [0.2110642733067604, 0.27266442682691666, 0.12589092301016827, 0.39038037685615473], [0.21234606693399607, 0.29050452867471954, 0.1495050103401169, 0.3476443940511674], [0.12152700290532507, 0.622932156293591, 0.0845937538980581, 0.1709470869030258], [0.1698150734918402, 0.3338321886636212, 0.15162950736261188, 0.34472323048192693], [0.47468937999012634, 0.19846627896649982, 0.11348949480363182, 0.21335484623974182], [0.26510845529049654, 0.36570068076926415, 0.20708550691558636, 0.1621053570246531], [0.12060733096945882, 0.48434247476494086, 0.17301002605421886, 0.22204016821138156], [0.3720079312546972, 0.22397941404289765, 0.26303680985753264, 0.1409758448448727], [0.22960977614528663, 0.34605272817774607, 0.13309366921184815, 0.2912438264651193], [0.13199424108122054, 0.45988957429590954, 0.10978283387579414, 0.2983333507470759], [0.13846466917397163, 0.45969950983687735, 0.12110064398908106, 0.28073517700007], [0.24845959440106835, 0.2842011741173582, 0.23990517458919983, 0.22743405689237353], [0.13059123656254665, 0.4797467496491477, 0.17651833466613162, 0.21314367912217402], [0.2937156988964679, 0.24164677188522346, 0.15254333995445266, 0.3120941892638559], [0.21307200151328412, 0.38508949337990467, 0.11977582085842702, 0.28206268424838415], [0.3597678248415677, 0.15444887525967882, 0.30983754164947575, 0.17594575824927766], [0.3191322991937215, 0.31599392950978317, 0.15156060447529474, 0.21331316682120066], [0.17322782353565164, 0.21745621085649847, 0.22666682727896215, 0.38264913832888775], [0.09528183134450058, 0.3193010937847518, 0.12283084307928513, 0.46258623179146247], [0.4725752588556137, 0.12796983936295153, 0.06141403090275654, 0.3380408708786782], [0.34933234033349964, 0.2929660503012685, 0.16657304611328352, 0.19112856325194846], [0.20268414569716614, 0.3260816789663943, 0.15272468787023677, 0.3185094874662027], [0.11689873090085937, 0.2617066687621277, 0.10055167280221308, 0.5208429275347999], [0.21146380336132065, 0.4036826482072975, 0.11227617108570884, 0.27257737734567294], [0.15707176601088485, 0.21868865136375223, 0.1210435734349304, 0.5031960091904326], [0.16190168257990975, 0.18237921583319525, 0.16206575804644163, 0.49365334354045337], [0.12432142297500937, 0.17622895355005053, 0.15141031817353368, 0.5480393053014064], [0.16891747405385948, 0.3104096982730475, 0.07315495069989383, 0.4475178769731992], [0.3368681926399763, 0.17108945133889403, 0.12602323813077018, 0.3660191178903594], [0.16596703099195748, 0.3662700947902797, 0.12412092915265384, 0.34364194506510903], [0.08179683712055137, 0.44362057185192827, 0.061836188268169105, 0.41274640275935115], [0.18523014038999275, 0.3541863712373934, 0.08142926731048451, 0.3791542210621296], [0.1470156518038017, 0.5398992280720861, 0.09704857411365864, 0.21603654601045358], [0.3013385887906263, 0.26049248413674336, 0.15421268719561762, 0.28395623987701285], [0.22379378612124265, 0.2695910249066539, 0.14570466670478582, 0.36091052226731773], [0.2530593134283574, 0.290378078712683, 0.11628935416786096, 0.3402732536910986], [0.2245918778824375, 0.11594020417930495, 0.4315633678584931, 0.2279045500797644], [0.13617638848650845, 0.44953464285124645, 0.3139339879059445, 0.10035498075630075], [0.15652438348162256, 0.44669009790273256, 0.25347035302248044, 0.14331516559316454], [0.1867850683072216, 0.4977846740557018, 0.19053554423102653, 0.12489471340605009], [0.26385100896986025, 0.2572996498844427, 0.1129587933838421, 0.36589054776185487], [0.06678423603899548, 0.4643940176307768, 0.07244854842235111, 0.39637319790787656], [0.11378745758417472, 0.4671922682678316, 0.2225619410209025, 0.1964583331270914], [0.19038995117799767, 0.18222696960353113, 0.22838357533047515, 0.39899950388799604], [0.2948733827244319, 0.2594196359163984, 0.09814751377874543, 0.34755946758042433], [0.11526653699824854, 0.21948258451383076, 0.0995666782479246, 0.5656842002399961], [0.3613994514793494, 0.24285364772853157, 0.1474234150384343, 0.2483234857536848], [0.44005533207773545, 0.18886906058277833, 0.09214837133510967, 0.2789272360043766], [0.1421567994102925, 0.36075783515945464, 0.2649596851445403, 0.2321256802857127], [0.1980145642911269, 0.3057051972070924, 0.38238316725180505, 0.1138970712499757], [0.21508607342233207, 0.5049527663672634, 0.09250363125667736, 0.18745752895372728], [0.1581273058439822, 0.5620697839119063, 0.19216633344110576, 0.08763657680300566], [0.17445586108899785, 0.21851245677709266, 0.2620730963791891, 0.3449585857547203], [0.2132733080505553, 0.16870778799559036, 0.42172459010933894, 0.19629431384451518], [0.24426813717399626, 0.3828822486531158, 0.11326615905199487, 0.25958345512089304], [0.3538651407925255, 0.260790634362411, 0.15786694519815225, 0.22747727964691133], [0.2222156450980272, 0.19540110111583403, 0.3998723071347213, 0.18251094665141723], [0.2244043911057478, 0.12897791599481118, 0.3038293398242393, 0.3427883530752017], [0.23807130827698797, 0.2622797280309033, 0.09687300909725484, 0.4027759545948539], [0.3425876493171996, 0.2281175115220551, 0.1173540994165398, 0.31194073974420544], [0.18383926129815825, 0.4431693364629561, 0.15336486397452317, 0.21962653826436254]]}, "rewritten": {"ids": ["97105580", "97108520", "97109570", "97111790", "97114170", "97116401", "97116410", "98109230", "98110230", "98112170", "98113881", "98116090", "99108000", "99108520", "99109161", "99109780", "99114890", "99121440", "100108520", "100109000", "100109311", "100109330", "100109890", "100110050", "100110260", "100117420", "101108121", "101108290", "101108370", "101108460", "101108621", "101109370", "101110200", "101111210", "101111310", "101114990", "101117580", "102107961", "102109840", "102110050", "102113981", "102114270", "103109021", "103109791", "103110760", "104111620", "104111830", "104113000", "104114320", "104116800", "104117200", "105110091", "105112130", "105113170", "105113440", "105115720", "105116441", "105117200", "106111321", "106113190", "106113260", "106114011", "106114280", "106114880", "106115250", "106116820", "106117770", "106118520", "106118820", "107113550", "107114621", "107114950", "107115140", "107115250", "107118780", "107120130", "108113480", "108113700", "108116501", "108117610", "108118301", "108119510", "108120060", "108120260", "108120280", "108120621", "108120700", "109113881", "109114220", "109115070", "109116441", "109116750", "109117110", "109117271", "109119340", "110113591", "110115140", "110115580", "110116290", "110116441", "110118111", "110118301", "110118740", "110120640", "110121170", "111114121", "111114941", "111115400", "111115770", "111116990", "111118301", "111118820", "111119250", "111119300", "111120260", "111120280", "111121220", "111121351", "112116401", "112117210", "112117461", "112117580", "112118530", "112118860", "112118880", "112118890", "112120270", "112120990", "112121360", "112121410", "113117630", "113118490", "113118511", "113118620", "113119320", "113119700", "113120260", "113120640", "113121680", "113121750", "113122180", "113122650"], "labels": [1, 2, 0, 2, 2, 3, 3, 1, 3, 3, 3, 0, 2, 2, 3, 2, 2, 2, 2, 1, 1, 0, 3, 3, 3, 2, 0, 0, 1, 0, 0, 1, 2, 2, 3, 3, 3, 3, 2, 3, 1, 3, 0, 3, 1, 0, 3, 1, 2, 1, 3, 0, 1, 0, 0, 1, 1, 3, 0, 0, 3, 1, 3, 0, 2, 1, 0, 2, 3, 0, 0, 3, 0, 2, 1, 2, 0, 0, 0, 3, 1, 1, 1, 1, 3, 1, 2, 0, 3, 0, 3, 0, 1, 0, 3, 0, 0, 1, 2, 3, 1, 1, 3, 0, 2, 0, 0, 0, 3, 0, 3, 0, 1, 1, 3, 0, 3, 0, 0, 1, 0, 0, 1, 3, 1, 3, 0, 2, 3, 0, 0, 1, 1, 3, 1, 0, 3, 0, 1, 0, 2, 2], "predicted_labels": [3, 3, 1, 3, 1, 1, 1, 2, 0, 1, 1, 1, 1, 0, 2, 1, 1, 1, 3, 1, 3, 0, 3, 1, 0, 1, 0, 3, 1, 1, 3, 3, 2, 3, 1, 2, 0, 0, 3, 1, 1, 1, 3, 1, 1, 0, 3, 3, 1, 3, 0, 1, 1, 1, 1, 1, 1, 1, 1, 1, 1, 2, 3, 1, 2, 0, 1, 0, 3, 1, 0, 3, 3, 3, 2, 2, 3, 1, 1, 3, 3, 0, 2, 1, 3, 1, 3, 3, 3, 1, 0, 1, 3, 0, 0, 1, 0, 3, 1, 2, 1, 1, 3, 1, 3, 0, 2, 0, 3, 1, 1, 0, 1, 3, 1, 3, 3, 1, 3, 1, 1, 1, 1, 1, 1, 0, 1, 1, 1, 3, 1, 3, 1, 1, 1, 1, 1, 3, 1, 0, 1, 3], "confidence_scores": [[0.1240000243243145, 0.2925701394447584, 0.20124929149802462, 0.3821805447329024], [0.2400157598440649, 0.16829917103254863, 0.1566605433051114, 0.43502452581827517], [0.2758315411483067, 0.3323477347937095, 0.15904429291704247, 0.23277643114094132], [0.15895547742693494, 0.16233269979914824, 0.2722016069998618, 0.40651021577405505], [0.06773277372812196, 0.6766085303788473, 0.050835832177002736, 0.20482286371602798], [0.23690691793654825, 0.27349884741475405, 0.2331240097317075, 0.2564702249169903], [0.19752169295097624, 0.38132828464152296, 0.3240447796508774, 0.0971052427566234], [0.23098197476258003, 0.1953803825619794, 0.2912693307892425, 0.2823683118861982], [0.6588549352884431, 0.18031827503096115, 0.10121494453899202, 0.05961184514160373], [0.2246613639650996, 0.47184143383436566, 0.12247885370273869, 0.18101834849779613], [0.22928729282602545, 0.4532521612850867, 0.15908265139256278, 0.1583778944963251], [0.13672910423872317, 0.5173738275210011, 0.14067121321140671, 0.20522585502886911], [0.2055575535616364, 0.5117676212415665, 0.16581618076072838, 0.11685864443606869], [0.29909694414403903, 0.2828458098100001, 0.2535642515995564, 0.16449299444640447], [0.2816378566370166, 0.227433258071016, 0.3189593176124938, 0.1719695676794737], [0.20635964114883135, 0.4023003934018891, 0.1533586155216441, 0.2379813499276355], [0.2112579566521585, 0.4084883485845429, 0.12559714993857407, 0.25465654482472466], [0.21652116287680373, 0.3108740195201886, 0.20934205053427213, 0.2632627670687357], [0.26545102359073736, 0.1631028260734631, 0.15454887094411385, 0.41689727939168586], [0.1773217534442804, 0.44596878970475834, 0.124515410139591, 0.2521940467113703], [0.17383305985967223, 0.1878777025786459, 0.1030206336863524, 0.5352686038753294], [0.3103457642893976, 0.11222886284992045, 0.2938614620652875, 0.2835639107953946], [0.20045793126063832, 0.2266919218260974, 0.12615991314098413, 0.44669023377228], [0.21940957216839307, 0.40249637111507164, 0.18218727491753556, 0.1959067817989998], [0.38208956856380394, 0.3236487702887184, 0.17606968676698792, 0.11819197438048985], [0.22965120061126348, 0.3483670575766332, 0.27491960810602517, 0.14706213370607818], [0.4437296438666188, 0.18228037449973247, 0.11322153906516047, 0.2607684425684884], [0.19703487015347917, 0.22440764748044306, 0.2295779746353504, 0.34897950773072733], [0.2754106410525992, 0.3496516290916948, 0.14753451932033496, 0.227403210535371], [0.33679033858644475, 0.35915958086629457, 0.1467187493607331, 0.15733133118652778], [0.18079740072967096, 0.22559709017576546, 0.12280637025929035, 0.4707991388352732], [0.15701480079503133, 0.24430176158973638, 0.265535178410982, 0.33314825920425023], [0.18738031509714115, 0.3309600191632742, 0.3343495165780922, 0.14731014916149235], [0.17703926435163395, 0.23463439777761186, 0.27406302514536535, 0.314263312725389], [0.18144315359398883, 0.3874707034855845, 0.10932396425590316, 0.3217621786645236], [0.11513736944303822, 0.12897462044945177, 0.4374577319467781, 0.3184302781607319], [0.40780644367870433, 0.17798440267729188, 0.16439945073595266, 0.24980970290805138], [0.30217991904780533, 0.2257544664917415, 0.18034772377400674, 0.29171789068644643], [0.1630125551611741, 0.22291474851583293, 0.135858437868188, 0.478214258454805], [0.12918249992979602, 0.535300410761225, 0.180730997529467, 0.1547860917795119], [0.1708365765484475, 0.40357180888490896, 0.2286926473821797, 0.19689896718446376], [0.11897091380441717, 0.5729250268792973, 0.11692207994267227, 0.19118197937361345], [0.2077128399388967, 0.26963315095437723, 0.10531040113999379, 0.41734360796673226], [0.13511931649562467, 0.34471520639418746, 0.24821527535537025, 0.27195020175481766], [0.22692385230902554, 0.45839688670344386, 0.1561457219707276, 0.15853353901680303], [0.5149641574651193, 0.28943970207330244, 0.07684458730017618, 0.11875155316140214], [0.18043582718580917, 0.26494192488734586, 0.2047375584043635, 0.34988468952248136], [0.19064934651449908, 0.29099187444126745, 0.1574901960482769, 0.3608685829959567], [0.21710346596977945, 0.2828890086940847, 0.27287706607367496, 0.2271304592624609], [0.2067015810736479, 0.2948735956157275, 0.1888338104493884, 0.30959101286123614], [0.3088593753364907, 0.09641066969572404, 0.29092731517614734, 0.3038026397916379], [0.25603472162064633, 0.39856547545794957, 0.13005673862513006, 0.21534306429627417], [0.16020969764632592, 0.4542218509384367, 0.19616615403724325, 0.18940229737799433], [0.13965371565653426, 0.39692510496024747, 0.08653280717330512, 0.37688837220991317], [0.18564593515933528, 0.3268910941492892, 0.16672128046656606, 0.3207416902248096], [0.11068274672781349, 0.5630808435533111, 0.10590624747984748, 0.220330162239028], [0.2850750199222716, 0.35312452855813703, 0.17367216082823178, 0.18812829069135947], [0.14805037813203983, 0.5253581069904898, 0.12215339447227554, 0.2044381204051948], [0.18541201204380459, 0.41798200510225886, 0.22620445975088338, 0.1704015231030532], [0.2216092585560856, 0.3954688143365135, 0.15861728186347637, 0.22430464524392454], [0.30574159624795655, 0.36502458586982844, 0.12832604251034474, 0.20090777537187024], [0.2650803748331564, 0.23772751702523406, 0.2928737949925019, 0.20431831314910762], [0.3119451844791703, 0.2632811417385421, 0.09758355199514816, 0.32719012178713963], [0.15679461367969874, 0.6000263245569312, 0.09732279536533776, 0.14585626639803229], [0.0781676119681602, 0.21387099808072166, 0.5727315894345889, 0.1352298005165293], [0.43164557138147613, 0.29176935399192006, 0.07740504846660706, 0.1991800261599968], [0.18133796178247047, 0.3697878606515992, 0.14805627273306476, 0.3008179048328657], [0.47582348918384404, 0.2094741039433687, 0.12473359016865247, 0.18996881670413487], [0.11823209440326858, 0.2519997058303324, 0.1735200647422062, 0.45624813502419287], [0.20273290024930998, 0.36718709189247806, 0.14665606549948576, 0.28342394235872614], [0.6365933434641291, 0.16787916779798345, 0.11464358808496584, 0.0808839006529216], [0.1423545534495681, 0.283359788410165, 0.09165732163276426, 0.48262833650750275], [0.15914155988498077, 0.12718276360639594, 0.09364171758309048, 0.6200339589255329], [0.19413797113604897, 0.2711769483701648, 0.2386120784443338, 0.2960730020494524], [0.21884181442334855, 0.15855970965059576, 0.39548966337977887, 0.22710881254627677], [0.2021077757054063, 0.24353548665826458, 0.3950847346073246, 0.1592720030290045], [0.12051745036259949, 0.13714613110530866, 0.17224735623759704, 0.5700890622944949], [0.19367446929356405, 0.5924275444661264, 0.08023949332814491, 0.13365849291216467], [0.24271251526621204, 0.3263942324020701, 0.19892408445023152, 0.2319691678814864], [0.16870045460915048, 0.2485693698737486, 0.08745307342386037, 0.49527710209324055], [0.19693187381530303, 0.17560444163099484, 0.1662663013608905, 0.46119738319281167], [0.4790379517179868, 0.2346052015927953, 0.12399308811097477, 0.16236375857824317], [0.20628173249810353, 0.25284973831128643, 0.4191789669266356, 0.12168956226397445], [0.24276303974778887, 0.34976607984347013, 0.15772613340541497, 0.24974474700332597], [0.19665954112089679, 0.10517028446286507, 0.16399468638899842, 0.5341754880272398], [0.2345108453475387, 0.4678482876717645, 0.16429713203866317, 0.1333437349420337], [0.11761338489298336, 0.31065564465982964, 0.10565112100636512, 0.46607984944082187], [0.18638117119236863, 0.2766109871261172, 0.11477498189977248, 0.42223285978174163], [0.1424749378968197, 0.15065276612747602, 0.33262655471883623, 0.3742457412568681], [0.17159700161255192, 0.3797300417763338, 0.19121148133629545, 0.25746147527481894], [0.30347625039937426, 0.28187093777718875, 0.1454149579912197, 0.26923785383221727], [0.33742143817466586, 0.3408248056686442, 0.14641890223775467, 0.17533485391893527], [0.2456595442626178, 0.21149500962405635, 0.22328508696973404, 0.319560359143592], [0.6167116946082255, 0.07988328315481047, 0.043295236196705306, 0.2601097860402589], [0.553912973004094, 0.14140441070353124, 0.10969153331606497, 0.19499108297630988], [0.18806382833931218, 0.4036230696712535, 0.18797394146656576, 0.22033916052286853], [0.3585219635017137, 0.16030011311364747, 0.2207783177198278, 0.2603996056648111], [0.18619974258606117, 0.2195455691640436, 0.1357641211182057, 0.4584905671316895], [0.17943293414527314, 0.36634384681836546, 0.24277151565007327, 0.2114517033862882], [0.1766901728304722, 0.19850198030847463, 0.3323741412608793, 0.29243370560017373], [0.26057889132870626, 0.36277669487127606, 0.12655967349095837, 0.25008474030905936], [0.19327186499167479, 0.40328025006064666, 0.13004937233404001, 0.27339851261363857], [0.12067740151241273, 0.11464794921409267, 0.0819987483881487, 0.682675900885346], [0.12816981020586152, 0.39500034753260377, 0.12634241177865593, 0.35048743048287895], [0.14175435383234183, 0.20776374419058738, 0.1527950707512847, 0.49768683122578633], [0.41465232589418116, 0.1893642234418863, 0.050336940832400055, 0.34564650983153244], [0.1786208266300321, 0.24946154987915706, 0.3680138611827178, 0.20390376230809315], [0.3130473613304116, 0.19824173228142816, 0.18140643901015627, 0.30730446737800415], [0.2236785730105521, 0.3067713264477443, 0.1414086042810759, 0.32814149626062766], [0.17554518190718296, 0.47536421363158626, 0.10900401638265564, 0.24008658807857505], [0.17808953249788548, 0.4031780748471604, 0.1146373957743887, 0.3040949968805655], [0.3638872021158522, 0.3518439310530677, 0.09882252826756022, 0.18544633856352008], [0.15983227349034007, 0.5672939334110567, 0.14713181234618436, 0.12574198075241882], [0.18814976345368511, 0.29460026779827675, 0.08166163018438033, 0.43558833856365775], [0.22488239942017052, 0.3635963805985846, 0.09059202545423309, 0.320929194527012], [0.21768247347651953, 0.2867335180675669, 0.10841379189780316, 0.38717021655811035], [0.03669445598166287, 0.04186865322075035, 0.02088012588096134, 0.9005567649166253], [0.15771479339420616, 0.47912321550221115, 0.09830720216722474, 0.26485478893635794], [0.1610419277028203, 0.342410979771442, 0.06489124765468111, 0.4316558448710566], [0.179963766755338, 0.3806681612341306, 0.23917431033070166, 0.2001937616798298], [0.14337283299616155, 0.35777866007179016, 0.16249404937318868, 0.33635445755885973], [0.1882044682657129, 0.4966143010033098, 0.06992535768778446, 0.2452558730431928], [0.14258700180463846, 0.4128101061925867, 0.1040145436200826, 0.3405883483826922], [0.16908110080853023, 0.3598683190087951, 0.32017442944423535, 0.15087615073843957], [0.21028379673131664, 0.2975239403962528, 0.20281050607624218, 0.2893817567961883], [0.3589365389172409, 0.23144745845903897, 0.16054193358873042, 0.2490740690349899], [0.08083283845432178, 0.45409323340869967, 0.22167903991296886, 0.24339488822400976], [0.14725963120717955, 0.5108252694740425, 0.11695239062887343, 0.22496270868990467], [0.2726684577605463, 0.3280803590667373, 0.12749990587750012, 0.2717512772952163], [0.22338678119420455, 0.269576918937042, 0.11892117354533621, 0.38811512632341727], [0.3310121336808533, 0.4391939189050953, 0.06415141063957318, 0.16564253677447824], [0.09925047995669613, 0.2689777871593396, 0.1194349335552315, 0.5123367993287329], [0.1890096752356467, 0.3797225721318521, 0.14048692264444138, 0.2907808299880599], [0.23627543896232786, 0.4418491208057874, 0.09828677037105313, 0.2235886698608316], [0.2770438404168182, 0.3678302576132784, 0.09145360632294523, 0.26367229564695815], [0.13797524860503865, 0.7007869243871849, 0.07641585189152694, 0.08482197511624945], [0.18384390894262764, 0.2932489806684369, 0.2819052582234343, 0.24100185216550096], [0.21704383125318494, 0.2838009130278593, 0.14720441411627208, 0.3519508416026836], [0.12282270075206247, 0.653139897628365, 0.060849123288962734, 0.16318827833060973], [0.34535069686941694, 0.2365849071942292, 0.1946117226788893, 0.22345267325746457], [0.16589444349954138, 0.38830295865610637, 0.15801875306769442, 0.28778384477665786], [0.2223835240768666, 0.16941924543231537, 0.12816611242135728, 0.48003111806946064]]}}