{"test": {"ids": ["107118820", "101109000", "113117630", "104113380", "98106560", "111114121", "113119700", "110121170", "110120531", "111120591", "109116441", "100109801", "113122190", "109116040", "112118581", "105116090", "110120700", "110121140", "112118820", "112116610", "105112240", "103113260", "107120010", "104116441", "105120621", "109117431", "102112301", "104111380", "112118701", "99107640", "97107821", "109121410", "106114011", "113117401", "98112170", "113120640", "104114740", "106113830", "108113700", "108115250", "113119300", "109113281", "97112290", "98111860", "99112641", "112116810", "109120621", "99108330", "110115580", "99108080", "113118111", "99107660", "100112060", "101121640", "102110850", "103110050", "109119340", "97108520", "111116530", "111121930", "98107340", "104113550", "101108621", "111115620", "113122150", "109117730", "107113550", "109113591", "107118520", "101116130", "105111990", "109116930", "103118291", "105115250", "112118880", "112118620", "111116290", "109117600", "112119320", "105116980", "101110150", "113121980", "107113260", "113118870", "97116790", "112118421", "110114610", "101108580", "101119591", "98120530", "110119891", "102109840", "105116441", "107118780", "108115970", "113120601", "101108290", "97113900", "104111711", "108121351", "113121220", "99117740", "107116501", "98111620", "103113170", "105121190", "108114360", "110118630", "112121360", "105119550", "107118490", "110117500", "106117790", "107116980", "98116090", "110118181", "109114220", "98110680", "101109120", "110116290", "110116441", "107117010", "103113270", "106121190", "100116790", "113120280", "108117720", "105113330", "112116900", "113122650", "102109850", "113121010", "105112100", "98106680", "107112850", "111120220", "100116500", "113122170", "108116481", "112120630", "110118701", "113120751"], "labels": [3, 1, 0, 1, 1, 0, 0, 2, 0, 1, 3, 0, 1, 0, 1, 1, 2, 3, 0, 1, 1, 3, 1, 1, 1, 1, 1, 3, 0, 1, 2, 0, 1, 3, 3, 0, 2, 1, 0, 1, 1, 0, 1, 0, 1, 3, 1, 1, 1, 3, 1, 3, 2, 2, 3, 3, 3, 2, 3, 1, 0, 1, 0, 1, 2, 3, 0, 3, 2, 2, 2, 0, 0, 2, 1, 3, 2, 1, 1, 0, 1, 2, 0, 0, 2, 3, 1, 0, 0, 1, 3, 2, 1, 1, 2, 2, 0, 2, 1, 3, 3, 2, 1, 3, 3, 2, 1, 1, 3, 1, 2, 1, 1, 3, 0, 1, 3, 2, 1, 2, 3, 1, 2, 2, 2, 0, 1, 3, 3, 2, 1, 2, 1, 1, 1, 3, 2, 1, 0, 3, 3, 1], "predicted_labels": [1, 3, 0, 3, 2, 0, 0, 3, 0, 0, 0, 3, 3, 3, 1, 0, 3, 0, 0, 0, 2, 3, 3, 1, 0, 0, 3, 2, 3, 1, 0, 1, 0, 3, 3, 0, 2, 0, 3, 3, 0, 0, 2, 2, 3, 2, 3, 3, 1, 0, 0, 0, 3, 3, 3, 3, 3, 0, 1, 2, 2, 0, 0, 3, 1, 3, 2, 0, 1, 1, 3, 0, 0, 3, 0, 3, 3, 0, 3, 1, 1, 3, 1, 1, 0, 0, 2, 0, 3, 1, 0, 1, 1, 1, 1, 1, 1, 0, 1, 3, 0, 0, 1, 2, 0, 1, 3, 3, 0, 1, 2, 0, 3, 1, 3, 1, 0, 1, 3, 3, 3, 3, 2, 3, 1, 0, 3, 3, 3, 2, 2, 3, 3, 0, 0, 0, 2, 2, 3, 3, 0, 0], "confidence_scores": [[0.0068282994860033065, 0.7193483643524482, 0.006623896639603589, 0.26719943952194497], [0.0016289820594129543, 0.11352794564379322, 0.0021429803959646327, 0.8827000919008292], [0.9642602537450878, 0.0008608358644822797, 0.005484939264291211, 0.02939397112613877], [0.09516979279392163, 0.0005383412927799268, 0.0018559158424447156, 0.9024359500708536], [0.0006008367727121421, 0.0015737960113689467, 0.9950805914969058, 0.002744775719013297], [0.7103112828786369, 0.14181052849531522, 0.0014510815142199666, 0.14642710711182777], [0.5241173822256866, 0.425286374001346, 0.012741072487888649, 0.03785517128507878], [0.3206372083065929, 0.13302671403300548, 0.03563567434734889, 0.5107004033130527], [0.9901510490852944, 0.006341615886957554, 0.00029620088643409615, 0.003211134141314023], [0.5807974846898393, 0.005136316803354531, 0.0029340071137931674, 0.411132191393013], [0.9930278574036588, 0.0005953608544421206, 2.432270533107208e-06, 0.0063743494713658505], [0.06609310236468535, 0.446865376138451, 0.0007711211988448718, 0.4862704002980188], [0.1428836429835151, 0.1219231488947023, 0.12863778814951474, 0.6065554199722679], [0.06352537919737218, 0.27792587781843514, 0.017604937311629466, 0.6409438056725633], [0.09705217311141201, 0.6631048202100858, 0.20690443275942344, 0.032938573919078694], [0.5095877172851869, 0.14952136640871383, 0.024328714750942303, 0.31656220155515696], [0.007059088451744386, 0.007755648191046311, 0.0025957195939663603, 0.982589543763243], [0.9757871057620905, 0.0007407494969413867, 0.0004600490140238454, 0.023012095726944206], [0.9794971809517764, 0.011388352027538103, 0.0015574370082882523, 0.007557030012397108], [0.9405714110838687, 0.053314579104696516, 0.004935049560875539, 0.001178960250559194], [0.13950384858003656, 0.07541813403504609, 0.4234942570604459, 0.3615837603244715], [0.006080501355793186, 0.4262025251578585, 0.004828005496140271, 0.562888967990208], [0.012639037375949288, 0.00032813656175619807, 0.004723131085907083, 0.9823096949763874], [0.009547512100639132, 0.7717067377551529, 0.03993183584461264, 0.1788139142995955], [0.5317197070041716, 0.0669840658685443, 3.290285007921326e-05, 0.40126332427720496], [0.9921598344857215, 0.00474772055580162, 8.298390664143099e-05, 0.0030094610518353678], [0.15001173660434616, 0.01693253132221612, 0.010046201245169032, 0.8230095308282688], [0.13978680772070068, 0.1470918372105733, 0.3897440791302668, 0.32337727593845916], [0.09796829413023789, 0.051119563983340284, 0.00023919225821988834, 0.850672949628202], [0.0890264886246322, 0.8154144514026164, 0.028657917905651045, 0.06690114206710036], [0.8276840242587458, 0.057926648107179166, 0.027263661205763758, 0.08712566642831138], [0.09097448311771751, 0.7200690659756983, 0.02943533309662839, 0.15952111780995581], [0.7501505793287906, 0.16943621761894948, 0.041982904673553804, 0.03843029837870622], [0.03237676744826306, 0.18073607306986528, 3.7852406187817684e-05, 0.7868493070756838], [0.45903196787265854, 0.0022574600769815047, 0.04887195238563771, 0.48983861966472214], [0.7377381499980681, 0.043726799243387494, 0.0005333354068412274, 0.21800171535170307], [0.0015575981691362628, 0.12019049057141398, 0.4680950310489566, 0.4101568802104932], [0.8486099836892528, 0.02557170279933726, 0.00033281343634132386, 0.12548550007506867], [0.005026143695220388, 0.13321071702105247, 0.003345820086474026, 0.8584173191972532], [0.15567814391493784, 0.00012815577338871347, 0.021789957949965705, 0.8224037423617078], [0.8190679112135039, 0.01967992766432546, 0.004367914535475198, 0.15688424658669536], [0.9344020476946735, 0.05512311403744145, 0.006602451694155194, 0.003872386573729981], [0.16020175749752938, 0.3105892350271485, 0.4706192900452208, 0.05858971743010146], [0.0001425112364469107, 0.0008688090405834561, 0.998343235655841, 0.0006454440671285166], [0.3878603263781641, 0.15014987568821736, 0.04754234215412445, 0.41444745577949416], [0.07707819332270349, 0.013853947386565178, 0.7941099896562519, 0.11495786963447943], [0.00016393613049937175, 7.81827749164574e-05, 1.3757876454087685e-05, 0.9997441232181301], [0.0001571843363376623, 6.164739904081978e-05, 0.21842575595650537, 0.7813554123081162], [0.14041606391012887, 0.5543883208818842, 0.008683475148801285, 0.29651214005918575], [0.9906389936069113, 0.008737569995243489, 0.0004182590501500571, 0.00020517734769514404], [0.5419666167606098, 0.011694723669848113, 0.002186372944386972, 0.44415228662515527], [0.4536240229675517, 0.40031392529345067, 0.023349904279435032, 0.12271214745956266], [0.004483010511106999, 0.0026145375979414274, 0.02220057073446069, 0.9707018811564908], [0.0006235635707667143, 0.3338653068756413, 0.0002300297768969408, 0.665281099776695], [0.0033822905673178945, 0.21383636674024412, 0.02080744691057997, 0.761973895781858], [0.033435067663999736, 0.16489142651831903, 0.008091321184700117, 0.7935821846329812], [0.0019818630896840618, 0.01257891266100901, 0.0021705851389967807, 0.9832686391103103], [0.4513806016952711, 0.3316898393807795, 0.12229805217715312, 0.09463150674679623], [0.003195905255193845, 0.9656296314456788, 9.823115367417274e-05, 0.03107623214545322], [0.00036093380438059996, 0.0016736299063879441, 0.9960815842140884, 0.0018838520751430512], [0.0005629752638363354, 0.003771515658575772, 0.9952099775645113, 0.00045553151307651065], [0.9307877020512717, 0.01005937558103719, 0.001382722538628531, 0.057770199829062646], [0.5966669340479627, 0.37944004436996626, 0.01565910001311704, 0.00823392156895387], [0.19994385208579823, 0.007903177226265675, 0.002457810669724545, 0.7896951600182116], [0.005030185466075043, 0.5740850685470971, 0.0011149896331637211, 0.41976975635366415], [0.18116158088417572, 0.1787892619155329, 0.004663320093450969, 0.6353858371068405], [0.02759074684602229, 0.019948939633813344, 0.48076793523190997, 0.47169237828825433], [0.46575455849736946, 0.20572848415510447, 0.0004902229876535947, 0.3280267343598723], [0.3967771517328015, 0.5815180205846434, 0.017706841981878812, 0.003997985700676171], [0.0035356872288878982, 0.8141453120068511, 0.1381162253778096, 0.04420277538645125], [0.028842288037450033, 0.06511502482429338, 0.011799467801460128, 0.8942432193367965], [0.7957565475578134, 0.11296313876731509, 0.001136340883159969, 0.09014397279171141], [0.6167851888863449, 0.3411446690685214, 0.031875446918563005, 0.010194695126570702], [0.11363539924555224, 0.13214575150243332, 0.27873995457304074, 0.47547889467897375], [0.8145288463431576, 0.02348384537544258, 0.010633288280537823, 0.1513540200008619], [0.05016970834180766, 0.22643922609702616, 0.007203852704218167, 0.7161872128569481], [0.008456015352363792, 0.15459348729133482, 0.04838906025424854, 0.7885614371020528], [0.7897330938579087, 0.07678799073104896, 0.09110355454535067, 0.042375360865691755], [0.002083122359256514, 0.2647021033089753, 0.03008456896679854, 0.7031302053649696], [0.09051537531098575, 0.8751462400473664, 0.0005105286845814515, 0.033827855957066395], [7.347435981451355e-05, 0.9981429314605156, 0.0013282685654656791, 0.00045532561420429785], [0.14425585947492206, 0.21408596866561797, 0.0035876439587808075, 0.6380705279006792], [0.006842008163212842, 0.8822248517177185, 0.07571250996043107, 0.035220630158637495], [0.029286402891464662, 0.7281860632128481, 0.009773016222454146, 0.23275451767323313], [0.48049884552717376, 0.39150306929715917, 0.12546038295885567, 0.002537702216811303], [0.9146521364402068, 0.03860337326893979, 1.012293025683421e-05, 0.046734367360596656], [0.42657397884056175, 0.06253442925135869, 0.4959170386021147, 0.014974553305964769], [0.9270087429391174, 0.004110212034076351, 0.05429070234391936, 0.014590342682886797], [0.01602536772874019, 0.010542239480612562, 0.0015298675240037695, 0.9719025252666434], [0.065633006137183, 0.5840247123742124, 0.057279197387255704, 0.29306308410134896], [0.6370102190166735, 0.35819571556722946, 0.002195522560296247, 0.0025985428558006995], [0.07161606830087926, 0.6598981758247794, 0.08730293023487815, 0.18118282563946322], [0.10350925612846329, 0.86761859849494, 0.01269546876330781, 0.016176676613288827], [0.058642635556412505, 0.8600151791551346, 0.06138174410065827, 0.01996044118779465], [0.34120456138107275, 0.3883705314489647, 0.09149072882579197, 0.17893417834417047], [0.004758308484782974, 0.580694154240834, 0.39103441497952296, 0.023513122294860057], [0.0416617794799225, 0.939807093593255, 0.001970697793452973, 0.016560429133369633], [0.45572416611164257, 0.39652397421846153, 0.1456865050567036, 0.002065354613192297], [0.15610393420412624, 0.5983648975418298, 0.10718414117740672, 0.1383470270766372], [0.024660731751809148, 0.07870676817939119, 0.011141112323353096, 0.8854913877454467], [0.5249051307618342, 0.14068656043735733, 0.09466962356486489, 0.2397386852359436], [0.886892722822357, 0.03672326422170221, 0.057006551859385184, 0.019377461096555748], [0.040809622553467956, 0.8482465170522249, 0.004646361333916907, 0.1062974990603902], [3.40958144813511e-05, 0.44921249545961345, 0.5445829620440328, 0.006170446681872505], [0.682184017326838, 0.19049179735315863, 0.11720672417599647, 0.010117461144006844], [0.06773320756895299, 0.512026917382157, 0.32035635424150294, 0.0998835208073871], [0.15458288884726806, 0.02754557287901269, 0.0016043530892730423, 0.8162671851844462], [0.20570440204124432, 0.08292007717520856, 0.10782272727924132, 0.6035527935043058], [0.583843865181337, 0.07115688030981655, 0.024827670039830906, 0.3201715844690155], [0.019798951736662792, 0.8010855584703752, 0.13771034638950141, 0.04140514340346065], [0.12818318974652734, 0.008582940352681534, 0.8631866357146359, 4.723418615521462e-05], [0.9535637881259779, 0.029514922809416776, 0.0013154141431061031, 0.015605874921499134], [0.013600992233277261, 0.30518375782215806, 0.006701618387110425, 0.6745136315574543], [0.0031735170811347056, 0.9912654260145701, 9.289835730985179e-06, 0.005551767068564342], [0.021233999311181945, 0.138719341068084, 0.10882749349217172, 0.7312191661285624], [0.19486790071367813, 0.7787707512044992, 0.026266961745079396, 9.438633674341804e-05], [0.8638447937977621, 0.00022766647619536332, 0.0015922901822271389, 0.13433524954381554], [0.009412352879220692, 0.8309820382422031, 0.15785484773068345, 0.0017507611478926723], [0.3331473929928634, 0.0018136507879995603, 0.0031140656608729966, 0.6619248905582641], [0.2405952551610589, 0.0011033896557411842, 0.010805955085804847, 0.747495400097395], [0.019731281243008908, 0.047627978955354394, 0.007316328068059826, 0.9253244117335768], [0.003504204283489815, 0.35155909739728963, 0.03660872402172302, 0.6083279742974976], [0.003362225183927031, 0.0019147184436476702, 0.9833271860214158, 0.011395870351009486], [0.006707979110019998, 0.019610832490807993, 0.079712630944519, 0.893968557454653], [0.03707619919160033, 0.5841182308281578, 0.11038490031740934, 0.26842066966283257], [0.996796366949678, 5.562580052670197e-06, 7.175425133755023e-06, 0.003190895045135485], [0.003498574448398012, 0.021150820023418237, 0.002351822357776762, 0.972998783170407], [0.300421451767737, 0.035780451834128243, 0.0008280209374996232, 0.6629700754606351], [0.18287491844828627, 0.2726430019030433, 0.009643102207698347, 0.5348389774409721], [0.07440902527468903, 0.0449207415193297, 0.7949638740041632, 0.08570635920181802], [0.0062395602297697994, 0.03136639324926883, 0.8191730163659086, 0.14322103015505297], [0.001194333383300591, 0.2707009013672776, 0.28209479145808414, 0.4460099737913377], [0.12273364719508832, 0.00019399251252255305, 0.0189065408271466, 0.8581658194652426], [0.5667588295710619, 0.22514247273274732, 0.20113478919408986, 0.006963908502100901], [0.6497159157084631, 0.2856418957914931, 0.030819878358950864, 0.03382231014109299], [0.9906310221676494, 0.004992999971990103, 0.0037687235100476203, 0.0006072543503127924], [0.03912778254490218, 0.025909890461277042, 0.5039274423692929, 0.4310348846245279], [0.03879960737351604, 0.21548524903063723, 0.6228431889576617, 0.12287195463818498], [0.3835442726687792, 0.02672327021668976, 4.8160169219682124e-05, 0.5896842969453112], [0.4654787997507302, 0.012095197586177211, 0.005742913533924091, 0.5166830891291685], [0.772992419963309, 0.18759584139196886, 0.0016275758568734691, 0.037784162787848796], [0.9780336756408633, 0.0006061672008875715, 0.002231195895023277, 0.01912896126322578]]}, "rewritten": {"ids": ["97107821", "97108520", "97112290", "97113900", "97116790", "98106560", "98106680", "98107340", "98110680", "98111620", "98111860", "98112170", "98116090", "98120530", "99107640", "99107660", "99108080", "99108330", "99112641", "99117740", "100109801", "100112060", "100116500", "100116790", "101108290", "101108580", "101108621", "101109000", "101109120", "101110150", "101116130", "101119591", "101121640", "102109840", "102109850", "102110850", "102112301", "103110050", "103113170", "103113260", "103113270", "103118291", "104111380", "104111711", "104113380", "104113550", "104114740", "104116441", "105111990", "105112100", "105112240", "105113330", "105115250", "105116090", "105116441", "105116980", "105119550", "105120621", "105121190", "106113830", "106114011", "106117790", "106121190", "107112850", "107113260", "107113550", "107116501", "107116980", "107117010", "107118490", "107118520", "107118780", "107118820", "107120010", "108113700", "108114360", "108115250", "108115970", "108116481", "108117720", "108121351", "109113281", "109113591", "109114220", "109116040", "109116441", "109116930", "109117431", "109117600", "109117730", "109119340", "109120621", "109121410", "110114610", "110115580", "110116290", "110116441", "110117500", "110118181", "110118630", "110118701", "110119891", "110120531", "110120700", "110121140", "110121170", "111114121", "111115620", "111116290", "111116530", "111120220", "111120591", "111121930", "112116610", "112116810", "112116900", "112118421", "112118581", "112118620", "112118701", "112118820", "112118880", "112119320", "112120630", "112121360", "113117401", "113117630", "113118111", "113118870", "113119300", "113119700", "113120280", "113120601", "113120640", "113120751", "113121010", "113121220", "113121980", "113122150", "113122170", "113122190", "113122650"], "labels": [2, 2, 1, 2, 2, 1, 1, 0, 2, 3, 0, 3, 0, 1, 1, 3, 3, 1, 1, 2, 0, 2, 2, 2, 0, 0, 0, 1, 1, 1, 2, 0, 2, 2, 1, 3, 1, 3, 3, 3, 2, 0, 3, 1, 1, 1, 2, 1, 2, 1, 1, 3, 2, 1, 1, 0, 1, 1, 2, 1, 1, 1, 2, 1, 0, 0, 1, 3, 1, 2, 2, 1, 3, 1, 0, 1, 1, 2, 0, 1, 3, 0, 3, 3, 0, 3, 0, 1, 1, 3, 3, 1, 0, 1, 1, 2, 3, 1, 1, 1, 3, 3, 0, 2, 3, 2, 0, 1, 2, 3, 3, 1, 1, 1, 3, 3, 3, 1, 3, 0, 0, 1, 1, 3, 3, 3, 0, 1, 0, 1, 0, 0, 2, 0, 1, 2, 3, 2, 2, 1, 1, 2], "predicted_labels": [2, 3, 1, 1, 0, 2, 1, 2, 1, 1, 2, 0, 3, 3, 1, 1, 0, 1, 0, 0, 3, 3, 3, 3, 1, 0, 0, 3, 3, 1, 1, 3, 1, 3, 2, 3, 0, 1, 0, 3, 2, 1, 2, 3, 3, 0, 3, 3, 1, 3, 0, 1, 3, 0, 1, 1, 1, 0, 1, 0, 1, 3, 3, 1, 1, 3, 1, 1, 3, 2, 0, 1, 1, 3, 3, 3, 0, 1, 3, 3, 3, 0, 0, 3, 1, 0, 0, 0, 0, 3, 3, 3, 0, 1, 3, 3, 3, 0, 1, 3, 3, 1, 0, 3, 0, 3, 0, 3, 3, 1, 0, 0, 2, 0, 2, 3, 3, 1, 3, 3, 0, 3, 3, 1, 3, 3, 0, 3, 1, 3, 0, 0, 1, 0, 0, 1, 3, 3, 3, 2, 3, 2], "confidence_scores": [[0.3660340637710622, 0.0528218351977112, 0.5175175660564656, 0.06362653497476112], [0.2159624826360284, 0.12530489884419285, 0.059277551470427285, 0.5994550670493515], [0.32501438761133933, 0.547743910771906, 0.0783339837525865, 0.04890771786416823], [0.2670867478988953, 0.7274709970258912, 0.004866866565053472, 0.0005753885101600597], [0.9042169937720259, 0.03127474505439157, 0.06345426649425592, 0.0010539946793264618], [0.0008209138977421681, 0.0013914111337462334, 0.9706959161497336, 0.027091758818778004], [0.3426549286588318, 0.37247181290558495, 0.27734471116615106, 0.0075285472694321355], [0.002001976041537483, 0.04651832631485726, 0.9507453223682026, 0.0007343752754028106], [0.013711316047063722, 0.7754208574844956, 0.2097062555042569, 0.0011615709641836695], [0.0005524746553623789, 0.8194373920925047, 0.17790619643475888, 0.002103936817373921], [0.020469814192517175, 0.020404639814497767, 0.8063477742304633, 0.15277777176252164], [0.9083435504685997, 0.001894610339840223, 0.010806887657477537, 0.07895495153408227], [0.0038040081846335743, 0.18525427812049072, 0.019748078799259806, 0.7911936348956159], [0.009316876311123807, 0.0004754470393977545, 0.01894462846814633, 0.9712630481813321], [0.04338146356440795, 0.8383190087400202, 0.045195994410859724, 0.07310353328471215], [0.1673479079457786, 0.45499569302289355, 0.00517131510501969, 0.3724850839263082], [0.660485815003647, 0.32637562871393344, 0.004922530271040209, 0.00821602601137937], [2.4952126762595806e-05, 0.9331941220183684, 0.0058109670439674375, 0.060969958810901566], [0.48353586826398076, 0.05874935816324431, 0.09297937000456348, 0.3647354035682114], [0.7330435108616152, 0.16712511696281368, 0.08085049257792444, 0.01898087959764656], [0.019569880575966963, 0.2919147170190479, 0.000374863807410929, 0.6881405385975742], [0.002643521845176445, 0.0026975889511276032, 0.00435663536697365, 0.9903022538367223], [0.021136562091240256, 0.017856700830464613, 0.12306631863634605, 0.837940418441949], [0.11193064446290452, 0.10718840817325197, 0.03998918406865661, 0.7408917632951869], [0.03308738674960935, 0.9411550168395503, 0.0029289039285606572, 0.022828692482279735], [0.7977829638943368, 0.005003158218878371, 0.07379026829051767, 0.12342360959626708], [0.6917942010455234, 0.3052720804958027, 0.0016020556383203172, 0.0013316628203535806], [0.0034787711440985385, 0.4283325916472076, 0.013268050487861524, 0.5549205867208323], [0.3850089471122199, 0.1033204911631228, 0.0041030230749015675, 0.5075675386497558], [0.0003441862637735217, 0.9945594498675853, 0.0031058461917938198, 0.001990517676847392], [0.030862034763902958, 0.9346119727126172, 0.02391514690052494, 0.010610845622954777], [0.03593324334060051, 0.013071031181513447, 0.008938412956745715, 0.9420573125211403], [0.0024173766057228744, 0.5908381607203401, 0.00021808298730438243, 0.4065263796866327], [0.014633874193833257, 0.0077901543747646825, 0.05570980407338424, 0.9218661673580177], [0.022192314570836945, 0.017368323910127586, 0.7823962825364186, 0.1780430789826168], [0.0008681797675005498, 0.01321128919006625, 0.039724530886136526, 0.9461960001562967], [0.9779945011094796, 0.0033341846999174157, 0.003362990271171892, 0.015308323919431129], [0.37697871032758706, 0.5730305038896286, 0.0016529086485777835, 0.048337877134206494], [0.4662809986192721, 0.28368015421543574, 0.2360957104103155, 0.013943136754976715], [0.002689133441337914, 0.006229271121344666, 0.025900502839126233, 0.9651810925981911], [0.07485531532309384, 0.004433564381965511, 0.7394230425642956, 0.181288077730645], [0.2728527764067588, 0.47552408364056803, 0.23976560157833976, 0.01185753837433341], [0.29402080127197133, 0.04752645328757863, 0.508642167183343, 0.1498105782571071], [0.0018585491166150413, 0.05218963608640116, 0.0005837858289200824, 0.9453680289680638], [0.1401152951721316, 0.005619510998048721, 0.0012897622285781309, 0.8529754316012416], [0.6509840422566684, 0.01488229609706156, 0.007376188802350916, 0.3267574728439192], [0.02470479377642815, 0.024981860958815105, 0.3089780824997353, 0.6413352627650214], [0.011205952991976421, 0.24233226479169215, 0.18680394980003415, 0.5596578324162973], [0.012330074159553076, 0.733798229305194, 0.020445917479694736, 0.23342577905555822], [0.1305326174151241, 0.0014066120906975881, 0.006750017840202213, 0.8613107526539762], [0.3388498887803932, 0.09801357865559598, 0.2741375048401865, 0.28899902772382424], [0.07816757339649237, 0.8896320680917891, 0.0020273562290843983, 0.030173002282634236], [0.02847386913276746, 0.1353561569168238, 0.161703653418179, 0.6744663205322297], [0.5957869720480884, 0.10304578031501614, 0.024991423149823836, 0.2761758244870717], [0.45025893819072715, 0.4614237995375342, 0.015883595255582576, 0.07243366701615608], [0.013258328365194983, 0.9750810151872735, 0.00025086726899532953, 0.011409789178536254], [0.04868074989269074, 0.5424292923799743, 0.13239027148370522, 0.2764996862436298], [0.6629615921257378, 0.08643663617243347, 7.083723643954642e-05, 0.2505309344653893], [0.18054279979498267, 0.5202685945958975, 0.2833518394019069, 0.01583676620721308], [0.9450404133736724, 0.0035652619153274377, 0.0013554006299255179, 0.050038924081074666], [0.01086993905236449, 0.9872583090063183, 0.0004816227337850117, 0.0013901292075322762], [0.0004052009672589424, 0.47525382697541974, 0.0036175584162468, 0.5207234136410746], [0.0014235688917167446, 0.002019571417075447, 0.0014054112429134206, 0.9951514484482943], [0.125258414734689, 0.7106402652851694, 0.14404919716584938, 0.02005212281429222], [0.007962852220393411, 0.9014036686189659, 0.02354308658139315, 0.06709039257924751], [0.1174036655532503, 0.2771020931395879, 0.247446087399222, 0.35804815390793987], [0.03445381094801409, 0.9116952301989736, 0.002648710348403302, 0.05120224850460892], [0.043016485966507145, 0.9569331596441872, 2.645644623855673e-05, 2.3897943066909665e-05], [0.053784855650306176, 0.37547514131444726, 0.06991716794538179, 0.5008228350898648], [0.30054862181540215, 0.031001255906798204, 0.6678597181747792, 0.0005904041030205108], [0.9896204167280469, 0.008051793851598554, 0.0018712584554431632, 0.00045653096491126674], [0.02410977166061729, 0.8573674463799107, 0.04701902690453917, 0.07150375505493274], [0.0005835489771526077, 0.98449686045463, 9.744895420374347e-06, 0.014909845672796969], [0.04046659662921872, 0.038486172723386086, 0.10637619379731826, 0.8146710368500769], [9.700651075810465e-05, 0.03163314200771603, 0.004553008965670626, 0.9637168425158553], [0.045214444976412395, 0.38384753678178446, 0.00023190105871709663, 0.5707061171830861], [0.5238214872656044, 2.6975665942993507e-05, 0.049573074924662515, 0.42657846214379014], [0.3038536989522738, 0.36990567738320485, 0.13189567359898824, 0.19434495006553307], [0.24671891443900065, 0.003876356757464904, 0.0006580797065194909, 0.7487466490970149], [0.003650397214750364, 0.0038448992908609557, 0.0017637602001108485, 0.9907409432942778], [0.06434766529298296, 0.17348404786875435, 0.017643175364567557, 0.744525111473695], [0.949574351342596, 0.006947603476858657, 0.014193554356332435, 0.029284490824212934], [0.5328504708003652, 0.0315868015580758, 3.6112132571785177e-05, 0.43552661550898725], [0.3269996568306525, 0.0008893640145933243, 0.002119020451307522, 0.6699919587034465], [0.018309899416144103, 0.6497691577644066, 0.011154388984125057, 0.32076655383532426], [0.9862861296007455, 0.00033642024293896195, 5.388015548142369e-06, 0.013372062140767393], [0.8337586608110286, 0.10822450611904033, 0.006070856005026725, 0.051945977064904364], [0.971569808263023, 0.01440130955592107, 0.001088362225038429, 0.012940519956017471], [0.5025168487642682, 0.06646323933174782, 0.30725716075213433, 0.1237627511518496], [0.21689503901304322, 0.028532015044081087, 0.0042470855207242565, 0.7503258604221514], [0.02585424435443662, 0.1420884641840215, 0.21343553391416017, 0.6186217575473818], [0.006416272104594427, 0.00021482183294385156, 0.0011331930454788772, 0.9922357130169828], [0.8815982168370524, 0.03693907678919316, 0.002959726269341227, 0.07850298010441306], [0.048522973606321906, 0.6258841514984862, 0.1506157807127009, 0.17497709418249102], [0.0014453124934047932, 0.04626124700575466, 0.01318389006268277, 0.9391095504381578], [0.24835193271772976, 0.0017463526653758844, 0.007115840272149744, 0.7427858743447446], [3.6038664143779864e-05, 0.003286503175538982, 0.000305793880553821, 0.9963716642797634], [0.8014899715076235, 0.03140120980496009, 0.002875708111914973, 0.16423311057550138], [0.07913947050256753, 0.8845745886575688, 0.02609894278277789, 0.010186998057085849], [0.28935286249355174, 0.06926407576745079, 0.032826366471335314, 0.6085566952676622], [0.0033736811792839105, 0.35486431119010725, 0.0003438738630372845, 0.6414181337675715], [0.4529847163771281, 0.5369252784533486, 0.004985722388917894, 0.005104282780605435], [0.9983791263074447, 0.0010789358541934428, 0.00015621420116884634, 0.0003857236371928858], [0.17563126911900143, 0.11598281310967289, 0.00535946300058221, 0.7030264547707434], [0.6921313405969953, 0.0030697563751747124, 0.0022718108564725907, 0.30252709217135726], [0.11512116700779428, 0.006866048584977268, 0.006844726539644915, 0.8711680578675836], [0.7030985690301322, 0.17265023751669498, 0.001432210853635962, 0.12281898259953676], [0.08920137843153811, 0.019725276050351386, 0.009087034769026081, 0.8819863107490845], [0.0023250978964673616, 0.10882729901327405, 0.02885428092995968, 0.8599933221602989], [0.00377445693454785, 0.8880077038975874, 0.0004990504300371132, 0.10771878873782786], [0.9823931690782587, 0.0019410362113119195, 0.015593904209548315, 7.189050088111565e-05], [0.9701998618326583, 0.0014862323604825215, 0.0006414449286382063, 0.027672460878221044], [0.016782173597963378, 0.12733051778718954, 0.8342635949313533, 0.02162371368349391], [0.9849137485683946, 0.009744607964948868, 0.00421279392504691, 0.001128849541609569], [0.0282918192569504, 0.0026505641773517693, 0.9385929027027442, 0.030464713862953657], [0.01180087383998886, 0.44738086609222577, 0.0085997383536728, 0.5322185217141125], [0.32763654551208, 0.0019135541690552729, 1.357943409561333e-06, 0.6704485423754551], [0.007555533647677942, 0.9832502012816129, 0.004237472069871354, 0.004956793000837853], [0.22063772573774734, 0.29656336645061054, 0.023069076266178927, 0.4597298315454631], [0.0764225135687925, 0.03236101351654583, 0.0003611669925722217, 0.8908553059220894], [0.9711386283554161, 0.005505434768367809, 0.00012497859348463807, 0.023230958282731366], [0.30960937510053627, 0.016158234400440088, 0.007660803944065553, 0.6665715865549581], [0.0012718456417985635, 0.4361888818483032, 0.07327522034224775, 0.4892640521676506], [0.2783648011727172, 0.3404534371250723, 0.10001896996320324, 0.2811627917390073], [0.22502266553787637, 0.08677598406689228, 0.02691683327954803, 0.6612845171156835], [0.010558001825990612, 0.10120755586693218, 0.00010604834177492684, 0.8881283939653023], [0.8909379316728749, 0.0020602988659550294, 0.006971850056622692, 0.1000299194045474], [0.15447782456175685, 0.2100363518462663, 0.0008496264176785207, 0.6346361971742984], [0.016352210614043558, 0.9753326853069835, 0.0008692299710998671, 0.007445874107873198], [0.007498936170539951, 0.00010586868642550286, 0.0004900920297402464, 0.9919051031132943], [0.6120098607071376, 0.034341432201207715, 0.0015082643553236664, 0.3521404427363311], [0.99839300484433, 5.185110404673228e-06, 1.726666318389845e-05, 0.0015845433820813022], [0.003360313295293687, 0.9725593654895711, 0.001079670672488055, 0.023000650542647234], [0.404233487260002, 0.2830658395210812, 0.0011823613735219755, 0.3115183118453948], [0.9890128654223459, 0.003104971735285824, 0.007029674767528274, 0.0008524880748400726], [0.00014865158828127384, 0.997442810713124, 0.0018506143086104855, 0.0005579233899841079], [0.06382710368500437, 0.32378765971239626, 0.030612865619090854, 0.5817723709835085], [0.4289243576375238, 0.0600794233370049, 0.004336920208832984, 0.5066592988166383], [0.00694066582863358, 0.4242853125640086, 0.006489624071707371, 0.5622843975356504], [0.001206680522849437, 0.19196771127870832, 0.6623664894287002, 0.14445911876974202], [0.00274407286786774, 0.019138549825770814, 0.006572616858005757, 0.9715447604483558], [7.034640889065135e-05, 0.011229277786444952, 0.9652480141611391, 0.023452361643525214]]}}