{"test": {"ids": ["98109311", "112120290", "101110740", "101114990", "97105760", "109118820", "103110100", "97106970", "99112641", "112117461", "98111620", "113122120", "109119591", "110115980", "108119330", "99111620", "112119500", "100111080", "104116800", "108113480", "97107260", "110118181", "111120190", "111120591", "107114780", "113122170", "112120640", "106117650", "106113360", "98108370", "104116980", "111120220", "109116170", "99113260", "108114670", "106117770", "108113700", "105121190", "98107340", "99107640", "98111670", "105113210", "99107300", "113122160", "110117110", "99111340", "103113101", "112119950", "109118701", "104113380", "112119320", "103109021", "105112100", "102113981", "110115580", "109115220", "106116370", "108119510", "104118340", "113119930", "113122220", "100108990", "112117790", "109115070", "108117610", "111121351", "107121640", "106113830", "111115620", "99114890", "111120280", "107113840", "104111380", "112116990", "101108290", "110115710", "101108621", "99107630", "102108621", "111116290", "108121351", "97107920", "110113591", "102112170", "101112540", "112119930", "111119150", "113122230", "111117200", "113120540", "100109000", "111115770", "103111620", "102114270", "98106111", "104113240", "113120531", "102116340", "99108460", "103110220", "113121190", "104111830", "110118111", "105120621", "107116980", "99109141", "112118550", "113118111", "110116170", "112120270", "113118810", "98110710", "104111780", "104119290", "108114220", "113118820", "112117571", "103120780", "111116750", "103110840", "110115250", "107116501", "99111440", "110114561", "112117030", "104110960", "111115910", "105115900", "105118740", "107121540", "113121410", "100108080", "97106591", "105118230", "113122190", "113120780", "111116090", "97108520", "103118291", "113117550", "113122650", "107118520"], "labels": [1, 1, 3, 3, 0, 3, 1, 2, 1, 0, 3, 1, 0, 1, 0, 3, 2, 0, 1, 0, 2, 1, 3, 1, 2, 1, 0, 1, 0, 1, 1, 3, 0, 0, 3, 0, 0, 2, 0, 1, 1, 3, 3, 3, 0, 1, 3, 0, 3, 1, 1, 0, 1, 1, 1, 3, 2, 1, 2, 1, 1, 2, 3, 0, 3, 0, 1, 1, 1, 2, 0, 3, 3, 0, 0, 2, 0, 2, 3, 2, 3, 0, 0, 3, 2, 1, 3, 1, 0, 3, 1, 3, 0, 3, 0, 2, 0, 3, 0, 2, 1, 3, 1, 1, 3, 3, 3, 1, 0, 0, 3, 2, 3, 1, 3, 0, 3, 1, 3, 1, 1, 1, 3, 0, 2, 2, 2, 3, 1, 2, 0, 0, 1, 1, 1, 0, 3, 2, 0, 3, 2, 2], "predicted_labels": [1, 3, 1, 1, 0, 3, 3, 1, 3, 3, 1, 3, 3, 3, 3, 1, 1, 1, 1, 1, 1, 3, 1, 3, 1, 3, 0, 3, 3, 3, 1, 1, 3, 3, 1, 3, 3, 1, 1, 1, 3, 3, 3, 1, 3, 2, 1, 0, 3, 3, 3, 3, 1, 1, 3, 3, 3, 3, 1, 3, 3, 1, 3, 1, 1, 0, 3, 0, 3, 1, 3, 1, 0, 3, 3, 3, 1, 3, 3, 3, 1, 3, 3, 3, 1, 3, 1, 1, 0, 3, 1, 3, 1, 1, 3, 1, 3, 1, 3, 1, 3, 1, 1, 3, 1, 1, 3, 1, 3, 3, 1, 1, 1, 3, 3, 3, 1, 3, 3, 1, 1, 3, 1, 3, 3, 1, 1, 1, 1, 1, 1, 3, 1, 1, 1, 3, 3, 1, 3, 1, 3, 1], "confidence_scores": [[0.21626724386724397, 0.3022146076146078, 0.21637103452103462, 0.2651471139971141], [0.222296017871018, 0.25356948051948075, 0.2242281024531025, 0.29990639915639916], [0.19009792429792435, 0.30969079984343173, 0.2533189792663477, 0.24689229659229658], [0.20358500388500397, 0.33079863469863485, 0.2156986624486625, 0.24991769896769905], [0.31022028249528233, 0.22420659618159627, 0.1742928737928739, 0.29128024753024756], [0.22449792707292723, 0.29245120745267805, 0.1766196062107828, 0.3064312592636123], [0.21663077302814154, 0.2767458050119816, 0.22338538222183738, 0.2832380397380397], [0.18917954487892583, 0.3217582544906076, 0.21595433063668362, 0.27310786999378345], [0.25009718614718623, 0.2709994200244202, 0.2073460761460762, 0.2715573176823177], [0.23407485292485297, 0.27798511488511485, 0.17466326451326453, 0.3132767676767678], [0.2075778776778776, 0.3042140415140416, 0.24599954489954498, 0.24220853590853603], [0.2297239649239651, 0.2797126734376734, 0.2087460539460541, 0.28181730769230784], [0.23723814877932534, 0.2784829301417537, 0.19416724582606945, 0.2901116752528518], [0.24864282939282936, 0.2537017760017761, 0.21778936618936623, 0.2798660284160284], [0.23485781555046276, 0.26233367743367747, 0.2120257203580734, 0.2907827866577867], [0.2006688727938729, 0.31174516594516616, 0.23525009435009453, 0.25233586691086707], [0.19182649850149852, 0.33033712676212673, 0.18176957601222313, 0.29606679872415165], [0.19931731601731614, 0.29866957486957485, 0.21263602508602514, 0.289377084027084], [0.20771295763060485, 0.3071872766122766, 0.18253273279008578, 0.30256703296703297], [0.20226830669330673, 0.2859982850482851, 0.23296036186036198, 0.2787730463980465], [0.1942178432678433, 0.29717134558252223, 0.24075526865291583, 0.267855542496719], [0.24204676630559002, 0.25663600321247393, 0.19231499693117346, 0.30900223355076323], [0.23742709039326698, 0.29210055695938036, 0.2111601537351539, 0.25931219891219887], [0.30715528090330735, 0.23425733009680388, 0.13840823204573202, 0.32017915695415694], [0.1979164502164503, 0.34030399045399046, 0.19217950937950945, 0.2696000499500501], [0.21878424386071452, 0.26501605534987904, 0.2180378554452086, 0.2981618453441981], [0.31708963699698994, 0.20585824730824748, 0.17033709460474172, 0.3067150210900212], [0.22644430683695402, 0.260943636918637, 0.24682717168452456, 0.2657848845598847], [0.22704451381951404, 0.2615869241869244, 0.18723309293046142, 0.3241354690631004], [0.20238248973248985, 0.27006844266844277, 0.21306620879120886, 0.31448285880785865], [0.15534746919746928, 0.3241069708069708, 0.2115523643023644, 0.3089931956931956], [0.2765877872127873, 0.29863826173826175, 0.15590152347652356, 0.26887242757242763], [0.2547651218062985, 0.27508905930670635, 0.18658200802465516, 0.2835638108623401], [0.21722465034965052, 0.2464875874125875, 0.23709218004218027, 0.29919558219558223], [0.23436899211899223, 0.3022531555046263, 0.1802141450053217, 0.2831637073710604], [0.23499161671661684, 0.272670576417047, 0.2026439601901367, 0.2896938466761996], [0.22578674299556656, 0.2791282568308885, 0.1985636179609865, 0.2965213822125586], [0.18630653235653236, 0.33649105143222785, 0.19095194250194256, 0.28625047370929724], [0.17809144744144748, 0.293565972915973, 0.289139493839494, 0.23920308580308597], [0.23036889046625897, 0.26809987789987805, 0.23520635095898268, 0.26632488067488064], [0.23809542679542692, 0.2528468475968476, 0.2227529581529583, 0.2863047674547674], [0.24617132393750063, 0.22878897050661767, 0.20369718255600608, 0.32134252299987603], [0.253082561882562, 0.24872999777999796, 0.17930940170940182, 0.3188780386280386], [0.26624419746919736, 0.2909459765724473, 0.15430622400475344, 0.2885036019536019], [0.24968622211122227, 0.26901645021645015, 0.20702422299922316, 0.2742731046731048], [0.1789300061050062, 0.29021446053946065, 0.29129804084804095, 0.23955749250749261], [0.2523898823398824, 0.2729390973405679, 0.21440022004139664, 0.26027080027815314], [0.3106352564102563, 0.21978729881229883, 0.1667833583083583, 0.3027940864690864], [0.2478336940836943, 0.28566084646347834, 0.16910493497730336, 0.2974005244755248], [0.2108518592518593, 0.2751880175380176, 0.1963157509157511, 0.31764437229437215], [0.18768924408924417, 0.2974714590964593, 0.19934314851814855, 0.31549614829614814], [0.215358904983905, 0.26808602312719954, 0.21221641528406235, 0.3043386566048331], [0.22263778639661003, 0.2840334427010899, 0.22771889026006678, 0.2656098806422337], [0.2410008027919794, 0.2933869083530849, 0.18123606148753224, 0.2843762273674038], [0.23516171573524525, 0.2813353058706001, 0.15599916390798763, 0.32750381448616733], [0.25980179542679555, 0.2799094128094129, 0.17409155011655023, 0.28619724164724175], [0.25841056998556994, 0.23952068487068487, 0.1872716006216006, 0.3147971445221445], [0.2413137473637474, 0.2632001110001109, 0.1668837190587191, 0.32860242257742267], [0.20643520091020087, 0.33010155122655105, 0.1677895104895106, 0.29567373737373753], [0.2507900535738771, 0.28344773396538114, 0.15645795397413048, 0.3093042584866116], [0.24168110500610512, 0.28276527916527944, 0.19257851315351326, 0.28297510267510273], [0.20345432067932073, 0.30516845099345097, 0.24168009963892317, 0.24969712868830535], [0.2686805194805195, 0.2614966117216117, 0.11510537240537247, 0.3547174963924964], [0.2487481407481409, 0.288697546897547, 0.21686376401376412, 0.24569054834054843], [0.1703527642292349, 0.3304753441003442, 0.1808700490685785, 0.3183018426018424], [0.2692027916527917, 0.2686879703629704, 0.1976541125541126, 0.2644551254301255], [0.24450582113964484, 0.2706289849039848, 0.19991835941835956, 0.2849468345380111], [0.3049626623376622, 0.2762495282495283, 0.1639944666444667, 0.25479334276834287], [0.2642331529581531, 0.2599212343212344, 0.16154743034743033, 0.3142981823731822], [0.17905177045177048, 0.32770204240204226, 0.21696004551004547, 0.2762861416361417], [0.2677991064491064, 0.21588625345242987, 0.2064054473304475, 0.30990919276801604], [0.2574423701298702, 0.2793079587079587, 0.1844557733932734, 0.2787938977688977], [0.2961548562548565, 0.2273100827277298, 0.18774291623409284, 0.2887921447833213], [0.23470401265401275, 0.2741505328005328, 0.19723506493506504, 0.2939103896103896], [0.28605772642390287, 0.2235399881164587, 0.18814295149295163, 0.302259333966687], [0.22296610962137295, 0.29922370962370975, 0.17608696858696868, 0.3017232121679492], [0.22489922299922308, 0.30271726606726607, 0.18480597180597186, 0.2875775391275391], [0.2756356726606728, 0.19119602619602616, 0.1773433621933622, 0.3558249389499389], [0.2901403096903095, 0.23972927464692195, 0.16470779024896667, 0.3054226254138019], [0.26753701576201555, 0.2416227661227663, 0.21660882450882474, 0.27423139360639376], [0.2647248973248973, 0.3385733155733154, 0.16308937173937182, 0.23361241536241534], [0.31132420912420905, 0.2034721983898455, 0.16739359529359535, 0.31780999719235004], [0.29945883724119027, 0.23017977937095596, 0.1624858233269998, 0.3078755600608542], [0.26954837107337115, 0.2123774780774782, 0.19378814796314797, 0.32428600288600296], [0.19404625097125103, 0.3384734043734042, 0.19602814244578962, 0.27145220220955507], [0.22915002775002788, 0.23109726939726932, 0.2580633699633699, 0.28168933288933273], [0.23964362304362308, 0.3047486291486293, 0.18742799977799993, 0.26817974802974803], [0.25168937319989965, 0.2665620836765574, 0.2350033050283052, 0.24674523809523818], [0.2938231895555427, 0.24905160395160394, 0.16454210070974776, 0.29258310578310587], [0.261793217893218, 0.27046910426175125, 0.15832908202908214, 0.3094085958159487], [0.17535910200910218, 0.31738931068931076, 0.19849888804006457, 0.30875269926152277], [0.28691416247151547, 0.2789584637584636, 0.14173761908026616, 0.2923897546897547], [0.20038278110778115, 0.2943454184704186, 0.2223599123099123, 0.28291188811188817], [0.19637693336075698, 0.30291581474081464, 0.24376654734154735, 0.256940704556881], [0.24111662030779688, 0.23289787989788002, 0.2579991916580153, 0.2679863081363081], [0.21694288766788783, 0.3047513514263514, 0.23497701465201482, 0.24332874625374637], [0.24463735986236, 0.2824795454545453, 0.16505329115329123, 0.30782980352980327], [0.22260856088356082, 0.2673797868797869, 0.2479219724719727, 0.2620896797646798], [0.2619204906204907, 0.2521254967254969, 0.1752581030081031, 0.31069590964590965], [0.21729561827061836, 0.2928063464313463, 0.2363159507159508, 0.25358208458208475], [0.23996048085901037, 0.304259090909091, 0.14498078898225963, 0.3107996392496392], [0.16527481962481969, 0.3263784437784437, 0.20571041736041756, 0.30263631923631906], [0.26703777333777345, 0.29696487401487387, 0.18147087912087914, 0.25452647352647356], [0.2768049617049617, 0.24688854756354756, 0.16012593240093242, 0.3161805583305583], [0.2651336718836718, 0.3136157786657786, 0.14085838605838608, 0.28039216339216344], [0.24532880452880462, 0.2849893226054992, 0.19427272368154735, 0.27540914918414916], [0.26249467754467753, 0.2407385725385728, 0.18724727494727497, 0.30951947496947496], [0.26155222269130946, 0.3190494980509687, 0.14287481211598865, 0.2765234671417334], [0.23988664505429214, 0.2994964479964482, 0.15587982736218028, 0.30473707958707963], [0.24983901931401944, 0.2739907092907092, 0.15332672605172612, 0.3228435453435453], [0.27462221112221125, 0.27558305583305587, 0.19795319517084228, 0.25184153787389085], [0.18850130784248445, 0.29243706767089117, 0.26247998586380944, 0.2565816386228151], [0.25102077644577653, 0.3392841103341104, 0.15387546065046076, 0.25581965256965267], [0.2599834910187853, 0.282262531912532, 0.16907269952269963, 0.2886812775459834], [0.26145404872904876, 0.27020074647574654, 0.16526944721944736, 0.3030757575757575], [0.272628157626687, 0.2693219058719059, 0.16845082972582975, 0.2895991067755774], [0.2108906621156623, 0.3230072455322456, 0.16671031746031748, 0.29939177489177493], [0.19160672089348563, 0.2674361674273441, 0.20987538703126943, 0.33108172464790087], [0.29044541814394764, 0.21237253857253854, 0.15925835553335566, 0.33792368775015835], [0.23569549894549907, 0.2919529637029635, 0.20368848651348664, 0.2686630508380508], [0.25597796794708566, 0.3020679550841316, 0.16713035265388224, 0.2748237243149008], [0.2554104395604397, 0.2657133977133977, 0.16175763680763697, 0.31711852591852563], [0.23764358696858698, 0.28473764013764014, 0.21543369685869687, 0.26218507603507607], [0.28432905183052243, 0.25001088633588636, 0.17851677929913237, 0.2871432825344589], [0.17591036186036188, 0.29375689147453843, 0.21170422910422917, 0.31862851756087074], [0.21727660117660128, 0.3058377561327562, 0.22789380952380953, 0.24899183316683338], [0.2598793650793651, 0.28233924963924983, 0.1786259601509602, 0.27915542513042524], [0.20125545565545572, 0.31573666056166055, 0.18706425796425805, 0.29594362581862593], [0.23256449661449669, 0.2870613442113441, 0.2326059201032886, 0.24776823907087078], [0.20156933899433924, 0.2855376648841353, 0.2370123445835211, 0.2758806515380046], [0.24926416361416376, 0.29852329337329325, 0.15683628593628596, 0.2953762570762572], [0.22700079365079365, 0.25983815351315365, 0.22908990013254735, 0.2840711527035057], [0.20651656741950858, 0.3308866558278324, 0.22095984591603804, 0.2416369308366214], [0.18732152569652571, 0.35067104562104573, 0.1853627622377623, 0.27664466644466656], [0.2307014005602242, 0.30051454656454674, 0.1760894419306184, 0.29269461094461086], [0.2225648720560486, 0.31108288749434254, 0.14774127363864215, 0.3186109668109667], [0.27977438672438676, 0.28300909090909077, 0.14412913022649865, 0.2930873921400238], [0.2175764430014432, 0.2748264874014874, 0.23350944333444332, 0.27408762626262634], [0.2639399045399046, 0.27160014430014434, 0.1668603757353758, 0.29759957542457544], [0.21620329947829964, 0.29014980852480865, 0.21134699744699742, 0.28229989454989457], [0.21566323676323687, 0.28291393328893333, 0.1958024392274393, 0.3056203907203909], [0.2545395116321588, 0.29831981906981914, 0.17966329944565243, 0.26747736985236986]]}, "rewritten": {"ids": ["97105760", "97106591", "97106970", "97107260", "97107920", "97108520", "98106111", "98107340", "98108370", "98109311", "98110710", "98111620", "98111670", "99107300", "99107630", "99107640", "99108460", "99109141", "99111340", "99111440", "99111620", "99112641", "99113260", "99114890", "100108080", "100108990", "100109000", "100111080", "101108290", "101108621", "101110740", "101112540", "101114990", "102108621", "102112170", "102113981", "102114270", "102116340", "103109021", "103110100", "103110220", "103110840", "103111620", "103113101", "103118291", "103120780", "104110960", "104111380", "104111780", "104111830", "104113240", "104113380", "104116800", "104116980", "104118340", "104119290", "105112100", "105113210", "105115900", "105118230", "105118740", "105120621", "105121190", "106113360", "106113830", "106116370", "106117650", "106117770", "107113840", "107114780", "107116501", "107116980", "107118520", "107121540", "107121640", "108113480", "108113700", "108114220", "108114670", "108117610", "108119330", "108119510", "108121351", "109115070", "109115220", "109116170", "109118701", "109118820", "109119591", "110113591", "110114561", "110115250", "110115580", "110115710", "110115980", "110116170", "110117110", "110118111", "110118181", "111115620", "111115770", "111115910", "111116090", "111116290", "111116750", "111117200", "111119150", "111120190", "111120220", "111120280", "111120591", "111121351", "112116990", "112117030", "112117461", "112117571", "112117790", "112118550", "112119320", "112119500", "112119930", "112119950", "112120270", "112120290", "112120640", "113117550", "113118111", "113118810", "113118820", "113119930", "113120531", "113120540", "113120780", "113121190", "113121410", "113122120", "113122160", "113122170", "113122190", "113122220", "113122230", "113122650"], "labels": [0, 1, 2, 2, 0, 2, 0, 0, 1, 1, 2, 3, 1, 3, 2, 1, 0, 3, 1, 3, 3, 1, 0, 2, 0, 2, 1, 0, 0, 0, 3, 2, 3, 3, 3, 1, 3, 3, 0, 1, 2, 1, 0, 3, 0, 1, 2, 3, 3, 3, 2, 1, 1, 1, 2, 1, 1, 3, 3, 1, 1, 1, 2, 0, 1, 2, 1, 0, 3, 2, 1, 3, 2, 2, 1, 0, 0, 3, 3, 3, 0, 1, 3, 0, 3, 0, 3, 3, 0, 0, 0, 1, 1, 2, 1, 0, 0, 1, 1, 1, 3, 2, 3, 2, 3, 0, 3, 3, 3, 0, 1, 0, 0, 2, 0, 3, 3, 3, 1, 2, 1, 0, 0, 1, 0, 3, 1, 3, 0, 1, 0, 3, 0, 1, 0, 1, 3, 1, 1, 1, 1, 2], "predicted_labels": [0, 1, 1, 3, 0, 0, 3, 1, 3, 1, 1, 1, 3, 0, 3, 3, 1, 3, 1, 1, 1, 1, 1, 1, 1, 1, 1, 1, 0, 3, 1, 1, 3, 0, 0, 3, 1, 1, 1, 3, 1, 3, 1, 3, 0, 1, 1, 3, 1, 3, 1, 1, 3, 1, 1, 3, 3, 0, 3, 1, 1, 3, 1, 3, 3, 0, 3, 3, 0, 1, 3, 1, 3, 1, 1, 1, 1, 0, 3, 1, 0, 3, 1, 1, 3, 3, 1, 1, 0, 3, 3, 0, 3, 1, 0, 3, 1, 0, 1, 3, 3, 1, 3, 3, 3, 3, 1, 3, 1, 3, 0, 1, 3, 1, 1, 3, 3, 3, 3, 3, 3, 3, 1, 3, 3, 1, 3, 1, 0, 3, 3, 3, 3, 3, 3, 1, 1, 1, 3, 1, 3, 3], "confidence_scores": [[0.330293217893218, 0.22485780330780347, 0.14616578421578427, 0.2986831945831944], [0.2545593612270084, 0.28712519147519155, 0.19336906426906436, 0.2649463830287361], [0.22013795648795656, 0.2869969760631526, 0.20842946089857847, 0.2844356065503126], [0.20979015984016006, 0.2709781551781552, 0.2461976412476414, 0.2730340437340439], [0.3542251351589588, 0.18273272087389733, 0.1466048451548452, 0.316437298812299], [0.27674522422022435, 0.25565129315129337, 0.21177241647241665, 0.2558310661560662], [0.26129249524984827, 0.247739340398164, 0.18284599207981575, 0.30812217227217215], [0.1846806360306361, 0.3078167804417805, 0.24823328615828624, 0.25926929736929744], [0.22540357257121962, 0.27522423687423686, 0.1905472210795741, 0.30882496947496946], [0.24989447578565238, 0.27522480297480323, 0.2022806657394893, 0.2726000555000555], [0.1701944888444889, 0.3269206238206239, 0.2261240537240539, 0.27676083361083376], [0.16434338439338453, 0.3260563936063937, 0.2788333000333002, 0.23076692196692197], [0.20939721912074846, 0.2706414085914085, 0.23238747396394474, 0.28757389832389824], [0.2928874125874126, 0.2636842530019003, 0.16557514152514158, 0.277853192885546], [0.3017753718503719, 0.20561388333888347, 0.18065334861217225, 0.31195739619857266], [0.23114746364746366, 0.24859861641626352, 0.19034212258329913, 0.329911797352974], [0.24208714479964485, 0.3318245976245977, 0.1881784229659231, 0.23790983460983467], [0.2570989121989122, 0.2801397213897212, 0.17741618381618388, 0.28534518259518266], [0.2206970307470308, 0.30372667332667314, 0.25141920856920863, 0.22415708735708753], [0.21954692888810545, 0.29292963735610794, 0.20663943001443003, 0.280884003741357], [0.19419032634032637, 0.3149441919191921, 0.2278359890109892, 0.2630294927294928], [0.27141683039183034, 0.2974486679986679, 0.19140722055722065, 0.23972728105228094], [0.2399283272283274, 0.2747941530691532, 0.22619304584304598, 0.259084473859474], [0.2328339063714063, 0.2967717948717947, 0.21869614135864138, 0.2516981573981576], [0.22607144938394946, 0.32030140692640696, 0.2003791167166167, 0.2532480269730272], [0.21117093331505102, 0.3017011746423512, 0.22773689056041996, 0.25939100148217803], [0.2090778554778556, 0.2992336219336217, 0.21543828393828401, 0.27625023865023873], [0.21943244010891075, 0.3117232026143789, 0.19187331720567016, 0.27697104007104], [0.3055572597337303, 0.24925396711132, 0.18168577174459535, 0.26350300141035443], [0.25509229104229103, 0.2613587670499436, 0.17895662115662125, 0.30459232075114423], [0.18189212552153725, 0.32468421476184617, 0.23061362432716934, 0.26281003538944714], [0.23660232092468947, 0.2897239871239871, 0.1885586320112636, 0.28511505994005987], [0.1769422688422689, 0.2956742396492398, 0.22066494338994347, 0.3067185481185481], [0.2832650377400379, 0.2344109224109225, 0.2061637695637697, 0.2761602702852704], [0.2822181623931623, 0.24222930957930963, 0.20878907122289486, 0.26676345680463337], [0.25514233821733834, 0.2566875650063732, 0.19347028188529755, 0.2946998148909914], [0.22257143134643137, 0.33464511322011326, 0.19224719169719168, 0.2505362637362639], [0.22020449272949275, 0.30989982239982244, 0.18968975468975469, 0.28020593018093015], [0.24118425496072565, 0.29171244066391144, 0.2027680130327189, 0.2643352913426444], [0.24348607503607536, 0.2733447385947386, 0.1926751526251527, 0.29049403374403376], [0.19342053779553794, 0.30312936312053973, 0.21383282860929942, 0.28961727047462354], [0.23167126068376082, 0.30163851148851145, 0.16436649045399052, 0.30232373737373763], [0.18842428682428694, 0.3319365939615941, 0.22585788933288936, 0.2537812298812299], [0.21792769452769453, 0.2532309781721547, 0.2511456158220865, 0.27769571147806454], [0.31246915029415046, 0.25536524309024333, 0.16149006549006562, 0.2706755411255413], [0.24284545323957096, 0.2920266269678036, 0.17861270918623876, 0.28651521060638685], [0.21805275835275853, 0.28151626429126436, 0.22510974417739116, 0.2753212331785862], [0.25584559052059047, 0.25692231657231657, 0.20416668413286085, 0.2830654087742323], [0.2589353896103897, 0.2982040154290153, 0.16687488622488628, 0.2759857087357086], [0.20646386391386398, 0.26634752469752476, 0.24292345432345447, 0.2842651570651569], [0.2088983165527284, 0.32567340714840737, 0.1893547904709671, 0.2760734858278976], [0.22521072261072272, 0.2727474192474193, 0.2308292596292597, 0.27121259851259844], [0.2461077422577422, 0.2727436896436896, 0.1738605783105784, 0.3072879897879898], [0.1932783327783328, 0.2990523984185749, 0.255635090236561, 0.25203417856653165], [0.2183408535908537, 0.32261588411588404, 0.15927791652791654, 0.29976534576534586], [0.25091119436119436, 0.272613053613054, 0.19643447108447115, 0.2800412809412809], [0.2576516761016761, 0.2564630702630703, 0.20205849150849148, 0.2838267621267622], [0.32176102231102216, 0.22542864357864356, 0.1547521145521147, 0.29805821955821943], [0.22166234598734613, 0.29024576534576535, 0.1853213564213566, 0.3027705322455322], [0.19420959742012384, 0.3316455169099904, 0.21995444392209107, 0.25419044174779476], [0.2578763403263403, 0.3126858141858145, 0.19393261183261196, 0.2355052336552338], [0.28446826923076934, 0.24117324619824612, 0.16095423326673336, 0.3134042513042514], [0.20070990871873243, 0.3273631828955358, 0.1817663003663004, 0.29016060801943155], [0.2696232274261687, 0.2760210483960484, 0.1725008733096968, 0.2818548508680862], [0.2366715867465869, 0.258605178155178, 0.188713381063381, 0.3160098540348538], [0.3054626429126428, 0.2447292190265875, 0.2036400256176571, 0.2461681124431127], [0.2540071825233591, 0.23309371461871475, 0.25282693580928883, 0.2600721670486376], [0.2159604784104785, 0.24787718392718394, 0.20911424131424142, 0.32704809634809623], [0.27689073981574, 0.2683695415695416, 0.19750216450216446, 0.25723755411255417], [0.1938793401043403, 0.30024273957037106, 0.2535973342447027, 0.2522805860805862], [0.23517978083148355, 0.2980821000980444, 0.16708305028305037, 0.2996550687874218], [0.25811391941391953, 0.3124756632256634, 0.1435735375735377, 0.2858368797868799], [0.20214900295782667, 0.30747120277383433, 0.18262714887451748, 0.307752645393822], [0.2208202242202242, 0.3125949217449217, 0.20000226440226448, 0.2665825896325898], [0.2070454555248673, 0.2920695110445112, 0.21457806996924653, 0.28630696346137513], [0.21056727994228003, 0.3029991563991564, 0.18648011155511177, 0.29995345210345226], [0.2062845820845822, 0.2986048701298703, 0.20416462426462437, 0.29094592352092347], [0.29622296314796315, 0.23640586080586085, 0.18056829836829852, 0.286802877677878], [0.24162301032301045, 0.2484358169608169, 0.2317091836268308, 0.27823198908934194], [0.18923914451561524, 0.3358265234765233, 0.16771906949259904, 0.30721526251526265], [0.29647918747918744, 0.24185131535131543, 0.16660042735042752, 0.2950690698190699], [0.2459294150294151, 0.26274872349872364, 0.17726636419136435, 0.3140554972804975], [0.2577953379953381, 0.29200028305028297, 0.20104195804195815, 0.24916242091242088], [0.21594055111555124, 0.32305988227458815, 0.18902292935822365, 0.27197663725163734], [0.25316241405653167, 0.2551747566159332, 0.17678649096002041, 0.3148763383675148], [0.20590701798201805, 0.2826787939184999, 0.19089642530671955, 0.3205177627927628], [0.2566166760140446, 0.2832325930175777, 0.18433540022069445, 0.27581533074768366], [0.24074995429407192, 0.29012791456909104, 0.20670484482837434, 0.262417286308463], [0.3034539512774806, 0.25198774003774016, 0.16463740148740155, 0.2799209071973779], [0.2747260329969308, 0.2316421134421136, 0.19284428883809687, 0.3007875647228589], [0.24777232016349685, 0.26959071516718586, 0.20555470085470082, 0.277082263814617], [0.29833448495948495, 0.2940989094239095, 0.15113495948495959, 0.2564316461316461], [0.23581986901986915, 0.2657393701070171, 0.20738678902796556, 0.2910539718451483], [0.2622697052947053, 0.3105758380508379, 0.18073200688200705, 0.24642244977244995], [0.2859321345321344, 0.2685992951492953, 0.19556926406926406, 0.2498993062493064], [0.23294998857351804, 0.28534039294039293, 0.173073241464418, 0.3086363770216712], [0.2576936744542008, 0.27183752767700137, 0.23021076701076723, 0.24025803085803088], [0.28935491555228393, 0.24691726051726057, 0.1994053297579615, 0.26432249417249426], [0.2358895715395717, 0.2897286189300897, 0.19365437503672808, 0.28072743449361104], [0.2157367503841189, 0.22960831113331118, 0.20530035695298868, 0.3493545815295816], [0.22121130536130543, 0.27523663003662996, 0.2148524864024865, 0.288699578199578], [0.24561925296925308, 0.28163671328671336, 0.22464352869352874, 0.2481005050505053], [0.24962835220335236, 0.2725094960594961, 0.16267976467976472, 0.31518238705738705], [0.23871719391719404, 0.2530296961208726, 0.1952756385771093, 0.3129774713848244], [0.2616621600621601, 0.23766170496170505, 0.17620931290931294, 0.32446682206682215], [0.24699979628214935, 0.25700870077634785, 0.21104112945877648, 0.28495037348272634], [0.23677385947385954, 0.2997456376956378, 0.1800712176712179, 0.283409285159285], [0.23432729872466723, 0.2715831315743081, 0.18146328487474, 0.31262628482628485], [0.27988916638916633, 0.34253177933177925, 0.15943606948606956, 0.2181429847929848], [0.27306129148629155, 0.24074769756387418, 0.19144444444444458, 0.2947465665053899], [0.3471631493506494, 0.20224953102453122, 0.17542426878676895, 0.27516305083805065], [0.27613140748140735, 0.2839206904206906, 0.17469452769452787, 0.26525337440337443], [0.23591138861138883, 0.26444771894771907, 0.2109353979353981, 0.28870549450549454], [0.2259072566322567, 0.29092878347143053, 0.21966157535275177, 0.2635023845435611], [0.2987790767239298, 0.30147035546153195, 0.12706189504939508, 0.2726886727651433], [0.2000555065033008, 0.2878512709512709, 0.18644220362970373, 0.3256510189157249], [0.29211794316794315, 0.23390943223443236, 0.16232835497835513, 0.3116442696192696], [0.26737534132534135, 0.24565176490176494, 0.18589472194472204, 0.30107817182817176], [0.1953164446664448, 0.2858038295038295, 0.20330535575535574, 0.31557437007436995], [0.25416155233655235, 0.27401759351759364, 0.19231075868575878, 0.2795100954600956], [0.23820346597846614, 0.2641974636474636, 0.22442317404817425, 0.2731758963258963], [0.25795790598290597, 0.2546251304251305, 0.1916712454212455, 0.29574571817071843], [0.23542815934065947, 0.3032800782550782, 0.2063223235098237, 0.25496943889443907], [0.22406811521811543, 0.2566108585858585, 0.21071742424242437, 0.30860360195360204], [0.2861229468244174, 0.2418169227830994, 0.1790776573100103, 0.2929824730824732], [0.23449759684759705, 0.2826380230880231, 0.23745754800754817, 0.24540683205683209], [0.2668075147075149, 0.2801199716949718, 0.1627537074037076, 0.2903188061938065], [0.2293449716949718, 0.3001058164058164, 0.1999680874680875, 0.27058112443112464], [0.29745887723387715, 0.2559959762459763, 0.16216565934065946, 0.28437948717948713], [0.24079867354867368, 0.2747526556776559, 0.19303362470862478, 0.29141504606504615], [0.2334345308286485, 0.2696855882679412, 0.17475161113396417, 0.3221282697694464], [0.2684937229437231, 0.2720309912309912, 0.157749150849151, 0.3017261349761348], [0.20753703343440186, 0.31933621378621385, 0.15067921698184863, 0.32244753579753604], [0.2254593850593853, 0.2559812770562773, 0.18869262404262413, 0.32986671384171407], [0.2340416527916529, 0.29413701298701306, 0.17721292041292042, 0.2946084138084138], [0.1936935592185593, 0.2918576146076148, 0.2267974164724166, 0.2876514097014098], [0.21647298257298261, 0.31490581085581076, 0.1838067765567766, 0.2848144300144299], [0.21765398408780776, 0.3001628046789811, 0.2040290404040405, 0.2781541708291709], [0.21223382728382748, 0.29325885225885234, 0.2000764513264514, 0.2944308691308692], [0.2565422025686734, 0.2878757084418849, 0.17650923406658708, 0.2790728549228549], [0.2630408294320059, 0.27380103817750884, 0.18375306082806103, 0.2794050715624245], [0.20386887556887567, 0.28715188700188715, 0.21419910644910645, 0.294780130980131]]}}