{"test": {"ids": ["106117790", "103113210", "109120560", "110114720", "102109840", "109121351", "113119340", "101110150", "101108580", "102111990", "101111140", "99108010", "101109120", "105117431", "111119290", "110119891", "112121030", "103111620", "105114220", "110118880", "109116441", "104119290", "104110960", "99109910", "98110230", "112118890", "107114490", "103110760", "113117550", "106121190", "105116860", "106120290", "106120640", "105113330", "107113170", "99108460", "101108370", "106116820", "113121190", "97106000", "102110500", "104111880", "108118520", "110117870", "104114230", "113120540", "105115900", "99107300", "108118291", "106113830", "99108520", "102117351", "99112531", "109115220", "107113550", "98117740", "105110251", "106118301", "100112060", "113122510", "110121140", "112117210", "104117630", "101111310", "102112170", "112116900", "112118880", "108120700", "100111270", "103109021", "109117600", "98106680", "104113000", "101108500", "108118060", "110116300", "102118380", "111121220", "113121810", "109118820", "105116090", "108118630", "111115770", "110117140", "102112030", "105118740", "106114321", "102108621", "97112300", "99105921", "105116980", "100109910", "110114920", "109119010", "104113240", "108113620", "105115250", "106115240", "110118301", "99112641", "111117200", "105115680", "107115250", "100111080", "113119950", "113119120", "105116650", "100107920", "110119300", "101110740", "102116340", "98108520", "111119930", "107112850", "112116290", "103117461", "111115910", "105116441", "102110750", "100109801", "110115580", "99107630", "106117770", "103111110", "99109370", "100120780", "108115970", "98111620", "110114950", "107119130", "110121720", "104114240", "113118690", "99108580", "110115980", "99117740", "98121790", "111120320", "112116451", "112121351", "110119030", "97116800"], "labels": [1, 3, 1, 3, 2, 0, 0, 1, 0, 2, 2, 2, 1, 1, 3, 3, 0, 0, 3, 0, 3, 1, 2, 2, 3, 3, 3, 1, 3, 2, 2, 2, 3, 3, 0, 0, 1, 1, 1, 0, 3, 3, 0, 3, 2, 3, 3, 3, 3, 1, 2, 1, 3, 3, 0, 2, 0, 1, 2, 2, 3, 1, 0, 3, 3, 3, 1, 2, 2, 0, 1, 1, 1, 3, 1, 3, 1, 3, 2, 3, 1, 1, 3, 3, 2, 1, 2, 3, 2, 1, 0, 2, 3, 3, 2, 3, 2, 1, 1, 1, 0, 2, 2, 0, 0, 3, 1, 0, 1, 3, 3, 2, 1, 1, 0, 0, 2, 1, 1, 0, 1, 2, 0, 3, 1, 1, 2, 3, 0, 1, 3, 0, 3, 0, 1, 2, 2, 1, 0, 0, 0, 0], "predicted_labels": [3, 3, 3, 1, 1, 0, 3, 3, 1, 1, 3, 1, 1, 1, 1, 1, 3, 1, 1, 3, 0, 1, 1, 3, 3, 1, 3, 3, 1, 1, 1, 3, 1, 3, 3, 0, 3, 3, 1, 3, 0, 1, 0, 3, 3, 1, 1, 0, 1, 0, 1, 0, 1, 1, 3, 1, 0, 0, 3, 1, 3, 1, 1, 1, 3, 3, 3, 1, 1, 1, 3, 3, 1, 3, 1, 3, 1, 1, 1, 3, 1, 3, 0, 0, 1, 1, 1, 0, 3, 1, 3, 1, 1, 1, 1, 1, 3, 1, 3, 1, 0, 1, 3, 3, 3, 1, 1, 0, 3, 1, 3, 0, 1, 1, 0, 3, 3, 1, 1, 1, 0, 3, 3, 1, 0, 3, 1, 1, 3, 3, 1, 3, 1, 1, 3, 0, 1, 3, 0, 1, 3, 0], "confidence_scores": [[0.2159710567210567, 0.24945208680208708, 0.21543483358746512, 0.31914202288939136], [0.22644425574425578, 0.2856121156621157, 0.1967970862470864, 0.2911465423465424], [0.2915723387723388, 0.2229538794538798, 0.1839866466866468, 0.30148713508713526], [0.2201278055278056, 0.30670121545121537, 0.20580531135531133, 0.2673656676656677], [0.2640694527694529, 0.30177518037518025, 0.1809734654234655, 0.2531819014319015], [0.3317544455544454, 0.2673303696303695, 0.1477017926517927, 0.2532133921633924], [0.2825089688089688, 0.26511891996892, 0.16022622830386007, 0.29214588291825144], [0.27204555999556007, 0.27666362526362526, 0.1629045954045955, 0.2883862193362193], [0.279460556110556, 0.3019059440559442, 0.14463309468309468, 0.2740004051504054], [0.2654266011766012, 0.2920919191919193, 0.17178629148629157, 0.27069518814518817], [0.2750371239871239, 0.233654987822635, 0.16066429681429678, 0.3306435913759442], [0.26167837440337444, 0.3511637362637363, 0.15813851703851703, 0.22901937229437233], [0.2599085053835054, 0.27129975579975596, 0.2108371794871795, 0.2579545593295594], [0.25666240426240433, 0.2990001304251304, 0.1659001387501388, 0.2784373265623265], [0.21706693306693328, 0.3162315712065713, 0.21134512432012448, 0.25535637140637146], [0.23262098506069115, 0.344985413279531, 0.16187071817071827, 0.2605228834890601], [0.28901980241980246, 0.26069997224997227, 0.13794640637140637, 0.3123338189588188], [0.2356974192474193, 0.2944599844599844, 0.1919626651126653, 0.27787993117993126], [0.26136208513708525, 0.284149531024531, 0.1822478410478411, 0.2722405427905429], [0.28407793872793896, 0.2515790570540571, 0.12872059329559335, 0.33562241092241085], [0.31864191364191347, 0.27430256410256415, 0.11669534354534361, 0.29036017871017866], [0.2621370795870796, 0.30858034743034735, 0.18321865356865372, 0.2460639194139194], [0.21314166111666122, 0.30884369796869804, 0.2109287740037741, 0.2670858669108671], [0.21838026418026427, 0.2784917637917638, 0.19239952824952847, 0.3107284437784437], [0.2668927683427683, 0.28890777278277274, 0.14990938783438795, 0.2942900710400711], [0.25047080697080704, 0.2738928071928075, 0.20499381729381727, 0.2706425685425685], [0.24250096570096588, 0.26924085914085905, 0.1798877511377512, 0.3083704240204241], [0.25011359522830123, 0.2599474595665774, 0.19926679709179726, 0.29067214811332476], [0.20354183594183603, 0.29536188256188256, 0.2181109834609835, 0.28298529803529826], [0.20262742257742264, 0.30744065019947375, 0.21928823757941412, 0.27064368964368984], [0.25180578310578317, 0.29175702075702076, 0.2201873959373961, 0.2362498001998004], [0.21286893661893663, 0.2857294924030217, 0.1925570729923671, 0.30884449798567465], [0.23522289932289936, 0.33427695082695086, 0.18728962344844716, 0.24321052640170296], [0.2550899544899546, 0.2670209956709959, 0.13915409035409046, 0.33873495948495963], [0.274660594960595, 0.2542727161727163, 0.1773668553668554, 0.2936998334998335], [0.31842162559662557, 0.2471209901209903, 0.1427366050616052, 0.2917207792207792], [0.28981198801198815, 0.27161956376956403, 0.13377275502275507, 0.3047956931956933], [0.2316826146076148, 0.2684428626928628, 0.20241990786990785, 0.29745461482961505], [0.23217716172716185, 0.35880929070929063, 0.16102593517593522, 0.2479876123876125], [0.21124937284937295, 0.26716671661671687, 0.24241794316794327, 0.2791659673659673], [0.3321577644577642, 0.214448756798757, 0.16206167721167733, 0.2913318015318017], [0.2001498152174624, 0.3433665223665224, 0.22406372124607427, 0.2324199411699413], [0.2934125041625041, 0.2821439615939616, 0.15558529248529251, 0.2688582417582419], [0.23271759906759915, 0.28246698856698854, 0.19772943722943737, 0.28708597513597517], [0.24845422355422347, 0.2641875513375514, 0.17108709068709071, 0.3162711344211344], [0.2741029304029303, 0.29935727605727624, 0.1513686480186481, 0.2751711455211457], [0.21300950438450436, 0.3308353174603174, 0.18952654012654008, 0.26662863802863807], [0.30350216172716155, 0.23994914529914535, 0.18088997668997686, 0.2756587162837164], [0.26599815184815195, 0.33638868908868885, 0.1296447413697414, 0.26796841769341767], [0.3086185786435788, 0.23337775002775024, 0.18027994782994786, 0.27772372349872354], [0.24726933899433912, 0.28067781940281933, 0.209144982794983, 0.26290785880785894], [0.32275478410478414, 0.2996979575979577, 0.11081608946608953, 0.2667311688311689], [0.2784362942612944, 0.3091085830835832, 0.20211346431346444, 0.2103416583416584], [0.27361517926517925, 0.2883664973914975, 0.1909123792873794, 0.2471059440559443], [0.24508712398712396, 0.2901380563880566, 0.17440755910755923, 0.29036726051726053], [0.21944093014828317, 0.3229362803862805, 0.21999556844084728, 0.23762722102458947], [0.3381827288724346, 0.2873331377772557, 0.13009595959595963, 0.24438817375435032], [0.3454958707958707, 0.2363721556221557, 0.13443840048840053, 0.28369357309357307], [0.24853661893661896, 0.24681020646020652, 0.18963764568764568, 0.3150155289155292], [0.22622212232212235, 0.318787828837829, 0.20454612054612067, 0.2504439282939284], [0.29527727827727834, 0.2536168054168056, 0.15258681873681873, 0.29851909756909784], [0.25605056610056626, 0.33226117216117207, 0.17388203638466787, 0.2378062253535939], [0.19880642413142424, 0.29275086580086573, 0.21968392995893002, 0.2887587801087801], [0.2383031968031969, 0.2855857808857811, 0.2169329587079587, 0.2591780636030638], [0.27275112665112666, 0.22912720612720622, 0.1689652458652459, 0.32915642135642126], [0.27176232656232674, 0.2727730130980131, 0.1762256521256522, 0.2792390082140083], [0.27856630267139393, 0.2689016150516153, 0.16906466227009712, 0.2834674200068936], [0.24772471058353426, 0.3669114663114662, 0.15171212121212121, 0.23365170189287854], [0.22172132671250325, 0.3076637715225952, 0.2271170496170497, 0.24349785214785222], [0.2704508491508493, 0.3198609612609612, 0.14899970584970593, 0.26068848373848397], [0.2555568793951147, 0.2510572760572762, 0.18339906482406496, 0.30998677972354444], [0.2643515925251219, 0.2636782436517731, 0.20575785391079515, 0.26621230991231015], [0.22675231271995988, 0.3018991841491844, 0.19390932009167303, 0.277439183039183], [0.23436398601398606, 0.25572289377289387, 0.23437122322122322, 0.2755418969918971], [0.2403276945276946, 0.31661029248529254, 0.16221950549450548, 0.28084250749250755], [0.2529379009879012, 0.2696856032856035, 0.18004154179154186, 0.297334953934954], [0.20762619406737073, 0.330297132605956, 0.19105365745365757, 0.271023015873016], [0.2628250915750916, 0.30357687867687855, 0.1537308635808636, 0.27986716616716617], [0.2300469641469642, 0.3128284437784438, 0.2101892846919164, 0.24693530738267588], [0.2595689088689089, 0.2582062437562439, 0.15170306915306928, 0.33052177822177803], [0.2529412642912644, 0.2990565101565103, 0.17397471417471422, 0.2740275113775114], [0.22582841602841608, 0.24815028305028317, 0.25305376845376854, 0.27296753246753264], [0.2824908924408926, 0.27416137196137186, 0.16429103674103673, 0.2790566988566989], [0.32396772671772656, 0.26480082695082724, 0.14328845598845605, 0.26794299034299024], [0.21635011841443746, 0.27531705922216776, 0.2504402982208709, 0.2578925241425242], [0.21902723942723953, 0.3019573315573316, 0.21927829392829412, 0.25973713508713514], [0.28668828393828394, 0.3089599372849373, 0.1378243728493729, 0.2665274059274061], [0.31854335941835926, 0.2901779720279721, 0.14156447718947732, 0.2497141913641915], [0.2796482350982352, 0.23139239926739946, 0.17265344377844394, 0.316305921855922], [0.2622321373071374, 0.30751113053613044, 0.1569718115218116, 0.2732849206349207], [0.2357567044067045, 0.27928517593517593, 0.158969413919414, 0.3259887057387058], [0.205337698575934, 0.2834000963089197, 0.23932005021122682, 0.27194215490391965], [0.2522923964923966, 0.2913617882117883, 0.20209753579753587, 0.25424827949827955], [0.1972155511155511, 0.33415185092685107, 0.2386914668664669, 0.22994113109113123], [0.26904607614607606, 0.27770825677590383, 0.20856232819468118, 0.24468333888333887], [0.23662202797202805, 0.3209238677988678, 0.13509066766566774, 0.3073634365634363], [0.20007765713818365, 0.26615123487623477, 0.24819708347208352, 0.2855740245134982], [0.29008273948273944, 0.32328402708402704, 0.14260707070707077, 0.24402616272616282], [0.28501830946830947, 0.26110658230658246, 0.13670314685314697, 0.31717196137196146], [0.2539202575202576, 0.31586829004329015, 0.14012463369963382, 0.29008681873681874], [0.330652047952048, 0.2655650516150518, 0.14353726828726832, 0.26024563214563223], [0.17945571650571648, 0.3308145021645022, 0.23845636585636593, 0.25127341547341553], [0.22875971805971812, 0.2739629592629594, 0.2071565656565657, 0.29012075702075707], [0.25876974417313287, 0.26035141721024085, 0.1633782098336447, 0.31750062878298163], [0.28564047619047633, 0.24179407814407827, 0.11864215229215234, 0.3539232933732937], [0.2841455155955156, 0.32371363636363637, 0.1343905205905207, 0.25775032745032755], [0.1721896769896772, 0.32094834609834594, 0.23557123709623728, 0.27129073981574003], [0.338336025086025, 0.28750264180264173, 0.14744518814518806, 0.226716144966145], [0.252806197397374, 0.27555183705183717, 0.1569840806252572, 0.31465788492553187], [0.24307121767121778, 0.279637012987013, 0.22580894105894112, 0.25148282828282825], [0.23908131868131874, 0.24083065268065265, 0.23285909368409374, 0.28722893495393514], [0.3048654845154845, 0.26744148629148634, 0.1694387001887002, 0.25825432900432893], [0.27011106612685576, 0.2875232422548213, 0.1754504457530775, 0.26691524586524584], [0.2190941450706158, 0.3001835811247576, 0.21078401402519054, 0.26993825977943636], [0.3363053981965747, 0.3046245052333286, 0.11819388944388942, 0.24087620712620728], [0.29335021645021636, 0.2789607004107005, 0.12910728715728725, 0.2985817959817961], [0.25934346764346766, 0.26073474580974604, 0.1683219742246059, 0.3115998123221808], [0.29173161005660997, 0.34708927183927196, 0.12768080253080258, 0.23349831557331557], [0.20025389806272179, 0.29552379646497307, 0.23733908313908317, 0.26688322233322237], [0.2832894494394495, 0.29486956376956386, 0.1319486402486403, 0.2898923465423466], [0.29363404928404924, 0.2770199855699856, 0.16899115884115884, 0.26035480630480656], [0.26101349206349206, 0.25963867243867245, 0.16363780663780667, 0.31571002886002886], [0.22560725222489947, 0.25684988899988914, 0.20160378869496523, 0.31593907008024674], [0.24095518925518922, 0.30150762570762574, 0.22079446386946397, 0.23674272116772133], [0.28644276279276265, 0.2777986457986458, 0.19668379953379964, 0.23907479187479197], [0.24335660450660448, 0.25653059163059183, 0.21724440559440572, 0.2828683982683983], [0.2379944055944057, 0.30001199356199365, 0.19540851370851378, 0.2665850871350872], [0.1991779220779222, 0.29564519369519376, 0.24755594405594414, 0.2576209401709402], [0.25432495804848754, 0.28033254245754274, 0.1829480356245064, 0.282394463869464], [0.21505094905094896, 0.2765516744693215, 0.20014942998178295, 0.30824794649794673], [0.2666520063270064, 0.28311000111000106, 0.17005972083472085, 0.28017827172827187], [0.24284697524697546, 0.26310251415251423, 0.1897517538017538, 0.30429875679875673], [0.2259088744588746, 0.30805391275391275, 0.17382886178149348, 0.2922083510057195], [0.23739959484959502, 0.28784093129093136, 0.20777078477078484, 0.26698868908868906], [0.2544871073371075, 0.2538476245976247, 0.1907055777555779, 0.3009596903096902], [0.30704827035709387, 0.25476573426573446, 0.14345082695082692, 0.2947351684263452], [0.22452938727938745, 0.3094339826839827, 0.20415804195804196, 0.26187858807858816], [0.23059480290950884, 0.2722125195066372, 0.21871680541680544, 0.27847587216704855], [0.3226090714840713, 0.22337456709956718, 0.15696042013542022, 0.2970559412809416], [0.2766439366189366, 0.2877321900321902, 0.14864864024864036, 0.28697523310023315], [0.21668685700264656, 0.26058968414626316, 0.19109148526911693, 0.33163197358197366], [0.35759964479964496, 0.2481255300255302, 0.15275667110667115, 0.24151815406815424]]}, "rewritten": {"ids": ["97106000", "97112300", "97116800", "98106680", "98108520", "98110230", "98111620", "98117740", "98121790", "99105921", "99107300", "99107630", "99108010", "99108460", "99108520", "99108580", "99109370", "99109910", "99112531", "99112641", "99117740", "100107920", "100109801", "100109910", "100111080", "100111270", "100112060", "100120780", "101108370", "101108500", "101108580", "101109120", "101110150", "101110740", "101111140", "101111310", "102108621", "102109840", "102110500", "102110750", "102111990", "102112030", "102112170", "102116340", "102117351", "102118380", "103109021", "103110760", "103111110", "103111620", "103113210", "103117461", "104110960", "104111880", "104113000", "104113240", "104114230", "104114240", "104117630", "104119290", "105110251", "105113330", "105114220", "105115250", "105115680", "105115900", "105116090", "105116441", "105116650", "105116860", "105116980", "105117431", "105118740", "106113830", "106114321", "106115240", "106116820", "106117770", "106117790", "106118301", "106120290", "106120640", "106121190", "107112850", "107113170", "107113550", "107114490", "107115250", "107119130", "108113620", "108115970", "108118060", "108118291", "108118520", "108118630", "108120700", "109115220", "109116441", "109117600", "109118820", "109119010", "109120560", "109121351", "110114720", "110114920", "110114950", "110115580", "110115980", "110116300", "110117140", "110117870", "110118301", "110118880", "110119030", "110119300", "110119891", "110121140", "110121720", "111115770", "111115910", "111117200", "111119290", "111119930", "111120320", "111121220", "112116290", "112116451", "112116900", "112117210", "112118880", "112118890", "112121030", "112121351", "113117550", "113118690", "113119120", "113119340", "113119950", "113120540", "113121190", "113121810", "113122510"], "labels": [0, 2, 0, 1, 2, 3, 3, 2, 2, 1, 3, 2, 2, 0, 2, 0, 1, 2, 3, 1, 2, 0, 0, 2, 0, 2, 2, 1, 1, 3, 0, 1, 1, 3, 2, 3, 3, 2, 3, 1, 2, 2, 3, 3, 1, 1, 0, 1, 3, 0, 3, 0, 2, 3, 1, 2, 2, 0, 0, 1, 0, 3, 3, 2, 2, 3, 1, 1, 1, 2, 0, 1, 1, 1, 2, 1, 1, 0, 1, 1, 2, 3, 2, 1, 0, 0, 3, 2, 1, 3, 2, 1, 3, 0, 1, 2, 3, 3, 1, 3, 3, 1, 0, 3, 3, 0, 1, 1, 3, 3, 3, 1, 0, 0, 1, 3, 3, 3, 3, 2, 0, 3, 1, 1, 3, 0, 0, 3, 1, 1, 3, 0, 0, 3, 3, 3, 0, 0, 3, 1, 2, 2], "predicted_labels": [3, 0, 0, 3, 1, 1, 1, 1, 1, 1, 3, 3, 1, 1, 1, 1, 0, 1, 0, 1, 0, 0, 0, 1, 3, 1, 1, 0, 1, 1, 3, 3, 3, 3, 3, 1, 1, 1, 0, 1, 1, 3, 3, 1, 0, 1, 1, 3, 1, 1, 3, 3, 1, 1, 3, 1, 3, 1, 3, 1, 0, 1, 0, 0, 1, 1, 1, 1, 1, 1, 3, 1, 1, 0, 0, 1, 0, 3, 1, 3, 1, 1, 1, 3, 3, 1, 1, 3, 1, 3, 1, 1, 3, 3, 3, 0, 3, 0, 3, 1, 1, 3, 0, 1, 1, 1, 1, 3, 1, 0, 1, 3, 3, 3, 3, 1, 3, 3, 3, 3, 0, 1, 1, 3, 1, 0, 0, 3, 1, 1, 1, 3, 0, 3, 3, 1, 0, 0, 1, 1, 1, 1], "confidence_scores": [[0.22207289377289383, 0.23438349428349425, 0.25117849650349655, 0.2923651154401154], [0.28056654456654473, 0.2623109224109226, 0.180086421911422, 0.2770361111111113], [0.33648825063825083, 0.2863085747585748, 0.10401768786768786, 0.27318548673548687], [0.2528438561438562, 0.2682827422577423, 0.2067645243645246, 0.2721088772338773], [0.24574557109557119, 0.2980223470973472, 0.19106774059274056, 0.26516434121434124], [0.2857804223554225, 0.2888222222222222, 0.1442709457209458, 0.28112640970140973], [0.180319857919858, 0.31952016708781406, 0.24021337159572462, 0.2599466033966036], [0.2345705180440475, 0.31962099534452487, 0.18490576710870837, 0.26090271950271954], [0.2538304251304251, 0.29066567876567895, 0.18417741702741705, 0.271326479076479], [0.24768930791430796, 0.30676440781440784, 0.15188322510822516, 0.29366305916305907], [0.2662005665902726, 0.22814076903488684, 0.19564314574314579, 0.3100155186316953], [0.26630542790542794, 0.2630790542790543, 0.16339377844377848, 0.3072217393717393], [0.26748883893883896, 0.30890526695526693, 0.18157224997225002, 0.24203364413364437], [0.25787700436818084, 0.32383887028004676, 0.16435570899688556, 0.2539284163548871], [0.2619503690753693, 0.271890515040515, 0.205673656898657, 0.26048545898545905], [0.2502249361749363, 0.27906736596736587, 0.21184367576867577, 0.2588640220890221], [0.2686078699078699, 0.2553866300366302, 0.21512801642801652, 0.26087748362748375], [0.2628907037407039, 0.29414217449217456, 0.18899132534132543, 0.25397579642579654], [0.3070249167499167, 0.3015679403929406, 0.1497104229104229, 0.2416967199467201], [0.252363548053254, 0.34722178246589985, 0.15713819236319246, 0.24327647711765357], [0.30048813049695394, 0.2584097624597626, 0.14593641913641914, 0.29516568790686454], [0.3753930097680096, 0.2710286047286049, 0.11901765734265736, 0.23456072816072823], [0.2937185370185372, 0.27793882228882244, 0.1353969474969475, 0.29294569319569336], [0.2413019591519592, 0.3072165001665002, 0.1957619130869132, 0.25571962759462763], [0.24554215784215788, 0.26387635338517695, 0.19995759795759796, 0.2906238908150674], [0.19912116772116784, 0.3173354922854923, 0.25897152847152866, 0.22457181152181158], [0.20292509712509726, 0.3150450133200134, 0.20561689144189146, 0.276412998112998], [0.2695907092907093, 0.24038868324657822, 0.22194825729825743, 0.26807235016445535], [0.27890789765789753, 0.3104944999445, 0.15990890220890225, 0.25068870018870026], [0.2294925110836877, 0.27501780474427523, 0.23102389440624743, 0.2644657897657899], [0.2630974469974471, 0.24466701631701637, 0.18703177378177388, 0.30520376290376294], [0.26075066322566337, 0.26282102897102905, 0.20393271728271728, 0.27249559052059036], [0.24773195138195153, 0.2908627206127207, 0.13586043956043958, 0.3255448884448885], [0.22873246753246776, 0.25014660894660906, 0.2126486346986348, 0.3084722888222888], [0.27401142746142754, 0.27845964035964044, 0.15120606060606065, 0.2963228715728714], [0.2291521256521257, 0.3192707070707072, 0.2051868548118548, 0.24639031246531268], [0.28029705017205025, 0.34552918192918186, 0.13414288766788773, 0.2400308802308803], [0.23431492396492407, 0.280877985902986, 0.21483510656010674, 0.26997198357198365], [0.30616462197932787, 0.24358322380234151, 0.17890131812631815, 0.27135083609201266], [0.20507968142968153, 0.28980717615717627, 0.2602682317682319, 0.24484491064491054], [0.2686490398490399, 0.2904171717171718, 0.16707352092352093, 0.27386026751026765], [0.22427179396111285, 0.26537542585553414, 0.24151021164078437, 0.26884256854256866], [0.2518355422355423, 0.2433822899322899, 0.16774871794871807, 0.33703344988344985], [0.19481536796536814, 0.30789838319575175, 0.23902665112665114, 0.2582595977122295], [0.34762988677988677, 0.2712604617604617, 0.12969789099789103, 0.25141176046176045], [0.19873378092495758, 0.35684845073227384, 0.20860873570873584, 0.23580903263403274], [0.24452664002664012, 0.33325783660783664, 0.14311166056166058, 0.2791038628038627], [0.2511513852160911, 0.26857184629096414, 0.17957009934509943, 0.30070666914784566], [0.24705223665223672, 0.2901290875790876, 0.21715346320346332, 0.2456652125652126], [0.2341282717282718, 0.33431914751914754, 0.18318166278166292, 0.24837091797091806], [0.24944952269952286, 0.25535974858474864, 0.18811500721500737, 0.30707572150072154], [0.28020978302743005, 0.28132419247419244, 0.13685294313529608, 0.30161308136308146], [0.1883466144966144, 0.3091981407481407, 0.20374034576534578, 0.298714898989899], [0.24260064935064948, 0.3077177655677656, 0.16972009657009662, 0.27996148851148855], [0.22508501335266048, 0.2647387001887004, 0.20463916247151553, 0.305537123987124], [0.22113322510822528, 0.30028850593850587, 0.20174360361860372, 0.27683466533466544], [0.25295332445332436, 0.2669354867354868, 0.16889260184260177, 0.31121858696858695], [0.2335827434003905, 0.28729610389610394, 0.20438842432077733, 0.2747327283827285], [0.23434520202020212, 0.29490189810189804, 0.15694296536796548, 0.31380993450993466], [0.2678932040182041, 0.2736212759462761, 0.1859611277611279, 0.2725243922743923], [0.3233697857697858, 0.3026723970473972, 0.1284417110667111, 0.24551610611610625], [0.27128598623598627, 0.3006996392496394, 0.15181498501498505, 0.2761993894993894], [0.2893926268176268, 0.2515131007881009, 0.17940406537906547, 0.2796902070152069], [0.2822517353991037, 0.2621720501720503, 0.18408528138528146, 0.27149093304356486], [0.18456090739326045, 0.3363806637806637, 0.22729208405973123, 0.2517663447663448], [0.2418932345432347, 0.3091653846153846, 0.19312361527361538, 0.2558177655677656], [0.2712184981684982, 0.28362028249528254, 0.17907894605394603, 0.2660822732822733], [0.30517940392940385, 0.31570495615495603, 0.1387739760239761, 0.24034166389166406], [0.18900196470196481, 0.36266026751026753, 0.20194186369186384, 0.24639590409590417], [0.23561769341769356, 0.2991800588300588, 0.232278393828394, 0.23292385392385398], [0.2403223831723832, 0.270733633033633, 0.16122020757020764, 0.32772377622377635], [0.2402871961371962, 0.32939275724275735, 0.17654905649905653, 0.2537709901209902], [0.22733560132677783, 0.28957018177900534, 0.20557194472194462, 0.27752227217227227], [0.30219178599178587, 0.2503139416139418, 0.17931845931845933, 0.2681758130758131], [0.2939628926628927, 0.2748321151071152, 0.15842158674658682, 0.2727834054834057], [0.2970676767676768, 0.30319376179376173, 0.14935451541922126, 0.2503840460193403], [0.3004045066045066, 0.2069835442335444, 0.22619908424908433, 0.2664128649128651], [0.25186654848419576, 0.2768125374625374, 0.18850964950082616, 0.28281126455244093], [0.23615058275058287, 0.2696209679209681, 0.22554942279942283, 0.2686790265290266], [0.29219562659562687, 0.22783810078810088, 0.14384535464535472, 0.336120917970918], [0.20949753302253302, 0.30374363936716886, 0.18485549124078549, 0.301903336369513], [0.24917316294816308, 0.29976223221223236, 0.2147456626706628, 0.2363189421689422], [0.20524316239316248, 0.29666421356421346, 0.2759902652902654, 0.22210235875235887], [0.18139786149523, 0.2937668204344676, 0.21039296422531728, 0.3144423538449855], [0.26529865412365433, 0.2667714230214232, 0.17484139471639473, 0.29308852813852804], [0.2692061882561883, 0.30022673992673987, 0.14072719502719513, 0.2898398767898768], [0.2311912531912533, 0.29902610167610166, 0.20718797868797867, 0.2625946664446666], [0.26290508380508376, 0.2627713619713621, 0.1818168831168832, 0.2925066711066712], [0.2153364690864691, 0.2968643007319477, 0.20075292093527383, 0.2870463092463094], [0.24493546453546472, 0.2931155067155066, 0.14646239316239323, 0.3154866355866354], [0.20209384226884233, 0.3210348928848927, 0.20312792207792219, 0.27374334276834283], [0.2591974691974692, 0.28901585359085363, 0.17224536297036291, 0.2795413142413143], [0.28648787078934135, 0.277495280536457, 0.13635981322598975, 0.2996570354482121], [0.2887113053613053, 0.2737470640470641, 0.14135310800310807, 0.29618852258852263], [0.22132238317238315, 0.28131830783595496, 0.20579178762414066, 0.2915675213675213], [0.3437810467310467, 0.3283546203796206, 0.09128305583305583, 0.23658127705627716], [0.26998518703518715, 0.25865828338328345, 0.17467243034743035, 0.2966840992340993], [0.3268239149739149, 0.254879070929071, 0.10702113442113449, 0.31127587967587983], [0.25154995853819373, 0.2643503996003997, 0.16797310744810762, 0.31612653441329924], [0.24072280497280502, 0.2963767399267401, 0.1733305916305917, 0.2895698634698634], [0.2044758214008216, 0.29222684537684557, 0.24117040459540476, 0.26212692862692893], [0.2749292707292707, 0.23922688259452993, 0.18151182869418178, 0.30433201798201814], [0.3668495115995116, 0.25869922854922855, 0.12175085470085473, 0.2527004051504052], [0.25139069264069275, 0.3074597652347652, 0.18630651015651034, 0.25484303196803204], [0.24240452325452352, 0.30815474802974807, 0.19719491619491636, 0.2522458125208126], [0.23991655011655025, 0.3086248529248529, 0.17531622266622274, 0.2761423742923743], [0.2820746059496061, 0.2973000388500389, 0.19555227272727288, 0.2250730824730825], [0.26689548033665683, 0.2780305697570403, 0.17653428401663693, 0.2785396658896659], [0.26639187479187487, 0.290587851037851, 0.1776821622821624, 0.26533811188811196], [0.297563147963148, 0.26951884781884783, 0.15151601176601184, 0.2814019924519926], [0.24884990760873127, 0.30216743060860707, 0.1796712065712066, 0.26931145521145533], [0.2853496392496392, 0.2805337717837719, 0.14308836163836172, 0.29102822732822753], [0.27115549450549475, 0.28577268842268855, 0.11217516927516932, 0.33089664779664774], [0.22780032745032755, 0.29043034188034184, 0.18158933843933867, 0.3001799922299922], [0.25962351341468987, 0.286688616938617, 0.15843107807225468, 0.2952567915744385], [0.25808119658119677, 0.32396012043512046, 0.14468857808857813, 0.27327010489510484], [0.26876618577500944, 0.2600223387723389, 0.15715373515373515, 0.314057740298917], [0.2864159507159509, 0.2836193195693197, 0.14294545454545465, 0.28701927516927517], [0.27062441643324003, 0.2862764069264067, 0.1549022366522367, 0.2881969399881165], [0.23969348429348433, 0.28376512099012097, 0.17506853701853714, 0.30147285769785775], [0.3134934287934289, 0.25062517482517493, 0.15676429681429682, 0.2791170995670998], [0.2160431901431902, 0.2972840603840604, 0.22833554778554788, 0.25833720168720187], [0.2581766838424735, 0.2823733754549545, 0.19360227170490338, 0.26584766899766893], [0.24355390850979103, 0.2642188576129754, 0.2018372588196119, 0.29038997505762215], [0.2540893439893441, 0.2962570873570874, 0.18534018204018213, 0.26431338661338666], [0.38578109668109656, 0.29343432123432134, 0.11160420690420687, 0.2091803751803753], [0.3332934537684535, 0.2702945387945391, 0.13943220390720404, 0.25697980352980354], [0.2871167055167057, 0.27414122544122543, 0.15122185037185054, 0.2875202186702188], [0.25766262071262097, 0.3135431255019492, 0.17230965145965146, 0.256484602325779], [0.27435521227138865, 0.27600844629226995, 0.17413608613608614, 0.2755002553002553], [0.2508714563214563, 0.2819944499944501, 0.22327219447219454, 0.24386189921189927], [0.2814086691086691, 0.25570581640581647, 0.15833482905982924, 0.30455068542568536], [0.28932445332445345, 0.281321980796981, 0.15571379176379183, 0.2736397741147742], [0.23498152958152965, 0.27538003695650753, 0.1915016222339752, 0.29813681122798763], [0.27614683649683636, 0.2623146131646133, 0.1719553613053614, 0.289583189033189], [0.2494906204906206, 0.3115437324113796, 0.18036333829569134, 0.2586023088023088], [0.29761447996448004, 0.26326212121212134, 0.16585675158175156, 0.27326664724164706], [0.3159356809856812, 0.21599132534132545, 0.15490250860250857, 0.31317048507048517], [0.27915154290154287, 0.29041163281163285, 0.15510843045843048, 0.27532839382839397], [0.24934837107337127, 0.28052077285459653, 0.20915479324596967, 0.2609760628260629], [0.22554790764790764, 0.2845753246753247, 0.2145185110211427, 0.2753582566556251], [0.19309255744255757, 0.31700485070485074, 0.2261856199356201, 0.2637169719169722]]}}