{"test": {"ids": ["102114270", "112116640", "97106600", "111118301", "110120640", "98120010", "109113931", "107113360", "104114320", "99107660", "109115380", "109116810", "99117630", "107120010", "112117471", "104117200", "100109360", "98109570", "112118890", "100111380", "98110810", "107115250", "103113170", "105112240", "107114280", "111119300", "108117610", "108121351", "107120130", "106119260", "100111390", "107114321", "98111620", "110120540", "107113840", "106113360", "108120621", "111120260", "99112840", "99112300", "97116790", "109117431", "113122120", "106118161", "103120780", "97105580", "111116640", "113121190", "112117030", "112117461", "109116750", "110121140", "98113881", "113121410", "113118870", "104111711", "112116290", "104110960", "100109330", "105118171", "107121540", "98106680", "113118810", "108114670", "107113550", "98111670", "107113260", "112116990", "109114651", "112120640", "100108080", "110117870", "101117580", "107113170", "97113260", "103110840", "107116340", "106111321", "112117571", "109113591", "104119290", "106121190", "97107821", "107119950", "97109080", "110118161", "110116170", "106121220", "100108990", "103113270", "102110850", "105115570", "102108621", "105114220", "100109801", "106116640", "112118511", "111116040", "106114880", "109119010", "98116090", "104111780", "103110050", "113122430", "107119390", "100110050", "109119450", "111114321", "99108520", "99109161", "108114360", "113122180", "97106770", "97106000", "112121010", "107117630", "100111080", "97107920", "112119930", "105115380", "112120700", "97116800", "103111110", "107114110", "112116900", "99108010", "108115880", "102112170", "109117600", "111117200", "101111620", "111118910", "106119580", "103111930", "111121930", "112119580", "101109370", "103120290", "111119150", "97105960", "98110230", "99117740"], "labels": [3, 0, 3, 3, 0, 2, 1, 0, 2, 3, 3, 3, 3, 1, 3, 3, 0, 1, 3, 3, 1, 2, 3, 1, 3, 1, 3, 3, 2, 1, 2, 0, 3, 1, 3, 0, 1, 3, 2, 0, 2, 1, 1, 3, 1, 1, 0, 1, 2, 0, 0, 3, 3, 0, 0, 1, 0, 2, 0, 3, 2, 1, 3, 3, 0, 1, 0, 0, 3, 0, 0, 3, 3, 0, 1, 1, 3, 0, 3, 3, 1, 2, 2, 3, 2, 0, 0, 1, 2, 2, 3, 0, 3, 3, 0, 3, 1, 0, 0, 3, 0, 3, 3, 2, 2, 3, 3, 1, 2, 3, 1, 2, 3, 0, 2, 0, 0, 0, 1, 1, 2, 0, 3, 1, 3, 2, 3, 3, 1, 0, 3, 0, 3, 3, 1, 3, 1, 2, 3, 2, 3, 2], "predicted_labels": [1, 1, 1, 1, 1, 1, 1, 1, 1, 3, 1, 1, 0, 1, 1, 3, 3, 3, 3, 1, 1, 1, 1, 1, 1, 3, 3, 1, 1, 0, 1, 3, 1, 1, 1, 1, 0, 3, 1, 1, 1, 1, 1, 1, 1, 1, 1, 1, 3, 3, 1, 1, 1, 3, 3, 1, 1, 0, 1, 1, 1, 1, 3, 1, 2, 1, 1, 3, 3, 0, 1, 1, 3, 1, 1, 1, 1, 1, 3, 1, 1, 1, 0, 1, 1, 0, 1, 3, 3, 3, 1, 3, 0, 0, 1, 3, 3, 1, 1, 1, 1, 1, 1, 1, 2, 1, 1, 1, 1, 1, 1, 3, 1, 1, 1, 1, 1, 0, 1, 1, 1, 0, 1, 3, 1, 1, 1, 0, 3, 1, 0, 3, 1, 1, 0, 1, 1, 2, 1, 2, 1, 3], "confidence_scores": [[0.26026901986901985, 0.3653634476634475, 0.16966046176046184, 0.20470707070707073], [0.24144898989898994, 0.3015693362193361, 0.1896751026751028, 0.26730657120657125], [0.21992311577311577, 0.31416010101010117, 0.2782986790986789, 0.18761810411810423], [0.28428561993562007, 0.3177329725829726, 0.15921423576423582, 0.23876717171717174], [0.22807876012876016, 0.3117515595515596, 0.21096486291486305, 0.2492048174048176], [0.2067874791874793, 0.29096069486069487, 0.26518863913863927, 0.23706318681318683], [0.25190834165834175, 0.3066895965145965, 0.18121705239205252, 0.26018500943500955], [0.256805588855589, 0.2746636141636143, 0.19827272727272738, 0.2702580697080699], [0.24785453990453996, 0.2621941558441559, 0.24398548118548125, 0.24596582306582318], [0.2528005550005551, 0.24740000555000566, 0.24111219336219347, 0.25868724608724614], [0.2216295169742538, 0.32680598086124407, 0.22206652236652236, 0.22949797979798], [0.28635222277722266, 0.30654817013052305, 0.17831525696525707, 0.22878435012699722], [0.2793911996500233, 0.25746510156510155, 0.22862389081506743, 0.23451980796980806], [0.16972886002886006, 0.3187608613608613, 0.24974255744255752, 0.26176772116772123], [0.27794848484848494, 0.30256154401154406, 0.16582857142857155, 0.2536613997113997], [0.23706046176046183, 0.27911457431457437, 0.18973658008658015, 0.29408838383838404], [0.2558869130869132, 0.23385375180375187, 0.24747510822510824, 0.2627842268842269], [0.2410478652066888, 0.30036717171717164, 0.15286916221033878, 0.3057158008658008], [0.2676761294261296, 0.27000610500610517, 0.1416034909534909, 0.3207142746142747], [0.2511868575868577, 0.3222611055611056, 0.17824231879231892, 0.24830971805971816], [0.2381691197691199, 0.38312705627705634, 0.2123948773448774, 0.16630894660894663], [0.19096013708513718, 0.37758068043068044, 0.23027424242424246, 0.20118494005994017], [0.1835458652458653, 0.37053744588744586, 0.2535961260961262, 0.1923205627705628], [0.26323101898101914, 0.2875783827283827, 0.20431550671550677, 0.24487509157509163], [0.24545748336630696, 0.32475015540015556, 0.19446526610644266, 0.23532709512709513], [0.22719210691269512, 0.29223583083583093, 0.18554210887152064, 0.2950299533799536], [0.2652880639828009, 0.2531481609034242, 0.14625798090798095, 0.3353057942057942], [0.2429746642246644, 0.30421221001221, 0.17203905538905553, 0.2807740703740705], [0.20639135309135317, 0.3749911532911531, 0.2275642191142191, 0.19105327450327447], [0.25712890442890457, 0.2550277722277723, 0.2315012931512931, 0.2563420301920303], [0.25587172272172276, 0.3103614219114219, 0.19442563547563552, 0.23934121989121987], [0.216814135864136, 0.2659099900099901, 0.16059675324675332, 0.3566791208791209], [0.1965920745920746, 0.3789619214119215, 0.23751009546009558, 0.18693590853590855], [0.24356784881784888, 0.3494108086358087, 0.19477031024531039, 0.2122510323010324], [0.24605958485958496, 0.3155551559551562, 0.21415156510156522, 0.2242336940836941], [0.22100800865800865, 0.37806293706293687, 0.16768439338439348, 0.23324466089466106], [0.2871824675324675, 0.24536024531024536, 0.1887991425241426, 0.2786581446331448], [0.2536927469589235, 0.27018381618381637, 0.19912833473715824, 0.2769951021201022], [0.21271736041736056, 0.3424702852702852, 0.19084909812409825, 0.25396325618825616], [0.2116464424464425, 0.2917271894771895, 0.22530237540237555, 0.27132399267399276], [0.24152198912198927, 0.2984697191697193, 0.24376088911088906, 0.21624740259740277], [0.22140758685758677, 0.3474878787878789, 0.18276067266067272, 0.24834386169386186], [0.21465961260961264, 0.33841533466533463, 0.21920908535908532, 0.22771596736596741], [0.2652477633477634, 0.30745992340992356, 0.21228225108225118, 0.21501006216006224], [0.2000932622932623, 0.3580737595737597, 0.19559329004328999, 0.24623968808968824], [0.28874980297480296, 0.30016362248862266, 0.18835790598290608, 0.2227286685536686], [0.25300011655011656, 0.2983358530358531, 0.18578848928848926, 0.2628755411255412], [0.26261951659451666, 0.2798747974247975, 0.20490966810966826, 0.25259601787101793], [0.21222092352092362, 0.27603477633477636, 0.20736002886002886, 0.3043842712842712], [0.24134633862869168, 0.2555248307248308, 0.1500452436452437, 0.35308358700123404], [0.2498653457653458, 0.3435293817293818, 0.19694424464424481, 0.2096610278610279], [0.229787012987013, 0.33733059163059165, 0.2114046176046176, 0.2214777777777778], [0.19246260406260415, 0.36308163503163493, 0.22872173937173937, 0.2157340215340216], [0.27779901209901214, 0.25436560661560687, 0.12654759684759687, 0.3412877844377845], [0.23717164502164503, 0.2735051115551116, 0.17435339105339104, 0.31496985236985214], [0.2414245754245755, 0.2723867243867245, 0.24502905427905444, 0.24115964590964592], [0.212515980424804, 0.34774473304473297, 0.18290076394194063, 0.2568385225885227], [0.2998874458874457, 0.26795805860805877, 0.19407505827505833, 0.23807943722943725], [0.22483631368631365, 0.3294691142191143, 0.20120266955266955, 0.2444919025419027], [0.3092334276834279, 0.31737377242640397, 0.15717656057392906, 0.21621623931623934], [0.20219942279942288, 0.2932076479076478, 0.23545238095238108, 0.26914054834054846], [0.20624833499833506, 0.3561110667110668, 0.24443321678321692, 0.19320738150738148], [0.2386274891774892, 0.29961414418914417, 0.16074935064935067, 0.3010090159840159], [0.24498364413364412, 0.3055188228438229, 0.21994567099567114, 0.22955186202686215], [0.2450525641025642, 0.2487667443667445, 0.26217140082140095, 0.24400929070929073], [0.2286423057334823, 0.2925758630258628, 0.2408829245917483, 0.23789890664890675], [0.2225878177378178, 0.2840848817848818, 0.2202771173271174, 0.27305018315018315], [0.3045231102231102, 0.21046747141747146, 0.1761421578421579, 0.3088672605172606], [0.2706627344877345, 0.24548833388833388, 0.16589603811221462, 0.317952893511717], [0.2678215839715842, 0.249492218892219, 0.2630189033189033, 0.21966729381729388], [0.25033853368853376, 0.3320353257853257, 0.17551943611943616, 0.2421067044067045], [0.21473932003668855, 0.3128483052035682, 0.2121279203252888, 0.2602844544344546], [0.2673676212676213, 0.26025667110667117, 0.18143569208569213, 0.29094001554001564], [0.2075528416028417, 0.31552577977577984, 0.16654514374514376, 0.31037623487623484], [0.22190978465978484, 0.26687984792984787, 0.2468799256299257, 0.2643304417804419], [0.25793312243312244, 0.28758726828726844, 0.22201692196692197, 0.23246268731268752], [0.22714264069264087, 0.3431471750471753, 0.16984690864690877, 0.25986327561327566], [0.2578248251748253, 0.27444028194028186, 0.20492000777000796, 0.26281488511488504], [0.2587243201243201, 0.28028983793983797, 0.16795728160728168, 0.29302856032856034], [0.22727398157398154, 0.36953584193584194, 0.1665160922410924, 0.23667408424908418], [0.18153398268398271, 0.3191433427683427, 0.23193320013320012, 0.2673894744144745], [0.16972528582528582, 0.2961772172272172, 0.26351525141525134, 0.27058224553224564], [0.28675203587262404, 0.2765647352647353, 0.2099970650264769, 0.22668616383616388], [0.20739279054279056, 0.33492773337773335, 0.1687699134199135, 0.2889095626595626], [0.18977872846108151, 0.3595241480741482, 0.18781645021645027, 0.26288067324832043], [0.2887996614496615, 0.28159302919302925, 0.1631064435564436, 0.2665008658008659], [0.2127191197691198, 0.3192292041292039, 0.20366205461205467, 0.2643896214896216], [0.261827627927628, 0.2793407148407149, 0.15571277056277075, 0.30311888666888664], [0.21874794649794657, 0.2724980241980242, 0.21649004329004332, 0.29226398601398595], [0.2389645465645466, 0.25281328116328117, 0.21610309690309693, 0.29211907536907566], [0.16065082972582972, 0.3444679154179153, 0.27222243867243884, 0.22265881618381628], [0.21072347097347097, 0.25157307137307144, 0.24855723720723735, 0.2891462204462205], [0.3085627594627595, 0.2651425629925631, 0.16267992007992008, 0.26361475746475743], [0.313400455100455, 0.2848324453324454, 0.16486087801087806, 0.2369062215562216], [0.28722778887778894, 0.29999131979131977, 0.19028288933288937, 0.22249800199800196], [0.23822216672216684, 0.2761858863358865, 0.17539423354423372, 0.3101977133977134], [0.24474644811672683, 0.2673674730498261, 0.21791335156072014, 0.26997272727272736], [0.23450735930735944, 0.2955507195418959, 0.17802552839317554, 0.2919163927575693], [0.2897049117549118, 0.29347344322344326, 0.21489720834720843, 0.20192443667443677], [0.1903574314574314, 0.3285835497835496, 0.19796294261294278, 0.283096076146076], [0.23142946693829056, 0.32336255411255416, 0.2138343137254903, 0.23137366522366534], [0.23406067821067822, 0.3265766566766567, 0.18779516594516601, 0.25156749916749926], [0.19077170248052613, 0.3367149572649571, 0.2230656268568033, 0.24944771339771338], [0.19952056277056285, 0.35200526140526145, 0.20840452880452884, 0.2400696470196472], [0.24053918303918306, 0.2728196303696303, 0.2832478132978133, 0.20339337329337331], [0.21484466089466087, 0.28539694194694204, 0.24507945942945952, 0.25467893772893774], [0.1801442363192364, 0.32726135531135536, 0.21723089688089706, 0.27536351148851135], [0.24657070707070716, 0.36761519395637043, 0.19197318988201353, 0.19384090909090917], [0.24128189033189046, 0.33358676878676885, 0.23016484626484632, 0.19496649461649468], [0.26372951492951513, 0.3031483460983462, 0.20251566211566227, 0.23060647685647703], [0.20160685425685435, 0.32851022311022315, 0.2079773448773449, 0.26190557775557793], [0.25368894602129904, 0.2855078075519253, 0.17284348429348437, 0.28795976213329155], [0.2642584748584749, 0.2993982572982573, 0.23792059607059607, 0.19842267177267178], [0.1798381895881897, 0.2941304251304252, 0.25287211122211134, 0.2731592740592742], [0.2320205849705851, 0.3126202297702298, 0.19135452880452872, 0.2640046564546568], [0.2576392107892108, 0.2738594294594295, 0.22530452602952614, 0.24319683372183384], [0.19356789321789333, 0.36769868464868455, 0.2068067911620543, 0.23192663097136793], [0.3081652997329467, 0.20789838103073405, 0.18640541876424238, 0.2975309004720771], [0.2265078282828283, 0.3199339105339105, 0.17905468975468983, 0.27450357142857157], [0.25782309912309925, 0.28663186258186263, 0.20666743256743275, 0.24887760572760576], [0.22059014319014333, 0.3305118104118104, 0.18365536685536699, 0.2652426795426796], [0.30439292929292955, 0.2616719696969698, 0.2034567599067599, 0.23047834110334128], [0.20860522810522814, 0.3876095238095238, 0.16133715728715742, 0.24244809079809085], [0.20462546897546907, 0.24495952380952388, 0.2096108669108671, 0.3408041403041404], [0.24033210678210687, 0.28323937173937186, 0.2069568320568322, 0.26947168942168964], [0.21275304140304155, 0.3742539738039738, 0.21247437562437566, 0.2005186091686092], [0.22567246087246087, 0.3315087301587303, 0.20318600288600291, 0.23963280608280607], [0.31286698301698296, 0.18730975690975712, 0.25507720612720614, 0.24474605394605403], [0.25195922410922417, 0.2567741924741925, 0.23255107115107124, 0.2587155122655123], [0.22328783438783464, 0.3066868575868575, 0.196757303807304, 0.2732680042180042], [0.2883341991341993, 0.2531867965367966, 0.21632789987789997, 0.24215110445110452], [0.23487748917748918, 0.2848252247752249, 0.1860989232989234, 0.29419836274836286], [0.21502438117438136, 0.3396603951603952, 0.19401818181818198, 0.251297041847042], [0.22511332556332564, 0.353674236874237, 0.23391559551559546, 0.1872968420468421], [0.314820965145965, 0.2699628787878789, 0.1524028582528583, 0.2628132978132979], [0.20789857364857378, 0.3052832445332446, 0.19023124098124103, 0.2965869408369408], [0.2288474081474084, 0.29096184926184937, 0.2284864524364525, 0.25170429015429024], [0.19930384060384063, 0.2797800199800201, 0.29781556221556216, 0.22310057720057722], [0.22998993506493506, 0.3002452103452106, 0.20707128427128438, 0.2626935703185704], [0.1746245365745367, 0.2596967643467644, 0.2841398157398159, 0.2815388833388833], [0.24365955058013877, 0.318418253968254, 0.18471416459357648, 0.253208030858031], [0.2528657786657787, 0.25421388056388067, 0.2245213321765954, 0.2683990085937454]]}, "rewritten": {"ids": ["97105580", "97105960", "97106000", "97106600", "97106770", "97107821", "97107920", "97109080", "97113260", "97116790", "97116800", "98106680", "98109570", "98110230", "98110810", "98111620", "98111670", "98113881", "98116090", "98120010", "99107660", "99108010", "99108520", "99109161", "99112300", "99112840", "99117630", "99117740", "100108080", "100108990", "100109330", "100109360", "100109801", "100110050", "100111080", "100111380", "100111390", "101109370", "101111620", "101117580", "102108621", "102110850", "102112170", "102114270", "103110050", "103110840", "103111110", "103111930", "103113170", "103113270", "103120290", "103120780", "104110960", "104111711", "104111780", "104114320", "104117200", "104119290", "105112240", "105114220", "105115380", "105115570", "105118171", "106111321", "106113360", "106114880", "106116640", "106118161", "106119260", "106119580", "106121190", "106121220", "107113170", "107113260", "107113360", "107113550", "107113840", "107114110", "107114280", "107114321", "107115250", "107116340", "107117630", "107119390", "107119950", "107120010", "107120130", "107121540", "108114360", "108114670", "108115880", "108117610", "108120621", "108121351", "109113591", "109113931", "109114651", "109115380", "109116750", "109116810", "109117431", "109117600", "109119010", "109119450", "110116170", "110117870", "110118161", "110120540", "110120640", "110121140", "111114321", "111116040", "111116640", "111117200", "111118301", "111118910", "111119150", "111119300", "111120260", "111121930", "112116290", "112116640", "112116900", "112116990", "112117030", "112117461", "112117471", "112117571", "112118511", "112118890", "112119580", "112119930", "112120640", "112120700", "112121010", "113118810", "113118870", "113121190", "113121410", "113122120", "113122180", "113122430"], "labels": [1, 2, 0, 3, 3, 2, 0, 2, 1, 2, 0, 1, 1, 3, 1, 3, 1, 3, 0, 2, 3, 2, 2, 3, 0, 2, 3, 2, 0, 2, 0, 0, 0, 3, 0, 3, 2, 1, 3, 3, 3, 3, 3, 3, 3, 1, 3, 3, 3, 2, 2, 1, 2, 1, 3, 2, 3, 1, 1, 3, 1, 0, 3, 0, 0, 0, 3, 3, 1, 3, 2, 1, 0, 0, 0, 0, 3, 1, 3, 0, 2, 3, 0, 2, 3, 1, 2, 2, 1, 3, 3, 3, 1, 3, 3, 1, 3, 3, 0, 3, 1, 1, 3, 3, 0, 3, 0, 1, 0, 3, 1, 0, 0, 0, 3, 0, 3, 1, 3, 1, 0, 0, 3, 0, 2, 0, 3, 3, 1, 3, 3, 1, 0, 2, 2, 3, 0, 1, 0, 1, 2, 2], "predicted_labels": [0, 2, 3, 1, 1, 1, 0, 1, 3, 1, 1, 1, 3, 1, 1, 1, 1, 1, 3, 1, 3, 1, 1, 1, 1, 1, 1, 1, 1, 3, 1, 0, 1, 1, 1, 1, 1, 1, 0, 0, 0, 1, 3, 1, 1, 0, 1, 1, 1, 3, 1, 1, 0, 1, 1, 3, 3, 1, 1, 0, 1, 3, 1, 3, 1, 1, 1, 1, 3, 1, 1, 3, 1, 3, 1, 3, 1, 3, 1, 3, 1, 1, 1, 0, 1, 1, 1, 1, 1, 1, 1, 3, 0, 1, 1, 1, 3, 1, 1, 1, 1, 0, 1, 1, 1, 1, 1, 1, 1, 1, 1, 3, 1, 1, 1, 3, 1, 3, 1, 0, 1, 1, 1, 3, 3, 3, 1, 3, 3, 3, 1, 1, 1, 1, 1, 3, 3, 3, 3, 1, 1, 1], "confidence_scores": [[0.290411507936508, 0.2878798534798536, 0.20811688589188596, 0.21359175269175273], [0.20919368409368416, 0.24535715395715404, 0.2922925796425798, 0.25315658230658233], [0.22172288267288282, 0.2881548784548785, 0.19799829614829623, 0.292123942723943], [0.2545448412698414, 0.2772082611832611, 0.22583748196248218, 0.2424094155844156], [0.2562167721167722, 0.2859000721500722, 0.2311175713175713, 0.2267655844155844], [0.2740402763902765, 0.29787683427683426, 0.18634347319347333, 0.24173941613941627], [0.3173795854472324, 0.19595142798378098, 0.18272360972360976, 0.3039453768453769], [0.2024780885780886, 0.3410998556998556, 0.1970938450438451, 0.2593282106782109], [0.20669888444888454, 0.2686503274503276, 0.23662801642801645, 0.2880227716727716], [0.2696208513708516, 0.3001537684537685, 0.2338573676323676, 0.19636801254301264], [0.25702706182706186, 0.31213400488400506, 0.19291047841047854, 0.23792845487845513], [0.21319149184149205, 0.34483455988456, 0.2237966366966367, 0.21817731157731157], [0.2580337218337218, 0.280639208014208, 0.15403823953823964, 0.3072888306138308], [0.2578788100788101, 0.32438050283050296, 0.174355266955267, 0.24338542013542025], [0.20352181152181156, 0.4143591630591629, 0.20900062715062717, 0.17311839826839825], [0.21337178377178384, 0.34179578754578777, 0.22246894771894773, 0.22236348096348102], [0.2236901598401599, 0.3063393772893775, 0.2421091242091243, 0.22786133866133887], [0.23305496888732194, 0.33215388500388493, 0.195985175935176, 0.23880597017361732], [0.2565998132586368, 0.26780158730158743, 0.19145502079619736, 0.28414357864357875], [0.2509158175158176, 0.270228998778999, 0.23879458874458884, 0.24006059496059495], [0.2097816960816962, 0.260682017982018, 0.24920050505050503, 0.280335780885781], [0.21005360472860482, 0.39157722832722835, 0.18951901986901992, 0.2088501470751471], [0.2308702242202243, 0.3293221056721057, 0.24876600621600634, 0.191041663891664], [0.2501354811854813, 0.31482785547785547, 0.20322647907647917, 0.23181018426018438], [0.22074586524586534, 0.28504473304473327, 0.21986503496503507, 0.2743443667443669], [0.2569565712065714, 0.3141457153957154, 0.18676312853812863, 0.2421345848595848], [0.25307539682539687, 0.2850307359307359, 0.2301827283827286, 0.231711138861139], [0.2154395604395605, 0.290526479076479, 0.22896862026862042, 0.2650653402153401], [0.2547138084138085, 0.36154338439338435, 0.1472869130869132, 0.23645589410589413], [0.24205819180819174, 0.2824589743589745, 0.17541738816738822, 0.30006544566544574], [0.2058123376623377, 0.3214077367077367, 0.1943595515595517, 0.2784203740703741], [0.27568360528360536, 0.25001815406815425, 0.2101335997335998, 0.2641646409146409], [0.2702509435009436, 0.3117086358086358, 0.17629246864246875, 0.24174795204795207], [0.2303072427572428, 0.2948447330447331, 0.22782635697635711, 0.24702166722166727], [0.2046034005210477, 0.37766394324629593, 0.20929840159840174, 0.20843425463425477], [0.29249040404040394, 0.30173102453102446, 0.1713264790764791, 0.2344520923520924], [0.23307675657675664, 0.3352756743256743, 0.15348785658785669, 0.27815971250971255], [0.22651574993633836, 0.310105910755911, 0.2317245708539827, 0.2316537684537686], [0.2634359751359751, 0.2625530247530249, 0.22761075036075035, 0.24640024975024985], [0.31088263403263405, 0.22237210567210572, 0.1763499056499057, 0.29039535464535476], [0.32118316128316127, 0.25906620046620066, 0.16100868020868028, 0.2587419580419582], [0.18329448051948055, 0.34670557775557787, 0.2391220557220559, 0.2308778860028861], [0.2956225108225108, 0.17684761904761911, 0.20640151515151525, 0.32112835497835507], [0.25117142857142877, 0.35461183261183254, 0.16560901875901882, 0.22860772005772007], [0.21471162726162732, 0.3636349705849707, 0.19729733044733053, 0.2243560717060718], [0.2829931179931179, 0.2801262681762681, 0.20943484848484845, 0.22744576534576547], [0.24596303696303706, 0.3499611333111332, 0.17310266955266962, 0.2309731601731603], [0.23209434454434463, 0.3686534798534799, 0.19011348651348658, 0.20913868908868913], [0.20811880896880916, 0.33654907314907306, 0.2297371239871241, 0.22559499389499393], [0.21948130758130766, 0.27382667887667894, 0.2164168276168278, 0.2902751859251862], [0.20134023754023753, 0.32652777222777213, 0.2566513986013988, 0.2154805916305917], [0.21044130591630603, 0.3422022366522367, 0.19612724497724496, 0.2512292124542125], [0.31085150960150965, 0.24670449550449564, 0.19429441669441683, 0.24814957819957825], [0.2410513336336868, 0.2982077964519141, 0.22498757353757357, 0.23575329637682593], [0.2516284715284716, 0.2940946497946498, 0.18893535353535365, 0.26534152514152515], [0.2704318570318569, 0.2455368187368188, 0.20907298257298257, 0.27495834165834165], [0.23197087357087365, 0.2816392773892775, 0.2026453324453325, 0.28374451659451666], [0.1961434065934067, 0.3350336496836497, 0.20711695526695537, 0.2617059884559887], [0.27759139749139744, 0.29111966921966925, 0.18611023421023423, 0.24517869907869907], [0.2861861471861474, 0.26022097347097367, 0.19027106782106784, 0.26332181152181144], [0.2403604895104897, 0.29217198634698627, 0.22350118215118212, 0.2439663419913421], [0.21544285714285727, 0.2730433483183484, 0.2314985347985349, 0.2800152597402598], [0.2525801948051949, 0.3369876984126985, 0.1558332611832613, 0.2545988455988456], [0.2350110916860918, 0.25635095460095464, 0.21210509490509497, 0.2965328588078588], [0.2291167443667445, 0.3764404983904982, 0.1810734709734711, 0.21336928626928645], [0.29330296925296934, 0.3026372016872017, 0.18719679209679219, 0.21686303696303705], [0.26409593184593183, 0.2878526196026197, 0.18267182262182272, 0.26537962592962605], [0.26799620934620944, 0.3079884060384062, 0.18376534021534024, 0.24025004440004458], [0.2526587024087024, 0.26021039516039535, 0.2250982128982129, 0.2620326895326897], [0.2133137806637808, 0.3119380952380954, 0.21742683982683988, 0.25732128427128426], [0.1673856365856366, 0.30746615606615607, 0.2590565878565878, 0.26609161949161964], [0.24588131313131323, 0.25806158286158304, 0.1786161671661672, 0.3174409368409369], [0.2231471750471751, 0.33103755688755687, 0.15702479187479196, 0.2887904761904762], [0.2555002053502054, 0.275688528138528, 0.18616468531468539, 0.2826465811965813], [0.2624424852924853, 0.2946286213786215, 0.2051718836718837, 0.23775700965700983], [0.24775345765345788, 0.2535124153624155, 0.22855793650793665, 0.27017619047619046], [0.24214034854034863, 0.32106975801975807, 0.20683807303807322, 0.22995182040182047], [0.23049813519813533, 0.25582742812742837, 0.16543638583638587, 0.3482380508380508], [0.2588934343434343, 0.29902431457431455, 0.19329430014430024, 0.24878795093795106], [0.23409956154956166, 0.27335897990897995, 0.15493773448773457, 0.33760372405372396], [0.21681679431679435, 0.31198971028971023, 0.22810088049205698, 0.24309261490143852], [0.20717271062271062, 0.36784797979797995, 0.1860181041181043, 0.23896120546120553], [0.26492463647463654, 0.27039120324120325, 0.21128368853368876, 0.25340047175047176], [0.26336594516594525, 0.26249524364524357, 0.2452019702519704, 0.22893684093684094], [0.2086316516816517, 0.3156122155622155, 0.18587337662337672, 0.289882756132756], [0.22151563436563446, 0.30657322677322674, 0.23805431039548702, 0.23385682846565192], [0.2238399877899879, 0.35704454434454436, 0.20518982683982687, 0.21392564102564113], [0.22453759296259299, 0.32507784992785005, 0.19747802752802757, 0.2529065295815297], [0.22826975801975818, 0.3056405372405374, 0.20470769230769242, 0.2613820124320126], [0.26723029748029764, 0.30716688866688874, 0.19076727439227445, 0.2348355394605396], [0.2175988622488623, 0.3327791264291266, 0.1845667221667223, 0.26505528915528925], [0.2714293428793429, 0.2590290043290043, 0.14123838383838377, 0.32830326895326906], [0.27621378066378066, 0.2752121645897962, 0.1912017659241344, 0.25737228882228885], [0.2757714174714176, 0.2961477078477077, 0.17350146520146523, 0.25457940947940955], [0.22706468531468527, 0.37158432400932395, 0.18784191086691102, 0.21350907980907982], [0.2421794955044956, 0.3517438034188034, 0.17452296592296598, 0.23155373515373512], [0.2770206349206349, 0.25848010878010874, 0.18133152958152968, 0.2831677267177267], [0.18945581640581663, 0.321434534909535, 0.23956344766344773, 0.24954620102120104], [0.256631648906649, 0.3511068154068153, 0.189470806970807, 0.20279072871572873], [0.24336891164391178, 0.30520478573713866, 0.2090206904206906, 0.24240561219825926], [0.26401444388944406, 0.31218285603285606, 0.1800896825396826, 0.2437130175380177], [0.3022465867465867, 0.25249852924852934, 0.2245594072594073, 0.2206954767454769], [0.2301899711399712, 0.3103392662892663, 0.2070058330558332, 0.2524649295149296], [0.17705324675324685, 0.3187415584415584, 0.1944196747696748, 0.3097855200355202], [0.2109379453879454, 0.3182359473859473, 0.17188689643689653, 0.2989392107892109], [0.2315477653925023, 0.3288519127071755, 0.18975389055389064, 0.2498464313464314], [0.2640645521145521, 0.2856058441558442, 0.17570002220002234, 0.2746295815295815], [0.24031259296259305, 0.36330253357753356, 0.1892667693417694, 0.2071181041181042], [0.22885382395382406, 0.3350759018759021, 0.22233773448773453, 0.2137325396825397], [0.22325790875790885, 0.3582534077034077, 0.21126595626595635, 0.20722272727272734], [0.2340323232323233, 0.36685735550998705, 0.21956024910761773, 0.17955007215007218], [0.23624459429459438, 0.27356460206460204, 0.19145926491808854, 0.29873153872271535], [0.23164218200100567, 0.3286158785658784, 0.1989472360972361, 0.24079470333587988], [0.21332862137862152, 0.29430873015873005, 0.20825692640692658, 0.28410572205572215], [0.27147359307359314, 0.3004045454545453, 0.15983044733044732, 0.26829141414141416], [0.225219474969475, 0.283485142635143, 0.1803199633699633, 0.31097541902541903], [0.21068202353202364, 0.3504518759018761, 0.2024708513708515, 0.23639524919524932], [0.20301477591036415, 0.2930461760461761, 0.20239954587895778, 0.3015395021645023], [0.23794481156098818, 0.33883592241092225, 0.16844244840127193, 0.2547768176268177], [0.33828613249495604, 0.2352269397269398, 0.15213202908202914, 0.27435489869607516], [0.2230520499108735, 0.34706176046176046, 0.20111793565911218, 0.2287682539682541], [0.245116810966811, 0.3134224386724386, 0.16666847041847058, 0.2747922799422799], [0.24532385392385403, 0.29098881673881694, 0.21750411810411827, 0.2461832112332114], [0.28093871128871123, 0.2354760572760574, 0.1769643301143302, 0.3066209013209013], [0.22774147796647798, 0.2776735653235653, 0.20672238872238877, 0.2878625679875681], [0.2825803732215497, 0.2699306069747246, 0.13491509960627615, 0.31257392019744945], [0.2718705627705628, 0.31285771450771455, 0.1542502886002887, 0.2610214341214342], [0.26892031024531027, 0.24812950937950953, 0.1718040043290044, 0.3111461760461762], [0.23583678935443647, 0.2898006121329651, 0.18303460428460439, 0.2913279942279942], [0.27492153957153953, 0.2770499000999001, 0.16914249084249086, 0.2788860694860694], [0.22306969060351417, 0.3177916305916307, 0.17211435786435791, 0.28702432094049757], [0.21047374292374285, 0.3022234709734712, 0.18786430791430794, 0.29943847818847813], [0.2550863636363638, 0.26760379620379643, 0.23453726551226567, 0.24277257464757462], [0.2605317832494305, 0.2896607186930717, 0.1834933732933735, 0.2663141247641247], [0.22077801642801648, 0.33159779109779103, 0.20736108336108333, 0.2402631091131093], [0.2430914002664004, 0.2887363553113554, 0.14635865800865813, 0.3218135864135864], [0.2565627445653762, 0.2904160173160173, 0.1492761942735628, 0.3037450438450439], [0.2574527611277612, 0.2671510600510602, 0.18462010212010216, 0.2907760767010767], [0.2673031024531026, 0.23948833388833402, 0.1338859806859808, 0.3593225829725831], [0.21154764124764142, 0.3149186979686979, 0.2190658008658009, 0.2544678599178599], [0.23963571591806898, 0.3192342588783764, 0.15786180486180498, 0.2832682203417497], [0.1712361693861695, 0.3927678710178711, 0.19686125541125554, 0.23913470418470423]]}}