{"test": {"ids": ["106114880", "108120280", "110114920", "112117660", "103118291", "112118810", "105116090", "113122120", "107116980", "113122180", "98111670", "104111550", "112118161", "113118231", "103110840", "108116070", "103120290", "102111990", "111120531", "104114240", "99112641", "99109860", "107112850", "99113260", "102110240", "105121370", "97107260", "113117401", "106120640", "107114110", "112119500", "113121750", "100109801", "106113170", "97107821", "97112830", "111116990", "105112100", "107114621", "99116500", "112119580", "98120010", "97107920", "108118810", "110120531", "111117480", "110121500", "106115240", "110121170", "110118121", "106117770", "100111380", "110115980", "107113840", "106114150", "110118111", "100108580", "105115680", "113120601", "101110200", "108117720", "101108080", "98110710", "111114321", "112116610", "98119591", "113120780", "101112160", "99121440", "111120280", "111119610", "112116501", "101111140", "108117451", "97111790", "103120531", "100111390", "100112060", "98108580", "108116501", "101111210", "106113830", "106116441", "97105451", "106119580", "101114990", "108115880", "99108460", "99112300", "100109890", "113118630", "104119290", "105115250", "110115580", "113118421", "113121190", "99108520", "100108080", "111116530", "100111620", "103120730", "109117271", "98111231", "97112300", "112118820", "100113210", "108119510", "102112250", "102118380", "108119330", "108114220", "113121410", "98110810", "103111110", "113122220", "101111990", "106117790", "111121410", "98111620", "108117610", "113119950", "112118421", "112118930", "101110740", "110115890", "107116300", "110119891", "112117571", "103111930", "110113931", "101121640", "101112540", "108113480", "108118291", "112118620", "98107210", "98108370", "97107681", "112118530", "113119320", "99107500", "104114230"], "labels": [0, 3, 3, 0, 0, 3, 1, 1, 3, 2, 1, 1, 0, 3, 1, 1, 2, 2, 0, 0, 1, 2, 1, 0, 3, 2, 2, 3, 3, 1, 2, 0, 0, 0, 2, 2, 0, 1, 0, 2, 3, 2, 0, 1, 0, 1, 3, 1, 2, 3, 0, 3, 1, 3, 1, 1, 0, 2, 2, 2, 1, 0, 2, 1, 1, 1, 0, 3, 2, 0, 2, 3, 2, 2, 2, 3, 2, 2, 0, 0, 2, 1, 0, 0, 3, 3, 3, 0, 0, 3, 3, 1, 2, 1, 3, 1, 2, 0, 3, 3, 1, 0, 1, 2, 0, 0, 1, 0, 1, 0, 3, 0, 1, 3, 1, 2, 1, 0, 3, 3, 0, 3, 1, 3, 2, 0, 3, 3, 3, 1, 2, 2, 0, 3, 3, 1, 1, 3, 1, 1, 0, 2], "predicted_labels": [1, 0, 3, 3, 3, 1, 1, 2, 0, 3, 3, 3, 3, 0, 1, 2, 3, 3, 2, 3, 2, 1, 0, 2, 2, 3, 3, 3, 3, 3, 2, 3, 3, 1, 1, 0, 3, 1, 1, 1, 3, 1, 0, 3, 3, 3, 1, 1, 1, 3, 1, 3, 3, 2, 0, 0, 3, 1, 1, 1, 3, 1, 3, 1, 3, 3, 1, 1, 1, 3, 3, 3, 0, 0, 3, 1, 0, 3, 3, 1, 1, 2, 1, 0, 0, 1, 3, 1, 1, 0, 3, 3, 3, 3, 3, 1, 2, 1, 1, 3, 3, 3, 1, 3, 3, 0, 0, 3, 1, 3, 1, 0, 3, 1, 1, 3, 1, 3, 1, 3, 0, 3, 1, 1, 1, 2, 3, 3, 1, 1, 2, 1, 2, 0, 3, 1, 3, 3, 1, 3, 3, 3], "confidence_scores": [[0.26257518410134406, 0.44830199619344974, 0.12974691069312985, 0.1593759090120764], [0.4265208337186567, 0.13850721418700104, 0.18297186159266368, 0.2520000905016786], [0.16600891067619195, 0.3080161786343582, 0.07853794735789657, 0.4474369633315533], [0.2734644921938542, 0.18755732494322747, 0.1807521314032731, 0.3582260514596454], [0.14327924959228558, 0.19132000387119488, 0.17165911737587736, 0.4937416291606423], [0.18126453053918834, 0.390342228299271, 0.11659457638869901, 0.3117986647728417], [0.30277308154748744, 0.4033946935148889, 0.11538069654888954, 0.17845152838873413], [0.20574723859740734, 0.1860357250161024, 0.455589474458556, 0.15262756192793425], [0.5279279325588196, 0.189668646904121, 0.09994170691963514, 0.18246171361742414], [0.32245694562382327, 0.18922002488658668, 0.1425869533393898, 0.3457360761502002], [0.18334470475111592, 0.1881768324278271, 0.11268634985764427, 0.5157921129634128], [0.19235793209467755, 0.25277090927247015, 0.08745728057728903, 0.4674138780555635], [0.20343952408801977, 0.23860318911486963, 0.06788093128954056, 0.49007635550756995], [0.319983496711137, 0.18666745417383285, 0.3073926482880381, 0.18595640082699205], [0.2324494265487122, 0.30113960952828334, 0.2510943105360583, 0.21531665338694625], [0.17981289261273814, 0.24673196449342058, 0.45109521624519217, 0.1223599266486492], [0.14163683659843465, 0.2552743837339134, 0.1952087955709157, 0.40787998409673637], [0.28210575892538153, 0.17091606829318787, 0.14268225964616943, 0.40429591313526114], [0.2259529249486434, 0.25634671453123475, 0.2604033822382052, 0.2572969782819166], [0.10546754189075475, 0.16394145011338052, 0.2586232300536845, 0.4719677779421802], [0.14126329647533015, 0.11964673159852916, 0.4023738844343269, 0.3367160874918138], [0.24905871394511814, 0.4005394302450929, 0.12247936542274128, 0.22792249038704782], [0.32864078459050866, 0.3082877304111888, 0.11922146022755056, 0.24385002477075193], [0.12974979431659106, 0.14091083551483655, 0.4725683718894237, 0.2567709982791488], [0.23355201251633348, 0.2278912438765028, 0.3021510588939483, 0.23640568471321544], [0.22075657554502406, 0.2841852449659819, 0.12771991307491923, 0.36733826641407485], [0.16979714358618245, 0.1564597241719378, 0.2102945910439326, 0.4634485411979471], [0.23730758693925721, 0.17365815185448263, 0.20164871698053258, 0.3873855442257276], [0.21700513336043703, 0.25291546005645676, 0.15618353480391325, 0.37389587177919276], [0.11999065392814863, 0.07305971665964571, 0.06993608830813729, 0.7370135411040686], [0.1366132513525959, 0.2734903426069259, 0.3884490789031707, 0.20144732713730748], [0.20138594521537337, 0.32873069979952224, 0.07187379899923725, 0.39800955598586724], [0.2188115215037081, 0.23383959375485133, 0.23349990373456012, 0.3138489810068804], [0.10141362616680268, 0.5537491653179287, 0.06295517311043515, 0.2818820354048333], [0.21704343679954327, 0.3367768521906265, 0.18323215332182957, 0.26294755768800077], [0.4306017529356186, 0.2566767592791702, 0.1016058223766621, 0.21111566540854906], [0.23115977266575674, 0.2314444115831104, 0.13520349813530533, 0.4021923176158277], [0.34237216183537383, 0.35772212686695065, 0.13987648844847828, 0.16002922284919738], [0.1777188680153684, 0.404966985971588, 0.13393011462902074, 0.28338403138402296], [0.15000779955394386, 0.37933758883291624, 0.21140760001698847, 0.2592470115961515], [0.3088880006412362, 0.22576428054174214, 0.12488673810739133, 0.34046098070963027], [0.1659658464468522, 0.4070905203102978, 0.11561274382279452, 0.31133088942005555], [0.37681772927646545, 0.2031338995959469, 0.0894877375535795, 0.33056063357400817], [0.2917918054758121, 0.1604294478241137, 0.10028631467804996, 0.4474924320220242], [0.24074494197478627, 0.14031921306524842, 0.11408650061428167, 0.5048493443456835], [0.30492917116523494, 0.2063384450364503, 0.07404315110728404, 0.41468923269103064], [0.2868182661661795, 0.4283548281168228, 0.0761683201249631, 0.2086585855920347], [0.29137270629629414, 0.29823580530507304, 0.13448808517460703, 0.2759034032240257], [0.11932013883677328, 0.4540920919488224, 0.09676954339017618, 0.3298182258242281], [0.16657933082654927, 0.23614852712317072, 0.11213354487577187, 0.4851385971745082], [0.16533530376109318, 0.33620446873068993, 0.20525563416918946, 0.2932045933390273], [0.2791844273635073, 0.22086361857635967, 0.10924166645535664, 0.3907102876047764], [0.2949211370365032, 0.16414190019968897, 0.10783897502875239, 0.43309798773505537], [0.15203408809831143, 0.292200928877367, 0.39672344191205705, 0.15904154111226457], [0.44093661945112467, 0.156226976541793, 0.09956212473181227, 0.3032742792752701], [0.4740286155635837, 0.20232716077972115, 0.09081865684517294, 0.2328255668115221], [0.19978265467926107, 0.2165498520933307, 0.2026353281266532, 0.3810321651007551], [0.16146736989215882, 0.4035541865612746, 0.10818143425559401, 0.3267970092909726], [0.14337595868252917, 0.3805462647934516, 0.29877586595602595, 0.17730191056799346], [0.14997659396848992, 0.564603838117298, 0.07515098196703093, 0.21026858594718126], [0.20823933335065456, 0.26541568705067686, 0.1253367043010751, 0.4010082752975936], [0.3081358980870181, 0.41771285700588884, 0.07598786464863022, 0.19816338025846272], [0.14767612339734607, 0.25391741910103016, 0.17940357566756673, 0.4190028818340571], [0.06455439759643282, 0.7927631336723668, 0.04138990997495609, 0.10129255875624421], [0.19786913200722092, 0.21737198753285566, 0.161606440080695, 0.42315244037922844], [0.23205953658462966, 0.12335640397603351, 0.30357233888101914, 0.3410117205583177], [0.14098927739507205, 0.3401124543352682, 0.1885842873780791, 0.33031398089158065], [0.1653665039951213, 0.4337298116691683, 0.17475641751504858, 0.2261472668206618], [0.15070080806968064, 0.4689870720423638, 0.23493736323421885, 0.14537475665373686], [0.2263812282126548, 0.16206871654054458, 0.07634644737996811, 0.5352036078668325], [0.20853501460030324, 0.15036934818229283, 0.3141689924761934, 0.3269266447412106], [0.2618212829498624, 0.22872456868070418, 0.0725376248354791, 0.4369165235339542], [0.3805612847403555, 0.23554495199476586, 0.21573817756905206, 0.16815558569582667], [0.43863873668567505, 0.14987600529038417, 0.10382606899298029, 0.3076591890309604], [0.22138179639761357, 0.14233617437200968, 0.13387925087737715, 0.5024027783529995], [0.19826028865030537, 0.366758157660832, 0.1972754677284868, 0.2377060859603759], [0.5938672131798508, 0.159177907224184, 0.0928252280914435, 0.15412965150452182], [0.21761068252886773, 0.24780840565183881, 0.22957540058083814, 0.30500551123845543], [0.22056953253372474, 0.2775341134972787, 0.14170088161408873, 0.360195472354908], [0.2565361070198056, 0.4042133151901257, 0.15661845496197113, 0.1826321228280977], [0.23669791900954726, 0.32025922062572515, 0.25237802201411785, 0.1906648383506096], [0.2949040029044061, 0.11300982444418872, 0.4269661117081632, 0.16512006094324208], [0.34434475355032595, 0.3833845248953203, 0.10515677416231586, 0.1671139473920379], [0.3813440632879061, 0.13609469388468615, 0.22820372444552736, 0.2543575183818804], [0.47573639702745885, 0.1636144243270205, 0.19568599820575977, 0.16496318043976088], [0.07474565971110138, 0.5548199059124803, 0.048355955956685036, 0.32207847841973336], [0.279186125068986, 0.19446744280033676, 0.19619622942066045, 0.3301502027100167], [0.2395897885805873, 0.4931932175005175, 0.05856143309029811, 0.20865556082859724], [0.16910144257421963, 0.6028517572115227, 0.07547000933099023, 0.15257679088326737], [0.32750713641610885, 0.1466224534114393, 0.2421906486344606, 0.28367976153799135], [0.1156346158939976, 0.21043767737874852, 0.2056533783673773, 0.4682743283598766], [0.16407794091831382, 0.2748822664820481, 0.15651350932798824, 0.40452628327164986], [0.3180187073896021, 0.20754787730611488, 0.153122030970047, 0.32131138433423606], [0.19922720139031322, 0.09217183452649562, 0.21053250160824533, 0.49806846247494596], [0.3506772705512352, 0.18551104215039685, 0.10860500652133483, 0.35520668077703316], [0.16584335569015848, 0.37830474506978634, 0.08507137575876027, 0.370780523481295], [0.17727718242928964, 0.3250364078143024, 0.346742316530014, 0.15094409322639418], [0.07537827051565672, 0.5564726784555928, 0.049594493391778, 0.3185545576369725], [0.1207464326669615, 0.707038436230226, 0.06413017060809022, 0.10808496049472226], [0.3018494722256992, 0.1618476062553575, 0.20907139923048948, 0.327231522288454], [0.16523010623929602, 0.32927478237742386, 0.1620221347994282, 0.34347297658385173], [0.24917706770396353, 0.11812097759366463, 0.06711386336795948, 0.5655880913344126], [0.2516124355018218, 0.3290314794141577, 0.16295848651231173, 0.25639759857170885], [0.3282741668181623, 0.16875048181078764, 0.15432182936002972, 0.34865352201102023], [0.23176197802741327, 0.18705137811582226, 0.09622811037829347, 0.48495853347847095], [0.3424742040902507, 0.2241485084585365, 0.09472569068109271, 0.33865159677012], [0.35248132125739384, 0.23919647134985952, 0.13934549993149678, 0.2689767074612499], [0.19086138657581725, 0.21006358801265607, 0.24115736309519908, 0.3579176623163279], [0.2396041530147008, 0.4051982515396761, 0.1250215965586832, 0.23017599888694], [0.26921705249237565, 0.24451141537408927, 0.16421460670470878, 0.32205692542882614], [0.2126724541540145, 0.28009323321003565, 0.2463976783515293, 0.26083663428442067], [0.380092452944073, 0.21240351952912292, 0.08701459412717956, 0.32048943339962443], [0.24832011731829423, 0.23077160749612424, 0.08711073260824669, 0.4337975425773349], [0.14737099621149094, 0.4269802880605947, 0.08401194170792886, 0.3416367740199856], [0.11768793414702965, 0.5226382814764363, 0.16001898338499368, 0.19965480099154045], [0.12765807930451845, 0.23424208544658282, 0.08463686461383003, 0.5534629706350688], [0.24557072943488278, 0.28126381240353493, 0.2068281635552711, 0.26633729460631117], [0.31547372802187773, 0.23620759650108403, 0.10871519446026612, 0.33960348101677207], [0.21375539946931554, 0.4274628989145229, 0.12415587199653792, 0.23462582961962358], [0.09445597111408342, 0.21867272863408851, 0.07513329676858292, 0.6117380034832453], [0.47188399313377355, 0.06399504151941059, 0.2009774720425319, 0.2631434933042839], [0.3187325792379191, 0.21062812699536923, 0.07265790164162342, 0.39798139212508826], [0.22898923854134698, 0.3479459972423315, 0.09786928542050907, 0.32519547879581245], [0.21959861405909367, 0.4369173494121743, 0.12859380085453884, 0.21489023567419316], [0.10374449787553784, 0.38665379249210885, 0.1652728501563803, 0.344328859475973], [0.21422456502372306, 0.21267181591171982, 0.33981651948854485, 0.23328709957601224], [0.20949221453073436, 0.19207792414843813, 0.14439537642750833, 0.4540344848933193], [0.16196087249960725, 0.21334859003853568, 0.058624286796078146, 0.566066250665779], [0.25713062314073726, 0.492207295382833, 0.11722164348652925, 0.13344043798990068], [0.2710342020780692, 0.3135251906589856, 0.18421290032365792, 0.23122770693928724], [0.26694561898756675, 0.19650290481916668, 0.29553533744004074, 0.24101613875322592], [0.19307670003462232, 0.39483283338473396, 0.23974049605293574, 0.17234997052770795], [0.08644766377965005, 0.3126513126166186, 0.4429435943108657, 0.15795742929286563], [0.40331284400804607, 0.26520565431216514, 0.08194137206378573, 0.24954012961600294], [0.21519132576268638, 0.20945781317307618, 0.0746644108216296, 0.5006864502426078], [0.16693564041583206, 0.40979843790234816, 0.1784422568884382, 0.24482366479338163], [0.21567661459097132, 0.25949712726919155, 0.11505493458103827, 0.40977132355879897], [0.18687151859534393, 0.1795575457667511, 0.293421192998292, 0.3401497426396132], [0.07687179081980518, 0.6049268394919491, 0.15193092821706528, 0.16627044147118047], [0.15856843514158908, 0.33345605142842544, 0.04892956348535667, 0.45904594994462855], [0.0847443664514972, 0.3514732583609093, 0.08846749045853068, 0.4753148847290628], [0.281865470812719, 0.16718211505753316, 0.24195423707482328, 0.30899817705492455]]}, "rewritten": {"ids": ["97105451", "97107260", "97107681", "97107821", "97107920", "97111790", "97112300", "97112830", "98107210", "98108370", "98108580", "98110710", "98110810", "98111231", "98111620", "98111670", "98119591", "98120010", "99107500", "99108460", "99108520", "99109860", "99112300", "99112641", "99113260", "99116500", "99121440", "100108080", "100108580", "100109801", "100109890", "100111380", "100111390", "100111620", "100112060", "100113210", "101108080", "101110200", "101110740", "101111140", "101111210", "101111990", "101112160", "101112540", "101114990", "101121640", "102110240", "102111990", "102112250", "102118380", "103110840", "103111110", "103111930", "103118291", "103120290", "103120531", "103120730", "104111550", "104114230", "104114240", "104119290", "105112100", "105115250", "105115680", "105116090", "105121370", "106113170", "106113830", "106114150", "106114880", "106115240", "106116441", "106117770", "106117790", "106119580", "106120640", "107112850", "107113840", "107114110", "107114621", "107116300", "107116980", "108113480", "108114220", "108115880", "108116070", "108116501", "108117451", "108117610", "108117720", "108118291", "108118810", "108119330", "108119510", "108120280", "109117271", "110113931", "110114920", "110115580", "110115890", "110115980", "110118111", "110118121", "110119891", "110120531", "110121170", "110121500", "111114321", "111116530", "111116990", "111117480", "111119610", "111120280", "111120531", "111121410", "112116501", "112116610", "112117571", "112117660", "112118161", "112118421", "112118530", "112118620", "112118810", "112118820", "112118930", "112119500", "112119580", "113117401", "113118231", "113118421", "113118630", "113119320", "113119950", "113120601", "113120780", "113121190", "113121410", "113121750", "113122120", "113122180", "113122220"], "labels": [0, 2, 3, 2, 0, 2, 2, 2, 1, 1, 0, 2, 1, 1, 3, 1, 1, 2, 0, 0, 2, 2, 0, 1, 0, 2, 2, 0, 0, 0, 3, 3, 2, 3, 2, 0, 0, 2, 3, 2, 2, 2, 3, 2, 3, 2, 3, 2, 0, 1, 1, 3, 3, 0, 2, 3, 1, 1, 2, 0, 1, 1, 2, 2, 1, 2, 0, 1, 1, 0, 1, 0, 0, 1, 3, 3, 1, 3, 1, 0, 0, 3, 0, 3, 3, 1, 0, 2, 3, 1, 3, 1, 0, 1, 3, 0, 1, 3, 1, 2, 1, 1, 3, 3, 0, 2, 3, 1, 3, 0, 1, 2, 0, 0, 0, 3, 1, 3, 0, 0, 3, 1, 3, 3, 0, 1, 2, 3, 3, 3, 3, 3, 1, 0, 2, 0, 1, 0, 0, 1, 2, 1], "predicted_labels": [0, 2, 3, 1, 0, 3, 0, 0, 1, 3, 1, 1, 3, 3, 1, 3, 0, 3, 1, 3, 2, 1, 1, 0, 1, 0, 2, 1, 3, 3, 0, 1, 0, 3, 1, 3, 0, 1, 1, 0, 1, 3, 1, 3, 1, 2, 1, 3, 1, 1, 1, 1, 1, 1, 1, 2, 3, 3, 1, 3, 2, 0, 3, 1, 1, 1, 1, 3, 3, 1, 0, 0, 3, 3, 1, 3, 1, 1, 3, 1, 2, 0, 1, 1, 0, 0, 3, 0, 3, 3, 0, 3, 0, 1, 0, 3, 1, 3, 3, 3, 0, 3, 3, 3, 3, 2, 1, 1, 1, 3, 3, 1, 3, 1, 3, 3, 1, 3, 3, 3, 0, 1, 1, 3, 3, 3, 0, 3, 3, 1, 1, 1, 3, 3, 1, 1, 1, 0, 0, 1, 0, 1], "confidence_scores": [[0.401153201441769, 0.2401426587286333, 0.09614780386766707, 0.2625563359619306], [0.23080860090165367, 0.2900235060946153, 0.2903364666427289, 0.18883142636100228], [0.11549886382311972, 0.08537117021354838, 0.2890952894125172, 0.5100346765508147], [0.2085401609901496, 0.45410990982004557, 0.11475581317276386, 0.22259411601704077], [0.3405018058383965, 0.24492185600999625, 0.08356398554151868, 0.33101235261008843], [0.21244671451984334, 0.11705201762319886, 0.16946748396656983, 0.501033783890388], [0.42336475394710205, 0.19684766110688093, 0.10169590497427171, 0.27809167997174533], [0.3429115399058409, 0.16633578030687696, 0.3373373869853365, 0.1534152928019457], [0.1381450540873127, 0.379960608316553, 0.1823242620890911, 0.29957007550704334], [0.15667456182405987, 0.25843594130202857, 0.26487677024710554, 0.3200127266268061], [0.1972354818346617, 0.2984041862166819, 0.2246851837740524, 0.2796751481746042], [0.20700433140521085, 0.29486048567902584, 0.21406441685413816, 0.28407076606162535], [0.1445711850132283, 0.2116209479357346, 0.12447133919653938, 0.5193365278544977], [0.26786707170129664, 0.22226862451981885, 0.06789400835123821, 0.44197029542764626], [0.26972346949313486, 0.3983408454001551, 0.15588554744836822, 0.1760501376583419], [0.16099327630790572, 0.20016828579068763, 0.09665691177727401, 0.5421815261241326], [0.29916866367165906, 0.137592800506949, 0.29514488605381767, 0.2680936497675741], [0.2651529506530307, 0.18417138701472635, 0.1662536695051558, 0.3844219928270873], [0.04655296824138272, 0.6076401647926669, 0.08395625443467578, 0.26185061253127456], [0.17740754379665977, 0.2511448289320615, 0.08761439767704135, 0.48383322959423736], [0.25113419506649204, 0.21597617701873953, 0.424927693392634, 0.10796193452213451], [0.20694106022821113, 0.4290673610605049, 0.10137482786307792, 0.26261675084820607], [0.12743997928613696, 0.313525949243769, 0.2624716813116931, 0.296562390158401], [0.3431386612207416, 0.24690563296022697, 0.14402448517233024, 0.2659312206467011], [0.2165097205842662, 0.315365977665639, 0.2811284720068574, 0.18699582974323734], [0.48586235682583584, 0.11529699224008405, 0.11525972129937123, 0.283580929634709], [0.08584191876590311, 0.2941637175023021, 0.4938112026321736, 0.12618316109962124], [0.2905715158250072, 0.35772791301261664, 0.11606395081895444, 0.23563662034342198], [0.10811877511314952, 0.3241288021278581, 0.08151589424911172, 0.48623652850988075], [0.18435037138540467, 0.2147691012452514, 0.197447719319068, 0.403432808050276], [0.3307197508724804, 0.16722482699549404, 0.2763762219213598, 0.22567920021066593], [0.23487244201213867, 0.3656309927180748, 0.0981927257134529, 0.3013038395563335], [0.3905991828715021, 0.1659017024961178, 0.10290649455667394, 0.34059262007570634], [0.26845386065089705, 0.16550868090932966, 0.16551745896752398, 0.4005199994722494], [0.17721634388443272, 0.5540930951756053, 0.10127985809319912, 0.16741070284676282], [0.19841331598906922, 0.1313886210536807, 0.06671029304117725, 0.6034877699160728], [0.39508240164141417, 0.36680680439600966, 0.09348962303565064, 0.1446211709269255], [0.21782479698882717, 0.4580809478934462, 0.05719357537189129, 0.2669006797458353], [0.3337201092343063, 0.513444263304106, 0.06618638933424908, 0.08664923812733863], [0.5804442472879842, 0.13032722435811575, 0.1146722973093068, 0.17455623104459317], [0.22578059817168777, 0.4386968439086433, 0.1445498871866318, 0.1909726707330372], [0.21118575813813167, 0.3116155968220201, 0.06231159002194078, 0.4148870550179074], [0.17528866189491296, 0.43668648369778124, 0.14354175640939829, 0.24448309799790766], [0.21958400978661885, 0.1755523235704766, 0.23541092047258225, 0.3694527461703224], [0.24923144950794257, 0.38079385202498894, 0.07721094299825626, 0.2927637554688122], [0.24100855143301642, 0.19494150208359745, 0.31451681865216785, 0.24953312783121834], [0.26913098862075074, 0.3746072803572673, 0.15182978439873085, 0.20443194662325095], [0.28087911551328054, 0.20614548789894732, 0.15799353964625376, 0.3549818569415185], [0.24034752940065557, 0.4243143377349958, 0.07274318211344093, 0.26259495075090766], [0.20266012408889475, 0.3918075617118882, 0.07753626465621961, 0.3279960495429975], [0.24390253047020924, 0.37572602825797424, 0.12360904661206976, 0.256762394659747], [0.23651288053393563, 0.358936511882257, 0.10498069561860394, 0.2995699119652035], [0.11178609579800748, 0.5989812212182156, 0.1391100883070749, 0.15012259467670194], [0.1270673405333081, 0.5274428494260066, 0.14902189201905353, 0.19646791802163183], [0.12360192003816504, 0.5154972894775052, 0.1267958689874049, 0.2341049214969249], [0.24402122994270659, 0.18823043692316363, 0.38976024728570924, 0.17798808584842074], [0.23853313751589042, 0.33617244993192175, 0.08037507751807238, 0.3449193350341156], [0.22348294675759872, 0.26919233356546746, 0.13545905571535116, 0.37186566396158277], [0.212713910924486, 0.3214296257196982, 0.21409477694419862, 0.2517616864116174], [0.26207861012352635, 0.20462191112183867, 0.17328316112611278, 0.36001631762852215], [0.11712319153443909, 0.16641537820095825, 0.38528625686086226, 0.33117517340374053], [0.371852829638018, 0.17729456489436307, 0.1725794827582224, 0.2782731227093965], [0.2651181184837396, 0.277524745191108, 0.16029555703639528, 0.2970615792887572], [0.20949834715643992, 0.48554211518061624, 0.09429384150729302, 0.210665696155651], [0.23352721574150004, 0.4500129651212264, 0.10691915786659481, 0.20954066127067875], [0.08425710041442326, 0.45177917780804233, 0.11654955880157833, 0.34741416297595606], [0.14761938531832602, 0.5924982743033894, 0.08918242317338641, 0.17069991720489802], [0.32474400647646945, 0.16399539726631507, 0.1836057457863869, 0.32765485047082865], [0.163878313951887, 0.14441357965788718, 0.06499411659378022, 0.6267139897964457], [0.14127488742966215, 0.6231876461156368, 0.128011799120281, 0.10752566733442], [0.4768462191293017, 0.11572890091237097, 0.09796366137864684, 0.30946121857968056], [0.32356666211428453, 0.20914722018882745, 0.22841399286603586, 0.2388721248308523], [0.18967388305714544, 0.19695184460204887, 0.1759750085182419, 0.4373992638225638], [0.15357915517635415, 0.313753763343222, 0.1503341721713182, 0.3823329093091055], [0.22334950720400798, 0.43782074912278296, 0.1380331865636683, 0.20079655710954084], [0.12242671229270508, 0.2499049233740127, 0.11184304293211851, 0.5158253214011638], [0.26358303384046683, 0.3229279130244836, 0.21221120281104444, 0.20127785032400514], [0.11526524380890431, 0.47631901005109273, 0.18161800679338472, 0.22679773934661834], [0.1455863023640606, 0.20375080546259652, 0.13223659762460488, 0.5184262945487379], [0.19516919888639117, 0.6117638156578994, 0.08125380553084188, 0.11181317992486745], [0.18462031616038177, 0.10425495137857195, 0.3916741808560446, 0.31945055160500174], [0.45269963218622417, 0.2663657834913593, 0.10955157146487594, 0.17138301285754062], [0.11401291754238632, 0.5317268988836167, 0.2474945432028891, 0.10676564037110797], [0.28485381263404536, 0.4547108020115633, 0.15695151207516703, 0.10348387327922429], [0.2940413805818646, 0.255516761834354, 0.18333408498663298, 0.2671077725971485], [0.39854225585995967, 0.17908976534580534, 0.14417265274197102, 0.27819532605226405], [0.23880016327335324, 0.16546921048053695, 0.2572630113249759, 0.3384676149211337], [0.6031254006582853, 0.1301289706481258, 0.08393473893930382, 0.18281088975428503], [0.16512537155326112, 0.11181357745955242, 0.14582862391163465, 0.5772324270755519], [0.2344305943611701, 0.3352269992691459, 0.09440735107459869, 0.33593505529508527], [0.4398355236153267, 0.26384782469548557, 0.10430085603672501, 0.19201579565246266], [0.2297695684957224, 0.2245388573640201, 0.10855059996328473, 0.4371409741769728], [0.35373138869053933, 0.1463104799950229, 0.17331979966327193, 0.3266383316511658], [0.25289776200374525, 0.43079589744752045, 0.07884858107757994, 0.23745775947115433], [0.4625795899637915, 0.14595988903735882, 0.07628422278137043, 0.3151762982174794], [0.19620239933260256, 0.1152909885582861, 0.051061604412210415, 0.6374450076969009], [0.2706212531691054, 0.4004479025274124, 0.11540670933295995, 0.21352413497052233], [0.23916297848459464, 0.29471720784043703, 0.0590366754235857, 0.4070831382513827], [0.1954921584684019, 0.08380744613500925, 0.16160323764668563, 0.5590971577499032], [0.09837478436464181, 0.30815439893036034, 0.21310685269814517, 0.38036396400685274], [0.4480453400950788, 0.20342869241561157, 0.12437550888414785, 0.22415045860516172], [0.2284159457396802, 0.3204935598210098, 0.089062714390934, 0.36202778004837605], [0.19960064094574162, 0.16983555470914474, 0.07942086737766828, 0.5511429369674453], [0.2998496542770393, 0.2641492730491213, 0.12688070538117946, 0.30912036729265996], [0.22633789808434235, 0.3308333734690314, 0.10785023711864912, 0.334978491327977], [0.10978579325422955, 0.3242530167767236, 0.41207680958219267, 0.15388438038685423], [0.3412763298525734, 0.38324490361166497, 0.10479848079459261, 0.17068028574116917], [0.27402425799873287, 0.34375129741603627, 0.10563055496513594, 0.276593889620095], [0.3192215550114788, 0.4024970640414579, 0.15832590448764097, 0.11995547645942249], [0.30091031669212975, 0.14164235583403587, 0.0817591824653624, 0.475688145008472], [0.12127998654772461, 0.22419195489324342, 0.11266624855456844, 0.5418618100044635], [0.11828604063088512, 0.3109650227460034, 0.300262026293195, 0.27048691032991645], [0.18215136224054265, 0.3463550392333069, 0.07378584437736511, 0.39770775414878534], [0.08672590453208799, 0.4674430836117994, 0.31459992588367325, 0.1312310859724393], [0.23018520236208084, 0.2907068674046324, 0.162556052613577, 0.31655187761970977], [0.19986002134914677, 0.2325146563535405, 0.0828400513320759, 0.48478527096523677], [0.18169005536645189, 0.2949678569900116, 0.25798173731241464, 0.26536035033112176], [0.1822557177397828, 0.14738718376623663, 0.0634455993866916, 0.6069114991072889], [0.24498812137638987, 0.22787808964689565, 0.20406163418633447, 0.32307215479038], [0.18028094467433076, 0.18639439722161455, 0.0833525475660905, 0.5499721105379641], [0.352549101016702, 0.3255661614904011, 0.062430101482525424, 0.2594546360103716], [0.08893438255621346, 0.6716155585241084, 0.0775749023149918, 0.16187515660468643], [0.2791574524505782, 0.2928774497210522, 0.17271775878278667, 0.255247339045583], [0.19831731998607077, 0.2827818963867368, 0.07517717500112922, 0.44372360862606314], [0.22878410429159174, 0.21527638062596022, 0.10095553247823742, 0.45498398260421063], [0.2040507934611889, 0.20979818823378688, 0.07262737338849921, 0.513523644916525], [0.2969396237888115, 0.2843395794964122, 0.1879924060743504, 0.230728390640426], [0.22891767687837522, 0.29112090072571356, 0.08764789376241362, 0.39231352863349755], [0.16265607410357277, 0.19486777232182, 0.14643094338230056, 0.4960452101923067], [0.15042323954995676, 0.46448137192391487, 0.1339315708122209, 0.25116381771390733], [0.30868727883747443, 0.34237027452236757, 0.09966778838993398, 0.24927465825022396], [0.3164279543998782, 0.38502896289153554, 0.13091702444217174, 0.16762605826641444], [0.18845544186201707, 0.2139559987962286, 0.09247851882233606, 0.5051100405194183], [0.30527584149075093, 0.057192100305642715, 0.18673853725787257, 0.4507935209457339], [0.08580710887446662, 0.4122608312765591, 0.1881750491913321, 0.3137570106576424], [0.22722215516799965, 0.4569209918222911, 0.08156487713711993, 0.23429197587258918], [0.11571699498640023, 0.5648571260573211, 0.10826300798069866, 0.21116287097558004], [0.3705868544466589, 0.1860438732962764, 0.121061107723185, 0.3223081645338798], [0.5662860675461348, 0.16103251101863886, 0.02901766994638433, 0.24366375148884212], [0.13807070414616163, 0.3821864879246977, 0.18161635998261863, 0.2981264479465222], [0.31295951249638243, 0.26540048983707276, 0.13959242048236475, 0.28204757718418], [0.10669220645821942, 0.3370722150224088, 0.3050861080104349, 0.25114947050893677]]}}