{"test": {"ids": ["111119290", "101112690", "103111990", "111121930", "97116500", "104117200", "105113330", "112119500", "102109840", "101108950", "97106000", "107113130", "98106680", "102111990", "102112170", "100109801", "101114990", "101119030", "112120700", "108120280", "101115190", "109121351", "111121190", "108113700", "110117080", "101112201", "100109360", "105113480", "98106111", "98112170", "100108990", "109119450", "107112850", "111117200", "102112030", "109120540", "111116100", "107114950", "105113620", "112117461", "105119950", "99108580", "113122180", "103111830", "106111321", "107114110", "107116340", "105116441", "109113591", "104116800", "112118810", "97106770", "108115250", "104111711", "106115120", "107121640", "102112301", "111115620", "113121190", "109117080", "110121500", "109119460", "101109370", "113117550", "111120640", "100120780", "111119150", "100108260", "99120010", "109115070", "113122230", "113122160", "103117461", "112118860", "110116290", "103110220", "108115870", "99109910", "110113931", "98110810", "100109330", "108113740", "111118820", "98108150", "113121010", "99110730", "108113760", "102113350", "113122320", "112117660", "103111540", "102110850", "108114040", "101108580", "106121220", "107113550", "97105451", "100108520", "98121790", "106119990", "113121980", "109119340", "97107040", "112118471", "111114121", "107113260", "109117271", "107114321", "105112260", "105119550", "106113360", "110118301", "98107340", "102109010", "110114321", "106113830", "109119010", "103111480", "109120150", "111116090", "110115890", "105117351", "110120540", "113119120", "108115970", "112116290", "99108000", "109119591", "104119340", "97106600", "99109370", "112119320", "98107210", "113118490", "113120591", "108121351", "104113000", "100115700", "104114410", "103110840", "98111670", "100111620"], "labels": [3, 1, 2, 1, 2, 3, 3, 2, 2, 2, 0, 1, 1, 2, 3, 0, 3, 3, 2, 3, 1, 0, 1, 0, 1, 0, 0, 0, 0, 3, 2, 3, 1, 0, 2, 1, 3, 3, 0, 0, 3, 0, 2, 3, 0, 1, 3, 1, 3, 1, 3, 3, 1, 1, 1, 1, 1, 1, 1, 1, 3, 1, 1, 3, 0, 1, 3, 3, 2, 0, 1, 3, 0, 3, 2, 2, 3, 2, 1, 1, 0, 3, 0, 0, 2, 3, 1, 3, 1, 0, 1, 3, 0, 0, 1, 0, 0, 2, 2, 0, 2, 3, 2, 1, 0, 0, 0, 0, 3, 1, 0, 1, 0, 1, 1, 1, 3, 0, 2, 3, 2, 0, 1, 3, 2, 0, 2, 0, 1, 3, 1, 1, 1, 1, 0, 3, 1, 1, 1, 1, 1, 3], "predicted_labels": [3, 3, 3, 2, 1, 1, 0, 1, 3, 3, 2, 2, 2, 2, 0, 3, 1, 3, 1, 0, 0, 0, 0, 3, 3, 0, 3, 1, 2, 0, 0, 2, 1, 0, 3, 1, 1, 0, 3, 3, 0, 1, 3, 2, 3, 1, 3, 1, 0, 3, 0, 2, 3, 1, 0, 1, 3, 3, 0, 1, 0, 3, 0, 3, 0, 0, 0, 0, 1, 1, 2, 3, 3, 3, 0, 1, 0, 2, 3, 2, 1, 3, 3, 2, 1, 2, 1, 3, 1, 3, 0, 1, 2, 0, 3, 3, 1, 2, 3, 0, 1, 3, 2, 1, 1, 0, 3, 3, 3, 1, 3, 3, 2, 1, 3, 0, 3, 1, 2, 0, 0, 3, 1, 3, 1, 1, 1, 1, 3, 3, 1, 1, 3, 3, 3, 3, 3, 1, 3, 1, 3, 2], "confidence_scores": [[0.012012289844145202, 0.006494217521527839, 0.003231542127856087, 0.9782619505064709], [0.2030310687116656, 0.004484769649936813, 0.006522957394969553, 0.7859612042434281], [0.05662563117962166, 0.2709879866032427, 0.21562890331876064, 0.45675747889837504], [0.013393338796551447, 0.007124549892252644, 0.976116212567341, 0.0033658987438547803], [0.07920734140786717, 0.6246292670660021, 0.09255002557024856, 0.20361336595588211], [0.025089866079137498, 0.743773636296773, 0.01765305795668423, 0.21348343966740516], [0.7273229886278332, 0.042671004763877585, 0.007996928122187684, 0.22200907848610166], [0.03367697941968188, 0.5572489012810361, 0.40729304185275855, 0.001781077446523413], [0.035164650156444995, 0.42440787201141456, 0.08434610008314254, 0.4560813777489978], [0.006718893645953654, 0.11156506099363767, 0.13805461681992287, 0.7436614285404859], [0.20721644108226517, 0.016396480431377685, 0.7401134596965159, 0.0362736187898412], [0.15835301875967409, 0.09283431760217094, 0.6996483910011275, 0.049164272637027474], [0.06276021865063186, 0.16385625035004706, 0.7465944439611134, 0.02678908703820782], [0.3532520025568916, 0.13316873565358994, 0.3973489067617081, 0.11623035502781029], [0.9382010374722332, 0.028716158927856426, 0.02565557432746385, 0.007427229272446635], [0.0045411030230924085, 0.04318488520329922, 0.003514332788728134, 0.9487596789848802], [0.2073725511467127, 0.6123208707310485, 0.14245147850418183, 0.037855099618057], [0.13273309644628975, 0.20032570929619092, 0.31739374418609273, 0.34954745007142657], [0.07848648260759535, 0.5705867756012256, 0.10195164258642778, 0.2489750992047513], [0.607461371192908, 0.009227996301980582, 0.12601586806788342, 0.257294764437228], [0.4935356147717755, 0.1571485174626507, 0.22696549818587608, 0.12235036957969771], [0.5579129509813813, 0.20282909800757154, 0.10748276448419194, 0.13177518652685521], [0.9857308161806023, 0.0030486467618632733, 0.0013007822721058462, 0.0099197547854287], [0.016749830194331943, 0.2858753118495906, 0.09401881542719527, 0.6033560425288822], [0.0021819350136128377, 0.03371209622931212, 0.017586091557953737, 0.9465198771991213], [0.9040840516603599, 0.00989154772217445, 0.01902596403760384, 0.06699843657986196], [0.33096285689877436, 0.12392342200127918, 0.08514701809764971, 0.45996670300229675], [0.17787499311340035, 0.4499506889047456, 0.26685888672484726, 0.10531543125700678], [0.08954011212366937, 0.16487003368031014, 0.40376835222311935, 0.3418215019729011], [0.7232938928865044, 0.005255867351853337, 0.04014498945698724, 0.231305250304655], [0.5431440942196575, 0.06306493610818181, 0.21150803619270267, 0.18228293347945798], [0.22209331445785493, 0.24946517652610514, 0.2939779013664449, 0.23446360764959495], [0.016503370523356535, 0.9672853125382276, 0.013795523968626006, 0.0024157929697900087], [0.9559705737945821, 0.019816705324689862, 0.00132065376724596, 0.022892067113482024], [0.1840447187553472, 0.20760310201314192, 0.22717110814376917, 0.3811810710877418], [0.06329452870722362, 0.7821147346400095, 0.05254776636449777, 0.10204297028826931], [0.3055779297904972, 0.5886645176254233, 0.041115774449772796, 0.0646417781343068], [0.678328763017907, 0.20378219036645762, 0.05121069272732923, 0.06667835388830623], [0.017698641130807786, 0.23614802991070774, 0.3679042654091064, 0.37824906354937804], [0.01778113227198496, 0.03523535019853619, 0.004404740848565182, 0.9425787766809137], [0.841796299886817, 0.012534607894975238, 0.12458810981579949, 0.02108098240240833], [0.38292842923345244, 0.49204426907401744, 0.018546592645136067, 0.1064807090473942], [0.014097381626694935, 0.02995155974181885, 0.08094021471424687, 0.8750108439172395], [0.1293123302418745, 0.1728978114466208, 0.4861959145017871, 0.21159394380971774], [0.05538904085317853, 0.08477642345202982, 0.026476250399900453, 0.8333582852948913], [0.34381689058066905, 0.5033942701390943, 0.03496481065727786, 0.11782402862295883], [0.0517219126966965, 0.19805888692906543, 0.03301094461175264, 0.7172082557624855], [0.2181516704351509, 0.6444787102135977, 0.00373381698315174, 0.1336358023680996], [0.7469547949421098, 0.193834534143793, 0.0024097767953247568, 0.05680089411877243], [0.010110242799709028, 0.00799118659445755, 0.000891339637250572, 0.9810072309685828], [0.8122021274202706, 0.033726341080543024, 0.026097308581369504, 0.12797422291781693], [0.014435738781600989, 0.0030325969772850314, 0.9048409142574009, 0.07769074998371318], [0.007861159295268677, 0.0018532975399074253, 0.034129977556809216, 0.9561555656080147], [0.2815932997266288, 0.3887346435515351, 0.057995306850277775, 0.2716767498715584], [0.518972978599811, 0.1145993518430346, 0.00905072810753337, 0.35737694144962107], [0.0889830057379337, 0.5781093062305219, 0.2825330030839184, 0.05037468494762596], [0.0034620122664445513, 0.04635790549132465, 0.0031033996541047944, 0.9470766825881259], [0.06918452544339154, 0.029017967935144665, 0.1350203287431542, 0.7667771778783095], [0.4994044935819624, 0.04315761635805314, 0.08325661148265198, 0.37418127857733247], [0.0024012578723155127, 0.9817252470462051, 0.004480527608288212, 0.011392967473191155], [0.883863113447079, 0.038252377838839724, 0.021983444923227707, 0.055901063790853606], [0.2142043389273585, 0.0963098424255335, 0.07595218251891656, 0.6135336361281916], [0.6308989602576554, 0.07484956701250525, 0.2913241440346485, 0.0029273286951907026], [0.02057163937439146, 0.00014474964727017667, 0.00518739352305203, 0.9740962174552862], [0.6503452651150965, 0.10725662405257784, 0.16136884854954794, 0.08102926228277761], [0.6851934746213619, 0.1585550152084882, 0.06290176610047613, 0.09334974406967367], [0.5692293956443709, 0.10799476378737317, 0.03243466167109936, 0.2903411788971566], [0.46188571129771416, 0.21136575277531233, 0.03251196099004419, 0.2942365749369293], [0.05000379496893432, 0.4837232456757208, 0.10985295608506643, 0.3564200032702785], [0.24401348716628363, 0.7145037993176392, 0.005437114655013282, 0.03604559886106389], [0.017716801755493502, 0.07883231354683105, 0.8490755339925604, 0.05437535070511489], [0.023712311282210404, 0.03099545840170802, 0.0038076283845898443, 0.9414846019314917], [0.0032508953772754172, 0.08271863580116019, 0.0058528728240212205, 0.9081775959975432], [0.09982473716297044, 0.028991196136719674, 0.30527522959181136, 0.5659088371084985], [0.5336452950176418, 0.08934506628950314, 0.20898846642464877, 0.16802117226820631], [0.0020922629041685435, 0.9069372484648827, 0.06746244960919183, 0.02350803902175689], [0.8367791567791683, 0.012356680634555466, 0.007402567302795605, 0.14346159528348074], [0.02706330019316781, 0.40863872599706474, 0.5299098651675501, 0.034388108642217245], [0.32999196630086286, 0.033974670868387145, 0.18862431259381726, 0.44740905023693267], [0.00586340025663012, 0.06570186071477428, 0.8708891606588699, 0.05754557836972567], [0.1579649891177233, 0.7775868090251045, 0.013489152363813154, 0.05095904949335891], [0.24809429031217659, 0.17394858841911529, 0.0716845029648773, 0.5062726183038309], [0.42463949641909426, 0.025659096024682592, 0.002230276298984856, 0.5474711312572382], [0.04475701764367603, 0.016743594191741522, 0.8850482581649376, 0.05345112999964483], [0.004064437702161426, 0.9509601316861283, 0.022500090825407652, 0.02247533978630254], [0.003802093505960678, 0.01423945626216873, 0.9310203985562315, 0.0509380516756389], [0.019465072350675565, 0.715006121188433, 0.08999574685463098, 0.17553305960626056], [0.024394874093729233, 0.3077259541567688, 0.19230533505437708, 0.4755738366951249], [0.11725203601045886, 0.3914257233546395, 0.30308508824274655, 0.18823715239215508], [0.2227612049972344, 0.05028016448765208, 0.010691734562694176, 0.7162668959524193], [0.8224473486604524, 0.054980818297477675, 0.027257388486793203, 0.0953144445552767], [0.0012281105804835461, 0.793942957337502, 0.01622294602447643, 0.18860598605753823], [0.04375212201264251, 0.06049390227921845, 0.6135865721323648, 0.28216740357577424], [0.9325528425128268, 0.01904653127133321, 0.042731630318852104, 0.005668995896987819], [0.00040398975394331327, 0.1288283044363758, 0.032654746293500674, 0.8381129595161803], [0.16000407135117767, 0.07820194349714531, 0.24392464901376845, 0.5178693361379086], [0.31884250209410164, 0.4124941072438051, 0.008873494686036265, 0.25978989597605706], [0.004783707400943408, 0.007256107247575454, 0.8207319790639147, 0.16722820628756652], [0.24084261497664655, 0.22037465376420423, 0.25897651953834055, 0.27980621172080866], [0.5472837701337631, 0.04212895443896351, 0.2385302483475048, 0.17205702707976867], [0.24089690467656516, 0.5408474679407229, 0.003595900381792143, 0.21465972700091981], [0.05813749363201939, 0.2534925806427308, 0.05137807906673785, 0.6369918466585119], [0.003629826683836616, 0.0219519373472823, 0.9365891005407456, 0.03782913542813556], [0.013824882720496983, 0.9457518361792221, 0.027413770498326193, 0.013009510601954627], [0.2647767684369675, 0.6077355940760072, 0.0064512903343195835, 0.12103634715270555], [0.3242180871232305, 0.2713614243484634, 0.15090849845492738, 0.25351199007337866], [0.026352245313656635, 0.02169932098891208, 0.003821055648984246, 0.948127378048447], [0.05438907524747824, 0.37285030678893283, 0.0036732388406293622, 0.5690873791229596], [0.008855660679167196, 0.09967356134996946, 0.030373295188483324, 0.8610974827823801], [0.08243891522473297, 0.7004620835806671, 0.14997112327650922, 0.06712787791809081], [0.005606976876779957, 0.09281625720466001, 0.0014687150159425934, 0.9001080509026176], [0.08062040750792425, 0.13142175149848082, 0.0014325206295081668, 0.7865253203640868], [0.08897653811540042, 0.0551821868555947, 0.8309840158291679, 0.024857259199836952], [0.2883584215690744, 0.45263070761694335, 0.23190893297351423, 0.027101937840468167], [0.0925394203307782, 0.07188864062987127, 0.18089720637664058, 0.6546747326627099], [0.7069784860382006, 0.025507281338670747, 0.00584440800345336, 0.2616698246196755], [0.005661195025400731, 0.011219521586177431, 0.033390300561583756, 0.9497289828268379], [0.07212834773300052, 0.8505328917258306, 0.0026685492272938934, 0.07467021131387494], [0.18577981644017094, 0.3408260559868782, 0.39922032537520163, 0.0741738021977493], [0.8170402097190202, 0.06999420771889182, 0.006661807324708381, 0.10630377523737954], [0.7230691605469277, 0.25072157566859143, 0.02500214917633806, 0.0012071146081427287], [0.024533668105126326, 0.1048911980745658, 0.034146742318236195, 0.8364283915020717], [0.0025675902951506537, 0.9678939036677334, 0.010813981614251624, 0.018724524422864403], [0.17665028839699415, 0.20970696767517222, 0.00884692927672406, 0.6047958146511095], [0.23049881865512808, 0.7191985282913868, 0.0350741747779812, 0.015228478275503976], [0.02165812217872596, 0.8863217917060227, 0.02302351993728678, 0.06899656617796449], [0.02739229962460971, 0.9117691450844362, 0.059859047088646436, 0.000979508202307588], [0.02520579567989988, 0.9410503524000161, 0.02758814038085954, 0.0061557115392244215], [0.0006310439189812311, 0.10300542052448901, 0.009290793265154895, 0.8870727422913749], [0.020275849455295487, 0.0956379235450889, 0.0016215999253498287, 0.8824646270742658], [0.017926492520778325, 0.9093609968185064, 0.06267551246499502, 0.010036998195720305], [0.0020133638281433406, 0.7477340141984636, 0.006846385499285477, 0.24340623647410753], [0.006018390253042371, 0.11837740730260446, 0.10263150143276902, 0.7729727010115842], [0.02008603770231277, 0.012092324642517992, 0.007257037397478593, 0.9605646002576906], [0.28616600139892734, 0.15547825716256605, 0.1838973099222619, 0.37445843151624475], [0.21165419565716984, 0.04256055643114752, 0.02096907389638293, 0.7248161740152997], [0.42334087787774094, 0.005030560364679612, 0.005423271821518185, 0.5662052899360611], [0.0388254511413267, 0.7977743410965255, 0.023195252203544577, 0.14020495555860324], [0.17459286531917312, 0.09163953358530846, 0.20977698328384242, 0.523990617811676], [0.04837955288397983, 0.8667572192664634, 0.054819438464422894, 0.03004378938513392], [0.2180644992406859, 0.21389151678221444, 0.03391251095809818, 0.5341314730190015], [0.034247683795947705, 0.02177439124000514, 0.6451907321000732, 0.29878719286397404]]}, "rewritten": {"ids": ["97105451", "97106000", "97106600", "97106770", "97107040", "97116500", "98106111", "98106680", "98107210", "98107340", "98108150", "98110810", "98111670", "98112170", "98121790", "99108000", "99108580", "99109370", "99109910", "99110730", "99120010", "100108260", "100108520", "100108990", "100109330", "100109360", "100109801", "100111620", "100115700", "100120780", "101108580", "101108950", "101109370", "101112201", "101112690", "101114990", "101115190", "101119030", "102109010", "102109840", "102110850", "102111990", "102112030", "102112170", "102112301", "102113350", "103110220", "103110840", "103111480", "103111540", "103111830", "103111990", "103117461", "104111711", "104113000", "104114410", "104116800", "104117200", "104119340", "105112260", "105113330", "105113480", "105113620", "105116441", "105117351", "105119550", "105119950", "106111321", "106113360", "106113830", "106115120", "106119990", "106121220", "107112850", "107113130", "107113260", "107113550", "107114110", "107114321", "107114950", "107116340", "107121640", "108113700", "108113740", "108113760", "108114040", "108115250", "108115870", "108115970", "108120280", "108121351", "109113591", "109115070", "109117080", "109117271", "109119010", "109119340", "109119450", "109119460", "109119591", "109120150", "109120540", "109121351", "110113931", "110114321", "110115890", "110116290", "110117080", "110118301", "110120540", "110121500", "111114121", "111115620", "111116090", "111116100", "111117200", "111118820", "111119150", "111119290", "111120640", "111121190", "111121930", "112116290", "112117461", "112117660", "112118471", "112118810", "112118860", "112119320", "112119500", "112120700", "113117550", "113118490", "113119120", "113120591", "113121010", "113121190", "113121980", "113122160", "113122180", "113122230", "113122320"], "labels": [0, 0, 3, 3, 2, 2, 0, 1, 1, 0, 0, 1, 1, 3, 2, 2, 0, 1, 2, 3, 2, 3, 2, 2, 0, 0, 0, 3, 1, 1, 0, 2, 1, 0, 1, 3, 1, 3, 1, 2, 3, 2, 2, 3, 1, 3, 2, 1, 0, 1, 3, 2, 0, 1, 1, 1, 1, 3, 1, 3, 3, 0, 0, 1, 0, 1, 3, 0, 0, 1, 1, 0, 1, 1, 1, 0, 0, 1, 0, 3, 3, 1, 0, 3, 1, 0, 1, 3, 2, 3, 3, 3, 0, 1, 0, 3, 3, 3, 1, 0, 2, 1, 0, 1, 1, 2, 2, 1, 1, 1, 3, 0, 1, 3, 3, 0, 0, 3, 3, 0, 1, 1, 0, 0, 0, 1, 3, 3, 1, 2, 2, 3, 1, 3, 0, 2, 1, 2, 3, 2, 1, 1], "predicted_labels": [0, 2, 3, 2, 2, 1, 2, 2, 1, 2, 3, 2, 1, 0, 0, 2, 1, 1, 0, 2, 0, 1, 2, 0, 1, 3, 3, 2, 3, 0, 0, 3, 0, 0, 0, 1, 0, 0, 0, 3, 1, 0, 3, 0, 3, 1, 1, 0, 1, 0, 3, 3, 1, 0, 0, 0, 3, 1, 3, 3, 0, 1, 2, 3, 0, 1, 0, 0, 3, 0, 0, 0, 2, 1, 2, 3, 0, 0, 1, 0, 3, 2, 3, 3, 1, 0, 3, 0, 0, 0, 3, 0, 0, 1, 1, 3, 3, 3, 3, 1, 2, 1, 0, 1, 1, 0, 0, 3, 3, 1, 0, 1, 3, 0, 3, 0, 0, 0, 0, 0, 0, 0, 1, 3, 3, 1, 0, 3, 3, 1, 1, 3, 3, 3, 3, 1, 0, 1, 3, 3, 2, 3], "confidence_scores": [[0.3775647208121569, 0.3695210735231872, 0.0025069713205642286, 0.25040723434409157], [0.3021049456185123, 0.04026595994136194, 0.6449915011049566, 0.012637593335169157], [0.04092060159494126, 0.1064487673381399, 0.003575017402155186, 0.8490556136647637], [0.25446015857277327, 0.025069082938712222, 0.495980459511022, 0.2244902989774926], [0.030797699492437925, 0.015166898065749255, 0.9008725534052741, 0.05316284903653878], [0.03497702746925807, 0.9037620101044571, 0.034355964955476895, 0.02690499747080794], [0.059999973972783116, 0.047588739906693676, 0.7892847934428612, 0.10312649267766198], [0.26228620371466, 0.24597767306653676, 0.4185770813392353, 0.07315904187956793], [0.10385111435962213, 0.5408113001522421, 0.11577651312566602, 0.23956107236246982], [0.1748446777585465, 0.2974338331121067, 0.51837509463214, 0.009346394497206902], [0.16221130616498355, 0.060223577778205195, 0.3668506161463571, 0.4107144999104541], [0.006448490305522556, 0.06403510745674248, 0.9241174306689418, 0.005398971568793198], [0.12452001714787041, 0.6460202118992925, 0.07316197091197689, 0.15629780004086027], [0.8160537524704425, 0.011000433149392702, 0.039679519646146195, 0.13326629473401855], [0.6364951416501675, 0.10292657760118039, 0.18897568622739874, 0.07160259452125335], [0.3536547879960973, 0.15811337860188732, 0.48757336584148386, 0.0006584675605315726], [0.21375412235999194, 0.6905299719488558, 0.018876880283624532, 0.07683902540752782], [0.015121103390043616, 0.9732869001018865, 0.00820785032760181, 0.003384146180468279], [0.41438220797662423, 0.12228673390103288, 0.3161600559443119, 0.14717100217803097], [0.0030030074127298458, 0.06491207573047669, 0.7504320319199084, 0.18165288493688517], [0.4418932847067571, 0.26224011654945034, 0.29049804266472407, 0.005368556079068366], [0.03742088535456066, 0.9359550586616556, 0.0005463328671566564, 0.02607772311662704], [0.020615011606505952, 0.016074596604623827, 0.6982521503760646, 0.26505824141280554], [0.8806582950904688, 0.04856467913536384, 0.022228424355349843, 0.04854860141881729], [0.21614007812176755, 0.7568546103760353, 0.01872936216339474, 0.008275949338802402], [0.25967740041246157, 0.026763056240754764, 0.13529376636538537, 0.5782657769813984], [0.19871289545102416, 0.23614574965860236, 0.09662988961270522, 0.46851146527766824], [0.06451809836111541, 0.02643669250896081, 0.7988250654744213, 0.1102201436555025], [0.2519924711415761, 0.23503003343761483, 0.0315146758379004, 0.48146281958290865], [0.9306176790499622, 0.029984984158657593, 0.015973679741605486, 0.02342365704977478], [0.9710128709714757, 0.005669533261452122, 0.017281439931787167, 0.006036155835285124], [0.015038382994296324, 0.06253131397715146, 0.2400061202938189, 0.6824241827347333], [0.9268254221221499, 0.009130224678178466, 0.06357608320450354, 0.0004682699951680545], [0.9372783703321367, 0.0027010749448088366, 0.009587874087221145, 0.05043268063583334], [0.553957442020465, 0.14056755050395944, 0.09201419784316937, 0.2134608096324062], [0.11118032352235369, 0.6861796701929909, 0.1860192940855491, 0.016620712199106564], [0.45834010035873013, 0.10010619350181141, 0.2625796878297619, 0.1789740183096967], [0.7846412887743507, 0.09449121627255669, 0.11401758983928523, 0.0068499051138073], [0.7682988766836664, 0.18761077430013187, 0.026797815254544163, 0.0172925337616576], [0.027969302308103444, 0.09071364537052429, 0.03537099367661571, 0.8459460586447566], [0.007520888117055379, 0.6522323559385363, 0.20713419161662755, 0.13311256432778074], [0.37976590335373683, 0.1281014430919411, 0.3483786152437233, 0.14375403831059871], [0.20619407256379294, 0.2183375199192959, 0.19263293003102855, 0.38283547748588254], [0.9684019660208134, 0.002833494303778129, 0.014373959487026602, 0.014390580188381857], [0.003915177079555212, 0.08343239009064023, 0.01678237124095175, 0.8958700615888529], [0.012348538881654313, 0.757626582732071, 0.06397634687821475, 0.16604853150806004], [0.23843491750626167, 0.5487591376238502, 0.13745195892855533, 0.07535398594133276], [0.5017885561981489, 0.27114030864386035, 0.1813221611342571, 0.045748974023733596], [0.03770246832766653, 0.8104496858187396, 0.005464843265012043, 0.14638300258858175], [0.9913223854658207, 0.006635246100318091, 0.001248709855104303, 0.0007936585787567657], [0.3176659321907054, 0.07910572660711795, 0.02549578793917522, 0.5777325532630015], [0.010061992925649466, 0.008608751049865656, 0.2123328876680833, 0.7689963683564015], [0.00303989157871507, 0.9625686227699363, 0.0034158907213800104, 0.030975594929968667], [0.5311102010439129, 0.22548319540716527, 0.18441013967065964, 0.05899646387826218], [0.7584770984386078, 0.01674383010391572, 0.015024328316374761, 0.2097547431411017], [0.8115183899474219, 0.017735851871674722, 0.09274894375710831, 0.07799681442379507], [0.1763867999865722, 0.0031601434686109, 0.003074620893332309, 0.8173784356514846], [0.29950002558131805, 0.42791132886092853, 0.14301832499022493, 0.12957032056752857], [0.006682155537684191, 0.36603513497764245, 0.04803541552665747, 0.5792472939580159], [0.011271890794523324, 0.13469115687539282, 0.02071548983232097, 0.833321462497763], [0.714485008573955, 0.10061739025965004, 0.008487932723133381, 0.1764096684432615], [0.4466581740602678, 0.5276837156165117, 0.02467486241215475, 0.0009832479110656173], [0.015120053578112502, 0.19778119603266628, 0.6226131620359058, 0.1644855883533156], [0.1377070244056297, 0.3418580785161812, 0.12465807725524307, 0.39577681982294594], [0.571451682168476, 0.10255843399782395, 0.012369999791302795, 0.3136198840423973], [0.016764422607869745, 0.9304494159752877, 0.03252679046106991, 0.02025937095577247], [0.9294609540589351, 0.009713228947576405, 0.019948733139434887, 0.04087708385405339], [0.3319632416554667, 0.17693806734264872, 0.1843673811721133, 0.3067313098297713], [0.004426136245644133, 0.07222162923551644, 0.0030109385915591392, 0.9203412959272802], [0.856703782552201, 0.013803930561291736, 0.01581279171825521, 0.11367949516825213], [0.6503239203224931, 0.08780479830189052, 0.013698710590128848, 0.24817257078548757], [0.5530868362065944, 0.03364067807990901, 0.10984935580980626, 0.3034231299036903], [0.0029076345146551545, 0.09244220002182753, 0.49113472400254554, 0.41351544146097186], [0.021692447889537905, 0.9652849913858997, 0.010805215818461195, 0.0022173449061012214], [0.3154407470178023, 0.06866045145255019, 0.6080481960549089, 0.0078506054747387], [0.10719569719844654, 0.1779063217512308, 0.21641392492810607, 0.4984840561222167], [0.7756521248580874, 0.0341906560438821, 0.103958929087168, 0.0861982900108625], [0.7281785342867475, 0.22569574584077917, 0.033293672217909916, 0.012832047654563312], [0.14394486335354764, 0.7218734761633934, 0.002657014887881375, 0.13152464559517757], [0.4428150525620329, 0.2310853034282424, 0.1702431992042989, 0.1558564448054257], [0.01534079406455089, 0.08613532649919384, 0.030707583681382766, 0.8678162957548726], [0.009573392757399971, 0.34911538333367614, 0.6042202169055981, 0.03709100700332581], [0.07017878011285443, 0.2865436441309842, 0.2051704814012219, 0.43810709435493933], [0.3436165388913632, 0.06979489839974648, 0.0988373135360142, 0.48775124917287616], [0.1538843732477988, 0.5124247722596267, 0.14344337664616094, 0.1902474778464136], [0.9617919551829435, 0.0007414896837799501, 0.03649765931696335, 0.0009688958163133215], [0.06269170265606022, 0.002551927050921108, 0.04184089996931208, 0.8929154703237066], [0.8841943096090665, 0.01507382240845803, 0.013570109990304391, 0.08716175799217095], [0.3819668357285735, 0.36620856786356, 0.23478307005858237, 0.01704152634928411], [0.7240109045257845, 0.00788953709298126, 0.08745975888836065, 0.1806397994928734], [0.34538756253431785, 0.01506677690584071, 0.012626715922926229, 0.6269189446369153], [0.6231345323315021, 0.31039889982405594, 0.0016744855746411323, 0.06479208226980086], [0.5845603494247043, 0.29067547768169344, 0.008022567659590257, 0.11674160523401204], [0.0021266282614655777, 0.9885274467666705, 0.004425633591719169, 0.004920291380144843], [0.29122728420051425, 0.6466002446777819, 0.004295608024961182, 0.0578768630967427], [0.03535398637966088, 0.059023130000470526, 0.22153910931045548, 0.6840837743094131], [0.34797226858250374, 0.27889072582884133, 0.02229957374612696, 0.3508374318425279], [0.1755497161158716, 0.002983370485819603, 0.09511228069623835, 0.7263546327020705], [0.0300620252971148, 0.2656510067831045, 0.035974031543712495, 0.6683129363760681], [0.3038789300455234, 0.6251183025897908, 0.06033406344183771, 0.010668703922848043], [0.22950839646701499, 0.05514698181441372, 0.6551559071836094, 0.06018871453496196], [0.05869676939088578, 0.7743774731234655, 0.09676787877594888, 0.07015787870969992], [0.6220296503710014, 0.20631642903353734, 0.14010924440092742, 0.03154467619453383], [0.3393339831507861, 0.4671874781147178, 0.01493674806294785, 0.1785417906715482], [0.10030371647406829, 0.6697748567413015, 0.019092218521811043, 0.21082920826281906], [0.8276529122566023, 0.08198899312663843, 0.07814113233148133, 0.012216962285277895], [0.920350576211683, 0.03510551135890529, 0.039208432728613844, 0.005335479700797881], [0.011789723652656636, 0.07417354194266171, 0.04324220549017992, 0.8707945289145017], [0.2456126123206712, 0.19184463265396595, 0.0019414652813640834, 0.5606012897439987], [0.003787085777123586, 0.9391401786714116, 0.043437115326858004, 0.013635620224606848], [0.8331907224310219, 0.05853434927757366, 0.03309207569804603, 0.07518285259335848], [0.41014811828028136, 0.5382311097753639, 0.007307248545203886, 0.0443135233991508], [0.03575766250675682, 0.20479372677555094, 0.08961923669891984, 0.6698293740187723], [0.8959045220210703, 0.013111752557927021, 0.013020974844729354, 0.07796275057627328], [0.1508897212154484, 0.3583702599801211, 0.044246624906098576, 0.44649339389833187], [0.8693016694343573, 0.0793262756190095, 0.009792133101805763, 0.04157992184482758], [0.6755488561794373, 0.028343853353524767, 0.0038837828078853707, 0.2922235076591524], [0.6530195399588414, 0.04691848032219273, 0.03599834488618709, 0.26406363483277867], [0.7804939607535993, 0.10758220984962998, 0.0273432100540117, 0.08458061934275915], [0.5916721279575491, 0.21684058030075598, 0.11796594764510107, 0.0735213440965939], [0.9768693252192198, 0.0011632115234602562, 0.00032491482153172366, 0.021642548435788302], [0.5666088289082772, 0.07131921980492963, 0.35687425107225096, 0.0051977002145421145], [0.051789663437255454, 0.49622148190929405, 0.08252266996611043, 0.36946618468734005], [0.22697522446379495, 0.05571442679245944, 0.006753376726254526, 0.710556972017491], [0.4253408639720731, 0.0781407575948386, 0.036272164529519126, 0.46024621390356907], [0.01544171079817838, 0.8845408813898248, 0.09980923304663522, 0.00020817476536154613], [0.5450920198436424, 0.0026963697550348616, 0.0010870274359274191, 0.45112458296539537], [0.011144556960284324, 0.08242236721338808, 0.10182741871676282, 0.8046056571095649], [0.021292534660235105, 0.3532807307407974, 0.14997006494013523, 0.4754566696588322], [0.0673751972610229, 0.7650250202142699, 0.15605930390697237, 0.011540478617734828], [0.04679056468365466, 0.8448119302398178, 0.031123031151828108, 0.07727447392469934], [0.1479178141779874, 0.0006209753136630238, 0.017562560947068328, 0.8338986495612812], [0.12428085413994351, 0.05527329722720258, 0.05396242438226467, 0.7664834242505892], [0.05707576256660328, 0.11394123708367467, 0.011425882496149259, 0.8175571178535729], [0.09728327156226546, 0.01707562582082303, 0.027458666496599973, 0.8581824361203115], [0.00026419117076915727, 0.9820235892196596, 0.004016510385759824, 0.013695709223811445], [0.884590908427516, 0.10373196827347216, 0.008351825106843251, 0.0033252981921685592], [0.11627432145465531, 0.5402742039558405, 0.005329295658618572, 0.3381221789308856], [0.035753224894942405, 0.2633018140164058, 0.0022395339403266444, 0.6987054271483251], [0.03543458345249816, 0.0700375892050846, 0.06191676054181497, 0.8326110668006024], [0.013797694194328148, 0.11428343598627892, 0.8160587383388126, 0.0558601314805804], [0.05516392663593797, 0.43682146552324463, 0.05254187577551995, 0.45547273206529754]]}}