{"test": {"ids": ["101112540", "110117870", "107114280", "108114040", "103111990", "110114720", "107115140", "107113260", "105116501", "110117140", "113122430", "111118910", "113117401", "112118930", "105121190", "111120591", "104113550", "112119500", "111115770", "111116100", "99109141", "113122650", "101113210", "106121220", "109117600", "98109230", "108118060", "98108580", "109117630", "100109360", "110118701", "105113330", "108114180", "98108370", "108120060", "109115380", "100110050", "102118380", "99116500", "104113240", "106121190", "107120010", "103113210", "98116500", "106114880", "111116090", "107116300", "102113981", "100111390", "113121980", "110121450", "98109570", "102110890", "107115250", "113120751", "112119320", "97116410", "101108950", "111114171", "112119450", "112116810", "113119320", "111117120", "109118701", "106118820", "98106680", "98110680", "100109910", "103113170", "111118820", "101110200", "107113170", "98109090", "100120780", "98111620", "112120630", "107113840", "102109850", "111118301", "112117461", "104111531", "105113190", "102112301", "103109791", "109117110", "103117200", "110118810", "111119950", "108113740", "105110091", "101108290", "105116860", "108117360", "99107950", "101112201", "107113180", "106116820", "109117431", "109119340", "104114230", "111116010", "111116290", "105112260", "98117740", "110120560", "104113000", "97116790", "113118810", "100111620", "110119030", "103109021", "97107040", "103112641", "109115220", "110121500", "110119300", "112120290", "112117471", "100111080", "107118490", "108113620", "112118421", "104119290", "106119580", "108116120", "101108370", "106113190", "106117770", "105116090", "110115580", "109115211", "106113360", "106116370", "103113101", "112120540", "113118820", "104111711", "106117790", "112116540", "113122320", "110121140", "108115880"], "labels": [2, 3, 3, 0, 2, 3, 0, 0, 1, 3, 2, 0, 3, 1, 2, 1, 1, 2, 3, 3, 3, 2, 3, 1, 1, 1, 1, 0, 0, 0, 3, 3, 1, 1, 1, 3, 3, 1, 2, 2, 2, 1, 3, 2, 0, 3, 0, 1, 2, 2, 3, 1, 0, 2, 1, 1, 3, 2, 3, 3, 3, 1, 2, 3, 3, 1, 2, 2, 3, 0, 2, 0, 1, 1, 3, 3, 3, 1, 3, 0, 0, 3, 1, 3, 1, 0, 1, 0, 3, 0, 0, 2, 1, 1, 0, 3, 1, 1, 3, 2, 1, 2, 3, 2, 0, 1, 2, 3, 3, 0, 0, 2, 3, 3, 3, 1, 1, 3, 0, 2, 3, 3, 1, 3, 1, 1, 0, 0, 1, 1, 0, 0, 2, 3, 3, 0, 1, 1, 1, 1, 3, 3], "predicted_labels": [1, 3, 1, 2, 3, 1, 3, 1, 1, 0, 1, 1, 3, 3, 1, 0, 0, 2, 0, 0, 0, 2, 3, 3, 0, 2, 1, 1, 0, 0, 1, 3, 1, 3, 0, 1, 2, 2, 2, 1, 3, 3, 2, 3, 1, 0, 1, 0, 3, 1, 3, 0, 0, 1, 0, 1, 3, 3, 0, 0, 2, 0, 1, 1, 1, 1, 2, 2, 0, 0, 1, 3, 3, 0, 2, 3, 1, 2, 0, 3, 1, 3, 3, 3, 1, 1, 0, 0, 0, 0, 1, 0, 0, 1, 0, 1, 0, 0, 3, 0, 1, 2, 3, 0, 2, 3, 1, 1, 3, 3, 0, 2, 0, 3, 0, 1, 0, 0, 2, 2, 0, 1, 0, 1, 0, 3, 3, 0, 0, 1, 3, 3, 0, 1, 1, 1, 0, 0, 1, 1, 0, 0], "confidence_scores": [[0.08958264994893328, 0.6329750603495253, 0.14191416484059524, 0.13552812486094606], [0.35123083985325126, 0.00549919879467036, 0.11797383341843667, 0.5252961279336418], [0.03911520121919934, 0.5998275142630264, 0.22351615559752466, 0.13754112892024964], [0.03485200282339847, 0.17364097099945802, 0.5256572378427548, 0.2658497883343888], [0.09983929741277572, 0.23841518617143254, 0.25632438390460244, 0.40542113251118944], [0.042389104118258074, 0.658309538225815, 0.2372538842343575, 0.06204747342156957], [0.22097037044175388, 0.03265126907999999, 0.04948423074610326, 0.6968941297321428], [0.11958509427030412, 0.4475846708980107, 0.26005480533684366, 0.17277542949484168], [0.34126718420063096, 0.34723702596705697, 0.014835264570994934, 0.2966605252613172], [0.3463773517220353, 0.27527117345952506, 0.12419176219611033, 0.25415971262232934], [0.08646065836207588, 0.6675250063604645, 0.08773983661191437, 0.1582744986655452], [0.11180745458531262, 0.4238504166135328, 0.1760282105996549, 0.28831391820149976], [0.10556981786910055, 0.39313528558482713, 0.016227295370809813, 0.4850676011752624], [0.2650486843450471, 0.15428881933844202, 0.043816787383600383, 0.5368457089329106], [0.026031990122377436, 0.42229712935029506, 0.323439246290425, 0.22823163423690263], [0.7985888965173282, 0.007139344245913638, 0.005163685120503829, 0.18910807411625433], [0.7262371937242342, 0.08887283827966103, 0.019319426877215898, 0.16557054111888894], [0.07683621400010406, 0.28820388519962903, 0.6313902517076525, 0.0035696490926143227], [0.856123410265394, 0.06102764076845333, 0.0196388669103157, 0.06321008205583714], [0.43150569217214835, 0.3635970995627686, 0.1520013219842286, 0.05289588628085452], [0.6112501432084502, 0.0929848882541438, 0.013703803012993015, 0.282061165524413], [0.02684709325750839, 0.09846248756085768, 0.8284958665246875, 0.04619455265694646], [0.19291474684835455, 0.047097666200027484, 0.3795155310429739, 0.38047205590864397], [0.010153930390262059, 0.11075551727724468, 0.025687547158830353, 0.8534030051736629], [0.325792012550971, 0.21435804404779313, 0.19675617539521803, 0.2630937680060179], [0.02379137681875144, 0.006631575766623487, 0.903625737377786, 0.06595131003683916], [0.18787428289702002, 0.2929921353386033, 0.23122525656540627, 0.2879083251989704], [0.2633551250816768, 0.31821145773983445, 0.20064841319311935, 0.2177850039853693], [0.5061343048431628, 0.26283945830439054, 0.007736398797075273, 0.22328983805537142], [0.41998478480769075, 0.19432240389534705, 0.17067002205189805, 0.2150227892450641], [0.3566957590544738, 0.526087591112978, 0.012576206850111196, 0.10464044298243699], [0.22592025048346984, 0.10366995417936022, 0.011363126337765385, 0.6590466689994045], [0.16974197412844003, 0.5915715413955718, 0.042867977567709735, 0.19581850690827848], [0.1348985774431583, 0.07500684899868798, 0.1546762281682154, 0.6354183453899382], [0.9007113095642595, 0.024983099538000274, 0.020079959871921408, 0.054225631025818795], [0.13812314100726616, 0.4788867005250669, 0.20327546680183015, 0.17971469166583678], [0.0182992973343693, 0.4029328483428626, 0.4105169211576274, 0.16825093316514056], [0.10241393512949712, 0.3927632605555336, 0.45351037766058877, 0.05131242665438036], [0.01603241150669117, 0.30038438783077764, 0.6327823605710229, 0.05080084009150838], [0.007632196970623134, 0.9819214452919776, 0.00839653696983326, 0.002049820767565953], [0.009635774735454874, 0.20791919553210972, 0.26143854196898914, 0.5210064877634463], [0.009520806802882352, 0.010385007625438944, 0.02878129082110436, 0.9513128947505745], [0.030223084527899523, 0.08714570549262789, 0.5572881195227369, 0.3253430904567357], [0.3770871130711094, 0.04526698405813954, 0.08678985067126994, 0.4908560521994812], [0.05278333646884676, 0.6356465009179281, 0.20822682330463715, 0.1033433393085881], [0.7498338007750693, 0.17788214283219303, 0.013171286828215181, 0.059112769564522424], [0.0759824756876624, 0.6516324532381222, 0.014239519987025774, 0.25814555108718956], [0.6754314769076053, 0.08869222714594334, 0.0298740260908902, 0.20600226985556117], [0.08248019465174454, 0.1385805872690547, 0.20409355672273496, 0.5748456613564658], [0.2241634059884936, 0.4285470995149217, 0.04106495677744793, 0.30622453771913677], [0.16414237706526233, 0.0638131100610344, 0.0012311921243700569, 0.7708133207493333], [0.9211574023579223, 0.026991110053969265, 0.015897494560828607, 0.03595399302727966], [0.6811575780775179, 0.003595492670075231, 0.007674235634695483, 0.3075726936177115], [0.09390855663160125, 0.5107848550333202, 0.2105358608588153, 0.1847707274762633], [0.8882690775219201, 0.015225604573966255, 0.018455809596234045, 0.07804950830787967], [0.01843932973986079, 0.738091102573172, 0.04262347296967495, 0.20084609471729215], [0.31217954303430573, 0.04249813636470294, 0.23655216873551432, 0.40877015186547705], [0.028951585882330485, 0.0609655513756582, 0.08118809681676184, 0.8288947659252494], [0.36877452150111395, 0.18945232483735372, 0.13036922625961733, 0.31140392740191486], [0.6517282932049914, 0.32770009255443894, 0.006649152830650719, 0.013922461409918927], [0.22616242435184433, 0.09671468881407425, 0.6626985599659269, 0.014424326868154513], [0.3342252322917686, 0.3122853502349431, 0.03375341695167487, 0.3197360005216135], [0.13369553517173005, 0.8523941869455023, 0.008183305930538853, 0.0057269719522288496], [0.37221675366135387, 0.5256012452362194, 0.06443531791763242, 0.03774668318479424], [0.01615035078428222, 0.7078327981343268, 0.007651268636125881, 0.26836558244526504], [0.16301050599121455, 0.41908002780262427, 0.23590659906623013, 0.18200286713993108], [0.14608783685086102, 0.38165179290636786, 0.45339367735756153, 0.018866692885209486], [0.05253279955990064, 0.07793389716793302, 0.548179360126065, 0.3213539431461013], [0.37601487723494054, 0.19417676744596704, 0.18546850537033538, 0.24433984994875702], [0.47282176262742565, 0.17093880590308547, 0.010415432038564924, 0.3458239994309239], [0.027545657470822674, 0.7798882553413526, 0.02794704968395115, 0.1646190375038737], [0.23021082476310706, 0.13044107912764552, 0.15800468831417996, 0.48134340779506746], [0.3582351696582597, 0.0912078699427253, 0.06807052313647936, 0.48248643726253565], [0.39981927306885984, 0.34026116907613446, 0.0727482491665918, 0.1871713086884139], [0.0071024313242453434, 0.283431328283281, 0.6754973274176769, 0.03396891297479682], [0.374278122386158, 0.03592574378217553, 0.017398188950120998, 0.5723979448815455], [0.12521150602511782, 0.5771255049498974, 0.16177825980585522, 0.13588472921912959], [0.04476573942803399, 0.09511194635197048, 0.7084558068645673, 0.15166650735542822], [0.5180708248982807, 0.26204830452335975, 0.11095434780851965, 0.10892652276983977], [0.15401535401334462, 0.37537897043578067, 0.06555896505379011, 0.40504671049708457], [0.1693086355507582, 0.48648807123384286, 0.12291808347153613, 0.22128520974386273], [0.26688690730063713, 0.013482532258883356, 0.05772498581440763, 0.6619055746260719], [0.22249199456079236, 0.07501990314611105, 0.10739897013882828, 0.5950891321542683], [0.2803136169966334, 0.1966535567612804, 0.11996459154203953, 0.4030682347000467], [0.10572328900611686, 0.6312277306386002, 0.03347673234721594, 0.22957224800806716], [0.3254738133000613, 0.4854867097525502, 0.08219276019644539, 0.10684671675094301], [0.7545603123715253, 0.20508722179364228, 0.021779901707530032, 0.018572564127302543], [0.6831380990105635, 0.0838923166362975, 0.052656352889813324, 0.18031323146332554], [0.5209285096716795, 0.04516795829155234, 0.07966447314608828, 0.35423905889067975], [0.9497329434516044, 0.01766330119842018, 0.009318268856348254, 0.023285486493627224], [0.1885631158199841, 0.5367316878443638, 0.01774173375484746, 0.2569634625808046], [0.7162452119921948, 0.22436612810294587, 0.049708808551744914, 0.009679851353114383], [0.5426326873594742, 0.1301834574795796, 0.09475085948367959, 0.23243299567726672], [0.05688595928675013, 0.8159827426174193, 0.12054346735506716, 0.006587830740763453], [0.8662987296451656, 0.10127417886701519, 0.007549591341159202, 0.024877500146659917], [0.01081051272008549, 0.7055537562592568, 0.15540745824106858, 0.12822827277958915], [0.6585157034045502, 0.09071121697955548, 0.0818244766013523, 0.16894860301454212], [0.6807943722107509, 0.07960115058861826, 0.013381429076312398, 0.22622304812431854], [0.04557087654914949, 0.025139294851282742, 0.00969916508176659, 0.919590663517801], [0.47221531363060015, 0.057768556810748994, 0.3575108352054444, 0.1125052943532065], [0.008026649971880554, 0.5331621590795419, 0.40419695598549127, 0.05461423496308625], [0.06416542007769152, 0.26935348352707733, 0.5902988454338831, 0.07618225096134795], [0.05229477739412316, 0.35311161589652545, 0.0605311321511402, 0.5340624745582112], [0.6491445818428937, 0.1754685731855994, 0.0643262092870992, 0.11106063568440781], [0.12725938854221927, 0.03190209410734218, 0.42898004617413554, 0.41185847117630303], [0.24376904074494682, 0.1795745849587275, 0.05835909979620543, 0.5182972745001203], [0.14750103093056396, 0.5272488758135155, 0.29697970240882293, 0.028270390847097582], [0.16351929039316496, 0.5476079615028319, 0.20704514480227315, 0.08182760330172997], [0.033646970917369304, 0.17222542026388063, 0.2794560722351294, 0.5146715365836205], [0.02694084657588828, 0.33519802268857973, 0.003828430242217271, 0.6340327004933148], [0.8484295486261991, 0.03325313997458227, 0.0729769241455286, 0.04534038725369001], [0.019180238233110214, 0.16899195467008585, 0.7439335300486333, 0.06789427704817075], [0.7158049450175223, 0.05050927659422636, 0.04523298508541442, 0.18845279330283687], [0.26502080594206406, 0.13610325869244524, 0.04157438818976815, 0.5573015471757226], [0.908960243365808, 0.039894989517937574, 0.025496208524624156, 0.025648558591630198], [0.07342560157176292, 0.60480071947862, 0.04591106520991615, 0.2758626137397008], [0.6390129772305337, 0.2715309551393779, 0.020340358470565905, 0.06911570915952253], [0.6803254774018661, 0.23576256009934626, 0.0470308717996811, 0.03688109069910654], [0.10692591190522929, 0.42345613761598955, 0.4324972100266876, 0.03712074045209349], [0.28828662369281105, 0.1858390609503543, 0.5202133951407231, 0.005660920216111649], [0.779834001143506, 0.15889263902945855, 0.013184981684557725, 0.04808837814247783], [0.08592255329150622, 0.7091040739699185, 0.0034753043590208593, 0.2014980683795545], [0.4164469394396103, 0.31189779867887724, 0.12378196074604479, 0.1478733011354675], [0.01949871085591042, 0.8734213607509449, 0.09688659144271466, 0.010193336950429894], [0.7077546636871838, 0.07665871964592633, 0.13525896817471744, 0.08032764849217251], [0.14276742820576205, 0.19594311618492347, 0.017808791177396286, 0.6434806644319183], [0.030751966186201733, 0.06198875104473138, 0.04236693589270921, 0.8648923468763576], [0.4819964131342796, 0.3239742330655029, 0.042132953720694234, 0.15189640007952324], [0.4422930123755376, 0.39485219934133015, 0.01683728904337179, 0.14601749923976046], [0.14664192980304916, 0.764135313254641, 0.04544429705193191, 0.043778459890378006], [0.10679407495643768, 0.2492940691485571, 0.0951707011229135, 0.5487411547720917], [0.3049225164637224, 0.07916351799810895, 0.010024360416638603, 0.6058896051215299], [0.6678116379770831, 0.048787865238402735, 0.11550762429903197, 0.16789287248548215], [0.07257223078640712, 0.40766910037385595, 0.21372605472024148, 0.3060326141194955], [0.015736174836720393, 0.9737153715351766, 0.00922493704713641, 0.001323516580966573], [0.19652565374498004, 0.7105528911987798, 0.005683087243331326, 0.0872383678129087], [0.38447703805196415, 0.3415634096392984, 0.06934125384663492, 0.20461829846210258], [0.4331472148608029, 0.18871367800927097, 0.06840759861716549, 0.30973150851276066], [0.11412751480029257, 0.6046743638598236, 0.0934229293667278, 0.1877751919731561], [0.02680104201031673, 0.39489311326374144, 0.28598610927660434, 0.29231973544933754], [0.8382907465681336, 0.11105726240736763, 0.02066768178115923, 0.02998430924333939], [0.4617935093839212, 0.06619066657947811, 0.02232832188975569, 0.449687502146845]]}, "rewritten": {"ids": ["97107040", "97116410", "97116790", "98106680", "98108370", "98108580", "98109090", "98109230", "98109570", "98110680", "98111620", "98116500", "98117740", "99107950", "99109141", "99116500", "100109360", "100109910", "100110050", "100111080", "100111390", "100111620", "100120780", "101108290", "101108370", "101108950", "101110200", "101112201", "101112540", "101113210", "102109850", "102110890", "102112301", "102113981", "102118380", "103109021", "103109791", "103111990", "103112641", "103113101", "103113170", "103113210", "103117200", "104111531", "104111711", "104113000", "104113240", "104113550", "104114230", "104119290", "105110091", "105112260", "105113190", "105113330", "105116090", "105116501", "105116860", "105121190", "106113190", "106113360", "106114880", "106116370", "106116820", "106117770", "106117790", "106118820", "106119580", "106121190", "106121220", "107113170", "107113180", "107113260", "107113840", "107114280", "107115140", "107115250", "107116300", "107118490", "107120010", "108113620", "108113740", "108114040", "108114180", "108115880", "108116120", "108117360", "108118060", "108120060", "109115211", "109115220", "109115380", "109117110", "109117431", "109117600", "109117630", "109118701", "109119340", "110114720", "110115580", "110117140", "110117870", "110118701", "110118810", "110119030", "110119300", "110120560", "110121140", "110121450", "110121500", "111114171", "111115770", "111116010", "111116090", "111116100", "111116290", "111117120", "111118301", "111118820", "111118910", "111119950", "111120591", "112116540", "112116810", "112117461", "112117471", "112118421", "112118930", "112119320", "112119450", "112119500", "112120290", "112120540", "112120630", "113117401", "113118810", "113118820", "113119320", "113120751", "113121980", "113122320", "113122430", "113122650"], "labels": [2, 3, 2, 1, 1, 0, 1, 1, 1, 2, 3, 2, 2, 1, 3, 2, 0, 2, 3, 0, 2, 3, 1, 0, 1, 2, 2, 0, 2, 3, 1, 0, 1, 1, 1, 0, 3, 2, 3, 3, 3, 3, 0, 0, 1, 1, 2, 1, 2, 1, 0, 3, 3, 3, 1, 1, 2, 2, 0, 0, 0, 2, 1, 0, 1, 3, 3, 2, 1, 0, 3, 0, 3, 3, 0, 2, 0, 2, 1, 3, 3, 0, 1, 3, 1, 1, 1, 1, 0, 3, 3, 1, 1, 1, 0, 3, 3, 3, 1, 3, 3, 3, 1, 0, 1, 0, 3, 3, 3, 3, 3, 1, 3, 3, 2, 2, 3, 0, 0, 0, 1, 1, 3, 0, 3, 3, 1, 1, 3, 2, 1, 3, 3, 3, 3, 0, 1, 1, 2, 1, 2, 2], "predicted_labels": [2, 0, 2, 1, 3, 2, 0, 2, 0, 0, 2, 3, 0, 1, 0, 2, 2, 2, 1, 1, 3, 3, 0, 1, 0, 3, 1, 0, 1, 3, 2, 3, 3, 0, 2, 0, 0, 3, 0, 1, 1, 2, 1, 1, 0, 3, 1, 0, 2, 0, 0, 3, 3, 3, 0, 1, 0, 1, 0, 3, 2, 0, 0, 2, 1, 1, 1, 1, 2, 0, 1, 1, 1, 1, 0, 1, 1, 2, 3, 0, 0, 2, 1, 0, 3, 2, 3, 0, 2, 0, 1, 3, 0, 0, 2, 1, 3, 2, 1, 0, 0, 1, 0, 1, 1, 2, 0, 3, 0, 0, 0, 2, 0, 1, 2, 1, 1, 0, 1, 0, 0, 1, 0, 0, 0, 1, 1, 1, 0, 1, 1, 1, 3, 0, 1, 1, 1, 0, 1, 1, 1, 2], "confidence_scores": [[0.14151412849213937, 0.07284183116525923, 0.749031207942844, 0.03661283239975745], [0.5148270227870589, 0.05016147887766006, 0.2778233692497888, 0.15718812908549232], [0.2237045930542528, 0.2404229494086289, 0.5032273648789156, 0.03264509265820278], [0.3275553895272211, 0.42431023660000483, 0.0935525608874837, 0.15458181298529025], [0.042695064881504145, 0.09612242464606288, 0.20166459778617513, 0.6595179126862578], [0.18422144846586136, 0.1982196445493989, 0.3123475421394245, 0.30521136484531536], [0.38980829933857364, 0.16783808854123392, 0.06839168352810693, 0.3739619285920855], [0.0008071080975442994, 0.0014208574267735368, 0.9841132554077465, 0.013658779067935499], [0.45525516303720814, 0.28231039266767666, 0.10858778008183921, 0.15384666421327592], [0.6122145670769831, 0.2753888302346828, 0.10298238200897146, 0.00941422067936265], [0.002611122507456512, 0.2742623076839021, 0.7185732710132076, 0.0045532987954338055], [0.26231359353539463, 0.046524676214164125, 0.1703715909994219, 0.5207901392510194], [0.523245106206823, 0.2850724178071034, 0.18919910160258258, 0.002483374383490986], [0.02028053285245947, 0.7916450668346116, 0.17327954388443814, 0.014794856428490906], [0.7807846605712436, 0.042658138529964904, 0.06551107980156627, 0.11104612109722506], [0.016738450188970123, 0.31191805045087123, 0.6510731328816318, 0.02027036647852689], [0.2573646809475952, 0.24763983603719408, 0.2597852456939629, 0.23521023732124793], [0.3488828741286059, 0.07374386864251, 0.5346102719423597, 0.04276298528652454], [0.020821829586348442, 0.42179730090212314, 0.3765130019827244, 0.1808678675288039], [0.05069595127396036, 0.5678474113144871, 0.34119997580691275, 0.04025666160463968], [0.08894398122381704, 0.06399553983660115, 0.1677730092980349, 0.679287469641547], [0.0660635234401543, 0.07967275782148128, 0.30992067734600504, 0.5443430413923595], [0.7683206304151169, 0.10631998739352376, 0.045427285957145666, 0.07993209623421373], [0.22867556690010205, 0.425391362504151, 0.07256254410242627, 0.2733705264933208], [0.5001879399088404, 0.2636123732002644, 0.0223518019650098, 0.21384788492588525], [0.10326689981223143, 0.14199074286610677, 0.168542739377365, 0.5861996179442968], [0.041785753945828355, 0.7591670027166314, 0.028785970268848316, 0.17026127306869188], [0.8623626892474218, 0.08700844677719179, 0.01018837894982121, 0.04044048502556522], [0.2036782266146234, 0.46775424731868914, 0.19099479461521124, 0.13757273145147622], [0.2282305256957508, 0.029952624225261053, 0.2983802620379964, 0.4434365880409917], [0.06039048228720504, 0.16497031903241904, 0.7261939409748939, 0.04844525770548207], [0.4256064932154413, 0.007635897620671698, 0.012950139631731868, 0.5538074695321552], [0.13492640035836445, 0.05740263371261215, 0.210302714487006, 0.5973682514420173], [0.7059660836357387, 0.10732235004130478, 0.0236334754558208, 0.1630780908671357], [0.31082234465039044, 0.10889993211906586, 0.5028756035435911, 0.07740211968695272], [0.5551278277603302, 0.023436070266767015, 0.0780813880867986, 0.34335471388610433], [0.5213103724707415, 0.271275251838106, 0.10248087183313925, 0.10493350385801328], [0.03720697519813256, 0.10074354187792531, 0.2560411928196729, 0.6060082901042693], [0.5236913779298775, 0.3767161099152893, 0.08073744553326152, 0.01885506662157172], [0.041063457277819064, 0.6584215205449134, 0.08257941299333244, 0.21793560918393512], [0.2220584483180185, 0.4112836681638232, 0.21266103421988383, 0.1539968492982744], [0.06852720934184646, 0.07893743203488034, 0.5188852260609825, 0.3336501325622907], [0.06728238930669331, 0.8272258662506431, 0.07383657183900676, 0.03165517260365683], [0.12149269615065356, 0.5194931361075408, 0.24734989585517875, 0.11166427188662688], [0.4328744737284374, 0.3946959829733258, 0.15179946701736524, 0.020630076280871497], [0.2116696516655074, 0.07706717133641507, 0.07907870485468997, 0.6321844721433876], [0.030034752969698503, 0.945285882658946, 0.018924495411628845, 0.005754868959726739], [0.6845325086603724, 0.05821483899071032, 0.019969441326715534, 0.23728321102220176], [0.3835522110003444, 0.09331819362500947, 0.48141112611464865, 0.04171846925999754], [0.6348960951714002, 0.17200292068599018, 0.0914329531655526, 0.10166803097705705], [0.8547613412897282, 0.03738078116465365, 0.06704493904695806, 0.04081293849865988], [0.057269476548242305, 0.3606806640538722, 0.04350757588836459, 0.5385422835095209], [0.03509370729084648, 0.0017143114069208538, 0.014875008047722746, 0.9483169732545098], [0.2219539909328036, 0.2705754358869614, 0.023250836401672498, 0.48421973677856245], [0.7287428370289284, 0.058309302420362565, 0.007246981270196078, 0.2057008792805129], [0.33103265760606027, 0.5423165430347788, 0.009654588553498754, 0.11699621080566226], [0.7214515977218501, 0.26073189496042637, 0.014324748153700807, 0.0034917591640228275], [0.07468197228900819, 0.5764655546951644, 0.1866024742674695, 0.16224999874835794], [0.5987927873954777, 0.16326089895051998, 0.12900437611195442, 0.10894193754204802], [0.21267567759837752, 0.36308001290419656, 0.016930774084639787, 0.4073135354127861], [0.17383341850101142, 0.3580732059140203, 0.46333340655967176, 0.004759969025296585], [0.8927573218397425, 0.006730650243452915, 0.03445989195092656, 0.06605213596587796], [0.9704644846619478, 0.005331189505171873, 0.019345424274930387, 0.004858901557950028], [0.21242172255854044, 0.29204222118364337, 0.34407433655711456, 0.15146171970070155], [0.05936751262141649, 0.828548817889018, 0.057287426326133616, 0.054796243163432026], [0.01570592205876794, 0.722339607165488, 0.08401853694027445, 0.17793593383546977], [0.02656851778232057, 0.9080524236417146, 0.0572523812132566, 0.008126677362708449], [0.003682323983153805, 0.7686117464208037, 0.22704772312263638, 0.000658206473406268], [0.07718052059815765, 0.2749799372205071, 0.32919023139706227, 0.31864931078427294], [0.4092800359332897, 0.14924599062574193, 0.3072154916457444, 0.13425848179522382], [0.04715249659861301, 0.7324848439783236, 0.09361133349638154, 0.12675132592668178], [0.03574501695737434, 0.4073041686596888, 0.3672759528776349, 0.18967486150530205], [0.11532958945589133, 0.6319758615783324, 0.052579425802100795, 0.20011512316367544], [0.021535787405751055, 0.7285211568314689, 0.14934991381995974, 0.1005931419428202], [0.6502373520415671, 0.035402109545802814, 0.017727952331042563, 0.29663258608158755], [0.175460229471643, 0.34057132847885013, 0.21737616297679446, 0.2665922790727123], [0.08809248260513965, 0.5911784861634107, 0.04994249936124609, 0.27078653187020335], [0.21163102515549803, 0.19372271303450783, 0.5934488877449896, 0.0011973740650044666], [0.028304380307536806, 0.08628565613973428, 0.09379390885574168, 0.7916160546969873], [0.7384101595820151, 0.21702364914516384, 0.026528423124315026, 0.018037768148505946], [0.6128721139705945, 0.037542709617644054, 0.07569654249884641, 0.27388863391291507], [0.46156785149896185, 0.008543840075955978, 0.5053337929297639, 0.024554515495318337], [0.004900875944599927, 0.9749829598152002, 0.011666770512325514, 0.00844939372787433], [0.775110359578129, 0.09325649122997064, 0.02191616577772531, 0.10971698341417495], [0.3141299553690494, 0.20884401579493347, 0.14636393053070226, 0.33066209830531484], [0.2975008362831313, 0.27173487836324584, 0.36504805655065975, 0.06571622880296317], [0.20539618381030295, 0.19914420178469308, 0.2973008382465746, 0.2981587761584294], [0.9464008612534321, 0.008157232119402464, 0.007100991450595014, 0.038340915176570504], [0.35344040027525303, 0.12673770712965862, 0.4257019904187334, 0.094119902176355], [0.500790316855647, 0.2097623971598355, 0.03849310766528512, 0.2509541783192324], [0.19383399607525284, 0.529606740581338, 0.24192330316727298, 0.03463596017613612], [0.23465395600017694, 0.07651278677743892, 0.1495597355160971, 0.539273521706287], [0.4940199195761668, 0.06865587115458627, 0.031221502279534855, 0.40610270698971207], [0.6013947003261941, 0.16611365441506132, 0.09296550318076234, 0.13952614207798217], [0.22949026549237922, 0.12147669865129698, 0.49557550983486987, 0.15345752602145393], [0.2900756461916753, 0.33318299604184054, 0.14077911744091834, 0.2359622403255659], [0.2107211219928554, 0.23059964656547857, 0.007598271218954828, 0.5510809602227114], [0.2958297254602503, 0.2019638030323127, 0.42760252141170046, 0.07460395009573653], [0.0642581385595729, 0.750112727599996, 0.15373373152708816, 0.031895402313342765], [0.46182490547865407, 0.23342833187501483, 0.09694655341263182, 0.2078002092336993], [0.4136702247177448, 0.09910946502679206, 0.17558516714668024, 0.3116351431087828], [0.22092453722556313, 0.7438830394960875, 0.02179297329444418, 0.013399449983905121], [0.7103289196487649, 0.2052367708123366, 0.052657053066832216, 0.03177725647206629], [0.052076475793181545, 0.9269876372692559, 0.01220395959609732, 0.008731927341465147], [0.09960215347051996, 0.6815397056397728, 0.05298784930266662, 0.1658702915870407], [0.23057163741865103, 0.04772022186217596, 0.5959315437942445, 0.1257765969249285], [0.4811771522429574, 0.13208719192116955, 0.09044007089032241, 0.29629558494555064], [0.14324162472702817, 0.0905640220616138, 0.0009118945333577496, 0.7652824586780003], [0.7397610169415386, 0.12961112604237263, 0.07351476219223357, 0.05711309482385517], [0.5426678621309827, 0.36881830297755075, 0.02771951940693294, 0.060794315484533575], [0.40250818983199593, 0.31459425104362004, 0.2541287058548296, 0.028768853269554404], [0.033329892030968866, 0.43433835159421547, 0.5226470628958799, 0.00968469347893575], [0.7016800750923509, 0.2154725210014732, 0.03790281980642835, 0.044944584099747616], [0.12649544244789218, 0.6247278054072025, 0.18880090219766502, 0.05997584994724021], [0.13469408086422124, 0.06329780541843882, 0.7520646421608883, 0.049943471556451624], [0.03238726342438073, 0.9506243095938617, 0.00894993855675169, 0.008038488425005897], [0.08878440664312237, 0.8369115232957776, 0.05676450031532775, 0.01753956974577234], [0.5699852755074432, 0.15879466168692447, 0.013071572695773238, 0.2581484901098592], [0.10239207406893383, 0.550109421241627, 0.08228541604756519, 0.265213088641874], [0.7490144745122438, 0.051190684688616934, 0.031568039466741804, 0.16822680133239737], [0.9453075777916035, 0.010764401418366874, 0.0035373827633277937, 0.040390638026701974], [0.10191074675307826, 0.6577532200368985, 0.1554066754592212, 0.08492935775080199], [0.4652291511909253, 0.1121529201206326, 0.39891601218213363, 0.023701916506308436], [0.6866842373606722, 0.16875660482412955, 0.04448018814140846, 0.10007896967378985], [0.6874160349006926, 0.2582127571522829, 0.04688835532847141, 0.007482852618553151], [0.08266389106246531, 0.5766730370659188, 0.03121694993290866, 0.30944612193870735], [0.05862799411853127, 0.7842986356915773, 0.049178746100007976, 0.10789462408988343], [0.008175937512048224, 0.9215878039446798, 0.0472924813436217, 0.02294377719965036], [0.91486069491423, 0.07266229929497525, 0.006114694261057074, 0.0063623115297376034], [0.06226670924362202, 0.6043010610877728, 0.32807317300172534, 0.0053590566668798075], [0.42511734918653177, 0.525931664841729, 0.025030302949030477, 0.023920683022708677], [0.19421789016291233, 0.6991968659711283, 0.07540382611644492, 0.03118141774951466], [0.2764287514702638, 0.06634880535038129, 0.0277743178617312, 0.6294481253176237], [0.5329507906717468, 0.36967415565785816, 0.014948712390275978, 0.08242634128011912], [0.03408251457427773, 0.9039113255053256, 0.0425589384419516, 0.019447221478444996], [0.23144201354440144, 0.7091127430268402, 0.006663381313907112, 0.05278186211485117], [0.31720027300831893, 0.561947269491064, 0.034969481080825794, 0.08588297641979112], [0.9451230466050424, 0.003802298046245824, 0.0028123895520844825, 0.048262265796627055], [0.1631263090191137, 0.44080697527382906, 0.06385733480468288, 0.33220938090237423], [0.037797730734649496, 0.39722928893986076, 0.2045053308412683, 0.3604676494842215], [0.11669176104168566, 0.6675083375448458, 0.1670709707041619, 0.048728930709306555], [0.04356073671194518, 0.09495847074200595, 0.8427038615360819, 0.018776931009967093]]}}