{"test": {"ids": ["109115211", "106116640", "108117610", "106115120", "102116340", "100120010", "112116880", "111115780", "110117500", "98110810", "113119700", "103111990", "102117351", "109117600", "110115710", "106116370", "108116481", "105110091", "100109330", "99111620", "98107380", "105112240", "108114270", "110116441", "110118880", "113122510", "107115250", "108116120", "112117571", "109113931", "111114321", "103118291", "103113640", "103120730", "97112300", "105115900", "111118301", "108119330", "102121700", "100108580", "112121351", "107114490", "101109370", "107119950", "109117150", "104113000", "102109010", "108115070", "111116170", "107114950", "104118340", "99107630", "112120630", "112118161", "113120751", "97107040", "112118581", "99112840", "109120540", "107114140", "101111140", "108119510", "110114561", "112118511", "112120670", "112116990", "106120640", "101108370", "104114410", "104109311", "97107821", "103111480", "107118520", "110117140", "108118520", "102114270", "110115890", "111114171", "102112250", "105116090", "112121430", "108114200", "102110850", "97113260", "104116980", "107121540", "105113620", "111119610", "100107920", "105113330", "112116640", "109117730", "113122430", "98120010", "100109890", "104114320", "109118820", "105112100", "113117630", "113118870", "112118890", "100109360", "108115250", "101112690", "105120621", "99121440", "105119950", "100111620", "110117870", "97106000", "103110760", "105118230", "102110500", "105115250", "104111830", "104118070", "112118421", "108121410", "111120540", "111116640", "108118810", "101112160", "111115770", "113118620", "108121351", "101110200", "109113881", "113121750", "108113480", "105113480", "113118810", "110117200", "112118930", "108118301", "113117401", "112116290", "111120190", "110121450", "97105960", "107112850", "105118740", "105117431"], "labels": [0, 3, 3, 1, 3, 0, 0, 1, 1, 1, 0, 2, 1, 1, 2, 2, 0, 0, 0, 3, 1, 1, 3, 3, 0, 2, 2, 1, 3, 1, 1, 0, 1, 1, 2, 3, 3, 0, 1, 0, 0, 3, 1, 3, 2, 1, 1, 1, 0, 3, 2, 2, 3, 0, 1, 2, 1, 2, 1, 2, 2, 1, 0, 1, 2, 0, 3, 1, 1, 3, 2, 0, 2, 3, 0, 3, 2, 3, 0, 1, 2, 0, 3, 1, 1, 2, 0, 2, 0, 3, 0, 3, 2, 2, 3, 2, 3, 1, 0, 0, 3, 0, 1, 1, 1, 2, 3, 3, 3, 0, 1, 1, 3, 2, 3, 2, 3, 0, 1, 0, 1, 3, 3, 3, 3, 2, 0, 0, 0, 0, 3, 3, 1, 1, 3, 0, 3, 3, 2, 1, 1, 1], "predicted_labels": [0, 1, 3, 1, 3, 3, 2, 2, 3, 1, 1, 3, 1, 3, 3, 0, 3, 1, 0, 3, 2, 1, 1, 0, 3, 1, 1, 1, 0, 3, 0, 0, 0, 3, 3, 3, 2, 1, 2, 0, 1, 2, 3, 3, 1, 3, 0, 1, 1, 3, 3, 3, 0, 1, 3, 2, 1, 1, 1, 1, 3, 1, 0, 1, 1, 3, 2, 3, 3, 3, 0, 3, 0, 1, 3, 1, 1, 0, 3, 1, 1, 2, 1, 3, 3, 0, 1, 0, 3, 3, 1, 3, 3, 1, 0, 1, 3, 1, 0, 1, 1, 0, 3, 2, 1, 2, 1, 2, 3, 3, 3, 1, 3, 2, 3, 0, 0, 3, 1, 3, 1, 3, 3, 1, 0, 3, 0, 1, 3, 1, 1, 0, 3, 1, 1, 0, 0, 1, 0, 1, 1, 1], "confidence_scores": [[0.3952122055920613, 0.19170331712634447, 0.05856614301937512, 0.3545183342622191], [0.17387556970960474, 0.363344875063204, 0.18253210185804966, 0.28024745336914175], [0.18244713107648008, 0.2025285575362862, 0.15666688769709544, 0.4583574236901383], [0.2297205181541313, 0.32372800577364075, 0.20200356244948772, 0.24454791362274017], [0.1937093566452536, 0.26408302643364057, 0.21952308928133796, 0.3226845276397679], [0.22008134424904902, 0.29531121918682524, 0.12988414488353447, 0.35472329168059136], [0.1525903119562812, 0.13593581733368262, 0.5550611247243734, 0.15641274598566277], [0.1414778584833136, 0.30166623487167066, 0.31856778995805085, 0.23828811668696492], [0.25530957606705773, 0.3126718175868453, 0.10813019676921734, 0.3238884095768797], [0.2812034517978711, 0.32280551245382383, 0.18745760682124102, 0.2085334289270642], [0.1431303633440027, 0.3477210079685254, 0.18383712575614466, 0.32531150293132727], [0.16289019195363044, 0.16673379560412296, 0.20609941720654076, 0.46427659523570575], [0.2938367876064062, 0.3867636948590216, 0.08486691906684013, 0.23453259846773197], [0.15351590968120685, 0.10579944920155866, 0.29701401998928806, 0.4436706211279465], [0.17132998233026703, 0.15010123721552598, 0.1353101262557178, 0.5432586541984891], [0.3745810665966649, 0.23688719137396705, 0.12392121023071544, 0.26461053179865257], [0.3470017369698198, 0.20829180635984415, 0.07506043479138666, 0.36964602187894946], [0.27172872207283766, 0.3266326423005403, 0.09663326231087106, 0.30500537331575084], [0.32675457871577246, 0.2350727543054473, 0.1299133755379217, 0.3082592914408585], [0.17972489704788489, 0.15871397331943027, 0.15304022476346052, 0.5085209048692242], [0.18299583931075686, 0.13174827840569878, 0.5401930301543019, 0.14506285212924255], [0.15771740948540944, 0.29568297196602733, 0.25607552724483, 0.29052409130373313], [0.14783816391878243, 0.45167040861239066, 0.15001297593145355, 0.2504784515373733], [0.4719506284701784, 0.20534494328463787, 0.07937345445549164, 0.24333097378969207], [0.30585315565910803, 0.20093535417190342, 0.08576755140784972, 0.4074439387611389], [0.19673849619958225, 0.4543858427250745, 0.10028529486690395, 0.2485903662084393], [0.21808119564977604, 0.2889225114236678, 0.22568700666439875, 0.26730928626215733], [0.2717544172682655, 0.2999383723177819, 0.1289751271694807, 0.2993320832444718], [0.3805642234056326, 0.2107406911181632, 0.12003374720786487, 0.28866133826833934], [0.2900256110251791, 0.25546606051731885, 0.10510239504280372, 0.3494059334146981], [0.32338820142320607, 0.3050757906743571, 0.1453763907786567, 0.22615961712378033], [0.4318321077333929, 0.14694017960217545, 0.1361860080532236, 0.285041704611208], [0.37988349356008666, 0.21995853413789995, 0.08778769321291102, 0.31237027908910237], [0.19605952701223664, 0.28399320068235645, 0.13847804759266558, 0.38146922471274125], [0.10470343138801332, 0.27376646469378413, 0.17114304139484415, 0.4503870625233584], [0.22488929380614425, 0.24108471205192827, 0.2193473850683764, 0.31467860907355094], [0.26043012895837836, 0.16952290311934595, 0.3036733180177468, 0.26637364990452883], [0.2004273088218529, 0.3991801617144228, 0.14629344205714453, 0.25409908740657977], [0.25923913628934636, 0.19284066179614334, 0.28928742668709095, 0.25863277522741934], [0.3058410309015785, 0.14858381870037432, 0.2444876354689021, 0.30108751492914515], [0.17080657219879503, 0.31275928465089037, 0.2337299818749549, 0.2827041612753597], [0.18489973762340733, 0.21692888188319864, 0.31798474546329525, 0.28018663503009905], [0.1395942443465451, 0.24296326003993243, 0.30516007091868586, 0.3122824246948367], [0.19634182706448608, 0.3368778399368241, 0.09451569128405647, 0.3722646417146334], [0.1501717889298606, 0.37581622323245084, 0.20142863073164483, 0.2725833571060438], [0.13668427968009925, 0.23497852492326507, 0.1833895251286056, 0.44494767026803017], [0.33415860792863633, 0.20908472703829253, 0.27354694904075477, 0.1832097159923164], [0.08172177432085799, 0.5209449648858544, 0.15017324220133002, 0.2471600185919576], [0.2249465586161187, 0.335541739114442, 0.12126128339289485, 0.3182504188765444], [0.1420034400419591, 0.20152829282495047, 0.2549139848969239, 0.4015542822361665], [0.11144504467562313, 0.28753508483998036, 0.1060263148989091, 0.4949935555854874], [0.25645096013046326, 0.25733116592974814, 0.11883767804820031, 0.3673801958915884], [0.4407621658369263, 0.2502752055401028, 0.07335790763885625, 0.2356047209841146], [0.2578372498551697, 0.4484534440132074, 0.062193040442691604, 0.2315162656889314], [0.1734684037228868, 0.2548151922039861, 0.07792299028746048, 0.4937934137856667], [0.2607816468149119, 0.2103903023254989, 0.26581915244705945, 0.2630088984125297], [0.18581758017812075, 0.37167804150109146, 0.17435896822370672, 0.26814541009708115], [0.1955807615388269, 0.5031069736795108, 0.09858176079134788, 0.2027305039903143], [0.0940334340055461, 0.44021638183176276, 0.16869497456320287, 0.2970552095994883], [0.17669441695748303, 0.35987302995909654, 0.16495277412413578, 0.2984797789592848], [0.2392079011396658, 0.1853285359729544, 0.2697088811160313, 0.3057546817713486], [0.13553580556994235, 0.3788112621850912, 0.20056035638955708, 0.2850925758554093], [0.492547124572328, 0.3245508179020459, 0.07246971016406148, 0.11043234736156465], [0.2769359685242023, 0.38899909779399805, 0.07135912222400333, 0.2627058114577963], [0.16755902789301672, 0.45209679119884355, 0.1117266437495455, 0.26861753715859416], [0.18273425677772187, 0.2262442309734982, 0.23686193699952676, 0.3541595752492533], [0.17372786696067208, 0.27672634239918525, 0.3280167385912958, 0.22152905204884688], [0.2766951419496488, 0.2625714558239496, 0.12001064236251258, 0.3407227598638892], [0.1729893236778112, 0.24279684402443166, 0.19478070297117367, 0.38943312932658347], [0.20015343891867418, 0.1503297159735988, 0.052409356736191244, 0.5971074883715358], [0.3997352472444633, 0.2235203291217791, 0.10746794323620326, 0.2692764803975542], [0.35062164668905843, 0.07734792938238307, 0.05518335367642161, 0.5168470702521369], [0.3772128484970285, 0.2270820031311344, 0.11724912432497317, 0.27845602404686415], [0.3381962991076855, 0.4383536328217177, 0.05381315701319313, 0.1696369110574036], [0.23297627109889402, 0.26911439553693695, 0.14351731495616057, 0.35439201840800866], [0.13563659350521734, 0.4156609987071946, 0.14459445399667328, 0.30410795379091465], [0.20443631332761736, 0.4241553065779407, 0.10261035468133452, 0.2687980254131075], [0.4168403232447044, 0.21659918752860938, 0.14455314314129156, 0.22200734608539485], [0.2178909965304056, 0.17754976671859055, 0.19615535985644528, 0.4084038768945585], [0.18259793382761008, 0.29186533016518623, 0.26515568109661164, 0.2603810549105921], [0.1749951561151418, 0.41529053653387515, 0.18840220412468509, 0.221312103226298], [0.2591451518120906, 0.22634482726802374, 0.3180515868981379, 0.19645843402174784], [0.15732867927787228, 0.49820121892598473, 0.13067861056806201, 0.21379149122808105], [0.1775634296942681, 0.25372609501802973, 0.19942941655150376, 0.36928105873619854], [0.06015879395158485, 0.24935034260929848, 0.16452644386617776, 0.5259644195729389], [0.3588893934949943, 0.3090971789967741, 0.15350626803656706, 0.17850715947166484], [0.11314573418295756, 0.3481110541311442, 0.22069023725363376, 0.31805297443226443], [0.3760177231602074, 0.2399471755973754, 0.11211486927293697, 0.27192023196948023], [0.1036743117318946, 0.27035230218091993, 0.18180083556588067, 0.44417255052130494], [0.24231778649317512, 0.2760127484512963, 0.10237347694136484, 0.37929598811416376], [0.17799501180862287, 0.5164071043370618, 0.07337800902018786, 0.23221987483412743], [0.270145743476671, 0.2574427754532087, 0.1085691807571418, 0.36384230031297854], [0.18264978585980887, 0.16240206718402944, 0.19764224745976855, 0.45730589949639333], [0.1704068937517805, 0.34082299771454366, 0.22197532881497423, 0.26679477971870164], [0.37430420250045804, 0.24293320216605238, 0.080568293122809, 0.3021943022106807], [0.08369266918497655, 0.34720229919204576, 0.23166634278366077, 0.3374386888393169], [0.2180420554636862, 0.2713950232444332, 0.17599592688246696, 0.3345669944094136], [0.22594924344462852, 0.4421822932561406, 0.11729187751814447, 0.21457658578108638], [0.31681731361724935, 0.2523609206815977, 0.14439484997755925, 0.28642691572359363], [0.1283009959508133, 0.44007061788378365, 0.08066309640745312, 0.3509652897579499], [0.16890134739470267, 0.47186736833345305, 0.11461544520479697, 0.2446158390670473], [0.38333668170066953, 0.23298067008741669, 0.19824770188586702, 0.18543494632604673], [0.12719782226045187, 0.13475493392150753, 0.16781168251479908, 0.5702355613032416], [0.1465275806674791, 0.20069939447183882, 0.36590055925987736, 0.2868724656008049], [0.30418584293052003, 0.3731188928401241, 0.06473489441461641, 0.25796036981473947], [0.23922882597618325, 0.15973759112272345, 0.30703331292929376, 0.29400026997179957], [0.15773678359563453, 0.33199048243858853, 0.24062034853266084, 0.26965238543311604], [0.26099031904402836, 0.12135515857790873, 0.43578873835390913, 0.18186578402415382], [0.30269200357208104, 0.2625656437715434, 0.12275560866262575, 0.3119867439937498], [0.12023198145364794, 0.2010865502736579, 0.2697733489314671, 0.4089081193412271], [0.2795817990127799, 0.23806794377449103, 0.19620019038632902, 0.28615006682640015], [0.14809212309803219, 0.31267480074546966, 0.27225105096600977, 0.2669820251904886], [0.29566644683306714, 0.16411950598461603, 0.17360179474738763, 0.36661225243492923], [0.09933653602127904, 0.24644268176292958, 0.5070636488796105, 0.14715713333618094], [0.1076543776285882, 0.2792801732594814, 0.1504082384315031, 0.46265721068042726], [0.27899586335231147, 0.2056848566591788, 0.25951917340125547, 0.2558001065872544], [0.5040038797743054, 0.24391592869907205, 0.06527411018522376, 0.18680608134139876], [0.12746472598028835, 0.33512551052855155, 0.05892097270715839, 0.47848879078400197], [0.1811353281771226, 0.5718617315308798, 0.13936910730409235, 0.10763383298790527], [0.20014649103135643, 0.2573860368445699, 0.18033933700968896, 0.36212813511438474], [0.15058462132343398, 0.40243991041464655, 0.1471329268716405, 0.29984254139027894], [0.20525680380580422, 0.2685441499191215, 0.2060523509340407, 0.3201466953410337], [0.2277205487077024, 0.30421089141567237, 0.13054560896901224, 0.337522950907613], [0.24074453935956902, 0.4269616646784343, 0.11193393435638464, 0.22035986160561202], [0.369666713831622, 0.23745349728284276, 0.06503464668920596, 0.32784514219632926], [0.15154840459666946, 0.22244090880772815, 0.2619610828984794, 0.36404960369712297], [0.44426470888843034, 0.2431500050487501, 0.09819729588268919, 0.2143879901801304], [0.16443372723311822, 0.541339473605616, 0.11820193886493653, 0.17602486029632924], [0.17621173721338548, 0.26874694328363025, 0.23889435352241636, 0.316146965980568], [0.1870870124418164, 0.41110633667294855, 0.19183552992911954, 0.2099711209561155], [0.1717982947668228, 0.3080655406162379, 0.23827151811977493, 0.2818646464971644], [0.34416284557802496, 0.2838223804304401, 0.17897615410007736, 0.19303861989145765], [0.3275399172730486, 0.19739092763996544, 0.10242533273030863, 0.3726438223566775], [0.1640728171021649, 0.5520944295043027, 0.05839120883642188, 0.22544154455711074], [0.1768409434116974, 0.5424881762280239, 0.07103105866272823, 0.20963982169755052], [0.37265893126782496, 0.23139200357851716, 0.0930757991354657, 0.30287326601819226], [0.40623339113964674, 0.2369641082590404, 0.11593527556550973, 0.24086722503580335], [0.22409367173379519, 0.40308568894956615, 0.12367484541517461, 0.24914579390146419], [0.3225893570586961, 0.17696955655865187, 0.21878911879862206, 0.28165196758403005], [0.15272852341800658, 0.36661611301301994, 0.2817679538450888, 0.19888740972388486], [0.08725774720202456, 0.48134032630193263, 0.08393274764036793, 0.34746917885567485], [0.23765814549849623, 0.3438782838585004, 0.15731695596685497, 0.2611466146761483]]}, "rewritten": {"ids": ["97105960", "97106000", "97107040", "97107821", "97112300", "97113260", "98107380", "98110810", "98120010", "99107630", "99111620", "99112840", "99121440", "100107920", "100108580", "100109330", "100109360", "100109890", "100111620", "100120010", "101108370", "101109370", "101110200", "101111140", "101112160", "101112690", "102109010", "102110500", "102110850", "102112250", "102114270", "102116340", "102117351", "102121700", "103110760", "103111480", "103111990", "103113640", "103118291", "103120730", "104109311", "104111830", "104113000", "104114320", "104114410", "104116980", "104118070", "104118340", "105110091", "105112100", "105112240", "105113330", "105113480", "105113620", "105115250", "105115900", "105116090", "105117431", "105118230", "105118740", "105119950", "105120621", "106115120", "106116370", "106116640", "106120640", "107112850", "107114140", "107114490", "107114950", "107115250", "107118520", "107119950", "107121540", "108113480", "108114200", "108114270", "108115070", "108115250", "108116120", "108116481", "108117610", "108118301", "108118520", "108118810", "108119330", "108119510", "108121351", "108121410", "109113881", "109113931", "109115211", "109117150", "109117600", "109117730", "109118820", "109120540", "110114561", "110115710", "110115890", "110116441", "110117140", "110117200", "110117500", "110117870", "110118880", "110121450", "111114171", "111114321", "111115770", "111115780", "111116170", "111116640", "111118301", "111119610", "111120190", "111120540", "112116290", "112116640", "112116880", "112116990", "112117571", "112118161", "112118421", "112118511", "112118581", "112118890", "112118930", "112120630", "112120670", "112121351", "112121430", "113117401", "113117630", "113118620", "113118810", "113118870", "113119700", "113120751", "113121750", "113122430", "113122510"], "labels": [2, 0, 2, 2, 2, 1, 1, 1, 2, 2, 3, 2, 2, 0, 0, 0, 0, 3, 3, 0, 1, 1, 2, 2, 3, 1, 1, 3, 3, 0, 3, 3, 1, 1, 1, 0, 2, 1, 0, 1, 3, 3, 1, 2, 1, 1, 2, 2, 0, 1, 1, 3, 0, 0, 2, 3, 1, 1, 1, 1, 3, 1, 1, 2, 3, 3, 1, 2, 3, 3, 2, 2, 3, 2, 0, 0, 3, 1, 1, 1, 0, 3, 1, 0, 1, 0, 1, 3, 0, 0, 1, 0, 2, 1, 3, 3, 1, 0, 2, 2, 3, 3, 3, 1, 3, 0, 3, 3, 1, 3, 1, 0, 0, 3, 2, 3, 1, 0, 0, 0, 0, 3, 0, 3, 1, 1, 3, 1, 3, 2, 0, 2, 3, 0, 3, 3, 0, 0, 1, 0, 2, 2], "predicted_labels": [3, 1, 2, 0, 3, 3, 2, 1, 3, 1, 0, 1, 2, 3, 3, 1, 3, 1, 2, 1, 1, 1, 1, 0, 1, 2, 0, 0, 1, 1, 1, 3, 1, 2, 2, 3, 3, 3, 0, 1, 3, 3, 2, 2, 2, 3, 3, 3, 0, 3, 1, 0, 3, 1, 0, 3, 1, 0, 1, 1, 1, 3, 0, 0, 1, 1, 1, 2, 3, 3, 2, 1, 3, 2, 1, 1, 1, 3, 3, 1, 0, 3, 1, 1, 1, 1, 1, 0, 3, 0, 1, 3, 1, 2, 3, 3, 1, 3, 3, 1, 3, 0, 0, 1, 3, 3, 3, 3, 1, 3, 3, 3, 0, 0, 0, 3, 3, 0, 0, 1, 1, 3, 0, 2, 3, 3, 1, 0, 0, 3, 3, 1, 1, 1, 1, 1, 0, 0, 3, 0, 1, 3], "confidence_scores": [[0.27559054977298386, 0.20532969334614917, 0.11424063151955227, 0.4048391253613147], [0.16260382953400174, 0.37287936922831505, 0.22274994750864652, 0.24176685372903678], [0.15038382183954202, 0.19614737656007059, 0.4716552391959275, 0.18181356240446003], [0.4267644881055879, 0.3087038871847025, 0.0895102731440672, 0.17502135156564236], [0.16981165870218476, 0.21303124122479042, 0.182041010698735, 0.4351160893742897], [0.1652187417499162, 0.2507938032253064, 0.1850787628294382, 0.3989086921953393], [0.24460400887973052, 0.17540801791385915, 0.3677115102451165, 0.21227646296129385], [0.21595706796252942, 0.40168229018358365, 0.13586304363013776, 0.2464975982237493], [0.22070877703727973, 0.2955873862430208, 0.1704515249233026, 0.31325231179639695], [0.20763215906756127, 0.2945917151007453, 0.2407648969858422, 0.2570112288458514], [0.306189128947394, 0.211753528442222, 0.30514424875814583, 0.17691309385223833], [0.29723055297924544, 0.4592087294525506, 0.07143050217946836, 0.17213021538873555], [0.21862702636600467, 0.15099031703466392, 0.3918159956635081, 0.23856666093582335], [0.1608328749279093, 0.3149964278816121, 0.10380176517780214, 0.42036893201267633], [0.23486987510416563, 0.17838714303010408, 0.26028080188379366, 0.32646217998193666], [0.22018795828531734, 0.3306861632938158, 0.1478627862385704, 0.3012630921822966], [0.22159287366094563, 0.27099672858968876, 0.13449140668904325, 0.3729189910603225], [0.23159381283606945, 0.42468230752800995, 0.14580204540267108, 0.19792183423324938], [0.27964146559573505, 0.13291368029992404, 0.34787289262990406, 0.23957196147443668], [0.21261324507880325, 0.3673013176484548, 0.15163267776335487, 0.26845275950938735], [0.29256877614388305, 0.3388295392068544, 0.09614305571003579, 0.27245862893922657], [0.19066700216250285, 0.27496101873593404, 0.26223772686410596, 0.2721342522374572], [0.11807828134980801, 0.3262971501365118, 0.26817984427667907, 0.28744472423700107], [0.30092424378822324, 0.27702831401850647, 0.20612938999417263, 0.21591805219909777], [0.23591076415900664, 0.38044748296314007, 0.1296059383813831, 0.2540358144964702], [0.13508346482956904, 0.29401489704777656, 0.3978968718383108, 0.17300476628434355], [0.4384469888805165, 0.23156566083424568, 0.17490502274150566, 0.15508232754373216], [0.49565824934639663, 0.14150408944401294, 0.10552021487927356, 0.25731744633031683], [0.2278855333940777, 0.41428279796334294, 0.14498365980075476, 0.2128480088418246], [0.2743896931561107, 0.3397464826075332, 0.11722470873997669, 0.2686391154963794], [0.15793751558814673, 0.3857599013469198, 0.19688322107698522, 0.25941936198794824], [0.20265364495859473, 0.2566556779102487, 0.23511925435881015, 0.30557142277234656], [0.13959835022250042, 0.5900409302652762, 0.08527367012003544, 0.1850870493921882], [0.2543163683374669, 0.17874464552655778, 0.37038472618561924, 0.19655425995035625], [0.21487389627865916, 0.18871949251216144, 0.35579085758287976, 0.24061575362629978], [0.29936673379540896, 0.09234080532826594, 0.052593905647736895, 0.5556985552285882], [0.23470985393048424, 0.20530084925181824, 0.17776365420202206, 0.38222564261567543], [0.33227849089147843, 0.16759509626781866, 0.12638138678332528, 0.37374502605737775], [0.3514247215659057, 0.3374022395029644, 0.08430583465867485, 0.22686720427245524], [0.15948177771973213, 0.4037293974891034, 0.15124042453045153, 0.2855484002607129], [0.2472724855825697, 0.3081482123134583, 0.073762481338223, 0.37081682076574896], [0.09884710824183188, 0.3179712704224353, 0.0914519823409668, 0.4917296389947662], [0.15280208346304472, 0.25551704177537343, 0.34687203823918716, 0.24480883652239468], [0.14922084538682454, 0.13962936757456423, 0.4696236330118672, 0.2415261540267441], [0.17242384142405948, 0.2508413455066943, 0.3542277090689344, 0.2225071040003117], [0.13155512013141743, 0.2780947456051948, 0.21975482065706864, 0.3705953136063191], [0.25268675753284514, 0.12769336217896282, 0.10871335480399659, 0.5109065254841955], [0.09971611434877647, 0.246474446145384, 0.2060797536639221, 0.44772968584191747], [0.37188565946688185, 0.25356046647138347, 0.12138752097625705, 0.2531663530854778], [0.21153242981914167, 0.3204495364796475, 0.12968324462621103, 0.338334789075], [0.11782655555232213, 0.5510305883565443, 0.14639396937699584, 0.18474888671413797], [0.45326706339521605, 0.2314659526155929, 0.11569735035391288, 0.19956963363527813], [0.12409722854865984, 0.2732526461799883, 0.08651376565925645, 0.5161363596120955], [0.2529585006027315, 0.27065878818734834, 0.21017077106893067, 0.26621194014098937], [0.2995567390317872, 0.26972202083923147, 0.29257765866320995, 0.13814358146577135], [0.16072007374533712, 0.28732449179261416, 0.14415002426556245, 0.4078054101964862], [0.19218382976267276, 0.3718050783177739, 0.2060051187516247, 0.2300059731679288], [0.3529935895633372, 0.22357842164997888, 0.16867978704700667, 0.2547482017396775], [0.15178490292145752, 0.2938142559431734, 0.2854520871561864, 0.2689487539791826], [0.16963029869448842, 0.4370688104914798, 0.12741455175864055, 0.2658863390553913], [0.24142240141698892, 0.292144800097796, 0.23098658265246635, 0.23544621583274886], [0.21389855493122084, 0.2324230074719848, 0.1626633484318727, 0.3910150891649218], [0.3005680516827478, 0.2479679636490678, 0.16702093916155114, 0.2844430455066333], [0.3152649638719664, 0.26571914708241406, 0.1950428189928649, 0.22397307005275477], [0.19986554480464222, 0.4014649232353547, 0.14435928847520663, 0.2543102434847964], [0.15133361785581606, 0.4912613484534674, 0.1723081618267582, 0.18509687186395832], [0.14874327191778616, 0.4346111356070739, 0.2195967270132859, 0.19704886546185416], [0.1595012395137146, 0.22230777675839625, 0.33398958433838655, 0.28420139938950256], [0.19082650365135645, 0.2241720121767048, 0.17619822158803775, 0.40880326258390115], [0.1367273889728454, 0.1784789398270918, 0.32824586168338765, 0.3565478095166751], [0.1610929501874325, 0.3222665304070639, 0.33396659270254714, 0.18267392670295635], [0.2077082653778306, 0.5302629390617504, 0.08885646456137573, 0.1731723309990434], [0.23107763309398793, 0.27356488732873413, 0.0862957690080099, 0.4090617105692681], [0.19673060891528138, 0.27489828577564346, 0.28878766243510934, 0.23958344287396616], [0.15221756963084018, 0.4765735384569458, 0.16125827113449603, 0.2099506207777182], [0.12314804090774083, 0.5706056160751607, 0.13529184527714694, 0.17095449773995147], [0.19217021630665648, 0.42043527697791183, 0.15482486704458417, 0.2325696396708475], [0.2043620686745218, 0.27828956994979165, 0.10444398727387522, 0.41290437410181136], [0.1844827109561116, 0.21989450798816215, 0.1988424764786901, 0.39678030457703617], [0.19905311113539392, 0.40141366090187686, 0.1302639954661413, 0.2692692324965879], [0.3966361272617714, 0.2297003145413063, 0.07084295323813503, 0.30282060495878727], [0.20513064348649812, 0.30639723935959634, 0.16538708855178114, 0.32308502860212446], [0.2390319258554714, 0.41366223926194345, 0.09120125445615174, 0.2561045804264335], [0.25420564478744007, 0.28535945042987654, 0.20655097671591433, 0.2538839280667691], [0.21472194092373914, 0.3443697611842538, 0.2049968717815643, 0.23591142611044286], [0.30316896101995316, 0.31016363736970654, 0.13685989308607754, 0.2498075085242628], [0.23551695143541304, 0.3271232048229862, 0.16096690883621387, 0.27639293490538686], [0.43454380371933715, 0.20675042316073544, 0.04515139989932351, 0.3135543732206038], [0.22237014005800462, 0.30304419604754484, 0.11546430703807628, 0.3591213568563744], [0.5304258044093619, 0.20596180746659795, 0.08201363410477537, 0.1815987540192646], [0.14487231574955306, 0.48266925487404205, 0.06376436135500752, 0.3086940680213975], [0.2086788563174137, 0.25783177624323905, 0.07934884364810064, 0.4541405237912467], [0.16311757213152225, 0.42545463069496114, 0.20992199477448303, 0.2015058023990336], [0.19661822191610925, 0.17370444175938832, 0.4002342626343429, 0.2294430736901596], [0.3005815476262492, 0.21847953519649818, 0.14037461984877173, 0.34056429732848087], [0.12262371306254924, 0.3294396398951291, 0.12931848884963368, 0.41861815819268805], [0.2062771006030852, 0.40451990985644226, 0.11886377964057436, 0.2703392098998982], [0.3409572502638523, 0.2147811038220226, 0.09287490993199547, 0.3513867359821296], [0.18838795135043182, 0.1818759980987039, 0.12739094464512363, 0.5023451059057407], [0.14288506467355816, 0.5234148946389509, 0.09357256400266353, 0.2401274766848274], [0.24884259205207343, 0.20853408888674252, 0.16494241241182986, 0.37768090664935444], [0.44442533293418457, 0.3047683054516485, 0.0636097460220816, 0.18719661559208534], [0.4305766287011949, 0.24318752619067266, 0.15551898095965708, 0.1707168641484752], [0.15201050651089415, 0.3665771903786222, 0.11951719586767932, 0.36189510724280466], [0.19273128942221973, 0.2597802186765151, 0.078084427795362, 0.46940406410590324], [0.29459582491900177, 0.22045538837934273, 0.1387423054951325, 0.346206481206523], [0.19965644726952209, 0.2984028181445899, 0.06621040120660669, 0.4357303333792812], [0.3603927367344935, 0.18411995385250518, 0.05811932413203474, 0.39736798528096673], [0.22083912059334934, 0.5619878115043213, 0.073181518324139, 0.14399154957819027], [0.22737512018433828, 0.2886557201934188, 0.17200151214923007, 0.311967647473013], [0.1879059390894791, 0.21121694734631202, 0.23883583288835034, 0.3620412806758586], [0.3429149960536972, 0.15828663499453632, 0.09274644778700646, 0.4060519211647601], [0.34923430391375576, 0.2469872598849957, 0.17027516919413335, 0.23350326700711513], [0.4065136438588115, 0.22074546445442275, 0.1973274333964317, 0.17541345829033417], [0.5404361496010992, 0.23832679857238068, 0.06893116245130446, 0.15230588937521577], [0.24260851106414935, 0.26284373808190054, 0.15675992086036422, 0.33778782999358586], [0.20476045870875026, 0.28091187459315914, 0.19427923070893957, 0.320048435989151], [0.3852709601055426, 0.17722156557981808, 0.1373145620006346, 0.3001929123140048], [0.3937537840956637, 0.31540151606292693, 0.08570595595313701, 0.20513874388827244], [0.24120063680027856, 0.2981247665176699, 0.19886742310953429, 0.2618071735725175], [0.23708110448786152, 0.36040397682397346, 0.13820509546923418, 0.2643098232189308], [0.3127043372090157, 0.2171557295116831, 0.09854799381707942, 0.3715919394622219], [0.3440125998163978, 0.3299571738470484, 0.14186466145971838, 0.18416556487683547], [0.2141801310489651, 0.1894748936875682, 0.3301429964757052, 0.26620197878776164], [0.31048187382896864, 0.2756996381649258, 0.0919801845700596, 0.3218383034360461], [0.17181472765309524, 0.23991093556305534, 0.2082158975012929, 0.3800584392825566], [0.18192655719181516, 0.38301624809679874, 0.21735589112876552, 0.21770130358262063], [0.43501148476884377, 0.1936663190353889, 0.08832986119263013, 0.28299233500313714], [0.4202522738179367, 0.3406002391157485, 0.06640925487549436, 0.17273823219082057], [0.13713203358488332, 0.3588673422664628, 0.13515086525266226, 0.3688497588959916], [0.17199779933087694, 0.17475235000056266, 0.07743493809679909, 0.5758149125717614], [0.15478605769013679, 0.4147859222441681, 0.16603166811260847, 0.2643963519530866], [0.2857755881862724, 0.3079319886938993, 0.11268307752058905, 0.2936093455992391], [0.24360468632871454, 0.4017445668519375, 0.1251625169310446, 0.22948822988830342], [0.16956313254877084, 0.36993923144677615, 0.11763488143810855, 0.3428627545663445], [0.16741131493514952, 0.3093210455337639, 0.29097127468742484, 0.23229636484366187], [0.31877372286067335, 0.20552534126732927, 0.15911452186132422, 0.31658641401067295], [0.30173506909386766, 0.29567000518636916, 0.1864613313908698, 0.2161335943288935], [0.21548755339152204, 0.176564520041696, 0.08558473582731928, 0.5223631907394626], [0.3646342095045987, 0.2836927943904554, 0.10150232418445612, 0.25017067192048986], [0.26031779211841516, 0.39671718610395407, 0.16849175278928602, 0.1744732689883448], [0.27697729043488095, 0.2974671793583795, 0.12240847378322635, 0.30314705642351336]]}}