{"test": {"ids": ["101119030", "112116990", "108119510", "104113380", "104116441", "106112770", "100110050", "105115570", "105113440", "104113550", "112119610", "108115570", "108115070", "105113260", "106114150", "112116880", "111116100", "109115211", "113118690", "112116540", "98109570", "113122190", "106118161", "103120290", "111116411", "101109000", "106121220", "111119580", "112117431", "112119580", "99109311", "106113190", "113121980", "101108121", "109114720", "104111550", "100110260", "111120220", "103120730", "109116930", "97112170", "113122510", "108118291", "112119980", "99109860", "110118810", "110117110", "102110890", "112117580", "100111390", "111120320", "104118340", "107113170", "97105580", "107115250", "102112030", "109113881", "97107260", "112119450", "112120290", "109117600", "108119550", "112120700", "110114950", "101108080", "109120621", "101116130", "111116090", "104109311", "113118111", "113119950", "98111231", "104118070", "97107681", "111120540", "103110050", "103110100", "98106111", "113117630", "110120531", "109114270", "99109840", "104110960", "104119290", "109116170", "97116500", "109118701", "111115780", "105115680", "103110840", "112120540", "99120010", "113118630", "107116340", "111121351", "107114200", "100109890", "110120190", "103117200", "107121700", "98108970", "98107210", "108114270", "106118820", "105113480", "112116290", "111116640", "110121450", "111119930", "101111990", "105116860", "108113740", "112121360", "107116300", "101111140", "111117200", "105112240", "108114220", "112117790", "112117030", "112118161", "103111990", "109118820", "110113591", "103112470", "105115250", "112118880", "106111321", "110115890", "109117150", "112117780", "106115250", "100113210", "101117580", "107119950", "113119300", "112121351", "101110200", "99119830", "104113240", "105117351", "99108310"], "labels": [3, 0, 1, 1, 1, 1, 3, 0, 0, 1, 0, 3, 1, 3, 1, 0, 3, 0, 3, 1, 1, 1, 3, 2, 0, 1, 1, 3, 0, 3, 1, 0, 2, 0, 0, 1, 3, 3, 1, 0, 0, 2, 3, 0, 2, 1, 0, 0, 0, 2, 1, 2, 0, 1, 2, 2, 0, 2, 3, 1, 1, 1, 2, 0, 0, 1, 2, 3, 3, 1, 0, 1, 2, 3, 1, 3, 1, 0, 0, 0, 3, 2, 2, 1, 0, 2, 3, 1, 2, 1, 3, 2, 3, 3, 0, 2, 3, 3, 0, 3, 3, 1, 3, 3, 0, 0, 0, 3, 1, 2, 2, 3, 3, 0, 2, 0, 1, 3, 3, 2, 0, 2, 3, 0, 1, 2, 1, 0, 2, 2, 0, 2, 0, 3, 3, 1, 0, 2, 1, 2, 0, 2], "predicted_labels": [3, 3, 3, 3, 3, 1, 1, 1, 1, 0, 1, 1, 1, 3, 0, 1, 1, 3, 3, 1, 0, 1, 1, 1, 0, 3, 1, 0, 3, 3, 1, 3, 0, 0, 3, 1, 0, 1, 1, 0, 3, 3, 0, 1, 1, 0, 1, 3, 3, 3, 3, 3, 3, 1, 1, 1, 0, 1, 0, 1, 1, 1, 1, 3, 0, 3, 1, 0, 3, 3, 3, 0, 3, 0, 0, 1, 1, 2, 3, 0, 3, 1, 3, 1, 1, 1, 1, 3, 1, 1, 1, 1, 1, 1, 3, 1, 0, 3, 1, 3, 1, 1, 1, 1, 1, 1, 3, 3, 3, 3, 1, 3, 1, 1, 0, 0, 1, 1, 3, 1, 0, 0, 1, 0, 1, 1, 0, 3, 1, 1, 3, 3, 3, 1, 3, 3, 1, 1, 1, 1, 3, 1], "confidence_scores": [[0.20031253585060235, 0.2735389542813075, 0.20548735786209418, 0.32066115200599604], [0.1880147272468821, 0.24605116234879232, 0.2553137195247215, 0.3106203908796042], [0.2348154589482112, 0.30159287439726434, 0.12610892457859946, 0.33748274207592505], [0.1822728529354414, 0.2905513994533552, 0.13057911827749344, 0.3965966293337098], [0.20933430999662378, 0.34671651042264007, 0.07218575037461097, 0.37176342920612526], [0.12302523164215051, 0.3331001710784555, 0.2957063733560614, 0.24816822392333251], [0.13154296845888286, 0.3247192273782518, 0.36531135169177203, 0.1784264524710933], [0.1425292218935369, 0.32061345310133943, 0.2751418498021127, 0.26171547520301075], [0.16738284925176475, 0.3324181470069049, 0.2342203881418326, 0.2659786155994979], [0.5455721528591984, 0.18442237115696455, 0.022280402826456682, 0.24772507315738027], [0.07662891280356933, 0.3708879941220707, 0.2833356678939748, 0.26914742518038526], [0.15361661211521205, 0.3336197760801334, 0.17288881930195596, 0.3398747925026984], [0.19947223648087928, 0.3761301766583743, 0.1509899607857638, 0.2734076260749823], [0.2210210341939993, 0.28224356915025905, 0.1782838036002226, 0.3184515930555188], [0.35958443992567674, 0.23090504736038164, 0.17536942530836588, 0.23414108740557574], [0.1280623692474093, 0.3543900249806367, 0.294316340421739, 0.223231265350215], [0.32905791974713045, 0.29874609611915476, 0.10442465107672114, 0.26777133305699397], [0.18663031188804452, 0.28210721338175093, 0.15134080811166523, 0.3799216666185394], [0.1469587531833778, 0.32554210653064697, 0.19204400788829257, 0.3354551323976828], [0.24497554548153033, 0.3272481833625856, 0.0811338054238081, 0.34664246573207597], [0.3142454821283667, 0.28334729330368197, 0.09355457860605428, 0.3088526459618971], [0.1378527253118469, 0.33766599476751746, 0.1737912526866818, 0.35069002723395404], [0.3219653688073749, 0.29827527215991007, 0.13721776568357344, 0.24254159334914147], [0.09777738829288306, 0.32945413984987115, 0.30039800205110423, 0.2723704698061416], [0.4007151454674365, 0.21160024555326531, 0.0890233490368189, 0.2986612599424794], [0.23484511079273268, 0.30566247191009627, 0.10291513121339213, 0.35657728608377887], [0.1623984011211524, 0.3348774974438618, 0.1574500608476409, 0.3452740405873448], [0.4105222577347842, 0.2471049959560108, 0.04943819018496474, 0.29293455612424013], [0.2871846265148398, 0.3025343497101592, 0.07098316433291825, 0.3392978594420828], [0.32142418796456806, 0.20774564405350565, 0.13335198575285992, 0.3374781822290663], [0.2810249072909496, 0.31698341698110444, 0.2017001148729157, 0.2002915608550304], [0.1739434081786546, 0.2936444374068007, 0.19114693768140278, 0.3412652167331422], [0.36001614058421555, 0.3190838799756973, 0.033060983193812954, 0.2878389962462744], [0.36538153452876326, 0.22957588776530052, 0.11337816082789384, 0.29166441687804223], [0.07925318033749022, 0.3375496420449206, 0.22013760485391734, 0.36305957276367207], [0.11535175589628689, 0.3212243083765497, 0.3181531810788452, 0.24527075464831793], [0.3831511116703509, 0.20989164596250268, 0.09868629619826082, 0.30827094616888573], [0.28589689313411026, 0.3219323654434795, 0.07114723413371779, 0.32102350728869256], [0.10345721351996154, 0.34609119030792757, 0.3488366690384472, 0.20161492713366372], [0.47047809945193575, 0.2074995746965042, 0.03025690821378892, 0.291765417637771], [0.30251577970172777, 0.2642181544306338, 0.11809984351405117, 0.31516622235358743], [0.0785652605844882, 0.31549711085808896, 0.31382974609243774, 0.2921078824649853], [0.3611936268866004, 0.25961736420169323, 0.06619733223116958, 0.3129916766805368], [0.2790756704827094, 0.34859336605244534, 0.10035292844653666, 0.2719780350183084], [0.21864848966886935, 0.3569853121677803, 0.19838971455273793, 0.22597648361061226], [0.4190174151606285, 0.2657672392352552, 0.06868702460536928, 0.24652832099874689], [0.24595909264807367, 0.3249649015299105, 0.12521892873528642, 0.30385707708672915], [0.3147912131423205, 0.20658340877505074, 0.0952335760533366, 0.3833918020292923], [0.2204699972786024, 0.3170205425175904, 0.11542702827606507, 0.34708243192774213], [0.23245612236313817, 0.2787367594629422, 0.19566647073085827, 0.29314064744306123], [0.19754488525502895, 0.29495316138096395, 0.16763368315054591, 0.3398682702134612], [0.1964431015523305, 0.28040175531320843, 0.14445743322171684, 0.3786977099127442], [0.2837045046648452, 0.2539227348865898, 0.08566377433235661, 0.3767089861162081], [0.11247411602271674, 0.38156557125369167, 0.31514344418002194, 0.19081686854356966], [0.21937784666417562, 0.34282760670790136, 0.17038607831317062, 0.2674084683147525], [0.15706485912215087, 0.3266388852461766, 0.27303126127340277, 0.24326499435826973], [0.4026902135536976, 0.2510304543989631, 0.13143105593447188, 0.21484827611286758], [0.1908178268776103, 0.30695483644364896, 0.2755700737852723, 0.22665726289346846], [0.3711151669202706, 0.25277418681100666, 0.07778443331526859, 0.29832621295345435], [0.29346299982102103, 0.3034616369301794, 0.1229123204629726, 0.2801630427858268], [0.1736413832528279, 0.3040454931470724, 0.24648387003715727, 0.2758292535629427], [0.12580330808924273, 0.3210165209376337, 0.32792770567300983, 0.22525246530011384], [0.26373759938154745, 0.3094902850486588, 0.10807177402136517, 0.3187003415484287], [0.26329236810997575, 0.28154428955272953, 0.13517390693662026, 0.31998943540067465], [0.33815515534332585, 0.26174909045416217, 0.09967360033458476, 0.30042215386792737], [0.19290466771269135, 0.2931928149271706, 0.1617977753070776, 0.35210474205306036], [0.15050501443594427, 0.31870948830656604, 0.2459557619723119, 0.28482973528517797], [0.346339473288057, 0.2589023867751794, 0.07046322547484836, 0.3242949144619154], [0.2890459323401809, 0.24640648310426325, 0.13520929869303863, 0.329338285862517], [0.21395545903726212, 0.2948684834586979, 0.14191275658115413, 0.34926330092288566], [0.32537615993746116, 0.23498409172943532, 0.07096979405330771, 0.36866995427979565], [0.3782962581205227, 0.2297755773336875, 0.19260351927751063, 0.19932464526827925], [0.11647359960325557, 0.29427216832750763, 0.25661643994370736, 0.33263779212552963], [0.36909564325409683, 0.2865815718006915, 0.09342288903663422, 0.2508998959085773], [0.3451917033486949, 0.30253266197114725, 0.12037060635732118, 0.2319050283228366], [0.20882558424612782, 0.3148679759482548, 0.2249509615604726, 0.2513554782451449], [0.2700659541257338, 0.2852245945858958, 0.2162723132706593, 0.22843713801771143], [0.15985427891427825, 0.2714815590937958, 0.40038198315064766, 0.16828217884127852], [0.20038167471535837, 0.2938693762000757, 0.17221981162627106, 0.3335291374582947], [0.3385619432026283, 0.29879398901348103, 0.048934228984873575, 0.3137098387990169], [0.29426569899826344, 0.2918278998235458, 0.04219013725253049, 0.37171626392566026], [0.12023653623907693, 0.33387069590363444, 0.3604914475691785, 0.18540132028811032], [0.18590199833949073, 0.29312236801948993, 0.22823230705670572, 0.2927433265843138], [0.1927506774486164, 0.2996985708024577, 0.24628868426345327, 0.2612620674854728], [0.28417378143074473, 0.2874085190663323, 0.1180494767953164, 0.31036822270760667], [0.19199194726194896, 0.3074926712771262, 0.23812309491172465, 0.26239228654920044], [0.13719098138810523, 0.33394707386228695, 0.24558926096739317, 0.28327268378221476], [0.1787636922881204, 0.29634853790070464, 0.23286409898118926, 0.2920236708299857], [0.10872373081243673, 0.3653111800539805, 0.22414817119425756, 0.3018169179393249], [0.1896401013267242, 0.30381794848745475, 0.26508140588151, 0.24146054430431124], [0.2779166106837863, 0.342203266415075, 0.14021275456058582, 0.23966736834055277], [0.26241716906117757, 0.3216438779937493, 0.13993762320838068, 0.27600132973669195], [0.08804115591671013, 0.3717692961436566, 0.29535705050444355, 0.2448324974351898], [0.14178996916659556, 0.3284307427498843, 0.20592287375797663, 0.3238564143255435], [0.29305816067800355, 0.2733562065367752, 0.12153881346833506, 0.3120468193168862], [0.2147665534619235, 0.3601702621274924, 0.08950374484198297, 0.335559439568601], [0.32028528448380206, 0.20896438928567238, 0.17180929226960817, 0.2989410339609175], [0.1094974322392282, 0.3240047365486761, 0.20147041229234766, 0.3650274189197482], [0.32324991074673454, 0.3575599527197807, 0.07228112028501414, 0.24690901624847028], [0.15428398957137016, 0.32875592935452813, 0.16384755456366373, 0.35311252651043784], [0.11900115283597201, 0.3880654344128276, 0.29003971365167175, 0.20289369909952878], [0.15834801406770582, 0.33234849127922633, 0.18659792856868848, 0.32270556608437934], [0.29732448422826385, 0.3172882016575539, 0.057861087519561885, 0.32752622659462055], [0.16702792005526582, 0.3473107633725238, 0.14767834901620105, 0.33798296755600926], [0.197463815210438, 0.301415000897388, 0.21518689397958485, 0.285934289912589], [0.10348258105181017, 0.34149088947166756, 0.3431665691786106, 0.2118599602979116], [0.1915802532027638, 0.2841694559456829, 0.23678953613469986, 0.2874607547168535], [0.29308751920565046, 0.2884578592665004, 0.04708269303112144, 0.37137192849672745], [0.21165892692887547, 0.28724812468617955, 0.15407769519389844, 0.3470152531910468], [0.1617469877633099, 0.30944667206147525, 0.2192317571293415, 0.3095745830458732], [0.2612608882210561, 0.33218277439852834, 0.16174657816099797, 0.24480975921941778], [0.3153552353324383, 0.2509192798496991, 0.10367549913275798, 0.3300499856851046], [0.27920783439201063, 0.2989249646991321, 0.1486658285949465, 0.2732013723139104], [0.26233665240659704, 0.35829906426648006, 0.10233120120236071, 0.27703308212456235], [0.27833961116919664, 0.2581739522486351, 0.22643537037531997, 0.23705106620684863], [0.3802906542087989, 0.2626991416710371, 0.042198382088337615, 0.31481182203182634], [0.1286296485362737, 0.3243918853680569, 0.24773975413237215, 0.2992387119632972], [0.29440919215738337, 0.2939958142316598, 0.09636868125760623, 0.3152263123533508], [0.3010128110736595, 0.2603780168589009, 0.07566930690198205, 0.36293986516545756], [0.1332483648405178, 0.3337941330389574, 0.24623566865633703, 0.2867218334641879], [0.33982094364242793, 0.30245524294254145, 0.10136304913752812, 0.2563607642775024], [0.2946483676264842, 0.2693481592862022, 0.1484476960229528, 0.28755577706436086], [0.3233895773692729, 0.3203207286527764, 0.09486348076056719, 0.26142621321738313], [0.395187137895847, 0.25728764776709045, 0.04962497837467444, 0.29790023596238796], [0.16558182147678535, 0.3004950897382939, 0.2612301956299928, 0.2726928931549278], [0.17220163009151923, 0.3290537897447372, 0.1647827202269607, 0.3339618599367833], [0.32033935380570694, 0.2509599191831128, 0.1371404495906686, 0.2915602774205119], [0.17099070188007942, 0.29766864710586605, 0.15602068218750192, 0.37531996882655283], [0.24183857020964608, 0.3631040905963248, 0.1720592078796332, 0.2229981313143958], [0.1543140382842605, 0.3607139947122962, 0.1983443828229485, 0.28662758418049505], [0.26157513623803924, 0.2917033519546142, 0.11188653811231057, 0.33483497369503595], [0.18672675078817152, 0.31716948339137224, 0.15987580853652353, 0.3362279572839328], [0.21193836518970738, 0.2751902628491349, 0.14726385224845084, 0.36560751971270683], [0.25329287228713976, 0.29504874496807265, 0.15581750537226008, 0.29584087737252746], [0.26284343444696984, 0.3153274345246095, 0.05399409093756876, 0.36783504009085194], [0.24026488756512723, 0.30427554004504187, 0.0788116304851949, 0.3766479419046363], [0.15562073500342133, 0.32968885444531865, 0.2613880309413579, 0.25330237960990193], [0.21643287806274164, 0.3401671339198867, 0.1282209070147345, 0.3151790810026374], [0.2777143290046081, 0.27712924566403074, 0.2288773730502153, 0.21627905228114608], [0.12215348342495089, 0.3711143968581569, 0.27320922969123784, 0.2335228900256543], [0.23663603160014904, 0.29950121871265317, 0.11730038783565062, 0.34656236185154704], [0.19840127173435296, 0.3172054770129035, 0.33069072832147395, 0.15370252293126976]]}, "rewritten": {"ids": ["97105580", "97107260", "97107681", "97112170", "97116500", "98106111", "98107210", "98108970", "98109570", "98111231", "99108310", "99109311", "99109840", "99109860", "99119830", "99120010", "100109890", "100110050", "100110260", "100111390", "100113210", "101108080", "101108121", "101109000", "101110200", "101111140", "101111990", "101116130", "101117580", "101119030", "102110890", "102112030", "103110050", "103110100", "103110840", "103111990", "103112470", "103117200", "103120290", "103120730", "104109311", "104110960", "104111550", "104113240", "104113380", "104113550", "104116441", "104118070", "104118340", "104119290", "105112240", "105113260", "105113440", "105113480", "105115250", "105115570", "105115680", "105116860", "105117351", "106111321", "106112770", "106113190", "106114150", "106115250", "106118161", "106118820", "106121220", "107113170", "107114200", "107115250", "107116300", "107116340", "107119950", "107121700", "108113740", "108114220", "108114270", "108115070", "108115570", "108118291", "108119510", "108119550", "109113881", "109114270", "109114720", "109115211", "109116170", "109116930", "109117150", "109117600", "109118701", "109118820", "109120621", "110113591", "110114950", "110115890", "110117110", "110118810", "110120190", "110120531", "110121450", "111115780", "111116090", "111116100", "111116411", "111116640", "111117200", "111119580", "111119930", "111120220", "111120320", "111120540", "111121351", "112116290", "112116540", "112116880", "112116990", "112117030", "112117431", "112117580", "112117780", "112117790", "112118161", "112118880", "112119450", "112119580", "112119610", "112119980", "112120290", "112120540", "112120700", "112121351", "112121360", "113117630", "113118111", "113118630", "113118690", "113119300", "113119950", "113121980", "113122190", "113122510"], "labels": [1, 2, 3, 0, 2, 0, 1, 3, 1, 1, 2, 1, 2, 2, 1, 2, 3, 3, 3, 2, 0, 0, 0, 1, 2, 2, 2, 2, 3, 3, 0, 2, 3, 1, 1, 2, 1, 0, 2, 1, 3, 2, 1, 2, 1, 1, 1, 2, 2, 1, 1, 3, 0, 0, 2, 0, 2, 2, 0, 0, 1, 0, 1, 2, 3, 3, 1, 0, 2, 2, 0, 3, 3, 3, 3, 3, 3, 1, 3, 3, 1, 1, 0, 3, 0, 0, 0, 0, 2, 1, 3, 3, 1, 0, 0, 2, 0, 1, 3, 0, 3, 1, 3, 3, 0, 0, 0, 3, 1, 3, 1, 1, 0, 0, 1, 0, 0, 2, 0, 0, 0, 3, 0, 1, 3, 3, 0, 0, 1, 3, 2, 0, 3, 0, 1, 3, 3, 1, 0, 2, 1, 2], "predicted_labels": [1, 1, 0, 1, 1, 1, 1, 1, 3, 0, 1, 1, 1, 1, 1, 1, 3, 1, 0, 3, 3, 0, 3, 1, 3, 0, 3, 1, 1, 3, 3, 1, 1, 1, 1, 1, 1, 1, 1, 1, 3, 1, 1, 1, 1, 0, 3, 1, 3, 1, 3, 1, 1, 1, 1, 1, 1, 1, 3, 1, 1, 3, 1, 1, 0, 1, 1, 3, 1, 1, 1, 3, 3, 1, 3, 3, 1, 1, 1, 0, 1, 1, 1, 0, 1, 3, 3, 0, 1, 1, 1, 1, 3, 0, 3, 1, 1, 1, 1, 0, 3, 1, 0, 1, 0, 1, 0, 0, 3, 1, 1, 0, 3, 1, 1, 1, 3, 1, 1, 1, 3, 3, 1, 0, 0, 3, 1, 1, 1, 1, 1, 1, 1, 3, 1, 1, 3, 3, 3, 0, 3, 1], "confidence_scores": [[0.12338370804068019, 0.3784428141351301, 0.3061891899242213, 0.19198428789996838], [0.23225075506927484, 0.32334241757401355, 0.2599510559327856, 0.18445577142392602], [0.3571520595724644, 0.28650856732914753, 0.10034660660581603, 0.25599276649257235], [0.22348440778984205, 0.30046223626133933, 0.18508790873342934, 0.2909654472153895], [0.19482237205584021, 0.3017770312797728, 0.23033471969132713, 0.2730658769730597], [0.14791711045814943, 0.2977811221691323, 0.34495078939475227, 0.20935097797796617], [0.1913714206292458, 0.34907530643270374, 0.2475532380719447, 0.21200003486610536], [0.13969237799821388, 0.3710076448755906, 0.2570691048191823, 0.23223087230701325], [0.3046723681117482, 0.267587588203601, 0.11211765499249762, 0.3156223886921531], [0.37185714853976265, 0.22567663201802698, 0.1874928547081307, 0.21497336473407955], [0.17772654756002304, 0.30674770909801097, 0.30063797316757607, 0.21488777017439056], [0.2457397839053276, 0.3049582694714753, 0.21713629715843719, 0.23216564946476012], [0.12047622634610665, 0.3466215340312755, 0.34805789195888465, 0.18484434766373345], [0.2300955568537105, 0.35056079686013114, 0.16911698271495593, 0.25022666357120205], [0.21410696481551675, 0.30022191718552477, 0.26249153771416217, 0.22317958028479615], [0.2925435806534078, 0.2960020428736726, 0.18574022114903257, 0.2257141553238872], [0.1699838494053026, 0.2577802162197098, 0.36355564647715455, 0.20868028789783305], [0.10761455103721, 0.3447118685933493, 0.40685515356928237, 0.1408184268001583], [0.363411248386211, 0.26410492268467967, 0.1266950762100476, 0.24578875271906167], [0.21643979345424835, 0.2727845468380013, 0.25704448010887126, 0.2537311795988791], [0.145445984322696, 0.2853757613846562, 0.24233981421250014, 0.32683844008014745], [0.3640247323670795, 0.26257407432977653, 0.10757778403726988, 0.2658234092658743], [0.24357709439703243, 0.256768274934674, 0.2590058732377637, 0.24064875743053013], [0.22406445597597544, 0.31250518034914615, 0.1453424802443838, 0.31808788343049466], [0.3069446159479374, 0.27145731930462713, 0.10175900325674274, 0.3198390614906928], [0.228148429844183, 0.26486658685344194, 0.3103908865045228, 0.19659409679785203], [0.18684029023318588, 0.2956783142900244, 0.22622513693229426, 0.2912562585444953], [0.16618435191097145, 0.30973039105368844, 0.28528113729088483, 0.23880411974445506], [0.20875879510073006, 0.3083825391992082, 0.20610389971100335, 0.27675476598905835], [0.21011493369545572, 0.2611926149771862, 0.22486337885959085, 0.30382907246776736], [0.28267121527176403, 0.23627762319497939, 0.13788494154093248, 0.34316621999232444], [0.17641093131940727, 0.3209851168789108, 0.2881452709674188, 0.21445868083426312], [0.25287649516165156, 0.3156276512229256, 0.2355343977818532, 0.19596145583356994], [0.20785821651539477, 0.31144349331308024, 0.23428247371829966, 0.2464158164532251], [0.18398706841692425, 0.3137467854163554, 0.27177126779722605, 0.2304948783694941], [0.11119002795730752, 0.3283443477630088, 0.3295185164801539, 0.23094710779952957], [0.14618751271570787, 0.3045981466956116, 0.2904851545860723, 0.25872918600260814], [0.2260011781063128, 0.34800102018257356, 0.1831061036753088, 0.24289169803580468], [0.11401448395856884, 0.3305903040702667, 0.30526132810051476, 0.25013388387064983], [0.11420713036201596, 0.3410664743155038, 0.3453579321430752, 0.19936846317940488], [0.2587564940897513, 0.2640044319529692, 0.16589986414523797, 0.31133920981204155], [0.12473625444929282, 0.3136447735482047, 0.3313784195921786, 0.23024055241032415], [0.1229180578458051, 0.32421314552739544, 0.3088860662739878, 0.2439827303528116], [0.15121945325015243, 0.363067750235915, 0.28613322762717364, 0.19957956888675946], [0.2194809288885567, 0.30241781020507075, 0.18618345120461047, 0.2919178097017619], [0.37957773613487045, 0.23595367107634882, 0.06638915168089803, 0.31807944110788255], [0.20548348781172937, 0.33610410695220405, 0.08105607297958711, 0.3773563322564797], [0.13334472037172396, 0.3121286927656993, 0.2891885971198137, 0.2653379897427632], [0.23039946406941475, 0.26099843327357214, 0.1255603722700246, 0.38304173038698847], [0.16956312080976696, 0.31038912678573355, 0.2771087184037761, 0.24293903400072311], [0.1210320439319283, 0.31928769902321313, 0.24833204755645621, 0.3113482094884025], [0.15320982252008236, 0.33561406970812924, 0.26289420341010883, 0.24828190436167916], [0.1260674989856211, 0.3527747101650254, 0.2834980473476924, 0.23765974350166105], [0.228321607630662, 0.3135664986269024, 0.23669965696724246, 0.22141223677519312], [0.1830709419140341, 0.32864159299163725, 0.17442139361993134, 0.3138660714743976], [0.12559746795124968, 0.3269607112440273, 0.300489705665765, 0.24695211513895812], [0.10223076921456431, 0.3460195376025533, 0.3311718324628505, 0.22057786072003172], [0.23358405018202322, 0.34283923256407833, 0.21778002752864542, 0.20579668972525286], [0.20995588470211113, 0.3028596533643217, 0.14825092691861355, 0.33893353501495377], [0.17187153771349617, 0.3148273722764663, 0.28287807883062155, 0.2304230111794159], [0.13688265904045563, 0.3203001217683749, 0.3596558096019788, 0.18316140958919078], [0.18418341794244208, 0.28671971198737783, 0.24673218470484448, 0.28236468536533577], [0.1614256986567089, 0.2967758715959459, 0.3183233868509343, 0.22347504289641093], [0.24806382553227424, 0.2947827599326009, 0.16707701084953797, 0.29007640368558724], [0.33421666449299464, 0.2705818150102775, 0.1494446506933186, 0.24575686980340897], [0.13227482415119252, 0.3446752724681836, 0.21513427377099648, 0.30791562960962743], [0.17618781285814453, 0.30579761252930954, 0.2896796537769995, 0.22833492083554666], [0.22716073535861953, 0.2679732720763598, 0.11631978763269597, 0.38854620493232483], [0.24692892430164953, 0.3327806812932459, 0.12462871309342186, 0.295661681311683], [0.14692243918885256, 0.33518188260717274, 0.24618639523627098, 0.27170928296770347], [0.3153057861940356, 0.32407718015709686, 0.09040124691002879, 0.27021578673883884], [0.14151800643743556, 0.3247514221285994, 0.20472601588008377, 0.3290045555538813], [0.2719246920521157, 0.3079289962384751, 0.04880058139023969, 0.37134573031916907], [0.18738077699293704, 0.32324127171736095, 0.16769197043140016, 0.3216859808583018], [0.31045316687566504, 0.251725859286884, 0.12207689076707456, 0.3157440830703765], [0.24574367152040855, 0.2812842176158496, 0.13369447759525757, 0.3392776332684846], [0.32932359548828977, 0.30411684487285895, 0.04924802211350122, 0.31731153752535013], [0.19274285355376017, 0.359965372847903, 0.15423286101192255, 0.29305891258641403], [0.13785899176205113, 0.3374335399622168, 0.22334207800116615, 0.301365390274566], [0.3116299089945257, 0.2839789731255253, 0.1491652849977672, 0.2552258328821821], [0.255503948575294, 0.30803358362342753, 0.15968501975828903, 0.27677744804298965], [0.1434162359776429, 0.3069236215541814, 0.3039776531324906, 0.24568248933568498], [0.31379002644528287, 0.29481531157711016, 0.182674065941584, 0.20872059603602305], [0.37787124037386216, 0.2400570562777517, 0.052422127807611595, 0.3296495755407748], [0.08175717783763432, 0.3490912582823315, 0.41607079718242995, 0.15308076669760395], [0.228916427893421, 0.2942908728273947, 0.13379444011540892, 0.3429982591637756], [0.2996332349610553, 0.26767292179311697, 0.09070381525965268, 0.3419900279861749], [0.4699730995038829, 0.2116174002429391, 0.03991023652494618, 0.2784992637282319], [0.19594271757999593, 0.3401964841780564, 0.2130799641960185, 0.25078083404592916], [0.18799584229052196, 0.3026686581950767, 0.22913423706530722, 0.2802012624490942], [0.1063088219327196, 0.33207403137822533, 0.3235365238371566, 0.23808062285189882], [0.2944676966476932, 0.30352349026837805, 0.15640514135166508, 0.2456036717322639], [0.1464949332158668, 0.29308823128688566, 0.3092285686907408, 0.2511882668065066], [0.3136639749046679, 0.2887211906137443, 0.10966632357855528, 0.28794851090303264], [0.25323005951968586, 0.283310291931857, 0.1162505725656737, 0.34720907598278344], [0.2541064095323048, 0.35350635412284553, 0.135215072198464, 0.2571721641463855], [0.18167727005935058, 0.35450063249994074, 0.18009533741957448, 0.28372676002113423], [0.3115236972518512, 0.3017269741059068, 0.176342444292181, 0.21040688435006064], [0.10267788735750999, 0.32916748048734074, 0.2829941205569332, 0.28516051159821637], [0.3971020733267158, 0.27372222424046266, 0.047484038520202033, 0.2816916639126195], [0.30351031048242805, 0.281634558927014, 0.04767909759059504, 0.36717603299996304], [0.1855123983283484, 0.2932635677588664, 0.2956440512128514, 0.22557998269993393], [0.42544288366003946, 0.2442134151332007, 0.05811337680520335, 0.2722303244015562], [0.3183250081372896, 0.3059897879729481, 0.1040471446342085, 0.27163805925555373], [0.3937276044948469, 0.20832364759207517, 0.08942269015930022, 0.3085260577537778], [0.24853435015749922, 0.2787658407313586, 0.27280956329280276, 0.19989024581833953], [0.3547836676041088, 0.2686295623512525, 0.0952886040050038, 0.2812981660396348], [0.4381756906117002, 0.20776422464517932, 0.06325318837207841, 0.2908068963710422], [0.2605028753320658, 0.26496648722853944, 0.12848446469704183, 0.3460461727423528], [0.22043037015258543, 0.33123200927209256, 0.24065407238731548, 0.2076835481880064], [0.16653816790957515, 0.3128590195830638, 0.25435197015755323, 0.2662508423498081], [0.39009146012240825, 0.267739226227441, 0.16188221789067828, 0.18028709575947235], [0.2716307950020139, 0.27765946121221297, 0.14821940207956388, 0.3024903417062092], [0.1201795225814907, 0.33816392781147303, 0.3367059867030777, 0.20495056290395847], [0.143086729963754, 0.382327892440244, 0.2014996550001584, 0.2730857225958442], [0.1279577661354764, 0.3604394812697115, 0.2811845313513074, 0.2304182212435048], [0.18938454015598669, 0.25287143950638247, 0.23771222889627866, 0.32003179144135235], [0.18904556351605237, 0.3397025177731471, 0.2331464275115159, 0.23810549119928479], [0.22326003490349497, 0.32056117812160356, 0.16284074443785065, 0.29333804253705065], [0.26210787187769063, 0.3147523351135468, 0.1494119923818384, 0.273727800626924], [0.23286957240885134, 0.299593566594809, 0.13209011793199232, 0.33544674306434724], [0.2301437096861973, 0.27620993250230585, 0.20239410387696338, 0.29125225393453374], [0.17455047062243506, 0.33803500668624953, 0.26962081151012623, 0.21779371118118898], [0.3202350995236973, 0.25401586481089583, 0.1345048903070873, 0.29124414535831955], [0.41060445963794795, 0.22255803103294639, 0.0908448921352314, 0.2759926171938744], [0.2597525734786192, 0.2452324432982042, 0.20271553284387497, 0.29229945037930166], [0.11437070513486686, 0.36817996683352955, 0.31601479179076813, 0.2014345362408352], [0.2838393512756687, 0.3567516319169052, 0.08721390750783639, 0.27219510929958984], [0.2846972011100393, 0.3008054138670388, 0.1487875365370533, 0.26570984848586854], [0.300237293205509, 0.3275169489356886, 0.12781974191604337, 0.24442601594275945], [0.26902744651329974, 0.29736652308006173, 0.1769498336979502, 0.25665619670868844], [0.1600965344371309, 0.32343753160590294, 0.25167860035323203, 0.26478733360373424], [0.28039583619506697, 0.3125323415477243, 0.15382954661154177, 0.25324227564566676], [0.21311812401464134, 0.2894544688525645, 0.16380301856274695, 0.3336243885700471], [0.24420500829321556, 0.28924927127830224, 0.19020669443743013, 0.2763390259910522], [0.09194606617959213, 0.3514699956913044, 0.3468081020821115, 0.2097758360469921], [0.20524635482565287, 0.31981384315468664, 0.13508793104861935, 0.3398518709710409], [0.16511212215694832, 0.28465638906912344, 0.26646400714844104, 0.2837674816254873], [0.3334535608208048, 0.24083501262746781, 0.08713090473070274, 0.33858052182102466], [0.3892410618053683, 0.2905146175601408, 0.032460433792166114, 0.287783886842325], [0.14866710051162668, 0.32761746201162356, 0.17322478841321845, 0.3504906490635314], [0.06920029603850572, 0.36106708503576407, 0.36470259273112715, 0.20503002619460267]]}}