{"test": {"ids": ["100109801", "111121351", "106121190", "103120780", "110118121", "107113550", "108115070", "102111990", "104113190", "97105580", "110116290", "107113260", "99107630", "105112240", "110120540", "102110750", "97116410", "99109910", "108121190", "105117351", "107121640", "108119510", "98108370", "110117080", "100120780", "109120621", "97110950", "101115190", "106116820", "105113480", "113122320", "105113210", "112116451", "97112830", "98117740", "97111790", "97114170", "111120260", "107121230", "101109000", "111118301", "111119340", "107113840", "98111860", "99112531", "100116790", "105116860", "112121010", "103110050", "110118630", "103113270", "105118740", "107120010", "107120130", "104111620", "97113260", "102116340", "99111340", "110119300", "109118231", "101112690", "112118890", "102109840", "106116850", "108120260", "107114621", "109117630", "101121640", "107119950", "109114270", "100108080", "112117461", "112118820", "104111880", "112118860", "101114020", "99109141", "111114121", "98108520", "101117580", "113117340", "105115250", "108121160", "110117200", "104113550", "100108260", "99107640", "110118161", "98112300", "98108580", "110117140", "104118340", "108115570", "110114950", "112121430", "111121930", "113121410", "110117500", "105121190", "111117571", "100108520", "112116501", "97118210", "112119930", "99108310", "104113240", "109113881", "108120621", "105112260", "99109161", "105116650", "111120280", "107116300", "107116501", "113118511", "105120280", "113120601", "98116090", "100111380", "110115580", "113122230", "109116441", "109115211", "110115710", "102118380", "113122180", "108117360", "110121450", "111119610", "104114740", "105115720", "107112850", "105116980", "107118120", "104111531", "98112170", "102109910", "103113260", "109118701", "99110730", "113120531", "111121220"], "labels": [0, 0, 2, 1, 3, 0, 1, 2, 3, 1, 2, 0, 2, 1, 1, 1, 3, 2, 1, 0, 1, 1, 1, 1, 1, 1, 3, 1, 1, 0, 1, 3, 0, 2, 2, 2, 2, 3, 0, 1, 3, 3, 3, 0, 3, 2, 2, 2, 3, 1, 2, 1, 1, 2, 0, 1, 3, 1, 1, 1, 1, 3, 2, 3, 1, 0, 0, 2, 3, 3, 0, 0, 0, 3, 3, 3, 3, 0, 2, 3, 2, 2, 2, 3, 1, 3, 1, 0, 2, 0, 3, 2, 3, 0, 2, 1, 0, 1, 2, 3, 2, 3, 2, 1, 2, 2, 0, 1, 3, 3, 1, 0, 0, 1, 1, 3, 2, 0, 3, 1, 1, 3, 0, 2, 1, 2, 1, 3, 2, 2, 1, 1, 0, 3, 0, 3, 2, 3, 3, 3, 0, 3], "predicted_labels": [3, 0, 1, 3, 3, 3, 1, 3, 1, 1, 0, 3, 3, 3, 1, 2, 3, 1, 1, 3, 3, 3, 3, 3, 0, 3, 0, 3, 0, 1, 3, 0, 0, 3, 1, 1, 3, 0, 3, 3, 1, 3, 1, 2, 3, 1, 0, 3, 1, 1, 3, 1, 3, 1, 0, 1, 3, 1, 1, 1, 3, 1, 1, 1, 3, 0, 3, 3, 3, 3, 3, 3, 1, 3, 1, 0, 1, 1, 1, 3, 1, 1, 3, 0, 0, 1, 1, 1, 0, 2, 3, 3, 1, 3, 1, 3, 3, 1, 3, 3, 3, 3, 0, 3, 1, 1, 0, 3, 1, 0, 1, 3, 1, 1, 1, 1, 1, 3, 3, 1, 1, 3, 3, 1, 1, 3, 3, 3, 3, 3, 1, 1, 1, 3, 1, 0, 0, 1, 1, 1, 3, 1], "confidence_scores": [[0.1087221820705919, 0.27537860945178405, 0.028575201586506397, 0.5873240068911177], [0.5022061172151202, 0.33174949087917077, 0.008050658180914041, 0.15799373372479505], [0.048784782466328336, 0.4459045921163516, 0.07485921172431385, 0.43045141369300594], [0.3763184639789072, 0.09910371783010072, 0.12340800469228728, 0.4011698134987045], [0.09420820575728989, 0.3552803822499505, 0.05170689403226725, 0.49880451796049285], [0.17157675255792643, 0.048466399709916584, 0.2386072109653191, 0.5413496367668379], [0.17521013145165162, 0.7004256116352674, 0.07470413801756873, 0.04966011889551193], [0.2618919378605466, 0.17924962803035754, 0.31804953797962826, 0.24080889612946757], [0.03352598616695554, 0.5810984796556531, 0.02134081635911025, 0.3640347178182811], [0.08456834706755374, 0.5809803931090076, 0.2581303146129913, 0.07632094521044747], [0.69348562208373, 0.056623087165884586, 0.03661281139883831, 0.21327847935154687], [0.26718417047732257, 0.32226395711083716, 0.05466698919930473, 0.3558848832125357], [0.29825040431444305, 0.08327517637567294, 0.0270817666507691, 0.5913926526591151], [0.07424239871641855, 0.24934364235060674, 0.09475710450013503, 0.5816568544328395], [0.0735808410988291, 0.6281868326649126, 0.11171439529834805, 0.1865179309379104], [0.007617086177986495, 0.052983096425476, 0.9297220783968343, 0.009677738999703502], [0.2923733319815754, 0.1349136011714971, 0.20076429486340983, 0.3719487719835175], [0.04404931934992858, 0.1362868366183204, 0.7960598771614993, 0.023603966870251965], [0.027488046626771342, 0.3587607970009603, 0.26456261437786754, 0.3491885419944005], [0.22658775805554887, 0.32760925933031465, 0.021940960902261292, 0.4238620217118755], [0.15008545361146425, 0.26701224766158616, 0.12780569486008878, 0.4550966038668609], [0.2212987102866865, 0.15886513155549478, 0.06693814156019202, 0.5528980165976268], [0.154577999402799, 0.20598945975568247, 0.2680739754929254, 0.3713585653485931], [0.036857844536584354, 0.17769532920189587, 0.03481503827858362, 0.7506317879829361], [0.41532082017418626, 0.27296656669696584, 0.07731459970801367, 0.23439801342083452], [0.07162517443000754, 0.22837720698496314, 0.03952275187102731, 0.6604748667140019], [0.7924783787177767, 0.01848072750137961, 0.036961596314771784, 0.15207929746607202], [0.36958324382262375, 0.1471419072525373, 0.1365187992878423, 0.34675604963699624], [0.49761734739494, 0.1889845472184097, 0.22259212381439794, 0.0908059815722523], [0.16070929341107934, 0.48831766364503176, 0.2300383076918795, 0.12093473525200943], [0.08674106977527474, 0.3823628062975328, 0.09786704509309216, 0.43302907883410047], [0.5578464529148897, 0.08791266506375535, 0.011184454279148878, 0.34305642774220607], [0.6137218010265071, 0.21411708939158836, 0.039811094632026194, 0.13235001494987855], [0.10338823767592568, 0.2431521146235986, 0.20075791117011127, 0.4527017365303643], [0.1063281445672335, 0.4536028575901168, 0.24481217304713135, 0.1952568247955184], [0.15075997998646914, 0.3232083166840217, 0.3793092873540391, 0.14672241597547], [0.018049210613350814, 0.23362693250267286, 0.4517274769466517, 0.2965963799373246], [0.49405356026088837, 0.15337192097198563, 0.031889630151435096, 0.3206848886156909], [0.0908541680309967, 0.11799942518004036, 0.0804242013179997, 0.7107222054709633], [0.2879349298897825, 0.24382952016424364, 0.015466833589543984, 0.45276871635642973], [0.32323179637476723, 0.3039832359027573, 0.08672391168065086, 0.2860610560418245], [0.18657343228558135, 0.198034621803636, 0.21866332726717227, 0.3967286186436104], [0.1524585039071589, 0.5131484635201498, 0.24662354074355677, 0.0877694918291346], [0.010600531836993516, 0.09382005475184674, 0.8336693001415052, 0.06191011326965449], [0.3640410069434015, 0.14684045309020255, 0.0763992168543385, 0.4127193231120576], [0.14924224668276248, 0.5896562879223284, 0.19643340076634086, 0.06466806462856847], [0.4449867562172162, 0.1448823665417555, 0.37933744046969586, 0.030793436771332377], [0.09069647582330359, 0.23487023859755815, 0.23851384940335746, 0.4359194361757805], [0.20511102388498462, 0.5063425109781038, 0.08622474295052777, 0.20232172218638395], [0.12058539799149882, 0.3237080050228846, 0.20133614948112918, 0.3543704475044874], [0.06364204444156617, 0.07360197600179423, 0.6217202558488417, 0.2410357237077977], [0.19661204883413208, 0.2522197434122085, 0.4238847254093024, 0.12728348234435682], [0.09539005695375072, 0.0750111776924416, 0.10907062084798616, 0.7205281445058217], [0.05444937203820519, 0.8215931290983974, 0.07511386702827828, 0.04884363183511956], [0.9453870039568592, 0.043197716541345264, 0.0016422937291746308, 0.009772985772621019], [0.11881832601844952, 0.31914712721594735, 0.2825104379116491, 0.2795241088539538], [0.1632689981623685, 0.15895044831295568, 0.20812365982917413, 0.4696568936955017], [0.027907639988834877, 0.2876243980192856, 0.5885707721957919, 0.09589718979608758], [0.18545585429650663, 0.5484131197644402, 0.03862114694875093, 0.22750987899030298], [0.10938270487131568, 0.7348818485642672, 0.08831454725704403, 0.06742089930737297], [0.3667203817118155, 0.11680609043653539, 0.07262751521188321, 0.443846012639766], [0.10776427311415376, 0.24333264199710417, 0.4332015086270466, 0.21570157626169523], [0.19663200907205203, 0.4586410992000893, 0.13677580459933697, 0.2079510871285218], [0.09291944248582172, 0.10439821594012312, 0.7661471437901726, 0.03653519778388276], [0.09044876427845014, 0.38584876196750834, 0.018124684442362426, 0.5055777893116792], [0.7061677286904638, 0.012032747185134368, 0.000568539346067229, 0.2812309847783343], [0.4028138890533758, 0.17818628780596324, 0.00966508424807877, 0.40933473889258215], [0.081330846520073, 0.2713846692638534, 0.14006479650435372, 0.5072196877117199], [0.4546597994256002, 0.17679863082982453, 0.011350302552058131, 0.357191267192517], [0.331131329837765, 0.18671823978274746, 0.0026832255444161706, 0.4794672048350713], [0.10955715241130846, 0.029550599110645875, 0.7101426797482735, 0.15074956872977238], [0.15368336918767064, 0.1818003033479251, 0.011550729173269662, 0.6529655982911344], [0.43323846945528177, 0.3392865615799263, 0.005116367829358282, 0.2223586011354335], [0.037583465433691066, 0.20755587365060382, 0.24596853623035952, 0.5088921246853456], [0.1680705870764677, 0.31012552975505364, 0.24066982771745538, 0.2811340554510232], [0.43765967028278435, 0.2940541246544917, 0.018095882808579038, 0.2501903222541447], [0.42655050749467593, 0.3418387949706664, 0.0042887128433548955, 0.2273219846913027], [0.39563869511669814, 0.3714521308593832, 0.011888351408958298, 0.22102082261495992], [0.32419105511263185, 0.5230275804657452, 0.11378956271982764, 0.038991801701795746], [0.20867885818556492, 0.18154522651981148, 0.06386133162782087, 0.5459145836668026], [0.23309373261174832, 0.41178143046500637, 0.02300219331882624, 0.33212264360441895], [0.19241904334398058, 0.36245902355292253, 0.07546731497306079, 0.36965461813003636], [0.05829016724440928, 0.10958521594071007, 0.021579015037665416, 0.8105456017772154], [0.5430994798514331, 0.2710109835003816, 0.044692034012060525, 0.14119750263612435], [0.8850031073323805, 0.021428303753833193, 0.0014440449321957245, 0.09212454398159073], [0.23669818631684125, 0.3640381718306477, 0.19283355658330958, 0.20643008526920142], [0.2725211406832519, 0.3092548659970582, 0.18635372687540608, 0.23187026644428388], [0.24015904961414145, 0.5350774501077903, 0.013613721472523783, 0.2111497788055447], [0.828791612247311, 0.04106549810024827, 0.06891016423709635, 0.06123272541534442], [0.15440725793198443, 0.09186340890999274, 0.6841922213202307, 0.06953711183779217], [0.45112675781933903, 0.14576421967679556, 0.013350479923903877, 0.3897585425799613], [0.05876077148285746, 0.3516558722233302, 0.10967785552886013, 0.47990550076495225], [0.04654526119680495, 0.1793320355473975, 0.5982040309327972, 0.17591867232300026], [0.30944534959100517, 0.10135256818676097, 0.03198754496206934, 0.5572145372601643], [0.12342892807980001, 0.3787231684112269, 0.3261601422710716, 0.1716877612379018], [0.1309560893747567, 0.10604606252705755, 0.5289373820201716, 0.23406046607801417], [0.2374815459476638, 0.13115543082746522, 0.0032649718789343352, 0.6280980513459372], [0.29610823113962964, 0.5185280471627213, 0.008143009987723876, 0.17722071170992532], [0.06009855344973571, 0.23275339653082705, 0.1068284181637221, 0.6003196318557152], [0.12243502219410055, 0.16777800356776082, 0.011885889255379393, 0.6979010849827594], [0.15653216545313092, 0.04390368051248077, 0.4908481977102768, 0.3087159563241116], [0.34620762214058654, 0.1537105997934225, 0.01192307799956029, 0.4881587000664305], [0.40253397260691204, 0.11992273666029929, 0.3604956779462128, 0.11704761278657555], [0.13637168747218117, 0.11357531643925278, 0.3788714155272407, 0.3711815805613253], [0.29777159911367995, 0.44794810119383693, 0.15151144014798368, 0.10276885954449923], [0.05607975945862899, 0.7755919157432308, 0.09053925638336809, 0.07778906841477184], [0.7708562679381443, 0.12765439518290175, 0.08599049885160084, 0.01549883802735306], [0.22985471401305724, 0.2287356948089044, 0.06243915227967061, 0.4789704388983679], [0.03272408254936773, 0.5485436083720189, 0.023075686665901898, 0.39565662241271127], [0.6327097914575326, 0.26335467355237013, 0.07591409762044721, 0.028021437369650185], [0.04035547038653515, 0.3621129106173587, 0.5167533805356384, 0.08077823846046789], [0.47239642116064506, 0.07423086327003046, 0.02346656049202891, 0.42990615507729557], [0.19789127786997354, 0.4232883438147145, 0.06484903321870826, 0.3139713450966039], [0.23905679236725882, 0.41595001070480303, 0.08792063134769063, 0.2570725655802477], [0.09221347117321627, 0.762154181772356, 0.02297892394249208, 0.12265342311193571], [0.29677804955871495, 0.5957459608747381, 0.011088754530675031, 0.09638723503587195], [0.06800221221171276, 0.3716729341421996, 0.33825690998228186, 0.22206794366380575], [0.07755144851509364, 0.27939557339684906, 0.09918619463845518, 0.5438667834496022], [0.30477462061547994, 0.08863828711598665, 0.2929010264744184, 0.313686065794115], [0.19231222673916512, 0.48949256236996475, 0.06937373008763693, 0.24882148080323352], [0.11600865396666823, 0.4192781040690373, 0.32015173328726415, 0.1445615086770302], [0.36065963363150133, 0.05698876321806729, 0.0004152297631597856, 0.5819363733872717], [0.05219424038078253, 0.08163623355262685, 0.03307302697941416, 0.8330964990871763], [0.2684338086624289, 0.4885565981932346, 0.06054410529468648, 0.1824654878496502], [0.15021473752059442, 0.19060969079793216, 0.43103109897178327, 0.22814447270969015], [0.08463299788375335, 0.1488412573206267, 0.13874918013337043, 0.6277765646622496], [0.22536227247160476, 0.1871205836839208, 0.0978455824128005, 0.48967156143167395], [0.20987749413848864, 0.09488618794863372, 0.0012248496656375029, 0.6940114682472401], [0.36217651883365787, 0.23991792581552873, 0.11876153547855839, 0.27914401987225484], [0.04818467473717363, 0.299154600058528, 0.2790986160829711, 0.3735621091213274], [0.19595845516443597, 0.25014475550268667, 0.42153974286993795, 0.13235704646293964], [0.14592998054668896, 0.401598989578343, 0.2639674070739636, 0.1885036228010042], [0.21219425821527554, 0.4387086437522973, 0.0023088755707272486, 0.3467882224617001], [0.33097498315648627, 0.1940827220238108, 0.006679781100618547, 0.46826251371908434], [0.17843450425190321, 0.47246756655406724, 0.06784026239226854, 0.281257666801761], [0.7392106875556054, 0.004218213770935343, 0.011795538116258395, 0.24477556055720084], [0.4805751784733466, 0.24181603353140946, 0.05057620626167558, 0.22703258173356847], [0.10814001997081178, 0.513678290213718, 0.0473234975873075, 0.33085819222816293], [0.18550906405846682, 0.585350363749377, 0.11213815692195302, 0.11700241527020291], [0.02593368407831783, 0.12116913793242484, 0.8166453570859198, 0.036251820903337506], [0.24339739095006913, 0.2473597739760692, 0.013790130937474101, 0.4954527041363879], [0.05038169297393523, 0.7728485785140619, 0.016191710014999007, 0.16057801849700395]]}, "rewritten": {"ids": ["97105580", "97110950", "97111790", "97112830", "97113260", "97114170", "97116410", "97118210", "98108370", "98108520", "98108580", "98111860", "98112170", "98112300", "98116090", "98117740", "99107630", "99107640", "99108310", "99109141", "99109161", "99109910", "99110730", "99111340", "99112531", "100108080", "100108260", "100108520", "100109801", "100111380", "100116790", "100120780", "101109000", "101112690", "101114020", "101115190", "101117580", "101121640", "102109840", "102109910", "102110750", "102111990", "102116340", "102118380", "103110050", "103113260", "103113270", "103120780", "104111531", "104111620", "104111880", "104113190", "104113240", "104113550", "104114740", "104118340", "105112240", "105112260", "105113210", "105113480", "105115250", "105115720", "105116650", "105116860", "105116980", "105117351", "105118740", "105120280", "105121190", "106116820", "106116850", "106121190", "107112850", "107113260", "107113550", "107113840", "107114621", "107116300", "107116501", "107118120", "107119950", "107120010", "107120130", "107121230", "107121640", "108115070", "108115570", "108117360", "108119510", "108120260", "108120621", "108121160", "108121190", "109113881", "109114270", "109115211", "109116441", "109117630", "109118231", "109118701", "109120621", "110114950", "110115580", "110115710", "110116290", "110117080", "110117140", "110117200", "110117500", "110118121", "110118161", "110118630", "110119300", "110120540", "110121450", "111114121", "111117571", "111118301", "111119340", "111119610", "111120260", "111120280", "111121220", "111121351", "111121930", "112116451", "112116501", "112117461", "112118820", "112118860", "112118890", "112119930", "112121010", "112121430", "113117340", "113118511", "113120531", "113120601", "113121410", "113122180", "113122230", "113122320"], "labels": [1, 3, 2, 2, 1, 2, 3, 2, 1, 2, 0, 0, 3, 2, 0, 2, 2, 1, 2, 3, 3, 2, 3, 1, 3, 0, 3, 2, 0, 3, 2, 1, 1, 1, 3, 1, 3, 2, 2, 2, 1, 2, 3, 1, 3, 3, 2, 1, 0, 0, 3, 3, 2, 1, 2, 2, 1, 3, 3, 0, 2, 1, 1, 2, 0, 0, 1, 3, 2, 1, 3, 2, 1, 0, 0, 3, 0, 0, 1, 3, 3, 1, 2, 0, 1, 1, 3, 1, 1, 1, 1, 2, 1, 0, 3, 0, 3, 0, 1, 3, 1, 0, 1, 2, 2, 1, 3, 3, 1, 3, 0, 1, 1, 1, 3, 0, 3, 3, 3, 2, 3, 0, 3, 0, 1, 0, 3, 0, 0, 3, 3, 1, 2, 2, 2, 1, 0, 2, 0, 2, 1, 1], "predicted_labels": [1, 0, 1, 3, 1, 3, 0, 1, 3, 1, 3, 1, 0, 0, 1, 1, 3, 1, 1, 1, 0, 1, 1, 1, 3, 3, 1, 3, 3, 3, 1, 0, 3, 3, 0, 3, 3, 3, 1, 0, 2, 3, 1, 3, 1, 1, 3, 1, 1, 3, 3, 3, 1, 0, 1, 1, 3, 1, 3, 1, 3, 0, 1, 1, 1, 3, 3, 1, 3, 0, 3, 1, 1, 1, 3, 1, 3, 3, 3, 1, 3, 3, 1, 3, 3, 1, 1, 3, 3, 1, 3, 3, 3, 0, 3, 3, 0, 3, 1, 1, 3, 3, 1, 0, 0, 3, 0, 0, 1, 1, 1, 1, 1, 1, 3, 0, 3, 1, 3, 1, 1, 3, 1, 1, 0, 0, 0, 3, 3, 1, 0, 2, 1, 1, 1, 1, 0, 1, 3, 3, 1, 1], "confidence_scores": [[0.153774352918891, 0.3380871648564479, 0.4011859367964445, 0.10695254542821693], [0.7979012834877807, 0.0161443413828789, 0.031648441836889765, 0.1543059332924506], [0.18761851609099447, 0.2825304825908243, 0.3353314649750348, 0.19451953634314637], [0.16602221724341942, 0.23614117367165777, 0.31322556801415086, 0.2846110410707718], [0.15549986866821117, 0.39505486116847865, 0.14449726598420776, 0.30494800417910256], [0.13630222888141375, 0.11375197364729844, 0.3203703113362456, 0.42957548613504204], [0.41917188999908644, 0.1256719212097871, 0.17842929915621075, 0.2767268896349158], [0.20614638288019269, 0.19396469580440592, 0.4081607306330096, 0.19172819068239175], [0.08538151759522064, 0.19195546497810753, 0.20494880058864404, 0.5177142168380277], [0.1366449028284955, 0.4204830753148867, 0.38992413678641874, 0.05294788507019928], [0.1854574989704282, 0.09021911936900988, 0.5908016018203751, 0.13352177984018684], [0.043753187012341065, 0.24333844465413149, 0.5821986758716016, 0.13070969246192576], [0.761557054148045, 0.008742736802056747, 0.015501038109023667, 0.21419917094087454], [0.8161220758625762, 0.03228947726087913, 0.0637700099706002, 0.08781843690594461], [0.06620925129906258, 0.38997691169868604, 0.10881982564121677, 0.43499401136103466], [0.06395742825257435, 0.219202241990572, 0.5983451958744118, 0.11849513388244166], [0.5400743504171587, 0.05571192972815509, 0.045940404723944096, 0.3582733151307423], [0.3424394627036673, 0.4808097627292496, 0.0341187538365598, 0.14263202073052308], [0.2748232938820402, 0.4340009851681027, 0.1674781460596833, 0.12369757489017372], [0.2865878920945533, 0.4552926802084629, 0.016015822736900408, 0.24210360496008332], [0.553549727022293, 0.19243031294098428, 0.15799399104219103, 0.09602596899453175], [0.1095916429337029, 0.11533751595311986, 0.6927201369183201, 0.0823507041948573], [0.026588123136416484, 0.20977035226069818, 0.7310780867367701, 0.032563437866115263], [0.027924754284005343, 0.46893746962342087, 0.44288932966225836, 0.060248446430315336], [0.23448464308263442, 0.12679471122077368, 0.06276777707133807, 0.5759528686252539], [0.11691678493888355, 0.0789945834412493, 0.6022562107450843, 0.20183242087478243], [0.30733141281981313, 0.5539642667566976, 0.04917537899980112, 0.08952894142368814], [0.3016431668793139, 0.05414151091813025, 0.2991154189236241, 0.34509990327893186], [0.1596967491302656, 0.32304150485084565, 0.05978820960135857, 0.45747353641752997], [0.2344651525746403, 0.11099077760626816, 0.4019302098170184, 0.25261386000207303], [0.08112948204318311, 0.3070418164724135, 0.5075123095395349, 0.1043163919448679], [0.7113254385287048, 0.11757795568257827, 0.028240825330347975, 0.14285578045836855], [0.2640648059316806, 0.2590478666326697, 0.04852495074047209, 0.42836237669517746], [0.19474707148553064, 0.12255105161945165, 0.3794306550907441, 0.30327122180427374], [0.45064839861757144, 0.27288270051630753, 0.027786715695011708, 0.24868218517110932], [0.20797517256011322, 0.1232579676586186, 0.3695277817825229, 0.2992390779987454], [0.1573093873443254, 0.12120840798691165, 0.1940058533018701, 0.5274763513668927], [0.14242904012300192, 0.25074570335633967, 0.12430500336872514, 0.4825202531519335], [0.166032633236124, 0.4465187751597599, 0.08564167428616741, 0.30180691731794834], [0.5934575652826645, 0.14486167666212257, 0.07909328575932349, 0.18258747229588937], [0.008610876143996323, 0.02483429649687124, 0.9621350367704516, 0.004419790588680621], [0.3579215949042571, 0.1954838608367059, 0.1907120647199923, 0.2558824795390445], [0.13031880177836633, 0.2607886973239786, 0.46074722755597264, 0.14814527334168248], [0.25757031551408144, 0.11519845428586542, 0.24134017889624065, 0.3858910513038124], [0.18998921283708878, 0.6631841656245656, 0.03461482994749747, 0.11221179159084815], [0.13918080534930172, 0.5275240609004629, 0.03772792396233326, 0.2955672097879022], [0.10429070947331176, 0.05902419556063, 0.620531805994521, 0.21615328897153746], [0.09641222541266192, 0.28203878810600286, 0.34788816783125814, 0.27366081865007724], [0.17415740699747664, 0.4421130417324841, 0.1255762852320887, 0.2581532660379506], [0.5469071084014949, 0.043953787990740366, 0.011312024385644942, 0.3978270792221196], [0.09528293175290786, 0.097265961993868, 0.04935323456526269, 0.7580978716879613], [0.12841196215915415, 0.37884348695486264, 0.04374280443585304, 0.4490017464501302], [0.05879564870351797, 0.6176352142613675, 0.19557765876624092, 0.12799147826887372], [0.8598724565486898, 0.023968184540230184, 0.004732045458992495, 0.11142731345208755], [0.029603493398824707, 0.3108812021266769, 0.3125929373786909, 0.3469223670958074], [0.04128922462130223, 0.7095655092852611, 0.11955414825839047, 0.12959111783504598], [0.1047502287717645, 0.2599521207006647, 0.12894643147357115, 0.5063512190539999], [0.03386131703001157, 0.5980251598807104, 0.019560064510373835, 0.3485534585789043], [0.45731909006875815, 0.12982885342467032, 0.010221400408275239, 0.4026306560982964], [0.27595100636837205, 0.565214108330425, 0.09636890558518671, 0.06246597971601636], [0.1312688506635773, 0.23997990180686868, 0.20145162924096727, 0.42729961828858665], [0.2946462800582638, 0.19827548066387482, 0.28124143290545484, 0.22583680637240633], [0.060462389206571134, 0.45666235357618445, 0.3071246568422967, 0.1757506003749477], [0.4123378275369443, 0.2798947978230696, 0.26188714394383866, 0.04588023069614768], [0.24217734459669382, 0.41049300542449285, 0.003602163428618478, 0.343727486550195], [0.22776365292492753, 0.31091218685053096, 0.05011303618774808, 0.41121112403679344], [0.3419982726907803, 0.15690072711681063, 0.1757569096417158, 0.32534409055069347], [0.2891192416641479, 0.6180035649001385, 0.022246036890072998, 0.07063115654564071], [0.07350530797645494, 0.3280014678482322, 0.08555261496259704, 0.5129406092127159], [0.7357222994989784, 0.029204554280546118, 0.13278747403538038, 0.10228567218509506], [0.18107580480316557, 0.09961924364978024, 0.5538440414252247, 0.16546091012182945], [0.021297278298041896, 0.25394960458455473, 0.6558982385043757, 0.06885487861302778], [0.05912525713549158, 0.473236974097109, 0.31438046655978963, 0.15325730220760989], [0.11794336302868577, 0.4367774082934004, 0.07604295761899141, 0.3692362710589223], [0.44641901908474296, 0.035340503620144036, 0.18759886763323508, 0.33064160966187767], [0.17910888838179415, 0.5790171027556943, 0.11573333560939862, 0.12614067325311298], [0.4705511782736349, 0.02590805972058291, 0.004948100873532422, 0.49859266113225004], [0.20161890651496256, 0.29420086179079674, 0.18799978908083778, 0.31618044261340306], [0.1732972743276931, 0.31962988203046067, 0.11659414896060119, 0.39047869468124485], [0.36194111428453124, 0.30907539622021407, 0.010264041537834343, 0.3187194479574205], [0.3406306581994877, 0.12086570410988559, 0.009138544111752375, 0.5293650935788742], [0.1643184848077038, 0.21554021879836632, 0.10383896419637761, 0.5163023321975521], [0.07998159189479451, 0.7652454181107491, 0.06857031435323506, 0.08620267564122124], [0.28544923597639804, 0.13604512836821755, 0.19203047920157756, 0.38647515645380665], [0.06832190238696453, 0.22246475357664203, 0.41382778043971, 0.29538556359668316], [0.29264093387538415, 0.353769758778757, 0.29279907465356614, 0.060790232692292744], [0.09256867867305849, 0.21093588812207378, 0.5827465229256836, 0.11374891027918445], [0.1452077188578562, 0.2117870295931092, 0.3429715771805158, 0.30003367436851913], [0.20103640380161297, 0.13322517632662353, 0.06636459781401902, 0.5993738220577443], [0.07491135178022622, 0.464803149969171, 0.01939403116142692, 0.44089146708917615], [0.3617715010454694, 0.25484139366465924, 0.04413522737787216, 0.339251877911999], [0.07988330843227363, 0.19656059531243134, 0.028277718009989985, 0.6952783782453049], [0.048546100597990055, 0.18840944198174778, 0.4499572034916337, 0.31308725392862835], [0.8119184769696413, 0.08464251207651836, 0.06358166550722853, 0.03985734544661168], [0.22222719759107315, 0.1757916774367, 0.004580238614296315, 0.5974008863579305], [0.2679795375185982, 0.07918124948769573, 0.26298817535042945, 0.3898510376432769], [0.6133450608314558, 0.028020404190989497, 0.0006982636782557117, 0.35793627129929895], [0.3160852143885457, 0.10060975677615766, 0.3273734666127913, 0.2559315622225053], [0.0747388244925267, 0.8625886249543651, 0.0346048655527858, 0.028067685000322595], [0.18327322622828443, 0.35882915981850655, 0.3061408672183523, 0.15175674673485648], [0.242128255969354, 0.13581223048128435, 0.19382120405198078, 0.42823830949738095], [0.22746358419555984, 0.11345180079285858, 0.02296193229612283, 0.6361226827154586], [0.2381949647871422, 0.3384375915362526, 0.15941189103079756, 0.2639555526458077], [0.41602901400253994, 0.2588849548691495, 0.2152990287968023, 0.10978700233150845], [0.7092609038907375, 0.06301785817731922, 0.10610958729268605, 0.12161165063925715], [0.032535155141397376, 0.22412946686458782, 0.30222070010167035, 0.4411146778923444], [0.5671002264120628, 0.1247573812255856, 0.0261795691442446, 0.2819628232181068], [0.7390664167025609, 0.13069263562612557, 0.020062584885813348, 0.1101783627855002], [0.3337596476662332, 0.5405983477999136, 0.008775023791201444, 0.11686698074265141], [0.21377421273194372, 0.4620908822823907, 0.08022882377442303, 0.24390608121124238], [0.21528251942179868, 0.38641196889351476, 0.04252124113815439, 0.3557842705465319], [0.2808953726213957, 0.3137800260107483, 0.16067973089981832, 0.24464487046803793], [0.24504596519205202, 0.5410092988725502, 0.0334525991984648, 0.18049213673693285], [0.08999737177385507, 0.4614187575275653, 0.2847677222093238, 0.16381614848925566], [0.1954776986424978, 0.11707115528645795, 0.0007758100369580548, 0.6866753360340863], [0.47449143562620544, 0.3501054469717723, 0.017535568148679362, 0.15786754925334306], [0.12439796520620253, 0.2308405155744509, 0.12800593187553208, 0.5167555873438142], [0.22361124496722656, 0.5571729679855045, 0.04852532547836109, 0.1706904615689078], [0.3900918790617427, 0.1590586562717707, 0.09150480556566438, 0.3593446591008224], [0.4122016008826932, 0.35063318681210226, 0.14650880527178914, 0.09065640703341593], [0.24318923053280328, 0.4662042341475122, 0.07746973071674479, 0.21313680460293935], [0.4293540691922418, 0.07073283787830237, 0.014645958645277471, 0.48526713428417845], [0.15852308671850376, 0.66940480599471, 0.013331744900495416, 0.15874036238629105], [0.4827446167366713, 0.37391949734185065, 0.009113618154072151, 0.13422226776740573], [0.37068090231527867, 0.2315532537295948, 0.19178670546401222, 0.2059791384911144], [0.6759067878562901, 0.21531635453402248, 0.027111284856456818, 0.0816655727532307], [0.5890084163116623, 0.11419238377417626, 0.008402823885307406, 0.28839637602885393], [0.3335708013373285, 0.22725407520282442, 0.019286033184547142, 0.4198890902753], [0.26194938805221135, 0.2962301567487064, 0.009970776185522646, 0.43184967901355953], [0.1363079486136422, 0.4443357170619981, 0.12352980187636599, 0.29582653244799406], [0.48001414116357627, 0.23315403019776024, 0.15593937660999038, 0.1308924520286731], [0.0710280532459637, 0.0814465665032286, 0.771040953386359, 0.07648442686444885], [0.12411152630975192, 0.3036217312435274, 0.22367698260649116, 0.3485897598402295], [0.11923486835743506, 0.289098992886281, 0.4887895071694673, 0.10287663158681636], [0.1532698239832978, 0.526799207117274, 0.0667598562234024, 0.25317111267602554], [0.18770769928595407, 0.5662058994208472, 0.13645164482194996, 0.10963475647124912], [0.575020935723163, 0.1421196783503282, 0.03381507115206584, 0.2490443147744432], [0.07634809062146479, 0.3752038665438716, 0.21077573747530232, 0.3376723053593615], [0.27116268733974086, 0.30918711776809565, 0.004763967532599334, 0.4148862273595641], [0.09879159486682113, 0.17320831069674872, 0.09097868151253939, 0.6370214129238907], [0.05936105640581898, 0.3844965222561608, 0.4461528384505413, 0.10998958288747895], [0.1466620469694845, 0.3906217138500461, 0.057404723156998426, 0.4053115160234712]]}}