{"test": {"ids": ["104119340", "97109080", "110114950", "108113700", "101108580", "113122170", "112117780", "112119950", "102112030", "113117550", "107121230", "98108150", "104111550", "107113200", "113119480", "107118820", "100111380", "99117740", "99109910", "107114321", "102109840", "108118291", "105113210", "113119930", "111117120", "99110050", "112118810", "103111170", "110121450", "106119580", "109116930", "108116070", "111117480", "112117790", "103120730", "98111670", "111115910", "109121640", "105118171", "105110091", "100108520", "108116481", "100111270", "104109311", "103120340", "110117500", "112117210", "111116750", "112116990", "97112300", "112120700", "102116340", "112116540", "102107961", "104113190", "108114270", "105115720", "104112201", "105113190", "108118301", "106111321", "111116100", "113121980", "108114670", "103110050", "109116040", "97112830", "106120640", "106120290", "109117150", "113118490", "103113640", "103113170", "99107560", "112118860", "101111210", "98109570", "107120880", "100120010", "106113260", "99120010", "108115500", "108115070", "110117870", "97116790", "101110150", "109120540", "97107040", "108113740", "110117200", "105119950", "102117351", "101111310", "97107950", "110119030", "98112300", "111116990", "112116290", "106113360", "110114561", "113117401", "105113440", "99109740", "100107920", "112121410", "100109311", "98113881", "110118301", "107119390", "102108621", "106113170", "97112170", "101114990", "107120260", "105113620", "111120190", "112116810", "109120621", "98111620", "104111830", "111119950", "97110950", "110115710", "108120260", "109114270", "103117200", "103120290", "100112060", "109117110", "104113210", "100108490", "108120621", "105113260", "106118520", "106118820", "107120010", "111119930", "110118161", "108120060", "112119120", "110113931", "97105960"], "labels": [1, 2, 0, 0, 0, 1, 0, 0, 2, 3, 0, 0, 1, 0, 3, 3, 3, 2, 2, 0, 2, 3, 3, 1, 2, 3, 3, 2, 3, 3, 0, 1, 1, 3, 1, 1, 2, 0, 3, 0, 2, 0, 2, 3, 1, 1, 1, 3, 0, 2, 2, 3, 1, 3, 3, 3, 1, 0, 3, 1, 0, 3, 2, 3, 3, 0, 2, 3, 2, 2, 1, 1, 3, 1, 3, 2, 1, 1, 0, 3, 2, 3, 1, 3, 2, 1, 1, 2, 3, 3, 3, 1, 3, 2, 0, 2, 0, 0, 0, 0, 3, 0, 3, 0, 0, 1, 3, 1, 2, 3, 0, 0, 3, 1, 0, 3, 3, 1, 3, 3, 0, 3, 2, 1, 3, 0, 2, 2, 1, 3, 2, 1, 3, 2, 3, 1, 1, 0, 1, 1, 1, 2], "predicted_labels": [3, 1, 3, 1, 0, 3, 0, 0, 3, 3, 3, 0, 1, 3, 3, 3, 0, 3, 2, 3, 1, 3, 1, 0, 1, 2, 1, 3, 3, 1, 3, 1, 3, 0, 1, 1, 3, 3, 3, 1, 3, 3, 1, 3, 3, 1, 1, 0, 3, 1, 1, 1, 1, 1, 3, 3, 1, 1, 0, 1, 0, 1, 3, 1, 1, 3, 0, 1, 1, 1, 3, 0, 1, 1, 3, 3, 3, 3, 1, 0, 1, 1, 1, 1, 1, 0, 0, 1, 0, 1, 0, 3, 1, 1, 1, 0, 3, 0, 0, 1, 1, 3, 1, 3, 1, 0, 1, 1, 1, 0, 1, 1, 1, 1, 1, 1, 1, 0, 1, 3, 3, 3, 1, 1, 1, 0, 2, 1, 1, 0, 1, 1, 0, 1, 3, 1, 1, 0, 1, 0, 0, 3], "confidence_scores": [[0.1980972014097015, 0.3005603146853148, 0.19224918831168833, 0.30909329559329574], [0.19974792568542568, 0.3271771284271285, 0.2078241688866689, 0.2652507770007771], [0.30010119047619055, 0.2301331168831169, 0.16814123376623377, 0.30162445887445893], [0.28232353757353756, 0.29255759518259533, 0.18330826118326116, 0.24181060606060614], [0.31946540469334594, 0.2312653249528249, 0.2088421766142355, 0.24042709373959376], [0.19406240981240988, 0.2699902597402598, 0.2049139610389611, 0.3310333694083693], [0.2955199106449105, 0.28957671495171505, 0.18050750638250637, 0.23439586802086804], [0.2808694985569986, 0.23338113275613281, 0.2139242424242424, 0.2718251262626264], [0.21591716616716616, 0.27882940670440676, 0.21642640692640694, 0.2888270202020202], [0.2451641414141414, 0.25425036075036084, 0.18363546176046175, 0.3169500360750362], [0.20395346320346328, 0.2831845931845932, 0.22732622932622928, 0.28553571428571434], [0.2852358058608059, 0.26746656121656126, 0.16260242535242536, 0.2846952075702076], [0.2538507742257743, 0.3066468184593185, 0.20567657342657342, 0.233825833888334], [0.286650210900211, 0.26721416083916094, 0.13340277777777776, 0.3127328504828506], [0.25742592130092135, 0.2432829898859312, 0.23126836154042035, 0.26802272727272725], [0.24531179931179928, 0.24595519758019754, 0.18825073537573545, 0.32048226773226773], [0.2902668650793651, 0.2808726551226551, 0.1980241702741702, 0.23083630952380962], [0.27641780441780434, 0.2616220723720723, 0.16944780219780214, 0.292512321012321], [0.22384637094931217, 0.2475034271284272, 0.2805389104359693, 0.24811129148629152], [0.23207660395160398, 0.2233224414474414, 0.17167783605283604, 0.3729231185481187], [0.19431562881562872, 0.3081033411033411, 0.22331407481407484, 0.2742669552669553], [0.2895917207792208, 0.2334159451659451, 0.14846789321789322, 0.3285244408369409], [0.2791275252525252, 0.2916181457431457, 0.14407828282828283, 0.28517604617604636], [0.28031096681096684, 0.2743890692640693, 0.18248015873015874, 0.26281980519480536], [0.26198920034214157, 0.2967130655292421, 0.15962515262515262, 0.28167258150346375], [0.21958194583194587, 0.24474675324675324, 0.2777579365079365, 0.2579133644133644], [0.21558748196248192, 0.3489164862914864, 0.14445526695526692, 0.29104076479076474], [0.2739714452214452, 0.24292250804750812, 0.2066518204018205, 0.27645422632922645], [0.22403638722388725, 0.266063852813853, 0.16201545676545678, 0.34788430319680325], [0.20148221223221222, 0.3233156565656566, 0.20375793650793653, 0.2714441946941947], [0.2410641441891443, 0.2510636724386724, 0.17685264735264736, 0.331019536019536], [0.2560939615939615, 0.2670662531912533, 0.22614177489177492, 0.2506980103230103], [0.24778373015873012, 0.2685766594516596, 0.1522346681096681, 0.33140494227994227], [0.3201811938061938, 0.2788755966255966, 0.18183565046065045, 0.2191075591075592], [0.2020766247641249, 0.31287944000444, 0.2196270812520812, 0.26541685397935394], [0.23009143144437266, 0.3142264263514264, 0.1930887494858083, 0.2625933927183928], [0.2521536796536797, 0.2705778665778666, 0.1884126984126984, 0.2888557553557555], [0.22833337495837486, 0.2779901903651904, 0.20383787046287044, 0.2898385642135643], [0.250329600954601, 0.26710245310245306, 0.16921867021867024, 0.3133492757242757], [0.23933372183372192, 0.32137909312909324, 0.21733366633366633, 0.22195351870351876], [0.27513161838161837, 0.19794920030949434, 0.20466741918212508, 0.32225176212676215], [0.27953919691419693, 0.27738125763125765, 0.1311881313131313, 0.3118914141414141], [0.1789159451659452, 0.36540548340548334, 0.22870003607503608, 0.2269785353535353], [0.3133741536241536, 0.2566959568209569, 0.11306601731601726, 0.31686387223887225], [0.23249422799422803, 0.2516172438672439, 0.23146013708513716, 0.2844283910533912], [0.2202570346320346, 0.3236806110556112, 0.16714556277056275, 0.28891679154179156], [0.2635575396825397, 0.3005972777222778, 0.19230598568098572, 0.24353919691419698], [0.3073970612720613, 0.22942929292929296, 0.17610600510600505, 0.28706764069264074], [0.24416318403818404, 0.18027640415140417, 0.20771205183705185, 0.36784835997336], [0.31048484848484853, 0.31840494227994237, 0.13901857864357864, 0.2320916305916306], [0.23422384559884565, 0.27858555333555335, 0.2105895909645909, 0.2766010101010102], [0.22238311688311693, 0.32719787157287167, 0.17821410533910537, 0.2722049062049063], [0.27101740824534937, 0.272823051948052, 0.21279074193780076, 0.24336879786879792], [0.2637950521700522, 0.33033409645909656, 0.17602723665223668, 0.2298436147186148], [0.24079688367188376, 0.22245167332667343, 0.18055483405483408, 0.35619660894660904], [0.22120722904546425, 0.24542734063322302, 0.144255439005439, 0.38910999131587365], [0.21419796176046174, 0.3218696581196582, 0.19374010017760013, 0.27019227994227996], [0.26449494949494956, 0.283962481962482, 0.16994980019980016, 0.28159276834276836], [0.350520111832612, 0.2388171101774043, 0.14547500742721328, 0.26518777056277054], [0.22844696969696976, 0.29104617604617605, 0.2049227994227995, 0.27558405483405485], [0.2925685841935841, 0.26199314574314575, 0.1784466366966367, 0.26699163336663345], [0.28106295093795103, 0.330514244742186, 0.13588636853342728, 0.2525364357864357], [0.17372929154179148, 0.30136978993229, 0.13144005994005992, 0.3934608585858585], [0.2471792929292929, 0.3380703463203464, 0.1576863275613275, 0.2570640331890333], [0.19470591908091905, 0.3904864996114996, 0.16094623432123428, 0.25386134698634705], [0.21004779942279947, 0.22526443001442994, 0.22117833555333566, 0.3435094350094349], [0.29472523310023313, 0.2517255383505384, 0.16144695582195578, 0.2921022727272727], [0.194435606060606, 0.3418930375180375, 0.1771500721500721, 0.28652128427128426], [0.2183122294372295, 0.2987546897546899, 0.2158915945165945, 0.2670414862914864], [0.2524676573426574, 0.3143682012432013, 0.2084402958152958, 0.22472384559884565], [0.2770057720057719, 0.264801517926518, 0.17185793373293368, 0.28633477633477644], [0.3824841963591964, 0.20989610389610397, 0.14065775890775892, 0.26696194083694086], [0.21328174603174602, 0.31383694083694097, 0.240714701964702, 0.2321666111666112], [0.26827867965367963, 0.3097689393939395, 0.20441962204462208, 0.21753275890775892], [0.22760546398046397, 0.28015225256769377, 0.2060276369871959, 0.2862146464646466], [0.23145183982683992, 0.23772943722943715, 0.2236356421356421, 0.3071830808080808], [0.23436553030303028, 0.23101298701298706, 0.183670183982684, 0.3509512987012988], [0.24924807137307137, 0.2643157120657122, 0.19225270562770563, 0.2941835109335109], [0.22828832278832284, 0.2595186202686202, 0.2582553418803419, 0.2539377150627151], [0.34285551948051946, 0.29668686868686867, 0.16403318903318906, 0.19642442279942285], [0.22732785841609374, 0.32962653033241274, 0.19700288600288599, 0.2460427252486076], [0.23632023042317157, 0.2929974478136243, 0.1994119352869353, 0.27127038647626883], [0.2998618742368742, 0.30438371350871346, 0.18361167998668, 0.2121427322677323], [0.2668600288600289, 0.3065248917748918, 0.20854058441558437, 0.21807449494949493], [0.20556937017231136, 0.3234109371021136, 0.22860185647685646, 0.24241783624871865], [0.29838680069930074, 0.22497354034854036, 0.18864285714285722, 0.28799680180930187], [0.28594792707292715, 0.26331619769119763, 0.17402002164502164, 0.2767158535908537], [0.20073593073593074, 0.3131517510267512, 0.2118553391053391, 0.2742569791319792], [0.311479575979576, 0.2366906565656567, 0.16688299200799203, 0.28494677544677544], [0.20754228410478415, 0.30676775308025317, 0.1850403901653902, 0.3006495726495727], [0.3196427183927184, 0.31854195804195806, 0.1532226107226107, 0.2085927128427128], [0.2878430042180043, 0.2812073759573759, 0.1224650210900211, 0.3084845987345989], [0.2715754107004107, 0.3213281024531025, 0.16856913919413924, 0.23852734765234768], [0.21478973803973805, 0.318479908979909, 0.18683040570540563, 0.2798999472749473], [0.28584021534021536, 0.32865997890997894, 0.14045854145854147, 0.24504126429126438], [0.2955021922521923, 0.25565743978243977, 0.1936711621711622, 0.2551692057942059], [0.28390440115440113, 0.23782846320346326, 0.17386381673881668, 0.3044033189033189], [0.3041899142524143, 0.29263064713064724, 0.1964859862359862, 0.20669345238095238], [0.31106066156066153, 0.28894498556998566, 0.20947133422133424, 0.19052301864801865], [0.2580762987012987, 0.33358964646464656, 0.1612646103896104, 0.24706944444444456], [0.21883144633144636, 0.33787996725496733, 0.15780874680874674, 0.2854798396048395], [0.22893452380952387, 0.27619354256854256, 0.18830681818181824, 0.3065651154401155], [0.2248021284271284, 0.34556385281385293, 0.22739898989898993, 0.2022350288600289], [0.28301117836411954, 0.24315653872271523, 0.17730910755910764, 0.29652317535405776], [0.24904978354978355, 0.31699585137085146, 0.17906578144078142, 0.2548885836385837], [0.28228149628149624, 0.24929460816960816, 0.188875, 0.27954889554889556], [0.25455923243423245, 0.2702922077922078, 0.21628607503607508, 0.25886248473748474], [0.22417081529581523, 0.35474494949494945, 0.16608189033189036, 0.25500234487734497], [0.27272755920550046, 0.2766659876071642, 0.2264206349206349, 0.22418581826670067], [0.3150088383838384, 0.23354125041625046, 0.18327038239538238, 0.26817952880452883], [0.2616746725496727, 0.34719100344100345, 0.14822385947385944, 0.24291046453546458], [0.2686157314907315, 0.3072109695859696, 0.17749678099678096, 0.24667651792651796], [0.19302121489621488, 0.31624435286935293, 0.17647115384615383, 0.3142632783882784], [0.21586482471776583, 0.3180785611447377, 0.22819859307359322, 0.2378580210639034], [0.2331138167388167, 0.309002455877456, 0.22436190198690192, 0.23352182539682545], [0.20017972305472312, 0.3233768592518593, 0.2224391441891442, 0.2540042735042735], [0.22063194444444437, 0.3312394827394828, 0.19055194805194808, 0.2575766247641248], [0.2803793845043845, 0.26275548063048065, 0.18811129148629147, 0.2687538433788434], [0.22924128649128656, 0.31410461760461755, 0.20364213564213565, 0.25301196026196043], [0.2149042346542347, 0.2669666305916307, 0.16374266011766012, 0.35438647463647455], [0.26399451243201244, 0.2771332972582973, 0.1810166500166499, 0.27785554029304027], [0.23701668470418466, 0.259599025974026, 0.22245037601287598, 0.2809339133089133], [0.2189689060939061, 0.29658807858807856, 0.19618208180708177, 0.2882609335109336], [0.25249810606060613, 0.30656727994228006, 0.15316224747474744, 0.28777236652236654], [0.2565800727050727, 0.2833423937173937, 0.19908241758241757, 0.2609951159951161], [0.3271472000222001, 0.2611746031746031, 0.14546482683982684, 0.26621336996337003], [0.237755772005772, 0.2393450577200578, 0.27695580808080805, 0.24594336219336216], [0.25115589965589963, 0.3059589299589301, 0.15333429070929072, 0.2895508796758797], [0.2319172077922078, 0.31420400432900436, 0.17295039682539678, 0.2809283910533911], [0.3016805555555557, 0.2698705044955045, 0.16256872294372285, 0.265880217005217], [0.25671810134310136, 0.262005230880231, 0.2262007298257298, 0.25507593795093797], [0.29259079809079824, 0.30579058441558443, 0.15266371128871126, 0.24895490620490623], [0.2814030552780553, 0.27964098401598403, 0.19611030636030635, 0.24284565434565436], [0.23445916583416593, 0.3119432650682651, 0.1684596792096792, 0.28513788988789], [0.18573412698412695, 0.31348766511266524, 0.16113992951492953, 0.33963827838827854], [0.1964900793650794, 0.33820553751803767, 0.20916347541347552, 0.25614090770340764], [0.2706123043623044, 0.31746699134199136, 0.16909210234210229, 0.24282860195360192], [0.3040918060697473, 0.282529679470856, 0.14234890109890103, 0.2710296133604958], [0.23986147186147197, 0.31090169552669555, 0.22742983405483397, 0.22180699855699854], [0.28767036435786436, 0.24022788322788333, 0.19546899628149625, 0.2766327561327561], [0.3049958097458098, 0.2949509102009102, 0.1546441891441891, 0.24540909090909094], [0.21136994949494944, 0.2830239898989899, 0.22207142857142861, 0.2835346320346321]]}, "rewritten": {"ids": ["97105960", "97107040", "97107950", "97109080", "97110950", "97112170", "97112300", "97112830", "97116790", "98108150", "98109570", "98111620", "98111670", "98112300", "98113881", "99107560", "99109740", "99109910", "99110050", "99117740", "99120010", "100107920", "100108490", "100108520", "100109311", "100111270", "100111380", "100112060", "100120010", "101108580", "101110150", "101111210", "101111310", "101114990", "102107961", "102108621", "102109840", "102112030", "102116340", "102117351", "103110050", "103111170", "103113170", "103113640", "103117200", "103120290", "103120340", "103120730", "104109311", "104111550", "104111830", "104112201", "104113190", "104113210", "104119340", "105110091", "105113190", "105113210", "105113260", "105113440", "105113620", "105115720", "105118171", "105119950", "106111321", "106113170", "106113260", "106113360", "106118520", "106118820", "106119580", "106120290", "106120640", "107113200", "107114321", "107118820", "107119390", "107120010", "107120260", "107120880", "107121230", "108113700", "108113740", "108114270", "108114670", "108115070", "108115500", "108116070", "108116481", "108118291", "108118301", "108120060", "108120260", "108120621", "109114270", "109116040", "109116930", "109117110", "109117150", "109120540", "109120621", "109121640", "110113931", "110114561", "110114950", "110115710", "110117200", "110117500", "110117870", "110118161", "110118301", "110119030", "110121450", "111115910", "111116100", "111116750", "111116990", "111117120", "111117480", "111119930", "111119950", "111120190", "112116290", "112116540", "112116810", "112116990", "112117210", "112117780", "112117790", "112118810", "112118860", "112119120", "112119950", "112120700", "112121410", "113117401", "113117550", "113118490", "113119480", "113119930", "113121980", "113122170"], "labels": [2, 2, 2, 2, 3, 0, 2, 2, 2, 0, 1, 3, 1, 2, 3, 1, 3, 2, 3, 2, 2, 0, 2, 2, 1, 2, 3, 2, 0, 0, 1, 2, 3, 3, 3, 3, 2, 2, 3, 1, 3, 2, 3, 1, 0, 2, 1, 1, 3, 1, 3, 0, 3, 3, 1, 0, 3, 3, 3, 0, 0, 1, 3, 3, 0, 0, 3, 0, 2, 3, 3, 2, 3, 0, 0, 3, 2, 1, 1, 1, 0, 0, 3, 3, 3, 1, 3, 1, 0, 3, 1, 1, 1, 1, 3, 0, 0, 1, 2, 1, 1, 0, 1, 0, 0, 2, 3, 1, 3, 0, 1, 0, 3, 2, 3, 3, 0, 2, 1, 1, 0, 3, 0, 1, 3, 0, 1, 0, 3, 3, 3, 1, 0, 2, 0, 3, 3, 1, 3, 1, 2, 1], "predicted_labels": [3, 3, 1, 1, 3, 0, 1, 3, 1, 1, 3, 1, 1, 1, 0, 1, 1, 3, 1, 1, 0, 0, 0, 0, 0, 1, 0, 1, 3, 0, 3, 3, 1, 1, 1, 0, 3, 0, 1, 0, 1, 1, 1, 0, 3, 2, 0, 3, 3, 1, 3, 0, 3, 1, 1, 1, 0, 1, 3, 3, 1, 1, 1, 0, 0, 0, 1, 0, 3, 3, 1, 1, 0, 0, 3, 3, 2, 1, 1, 3, 1, 0, 0, 3, 1, 0, 1, 1, 0, 0, 3, 0, 3, 3, 3, 3, 1, 3, 0, 1, 1, 3, 0, 1, 0, 3, 3, 1, 1, 0, 0, 0, 0, 0, 0, 0, 0, 3, 1, 1, 1, 1, 1, 1, 1, 0, 0, 1, 0, 0, 1, 0, 0, 0, 3, 3, 3, 3, 3, 0, 3, 1], "confidence_scores": [[0.25190902153402156, 0.24092796092796093, 0.2092351398601399, 0.2979278776778777], [0.24357864357864364, 0.2896208513708514, 0.1590801559551559, 0.3077203490953491], [0.24285304972804977, 0.3018915945165947, 0.16720725108225104, 0.28804810467310465], [0.1587774725274725, 0.33433297258297273, 0.19072143134643135, 0.3161681235431236], [0.25347664141414145, 0.27127633477633484, 0.2016591810966811, 0.2735878427128427], [0.2908574897324897, 0.25093157536907534, 0.17575912282162284, 0.28245181207681225], [0.28148322510822515, 0.3358943001443003, 0.13506222943722943, 0.24756024531024534], [0.26525854700854695, 0.25168162393162397, 0.17829039016539014, 0.30476943889443886], [0.21497863451907576, 0.3134024455936222, 0.24347582972582973, 0.2281430901614725], [0.27931343656343666, 0.2816617826617827, 0.17075417637917634, 0.26827060439560435], [0.26668380230880234, 0.2462599206349207, 0.18085119047619044, 0.3062050865800866], [0.22524127261627264, 0.3081001914751915, 0.2252214313464313, 0.24143710456210457], [0.22460599123099123, 0.3341813325563327, 0.2034487040737041, 0.23776397213897218], [0.2728758325008327, 0.27654741092241086, 0.18118854756354758, 0.26938820901320903], [0.2990370046620048, 0.282578934953935, 0.21980952380952382, 0.1985745365745366], [0.26743331668331666, 0.35884102009102015, 0.1689919941169941, 0.2047336691086692], [0.25558794881589003, 0.2839841269841271, 0.20535968688174575, 0.25506823731823736], [0.24144557729851848, 0.24800252525252528, 0.2541345092815681, 0.25641738816738824], [0.18784541847041847, 0.30038052225552225, 0.25667943167943164, 0.25509462759462753], [0.2395465367965368, 0.28957052669552674, 0.19087103174603165, 0.2800119047619048], [0.2828708097458097, 0.2656323815073817, 0.20268290043290044, 0.2488139083139083], [0.2803416999667, 0.2692634587634587, 0.1845161782661783, 0.2658786630036629], [0.2726710789210789, 0.2592597263847264, 0.2085472582972583, 0.25952193639693644], [0.3222503558532971, 0.2179652961417667, 0.20048146624617214, 0.2593028817587642], [0.32812649850149844, 0.24489706127206126, 0.15588924963924963, 0.2710871905871906], [0.2658372599622601, 0.32790198690198685, 0.23538690476190477, 0.17087384837384836], [0.3140813492063492, 0.3020189255189256, 0.18035821123321122, 0.2035415140415142], [0.2869184287934288, 0.2904662559662561, 0.15239255189255188, 0.27022276334776335], [0.17950946275946275, 0.28853425740925737, 0.20573477910977903, 0.32622150072150063], [0.3000160693065105, 0.21185371572871567, 0.19990131886087772, 0.2882288961038961], [0.2666649947274948, 0.238099025974026, 0.1556257215007215, 0.33961025779775766], [0.2603775252525253, 0.255863455988456, 0.2121516955266955, 0.2716073232323234], [0.301397977022977, 0.3375873709623709, 0.135768093018093, 0.22524655899655904], [0.21897050865800863, 0.3347628066378067, 0.1886725288600288, 0.2575941558441558], [0.2420883977133978, 0.37249798812298807, 0.18791600066600073, 0.19749761349761347], [0.3330804473304474, 0.24075234487734487, 0.15564682539682537, 0.2705203823953825], [0.21849555999556, 0.2614103396603397, 0.25193742368742383, 0.26815667665667675], [0.2640221445221447, 0.24646674159174167, 0.22681605894105894, 0.262695054945055], [0.29812012987012987, 0.29849891774891785, 0.17574873737373736, 0.22763221500721495], [0.3220921717171718, 0.2651227661227662, 0.12086215173715172, 0.2919229104229105], [0.2202393668423081, 0.31326626233243887, 0.1889814213564214, 0.2775129494688319], [0.26571176046176037, 0.27405587468087483, 0.20924908424908434, 0.2509832806082807], [0.2245894244644245, 0.28467242479742494, 0.24830164280164282, 0.242436507936508], [0.38633325702075716, 0.17987907925407928, 0.13321830946830945, 0.3005693542568542], [0.27103686591186604, 0.25370568320568326, 0.17972132034632032, 0.29553613053613054], [0.25245247807747817, 0.22139174714174714, 0.28126093351093356, 0.24489484126984135], [0.27084951159951165, 0.24967587641117064, 0.2086634093031152, 0.27081120268620273], [0.2608604797979799, 0.2772941919191919, 0.1817743506493506, 0.2800709776334776], [0.32475487012987014, 0.2064677128427128, 0.13116720779220775, 0.33761020923520924], [0.2565597180597181, 0.27799954906204916, 0.2162412171162171, 0.2491995157620158], [0.27653156565656567, 0.21478751803751817, 0.1741920995670996, 0.3344888167388168], [0.3192799422799424, 0.26682395382395385, 0.139045399045399, 0.2748507048507049], [0.27847514985015, 0.24007081807081826, 0.172632326007326, 0.3088217060717062], [0.27507878232878247, 0.29714416139416133, 0.1733762626262626, 0.2544007936507937], [0.24388706432456442, 0.3085467865467866, 0.1460116341991342, 0.301554514929515], [0.2609003635253635, 0.2860717754467755, 0.23384661172161172, 0.21918124930624924], [0.34841152597402597, 0.22769734105763517, 0.1540664576436635, 0.26982467532467536], [0.27429646252440365, 0.29029166666666667, 0.19355581020286905, 0.24185606060606057], [0.23457695082695074, 0.26159570984570985, 0.17806131368631367, 0.32576602564102575], [0.2603699356199355, 0.2484306110556111, 0.18392658730158729, 0.307272866022866], [0.2792549464424464, 0.3192249833499835, 0.24746617965367967, 0.15405389055389052], [0.2342516233766235, 0.3327712842712844, 0.2237283966033965, 0.20924869574869576], [0.27731980519480526, 0.3191663059163059, 0.1624819624819625, 0.24103192640692636], [0.34547736291486286, 0.32521753246753254, 0.1179072871572871, 0.21139781746031747], [0.31437874625374623, 0.21358741258741257, 0.19557900432900435, 0.2764548368298368], [0.3357256493506493, 0.2738964646464647, 0.12657792207792207, 0.26379996392496396], [0.2926731462981462, 0.2998942585192586, 0.1599480935730936, 0.24748450160950167], [0.3184972943722943, 0.2757961760461761, 0.21711940836940843, 0.1885871212121212], [0.25753077478077474, 0.26197859085359093, 0.1730345071595071, 0.30745612720612736], [0.26234857503607506, 0.23963293650793666, 0.16344327200577197, 0.3345752164502165], [0.24512774725274725, 0.35241129703629714, 0.20450124875124875, 0.19795970695970694], [0.21364280858030857, 0.28805799755799766, 0.21641842185592183, 0.2818807720057721], [0.2565260434010434, 0.2565103368853369, 0.23098273948273948, 0.2559808802308802], [0.3040471285250697, 0.24032573064190718, 0.1914700577200577, 0.2641570831129656], [0.22937880175380176, 0.1970857892107892, 0.19031318681318685, 0.3832222222222221], [0.2341987040737041, 0.2806409285159286, 0.1938942585192585, 0.291266108891109], [0.2438794955044955, 0.23068903318903317, 0.26761439948939947, 0.2578170718170718], [0.26620757020757013, 0.31902392052392065, 0.2436055194805196, 0.1711629897879898], [0.25018109668109667, 0.3320760281385283, 0.1607576659451659, 0.2569852092352093], [0.28152324064824075, 0.2321789738039739, 0.1785371434121434, 0.3077606421356421], [0.2143193542568543, 0.3026406024531026, 0.2187943722943723, 0.26424567099567087], [0.33068525918525915, 0.2794228757353759, 0.17876445082695086, 0.21112741425241435], [0.32532090132090147, 0.22271951659451664, 0.14222786935286932, 0.30973171273171274], [0.31096705255528784, 0.21959694880283112, 0.11933964646464645, 0.35009635217723445], [0.2515753968253968, 0.29597925685425697, 0.18372943722943721, 0.2687159090909092], [0.32556435231435243, 0.29315402652902656, 0.14394787157287156, 0.23733374958374964], [0.22951892551892558, 0.2924810744810745, 0.23840656565656562, 0.2395934343434343], [0.26251153013653017, 0.27699157786657785, 0.2108477633477634, 0.24964912864912864], [0.2940498390498391, 0.2866590354090354, 0.16344029581529587, 0.2558508297258297], [0.3158017607392608, 0.23261230436230435, 0.15726123876123876, 0.2943246961371962], [0.29030032467532485, 0.26212698412698415, 0.1407732683982684, 0.3067994227994228], [0.3007276334776335, 0.25408892496392504, 0.2055322871572872, 0.23965115440115434], [0.2608379190254191, 0.2765128205128206, 0.1485673701298701, 0.3140818903318904], [0.2765231435231436, 0.25632954545454556, 0.1570163586413586, 0.31013095238095234], [0.24684189421689426, 0.2577831751581752, 0.19076298701298705, 0.3046119436119437], [0.2226887626262627, 0.23406222943722946, 0.2321870490620491, 0.3110619588744589], [0.25438708513708513, 0.3033190836940837, 0.18060317460317457, 0.2616906565656566], [0.23539747752247756, 0.2752096481949425, 0.19936103112573694, 0.29003184315684316], [0.31552974109224113, 0.2937930402930403, 0.1856881313131313, 0.20498908730158732], [0.27493829781329787, 0.2818400210900211, 0.19225000000000006, 0.25097168109668105], [0.2593048340548341, 0.29660822510822515, 0.19207269119769116, 0.2520142496392496], [0.23317243867243864, 0.2772348901098901, 0.20941958041958042, 0.2801730907980908], [0.30811886724386733, 0.29403607503607504, 0.1340597041847042, 0.26378535353535354], [0.25589621489621495, 0.3255251831501832, 0.20649404068154073, 0.21208456127206132], [0.3287873376623378, 0.21545598845598854, 0.14280176767676767, 0.3129549062049063], [0.217210927960928, 0.25554154179154187, 0.21356619769119767, 0.31368133255633274], [0.25244055250305253, 0.2852782425907427, 0.16658351370851368, 0.2956976911976912], [0.2527192619472032, 0.3586158988070753, 0.14017658730158727, 0.24848825194413432], [0.24912617243867255, 0.30242844655344653, 0.18777757659007657, 0.26066780441780446], [0.31183693593987716, 0.2546799319961085, 0.158288295038295, 0.27519483702571945], [0.30246031746031743, 0.2818017676767678, 0.16833495670995668, 0.24740295815295826], [0.31209559884559884, 0.30653876678876696, 0.15273303085803086, 0.22863260350760353], [0.3151810966810966, 0.2514516594516595, 0.1395193001443001, 0.2938479437229437], [0.29405423742923736, 0.2457352092352092, 0.22330393217893219, 0.2369066211566212], [0.3398549783549783, 0.2880955245734658, 0.16005779432985315, 0.21199170274170265], [0.30668187368187366, 0.19437085137085133, 0.2032907092907093, 0.29565656565656584], [0.3157409812409813, 0.21471122994652408, 0.18299060988031574, 0.2865571789321789], [0.24557539682539684, 0.28050144300144314, 0.16269610944610943, 0.31122705072705065], [0.26214371739371733, 0.2885810994560995, 0.19504838217338222, 0.25422680097680095], [0.2913393967143967, 0.30712842712842714, 0.1460031773781774, 0.2555289987789988], [0.27618255355755356, 0.2974745670995671, 0.17333122433122428, 0.2530116550116551], [0.2361794733044734, 0.3020523088023089, 0.2148838383838384, 0.2468843795093796], [0.26138850038850053, 0.2986231962481963, 0.192083472083472, 0.24790483127983134], [0.28112409322703447, 0.3047474053724054, 0.18844938884644766, 0.22567911255411263], [0.265402090964591, 0.2859123931623932, 0.19811183261183266, 0.25057368326118334], [0.3164237914862915, 0.22372048784548787, 0.17068553668553668, 0.289170183982684], [0.28982432844932854, 0.25001677489177493, 0.1804990842490842, 0.2796598124098125], [0.31083408258408257, 0.31320104895104905, 0.16538791763791763, 0.2105769508269508], [0.3007233044733044, 0.22511766011766013, 0.18214929514929512, 0.29200974025974025], [0.3286210317460318, 0.29066883116883124, 0.12112409812409813, 0.25958603896103893], [0.23539942002442, 0.2677464479964481, 0.26280867743367753, 0.23404545454545458], [0.30859680597180605, 0.1821458125208125, 0.20584516872016864, 0.30341221278721275], [0.3114566197691197, 0.21590891053391062, 0.20966684704184704, 0.2629676226551228], [0.2801444666444667, 0.2731742979242979, 0.18890620490620497, 0.25777503052503054], [0.26237851037851034, 0.2859525474525477, 0.16450883838383842, 0.28716010378510387], [0.230442384004884, 0.2978235583860584, 0.14541275391275388, 0.32632130369630374], [0.2506389721389721, 0.25145621045621047, 0.21071681096681097, 0.28718800643800646], [0.29758152958152956, 0.2303928571428573, 0.15433531746031742, 0.3176902958152958], [0.28066040903540906, 0.23730690836940851, 0.18652131895881888, 0.2955113636363636], [0.29881664169164174, 0.26070157620157625, 0.16012283549783546, 0.28035894660894667], [0.21533361981156102, 0.32029621848739503, 0.12397979797979794, 0.340390363721246], [0.20345238095238102, 0.32358098845598854, 0.1546046176046176, 0.318362012987013]]}}