{"test": {"ids": ["112120270", "112117431", "111119340", "111116750", "111116640", "100113370", "99105921", "100111380", "102116340", "112116540", "104111380", "97107950", "111116090", "112117030", "111121351", "106116370", "109117600", "98107340", "113118820", "97110950", "102112250", "98112170", "113118810", "110118301", "97106600", "106117770", "99110050", "105120280", "107113360", "107121640", "97116500", "101111620", "111117000", "107112850", "112118930", "105118230", "111115400", "100108260", "112118161", "109118161", "113117550", "100109311", "110114610", "97107260", "105117431", "107114200", "110116300", "112119980", "109121640", "111114121", "97112830", "99111440", "103110840", "99110730", "111120591", "104116800", "112118511", "104114320", "113120830", "105119950", "110115980", "104111780", "105118171", "107120260", "111117571", "102121440", "106115120", "113119700", "113120601", "110115140", "104110960", "107113200", "107113130", "112116640", "98116500", "101111210", "97107040", "98106880", "111116170", "109114651", "109119460", "111116010", "99108890", "111116110", "98111860", "110118111", "109121351", "99107500", "111114941", "111116530", "103111990", "106119990", "100111620", "111119290", "105111990", "107120880", "112117780", "98109090", "109114270", "99107950", "112119610", "101115190", "112117660", "108118630", "112117571", "101108621", "112119950", "113119320", "113119950", "101110200", "97105451", "107117630", "102110500", "105116090", "101108460", "112116800", "111115910", "112118421", "112119120", "106113360", "113122650", "106121220", "106114150", "113120280", "98108410", "113121220", "113117340", "97105960", "112116610", "104114230", "112118471", "102112301", "110121500", "108120621", "99117740", "99111930", "107119950", "100108520", "110115250", "109114220", "105117351", "112116401"], "labels": [0, 0, 3, 3, 0, 3, 1, 3, 3, 1, 3, 2, 3, 2, 0, 2, 1, 0, 0, 3, 0, 3, 3, 1, 3, 0, 3, 3, 0, 1, 2, 3, 0, 1, 1, 1, 0, 3, 0, 0, 3, 1, 1, 2, 1, 2, 3, 0, 0, 0, 2, 3, 1, 3, 1, 1, 1, 2, 3, 3, 1, 3, 3, 1, 3, 2, 1, 0, 2, 0, 2, 0, 1, 0, 2, 2, 2, 0, 0, 3, 1, 1, 0, 3, 0, 1, 0, 0, 0, 3, 2, 0, 3, 3, 2, 1, 0, 1, 3, 1, 0, 1, 0, 1, 3, 0, 0, 1, 0, 2, 0, 0, 3, 1, 0, 0, 2, 3, 1, 0, 2, 1, 1, 0, 1, 3, 2, 2, 1, 2, 1, 1, 3, 1, 2, 1, 3, 2, 1, 3, 0, 0], "predicted_labels": [1, 3, 3, 0, 1, 1, 0, 1, 3, 1, 0, 3, 3, 3, 1, 0, 1, 2, 0, 1, 2, 3, 3, 1, 2, 3, 3, 2, 1, 0, 2, 0, 3, 1, 3, 1, 0, 0, 3, 1, 3, 3, 1, 2, 1, 3, 1, 3, 1, 1, 3, 3, 3, 3, 3, 3, 3, 0, 1, 1, 3, 1, 1, 1, 0, 1, 0, 1, 3, 3, 0, 3, 2, 3, 0, 3, 2, 2, 3, 0, 3, 1, 1, 3, 2, 3, 3, 3, 3, 1, 1, 3, 2, 3, 3, 3, 3, 2, 3, 2, 3, 1, 3, 3, 3, 3, 3, 0, 3, 1, 0, 2, 3, 1, 0, 1, 1, 0, 3, 1, 3, 0, 0, 0, 0, 3, 1, 2, 0, 2, 1, 1, 1, 1, 2, 1, 3, 0, 3, 0, 3, 0], "confidence_scores": [[0.012365063934122478, 0.538555062077908, 0.4346724352145405, 0.014407438773429052], [0.4241138809805702, 0.12699043977713764, 0.04570532412649767, 0.4031903551157947], [0.05830513784013532, 0.4733616941470734, 0.004940562240552935, 0.46339260577223845], [0.7075849032278412, 0.024931370560817276, 0.025987732885791058, 0.24149599332555044], [0.3359878938082116, 0.3593927410694079, 0.24817530454377884, 0.05644406057860164], [0.09580810834308336, 0.40638240835425066, 0.25407997696649287, 0.24372950633617332], [0.43797571737822444, 0.2583070803571193, 0.17898950588220155, 0.124727696382455], [0.25396280479493843, 0.6029724823280724, 0.02302933404616788, 0.12003537883082128], [0.05385041583002693, 0.3464291923894398, 0.2268731534081042, 0.3728472383724288], [0.0925111590269605, 0.5344143715973839, 0.01266594676042214, 0.3604085226152334], [0.5883197869769285, 0.21801345937529923, 0.1376454985190696, 0.05602125512870256], [0.08979884917872308, 0.2771993018638843, 0.1771337730884896, 0.4558680758689033], [0.4971910977197403, 0.11509106324284768, 0.047703876322795394, 0.34001396271461665], [0.06539127700447606, 0.19576784657940682, 0.12348325767998523, 0.6153576187361318], [0.2192452645424089, 0.5618660900169951, 0.05512418570901266, 0.16376445973158357], [0.6423690978242322, 0.057862092564614255, 0.06614736737016307, 0.2336214422409903], [0.3256666671079849, 0.45831014426012184, 0.06008089151673949, 0.15594229711515337], [0.03486062947287086, 0.04940635770986468, 0.7384351367650457, 0.1772978760522189], [0.72345893266647, 0.2220905479533283, 0.009050225558881244, 0.045400293821320645], [0.2731755118697536, 0.430875905140281, 0.16382185436422017, 0.1321267286257451], [0.28054492630287775, 0.04822322090729788, 0.44305051510138543, 0.2281813376884387], [0.28843787109979757, 0.24628138379721434, 0.07564526366475309, 0.3896354814382348], [0.11541015624843538, 0.09985357186607044, 0.008887006912947228, 0.7758492649725471], [0.04962701241642435, 0.8954179925625897, 0.015299091868390595, 0.03965590315259515], [0.028357467396811394, 0.19186338110056345, 0.7349838026374553, 0.04479534886517007], [0.0918028909443004, 0.31425763617338176, 0.19527605412899943, 0.39866341875331845], [0.006739313620311784, 0.06021592378918004, 0.26691551556128046, 0.6661292470292275], [0.04927002892752163, 0.259813122255075, 0.5138283418212086, 0.17708850699619497], [0.24277910553206328, 0.4267139631539891, 0.0619865569950633, 0.26852037431888437], [0.4409511085364318, 0.06350811629760982, 0.3120667501333822, 0.18347402503257593], [0.09538193035670106, 0.27051767386413833, 0.6016601083151486, 0.032440287464012396], [0.800712201658792, 0.032083490912887404, 0.05035790869826324, 0.1168463987300574], [0.26928266022586045, 0.13043523635759893, 0.1340719620201596, 0.4662101413963809], [0.08765871947205318, 0.8661689103511809, 0.028503526797280732, 0.017668843379485096], [0.49658948372018014, 0.22586455438433342, 0.006808332372198211, 0.27073762952328806], [0.05952204010150972, 0.7945623177506576, 0.01608740890503316, 0.12982823324279977], [0.6403212262864425, 0.2930082379290735, 0.053908263806327246, 0.012762271978156638], [0.50659927120619, 0.2927728549111134, 0.12030462772731951, 0.08032324615537703], [0.2888523244431712, 0.328785514123183, 0.03996731919597724, 0.34239484223766864], [0.3040097027012869, 0.6487327016960864, 0.013937022934132508, 0.033320572668494135], [0.21562757968402294, 0.23493835403956853, 0.08716989013464782, 0.46226417614176074], [0.1437487525462629, 0.22596694450172636, 0.021068034343061426, 0.6092162686089493], [0.05877819091028533, 0.371196540178169, 0.5552286840671021, 0.0147965848444435], [0.0004889110029231674, 0.00507085170542608, 0.9598080662635328, 0.034632171028117775], [0.03842965381119271, 0.60637226066318, 0.23860631873868177, 0.11659176678694591], [0.2967683598748283, 0.39501504663493514, 0.007908657864118875, 0.30030793562611774], [0.14756651372325635, 0.6858598054382216, 0.05100910864717368, 0.1155645721913488], [0.033832429998049064, 0.052848907780166134, 0.009510463472762755, 0.9038081987490222], [0.13761003954975284, 0.4578614870716241, 0.1918831051891043, 0.21264536818951868], [0.4287850853752282, 0.531968887204381, 0.007871962100832028, 0.03137406531955878], [0.19897370287654187, 0.07126652291978877, 0.3631256656874187, 0.36663410851625045], [0.23933590475287955, 0.11394585506850265, 0.1988802931667425, 0.44783794701187546], [0.14353139312290833, 0.2924969546230981, 0.30379957932422347, 0.26017207292976957], [0.14356194739160574, 0.20845603899338971, 0.39268353517009547, 0.25529847844490916], [0.31909310685718195, 0.1442690414917018, 0.03131634043714712, 0.5053215112139688], [0.11254984564995135, 0.21068312724389976, 0.10237799407521589, 0.5743890330309328], [0.14288063795172642, 0.17760774307628882, 0.19126210230452736, 0.4882495166674574], [0.5451530964503326, 0.2206316961544568, 0.20798298463769763, 0.026232222757513222], [0.18147396276844754, 0.5808864962494399, 0.0842297859275602, 0.15340975505455204], [0.1367260543576317, 0.6733824811177961, 0.0629394401117209, 0.12695202441285142], [0.2316523656858311, 0.16782086557026737, 0.059626696832333556, 0.5409000719115679], [0.048703352047231495, 0.9098312583217188, 0.013520978239930757, 0.027944411391118824], [0.12175774304307774, 0.5594800897888413, 0.019686228592807647, 0.2990759385752732], [0.23077593471938757, 0.6451811189079014, 0.07614225482723402, 0.047900691545477214], [0.44904233433883023, 0.48549627426053277, 0.013273357913045274, 0.05218803348759156], [0.05785212101621728, 0.7351672770457006, 0.10323374234644153, 0.10374685959164046], [0.46246924103366804, 0.3400171627770731, 0.004264729807325767, 0.1932488663819328], [0.08697157547724478, 0.696584851032582, 0.13403739133194684, 0.082406182158226], [0.0882396507165863, 0.2564636712893927, 0.30235111914032564, 0.3529455588536949], [0.1570196127951179, 0.11118392273284425, 0.10585723175135912, 0.6259392327206783], [0.8753511739163453, 0.05156637987984617, 0.04968569770199086, 0.023396748501817624], [0.6138904572854605, 0.019289575194392998, 0.031242926784979357, 0.33557704073516753], [0.11065505162423016, 0.09865560542263124, 0.7590830353895429, 0.03160630756359572], [0.19285999658893435, 0.22366142143188933, 0.025578210822189425, 0.5579003711569867], [0.4561025370932967, 0.18032145042935235, 0.17481066664055467, 0.1887653458367962], [0.09558588826597471, 0.25928493914028844, 0.2096480927759694, 0.43548107981776746], [0.06315282680562496, 0.2880949253932097, 0.6064879261285065, 0.04226432167265918], [0.04174943434328849, 0.05742371918077921, 0.5756275103205426, 0.3251993361553898], [0.19296555170100713, 0.3726615075243306, 0.011379338871077156, 0.4229936019035852], [0.9622115118060851, 0.006565206568371553, 0.01479738673007012, 0.016425894895473126], [0.07483670160265371, 0.2761303052586647, 0.06878412061554255, 0.5802488725231392], [0.011774345986735671, 0.7603841985618129, 0.1338603317719887, 0.09398112367946271], [0.013788762334689503, 0.8548729963321454, 0.04458688128172698, 0.0867513600514382], [0.26921370044829535, 0.07795850083669209, 0.16049972022799067, 0.49232807848702204], [0.005838833387894664, 0.10242028100864783, 0.8719402822162327, 0.019800603387224676], [0.15697318348744066, 0.3080074149090067, 0.06354321352561207, 0.4714761880779405], [0.3538870467428493, 0.2205475073611432, 0.03257083979122259, 0.39299460610478487], [0.08329532316558011, 0.17761059657048828, 0.3016212586173784, 0.4374728216465532], [0.38293914808129276, 0.18612174183272226, 0.014220954378310911, 0.4167181557076741], [0.05964300845417634, 0.8945053834285628, 0.03929919083310043, 0.0065524172841604136], [0.20060638308745385, 0.7294530270016121, 0.048147271904696844, 0.021793318006237173], [0.04884963294625853, 0.09538691617103953, 0.042107692491957394, 0.8136557583907444], [0.23888711377130492, 0.25599712364031796, 0.4297560151338744, 0.07535974745450279], [0.001987809340740331, 0.08375293468596916, 0.07999024114728427, 0.8342690148260063], [0.2595058411045497, 0.2642835132769949, 0.013157925065930805, 0.4630527205525245], [0.07530815478080574, 0.08778342718527805, 0.3792604801089679, 0.45764793792494834], [0.4207186051193713, 0.25319905695016687, 0.06118026196577193, 0.2649020759646896], [0.028062463948815092, 0.04379192629604483, 0.8258560850098168, 0.10228952474532338], [0.21229546727035772, 0.14351387689679532, 0.0931756128076404, 0.5510150430252068], [0.001482789495310855, 0.2596497251150743, 0.62137134324917, 0.11749614214044496], [0.049664983254895746, 0.21056711366392689, 0.4266362857090536, 0.31313161737212375], [0.013767108272239351, 0.4765541557367, 0.4272910508366381, 0.08238768515442248], [0.20154072610085502, 0.1925035253513945, 0.011539397069351115, 0.5944163514783993], [0.010787807857888295, 0.15729795459513543, 0.040339183807786755, 0.7915750537391896], [0.16619929913564502, 0.15644183257549132, 0.01581076346922433, 0.6615481048196392], [0.021809347874738996, 0.36100431771370756, 0.041611712773054164, 0.5755746216384992], [0.32891340542161934, 0.3121088582582775, 0.013322270578084395, 0.345655465742019], [0.5950319562490136, 0.20916769623128548, 0.008073394505781697, 0.1877269530139193], [0.509949012103929, 0.1720069821766626, 0.025201871936645248, 0.29284213378276325], [0.023679390220410775, 0.9437586779834986, 0.02353305214847271, 0.009028879647618252], [0.664649120283037, 0.21977504009690343, 0.011978465748094034, 0.10359737387196542], [0.11900166017842187, 0.1263922031534137, 0.5118700242496896, 0.2427361124184746], [0.24563226647611328, 0.08044419840569508, 0.11219011153785836, 0.5617334235803334], [0.2844968193639345, 0.33886691376342637, 0.18819945330700763, 0.18843681356563133], [0.4405948426795814, 0.34589079238914217, 0.0702769374653091, 0.14323742746596732], [0.20586939267760782, 0.449274274435904, 0.10559174464900788, 0.2392645882374803], [0.20627832864721768, 0.6161245446259707, 0.10435733488759008, 0.07323979183922165], [0.5909942014692398, 0.21761533371772449, 0.018881417691752084, 0.17250904712128373], [0.2696853414812529, 0.029999910089057856, 0.19720044519129826, 0.503114303238391], [0.260378405047746, 0.5786211996915888, 0.10318471107777195, 0.0578156841828936], [0.053856897509779025, 0.17459376225617948, 0.0731319574966602, 0.6984173827373811], [0.48166348008328136, 0.3797057480466722, 0.03509052664518002, 0.10354024522486636], [0.5452737642779067, 0.2925565224309902, 0.10982407613309585, 0.05234563715800718], [0.8100202241470182, 0.008191998739901295, 0.0017846094644186827, 0.18000316764866153], [0.45570181468906534, 0.44316916338900353, 0.03244609373372938, 0.0686829281882017], [0.02399288078687416, 0.01415978403469641, 0.0172502686947434, 0.9445970664836858], [0.05374016897567946, 0.4571397074698823, 0.3139026125917587, 0.17521751096267985], [0.06092208057774877, 0.13978437210082642, 0.4804923449092297, 0.31880120241219473], [0.5202809553384179, 0.3018878677575283, 0.1280738109802218, 0.049757365923831925], [0.018578635125448214, 0.1773224326732381, 0.6500920394729722, 0.15400689272834156], [0.23205505172705462, 0.6167927087605292, 0.07162709411430125, 0.07952514539811516], [0.20883169937807777, 0.37656211487646946, 0.3176099932776454, 0.09699619246780754], [0.3031499253545086, 0.6144792512885687, 0.016446545452611545, 0.0659242779043111], [0.35572413533326136, 0.5165931837553018, 0.03072728311845955, 0.0969553977929775], [0.11088210926148016, 0.19602286389036394, 0.47264134968895855, 0.22045367715919736], [0.0072228091941633635, 0.508328796320803, 0.3756149096061337, 0.10883348487889988], [0.11027906102527017, 0.18074455638828388, 0.08678076576453671, 0.6221956168219095], [0.39122315386437007, 0.11685785839084259, 0.3051795345128238, 0.18673945323196342], [0.22256108329345575, 0.22728902109521287, 0.10312802863618668, 0.44702186697514507], [0.5444984693403591, 0.2794356502796043, 0.05612367092315487, 0.1199422094568813], [0.3697287706233342, 0.0395443278764695, 0.059874489466565074, 0.5308524120336315], [0.9235700752442616, 0.013624702167085504, 0.0027480792934510153, 0.06005714329520186]]}, "rewritten": {"ids": ["97105451", "97105960", "97106600", "97107040", "97107260", "97107950", "97110950", "97112830", "97116500", "98106880", "98107340", "98108410", "98109090", "98111860", "98112170", "98116500", "99105921", "99107500", "99107950", "99108890", "99110050", "99110730", "99111440", "99111930", "99117740", "100108260", "100108520", "100109311", "100111380", "100111620", "100113370", "101108460", "101108621", "101110200", "101111210", "101111620", "101115190", "102110500", "102112250", "102112301", "102116340", "102121440", "103110840", "103111990", "104110960", "104111380", "104111780", "104114230", "104114320", "104116800", "105111990", "105116090", "105117351", "105117431", "105118171", "105118230", "105119950", "105120280", "106113360", "106114150", "106115120", "106116370", "106117770", "106119990", "106121220", "107112850", "107113130", "107113200", "107113360", "107114200", "107117630", "107119950", "107120260", "107120880", "107121640", "108118630", "108120621", "109114220", "109114270", "109114651", "109117600", "109118161", "109119460", "109121351", "109121640", "110114610", "110115140", "110115250", "110115980", "110116300", "110118111", "110118301", "110121500", "111114121", "111114941", "111115400", "111115910", "111116010", "111116090", "111116110", "111116170", "111116530", "111116640", "111116750", "111117000", "111117571", "111119290", "111119340", "111120591", "111121351", "112116401", "112116540", "112116610", "112116640", "112116800", "112117030", "112117431", "112117571", "112117660", "112117780", "112118161", "112118421", "112118471", "112118511", "112118930", "112119120", "112119610", "112119950", "112119980", "112120270", "113117340", "113117550", "113118810", "113118820", "113119320", "113119700", "113119950", "113120280", "113120601", "113120830", "113121220", "113122650"], "labels": [0, 2, 3, 2, 2, 2, 3, 2, 2, 0, 0, 1, 1, 0, 3, 2, 1, 0, 1, 0, 3, 3, 3, 1, 2, 3, 2, 1, 3, 3, 3, 0, 0, 2, 2, 3, 1, 3, 0, 1, 3, 2, 1, 2, 2, 3, 3, 2, 2, 1, 2, 1, 0, 1, 3, 1, 3, 3, 0, 1, 1, 2, 0, 0, 1, 1, 1, 0, 0, 2, 0, 3, 1, 1, 1, 1, 1, 3, 3, 3, 1, 0, 1, 0, 0, 1, 0, 1, 1, 3, 1, 1, 3, 0, 0, 0, 2, 1, 3, 3, 0, 3, 0, 3, 0, 3, 3, 3, 1, 0, 0, 1, 1, 0, 0, 2, 0, 3, 0, 0, 0, 3, 1, 1, 1, 1, 0, 0, 0, 0, 2, 3, 3, 0, 1, 0, 0, 0, 2, 3, 3, 2], "predicted_labels": [0, 2, 2, 1, 2, 3, 1, 3, 1, 2, 2, 1, 2, 2, 3, 0, 0, 1, 2, 1, 3, 2, 0, 2, 2, 1, 3, 3, 1, 2, 1, 0, 3, 1, 3, 0, 1, 3, 3, 1, 3, 1, 3, 1, 0, 0, 1, 2, 2, 3, 3, 3, 3, 1, 1, 1, 3, 1, 1, 0, 0, 0, 3, 3, 0, 1, 2, 3, 1, 1, 2, 3, 2, 3, 0, 3, 1, 1, 3, 0, 0, 1, 3, 3, 3, 2, 3, 3, 3, 1, 3, 1, 1, 1, 3, 0, 1, 1, 3, 3, 3, 1, 1, 0, 3, 1, 3, 3, 3, 1, 0, 1, 0, 3, 1, 3, 0, 3, 3, 3, 3, 3, 1, 3, 0, 0, 2, 3, 3, 1, 3, 3, 3, 0, 0, 1, 3, 0, 1, 1, 3, 3], "confidence_scores": [[0.4928579062506642, 0.33999953888289264, 0.019571287425688946, 0.1475712674407543], [0.06694210130854689, 0.14449919567957945, 0.5072058290230227, 0.2813528739888506], [0.05858653517940547, 0.2734311356958204, 0.5861485644081179, 0.08183376471665635], [0.11059993003095409, 0.48619134111394835, 0.36577606129305873, 0.03743266756203855], [0.0007438027934413657, 0.006993401191198625, 0.9720018840954906, 0.020260911919869454], [0.06753242910893473, 0.32145207333144304, 0.1472423067677325, 0.4637731907918899], [0.2922652360858943, 0.4492397983934567, 0.12360532154476067, 0.13488964397588832], [0.18620255354765045, 0.08520252083595574, 0.308286734037006, 0.4203081915793878], [0.19539138205153858, 0.35059942158090857, 0.42541883130283475, 0.028590365064718022], [0.041797331664492614, 0.09482760068185674, 0.6558080554406359, 0.20756701221301455], [0.017058443684368586, 0.028196160844568666, 0.756584058092005, 0.19816133737905758], [0.2578560858736249, 0.5418423222357776, 0.0241831601177388, 0.17611843177285882], [0.02130600485110508, 0.04087157928380525, 0.8423358569774201, 0.09548655888766974], [0.01304974865148697, 0.2064467776085992, 0.756886431212974, 0.023617042526939424], [0.32173369295808185, 0.1811098629238634, 0.048750218185290725, 0.44840622593276414], [0.4387207961951443, 0.273407870875863, 0.1764485842940491, 0.1114227486349438], [0.4133735735110012, 0.3713214710358851, 0.1406715999272874, 0.07463335552582634], [0.11733875991746485, 0.5219285209459851, 0.16811601069021428, 0.19261670844633605], [0.002257568963081119, 0.27620464834899267, 0.5341350049750468, 0.1874027777128798], [0.01410557023147249, 0.833363798693474, 0.05263276954337784, 0.09989786153167543], [0.03166222669382347, 0.04563122883176538, 0.08778026622688133, 0.8349262782475299], [0.09789984886763847, 0.21293379893098577, 0.4695207164124962, 0.2196456357888797], [0.5399563521207509, 0.1175053585849153, 0.1533728825317054, 0.1891654067626284], [0.008489254503149359, 0.19100810279228908, 0.6178814460049719, 0.18262119669958948], [0.05334999824997902, 0.20946036148780212, 0.5599270614091147, 0.17726257885310387], [0.322917827041917, 0.41044922008421597, 0.1027321732912857, 0.1639007795825814], [0.2463030263385556, 0.1254355226321518, 0.32353439700300507, 0.30472705402628747], [0.165963674144176, 0.2229526975441597, 0.04348934074830573, 0.5675942875633587], [0.2306078017079687, 0.6248502023454042, 0.015084254675925167, 0.1294577412707021], [0.24550324861260464, 0.2510264675627755, 0.40768663711592573, 0.09578364670869374], [0.0654831745930756, 0.40448478876560395, 0.41362608019248154, 0.11640595644883897], [0.4588752969689664, 0.27135693096948554, 0.06605389047218992, 0.20371388158935794], [0.03642419893544502, 0.36854783738772295, 0.027381779344704357, 0.5676461843321277], [0.0485021403110016, 0.9054221523012023, 0.011303827572378496, 0.034771879815417475], [0.11071823848863122, 0.34044703151584577, 0.07122709378989954, 0.47760763620562335], [0.7952858565689338, 0.04278334209011225, 0.06250042621693434, 0.09943037512401985], [0.014697111967678292, 0.47659907050753403, 0.39719176117811555, 0.11151205634667216], [0.18103744018067458, 0.08022478479095525, 0.05025968387649686, 0.6884780911518739], [0.2184890331476258, 0.054533964260502304, 0.45652526593160975, 0.27045173666026223], [0.22254147688247863, 0.3495778048207522, 0.3380260513261677, 0.089854666970602], [0.10910188112996931, 0.19750965811782245, 0.3653316099778148, 0.3280568507743934], [0.05336692586874993, 0.7470197206411877, 0.05523247437559631, 0.14438087911446618], [0.11578785260270327, 0.34377824488126135, 0.13601837141391432, 0.4044155311021209], [0.13738374115522806, 0.7986062146180635, 0.03875552072025957, 0.02525452350644867], [0.8029420457712703, 0.0798362565007345, 0.09281763144968058, 0.024404066278314537], [0.5859032634010315, 0.21168549735108597, 0.17300659750753344, 0.02940464174034899], [0.08340174574216902, 0.8610704149447053, 0.015952637763157588, 0.03957520154996779], [0.03666968373951253, 0.20607334091429258, 0.5697155115929078, 0.18754146375328704], [0.18706435772446658, 0.3117659380185045, 0.4765519487009181, 0.024617755556110607], [0.2552977512997572, 0.2609094378073495, 0.10623618309304678, 0.377556627799847], [0.2081341044085129, 0.3467586011709033, 0.013762229330154266, 0.4313450650904294], [0.149200967334292, 0.22797408731014884, 0.22936770467977066, 0.3934572406757884], [0.42664257473555256, 0.046965720515315106, 0.032722839139885114, 0.493668865609247], [0.04621295960061108, 0.6960794246591726, 0.14595600753797688, 0.11175160820223942], [0.07984750698857013, 0.5650778887393619, 0.06405707623168154, 0.2910175280403863], [0.059227482465268384, 0.8074453571542021, 0.016417256513052796, 0.11690990386747681], [0.1839751928377138, 0.39929408414587836, 0.03525430612391917, 0.3814764168924889], [0.06878292744885026, 0.3004720732777837, 0.4298441622991028, 0.20090083697426317], [0.2503361331807941, 0.4965764291056992, 0.17495100824761442, 0.07813642946589235], [0.4706510337714781, 0.3331581677849042, 0.12333896394556529, 0.07285183449805238], [0.41182156265468683, 0.3566477139786629, 0.005447708044346554, 0.22608301532230374], [0.7126733476053324, 0.053334036824412984, 0.05322906536791487, 0.18076355020234003], [0.07590717824406708, 0.2535204322170468, 0.27273332939783196, 0.39783906014105397], [0.07707958859786934, 0.10523788985190535, 0.031489491331238094, 0.7861930302189869], [0.35510986939291256, 0.3802402896940252, 0.028083286193255595, 0.23656655471980662], [0.06016757812333279, 0.8807772257899462, 0.04573554836164264, 0.013319647725078392], [0.203626766422506, 0.18281984311231103, 0.5273216668395605, 0.08623172362562236], [0.5743928829707762, 0.02661879085497013, 0.042169141390827655, 0.35681918478342617], [0.21813833462397436, 0.4133442146952977, 0.07430181149691466, 0.2942156391838132], [0.0813301723930231, 0.6573553667791251, 0.004947978413129085, 0.25636648241472315], [0.0891885450034108, 0.1064204525393482, 0.5392441927500174, 0.2651468097072237], [0.08680593026789596, 0.17724566156189214, 0.06338718431319963, 0.6725612238570124], [0.07837880798867478, 0.11456808620833785, 0.7122859072435891, 0.09476719855939829], [0.07690431511149816, 0.0846885156846303, 0.4654621132665338, 0.3729450559373378], [0.6470568228007396, 0.03607897567552057, 0.1591673944672533, 0.1576968070564865], [0.02733037229839198, 0.10271436851515342, 0.06811100913789425, 0.8018442500485605], [0.35788079362422853, 0.5429613482472502, 0.025373117703757442, 0.07378474042476373], [0.3571274037433343, 0.5424565758160288, 0.035373831530370076, 0.06504218891026682], [0.22457911531123564, 0.10017932220769686, 0.0868346197482225, 0.5884069427328449], [0.9628331347452179, 0.006004086589410856, 0.011757311354660942, 0.019405467310710082], [0.3707398107403056, 0.3622171864175544, 0.07346636331433114, 0.19357663952780896], [0.32193739645268277, 0.6333737542888931, 0.011209145102941919, 0.0334797041554824], [0.14637979516104252, 0.294491701297024, 0.07073381902008646, 0.488394684521847], [0.3055836257668001, 0.17116800516164446, 0.021119731307727, 0.5021286377638283], [0.2715287021194022, 0.367820422573997, 0.09856687267310671, 0.2620840026334936], [0.06401335511609559, 0.23553327562715115, 0.6887715167849024, 0.011681852471850834], [0.14816314611909612, 0.05403666833269864, 0.06541200419500313, 0.7323881813532022], [0.28570012864346855, 0.1229722787518752, 0.312676727343574, 0.2786508652610825], [0.11567835874525109, 0.09034813337833245, 0.06393479398317904, 0.7300387138932372], [0.10579013073484783, 0.6642646707452259, 0.11184523436470867, 0.11809996415521762], [0.29545512931913787, 0.22511593400676486, 0.04618549100359033, 0.43324344567050715], [0.07911857292499412, 0.8744064680279655, 0.009230452536100315, 0.03724450651093977], [0.21301239052542326, 0.6476149700233257, 0.02649581718156207, 0.11287682226968888], [0.28141204842524875, 0.6759961159003678, 0.010691581280983672, 0.03190025439339979], [0.5291207301571633, 0.09491257002632604, 0.01073051514152432, 0.3652361846749863], [0.5521760185781834, 0.3730632646978999, 0.06294037970602291, 0.011820337017893883], [0.22107766151620997, 0.5897268353909367, 0.13319048130710415, 0.05600502178574921], [0.030906356606405328, 0.5189328651651126, 0.20864871227495513, 0.241512065953527], [0.40797675786847176, 0.15518297724069083, 0.027676125376674705, 0.40916413951416297], [0.2229180389962717, 0.038817042325019764, 0.13075994573769995, 0.6075049729410084], [0.12991763092337894, 0.3563933974997914, 0.009085600336226891, 0.5046033712406028], [0.2455354744601219, 0.7208776071906279, 0.022434328970401263, 0.011152589378848768], [0.27214672429531794, 0.39697354737559465, 0.2761968372916887, 0.05468289103739861], [0.6651448130601032, 0.030625179823659043, 0.022139450323306394, 0.2820905567929312], [0.1623956781575253, 0.1474697121732311, 0.3664526217296564, 0.3236819879395871], [0.3469898495756169, 0.5685367743008076, 0.016262851247094583, 0.06821052487648085], [0.003885294071813438, 0.07782866592570137, 0.3514020999310958, 0.5668839400713895], [0.09602709892508335, 0.3841072584900769, 0.009575677889698766, 0.5102899646951413], [0.29319727640761456, 0.16223854503152146, 0.038441242844618896, 0.5061229357162452], [0.225912334574119, 0.6139766332159458, 0.04261862854382486, 0.11749240366611007], [0.8820092269059949, 0.013255830832840008, 0.0023393345709468534, 0.10239560769021823], [0.07993680589221387, 0.5320497268889248, 0.033731928691381044, 0.3542815385274802], [0.46641248175399724, 0.3158037683604722, 0.1544827096154305, 0.0633010402700999], [0.08900251037048161, 0.3608024219599386, 0.05212905988610967, 0.49806600778347004], [0.2038956437838249, 0.5096212998677871, 0.06541130674356145, 0.22107174960482665], [0.12670383085728984, 0.12330835974028682, 0.10195004644608811, 0.6480377629563353], [0.693280237013768, 0.2607460275864034, 0.017807164333459084, 0.028166571066369616], [0.33666122790583836, 0.22181164247497465, 0.04322015794290025, 0.3983069716762864], [0.15991611349429577, 0.2632214784471581, 0.02891718875584456, 0.5479452193027015], [0.43641462669193204, 0.15399080813163968, 0.10832431141598182, 0.3012702537604464], [0.24957380149121336, 0.37688704667474326, 0.032136815811859065, 0.34140233602218434], [0.2990227160140711, 0.23171656939768104, 0.04632476627317538, 0.42293594831507264], [0.09932777650010621, 0.7839438120861553, 0.05929744152727457, 0.057430969886463866], [0.19771273133586645, 0.12286905153720216, 0.09182406897679776, 0.5875941481501331], [0.560103313857975, 0.26005938712974586, 0.020222794141539026, 0.1596145048707401], [0.3241409210870783, 0.04571530191911045, 0.3481777511948764, 0.28196602579893504], [0.029677681016852284, 0.12196461966959762, 0.6663554579059526, 0.18200224140759766], [0.49389228368893345, 0.16376593842174894, 0.023105177532422812, 0.31923660035689505], [0.06351112774401829, 0.130674416690389, 0.016164798596257655, 0.789649656969335], [0.05409616944180775, 0.5147710599278205, 0.39608181189006997, 0.03505095874030164], [0.017408240947763762, 0.3926548593467068, 0.3084094008599362, 0.28152749884559336], [0.2130094519703973, 0.2459918795093059, 0.19652705833449985, 0.34447161018579664], [0.08555291224915113, 0.23741163374693017, 0.022494533907426957, 0.6545409200964919], [0.7056921762720988, 0.22645527989067127, 0.011116021699850846, 0.05673652213737916], [0.6540543326682955, 0.13729262360901145, 0.007387058598034679, 0.2012659851246583], [0.16500713168943842, 0.6005444959329957, 0.11517186255334474, 0.11927650982422129], [0.2768522493597851, 0.3111110899322085, 0.02899580229638994, 0.38304085841161645], [0.7785944303058611, 0.009595133469597256, 0.0019016583310576018, 0.20990877789348433], [0.049395536396996294, 0.23970479141683704, 0.3991754525193922, 0.3117242196667742], [0.10659074025812912, 0.7448801508650852, 0.060879412444813354, 0.08764969643197208], [0.05242699299731251, 0.05728658874695204, 0.04977568593124922, 0.8405107323244859], [0.14878987693382556, 0.24281860092811774, 0.1410567592438942, 0.4673347628941622]]}}