{"test": {"ids": ["106115240", "110118181", "104111880", "112120990", "103109641", "110114321", "100111380", "108121410", "108115570", "105116441", "107121700", "103113610", "100108580", "113117340", "110120700", "105120280", "108113480", "112117780", "109113931", "102113981", "98119591", "108121160", "112116990", "108114200", "97106591", "99110050", "110118740", "112116880", "108118291", "109116930", "103120531", "110116441", "104119340", "112116290", "111116530", "108118810", "101111620", "99109141", "111117480", "105114220", "98106880", "99107630", "102112030", "113119320", "104114320", "98111860", "103113210", "98108370", "106120640", "97107260", "98111231", "98107010", "110113931", "100111390", "109117110", "108118060", "107120880", "109117431", "99112641", "108115880", "101112540", "109118231", "98107210", "113120751", "111115400", "107113130", "107118820", "101114020", "113118231", "111117571", "102118380", "111116170", "98106680", "99111930", "111120320", "97112300", "112116610", "104113380", "105115900", "104114740", "111116010", "101112201", "112116640", "105116980", "105113440", "110118880", "110114920", "97109570", "111118301", "99107560", "110114561", "113120601", "109119591", "106116441", "112119580", "113122650", "108114040", "98120010", "101108290", "99108310", "104111780", "97106820", "110121170", "111116090", "111115620", "101114990", "111115910", "106114280", "107119130", "102110750", "110115710", "112118820", "112117580", "98112170", "112118421", "109115070", "107113200", "113119360", "113117630", "101113210", "112117431", "102112170", "113122320", "99114890", "113122180", "108117610", "103111930", "107118780", "100117420", "110118450", "106115120", "97114170", "113122220", "111120540", "98111670", "109117080", "105117351", "104110960", "99112840", "100116790", "110114610", "103113270"], "labels": [1, 1, 3, 2, 1, 1, 3, 0, 3, 1, 3, 2, 0, 2, 2, 3, 0, 0, 1, 1, 1, 2, 0, 0, 1, 3, 3, 0, 3, 0, 3, 3, 1, 0, 3, 1, 3, 3, 1, 3, 0, 2, 2, 1, 2, 0, 3, 1, 3, 2, 1, 3, 1, 2, 1, 1, 1, 1, 1, 3, 2, 1, 1, 1, 0, 1, 3, 3, 3, 3, 1, 0, 1, 1, 1, 2, 1, 1, 3, 2, 1, 0, 0, 0, 0, 0, 3, 0, 3, 1, 0, 2, 0, 0, 3, 2, 0, 2, 0, 2, 3, 1, 2, 3, 1, 3, 2, 3, 1, 1, 2, 0, 0, 3, 3, 0, 0, 0, 0, 3, 0, 3, 1, 2, 2, 3, 3, 1, 2, 0, 1, 2, 1, 1, 1, 1, 0, 2, 2, 2, 1, 2], "predicted_labels": [0, 1, 3, 1, 3, 1, 1, 1, 3, 1, 3, 1, 3, 3, 3, 1, 3, 3, 3, 0, 0, 3, 3, 1, 2, 3, 3, 1, 3, 0, 1, 1, 1, 1, 3, 1, 0, 0, 1, 0, 1, 3, 3, 3, 1, 2, 3, 3, 1, 2, 0, 1, 3, 1, 3, 1, 3, 3, 0, 3, 1, 1, 3, 3, 3, 2, 1, 3, 3, 3, 1, 0, 1, 0, 3, 0, 0, 3, 3, 3, 1, 0, 3, 3, 1, 0, 1, 3, 3, 1, 0, 1, 1, 3, 0, 1, 3, 2, 1, 1, 1, 1, 3, 3, 3, 1, 1, 3, 1, 1, 0, 1, 3, 0, 3, 1, 3, 3, 3, 3, 3, 0, 1, 1, 3, 3, 1, 1, 3, 1, 3, 3, 1, 0, 3, 1, 3, 3, 2, 1, 1, 3], "confidence_scores": [[0.6332639265170948, 0.24200781838425292, 0.007541055884318244, 0.11718719921433393], [0.14401117060236557, 0.5706411889606607, 0.23982735504308741, 0.04552028539388613], [0.06031718858580487, 0.37248814918209194, 0.12328961383720222, 0.4439050483949008], [0.07623276787346243, 0.5362991200734374, 0.26662866430432564, 0.12083944774877428], [0.03857371083041408, 0.2476852622034183, 0.314434295876344, 0.3993067310898237], [0.14701430228828422, 0.4564479348795397, 0.06240937976705074, 0.3341283830651256], [0.18314215594520422, 0.3790114397173796, 0.13943551735836307, 0.2984108869790529], [0.11380327656438079, 0.5502775600274512, 0.01616501145013781, 0.31975415195803], [0.02346176653138719, 0.15142503220426315, 0.4941490402459631, 0.33096416101838655], [0.21409406258856964, 0.6215410067949904, 0.018278523694665715, 0.1460864069217741], [0.10048343778135277, 0.3990024375414973, 0.08292501147362275, 0.4175891132035271], [0.05915327712152181, 0.33844912126188603, 0.486838018805713, 0.11555958281087912], [0.3576259430335977, 0.22578648601266027, 0.13240180717388264, 0.2841857637798593], [0.09114991733642905, 0.2416629217720876, 0.014189365621322001, 0.6529977952701613], [0.07168835810921399, 0.13382923237841407, 0.03877846779558371, 0.7557039417167879], [0.18123934050854726, 0.6952653359966204, 0.04174128140056297, 0.0817540420942692], [0.10874649960809231, 0.34419347013718044, 0.1570771279096273, 0.3899829023450997], [0.23263825814167288, 0.2728568233970631, 0.026584867384466786, 0.46792005107679757], [0.10828041519327296, 0.2849441029455874, 0.2682547655698584, 0.3385207162912813], [0.45613931054681517, 0.16035799837330764, 0.10309232526446241, 0.28041036581541495], [0.5174559506851643, 0.272629889448949, 0.14634941698383508, 0.0635647428820515], [0.045211365850461836, 0.3325115427397362, 0.008063734716555923, 0.6142133566932462], [0.1580626800856001, 0.1300760480587462, 0.12873465122073882, 0.5831266206349152], [0.0648240472917604, 0.5545846611374614, 0.1691992164243979, 0.21139207514638028], [0.020491818623055994, 0.14121427196926706, 0.8174174371377569, 0.020876472269920173], [0.0765799948532267, 0.11368516980649479, 0.10580179858661656, 0.7039330367536616], [0.2712296570201912, 0.1590582380166341, 0.024567806133086196, 0.5451442988300885], [0.06718497857313822, 0.54283833511792, 0.13994956319106813, 0.25002712311787356], [0.4556290084428567, 0.13835667045839728, 0.0008413241560678113, 0.4051729969426783], [0.8373878633080108, 0.05597694161583603, 0.0013933134909546083, 0.10524188158519833], [0.2925693467377279, 0.3575885767687343, 0.08325370901793852, 0.26658836747559933], [0.045849490902206906, 0.5141748035055556, 0.02267775882608396, 0.41729794676615345], [0.018874079893125884, 0.7253467699114654, 0.047481888144438975, 0.20829726205097002], [0.06408866727367231, 0.5415666153698556, 0.17302161106628872, 0.22132310629018334], [0.2654502202626697, 0.3721366893395281, 0.03473696511291407, 0.3276761252848882], [0.05178436561071344, 0.5569987755470607, 0.022636922318955824, 0.3685799365232703], [0.5068129081338276, 0.13756392702928316, 0.2273816809265808, 0.1282414839103085], [0.6091002803860305, 0.17100902943897628, 0.006956823270207874, 0.21293386690478533], [0.18494416379973153, 0.4952256204185362, 0.026856796752374994, 0.2929734190293574], [0.7225796389939338, 0.04409888973741895, 0.03066575052839839, 0.20265572074024882], [0.3046754420988839, 0.1928362290789304, 0.35565609753394817, 0.14683223128823766], [0.42659705993156555, 0.0990434490161047, 0.07996984599256496, 0.39438964505976465], [0.05841625471050515, 0.11646739584718832, 0.6454790607308599, 0.17963728871144619], [0.1930473794113617, 0.332513066773156, 0.025707484571676535, 0.44873206924380604], [0.15389706531666147, 0.28051636936153995, 0.3864436376448652, 0.1791429276769335], [0.024837480907959085, 0.06680188019040025, 0.8419392745474089, 0.0664213643542319], [0.2174905147813183, 0.17505771850137872, 0.3423877380836647, 0.2650640286336385], [0.3154677783689322, 0.22815416661146656, 0.25448444056510616, 0.2018936144544953], [0.014886773286919897, 0.6639641790889683, 0.2034701763452185, 0.11767887127889298], [0.1360667509442995, 0.08746547138276164, 0.7095100883404211, 0.06695768933251767], [0.7992702468188148, 0.053572713421297796, 0.07651720728275967, 0.07063983247712785], [0.14695692110463907, 0.37001787831799177, 0.2420524419017891, 0.24097275867558002], [0.23430580350449393, 0.17399706900996997, 0.2281311682940486, 0.3635659591914878], [0.20365478763176995, 0.1517507132294678, 0.5072144075800429, 0.1373800915587195], [0.05011169456604499, 0.36483310405573, 0.2532932662074176, 0.33176193517080743], [0.0840672840182718, 0.6610744374421633, 0.05073201123819426, 0.2041262673013708], [0.013974313216936941, 0.24374156130471814, 0.07579626921278873, 0.6664878562655563], [0.3918956788066804, 0.19900943790464312, 0.017134756890044674, 0.3919601263986316], [0.6262676734730079, 0.17343004563119457, 0.05955436732931484, 0.14074791356648253], [0.30757143129620806, 0.052802617303740834, 0.008823029009514432, 0.6308029223905366], [0.02364847290988249, 0.5238509458325523, 0.09456650593202952, 0.35793407532553606], [0.06462983413627159, 0.8720751190747511, 0.028017700863832536, 0.03527734592514489], [0.018224509614920777, 0.38022191317994486, 0.2714150319561292, 0.3301385452490054], [0.4661626511932506, 0.06894731028341358, 0.01895931091582957, 0.44593072760750624], [0.17767503898279316, 0.3674060149086331, 0.03728023803075728, 0.41763870807781694], [0.04280377477916547, 0.14141614327296764, 0.6736377983222945, 0.14214228362557224], [0.08156774825316833, 0.4099106661087843, 0.2896502972728277, 0.2188712883652196], [0.2316847325626143, 0.3002674818630283, 0.014467237425317773, 0.45358054814903964], [0.07714355265880922, 0.3987404580314221, 0.10387954608213365, 0.42023644322763504], [0.2937133143742934, 0.16365603638109547, 0.032455844444502564, 0.5101748048001087], [0.13347695512066082, 0.5468622234086212, 0.17368335246980743, 0.14597746900091046], [0.6185456499357569, 0.15683133170181432, 0.016939206950431454, 0.20768381141199727], [0.060770683734188174, 0.2755263880877221, 0.6048542339664638, 0.05884869421162565], [0.29504916437341766, 0.2376194630982054, 0.38473641282913584, 0.08259495969924112], [0.30572083148966206, 0.2104798596167139, 0.09282369565184045, 0.3909756132417834], [0.4152080485742313, 0.04280252441183752, 0.4008675783654359, 0.14112184864849536], [0.5805106684802139, 0.16858419485981535, 0.03685188709919571, 0.21405324956077543], [0.2173970903430248, 0.1492900117936452, 0.10146602708032228, 0.5318468707830079], [0.26294630660941626, 0.35643094719825014, 0.039718436942012283, 0.34090430925032106], [0.06542147902736128, 0.2675346584179775, 0.23656002693680966, 0.43048383561785103], [0.07803597253825865, 0.44817386513907165, 0.12862289054027354, 0.3451672717823959], [0.9062812832327345, 0.05524266881029295, 0.00954941823861352, 0.02892662971835896], [0.06257498920305134, 0.3796832285472952, 0.058200379439363174, 0.4995414028102903], [0.14860878011755382, 0.3441852955205863, 0.0017223283529051883, 0.5054835960089544], [0.06821300804954715, 0.6355638986177847, 0.12869768796891995, 0.16752540536374844], [0.5248709142734984, 0.14625734467361157, 0.0021775622801294067, 0.3266941787727605], [0.08526886336436541, 0.7485121265584637, 0.03981988343985994, 0.12639912663731118], [0.5343248529618112, 0.014619117099747506, 0.022083926478289523, 0.42897210346015174], [0.2340423457448688, 0.299225209891073, 0.10554692153298602, 0.3611855228310719], [0.21097259397396734, 0.6672141314176138, 0.055417880313610154, 0.06639539429480859], [0.5154837852977352, 0.08438211343983144, 0.2869219006993252, 0.11321220056310806], [0.061761401643195664, 0.37249553131568025, 0.4416462888296258, 0.12409677821149821], [0.13476527290668663, 0.4872132946731748, 0.22699014335161508, 0.15103128906852367], [0.10403980272855169, 0.38289131025386175, 0.026829524309676066, 0.4862393627079106], [0.7585750434458666, 0.03911174765809772, 0.047346857911672695, 0.15496635098436315], [0.04716863073515391, 0.17508289383212455, 0.6357382456905994, 0.14201022974212196], [0.05309908399835453, 0.26751928665101926, 0.2091019703733136, 0.4702796589773124], [0.03342478794890266, 0.026380719072748506, 0.7651549436434436, 0.17503954933490518], [0.298109024284095, 0.34754611485869963, 0.16728623491499325, 0.1870586259422122], [0.2042408969772124, 0.41895938678823513, 0.29582127167269845, 0.08097844456185423], [0.3082434641098143, 0.5560110663028534, 0.03322258388970365, 0.10252288569762874], [0.16951761150922454, 0.42915016673165646, 0.12161280077243643, 0.27971942098668295], [0.17803658779893775, 0.13018627232604574, 0.028253999702157768, 0.6635231401728587], [0.30772517372533026, 0.050772542387285055, 0.001276701524686901, 0.6402255823626973], [0.04056215491175009, 0.10719186600591685, 0.13800078115375503, 0.7142451979285783], [0.11058234207131332, 0.4484501433028207, 0.32210508691751377, 0.11886242770835231], [0.034026576654906084, 0.7082160922981546, 0.06056026624831949, 0.1971970647986195], [0.2746258166342279, 0.2337141183323725, 0.09544308301669609, 0.39621698201670325], [0.042530759668371235, 0.4462163836775566, 0.4126867018701019, 0.09856615478397018], [0.005356449215412727, 0.4398960881657283, 0.5359483537976645, 0.018799108821194347], [0.4764090626602819, 0.2498666733682977, 0.09208146189186267, 0.18164280207955774], [0.3399716263906461, 0.4883586493357145, 0.010868671670745868, 0.1608010526028934], [0.1576206405640451, 0.2898320545420689, 0.0145534197052716, 0.5379938851886147], [0.8041607961594764, 0.00432355175123416, 0.03796902865297834, 0.1535466234363112], [0.107255144217043, 0.07142844643637843, 0.006361262299264757, 0.8149551470473139], [0.11834298691083041, 0.741891533036644, 0.02722728148431759, 0.11253819856820774], [0.48708087371028824, 0.13930103976919841, 0.002732752329051334, 0.3708853341914617], [0.07149264026002938, 0.0940621842045402, 0.07387124895917468, 0.7605739265762557], [0.17514064856291559, 0.12398078440580747, 0.25718673394866454, 0.44369183308261245], [0.18879440087458874, 0.09167923170248533, 0.2064836991005537, 0.5130426683223723], [0.412678649605315, 0.25637856708924667, 0.008847033422182557, 0.3220957498832557], [0.6768423865682583, 0.07206429834167018, 0.13416431776565269, 0.11692899732441871], [0.0175308341947381, 0.4947478057633138, 0.17037127277433037, 0.317350087267618], [0.010311495110004329, 0.6398302801857071, 0.04719373970014835, 0.3026644850041403], [0.021151439977472986, 0.30499314316722836, 0.3123897949500194, 0.3614656219052788], [0.03249285405036427, 0.25510491337158936, 0.0728019915789838, 0.6396002409990625], [0.20503546635310765, 0.47485721278876447, 0.1271578449355574, 0.19294947592257045], [0.2807127111447524, 0.41744550703700833, 0.06368604794735756, 0.23815573387088174], [0.2018507037387489, 0.27914682809505004, 0.12734684259559884, 0.3916556255706023], [0.04731505638417191, 0.7569267288090014, 0.11430279172965899, 0.08145542307716774], [0.146893495931478, 0.08633723106308308, 0.004814408791356639, 0.7619548642140822], [0.022385535650027013, 0.14339995735693853, 0.4652427203725518, 0.3689717866204825], [0.09801532398829432, 0.7468891355391547, 0.037675343603378104, 0.11742019686917307], [0.5674227848018002, 0.3574060966256877, 0.02778463907575604, 0.0473864794967563], [0.40373884074678085, 0.16025769528402176, 0.08165470204974629, 0.35434876191945136], [0.005115769521087011, 0.9641008085276699, 0.006138089110915361, 0.024645332840327733], [0.44643971402100924, 0.14361947477789339, 0.00785442122700042, 0.402086389974097], [0.09994452777867271, 0.34875565359718796, 0.17946161272304342, 0.3718382059010959], [0.06890068732473621, 0.07156143839038061, 0.7378354352339271, 0.12170243905095601], [0.03775126389651916, 0.8573983390117086, 0.05965175198809693, 0.04519864510367509], [0.2382009724602852, 0.32975824067982284, 0.2168919574526839, 0.2151488294072083], [0.07983992791195912, 0.23606722530118487, 0.3323101759428059, 0.3517826708440496]]}, "rewritten": {"ids": ["97106591", "97106820", "97107260", "97109570", "97112300", "97114170", "98106680", "98106880", "98107010", "98107210", "98108370", "98111231", "98111670", "98111860", "98112170", "98119591", "98120010", "99107560", "99107630", "99108310", "99109141", "99110050", "99111930", "99112641", "99112840", "99114890", "100108580", "100111380", "100111390", "100116790", "100117420", "101108290", "101111620", "101112201", "101112540", "101113210", "101114020", "101114990", "102110750", "102112030", "102112170", "102113981", "102118380", "103109641", "103111930", "103113210", "103113270", "103113610", "103120531", "104110960", "104111780", "104111880", "104113380", "104114320", "104114740", "104119340", "105113440", "105114220", "105115900", "105116441", "105116980", "105117351", "105120280", "106114280", "106115120", "106115240", "106116441", "106120640", "107113130", "107113200", "107118780", "107118820", "107119130", "107120880", "107121700", "108113480", "108114040", "108114200", "108115570", "108115880", "108117610", "108118060", "108118291", "108118810", "108121160", "108121410", "109113931", "109115070", "109116930", "109117080", "109117110", "109117431", "109118231", "109119591", "110113931", "110114321", "110114561", "110114610", "110114920", "110115710", "110116441", "110118181", "110118450", "110118740", "110118880", "110120700", "110121170", "111115400", "111115620", "111115910", "111116010", "111116090", "111116170", "111116530", "111117480", "111117571", "111118301", "111120320", "111120540", "112116290", "112116610", "112116640", "112116880", "112116990", "112117431", "112117580", "112117780", "112118421", "112118820", "112119580", "112120990", "113117340", "113117630", "113118231", "113119320", "113119360", "113120601", "113120751", "113122180", "113122220", "113122320", "113122650"], "labels": [1, 1, 2, 0, 2, 2, 1, 0, 3, 1, 1, 1, 1, 0, 3, 1, 2, 1, 2, 2, 3, 3, 1, 1, 2, 2, 0, 3, 2, 2, 2, 0, 3, 0, 2, 3, 3, 3, 1, 2, 3, 1, 1, 1, 3, 3, 2, 2, 3, 2, 3, 3, 1, 2, 2, 1, 0, 3, 3, 1, 0, 0, 3, 3, 1, 1, 0, 3, 1, 0, 1, 3, 1, 1, 3, 0, 0, 0, 3, 3, 3, 1, 3, 1, 2, 0, 1, 0, 0, 1, 1, 1, 1, 0, 1, 1, 0, 1, 3, 2, 3, 1, 0, 3, 0, 2, 2, 0, 1, 2, 1, 3, 0, 3, 1, 3, 3, 1, 1, 0, 1, 0, 0, 0, 0, 0, 0, 3, 0, 3, 2, 2, 0, 3, 1, 0, 2, 1, 2, 1, 1, 2], "predicted_labels": [3, 1, 0, 0, 0, 3, 2, 0, 3, 1, 0, 0, 3, 2, 0, 1, 0, 1, 3, 1, 0, 1, 0, 1, 2, 1, 3, 1, 3, 0, 3, 0, 3, 3, 1, 3, 1, 1, 1, 3, 0, 0, 3, 0, 3, 3, 3, 2, 3, 1, 1, 1, 0, 3, 1, 1, 1, 0, 2, 0, 3, 3, 0, 3, 0, 0, 3, 1, 2, 3, 0, 3, 2, 0, 3, 3, 3, 3, 3, 0, 3, 1, 3, 1, 3, 1, 3, 1, 0, 1, 1, 3, 0, 3, 1, 3, 0, 1, 1, 0, 3, 3, 1, 3, 1, 3, 3, 3, 3, 1, 3, 0, 0, 1, 3, 0, 0, 0, 0, 1, 3, 3, 1, 0, 1, 3, 1, 3, 3, 3, 3, 3, 3, 3, 3, 3, 1, 3, 3, 1, 3, 3], "confidence_scores": [[0.1623184277219937, 0.4044832125157858, 0.04737917408345115, 0.38581918567876944], [0.03348880660893765, 0.4495571875655681, 0.3409708820108197, 0.17598312381467435], [0.2723986406885629, 0.08113439327258173, 0.575785463575715, 0.07068150246314084], [0.70462263818827, 0.041880814932759955, 0.1258245498875528, 0.12767199699141704], [0.6265995752717948, 0.05291982916676194, 0.19920583763326483, 0.1212747579281786], [0.07407517816110795, 0.10768816058029172, 0.42628750038126095, 0.3919491608773396], [0.07595582060073788, 0.10477440336171114, 0.7753994126512169, 0.04387036338633369], [0.2682260013370388, 0.15367339152237616, 0.4786662320901765, 0.09943437505040881], [0.017026108056543865, 0.07244508679605888, 0.6634445718952021, 0.24708423325219506], [0.007868794245851834, 0.2907834588422434, 0.47827397427226936, 0.22307377263963551], [0.3019395527268155, 0.19212331359887908, 0.3334368065170773, 0.172500327157228], [0.7858384259187867, 0.05727411361003876, 0.07526200775942744, 0.08162545271174708], [0.195069505910203, 0.2213028546670491, 0.3180177841107266, 0.2656098553120216], [0.05582359736544593, 0.15241388737513578, 0.6860511637672145, 0.10571135149220369], [0.9175897617866329, 0.005274552726229666, 0.0016935199586981412, 0.07544216552843967], [0.1672407896506596, 0.5327528272913239, 0.12081368690742636, 0.17919269615059003], [0.30613354553989486, 0.143242596740387, 0.4239857643789026, 0.1266380933408154], [0.34381823897324254, 0.3225517961386907, 0.2074265293730005, 0.12620343551506646], [0.19539997089069364, 0.19282035704224246, 0.0951716937581592, 0.5166079783089047], [0.07189916620598262, 0.256839466763881, 0.5582499609848176, 0.113011406045319], [0.5303549936762757, 0.35167890602942065, 0.027116840900805735, 0.09084925939349808], [0.05907249462220974, 0.5549405993951525, 0.1585151894842302, 0.22747171649840728], [0.5281385795567228, 0.18897291304612074, 0.14967433849448497, 0.13321416890267165], [0.40237624661660765, 0.28234787677308437, 0.09171923078599747, 0.22355664582431048], [0.052861626890240695, 0.09664213850791817, 0.701227398109731, 0.14926883649211026], [0.014177413695631642, 0.21813233752109806, 0.651263220896354, 0.11642702788691661], [0.4198321091401325, 0.07609272379961081, 0.22089852916648398, 0.2831766378937728], [0.13944715276761888, 0.40610675490518383, 0.1480357400010657, 0.30641035232613173], [0.022965351164178558, 0.050013575330832546, 0.735100053421872, 0.1919210200831166], [0.862644033421168, 0.06884706093605776, 0.021735151074938286, 0.046773754567835904], [0.0695401582902419, 0.24506915279576405, 0.04918652296991929, 0.6362041659440746], [0.800912737481087, 0.022789779902082502, 0.015751112546128612, 0.16054637007070197], [0.14058793986145837, 0.042637503288907065, 0.35115726486885335, 0.4656172919807811], [0.24029016988663746, 0.3196114273931266, 0.1526682770822349, 0.2874301256380013], [0.0666651250683871, 0.21385435588423984, 0.48717095616295386, 0.23230956288441887], [0.3306989673032591, 0.1309463722967893, 0.0709709664764445, 0.4673836939235068], [0.16228661972458047, 0.47367237814487045, 0.04192368117579316, 0.3221173209547557], [0.03468567877457191, 0.4798634625360286, 0.32581496030146534, 0.159635898387934], [0.013981918261981875, 0.8007864787115916, 0.1560459391722828, 0.02918566385414376], [0.07874851205816558, 0.06907480553012645, 0.666488663659291, 0.18568801875241708], [0.8224075053821143, 0.010826316408093693, 0.029805546928314088, 0.13696063128147806], [0.9743488091595238, 0.01479728283652205, 0.0002403014274521155, 0.010613606576501648], [0.011924237621815967, 0.30597763962869906, 0.21148184113248913, 0.4706162816169956], [0.45484767511477675, 0.30206498423775274, 0.019813595822139603, 0.22327374482533088], [0.048862173570655774, 0.3874394782671955, 0.227784125705118, 0.3359142224570307], [0.21383231005232342, 0.08385501819618661, 0.37494473879547036, 0.32736793295601957], [0.07533239247675824, 0.14137754792431537, 0.31437964155150144, 0.4689104180474251], [0.04995280420530247, 0.056297884513533764, 0.7594798889479872, 0.13426942233317649], [0.4801450505652848, 0.07876681110203948, 0.12412801072040112, 0.3169601276122745], [0.08311158885085847, 0.3432988685254772, 0.4505014113565726, 0.12308813126709157], [0.15126793781006956, 0.38930960098958384, 0.34604113429256683, 0.11338132690777988], [0.37544770763810675, 0.4338908482582774, 0.019620348529153078, 0.17104109557446273], [0.7508742909396647, 0.062458455337175665, 0.03119978226190728, 0.15546747146125256], [0.09319972358325387, 0.16380688038846275, 0.20933469681709665, 0.5336586992111862], [0.206337401451175, 0.20105268254963102, 0.40896521191973706, 0.18364470407945674], [0.046082355085944576, 0.4531407607782533, 0.364937314350608, 0.1358395697851947], [0.032889549956975676, 0.6590819043298317, 0.07440855967120917, 0.23361998604198367], [0.6094840680096715, 0.1284181262924499, 0.1599667500337625, 0.10213105566411616], [0.030001775725224125, 0.06372454754725834, 0.7560411956850135, 0.15023248104250392], [0.23791970405681453, 0.16720168497461016, 0.4836424890083878, 0.11123612196018758], [0.1995222954521618, 0.33427288337504985, 0.010876065097512684, 0.45532875607527545], [0.4098291450013851, 0.2273114837857599, 0.02315216473947653, 0.33970720647337826], [0.24156263600872963, 0.13519857241631944, 0.44291921270742435, 0.18031957886752617], [0.24966174227024854, 0.1814174910078032, 0.09971738429970733, 0.46920338242224086], [0.8013872574528703, 0.07567521333530838, 0.0002528483513916014, 0.12268468086042954], [0.8963846914006158, 0.040682428047436166, 0.002921366701364766, 0.06001151385058321], [0.19341993784338324, 0.15782568744387093, 0.127648663774744, 0.5211057109380018], [0.006486717873628417, 0.22343307737607934, 0.715539255300118, 0.05454094945017413], [0.01813350153078018, 0.029984524284963877, 0.9117721848741503, 0.04010978931010558], [0.1209334422963988, 0.3131146461168903, 0.00403912205913186, 0.561912789527579], [0.5774919993657364, 0.13719307133076858, 0.0234494415679179, 0.2618654877355768], [0.03590461965830759, 0.3604458811673371, 0.183529819761624, 0.4201196794127311], [0.03594091842580259, 0.10239712723859576, 0.7638328660038465, 0.09782908833175528], [0.50510023354968, 0.11595869556441539, 0.15403447887408991, 0.22490659201181457], [0.09306263825594824, 0.23674005153103575, 0.3598750714417322, 0.31032223877128357], [0.028876674907501208, 0.262224611886807, 0.23405542954064573, 0.4748432836650461], [0.09188990170476898, 0.1701257426209625, 0.5386710596134816, 0.19931329606078693], [0.053848286716660546, 0.29279152832743477, 0.1485134189144056, 0.5048467660414994], [0.022870639644299643, 0.20642708655566888, 0.5456914634111156, 0.22501081038891582], [0.6532808019176737, 0.14003959435576818, 0.04936401775985737, 0.15731558596670125], [0.10517165956761121, 0.19180429652675404, 0.10208749464691094, 0.6009365492587236], [0.165737886342085, 0.5122338069225526, 0.09857319978446369, 0.22345510695089849], [0.33890394249853234, 0.1960525672889509, 0.00181047032581518, 0.46323301988670135], [0.1186974295738595, 0.469994955231576, 0.003910992681824258, 0.4073966225127405], [0.1715660837657354, 0.26970978470464646, 0.10009348706994761, 0.45863064445967056], [0.1493030264408374, 0.5396809956471245, 0.05160971085265714, 0.2594062670593808], [0.029680211117276433, 0.15442420512597593, 0.34805630619092126, 0.4678392775658262], [0.221610222428889, 0.5646177395540347, 0.11265186888492502, 0.1011201691321506], [0.8861939315514673, 0.04882394720476452, 0.0010623355843191633, 0.0639197856594489], [0.18702619524480632, 0.7036404644789743, 0.04454539089857299, 0.06478794937764683], [0.033880920518262164, 0.5845043122910293, 0.17027750101507444, 0.21133726617563445], [0.08234521545458613, 0.16259691559703923, 0.09809250812375374, 0.6569653608246213], [0.698163569802436, 0.0916890719332072, 0.003402146415779297, 0.20674521184857725], [0.1924965725516721, 0.19926077442870171, 0.14426353271888312, 0.4639791203007429], [0.2614922834784135, 0.3376380200941917, 0.11746501528778446, 0.2834046811396102], [0.06795420357879872, 0.30688838556479414, 0.0341854758385092, 0.5909719350178979], [0.9059548369213505, 0.009598381436806977, 0.005330652672556977, 0.07911612896928563], [0.2846016220960953, 0.46346724281233653, 0.13073936968911903, 0.1211917654024492], [0.03589969064213954, 0.7634851681612862, 0.019817005795097785, 0.1807981354014767], [0.6033201030559902, 0.10539903256965232, 0.042745978846500665, 0.24853488552785702], [0.15889202993874554, 0.31274225600454597, 0.13046941354979572, 0.3978963005069129], [0.23896730206123945, 0.1404569652447106, 0.4371030350943356, 0.18347269759971427], [0.036604747156913905, 0.7198743817247469, 0.15108858565135316, 0.09243228546698579], [0.2626299990651554, 0.22313650965709403, 0.026845551126819123, 0.4873879401509317], [0.08761071382189345, 0.6861648884938355, 0.0017770721707367728, 0.2244473255135343], [0.19883727440886725, 0.14849736733117527, 0.21523708331781133, 0.4374282749421462], [0.12339298326255721, 0.06423359383033465, 0.24386701180852316, 0.568506411098585], [0.4094717267403486, 0.19802902233961442, 0.0850602497262766, 0.3074390011937609], [0.008734462909507594, 0.09486779171211793, 0.31478422148867374, 0.5816135238897007], [0.08423500876125259, 0.5557658737288299, 0.12939716771378146, 0.23060194979613557], [0.058021421101843454, 0.21451229403820035, 0.16358436199095627, 0.563881922869], [0.8977666688825177, 0.02507991669588901, 0.00024033951852604215, 0.07691307490306706], [0.5901443833722343, 0.0971669540747049, 0.1148286109394537, 0.19786005161360715], [0.35398692423005484, 0.29985771261007765, 0.13167902716580188, 0.21447633599406582], [0.18719997686909481, 0.37458429980170266, 0.06779923096304588, 0.37041649236615665], [0.5135085410354192, 0.31658057904786, 0.017361496791830903, 0.15254938312488972], [0.8017425219481482, 0.10335943426033156, 0.002720212727537311, 0.09217783106398303], [0.3651550426645476, 0.22433599481575567, 0.22886569506938767, 0.18164326745030893], [0.24698008315381276, 0.13368648659219592, 0.5787357304710562, 0.040597699782934885], [0.0797526694805663, 0.43537275887496557, 0.13151856393377603, 0.3533560077106922], [0.36191866619251534, 0.22105463476001364, 0.008706402870203122, 0.4083202961772681], [0.13539650418357457, 0.22190277192052354, 0.2493262759678905, 0.3933744479280117], [0.09502374100655848, 0.22948109098808273, 0.508043292925487, 0.16745187507987155], [0.7567092134609307, 0.09914087239651509, 0.03657879796458019, 0.10757111617797396], [0.33828049561728585, 0.568450469427298, 0.0227478884838323, 0.07052114647158357], [0.36382060332427263, 0.21630861156138953, 0.009766963075296547, 0.4101038220390412], [0.10277510479146808, 0.5796992788370253, 0.015687290547942975, 0.3018383258235638], [0.10659334926778505, 0.05928746366892472, 0.027857199922462567, 0.8062619871408276], [0.22574663211064194, 0.2773034314283842, 0.019175966337618464, 0.47777397012335493], [0.30873065471571126, 0.12186430112986138, 0.283870137564152, 0.28553490659027525], [0.24056781637222083, 0.33079616690067554, 0.11448050423662383, 0.3141555124904799], [0.01843522717399206, 0.2085702258948491, 0.14892972735000118, 0.6240648195811576], [0.10207552085123012, 0.3068242521614755, 0.2064810886875577, 0.3846191382997365], [0.12457319009802319, 0.16955389389145864, 0.24325288203317125, 0.46262003397734686], [0.16357286567346332, 0.2712809897240498, 0.1282016187488233, 0.43694452585366333], [0.03985067688325305, 0.3438677496596284, 0.07754461994077405, 0.5387369535163442], [0.2530726406901605, 0.2861617220419889, 0.3191744313997315, 0.14159120586811913], [0.15487547270515323, 0.18868302553356067, 0.2035065593495084, 0.4529349424117777], [0.07909821781929137, 0.14631454974381244, 0.1081669889546581, 0.666420243482238], [0.033029558578201945, 0.7778857287636223, 0.06282943129884559, 0.12625528135932995], [0.06411732795816748, 0.21356789389859737, 0.05309027220693633, 0.6692245059362991], [0.22717089796063342, 0.08128638517955657, 0.3684103520619041, 0.32313236479790597]]}}