{"test": {"ids": ["98110230", "106114011", "111119930", "102112030", "100108080", "113122150", "108117610", "112117660", "111119290", "106116820", "99120010", "109117630", "109120560", "106117650", "102118380", "106121220", "105116501", "110117200", "101115190", "107114110", "102110050", "112117461", "100109890", "110115710", "100107920", "110120560", "97116401", "113121190", "105116650", "97113900", "97116410", "112119450", "99108000", "111120591", "104113000", "98116500", "109119010", "99109161", "103113260", "106114150", "101112160", "101112540", "109113931", "98107340", "99112531", "113120280", "110118161", "110117140", "103109641", "112118550", "97105451", "100108260", "97107681", "97116800", "111115620", "113120591", "113120780", "110120531", "100109000", "107116340", "97111790", "99109860", "110114920", "99116500", "104113380", "109114270", "107114140", "99110050", "109114651", "102121700", "109115070", "111118910", "111115770", "105121190", "99109370", "110115890", "102108621", "105118230", "107115250", "108117720", "113121680", "113120260", "108118060", "103120780", "101121640", "97116790", "101119030", "99119830", "101112690", "97107920", "100110260", "107118820", "113120830", "102113350", "106115250", "103111170", "107112850", "97110950", "100120010", "109114720", "106120640", "106118820", "112120290", "104110960", "109120621", "108118520", "100111380", "112120630", "112120540", "105116441", "105113480", "110118880", "98108580", "110115140", "97112290", "99109311", "107119950", "97106600", "111119580", "99112641", "105119550", "108115250", "108120260", "99121440", "101110200", "112116501", "111120190", "98109570", "108114180", "106113190", "99111340", "98107010", "111121190", "101108500", "98106560", "108116120", "108113740", "97109570", "112120990", "111117000", "105113260", "104118070"], "labels": [3, 1, 1, 2, 0, 2, 3, 0, 3, 1, 2, 0, 1, 1, 1, 1, 1, 3, 1, 1, 3, 0, 3, 2, 0, 0, 3, 1, 1, 2, 3, 3, 2, 1, 1, 2, 3, 3, 3, 1, 3, 2, 1, 0, 3, 0, 0, 3, 1, 3, 0, 3, 3, 0, 1, 0, 0, 0, 1, 3, 2, 2, 3, 2, 1, 3, 2, 3, 3, 1, 0, 0, 3, 2, 1, 2, 3, 1, 2, 1, 1, 3, 1, 1, 2, 2, 3, 1, 1, 0, 3, 3, 3, 3, 2, 2, 1, 3, 0, 0, 3, 3, 1, 2, 1, 0, 3, 3, 3, 1, 0, 0, 0, 0, 1, 1, 3, 3, 3, 1, 1, 1, 1, 2, 2, 3, 3, 1, 1, 0, 1, 3, 1, 3, 1, 1, 3, 0, 2, 0, 3, 2], "predicted_labels": [0, 1, 0, 1, 1, 3, 3, 3, 3, 0, 2, 1, 2, 1, 1, 0, 0, 0, 1, 3, 1, 3, 2, 1, 3, 0, 2, 3, 0, 1, 2, 3, 1, 0, 0, 0, 1, 0, 1, 0, 3, 3, 0, 2, 0, 0, 3, 1, 3, 3, 0, 0, 2, 0, 0, 0, 1, 0, 3, 0, 3, 1, 1, 1, 2, 3, 1, 3, 0, 1, 1, 0, 3, 2, 3, 1, 0, 1, 1, 3, 1, 2, 3, 1, 1, 2, 3, 3, 1, 0, 0, 0, 1, 2, 1, 3, 1, 1, 2, 2, 1, 3, 2, 0, 0, 1, 1, 3, 3, 1, 3, 3, 0, 3, 3, 2, 3, 2, 0, 0, 1, 2, 1, 1, 1, 3, 1, 3, 3, 0, 3, 2, 3, 1, 3, 0, 0, 1, 1, 3, 3, 2], "confidence_scores": [[0.48139044893996447, 0.15117697733483895, 0.14481265213205763, 0.22261992159313906], [0.5174654946179587, 0.3827974194398362, 0.06447688358524119, 0.035260202356964046], [0.656966024748296, 0.14743206520226823, 0.05572000811964674, 0.13988190192978914], [0.07665616078289053, 0.7626911206291921, 0.13300590428304168, 0.027646814304875592], [0.04170082476904637, 0.6473873642051813, 0.030771915362812173, 0.28013989566296016], [0.19122112975784789, 0.1071069256719989, 0.12256288038568641, 0.5791090641844664], [0.48360588483013184, 0.01991016470413713, 0.005448481659361003, 0.49103546880637006], [0.3336212199958317, 0.08430034366486554, 0.05824549413958018, 0.5238329421997221], [0.018125723810038328, 0.18849162840524977, 0.1129247950308015, 0.6804578527539107], [0.7573594329325308, 0.06705736948658361, 0.0335330479662129, 0.1420501496146726], [0.05517549804676849, 0.04212475580029102, 0.8690069637879769, 0.033692782364963564], [0.36654061371952523, 0.5367260632200704, 0.07100007266114403, 0.025733250399260436], [0.02166297437345151, 0.2233196363075801, 0.5507181475038424, 0.2042992418151257], [0.16934337004006592, 0.5434023935465464, 0.10937010770897099, 0.17788412870441658], [0.05609187164698693, 0.42135651997565315, 0.36636332466136146, 0.15618828371599872], [0.5758617825631813, 0.07598136126286005, 0.28966726368090007, 0.05848959249305832], [0.6750278093532749, 0.08021734091989344, 0.00715679985089748, 0.23759804987593433], [0.6958952122427553, 0.05918369427614262, 0.03170562455275787, 0.21321546892834425], [0.011670790311572758, 0.6097968473581734, 0.2692624245657689, 0.10926993776448475], [0.020262523393522008, 0.0267712195370309, 0.12645237358552494, 0.8265138834839224], [0.23591400568348073, 0.3389474761904999, 0.24544143593764525, 0.17969708218837419], [0.2599525575921834, 0.014774921699332165, 0.01265989431807027, 0.712612626390414], [0.13356120058220486, 0.17347459801445989, 0.601970736521962, 0.09099346488137278], [0.2659911902739348, 0.25145342556699335, 0.24118097329540258, 0.2413744108636693], [0.20032495527973268, 0.08458823452764073, 0.061795239512443007, 0.6532915706801836], [0.46051629168923114, 0.07811667256697127, 0.2919807345139673, 0.16938630122983012], [0.17991689226548155, 0.2361957235104442, 0.4904746022038295, 0.09341278202024442], [0.4009278218593129, 0.14739043499735266, 0.04157267049747943, 0.410109072645855], [0.41615273596979, 0.16276948106356723, 0.3039719858920205, 0.11710579707462238], [0.18562601192615552, 0.45879130575982113, 0.30400221517866494, 0.05158046713535853], [0.16954389749832566, 0.23186558437681487, 0.4643374705508795, 0.1342530475739799], [0.07035609054822428, 0.012306335496471739, 0.008750288511770562, 0.9085872854435336], [0.03612278975778046, 0.35363694984000593, 0.2884459562946848, 0.32179430410752885], [0.6251977759326109, 0.06276300326148879, 0.029023437222627742, 0.2830157835832723], [0.8114316319360336, 0.009406379609894908, 0.05423851563662449, 0.1249234728174471], [0.4902595457197932, 0.0842321136860034, 0.2504019893951927, 0.17510635119901075], [0.08330670614877318, 0.2445371774984214, 0.3751004260576415, 0.29705569029516415], [0.7467055422738234, 0.15541220024925237, 0.08205148934567352, 0.015830768131250603], [0.06446597135739837, 0.6357590557029134, 0.135521774970129, 0.1642531979695592], [0.598934550513984, 0.24851550219769653, 0.09624972103985702, 0.05630022624846242], [0.012702051739616185, 0.022948895908831368, 0.5068796810545865, 0.4574693712969661], [0.059329331934669646, 0.18945868572622826, 0.40536130312255547, 0.34585067921654655], [0.6269891442893755, 0.16320680630378417, 0.010990831207914817, 0.19881321819892586], [0.040390601391963606, 0.03640737547132523, 0.6335904702058944, 0.2896115529308167], [0.6295505032289552, 0.13309169990395217, 0.03010831885412496, 0.2072494780129672], [0.7772892079898069, 0.007371500749256467, 0.01136681580315329, 0.20397247545778313], [0.269082150703937, 0.08122399894692439, 0.07525691327085125, 0.5744369370782872], [0.19956100067574703, 0.3692670864430351, 0.09159729202741511, 0.33957462085380286], [0.17910588703051808, 0.0754433743392067, 0.2576409575177441, 0.4878097811125313], [0.4242340573035566, 0.1528441296573494, 0.06029507814942844, 0.36262673488966524], [0.9085541283778223, 0.040089503278334576, 0.011389219658935698, 0.03996714868490729], [0.7954081187081666, 0.08127549430614953, 0.0575164056330997, 0.0657999813525838], [0.037785602917857736, 0.01611412638216394, 0.6847362820139214, 0.261363988686057], [0.5737824964622122, 0.09690649803011386, 0.12722457648770516, 0.20208642901996912], [0.5637854536623773, 0.16909330725637245, 0.15528000476842152, 0.111841234312829], [0.8007228435202475, 0.028835485218952694, 0.005023538808519962, 0.1654181324522799], [0.35692066567430203, 0.3490742041551199, 0.04536179207894056, 0.24864333809163777], [0.5078485929465426, 0.17785858915975913, 0.038899234979494185, 0.27539358291420396], [0.4633389856260974, 0.08759238190283422, 0.12412257938802199, 0.3249460530830468], [0.4613184665451009, 0.26860272467703716, 0.0914413701109916, 0.17863743866687046], [0.09232301651538305, 0.11481939308273177, 0.11193930242433824, 0.6809182879775469], [0.15130639534871046, 0.29598032211627706, 0.3818736830779501, 0.17083959945706212], [0.25852813692456555, 0.5479239204476162, 0.032616908635284624, 0.16093103399253397], [0.02333137210808071, 0.28434910397208296, 0.38184641205043945, 0.31047311186939686], [0.0926432174024902, 0.2088525035869871, 0.583184469831122, 0.11531980917940077], [0.18448314434633759, 0.11592064303540185, 0.28477576765722495, 0.41482044496103554], [0.06441024864218202, 0.8757772440286813, 0.006489276624919681, 0.05332323070421689], [0.04614583765214844, 0.1034705436549447, 0.39648821986341815, 0.4538953988294886], [0.8557363518050395, 0.01172246860962639, 0.09472055535160566, 0.037820624233728575], [0.3614255281366046, 0.5427840972220862, 0.05445634998596499, 0.04133402465534426], [0.07620703366610065, 0.8768110838511901, 0.023761075897161806, 0.023220806585547298], [0.24256014333520326, 0.23586279707093682, 0.16070099135137844, 0.3608760682424819], [0.17449398773995833, 0.23439596038911545, 0.0775633356885099, 0.5135467161824159], [0.034866964287352094, 0.19535902407650857, 0.46152259352344527, 0.30825141811269413], [0.1560897139259511, 0.17565844706206027, 0.0461025422211806, 0.6221492967908075], [0.06400997958661035, 0.3048821175289749, 0.36820641907211116, 0.26290148381230355], [0.8520080073598064, 0.046460710611628035, 0.017110976930223572, 0.08442030509834188], [0.1123125425920459, 0.5838658117172246, 0.06689357852482637, 0.23692806716590312], [0.12400125343682705, 0.3836648895782107, 0.23515700502415166, 0.2571768519608107], [0.16836902052059063, 0.08217811208812077, 0.0661297263115775, 0.6833231410797111], [0.02803159172783652, 0.5366452188607134, 0.1371237515001334, 0.2981994379113169], [0.14894191549473385, 0.25100525985807837, 0.4004320913360151, 0.19962073331117294], [0.372844118144285, 0.21375301200506625, 0.014509987707585452, 0.39889288214306307], [0.08558178806840529, 0.6535811054253222, 0.13290541814147563, 0.12793168836479668], [0.04273225850114516, 0.3321473283124317, 0.2410260897680367, 0.3840943234183868], [0.19165713375236973, 0.19537075402872617, 0.5355785200078108, 0.07739359221109335], [0.51916957381254, 0.15987350234183076, 0.014402473795201844, 0.3065544500504272], [0.05192156744241148, 0.3481181883198524, 0.1849740018724377, 0.4149862423652985], [0.09946001694423688, 0.46379193111038575, 0.2565965372796131, 0.18015151466576426], [0.7433661843012797, 0.026222314939576746, 0.05328201279946471, 0.17712948795967862], [0.679058062349541, 0.02871303375275126, 0.11254539222683614, 0.1796835116708718], [0.5527303200832306, 0.2360168637438531, 0.01759956771313975, 0.1936532484597769], [0.19333157861818295, 0.2868408294227589, 0.25210874074736433, 0.2677188512116938], [0.2878640507913999, 0.18839488817968134, 0.36049260614227635, 0.16324845488664247], [0.1710859927461186, 0.26989040583747387, 0.3338590704576776, 0.22516453095872968], [0.19930781368845665, 0.20977349467165798, 0.16150835379383485, 0.4294103378460505], [0.29914284631936433, 0.5073219755353201, 0.06908440395328407, 0.12445077419203171], [0.2540739417890322, 0.30562355355257576, 0.24317826310113755, 0.1971242415572544], [0.05361344478265476, 0.2739549380728164, 0.6449598309955575, 0.02747178614897107], [0.024667507794134284, 0.265446470265864, 0.6048585557110447, 0.10502746622895708], [0.057655447114743255, 0.4378632061792697, 0.3942538762633811, 0.11022747044260582], [0.19387381760936115, 0.2516585039023984, 0.01845512858031432, 0.5360125499079264], [0.1477358971625864, 0.029894149472362064, 0.801795634863633, 0.020574318501418307], [0.843853326070003, 0.046504015168933294, 0.05576397625587886, 0.05387868250518516], [0.5429091140862125, 0.2398448844879044, 0.04508205219769798, 0.1721639492281855], [0.14720009703815606, 0.7254641049200428, 0.024801503251364515, 0.10253429479043656], [0.5293421074750903, 0.38616327531339645, 0.02157023619562178, 0.06292438101589168], [0.3046664384715642, 0.2566386952929867, 0.09524854842530076, 0.3434463178101481], [0.3717962505826324, 0.2614685400652094, 0.04878913770939073, 0.3179460716427674], [0.12406947103627179, 0.6733329997148938, 0.034607601068415685, 0.16798992818041814], [0.056357712272723216, 0.3306400295925319, 0.15995967071151457, 0.4530425874232302], [0.19800602751023258, 0.29015481605957305, 0.01492200494569109, 0.4969171514845029], [0.4985798412679054, 0.11813241864452863, 0.27165924660529295, 0.11162849348227327], [0.27503737596475436, 0.10868630236540719, 0.05841449306078984, 0.5578618286090484], [0.41360519322521855, 0.09949567796395027, 0.14296390878985754, 0.3439352200209737], [0.08481745498167445, 0.07278536830440595, 0.5490412645654265, 0.29335591214849327], [0.3653216865748165, 0.1066200204927718, 0.2225598387724007, 0.30549845416001115], [0.06842572806651209, 0.1958812675236147, 0.6932389808874685, 0.04245402352240494], [0.9086364303712299, 0.01748168050639055, 0.051811065142074814, 0.02207082398030487], [0.7751942510156895, 0.09714208621533066, 0.09526759001200556, 0.032396072756974134], [0.37917741405510635, 0.33390133071109146, 0.028295488900152592, 0.2586257663336496], [0.1415374280111017, 0.2577418161396878, 0.4483952961498973, 0.15232545969931346], [0.39835861026851077, 0.27921981193672696, 0.13955332876512472, 0.18286824902963755], [0.1392577531726011, 0.36927203623660604, 0.4249020775598888, 0.066568133030904], [0.04470611226322166, 0.8617684125301934, 0.017671848020803693, 0.07585362718578115], [0.0899129933572447, 0.13326748135024133, 0.01810412937114598, 0.7587153959213679], [0.11891324467066752, 0.6843669048353872, 0.04678160582583054, 0.14993824466811476], [0.31102151783329535, 0.048867190363707014, 0.11482436218100549, 0.5252869296219921], [0.02555745603383816, 0.01489597583274399, 0.10856917054633146, 0.8509773975870867], [0.7988893962083161, 0.048465352911864705, 0.02482738646214191, 0.12781786441767704], [0.036469370569619596, 0.16563564716339693, 0.3684646841509967, 0.42943029811598693], [0.17472831586614243, 0.15948046100195024, 0.5730740486464881, 0.09271717448541926], [0.3827093095556666, 0.15004082544964967, 0.1545650521867856, 0.3126848128078982], [0.22933304952936281, 0.2737215944763343, 0.3040567617548091, 0.19288859423949406], [0.17529044765836052, 0.18852221904354885, 0.08363635305087008, 0.5525509802472212], [0.7351760621738672, 0.04417494175452552, 0.021832293738838177, 0.19881670233276902], [0.8300699001701553, 0.06451122680181968, 0.013467250673700302, 0.09195162235432455], [0.19420293674828512, 0.3334070573083642, 0.30238968862597676, 0.17000031731737408], [0.1907718901863039, 0.7189412724641173, 0.021564272528234618, 0.06872256482134444], [0.12533376056276402, 0.3487967382073845, 0.07151543880102754, 0.45435406242882403], [0.3102871469072101, 0.09797716810639545, 0.05692725265491868, 0.5348084323314756], [0.06002835619630968, 0.16834270380664268, 0.6441657339560508, 0.12746320604099637]]}, "rewritten": {"ids": ["97105451", "97106600", "97107681", "97107920", "97109570", "97110950", "97111790", "97112290", "97113900", "97116401", "97116410", "97116790", "97116800", "98106560", "98107010", "98107340", "98108580", "98109570", "98110230", "98116500", "99108000", "99109161", "99109311", "99109370", "99109860", "99110050", "99111340", "99112531", "99112641", "99116500", "99119830", "99120010", "99121440", "100107920", "100108080", "100108260", "100109000", "100109890", "100110260", "100111380", "100120010", "101108500", "101110200", "101112160", "101112540", "101112690", "101115190", "101119030", "101121640", "102108621", "102110050", "102112030", "102113350", "102118380", "102121700", "103109641", "103111170", "103113260", "103120780", "104110960", "104113000", "104113380", "104118070", "105113260", "105113480", "105116441", "105116501", "105116650", "105118230", "105119550", "105121190", "106113190", "106114011", "106114150", "106115250", "106116820", "106117650", "106118820", "106120640", "106121220", "107112850", "107114110", "107114140", "107115250", "107116340", "107118820", "107119950", "108113740", "108114180", "108115250", "108116120", "108117610", "108117720", "108118060", "108118520", "108120260", "109113931", "109114270", "109114651", "109114720", "109115070", "109117630", "109119010", "109120560", "109120621", "110114920", "110115140", "110115710", "110115890", "110117140", "110117200", "110118161", "110118880", "110120531", "110120560", "111115620", "111115770", "111117000", "111118910", "111119290", "111119580", "111119930", "111120190", "111120591", "111121190", "112116501", "112117461", "112117660", "112118550", "112119450", "112120290", "112120540", "112120630", "112120990", "113120260", "113120280", "113120591", "113120780", "113120830", "113121190", "113121680", "113122150"], "labels": [0, 3, 3, 0, 0, 3, 2, 1, 2, 3, 3, 2, 0, 1, 3, 0, 0, 1, 3, 2, 2, 3, 1, 1, 2, 3, 1, 3, 1, 2, 1, 2, 2, 0, 0, 3, 1, 3, 3, 3, 0, 3, 2, 3, 2, 1, 1, 3, 2, 3, 3, 2, 3, 1, 1, 1, 2, 3, 1, 2, 1, 1, 2, 3, 0, 1, 1, 1, 1, 1, 2, 0, 1, 1, 2, 1, 1, 3, 3, 1, 1, 1, 2, 2, 3, 3, 3, 3, 1, 1, 1, 3, 1, 1, 0, 1, 1, 3, 3, 0, 0, 0, 3, 1, 1, 3, 0, 2, 2, 3, 3, 0, 0, 0, 0, 1, 3, 0, 0, 3, 3, 1, 3, 1, 1, 3, 0, 0, 3, 3, 1, 3, 3, 2, 3, 0, 0, 0, 3, 1, 1, 2], "predicted_labels": [0, 2, 2, 0, 1, 1, 3, 0, 1, 2, 2, 1, 0, 3, 2, 2, 0, 3, 0, 0, 3, 0, 2, 3, 1, 3, 1, 0, 0, 1, 1, 2, 2, 3, 1, 0, 3, 2, 0, 1, 1, 1, 1, 3, 1, 1, 1, 1, 1, 3, 1, 1, 2, 1, 0, 0, 3, 1, 1, 0, 0, 2, 2, 3, 3, 1, 0, 0, 1, 1, 3, 0, 1, 0, 1, 0, 1, 3, 1, 0, 1, 3, 1, 1, 1, 1, 3, 0, 3, 2, 3, 3, 3, 3, 0, 1, 0, 3, 0, 2, 1, 1, 1, 1, 0, 3, 3, 1, 1, 3, 0, 3, 3, 0, 2, 0, 1, 1, 0, 2, 0, 0, 0, 0, 0, 3, 3, 3, 3, 3, 2, 1, 3, 1, 1, 0, 0, 0, 1, 0, 1, 3], "confidence_scores": [[0.8570166205382936, 0.061794052754377896, 0.01564859457826319, 0.06554073212906515], [0.12832191339520904, 0.29695744645370203, 0.5120167074845906, 0.06270393266649847], [0.03962381203928914, 0.040635084472536366, 0.6702075679667749, 0.2495335355213995], [0.6451914800462796, 0.03688782588911922, 0.07463557773022057, 0.24328511633438052], [0.15806397641689357, 0.5461191757084068, 0.10864589792150484, 0.18717094995319486], [0.2909905119053602, 0.3436527848498201, 0.18248277094363113, 0.1828739323011884], [0.09761024704025172, 0.15442795322486064, 0.08973599679110823, 0.6582258029437795], [0.4450184923870077, 0.1302372673155779, 0.1738012004687912, 0.25094303982862315], [0.24111351828588712, 0.4507513302529661, 0.24011788038367676, 0.06801727107747012], [0.2776793959457318, 0.20957397711287612, 0.36452673575563305, 0.14821989118575885], [0.25492877710279965, 0.19029063005165503, 0.3776460737404094, 0.1771345191051358], [0.34949274909178857, 0.32450646025470703, 0.23336268980945835, 0.09263810084404579], [0.6454828803117091, 0.14860678306512126, 0.057405984243392556, 0.14850435237977685], [0.2482413079549724, 0.2450510861022462, 0.09846425179289639, 0.4082433541498853], [0.18136605185683108, 0.1848846068471507, 0.5661981654490588, 0.06755117584695924], [0.02795084729833804, 0.03134294256733779, 0.6019005321456745, 0.33880567798864925], [0.46199948696771087, 0.13833672359879298, 0.29223663524016147, 0.10742715419333491], [0.5088470872017203, 0.041172124559342195, 0.0707985055873461, 0.3791822826515913], [0.535529097475737, 0.10132992284961338, 0.09499022249022301, 0.26815075718442644], [0.49066614934591324, 0.179158851062548, 0.2093555763647427, 0.120819423226796], [0.019941676139910436, 0.2399639051591564, 0.2820846254631076, 0.4580097932378257], [0.6986952874903787, 0.21919153048506232, 0.06469587527554112, 0.017417306749018025], [0.06582933322981463, 0.059981543157592604, 0.644380447493482, 0.2298086761191108], [0.1481841736361354, 0.3015300872764693, 0.052346340023492116, 0.4979393990639032], [0.15522821310339954, 0.42632546942345184, 0.320118526677692, 0.09832779079545675], [0.1583195910726087, 0.10983971535439793, 0.20429189611325532, 0.5275487974597383], [0.05485872823262084, 0.2812937000492306, 0.3573131144830136, 0.3065344572351354], [0.5509669612664981, 0.2140504689779305, 0.04386689460664579, 0.19111567514892522], [0.608028753084557, 0.19806478405452782, 0.14699582915175838, 0.04691063370915723], [0.023457064129083882, 0.39151723067926747, 0.28703636115279135, 0.2979893440388574], [0.07092055792975191, 0.38201052671768165, 0.17645846497871565, 0.3706104503738503], [0.172040621576854, 0.05760998045937713, 0.7202601561756728, 0.05008924178809593], [0.1442527361763923, 0.2976994556616666, 0.5046147884137782, 0.053433019748162405], [0.26699191785836607, 0.1099476519063419, 0.06304705439141817, 0.5600133758438736], [0.03795492968690971, 0.46285675140572463, 0.018040922983341777, 0.4811473959240238], [0.5709684156568726, 0.10235762888439937, 0.08672161961713268, 0.23995233584159523], [0.3627928843032686, 0.10981315471372506, 0.062317753013513465, 0.4650762079694929], [0.33571206168878814, 0.11933029730594226, 0.4006616946727276, 0.1442959463325421], [0.7328073478289349, 0.026572632498993082, 0.10432158234546224, 0.1362984373266097], [0.4964847867025819, 0.4323727775516248, 0.011073281766711745, 0.0600691539790816], [0.0851490890455587, 0.4456274749361837, 0.3625855988649854, 0.10663783715327199], [0.21987301921740918, 0.266987333280299, 0.3039041367156376, 0.20923551078665437], [0.09605542914701998, 0.7442896053677803, 0.019645620240423774, 0.14000934524477582], [0.010319838483934534, 0.019668691169750445, 0.4937047952634841, 0.4763066750828309], [0.05781910443344901, 0.37415355461373906, 0.2797929721630535, 0.28823436878975883], [0.11494233226101527, 0.594282353737203, 0.11526064984512698, 0.17551466415665448], [0.015205886357573233, 0.5796463997344555, 0.24828118328725896, 0.15686653062071232], [0.251140554376265, 0.35305413969405747, 0.055411468840547366, 0.3403938370891301], [0.043438131978823166, 0.37008426010652007, 0.25363214349833063, 0.33284546441632606], [0.39463479930226536, 0.17203209237373862, 0.04799910709680407, 0.385334001227192], [0.1532247949668073, 0.28674380232602786, 0.32706967333818004, 0.23296172936898468], [0.08038370614292933, 0.7217935181274113, 0.16607337378834305, 0.03174940194131635], [0.2887841377214636, 0.16284820004511738, 0.3700523430015482, 0.17831531923187077], [0.04839112737933077, 0.6713264732243368, 0.196111548994881, 0.08417085040145149], [0.5869079660459572, 0.32015367951870566, 0.05690512932235508, 0.03603322511298244], [0.4422881672889353, 0.12724594942190406, 0.14752535544287776, 0.2829405278462829], [0.13018422292050652, 0.1298900675293896, 0.36368940523500787, 0.376236304315096], [0.04734688363312634, 0.6189755987456893, 0.1870554889961544, 0.14662202862502988], [0.08271410995111131, 0.6750562063696897, 0.06855337829629965, 0.1736763053828993], [0.8155718578618998, 0.056660872711725645, 0.09250050528982001, 0.03526676413655459], [0.7785764414211527, 0.016900187472069023, 0.08239080908774471, 0.12213256201903405], [0.04964724080261949, 0.15923572485094878, 0.6164040008521927, 0.17471303349423917], [0.12300602471403958, 0.22986668558002812, 0.422845532571583, 0.22428175713434895], [0.3056882865710421, 0.0536650612972297, 0.024427031471500806, 0.6162196206602272], [0.11448524813355003, 0.21791601491463986, 0.026621076879413275, 0.6409776600723969], [0.1159679146009623, 0.6885539530092487, 0.06687560390286293, 0.12860252848692594], [0.7088612325116395, 0.06811219398351244, 0.0045574490759248895, 0.21846912442892308], [0.3338587334791592, 0.1475176862847767, 0.3940403142482503, 0.12458326598781391], [0.13011110371984463, 0.5726459471076304, 0.08727938945858069, 0.2099635597139445], [0.3649275352844002, 0.3848754964290424, 0.027151822666010197, 0.22304514562054728], [0.04381171802381116, 0.1510107654679712, 0.3694765626657781, 0.43570095384243945], [0.6741228748405046, 0.05403677746645374, 0.0338910047893097, 0.2379493429037319], [0.5246742451465974, 0.38216889626381795, 0.05492409798606177, 0.03823276060352272], [0.7301496252798169, 0.15005989687366575, 0.05939166852510202, 0.06039880932141493], [0.12505388937291984, 0.4020078257897553, 0.34013730538599685, 0.13280097945132796], [0.7649742444534229, 0.07745581670557133, 0.025582158879625054, 0.1319877799613805], [0.16432686245427425, 0.584631423448092, 0.07556125415269738, 0.17548045994493666], [0.2192271194844763, 0.2581212527899905, 0.030390418675210848, 0.49226120905032217], [0.18379119389987078, 0.5531960362345383, 0.16819340280822806, 0.09481936705736264], [0.4236306190779579, 0.09834275744820442, 0.2979912256225317, 0.18003539785130573], [0.17001858785351773, 0.7079755175304607, 0.06680976210160934, 0.055196132514411904], [0.01639550359869477, 0.02002019999635125, 0.07781746322062272, 0.8857668331843312], [0.12820944355728675, 0.7908843625150231, 0.014673216216373585, 0.06623297771131616], [0.14414944567904964, 0.41204982442348365, 0.18669324146343352, 0.2571074884340329], [0.04940503427776952, 0.3739181948782681, 0.332842868876379, 0.2438339019675833], [0.48642635648465277, 0.2871249335622709, 0.04103179619554989, 0.18541691375752628], [0.37615714569655573, 0.13300375599285594, 0.16953315910195688, 0.32130593920863143], [0.8045151694672528, 0.03067508707826972, 0.010157179891673043, 0.15465256356280424], [0.017265190239406744, 0.007298002519817007, 0.08891681419077857, 0.8865199930499976], [0.16741997571468953, 0.18676582090951702, 0.5053728456749447, 0.14044135770084865], [0.5347214239266498, 0.07727177683884476, 0.05218125089080876, 0.33582554834369643], [0.5374156059173508, 0.017213042110201807, 0.02865248729738973, 0.4167188646750577], [0.1576370955359943, 0.07166546208233711, 0.058695210766361326, 0.7120022316153068], [0.2921712275251554, 0.3009025764500487, 0.016810213108223417, 0.3901159829165724], [0.44335245418854136, 0.24438861303795975, 0.05139165770136884, 0.26086727507213003], [0.3197130841699433, 0.32020931488856136, 0.0821208457987356, 0.2779567551427598], [0.5699965539773973, 0.17968682346705878, 0.011373298428474813, 0.2389433241270687], [0.21784302836266836, 0.054322270361107323, 0.2633838098203547, 0.46445089145586993], [0.8939646067621174, 0.00947383021934253, 0.06370992790643273, 0.03285163511210714], [0.009352746798989026, 0.13262291925786937, 0.7897153507033743, 0.06830898323976689], [0.051774844648662416, 0.9183548742997468, 0.01743549712874854, 0.012434783922842566], [0.27836932538048464, 0.629565326421466, 0.06428127283956783, 0.027784075358481562], [0.0352175949611402, 0.39068936488197076, 0.505872175743171, 0.06822086441371805], [0.020529635873394268, 0.3589224515753511, 0.32182606440680717, 0.2987218481444477], [0.7923851088133952, 0.05971640486132978, 0.018221337568297233, 0.12967714875697786], [0.29686965999835024, 0.3006196798412112, 0.09386870648172647, 0.3086419536787121], [0.16354016411116554, 0.06326781090136994, 0.03501731126741047, 0.738174713720054], [0.18045458452149826, 0.36329928994734745, 0.2468005929926514, 0.20944553253850262], [0.04479918115587725, 0.5150037282822767, 0.04061051957318948, 0.39958657098865674], [0.0713161041930801, 0.13806370480921595, 0.06042660933354429, 0.7301935816641596], [0.7421030033032718, 0.05539543435811968, 0.045367409864683086, 0.15713415247392554], [0.3330771127217905, 0.2442247086736184, 0.09305843038258899, 0.32963974822200204], [0.4205221419883413, 0.06077081129706352, 0.014120901474851658, 0.5045861452397435], [0.541926970251769, 0.18494032822888398, 0.027463496284115062, 0.2456692052352324], [0.16871107607081154, 0.18405381091856338, 0.44284768902662996, 0.20438742398399515], [0.4993459827708683, 0.11627364389382737, 0.20257034946284266, 0.18181002387246145], [0.1836445199994091, 0.35243289765373875, 0.10773922122806832, 0.3561833611187841], [0.06977563365095045, 0.4016219892521612, 0.21466108955950966, 0.3139412875373788], [0.32223070722157354, 0.21008840948025093, 0.16384131527096218, 0.3038395680272129], [0.015143658660027346, 0.08491406360558182, 0.5056593820808858, 0.39428289565350516], [0.9008619400576233, 0.02015430729182321, 0.06201973033234271, 0.016964022318210665], [0.6970350513691319, 0.11424832614674546, 0.041061065314297866, 0.14765555716982456], [0.5030464530179692, 0.22115372695280858, 0.04748536455176745, 0.22831445547745494], [0.5935634064420966, 0.07300113417635971, 0.03939646436129707, 0.29403899502024666], [0.5256971976257364, 0.10797819946868556, 0.07924049896408789, 0.28708410394149025], [0.126957776708929, 0.2554765003584927, 0.05049366200089656, 0.5670720609316822], [0.3381869455777774, 0.020502091938558682, 0.012692855410252842, 0.6286181070734109], [0.2502194368343905, 0.13003673981894198, 0.07348817415322237, 0.5462556491934452], [0.49052216615422073, 0.0770261370473341, 0.05391020470324684, 0.37854149209519833], [0.05951510785412586, 0.018235697832585787, 0.007971945700188018, 0.9142772486131004], [0.10455031281582722, 0.023903781455984686, 0.8515318953875005, 0.020014010340687515], [0.3748107491756381, 0.3058731923587867, 0.03156450713829009, 0.2877515513272851], [0.3751913050319156, 0.16754058440974667, 0.13270783195406483, 0.32456027860427294], [0.13048857759074645, 0.7923598511112858, 0.024297242133396426, 0.05285432916457109], [0.07883405121394824, 0.3916790006691866, 0.3236042505836343, 0.20588269753323057], [0.7349391947833781, 0.007232598185269013, 0.006074509235227351, 0.2517536977961254], [0.7046824141849177, 0.023912556309532568, 0.00821622290465272, 0.26318880660089705], [0.3404935907280424, 0.3070448692140251, 0.04913732626582601, 0.3033242137921065], [0.13645846261044567, 0.4799850078811743, 0.19666796115469817, 0.18688856835368176], [0.5865291293045136, 0.1846097692244805, 0.02848554556008757, 0.20037555591091874], [0.02593119535035256, 0.41071616955279455, 0.1546422008616537, 0.40871043423519915], [0.06333979135108773, 0.033576680744275895, 0.17126171769463883, 0.7318218102099975]]}}