{"test": {"ids": ["110121500", "103113210", "97112290", "109119340", "111121190", "106118161", "103111480", "100108260", "100115700", "106114011", "99108890", "102110050", "110116290", "110117870", "112118930", "102108621", "111121930", "112117030", "99107300", "113120830", "107118490", "98109230", "110115890", "100111620", "101108580", "111119610", "110114651", "108118520", "100111380", "104116441", "113122430", "109116810", "102112301", "99108080", "109114651", "101108460", "107114780", "98109090", "101108950", "97105451", "111119580", "113118111", "110119300", "101111990", "97107821", "103110100", "108121351", "112117660", "106115240", "112118161", "111120640", "113121410", "98117740", "111119950", "97116401", "98116940", "98108410", "98110810", "106113170", "100108490", "102109850", "101111210", "98108370", "109118820", "112116990", "99107500", "110120531", "107121230", "109114030", "110120640", "109113591", "111117120", "101109120", "108114220", "111117200", "112118880", "108121410", "109115070", "110113591", "107119390", "112117780", "106119260", "100109801", "112116850", "99109311", "98107410", "102112030", "100111390", "103110760", "102110500", "105113170", "109114720", "101114020", "104111550", "109117630", "106118520", "111115910", "111120591", "111114941", "113118231", "112118550", "98106560", "105113620", "99109141", "98111670", "113122220", "107114200", "108113760", "102121700", "102109910", "112118471", "112118890", "113119950", "112118701", "112119610", "97105760", "104114320", "112121410", "110115140", "113122120", "102112250", "100109980", "109118701", "107119950", "113121680", "99110050", "98121790", "103120290", "104119290", "98110230", "103111990", "112116800", "109117730", "112117471", "99108000", "99112300", "98110710", "113121190", "108115070", "108119550", "111116170", "99112840"], "labels": [3, 3, 1, 3, 1, 3, 0, 3, 1, 1, 0, 3, 2, 3, 1, 3, 1, 2, 3, 3, 2, 1, 2, 3, 0, 2, 3, 0, 3, 1, 2, 3, 1, 3, 3, 0, 2, 1, 2, 0, 3, 1, 1, 2, 2, 1, 3, 0, 1, 0, 0, 0, 2, 0, 3, 2, 1, 1, 0, 2, 1, 2, 1, 3, 0, 0, 0, 0, 1, 0, 3, 2, 1, 3, 0, 1, 0, 0, 0, 2, 0, 1, 0, 0, 1, 3, 2, 2, 1, 3, 0, 0, 3, 1, 0, 2, 2, 1, 0, 3, 3, 1, 0, 3, 1, 1, 2, 1, 1, 2, 1, 3, 0, 0, 0, 0, 2, 0, 0, 1, 0, 1, 3, 3, 1, 3, 2, 2, 1, 3, 2, 0, 3, 3, 2, 0, 2, 1, 1, 1, 0, 2], "predicted_labels": [1, 2, 3, 0, 1, 2, 3, 0, 3, 1, 1, 1, 0, 3, 1, 3, 0, 3, 0, 2, 1, 2, 1, 2, 2, 2, 3, 1, 0, 3, 1, 3, 2, 0, 0, 1, 1, 1, 2, 0, 0, 3, 0, 2, 1, 3, 3, 3, 0, 1, 0, 3, 1, 3, 1, 1, 0, 1, 1, 0, 2, 0, 3, 3, 0, 2, 3, 1, 3, 0, 3, 1, 1, 1, 1, 1, 1, 3, 1, 2, 0, 0, 3, 3, 2, 0, 1, 1, 1, 3, 3, 2, 3, 2, 0, 1, 0, 3, 0, 3, 3, 0, 1, 0, 3, 3, 0, 0, 0, 0, 1, 1, 0, 3, 0, 3, 0, 1, 3, 0, 1, 3, 3, 1, 1, 1, 2, 2, 1, 1, 1, 3, 3, 1, 1, 2, 1, 1, 0, 3, 0, 3], "confidence_scores": [[0.2684874970833056, 0.7288428686087861, 1.4372989817102683e-06, 0.002668197008926578], [3.426125009038336e-05, 1.355464186772846e-05, 0.9997861453842141, 0.00016603872382785396], [0.00020723187206642262, 5.647092641915761e-05, 5.934137778896437e-06, 0.9997303630637355], [0.4088191053153807, 0.025242920604940884, 0.3398367248037438, 0.22610124927593467], [0.22498191175942636, 0.7415532811041431, 0.008909787194395377, 0.02455501994203507], [2.0983322254575806e-05, 0.00014311158087031053, 0.9997982880049204, 3.7617091954744935e-05], [0.046672521691524804, 0.36546010858003186, 0.028432918767670613, 0.5594344509607727], [0.8481446359528961, 0.06657944512288319, 8.41910292288905e-05, 0.08519172789499174], [0.4497619950511069, 0.06528472192979903, 0.00270961723922307, 0.4822436657798709], [0.06965941294420158, 0.9303364375248064, 1.831571740426958e-07, 3.966373817749302e-06], [3.642732121297631e-07, 0.9999045084461616, 1.2400096478457704e-06, 9.388727097847842e-05], [1.3405672848022252e-06, 0.9999170472820509, 8.084170942863888e-05, 7.704412357371502e-07], [0.5851725761317658, 0.0011284242325713327, 0.4135674890466616, 0.00013151058900121468], [0.000778095708151225, 0.0287894667694827, 0.4551436563911508, 0.5152887811312152], [0.01011115939035886, 0.9243639373392678, 2.5504057573204764e-05, 0.06549939921280029], [0.022851906883091574, 0.04523580059966705, 0.00014362733350895376, 0.9317686651837324], [0.9998622100475074, 9.563481816260068e-05, 1.925035403779479e-09, 4.215320929466964e-05], [0.0014984980329311324, 0.000386752302996804, 0.0018719448586001896, 0.9962428048054719], [0.9014749128178511, 0.09775367066370291, 4.632296116886159e-06, 0.0007667842223292764], [0.0011674833437814865, 6.409706857232915e-05, 0.9207998004349127, 0.07796861915273334], [9.144488530554367e-07, 0.9997494611793047, 0.00024920155891388273, 4.22812928304547e-07], [8.813883317678016e-05, 2.0272879989300074e-06, 0.9999085289447185, 1.3049341056712899e-06], [0.00013636918376044692, 0.9960781956097106, 0.0015133286022945961, 0.0022721066042343473], [0.00041865460002900307, 0.06422453297625387, 0.933962013486399, 0.0013947989373182714], [0.4815721599624697, 2.150744820756187e-06, 0.5177264799947109, 0.0006992092979988116], [9.910705104409273e-07, 0.00037984373631335506, 0.9996126566499749, 6.5085432013135e-06], [0.003930733831411518, 0.4907799332250958, 4.732094877046722e-06, 0.5052846008486157], [0.00013339090940144873, 0.9950887489531469, 0.0015301898521290617, 0.00324767028532265], [0.9998998551443905, 0.00010012045196188351, 1.647379401728411e-11, 2.438717391665025e-08], [0.23935319338057548, 0.06303253237021267, 9.787473003735715e-06, 0.697604486776208], [3.063286305719469e-08, 0.8664820844684367, 0.010891600147982627, 0.12262628475071782], [0.0004721071144304871, 0.05930321326179568, 0.00046914026278725577, 0.9397555393609867], [0.012253017941633302, 0.0014349873696472733, 0.9736158876086071, 0.012696107080112297], [0.7907930092516211, 0.15310721476502764, 0.00016213701552786686, 0.05593763896782334], [0.9998434727131396, 9.612386119824206e-05, 4.371213407452831e-05, 1.6691291587726044e-05], [0.06034435377707241, 0.41188195158732793, 0.20768028421732243, 0.32009341041827727], [0.3401616595048317, 0.6593206671727538, 0.0003371075114751649, 0.00018056581093935168], [0.0001589903601719043, 0.8201620198952323, 0.026354980477043193, 0.15332400926755274], [0.011072164133937686, 0.24968208890867596, 0.5816795624756955, 0.15756618448169077], [0.8775405163531779, 0.12244700576733257, 1.7187311682335099e-09, 1.247616075847676e-05], [0.9991596452675546, 0.0007912941656030739, 4.873495749161089e-05, 3.256093507422976e-07], [0.00031433213513250464, 0.2644490495800649, 3.968593093842549e-05, 0.7351969323538642], [0.9697431135760763, 0.00026428529130989554, 5.1802973097589456e-05, 0.029940798159516068], [0.00307362598817978, 5.748528344187434e-07, 0.988680000780145, 0.008245798378840938], [0.012042157297746617, 0.7052062817594223, 0.022187421598391273, 0.2605641393444399], [0.01508622966332749, 1.7152412652582637e-06, 0.0036330216198009226, 0.9812790334756063], [1.1636015578513439e-09, 3.58817320189952e-05, 2.629152163026219e-10, 0.9999641168414644], [0.23646304973684712, 0.0006445043211585572, 0.00023727632193935565, 0.762655169620055], [0.9978647700395981, 0.0001238152601444031, 0.0020112703758867648, 1.4432437083200908e-07], [3.6922542162444e-07, 0.998670086367303, 3.3439562443628855e-07, 0.0013292100116511823], [0.7485880442196444, 0.25139807631307737, 3.930701545990214e-09, 1.387553657665516e-05], [1.8969378158438897e-07, 2.1009872265283706e-05, 5.681727031193229e-08, 0.9999787436166829], [0.1645603766413421, 0.6888041873901214, 0.0674595496179985, 0.07917588635053795], [0.0767560905411545, 3.5007367020350274e-05, 0.008573575899706842, 0.9146353261921184], [8.571800151651354e-06, 0.8870693826428391, 0.0875505922959338, 0.025371453261075434], [0.00925518381268748, 0.4782837102703188, 0.29598589509764933, 0.21647521081934434], [0.9993717979995212, 0.0006050344446330764, 3.178989775627394e-08, 2.3135765948062708e-05], [2.823770379847067e-06, 0.7276234992517638, 0.27237337538012657, 3.0159772980125687e-07], [1.581290833823444e-10, 0.9999999591276824, 3.469799334008441e-12, 4.07107187055124e-08], [0.9137753296067143, 0.017445359416433364, 0.017559530020128764, 0.05121978095672373], [0.00034293342353985994, 1.5564441207563325e-05, 0.9996411679931484, 3.341421041064501e-07], [0.6538020517578124, 8.825399684792259e-06, 0.00014622316025531817, 0.3460428996822475], [4.2127716289115203e-07, 0.0011764521774015413, 0.00011109741190728531, 0.9987120291335283], [0.00010327453126945702, 0.10511177701483923, 0.00045597669413909313, 0.8943289717597521], [0.9996503212780321, 5.752576165307202e-06, 0.00020696334052870756, 0.0001369628052739487], [0.011414070123216772, 0.04401221569881884, 0.9445670474810576, 6.666696906720116e-06], [2.082920583168052e-05, 0.00895045476269487, 2.4560631353199657e-07, 0.9910284704251598], [0.001617570363958271, 0.9618883756666539, 3.222630411025276e-08, 0.03649402174308385], [0.06765606678477372, 0.16567643356807443, 0.06963311258163707, 0.6970343870655147], [0.999720955996647, 1.1284379679612444e-06, 0.0001996089063511275, 7.830665903384974e-05], [1.277700761276419e-05, 0.21244662141538284, 5.9875618568875346e-05, 0.7874807259584355], [0.015302428261193234, 0.903206852791584, 5.742301374921832e-05, 0.08143329593347345], [0.13249149365514507, 0.6504266420788418, 0.0027842506613005224, 0.21429761360471256], [8.599160569230106e-10, 0.8192458010370568, 0.18075358725805077, 6.108449764826899e-07], [2.6838646674228383e-05, 0.9962825913810622, 2.0981653710538996e-06, 0.003688471806892476], [0.0029454127064037004, 0.8945301061688534, 0.09632515810463267, 0.0061993230201102725], [0.0009202426566736719, 0.9990288547935203, 8.212328034158083e-06, 4.269022177159046e-05], [0.3168443008336601, 0.041848996947989055, 0.019842758745913906, 0.621463943472437], [0.002133027463916543, 0.9971900264906657, 1.501119788961371e-10, 0.0006769458953058524], [0.0025455201013383556, 0.2050842159208345, 0.7907741316625136, 0.0015961323153135326], [0.9989594557546723, 0.0003728903185279726, 0.0006663180250150987, 1.3359017845270723e-06], [0.7506963500881372, 2.4523365908943628e-06, 0.24913610049181084, 0.00016509708346113016], [7.40907949770995e-07, 0.003636362016983322, 1.4594080861628841e-05, 0.9963483029942052], [1.1237713624926573e-06, 0.0005274727453285356, 3.474922727911111e-10, 0.9994714031358166], [0.00036681594866955534, 0.00011378563843345269, 0.73748353172883, 0.26203586668406703], [0.9999154233969116, 7.624835592036098e-05, 4.765993552412668e-06, 3.562253615548141e-06], [0.053558615040063956, 0.7104496879228053, 6.060913864383876e-08, 0.23599163642799195], [7.084890835820709e-05, 0.9998907176353329, 2.6433458773430103e-05, 1.199999753552054e-05], [1.4999368546820478e-06, 0.9990495019106452, 0.00033023883201284556, 0.0006187593204872359], [0.18380437211934064, 5.472203221201108e-05, 0.0005775316692618084, 0.8155633741791855], [0.0002811575379781764, 0.006938789141901622, 0.014740570656309343, 0.9780394826638108], [8.867642816267166e-07, 0.0005707212963434424, 0.9962580011279947, 0.0031703908113801735], [4.635515773754138e-05, 1.4832323936505002e-08, 4.805136910397778e-05, 0.9999055786408345], [0.006840730612449177, 0.018568510643435204, 0.9406423209091695, 0.03394843783494613], [0.99329946932766, 0.004443586214529836, 0.0022514289821359756, 5.515475674108159e-06], [0.005013670198768406, 0.9902332100235641, 7.3814837806397144e-06, 0.004745738293886571], [0.4033681576404802, 0.13975993142603688, 0.058227852629767145, 0.3986440583037158], [0.4545824336711751, 0.005037098838937739, 8.130051078081867e-06, 0.5403723374388091], [0.9893477118455775, 0.004041158090186859, 7.241166255940499e-07, 0.006610405947610049], [0.0012029808259127655, 0.11432384162590198, 9.721812033788248e-06, 0.8844634557361516], [0.07675804521934974, 6.129198265111448e-05, 1.636258291795905e-06, 0.9231790265397073], [0.754607249136411, 0.005095069281904235, 5.78598335492061e-06, 0.24029189559832984], [0.0001362998316472721, 0.9998636067350618, 9.173762562568826e-08, 1.6956654823948811e-09], [0.7207440165734548, 0.02467552523431683, 0.19637871133646745, 0.05820174685576098], [1.545911232346184e-05, 1.581976994817061e-07, 0.010561729128616764, 0.9894226535613603], [5.190132590440024e-07, 0.00024670061101044594, 1.7014682294538741e-06, 0.9997510789075011], [0.9996148634075351, 0.0003841397553612596, 2.0209103030376688e-08, 9.766280006837566e-07], [0.9907414790437821, 0.00897325292052128, 0.0002830135488607097, 2.2544868361596952e-06], [0.9993137387110561, 0.0006854350891291817, 2.5208135065654666e-07, 5.74118463926932e-07], [0.5726653745170495, 0.003949273348741668, 0.4078201982628473, 0.015565153871361447], [0.016844692551042675, 0.9282562235306836, 0.054833293210457164, 6.579070781665619e-05], [0.08664131295541323, 0.8714680078843986, 2.137492873778984e-06, 0.041888541667314316], [0.7246410362453088, 0.21184196400628127, 5.500840295945697e-06, 0.06351149890811399], [0.0011478733663623476, 0.042855348519267415, 0.0036173891767184185, 0.952379388937652], [0.47931080018680233, 0.01989598124187277, 0.3800104987100241, 0.12078271986130076], [0.062421332205307115, 4.015214250008068e-05, 0.1344516153670811, 0.8030869002851118], [0.9385994059981521, 0.061011730352184324, 6.672915700011719e-05, 0.00032213449266356816], [1.8966908796162694e-09, 0.9988610071971631, 2.9074757596637804e-11, 0.0011389908770713523], [0.00012072567904185032, 0.00025130828578031846, 3.9452204826023704e-05, 0.9995885138303519], [0.9725499267641164, 0.010664319190480092, 0.009206730723071299, 0.00757902332233217], [0.37497973697355313, 0.5663403202962678, 0.05664687901588323, 0.002033063714295833], [0.008661138799570728, 6.295084816767231e-05, 0.0002476129140559608, 0.9910282974382055], [7.651318450208286e-06, 3.6917754126429955e-06, 5.843171302036133e-08, 0.9999885984744241], [0.0003483108276528187, 0.6581905448122659, 0.0005810566258319016, 0.3408800877342494], [1.399676776056897e-05, 0.5034142975281194, 0.01503015436255565, 0.48154155134156434], [0.00032802499368581956, 0.9825816254501052, 0.01168678458128589, 0.005403564974923226], [0.00035178783827073895, 0.08184258108777866, 0.9177802589457343, 2.5372128216239313e-05], [6.510445456864627e-08, 1.7995203287948286e-05, 0.999980984553928, 9.551383293165879e-07], [1.536661750079238e-05, 0.7969881122924584, 1.2291242861496826e-05, 0.20298422984717954], [1.0246888031636585e-06, 0.997302269758287, 0.0026497396920589418, 4.696586085096637e-05], [1.3857586793065779e-05, 0.9999661347239738, 1.996593318015015e-05, 4.175605288114067e-08], [4.4633467373505604e-08, 0.0015424123955286523, 4.093958292422769e-07, 0.9984571335751747], [0.43945586968077643, 0.00046241779797083255, 5.280418164088833e-10, 0.5600817119932109], [1.4306840826957158e-05, 0.7184900571042039, 7.524774964060192e-09, 0.28149562853019433], [1.6476336410871216e-05, 0.9641381490337327, 0.004907148335500007, 0.030938226294356615], [0.0002385412189381809, 9.066086296861886e-06, 0.9995512031452827, 0.00020118954948229227], [0.03928329395719469, 0.6025580352337927, 0.0054976827292953015, 0.3526609880797174], [3.437351624752742e-05, 0.9999283504251704, 4.692624870162316e-06, 3.2583433712076706e-05], [0.9986258077832356, 0.00010385956800228104, 1.6417662489718058e-05, 0.0012539149862723787], [0.00550846601450111, 0.04824680010074818, 0.007866369899168066, 0.9383783639855827], [0.9071207170574015, 0.00030223392359099606, 5.635125121930817e-11, 0.09257704896265626], [0.007184704790269635, 0.012271367320711886, 0.015847195431601475, 0.9646967324574172]]}, "rewritten": {"ids": ["97105451", "97105760", "97107821", "97112290", "97116401", "98106560", "98107410", "98108370", "98108410", "98109090", "98109230", "98110230", "98110710", "98110810", "98111670", "98116940", "98117740", "98121790", "99107300", "99107500", "99108000", "99108080", "99108890", "99109141", "99109311", "99110050", "99112300", "99112840", "100108260", "100108490", "100109801", "100109980", "100111380", "100111390", "100111620", "100115700", "101108460", "101108580", "101108950", "101109120", "101111210", "101111990", "101114020", "102108621", "102109850", "102109910", "102110050", "102110500", "102112030", "102112250", "102112301", "102121700", "103110100", "103110760", "103111480", "103111990", "103113210", "103120290", "104111550", "104114320", "104116441", "104119290", "105113170", "105113620", "106113170", "106114011", "106115240", "106118161", "106118520", "106119260", "107114200", "107114780", "107118490", "107119390", "107119950", "107121230", "108113760", "108114220", "108115070", "108118520", "108119550", "108121351", "108121410", "109113591", "109114030", "109114651", "109114720", "109115070", "109116810", "109117630", "109117730", "109118701", "109118820", "109119340", "110113591", "110114651", "110115140", "110115890", "110116290", "110117870", "110119300", "110120531", "110120640", "110121500", "111114941", "111115910", "111116170", "111117120", "111117200", "111119580", "111119610", "111119950", "111120591", "111120640", "111121190", "111121930", "112116800", "112116850", "112116990", "112117030", "112117471", "112117660", "112117780", "112118161", "112118471", "112118550", "112118701", "112118880", "112118890", "112118930", "112119610", "112121410", "113118111", "113118231", "113119950", "113120830", "113121190", "113121410", "113121680", "113122120", "113122220", "113122430"], "labels": [0, 0, 2, 1, 3, 1, 3, 1, 1, 1, 1, 3, 2, 1, 1, 2, 2, 2, 3, 0, 2, 3, 0, 3, 1, 3, 0, 2, 3, 2, 0, 1, 3, 2, 3, 1, 0, 0, 2, 1, 2, 2, 3, 3, 1, 2, 3, 3, 2, 0, 1, 1, 1, 1, 0, 2, 3, 2, 1, 2, 1, 1, 0, 0, 0, 1, 1, 3, 2, 1, 2, 2, 2, 2, 3, 0, 1, 3, 1, 0, 1, 3, 0, 3, 1, 3, 0, 0, 3, 0, 3, 3, 3, 3, 0, 3, 0, 2, 2, 3, 1, 0, 0, 3, 0, 2, 0, 2, 0, 3, 2, 0, 1, 0, 1, 1, 0, 0, 0, 2, 3, 0, 0, 0, 1, 3, 0, 1, 3, 1, 0, 0, 1, 3, 0, 3, 1, 0, 1, 1, 1, 2], "predicted_labels": [0, 3, 1, 3, 2, 0, 0, 3, 0, 3, 2, 1, 0, 1, 3, 1, 0, 1, 0, 2, 1, 0, 1, 0, 2, 1, 2, 3, 0, 0, 3, 3, 0, 3, 2, 3, 3, 2, 1, 0, 3, 2, 3, 3, 2, 2, 1, 3, 1, 1, 2, 0, 3, 1, 2, 1, 2, 2, 2, 0, 3, 3, 3, 1, 1, 1, 0, 2, 1, 0, 0, 1, 1, 2, 1, 3, 0, 1, 3, 1, 3, 3, 1, 3, 3, 0, 2, 3, 1, 0, 0, 3, 3, 3, 1, 3, 3, 1, 2, 2, 3, 3, 0, 0, 0, 0, 0, 1, 1, 0, 2, 3, 0, 0, 3, 0, 3, 3, 0, 3, 3, 0, 0, 1, 1, 3, 3, 1, 3, 1, 1, 1, 1, 1, 1, 2, 1, 3, 3, 0, 3, 1], "confidence_scores": [[0.9838331571071384, 0.016164733284988728, 3.146197546484338e-10, 2.1092932530548385e-06], [0.0003884889697231729, 8.399651577553494e-08, 3.0079075638000117e-06, 0.9996084191261971], [0.0034304679565385185, 0.748510801353745, 0.17389423568511422, 0.07416449500460219], [0.15394487757610179, 0.005219898363480947, 0.0002930058538309882, 0.8405422182065863], [2.5545779060901772e-05, 0.024312675736040578, 0.501243900755782, 0.47441787772911653], [0.9442316696978297, 0.05530060460332464, 0.000259685230187447, 0.00020804046865821949], [0.9987399281688275, 0.0004586169609112155, 0.0008005427900128806, 9.120802484864232e-07], [1.3852210105982284e-05, 0.00014480224072901455, 0.01142415455592613, 0.988417190993239], [0.9063256472216351, 0.0936214494599038, 3.45365299624727e-08, 5.2868781931115176e-05], [9.255125864027375e-05, 0.1930151841604188, 0.002037611996456636, 0.8048546525844842], [0.00015439067188836473, 2.166044124147156e-06, 0.9998402410105826, 3.2022734048980983e-06], [7.216346755162493e-05, 0.9994263922817589, 6.658505704633143e-05, 0.0004348591936429312], [0.7654144064925784, 0.17552998858890054, 0.00047730681913419113, 0.058578298099386875], [9.293095588600495e-05, 0.9885106812645899, 0.011396299100450204, 8.867907391050984e-08], [4.6169864277475466e-05, 1.39127399618252e-05, 0.08155657138649261, 0.9183833460092681], [0.020202524684977987, 0.9283112468416813, 0.044090970776579246, 0.007395257696761272], [0.4412152005356976, 0.2450834826041479, 0.022141414995323343, 0.2915599018648311], [2.2619249276171357e-07, 0.998057791174953, 0.001941815950907436, 1.6668164686724188e-07], [0.7791924840712253, 0.21198111371233033, 3.6643375780004236e-05, 0.00878975884066441], [0.0014135377180763832, 0.04739709711068107, 0.950196975909179, 0.0009923892620636058], [6.796868620087975e-07, 0.9963857323535, 0.0004237421920198396, 0.0031898457676181797], [0.9987184404818961, 0.0008425546751219227, 4.348175857203785e-05, 0.0003955230844100577], [3.979493529128249e-05, 0.9937111443420116, 3.1226415130253146e-05, 0.006217834307566838], [0.974004487996148, 0.015310047697595093, 0.010130419255934902, 0.0005550450503219919], [0.0006450067514485251, 6.557056888124855e-06, 0.7726465237892698, 0.22670191240239354], [0.007201109106604428, 0.9881478295118947, 7.391182770071337e-05, 0.004577149553799982], [0.00027819364622189564, 5.771841481902389e-07, 0.9995733100907329, 0.0001479190788970128], [0.008704009393651024, 0.007594522365763569, 0.002373334467126743, 0.9813281337734587], [0.8411204466880213, 0.013280830517130977, 6.366507517488435e-06, 0.14559235628733025], [0.8944171479465466, 0.06009852367027161, 0.040871966419440645, 0.0046123619637412246], [2.1231089525728805e-07, 0.037816412687761154, 2.7589245454460952e-05, 0.9621557857558891], [0.0005235088515450467, 0.15606332476025628, 0.0015408862658205726, 0.8418722801223781], [0.999557092122473, 0.00044263506181553634, 1.2394916637996376e-09, 2.7157621986340445e-07], [6.395697593864852e-07, 0.012718778695355102, 0.0006135299562618011, 0.9866670517786237], [2.114290993662155e-06, 0.00025376173091569177, 0.7626194435912503, 0.23712468038684034], [0.0012249963753373377, 0.013574028386962365, 0.000630079087000723, 0.9845708961506995], [1.795402025288579e-05, 4.606198904916838e-05, 6.051788217895528e-05, 0.999875466108519], [0.37497122379720943, 4.276402199302988e-07, 0.6246861025890501, 0.00034224597352044853], [0.0152263546625434, 0.7666933986261028, 0.1303117597234596, 0.08776848698789423], [0.9345447497306661, 0.06493374138866384, 3.0325430048222766e-05, 0.000491183450621801], [0.4266788082981865, 1.2215130699412208e-05, 0.00014954296349046123, 0.5731594336076236], [0.369937727993251, 5.100117883975549e-05, 0.49907842981462025, 0.13093284101328895], [0.002649417849176539, 9.820865914664848e-08, 0.0005857890873505343, 0.9967646948548138], [3.123402670221603e-11, 0.003580578518877368, 1.4480610404139559e-06, 0.9964179733888482], [0.017777824315169728, 0.011104067710163278, 0.9711111953293213, 6.912645345583455e-06], [0.3070400801552518, 0.007631477899746214, 0.6836109694245496, 0.001717472520452524], [0.000511616580673958, 0.9994054107325574, 7.881978920699715e-05, 4.152897561681276e-06], [0.009618431636520375, 3.6238654763657186e-07, 3.0451288089850373e-07, 0.990380901464051], [0.11042531218213862, 0.6384165371285503, 5.201404564231663e-08, 0.25115809867526556], [0.23190367714492607, 0.7574908989144676, 0.00874960952739199, 0.0018558144132143394], [0.002398768574283923, 0.0007786495826314011, 0.9564699027085947, 0.04035267913449003], [0.9985345199528298, 0.0005570631295445574, 0.0008982601422703759, 1.0156775355283862e-05], [0.07379318535015837, 8.718655450433592e-06, 0.0015268452530383895, 0.9246712507413527], [0.0008886112181488709, 0.6439575575415327, 0.0024074090400676264, 0.35274642220025076], [0.0057759126349231195, 0.005002336757364818, 0.7977099949886224, 0.1915117556190897], [0.0015351532766663357, 0.9970776018630122, 0.0013767282327284012, 1.0516627593163716e-05], [6.93556102200025e-06, 4.243039027793112e-07, 0.9999550958594453, 3.754427563001242e-05], [5.771567245778802e-08, 4.2139360610461364e-05, 0.9999560338171912, 1.7691065258488007e-06], [0.0024507649968477075, 0.012574939498105158, 0.984426262868159, 0.0005480326368882061], [0.6430931540768465, 0.35496584615139926, 0.0003825717052787505, 0.001558428066475428], [0.4477165250146948, 0.09161394981455716, 4.1722296706597046e-07, 0.46066910794778104], [5.413569620573229e-06, 0.20761028351828933, 8.337409335938774e-08, 0.7923842195379968], [2.3596096054040698e-08, 2.3536475608964424e-06, 3.0347563056963436e-05, 0.999967275193286], [0.01709878333648938, 0.9829012107293904, 1.0715895550412254e-11, 5.923404362021746e-09], [2.1211223370816997e-09, 0.9999999400759219, 3.164530692918222e-12, 5.7799791306886645e-08], [0.0002040688802247309, 0.9997958897350214, 7.342598402847547e-09, 3.404215561079784e-08], [0.9962034758032655, 2.2528673534534033e-06, 0.0037941927120376485, 7.861734325880841e-08], [3.4825507611588254e-05, 3.818792895222397e-06, 0.9990945426573405, 0.0008668130421525703], [0.007031565283681367, 0.9832027369299681, 1.806756517048259e-08, 0.00976567971878526], [0.7124889549867656, 0.0002043625599621388, 0.286615023263365, 0.0006916591899071991], [0.9997655533965094, 0.0002280983334963557, 3.3218693912858423e-07, 6.0160830551527615e-06], [0.1426059699105682, 0.8526211058801376, 8.577918875014292e-05, 0.004687145020543878], [2.0020977141864284e-06, 0.9979444835213062, 0.0019982803655400174, 5.5234015439488894e-05], [0.00020371478591464794, 0.008468084284145352, 0.953375374653344, 0.03795282627659584], [1.1829286246500379e-06, 0.9618373701438256, 0.00011299454402099332, 0.03804845238352881], [0.0026047749370320386, 0.0018598675518379513, 3.8518127793630384e-08, 0.9955353189930022], [0.9948341385549411, 0.004922570937891783, 0.0002416968658948978, 1.5936412723146773e-06], [1.6424772534755375e-07, 0.9883775127010608, 0.011622314343189203, 8.708024776081737e-09], [0.2632986477319825, 7.705562085973811e-06, 7.534621561467403e-05, 0.7366183004903168], [0.00016816870509980995, 0.850594336362526, 0.0005201978892756191, 0.14871729704309844], [0.00046413456994925576, 0.30603247931731997, 0.004408204359015427, 0.6890951817537153], [6.446646206648394e-07, 0.05159178325421497, 1.390946822851515e-09, 0.9484075706902176], [0.0026998686547654908, 0.9936319239693697, 0.0001853327855683139, 0.003482874590296551], [0.0007358931768294348, 0.43537852053239545, 2.9353521308338688e-09, 0.563885583355423], [0.0630980586392017, 0.03162672518377858, 0.0002925087384835418, 0.9049827074385361], [0.9999306107707228, 5.340461584956672e-05, 6.537689197371712e-06, 9.446924230336868e-06], [1.684135236220447e-06, 3.783050479683894e-05, 0.9932742561616145, 0.006686229198352489], [0.10252753962822364, 0.000907874050591061, 0.04264749756383589, 0.8539170887573494], [0.006930313365751093, 0.8600251969915309, 0.00489051107235868, 0.12815397857035934], [0.9974558807868144, 0.0023025043618212664, 0.000209994475833817, 3.162037553040678e-05], [0.9722638213509343, 0.0010332703698681972, 8.625318201754835e-10, 0.026702907416665828], [2.140654562680167e-05, 2.527876750211175e-05, 9.61221449992089e-08, 0.9999532185647262], [0.012197461035153198, 0.010947646717869552, 0.01396429023614832, 0.9628906020108289], [4.591021172900018e-05, 0.004547336696451683, 0.35530687221868734, 0.640099880873132], [0.004308424370049638, 0.9788977383938041, 5.1694115764336194e-11, 0.016793837184452154], [0.009892520307246997, 0.3977820299607753, 7.10963363387252e-06, 0.5923183400983438], [1.0210546583787124e-05, 0.005386761858674994, 0.00028705982753609964, 0.9943159677672051], [0.00879759044543582, 0.8253150997214422, 0.023002799245051542, 0.1428845105880704], [0.004038999450806716, 0.0005500936805782614, 0.9952366336692163, 0.0001742731993985777], [0.0003195040149078358, 0.13679891610321882, 0.8313971618177953, 0.03148441806407793], [0.45368395564063185, 0.017575698587469376, 0.000188457651859895, 0.528551888120039], [4.484766465029757e-05, 0.035599786107727655, 1.2573549630629826e-07, 0.9643552404921257], [0.9983739510646167, 5.3178654744948943e-05, 0.0015384987790238354, 3.4371501614410165e-05], [0.9646518445800627, 0.02314888048582457, 1.8679750131501947e-05, 0.012180595183981154], [0.9972245646868064, 6.82011006423278e-05, 9.64088612479316e-08, 0.002707137803689923], [0.7027326869830204, 0.10925900245721219, 0.010303573584845035, 0.1777047369749224], [0.8647055919486463, 0.0003052974242282971, 1.76157713014613e-07, 0.1349889344694124], [0.2451489732104021, 0.5260337204541701, 3.680276905887884e-05, 0.22878050356636895], [7.275594129212193e-06, 0.9871232106440474, 0.00028598149865465195, 0.01258353226316873], [0.9908354472484106, 0.009091210714781294, 5.722607094615678e-05, 1.611596586184678e-05], [1.3041042663068642e-08, 0.00026073824641285594, 0.999738672440567, 5.76271977515139e-07], [0.013901579352090323, 3.4406054237637855e-05, 0.008249117173202038, 0.9778148974204701], [0.5333114553344278, 0.03670169079955827, 0.0006664945919595141, 0.4293203592740544], [0.9261809174447614, 0.07379223209253269, 1.0288064054123539e-08, 2.684017464189839e-05], [0.012787927460842943, 0.18086203710562465, 0.000460182734388221, 0.8058898526991441], [0.9783210281806428, 0.00045647085032490164, 4.401600507649887e-07, 0.021222060808981345], [2.662719916643834e-06, 0.002437586326160696, 7.526035911528639e-10, 0.997559750201319], [2.522150433122126e-06, 0.0009670585182154501, 1.0600409742907444e-08, 0.9990304087309417], [0.9983823034136039, 0.0010573539722797762, 0.00030334264009322203, 0.0002569999740230777], [0.02918756915144851, 0.00023073504427841173, 0.002334205784219645, 0.9682474900200534], [3.7922164291057526e-06, 8.418584757415114e-05, 5.069226094126541e-08, 0.9999119712437359], [0.7665355098502855, 0.0020769706823741112, 0.000676475292566802, 0.23071104417477353], [0.9998764585456495, 8.585641216874194e-05, 3.76655347633748e-05, 1.9507418381200403e-08], [1.4723765428987563e-05, 0.9999824831217247, 3.745902060149628e-07, 2.418522640322738e-06], [9.793173334285719e-05, 0.9512908683794303, 0.047013878442050225, 0.0015973214451766213], [0.15478914365723778, 0.005227652078161814, 5.508795098529855e-05, 0.8399281163136151], [0.0073175686229292845, 0.3621848274605165, 0.07352196925090924, 0.5569756346656449], [0.03530564436363166, 0.8137332012893173, 0.11355951748940268, 0.03740163685764846], [0.0815224928891514, 0.00011294881593878488, 3.5321810664230127e-07, 0.918364205076803], [0.01393030827575801, 0.7852269632078638, 0.0018191130974647368, 0.19902361541891347], [0.02394818676194848, 0.9433377033786824, 0.026856085317908618, 0.005858024541460391], [7.47502086265303e-08, 0.9988071574904142, 6.216223256261067e-10, 0.0011927671377550656], [8.223436880772733e-05, 0.9968817779914972, 9.792659542641916e-09, 0.003035977847035283], [0.0007924854815369995, 0.9227442955702738, 0.0011750697466612339, 0.07528814920152793], [0.01745566645904788, 0.8042538477772853, 2.1537381310890454e-06, 0.17828833202553576], [9.333942286304184e-07, 2.2700624695722e-06, 0.9920271511557492, 0.007969645387552462], [0.0007203646413615587, 0.9990422733377085, 2.215496375865877e-05, 0.00021520705717143388], [8.716824043698926e-08, 2.106234815778454e-05, 2.109577694348678e-07, 0.9999786395258322], [4.183072903070049e-06, 0.4787880975858994, 0.018089593733614177, 0.5031181256075833], [0.7548722871013318, 0.007988924746171687, 0.14219444957086147, 0.09494433858163513], [4.4578377406927755e-07, 0.028862139461353478, 9.76752691835443e-06, 0.9711276472279541], [0.00012035720265336626, 0.9996546533056936, 0.00021068369290223329, 1.4305798750724748e-05]]}}