{"test": {"ids": ["113122320", "106118301", "99108310", "97116790", "105113210", "105116980", "109114651", "97105960", "113120640", "108119330", "97106600", "103118110", "110115890", "110119030", "108116120", "98106111", "110120640", "111114941", "111119250", "107119130", "113121010", "102110240", "102114270", "107114110", "112117471", "99107500", "101116130", "112116451", "111120190", "99117740", "108118630", "101112540", "107118820", "109114030", "101111210", "113122430", "113120070", "105111990", "99109910", "113119340", "107114490", "98110810", "112120640", "112118820", "112119610", "113118870", "99108330", "110119891", "111114171", "97106970", "107120010", "112118581", "105115250", "98113881", "111120591", "108116070", "106117770", "105113620", "101112201", "101117580", "110115980", "99107640", "104113170", "110118930", "110114920", "113117401", "108118291", "113121980", "100108080", "106116850", "102110500", "110120700", "101109370", "113122230", "98111620", "99116500", "100109000", "98108970", "98106560", "105113480", "106114321", "112119120", "99111440", "109115211", "103113101", "112119980", "112116850", "109119340", "112120670", "99109840", "113121810", "105113190", "97105580", "104116980", "107117630", "99109740", "107118490", "113120531", "103109791", "98108150", "111119610", "108113480", "103111540", "106112770", "107113260", "109113281", "107113840", "113122170", "103113210", "103113260", "101114990", "107115250", "110113591", "107121700", "108115970", "112118890", "111116040", "111116750", "107116340", "100109311", "105117200", "111116990", "104114740", "113120260", "113119320", "100108580", "103110100", "102110850", "100108990", "107113550", "113121220", "111120640", "106119580", "104111550", "103120780", "107118520", "103120531", "111116170", "107114200", "99117630", "103113270", "97112830"], "labels": [1, 1, 2, 2, 3, 0, 3, 2, 0, 0, 3, 2, 2, 0, 1, 0, 0, 0, 1, 1, 2, 3, 3, 1, 3, 0, 2, 0, 3, 2, 1, 2, 3, 1, 2, 2, 2, 2, 2, 0, 3, 1, 0, 0, 0, 0, 1, 3, 3, 2, 1, 1, 2, 3, 1, 1, 0, 0, 0, 3, 1, 1, 3, 1, 3, 3, 3, 2, 0, 3, 3, 2, 1, 1, 3, 2, 1, 3, 1, 0, 2, 1, 3, 0, 3, 0, 0, 3, 2, 2, 2, 3, 1, 1, 0, 3, 2, 0, 3, 0, 2, 0, 1, 1, 0, 0, 3, 1, 3, 3, 3, 2, 0, 3, 2, 3, 0, 3, 3, 1, 3, 0, 2, 3, 1, 0, 1, 3, 2, 0, 3, 0, 3, 1, 1, 2, 3, 0, 2, 3, 2, 2], "predicted_labels": [3, 2, 1, 0, 0, 1, 0, 3, 3, 3, 2, 3, 1, 1, 2, 0, 3, 2, 3, 2, 1, 1, 1, 3, 1, 1, 3, 3, 1, 1, 3, 1, 1, 1, 1, 2, 3, 0, 1, 1, 3, 1, 1, 0, 2, 1, 3, 3, 3, 3, 2, 0, 1, 1, 1, 1, 0, 1, 1, 0, 3, 1, 1, 1, 3, 3, 0, 3, 3, 0, 3, 2, 2, 1, 1, 2, 1, 1, 3, 3, 1, 3, 1, 3, 3, 3, 2, 1, 3, 1, 0, 2, 0, 1, 0, 1, 3, 3, 3, 1, 3, 0, 0, 1, 1, 1, 0, 1, 1, 3, 1, 0, 2, 1, 3, 1, 0, 3, 1, 3, 1, 0, 2, 1, 0, 1, 3, 2, 3, 3, 3, 1, 3, 3, 1, 1, 2, 3, 3, 3, 3, 3], "confidence_scores": [[0.14592858033177047, 0.33123078952680246, 0.09671907073583197, 0.42612155940559526], [0.24006177976894866, 0.160303380621547, 0.32113789232166545, 0.2784969472878391], [0.3295147489054952, 0.341000475635593, 0.12051062239098294, 0.20897415306792888], [0.32093758922394866, 0.2256763198829618, 0.2863770389235897, 0.1670090519694998], [0.38413487688151954, 0.25114491574385983, 0.16345026475889127, 0.20126994261572953], [0.18925307494142737, 0.6197689129595015, 0.05047645929647336, 0.14050155280259782], [0.4339524427345989, 0.18104155843630224, 0.17277701291167377, 0.2122289859174251], [0.11399195253760852, 0.1866075435590544, 0.2777158266955469, 0.42168467720779024], [0.1043729198413967, 0.3537277482339323, 0.12909738205487933, 0.41280194986979174], [0.280023205773942, 0.18587252959024503, 0.25248640813983814, 0.2816178564959749], [0.21097403171447285, 0.20543064091457228, 0.32775481667244644, 0.25584051069850844], [0.1377192273640354, 0.27747363993400964, 0.2573332012388248, 0.32747393146313025], [0.14364164461134682, 0.5223081023575765, 0.15820666047974669, 0.1758435925513298], [0.13672852388566348, 0.42889956540099017, 0.12140901946089373, 0.31296289125245247], [0.22961688291155075, 0.24243569824318245, 0.3502830517924603, 0.1776643670528065], [0.3879725389267829, 0.20804351546864439, 0.1908440687869719, 0.21313987681760077], [0.2775443347128484, 0.2008228229200491, 0.11988691946416556, 0.401745922902937], [0.19278782748763373, 0.21064698730545237, 0.3628158012446516, 0.2337493839622625], [0.25563300940707434, 0.17224790125903772, 0.25284285227625336, 0.31927623705763464], [0.26807814127986257, 0.16513251995287004, 0.3332280047246054, 0.23356133404266197], [0.2368187015500452, 0.362936574317901, 0.1869267440624351, 0.21331798006961888], [0.14850034566145673, 0.3731382702789416, 0.2347972156004777, 0.24356416845912404], [0.17243018421625053, 0.5660122797556456, 0.1182869206934593, 0.14327061533464472], [0.17623990441722362, 0.22528146792703135, 0.14239090059986206, 0.4560877270558829], [0.06616512034543333, 0.5037861672812916, 0.05778502853933927, 0.37226368383393593], [0.1398049909608231, 0.4362031478139329, 0.1435923847836687, 0.2803994764415754], [0.30073589191926814, 0.19226030977645628, 0.15227316755526438, 0.3547306307490114], [0.12493945850915981, 0.27638266339371076, 0.07716107172209137, 0.5215168063750382], [0.1356782342861545, 0.6685687377247778, 0.05760902796622739, 0.13814400002284036], [0.16340520649648324, 0.6164457742230027, 0.11757114146475947, 0.10257787781575449], [0.19816974997391082, 0.20407336983348157, 0.2139310511945466, 0.38382582899806106], [0.2741322126644757, 0.303293300813449, 0.12727161123568645, 0.29530287528638877], [0.2198775156435907, 0.3651416221828295, 0.1338698582614077, 0.2811110039121722], [0.23895456619100852, 0.41265073044104034, 0.1725704705256076, 0.17582423284234366], [0.20784838074993864, 0.3853818521361779, 0.09696875679338123, 0.3098010103205023], [0.11669056848818611, 0.19781755683915192, 0.5267638946671123, 0.15872798000554966], [0.18504094574306498, 0.2975705874603061, 0.21024459516607633, 0.3071438716305525], [0.649142176613721, 0.09841135513704123, 0.05403189259055442, 0.19841457565868337], [0.1860893042817789, 0.48785970435955545, 0.17475266130078923, 0.15129833005787652], [0.2992919153028756, 0.3809650292996713, 0.12209956438317093, 0.19764349101428233], [0.06956361654100143, 0.12499552894017242, 0.06411773125460292, 0.7413231232642233], [0.2599277490942405, 0.3733903792904616, 0.19764969174163774, 0.16903217987366032], [0.13922738266955478, 0.3663457236068078, 0.32162735931317504, 0.17279953441046242], [0.4794630606655929, 0.27885878070059944, 0.09055616702895865, 0.15112199160484913], [0.15141286265196796, 0.23692124997158873, 0.40624711694442134, 0.2054187704320221], [0.21666381926672434, 0.29772488860276336, 0.2522584148387726, 0.23335287729173984], [0.13695535844219459, 0.23986987116418282, 0.22540833818507033, 0.3977664322085524], [0.08411645800951278, 0.17022156410413836, 0.2006201518987868, 0.5450418259875621], [0.2977383931072659, 0.14769945933393736, 0.12144925657730961, 0.4331128909814871], [0.10377783201895341, 0.35782614486023706, 0.1584565697463918, 0.37993945337441776], [0.07523932258397, 0.08436748054054166, 0.6946485439342027, 0.14574465294128555], [0.6216163652477023, 0.1303831290622468, 0.09877421301939474, 0.14922629267065615], [0.10059462196196281, 0.6256079518107249, 0.07518965305907513, 0.19860777316823708], [0.2005821310680759, 0.40994969035908674, 0.2716452094330963, 0.11782296913974125], [0.205760565007472, 0.39365879840125234, 0.09305205025134701, 0.30752858633992886], [0.14218996241121526, 0.6573089232661526, 0.11332635869952987, 0.0871747556231023], [0.3095781839247931, 0.25296349516062444, 0.2557560031296023, 0.18170231778498047], [0.14443503426017565, 0.5305390737216705, 0.14406743064910552, 0.18095846136904833], [0.1768464353260138, 0.44032367920063936, 0.09875284489389631, 0.28407704057945043], [0.35766617057885997, 0.28101456420507154, 0.18464231310171203, 0.17667695211435655], [0.13749076134290614, 0.14673687714139308, 0.16939841834231922, 0.5463739431733816], [0.12665647199533056, 0.38929501038086395, 0.2866812171272509, 0.19736730049655463], [0.18376689570124533, 0.6004537233118896, 0.12051784061425715, 0.09526154037260796], [0.25238566068781987, 0.3596507622557284, 0.07444031224465798, 0.3135232648117938], [0.1510815043767826, 0.2657923558768385, 0.09029796311892332, 0.4928281766274558], [0.16923115025811467, 0.23453208187564972, 0.08477285602517973, 0.511463911841056], [0.5600231301052782, 0.17362785405862202, 0.08110866744783495, 0.18524034838826497], [0.11167548969002775, 0.2318976399476386, 0.22381418488545277, 0.43261268547688086], [0.3786670823544956, 0.17063485854969407, 0.046895830452555326, 0.4038022286432551], [0.5729797413877865, 0.11466970035148003, 0.10795524027086024, 0.20439531798987326], [0.2598262641096784, 0.18356144385100526, 0.21184447299553422, 0.3447678190437823], [0.2799861244229806, 0.08093834408883138, 0.32648363275518716, 0.31259189873300086], [0.10492026941345124, 0.06664743146998572, 0.6927797843972111, 0.13565251471935189], [0.22377040192099465, 0.34418611616654754, 0.14662405137085563, 0.28541943054160235], [0.08907586371329758, 0.4012270911571871, 0.3720886867318903, 0.13760835839762503], [0.2042170824830822, 0.1876357292049949, 0.36169249568498746, 0.24645469262693567], [0.17853546192045355, 0.433852798487009, 0.12987254092992231, 0.25773919866261513], [0.11334337544624801, 0.7095037291443448, 0.08735411108423201, 0.08979878432517527], [0.26770159275879246, 0.1609230104521089, 0.1228711172588554, 0.4485042795302433], [0.13337554169906737, 0.15309738021074662, 0.31020280542917017, 0.4033242726610158], [0.24073631262646134, 0.3402558628588456, 0.29126950281792113, 0.1277383216967718], [0.20223192125869568, 0.20133226989906533, 0.1652549383450814, 0.4311808704971575], [0.15668827691656334, 0.4638138926857179, 0.17519806555681275, 0.204299764840906], [0.1863325496107066, 0.16904349080569883, 0.07905543055305252, 0.5655685290305422], [0.15013023715426502, 0.30092922243760395, 0.08394157841808637, 0.46499896199004465], [0.20618473197696774, 0.25554542893137133, 0.11658249219368103, 0.42168734689797993], [0.2699187564286455, 0.24567828435779812, 0.3038594294310933, 0.18054352978246313], [0.2726665048928202, 0.3177487798519888, 0.1439708117964903, 0.2656139034587007], [0.21477776610766106, 0.2198572002327214, 0.06567145927676057, 0.499693574382857], [0.09841707975433703, 0.5505318771061808, 0.1954430971536219, 0.1556079459858603], [0.33037675948611306, 0.27236609094, 0.25694515737467455, 0.14031199219921248], [0.26693752580558494, 0.12484629875354467, 0.33439356011953153, 0.2738226153213389], [0.5085992212401698, 0.12560400183294962, 0.1604638076384571, 0.2053329692884237], [0.24703874066825202, 0.42243259449164233, 0.1417228483488225, 0.18880581649128322], [0.3906071689471016, 0.10518757347617752, 0.32554837879807, 0.17865687877865072], [0.17545838096305316, 0.4091500218296159, 0.21959375497158584, 0.1957978422357452], [0.09575542939641475, 0.2947195240980188, 0.1757767029482132, 0.4337483435573532], [0.1961425652610321, 0.17689399163245884, 0.125446455273187, 0.5015169878333221], [0.2768915365732407, 0.19408249359846858, 0.11614298348860858, 0.4128829863396822], [0.19720402311231028, 0.5392890631797901, 0.14187272476700477, 0.12163418894089494], [0.21005581785031285, 0.2430382169543933, 0.23424046557339687, 0.3126654996218971], [0.564649267953506, 0.17746259170204445, 0.1050640809007119, 0.15282405944373775], [0.3494447307463245, 0.34666799401498183, 0.11548054399801172, 0.18840673124068216], [0.07415085542767237, 0.7213763239775165, 0.13244278498366918, 0.07203003561114198], [0.2528671829285117, 0.3038246879699495, 0.21520368833645237, 0.2281044407650864], [0.155352605119897, 0.3554371147946933, 0.1458536224497568, 0.3433566576356529], [0.4608488525104093, 0.2121856832918232, 0.12377585655868649, 0.20318960763908095], [0.09756265494714382, 0.43107557939441304, 0.2117913898531794, 0.2595703758052637], [0.17007846514975472, 0.5077162925580553, 0.19877522984214746, 0.12343001245004269], [0.19019983787688693, 0.23321699492058867, 0.1434100208319794, 0.4331731463705451], [0.12035384298964474, 0.4150333288915798, 0.3594983908487986, 0.10511443726997699], [0.40664349804121014, 0.18998358145377328, 0.15137596287826335, 0.25199695762675334], [0.08286543455665682, 0.0790483875585419, 0.44756487826596897, 0.3905212996188323], [0.220373479333229, 0.5281305145478169, 0.11219860272765837, 0.13929740339129576], [0.3120808954759521, 0.119420000575986, 0.11527323148298611, 0.4532258724650758], [0.07223274169528013, 0.5748625351714449, 0.06267130093893845, 0.29023342219433645], [0.5448886624425054, 0.12464907922136559, 0.12249552971474825, 0.20796672862138071], [0.27844348245708034, 0.14030370325761066, 0.08943492071883952, 0.4918178935664696], [0.1400703300332896, 0.6298183851325131, 0.0938277590467726, 0.13628352578742478], [0.08290287321875862, 0.13187806544875316, 0.0795624015359703, 0.7056566597965179], [0.1730249193067462, 0.3976204709823323, 0.24169499244635254, 0.1876596172645691], [0.5994756869400804, 0.12291451266774375, 0.1154657546668596, 0.16214404572531618], [0.23346309880800364, 0.23467032879426658, 0.3082563113061299, 0.2236102610915999], [0.16159419068699118, 0.34853234922234105, 0.2252546328284324, 0.26461882726223535], [0.6194503238216881, 0.10541352732423613, 0.06801570541883725, 0.20712044343523858], [0.18464498985627953, 0.37447688023734876, 0.19372268381391222, 0.24715544609245968], [0.20753316926719795, 0.26613795846589766, 0.2107814371123403, 0.31554743515456424], [0.23847073427829935, 0.2820144327624305, 0.3302610774405138, 0.1492537555187564], [0.20939546115153512, 0.20472549689359712, 0.13528133712064766, 0.45059770483421996], [0.17757393125707502, 0.33510466878011336, 0.14367309772473696, 0.3436483022380746], [0.15958483805460966, 0.21105009541279282, 0.2800837232253658, 0.3492813433072317], [0.29526497286035974, 0.3871162112813971, 0.19238757823163374, 0.12523123762660945], [0.1416306795607762, 0.3493908185882117, 0.12960597920204714, 0.379372522648965], [0.09176559219410801, 0.3331647599956063, 0.1484617934752507, 0.4266078543350349], [0.15558315512338095, 0.5829679291628527, 0.13560581326414273, 0.12584310244962368], [0.16209862151435042, 0.4399821303442154, 0.1745311765536319, 0.22338807158780213], [0.09660470594681211, 0.36720053010749787, 0.41420758180131967, 0.12198718214437049], [0.2857695335420765, 0.20770488792067232, 0.18884036898958517, 0.3176852095476659], [0.13545619872672338, 0.24948851207671785, 0.06164148179018283, 0.553413807406376], [0.2153623020302313, 0.2503504617672479, 0.16095500086661246, 0.3733322353359083], [0.12902173852265095, 0.3039775047941854, 0.2453363933570809, 0.32166436332608284], [0.12550452844834561, 0.15752241142734952, 0.3424477172068274, 0.3745253429174775]]}, "rewritten": {"ids": ["97105580", "97105960", "97106600", "97106970", "97112830", "97116790", "98106111", "98106560", "98108150", "98108970", "98110810", "98111620", "98113881", "99107500", "99107640", "99108310", "99108330", "99109740", "99109840", "99109910", "99111440", "99116500", "99117630", "99117740", "100108080", "100108580", "100108990", "100109000", "100109311", "101109370", "101111210", "101112201", "101112540", "101114990", "101116130", "101117580", "102110240", "102110500", "102110850", "102114270", "103109791", "103110100", "103111540", "103113101", "103113210", "103113260", "103113270", "103118110", "103120531", "103120780", "104111550", "104113170", "104114740", "104116980", "105111990", "105113190", "105113210", "105113480", "105113620", "105115250", "105116980", "105117200", "106112770", "106114321", "106116850", "106117770", "106118301", "106119580", "107113260", "107113550", "107113840", "107114110", "107114200", "107114490", "107115250", "107116340", "107117630", "107118490", "107118520", "107118820", "107119130", "107120010", "107121700", "108113480", "108115970", "108116070", "108116120", "108118291", "108118630", "108119330", "109113281", "109114030", "109114651", "109115211", "109119340", "110113591", "110114920", "110115890", "110115980", "110118930", "110119030", "110119891", "110120640", "110120700", "111114171", "111114941", "111116040", "111116170", "111116750", "111116990", "111119250", "111119610", "111120190", "111120591", "111120640", "112116451", "112116850", "112117471", "112118581", "112118820", "112118890", "112119120", "112119610", "112119980", "112120640", "112120670", "113117401", "113118870", "113119320", "113119340", "113120070", "113120260", "113120531", "113120640", "113121010", "113121220", "113121810", "113121980", "113122170", "113122230", "113122320", "113122430"], "labels": [1, 2, 3, 2, 2, 2, 0, 1, 0, 3, 1, 3, 3, 0, 1, 2, 1, 3, 2, 2, 3, 2, 3, 2, 0, 0, 2, 1, 1, 1, 2, 0, 2, 3, 2, 3, 3, 3, 3, 3, 3, 1, 1, 3, 3, 3, 2, 2, 3, 1, 1, 3, 2, 1, 2, 3, 3, 0, 0, 2, 0, 3, 1, 2, 3, 0, 1, 3, 0, 0, 3, 1, 2, 3, 2, 3, 0, 2, 2, 3, 1, 1, 3, 0, 2, 1, 1, 3, 1, 0, 0, 1, 3, 0, 3, 0, 3, 2, 1, 1, 0, 3, 0, 2, 3, 0, 0, 0, 3, 0, 1, 2, 3, 1, 0, 0, 0, 3, 1, 0, 3, 1, 0, 0, 0, 2, 3, 0, 1, 0, 2, 3, 0, 0, 2, 3, 2, 2, 1, 1, 1, 2], "predicted_labels": [0, 0, 2, 1, 1, 3, 0, 3, 1, 1, 1, 1, 1, 1, 1, 0, 1, 2, 1, 3, 1, 2, 1, 1, 0, 1, 1, 3, 3, 1, 3, 1, 1, 2, 1, 1, 1, 3, 1, 1, 1, 3, 1, 1, 1, 3, 3, 1, 2, 1, 1, 2, 1, 1, 3, 3, 1, 3, 1, 1, 1, 3, 2, 3, 0, 1, 0, 3, 1, 3, 2, 3, 3, 3, 1, 1, 0, 1, 1, 1, 1, 2, 1, 0, 3, 1, 2, 3, 3, 0, 0, 3, 0, 3, 3, 3, 1, 3, 3, 1, 1, 3, 1, 3, 1, 0, 0, 3, 3, 0, 2, 2, 0, 3, 2, 3, 3, 1, 1, 0, 3, 3, 3, 3, 1, 3, 3, 1, 0, 1, 1, 1, 0, 1, 1, 3, 3, 3, 1, 3, 3, 2], "confidence_scores": [[0.4570909872595745, 0.1294094661991152, 0.13578295837652518, 0.2777165881647853], [0.3500430627456278, 0.22311508786661843, 0.15765944156606831, 0.2691824078216855], [0.23635628515859622, 0.23513443388275593, 0.26586552549370734, 0.2626437554649404], [0.2087806056819184, 0.35085084428879226, 0.28665735650749724, 0.15371119352179208], [0.10462290897975934, 0.3881836940963378, 0.22760315921633087, 0.279590237707572], [0.16115264040083038, 0.07880626659642402, 0.3690945731667507, 0.39094651983599493], [0.38477400782237775, 0.20935247779513158, 0.19476862800538727, 0.21110488637710345], [0.24756789525574682, 0.18192914212481498, 0.1467254002685718, 0.42377756235086644], [0.16515541948615034, 0.5496590591672823, 0.15554434392388947, 0.12964117742267803], [0.08591356462417463, 0.5971748152329359, 0.1538930407021828, 0.1630185794407068], [0.2707726029783608, 0.38718478052276034, 0.17555897335453896, 0.16648364314434], [0.04749982334364299, 0.7594262130878494, 0.10514124963285054, 0.08793271393565705], [0.20477333962061695, 0.40672590233818373, 0.2340640457495471, 0.15443671229165226], [0.09023007597859058, 0.40507932770059996, 0.2641287349424776, 0.24056186137833188], [0.16668444246976571, 0.3036141833652753, 0.2425929412657858, 0.2871084328991732], [0.635191774674724, 0.13903105391776974, 0.09107254150717053, 0.13470462990033577], [0.09341940705303492, 0.43428209250872735, 0.16576901060652277, 0.30652948983171496], [0.10273680324570902, 0.3395715255787704, 0.46882552979500713, 0.08886614138051342], [0.08207570299564969, 0.6099952726494653, 0.19344099845750895, 0.11448802589737615], [0.10668430359885465, 0.27771003263226546, 0.25098339588417506, 0.3646222678847049], [0.3407188387593709, 0.3518444638474092, 0.16864093358723306, 0.13879576380598685], [0.2173776150577809, 0.1762514210213724, 0.37865335861298965, 0.2277176053078572], [0.1394636837691913, 0.49180855937030854, 0.15279245049259535, 0.2159353063679048], [0.27419305585827936, 0.41604855609968955, 0.1477528913316921, 0.16200549671033898], [0.3614968253006819, 0.2015605270414802, 0.12578581512091963, 0.3111568325369184], [0.10575225572304647, 0.6095226357457505, 0.15657369166319496, 0.12815141686800816], [0.1823138116877943, 0.3760599099672541, 0.13326294457044663, 0.308363333774505], [0.1780404380601277, 0.1545330169379451, 0.09922939507216866, 0.5681971499297587], [0.0797275944498176, 0.11491625171098367, 0.09168914033934786, 0.7136670134998511], [0.1403405517560015, 0.5624092335545602, 0.15579272076552936, 0.14145749392390902], [0.1651308914805021, 0.16359721797764426, 0.08753571606343283, 0.5837361744784209], [0.12899495697122892, 0.4939693122811503, 0.11137968250057345, 0.2656560482470473], [0.17464321443847003, 0.36442863326186153, 0.1790486686463034, 0.281879483653365], [0.09926647013976907, 0.33459457737680265, 0.4670429481008969, 0.09909600438253151], [0.18496011174478486, 0.34437011886154256, 0.24577615594292485, 0.22489361345074776], [0.3463654688441689, 0.34798741801243205, 0.1510944597746409, 0.1545526533687581], [0.22563891707942452, 0.5365438806667014, 0.058653189386368806, 0.17916401286750538], [0.3155431825595774, 0.23227634127792882, 0.11094178131587851, 0.34123869484661523], [0.256919258518701, 0.36261446919019247, 0.22867873314214468, 0.151787539148962], [0.2589108612903265, 0.3226229067338261, 0.19457799873371837, 0.22388823324212928], [0.2829963428687605, 0.5279506988811545, 0.06184422418144763, 0.1272087340686374], [0.25544317618126056, 0.2319013012345154, 0.16014389501582416, 0.35251162756839993], [0.20215883979489235, 0.5779478346968924, 0.09418861983386818, 0.12570470567434716], [0.2794491550545208, 0.32186864455235514, 0.09693556656707923, 0.3017466338260447], [0.28889759060308035, 0.4009467774788769, 0.11670507811247732, 0.19345055380556528], [0.17873314442657476, 0.36060368161098866, 0.08536023970599105, 0.3753029342564456], [0.15032098321707685, 0.21429507225561642, 0.1232718915152289, 0.5121120530120777], [0.2582348433986798, 0.27420552892788036, 0.21101167270706728, 0.2565479549663725], [0.1201609402676548, 0.3275037861427005, 0.44150233411495754, 0.1108329394746871], [0.30929596493685785, 0.35715252338439174, 0.14038653013086383, 0.19316498154788664], [0.25225462156032147, 0.2994126311491197, 0.2785275264282418, 0.1698052208623171], [0.0793433901655221, 0.08685585854588988, 0.7391457058015432, 0.09465504548704484], [0.2007783897812715, 0.3300664256957606, 0.16444464240959558, 0.3047105421133724], [0.13538414219322117, 0.5076036519701258, 0.17067473553992826, 0.18633747029672473], [0.38429120426276403, 0.13904587036884541, 0.08399968761262955, 0.39266323775576106], [0.27315584892790695, 0.11427708034725334, 0.24587552407741886, 0.36669154664742093], [0.2670250663422188, 0.2914542200584667, 0.15859939453505664, 0.2829213190642579], [0.20124817769900433, 0.20895170319930195, 0.27150244973293836, 0.3182976693687554], [0.12841853582125567, 0.4173116568310437, 0.1453202527603618, 0.3089495545873388], [0.08901023572588984, 0.7195243037927984, 0.09023103449432297, 0.10123442598698873], [0.16777853339263946, 0.6332006744788762, 0.03372554382849633, 0.16529524829998798], [0.09978579407743138, 0.35447341992016235, 0.16081271587119758, 0.38492807013120883], [0.16582512211681935, 0.1771386356999532, 0.43341958031230804, 0.22361666187091936], [0.12984395380719144, 0.20305350325437949, 0.05798000180086585, 0.6091225411375631], [0.5309004112579065, 0.13821363318958263, 0.0886312765515154, 0.24225467900099543], [0.22353778611868858, 0.30553929395635043, 0.2206300059121634, 0.2502929140127975], [0.3787246166844955, 0.1586174042854829, 0.09319101001168323, 0.36946696901833836], [0.17789420017033747, 0.28795975547303143, 0.12515618356493233, 0.40898986079169874], [0.12867052544460342, 0.4831025327653036, 0.09473940355017857, 0.29348753823991447], [0.10994638763530407, 0.23186269441947457, 0.07206352840627102, 0.5861273895389503], [0.265731226516982, 0.25405567236842447, 0.27866745525192205, 0.20154564586267146], [0.1972457188888545, 0.14520981906308256, 0.1787063260794913, 0.47883813596857167], [0.201564638155023, 0.23717687980706087, 0.0703465913430617, 0.4909118906948546], [0.05563757474079251, 0.18593841489539958, 0.0930577029656627, 0.6653663073981452], [0.2545867290161842, 0.3185409321827692, 0.18820794839837687, 0.2386643904026699], [0.1780266311231251, 0.46094127303923343, 0.2937658975424876, 0.06726619829515391], [0.5157818768018366, 0.08257407377462404, 0.2586678793420524, 0.1429761700814869], [0.09993186444803162, 0.4389636012723725, 0.14181882091776526, 0.3192857133618306], [0.22646259844687758, 0.4170894019125289, 0.11873010258801694, 0.2377178970525767], [0.17898374317738028, 0.464473144304766, 0.08038636568699356, 0.27615674683086017], [0.1556175370133939, 0.3477662709224032, 0.15875735518389963, 0.33785883688030327], [0.05139723160003901, 0.09305461495916761, 0.634845574763494, 0.22070257867729937], [0.24058548850541514, 0.47943129195678935, 0.15723489506674349, 0.1227483244710521], [0.5257738728531363, 0.12012512215252232, 0.235389796400087, 0.11871120859425441], [0.16096565772781674, 0.1470200757136983, 0.05996267044190143, 0.6320515961165836], [0.11267389592754903, 0.5104451161005525, 0.28842191957158086, 0.08845906840031748], [0.2430605994623974, 0.12202771687028226, 0.41662732940768443, 0.218284354259636], [0.30994083095365793, 0.23952842258069934, 0.09824279763809701, 0.3522879488275458], [0.10499141538861134, 0.26908929499893575, 0.11322788042547868, 0.5126914091869743], [0.4438575652308994, 0.11889282159680932, 0.1494420394670589, 0.28780757370523247], [0.30316987761042496, 0.17526493222580364, 0.28875596510941653, 0.232809225054355], [0.18881914841630607, 0.1569313565087475, 0.27597820531044276, 0.3782712897645035], [0.2766959174864842, 0.2721081365107456, 0.20570074045300604, 0.24549520554976423], [0.08790061117674977, 0.3335815212074795, 0.17073204649092097, 0.4077858211248498], [0.2666365971160135, 0.21742505515860122, 0.23501338555200732, 0.280924962173378], [0.08759518269897022, 0.06562853590128719, 0.062269344762514535, 0.7845069366372281], [0.14180284617628452, 0.4106876606574126, 0.05859409204284499, 0.3889154011234579], [0.19619779265189718, 0.14103632665374952, 0.06869939080790252, 0.5940664898864507], [0.18012382885382047, 0.1434961042325327, 0.19325681860926522, 0.4831232483043816], [0.11114373707799095, 0.7247301373783079, 0.06854762683325688, 0.09557849871044449], [0.09358084696187936, 0.6858878010628847, 0.13495736639911504, 0.08557398557612082], [0.05658681007221029, 0.28897430011435915, 0.036714127209083, 0.6177247626043475], [0.2625871775863816, 0.4437909764127831, 0.09897136820371391, 0.19465047779712147], [0.2649514975089352, 0.1157382295283749, 0.2674979022106159, 0.3518123707520739], [0.1357157633649125, 0.5410326200149185, 0.09157049273141903, 0.23168112388874992], [0.3624441602574604, 0.16385523885714928, 0.1132106415757337, 0.3604899593096569], [0.42519487008681206, 0.23039383765570381, 0.10798029237664081, 0.23643099988084346], [0.37306715726389694, 0.1231139834494309, 0.062339075422462066, 0.44147978386421016], [0.17264203142239426, 0.14862277967490942, 0.09465663209295526, 0.584078556809741], [0.5538029568990269, 0.21629249755517624, 0.09780348200283584, 0.13210106354296103], [0.12230125367043881, 0.20536452705712785, 0.489975725428012, 0.18235849384442138], [0.27953470336385017, 0.16280262682805138, 0.33645610559638583, 0.22120656421171273], [0.42018476995048476, 0.3511523432616289, 0.14222069584938785, 0.08644219093849854], [0.29215928229015187, 0.2913604744442633, 0.06697208514453173, 0.3495081581210531], [0.19813230295304315, 0.211975226909232, 0.4700287936347029, 0.11986367650302185], [0.11321655557711788, 0.25287020914630093, 0.04350553159217156, 0.5904077036844098], [0.16334091713803334, 0.14671359258673464, 0.05173752090536854, 0.6382079693698635], [0.12094257661834898, 0.6793003176521936, 0.05391569220409405, 0.1458414135253634], [0.16299049017155143, 0.5327937181856809, 0.18413079081734723, 0.12008500082542035], [0.7359194034744176, 0.11994832668850652, 0.06933410151543004, 0.07479816832164606], [0.13075720544931727, 0.35878920765328304, 0.09421445108497992, 0.41623913581241984], [0.16540528013943587, 0.2899512206955261, 0.20669967341223452, 0.33794382575280346], [0.12055021624609237, 0.16430419948167044, 0.29881265548969016, 0.41633292878254696], [0.22761549241602666, 0.14318085215147672, 0.10228146163928267, 0.5269221937932139], [0.1226912429791909, 0.49588012629983397, 0.17359620478835092, 0.20783242593262433], [0.31852938299068484, 0.2700553324060347, 0.07064421542231643, 0.34077106918096406], [0.13703835107686083, 0.22814422383394473, 0.1839604646960068, 0.4508569603931877], [0.14823386468713495, 0.43739591783430526, 0.10827202078321596, 0.3060981966953439], [0.37620534406304706, 0.17430698924946536, 0.17760946268870406, 0.27187820399878354], [0.15092974647409502, 0.5955042471780202, 0.10409410277417494, 0.14947190357370987], [0.1398266701507985, 0.45535398452789605, 0.18719867833833487, 0.21762066698297072], [0.20022812604255888, 0.32128281841135076, 0.16174674500173888, 0.3167423105443516], [0.5839851918833553, 0.1115573781118509, 0.06472170732086621, 0.23973572268392748], [0.2432126147957041, 0.3193150596450939, 0.145945845216471, 0.2915264803427311], [0.13036799081364603, 0.5022266603039799, 0.2059340511021296, 0.16147129778024472], [0.3400048742433257, 0.11519993314910029, 0.04990144786313684, 0.49489374474443715], [0.12942114388135642, 0.30827756463329026, 0.24625333992778128, 0.3160479515575722], [0.11122779254952503, 0.28663763726327585, 0.26927583338459893, 0.33285873680260025], [0.08073455946868664, 0.4839612692060455, 0.15897861434084695, 0.27632555698442096], [0.1119504187480131, 0.36758145322038327, 0.09471689251190088, 0.42575123551970273], [0.18974378643512965, 0.2690634054720541, 0.1302810723179181, 0.41091173577489815], [0.1213388525828737, 0.28173440530802096, 0.3879229677918017, 0.20900377431730366]]}}