{"test": {"ids": ["107113360", "107112840", "112116290", "111116750", "106115240", "98107210", "102110240", "105113440", "109115380", "112117461", "105119550", "110113591", "111119150", "107121640", "109117080", "108114670", "102109840", "111120220", "99109311", "100109000", "112119950", "111119290", "99108010", "99116500", "104111711", "111119430", "113118111", "107121230", "111119300", "112118161", "105113330", "107115140", "97113260", "109113281", "111117571", "113118630", "97114170", "113118231", "100111380", "107114110", "113121950", "107118490", "106117790", "102113350", "101112160", "101108121", "111118820", "112121351", "101110740", "111120190", "110118930", "98109090", "104114410", "101119591", "104116980", "110114321", "113120640", "99120010", "99111340", "103112470", "104118070", "106118161", "109117630", "113119300", "110119891", "97105760", "107113840", "107116501", "113118620", "98112170", "105120280", "107114200", "109115070", "110117200", "102109850", "109119591", "104111380", "100109801", "109120621", "108117451", "100109330", "97116410", "110118161", "99107640", "99112840", "98119591", "109115211", "113120070", "107114780", "102113981", "111119250", "107113550", "107121700", "101116130", "97107040", "113122510", "102114270", "110114950", "99121440", "113119700", "106113260", "105119950", "110121450", "111116010", "109118820", "101114990", "113120280", "102112301", "111116990", "112118620", "112121360", "107114490", "97106591", "99113260", "99111930", "110118301", "112120670", "106114280", "107120010", "103120780", "111120640", "113121010", "104113170", "100116790", "99119830", "107114140", "100113210", "98111620", "108120621", "103111170", "110117080", "111120531", "102110500", "97105960", "104111550", "102108621", "108115250", "107117010", "112116850", "102121700", "98116500", "99108310"], "labels": [0, 1, 0, 3, 1, 1, 3, 0, 3, 0, 1, 0, 3, 1, 1, 3, 2, 3, 1, 1, 0, 3, 2, 2, 1, 3, 1, 0, 1, 0, 3, 0, 1, 0, 3, 3, 2, 3, 3, 1, 3, 2, 1, 3, 3, 0, 0, 0, 3, 3, 1, 1, 1, 0, 1, 1, 0, 2, 1, 1, 2, 3, 0, 1, 3, 0, 3, 1, 3, 3, 3, 2, 0, 3, 1, 0, 3, 0, 1, 2, 0, 3, 0, 1, 2, 1, 0, 2, 2, 1, 1, 0, 3, 2, 2, 2, 3, 0, 2, 0, 3, 3, 3, 1, 3, 3, 0, 1, 0, 3, 3, 3, 1, 0, 1, 1, 2, 3, 1, 1, 0, 2, 3, 2, 1, 2, 0, 3, 1, 2, 1, 0, 3, 2, 1, 3, 1, 1, 0, 1, 2, 2], "predicted_labels": [3, 0, 3, 0, 3, 1, 1, 1, 3, 3, 1, 0, 0, 3, 1, 1, 3, 0, 1, 3, 0, 3, 1, 2, 3, 3, 3, 3, 3, 3, 3, 3, 1, 0, 3, 1, 3, 2, 0, 0, 1, 0, 3, 1, 1, 3, 1, 1, 1, 3, 3, 0, 3, 0, 1, 1, 0, 0, 1, 1, 3, 0, 1, 3, 1, 3, 1, 1, 1, 0, 1, 1, 1, 3, 2, 1, 3, 3, 3, 3, 0, 3, 1, 1, 3, 0, 3, 1, 1, 1, 0, 2, 3, 1, 3, 1, 1, 3, 3, 3, 1, 0, 3, 2, 1, 1, 0, 3, 3, 0, 1, 1, 1, 3, 0, 3, 1, 3, 3, 1, 1, 1, 1, 0, 3, 1, 3, 1, 0, 1, 3, 1, 3, 3, 1, 1, 3, 0, 3, 3, 3, 3], "confidence_scores": [[0.26342309554624904, 0.2831577445737391, 0.1428850558425783, 0.3105341040374334], [0.32067036386880254, 0.3022410630710811, 0.11730969202919177, 0.25977888103092456], [0.2352946294817164, 0.29069065064570204, 0.14369916001562025, 0.3303155598569611], [0.3162832474761987, 0.26529507403138397, 0.13514126364949777, 0.2832804148429197], [0.27970511922705416, 0.28734469943739843, 0.14001788822893046, 0.2929322931066167], [0.2240922694569445, 0.26266407635367645, 0.29005830898254015, 0.2231853452068388], [0.2647662016820892, 0.29190172726533103, 0.13516554293184593, 0.3081665281207337], [0.21037218217133793, 0.3007880433835475, 0.17110061602974996, 0.3177391584153644], [0.18228225042492163, 0.27956644279389925, 0.23151229600700446, 0.30663901077417427], [0.2903778184917607, 0.28053025589449687, 0.0958447719258692, 0.33324715368787317], [0.25020220194076764, 0.2972206859939986, 0.1778476104242714, 0.27472950164096266], [0.2981719805351708, 0.28090919856963215, 0.13511694767470744, 0.28580187322048956], [0.32785672696240353, 0.2871721107842861, 0.09814358042731927, 0.28682758182599105], [0.13845849445515393, 0.26585202087215193, 0.3022188507106106, 0.2934706339620837], [0.2301372143813833, 0.288601105102745, 0.19686110341833277, 0.28440057709753874], [0.2532704516091478, 0.28322882351455925, 0.18199414285203405, 0.28150658202425893], [0.1856741125876829, 0.2822679410103398, 0.23778437764342564, 0.2942735687585516], [0.29043147572380434, 0.27728034597705914, 0.19348863654051318, 0.2387995417586233], [0.2653906830187137, 0.2899992789083888, 0.1659876060152753, 0.27862243205762244], [0.2814252906706264, 0.28361497747467096, 0.1341967759075656, 0.3007629559471372], [0.31318994583532955, 0.23833496049526987, 0.14426580417597124, 0.3042092894934291], [0.23923030685643698, 0.2470220727614476, 0.22759756937182157, 0.28615005101029367], [0.19090305082086842, 0.2916343602143125, 0.2687088180385541, 0.24875377092626502], [0.1429468331384267, 0.2717058501342448, 0.4001947989290591, 0.18515251779826933], [0.24989060328208443, 0.30067394223695026, 0.11294695643877253, 0.3364884980421926], [0.2224422459676573, 0.28074481248431726, 0.1642826669484802, 0.3325302745995453], [0.265897081306586, 0.2861579483574194, 0.13433740667133043, 0.31360756366466386], [0.23528524063204084, 0.2860438025837333, 0.14369272070829656, 0.3349782360759293], [0.2279574207835939, 0.2882987090021873, 0.18557324878988685, 0.2981706214243321], [0.2157411728520216, 0.2967281823507803, 0.17150303313943893, 0.31602761165775894], [0.25158797984224557, 0.2663464651150937, 0.17710878607778752, 0.30495676896487317], [0.22927860600025152, 0.2408232633987127, 0.18965939580922592, 0.3402387347918096], [0.20656698029369955, 0.2923045826619951, 0.2178943449205479, 0.2832340921237572], [0.30576502097473723, 0.28708870027037414, 0.1273394021098999, 0.2798068766449884], [0.1492449259374917, 0.29476534332080295, 0.23350843589977802, 0.3224812948419275], [0.1436145217666827, 0.29980959273301017, 0.2778571859666775, 0.2787186995336295], [0.19955957092165727, 0.2684989596990079, 0.25598776267982404, 0.2759537066995111], [0.13432452687112803, 0.270173007072061, 0.3610210421440363, 0.23448142391277454], [0.2778297473696057, 0.2726908443959183, 0.18322282159199527, 0.26625658664248064], [0.32514939245987345, 0.28405019196731507, 0.09290485711099922, 0.29789555846181237], [0.2662760113209622, 0.3130633364506535, 0.17817294370789485, 0.24248770852048943], [0.2712346005977352, 0.267714350774729, 0.23500511909740351, 0.22604592953013225], [0.16582432347414633, 0.2989267696752557, 0.20955967164626887, 0.325689235204329], [0.24567533527094024, 0.2913074387059529, 0.20106568758371973, 0.2619515384393874], [0.22946586038545982, 0.276282998273536, 0.24912738387042593, 0.2451237574705783], [0.27641907245857444, 0.2826933793084829, 0.11353957453915337, 0.3273479736937896], [0.2847800315122614, 0.3094392324908371, 0.12053265565518675, 0.28524808034171484], [0.23593604518842143, 0.2786415443288916, 0.22201289645659367, 0.2634095140260932], [0.16791882348536288, 0.29654010496975314, 0.25793477229230005, 0.2776062992525841], [0.16986956625288058, 0.24167269789755685, 0.3144970539491284, 0.27396068190043427], [0.18952233064358226, 0.2923653619078015, 0.2075288395251854, 0.310583467923431], [0.29084742557159865, 0.25572797181185225, 0.18808656892176956, 0.2653380336947798], [0.22154500963090334, 0.2568724507647633, 0.26854398579276945, 0.2530385538115639], [0.3530366099385119, 0.2545203997808765, 0.0961241356002927, 0.2963188546803187], [0.1479138152311847, 0.3042875202283297, 0.24622366840939253, 0.30157499613109306], [0.28305207849343383, 0.3047872954402322, 0.09860838474381466, 0.3135522413225194], [0.3696696767053562, 0.29519679176143215, 0.07300064920695858, 0.26213288232625337], [0.3023177892336391, 0.27276726506192067, 0.20845214098395018, 0.2164628047204898], [0.18844455319646222, 0.2695734729918384, 0.294928898492401, 0.24705307531929843], [0.22854441261952688, 0.27023351221190817, 0.24452211961062548, 0.2566999555579393], [0.1964422891481204, 0.2626507174561598, 0.2452147917379381, 0.29569220165778176], [0.36267567745498724, 0.28144861680370153, 0.10638418703545967, 0.24949151870585157], [0.27131111412071524, 0.2741894174117261, 0.17582841728809018, 0.2786710511794689], [0.2112913467904574, 0.28331412076629714, 0.17854967980951877, 0.32684485263372676], [0.20303510489100968, 0.2813554739621162, 0.23761520947305398, 0.27799421167382043], [0.2847156037525379, 0.2885677960072232, 0.08802201513724249, 0.33869458510299644], [0.3189154926215742, 0.3182146111338418, 0.09639865193406502, 0.2664712443105193], [0.26687941666869236, 0.3088747028396765, 0.12491543986093827, 0.29933044063069275], [0.21664207805471866, 0.29910368123172515, 0.1897954271299076, 0.2944588135836488], [0.3437373634609756, 0.24077769575423372, 0.17477191062967332, 0.24071303015511722], [0.26600790926918594, 0.29700442457196, 0.1730812584434389, 0.26390640771541485], [0.2707848313158221, 0.3019955693604037, 0.13932998915240183, 0.2878896101713723], [0.2725654140465439, 0.3260259626148038, 0.12257083840450803, 0.2788377849341446], [0.26125326889228184, 0.29443267567685993, 0.12341394923035395, 0.3209001062005044], [0.20290370096741003, 0.24883188592735245, 0.33595703284716355, 0.21230738025807377], [0.20775819200744716, 0.2940019741737809, 0.277798720520659, 0.22044111329811292], [0.21889109638346932, 0.2613692027793103, 0.26053455051027063, 0.2592051503269497], [0.21135321763347883, 0.2796267357363047, 0.1796223098795214, 0.3293977367506948], [0.2216162196488299, 0.27445880818442747, 0.1626060154759023, 0.3413189566908404], [0.2310094173325973, 0.28438912262409605, 0.14873158084473592, 0.3358698791985707], [0.31504216699094256, 0.2765371816975776, 0.11198354545235731, 0.2964371058591227], [0.22106421845360189, 0.25867668581758346, 0.24293633689721728, 0.27732275883159724], [0.2682598569508552, 0.30794127113389685, 0.12667253336472936, 0.2971263385505184], [0.2659072415620786, 0.2740111564177391, 0.20020497791780195, 0.25987662410238027], [0.22168315751373233, 0.25974505131774284, 0.2695001339751972, 0.24907165719332766], [0.23253356834873157, 0.2612755319415825, 0.28651929465831766, 0.2196716050513683], [0.20449787775742848, 0.2733489181760541, 0.20568857886220232, 0.3164646252043149], [0.18182601488948083, 0.3027660003656569, 0.22392340441952688, 0.2914845803253355], [0.1822308045300626, 0.2977852800532802, 0.2500195511331396, 0.26996436428351744], [0.24442380197869096, 0.273454014824323, 0.22608317999256178, 0.25603900320442396], [0.31777239458835277, 0.2677592333122601, 0.1234996850183881, 0.2909686870809993], [0.17768156857824757, 0.2588320118185264, 0.3365102468436675, 0.22697617275955878], [0.2203469316552718, 0.285308894670089, 0.18912901109147345, 0.30521516258316606], [0.26072928105805937, 0.27493264640818604, 0.20684866304248034, 0.2574894094912746], [0.22557293931296785, 0.25588574706100414, 0.2867262901749646, 0.23181502345106297], [0.13637085072756944, 0.2903944011583258, 0.3195334645465378, 0.25370128356756677], [0.1491987556244614, 0.28219707058597804, 0.3721716778806386, 0.19643249590892226], [0.22618575870350802, 0.2793938964317705, 0.146390724716726, 0.34802962014799566], [0.16919563983042626, 0.2658786021179824, 0.31087982260612074, 0.2540459354454709], [0.27215783942316085, 0.29877593306724676, 0.1050922392383804, 0.32397398827121193], [0.21520844386679977, 0.29839613486914046, 0.24008793095153563, 0.24630749031252416], [0.3436035097045557, 0.2713787937493726, 0.11231308083194973, 0.27270461571412186], [0.30365176033423047, 0.2964349001007784, 0.08395397621183036, 0.31595936335316094], [0.21253279901391914, 0.26111684085026593, 0.3399954329749442, 0.18635492716087074], [0.22037632659729078, 0.29852225619706185, 0.1682498269594785, 0.31285159024616865], [0.1943567573496104, 0.2881279670081926, 0.2780059857146939, 0.23950928992750303], [0.33408890574578426, 0.26456275305869287, 0.07835887967732293, 0.32298946151820007], [0.23304929392114168, 0.2839942359939577, 0.18071897860109243, 0.3022374914838083], [0.2148884818441808, 0.2837607612943617, 0.17017173646696843, 0.331179020394489], [0.2842731176354206, 0.28106506866275716, 0.1468223070931264, 0.2878395066086957], [0.2690135912919522, 0.2957367595140643, 0.14187959342427617, 0.2933700557697073], [0.20763265375344434, 0.30424891146011906, 0.16599930496597537, 0.32211912982046104], [0.27591558443805647, 0.30603775346805856, 0.0987632747945092, 0.3192833872993759], [0.17185319835567953, 0.2634230932782015, 0.2836591893230435, 0.2810645190430754], [0.32253618157595215, 0.2859100990999806, 0.13277050636582763, 0.25878321295823975], [0.26768621076652893, 0.2837611880023597, 0.1302999045715991, 0.3182526966595121], [0.1937962546838617, 0.28334775695727843, 0.23793044370412236, 0.28492554465473746], [0.25112811875060903, 0.27693416934784715, 0.14675973665638217, 0.32517797524516157], [0.25179958621783766, 0.27885260412391105, 0.14761335333153738, 0.32173445632671366], [0.21500867086069844, 0.28938321338081463, 0.22020374834162715, 0.27540436741685975], [0.20035211457046312, 0.288667982171958, 0.24350115925079693, 0.267478744006782], [0.23127907978847598, 0.31245005505018114, 0.19482717860311005, 0.2614436865582326], [0.25057233155929065, 0.2861477944015483, 0.1767889233766572, 0.28649095066250396], [0.2860320877152337, 0.2827774603660125, 0.1398895777919214, 0.29130087412683275], [0.22057145619135227, 0.26961216506204133, 0.24253669554277074, 0.26727968320383566], [0.14161574096474597, 0.28034794067806296, 0.3431779577487636, 0.23485836060842763], [0.18435643291660148, 0.27797088503840267, 0.21253354757352244, 0.3251391344714734], [0.13114134770771138, 0.29138864539148296, 0.354720479350138, 0.2227495275506678], [0.3171823889002534, 0.2627119824898958, 0.13081963384902784, 0.2892859947608228], [0.27090484841664075, 0.28065096258923805, 0.1747059088401772, 0.2737382801539442], [0.19606232697545314, 0.28434848601493734, 0.20855134313892926, 0.31103784387068045], [0.27889238108608083, 0.29690728771842534, 0.1333472159557228, 0.29085311523977136], [0.28573739631235007, 0.27122967736568426, 0.14047650575214315, 0.30255642056982235], [0.2269076316722465, 0.2670754956732701, 0.19626371087131803, 0.3097531617831655], [0.17816466253379323, 0.27158492913667065, 0.33847946383368843, 0.21177094449584755], [0.260864138279843, 0.31315780827308665, 0.10416499763925806, 0.3218130558078122], [0.2499163083646393, 0.2775335561355302, 0.1613305173953256, 0.3112196181045047], [0.24885292906689, 0.2697277756504462, 0.23894538285414535, 0.2424739124285185], [0.2278927217112931, 0.2850148571175653, 0.18778897785765608, 0.2993034433134855], [0.27687480727903996, 0.2707705616095559, 0.15034916300179485, 0.30200546810960927], [0.24947627270815378, 0.268544186773309, 0.16089898873327738, 0.32108055178526], [0.2522914302750805, 0.26690498392751416, 0.20129154991908338, 0.2795120358783219]]}, "rewritten": {"ids": ["97105760", "97105960", "97106591", "97107040", "97113260", "97114170", "97116410", "98107210", "98109090", "98111620", "98112170", "98116500", "98119591", "99107640", "99108010", "99108310", "99109311", "99111340", "99111930", "99112840", "99113260", "99116500", "99119830", "99120010", "99121440", "100109000", "100109330", "100109801", "100111380", "100113210", "100116790", "101108121", "101110740", "101112160", "101114990", "101116130", "101119591", "102108621", "102109840", "102109850", "102110240", "102110500", "102112301", "102113350", "102113981", "102114270", "102121700", "103111170", "103112470", "103120780", "104111380", "104111550", "104111711", "104113170", "104114410", "104116980", "104118070", "105113330", "105113440", "105119550", "105119950", "105120280", "106113260", "106114280", "106115240", "106117790", "106118161", "107112840", "107113360", "107113550", "107113840", "107114110", "107114140", "107114200", "107114490", "107114780", "107115140", "107116501", "107117010", "107118490", "107120010", "107121230", "107121640", "107121700", "108114670", "108115250", "108117451", "108120621", "109113281", "109115070", "109115211", "109115380", "109117080", "109117630", "109118820", "109119591", "109120621", "110113591", "110114321", "110114950", "110117080", "110117200", "110118161", "110118301", "110118930", "110119891", "110121450", "111116010", "111116750", "111116990", "111117571", "111118820", "111119150", "111119250", "111119290", "111119300", "111119430", "111120190", "111120220", "111120531", "111120640", "112116290", "112116850", "112117461", "112118161", "112118620", "112119950", "112120670", "112121351", "112121360", "113118111", "113118231", "113118620", "113118630", "113119300", "113119700", "113120070", "113120280", "113120640", "113121010", "113121950", "113122510"], "labels": [0, 2, 1, 2, 1, 2, 3, 1, 1, 3, 3, 2, 1, 1, 2, 2, 1, 1, 1, 2, 0, 2, 1, 2, 2, 1, 0, 0, 3, 0, 2, 0, 3, 3, 3, 2, 0, 3, 2, 1, 3, 3, 1, 3, 1, 3, 1, 2, 1, 1, 3, 1, 1, 3, 1, 1, 2, 3, 0, 1, 3, 3, 3, 3, 1, 1, 3, 1, 0, 0, 3, 1, 2, 2, 3, 2, 0, 1, 1, 2, 1, 0, 1, 3, 3, 1, 2, 1, 0, 0, 0, 3, 1, 0, 3, 0, 1, 0, 1, 0, 1, 3, 0, 1, 1, 3, 3, 1, 3, 0, 3, 0, 3, 1, 3, 1, 3, 3, 3, 0, 0, 0, 0, 0, 0, 3, 0, 2, 0, 3, 1, 3, 3, 3, 1, 0, 2, 0, 0, 2, 3, 2], "predicted_labels": [3, 3, 2, 0, 1, 3, 3, 1, 0, 1, 0, 3, 0, 0, 1, 1, 1, 2, 0, 1, 3, 2, 3, 1, 2, 3, 0, 3, 0, 3, 0, 0, 1, 1, 1, 1, 0, 0, 1, 2, 0, 0, 3, 1, 1, 2, 3, 0, 2, 1, 1, 1, 1, 1, 2, 1, 3, 3, 1, 1, 0, 1, 1, 3, 0, 1, 0, 1, 0, 2, 1, 0, 2, 1, 3, 1, 3, 1, 1, 0, 3, 3, 3, 3, 1, 3, 3, 3, 0, 1, 3, 1, 1, 0, 1, 1, 3, 0, 1, 3, 3, 1, 1, 0, 1, 1, 1, 2, 0, 3, 3, 1, 0, 0, 3, 3, 3, 3, 0, 1, 1, 3, 3, 3, 0, 3, 0, 1, 1, 1, 3, 1, 1, 1, 1, 1, 1, 3, 0, 1, 1, 1], "confidence_scores": [[0.30810645563221656, 0.285594967782867, 0.07072559546390039, 0.335572981121016], [0.21901073406032165, 0.2677276432991076, 0.2344874214722342, 0.2787742011683368], [0.18511162040850404, 0.2674993548332619, 0.37410906517517906, 0.17327995958305506], [0.22908040963457751, 0.2544730401457185, 0.2858200428486459, 0.23062650737105786], [0.18920319200370594, 0.2776914693365014, 0.3017550594681692, 0.23135027919162346], [0.16976038305595945, 0.2673574444614578, 0.29311607312778026, 0.26976609935480256], [0.20777334123639754, 0.25702131781514964, 0.24614051070488266, 0.2890648302435705], [0.17143143360111887, 0.27311355244222557, 0.29788030599111076, 0.2575747079655447], [0.2829473810926504, 0.25127411656555576, 0.1937104267547171, 0.27206807558707674], [0.11447038681333643, 0.291613373293944, 0.38592763774522443, 0.2079886021474952], [0.3388201244316912, 0.24663198884563522, 0.152828638009868, 0.2617192487128058], [0.24975561576684197, 0.25950177489454007, 0.17110316022467822, 0.3196394491139399], [0.24004269786825141, 0.26849705283147346, 0.2751060239498439, 0.21635422535043097], [0.2622139304760819, 0.26993016826540717, 0.19939017465688416, 0.2684657266016268], [0.2197965075740855, 0.2900702290496432, 0.23956234343842434, 0.25057091993784664], [0.24541044832192588, 0.28263923431398524, 0.26256699983623377, 0.209383317527855], [0.21785500156280976, 0.2806781359455445, 0.27519598978418747, 0.22627087270745802], [0.1686585408004875, 0.26713637298027204, 0.35474510596068987, 0.20945998025855095], [0.30431416901811786, 0.27451512151819313, 0.21189495371160752, 0.20927575575208165], [0.1940747121214579, 0.26129152163415126, 0.30438948711333114, 0.24024427913105942], [0.14235779314891112, 0.2635351569784567, 0.3294346705545778, 0.2646723793180542], [0.12071942832839129, 0.2589396719529365, 0.4009237536674926, 0.21941714605117962], [0.23924600335757812, 0.25406012622188007, 0.2589738079913428, 0.247720062429199], [0.2931495749180779, 0.28316575052081916, 0.21475104671340442, 0.2089336278476985], [0.1276588391927687, 0.25814750985595014, 0.3889410746695974, 0.225252576281684], [0.26541992309682017, 0.2757394314765021, 0.166043058914003, 0.29279758651267446], [0.33814076269301574, 0.26903713194312245, 0.13995573903163241, 0.25286636633222953], [0.2144128956802744, 0.27870214496036594, 0.18184097076255118, 0.32504398859680844], [0.27170725979658134, 0.26464955971512516, 0.2153459761420959, 0.2482972043461976], [0.195663889172037, 0.2842918804656758, 0.19696116284826062, 0.32308306751402666], [0.241131632777297, 0.26269599670870514, 0.2427190524210464, 0.25345331809295174], [0.2862223801446736, 0.2633117681244203, 0.159001106081407, 0.29146474564949904], [0.16403159769900705, 0.29819627816740457, 0.2702409089053209, 0.2675312152282677], [0.2649535842089111, 0.28002263546689754, 0.2201072276285921, 0.2349165526955992], [0.21334094844708154, 0.27652914221926234, 0.27656685279803006, 0.23356305653562612], [0.22530684489083924, 0.27682882820567434, 0.23538514460094281, 0.26247918230254363], [0.33738650120774677, 0.25098569278770294, 0.11110263524295212, 0.30052517076159824], [0.343853673007405, 0.2895159065781366, 0.06877097944497362, 0.2978594409694851], [0.13948781025242987, 0.29970116853663553, 0.3550677164003657, 0.20574330481056893], [0.14544374658707654, 0.2479932786534169, 0.39805503461334624, 0.20850794014616028], [0.2969962294705375, 0.2744595023934643, 0.15951717025360268, 0.26902709788239565], [0.2827324284342941, 0.2507358358960214, 0.19882326086620675, 0.2677084748034778], [0.17926204814675314, 0.28623676408677734, 0.22561834521522472, 0.30888284255124526], [0.17839011836962215, 0.2917027592004019, 0.25322069570989164, 0.2766864267200845], [0.2535424698788384, 0.2760274880202186, 0.20069166900117025, 0.2697383730997729], [0.1450580992204662, 0.27969359584707787, 0.38610895545131585, 0.18913934948114008], [0.23337921084450436, 0.2696863809862708, 0.22690882934773532, 0.27002557882148964], [0.28578740633584104, 0.2723265141156868, 0.19948368709024836, 0.24240239245822381], [0.21677256902655678, 0.2546384441622156, 0.336173832109466, 0.1924151547017617], [0.20460814344453115, 0.2920582431563001, 0.19708162446913113, 0.30625198893003774], [0.21149439552246216, 0.279305602043825, 0.23989723457605305, 0.26930276785765994], [0.16300293282869693, 0.275390467702056, 0.34086050993034256, 0.22074608953890448], [0.19520145638155942, 0.2815205094661501, 0.24883531652955823, 0.27444271762273204], [0.21104417638446893, 0.28635561705663426, 0.20556107920037292, 0.29703912735852406], [0.19790927398697816, 0.2568210733848521, 0.32795349215546743, 0.21731616047270225], [0.10582633014307864, 0.30267629872608415, 0.3048885712749943, 0.28660879985584264], [0.1419731666101262, 0.276733292152645, 0.2944174441501993, 0.2868760970870293], [0.2311752621592396, 0.27992566975679534, 0.16686560390154165, 0.32203346418242335], [0.21302028372943926, 0.3010119217102187, 0.22445063869804072, 0.2615171558623011], [0.2257002301339818, 0.2969152596973059, 0.21947825127612816, 0.2579062588925839], [0.3125831237201192, 0.2674718244920026, 0.16441517222130167, 0.2555298795665765], [0.24354469674336968, 0.3136468853604298, 0.17847360514454244, 0.26433481275165815], [0.1950880940244294, 0.2965705029557704, 0.2643004812724848, 0.24404092174731526], [0.23377747550218259, 0.27265042791520583, 0.19383228359891538, 0.2997398129836963], [0.2969941519214951, 0.2807111212928948, 0.13881199344322312, 0.2834827333423868], [0.20435294858849537, 0.2951569986658643, 0.19219406255713867, 0.30829599018850173], [0.36972183131623393, 0.2931229571914507, 0.12689435071677213, 0.21026086077554326], [0.23452774756592698, 0.3288227571826553, 0.1621785509186493, 0.27447094433276836], [0.39885295383651115, 0.2640521097248517, 0.05302880025691665, 0.28406613618172066], [0.1744629336258437, 0.250140957348918, 0.35489378503628083, 0.22050232398895783], [0.31367206211184445, 0.3100810057701177, 0.14031514442589735, 0.2359317876921406], [0.2990350065490191, 0.280753167826212, 0.11553262190184399, 0.304679203722925], [0.124859970251525, 0.26079964633734337, 0.36683473572742015, 0.24750564768371147], [0.20853982994276823, 0.3053578058509119, 0.2214288355499407, 0.2646735286563792], [0.20079259582810838, 0.286597084027849, 0.18379790815882116, 0.3288124119852212], [0.1769753816863977, 0.3151488208429083, 0.2569324647236131, 0.2509433327470809], [0.23884961755069858, 0.2382613319737395, 0.19983656779322082, 0.3230524826823413], [0.2565261876100591, 0.3089407256767776, 0.1327684219757266, 0.30176466473743707], [0.23694670516275768, 0.27271692620494836, 0.27135851244603776, 0.21897785618625623], [0.23641396155117889, 0.26996896721327507, 0.2765910425844227, 0.21702602865112341], [0.1889000200892083, 0.23544666237322318, 0.3181769526042729, 0.25747636493329573], [0.18118521872013177, 0.287293835059503, 0.22668717127255872, 0.3048337749478063], [0.11715160053602326, 0.27921221191508444, 0.30696701714740443, 0.2966691704014877], [0.21682523843776608, 0.2948025881634042, 0.17390179194067637, 0.3144703814581534], [0.2703518990307762, 0.28799793885257446, 0.15214936953209712, 0.2895007925845524], [0.24243564850370258, 0.2752762105754887, 0.17523109796550504, 0.30705704295530384], [0.2494962842845954, 0.28065961328758954, 0.12774472882628504, 0.3420993736015299], [0.24632911081834383, 0.26191860927090665, 0.22442228622721105, 0.26732999368353805], [0.3151701720118091, 0.286967447898112, 0.14492867443787819, 0.2529337056522002], [0.26057066419580116, 0.32622695053523393, 0.13759552629352848, 0.27560685897543674], [0.15664292699243562, 0.2737265623266172, 0.26523276872614787, 0.30439774195479924], [0.14716122788668595, 0.2939328136042004, 0.2756066548177052, 0.2832993036914086], [0.18671915819541673, 0.29185109629737593, 0.23674868454746215, 0.28468106095974516], [0.2872000866874452, 0.277225085904235, 0.15833139142942673, 0.2772434359788931], [0.2152814153924234, 0.29319158768629666, 0.20884762617151562, 0.2826793707497642], [0.20587858097808331, 0.28956382514146706, 0.29135864611971585, 0.2131989477607338], [0.1990413397043475, 0.30567163620005017, 0.12607303211387202, 0.3692139919817303], [0.35841454014457597, 0.2735822741194928, 0.10285552781096241, 0.2651476579249689], [0.2048398100498226, 0.2826390619758894, 0.2346969742522508, 0.2778241537220371], [0.20561541221966054, 0.26558702331286865, 0.20485666117002227, 0.3239409032974485], [0.18666245613639437, 0.2783888143959948, 0.23515597190288423, 0.29979275756472673], [0.29051525826455343, 0.2902705310599611, 0.14367146875339606, 0.27554274192208933], [0.2500047233746166, 0.3002164010779106, 0.13988615583618022, 0.3098927197112928], [0.26990861690849294, 0.2615346364109202, 0.2090678995253084, 0.25948884715527865], [0.1458968054571697, 0.30235245797175386, 0.2599553848711126, 0.2917953516999638], [0.20724048161273037, 0.27697145784770316, 0.25037833721543035, 0.2654097233241362], [0.2930274801377646, 0.30297310227042634, 0.08449534057689034, 0.3195040770149187], [0.2032857919809646, 0.256744341916449, 0.32371346560181835, 0.21625640050076841], [0.2921806584916333, 0.25986390899274975, 0.15728331086693378, 0.2906721216486829], [0.2769460290073707, 0.2566405162391197, 0.1298939639317096, 0.3365194908218002], [0.20319496667207684, 0.27878663196405484, 0.21021795411991379, 0.3078004472439547], [0.3287585532913792, 0.30150157349461304, 0.1124179524253079, 0.25732192078869975], [0.2994424929941946, 0.28162261175401093, 0.13690463871557906, 0.28203025653621544], [0.30192359993639706, 0.2700161851060821, 0.1317680380359599, 0.2962921769215611], [0.23365482077300537, 0.24470584611247448, 0.24996137583857872, 0.2716779572759415], [0.19276711036618097, 0.27347450244302396, 0.2619041840157273, 0.2718542031750675], [0.19069238092848956, 0.2748959607113443, 0.21291574387467993, 0.32149591448548653], [0.1517168361310335, 0.23996180873430656, 0.3300749947498766, 0.2782463603847831], [0.33492721855087587, 0.29474706243608484, 0.12239272968353002, 0.24793298932950955], [0.2668159172504035, 0.28702877472688976, 0.17752583500763017, 0.26862947301507695], [0.20939499313831791, 0.27769485810893885, 0.24958581032402838, 0.2633243384287146], [0.22279656691175415, 0.29926356920892616, 0.14414412202537255, 0.333795741853947], [0.19319620619813696, 0.29048809097410894, 0.2157364903211598, 0.3005792125065943], [0.23853081811815297, 0.2878359854964679, 0.14078964606421232, 0.3328435503211669], [0.3018938147090707, 0.29196266311874763, 0.14495155889509168, 0.2611919632770901], [0.21519005569765906, 0.2817185805021907, 0.20510439940537892, 0.29798696439477157], [0.301719777471991, 0.24335062257951784, 0.1612833344045234, 0.29364626554396794], [0.18132062641394192, 0.28470785303031143, 0.25279789262569363, 0.2811736279300529], [0.23910035430157428, 0.2833144744077729, 0.24699475577073143, 0.23059041551992124], [0.24815716228700893, 0.28027062853483536, 0.1903986275948062, 0.28117358158334915], [0.22054085243936764, 0.26589539815937185, 0.19639237129295467, 0.31717137810830587], [0.13476071153882713, 0.29346364884695175, 0.31146455573090487, 0.26031108388331636], [0.2177767618670307, 0.30835518641671733, 0.18596720805198688, 0.28790084366426505], [0.14600344879689212, 0.30405247418556, 0.29835352423768113, 0.25159055277986647], [0.2812430472572874, 0.2936387129269433, 0.160638883622319, 0.2644793561934503], [0.226039472464289, 0.2938759380833635, 0.18130184284367812, 0.2987827466086692], [0.1255898648889786, 0.2893320732002993, 0.3629413943166915, 0.22213666759403075], [0.3171709587866871, 0.2665756235772896, 0.08117893626091452, 0.33507448137510887], [0.3814567059454112, 0.2902111328998084, 0.06866157921337404, 0.2596705819414067], [0.15338399133518676, 0.2977886596621006, 0.33824430320219095, 0.21058304580052184], [0.2719400994565066, 0.31187790155527634, 0.16344586939000028, 0.25273612959821695], [0.14413705471915475, 0.28365874357336135, 0.3110177702811807, 0.2611864314263034]]}}