{"test": {"ids": ["108121410", "111115770", "113118421", "109116750", "104111620", "111116010", "109117110", "109117080", "105113330", "107112840", "112116800", "101109000", "98121790", "109115380", "106113830", "107114321", "101113210", "100108260", "110118161", "109119591", "108116501", "112116451", "100111390", "106113260", "99112531", "109121351", "112119950", "109114720", "109113281", "102110500", "104113000", "97113260", "107119950", "99109141", "101109370", "113117550", "98106680", "111121190", "101111310", "110120640", "103111830", "109118820", "105115250", "109117600", "113121220", "105115680", "105117431", "105116650", "111117200", "97106770", "112119980", "101111140", "112118820", "111114171", "99111340", "113118810", "113119120", "102117351", "112116401", "104113190", "109120621", "105113190", "104111531", "107121640", "106116640", "111116750", "106113170", "105116441", "106112770", "111120190", "112117580", "111114121", "105120621", "107116501", "107116300", "108115070", "104116800", "110118740", "112117780", "109119340", "109115211", "113122180", "105120280", "100109890", "112120630", "98110680", "100108520", "103120290", "113119300", "112116610", "111117571", "111119290", "99105921", "101108950", "112118890", "112116990", "111121220", "103110840", "110120700", "97106000", "107114280", "97107681", "104113550", "111119930", "112117431", "103109641", "111121930", "109114270", "97112830", "109115220", "110118930", "104113210", "111115620", "109117431", "101110200", "113122160", "98120530", "111119250", "113122650", "99108080", "108114270", "109120150", "106117790", "99116500", "112117030", "105115900", "107118120", "109119450", "105119550", "98108370", "113120780", "100113210", "105113210", "107113260", "98107380", "110115120", "108118060", "113122510", "113118690", "109119010", "100109980", "102109910"], "labels": [0, 3, 3, 0, 0, 1, 1, 1, 3, 1, 0, 1, 2, 3, 1, 0, 3, 3, 0, 0, 0, 0, 2, 3, 3, 0, 0, 0, 0, 3, 1, 1, 3, 3, 1, 3, 1, 1, 3, 0, 3, 3, 2, 1, 3, 2, 1, 1, 0, 3, 0, 2, 0, 3, 1, 3, 3, 1, 0, 3, 1, 3, 0, 1, 3, 3, 0, 1, 1, 3, 0, 0, 1, 1, 0, 1, 1, 3, 0, 3, 0, 2, 3, 3, 3, 2, 2, 2, 1, 1, 3, 3, 1, 2, 3, 0, 3, 1, 2, 0, 3, 3, 1, 1, 0, 1, 1, 3, 2, 3, 1, 3, 1, 1, 2, 3, 1, 1, 2, 3, 3, 2, 1, 2, 2, 3, 3, 3, 1, 1, 0, 0, 3, 0, 1, 0, 1, 2, 3, 3, 1, 2], "predicted_labels": [3, 0, 3, 0, 0, 1, 1, 1, 3, 1, 3, 3, 0, 1, 1, 1, 2, 0, 3, 1, 3, 0, 2, 1, 0, 0, 0, 3, 0, 0, 0, 2, 3, 1, 2, 3, 2, 0, 0, 0, 2, 0, 1, 3, 3, 1, 2, 2, 0, 2, 1, 0, 0, 0, 2, 2, 3, 1, 0, 1, 3, 3, 3, 0, 0, 0, 1, 1, 1, 3, 3, 1, 0, 1, 1, 1, 3, 0, 3, 3, 3, 3, 1, 3, 0, 2, 2, 0, 3, 0, 1, 3, 3, 3, 3, 3, 1, 1, 3, 3, 2, 1, 0, 3, 0, 3, 2, 3, 2, 0, 1, 0, 3, 0, 3, 3, 3, 3, 2, 0, 0, 2, 1, 1, 1, 3, 0, 3, 2, 3, 3, 3, 3, 1, 2, 3, 3, 3, 3, 3, 3, 0], "confidence_scores": [[0.07532668964943685, 0.35172688410904374, 0.0031811979968853817, 0.5697652282446339], [0.5546407936324473, 0.1436994162839754, 0.01963450168435663, 0.2820252883992207], [0.01843216288477296, 0.0019570943123242922, 0.001353171633464931, 0.9782575711694378], [0.7832311356403632, 0.15281622464273162, 0.03600638229180702, 0.02794625742509811], [0.8032489848799022, 0.13038215546570744, 0.035605482787372626, 0.030763376867017835], [0.00414201517357746, 0.6596641366390256, 0.30597098504373743, 0.030222863143659406], [0.02144965513755809, 0.6295702249898452, 0.07405253627319022, 0.2749275835994065], [9.876432300261882e-06, 0.9994946691217674, 0.00024812380986335476, 0.00024733063606897335], [0.4417728460735344, 0.065878877190277, 0.0021866254245416082, 0.490161651311647], [8.709782450946333e-05, 0.9914424785374665, 0.0031318823728599633, 0.005338541265164043], [0.0064257449341026986, 0.07751517979441581, 0.009471105913604201, 0.9065879693578773], [0.031968752069912336, 0.09194879413192526, 0.00834352041072592, 0.8677389333874365], [0.6794734782663412, 0.12863812209380276, 0.17355395619041417, 0.018334443449442045], [0.01084222053977363, 0.9253464381419979, 0.029913490408627393, 0.03389785090960106], [0.34222581574964356, 0.5995199301782983, 0.018605845783540423, 0.039648408288517595], [0.16956589078420337, 0.6288271932130438, 0.017182541613931422, 0.18442437438882137], [0.10977783419632858, 0.05096706050669502, 0.4484898069264014, 0.39076529837057505], [0.4906064498825993, 0.29726911714913257, 0.15806129968645236, 0.054063133281815896], [0.030783844691861174, 0.071411650668817, 0.015681336587659626, 0.8821231680516621], [0.10530349175372229, 0.850275360128997, 0.03998994157215179, 0.004431206545129018], [0.00953320604928942, 0.0284755405217686, 0.0022704386887908235, 0.9597208147401511], [0.8481099098092327, 0.015186910525312167, 0.011041350441218237, 0.12566182922423705], [0.07173463803644294, 0.27054799372062005, 0.380937008685978, 0.2767803595569589], [0.04598671680149009, 0.9005062477459022, 0.025474417084051196, 0.02803261836855662], [0.5836251473109315, 0.0339042746724407, 0.08423538812093592, 0.29823518989569187], [0.7714673317349009, 0.11191558550121324, 0.09071950951807614, 0.025897573245809755], [0.5423974128213566, 0.0005818011676111581, 0.002365775403466697, 0.45465501060756564], [0.001149374155715666, 0.06600653998072227, 0.024141491204038724, 0.9087025946595233], [0.4573493747868293, 0.4002914058731138, 0.11534328205792874, 0.027015937282127964], [0.5726987172101174, 0.0028702248507109394, 0.16121766478263644, 0.2632133931565352], [0.7736884605940446, 0.007280965259491807, 0.05754640270727884, 0.16148417143918484], [0.05241142791422114, 0.03220099355188649, 0.8189884954629013, 0.09639908307099093], [0.13546334505358598, 0.16183136373455628, 0.0014444137780885206, 0.7012608774337692], [0.3053565325179626, 0.36286093695693356, 0.004559793666046886, 0.32722273685905695], [0.38227290301395117, 0.07063604822704214, 0.543727189011263, 0.0033638597477435948], [0.012843640639708045, 0.004231727039162211, 0.023291721884247208, 0.9596329104368826], [0.03388410290879431, 0.3736913058749998, 0.5433566817706598, 0.049067909445546086], [0.9740032644665395, 0.0034087442828509146, 0.007583693460442242, 0.015004297790167388], [0.5988732679699311, 0.0671048188972267, 0.31297814785891276, 0.021043765273929448], [0.6688931336905557, 0.0007981559373603003, 0.018510657128040033, 0.31179805324404386], [0.010915865641902014, 0.0492085462041934, 0.8728436649894051, 0.06703192316449932], [0.6105575032748144, 0.37749564223969884, 0.007100524117466827, 0.004846330368019854], [0.12894060617405773, 0.7012147350083444, 0.03967148242130734, 0.13017317639629056], [0.05007041841131894, 0.03376297474820892, 0.1817647242433812, 0.7344018825970909], [0.12424535543884067, 0.07816910124093869, 0.11962206118382336, 0.6779634821363973], [0.0040278516970305225, 0.7996166130984036, 0.10419229539317967, 0.09216323981138629], [0.17338901773903248, 0.18741728770416394, 0.6070646138182575, 0.03212908073854613], [0.023932666125441242, 0.07678331933446668, 0.8929936435975412, 0.00629037094255085], [0.9426312103531275, 0.03246870369943589, 0.0031209519047830487, 0.021779134042653574], [0.040797255421909887, 0.0036285672595611947, 0.7958255049448197, 0.1597486723737091], [0.11767598589155243, 0.5596377369437937, 0.1821757506704783, 0.14051052649417545], [0.7185166067143336, 0.06646416165197572, 0.16346901836947478, 0.0515502132642159], [0.806251924387004, 0.15449433703747242, 0.005343375646649326, 0.03391036292887418], [0.6210331435953079, 0.05507454518854927, 0.19827758230409567, 0.1256147289120472], [0.04586603663215139, 0.1828086098137432, 0.5592837489210403, 0.21204160463306518], [0.1715513633957698, 0.35505100824907937, 0.3717789197058657, 0.10161870864928502], [0.30137056734518713, 0.12890884130902702, 0.03071104994902791, 0.5390095413967579], [0.07063867588917938, 0.8809266468202193, 0.0027673548013007142, 0.04566732248930054], [0.8153854230271499, 0.011873485193391696, 0.002765646478439426, 0.16997544530101896], [0.008314288569077124, 0.7735328965244584, 0.0683206031139012, 0.14983221179256323], [0.002378088683428837, 0.03475412625035406, 0.001442281785982888, 0.9614255032802342], [0.15078365900352778, 0.04613327389194338, 0.021774672393832586, 0.7813083947106964], [0.15720174426429792, 0.19718742445705678, 0.16724022093784388, 0.47837061034080136], [0.41864430921567647, 0.3967038713771897, 0.06716064250305043, 0.11749117690408332], [0.3537369042576741, 0.2664664032814409, 0.06356009210245558, 0.31623660035842943], [0.9777963183010783, 0.0030949118568957225, 0.008234403528595906, 0.010874366313430113], [0.18561834103036653, 0.762601994647307, 0.003933233949689416, 0.047846430372637055], [0.028655296177517022, 0.9627917202155448, 0.0019987813630265292, 0.006554202243911601], [0.2073011411302339, 0.3004859649794156, 0.27881944474223175, 0.2133934491481188], [0.0181957464480669, 0.020448452206671196, 0.020620736371781936, 0.9407350649734799], [0.4180316165390072, 0.018331040481708583, 0.0006171783126372423, 0.563020164666647], [0.33118216506927367, 0.6203723701622559, 0.009966833036608795, 0.038478631731861605], [0.8745637823886543, 0.017090866160585742, 0.0005454797046195746, 0.1077998717461404], [0.04627819072846745, 0.8689012190508617, 0.02137822591166922, 0.06344236430900155], [0.09265594817155501, 0.7467576172458362, 0.011689780609764297, 0.1488966539728444], [0.08491726539520374, 0.8972002612778143, 0.00891393852479564, 0.008968534802186286], [0.15238542263885294, 0.10387318918937652, 0.004800271328884567, 0.7389411168428859], [0.7893570966548128, 0.014531011988318087, 0.002196567523388617, 0.1939153238334805], [0.05951802134807642, 0.13600967332236735, 0.0038933864015963933, 0.8005789189279597], [0.04421791659310449, 0.2653543702317527, 0.07368699133789106, 0.6167407218372518], [0.012542087522105854, 0.014188152123897839, 0.009425491985959976, 0.9638442683680364], [0.003620930897882245, 0.021501671180824054, 0.03025568577365394, 0.9446217121476397], [0.09832372991191035, 0.8850796068223119, 0.002776489627496607, 0.013820173638281082], [0.31823763421608997, 0.02046645801779457, 0.12392558710944586, 0.5373703206566696], [0.8197851017892805, 0.039063688276132186, 0.0038156091565923716, 0.13733560077799487], [0.047436102706729724, 0.18365031822089414, 0.7663905055154436, 0.0025230735569323906], [0.013299239992937697, 0.0007824788156204807, 0.9374926515895059, 0.048425629601935964], [0.5157260560541382, 0.27152041825507844, 0.07996574327686827, 0.13278778241391506], [0.12429008512370318, 0.3677604343443083, 0.008870483492949558, 0.4990789970390391], [0.6985052261290211, 0.21359456869072843, 0.07099565816360218, 0.016904547016648452], [0.2469526068744784, 0.6784052127887392, 0.02787158239816682, 0.04677059793861555], [0.10201351772194975, 0.04540620165337455, 0.02144767856509668, 0.831132602059579], [0.13481838810645627, 0.34786152867942866, 0.09515438349478164, 0.4221656997193335], [0.0049070324968682666, 0.007494334305904427, 0.05202101857562785, 0.9355776146215995], [0.058572481264892035, 0.10375625135915054, 0.14502942653424802, 0.6926418408417093], [0.05483303181128339, 0.005514977624795974, 0.28985720927403213, 0.6497947812898884], [0.1481860834897511, 0.568688389007996, 0.09089083999428806, 0.19223468750796496], [0.008574490122925332, 0.8697772816440174, 0.06028931372959883, 0.06135891450345837], [0.015398326469223086, 0.015208419075752487, 0.014756884874873068, 0.9546363695801513], [0.09339326080902638, 0.0012473444408269644, 0.44557740000332047, 0.4597819947468262], [0.059564769964640246, 0.18058616867509525, 0.5427121808958342, 0.2171368804644304], [0.2879983553909583, 0.5728701215861981, 0.060737361834368085, 0.07839416118847535], [0.5346249815493131, 0.15742523373275158, 0.015385068649769027, 0.2925647160681663], [0.2926252663042166, 0.05411999660057591, 0.07923155194085953, 0.5740231851543479], [0.900883581875309, 0.02454961177855369, 0.0010488175751509315, 0.07351798877098627], [0.011567145744849903, 0.049757124748273686, 0.42980645096918646, 0.50886927853769], [0.001930994666693006, 0.0010705313424517944, 0.9542101245395422, 0.04278834945131293], [0.1995840889589981, 0.11899633157857278, 0.001329474819158511, 0.6800901046432706], [0.17889645427512674, 0.08987864704857762, 0.5920817400744846, 0.139143158601811], [0.4038890816243449, 0.14370493639410004, 0.22965654729757787, 0.22274943468397715], [0.0009542314507074375, 0.9943989110052067, 0.0015734091607495762, 0.0030734483833362693], [0.7626968639099805, 0.07751602179667857, 0.019393951960978702, 0.14039316233236218], [0.09024350680641016, 0.08645675706316788, 0.207469510817473, 0.6158302253129488], [0.8433497497992396, 0.07598408928519174, 0.004070252652158079, 0.07659590826341073], [0.04174681150205688, 0.45863301246154353, 0.01730495406127651, 0.4823152219751233], [0.03195893319086211, 0.03828894171307313, 0.013177945193437747, 0.916574179902627], [0.04303566034894762, 0.057954514720690624, 0.04716272669471145, 0.8518470982356504], [0.41347578198618073, 0.03090597718103386, 0.00981751925741832, 0.5458007215753672], [0.010808658118009292, 0.0594792426560406, 0.8903313380345497, 0.03938076119140043], [0.7268093142965595, 0.04799189937213139, 0.004818297491060792, 0.22038048884024852], [0.5277943293773854, 0.36691863084161425, 0.03699134763905344, 0.06829569214194695], [0.07542206511110887, 0.16577876349709111, 0.6572231918786511, 0.101575979513149], [0.23934961748671624, 0.44536996482995006, 0.05540885505244246, 0.2598715626308913], [0.002513762129807929, 0.5328848437488696, 0.2673523884161724, 0.19724900570514997], [0.019431833765170728, 0.7629599097743054, 0.19246193466908604, 0.025146321791437946], [0.24121572243478656, 0.09328560016632653, 0.004109022485913017, 0.661389654912974], [0.8636914749416255, 0.09360076290216801, 0.0015078615356292771, 0.041199900620577205], [0.0589087263607615, 0.437841095976125, 0.03949531481466693, 0.46375486284844664], [0.11406656364043681, 0.27446920698790167, 0.5338234359264867, 0.0776407934451747], [0.06655031203594619, 0.014126562609767678, 0.1729298036746331, 0.746393321679653], [0.3483540835421759, 0.2428858574957382, 0.04020464328834549, 0.36855541567374034], [0.2181861637540394, 0.04559838043133395, 0.030444761715787635, 0.705770694098839], [0.21017152193563154, 0.007111514327319824, 0.009561420317690802, 0.7731555434193578], [0.1973914794478705, 0.6433019218464863, 0.07873816069951857, 0.08056843800612466], [0.12564455091060958, 0.006110496962993425, 0.7047524863400192, 0.16349246578637772], [0.32219304283811995, 0.07072274962738298, 0.06811361740507453, 0.5389705901294226], [0.1801478710088377, 0.2306631385686717, 0.12685671630865014, 0.46233227411384054], [0.01981512893527716, 0.30789251833332953, 0.1321878017383445, 0.5401045509930489], [0.03120024327390994, 0.3753891776078535, 0.0301668561924186, 0.563243722925818], [0.007068399378656948, 0.23214492120352076, 0.14548172657704034, 0.6153049528407819], [0.1061188136975223, 0.05839900816360952, 0.07232669787356238, 0.7631554802653059], [0.5018623117314122, 0.11910271341251204, 0.06321178570703077, 0.31582318914904506]]}, "rewritten": {"ids": ["97106000", "97106770", "97107681", "97112830", "97113260", "98106680", "98107380", "98108370", "98110680", "98120530", "98121790", "99105921", "99108080", "99109141", "99111340", "99112531", "99116500", "100108260", "100108520", "100109890", "100109980", "100111390", "100113210", "101108950", "101109000", "101109370", "101110200", "101111140", "101111310", "101113210", "102109910", "102110500", "102117351", "103109641", "103110840", "103111830", "103120290", "104111531", "104111620", "104113000", "104113190", "104113210", "104113550", "104116800", "105113190", "105113210", "105113330", "105115250", "105115680", "105115900", "105116441", "105116650", "105117431", "105119550", "105120280", "105120621", "106112770", "106113170", "106113260", "106113830", "106116640", "106117790", "107112840", "107113260", "107114280", "107114321", "107116300", "107116501", "107118120", "107119950", "107121640", "108114270", "108115070", "108116501", "108118060", "108121410", "109113281", "109114270", "109114720", "109115211", "109115220", "109115380", "109116750", "109117080", "109117110", "109117431", "109117600", "109118820", "109119010", "109119340", "109119450", "109119591", "109120150", "109120621", "109121351", "110115120", "110118161", "110118740", "110118930", "110120640", "110120700", "111114121", "111114171", "111115620", "111115770", "111116010", "111116750", "111117200", "111117571", "111119250", "111119290", "111119930", "111120190", "111121190", "111121220", "111121930", "112116401", "112116451", "112116610", "112116800", "112116990", "112117030", "112117431", "112117580", "112117780", "112118820", "112118890", "112119950", "112119980", "112120630", "113117550", "113118421", "113118690", "113118810", "113119120", "113119300", "113120780", "113121220", "113122160", "113122180", "113122510", "113122650"], "labels": [0, 3, 3, 2, 1, 1, 1, 1, 2, 1, 2, 1, 3, 3, 1, 3, 2, 3, 2, 3, 1, 2, 0, 2, 1, 1, 2, 2, 3, 3, 2, 3, 1, 1, 1, 3, 2, 0, 0, 1, 3, 3, 1, 1, 3, 3, 3, 2, 2, 3, 1, 1, 1, 1, 3, 1, 1, 0, 3, 1, 3, 1, 1, 0, 3, 0, 0, 1, 3, 3, 1, 3, 1, 0, 1, 0, 0, 3, 0, 0, 3, 3, 0, 1, 1, 1, 1, 3, 3, 3, 3, 0, 2, 1, 0, 0, 0, 3, 1, 0, 2, 0, 3, 1, 3, 1, 3, 0, 3, 1, 3, 1, 3, 1, 3, 1, 0, 0, 1, 0, 0, 2, 0, 0, 0, 0, 3, 0, 0, 3, 3, 3, 3, 3, 3, 1, 0, 3, 3, 2, 2, 2], "predicted_labels": [3, 2, 1, 2, 2, 2, 2, 3, 2, 3, 2, 0, 3, 0, 3, 0, 2, 0, 2, 0, 0, 0, 3, 3, 3, 2, 3, 0, 0, 0, 0, 0, 1, 2, 1, 2, 0, 3, 3, 0, 1, 0, 3, 0, 3, 3, 0, 3, 3, 0, 1, 0, 2, 1, 0, 0, 0, 1, 1, 0, 0, 1, 1, 1, 2, 0, 0, 1, 0, 3, 0, 0, 1, 3, 3, 3, 0, 0, 2, 3, 2, 3, 0, 1, 3, 0, 3, 0, 3, 1, 3, 1, 0, 3, 0, 0, 0, 0, 1, 3, 3, 1, 0, 3, 0, 1, 0, 0, 1, 0, 3, 3, 3, 0, 1, 2, 3, 0, 0, 3, 3, 1, 0, 0, 3, 0, 2, 0, 3, 0, 3, 3, 1, 1, 3, 0, 1, 2, 0, 3, 1, 2], "confidence_scores": [[0.07648643338557988, 0.0001342238716130857, 0.1688326992540683, 0.7545466434887387], [0.09352471223576735, 0.0004748260613085371, 0.6355443805849621, 0.270456081117962], [0.3601354019974166, 0.38483575271243914, 0.11367411300946646, 0.1413547322806779], [0.1465579889722645, 0.04011508357874316, 0.7137003582754383, 0.09962656917355407], [0.1096894576140167, 0.04677738697552503, 0.7044242292020222, 0.139108926208436], [0.0600339479354665, 0.12032706309600684, 0.7330608829670469, 0.08657810600147972], [0.04233902417014271, 0.009743883061977137, 0.6843715987802723, 0.26354549398760785], [0.3229298626536125, 0.026857970853886852, 0.2819364310661186, 0.3682757354263821], [0.03290481611053345, 0.08083662462827249, 0.8851496485242755, 0.001108910736918533], [0.023942756364645722, 0.0007509401471817417, 0.04286384657829234, 0.9324424569098801], [0.29127926234625634, 0.3341899727674777, 0.3570990771510876, 0.017431687735178506], [0.35039292682536033, 0.1756100226845063, 0.32701269786385806, 0.14698435262627524], [0.28525045011001765, 0.023038076735320705, 0.017303942715472767, 0.6744075304391889], [0.9845615299651358, 0.001852381796849825, 0.00024514810933043966, 0.013340940128683927], [0.04085178221458552, 0.13880134075639514, 0.12508046392969566, 0.6952664130993237], [0.5011201241784949, 0.01023822205041577, 0.02838097365866056, 0.46026068011242877], [0.21801662017773826, 0.2902620054116665, 0.48143379962314575, 0.010287574787449336], [0.4116463573726452, 0.36934920972385255, 0.13293390534299737, 0.08607052756050496], [0.032171446018045925, 0.00779702557368633, 0.7340802241916461, 0.22595130421662157], [0.603403276155617, 0.004915855654240861, 0.30007095483074886, 0.0916099133593933], [0.408128426313128, 0.1461014001428934, 0.15653754870596528, 0.28923262483801326], [0.5298608374681043, 0.058120349784001366, 0.1905873895137751, 0.22143142323411924], [0.05480175471968564, 0.019466084385671736, 0.07377091685763969, 0.8519612440370028], [0.007792409693126894, 0.008238080148373874, 0.030700312231561205, 0.9532691979269381], [0.05421595321974887, 0.05282482761839392, 0.016893426025043488, 0.8760657931368137], [0.15523189716113028, 0.021606663373672445, 0.8173693462115607, 0.005792093253636639], [0.05341870400333949, 0.09739095362589169, 0.013246095039637763, 0.8359442473311312], [0.739558695023154, 0.06743026645272272, 0.13301672286682428, 0.05999431565729895], [0.4926498681262208, 0.010242751204623405, 0.3440501997453817, 0.15305718092377404], [0.6541950274584757, 0.028123498523665576, 0.3100329915132551, 0.007648482504603559], [0.9022960101783243, 0.021005108747623808, 0.02198572604173536, 0.054713155032316635], [0.5166011649486201, 0.0035315603861756258, 0.06264970901097258, 0.41721756565423185], [0.09011053168687289, 0.8711806637207646, 0.005488132760868809, 0.03322067183149366], [0.019205870909351646, 0.04810382712169017, 0.5110410646049347, 0.4216492373640236], [0.010072099450020966, 0.7787051140207991, 0.10555373512932524, 0.10566905139985466], [0.020410814712480064, 0.05047937862684775, 0.8702308038658351, 0.058879002794837244], [0.5770231106886687, 0.3030815022784327, 0.06985227992523721, 0.05004310710766139], [0.13922195910862054, 0.23871439867054928, 0.12536701653587426, 0.496696625684956], [0.3091712063528044, 0.0022635868570767223, 0.005289751281071461, 0.6832754555090473], [0.6997359204749926, 0.006443158866416578, 0.05734835449327573, 0.23647256616531515], [0.02751644761231726, 0.6713793238013167, 0.19030070959977102, 0.11080351898659503], [0.6111609976411885, 0.14164268660460852, 0.17018092108349267, 0.07701539467071035], [0.1996694237137072, 0.1733758811832993, 0.029027843226102086, 0.5979268518768914], [0.6088582865211122, 0.07052941875760542, 0.00978497273201725, 0.31082732198926505], [0.1790093756472949, 0.04695083472053394, 0.031304302741247216, 0.742735486890924], [0.3132212068394034, 0.05520264248428153, 0.022077454100402228, 0.6094986965759128], [0.4753233485905185, 0.3470961246000216, 0.004962472984279469, 0.17261805382518053], [0.3001381232421347, 0.256487729653471, 0.010598622682369354, 0.43277552442202494], [0.039378855398652296, 0.17457085618584436, 0.3183876064625754, 0.4676626819529279], [0.5234900047929513, 0.004208779032738709, 0.01985819203729583, 0.45244302413701426], [0.04828839569053643, 0.9325659783693395, 0.013420424004538759, 0.0057252019355854425], [0.45891301355218495, 0.07443619535841561, 0.32177787712827177, 0.14487291396112775], [0.2477732995237428, 0.13121889125397118, 0.5994883464703895, 0.021519462751896576], [0.05556756825127333, 0.368471567305515, 0.29561603436045847, 0.28034483008275324], [0.7058852519735442, 0.28896771102376506, 0.0036790274090572877, 0.001468009593633441], [0.8091465301567472, 0.02633175035134718, 0.0009356368306767108, 0.1635860826612287], [0.6749112206356905, 0.012738334201441529, 0.2788030695109842, 0.03354737565188371], [0.3310073008290043, 0.6038405383635528, 0.0028806427168038638, 0.062271518090638946], [0.19948966794312814, 0.6612764866067415, 0.08777634273534898, 0.05145750271478131], [0.5086730647438987, 0.3187905925304802, 0.1336049708854642, 0.038931371840156846], [0.5441563934958468, 0.25481924193221617, 0.06574944549619022, 0.13527491907574685], [0.015842654066620245, 0.52299782634419, 0.13760385191097618, 0.3235556676782135], [0.03002215281734892, 0.9025341210697629, 0.06504874412147728, 0.0023949819914108796], [0.18304402054553015, 0.5392512164424362, 0.017037953816441253, 0.2606668091955924], [0.008451926229423522, 0.2816709404994986, 0.43374666840710396, 0.27613046486397397], [0.7125331221372382, 0.1629275907394212, 0.005635360562336026, 0.11890392656100454], [0.5282196269609135, 0.3554060157580554, 0.006542857113554011, 0.10983150016747703], [0.07246572680257021, 0.8195934306278426, 0.028819941193894652, 0.07912090137569265], [0.8138970032474832, 0.071950084443211, 0.006318188126628956, 0.10783472418267674], [0.12728615794195525, 0.12387957524239883, 0.0010169565077923486, 0.7478173103078536], [0.8107968792282282, 0.019665963545595716, 0.14049512592084373, 0.029042031305332516], [0.65531716195168, 0.2330102571491128, 0.04048123298676011, 0.07119134791244695], [0.20768173511851776, 0.6869524307759026, 0.01624666539245296, 0.08911916871312665], [0.16531552655813866, 0.04867789147349672, 0.01514615819039847, 0.770860423777966], [0.16015134045563217, 0.04526882137326005, 0.08957430183459365, 0.7050055363365142], [0.04715160213889675, 0.30053300583261566, 0.002831922115326834, 0.6494834699131607], [0.7663565892836234, 0.020266585860145174, 0.06009434926339739, 0.15328247559283412], [0.8194241781498708, 0.026140497672571754, 0.001894644711400919, 0.15254067946615668], [0.023678627162054076, 0.008365922263785469, 0.7710793943366387, 0.1968760562375218], [0.04996273104128392, 0.022835614650821193, 0.0027742941668805095, 0.9244273601410143], [0.2437621344799557, 0.2922059677810117, 0.3225605618348309, 0.14147133590420172], [0.16908859143691243, 0.13668127023245352, 0.2733652850115347, 0.4208648533190994], [0.8080380965607585, 0.09963662807736527, 0.004564050952844488, 0.08776122440903175], [0.0005231929599190831, 0.9925991276018061, 0.0006254370924647859, 0.006252242345810101], [0.004672732402466544, 0.045829180087043356, 0.006753121156694812, 0.9427449663537953], [0.7606004947263569, 0.05697504101782603, 0.01220843900071805, 0.17021602525509893], [0.12453356671073133, 0.028318220582829227, 0.22372044007488828, 0.6234277726315512], [0.901201406627815, 0.059438202609870275, 0.016404915788695875, 0.022955474973618883], [0.02776480891945068, 0.013528650926787872, 0.34419002013186145, 0.6145165200218999], [0.07411547285388423, 0.3861221747533346, 0.23658777349463134, 0.3031745788981498], [0.04312027466090114, 0.016589093858234157, 0.2885122991062292, 0.6517783323746354], [0.27213617192312095, 0.6620841646962892, 0.04376779101440876, 0.02201187236618105], [0.44269180919037676, 0.09420819060050431, 0.2870997755216554, 0.17600022468746362], [0.1059989206112825, 0.029628789939407187, 0.0420561787655198, 0.8223161106837906], [0.9686641010626516, 0.023426474833202003, 0.005678133505716137, 0.002231290598430272], [0.5629718180198262, 0.26911464420565534, 0.042448282514938124, 0.12546525525958044], [0.9158063140363188, 0.010490771567178963, 0.001199512403997493, 0.07250340199250449], [0.8957745337076849, 0.043160542926347675, 0.0007916401884897025, 0.06027328317747758], [0.00210892550154797, 0.9965048065638702, 0.00011988016500793712, 0.0012663877695738433], [0.15826096787013688, 0.003824005876088256, 0.11534938709676738, 0.7225656391570074], [0.11794388896888552, 0.0455548322256401, 0.028951599767468694, 0.8075496790380057], [0.3213301711883257, 0.6122067864449132, 0.009389325830997155, 0.05707371653576386], [0.960652841819418, 0.000926006025840176, 0.0006836856085329631, 0.03773746654620891], [0.03992069788345024, 0.0519220670537702, 0.14765594539041196, 0.7605012896723675], [0.8050464908739716, 0.025059327253172226, 0.026419036184736466, 0.14347514568811967], [0.0286491020705321, 0.6684520955423946, 0.23734719371481283, 0.06555160867226059], [0.945600449083152, 0.0037259652038115552, 0.02221687661690505, 0.028456709096131568], [0.6537844559519075, 0.16851950659934364, 0.059109643372025115, 0.11858639407672372], [0.046195210747254314, 0.8805943062483602, 0.030561809592882176, 0.04264867341150334], [0.8114069576557017, 0.01328210888958413, 0.014758377584451312, 0.16055255587026285], [0.0501669214178485, 0.035537947968490066, 0.02138817033680599, 0.8929069602768555], [0.12797917709550802, 0.022546424793978462, 0.004020656146778326, 0.8454537419637352], [0.008872525800847662, 0.0340657699659577, 0.01905711201170852, 0.9380045922214861], [0.9516903287119273, 0.001798074033641658, 0.006068350540363772, 0.04044324671406733], [0.3264538489368209, 0.5716110116226418, 0.03793872323471473, 0.0639964162058225], [0.0052273843039132226, 0.0032199513117003617, 0.9228649897719097, 0.06868767461247668], [0.44597321747968255, 0.0021982811082493295, 0.002829194813146403, 0.5489993065989217], [0.9540582205559658, 0.005161015892185201, 0.018451530467943216, 0.022329233083905744], [0.9186709608503794, 0.00865548852869644, 0.03298267450725554, 0.0396908761136685], [0.2345646251509669, 0.26583759314318073, 0.0895527152118115, 0.41004506649404077], [0.012156478367241298, 0.0048591056052889985, 0.05314201716870787, 0.9298423988587619], [0.22884060819016516, 0.5966129300682149, 0.1312923819049527, 0.04325407983666713], [0.9416040440785519, 0.01827445353891098, 0.0014698166772578378, 0.03865168570527933], [0.879697602781736, 0.1122260587246809, 0.0003211368374404486, 0.007755201656142679], [0.015993911592260816, 0.1326839121745453, 0.004916490053678494, 0.8464056861795154], [0.5967370076490551, 0.31012853444647515, 0.0013812362966297976, 0.09175322160783973], [0.1489660927844762, 0.014780739616448636, 0.7225836734507072, 0.11366949414836797], [0.8909732729570122, 0.0003152689046006709, 0.0034003451590223625, 0.10531111297936467], [0.10233723060954157, 0.23519263996921236, 0.24441921052430488, 0.41805091889694124], [0.8544863805220902, 0.04672690389241388, 0.005749248674707085, 0.09303746691078879], [0.011038078225642593, 0.0024934240361171606, 0.0054299882168556465, 0.9810385095213847], [0.036825501364852783, 0.00021782405488734652, 0.015183825159085864, 0.947772849421174], [0.24720574740173396, 0.5203579556601763, 0.005302140274951526, 0.22713415666313824], [0.03093517783735674, 0.8043822539671946, 0.025810538333397724, 0.13887202986205086], [0.13550162445553288, 0.30876133190206384, 0.07266278822643556, 0.4830742554159676], [0.7197430605627025, 0.039308554650893376, 0.008371638568830974, 0.23257674621757318], [0.35882107776745975, 0.3919165032785021, 0.21567845070081873, 0.03358396825321949], [0.16096418409169247, 0.07383348805898207, 0.3966664379237752, 0.3685358899255502], [0.6672685000753538, 0.07342771464508122, 0.07220211200092544, 0.18710167327863944], [0.03052693460427061, 0.008174801951288703, 0.009168210114022742, 0.952130053330418], [0.00029838483762812014, 0.7647510116770324, 0.03928517310672757, 0.19566543037861192], [0.00041660270918879424, 0.012202644364525995, 0.9751193575257452, 0.01226139540054008]]}}