{"test": {"ids": ["106114150", "107118820", "108121190", "102107961", "101111210", "105113260", "97106820", "108113760", "109114720", "99111440", "110118880", "111117120", "112117461", "111120220", "112116451", "110115580", "103111930", "99108000", "105111990", "108114270", "106116820", "108114200", "100107920", "107113130", "105118171", "99108010", "105119950", "111115620", "107118780", "98116500", "97112290", "100108080", "105121370", "105110091", "104114240", "108113700", "103110050", "105121190", "109117080", "98108150", "108120260", "108118291", "110117140", "110117080", "110116170", "108115570", "112119450", "97114170", "111119930", "98112300", "103112641", "100120780", "107116300", "101119591", "100111620", "109114651", "113121950", "111120320", "113122190", "98107340", "105115900", "104113190", "110117870", "112117790", "107120260", "100108580", "111119610", "109113931", "104111711", "107119130", "111120640", "107117010", "109113281", "107119950", "110114920", "110115890", "99108080", "103120531", "108117610", "102110500", "106119580", "104111780", "111117000", "107113840", "112118701", "104111620", "108118301", "113121190", "99112531", "104113000", "105117351", "107117630", "110114720", "106116120", "100109980", "110116441", "104114230", "107120010", "99108890", "107118120", "98106560", "98113881", "99112300", "97105960", "98112170", "99121440", "111121351", "110114321", "111116040", "109117110", "99111930", "106121220", "105115250", "111118810", "99108580", "107120880", "104116441", "107112840", "99111000", "112120540", "102112250", "99109370", "111120280", "98109570", "107113360", "99109860", "109118820", "102118380", "112118530", "110121720", "101113210", "110121450", "110115250", "113119450", "102112030", "101112540", "113122170", "110121500", "101110200", "112119500", "98119591", "111114941"], "labels": [1, 3, 1, 3, 2, 3, 1, 1, 0, 3, 0, 2, 0, 3, 0, 1, 3, 2, 2, 3, 1, 0, 0, 1, 3, 2, 3, 1, 1, 2, 1, 0, 2, 0, 0, 0, 3, 2, 1, 0, 1, 3, 3, 1, 0, 3, 3, 2, 1, 2, 3, 1, 0, 0, 3, 3, 3, 1, 1, 0, 3, 3, 3, 3, 1, 0, 2, 1, 1, 1, 0, 1, 0, 3, 3, 2, 3, 3, 3, 3, 3, 3, 0, 3, 0, 0, 1, 1, 3, 1, 0, 0, 3, 1, 1, 3, 2, 1, 0, 3, 1, 3, 0, 2, 3, 2, 0, 1, 0, 1, 1, 1, 2, 0, 0, 1, 1, 1, 2, 3, 0, 1, 0, 1, 0, 2, 3, 1, 1, 3, 3, 3, 1, 3, 2, 2, 1, 3, 2, 2, 1, 0], "predicted_labels": [3, 2, 1, 0, 3, 3, 1, 2, 0, 1, 1, 3, 3, 0, 0, 3, 3, 1, 3, 1, 1, 3, 1, 2, 0, 0, 3, 3, 3, 3, 1, 0, 3, 0, 1, 2, 1, 3, 2, 3, 3, 0, 0, 3, 1, 2, 0, 2, 3, 0, 0, 1, 0, 0, 3, 3, 0, 0, 2, 2, 2, 3, 0, 0, 3, 1, 0, 3, 0, 1, 1, 3, 0, 1, 0, 1, 1, 1, 3, 2, 2, 2, 3, 2, 1, 3, 3, 3, 3, 3, 1, 3, 2, 0, 2, 1, 2, 2, 3, 1, 0, 0, 1, 2, 0, 0, 0, 1, 3, 1, 0, 3, 2, 1, 0, 0, 0, 1, 3, 2, 0, 3, 2, 0, 0, 1, 1, 1, 3, 1, 0, 0, 1, 1, 1, 1, 3, 0, 1, 3, 1, 0], "confidence_scores": [[0.01391757306078285, 0.1695235368789925, 0.0035143846052295346, 0.8130445054549951], [0.05317605502450842, 0.2123368145509402, 0.372369597984441, 0.3621175324401104], [0.0003835291864832392, 0.9535092976191948, 0.004836920072506968, 0.04127025312181501], [0.9492020326589217, 0.0033986653854878933, 0.0017929836408987568, 0.04560631831469154], [0.3195011833965724, 0.008659013801258306, 0.13114150511858658, 0.5406982976835828], [0.02879812702149403, 0.07058377160933836, 0.006061730707844713, 0.8945563706613229], [0.011727552948723172, 0.9572021059024384, 0.006726466156587702, 0.024343874992250842], [0.019188299943828858, 0.10884242736377449, 0.534049122088686, 0.33792015060371056], [0.8237442242608666, 0.00916520197585029, 0.11555867731961725, 0.051531896443665744], [0.23648187919485006, 0.47988957106216656, 0.2056650083080335, 0.07796354143495003], [0.053298844650491756, 0.8371282434529516, 0.0006419289311718384, 0.10893098296538478], [0.00675399854576093, 0.32568286585386846, 0.22790559746448097, 0.43965753813588976], [0.088317025042252, 0.011384643546919086, 0.006776567831900054, 0.893521763578929], [0.46265046250184083, 0.160417346676412, 0.3035780949370241, 0.07335409588472318], [0.8389980636975691, 0.06187603784417696, 0.010263790183474841, 0.08886210827477901], [0.3293646861142535, 0.032322867263561636, 0.05501253072814847, 0.5832999158940364], [0.04825115058210474, 0.19754295289408266, 0.07220686269135126, 0.6819990338324614], [0.0005196691801954917, 0.8101918261860588, 0.09934863915099851, 0.08993986548274711], [0.005433110707567838, 0.08984862396993733, 0.005348988747026192, 0.8993692765754686], [0.0246376685369702, 0.9482965731310343, 0.02273648511853442, 0.0043292732134611], [0.03332660155409916, 0.640427588488265, 0.07001191760475445, 0.25623389235288135], [0.002630239921833204, 0.19709147848371286, 0.2641985366868301, 0.5360797449076239], [0.1821069753520538, 0.49047353768922813, 0.0022531616965161747, 0.32516632526220185], [0.00748883737360152, 0.007790541459357288, 0.978135124330116, 0.006585496836925361], [0.5415559336146135, 0.2596197554445704, 0.0009060510353010045, 0.19791825990551515], [0.6541471126735215, 0.24181224412411836, 0.0309309479420778, 0.0731096952602823], [0.30471189167140683, 0.014254485093927956, 0.010072495160289538, 0.6709611280743757], [0.004321886638256114, 0.18679179777737967, 0.1907883923625113, 0.618097923221853], [0.02941095414492174, 0.2941621808956375, 0.01721684806601131, 0.6592100168934295], [0.09619515831274086, 0.29634311967259647, 0.04428561801052899, 0.5631761040041336], [0.01057253033641941, 0.9231868403982092, 0.011700182545522044, 0.05454044671984927], [0.6725717160667486, 0.012434706967663587, 0.05255594611385768, 0.26243763085173005], [0.019968763834090804, 0.2560015356279889, 0.09425552078249799, 0.6297741797554224], [0.9778374122954605, 0.0024393223635648226, 0.002041905597324803, 0.017681359743649736], [0.08453802166263737, 0.4596931275556314, 0.030020518902073134, 0.425748331879658], [0.3039317616086677, 0.26689595189138887, 0.34675881668111214, 0.08241346981883128], [0.00025115995955122877, 0.9733638787635276, 0.004146567703438994, 0.022238393573482097], [0.05587604402870531, 0.08256192936494867, 0.2800161064482316, 0.5815459201581145], [0.19694199919516048, 0.10245365886479209, 0.5983723631091807, 0.10223197883086661], [0.27602649536928103, 0.01575025541286767, 0.27893160152808993, 0.42929164768976136], [0.08375619916433098, 0.4419329445866956, 0.028207375454985046, 0.4461034807939883], [0.9437279799389228, 0.0012631998135845112, 0.00722458144161366, 0.047784238805879134], [0.6985087586118692, 0.14171160088825435, 0.018673590560304078, 0.14110604993957238], [0.31547725433698526, 0.12236892413121708, 0.07598109513169585, 0.48617272640010184], [0.23667350350346214, 0.7347281857950844, 0.0042618602759114275, 0.024336450425542135], [0.07294286000045525, 0.004834044491914176, 0.8113846693337017, 0.1108384261739289], [0.9892827954715769, 0.0012620120268281585, 0.007588223939357156, 0.0018669685622376643], [0.1659819784769831, 0.023657517675290993, 0.5615609554085398, 0.2487995484391861], [0.052624208538727624, 0.08971799527267901, 0.010500349025020598, 0.8471574471635729], [0.5711854913561755, 0.07734822032004546, 0.015300017209209727, 0.3361662711145694], [0.9647729332939137, 0.015315866734109234, 0.015468998196055581, 0.004442201775921587], [0.14274044156319726, 0.7478788688884183, 0.01613683347282668, 0.09324385607555774], [0.6170836275987759, 0.0982431489348574, 0.16286758914946264, 0.1218056343169041], [0.4832340251264463, 0.2001364166572361, 0.09457815668733179, 0.22205140152898584], [0.019852987715789732, 0.12213706426380043, 0.007757883423208199, 0.8502520645972016], [0.17054960173499603, 0.007847008715581028, 0.0005351425119350231, 0.8210682470374879], [0.39167018237416545, 0.22139677792067464, 0.06887206323775183, 0.31806097646740805], [0.9071575322035127, 0.02513991488512114, 0.023769736144999387, 0.04393281676636656], [0.07319836460129786, 0.30252110112353825, 0.5270553977187495, 0.09722513655641439], [0.3199955212459815, 0.13905215044232944, 0.5263022788000296, 0.014650049511659472], [0.0009521282637320221, 0.22814026451734634, 0.5836877536020809, 0.18721985361684068], [0.03799377357558705, 0.05843322542358207, 0.0038477770966634838, 0.8997252239041674], [0.3851353914049015, 0.12043477400861703, 0.18975583255584422, 0.3046740020306374], [0.8034136261146968, 0.01137349243238472, 0.004393920910297797, 0.18081896054262078], [0.002949477443733662, 0.006003607963971387, 0.001986043816795678, 0.9890608707754993], [0.24451635764434054, 0.6508342753368183, 0.031038314663471164, 0.07361105235537019], [0.9778985589017459, 0.010799980020358231, 0.0033151145894100755, 0.007986346488485728], [0.012567112141009308, 0.0037936069500477277, 0.024627626885439402, 0.9590116540235036], [0.7524932169196823, 0.044765285897244454, 0.15112123243717135, 0.05162026474590183], [0.030506468807306647, 0.5666505786075343, 0.26178354590488073, 0.1410594066802783], [0.1378234400546925, 0.5796868115100712, 0.2634400803200462, 0.019049668115190172], [0.047003178449496676, 0.03728222015889725, 0.00636929311461743, 0.9093453082769886], [0.6124020101133357, 0.03677256428105851, 0.06847210689164049, 0.28235331871396524], [0.09017624473485567, 0.7971495919057824, 0.013940544268574539, 0.0987336190907874], [0.736508627030947, 0.18836356165071325, 0.005044753702706937, 0.07008305761563295], [0.11601623356264454, 0.6824027885495103, 0.19932381761188783, 0.0022571602759572833], [0.45637864129924677, 0.4814271592735176, 0.01830220284326983, 0.04389199658396582], [0.11256524298659655, 0.40160519718598064, 0.09693370596455296, 0.3888958538628698], [0.095441036423427, 0.04288254133585352, 0.013204551405910746, 0.8484718708348087], [0.09655753527068779, 0.0034706336518022336, 0.4563321152904446, 0.4436397157870654], [0.014329005772594165, 0.354147523418249, 0.6264415931054872, 0.005081877703669579], [0.024727833334411968, 0.12678795692164316, 0.6386012468761028, 0.20988296286784217], [0.1338637111486562, 0.006197043074808791, 0.011255583159105825, 0.8486836626174293], [0.059296779321664286, 0.025701337385819475, 0.8731975832828306, 0.04180430000968559], [0.411335272516951, 0.5525337255757334, 0.001023235527948478, 0.035107766379366974], [0.25885756129502324, 0.08564048477020766, 0.02201175557901646, 0.6334901983557527], [0.08779452573011222, 0.023637632761206784, 0.014739484791749276, 0.8738283567169318], [0.37641720152336516, 0.1605340722419004, 0.05247720044151167, 0.41057152579322287], [0.2077184527465519, 0.07254114967865355, 0.05685153120215358, 0.662888866372641], [0.12264665025239618, 0.1134124977824447, 0.009471455745837735, 0.7544693962193213], [0.06607117738662081, 0.873732150256613, 0.0035652806172999643, 0.05663139173946628], [0.06856278561500198, 0.31945210880565994, 0.030370274140354137, 0.581614831438984], [0.29466219098221935, 0.27050301833247714, 0.32875810313326015, 0.10607668755204341], [0.6455036657767397, 0.03975463632408106, 0.29175038160066313, 0.022991316298516046], [0.2180069348021475, 0.03717168655788977, 0.5961712633472704, 0.14865011529269231], [0.02491073818402544, 0.9419213604288877, 0.0010716482043753458, 0.03209625318271153], [0.04515460190366918, 0.13452407800211988, 0.7513234123651783, 0.06899790772903262], [0.2751653207229104, 0.2147729160399233, 0.34609849068674764, 0.1639632725504186], [0.06805933659999448, 0.3074409901250811, 0.1988026400333136, 0.4256970332416109], [0.08782669839127427, 0.7057530093855169, 0.06859760879329732, 0.13782268342991164], [0.5075286430975264, 0.1639112517808342, 0.2778548926391795, 0.05070521248245979], [0.9024095492120733, 0.011290910806499393, 0.026406014035886903, 0.059893525945540295], [0.13904793961369477, 0.4100814814186485, 0.15636473949536714, 0.2945058394722896], [0.1232700161762808, 0.24055056919200943, 0.4459580420889168, 0.19022137254279287], [0.9470826931221309, 0.00502044169119604, 0.002886120718111516, 0.045010744468561605], [0.7606432714889575, 0.21051426314700447, 0.024022572110830795, 0.004819893253207422], [0.9905613773151166, 0.008056236287796188, 0.00024594504469749876, 0.0011364413523894928], [0.11115866968935598, 0.4555102696648137, 0.10796441382725797, 0.32536664681857225], [0.0803016210781874, 0.3738380514358061, 0.06849545894801017, 0.4773648685379963], [0.011697886324304827, 0.5073164587618594, 0.06604873237463174, 0.4149369225392039], [0.49789845188364246, 0.07661455275552904, 0.05582316613983455, 0.3696638292209939], [0.047138281599744355, 0.04435755191911194, 0.0638691121357556, 0.8446350543453882], [0.02589753067659672, 0.1796221025714514, 0.7508387395932358, 0.043641627158716015], [0.07792306500105556, 0.7186175009302721, 0.16699674313188753, 0.03646269093678487], [0.6997462111780685, 0.024808584679631315, 0.27143082383238437, 0.004014380309915946], [0.8851754458565184, 0.03653170830073346, 0.020464394985244067, 0.057828450857504106], [0.5360785973664273, 0.042139293940494954, 0.0026153557644315885, 0.4191667529286462], [0.12913906553983795, 0.7729059382297799, 0.06329772789180621, 0.03465726833857584], [0.0022698127683458587, 0.10087182216956554, 0.33618238372605386, 0.5606759813360348], [0.12413021802627959, 0.2109291414591007, 0.38249210026860553, 0.2824485402460142], [0.9419225606243252, 0.01898496919300642, 0.0024133749955597148, 0.03667909518710867], [0.11297998430535179, 0.15736855897161578, 0.2835055612077254, 0.44614589551530714], [0.054053238877940335, 0.15872497449883624, 0.43289670632827615, 0.3543250802949473], [0.4404001189940372, 0.4351331984075782, 0.006604106806686552, 0.11786257579169807], [0.8915950266706132, 0.08584938783850526, 0.010915674316172401, 0.011639911174708995], [0.21188102784026094, 0.6749567043634288, 0.08616658977213675, 0.026995678024173526], [0.27163236620072717, 0.32580500845881794, 0.2177619332205346, 0.18480069211992028], [0.0007582099311406786, 0.9466478088796907, 0.0365562765837049, 0.01603770460546388], [0.029350439134546505, 0.08433463808200246, 0.2933810845638398, 0.5929338382196112], [0.034840055067622486, 0.7121520141327919, 0.04584840956858853, 0.20715952123099723], [0.5042963225670831, 0.1641833869516515, 0.005855017316523266, 0.3256652731647421], [0.8445828915757322, 0.06442152179011047, 0.02535806704846987, 0.06563751958568738], [0.009264382456038311, 0.7077605883168016, 0.00620721726605391, 0.27676781196110617], [0.21928186386258744, 0.5890039669652041, 0.07942966141009446, 0.11228450776211404], [0.20392734984087288, 0.6968598196977114, 0.03887176820109512, 0.06034106226032067], [0.08705940213136848, 0.5155289172678595, 0.3574900653152658, 0.0399216152855063], [0.0035979630347568797, 0.0004024854867245731, 0.4505303931634078, 0.5454691583151108], [0.5857374593802687, 0.2431809883761096, 0.024493170722439332, 0.14658838152118223], [0.17050606663742507, 0.6970928240546052, 0.03718132817080805, 0.09521978113716167], [0.4717120986134288, 0.0033162319997603606, 0.026895755547128974, 0.49807591383968186], [0.020593847885211222, 0.5520901024420868, 0.3192837336856205, 0.10803231598708146], [0.6585745838204686, 0.008039988305881596, 0.013006222958554367, 0.3203792049150954]]}, "rewritten": {"ids": ["97105960", "97106820", "97112290", "97114170", "98106560", "98107340", "98108150", "98109570", "98112170", "98112300", "98113881", "98116500", "98119591", "99108000", "99108010", "99108080", "99108580", "99108890", "99109370", "99109860", "99111000", "99111440", "99111930", "99112300", "99112531", "99121440", "100107920", "100108080", "100108580", "100109980", "100111620", "100120780", "101110200", "101111210", "101112540", "101113210", "101119591", "102107961", "102110500", "102112030", "102112250", "102118380", "103110050", "103111930", "103112641", "103120531", "104111620", "104111711", "104111780", "104113000", "104113190", "104114230", "104114240", "104116441", "105110091", "105111990", "105113260", "105115250", "105115900", "105117351", "105118171", "105119950", "105121190", "105121370", "106114150", "106116120", "106116820", "106119580", "106121220", "107112840", "107113130", "107113360", "107113840", "107116300", "107117010", "107117630", "107118120", "107118780", "107118820", "107119130", "107119950", "107120010", "107120260", "107120880", "108113700", "108113760", "108114200", "108114270", "108115570", "108117610", "108118291", "108118301", "108120260", "108121190", "109113281", "109113931", "109114651", "109114720", "109117080", "109117110", "109118820", "110114321", "110114720", "110114920", "110115250", "110115580", "110115890", "110116170", "110116441", "110117080", "110117140", "110117870", "110118880", "110121450", "110121500", "110121720", "111114941", "111115620", "111116040", "111117000", "111117120", "111118810", "111119610", "111119930", "111120220", "111120280", "111120320", "111120640", "111121351", "112116451", "112117461", "112117790", "112118530", "112118701", "112119450", "112119500", "112120540", "113119450", "113121190", "113121950", "113122170", "113122190"], "labels": [2, 1, 1, 2, 1, 0, 0, 1, 3, 2, 3, 2, 1, 2, 2, 3, 0, 0, 1, 2, 2, 3, 1, 0, 3, 2, 0, 0, 0, 1, 3, 1, 2, 2, 2, 3, 0, 3, 3, 2, 0, 1, 3, 3, 3, 3, 0, 1, 3, 1, 3, 2, 0, 1, 0, 2, 3, 2, 3, 0, 3, 3, 2, 2, 1, 1, 1, 3, 1, 1, 1, 0, 3, 0, 1, 0, 3, 1, 3, 1, 3, 1, 1, 1, 0, 1, 0, 3, 3, 3, 3, 1, 1, 1, 0, 1, 3, 0, 1, 1, 3, 1, 3, 3, 1, 1, 2, 0, 3, 1, 3, 3, 0, 3, 3, 3, 0, 1, 0, 0, 2, 0, 2, 1, 3, 0, 1, 0, 0, 0, 0, 3, 1, 0, 3, 2, 3, 3, 1, 3, 1, 1], "predicted_labels": [3, 1, 1, 1, 0, 0, 3, 3, 0, 1, 1, 0, 1, 1, 0, 0, 0, 3, 1, 1, 1, 0, 0, 0, 0, 1, 1, 0, 0, 1, 3, 0, 1, 1, 1, 0, 0, 0, 3, 0, 0, 2, 1, 1, 1, 0, 0, 0, 0, 3, 1, 0, 0, 1, 0, 1, 0, 0, 1, 1, 0, 0, 0, 1, 1, 2, 1, 1, 3, 1, 0, 0, 0, 1, 3, 1, 0, 1, 1, 1, 1, 3, 3, 3, 1, 1, 1, 0, 3, 0, 1, 3, 3, 1, 0, 3, 0, 0, 2, 0, 1, 3, 2, 0, 3, 0, 0, 1, 1, 3, 3, 0, 0, 0, 0, 1, 1, 1, 1, 1, 1, 0, 0, 0, 0, 1, 0, 0, 0, 0, 0, 0, 1, 1, 0, 0, 1, 0, 0, 1, 2, 1], "confidence_scores": [[0.06816975672256065, 0.24368761325659005, 0.02178001892285133, 0.6663626110979979], [0.19651724896693426, 0.6845574391478962, 0.03017983355593591, 0.08874547832923375], [0.19846123793891574, 0.6880580466512812, 0.010050433947963575, 0.1034302814618394], [0.18452364838730245, 0.35386503806980774, 0.2223952546708991, 0.23921605887199077], [0.5751664023527119, 0.34933600785099017, 0.020858883672266244, 0.05463870612403174], [0.5205973453539358, 0.2757349391725309, 0.19684050445983128, 0.0068272110137021546], [0.14583856030414682, 0.07536453951883594, 0.185301523971018, 0.5934953762059992], [0.289069055343446, 0.05000481797489487, 0.011728428621853878, 0.6491976980598052], [0.7225676134369254, 0.010332403427646079, 0.13951405374765902, 0.12758592938776953], [0.25138621865578314, 0.42116453283828603, 0.02441061762066633, 0.3030386308852646], [0.08124643472822952, 0.5759995809885119, 0.19715128923321806, 0.14560269505004042], [0.9359830575854446, 0.008113286128920162, 0.00643457356146128, 0.04946908272417384], [0.3911227362122515, 0.5294871095133726, 0.04831528990870888, 0.031074864365666803], [0.05402407685208182, 0.780919567256133, 0.14374455939439504, 0.02131179649739009], [0.4535936792265646, 0.29456264370482155, 0.012927207525906632, 0.2389164695427073], [0.8364609468940456, 0.1131726672904186, 0.009643409725075226, 0.040722976090460564], [0.5606473199606803, 0.373511564110117, 0.05363015107082275, 0.012210964858379938], [0.3541723621358484, 0.14921383389290613, 0.11677062642467309, 0.3798431775465724], [0.11983078288485398, 0.6458849209735882, 0.18222517557525722, 0.052059120566300666], [0.3726314449210545, 0.5083286238783608, 0.02875484216314677, 0.09028508903743802], [0.0252742088681788, 0.5008342872484011, 0.33604317732380606, 0.13784832655961407], [0.9354854149348112, 0.04043879760928252, 0.019107560671298842, 0.0049682267846074156], [0.597086844683379, 0.21743175452028413, 0.13070630457948657, 0.05477509621685023], [0.6462214328903235, 0.14786597574579727, 0.04165442969103217, 0.16425816167284701], [0.7521760128461925, 0.07839560988032905, 0.009347546071044035, 0.1600808312024344], [0.3427596039788222, 0.5799136871514836, 0.05859047909407139, 0.01873622977562286], [0.32127445575335956, 0.6526129573993136, 0.0006513255663991561, 0.02546126128092756], [0.7529343092187358, 0.021549099007867282, 0.012329328264842678, 0.2131872635085541], [0.7160882243096371, 0.15562767108415707, 0.031687373974980816, 0.0965967306312251], [0.17376953432067407, 0.5432263425126592, 0.19978647208394967, 0.08321765108271705], [0.35032415843832737, 0.09331368433390055, 0.04143881528644545, 0.5149233419413266], [0.6968021416168254, 0.24798117797446126, 0.025451934682573934, 0.02976474572613945], [0.003115016931017793, 0.9708182877281936, 0.008796588107453703, 0.01727010723333481], [0.018005348543799437, 0.8654277112271562, 0.021433370750934214, 0.09513356947811015], [0.1859612167085781, 0.5629086697110172, 0.05013666554020298, 0.20099344804020178], [0.7171408545030978, 0.0602745442080224, 0.03585239597706097, 0.18673220531181875], [0.4083068870727783, 0.2202572529546079, 0.05999339844883497, 0.3114424615237788], [0.5814791300512883, 0.14551462818040248, 0.05953418128125389, 0.21347206048705528], [0.08060252066458545, 0.019639417632178472, 0.012188373535033338, 0.8875696881682027], [0.4127899233541937, 0.3473365257752698, 0.07602520243655574, 0.16384834843398083], [0.7628771910735287, 0.05883860229349668, 0.007884016184867726, 0.1704001904481068], [0.0189483598816651, 0.34872254703870376, 0.5937974477907841, 0.03853164528884702], [0.05898324993032289, 0.3321805745252037, 0.29777225591977197, 0.3110639196247015], [0.03507973327266584, 0.8452712901943015, 0.027619982245667116, 0.09202899428736547], [0.4303775722425319, 0.5065452474446729, 0.04202264504127417, 0.021054535271521006], [0.3478489962546116, 0.21765714489486823, 0.1478608015087458, 0.2866330573417744], [0.5933797932876665, 0.34589113155775836, 0.04958136678737971, 0.011147708367195265], [0.46184185493864244, 0.34458834696180274, 0.16937843714258757, 0.024191360956967136], [0.4809858426820326, 0.37773135544516007, 0.026423936705105018, 0.11485886516770241], [0.3357192800182866, 0.015694991741449067, 0.019320543140435836, 0.6292651850998285], [0.017026082941483937, 0.9440211199756836, 0.006121684743631211, 0.03283111233920122], [0.687594460955766, 0.20138113391981355, 0.04978317332013433, 0.06124123180428628], [0.5572196481734197, 0.0384120362063892, 0.1872454265807491, 0.21712288903944196], [0.008628296064003034, 0.9817281495394662, 0.0023729911602795883, 0.007270563236251348], [0.608167529852302, 0.04200804406465131, 0.04765754591346627, 0.3021668801695803], [0.050111714077000824, 0.8876320377976489, 0.020835022665695598, 0.04142122545965474], [0.5554376512702212, 0.06492990749665006, 0.012832948416238008, 0.3667994928168908], [0.8254593410700714, 0.10878516425480872, 0.04189611792368316, 0.023859376751436685], [0.04321185696469329, 0.6386800768303985, 0.17145602192859727, 0.14665204427631087], [0.35811573146110165, 0.5837040519666554, 0.008107339549578891, 0.05007287702266405], [0.5813560844261985, 0.10279338496704522, 0.005748839514553959, 0.31010169109220237], [0.6355785670988033, 0.20888038090946454, 0.03318785855315505, 0.12235319343857701], [0.4737347269313269, 0.3023864012764404, 0.11499363252043548, 0.10888523927179723], [0.02867966963023514, 0.8851579189184547, 0.06789428480937847, 0.018268126641931698], [0.0963236384196007, 0.4108621526076495, 0.35440376246369476, 0.138410446509055], [0.08971025781551827, 0.24647858472885778, 0.6618881260182501, 0.0019230314373738003], [0.10499172534689752, 0.6811218893418913, 0.045626418045558344, 0.16825996726565276], [0.013762896119453505, 0.9721726884017458, 0.005706930269355475, 0.008357485209445294], [0.02455866252465917, 0.1898256520362458, 0.095001178421274, 0.6906145070178211], [0.02351487313568481, 0.9541800651962643, 0.008986399186965064, 0.013318662481086018], [0.5174027530878693, 0.05717395540755526, 0.1814448878080584, 0.24397840369651697], [0.9950947905663563, 0.002823277184884781, 0.0005721797468349502, 0.001509752501924006], [0.7184623109553596, 0.1462520644223619, 0.060530659891199434, 0.07475496473107901], [0.01815394164570444, 0.7663961366103762, 0.1792590029353446, 0.036190918808574654], [0.20917306438890412, 0.18939238814830667, 0.22405686508447425, 0.3773776823783149], [0.3703099653490401, 0.5322132090784698, 0.06693880750578465, 0.03053801806670548], [0.6149753785844508, 0.2346321254959884, 0.09156977608602536, 0.05882271983353552], [0.23470648033607502, 0.3401127445857465, 0.08535212919314594, 0.33982864588503264], [0.1453031021015271, 0.507843747675806, 0.24987258425460965, 0.09698056596805733], [0.12756758096213217, 0.38992243586677366, 0.0956271502107919, 0.3868828329603023], [0.2664699263696722, 0.6797954043919668, 0.006457306032208808, 0.047277363206152015], [0.2690165786464379, 0.31689070564255345, 0.08075797990706331, 0.33333473580394524], [0.0376123877948452, 0.28838124726091696, 0.053374303810109894, 0.6206320611341279], [0.2029677482504086, 0.04586698742982575, 0.19500505351742706, 0.5561602108023386], [0.24427251947451056, 0.40852007647651145, 0.29661452048109427, 0.05059288356788383], [0.06882891295289471, 0.8459543484922818, 0.06605609918160389, 0.01916063937321956], [0.07235848907028211, 0.5256226884519163, 0.2532940114010431, 0.14872481107675847], [0.660628578919507, 0.24217685221951804, 0.03294380402687683, 0.06425076483409817], [0.14409641305071055, 0.15476035733785784, 0.3158135746733674, 0.3853296549380641], [0.8013436778162519, 0.05855207387816112, 0.015638124401419685, 0.12446612390416716], [0.2736377918399079, 0.38175780302409235, 0.05016192746983396, 0.2944424776661659], [0.24525549923777526, 0.24305384594921647, 0.15400655749537456, 0.3576840973176336], [0.1283361327453348, 0.040943547472322595, 0.31408425664538997, 0.5166360631369527], [0.03215946748701503, 0.6226088838850241, 0.1346643667663156, 0.2105672818616453], [0.7206243722807495, 0.07312485318397713, 0.1680118195939139, 0.03823895494135943], [0.2514120980592358, 0.2627525287585676, 0.14660915812490294, 0.3392262150572936], [0.698401319240076, 0.06928493343599004, 0.12274745119294851, 0.10956629613098538], [0.8025006904088243, 0.02673317394232796, 0.07850361443615107, 0.09226252121269676], [0.022698601075547876, 0.37559305950468563, 0.4076110994892107, 0.1940972399305556], [0.6441894127127741, 0.29498138323258427, 0.003717661243115262, 0.05711154281152641], [0.0751898883870924, 0.6771870769439005, 0.10882038343482293, 0.13880265123418425], [0.13620784662803492, 0.1487491834152584, 0.009086024106038612, 0.7059569458506681], [0.3479283084441315, 0.2248307121995601, 0.3669112837672696, 0.06032969558903883], [0.6990777671096816, 0.23801923513556633, 0.002187601388944954, 0.060715396365807174], [0.24025295253808784, 0.17767281548073222, 0.007951375228897632, 0.5741228567522823], [0.7251268673029769, 0.05856417398374669, 0.045554637934436135, 0.1707543207788402], [0.9088374625023258, 0.05256083660899824, 0.01506365477937886, 0.023538046109296978], [0.3479753914234277, 0.5430299633396145, 0.002589536245993574, 0.10640510899096424], [0.09607794563681578, 0.6410747487395189, 0.0020259951472976013, 0.2608213104763678], [0.04791113557173692, 0.07176050636356561, 0.1086668051945712, 0.7716615528701263], [0.3040953222066272, 0.13150516596497983, 0.0037064907161988058, 0.5606930211121941], [0.5696217459260537, 0.1887375964097601, 0.18359134470309219, 0.05804931296109395], [0.7245839508896232, 0.1692585024933569, 0.0008892869860465773, 0.10526825963097333], [0.5738922837092609, 0.12457735248378285, 0.032086846030292035, 0.26944351777666425], [0.9319900824058451, 0.029204981425687462, 0.025170050980238536, 0.013634885188228951], [0.41817963294053107, 0.4925513341286215, 0.06525251352875815, 0.024016519402089345], [0.1930758101625118, 0.4773423008627708, 0.03291349475844408, 0.2966683942162733], [0.05512603774273678, 0.549871880089282, 0.025852289929100655, 0.3691497922388805], [0.13415344404967156, 0.5772507001744813, 0.01349894523079791, 0.2750969105450492], [0.07143231398906787, 0.6824932902684417, 0.05070555890548415, 0.19536883683700623], [0.015430226870952867, 0.9219292127404807, 0.0428305655953357, 0.0198099947932306], [0.5565034335072832, 0.38518785244962817, 0.05256445083567528, 0.0057442632074133325], [0.5918644552207771, 0.10972069640329693, 0.112403983029296, 0.18601086534662992], [0.35128035974004185, 0.3339334953296506, 0.15387334964352054, 0.1609127952867871], [0.9121112219038388, 0.061425663027772075, 0.012284917852853874, 0.014178197215535386], [0.17145418866145573, 0.30608485731922974, 0.24964537312419863, 0.272815580895116], [0.4597513372542752, 0.03596689868314775, 0.3327548988555877, 0.17152686520698923], [0.50247580274771, 0.21124356305554165, 0.019735714110484495, 0.26654492008626396], [0.6800906476788012, 0.19276352520894777, 0.05531198776002113, 0.07183383935222991], [0.7679722172826386, 0.07147512713719302, 0.010932042551688179, 0.14962061302848018], [0.9027409165052227, 0.08211363372902536, 0.005663920406894418, 0.009481529358857505], [0.7473035843747107, 0.03992054288795045, 0.012536642483422377, 0.20023923025391663], [0.1473890082164952, 0.4111815428566021, 0.22379021008807545, 0.21763923883882727], [0.35059178215889125, 0.41529881302220234, 0.018175805555405204, 0.21593359926350122], [0.8873758435764026, 0.027259698315618565, 0.058379610928107596, 0.026984847179871204], [0.756453172966635, 0.09409300850695838, 0.12763792442256047, 0.021815894103846187], [0.067603239716266, 0.6143633284023314, 0.29057748830382735, 0.027455943577575227], [0.6394865923008214, 0.1689820083507607, 0.1385295295821056, 0.0530018697663123], [0.44532090101308236, 0.12042788127938629, 0.002585869243660483, 0.43166534846387083], [0.23860787821180843, 0.34245699717165223, 0.10408544832724004, 0.31484967628929944], [0.1956001008691194, 0.004551632900564298, 0.6120085354254846, 0.18783973080483177], [0.064024292081764, 0.594055012631537, 0.3186727870140136, 0.02324790827268533]]}}