{"test": {"ids": ["99107660", "111116090", "111116040", "102109850", "113122180", "107121640", "113118111", "103113260", "110121170", "108114180", "110117870", "105110251", "107114621", "108113480", "112116501", "107119130", "97113900", "111116990", "109117630", "105113170", "98111860", "105119950", "103113640", "113118810", "103110220", "102113350", "106116820", "103111830", "111120280", "107114950", "99110050", "108114040", "105119550", "105118230", "107120880", "101117580", "105112100", "104116980", "108113760", "110114321", "111120540", "112116990", "106116850", "112118530", "99108710", "111115770", "113119950", "99111440", "100117420", "111114171", "106113190", "112117030", "100108580", "106118301", "108118520", "105116980", "109116750", "110115710", "101109000", "97107681", "108118301", "103113170", "107120010", "103118110", "107120260", "112120700", "100116790", "98106560", "106119580", "112118511", "107117010", "109118701", "108114360", "97106820", "105116090", "107120130", "107112840", "104118340", "100108490", "99108580", "100113370", "97105580", "98107410", "106113260", "110120560", "108115880", "99108080", "109118161", "107119950", "97106591", "101109120", "103112641", "112120630", "108116070", "102117351", "105120621", "105113620", "104112470", "106116370", "110120540", "110115580", "104116441", "100111380", "105116501", "99112300", "106117790", "110114610", "97116800", "110113591", "111120320", "112116610", "102114270", "105112260", "107114280", "99108520", "105120280", "112116640", "97116401", "110118630", "109116930", "107116340", "109114651", "103120730", "100109890", "105115570", "113120531", "102112030", "101108080", "98116090", "97106000", "106115240", "99108330", "113122190", "103109641", "100109910", "105117351", "111119250", "99107630", "108115070", "113122160", "102110050", "98109570"], "labels": [3, 3, 0, 1, 2, 1, 1, 3, 2, 1, 3, 0, 0, 0, 3, 1, 2, 0, 0, 0, 0, 3, 1, 3, 2, 3, 1, 3, 0, 3, 3, 0, 1, 1, 1, 3, 1, 1, 1, 1, 1, 0, 3, 1, 2, 3, 0, 3, 2, 3, 0, 2, 0, 1, 0, 0, 0, 2, 1, 3, 1, 3, 1, 2, 1, 2, 2, 1, 3, 1, 1, 3, 1, 1, 1, 2, 1, 2, 2, 0, 3, 1, 3, 3, 0, 3, 3, 0, 3, 1, 1, 3, 3, 1, 1, 1, 0, 1, 2, 1, 1, 1, 3, 1, 0, 1, 1, 0, 0, 1, 1, 3, 3, 3, 2, 3, 0, 3, 1, 0, 3, 3, 1, 3, 0, 0, 2, 0, 0, 0, 1, 1, 1, 1, 2, 0, 1, 2, 1, 3, 3, 1], "predicted_labels": [0, 0, 3, 2, 3, 1, 3, 3, 3, 3, 3, 0, 0, 3, 3, 1, 1, 3, 3, 3, 2, 3, 0, 2, 1, 1, 0, 3, 3, 3, 3, 2, 1, 1, 3, 3, 0, 3, 1, 3, 0, 3, 2, 1, 1, 0, 3, 3, 3, 3, 3, 3, 3, 0, 0, 1, 1, 3, 3, 0, 3, 1, 3, 1, 3, 3, 1, 3, 1, 3, 1, 1, 3, 3, 0, 1, 1, 3, 2, 1, 3, 1, 0, 1, 3, 3, 0, 1, 3, 1, 3, 0, 0, 3, 1, 0, 1, 3, 0, 1, 3, 1, 0, 3, 3, 3, 1, 0, 0, 3, 1, 1, 3, 1, 2, 1, 1, 1, 3, 0, 3, 3, 1, 3, 2, 3, 1, 0, 3, 3, 0, 3, 1, 1, 3, 3, 3, 3, 1, 1, 3, 0], "confidence_scores": [[0.8420740963048146, 0.07013144090445177, 0.01340568781557396, 0.07438877497515954], [0.6017464031583224, 0.08241967497903174, 0.010420394288363437, 0.3054135275742825], [0.14152477326737792, 0.061419099268884524, 0.00825801788997193, 0.7887981095737657], [0.05876050141253163, 0.11051640666666669, 0.7691590485196689, 0.061564043401132806], [0.037429235394908444, 0.26235712568169933, 0.12934694089577745, 0.5708666980276145], [0.1074007038920176, 0.5554627899644795, 0.1660887516282483, 0.17104775451525486], [0.11150748710150213, 0.16443092219385735, 0.027922798093422373, 0.696138792611218], [0.1423776300960029, 0.31446288001608025, 0.04450299496554727, 0.4986564949223696], [0.1168696110625642, 0.08564146932269123, 0.04650244896217761, 0.7509864706525666], [0.1791499770865842, 0.3146217492700735, 0.08971794373311265, 0.4165103299102298], [0.3003645983591494, 0.0806342685509853, 0.12591085295360527, 0.4930902801362601], [0.560625794668684, 0.23576893278307604, 0.1273042058006504, 0.07630106674758938], [0.8776379475146059, 0.023608260096373988, 0.0020713355144161933, 0.09668245687460413], [0.07137376025348424, 0.4539612897470339, 0.13162063400696417, 0.34304431599251783], [0.381592129698679, 0.17879561925016627, 0.03363097556550984, 0.4059812754856451], [0.13155021615542772, 0.31876280940383006, 0.4183631280710117, 0.1313238463697304], [0.27405027785907027, 0.32644330051171605, 0.33338066612400963, 0.06612575550520393], [0.517985571801371, 0.09772930398361394, 0.034808755390742414, 0.3494763688242726], [0.20944215435513489, 0.22724204023356304, 0.03480012979625604, 0.5285156756150462], [0.10323980420209804, 0.2827536017442512, 0.20725673521709598, 0.40674985883655507], [0.016813720215363818, 0.020761809196192815, 0.9445551241740267, 0.017869346414416593], [0.2733874137325159, 0.2769262414814474, 0.193158490466143, 0.2565278543198935], [0.8474149057676553, 0.08554036597101801, 0.0070256380700882085, 0.06001909019123854], [0.12460964300598171, 0.18906393751556114, 0.6412081817052612, 0.04511823777319604], [0.08614263979359921, 0.44631327189536696, 0.33602796307304655, 0.1315161252379873], [0.12342289478246096, 0.34512987521827215, 0.3488199140282742, 0.18262731597099313], [0.34982900280457924, 0.2253722334968981, 0.2816441006767451, 0.14315466302177784], [0.15582301874943996, 0.12549588235518352, 0.29135386293027626, 0.42732723596509997], [0.2522352492534329, 0.1974494137916128, 0.04440818666833593, 0.5059071502866184], [0.1818390062310868, 0.2927138824808233, 0.09168833661919197, 0.43375877466889823], [0.10104708328598673, 0.33508226432827154, 0.26109161640778905, 0.30277903597795275], [0.04649097900947036, 0.09099090483998146, 0.7456706522637432, 0.11684746388680498], [0.10387275964256207, 0.5789204438673153, 0.16324134869252752, 0.1539654477975949], [0.01921605497309925, 0.5207574830578519, 0.38917437337295063, 0.07085208859609841], [0.025448650880488144, 0.10445865113734967, 0.19431725284719417, 0.6757754451349681], [0.22931267323092167, 0.15816840091749812, 0.0820447711331155, 0.5304741547184648], [0.4806641392280573, 0.11519204008373214, 0.14064628778132507, 0.2634975329068851], [0.02265805716420423, 0.24872725862345546, 0.2008715165526761, 0.527743167659664], [0.2460985300104426, 0.3673745899892637, 0.27637674717695954, 0.11015013282333412], [0.16975519812216266, 0.2804191353552124, 0.11148188212111915, 0.4383437844015057], [0.5201985028514908, 0.39723082876502863, 0.06613930186047982, 0.016431366523000843], [0.06187690053850485, 0.12816035298535558, 0.2533068241804248, 0.5566559222957146], [0.08588229115598088, 0.1286839808344003, 0.7562505907727968, 0.02918313723682191], [0.06776855722264613, 0.31897015368862797, 0.48323961601683657, 0.13002167307188958], [0.12330587952935215, 0.6539589789490482, 0.1548018204603829, 0.06793332106121658], [0.7740135956038205, 0.046396538568413616, 0.01357479391251522, 0.16601507191525064], [0.2844173229153715, 0.12190765974417235, 0.005697741620217053, 0.5879772757202388], [0.1167419665039898, 0.1261506015128244, 0.07229360471179742, 0.6848138272713886], [0.15070601869131764, 0.20351016631571514, 0.18221438621767252, 0.463569428775295], [0.35633776652406696, 0.10405943553477925, 0.027226102045962545, 0.5123766958951914], [0.1306736229943772, 0.237619253230726, 0.20592670094663182, 0.42578042282826484], [0.13174661816629174, 0.24568822825824385, 0.29167245557793786, 0.33089269799752635], [0.2992659914705004, 0.19374426445803744, 0.2883375493507917, 0.21865219472067024], [0.8933907996893115, 0.04070510397436656, 0.011150506563731045, 0.054753589772590996], [0.8038869698380997, 0.13301203358765337, 0.029106554640299046, 0.033994441933947905], [0.31267983370075897, 0.49058008942127124, 0.004580015965008256, 0.19216006091296156], [0.2872453101538218, 0.464065535399891, 0.1599419957358976, 0.08874715871038973], [0.359022643398003, 0.18643031281728115, 0.20255183109687036, 0.2519952126878457], [0.157066432627101, 0.2319884687168458, 0.05037250184852497, 0.5605725968075281], [0.712932508440587, 0.16200692741430747, 0.0715625496948273, 0.05349801445027811], [0.09967914390265428, 0.22849972118316608, 0.10400184093648421, 0.5678192939776954], [0.2725252161397306, 0.3461771086372102, 0.254935579311479, 0.12636209591158018], [0.04341808962454174, 0.05794080477640272, 0.29810341890823905, 0.6005376866908162], [0.04944313598868557, 0.2632653080762924, 0.6217117635350298, 0.06557979239999233], [0.2688886348246728, 0.17886003775945758, 0.05386494580680416, 0.49838638160906523], [0.3013826676145593, 0.31466154979900207, 0.055867347502407086, 0.3280884350840315], [0.09924876608610267, 0.5053559042797792, 0.3070986217239917, 0.08829670791012631], [0.032198019924770185, 0.09679981155672615, 0.6116250761467439, 0.2593770923717599], [0.021128686884779903, 0.34095021160053235, 0.5944659858259438, 0.04345511568874421], [0.2507750124386685, 0.1995257879640419, 0.2749212941457535, 0.2747779054515357], [0.14465584436465706, 0.3219776372963708, 0.4827237263625434, 0.050642791976428514], [0.14332545202695912, 0.5122806118809571, 0.17880792972682327, 0.16558600636526036], [0.16684640933353026, 0.19073508165676012, 0.1875350223198462, 0.4548834866898635], [0.24326569085430097, 0.2860714375297657, 0.09114326283998427, 0.3795196087759489], [0.4864080052425536, 0.28260789915581475, 0.03506859379267478, 0.19591550180895675], [0.0761723134764477, 0.663160275325815, 0.15855585573025702, 0.10211155546748031], [0.026596268417359622, 0.844836627352636, 0.09946066966778579, 0.029106434562218727], [0.09324894995676829, 0.06669971522534537, 0.3619351932845228, 0.47811614153336357], [0.09254526860386261, 0.10498032110829032, 0.764799123621816, 0.037675286666031226], [0.27459665389725885, 0.5142878805689868, 0.15174991723614253, 0.059365548297611676], [0.2679033131635302, 0.3106785749839499, 0.17366464269633441, 0.2477534691561855], [0.10668099943207743, 0.49693624398930525, 0.231817869043797, 0.16456488753481993], [0.7690908174936874, 0.06235101732265558, 0.055484848695439036, 0.11307331648821783], [0.10898949943266077, 0.6055374353843154, 0.09058489819119415, 0.19488816699182954], [0.08635336222675874, 0.09952478343090114, 0.10417085989175785, 0.7099509944505822], [0.3396409331092829, 0.06380164994843597, 0.014572712700910503, 0.5819847042413708], [0.5372735101149607, 0.22936099221284212, 0.16669867948221415, 0.06666681818998328], [0.1634737439764388, 0.6149313678760512, 0.03789588132910762, 0.18369900681840245], [0.4060407553596862, 0.22405050063119547, 0.024829543840645337, 0.3450792001684731], [0.06126764472526172, 0.2740233353481069, 0.649753422661498, 0.014955597265133234], [0.2812727473805188, 0.19454774480019044, 0.22164701074371398, 0.3025324970755765], [0.6776651593106295, 0.0697111089579548, 0.09791160278872263, 0.1547121289426929], [0.7579677563918077, 0.06412486571723633, 0.004865972033520528, 0.17304140585743535], [0.14812276112708675, 0.11720324270540536, 0.3156509071499461, 0.4190230890175615], [0.3900196896952553, 0.5075322637916535, 0.036882807357588844, 0.0655652391555026], [0.8819967091126258, 0.03974380019633461, 0.0010454545034490192, 0.07721403618759039], [0.023389627844079667, 0.39021873656830897, 0.4171248673336123, 0.16926676825399914], [0.25744055795007736, 0.26945187606569215, 0.12542919823343493, 0.34767836775079536], [0.47015285399385526, 0.11355488774277425, 0.21040404077842836, 0.20588821748494185], [0.06463556864915816, 0.5429678602503499, 0.15732534246616042, 0.23507122863433158], [0.25833960444365156, 0.22338274384699838, 0.1304366286594772, 0.38784102304987267], [0.15462125684013409, 0.5385596969793572, 0.07416501339841391, 0.23265403278209473], [0.36163749691517516, 0.25023501570524076, 0.20464234462477712, 0.18348514275480712], [0.29159481516672037, 0.3304957870446718, 0.07401858807314896, 0.30389080971545895], [0.36598818787961573, 0.08704014106871737, 0.2553256497136528, 0.29164602133801426], [0.3015131878966054, 0.2416932418523525, 0.23197468279106906, 0.224818887459973], [0.2684558476473558, 0.27422278161887026, 0.2996794802748292, 0.15764189045894447], [0.8421464056325645, 0.06253263370861255, 0.06317428743756709, 0.03214667322125558], [0.7703094350074319, 0.03273198627806677, 0.02021057792112688, 0.17674800079337455], [0.26542921591314883, 0.2205488173894035, 0.2663095822569583, 0.24771238444048924], [0.3034017287954273, 0.3623931773602988, 0.270339278021582, 0.06386581582269166], [0.01972911798743005, 0.2990811961098594, 0.5624696989196892, 0.11871998698302125], [0.06262990782854186, 0.20168930262434306, 0.11361621753405203, 0.6220645720130631], [0.14637981217673363, 0.5586121766031203, 0.25278913895923694, 0.04221887226090908], [0.08247405715741231, 0.19350755066625785, 0.685290679316363, 0.038727712859967414], [0.21918098759589288, 0.6547340192958838, 0.02164672507587983, 0.10443826803234307], [0.11673505986573937, 0.4304703857994887, 0.22995395391318604, 0.222840600421586], [0.1990842224950272, 0.35366650829516233, 0.4021857621964286, 0.04506350701338161], [0.07309127452369388, 0.31390891249018565, 0.3632110836155521, 0.24978872937056792], [0.7965135154731499, 0.11274728539913206, 0.019013639921657784, 0.07172555920606055], [0.057260974937355213, 0.14293574449371774, 0.13610674654758254, 0.6636965340213442], [0.18429408712025255, 0.0904758925874719, 0.026631250010307153, 0.6985987702819685], [0.1030743433707197, 0.50289822014206, 0.2003577560454021, 0.19366968044181856], [0.21688732766134672, 0.11523773577571725, 0.25147925283254857, 0.41639568373038766], [0.02686340646338769, 0.11587492004574584, 0.7070012186917763, 0.15026045479909012], [0.3474698905334988, 0.07520219806789671, 0.060236476930812854, 0.5170914344677917], [0.026333892746798836, 0.2329466213684771, 0.6538062594337258, 0.08691322645099848], [0.5258151524439226, 0.23299341813132216, 0.08950241521293725, 0.15168901421181802], [0.0780198397089714, 0.13582265908402824, 0.446265856362667, 0.33989164484433343], [0.06179525055035686, 0.07407962819732643, 0.5659909322127264, 0.29813418903959027], [0.7819583753841957, 0.12495824903265547, 0.06598157005211039, 0.027101805531038577], [0.08522350218119372, 0.136674677201434, 0.2367754464377275, 0.5413263741796447], [0.054845783618794115, 0.5204723385442793, 0.19571311512215744, 0.22896876271476893], [0.10528124773965229, 0.4591886212872173, 0.2992016537954646, 0.13632847717766594], [0.12879936351606447, 0.218990907398859, 0.4998670733028821, 0.15234265578219436], [0.3014278258635531, 0.3684988661188254, 0.035583842892979285, 0.29448946512464214], [0.26452105994294, 0.2564910106611132, 0.11904280481396064, 0.35994512458198635], [0.3214121470938879, 0.1625785724258034, 0.1025725010334212, 0.41343677944688767], [0.16853635541845227, 0.717347777079143, 0.07152621767449628, 0.042589649827908596], [0.06469610171355829, 0.5115430746898034, 0.09008008909644111, 0.33368073450019736], [0.04999431077469334, 0.22565587779879023, 0.563407723865157, 0.16094208756135972], [0.7200894568507359, 0.09145350617458077, 0.09023474242429706, 0.09822229455038611]]}, "rewritten": {"ids": ["97105580", "97106000", "97106591", "97106820", "97107681", "97113900", "97116401", "97116800", "98106560", "98107410", "98109570", "98111860", "98116090", "99107630", "99107660", "99108080", "99108330", "99108520", "99108580", "99108710", "99110050", "99111440", "99112300", "100108490", "100108580", "100109890", "100109910", "100111380", "100113370", "100116790", "100117420", "101108080", "101109000", "101109120", "101117580", "102109850", "102110050", "102112030", "102113350", "102114270", "102117351", "103109641", "103110220", "103111830", "103112641", "103113170", "103113260", "103113640", "103118110", "103120730", "104112470", "104116441", "104116980", "104118340", "105110251", "105112100", "105112260", "105113170", "105113620", "105115570", "105116090", "105116501", "105116980", "105117351", "105118230", "105119550", "105119950", "105120280", "105120621", "106113190", "106113260", "106115240", "106116370", "106116820", "106116850", "106117790", "106118301", "106119580", "107112840", "107114280", "107114621", "107114950", "107116340", "107117010", "107119130", "107119950", "107120010", "107120130", "107120260", "107120880", "107121640", "108113480", "108113760", "108114040", "108114180", "108114360", "108115070", "108115880", "108116070", "108118301", "108118520", "109114651", "109116750", "109116930", "109117630", "109118161", "109118701", "110113591", "110114321", "110114610", "110115580", "110115710", "110117870", "110118630", "110120540", "110120560", "110121170", "111114171", "111115770", "111116040", "111116090", "111116990", "111119250", "111120280", "111120320", "111120540", "112116501", "112116610", "112116640", "112116990", "112117030", "112118511", "112118530", "112120630", "112120700", "113118111", "113118810", "113119950", "113120531", "113122160", "113122180", "113122190"], "labels": [1, 0, 1, 1, 3, 2, 3, 0, 1, 3, 1, 0, 0, 2, 3, 3, 1, 2, 0, 2, 3, 3, 0, 2, 0, 3, 2, 3, 3, 2, 2, 0, 1, 1, 3, 1, 3, 2, 3, 3, 1, 1, 2, 3, 3, 3, 3, 1, 2, 1, 1, 1, 1, 2, 0, 1, 3, 0, 0, 0, 1, 1, 0, 0, 1, 1, 3, 3, 1, 0, 3, 1, 2, 1, 3, 1, 1, 3, 1, 3, 0, 3, 3, 1, 1, 3, 1, 2, 1, 1, 1, 0, 1, 0, 1, 1, 1, 3, 1, 1, 0, 3, 0, 0, 0, 0, 3, 0, 1, 1, 1, 2, 3, 1, 1, 0, 2, 3, 3, 0, 3, 0, 1, 0, 1, 1, 3, 1, 0, 0, 2, 1, 1, 3, 2, 1, 3, 0, 0, 3, 2, 1], "predicted_labels": [1, 2, 1, 1, 0, 0, 1, 0, 3, 0, 3, 2, 3, 0, 0, 0, 3, 2, 1, 1, 3, 3, 0, 2, 1, 3, 0, 0, 3, 1, 3, 0, 3, 3, 3, 2, 1, 2, 1, 1, 0, 3, 3, 3, 0, 1, 3, 0, 1, 1, 3, 1, 3, 3, 0, 3, 3, 3, 1, 3, 0, 3, 1, 1, 1, 1, 3, 1, 0, 0, 1, 0, 0, 0, 3, 3, 3, 1, 1, 1, 3, 3, 3, 1, 1, 3, 3, 1, 3, 3, 1, 1, 1, 2, 1, 3, 1, 3, 3, 3, 0, 3, 1, 0, 3, 1, 3, 0, 1, 1, 3, 0, 3, 3, 1, 3, 3, 3, 0, 3, 3, 3, 1, 3, 3, 1, 0, 0, 3, 3, 3, 3, 1, 0, 3, 3, 1, 0, 0, 1, 3, 1], "confidence_scores": [[0.09095210788106484, 0.4031597415137984, 0.3641220971787918, 0.1417660534263448], [0.10820761335753352, 0.09838755729295248, 0.6302640143092493, 0.1631408150402647], [0.1333148123358609, 0.4167072351794436, 0.4173018645781271, 0.03267608790656828], [0.167055856736773, 0.44898740604014853, 0.11050728289703725, 0.2734494543260415], [0.5501372068084993, 0.3402511802727538, 0.06618659333383733, 0.043425019584909574], [0.28039944380932885, 0.2411654172182829, 0.3949911872974721, 0.08344395167491626], [0.20840749794293223, 0.45365596748489334, 0.2875980475593672, 0.05033848701280737], [0.8662637927119513, 0.06727802081767537, 0.027085724162378567, 0.03937246230799473], [0.04000408786066503, 0.11223007583015186, 0.40405275627216036, 0.4437130800370229], [0.8272447772673004, 0.06016900043462296, 0.0496874905131918, 0.06289873178488489], [0.19380000045848986, 0.16804481609061964, 0.34392778280910186, 0.29422740064178887], [0.08326053017218127, 0.1407902433812609, 0.633067465712015, 0.14288176073454276], [0.0647914725956971, 0.1915518711154867, 0.34216791319672324, 0.40148874309209315], [0.4730857698468387, 0.1366618809134175, 0.12112832590449514, 0.2691240233352488], [0.7740270895705961, 0.08858851443186416, 0.01882647792893757, 0.11855791806860222], [0.48518624942463107, 0.23522309230219385, 0.18511744720651993, 0.09447321106665504], [0.11067539476465794, 0.2378161999482016, 0.2571318402232459, 0.39437656506389435], [0.10141533667049406, 0.14535125158435463, 0.6967826633550207, 0.056450748390130506], [0.22301735147482576, 0.5300252585052149, 0.17076373237795572, 0.07619365764200355], [0.10914675501948147, 0.6949449760553457, 0.13768493971724827, 0.058223329207924675], [0.05293809813870486, 0.2942775939361268, 0.4195535745891909, 0.23323073333597774], [0.1672281084085964, 0.3006227384274731, 0.09441849489150202, 0.4377306582724281], [0.3105090623175765, 0.12519761782738636, 0.3690070831704239, 0.19528623668461276], [0.10202976442372327, 0.10573563277267652, 0.6638464867510104, 0.12838811605258965], [0.2640952098581207, 0.3526701674306542, 0.1582550886997343, 0.22497953401149082], [0.3751189334393141, 0.18718239881352827, 0.15670616939405227, 0.2809924983531056], [0.4780948934902806, 0.10414785201014853, 0.31012666058871813, 0.10763059391085275], [0.3249149886636464, 0.18127840690227534, 0.3247014790073306, 0.16910512542674738], [0.21728214906311302, 0.19957642913464857, 0.2710693457734642, 0.3120720760287746], [0.07443779830401663, 0.4449584112023698, 0.3005364619054301, 0.18006732858818342], [0.256842960290554, 0.19510299898217243, 0.0933682795171891, 0.4546857612100846], [0.39802907163319606, 0.3920431324081522, 0.09126499027135883, 0.11866280568729301], [0.20510691921014892, 0.2077369842252677, 0.08716992040724886, 0.4999861761573343], [0.30655419441510423, 0.10645117366662993, 0.25237384130433843, 0.3346207906139272], [0.16234225101500935, 0.17326353577658604, 0.10204979104547135, 0.5623444221629331], [0.12113810544555643, 0.19382605680493448, 0.6378327550857785, 0.04720308266373071], [0.06738608496035128, 0.29291363412340216, 0.5154446683824208, 0.12425561253382603], [0.039059824424288896, 0.17388352000399476, 0.6959045738777334, 0.0911520816939831], [0.14990806223515193, 0.5066755539419053, 0.17668969688350847, 0.16672668693943435], [0.04592181715003202, 0.36143926145293953, 0.5377947669133736, 0.054844154483654636], [0.4438038865263931, 0.3312271353760344, 0.10774318046079415, 0.11722579763677836], [0.07564857897081706, 0.4516528375679446, 0.1189296433444775, 0.35376894011676097], [0.06709055421535111, 0.22152553215345752, 0.45237626320299684, 0.25900765042819446], [0.2948097630925038, 0.08858859891531679, 0.11844890615850423, 0.4981527318336751], [0.500029843400468, 0.2961982585538602, 0.14521260211216533, 0.05855929593350621], [0.2455943107382051, 0.43857123172671875, 0.20948308076286742, 0.10635137677220867], [0.17716422016632233, 0.3139813126377445, 0.03724611841925011, 0.47160834877668323], [0.8082334107213756, 0.07755252649846973, 0.013612742910065576, 0.10060131987008884], [0.04726784424792748, 0.4525193426393356, 0.4495332933538264, 0.050679519758910725], [0.0675883035216816, 0.48515700083147684, 0.10142900774204097, 0.3458256879048007], [0.32537999457704797, 0.2269710615345246, 0.08868217756406578, 0.35896676632436153], [0.1120039640679404, 0.6373016839800739, 0.15082745567111075, 0.09986689628087497], [0.027931152254355277, 0.20281767922890998, 0.5709870740475889, 0.19826409446914578], [0.058812533004271916, 0.18802090204065228, 0.29377811841570495, 0.4593884465393709], [0.8120774652397451, 0.08899801012036572, 0.06874883197921562, 0.03017569266067369], [0.3239061426556501, 0.14049604576125668, 0.095893488660439, 0.43970432292265393], [0.07802413688020969, 0.21164625000602713, 0.10218582627728622, 0.608143786836477], [0.11788697653872664, 0.27501547326193165, 0.3315524805465318, 0.2755450696528097], [0.034614908601270436, 0.3846332898577353, 0.5326519769484703, 0.04809982459252395], [0.04210700743715713, 0.29056743947032815, 0.3618915306345256, 0.30543402245798895], [0.590626475464299, 0.09456595371903907, 0.035463351022147656, 0.27934421979451446], [0.2457015045425855, 0.29036870001992926, 0.06593675216456776, 0.39799304327291757], [0.30487217110679415, 0.4705849572528701, 0.006332419886848181, 0.21821045175348783], [0.2803509295157018, 0.40440950463942615, 0.057399493765016824, 0.2578400720798552], [0.025429481586459527, 0.47321184944556055, 0.23245973859254976, 0.2688989303754299], [0.07923104975964236, 0.7005447029666668, 0.09091264192105594, 0.1293116053526348], [0.31784209375810013, 0.11838496481321151, 0.07685874685187155, 0.48691419457681684], [0.22766892302279013, 0.678456627035971, 0.046223119300555164, 0.047651330640684185], [0.5542881823146509, 0.12977364500846136, 0.003688966321210298, 0.3122492063556778], [0.3727407840578622, 0.23214257671157115, 0.23306155052562197, 0.16205508870494467], [0.17437418502330734, 0.5238224545220271, 0.11195720607534859, 0.1898461543793171], [0.481951671026896, 0.19323824867889774, 0.15071112006867182, 0.17409896022553442], [0.7159642641114377, 0.04466075840489719, 0.04619217298124865, 0.19318280450241668], [0.4119692986262179, 0.06400598711925498, 0.2927309072267353, 0.23129380702779162], [0.11747280039711348, 0.18472631311777596, 0.5190411449566665, 0.17875974152844398], [0.12980324131773724, 0.3438430884026799, 0.2732185484347207, 0.25313512184486187], [0.3782868023937362, 0.14073767408703758, 0.06807907281561165, 0.4128964507036144], [0.02995201610961397, 0.5255567107710082, 0.40186496601212474, 0.042626307107253146], [0.030081870327374007, 0.7336364514111094, 0.14187635643196678, 0.09440532182954964], [0.12739739020399593, 0.5913398596637957, 0.24687358624130962, 0.03438916389089883], [0.47812799955227353, 0.1059124743171478, 0.016641787512264493, 0.39931773861831416], [0.16026135631418598, 0.24143942708676508, 0.2080201843588582, 0.3902790322401908], [0.061864403175712124, 0.3546246674627238, 0.12082593068504463, 0.4626849986765194], [0.09105138680936385, 0.26959262917093124, 0.5928686718108251, 0.046487312208879576], [0.1506009747541541, 0.34213201422782474, 0.35387261914711765, 0.15339439187090334], [0.3671264772321914, 0.1527225394225187, 0.021390494366328533, 0.45876048897896127], [0.13159487354308994, 0.2445656455010953, 0.11840431016629761, 0.5054351707895173], [0.12862852454497503, 0.5624917653248696, 0.1661667187864075, 0.14271299134374735], [0.29398810744637033, 0.10082314863474555, 0.035880450867205885, 0.5693082930516782], [0.03491205607753406, 0.2614625887346097, 0.40758419531562834, 0.29604115987222773], [0.0432704577199034, 0.45165014028352146, 0.3097153236890885, 0.19536407830748656], [0.07802053004685579, 0.43683784027955963, 0.37280692266397225, 0.11233470700961214], [0.18941751537599774, 0.4122370912891916, 0.2179300043569813, 0.1804153889778297], [0.10254470148413977, 0.06422806350909183, 0.7907123349296145, 0.042514900077153854], [0.04788687809573408, 0.5249061123071768, 0.18584234330964605, 0.2413646662874432], [0.2391611541288865, 0.27971905209403025, 0.22259844499263556, 0.25852134878444777], [0.23120366475220652, 0.5712287776453155, 0.1325335367134208, 0.06503402088905685], [0.5344763985457177, 0.09010371928769245, 0.019606835520137846, 0.35581304664645197], [0.12899472223300806, 0.1729583240613246, 0.2769264770788136, 0.4211204766268537], [0.11925780438238207, 0.09640059187858147, 0.04543847285302655, 0.7389031308860097], [0.7173833691911075, 0.09844519841804554, 0.030426190845586454, 0.15374524154526045], [0.40432618254532804, 0.07834517024394252, 0.015546909985581671, 0.5017817372251477], [0.24520708848429096, 0.584099729429933, 0.0547753038315431, 0.11591787825423248], [0.8676891227630723, 0.07697612386247049, 0.014092052461517054, 0.04124270091294027], [0.08377958823637252, 0.1943599054805502, 0.4920185338899758, 0.2298419723931014], [0.1665775302219947, 0.5919846140286333, 0.10099964301080691, 0.14043821273856485], [0.13324691727920676, 0.30234727001513484, 0.3073744789250925, 0.25703133378056575], [0.6866441145627896, 0.0763298811223458, 0.12426820618100562, 0.11275779813385886], [0.2176634689299437, 0.3969035298920759, 0.11597559902904754, 0.269457402148933], [0.2154362444951825, 0.23067616020157036, 0.39482069319499075, 0.15906690210825652], [0.3474660337539976, 0.17847803435149198, 0.250352480112438, 0.22370345178207224], [0.2878749439643744, 0.13368245820481603, 0.41228014244680566, 0.16616245538400404], [0.186840549799234, 0.300780501911871, 0.16373931383459212, 0.3486396344543032], [0.21006274705705602, 0.32780528896409583, 0.15330516833893856, 0.3088267956399097], [0.11321825498833786, 0.5020918159618091, 0.22336332577639154, 0.16132660327346135], [0.19615867972573126, 0.1508012171054611, 0.21995044819253443, 0.43308965497627333], [0.12923940722470367, 0.05115586810843211, 0.09991143366636314, 0.7196932910005011], [0.1987366633316229, 0.35306563677691644, 0.04916085496339574, 0.3990368449280646], [0.6975626260666444, 0.06717977398793212, 0.12244764212931933, 0.11280995781610413], [0.10754557847236487, 0.05678767802056224, 0.00887664217353179, 0.8267901013335415], [0.4826531396300426, 0.14512024655144348, 0.03906293622546218, 0.33316367759305177], [0.5111016284933798, 0.10496982339623753, 0.03665737178820336, 0.3472711763221793], [0.22186755994602878, 0.3770974332385383, 0.15325803857658457, 0.24777696823884834], [0.30489224708343887, 0.14553145972324769, 0.027825288053877302, 0.5217510051394361], [0.0868115670878496, 0.072135873859741, 0.6219836120154386, 0.21906894703697086], [0.2830557115004368, 0.6601718359093279, 0.030654666068788992, 0.02611778652144616], [0.6179558211189133, 0.10340195718418563, 0.02244176707550989, 0.256200454621391], [0.4250111318180192, 0.24551991549165644, 0.24021400803102128, 0.08925494465930305], [0.14573395172560408, 0.25514876141966264, 0.3435097454926853, 0.2556075413620482], [0.0517784482768076, 0.10707544825954807, 0.09406474433551755, 0.7470813591281269], [0.17375735553313756, 0.372337704130807, 0.11294901450486754, 0.3409559258311878], [0.3033557710123992, 0.08167647598216944, 0.40068547019240897, 0.2142822828130222], [0.06907038989143048, 0.28465228028547457, 0.5346317519722293, 0.11164557785086524], [0.5857726724510701, 0.15096662521834522, 0.01462817155410081, 0.24863253077648406], [0.13323790788578355, 0.44620255961644606, 0.04927868862062366, 0.37128084387714655], [0.19286543794265462, 0.24368631963733905, 0.02835808370770564, 0.5350901587123005], [0.043474161818212106, 0.5430573469577235, 0.36357850279502835, 0.049889988429036206], [0.5741592533407242, 0.1692694913577428, 0.0135361154788601, 0.24303513982267266], [0.5797784126523958, 0.14228621366452804, 0.06059527089558098, 0.2173401027874958], [0.030574455883790593, 0.5686959544788546, 0.07108749236525494, 0.3296420972721], [0.04118675886822115, 0.25544491193439783, 0.11876960288802918, 0.5845987263093518], [0.030868254905143857, 0.5982312405269439, 0.28474131232628863, 0.08615919224162354]]}}