{"test": {"ids": ["101112201", "112118620", "109116170", "108114040", "104113240", "104111531", "113122180", "98120530", "97110950", "101108950", "113119300", "105117200", "107120880", "112119450", "97106591", "107121640", "112120640", "109114270", "107114950", "111115770", "110120190", "98116500", "100116500", "100120010", "98110680", "104111380", "103120531", "112118820", "98106111", "101119030", "113122150", "106116850", "100120780", "102110240", "98112300", "112119950", "103112641", "97116790", "99111930", "97116401", "113121190", "113119320", "104111830", "107115140", "111116040", "101109370", "108115880", "98113881", "101112160", "106114011", "104114320", "113121750", "110117500", "108120260", "106119260", "97107681", "102113210", "99119830", "110119030", "99109860", "109115211", "109114030", "104113210", "113122170", "97107260", "102110890", "102114270", "102110690", "100111270", "98108370", "104111990", "102116500", "109121640", "113119700", "108121410", "110118880", "113120531", "97106770", "111120320", "101121640", "104111550", "112120670", "112116990", "104117630", "104113170", "100116790", "113122120", "108117610", "109115220", "99108010", "109120540", "97106600", "104113380", "103110100", "101114990", "101108121", "105116441", "106116640", "106115240", "102112170", "109117431", "104112201", "100109330", "97106820", "98106560", "107121230", "109117730", "104117200", "101108580", "108121351", "107113170", "107118520", "98108150", "111119290", "112118161", "108116070", "104113550", "104113000", "108114270", "107113130", "99108520", "100109801", "106113260", "111116530", "109118161", "99112641", "106113170", "104112470", "109117110", "109116750", "105113440", "107114621", "99113260", "112121410", "113122220", "111117571", "106119580", "101110740", "107119130", "108114670", "108114360", "97108520"], "labels": [0, 3, 0, 0, 2, 0, 2, 1, 3, 2, 1, 3, 1, 3, 1, 1, 0, 3, 3, 3, 3, 2, 2, 0, 2, 3, 3, 0, 0, 3, 2, 3, 1, 3, 2, 0, 3, 2, 1, 3, 1, 1, 3, 0, 0, 1, 3, 3, 3, 1, 2, 0, 1, 1, 1, 3, 3, 1, 0, 2, 0, 1, 3, 1, 2, 0, 3, 0, 2, 1, 2, 1, 0, 0, 0, 0, 0, 3, 1, 2, 1, 2, 0, 0, 3, 2, 1, 3, 3, 2, 1, 3, 1, 1, 3, 0, 1, 3, 1, 3, 1, 0, 0, 1, 1, 0, 3, 3, 0, 3, 0, 2, 0, 3, 0, 1, 1, 1, 3, 1, 2, 0, 3, 3, 0, 1, 0, 1, 1, 0, 0, 0, 0, 0, 1, 3, 3, 3, 1, 3, 1, 2], "predicted_labels": [3, 3, 1, 2, 1, 3, 3, 3, 3, 2, 3, 2, 2, 3, 1, 2, 0, 0, 3, 3, 3, 3, 2, 1, 2, 0, 1, 3, 1, 0, 3, 0, 3, 0, 3, 0, 2, 2, 1, 1, 3, 0, 3, 3, 0, 2, 0, 1, 3, 1, 0, 0, 0, 3, 0, 2, 3, 1, 3, 1, 1, 3, 3, 1, 2, 2, 1, 0, 2, 2, 0, 2, 1, 1, 1, 1, 1, 2, 3, 1, 2, 2, 0, 0, 1, 0, 1, 3, 1, 1, 1, 2, 2, 0, 1, 1, 1, 3, 0, 2, 1, 0, 1, 0, 3, 3, 0, 3, 2, 3, 1, 1, 1, 3, 3, 2, 0, 0, 3, 2, 1, 3, 0, 1, 1, 0, 1, 3, 3, 1, 1, 3, 2, 3, 3, 1, 1, 1, 3, 1, 1, 1], "confidence_scores": [[0.07323149292079072, 0.27680638768773086, 0.07320429562198204, 0.5767578237694965], [0.3310745453650469, 0.04783428814282734, 0.014327137277104681, 0.6067640292150212], [0.03025196413912688, 0.42065078007962303, 0.03177920455823232, 0.5173180512230177], [0.11240101450979068, 0.27751141094692583, 0.4407793412581334, 0.16930823328514996], [0.02269284420844487, 0.8318910455021103, 0.1190198754757914, 0.026396234813653066], [0.18182050123027346, 0.14996893341641068, 0.047052574777297976, 0.6211579905760182], [0.06624485761555854, 0.04604882344235483, 0.03168557652277252, 0.8560207424193143], [0.16133647088936207, 0.2506582028282729, 0.03080926718641621, 0.5571960590959487], [0.10569984509665138, 0.20574643855731156, 0.11814180327405621, 0.570411913071981], [0.04090801200227946, 0.031653237991755366, 0.8719519997863918, 0.05548675021957353], [0.25185307146106567, 0.009147531497739472, 0.005135620218522575, 0.7338637768226721], [0.25828902456388675, 0.16220980633314427, 0.37178087827014533, 0.20772029083282373], [0.24487278586561786, 0.1349548723080591, 0.46835743749063125, 0.15181490433569209], [0.10710921777676785, 0.048558677774621445, 0.034095224323520266, 0.8102368801250904], [0.028348334533253635, 0.334584170563993, 0.39671694997611356, 0.24035054492663988], [0.13188469815509243, 0.155946584122235, 0.5140064787590952, 0.19816223896357704], [0.23122651478564088, 0.23849690078929636, 0.3582762650589787, 0.17200031936608423], [0.29133606826122244, 0.1435259053408939, 0.28267490109973076, 0.2824631252981528], [0.21625121558663143, 0.1259458284215279, 0.20847693617045537, 0.44932601982138515], [0.21859653197592915, 0.05780629368576063, 0.07176089625223828, 0.651836278086072], [0.3143702188523951, 0.11241916356112154, 0.012836499735028662, 0.5603741178514545], [0.10880469844689551, 0.05339015224427605, 0.05973789511465827, 0.77806725419417], [0.06338534391016433, 0.3427575761050706, 0.43157351878998523, 0.16228356119477969], [0.02185129340406225, 0.4817413710001859, 0.47181279423677125, 0.024594541358980475], [0.057790950517471594, 0.3071830732318817, 0.598229746671302, 0.036796229579344565], [0.3084986184639931, 0.13771173796258843, 0.44914987839827103, 0.10463976517514764], [0.11720284361682554, 0.545258380091393, 0.08558041094007617, 0.2519583653517055], [0.38126470968262743, 0.08276403720847025, 0.011051347771042155, 0.5249199053378603], [0.1303782647249971, 0.43208921850430226, 0.16953524825551908, 0.2679972685151817], [0.5706997564854164, 0.036475134384731225, 0.06286267457470027, 0.3299624345551522], [0.07781473416342982, 0.2666540132474243, 0.12663110730417723, 0.5289001452849689], [0.452420712357342, 0.09274673650436493, 0.26167374050902664, 0.19315881062926638], [0.06827429887003751, 0.05218002027778993, 0.22092172472996757, 0.658623956122205], [0.36041730616116613, 0.2518907302905941, 0.24708750175219785, 0.14060446179604194], [0.3037518016094486, 0.04081240991864608, 0.22664662263654242, 0.4287891658353626], [0.7574330100567328, 0.06466565827157594, 0.012092767188995941, 0.16580856448269518], [0.18492614724755282, 0.1401334986376393, 0.5181316543151235, 0.15680869979968462], [0.10197498389786776, 0.055388280526432965, 0.8223338930218567, 0.02030284255384262], [0.007035519812324759, 0.7745342521091556, 0.13956384596240778, 0.0788663821161117], [0.054634871395495214, 0.5009307155227587, 0.15649975480155445, 0.2879346582801918], [0.29985556916152817, 0.170455219056435, 0.11217802665332417, 0.41751118512871255], [0.6233568505316598, 0.06220758041248516, 0.01773895568633257, 0.29669661336952224], [0.04601297417106436, 0.241124797139258, 0.2569314532335974, 0.45593077545608024], [0.13112580928952491, 0.02892077660383387, 0.4126331297140938, 0.42732028439254754], [0.6360650858510861, 0.04470646321960811, 0.03154749923702048, 0.287680951692285], [0.0707296168112607, 0.350287739588589, 0.48154042749983517, 0.09744221610031545], [0.3470362828101434, 0.31059492189524074, 0.15523573251880388, 0.18713306277581176], [0.09229666215349046, 0.6123980362672901, 0.14167977848166258, 0.15362552309755678], [0.052649625275421816, 0.09964102375741388, 0.46035254077730015, 0.38735681018986423], [0.2946255787896334, 0.6405882634038862, 0.041294162613749574, 0.02349199519273058], [0.5626126235237835, 0.25702370647770584, 0.1525997799803848, 0.027763890018126156], [0.670218876317166, 0.10036308630202184, 0.028148210590892727, 0.20126982678991936], [0.3480593928633651, 0.25319323443167907, 0.03331213168259562, 0.36543524102236036], [0.21621498604168826, 0.1987593179840102, 0.05764768467645388, 0.5273780112978477], [0.5524026112590991, 0.1391690193344561, 0.15011208067952622, 0.15831628872691875], [0.022841015331756743, 0.044299290492555064, 0.8561215502869705, 0.07673814388871755], [0.31394026662789665, 0.09818968362278573, 0.25085172397062805, 0.33701832577868984], [0.022686378630747094, 0.42275224274049905, 0.1669501392351572, 0.3876112393935967], [0.3932081544743637, 0.04762445562306193, 0.07771497825789148, 0.48145241164468294], [0.043178780247653294, 0.7088894623869401, 0.18015765498069924, 0.06777410238470734], [0.06288888665595224, 0.3327109563895527, 0.061721897016643115, 0.5426782599378518], [0.1125730443249102, 0.1862251719543486, 0.2005634363279842, 0.500638347392757], [0.23194211689719085, 0.2333351597376227, 0.09694240457359175, 0.4377803187915948], [0.07704878633643092, 0.3351087293933865, 0.20732624933775884, 0.3805162349324239], [0.0012116518604596697, 0.00341544762854644, 0.966822641027651, 0.028550259483342905], [0.19256290991258138, 0.013004109375260366, 0.5762168702276285, 0.21821611048452977], [0.219260391158614, 0.4424394973439612, 0.04552230950649981, 0.292777801990925], [0.40335582733990644, 0.22048074450115535, 0.014977294245887255, 0.3611861339130511], [0.03704162607925893, 0.29440934422508314, 0.5825645926369482, 0.08598443705870988], [0.01689461852777313, 0.18896289257173604, 0.7576718359400073, 0.03647065296048369], [0.4426564596586106, 0.1815044926178432, 0.0780643364013664, 0.29777471132217986], [0.3094257888113032, 0.10651143670083751, 0.46211869829901525, 0.1219440761888442], [0.10947066522646243, 0.5872539014501237, 0.13170416092688964, 0.17157127239652387], [0.06375232923880711, 0.8028481321847296, 0.06280133549342432, 0.07059820308303898], [0.1639932943433005, 0.4475281210240998, 0.03266945771486499, 0.355809126917735], [0.04571450179717817, 0.417742430991309, 0.0038714174115016256, 0.5326716498000111], [0.12574844374239177, 0.42974716349279635, 0.056454535432221696, 0.38804985733258995], [0.3195232750638715, 0.07256719885526439, 0.5156403106634945, 0.09226921541736961], [0.14555356006865025, 0.09483772588095905, 0.05479006450721801, 0.7048186495431729], [0.02355301512750997, 0.42776721628878067, 0.1654713456315259, 0.3832084229521832], [0.29410424964038123, 0.1596912995413257, 0.47778527938906673, 0.06841917142922632], [0.07758105255452946, 0.2443880948223912, 0.6242608668944295, 0.05376998572864991], [0.5939155721753073, 0.014980769034622367, 0.06305363440359643, 0.3280500243864741], [0.8329623836111261, 0.019483233843030225, 0.02657944879520212, 0.12097493375064194], [0.03368298057424711, 0.4309218835722747, 0.3325714138904746, 0.20282372196300372], [0.3263292158817626, 0.22948061795638808, 0.22436426506097637, 0.21982590110087338], [0.16722208512882558, 0.728452906699022, 0.04987041835393081, 0.05445458981822168], [0.17489397688062294, 0.15584907181723257, 0.02024556795409185, 0.6490113833480526], [0.025261662409642806, 0.47418086876175297, 0.023564181617326572, 0.47699328721127754], [0.07553836556811075, 0.39242313899083614, 0.3927606812808985, 0.13927781416015503], [0.08408108307400486, 0.35524267714460167, 0.02236591541159064, 0.5383103243698028], [0.014982644844710532, 0.1332903220667806, 0.8187041653599489, 0.03302286772855996], [0.0820616638637911, 0.23889567970623524, 0.623649966790302, 0.0553926896396717], [0.48078089758618536, 0.04602086190108672, 0.16806346514587775, 0.30513477536685035], [0.016854765347757292, 0.6607619710210845, 0.16003712348824647, 0.16234614014291193], [0.23705277518993673, 0.37722744387579293, 0.09548479505807919, 0.2902349858761911], [0.05670584475723727, 0.3468410980089255, 0.07843147019673585, 0.5180215870371015], [0.18631122337752976, 0.014706489838277796, 0.072217074188239, 0.7267652125959533], [0.7218543416159791, 0.1303507544869209, 0.07359805851456175, 0.07419684538253853], [0.10538254479934939, 0.08203555249252968, 0.6449600384455733, 0.16762186426254813], [0.1897923242949357, 0.5869348835488251, 0.027180289647939677, 0.19609250250829968], [0.36156504402734885, 0.22765541139102657, 0.05745778764868354, 0.35332175693294127], [0.3024023675933184, 0.363302344549068, 0.07606552104251275, 0.25822976681510124], [0.35987409108147406, 0.09457947547633386, 0.15856555863230246, 0.38698087480989], [0.35491448302890244, 0.08217242159717854, 0.08892462434454294, 0.47398847102937613], [0.03796069823871094, 0.24678453285938926, 0.024059994702688228, 0.6911947741992117], [0.7128881485750369, 0.11555889158945508, 0.06360767537263497, 0.10794528446287255], [0.05347643283423212, 0.16413449688747145, 0.13517939494769882, 0.6472096753305974], [0.22714047747745103, 0.008896826282292167, 0.6997235336223998, 0.06423916261785685], [0.2277276347005555, 0.09288941979948633, 0.0645702315872403, 0.6148127139127179], [0.12477887409315039, 0.535468728946701, 0.10905069381741375, 0.23070170314273478], [0.008496283810192674, 0.9598063411036645, 0.0214755684129071, 0.010221806673235493], [0.0680067970537467, 0.44519269070650874, 0.09877371969419217, 0.38802679254555245], [0.008889002106875458, 0.1352863691213847, 0.0743237166193992, 0.7815009121523409], [0.16008076890240472, 0.12168507439464966, 0.03201083083102242, 0.6862233258719228], [0.13225726406962054, 0.3133109650530239, 0.5143598796806855, 0.04007189119666979], [0.5233107452178605, 0.011848195237032524, 0.15614604587184402, 0.30869501367326235], [0.6282493245908226, 0.02029441713635787, 0.11725124951576467, 0.23420500875705508], [0.266068834986294, 0.10426328554194489, 0.03771749290747019, 0.591950386564291], [0.06961434911459784, 0.21878926618714523, 0.667441783782049, 0.044154600916207876], [0.059031540818618895, 0.5935159838107906, 0.31486455732624147, 0.03258791804434877], [0.07702618969422766, 0.3055076281028349, 0.0439375881076421, 0.5735285940952951], [0.593209595518335, 0.3205133144771667, 0.0626022480636942, 0.023674841940804367], [0.050909048761269, 0.8785746454392444, 0.03798792120758777, 0.032528384591898954], [0.24974831008303494, 0.5476163669862096, 0.044198516191183, 0.1584368067395723], [0.7428688860068335, 0.12726181878895912, 0.0826132936218882, 0.047256001582319046], [0.03755535561599678, 0.8557701684232191, 0.010845030360031606, 0.09582944560075296], [0.02022361492336464, 0.11451967787055986, 0.43794671820391223, 0.4273099890021631], [0.14650085125132895, 0.23006669946812264, 0.12187985065649978, 0.5015525986240487], [0.20752648378097888, 0.5427176044670695, 0.0565775075906864, 0.19317840416126558], [0.1371322971131727, 0.43026202352269677, 0.3172316402892315, 0.11537403907489897], [0.032419517572069054, 0.044407836285576104, 0.017901959473002407, 0.9052706866693526], [0.16563089117103313, 0.3143740724299616, 0.5013501145097647, 0.018644921889240895], [0.11853313373044658, 0.3141983826798162, 0.01975948884941249, 0.5475089947403244], [0.0703605117938452, 0.2963037290513617, 0.051563871404543916, 0.5817718877502488], [0.4518857375551938, 0.334268075062855, 0.03790617509003167, 0.17594001229191958], [0.3252651973741664, 0.29604104792454766, 0.22123594588604936, 0.15745780881523647], [0.02504716240592772, 0.5221578681034211, 0.366267868422936, 0.08652710106771518], [0.13956273602341981, 0.2864924583865525, 0.03585081172783674, 0.5380939938621911], [0.15729292983360135, 0.6035883015910776, 0.1663651523868686, 0.0727536161884527], [0.07611510690198872, 0.5775762041352183, 0.18328529484297876, 0.16302339411981406], [0.24909285414625948, 0.46478829388115434, 0.21407144527329536, 0.07204740669929072]]}, "rewritten": {"ids": ["97106591", "97106600", "97106770", "97106820", "97107260", "97107681", "97108520", "97110950", "97116401", "97116790", "98106111", "98106560", "98108150", "98108370", "98110680", "98112300", "98113881", "98116500", "98120530", "99108010", "99108520", "99109860", "99111930", "99112641", "99113260", "99119830", "100109330", "100109801", "100111270", "100116500", "100116790", "100120010", "100120780", "101108121", "101108580", "101108950", "101109370", "101110740", "101112160", "101112201", "101114990", "101119030", "101121640", "102110240", "102110690", "102110890", "102112170", "102113210", "102114270", "102116500", "103110100", "103112641", "103120531", "104111380", "104111531", "104111550", "104111830", "104111990", "104112201", "104112470", "104113000", "104113170", "104113210", "104113240", "104113380", "104113550", "104114320", "104117200", "104117630", "105113440", "105116441", "105117200", "106113170", "106113260", "106114011", "106115240", "106116640", "106116850", "106119260", "106119580", "107113130", "107113170", "107114621", "107114950", "107115140", "107118520", "107119130", "107120880", "107121230", "107121640", "108114040", "108114270", "108114360", "108114670", "108115880", "108116070", "108117610", "108120260", "108121351", "108121410", "109114030", "109114270", "109115211", "109115220", "109116170", "109116750", "109117110", "109117431", "109117730", "109118161", "109120540", "109121640", "110117500", "110118880", "110119030", "110120190", "111115770", "111116040", "111116530", "111117571", "111119290", "111120320", "112116990", "112118161", "112118620", "112118820", "112119450", "112119950", "112120640", "112120670", "112121410", "113119300", "113119320", "113119700", "113120531", "113121190", "113121750", "113122120", "113122150", "113122170", "113122180", "113122220"], "labels": [1, 3, 3, 1, 2, 3, 2, 3, 3, 2, 0, 1, 0, 1, 2, 2, 3, 2, 1, 2, 2, 2, 1, 1, 0, 1, 0, 0, 2, 2, 2, 0, 1, 0, 0, 2, 1, 3, 3, 0, 3, 3, 2, 3, 0, 0, 3, 3, 3, 1, 1, 3, 3, 3, 0, 1, 3, 2, 0, 1, 1, 3, 3, 2, 1, 1, 2, 3, 0, 0, 1, 3, 0, 3, 1, 1, 3, 3, 1, 3, 1, 0, 0, 3, 0, 2, 1, 1, 0, 1, 0, 3, 1, 3, 3, 1, 3, 1, 3, 0, 1, 3, 0, 3, 0, 0, 1, 1, 3, 0, 1, 0, 1, 0, 0, 3, 3, 0, 3, 3, 3, 1, 0, 0, 3, 0, 3, 0, 0, 2, 0, 1, 1, 0, 0, 1, 0, 1, 2, 1, 2, 1], "predicted_labels": [1, 2, 0, 0, 2, 2, 1, 3, 3, 2, 1, 0, 1, 2, 1, 0, 1, 3, 3, 1, 1, 1, 1, 0, 2, 1, 1, 3, 2, 2, 0, 2, 3, 0, 2, 2, 1, 2, 3, 3, 1, 0, 1, 0, 0, 2, 2, 3, 1, 0, 0, 3, 1, 2, 3, 0, 2, 0, 0, 3, 0, 1, 1, 1, 2, 0, 0, 3, 0, 1, 3, 0, 1, 1, 1, 0, 3, 0, 0, 1, 2, 1, 3, 3, 3, 1, 3, 0, 3, 2, 0, 3, 1, 1, 0, 2, 3, 3, 3, 1, 1, 0, 3, 1, 3, 1, 1, 1, 0, 0, 1, 1, 0, 1, 3, 3, 3, 0, 1, 0, 3, 3, 3, 3, 3, 3, 3, 0, 1, 2, 1, 3, 0, 1, 3, 0, 0, 1, 3, 1, 3, 1], "confidence_scores": [[0.20419724999508498, 0.27910119796556476, 0.12781066018267484, 0.3888908918566753], [0.07972991992707987, 0.19179352233923092, 0.6932872708380368, 0.035189286895652414], [0.45741701924839606, 0.06994603795338256, 0.37748530284037396, 0.09515163995784759], [0.42979449201587344, 0.0926812967806068, 0.09231592634857615, 0.3852082848549435], [0.0015896232780083115, 0.002893672719737613, 0.9788169776869617, 0.016699726315292283], [0.01862012521261526, 0.06737499883158357, 0.7951146963949035, 0.11889017956089779], [0.27636363245650003, 0.3968226820064897, 0.1789284418727868, 0.14788524366422368], [0.09398800846921886, 0.13906230573553954, 0.10547449231455068, 0.6614751934806912], [0.09070075272680787, 0.1864582557992157, 0.20331484994813226, 0.5195261415258448], [0.12811894667463902, 0.06985920136210824, 0.7756180819300076, 0.026403770033245302], [0.18111625467341078, 0.3114220472164909, 0.09864139619048393, 0.408820301919614], [0.3176902361050786, 0.19385090643413175, 0.2792952570362622, 0.20916360042452753], [0.06920952674636656, 0.34581471914005363, 0.1609145991516579, 0.424061154961922], [0.030817558077155905, 0.1837712487527624, 0.7664655887042686, 0.018945604465813056], [0.03778104355508964, 0.4283123042999913, 0.4948214250862047, 0.039085227058714346], [0.43961226427702776, 0.04470197919190529, 0.17023495457481463, 0.34545080195625266], [0.09380787139505897, 0.725101149046501, 0.0806652951524995, 0.10042568440594087], [0.13469698895952842, 0.14624774577410038, 0.056946744051435835, 0.6621085212149354], [0.2761329988865539, 0.19683865847396104, 0.03944006666600226, 0.48758827597348264], [0.16869076722175952, 0.30128255302811907, 0.28281960319154625, 0.24720707655857524], [0.051158732274309185, 0.527861514028347, 0.394223253526835, 0.02675650017050912], [0.04176601753790739, 0.6734791758211576, 0.1862249305670532, 0.09852987607388182], [0.028340580080169514, 0.5137892849988963, 0.32963952871817637, 0.12823060620275772], [0.8755415298727025, 0.058066585410223436, 0.03087324427325337, 0.03551864044382065], [0.16222166852674258, 0.31587292983469994, 0.5042104146984983, 0.01769498694005939], [0.01577796384407719, 0.543925291213363, 0.14994701662623253, 0.2903497283163278], [0.25478849302417045, 0.3497345319519591, 0.058238405213539284, 0.337238569810331], [0.06816248425071623, 0.27351681624002816, 0.03896349606607594, 0.6193572034431795], [0.06595501129405745, 0.26192106563056056, 0.513704599877552, 0.15841932319783], [0.03832515393814767, 0.2609083166434189, 0.48133156365055824, 0.2194349657678749], [0.299297760422101, 0.20326705855414384, 0.2768265096389109, 0.22060867138484405], [0.030055936234709132, 0.4147301297499756, 0.5075403053406977, 0.04767362867461781], [0.04069364775121446, 0.04026835620032083, 0.1880191868030501, 0.7310188092454146], [0.34746801123782606, 0.20308858499951576, 0.12950534178107398, 0.3199380619815843], [0.2893405568263602, 0.008275365018065738, 0.6265006199270923, 0.075883458228482], [0.08230388188252187, 0.043330111907756645, 0.7941412471765792, 0.08022475903314236], [0.08282872841704889, 0.40965006314522984, 0.393970932114018, 0.11355027632370385], [0.017882069565806524, 0.401329269360076, 0.5308665265971712, 0.049922134476946045], [0.04716993095516032, 0.15539238608803554, 0.438157384678155, 0.359280298278649], [0.08239938974536933, 0.2541538927455579, 0.04498870857669003, 0.6184580089323821], [0.006512010158727204, 0.7541849378709368, 0.08153823872643454, 0.15776481324390174], [0.63534624476208, 0.1190617993457647, 0.056696244708210185, 0.18889571118394527], [0.027073319551730937, 0.48764908063654205, 0.13817458738447597, 0.347103012427251], [0.3966051338376858, 0.24642990059905653, 0.1675362700982479, 0.18942869546500968], [0.49390663452448935, 0.33144449698095513, 0.012462601506422725, 0.16218626698813263], [0.3153384862904312, 0.010888273018180667, 0.49054053790608454, 0.18323270278530374], [0.07871077553450993, 0.1114559313345603, 0.5188161576790398, 0.29101713545188995], [0.2767497797133921, 0.13307309200631792, 0.23025684265903495, 0.35992028562125505], [0.22594050857027972, 0.4729741927188998, 0.03936154456495153, 0.26172375414586924], [0.4357603607932479, 0.09221391830963822, 0.35100932884289693, 0.12101639205421692], [0.4573973431541066, 0.08443470505533607, 0.14379752726308107, 0.3143704245274764], [0.15173231449040506, 0.17612186114609746, 0.3666633551096476, 0.30548246925385003], [0.12832879391238244, 0.4768434080520616, 0.11695487927251273, 0.27787291876304326], [0.25917643740990043, 0.19145116057242456, 0.48929053750621354, 0.06008186451146113], [0.10125620270062907, 0.16292809958940652, 0.04605037209338061, 0.6897653256165835], [0.37074679108013575, 0.17098387727473618, 0.41619983591095017, 0.04206949573417779], [0.06292469467386379, 0.2092702324019934, 0.4618001472101096, 0.26600492571403306], [0.2574675397057663, 0.2525454366526088, 0.29121846941338303, 0.19876855422824172], [0.4773134737333867, 0.15030422246006764, 0.06794417309670438, 0.3044381307098414], [0.028971065177417984, 0.10626513916896194, 0.29622558140988337, 0.5685382142437367], [0.5522211221302611, 0.02088247481828976, 0.16817059988879263, 0.25872580316265636], [0.03942541733028963, 0.3904821611878032, 0.4549136727938429, 0.11517874868806426], [0.18246512524928948, 0.3958149688228574, 0.24276687988878598, 0.17895302603906713], [0.014679723914641531, 0.8113512407914439, 0.15596002996424707, 0.01800900532966735], [0.11501047936538085, 0.20064659144299662, 0.6187048715885599, 0.06563805760306257], [0.46491736471090267, 0.009133027565575526, 0.21447262874185896, 0.3114769789816632], [0.39632572561476825, 0.33344782914296534, 0.23905735937660125, 0.031169085865665143], [0.052456517626339155, 0.1563056744817978, 0.18723354463918931, 0.6040042632526738], [0.771710381661215, 0.01963083764372107, 0.03930857027124226, 0.1693502104238218], [0.26760524159513494, 0.3183042722642884, 0.18191076095540584, 0.2321797251851705], [0.1625008824536377, 0.21186182628197212, 0.05474773156115364, 0.5708895597032367], [0.5356473952998384, 0.05618720656598024, 0.16052683388895517, 0.24763856424522604], [0.03485137908162188, 0.8588727904656457, 0.012062109141533781, 0.09421372131119853], [0.3367860173381202, 0.617632293001658, 0.030509795430078764, 0.015071894230142852], [0.2439175173204593, 0.6883592503414012, 0.037783451359210254, 0.02993978097892945], [0.7069019875351276, 0.12942299340016794, 0.053185369651670034, 0.11048964941303424], [0.22970888646278215, 0.014644913086993484, 0.0820079299899349, 0.6736382704602892], [0.43796295220351394, 0.12014307733074604, 0.25959442789264736, 0.18229954257309258], [0.5658993004498771, 0.14419618503578296, 0.11995942748296932, 0.16994508703137082], [0.18833886321687593, 0.40138809626531036, 0.27161766711443186, 0.1386553734033821], [0.21075399088171567, 0.07679566845054049, 0.6796549406710606, 0.03279539999668328], [0.08494182431519103, 0.451752344515107, 0.1722829230789039, 0.29102290809079817], [0.03474128990207008, 0.04633120256695829, 0.006269290370361474, 0.9126582171606097], [0.1610147335915498, 0.1140327779849412, 0.13517590013469552, 0.5897765882888136], [0.12603637483592406, 0.030536241110164338, 0.2847545761195174, 0.5586728079343946], [0.01291015375159681, 0.95341857611009, 0.02186531761257437, 0.011805952525738742], [0.22209913797491748, 0.11749582971943821, 0.018620842932648665, 0.6417841893729955], [0.25843954198706526, 0.20357917631241362, 0.33602165278478313, 0.2019596289157376], [0.06374883454306451, 0.1585530949869481, 0.033126364544495794, 0.7445717059254918], [0.2635230642313985, 0.10897396225573168, 0.44745412166167875, 0.1800488518511913], [0.4651656830457586, 0.20719377641245346, 0.2518572060121456, 0.07578333452964214], [0.31991807028985925, 0.11005039086275285, 0.034608468365374206, 0.5354230704820137], [0.06645682224678395, 0.6116734772419377, 0.21691426633325472, 0.10495543417802389], [0.14828447358153243, 0.5937176170086247, 0.18550118846883007, 0.07249672094101314], [0.41347508055871535, 0.28753315550570185, 0.09709997773483948, 0.20189178620074352], [0.14704454129146313, 0.35344997637841485, 0.43180661339661913, 0.06769886893350302], [0.13181081507392675, 0.19388221281463147, 0.02644386854721969, 0.647863103564222], [0.16338694954781427, 0.15578040759099762, 0.0494452910640553, 0.6313873517971326], [0.31943527715282305, 0.12773995269151495, 0.04909302474454722, 0.503731745411115], [0.11820935689602578, 0.398730332833517, 0.03787310765100914, 0.4451872026194478], [0.14591659446753827, 0.27512855000091696, 0.17883135338350598, 0.4001235021480387], [0.369523971712821, 0.05234414130894564, 0.2910781047799288, 0.2870537821983046], [0.06198105540875408, 0.27155111445387276, 0.0891451600584894, 0.5773226700788842], [0.0232645554493816, 0.5495363201056828, 0.03329702821288546, 0.3939020962320502], [0.021969003459089857, 0.29471149243818034, 0.02724081758644007, 0.6560786865162896], [0.27799820627648336, 0.3811936461064362, 0.14117104387673507, 0.1996371037403453], [0.08835460083241427, 0.33665082821050385, 0.10653875185237095, 0.468455819104711], [0.3029876914249661, 0.3212027235650925, 0.021801319624530274, 0.35400826538541097], [0.7741423555723944, 0.09487055992434147, 0.06541522448993378, 0.06557186001333032], [0.5052197452628486, 0.228464067180437, 0.05757087104418709, 0.20874531651252712], [0.22745215750545145, 0.3471266104847985, 0.04573180072842678, 0.37968943128132343], [0.2982428947299643, 0.3421504589459864, 0.18654271207281306, 0.17306393425123598], [0.4289266179270326, 0.25919246145552977, 0.0374903860371925, 0.2743905345802452], [0.01796127837755816, 0.3582071837543033, 0.004497482368004384, 0.6193340555001341], [0.3964336928973584, 0.04192607821906994, 0.06780724199843763, 0.4938329868851337], [0.2723357830221104, 0.15884533586489297, 0.019426946950879185, 0.5493919341621171], [0.35456459848977945, 0.07988234899414175, 0.11316399445613662, 0.4523890580599419], [0.5540121937819459, 0.06829587556320624, 0.04548968846692833, 0.33220224218791955], [0.19995731347856074, 0.5792333879838588, 0.07314841391296453, 0.14766088462461582], [0.5218613767831748, 0.32296047827919505, 0.05663631850084675, 0.09854182643678337], [0.008890007083012868, 0.11628520222345147, 0.07067119679532032, 0.8041535938982154], [0.13255882707308114, 0.1088800702321669, 0.12389623008264587, 0.6346648726121061], [0.2899579411350915, 0.07331668863790411, 0.11523519793050413, 0.5214901722965005], [0.303306016414774, 0.10379474600038813, 0.04891923361795988, 0.5439800039668777], [0.33066017242931534, 0.053553859674089925, 0.035096624434132896, 0.5806893434624617], [0.38577256241997837, 0.08879611338663111, 0.018946027840142397, 0.5064852963532482], [0.05211922195380385, 0.04790797639628097, 0.055708305090995495, 0.8442644965589199], [0.76319003863667, 0.0723084772079572, 0.01637873059547132, 0.14812275355990162], [0.2240508493516481, 0.3145987377712428, 0.3424928823916537, 0.11885753048545553], [0.05923496634905668, 0.28806375292686137, 0.601376004455488, 0.051325276268593796], [0.0832825562555295, 0.474844057107746, 0.021607445114843585, 0.42026594152188107], [0.2715839240571772, 0.07950031822081427, 0.1073352817421207, 0.5415804759798877], [0.5184553832190064, 0.0675387472950034, 0.030385704763611857, 0.3836201647223786], [0.05095127176789924, 0.7962698039349486, 0.01453400315110155, 0.1382449211460503], [0.08854237503596338, 0.3013634790175192, 0.01474040572540579, 0.5953537402211119], [0.35428354635893017, 0.16717896439761235, 0.1420845341743191, 0.3364529550691381], [0.805260154563071, 0.06634521437923312, 0.019291533904883824, 0.10910309715281225], [0.1826414044643481, 0.6650735574584081, 0.06678140461907732, 0.08550363345816647], [0.07300893161077819, 0.17590012871377936, 0.15811249137032052, 0.5929784483051219], [0.07215782957301703, 0.36110963779242294, 0.3750787825547144, 0.1916537500798456], [0.09613190737344453, 0.09536733714325593, 0.07965023159476511, 0.7288505238885343], [0.1018741961507732, 0.48393294631247225, 0.04919195761414607, 0.3650008999226085]]}}