{"test": {"ids": ["98117740", "107114780", "102108621", "110115710", "99108080", "104114740", "112120640", "109121410", "113121190", "103117200", "108120260", "103111110", "105113620", "108121160", "108115250", "112117580", "108115070", "101119030", "109117271", "103111930", "112118860", "106114280", "111116290", "110121720", "107120010", "105119950", "100111080", "106118520", "113122190", "106112770", "99111620", "113119700", "98111231", "113117550", "108120280", "102112170", "113118810", "103120290", "100109360", "98112580", "112116810", "102113350", "99109161", "113119450", "102107961", "106116120", "98112170", "106113190", "108116070", "98106560", "105116441", "97107681", "101108370", "113119320", "113119120", "104112201", "102112301", "99108710", "111120640", "113118630", "102113981", "107118520", "97107040", "110114561", "110115580", "100111270", "100108080", "105120621", "107121230", "113119300", "99108310", "102116500", "98108150", "112118581", "97105760", "97112300", "112117571", "99109370", "104111620", "112116850", "100113370", "112119580", "106115250", "111119580", "106114011", "101108580", "112116540", "108114040", "101110150", "113122150", "111117480", "105111990", "104110960", "109113281", "97105960", "107118490", "101111310", "108117610", "106117650", "110113591", "111119430", "104112470", "108114670", "113118690", "99111440", "101111620", "97116790", "101113210", "110117500", "109121351", "111119930", "102116340", "112118530", "97116410", "108114220", "111114941", "109117150", "101112201", "104111880", "112117030", "112118161", "98107210", "112119610", "103110220", "100116790", "112120540", "99112840", "108117360", "112117461", "100108260", "102109910", "98120530", "103113210", "106121190", "113120260", "113121010", "99105921", "103112470", "100115700", "97106770", "108115880", "111115620"], "labels": [2, 2, 3, 2, 3, 2, 0, 0, 1, 0, 1, 3, 0, 2, 1, 0, 1, 3, 0, 3, 3, 3, 2, 3, 1, 3, 0, 2, 1, 1, 3, 0, 1, 3, 3, 3, 3, 2, 0, 2, 3, 3, 3, 3, 3, 1, 3, 0, 1, 1, 1, 3, 1, 1, 3, 0, 1, 2, 0, 3, 1, 2, 2, 0, 1, 2, 0, 1, 0, 1, 2, 1, 0, 1, 0, 2, 3, 1, 0, 0, 3, 3, 2, 3, 1, 0, 1, 0, 1, 2, 1, 2, 2, 0, 2, 2, 3, 3, 1, 0, 3, 1, 3, 3, 3, 3, 2, 3, 1, 0, 1, 3, 1, 3, 3, 0, 2, 0, 3, 2, 0, 1, 0, 2, 2, 3, 2, 1, 0, 3, 2, 1, 3, 2, 3, 2, 1, 1, 1, 3, 3, 1], "predicted_labels": [1, 1, 3, 2, 0, 1, 2, 1, 1, 1, 1, 3, 1, 3, 2, 0, 1, 1, 3, 1, 1, 3, 1, 1, 3, 1, 1, 1, 1, 2, 0, 1, 0, 3, 0, 0, 0, 2, 3, 1, 0, 0, 0, 0, 3, 1, 3, 1, 2, 3, 3, 3, 0, 3, 3, 3, 3, 3, 3, 3, 0, 3, 2, 2, 0, 2, 1, 3, 3, 3, 0, 1, 1, 3, 0, 0, 1, 3, 0, 3, 1, 1, 1, 3, 1, 0, 3, 3, 3, 1, 3, 0, 3, 3, 3, 1, 0, 3, 3, 1, 1, 3, 1, 1, 3, 1, 1, 3, 1, 3, 0, 2, 1, 2, 1, 3, 1, 1, 1, 3, 3, 0, 1, 3, 0, 3, 3, 0, 3, 0, 0, 1, 1, 1, 3, 1, 0, 0, 1, 1, 3, 1], "confidence_scores": [[0.15490727836058932, 0.3015699429949163, 0.25877595147382776, 0.2847468271706667], [0.23167693929931363, 0.30492308067218366, 0.2780958829865613, 0.18530409704194145], [0.2842684019452023, 0.17613304360628024, 0.13739012614331123, 0.40220842830520626], [0.16143285410797542, 0.18937051124451923, 0.4983899681525692, 0.15080666649493618], [0.5899560425016105, 0.21119766943856258, 0.09482212851113098, 0.10402415954869594], [0.23176106930174517, 0.3925533054753685, 0.11206852080549747, 0.26361710441738884], [0.19835846493960516, 0.17780607166600973, 0.4398669605167345, 0.18396850287765065], [0.13488497612832664, 0.5330847855328636, 0.19246878471602163, 0.13956145362278796], [0.1617352128732222, 0.35762665949748557, 0.1689648600959318, 0.31167326753336044], [0.21880390234116387, 0.33258929863941017, 0.1328437268742887, 0.31576307214513716], [0.3272884426015061, 0.37194303412738705, 0.14899330384695045, 0.15177521942415648], [0.14736307546453806, 0.357198735290158, 0.13223089198160445, 0.36320729726369955], [0.14607764843823673, 0.526714944000667, 0.12949340699769812, 0.19771400056339808], [0.15943761133035966, 0.2309228917200177, 0.0938159848540975, 0.5158235120955252], [0.12250119537143764, 0.24487609794058013, 0.426462865711473, 0.2061598409765092], [0.39614711637671857, 0.2160963846085365, 0.1008750312252161, 0.2868814677895287], [0.17612406909608874, 0.351873309193666, 0.29448439213656397, 0.1775182295736814], [0.21894596790436863, 0.4199409322238249, 0.11717727361755657, 0.24393582625424995], [0.15588144276787289, 0.2402146595238949, 0.21926001882715418, 0.3846438788810781], [0.10866350058114817, 0.6298242848280498, 0.0769995848481935, 0.1845126297426087], [0.258528802884294, 0.29614998950764926, 0.1641320996048501, 0.2811891080032068], [0.2449094204912761, 0.2834200497201608, 0.07174751093152838, 0.3999230188570349], [0.23119916546267233, 0.32679337572617273, 0.18558465138755686, 0.25642280742359813], [0.19750258862335682, 0.48379256953119126, 0.15848895843445468, 0.16021588341099752], [0.13055853400724388, 0.1974484554239842, 0.28675748599632517, 0.3852355245724467], [0.2628868638573511, 0.3233287550275475, 0.17552424128826433, 0.23826013982683714], [0.2183506008087328, 0.35199477082812297, 0.19778634775662712, 0.23186828060651704], [0.09328301525355832, 0.6267221394651511, 0.09574050990872435, 0.18425433537256627], [0.23219520348988154, 0.44760227214387605, 0.12642269243064838, 0.1937798319355939], [0.11759209260410194, 0.2992234317291699, 0.30077393606249586, 0.2824105396042323], [0.32894841656284896, 0.22777438433471167, 0.294179414133495, 0.14909778496894432], [0.2199019534323232, 0.5360537141010911, 0.11669021227963544, 0.12735412018695014], [0.3961286008902214, 0.32545609248930923, 0.11780170166500535, 0.1606136049554638], [0.09505517668291782, 0.20812400601400702, 0.17146112768486196, 0.5253596896182131], [0.3328794217810222, 0.2243738787125189, 0.14367036608938832, 0.2990763334170705], [0.5051216013184331, 0.17119152856982764, 0.07081076674203747, 0.25287610336970184], [0.3743893753990224, 0.2234334203503951, 0.07172065627052364, 0.330456547980059], [0.13853173959001153, 0.12410779242032266, 0.5831323246278068, 0.154228143361859], [0.2278120963321973, 0.19978120402543706, 0.17169458304556773, 0.40071211659679784], [0.19478326564247272, 0.3192826588741535, 0.18632683898260985, 0.29960723650076404], [0.8144521793109957, 0.06618819923990774, 0.03383620664904354, 0.08552341480005293], [0.32117726290944415, 0.24645970699305908, 0.3034595345436865, 0.1289034955538104], [0.4470258134225317, 0.2618355746600763, 0.1599773138370308, 0.13116129808036114], [0.5489270820086282, 0.1935307122690022, 0.07165688237899341, 0.18588532334337624], [0.2524878510867916, 0.19334121697323023, 0.1872751557582237, 0.36689577618175445], [0.2906942418571281, 0.3414581943915846, 0.12747856752006304, 0.24036899623122415], [0.20595564988662593, 0.2512383342907394, 0.14609546343901422, 0.3967105523836205], [0.12131745807065061, 0.5315388387807733, 0.08051817697500856, 0.2666255261735676], [0.15906778607704722, 0.2768324653817587, 0.4597746440311383, 0.10432510451005568], [0.21639368845324014, 0.268389689979962, 0.23996949539538875, 0.2752471261714092], [0.199441530798559, 0.27715356699239085, 0.12437004679769845, 0.39903485541135186], [0.16325435754490888, 0.2987493675742488, 0.23365896842012587, 0.30433730646071655], [0.4432640585137772, 0.08649762540700286, 0.2851888525730014, 0.18504946350621862], [0.20029723374074052, 0.0781366438192558, 0.07016801059755945, 0.6513981118424443], [0.17184325228960978, 0.3218863154395806, 0.13550634083583793, 0.37076409143497197], [0.23703793741822374, 0.1727900323229505, 0.14513723908536436, 0.4450347911734614], [0.22165211049995331, 0.276749098969801, 0.2202988580886038, 0.2812999324416418], [0.10731183980942677, 0.33297723125721124, 0.09805995789856135, 0.46165097103480063], [0.1020422461952597, 0.37344467865483405, 0.14641686419633618, 0.3780962109535702], [0.2016692695930188, 0.17035375156401295, 0.15823870374165833, 0.4697382751013101], [0.4066167854129647, 0.3525850918705886, 0.11562127146466813, 0.12517685125177855], [0.24061842847051965, 0.2601299322423292, 0.1344889901042156, 0.36476264918293555], [0.1830260439127455, 0.1132006955167534, 0.42499567901457047, 0.27877758155593063], [0.11319918990148714, 0.27534102671242133, 0.37576820993983656, 0.23569157344625505], [0.4009583153285847, 0.17604155729107115, 0.18600054298175342, 0.23699958439859073], [0.10014340862852407, 0.2448976776892218, 0.4121072561134635, 0.2428516575687907], [0.15947722917272392, 0.4351949355353467, 0.15587508837850014, 0.24945274691342925], [0.2751679691239971, 0.20394810094218407, 0.05915314959766396, 0.4617307803361549], [0.19579653547329037, 0.2099859951654706, 0.14930270814740892, 0.4449147612138303], [0.22090182360242408, 0.09731000620573796, 0.07761183810526089, 0.604176332086577], [0.34394045838382675, 0.30746666527016303, 0.12967022571405867, 0.21892265063195152], [0.16355704609503663, 0.3819659800767533, 0.21897033671688465, 0.23550663711132566], [0.08247413065596328, 0.7347542640137561, 0.09663723958416673, 0.08613436574611397], [0.0908901139808329, 0.21131380132801256, 0.17196775036485412, 0.5258283343263004], [0.3948633674667424, 0.20143660048065076, 0.1257347855162478, 0.2779652465363592], [0.3392957124281155, 0.17469196356020866, 0.30612103924632494, 0.17989128476535093], [0.24330608780816732, 0.43285221761621623, 0.06750510764515345, 0.256336586930463], [0.2506392209590946, 0.2571526677441869, 0.1849115072527368, 0.30729660404398174], [0.5145941159349524, 0.13276092454549077, 0.09087532160810055, 0.2617696379114561], [0.17748806745896586, 0.2784517759762411, 0.09359020253297684, 0.4504699540318162], [0.12177163939253768, 0.35187333497321704, 0.3365602646780849, 0.18979476095616032], [0.15832696324889872, 0.3306880849140595, 0.22269198777674543, 0.28829296406029614], [0.15077629274146787, 0.40569544181583367, 0.252616169121124, 0.19091209632157452], [0.2510257372161689, 0.1598970443398684, 0.06392879597197883, 0.5251484224719839], [0.24718904168600883, 0.3803217091187925, 0.24499115491918966, 0.1274980942760091], [0.3410603680235426, 0.1829581768842542, 0.2912679779995906, 0.1847134770926126], [0.2765627746500341, 0.1464546510316244, 0.10976697694881893, 0.4672155973695227], [0.16234781273635598, 0.16045500642899121, 0.17447659051774747, 0.5027205903169053], [0.31090332190897446, 0.1930040426434112, 0.17777734500876324, 0.31831529043885093], [0.290074461685452, 0.42426534803426835, 0.14973776424585686, 0.13592242603442278], [0.33282935574869527, 0.22397348578879736, 0.08232874575255492, 0.3608684127099526], [0.44278595399341364, 0.27205590481299596, 0.06323055232528411, 0.22192758886830624], [0.25329572011126605, 0.26426869957986693, 0.12853518427623412, 0.35390039603263296], [0.22116489060505765, 0.2708217494387548, 0.1346735575349221, 0.3733398024212655], [0.17331172471774656, 0.20824559617587057, 0.23311810503897562, 0.38532457406740733], [0.2996409092057446, 0.4154065724965547, 0.13129056567859554, 0.15366195261910512], [0.34363118034517215, 0.2427602793039285, 0.18403192535631246, 0.2295766149945868], [0.3529188552165661, 0.12024448935756743, 0.0708386005004112, 0.45599805492545525], [0.21274009286842752, 0.2954903571906602, 0.12031836785014387, 0.3714511820907684], [0.16759024879012183, 0.5384397535196803, 0.05974361520760578, 0.23422638248259214], [0.23820258370165423, 0.3650309560731772, 0.13529559007374442, 0.26147087015142423], [0.16551210277573836, 0.266035344531231, 0.17494778840911504, 0.3935047642839157], [0.16331085407446846, 0.47323725397015054, 0.14652757254866897, 0.216924319406712], [0.22065445463035302, 0.4078513664152514, 0.1361496928916604, 0.23534448606273528], [0.13185505799104405, 0.2545246215339962, 0.21769955681809994, 0.39592076365685974], [0.16998877083850156, 0.340741582334182, 0.326581434706443, 0.1626882121208733], [0.33499070653542906, 0.3717250112285519, 0.1164687606676695, 0.17681552156834954], [0.23449438927364, 0.30285326956131137, 0.15500109687139632, 0.3076512442936524], [0.24600135693927636, 0.348170066708986, 0.11689214401229438, 0.2889364323394434], [0.27670081351523157, 0.18570360218232523, 0.14648728959102322, 0.39110829471142006], [0.43055783742986126, 0.23027885277218585, 0.12550156803545587, 0.21366174176249708], [0.10579410825755133, 0.1899294461477418, 0.3832532041471519, 0.32102324144755484], [0.09573519999186998, 0.41061283284420713, 0.28513226036544115, 0.20851970679848167], [0.20749098939180446, 0.24799394852154505, 0.42494005061165974, 0.1195750114749908], [0.18338810548561307, 0.6102154448036644, 0.07488055082003994, 0.13151589889068252], [0.13191601032397693, 0.15698696273075877, 0.0991137843256055, 0.6119832426196589], [0.3012347346924577, 0.304282592648762, 0.217086205685851, 0.1773964669729294], [0.30037141093663594, 0.3310545988605013, 0.17949536799924184, 0.18907862220362084], [0.2548324823953113, 0.29222221235817836, 0.2694751539165619, 0.18347015132994865], [0.09017161934696453, 0.22866967133048252, 0.09279478905331927, 0.5883639202692337], [0.2125965971741233, 0.1929750898735866, 0.15393322728134284, 0.4404950856709473], [0.3612114743244412, 0.30248691360454055, 0.08059172464810202, 0.25570988742291645], [0.07631273410783763, 0.4394569589886915, 0.31622247299377054, 0.16800783390970006], [0.15432933778963365, 0.22376025350596487, 0.3029908421921666, 0.31891956651223496], [0.7932419452001891, 0.112114234016656, 0.04374807038498204, 0.05089575039817283], [0.10470876763746254, 0.2140795361579419, 0.31184135216656916, 0.3693703440380266], [0.17274178824175368, 0.30506640837220317, 0.06867717827834781, 0.45351462510769536], [0.35389020062235904, 0.13267345966759989, 0.2768165903297213, 0.23661974938032007], [0.13537456594427436, 0.18373947131201204, 0.13773936220138477, 0.5431466005423287], [0.40888418643401236, 0.25902292326560084, 0.1843227053083866, 0.14777018499200026], [0.36813869613690275, 0.16630229936763974, 0.2863290579755952, 0.17922994651986227], [0.26870845845911956, 0.3790768850384279, 0.053363334343119746, 0.29885132215933274], [0.18033366738648313, 0.37640226075766803, 0.23376427774059913, 0.20949979411524972], [0.07543973951012549, 0.6968070817909919, 0.13330212946512116, 0.09445104923376134], [0.20729317265037725, 0.207596879089256, 0.12541971637065844, 0.4596902318897083], [0.11278199908324854, 0.36375044780039645, 0.2625043401619982, 0.26096321295435687], [0.38551035123503713, 0.2880129820306774, 0.09957529240277456, 0.2269013743315109], [0.43921444222369166, 0.21192700492382904, 0.1250517767508082, 0.22380677610167116], [0.26970703220835784, 0.32658513898167363, 0.1582887315194449, 0.24541909729052375], [0.2341222068026189, 0.34950775263641337, 0.28937302610247634, 0.12699701445849146], [0.23210046079716357, 0.30623629512047174, 0.15034189551825317, 0.31132134856411164], [0.35211812809046644, 0.4409466522598202, 0.11362478939469214, 0.0933104302550211]]}, "rewritten": {"ids": ["97105760", "97105960", "97106770", "97107040", "97107681", "97112300", "97116410", "97116790", "98106560", "98107210", "98108150", "98111231", "98112170", "98112580", "98117740", "98120530", "99105921", "99108080", "99108310", "99108710", "99109161", "99109370", "99111440", "99111620", "99112840", "100108080", "100108260", "100109360", "100111080", "100111270", "100113370", "100115700", "100116790", "101108370", "101108580", "101110150", "101111310", "101111620", "101112201", "101113210", "101119030", "102107961", "102108621", "102109910", "102112170", "102112301", "102113350", "102113981", "102116340", "102116500", "103110220", "103111110", "103111930", "103112470", "103113210", "103117200", "103120290", "104110960", "104111620", "104111880", "104112201", "104112470", "104114740", "105111990", "105113620", "105116441", "105119950", "105120621", "106112770", "106113190", "106114011", "106114280", "106115250", "106116120", "106117650", "106118520", "106121190", "107114780", "107118490", "107118520", "107120010", "107121230", "108114040", "108114220", "108114670", "108115070", "108115250", "108115880", "108116070", "108117360", "108117610", "108120260", "108120280", "108121160", "109113281", "109117150", "109117271", "109121351", "109121410", "110113591", "110114561", "110115580", "110115710", "110117500", "110121720", "111114941", "111115620", "111116290", "111117480", "111119430", "111119580", "111119930", "111120640", "112116540", "112116810", "112116850", "112117030", "112117461", "112117571", "112117580", "112118161", "112118530", "112118581", "112118860", "112119580", "112119610", "112120540", "112120640", "113117550", "113118630", "113118690", "113118810", "113119120", "113119300", "113119320", "113119450", "113119700", "113120260", "113121010", "113121190", "113122150", "113122190"], "labels": [0, 2, 3, 2, 3, 2, 3, 2, 1, 1, 0, 1, 3, 2, 2, 1, 1, 3, 2, 2, 3, 1, 3, 3, 2, 0, 3, 0, 0, 2, 3, 1, 2, 1, 0, 1, 3, 3, 0, 3, 3, 3, 3, 2, 3, 1, 3, 1, 3, 1, 2, 3, 3, 1, 3, 0, 2, 2, 0, 3, 0, 1, 2, 2, 0, 1, 3, 1, 1, 0, 1, 3, 2, 1, 1, 2, 2, 2, 2, 2, 1, 0, 0, 3, 3, 1, 1, 3, 1, 1, 3, 1, 3, 2, 0, 2, 0, 0, 0, 0, 0, 1, 2, 1, 3, 0, 1, 2, 1, 3, 3, 1, 0, 1, 3, 0, 2, 0, 3, 0, 0, 1, 1, 3, 3, 0, 3, 0, 3, 3, 3, 3, 3, 1, 1, 3, 0, 3, 2, 1, 2, 1], "predicted_labels": [0, 3, 2, 3, 3, 0, 0, 0, 3, 3, 1, 0, 3, 3, 1, 1, 1, 0, 0, 1, 1, 1, 1, 1, 3, 1, 0, 3, 1, 1, 1, 0, 1, 0, 2, 0, 1, 2, 1, 3, 1, 1, 3, 2, 0, 3, 3, 1, 0, 1, 2, 3, 1, 0, 1, 0, 1, 0, 0, 3, 0, 1, 1, 1, 1, 1, 1, 0, 1, 3, 1, 3, 1, 1, 1, 1, 0, 0, 1, 1, 3, 3, 3, 1, 1, 1, 1, 1, 2, 2, 3, 3, 3, 3, 1, 2, 3, 0, 1, 1, 1, 2, 2, 1, 1, 1, 0, 1, 2, 1, 3, 0, 1, 3, 0, 1, 1, 3, 3, 1, 1, 1, 0, 3, 3, 2, 1, 2, 3, 1, 1, 3, 3, 0, 3, 0, 1, 3, 1, 0, 1, 1], "confidence_scores": [[0.7476231941531913, 0.08016449791069469, 0.0881526441146969, 0.08405966382141719], [0.09316414838076018, 0.15982213271129023, 0.11901517498432118, 0.6279985439236284], [0.27327017374813545, 0.2099907573023203, 0.3853057520642162, 0.13143331688532806], [0.19984713782474253, 0.166666171802549, 0.18415761502825312, 0.4493290753444553], [0.16399521613425572, 0.21639806075244605, 0.19149379264074678, 0.4281129304725515], [0.4123188618323159, 0.3077020911014462, 0.09452417185674132, 0.18545487520949666], [0.3717328442712613, 0.258221328007461, 0.25503210996592846, 0.11501371775534931], [0.33134007174983726, 0.164539845998138, 0.20619623634214918, 0.29792384590987564], [0.3164422015085865, 0.1559084802239407, 0.15462921231308654, 0.37302010595438656], [0.22768751567441892, 0.1897748045576658, 0.12085956213834088, 0.46167811762957445], [0.09695072313785907, 0.7518813428709138, 0.046047870471927, 0.10512006351930026], [0.47132433034316706, 0.19189786767074046, 0.1370280780942401, 0.19974972389185244], [0.25046768020405374, 0.3116982104586743, 0.11022963562263619, 0.32760447371463575], [0.09310259891610782, 0.24492087408935972, 0.24447732640993725, 0.4174992005845954], [0.1723568553570991, 0.5165297783009569, 0.1137519274057572, 0.19736143893618674], [0.22595864446983768, 0.39777674608735114, 0.14430898556537278, 0.2319556238774384], [0.344966505807152, 0.3497938663538181, 0.11035339374826711, 0.19488623409076267], [0.6665787928568182, 0.13808510613990257, 0.04618376836431275, 0.14915233263896666], [0.4428913859628734, 0.21087300494203362, 0.11504245794508404, 0.23119315115000896], [0.07394622259789584, 0.7562309155908088, 0.06190216747962985, 0.10792069433166589], [0.27316912212863736, 0.3331003082665203, 0.17761184372911226, 0.2161187258757302], [0.2247992329400764, 0.33191635505360184, 0.14001485589853652, 0.30326955610778533], [0.3086314952508934, 0.36323405267771247, 0.16774528483782208, 0.1603891672335722], [0.20547014717748627, 0.2809136722563035, 0.2389610013740544, 0.27465517919215593], [0.12365390450436077, 0.29889571773123685, 0.06544600501864753, 0.5120043727457549], [0.11064982723826691, 0.696366593328249, 0.06832502807992294, 0.12465855135356098], [0.4106737208191421, 0.18801482493596536, 0.15621004630853022, 0.2451014079363624], [0.18444270232753995, 0.13527727585622168, 0.09197242269099826, 0.5883075991252401], [0.211360131157139, 0.32678570552266967, 0.22028462573318422, 0.2415695375870073], [0.2111265438604433, 0.2869637855701219, 0.2545843897610007, 0.2473252808084341], [0.1813806554552958, 0.34718441556438984, 0.33649184514540076, 0.1349430838349135], [0.3234139817613195, 0.23743147722279426, 0.1308211844920213, 0.3083333565238649], [0.21976741425392313, 0.3929130740712675, 0.13131645832355943, 0.25600305335125007], [0.35686185456114156, 0.11944559150974203, 0.29920469138130923, 0.22448786254780723], [0.35517403759508276, 0.11044438565711055, 0.40597147126596306, 0.12841010548184373], [0.4603782194764014, 0.20818146873368043, 0.1566433117139269, 0.17479700007599117], [0.22559779809952984, 0.36063457928758985, 0.22752574851927784, 0.18624187409360268], [0.2658931679346202, 0.24823671549499832, 0.2890542521610209, 0.1968158644093604], [0.16763335174320962, 0.544403179139288, 0.0955689912390196, 0.19239447787848282], [0.20893115340254628, 0.33280239698594305, 0.09350764527359794, 0.3647588043379128], [0.30106515416659874, 0.3637917929462686, 0.12487009296402546, 0.21027295992310738], [0.2588961120401298, 0.3193787692831273, 0.12638835983013658, 0.2953367588466065], [0.09188533667113222, 0.37222975214336146, 0.09068812117290966, 0.44519679001259677], [0.2854318302112719, 0.18300014930159605, 0.32564757344074974, 0.20592044704638235], [0.4239211696395796, 0.1678398701214718, 0.12408956969294781, 0.28414939054600075], [0.13240990822240145, 0.23958536148863221, 0.22583664494909156, 0.40216808533987486], [0.19753936786145768, 0.22476810294043384, 0.2883999495265688, 0.2892925796715396], [0.2669793276240171, 0.4238733400525868, 0.18722811327186903, 0.12191921905152707], [0.31771343375065786, 0.2134118233076029, 0.20440873584621927, 0.2644660070955198], [0.21826606646793545, 0.4405323233240545, 0.21348263224053912, 0.12771897796747092], [0.09824064106942022, 0.304241633249448, 0.3305440978465009, 0.2669736278346309], [0.14076173913742254, 0.19992813215942776, 0.21321551210129103, 0.44609461660185873], [0.08521968630170491, 0.6675188915733871, 0.06541174802010234, 0.18184967410480574], [0.42424938909270665, 0.2937336021806466, 0.11427552052502483, 0.16774148820162196], [0.33267260541174914, 0.37750444351152945, 0.10920157467170542, 0.1806213764050161], [0.37595952590357545, 0.2714228841362008, 0.07117064017529594, 0.2814469497849278], [0.11107345496096607, 0.3528113713014119, 0.30030176456360885, 0.23581340917401308], [0.4375867888814802, 0.20743289532882367, 0.09404558593079401, 0.2609347298589022], [0.44423274252538003, 0.2331783608267234, 0.133657199513575, 0.1889316971343216], [0.17264794975566233, 0.2533679764016917, 0.17613699005040592, 0.39784708379224026], [0.5829043846784671, 0.08458935105302734, 0.0744307026037944, 0.25807556166471113], [0.1758214073863939, 0.3933378279501478, 0.09248494864578406, 0.3383558160176744], [0.10198918287553016, 0.4849997220591194, 0.2033071720490957, 0.20970392301625482], [0.28836267989688397, 0.3292384200000657, 0.1465095326196355, 0.23588936748341496], [0.11468585081724972, 0.5984619148745612, 0.08315136386971558, 0.20370087043847343], [0.10814496636795452, 0.5641099449842522, 0.10695352949350939, 0.22079155915428392], [0.2644795533910574, 0.37583084567146696, 0.1233556585983601, 0.23633394233911548], [0.47863164484383425, 0.18674405745627215, 0.04593515145430127, 0.2886891462455923], [0.14147452138521258, 0.3514357634207483, 0.2980638741508925, 0.20902584104314662], [0.20031282069373466, 0.17007995306744875, 0.10535215571620687, 0.5242550705226097], [0.36177818613976664, 0.4440820180670254, 0.07383156702001195, 0.12030822877319607], [0.21461709443850477, 0.31224602615197783, 0.09470984738333445, 0.3784270320261829], [0.19565223750033717, 0.41082522797172394, 0.17259195626896282, 0.22093057825897608], [0.23572988625269778, 0.3161527486553328, 0.1552962841461512, 0.29282108094581827], [0.1358802262226125, 0.5500558718988547, 0.09841650311823621, 0.21564739876029657], [0.0826817132328586, 0.5928480263675553, 0.0743293525620345, 0.25014090783755166], [0.4325338287281545, 0.37308763341527984, 0.07113325868143147, 0.12324527917513435], [0.4091390698368009, 0.3116675887661395, 0.1320287605621392, 0.14716458083492037], [0.15826637907063773, 0.42018835600037374, 0.16253888648989898, 0.2590063784390895], [0.21714986338543388, 0.4097292330964761, 0.09326404451577881, 0.27985685900231133], [0.08752139922925202, 0.22529391094716494, 0.22555093012890468, 0.46163375969467824], [0.09671880563247655, 0.2008429316467362, 0.22778343925422267, 0.4746548234665647], [0.17140542325221433, 0.35204626642640946, 0.10273688859152696, 0.37381142172984927], [0.243822736153377, 0.3827548904060159, 0.18684891575357185, 0.18657345768703537], [0.11389223826308242, 0.4198521606688222, 0.30561462957755897, 0.1606409714905364], [0.15959653038584853, 0.48969990628112686, 0.1521299593041014, 0.1985736040289233], [0.16608131899406994, 0.3705400653383658, 0.2902544410852612, 0.1731241745823031], [0.19242694826291581, 0.40047411719025583, 0.1339004229525649, 0.2731985115942634], [0.2618875266298199, 0.2797422809174734, 0.3171657453353395, 0.14120444711736738], [0.13700919734853287, 0.11404117604276637, 0.5237821274395933, 0.2251674991691074], [0.19721905128450534, 0.11701645765551007, 0.09146593618200624, 0.5942985548779783], [0.26944571559850444, 0.226709723232315, 0.21269284251838852, 0.29115171865079204], [0.23024368207093604, 0.25911197636502137, 0.15649065460302922, 0.3541536869610134], [0.13727601437621756, 0.2269894200017496, 0.06933524740313025, 0.5663993182189027], [0.11579497333847588, 0.4276440021697281, 0.13425009972180713, 0.32231092476998907], [0.12440969359374328, 0.276516778375294, 0.45435592477595255, 0.1447176032550102], [0.09562190491517747, 0.2875726124369185, 0.15079838064514894, 0.466007102002755], [0.3610001099948679, 0.21619113230025325, 0.20820155112588812, 0.2146072065789907], [0.15671774673796282, 0.42837067656732286, 0.26625235056598445, 0.14865922612872992], [0.36163210726831946, 0.39576155935650636, 0.0667345758547202, 0.17587175752045398], [0.18652669876156955, 0.34186170702956353, 0.15660472698211247, 0.3150068672267543], [0.25548938784576386, 0.26265404607080534, 0.32321136819054164, 0.1586451978928892], [0.25673276738711004, 0.24856229072940414, 0.29161868117854456, 0.20308626070494123], [0.34045038652463605, 0.3753983639803637, 0.09819797027778067, 0.18595327921721963], [0.11517472812657809, 0.7125024444605305, 0.041559890900689275, 0.13076293651220228], [0.20267424972674794, 0.49045561928723563, 0.1410655666254493, 0.1658045643605673], [0.3997230243585755, 0.3036729143540172, 0.09778069064492652, 0.19882337064248087], [0.22607377145369248, 0.37476922046707956, 0.2249549956558561, 0.17420201242337185], [0.22541352353055985, 0.2763295897318464, 0.37889261929252116, 0.11936426744507266], [0.22378577679802086, 0.35051666141011867, 0.11722923813600616, 0.3084683236558543], [0.2772365128685143, 0.2733905997685834, 0.08214367329337492, 0.3672292140695275], [0.4143226048156779, 0.2094242540780999, 0.08971669976545818, 0.28653644134076417], [0.16835459676421888, 0.404577497044608, 0.06027992351319161, 0.36678798267798146], [0.19877432869067768, 0.2640628370288869, 0.132617810678076, 0.4045450236023594], [0.6909156607586977, 0.15756116075489288, 0.05177279746360711, 0.09975038102280237], [0.22235545451678593, 0.32369925762539736, 0.14330097951496393, 0.310644308342853], [0.17666919808988674, 0.3883731538851335, 0.16488858222746985, 0.27006906579750983], [0.2272931131818725, 0.1841120424622836, 0.17420362534273243, 0.4143912190131115], [0.19532868033656178, 0.3055796482615835, 0.13406594285823584, 0.36502572854361887], [0.23893890799502443, 0.3674117328929394, 0.07818616462056895, 0.31546319449146737], [0.08931992857584005, 0.5315445744234352, 0.24336353749717302, 0.1357719595035519], [0.08100546591729652, 0.5448009057388636, 0.17886239726620978, 0.1953312310776301], [0.5902984332487499, 0.19064701250662194, 0.0666261050781104, 0.15242844916651774], [0.2481491477242442, 0.24513643763915083, 0.11502821590112447, 0.3916861987354804], [0.18558564490283716, 0.31513812026292254, 0.14823962048577122, 0.35103661434846917], [0.07012291605965375, 0.20097160469504893, 0.5109979235758187, 0.21790755566947867], [0.23363608849037862, 0.37817831524715717, 0.14577379406346327, 0.24241180219900096], [0.22791941007225658, 0.1829948696601885, 0.40903214308795033, 0.1800535771796049], [0.16491723059282362, 0.22180078258490063, 0.29144757756898015, 0.32183440925329576], [0.28067689192091344, 0.39390287540172425, 0.11074977427583586, 0.2146704584015266], [0.17923400107996712, 0.3922352016917494, 0.12321169854745977, 0.3053190986808238], [0.24027843599127954, 0.25174903499456786, 0.08028176587718658, 0.4276907631369659], [0.18569185802807786, 0.20785366737242936, 0.17910384724697329, 0.4273506273525196], [0.4223485906895505, 0.1934247746394561, 0.07595762541936048, 0.3082690092516328], [0.28297659511860485, 0.09117780779300695, 0.05115550986860009, 0.5746900872197881], [0.32469190048842983, 0.1553118437532375, 0.21915759511889402, 0.30083866063943887], [0.11836208546298084, 0.5205911924431186, 0.2183730401318286, 0.14267368196207203], [0.15370505755767006, 0.3260691343005375, 0.09286985946227455, 0.42735594867951787], [0.20106721489741883, 0.27434545008828887, 0.2550142364785908, 0.26957309853570144], [0.4291700603304572, 0.23246160339914018, 0.09207426436226653, 0.24629407190813613], [0.27293455596359295, 0.3538988154598945, 0.1459917566229494, 0.22717487195356317], [0.19897453709503543, 0.3242598370834395, 0.16410157068720943, 0.3126640551343155]]}}