{"test": {"ids": ["109118820", "109119450", "108121190", "100116790", "101112160", "105112240", "101111310", "110117110", "97116790", "104117200", "109114720", "97105960", "103111930", "112117030", "110114950", "113122180", "111119950", "102114270", "104110960", "107121640", "108114180", "106116441", "110116290", "105118230", "101111210", "113117630", "110115140", "102113981", "99111440", "98111860", "110121140", "97113260", "107113170", "111121190", "111115910", "107115140", "109114030", "97105451", "113122430", "105121370", "110120560", "113119360", "110114920", "112118421", "97116500", "104114230", "99107660", "113121190", "104116980", "107113200", "113118231", "113119120", "110116441", "107114621", "98116090", "102112030", "112121410", "100108520", "111120190", "109119591", "98109090", "102109010", "106117770", "99108890", "98106111", "109114270", "104111780", "99119830", "102118380", "111120260", "97112830", "101119591", "112120670", "97112170", "111118910", "113122320", "97105760", "107114780", "112121010", "103120730", "106116820", "98108370", "110117080", "99111930", "108114040", "110113931", "104113380", "110117870", "112116800", "107117010", "104111620", "101111990", "112116900", "111114121", "105112260", "99112300", "99110050", "101114990", "108121410", "107114490", "104111830", "110120531", "100110260", "108117720", "112117660", "111116411", "99114890", "104113240", "110118630", "98109311", "100120010", "109116040", "111119250", "103109021", "98107410", "108120621", "99108460", "103111480", "103111540", "113120591", "110120700", "103110100", "109117080", "104114410", "101108370", "108113740", "101112540", "98107380", "108115500", "103117461", "104111711", "113122650", "113121680", "111119610", "109117431", "104111880", "100111390", "113119320", "104111990", "103113270", "110116170", "109114651"], "labels": [3, 3, 1, 2, 3, 1, 3, 0, 2, 3, 0, 2, 3, 2, 0, 2, 0, 3, 2, 1, 1, 0, 2, 1, 2, 0, 0, 1, 3, 0, 3, 1, 0, 1, 2, 0, 1, 0, 2, 2, 0, 0, 3, 3, 2, 2, 3, 1, 1, 0, 3, 3, 3, 0, 0, 2, 0, 2, 3, 0, 1, 1, 0, 0, 0, 3, 3, 1, 1, 3, 2, 0, 2, 0, 0, 1, 0, 2, 2, 1, 1, 1, 1, 1, 0, 1, 1, 3, 0, 1, 0, 2, 3, 0, 3, 0, 3, 3, 0, 3, 3, 0, 3, 1, 0, 0, 2, 2, 1, 1, 0, 0, 1, 0, 3, 1, 0, 0, 1, 0, 2, 1, 1, 1, 1, 3, 2, 1, 3, 0, 1, 2, 1, 2, 1, 3, 2, 1, 2, 2, 0, 3], "predicted_labels": [0, 3, 3, 1, 1, 3, 0, 1, 1, 1, 3, 0, 0, 3, 0, 3, 0, 1, 1, 1, 1, 1, 0, 1, 3, 3, 3, 0, 3, 2, 0, 3, 3, 0, 1, 3, 0, 1, 1, 1, 3, 3, 1, 3, 1, 0, 0, 0, 3, 0, 3, 1, 3, 3, 1, 2, 0, 3, 3, 1, 3, 2, 3, 0, 2, 3, 1, 2, 2, 3, 2, 1, 1, 3, 3, 1, 3, 1, 3, 3, 0, 3, 3, 2, 2, 0, 3, 3, 3, 1, 0, 2, 3, 3, 1, 3, 3, 2, 3, 3, 1, 0, 0, 3, 3, 3, 1, 1, 1, 1, 2, 3, 3, 3, 0, 1, 3, 1, 0, 0, 3, 1, 1, 2, 3, 3, 1, 2, 1, 3, 1, 2, 1, 2, 0, 2, 3, 1, 1, 2, 0, 3], "confidence_scores": [[0.6443231735158608, 0.15113306527654574, 0.0035992202823760806, 0.2009445409252174], [0.007526238732099482, 0.15960225610003873, 0.013203168267082703, 0.819668336900779], [0.0008773878839999837, 0.3387649828934894, 0.2328435320168338, 0.42751409720567685], [0.037216989032574074, 0.6915452370782148, 0.17391393006184716, 0.09732384382736403], [0.0009180893375720143, 0.987534968588456, 0.006844902613056493, 0.004702039460915588], [0.015619210361096808, 0.08404502493906492, 0.09245795993750618, 0.8078778047623322], [0.7790373421429017, 0.043116871102335405, 0.1708375670998907, 0.0070082196548722775], [0.23689215782555467, 0.7173285297767108, 0.002179743139231344, 0.04359956925850313], [0.13763125175952795, 0.7346142016346295, 0.11341547749648886, 0.014339069109353494], [0.008680252819555492, 0.9035608444089389, 0.03761513040507211, 0.05014377236643338], [0.0003403342122321971, 0.30357385272472154, 0.01375984833604101, 0.6823259647270052], [0.6862977449707941, 0.05390495742520893, 0.06882231705075804, 0.19097498055323892], [0.6480290867230185, 0.22368594753847673, 0.07043518299513589, 0.057849782743368716], [0.02580986733581589, 0.07734578060428589, 0.14669621533743657, 0.7501481367224617], [0.5194510214963494, 0.0023740383622870265, 0.0027563777751965454, 0.47541856236616714], [0.0019314816852912095, 0.0009546710316531817, 0.001477638016371601, 0.995636209266684], [0.8796058338500815, 0.0024779709455433553, 0.002218190611690078, 0.11569800459268494], [0.0004689297967982428, 0.9215798977042787, 0.048133366682062265, 0.02981780581686075], [0.06179985188164937, 0.7366436290012088, 0.08132665475838269, 0.12022986435875903], [0.18313638578936256, 0.3810291397968695, 0.2818325780531315, 0.1540018963606365], [0.09690529372907981, 0.8349744679877558, 0.005482693352284898, 0.06263754493087943], [0.002454864952151284, 0.9442958012649293, 9.255098788841207e-05, 0.05315678279503112], [0.9661009126995257, 0.015364765637226913, 0.0036060051664078266, 0.014928316496839624], [3.141275023708403e-05, 0.9985054551164234, 0.0013071443753015384, 0.00015598775803779032], [0.0018212582879479913, 0.03132401449905084, 0.00010128321622907075, 0.966753443996772], [0.16216677217499573, 8.142327641483324e-05, 0.002347761764369358, 0.8354040427842202], [0.04279457683767432, 0.015000940702144675, 0.01259759513132162, 0.9296068873288593], [0.5203380392340888, 0.005006625416496838, 0.0023561760473062893, 0.47229915930210814], [0.02356002464528014, 0.011214167943865382, 0.0005156749973864246, 0.964710132413468], [4.789005217383795e-05, 0.016106097511804713, 0.9815933035031612, 0.002252708932860359], [0.874911585543494, 0.025021446362333707, 0.015603925119710873, 0.08446304297446133], [0.05004818113388866, 0.100135213938268, 0.3583303007087032, 0.49148630421914014], [0.027158550167308577, 0.0001801523755825012, 0.010993417288931256, 0.9616678801681777], [0.9380021628046449, 0.002330777388729448, 0.0004920555033356567, 0.05917500430329007], [0.0014745207446683578, 0.9659903115186669, 2.938116335099764e-05, 0.03250578657331386], [0.0011978345246285952, 0.00018074570727305396, 0.009059407972083268, 0.989562011796015], [0.8738352366293206, 0.1054202138345222, 0.00851650440514038, 0.01222804513101673], [0.0039956014993450615, 0.9322028824921027, 0.00022786787148354687, 0.06357364813706869], [0.003162108950024867, 0.9899030641219531, 0.0008925585232917196, 0.006042268404730455], [0.004040058596611221, 0.9893496717317578, 0.001802069058733636, 0.004808200612897515], [0.01332243073082944, 0.00021547357730358565, 0.0070078871844986975, 0.9794542085073683], [0.02904124135100816, 0.00013680890232060296, 0.0067186681244241825, 0.964103281622247], [0.06348297966090977, 0.9222807727925733, 0.012079768019439097, 0.0021564795270777566], [0.030730495624915716, 0.04894987224389863, 6.788859601867033e-05, 0.9202517435351669], [0.026769091569101608, 0.4246945643801203, 0.3424044048099213, 0.20613193924085688], [0.6655259513502239, 0.02402136223521123, 0.2160169870981574, 0.09443569931640756], [0.6644895770345899, 0.01674068436663666, 0.0037598859966188705, 0.31500985260215464], [0.4573373652515051, 0.058569429117964526, 0.033178065127103966, 0.45091514050342646], [0.0004407717851908162, 0.1287133114148287, 0.05066709649296958, 0.8201788203070108], [0.7420510599627675, 0.09594091618729832, 0.005510899702848861, 0.15649712414708541], [0.007663657150459671, 0.18701317778747265, 0.10369554318558442, 0.7016276218764833], [0.09765986437824387, 0.5276665830056155, 0.0007437383079904805, 0.3739298143081501], [0.0010550064643672988, 0.20032589436606726, 0.01108418203628647, 0.7875349171332789], [0.053541851259614456, 0.0006524384882576721, 3.5581293131689905e-05, 0.9457701289589961], [0.0018313879019980239, 0.5917124740410988, 0.0029941590863133854, 0.40346197897058966], [0.046421222565497695, 0.025781467487120718, 0.7788052814730472, 0.14899202847433435], [0.8681675540604122, 0.03255293790348178, 0.01781570563293975, 0.08146380240316628], [0.0001522955144282167, 0.004071765476383817, 0.26599234595966376, 0.7297835930495242], [0.003439963931964784, 0.0015610985974545972, 0.0035187851621842265, 0.9914801523083965], [0.0037130927944907166, 0.9211364812962866, 0.06983759015568944, 0.005312835753533314], [0.007887991665334689, 0.006832209666600788, 0.0249510540126024, 0.9603287446554621], [0.15316824444454444, 0.15965253325622017, 0.6204026302795899, 0.06677659201964538], [0.3478125485932062, 0.002129184406923772, 0.24945282461441898, 0.40060544238545104], [0.6976983627038585, 0.18890251770697802, 0.06527711880486663, 0.04812200078429681], [0.2411531353427812, 0.17038484702387807, 0.5159633157173925, 0.07249870191594811], [0.04611604901542028, 0.0016387631435923983, 1.4137924607389735e-05, 0.95223104991638], [0.11865738068626647, 0.5828169573092563, 0.025874008118456353, 0.2726516538860209], [0.09120733378488922, 0.028512877242405654, 0.4564150765198143, 0.4238647124528909], [0.008560335135815165, 0.22109415818063835, 0.7352515799114188, 0.035093926772127734], [0.15070783915402663, 0.03963846383197209, 0.0007695499045806435, 0.8088841471094206], [0.0006935948488185821, 0.014800530693723673, 0.8978299945690151, 0.08667587988844264], [0.03948964955993629, 0.5188824045001805, 0.003663168689529551, 0.43796477725035354], [0.0017049239549220818, 0.9769606004157725, 0.0010901315894568209, 0.02024434403984854], [0.05129046241622151, 0.37730664854454277, 0.021542326077609912, 0.5498605629616258], [0.0021743787123786, 0.0009239613492230305, 0.00425513888155905, 0.9926465210568393], [0.011257875047298308, 0.49842385159491437, 0.05382464949840516, 0.4364936238593821], [0.4291498891334378, 0.03527850839748443, 0.0075844373061415464, 0.5279871651629362], [0.0003247806231154745, 0.9279239005787182, 0.013067395211660315, 0.05868392358650594], [0.00651410695167407, 0.16006191142956322, 0.20660598369945068, 0.626817997919312], [0.03697436570293422, 0.2790427149319575, 0.0015540923122062474, 0.6824288270529021], [0.9782118794334299, 0.00482821567025765, 0.01408020309045328, 0.002879701805859057], [0.1359324599868905, 0.002362685652505918, 0.12099360303269686, 0.7407112513279067], [0.0011582434530317699, 0.004789959987320305, 0.020876470860283415, 0.9731753256993645], [0.02430321018535646, 0.15401436544511765, 0.7672567661979354, 0.054425658171590535], [0.021237807291360378, 0.022198101140031058, 0.6282554968713013, 0.32830859469730717], [0.5318488446509221, 0.010448814118919843, 0.0077646775183355474, 0.4499376637118227], [0.16374501023452329, 0.0012277259151916439, 0.002902512223508428, 0.8321247516267766], [0.032735756801729146, 0.00018964193161882163, 0.0001689434727106906, 0.9669056577939413], [0.009030152772441173, 0.054474839098890775, 0.0009124380023729024, 0.9355825701262951], [0.03135268613144265, 0.4931699671500868, 0.46773350196170543, 0.007743844756765165], [0.37269690316097814, 0.34093966281092325, 0.09136065929960353, 0.19500277472849503], [0.38541654029519834, 0.038258187256214424, 0.506263408984888, 0.07006186346369929], [0.31367148382543875, 0.018113896721590354, 0.11486517545893873, 0.5533494439940322], [0.11782361719827499, 0.1397759134807069, 0.048274199411636895, 0.6941262699093811], [0.0019889631295402156, 0.6932220005284886, 0.00352813937869326, 0.30126089696327785], [0.04705059442161723, 0.0061062879470779345, 0.006228822949534479, 0.9406142946817704], [0.11467005672700202, 0.17503667085667088, 0.0012023917702779611, 0.7090908806460492], [0.02201144579799539, 0.108508156017548, 0.683279494437145, 0.18620090374731163], [0.018207941809135153, 0.17406844769432206, 0.00025226868264492766, 0.8074713418138978], [0.0031939490599642343, 0.02934110395296637, 0.024811965793962904, 0.9426529811931066], [0.0022203104526435473, 0.8775234583567352, 0.006007720100891626, 0.1142485110897296], [0.8696079518834839, 0.0833726677179311, 0.0032478940246332714, 0.043771486373951736], [0.5411256546325515, 0.016402248305781787, 0.0008213153974950179, 0.4416507816641717], [0.016069847823929558, 0.014714343875000499, 0.006918485707883089, 0.9622973225931869], [0.31578202458576554, 0.09984064003258801, 0.045237393348552826, 0.5391399420330936], [0.12064221473093922, 0.0011994277062624154, 0.0010930305259647978, 0.8770653270368337], [2.531031967196945e-05, 0.9819252620858504, 0.012129050034657191, 0.00592037755982044], [0.0022701610752659924, 0.9973459350425004, 0.0003730444988622185, 1.0859383371636229e-05], [0.01644138741290371, 0.4432075541539475, 0.10414338398808261, 0.436207674445066], [0.01041212480103762, 0.9717058295718077, 0.011152386115772338, 0.006729659511382318], [0.0062366217167596286, 0.013788084561983441, 0.7603652090646383, 0.21961008465661866], [0.0019931396732824178, 0.025112344384602997, 0.0007719274700991378, 0.9721225884720155], [0.48205979871008403, 0.01885890769944027, 0.005534525161593139, 0.4935467684288826], [0.26824086775524547, 0.0037185223271882254, 0.0013728454640506574, 0.7266677644535157], [0.7844744926512892, 0.007474123492013841, 0.0010652847996155718, 0.20698609905708135], [0.12754714793879487, 0.6182813893380817, 0.020240745333850348, 0.23393071738927307], [0.004622580881832588, 0.26850115868790053, 0.22024740534685544, 0.5066288550834115], [0.16493878631286535, 0.5762194730699209, 0.007086042668531827, 0.25175569794868186], [0.9262132211869152, 0.03430191584855558, 0.017491504435031644, 0.021993358529497672], [0.5370026391197223, 0.22915195551718287, 0.07945140028188633, 0.15439400508120846], [0.003577095491584134, 0.0092374316262798, 0.0099528524130518, 0.9772326204690843], [0.005642870243285497, 0.8738100853657399, 0.08464368235474237, 0.035903362036232185], [0.00022933620469041326, 0.9953748190744536, 0.004092926131428525, 0.00030291858942741763], [0.003263599545564358, 0.3275908861236236, 0.48611015418542775, 0.1830353601453845], [0.0012150171087028966, 0.06699846836514887, 0.00015922631504330435, 0.9316272882111049], [0.08807543955565536, 0.00011212520043506224, 0.008075200976470064, 0.9037372342674395], [0.011708958974432259, 0.5924847999560592, 0.09906095653973063, 0.29674528452977794], [0.2115945989644146, 0.004441726697920685, 0.5678770492749332, 0.2160866250627315], [0.07458571174345908, 0.9029746026692308, 0.01170234563169151, 0.01073733995561856], [0.02023155618229768, 0.2187859581125249, 0.00453930381240687, 0.7564431818927705], [0.2690392774470047, 0.6151626494273131, 0.003351299465661841, 0.11244677366002037], [0.003378633755965169, 0.014487099060008649, 0.9648285453153046, 0.017305721868721594], [0.08003956193636198, 0.6659719115107005, 0.19055383200407974, 0.06343469454885765], [0.07135229235119425, 0.00398601823947214, 0.690469189797217, 0.23419249961211655], [0.942972721505327, 0.0006844579968354146, 0.0007437034238379576, 0.05559911707399973], [0.008073633347971967, 0.11174719231982218, 0.5239094239296329, 0.35626975040257297], [0.023982617818354698, 0.022638922772223503, 0.2391925000262277, 0.7141859593831941], [0.4405208920223781, 0.5495018474944873, 0.0035315990472806658, 0.006445661435853962], [0.0798078070177887, 0.8015749774974525, 0.11409283839834594, 0.004524377086412817], [0.0014890394278924818, 0.04170382377520097, 0.8091276181541349, 0.14767951864277157], [0.4464999368383731, 0.010088417934479708, 0.266958511554767, 0.2764531336723802], [0.04552743700436681, 0.030650716716955934, 0.0032539721315695174, 0.9205678741471076]]}, "rewritten": {"ids": ["97105451", "97105760", "97105960", "97112170", "97112830", "97113260", "97116500", "97116790", "98106111", "98107380", "98107410", "98108370", "98109090", "98109311", "98111860", "98116090", "99107660", "99108460", "99108890", "99110050", "99111440", "99111930", "99112300", "99114890", "99119830", "100108520", "100110260", "100111390", "100116790", "100120010", "101108370", "101111210", "101111310", "101111990", "101112160", "101112540", "101114990", "101119591", "102109010", "102112030", "102113981", "102114270", "102118380", "103109021", "103110100", "103111480", "103111540", "103111930", "103113270", "103117461", "103120730", "104110960", "104111620", "104111711", "104111780", "104111830", "104111880", "104111990", "104113240", "104113380", "104114230", "104114410", "104116980", "104117200", "105112240", "105112260", "105118230", "105121370", "106116441", "106116820", "106117770", "107113170", "107113200", "107114490", "107114621", "107114780", "107115140", "107117010", "107121640", "108113740", "108114040", "108114180", "108115500", "108117720", "108120621", "108121190", "108121410", "109114030", "109114270", "109114651", "109114720", "109116040", "109117080", "109117431", "109118820", "109119450", "109119591", "110113931", "110114920", "110114950", "110115140", "110116170", "110116290", "110116441", "110117080", "110117110", "110117870", "110118630", "110120531", "110120560", "110120700", "110121140", "111114121", "111115910", "111116411", "111118910", "111119250", "111119610", "111119950", "111120190", "111120260", "111121190", "112116800", "112116900", "112117030", "112117660", "112118421", "112120670", "112121010", "112121410", "113117630", "113118231", "113119120", "113119320", "113119360", "113120591", "113121190", "113121680", "113122180", "113122320", "113122430", "113122650"], "labels": [0, 0, 2, 0, 2, 1, 2, 2, 0, 1, 3, 1, 1, 1, 0, 0, 3, 0, 0, 3, 3, 1, 0, 2, 1, 2, 3, 2, 2, 0, 1, 2, 3, 2, 3, 2, 3, 0, 1, 2, 1, 3, 1, 0, 1, 0, 1, 3, 2, 0, 1, 2, 0, 1, 3, 3, 3, 2, 2, 1, 2, 1, 1, 3, 1, 3, 1, 2, 0, 1, 0, 0, 0, 3, 0, 2, 0, 1, 1, 3, 0, 1, 3, 1, 1, 1, 0, 1, 3, 3, 0, 0, 1, 1, 3, 3, 0, 1, 3, 0, 0, 0, 2, 3, 1, 0, 3, 1, 0, 0, 2, 3, 0, 2, 0, 0, 1, 2, 0, 3, 3, 1, 0, 3, 2, 0, 3, 2, 2, 0, 0, 3, 3, 1, 0, 0, 1, 1, 2, 1, 2, 2], "predicted_labels": [0, 3, 3, 1, 2, 3, 1, 1, 2, 2, 0, 3, 3, 1, 2, 3, 3, 1, 0, 1, 3, 2, 3, 1, 2, 3, 0, 3, 2, 2, 1, 3, 1, 0, 1, 3, 1, 0, 0, 2, 0, 1, 3, 3, 3, 1, 0, 0, 3, 1, 3, 3, 3, 1, 3, 1, 3, 2, 1, 3, 2, 0, 2, 0, 3, 1, 1, 1, 3, 0, 2, 3, 0, 3, 3, 2, 3, 1, 2, 3, 2, 1, 1, 3, 3, 2, 3, 1, 3, 0, 1, 3, 1, 0, 0, 3, 2, 0, 1, 3, 3, 0, 0, 3, 2, 1, 3, 0, 0, 3, 3, 3, 3, 1, 3, 3, 3, 2, 0, 3, 3, 0, 1, 3, 3, 3, 3, 3, 3, 1, 0, 2, 1, 1, 3, 3, 1, 3, 3, 1, 1, 2], "confidence_scores": [[0.4547733294855436, 0.40172016409491723, 0.00012156694724474152, 0.14338493947229447], [0.11091936064396625, 0.34546636540766035, 0.04029604048166474, 0.5033182334667088], [0.25165462979465847, 0.001098122878229874, 0.00604250600251329, 0.7412047413245985], [0.008346415117616664, 0.7997251030600874, 0.0704263304394497, 0.12150215138284641], [0.0008726299211173367, 0.008790791470248489, 0.9833634903217775, 0.006973088286856547], [0.05358423613295385, 0.28822635749635206, 0.13400633214478175, 0.5241830742259124], [0.029187191250801228, 0.8709573780159887, 0.07540503196007523, 0.024450398773134773], [0.17455089104431432, 0.47947287991846627, 0.21698971084270444, 0.12898651819451493], [0.03252326989871485, 0.0185436510310019, 0.9405659702933618, 0.008367108776921544], [0.4555983167919601, 0.00024190620545943767, 0.5391857654265635, 0.004974011576016948], [0.9516159390113743, 0.002779751657353827, 0.0005037907107209586, 0.04510051862055099], [0.03614416316816642, 0.0021791753476089995, 0.14359730491842287, 0.8180793565658017], [0.017714588989583415, 0.02365960007169151, 0.034153459565318116, 0.924472351373407], [0.17174505388915842, 0.4380908994202779, 0.34724192620174266, 0.04292212048882106], [0.03382636782754675, 0.1501720295675864, 0.8089509627683963, 0.007050639836470433], [0.0021618663720754934, 0.496970197654884, 0.0028310341311674272, 0.49803690184187316], [0.15068648261049938, 0.023076706488308354, 0.0023317915109442766, 0.8239050193902481], [2.897373325214674e-05, 0.9952732449515532, 0.004378539216234953, 0.00031924209895957975], [0.3704709865501054, 0.14933201239630503, 0.12392333229485367, 0.3562736687587359], [0.004763592339228006, 0.9762923399335484, 0.0011413038627345645, 0.01780276386448904], [0.04026904037971183, 0.2796155220974576, 0.001620815045653712, 0.6784946224771768], [0.052793069427674456, 0.3001999400836124, 0.5807260833371634, 0.06628090715154984], [0.02270765056994678, 0.007571379705913464, 0.02500938871554061, 0.9447115810085991], [5.939248427753206e-06, 0.8498514911144467, 0.11819668102111498, 0.031945888616010484], [0.0659616626627662, 0.13789610532100793, 0.7630524224340178, 0.03308980958220809], [0.00018256498934494933, 0.0018580060328294904, 0.1746359195638383, 0.8233235094139872], [0.9379383819254649, 0.0068526347883029635, 0.006490813977609021, 0.048718169308623], [0.09128467187822184, 0.03650717550205783, 0.18195454449056403, 0.6902536081291564], [0.010390410557092061, 0.2920387563708148, 0.37662541258314114, 0.32094542048895197], [0.003672782606223847, 0.004240281351444935, 0.9399084737431338, 0.05217846229919736], [0.0404984420381395, 0.6777350299227162, 0.0013445100943940867, 0.28042201794475025], [0.0005364927172794863, 0.001260379211482323, 5.967164037596554e-06, 0.9981971609072005], [0.25078267464544496, 0.4383908922531584, 0.2737636719310937, 0.037062761170302945], [0.33967444344309317, 0.18889476952469172, 0.2611665025369994, 0.2102642844952157], [0.00031300840222509187, 0.9967872029435166, 0.0013051914044634972, 0.001594597249794804], [0.035380507687525105, 0.21802889364102404, 0.06581024460473217, 0.6807803540667187], [0.01265423406255567, 0.6379767231924278, 0.31538130245192725, 0.03398774029308929], [0.8493373605160374, 0.02210497053437009, 0.00721817379176821, 0.12133949515782443], [0.6193353997799184, 0.0610976471080103, 0.1355874123615773, 0.18397954075049408], [0.06060828394306361, 0.00585360718141249, 0.7111559042590372, 0.22238220461648664], [0.7852524169992813, 0.004478402267877119, 0.00392724470264276, 0.20634193603019887], [0.008493287219977982, 0.8803326745278677, 0.08809268398502501, 0.023081354267129314], [0.036538835433172705, 0.033815671538423055, 0.43671943957039705, 0.4929260534580071], [0.003818625608845291, 6.856465146293163e-05, 0.00012487026658896397, 0.9959879394731028], [0.04922567885613586, 0.15465581103150522, 0.06588415051610738, 0.7302343595962516], [0.005010457986943852, 0.9433757342882989, 0.0008434256288479827, 0.050770382095909304], [0.9834916782812637, 0.011521174180232059, 0.0036388313479632016, 0.0013483161905408463], [0.7301654767300453, 0.02734990320055431, 0.23868589344016122, 0.0037987266292392107], [0.0032873701702130814, 0.010043432229320162, 0.45386656176401297, 0.5328026358364538], [0.002335195460413236, 0.9806288574503834, 0.0027593036858781328, 0.014276643403325176], [0.14416744722932848, 0.2277904886671272, 0.001350591296405768, 0.6266914728071385], [0.00047304648859743456, 0.015218467490171634, 0.049934885686460054, 0.9343736003347708], [0.05055566135094584, 0.0003620948832697679, 0.001528835514011542, 0.9475534082517728], [0.043457264652968015, 0.9501696997653506, 0.0031551105659203835, 0.0032179250157610704], [0.012194590068656676, 0.4069665587800322, 0.09661519266163658, 0.48422365848967464], [0.011872962628249108, 0.9844127032394678, 0.0016623481320937248, 0.00205198600018931], [0.1509141811854738, 0.020039602132316283, 0.027343242386071737, 0.8017029742961381], [0.3617587414491031, 0.057060549861389406, 0.57409526863386, 0.007085440055647524], [0.0012515081118340907, 0.9986683855720953, 7.650624980978079e-05, 3.6000662607720685e-06], [0.3689858188823622, 0.0004380496005483967, 0.0006983673200128667, 0.6298777641970765], [0.15963638933816268, 0.07790436432579592, 0.44823968265157393, 0.3142195636844675], [0.4765559068953078, 0.13976747193942088, 0.35027091942110694, 0.03340570174416456], [0.0003225394849823565, 0.3885606938263257, 0.4742889945736696, 0.1368277721150224], [0.6934296377841724, 0.10707534534720974, 0.08899034997492775, 0.11050466689369019], [0.0029428945550291383, 0.058327232579109246, 0.08981846266234103, 0.8489114102035206], [0.0023256160253066083, 0.7579818964840852, 0.003530531755567135, 0.236161955735041], [0.0003376309343588322, 0.910755975264095, 0.013718699845385141, 0.07518769395616105], [0.0015595100373277735, 0.852802336466515, 0.14522591767261123, 0.00041223582354611417], [0.010635365045249178, 0.37621718798267384, 0.04417187771122657, 0.5689755692608505], [0.9978164717755363, 0.0003176520924009883, 0.0009302012535694193, 0.0009356748784932414], [0.11831409809488605, 0.004555178999397609, 0.6394872493611345, 0.23764347354458196], [0.042001620887023694, 0.0023678669370145247, 0.1144199512037366, 0.8412105609722251], [0.6877282021447454, 0.044505305050213016, 0.004298835572846452, 0.2634676572321952], [0.017692163919376825, 0.023183942619075908, 0.014704536176934437, 0.9444193572846128], [0.00773782717975151, 0.00010439840578507598, 5.171700406578406e-05, 0.9921060574103977], [2.002256528151929e-05, 0.4261220577176747, 0.5267314254612525, 0.04712649425579123], [0.003135782381519143, 0.006354439515494763, 0.01598124313329775, 0.9745285349696884], [0.039461201814405794, 0.5350017340210852, 0.4194861193994463, 0.006050944765062705], [0.31228433695446434, 0.19381105294433765, 0.3606163181745784, 0.1332882919266197], [0.09903904764069088, 0.0001467074932369426, 0.016286756246365584, 0.8845274886197065], [0.42664639041097496, 0.0035271822927637497, 0.5669218669901703, 0.0029045603060908047], [0.00020665496076803524, 0.9991705292324944, 0.00014615673369913922, 0.0004766590730384286], [0.011481732279815606, 0.98660025689185, 9.059004172446321e-05, 0.001827420786609938], [0.02717859450132364, 0.00872969620556083, 0.0033418157383397593, 0.9607498935547758], [0.06797585201248171, 0.3247254421416607, 0.022853647514133935, 0.5844450583317237], [0.0009505261287745973, 0.052242392437238556, 0.7361201692539222, 0.21068691218006458], [0.049847581649661, 0.2817061140821541, 0.000643238178495616, 0.6678030660896893], [0.3084122361846468, 0.6887544719319786, 0.00017120164599666342, 0.002662090237377823], [0.007212561786895427, 0.0010770273643072267, 8.815604234923638e-06, 0.9917015952445625], [0.6655125946763488, 0.01070658009839433, 0.0009965475131418799, 0.3227842777121148], [0.01697370141401713, 0.8118907530041118, 0.0027393015888025015, 0.16839624399306846], [0.002745855786165964, 0.005940245530395621, 0.0005894354351451715, 0.9907244632482932], [0.00010575892799211565, 0.9976563067298805, 0.0020431424353621144, 0.00019479190676534227], [0.8725702725642676, 0.047490977726966095, 0.028131380588579998, 0.051807369120186304], [0.9371563001470197, 0.0166916781542233, 0.0016481338459597141, 0.04450388785279736], [4.3498330342358925e-05, 0.0004578980952145737, 0.017384719166740205, 0.9821138844077029], [0.034446551803276104, 0.26966205452070185, 0.6897119279965842, 0.00617946567943781], [0.7043896990399934, 0.03327394803536901, 0.0005193785290665571, 0.26181697439557117], [5.8582429409282155e-06, 0.999947859434742, 4.623049528957018e-05, 5.1827027708299105e-08], [0.4867448591991475, 0.002124379213654836, 0.0004408994563926855, 0.5106898621308049], [0.4532812769633208, 0.025785511730076784, 0.06618127638270349, 0.45475193492389887], [0.4334160487434889, 0.01335857415201104, 0.27138252123291656, 0.2818428558715836], [0.9678292941710739, 0.010994004721898874, 0.018577015172751735, 0.0025996859342754058], [6.38333165796972e-06, 0.019547875992445576, 0.00011329999788686945, 0.9803324406780096], [0.0025788044359853633, 0.0855508197621208, 0.8542928196444696, 0.057577556157424346], [0.009064612705941619, 0.9892262634377822, 0.00040935776283669117, 0.0012997660934395883], [0.024937812813418753, 0.0074417205976359405, 0.002872805735709668, 0.9647476608532356], [0.4631850883656117, 0.2949084049428167, 0.05715275207286633, 0.18475375461870522], [0.9976702570535528, 0.001918534210072219, 0.00015937121637235932, 0.000251837520002675], [0.044330094226065556, 0.000671018870935278, 0.044177271292822284, 0.9108216156101769], [0.019451706722493144, 0.0001910994374098565, 0.005578097960977603, 0.9747790958791194], [0.004974449791234892, 0.03060325978134664, 0.0014289385769655355, 0.962993351850453], [0.270448688135392, 0.23704565106318284, 0.18626230254142292, 0.3062433582600022], [0.0010518237898283966, 0.8965314062150486, 0.00012204419001094456, 0.10229472580511229], [0.16761250376395997, 0.006512709908163925, 0.000684743411093216, 0.8251900429167829], [0.004004658534046447, 0.005771829541312604, 0.0022646097525097263, 0.9879589021721313], [0.2640366293530614, 0.05023024807740847, 0.048236145268832936, 0.6374969773006972], [0.2066440477717707, 0.08933822657315024, 0.6292864219751412, 0.07473130367993783], [0.7418261670909891, 0.007404070360097539, 0.006003107613890642, 0.24476665493502273], [0.0019203659933738255, 0.013518849379000794, 0.03904467781430609, 0.9455161068133193], [0.07280703004375695, 0.2100591993158933, 0.002338289994152436, 0.7147954806461974], [0.8139624499719681, 0.013113901259266009, 6.516746095821971e-05, 0.1728584813078078], [0.0998783492560495, 0.5728784807514246, 0.20756902176793948, 0.11967414822458648], [0.23333367273336147, 0.20502213124954663, 0.038835683301541746, 0.5228085127155502], [0.005234767524630185, 0.038672615805613125, 0.0024544794010606732, 0.953638137268696], [0.38475073894806705, 0.0423426206698992, 0.09721576393266577, 0.4756908764493681], [0.0029159740767206103, 0.0025493179124111208, 0.0009725108719667573, 0.9935621971389015], [0.0004487278807679203, 0.24181295655818374, 0.0004511760866069262, 0.7572871394744414], [0.00832047238694407, 0.11335050835132478, 0.26184387982688806, 0.6164851394348431], [0.06057316314132688, 0.9358970589338178, 0.0004224568000989293, 0.0031073211247564627], [0.5641088702883263, 0.0019013113358914895, 0.06266360739798844, 0.37132621097779367], [0.004608398302125064, 0.00749945213248268, 0.9307725266784527, 0.05711962288693969], [0.008384568845373575, 0.5712572227998121, 0.00034416020536773214, 0.4200140481494467], [0.06766003880779171, 0.7927429984420148, 0.009156883765527415, 0.13044007898466617], [0.11083318645519843, 0.15099069705927917, 0.00032767517922239206, 0.7378484413062999], [0.10120730978280072, 0.13494860955086632, 0.1728213478381875, 0.5910227328281454], [0.4741221488662876, 0.4783063516345664, 0.03642132707146049, 0.011150172427685468], [0.01605357437253083, 0.019820520278420534, 0.009964688305634474, 0.9541612170434142], [0.004633772880363303, 0.0008032073166436846, 0.0030397687148235966, 0.9915232510881695], [0.01051352673803448, 0.9464767978650094, 0.0068148543128326, 0.036194821084123516], [0.010765436582520887, 0.9637133638962485, 0.012077003158542111, 0.013444196362688359], [0.0009368920073100216, 0.029169055441906795, 0.9692583709958044, 0.000635681554978972]]}}