{"test": {"ids": ["102110690", "98107340", "103113101", "112117580", "108117451", "110121170", "106119990", "100115700", "102110500", "113121750", "107113360", "113120540", "113119700", "109118820", "104113380", "109117271", "104114740", "107121230", "111119580", "98111620", "102113210", "113121950", "99109161", "108114670", "107116340", "99109910", "107113260", "113120591", "104116441", "109116170", "110120640", "110115890", "103111480", "100111390", "106118301", "104117630", "107115140", "113122190", "101112160", "97116401", "97116500", "107117010", "103110050", "111116010", "105115570", "102112170", "111116750", "102112250", "112118581", "99113260", "97106600", "112118860", "97106970", "112116640", "102108621", "111119950", "98107410", "109114651", "113122170", "107121540", "113122120", "107114950", "104111550", "97107920", "97109080", "98108580", "97107260", "101108080", "101113210", "110117140", "97105451", "101115190", "111121190", "110115250", "105115250", "97107040", "99111440", "98110230", "98112170", "104116800", "107113840", "100112060", "111120260", "103120290", "107114780", "100109890", "112118550", "112119980", "107112840", "99107500", "110118301", "103113270", "106117790", "110116170", "99107300", "109113931", "98106111", "113119120", "110118121", "104109311", "111119250", "98106680", "105121190", "109115220", "106119580", "110121140", "111116640", "109113881", "102112030", "111114941", "112118620", "98116500", "107113550", "109118701", "106121190", "103111930", "106116850", "105117431", "112119930", "112116451", "105113480", "102109850", "107118820", "107114140", "107121700", "110120190", "104111531", "111120220", "111119610", "105112260", "111119340", "112117780", "113119340", "105113260", "104113240", "104112201", "104112470", "100117420", "99110730", "112120700", "97114170", "108118301"], "labels": [0, 0, 3, 0, 2, 2, 0, 1, 3, 0, 0, 3, 0, 3, 1, 0, 2, 0, 3, 3, 3, 3, 3, 3, 3, 2, 0, 0, 1, 0, 0, 2, 0, 2, 1, 0, 0, 1, 3, 3, 2, 1, 3, 1, 0, 3, 3, 0, 1, 0, 3, 3, 2, 0, 3, 0, 3, 3, 1, 2, 1, 3, 1, 0, 2, 0, 2, 0, 3, 3, 0, 1, 1, 1, 2, 2, 3, 3, 3, 1, 3, 2, 3, 2, 2, 3, 3, 0, 1, 0, 1, 2, 1, 0, 3, 1, 0, 3, 3, 3, 1, 1, 2, 3, 3, 3, 0, 0, 2, 0, 3, 2, 0, 3, 2, 3, 3, 1, 1, 0, 0, 1, 3, 2, 3, 3, 0, 3, 2, 3, 3, 0, 0, 3, 2, 0, 1, 2, 3, 2, 2, 1], "predicted_labels": [1, 2, 1, 1, 0, 3, 1, 0, 0, 0, 1, 0, 1, 2, 1, 0, 1, 3, 1, 1, 3, 1, 1, 3, 1, 1, 3, 1, 1, 1, 1, 1, 1, 1, 1, 0, 3, 3, 1, 3, 1, 1, 1, 1, 1, 3, 0, 1, 1, 3, 1, 2, 3, 3, 3, 1, 2, 0, 0, 2, 1, 1, 1, 1, 0, 1, 2, 1, 1, 1, 1, 1, 1, 1, 0, 0, 3, 1, 1, 3, 1, 0, 1, 2, 1, 3, 1, 3, 1, 3, 1, 3, 1, 1, 3, 1, 0, 1, 3, 1, 2, 1, 1, 3, 1, 0, 1, 1, 1, 3, 3, 1, 1, 1, 3, 1, 1, 1, 1, 1, 1, 1, 0, 0, 3, 1, 1, 0, 1, 3, 3, 1, 1, 3, 2, 0, 1, 0, 3, 1, 3, 0], "confidence_scores": [[0.22070718910183854, 0.4701589897763403, 0.10432606769633747, 0.20480775342548382], [0.10615429549475172, 0.1619465631484104, 0.38859960020162015, 0.34329954115521777], [0.12371440708738997, 0.5050884869010186, 0.20198266971062126, 0.16921443630097024], [0.159556123109639, 0.573825627926909, 0.08645219347776537, 0.18016605548568648], [0.5105645773466241, 0.22039501220023824, 0.08766725280526022, 0.18137315764787762], [0.07094203318331373, 0.3382224637170223, 0.12075523929976387, 0.4700802637999003], [0.153980122134709, 0.4536833837807233, 0.1346761228648628, 0.2576603712197051], [0.5529869557929108, 0.15242117200879607, 0.0944778906454574, 0.20011398155283583], [0.49351476227873725, 0.22076710035074174, 0.10471561103878596, 0.18100252633173525], [0.3489690953016521, 0.22122326472621592, 0.2720704973546846, 0.15773714261744728], [0.1753032493900948, 0.47184566828292235, 0.23953314530046982, 0.11331793702651308], [0.5155309874249316, 0.23362017184770922, 0.09204572287904123, 0.15880311784831797], [0.1558034751931917, 0.35157388169663006, 0.2637442594300209, 0.2288783836801575], [0.14651162650378072, 0.22643504004094397, 0.46930147602694844, 0.1577518574283269], [0.26034001925897327, 0.3454299153698919, 0.1888717016335613, 0.2053583637375736], [0.3400779554585943, 0.29710461767606383, 0.16618090946069042, 0.19663651740465146], [0.21451287319832393, 0.44915973623533, 0.10776116963732608, 0.22856622092902007], [0.09381290337536838, 0.3115214422059356, 0.09102063676891552, 0.5036450176497805], [0.2752265058278486, 0.49658382093795755, 0.10529518725899936, 0.12289448597519471], [0.07678556476381042, 0.4405721107900118, 0.1971035370773618, 0.2855387873688158], [0.223051130461012, 0.2564374847983145, 0.16586899257371077, 0.3546423921669627], [0.1280891442570089, 0.3886273976426661, 0.13471813279709316, 0.34856532530323187], [0.26886719130988423, 0.34463731341604037, 0.3161420925582819, 0.0703534027157937], [0.09670421563743194, 0.25102202426187836, 0.08620138511779431, 0.5660723749828955], [0.12910360791559441, 0.47324468593643176, 0.12855862334892584, 0.2690930827990479], [0.2904223350491549, 0.3118392544107766, 0.2114269804297864, 0.18631143011028217], [0.15966422741552164, 0.27105396114335123, 0.15689194047938437, 0.4123898709617428], [0.2294513005229008, 0.44458620137147825, 0.15441912378294673, 0.17154337432267405], [0.20456252974854006, 0.41284852771291036, 0.10321106366369849, 0.27937787887485116], [0.1301708563535986, 0.41917768255394056, 0.1874974006338403, 0.2631540604586206], [0.12057987993181729, 0.3913184198996551, 0.14949532212665934, 0.3386063780418684], [0.14031773316758897, 0.4113128788406001, 0.18081010017949023, 0.26755928781232075], [0.13126726255061028, 0.4167628805012129, 0.10265474059256481, 0.3493151163556121], [0.08637859424767816, 0.5038733936471145, 0.0841941655402211, 0.32555384656498626], [0.2793742674043409, 0.45199140762923146, 0.19737910997060817, 0.07125521499581963], [0.5283407798832873, 0.27710038863490527, 0.09293728304056115, 0.10162154844124616], [0.21800210530258987, 0.29347204425402923, 0.1743686094459622, 0.31415724099741876], [0.1583931514501267, 0.3609382796889171, 0.11601260990679305, 0.3646559589541632], [0.14553722146039327, 0.3785697641081738, 0.2612900329743227, 0.21460298145711015], [0.23520287804610512, 0.2830596768481214, 0.16854157116647114, 0.31319587393930254], [0.17647593616823273, 0.4476875032682501, 0.11617502510948961, 0.25966153545402765], [0.19371516910677145, 0.44052973599393613, 0.18610729972467674, 0.17964779517461577], [0.1663795776217841, 0.4349113311715891, 0.20020563967314858, 0.19850345153347804], [0.12016889730516879, 0.2979917459122715, 0.2940647265884579, 0.28777463019410177], [0.19056033376884648, 0.4620628518920513, 0.16145828080797678, 0.18591853353112558], [0.28874929474898625, 0.20403512680188285, 0.14261556187881536, 0.3646000165703158], [0.37714654820670673, 0.24886285306631514, 0.1918426498145657, 0.18214794891241265], [0.17339289374997924, 0.323152030322859, 0.23373915295373474, 0.2697159229734271], [0.3049828769515858, 0.35080469010740833, 0.14370209356731806, 0.20051033937368795], [0.2088132062838036, 0.2636852696003945, 0.1593985994563317, 0.36810292465947025], [0.11589897623921792, 0.48342942312298526, 0.1344073620742455, 0.2662642385635514], [0.11666631527400917, 0.15179349396175032, 0.6753525485633328, 0.056187642200907696], [0.08416728476644955, 0.17665764563484737, 0.07424587878406148, 0.6649291908146415], [0.26389453608444297, 0.23303643953987566, 0.17494907635876764, 0.32811994801691385], [0.13491176457875392, 0.24781108127263016, 0.14017745660962688, 0.47709969753898895], [0.21793342927842294, 0.34504518259731937, 0.16633239681537476, 0.2706889913088829], [0.15758029179301908, 0.14285076915957418, 0.37232324368402064, 0.32724569536338627], [0.5612226883931241, 0.188447925927059, 0.13669128612914316, 0.11363809955067393], [0.38150813415865537, 0.21896567907740433, 0.23480909768189875, 0.16471708908204155], [0.12272305303828113, 0.1801929347449856, 0.5329412072816688, 0.16414280493506447], [0.22902931279412922, 0.36267801018834733, 0.20068862307868982, 0.2076040539388338], [0.23553283658753507, 0.4670338689534759, 0.21959025541583554, 0.07784303904315366], [0.11056518810282555, 0.6921653767963578, 0.09612475717160068, 0.10114467792921591], [0.2818193158560249, 0.2863583740536618, 0.2852784498774303, 0.14654386021288296], [0.4435991243365162, 0.3100336107719981, 0.13743552714430957, 0.10893173774717628], [0.22233384363272987, 0.3230772274611815, 0.28859487648902915, 0.16599405241705958], [0.1690040375488584, 0.1788045222728619, 0.3945722196815276, 0.25761922049675196], [0.14380284061419416, 0.6776504054400755, 0.08745365931470186, 0.09109309463102858], [0.13292472465802901, 0.636431072370933, 0.13747975432733736, 0.09316444864370071], [0.1806099883372095, 0.4150791565338674, 0.17485075112322704, 0.2294601040056961], [0.17374336190844247, 0.6229270854550286, 0.09576529960677224, 0.1075642530297567], [0.182853374359587, 0.3751184401861941, 0.185076973836141, 0.2569512116180778], [0.36638921615396647, 0.37476035113754375, 0.060062385973930675, 0.19878804673455922], [0.19490072151475166, 0.514311421074876, 0.0768321455752739, 0.21395571183509832], [0.37801128487959496, 0.33412214132948975, 0.10021735845533897, 0.1876492153355762], [0.36284031468324957, 0.3291415972124056, 0.19311097258416318, 0.11490711552018161], [0.12442740774488133, 0.1048499440199454, 0.3313958795267188, 0.4393267687084544], [0.23054621390563926, 0.3536602520286176, 0.0622597332804956, 0.35353380078524754], [0.22542939013917543, 0.3682832696278698, 0.22582861738061874, 0.18045872285233613], [0.14889622270981254, 0.20923416576576986, 0.14528302055570783, 0.4965865909687099], [0.10007128358793226, 0.4384707141282133, 0.10297543273942585, 0.3584825695444286], [0.47274819909352533, 0.1796207319353827, 0.1843665153904655, 0.16326455358062653], [0.2468477396895972, 0.376728644729453, 0.11779694010198642, 0.2586266754789637], [0.19014821312849062, 0.27493941602453875, 0.4262408995024444, 0.10867147134452615], [0.284251864300591, 0.3825963800131397, 0.1785266595420714, 0.15462509614419792], [0.09287129997202445, 0.12341872896876598, 0.13921448831891053, 0.644495482740299], [0.13141545189848225, 0.4354624293732104, 0.2627661799916632, 0.17035593873664417], [0.17737930777270014, 0.1952255122782891, 0.11504137545095583, 0.5123538044980549], [0.18823601593321393, 0.4379652615736294, 0.16422350298162453, 0.20957521951153224], [0.10246317581951729, 0.2271168499455661, 0.10389838580498001, 0.5665215884299367], [0.2107472298913106, 0.5432304711841399, 0.10962469164606906, 0.13639760727848046], [0.1423273653975194, 0.30719225301625425, 0.24217260255709772, 0.30830777902912876], [0.2896621721520249, 0.4860911358805332, 0.09128236422969441, 0.13296432773774744], [0.25020517632410894, 0.33022871895818, 0.13685028682030848, 0.2827158178974025], [0.15041981716682096, 0.29884176217587805, 0.17021500107438717, 0.3805234195829139], [0.3250797210475699, 0.4414635089577353, 0.06495786710498588, 0.16849890288970884], [0.3014981516681386, 0.2317525377607358, 0.20910524134852237, 0.25764406922260324], [0.23759587621373146, 0.3711273323692766, 0.12476851853945123, 0.2665082728775409], [0.1840631022710936, 0.29345441146138646, 0.15313912698860963, 0.3693433592789103], [0.16954973991798505, 0.5513424239067461, 0.08916120175432482, 0.189946634420944], [0.1991488142155324, 0.23360909536072785, 0.3873055912794521, 0.17993649914428744], [0.1549874285282085, 0.43490747286477516, 0.18702952718601132, 0.22307557142100487], [0.09160116700993132, 0.3720533008080206, 0.19389043982776252, 0.34245509235428556], [0.0991380605344451, 0.1609336782365012, 0.06331728920288283, 0.6766109720261709], [0.12405733652749538, 0.4020340733944771, 0.12238309872585858, 0.35152549135216904], [0.551402743342524, 0.19368462602397488, 0.12740666162685158, 0.1275059690066495], [0.21767693133075322, 0.46274093388577503, 0.2051737624090787, 0.11440837237439293], [0.2912369431140552, 0.35284418975611603, 0.11071208136834394, 0.24520678576148486], [0.16152295855994273, 0.37630920745578383, 0.24009909454404413, 0.22206873944022937], [0.14706893504333915, 0.10196046793141261, 0.04633761280816768, 0.7046329842170806], [0.2976630118245879, 0.18691011026170848, 0.14780721508637792, 0.36761966282732583], [0.12064943370087165, 0.33742009718549193, 0.23690731581753097, 0.3050231532961056], [0.20944191618587676, 0.4523269220388132, 0.13483064759277147, 0.2034005141825386], [0.21978670230322903, 0.37293817642176863, 0.11344648084708049, 0.2938286404279219], [0.15825975216803478, 0.26125828908362747, 0.20928158892269697, 0.3712003698256408], [0.3549247909136293, 0.38068971998148, 0.09858357309768959, 0.16580191600720126], [0.13156655906615392, 0.5055632191046152, 0.1174242366286354, 0.24544598520059538], [0.08815963740483385, 0.7001833233777514, 0.08327898208771183, 0.1283780571297029], [0.1854783263743722, 0.48540339231129065, 0.06698923198747014, 0.26212904932686704], [0.28170746267798313, 0.6182099913133017, 0.022817175266065533, 0.07726537074264972], [0.1265815523558766, 0.43554265278578275, 0.09865152132658317, 0.33922427353175755], [0.21271199879009517, 0.4067720777377937, 0.2718127578718237, 0.10870316560028749], [0.41555805684427977, 0.2696360676914029, 0.13148069105111265, 0.18332518441320475], [0.36642958035054135, 0.2730215409120396, 0.18312787745958412, 0.17742100127783497], [0.16556025230751245, 0.27270135514935845, 0.16188999761484024, 0.39984839492828905], [0.3082931446566505, 0.39396849472835593, 0.05788193791276576, 0.23985642270222782], [0.2643767416788456, 0.358356800163919, 0.10979441031121209, 0.2674720478460234], [0.6275309368507729, 0.18376657872563204, 0.061848811091707145, 0.12685367333188807], [0.25336567659761045, 0.43457161448061066, 0.17434421107752202, 0.137718497844257], [0.04665591560242529, 0.1787781538981144, 0.04096094230541866, 0.7336049881940419], [0.2355369064010438, 0.28683368178707935, 0.0860682487533342, 0.3915611630585425], [0.07354112516226222, 0.6292700296745298, 0.1275835185640902, 0.16960532659911778], [0.1878513357379528, 0.4437164883053043, 0.11327978199461188, 0.2551523939621309], [0.2041036092241561, 0.2914672850042881, 0.19119241959474742, 0.3132366861768085], [0.10790096053641474, 0.34968150877473697, 0.42363994902543417, 0.11877758166341398], [0.3692851683708231, 0.2178137319219263, 0.1774451320747826, 0.23545596763246818], [0.23712995421872846, 0.3831170544141084, 0.1779178480037317, 0.20183514336343142], [0.2788548501887593, 0.2588006119661636, 0.19477307823547998, 0.2675714596095973], [0.16172554362327207, 0.23149532741232692, 0.1316903663507091, 0.4750887626136918], [0.25833106067371353, 0.33511412995597784, 0.1571380430331127, 0.24941676633719592], [0.08397420184711595, 0.27855374845507563, 0.07233358431155733, 0.5651384653862511], [0.5328051712366756, 0.1863017783805295, 0.09178997449590884, 0.18910307588688616]]}, "rewritten": {"ids": ["97105451", "97106600", "97106970", "97107040", "97107260", "97107920", "97109080", "97114170", "97116401", "97116500", "98106111", "98106680", "98107340", "98107410", "98108580", "98110230", "98111620", "98112170", "98116500", "99107300", "99107500", "99109161", "99109910", "99110730", "99111440", "99113260", "100109890", "100111390", "100112060", "100115700", "100117420", "101108080", "101112160", "101113210", "101115190", "102108621", "102109850", "102110500", "102110690", "102112030", "102112170", "102112250", "102113210", "103110050", "103111480", "103111930", "103113101", "103113270", "103120290", "104109311", "104111531", "104111550", "104112201", "104112470", "104113240", "104113380", "104114740", "104116441", "104116800", "104117630", "105112260", "105113260", "105113480", "105115250", "105115570", "105117431", "105121190", "106116850", "106117790", "106118301", "106119580", "106119990", "106121190", "107112840", "107113260", "107113360", "107113550", "107113840", "107114140", "107114780", "107114950", "107115140", "107116340", "107117010", "107118820", "107121230", "107121540", "107121700", "108114670", "108117451", "108118301", "109113881", "109113931", "109114651", "109115220", "109116170", "109117271", "109118701", "109118820", "110115250", "110115890", "110116170", "110117140", "110118121", "110118301", "110120190", "110120640", "110121140", "110121170", "111114941", "111116010", "111116640", "111116750", "111119250", "111119340", "111119580", "111119610", "111119950", "111120220", "111120260", "111121190", "112116451", "112116640", "112117580", "112117780", "112118550", "112118581", "112118620", "112118860", "112119930", "112119980", "112120700", "113119120", "113119340", "113119700", "113120540", "113120591", "113121750", "113121950", "113122120", "113122170", "113122190"], "labels": [0, 3, 2, 2, 2, 0, 2, 2, 3, 2, 0, 1, 0, 3, 0, 3, 3, 3, 2, 3, 0, 3, 2, 3, 3, 0, 3, 2, 2, 1, 2, 0, 3, 3, 1, 3, 1, 3, 0, 2, 3, 0, 3, 3, 0, 3, 3, 2, 2, 3, 0, 1, 0, 1, 2, 1, 2, 1, 1, 0, 3, 3, 0, 2, 0, 1, 2, 3, 1, 1, 3, 0, 2, 1, 0, 0, 0, 3, 2, 2, 3, 0, 3, 1, 3, 0, 2, 3, 3, 2, 1, 0, 1, 3, 3, 0, 0, 3, 3, 1, 2, 0, 3, 3, 1, 3, 0, 3, 2, 0, 1, 0, 3, 1, 3, 3, 2, 0, 3, 3, 1, 0, 0, 0, 0, 3, 1, 3, 3, 1, 0, 2, 3, 0, 0, 3, 0, 0, 3, 1, 1, 1], "predicted_labels": [1, 1, 1, 0, 3, 0, 0, 3, 1, 1, 1, 1, 2, 1, 1, 1, 2, 0, 2, 3, 3, 1, 3, 2, 2, 1, 0, 3, 2, 0, 0, 1, 3, 1, 3, 3, 2, 0, 1, 1, 0, 1, 3, 3, 1, 0, 1, 1, 1, 1, 1, 1, 2, 1, 1, 1, 1, 3, 3, 0, 1, 3, 1, 1, 1, 1, 1, 1, 0, 1, 3, 1, 1, 0, 1, 0, 1, 1, 1, 1, 0, 1, 1, 3, 2, 1, 1, 3, 3, 0, 0, 1, 1, 1, 3, 1, 3, 0, 2, 1, 3, 3, 1, 3, 1, 1, 0, 0, 1, 3, 1, 1, 0, 2, 3, 2, 1, 3, 1, 1, 0, 1, 2, 2, 1, 1, 1, 3, 1, 1, 3, 1, 2, 1, 1, 3, 0, 0, 3, 0, 2, 3], "confidence_scores": [[0.12529832503889446, 0.5946886615706934, 0.16720484470270763, 0.11280816868770446], [0.19911176342903214, 0.39457884668002285, 0.14867169060539268, 0.25763769928555225], [0.16355441378475832, 0.3864144695197065, 0.13284989446554205, 0.3171812222299931], [0.35938322291795005, 0.2939280472572462, 0.12516972531549286, 0.22151900450931095], [0.12679892537004092, 0.19834064521878028, 0.219283964799615, 0.4555764646115638], [0.290661761223839, 0.24383339903808568, 0.28795992598851233, 0.17754491374956313], [0.5269783698463478, 0.2759592208070036, 0.09376406356055071, 0.10329834578609794], [0.10060202873792681, 0.26928086373339827, 0.06890848993621772, 0.5612086175924572], [0.24226007115372336, 0.34708496507732384, 0.13414413149232968, 0.276510832276623], [0.296816724895807, 0.3512875284846711, 0.11906086150197748, 0.23283488511754433], [0.22747236492890163, 0.3243173401371456, 0.21711219102570387, 0.23109810390824878], [0.1491187252554522, 0.4061740278998763, 0.20224493233475, 0.2424623145099215], [0.17680776048532093, 0.20824973692106938, 0.3215592677231625, 0.2933832348704473], [0.10430719233851284, 0.34945002087333776, 0.26882572784789494, 0.2774170589402544], [0.11538732393900146, 0.5093346411158396, 0.1303236878938962, 0.24495434705126293], [0.145257002707912, 0.4003083178113061, 0.0852294432541961, 0.3692052362265857], [0.09767735174604497, 0.28304910728147775, 0.4643463703932877, 0.15492717057918948], [0.32643797559884546, 0.32017024165051283, 0.14198912596560503, 0.21140265678503664], [0.08242470186488597, 0.23326665942919064, 0.35217156136274413, 0.33213707734317927], [0.2933256015544185, 0.2379067533002146, 0.12548703337166947, 0.34328061177369723], [0.1365253953914598, 0.2605977282234377, 0.22038194783632228, 0.3824949285487803], [0.14576032507567593, 0.4238002648163698, 0.3113597569189239, 0.11907965318903037], [0.10105249348726736, 0.20317277629854863, 0.12794905807867488, 0.5678256721355092], [0.13795157999391566, 0.22509081575987674, 0.3973183341867348, 0.2396392700594728], [0.1304252809181407, 0.2016839418155335, 0.37606270124103136, 0.29182807602529454], [0.10886114792084466, 0.45527888867984817, 0.2023039749939904, 0.23355598840531674], [0.3363154892561456, 0.23602281553714977, 0.12368517979692695, 0.3039765154097779], [0.09606373152246425, 0.2495776450891434, 0.08018286500261626, 0.5741757583857762], [0.3581810323302053, 0.12995705265351082, 0.386082674398711, 0.12577924061757298], [0.4182191473574544, 0.20348009563240638, 0.161285770295932, 0.21701498671420708], [0.28959395175139496, 0.26996686291515665, 0.22228207613111992, 0.21815710920232828], [0.21642233530567367, 0.4781411178078485, 0.1099979115595083, 0.19543863532696962], [0.15166849062802845, 0.32048579476842687, 0.14341043182537816, 0.3844352827781667], [0.21227032696618706, 0.4063207774294893, 0.15078054535223637, 0.23062835025208722], [0.2018961696207582, 0.3271917515613421, 0.13890288406283446, 0.3320091947550652], [0.20192988857346433, 0.22304272646740506, 0.2418927779046652, 0.33313460705446535], [0.2766397652387188, 0.27392512270519925, 0.3015690599116452, 0.14786605214443693], [0.4237277628793295, 0.25446958418887744, 0.11325368680580078, 0.20854896612599225], [0.31464095056745944, 0.4821770823439628, 0.06889989017832697, 0.13428207691025087], [0.18787205523543432, 0.34840604505845496, 0.23111168363712878, 0.23261021606898186], [0.47824359011752793, 0.155303990866481, 0.25734719018737323, 0.10910522882861783], [0.29651250149412695, 0.3618664693684679, 0.12586244414843492, 0.21575858498897046], [0.12514625556501904, 0.22924283238674614, 0.20084900519071705, 0.44476190685751776], [0.1318487130438292, 0.2993019499601851, 0.241485505532738, 0.3273638314632477], [0.25700574869012777, 0.4117946831812032, 0.1110170799556818, 0.22018248817298722], [0.4291786552248466, 0.25535837248993043, 0.11525988940696635, 0.20020308287825672], [0.18005503759151748, 0.40967089964158376, 0.21505663111915926, 0.19521743164773964], [0.14467855528165074, 0.2938544391223277, 0.27350762162930353, 0.28795938396671805], [0.12745914883730675, 0.4140941618429567, 0.35379576000103147, 0.10465092931870501], [0.18629059098059128, 0.4746366102506243, 0.12612591457560213, 0.21294688419318222], [0.2602331661272072, 0.34549741796342065, 0.10921093803131371, 0.28505847787805844], [0.08613303442011204, 0.6922897979626563, 0.10333480316766959, 0.11824236444956206], [0.2495205211566334, 0.19984723808973986, 0.35263371394161824, 0.1979985268120086], [0.16169340121402856, 0.3557308504353035, 0.21661459774489109, 0.26596115060577696], [0.2105334019801103, 0.401190873240095, 0.1873297720994203, 0.20094595268037438], [0.2181055442328807, 0.28918551061007214, 0.22741576904840574, 0.2652931761086414], [0.1861942018653312, 0.3885369007627658, 0.1415417911427358, 0.2837271062291672], [0.11870012408801368, 0.2896985067294651, 0.06345717433319124, 0.5281441948493298], [0.2122532561826522, 0.2520989722087252, 0.10626562222822124, 0.4293821493804014], [0.6431653742678194, 0.2065093361721779, 0.0752823699472524, 0.0750429196127502], [0.13638840395519233, 0.4553302773956408, 0.09704047672025112, 0.3112408419289159], [0.17042628861736928, 0.32744634249265586, 0.09880714465042814, 0.40332022423954667], [0.1752321484754224, 0.4381109122854408, 0.11167376776412989, 0.2749831714750068], [0.3021000791179938, 0.3694718559547832, 0.11251944719323022, 0.21590861773399278], [0.15594713147384723, 0.5718922160423353, 0.09946532102317047, 0.17269533146064697], [0.21312756739097224, 0.539151376158099, 0.11398263470788093, 0.13373842174304781], [0.11567083843010716, 0.48632663698188155, 0.15946960097170898, 0.23853292361630246], [0.3228278435977895, 0.4089333702327838, 0.13050202487845258, 0.1377367612909742], [0.34518883301986747, 0.32678410800739266, 0.17353179979665978, 0.15449525917607998], [0.28323713131606437, 0.4430189249282519, 0.11723810297270654, 0.15650584078297716], [0.13915787737866145, 0.362208061464218, 0.13039927714517566, 0.36823478401194487], [0.19288754175295303, 0.3950462862432917, 0.1613310404452165, 0.2507351315585387], [0.11262480830521707, 0.5553382428107297, 0.10914690804940792, 0.22289004083464523], [0.4888519115849402, 0.2588220576373052, 0.08197604158940423, 0.17034998918835048], [0.17670958173484086, 0.38372196302715966, 0.1491784733071904, 0.29038998193080906], [0.3253156594705178, 0.3051540630320075, 0.11906961338304559, 0.2504606641144292], [0.12103816568420388, 0.5134552823917167, 0.1382386043426977, 0.2272679475813817], [0.1409199625659728, 0.5039488202930327, 0.16245927974145022, 0.19267193739954427], [0.30209594427431263, 0.34347439740978447, 0.12200483061069803, 0.2324248277052047], [0.22566197544893674, 0.41069147259936245, 0.14500706635669547, 0.2186394855950055], [0.3005561845838447, 0.2913724322348755, 0.21044980294705384, 0.19762158023422588], [0.2830011931803188, 0.35453682236623624, 0.16583967493186963, 0.1966223095215754], [0.24388272846814732, 0.4885335580008218, 0.10822720710910536, 0.1593565064219255], [0.24075399678305034, 0.2559471332476932, 0.14518922568869566, 0.358109644280561], [0.1436010186627044, 0.31274034065703343, 0.313549170030837, 0.23010947064942494], [0.20902506899736245, 0.38536547145411315, 0.0961273141373303, 0.3094821454111942], [0.09578670153852328, 0.49514798792399195, 0.17855358076697536, 0.2305117297705095], [0.29829603598264853, 0.20881439531045928, 0.11498392302844981, 0.3779056456784423], [0.083994615570558, 0.21370459152576626, 0.0662080996742533, 0.6360926932294224], [0.4614291440088157, 0.2448140265819532, 0.10225131541929676, 0.19150551398993446], [0.3772872749316622, 0.3388043756428512, 0.08894174243397271, 0.19496660699151397], [0.33904267507286673, 0.45664192113908353, 0.07039627176600793, 0.13391913202204175], [0.13497119019981127, 0.39220539137692456, 0.08977146836587231, 0.3830519500573918], [0.21565094472731502, 0.2700151183239578, 0.26714235816168463, 0.2471915787870426], [0.14534436917809523, 0.19248694518491657, 0.06623598603513012, 0.595932699601858], [0.1413181018866887, 0.36434601921213206, 0.20958629702063322, 0.2847495818805461], [0.27638969025314386, 0.2399366845850951, 0.07836550006850984, 0.40530812509325126], [0.42761046966015726, 0.20671280939118586, 0.06632695895581583, 0.299349761992841], [0.138083241211032, 0.2545616419559442, 0.42554344427416474, 0.18181167255885916], [0.0977422651749068, 0.547085516747438, 0.07321022404110883, 0.2819619940365466], [0.10314505457712027, 0.25101047409865723, 0.10164646980955329, 0.5441980015146691], [0.20741435622872015, 0.23420029661337688, 0.1419775371145426, 0.4164078100433604], [0.13440442730993377, 0.5053985228852877, 0.20742239014164554, 0.1527746596631329], [0.1102001990647551, 0.28072854154736376, 0.06342253629129396, 0.5456487230965872], [0.14000725073335968, 0.5378651272943716, 0.13185714183813546, 0.19027048013413309], [0.3281241343791436, 0.3466189659710509, 0.05693391811211481, 0.26832298153769063], [0.3822598050275747, 0.3385745840889983, 0.16742904567873337, 0.11173656520469365], [0.49450136998915134, 0.1316885830548804, 0.05862703251468936, 0.31518301444127905], [0.26469807825990216, 0.41663935370426, 0.08990037207253988, 0.22876219596329803], [0.09242213413966878, 0.0835043519498996, 0.05630839421419578, 0.767765119696236], [0.12056282559711577, 0.4832912041593793, 0.10863640424563605, 0.2875095659978687], [0.17126642784249735, 0.4502821557203068, 0.2545642317358124, 0.12388718470138352], [0.44940799663412706, 0.24102993642135467, 0.17868898778516215, 0.1308730791593562], [0.12687504778759956, 0.23844270544621504, 0.45477028779784334, 0.17991195896834197], [0.13521488309206456, 0.25631757373653397, 0.0740979102322507, 0.5343696329391507], [0.22872177172705652, 0.28982257910507414, 0.3996549722037339, 0.08180067696413554], [0.13716440443449035, 0.44545650325693475, 0.23477496208108453, 0.18260413022749034], [0.19056896836455411, 0.3036462447335646, 0.16197252785487318, 0.3438122590470082], [0.2704120575327178, 0.3756857011332487, 0.09666564047858303, 0.25723660085545064], [0.1943571932872098, 0.40591638475726605, 0.06719171831273472, 0.3325347036427895], [0.4698469246750535, 0.3377008878327659, 0.08811644075944197, 0.1043357467327386], [0.21955026566304658, 0.6373447500713639, 0.023801092254454998, 0.11930389201113459], [0.19332347720853604, 0.286473607837473, 0.2980239146669598, 0.22217900028703122], [0.1717227765885091, 0.2459109080568502, 0.3854887611334537, 0.19687755422118716], [0.13708054644255085, 0.6029630118684751, 0.13938803659052257, 0.1205684050984516], [0.24266025027082827, 0.3127086327808185, 0.14558611913304126, 0.2990449978153121], [0.31362207744502635, 0.3257381994479384, 0.16912231608422304, 0.19151740702281203], [0.2509228911245374, 0.3076871739591166, 0.09565589878462162, 0.34573403613172426], [0.2319336667824072, 0.5039316603768603, 0.12674655564519943, 0.1373881171955329], [0.23635735303741698, 0.4197538291733992, 0.09598493989811731, 0.24790387789106652], [0.130046726342737, 0.21277820669046865, 0.11643600717200249, 0.5407390597947919], [0.2111597137002587, 0.3932837055520543, 0.1609651674215125, 0.2345914133261746], [0.18508567823212402, 0.2526664048523539, 0.28148903301182693, 0.28075888390369513], [0.29043517177772643, 0.38078511865739106, 0.10607704768966816, 0.22270266187521434], [0.333007725038238, 0.41220373168586555, 0.18455130725064925, 0.07023723602524726], [0.33200531474623013, 0.16964353673046495, 0.07741993527753495, 0.42093121324576993], [0.32664594393861357, 0.24431703984133435, 0.10447707309515157, 0.3245599431249005], [0.37176484400821347, 0.23844368593288076, 0.2694054610772711, 0.12038600898163476], [0.10585270170063914, 0.23720025240664602, 0.1607050914114563, 0.49624195448125863], [0.363166432110378, 0.3011962300468053, 0.12047525740347774, 0.21516208043933913], [0.19615209884526827, 0.2178896144992805, 0.4294009473977191, 0.15655733925773213], [0.3011091151128855, 0.28745492651167465, 0.10544851383437855, 0.30598744454106136]]}}