{"test": {"ids": ["108114040", "101110150", "98109090", "104113550", "113119950", "105115250", "111114121", "100117420", "113119360", "108113480", "108116501", "104116800", "104113190", "110119300", "107114780", "107118820", "106119260", "97107821", "106119990", "108115570", "108118630", "112116540", "112119930", "105115380", "107113550", "99107630", "97110950", "112117431", "97107681", "111116750", "112118880", "98108150", "97106591", "108114200", "108113700", "110114561", "113121190", "113120780", "98116500", "111119300", "113120640", "99108520", "103112641", "112121360", "113121950", "107121540", "99108890", "108114360", "107119950", "110115710", "107115140", "111119610", "113120260", "111117200", "107118780", "103109641", "106113260", "103112470", "108114670", "108117720", "110115580", "105113170", "102113981", "104114240", "103110220", "113119930", "104114320", "98111231", "108117610", "110118161", "109120621", "99109370", "110121170", "110115120", "106120640", "110118181", "112121410", "109114270", "97109570", "107112850", "97111790", "109116930", "111116990", "99108330", "105113620", "105121190", "104112470", "103111480", "111119290", "105113260", "107118520", "97106970", "102110050", "106112770", "113120591", "102110690", "108115870", "112116800", "113118630", "109113281", "105115900", "106118301", "112121430", "109115220", "111116100", "110118450", "103113270", "102118380", "108114180", "99108080", "99114890", "97108520", "113118810", "102114270", "98106111", "107113360", "109118161", "109119591", "107116980", "111116090", "107114200", "112119980", "113120070", "110114950", "101114020", "112117780", "98116940", "103111620", "101108121", "97105960", "98107380", "98109311", "110117870", "108121410", "106118820", "109113931", "112117471", "111116290", "110118740", "103111830", "109121351", "110115890"], "labels": [0, 1, 1, 1, 0, 2, 0, 2, 0, 0, 0, 1, 3, 1, 2, 3, 1, 2, 0, 3, 1, 1, 1, 1, 0, 2, 3, 0, 3, 3, 1, 0, 1, 0, 0, 0, 1, 0, 2, 1, 0, 2, 3, 3, 3, 2, 0, 1, 3, 2, 0, 2, 3, 0, 1, 1, 3, 1, 3, 1, 1, 0, 1, 0, 2, 1, 2, 1, 3, 0, 1, 1, 2, 0, 3, 1, 0, 3, 0, 1, 2, 0, 0, 1, 0, 2, 1, 0, 3, 3, 2, 2, 3, 1, 0, 0, 3, 0, 3, 0, 3, 1, 2, 3, 3, 0, 2, 1, 1, 3, 2, 2, 3, 3, 0, 0, 0, 0, 3, 3, 2, 0, 2, 0, 3, 0, 2, 0, 0, 2, 1, 1, 3, 0, 3, 1, 3, 2, 3, 3, 0, 2], "predicted_labels": [3, 1, 2, 0, 3, 1, 1, 3, 0, 3, 1, 1, 1, 1, 2, 3, 3, 0, 1, 1, 3, 3, 3, 3, 3, 3, 0, 0, 0, 0, 3, 3, 0, 1, 3, 0, 0, 3, 1, 3, 3, 2, 3, 1, 3, 2, 1, 1, 2, 0, 0, 2, 2, 0, 3, 0, 3, 3, 3, 3, 1, 1, 1, 1, 1, 1, 2, 3, 1, 3, 3, 2, 3, 2, 1, 1, 0, 1, 0, 1, 3, 0, 0, 3, 1, 1, 1, 1, 0, 3, 3, 3, 2, 2, 3, 1, 3, 0, 0, 3, 3, 1, 1, 3, 1, 1, 3, 3, 1, 0, 2, 1, 1, 3, 3, 0, 0, 1, 0, 0, 0, 1, 1, 3, 3, 1, 1, 2, 0, 1, 0, 1, 3, 3, 1, 1, 3, 3, 3, 0, 0, 1], "confidence_scores": [[0.025146216470340037, 0.04030771703654223, 0.34607305367221747, 0.5884730128209003], [0.08782707087864973, 0.8701999971248368, 0.015553113352585428, 0.026419818643928044], [0.03771215852984623, 0.3523231104849398, 0.44545916352140236, 0.16450556746381165], [0.8068927797882403, 0.0008919026997571845, 0.013174295560100599, 0.179041021951902], [0.4032096431265955, 0.0009505987316187267, 0.02549877777388607, 0.5703409803678997], [0.03215536315069421, 0.5030611209313204, 0.43208102070269183, 0.032702495215293684], [0.24916018877948443, 0.690311883184009, 0.002555287914675871, 0.05797264012183055], [0.21895744839824907, 0.026891479793344362, 0.08691442509843054, 0.667236646709976], [0.8287732792814213, 0.008653518610877323, 0.0016487882664712975, 0.16092441384123002], [0.0009389519148071277, 0.023303780381866403, 0.06144823311704496, 0.9143090345862814], [0.16080454834313118, 0.532039269113334, 0.23067446514768292, 0.07648171739585195], [0.2602277142938609, 0.5701776795031493, 0.13595054725833833, 0.03364405894465156], [0.35473836631945127, 0.44182409739128065, 0.03456656092619639, 0.16887097536307155], [0.06978270761625499, 0.501245052001551, 0.009023070472741883, 0.41994916990945214], [0.009878710941204046, 0.4291356339702005, 0.4886347357912139, 0.07235091929738145], [0.0009538885796942268, 0.07553304818367627, 0.0011033790789877957, 0.9224096841576417], [0.0537712746238512, 0.288650856529914, 0.051983048855020295, 0.6055948199912145], [0.607898095267159, 0.2994800420476971, 0.027427579108058795, 0.06519428357708512], [0.06094760104567719, 0.7894864326756786, 0.1479776704123005, 0.0015882958663439033], [0.01430070019343445, 0.8461242237725412, 0.1339076284544524, 0.005667447579572058], [0.14505421240606864, 0.014223599175806134, 0.17298685128819438, 0.6677353371299308], [0.010704695137856126, 0.3274737996924411, 0.03173229706672753, 0.6300892081029752], [0.04753357583169728, 0.04562559552268146, 0.23416598313637765, 0.6726748455092436], [0.004075739796241429, 0.11377390254773787, 0.24669102134411167, 0.635459336311909], [0.028346450562564126, 0.016883441075147478, 0.0204977764830153, 0.9342723318792732], [0.23256160368438955, 0.007736340661260565, 0.19722453381476307, 0.5624775218395868], [0.956212536606584, 0.0036307547482638475, 0.005184884781238506, 0.034971823863913426], [0.9562713795739888, 0.02310470614130414, 0.0033344296403184123, 0.017289484644388595], [0.7209662516231731, 0.03472359236622512, 0.0027039371482050142, 0.24160621886239672], [0.804182320462961, 0.022610110707009596, 0.01873298551728887, 0.15447458331274067], [0.07531416674629861, 0.33002876816514953, 0.013907812072034237, 0.5807492530165176], [0.2237512818546036, 0.12342811411983251, 0.18832143355019015, 0.4644991704753737], [0.6874089592155215, 0.011033444907636459, 0.007307685456730649, 0.2942499104201114], [0.010592285850831325, 0.5937150917149128, 0.32752697151512766, 0.06816565091912838], [0.00317097828032029, 0.19460054229819831, 0.13686122013467458, 0.6653672592868068], [0.8881336271048073, 0.028001381028906685, 0.012958374117342228, 0.07090661774894379], [0.9042604559380867, 0.04601947803778445, 0.0043941493921188495, 0.045325916632010126], [0.012552369269063968, 0.006481522772607751, 0.042677674795575, 0.9382884331627533], [0.10710964099926717, 0.3842241879127297, 0.2392881675924934, 0.26937800349550983], [0.03719924176106607, 0.2737048867198503, 0.20946235244334202, 0.4796335190757416], [0.20127639871146763, 0.09484688661196485, 0.03932390096356755, 0.6645528137129999], [0.011498444628217143, 0.32872451927433366, 0.39969471953648816, 0.2600823165609611], [0.060974644669897764, 0.3646969730481304, 0.0445692700116475, 0.5297591122703242], [0.3605728011820476, 0.3839835685243626, 0.1626776547097909, 0.09276597558379887], [0.13150733417193955, 0.1735110670197291, 0.24273408536219443, 0.45224751344613684], [0.16526668766835376, 0.07047871984906502, 0.4751687016590402, 0.28908589082354114], [0.07258133369443377, 0.41568482055732375, 0.18449737180248155, 0.327236473945761], [0.040144697236285484, 0.6320711596517502, 0.27576653788700595, 0.05201760522495825], [0.09981422972938603, 0.21099363920142383, 0.37399821380550025, 0.31519391726369006], [0.31979561163248205, 0.27455651216076676, 0.2312738964412076, 0.17437397976554372], [0.6267244782350221, 0.0018029440340429047, 0.09715367569390823, 0.27431890203702675], [0.1691095568916554, 0.0682593382731852, 0.3993988223665028, 0.36323228246865663], [0.24563953218542975, 0.23454081061255724, 0.32388506157774105, 0.19593459562427198], [0.44835312383349063, 0.32597864238696334, 0.06275786210385412, 0.16291037167569206], [0.025591204799793318, 0.00897835695485379, 0.015638506138091177, 0.9497919321072618], [0.9341248440719383, 0.02003608810804003, 0.017159650634914356, 0.028679417185107373], [0.035476367356752254, 0.31741229714011815, 0.2744332261577033, 0.3726781093454263], [0.1387954501177294, 0.14475845246765062, 0.06643473410959005, 0.6500113633050298], [0.033791530211281944, 0.09862036849423719, 0.13775212894041014, 0.7298359723540707], [0.06269313688145395, 0.03995916730622324, 0.013820758869927428, 0.8835269369423955], [0.0960796839972962, 0.7444306187181191, 0.001970267948771818, 0.1575194293358128], [0.005148450842632362, 0.7039891234332383, 0.08794275158737565, 0.20291967413675374], [0.05518229030575941, 0.545435915951898, 0.3578479615108942, 0.041533832231448464], [0.0378941558866007, 0.5331512106236029, 0.19759649905853183, 0.23135813443126463], [0.06650350424645816, 0.8793010467030854, 0.0384248663047866, 0.01577058274566989], [0.03453034109279021, 0.9159010490449714, 0.009401731801602057, 0.04016687806063622], [0.2599016603189312, 0.021673018670568492, 0.5112966675883757, 0.20712865342212464], [0.1459318627832967, 0.22051950962096073, 0.2377739401434268, 0.3957746874523158], [0.018127977536284534, 0.540857024386255, 0.0573192722981168, 0.38369572577934363], [0.2648787501663158, 0.2624215090790838, 0.020262169212481307, 0.4524375715421191], [0.06688009989984092, 0.06288638737248084, 0.04549890794648943, 0.8247346047811888], [0.006377292394461429, 0.1368259868724394, 0.7325499800639175, 0.12424674066918172], [0.03414316630543201, 0.0736616167673015, 0.09095391611915009, 0.8012413008081164], [0.03733685194747448, 0.2967308585182855, 0.5486241439298386, 0.11730814560440145], [0.019248981748754772, 0.8671853240408335, 0.013669405281685683, 0.09989628892872612], [0.004184808461700324, 0.9893059440536256, 0.004029128829127511, 0.0024801186555466126], [0.9329845658395323, 0.006157630323425886, 0.006082584638024998, 0.05477521919901672], [0.1393629260463719, 0.4504259501108814, 0.008789518912100853, 0.4014216049306458], [0.7135827090751509, 0.013357819680220602, 0.0012068067344588216, 0.27185266451016976], [0.09616626479421667, 0.49118760419910895, 0.06188413766538242, 0.350761993341292], [0.056458697524877845, 0.06794852047305734, 0.09416446937422775, 0.781428312627837], [0.6806513658086859, 0.028951512169650338, 0.017140547884839517, 0.2732565741368244], [0.907280375505929, 0.005930667969285109, 0.00850347252632459, 0.07828548399846141], [0.0008916578628900246, 0.24145870478001666, 0.3659588273317246, 0.39169081002536876], [0.11906791760760262, 0.49185445788831805, 0.3545709516215297, 0.03450667288254953], [0.10269212420790116, 0.453016409160707, 0.3970211195432286, 0.04727034708816313], [0.0726804561099258, 0.4144325051175494, 0.30588100459061557, 0.20700603418190922], [0.22808796086293162, 0.4751742418189165, 0.18668794516284706, 0.1100498521553048], [0.7342244658181917, 0.07572889497960965, 0.03500875402727011, 0.1550378851749285], [0.08299680066523665, 0.13458290197625566, 0.25805907207902135, 0.5243612252794863], [0.03203391669395719, 0.0677805783113986, 0.04187310199510781, 0.8583124029995365], [0.0037590891317918784, 0.3660472058208896, 0.1572820735772978, 0.4729116314700208], [0.07581953812196013, 0.14323921455621755, 0.6833903178364987, 0.09755092948532362], [0.3760113319835503, 0.005958380721057587, 0.6102651793248164, 0.007765107970575694], [0.07299070035330628, 0.06825503501821327, 0.018736295488770007, 0.8400179691397104], [0.12798443740966892, 0.4779112013410163, 0.11930353803605241, 0.27480082321326244], [0.23210621677414117, 0.13253545848913362, 0.1580273207926799, 0.4773310039440452], [0.43933758224418096, 0.12683010893404187, 0.12981082224563611, 0.3040214865761411], [0.36377294293210305, 0.18004577074252642, 0.16656492786088575, 0.28961635846448475], [0.24619644360557508, 0.10685137897173799, 0.25174089204238925, 0.39521128538029765], [0.02789804379685512, 0.005080486425583256, 0.03093198930805784, 0.9360894804695038], [0.22132416632503904, 0.7309718643516794, 0.012317703504990476, 0.03538626581829113], [0.010115304035364625, 0.7704423831156203, 0.031910559454880666, 0.18753175339413433], [0.009516066710557129, 0.00025916683946369947, 0.003347405119748015, 0.9868773613302312], [0.017355994181356818, 0.8750703063714531, 0.0020982554683815838, 0.10547544397880851], [0.353545123346286, 0.5978859214534087, 0.019545552818629245, 0.02902340238167603], [0.0012148030645983184, 0.004585307528778229, 0.013085393968781799, 0.9811144954378417], [0.00813659623710816, 0.2698403388645591, 0.1128154371011969, 0.6092076277971359], [0.06656954985945411, 0.9235164826011149, 0.006322907802707794, 0.0035910597367230118], [0.5895543351445837, 0.032907893716573024, 0.30273221448916754, 0.07480555664967567], [0.022583854032558522, 0.028229566798090973, 0.8593352930379912, 0.08985128613135929], [0.03923464684224749, 0.8713966996071362, 0.012747306818421553, 0.07662134673219478], [0.15920319607745975, 0.6840960983107267, 0.1512371037614571, 0.0054636018503563455], [0.012621477985699646, 0.15542882183715823, 0.23012307454302014, 0.601826625634122], [0.22307701977448804, 0.1385925491117111, 0.16951907353153478, 0.46881135758226616], [0.8366739167033965, 0.02082305009108859, 0.01975502783703518, 0.12274800536847971], [0.5773525546244759, 0.408555457773545, 0.00034858304296483505, 0.013743404559014122], [0.012616403826287276, 0.8820634683387941, 0.006343833848337789, 0.0989762939865809], [0.398886895103908, 0.2758960196545811, 0.018683290086625243, 0.3065337951548856], [0.8690210612129011, 0.01862359423926233, 0.0049241205798889, 0.10743122396794791], [0.6014355719567472, 0.18645253682767698, 0.047833635991710505, 0.1642782552238654], [0.012540473134705375, 0.6495738688458469, 0.11844282498841005, 0.21944283303103765], [0.014888047506071034, 0.6978692671554793, 0.20066569217244143, 0.08657699316600817], [0.017451007872646092, 0.2974856286665707, 0.13115234485776267, 0.5539110186030205], [0.009441567534971674, 0.07975308422931628, 0.016486819347439736, 0.8943185288882723], [0.12386655652219224, 0.8283892099288075, 0.01056757044891634, 0.03717666310008396], [0.3358423729814848, 0.621609331034477, 0.012250770099858772, 0.030297525884179447], [0.1564631307954475, 0.24239318683093702, 0.3747625843408644, 0.22638109803275108], [0.6921315190409569, 0.06312006393202668, 0.019298939984017573, 0.2254494770429987], [0.09338452811621377, 0.4312918879810143, 0.34018096800051895, 0.13514261590225296], [0.39777205356561257, 0.003669358848977756, 0.3602917395390272, 0.23826684804638243], [0.013532044106116614, 0.8591348972479694, 0.0058865867534898175, 0.12144647189242411], [0.03182520763806499, 0.2083018873451559, 0.10739571052479019, 0.652477194491989], [0.13909435559583955, 0.07564573667422209, 0.022376028669975553, 0.7628838790599628], [0.0033298525845083552, 0.882924942591508, 0.10522842435821399, 0.008516780465769766], [0.14660711470496177, 0.7923784297704874, 0.039977896913198065, 0.021036558611352712], [0.13260336212458493, 0.0666100479473428, 0.013314848637566223, 0.787471741290506], [0.01923314778852264, 0.19642884634924485, 0.09534851140660194, 0.6889894944556306], [0.06786078605431849, 0.01681630978770045, 0.04333438396782321, 0.8719885201901578], [0.5340600345109061, 0.044978245368185565, 0.033689184775752265, 0.38727253534515615], [0.814170884210331, 0.027486597304500215, 0.0022470948390556113, 0.1560954236461133], [0.06907354273143033, 0.8181763141358793, 0.0901710064632363, 0.022579136669454023]]}, "rewritten": {"ids": ["97105960", "97106591", "97106970", "97107681", "97107821", "97108520", "97109570", "97110950", "97111790", "98106111", "98107380", "98108150", "98109090", "98109311", "98111231", "98116500", "98116940", "99107630", "99108080", "99108330", "99108520", "99108890", "99109370", "99114890", "100117420", "101108121", "101110150", "101114020", "102110050", "102110690", "102113981", "102114270", "102118380", "103109641", "103110220", "103111480", "103111620", "103111830", "103112470", "103112641", "103113270", "104112470", "104113190", "104113550", "104114240", "104114320", "104116800", "105113170", "105113260", "105113620", "105115250", "105115380", "105115900", "105121190", "106112770", "106113260", "106118301", "106118820", "106119260", "106119990", "106120640", "107112850", "107113360", "107113550", "107114200", "107114780", "107115140", "107116980", "107118520", "107118780", "107118820", "107119950", "107121540", "108113480", "108113700", "108114040", "108114180", "108114200", "108114360", "108114670", "108115570", "108115870", "108116501", "108117610", "108117720", "108118630", "108121410", "109113281", "109113931", "109114270", "109115220", "109116930", "109118161", "109119591", "109120621", "109121351", "110114561", "110114950", "110115120", "110115580", "110115710", "110115890", "110117870", "110118161", "110118181", "110118450", "110118740", "110119300", "110121170", "111114121", "111116090", "111116100", "111116290", "111116750", "111116990", "111117200", "111119290", "111119300", "111119610", "112116540", "112116800", "112117431", "112117471", "112117780", "112118880", "112119930", "112119980", "112121360", "112121410", "112121430", "113118630", "113118810", "113119360", "113119930", "113119950", "113120070", "113120260", "113120591", "113120640", "113120780", "113121190", "113121950"], "labels": [2, 1, 2, 3, 2, 2, 0, 3, 2, 0, 1, 0, 1, 1, 1, 2, 2, 2, 3, 1, 2, 0, 1, 2, 2, 0, 1, 3, 3, 0, 1, 3, 1, 1, 2, 0, 0, 3, 1, 3, 2, 1, 3, 1, 0, 2, 1, 0, 3, 0, 2, 1, 3, 2, 1, 3, 1, 3, 1, 0, 3, 1, 0, 0, 2, 2, 0, 3, 2, 1, 3, 3, 2, 0, 0, 0, 1, 0, 1, 3, 3, 3, 0, 3, 1, 1, 0, 0, 1, 3, 3, 0, 0, 0, 1, 0, 0, 0, 0, 1, 2, 2, 3, 0, 1, 0, 3, 1, 2, 0, 3, 3, 2, 3, 0, 0, 3, 1, 2, 1, 0, 0, 3, 0, 1, 1, 0, 3, 0, 2, 3, 3, 0, 1, 0, 2, 3, 0, 0, 0, 1, 3], "predicted_labels": [3, 2, 2, 0, 0, 3, 3, 0, 1, 3, 0, 2, 2, 1, 0, 3, 3, 3, 0, 2, 2, 3, 2, 2, 3, 0, 2, 3, 3, 0, 2, 2, 2, 3, 2, 0, 0, 3, 3, 3, 2, 2, 3, 0, 3, 2, 3, 3, 3, 2, 2, 2, 2, 2, 2, 2, 1, 1, 2, 0, 1, 2, 0, 2, 3, 3, 2, 1, 3, 3, 3, 3, 2, 3, 3, 1, 1, 2, 3, 2, 2, 1, 2, 1, 0, 3, 1, 3, 3, 3, 2, 1, 3, 2, 3, 0, 2, 2, 3, 3, 2, 1, 3, 3, 1, 1, 1, 3, 3, 0, 3, 3, 3, 3, 3, 1, 3, 2, 3, 3, 3, 3, 3, 3, 3, 2, 1, 2, 3, 1, 3, 1, 3, 1, 3, 3, 3, 3, 3, 3, 3, 3], "confidence_scores": [[0.04165618957352519, 0.06224054317798883, 0.07193529372774486, 0.8241679735207411], [0.08352811154952894, 0.3039067888195492, 0.3182019323829085, 0.2943631672480134], [0.002024478839854359, 0.10452012571285327, 0.5277819690730022, 0.36567342637429007], [0.6640152154349054, 0.025483097018927377, 0.007263886214222383, 0.30323780133194483], [0.8870688566432117, 0.06538986761433992, 0.021581019589633408, 0.025960256152814946], [0.21307737347743422, 0.1125419937373727, 0.11913794512317606, 0.5552426876620171], [0.10432518846098784, 0.02056376288720088, 0.06545118173902625, 0.809659866912785], [0.7715955677067117, 0.014660096298118395, 0.11892328367405447, 0.09482105232111553], [0.06818572754409472, 0.6348966866375639, 0.11505300849688375, 0.1818645773214575], [0.06884650608246168, 0.318401468114191, 0.247805289294942, 0.36494673650840526], [0.5837872182449135, 0.06564556053099894, 0.29884038247382316, 0.05172683875026441], [0.07772928867849827, 0.16432025617204576, 0.49683446533167497, 0.26111598981778095], [0.040626083306302616, 0.06464753135778083, 0.6004093293421464, 0.29431705599377017], [0.006647957133265694, 0.7081860012732243, 0.025634144462563704, 0.2595318971309462], [0.6536403326549891, 0.1321510126374727, 0.15350428281878928, 0.060704371888749], [0.3351416934058218, 0.23259593816849264, 0.042181199641105435, 0.39008116878458005], [0.008286531570420193, 0.11007144690782306, 0.0962711519744444, 0.7853708695473123], [0.35316415113401733, 0.019017628268441354, 0.23857215513688942, 0.38924606546065194], [0.5140415463854897, 0.2023899670237689, 0.11205630988335288, 0.17151217670738855], [0.021670004212286913, 0.005794063845765098, 0.5233760287679354, 0.4491599031740126], [0.01599208042536187, 0.1028779816917851, 0.6211021129687132, 0.26002782491413984], [0.010606510697858224, 0.3631327371829441, 0.09978145803457694, 0.5264792940846207], [0.0041241888249453455, 0.1665959302525712, 0.4217763782665605, 0.407503502655923], [0.0011269265080038017, 0.033071727290382054, 0.8297271869452326, 0.13607415925638172], [0.02284379969501334, 0.10716849283975222, 0.31705650820651776, 0.5529311992587167], [0.8171347014741372, 0.0632990704715785, 0.008897580863872356, 0.11066864719041182], [0.08558581592151358, 0.21998308308199216, 0.42190700794401687, 0.27252409305247727], [0.10877601880448272, 0.01331818593218394, 0.37265578793487286, 0.5052500073284606], [0.10363221763311795, 0.345642227321809, 0.18791031969811814, 0.3628152353469549], [0.4084535859139847, 0.1376978033365462, 0.1458679280466147, 0.3079806827028544], [0.19374786532762325, 0.051752558824994084, 0.5933374819040964, 0.1611620939432863], [0.002703680563081114, 0.09366394382523038, 0.4565967024718461, 0.4470356731398424], [0.00171951606583135, 0.0011863260694224915, 0.9934714016245273, 0.0036227562402188574], [0.0031710649441509258, 0.002677754058203176, 0.017103378684867967, 0.9770478023127779], [0.07386120091909917, 0.09518116407323876, 0.5907197326057544, 0.24023790240190765], [0.7464558398360198, 0.1730241726696938, 0.007514834889451242, 0.07300515260483512], [0.33656362733487794, 0.16468941389872876, 0.2528492811409061, 0.2458976776254872], [0.08339335815850261, 0.2365347427409774, 0.10974867489412217, 0.5703232242063978], [0.03745072989338182, 0.39310963654609626, 0.08680582505409505, 0.48263380850642684], [0.10080232629481008, 0.005708820007502204, 0.02491860934292664, 0.868570244354761], [0.0021115050089619645, 0.012215559558142818, 0.5777568489304403, 0.40791608650245503], [0.045561947580015735, 0.009852644177920526, 0.5697224538089822, 0.3748629544330814], [0.009484340498943757, 0.028700173017740156, 0.15321179553005798, 0.808603690953258], [0.47819349966452873, 0.012394152477756049, 0.14658950371856433, 0.3628228441391508], [0.0667522739667993, 0.02723040748371066, 0.0969472673203929, 0.8090700512290973], [0.10856667386734828, 0.015257974892224366, 0.798647325655301, 0.0775280255851264], [0.033519116560949073, 0.012882838370318542, 0.2655277674651085, 0.6880702776036238], [0.039923242742909856, 0.06975324340947608, 0.1904161001865222, 0.6999074136610919], [0.012033401758248909, 0.373469749432148, 0.16365144602599047, 0.45084540278361257], [0.2834793472436123, 0.13405313188084408, 0.5048772807127322, 0.07759024016281148], [0.06882493715490452, 0.050613495218745516, 0.6043710722215672, 0.2761904954047828], [0.0036314793055135064, 0.011041535729664443, 0.744613024345579, 0.24071396061924313], [0.05291573975854083, 0.105588773304061, 0.46345852271567095, 0.3780369642217273], [0.1786672980348414, 0.34620131594010284, 0.40948608722095303, 0.06564529880410279], [0.07918355091806603, 0.0014297777881394447, 0.9000242110935834, 0.01936246020021119], [0.024032530237045078, 0.34335866613398175, 0.417207759814912, 0.21540104381406117], [0.3765600040347154, 0.5068991572962054, 0.01233142382161074, 0.10420941484746853], [0.007826617365541388, 0.485362504355648, 0.4015884077352926, 0.10522247054351795], [0.13836942944144145, 0.0994035114773375, 0.5013266405742542, 0.2609004185069668], [0.4883030065115136, 0.32690867132682755, 0.04842828085770056, 0.13636004130395818], [0.010774117256965783, 0.5892954771330364, 0.276398840497809, 0.12353156511218871], [0.007008505903680566, 0.08692921713572237, 0.7502911807997119, 0.15577109616088516], [0.8222821079303138, 0.04280900992058206, 0.001962576018113961, 0.1329463061309903], [0.009960859560241035, 0.028193073155496906, 0.6187519886144895, 0.34309407866977243], [0.015833269432059066, 0.3552547612488454, 0.05205428132249398, 0.5768576879966015], [0.0012911952557283757, 0.13848478102587813, 0.22727223132180494, 0.6329517923965886], [0.13090658902796198, 0.014284831972906345, 0.80416583358078, 0.05064274541835148], [0.03767102318484647, 0.7198716993831065, 0.07139062826390545, 0.17106664916814157], [0.09629630581117599, 0.0540159537269079, 0.09339833239989695, 0.7562894080620192], [0.06002318353214598, 0.2511947135449873, 0.28130572877892007, 0.4074763741439467], [0.004633194399298404, 0.03439384279033399, 0.14281440823473354, 0.8181585545756341], [0.09242298058787675, 0.05416830098717178, 0.01348353855728122, 0.8399251798676702], [0.00106611606279855, 0.002041412580780151, 0.9599598745274368, 0.036932596828984365], [0.000620078147687777, 0.09436400069598634, 0.20444802231249473, 0.7005678988438312], [0.002678538428238124, 0.05840678938896644, 0.3412003214823409, 0.5977143507004545], [0.3422002588123851, 0.3771821152633872, 0.09264850721588196, 0.1879691187083457], [0.03843308371919227, 0.5724421606132264, 0.14541912653130895, 0.24370562913627236], [0.006441587117303471, 0.11275823990485508, 0.7565092213098639, 0.12429095166797763], [0.4014875328937126, 0.03522923285759951, 0.09263618856865764, 0.4706470456800303], [0.20667260892952646, 0.031080714091093593, 0.4615561720921829, 0.300690504887197], [0.030642871679430674, 0.16277171445060187, 0.44427082064602924, 0.3623145932239383], [0.015533318919100538, 0.8699943531976665, 0.04373333987136188, 0.07073898801187095], [0.1033398505107953, 0.01064410828952793, 0.4944864955287934, 0.39152954567088327], [0.06226858977144831, 0.47923564605806407, 0.18301973284776765, 0.27547603132272], [0.4357913000637315, 0.08654723428597126, 0.08219049338498552, 0.3954709722653117], [0.008355352061601817, 0.011061810201067696, 0.12290515172848576, 0.8576776860088448], [0.22313188038390305, 0.5361523136938191, 0.0677226033762259, 0.1729932025460519], [0.22093498835649975, 0.03780173972755876, 0.01649236017186264, 0.7247709117440788], [0.042203230808113446, 0.07939070195984523, 0.4284648709557376, 0.4499411962763037], [0.07488449068974758, 0.08034396139488804, 0.02376809174871864, 0.8210034561666457], [0.07514152991635427, 0.11582922809238741, 0.5621333305671298, 0.2468959114241287], [0.4093905481007802, 0.42159871557074946, 0.13165296601227633, 0.03735777031619405], [0.03697570478591847, 0.3576947360837049, 0.02886415219893079, 0.5764654069314459], [0.06259144257814898, 0.41487389080293635, 0.4151006624651006, 0.10743400415381413], [0.04344176366655834, 0.024969256601571597, 0.015159201363010945, 0.9164297783688592], [0.9763244947775037, 0.002910661210476585, 0.002580314873736699, 0.018184529138282793], [0.11835209117563236, 0.21331983442314068, 0.44899026625604227, 0.21933780814518464], [0.008955437366452669, 0.3233033291334705, 0.37456121625519573, 0.293180017244881], [0.011091431175485817, 0.05194204226243429, 0.40558454922877507, 0.5313819773333048], [0.42091763136088867, 0.022054959584078587, 0.07684117337583535, 0.4801862356791972], [0.023782926613699427, 0.35451953171259126, 0.4509511588900604, 0.1707463827836489], [0.01068883882406672, 0.7562127393681084, 0.0331964233182616, 0.19990199848956317], [0.003109059506274081, 0.17303401729841064, 0.4049550633458461, 0.41890185984946915], [0.13697598018478743, 0.017850794132284267, 0.08910903526612768, 0.7560641904168006], [0.006333127362982937, 0.974813478656976, 0.014383644155100924, 0.00446974982494037], [0.166452892703886, 0.7810364799303002, 0.028080250581898107, 0.024430376783915686], [0.35072225206586666, 0.5221025238516597, 0.05081159314136732, 0.07636363094110621], [0.0032791763040092123, 0.29200626096261934, 0.07200774522950501, 0.6327068175038664], [0.012511820499477855, 0.05337527479014094, 0.30321746263570304, 0.6308954420746781], [0.5779229467733684, 0.042159727104091514, 0.019669875970365822, 0.36024745015217424], [0.18062489772907583, 0.09502662364918366, 0.07979596924221377, 0.6445525093795268], [0.06394812207821285, 0.45256286020249437, 0.03006522243199538, 0.45342379528729737], [0.016739505016062195, 0.065885399355926, 0.26992932493539584, 0.647445770692616], [0.00888985026689644, 0.0019872315213070794, 0.001006800295310128, 0.9881161179164863], [0.05483464340504372, 0.013380526274970873, 0.049309626355605395, 0.88247520396438], [0.23373510876988654, 0.46546452407060424, 0.06521407649963362, 0.2355862906598756], [0.013100892338745515, 0.38659119595117025, 0.038500335346082284, 0.5618075763640019], [0.0029689243449655513, 0.03667619455507737, 0.5210502193978348, 0.4393046617021223], [0.011420477287357622, 0.1354992968086604, 0.010990816148045555, 0.8420894097559365], [0.01344245884119857, 0.27843635825655744, 0.2749316750079473, 0.4331895078942966], [0.003413417532623511, 0.005898356351713776, 0.07273555095012442, 0.9179526751655384], [0.009710684676070684, 0.24564190148145734, 0.04069359386231198, 0.7039538199801599], [0.04928429058319613, 0.04134678035974789, 0.45173289604950767, 0.4576360330075482], [0.01547141444712817, 0.012388208107763466, 0.02919796973935068, 0.9429424077057577], [0.05530231141229411, 0.17180339650061197, 0.15305257343381135, 0.6198417186532826], [0.024739450337878853, 0.041717854123927596, 0.5579652437502809, 0.3755774517879128], [0.10198274991134253, 0.5528959680456532, 0.07205574211984882, 0.2730655399231556], [0.03212922894137594, 0.046394315432401224, 0.5883344737144713, 0.33314198191175154], [0.11229009080744859, 0.03787655351747214, 0.21381204373795332, 0.6360213119371261], [0.25751319411389134, 0.5133504610131301, 0.12752557793839206, 0.1016107669345865], [0.009176688687737501, 0.23148309117535415, 0.35218649192166335, 0.407153728215245], [0.0168581428316662, 0.6371641176060456, 0.05915276503509795, 0.2868249745271901], [0.14075936399960345, 0.09143308459243524, 0.02206781311421365, 0.7457397382937476], [0.08714926927570738, 0.4689587925483899, 0.08946623268765154, 0.35442570548825125], [0.03380069481308848, 0.010960198558459, 0.015594775398840858, 0.9396443312296117], [0.01726333403710858, 0.2742102238841642, 0.220623776748319, 0.4879026653304081], [0.048364553209040644, 0.05755198685721572, 0.21327338400990115, 0.6808100759238426], [0.011789126041060354, 0.021934590467878434, 0.14106048517797887, 0.8252157983130824], [0.34184146527606846, 0.20581258134564798, 0.03545901769685237, 0.41688693568143115], [0.0029408675962140215, 0.03234624871645821, 0.097960328600028, 0.8667525550872996], [0.1093669667088808, 0.14686141469494937, 0.2761118629055958, 0.46765975569057416], [0.017017678019979336, 0.03239599089091934, 0.1671717177845144, 0.7834146133045871]]}}