{"test": {"ids": ["104113380", "103110050", "108118301", "106114150", "101111620", "105112260", "101113210", "98107210", "97105960", "110117110", "102121700", "110120540", "99107300", "107116980", "108114040", "105116501", "112116540", "107116501", "100116790", "111116530", "112118701", "99114890", "113118421", "111118810", "97105451", "97116790", "108119330", "112119950", "109113931", "106111321", "111114121", "103111110", "105115720", "98107380", "113117550", "107115140", "101108121", "99109311", "108114220", "112117660", "103112470", "105117431", "107121640", "110118740", "112116850", "110114610", "101112160", "101108080", "108113760", "108121410", "99109740", "105110251", "99111440", "104114230", "100108990", "98106560", "101112201", "111114941", "98109090", "98108970", "110121140", "108114670", "111118820", "110114561", "103111990", "102110750", "105116090", "106114011", "108118060", "111116040", "98110680", "111114171", "98116090", "105113190", "101112690", "105115570", "109120150", "110116290", "107121540", "101111990", "97112170", "104119340", "109118701", "101108950", "108120260", "111121410", "110120531", "110121170", "109115070", "100111080", "107113130", "106113190", "108119550", "103112641", "97113900", "104113240", "103120780", "112121430", "113119480", "111121190", "108113700", "105112240", "111116411", "108120280", "102107961", "102113350", "108117451", "113119360", "110121720", "110115890", "102110050", "113118111", "105113480", "108121190", "100111380", "113118690", "108115570", "101114990", "112118820", "100109910", "100108520", "108121160", "100109801", "111116750", "107112840", "106114880", "111116640", "109118820", "107118780", "108118520", "101110740", "109115220", "113122120", "107114950", "111119290", "104112201", "113122230", "104117630", "108114270", "108114360", "97107920", "104117200"], "labels": [1, 3, 1, 1, 3, 3, 3, 1, 2, 0, 1, 1, 3, 3, 0, 1, 1, 1, 2, 3, 0, 2, 3, 0, 0, 2, 0, 0, 1, 0, 0, 3, 1, 1, 3, 0, 0, 1, 3, 0, 1, 1, 1, 3, 0, 1, 3, 0, 1, 0, 3, 0, 3, 2, 2, 1, 0, 0, 1, 3, 3, 3, 0, 0, 2, 1, 1, 1, 1, 0, 2, 3, 0, 3, 1, 0, 2, 2, 2, 2, 0, 1, 3, 2, 1, 0, 0, 2, 0, 0, 1, 0, 1, 3, 2, 2, 1, 2, 3, 1, 0, 1, 0, 3, 3, 3, 2, 0, 3, 2, 3, 1, 0, 1, 3, 3, 3, 3, 0, 2, 2, 2, 0, 3, 1, 0, 0, 3, 1, 0, 3, 3, 1, 3, 3, 0, 1, 0, 3, 1, 0, 3], "predicted_labels": [1, 2, 3, 0, 2, 1, 3, 1, 3, 1, 0, 1, 0, 2, 2, 1, 1, 3, 0, 2, 3, 2, 3, 1, 0, 1, 0, 3, 0, 0, 3, 3, 3, 0, 3, 3, 1, 3, 3, 3, 3, 1, 2, 0, 3, 1, 0, 1, 0, 3, 2, 1, 0, 1, 1, 1, 3, 0, 1, 1, 3, 0, 0, 3, 1, 2, 3, 3, 1, 3, 1, 3, 1, 3, 3, 3, 3, 3, 2, 1, 3, 3, 1, 3, 3, 3, 3, 3, 1, 0, 2, 0, 1, 0, 3, 1, 2, 1, 1, 2, 2, 2, 0, 0, 0, 3, 3, 0, 1, 1, 3, 1, 3, 0, 1, 3, 1, 2, 3, 0, 0, 1, 3, 0, 3, 3, 1, 1, 3, 1, 0, 0, 1, 3, 0, 3, 2, 1, 3, 1, 0, 1], "confidence_scores": [[0.1660899734641602, 0.3639143395527094, 0.11932729619878311, 0.3506683907843473], [0.2074796060912593, 0.18454083565179413, 0.31680725350950406, 0.2911723047474425], [0.23090575202887162, 0.19354103096737163, 0.12283393057257957, 0.452719286431177], [0.45618329902684246, 0.2594780214485155, 0.13356899505310638, 0.15076968447153555], [0.1661774179866448, 0.1717991548705757, 0.44023354235922196, 0.22178988478355746], [0.16926772139816415, 0.42258757277525666, 0.2055502997050732, 0.20259440612150598], [0.23984977103746413, 0.2458890917334919, 0.25550187755112647, 0.2587592596779176], [0.13603090062920306, 0.3879234586020337, 0.113758640609366, 0.3622870001593972], [0.17960599347626469, 0.3342717141993537, 0.14177154260262106, 0.3443507497217606], [0.2032391743208072, 0.3825047970465036, 0.16512988961963068, 0.24912613901305877], [0.37650900399055837, 0.1566978067119012, 0.2772910450373998, 0.1895021442601408], [0.26086567009435885, 0.28102567798133016, 0.20106588898816882, 0.25704276293614226], [0.36031683756013927, 0.2399512582019593, 0.12770121218134114, 0.2720306920565603], [0.1087909269212847, 0.15517512361311833, 0.610660310201028, 0.12537363926456901], [0.059546607005182585, 0.2974410825726354, 0.539736779691112, 0.1032755307310699], [0.2788879592578906, 0.2830166712090227, 0.1646207079110622, 0.27347466162202455], [0.1508925612715941, 0.39260911560169315, 0.15502034798608702, 0.3014779751406258], [0.2103214312613781, 0.11025982525573752, 0.2223430908608412, 0.4570756526220434], [0.4512459471932328, 0.16511253048938127, 0.2726769281668696, 0.11096459415051643], [0.23048345239224113, 0.18470435804622964, 0.45576997832275573, 0.12904221123877352], [0.18938709896079536, 0.20257300164868675, 0.10332565388832896, 0.504714245502189], [0.0991735643094729, 0.10814446242369344, 0.6261737069223027, 0.1665082663445309], [0.16559151569515743, 0.14186269805570828, 0.1976871834745103, 0.49485860277462407], [0.2525020379607864, 0.31698707715678165, 0.15821868406750655, 0.2722922008149255], [0.3763755574268335, 0.24546815475292663, 0.20126867208822516, 0.17688761573201486], [0.25504941989224517, 0.28673366252977067, 0.1831872270131871, 0.27502969056479715], [0.3424047876238819, 0.28905035323859635, 0.1309595669366934, 0.23758529220082816], [0.18733196269783056, 0.15303800278051755, 0.2976758392291758, 0.36195419529247613], [0.4174342310126709, 0.19405962074123642, 0.12148531657566954, 0.2670208316704231], [0.32473539864275025, 0.24333565239741436, 0.17394170027351316, 0.2579872486863221], [0.2834517500132311, 0.24880402544190733, 0.13045831456903817, 0.33728590997582336], [0.15059753436406903, 0.2102956904873618, 0.31513057543671086, 0.3239761997118583], [0.20914343368224542, 0.1574146535654427, 0.22651789588544624, 0.4069240168668657], [0.460204048259803, 0.18304003090557916, 0.16311764045070284, 0.193638280383915], [0.1738024394560553, 0.16688551503028862, 0.27951265387456675, 0.3797993916390893], [0.19839262020083395, 0.17471086531557972, 0.13700474723765424, 0.4898917672459321], [0.22395408705031197, 0.48223550462729836, 0.10588620242168709, 0.18792420590070272], [0.2630915978638091, 0.20304807242717296, 0.08624229615089693, 0.4476180335581212], [0.267377086249054, 0.23947543200861207, 0.21110797341918422, 0.2820395083231498], [0.19831519133043193, 0.24798255573347783, 0.176091625803956, 0.3776106271321344], [0.23433283585135115, 0.29794785547650193, 0.16620775133770258, 0.3015115573344444], [0.16046375254445208, 0.4289549710699928, 0.18789383067010537, 0.22268744571544988], [0.07520064255265396, 0.15954142836783347, 0.6186853446575009, 0.1465725844220119], [0.3148787629290213, 0.2932292024478678, 0.15709461810567182, 0.23479741651743907], [0.23294047634597087, 0.27145359441495454, 0.1473259723520823, 0.34827995688699237], [0.20659087953860814, 0.32908939832455025, 0.24514777874324015, 0.21917194339360138], [0.3050934920951432, 0.2867495059026168, 0.2350258712105908, 0.17313113079164924], [0.21509425667809096, 0.34080679265040414, 0.2525922950276093, 0.1915066556438956], [0.28237391508320875, 0.2539149727319532, 0.21794398728670325, 0.24576712489813482], [0.24532214074131514, 0.293495224076431, 0.12223506254262867, 0.338947572639625], [0.08839296300584895, 0.19415060269628168, 0.5997075799798535, 0.11774885431801603], [0.13803050421744245, 0.40590900509589023, 0.19320143878891335, 0.2628590518977539], [0.3439449027584782, 0.25408244737541597, 0.24495736759890444, 0.15701528226720138], [0.24295488072118046, 0.3059094250397825, 0.30528088200881176, 0.14585481223022514], [0.24998514072974365, 0.3976608870744171, 0.1704960948210052, 0.1818578773748342], [0.11361198508360543, 0.5262269645026375, 0.1430322764099999, 0.21712877400375705], [0.27831469599785424, 0.2347595289880249, 0.11807233782848846, 0.3688534371856325], [0.377590233408588, 0.24257841897763333, 0.1733831927559181, 0.20644815485786075], [0.1502231572522349, 0.39620216298336014, 0.2459802935411308, 0.20759438622327417], [0.24656416110521373, 0.3380963561602838, 0.288806612652473, 0.12653287008202976], [0.27057148891873606, 0.2721455423539799, 0.13826803063607926, 0.31901493809120474], [0.38326280580956973, 0.3480809905425523, 0.1374704912715524, 0.13118571237632554], [0.32684638912174624, 0.25703727397180665, 0.1446948481809962, 0.2714214887254509], [0.3462551011199107, 0.18281331381189123, 0.11986921378856646, 0.35106237127963147], [0.18808421731650168, 0.36300075952047484, 0.19351760387831327, 0.2553974192847103], [0.17753597608961544, 0.17137655972603416, 0.4529264117280637, 0.19816105245628668], [0.2000295138739764, 0.28057795424524945, 0.12531144023687277, 0.39408109164390154], [0.23373417943633357, 0.25024945537087045, 0.19394209644847593, 0.32207426874432027], [0.2678805604001985, 0.392898022965002, 0.1398200040411909, 0.19940141259360863], [0.22266331367903003, 0.18395344839451197, 0.18419177896802316, 0.4091914589584349], [0.2138963910077274, 0.2903125498990022, 0.2407687930979737, 0.25502226599529676], [0.30787418377644044, 0.23642044921015481, 0.11515068622701716, 0.3405546807863877], [0.23810811009386765, 0.31439725964417303, 0.24399392411479953, 0.20350070614715982], [0.14574020165035698, 0.28422890923632455, 0.14683790773865366, 0.4231929813746648], [0.12058399546601742, 0.33438194299216445, 0.15726602940762777, 0.38776803213419037], [0.2280244430747147, 0.25185930933633227, 0.18488468719742096, 0.3352315603915322], [0.21395072220230008, 0.2197176596072922, 0.16990666462741355, 0.39642495356299423], [0.26131993809125054, 0.25059159572197764, 0.18791496732613674, 0.30017349886063505], [0.19203271723221915, 0.1702327264959298, 0.4544180797486141, 0.18331647652323702], [0.31217965793337, 0.32066426049283825, 0.1638415836273938, 0.2033144979463979], [0.18849807947858657, 0.1686068700094297, 0.16673764863963733, 0.47615740187234634], [0.20290958047905347, 0.21285421840991253, 0.07032341167175551, 0.5139127894392784], [0.17961825842353088, 0.4404640601558427, 0.1471417152169187, 0.23277596620370775], [0.18896685230245577, 0.31377331251961676, 0.16735082235624735, 0.32990901282167995], [0.25002113827951106, 0.23805931572196706, 0.1722929596695716, 0.3396265863289502], [0.20381453688467993, 0.2337665475434131, 0.14197700624001594, 0.420441909331891], [0.2300326923963569, 0.19923614437705797, 0.13531498760620392, 0.43541617562038126], [0.13644940922678372, 0.34840442513856645, 0.08864264816279577, 0.42650351747185394], [0.15834770124582453, 0.6508363339060295, 0.0858942452259495, 0.1049217196221965], [0.3525418906906614, 0.19784451676746206, 0.13358202982266928, 0.31603156271920735], [0.23030586395884817, 0.1638790372255927, 0.44640472539634407, 0.15941037341921513], [0.3238107737634317, 0.2654803400753471, 0.16455697038932116, 0.2461519157719], [0.1495703929688289, 0.34273434824868254, 0.3351451438647016, 0.1725501149177869], [0.3056401565625428, 0.19489568642505012, 0.2305950558474224, 0.26886910116498447], [0.22470130346176742, 0.10958824267619297, 0.15739646005571958, 0.50831399380632], [0.17716173012029177, 0.4774074635449136, 0.15418565248890845, 0.19124515384588617], [0.2705525942271051, 0.1743738934208657, 0.2838063666212376, 0.2712671457307916], [0.19148025780871727, 0.33615757241761707, 0.17928526522135044, 0.2930769045523154], [0.1744890358623361, 0.34237646565645335, 0.16333469100951734, 0.3197998074716931], [0.18207437954356953, 0.1649422832448503, 0.3704832310327897, 0.2825001061787906], [0.15797861853820908, 0.1501989689080513, 0.5458565555929484, 0.14596585696079115], [0.1780909936064399, 0.28665670026415513, 0.39360132085633376, 0.1416509852730712], [0.38584220548728493, 0.17124743996531264, 0.10407641354804395, 0.3388339409993585], [0.385256689445673, 0.1699868740526808, 0.12303418836909447, 0.32172224813255174], [0.3503698964966823, 0.22390029491152827, 0.14026399458472588, 0.28546581400706356], [0.19270200357279346, 0.16660849723731125, 0.2421247015399752, 0.3985647976499203], [0.2144848412338487, 0.12060240662105456, 0.1611232124116031, 0.5037895397334936], [0.38951110494726077, 0.2216935676301882, 0.13337885615840703, 0.25541647126414413], [0.186147627690517, 0.2994769618802395, 0.22548479383347508, 0.28889061659576837], [0.22489548956425243, 0.31226902421927144, 0.17054305678133452, 0.2922924294351415], [0.3182226395575036, 0.16126296964203354, 0.08973420391269307, 0.43078018688777], [0.2875221245507676, 0.3338159776106213, 0.08631867589795589, 0.292343221940655], [0.1681113525845001, 0.2602144362437602, 0.22192352145286703, 0.34975068971887274], [0.37227601308078656, 0.2750759941138167, 0.15394260828195766, 0.19870538452343908], [0.19616534469310976, 0.34542120348187516, 0.1558881899276168, 0.3025252618973984], [0.27033780968148313, 0.19856562364656807, 0.1978467219606014, 0.3332498447113474], [0.14607261914311606, 0.3826480139790658, 0.12822961542753125, 0.343049751450287], [0.21909419770683863, 0.2730143888944924, 0.32711716065411306, 0.1807742527445561], [0.18181825454778971, 0.28466997961624524, 0.1255359877349996, 0.4079757781009654], [0.4149404934032886, 0.17318988773717622, 0.1904585406819992, 0.22141107817753614], [0.3068905274308734, 0.29138270008649747, 0.14283006304915544, 0.25889670943347354], [0.14182471217021148, 0.4019908509578978, 0.19369933153297053, 0.2624851053389203], [0.25380125006973075, 0.24997730840453614, 0.17464889638443482, 0.3215725451412984], [0.33339486655685174, 0.26414151355211785, 0.1490399491479832, 0.25342367074304706], [0.253533754171967, 0.2231817395518481, 0.24689995204660445, 0.2763845542295806], [0.1458091942519911, 0.18746150398475217, 0.23283033885214532, 0.43389896291111146], [0.2503150436371707, 0.2916827517927674, 0.1798086018779944, 0.2781936026920674], [0.17617576172982596, 0.322021684797, 0.3102901686484515, 0.19151238482472277], [0.2700029310656498, 0.20880327540370414, 0.1738410010637597, 0.34735279246688655], [0.29233480089089037, 0.3435010681955323, 0.19905861676811187, 0.16510551414546537], [0.49597603962689757, 0.21867390450112528, 0.11733669421248606, 0.16801336165949113], [0.3169750864850003, 0.1933572343708343, 0.281783131260429, 0.2078845478837363], [0.20024108208517283, 0.4030083823767988, 0.15626872347818088, 0.24048181205984756], [0.2803313359851467, 0.11601285131419532, 0.11482633724930695, 0.4888294754513511], [0.36625319672812734, 0.24492745365780702, 0.16245836501724784, 0.226360984596818], [0.21151224459458765, 0.17059872390651726, 0.09615210609903052, 0.5217369253998646], [0.17441910304918037, 0.2821588595843014, 0.30342597646844516, 0.23999606089807315], [0.2483063245328479, 0.29282806604637335, 0.1860420284426597, 0.27282358097811904], [0.2220028026463907, 0.2444440380858807, 0.10875814718592228, 0.4247950120818066], [0.2627385533632663, 0.5364906939169163, 0.06937297055207822, 0.13139778216773915], [0.3608297303347882, 0.19073295096387574, 0.11270041199049206, 0.33573690671084394], [0.215615382514011, 0.45938430109693884, 0.10173658596348252, 0.22326373042556774]]}, "rewritten": {"ids": ["97105451", "97105960", "97107920", "97112170", "97113900", "97116790", "98106560", "98107210", "98107380", "98108970", "98109090", "98110680", "98116090", "99107300", "99109311", "99109740", "99111440", "99114890", "100108520", "100108990", "100109801", "100109910", "100111080", "100111380", "100116790", "101108080", "101108121", "101108950", "101110740", "101111620", "101111990", "101112160", "101112201", "101112690", "101113210", "101114990", "102107961", "102110050", "102110750", "102113350", "102121700", "103110050", "103111110", "103111990", "103112470", "103112641", "103120780", "104112201", "104113240", "104113380", "104114230", "104117200", "104117630", "104119340", "105110251", "105112240", "105112260", "105113190", "105113480", "105115570", "105115720", "105116090", "105116501", "105117431", "106111321", "106113190", "106114011", "106114150", "106114880", "107112840", "107113130", "107114950", "107115140", "107116501", "107116980", "107118780", "107121540", "107121640", "108113700", "108113760", "108114040", "108114220", "108114270", "108114360", "108114670", "108115570", "108117451", "108118060", "108118301", "108118520", "108119330", "108119550", "108120260", "108120280", "108121160", "108121190", "108121410", "109113931", "109115070", "109115220", "109118701", "109118820", "109120150", "110114561", "110114610", "110115890", "110116290", "110117110", "110118740", "110120531", "110120540", "110121140", "110121170", "110121720", "111114121", "111114171", "111114941", "111116040", "111116411", "111116530", "111116640", "111116750", "111118810", "111118820", "111119290", "111121190", "111121410", "112116540", "112116850", "112117660", "112118701", "112118820", "112119950", "112121430", "113117550", "113118111", "113118421", "113118690", "113119360", "113119480", "113122120", "113122230"], "labels": [0, 2, 0, 0, 2, 2, 1, 1, 1, 3, 1, 2, 0, 3, 1, 3, 3, 2, 2, 2, 0, 2, 0, 3, 2, 0, 0, 2, 3, 3, 2, 3, 0, 1, 3, 3, 3, 3, 1, 3, 1, 3, 3, 2, 1, 3, 1, 0, 2, 1, 2, 3, 0, 1, 0, 1, 3, 3, 0, 0, 1, 1, 1, 1, 0, 0, 1, 1, 0, 1, 1, 3, 0, 1, 3, 1, 2, 1, 0, 1, 0, 3, 3, 1, 3, 3, 2, 1, 1, 0, 0, 1, 1, 3, 2, 1, 0, 1, 0, 3, 3, 3, 2, 0, 1, 2, 2, 0, 3, 0, 1, 3, 2, 3, 0, 3, 0, 0, 0, 3, 0, 3, 0, 0, 3, 1, 0, 1, 0, 0, 0, 0, 0, 2, 3, 1, 3, 3, 0, 3, 1, 1], "predicted_labels": [1, 1, 0, 3, 1, 1, 1, 1, 2, 1, 1, 1, 1, 3, 1, 1, 1, 2, 1, 0, 1, 1, 0, 0, 1, 1, 1, 2, 1, 1, 1, 1, 1, 1, 3, 1, 1, 0, 1, 2, 3, 1, 1, 1, 1, 1, 1, 1, 1, 1, 1, 1, 2, 1, 1, 1, 1, 1, 1, 1, 3, 1, 1, 1, 1, 0, 1, 1, 1, 1, 1, 3, 0, 0, 1, 2, 1, 2, 1, 1, 1, 1, 1, 1, 1, 1, 3, 1, 1, 2, 1, 1, 3, 3, 1, 1, 1, 1, 1, 1, 1, 1, 3, 0, 1, 1, 1, 1, 1, 1, 1, 2, 1, 1, 0, 1, 1, 3, 0, 3, 0, 3, 1, 1, 1, 1, 1, 1, 1, 0, 1, 0, 2, 1, 1, 1, 1, 2, 0, 1, 1, 1], "confidence_scores": [[0.19054344109916577, 0.43713600775240036, 0.12192999693254755, 0.25039055421588635], [0.13894218826712054, 0.5975565094369483, 0.12630078466981237, 0.13720051762611887], [0.34946108630962874, 0.27023899017970643, 0.09305599524428017, 0.2872439282663847], [0.26148770410456074, 0.21025303977019677, 0.2454145110045662, 0.2828447451206764], [0.1813142163596593, 0.4239663592070645, 0.19475636481605652, 0.1999630596172199], [0.212664497866155, 0.31289036583281454, 0.3053297854421686, 0.16911535085886187], [0.0857705723728874, 0.5794287830814109, 0.18907324016041074, 0.14572740438529086], [0.1497258939868675, 0.5160899501589906, 0.13555200654689775, 0.19863214930724404], [0.15233634408784452, 0.23597435932856275, 0.37845518187688326, 0.23323411470670963], [0.14498136050368596, 0.3819394364064624, 0.2933197079355544, 0.1797594951542972], [0.1973582539794728, 0.5100891251568674, 0.11166030683756038, 0.18089231402609934], [0.15281028449796055, 0.45001670198324034, 0.16057616015760248, 0.23659685336119676], [0.119579770999842, 0.5889979405268106, 0.10825968354457671, 0.18316260492877073], [0.31737649670952983, 0.19892797990528607, 0.14510236675491858, 0.3385931566302656], [0.13994417218837787, 0.5343199106837634, 0.1729262701899215, 0.15280964693793733], [0.3705099488714576, 0.4098864462545378, 0.09126798756242406, 0.12833561731158044], [0.2954236118151661, 0.31984300578397695, 0.12269904012871972, 0.2620343422721374], [0.08053423413908302, 0.19938052202173062, 0.5959524019639553, 0.1241328418752311], [0.16752988338503577, 0.43312351127841103, 0.16905594711919822, 0.23029065821735492], [0.4042770755598473, 0.3090242077944773, 0.1359769781898281, 0.15072173845584735], [0.2769309504561553, 0.3431662363798962, 0.14089438547410904, 0.23900842768983957], [0.13271680496779303, 0.5189391155858195, 0.24741290630184662, 0.10093117314454085], [0.299971749418214, 0.2898865280325988, 0.1556282275484835, 0.25451349500070397], [0.3677780327886396, 0.23549700603152515, 0.18384220258250678, 0.2128827585973286], [0.14880396269146545, 0.5273220542187494, 0.17548424956810482, 0.14838973352168028], [0.18958280780384468, 0.3942449636812092, 0.24138216992958839, 0.1747900585853576], [0.23207728615436682, 0.5069313058604259, 0.06091624805041652, 0.20007515993479072], [0.08697960410543512, 0.20337940387355025, 0.6146111469503943, 0.09502984507062041], [0.19562829124103598, 0.46407894151278073, 0.13304663062529054, 0.20724613662089286], [0.13314657331899937, 0.5830131392834081, 0.12749437914623302, 0.15634590825135947], [0.15207428530319098, 0.567992631758364, 0.11929846254151115, 0.1606346203969337], [0.27333991444573785, 0.4088895652490885, 0.13195784006057945, 0.18581268024459413], [0.28563837230728434, 0.3190672634345559, 0.1291947254382224, 0.2660996388199373], [0.2259655210717357, 0.36851587404313824, 0.19427298272141552, 0.21124562216371065], [0.23030835560786275, 0.23140724883491395, 0.22355264643169212, 0.3147317491255311], [0.17469472383086757, 0.348322770114188, 0.20150771219569238, 0.27547479385925194], [0.22234107649246063, 0.3374207727028794, 0.11614743208587991, 0.3240907187187801], [0.42143718015898407, 0.32983788768517125, 0.10143078828141153, 0.14729414387443318], [0.1114632809664749, 0.5177174657957243, 0.2388774059660825, 0.13194184727171834], [0.20028582816909082, 0.25807178142906795, 0.2866043333078525, 0.2550380570939886], [0.24630175862638562, 0.26555450537332037, 0.21103583321405495, 0.27710790278623904], [0.15030684008862075, 0.3563482488722081, 0.33822855735427054, 0.15511635368490073], [0.20008737008600455, 0.42190998426274373, 0.13527514953854147, 0.2427274961127101], [0.20716979101303953, 0.4001647626452064, 0.16502548707999248, 0.22763995926176148], [0.15982470213262312, 0.48887894463134773, 0.1289722436019293, 0.22232410963409976], [0.3323170589616786, 0.33825484763303654, 0.1230443119321747, 0.20638378147311007], [0.28612633803070964, 0.36914033628386417, 0.15285419880833848, 0.19187912687708789], [0.3066975803447887, 0.3709013148523391, 0.0898206189253271, 0.23258048587754515], [0.1584491735375386, 0.5787863820027184, 0.1000741887494477, 0.16269025571029527], [0.184862878522503, 0.4478738692484971, 0.11473265959178289, 0.2525305926372169], [0.16799342939483397, 0.4746853366147553, 0.22504674176806455, 0.132274492222346], [0.1621900320841094, 0.5642152019033462, 0.12538708584954214, 0.14820768016300234], [0.06218408425073518, 0.18487676450365406, 0.6720884226994189, 0.0808507285461919], [0.14367664513669132, 0.3632801566970414, 0.16673347241119613, 0.3263097257550713], [0.28947965945385096, 0.30979295276291213, 0.14626652521035613, 0.2544608625728807], [0.14838485232639215, 0.3640443445187452, 0.3050779831004675, 0.1824928200543951], [0.2529691119535278, 0.4412903436714993, 0.17915656340522965, 0.12658398096974338], [0.2712327709522971, 0.36996921917695963, 0.15829876510946742, 0.200499244761276], [0.16875410648256972, 0.387279297437067, 0.2535146387532172, 0.19045195732714604], [0.15565240549632314, 0.6020687413590682, 0.08815427407119032, 0.15412457907341837], [0.15041621524028964, 0.3520803828295901, 0.10057276645766725, 0.39693063547245316], [0.203053484333507, 0.45845407963178103, 0.16347295853703483, 0.17501947749767716], [0.15658383277125096, 0.4685633322182164, 0.12104364625188109, 0.2538091887586515], [0.20294642311108316, 0.6158217100232862, 0.06687863001560365, 0.11435323685002707], [0.18070724534577093, 0.4925533564091628, 0.17305439111143106, 0.1536850071336352], [0.41162024086030846, 0.3031633765772667, 0.10593069600250961, 0.17928568655991511], [0.18115115194616177, 0.4200687455317681, 0.21411236325352, 0.18466773926855007], [0.3373724783128988, 0.40056849125750615, 0.10474623618721346, 0.15731279424238181], [0.3663695251899431, 0.36824544401264747, 0.09814595310545828, 0.16723907769195118], [0.25717372917342873, 0.41819190097833037, 0.1506841086014253, 0.17395026124681554], [0.22480511645184195, 0.5143379448792744, 0.12842663916444363, 0.13243029950444005], [0.1632385483835502, 0.14821917266545415, 0.12601079628369077, 0.5625314826673049], [0.3165495088855557, 0.29252942094962997, 0.16355541947238278, 0.2273656506924316], [0.3643424421746018, 0.26131511643281485, 0.10394502230397734, 0.27039741908860615], [0.22052757555718455, 0.35598619036139234, 0.13039669744886337, 0.29308953663255977], [0.11123178078059864, 0.19381735186371762, 0.6167697795869834, 0.07818108776870042], [0.1661320110048173, 0.3697244058707403, 0.3230887047728215, 0.14105487835162098], [0.14602286553354651, 0.13467665048065078, 0.6049387053109943, 0.11436177867480826], [0.33338609073558323, 0.33445582684580843, 0.08975630779819573, 0.24240177462041274], [0.15210598479665066, 0.5663803107479377, 0.106334396753838, 0.17517930770157356], [0.14481788766232645, 0.5310459891102054, 0.1412194979286839, 0.1829166252987843], [0.2880273075510288, 0.33939928073455256, 0.09800435758586433, 0.27456905412855437], [0.19684525208078602, 0.48726504795982417, 0.09780937561365328, 0.21808032434573668], [0.17447121301553684, 0.6270753633081276, 0.07015069105792708, 0.1283027326184085], [0.3050306749773821, 0.3968931095449176, 0.10169998712494487, 0.19637622835275545], [0.2819261776585023, 0.37753881079869295, 0.11651377287008033, 0.22402123867272458], [0.18556503173418026, 0.27127418828404465, 0.14173404471998102, 0.40142673526179407], [0.14846441574397928, 0.6020906492766025, 0.10629434421389113, 0.14315059076552708], [0.31804620815199963, 0.42904683634350316, 0.09305219028846211, 0.1598547652160351], [0.18648321408374788, 0.26066917770591563, 0.32772294956667053, 0.225124658643666], [0.22596829674627308, 0.4772468361980604, 0.10838296258644549, 0.18840190446922117], [0.19291939568981753, 0.3147133802107639, 0.25329315731112734, 0.2390740667882911], [0.21507334734831318, 0.2543440250460458, 0.18898025358959003, 0.34160237401605087], [0.17138440197993945, 0.1308919145878414, 0.2903057366821256, 0.4074179467500936], [0.17479319893171447, 0.48192797780254115, 0.13797472382276857, 0.20530409944297598], [0.26704204973818685, 0.3460723478364701, 0.1677474552435205, 0.21913814718182262], [0.2369990291967166, 0.38628118647190957, 0.15631675657917024, 0.2204030277522036], [0.1721967402791197, 0.5117508466921173, 0.10890787464434194, 0.20714453838442112], [0.09935874321090551, 0.6790800636940687, 0.09442916624510833, 0.12713202684991734], [0.15902304734219128, 0.5463201745688941, 0.12447216354924978, 0.17018461453966482], [0.21648188672333074, 0.45522116708477467, 0.1245535323641723, 0.20374341382772246], [0.2220471595168435, 0.3534396654960251, 0.12837048423446254, 0.29614269075266897], [0.21785738138839236, 0.20621378003622962, 0.15639785819958987, 0.4195309803757883], [0.30527267472284203, 0.27177017116954183, 0.1608600195893067, 0.2620971345183095], [0.15136998147780922, 0.5487821103461615, 0.18451637777921046, 0.115331530396819], [0.17135598569165936, 0.4953472576721661, 0.11455055841475188, 0.21874619822142274], [0.16854873508996135, 0.34022536715415613, 0.28487678659128485, 0.20634911116459748], [0.19487517308646413, 0.4906877770951909, 0.12340715314251029, 0.19102989667583478], [0.20335242674995604, 0.36901455747067385, 0.20445147277478476, 0.2231815430045855], [0.2866421464240571, 0.42230767012908166, 0.09769362601876032, 0.19335655742810082], [0.2367733216927483, 0.3653123750682418, 0.18726758962334236, 0.2106467136156676], [0.17441924877104883, 0.16443622241312914, 0.37887930055469227, 0.2822652282611299], [0.21643287397142313, 0.39952307713680646, 0.1717831574798573, 0.21226089141191323], [0.19596008810616283, 0.4325373030288424, 0.16732867306338506, 0.20417393580160975], [0.36309891392116816, 0.30901875290117214, 0.11711300869713175, 0.21076932448052796], [0.3273590515933866, 0.4091754999398494, 0.10020177408013724, 0.16326367438662687], [0.2544698262775983, 0.36190257902698053, 0.22539280416401053, 0.1582347905314108], [0.1637658421538232, 0.19644708823459323, 0.27673922780609195, 0.3630478418054917], [0.4518735193941227, 0.21444943241773637, 0.10494593082582276, 0.22873111736231833], [0.1699916655874183, 0.2692644717191786, 0.2568185040114386, 0.3039253586819646], [0.28360176379467855, 0.2201259208679162, 0.2655679163025007, 0.23070439903490444], [0.19763934464284585, 0.18088455874497067, 0.1580463368489932, 0.4634297597631902], [0.16257744383687742, 0.4722727992822678, 0.19132156364255698, 0.17382819323829773], [0.23301949857195417, 0.4225140800717943, 0.1254630924137972, 0.2190033289424544], [0.19878920326809932, 0.4915083932673724, 0.1258042634128383, 0.18389814005169017], [0.20192345732702113, 0.41018275113517494, 0.1456101272615526, 0.2422836642762515], [0.20167972488127736, 0.49749964595720564, 0.13517264763628334, 0.16564798152523366], [0.15566809091266848, 0.4492839329281685, 0.21742963482619587, 0.1776183413329672], [0.2616968238340106, 0.2855531097293838, 0.20561355262853434, 0.24713651380807142], [0.3174456091125552, 0.2866501640336953, 0.18867433032554812, 0.20722989652820153], [0.17523147471404102, 0.5518946567516206, 0.10375010550920437, 0.16912376302513404], [0.32797585747436614, 0.30103985401376326, 0.17706663395197594, 0.19391765455989454], [0.11431123150477604, 0.23076594167139686, 0.489283256058692, 0.16563957076513536], [0.21861724414111963, 0.3262172244723188, 0.23595489633941558, 0.21921063504714605], [0.18560128513322172, 0.47411280473597583, 0.13486552553364148, 0.20542038459716094], [0.17099864449826355, 0.5075160183109736, 0.1574538133365007, 0.16403152385426215], [0.18507076355343333, 0.3578538565723281, 0.10667146377462192, 0.3504039160996169], [0.22969511356831887, 0.2972837402225409, 0.34747418552744186, 0.12554696068169824], [0.3746006999852979, 0.23633358511787617, 0.1398585913366108, 0.2492071235602151], [0.22260408187033637, 0.41607346802550077, 0.14507540361428187, 0.21624704648988105], [0.19230434195054344, 0.3642932511663967, 0.1296389916331007, 0.3137634152499592], [0.18203831650367583, 0.4441515839524922, 0.17233314877399392, 0.20147695076983807]]}}