{"test": {"ids": ["113120531", "111120540", "99109780", "100109890", "113122650", "110121500", "112118530", "104119290", "106114011", "102113350", "102110500", "103113270", "97112290", "113121750", "108113760", "101110200", "100111270", "112116290", "111121220", "97110950", "113119120", "103111620", "105119550", "100113370", "105121370", "106117650", "107114110", "108118060", "112116501", "112118930", "103110760", "103113640", "106113830", "107115140", "109117630", "106113260", "111118301", "109115220", "108117720", "110118301", "105115900", "99114890", "113121810", "106116820", "101114020", "109117271", "113118810", "106121190", "107113170", "109117730", "110115250", "106112770", "101112690", "108121160", "99109860", "112121360", "107113840", "111119930", "102110050", "101111620", "100108580", "100109980", "111115620", "110114920", "99119830", "106114321", "98110230", "100112060", "100116790", "110121140", "104118070", "112119930", "100120010", "99109370", "111120320", "101110150", "103112641", "107116340", "111120591", "105117351", "113121980", "110119300", "100111620", "109113281", "99109840", "102116340", "113121680", "97105580", "112117790", "104113170", "108120280", "110118880", "103111930", "98111860", "100108080", "104111380", "113122320", "102114270", "104111780", "102112170", "104109311", "113120070", "107114490", "112119450", "107119130", "104111711", "113119300", "108120700", "113122510", "108115070", "113120751", "107116980", "105110251", "105115570", "99120010", "104110960", "105118171", "112116540", "113118490", "108119330", "103109641", "111119300", "107118120", "110118111", "113118511", "106116370", "105112130", "111119580", "105113260", "108113480", "103113210", "97114170", "107117010", "99108520", "104113380", "113122180", "107118490", "107120010", "97107821", "110117200", "106111321", "108114220"], "labels": [0, 1, 2, 3, 2, 3, 1, 1, 1, 3, 3, 2, 1, 0, 1, 2, 2, 0, 3, 3, 3, 0, 1, 3, 2, 1, 1, 1, 3, 1, 1, 1, 1, 0, 0, 3, 3, 3, 1, 1, 3, 2, 2, 1, 3, 0, 3, 2, 0, 3, 1, 1, 1, 2, 2, 3, 3, 1, 3, 3, 0, 1, 1, 3, 1, 2, 3, 2, 2, 3, 2, 1, 0, 1, 1, 1, 3, 3, 1, 0, 2, 1, 3, 0, 2, 3, 1, 1, 3, 3, 3, 0, 3, 0, 0, 3, 1, 3, 3, 3, 3, 2, 3, 3, 1, 1, 1, 2, 2, 1, 1, 3, 0, 0, 2, 2, 3, 1, 1, 0, 1, 1, 3, 1, 1, 2, 1, 3, 3, 0, 3, 2, 1, 2, 1, 2, 2, 1, 2, 3, 0, 3], "predicted_labels": [3, 3, 3, 0, 3, 0, 1, 0, 0, 0, 2, 1, 0, 1, 1, 1, 3, 0, 3, 0, 0, 1, 0, 1, 3, 1, 1, 3, 3, 2, 3, 0, 0, 3, 2, 2, 0, 0, 0, 0, 1, 1, 3, 1, 3, 3, 3, 1, 0, 3, 0, 3, 3, 3, 1, 1, 0, 1, 0, 1, 0, 3, 0, 2, 1, 3, 3, 3, 0, 0, 1, 0, 2, 0, 1, 3, 0, 1, 0, 0, 0, 0, 0, 0, 1, 3, 3, 1, 0, 3, 1, 0, 1, 2, 0, 1, 3, 1, 0, 0, 0, 3, 3, 0, 1, 0, 3, 0, 1, 1, 1, 1, 0, 3, 3, 1, 0, 0, 3, 2, 1, 1, 1, 0, 0, 0, 1, 0, 1, 3, 3, 1, 3, 2, 3, 3, 1, 1, 0, 0, 0, 0], "confidence_scores": [[0.2798997182040958, 0.2359293185853453, 0.14408645684189908, 0.3400845063686598], [0.17514169145292227, 0.18080945642296797, 0.08249795433711382, 0.5615508977869961], [0.1681726844660089, 0.182131124572507, 0.31486157945840315, 0.334834611503081], [0.33285879307999594, 0.2561459765372202, 0.13123003440592285, 0.2797651959768609], [0.2571915182002582, 0.20459133597508325, 0.22869693283854697, 0.3095202129861116], [0.5439181517143384, 0.23681959064183583, 0.06623557567977362, 0.15302668196405217], [0.2843393028010684, 0.40844411077839643, 0.14475108304967935, 0.16246550337085583], [0.34910434292656584, 0.24021938194763545, 0.08999139336864619, 0.3206848817571526], [0.33438828529621883, 0.27254817406112614, 0.14050196711145133, 0.25256157353120373], [0.39566990668846447, 0.18814902032129568, 0.14952756781760743, 0.2666535051726325], [0.33069552516175893, 0.1533152851304429, 0.38519485144394494, 0.1307943382638533], [0.09140254009491146, 0.4151964729827008, 0.19642767353286947, 0.29697331338951827], [0.37562228298467115, 0.30484914623872095, 0.15232197719994114, 0.16720659357666695], [0.2694627222858869, 0.4045917175473572, 0.11798091123167145, 0.2079646489350845], [0.1662766143146679, 0.409191361374393, 0.21516378788379392, 0.20936823642714533], [0.23798932544280518, 0.27733836328142975, 0.20803597698188703, 0.27663633429387824], [0.13106389019708767, 0.24114163305545733, 0.27340919974846534, 0.35438527699898986], [0.4700905652504482, 0.26768538865243274, 0.10315959752368248, 0.1590644485734365], [0.23052142728518288, 0.2500122723978758, 0.10426022517400264, 0.4152060751429388], [0.3425013183305003, 0.29834050127943046, 0.12378138337799585, 0.2353767970120736], [0.32559111370164406, 0.2645774749014694, 0.1566040944301538, 0.2532273169667328], [0.19615225478493528, 0.3344298803656329, 0.1659568589714414, 0.3034610058779905], [0.294661914136903, 0.25651259182890074, 0.17568341940869228, 0.2731420746255039], [0.15602748710532174, 0.3825510779991628, 0.18652444833256288, 0.27489698656295264], [0.22389317193450659, 0.2668452461130032, 0.12172030664415948, 0.38754127530833077], [0.25045210527783657, 0.2953455605032244, 0.29405552962068343, 0.16014680459825537], [0.25832006829883536, 0.3639116606021221, 0.14268279279230964, 0.23508547830673285], [0.2137418030686675, 0.2812430452970732, 0.17649744511722956, 0.3285177065170298], [0.23914752741697637, 0.2075093742776132, 0.17938513144417792, 0.3739579668612326], [0.2867879439068021, 0.1980242116732977, 0.3319195471702165, 0.18326829724968377], [0.17773633501082206, 0.24257619258109303, 0.11533296903563851, 0.4643545033724466], [0.4062443625139812, 0.2688722179475435, 0.14732597098746916, 0.1775574485510062], [0.30112191015821993, 0.1864841674717015, 0.21765589091358245, 0.29473803145649613], [0.2763897041811063, 0.2507501665831478, 0.1709565915114329, 0.30190353772431305], [0.20091781642571366, 0.17389429208305063, 0.34649924536847365, 0.2786886461227621], [0.18445230376048577, 0.12568158320470577, 0.4546954851393307, 0.23517062789547788], [0.46490269946949764, 0.22737335160482908, 0.12676392972734898, 0.18096001919832422], [0.3385330661398345, 0.22265169055074896, 0.16691771292307253, 0.27189753038634407], [0.3386236371388915, 0.22908360385242377, 0.2549773232982946, 0.17731543571039018], [0.4061269321537802, 0.30732100286062797, 0.05647707845026546, 0.2300749865353265], [0.15310920273802836, 0.34291156290049074, 0.17947123271103302, 0.3245080016504481], [0.1683164328586817, 0.4712845494819827, 0.14189235780322337, 0.2185066598561123], [0.23375430370541314, 0.25998266987495544, 0.18512071286764115, 0.3211423135519903], [0.2567216177175353, 0.26159468764069355, 0.258160127359213, 0.22352356728255815], [0.2326213606457933, 0.23909865288975377, 0.152439882899603, 0.37584010356485004], [0.32617016907620633, 0.16896912730492128, 0.10417940420227995, 0.4006812994165923], [0.22800077628543383, 0.21815267086595436, 0.22877886906458184, 0.32506768378403006], [0.22535226939002861, 0.34954342429524504, 0.21178944530742533, 0.2133148610073012], [0.45665617902382855, 0.20378287327731862, 0.1622941421827703, 0.17726680551608257], [0.25330943555719837, 0.2616596788717117, 0.17986145068171439, 0.30516943488937565], [0.40253737208886753, 0.25985501677353684, 0.11829500113471256, 0.21931261000288307], [0.20753576546747346, 0.16006582354400997, 0.23438039024279778, 0.398018020745719], [0.18146068750707578, 0.27504608721087265, 0.10864365851029303, 0.43484956677175857], [0.27567696739733993, 0.26043021705431413, 0.16190326139878772, 0.3019895541495583], [0.27984704745903943, 0.30384098062262893, 0.15754056659011642, 0.25877140532821535], [0.28224324918685095, 0.3249226301160039, 0.13182333258338533, 0.26101078811376], [0.4170944243089323, 0.28910247801761624, 0.10863276829455598, 0.18517032937889535], [0.23333105104254315, 0.2934153212539544, 0.2804200662129351, 0.1928335614905672], [0.3156183785602641, 0.26751107536504043, 0.16802780797008302, 0.24884273810461247], [0.321447991249365, 0.3260417900881783, 0.15318872592764785, 0.1993214927348089], [0.4680819631502062, 0.1794023931201319, 0.17766043294365566, 0.17485521078600624], [0.1306112960237047, 0.26251201645599664, 0.29602201532955397, 0.31085467219074464], [0.3618149689341553, 0.2203218670605326, 0.15217003039605634, 0.26569313360925567], [0.20445100514144418, 0.27253071749602253, 0.3933691198747413, 0.12964915748779196], [0.2745228104589398, 0.28221724824561584, 0.16445487649816692, 0.27880506479727746], [0.2850159740263827, 0.27158798083693825, 0.1291127887374786, 0.3142832563992004], [0.28747183686190725, 0.1562364353079704, 0.14792910376154284, 0.4083626240685794], [0.23415674652055218, 0.26421040108658855, 0.22901047759097332, 0.27262237480188595], [0.448819460808763, 0.25109820592009136, 0.15093555065593667, 0.14914678261520892], [0.507647141333754, 0.14961583977152487, 0.09723766363208339, 0.24549935526263775], [0.31168319767216, 0.36323448102943934, 0.16817364361758755, 0.15690867768081315], [0.3477194126514162, 0.1850335976534187, 0.27219796628559867, 0.19504902340956645], [0.09173200270685432, 0.1423766100039399, 0.6294015156225111, 0.13648987166669466], [0.36585385755735433, 0.34311395680853773, 0.13615474259726787, 0.15487744303684028], [0.22413794536085863, 0.2930544291781262, 0.2019373776211771, 0.28087024783983805], [0.2787045597093603, 0.2583486880184816, 0.16849008507260543, 0.2944566671995527], [0.34332359798015594, 0.2045147852262279, 0.11379445534872884, 0.33836716144488715], [0.2036540085761882, 0.4742698983521086, 0.10340639022026955, 0.21866970285143372], [0.4551841582396044, 0.17069533757885597, 0.11827551498647068, 0.2558449891950689], [0.3522817976753183, 0.27858368869948286, 0.08743401847727367, 0.2817004951479253], [0.4906897068969726, 0.21038431754492523, 0.10660690340734544, 0.19231907215075678], [0.31198712151915725, 0.1726133817876669, 0.2198394145157501, 0.29556008217742585], [0.4086043990592048, 0.22797678895254367, 0.09711796742279775, 0.26630084456545366], [0.4675141339466197, 0.17980300210318179, 0.13484806075184805, 0.21783480319835039], [0.22806343690262662, 0.3245503337359263, 0.26909769920628634, 0.1782885301551607], [0.1336748954151027, 0.21904605738374305, 0.309245946008141, 0.33803310119301333], [0.22924437972823247, 0.24396492997337416, 0.13350675469121245, 0.393283935607181], [0.29255354499488473, 0.3081497157525319, 0.19059545441690495, 0.20870128483567832], [0.3479214511743214, 0.17962746864302012, 0.2506028851332825, 0.22184819504937595], [0.26267741435075903, 0.25551919169749004, 0.12636722967266772, 0.3554361642790832], [0.29163934754763254, 0.4571042765896719, 0.13064520967491264, 0.12061116618778285], [0.39440980235351025, 0.2966270127481489, 0.07072213037207917, 0.2382410545262618], [0.19355489940397105, 0.4215591074338556, 0.20208244218511287, 0.18280355097706052], [0.16950715966377644, 0.27671539796081407, 0.3015037239148531, 0.2522737184605566], [0.2907093033073843, 0.2378144387196713, 0.19422070681205414, 0.2772555511608901], [0.2987065325634431, 0.37578920483906725, 0.14277873056577212, 0.18272553203171776], [0.09922027421359328, 0.19224599343896395, 0.12078180201239891, 0.5877519303350439], [0.25862130699435804, 0.47799130424607245, 0.08868147448295466, 0.17470591427661475], [0.33106283646823853, 0.2037354119489788, 0.23353909071777723, 0.23166266086500553], [0.40413810870019384, 0.18322221488853038, 0.21217245435989343, 0.2004672220513825], [0.36755040526121563, 0.12592968566307208, 0.33349481891912286, 0.17302509015658965], [0.1885019011305202, 0.31997193885417774, 0.14885126108578425, 0.3426748989295178], [0.1761114609607576, 0.26427920100266994, 0.2618689070670119, 0.2977404309695606], [0.4419581362419726, 0.28838583324939826, 0.08905592981187926, 0.18060010069674992], [0.1457129063142575, 0.4908632724862668, 0.09877192197348114, 0.2646518992259946], [0.42623564050879875, 0.2886380040311924, 0.07560119213678286, 0.20952516332322604], [0.26580786475373464, 0.17804352630419432, 0.16789216403603127, 0.3882564449060398], [0.3713148408810862, 0.2759981075394166, 0.16149180252483267, 0.19119524905466453], [0.2500072549169733, 0.45444059400365955, 0.08661262058872206, 0.20893953049064523], [0.1611887488103872, 0.4680719895736485, 0.18915037566993123, 0.18158888594603304], [0.23556009835397596, 0.3152916355590539, 0.15201946263699873, 0.29712880344997156], [0.33736394606801867, 0.39426371247067005, 0.11343016199443788, 0.1549421794668735], [0.4571279030735243, 0.2380331088407203, 0.09296817035803034, 0.21187081772772517], [0.13234053007876287, 0.27629422485435756, 0.24189950291845116, 0.34946574214842846], [0.2364310754072762, 0.2938432135247779, 0.1747537691123244, 0.29497194195562143], [0.27480950411397614, 0.41863936819971176, 0.10080901859997052, 0.2057421090863416], [0.46236187555557745, 0.26883074900024906, 0.09318580122077255, 0.17562157422340097], [0.38308093869062976, 0.24346805949965927, 0.1336946739136318, 0.23975632789607934], [0.2308059744002248, 0.22888870734288674, 0.1732871660338599, 0.36701815222302875], [0.2614738720839323, 0.18978780480914748, 0.32931313613662133, 0.21942518697029886], [0.23846751735977686, 0.38737549117046555, 0.19402614466899132, 0.18013084680076646], [0.24618939669445883, 0.40659321183221964, 0.1214316625815789, 0.22578572889174256], [0.2828763586859775, 0.3363079531545268, 0.16618323546591876, 0.21463245269357695], [0.3316989257480003, 0.17556344462301518, 0.27928921348587377, 0.21344841614311072], [0.33029806663183847, 0.26940408834663265, 0.0888291720011384, 0.3114686730203905], [0.2729475275236043, 0.22396637666037084, 0.2486726252835281, 0.2544134705324969], [0.2663454583617103, 0.29894482749338014, 0.27892938947306717, 0.15578032467184236], [0.4181641289651832, 0.2153707101528228, 0.16502071787269054, 0.20144444300930353], [0.259034776641297, 0.3791849671252936, 0.21073837018693392, 0.15104188604647564], [0.2316220923626672, 0.23383998885888513, 0.25508824652370266, 0.27944967225474515], [0.15047671854382091, 0.1917595037474813, 0.10190113914783874, 0.555862638560859], [0.18189777433180573, 0.2987548933761754, 0.27177390101056925, 0.24757343128144974], [0.23598268040580034, 0.19682991094302174, 0.22769177712861502, 0.3394956315225628], [0.2056893394047516, 0.24147509242693346, 0.41241598713876243, 0.14041958102955268], [0.2067353463479629, 0.27118414688550024, 0.2021787406280823, 0.3199017661384547], [0.28907672135375084, 0.21902072811663614, 0.1255547488742946, 0.36634780165531866], [0.1452189358350964, 0.33315866713343145, 0.31363142241343406, 0.20799097461803825], [0.1259957272726802, 0.5807919458723989, 0.08420626921722267, 0.20900605763769808], [0.3586520159094201, 0.19800518391241279, 0.21363729190012007, 0.22970550827804717], [0.2881408138757024, 0.2730140956141591, 0.16443611595509772, 0.27440897455504076], [0.3748242022125928, 0.18033933183772327, 0.12929617364547605, 0.3155402923042079], [0.3241279121264201, 0.3124008990501954, 0.14309130111466986, 0.22037988770871456]]}, "rewritten": {"ids": ["97105580", "97107821", "97110950", "97112290", "97114170", "98110230", "98111860", "99108520", "99109370", "99109780", "99109840", "99109860", "99114890", "99119830", "99120010", "100108080", "100108580", "100109890", "100109980", "100111270", "100111620", "100112060", "100113370", "100116790", "100120010", "101110150", "101110200", "101111620", "101112690", "101114020", "102110050", "102110500", "102112170", "102113350", "102114270", "102116340", "103109641", "103110760", "103111620", "103111930", "103112641", "103113210", "103113270", "103113640", "104109311", "104110960", "104111380", "104111711", "104111780", "104113170", "104113380", "104118070", "104119290", "105110251", "105112130", "105113260", "105115570", "105115900", "105117351", "105118171", "105119550", "105121370", "106111321", "106112770", "106113260", "106113830", "106114011", "106114321", "106116370", "106116820", "106117650", "106121190", "107113170", "107113840", "107114110", "107114490", "107115140", "107116340", "107116980", "107117010", "107118120", "107118490", "107119130", "107120010", "108113480", "108113760", "108114220", "108115070", "108117720", "108118060", "108119330", "108120280", "108120700", "108121160", "109113281", "109115220", "109117271", "109117630", "109117730", "110114920", "110115250", "110117200", "110118111", "110118301", "110118880", "110119300", "110121140", "110121500", "111115620", "111118301", "111119300", "111119580", "111119930", "111120320", "111120540", "111120591", "111121220", "112116290", "112116501", "112116540", "112117790", "112118530", "112118930", "112119450", "112119930", "112121360", "113118490", "113118511", "113118810", "113119120", "113119300", "113120070", "113120531", "113120751", "113121680", "113121750", "113121810", "113121980", "113122180", "113122320", "113122510", "113122650"], "labels": [1, 2, 3, 1, 2, 3, 0, 2, 1, 2, 2, 2, 2, 1, 2, 0, 0, 3, 1, 2, 3, 2, 3, 2, 0, 1, 2, 3, 1, 3, 3, 3, 3, 3, 3, 3, 1, 1, 0, 3, 3, 3, 2, 1, 3, 2, 3, 1, 3, 3, 1, 2, 1, 0, 1, 3, 0, 3, 0, 3, 1, 2, 0, 1, 3, 1, 1, 2, 2, 1, 1, 2, 0, 3, 1, 3, 0, 3, 3, 1, 3, 2, 1, 1, 0, 1, 3, 1, 1, 1, 0, 3, 2, 2, 0, 3, 0, 0, 3, 3, 1, 3, 1, 1, 0, 1, 3, 3, 1, 3, 1, 3, 1, 1, 1, 1, 3, 0, 3, 1, 3, 1, 1, 3, 1, 3, 1, 1, 3, 3, 1, 2, 0, 1, 1, 0, 2, 2, 2, 1, 2, 2], "predicted_labels": [1, 0, 0, 1, 0, 0, 0, 0, 2, 0, 1, 0, 1, 0, 0, 1, 1, 0, 0, 1, 0, 0, 1, 0, 0, 3, 0, 0, 0, 2, 0, 3, 0, 0, 1, 2, 0, 0, 0, 1, 0, 1, 2, 0, 0, 1, 0, 0, 0, 0, 0, 1, 0, 0, 2, 0, 3, 1, 1, 0, 0, 0, 0, 0, 1, 0, 2, 0, 1, 2, 0, 0, 0, 0, 3, 0, 0, 0, 0, 1, 1, 0, 0, 3, 1, 1, 0, 0, 0, 0, 0, 0, 0, 0, 0, 0, 0, 0, 0, 0, 0, 0, 0, 1, 1, 0, 0, 0, 0, 0, 1, 1, 0, 0, 0, 0, 1, 0, 1, 0, 0, 1, 0, 0, 1, 0, 1, 0, 0, 0, 1, 0, 0, 0, 0, 0, 1, 0, 3, 3, 1, 0], "confidence_scores": [[0.28350987561768387, 0.36457224177724085, 0.21288850842956952, 0.13902937417550584], [0.3229279705449102, 0.2063199623848355, 0.20223120913473738, 0.268520857935517], [0.45191761734676555, 0.18265368401197218, 0.14696858135934038, 0.21846011728192197], [0.3057281132028696, 0.37961692333124347, 0.17009903031711818, 0.14455593314876877], [0.28032132323294107, 0.20920022827808324, 0.2412550031014388, 0.26922344538753695], [0.3804559360167196, 0.2226422496044363, 0.1582628504334899, 0.23863896394535425], [0.3613665093724725, 0.29034184159155596, 0.12397690610530791, 0.2243147429306637], [0.4338430309212364, 0.33716143904281204, 0.11297608450946706, 0.11601944552648442], [0.31531234059129454, 0.18194898728208414, 0.3564707182119402, 0.1462679539146814], [0.4276796412231552, 0.23182205412147391, 0.15895823053723607, 0.1815400741181349], [0.32810437966903633, 0.3332205442318012, 0.12714038606200193, 0.21153469003716055], [0.40210124044331536, 0.34347594150220034, 0.10136618871012601, 0.15305662934435812], [0.17535407446806514, 0.39170470409698344, 0.24425513888358355, 0.18868608255136815], [0.34200871118965026, 0.3053047669353579, 0.19490448913007052, 0.15778203274492122], [0.3937164150283294, 0.26147217845990917, 0.1877245080181411, 0.15708689849362045], [0.2272427685516985, 0.3570489684991803, 0.25129762946934836, 0.1644106334797728], [0.20640318703345406, 0.47694631605033716, 0.15060348874097265, 0.16604700817523618], [0.3644910877502614, 0.16362911547249154, 0.16140514075881413, 0.31047465601843294], [0.38322645452015547, 0.2536245207954429, 0.24262183307527996, 0.12052719160912186], [0.25109193927433515, 0.2673180875289063, 0.2647547136303448, 0.21683525956641375], [0.29569722580341723, 0.24261028733740278, 0.19578699916902423, 0.2659054876901556], [0.340153003914379, 0.17640120818862307, 0.17843053729943958, 0.3050152505975584], [0.23713477715232106, 0.4193990485456633, 0.16369731119888126, 0.17976886310313445], [0.39978975999602184, 0.23781243400149032, 0.15943297983034888, 0.20296482617213904], [0.293684877299975, 0.290479801049975, 0.2274492872561939, 0.18838603439385604], [0.24035448351735553, 0.2530007589862312, 0.23840946999546614, 0.268235287500947], [0.38951845483589936, 0.18010759148368805, 0.2039105095228344, 0.22646344415757813], [0.5589740304155256, 0.1167755639164572, 0.09594242756450329, 0.22830797810351408], [0.3939279040324998, 0.2283734220135505, 0.14692946662763806, 0.2307692073263117], [0.2561795002594406, 0.26405079601632836, 0.2727726884171988, 0.2069970153070321], [0.3528621003030007, 0.22534766757715363, 0.24639624213039116, 0.17539398998945457], [0.2702791283776372, 0.23342725219685959, 0.1919011788083733, 0.3043924406171301], [0.32741976275867196, 0.1885310811684719, 0.18476170757215987, 0.2992874485006963], [0.36060686032488837, 0.17598105067072795, 0.20022798298291636, 0.2631841060214672], [0.2324693185999805, 0.46340391862377045, 0.13669460520411336, 0.1674321575721358], [0.26974104296028506, 0.19356008605657912, 0.27180137578660235, 0.2648974951965334], [0.4340622224800984, 0.21300741872218645, 0.21426834272190498, 0.1386620160758101], [0.47719014938316856, 0.24579613264143244, 0.09345978862385017, 0.1835539293515488], [0.42841809501338746, 0.313238962852492, 0.11565127872078833, 0.14269166341333236], [0.30880602120186995, 0.3368246073939948, 0.2123333355732439, 0.1420360358308914], [0.35867070635435777, 0.2911558746450625, 0.1356934360702464, 0.21447998293033355], [0.31009366967808183, 0.3486053670364905, 0.11249747276585027, 0.22880349051957763], [0.26403319870829584, 0.11921588369457739, 0.49161212139515725, 0.12513879620196958], [0.5210309607618898, 0.20345870083777945, 0.118220619606029, 0.1572897187943018], [0.3505694199996575, 0.18737383272117267, 0.2921886175757797, 0.16986812970339027], [0.20529038767785404, 0.392083468274738, 0.13558023052494148, 0.26704591352246654], [0.4670215394299709, 0.16339279943446045, 0.16335781446077546, 0.2062278466747933], [0.5473294523183381, 0.2648816587067559, 0.060170670908477386, 0.12761821806642862], [0.45897838519378276, 0.248409322825563, 0.1255590140941574, 0.1670532778864968], [0.36661801399352034, 0.25942587902487635, 0.1905556808330387, 0.1834004261485647], [0.3369016311047764, 0.2638500609560125, 0.2037150454810398, 0.19553326245817146], [0.2320005332207092, 0.3503423451061392, 0.23187300142545164, 0.18578412024770014], [0.43589363860585406, 0.2686882796957829, 0.16397565229799707, 0.13144242940036588], [0.4700710612921539, 0.20681075632535525, 0.13864899571110284, 0.1844691866713881], [0.27556929362345917, 0.20439122337050628, 0.37677019772793885, 0.14326928527809576], [0.4024000634040008, 0.31811890352041433, 0.12747496902760283, 0.15200606404798206], [0.25088157225160973, 0.20637948093114736, 0.2243444287670763, 0.3183945180501668], [0.17414143181342948, 0.41084534224363434, 0.20962861616236958, 0.2053846097805666], [0.3260639547835396, 0.3891070875464246, 0.12275528080840148, 0.16207367686163426], [0.3595415505720753, 0.3239682875894927, 0.13650681500686027, 0.1799833468315718], [0.36566294997134097, 0.30662210929912, 0.1338105569112677, 0.19390438381827124], [0.3984303046795979, 0.220894778401937, 0.16867551076265552, 0.21199940615580973], [0.51148075530275, 0.16566238370909045, 0.14489552169139835, 0.17796133929676125], [0.30876359047532814, 0.2557305831560645, 0.1833509592968275, 0.25215486707178], [0.26115440758888575, 0.36178435792019764, 0.25180194151286295, 0.12525929297805383], [0.368848944813761, 0.21324680593264533, 0.2109121608770591, 0.20699208837653468], [0.13671851505388982, 0.2652856555579426, 0.42182368054090763, 0.17617214884725993], [0.4084201883879714, 0.25207596466013676, 0.13028394216716524, 0.20921990478472663], [0.3445424098162146, 0.36134338726341525, 0.1241209377901129, 0.16999326513025723], [0.2556447247295296, 0.18356082120148814, 0.2824747275187311, 0.2783197265502512], [0.5421711159087635, 0.17380637738812452, 0.14560749824822242, 0.13841500845488947], [0.4377271981544614, 0.20487862730003506, 0.11035341591068668, 0.24704075863481675], [0.38681408678095863, 0.18507187808118022, 0.21452612855092043, 0.21358790658694057], [0.4607976572252017, 0.2185128587572074, 0.14610600565813586, 0.17458347835945487], [0.2753021636789555, 0.23531880381869083, 0.13901300618407617, 0.3503660263182775], [0.29766638785810545, 0.24809618016977508, 0.20000260311858103, 0.25423482885353843], [0.3828883754465564, 0.1846887191911591, 0.1571734268615457, 0.2752494785007389], [0.34463827882360165, 0.24897823420553275, 0.16097169595147692, 0.24541179101938876], [0.4210046185397859, 0.3448174333483906, 0.09469717454864125, 0.13948077356318236], [0.17724697275085732, 0.5811886137769319, 0.0970362611658733, 0.14452815230633748], [0.22758248130652672, 0.311624845455177, 0.20024580825610772, 0.2605468649821886], [0.3495771897616403, 0.33254170426241886, 0.12724563856652796, 0.19063546740941295], [0.2899242244890838, 0.23581621338826894, 0.2606514479515616, 0.21360811417108574], [0.2457293566019449, 0.24444049242356783, 0.20793724047517118, 0.3018929104993164], [0.2933683008204933, 0.39844594115600557, 0.1491050086097254, 0.15908074941377548], [0.23555303586696935, 0.38669193879043345, 0.15818271037137568, 0.21957231497122165], [0.44020424112586315, 0.19555365122435758, 0.1360326101026466, 0.2282094975471328], [0.47084073972660084, 0.17353572312041285, 0.25625999523910975, 0.09936354191387663], [0.41865152801198263, 0.19649480044712866, 0.14426109775826762, 0.24059257378262125], [0.5502800029988282, 0.11433669157755648, 0.12577920890744115, 0.2096040965161741], [0.41395632590510145, 0.1834327890592181, 0.19271164184771064, 0.20989924318797], [0.30416318077369403, 0.2153963196659191, 0.2182612704019187, 0.2621792291584681], [0.4835848375644223, 0.18831043073992665, 0.12624610328749628, 0.20185862840815477], [0.30965460402626155, 0.22183760633349237, 0.16367467252458112, 0.304833117115665], [0.5898851297329996, 0.14165254333039967, 0.12097706432607444, 0.14748526261052647], [0.5449558356839168, 0.1110248653189554, 0.21302601187581324, 0.13099328712131453], [0.34752208040388516, 0.22477228540767283, 0.2155727402645967, 0.21213289392384546], [0.3415945589973548, 0.20297003737400596, 0.14421203485532386, 0.31122336877331536], [0.4883762094798465, 0.11385416731895802, 0.15147535606472554, 0.24629426713647012], [0.4144162006303841, 0.11693994138406184, 0.32766636280555556, 0.1409774951799986], [0.3608650353616281, 0.22996947071152796, 0.14150830929240957, 0.26765718463443433], [0.5801158111384673, 0.1597139594257058, 0.10835133592754446, 0.15181889350828248], [0.36404243551731125, 0.15858158037004325, 0.20711651027472708, 0.2702594738379185], [0.31312921213519623, 0.3326301682849816, 0.11643459391919786, 0.2378060256606244], [0.36405613668631537, 0.4240041498795861, 0.0711067670548334, 0.14083294637926513], [0.367561505457645, 0.21809855378247053, 0.15123098615418554, 0.263108954605699], [0.5602379160819789, 0.223776588907192, 0.059949191798997256, 0.15603630321183173], [0.31696939446653744, 0.2400219249576557, 0.2563237480989887, 0.1866849324768183], [0.33719071366927783, 0.20035737114525828, 0.1994950690432723, 0.26295684614219156], [0.38956295833019483, 0.17742508187694203, 0.24996947870567054, 0.18304248108719268], [0.3110978213563621, 0.33398926452243516, 0.12778054883216836, 0.22713236528903452], [0.2956804728161247, 0.36225418760530614, 0.1541420100651161, 0.18792332951345322], [0.4389363593228163, 0.17821028089308752, 0.18228611136855885, 0.2005672484155372], [0.3948781202617433, 0.18472378092082306, 0.16227983551754357, 0.25811826329988996], [0.423605030544837, 0.13914895368088473, 0.2558890088163618, 0.18135700695791654], [0.38323241096669913, 0.21217209916660495, 0.1166721897484968, 0.2879233001181991], [0.2641627281097985, 0.468810569191422, 0.10298592165255845, 0.164040781046221], [0.3207702910870826, 0.2913779956349429, 0.183238067447677, 0.20461364583029754], [0.2450595351604759, 0.5086877759487974, 0.12530916579679818, 0.1209435230939285], [0.3378455258926565, 0.21028579223075178, 0.16312524978940382, 0.2887434320871879], [0.39043465313214526, 0.23856176311259725, 0.12966412503206742, 0.24133945872319018], [0.34102739595085046, 0.348954841664555, 0.15951788682903476, 0.15049987555555974], [0.29289035041712863, 0.2561346861296977, 0.26243779095732456, 0.18853717249584925], [0.48601209652743405, 0.16433145896461093, 0.15128195951346704, 0.19837448499448807], [0.22978870658553055, 0.38159217603921003, 0.24139013720696303, 0.1472289801682964], [0.3480393883005107, 0.2723617751639778, 0.12091866462023923, 0.2586801719152723], [0.15684165130964148, 0.3720016912286064, 0.12559572313519476, 0.34556093432655743], [0.39171384048433405, 0.22166979415792873, 0.17623506704547184, 0.21038129831226535], [0.3375148141881302, 0.32418243601989694, 0.17640404266713255, 0.1618987071248405], [0.3997490796683675, 0.18996209724065258, 0.17362023004621369, 0.23666859304476645], [0.23116909675529426, 0.4834090869794288, 0.12911620207942626, 0.1563056141858506], [0.3164195888621746, 0.21686549083617057, 0.23762060963047166, 0.22909431067118327], [0.4684065800897284, 0.24285056001531763, 0.12284207956557636, 0.16590078032937772], [0.35749890899676445, 0.2477654668050781, 0.17297918872848675, 0.22175643546967083], [0.40042865912855474, 0.219814776336388, 0.16094105944243564, 0.21881550509262163], [0.3563051615870724, 0.23510834363768301, 0.1390363497235482, 0.2695501450516964], [0.30950627096387, 0.42363158100599363, 0.1613070797758928, 0.10555506825424353], [0.4138793058632839, 0.32411014074079375, 0.10357082472207116, 0.15843972867385112], [0.31767067263622734, 0.13075974361241313, 0.12622862052233935, 0.4253409632290201], [0.22036407985864576, 0.2774039054474648, 0.18712707576078597, 0.31510493893310343], [0.30993128108411416, 0.3305197082038164, 0.14807799735081126, 0.21147101336125834], [0.36743129887716547, 0.17641353069965326, 0.27153070199960894, 0.1846244684235724]]}}