{"test": {"ids": ["103113610", "102121700", "110117080", "112117660", "112118471", "99111000", "112119450", "99111930", "108115570", "113121410", "104114240", "107116501", "103111620", "103110050", "113122510", "108114040", "108113620", "104111830", "97106770", "101115190", "108115500", "98107380", "113119700", "104111531", "103111830", "102116340", "111116090", "113121810", "101108370", "112116880", "106113830", "111116750", "101108460", "104110960", "99109860", "107114950", "111119290", "107113360", "99113260", "111119300", "98110710", "109113931", "110115250", "102110500", "112120630", "112117030", "106115120", "101112201", "106114280", "111116040", "98110680", "108117360", "97106000", "99107660", "108121160", "106115240", "113121680", "113118690", "99117740", "102111990", "110118301", "100108080", "99110730", "109120150", "99116500", "113121980", "105117200", "113117550", "110117200", "113118820", "97109080", "99120010", "110121170", "113120751", "97109570", "109113881", "109119450", "105113170", "101117580", "109117431", "101108500", "98111670", "103120531", "106113170", "100116790", "113120601", "111116990", "110120640", "103111480", "102121440", "109117600", "97118210", "108114180", "107118820", "112116501", "97112290", "113122150", "99111340", "109115211", "97116410", "97114170", "113118620", "107113130", "101109370", "101112690", "112116810", "111116100", "104113550", "100109980", "109117630", "104114410", "97108520", "98111231", "97107950", "112120270", "111119250", "103113640", "100117420", "111119930", "111114941", "111117200", "99108080", "108116120", "112116640", "111116010", "108117720", "112116610", "101113210", "113121190", "107118120", "99119830", "99109161", "100108520", "112119930", "107114321", "108118060", "103110840", "103110100", "104117630", "111115780", "102110890", "112118530"], "labels": [2, 1, 1, 0, 1, 2, 3, 1, 3, 0, 0, 1, 0, 3, 2, 0, 3, 3, 3, 1, 3, 1, 0, 0, 3, 3, 3, 2, 1, 0, 1, 3, 0, 2, 2, 3, 3, 0, 0, 1, 2, 1, 1, 3, 3, 2, 1, 0, 3, 0, 2, 1, 0, 3, 2, 1, 1, 3, 2, 2, 1, 0, 3, 2, 2, 2, 3, 3, 3, 0, 2, 2, 2, 1, 0, 0, 3, 0, 3, 1, 3, 1, 3, 0, 2, 2, 0, 0, 0, 2, 1, 2, 1, 3, 3, 1, 2, 1, 0, 3, 2, 3, 1, 1, 1, 3, 3, 1, 1, 0, 1, 2, 1, 2, 0, 1, 1, 2, 1, 0, 0, 3, 1, 0, 1, 1, 1, 3, 1, 3, 1, 3, 2, 1, 0, 1, 1, 1, 0, 1, 0, 1], "predicted_labels": [0, 1, 3, 3, 3, 1, 1, 1, 0, 3, 1, 0, 0, 1, 1, 3, 1, 3, 0, 1, 3, 3, 1, 3, 0, 1, 1, 1, 0, 1, 3, 3, 3, 0, 1, 0, 1, 1, 0, 3, 3, 3, 3, 0, 0, 3, 0, 1, 3, 0, 0, 3, 3, 0, 1, 3, 1, 1, 3, 3, 1, 0, 1, 3, 1, 3, 3, 3, 0, 3, 3, 0, 3, 1, 1, 1, 3, 3, 3, 3, 0, 1, 3, 3, 0, 1, 0, 1, 0, 1, 0, 0, 3, 1, 3, 1, 1, 1, 3, 1, 3, 0, 1, 3, 1, 3, 0, 3, 3, 0, 3, 3, 0, 1, 3, 3, 0, 1, 1, 0, 0, 0, 0, 3, 1, 3, 3, 1, 3, 3, 3, 0, 0, 1, 3, 0, 0, 0, 0, 0, 3, 1], "confidence_scores": [[0.2781769480519481, 0.2729881854256854, 0.20459875541125544, 0.24423611111111115], [0.24386449661449663, 0.34422354034854036, 0.17207671495171492, 0.23983524808524803], [0.19793956043956049, 0.2916265401265402, 0.185131771006771, 0.32530212842712847], [0.26033741258741255, 0.24807183094683094, 0.19453858641358635, 0.29705217005217005], [0.22932160894660913, 0.26052188089688105, 0.23182516095016098, 0.2783313492063493], [0.250717352092352, 0.2740764790764791, 0.23207323232323232, 0.2431329365079366], [0.21579671717171714, 0.31967911255411263, 0.2177711781682371, 0.2467529921059333], [0.20862860750360754, 0.28456925019425017, 0.22789768564768573, 0.27890445665445673], [0.2701354617604618, 0.26570147907647906, 0.2271331168831168, 0.2370299422799423], [0.23333605283605288, 0.2716513764013765, 0.16003941891441895, 0.3349731518481519], [0.21215025252525255, 0.32261875134669254, 0.21518049107754997, 0.2500505050505051], [0.28661957813428396, 0.26402659595306655, 0.1983964368964369, 0.2509573890162125], [0.30345442057942057, 0.25829165279165284, 0.23906197968697973, 0.19919194694194695], [0.2088516761016762, 0.31108270202020205, 0.17414835858585861, 0.3059172632922633], [0.200325937950938, 0.29145418470418477, 0.2556141774891774, 0.2526056998556998], [0.2118183621933622, 0.22972054334554337, 0.24234301809301806, 0.31611807636807643], [0.21869282106782112, 0.2937323232323233, 0.26916053391053396, 0.21841432178932174], [0.2441038961038961, 0.20255735930735927, 0.19716588966588972, 0.35617285492285483], [0.3030207431457433, 0.2461121933621933, 0.19857756132756132, 0.25228950216450213], [0.23763876401376416, 0.27649152236652236, 0.22242460317460316, 0.2634451104451105], [0.23223394660894678, 0.23984541847041843, 0.23957936507936503, 0.28834126984126995], [0.22165362415362416, 0.23542411754911752, 0.1645563672438672, 0.378365891053391], [0.195833152958153, 0.3901372655122657, 0.17267839105339103, 0.2413511904761904], [0.259035298035298, 0.2643465700965701, 0.1969538794538795, 0.27966425241425247], [0.3620838744588745, 0.2134781746031747, 0.18362440337440344, 0.2408135475635476], [0.2269709595959596, 0.28400090187590193, 0.2218383838383838, 0.26718975468975475], [0.2528354651884064, 0.28112626752332637, 0.20319587357087365, 0.26284239371739376], [0.20681306887556894, 0.3003012820512821, 0.233622890997891, 0.25926275807525817], [0.30406132756132753, 0.24678198190698186, 0.18835712898212895, 0.26079956154956163], [0.2719582431457431, 0.3190438311688312, 0.17214926046176046, 0.23684866522366524], [0.21192364579864584, 0.3067399544899546, 0.17213943001443002, 0.3091969696969697], [0.2911351010101011, 0.21343145743145744, 0.20152489177489183, 0.2939085497835498], [0.2658665223665224, 0.2349951298701298, 0.18488997113997108, 0.31424837662337657], [0.2934183663558663, 0.235157856032856, 0.20395229076479077, 0.26747148684648686], [0.23245039682539675, 0.28905387667887666, 0.19113690476190473, 0.2873588217338218], [0.3019246031746032, 0.21422057109557113, 0.18758855033855037, 0.2962662753912754], [0.19404510767010769, 0.31064291264291266, 0.2085726911976912, 0.28673928848928854], [0.26666089466089465, 0.2784034090909091, 0.19655835137085126, 0.25837734487734487], [0.2839832251082252, 0.23735533910533918, 0.1987694805194805, 0.27989195526695526], [0.2391107503607504, 0.2783686868686869, 0.18957882395382392, 0.2929417388167388], [0.24704282523032525, 0.2663808621933621, 0.17966170634920633, 0.3069146062271062], [0.2009329559329559, 0.26428357753357756, 0.22038952713952717, 0.3143939393939394], [0.14642092629592626, 0.30453250915750923, 0.20279023264317378, 0.3462563319033907], [0.32506367243867246, 0.20002819402819402, 0.18536562049062053, 0.28954251304251305], [0.3150342712842714, 0.24856818181818194, 0.18781872294372298, 0.248578823953824], [0.23006944444444444, 0.2788615967365967, 0.14102561327561325, 0.3500433455433455], [0.2810741203241203, 0.25368560606060614, 0.19453887778887777, 0.27070139582639574], [0.28084541847041855, 0.33045977633477647, 0.1652168109668109, 0.2234779942279943], [0.21384595959595962, 0.24584978909978916, 0.173701708014208, 0.36660254329004327], [0.3762550505050507, 0.20579975579975573, 0.15978479853479846, 0.2581603951603952], [0.2724112554112555, 0.22190223665223674, 0.2546773088023089, 0.25100919913419917], [0.205339466089466, 0.22005559718059722, 0.2318320131665719, 0.34277292356336486], [0.22129571123321118, 0.21191125541125544, 0.20947372072372072, 0.3573193126318127], [0.30701028138528147, 0.2349819624819625, 0.20702633477633475, 0.2509814213564214], [0.2545090187590188, 0.257011544011544, 0.24633014208014206, 0.24214929514929523], [0.2568513708513709, 0.25597853535353543, 0.21897222222222223, 0.2681978715728716], [0.25116496003996003, 0.302120795870796, 0.20074994449994452, 0.24596429958929955], [0.24579788961038954, 0.3156757409257411, 0.20367553973803976, 0.23485082972582982], [0.2100198412698413, 0.28374458874458874, 0.1931673881673882, 0.3130681818181818], [0.24031800144300153, 0.28533959096459094, 0.18363185425685422, 0.2907105533355534], [0.30292486679986674, 0.32733320845820835, 0.15254088966588963, 0.21720103507603505], [0.2796192834942835, 0.2485800727050728, 0.21180687368187365, 0.25999377011877006], [0.2340373376623377, 0.3067158168628758, 0.19174507437007443, 0.2675017711047123], [0.24523045010545017, 0.26545226995227, 0.17131897759103645, 0.31799830235124354], [0.1703519813519814, 0.3511169941169942, 0.19444365356865362, 0.2840873709623711], [0.1884932498057499, 0.26558566433566444, 0.21382992212036328, 0.33209116373822256], [0.22883226495726505, 0.2556049783549783, 0.18796807359307358, 0.32759468309468304], [0.2574727078477078, 0.23734920634920634, 0.17348351648351648, 0.3316945693195693], [0.27268336728630843, 0.24256627196333086, 0.230510101010101, 0.2542402597402597], [0.2994902692336903, 0.20925527688685594, 0.14680873293373292, 0.344445720945721], [0.22789027639027637, 0.2527824328449329, 0.1960601689976691, 0.3232671217671218], [0.27591522366522353, 0.23290818903318908, 0.2158401875901876, 0.27533639971139967], [0.18358946608946605, 0.22601226551226555, 0.2239779199558612, 0.3664203484424072], [0.20970856920856926, 0.3329895798645798, 0.213840811965812, 0.24346103896103902], [0.25773405760905754, 0.30042485292485294, 0.182169733044733, 0.2596713564213564], [0.27356360306360317, 0.29230526418026426, 0.19148611111111116, 0.2426450216450217], [0.20006646825396818, 0.2783026695526695, 0.2109322691197691, 0.3106985930735931], [0.24936917249417256, 0.2912251637251637, 0.16156783494283494, 0.29783782883782883], [0.2622019092019093, 0.229777417027417, 0.15447528860028858, 0.3535453851703852], [0.19616661116661116, 0.30999404761904764, 0.1813194444444445, 0.3125198967698968], [0.288363691863692, 0.28400968475968474, 0.18836111111111112, 0.2392655122655123], [0.24935876623376627, 0.30559908147408155, 0.18331000943500947, 0.2617321428571428], [0.24946084471084473, 0.2153861832611834, 0.16871199633699632, 0.36644097569097567], [0.20880573593073593, 0.2821989538239539, 0.17340638528138527, 0.335588924963925], [0.2791179306804307, 0.25157930957930963, 0.21175441919191926, 0.2575483405483405], [0.2049141308038366, 0.309376676428147, 0.17665410977910972, 0.3090550829889066], [0.35226882839382845, 0.20573290598290592, 0.15126406926406927, 0.2907341963591963], [0.24028146853146864, 0.34311480186480187, 0.1923076368076369, 0.22429609279609278], [0.29506397768897763, 0.2256829004329004, 0.19974392274392275, 0.27950919913419914], [0.20166244866244865, 0.29090811965811963, 0.2748351093351095, 0.2325943223443224], [0.3298739177489178, 0.23413587801087804, 0.19304166666666675, 0.24294853757353752], [0.28368322649572647, 0.2673760961260961, 0.18834102702852704, 0.2605996503496503], [0.19930051892551895, 0.24369462481962484, 0.1838748196248196, 0.3731300366300367], [0.16685533910533906, 0.3257642496392497, 0.219518217893218, 0.2878621933621934], [0.1933941058941059, 0.29696663059163064, 0.20747556610056608, 0.3021636974136974], [0.22373629148629146, 0.29142694805194813, 0.2103540952511541, 0.27448266521060644], [0.22191468253968258, 0.2848710317460319, 0.23143999056499065, 0.26177429514929523], [0.17386210317460316, 0.32049705849705845, 0.21539592352092357, 0.2902449148074149], [0.17635526973026966, 0.27922220834720834, 0.2118848235098235, 0.3325376984126985], [0.22427166583416588, 0.29152263014763025, 0.20742431179931184, 0.27678139221889225], [0.23402272727272727, 0.25366901154401156, 0.18992171717171719, 0.32238654401154404], [0.29873380785880793, 0.25857273282273285, 0.16144437506937506, 0.28124908424908424], [0.23775475912975913, 0.28456257631257637, 0.22988739038739045, 0.24779527417027417], [0.25532251082251084, 0.2811648629148628, 0.17390800865800865, 0.2896046176046176], [0.2593985181485182, 0.28391335053835054, 0.18419029581529578, 0.2724978354978355], [0.2793611111111112, 0.2579664502164503, 0.17902561327561325, 0.2836468253968254], [0.2867625013875015, 0.25598502886002883, 0.17547601010101008, 0.2817764596514597], [0.2946230158730159, 0.196550505050505, 0.18615602453102462, 0.3226704545454546], [0.24227783327783328, 0.2597659007659007, 0.16868822843822848, 0.3292680375180376], [0.2766730352980353, 0.2712003066378067, 0.20408214008214004, 0.24804451798201807], [0.2744855699855701, 0.23424868677074565, 0.15380261405261403, 0.33746312919107035], [0.2655604256854257, 0.22952480158730154, 0.1773591428995841, 0.32755562982768865], [0.3126883116883118, 0.25001316738816737, 0.17117460317460315, 0.26612391774891775], [0.23792876567876575, 0.32428642191142193, 0.21056908369408364, 0.22721572871572882], [0.24695880508380522, 0.2325437895437897, 0.2305484307359308, 0.2899489746364746], [0.17636700799200805, 0.2628674242424242, 0.27974783549783555, 0.28101773226773225], [0.312893328893329, 0.26028993228993225, 0.15670436507936505, 0.2701123737373738], [0.20304871843842437, 0.28432622687769743, 0.28031565656565666, 0.23230939811822165], [0.24773581973581982, 0.269546411921412, 0.22687361249861257, 0.2558441558441558], [0.274510434010434, 0.26959072871572887, 0.1887606976356977, 0.26713813963813976], [0.2984639249639249, 0.2382748730028142, 0.1732417027417027, 0.29001949929155807], [0.29125636863136856, 0.27482804695304697, 0.15324590687090686, 0.2806696775446776], [0.31715458152958154, 0.23899938949938956, 0.17454426129426132, 0.26930176767676783], [0.2529150432900433, 0.26005627705627693, 0.2195593434343435, 0.2674693362193363], [0.2536538600288601, 0.29086964424464434, 0.19140066387860508, 0.26407583184789085], [0.2558282828282829, 0.2224010989010989, 0.15885822510822512, 0.36291239316239315], [0.2244727633477633, 0.2743650793650794, 0.20005148119854002, 0.30111067608861725], [0.1912590187590187, 0.34339635854341743, 0.20215441502941503, 0.26319020766814893], [0.22728714341214343, 0.28182683982683987, 0.203624777999778, 0.28726123876123877], [0.2589116395300606, 0.23542097230255124, 0.17142676767676768, 0.3342406204906204], [0.2375437964812965, 0.2797380605505605, 0.16698337079587078, 0.31573477217227225], [0.30171511821511826, 0.21769465256965254, 0.20358463758463752, 0.2770055916305915], [0.3350238095238096, 0.20213798701298702, 0.1764478715728715, 0.2863903318903319], [0.18736381673881675, 0.28182323232323236, 0.2550209235209236, 0.27579202741702735], [0.16849956987456985, 0.2365226717726718, 0.17254727217227217, 0.4224304861804864], [0.2968426573426573, 0.23248430735930742, 0.2067632228882229, 0.2639098124098124], [0.3445029206904209, 0.21340680153180155, 0.14525694444444442, 0.2968333333333333], [0.32247838966588965, 0.2645806464777053, 0.18615034271284273, 0.22679062114356235], [0.30271025268161494, 0.23491847969711743, 0.19748448773448776, 0.26488677988677994], [0.32050586219336225, 0.26509078911284795, 0.17077397602397604, 0.2436293726698138], [0.26198701298701305, 0.2249709595959595, 0.22860503385503378, 0.28443699356199365], [0.2255541819291819, 0.3213049450549451, 0.21748015873015877, 0.23566071428571425]]}, "rewritten": {"ids": ["97106000", "97106770", "97107950", "97108520", "97109080", "97109570", "97112290", "97114170", "97116410", "97118210", "98107380", "98110680", "98110710", "98111231", "98111670", "99107660", "99108080", "99109161", "99109860", "99110730", "99111000", "99111340", "99111930", "99113260", "99116500", "99117740", "99119830", "99120010", "100108080", "100108520", "100109980", "100116790", "100117420", "101108370", "101108460", "101108500", "101109370", "101112201", "101112690", "101113210", "101115190", "101117580", "102110500", "102110890", "102111990", "102116340", "102121440", "102121700", "103110050", "103110100", "103110840", "103111480", "103111620", "103111830", "103113610", "103113640", "103120531", "104110960", "104111531", "104111830", "104113550", "104114240", "104114410", "104117630", "105113170", "105117200", "106113170", "106113830", "106114280", "106115120", "106115240", "107113130", "107113360", "107114321", "107114950", "107116501", "107118120", "107118820", "108113620", "108114040", "108114180", "108115500", "108115570", "108116120", "108117360", "108117720", "108118060", "108121160", "109113881", "109113931", "109115211", "109117431", "109117600", "109117630", "109119450", "109120150", "110115250", "110117080", "110117200", "110118301", "110120640", "110121170", "111114941", "111115780", "111116010", "111116040", "111116090", "111116100", "111116750", "111116990", "111117200", "111119250", "111119290", "111119300", "111119930", "112116501", "112116610", "112116640", "112116810", "112116880", "112117030", "112117660", "112118471", "112118530", "112119450", "112119930", "112120270", "112120630", "113117550", "113118620", "113118690", "113118820", "113119700", "113120601", "113120751", "113121190", "113121410", "113121680", "113121810", "113121980", "113122150", "113122510"], "labels": [0, 3, 2, 2, 2, 0, 1, 2, 3, 2, 1, 2, 2, 1, 1, 3, 3, 3, 2, 3, 2, 1, 1, 0, 2, 2, 1, 2, 0, 2, 1, 2, 2, 1, 0, 3, 1, 0, 1, 3, 1, 3, 3, 0, 2, 3, 2, 1, 3, 1, 1, 0, 0, 3, 2, 1, 3, 2, 0, 3, 1, 0, 1, 0, 0, 3, 0, 1, 3, 1, 1, 1, 0, 0, 3, 1, 3, 3, 3, 0, 1, 3, 3, 1, 1, 1, 1, 2, 0, 1, 0, 1, 1, 0, 3, 2, 1, 1, 3, 1, 0, 2, 0, 1, 1, 0, 3, 3, 3, 0, 0, 1, 3, 1, 1, 3, 1, 0, 3, 0, 2, 0, 1, 1, 3, 1, 0, 3, 3, 3, 3, 0, 0, 2, 1, 1, 0, 1, 2, 2, 2, 2], "predicted_labels": [3, 0, 3, 3, 1, 3, 3, 3, 1, 0, 3, 0, 3, 0, 1, 0, 3, 0, 1, 3, 1, 1, 1, 1, 1, 3, 3, 1, 3, 0, 3, 3, 1, 0, 1, 1, 1, 1, 1, 1, 1, 3, 0, 1, 0, 1, 1, 1, 1, 0, 0, 0, 1, 3, 0, 0, 3, 0, 3, 3, 0, 1, 3, 0, 3, 3, 3, 3, 0, 3, 0, 1, 0, 3, 0, 0, 3, 3, 3, 3, 3, 3, 3, 0, 3, 3, 3, 1, 1, 3, 1, 3, 0, 0, 3, 3, 1, 3, 3, 3, 1, 1, 3, 0, 1, 0, 3, 1, 0, 3, 1, 1, 1, 3, 1, 3, 1, 3, 1, 1, 0, 0, 3, 1, 1, 3, 3, 3, 3, 0, 1, 3, 1, 1, 3, 1, 3, 3, 1, 3, 1, 1], "confidence_scores": [[0.24544660894660905, 0.26010281385281386, 0.20645634920634925, 0.287994227994228], [0.2899805194805195, 0.2516091269841269, 0.23280663780663782, 0.22560371572871568], [0.24350265012765016, 0.3109677683427684, 0.1083392857142857, 0.33719029581529597], [0.28746393883893895, 0.2264774184149185, 0.18275795242339363, 0.30330069032274914], [0.2265908952158953, 0.32989765789765785, 0.1720751609501609, 0.27143628593628594], [0.264174839049839, 0.2293455433455434, 0.1805441919191919, 0.32593542568542566], [0.22726406488248593, 0.2819957863773654, 0.1665921023421023, 0.32414804639804634], [0.23383648989898997, 0.24860046897546895, 0.19043578643578646, 0.32712725468975473], [0.2418863775113776, 0.28760813492063503, 0.18811967893217893, 0.2823858086358087], [0.3224238074017486, 0.2535094537815126, 0.208709595959596, 0.2153571428571429], [0.2663899156399157, 0.25286881174381176, 0.1671964979464979, 0.31354477466977476], [0.2983344294594295, 0.251954600954601, 0.20537481962481965, 0.24433614996114994], [0.25542947330447346, 0.27169839188589195, 0.17888410894660894, 0.2939880258630259], [0.2901785947970159, 0.2690005871321661, 0.18068903318903318, 0.26013178488178496], [0.2575091991341992, 0.2838304473304474, 0.18546248196248194, 0.27319787157287156], [0.3299209401709403, 0.21278432678432688, 0.17456114718614718, 0.28273358585858593], [0.2689635780885781, 0.25396404983904985, 0.16711026473526477, 0.3099621073371073], [0.3083030303030303, 0.2212536075036075, 0.21277525252525248, 0.2576681096681096], [0.20769588744588746, 0.33589076201576196, 0.20807864357864353, 0.24833470695970697], [0.2313000194250194, 0.29869028194028197, 0.17028112165612166, 0.2997285769785771], [0.23250160950160959, 0.3377440476190477, 0.22886820124320129, 0.20088614163614169], [0.20157205294705297, 0.3378144494394493, 0.2218060966810967, 0.23880740093240094], [0.1963205266955267, 0.3037384559884559, 0.21927362914862913, 0.2806673881673883], [0.26633549783549787, 0.269571608946609, 0.21949368686868687, 0.2445992063492063], [0.19589754689754696, 0.3297099567099567, 0.16666738816738813, 0.3077251082251083], [0.2720869963369964, 0.23470347707847716, 0.15914561827061824, 0.3340639083139083], [0.2567636895268475, 0.2744041305916307, 0.18090541220475437, 0.2879267676767677], [0.2853495670995671, 0.2927132034632034, 0.13234956709956708, 0.28958766233766237], [0.21935101010101016, 0.2901369047619048, 0.1808650793650794, 0.30964700577200577], [0.3060246558996559, 0.2230445526695527, 0.2306453823953824, 0.24028540903540901], [0.2418348824378237, 0.25762166101871986, 0.2083215395715396, 0.292221916971917], [0.2020705128205129, 0.28579990842490843, 0.2098676462426462, 0.3022619325119325], [0.2425779947177007, 0.311573396374867, 0.21032267732267737, 0.23552593158475518], [0.30332642357642364, 0.23577994227994228, 0.17550492562992562, 0.2853887085137087], [0.24248396048396065, 0.3102866855366856, 0.19136663336663345, 0.25586272061272064], [0.2077988626870207, 0.33286507936507936, 0.19654024265208483, 0.26279581529581525], [0.29473088023088034, 0.3007691197691197, 0.1952794011544011, 0.20922059884559885], [0.2534143028024607, 0.2912718253968255, 0.1792179122047543, 0.2760959595959597], [0.23501022588522594, 0.32313465007215014, 0.16915809884559885, 0.2726970251970253], [0.1822010993392572, 0.3409056082806083, 0.22566903053087267, 0.251224261849262], [0.2463068736818737, 0.27921805971805974, 0.2053894855144856, 0.26908558108558095], [0.322013888888889, 0.1862003968253968, 0.14647967310467308, 0.3453060411810411], [0.37123124098124094, 0.22810010822510823, 0.13343272005772003, 0.2672359307359307], [0.23539772727272731, 0.2744174436674437, 0.22385328070622187, 0.2663315483536071], [0.2848199161949162, 0.20787067099567097, 0.22291143088937213, 0.2843979819200408], [0.19614482228298008, 0.3051816378066378, 0.20772783283967494, 0.2909457070707071], [0.22587715939031736, 0.3440291652791654, 0.16484778233462444, 0.26524589299589296], [0.25721012321012315, 0.32232647907647904, 0.18635472860472851, 0.23410866910866912], [0.23012896825396822, 0.3320406746031746, 0.17329265873015876, 0.2645376984126985], [0.2853743984773396, 0.2373715222685811, 0.19977651515151515, 0.2774775641025641], [0.3313956529581531, 0.25486795149295155, 0.18569776751026748, 0.22803862803862804], [0.290810064935065, 0.25654832667332667, 0.1646498223998224, 0.28799178599178604], [0.2357459068709068, 0.2990372127872129, 0.23020898545898538, 0.2350078948828949], [0.3044125180375181, 0.2016221139971141, 0.15582640480434595, 0.33813896316102204], [0.36291330891330886, 0.2616557539682539, 0.1401531593406593, 0.23527777777777775], [0.3499284604284605, 0.2144005994005994, 0.1584026529026529, 0.2772682872682874], [0.2686055056055056, 0.22365566378066382, 0.18534655622155627, 0.32239227439227447], [0.307275455753397, 0.23123582463288347, 0.17923014485514485, 0.28225857475857474], [0.26026415251415264, 0.24051971639471634, 0.1388872655122655, 0.36032886557886556], [0.22624537962037963, 0.22826917526917526, 0.18083461187505312, 0.36465083323539205], [0.32465602453102455, 0.2169204545454545, 0.17956782106782107, 0.27885569985569986], [0.27991035353535365, 0.2976611999112, 0.16003733766233758, 0.26239110889110884], [0.2913574481074481, 0.21375396825396828, 0.18032972582972584, 0.3145588578088579], [0.29004376179376185, 0.2524885253635253, 0.19533297258297252, 0.2621347402597403], [0.25407496669996665, 0.26857718670218667, 0.17010189810189807, 0.30724594849594855], [0.2808161976911978, 0.26115909090909095, 0.16856006493506492, 0.2894646464646464], [0.2529066211566211, 0.2610965700965701, 0.13331390831390832, 0.3526829004329005], [0.22039742202242205, 0.24161201298701296, 0.22006561983767875, 0.31792494515288644], [0.2977642496392496, 0.24008694083694085, 0.1652274531024531, 0.2969213564213566], [0.27544635919635924, 0.24918825618825624, 0.19249576812076813, 0.2828696164946165], [0.30289285714285713, 0.2557035325785327, 0.1950353535353535, 0.24636825674325677], [0.23676807914307915, 0.28788671051171055, 0.24763231213231218, 0.2277128982128982], [0.3179108946608947, 0.21859406565656567, 0.18942956349206347, 0.27406547619047616], [0.18712205849705854, 0.2281967893217894, 0.1602372488622488, 0.42444390331890347], [0.30434052752802754, 0.23193187368187368, 0.1912599206349206, 0.27246767815517825], [0.2800871489621489, 0.27082076257076254, 0.18622390109890116, 0.2628681873681874], [0.2403505938505938, 0.2639995282495282, 0.17463455988455984, 0.3210153180153181], [0.17534909534909532, 0.29716017316017324, 0.2206868686868687, 0.30680386280386285], [0.2134366554498134, 0.2658230172605174, 0.22258458025892242, 0.29815574703074704], [0.2657685786435786, 0.21911767399267412, 0.2021772394272395, 0.31293650793650796], [0.181328823953824, 0.24688708513708513, 0.17141017316017318, 0.4003739177489177], [0.2385306637806638, 0.27144408369408374, 0.19016378066378067, 0.299861471861472], [0.28408864746364754, 0.23199062049062044, 0.19587373737373734, 0.2880469946719947], [0.33631872294372306, 0.243018093018093, 0.14736520424020422, 0.2732979797979799], [0.24534983072483077, 0.24654965867465872, 0.2041234827264238, 0.30397702787408676], [0.24128597791097797, 0.23320243645243643, 0.19570028582528592, 0.32981129981129975], [0.25316991341991346, 0.2720656565656567, 0.17156511544011535, 0.30319931457431465], [0.2446079753579754, 0.30352318514818516, 0.19859966422466424, 0.2532691752691753], [0.2677852874249934, 0.2703188314953022, 0.2314053932178933, 0.23049048786181142], [0.25549972249972247, 0.26615119602619614, 0.16881987456987457, 0.309529206904207], [0.1734801171051171, 0.3318331945831947, 0.17302530802530802, 0.32166138028638025], [0.23705050505050507, 0.2766601454101455, 0.20045433732933735, 0.28583501221001223], [0.30730921855921856, 0.2518869047619048, 0.1663707264957265, 0.2744331501831503], [0.30373328060828064, 0.2579765512265513, 0.2103860722610722, 0.2279040959040959], [0.2045563880563881, 0.2521926684426685, 0.24438270757020755, 0.298868235930736], [0.22639416139416146, 0.2951440642690643, 0.16051336163836166, 0.31794841269841273], [0.24424333999334003, 0.31028330003330007, 0.1466637806637806, 0.29880957930957924], [0.2110575764105176, 0.27609015086220967, 0.19819678932178927, 0.31465548340548344], [0.2504766573295985, 0.2543726738947327, 0.19726269563769566, 0.2978879731379732], [0.27661922799422795, 0.28918915806415807, 0.1325073953823953, 0.3016842185592185], [0.23104281829281828, 0.33558401320901315, 0.17472618149824032, 0.25864698699992816], [0.23695916093710218, 0.317360214132273, 0.17741918702212817, 0.26826143790849677], [0.22645615495615495, 0.27106421356421356, 0.16135701798201793, 0.34112261349761364], [0.28855059523809534, 0.28780458430458433, 0.1715097263847264, 0.2521350940725941], [0.23305308090602211, 0.3018270944741534, 0.20159233332027454, 0.26352749129955017], [0.31687733100233106, 0.22944047619047622, 0.19268925518925517, 0.26099293761793757], [0.26720961677211674, 0.23970919358419365, 0.17614735264735262, 0.316933836996337], [0.23373495458789578, 0.28810703675409555, 0.19632252469752465, 0.2818354839604841], [0.3367189564821145, 0.21788113275613277, 0.1595175153793575, 0.2858823953823954], [0.2956366341991342, 0.20538612776112775, 0.17217586580086583, 0.32680137223887235], [0.2570005411255411, 0.295719696969697, 0.17315187590187586, 0.27412788600288607], [0.19949786324786323, 0.2769437784437784, 0.25687732610526726, 0.26668103220309103], [0.1879504523254524, 0.3050882728382728, 0.21241185203685212, 0.2945494227994228], [0.20456691919191922, 0.2520018037518038, 0.19583712121212118, 0.34759415584415576], [0.2601109813389225, 0.2716796169516758, 0.21981679431679435, 0.24839260739260738], [0.2220753968253969, 0.275314393939394, 0.18120580808080802, 0.32140440115440116], [0.24781325618825614, 0.29134817959817966, 0.20928095515595516, 0.2515576090576091], [0.21261993561993567, 0.2680325091575091, 0.1950166361416362, 0.3243309190809191], [0.2636190476190477, 0.28290584415584413, 0.20150889388389387, 0.2519662143412143], [0.2452622655122655, 0.39252940115440116, 0.17817063492063492, 0.18403769841269846], [0.30771980285796074, 0.26531944444444444, 0.14454717118107208, 0.28241358151652274], [0.3051650571650571, 0.21476547757797754, 0.20969074675324678, 0.27037871850371853], [0.23141774891774897, 0.22062409812409814, 0.27137860750360754, 0.27657954545454555], [0.2372029220779221, 0.3398100649350648, 0.20905357142857153, 0.21393344155844157], [0.19489513264513264, 0.3235325924075924, 0.16902963702963703, 0.3125426379176379], [0.23040476190476195, 0.29130085192585187, 0.18542554667554667, 0.2928688394938395], [0.2173588772338772, 0.26267873099123096, 0.20889880952380963, 0.31106358225108227], [0.2583933427683428, 0.28001055888555887, 0.16876171051171052, 0.29283438783438787], [0.21292292429792423, 0.2550827922077923, 0.19372728660228652, 0.3382669968919969], [0.2981676934176935, 0.2539683094683094, 0.1498748196248196, 0.2979891774891776], [0.2839460678210679, 0.30424314574314587, 0.16706024531024533, 0.24475054112554112], [0.2868499373433584, 0.2715326939142729, 0.12821169108669106, 0.3134056776556777], [0.2525322871572872, 0.3275622294372295, 0.1761295093795094, 0.24377597402597398], [0.20201531616817994, 0.3043286272550979, 0.20474287335471544, 0.2889131832220068], [0.22432245532245534, 0.2661860569985571, 0.19121060883560884, 0.31828087884337875], [0.23847372072372067, 0.31578764291264294, 0.1779161949161949, 0.2678224414474415], [0.2419395743145743, 0.23283279220779218, 0.17337049062049062, 0.351857142857143], [0.24008187134502926, 0.26251652514152524, 0.20613764524948736, 0.29126395826395823], [0.20588227050727048, 0.3323520923520924, 0.2281992035742036, 0.2335664335664336], [0.24463121783187577, 0.2367369991119992, 0.19479754784688996, 0.32383423520923527], [0.2376095938375349, 0.2845872509843098, 0.2213258685758687, 0.2564772866022865], [0.20186435786435783, 0.3191977605727606, 0.21226551226551227, 0.26667236929736926]]}}