{"test": {"ids": ["110115710", "113121750", "109117080", "100111390", "109113281", "100116790", "98106680", "101108121", "101109370", "100108260", "107115250", "100108490", "113121010", "100110050", "100113370", "98108370", "104110960", "106118820", "111117000", "99108080", "101108500", "108117720", "102108621", "113120601", "111116411", "105112100", "113117550", "112118930", "110118161", "109117431", "113118870", "105113330", "111119290", "99107300", "112120990", "112119500", "101115190", "112121010", "110114950", "108115570", "101110150", "99108580", "111114121", "108117360", "103109791", "100109910", "103120290", "97107040", "110118450", "105113620", "98108970", "103112641", "97107920", "103118110", "109118820", "105118171", "104116800", "109117150", "105117351", "110117500", "109113591", "108117451", "103111930", "101109120", "97106591", "110120640", "103113210", "106115120", "112116640", "104114410", "99108010", "112117780", "109116930", "99109860", "103111480", "106117790", "111117200", "112119930", "98106880", "112117431", "103120340", "102110050", "106113830", "108115250", "97106600", "99107950", "101108290", "112118161", "109117600", "111120190", "104111531", "101116130", "100116500", "107114200", "110119030", "111114941", "109118701", "113121190", "100109311", "110113591", "113119320", "108118301", "97106000", "113119360", "104113380", "112120630", "105116860", "112118820", "101121640", "99108520", "110118930", "111119950", "112116290", "110117110", "111115620", "98109090", "106120290", "105118740", "103109641", "113120591", "101119591", "113117340", "99121440", "98110710", "108115500", "101111310", "109119591", "100110260", "107121540", "111116100", "99113260", "105116980", "108119510", "102117351", "105119550", "105113480", "110120531", "113118820", "99109161", "97110950", "103113260", "108120260"], "labels": [2, 0, 1, 2, 0, 2, 1, 0, 1, 3, 2, 2, 2, 3, 3, 1, 2, 3, 0, 3, 3, 1, 3, 2, 0, 1, 3, 1, 0, 1, 0, 3, 3, 3, 2, 2, 1, 2, 0, 3, 1, 0, 0, 1, 3, 2, 2, 2, 0, 0, 3, 3, 0, 2, 3, 3, 1, 2, 0, 1, 3, 2, 3, 1, 1, 0, 3, 1, 0, 1, 2, 0, 0, 2, 0, 1, 0, 1, 0, 0, 1, 3, 1, 1, 3, 1, 0, 0, 1, 3, 0, 2, 2, 2, 0, 0, 3, 1, 1, 0, 1, 1, 0, 0, 1, 3, 2, 0, 2, 2, 1, 0, 0, 0, 1, 1, 2, 1, 1, 0, 0, 2, 2, 2, 3, 3, 0, 3, 2, 3, 0, 0, 1, 1, 1, 0, 0, 0, 3, 3, 3, 1], "predicted_labels": [2, 0, 3, 1, 0, 0, 1, 3, 1, 3, 1, 0, 1, 3, 2, 1, 0, 1, 1, 3, 1, 3, 0, 1, 3, 3, 1, 0, 0, 0, 3, 0, 1, 0, 1, 1, 1, 1, 0, 3, 1, 1, 1, 2, 2, 2, 2, 3, 2, 1, 1, 2, 0, 2, 3, 3, 1, 0, 3, 1, 3, 0, 0, 1, 1, 0, 0, 1, 0, 0, 1, 2, 2, 1, 3, 2, 3, 1, 3, 0, 0, 3, 3, 2, 2, 2, 3, 1, 0, 0, 3, 3, 3, 1, 0, 3, 3, 1, 3, 1, 0, 0, 1, 3, 1, 3, 2, 3, 1, 2, 0, 3, 0, 2, 3, 2, 2, 3, 3, 3, 0, 1, 1, 1, 1, 0, 3, 3, 3, 3, 0, 1, 2, 3, 0, 1, 3, 3, 0, 3, 1, 3], "confidence_scores": [[0.11872274260827438, 0.10149236484706249, 0.6849856925016973, 0.09479920004296585], [0.7629723127619149, 0.035884745941688403, 7.530372327007296e-05, 0.20106763757312673], [0.025565445046169935, 0.24177512492344, 0.0015068411706461848, 0.7311525888597438], [0.018425405543405833, 0.8889699248562687, 9.062260740163447e-05, 0.09251404699292388], [0.887007700868386, 0.04407432551483692, 2.7943834900399602e-05, 0.06889002978187671], [0.5877435259689447, 0.24719918947500905, 0.07380500197470899, 0.09125228258133719], [0.00011213727321486676, 0.816999014653648, 0.11511462400786986, 0.06777422406526731], [0.01867967231559679, 0.0021175110263968624, 0.0019041311619654958, 0.9772986854960407], [4.453993404812515e-05, 0.41684974869957203, 0.28982584651586335, 0.2932798648505165], [0.27886035081131266, 0.03404484129418307, 0.030210032215581346, 0.6568847756789229], [0.082582598058474, 0.7626572885995163, 0.05780983323627827, 0.09695028010573124], [0.770177571079412, 0.18130795868702623, 0.0007083756565777538, 0.04780609457698415], [0.0005397967212899601, 0.9039747917873105, 0.002374530996106879, 0.09311088049529256], [0.1298798608199545, 0.05200813477316362, 0.01093158594933208, 0.8071804184575497], [0.057530848796162895, 0.07849162810252394, 0.7380048484937815, 0.12597267460753175], [0.022133453517009263, 0.603170208355444, 0.37286077595664735, 0.0018355621708992806], [0.3553748789220597, 0.3165523757097234, 0.09889571448008087, 0.22917703088813612], [0.06952861256532981, 0.6854131538422541, 0.0008423850742185273, 0.24421584851819766], [0.32700663481280584, 0.34978287491432897, 0.000571413540172939, 0.3226390767326923], [0.01793256735159771, 0.0011606194520369251, 0.017571267357583995, 0.9633355458387814], [0.001047051142413767, 0.9845545756202656, 0.005088500823436131, 0.009309872413884425], [0.16146734490147485, 0.001077772182151618, 0.026459099962404576, 0.8109957829539689], [0.7446637866538297, 0.10339803967883127, 0.0028717076706888207, 0.1490664659966501], [0.0026603165263163146, 0.863415152733659, 0.03643343407551194, 0.09749109666451258], [0.31851335307046963, 0.01772032757804431, 0.0002992231052932695, 0.6634670962461928], [0.13449617238098216, 0.0546947341310988, 0.08068819452899972, 0.7301208989589193], [0.0377222547257997, 0.5497998092506476, 0.016415640919888657, 0.39606229510366403], [0.4326733224637197, 0.14857978294026353, 0.07889027609372454, 0.33985661850229226], [0.5569488972015672, 0.3958483286959223, 0.0014774132597997363, 0.04572536084271094], [0.6013738337955822, 0.002901687707538, 0.0045179258119977155, 0.3912065526848821], [0.0005852054561890895, 0.19755283300151225, 0.0006628686505425394, 0.8011990928917562], [0.7516902267044441, 0.06779970273286538, 0.023059307563038447, 0.157450762999652], [0.004997347734652117, 0.5838308403017451, 0.01024907632934287, 0.4009227356342599], [0.9395746041931898, 0.05811399917324389, 3.6451779720021066e-05, 0.002274944853846368], [0.0017761899027814796, 0.9794499837132443, 0.005160298038441278, 0.013613528345533019], [0.2068204999218586, 0.7763880668728117, 0.01233571327288995, 0.004455719932439776], [0.174388910674384, 0.47285135549412743, 0.33222655373424553, 0.02053318009724312], [0.055970828144713686, 0.8828564487492802, 0.005846750540790381, 0.05532597256521579], [0.9486785544191237, 0.0026597335197368773, 0.0022644305652824376, 0.04639728149585689], [0.020946335155081337, 0.021344609626764387, 0.006755160837288423, 0.9509538943808659], [0.003647666610647702, 0.5035486883619174, 0.0062301668510074334, 0.48657347817642754], [0.0063527747750274114, 0.9306901243848082, 0.05724626589138936, 0.005710834948775084], [0.003175419764936367, 0.9963900338060895, 5.648318860990988e-05, 0.00037806324036427215], [0.00015712624928122476, 0.001551836692793604, 0.9855646520161315, 0.012726385041793594], [0.001945884697191841, 0.024458763649855064, 0.7468044732163502, 0.22679087843660267], [0.019657591125541832, 0.0069553369521971, 0.9396883021883342, 0.03369876973392679], [0.004239503299763338, 0.22416509830719, 0.7099391220288278, 0.06165627636421896], [0.0006433048118438799, 9.735385295048333e-05, 0.00863130337778908, 0.9906280379574165], [0.010724646726578668, 0.15273360952381554, 0.7761240420893811, 0.06041770166022463], [0.011452663829969468, 0.8956700006838171, 0.07671414382817253, 0.01616319165804116], [5.124475495740868e-05, 0.8492495033344166, 0.13491396768478633, 0.015785284225839774], [0.19001027226673273, 0.08230515884984664, 0.6900033345754363, 0.03768123430798424], [0.9900206689468671, 0.005968618504456864, 9.648542211560295e-05, 0.003914227126560333], [0.00012322537881451735, 0.0763122636470312, 0.899729265737513, 0.023835245236641163], [0.024786247935158684, 0.05706251543884441, 0.02846599732849723, 0.8896852392974997], [0.026537991468922953, 0.0003253670549290784, 0.000301980274560432, 0.9728346612015875], [0.28105842814430576, 0.3832841748096848, 0.11368723495308697, 0.22197016209292242], [0.4676653846674036, 0.2523313239497989, 0.19350240926663934, 0.0865008821161581], [0.10578779819730588, 0.03079469802167563, 0.01099417418777104, 0.8524233295932474], [0.05075130198630297, 0.8216049538369409, 0.07026312716959998, 0.05738061700715606], [0.00425010015240973, 0.11117305121429083, 5.969829107367568e-05, 0.8845171503422258], [0.9776739473664849, 0.0022406949017657837, 0.0001321537290280281, 0.01995320400272125], [0.5094209908084643, 0.48114112656247005, 0.001286213325328378, 0.008151669303737286], [0.28134698447699497, 0.4333653410933768, 0.018631205045896968, 0.2666564693837312], [0.0018200229480167772, 0.5027561154082887, 0.03879342786773595, 0.45663043377595847], [0.708316480355607, 0.12820375934106415, 0.14174618611727907, 0.021733574186049858], [0.44301070350611044, 0.2402466988581565, 0.306670446799263, 0.010072150836470157], [0.330457938030253, 0.6423806134690798, 0.00015346990328074842, 0.02700797859738637], [0.4289520179826979, 0.1832982288959888, 0.04325085875408477, 0.34449889436722864], [0.6510395716124601, 0.0060591034949626175, 0.026970367633377488, 0.31593095725919984], [0.006086802639376223, 0.9512355323901033, 0.033380660198617254, 0.009297004771903025], [0.14530991762311432, 0.299104335591127, 0.42187250383506525, 0.13371324295069337], [0.006799498448883737, 0.004842910750769417, 0.9382400063294607, 0.050117584470886004], [0.011181129826642086, 0.5818329189288475, 0.3228284726213728, 0.08415747862313758], [0.26573856241272614, 0.03273914224655358, 0.317487849749347, 0.38403444559137334], [0.0028680325951298893, 0.008912944983374462, 0.8791744792704732, 0.10904454315102242], [0.14677226833032303, 0.11610519109134428, 0.03984076844973548, 0.6972817721285972], [0.00016368873341451607, 0.9005916138188924, 0.035454705017438984, 0.0637899924302541], [0.05006359358740808, 0.009942684356702126, 0.01720809292145616, 0.9227856291344336], [0.777087895108231, 0.003998915350109492, 0.00027038952735938896, 0.21864280001430006], [0.369130208694051, 0.24455770865810753, 0.2506234842424275, 0.1356885984054139], [0.021439652626953225, 0.009416580800468742, 0.23030412456618432, 0.7388396420063936], [0.09365747308500773, 0.27578522590247273, 0.04601174686263743, 0.584545554149882], [0.3052800727125996, 0.046260178801313126, 0.6471487258863181, 0.0013110225997691595], [0.1128947834927525, 0.009661966456020497, 0.8387858786164101, 0.038657371434817], [0.0006367960712751388, 0.01189324200580336, 0.9679056575012397, 0.01956430442168192], [0.08059126284382011, 0.07936382693955597, 0.17000018134557812, 0.6700447288710458], [0.06927382777657297, 0.9276421614088677, 0.0013924409574883271, 0.0016915698570709337], [0.7890184982927222, 0.14302678368279173, 0.028558655053751453, 0.039396062970734565], [0.6049827084729575, 0.26113925236730945, 0.0007416981283379677, 0.1331363410313951], [0.024818814026641975, 0.11734541423695972, 0.0007178926298124322, 0.857117879106586], [0.01962939483484468, 0.301214978646612, 0.0077653624793912945, 0.671390264039152], [0.04461234446110664, 0.009223127444029776, 0.03841816998549808, 0.9077463581093654], [0.09131259078456552, 0.9052235601691131, 0.000251813582184398, 0.0032120354641369795], [0.6077319019301736, 0.086301835294393, 0.07008745468485972, 0.2358788080905737], [0.26416266719870346, 0.15539590651864046, 0.17696455133304698, 0.4034768749496091], [0.45792220226652663, 0.007196857040011053, 0.009222608552056432, 0.5256583321414058], [0.05817782513758258, 0.7478890447756555, 0.15333127648060615, 0.040601853606155626], [0.06826635926323088, 0.012799898258089037, 0.0026862364806576307, 0.9162475059980224], [0.012556302148636247, 0.5044788969258237, 1.3475723914650994e-06, 0.4829634533531486], [0.9735133876967791, 0.0006888738290037197, 0.0024364145383795753, 0.023361323935837598], [0.7427775726951513, 0.12704626593262403, 7.039646412046761e-05, 0.13010576490810427], [0.00547434347786493, 0.5604952484675207, 0.08173693039029455, 0.3522934776643198], [0.011485239333336518, 0.04159042217356889, 0.0014011125975398053, 0.9455232258955548], [0.009726881175406205, 0.8256714965434778, 0.028605216774345136, 0.1359964055067709], [0.033214955217584746, 0.09155607375263863, 0.1496557417250538, 0.7255732293047228], [0.05792754481276162, 0.1949659249010454, 0.7348784659469061, 0.01222806433928696], [0.19373975872182442, 0.16331075659294012, 0.007276246151207707, 0.6356732385340279], [0.0014855828750424019, 0.9674675634236709, 0.0011638521222441286, 0.029883001579042525], [0.020051174310931962, 0.007237543201742283, 0.9669492615320882, 0.0057620209552377], [0.41335376185458544, 0.31495854056606254, 0.05544080750734457, 0.21624689007200754], [0.08006500889468667, 0.019489382054220055, 0.0038649432962271886, 0.8965806657548662], [0.7895508575990605, 0.2014958255482144, 0.007413119988340104, 0.001540196864384981], [0.016214728338941657, 0.20559163509186895, 0.5959660894218062, 0.18222754714738323], [0.1408371761215791, 0.07335713926458025, 0.00271308316106585, 0.7830926014527748], [0.006522446696527245, 0.02244928518454797, 0.4913615346535841, 0.47966673346534056], [0.004065838546985274, 0.07540078073219264, 0.8168217686783689, 0.10371161204245326], [0.10950123770654678, 0.0016444430019243751, 0.19289072653434383, 0.6959635927571851], [0.029869273749920575, 0.03451310123436881, 0.0003030243409760178, 0.9353146006747346], [0.04299547613580265, 0.007099272727102623, 3.001289533598525e-06, 0.9499022498475612], [0.9720042571086851, 0.0009137166167058377, 0.00022638663083939908, 0.026855639643769722], [0.024187944598693542, 0.5718671038191725, 0.28452759981317827, 0.11941735176895572], [0.00046120950382074757, 0.9985168792303349, 7.288479602478423e-05, 0.0009490264698195944], [0.05796232817203136, 0.9170063145026246, 0.0021343082797606787, 0.022897049045583474], [0.0008177909480960614, 0.9708535396741754, 0.006570102992783013, 0.021758566384945485], [0.738407040003451, 0.23939090084069034, 0.015996219785905305, 0.006205839369953365], [0.22986711243888638, 0.20253819722666377, 0.0013793631779663391, 0.5662153271564835], [0.1148053994372791, 0.029343785064464743, 0.011803054788042552, 0.8440477607102137], [0.2013135998191697, 0.07575097804232817, 0.006377480416990784, 0.7165579417215113], [0.10082595783059743, 0.2345714491207855, 0.01452430697175513, 0.650078286076862], [0.8912484037267683, 0.06448045955824257, 0.041073217421594685, 0.0031979192933943835], [0.38108610514284647, 0.4099233819752119, 0.007825671489235233, 0.20116484139270632], [0.08432480158018046, 0.010899101088362262, 0.7195163253194282, 0.18525977201202898], [0.0003489931363098182, 0.0006428820701765864, 5.6332255678147066e-05, 0.9989517925378355], [0.6406175236748841, 0.2983906024869197, 0.0020965771143121458, 0.05889529672388404], [0.046969165312692164, 0.793454305276256, 0.10547804448592232, 0.05409848492512959], [0.0044276075468875605, 0.197975589476242, 4.71717361746818e-05, 0.7975496312406958], [0.16648681422613462, 0.03969676013102719, 0.06281997808692437, 0.7309964475559138], [0.9784847406161956, 0.005908770092136598, 0.015555134722578882, 5.135456908895871e-05], [0.03910895561973267, 0.0039854115083191016, 0.017851156875014717, 0.9390544759969335], [0.012470409003101323, 0.9130339507583024, 0.0036551690385477134, 0.07084047120004865], [0.15174002368437595, 0.18546907650037858, 0.021199176733690206, 0.6415917230815552]]}, "rewritten": {"ids": ["97106000", "97106591", "97106600", "97107040", "97107920", "97110950", "98106680", "98106880", "98108370", "98108970", "98109090", "98110710", "99107300", "99107950", "99108010", "99108080", "99108520", "99108580", "99109161", "99109860", "99113260", "99121440", "100108260", "100108490", "100109311", "100109910", "100110050", "100110260", "100111390", "100113370", "100116500", "100116790", "101108121", "101108290", "101108500", "101109120", "101109370", "101110150", "101111310", "101115190", "101116130", "101119591", "101121640", "102108621", "102110050", "102117351", "103109641", "103109791", "103111480", "103111930", "103112641", "103113210", "103113260", "103118110", "103120290", "103120340", "104110960", "104111531", "104113380", "104114410", "104116800", "105112100", "105113330", "105113480", "105113620", "105116860", "105116980", "105117351", "105118171", "105118740", "105119550", "106113830", "106115120", "106117790", "106118820", "106120290", "107114200", "107115250", "107121540", "108115250", "108115500", "108115570", "108117360", "108117451", "108117720", "108118301", "108119510", "108120260", "109113281", "109113591", "109116930", "109117080", "109117150", "109117431", "109117600", "109118701", "109118820", "109119591", "110113591", "110114950", "110115710", "110117110", "110117500", "110118161", "110118450", "110118930", "110119030", "110120531", "110120640", "111114121", "111114941", "111115620", "111116100", "111116411", "111117000", "111117200", "111119290", "111119950", "111120190", "112116290", "112116640", "112117431", "112117780", "112118161", "112118820", "112118930", "112119500", "112119930", "112120630", "112120990", "112121010", "113117340", "113117550", "113118820", "113118870", "113119320", "113119360", "113120591", "113120601", "113121010", "113121190", "113121750"], "labels": [0, 1, 3, 2, 0, 3, 1, 0, 1, 3, 1, 2, 3, 1, 2, 3, 2, 0, 3, 2, 0, 2, 3, 2, 1, 2, 3, 3, 2, 3, 2, 2, 0, 0, 3, 1, 1, 1, 3, 1, 2, 0, 2, 3, 3, 1, 1, 3, 0, 3, 3, 3, 3, 2, 2, 1, 2, 0, 1, 1, 1, 1, 3, 0, 0, 2, 0, 0, 3, 1, 1, 1, 1, 1, 3, 2, 2, 2, 2, 1, 3, 3, 1, 2, 1, 1, 1, 1, 0, 3, 0, 1, 2, 1, 1, 3, 3, 0, 0, 0, 2, 0, 1, 0, 0, 1, 0, 0, 0, 0, 0, 1, 3, 0, 0, 0, 3, 0, 3, 0, 0, 0, 0, 0, 0, 1, 2, 1, 3, 2, 2, 2, 3, 0, 0, 1, 0, 0, 2, 2, 1, 0], "predicted_labels": [3, 3, 2, 3, 0, 3, 1, 3, 1, 1, 2, 1, 0, 2, 1, 3, 2, 1, 0, 1, 0, 1, 3, 0, 3, 2, 1, 3, 1, 3, 1, 3, 3, 3, 1, 1, 1, 1, 0, 2, 3, 0, 1, 0, 2, 3, 3, 2, 3, 1, 2, 0, 1, 2, 2, 2, 0, 3, 1, 0, 1, 3, 3, 1, 1, 2, 1, 3, 3, 3, 1, 3, 1, 2, 1, 2, 0, 1, 1, 2, 1, 3, 2, 3, 3, 1, 2, 0, 3, 3, 2, 1, 3, 0, 0, 3, 3, 1, 3, 0, 1, 1, 1, 3, 2, 1, 3, 1, 0, 1, 3, 3, 3, 3, 3, 3, 3, 3, 1, 0, 3, 3, 3, 1, 3, 3, 1, 1, 3, 1, 3, 1, 1, 0, 3, 0, 3, 3, 1, 1, 1, 3], "confidence_scores": [[0.0008155387461722608, 0.023225540393768736, 0.14598218286680772, 0.8299767379932513], [0.0005785970442770273, 0.2197920625085282, 0.3668293240046827, 0.4128000164425121], [0.007722182382330271, 0.005672232461140628, 0.9842102121249169, 0.002395373031612201], [0.003412893427457732, 0.0027642189332498096, 0.08144374293246044, 0.9123791447068319], [0.5168229955702673, 0.08401814735257286, 0.009717768674991792, 0.3894410884021681], [0.007179276654302898, 0.06642685289226039, 0.023256094337612797, 0.9031377761158239], [0.0001925160119584229, 0.9219556318611694, 0.07594988543937281, 0.0019019666874994373], [0.022979379797743487, 0.010231227785853638, 0.11443380236530329, 0.8523555900510996], [0.00032288580753698235, 0.938927206269273, 0.056818483641665855, 0.003931424281524095], [0.0002241376618826177, 0.8942226388460683, 0.0876355251158536, 0.017917698376195494], [0.04987763210168687, 0.2883616065433435, 0.599022688441644, 0.06273807291332563], [0.01939042287289097, 0.9581225778660631, 0.0023169774114207967, 0.0201700218496251], [0.8772031376801525, 0.12024238022082036, 5.350450572116627e-05, 0.0025009775933060546], [0.004083929412596284, 0.42747621888994114, 0.5003148046349992, 0.06812504706246336], [0.007352331666899468, 0.9108796443960694, 0.03410057442943799, 0.047667449507593274], [0.011751951389077362, 0.012335277506813066, 0.009287211630325766, 0.9666255594737838], [0.01174652544473282, 0.045750335121015305, 0.9391253108437679, 0.003377828590483868], [0.008218555701168879, 0.9263594540837982, 0.05181449138371616, 0.013607498831316827], [0.9065809531034201, 0.002623278830365085, 0.09034959746301462, 0.0004461706032002182], [0.02023116669985155, 0.588814705008963, 0.32464701297013315, 0.06630711532105227], [0.7545525398832503, 0.19686965453970515, 0.02804607601489154, 0.02053172956215313], [3.127887856012928e-05, 0.9703021614728513, 0.0012559688816108042, 0.028410590766977793], [0.104511762326003, 0.2614484291449726, 0.10193304324911101, 0.5321067652799133], [0.6159456606470847, 0.16163492533140472, 0.010850635601213599, 0.2115687784202969], [0.43830862763287226, 0.02449286954063364, 0.00121284223516427, 0.5359856605913298], [0.009230566753133676, 0.014447284260616672, 0.9691527127371443, 0.007169436249105218], [0.025047755083797033, 0.5239657530798972, 0.018516428461054023, 0.4324700633752516], [0.11754117422211886, 0.13467548629849832, 0.0647539536107732, 0.6830293858686096], [0.14175113589260044, 0.8195840413902864, 0.006895139074363415, 0.031769683642749735], [0.09104275793464618, 0.029397371940401446, 0.26723527906376127, 0.6123245910611911], [0.004794310774442392, 0.6668465169598, 0.10518423943467076, 0.22317493283108691], [0.2503664384575424, 0.27757663741035726, 0.07619381908346852, 0.39586310504863187], [0.057495087400689204, 0.07399032113740552, 0.058008539556359165, 0.8105060519055461], [0.012037512076161319, 0.08725979710060056, 0.06730986148007294, 0.8333928293431652], [0.0005532221391067158, 0.9897918097589501, 0.0036634566684551387, 0.005991511433487931], [0.148572253638677, 0.5423679305835826, 0.02273938804727758, 0.28632042773046285], [0.00037983564282968464, 0.8003203921486781, 0.1737524438139821, 0.025547328394510144], [0.001125456337016566, 0.5089056021011956, 0.009748500963373322, 0.4802204405984144], [0.7897480053182876, 0.12323196779132828, 0.03105312434226382, 0.05596690254812033], [0.10815357886884662, 0.3246483291868896, 0.4689041773503478, 0.09829391459391604], [0.0033178034064937994, 0.040591816287956536, 0.002512968710487191, 0.9535774115950625], [0.6802277479779816, 0.0009311846246787435, 0.0030974777875565056, 0.3157435896097832], [0.018255359209855427, 0.8167929443716437, 0.004254035309718411, 0.16069766110878236], [0.8274159604131907, 0.012245934585930457, 0.002226804911725147, 0.15811130008915358], [0.018159333789101163, 0.13606541658149118, 0.7676474355248818, 0.07812781410452575], [0.0007177960342506, 0.0018894645427877704, 0.0007846919587029104, 0.9966080474642587], [0.02609031540147163, 0.01986264915471986, 0.013712909900652886, 0.9403341255431557], [0.0009710797613793282, 0.01100355963500109, 0.5116615266195208, 0.4763638339840988], [0.2951673916546448, 0.10114742455076739, 0.08795773999229063, 0.5157274438022972], [0.1812539268989214, 0.8082390970033071, 0.003571481022983188, 0.006935495074788189], [0.11869958377315505, 0.31675730590194356, 0.5474408166545474, 0.017102293670354072], [0.5687246409900093, 0.2666594212413033, 0.11979393511453183, 0.044822002654155556], [0.0014389249256007816, 0.9806677304096763, 0.0017279642581909942, 0.016165380406532034], [0.0010660544878228933, 0.011216403305091233, 0.8067455794029271, 0.18097196280415861], [0.010104142667770401, 0.02398727377030277, 0.7719963853334567, 0.1939121982284701], [0.02294509046277442, 0.35530316709434673, 0.4569067424926829, 0.164844999950196], [0.3853450817216578, 0.1868114148836777, 0.12189562297483077, 0.30594788041983373], [0.05913328272515823, 0.15272350115921632, 0.003859900872596957, 0.7842833152430284], [0.05354228860966298, 0.7262662833215942, 0.14065784151393793, 0.079533586554805], [0.6156622985925596, 0.0020915509185243874, 0.040696554379671304, 0.3415495961092446], [0.029989468374223196, 0.7974492881706119, 0.014455735366610208, 0.15810550808855459], [0.1288203454366891, 0.28496555362277326, 0.11594961505853149, 0.47026448588200603], [0.2396912654633264, 0.22348658691075454, 0.042453015140860605, 0.4943691324850586], [0.025218132557313543, 0.8717816700245904, 0.060533796028107226, 0.0424664013899887], [0.025703699814028987, 0.9139255252558771, 0.046100052309447276, 0.014270722620646673], [0.010775231709015268, 0.039989904845670145, 0.9340608774018616, 0.0151739860434529], [0.29824365129785513, 0.36853511913165365, 0.08428150764803695, 0.24893972192245442], [0.16104955520224312, 0.17243010513786605, 0.017206037966382554, 0.6493143016935083], [0.01812217904169164, 0.10484600682975467, 0.00015688931683806992, 0.8768749248117157], [0.21219617620803102, 0.0009344350706667224, 0.1871170852440897, 0.5997523034772125], [0.3262298461370248, 0.5388429019029347, 0.004995824278460733, 0.1299314276815798], [0.22321763789813687, 0.3708817213793339, 0.006075046694630498, 0.3998255940278987], [0.29319974129483134, 0.6624168583667527, 0.00012286079874977, 0.044260539539666244], [0.0039045122409177846, 0.021420044630856647, 0.8481682949682753, 0.12650714815995032], [0.0039373762026578465, 0.6601873644787682, 0.0001800496316115981, 0.3356952096869621], [0.03940327477071031, 0.08287345450741433, 0.6647015410520981, 0.21302172966977728], [0.5427254208017066, 0.4248973448592558, 0.007939259923456081, 0.024437974415581626], [0.022719376179998002, 0.7391733551649742, 0.033623954076683116, 0.20448331457834493], [0.06237763065480683, 0.8015280746814482, 0.014525769914326577, 0.12156852474941858], [0.3881452740255225, 0.13291293063064827, 0.4583463516977684, 0.02059544364606079], [0.005003524971316121, 0.946360238466266, 0.009833931186603116, 0.038802305375814784], [0.03950011148320872, 0.17743719765195481, 0.013437914186753266, 0.7696247766780832], [0.0011135912399939584, 0.06001544088351735, 0.9057986264154586, 0.03307234146103009], [0.49747379608475945, 0.003898965389685069, 0.0002621364000985771, 0.49836510212545704], [0.08038617555431461, 0.0107425711530311, 0.02830348474181006, 0.8805677685508443], [0.029166832503227914, 0.8009806042985134, 0.000998408860571975, 0.1688541543376867], [0.01010891543272158, 0.0022042229807771496, 0.9665164698791442, 0.021170391707357173], [0.683449721441346, 0.1568455082114314, 0.11148589225821351, 0.04821887808900915], [0.4813830620430409, 0.021378191269891076, 6.927817249382318e-06, 0.4972318188698186], [0.002991932294440619, 0.21098589232255313, 4.206162761866513e-05, 0.7859801137553876], [0.018854779669125767, 0.0035600509407213215, 0.6753067540427459, 0.30227841534740707], [0.0011961068764079733, 0.979648509010443, 0.0002487374547140387, 0.018906646658434962], [0.09803826165244715, 0.09612231247839997, 0.3117688520832006, 0.49407057378595226], [0.893452457857521, 0.02400352740013909, 0.010196882355714166, 0.07234713238662559], [0.5762109089382015, 0.34089790630336597, 0.017267165784016485, 0.0656240189744161], [0.10444722183883347, 0.0027032911413281844, 0.0010359378523299354, 0.8918135491675084], [0.006751714117450119, 0.05465812771331344, 0.008939786461534635, 0.9296503717077017], [0.029470998503611717, 0.9491791270351764, 0.006037480908165963, 0.015312393553045898], [0.03917238939219709, 0.2999551491785269, 3.8958414863491105e-06, 0.6608685655877896], [0.6714009891665722, 0.008447897202649225, 0.0033214046185613627, 0.31682970901221713], [0.11463218680662274, 0.6519447375125864, 0.2146805711383602, 0.01874250454243074], [0.0034728230779295923, 0.755729713235512, 0.18496550948244883, 0.05583195420410954], [0.15913301048125386, 0.5308184938767665, 0.021801315338294727, 0.2882471803036849], [0.08987734859531472, 0.12865755895258382, 0.0015333641252456979, 0.7799317283268558], [0.002477465263116634, 0.37076849554409025, 0.5711480444994393, 0.055605994693353644], [0.04025779964429946, 0.5233511864470147, 0.007606812961387344, 0.42878420094729863], [0.20983394398652938, 0.12480647115320988, 0.012126443280820647, 0.65323314157944], [0.008122719475790236, 0.637707632605761, 0.0001265253341029079, 0.3540431225843459], [0.502317996598169, 0.33787268700248396, 0.02452453089132129, 0.13528478550802575], [0.049149491667826145, 0.838090829194455, 0.011771989685182574, 0.10098768945253611], [0.05064028634257638, 0.11337197962581122, 0.35072863816824484, 0.4852590958633676], [0.1171073666459144, 0.09438574412670511, 0.012273193997678872, 0.7762336952297015], [0.08939566365244594, 0.11223778461141541, 0.005825218173731082, 0.7925413335624074], [0.4032172591121202, 0.002731891504927619, 0.00021450537910829663, 0.5938363440038438], [0.15973993884136595, 0.04261245370435307, 0.00016397956326217198, 0.7974836278910189], [0.12380874528932655, 0.020583958152299634, 0.01828902718372107, 0.8373182693746528], [0.0002142791442407679, 0.14845728143846526, 0.000435338722016082, 0.8508931006952778], [0.1492604104928618, 0.05849052825110976, 0.009668861127192757, 0.7825802001288358], [0.012737458006039428, 0.9690029438928623, 0.0027105429668233404, 0.01554905513427486], [0.8741626079659771, 0.11423153967993335, 0.00810142397462561, 0.003504428379463899], [0.1934191260958432, 0.08065146638052095, 0.030030526730961297, 0.6958988807926746], [0.1226293630859201, 0.11579096669863496, 0.0021167400564798228, 0.7594629301589652], [0.2020078332751784, 0.06417877817697822, 0.29402959343473767, 0.4397837951131058], [0.10620488885488229, 0.8628801321709071, 0.008771437904074262, 0.02214354107013634], [0.17583084372328886, 0.20341039496858068, 0.013562958674332496, 0.6071958026337979], [0.4526770354646277, 0.07696523798450237, 0.013804092478086897, 0.45655363407278293], [0.0714134344349904, 0.9157503822786482, 0.0024738073517113707, 0.01036237593465006], [0.004286199462607136, 0.5936218482880175, 0.23834441025925127, 0.16374754199012403], [0.008805814105046043, 0.23282671475188216, 0.26130903836703057, 0.4970584327760411], [0.009145712395984756, 0.9361957642764395, 0.004740195585357818, 0.04991832774221796], [0.11223263726574875, 0.2822924882641093, 0.0008494290337212276, 0.6046254454364207], [0.04618444663897566, 0.7038211921767028, 0.177716152032933, 0.0722782091513886], [0.01647609780740868, 0.837512010478545, 0.03609860599047216, 0.10991328572357409], [0.5299120491005106, 0.01208533564124942, 0.028350967514123714, 0.4296516477441163], [0.0003064601353623474, 0.4840314648781258, 0.00027960995266901003, 0.5153824650338428], [0.746839857012916, 0.009230718401265586, 0.0007498862215675624, 0.24317953836425094], [0.0015798982851074326, 0.0021508976679323315, 0.00013081382590728348, 0.996138390221053], [0.20202498617577283, 0.04583921485664148, 0.0006450378010319052, 0.7514907611665538], [0.006606619816814373, 0.9296986041280216, 0.044598522519534715, 0.01909625353562941], [0.0002974258180084622, 0.9788897624734444, 0.0001074979612311908, 0.020705313747315948], [0.011499396443498112, 0.8556696669358216, 0.06775500729966169, 0.06507592932101859], [0.03774494986650266, 0.09482462459038433, 0.0006856960510128432, 0.8667447294921001]]}}