{"test": {"ids": ["99117740", "99109161", "105115720", "111115620", "111119950", "104113000", "108114360", "103117461", "98110680", "98116500", "107121640", "106119990", "113120640", "102110750", "105112130", "100108260", "107113180", "103112641", "97108520", "103111540", "105117431", "97114170", "110120540", "105116501", "101112690", "104114240", "109117150", "111120640", "112119980", "105114220", "110116300", "110118301", "109114220", "108121351", "112121351", "108115570", "106116820", "106116120", "97112170", "107119950", "109119450", "113120591", "101119030", "107115140", "111120540", "111114321", "105110091", "102109840", "101108080", "106113170", "98107010", "109119340", "110114950", "108114200", "110116501", "108113700", "108113480", "106116850", "111116990", "108115500", "104113170", "103110100", "113122650", "111121351", "97107920", "108117451", "101112160", "113122190", "107118820", "109121410", "113121410", "107114621", "97106970", "109121640", "108116070", "102116340", "105119550", "97105451", "103117200", "105115680", "101121640", "108115970", "98116940", "110114720", "110115250", "112117571", "105115570", "106118301", "99110050", "106113830", "97105960", "98112580", "112116640", "108121160", "108114040", "106118161", "109120150", "108121190", "99108890", "97116790", "102112250", "100109330", "107120260", "104111380", "105118740", "110118450", "97109570", "113118111", "105117200", "102117351", "113118421", "100109980", "110116290", "111118810", "106120290", "106116441", "112121410", "103110760", "108121410", "101115190", "112116610", "108115870", "106118820", "112117660", "106120640", "109113591", "109118820", "101109120", "104111780", "111120190", "104112470", "109116750", "113118870", "113119120", "111115770", "101114020", "110118181", "111121930", "110113931", "105121190", "111118301", "113122170"], "labels": [2, 3, 1, 1, 0, 1, 1, 0, 2, 2, 1, 0, 0, 1, 1, 3, 3, 3, 2, 1, 1, 2, 1, 1, 1, 0, 2, 0, 0, 3, 3, 1, 3, 3, 0, 3, 1, 1, 0, 3, 3, 0, 3, 0, 1, 1, 0, 2, 0, 0, 3, 3, 0, 0, 3, 0, 0, 3, 0, 3, 3, 1, 2, 0, 0, 2, 3, 1, 3, 0, 0, 0, 2, 0, 1, 3, 1, 0, 0, 2, 2, 2, 2, 3, 1, 3, 0, 1, 3, 1, 2, 2, 0, 2, 0, 3, 2, 1, 0, 2, 0, 0, 1, 3, 1, 0, 0, 1, 3, 1, 3, 1, 2, 0, 2, 0, 0, 1, 0, 1, 1, 3, 3, 0, 3, 3, 3, 1, 3, 3, 1, 0, 0, 3, 3, 3, 1, 1, 1, 2, 3, 1], "predicted_labels": [3, 0, 1, 0, 3, 3, 1, 1, 2, 3, 0, 3, 3, 1, 3, 1, 2, 1, 1, 3, 1, 3, 1, 0, 1, 3, 1, 1, 3, 0, 1, 1, 3, 3, 0, 0, 3, 1, 0, 3, 2, 0, 0, 3, 1, 1, 1, 1, 0, 3, 0, 2, 0, 0, 3, 0, 3, 1, 0, 1, 1, 0, 3, 1, 3, 3, 3, 3, 1, 3, 3, 3, 2, 1, 1, 1, 3, 0, 3, 1, 3, 3, 1, 2, 3, 3, 0, 0, 3, 3, 2, 1, 3, 1, 3, 1, 2, 1, 1, 2, 3, 0, 1, 0, 1, 2, 3, 3, 3, 0, 0, 0, 0, 3, 1, 1, 1, 1, 1, 1, 1, 3, 3, 3, 1, 1, 1, 2, 1, 1, 3, 1, 3, 3, 3, 0, 1, 0, 1, 1, 3, 1], "confidence_scores": [[0.2126080849295304, 0.2658408181488529, 0.25377267531225794, 0.26777842160935916], [0.33195241830263456, 0.24887483220715353, 0.16166298518090355, 0.25750976430930855], [0.19107243584116496, 0.3322433723259738, 0.17153090198552057, 0.3051532898473409], [0.2615563650699899, 0.28266633783926726, 0.1782805733830791, 0.27749672370766404], [0.2525136206114278, 0.28278774872019186, 0.16696146842390755, 0.29773716224447305], [0.29928970108869846, 0.2440791426305506, 0.10496150077856163, 0.35166965550218937], [0.1660396442249654, 0.3269137449245988, 0.28048537271831675, 0.22656123813211923], [0.23612293560545236, 0.2816920609550044, 0.19583686016613622, 0.28634814327340696], [0.1682020310245375, 0.29722169585996683, 0.3862826161060387, 0.148293657009457], [0.24915964322587258, 0.2756811402249251, 0.1387437800800593, 0.3364154364691429], [0.23912436368777498, 0.2761583140070593, 0.23002948349661576, 0.2546878388085498], [0.20460596557153124, 0.29639327397081544, 0.14789894164353856, 0.3511018188141149], [0.2654208387418522, 0.2991478613530051, 0.09141371175434675, 0.3440175881507962], [0.1542976771487851, 0.34058021731568333, 0.3575862296807082, 0.14753587585482322], [0.1847375857437756, 0.32912298271657253, 0.15493971611985322, 0.33119971541979865], [0.22703564813871022, 0.2994168858322439, 0.20364296146300895, 0.2699045045660365], [0.20910736649401268, 0.29045978894282387, 0.3059836692680111, 0.19444917529515243], [0.18701673988636897, 0.3033655487255069, 0.2218939371858024, 0.28772377420232187], [0.2507111265566868, 0.30041080565573103, 0.22772542010852503, 0.2211526476790571], [0.20217317122082615, 0.2953179572874635, 0.1850999990915894, 0.31740887240012083], [0.20544538922828287, 0.3157376508517521, 0.22545872081002, 0.2533582391099451], [0.20891713694811873, 0.3095806783180768, 0.1613245046691033, 0.32017768006470115], [0.15670707515012855, 0.3495682917954728, 0.24172174970467733, 0.2520028833497213], [0.3174275400290768, 0.2901334078146623, 0.051898641094764435, 0.3405404110614965], [0.18721979496273955, 0.30912636814624583, 0.2262267933610856, 0.2774270435299289], [0.25184339588728244, 0.2641191522766424, 0.18778476124928845, 0.2962526905867866], [0.19166694370213147, 0.31878027773659007, 0.25966126518221694, 0.22989151337906177], [0.2690128244552934, 0.30801525132959684, 0.10401143807720495, 0.3189604861379049], [0.2654746593373224, 0.26714920306919465, 0.09096335943622241, 0.37641277815726004], [0.3049167558800199, 0.2978125393823465, 0.11619744658913109, 0.2810732581485024], [0.24229682798281368, 0.3132296627915748, 0.13755533985161722, 0.30691816937399424], [0.24039829381788388, 0.3308459099919477, 0.14639489775046127, 0.2823608984397071], [0.2031569949569614, 0.27798905298018267, 0.22268166594507025, 0.2961722861177859], [0.2486797422592784, 0.2952127267335306, 0.1163499112906265, 0.3397576197165643], [0.3247169569815152, 0.26506091129445575, 0.07211064267446962, 0.33811148904955957], [0.25300771404965966, 0.2688970664774027, 0.19221072223431337, 0.28588449723862436], [0.2241522006399608, 0.30889675633582253, 0.14039710345843898, 0.32655393956577755], [0.20835328935530553, 0.3004987754981382, 0.19115198816815993, 0.2999959469783963], [0.26737597012480024, 0.2833079499649724, 0.17302477100988636, 0.2762913089003412], [0.2281547696244835, 0.2845235941569964, 0.1685379579215278, 0.31878367829699233], [0.1302589669662123, 0.2875909901218244, 0.33335453288029987, 0.24879551003166372], [0.29734436088423427, 0.2910886014696152, 0.07030854870019443, 0.34125848894595584], [0.3131071316447908, 0.2763753808531238, 0.09480924445126994, 0.31570824305081535], [0.2502434801040214, 0.23462157451505203, 0.12833329619088524, 0.38680164919004095], [0.1848472112416507, 0.3004917150162355, 0.3041912485491477, 0.21046982519296617], [0.17855062636789867, 0.3478509719806375, 0.2675508348169276, 0.20604756683453612], [0.19940221121994126, 0.30395135358772524, 0.2116593095151577, 0.28498712567717555], [0.1906105442207274, 0.32341331765277503, 0.26623084891186305, 0.21974528921463424], [0.29764130237623954, 0.2981535404909808, 0.07740317890117641, 0.3268019782316033], [0.26400917822560926, 0.30491391437660265, 0.10053492859147675, 0.3305419788063113], [0.2550492424337167, 0.2824837286238726, 0.1752926905021646, 0.28717433844024604], [0.20930834213256724, 0.2736288138753134, 0.2945989870540696, 0.22246385693805032], [0.3333709617200203, 0.24366854083443226, 0.0833208403391877, 0.3396396571063599], [0.3223931737135044, 0.2439221335022873, 0.12833505935698647, 0.3053496334272221], [0.2867106881780516, 0.28448877988311777, 0.07700913308661592, 0.3517913988522147], [0.32820676635543683, 0.29480874215350267, 0.10481515547465105, 0.2721693360164095], [0.18753311935548772, 0.27454573029642065, 0.22212316876703003, 0.3157979815810616], [0.2448590190196269, 0.29160829303710384, 0.17768437686027527, 0.2858483110829939], [0.2976810141084124, 0.27488441427111165, 0.08907253228183602, 0.33836203933863995], [0.18903810813023542, 0.3124457024388101, 0.23271876884143994, 0.26579742058951444], [0.17914270656467884, 0.33345583008269364, 0.21108516092182475, 0.2763163024308026], [0.2845665407075624, 0.2667011836161294, 0.18838279522886717, 0.2603494804474412], [0.21672984994800867, 0.2911734041179904, 0.17734204852111438, 0.31475469741288653], [0.268308420776577, 0.30296385817380833, 0.11931730294630258, 0.30941041810331227], [0.3292346213672018, 0.23661733305194496, 0.07581102495672974, 0.35833702062412404], [0.357425343618932, 0.20867145091603387, 0.04962452195949365, 0.38427868350554045], [0.13228693046829043, 0.263271736823441, 0.31347754806676914, 0.2909637846414992], [0.19857282011830393, 0.2534043772577318, 0.2687153909125071, 0.2793074117114569], [0.2698032628818351, 0.28307209066363664, 0.13468127600209898, 0.31244337045242926], [0.24079537877064544, 0.28325822598076306, 0.11536119049100098, 0.36058520475759054], [0.25017167942357293, 0.28281111191573716, 0.050239628314862644, 0.41677758034582707], [0.22199199178140167, 0.3192628922283245, 0.11913459929435664, 0.33961051669591746], [0.1641742916379964, 0.2992920150012336, 0.2876956444125266, 0.2488380489482433], [0.188453405085025, 0.3047550467296807, 0.2378685117869152, 0.26892303639837906], [0.2621245837865358, 0.309855932104458, 0.21680311107833686, 0.21121637303066956], [0.12836782221107143, 0.3196960021823121, 0.31342608653004583, 0.2385100890765707], [0.26738149872346995, 0.2995816477985677, 0.08962817532531575, 0.34340867815264653], [0.3272938318169943, 0.2616127366130432, 0.07186087679721011, 0.3392325547727524], [0.28979029518705013, 0.2834828138391404, 0.08509065711063254, 0.3416362338631769], [0.13573819062508338, 0.3428278327172175, 0.28815548427321813, 0.23327849238448115], [0.19863716988224425, 0.28503163337756865, 0.20113501323354602, 0.3151961835066411], [0.25947990519891995, 0.28196378825752666, 0.10731913977605194, 0.35123716676750166], [0.22499219440628834, 0.30719536896552785, 0.23186893406216524, 0.23594350256601887], [0.16281109464459081, 0.3181570913428744, 0.3566638294798434, 0.16236798453269144], [0.20880269625543843, 0.2833919827265115, 0.18349898189161068, 0.32430633912643936], [0.2718753478935087, 0.2836071776343235, 0.08472234098474929, 0.35979513348741876], [0.2660068130398539, 0.2787916396742107, 0.19718743477505787, 0.2580141125108775], [0.31468740059884887, 0.28741629429256504, 0.078972377829995, 0.318923927278591], [0.13586892356325062, 0.290346848899235, 0.2587880129930107, 0.31499621454450377], [0.2876033996948912, 0.25912432874151375, 0.11063082677339027, 0.3426414447902049], [0.18418805964699886, 0.25683095128176414, 0.31514626566658566, 0.24383472340465126], [0.1931254542879491, 0.3019865675511774, 0.21755027805187294, 0.28733770010900056], [0.26208126528407877, 0.28995358995886206, 0.11596933504341839, 0.3319958097136409], [0.24415964690583294, 0.32938486813188417, 0.13746070210697411, 0.28899478285530905], [0.194402258303435, 0.2788180629017744, 0.2578793033167836, 0.26890037547800727], [0.20287157596911073, 0.30467066696981904, 0.18944354098372576, 0.3030142160773446], [0.18142457549896596, 0.2580431703534676, 0.40849053018531795, 0.1520417239622484], [0.21902296487143408, 0.3438165844851192, 0.119332971189266, 0.3178274794541807], [0.17186816516336115, 0.3636074663013497, 0.17693932424318617, 0.2875850442921031], [0.18196983479446333, 0.2877531418895819, 0.370519107900079, 0.15975791541587614], [0.24741019638981773, 0.241956055530225, 0.2176636568150265, 0.292970091264931], [0.27987216622021155, 0.29079597061470985, 0.10934706620016776, 0.31998479696491083], [0.2787329837071423, 0.31339415688054606, 0.1392810256321661, 0.2685918337801455], [0.2699555252475186, 0.2513705967959518, 0.23817492852105962, 0.2404989494354698], [0.19518197519327052, 0.3061016207750899, 0.21355511775816932, 0.2851612862734706], [0.13298600038475336, 0.3196666032894686, 0.35944606910092375, 0.18790132722485473], [0.2535405707541475, 0.24062496219676954, 0.21754332577141164, 0.28829114127767136], [0.27603266878833427, 0.26146206036632563, 0.09664985952482008, 0.3658554113205197], [0.24216694992345017, 0.28743754903901597, 0.1691542022349677, 0.3012412988025662], [0.2978603800024443, 0.2677531269935048, 0.09228490452945314, 0.3421015884745979], [0.3465153560902202, 0.26119057284895736, 0.04815915866769667, 0.3441349123931259], [0.2611919129637254, 0.2760098720276229, 0.19812481056917514, 0.26467340443947657], [0.2606478900345087, 0.2301029156211289, 0.25867807134371995, 0.25057112300064227], [0.3138649807984175, 0.2729632794250706, 0.049001735590408796, 0.36417000418610307], [0.15063364502154913, 0.31821354289586545, 0.3113033643347497, 0.219849447747836], [0.27784916771617413, 0.3384178319770645, 0.08204088851434709, 0.30169211179241423], [0.2411342796133624, 0.3197851719039708, 0.10453397389398104, 0.3345465745886857], [0.263412682953952, 0.30439897660519444, 0.12453636268456612, 0.3076519777562876], [0.25862438040034164, 0.3191894940444646, 0.12641131233510397, 0.2957748132200903], [0.14092828512415725, 0.34230239169474136, 0.2961646692174966, 0.22060465396360482], [0.27691702733565976, 0.31527523654730033, 0.13037709601570088, 0.27743064010133894], [0.2606697285782612, 0.27170501002872294, 0.11751613093068917, 0.3501091304623269], [0.2340979890230831, 0.3122642991244756, 0.10834329849018356, 0.34529441336225797], [0.2539382654181849, 0.28287153972609025, 0.11952179661814018, 0.3436683982375848], [0.14373167453942542, 0.36022305694979073, 0.24463661423663619, 0.2514086542741477], [0.23425792872889675, 0.33299477296737, 0.12284207967651539, 0.30990521862721776], [0.18624960277958305, 0.31012180820353086, 0.2951181151014303, 0.20851047391545613], [0.18249561378741694, 0.2825296734186911, 0.27231369007375006, 0.26266102272014197], [0.22413584849507184, 0.3388407947302394, 0.11477800734403053, 0.32224534943065847], [0.22018674875122565, 0.3172083607082737, 0.20659234470509105, 0.2560125458354099], [0.18933377830461634, 0.25850088523119324, 0.26747957099589975, 0.2846857654682908], [0.261575626545534, 0.3313857920266754, 0.14893476724748494, 0.2581038141803056], [0.27980458855873414, 0.2902515389362979, 0.11151711611560253, 0.318426756389365], [0.2771060221858124, 0.25773174070948957, 0.10851391244099068, 0.35664832466370744], [0.24933374359498106, 0.30036039795804187, 0.10597219573482793, 0.3443336627121492], [0.2651013178353135, 0.2692597500847006, 0.198506706729507, 0.26713222535047865], [0.24097820535202677, 0.31344075797486715, 0.17573462369763285, 0.2698464129754731], [0.3492222686598934, 0.23234737284789939, 0.07034982201185071, 0.34808053648035636], [0.24570962953161246, 0.34631240397820373, 0.10789375116539393, 0.3000842153247903], [0.13860246551920788, 0.32339705446771444, 0.25491650361133117, 0.28308397640174665], [0.25048920378389256, 0.28989237985200067, 0.15661079188904622, 0.3030076244750607], [0.17508614735847666, 0.3072423989337671, 0.21626749240897888, 0.3014039612987774]]}, "rewritten": {"ids": ["97105451", "97105960", "97106970", "97107920", "97108520", "97109570", "97112170", "97114170", "97116790", "98107010", "98110680", "98112580", "98116500", "98116940", "99108890", "99109161", "99110050", "99117740", "100108260", "100109330", "100109980", "101108080", "101109120", "101112160", "101112690", "101114020", "101115190", "101119030", "101121640", "102109840", "102110750", "102112250", "102116340", "102117351", "103110100", "103110760", "103111540", "103112641", "103117200", "103117461", "104111380", "104111780", "104112470", "104113000", "104113170", "104114240", "105110091", "105112130", "105114220", "105115570", "105115680", "105115720", "105116501", "105117200", "105117431", "105118740", "105119550", "105121190", "106113170", "106113830", "106116120", "106116441", "106116820", "106116850", "106118161", "106118301", "106118820", "106119990", "106120290", "106120640", "107113180", "107114621", "107115140", "107118820", "107119950", "107120260", "107121640", "108113480", "108113700", "108114040", "108114200", "108114360", "108115500", "108115570", "108115870", "108115970", "108116070", "108117451", "108121160", "108121190", "108121351", "108121410", "109113591", "109114220", "109116750", "109117150", "109118820", "109119340", "109119450", "109120150", "109121410", "109121640", "110113931", "110114720", "110114950", "110115250", "110116290", "110116300", "110116501", "110118181", "110118301", "110118450", "110120540", "111114321", "111115620", "111115770", "111116990", "111118301", "111118810", "111119950", "111120190", "111120540", "111120640", "111121351", "111121930", "112116610", "112116640", "112117571", "112117660", "112119980", "112121351", "112121410", "113118111", "113118421", "113118870", "113119120", "113120591", "113120640", "113121410", "113122170", "113122190", "113122650"], "labels": [0, 2, 2, 0, 2, 0, 0, 2, 2, 3, 2, 2, 2, 2, 0, 3, 3, 2, 3, 0, 1, 0, 1, 3, 1, 3, 1, 3, 2, 2, 1, 0, 3, 1, 1, 1, 1, 3, 0, 0, 3, 3, 1, 1, 3, 0, 0, 1, 3, 0, 2, 1, 1, 3, 1, 1, 1, 2, 0, 1, 1, 0, 1, 3, 3, 1, 3, 0, 2, 3, 3, 0, 0, 3, 3, 1, 1, 0, 0, 0, 0, 1, 3, 3, 3, 2, 1, 2, 2, 1, 3, 0, 3, 3, 0, 2, 3, 3, 3, 2, 0, 0, 1, 3, 0, 1, 2, 3, 3, 1, 1, 0, 1, 1, 1, 3, 0, 3, 0, 0, 3, 1, 0, 0, 1, 1, 0, 3, 0, 0, 0, 0, 1, 3, 0, 3, 0, 0, 0, 1, 1, 2], "predicted_labels": [0, 2, 1, 0, 1, 3, 0, 3, 1, 0, 2, 1, 3, 1, 1, 0, 3, 3, 1, 0, 1, 0, 1, 3, 1, 0, 1, 0, 3, 1, 1, 3, 1, 0, 0, 1, 3, 3, 3, 3, 0, 1, 3, 3, 1, 3, 1, 3, 0, 1, 1, 3, 0, 0, 1, 3, 1, 1, 3, 3, 3, 1, 3, 1, 3, 0, 3, 3, 1, 1, 1, 3, 3, 3, 3, 0, 3, 3, 0, 0, 0, 1, 1, 3, 3, 3, 1, 0, 1, 1, 3, 1, 1, 3, 1, 1, 1, 1, 2, 2, 3, 3, 1, 2, 0, 3, 2, 1, 3, 1, 1, 1, 1, 1, 0, 3, 3, 3, 3, 3, 1, 1, 3, 1, 0, 1, 3, 3, 3, 3, 0, 1, 3, 0, 0, 3, 3, 3, 3, 1, 3, 1], "confidence_scores": [[0.3331403343337469, 0.2586939927226175, 0.07145972520040961, 0.33670594774322615], [0.2131545671154887, 0.2535347052774176, 0.27140369103098794, 0.2619070365761058], [0.2014017670444174, 0.29263595369974504, 0.23657393171109445, 0.26938834754474295], [0.33900523121177456, 0.2357257756647077, 0.07210286873591194, 0.353166124387606], [0.2572024169243023, 0.3001735089141155, 0.16395448498563012, 0.27866958917595225], [0.28368218891241953, 0.23678614657437194, 0.16988765453204308, 0.3096440099811655], [0.29929054474882955, 0.2663632708732367, 0.13923023128598808, 0.29511595309194566], [0.22434262651092357, 0.30633812860041004, 0.14283588512928413, 0.3264833597593819], [0.21548796253431024, 0.28852343041071554, 0.2983032994555703, 0.19768530759940384], [0.2645507105993872, 0.2776517256153217, 0.17030574877484156, 0.28749181501044957], [0.19176397433226275, 0.30744134109201027, 0.31350781671186506, 0.18728686786386203], [0.19286894481378164, 0.3002369231632798, 0.2353804208330534, 0.2715137111898849], [0.2586175506631316, 0.2973145297462385, 0.11515388834299776, 0.32891403124763197], [0.24516716706402047, 0.30828548985266085, 0.1902489681211377, 0.2562983749621809], [0.14640772346232642, 0.3723308624781038, 0.18082060707747544, 0.30044080698209397], [0.3144579315448351, 0.2518455391523612, 0.1706299272900307, 0.26306660201277304], [0.24286247074694242, 0.27008704201187406, 0.16885450248199865, 0.3181959847591848], [0.1902525718240431, 0.28778597853623306, 0.2509242624764656, 0.27103718716325853], [0.25978959607499813, 0.291816649674889, 0.14157584907163612, 0.3068179051784769], [0.29467976946772256, 0.27629661696682406, 0.10388688603062224, 0.32513672753483114], [0.21028864461620578, 0.3151952201449957, 0.16101638565711693, 0.31349974958168175], [0.3005137162585536, 0.29311229530211763, 0.08264091462309636, 0.3237330738162326], [0.2542004421366662, 0.2962035223353749, 0.21460999016314988, 0.23498604536480916], [0.1392822867327408, 0.25975585678016044, 0.30781768947589866, 0.2931441670112001], [0.20196209475078894, 0.3041752246630462, 0.20975855135031357, 0.28410412923585115], [0.27273428746330597, 0.260201986626092, 0.1833103067995604, 0.28375341911104146], [0.17598763652215033, 0.335522623770027, 0.25626044608742465, 0.23222929362039813], [0.33166001824985275, 0.27440112494391755, 0.10488584386143289, 0.2890530129447965], [0.21644268924118318, 0.28052327642332714, 0.17763304266792293, 0.3254009916675666], [0.2002447527758538, 0.31404246345689174, 0.22965487332667572, 0.2560579104405788], [0.19005543383694506, 0.33590833031072553, 0.29784741556973865, 0.1761888202825902], [0.2457151355919215, 0.2429281556685198, 0.21711999237480875, 0.29423671636474974], [0.1706741207895077, 0.3178483066642191, 0.22391341861811384, 0.2875641539281595], [0.3015657970644801, 0.27177266284909474, 0.09089698926129619, 0.3357645508251291], [0.2813144276720975, 0.26911622250059425, 0.16021541170084375, 0.2893539381264645], [0.28108096463694254, 0.30375539909575056, 0.0962534169271213, 0.3189102193401856], [0.2532177987633535, 0.2743078808715509, 0.13124775899617236, 0.3412265613689232], [0.18590410655223805, 0.3119177234611871, 0.19168992109253885, 0.31048824889403587], [0.28397307279783596, 0.2925187823020749, 0.07581656851250189, 0.347691576387587], [0.24938514979971005, 0.2824486238747418, 0.1527939562341621, 0.31537227009138613], [0.2810347531570021, 0.26390442330774966, 0.22494687812017974, 0.23011394541506872], [0.23331689590984195, 0.33720832016892494, 0.10056762581452287, 0.32890715810671023], [0.22302128066989227, 0.25421015980944933, 0.20723755673615393, 0.3155310027845046], [0.29716910797980534, 0.24191803377684395, 0.11353275362497035, 0.3473801046183805], [0.19456111614923868, 0.30813310667829386, 0.23445859572092143, 0.2628471814515462], [0.26192481454271294, 0.2699532219564384, 0.17355211399270412, 0.29456984950814447], [0.20469866645463555, 0.2981567038331735, 0.1976463309162044, 0.29949829879598666], [0.21049533417949468, 0.28656752986484507, 0.18261293611835144, 0.3203241998373086], [0.28215486108792087, 0.3081576487986159, 0.12304539718132293, 0.28664209293214027], [0.25259901389581546, 0.2931437899349207, 0.18569588588274397, 0.2685613102865199], [0.16001376821541866, 0.3258850903409256, 0.27947264454353854, 0.23462849690011722], [0.21978107750114897, 0.3102877758936429, 0.14980318376663326, 0.320127962838575], [0.3111727630279876, 0.29048247984352416, 0.05567878918569272, 0.3426659679427956], [0.3077413936702587, 0.2530524992481016, 0.1272581258590768, 0.3119479812225626], [0.20391167544638178, 0.3185592673950288, 0.22748309478987055, 0.2500459623687191], [0.24481060071301297, 0.29059476875166007, 0.1394783558552706, 0.3251162746800561], [0.2598628929350031, 0.30570929986968376, 0.11389769758164305, 0.3205301096136703], [0.15153656223083672, 0.3153676042862454, 0.23422743972526874, 0.2988683937576491], [0.26736004046643913, 0.29967670706481897, 0.10432494182884303, 0.3286383106398988], [0.2753874268538968, 0.26247228246133064, 0.1368630458434782, 0.3252772448412944], [0.2330723754253124, 0.2978987934272583, 0.14745904365501966, 0.3215697874924095], [0.29026210566208316, 0.3117902322936184, 0.09859702977503723, 0.29935063226926095], [0.22965023834984472, 0.31142221927968594, 0.13272765160144154, 0.3261998907690274], [0.2473703968577564, 0.2925565546860163, 0.16076720418782425, 0.299305844268403], [0.23274402198742958, 0.29119630061766033, 0.14172902875695814, 0.33433064863795176], [0.30725512034231206, 0.27988289032888475, 0.08925064284142804, 0.32361134648737516], [0.24830503037716828, 0.30363882309946316, 0.1083263016834101, 0.3397298448399585], [0.2241653157185445, 0.29649479020903924, 0.13090277829194105, 0.34843711578047526], [0.16258400630512004, 0.31483770012461054, 0.2849513630886258, 0.23762693048164354], [0.2201127056954121, 0.32844033050625865, 0.17020708814235594, 0.2812398756559731], [0.17828298052451158, 0.31348249841073755, 0.2728620153147865, 0.23537250574996463], [0.2507161718568608, 0.30694379231134133, 0.08095126635874136, 0.3613887694730564], [0.260995652655031, 0.23803087270556378, 0.11186578359301105, 0.38910769104639403], [0.26340675185727125, 0.2896615516698736, 0.11263033601859629, 0.33430136045425907], [0.22341177639236728, 0.29295598379510895, 0.15779525573297928, 0.3258369840795444], [0.2865918974209657, 0.2997213662431491, 0.13471285930201166, 0.27897387703387355], [0.2758994988297788, 0.2568085903795689, 0.18092076721821143, 0.2863711435724409], [0.21865352985847725, 0.27919275619904105, 0.16354890188505017, 0.3386048120574319], [0.33557977419542295, 0.2879090369609661, 0.08530364900233665, 0.2912075398412742], [0.2898436201279285, 0.2814357318697619, 0.14728117828159457, 0.2814394697207148], [0.3360246787091297, 0.24292902708077932, 0.11704732798332193, 0.3039989662267692], [0.17766844406034116, 0.3188828285126533, 0.29415761160578857, 0.20929111582121696], [0.18599219361108, 0.31270226284333275, 0.2537300031876792, 0.24757554035790819], [0.24738601349285838, 0.27499171170426984, 0.18511728467666497, 0.2925049901262067], [0.268675126792326, 0.27092750940626686, 0.10740738493299659, 0.3529899788684101], [0.2718144908257834, 0.2815197526404164, 0.08501136783422342, 0.361654388699577], [0.2638213230002409, 0.2990994449347991, 0.1993406614970063, 0.23773857056795342], [0.3727317035900546, 0.20591773083438894, 0.05679581932197835, 0.36455474625357803], [0.2547938651044258, 0.32505407267954606, 0.10214742942243053, 0.31800463279359753], [0.19202626152715419, 0.34497371813159805, 0.14438059150876398, 0.3186194288324838], [0.2686428059549436, 0.3007288236872986, 0.09351040198721766, 0.33711796837054003], [0.2587160573765259, 0.31657183049196536, 0.11178419919456245, 0.3129279129369465], [0.26373578440714496, 0.32121618891661036, 0.09473242754513672, 0.320315599131108], [0.23110597492618495, 0.2720092295099473, 0.19406019146575645, 0.3028246040981114], [0.27708841785046107, 0.30416884113376114, 0.14180655359538286, 0.276936187420395], [0.20143536115303162, 0.321648219426419, 0.23492556275724713, 0.2419908566633023], [0.23709918159393967, 0.29529067602991294, 0.20331436893140142, 0.2642957734447461], [0.18975455972673744, 0.2986752485182414, 0.2546533875701622, 0.2569168041848589], [0.14877141313173403, 0.284483447733073, 0.31149066663634617, 0.2552544724988467], [0.22804245382691665, 0.25790027529841963, 0.341745674160351, 0.1723115967143128], [0.25716761237071467, 0.26635461408131883, 0.10537224493581852, 0.3711055286121477], [0.23375074353459926, 0.2850538364255294, 0.17141374644529933, 0.3097816735945719], [0.24312518105188152, 0.3568682094864032, 0.1074749461082789, 0.292531663353436], [0.14669231713767303, 0.3177275110053915, 0.3819530839089018, 0.15362708794803354], [0.3454333483758682, 0.24147242648189082, 0.07988970885817617, 0.3332045162840646], [0.2389399689077694, 0.28337047249136393, 0.1501321031522269, 0.32755745544863984], [0.24837903409232562, 0.23600427552789074, 0.260560967597529, 0.25505572278225463], [0.2531197989970187, 0.3210482277849537, 0.1095817569770744, 0.3162502162409533], [0.28047075635862534, 0.2902203978571246, 0.08445916777897225, 0.34484967800527805], [0.26436348928240994, 0.3071357412060109, 0.13130858009166255, 0.2971921894199165], [0.2607624282244313, 0.3290890040805222, 0.12438512606912216, 0.285763441625924], [0.17256569774700914, 0.29652534787264595, 0.26462291917385516, 0.2662860352064898], [0.1743437827534055, 0.32359078300606403, 0.28744625836373855, 0.21461917587679177], [0.2200287771999251, 0.3242260909606129, 0.2409676912333715, 0.2147774406060905], [0.2670974542875508, 0.2829802855902787, 0.16657880821751755, 0.2833434519046529], [0.27670897239553666, 0.2853714537818018, 0.1130826375328095, 0.32483693628985216], [0.29648364731901183, 0.2855368593845259, 0.07356150953593664, 0.3444179837605253], [0.24219500632604976, 0.2918457240811806, 0.15761545463873827, 0.308343814954031], [0.31188263681359724, 0.2754065179012583, 0.05442748731061624, 0.3582833579745281], [0.25303045949104225, 0.2772172026455081, 0.1644133448575875, 0.3053389930058621], [0.24940973239812847, 0.3075529081292185, 0.1481078374629633, 0.2949295220096894], [0.2197939414061132, 0.2883205658001794, 0.25183881784581896, 0.24004667494788834], [0.2669719791862853, 0.3010141246005782, 0.1095937432933484, 0.3224201529197879], [0.2783459378010358, 0.30659489974121795, 0.1067753000358348, 0.30828386242191136], [0.3508623110873079, 0.2217545428705227, 0.08120982832980374, 0.34617331771236576], [0.27512046696742304, 0.31410189093837887, 0.11927283922244755, 0.2915048028717504], [0.2652081649695469, 0.2867876123269791, 0.11265281086114345, 0.33535141184233075], [0.2659305838655796, 0.28004581384467997, 0.10367423243640375, 0.35034936985333676], [0.26531278600801406, 0.2769826330404714, 0.13212862745110632, 0.32557595350040813], [0.27151609858350645, 0.26633619296980066, 0.09739944684908129, 0.3647482615976116], [0.31194782006568195, 0.27296319440574923, 0.08509355853978405, 0.32999542698878465], [0.23045302151294736, 0.32469304933679366, 0.12478473354476266, 0.32006919560549635], [0.28525758413534247, 0.2573372379919947, 0.10365817440077293, 0.35374700347189003], [0.3443572655752397, 0.2688078871993524, 0.04426576146804402, 0.34256908575736383], [0.28319092085838143, 0.2748961606335924, 0.14110333535544942, 0.30080958315257667], [0.2536256842238231, 0.27499454978760945, 0.11856192163841518, 0.35281784435015207], [0.2692822789248237, 0.30914812472484754, 0.08606297127574837, 0.3355066250745805], [0.26198416031931954, 0.3004787255952974, 0.10116372953767275, 0.3363733845477105], [0.26602994216678055, 0.27427985227390755, 0.05883846379187077, 0.4008517417674413], [0.1625366796473109, 0.3187541531900856, 0.2583687519966676, 0.260340415165936], [0.22300598158690116, 0.2575676390194463, 0.23793651488285777, 0.2814898645107947], [0.20954699209946778, 0.2937800889594742, 0.20195255364937897, 0.29472036529167916]]}}