{"test": {"ids": ["104117630", "97107950", "105115380", "110117500", "112118550", "100108990", "101112201", "112119320", "97105580", "105117431", "109121640", "113118231", "106117650", "103120531", "107114321", "110115890", "113119320", "105115570", "105116441", "100109890", "110118740", "110118810", "101109120", "98107380", "113121810", "99109840", "113121980", "111114121", "108118291", "99112840", "104111531", "113119480", "112117030", "99110050", "107116340", "104113550", "106115250", "107119390", "106117790", "99109860", "102110050", "105113480", "97116410", "100111390", "99112300", "99111930", "109117110", "97106970", "104109311", "99107500", "111119930", "107114110", "104110960", "103111620", "111119430", "97108520", "106114011", "110118880", "104114740", "101111990", "108115070", "100108580", "109117730", "100112060", "108118301", "101121640", "98113881", "112117660", "111117480", "98108970", "112116880", "103112641", "112119950", "98109311", "102109840", "113118870", "113119930", "97112170", "99107630", "101108580", "112117471", "106113170", "97112290", "109113931", "110116300", "108118520", "113120531", "104112470", "105111990", "111120591", "99107300", "108114220", "113122320", "102110240", "111118820", "106119990", "107113550", "102112170", "113118421", "105118230", "110118450", "102118380", "102113350", "98106560", "111120540", "113117630", "99112641", "112117571", "105114220", "101109000", "101111140", "110114950", "106111321", "99108460", "113120751", "112121030", "109118820", "111116530", "111117000", "100111270", "107118490", "102116340", "103111170", "111119580", "101108121", "105116650", "112120290", "105120621", "102110500", "100107920", "106118820", "99121440", "108114360", "112118810", "100109000", "112118530", "104111880", "98111670", "113119120", "112116401", "107113200", "105118740"], "labels": [0, 2, 1, 1, 3, 2, 0, 1, 1, 1, 0, 3, 1, 3, 0, 2, 1, 0, 1, 3, 3, 1, 1, 1, 2, 2, 2, 0, 3, 2, 0, 3, 2, 3, 3, 1, 2, 2, 1, 2, 3, 0, 3, 2, 0, 1, 1, 2, 3, 0, 1, 1, 2, 0, 3, 2, 1, 0, 2, 2, 1, 0, 3, 2, 1, 2, 3, 0, 1, 3, 0, 3, 0, 1, 2, 0, 1, 0, 2, 0, 3, 0, 1, 1, 3, 0, 0, 1, 2, 1, 3, 3, 1, 3, 0, 0, 0, 3, 3, 1, 0, 1, 3, 1, 1, 0, 1, 3, 3, 1, 2, 0, 0, 0, 1, 0, 3, 3, 0, 2, 2, 3, 2, 3, 0, 1, 1, 1, 3, 0, 3, 2, 1, 3, 1, 1, 3, 1, 3, 0, 0, 1], "predicted_labels": [1, 2, 1, 1, 3, 1, 0, 1, 1, 3, 1, 1, 1, 3, 3, 1, 3, 1, 1, 3, 0, 0, 0, 0, 2, 2, 3, 3, 3, 2, 3, 3, 1, 3, 3, 0, 1, 1, 3, 1, 3, 3, 3, 3, 3, 1, 1, 3, 3, 1, 3, 0, 3, 3, 1, 1, 1, 0, 3, 3, 1, 3, 3, 3, 3, 3, 1, 1, 3, 1, 1, 0, 0, 1, 1, 1, 3, 3, 3, 0, 1, 1, 3, 1, 1, 0, 0, 1, 1, 0, 0, 0, 1, 3, 0, 3, 3, 3, 3, 1, 1, 1, 1, 2, 1, 3, 0, 1, 0, 3, 0, 0, 1, 3, 0, 3, 1, 1, 3, 1, 1, 3, 3, 0, 0, 1, 3, 0, 0, 0, 3, 2, 3, 0, 3, 1, 3, 3, 3, 3, 3, 1], "confidence_scores": [[0.03614918503081844, 0.6763359344677109, 0.022626659510228943, 0.26488822099124193], [0.05791299424713811, 0.07959984117292701, 0.7082082657646602, 0.15427889881527437], [0.03923102542409111, 0.4303271594401211, 0.2820101727164789, 0.24843164241930865], [0.3863699468249137, 0.4076464920129224, 0.008640437151685955, 0.19734312401047802], [0.3726968304588304, 0.17974195981977203, 0.033705592294862675, 0.4138556174265347], [0.25757216368265334, 0.5288868224865048, 0.1421557987829906, 0.07138521504785136], [0.856607522105317, 0.05659062956311871, 0.020419187277108144, 0.06638266105445631], [0.008184382067235712, 0.5648452136622268, 0.09010147047485181, 0.33686893379568533], [0.04464030454995994, 0.41011733867487526, 0.429082694759179, 0.11615966201598571], [0.25236348418528215, 0.3391762183260112, 0.10699148145570986, 0.3014688160329967], [0.334119863998599, 0.49929557329690827, 0.05765419060401678, 0.10893037210047583], [0.03665271373588777, 0.4929732112661783, 0.17112596754227158, 0.29924810745566277], [0.09634277564879157, 0.3667256027515151, 0.42503064644915733, 0.1119009751505361], [0.21825216618056392, 0.3926410237891996, 0.05842437640137549, 0.3306824336288606], [0.44045041174358684, 0.126712001881561, 0.0032723397479993872, 0.42956524662685286], [0.2936683176754093, 0.46949652261279023, 0.17779105357286457, 0.05904410613893589], [0.2902668931975301, 0.17597474760946785, 0.023060014925231295, 0.5106983442677707], [0.026258621988801387, 0.2738426781028702, 0.6375758974983016, 0.0623228024100267], [0.2940553993450582, 0.6219172687570167, 0.01638260631423657, 0.06764472558368825], [0.1322448889263462, 0.05133427510518212, 0.2661388311016524, 0.5502820048668196], [0.5170317761497115, 0.11837248856972717, 0.07949744339304332, 0.28509829188751834], [0.6488681704705663, 0.18290009331642715, 0.026324398270934826, 0.14190733794207167], [0.5145277460316683, 0.0969789104390576, 0.11677865788491479, 0.2717146856443593], [0.6930846966420717, 0.013943155525750563, 0.2253445831456234, 0.06762756468655437], [0.09880043950181558, 0.18754068359777196, 0.683412845653704, 0.030246031246708868], [0.04972972288081859, 0.19911802036488893, 0.6895586865241358, 0.06159357023015682], [0.35115630619640115, 0.27458243299938934, 0.0017090644126186358, 0.37255219639159126], [0.4283687696742715, 0.1200457265948988, 0.0078278413210966, 0.4437576624097331], [0.4667567039835045, 0.2078327669783429, 0.0010084131335725305, 0.3244021159045804], [0.023011620579265823, 0.09511733976143696, 0.7534308259922641, 0.1284402136670334], [0.14703512183734888, 0.24151029254057743, 0.07508411015445278, 0.5363704754676207], [0.12352971439556183, 0.04601564633192715, 0.016271649692472648, 0.8141829895800385], [0.10355112616296387, 0.4420066819310547, 0.16897973380665188, 0.2854624580993296], [0.09544360366665762, 0.2515335689737857, 0.2102438288504376, 0.4427789985091193], [0.13710786517718437, 0.312024442927982, 0.19928105308358593, 0.3515866388112476], [0.9551360680959368, 0.016325130700086312, 0.0006770240953857118, 0.0278617771085915], [0.19231867361989335, 0.5710584971363586, 0.0821054288972404, 0.15451740034650782], [0.029864085115687174, 0.5539265876344853, 0.06393614973288915, 0.35227317751693843], [0.22227946955026956, 0.4013748967826554, 0.023814884757341385, 0.3525307489097337], [0.10705550154146097, 0.6377836285454312, 0.05490991628801528, 0.20025095362509254], [0.08414616416605977, 0.24200305067172018, 0.31418748620594417, 0.3596632989562756], [0.12563916887493495, 0.34389042483278903, 0.13451507700023835, 0.3959553292920379], [0.18137425146393896, 0.0843040791426601, 0.20158321663886736, 0.5327384527545339], [0.4287947119064337, 0.08022509662807172, 0.26202758709031304, 0.2289526043751816], [0.28653695054101036, 0.03017261413257136, 0.22141256694809483, 0.4618778683783231], [0.23316347911227464, 0.44229108788398097, 0.08382278336470554, 0.24072264963903914], [0.02813261931747856, 0.6406749481127393, 0.07934084266854473, 0.25185158990123746], [0.014375743111855577, 0.2753530242076128, 0.3161556371286198, 0.3941155955519122], [0.5435139954929811, 0.04823691630276719, 0.03344896208546786, 0.3748001261187839], [0.07628194946557125, 0.6747028267963672, 0.04396707522236614, 0.20504814851569553], [0.11431667456822302, 0.31277703594494427, 0.1433108171595013, 0.4295954723273315], [0.6321950623469923, 0.1807161580489874, 0.01097832301355838, 0.17611045659046193], [0.063062583965286, 0.3759662428953589, 0.13060567729873168, 0.43036549584062384], [0.20889510592959457, 0.26588202093409685, 0.062172978559998454, 0.4630498945763101], [0.049648209520381195, 0.6598267934973073, 0.1295573698771999, 0.16096762710511175], [0.4626926585466665, 0.42914921054346944, 0.046019090234679885, 0.06213904067518402], [0.24620276973633456, 0.35863675227975456, 0.19365102804863038, 0.2015094499352808], [0.6864595743587657, 0.17884910792941938, 0.0023570199611441622, 0.1323342977506709], [0.04519590101777501, 0.24933569468473832, 0.13541538388190852, 0.570053020415578], [0.04983649015718536, 0.3177695190195849, 0.28809601901620635, 0.34429797180702354], [0.13792451617331897, 0.7369220570461925, 0.08392744537358258, 0.04122598140690592], [0.3102926035506787, 0.16930466654450851, 0.24300240350704194, 0.2774003263977707], [0.2658868088979426, 0.195081624274146, 0.17460815701221993, 0.36442340981569127], [0.17143930809858843, 0.08576724375782106, 0.4481274557302202, 0.29466599241337], [0.05458738589809274, 0.3755029855028388, 0.03252034519585069, 0.5373892834032176], [0.054359353283951875, 0.2820915951672747, 0.15814647265058476, 0.5054025788981887], [0.17472746473805906, 0.5740066390439887, 0.20330606394916206, 0.04795983226879015], [0.27684228464396177, 0.3583889580521986, 0.047167922605236674, 0.3176008346986029], [0.17393172292533435, 0.38351357411489323, 0.044197495909207116, 0.3983572070505653], [0.07752202794975988, 0.5770132366202261, 0.32146365344119615, 0.024001081988817435], [0.15993526816421, 0.5781426252519116, 0.09797921658901361, 0.16394288999486475], [0.46939636721799577, 0.22164951657997353, 0.02533616967891364, 0.28361794652311684], [0.6350062158850173, 0.021238757496210396, 0.03014039945184873, 0.31361462716692357], [0.10001148890326016, 0.47194691538074285, 0.0978492791932012, 0.3301923165227957], [0.18247188748765192, 0.3942662498691444, 0.23634099902711866, 0.1869208636160848], [0.07630927658713307, 0.6507598188696866, 0.022866716605190348, 0.25006418793798985], [0.12285524994107024, 0.35949771547642967, 0.027684571682449474, 0.48996246290005063], [0.18608470811704508, 0.12840091201730064, 0.028498148162366548, 0.6570162317032879], [0.24023725432928011, 0.1222236840359152, 0.047460403147217174, 0.5900786584875877], [0.9915248802456706, 0.0016194742754228734, 0.0015406561959027155, 0.00531498928300363], [0.20454620630349096, 0.6359851449410595, 0.07128608530544547, 0.08818256345000365], [0.22907505144960794, 0.5460505491781206, 0.008419253257474377, 0.21645514611479702], [0.17518591566552746, 0.23684999491337339, 0.3546365781339891, 0.23332751128711018], [0.182322880331966, 0.4218178284378373, 0.18278757140045981, 0.21307171982973694], [0.18600920715938105, 0.5911049159842324, 0.032388283191568175, 0.1904975936648185], [0.8504340428589778, 0.12925939359833136, 0.005263039327478007, 0.015043524215212944], [0.4628795449240517, 0.30497420530977365, 0.031806082699906216, 0.20034016706626873], [0.07343827406397507, 0.6163454706629203, 0.1057340092044182, 0.20448224606868604], [0.0730703234727636, 0.6299366172019518, 0.1266840958296304, 0.17030896349565414], [0.8260449208555511, 0.024268591880093372, 0.0013723830640288935, 0.14831410420032642], [0.6402604425354149, 0.12761868296703982, 0.007958029130105819, 0.22416284536743936], [0.5362319832123942, 0.28715581756669906, 0.03421204511661075, 0.142400154104296], [0.0616897794933799, 0.45078235183406307, 0.14870032265557045, 0.33882754601698634], [0.24328467559591488, 0.34602351578567403, 0.05382616411412974, 0.3568656445042815], [0.9131054077494433, 0.015847108561303967, 0.0021715478869054785, 0.0688759358023473], [0.32480137359580014, 0.14014250138057993, 0.1614959145569284, 0.37356021046669163], [0.13445926272886596, 0.022249727418366862, 0.3797176127006998, 0.46357339715206725], [0.4509125117088421, 0.02598833255254651, 0.10476167546418245, 0.41833748027442896], [0.09554917776886312, 0.1240625573589461, 0.032470767877923364, 0.7479174969942672], [0.021193971471602013, 0.7440338426058847, 0.10602028573940078, 0.12875190018311283], [0.052689888261888675, 0.8279280533445014, 0.07770060347278072, 0.04168145492082932], [0.12864213154831744, 0.31959136194625065, 0.31257799241275847, 0.23918851409267308], [0.127751761055385, 0.36567044174408586, 0.2104066945103445, 0.29617110269018465], [0.02521924740624542, 0.0869419080127442, 0.7826810123620069, 0.10515783221900332], [0.3707755117866363, 0.5365028536238634, 0.05183518578309905, 0.04088644880640133], [0.19540769239293435, 0.16829187715091448, 0.22963429021885728, 0.40666614023729397], [0.4558862768519036, 0.2826404210018042, 0.0688591797006859, 0.19261412244560605], [0.08125988758219474, 0.5527922781774416, 0.0431265581983588, 0.32282127604200495], [0.5449370836229702, 0.06912368202462882, 0.10670964665211025, 0.2792295877002907], [0.06947455194147215, 0.1804124475032594, 0.018781259376765044, 0.7313317411785032], [0.41206469614364305, 0.19406401196864728, 0.22494977483743056, 0.16892151705027914], [0.4743326971605308, 0.1815955962014975, 0.06912952298089906, 0.27494218365707274], [0.1407855569851524, 0.5229472347539083, 0.0789295812412434, 0.25733762701969615], [0.08054770376700036, 0.12161552703460565, 0.0625604850175923, 0.7352762841808016], [0.6701804880755041, 0.05555393039019604, 0.01444174819999164, 0.25982383333430814], [0.4190968457359068, 0.09199796067542043, 0.058534952358167094, 0.43037024123050543], [0.3478740393071605, 0.4105335323564106, 0.011607872904887483, 0.22998455543154156], [0.1935631765117861, 0.47992273784110534, 0.08138141544238153, 0.24513267020472707], [0.16705373764085749, 0.3819997818924287, 0.11390933918821507, 0.3370371412784989], [0.06814596670645738, 0.6257129446832608, 0.1325529214627886, 0.17358816714749317], [0.09971045768433402, 0.4974844195220732, 0.3398203041392058, 0.06298481865438699], [0.06197889398285932, 0.26606792749137553, 0.3230519308484101, 0.34890124767735514], [0.48662748316268545, 0.06874799348363148, 0.06661532043371994, 0.3780092029199631], [0.6871763465446014, 0.05856572197636419, 0.006037295834084967, 0.24822063564494948], [0.8050774499269248, 0.061725835100263506, 0.044726021366364395, 0.08847069360644726], [0.015727304560451506, 0.2683659616154978, 0.6615113281426312, 0.05439540568141941], [0.18346867172240525, 0.38259254035438317, 0.04766511578589013, 0.3862736721373215], [0.6659613300326164, 0.037683334348431546, 0.000978253826530706, 0.2953770817924212], [0.5708396548723762, 0.034065645362716855, 0.097268210038565, 0.29782648972634207], [0.5593211012274738, 0.08004931339535684, 0.03798516922449409, 0.32264441615267514], [0.050541803900159686, 0.47111739693896115, 0.03277763005070054, 0.4455631691101789], [0.03668015885105796, 0.14431103942086523, 0.8016927742593561, 0.017316027468720324], [0.19151017103408544, 0.22668636765448197, 0.19524222894832535, 0.3865612323631074], [0.6471504802279259, 0.17468097292388673, 0.042674566809148246, 0.13549398003903915], [0.14252916624630155, 0.19652798433240107, 0.048740669493680056, 0.6122021799276173], [0.07661313547148481, 0.39177493656294465, 0.29055292071150307, 0.2410590072540674], [0.012078973939525195, 0.2839346683623035, 0.2592464570572413, 0.4447399006409302], [0.4550241572332887, 0.08034335471889659, 0.08160023099152806, 0.38303225705628663], [0.2469133567239347, 0.3872115139620455, 0.010643534771013902, 0.3552315945430059], [0.485972263618859, 0.017339162169413027, 0.0016375217577888263, 0.49505105245393916], [0.2438021083219573, 0.13342275396319714, 0.0025613349524909383, 0.6202138027623544], [0.0702841881151189, 0.35012041818448947, 0.34829974517043155, 0.23129564852996032]]}, "rewritten": {"ids": ["97105580", "97106970", "97107950", "97108520", "97112170", "97112290", "97116410", "98106560", "98107380", "98108970", "98109311", "98111670", "98113881", "99107300", "99107500", "99107630", "99108460", "99109840", "99109860", "99110050", "99111930", "99112300", "99112641", "99112840", "99121440", "100107920", "100108580", "100108990", "100109000", "100109890", "100111270", "100111390", "100112060", "101108121", "101108580", "101109000", "101109120", "101111140", "101111990", "101112201", "101121640", "102109840", "102110050", "102110240", "102110500", "102112170", "102113350", "102116340", "102118380", "103111170", "103111620", "103112641", "103120531", "104109311", "104110960", "104111531", "104111880", "104112470", "104113550", "104114740", "104117630", "105111990", "105113480", "105114220", "105115380", "105115570", "105116441", "105116650", "105117431", "105118230", "105118740", "105120621", "106111321", "106113170", "106114011", "106115250", "106117650", "106117790", "106118820", "106119990", "107113200", "107113550", "107114110", "107114321", "107116340", "107118490", "107119390", "108114220", "108114360", "108115070", "108118291", "108118301", "108118520", "109113931", "109117110", "109117730", "109118820", "109121640", "110114950", "110115890", "110116300", "110117500", "110118450", "110118740", "110118810", "110118880", "111114121", "111116530", "111117000", "111117480", "111118820", "111119430", "111119580", "111119930", "111120540", "111120591", "112116401", "112116880", "112117030", "112117471", "112117571", "112117660", "112118530", "112118550", "112118810", "112119320", "112119950", "112120290", "112121030", "113117630", "113118231", "113118421", "113118870", "113119120", "113119320", "113119480", "113119930", "113120531", "113120751", "113121810", "113121980", "113122320"], "labels": [1, 2, 2, 2, 0, 1, 3, 1, 1, 3, 1, 1, 3, 3, 0, 2, 0, 2, 2, 3, 1, 0, 1, 2, 2, 0, 0, 2, 1, 3, 2, 2, 2, 0, 0, 1, 1, 2, 2, 0, 2, 2, 3, 3, 3, 3, 3, 3, 1, 2, 0, 3, 3, 3, 2, 0, 3, 1, 1, 2, 0, 2, 0, 3, 1, 0, 1, 1, 1, 1, 1, 1, 0, 0, 1, 2, 1, 1, 3, 0, 0, 0, 1, 0, 3, 2, 2, 3, 1, 1, 3, 1, 0, 1, 1, 3, 3, 0, 0, 2, 3, 1, 0, 3, 1, 0, 0, 3, 0, 1, 0, 3, 3, 1, 1, 1, 0, 0, 2, 3, 3, 0, 1, 3, 3, 1, 0, 1, 0, 0, 3, 3, 0, 3, 1, 3, 1, 0, 1, 2, 2, 1], "predicted_labels": [1, 1, 2, 1, 3, 1, 3, 2, 0, 1, 3, 3, 3, 0, 3, 3, 3, 2, 1, 1, 3, 3, 1, 2, 1, 0, 3, 2, 3, 3, 1, 3, 0, 1, 0, 3, 3, 0, 1, 0, 3, 1, 3, 3, 3, 3, 3, 3, 3, 3, 0, 0, 3, 3, 1, 3, 1, 3, 0, 3, 3, 1, 3, 0, 3, 2, 1, 1, 1, 1, 3, 0, 3, 3, 3, 1, 1, 3, 1, 1, 3, 3, 0, 3, 1, 1, 1, 0, 1, 1, 0, 1, 1, 3, 1, 3, 3, 0, 0, 1, 3, 3, 1, 3, 3, 1, 3, 1, 1, 1, 3, 1, 0, 3, 1, 3, 0, 1, 0, 1, 1, 3, 1, 0, 2, 1, 0, 1, 3, 3, 1, 0, 1, 3, 3, 3, 3, 3, 3, 1, 3, 3], "confidence_scores": [[0.01843765576780428, 0.8369453834064534, 0.07413726182118932, 0.07047969900455302], [0.020461319853513245, 0.3898115282737376, 0.4102069403404224, 0.1795202115323267], [0.04114873001574242, 0.16433017019826007, 0.6619288553472286, 0.13259224443876924], [0.1970227039505689, 0.5586251775866905, 0.16745668172204886, 0.0768954367406916], [0.042218352172500466, 0.21366735147810056, 0.042696742097204046, 0.7014175542521949], [0.12978961306164047, 0.2680020489831539, 0.4818399145780177, 0.1203684233771878], [0.436827147828329, 0.01286740747696941, 0.004718530212415269, 0.5455869144822865], [0.04049380109268267, 0.15627401053747533, 0.689674606822026, 0.1135575815478163], [0.6117768146671111, 0.055875779617132464, 0.18831532273085383, 0.1440320829849025], [0.10009096838435481, 0.2889035213225214, 0.39078516844414246, 0.22022034184898134], [0.16193518428202777, 0.20819474400708007, 0.017123882512674708, 0.6127461891982174], [0.25089829162543736, 0.1811145426639811, 0.43305558101734914, 0.13493158469323246], [0.45291570242194357, 0.07563218172805271, 0.0777657634798307, 0.3936863523701728], [0.5485862035452836, 0.31495238815554366, 0.0038985465049097123, 0.13256286179426302], [0.12183567200768089, 0.38836808792053634, 0.11542660959458703, 0.3743696304771959], [0.21744920769620119, 0.31661873673994945, 0.10330506123515149, 0.36262699432869827], [0.01891331434637832, 0.10447200056645357, 0.13950360580237406, 0.7371110792847942], [0.04915492130970796, 0.030855185721217235, 0.8465129502431271, 0.07347694272594787], [0.24450144598280202, 0.6802944745833148, 0.023478436239604987, 0.05172564319427818], [0.10340954969495479, 0.6497454615484147, 0.18943449471210658, 0.05741049404452373], [0.2960998414529527, 0.16560473033592538, 0.050537287902674144, 0.48775814030844766], [0.10342932468626247, 0.06302520616227233, 0.12558121038363915, 0.7079642587678261], [0.40990608462619343, 0.37695697671691364, 0.05630244070025264, 0.15683449795664017], [0.027301989863719223, 0.05770232685692956, 0.8091628116210244, 0.10583287165832665], [0.07113544595869524, 0.2584135704111708, 0.6068557925931628, 0.06359519103697087], [0.6343187441637064, 0.14176652460947808, 0.022295540964281498, 0.2016191902625341], [0.41141045249303454, 0.09278935228642644, 0.12383903649060848, 0.37196115872993046], [0.05200915801022178, 0.185442194852672, 0.7387709474926896, 0.02377769964441686], [0.053455806553802165, 0.07140107126207776, 0.09810358808537989, 0.7770395340987402], [0.33174286862836183, 0.08968701924462523, 0.02422270560592328, 0.55434740652109], [0.09994376585709235, 0.3944974972663112, 0.3639210210523878, 0.14163771582420864], [0.10975654553218449, 0.03325115593238447, 0.6762758487974493, 0.18071644973798187], [0.43589977916414846, 0.3046520871689155, 0.05682363012749939, 0.2026245035394368], [0.3601467825933914, 0.586992696430022, 0.0027375522979318297, 0.05012296867865481], [0.9198980088120992, 0.009917173133170677, 0.01387408224869121, 0.05631073580603889], [0.032474017366461466, 0.015011548974547977, 0.00799695897356265, 0.9445174746854276], [0.28741835401942084, 0.18414396979880177, 0.24860043113946742, 0.27983724504231], [0.7027162405452769, 0.0788260533692496, 0.02509086574887091, 0.1933668403366027], [0.0141143201957129, 0.2268196574253607, 0.6129754583123593, 0.14609056406656715], [0.4011627058332846, 0.1418614659368552, 0.21805279323398113, 0.23892303499587902], [0.051798747081857846, 0.28661137150544164, 0.10820977943348292, 0.5533801019792177], [0.22550084973362772, 0.282608884766072, 0.220331753818064, 0.2715585116822363], [0.08175046464615802, 0.30190378771624155, 0.08315861205648299, 0.5331871355811175], [0.03680494600110493, 0.4294050424549573, 0.11354786058972127, 0.4202421509542166], [0.14826323657952487, 0.03181071026015042, 0.07190115921652221, 0.7480248939438026], [0.4888841162699399, 0.009666268760668353, 0.028481880219051587, 0.47296773475034026], [0.14367507640018848, 0.12011501830740197, 0.48367091693072223, 0.25253898836168737], [0.04332420897474362, 0.0727301164558437, 0.7221554400794392, 0.16179023448997332], [0.027361847985693605, 0.25034413378477544, 0.39972159357440745, 0.3225724246551231], [0.18656648883366977, 0.15872410547698035, 0.10979883720315302, 0.5449105684861968], [0.4823202003427186, 0.13336116569540352, 0.07714158361158223, 0.30717705035029563], [0.5731343130116655, 0.2873268080618756, 0.030696854293090593, 0.10884202463336815], [0.3151864129484034, 0.028380187237677882, 0.023623283008735323, 0.6328101168051834], [0.4153278547719766, 0.14550938553359968, 0.10984321349026623, 0.32931954620415754], [0.08198073542778929, 0.37036029741163007, 0.23647169328760728, 0.3111872738729733], [0.2322069819513695, 0.17044644826215025, 0.16243829857203007, 0.4349082712144502], [0.16018414030464476, 0.4430060223484844, 0.13275967005673517, 0.2640501672901357], [0.08548702030731166, 0.07444447050871913, 0.10126399563416993, 0.7388045135497991], [0.6605909911622502, 0.058945528800623724, 0.005574485572993496, 0.27488899446413256], [0.2500248288871546, 0.2307225984388802, 0.22369047795144759, 0.295562094722518], [0.19179471826495892, 0.3290993795672281, 0.10170609092323832, 0.37739981124457433], [0.03493537378538912, 0.4866362893374589, 0.07446179709804639, 0.40396653977910557], [0.06050725360013079, 0.31078027309935763, 0.24180816888364254, 0.38690430441686907], [0.5560988021504435, 0.13764347125296023, 0.17182024367061244, 0.1344374829259838], [0.08284734711105698, 0.16547873448641848, 0.2695630555847707, 0.48211086281775406], [0.022998822937683, 0.039814005837637154, 0.8136169766301583, 0.12357019459452141], [0.1555122369607551, 0.18493803124285577, 0.5479116411677554, 0.11163809062863363], [0.0909718947497571, 0.4741595874069911, 0.15395616607840493, 0.28091235176484713], [0.0784021300231014, 0.7216916178782509, 0.06267569517930208, 0.1372305569193456], [0.007179027004373512, 0.8133772355089182, 0.011857218850895529, 0.16758651863581278], [0.042680037009399825, 0.1606883323266451, 0.18445103619847542, 0.6121805944654795], [0.6575104034792759, 0.059132507250558124, 0.0013730875229346696, 0.28198400174723104], [0.14074544036176873, 0.09717128036867098, 0.5716546127698652, 0.19042866649969525], [0.2620349027571448, 0.2891717434734356, 0.03868654623091056, 0.41010680753850925], [0.10324951952418954, 0.2112834619133063, 0.12593097413630264, 0.5595360444262015], [0.22339108004866012, 0.47781334581989005, 0.08479018497359748, 0.2140053891578521], [0.05513106390550228, 0.32166521320671515, 0.41717210898853485, 0.2060316138992479], [0.14032502157151291, 0.3384728845784352, 0.22790182672520506, 0.2933002671248469], [0.17911018457194983, 0.5115235839511034, 0.03712039445856149, 0.2722458370183851], [0.12649693997382447, 0.4093301247211838, 0.14066911828431317, 0.3235038170206784], [0.10954166393011132, 0.23852757519716866, 0.002089897489932795, 0.6498408633827871], [0.2946166028021268, 0.054178356395283254, 0.11165792773565579, 0.539547113066934], [0.7467818548899929, 0.07921376928110661, 0.016879014266490057, 0.15712536156241036], [0.09586997947650594, 0.1631853899022897, 0.0031346255048485877, 0.7378100051163557], [0.1618040300346794, 0.5060634642745617, 0.12344223745735189, 0.2086902682334069], [0.06079933143991715, 0.577910531084525, 0.13322505825182082, 0.22806507922373742], [0.11319141963479347, 0.5161965837001129, 0.11334186763187067, 0.25727012903322316], [0.733776925124672, 0.043348622043668204, 0.06342105432366954, 0.15945339850799017], [0.054299600681921675, 0.38464126752016337, 0.41583132982570836, 0.14522780197220678], [0.2797995745360891, 0.4199371966218101, 0.2443416794964365, 0.05592154934566412], [0.45254912774696787, 0.35441149974257163, 0.0017548759452146094, 0.19128449656524577], [0.18697068945533932, 0.3449086770009343, 0.1703337688566682, 0.29778686468705834], [0.4336394190097122, 0.471809818327448, 0.05127870119461082, 0.043272061468228894], [0.036448869333121386, 0.22739488438717084, 0.3402652519598997, 0.39589099431980745], [0.011607111324525828, 0.7753141439667969, 0.06859387805633184, 0.14448486665234553], [0.0854298791531865, 0.13062953953840656, 0.6320150047986444, 0.15192557650976252], [0.45308936183465054, 0.18952460140003352, 0.014309048853999584, 0.3430769879113163], [0.5474912264126104, 0.1685978278200189, 0.035598749344733165, 0.2483121964226374], [0.739066520324839, 0.08889543536163984, 0.008276970370428498, 0.1637610739430927], [0.3393593702132097, 0.2851919235601564, 0.16075291722575277, 0.21469578900088102], [0.04120926586528746, 0.22606673926391901, 0.29758312969553036, 0.4351408651752635], [0.06088901920001426, 0.3331133548687882, 0.06214850473897035, 0.5438491211922272], [0.07948124931197317, 0.7496163435672415, 0.10693773608061279, 0.06396467104017235], [0.36333905942783756, 0.2644659511295099, 0.06601881999605953, 0.3061761694465931], [0.5066021715103577, 0.07446570626316913, 0.010442258051703764, 0.4084898641747697], [0.11083518970557203, 0.7935469284489046, 0.0014472167685644342, 0.09417066507695897], [0.16058355815291833, 0.12058383197055532, 0.009647806157258345, 0.709184803719268], [0.22248857458030313, 0.3598080000152826, 0.2648121833538794, 0.15289124205053478], [0.06195956220106758, 0.2627350336541841, 0.46874144871245244, 0.20656395543229603], [0.18488021624237908, 0.5790528018154137, 0.03507826071443527, 0.20098872122777203], [0.46539264513894196, 0.12245930339431524, 0.006740053404744429, 0.40540799806199856], [0.07811316753235369, 0.7411028145570301, 0.06316178344234628, 0.11762223446826992], [0.5266028345443112, 0.10941293448301714, 0.0548865840856504, 0.3090976468870213], [0.05659701754354938, 0.2410220531589077, 0.08776363885370404, 0.614617290443839], [0.2124035785613361, 0.2779581836015947, 0.4931927298836477, 0.0164455079534213], [0.535074348118726, 0.1066607166303817, 0.0012851174361149904, 0.3569798178147772], [0.6543931775983811, 0.024082234357574006, 0.00472375058316417, 0.31680083746088095], [0.12102908124609521, 0.2689271506845068, 0.4325430326617215, 0.17750073540767689], [0.295232613232823, 0.26954548711401155, 0.25066011156253537, 0.18456178809063017], [0.0771562988180064, 0.5596823522832516, 0.08245920848810828, 0.2807021404106336], [0.01739758981512093, 0.8725592676015441, 0.06913321311583233, 0.04090992946750279], [0.3596399973621796, 0.10949814979797491, 0.022044774880411153, 0.5088170779594345], [0.016547438418056715, 0.4089160795654394, 0.5062796833995212, 0.06825679861698238], [0.6574268269049297, 0.13221904739824464, 0.027211925677416596, 0.18314220001940967], [0.11171609491773443, 0.06628290917284306, 0.6831128161066773, 0.13888817980274532], [0.0019787193387442825, 0.47256021433415507, 0.48551786695627713, 0.03994319937082368], [0.6602948462773174, 0.028991654404232403, 0.08771488714385249, 0.22299861217459746], [0.07115082053903876, 0.6099050669738888, 0.2257106856731965, 0.0932334268138759], [0.5396062726674886, 0.04014503808253021, 0.07252134572399345, 0.34772734352598766], [0.13139855664203456, 0.3336580501590949, 0.19805438472960393, 0.3368890084692666], [0.04363505422853808, 0.5026322255194315, 0.08148453844688948, 0.3722481818051412], [0.8149666430331223, 0.029425310903622187, 0.0007756665628012788, 0.15483237950045434], [0.24494719952839922, 0.6872941434887454, 0.019051880324781636, 0.04870677665807394], [0.16849088558160877, 0.15186964254654559, 0.02949461712323079, 0.650144854748615], [0.10986631792384763, 0.17349097069701405, 0.054760722984969916, 0.6618819883941683], [0.11509666712437024, 0.06784425730162931, 0.28054747704074895, 0.5365115985332519], [0.11348517999287205, 0.09733818263470108, 0.127734918605425, 0.6614417187670016], [0.1379650983519508, 0.2650144961766997, 0.08476267673295848, 0.5122577287383911], [0.23687566734058932, 0.1921811531965873, 0.25656732069252824, 0.3143758587702949], [0.06454195364945281, 0.36871168878789545, 0.5299479546365125, 0.03679840292613951], [0.34747907025888264, 0.20731631043553736, 0.05528791936849096, 0.3899166999370889], [0.20621748045137872, 0.19971033003242988, 0.05225472004161375, 0.5418174694745781]]}}