{"test": {"ids": ["102110750", "113118690", "103113640", "106114150", "99111000", "112118880", "104116800", "102109010", "112119580", "108117610", "109117600", "108118630", "112117210", "97116500", "112120670", "112118860", "109120621", "108120280", "111121410", "103112641", "109118820", "101108121", "113121950", "107115140", "103113210", "106117650", "105121190", "110114720", "112119500", "113121680", "102110890", "106115250", "109114220", "113118620", "111120531", "98112300", "111119430", "113118511", "108115500", "98107340", "103120340", "105116441", "102110050", "110116290", "99107500", "109120540", "104114740", "111118810", "110121720", "107116300", "102116500", "113122180", "107115250", "105113620", "97112300", "110118930", "110118121", "100109000", "113122230", "113122170", "101111990", "103111110", "111119250", "113118231", "104109311", "102109850", "100120780", "103110220", "111115780", "102110690", "105118740", "112121010", "100109910", "107119130", "99113260", "107118490", "108121410", "105114220", "97106591", "99108310", "111119580", "102110850", "113117401", "102109910", "107119950", "105115720", "108117720", "101121640", "97105580", "106113170", "109120150", "103113170", "113120601", "100109890", "99109780", "99108000", "98109090", "112116540", "113120780", "107120130", "98106680", "110117200", "105115380", "113119300", "110119891", "105117200", "99107660", "112120700", "98110680", "109117431", "108117360", "105112130", "106112770", "100116500", "109115220", "101108950", "100109980", "100116790", "107116501", "108120621", "105115250", "107114110", "99109141", "106114011", "109115211", "111115910", "104112470", "109117080", "99107300", "112116290", "103111480", "100113370", "108115070", "112118620", "103111990", "102112030", "113120751", "106120640", "110114321", "112118930", "97105960", "111120260"], "labels": [1, 3, 1, 1, 2, 1, 1, 1, 3, 3, 1, 1, 1, 2, 2, 3, 1, 3, 0, 3, 3, 0, 3, 0, 3, 1, 2, 3, 2, 1, 0, 2, 3, 3, 0, 2, 3, 1, 3, 0, 1, 1, 3, 2, 0, 1, 2, 0, 3, 0, 1, 2, 2, 0, 2, 1, 3, 1, 1, 1, 2, 3, 1, 3, 3, 1, 1, 2, 1, 0, 1, 2, 2, 1, 0, 2, 0, 3, 1, 2, 3, 3, 3, 2, 3, 1, 1, 2, 1, 0, 2, 3, 2, 3, 2, 2, 1, 1, 0, 2, 1, 3, 1, 1, 3, 3, 3, 2, 2, 1, 1, 1, 1, 2, 3, 2, 1, 2, 1, 1, 2, 1, 3, 1, 0, 2, 1, 1, 3, 0, 0, 3, 1, 3, 2, 2, 1, 3, 1, 1, 2, 3], "predicted_labels": [1, 1, 0, 3, 1, 3, 3, 1, 3, 3, 0, 3, 1, 1, 1, 1, 0, 0, 3, 0, 3, 3, 3, 3, 1, 3, 1, 1, 1, 3, 3, 1, 1, 3, 3, 3, 1, 0, 1, 3, 3, 1, 1, 0, 3, 3, 3, 3, 3, 0, 0, 3, 1, 1, 0, 3, 0, 3, 1, 3, 0, 3, 3, 0, 0, 1, 3, 3, 0, 3, 3, 1, 2, 3, 1, 1, 1, 0, 1, 3, 0, 1, 3, 3, 0, 1, 3, 3, 0, 1, 3, 1, 3, 0, 0, 3, 3, 3, 3, 1, 0, 3, 3, 3, 3, 3, 0, 1, 2, 1, 3, 1, 3, 3, 3, 3, 0, 0, 3, 0, 0, 3, 0, 1, 3, 1, 3, 1, 3, 0, 0, 3, 1, 3, 1, 0, 3, 1, 1, 3, 3, 3], "confidence_scores": [[0.23235879675879692, 0.31054356199356214, 0.21321517371517376, 0.24388246753246767], [0.2826403540903541, 0.32161110556110584, 0.15792279942279944, 0.23782574092574107], [0.33227257742257743, 0.22397056277056285, 0.14565507825507834, 0.2981017815517816], [0.2736627816627816, 0.23848649406149414, 0.20110003607503624, 0.2867506882006882], [0.18448975468975481, 0.3356632256632255, 0.22949240204240215, 0.2503546176046176], [0.2349771173271173, 0.25245543345543364, 0.22831416361416373, 0.28425328560328567], [0.27620963101226265, 0.24422522126995821, 0.18558333333333343, 0.29398181438444604], [0.26476633921633924, 0.27852488067488074, 0.19072625152625164, 0.26598252858252874], [0.26324633503751155, 0.25652256077256086, 0.14996600621600623, 0.33026509797392156], [0.24009220779220794, 0.24686901986902002, 0.14283038073038076, 0.3702083916083917], [0.32531835664335684, 0.22050115440115445, 0.16662030747030737, 0.2875601814851815], [0.24255839160839157, 0.2717535853035854, 0.15260805860805857, 0.33307996447996446], [0.25336101121101123, 0.27095783105783117, 0.21090178710178714, 0.2647793706293707], [0.2413045621045621, 0.2836270618270619, 0.2142185203685204, 0.26084985569985575], [0.25290035520035525, 0.26606718281718295, 0.21561739926739915, 0.2654150627150628], [0.27319093129093136, 0.2951199522699521, 0.22120391275391277, 0.2104852036852037], [0.32231023976023965, 0.2508671189921191, 0.14415804473304475, 0.2826645965145967], [0.3179496778075725, 0.24058732378732384, 0.17066105561105555, 0.2708019427940482], [0.2856584415584416, 0.26740189810189824, 0.13737347652347653, 0.30956618381618395], [0.3058747197247197, 0.23258312798312822, 0.19954338439338437, 0.26199876789876797], [0.24850598290598291, 0.25561176601176616, 0.19843228993229006, 0.2974499611499613], [0.263594957819958, 0.25768991563991583, 0.16737552447552448, 0.3113396020646022], [0.25101917526917533, 0.2670591491841492, 0.1741410755910756, 0.30778059995559987], [0.2836967754467756, 0.21934412809412818, 0.12548453768453774, 0.37147455877455865], [0.27259507159507174, 0.28742428682428706, 0.17941784326784335, 0.2605627983127982], [0.28917876012876, 0.23301158841158853, 0.17166337828837835, 0.3061462731712733], [0.22863999333999344, 0.295062370962371, 0.21298363303363302, 0.2633140026640028], [0.26111247641247637, 0.3339744005994005, 0.21337723942723946, 0.19153588356088366], [0.24640274594686362, 0.3119478759802289, 0.21497593795093803, 0.22667344012196958], [0.25019881507381514, 0.25203291708291725, 0.16964909534909542, 0.3281191724941724], [0.25246539016539027, 0.196449444999445, 0.20944278499278512, 0.34164237984237983], [0.23080497084614746, 0.3074179098679099, 0.182510397935398, 0.2792667213505449], [0.25867212036329695, 0.26510733482204074, 0.2167262446703624, 0.2594943001443004], [0.2910986235986236, 0.25767703962703964, 0.15299482739482742, 0.2982295093795095], [0.22823202908202903, 0.2753049783549783, 0.20569038739038747, 0.29077260517260517], [0.26919603452103463, 0.20859911477411477, 0.216886013986014, 0.3053188367188368], [0.23913233792351443, 0.281616474375298, 0.20946333111333115, 0.26978785658785664], [0.30142924297924295, 0.26205909090909096, 0.18364352869352876, 0.2528681374181376], [0.2556238356414828, 0.2873272355095886, 0.18049542124542142, 0.27655350760350766], [0.24892806637806641, 0.18853348873348877, 0.2194575285825287, 0.3430809163059163], [0.2503002106081054, 0.26056550671550666, 0.20094719169719166, 0.2881870909791963], [0.2384030025530026, 0.29337784992784993, 0.19774666999667007, 0.2704724775224776], [0.18234479131979137, 0.2941861027861029, 0.23713160173160186, 0.2863375041625044], [0.32392500277500264, 0.20860610778110783, 0.18987517760017758, 0.2775937118437119], [0.20632963147963157, 0.2731342934842933, 0.21170209235209242, 0.3088339826839825], [0.26508860453272226, 0.2818081523052109, 0.13021356421356428, 0.3228896789485027], [0.2208807914307916, 0.30509585414585416, 0.16356005106005114, 0.3104633033633034], [0.3076341158841159, 0.2478268453768455, 0.12259406704406703, 0.32194497169497177], [0.2560076812076814, 0.26723729603729607, 0.2070464646464647, 0.2697085581085583], [0.2801762681762682, 0.25403412698412714, 0.1900781385281386, 0.27571146631146626], [0.2699694847636026, 0.2605895010218541, 0.232550987900988, 0.23689002631355568], [0.2786888297976534, 0.24451763954999275, 0.1500201964701965, 0.32677333418215754], [0.24161103896103892, 0.2965591630591632, 0.24846868686868695, 0.2133611111111111], [0.21660496725496728, 0.3109993728493729, 0.2298440004440004, 0.24255165945165946], [0.2829022826846357, 0.23006880341880356, 0.2048092796092797, 0.2822196342872813], [0.2600108851932383, 0.2832347985347986, 0.15746991896991902, 0.29928439730204426], [0.31333654401154387, 0.2754177211677213, 0.11115472305472311, 0.3000910117660119], [0.2541308302808304, 0.2693489538239539, 0.2025388084138085, 0.27398140748140765], [0.25153525363525386, 0.29846819291819304, 0.16887374569874575, 0.28112280774780773], [0.24533815628815628, 0.24498819709702072, 0.19576926766044425, 0.31390437895437895], [0.3003527250527251, 0.25016068376068384, 0.17413506493506498, 0.27535152625152637], [0.23466399711399713, 0.23099624819624828, 0.19984011544011543, 0.3344996392496395], [0.20821263736263748, 0.23615653235653242, 0.19999935064935073, 0.3556314796314797], [0.27791318093671036, 0.25254468342115416, 0.19169235209235214, 0.27784978354978374], [0.34675274447774435, 0.21904897602397616, 0.11864876234876236, 0.31554951714951707], [0.2643352092352093, 0.29826541791541816, 0.2260063492063493, 0.21139302364302368], [0.25337254412254423, 0.22679006549006556, 0.20549448329448347, 0.31434290709290724], [0.23409713619713618, 0.2741450771450772, 0.19472104562104567, 0.297036741036741], [0.32522997557997535, 0.24462971195471203, 0.18900980685980684, 0.24113050560550567], [0.2817129009879009, 0.2795268759018758, 0.13547273559773562, 0.30328748751248763], [0.2497816627816629, 0.26747768342768347, 0.200786815961816, 0.28195383782883776], [0.25913827838827835, 0.3108936785436785, 0.17553994338994344, 0.2544280996780997], [0.24064124486624497, 0.25577481407481417, 0.2909973942723943, 0.21258654678654687], [0.2707642857142858, 0.24704307359307362, 0.1734705627705627, 0.308722077922078], [0.23818669663669667, 0.29763179043179055, 0.19045738705738707, 0.27372412587412603], [0.2620724220224219, 0.2854348452201395, 0.20749474773592427, 0.24499798502151457], [0.2590859307359308, 0.2998995615495618, 0.18299748029748034, 0.2580170274170274], [0.3152487012987015, 0.26664717504717506, 0.18307467532467536, 0.23502944832944841], [0.254001098901099, 0.27345747585747593, 0.20769126429126433, 0.2648501609501611], [0.2703013209013209, 0.27828504273504284, 0.1651539682539683, 0.2862596681096681], [0.34859295149295144, 0.23798632201132217, 0.1687975940725941, 0.24462313242313255], [0.21163162393162402, 0.30085230325230333, 0.26240376845376856, 0.2251123043623044], [0.27871940281940294, 0.27114565630447995, 0.14563147212264865, 0.30450346875346884], [0.2624423354423355, 0.2648819125319127, 0.1704426628926629, 0.3022330891330891], [0.29498132145632144, 0.282474594849595, 0.15690331890331896, 0.26564076479076476], [0.19552943138732623, 0.34678977688977675, 0.15604747474747488, 0.30163331697542217], [0.2962277777777777, 0.22408391608391612, 0.1558182983682985, 0.32387000777000774], [0.23697427849927857, 0.27515104617604613, 0.17124321789321795, 0.31663145743145743], [0.33345310800310796, 0.26764717504717506, 0.1739862387612388, 0.22491347818847837], [0.24107609057609092, 0.36792821622821625, 0.1504132395382396, 0.24058245365745376], [0.28538756243756264, 0.24932065712065718, 0.17661854256854267, 0.2886732378732379], [0.22933230833494, 0.334862939107676, 0.21055454545454552, 0.22525020710283875], [0.25722287157287155, 0.2478649350649351, 0.19983160173160183, 0.2950805916305917], [0.29978314463314465, 0.24020745365745375, 0.20560685425685443, 0.2544025474525476], [0.2838452103452105, 0.28247145077145086, 0.16826140526140526, 0.2654219336219338], [0.22449646464646464, 0.2771228937728939, 0.1984391774891776, 0.2999414640914641], [0.27429352869352874, 0.2368366966366968, 0.19657695082695084, 0.29229282384282396], [0.24837990342990357, 0.2884687229437231, 0.12282367354867361, 0.34032770007770013], [0.2509889812801576, 0.2908573126220185, 0.14719239241151008, 0.3109613136863137], [0.25508752913752936, 0.3166497391497391, 0.21578214563214573, 0.2124805860805861], [0.2788501887001885, 0.27667991452991464, 0.22179398379398385, 0.222675912975913], [0.28082692177103935, 0.21846516114604356, 0.1948084942834943, 0.3058994227994226], [0.2506636585636586, 0.29288987123987115, 0.15464066489066491, 0.30180580530580536], [0.2669590021090022, 0.23187959262959262, 0.1557446497946498, 0.34541675546675527], [0.26344432234432247, 0.2275976245976247, 0.17315508380508388, 0.3358029692529692], [0.2828329725829727, 0.2612010184260184, 0.15386475468975472, 0.30210125430125423], [0.325938788988789, 0.19866101121101126, 0.2255433344433345, 0.24985686535686544], [0.23183349428349437, 0.3343752025752027, 0.17369977244977242, 0.26009153069153074], [0.257328182928183, 0.25459644244644253, 0.26369560994561, 0.22437976467976478], [0.23591710234210234, 0.2963412420912422, 0.18913220668220668, 0.2786094488844489], [0.21329242424242423, 0.23902335442335448, 0.20937710067710077, 0.33830712065712065], [0.22810121349239004, 0.2816525090922151, 0.23075010136921906, 0.2594961760461762], [0.23675490897990908, 0.2698114385614385, 0.19299932392169247, 0.3004343285369601], [0.24283542568542577, 0.26263705542823207, 0.1775851243527714, 0.3169423945335711], [0.24654231324231335, 0.24247580752580772, 0.15556076146076148, 0.3554211177711178], [0.24111118881118904, 0.2423292152292155, 0.21065563880563887, 0.30590395715395713], [0.29310103785103786, 0.2815327727827728, 0.16327575757575763, 0.2620904317904318], [0.322144633144633, 0.23512308802308818, 0.19933037518037525, 0.24340190365190378], [0.26994015429015444, 0.2514817626817628, 0.15008261460761468, 0.32849546842046834], [0.30314042624042625, 0.2788085081585083, 0.15447649572649574, 0.26357456987457], [0.32743541458541453, 0.234196991896992, 0.1759252136752137, 0.26244237984237995], [0.2528366127336717, 0.20615600510600512, 0.17239797033032334, 0.36860941183], [0.30343499278499286, 0.2587493783993784, 0.17875163170163175, 0.25906399711399714], [0.27308466696702, 0.2861731879231879, 0.17673585858585864, 0.2640062865239337], [0.23102378732378742, 0.24099528804528814, 0.14218547008547014, 0.3857954545454545], [0.2520544733044733, 0.2990955266955267, 0.1921854978354979, 0.2566645021645022], [0.22912446997447014, 0.26798682983682987, 0.19159376179376175, 0.31129493839493855], [0.1882109002109002, 0.3460081196581198, 0.1791453657453658, 0.2866356143856143], [0.29657672327672335, 0.2476158952158953, 0.1551087523587524, 0.30069862914862905], [0.31516955821955805, 0.25580593295593307, 0.15221391663891676, 0.27681059218559245], [0.30007329892329904, 0.2457476634476636, 0.18416743256743254, 0.2700116050616052], [0.2471048673548674, 0.22010518925518932, 0.2122450216450218, 0.32054492174492155], [0.28393841158841143, 0.29541898101898123, 0.19247176157176168, 0.2281708458208459], [0.26724660339660344, 0.24489693639693652, 0.12098221778221782, 0.3668742424242424], [0.2590238872238874, 0.3048615995115996, 0.1556437395937396, 0.2804707736707736], [0.2808640248640248, 0.2552082473082474, 0.2069873015873017, 0.2569404262404265], [0.2520567821067823, 0.26213684926184944, 0.21382586580086593, 0.2719805028305028], [0.26345498667998674, 0.3145619491619493, 0.18528253413253415, 0.23670053002553013], [0.22732864357864369, 0.28518062770562774, 0.22198551448551454, 0.2655052142302143], [0.279977344877345, 0.2507545066045067, 0.15186818181818187, 0.3173999666999667], [0.2580930791430792, 0.2494865856365857, 0.22122889887889885, 0.2711914363414364], [0.3004344510065097, 0.23112530247530252, 0.15502136360371654, 0.3134188829144711]]}, "rewritten": {"ids": ["97105580", "97105960", "97106591", "97112300", "97116500", "98106680", "98107340", "98109090", "98110680", "98112300", "99107300", "99107500", "99107660", "99108000", "99108310", "99109141", "99109780", "99111000", "99113260", "100109000", "100109890", "100109910", "100109980", "100113370", "100116500", "100116790", "100120780", "101108121", "101108950", "101111990", "101121640", "102109010", "102109850", "102109910", "102110050", "102110690", "102110750", "102110850", "102110890", "102112030", "102116500", "103110220", "103111110", "103111480", "103111990", "103112641", "103113170", "103113210", "103113640", "103120340", "104109311", "104112470", "104114740", "104116800", "105112130", "105113620", "105114220", "105115250", "105115380", "105115720", "105116441", "105117200", "105118740", "105121190", "106112770", "106113170", "106114011", "106114150", "106115250", "106117650", "106120640", "107114110", "107115140", "107115250", "107116300", "107116501", "107118490", "107119130", "107119950", "107120130", "108115070", "108115500", "108117360", "108117610", "108117720", "108118630", "108120280", "108120621", "108121410", "109114220", "109115211", "109115220", "109117080", "109117431", "109117600", "109118820", "109120150", "109120540", "109120621", "110114321", "110114720", "110116290", "110117200", "110118121", "110118930", "110119891", "110121720", "111115780", "111115910", "111118810", "111119250", "111119430", "111119580", "111120260", "111120531", "111121410", "112116290", "112116540", "112117210", "112118620", "112118860", "112118880", "112118930", "112119500", "112119580", "112120670", "112120700", "112121010", "113117401", "113118231", "113118511", "113118620", "113118690", "113119300", "113120601", "113120751", "113120780", "113121680", "113121950", "113122170", "113122180", "113122230"], "labels": [1, 2, 1, 2, 2, 1, 0, 1, 2, 2, 3, 0, 3, 2, 2, 3, 2, 2, 0, 1, 3, 2, 1, 3, 2, 2, 1, 0, 2, 2, 2, 1, 1, 2, 3, 0, 1, 3, 0, 2, 1, 2, 3, 0, 2, 3, 3, 3, 1, 1, 3, 1, 2, 1, 1, 0, 3, 2, 1, 1, 1, 3, 1, 2, 1, 0, 1, 1, 2, 1, 3, 1, 0, 2, 0, 1, 2, 1, 3, 2, 1, 3, 1, 3, 1, 1, 3, 1, 0, 3, 0, 3, 1, 1, 1, 3, 2, 1, 1, 1, 3, 2, 3, 3, 1, 3, 3, 1, 2, 0, 1, 3, 3, 3, 0, 0, 0, 1, 1, 3, 3, 1, 1, 2, 3, 2, 2, 2, 3, 3, 1, 3, 3, 1, 2, 1, 0, 1, 3, 1, 2, 1], "predicted_labels": [0, 3, 0, 0, 1, 0, 3, 3, 0, 3, 3, 3, 0, 3, 3, 0, 3, 1, 1, 1, 0, 2, 0, 3, 3, 0, 3, 3, 3, 0, 3, 0, 1, 3, 3, 3, 1, 1, 3, 3, 0, 3, 0, 3, 0, 0, 1, 0, 0, 3, 3, 3, 3, 3, 3, 1, 0, 0, 3, 3, 3, 0, 3, 1, 3, 1, 0, 0, 1, 3, 1, 3, 3, 1, 0, 3, 0, 3, 1, 1, 0, 0, 3, 3, 3, 3, 0, 0, 0, 0, 3, 3, 1, 3, 0, 0, 0, 3, 0, 1, 1, 0, 0, 3, 3, 3, 1, 0, 1, 0, 3, 3, 0, 0, 1, 3, 0, 3, 1, 3, 1, 1, 3, 1, 3, 3, 1, 1, 0, 3, 1, 0, 1, 3, 3, 3, 3, 3, 3, 3, 3, 0], "confidence_scores": [[0.31072486206603855, 0.27302441218911816, 0.2034056319497497, 0.21284509379509386], [0.23894645909645917, 0.229638505938506, 0.25232586302586313, 0.2790891719391719], [0.28922085137085146, 0.2792725885225885, 0.18451965811965815, 0.2469869019869021], [0.2802772632596162, 0.25377236652236657, 0.20701414141414148, 0.25893622880387596], [0.22266245421245429, 0.29364530469530475, 0.21341230436230432, 0.27027993672993683], [0.28189637976402704, 0.25055071203306506, 0.19846801531801533, 0.26908489288489296], [0.2362632645132647, 0.2161454045954046, 0.20066502109002132, 0.3469263098013099], [0.27288977688977706, 0.2182828282828284, 0.21590221445221455, 0.29292518037518045], [0.27493131313131325, 0.27158677988678, 0.23536655011655022, 0.21811535686535694], [0.2558197052947054, 0.22895100455100467, 0.23210337717837728, 0.2831259129759129], [0.292085064935065, 0.23725906870906882, 0.15142974802974807, 0.31922611832611825], [0.21876208791208793, 0.26265179265179267, 0.20864562104562112, 0.30994049839049853], [0.30753838938838945, 0.20573529803529814, 0.2143685980685981, 0.27235771450771473], [0.21348532023532024, 0.269859879009879, 0.20658463758463763, 0.31007016317016317], [0.27470606697224353, 0.27185315762668705, 0.1598354002206944, 0.2936053751803752], [0.3109049783549784, 0.233482178932179, 0.20151911976911976, 0.25409372294372284], [0.23978360691596007, 0.2586135864135864, 0.21359281274281286, 0.2880099939276409], [0.20131000111000116, 0.3509936285936288, 0.22055813075813077, 0.2271382395382395], [0.24898318903318903, 0.3103038517038518, 0.1864904484404485, 0.25422251082251107], [0.26008308358308363, 0.29317801642801633, 0.1872152514152515, 0.2595236485736488], [0.32190670995671, 0.24265918525918542, 0.18440377955377968, 0.2510303252303253], [0.22545185092685105, 0.2540476356976358, 0.29455533910533915, 0.22594517427017444], [0.3007315282756459, 0.28269914938003166, 0.166438222888223, 0.25013109945609957], [0.23733663558663567, 0.22752050727050735, 0.22525800865800868, 0.3098848484848485], [0.2430930735930737, 0.26618520923520933, 0.1784765512265512, 0.31224516594516594], [0.3077582750582749, 0.21811493506493512, 0.17771336996337006, 0.29641341991342], [0.2308872072372074, 0.2408184482184483, 0.2094634143634145, 0.3188309301809303], [0.2701282550782551, 0.24731931271343055, 0.179107869581399, 0.3034445626269156], [0.27261154401154414, 0.24960685425685433, 0.1846127983127984, 0.29316880341880347], [0.3049247974247975, 0.25761042846042864, 0.1595819513819514, 0.2778828227328227], [0.2610161449661449, 0.2636489898989899, 0.16580007215007217, 0.3095347929847931], [0.2954462423197719, 0.2811967032967033, 0.16810880230880246, 0.25524825207472274], [0.25056315351315367, 0.30304067044067057, 0.22983145743145758, 0.21656471861471868], [0.28168838383838374, 0.2683566877566878, 0.16771755466755475, 0.2822373737373738], [0.19959349261849266, 0.2663446886446888, 0.24033434898434905, 0.2937274697524698], [0.29367631535131544, 0.27567258297258296, 0.13375742313242323, 0.29689367854367865], [0.27112392607392616, 0.3145067932067932, 0.19607260517260527, 0.21829667554667564], [0.21113378288378298, 0.2834359029859031, 0.2421309551559553, 0.2632993589743591], [0.27670575535575537, 0.22764028749028759, 0.20721413586413595, 0.2884398212898213], [0.27472349317349326, 0.24601762681762687, 0.19359978354978363, 0.28565909645909654], [0.2691027459468638, 0.25682574255809554, 0.21941201021201026, 0.2546595012830306], [0.21925435675435676, 0.25270615495615506, 0.2208888666888667, 0.3071506216006215], [0.301974864024864, 0.2513156288156288, 0.18410259740259743, 0.2626069097569098], [0.26284374514374526, 0.23785418470418482, 0.20493814518814535, 0.29436392496392505], [0.3186827727827728, 0.25569773004773017, 0.15582076257076266, 0.26979873459873466], [0.2843728715728717, 0.26892056832056843, 0.1912762265512267, 0.25543033355533373], [0.23251758796758806, 0.31224578754578763, 0.22012358752358763, 0.23511303696303698], [0.29628033355533345, 0.29352243867243877, 0.17765087135087146, 0.23254635642135651], [0.3491112276612278, 0.21833549783549794, 0.1362997835497836, 0.2962534909534908], [0.2998836274836274, 0.2344937812187813, 0.16305383227883227, 0.30256875901875907], [0.31141236263736255, 0.23631574536574557, 0.13391646409146415, 0.3183554279054279], [0.24867587967587984, 0.24730962370962378, 0.17799913419913418, 0.32601536241536255], [0.24897202797202808, 0.29355973470973457, 0.15796181596181605, 0.2995064213564213], [0.27083246373509545, 0.2586580995028364, 0.19464769119769126, 0.27586174556437726], [0.2510205017205018, 0.2578893273393274, 0.18955606615606616, 0.30153410478410464], [0.21531477966477983, 0.29754755244755243, 0.2305788156288157, 0.25655885225885244], [0.3100261627261627, 0.2653777639027641, 0.17420926573426576, 0.2503868076368078], [0.3122893661893662, 0.24937664002664015, 0.16911685504038465, 0.2692171387436094], [0.23976269841269854, 0.26377338217338225, 0.19977263292263292, 0.29669128649128657], [0.23380700936490426, 0.28406955266955264, 0.16081098901098892, 0.3213124489545542], [0.2426565490065491, 0.2995370296370296, 0.15788710733710737, 0.2999193140193138], [0.29012314352314367, 0.23671172438672455, 0.18534260461760468, 0.2878225274725275], [0.2532420190920192, 0.25786341991342004, 0.19623303918303922, 0.2926615218115219], [0.2379979242979244, 0.29929581529581534, 0.21628243978243983, 0.24642382062382073], [0.23297576035076045, 0.25798918581418584, 0.2042696508170194, 0.30476540301803445], [0.24168879176379193, 0.3546325896325896, 0.14429880397380396, 0.2593798146298147], [0.3001394233217764, 0.2733981740481742, 0.17381464091464094, 0.25264776171540887], [0.28288302253302267, 0.24655251774369424, 0.20657461819226522, 0.26398984153101807], [0.25395989565989574, 0.2830201159951161, 0.19040045510045522, 0.2726195332445334], [0.2869558164058164, 0.23334711399711391, 0.15227998667998674, 0.3274170829170829], [0.27126534021534043, 0.31031293151293177, 0.19623244533244535, 0.2221892829392831], [0.24607257121963008, 0.20959425019425026, 0.1676265084588615, 0.3767066701272582], [0.3139199522699523, 0.19531998001998002, 0.13255198135198137, 0.3582080863580864], [0.23057094572094577, 0.2985412254412254, 0.23170365190365186, 0.239184176934177], [0.2957319236319236, 0.2651657176157176, 0.1545654345654346, 0.28453692418692433], [0.28592024087024087, 0.23942391497391505, 0.14811066988566993, 0.3265451742701743], [0.2875158008658009, 0.26317532467532495, 0.20208593073593079, 0.24722294372294382], [0.2822626984126985, 0.24806933621933627, 0.13833275613275617, 0.33133520923520926], [0.2848165639915639, 0.2941090714840715, 0.16009134754134755, 0.26098301698301707], [0.24069188589188595, 0.2961106837606837, 0.2050800921300922, 0.25811733821733823], [0.30859372294372295, 0.29311154401154393, 0.1652763569763571, 0.23301837606837614], [0.28886381396381394, 0.26822486124986133, 0.17996541514041525, 0.2629459096459098], [0.23295343545343541, 0.240721955821956, 0.22534936729936736, 0.30097524142524135], [0.2667353035853035, 0.2589919136419138, 0.14834353979353992, 0.325929242979243], [0.28481864246864247, 0.23325421245421255, 0.15259862359862358, 0.3293285214785215], [0.2239345820845822, 0.2927297258297259, 0.14042890997891005, 0.342906782106782], [0.3367252303252304, 0.21980103230103235, 0.1523810411810412, 0.2910926961926963], [0.30743107448107454, 0.24874502164502174, 0.16490606060606067, 0.27891784326784347], [0.2834551948051949, 0.2652041070041071, 0.16900399600399607, 0.2823367021867023], [0.285210648501825, 0.25702838044308646, 0.18487333091744873, 0.2728876401376402], [0.2629671273171273, 0.26304490509490525, 0.1619136863136863, 0.3120742812742812], [0.25556186525892416, 0.2140799422799424, 0.15952524305759605, 0.37083294940353756], [0.20878594183594182, 0.3235058330558331, 0.1612224497724499, 0.3064857753357753], [0.26279343989344, 0.2735480019980021, 0.1789555333555333, 0.28470302475302467], [0.3292671966921966, 0.19220678210678216, 0.15457157287157286, 0.3239544483294485], [0.2807245865245866, 0.2594115495615496, 0.19490108225108235, 0.26496278166278164], [0.3103596403596402, 0.2262357864357865, 0.19431897546897542, 0.26908559773559765], [0.28142676767676755, 0.2501915861915862, 0.14357799422799425, 0.32480365190365196], [0.3504392385392386, 0.21650850815850822, 0.14242551892551897, 0.2906267343767346], [0.2526077422577424, 0.2994199744699744, 0.20662531912531926, 0.24134696414696422], [0.2348915584415586, 0.31541730769230775, 0.23028316128316134, 0.2194079725829727], [0.3110826062826061, 0.22454542402042407, 0.2009802336552337, 0.2633917360417361], [0.2951551324492499, 0.23178143653731906, 0.19847842157842163, 0.27458500943500935], [0.3065749639249639, 0.24638545898545908, 0.11866793206793197, 0.3283716450216449], [0.2588642857142859, 0.27275886890886897, 0.17003535908535908, 0.2983414862914862], [0.26453444888444894, 0.20644361749361761, 0.16965631035631037, 0.35936562326562344], [0.27066514041514045, 0.3108596237096237, 0.15848308913308914, 0.2599921467421468], [0.3129852314352314, 0.25781119713619716, 0.16378910533910535, 0.26541446608946623], [0.2491506937506939, 0.27941168831168833, 0.20224244089244092, 0.2691951770451771], [0.31696024531024547, 0.24607294372294392, 0.13677353757353766, 0.3001932733932735], [0.19146769896769897, 0.23233699078699083, 0.21968633588633585, 0.35650897435897444], [0.2374143523143525, 0.2764692585192587, 0.191889382839383, 0.2942270063270062], [0.3552734540313489, 0.23926594516594515, 0.1481269008769009, 0.25733369992580524], [0.31615394540100394, 0.260467587967588, 0.12838198631433934, 0.2949964803170684], [0.2555024531024532, 0.2863218614718614, 0.1954439393939394, 0.2627317460317461], [0.24928278388278394, 0.24039420024420038, 0.1802163097136782, 0.33010670615933785], [0.29883336108336106, 0.2852304473304475, 0.13793500111000115, 0.27800119047619065], [0.26118476523476525, 0.25071254023754036, 0.16858972693972693, 0.3195129675879676], [0.24203522588522583, 0.2948189144189144, 0.18862636807636815, 0.2745194916194917], [0.316572594072594, 0.24336470751470754, 0.10683187368187369, 0.33323082473082477], [0.27340129870129876, 0.2791404040404039, 0.1995064935064936, 0.2479518037518039], [0.2559159673659672, 0.27573563658563666, 0.19336563991564001, 0.2749827561327562], [0.2743601287601288, 0.2803175435675437, 0.13028673548673558, 0.31503559218559224], [0.22068840048840052, 0.35685418470418473, 0.20810412087912084, 0.21435329392829386], [0.27382367991485657, 0.26649980574980586, 0.1410824397824398, 0.3185940745528981], [0.27507498057498075, 0.24731598956598969, 0.19882271062271056, 0.27878631923631936], [0.23296301476301484, 0.32434490509490477, 0.17561756576756588, 0.2670745143745143], [0.2649887057387057, 0.2929989399489399, 0.17126912531912541, 0.2707432289932291], [0.29879145854145867, 0.27301959625341976, 0.14543064794682442, 0.28275829725829743], [0.28348897768897774, 0.2712211843711845, 0.1572440670440671, 0.2880457708957708], [0.28133838938838956, 0.2837534299034299, 0.19228566988566992, 0.24262251082251093], [0.2987634421134423, 0.2642324675324674, 0.16457669552669554, 0.27242739482739486], [0.25157486402486395, 0.3341698634698637, 0.1673017260517262, 0.2469535464535466], [0.2549993930905697, 0.2568746785893845, 0.1661108267549444, 0.3220151015651017], [0.2616583250083251, 0.26490613275613273, 0.17414516594516602, 0.29929037629037636], [0.2550274392274392, 0.26678026418026407, 0.1989707292707294, 0.2792215673215673], [0.26072056277056266, 0.26655692640692635, 0.19533813131313138, 0.2773843795093797], [0.28224141969141986, 0.2318023032523034, 0.18011036186036192, 0.30584591519591503], [0.2496446109446111, 0.25559340381840384, 0.1932573537573537, 0.30150463147963147], [0.25086717171717177, 0.25746385281385303, 0.18816414141414156, 0.3035048340548341], [0.28886987097869443, 0.238052415884769, 0.14946125541125546, 0.323616457725281], [0.29242867132867134, 0.26506164946164973, 0.15538758463758465, 0.28712209457209453]]}}