{"test": {"ids": ["104111780", "110115120", "112116880", "111116090", "109114030", "99107950", "105117200", "110118181", "110115710", "101109120", "104111711", "113122510", "100109890", "113122430", "112119120", "113121980", "101108950", "103117461", "109114220", "112120290", "107114140", "104113550", "109120540", "110121170", "113118630", "100108520", "99107660", "111115620", "99112641", "112121010", "108115570", "108118060", "109116750", "107113840", "104112470", "100112060", "106119990", "110121500", "112118890", "101112540", "113120830", "105112130", "110117080", "98120010", "110116290", "105113170", "109116040", "112120990", "113122180", "113121010", "105116650", "100109910", "109115070", "113118870", "110120700", "100110260", "97106970", "98108410", "98106680", "107115140", "103113260", "110120531", "111119950", "110114950", "107114110", "109116441", "112116800", "113119930", "112118530", "100107920", "106111321", "99117630", "104119290", "103111620", "100111080", "109118161", "98111670", "111114941", "111121410", "110115250", "113119120", "112121030", "99109840", "105112240", "101119030", "111114121", "112117660", "106116820", "110114920", "109120560", "97109080", "100116790", "101110740", "107118780", "109117080", "99108330", "111120320", "103111990", "110118701", "111115780", "100108080", "100115700", "111119300", "108115070", "105116860", "111121220", "108117720", "113121680", "101114990", "111117200", "106120290", "102110850", "99108000", "108120260", "108113620", "100116500", "109113281", "108114360", "103117200", "99105921", "97116500", "111116530", "109119340", "113122120", "101110200", "109120150", "107120010", "104116800", "112118471", "101116130", "113122230", "99107560", "101111620", "104111550", "99107300", "113119700", "98106560", "108121190", "106113260", "105117351", "113121410", "111119610"], "labels": [3, 0, 0, 3, 1, 1, 3, 1, 2, 1, 1, 2, 3, 2, 1, 2, 2, 0, 3, 1, 2, 1, 1, 2, 3, 2, 3, 1, 1, 2, 3, 1, 0, 3, 1, 2, 0, 3, 3, 2, 3, 1, 1, 2, 2, 0, 0, 2, 2, 2, 1, 2, 0, 0, 2, 3, 2, 1, 1, 0, 3, 0, 0, 0, 1, 3, 0, 1, 1, 0, 0, 3, 1, 0, 0, 0, 1, 0, 0, 1, 3, 0, 2, 1, 3, 0, 0, 1, 3, 1, 2, 2, 3, 1, 1, 1, 1, 2, 3, 1, 0, 1, 1, 1, 2, 3, 1, 1, 3, 0, 2, 3, 2, 1, 3, 2, 0, 1, 0, 1, 2, 3, 3, 1, 2, 2, 1, 1, 1, 2, 1, 1, 3, 1, 3, 0, 1, 1, 3, 0, 0, 2], "predicted_labels": [3, 1, 1, 3, 3, 3, 3, 1, 3, 1, 3, 1, 0, 3, 3, 3, 3, 3, 1, 2, 1, 0, 1, 3, 3, 0, 0, 3, 0, 1, 3, 3, 1, 3, 3, 0, 3, 0, 3, 0, 3, 1, 3, 3, 3, 3, 3, 3, 3, 1, 0, 2, 1, 3, 1, 0, 1, 3, 1, 3, 1, 3, 3, 0, 3, 1, 3, 1, 1, 3, 3, 0, 3, 1, 1, 0, 3, 3, 1, 3, 3, 0, 3, 1, 3, 1, 3, 3, 3, 3, 3, 3, 1, 3, 3, 1, 3, 3, 3, 1, 1, 0, 3, 1, 1, 3, 3, 3, 1, 3, 3, 1, 3, 1, 3, 0, 1, 3, 0, 3, 3, 1, 3, 1, 1, 3, 3, 3, 3, 3, 3, 1, 0, 1, 3, 1, 3, 1, 1, 0, 3, 3], "confidence_scores": [[0.26244963369963387, 0.26055274725274735, 0.15836158841158848, 0.3186360306360307], [0.23365634365634366, 0.3089809246309247, 0.1637531968031968, 0.2936095349095349], [0.20866060965178615, 0.3207125263625264, 0.1819443909032145, 0.2886824730824732], [0.27432538017538033, 0.20933725163725161, 0.1625765012765013, 0.353760866910867], [0.2526790764790765, 0.27315407370407374, 0.18394765871383523, 0.29021919110301464], [0.16610829170829186, 0.28784506049506053, 0.2372086441336441, 0.3088380036630035], [0.2315580863580865, 0.26160473415473423, 0.19932334887334893, 0.30751383061383086], [0.23162513042513058, 0.31496565101565116, 0.15723318903318914, 0.2961760295260297], [0.2342587301587302, 0.2820455044955045, 0.1711845820845821, 0.31251118326118327], [0.24095716505716505, 0.324813936063936, 0.18476250971250976, 0.24946638916638922], [0.21016026196026197, 0.23958407148407154, 0.23109077589077598, 0.3191648906648907], [0.20510130980130992, 0.33315485347985363, 0.1921681901431903, 0.26957564657564664], [0.2922605228105228, 0.2387036741036743, 0.22385355592120304, 0.2451822471646002], [0.21127782772782785, 0.28004900377400377, 0.18518387168387168, 0.3234892968142969], [0.2536945054945055, 0.2220345931845932, 0.20056390831390855, 0.3237069930069931], [0.2179193750693752, 0.26986302031302045, 0.13612383172383177, 0.3760937728937728], [0.230742565037302, 0.23988553113553118, 0.1955430735930737, 0.33382883023409315], [0.26716322566322565, 0.2569490842490844, 0.1603694305694306, 0.31551825951825957], [0.2726171217671219, 0.27572650682650685, 0.17694890109890107, 0.2747074703074704], [0.258218131868132, 0.22697137307137322, 0.2881766122766125, 0.22663388278388288], [0.21139278499278505, 0.34075748140748136, 0.1978227272727273, 0.25002700632700636], [0.31466216561216565, 0.22231087246087242, 0.18014983904983908, 0.28287712287712297], [0.2728773337773339, 0.29021348096348093, 0.15682286047286054, 0.2800863247863248], [0.21235031080031092, 0.246023137973138, 0.19431630591630597, 0.34731024531024507], [0.18955298035298046, 0.3005267121767123, 0.19313331668331674, 0.31678699078699074], [0.3253302530802531, 0.20950036630036634, 0.20923761238761243, 0.25593176823176844], [0.3020291874791874, 0.20624749139749146, 0.21967094572094573, 0.27205237540237553], [0.2809465367965367, 0.26028783667313093, 0.16051242646242653, 0.298253200067906], [0.3088190753690756, 0.23463268398268403, 0.223403046953047, 0.2331451936951938], [0.2566691494779732, 0.2939085803085804, 0.1635427969089735, 0.2858794733044733], [0.2521705794205795, 0.2501884615384617, 0.16422782217782234, 0.33341313686313695], [0.25273695748695757, 0.28234982239982237, 0.15718121323121323, 0.3077320068820068], [0.29552094572094584, 0.3228761988011987, 0.14220400710400716, 0.2393988483738484], [0.264108596958597, 0.26193311688311693, 0.1691338161838163, 0.30482446997447], [0.23717589077589085, 0.21972849927849936, 0.20016199911199925, 0.342933610833611], [0.2994206571206572, 0.2676890775890777, 0.20348197913197924, 0.22940828615828615], [0.2254854760736341, 0.29394628879892054, 0.1428598693703958, 0.3377083657570499], [0.297837503346327, 0.28103787878787895, 0.1626413844325609, 0.25848323343323354], [0.21704898434898448, 0.3040061938061936, 0.15307900432900437, 0.3258658175158175], [0.29283770673770687, 0.22796113331113343, 0.1968002608502609, 0.28240089910089916], [0.24354319569319574, 0.2925262348762349, 0.1656742701742701, 0.2982562992562993], [0.22137588697851865, 0.2980060068586384, 0.19138531716821208, 0.2892327889946311], [0.2171991195079432, 0.21830343773873193, 0.1747275419025419, 0.38976990085078306], [0.24875674603174613, 0.2461740231990232, 0.22083202353202358, 0.2842372072372073], [0.28740615495615496, 0.2129109723609724, 0.15731154401154407, 0.34237132867132863], [0.2164866300366301, 0.25778272005772007, 0.1640664002664003, 0.3616642496392496], [0.24896918081918096, 0.2455107004107004, 0.17939580974580974, 0.32612430902430894], [0.20786418070233859, 0.3072373532899848, 0.15352115530668167, 0.33137731070099496], [0.2718432032020269, 0.21296640026640032, 0.15827258852258863, 0.35691780800898454], [0.21035562215562215, 0.3329314796314798, 0.1629282828282829, 0.29378461538461537], [0.2712696248196249, 0.2570365356865358, 0.24379768287268277, 0.22789615662115661], [0.2549080336330335, 0.22073526196026205, 0.2891970529470529, 0.23515965145965156], [0.24026965256965271, 0.35747580475080476, 0.17738700743700747, 0.22486753524253528], [0.22339259074259085, 0.2839552281052282, 0.1627980297480298, 0.32985415140415136], [0.2688972083472085, 0.30514479964479974, 0.17012830502830512, 0.25582968697968705], [0.3407007864684336, 0.19994844044844048, 0.17401626510744161, 0.28533450797568455], [0.26761390276390284, 0.28162898767898764, 0.18114410034410042, 0.26961300921300924], [0.2343353035853037, 0.27392633477633477, 0.20015799200799214, 0.29158036963036965], [0.23277874543756905, 0.3051192363192362, 0.2319369888281653, 0.2301650294150295], [0.27352074592074604, 0.18421016761016776, 0.17826212676212677, 0.36400695970695984], [0.24087368742368756, 0.30030240315240325, 0.2058165945165946, 0.25300731490731504], [0.2539831390831392, 0.24695072150072148, 0.14912594627594633, 0.34994019314019303], [0.21845868020868034, 0.29590212842712854, 0.14459188311688315, 0.34104730824730833], [0.34118606230370935, 0.21004626647861957, 0.14576187701187707, 0.3030057942057942], [0.2188417027417027, 0.2060216006216008, 0.15059680319680321, 0.4245398934398934], [0.24651797091797092, 0.30154307914307915, 0.15095702075702075, 0.30098192918192923], [0.2521387742975979, 0.2678109668109669, 0.18128820623820627, 0.29876205265322914], [0.27000878010878016, 0.29519645909645903, 0.1554645243645244, 0.2793302364302364], [0.19508822288822295, 0.34439886779886775, 0.20467811077811085, 0.2558347985347986], [0.20557152847152854, 0.2839697940947942, 0.14808522033522042, 0.362373457098457], [0.29254097846597854, 0.23647854090354098, 0.16644448884448887, 0.304535991785992], [0.3039898490398491, 0.242928454878455, 0.2060098623598624, 0.24707183372183383], [0.22574613784907896, 0.24141185056773298, 0.20017464561582216, 0.33266736596736585], [0.2629769730269731, 0.2661788322788323, 0.2455341214341216, 0.22531007326007338], [0.258077857436681, 0.29414574314574315, 0.19669989814107458, 0.25107650127650133], [0.3138875346875347, 0.27041455766455774, 0.16026654456654446, 0.25543136308136327], [0.24806157176157176, 0.23559182484182492, 0.2193103896103896, 0.29703621378621387], [0.2585977133977134, 0.25993025308025325, 0.15214163059163066, 0.32933040293040294], [0.24120038850038852, 0.30359650904650903, 0.15302216672216676, 0.30218093573093574], [0.21108059163059176, 0.27671020091020104, 0.16301459651459654, 0.349194610944611], [0.26865133200133196, 0.21137958152958175, 0.14159042069042072, 0.37837866577866575], [0.3213036075036074, 0.2164476134976136, 0.16292554112554114, 0.2993232378732377], [0.2077175012122381, 0.23534840992341008, 0.20204651737151752, 0.35488757149283445], [0.28210276945276935, 0.28787125652125667, 0.19077097347097355, 0.23925500055500065], [0.289417365967366, 0.24275940170940172, 0.17827229437229442, 0.289550937950938], [0.24306541236541243, 0.3109180708180707, 0.1565742146742148, 0.2894423021423023], [0.2573534687534688, 0.23277072372072377, 0.18616204906204914, 0.3237137584637585], [0.2617320715232481, 0.24525622710622724, 0.1773378141466377, 0.31567388722388723], [0.21027816627816634, 0.32875515873015865, 0.1311158508158508, 0.3298508241758242], [0.20015091575091568, 0.2725881673881674, 0.21306536796536807, 0.31419554889554885], [0.22262779442779443, 0.2829484015984015, 0.18485362970362978, 0.3095701742701744], [0.2518188311688312, 0.2784506604506607, 0.1665415473415474, 0.3031889610389611], [0.23025692640692658, 0.2875573870573872, 0.21855106560106558, 0.263634620934621], [0.25481024531024526, 0.2605820013320014, 0.16778102453102456, 0.3168267288267288], [0.20002556887556905, 0.2561941391941393, 0.17537274947274953, 0.36840754245754237], [0.2146492192018508, 0.2835108020634337, 0.2193777330856279, 0.2824622456490879], [0.21734698079698075, 0.294409607059607, 0.1713393273393273, 0.3169040848040848], [0.24067166722166736, 0.28250315240315227, 0.17527461427461424, 0.3015505661005661], [0.22629224941724957, 0.2383642357642359, 0.18941676101676114, 0.34592675380175364], [0.26720404040404044, 0.2737006493506493, 0.19225472860472873, 0.2668405816405818], [0.23852233877233892, 0.3066974525474523, 0.16389975579975594, 0.2908804528804529], [0.30046432815550456, 0.24920868020868034, 0.1749185167773404, 0.275408474858475], [0.21995706515706528, 0.281335164835165, 0.18426981906981915, 0.31443795093795096], [0.21408470255234968, 0.35879729437229446, 0.21014601672836974, 0.21697198634698642], [0.28392798867798863, 0.2964904151404153, 0.1777710678210679, 0.24181052836052866], [0.25902636807636814, 0.2502266011766012, 0.10189836274836271, 0.3888486679986682], [0.23134305694305698, 0.23840031635031636, 0.15189069819069828, 0.37836592851592865], [0.19022842712842714, 0.3182627539127539, 0.17214396159396164, 0.31936485736485737], [0.21271113135230796, 0.29963947163947163, 0.21525283801166167, 0.272396558996559], [0.24883016749332554, 0.27423309643572813, 0.18893662317214951, 0.28800011289879707], [0.23769193584193593, 0.24656023421023426, 0.2557006216006217, 0.26004720834720835], [0.20020122655122666, 0.3068953102453099, 0.20309273504273517, 0.2898107281607282], [0.22998989343989354, 0.28667712842712834, 0.17824509379509387, 0.3050878843378845], [0.23363672438672445, 0.3202686591186592, 0.19087698412698428, 0.2552176323676324], [0.21628251470751475, 0.30566114718614734, 0.15157552170052166, 0.3264808164058165], [0.2953083916083916, 0.2140055777555778, 0.2194458513708515, 0.27124017926517946], [0.2655971992060227, 0.298403724053724, 0.1501458022369787, 0.28585327450327463], [0.22401870351870362, 0.2885238428238428, 0.1822549062049063, 0.3052025474525473], [0.28773468753468767, 0.2868649406149407, 0.15243505938505938, 0.2729653124653126], [0.2718267343767344, 0.24879184149184155, 0.19529862914862922, 0.284082794982795], [0.2667144522144522, 0.22501428016428018, 0.23552246087246106, 0.27274880674880675], [0.2425766733266734, 0.35184247092776477, 0.16420038295038306, 0.2413804727951787], [0.21692939005439008, 0.2613077533577533, 0.22803438783438792, 0.29372846875346875], [0.26586986901986914, 0.27783626928626937, 0.23208811743811747, 0.22420574425574438], [0.2451703324453325, 0.32654878732378734, 0.17517359307359315, 0.25310728715728725], [0.24330715395715405, 0.2499466894216895, 0.19632330447330457, 0.31042285214785204], [0.1984898545898546, 0.24442433677433675, 0.2318250360750361, 0.32526077256077246], [0.2418227272727273, 0.24844504662004682, 0.1654955044955046, 0.34423672161172164], [0.2309462870462871, 0.28853673548673553, 0.16326239316239327, 0.3172545843045843], [0.2155486957486958, 0.24838345543345558, 0.2274468253968254, 0.3086210234210236], [0.26619206349206354, 0.2769169275169274, 0.1686183982683983, 0.28827261072261084], [0.24490402930402946, 0.29325451215451226, 0.18523186258186264, 0.27660959595959617], [0.30960777000777007, 0.22325533910533915, 0.18535615495615512, 0.28178073593073594], [0.24329880674880688, 0.28838334443334435, 0.20667345432345435, 0.2616443944943946], [0.22812513042513052, 0.28774205794205776, 0.17317634587634578, 0.31095646575646557], [0.20883348318348333, 0.33689971694971677, 0.19536189366189374, 0.2589049062049062], [0.2903898767898768, 0.21956717171717188, 0.18048744588744595, 0.3095555056055057], [0.24502900987900994, 0.3010394272394274, 0.17542500832500846, 0.27850655455655465], [0.2711971944721944, 0.3388117160617159, 0.14654733044733048, 0.24344375901875917], [0.3059090909090909, 0.2628337662337663, 0.15950245310245306, 0.27175468975468986], [0.2472859584859586, 0.22330591075591075, 0.11337986457986465, 0.41602826617826644], [0.1991369852369853, 0.3069479131979132, 0.17837233877233882, 0.315542762792763]]}, "rewritten": {"ids": ["97106970", "97109080", "97116500", "98106560", "98106680", "98108410", "98111670", "98120010", "99105921", "99107300", "99107560", "99107660", "99107950", "99108000", "99108330", "99109840", "99112641", "99117630", "100107920", "100108080", "100108520", "100109890", "100109910", "100110260", "100111080", "100112060", "100115700", "100116500", "100116790", "101108950", "101109120", "101110200", "101110740", "101111620", "101112540", "101114990", "101116130", "101119030", "102110850", "103111620", "103111990", "103113260", "103117200", "103117461", "104111550", "104111711", "104111780", "104112470", "104113550", "104116800", "104119290", "105112130", "105112240", "105113170", "105116650", "105116860", "105117200", "105117351", "106111321", "106113260", "106116820", "106119990", "106120290", "107113840", "107114110", "107114140", "107115140", "107118780", "107120010", "108113620", "108114360", "108115070", "108115570", "108117720", "108118060", "108120260", "108121190", "109113281", "109114030", "109114220", "109115070", "109116040", "109116441", "109116750", "109117080", "109118161", "109119340", "109120150", "109120540", "109120560", "110114920", "110114950", "110115120", "110115250", "110115710", "110116290", "110117080", "110118181", "110118701", "110120531", "110120700", "110121170", "110121500", "111114121", "111114941", "111115620", "111115780", "111116090", "111116530", "111117200", "111119300", "111119610", "111119950", "111120320", "111121220", "111121410", "112116800", "112116880", "112117660", "112118471", "112118530", "112118890", "112119120", "112120290", "112120990", "112121010", "112121030", "113118630", "113118870", "113119120", "113119700", "113119930", "113120830", "113121010", "113121410", "113121680", "113121980", "113122120", "113122180", "113122230", "113122430", "113122510"], "labels": [2, 2, 2, 1, 1, 1, 1, 2, 1, 3, 1, 3, 1, 2, 1, 2, 1, 3, 0, 0, 2, 3, 2, 3, 0, 2, 1, 2, 2, 2, 1, 2, 3, 3, 2, 3, 2, 3, 3, 0, 2, 3, 0, 0, 1, 1, 3, 1, 1, 1, 1, 1, 1, 0, 1, 2, 3, 0, 0, 3, 1, 0, 2, 3, 1, 2, 0, 1, 1, 3, 1, 1, 3, 1, 1, 1, 1, 0, 1, 3, 0, 0, 3, 0, 1, 0, 3, 2, 1, 1, 3, 0, 0, 1, 2, 2, 1, 1, 3, 0, 2, 2, 3, 0, 0, 1, 1, 3, 3, 0, 1, 2, 0, 1, 3, 0, 0, 0, 0, 1, 1, 3, 1, 1, 2, 2, 0, 3, 0, 3, 0, 1, 3, 2, 0, 1, 2, 1, 2, 1, 2, 2], "predicted_labels": [3, 3, 0, 3, 1, 1, 0, 3, 1, 3, 1, 0, 1, 3, 1, 3, 0, 0, 3, 3, 0, 0, 2, 0, 1, 0, 0, 3, 3, 3, 1, 1, 1, 0, 0, 1, 3, 3, 1, 1, 1, 1, 1, 3, 1, 3, 3, 3, 0, 3, 3, 1, 1, 3, 1, 0, 3, 0, 0, 1, 3, 3, 3, 3, 3, 1, 3, 1, 3, 3, 3, 1, 3, 3, 1, 1, 1, 3, 3, 1, 1, 3, 1, 1, 3, 0, 3, 3, 1, 3, 3, 0, 1, 3, 3, 3, 3, 1, 3, 3, 1, 3, 3, 1, 3, 3, 0, 3, 1, 0, 3, 1, 3, 3, 3, 1, 1, 1, 3, 3, 1, 3, 3, 2, 3, 3, 0, 3, 3, 3, 1, 1, 1, 3, 3, 3, 3, 1, 3, 3, 3, 1], "confidence_scores": [[0.2250751137751139, 0.27200088245088244, 0.1980205294705295, 0.3049034743034744], [0.22177053502053518, 0.2779889665889666, 0.21951521811521818, 0.28072528027528026], [0.30299720834720817, 0.2170466255966257, 0.23529248888366547, 0.24466367717250084], [0.27483236959119317, 0.22530350760350784, 0.18706096681096687, 0.31280315599433234], [0.20279645909645921, 0.2804331501831502, 0.26288378843378835, 0.2538866022866023], [0.23535844155844154, 0.2973739538239539, 0.17904314574314578, 0.28822445887445886], [0.2702664446664447, 0.2554761238761239, 0.21559309024309026, 0.25866434121434134], [0.24095491175491177, 0.2463305777555779, 0.24060310245310257, 0.27211140803640815], [0.24911363636363645, 0.30060662948162975, 0.17984427239427242, 0.27043546176046185], [0.2348417082917084, 0.2940446914196915, 0.15199273504273506, 0.31912086524586525], [0.23544516594516596, 0.31365798090798097, 0.18806423576423587, 0.2628326173826174], [0.2875598346098347, 0.2271942945942947, 0.22273983793983781, 0.26250603285603297], [0.19335514485514493, 0.3057360972360975, 0.20761353646353659, 0.2932952214452213], [0.20841163281163289, 0.27473786768786773, 0.20203383838383848, 0.314816661116661], [0.21858313353313366, 0.31102528582528605, 0.2102917526917528, 0.26009982794982817], [0.2287834054834055, 0.24085171772671776, 0.21198437950937962, 0.3183804972804972], [0.33266537906537896, 0.22597402042402046, 0.2046981851481852, 0.23666241536241542], [0.2903428519193225, 0.26380555163790465, 0.18666963951081614, 0.2591819569319571], [0.24513923298923299, 0.24442372349872357, 0.15456040626040637, 0.35587663725163715], [0.2146121878121878, 0.30018509823509815, 0.16624509934509946, 0.3189576146076146], [0.29837370962370957, 0.20187160062160062, 0.209731118881119, 0.29002357087357106], [0.28121728826728837, 0.2218640415140417, 0.23366897546897555, 0.26324969474969473], [0.2761612581862583, 0.19822593795093804, 0.2932774447774447, 0.23233535908535918], [0.3616451421127894, 0.1950113386613388, 0.17773676682794337, 0.26560675239792897], [0.25187018259518273, 0.27654852924852935, 0.21470585525585528, 0.25687543290043285], [0.29645845820845823, 0.23739701409701425, 0.21437723942723955, 0.2517672882672883], [0.2977867390779154, 0.24758550338550342, 0.18888056583938947, 0.2657471916971918], [0.2594207292707294, 0.26492530247530244, 0.1818646464646465, 0.2937893217893219], [0.25236341991341993, 0.27455858030858044, 0.15985791430791435, 0.3132200854700855], [0.2164037240537241, 0.2688242035742036, 0.17573977688977702, 0.33903229548229546], [0.24953235098235096, 0.2954990342990343, 0.19220118215118234, 0.2627674325674326], [0.20669915639915648, 0.325075024975025, 0.18515503940503947, 0.2830707792207793], [0.23805427187191913, 0.2996067765567765, 0.19203867407102712, 0.2703002775002776], [0.31073484848484856, 0.2296301587301588, 0.18751385281385288, 0.2721211399711402], [0.2942635142635144, 0.24994939504939517, 0.17399362304362298, 0.28179346764346763], [0.1827258463758464, 0.3137265456765457, 0.19708621378621385, 0.3064613941613941], [0.25461080586080587, 0.2273179431679433, 0.21618102453102447, 0.3018902264402265], [0.27079112554112567, 0.2650031524031527, 0.1634281385281386, 0.3007775835275836], [0.21309724719724712, 0.3061353424353425, 0.21183719058719058, 0.26893021978021975], [0.25483313908313915, 0.2908189754689755, 0.2202308580308581, 0.23411702741702756], [0.21247098457098462, 0.31115121822621833, 0.16924022089022092, 0.3071375763125764], [0.24332664002664006, 0.323400532800533, 0.17780420135420139, 0.25546862581862595], [0.28014458874458886, 0.2939351537351539, 0.13717579087579093, 0.2887444666444666], [0.26208190698190703, 0.2805250693750694, 0.15969686979686987, 0.2976961538461539], [0.23324728049728066, 0.3086378010878009, 0.20690365745365757, 0.251211260961261], [0.22135827505827518, 0.26066225163725176, 0.23180943500943496, 0.2861700382950384], [0.27117744477744476, 0.24684323454323476, 0.16661842601842616, 0.3153608946608946], [0.23313607503607509, 0.25655729270729294, 0.18192099012099014, 0.32838564213564214], [0.30903344988344983, 0.24272988400488404, 0.155656068931069, 0.2925805971805972], [0.23389682735565104, 0.2426151542901545, 0.16490203130203146, 0.35858598705216344], [0.204346137849079, 0.25110237670825913, 0.19006807995925648, 0.3544834054834054], [0.21879862914862924, 0.3155421411921413, 0.19250995115995126, 0.2731492784992785], [0.2626895366071838, 0.2826191919191919, 0.1969665850489381, 0.25772468642468654], [0.22880304417804434, 0.22586994949494946, 0.15469208569208567, 0.3906349206349206], [0.25602763347763363, 0.27449681984682006, 0.2383059551559551, 0.2311695915195916], [0.2991033910533911, 0.29354069264069266, 0.15550252525252534, 0.2518533910533912], [0.21615074925074923, 0.25422491397491404, 0.20192706182706194, 0.32769727494727485], [0.3086858585858587, 0.24302857142857154, 0.15662619047619064, 0.29165937950937965], [0.3049570707070707, 0.22059456654456666, 0.19719502164502173, 0.2772533411033413], [0.28373691031191023, 0.338031474081474, 0.15999420579420584, 0.21823740981241], [0.2595091278003045, 0.2551008658008659, 0.17122285688168054, 0.31416714951714947], [0.22544191130506921, 0.270846627349259, 0.15985016796069432, 0.3438612933849777], [0.23646195471195475, 0.24808373848373855, 0.25218448218448225, 0.2632698246198246], [0.254016255966256, 0.2828871850371851, 0.17300452880452888, 0.2900920301920303], [0.23471828726828722, 0.17391504606504618, 0.1494708735708736, 0.44189579309579297], [0.22445267510267508, 0.3155406121656122, 0.18005922965922969, 0.2799474830724831], [0.24176889221889244, 0.19438937173937193, 0.16390906315906317, 0.3999326728826728], [0.23830147907647906, 0.3057693861693861, 0.16377056277056284, 0.2921585719835718], [0.1951230325230326, 0.2607504051504052, 0.21367215007215015, 0.3304544122544123], [0.16972689255189255, 0.2889629537129538, 0.19952849927849936, 0.34178165445665437], [0.2570656343656344, 0.2538753801753804, 0.21197791652791656, 0.2770810689310691], [0.21447168387168394, 0.33470982350982337, 0.21305137640137656, 0.23776711621711627], [0.25251516816516834, 0.2533659340659342, 0.16493197913197918, 0.32918691863691874], [0.23306961371961388, 0.26227053502053504, 0.1452120712620714, 0.35944777999778005], [0.26512432567432576, 0.2914570818070819, 0.16405805305805313, 0.27936053946053946], [0.21660684870684882, 0.3099912476412477, 0.1795658230658231, 0.29383608058608063], [0.22318905538905556, 0.3167531524031524, 0.18231830391830406, 0.27773948828948836], [0.252136354495178, 0.2908307803307805, 0.14986260765378417, 0.3071702575202575], [0.23264050949050943, 0.2590536630036631, 0.17737168387168387, 0.33093414363414364], [0.2754488455988455, 0.2857060550560552, 0.1708032467532468, 0.2680418525918526], [0.23350163170163185, 0.3390200077700078, 0.19242130647130654, 0.2350570540570541], [0.2458350926850927, 0.2748076035076035, 0.1920113442113443, 0.2873459595959595], [0.2151095793095794, 0.32721171606171606, 0.16693429348429353, 0.29074441114441113], [0.29477840884605594, 0.30922230710466, 0.15987508047508056, 0.23612420357420366], [0.1997940781440783, 0.24296164946164958, 0.17244201354201358, 0.3848022588522588], [0.30365152070152074, 0.26769654234654244, 0.16140420690420695, 0.26724773004773017], [0.264887495837496, 0.24153651348651342, 0.18185778665778674, 0.3117182040182042], [0.26548494283494295, 0.27141158008658, 0.1687970196470197, 0.29430645743145745], [0.2793313408813411, 0.2935221056721058, 0.16469430014430014, 0.2624522533022533], [0.19968846904729265, 0.30280145965145955, 0.18763792677910335, 0.3098721445221445], [0.21832615440115444, 0.2732043206793207, 0.16034434454434454, 0.34812518037518025], [0.34061305916305923, 0.2195284992784993, 0.14990468975468985, 0.2899537518037517], [0.25479773559773566, 0.31236606726606725, 0.14725074925074932, 0.28558544788544793], [0.23896923076923088, 0.24847266622266628, 0.17818472638472654, 0.3343733766233765], [0.21238754774637136, 0.3010342407592408, 0.167005592446769, 0.319572619047619], [0.24549287379287393, 0.23601775169275163, 0.17272527472527485, 0.3457640997890999], [0.21700692836575206, 0.24090371850371858, 0.18363257853257864, 0.3584567745979509], [0.2351467865467866, 0.32093806193806196, 0.1711777167277168, 0.2727374347874349], [0.2741144466644468, 0.2432099289599291, 0.15291277056277067, 0.32976285381285375], [0.23665788655788664, 0.2527829947829949, 0.16162063492063503, 0.3489384837384837], [0.22629824064824072, 0.3320822621822622, 0.18011131091131102, 0.26150818625818634], [0.22346614496614503, 0.24616806526806548, 0.180750999000999, 0.34961479076479085], [0.25309583031347743, 0.29957522281639926, 0.1474054758966524, 0.299923470973471], [0.21711072261072273, 0.31620623820623817, 0.16233823398823413, 0.3043448051948051], [0.24825237540237546, 0.28026447996448, 0.14361818181818198, 0.32786496281496286], [0.23729099234099227, 0.2690889055389056, 0.16009561549561557, 0.3335244866244865], [0.2808192327280563, 0.2762278499278499, 0.1792379378791144, 0.26371497946497957], [0.2882360417360419, 0.2068717393717393, 0.17416542901542906, 0.3307267898767899], [0.24118915528915552, 0.3188309718059715, 0.1652130175380176, 0.2747668553668555], [0.294862026862027, 0.24131940836940852, 0.1951110472860474, 0.2687075174825176], [0.20669331545647343, 0.2907695027195029, 0.18184977011292805, 0.320687411711096], [0.2344473415473416, 0.2846959262959263, 0.21005506160506168, 0.27080167055167065], [0.22992082917082943, 0.2498620324120325, 0.14599018204018216, 0.37422695637695635], [0.22709126429126436, 0.2668370851370852, 0.1808730436230437, 0.32519860694860686], [0.2236717060717062, 0.2517308191808193, 0.12724371184371194, 0.39735376290376306], [0.23433244533244532, 0.32715670995671, 0.17553413253413253, 0.2629767121767123], [0.24881137751137758, 0.2913640193140194, 0.17922869352869358, 0.2805959096459097], [0.23568727742845402, 0.2780425352425354, 0.22035143941026308, 0.26591874791874803], [0.2502538017538018, 0.24137904872904875, 0.1970712620712622, 0.31129588744588754], [0.22104750804750817, 0.29237705627705635, 0.18820185925185934, 0.2983735764235764], [0.20727692862692862, 0.33728366633366635, 0.2217867354867356, 0.23365266955266967], [0.2117901653901655, 0.32049471084471076, 0.1412168553668554, 0.32649826839826834], [0.23357692030192034, 0.22700466200466202, 0.18465775890775898, 0.35476065878565877], [0.2471476412476413, 0.22888878898878903, 0.31001980241980254, 0.2139437673437674], [0.21951981395797185, 0.3100804157830474, 0.14749742348294986, 0.32290234677603097], [0.26075283605283606, 0.2776199134199135, 0.18290564158064168, 0.27872160894660897], [0.3547570374070375, 0.22372950660450666, 0.14996450216450222, 0.27154895382395383], [0.20546161616161612, 0.2998028860028862, 0.17932535242535247, 0.3154101454101455], [0.27082438672438686, 0.24368119658119672, 0.19408159618159618, 0.2914128205128206], [0.2626271506271506, 0.17829211344211351, 0.16732864357864358, 0.39175209235209246], [0.21121769341769353, 0.2946455405705403, 0.20922553835053861, 0.28491122766122745], [0.24897968697968703, 0.29064740814740814, 0.17903458763458766, 0.28133831723831726], [0.21672123987123992, 0.32615259740259733, 0.16601336441336445, 0.2911127983127983], [0.21779501054501052, 0.31408478743478757, 0.14001897546897552, 0.32810122655122653], [0.2224363802863803, 0.27276874236874243, 0.13146764346764356, 0.37332723387723393], [0.20603246198246214, 0.31515554445554433, 0.16010834720834718, 0.31870364635364656], [0.22838865578865603, 0.2554877733377735, 0.14788497058497066, 0.3682386002886005], [0.25754935064935075, 0.27055065490065505, 0.22057534132534137, 0.25132465312465324], [0.23311810966810984, 0.2253441058941059, 0.19337460872460885, 0.34816317571317573], [0.24271890331890333, 0.29113997113997125, 0.16441959151959154, 0.30172153402153407], [0.19849798534798538, 0.311734718059718, 0.17579570429570432, 0.31397159229659233], [0.2331051420801421, 0.33327600732600715, 0.17282469752469762, 0.26079415306915327]]}}