{"test": {"ids": ["112121351", "113118820", "111120190", "110116441", "104114740", "98108520", "110116170", "111119340", "102113210", "101115190", "108113740", "100108520", "113119480", "101111210", "98119591", "112121410", "99117740", "106118520", "110118161", "107113170", "99111440", "101108290", "112116540", "98106560", "109120560", "110118930", "104113190", "99107300", "111121351", "110120640", "112116451", "100120010", "113120540", "99109840", "103120531", "113119340", "112116800", "111120640", "107120880", "97105580", "113117630", "110120560", "98111670", "99112641", "111117200", "100111380", "97106820", "109117150", "113120601", "109121410", "110115140", "100108990", "106117650", "99107500", "105112100", "98120530", "113119450", "102111990", "98107380", "112116401", "102109910", "112120990", "106118301", "113122230", "99109161", "108118060", "108118291", "113122510", "109114720", "108115500", "110120531", "112118880", "112119980", "111120591", "102110050", "110118701", "99107640", "105116090", "104116441", "101114020", "106121190", "101108370", "103120730", "110120540", "109113931", "107114490", "110119030", "103117200", "113118810", "112116880", "105116441", "100108080", "111114171", "111114941", "112118620", "112119450", "111120540", "107121700", "109114651", "113120260", "102121700", "103111620", "111119300", "108115070", "113120640", "106114011", "113120591", "109116040", "103111110", "98107010", "105119950", "110116501", "99112531", "110118301", "104113550", "112117780", "112121360", "100116790", "108120280", "100108260", "109115220", "110115580", "110118630", "111116100", "106113170", "111118820", "113120070", "99108890", "110117500", "98109570", "97106600", "110121450", "99108460", "97107950", "101109000", "109117730", "110120700", "110117870", "103109641", "111121190", "108119510", "104110960"], "labels": [0, 0, 3, 3, 2, 2, 0, 3, 3, 1, 3, 2, 3, 2, 1, 0, 2, 2, 0, 0, 3, 0, 1, 1, 1, 1, 3, 3, 0, 0, 0, 0, 3, 2, 3, 0, 0, 0, 1, 1, 0, 0, 1, 1, 0, 3, 1, 2, 2, 0, 0, 2, 1, 0, 1, 1, 3, 2, 1, 0, 2, 2, 1, 1, 3, 1, 3, 2, 0, 3, 0, 1, 0, 1, 3, 3, 1, 1, 1, 3, 2, 1, 1, 1, 1, 3, 0, 0, 3, 0, 1, 0, 3, 0, 3, 3, 1, 3, 3, 3, 1, 0, 1, 1, 0, 1, 0, 0, 3, 3, 3, 3, 3, 1, 1, 0, 3, 2, 3, 3, 3, 1, 1, 3, 0, 0, 2, 0, 1, 1, 3, 3, 0, 2, 1, 3, 2, 3, 1, 1, 1, 2], "predicted_labels": [3, 1, 1, 1, 1, 1, 3, 3, 3, 1, 0, 0, 1, 3, 0, 1, 1, 1, 1, 3, 1, 3, 3, 3, 1, 1, 3, 3, 1, 1, 1, 1, 0, 1, 3, 1, 1, 3, 3, 3, 1, 3, 3, 0, 1, 3, 0, 1, 1, 3, 3, 1, 1, 1, 3, 3, 0, 3, 3, 0, 0, 3, 3, 1, 0, 3, 0, 1, 3, 1, 3, 1, 3, 3, 2, 3, 3, 3, 1, 3, 1, 0, 3, 1, 3, 3, 3, 3, 1, 3, 1, 1, 3, 3, 3, 3, 1, 1, 3, 1, 1, 1, 3, 1, 3, 1, 0, 3, 1, 3, 1, 3, 1, 1, 0, 0, 1, 1, 3, 0, 3, 0, 1, 1, 1, 3, 3, 1, 3, 3, 2, 1, 3, 3, 3, 0, 1, 3, 3, 3, 0, 0], "confidence_scores": [[0.26148780663780663, 0.25743644688644707, 0.18564083694083694, 0.2954349095349095], [0.24211739371739377, 0.30922077922077923, 0.15477835497835496, 0.29388347208347215], [0.17054360084360085, 0.3598881118881118, 0.19815036075036088, 0.2714179265179267], [0.2381365412365413, 0.2801536241536242, 0.20183528693528696, 0.2798745476745476], [0.17794370074370075, 0.3080261544011544, 0.22213867243867244, 0.2918914724164725], [0.1986669219669221, 0.32908044178044155, 0.1790840381840383, 0.2931685980685981], [0.20660232267732287, 0.28117478077478086, 0.19542607392607397, 0.3167968226218228], [0.2464874847374848, 0.27279446664446666, 0.181731623931624, 0.2989864246864247], [0.2806526418026418, 0.24030396270396281, 0.17918312798312797, 0.2998602675102676], [0.18601838161838166, 0.32711407939886206, 0.22526663433185187, 0.2616009046509047], [0.3043232323232322, 0.23052683982683997, 0.16308910533910534, 0.3020608225108225], [0.3398762218173982, 0.20785339823575127, 0.17261625629272692, 0.2796541236541236], [0.2352323197270566, 0.3153059052059053, 0.19754643689643697, 0.2519153381706013], [0.27229410034410045, 0.22902130647130658, 0.2044055722055723, 0.29427902097902126], [0.26901459651459647, 0.2625772838272839, 0.24218224553224543, 0.2262258741258742], [0.22822162282162295, 0.29120425130425137, 0.19327711177711182, 0.2872970140970141], [0.25068494283494297, 0.2778929958929959, 0.21760183705183703, 0.25382022422022404], [0.24194274614274625, 0.2997330169830171, 0.1712756410256411, 0.2870485958485958], [0.23870344100344107, 0.30594096459096476, 0.16580644355644364, 0.2895491508491508], [0.2223789432789433, 0.2825670274170275, 0.19324910644910645, 0.301804922854923], [0.2133771950271951, 0.26492140082140103, 0.2646918081918084, 0.2570095959595961], [0.2814183982683983, 0.2179377122877123, 0.15418441558441567, 0.3464594738594739], [0.2364199855699856, 0.2722440947940947, 0.17495838605838612, 0.3163775335775338], [0.23981661671661683, 0.261314085914086, 0.18277595182595188, 0.3160933455433455], [0.17359581529581544, 0.3000589743589743, 0.2645870851370852, 0.26175812520812536], [0.1576611832611833, 0.33709378676878676, 0.1989101370851371, 0.3063348928848928], [0.2371179154179155, 0.23308157398157411, 0.18784468864468876, 0.3419558219558219], [0.23883064713064714, 0.2806033577533581, 0.18816696636696642, 0.2923990287490289], [0.22636893106893122, 0.3071686147186145, 0.18522286602286617, 0.28123958818958833], [0.22496760461760473, 0.30251479076479076, 0.23269633699633702, 0.2398212676212677], [0.25472539682539697, 0.30535675435675436, 0.14915995115995123, 0.2907578976578977], [0.21281322566322564, 0.2974584415584417, 0.21727900432900432, 0.2724493284493285], [0.356398851148851, 0.22146375291375303, 0.15817200577200574, 0.2639653901653901], [0.1778489177489179, 0.28245183150183156, 0.2686409312909315, 0.2710583194583195], [0.2680363358863359, 0.28654213009213014, 0.1441176767676768, 0.30130385725385733], [0.29230610696493053, 0.2949036241536242, 0.15215101565101571, 0.26063925323042986], [0.19665922410922423, 0.2917663891663892, 0.22091081141081148, 0.29066357531357523], [0.23569267399267413, 0.2772311743811743, 0.1954849317349318, 0.2915912198912201], [0.2367003468753469, 0.2486803058053059, 0.21520505605505602, 0.2994142912642912], [0.27460632700632714, 0.25301699411699424, 0.1956397435897436, 0.2767369352869354], [0.1912324841824842, 0.3393702020202021, 0.21108010878010902, 0.2583172050172051], [0.2576157287157288, 0.26976245976245994, 0.1991266955266955, 0.273495115995116], [0.24626111111111126, 0.266590231990232, 0.2191638361638362, 0.26798482073482094], [0.30899644799644804, 0.21611307581307582, 0.21215404040404046, 0.2627364357864359], [0.2164683982683985, 0.30586001188354134, 0.18708896103896103, 0.29058262880909946], [0.2697716172716174, 0.28038154068154075, 0.165647940947941, 0.28419890109890106], [0.2862886724386726, 0.2175096625596627, 0.21676436896436901, 0.2794372960372962], [0.20661409146409163, 0.29677321567321574, 0.22013948828948843, 0.27647320457320473], [0.1961264596514596, 0.2889947996447997, 0.23880095460095466, 0.27607778610278627], [0.23956969696969696, 0.24362334887334908, 0.2337882672882674, 0.28301868686868675], [0.23903121323121324, 0.22723642468642466, 0.2629375957375958, 0.2707947663447664], [0.2173517704517705, 0.2889789765789766, 0.2103618881118881, 0.28330736485736485], [0.24378382728382741, 0.2742014541014541, 0.21049042624042635, 0.27152429237429243], [0.1687310744810746, 0.3034126262626262, 0.2349294011544012, 0.2929268981018983], [0.25131365023865027, 0.26366085858585864, 0.1917428071928072, 0.29328268398268387], [0.25940562770562775, 0.2653722166722169, 0.151963480963481, 0.3232586746586747], [0.30471898101898104, 0.24418675213675223, 0.182788061938062, 0.26830620490620494], [0.22049406149406156, 0.2613415584415585, 0.19340536130536137, 0.3247590187590187], [0.2519404262404263, 0.23019799367299382, 0.21515222555222566, 0.30270935453435455], [0.4206591575091575, 0.1626621600621601, 0.13694484959484965, 0.27973383283383274], [0.29808961038961046, 0.2153782606282607, 0.1940814796314797, 0.29245064935064957], [0.21166702741702742, 0.27875777947542657, 0.18413435616670917, 0.3254408369408371], [0.25853322233322235, 0.2760349150849151, 0.1413017371517372, 0.32413012543012554], [0.21766968937495265, 0.2950361416361416, 0.2000777222777223, 0.28721644671118357], [0.3169600066600068, 0.2617375457875459, 0.18774360084360087, 0.2335588467088468], [0.2638420357420358, 0.23709675324675333, 0.19920932400932417, 0.2998518870018869], [0.309691514041514, 0.2244453990453991, 0.1652494227994229, 0.30061366411366414], [0.1910453823953824, 0.29857193362193357, 0.22439025974025995, 0.28599242424242427], [0.16910743145743157, 0.28563931623931627, 0.23652344877344877, 0.3087298035298035], [0.21634590409590423, 0.3219465478965479, 0.21790785880785896, 0.24379968919968936], [0.2188961038961039, 0.27886946386946404, 0.15414957264957269, 0.3480848595848595], [0.19400367965367976, 0.2839531801531802, 0.25392816905316906, 0.26811497113997124], [0.1943376900876902, 0.26783912753912764, 0.14753879453879454, 0.3902843878343878], [0.23757434436908137, 0.24622561327561346, 0.1872007714507714, 0.32899927090453407], [0.20022823842823861, 0.26717595737595745, 0.2686746364746366, 0.26392116772116775], [0.19150086580086584, 0.28729550449550467, 0.2301947996447997, 0.2910088300588302], [0.1941941613941615, 0.2564617715617716, 0.2681945165945167, 0.28114955044955037], [0.23866031746031766, 0.2654094239094241, 0.21640839715839721, 0.2795218614718615], [0.2582743034743036, 0.2887394882894883, 0.18147876567876572, 0.2715074425574426], [0.24383722943722944, 0.26498802308802316, 0.19880324675324682, 0.2923715007215008], [0.1999174603174604, 0.27688939393939405, 0.26598419913419924, 0.2572089466089466], [0.3640922077922078, 0.22311353646353654, 0.17190267510267518, 0.24089158064158075], [0.22342403152403165, 0.2982411976911979, 0.17930993450993454, 0.29902483627483645], [0.16830198690198694, 0.348586926961927, 0.2287559107559108, 0.25435517538017544], [0.21764595404595405, 0.30440775335775344, 0.17140725940725945, 0.3065390331890331], [0.21691529026529038, 0.29052558552558544, 0.17710140970140975, 0.31545771450771454], [0.23490948495948508, 0.263869736962384, 0.2347846253419784, 0.2664361527361529], [0.26253014763014765, 0.29182269397269406, 0.15125490065490071, 0.29439225774225775], [0.22782178932178948, 0.3127819624819624, 0.15694935064935076, 0.3024468975468975], [0.20539992784992792, 0.2804501443001445, 0.22689592074592083, 0.2872540071040071], [0.20103477633477643, 0.35653559218559217, 0.20370366855366878, 0.23872596292596313], [0.22510730935730944, 0.3224855200355201, 0.18791911976911982, 0.26448805083805094], [0.2457000888000888, 0.2905013542013543, 0.14722919302919302, 0.3165693639693641], [0.25894981684981694, 0.28043739038739046, 0.15975629925629928, 0.30085649350649346], [0.2762853701853703, 0.2578813242313243, 0.15053051393051406, 0.3153027916527917], [0.22010429570429588, 0.2592507381507382, 0.1835352536352536, 0.3371097125097125], [0.19140478410478406, 0.32407611832611816, 0.2415102453102454, 0.24300885225885235], [0.2146336580086582, 0.3083675463425463, 0.2103596681096682, 0.2666391275391277], [0.2655564879564882, 0.21004391164391156, 0.19395786990787006, 0.33044173049173037], [0.22534444444444454, 0.2689366522366523, 0.24594940614940622, 0.25976949716949727], [0.26192819761937414, 0.2781499405822936, 0.21481366999014057, 0.24510819180819185], [0.21403219558219572, 0.2970728771228772, 0.2634909423909425, 0.22540398490398494], [0.23170450937950937, 0.29364764124764126, 0.16707554112554124, 0.30757230824730813], [0.2502061827061828, 0.31299890664890684, 0.20531536241536252, 0.23147954822954825], [0.2603053835053835, 0.27309138084138096, 0.18397932067932066, 0.28262391497391504], [0.23386226551226566, 0.320019264069264, 0.18563554778554786, 0.2604829226329227], [0.2797342521857229, 0.24789487734487736, 0.19487084826937773, 0.27750002220002234], [0.19080293595293601, 0.2715596681096683, 0.21747433677433697, 0.32016305916305904], [0.20765076590076595, 0.29965983460983436, 0.22376650571650586, 0.26892289377289375], [0.23626300921300936, 0.27618682428682434, 0.17702953157953172, 0.31052063492063475], [0.25183517316017323, 0.31232034632034633, 0.1750634421134421, 0.2607810384060383], [0.23584309024309044, 0.30793682983682974, 0.13852455877455877, 0.31769552114552135], [0.2497189310689311, 0.2800543179043182, 0.22033456543456556, 0.2498921855921857], [0.22143431013431022, 0.30117645687645694, 0.2030546564546567, 0.27433457653457655], [0.31753085803085807, 0.22034903429903432, 0.17037417027417023, 0.29174593739593724], [0.2757250138750139, 0.2742166666666668, 0.19331401931401943, 0.2567443001443003], [0.2804072836520206, 0.29904897879897885, 0.1719902819402819, 0.24855345560871894], [0.24366139971139977, 0.31710217005217023, 0.1801947940947941, 0.2590416361416363], [0.28086476856476866, 0.18717238872238876, 0.23489141414141423, 0.2970714285714287], [0.26384412049938377, 0.26123786768786766, 0.22336329226329235, 0.2515547195494565], [0.20556445221445238, 0.22503153513153523, 0.1775501462589698, 0.39185386639504294], [0.2685609279609281, 0.25897479187479194, 0.21029400599400605, 0.2621702741702742], [0.1720902874902875, 0.31335396825396833, 0.22004025974025984, 0.29451548451548454], [0.2665494949494949, 0.3339469138704432, 0.16502979242979246, 0.23447379875026947], [0.23878764013764012, 0.31330346320346325, 0.14191082251082252, 0.3059980741480741], [0.26503642076877376, 0.2644214102890574, 0.13759426129426136, 0.33294790764790766], [0.1667193806193806, 0.2859335886335886, 0.2554046120546121, 0.2919424186924186], [0.22480099345099355, 0.3371990592740592, 0.16726635031635032, 0.27073359695859706], [0.227717698967699, 0.2799940614940615, 0.1954285936285937, 0.2968596459096459], [0.2357621378621379, 0.23681298146298166, 0.16922204462204465, 0.358202836052836], [0.23546640026640023, 0.23342782217782235, 0.2845244699744699, 0.24658130758130772], [0.25201273171273175, 0.29004760239760247, 0.1865299311799311, 0.2714097347097347], [0.24602390109890118, 0.2916789044289045, 0.15712550782550774, 0.3051716866466867], [0.2324406371406372, 0.255954761904762, 0.23053162948162953, 0.28107297147297167], [0.2348282308334941, 0.27945841935841936, 0.2041180597180598, 0.28159529009002693], [0.27784718614718623, 0.2603829725829726, 0.20120300810300829, 0.2605668331668334], [0.19191859806859818, 0.30736236541236545, 0.23459366744366755, 0.2661253690753691], [0.23243983630748344, 0.260194040926394, 0.21812748917748925, 0.2892386335886335], [0.24171765456765468, 0.24342832722832736, 0.2277160228660229, 0.28713799533799533], [0.24083563103563116, 0.24899851259851274, 0.23501408036408042, 0.2751517760017759], [0.29254588744588744, 0.2555644078144079, 0.1904644522144522, 0.26142525252525256], [0.3238956543456545, 0.19388631923631933, 0.23633232878232888, 0.2458856976356977]]}, "rewritten": {"ids": ["97105580", "97106600", "97106820", "97107950", "98106560", "98107010", "98107380", "98108520", "98109570", "98111670", "98119591", "98120530", "99107300", "99107500", "99107640", "99108460", "99108890", "99109161", "99109840", "99111440", "99112531", "99112641", "99117740", "100108080", "100108260", "100108520", "100108990", "100111380", "100116790", "100120010", "101108290", "101108370", "101109000", "101111210", "101114020", "101115190", "102109910", "102110050", "102111990", "102113210", "102121700", "103109641", "103111110", "103111620", "103117200", "103120531", "103120730", "104110960", "104113190", "104113550", "104114740", "104116441", "105112100", "105116090", "105116441", "105119950", "106113170", "106114011", "106117650", "106118301", "106118520", "106121190", "107113170", "107114490", "107120880", "107121700", "108113740", "108115070", "108115500", "108118060", "108118291", "108119510", "108120280", "109113931", "109114651", "109114720", "109115220", "109116040", "109117150", "109117730", "109120560", "109121410", "110115140", "110115580", "110116170", "110116441", "110116501", "110117500", "110117870", "110118161", "110118301", "110118630", "110118701", "110118930", "110119030", "110120531", "110120540", "110120560", "110120640", "110120700", "110121450", "111114171", "111114941", "111116100", "111117200", "111118820", "111119300", "111119340", "111120190", "111120540", "111120591", "111120640", "111121190", "111121351", "112116401", "112116451", "112116540", "112116800", "112116880", "112117780", "112118620", "112118880", "112119450", "112119980", "112120990", "112121351", "112121360", "112121410", "113117630", "113118810", "113118820", "113119340", "113119450", "113119480", "113120070", "113120260", "113120540", "113120591", "113120601", "113120640", "113122230", "113122510"], "labels": [1, 3, 1, 2, 1, 3, 1, 2, 1, 1, 1, 1, 3, 0, 1, 0, 0, 3, 2, 3, 3, 1, 2, 0, 3, 2, 2, 3, 2, 0, 0, 1, 1, 2, 3, 1, 2, 3, 2, 3, 1, 1, 3, 0, 0, 3, 1, 2, 3, 1, 2, 1, 1, 1, 1, 3, 0, 1, 1, 1, 2, 2, 0, 3, 1, 3, 3, 1, 3, 1, 3, 1, 3, 1, 3, 0, 3, 0, 2, 3, 1, 0, 0, 1, 0, 3, 3, 1, 3, 0, 1, 1, 3, 1, 0, 0, 1, 0, 0, 2, 3, 3, 0, 3, 0, 0, 1, 3, 3, 1, 1, 0, 1, 0, 0, 0, 1, 0, 0, 0, 3, 1, 3, 0, 2, 0, 3, 0, 0, 3, 0, 0, 3, 3, 2, 3, 3, 0, 2, 0, 1, 2], "predicted_labels": [3, 3, 3, 1, 3, 3, 3, 3, 3, 3, 0, 3, 3, 1, 3, 3, 1, 0, 2, 3, 1, 0, 3, 1, 0, 3, 1, 3, 1, 1, 3, 0, 3, 0, 3, 1, 3, 1, 3, 0, 1, 3, 1, 2, 3, 0, 1, 0, 1, 3, 1, 1, 0, 1, 1, 1, 1, 1, 1, 3, 3, 2, 3, 3, 3, 1, 0, 1, 3, 3, 0, 0, 3, 1, 3, 1, 3, 3, 1, 0, 3, 3, 3, 0, 3, 3, 3, 1, 3, 3, 1, 1, 1, 1, 3, 3, 1, 1, 1, 1, 1, 3, 3, 1, 3, 3, 3, 3, 3, 1, 3, 3, 3, 1, 0, 0, 3, 1, 1, 1, 3, 3, 3, 3, 3, 3, 0, 0, 1, 1, 3, 3, 3, 1, 1, 1, 0, 0, 3, 1, 3, 1], "confidence_scores": [[0.2134867243867245, 0.2572773393273394, 0.24530382395382394, 0.28393211233211246], [0.23732430902430904, 0.2600634920634921, 0.228964973914974, 0.2736472249972251], [0.2862923520923523, 0.22858239538239544, 0.17149644244644255, 0.3136288100788102], [0.2204733710733712, 0.27920258630258643, 0.24506406926406935, 0.2552599733599735], [0.27758311688311693, 0.20951877011877018, 0.2031259906759908, 0.3097721223221223], [0.2098816960816961, 0.2716688505938506, 0.19070256965256982, 0.32774688367188354], [0.2170279165279166, 0.23317657620157636, 0.23518526473526485, 0.3146102425352426], [0.21416105006105027, 0.2980570929070929, 0.17715680985680993, 0.31062504717504724], [0.2125056998556999, 0.2476866300366302, 0.16153570873570883, 0.3782719613719613], [0.20301397491397488, 0.2629183649683652, 0.25396713286713296, 0.2801005272505272], [0.28605973030237725, 0.26771358804594103, 0.20628990731490748, 0.23993677433677452], [0.2394408036408037, 0.2582077367077368, 0.15105235875235873, 0.3512991008991009], [0.21871203796203803, 0.2607792374292377, 0.23582824397824403, 0.28468048063048085], [0.17016645021645033, 0.3369777639027639, 0.23137779165279185, 0.26147799422799434], [0.23219459821224525, 0.25113515536750836, 0.2263567044067044, 0.2903135420135418], [0.24109875124875138, 0.2746798840048839, 0.10763606116106123, 0.3765853035853033], [0.20492826617826623, 0.3515840298590299, 0.16951635031635026, 0.27397135364635367], [0.3129607614607614, 0.2964871850371852, 0.15514400044400045, 0.23540805305805307], [0.15696282051282065, 0.28713321123321134, 0.3063228715728716, 0.24958109668109676], [0.2514832334332333, 0.24293450438450453, 0.2361829836829837, 0.2693992784992786], [0.2766192474192474, 0.28022846597846607, 0.16642508047508056, 0.27672720612720614], [0.292335631035631, 0.23619215229215235, 0.21642467532467535, 0.2550475413475413], [0.2484144660894662, 0.25999306526806526, 0.21777175324675324, 0.2738207153957154], [0.24714837384837388, 0.3187276612276615, 0.19452576867576882, 0.2395981962481963], [0.28192115107115107, 0.2581861915861916, 0.18744155289155293, 0.2724511044511046], [0.2944707403707402, 0.20591531246531247, 0.17974357309357308, 0.31987037407037416], [0.23082685647685652, 0.3065079698079698, 0.2065068709068711, 0.2561583028083029], [0.2589022422022423, 0.2737241092241091, 0.17078093018093027, 0.29659271839271845], [0.2391858863358864, 0.3085764513264513, 0.1970787101787103, 0.2551589521589523], [0.2050768786768787, 0.3461567821067822, 0.22350635475635489, 0.22525998445998452], [0.26957808857808857, 0.233173470973471, 0.14669588744588752, 0.35055255300255284], [0.3659711899211898, 0.2169773670773673, 0.1478368686868687, 0.2692145743145743], [0.23496174381174384, 0.2552330946830949, 0.19615754800754803, 0.3136476134976136], [0.27794911199911204, 0.27528606948606943, 0.17784934509934522, 0.2689154734154735], [0.26302763347763336, 0.2510382783882785, 0.2152723665223666, 0.2706617216117218], [0.15635491730491732, 0.364771361971362, 0.22944684204684213, 0.2494268786768788], [0.2896876345876346, 0.18660760905760912, 0.22646012876012891, 0.29724462759462766], [0.21645204240204244, 0.277361421911422, 0.2756351703851704, 0.2305513653013654], [0.21133246753246768, 0.2632292651792652, 0.20963819513819518, 0.31580007215007233], [0.2848583416583417, 0.2567665001665002, 0.18248012543012548, 0.2758950327450328], [0.2737724922136687, 0.29429448770184075, 0.19645948528595583, 0.23547353479853475], [0.22864644244644247, 0.24733387168387183, 0.20423080808080812, 0.31978887778887766], [0.19179433621933623, 0.3116467254967255, 0.22354092296592315, 0.2730180153180154], [0.24699737484737494, 0.2565585470085472, 0.26100631590631596, 0.23543776223776228], [0.21783729603729612, 0.28880967920967926, 0.20434588189588201, 0.28900714285714296], [0.2737342379842379, 0.26631424686424704, 0.19097649017649032, 0.2689750249750251], [0.23169711954711952, 0.30579655344655354, 0.1583639971139972, 0.3041423298923299], [0.2960515512265512, 0.23545851370851376, 0.2335984293484294, 0.23489150571650588], [0.24009962814962824, 0.29678826173826184, 0.19026374736374738, 0.27284836274836266], [0.2628126314861611, 0.22345429292929292, 0.19443558696205762, 0.31929748862248847], [0.2054823620823621, 0.2744160700410701, 0.2458231823731825, 0.2742783855033855], [0.273510556110556, 0.28598477633477637, 0.15913025863025862, 0.2813744089244089], [0.30622404817404825, 0.21551450493950508, 0.1729606116106116, 0.3053008352758354], [0.2651439060939063, 0.26653838383838385, 0.20363768453768466, 0.2646800255300255], [0.24834746919746925, 0.3094040293040294, 0.19848558108558123, 0.24376292041292053], [0.2562956543456545, 0.33079590964590966, 0.16580749805749811, 0.24710093795093804], [0.223359978909979, 0.318304884004884, 0.17260086580086584, 0.2857342712842712], [0.2655394161394162, 0.2963776945276946, 0.17224664224664235, 0.2658362470862472], [0.25525959595959585, 0.30473344988345, 0.18085209235209254, 0.25915486180486175], [0.2557025419025419, 0.2654848595848596, 0.14029913419913428, 0.33851346431346435], [0.261140342990343, 0.2625081291257763, 0.17822150072150078, 0.29813002716238013], [0.16558914418914428, 0.2680511655011654, 0.2952262293262294, 0.2711334609834611], [0.25351198801198804, 0.2683348928848929, 0.20311861471861478, 0.27503450438450444], [0.1976458596958599, 0.27757198912198916, 0.19018470418470418, 0.334597446997447], [0.24355577200577191, 0.22258762903762933, 0.20663150183150175, 0.32722509712509706], [0.2145361075199313, 0.3099825702075702, 0.23063592518592535, 0.24484539708657374], [0.357958225108225, 0.19048111888111896, 0.164543722943723, 0.2870169330669328], [0.22886752691752693, 0.3390250301985598, 0.21791952491952496, 0.21418791796438866], [0.2386917360417361, 0.2674611277611278, 0.20150795870795887, 0.2923391774891776], [0.26569188589188597, 0.26138640248640244, 0.18821859251859258, 0.2847031191031193], [0.30622640692640696, 0.22449421689421695, 0.17781343101343106, 0.291465945165945], [0.289637123987124, 0.2518964091464093, 0.17873212898212903, 0.27973433788433805], [0.24859610944610955, 0.22746418581418584, 0.2072548368298369, 0.31668486790986794], [0.2348777056277057, 0.3150676767676768, 0.17569155844155845, 0.2743630591630592], [0.2990283993783994, 0.20744229381729384, 0.1742857503607504, 0.31924355644355623], [0.17034543201896152, 0.2980324952824955, 0.24146914784561851, 0.2901529248529248], [0.19779761904761914, 0.2724099567099568, 0.16071854256854262, 0.3690738816738818], [0.21992125652125655, 0.23787906537906547, 0.23084658119658136, 0.31135309690309704], [0.23614141414141415, 0.29564749139749136, 0.2069303585303587, 0.261280735930736], [0.2919580863580863, 0.23468419913419922, 0.19450032467532472, 0.2788573898323899], [0.15891637806637815, 0.2768960594960595, 0.2552106782106782, 0.3089768842268842], [0.24095750360750365, 0.2599408091908092, 0.22706133311133325, 0.2720403540903541], [0.24583223998224005, 0.2505462121212121, 0.23691570929070935, 0.2667058386058388], [0.2809725607725609, 0.22820209235209243, 0.23073429348429342, 0.26009105339105343], [0.22263860779743136, 0.2944536546786546, 0.17787108169608168, 0.3050366558278324], [0.23453109668109676, 0.2776733211233211, 0.20800530025530028, 0.27979028194028205], [0.24746655011655017, 0.29967712842712857, 0.13703169608169605, 0.3158246253746254], [0.23225740925740926, 0.304011926961927, 0.20003811743811745, 0.2636925463425463], [0.19595936285936294, 0.27622572427572434, 0.2259374514374515, 0.3018774614274615], [0.25280194805194806, 0.28905129870129864, 0.1634522588522589, 0.29469449439449447], [0.24824939504939508, 0.2968750860250862, 0.16862217782217792, 0.28625334110334116], [0.17511682174035115, 0.3255373376623378, 0.21388832866479934, 0.285457511932512], [0.22688044733044735, 0.2920050283050284, 0.21976577311577325, 0.26134875124875123], [0.18425250305250312, 0.33300941280941276, 0.18269653679653688, 0.30004154734154737], [0.2273370573870575, 0.262564035964036, 0.2350601731601732, 0.27503873348873337], [0.2509439005439007, 0.23685909090909096, 0.13680552225552234, 0.3753914862914864], [0.18669315325197683, 0.3280267177267175, 0.24045387945387947, 0.2448262495674261], [0.2270237373737374, 0.2835529803529804, 0.2369624375624375, 0.2524608447108446], [0.18750324675324692, 0.28668278388278395, 0.25569803170685534, 0.27011593765711434], [0.1738629204129205, 0.3255141136641136, 0.2578342268842268, 0.24278873903873918], [0.23055278055278064, 0.2958380230880231, 0.18747664002664005, 0.2861325563325562], [0.23512635142635144, 0.2424229104229105, 0.18896315351315363, 0.33348758463758466], [0.2631044622044622, 0.23113193473193486, 0.1837336940836941, 0.3220299089799089], [0.2699818903318904, 0.32030086580086564, 0.17493766233766256, 0.23477958152958167], [0.2168163059163062, 0.2996491893727187, 0.17553831168831177, 0.30799619302266357], [0.27128858527093835, 0.25597151018915726, 0.1766317793317795, 0.29610812520812524], [0.23643477910977906, 0.2692852813852815, 0.18770126540126553, 0.30657867410367406], [0.2645547119547119, 0.25919533799533806, 0.18518337773337767, 0.2910665723165723], [0.18892288267288274, 0.276283832833833, 0.19641224331224336, 0.3383810411810412], [0.1983118992118993, 0.31795719835719816, 0.2450408313908314, 0.23869007104007112], [0.25643095997569687, 0.25139148629148633, 0.19142977577977585, 0.3007477779530412], [0.24847889610389612, 0.24574931457431456, 0.20239862914862924, 0.3033731601731604], [0.24529184704184712, 0.26735855810855813, 0.18289373959373964, 0.3044558552558553], [0.2167018037518038, 0.3103252136752135, 0.1971344655344656, 0.27583851703851714], [0.39506792651792627, 0.18478664668664677, 0.15820752025752027, 0.26193790653790655], [0.2875552023999391, 0.2787507492507492, 0.15429232434232434, 0.2794017240069874], [0.2080149350649351, 0.2580900543900544, 0.17688255078255075, 0.3570124597624599], [0.1907454767454769, 0.29390478410478427, 0.23741879231879223, 0.2779309468309469], [0.21830371572871585, 0.3127970418470417, 0.20228629148629146, 0.2666129509379511], [0.2740596625596626, 0.2765456432456434, 0.17470547230547245, 0.27468922188922196], [0.2573795593295595, 0.2656771156947627, 0.18592327672327683, 0.2910200482524012], [0.20221775651249338, 0.25592635697635724, 0.2513543928293929, 0.2905014936817569], [0.2775820124320126, 0.23812239427239434, 0.17302337107337099, 0.3112722222222223], [0.23631057831057847, 0.258523520923521, 0.1343846542346543, 0.3707812465312464], [0.22595084360084366, 0.29509274891774895, 0.1725910173160173, 0.3063653901653901], [0.2527411921411922, 0.2756581970317266, 0.16564043179043172, 0.30596017903664974], [0.29915271599745286, 0.2719376234876236, 0.16963766233766234, 0.2592719981772616], [0.286365318015318, 0.2716235431235432, 0.20021546786546787, 0.24179567099567115], [0.18636805416805427, 0.3064313797313798, 0.21467104562104583, 0.2925295204795207], [0.19016286491286505, 0.32621228771228794, 0.19773973248973256, 0.28588511488511503], [0.24091603951603952, 0.30959360639360617, 0.13373189033189037, 0.31575846375846384], [0.2870942577030812, 0.2608516539016539, 0.15875642135642143, 0.2932976670388435], [0.2746953934953935, 0.24176222111222118, 0.19690090465090468, 0.2866414807414809], [0.2546760704208073, 0.2938113525363526, 0.18504415029415042, 0.26646842674869], [0.17649150849150858, 0.3185827783327782, 0.23911943611943612, 0.26580627705627713], [0.2319051115551117, 0.3163105339105337, 0.2262720612720613, 0.22551229326229327], [0.3427611385346677, 0.2364382395382397, 0.16489700887347955, 0.25590361305361314], [0.2945688509203216, 0.2673729215229215, 0.17016797891650834, 0.2678902486402488], [0.22439581529581537, 0.2851231601731602, 0.2029962481962482, 0.2874847763347764], [0.23668001998002006, 0.29305903263403277, 0.18376746864246876, 0.28649347874347897], [0.21720790875790885, 0.28271129981129983, 0.18080649350649355, 0.31927429792429785], [0.19296151071151071, 0.29298810633810635, 0.2538373015873018, 0.2602130813630814]]}}