{"test": {"ids": ["102109010", "103113260", "107114280", "110116170", "111119340", "108116481", "101109000", "102110750", "112120670", "99119830", "107120010", "104113550", "105113170", "101112160", "102112030", "111119580", "113120601", "113122320", "99107300", "113118810", "106116120", "104116980", "109117600", "104114230", "99109370", "101113210", "108120260", "113121190", "107114780", "101112201", "103111620", "106121220", "103111930", "100108520", "107120880", "107115140", "110117140", "101116130", "107118120", "112120540", "107116980", "109115380", "109120621", "98112580", "109117150", "99121440", "105115250", "110116290", "97110950", "107121230", "113119340", "113119360", "104112201", "111119950", "103117461", "97116401", "109119340", "109118161", "108113760", "108115570", "99113260", "105116090", "109114220", "98109570", "112118701", "108114360", "107113130", "97111790", "104116441", "103120531", "112120990", "100117420", "101108460", "105117351", "110117870", "106120640", "101108950", "105115570", "113119120", "99109840", "103111540", "106119260", "109120150", "98108520", "112118930", "113121950", "111120531", "100109330", "107114140", "109118701", "104113380", "112116401", "100109000", "104111380", "108114180", "101121640", "111117120", "108113480", "111119250", "113118690", "110118111", "106117770", "113120260", "107119390", "103111480", "105110251", "108115870", "112118530", "105117431", "105113260", "113122230", "103111110", "112120630", "99112531", "112118421", "109119450", "99107500", "110116300", "113120531", "108117360", "105113440", "102110690", "110117110", "99108330", "99117740", "110120700", "107112850", "112116540", "111115780", "105118740", "99108000", "103120730", "109121410", "99112840", "109115211", "97114170", "111119930", "104111880", "97106820", "113122190", "98116940", "102121700"], "labels": [1, 3, 3, 0, 3, 0, 1, 1, 2, 1, 1, 1, 0, 3, 2, 3, 2, 1, 3, 3, 1, 1, 1, 2, 1, 3, 1, 1, 2, 0, 0, 1, 3, 2, 1, 0, 3, 2, 3, 3, 3, 3, 1, 2, 2, 2, 2, 2, 3, 0, 0, 0, 0, 0, 0, 3, 3, 0, 1, 3, 0, 1, 3, 1, 0, 1, 1, 2, 1, 3, 2, 2, 0, 0, 3, 3, 2, 0, 3, 2, 1, 1, 2, 2, 1, 3, 0, 0, 2, 3, 1, 0, 1, 3, 1, 2, 2, 0, 1, 3, 1, 0, 3, 2, 0, 0, 3, 1, 1, 3, 1, 3, 3, 3, 3, 3, 0, 3, 0, 1, 0, 0, 0, 1, 2, 2, 1, 1, 1, 1, 2, 1, 0, 2, 0, 2, 1, 3, 1, 1, 2, 1], "predicted_labels": [3, 2, 1, 1, 3, 3, 0, 1, 3, 3, 3, 0, 1, 1, 1, 0, 0, 1, 3, 1, 1, 1, 3, 3, 3, 3, 1, 1, 2, 1, 0, 2, 1, 0, 1, 3, 1, 1, 1, 3, 0, 3, 1, 1, 1, 3, 3, 2, 0, 0, 3, 3, 0, 3, 3, 3, 3, 3, 3, 2, 3, 1, 1, 0, 3, 2, 3, 0, 1, 3, 2, 3, 3, 3, 3, 3, 3, 1, 3, 0, 3, 3, 3, 2, 2, 2, 1, 0, 3, 3, 3, 3, 3, 0, 3, 1, 2, 2, 3, 1, 1, 3, 3, 3, 1, 1, 3, 0, 1, 1, 0, 3, 0, 1, 3, 0, 1, 1, 0, 1, 0, 0, 1, 1, 0, 3, 1, 3, 1, 3, 1, 1, 1, 2, 3, 1, 1, 1, 1, 3, 3, 3], "confidence_scores": [[0.21564659347829437, 0.22693685068965727, 0.23172727337391177, 0.3256892824581365], [0.1580374045733945, 0.27452330082417414, 0.37692633199629405, 0.19051296260613743], [0.2027522112291882, 0.36722089903613536, 0.2421212633196132, 0.18790562641506334], [0.22004670955075445, 0.470956548145256, 0.06894065050358111, 0.24005609180040843], [0.3181784918050331, 0.1726336113212424, 0.15929371871497527, 0.3498941781587492], [0.24014940133005602, 0.28744146051410935, 0.17563341309376526, 0.2967757250620693], [0.3936611916073231, 0.1900296541560625, 0.1560833632747739, 0.26022579096184045], [0.13059825059572144, 0.42050712387306693, 0.17055494434069804, 0.2783396811905134], [0.2844095384572696, 0.21902035421470142, 0.15111076158979217, 0.345459345738237], [0.20368464276645848, 0.21913466335544302, 0.10923125833594376, 0.4679494355421546], [0.13698686703471777, 0.20848225647563923, 0.12326043905811979, 0.5312704374315232], [0.31269523056115406, 0.29589064473489146, 0.15220984361563744, 0.2392042810883172], [0.14965242996545608, 0.3549423022982036, 0.16662545379847118, 0.32877981393786926], [0.2210025253258407, 0.43132330202273017, 0.11648880068603297, 0.23118537196539624], [0.244824548149944, 0.3097906571442114, 0.19165837564307092, 0.2537264190627737], [0.35949520329419493, 0.19263334779351637, 0.15952374080717732, 0.28834770810511157], [0.32865058176463546, 0.292291640952185, 0.17212871226049836, 0.20692906502268135], [0.1923401424308735, 0.30048380224744137, 0.27785763044856693, 0.22931842487311835], [0.2308832467079772, 0.21388717437929977, 0.21458909077036362, 0.34064048814235953], [0.24092578651945998, 0.3281403353275581, 0.15275971712029568, 0.27817416103268633], [0.19989012257763691, 0.3715486939881791, 0.12788214134035236, 0.30067904209383167], [0.14950787234931304, 0.4344595695997637, 0.147446836628356, 0.2685857214225673], [0.22201323224146163, 0.22223407129476233, 0.22056682004228173, 0.3351858764214942], [0.17572945629095174, 0.23292740978887996, 0.23502231113285202, 0.35632082278731636], [0.1601925162130863, 0.37586310552908375, 0.08492861681458026, 0.3790157614432497], [0.29269628712636264, 0.16934109697210903, 0.22490608981959478, 0.3130565260819336], [0.26235520035917337, 0.3789332329809671, 0.13936094749698125, 0.2193506191628783], [0.25233427447309825, 0.3830467658595861, 0.14194022068621015, 0.22267873898110566], [0.1703715644231613, 0.2864313081426943, 0.37870474705091445, 0.16449238038323002], [0.27468504874862315, 0.3667935460088964, 0.10954747204605424, 0.24897393319642616], [0.3527787638981316, 0.2968377272067301, 0.111293096150664, 0.2390904127444744], [0.2453013300397311, 0.22474732796482294, 0.2869407063948921, 0.24301063560055394], [0.13470056069116607, 0.3842827184004547, 0.21255454728170206, 0.2684621736266773], [0.31428521718901603, 0.21216529450430507, 0.2037780398776179, 0.26977144842906114], [0.08646767206152667, 0.5573829707012182, 0.12718635732512562, 0.22896299991212954], [0.2837152704330819, 0.16520241884760603, 0.23996981375253873, 0.31111249696677334], [0.2463292420675717, 0.38198827775994254, 0.11032553652888402, 0.26135694364360185], [0.21394237365945776, 0.28201850553609764, 0.24152807231475648, 0.2625110484896882], [0.1544289407180825, 0.3185440822421625, 0.2814387304928258, 0.24558824654692912], [0.33521840890292576, 0.19413576640218005, 0.11776135744483959, 0.35288446725005457], [0.4084796148716221, 0.23012827280589296, 0.12279837436681447, 0.23859373795567068], [0.21062608205699965, 0.24037149373521463, 0.16957923367175887, 0.379423190536027], [0.27605901044159126, 0.35210654439990957, 0.11754150846193895, 0.25429293669656045], [0.10975582553713005, 0.4116846148219569, 0.08127003294397084, 0.39728952669694223], [0.2675016834863554, 0.35531785756612005, 0.10638880450446983, 0.2707916544430549], [0.19637618840855772, 0.3060031996910461, 0.13495107831459835, 0.36266953358579807], [0.16347122467790245, 0.2865486380656791, 0.21025573950502555, 0.33972439775139285], [0.29723924481883346, 0.1839212889454977, 0.31932362601162495, 0.19951584022404384], [0.37341807999567744, 0.1974394979832257, 0.24731223104040392, 0.18183019098069308], [0.32629971860048324, 0.19677843706030787, 0.17777728483984243, 0.29914455949936647], [0.266557975748962, 0.3014231410464213, 0.07466225785761428, 0.3573566253470025], [0.23929174446722168, 0.2938778303820197, 0.16952957557094087, 0.2973008495798177], [0.44287113353536056, 0.17176579689992189, 0.08494612425310125, 0.3004169453116164], [0.26546060545806327, 0.15361418752919112, 0.10956000854765197, 0.47136519846509367], [0.2882824840555593, 0.25989168981763666, 0.12150168545370613, 0.33032414067309807], [0.2009365947866215, 0.26619373244341127, 0.09153604652806065, 0.44133362624190653], [0.2317937380843963, 0.19286857145521338, 0.17541927864726817, 0.3999184118131224], [0.21602586706444904, 0.16119293627289857, 0.10939480185731128, 0.5133863948053411], [0.11176597540007543, 0.35562463184881454, 0.11201303767790102, 0.42059635507320886], [0.1294088517589465, 0.23960785110974972, 0.43727452213573886, 0.19370877499556485], [0.2019109440865248, 0.20806561988505576, 0.14684172768029885, 0.44318170834812065], [0.18304791272299323, 0.42522079863776835, 0.11568976659659548, 0.2760415220426431], [0.241799958130482, 0.3118866820419442, 0.2198835393607677, 0.226429820466806], [0.4006816698174933, 0.2304097730497734, 0.1385077825785162, 0.23040077455421715], [0.3108602634559158, 0.22364703297637387, 0.061455859564025835, 0.4040368440036846], [0.2899227818509676, 0.16111995549171892, 0.2920110047416972, 0.2569462579156161], [0.21172352258641555, 0.26216565733274727, 0.11349045751154291, 0.4126203625692942], [0.30635179527316975, 0.24195564445845308, 0.17817302935584278, 0.2735195309125346], [0.3032209552310062, 0.4164216035452026, 0.10290266001926147, 0.17745478120452995], [0.2665566688083938, 0.2907869643210927, 0.10443727647366807, 0.3382190903968452], [0.18631210064493675, 0.21412314864344154, 0.3306276702972201, 0.2689370804144018], [0.15625499466346732, 0.24105779956493778, 0.18221472307888456, 0.42047248269271037], [0.2094688429116012, 0.20152671040767542, 0.09963064614405119, 0.4893738005366723], [0.10995064490321167, 0.3395029555418067, 0.056603245764394836, 0.49394315379058684], [0.33330915501676983, 0.1475345132062872, 0.1393029754803758, 0.3798533562965671], [0.21850294299441275, 0.19231557571300073, 0.23459376895119438, 0.35458771234139225], [0.1571390712602709, 0.20214554165571805, 0.16897949243558866, 0.47173589464842236], [0.13541198037394142, 0.42544057821387277, 0.27622599525587416, 0.1629214461563117], [0.30078180864235077, 0.26454157539496403, 0.11111047803296296, 0.32356613792972244], [0.2825169111608005, 0.24523913477853204, 0.2695582053731314, 0.20268574868753605], [0.2973527333339847, 0.11742845841246691, 0.18220024758937592, 0.4030185606641724], [0.20103605751687345, 0.1504313770303641, 0.27552740586824925, 0.37300515958451325], [0.22117750711726947, 0.2524482790239214, 0.20657222289759067, 0.3198019909612184], [0.2293032551108936, 0.23168055865965967, 0.28050435286650377, 0.258511833362943], [0.23190913021788395, 0.16463973381799582, 0.3813642929890377, 0.22208684297508252], [0.23025290309103427, 0.19356142847793073, 0.34416266557087893, 0.2320230028601558], [0.2427883140121444, 0.3677777113547773, 0.11248957090294348, 0.2769444037301349], [0.34077467499846914, 0.2678987321658736, 0.13358687334665276, 0.2577397194890044], [0.10651607525780935, 0.20062579269067182, 0.27559552187460634, 0.41726261017691246], [0.29449747433333046, 0.18805583591427555, 0.12064355987503542, 0.3968031298773586], [0.23474688937687874, 0.297521723172785, 0.13511014395579038, 0.3326212434945459], [0.26821213991795334, 0.2411772601690541, 0.11462712755725318, 0.37598347235573937], [0.12494644472559066, 0.28786059167907435, 0.08261953482489878, 0.5045734287704362], [0.3287688458943516, 0.21419729552687355, 0.13024203722976918, 0.3267918213490056], [0.1252285755522947, 0.3071918589730434, 0.08882579696092399, 0.478753768513738], [0.13593188325038383, 0.5669955584065541, 0.13478045083518073, 0.1622921075078813], [0.1594960087452204, 0.2557692984760172, 0.38663673424414663, 0.1980979585346157], [0.20806019227454742, 0.25573856066492745, 0.3577162598864853, 0.17848498717403993], [0.26884571684728675, 0.18103006123580398, 0.2635383842280341, 0.28658583768887513], [0.3057318275123298, 0.306817967009067, 0.14706044603177873, 0.24038975944682434], [0.2553597815782278, 0.3690301269161421, 0.12119404041556675, 0.2544160510900634], [0.14715678496826212, 0.15021098229796162, 0.3371631873387982, 0.3654690453949782], [0.2213182765187327, 0.2559289466370809, 0.21572424135580276, 0.30702853548838355], [0.15630948520300156, 0.28604827589005516, 0.21411418823192785, 0.34352805067501546], [0.22025030567058218, 0.3960093938703261, 0.15152995285577636, 0.2322103476033154], [0.28095525860691123, 0.4128140114732072, 0.08260738822509316, 0.2236233416947884], [0.19804442728670818, 0.23946864838805762, 0.162375684848227, 0.4001112394770072], [0.29702728878233153, 0.2623284622881705, 0.18021609537851466, 0.2604281535509834], [0.3110555740690128, 0.33480806567805543, 0.11852359998273383, 0.23561276027019804], [0.1779268811616718, 0.31973795270071836, 0.2762411882937842, 0.22609397784382568], [0.35483392860559665, 0.23539981478748512, 0.15498495241959498, 0.25478130418732337], [0.119869924281245, 0.1437782426699795, 0.10586039791259504, 0.6304914351361806], [0.3853742607330294, 0.2857132795819481, 0.08877394288842495, 0.24013851679659767], [0.22332205752264464, 0.2887750102417721, 0.23127913250424628, 0.2566237997313371], [0.20792618441092728, 0.24486614766889894, 0.16641501403651301, 0.3807926538836609], [0.30779035133562566, 0.2565438095914078, 0.14672933240149583, 0.28893650667147064], [0.1585375728645924, 0.4821483679914831, 0.22875347082942957, 0.13056058831449502], [0.22437814238245155, 0.3217201899459676, 0.2193620767703846, 0.23453959090119605], [0.3582403430780886, 0.3282651143610507, 0.10760244830290476, 0.2058920942579559], [0.2201721934573015, 0.3668961230895391, 0.15401911513116467, 0.25891256832199494], [0.30552405452020903, 0.2713063843281754, 0.1589967068927476, 0.2641728542588679], [0.39490398553695016, 0.1633605502308328, 0.2183533392253966, 0.22338212500682056], [0.27831909993488374, 0.3515180142573453, 0.12273663017917438, 0.24742625562859652], [0.2583133792666599, 0.40170383369020873, 0.13043194945087358, 0.20955083759225787], [0.36869564925766657, 0.2646108691902785, 0.10483983857582768, 0.2618536429762273], [0.2055706589169031, 0.29038400250338803, 0.09710360763813608, 0.40694173094157293], [0.13932129973593654, 0.39547990721632864, 0.1603853137441742, 0.30481347930356056], [0.32923474726904634, 0.12506448652984148, 0.1767684305213713, 0.36893233567974093], [0.2445748467441094, 0.37999471444950694, 0.13573690202900418, 0.2396935367773796], [0.1621364973668912, 0.32803988780205534, 0.15853412354271004, 0.3512894912883434], [0.06067278746757205, 0.6086674977375907, 0.08974974163993368, 0.24090997315490367], [0.20899618572556586, 0.48895865403755173, 0.10180163235667575, 0.20024352788020686], [0.1744185355054888, 0.47648262150384696, 0.06882619795896412, 0.2802726450317001], [0.10731240745431449, 0.13692466896835764, 0.5579857983891389, 0.19777712518818907], [0.19774404984173224, 0.20504914220343456, 0.09759262668932853, 0.4996141812655049], [0.19362438389531894, 0.30613922998210125, 0.26348194561316074, 0.236754440509419], [0.20037123607577992, 0.35601565553954956, 0.16374533911263695, 0.27986776927203366], [0.17139422543282065, 0.41158330843454183, 0.09796274572498458, 0.31905972040765296], [0.2951882039080116, 0.3152467839182417, 0.15976097522082205, 0.22980403695292462], [0.18594347228353475, 0.19857791345856074, 0.08323639426836181, 0.5322422199895429], [0.2698468434661969, 0.2890020183715284, 0.13351238027426174, 0.3076387578880129], [0.30951679405920035, 0.14330282577799353, 0.1493466552563788, 0.3978337249064272]]}, "rewritten": {"ids": ["97106820", "97110950", "97111790", "97114170", "97116401", "98108520", "98109570", "98112580", "98116940", "99107300", "99107500", "99108000", "99108330", "99109370", "99109840", "99112531", "99112840", "99113260", "99117740", "99119830", "99121440", "100108520", "100109000", "100109330", "100117420", "101108460", "101108950", "101109000", "101112160", "101112201", "101113210", "101116130", "101121640", "102109010", "102110690", "102110750", "102112030", "102121700", "103111110", "103111480", "103111540", "103111620", "103111930", "103113260", "103117461", "103120531", "103120730", "104111380", "104111880", "104112201", "104113380", "104113550", "104114230", "104116441", "104116980", "105110251", "105113170", "105113260", "105113440", "105115250", "105115570", "105116090", "105117351", "105117431", "105118740", "106116120", "106117770", "106119260", "106120640", "106121220", "107112850", "107113130", "107114140", "107114280", "107114780", "107115140", "107116980", "107118120", "107119390", "107120010", "107120880", "107121230", "108113480", "108113760", "108114180", "108114360", "108115570", "108115870", "108116481", "108117360", "108120260", "109114220", "109115211", "109115380", "109117150", "109117600", "109118161", "109118701", "109119340", "109119450", "109120150", "109120621", "109121410", "110116170", "110116290", "110116300", "110117110", "110117140", "110117870", "110118111", "110120700", "111115780", "111117120", "111119250", "111119340", "111119580", "111119930", "111119950", "111120531", "112116401", "112116540", "112118421", "112118530", "112118701", "112118930", "112120540", "112120630", "112120670", "112120990", "113118690", "113118810", "113119120", "113119340", "113119360", "113120260", "113120531", "113120601", "113121190", "113121950", "113122190", "113122230", "113122320"], "labels": [1, 3, 2, 2, 3, 2, 1, 2, 2, 3, 0, 2, 1, 1, 2, 3, 2, 0, 2, 1, 2, 2, 1, 0, 2, 0, 2, 1, 3, 0, 3, 2, 2, 1, 0, 1, 2, 1, 3, 0, 1, 0, 3, 3, 0, 3, 1, 3, 3, 0, 1, 1, 2, 1, 1, 0, 0, 3, 0, 2, 0, 1, 0, 1, 1, 1, 0, 1, 3, 1, 1, 1, 2, 3, 2, 0, 3, 3, 2, 1, 1, 0, 0, 1, 1, 1, 3, 3, 0, 1, 1, 3, 0, 3, 2, 1, 0, 3, 3, 3, 2, 1, 0, 0, 2, 3, 0, 3, 3, 1, 2, 1, 2, 1, 3, 3, 1, 0, 0, 0, 1, 3, 1, 0, 1, 3, 3, 2, 2, 3, 3, 3, 0, 0, 3, 0, 2, 1, 3, 1, 1, 1], "predicted_labels": [0, 0, 0, 3, 1, 1, 0, 1, 1, 3, 0, 1, 1, 0, 3, 0, 3, 1, 3, 3, 1, 3, 3, 1, 3, 3, 2, 3, 3, 1, 0, 1, 1, 3, 0, 1, 3, 3, 1, 0, 3, 1, 1, 0, 0, 3, 0, 1, 1, 2, 1, 3, 0, 0, 1, 1, 1, 1, 2, 3, 1, 1, 3, 1, 3, 3, 2, 3, 3, 0, 1, 3, 2, 0, 1, 3, 0, 1, 1, 3, 0, 0, 1, 3, 3, 1, 2, 3, 3, 3, 0, 0, 3, 1, 0, 3, 0, 0, 3, 3, 3, 1, 3, 3, 0, 1, 0, 1, 3, 2, 0, 0, 1, 3, 0, 0, 1, 3, 1, 0, 3, 3, 1, 1, 1, 3, 3, 3, 0, 0, 1, 3, 0, 0, 3, 3, 3, 3, 0, 3, 1, 3], "confidence_scores": [[0.520522337042325, 0.19807342926497065, 0.1216127802324451, 0.1597914534602594], [0.384982178842828, 0.139788075744602, 0.22529648325722645, 0.24993326215534348], [0.31850473731982054, 0.18324265602828793, 0.2020644563844057, 0.2961881502674857], [0.23321852052877287, 0.22573735709470188, 0.23500623261364662, 0.30603788976287866], [0.2389034449316194, 0.33667938322088237, 0.12996734073313068, 0.2944498311143674], [0.1139604533528276, 0.5536630736377746, 0.19214464669206477, 0.14023182631733314], [0.40296443214547706, 0.22118653924744758, 0.10713074339011666, 0.26871828521695873], [0.18264214937123022, 0.4558429409917427, 0.07764392179355745, 0.2838709878434697], [0.257919012259733, 0.26971771779833814, 0.22262032944622556, 0.2497429404957034], [0.22539192636939037, 0.1620050441340169, 0.10075604428678064, 0.5118469852098122], [0.338602834697228, 0.3074932996077448, 0.12180075264699906, 0.2321031130480281], [0.22349688453107588, 0.456691649683428, 0.08389683450459869, 0.23591463128089749], [0.1091358862346019, 0.5594587582801369, 0.16042863322108894, 0.17097672226417224], [0.3826964709481095, 0.23949854337818605, 0.156670812262244, 0.22113417341146047], [0.1719897175222261, 0.22347680728931646, 0.2521049198410993, 0.35242855534735823], [0.3312955727249777, 0.26346557517426805, 0.1623410026496464, 0.2428978494511079], [0.18153426940704775, 0.20084335764068076, 0.08644916685956687, 0.5311732060927046], [0.3100082154760645, 0.3517590480993417, 0.06136514432605153, 0.27686759209854245], [0.30467933747806253, 0.18068728251894178, 0.19989922815178968, 0.3147341518512061], [0.20524278315668384, 0.21073977549318573, 0.1305927886268294, 0.4534246527233011], [0.2436067601670651, 0.3139273602013342, 0.14600056993411703, 0.2964653096974837], [0.22467137413685376, 0.18391393276221193, 0.14988945540724444, 0.44152523769369006], [0.21882938273989416, 0.19768237273527098, 0.22754838463785565, 0.3559398598869793], [0.24464203052155922, 0.41684289701239474, 0.09056544191560156, 0.2479496305504445], [0.27496930997314084, 0.21538391051369077, 0.08555852034974396, 0.4240882591634245], [0.22285345834695794, 0.2867790555236777, 0.10919365497812072, 0.3811738311512436], [0.24017195738288832, 0.1270994187524693, 0.3256992495840361, 0.30702937428060617], [0.24391909395150518, 0.19512072289451585, 0.14323543351976326, 0.4177247496342156], [0.18278288122780564, 0.2747584900101438, 0.09833799749229742, 0.44412063126975315], [0.24319707824475437, 0.4903276867015605, 0.11125706482590235, 0.155218170227783], [0.35313054236492786, 0.29067395309554267, 0.09859546085336655, 0.2576000436861629], [0.26399513918426454, 0.2956030870235641, 0.1981217399539982, 0.24228003383817318], [0.1670984172290945, 0.6460037633767413, 0.06998733115406307, 0.11691048824010115], [0.23072667114317438, 0.3009063647817743, 0.10329048832967902, 0.36507647574537233], [0.39390209876648546, 0.24364040656416738, 0.07724509060706712, 0.28521240406227993], [0.2715731877006525, 0.37188987481091434, 0.13147834942571726, 0.22505858806271595], [0.15688643064342636, 0.2012007759885735, 0.2885756398723692, 0.35333715349563105], [0.21085659356301562, 0.1807280976087421, 0.1482017064526588, 0.4602136023755835], [0.2232940197709083, 0.28445639677998036, 0.21955337982859427, 0.27269620362051716], [0.3230299360773087, 0.23620320446344323, 0.16772721937515708, 0.27303964008409104], [0.31128706242149395, 0.13489902209788854, 0.1886305006819397, 0.36518341479867783], [0.24128517646268174, 0.31998208000916034, 0.17727464755799704, 0.261458095970161], [0.257035217871096, 0.29204684668299413, 0.18259109620135636, 0.26832683924455336], [0.43439497211056394, 0.281539345815098, 0.11436717579173858, 0.1696985062825994], [0.4124198496498683, 0.24775507280306538, 0.10078604315531954, 0.23903903439174695], [0.28760090375628466, 0.21301023915021777, 0.1771559321825542, 0.3222329249109435], [0.3420658285708589, 0.3173576327814957, 0.08460070896267705, 0.25597582968496835], [0.2584670832760071, 0.34144040962588956, 0.11098170881556448, 0.2891107982825389], [0.25181795085089287, 0.3298801994862722, 0.15724693613689897, 0.26105491352593596], [0.21818110766588164, 0.16719830641958036, 0.3593681735487578, 0.25525241236578033], [0.21134755203662858, 0.37925497998052915, 0.21755222970144325, 0.19184523828139904], [0.3199253766159945, 0.17021127961176713, 0.13900464830112827, 0.37085869547111], [0.31786677092171217, 0.21628798026230187, 0.21646767657777122, 0.24937757223821494], [0.34030828274600294, 0.27800001868862784, 0.10116766639600375, 0.28052403216936556], [0.20634414100046042, 0.33116367414469844, 0.19987365785355027, 0.262618527001291], [0.30508624494743924, 0.30882559247010094, 0.1299850934719547, 0.25610306911050523], [0.1883979217646058, 0.3546565808443082, 0.1561663819963673, 0.3007791153947188], [0.15227748414044986, 0.4710403822859147, 0.15289999604349447, 0.22378213753014084], [0.2303191238912789, 0.21983497766069315, 0.3539093492285289, 0.1959365492194992], [0.13330142734454345, 0.3156125661440267, 0.18833933690920798, 0.3627466696022218], [0.2641974780118743, 0.41524430111207267, 0.16730052446445176, 0.15325769641160114], [0.21913865521562012, 0.5092526778096266, 0.11378474040334918, 0.15782392657140407], [0.26924051000165516, 0.30369100605612065, 0.10132154778268933, 0.3257469361595348], [0.22377660376394162, 0.41963843409534307, 0.16005231823865923, 0.19653264390205605], [0.21688017348802968, 0.276061462478319, 0.11956734307274025, 0.38749102096091104], [0.23570144874938398, 0.274800788308424, 0.15321136090168722, 0.33628640204050475], [0.17213066063233545, 0.14350145098015635, 0.4310381644047232, 0.2533297239827851], [0.3447854763064332, 0.11873138163109309, 0.12553495693982425, 0.41094818512264947], [0.2629231391910998, 0.2754456382550942, 0.11599031513620849, 0.34564090741759756], [0.3005372012073543, 0.2572040657176779, 0.15442329639274152, 0.28783543668222633], [0.16643725898379327, 0.457037078747776, 0.12061463580661717, 0.2559110264618136], [0.24010520625910428, 0.22662765420378528, 0.09458377649604995, 0.4386833630410606], [0.14239532573773367, 0.1642135334800887, 0.4416440429089201, 0.2517470978732576], [0.3102599062694925, 0.30691903559582484, 0.1448992940800763, 0.23792176405460616], [0.3601673630021193, 0.37573271965435784, 0.11456868874872125, 0.1495312285948016], [0.3002389788718104, 0.15586883453040773, 0.21211205345417575, 0.3317801331436061], [0.309378787780175, 0.2717644678580957, 0.18034508746869676, 0.23851165689303255], [0.1370125789107218, 0.4149053775169302, 0.15983657512410424, 0.2882454684482436], [0.12685838491794202, 0.4501841892927572, 0.26379318343631014, 0.15916424235299076], [0.2504751066109367, 0.23036614849736908, 0.2014661964732606, 0.31769254841843353], [0.384896422078, 0.25434964360780077, 0.1289323429501862, 0.23182159136401304], [0.31589726521892086, 0.24425138238229477, 0.2000106000622081, 0.23984075233657637], [0.27056710601456396, 0.3259140762877457, 0.169437385732869, 0.2340814319648215], [0.1584301023768201, 0.234965581803272, 0.13978931020582708, 0.46681500561408096], [0.17808389218367265, 0.28512021664612425, 0.12786534513827805, 0.4089305460319252], [0.27139149043829336, 0.4348019697233428, 0.1604452812811868, 0.13336125855717715], [0.2147252628992456, 0.19989609781438006, 0.3690473526260264, 0.21633128666034804], [0.2412778902021519, 0.20983297735539436, 0.16258701510721174, 0.386302117335242], [0.18476190558132966, 0.24560572242191306, 0.05284612652754654, 0.5167862454692107], [0.18696266115525012, 0.19725774322559864, 0.14544095991774578, 0.4703386357014055], [0.4281681619536886, 0.1722664308935486, 0.15196487864961603, 0.2476005285031468], [0.3744464846918302, 0.2096925995696073, 0.178961702965891, 0.23689921277267156], [0.2901792445258345, 0.2604455347261646, 0.10977479316649122, 0.33960042758150966], [0.19078155462752264, 0.3766585013616861, 0.13410596660076932, 0.29845397741002216], [0.28665518661098993, 0.28201268960423653, 0.1749675935674536, 0.25636453021732003], [0.06427280377417173, 0.43992706250945796, 0.052679716189081224, 0.44312041752728903], [0.3520617649132782, 0.2616166870448628, 0.0986087170207878, 0.28771283102107126], [0.32447637073315133, 0.24100976789800435, 0.17235151282039682, 0.26216234854844744], [0.22422975261808822, 0.25025895772534484, 0.16743385670448135, 0.35807743295208566], [0.1452204449457594, 0.19260744626098483, 0.13028470013544938, 0.5318874086578064], [0.27080678109059175, 0.25420046328504375, 0.15013016190041878, 0.3248625937239458], [0.31050623839018987, 0.3507062681189882, 0.10064557855383846, 0.23814191493698345], [0.2434244115062801, 0.19215286436681117, 0.11610753066253399, 0.44831519346437476], [0.20477383571004593, 0.2390748807271276, 0.1314481156332688, 0.42470316792955765], [0.3031768892802102, 0.24550595880853798, 0.20274653333404122, 0.24857061857721055], [0.22561198604465743, 0.3185392096594165, 0.26146694587414676, 0.19438185842177919], [0.39482761381286, 0.2330301009080316, 0.13842699933085945, 0.2337152859482491], [0.20563815415236908, 0.41239831528575877, 0.12695814994291063, 0.25500538061896155], [0.17030480016785865, 0.262168114047619, 0.09112079421662292, 0.47640629156789943], [0.2229638049728122, 0.20988606647758876, 0.3619620804346296, 0.2051880481149695], [0.32828221450927547, 0.25043590346131434, 0.1940257278910822, 0.22725615413832823], [0.3108795033808341, 0.28188923547342765, 0.16195779035395966, 0.24527347079177872], [0.21624273437387231, 0.3288121384802078, 0.21652345843272053, 0.23842166871319936], [0.236308170806673, 0.12730329400367166, 0.19616927221589103, 0.4402192629737644], [0.3189708383589102, 0.21609963002315447, 0.17696977423258048, 0.2879597573853547], [0.47881303282154325, 0.16324372367639683, 0.11170223644725068, 0.2462410070548094], [0.19952102226560833, 0.43588871578121596, 0.11909883252734306, 0.2454914294258326], [0.28927098636806353, 0.15363155594974937, 0.12772241860718017, 0.4293750390750069], [0.2777069144581655, 0.39730442655460274, 0.09420716166893633, 0.23078149731829545], [0.44466956371546684, 0.16972563590261244, 0.09724158087444316, 0.2883632195074775], [0.1570075889473395, 0.2346673124214039, 0.17504592685428794, 0.4332791717769685], [0.2669919970118547, 0.28678080258161465, 0.1092698523252816, 0.33695734808124905], [0.25109892182805366, 0.3041780094696507, 0.2038298876428645, 0.24089318105943125], [0.21499180012019156, 0.36489223927188613, 0.11840709543653914, 0.30170886517138346], [0.20294311666997839, 0.5665142255599719, 0.09278809124562747, 0.13775456652442236], [0.2645977134174727, 0.280917266918695, 0.08027740247988145, 0.37420761718395107], [0.21937361667355817, 0.21871189542963532, 0.07576684820600879, 0.48614763969079794], [0.22335869129860195, 0.2693786473453272, 0.13331025409303568, 0.3739524072630351], [0.31858079791994587, 0.22400663393519848, 0.14221779627797979, 0.315194771866876], [0.3597282832007647, 0.23621332399151782, 0.10372265177669276, 0.3003357410310246], [0.20134767249263638, 0.44917254919831073, 0.10349535279451254, 0.24598442551454053], [0.2890509864171633, 0.23754411431337, 0.16103206557345376, 0.31237283369601293], [0.5641735626479403, 0.2730010603783984, 0.051728552944439864, 0.11109682402922155], [0.3389915546027581, 0.20730833784360586, 0.14934914805679156, 0.3043509594968445], [0.14940662910491545, 0.10570707993568673, 0.08104348214202682, 0.6638428088173709], [0.31340443367021426, 0.2530566370582386, 0.09901680834540161, 0.33452212092614564], [0.2615560933575586, 0.288535241874588, 0.14992182367326795, 0.2999868410945855], [0.27814244421536666, 0.2774585326885042, 0.14196220881617347, 0.3024368142799559], [0.6091007374989202, 0.08911367352539357, 0.22790910270092243, 0.07387648627476381], [0.1432101803515131, 0.22096730957595662, 0.07559706185796744, 0.5602254482145628], [0.2330647792353612, 0.504283069665737, 0.11074662983107494, 0.1519055212678269], [0.1998818995621025, 0.2114966476131911, 0.12841137808456798, 0.4602100747401383]]}}