{"test": {"ids": ["97112300", "113118690", "111117480", "109117600", "112120540", "111116010", "102113210", "103110050", "102112030", "108121351", "113119450", "110118161", "107113200", "112119610", "109114220", "111116530", "103113640", "111116110", "105119550", "100111390", "105115720", "111119150", "110119891", "109115070", "97106770", "99111440", "104111380", "111120280", "106121190", "105112240", "111119290", "113122170", "104117200", "100108580", "105116441", "112116401", "98111620", "101117580", "97105580", "103109791", "98116940", "110114651", "105113620", "112117461", "113120751", "106113190", "100108260", "97116790", "101112690", "101119030", "100112060", "111116040", "111116290", "112117571", "113118810", "106121220", "111119930", "113118630", "107114200", "103110760", "103112470", "107121230", "105121370", "100111380", "103120730", "106117770", "113121220", "111119250", "112117030", "109116170", "109116040", "100117420", "97116410", "105110251", "110117140", "104113000", "97111790", "107115140", "102110500", "104113240", "99120010", "97118210", "110115710", "102110750", "107118780", "110117500", "109121640", "98106680", "105119950", "99107950", "107117630", "109114720", "101119591", "102109010", "110118111", "99108520", "105111990", "110120531", "112116540", "99108580", "113120780", "102107961", "111117000", "102109850", "99108010", "113117401", "112119580", "105112130", "112121410", "113119120", "109116930", "113122430", "107114140", "97106591", "98107010", "109119450", "99108460", "106119580", "108117451", "107115250", "104111620", "98111231", "99119830", "113117550", "107118490", "111114941", "107118120", "113121010", "111121190", "107118520", "112120990", "110116170", "97116500", "107113170", "98110680", "109118161", "98112170", "108113620", "108115870", "105113260", "108121410", "104110960"], "labels": [2, 3, 1, 1, 3, 1, 3, 3, 2, 3, 3, 0, 0, 0, 3, 3, 1, 3, 1, 2, 1, 3, 3, 0, 3, 3, 3, 0, 2, 1, 3, 1, 3, 0, 1, 0, 3, 3, 1, 3, 2, 3, 0, 0, 1, 0, 3, 2, 1, 3, 2, 0, 2, 3, 3, 1, 1, 3, 2, 1, 1, 0, 2, 3, 1, 0, 3, 1, 2, 0, 0, 2, 3, 0, 3, 1, 2, 0, 3, 2, 2, 2, 2, 1, 1, 1, 0, 1, 3, 1, 0, 0, 0, 1, 1, 2, 2, 0, 1, 0, 0, 3, 0, 1, 2, 3, 3, 1, 0, 3, 0, 2, 2, 1, 3, 3, 0, 3, 2, 2, 0, 1, 1, 3, 2, 0, 3, 2, 1, 2, 2, 0, 2, 0, 2, 0, 3, 3, 3, 3, 0, 2], "predicted_labels": [1, 1, 3, 1, 1, 2, 3, 1, 1, 3, 0, 3, 0, 3, 2, 1, 0, 3, 0, 1, 1, 0, 3, 1, 0, 2, 3, 3, 2, 3, 1, 1, 3, 3, 3, 0, 1, 0, 3, 1, 3, 0, 1, 3, 3, 1, 3, 3, 3, 3, 0, 3, 2, 1, 3, 3, 0, 1, 1, 0, 1, 1, 1, 1, 0, 3, 1, 2, 3, 3, 3, 2, 0, 3, 3, 3, 3, 3, 3, 2, 1, 3, 3, 1, 1, 1, 3, 2, 2, 1, 0, 1, 3, 3, 1, 1, 1, 3, 3, 1, 1, 3, 3, 3, 1, 1, 1, 1, 0, 1, 3, 3, 1, 1, 3, 2, 3, 1, 0, 1, 3, 2, 3, 3, 1, 1, 3, 1, 1, 1, 1, 1, 2, 1, 1, 1, 0, 2, 1, 1, 0, 1], "confidence_scores": [[0.32054231965609314, 0.41081559130911316, 0.15746228604962823, 0.1111798029851655], [0.16575783529013938, 0.4002567710147774, 0.13908910672097188, 0.29489628697411135], [0.16684535554025542, 0.25701691733654836, 0.23855152075985572, 0.3375862063633407], [0.2975320060069822, 0.4387552500296482, 0.0906692307533316, 0.17304351321003777], [0.2123826728479521, 0.3569088109035539, 0.1187213200958725, 0.3119871961526214], [0.1366295681036529, 0.2179880667427799, 0.35155710052340894, 0.29382526463015846], [0.13659655369263243, 0.1427900674733455, 0.21975134555579579, 0.5008620332782263], [0.08927249091238612, 0.3786716324160871, 0.1869012934712984, 0.3451545832002283], [0.22652915243343758, 0.3080631903613922, 0.21688542115563417, 0.24852223604953624], [0.25209296975560785, 0.28946794278298155, 0.14906119545511864, 0.3093778920062921], [0.5191859955715429, 0.15759771325807934, 0.09956339979977248, 0.2236528913706053], [0.2558620283292326, 0.1665596947395258, 0.22802023338409844, 0.3495580435471432], [0.44499307680457767, 0.25188531741801573, 0.09179365517504749, 0.21132795060235912], [0.2928253574632597, 0.21172790711514486, 0.07066979893356874, 0.42477693648802667], [0.08830730586119154, 0.12300026992522979, 0.5647482883247558, 0.223944135888823], [0.1666787027037158, 0.4414655306891681, 0.10433927856202453, 0.28751648804509133], [0.6739000261617895, 0.09444995568972707, 0.04376402973917257, 0.18788598840931078], [0.19651731087841634, 0.296330267015105, 0.18789445627508988, 0.31925796583138877], [0.3278910882609362, 0.1536999521772862, 0.19868538488150564, 0.3197235746802719], [0.206048724866542, 0.3384775555962802, 0.14722209485037233, 0.3082516246868057], [0.203415477527772, 0.49882549157380246, 0.09084398305434205, 0.2069150478440836], [0.3206917410745364, 0.22912012664123388, 0.16189724498956173, 0.28829088729466795], [0.23884988082282047, 0.2654407357902068, 0.16790778131328857, 0.3278016020736842], [0.2001699076463737, 0.5833603931657408, 0.08228058483810041, 0.13418911434978495], [0.4085469287338228, 0.265331383677844, 0.13400632762147496, 0.19211535996685816], [0.13524989980424076, 0.1869373198855196, 0.41046840434406845, 0.2673443759661711], [0.1168609475198849, 0.2743087388441824, 0.2756688134422915, 0.3331615001936413], [0.3168899224927231, 0.20004419551154232, 0.0725622652938628, 0.41050361670187174], [0.07753881230670469, 0.3187632982136836, 0.3336830840493376, 0.27001480543027406], [0.24384234597249246, 0.28048911873080873, 0.1837601393817046, 0.29190839591499423], [0.12699011540621238, 0.4176084975057514, 0.12026024036361149, 0.33514114672442474], [0.08391641437748172, 0.4041663640943783, 0.18289384410938717, 0.32902337741875287], [0.20081999459806646, 0.2066366372548714, 0.2744805973736606, 0.31806277077340167], [0.23685135401932322, 0.2100908073528018, 0.237278176953834, 0.315779661674041], [0.15097232776243388, 0.3411048546337815, 0.15022975690673385, 0.357693060697051], [0.49523269437111606, 0.13444758505066387, 0.08882694979553056, 0.2814927707826896], [0.11209991654275361, 0.343223588860915, 0.2604223049382433, 0.284254189658088], [0.30670018607022037, 0.2832574229758979, 0.15674230959611277, 0.25330008135776894], [0.25602152601250233, 0.20493053680122664, 0.1808753232176602, 0.35817261396861105], [0.21572611636606723, 0.4283939940019684, 0.2549520494506191, 0.10092784018134521], [0.14340142677059242, 0.25683507343686773, 0.17225839338030657, 0.42750510641223316], [0.3922886290075432, 0.20689382763952413, 0.15458148012740885, 0.24623606322552377], [0.2019144100997705, 0.46632556614894927, 0.13431767334737804, 0.19744235040390234], [0.06547740665907596, 0.1614675812063035, 0.06563759593224071, 0.7074174162023797], [0.2092873042013128, 0.24041033941592427, 0.11106080161184342, 0.43924155477091953], [0.287294159407988, 0.35964872866956754, 0.20984438939627204, 0.14321272252617262], [0.19159541430503918, 0.305065086353179, 0.16441653289960143, 0.33892296644218045], [0.20896054636209255, 0.158479140410712, 0.29422349506190076, 0.3383368181652948], [0.13744127652283236, 0.25045326607095114, 0.06953253633802269, 0.5425729210681939], [0.18888639557375259, 0.19922027454593824, 0.27702817792805895, 0.33486515195225014], [0.33342392069883786, 0.3106637073588802, 0.14904333892979915, 0.2068690330124828], [0.3048238752644617, 0.14744329894432642, 0.10825116740549949, 0.43948165838571257], [0.15409622213940588, 0.23336587684865304, 0.36852374791577075, 0.2440141530961704], [0.1875795614427013, 0.4297594508029543, 0.1041489363553504, 0.27851205139899404], [0.2046655734437504, 0.2665832172812663, 0.10558452548338837, 0.42316668379159494], [0.3373831954935234, 0.20188963011075717, 0.09241271289222838, 0.3683144615034913], [0.380046533906225, 0.298993859372634, 0.07502794029745374, 0.2459316664236873], [0.13723736427972205, 0.32500577189820085, 0.27753924575956085, 0.2602176180625164], [0.15360680304109164, 0.376508777528915, 0.10256041616540836, 0.367324003264585], [0.3605060204817073, 0.24796375132148632, 0.06932578420186403, 0.32220444399494247], [0.2771381125185266, 0.3567960651130029, 0.16199946068922963, 0.204066361679241], [0.11175752550756032, 0.4805418020061812, 0.18084514984294314, 0.22685552264331532], [0.12754099394971935, 0.47411790319660163, 0.07758840004050296, 0.3207527028131762], [0.3519001391677946, 0.4119143238342412, 0.07201338165791779, 0.16417215534004637], [0.49170795260690486, 0.0991727107854288, 0.100420061486188, 0.3086992751214784], [0.1726744005135427, 0.2913721458432327, 0.11677788190519744, 0.4191755717380273], [0.1833686757300586, 0.4070460956764356, 0.11759688621096016, 0.2919883423825455], [0.16339873069444052, 0.1986407254272113, 0.34043554466504894, 0.29752499921329917], [0.0891242717717515, 0.1436021949240812, 0.09249694728552849, 0.6747765860186388], [0.2031981287856683, 0.3620672632894713, 0.05359675680592776, 0.38113785111893267], [0.09023386645823198, 0.22356522601354753, 0.1379427818137955, 0.5482581257144251], [0.21480553132232444, 0.20601942360721473, 0.3471119469793934, 0.23206309809106745], [0.31325106763866584, 0.28115547042776107, 0.17338157229421267, 0.23221188963936057], [0.1988073572851569, 0.2806329431699229, 0.11518864238392258, 0.4053710571609976], [0.13837091353888165, 0.19188799845381116, 0.17985971803417547, 0.48988136997313186], [0.05075613226034025, 0.07947473376348074, 0.050822569584963, 0.818946564391216], [0.17714420282673618, 0.19458230082598751, 0.2649896603527964, 0.36328383599448], [0.09214023414711345, 0.2271897456826734, 0.1828714476711576, 0.4977985724990555], [0.23116731366230509, 0.16033963859068068, 0.08275083677181722, 0.5257422109751969], [0.14654740953495196, 0.35429471102859283, 0.3552104079668876, 0.1439474714695677], [0.13287109158470348, 0.5358732765804822, 0.1263176151136803, 0.2049380167211338], [0.24763796733202947, 0.14428620821740137, 0.2811665273115123, 0.326909297139057], [0.12595824178965853, 0.3119444398281335, 0.08596373151163102, 0.47613358687057694], [0.3349550605881387, 0.38159755831582354, 0.14201346604242865, 0.14143391505360914], [0.22093193369422873, 0.34556739163164535, 0.14966547892471974, 0.2838351957494061], [0.27928231361492095, 0.2984043679848437, 0.16007182801411501, 0.2622414903861204], [0.2762313840084282, 0.2776908501929836, 0.14326169535716957, 0.3028160704414186], [0.1996264863898831, 0.174310175081866, 0.40407343239829463, 0.22198990612995623], [0.27970998310486606, 0.21530753489264684, 0.33694762032990205, 0.16803486167258502], [0.09587044556427378, 0.31739938217256203, 0.3081542089521361, 0.27857596331102824], [0.3705222549335411, 0.26242458167256544, 0.13138756634309268, 0.2356655970508007], [0.0651331026484149, 0.6085188046396616, 0.15911963318039057, 0.16722845953153304], [0.19617725369941535, 0.1682565855189981, 0.2573088326520061, 0.37825732812958046], [0.2678895792230961, 0.1193954240662165, 0.15439951352455764, 0.45831548318612986], [0.20918035154421938, 0.38537239589913913, 0.12861721880894317, 0.27683003374769843], [0.14336607459070436, 0.35341567634180454, 0.2839952037458337, 0.21922304532165754], [0.25660145478244495, 0.4948530601279426, 0.06623310116337758, 0.18231238392623492], [0.15817394681898927, 0.1536524565202139, 0.12358568587038529, 0.5645879107904116], [0.17534389482704707, 0.34129697719233565, 0.08735732476687412, 0.3960018032137432], [0.17107485701093758, 0.4313113974462625, 0.1731735909112332, 0.2244401546315666], [0.19296505092790142, 0.31947369957822064, 0.1759044039910931, 0.3116568455027849], [0.06622286737169619, 0.14134963747942733, 0.21214427087592969, 0.5802832242729468], [0.10439403908990195, 0.24696687595200117, 0.19451468794269283, 0.4541243970154041], [0.13954155861296702, 0.15855259449834458, 0.20790967320119444, 0.4939961736874939], [0.11814766028953544, 0.4782971718290413, 0.14897847491841656, 0.2545766929630069], [0.05469752549317313, 0.6824125385771185, 0.03147504768759865, 0.23141488824210948], [0.1816981375053068, 0.47469191601031746, 0.07114281067897005, 0.2724671358054056], [0.09291600006150194, 0.6333129965364961, 0.07120146472901841, 0.2025695386729835], [0.49313373492682677, 0.23559825683556157, 0.06309535139998355, 0.2081726568376282], [0.15106690724933786, 0.3240568487401406, 0.20693583715930722, 0.3179404068512145], [0.21395855653709078, 0.2649915049014336, 0.16957940548773315, 0.3514705330737425], [0.21885866865765743, 0.29986879267787075, 0.07324500583220722, 0.40802753283226456], [0.16088281976428478, 0.3431629610434503, 0.23599755384637477, 0.25995666534588996], [0.19929933107786685, 0.44751835247121724, 0.13909630965899245, 0.21408600679192347], [0.1653872550631959, 0.14751259493092267, 0.19879840559894102, 0.48830174440694046], [0.11193923376675707, 0.2290638040398621, 0.3780158666058983, 0.2809810955874825], [0.2519207316788016, 0.2044022240229467, 0.13599475365794314, 0.40768229064030864], [0.28858117555977647, 0.34730626688828614, 0.14025875988394582, 0.2238537976679916], [0.31515613739887716, 0.2637535774444952, 0.1073276559966082, 0.3137626291600193], [0.1773764920129561, 0.4147178557529372, 0.1789260697665334, 0.22897958246757324], [0.17396888484202727, 0.14913274578289648, 0.17616520358949772, 0.5007331657855786], [0.21815235637804414, 0.1527505656470669, 0.3836938519864606, 0.24540322598842848], [0.09632856257275813, 0.22465072202230268, 0.13867755789742137, 0.5403431575075177], [0.11009005623305924, 0.3253909051848861, 0.058884445954764365, 0.5056345926272903], [0.203802285107376, 0.45769178945657235, 0.15490852399702487, 0.18359740143902673], [0.29240033887330125, 0.3491589800914783, 0.17100716546533729, 0.1874335155698829], [0.1936460058351821, 0.22691533842106745, 0.10373410933018544, 0.475704546413565], [0.18187699883715544, 0.4105197406877875, 0.1444708162689583, 0.2631324442060988], [0.12565584071347613, 0.5047823777913654, 0.08485263443043933, 0.2847091470647191], [0.09641755549585411, 0.5207092444311204, 0.07194846762412581, 0.3109247324488996], [0.1952598037349609, 0.3405089782899719, 0.1501921236786243, 0.314039094296443], [0.13688805285887495, 0.37751309450130544, 0.14852857703796196, 0.3370702756018578], [0.25928343004246, 0.165296929753409, 0.358674297677899, 0.21674534252623207], [0.15100177734263415, 0.5328845550031933, 0.057360015871494, 0.2587536517826786], [0.2054114435388671, 0.36118324574895394, 0.19297753789558642, 0.24042777281659264], [0.17888400116601516, 0.42991013684703977, 0.10314876684842271, 0.2880570951385225], [0.41744496411870935, 0.2551130937841523, 0.07993363522247289, 0.24750830687466546], [0.1837911436572046, 0.22309242897560724, 0.37905989765013276, 0.21405652971705555], [0.2860511769439002, 0.3282730564420791, 0.11373950424740982, 0.27193626236661106], [0.11898166311757917, 0.40707169499833146, 0.33352192031750666, 0.1404247215665828], [0.33564668009232573, 0.2327277059006021, 0.14220717786920534, 0.28941843613786694], [0.2361234381000047, 0.35693845764517634, 0.1337638144135003, 0.2731742898413186]]}, "rewritten": {"ids": ["97105580", "97106591", "97106770", "97111790", "97112300", "97116410", "97116500", "97116790", "97118210", "98106680", "98107010", "98110680", "98111231", "98111620", "98112170", "98116940", "99107950", "99108010", "99108460", "99108520", "99108580", "99111440", "99119830", "99120010", "100108260", "100108580", "100111380", "100111390", "100112060", "100117420", "101112690", "101117580", "101119030", "101119591", "102107961", "102109010", "102109850", "102110500", "102110750", "102112030", "102113210", "103109791", "103110050", "103110760", "103112470", "103113640", "103120730", "104110960", "104111380", "104111620", "104113000", "104113240", "104117200", "105110251", "105111990", "105112130", "105112240", "105113260", "105113620", "105115720", "105116441", "105119550", "105119950", "105121370", "106113190", "106117770", "106119580", "106121190", "106121220", "107113170", "107113200", "107114140", "107114200", "107115140", "107115250", "107117630", "107118120", "107118490", "107118520", "107118780", "107121230", "108113620", "108115870", "108117451", "108121351", "108121410", "109114220", "109114720", "109115070", "109116040", "109116170", "109116930", "109117600", "109118161", "109119450", "109121640", "110114651", "110115710", "110116170", "110117140", "110117500", "110118111", "110118161", "110119891", "110120531", "111114941", "111116010", "111116040", "111116110", "111116290", "111116530", "111117000", "111117480", "111119150", "111119250", "111119290", "111119930", "111120280", "111121190", "112116401", "112116540", "112117030", "112117461", "112117571", "112119580", "112119610", "112120540", "112120990", "112121410", "113117401", "113117550", "113118630", "113118690", "113118810", "113119120", "113119450", "113120751", "113120780", "113121010", "113121220", "113122170", "113122430"], "labels": [1, 1, 3, 2, 2, 3, 2, 2, 2, 1, 3, 2, 1, 3, 3, 2, 1, 2, 0, 2, 0, 3, 1, 2, 3, 0, 3, 2, 2, 2, 1, 3, 3, 0, 3, 1, 1, 3, 1, 2, 3, 3, 3, 1, 1, 1, 1, 2, 3, 0, 1, 2, 3, 0, 2, 1, 1, 3, 0, 1, 1, 1, 3, 2, 0, 0, 3, 2, 1, 0, 0, 2, 2, 0, 2, 0, 3, 2, 2, 1, 0, 3, 3, 2, 3, 0, 3, 0, 0, 0, 0, 0, 1, 0, 3, 0, 3, 2, 0, 3, 1, 1, 0, 3, 0, 0, 1, 0, 3, 2, 3, 0, 1, 3, 1, 3, 1, 0, 1, 0, 1, 2, 0, 3, 3, 0, 3, 2, 0, 3, 3, 3, 3, 3, 3, 3, 1, 0, 2, 3, 1, 2], "predicted_labels": [0, 0, 0, 3, 0, 0, 0, 0, 3, 0, 3, 0, 2, 1, 1, 2, 1, 1, 3, 2, 1, 2, 1, 1, 3, 3, 1, 3, 0, 3, 3, 0, 3, 3, 3, 0, 3, 3, 1, 3, 3, 1, 1, 0, 2, 0, 0, 3, 3, 3, 3, 2, 3, 1, 1, 1, 0, 1, 1, 1, 1, 3, 2, 3, 1, 1, 1, 1, 3, 3, 0, 1, 3, 3, 3, 0, 3, 1, 1, 3, 1, 3, 3, 0, 1, 3, 3, 1, 1, 3, 3, 0, 1, 3, 1, 0, 1, 3, 1, 1, 0, 0, 3, 1, 3, 1, 3, 3, 3, 2, 1, 3, 3, 0, 2, 3, 3, 3, 1, 3, 0, 3, 3, 3, 1, 3, 3, 1, 1, 1, 3, 3, 1, 3, 3, 0, 3, 1, 1, 1, 1, 1], "confidence_scores": [[0.3165139009533922, 0.24260841423370214, 0.2045218284959883, 0.23635585631691738], [0.4011561409182649, 0.3150000453478466, 0.16876132756617085, 0.11508248616771755], [0.43456254480884693, 0.2620945359249633, 0.0968469578215927, 0.20649596144459698], [0.2264988595614928, 0.2590317094829098, 0.2354132344518893, 0.27905619650370816], [0.723892819180558, 0.14747179656909495, 0.08466719165711273, 0.04396819259323433], [0.40086685217161017, 0.265583930764889, 0.13611093145380185, 0.19743828560969884], [0.3443253323646408, 0.21321037750733293, 0.3184282515764373, 0.12403603855158891], [0.3663558817124224, 0.1478962558421409, 0.14353091799214793, 0.342216944453289], [0.1253052586135866, 0.1251145056285571, 0.22341113115407268, 0.5261691046037836], [0.30025164277487537, 0.28044816252830385, 0.17596223056983645, 0.24333796412698439], [0.164210993878644, 0.1419617113081262, 0.22817158080238714, 0.4656557140108427], [0.3463095309596644, 0.32323157839521255, 0.15256861363831642, 0.17789027700680654], [0.2879512845049064, 0.23737511926399998, 0.30277730486546467, 0.17189629136562884], [0.16365367789097265, 0.40106248472492495, 0.19682352304490136, 0.23846031433920095], [0.2878994886587289, 0.3529961672955373, 0.11712358240050345, 0.24198076164523044], [0.11684537258536569, 0.23868457770235627, 0.41488813758185017, 0.22958191213042786], [0.08930538473831348, 0.39614674253584836, 0.16851791464136293, 0.34602995808447534], [0.10219984008609796, 0.5232360154611942, 0.2427842560716254, 0.1317798883810822], [0.22255557963079872, 0.14735877344989942, 0.09560671101267841, 0.5344789359066234], [0.12329926607775897, 0.2830470672968521, 0.40560982242774424, 0.18804384419764475], [0.23994999326663533, 0.3184670983638048, 0.20590988187331152, 0.23567302649624824], [0.21311374836369634, 0.2670734206696899, 0.29687507621196146, 0.22293775475465233], [0.13239217267417677, 0.3591019643256732, 0.15273878801974625, 0.3557670749804039], [0.13136571905189542, 0.34035612326715337, 0.28437563033234303, 0.24390252734860832], [0.09465382974960022, 0.19292225675886046, 0.08519373409236629, 0.627230179399173], [0.2678803506960008, 0.2178698641796229, 0.2273789409762934, 0.286870844148083], [0.266166327862219, 0.554314129005105, 0.05647566430868725, 0.12304387882398875], [0.18422551349203634, 0.10153957547488417, 0.12294957304767394, 0.5912853379854056], [0.31765664903510227, 0.2669960783788655, 0.18139245922005187, 0.23395481336598037], [0.24714073617350998, 0.226419569466414, 0.22791968362787682, 0.29852001073219936], [0.14853979534650064, 0.20351045819317468, 0.04449449879563752, 0.6034552476646871], [0.38285764643578063, 0.2581388874973761, 0.10282210556405187, 0.2561813605027914], [0.2348336036583539, 0.16542610317953058, 0.20572918926611375, 0.39401110389600186], [0.1772120035334639, 0.09636810544113221, 0.22114318817957568, 0.5052767028458283], [0.08928948714281909, 0.1514271174762325, 0.14489561136036494, 0.6143877840205834], [0.3601207504624662, 0.16749254252879647, 0.13491834419968388, 0.33746836280905357], [0.210411894654009, 0.29836372675789474, 0.1526796897652183, 0.33854468882287797], [0.2402064630061557, 0.20388074736653106, 0.07338281020790162, 0.4825299794194116], [0.3537056515566449, 0.4468734832046057, 0.06777588742199771, 0.13164497781675188], [0.28789922053514044, 0.24261328974385082, 0.15449699480619108, 0.31499049491481756], [0.25255777604586926, 0.24312016709153061, 0.13905143179761797, 0.3652706250649823], [0.1347629089249716, 0.36207209045717226, 0.3416133459392951, 0.16155165467856114], [0.07821939709903325, 0.3757250682794739, 0.2006175573219897, 0.3454379772995033], [0.32386428386098254, 0.30670260793909687, 0.0878747286249915, 0.28155837957492924], [0.28377551558104175, 0.21536792383763975, 0.3497433669029388, 0.15111319367837986], [0.399692120829756, 0.23570523918074157, 0.09225886284450768, 0.2723437771449948], [0.4208800659759678, 0.1436640680066032, 0.0865374900708874, 0.3489183759465415], [0.15708182050546257, 0.3363691641140621, 0.15673501469743356, 0.3498140006830418], [0.19683333531197011, 0.2389058442800716, 0.2394847957516417, 0.32477602465631666], [0.16973971833824025, 0.1274814037953755, 0.08271148029066754, 0.6200673975757168], [0.16746360553027054, 0.14829017144710233, 0.126069994446979, 0.5581762285756482], [0.18320203532020182, 0.27474570957654854, 0.41948117216539227, 0.12257108293785761], [0.21970814654827683, 0.15359408929335805, 0.26113921257566686, 0.3655585515826985], [0.2767499941899179, 0.3595032586101097, 0.23547792183096086, 0.12826882536901163], [0.2597958968678879, 0.3467965151765653, 0.06192941001053672, 0.3314781779450101], [0.34396802588310815, 0.451962220013039, 0.04987214407776604, 0.15419761002608676], [0.3329890776121921, 0.24652896743069036, 0.17825045304379575, 0.24223150191332163], [0.14154197730994797, 0.4561702255396187, 0.21012182352430425, 0.192165973626129], [0.10639293243807155, 0.6398288138953144, 0.12544167116253943, 0.12833658250407454], [0.16765056647927593, 0.5643665580203903, 0.11863426765664332, 0.14934860784369056], [0.17530272666877023, 0.4608518238246164, 0.13965371067946142, 0.22419173882715185], [0.31443249301559845, 0.24274087331883243, 0.10611351721655442, 0.3367131164490146], [0.2408736946421813, 0.2978375303308, 0.3540435085165694, 0.10724526651044937], [0.13088228302099925, 0.3720853161455871, 0.09698366830413879, 0.40004873252927475], [0.28490451548432705, 0.32766363263630943, 0.11137483019603599, 0.2760570216833278], [0.1780251751108025, 0.44208048523916277, 0.11158682499427289, 0.26830751465576175], [0.12960726807307568, 0.6198570934238573, 0.09071565558170049, 0.15981998292136662], [0.14232200686327948, 0.40487928156773834, 0.17532763223793268, 0.27747107933104953], [0.3121869919772163, 0.2742364855543744, 0.10064831830826507, 0.3129282041601443], [0.2713383953199664, 0.27643974193194315, 0.05714417952952147, 0.395077683218569], [0.5797448371323571, 0.13858774853263628, 0.07198223572735792, 0.20968517860764868], [0.15492928070260012, 0.3539453818544093, 0.14258291230850206, 0.34854242513448863], [0.18317841080883743, 0.2663903058405161, 0.07115615212627491, 0.4792751312243717], [0.17051988633232423, 0.13816258435078874, 0.09966673039703447, 0.5916507989198525], [0.19719612550231566, 0.33087784099983775, 0.12598722925869044, 0.345938804239156], [0.30960158083879397, 0.2623745919461166, 0.1290527728553176, 0.2989710543597717], [0.2290536825404623, 0.24973095555660063, 0.06838084662080465, 0.45283451528213253], [0.16970026049397613, 0.38080098756718933, 0.17261239627515979, 0.2768863556636748], [0.17334742003656298, 0.4480637498694606, 0.06422879533849676, 0.3143600347554797], [0.25262218685686433, 0.20624660213260368, 0.24961359179096945, 0.2915176192195626], [0.13053628962264263, 0.41002035719882796, 0.14944457767811592, 0.30999877550041344], [0.1327246954493346, 0.2843532713325173, 0.26390514004185783, 0.3190168931762902], [0.3374251549807893, 0.17265593058515094, 0.09464362857396186, 0.3952752858600979], [0.6017263867980571, 0.1355477176064564, 0.047213729034609665, 0.21551216656087674], [0.23714152638168556, 0.35627721030181186, 0.1474200301598961, 0.25916123315660666], [0.34088374084941575, 0.19691151169745724, 0.11858720911128423, 0.3436175383418428], [0.2545088650815854, 0.17209535897636336, 0.23099703495806656, 0.3423987409839846], [0.10663956467018053, 0.4388029156950896, 0.17390592504566135, 0.28065159458906846], [0.1883577122402124, 0.46893680402741705, 0.08588538859083528, 0.2568200951415354], [0.10167496338524569, 0.15613587754961664, 0.0936950818600504, 0.6484940772050873], [0.1586429046190569, 0.23841302324185146, 0.04492978015224339, 0.5580142919868483], [0.3397287112839746, 0.24098077539853993, 0.10049783445197817, 0.3187926788655073], [0.29607185820137005, 0.4236078577236237, 0.10292367275243251, 0.1773966113225737], [0.2222863977113443, 0.3194904381920541, 0.11785040980406633, 0.3403727542925353], [0.1743746349727956, 0.3615230674771982, 0.1301791230889635, 0.33392317446104275], [0.3720085481543334, 0.29031666339511597, 0.07261356078454675, 0.2650612276660039], [0.26742560273061905, 0.3053966948984802, 0.18794532625513005, 0.23923237611577092], [0.20054653141367706, 0.18900337095356673, 0.06855479899615685, 0.5418952986365992], [0.15209583880714597, 0.3604618066533378, 0.17889742890426152, 0.30854492563525476], [0.3161592452454983, 0.31642446382824607, 0.08756393055196705, 0.2798523603742886], [0.3642978841024613, 0.2098165111249888, 0.1597355822016496, 0.2661500225709003], [0.39881264280766987, 0.3086575314595707, 0.05259352152643033, 0.23993630420632908], [0.2262870974566607, 0.2447515993248112, 0.15768341905997624, 0.37127788415855195], [0.2857659306265582, 0.3720980679155399, 0.1027904969859554, 0.23934550447194644], [0.14317929664269702, 0.1573899794527471, 0.08166918179400098, 0.617761542110555], [0.1721263681046544, 0.4792606728582477, 0.12250840300466344, 0.22610455603243454], [0.11485644923931942, 0.23263745191176988, 0.2696950219438176, 0.382811076905093], [0.21972023389331766, 0.15718767836688355, 0.15052919737825932, 0.4725628903615393], [0.20230925221191254, 0.30396514085380666, 0.18914139802460078, 0.30458420890968], [0.20085253802104594, 0.2676542530266368, 0.2734775529587025, 0.2580156559936148], [0.11992954909196647, 0.45417624546301477, 0.12379769162006533, 0.30209651382495345], [0.26928160210389757, 0.19696750247018313, 0.1435623799501069, 0.39018851547581235], [0.1981500820326001, 0.2807630344868573, 0.13835781813978343, 0.38272906534075923], [0.35952926783609346, 0.26695605264507777, 0.11003535280420375, 0.26347932671462493], [0.10250780711447928, 0.2036768494620567, 0.3909698495307334, 0.30284549389273063], [0.12600324711965064, 0.2661941367984989, 0.18055150737484715, 0.4272511087070033], [0.27636950973008645, 0.2602359671281103, 0.1157496112127375, 0.3476449119290657], [0.29479466068327825, 0.2295987479900636, 0.138314210867637, 0.33729238045902116], [0.3431265968384427, 0.3908048679874022, 0.11307348723190346, 0.1529950479422516], [0.3208945138065724, 0.20956486943327096, 0.08179440398811297, 0.38774621277204363], [0.3394574155386599, 0.2537473933221507, 0.0920930219733739, 0.3147021691658154], [0.22209461438319553, 0.15029951519697346, 0.07656973150379565, 0.5510361389160353], [0.22204863370767552, 0.2723673891162884, 0.09037707924019707, 0.415206897935839], [0.1752574809852198, 0.30641418223187383, 0.09136681455130821, 0.42696152223159833], [0.13575126797598572, 0.4950464151880185, 0.08454307284325538, 0.28465924399274056], [0.19263729523793185, 0.17736996657391776, 0.07897239190279001, 0.5510203462853603], [0.2561569314680908, 0.24516706148381287, 0.19850193079245473, 0.30017407625564174], [0.1123808162711082, 0.609116675880443, 0.08015081303180165, 0.19835169481664705], [0.29420503441041684, 0.37890877437741166, 0.06514512383674369, 0.2617410673754277], [0.12192067248326802, 0.4056556012197634, 0.06893480054691563, 0.40348892575005285], [0.18718382579654833, 0.32531191359551714, 0.06162939164520322, 0.4258748689627315], [0.16645404927980467, 0.29975516163751487, 0.1324707847884147, 0.40132000429426584], [0.1467845606115981, 0.4367719712241659, 0.12036569802883187, 0.29607777013540404], [0.19701174727571324, 0.22104643858831735, 0.12917425684623132, 0.4527675572897382], [0.1125757247070286, 0.1930242440018406, 0.1181538924632362, 0.5762461388278947], [0.4344206097181672, 0.12380629537871259, 0.13367435943565684, 0.30809873546746347], [0.18181050994308723, 0.3153696843530492, 0.08104306353141862, 0.4217767421724451], [0.22538002488369235, 0.3976073350769854, 0.13023807865790626, 0.2467745613814159], [0.20213616188063618, 0.4502849862057903, 0.09431028993074989, 0.2532685619828238], [0.22487771976699514, 0.3660276751032071, 0.09179503479359831, 0.31729957033619943], [0.11202431726640333, 0.3738511851026081, 0.2732211318437289, 0.2409033657872595], [0.2126554945669349, 0.5422581114770793, 0.09562363118513609, 0.14946276277084963]]}}