{"test": {"ids": ["112120670", "99105921", "98107010", "107114950", "100120010", "112119980", "101108500", "110114651", "98109230", "111120190", "111120591", "113119340", "110119891", "108114670", "104111711", "112117660", "99111000", "97116790", "109121640", "112116990", "103109021", "100116790", "108115070", "113120531", "112121351", "100112060", "100110050", "105115900", "103109641", "104113380", "107117010", "111115780", "101108580", "103117461", "97105960", "101115190", "113122430", "105113330", "105113620", "102110500", "111116100", "106121220", "112118161", "99109161", "113119300", "109114651", "113121750", "105115720", "99109840", "101112540", "108118301", "98110230", "107114490", "105119950", "100107920", "102117351", "113118620", "105116980", "99108010", "111121190", "103113640", "110120531", "105118740", "110121140", "104119290", "98121790", "104112470", "109120150", "109117271", "113121980", "104109311", "107114200", "99110730", "101109000", "99109311", "111115400", "111121220", "113117340", "105113440", "97107821", "101108121", "111119340", "97105580", "109115211", "110115250", "113121410", "111118910", "111114321", "100111270", "97113260", "104111830", "112118550", "106115120", "98108580", "112117780", "109119591", "98110810", "112118890", "111118810", "111116040", "110115580", "102109850", "108118060", "103111540", "98117740", "101109370", "106120640", "104111880", "109113591", "108120700", "106114880", "113119480", "109113931", "113118820", "99107640", "105113170", "109113281", "110116300", "106116370", "111120531", "109119010", "109118820", "103111480", "112120630", "107113550", "109121351", "108118291", "110117500", "112117030", "105113480", "101111140", "111119930", "108121410", "97112300", "113120591", "97116800", "102116340", "110118121", "110113591", "104116800", "102110050", "98106680"], "labels": [2, 1, 3, 3, 0, 0, 3, 3, 1, 3, 1, 0, 3, 3, 1, 0, 2, 2, 0, 0, 0, 2, 1, 0, 0, 2, 3, 3, 1, 1, 1, 1, 0, 0, 2, 1, 2, 3, 0, 3, 3, 1, 0, 3, 1, 3, 0, 1, 2, 2, 1, 3, 3, 3, 0, 1, 3, 0, 2, 1, 1, 0, 1, 3, 1, 2, 1, 2, 0, 2, 3, 2, 3, 1, 1, 0, 3, 2, 0, 2, 0, 3, 1, 0, 1, 0, 0, 1, 2, 1, 3, 3, 1, 0, 0, 0, 1, 3, 0, 0, 1, 1, 1, 1, 2, 1, 3, 3, 3, 2, 0, 3, 1, 0, 1, 0, 0, 3, 2, 0, 3, 3, 0, 3, 0, 0, 3, 1, 2, 0, 2, 1, 0, 2, 0, 0, 3, 3, 0, 1, 3, 1], "predicted_labels": [1, 3, 1, 3, 3, 1, 3, 3, 2, 3, 3, 0, 1, 3, 3, 3, 3, 2, 2, 2, 0, 1, 1, 3, 1, 3, 1, 3, 2, 3, 1, 3, 0, 1, 3, 0, 1, 3, 2, 3, 1, 3, 0, 0, 3, 3, 1, 1, 2, 1, 1, 1, 1, 0, 3, 1, 1, 3, 1, 0, 3, 0, 2, 0, 0, 1, 2, 2, 3, 1, 0, 1, 2, 3, 1, 3, 1, 3, 1, 3, 3, 3, 1, 3, 1, 3, 1, 1, 2, 2, 3, 1, 3, 3, 3, 1, 1, 3, 3, 3, 1, 2, 3, 1, 1, 0, 1, 3, 3, 1, 1, 3, 2, 1, 1, 3, 0, 1, 3, 0, 3, 0, 0, 0, 3, 3, 1, 0, 1, 1, 0, 3, 3, 3, 3, 0, 3, 1, 0, 3, 2, 2], "confidence_scores": [[0.15519014248558868, 0.47274920128201775, 0.0392243566885736, 0.3328362995438198], [0.03402682984410359, 0.3957826546635674, 0.03716857367722132, 0.5330219418151078], [0.0979928002098293, 0.42025639599053227, 0.3415695253299224, 0.14018127846971606], [0.3356738747234441, 0.1783861138887856, 0.09054199500762083, 0.39539801638014954], [0.03576373788280954, 0.016419072107650482, 0.4725494280175799, 0.47526776199195997], [0.13806554222898262, 0.5897828633794635, 0.017777840768508038, 0.2543737536230457], [0.008405936521261148, 0.018495255210642273, 0.4207732954657347, 0.552325512802362], [0.10746146022373075, 0.03736532616516797, 0.08388308091829537, 0.7712901326928059], [0.02330173500744643, 0.010942502645173073, 0.8842996315952444, 0.08145613075213604], [0.17200844360201314, 0.02843033960889569, 0.3935873087649384, 0.4059739080241528], [0.3436242713904159, 0.0942138177152638, 0.011421063920843794, 0.5507408469734765], [0.634774110250272, 0.055591622660217686, 0.0052390003768555985, 0.30439526671265466], [0.1655829415406406, 0.7953997303120881, 0.007154224094723477, 0.03186310405254764], [0.07062107597570447, 0.3313844401046356, 0.00815930452360067, 0.5898351793960593], [0.14846433979610577, 0.204309702580072, 0.14657703818250462, 0.5006489194413176], [0.2712347284338313, 0.22038390500917826, 0.014518691918884242, 0.4938626746381061], [0.014692438795682402, 0.06384811897840992, 0.0906044732227665, 0.8308549690031413], [0.37020201042982764, 0.10258568143965083, 0.4363553757283068, 0.09085693240221474], [0.27926802084098745, 0.14062435013279784, 0.3157846923880061, 0.26432293663820866], [0.03206850228128942, 0.009569116379163953, 0.5675058337527267, 0.39085654758682004], [0.6748087490152046, 0.06577275069676507, 0.0772691616282133, 0.18214933865981717], [0.15460519156866892, 0.43828774702836204, 0.33765749083526647, 0.06944957056770243], [0.1522837668931082, 0.6750337051510248, 0.023764901408028664, 0.14891762654783836], [0.20696082327985452, 0.0933756384904436, 0.05125956215430076, 0.6484039760754011], [0.04412560126483445, 0.4352065292623474, 0.15192247114993992, 0.36874539832287834], [0.08654692981240275, 0.03115897979747854, 0.1222171047525967, 0.7600769856375219], [0.023648371454637405, 0.5270089319577439, 0.4231597496028342, 0.026182946984784447], [0.15000089319731452, 0.055025436168273226, 0.014987501993802001, 0.7799861686406103], [0.13178774426500292, 0.3119922350496581, 0.33902108168689016, 0.21719893899844878], [0.22884493810689613, 0.024160516597611884, 0.038246028646145465, 0.7087485166493466], [0.05075177824529878, 0.4676679748058111, 0.16933924657595123, 0.31224100037293884], [0.009279577768289747, 0.12527689882781456, 0.13211789022790715, 0.7333256331759886], [0.8366804794048589, 0.027932385578137695, 0.08449017886166493, 0.050896956155338346], [0.01263972983928691, 0.5576564099530598, 0.009704066628950759, 0.4199997935787027], [0.16982698158736392, 0.00929515042477223, 0.1902685205086214, 0.6306093474792425], [0.6749174019695587, 0.1542556937515434, 0.043202603711962946, 0.12762430056693486], [0.0033329433264178104, 0.900425854282531, 0.04489581894241264, 0.05134538344863856], [0.09641061058867491, 0.15258763605387773, 0.005250203681478563, 0.7457515496759689], [0.016318181768287917, 0.23681375690679568, 0.41262052292491525, 0.3342475384000012], [0.24238467392963284, 0.006333565822750277, 0.10943179017870737, 0.6418499700689095], [0.19344423281609913, 0.7270269394904418, 0.008103928306935982, 0.07142489938652309], [0.005108500023366753, 0.1878899149322464, 0.07307241575581805, 0.7339291692885689], [0.8832634484967203, 0.05683757305046035, 0.008191205257021961, 0.05170777319579741], [0.6980199371039991, 0.10002421967105093, 0.11902110590864919, 0.08293473731630076], [0.12725387013589765, 0.33829417781027116, 0.030796381709739126, 0.5036555703440921], [0.13197104841366117, 0.13534926683970103, 0.01594409474545754, 0.7167355900011801], [0.33144784410065004, 0.4400567301573667, 0.01332018298710808, 0.2151752427548753], [0.19360947289145028, 0.672030177495608, 0.09900949542323392, 0.03535085418970777], [0.032882886684944546, 0.052879494596616824, 0.8841919630281759, 0.03004565569026284], [0.06021123286106906, 0.7870296362880456, 0.034617976416501516, 0.11814115443438378], [0.006019049740156285, 0.5700257501978366, 0.012773506133743309, 0.4111816939282637], [0.011831536968883252, 0.8967495294454975, 0.022339990232304593, 0.06907894335331471], [0.09989110235160437, 0.537532707105591, 0.059582092763898975, 0.30299409777890574], [0.6614488675429353, 0.05565254637326698, 0.19742702605966103, 0.08547156002413654], [0.2381102138003074, 0.05450349600824208, 0.011215252370587014, 0.6961710378208635], [0.060885751301826614, 0.7192714411619343, 0.005367528859480993, 0.214475278676758], [0.006955362073971653, 0.6998673450744389, 0.00847236925689296, 0.28470492359469635], [0.07966122369321593, 0.0377148650398879, 0.003322001434840219, 0.8793019098320559], [0.06057928918987457, 0.7045818017592957, 0.21395738763997818, 0.020881521410851474], [0.9173442959804463, 0.0263001208216378, 0.024691402229111637, 0.03166418096880437], [0.26391677596187285, 0.009423917638675252, 0.006657274781833534, 0.7200020316176182], [0.7637938091298792, 0.19270377398658475, 0.00655422042195359, 0.036948196461582525], [0.026078349760578014, 0.10114277366387034, 0.7129593211989694, 0.15981955537658218], [0.8877534227131195, 0.03131357646007546, 0.018908986887219502, 0.06202401393958569], [0.31193912910620625, 0.21211877321613434, 0.17245502478545094, 0.3034870728922085], [0.27519390536911603, 0.4094463923735078, 0.12177424573596934, 0.19358545652140688], [0.0915424895162898, 0.2533307598017372, 0.33374043854189167, 0.32138631214008134], [0.09851266684994608, 0.2217198396653291, 0.6715125809927985, 0.008254912491926402], [0.0846229867307515, 0.1868580783776881, 0.027554995859991112, 0.7009639390315693], [0.11855808285472795, 0.6263453253314873, 0.019972138666069346, 0.2351244531477154], [0.4476247030649409, 0.034853578500176396, 0.1295514521253864, 0.38797026630949627], [0.07700860860256027, 0.8849964097239131, 0.00851284146017856, 0.029482140213348027], [0.010700706855920198, 0.007131095919774588, 0.9376089712800617, 0.04455922594424342], [0.06706490044818175, 0.095916268878971, 0.011864321458021956, 0.8251545092148252], [0.16791972133469954, 0.6758474030760083, 0.10055050188058268, 0.05568237370870954], [0.2674391953403744, 0.10808284740278785, 0.09782490883826625, 0.5266530484185715], [0.08094152142846585, 0.5135929390512722, 0.021532769620194504, 0.3839327699000675], [0.13189288617503345, 0.30885825477123596, 0.023947658383751704, 0.5353012006699789], [0.03161693165067179, 0.5781538246309416, 0.2460247271676799, 0.14420451655070687], [0.14584419216781674, 0.10583943368278591, 0.04746565303219002, 0.7008507211172074], [0.4492984539272825, 0.038589488358656034, 0.01409190080660399, 0.4980201569074575], [0.042683824293426646, 0.14014302826276762, 0.09041518196148304, 0.7267579654823227], [0.0013718462995839734, 0.9506898399774224, 0.034099975622729005, 0.013838338100264838], [0.03274396344654005, 0.05503856472021395, 0.023783532919781684, 0.8884339389134644], [0.006334971809144777, 0.8217342472264315, 0.021488475192602986, 0.15044230577182063], [0.11466268117325443, 0.2294568844139131, 0.013534884207970036, 0.6423455502048625], [0.07008085586259263, 0.4369833210918877, 0.19363015715108067, 0.29930566589443897], [0.13206423985249344, 0.4452618208828945, 0.01777438649339305, 0.40489955277121903], [0.0671071660482339, 0.07623761682961262, 0.690011498097292, 0.1666437190248615], [0.18014097773178211, 0.012392500207372608, 0.7050153380068808, 0.10245118405396438], [0.004584221018682542, 0.38449262567368453, 0.003263848899324989, 0.607659304408308], [0.226152540415558, 0.40874430983897725, 0.051973182420994773, 0.31312996732446996], [0.2082250193133524, 0.0865734447244296, 0.005596052485297326, 0.6996054834769208], [0.16488355479871625, 0.21869403363594625, 0.2318541792844, 0.3845682322809374], [0.01782768887143499, 0.17032023501677546, 0.0049144575731346046, 0.806937618538655], [0.06438656759274597, 0.618166323314687, 0.2696716869647822, 0.047775422127784795], [0.013192945769767211, 0.5078132944684128, 0.42698443978546063, 0.052009319976359304], [0.0831836438458101, 0.1652089942313572, 0.18184560957989931, 0.5697617523429334], [0.15975594025781886, 0.02114010170374996, 0.10539955235447156, 0.7137044056839597], [0.08601475150698265, 0.003440108115353424, 0.005105468081506788, 0.9054396722961572], [0.21290130373324084, 0.686274013822997, 0.05764725942985748, 0.04317742301390463], [0.028558272623440108, 0.01731270884552821, 0.5102906660626686, 0.4438383524683631], [0.021520359042944758, 0.05227624697931191, 0.03435075830216142, 0.8918526356755819], [0.31534806978844165, 0.5924843089574393, 0.023769807464439727, 0.0683978137896794], [0.21523993101341624, 0.34878665445470136, 0.11570349757906302, 0.3202699169528194], [0.6908942355657834, 0.012956539728659204, 0.2770092324320681, 0.019139992273489313], [0.04651505535810591, 0.8245094913912735, 0.11521578591699434, 0.013759667333626322], [0.0025219284381197797, 0.37867785513197666, 0.1379680410790973, 0.48083217535080625], [0.19302938375513878, 0.10852816135471205, 0.0042064171735776285, 0.6942360377165716], [0.10041053168719541, 0.7147348288142458, 0.009720669175084181, 0.1751339703234746], [0.08115894267334917, 0.6021842632784521, 0.2791903730940499, 0.03746642095414895], [0.3388179064885904, 0.09916781875045906, 0.06796808384979774, 0.49404619091115287], [0.2344683146412277, 0.27451833058079694, 0.3975593784658026, 0.09345397631217278], [0.2828167919700439, 0.6845446653779016, 0.003780166267738418, 0.028858376384316126], [0.2673005117707302, 0.6003396797230992, 0.03440677856934276, 0.09795302993682789], [0.04171695351644053, 0.43404006741371737, 0.046470177692850154, 0.47777280137699213], [0.8635864592900363, 0.054108929671149796, 0.01750850603081948, 0.06479610500799453], [0.11075549591011641, 0.45228221512229144, 0.08637639840116353, 0.3505858905664287], [0.4258295684696585, 0.057126774262400135, 0.0717062693095745, 0.44533738795836664], [0.6265635773843506, 0.18928773139978153, 0.009629492382084794, 0.17451919883378306], [0.029553094419138125, 0.34789250621082407, 0.12316289574466367, 0.499391503625374], [0.43188684954611817, 0.3479449838611938, 0.009539551684364975, 0.21062861490832305], [0.46938573264578765, 0.24840648789932301, 0.011636678299847297, 0.27057110115504207], [0.6774450029281828, 0.06818888482520169, 0.006101026064383228, 0.24826508618223225], [0.07340852025474903, 0.14964769711196135, 0.19893219583336166, 0.578011586799928], [0.22892686459726916, 0.09181010255797518, 0.23456999402225726, 0.4446930388224984], [0.303565912666225, 0.45893788004915387, 0.0027240759411847077, 0.23477213134343639], [0.7657070226233589, 0.1714525800009176, 0.004231062648507642, 0.058609334727215946], [0.12941166448921157, 0.4252850318384024, 0.22425086355100388, 0.22105244012138223], [0.12290252972958199, 0.44164050361800244, 0.2968976848573094, 0.13855928179510618], [0.48139671752731333, 0.15102426723180798, 0.2054071142931317, 0.16217190094774692], [0.2292680192487431, 0.13115298189013455, 0.09221782863874936, 0.547361170222373], [0.0055331815497428015, 0.1936484621166256, 0.0076252264949479434, 0.7931931298386837], [0.16616954141021995, 0.02346042383265611, 0.1257597057844496, 0.6846103289726744], [0.2858313398404348, 0.14117272793884195, 0.11453905813246526, 0.45845687408825797], [0.9180666330436922, 0.012487699849618221, 0.0037471197104465026, 0.06569854739624319], [0.03360289558201767, 0.04717050465840411, 0.01764848117763296, 0.9015781185819454], [0.050473813676452234, 0.6317921218406947, 0.016394850293727906, 0.3013392141891252], [0.7507745648436721, 0.18866433433222943, 0.007702939376209204, 0.0528581614478893], [0.08131801214410475, 0.12857884300722947, 0.010576206568254242, 0.7795269382804115], [0.314249154621668, 0.06281282833846868, 0.406255515037483, 0.21668250200238026], [0.09919378799329495, 0.1595726436631005, 0.6916506053150941, 0.049582963028510514]]}, "rewritten": {"ids": ["97105580", "97105960", "97107821", "97112300", "97113260", "97116790", "97116800", "98106680", "98107010", "98108580", "98109230", "98110230", "98110810", "98117740", "98121790", "99105921", "99107640", "99108010", "99109161", "99109311", "99109840", "99110730", "99111000", "100107920", "100110050", "100111270", "100112060", "100116790", "100120010", "101108121", "101108500", "101108580", "101109000", "101109370", "101111140", "101112540", "101115190", "102109850", "102110050", "102110500", "102116340", "102117351", "103109021", "103109641", "103111480", "103111540", "103113640", "103117461", "104109311", "104111711", "104111830", "104111880", "104112470", "104113380", "104116800", "104119290", "105113170", "105113330", "105113440", "105113480", "105113620", "105115720", "105115900", "105116980", "105118740", "105119950", "106114880", "106115120", "106116370", "106120640", "106121220", "107113550", "107114200", "107114490", "107114950", "107117010", "108114670", "108115070", "108118060", "108118291", "108118301", "108120700", "108121410", "109113281", "109113591", "109113931", "109114651", "109115211", "109117271", "109118820", "109119010", "109119591", "109120150", "109121351", "109121640", "110113591", "110114651", "110115250", "110115580", "110116300", "110117500", "110118121", "110119891", "110120531", "110121140", "111114321", "111115400", "111115780", "111116040", "111116100", "111118810", "111118910", "111119340", "111119930", "111120190", "111120531", "111120591", "111121190", "111121220", "112116990", "112117030", "112117660", "112117780", "112118161", "112118550", "112118890", "112119980", "112120630", "112120670", "112121351", "113117340", "113118620", "113118820", "113119300", "113119340", "113119480", "113120531", "113120591", "113121410", "113121750", "113121980", "113122430"], "labels": [1, 2, 2, 2, 1, 2, 0, 1, 3, 0, 1, 3, 1, 2, 2, 1, 1, 2, 3, 1, 2, 3, 2, 0, 3, 2, 2, 2, 0, 0, 3, 0, 1, 1, 2, 2, 1, 1, 3, 3, 3, 1, 0, 1, 0, 1, 1, 0, 3, 1, 3, 3, 1, 1, 1, 1, 0, 3, 0, 0, 0, 1, 3, 0, 1, 3, 0, 1, 2, 3, 1, 0, 2, 3, 3, 1, 3, 1, 1, 3, 1, 2, 0, 0, 3, 1, 3, 0, 0, 3, 3, 0, 2, 0, 0, 0, 3, 1, 1, 3, 1, 3, 3, 0, 3, 1, 0, 1, 0, 3, 0, 0, 3, 1, 3, 0, 1, 1, 3, 0, 2, 0, 0, 0, 3, 3, 0, 3, 2, 0, 2, 3, 0, 1, 0, 3, 0, 0, 0, 0, 2, 2], "predicted_labels": [1, 3, 3, 3, 0, 2, 0, 2, 0, 0, 2, 1, 1, 3, 1, 3, 1, 1, 0, 0, 2, 2, 3, 3, 2, 2, 3, 0, 2, 3, 2, 0, 3, 2, 3, 1, 0, 3, 0, 3, 1, 1, 0, 2, 0, 1, 3, 3, 3, 3, 1, 1, 3, 0, 3, 0, 0, 1, 1, 1, 3, 1, 0, 3, 2, 1, 1, 3, 3, 1, 1, 1, 1, 1, 0, 3, 3, 1, 3, 1, 1, 1, 1, 0, 3, 2, 3, 3, 1, 0, 3, 1, 0, 0, 1, 0, 3, 1, 1, 3, 0, 0, 1, 0, 0, 1, 3, 3, 3, 1, 0, 3, 3, 3, 2, 3, 0, 0, 1, 3, 1, 0, 3, 0, 1, 3, 3, 0, 3, 1, 3, 3, 1, 0, 0, 3, 1, 3, 3, 1, 1, 1], "confidence_scores": [[0.00493638370804688, 0.903978411137419, 0.043801660739761786, 0.047283544414772394], [0.03001018412702061, 0.0013474609014673558, 0.06719513395523004, 0.9014472210162819], [0.12117946808626552, 0.17101729962084336, 0.2519357331701218, 0.45586749912276936], [0.026015492373596804, 0.0040045970874101, 0.028762613432681102, 0.941217297106312], [0.42241895635827387, 0.05239209261569852, 0.2769215078859354, 0.2482674431400923], [0.4504983143413304, 0.019306743588508743, 0.4729661670918607, 0.05722877497830009], [0.816260518742862, 0.032931605209963744, 0.009951396294327687, 0.14085647975284651], [0.24017904493751485, 0.23878177794122615, 0.5028682549902032, 0.018170922131055867], [0.31216108721311664, 0.2947641312679057, 0.09129153864724529, 0.30178324287173247], [0.4295640698030892, 0.1945939650563048, 0.11960370724512397, 0.2562382578954821], [0.047102077380040054, 0.014865231214005249, 0.8485388467137605, 0.08949384469219412], [0.06529804020141168, 0.6467054553916234, 0.010786200903935618, 0.2772103035030294], [0.005748075572407382, 0.6765687628067072, 0.2683092884396497, 0.049373873181235796], [0.1754178521913417, 0.3153549885949031, 0.18764575829233887, 0.3215814009214163], [0.26351158517012063, 0.5041075660989397, 0.106843178786715, 0.1255376699442247], [0.026452887817353648, 0.32514444727494085, 0.13810395018226918, 0.5102987147254363], [0.1738192624297253, 0.7397138924815283, 0.022391011787822775, 0.06407583330092359], [0.12550174038058837, 0.5864446691119364, 0.26298366174920784, 0.025069928758267312], [0.5922469511354678, 0.2858757035769994, 0.07578209123321307, 0.046095254054319856], [0.7574517743041537, 0.19425961420061447, 0.005713952072063318, 0.04257465942316851], [0.03147925449140697, 0.10249775441866026, 0.8316288124931003, 0.034394178596832484], [0.0030408069098700453, 0.007095471431795161, 0.9484744467024715, 0.041389274955863385], [0.06955138869268206, 0.035050210922736004, 0.407447653861844, 0.4879507465227379], [0.15883498182706, 0.1007235129354808, 0.0033936527171521845, 0.737047852520307], [0.02107456008325047, 0.4176881251279362, 0.552587463566275, 0.008649851222538429], [0.09374951256833428, 0.12674548901274008, 0.6834825125856645, 0.09602248583326117], [0.07053458395278525, 0.031842724199672774, 0.12896158790837475, 0.7686611039391673], [0.3617512886103118, 0.16621279509391274, 0.21642068610657436, 0.255615230189201], [0.10552568838140211, 0.010011581537306859, 0.6595837803174637, 0.2248789497638273], [0.2704128621482116, 0.04482847243866352, 0.00922736038687511, 0.6755313050262498], [0.010528206017228205, 0.021262911091447734, 0.6692228013673969, 0.2989860815239273], [0.7445374132498629, 0.033853610592775675, 0.1103793465243682, 0.11122962963299328], [0.08853185561944102, 0.16479863768496752, 0.01701204171018791, 0.7296574649854036], [0.38574790174351337, 0.009390943333144738, 0.565762667624263, 0.039098487299078964], [0.23556632087674234, 0.1971306322629957, 0.15145241980411722, 0.41585062705614473], [0.10651164358099233, 0.4853457686371711, 0.06830745380977474, 0.3398351339720619], [0.8906427880910912, 0.019964962801832204, 0.06098248842325247, 0.028409760683824115], [0.0491363353677699, 0.013693475470723806, 0.37537890001889573, 0.5617912891426107], [0.6770239653515384, 0.1157797251655081, 0.14437652678520504, 0.06281978269774839], [0.14410740212248735, 0.0048480951901532, 0.02278713146089424, 0.8282573712264653], [0.042863973961514035, 0.6488976337728979, 0.23294545539053277, 0.07529293687505523], [0.04740000441887459, 0.8133671683557727, 0.006621840632472253, 0.1326109865928805], [0.8053444483297881, 0.03175497397063221, 0.05836577500375365, 0.10453480269582617], [0.055443754313860116, 0.22103147599152548, 0.5840701940906423, 0.13945457560397206], [0.5292533646045475, 0.2510941744088502, 0.017852183141152313, 0.20180027784545007], [0.37596066087585783, 0.38913601714044405, 0.008776141735321352, 0.22612718024837677], [0.24280012021484745, 0.02366210019014363, 0.022499184495947813, 0.7110385950990611], [0.05598037318847212, 0.39878195146959927, 0.0103261912272509, 0.5349114841146776], [0.07982411243102454, 0.201065114202172, 0.031113623142562462, 0.687997150224241], [0.02749307850495875, 0.30608391557592185, 0.0019081610918563643, 0.6645148448272631], [0.006966970145053823, 0.5578902562540463, 0.0026886071165235473, 0.43245416648437623], [0.0008538434355839608, 0.8124203359769491, 0.02296881895820828, 0.1637570016292587], [0.18890096376531157, 0.21131870088096627, 0.2817384914609322, 0.31804184389278994], [0.6677495582426419, 0.09127374687059216, 0.04783679701461645, 0.19313989787214952], [0.13993442274115858, 0.028718960963555227, 0.0036511187962361283, 0.8276954974990501], [0.4694495368965803, 0.22024440572453718, 0.04213906112910358, 0.26816699624977886], [0.47805481296414737, 0.0639459377577679, 0.18910627306612343, 0.2688929762119613], [0.055031891611200506, 0.7056219967011007, 0.015800670959145342, 0.22354544072855345], [0.003816764783924111, 0.9818930441079458, 0.004590919052577097, 0.009699272055552849], [0.10490312685118175, 0.47950776541189616, 0.16798566037947482, 0.24760344735744727], [0.02633496361734306, 0.16078903346418583, 0.18798911353310602, 0.6248868893853651], [0.274473793016246, 0.4210285367552358, 0.2132066397040968, 0.09129103052442136], [0.6499160518432543, 0.022290858419703963, 0.047187916137219114, 0.2806051735998225], [0.023224306560760577, 0.025287197900003874, 0.0029590981612086504, 0.948529397378027], [0.05169939234007606, 0.1797452084046936, 0.7173863332940799, 0.0511690659611504], [0.40221030618702786, 0.5069484250409853, 0.05756573707247224, 0.033275531699514714], [0.02107030510186655, 0.8776183258108937, 0.07966279458773748, 0.02164857449950225], [0.17588095375386348, 0.09063491324261597, 0.006570047437269405, 0.7269140855662511], [0.2310491590897797, 0.018420531081326356, 0.07465700700004001, 0.6758733028288539], [0.18286717114228215, 0.6684681244103392, 0.13028885499270032, 0.0183758494546784], [0.009587964564341094, 0.3975846063318661, 0.3709860067407307, 0.22184142236306212], [0.07901248306147254, 0.652208373601368, 0.0922844703579536, 0.17649467297920599], [0.04243127604651994, 0.9344324236131856, 0.00744602706591392, 0.01569027327438057], [0.053219457218994994, 0.7447761679570409, 0.02169284924997512, 0.18031152557398886], [0.7412928195229418, 0.012771904586793724, 0.014669959941347595, 0.23126531594891697], [0.08428031114457127, 0.3495829562600487, 0.20997816625526833, 0.3561585663401118], [0.15411811590156727, 0.39103769769820473, 0.03263716207369434, 0.4222070243265338], [0.23746053820909233, 0.5154153276550821, 0.017996275319401712, 0.22912785881642386], [0.06913270146369717, 0.16883841830891552, 0.08733114597769788, 0.6746977342496894], [0.465222566122344, 0.4916964516226403, 0.000564860372031121, 0.04251612188298472], [0.021072972605098085, 0.48031099219753876, 0.03304113629797735, 0.46557489889938575], [0.17897728742780425, 0.7712259932129951, 0.002535315552786211, 0.04726140380641445], [0.003773557681181278, 0.5838314378768055, 0.010308820073455488, 0.40208618436855775], [0.8854500440225692, 0.06181696644851533, 0.011089467211772456, 0.041643522317142814], [0.14303179444235584, 0.12119159348604833, 0.0007147161725492594, 0.7350618958990466], [0.07469612428764441, 0.28352516798385197, 0.5196488370106275, 0.12212987071787611], [0.13331695171316948, 0.13925088895479681, 0.017644994573670723, 0.7097871647583629], [0.09570864471728319, 0.12113972374170015, 0.014353248664843245, 0.7687983828761735], [0.024246172381134592, 0.9227753486246333, 0.018499220958431702, 0.034479258035800445], [0.8058488086548986, 0.07267529222056303, 0.006017780317711465, 0.11545811880682702], [0.050017343385851655, 0.018248356365531418, 0.14790178537852214, 0.7838325148700949], [0.028835561346589045, 0.8460069236708526, 0.1144024653936424, 0.01075504958891596], [0.44582107437714324, 0.14343420549205865, 0.3912050490672713, 0.019539671063526772], [0.47086153058674507, 0.2624857182891049, 0.05099833575005149, 0.21565441537409857], [0.11401253258038253, 0.3419775588135196, 0.3250269767802077, 0.21898293182589007], [0.8311642585356549, 0.15422010670929248, 0.0030443789278114665, 0.011571255827241157], [0.02906789707124866, 0.02595745639602234, 0.02870746046007348, 0.9162671860726556], [0.12295037464023206, 0.2993419430117571, 0.2830481864046135, 0.2946594959433973], [0.05732088134288828, 0.5868626195734503, 0.16470885246792932, 0.19110764661573204], [0.1285302595286309, 0.268653709873432, 0.0734378427958592, 0.5293781878020778], [0.6470472615275384, 0.19373395696764004, 0.0047822754751677505, 0.1544365060296538], [0.616968017313246, 0.14645285232976857, 0.007301037111187407, 0.22927809324579795], [0.04768710208453064, 0.9248003649320427, 0.005132290485004119, 0.022380242498422555], [0.9103289444415332, 0.06054822216747486, 0.005662648475281183, 0.023460184915710697], [0.634399017638392, 0.055846159838121336, 0.11246406208111834, 0.19729076044236823], [0.3061465876858296, 0.4574547690456974, 0.01386461742737745, 0.22253402584109558], [0.22175549557625882, 0.08058790581571908, 0.054497110193792726, 0.6431594884142294], [0.01398291666805078, 0.3492379648059694, 0.18553734162547306, 0.45124177690050665], [0.22969923418765717, 0.005065647598665465, 0.032716399656020835, 0.7325187185576565], [0.17059658749083767, 0.719213161279112, 0.0038701379323894387, 0.10632011329766097], [0.5587964566234269, 0.020142785250174457, 0.12646409815098722, 0.2945966599754114], [0.09249547351203197, 0.24008159111068558, 0.07034954937659528, 0.5970733860006872], [0.025530564053015403, 0.1625633817587636, 0.059781527250678874, 0.7521245269375422], [0.11209644265120974, 0.05497108119536386, 0.021209212319424926, 0.8117232638340014], [0.12225423906172118, 0.03596685290613583, 0.5575572916154512, 0.2842216164166919], [0.3793181305313743, 0.14680819068215295, 0.005773372680631704, 0.46810030610584097], [0.7836716893759097, 0.04629177960245198, 0.005860982325858871, 0.16417554869577927], [0.8167164460980819, 0.07382622409124197, 0.0484166551007108, 0.06104067470996546], [0.15795610903679153, 0.6381668032874787, 0.0077817907904298746, 0.19609529688530014], [0.01170504129661043, 0.013727550772783155, 0.11063719900944544, 0.863930208921161], [0.2409939843901415, 0.45254913866167595, 0.2040757060699425, 0.10238117087824013], [0.7354590444679169, 0.07557039744845567, 0.00529362733425124, 0.18367693074937627], [0.015053454715347156, 0.11057759415182433, 0.010921879332597981, 0.8634470718002306], [0.5925249436586283, 0.3667599190250081, 0.012640680430499538, 0.028074456885864234], [0.31121068936651103, 0.42611729268716053, 0.10901294125354355, 0.1536590766927849], [0.0984941976456207, 0.015437499902362305, 0.4196009969504426, 0.4664673055015744], [0.16921270260190874, 0.37028337960248486, 0.03368195177219955, 0.42682196602340683], [0.4597766690665647, 0.27935102746926366, 0.020538250427757553, 0.24033405303641395], [0.13642596288713965, 0.22521843733753244, 0.051972675965337584, 0.5863829238099904], [0.020795596019278606, 0.5304323359407423, 0.013063997687925431, 0.43570807035205356], [0.14811452860697233, 0.2804425779855682, 0.04902639957478455, 0.522416493832675], [0.010372834030289832, 0.37421540568106554, 0.030006628313273193, 0.5854051319753715], [0.4759868047185989, 0.5024472180907306, 0.010486247216533925, 0.011079729974136589], [0.4562579183048648, 0.08823133842789287, 0.010361102012767787, 0.44514964125447465], [0.7992117539098029, 0.03480756795001696, 0.003945525387330296, 0.16203515275284985], [0.3875644234265691, 0.1159657546411836, 0.0422987652863495, 0.4541710566458978], [0.17277686018855268, 0.7351178707047532, 0.00704130371445763, 0.08506396539223648], [0.10512482921635409, 0.23062390816531622, 0.19513408680612188, 0.46911717581220785], [0.0027570805751366916, 0.017879367184995793, 0.0028964500354198715, 0.9764671022044477], [0.05635159387231121, 0.8869961515903734, 0.0029626482631563873, 0.05368960627415905], [0.20757636661533557, 0.47573719848694557, 0.02744701976906857, 0.2892394151286503], [0.0012767368341335876, 0.8489769523085233, 0.01334709709505673, 0.13639921376228642]]}}