{"test": {"ids": ["102110240", "101117580", "101111140", "110114950", "113122220", "104113550", "99111340", "108117360", "113120780", "100111380", "101111210", "113122190", "110118740", "106115240", "97106820", "105112130", "112120990", "110116300", "99108710", "106113360", "111120220", "98121790", "100109890", "105117200", "98110810", "111120190", "102110890", "105118230", "101109370", "108118291", "112120640", "99108000", "106117790", "108115870", "107121640", "103112470", "106114280", "110120531", "97107260", "108119550", "110115250", "112119500", "102109840", "110118181", "107118820", "100108260", "112120670", "100109910", "97106600", "103111170", "98111231", "109116810", "102113350", "101108950", "110117500", "111119300", "100113370", "111117571", "107120880", "110120190", "110114610", "105115570", "99110050", "109120621", "112119320", "105110251", "100108990", "113121010", "112116810", "105115250", "107118520", "108114040", "111120591", "100109311", "105110091", "97114170", "113121810", "103109641", "98108150", "99108080", "102110050", "97116790", "111121351", "111119580", "99121440", "108114200", "107114490", "97110950", "104114230", "111116170", "98116500", "111116100", "106117650", "102112250", "100109360", "101119591", "112118421", "102117351", "113119950", "110117870", "109117110", "107119130", "112118581", "113122120", "111118810", "109120150", "98107210", "110121140", "111121190", "112116900", "110117140", "103109021", "107118490", "97112170", "108114270", "110118880", "101119030", "103113640", "111120531", "104111780", "106114321", "109117271", "108119330", "111117000", "97105580", "98112300", "109119450", "106121190", "99112840", "113118870", "100111620", "109116750", "98111620", "102112030", "103120290", "99108520", "97107821", "108116481", "108113740", "103120531", "107115250", "103110050"], "labels": [3, 3, 2, 0, 1, 1, 1, 1, 0, 3, 2, 1, 3, 1, 1, 1, 2, 3, 2, 0, 3, 2, 3, 3, 1, 3, 0, 1, 1, 3, 0, 2, 1, 3, 1, 1, 3, 0, 2, 1, 1, 2, 2, 1, 3, 3, 2, 2, 3, 2, 1, 3, 3, 2, 1, 1, 3, 3, 1, 3, 1, 0, 3, 1, 1, 0, 2, 2, 3, 2, 2, 0, 1, 1, 0, 2, 2, 1, 0, 3, 3, 2, 0, 3, 2, 0, 3, 3, 2, 0, 2, 3, 1, 0, 0, 0, 3, 1, 0, 3, 1, 1, 1, 1, 0, 2, 1, 3, 1, 3, 3, 0, 2, 0, 3, 0, 3, 1, 0, 3, 2, 0, 0, 0, 1, 2, 3, 2, 2, 0, 3, 0, 3, 2, 2, 2, 2, 0, 3, 3, 2, 3], "predicted_labels": [2, 0, 3, 0, 1, 0, 2, 2, 1, 0, 3, 0, 3, 0, 3, 1, 3, 2, 1, 0, 1, 2, 1, 0, 1, 1, 2, 1, 1, 0, 2, 1, 2, 3, 1, 1, 0, 3, 2, 2, 3, 2, 2, 1, 0, 1, 2, 2, 2, 0, 0, 1, 3, 2, 0, 3, 1, 2, 2, 3, 1, 0, 1, 3, 1, 3, 1, 1, 2, 0, 2, 1, 3, 3, 3, 3, 1, 3, 0, 3, 0, 2, 3, 0, 1, 2, 3, 1, 2, 0, 2, 3, 2, 2, 3, 0, 1, 3, 0, 3, 3, 0, 2, 3, 3, 2, 3, 1, 2, 0, 0, 3, 1, 1, 3, 3, 0, 0, 3, 1, 2, 3, 0, 3, 0, 3, 3, 1, 0, 3, 2, 0, 2, 1, 2, 1, 3, 3, 0, 1, 1, 1], "confidence_scores": [[2.747848067577167e-09, 5.785855938081301e-05, 0.9999421378945001, 7.982710543610434e-10], [0.9993708723146439, 0.00045923388504912695, 1.2875977773892553e-06, 0.00016860620252968532], [0.023633753375334538, 8.78240951622132e-06, 0.06471355134361088, 0.9116439128715383], [0.9743693704483148, 0.0020687176147832173, 1.3072451673699393e-05, 0.023548839485228304], [1.4067158891199956e-11, 0.9886382062487659, 5.529773660309123e-09, 0.011361788207393347], [0.7057188288747773, 0.00036904857248392525, 0.2939061311065999, 5.991446138820889e-06], [2.568386514862963e-05, 0.003561753542361889, 0.9959424797819855, 0.000470082810504102], [4.945111962522952e-05, 0.002577249519019262, 0.9922465862450096, 0.005126713116345689], [0.4839347689595119, 0.5126954073103495, 1.3995189415705218e-05, 0.003355828540722895], [0.999910861010341, 8.911460463206212e-05, 1.422779009695099e-08, 1.0157236914726944e-08], [0.08121737209032016, 0.0024562538950982952, 0.001985040143253759, 0.9143413338713278], [0.949289985288389, 0.012572215198354816, 0.03678957974190536, 0.0013482197713507967], [5.796689696246365e-06, 9.556604527024519e-09, 0.47447172253102116, 0.5255224712226781], [0.9998709755156479, 0.00010278724085439711, 2.0447761167078483e-05, 5.789482330842332e-06], [0.005221697791521619, 2.8410060141261184e-05, 0.33459450151422426, 0.6601553906341129], [6.995134746861464e-07, 0.7018229009135178, 0.00026282656741897923, 0.29791357300558857], [0.12350868229579678, 0.005723117236621921, 0.00437914615619993, 0.8663890543113814], [0.023425448027427378, 0.11938250741571864, 0.857075715061531, 0.00011632949532299776], [8.2781059118436e-05, 0.9998239755014042, 4.5185145477217815e-07, 9.279158802266398e-05], [0.9997788403969978, 0.00022115816899680833, 4.4838299791886154e-10, 9.856224802106941e-10], [0.015034755090026093, 0.9845655608905434, 4.390369492768771e-08, 0.0003996401157357506], [5.4809778996897583e-05, 2.467190216949367e-05, 0.9997947913843802, 0.00012572693445353844], [5.493294371750044e-08, 0.999990475144965, 4.2680818933723406e-06, 5.2018401978309714e-06], [0.9824110443273554, 0.016272937741083043, 0.000615841551767288, 0.0007001763797943195], [2.2261311281000707e-05, 0.9988630956766598, 0.001083922735841149, 3.07202762182732e-05], [0.0004925111051319207, 0.5070046717941156, 0.4924746812770378, 2.813582371464906e-05], [0.0015969372695344753, 8.935694534756099e-07, 0.99829085107394, 0.0001113180870718841], [0.00022410108936061262, 0.8549046763121775, 0.007255897870633768, 0.13761532472782823], [0.00010495805371274631, 0.9130133530129523, 0.0868816416082021, 4.732513285274893e-08], [0.7731428169308723, 0.002805252379711976, 0.00011546255748980364, 0.22393646813192583], [5.7118432186698e-07, 0.02318626588973423, 0.9713833204363861, 0.005429842489557705], [1.6938536507323097e-06, 0.9946094212372533, 0.0053024667953430644, 8.641811375287119e-05], [0.0004535965419695248, 0.00793132207235458, 0.9835197655435208, 0.008095315842155204], [5.291313566760276e-06, 8.335990204932769e-10, 0.05698277863180621, 0.9430119292210281], [0.0036477907812897193, 0.8627906916299111, 0.04328736470373098, 0.0902741528850682], [0.048601324368626866, 0.9481948132041292, 0.0030299918257104463, 0.00017387060153343348], [0.7882300768747733, 0.0008738087189804495, 0.0006902442076975074, 0.21020587019854872], [0.0006901742622510775, 0.06405814611366031, 4.203796795066913e-05, 0.935209641656138], [0.0005681222720577336, 0.00015460677626488026, 0.9934814162007419, 0.005795854750935618], [0.01012131400499324, 0.00043707282610748336, 0.8929086964966155, 0.09653291667228367], [0.00041582238960041556, 0.013204082363098696, 0.00028587169629372834, 0.9860942235510073], [4.648067530235374e-05, 0.3969436673111285, 0.6016944299178103, 0.0013154220957588842], [7.266931289567298e-07, 1.225259150170001e-05, 0.9999870205453346, 1.7003458300808866e-10], [0.44263149454125456, 0.5572015637847909, 0.00012196760432815794, 4.497406962631437e-05], [0.5884312377936429, 0.09367203446963616, 0.007369738170216301, 0.31052698956650454], [0.018590539025945742, 0.9716655234726091, 0.003414182886973605, 0.006329754614471685], [0.032439533021148347, 0.11155509384141464, 0.855629767300671, 0.0003756058367660363], [2.049197813249566e-05, 2.5162794620933063e-05, 0.9999543449939924, 2.332541665491497e-10], [3.743049909076812e-06, 3.5282813216306766e-05, 0.9996221773414753, 0.00033879679539940046], [0.6121523121728633, 0.07959982054297346, 0.30329593873771876, 0.0049519285464444725], [0.6074544091727213, 0.008773623648674568, 0.3666929338600004, 0.01707903331860373], [0.0019514921090078245, 0.993883652478117, 0.00017149563741504582, 0.003993359775460112], [5.883477618737774e-06, 0.0016965804063392798, 0.020792745825293037, 0.9775047902907489], [1.139467034733128e-05, 5.4404995993511305e-06, 0.9999808079309186, 2.3568991348575055e-06], [0.9636215243797728, 0.03636237979835219, 7.665858553834092e-07, 1.532923601952343e-05], [4.219722976963507e-12, 2.323646673030442e-08, 3.5777103458103654e-07, 0.9999996189882789], [0.009989001771163956, 0.967502199221466, 0.018235748497511913, 0.004273050509858114], [0.04974386771275073, 0.10805229863596068, 0.8413324220406285, 0.0008714116106599628], [2.463824302416584e-06, 2.089577026218564e-06, 0.9991481502611516, 0.0008472963375198356], [1.986726386805582e-06, 0.023143744868259142, 8.704810950984682e-09, 0.9768542597005432], [0.0001677464028161168, 0.583950497032928, 0.3983872741482042, 0.017494482416051605], [0.9163634626648934, 0.043789818790031645, 0.039833368081022, 1.335046405278191e-05], [2.0746466721023024e-06, 0.9825814524145541, 0.008337893962200695, 0.009078578976573297], [0.10981766716217845, 0.0257661567055822, 0.001159685911378189, 0.8632564902208612], [3.7295904111430445e-10, 0.730510420609582, 0.24820095061141284, 0.021288628406046183], [0.002715937167001161, 0.14919211340004027, 0.0038575272259440754, 0.8442344222070145], [1.9859957767047055e-05, 0.899688253825145, 7.566896088472011e-06, 0.10028431932099953], [3.768802014353969e-07, 0.9874393780615672, 1.1005246167772094e-05, 0.012549239812063717], [0.001586564189466453, 0.004631228449045077, 0.9937542177084143, 2.7989653074192106e-05], [0.9999901159019674, 6.219137140819611e-07, 7.336555374118511e-06, 1.9256289443672906e-06], [0.19156265143647708, 0.03487669803410098, 0.7735473336494417, 1.331687998029935e-05], [0.0003715305323030091, 0.7113126727440775, 0.26354858390232644, 0.024767212821293117], [0.11239837432368599, 0.012586880700915922, 8.412201697996857e-07, 0.8750139037552283], [0.00015180362677432458, 5.047049128905899e-07, 8.046156653766623e-10, 0.9998476908636971], [0.0014248994231292069, 0.0003533565152135375, 0.0003752543276650931, 0.997846489733992], [1.6278635098463474e-13, 0.4341794898790621, 0.0009684139360491263, 0.564852096184726], [1.1757361546050942e-07, 0.9291134688612186, 0.07088641330967833, 2.5548774031434944e-10], [2.923986401966012e-08, 1.3620174849380891e-08, 2.6861051414539105e-06, 0.9999972710348196], [0.504559432768053, 0.05600328118531445, 0.003253859792759833, 0.4361834262538727], [0.37048253034549483, 0.009199595897112493, 0.0003595196312944455, 0.6199583541260982], [0.4280375259756278, 0.00894402648504627, 0.3423341343082258, 0.22068431323110002], [0.0001788454540127715, 2.1528000175151764e-06, 0.9998175086177681, 1.4931282017517477e-06], [0.124983592742969, 0.0002474426950099971, 3.4953276919558873e-06, 0.8747654692343292], [0.9999999739588972, 2.2882145899472417e-13, 1.8809386334682494e-08, 7.231487694443253e-09], [5.578052167199267e-13, 0.9999985775271284, 5.74405744127314e-09, 1.4167282563493593e-06], [0.05576916778125504, 0.2110344922174942, 0.7329308560773004, 0.00026548392395042236], [0.00023092992665630803, 0.028081650119847888, 0.007609121002719405, 0.9640782989507763], [0.00015362184070114178, 0.9943372210912551, 0.0006356130191906732, 0.004873544048852874], [0.00046481364857750985, 0.012727106884804964, 0.6372451661596698, 0.3495629133069478], [0.9463270003491546, 0.053659556316529, 9.637341218820839e-12, 1.3443324679119651e-05], [0.41938617716306265, 0.00015710203646349824, 0.548117595826403, 0.032339124974070876], [0.0037677423102022386, 0.0008198417460723279, 0.0004065631699613125, 0.995005852773764], [0.0002033778306324464, 0.0325891424774989, 0.967035724844465, 0.00017175484740372863], [0.0882868768850424, 0.0003655052773667715, 0.9113203882493973, 2.7229588193355113e-05], [0.0032828182572700215, 0.008803840009832246, 0.027288006613293656, 0.960625335119604], [0.6733487581863918, 2.522593737336638e-06, 0.07701889964985702, 0.24962981957001376], [0.0005393856931298508, 0.6669325398443906, 0.1467843429916339, 0.18574373147084558], [0.006308178588718637, 3.4527751436417664e-07, 1.0830881189634899e-09, 0.993691475050679], [0.711261753979926, 0.029214338252753033, 3.414573386093429e-05, 0.25948976203345997], [3.888252093037884e-06, 0.0005271894876763055, 0.2695362497795934, 0.7299326724806373], [0.003022992052462635, 0.00037183615954418695, 0.0007226593548951628, 0.995882512433098], [0.4775040000254292, 0.36895535283628106, 0.0005144831828638892, 0.15302616395542581], [2.4987235369108835e-09, 0.0005511089760084337, 0.9994477846199081, 1.1039053597569455e-06], [0.1485666416607027, 0.25939204077163047, 1.8630877056676135e-05, 0.5920226866906102], [0.39101256419523783, 0.06284294439387476, 8.685214567145025e-07, 0.5461436228894306], [1.393662343468307e-05, 7.36770193488575e-06, 0.9999779032543901, 7.924202403944791e-07], [2.5945708506583902e-08, 0.393208674411715, 0.014899205580346924, 0.5918920940622295], [0.062430550023199874, 0.5792209555473807, 0.005509878429735526, 0.35283861599968386], [0.0009005747771199118, 0.0002343738145297516, 0.9869130922573073, 0.01195195915104302], [0.914984260140142, 0.0044184197995339874, 4.807394126843257e-06, 0.08059251266619709], [0.6742156110154491, 0.31134236679683824, 0.013031954249552084, 0.0014100679381605851], [0.011811844289727506, 2.9809724214669224e-05, 0.0002069813844155895, 0.9879513646016423], [0.00020173560422021784, 0.9997598377531087, 3.6920385089807575e-05, 1.5062575813279301e-06], [0.0032533073676432158, 0.8564462834181904, 0.0004763916667671002, 0.1398240175473992], [0.12354173661990643, 0.06218133213672085, 0.007302857828263519, 0.8069740734151092], [0.012519373448548613, 1.451090311446199e-06, 2.4200242821395377e-08, 0.9874791512608971], [0.9957354503207425, 0.004258407148200222, 3.160366617693457e-08, 6.110927391267e-06], [0.9046603364424869, 0.02229540031457924, 0.007516685966491569, 0.06552757727644241], [6.93042983416131e-08, 2.0575103891605502e-05, 0.0017726490486629678, 0.998206706543147], [4.9960376046571294e-08, 0.9998466693686452, 2.9527693238080394e-08, 0.00015325114328566735], [0.17386847066667566, 0.23831904895965061, 0.5442716885609027, 0.043540791812771054], [0.002107974341960853, 9.78195525805894e-05, 0.003970546502241857, 0.9938236596032166], [0.9612240955703115, 0.038378083515057164, 0.0003722741076321158, 2.554680699903188e-05], [0.00010414998082978836, 0.0001387850810498382, 4.80400731065247e-05, 0.9997090248650139], [0.9999587602021358, 4.364497743374317e-11, 1.322327061744694e-05, 2.8016483601690852e-05], [1.8974420914211697e-06, 2.927245462784429e-06, 0.03591280728142819, 0.9640823680310177], [0.0002881428166701413, 0.000232997407986409, 0.021351470300921372, 0.978127389474422], [0.00014097598902376447, 0.9988863902236431, 0.0009576873748768203, 1.4946412456344415e-05], [0.9982917148048084, 0.0006979961343041673, 1.5378967236696224e-05, 0.0009949100936509337], [0.0006286789562332612, 0.0027506734194843218, 1.5506102866976268e-06, 0.9966190970139956], [0.15220627517879584, 0.0037204423507915577, 0.8440723607334031, 9.217370094822017e-07], [0.9845575809351835, 0.007502424974708726, 5.186289758508445e-05, 0.007888131192522773], [7.83235359672808e-05, 0.011108721216052152, 0.9887691921696291, 4.376307835162752e-05], [0.09482419408878402, 0.6815751411113921, 0.016743784530314363, 0.20685688026950955], [0.00010494426304235698, 0.17971051556734455, 0.8158936449168406, 0.004290895252772536], [0.09332391516752701, 0.7264233610976536, 0.1800816465480317, 0.00017107718678763698], [0.30732563392332324, 0.0004336589522899916, 0.00949582028655971, 0.6827448868378271], [0.002019055968362056, 9.900355446834917e-09, 1.6029697235096117e-07, 0.99798077383431], [0.5745325029200915, 0.02490598598167099, 0.0442860661028547, 0.3562754449953827], [0.005046247324458398, 0.9924101283138438, 0.002512133833342469, 3.149052835546096e-05], [1.2481340491687165e-05, 0.8440631915845019, 0.15373817624155856, 0.002186150833447795], [2.1466480030034284e-05, 0.9996195336650304, 0.00027424880977343125, 8.475104516627895e-05]]}, "rewritten": {"ids": ["97105580", "97106600", "97106820", "97107260", "97107821", "97110950", "97112170", "97114170", "97116790", "98107210", "98108150", "98110810", "98111231", "98111620", "98112300", "98116500", "98121790", "99108000", "99108080", "99108520", "99108710", "99110050", "99111340", "99112840", "99121440", "100108260", "100108990", "100109311", "100109360", "100109890", "100109910", "100111380", "100111620", "100113370", "101108950", "101109370", "101111140", "101111210", "101117580", "101119030", "101119591", "102109840", "102110050", "102110240", "102110890", "102112030", "102112250", "102113350", "102117351", "103109021", "103109641", "103110050", "103111170", "103112470", "103113640", "103120290", "103120531", "104111780", "104113550", "104114230", "105110091", "105110251", "105112130", "105115250", "105115570", "105117200", "105118230", "106113360", "106114280", "106114321", "106115240", "106117650", "106117790", "106121190", "107114490", "107115250", "107118490", "107118520", "107118820", "107119130", "107120880", "107121640", "108113740", "108114040", "108114200", "108114270", "108115870", "108116481", "108117360", "108118291", "108119330", "108119550", "109116750", "109116810", "109117110", "109117271", "109119450", "109120150", "109120621", "110114610", "110114950", "110115250", "110116300", "110117140", "110117500", "110117870", "110118181", "110118740", "110118880", "110120190", "110120531", "110121140", "111116100", "111116170", "111117000", "111117571", "111118810", "111119300", "111119580", "111120190", "111120220", "111120531", "111120591", "111121190", "111121351", "112116810", "112116900", "112118421", "112118581", "112119320", "112119500", "112120640", "112120670", "112120990", "113118870", "113119950", "113120780", "113121010", "113121810", "113122120", "113122190", "113122220"], "labels": [1, 3, 1, 2, 2, 3, 0, 2, 2, 1, 0, 1, 1, 3, 2, 2, 2, 2, 3, 2, 2, 3, 1, 2, 2, 3, 2, 1, 0, 3, 2, 3, 3, 3, 2, 1, 2, 2, 3, 3, 0, 2, 3, 3, 0, 2, 0, 3, 1, 0, 1, 3, 2, 1, 1, 2, 3, 3, 1, 2, 0, 0, 1, 2, 0, 3, 1, 0, 3, 2, 1, 1, 1, 2, 3, 2, 2, 2, 3, 1, 1, 1, 3, 0, 0, 3, 3, 0, 1, 3, 0, 1, 0, 3, 1, 0, 3, 2, 1, 1, 0, 1, 3, 3, 1, 3, 1, 3, 0, 3, 0, 3, 3, 0, 0, 3, 0, 1, 3, 3, 3, 0, 1, 1, 0, 3, 3, 3, 1, 1, 2, 0, 2, 2, 0, 0, 0, 2, 2, 1, 1, 1], "predicted_labels": [0, 2, 3, 2, 0, 3, 3, 1, 2, 3, 1, 1, 3, 2, 3, 1, 2, 1, 3, 2, 1, 1, 2, 0, 1, 0, 3, 3, 3, 1, 2, 0, 0, 1, 2, 2, 3, 3, 0, 0, 0, 2, 2, 2, 3, 0, 0, 3, 3, 3, 3, 1, 1, 1, 0, 1, 2, 1, 2, 3, 3, 1, 1, 0, 0, 0, 1, 0, 0, 2, 0, 1, 2, 1, 3, 1, 1, 2, 1, 0, 2, 1, 0, 1, 0, 3, 3, 3, 2, 0, 0, 2, 2, 1, 1, 3, 1, 2, 0, 3, 0, 3, 1, 0, 1, 3, 0, 2, 3, 1, 3, 1, 3, 1, 3, 2, 1, 3, 0, 3, 1, 2, 0, 3, 3, 2, 3, 2, 2, 2, 1, 3, 2, 1, 3, 3, 0, 1, 1, 3, 0, 3], "confidence_scores": [[0.9970559639773229, 2.902035973072246e-10, 0.0005104510684323279, 0.0024335846640411592], [0.002239489107716899, 4.0272882560248106e-05, 0.9829697037860665, 0.014750534223656454], [0.01250832411363115, 0.004541026741460534, 0.13458838495486738, 0.8483622641900409], [0.00010911641919153323, 8.714921533929306e-06, 0.9998695241144442, 1.2644544830230117e-05], [0.8967211511136143, 0.0013982999500267896, 0.0006301988092201638, 0.10125035012713873], [0.008178988381031291, 0.10971685463715047, 0.02949433735202913, 0.8526098196297891], [0.19618011753505182, 0.008096349825759035, 0.0010559038746430762, 0.794667628764546], [1.0245796655634198e-12, 0.9485395468362219, 0.00162954686572297, 0.04983090629703048], [1.2192185983880036e-05, 0.02223071247889723, 0.9668288995566485, 0.010928195778470531], [1.3254123518812941e-12, 0.00045884559803537647, 0.00034969691167752485, 0.9991914574889618], [0.0028296908396302717, 0.9959658315245145, 6.4321709362807826e-06, 0.0011980454649188725], [1.582648218591789e-06, 0.9995865264164431, 0.0001627615269854509, 0.0002491294083528695], [0.03407313049500875, 0.00017152839424466675, 0.0050876905167212445, 0.9606676505940253], [0.0010328075335240793, 0.006712021556226521, 0.9919695477370744, 0.0002856231731749855], [0.00025451825958781383, 9.067728049652422e-08, 0.0017962519319039423, 0.9979491391312277], [0.40887600047340855, 0.5544623892939126, 0.013937164519696385, 0.02272444571298267], [0.04465271948419194, 0.046515699030143846, 0.9039137493419719, 0.0049178321436922755], [7.273440968883784e-08, 0.9968152359228495, 0.0031520781685290423, 3.2613174211651616e-05], [0.4035334207101653, 0.00023567972135890398, 0.0012346697993607385, 0.594996229769115], [0.029738155152199384, 0.06660078877349994, 0.9014603679166882, 0.002200688157612543], [6.892410957882556e-07, 0.9999388301202373, 5.77636450857317e-07, 5.99030022158762e-05], [0.004415166639866952, 0.5885966924133275, 0.35814837533930566, 0.04883976560749985], [3.22974413782502e-07, 1.5608606086727837e-05, 0.999960075380421, 2.3993039078472214e-05], [0.9995326763642163, 0.00028591305119387287, 7.96989038948328e-06, 0.0001734406942003645], [1.2117267775690763e-11, 0.9999998867816514, 1.9124527831724916e-10, 1.1301498622035893e-07], [0.7404196789786393, 0.04925563873588029, 0.0010438392468726835, 0.20928084303860772], [4.4856861848805616e-07, 0.0050534632743653865, 1.6782053518262282e-06, 0.9949444099516643], [2.180032583190177e-05, 1.1199546852512423e-05, 2.436369711245439e-07, 0.9999667564903444], [3.0562090707830776e-05, 0.07216471186944286, 0.12763365224039344, 0.8001710737994558], [6.769382010935356e-05, 0.9989321941050363, 1.552864751691208e-05, 0.0009845834273374977], [0.00020448463448519412, 0.0004802943562666482, 0.9993151718847166, 4.9124531491211e-08], [0.9960580099816102, 0.003941804163934685, 1.7294691908282885e-07, 1.2907536074411057e-08], [0.7286990483335444, 0.0015169604018320055, 0.26978124774185247, 2.743522771090638e-06], [0.00037268311125312933, 0.9959018035162825, 0.0037233318142023395, 2.1815582618402733e-06], [0.26332660969832894, 0.001078833427989249, 0.7355748749791869, 1.9681894494827434e-05], [8.990386347480627e-07, 0.34958517370965864, 0.6498083729040792, 0.0006055543476274826], [0.10877511339043769, 0.0020498260993438958, 0.046563027490340095, 0.8426120330198782], [0.2373878717493586, 0.017514082247649353, 0.0006297604802518276, 0.7444682855227401], [0.790842833780626, 0.20906902062654872, 2.3738597402317147e-06, 8.577173308492923e-05], [0.5730407707994248, 0.42695742514836205, 3.921135367976354e-07, 1.4119386764142024e-06], [0.9968519969478249, 1.1329966474364949e-08, 0.0001276655489449833, 0.00302032617326357], [4.4487492263990254e-05, 0.0001253391541604293, 0.999830172622299, 7.312765803236944e-10], [0.0007536952825669586, 0.0003740567488716884, 0.5336253384166382, 0.46524690955192316], [1.1461688621193281e-07, 3.3963531639248107e-06, 0.9999964873405223, 1.689427546256152e-09], [0.009155396246665124, 0.2020065600244567, 0.0451020567027971, 0.743735987026081], [0.49419210962353793, 0.3851054432549495, 0.03501578098185639, 0.08568666613965618], [0.8228949641081916, 0.011268470294486316, 0.1658363879030151, 1.7769430698751365e-07], [3.9942321205064856e-07, 6.548164316120025e-08, 7.660004706180227e-06, 0.9999918750904385], [0.02115893414172827, 6.373312166706538e-07, 1.778125477233359e-10, 0.9788404283492426], [0.00044635348761275267, 0.0030659287509880086, 1.182635050106959e-05, 0.9964758914108982], [1.3435295581669565e-07, 0.053201525964453676, 1.3860343350764173e-06, 0.9467969536482554], [0.05125919638123815, 0.6679673076798818, 0.004242307076428866, 0.2765311888624513], [0.06355019790266271, 0.8312742513123103, 0.10402635574885134, 0.0011491950361758514], [0.30444440972022785, 0.6941058757002736, 0.0013636585248990823, 8.605605459966769e-05], [0.6748042646762961, 0.02629542018304188, 0.0003348278553158697, 0.29856548728534615], [1.6204088530106165e-05, 0.9942256346233985, 0.004074559483800305, 0.0016836018042709912], [0.03198740430272869, 0.05991937550999244, 0.9038616699051496, 0.004231550282129257], [1.6270365505453405e-08, 0.9999497497203832, 2.7758016664092715e-09, 5.023123344948046e-05], [0.09134290755084769, 0.00013644169106232567, 0.9085187193506112, 1.93140747869389e-06], [1.9110638013975978e-06, 1.2773617368583857e-05, 0.01907750360497193, 0.980907811713858], [2.973633395020512e-05, 4.301608746606687e-05, 0.0002588253565513539, 0.9996684222220323], [0.011753221419545731, 0.8766326387961885, 0.00022727225995374992, 0.11138686752431187], [1.329935659065832e-06, 0.9994846960856147, 0.0002947626478981738, 0.00021921133082802277], [0.9999993905138826, 1.216459336751491e-07, 4.051876469262425e-07, 8.265253689728427e-08], [0.8514673113807634, 0.1288750333218363, 0.019487812688755237, 0.00016984260864522972], [0.8510293781734202, 0.14134549519623993, 0.003274947873537803, 0.004350178756801998], [3.958407490848852e-06, 0.992006601131605, 0.00785440654388682, 0.00013503391701759237], [0.9980383193595046, 0.0010294255860445706, 0.0009194884678714586, 1.276658657951722e-05], [0.9984869196305818, 0.00041195898501553667, 0.000477698583828735, 0.0006234228005740087], [0.015114510223857628, 0.00933767210116567, 0.9313640026561414, 0.044183815018835275], [0.9998959790075008, 0.00010185618786522661, 1.9891318102185617e-06, 1.7567282375386325e-07], [0.036948976416250216, 0.6270633421265946, 0.33597071739648987, 1.6964060665108383e-05], [5.402203148391819e-06, 0.018936992903801256, 0.9693905877096177, 0.011667017183432693], [1.307860159592608e-07, 0.7149466733438831, 0.1326885758167731, 0.15236462005332777], [6.13288269594604e-06, 0.01704921454760502, 0.009449175627533984, 0.973495476942165], [5.4735666205358224e-05, 0.8065669442171758, 0.1932845875068997, 9.373260971911869e-05], [1.779644527795529e-05, 0.9998505089605331, 0.0001315832345771099, 1.113596116890346e-07], [0.001704025944795153, 0.004331050666951271, 0.9939642420005647, 6.813876888187824e-07], [0.0025941875043881623, 0.968910478494307, 0.0010832312869778584, 0.027412102714326807], [0.9958138865036751, 0.00402634476609975, 3.9937405009984553e-07, 0.00015936935617501854], [0.0003900818148361077, 8.323014122050635e-05, 0.9365737022994893, 0.06295298574445397], [3.6644162496419344e-07, 0.9993798133483909, 0.00013790310652295377, 0.00048191710346116867], [0.7861852199387085, 0.0063244966753987315, 0.0054319231243379965, 0.2020583602615548], [0.004816612684760522, 0.9839225813980934, 0.01118365422753491, 7.715168961131793e-05], [0.6087089455560474, 0.3835983548459996, 0.0076926705687360795, 2.902921692853739e-08], [0.05360468763603094, 0.09980973426315275, 0.00022704286898541815, 0.8463585352318309], [1.6947734422046752e-07, 1.0124309001470358e-08, 0.03840833701590239, 0.9615914833824445], [0.17501098326275152, 1.1596780323457311e-05, 2.541070019621987e-08, 0.8249773945462249], [6.247971990173876e-08, 6.210938897879172e-07, 0.8549581297022648, 0.14504118672412544], [0.9992492820907984, 0.00027977116146322045, 1.8561567961339357e-05, 0.00045238517977696683], [0.993153690673504, 0.005940595208015507, 0.0005432408695960976, 0.000362473248884374], [0.013971744409366292, 0.00013437922913229664, 0.9687048840160821, 0.017188992345419377], [0.20919944609886862, 0.015489816986340848, 0.7739192099559211, 0.0013915269588695943], [0.0026583619668273336, 0.9968379920540898, 0.0001241389628093196, 0.00037950701627340657], [0.014412054264315606, 0.6523874728183128, 0.0008499841490139863, 0.33235048876835765], [0.00010096190024672253, 0.0009050715076569608, 0.00013447594548357276, 0.9988594906466127], [0.00036712455237576793, 0.6900153434172246, 0.026834259904669755, 0.28278327212572996], [0.00010109614889352942, 1.0578518179842683e-06, 0.9998976950530761, 1.509462123098329e-07], [0.9938256553096307, 0.0024409258461322637, 1.7557774844092424e-05, 0.003715861069392992], [5.302968809517938e-06, 0.329431653856562, 0.08290068686521262, 0.5876623563094159], [0.9954709052419328, 0.0028099960922214335, 3.240281380297218e-05, 0.0016866958520427404], [0.0038080403570541197, 0.01247238484035115, 0.011479220523620074, 0.9722403542789746], [0.008166124460974731, 0.9749604287668517, 0.01685628249837056, 1.716427380305285e-05], [0.46374703906601006, 0.09249641738154189, 0.20130114238705266, 0.2424554011653954], [0.13211819006811304, 0.8676470705963041, 0.00021375743542456708, 2.0981900158379904e-05], [6.088128598788037e-08, 0.0039695792965297105, 0.03159334254535167, 0.9644370172768325], [0.9560502432663132, 0.028018492978557265, 1.9155017998508205e-09, 0.01593126183962781], [0.00022319742761804474, 1.87972441934916e-09, 0.9124035112223688, 0.08737328947028868], [0.009417325720814296, 2.438908397440048e-05, 7.652658574910302e-08, 0.9905582086686254], [1.0993217666767812e-08, 0.9992322293264616, 2.28132002187688e-11, 0.0007677596575076833], [0.00037518111988252235, 0.0008109475189830254, 1.661474348805261e-07, 0.9988137052136996], [0.11843960841565182, 0.6627394791442228, 0.12620326589968456, 0.09261764654044069], [0.0010271883414876967, 0.00275222513790569, 0.0009341630085481846, 0.9952864235120584], [4.304316460005531e-06, 0.9999751144228256, 8.290357083164392e-12, 2.0581252424140135e-05], [0.00015043466504260138, 0.27655377158789096, 0.003488872403754029, 0.7198069213433124], [0.0682570233592265, 0.031527771046676166, 0.8903450222264672, 0.009870183367630205], [0.16888241258388684, 0.830528903730514, 1.223233169375594e-07, 0.0005885613622824183], [3.597403338810841e-12, 2.9540374241837045e-09, 3.6446725537051643e-07, 0.9999996325751097], [0.9999997697890698, 1.0336073180597887e-11, 1.3257943682714525e-07, 9.762115719719226e-08], [0.42315670125735394, 0.03002241347586314, 0.0001594473581435374, 0.5466614379086393], [0.00849472779004233, 0.9914339260360443, 6.603591016829241e-08, 7.128013800310316e-05], [0.00034262987222596946, 0.021124667524953813, 0.710002513205257, 0.2685301893975633], [0.6224236839388401, 0.3613230164523143, 2.2750033229504695e-08, 0.016253276858812393], [0.0013306803423454073, 0.0002569680039346821, 0.004394082315330518, 0.9940182693383894], [0.3557392244909152, 0.09352689848727991, 5.289906843584772e-06, 0.5507285871149613], [4.998778884569547e-05, 0.000711450741097006, 0.9992383131245481, 2.4834550908868095e-07], [0.039392144962709354, 0.010467476837839655, 5.759406870263296e-07, 0.9501398022587639], [0.0055940359078914155, 0.32923070278781785, 0.6299618731832582, 0.03521338812103251], [2.8015207087174834e-06, 0.19937341359311112, 0.7443422819036889, 0.05628150298249134], [2.4008681576079867e-09, 0.018472244605360916, 0.9501227839898806, 0.03140496900389027], [0.008202925227207294, 0.8836012973146965, 0.10799258092570391, 0.00020319653239240124], [2.8080743875036556e-05, 0.04714060925495769, 0.2598969625221215, 0.6929343474790457], [0.0003831268259437324, 0.24726929094603378, 0.7520033543170416, 0.00034422791098085164], [0.0014875760865442665, 0.9790207371462508, 0.008680096459016452, 0.010811590308188651], [0.009344042615996855, 0.0007032582364305661, 4.1627457999614945e-05, 0.989911071689573], [0.07313673495131473, 0.00439994126077046, 1.6611009497389573e-06, 0.9224616626869651], [0.9403823603349709, 0.034920910492318824, 0.00010556703478929152, 0.024591162137920914], [7.184962822205288e-08, 0.9675810984652494, 0.00014765338626213052, 0.03227117629886016], [5.770796666917552e-06, 0.9880395229016034, 0.011954698585309436, 7.716420362091073e-09], [2.0376186402078878e-05, 0.004178668615232077, 2.036040073013362e-06, 0.9957989191582929], [0.616139318012882, 0.046230274815503285, 0.29185976267183417, 0.04577064449978048], [7.225388258622948e-11, 0.3010296457007495, 4.777350761456408e-08, 0.698970306453489]]}}