{"test": {"ids": ["110116170", "97112300", "107121700", "107113840", "111120280", "108115250", "113118690", "104117630", "98110710", "110118930", "105114220", "113117630", "113118820", "103120780", "107118820", "100108990", "109121410", "105112260", "112116401", "103112641", "105113190", "107114780", "103110220", "111117200", "109116040", "109117600", "97107920", "108118291", "107119390", "98110680", "111119150", "108118810", "113120830", "110114920", "99121440", "97116800", "104111711", "111115780", "102113210", "106115120", "111116411", "113120640", "109120150", "103120531", "113118620", "103113210", "103111110", "110120640", "100109980", "107115250", "110121170", "99108080", "107116980", "101119030", "112116900", "106114011", "111118810", "106115250", "109117150", "99107560", "112118581", "104112470", "105110251", "101111990", "111117571", "113118810", "101121640", "110117870", "107116501", "109117431", "112116290", "109114651", "99111930", "104111880", "105118740", "108115070", "102112030", "108113480", "105112100", "109121640", "99105921", "102121700", "109117110", "101108370", "110117200", "111119950", "113118511", "113122230", "111117480", "106113170", "98119591", "103113260", "100111390", "105111990", "112119320", "98110230", "102118380", "110118740", "102116500", "108119510", "111116110", "101113210", "110114561", "101109120", "112118161", "112118701", "107114490", "99117740", "113119950", "113120591", "99108580", "108114670", "108114180", "111115770", "107118780", "99108330", "98106880", "111120540", "99108710", "113120260", "106119990", "100115700", "111120260", "101110740", "111116530", "105116650", "107114321", "108121351", "112116451", "112120270", "110116501", "112118421", "112117660", "102121440", "112119120", "113120601", "111119290", "113119120", "109119450", "111114121", "101119591", "107112850"], "labels": [0, 2, 3, 3, 0, 1, 3, 0, 2, 1, 3, 0, 0, 1, 3, 2, 0, 3, 0, 3, 3, 2, 2, 0, 0, 1, 0, 3, 2, 2, 3, 1, 3, 3, 2, 0, 1, 1, 3, 1, 0, 0, 2, 3, 3, 3, 3, 0, 1, 2, 2, 3, 3, 3, 3, 1, 0, 2, 2, 1, 1, 1, 0, 2, 3, 3, 2, 3, 1, 1, 0, 3, 1, 3, 1, 1, 2, 0, 1, 0, 1, 1, 1, 1, 3, 0, 1, 1, 1, 0, 1, 3, 2, 2, 1, 3, 1, 3, 1, 1, 3, 3, 0, 1, 0, 0, 3, 2, 0, 0, 0, 3, 1, 3, 1, 1, 0, 1, 2, 3, 0, 1, 3, 3, 3, 1, 0, 3, 0, 0, 3, 3, 0, 2, 1, 2, 3, 3, 3, 0, 0, 1], "predicted_labels": [0, 0, 3, 1, 3, 0, 1, 0, 1, 3, 1, 2, 0, 1, 1, 3, 3, 1, 0, 2, 3, 0, 3, 3, 3, 1, 0, 3, 0, 2, 3, 3, 2, 1, 1, 0, 2, 1, 1, 0, 0, 3, 2, 1, 1, 1, 3, 3, 1, 2, 3, 0, 0, 0, 0, 1, 0, 1, 0, 0, 2, 3, 3, 2, 0, 3, 3, 2, 0, 1, 0, 1, 1, 3, 0, 0, 1, 3, 3, 2, 0, 1, 1, 0, 0, 3, 2, 1, 3, 1, 1, 1, 1, 1, 2, 1, 1, 3, 2, 2, 3, 3, 0, 0, 3, 3, 3, 1, 0, 0, 2, 1, 3, 3, 1, 2, 2, 1, 1, 3, 3, 0, 0, 3, 1, 1, 1, 3, 0, 1, 3, 3, 3, 1, 0, 2, 3, 0, 3, 1, 0, 1], "confidence_scores": [[0.9615655141066107, 0.01230651562573814, 0.014443190808728286, 0.011684779458922852], [0.951930588121538, 0.037984458934734316, 0.006736911942277585, 0.003348041001450104], [0.0023295740971299547, 0.3876462748440918, 0.010431478295043805, 0.5995926727637345], [0.0032714589267024644, 0.9797480859289892, 0.007593780533211943, 0.009386674611096213], [0.11426284940954508, 0.03277976656200233, 0.016558495338015528, 0.836398888690437], [0.7945033094439979, 0.04539010801761087, 0.15340217372737994, 0.006704408811011278], [0.0026646703187903726, 0.9878141150917814, 0.002930270337914226, 0.0065909442515138745], [0.9880921061032601, 0.0009709239361553471, 0.007098952904271364, 0.003838017056313207], [0.30944508323965636, 0.45863979102037766, 0.008398476912444728, 0.2235166488275211], [0.08718198889551047, 0.24365584794787615, 0.004507663264913543, 0.6646544998916999], [0.18710445604814427, 0.6940852599315296, 0.0036283966055369737, 0.11518188741478932], [0.0287970136439202, 0.36749843556630213, 0.5315865753825783, 0.07211797540719941], [0.4560803660835972, 0.2612986643156185, 0.22069363176438578, 0.06192733783639858], [0.03627365357459557, 0.538418471369884, 0.22797427598601067, 0.19733359906950979], [0.43873236070000293, 0.5230303007074782, 0.0017075605190663727, 0.03652977807345249], [0.0013815451332536658, 0.05588914415757892, 0.007045072292962504, 0.9356842384162048], [0.27952684325733135, 0.0033129837528340727, 0.0008271752285371472, 0.7163329977612976], [0.04777226931038246, 0.6493999803410441, 0.03401058159468532, 0.2688171687538882], [0.9087503897623949, 0.002115346908072849, 0.013273198152887312, 0.07586106517664483], [0.05294728158607259, 0.23632430381708044, 0.7036396219137162, 0.007088792683130598], [0.32797250342393736, 0.0038682630097988517, 0.04135496675344918, 0.6268042668128146], [0.38652838078783824, 0.269053940432926, 0.1272286169532292, 0.21718906182600653], [0.022442579868565092, 0.12812630825461405, 0.21258010326686572, 0.6368510086099551], [0.022784235110896923, 0.3433137859927589, 0.000143268004654339, 0.6337587108916899], [0.11230036048938237, 0.10271661195994734, 0.019371117354677236, 0.7656119101959931], [0.26780517477628546, 0.5282888565235436, 0.15359966057342025, 0.0503063081267507], [0.4196501249640902, 0.3913878038527048, 0.023726718821149212, 0.16523535236205583], [0.16098224776601472, 0.01106834661332961, 0.0013846912187257107, 0.82656471440193], [0.6710982731034386, 0.03632481227225475, 0.21900003487965458, 0.07357687974465198], [0.005016868273217854, 0.39871614792924875, 0.5898821589439031, 0.006384824853630268], [0.09419921465471508, 0.14236627732149287, 0.000942221511605311, 0.7624922865121867], [0.001615729969556247, 0.0028961089422824006, 8.934808328076194e-06, 0.9954792262798332], [0.06436954008424153, 0.012577273079441353, 0.8387691609759141, 0.08428402586040289], [0.007700854876485468, 0.9610445258390587, 0.009961658983521155, 0.021292960300934766], [0.000587576745753333, 0.9974938290330553, 0.0009814262891011262, 0.0009371679320901353], [0.9539768481164085, 0.040767599042877654, 0.005137706411213984, 0.00011784642949980827], [0.016025087527485597, 0.06867342540664355, 0.6271888228527387, 0.2881126642131322], [0.04709602117834978, 0.8567468867519508, 0.025929324446993283, 0.0702277676227061], [0.01909015217209996, 0.6053417201680064, 0.11018412833804471, 0.265383999321849], [0.5604847795486014, 0.43904491267587475, 0.0001043147826940447, 0.0003659929928297778], [0.596174995799573, 0.0009636386087829123, 6.948418516663897e-05, 0.4027918814064773], [0.0005339094662012437, 0.04726765227453144, 0.005334745953915959, 0.9468636923053514], [0.002269277686431088, 0.00743270601156074, 0.9790036815469042, 0.011294334755103845], [0.031981027619391714, 0.9361658870113135, 0.0008910203094057352, 0.030962065059889056], [0.022135006593036383, 0.9768311976264307, 4.372684712734881e-05, 0.0009900689334054978], [0.21325248484732384, 0.5117937346997272, 0.17123906460400212, 0.10371471584894684], [0.010305107064443075, 0.021155169481592316, 0.0016818724987701379, 0.9668578509551944], [0.12739470103298128, 0.04072906765166063, 0.11534432532291582, 0.7165319059924422], [0.40395494245915115, 0.45715813182236964, 0.03464872211400356, 0.10423820360447564], [0.028187332866975008, 0.4641243138982657, 0.48754882907500613, 0.020139524159753293], [0.0020170474987572687, 0.22587075002050713, 0.018636871956291365, 0.7534753305244443], [0.7529679173417677, 0.022007217932907844, 0.028872355572640236, 0.19615250915268426], [0.7422569152815284, 0.25303342905213844, 0.002576138536530994, 0.002133517129802076], [0.957219621694944, 0.031087920251557457, 0.0005129288335442304, 0.011179529219954422], [0.5965047277267639, 0.13540790549930645, 0.0001883292808521643, 0.2678990374930774], [0.046441289466068666, 0.9525005687580097, 0.0003626481532571427, 0.0006954936226646327], [0.7924745725278326, 0.008416072888106325, 7.579103093821177e-06, 0.19910177548096725], [0.03377611226633421, 0.4499725754543469, 0.11277464249585176, 0.4034766697834672], [0.6436258234235515, 0.06686158126672, 0.06859725897601875, 0.22091533633370972], [0.596257582064429, 0.11574014324417886, 0.011021023532088586, 0.27698125115930355], [9.746086395837017e-05, 0.03770075037751849, 0.8784176056078535, 0.08378418315066943], [0.027692661725061858, 0.014961790578570671, 0.020340588998665376, 0.9370049586977021], [0.007706265695357592, 0.02320733082960205, 0.04058103535099366, 0.9285053681240467], [0.008981430693429646, 0.005180713174667336, 0.9709478087772798, 0.01489004735462315], [0.8524194551600492, 0.14019271979254974, 0.0011753544365712106, 0.006212470610829778], [9.251733494019795e-05, 0.00046111318539375203, 5.112177441613853e-05, 0.99939524770525], [0.0011774891975982354, 0.3329989717056816, 0.01735729666499486, 0.6484662424317252], [0.001345312370897958, 0.09817173290924013, 0.5406925784299529, 0.35979037628990906], [0.9188693543590621, 0.020640513306530762, 0.0076270298732325735, 0.05286310246117462], [0.09729962916944286, 0.7965503726136826, 0.013576855970466787, 0.09257314224640789], [0.648374919274133, 0.11722313714967596, 0.005133907461776336, 0.22926803611441443], [0.24445126041257478, 0.6624573952230394, 0.005607959017372937, 0.08748338534701282], [0.0015772806783352247, 0.9965624670747065, 0.0015142382170292667, 0.00034601402992904894], [0.003011538107459775, 0.051538138892372035, 0.03767595010184834, 0.9077743728983199], [0.4181132928795136, 0.0017044140568552243, 0.16301469645129496, 0.41716759661233616], [0.9423416254351171, 0.025739680035902775, 0.026812711930832518, 0.005105982598147448], [0.05495087974244552, 0.8965291729138725, 0.0020650439147670346, 0.04645490342891517], [0.08435588558285592, 0.012437447474874625, 0.01745361038962064, 0.8857530565526488], [0.09746060891935697, 0.18294261591658173, 0.010058906899843264, 0.709537868264218], [0.1643978298865431, 0.027860423577364644, 0.46024615815981496, 0.34749558837627725], [0.9305207229143404, 0.031845840309240515, 0.023512255469526833, 0.014121181306892284], [0.3592200074480179, 0.6378589416571352, 0.0026606817996782605, 0.0002603690951686443], [0.04097669484969752, 0.5155210472601711, 0.007672366623997601, 0.4358298912661337], [0.9909309094378462, 0.0037120676955947796, 0.0033623739504235863, 0.001994648916135346], [0.5809473281025729, 0.06069694384787534, 0.025739428408742732, 0.3326162996408091], [0.10529245802648753, 0.005792830039874102, 0.034473036566490714, 0.8544416753671475], [0.12857799403868142, 0.048027877518780016, 0.5826124940771769, 0.24078163436536165], [0.13364465366790446, 0.8532465014112014, 0.008035571400349259, 0.0050732735205449506], [0.05390605553188495, 0.04440289726774057, 0.013114313041803362, 0.8885767341585711], [0.22924674746739235, 0.7696490132144794, 4.490802633743703e-06, 0.0010997485154946205], [0.2250326035205392, 0.6172276775083234, 0.10539014829653318, 0.05234957067460411], [0.09758936089932323, 0.8186697406542414, 0.011605547936553695, 0.07213535050988179], [0.4056602176547526, 0.48167290479996205, 0.09229055874540079, 0.020376318799884493], [0.37494047506557887, 0.6195288812437488, 0.0021007780482928716, 0.0034298656423793674], [0.00011025234432319826, 0.08781849692878388, 0.8009616964346424, 0.11110955429225036], [0.0074107151540358344, 0.967699001263467, 0.016504169678346718, 0.008386113904150531], [0.0068902392577001904, 0.8295537988055317, 0.15895547234304427, 0.004600489593723889], [0.19974583533120197, 0.0024233520438192483, 0.24701533711564025, 0.5508154755093385], [0.10349828366695772, 0.033250582219076036, 0.8624337857326903, 0.0008173483812759739], [0.13673965773386768, 0.01769399225973903, 0.842113158543437, 0.0034531914629562783], [0.03173700765910765, 0.2847666465156259, 0.02896712406449929, 0.6545292217607672], [0.043521274226802124, 0.004926508011690059, 0.04176339604738916, 0.9097888217141186], [0.576442076827347, 0.3854527203631343, 0.021301325191039295, 0.016803877618479304], [0.33255259547493593, 0.21888727882186665, 0.16260050564224543, 0.285959620060952], [0.007377614539745128, 0.06678413091297597, 0.00013940398862392444, 0.925698850558655], [0.023289154244808933, 0.024738324594310933, 0.013697326343430781, 0.9382751948174495], [0.0013249249467229287, 0.06761992909367115, 0.08551583906547038, 0.8455393068941356], [0.10263544011178646, 0.5086079875562829, 0.37495207555945664, 0.013804496772474056], [0.716405844848166, 0.18875986569490916, 0.004555628785144719, 0.09027866067177996], [0.936979771429516, 0.008001894791322297, 0.00024263809307066564, 0.054775695686090836], [0.17669431881645584, 0.33135528938545344, 0.45348015983926054, 0.03847023195883033], [0.0505191991423396, 0.9437809574615245, 0.003359432641284392, 0.002340410754851469], [6.504249324938125e-05, 0.04599062355053206, 0.004136528648668113, 0.9498078053075504], [0.3215711012444631, 0.23619297766075534, 0.00288083190610887, 0.43935508918867283], [0.015668942456087017, 0.6501874196542651, 0.00227845848619657, 0.3318651794034513], [0.0616484027800061, 0.35479853916152815, 0.48200038393431427, 0.10155267412415134], [0.011092090314688533, 0.008811663048444517, 0.8793483189333786, 0.10074792770348832], [0.07199975712401809, 0.7416035586954226, 0.13002618690798953, 0.05637049727256992], [0.03102195813713868, 0.9371718574504756, 0.003361992055145687, 0.02844419235724001], [0.0033433897389961286, 0.4049676046099764, 0.08808257695763033, 0.5036064286933972], [0.00012421718089928224, 0.0001624424422524103, 0.002554039189278553, 0.9971593011875698], [0.3292313116921988, 0.2759168328360932, 0.07695156857726791, 0.31790028689444005], [0.798152728222124, 0.00795924302224702, 0.00011142939604260457, 0.19377659935958652], [0.00375833664981057, 0.4420883043846711, 0.10807594962473906, 0.44607740934077933], [0.025383498699415332, 0.9722974421402196, 0.002191042111456559, 0.00012801704890845204], [0.005849775483473228, 0.8127501968552931, 0.16533620242708427, 0.016063825234149346], [0.08413002992032932, 0.8680418432614222, 0.04715070398936067, 0.0006774228288879214], [0.0006649363545202833, 0.002344708603267271, 0.006389782539283374, 0.9906005725029291], [0.9807917822160382, 0.004485311224057325, 0.008044381676633506, 0.006678524883270992], [0.007764292999538952, 0.49988492609879887, 0.47667493281723655, 0.015675848084425657], [0.006456662559755073, 0.0019875413520692433, 2.6463279574011572e-05, 0.9915293328086018], [0.2556144311907067, 0.1795577371312289, 0.032134036253704736, 0.5326937954243597], [0.037956415498647894, 0.24032869269713872, 0.0016488506814617725, 0.7200660411227515], [0.0017520480324161234, 0.9326137927638284, 0.010363102403306089, 0.05527105680044941], [0.5856129910045201, 0.020625360407456713, 0.2691719479893963, 0.12458970059862688], [0.11173328481081422, 0.3009607128245731, 0.5855647162240567, 0.0017412861405558958], [0.00030726767420853206, 0.035362566884987644, 0.002747093114533442, 0.9615830723262705], [0.5470626030314949, 0.005445379919247861, 0.07746601331674031, 0.3700260037325169], [0.0074813444765073666, 0.015226295801120823, 0.333822996996056, 0.6434693627263158], [0.015510088184436967, 0.8784588011386257, 0.09119398010028887, 0.014837130576648337], [0.5385504481781416, 0.006955377711133461, 0.08451437787467266, 0.36997979623605226], [0.19533551761971424, 0.6249898961834824, 0.04609304709603897, 0.13358153910076426]]}, "rewritten": {"ids": ["97107920", "97112300", "97116800", "98106880", "98110230", "98110680", "98110710", "98119591", "99105921", "99107560", "99108080", "99108330", "99108580", "99108710", "99111930", "99117740", "99121440", "100108990", "100109980", "100111390", "100115700", "101108370", "101109120", "101110740", "101111990", "101113210", "101119030", "101119591", "101121640", "102112030", "102113210", "102116500", "102118380", "102121440", "102121700", "103110220", "103111110", "103112641", "103113210", "103113260", "103120531", "103120780", "104111711", "104111880", "104112470", "104117630", "105110251", "105111990", "105112100", "105112260", "105113190", "105114220", "105116650", "105118740", "106113170", "106114011", "106115120", "106115250", "106119990", "107112850", "107113840", "107114321", "107114490", "107114780", "107115250", "107116501", "107116980", "107118780", "107118820", "107119390", "107121700", "108113480", "108114180", "108114670", "108115070", "108115250", "108118291", "108118810", "108119510", "108121351", "109114651", "109116040", "109117110", "109117150", "109117431", "109117600", "109119450", "109120150", "109121410", "109121640", "110114561", "110114920", "110116170", "110116501", "110117200", "110117870", "110118740", "110118930", "110120640", "110121170", "111114121", "111115770", "111115780", "111116110", "111116411", "111116530", "111117200", "111117480", "111117571", "111118810", "111119150", "111119290", "111119950", "111120260", "111120280", "111120540", "112116290", "112116401", "112116451", "112116900", "112117660", "112118161", "112118421", "112118581", "112118701", "112119120", "112119320", "112120270", "113117630", "113118511", "113118620", "113118690", "113118810", "113118820", "113119120", "113119950", "113120260", "113120591", "113120601", "113120640", "113120830", "113122230"], "labels": [0, 2, 0, 0, 3, 2, 2, 1, 1, 1, 3, 1, 0, 2, 1, 2, 2, 2, 1, 2, 1, 1, 1, 3, 2, 3, 3, 0, 2, 2, 3, 1, 1, 2, 1, 2, 3, 3, 3, 3, 3, 1, 1, 3, 1, 0, 0, 2, 1, 3, 3, 3, 1, 1, 0, 1, 1, 2, 0, 1, 3, 0, 3, 2, 2, 1, 3, 1, 3, 2, 3, 0, 1, 3, 1, 1, 3, 1, 1, 3, 3, 0, 1, 2, 1, 1, 3, 2, 0, 0, 0, 3, 0, 3, 3, 3, 3, 1, 0, 2, 0, 3, 1, 3, 0, 3, 0, 1, 3, 0, 3, 3, 0, 3, 0, 1, 0, 0, 0, 3, 0, 0, 3, 1, 0, 1, 1, 0, 0, 1, 3, 3, 3, 0, 3, 0, 3, 0, 2, 0, 3, 1], "predicted_labels": [3, 0, 0, 3, 1, 2, 0, 1, 0, 0, 0, 2, 2, 1, 1, 2, 1, 3, 0, 3, 0, 0, 0, 3, 2, 3, 3, 3, 1, 1, 3, 2, 2, 2, 0, 3, 3, 2, 0, 3, 0, 3, 1, 2, 3, 0, 1, 0, 3, 2, 0, 3, 1, 3, 0, 0, 0, 2, 3, 1, 1, 0, 2, 3, 1, 0, 0, 1, 1, 2, 3, 3, 3, 1, 0, 2, 0, 3, 2, 3, 1, 3, 0, 1, 1, 2, 2, 2, 0, 3, 0, 2, 1, 3, 3, 1, 2, 1, 2, 2, 1, 2, 1, 3, 3, 0, 1, 3, 0, 0, 3, 1, 3, 3, 3, 1, 0, 0, 3, 0, 3, 3, 3, 2, 3, 3, 1, 2, 1, 2, 1, 1, 3, 2, 2, 0, 1, 3, 1, 3, 2, 1], "confidence_scores": [[0.00917623887202753, 0.2543109041044586, 0.02601407358597162, 0.7104987834375421], [0.9038672172963644, 0.06885103009968534, 0.01429781527158632, 0.012983937332363929], [0.723039628340428, 0.12914639525529661, 0.14684798477066216, 0.0009659916336133293], [0.07453181655766421, 0.14792770965344776, 0.04853318938668834, 0.7290072844021996], [0.009530868684866219, 0.9862624761259208, 0.0014884716727295334, 0.002718183516483664], [0.001510201473356699, 0.4531107572113297, 0.5397570156307467, 0.005622025684566861], [0.7616055656434876, 0.01005283137790877, 0.01900544219298193, 0.20933616078562176], [0.13747496178611374, 0.4654233646889411, 0.3746797157617585, 0.022421957763186753], [0.9558185179457149, 0.03349740427173251, 0.005214949653403742, 0.005469128129148908], [0.7054491625289959, 0.09719737392150152, 0.0040516179439216106, 0.19330184560558106], [0.9485124050371747, 0.0029435752141888597, 0.0024347950405241917, 0.04610922470811232], [0.0098716660760957, 0.04195368280401887, 0.8763897181217889, 0.07178493299809659], [0.062289474361559995, 0.1213276682989261, 0.8116947249838766, 0.0046881323556373046], [0.0001090557898534728, 0.9998582660614392, 1.0432152798577753e-05, 2.224599590883087e-05], [0.21652112240199167, 0.5606473035356183, 0.049106661565681595, 0.1737249124967085], [0.13041491455751925, 0.26392579247451814, 0.4803570027724262, 0.1253022901955365], [0.005645853846308425, 0.9875638230929665, 0.0049660006948773665, 0.001824322365847645], [0.000474343088920844, 0.0016267763828072483, 0.003370400000071674, 0.9945284805282002], [0.8115591766091896, 0.0033247607262804277, 0.026896113585622595, 0.15821994907890724], [0.23309044263403342, 0.32125056321323076, 0.10190390128156973, 0.343755092871166], [0.5611719826667774, 0.034705445488366064, 0.30181408725865866, 0.1023084845861979], [0.9834368032691656, 0.00494566317492515, 0.0029559470378564515, 0.008661586518052879], [0.6552921590845523, 0.28792359423238556, 0.0017211287752851797, 0.05506311790777688], [0.001424262475879854, 0.2782464995706045, 0.2348285754569983, 0.4855006624965175], [0.051077747923733645, 0.007914698347784714, 0.6208829415227154, 0.3201246122057662], [0.002863342343932894, 0.0005471539041545546, 0.002498876425647179, 0.9940906273262654], [0.1748262873491849, 0.013194772581138324, 0.31207860171652324, 0.4999003383531535], [0.3115715798889495, 0.001419498827769384, 0.05997111422266015, 0.627037807060621], [0.0016727866424359247, 0.833175604940784, 0.09634158846419266, 0.06881001995258748], [0.03129832261156658, 0.961901976801356, 0.005309330587527948, 0.0014903699995495183], [0.0002932605115821023, 0.007289550659616834, 0.00031697935840633424, 0.9921002094703948], [0.04152850274437876, 0.2699542720850302, 0.6884964451942113, 2.0779976379826076e-05], [0.030349220135301305, 0.07984519915490867, 0.8875631659759419, 0.002242414733848101], [0.14278116833878, 0.023159240223823506, 0.8141360170183017, 0.01992357441909477], [0.6617476589474516, 0.3082554597844569, 0.004963902267197473, 0.02503297900089409], [0.006580737744130202, 0.006448503113371925, 0.23170317839644367, 0.7552675807460542], [0.056612660158112796, 0.15502317811096042, 0.10183515950429874, 0.686529002226628], [0.022834334326839224, 0.008796169036955964, 0.9121534822957973, 0.056216014340407613], [0.7321548262312965, 0.23399622415825824, 0.02652558019411549, 0.007323369416329986], [0.0017642272138749195, 0.017291985464817666, 0.0018085410676642116, 0.9791352462536432], [0.575671981490982, 0.34265936926755675, 0.0032821858786416854, 0.07838646336281953], [0.12661902551363322, 0.22565019465079908, 0.07297950268548585, 0.5747512771500819], [0.04606377002530064, 0.3509917243402165, 0.3408754206765167, 0.2620690849579661], [0.007107655918195218, 0.018648674400826928, 0.7603503814181996, 0.21389328826277823], [0.00023204091447482636, 0.0011729905341977263, 0.00038827509480882365, 0.9982066934565187], [0.415182860229013, 0.22035599744072837, 0.036126372300756354, 0.3283347700295021], [0.1347012940960771, 0.45373613816520336, 0.349367751106355, 0.06219481663236476], [0.5291969294100882, 0.468267647659753, 0.00026573690400958516, 0.0022696860261492203], [0.026892997390403437, 0.020865817416801626, 0.4751936962543047, 0.4770474889384902], [0.20477967027335364, 0.04080795399498903, 0.7491477088773001, 0.005264666854357232], [0.7914694536421257, 0.004918728852068563, 0.07245434100240639, 0.13115747650339923], [0.12333155970303995, 0.13509189657783444, 0.01457427401788696, 0.7270022697012387], [0.004255446923233126, 0.5742607134283333, 0.3303475965844394, 0.09113624306399422], [0.1953378879382926, 0.02102034443963393, 0.2096235428505265, 0.574018224771547], [0.7924994475161408, 0.20680823927792322, 6.679291937803239e-06, 0.000685633913998331], [0.7008801694703282, 0.29128265782168383, 0.0061259051475158486, 0.0017112675604721006], [0.572295662114466, 0.4245247109260588, 0.0007124417099784537, 0.0024671852494967087], [0.17534608528373102, 0.2884078528370236, 0.484074221288975, 0.052171840590270344], [0.0011128053175353566, 0.032434600183915384, 0.010797689414213968, 0.9556549050843354], [0.043621762346936245, 0.8557351245307303, 0.0463408126383708, 0.05430230048396281], [0.0006426940439580591, 0.9933883396986658, 0.00501511553452735, 0.0009538507228487422], [0.4949081321081121, 0.32425918254840064, 0.18082896791279668, 3.7174306907859974e-06], [0.013898294268365724, 0.15072886809724048, 0.4734386186408612, 0.3619342189935327], [0.04559447190153578, 0.013106993196546476, 0.03461894405251048, 0.9066795908494073], [0.24098654317537405, 0.3743264743506045, 0.2383021341968378, 0.14638484827718373], [0.9201395339257143, 0.02299723035641985, 0.00802976734515304, 0.04883346837271272], [0.6413213254408572, 0.344982429365353, 0.009250075794406797, 0.004446169399382917], [0.21009906263850894, 0.398373244326435, 0.05154703096449079, 0.33998066207056515], [0.06304221881723117, 0.9225126947503239, 0.012896179684174834, 0.0015489067482700855], [0.2299689956227066, 0.005463112906470758, 0.701954828378312, 0.06261306309251057], [0.0012498266335989456, 0.48078054988702895, 0.003820592961502821, 0.5141490305178693], [0.05889199107255122, 0.0028131919283406765, 0.12228272445421379, 0.8160120925448944], [1.6406143826441268e-05, 0.00014449691782434835, 0.0036070706150608733, 0.9962320263232883], [0.05920358922763146, 0.9259363397777528, 0.011141275820217593, 0.0037187951743983005], [0.6242103837694001, 0.1149539294805222, 0.2158830273432552, 0.04495265940682258], [0.3441561795742784, 0.01070026049362394, 0.6380459224839403, 0.0070976374481572626], [0.8662106695025993, 0.01184785725591649, 0.0003911024232401323, 0.12155037081824419], [0.00016047048512898512, 5.703947320294238e-05, 1.2777291597977685e-06, 0.9997812123125084], [0.08480072083428915, 0.0008708194576615833, 0.9142158481454002, 0.00011261156264886161], [0.0010837762811560898, 0.0054459766041383105, 0.010185929949201599, 0.983284317165504], [0.17545759263237196, 0.4740167959412426, 0.1726927115555737, 0.1778328998708118], [0.2760240862485325, 0.013627164843342001, 0.09914819568721436, 0.6112005532209112], [0.9308759452524878, 0.0024980636296386477, 0.009010119997380201, 0.0576158711204934], [0.32680121366434634, 0.4613054239894516, 0.07412484272981408, 0.13776851961638797], [0.0010469000320354372, 0.986674249443063, 0.009355555736771359, 0.0029232947881300546], [0.160847969633085, 0.2336525124787333, 0.4685326238055085, 0.13696689408267332], [0.001691846677099336, 0.0031651275375250533, 0.7501085255960667, 0.2450345001893088], [0.030198569560924333, 0.025409622765649384, 0.7337991536775311, 0.2105926539958952], [0.5127496472233718, 0.011526329205210257, 0.26940741893800374, 0.20631660463341425], [0.05666974709453513, 0.0058519961931242275, 0.11984869724451916, 0.8176295594678215], [0.8435452619660402, 0.0037476728717609127, 0.1493494379237718, 0.003357627238427153], [0.01120550506344807, 0.048733570230991376, 0.5613769277443216, 0.37868399696123906], [0.04371991322635898, 0.9315391204560807, 0.003721459424708688, 0.021019506892851602], [0.000991110725545759, 0.004509131539219745, 0.00015264330242117176, 0.9943471144328134], [0.48710736763455453, 0.0059376221766438714, 0.0073845693267554895, 0.4995704408620462], [0.008218949766295698, 0.9253639761723171, 0.05711108413020352, 0.009305989931183554], [0.21526015750675168, 0.0018504058726295657, 0.4502847889054382, 0.3326046477151805], [0.008732114639291444, 0.6077555751823817, 0.019036079164460193, 0.3644762310138667], [0.004846435020982994, 0.008756993097133995, 0.9101703006943175, 0.07622627118756548], [0.03024003464820988, 0.010131145359009509, 0.9346796135297881, 0.02494920646299253], [0.020326386131133023, 0.9711696468642266, 0.0030561873039854355, 0.005447779700654913], [0.20603219601136796, 0.024605464649527373, 0.7561772581207388, 0.013185081218365766], [0.035478033393146986, 0.8885354844263696, 0.013767568080078608, 0.0622189141004047], [0.016984888335630544, 0.011749676671281132, 0.11157087695797054, 0.8596945580351179], [0.25383578321313344, 9.280152065948058e-05, 0.0011280615346310867, 0.7449433537315759], [0.6257466617395957, 0.3739289493225129, 0.00019494423919723985, 0.00012944469869415564], [0.05657215613981371, 0.5876114483631844, 0.016173952291833642, 0.3396424432051682], [0.033876191429393986, 0.0016679531820587067, 0.002343949593901042, 0.9621119057946462], [0.828901780508805, 0.045278650333166554, 0.12473507524809606, 0.0010844939099323417], [0.9457092522943397, 0.022832668889763298, 0.00013829069837917055, 0.031319788117517816], [0.010722888624951198, 0.2621563854592992, 0.008217877617823416, 0.7189028482979262], [0.0014300382554628735, 0.7231319527369013, 0.20127264089753946, 0.07416536811009626], [0.03736022409065729, 0.0037505882642561643, 0.06631058476044635, 0.8925786028846403], [0.3004059245365542, 0.003942702862455195, 0.00015177344643258284, 0.6954995991545581], [0.2456370804080546, 0.01194210434047849, 0.031199717836898812, 0.7112210974145681], [0.08765898061366165, 0.5656671463512551, 0.24792683643178504, 0.09874703660329816], [0.9207633776128265, 0.0015296985261709453, 0.0013087543989108508, 0.07639816946209159], [0.9517218359118146, 2.8171650795993337e-05, 0.013621757716426387, 0.03462823472096304], [0.21862732584550923, 0.011702384558779935, 0.029804838711517182, 0.7398654508841936], [0.3863791776765398, 0.23052316056095876, 5.7990503809577436e-05, 0.3830396712586919], [0.02545507339396299, 0.37851679400506194, 0.016775896657378195, 0.579252235943597], [0.04293842109528905, 0.027523083874377574, 0.00442116597168015, 0.9251173290586532], [0.017051838327906757, 0.007956454910597268, 0.009469220826131938, 0.965522485935364], [0.0009478440320026038, 0.0026770021491484093, 0.9757129007341316, 0.020662253084717436], [0.0005333838859035808, 0.06348441419695353, 0.18427773399169142, 0.7517044679254514], [0.10368317167036889, 0.22366519790594253, 0.20953255711786686, 0.4631190733058218], [0.0006014979559917715, 0.5737418332241759, 0.24621331471471328, 0.17944335410511902], [0.05472806545126135, 0.028116598904542392, 0.9015605454476815, 0.01559479019651474], [0.009341972939451043, 0.8220967666901987, 0.1262354166817874, 0.04232584368856296], [0.011816263209868602, 0.01432516911316673, 0.9432446196475933, 0.030613948029371264], [0.13161987169398429, 0.8643688621841835, 0.001162364798516939, 0.002848901323315266], [0.0029356021091518974, 0.8217961730505975, 0.17211527312032673, 0.0031529517199237753], [1.1285412513124147e-05, 0.0006102396698372387, 2.2997021135976277e-05, 0.9993554778965137], [0.36454162510064675, 0.041703044074207385, 0.43526889330837676, 0.15848643751676902], [0.4400857684113993, 0.047419589261429355, 0.45726490707242046, 0.055229735254750965], [0.6972172889849019, 0.056374003866101766, 0.005093117650107011, 0.24131558949888937], [0.0003322498446585781, 0.845642994998923, 0.07051691093519193, 0.08350784422122659], [0.04624861167373686, 0.0021321754032512553, 2.0562275401863492e-05, 0.9515986506476101], [0.013343908076781848, 0.9625989324428254, 0.020032643403061677, 0.004024516077331095], [0.0007585536157659852, 0.23616842983297145, 0.17845303879308622, 0.5846199777581764], [0.09301772805240935, 0.07627916829501247, 0.7819685105075738, 0.04873459314500437], [0.03206182330822523, 0.8221199743543379, 0.14356579925376403, 0.002252403083672998]]}}