{"test": {"ids": ["97108520", "98116090", "107121230", "97109570", "107121540", "100108260", "102109010", "97106770", "99114890", "99109311", "112116880", "112118930", "106114280", "106112770", "99119830", "112117571", "111114171", "111120280", "111119930", "106116120", "103111830", "97116790", "105114220", "108120700", "104114740", "110115140", "98110680", "113117550", "110113591", "100112060", "111120540", "105113210", "99109910", "104118340", "107113200", "98106560", "111115400", "104111880", "112118620", "112120290", "104114240", "109119010", "112116501", "108115970", "113119450", "112120540", "110121140", "102109850", "105113170", "110117140", "108114200", "110116300", "107117010", "110120560", "99109740", "110118701", "99107500", "100120010", "101121640", "101115190", "106115240", "102110690", "97112830", "100109360", "113120540", "99112840", "102110050", "113121190", "108118520", "105115900", "107119950", "97118210", "105112130", "112116640", "112117431", "101111140", "100108490", "103111540", "108118810", "102110240", "107120010", "105115720", "99109840", "106119580", "111117480", "103112470", "112121030", "113117340", "99112300", "98119591", "106114321", "109117150", "112116850", "111120320", "99111620", "102110500", "105117351", "112116451", "112118860", "108114270", "113121680", "108120060", "100111390", "103113270", "110118111", "105120280", "103120780", "110118161", "103120340", "100108080", "108116481", "113121810", "112121430", "104119340", "99109370", "106113830", "108121351", "104113550", "102112301", "108118060", "99108310", "109117630", "98109570", "104114230", "113119360", "111121351", "103113170", "108121190", "107115140", "107114140", "110115250", "100113210", "99116500", "109120621", "106120290", "98117740", "113117630", "107115250", "100111620", "106113170", "108114360", "112116540"], "labels": [2, 0, 0, 0, 2, 3, 1, 3, 2, 1, 0, 1, 3, 1, 1, 3, 3, 0, 1, 1, 3, 2, 3, 2, 2, 0, 2, 3, 0, 2, 1, 3, 2, 2, 0, 1, 0, 3, 3, 1, 0, 3, 3, 2, 3, 3, 3, 1, 0, 3, 0, 3, 1, 0, 3, 3, 0, 0, 2, 1, 1, 0, 2, 0, 3, 2, 3, 1, 0, 3, 3, 2, 1, 0, 0, 2, 2, 1, 1, 3, 1, 1, 2, 3, 1, 1, 0, 2, 0, 1, 2, 2, 0, 1, 3, 3, 0, 0, 3, 3, 1, 1, 2, 2, 1, 3, 1, 0, 1, 0, 0, 2, 2, 1, 1, 1, 3, 1, 1, 1, 2, 0, 1, 2, 0, 0, 3, 1, 0, 2, 1, 0, 2, 1, 2, 2, 0, 2, 3, 0, 1, 1], "predicted_labels": [1, 3, 3, 0, 2, 1, 3, 2, 3, 0, 1, 3, 1, 1, 0, 3, 3, 3, 3, 1, 3, 0, 0, 0, 3, 3, 1, 3, 0, 3, 0, 3, 1, 0, 3, 2, 1, 3, 0, 1, 0, 3, 3, 1, 0, 1, 0, 2, 3, 0, 1, 1, 1, 2, 0, 0, 1, 3, 1, 0, 0, 0, 3, 3, 1, 2, 3, 3, 0, 3, 3, 2, 1, 1, 0, 1, 1, 0, 1, 1, 3, 1, 2, 1, 1, 0, 0, 1, 3, 0, 0, 1, 3, 0, 1, 3, 3, 0, 2, 1, 1, 0, 3, 2, 0, 1, 0, 0, 2, 2, 3, 2, 2, 3, 1, 0, 3, 0, 3, 3, 1, 3, 0, 0, 3, 0, 0, 1, 3, 3, 3, 3, 2, 3, 1, 1, 0, 1, 3, 0, 0, 1], "confidence_scores": [[0.20878908146981998, 0.7126329894741732, 0.04354813039044078, 0.03502979866556607], [0.09274016080282735, 0.21819312027435742, 0.16579817509360373, 0.5232685438292114], [0.38716828604876763, 0.03260457204261193, 0.04016777017571185, 0.5400593717329085], [0.42458242156088805, 0.07167369054773377, 0.13455651868826865, 0.3691873692031095], [0.04183184786978327, 0.384302010419399, 0.4239141162854993, 0.1499520254253185], [0.09468463778279487, 0.6428569923856483, 0.16176741244311246, 0.10069095738844423], [0.32405834296274044, 0.1571694551523392, 0.19442609670320643, 0.3243461051817139], [0.06783665575609049, 0.07001703711147465, 0.5117000314939641, 0.35044627563847064], [0.003607949880162528, 0.35112808081471814, 0.07393444250526827, 0.571329526799851], [0.6008516911881302, 0.36263275429040054, 0.012961841473572083, 0.023553713047897207], [0.039536009980648996, 0.9102832980414921, 0.02070602761767113, 0.029474664360187645], [0.09084967056287752, 0.07154558030522697, 0.016241176541422615, 0.8213635725904729], [0.20031595111803813, 0.48654762017755915, 0.26048139589148367, 0.052655032812919035], [0.03139316358913872, 0.8375468083238421, 0.05013227041630934, 0.08092775767070978], [0.4593193554258476, 0.13680254512242593, 0.2645379788337017, 0.1393401206180247], [0.10122935237482672, 0.3257479594203786, 0.09489386245090115, 0.47812882575389354], [0.2069773941093519, 0.1504229608633253, 0.06336332547019591, 0.5792363195571268], [0.3860547606725809, 0.11229815977372676, 0.03743154642479178, 0.4642155331289005], [0.3124826184820615, 0.22840162706071107, 0.046923800224758484, 0.412191954232469], [0.08993979547998446, 0.8570703397836649, 0.018326021839994055, 0.03466384289635669], [0.04237118911356542, 0.14150670710179608, 0.3821206350460531, 0.4340014687385855], [0.4724416114432405, 0.24219794744205345, 0.22928322898696651, 0.05607721212773953], [0.5084813014031058, 0.0841748295850061, 0.046572749454311425, 0.3607711195575768], [0.6521072510711045, 0.23063480571207987, 0.04751926583928144, 0.0697386773775343], [0.05129921107046258, 0.34816822715486306, 0.19374737618948637, 0.40678518558518806], [0.35526807497694357, 0.05604413936131813, 0.03395197699760575, 0.5547358086641325], [0.17901304809619745, 0.5498908047836213, 0.2029968296103229, 0.06809931750985844], [0.05004276837457213, 0.01514930079851596, 0.022152936847324823, 0.912654993979587], [0.5676243472071066, 0.10362303137058984, 0.033266636750477224, 0.29548598467182624], [0.0806260607336195, 0.05043339396198241, 0.38526417144306563, 0.4836763738613325], [0.646899032006249, 0.28705442542383075, 0.056511495104724856, 0.009535047465195389], [0.3328377527903876, 0.06913589869048507, 0.05646186354386828, 0.5415644849752591], [0.33066598077572057, 0.364506667258201, 0.24555622814573438, 0.05927112382034419], [0.33391420553599654, 0.2538797009033541, 0.27406628704895686, 0.13813980651169247], [0.21009516155940236, 0.2580881026307834, 0.011914183387107782, 0.5199025524227063], [0.03285009895475973, 0.025133837850701203, 0.6186475490347401, 0.3233685141597991], [0.1265758487206036, 0.7429922527231343, 0.03740589866016539, 0.09302599989609665], [0.00293054038461827, 0.08872720924451975, 0.0595242246917808, 0.8488180256790813], [0.6015723042023734, 0.08127764647629464, 0.13219620980006883, 0.18495383952126312], [0.2846190550181817, 0.5533097500598073, 0.009928666886384323, 0.1521425280356267], [0.6987186603910333, 0.020480034227707413, 0.13593638890785864, 0.1448649164734006], [0.023742787069097163, 0.034353962041596436, 0.07842356264173765, 0.8634796882475687], [0.19813952405867952, 0.06044962421227525, 0.018610353189630245, 0.7228004985394149], [0.04395847996048087, 0.8548861759450533, 0.017671915849521595, 0.08348342824494408], [0.5223695891002726, 0.12037917662778458, 0.07556786771615422, 0.2816833665557886], [0.030569239213658707, 0.9573249115685876, 0.009858935716500787, 0.0022469135012529533], [0.7034228308060108, 0.120585885050647, 0.010677948965056529, 0.16531333517828573], [0.28420039280088233, 0.07099962172929493, 0.42600410183140164, 0.21879588363842112], [0.05635972441176176, 0.42926074807856385, 0.048741176968094574, 0.4656383505415798], [0.42154151660839434, 0.41577624363118665, 0.030135844789802826, 0.13254639497061615], [0.13510969844710716, 0.6660484753681313, 0.15073374146429325, 0.04810808472046838], [0.061523411194364455, 0.7497789729588583, 0.026918179517192706, 0.16177943632958447], [0.3686282323836578, 0.3877511473813806, 0.14549719042047604, 0.09812342981448564], [0.10266679520574616, 0.03103486692616044, 0.723996951393918, 0.14230138647417553], [0.3841180334576513, 0.10553087299669371, 0.21973508907897837, 0.2906160044666767], [0.44595396592477277, 0.31282709779126733, 0.03403253976845333, 0.20718639651550674], [0.19906195425350784, 0.7109340957092153, 0.0395330437997214, 0.0504709062375556], [0.045452404944603376, 0.05852007662569411, 0.25491894350290795, 0.6411085749267945], [0.004096570046899424, 0.5087996147086881, 0.01026128151744097, 0.47684253372697166], [0.39740114100399876, 0.22375028264992147, 0.09852787000296588, 0.2803207063431139], [0.785694041370707, 0.14437110765047995, 0.04217167515023268, 0.027763175828580525], [0.45631817803386976, 0.05578014146121595, 0.0343276251387205, 0.45357405536619394], [0.18091211271611937, 0.10966391140358503, 0.33274002079660053, 0.376683955083695], [0.24902784686300047, 0.09106767552508879, 0.06259193360133396, 0.5973125440105768], [0.2561912748980198, 0.6409878064888705, 0.08345943949690476, 0.019361479116204797], [0.01677538991835558, 0.06663937165820177, 0.5641602455702034, 0.35242499285323925], [0.04824612367623184, 0.12007580150212983, 0.20487985097190153, 0.6267982238497368], [0.2559542299825598, 0.2965735153348165, 0.040721940869685946, 0.40675031381293786], [0.865553476375045, 0.09609652183477443, 0.020009323648208864, 0.018340678141971684], [0.2045182578421646, 0.07926921839131842, 0.023433081585018403, 0.6927794421814986], [0.17593192448677783, 0.09528707412172505, 0.013117161284730184, 0.7156638401067669], [0.3319126160631228, 0.07946815209187316, 0.5365869896719812, 0.05203224217302289], [0.023120261926561726, 0.6246033221594326, 0.1565824397985958, 0.19569397611540987], [0.037260533391533124, 0.8467528144048158, 0.021758577055842707, 0.09422807514780861], [0.6209025577485163, 0.052418170656562735, 0.01003619137462555, 0.31664308022029547], [0.3800198406211667, 0.3810119981677326, 0.13111834964581215, 0.10784981156528838], [0.2476448698219148, 0.3639875659943678, 0.33934341991513145, 0.04902414426858593], [0.7735258478927077, 0.15021285553119412, 0.03454870797127394, 0.041712588604824144], [0.054438711000816306, 0.7332897161220836, 0.040124928147527404, 0.1721466447295728], [0.3834733499292893, 0.49216703026158476, 0.032920765662373265, 0.0914388541467527], [0.012110024865417107, 0.001454047185915534, 0.025175948943777678, 0.9612599790048897], [0.0925479269397667, 0.4592394335186949, 0.23533881149595828, 0.21287382804557994], [0.028033116199002794, 0.2993176548727869, 0.6315994312087305, 0.04104979771947974], [0.044530941908816, 0.8102134043874895, 0.1313558706265092, 0.013899783077185373], [0.2266951519197956, 0.6217424181454941, 0.05740631860657073, 0.09415611132813963], [0.45395199379518103, 0.3260026696123731, 0.17768096276396259, 0.04236437382848326], [0.5318337106069457, 0.10423787292836624, 0.14189877334972695, 0.22202964311496107], [0.13868592867823432, 0.6332858788250865, 0.0240923441663019, 0.2039358483303772], [0.1252169795864273, 0.07365429354486835, 0.05459787117821989, 0.7465308556904844], [0.9075187630997559, 0.04092678631171245, 0.043686191122455614, 0.007868259466076027], [0.5382890602759428, 0.3804449279703885, 0.01670744627093018, 0.06455856548273844], [0.018742694933281248, 0.90675354919877, 0.045076665698482454, 0.02942709016946627], [0.04956454172138614, 0.12992035900271556, 0.007185615869476088, 0.8133294834064221], [0.6602646819804038, 0.1086193358752507, 0.14397635859457927, 0.08713962354976629], [0.21023554210751327, 0.7228450668894295, 0.062200406158489444, 0.004718984844567691], [0.3028132144003034, 0.010928256588585046, 0.14912060804632216, 0.5371379209647894], [0.2579127042152263, 0.19787743387578102, 0.017989162058394414, 0.5262206998505984], [0.6129315195912719, 0.05955901731860602, 0.04381358433686019, 0.28369587875326185], [0.2862144271549986, 0.07502540378985216, 0.44271963884329335, 0.1960405302118559], [0.3719079966148023, 0.45427265380515786, 0.04443650649178035, 0.1293828430882595], [0.17425349084565292, 0.4317542226027954, 0.18140679916937222, 0.2125854873821795], [0.9037399269565878, 0.03916627906430887, 0.014856674868035914, 0.04223711911106758], [0.10406592436696228, 0.04883339915676426, 0.10341797463774353, 0.74368270183853], [0.052806693951708145, 0.02985223842424014, 0.6637350662745811, 0.2536060013494707], [0.7357784751332441, 0.1114722851370474, 0.10177766205461773, 0.05097157767509074], [0.1386708304320448, 0.739471672976944, 0.04990793366709044, 0.07194956292392067], [0.6394942099118837, 0.017318589476243672, 0.17880653825425394, 0.16438066235761867], [0.4819491121634821, 0.39379311904418113, 0.012322892291828397, 0.11193487650050835], [0.2316679651772994, 0.30416429557298846, 0.3724419742822964, 0.09172576496741576], [0.04040319679185281, 0.05610838124261815, 0.6798898228879084, 0.22359859907762067], [0.31874640291184564, 0.23800612931204798, 0.001081066536342008, 0.44216640123976453], [0.08796187462749383, 0.09946206841872116, 0.6988473284346098, 0.11372872851917518], [0.2229952148625699, 0.100317797634457, 0.40608941260740006, 0.27059757489557296], [0.004266082648954365, 0.28337433652275246, 0.007776220283953294, 0.7045833605443399], [0.012012266335166492, 0.7265171304762974, 0.10034983558484299, 0.16112076760369312], [0.7390965380963694, 0.07737403906808883, 0.028464228277981337, 0.15506519455756046], [0.07639041779462558, 0.07253272012153027, 0.017368433779336542, 0.8337084283045075], [0.6840773887216963, 0.14872444733896803, 0.016931348225883824, 0.15026681571345168], [0.2549724304023792, 0.12734620742634445, 0.04039299545981648, 0.5772883667114599], [0.11942019374399847, 0.09236805058367181, 0.29335569085784785, 0.4948560648144819], [0.047811153915277224, 0.9143566564950265, 0.02977233556812301, 0.008059854021573165], [0.22206265521270543, 0.1404861673525619, 0.01597378276624273, 0.6214773946684901], [0.9370663500133012, 0.006220413922126961, 0.023356516478471062, 0.03335671958610089], [0.6120783083143977, 0.10281076690164553, 0.1276378051357575, 0.1574731196481992], [0.07748059086926648, 0.04101527856865942, 0.04749547309454345, 0.8340086574675306], [0.698976537817515, 0.25108112156898754, 0.002756608087055775, 0.04718573252644166], [0.40092908297587443, 0.28708242992096583, 0.18814557497094359, 0.12384291213221603], [0.007237948223320431, 0.5532914736740225, 0.1899313807264196, 0.24953919737623748], [0.06554718730840249, 0.04130313337048057, 0.030824742451025705, 0.8623249368700912], [0.030628895218167664, 0.08057367448479136, 0.17155407778374263, 0.7172433525132983], [0.05931160343738176, 0.37149248995567175, 0.06220204415407494, 0.5069938624528715], [0.047059676288799396, 0.2294558304383624, 0.03276430206077237, 0.6907201912120657], [0.024261741103661458, 0.06118108503539346, 0.7028616490959998, 0.21169552476494521], [0.007711341008962154, 0.024540359889190896, 0.0048724458764599875, 0.962875853225387], [0.015418897162912427, 0.9340023304093985, 0.017609156325079527, 0.03296961610260948], [0.08146944047462079, 0.7351137289996658, 0.10317774860052342, 0.08023908192518993], [0.6471215930401419, 0.025437772627537138, 0.10701732858131613, 0.22042330575100472], [0.34673827916534106, 0.37620943012577945, 0.16933237743480492, 0.1077199132740747], [0.06903817372083645, 0.14846695567320764, 0.2220994699194802, 0.5603954006864756], [0.4816783472982137, 0.42917381950181066, 0.011405592028222687, 0.07774224117175281], [0.5574620051122332, 0.1976765225886225, 0.094620338082323, 0.15024113421682136], [0.06884191791436753, 0.6702536295697918, 0.04537417493685272, 0.21553027757898788]]}, "rewritten": {"ids": ["97106770", "97108520", "97109570", "97112830", "97116790", "97118210", "98106560", "98109570", "98110680", "98116090", "98117740", "98119591", "99107500", "99108310", "99109311", "99109370", "99109740", "99109840", "99109910", "99111620", "99112300", "99112840", "99114890", "99116500", "99119830", "100108080", "100108260", "100108490", "100109360", "100111390", "100111620", "100112060", "100113210", "100120010", "101111140", "101115190", "101121640", "102109010", "102109850", "102110050", "102110240", "102110500", "102110690", "102112301", "103111540", "103111830", "103112470", "103113170", "103113270", "103120340", "103120780", "104111880", "104113550", "104114230", "104114240", "104114740", "104118340", "104119340", "105112130", "105113170", "105113210", "105114220", "105115720", "105115900", "105117351", "105120280", "106112770", "106113170", "106113830", "106114280", "106114321", "106115240", "106116120", "106119580", "106120290", "107113200", "107114140", "107115140", "107115250", "107117010", "107119950", "107120010", "107121230", "107121540", "108114200", "108114270", "108114360", "108115970", "108116481", "108118060", "108118520", "108118810", "108120060", "108120700", "108121190", "108121351", "109117150", "109117630", "109119010", "109120621", "110113591", "110115140", "110115250", "110116300", "110117140", "110118111", "110118161", "110118701", "110120560", "110121140", "111114171", "111115400", "111117480", "111119930", "111120280", "111120320", "111120540", "111121351", "112116451", "112116501", "112116540", "112116640", "112116850", "112116880", "112117431", "112117571", "112118620", "112118860", "112118930", "112120290", "112120540", "112121030", "112121430", "113117340", "113117550", "113117630", "113119360", "113119450", "113120540", "113121190", "113121680", "113121810"], "labels": [3, 2, 0, 2, 2, 2, 1, 1, 2, 0, 2, 1, 0, 2, 1, 1, 3, 2, 2, 3, 0, 2, 2, 2, 1, 0, 3, 2, 0, 2, 3, 2, 0, 0, 2, 1, 2, 1, 1, 3, 3, 3, 0, 1, 1, 3, 1, 3, 2, 1, 1, 3, 1, 2, 0, 2, 2, 1, 1, 0, 3, 3, 1, 3, 0, 3, 1, 0, 1, 3, 2, 1, 1, 3, 2, 0, 2, 0, 2, 1, 3, 1, 0, 2, 0, 3, 1, 2, 0, 1, 0, 1, 1, 2, 1, 3, 2, 0, 3, 1, 0, 0, 1, 3, 3, 1, 0, 3, 0, 3, 3, 0, 1, 1, 0, 1, 1, 0, 0, 3, 1, 0, 0, 0, 0, 3, 3, 3, 1, 1, 3, 0, 2, 2, 3, 0, 0, 3, 3, 1, 1, 2], "predicted_labels": [3, 0, 0, 2, 0, 2, 3, 0, 0, 3, 1, 0, 1, 1, 1, 1, 2, 2, 0, 1, 3, 2, 3, 2, 0, 2, 1, 0, 3, 3, 3, 2, 3, 2, 0, 3, 3, 0, 0, 1, 0, 3, 0, 3, 0, 3, 0, 1, 2, 2, 0, 3, 0, 0, 0, 2, 1, 1, 2, 1, 0, 0, 1, 0, 0, 1, 1, 0, 0, 1, 0, 0, 1, 1, 1, 3, 1, 3, 0, 1, 3, 3, 0, 2, 2, 1, 0, 1, 3, 3, 0, 0, 0, 0, 1, 3, 1, 2, 3, 3, 0, 0, 3, 1, 0, 0, 0, 0, 2, 3, 0, 1, 1, 1, 0, 0, 0, 0, 0, 3, 1, 1, 3, 1, 1, 0, 3, 3, 3, 1, 1, 0, 0, 1, 3, 0, 3, 1, 1, 0, 1, 2], "confidence_scores": [[0.17129476673889452, 0.1681403351108946, 0.1978094455061184, 0.4627554526440926], [0.6188124709369113, 0.20821034037365707, 0.12311400822449722, 0.04986318046493444], [0.794334631667058, 0.03720404853383019, 0.058961906981874, 0.10949941281723774], [0.37015918176466706, 0.053316368134064845, 0.38101902209972205, 0.19550542800154602], [0.3714643314483858, 0.1829952007808203, 0.2858736950026536, 0.1596667727681403], [0.3252153728975045, 0.145187034895879, 0.4601918411583931, 0.0694057510482233], [0.06297403722620519, 0.07434693678577615, 0.2550510966713712, 0.6076279293166474], [0.7553029639058008, 0.07978579775057085, 0.05850084965966031, 0.10641038868396815], [0.6746316842262249, 0.22822175414744278, 0.045472484068885946, 0.05167407755744631], [0.1668440149583395, 0.19633010123612396, 0.11294847279833474, 0.5238774110072018], [0.030678662086193024, 0.9052468653840994, 0.05940322415336901, 0.004671248376338596], [0.8953101108667236, 0.0475022131834301, 0.04940768167383609, 0.007779994276010233], [0.33156591107426653, 0.4666691100740951, 0.05648783408327535, 0.145277144768363], [0.06088751044378892, 0.9064190091611919, 0.02272734414417784, 0.009966136250841296], [0.22110313227835582, 0.6893805932262347, 0.020844164220956196, 0.06867211027445325], [0.013635146578597095, 0.8734007166385698, 0.044994567726062744, 0.0679695690567704], [0.29338891468630235, 0.02568204351814799, 0.463939712934722, 0.21698932886082778], [0.1585762514211505, 0.09149703067572702, 0.6621952512594754, 0.08773146664364698], [0.8640639604547855, 0.05882185776164517, 0.06036958238423149, 0.016744599399337704], [0.39052452611502786, 0.5482835835754561, 0.05635432875571557, 0.004837561553800562], [0.12379416853412939, 0.34627576136194466, 0.15896662974426903, 0.37096344035965695], [0.027198261283541202, 0.32734525689359056, 0.4295959195119804, 0.21586056231088788], [0.017835631044692865, 0.35052757544612795, 0.1139228048322689, 0.5177139886769103], [0.046694082068871004, 0.06378860034218395, 0.8145632991568837, 0.07495401843206137], [0.7496942306729921, 0.05709899198644038, 0.17957221193341458, 0.01363456540715291], [0.017175298485195594, 0.264187059026813, 0.4203152081398129, 0.2983224343481784], [0.041467151920304306, 0.9446806679694097, 0.007631174808496198, 0.006221005301789828], [0.7352732755344392, 0.04301905515157337, 0.18526112320311744, 0.03644654611087], [0.19193024396350417, 0.19925657778451306, 0.03860402004358415, 0.5702091582083987], [0.1849347985484216, 0.027986174713624416, 0.05633848349262424, 0.7307405432453297], [0.14496006305167408, 0.12962933034173182, 0.18770159898324698, 0.5377090076233472], [0.018295012540538527, 0.28574934199023483, 0.5474186715454302, 0.14853697392379636], [0.019242176206514052, 0.23566244699683744, 0.02440298627311608, 0.7206923905235324], [0.24643250657395518, 0.10297362997919725, 0.5547188238300179, 0.09587503961682958], [0.7397682510216615, 0.07381036988512317, 0.06259560687484707, 0.12382577221836824], [0.12331431201345532, 0.3097764602590673, 0.16447144068756306, 0.40243778703991434], [0.006190873965857997, 0.22208194791619826, 0.007141381818063499, 0.7645857962998802], [0.5048905025663731, 0.11044777160501244, 0.04468055145487951, 0.339981174373735], [0.5278527752049138, 0.17596834852665252, 0.24919139759883807, 0.046987478669595656], [0.21627735210487944, 0.48085739087182816, 0.16265719772604212, 0.14020805929725022], [0.7451089995409853, 0.17645920106481552, 0.023236492592535494, 0.05519530680166357], [0.059212293971863464, 0.1775784918597492, 0.07157652739465245, 0.6916326867737348], [0.8684659687263883, 0.00714607699967724, 0.008269000322298357, 0.11611895395163598], [0.23130975980526727, 0.18528687998060203, 0.08116825741118504, 0.5022351028029457], [0.9453204625645766, 0.037598615869978945, 0.0077843999743121214, 0.009296521591132553], [0.17854054365503136, 0.11717471815304378, 0.09529008997907817, 0.6089946482128468], [0.6555624441268743, 0.12045063536271805, 0.1627270092922602, 0.06125991121814757], [0.22378815317665993, 0.5208029280337986, 0.157242042540471, 0.09816687624907057], [0.0787957117136352, 0.01649799940880529, 0.7563207681980023, 0.14838552067955718], [0.0663802349168874, 0.34817755299248637, 0.4986462519353302, 0.08679596015529607], [0.48527352234352866, 0.08270532799714135, 0.31495289992620307, 0.11706824973312684], [0.019066511338865683, 0.05480145799666775, 0.009095986247252464, 0.9170360444172141], [0.619053803688048, 0.10636391307591198, 0.024365012355256097, 0.250217270880784], [0.46249904190343594, 0.2030049173679054, 0.1567986404776566, 0.17769740025100206], [0.8553482470517861, 0.08728508987856957, 0.04971712832444034, 0.007649534745204063], [0.07280242940205763, 0.328950227204095, 0.4125834859287684, 0.18566385746507896], [0.015191788648260549, 0.958424355337464, 0.0243264300412734, 0.002057425973002321], [0.017620616524249195, 0.6107332949060971, 0.03665790199773912, 0.33498818657191465], [0.05119797817019459, 0.2906467082419594, 0.5496457463782721, 0.10850956720957379], [0.1856858423898274, 0.40421588048945195, 0.08792314113135474, 0.322175135989366], [0.5590493872805371, 0.1794472246443263, 0.03023401254856702, 0.2312693755265696], [0.8182327427007428, 0.04605466572884226, 0.025281291769545265, 0.11043129980086967], [0.23540515950515487, 0.49510372208075143, 0.08971354318022862, 0.17977757523386514], [0.75475998879193, 0.008351799077800934, 0.0853288618246398, 0.15155935030562925], [0.5687723464917561, 0.3028247027700893, 0.004470835252906911, 0.12393211548524759], [0.11364045854333571, 0.8055765675275235, 0.06773574360809637, 0.013047230321044441], [0.02760239420685335, 0.8383770733189295, 0.05939177730794055, 0.07462875516627653], [0.4147145807914472, 0.3066211024452408, 0.020129501668977725, 0.25853481509433435], [0.8243023213895719, 0.017070887919430424, 0.03423047967911336, 0.12439631101188432], [0.2556323839980301, 0.44245288304017266, 0.2783061083551392, 0.02360862460665805], [0.6039912049669928, 0.30170631043801477, 0.02758398133495998, 0.06671850326003248], [0.8632939002395846, 0.05440982594817326, 0.04570416233740362, 0.03659211147483828], [0.15570905908056087, 0.806260636962508, 0.021689289287011217, 0.016341014669919912], [0.056832962697909356, 0.8718780056552438, 0.057279944436846336, 0.014009087210000564], [0.017842966014170177, 0.813819026039268, 0.03966882582615795, 0.12866918212040387], [0.2033763649677036, 0.20650799795727012, 0.008784331627362986, 0.5813313054476633], [0.252858997408949, 0.38490021552873693, 0.187116517567185, 0.1751242694951289], [0.435348891758465, 0.02825333957291093, 0.03096139541082136, 0.5054363732578028], [0.5881752015460329, 0.22171602109241473, 0.09088659956586582, 0.0992221777956867], [0.3551420088475121, 0.44650107278792117, 0.13335265648192862, 0.06500426188263819], [0.26358972599927777, 0.044482458588166164, 0.007348133635301275, 0.6845796817772548], [0.07563294777886938, 0.06131098821325131, 0.02628078390466683, 0.8367752801032124], [0.8249959941488955, 0.024121997269893305, 0.030957904465528284, 0.119924104115683], [0.011073362744385966, 0.10300787968695778, 0.7252470539213091, 0.16067170364734706], [0.1783256264282729, 0.36786894111848983, 0.40145862008402394, 0.05234681236921319], [0.3262115811506681, 0.5917130882793279, 0.025090726027944106, 0.05698460454205988], [0.6694697330443947, 0.23889446105602938, 0.05378007829769301, 0.03785572760188299], [0.21493756526717875, 0.5469308873937984, 0.12529780101999916, 0.11283374631902374], [0.37173095625293723, 0.1324264798988871, 0.0027387355905254492, 0.4931038282576501], [0.1022205030598773, 0.04851010195934987, 0.297443837592379, 0.5518255573883939], [0.8783141100977999, 0.06375641083991103, 0.010584908316371712, 0.04734457074591724], [0.4196267590353222, 0.4155319831631965, 0.016304352240002304, 0.14853690556147908], [0.9038331635510902, 0.05108985482203652, 0.0034839608240960743, 0.04159302080277724], [0.8815741842344603, 0.09876346078772327, 0.015720891480329752, 0.003941463497486593], [0.012525282644518024, 0.6191495321201403, 0.3027501997423535, 0.06557498549298822], [0.0729589957218814, 0.06837242339231446, 0.016563380323178643, 0.8421052005626255], [0.03941825824409223, 0.6471934899640269, 0.30310017356362295, 0.010288078228257915], [0.18194131891798798, 0.31040518929796784, 0.32768132058773425, 0.17997217119631], [0.023142917296475454, 0.1285281795555563, 0.34237754916932256, 0.5059513539786457], [0.052283101827980794, 0.002895767797340059, 0.046102384028397815, 0.8987187463462813], [0.5692946490621753, 0.12527095819783635, 0.15611462656462935, 0.1493197661753591], [0.6777848052285461, 0.05796435902480964, 0.0651850934147976, 0.1990657423318466], [0.07029309988076303, 0.019806435812305553, 0.09037987965137775, 0.8195205846555537], [0.03468105813265227, 0.6529515788632172, 0.01566832583166582, 0.29669903717246476], [0.5789681569121203, 0.1361961675767161, 0.06806078703319297, 0.21677488847797063], [0.8281705414339244, 0.10013654724123275, 0.024887321924207624, 0.04680558940063513], [0.7710190476477136, 0.11195146001299604, 0.025245780475630385, 0.09178371186365994], [0.4475405385812744, 0.29155520565012516, 0.07998902104890375, 0.1809152347196967], [0.19108481600992125, 0.019153545677344737, 0.7591646722896792, 0.030596966023054673], [0.251514167623289, 0.08206196539817269, 0.01338521643640427, 0.6530386505421341], [0.6077060413942031, 0.27981865243240517, 0.022717789666061444, 0.0897575165073303], [0.1740966697691741, 0.6327242189055068, 0.03262556937718447, 0.16055354194813468], [0.07736795424236213, 0.8242491922891425, 0.05729993304403891, 0.04108292042445637], [0.09244584937104662, 0.6040310227428032, 0.13728750777095566, 0.16623562011519447], [0.5162268600242786, 0.07979121961165726, 0.01956314072318381, 0.38441877964088034], [0.7026926905359442, 0.04042360120661757, 0.11175294980770312, 0.14513075844973491], [0.7552717333314147, 0.1652694313289497, 0.028366191104807266, 0.051092644234828344], [0.6913610633336017, 0.2549680794788503, 0.0035644023457933687, 0.05010645484175458], [0.8476456309287932, 0.02864373077466375, 0.01792962223643501, 0.1057810160601081], [0.4735423065797788, 0.02879730107838176, 0.01711455236619138, 0.4805458399756479], [0.09471661359594369, 0.6559323347588357, 0.1027853637846697, 0.14656568786055096], [0.11868774452688428, 0.4391783171731609, 0.17381829322326314, 0.2683156450766917], [0.03775095121628944, 0.09590039588419648, 0.005374067624295881, 0.8609745852752183], [0.0585595694129524, 0.9229891249834269, 0.009998503088632075, 0.008452802514988624], [0.01161890347001875, 0.9819319079940289, 0.001923999114224991, 0.0045251894217274114], [0.4395783564829906, 0.17971046222993553, 0.2119504357904176, 0.1687607454966563], [0.3231096533308414, 0.07968872116971708, 0.08262715222341149, 0.51457447327603], [0.05345064541162494, 0.2887268970193042, 0.29222118001673597, 0.3656012775523349], [0.06987360165558171, 0.3464336691764738, 0.012145965047971885, 0.5715467641199726], [0.45060097484948847, 0.5082769051406253, 0.01954151803588748, 0.02158060197399874], [0.23572696106838467, 0.6346724118445191, 0.04343408999581891, 0.08616653709127729], [0.636104911410923, 0.0762321388255958, 0.10119525617658534, 0.186467693586896], [0.42359107199699475, 0.4211963776124838, 0.09680579702950191, 0.05840675336101956], [0.009100196786451674, 0.9584145167121477, 0.010658534754076753, 0.021826751747323923], [0.08771488726940126, 0.01906875839612087, 0.030338985886887094, 0.8628773684475907], [0.5868695858168097, 0.10497112229387495, 0.20999298822542306, 0.09816630366389219], [0.03177433319147853, 0.30958349583850825, 0.03349447195742751, 0.6251476990125857], [0.32563111992338306, 0.5502010300594802, 0.043671323650280494, 0.08049652636685624], [0.3635671176827288, 0.5435764673409537, 0.07803595716131444, 0.014820457815003149], [0.6497244531523251, 0.30485625599080024, 0.017723695071726376, 0.027695595785148363], [0.15211016701524105, 0.39122344252005187, 0.21039773853952318, 0.24626865192518393], [0.30899918125298315, 0.2169252807044955, 0.3450255526099472, 0.12904998543257407]]}}