{"test": {"ids": ["104111550", "113121980", "98111231", "107115250", "112118890", "113120070", "109119591", "113122180", "111121220", "98116940", "112120990", "99107660", "99111930", "112118511", "110114561", "110118930", "110115120", "105113190", "98113881", "97113260", "97106600", "113122320", "110117200", "104117630", "113118690", "112121010", "102116340", "109115220", "111119430", "110115580", "107117630", "106113190", "108115570", "105116650", "108121410", "98107380", "110113931", "112117030", "97105960", "106119260", "97106000", "113118490", "113121220", "110118701", "105117351", "99108010", "101108950", "113118810", "101108370", "102108621", "109114720", "109117730", "97107260", "105115680", "99110050", "102111990", "113117340", "104114240", "103113610", "110121170", "106116441", "110114950", "113117550", "113122510", "110118810", "113118511", "108121190", "108115070", "110118880", "107121640", "108120621", "111120531", "108114200", "107113170", "102121440", "102118380", "112119610", "99109141", "97116500", "105121370", "107113550", "101108290", "110114720", "99108000", "102107961", "98119591", "104116800", "111118810", "110121720", "113120260", "112118550", "110116300", "110118301", "101112201", "102109850", "102110050", "108117451", "113121810", "104111990", "99111440", "109119450", "113120751", "110115140", "109121410", "97105580", "106115240", "98110680", "103113640", "109118231", "111119610", "97106591", "110118740", "101114990", "100113210", "111120640", "107113130", "102110750", "102113210", "104114410", "109118701", "109116810", "110113591", "110120190", "112117790", "106113170", "108115970", "112116540", "97112170", "100111080", "99107560", "108118291", "107117010", "100108580", "107114780", "110118630", "99109161", "102110850", "102110890", "99108710", "103112641", "101110200", "103117461"], "labels": [1, 2, 1, 2, 3, 2, 0, 2, 3, 2, 2, 3, 1, 1, 0, 1, 0, 3, 3, 1, 3, 1, 3, 0, 3, 2, 3, 3, 3, 1, 0, 0, 3, 1, 0, 1, 1, 2, 2, 1, 0, 1, 3, 3, 0, 2, 2, 3, 1, 3, 0, 3, 2, 2, 3, 2, 2, 0, 2, 2, 0, 0, 3, 2, 1, 1, 1, 1, 0, 1, 1, 0, 0, 0, 2, 1, 0, 3, 2, 2, 0, 0, 3, 2, 3, 1, 1, 0, 3, 3, 3, 3, 1, 0, 1, 3, 2, 2, 2, 3, 3, 1, 0, 0, 1, 1, 2, 1, 1, 2, 1, 3, 3, 0, 0, 1, 1, 3, 1, 3, 3, 0, 3, 3, 0, 2, 1, 0, 0, 1, 3, 1, 0, 2, 1, 3, 3, 0, 2, 3, 2, 0], "predicted_labels": [1, 1, 3, 3, 3, 1, 1, 1, 3, 1, 1, 0, 1, 3, 3, 1, 1, 3, 1, 1, 3, 3, 1, 0, 1, 3, 1, 1, 3, 3, 0, 3, 1, 1, 1, 3, 3, 3, 1, 0, 3, 3, 3, 3, 0, 1, 3, 1, 0, 3, 3, 0, 3, 3, 3, 1, 3, 3, 1, 3, 3, 3, 3, 1, 3, 1, 1, 1, 3, 3, 3, 1, 1, 3, 1, 1, 1, 0, 0, 1, 1, 3, 1, 1, 1, 3, 3, 1, 1, 1, 1, 3, 3, 1, 1, 3, 3, 1, 1, 0, 0, 3, 0, 1, 0, 1, 3, 0, 0, 1, 1, 3, 1, 0, 3, 1, 1, 3, 3, 1, 3, 1, 3, 0, 0, 3, 3, 1, 1, 1, 0, 3, 1, 1, 1, 0, 1, 3, 1, 3, 1, 0], "confidence_scores": [[0.21430485371216768, 0.3100003413052679, 0.21900888007767422, 0.2566859249048903], [0.2743866256301137, 0.2924780885676917, 0.1836981535451283, 0.24943713225706662], [0.27640969283354183, 0.2384795667545103, 0.1925839468791663, 0.2925267935327816], [0.22565200906125787, 0.2895699300326292, 0.17471781265175446, 0.3100602482543587], [0.253756272031863, 0.2908932096714073, 0.1636823361993063, 0.2916681820974236], [0.24491215853735848, 0.30709543162196856, 0.20304610423520486, 0.24494630560546832], [0.2523746611828328, 0.2799062440516066, 0.20314947016335363, 0.26456962460220707], [0.29033475983807244, 0.2982055737006798, 0.15702789296296274, 0.2544317734982851], [0.22016449670310984, 0.25743370437237706, 0.15465646066640917, 0.36774533825810396], [0.22399042649321352, 0.3539819897121601, 0.1707654015177572, 0.2512621822768692], [0.24277419764016256, 0.34282999932006925, 0.15836046834218698, 0.2560353346975811], [0.26718847663697604, 0.21842516816551233, 0.2647082103032272, 0.2496781448942845], [0.1905576880301783, 0.3449441376397532, 0.1754250392717174, 0.289073135058351], [0.2539621404919976, 0.26628591396957385, 0.16823851340366563, 0.3115134321347632], [0.22330129833239085, 0.27304952900533797, 0.22373698594494473, 0.27991218671732637], [0.21052116276829685, 0.32075019874463956, 0.1689039256908917, 0.299824712796172], [0.24733569090136828, 0.283937754622319, 0.18759369520768504, 0.28113285926862774], [0.2542228208669375, 0.26871991601920475, 0.16694197148358544, 0.3101152916302725], [0.23885357676237676, 0.32152353596345745, 0.1930184729304192, 0.2466044143437465], [0.2743405080502557, 0.28207254957096956, 0.19899088287855055, 0.24459605950022417], [0.23521494932990897, 0.2204837767601292, 0.22269931575571364, 0.3216019581542483], [0.21743904539630676, 0.27630489592432633, 0.18425477404030594, 0.3220012846390609], [0.26414008194029676, 0.31391002626009595, 0.13560023575003546, 0.28634965604957197], [0.2951601558617238, 0.22290849879108052, 0.19477090595025998, 0.287160439396936], [0.22624222634775548, 0.3009080053138139, 0.19134115390979622, 0.28150861442863445], [0.2135812420490603, 0.29191414582170605, 0.1843765956351422, 0.3101280164940917], [0.24161392387409367, 0.3162007721883687, 0.1956679890264874, 0.24651731491105036], [0.2114993102195773, 0.29920765636112234, 0.19131707745640467, 0.29797595596289583], [0.15040021887560923, 0.289979822659068, 0.18117283583207336, 0.3784471226332494], [0.25201320059557314, 0.22947163404840118, 0.25654670919375716, 0.2619684561622685], [0.29051178872527816, 0.24411653460328972, 0.2231169836743251, 0.24225469299710717], [0.28359114754649367, 0.2544718955180591, 0.17278275726420209, 0.2891541996712453], [0.2389118107981902, 0.34478331904614357, 0.18600583460863837, 0.23029903554702794], [0.2454579078592597, 0.2653295639925834, 0.22866018178095776, 0.26055234636719943], [0.2848042461034412, 0.3166249712630117, 0.16881588775751996, 0.22975489487602727], [0.2872148527307476, 0.22458754267466902, 0.174131751515675, 0.3140658530789084], [0.2757276417643651, 0.2549594001254704, 0.19334430033631095, 0.27596865777385376], [0.242409452095064, 0.2894582126698079, 0.17535326698926937, 0.29277906824585903], [0.2496576112944825, 0.2586887196006381, 0.23900967462402745, 0.25264399448085206], [0.29908643263842905, 0.2407324569963535, 0.19081588229822002, 0.26936522806699753], [0.26146716444548745, 0.2633995099065281, 0.21146835031990283, 0.2636649753280818], [0.252786571696478, 0.26050920716238946, 0.16754449244128222, 0.3191597286998504], [0.2606593631137364, 0.2339874489819844, 0.20112300231065278, 0.30423018559362647], [0.269829990382701, 0.23602629565581693, 0.21983926050872798, 0.2743044534527542], [0.32042294202884347, 0.2613083306711525, 0.15649679275510522, 0.2617719345448987], [0.1905101266987816, 0.34247306867510957, 0.21296330551342887, 0.2540534991126801], [0.278220935771453, 0.25180812936984226, 0.17161299031026986, 0.2983579445484353], [0.2420440619459279, 0.32093143791412343, 0.13275965096386755, 0.30426484917608115], [0.2917358463194138, 0.2451671211176173, 0.179662274755278, 0.28343475780769095], [0.28553499670185284, 0.2120570270110155, 0.18657562724425591, 0.31583234904287566], [0.26301688111490934, 0.28363740265469617, 0.15519092521353342, 0.298154791016861], [0.29176797429504153, 0.22811073401982465, 0.21685059271656792, 0.26327069896856586], [0.23374622179014903, 0.24292541321675368, 0.2527049799271294, 0.2706233850659679], [0.18564142448019688, 0.30746232990641886, 0.16924058914688925, 0.33765565646649526], [0.22818397072397706, 0.242217432690367, 0.21860542032345123, 0.31099317626220474], [0.26880528127234926, 0.29561321033901444, 0.18294924668829587, 0.25263226170034053], [0.2292841815702718, 0.28947985905727625, 0.18558637074173695, 0.29564958863071517], [0.2411409873559875, 0.25992253283956834, 0.20924279179827035, 0.28969368800617384], [0.2426861576321003, 0.2977863013503325, 0.23634490772844874, 0.22318263328911858], [0.22960116673834213, 0.2711445475365417, 0.19502178145897808, 0.3042325042661381], [0.25184655286599056, 0.266147353716207, 0.19309402019154906, 0.28891207322625356], [0.27149196472295384, 0.25647124179860703, 0.18803315197964607, 0.28400364149879304], [0.2709174472207774, 0.20131761998224446, 0.20952068471710408, 0.3182442480798741], [0.25771799200296464, 0.30220446269711465, 0.1717707289983124, 0.26830681630160824], [0.24765495318221512, 0.2610764720002619, 0.21358071106725776, 0.27768786375026516], [0.2837354961994172, 0.3122203933055895, 0.18589258527176772, 0.21815152522322542], [0.1852792648504359, 0.33597546095205877, 0.18491965458559062, 0.29382561961191483], [0.1980944009342838, 0.37416279936670316, 0.1837781719511451, 0.2439646277478681], [0.2665313739313706, 0.24526715081990433, 0.16161145185090567, 0.3265900233978194], [0.2574679628310433, 0.23414605728100973, 0.2293258924764664, 0.27906008741148053], [0.24811541068237752, 0.270001547277097, 0.1825824182749992, 0.29930062376552646], [0.25735738441175426, 0.31675718535137765, 0.17868295232513653, 0.2472024779117316], [0.24128096077551361, 0.3048654931433357, 0.16546554096856173, 0.2883880051125892], [0.2586078097255742, 0.2528217528761564, 0.22813471517295508, 0.2604357222253146], [0.22293849072966135, 0.29146707677287237, 0.24398177825996673, 0.24161265423749964], [0.20887292351605818, 0.3251289633660168, 0.18236310474174278, 0.2836350083761824], [0.1987781592615541, 0.2950387281443334, 0.21983524590338724, 0.28634786669072537], [0.32254755565287674, 0.26155026886793925, 0.16467646952545223, 0.2512257059537319], [0.2717327941583869, 0.2511484778029332, 0.22996625112185223, 0.2471524769168278], [0.23984249088023646, 0.3212801031898106, 0.2157430354536209, 0.22313437047633222], [0.20070516591546558, 0.27868834631043027, 0.2759725342146408, 0.24463395355946363], [0.24751735398811361, 0.26412926106299844, 0.17961952820040814, 0.30873385674848], [0.2492290866243664, 0.33555109223057344, 0.22826283844863446, 0.18695698269642583], [0.23257730965246703, 0.30801828592357056, 0.22747774977851204, 0.23192665464545037], [0.260216455436089, 0.3087821935524101, 0.21596080185075706, 0.2150405491607438], [0.2744644811864476, 0.2552524826144483, 0.18514310760277022, 0.28513992859633386], [0.2001730616918251, 0.2777436493604281, 0.24023643449303245, 0.28184685445471436], [0.2610957996021252, 0.30586050953016847, 0.16185159742815147, 0.2711920934395548], [0.24598475071279713, 0.27121706593383504, 0.22909798371936535, 0.2537001996340026], [0.2290498494744463, 0.32857632621022725, 0.2047672897108358, 0.23760653460449063], [0.22100038994475277, 0.3003393714904079, 0.18006959099972927, 0.29859064756511006], [0.23751685057553257, 0.27028912358680174, 0.16793676909263947, 0.3242572567450263], [0.22285139272744772, 0.2807433928812798, 0.17265762252312405, 0.3237475918681487], [0.2826044954597215, 0.3080103889022693, 0.14560293929662596, 0.2637821763413833], [0.24734410484714583, 0.3264064530592983, 0.1945287913196998, 0.2317206507738559], [0.2836561325839352, 0.24796154934334463, 0.1752465797804094, 0.2931357382923108], [0.29751018279365565, 0.22583901372830406, 0.17171269212987986, 0.30493811134816035], [0.2546378884798709, 0.26918865426402205, 0.2245649919119906, 0.25160846534411624], [0.20908799151310306, 0.29563278797247916, 0.1999041706685505, 0.2953750498458674], [0.28773550497210004, 0.2626150029720006, 0.19219208145343036, 0.2574574106024691], [0.25691265289072024, 0.23783565445923394, 0.24836910433198325, 0.25688258831806265], [0.2079996535373764, 0.2905956610710614, 0.17802602542240117, 0.3233786599691612], [0.31555200631018876, 0.21061450893541317, 0.18131644108185632, 0.29251704367254194], [0.2144781932805822, 0.30466957615288437, 0.20072028239482495, 0.2801319481717086], [0.29036265424632424, 0.27447488990181745, 0.15502406091421164, 0.2801383949376465], [0.2275336674139888, 0.3346763130397047, 0.20353669034903368, 0.23425332919727282], [0.24865593047020124, 0.23324466962642465, 0.24906776877208284, 0.26903163113129136], [0.31787149410409227, 0.2488884135090672, 0.16731154196699952, 0.265928550419841], [0.302076347126395, 0.28348564250732206, 0.1874381729804549, 0.22699983738582816], [0.23793648532894107, 0.3057995110314571, 0.2091557199007524, 0.24710828373884947], [0.27237865080113244, 0.31044171682423055, 0.17723482357631792, 0.23994480879831934], [0.25940836159174163, 0.24375055126018044, 0.21373355417019735, 0.2831075329778808], [0.17089715173947728, 0.36161462418828, 0.16649725383971756, 0.30099097023252536], [0.28754962121156813, 0.24646365705877543, 0.2062511951904771, 0.25973552653917975], [0.2688345291092837, 0.24505618597243436, 0.21612911435671556, 0.26998017056156637], [0.23663851306031755, 0.3469247386202639, 0.20759122685210024, 0.20884552146731822], [0.23313350192588797, 0.34546258333723573, 0.21271654819998886, 0.20868736653688744], [0.24706573083041086, 0.23748494018070157, 0.1986706942639726, 0.3167786347249151], [0.24353971180496142, 0.2218610048285843, 0.15217309295300604, 0.38242619041344844], [0.2753534974109597, 0.2877123127216833, 0.1975130516903898, 0.2394211381769674], [0.2753024425028139, 0.28721270606230714, 0.1228480387889457, 0.31463681264593324], [0.2738452880116302, 0.2773234012768684, 0.20398075441828234, 0.24485055629321922], [0.27282272995098145, 0.2549089622690241, 0.1762987836012934, 0.29596952417870126], [0.3074424010087806, 0.24267778649741323, 0.15577043880241973, 0.29410937369138657], [0.2891219585667632, 0.27943788034240163, 0.15388772612410853, 0.2775524349667268], [0.23763414053011306, 0.24927195986059514, 0.19668084343931966, 0.31641305616997256], [0.24279313656385249, 0.23814215007638828, 0.15498873748499326, 0.3640759758747661], [0.2564835087875688, 0.3306052161010982, 0.1337597021402669, 0.279151572971066], [0.20081119288698013, 0.34135834759855643, 0.20071599388688974, 0.2571144656275739], [0.1845109539810703, 0.32728334137203285, 0.16739314459773402, 0.32081256004916286], [0.3041772488333522, 0.2881420795690579, 0.1602315262408606, 0.24744914535672938], [0.21474131230709467, 0.259105429675814, 0.19818926198470804, 0.3279639960323833], [0.25969631378071073, 0.26205085268922645, 0.23038874183088676, 0.2478640916991761], [0.245200509633635, 0.3390137095280216, 0.16743115429406072, 0.24835462654428306], [0.2421383808672176, 0.29465325657397856, 0.1870467741118117, 0.27616158844699223], [0.3022558621014151, 0.22218442275197975, 0.1986020769401533, 0.2769576382064521], [0.23129370035051358, 0.32017600404168156, 0.19189423672918007, 0.25663605887862484], [0.23465899817511016, 0.24621508535351683, 0.20785584256160594, 0.3112700739097673], [0.19184918505405746, 0.33249865802957657, 0.17203070393470102, 0.3036214529816652], [0.25894587477611986, 0.2324899119885868, 0.1827248532558828, 0.3258393599794107], [0.20066157227907536, 0.3520846207744135, 0.20666426256301088, 0.24058954438350047], [0.30814162892349445, 0.23402147440638074, 0.20825745349516273, 0.2495794431749623]]}, "rewritten": {"ids": ["97105580", "97105960", "97106000", "97106591", "97106600", "97107260", "97112170", "97113260", "97116500", "98107380", "98110680", "98111231", "98113881", "98116940", "98119591", "99107560", "99107660", "99108000", "99108010", "99108710", "99109141", "99109161", "99110050", "99111440", "99111930", "100108580", "100111080", "100113210", "101108290", "101108370", "101108950", "101110200", "101112201", "101114990", "102107961", "102108621", "102109850", "102110050", "102110750", "102110850", "102110890", "102111990", "102113210", "102116340", "102118380", "102121440", "103112641", "103113610", "103113640", "103117461", "104111550", "104111990", "104114240", "104114410", "104116800", "104117630", "105113190", "105115680", "105116650", "105117351", "105121370", "106113170", "106113190", "106115240", "106116441", "106119260", "107113130", "107113170", "107113550", "107114780", "107115250", "107117010", "107117630", "107121640", "108114200", "108115070", "108115570", "108115970", "108117451", "108118291", "108120621", "108121190", "108121410", "109114720", "109115220", "109116810", "109117730", "109118231", "109118701", "109119450", "109119591", "109121410", "110113591", "110113931", "110114561", "110114720", "110114950", "110115120", "110115140", "110115580", "110116300", "110117200", "110118301", "110118630", "110118701", "110118740", "110118810", "110118880", "110118930", "110120190", "110121170", "110121720", "111118810", "111119430", "111119610", "111120531", "111120640", "111121220", "112116540", "112117030", "112117790", "112118511", "112118550", "112118890", "112119610", "112120990", "112121010", "113117340", "113117550", "113118490", "113118511", "113118690", "113118810", "113120070", "113120260", "113120751", "113121220", "113121810", "113121980", "113122180", "113122320", "113122510"], "labels": [1, 2, 0, 1, 3, 2, 0, 1, 2, 1, 2, 1, 3, 2, 1, 1, 3, 2, 2, 2, 3, 3, 3, 3, 1, 0, 0, 0, 0, 1, 2, 2, 0, 3, 3, 3, 1, 3, 1, 3, 0, 2, 3, 3, 1, 2, 3, 2, 1, 0, 1, 2, 0, 1, 1, 0, 3, 2, 1, 0, 2, 0, 0, 1, 0, 1, 1, 0, 0, 2, 2, 1, 0, 1, 0, 1, 3, 2, 2, 3, 1, 1, 0, 0, 3, 3, 3, 1, 3, 3, 0, 0, 0, 1, 0, 3, 0, 0, 0, 1, 3, 3, 1, 1, 3, 3, 1, 0, 1, 3, 2, 3, 0, 3, 2, 0, 0, 3, 1, 2, 3, 1, 3, 3, 0, 2, 2, 2, 3, 1, 1, 3, 3, 2, 3, 1, 3, 2, 2, 2, 1, 2], "predicted_labels": [0, 1, 3, 0, 1, 3, 3, 3, 3, 0, 1, 3, 0, 1, 3, 1, 3, 3, 1, 1, 0, 3, 3, 3, 1, 1, 3, 3, 3, 3, 3, 1, 3, 1, 1, 3, 1, 1, 1, 1, 3, 3, 3, 3, 3, 1, 3, 1, 1, 3, 1, 1, 3, 3, 1, 0, 3, 1, 3, 0, 1, 1, 3, 1, 1, 0, 1, 3, 3, 1, 3, 3, 0, 0, 0, 1, 3, 1, 3, 0, 3, 1, 3, 1, 3, 1, 3, 1, 1, 3, 1, 3, 0, 3, 3, 1, 0, 1, 3, 0, 3, 1, 0, 3, 3, 0, 3, 0, 3, 1, 3, 0, 3, 1, 1, 1, 3, 3, 3, 3, 3, 3, 3, 3, 3, 1, 3, 1, 3, 1, 0, 1, 3, 0, 1, 3, 3, 1, 1, 3, 1, 1], "confidence_scores": [[0.3019356714835342, 0.25693707769163715, 0.16187837325436794, 0.27924887757046085], [0.23597443360009773, 0.3101337170267789, 0.18049558883949388, 0.27339626053362953], [0.23283090462695666, 0.26720107992819503, 0.172169917537886, 0.32779809790696257], [0.28282320141046124, 0.278456173059582, 0.19399862584579053, 0.24472199968416633], [0.19571654609075512, 0.3028322844490233, 0.21167748632018404, 0.28977368314003793], [0.19268647416615928, 0.274237537401885, 0.23057100763252605, 0.30250498079942956], [0.20780066290450339, 0.2992563534941825, 0.1791844246685072, 0.31375855893280713], [0.24252879822774503, 0.2588878275401566, 0.22173020085405543, 0.27685317337804305], [0.23081470765803988, 0.2407114825971734, 0.23008548067348247, 0.2983883290713043], [0.30654270154529684, 0.24316920037036216, 0.1797388543818974, 0.27054924370244376], [0.21054811179434738, 0.32993179986255106, 0.1857007343219509, 0.2738193540211507], [0.29042067957397544, 0.227892888055649, 0.17374768191644244, 0.3079387504539331], [0.26554849908505207, 0.2574524972826171, 0.2542452427393231, 0.22275376089300766], [0.21838534808144097, 0.36585572695791996, 0.1682209379020841, 0.24753798705855523], [0.2401977755237418, 0.23834256063883477, 0.19428773511148073, 0.3271719287259428], [0.23961768721527865, 0.35187439329825065, 0.15426036934502066, 0.2542475501414501], [0.2530469110839306, 0.23263513801810076, 0.2193902563237532, 0.29492769457421547], [0.22540280707597152, 0.2856961457236259, 0.15983814108419422, 0.3290629061162086], [0.2366375021310645, 0.30464912751429396, 0.17074818422614327, 0.2879651861284983], [0.20716801948899072, 0.32764359331051346, 0.1624632186566219, 0.30272516854387427], [0.29408320229306684, 0.28478608377061376, 0.1345304711846949, 0.28660024275162443], [0.25609118650377216, 0.24205906436106897, 0.24139426384758472, 0.2604554852875742], [0.24153035014057664, 0.2648093893462684, 0.20883331493971447, 0.28482694557344035], [0.24087352688261027, 0.25304488987060464, 0.1914590303228202, 0.314622552923965], [0.19857609228847617, 0.3881664965016839, 0.14209211234562946, 0.27116529886421065], [0.23121244373706035, 0.29027010640348583, 0.21433193859713903, 0.26418551126231493], [0.24604572348124062, 0.2803821926528651, 0.18870075614623918, 0.28487132771965507], [0.24918014320484982, 0.24056509177887148, 0.2050820621359105, 0.3051727028803684], [0.29449837524045663, 0.22514846566024768, 0.16109162649198983, 0.3192615326073058], [0.26478591830118225, 0.2670908170199679, 0.14828304950965698, 0.31984021516919303], [0.2030176421505308, 0.2938772507444074, 0.20593826390267367, 0.2971668432023882], [0.21521957444356185, 0.3109826413713994, 0.18911560779556225, 0.2846821763894768], [0.2816140503396335, 0.27099054447137993, 0.16323680890740902, 0.2841585962815775], [0.19791221016822483, 0.32546037196828137, 0.18664345947659966, 0.28998395838689434], [0.2583454199972448, 0.3068642333721008, 0.18622959638513556, 0.248560750245519], [0.2705487779112535, 0.20625747020740157, 0.24676846459081136, 0.2764252872905336], [0.2543772135832492, 0.31739516629237297, 0.2014821062706633, 0.2267455138537146], [0.28194313735430465, 0.2859123341170581, 0.14731763727792782, 0.2848268912507096], [0.2436953659285715, 0.31894496797893296, 0.21631286307552774, 0.22104680301696786], [0.2600936940810081, 0.3232456780833233, 0.17619982723178146, 0.24046080060388741], [0.21360732999152476, 0.2792411134444927, 0.2107408641768563, 0.2964106923871265], [0.24775986233135694, 0.2856267445975335, 0.17254859196207345, 0.2940648011090362], [0.27236251335181133, 0.25142764405475637, 0.18979199927290566, 0.2864178433205268], [0.22512827677443562, 0.2986908565737682, 0.15475649557651022, 0.321424371075286], [0.19296858781340284, 0.28593262765804545, 0.19937331430729566, 0.32172547022125625], [0.2173684983249715, 0.3129970358429509, 0.16123278233523486, 0.30840168349684266], [0.22708301934371355, 0.2482802760804774, 0.2264629738227529, 0.2981737307530565], [0.2736001784646893, 0.2943874099690197, 0.17741374060061105, 0.25459867096567984], [0.26374816361947834, 0.2837315003610985, 0.17218448415306983, 0.2803358518663535], [0.24554866079534016, 0.2927412734893413, 0.16064464029711448, 0.30106542541820397], [0.22554351049543211, 0.30319830565098227, 0.20190781927673762, 0.2693503645768479], [0.193190033950356, 0.3568681290824119, 0.1757574647917669, 0.2741843721754654], [0.27580010350447587, 0.27000678053223165, 0.13079361616408147, 0.323399499799211], [0.26650189753363707, 0.2538401568573018, 0.11061153435337961, 0.3690464112556816], [0.27324840749283263, 0.2783645312168224, 0.17456827734266891, 0.2738187839476761], [0.33190335541118393, 0.2328246111056044, 0.18440893746046944, 0.2508630960227423], [0.2973255354308754, 0.2578853889698468, 0.14698377469569507, 0.2978053009035828], [0.21256129975954446, 0.34238204726354676, 0.18747051451082136, 0.2575861384660878], [0.24146809013927537, 0.28117539480135556, 0.18316812405984934, 0.29418839099952004], [0.30878318583944264, 0.27938640756527294, 0.16066554125468246, 0.2511648653406019], [0.23280621354396377, 0.29812412596241533, 0.19851974916912468, 0.2705499113244963], [0.26441379101412643, 0.34209710763355083, 0.1378990173810495, 0.2555900839712732], [0.2347091591037581, 0.2715227852088963, 0.17335797932165073, 0.320410076365695], [0.23959032611438366, 0.27750609556927675, 0.21245588775818583, 0.2704476905581539], [0.25443690172116734, 0.27847716348183876, 0.18938263930104238, 0.27770329549595163], [0.27787226986996794, 0.23966455478079923, 0.20959272825354067, 0.27287044709569236], [0.2165269004392098, 0.31705097815903416, 0.21880567312854488, 0.24761644827321116], [0.2404546064591036, 0.2794919311653901, 0.14005276133765676, 0.3400007010378497], [0.2881338960491446, 0.22384647231171806, 0.18306610401023726, 0.30495352762890016], [0.23301920940087836, 0.2910781810192357, 0.19835748901753086, 0.2775451205623553], [0.23935031415985406, 0.2536819590516952, 0.22423176656255245, 0.28273596022589853], [0.18961927645820972, 0.21867116333260025, 0.21548447349747732, 0.37622508671171284], [0.28227376264614007, 0.24923589188478668, 0.2361179687919865, 0.232372376677087], [0.29483592792436936, 0.2507320986085996, 0.2147612647519618, 0.23967070871506954], [0.28628450055198723, 0.2786348471962706, 0.19089120603903684, 0.2441894462127056], [0.25913997787711546, 0.31036712829941776, 0.1549203273806522, 0.27557256644281464], [0.24172418084190428, 0.2770526427677313, 0.1947646744875333, 0.28645850190283123], [0.269733815100506, 0.3257736839484706, 0.13461125949982214, 0.2698812414512015], [0.2886222510720473, 0.24962993794390445, 0.17021734388885057, 0.2915304670951976], [0.3096847248694894, 0.24570350499908475, 0.17408799371469086, 0.27052377641673503], [0.24015283918933608, 0.27134862366293605, 0.20593408839885174, 0.28256444874887626], [0.2134634625235286, 0.3387448350232048, 0.16876269902896823, 0.2790290034242987], [0.24431425799662662, 0.27694412890638076, 0.17618877685779602, 0.3025528362391968], [0.2692124975161845, 0.29805636837769783, 0.18061443289551055, 0.25211670121060736], [0.19329445821996277, 0.2695061424583718, 0.1722199338643337, 0.36497946545733184], [0.2738764091380026, 0.2983344615451063, 0.1391121599602328, 0.2886769693566585], [0.2754407097513771, 0.24267951542044938, 0.19653895985774208, 0.2853408149704315], [0.25281633690039734, 0.3114332114729194, 0.2058893688001081, 0.22986108282657514], [0.2661730284772842, 0.2983259210311261, 0.2079045818410676, 0.2275964686505223], [0.24472266426497247, 0.2627960069712731, 0.19368910300294168, 0.29879222576081266], [0.23598588563201442, 0.3331253734703973, 0.18697394212679075, 0.24391479877079764], [0.2089104134329379, 0.2838427399244575, 0.19855488606504232, 0.3086919605775624], [0.30016649221656216, 0.27923219823504547, 0.15123275149965879, 0.2693685580487337], [0.27079898096208016, 0.23482314901234017, 0.17607653933039494, 0.31830133069518507], [0.2660035325154234, 0.21787603755531318, 0.18131144949528719, 0.3348089804339764], [0.24997382017129763, 0.29807000148999546, 0.20983170929412057, 0.2421244690445865], [0.3035755033267268, 0.20144583402122254, 0.1929974936911913, 0.3019811689608596], [0.22356330911079667, 0.3359856854518546, 0.16544455997023774, 0.2750064454671111], [0.26571406213546783, 0.24338653102788718, 0.18244116324836368, 0.30845824358828133], [0.31325037711963866, 0.22307798719687877, 0.2068704624973989, 0.25680117318608386], [0.2468720054850689, 0.2588153073164418, 0.15960232853602024, 0.3347103586624693], [0.2875889757836023, 0.2989203769174515, 0.13731589834288374, 0.2761747489560626], [0.28564517897837044, 0.2529246275549974, 0.19957135768805973, 0.26185883577857255], [0.25569879067568085, 0.29551460261133544, 0.1473715693777483, 0.30141503733523545], [0.23576833792226293, 0.2314451050556932, 0.21443997922759309, 0.31834657779445086], [0.28241782232069557, 0.24429202318865223, 0.2027125130560822, 0.2705776414345701], [0.27943675920215455, 0.23084382083744118, 0.1712861284862498, 0.31843329147415456], [0.305858446993597, 0.2665011995344584, 0.13005472750422883, 0.2975856259677158], [0.2178971382071514, 0.28390734182970045, 0.19825480226472447, 0.29994071769842384], [0.23504224428751752, 0.31111488743777566, 0.1439106973684966, 0.3099321709062103], [0.2539746293295907, 0.2664094453385292, 0.1751198931532637, 0.3044960321786166], [0.30111033694295414, 0.2385473469456278, 0.20077402613956485, 0.25956828997185327], [0.25990766690072936, 0.27680121809536007, 0.16203325614883887, 0.30125785885507184], [0.2227402692858923, 0.3184073894081746, 0.17091805430635604, 0.2879342869995773], [0.24308940363288664, 0.31186113477722677, 0.16795531719339052, 0.27709414439649604], [0.21607294305360747, 0.3319892112286905, 0.22107996712140365, 0.23085787859629858], [0.2634139070796, 0.23901048310863582, 0.20933354641261676, 0.2882420633991474], [0.21617498509153033, 0.2619675899359362, 0.1628561153034763, 0.3590013096690573], [0.24864291055513404, 0.24466549334388932, 0.14278561678541454, 0.3639059793155621], [0.24008302763716277, 0.262955397126947, 0.18400250894623082, 0.31295906628965975], [0.28409418689252214, 0.2544812994053674, 0.17077305554856206, 0.2906514581535486], [0.28030225950425186, 0.26242844851302366, 0.15323127186926355, 0.3040380201134611], [0.2407360703884994, 0.2686028443038173, 0.1525649752336883, 0.33809611007399487], [0.27403303816264635, 0.2690687394375276, 0.14665468938780435, 0.3102435330120218], [0.23518198558535194, 0.2749354143269607, 0.17209526953122187, 0.31778733055646563], [0.2906422261115254, 0.30992083220723365, 0.15049180425845576, 0.2489451374227853], [0.2721009519792688, 0.2690328100312088, 0.17952932299554866, 0.2793369149939737], [0.22599299783649382, 0.2990637621311366, 0.2115116703004651, 0.26343156973190474], [0.25244768904239534, 0.24858910513203958, 0.16466228660499949, 0.3343009192205656], [0.2536891973854563, 0.29476103764773603, 0.18578558290156436, 0.2657641820652433], [0.29642197862534, 0.2915337742071198, 0.17932671976524442, 0.2327175274022958], [0.23633181699506278, 0.3070356097698707, 0.17495951560581652, 0.28167305762925016], [0.26657123838529884, 0.27396408752835205, 0.1511860262150393, 0.30827864787130993], [0.27331848027381417, 0.27165933043513424, 0.19151825750710796, 0.2635039317839436], [0.27887466454155235, 0.28844752866579565, 0.18437106872786202, 0.24830673806479012], [0.21244219878169662, 0.27664947632940984, 0.17795065361924103, 0.33295767126965276], [0.2480956900089927, 0.26386282963564694, 0.18489513454435083, 0.3031463458110095], [0.23174346060292503, 0.27552681577453464, 0.22007663473506145, 0.2726530888874789], [0.28156169397918146, 0.2857962542567024, 0.16291775311332557, 0.26972429865079073], [0.23543893655762105, 0.27106369215745013, 0.19296678478345666, 0.3005305865014725], [0.2390621526186866, 0.32016909656124326, 0.1696257518222852, 0.271142998997785], [0.26291944075879586, 0.29784857739621784, 0.20846700621897923, 0.23076497562600712]]}}