{"test": {"ids": ["105113260", "103112470", "103110220", "110121170", "112116990", "113122160", "100108260", "107116980", "112117580", "99109740", "98112300", "112121351", "97112170", "100110260", "104118340", "105116501", "97107821", "101111310", "112118860", "101108950", "100113210", "110118701", "105121190", "100108490", "100116500", "100120010", "105113480", "106121190", "106113260", "108114040", "101109370", "112119980", "103109791", "103117200", "106114011", "106117650", "99117630", "100109000", "106114321", "108114200", "113120591", "113122510", "97112830", "111114171", "99111440", "100113370", "109113931", "99108330", "111121220", "111120190", "109115070", "101108621", "105115250", "112117660", "102109850", "108118810", "99108000", "106117790", "110119030", "106116120", "109119010", "97106820", "100116790", "109113281", "101111210", "97116790", "107114280", "106111321", "112117431", "113121190", "109120560", "103112641", "112120700", "103110100", "111119250", "106119990", "98111620", "104119290", "99107300", "110120190", "111116290", "112121030", "111116170", "110114651", "113121010", "108117720", "108115870", "113122170", "110113931", "103111990", "105116980", "112116900", "109119591", "111119340", "100115700", "105115900", "102109010", "107115250", "101114020", "106116850", "107114321", "111117480", "112120290", "106120640", "99108710", "99109370", "112120990", "102113981", "98107410", "97112290", "111116110", "103111170", "101108370", "98108970", "105116090", "111118820", "109116810", "103113260", "108114670", "111114941", "106118520", "113120531", "98116500", "101117580", "107119950", "97107681", "113120280", "110114950", "106120290", "107114780", "99108010", "102116500", "113117550", "111119610", "101112690", "107118820", "99105921", "105121370", "106115250", "109119450", "102107961", "101112201"], "labels": [3, 1, 2, 2, 0, 3, 3, 3, 0, 3, 2, 0, 0, 3, 2, 1, 2, 3, 3, 2, 0, 3, 2, 2, 2, 0, 0, 2, 3, 0, 1, 0, 3, 0, 1, 1, 3, 1, 2, 0, 0, 2, 2, 3, 3, 3, 1, 1, 3, 3, 0, 0, 2, 0, 1, 1, 2, 1, 0, 1, 3, 1, 2, 0, 2, 2, 3, 0, 0, 1, 1, 3, 2, 1, 1, 0, 3, 1, 3, 3, 2, 0, 0, 3, 2, 1, 3, 1, 1, 2, 0, 3, 0, 3, 1, 3, 1, 2, 3, 3, 0, 1, 1, 3, 2, 1, 2, 1, 3, 1, 3, 2, 1, 3, 1, 0, 3, 3, 3, 0, 2, 0, 2, 3, 3, 3, 0, 0, 2, 2, 2, 1, 3, 2, 1, 3, 1, 2, 2, 3, 3, 0], "predicted_labels": [1, 3, 3, 3, 1, 1, 3, 1, 1, 3, 0, 1, 0, 1, 3, 3, 0, 1, 1, 1, 1, 3, 0, 1, 3, 1, 3, 1, 3, 1, 3, 3, 3, 1, 1, 1, 3, 3, 1, 1, 1, 3, 1, 1, 3, 1, 1, 1, 1, 0, 1, 1, 1, 3, 1, 1, 1, 1, 3, 1, 1, 3, 3, 3, 3, 2, 1, 1, 1, 1, 3, 0, 3, 0, 1, 1, 3, 3, 0, 1, 3, 3, 1, 0, 1, 1, 0, 1, 1, 1, 3, 1, 1, 3, 0, 1, 3, 1, 1, 3, 0, 1, 1, 1, 1, 1, 1, 1, 0, 1, 3, 1, 3, 1, 3, 1, 1, 1, 1, 1, 1, 3, 3, 1, 1, 1, 3, 3, 3, 1, 1, 1, 3, 1, 3, 1, 1, 1, 1, 3, 3, 1], "confidence_scores": [[0.2525247481276893, 0.30452183233433244, 0.19133162956324717, 0.25162178997473117], [0.27110231435231436, 0.24869458523502655, 0.20366094608006383, 0.27654215433259555], [0.2389101731601732, 0.2623976370851372, 0.23445202020202022, 0.2642401695526695], [0.21345124320124323, 0.25443667443667445, 0.20655051892551893, 0.32556156343656334], [0.24196769896769907, 0.312293414918415, 0.1826999111999111, 0.2630389749139749], [0.2259349123099123, 0.36326080863580856, 0.19523165723165717, 0.21557262182262182], [0.20495732739482744, 0.25115728715728713, 0.25814099095349086, 0.28574439449439454], [0.3237080558330559, 0.34548033910533915, 0.1405322039072039, 0.19027940115440117], [0.20747348484848488, 0.36243091100076386, 0.1681234610977258, 0.26197214305302535], [0.21747691891441903, 0.2592568611943612, 0.21041360028860034, 0.3128526196026197], [0.3620715811965812, 0.2571690531690532, 0.14225036075036074, 0.23850900488400487], [0.26280723443223447, 0.2853364274614275, 0.18267561605061602, 0.2691807220557219], [0.31542991036741047, 0.25609628565878567, 0.14870823620823617, 0.2797655677655678], [0.2797759740259741, 0.335470238095238, 0.12327747252747248, 0.2614763153513154], [0.26262416749916756, 0.29075851925851937, 0.14845901320901322, 0.29815830003330007], [0.2014719585969587, 0.2894322621822622, 0.18460646298146302, 0.32448931623931615], [0.31135319051863175, 0.22876128936423062, 0.20171017952635598, 0.2581753405907818], [0.20444516594516596, 0.31541432668638564, 0.23470683483183477, 0.24543367253661372], [0.3068786005661007, 0.3399709457209458, 0.1372151529026529, 0.21593530081030085], [0.1853851426351426, 0.35508977623683513, 0.17960057997558, 0.27992450115244233], [0.20972727272727268, 0.29913483044733036, 0.1922911255411255, 0.29884677128427134], [0.2377752342686553, 0.281682387057387, 0.14656563319721216, 0.3339767454767457], [0.3242095959595961, 0.31237765012765006, 0.15354220779220773, 0.2098705461205461], [0.22417528998779002, 0.26901060744810745, 0.25381825119325113, 0.25299585137085145], [0.23887788600288606, 0.2760061090869915, 0.19697869777281543, 0.2881373071373072], [0.24827997411085653, 0.28140011459129116, 0.22993507064830598, 0.24038484064954654], [0.243881830587713, 0.2878267149517151, 0.1754934330375507, 0.2927980214230215], [0.2114911616161616, 0.35267883505383507, 0.17580212842712842, 0.260027874902875], [0.22352731990231992, 0.27267535242535235, 0.20509669497169497, 0.29870063270063285], [0.21527783327783329, 0.3225656565656566, 0.21019024031524022, 0.25196626984126996], [0.2272124264624265, 0.2725883491508493, 0.21281345737595747, 0.287385767010767], [0.19013239538239537, 0.29786670274170274, 0.2054854797979799, 0.3065154220779222], [0.26833531746031747, 0.2725465922965924, 0.18601893939393935, 0.2730991508491508], [0.20850288600288602, 0.3644514790764791, 0.1819401154401154, 0.2451055194805195], [0.20626989676989685, 0.43354925629925634, 0.12914597902097907, 0.23103486790986796], [0.23049942418692415, 0.3451926823176823, 0.1886543942168942, 0.23565349927849938], [0.28586494061494055, 0.22915741203241197, 0.19610558885558887, 0.28887205849705855], [0.2779348013098014, 0.2652733516483517, 0.16012096237096235, 0.2966708846708846], [0.2734992784992786, 0.30992508880008884, 0.13942875180375178, 0.27714688089688094], [0.19058785658785662, 0.3135550352425353, 0.19031015512265512, 0.30554695304695295], [0.25751978576978574, 0.30279589854589856, 0.1807384837384837, 0.25894583194583193], [0.24121085858585867, 0.2669577922077922, 0.20649182761682766, 0.2853395215895216], [0.27074224386724394, 0.2854413433788434, 0.1874021464646465, 0.2564142662892664], [0.2869929653679655, 0.3042454906204907, 0.164916847041847, 0.2438446969696969], [0.26106790431790433, 0.2566087662337662, 0.17189439726939731, 0.31042893217893225], [0.2083704073704073, 0.300254453879454, 0.22387486124986122, 0.2675002775002775], [0.24742674686424684, 0.2801464854589856, 0.20945659895659893, 0.2629701687201688], [0.22103976578976586, 0.34183885558885563, 0.15491983016983013, 0.2822015484515485], [0.2714026529026529, 0.3129183435029023, 0.1369603729603729, 0.2787186306340719], [0.2851872294372295, 0.2629342185592186, 0.1716972055722055, 0.2801813464313465], [0.25547527472527476, 0.32617925130425135, 0.18689689477189472, 0.23144857919857922], [0.2348461607836608, 0.3268780663780663, 0.14203101759351763, 0.2962447552447552], [0.21800865800865807, 0.3004927711177711, 0.18448267010767008, 0.2970159007659007], [0.2338558802308803, 0.2983002136752136, 0.14393380230880223, 0.3239101037851039], [0.24587695637695636, 0.27350588708676943, 0.2305716742407919, 0.2500454822954823], [0.21527945665445658, 0.3235224913974914, 0.18507191419691416, 0.27612613775113787], [0.18415685703185697, 0.3105726814035637, 0.2102524587340764, 0.2950180028305029], [0.25086055611055613, 0.28450029137529137, 0.2214271284271286, 0.24321202408702416], [0.21254836136086136, 0.2840919635919636, 0.17884122127872132, 0.3245184537684539], [0.24355218392718406, 0.27945258907758913, 0.2244276001776003, 0.2525676268176269], [0.2478023296148297, 0.29231197968697975, 0.2156680888555889, 0.2442176018426019], [0.21690331890331901, 0.294568657950237, 0.1717150860835071, 0.31681293706293706], [0.24663677294927294, 0.2567316572316573, 0.18888230519480514, 0.3077492646242648], [0.24609244921744922, 0.263374666999667, 0.19031320068820068, 0.3002196830946831], [0.2612669870978695, 0.27143340972752744, 0.15460101010101013, 0.3126985930735931], [0.2485234459168283, 0.2402308802308803, 0.2593726579792758, 0.25187301587301586], [0.2507637987012987, 0.28823484848484865, 0.1933069083694083, 0.26769444444444446], [0.23062805250305246, 0.291506014818515, 0.19181617687867697, 0.2860497557997558], [0.2584775086025087, 0.30602620990121004, 0.16194710844710836, 0.27354917304917303], [0.26358800921300923, 0.3318196811358577, 0.15812752525252524, 0.24646478439860786], [0.23329437229437233, 0.30205772005772, 0.14961267898767897, 0.31503522866022865], [0.2831262112070936, 0.27747859085359095, 0.1893125861067038, 0.250082611832612], [0.2682249417249417, 0.23212445887445887, 0.22589536852036857, 0.27375523088023096], [0.285503891941392, 0.26642640692640696, 0.17221432040182041, 0.27585538073038074], [0.24716187284937285, 0.2884628427128428, 0.19276604645354642, 0.2716092379842381], [0.27650437062937067, 0.32243947718947724, 0.1311855783105783, 0.2698705738705739], [0.18471482683982685, 0.28909480307274416, 0.2325747495968084, 0.29361562049062057], [0.2530792402042403, 0.25358008658008657, 0.20150679875679875, 0.2918338744588746], [0.2987900522679935, 0.24666700660450666, 0.19808660375572135, 0.2564563373717786], [0.2003799117549117, 0.3183766511266512, 0.18631535131535124, 0.2949280858030858], [0.2593492063492064, 0.26785968198468196, 0.19356616300366297, 0.27922494866244874], [0.25401781470163826, 0.20363490186284305, 0.16575078761108178, 0.37659649582443705], [0.2890967365967366, 0.33172899322899335, 0.13437486124986123, 0.2447994089244089], [0.3090424991674992, 0.28011420523920527, 0.15672119547119542, 0.2541221001221001], [0.2284529220779221, 0.382420634920635, 0.14423106060606053, 0.24489538239538242], [0.2626446608946609, 0.32210389610389617, 0.17436098623598617, 0.2408904567654567], [0.3020285964035964, 0.2503654678654679, 0.1800033993783994, 0.26760253635253645], [0.21825570263070257, 0.3302895160395162, 0.2022122322122321, 0.24924254911754917], [0.2642451437451438, 0.3226494338994339, 0.1369283771783772, 0.27617704517704517], [0.22776813464313464, 0.30599365218115215, 0.18830218392718387, 0.2779360292485293], [0.27162889887889885, 0.267669067044067, 0.17250999000998998, 0.2881920440670441], [0.2569039016539018, 0.3195187312687314, 0.17610596348096347, 0.24747140359640366], [0.2760017343767344, 0.3029763153513154, 0.17571338383838384, 0.24530856643356652], [0.22912853812853826, 0.2684947413697414, 0.2059377705627706, 0.29643894993895004], [0.26925342712842715, 0.22776791264291263, 0.2397089993339994, 0.26326966089466114], [0.24726931401931412, 0.3196792834358624, 0.1454005325814536, 0.28765086996337], [0.2680858724608725, 0.24172453934953939, 0.20669597069597065, 0.2834936174936176], [0.24033063464313467, 0.2902520881895882, 0.20796715784215777, 0.26145011932511947], [0.23967682317682318, 0.3012859730139141, 0.17337048164254043, 0.2856667221667222], [0.24025745088245096, 0.2622781385281385, 0.18110569985569985, 0.31635871073371075], [0.2900780122655123, 0.2718839285714285, 0.14931980519480517, 0.288718253968254], [0.2857184343434343, 0.3442053224553224, 0.11214208014208012, 0.257934163059163], [0.2443595522124934, 0.3268272560772561, 0.15582403299315062, 0.27298915871709983], [0.22724868595456832, 0.3450990259740259, 0.17918983385895154, 0.24846245421245428], [0.228175666653608, 0.31300799200799206, 0.21815282919694684, 0.24066351214145346], [0.23690705821955824, 0.30000914363414377, 0.20840897297147307, 0.25467482517482515], [0.20971099733599746, 0.2985140345765347, 0.24281904900654885, 0.24895591908091916], [0.26338888888888895, 0.2852104978354979, 0.17523538961038956, 0.2761652236652236], [0.3221027236652238, 0.3011242438117438, 0.1510607309357309, 0.2257123015873017], [0.2518997113997113, 0.31091582722832733, 0.140637987012987, 0.29654647435897447], [0.19938562826062825, 0.28197378060535955, 0.22624874686716798, 0.29239184426684434], [0.24426319513819517, 0.3052528582528583, 0.17230735930735933, 0.27817658730158734], [0.2755882034632036, 0.27353258781122564, 0.16053830453172557, 0.29034090419384545], [0.2166322705072706, 0.307107905982906, 0.22447907647907647, 0.2517807470307471], [0.23310653235653228, 0.2688666333666334, 0.1652197108447108, 0.33280712343212343], [0.23305658230658238, 0.35732273282273275, 0.13868539793539794, 0.270935286935287], [0.25104294316794307, 0.34649177211677196, 0.14211464923964923, 0.2603506354756354], [0.20936666111666116, 0.3329778693528694, 0.22382709651459656, 0.2338283730158731], [0.25692983405483405, 0.3232395590520592, 0.16423443223443218, 0.25559617465867474], [0.24318326118326122, 0.30743650793650795, 0.15732305194805196, 0.2920571789321788], [0.2391127344877346, 0.28520111832611833, 0.2129190115440116, 0.2627671356421356], [0.24518704906204913, 0.2942416333666335, 0.15300992063492058, 0.3075613969363969], [0.26332929570429575, 0.2637840443869856, 0.16755009369715254, 0.30533656621156624], [0.1965062437562438, 0.3057483766233767, 0.21289244089244086, 0.28485293872793865], [0.2740409451659452, 0.3111921828171829, 0.12592893217893217, 0.2888379398379398], [0.29908136308136307, 0.30710310522810524, 0.12969548507048503, 0.2641200466200466], [0.30638870851370853, 0.19029599567099564, 0.17387022005772004, 0.3294450757575758], [0.21980425538513781, 0.2969718198468199, 0.17653863783275547, 0.30668528693528685], [0.22903008796758798, 0.24713686313686314, 0.23543389943389945, 0.28839914946164963], [0.22292429792429796, 0.33873015179265187, 0.19806972888222896, 0.24027582140082143], [0.2832223470973471, 0.290650765900766, 0.19693421855921858, 0.22919266844266845], [0.20203353590853593, 0.3256584595959596, 0.2132268911643911, 0.25908111333111333], [0.20159368409368408, 0.2980048146298147, 0.19204827117327114, 0.3083532301032301], [0.22483940773279013, 0.31972201001612766, 0.19857981601731606, 0.25685876623376624], [0.260324155011655, 0.2307861211855778, 0.22041174797424795, 0.28847797582851936], [0.21816305916305925, 0.30307591917886045, 0.20218925110836866, 0.2765717705497117], [0.22842505615299724, 0.3437102758352758, 0.156066554360672, 0.27179811365105494], [0.23225276806526818, 0.3422888500388502, 0.1769686355311355, 0.24848974636474633], [0.23383369408369403, 0.33740436880800667, 0.1779703585887797, 0.2507915785195198], [0.18981574675324672, 0.306711482961483, 0.19481243062493064, 0.3086603396603398], [0.2804796731046732, 0.28224605051810936, 0.1410682511932512, 0.2962060251839663], [0.31367940392940385, 0.3392720335220335, 0.09545573870573869, 0.25159282384282383]]}, "rewritten": {"ids": ["97106820", "97107681", "97107821", "97112170", "97112290", "97112830", "97116790", "98107410", "98108970", "98111620", "98112300", "98116500", "99105921", "99107300", "99108000", "99108010", "99108330", "99108710", "99109370", "99109740", "99111440", "99117630", "100108260", "100108490", "100109000", "100110260", "100113210", "100113370", "100115700", "100116500", "100116790", "100120010", "101108370", "101108621", "101108950", "101109370", "101111210", "101111310", "101112201", "101112690", "101114020", "101117580", "102107961", "102109010", "102109850", "102113981", "102116500", "103109791", "103110100", "103110220", "103111170", "103111990", "103112470", "103112641", "103113260", "103117200", "104118340", "104119290", "105113260", "105113480", "105115250", "105115900", "105116090", "105116501", "105116980", "105121190", "105121370", "106111321", "106113260", "106114011", "106114321", "106115250", "106116120", "106116850", "106117650", "106117790", "106118520", "106119990", "106120290", "106120640", "106121190", "107114280", "107114321", "107114780", "107115250", "107116980", "107118820", "107119950", "108114040", "108114200", "108114670", "108115870", "108117720", "108118810", "109113281", "109113931", "109115070", "109116810", "109119010", "109119450", "109119591", "109120560", "110113931", "110114651", "110114950", "110118701", "110119030", "110120190", "110121170", "111114171", "111114941", "111116110", "111116170", "111116290", "111117480", "111118820", "111119250", "111119340", "111119610", "111120190", "111121220", "112116900", "112116990", "112117431", "112117580", "112117660", "112118860", "112119980", "112120290", "112120700", "112120990", "112121030", "112121351", "113117550", "113120280", "113120531", "113120591", "113121010", "113121190", "113122160", "113122170", "113122510"], "labels": [1, 3, 2, 0, 1, 2, 2, 3, 3, 3, 2, 2, 1, 3, 2, 2, 1, 2, 1, 3, 3, 3, 3, 2, 1, 3, 0, 3, 1, 2, 2, 0, 1, 0, 2, 1, 2, 3, 0, 1, 3, 3, 3, 1, 1, 1, 1, 3, 1, 2, 2, 2, 1, 3, 3, 0, 2, 1, 3, 0, 2, 3, 1, 1, 0, 2, 2, 0, 3, 1, 2, 2, 1, 3, 1, 1, 2, 0, 2, 3, 2, 3, 0, 2, 2, 3, 3, 3, 0, 0, 3, 3, 1, 1, 0, 1, 0, 3, 3, 3, 0, 1, 1, 3, 0, 3, 0, 3, 2, 3, 0, 3, 0, 2, 1, 0, 1, 3, 2, 3, 3, 3, 0, 0, 0, 0, 3, 0, 1, 2, 2, 0, 0, 3, 0, 0, 0, 2, 1, 3, 1, 2], "predicted_labels": [3, 1, 0, 0, 3, 1, 1, 3, 1, 3, 0, 0, 1, 3, 1, 1, 3, 1, 1, 3, 1, 0, 3, 1, 1, 3, 1, 1, 0, 3, 1, 3, 3, 0, 1, 0, 3, 1, 1, 3, 3, 3, 3, 3, 3, 1, 1, 0, 1, 3, 1, 1, 3, 1, 1, 1, 1, 1, 0, 3, 1, 1, 3, 3, 3, 1, 1, 1, 3, 1, 3, 1, 3, 1, 1, 1, 0, 1, 3, 1, 1, 1, 0, 1, 1, 0, 3, 1, 1, 3, 1, 1, 3, 1, 1, 3, 1, 1, 1, 1, 1, 1, 1, 0, 1, 3, 3, 1, 1, 1, 1, 1, 1, 1, 1, 1, 3, 3, 3, 3, 1, 0, 3, 1, 1, 1, 1, 1, 3, 1, 1, 0, 1, 1, 3, 1, 0, 1, 1, 1, 1, 1], "confidence_scores": [[0.2250411255411256, 0.2611279553779555, 0.21100854700854701, 0.30282237207237206], [0.2869319846819847, 0.29257965645465656, 0.13293430180930177, 0.2875540570540571], [0.3251919746919748, 0.2102994782994783, 0.2265110563456151, 0.23799749066293185], [0.34306114718614716, 0.28328078865578876, 0.10969444444444446, 0.2639636197136198], [0.25783565454153684, 0.2814813242313242, 0.1778748987940164, 0.28280812243312253], [0.2745212842712843, 0.27526529720279735, 0.1983328823953824, 0.2518805361305363], [0.2564056123614947, 0.27637934083889976, 0.2301051823993, 0.23710986440030557], [0.2946360583860584, 0.21594787157287146, 0.1730360750360751, 0.3163799950049951], [0.20618118686868692, 0.3301281565656566, 0.22232720057720068, 0.24136345598845607], [0.2167571595071595, 0.2814897345301757, 0.172801370198429, 0.32895173576423586], [0.33802767371517367, 0.2714668803418803, 0.18213942307692302, 0.20836602286602285], [0.3727056644336058, 0.19058155243449362, 0.1713669810581575, 0.2653458020737433], [0.21880319190613315, 0.3328910117660119, 0.18198367890279651, 0.26632211742505857], [0.24505176767676776, 0.2521554001554003, 0.2200292624042624, 0.2827635697635699], [0.1571806665556665, 0.322245207707669, 0.22368804653808536, 0.29688607919857934], [0.2828334394363807, 0.3360953629703631, 0.1871598360789537, 0.19391136151430272], [0.2784861666111667, 0.24303348040848038, 0.1816443695193695, 0.29683598346098344], [0.2534678050707464, 0.29475378787878803, 0.22960010414422186, 0.22217830290624418], [0.23538100788100788, 0.2890163586413587, 0.2186688727938728, 0.2569337606837607], [0.24332085275835283, 0.27229374098124093, 0.16757191419691417, 0.3168134920634922], [0.2787218614718615, 0.3103698433919023, 0.1535146797646797, 0.2573936153715566], [0.27764758852258864, 0.2314166111666112, 0.2166705377955378, 0.27426526251526245], [0.21086002886002891, 0.2752862554112554, 0.22695631451881454, 0.2868974012099013], [0.23314471639471646, 0.2804331501831501, 0.24379058441558435, 0.24263154900654918], [0.30858488733488754, 0.3132512071262072, 0.16346710234210235, 0.2146968031968032], [0.28193807581307584, 0.29046753246753254, 0.13677777777777775, 0.29081661394161407], [0.20430332167832163, 0.31953757353757345, 0.1895511155511155, 0.28660798923298936], [0.2227094155844156, 0.2942883227883229, 0.21032495282495275, 0.27267730880230884], [0.3551870490620492, 0.21869925907425908, 0.20015331890331897, 0.225960372960373], [0.25375174825174823, 0.25199618845207084, 0.18817824822236584, 0.30607381507381504], [0.2863096139971141, 0.2957093094813683, 0.1831440295815295, 0.2348370469399882], [0.23556377364465608, 0.24608956403074064, 0.22022306043629578, 0.2981236018883079], [0.2372909451659452, 0.2994197284483664, 0.1595596581780792, 0.3037296682076095], [0.3141310286935288, 0.27400070762570766, 0.13647278416028416, 0.2753954795204795], [0.2075810300810301, 0.33355603220309105, 0.1951453407703407, 0.26371759694553804], [0.2701695110445112, 0.23988645382395382, 0.2277035395160395, 0.26224049561549573], [0.24253914141414146, 0.2188286435786436, 0.21355086580086582, 0.32508134920634923], [0.2066040071040071, 0.30092993607699475, 0.2133346514596515, 0.2791314053593465], [0.29571890609390605, 0.34585307747807753, 0.1321987873237873, 0.2262292291042291], [0.2750642343767344, 0.23091894420938544, 0.20537221397883154, 0.2886446074350487], [0.2611400405150404, 0.22828180153180164, 0.2186213369963369, 0.2919568209568211], [0.2439947691197691, 0.26058694083694095, 0.20745418470418464, 0.2879641053391053], [0.2859761211011212, 0.24940674603174603, 0.17732757520257514, 0.2872895576645577], [0.25402480852480874, 0.2598548371917936, 0.21281998556998552, 0.2733003687134121], [0.25845009157509163, 0.2498528734337558, 0.21446111813023574, 0.2772359168609169], [0.26663221500721507, 0.29866125541125543, 0.15406168831168826, 0.2806448412698413], [0.23711843711843728, 0.30691053391053397, 0.15768892218892216, 0.29828210678210665], [0.29463561438561436, 0.24416440014234142, 0.20539716819128578, 0.25580281728075854], [0.27546256521256524, 0.2850397727272729, 0.18644605394605393, 0.2530516081141082], [0.24941534854034855, 0.25332447617741743, 0.19479109371021142, 0.3024690815720227], [0.27257774170274174, 0.2902055375180376, 0.16151073232323224, 0.2757059884559883], [0.25731540681540677, 0.32029599567099565, 0.1759235209235209, 0.2464650765900766], [0.22333825896325898, 0.24528293438587565, 0.2634978591669767, 0.2678809474838888], [0.28593315018315013, 0.2913510656010656, 0.15446656121656116, 0.26824922299922305], [0.22722274947274973, 0.2998975191475191, 0.20871527777777785, 0.2641644536019536], [0.22828264790764785, 0.350706168831169, 0.16062301587301583, 0.2603881673881674], [0.2258483738483738, 0.38560003885003874, 0.17204079254079246, 0.21651079476079474], [0.25148634698634703, 0.2827272380397382, 0.19328354284604288, 0.2725028721278723], [0.2909974747474747, 0.2877188367188367, 0.1679343018093018, 0.2533493867243867], [0.21149492174492177, 0.29552534271284275, 0.16615953490953497, 0.3268202006327007], [0.21757377344877343, 0.315811063936064, 0.17985236985236985, 0.28676279276279276], [0.24117479742479744, 0.3560503108003107, 0.14163378288378287, 0.2611411088911089], [0.22592796092796083, 0.2740129919100508, 0.161035187035187, 0.3390238601268014], [0.21951376401376405, 0.2734531995781996, 0.2007134254634255, 0.306319610944611], [0.2648526334776335, 0.29292465867465867, 0.142533189033189, 0.2996895188145189], [0.29955122655122673, 0.324662733100233, 0.1391513347763347, 0.23663470557220556], [0.2395260017760018, 0.34868359418359424, 0.17056493506493503, 0.241225468975469], [0.2408106962481963, 0.2887117604617604, 0.19224666305916302, 0.2782308802308802], [0.23433030858030857, 0.28093079143079147, 0.20279054279054282, 0.2819483571983572], [0.258690170940171, 0.3471915029415029, 0.14912373737373735, 0.24499458874458885], [0.2598943001443003, 0.2882380952380953, 0.160073593073593, 0.2917940115440117], [0.22279093129093133, 0.3967501575222163, 0.13445027195027193, 0.2460086392365803], [0.22129477466977462, 0.27634866522366514, 0.2245686882561883, 0.2777878718503719], [0.22311351148851144, 0.2957076673326674, 0.24216552891552875, 0.23901329226329232], [0.2593183413808414, 0.2905458430458431, 0.18162891969141973, 0.2685068958818959], [0.22689946164946176, 0.2780991161616161, 0.23868514818514822, 0.2563162740037741], [0.2805416666666668, 0.2645095460095461, 0.2228827700077699, 0.23206601731601736], [0.2900182595182596, 0.34253411865911865, 0.11940334665334663, 0.2480442751692753], [0.2606358294483294, 0.21015376290376295, 0.23234330946830947, 0.2968670981795984], [0.22486419544507782, 0.3314820179820178, 0.22895479112390874, 0.21469899544899537], [0.23287307137307142, 0.36585137085137087, 0.17560918248418245, 0.22566637529137526], [0.24799084249084252, 0.35967297979797974, 0.14821378621378617, 0.24412239149739154], [0.31916853979353976, 0.2855269314019314, 0.16758892496392497, 0.22771560384060383], [0.18600002775002772, 0.3557290842327606, 0.23065648934398936, 0.2276143986732222], [0.25257615995116, 0.2992875041625041, 0.19043259518259512, 0.25770374070374075], [0.30201615051615055, 0.29584619547119545, 0.11860886335886335, 0.28352879065379066], [0.25310804473304477, 0.2154256854256854, 0.2376152597402598, 0.2938510101010101], [0.2559116161616161, 0.33782872682872683, 0.1230602453102453, 0.28319941169941176], [0.22417736430236432, 0.3090096847596847, 0.1971727439227438, 0.2696402070152072], [0.2033895548895549, 0.2672071262071262, 0.1999093406593407, 0.3294939782439782], [0.27007840770340774, 0.32541955266955275, 0.16848762348762347, 0.23601441613941618], [0.26171327283827284, 0.2722535242535243, 0.19614060939060937, 0.26989259351759354], [0.2514892052392053, 0.28701223776223783, 0.17168025030525025, 0.2898183066933066], [0.20056915306915307, 0.44205482017982034, 0.11665029006940769, 0.24072573668161898], [0.2703136675416086, 0.34234623709623724, 0.18052200169111937, 0.20681809367103487], [0.24128465284715284, 0.24590075896325897, 0.244905747030747, 0.26790884115884134], [0.2493578643578644, 0.31910821123321126, 0.14076628926628923, 0.29076763514263515], [0.2506671661671661, 0.3047065617131407, 0.14491577428419533, 0.29971049783549786], [0.23773616661116656, 0.2667849927849928, 0.23819943944943944, 0.25727940115440123], [0.2307016247641248, 0.30309093684093696, 0.16755577061827062, 0.29865166777666796], [0.24107220557220554, 0.31961273448773453, 0.16287375124875125, 0.2764413086913086], [0.28449597624597633, 0.30046620046620054, 0.15363612776112776, 0.26140169552669557], [0.2894184981684982, 0.29370543345543343, 0.12494444444444444, 0.291931623931624], [0.3308781773781774, 0.2512637223887224, 0.1445060217560217, 0.2733520784770785], [0.24893281718281723, 0.27733542604738276, 0.1976854395604396, 0.27604631720936074], [0.2118140748140748, 0.3198320429570429, 0.14304162504162504, 0.3253122571872572], [0.22012099705849722, 0.2880122377622377, 0.16559625790875787, 0.3262705072705072], [0.22437132312132313, 0.29305127255785157, 0.20640597852439954, 0.27617142579642595], [0.2757878094128095, 0.29179556554556557, 0.1658859057609057, 0.2665307192807193], [0.287866341991342, 0.3077759740259741, 0.12404996392496395, 0.28030772005772003], [0.2345903332778333, 0.37837019924519927, 0.14501060744810743, 0.24202886002885995], [0.15906840381840381, 0.31678379004036905, 0.21217930242272343, 0.31196850371850376], [0.2730045648795649, 0.3537772782772784, 0.13858846300758068, 0.23462969383557625], [0.24110077422577425, 0.29900934482184477, 0.20588257575757576, 0.2540073051948052], [0.23617784992784993, 0.30872113997114, 0.16493885281385284, 0.29016215728715733], [0.24156517094017094, 0.32535836385836375, 0.15096733821733818, 0.2821091269841271], [0.26188106338106343, 0.2670536616161617, 0.19505677655677658, 0.2760084984459985], [0.21021843434343443, 0.27010298035298047, 0.20693269924519928, 0.3127458860583861], [0.25357772089022096, 0.27773243423243416, 0.18538320707070702, 0.2833066378066379], [0.23996488233988242, 0.27572197247197244, 0.16892303529803523, 0.31539010989010996], [0.2599110750360751, 0.32170729066684955, 0.10619900932400929, 0.3121826249730662], [0.27881522644022644, 0.2708354007104007, 0.18124458874458882, 0.26910478410478417], [0.24360045510045517, 0.26783634421134417, 0.20334854034854039, 0.2852146603396604], [0.2419926254301256, 0.33689667277167296, 0.14860831529581525, 0.2725023865023864], [0.18779268648018652, 0.3711062409812409, 0.1817741494616494, 0.2593269230769231], [0.2698314879564881, 0.30177573815073816, 0.14254140304140303, 0.28585137085137086], [0.25394454156954166, 0.33692882811632807, 0.15268765262515263, 0.2564389776889777], [0.1882777777777778, 0.3177622655122655, 0.21494363275613274, 0.27901632395382403], [0.257787221765163, 0.30183717671217675, 0.13588932880844648, 0.30448627271421386], [0.2118471250971251, 0.28125232406482403, 0.23945313020313017, 0.26744742063492066], [0.25272996447996454, 0.29265626040626047, 0.1915983322233322, 0.26301544289044304], [0.33621388252270606, 0.20888171060965177, 0.14633899107428514, 0.3085654157933569], [0.21831978152566386, 0.3496535090726269, 0.1654322483072483, 0.26659446109446105], [0.23174880674880677, 0.29163190975690984, 0.20458344433344436, 0.27203583916083934], [0.28382990620490633, 0.20456800144300138, 0.18419841269841264, 0.3274036796536796], [0.2503621933621934, 0.3168914141414141, 0.1676399711399711, 0.26510642135642154], [0.2771805833055834, 0.24105160117660124, 0.2199047896547897, 0.2618630258630259], [0.20884000721500728, 0.3431795634920634, 0.19426993145743152, 0.253710497835498], [0.26139835164835173, 0.39690065571683225, 0.11855655455655452, 0.22314443807826156], [0.19822372072372077, 0.36256920856920855, 0.1661794733044733, 0.2730275974025974], [0.2882876984126984, 0.2883865995115995, 0.22254413641913637, 0.20078156565656566], [0.22660075341325336, 0.31612307137307133, 0.16380298174048172, 0.29347319347319345]]}}