{"test": {"ids": ["105113190", "107114321", "110117080", "113121010", "105119550", "106113360", "112117580", "105112130", "112118161", "100120010", "98111231", "107113180", "111120220", "99107500", "107121700", "110114651", "108121190", "105116441", "113120780", "108119550", "99109910", "101110740", "110119300", "110117500", "100111270", "110118181", "100108520", "103111830", "112120990", "110118880", "108121351", "97112830", "99112300", "108120060", "100109311", "110115890", "99109370", "110118301", "112116540", "103111540", "112121360", "97109570", "109113931", "101109000", "112120700", "109114720", "104117630", "98111620", "100116790", "104119340", "111119150", "109121640", "110117110", "98108370", "106115240", "107118120", "109120150", "104111550", "103109021", "113118490", "111116750", "113120830", "113118810", "113121190", "107121640", "113120260", "100111380", "112119930", "99107660", "113119120", "107113840", "110113931", "98112170", "113122510", "107112850", "109113881", "102114270", "100109980", "112116640", "108118810", "111120280", "102109010", "112118471", "99111000", "109116930", "113119340", "104119290", "111117200", "112116800", "113122170", "110118121", "100108990", "99120010", "104111780", "107114140", "113119300", "97105451", "102110050", "105115680", "107120010", "99113260", "98109090", "104114740", "111119290", "101121640", "98116090", "108118291", "99109740", "109121351", "99108080", "104114240", "103120730", "110120700", "100108580", "110121450", "107116340", "111115770", "101112201", "99121440", "97109080", "104113550", "97107681", "98117740", "110120531", "101111990", "112118550", "110121720", "106115120", "99112641", "108120260", "105115250", "102118380", "104113190", "104118340", "113118111", "99107560", "106114280", "109118161", "112119950", "111117120", "102110850", "105113620"], "labels": [3, 0, 1, 2, 1, 0, 0, 1, 0, 0, 1, 3, 3, 0, 3, 3, 1, 1, 0, 1, 2, 3, 1, 1, 2, 1, 2, 3, 2, 0, 3, 2, 0, 1, 1, 2, 1, 1, 1, 1, 3, 0, 1, 1, 2, 0, 0, 3, 2, 1, 3, 0, 0, 1, 1, 3, 2, 1, 0, 1, 3, 3, 3, 1, 1, 3, 3, 1, 3, 3, 3, 1, 3, 2, 1, 0, 3, 1, 0, 1, 0, 1, 1, 2, 0, 0, 1, 0, 0, 1, 3, 2, 2, 3, 2, 1, 0, 3, 2, 1, 0, 1, 2, 3, 2, 0, 3, 3, 0, 3, 0, 1, 2, 0, 3, 3, 3, 0, 2, 2, 1, 3, 2, 0, 2, 3, 3, 1, 1, 1, 2, 1, 3, 2, 1, 1, 3, 0, 0, 2, 3, 0], "predicted_labels": [0, 3, 3, 3, 0, 1, 3, 1, 3, 1, 1, 1, 3, 3, 0, 3, 1, 1, 1, 1, 2, 3, 0, 3, 1, 1, 0, 3, 1, 1, 3, 3, 3, 0, 1, 3, 3, 1, 3, 3, 3, 0, 3, 3, 3, 1, 3, 1, 0, 3, 3, 1, 1, 1, 1, 0, 1, 1, 1, 3, 0, 1, 3, 3, 3, 3, 3, 3, 3, 3, 1, 3, 3, 1, 1, 3, 1, 0, 3, 3, 3, 1, 3, 1, 3, 0, 1, 3, 1, 3, 3, 1, 2, 3, 1, 3, 3, 1, 1, 1, 0, 3, 1, 3, 3, 1, 0, 0, 0, 3, 1, 1, 3, 0, 3, 1, 0, 3, 1, 1, 3, 1, 3, 3, 3, 3, 3, 3, 0, 0, 1, 1, 1, 3, 3, 1, 3, 3, 3, 1, 1, 1], "confidence_scores": [[0.3162201132201132, 0.25152274114774115, 0.14621169108669105, 0.2860454545454546], [0.15677951215451214, 0.3179274986709199, 0.15059733322233324, 0.3746956559522349], [0.20130873293373291, 0.25196656121656125, 0.1822674825174826, 0.36445722333222336], [0.23163771645021655, 0.27751208513708514, 0.17210281385281387, 0.3187473845598845], [0.30315239621489626, 0.24129562104562097, 0.19561749361749367, 0.2599344891219892], [0.2645704156954157, 0.3025235320235321, 0.14337917637917635, 0.28952687590187587], [0.2384585483960484, 0.24919025419025428, 0.20136865911865912, 0.31098253829503836], [0.23653787878787877, 0.33788998063340175, 0.15768199855699855, 0.26789014202172107], [0.2537337474616887, 0.25482611832611834, 0.19446758796758798, 0.296972546244605], [0.1982164502164502, 0.31981156343656336, 0.21048984348984348, 0.27148214285714295], [0.2824034992784991, 0.2858741353675564, 0.20269715007215008, 0.2290252152817942], [0.2271451118326118, 0.32212698412698404, 0.23736580086580092, 0.21336210317460313], [0.26903363303363304, 0.284472374847375, 0.14275589688089682, 0.30373809523809536], [0.21380515318015317, 0.22942916805416808, 0.24193018093018095, 0.31483549783549775], [0.2797047813297814, 0.27758836996337005, 0.18105903818403818, 0.2616478105228105], [0.24613708513708513, 0.23695436507936513, 0.1572757936507936, 0.3596327561327562], [0.2567289932289933, 0.3217277861027862, 0.18031414418914415, 0.24122907647907657], [0.19062183649683648, 0.364217587967588, 0.18749494949494955, 0.25766562604062604], [0.2698286921411921, 0.3010766594516594, 0.12949769674769676, 0.2995969516594517], [0.23064484126984128, 0.30675793650793665, 0.16021626984126983, 0.3023809523809524], [0.20723586136086133, 0.2600378787878788, 0.345392871017871, 0.18733338883338885], [0.24190000277500276, 0.27551373626373626, 0.20587896825396823, 0.27670729270729283], [0.3205394189144188, 0.2805109196359198, 0.16158436008436006, 0.23736530136530132], [0.1698376623376623, 0.3256109307359307, 0.17224945887445883, 0.3323019480519481], [0.19605079642579656, 0.3316839271839273, 0.21852236652236656, 0.25374290986790987], [0.26730582611832615, 0.3022087010212011, 0.18446872571872572, 0.24601674714174712], [0.313367118992119, 0.22083512321012322, 0.22274993062493065, 0.24304782717282725], [0.309877670940171, 0.14908829365079362, 0.22910515873015871, 0.31192887667887664], [0.20368073593073593, 0.3332040043290043, 0.18797847985347985, 0.27513677988677987], [0.2911132409257409, 0.3119084942834943, 0.12444696969696971, 0.2725312950937951], [0.2154737207237207, 0.2614440143190144, 0.20893202630702634, 0.31415023865023867], [0.25331944444444443, 0.2612128982128982, 0.20512187812187807, 0.28034577922077925], [0.22195417082917082, 0.2699531163281163, 0.2179552947052947, 0.2901374181374182], [0.2909789793539794, 0.28963593351093353, 0.22249220224220229, 0.19689288489288492], [0.2148324106449106, 0.3330226925851927, 0.17652458652458655, 0.27562031024531025], [0.2013389110889111, 0.1977888084138084, 0.2249183732933733, 0.3759539072039072], [0.19654065379065372, 0.3052413836163836, 0.17805586080586075, 0.32016210178710175], [0.23052092352092352, 0.3115694999445001, 0.16813125763125764, 0.2897783189033189], [0.2445566239316238, 0.28200289987789995, 0.11642231379731376, 0.35701816239316253], [0.2150460511710512, 0.26257233044733036, 0.19970221445221456, 0.322679403929404], [0.27537590187590194, 0.2585405844155845, 0.18116829004329002, 0.28491522366522365], [0.3024098124098125, 0.23823917748917747, 0.17489646464646458, 0.28445454545454546], [0.2626369047619048, 0.2699040404040404, 0.163015873015873, 0.3044431818181819], [0.18069444444444444, 0.24706764069264076, 0.28426298701298697, 0.28797492784992784], [0.2160891053391053, 0.2896526529026529, 0.17027777777777778, 0.3239804639804641], [0.18476766289266286, 0.29047299922299924, 0.2397108447108448, 0.2850484931734932], [0.266405303030303, 0.23759099234099232, 0.17453581141081137, 0.32146789321789326], [0.23736219336219333, 0.2742536075036075, 0.22345111832611841, 0.26493308080808076], [0.3002301587301587, 0.28878553391053385, 0.17406558719058715, 0.23691872016872015], [0.22843403818403818, 0.28402097902097906, 0.13476175907425905, 0.3527832237207239], [0.30661846976552865, 0.24964681152181153, 0.13568047230547228, 0.3080542464071876], [0.21711704961704956, 0.3064712787212787, 0.17560027472527476, 0.30081139693639697], [0.21828095515595514, 0.29634289321789326, 0.23135180097680094, 0.25402435064935064], [0.17502224164724167, 0.3052631257631258, 0.2736355727605729, 0.24607905982905995], [0.2599575216450216, 0.31016180603022714, 0.1608876262626262, 0.26899304606212504], [0.2703995310245312, 0.2550281940281941, 0.20898858086358083, 0.26558369408369403], [0.22026401376401375, 0.3097995892995893, 0.19891131091131098, 0.2710250860250861], [0.22970815295815294, 0.28952777777777783, 0.2201433427683428, 0.26062072649572643], [0.2384662698412699, 0.32292893217893215, 0.15407924020424016, 0.2845255577755577], [0.3079846472971473, 0.2377295551670552, 0.12291498778998776, 0.3313708097458097], [0.3467316572316572, 0.2278637751137752, 0.128120226995227, 0.29728434065934073], [0.2317900432900433, 0.3292963564213565, 0.1785609668109668, 0.2603526334776335], [0.25311129148629147, 0.2885140692640692, 0.15158495670995673, 0.3067896825396826], [0.2752361804861804, 0.27138690476190486, 0.1771007603507604, 0.27627615440115444], [0.2617830086580088, 0.2161118326118327, 0.21651911976911978, 0.3055860389610391], [0.22531962481962484, 0.2766785714285715, 0.1698333333333333, 0.3281684704184704], [0.2873021284271285, 0.27364331501831507, 0.12399801587301582, 0.3150565406815407], [0.22338647463647462, 0.25517162004662003, 0.2013206654456655, 0.3201212398712398], [0.22952615440115445, 0.22375987900987898, 0.24101636557886558, 0.305697601010101], [0.23955591630591633, 0.24900126262626254, 0.19252417027417032, 0.31891865079365084], [0.20421439671439676, 0.32351369463869484, 0.1933032661782662, 0.2789686424686425], [0.286741341991342, 0.2861749734183945, 0.1225600649350649, 0.3045236196551987], [0.27155844155844155, 0.2340043290043292, 0.1974186507936507, 0.2970185786435786], [0.2567113095238096, 0.2924596861471862, 0.18597390109890113, 0.26485510323010325], [0.24049014874014876, 0.34394828782328785, 0.15687728937728943, 0.258684274059274], [0.2413416305916307, 0.2232003968253968, 0.21681023143523145, 0.3186477411477412], [0.23943555749805753, 0.31852972027972026, 0.19588324175824176, 0.2461514804639805], [0.3027472527472528, 0.2608731962481963, 0.19688178488178493, 0.2394977661227661], [0.22687504162504155, 0.2406085164835165, 0.2061158008658008, 0.326400641025641], [0.21594043456543463, 0.2734390331890332, 0.17829807692307698, 0.3323224553224554], [0.2500011238761239, 0.23732144244644246, 0.14759940059940058, 0.36507803307803305], [0.28450153318903326, 0.2853000055500055, 0.16613984626484624, 0.26405861499611505], [0.26350027750027755, 0.2689445233129445, 0.18817926517926517, 0.279375934007513], [0.17386056998556998, 0.3041735764235765, 0.2589638694638694, 0.26300198412698417], [0.2773999333999336, 0.222517427017427, 0.19861366411366407, 0.30146897546897544], [0.30368951881451883, 0.2571527777777778, 0.16291323953823955, 0.27624446386946394], [0.2125165945165945, 0.35014817821067823, 0.1558864538239538, 0.28144877344877345], [0.24181385281385284, 0.2457916250416251, 0.15941021478521475, 0.3529843073593073], [0.23041017316017323, 0.2949104437229437, 0.21432200438450436, 0.26035737873237874], [0.24066119991119986, 0.26015066877566884, 0.19560245310245317, 0.3035856782106783], [0.30984875745169865, 0.2568656898656899, 0.11407967032967033, 0.3192058823529412], [0.21175285825285825, 0.3013125069375071, 0.20818614718614709, 0.2787484876234877], [0.19630690143190146, 0.2778172105672106, 0.2887616966366967, 0.23711419136419146], [0.2677052669552669, 0.2711672077922078, 0.14295238095238091, 0.31817514430014426], [0.21280211455211456, 0.35525353812853816, 0.21800745088245102, 0.21393689643689653], [0.26624936868686866, 0.24195517676767678, 0.15682678432678432, 0.3349686702186705], [0.24855844155844153, 0.2684417943167943, 0.174484126984127, 0.30851563714063723], [0.17955891330891338, 0.31478374403374404, 0.2471175907425907, 0.2585397519147519], [0.17197619047619042, 0.3380138888888889, 0.20236958874458877, 0.28764033189033195], [0.2075685148185148, 0.28122130647130644, 0.23313031413031418, 0.2780798645798646], [0.2867128704628705, 0.28433127983127987, 0.17561038961038952, 0.25334546009546005], [0.24029803529803534, 0.2343086774336774, 0.24903692141192132, 0.2763563658563659], [0.1881192696192696, 0.29584058996559004, 0.2211167998667998, 0.29492334054834063], [0.1817403846153846, 0.2560875374625375, 0.1976212121212122, 0.364550865800866], [0.21820526695526699, 0.2524866522366523, 0.2567025613275614, 0.2726055194805195], [0.21130257732463623, 0.30466379453879466, 0.23072881285381278, 0.2533048152827565], [0.3140156391810804, 0.2281755744255744, 0.17663082750582745, 0.2811779588875176], [0.28924580974580977, 0.2555691391941392, 0.23055445942945937, 0.22463059163059154], [0.2767565143190143, 0.2617813852813853, 0.2371290792540793, 0.22433302114552112], [0.22456008574758576, 0.2721600552225553, 0.21485525585525594, 0.2884246031746032], [0.22314159451659454, 0.2996832611832612, 0.2322797619047619, 0.24489538239538233], [0.23248007548007546, 0.32041877566877575, 0.1772977022977022, 0.26980344655344657], [0.2407368326118325, 0.2867729076479077, 0.16748382173382173, 0.3050064380064381], [0.27947813297813295, 0.23879226329226333, 0.23691376678876672, 0.244815836940837], [0.2377880591630592, 0.2680141525141526, 0.1788319874569874, 0.31536580086580085], [0.2460988455988457, 0.3147698412698412, 0.14936706349206344, 0.2897642496392496], [0.2887947746697747, 0.2583934815184815, 0.20380994005994013, 0.24900180375180384], [0.21691661116661115, 0.29298917748917747, 0.19551838439338437, 0.2945758269508269], [0.23851899489399486, 0.2996142884892886, 0.25416200466200467, 0.20770471195471196], [0.192109903984904, 0.30811147186147186, 0.2285674464424464, 0.27121117771117775], [0.29605501443001453, 0.25143272005772005, 0.1524310966810966, 0.30008116883116875], [0.18893360805860804, 0.3097225690975692, 0.19680402930402935, 0.3045397935397935], [0.18986436684230804, 0.2799369241869242, 0.1921714396714397, 0.33802726929932825], [0.21491506410256406, 0.27822835497835496, 0.16043355255855254, 0.34642302836052835], [0.240565836940837, 0.2700698884448885, 0.17568498168498167, 0.313679292929293], [0.23657294094794093, 0.2754100482850482, 0.1283116883116883, 0.3597053224553225], [0.2359950396825398, 0.25151857864357857, 0.24549189699189702, 0.2669944846819847], [0.2949321442446443, 0.22254886086136086, 0.16769137806637804, 0.31482761682761684], [0.3130438866688867, 0.2674518953268954, 0.2215749805749806, 0.19792923742923743], [0.29301658064158065, 0.27386685536685534, 0.16350618825618823, 0.2696103757353757], [0.21945790320790326, 0.33523630536130555, 0.18830470917970912, 0.25700108225108226], [0.2268924963924964, 0.27359505772005777, 0.23792297979797974, 0.26158946608946615], [0.2664935064935065, 0.29804220779220786, 0.15786363636363634, 0.2776006493506494], [0.2126398601398601, 0.27791023815365923, 0.22662216949716957, 0.2828277322093112], [0.24678348040848042, 0.29041737429237424, 0.15537108724608725, 0.3074280580530581], [0.22599944499944502, 0.31728463203463214, 0.20829415029415027, 0.24842177267177276], [0.2021378621378621, 0.2745438311688312, 0.19509944222444225, 0.3282188644688645], [0.2641963779684368, 0.26117988955488963, 0.1651975246975247, 0.3094262077791489], [0.30218571706071706, 0.19231468531468526, 0.14263526751026748, 0.36286433011433017], [0.22407509157509156, 0.31896688034188037, 0.16900992063492062, 0.2879481074481075], [0.19300919913419906, 0.29678787878787893, 0.27535347985347985, 0.23484944222444232], [0.2029237706737707, 0.3389315129315129, 0.23087189199689195, 0.22727282439782448]]}, "rewritten": {"ids": ["97105451", "97107681", "97109080", "97109570", "97112830", "98108370", "98109090", "98111231", "98111620", "98112170", "98116090", "98117740", "99107500", "99107560", "99107660", "99108080", "99109370", "99109740", "99109910", "99111000", "99112300", "99112641", "99113260", "99120010", "99121440", "100108520", "100108580", "100108990", "100109311", "100109980", "100111270", "100111380", "100116790", "100120010", "101109000", "101110740", "101111990", "101112201", "101121640", "102109010", "102110050", "102110850", "102114270", "102118380", "103109021", "103111540", "103111830", "103120730", "104111550", "104111780", "104113190", "104113550", "104114240", "104114740", "104117630", "104118340", "104119290", "104119340", "105112130", "105113190", "105113620", "105115250", "105115680", "105116441", "105119550", "106113360", "106114280", "106115120", "106115240", "107112850", "107113180", "107113840", "107114140", "107114321", "107116340", "107118120", "107120010", "107121640", "107121700", "108118291", "108118810", "108119550", "108120060", "108120260", "108121190", "108121351", "109113881", "109113931", "109114720", "109116930", "109118161", "109120150", "109121351", "109121640", "110113931", "110114651", "110115890", "110117080", "110117110", "110117500", "110118121", "110118181", "110118301", "110118880", "110119300", "110120531", "110120700", "110121450", "110121720", "111115770", "111116750", "111117120", "111117200", "111119150", "111119290", "111120220", "111120280", "112116540", "112116640", "112116800", "112117580", "112118161", "112118471", "112118550", "112119930", "112119950", "112120700", "112120990", "112121360", "113118111", "113118490", "113118810", "113119120", "113119300", "113119340", "113120260", "113120780", "113120830", "113121010", "113121190", "113122170", "113122510"], "labels": [0, 3, 2, 0, 2, 1, 1, 1, 3, 3, 0, 2, 0, 1, 3, 3, 1, 3, 2, 2, 0, 1, 0, 2, 2, 2, 0, 2, 1, 1, 2, 3, 2, 0, 1, 3, 2, 0, 2, 1, 3, 3, 3, 1, 0, 1, 3, 1, 1, 3, 3, 1, 0, 2, 0, 2, 1, 1, 1, 3, 0, 2, 2, 1, 1, 0, 3, 1, 1, 1, 3, 3, 2, 0, 3, 3, 1, 1, 3, 3, 1, 1, 1, 1, 1, 3, 0, 1, 0, 0, 0, 2, 0, 0, 1, 3, 2, 1, 0, 1, 3, 1, 1, 0, 1, 0, 2, 3, 3, 3, 3, 2, 0, 3, 3, 3, 0, 1, 0, 0, 0, 0, 1, 3, 1, 0, 2, 2, 3, 1, 1, 3, 3, 1, 0, 3, 0, 3, 2, 1, 1, 2], "predicted_labels": [0, 3, 1, 3, 0, 1, 0, 0, 3, 3, 3, 3, 3, 1, 0, 3, 3, 3, 2, 1, 3, 0, 1, 3, 1, 0, 3, 1, 3, 1, 1, 0, 0, 1, 3, 3, 3, 1, 3, 0, 1, 1, 1, 3, 3, 3, 0, 3, 1, 3, 0, 3, 1, 1, 3, 1, 3, 3, 3, 0, 1, 1, 1, 1, 1, 1, 1, 0, 0, 1, 3, 1, 1, 3, 3, 1, 1, 3, 3, 0, 3, 3, 1, 3, 1, 3, 3, 3, 3, 0, 0, 3, 1, 3, 3, 3, 3, 3, 3, 1, 0, 3, 3, 0, 0, 3, 1, 3, 1, 0, 0, 3, 3, 0, 3, 3, 3, 3, 3, 3, 3, 3, 3, 3, 3, 3, 0, 1, 1, 3, 0, 3, 3, 3, 0, 3, 0, 1, 3, 3, 3, 1], "confidence_scores": [[0.287820041070041, 0.27865806415806427, 0.1621547619047619, 0.27136713286713293], [0.20277761821511817, 0.2756307581307582, 0.20475321900321908, 0.31683840465090446], [0.21461170773670776, 0.2897085137085138, 0.24236795149295143, 0.25331182706182703], [0.27636176323676326, 0.25096879509379505, 0.17084375346875344, 0.3018256882006881], [0.3105048701298702, 0.22844877344877343, 0.18478643578643583, 0.27625992063492066], [0.2314706196581198, 0.2788390637140638, 0.26039760239760246, 0.2292927142302143], [0.31073490398490394, 0.2158602786102786, 0.2102481962481962, 0.26315662115662114], [0.2950449550449549, 0.2846525652709863, 0.1804660894660895, 0.2398363902179692], [0.19280537518037516, 0.2794006132756132, 0.2351268731268731, 0.29266713841713843], [0.2889669219669219, 0.22978391053391056, 0.15355659618159612, 0.32769257131757135], [0.2096970023440612, 0.2491806804306803, 0.25147888222888226, 0.28964343499637635], [0.20298433021227136, 0.27210003885003886, 0.18173629148629147, 0.34317933945139845], [0.21530713730713724, 0.2854986124986124, 0.21175792263292262, 0.28743632756132753], [0.26686141636141636, 0.3025298174048175, 0.1952792207792208, 0.23532954545454554], [0.3412138555888557, 0.2062670523920524, 0.19204371323121322, 0.2604753787878788], [0.2188396464646466, 0.2757173520923521, 0.21073964923964927, 0.2947033522033523], [0.23168091630591628, 0.2690614524364524, 0.21341298978798984, 0.2858446414696415], [0.256556956931957, 0.2481611305361305, 0.21495705683205688, 0.28032485569985577], [0.20779322066822067, 0.25434817959817957, 0.31523755411255405, 0.22262104562104554], [0.23855375180375188, 0.27339255189255185, 0.2285113081363081, 0.2595423881673883], [0.24160270285270286, 0.2748783577533578, 0.20107335719835726, 0.28244558219558225], [0.31372795260295266, 0.26550763125763116, 0.19730284992785, 0.22346156621156624], [0.2863272283272284, 0.28667705905205904, 0.16177002164502163, 0.265225690975691], [0.2437001470751472, 0.2474942141192141, 0.2498068736818737, 0.25899876512376513], [0.2764664363414362, 0.27716071428571437, 0.2039892468642469, 0.2423836025086025], [0.27944437506937514, 0.24472852147852148, 0.20239291264291265, 0.27343419080919085], [0.2615710678210677, 0.24726010101010104, 0.22574801587301585, 0.26542081529581535], [0.2696729381729382, 0.28677004939504946, 0.19025915750915742, 0.253297854922855], [0.2251362526362527, 0.2701791125541125, 0.19798892773892773, 0.30669570707070704], [0.23951968864468853, 0.28719558219558217, 0.2113021145521145, 0.26198261460761463], [0.21193770118770117, 0.2804912266096477, 0.22832153957153958, 0.2792495326311117], [0.30822637085137083, 0.2929943251193252, 0.1377017704517704, 0.26107753357753355], [0.2972436174936175, 0.29585569985569987, 0.16231265956265958, 0.24458802308802297], [0.19754731379731377, 0.3372103174603175, 0.2075572344322344, 0.25768513431013435], [0.20680019980019979, 0.2240657814407815, 0.2555005411255411, 0.31363347763347765], [0.22581751581751583, 0.2615380036630037, 0.22990830003330004, 0.2827361804861806], [0.2263185425685426, 0.2679590548340549, 0.15691702741702734, 0.3488053751803753], [0.2639627921098509, 0.3303135891885892, 0.16219937007437005, 0.2435242486271898], [0.24005393217893226, 0.23113149350649348, 0.231920634920635, 0.2968939393939393], [0.28488960345210346, 0.2706351426351426, 0.19113238150738154, 0.25334287240537257], [0.23268745143745145, 0.31401363913863917, 0.21200523088023096, 0.24129367854367853], [0.2163849206349206, 0.3315128066378066, 0.22341089466089467, 0.2286913780663781], [0.2543750763125763, 0.2774744977244977, 0.21978210678210672, 0.24836831918081928], [0.218874007936508, 0.26801551226551235, 0.22087085137085144, 0.29223962842712853], [0.23743223443223435, 0.28819039294039295, 0.1751272893772894, 0.2992500832500833], [0.22204598179598176, 0.26072981185481187, 0.1915871350871351, 0.3256370712620712], [0.3170382603507603, 0.18179554473304474, 0.193047619047619, 0.3081185758685759], [0.24744814213564215, 0.2844158202908203, 0.17657636807636806, 0.2915596694971695], [0.22770418470418466, 0.3140618686868688, 0.17072186147186147, 0.28751208513708515], [0.268156635031635, 0.24186012598512605, 0.16722802197802192, 0.3227552170052171], [0.3290398767898767, 0.26330350205350217, 0.1463318903318903, 0.26132473082473084], [0.2652201638231051, 0.270069624819625, 0.17073665223665224, 0.29397355912061796], [0.26118416305916314, 0.2827963564213565, 0.18103282828282832, 0.27498665223665225], [0.20001839826839826, 0.3162707431457432, 0.22551857864357863, 0.25819227994228006], [0.27220519268313387, 0.21236054713260594, 0.20648343323343327, 0.30895082695082704], [0.1937543428793428, 0.339952681821103, 0.15330885780885783, 0.3129841174906965], [0.24256991619491622, 0.2751409632034632, 0.16184850566100564, 0.32044061494061493], [0.223614232989233, 0.24796428571428575, 0.19111971361971367, 0.33730176767676767], [0.218422619047619, 0.24164484126984132, 0.23634036796536795, 0.30359217171717173], [0.32934403096903103, 0.22394139194139193, 0.14401219613719612, 0.30270238095238106], [0.21804288277082395, 0.2924786651257239, 0.22200715950715952, 0.2674712925962926], [0.2551129703629704, 0.29519030969030985, 0.1928958541458541, 0.2568008658008658], [0.16581836219336218, 0.33550811688311705, 0.18990061327561328, 0.3087729076479077], [0.22649173049173046, 0.2860562631812632, 0.21416448828948823, 0.2732875180375182], [0.27182790616246494, 0.28110882173382173, 0.19398497335997344, 0.25307829874373994], [0.2756805139305139, 0.30955691530691537, 0.18907742257742258, 0.22568514818514832], [0.2166435786435786, 0.2934704184704185, 0.19658939671439665, 0.29329660617160613], [0.3275008949383951, 0.2476908924408925, 0.14578528416028413, 0.2790229284604284], [0.38291604922854927, 0.20615124020716136, 0.15462277999777999, 0.2563099305665095], [0.24141673604173605, 0.3171943195693197, 0.1572118853368854, 0.2841770590520591], [0.22879875679875677, 0.2487335303585304, 0.2221186868686869, 0.3003490259740261], [0.23735033022533028, 0.28639230214230227, 0.19592245254745255, 0.2803349150849152], [0.23487301587301598, 0.32843019480519486, 0.16820454545454544, 0.2684922438672439], [0.18954213841713835, 0.2812126484626486, 0.1634152791652792, 0.36582993395493396], [0.2584817821067822, 0.2945568736818737, 0.1519664502164502, 0.2949948939948939], [0.268844377844378, 0.2924346348096349, 0.18294401431901433, 0.25577697302697305], [0.24460560762766648, 0.28604753579753583, 0.2242975496725496, 0.24504930690224808], [0.30055279442779453, 0.19608483183483189, 0.1824425505050505, 0.3209198232323234], [0.2686251754781167, 0.266547841047841, 0.16502582140082137, 0.2998011620732209], [0.3261951798201798, 0.22300396825396832, 0.18741654179154177, 0.2633843101343102], [0.2549285714285715, 0.28424675324675325, 0.17003144078144083, 0.29079323454323447], [0.2541037900008488, 0.2470456904206905, 0.18792094017094013, 0.31092957940752075], [0.2766427322677322, 0.30788587801087813, 0.21423805361305365, 0.20123333610833619], [0.26919606782106786, 0.26689615939615946, 0.18687867687867687, 0.2770290959040958], [0.28570711233211227, 0.3001078921078922, 0.20064098401598404, 0.21354401154401154], [0.23064467476967487, 0.2719977522477522, 0.19016643079143083, 0.30719114219114213], [0.22020670995670996, 0.24454834054834051, 0.204806838994339, 0.3304381105006105], [0.2705505605505606, 0.271121336996337, 0.156853354978355, 0.3014747474747475], [0.20437740037740035, 0.28522054334554325, 0.22077867965367967, 0.28962337662337667], [0.2763689366189368, 0.26314339826839833, 0.19068999056499056, 0.26979767454767456], [0.3098130203130205, 0.27944877344877345, 0.1188241341991342, 0.29191407203907205], [0.241558533786475, 0.266284965034965, 0.21956339493839497, 0.2725931062401651], [0.2607996031746032, 0.2803005050505052, 0.23471361971361973, 0.224186272061272], [0.2643745143745144, 0.26812248862248855, 0.14654643967143965, 0.3209565573315573], [0.29089792152292154, 0.2624648363332574, 0.14033676046176044, 0.30630048168206075], [0.2621946248196248, 0.22557124819624821, 0.15362499999999996, 0.3586091269841269], [0.21148465423465418, 0.21079097291597285, 0.22501505439005437, 0.3527093184593184], [0.17585707348207355, 0.30829574592074604, 0.18329273504273505, 0.33255444555444547], [0.21626587301587302, 0.2924785353535354, 0.19476632395382398, 0.29648926767676786], [0.1920837634587635, 0.31419468031968034, 0.19160389610389608, 0.3021176601176602], [0.3381099407128819, 0.23067359029859033, 0.14957786657786656, 0.2816386024106613], [0.25290918109668115, 0.2642883366633367, 0.15513773726273727, 0.32766474497724496], [0.20653679653679657, 0.29804370629370636, 0.19149633699633703, 0.3039231601731601], [0.27893494005994013, 0.26237574925074925, 0.18170698745698752, 0.2769823232323233], [0.33144151681651685, 0.28661409423909434, 0.15228908591408588, 0.22965530303030307], [0.26647992979242974, 0.2744628427128427, 0.14370268620268617, 0.31535454129204143], [0.2244767316017316, 0.2941356421356422, 0.2208926767676768, 0.2604949494949495], [0.24969642857142854, 0.2532348484848487, 0.1722150072150072, 0.3248537157287157], [0.23312492368742382, 0.2673398823398822, 0.23893946331446336, 0.2605957306582306], [0.2908137467108056, 0.22669408369408373, 0.20764033189033185, 0.27485183770477895], [0.39107104904899015, 0.18035439560439553, 0.11590738428238428, 0.31266717106423], [0.23633237595737594, 0.29825149850149857, 0.1529772172272172, 0.31243890831390836], [0.24721626984126982, 0.25702605727605726, 0.18335236985236983, 0.312405303030303], [0.3260475476321064, 0.2554175754800755, 0.12154893717393712, 0.29698593971388093], [0.20300901875901878, 0.2748639971139971, 0.1563527999778, 0.36577418414918417], [0.2803230380730381, 0.2757524975024976, 0.1501496975246975, 0.29377476689976695], [0.2583139478985068, 0.24988743201243202, 0.13991545954045956, 0.3518831605486018], [0.23146805971805975, 0.24672358197358207, 0.1911180624930625, 0.33069029581529585], [0.22834054834054826, 0.23369985569985574, 0.19706655844155851, 0.34089303751803757], [0.2495047036297037, 0.26258207070707074, 0.1699558774558775, 0.31795734820734844], [0.21674211899211898, 0.2738912337662339, 0.18489646464646461, 0.3244701825951827], [0.2732064553093964, 0.2538215395715396, 0.17734269896769891, 0.29562930615136485], [0.21800476606726607, 0.24037741425241424, 0.254575160950161, 0.2870426587301588], [0.2799381174381175, 0.2386821928071928, 0.14605176767676764, 0.33532792207792217], [0.23387258574758577, 0.2660863025863026, 0.18734142246642244, 0.31269968919968916], [0.2867358613608614, 0.21661609224109224, 0.1574719585969585, 0.33917608780108793], [0.27473196248196247, 0.26402795815295815, 0.19742261904761896, 0.2638174603174604], [0.22580788655788658, 0.3771316600066602, 0.19663808413808406, 0.2004223692973694], [0.2706756160506161, 0.28463052225552227, 0.1708083999333999, 0.27388546176046175], [0.2317896825396826, 0.30256691919191914, 0.1427145215895216, 0.3229288766788767], [0.337397866022866, 0.23392049617049618, 0.11984852647352645, 0.3088331113331113], [0.24997770285270282, 0.2561334776334776, 0.2067538988788989, 0.28713492063492074], [0.21712723387723393, 0.2422221528471528, 0.2192110528360528, 0.3214395604395605], [0.2055337301587301, 0.2661970945720946, 0.1941753663003662, 0.33409380896880897], [0.33514900377400403, 0.22540499777999773, 0.16029630092130084, 0.2791496975246975], [0.2317654983904984, 0.23834651459651465, 0.21825631313131322, 0.3116316738816739], [0.3010670787545789, 0.27378968253968256, 0.16778750416250415, 0.2573557345432345], [0.23838316340522214, 0.31581117493617494, 0.19883255633255636, 0.2469731053260466], [0.22286803474303468, 0.2897583943833944, 0.14291665279165275, 0.3444569180819182], [0.28470490620490624, 0.2700097402597402, 0.1578511904761905, 0.287434163059163], [0.22521880896880891, 0.28236217948717957, 0.1888551032301033, 0.30356390831390834], [0.2369215506715507, 0.3358376068376069, 0.1932242063492064, 0.23401663614163615]]}}