{"test": {"ids": ["102112170", "112116290", "110113931", "97116800", "97105760", "99109141", "109115220", "112118810", "105113210", "97107950", "105119950", "108118520", "97105960", "111120531", "100110260", "103118110", "97106600", "106115250", "112117471", "97107920", "109120560", "109118820", "108120060", "104113550", "99117630", "103112641", "101109120", "113122430", "100111390", "98107410", "112118890", "112119500", "108114670", "107118120", "105116980", "110118880", "103113640", "112118161", "107115140", "105118171", "112121360", "99108710", "101114020", "108113480", "108120280", "105113620", "109113881", "103111110", "108120260", "97113900", "109113591", "111120320", "113120260", "111121410", "111120220", "98111620", "111116170", "101119591", "109116441", "104114240", "97114170", "100107920", "98106680", "106115120", "105110091", "98116090", "106114321", "109115380", "106119990", "108121190", "98116500", "103111480", "104111550", "104114740", "105121370", "103120290", "104111380", "110118111", "99112641", "111117000", "111116530", "110120560", "105121190", "99114890", "97107260", "108119550", "112118550", "113119340", "107113840", "101108621", "100108520", "98110810", "103110760", "102110500", "100109980", "106116120", "111120190", "109117110", "103111990", "113120830", "110119891", "106114011", "110115120", "110115890", "108120700", "106120640", "109116040", "112120290", "112118581", "106114880", "100120780", "109120150", "112117030", "101119030", "107117630", "108114360", "112116640", "105111990", "112116800", "100111620", "110117110", "113121750", "102117351", "102110050", "112118701", "101114990", "104118070", "112117790", "99107950", "107114780", "111116010", "108120621", "107119130", "105112100", "104119340", "108119510", "99109740", "104111990", "110121450", "103113170", "111118820", "99112531"], "labels": [3, 0, 1, 0, 0, 3, 3, 3, 3, 2, 3, 0, 2, 0, 3, 2, 3, 2, 3, 0, 1, 3, 1, 1, 3, 3, 1, 2, 2, 3, 3, 2, 3, 3, 0, 0, 1, 0, 0, 3, 3, 2, 3, 0, 3, 0, 0, 3, 1, 2, 3, 1, 3, 0, 3, 3, 0, 0, 3, 0, 2, 0, 1, 1, 0, 0, 2, 3, 0, 1, 2, 0, 1, 2, 2, 2, 3, 1, 1, 0, 3, 0, 2, 2, 2, 1, 3, 0, 3, 0, 2, 1, 1, 3, 1, 1, 3, 1, 2, 3, 3, 1, 0, 2, 2, 3, 0, 1, 1, 0, 1, 2, 2, 3, 0, 1, 0, 2, 0, 3, 0, 0, 1, 3, 0, 3, 2, 3, 1, 2, 1, 1, 1, 1, 1, 1, 3, 2, 3, 3, 0, 3], "predicted_labels": [0, 1, 1, 1, 0, 0, 3, 1, 1, 1, 3, 0, 1, 1, 0, 1, 3, 3, 1, 0, 3, 1, 1, 3, 1, 1, 1, 1, 3, 0, 1, 0, 3, 1, 0, 3, 0, 1, 0, 1, 1, 1, 1, 1, 3, 1, 0, 1, 1, 0, 0, 0, 1, 1, 1, 1, 0, 3, 0, 1, 1, 0, 1, 3, 1, 1, 0, 1, 3, 1, 3, 0, 1, 1, 1, 1, 1, 3, 0, 1, 1, 1, 3, 1, 1, 1, 1, 3, 1, 1, 3, 1, 1, 3, 3, 3, 3, 1, 1, 1, 1, 1, 1, 1, 0, 3, 0, 1, 1, 1, 1, 3, 0, 1, 3, 3, 3, 1, 1, 3, 0, 1, 0, 0, 1, 1, 3, 1, 1, 1, 0, 0, 1, 3, 1, 1, 1, 1, 0, 1, 1, 0], "confidence_scores": [[0.3286253507346944, 0.2077567935366692, 0.16368848365923266, 0.2999293720694038], [0.26350777973336004, 0.3081244526690598, 0.1369095383075473, 0.2914582292900332], [0.1867441661017717, 0.36761385589058204, 0.1992092146430171, 0.2464327633646294], [0.2398257193565646, 0.29789641373122994, 0.19903854274731056, 0.26323932416489537], [0.3215495899503579, 0.2566267017058967, 0.131549095179303, 0.29027461316444275], [0.2955530787289229, 0.29179599220294733, 0.17924906121041842, 0.23340186785771105], [0.23126566983052316, 0.27355841294272987, 0.17941114190040486, 0.31576477532634206], [0.20616876381923888, 0.2930353112074558, 0.254042367346937, 0.24675355762636886], [0.25158902571009406, 0.2913649221618974, 0.17000700542438157, 0.28703904670362695], [0.16696502282078052, 0.36132716139809257, 0.22743298654783686, 0.2442748292332898], [0.27298077691373424, 0.23712319483926686, 0.19723404618370094, 0.29266198206329835], [0.27951723334350603, 0.27038797708364837, 0.17485642367185658, 0.2752383659009894], [0.23049316589785893, 0.3277107267226384, 0.18285039544695342, 0.25894571193254945], [0.2440882252882193, 0.3199370823650383, 0.17076727460343125, 0.2652074177433111], [0.3291626009513937, 0.24980036613468729, 0.12518936003969652, 0.29584767287422314], [0.23064770634159154, 0.2788458177019036, 0.21194242121167356, 0.2785640547448313], [0.2219280607615903, 0.26421049244085315, 0.21040489931043005, 0.3034565474871273], [0.2617174918074761, 0.2642997244981938, 0.18633978470112372, 0.28764299899320667], [0.22382410731946065, 0.30399532587863953, 0.20229564684954218, 0.2698849199523577], [0.36033980885590133, 0.20884140118210834, 0.12988380995659513, 0.30093498000539587], [0.2384200783155405, 0.2765334676204196, 0.20657052785780755, 0.27847592620623324], [0.2340590138071652, 0.35598000164013927, 0.18852017520276035, 0.2214408093499351], [0.22507282240765245, 0.3520724078987268, 0.17272405211429417, 0.2501307175793265], [0.2530828724649293, 0.2471899257574028, 0.21629446296326155, 0.2834327388144069], [0.23959972802876559, 0.2767783326759967, 0.22597202235377695, 0.2576499169414606], [0.22860984781537644, 0.29756119407137765, 0.2083438441485199, 0.26548511396472624], [0.24247732043444745, 0.31763445247480415, 0.1877809251029482, 0.2521073019878006], [0.245195018025964, 0.3144448336224884, 0.181600559817321, 0.258759588534227], [0.23421714280306166, 0.24726654209550133, 0.21612109783916922, 0.30239521726226815], [0.29644741065744257, 0.29298712602766225, 0.16083511884725113, 0.24973034446764408], [0.26866091788186613, 0.27722080080310774, 0.19322570689789983, 0.26089257441712704], [0.30618378542602465, 0.2663550745281495, 0.16393389427087285, 0.26352724577495323], [0.2598448721546012, 0.2686912844604953, 0.19410924678161703, 0.27735459660328665], [0.1750862935554932, 0.3902978134014039, 0.18092705097125228, 0.2536888420718508], [0.31881072684984163, 0.2235043240419993, 0.16157024029871497, 0.29611470880944496], [0.29577074123903985, 0.26150931818543943, 0.1184310050548775, 0.3242889355206434], [0.319584566919717, 0.23832200578865104, 0.15167247072424214, 0.29042095656739053], [0.26882871044950113, 0.33167229154521305, 0.14957452104365437, 0.24992447696163134], [0.3365737675720336, 0.1937079565566823, 0.15423726073000218, 0.3154810151412821], [0.2678429367913995, 0.2996475613836737, 0.15946438276482067, 0.27304511906010603], [0.2628865623191882, 0.298803204420817, 0.1752333365466319, 0.2630768967133631], [0.21022744999758738, 0.2960112207058298, 0.20861093152714105, 0.28515039776944257], [0.23816012102204676, 0.2953796622779673, 0.19131021344518212, 0.2751500032548038], [0.1835517070771172, 0.3173170566087548, 0.2196024135638237, 0.27952882275030455], [0.28338082049080443, 0.21874482422194072, 0.18187067631923445, 0.3160036789680208], [0.2791872193964921, 0.31799840485479125, 0.1573231854097084, 0.24549119033900835], [0.30251651805395646, 0.2817341826362427, 0.18012963902717888, 0.23561966028262243], [0.2090009528882608, 0.3112020550996398, 0.21248855590560597, 0.2673084361064934], [0.21570301582646492, 0.31974511220348506, 0.1752983722103359, 0.2892534997597143], [0.28540521648537864, 0.272880399014962, 0.17620651879901802, 0.26550786570064167], [0.33221142371657103, 0.2707381379937649, 0.13462193644064863, 0.2624285018490159], [0.31653561980157424, 0.26254600117033944, 0.15483887410992156, 0.2660795049181653], [0.254305466888991, 0.27883978461671083, 0.19270388683676057, 0.2741508616575377], [0.2543164509559211, 0.2934665668179221, 0.16265940555370867, 0.2895575766724481], [0.23428217103516286, 0.3314894696281844, 0.1706305211716463, 0.2635978381650065], [0.16391866039979255, 0.4288597946684673, 0.17162442450381118, 0.2355971204279289], [0.31359306922616476, 0.27687853331988693, 0.13783170724243024, 0.27169669021151827], [0.25520119120090234, 0.25011268456633406, 0.226637254244994, 0.26804886998776994], [0.32132188192935524, 0.23098339181267447, 0.13716677666759858, 0.3105279495903722], [0.28290727380090863, 0.2965499283952622, 0.16207032966080848, 0.25847246814302055], [0.22117715691734777, 0.30753590445478207, 0.20393423592443222, 0.2673527027034377], [0.305618112833897, 0.28057562010700204, 0.13816670270616757, 0.2756395643529335], [0.18016923825888756, 0.3728078660644266, 0.19070034616040055, 0.2563225495162852], [0.30220706040665807, 0.2672422896912412, 0.12810581994125345, 0.30244482996084743], [0.2852208358445274, 0.28751011716848784, 0.15155087807455536, 0.27571816891242995], [0.22757060000234894, 0.2935274260089902, 0.19945419863491362, 0.27944777535374754], [0.2993382293223277, 0.2626145036308345, 0.16943735293813228, 0.2686099141087058], [0.2170029890513216, 0.3630518622325249, 0.1904811544877216, 0.22946399422843197], [0.264957376801892, 0.26610191871561517, 0.1640423990076324, 0.3048983054748609], [0.20722003435462286, 0.3296118800970888, 0.15653639991012647, 0.3066316856381619], [0.22765434826708697, 0.29082284269039566, 0.18611047924761498, 0.2954123297949025], [0.3381755929736168, 0.2568007192298934, 0.16998619388511665, 0.23503749391137285], [0.24377779391441873, 0.3085131795317148, 0.1991730240240134, 0.24853600252985328], [0.22909923750126618, 0.31821916171966064, 0.19049603745042656, 0.26218556332864706], [0.17963013557718865, 0.3365145661021804, 0.21428702378050737, 0.26956827454012383], [0.246208829559492, 0.2882888330824075, 0.20670684457280802, 0.2587954927852929], [0.20213034669106733, 0.3142423763208049, 0.1929747962677128, 0.29065248072041544], [0.2708453076289846, 0.2787719863140881, 0.17029464684420414, 0.2800880592127234], [0.2968694511187446, 0.2769792224996634, 0.16816353477661553, 0.25798779160497654], [0.2302653533717588, 0.284039806306723, 0.2130810863579423, 0.27261375396357596], [0.25211574757151267, 0.2845699360295867, 0.1832324436534531, 0.28008187274544794], [0.21138541777464565, 0.3295311585303434, 0.1900794728670628, 0.26900395082794853], [0.2149787176811416, 0.3077289240271146, 0.16757009172553666, 0.30972226656620716], [0.21522151020362001, 0.3002403987568568, 0.20464812636006163, 0.2798899646794616], [0.2377762509494095, 0.2977578379361997, 0.21654008958211657, 0.24792582153227466], [0.2169025528304433, 0.3077591558268025, 0.20675808152714792, 0.26858020981560654], [0.21915278858415124, 0.34179313829808267, 0.19444182293699852, 0.24461225018076777], [0.25867549615611474, 0.2533373352906456, 0.19478055841612602, 0.29320661013711347], [0.2349617652198035, 0.3179748824110979, 0.18841921082093402, 0.258644141548165], [0.18418224526565194, 0.31488590973677205, 0.24988613595790451, 0.2510457090396717], [0.2699679690688401, 0.22835294947444842, 0.20538715135643615, 0.29629193010027594], [0.2323280931100501, 0.2728089810639338, 0.24080188626154647, 0.25406103956446996], [0.25051730749931217, 0.3020560107550757, 0.19749323463478377, 0.2499334471108284], [0.23376864520103882, 0.2658352606758744, 0.2231371683387262, 0.2772589257843606], [0.23627288546223804, 0.2473211319821812, 0.24761429101299748, 0.2687916915425837], [0.25472680495780536, 0.26699869771620954, 0.20795912764100263, 0.27031536968498276], [0.23687741607664056, 0.2772775185829336, 0.18656745079413722, 0.29927761454628893], [0.18769947571969972, 0.35947495916914135, 0.2062704681806586, 0.2465550969305001], [0.21722318953424796, 0.30458591259094153, 0.18098168157371605, 0.2972092163010951], [0.23947904887592855, 0.28516066580143395, 0.2126396589727724, 0.262720626349865], [0.23076713286894054, 0.35170607753199784, 0.1483278163171059, 0.2691989732819557], [0.23613004594747827, 0.33262424171922805, 0.16813031903549075, 0.263115393297803], [0.21768661139003126, 0.3282104929761297, 0.21238367778678355, 0.24171921784705536], [0.2064782658643508, 0.3818028645491869, 0.1857223331981265, 0.22599653638833622], [0.3108919244083378, 0.28182457483696705, 0.14348143461445947, 0.26380206614023627], [0.14984768390358197, 0.31037542777162525, 0.22629042666585403, 0.3134864616589386], [0.3061896801867024, 0.24456443181919965, 0.1718745354180976, 0.27737135257600065], [0.20601283548913663, 0.31535547543526155, 0.2249991938620814, 0.25363249521352044], [0.23887471653999612, 0.3151027175338182, 0.18369483272010464, 0.2623277332060812], [0.23120262946559286, 0.29799047784440025, 0.17764188376887546, 0.29316500892113107], [0.2602390350135656, 0.3202718279824645, 0.17437930773836452, 0.2451098292656056], [0.2055183043223527, 0.262319940763507, 0.22633370179553702, 0.3058280531186033], [0.28806515135654054, 0.2730394860779049, 0.181155217806301, 0.25774014475925366], [0.22938370202612218, 0.330287841151441, 0.18716787927104425, 0.2531605775513929], [0.2548394565795518, 0.25702621496588335, 0.20038673921669567, 0.2877475892378693], [0.23287600881028087, 0.2674340671923773, 0.20810223321360583, 0.2915876907837367], [0.25716721728275593, 0.28559396706181045, 0.16612063994214576, 0.2911181757132878], [0.1825621557705934, 0.33540963130694906, 0.18579472541502098, 0.29623348750743705], [0.22294093340441648, 0.3135800242715334, 0.20101480078578046, 0.2624642415382701], [0.2416305708099305, 0.26980504725642346, 0.19189882598158037, 0.29666555595206606], [0.2935260041815945, 0.2679754249027654, 0.155646925599349, 0.28285164531629164], [0.23619850636403902, 0.3733184764056515, 0.13846206567918531, 0.25202095155112436], [0.3134666766506317, 0.2673155101215997, 0.1487723521242268, 0.2704454611035424], [0.3323265475600991, 0.2451217948929138, 0.16582126601509614, 0.25673039153189114], [0.25645252292961973, 0.3615285073358673, 0.1545052151460985, 0.2275137545884152], [0.2189600182747397, 0.2899114758534685, 0.2191439174241997, 0.27198458844759243], [0.19055015492205224, 0.2765518795945904, 0.24524052563553322, 0.2876574398478241], [0.2719360078825369, 0.2856798589158648, 0.15983082217319405, 0.2825533110284048], [0.21193728224739924, 0.2682772521525393, 0.26735368549746574, 0.2524317801025959], [0.18885861911318216, 0.36875907130132013, 0.183425794718457, 0.2589565148670409], [0.27775677349788447, 0.25838966950726516, 0.2118015113428334, 0.2520520456520175], [0.31856835058718286, 0.24583841360381672, 0.15293146615613384, 0.28266176965286666], [0.2114967060420873, 0.30295913484568215, 0.2096817821212807, 0.2758623769909499], [0.23938202218155918, 0.2704463523448173, 0.1633065880630587, 0.3268650374105652], [0.2504116758869859, 0.28668708125253317, 0.19424364155510518, 0.2686576013053761], [0.27318433821089577, 0.31086688649997135, 0.1470763539175943, 0.2688724213715389], [0.17355255995891142, 0.3508288220019703, 0.21684377598674484, 0.2587748420523735], [0.2488886074406563, 0.3351279116361268, 0.18928932264318213, 0.22669415828003506], [0.28571487931872747, 0.28341372600161674, 0.17610688388910592, 0.25476451079055024], [0.17232492329882898, 0.33473808444095393, 0.22186227957521665, 0.27107471268500083], [0.2501919301364719, 0.2896694883113812, 0.1881068965013099, 0.2720316850508371], [0.3093033230969033, 0.27582253740535645, 0.15515586380967059, 0.25971827568806977]]}, "rewritten": {"ids": ["97105760", "97105960", "97106600", "97107260", "97107920", "97107950", "97113900", "97114170", "97116800", "98106680", "98107410", "98110810", "98111620", "98116090", "98116500", "99107950", "99108710", "99109141", "99109740", "99112531", "99112641", "99114890", "99117630", "100107920", "100108520", "100109980", "100110260", "100111390", "100111620", "100120780", "101108621", "101109120", "101114020", "101114990", "101119030", "101119591", "102110050", "102110500", "102112170", "102117351", "103110760", "103111110", "103111480", "103111990", "103112641", "103113170", "103113640", "103118110", "103120290", "104111380", "104111550", "104111990", "104113550", "104114240", "104114740", "104118070", "104119340", "105110091", "105111990", "105112100", "105113210", "105113620", "105116980", "105118171", "105119950", "105121190", "105121370", "106114011", "106114321", "106114880", "106115120", "106115250", "106116120", "106119990", "106120640", "107113840", "107114780", "107115140", "107117630", "107118120", "107119130", "108113480", "108114360", "108114670", "108118520", "108119510", "108119550", "108120060", "108120260", "108120280", "108120621", "108120700", "108121190", "109113591", "109113881", "109115220", "109115380", "109116040", "109116441", "109117110", "109118820", "109120150", "109120560", "110113931", "110115120", "110115890", "110117110", "110118111", "110118880", "110119891", "110120560", "110121450", "111116010", "111116170", "111116530", "111117000", "111118820", "111120190", "111120220", "111120320", "111120531", "111121410", "112116290", "112116640", "112116800", "112117030", "112117471", "112117790", "112118161", "112118550", "112118581", "112118701", "112118810", "112118890", "112119500", "112120290", "112121360", "113119340", "113120260", "113120830", "113121750", "113122430"], "labels": [0, 2, 3, 2, 0, 2, 2, 2, 0, 1, 3, 1, 3, 0, 2, 1, 2, 3, 3, 3, 1, 2, 3, 0, 2, 1, 3, 2, 3, 1, 0, 1, 3, 3, 3, 0, 3, 3, 3, 1, 1, 3, 0, 2, 3, 3, 1, 2, 2, 3, 1, 2, 1, 0, 2, 2, 1, 0, 2, 1, 3, 0, 0, 3, 3, 2, 2, 1, 2, 0, 1, 2, 1, 0, 3, 3, 2, 0, 0, 3, 1, 0, 1, 3, 0, 1, 1, 1, 1, 3, 1, 2, 1, 3, 0, 3, 3, 0, 3, 1, 3, 2, 1, 1, 0, 2, 0, 1, 0, 3, 0, 3, 1, 0, 3, 0, 0, 3, 3, 1, 0, 0, 0, 0, 0, 2, 3, 3, 0, 3, 1, 0, 3, 3, 2, 1, 3, 0, 3, 3, 0, 2], "predicted_labels": [1, 1, 1, 1, 0, 1, 1, 1, 0, 1, 1, 1, 1, 1, 0, 1, 1, 1, 1, 1, 1, 1, 1, 0, 1, 1, 3, 1, 1, 1, 1, 1, 1, 3, 1, 1, 1, 3, 1, 1, 1, 1, 0, 0, 1, 1, 1, 1, 1, 1, 1, 1, 1, 1, 1, 1, 1, 1, 1, 1, 3, 1, 0, 1, 3, 1, 1, 1, 1, 1, 1, 1, 1, 3, 1, 1, 1, 0, 1, 1, 1, 1, 1, 1, 1, 1, 1, 1, 1, 3, 1, 1, 1, 1, 1, 1, 1, 1, 1, 1, 1, 1, 1, 1, 1, 1, 1, 1, 1, 1, 1, 1, 1, 1, 1, 1, 1, 1, 1, 1, 1, 1, 1, 1, 1, 1, 1, 3, 1, 1, 1, 1, 1, 1, 1, 1, 1, 1, 1, 1, 1, 1], "confidence_scores": [[0.2683658553535062, 0.3048577647834655, 0.16870767973267473, 0.2580687001303539], [0.24975249714200873, 0.33324401478264104, 0.1521361571505864, 0.2648673309247639], [0.19494013516898562, 0.3696142096548992, 0.18994272648319274, 0.24550292869292234], [0.21264119681283675, 0.3359656446445862, 0.17408070847627105, 0.2773124500663062], [0.40233411504265654, 0.19459847633951902, 0.13091321760169258, 0.27215419101613236], [0.22686363867328782, 0.33038873543837977, 0.18741706044833223, 0.2553305654400007], [0.23316841299897303, 0.31707760274349295, 0.1911417695764285, 0.2586122146811061], [0.21765620765013585, 0.3168229879686195, 0.18687730098537825, 0.2786435033958671], [0.3362871873946982, 0.24693719042088208, 0.16162356998240426, 0.2551520522020161], [0.23774993135449962, 0.3258459273741852, 0.2063253758221694, 0.23007876544914607], [0.26128242581060174, 0.313635893689747, 0.17447028423931116, 0.2506113962603407], [0.20803359892580853, 0.33749466439059334, 0.23009700973165173, 0.22437472695194688], [0.22948246727026558, 0.3570207818882223, 0.1833056639975366, 0.23019108684397577], [0.24096095012785557, 0.30973258208995896, 0.19466841387119826, 0.2546380539109873], [0.31154923670754997, 0.25894670272615505, 0.15049069447819874, 0.2790133660880968], [0.20801869440218618, 0.37805924011390035, 0.20407005770624895, 0.20985200777766463], [0.2296101502414409, 0.3238050768204269, 0.20717413768507156, 0.239410635253061], [0.26579601471860814, 0.34073992973318884, 0.16840334432523704, 0.22506071122296611], [0.20655278154150222, 0.3565745935000125, 0.19613553577820564, 0.24073708918027972], [0.24463798706757536, 0.32097983816054076, 0.16537030447061019, 0.26901187030127416], [0.2415629069353766, 0.34470660545441956, 0.1809423932380894, 0.23278809437211512], [0.2163603620576386, 0.34815711729373405, 0.17036610679535552, 0.26511641385327195], [0.2287461894159308, 0.30874233055259803, 0.20372704338148406, 0.25878443664998746], [0.33710704740740016, 0.25505620496459086, 0.12956545950493004, 0.27827128812307944], [0.2450918665412936, 0.31373386368961287, 0.19487054067790513, 0.24630372909118836], [0.19934705957291102, 0.3271702862883564, 0.2146401201036066, 0.25884253403512614], [0.2550005826434346, 0.2778250559534508, 0.18884232055641523, 0.2783320408466995], [0.26090826607334494, 0.3105930202515091, 0.17840176129328372, 0.2500969523818623], [0.26602900792771267, 0.2999174784344751, 0.18446842072174832, 0.24958509291606426], [0.26112974418943996, 0.2897345342617121, 0.18573758326322415, 0.26339813828562375], [0.2100823212391251, 0.33377770613473334, 0.19095950438778048, 0.2651804682383616], [0.2369982735138608, 0.3263713809764947, 0.1996567966248866, 0.23697354888475833], [0.2758812240168622, 0.3382178335476729, 0.16292614379401987, 0.22297479864144548], [0.2568982788689423, 0.26419085637970424, 0.18228110749962656, 0.29662975725172736], [0.21593863197645, 0.33909510514328317, 0.17968535622868434, 0.26528090665158327], [0.23125046240381947, 0.32733641461503993, 0.1860433792998707, 0.25536974368127024], [0.2392667439433907, 0.28181258441702106, 0.20021824986386827, 0.27870242177572013], [0.22760263721106105, 0.2761040195110264, 0.21255144883800672, 0.283741894439906], [0.28058745998537316, 0.2926407721676367, 0.17967916069741974, 0.24709260714957063], [0.26616545070203945, 0.319558019509406, 0.16672386389397217, 0.24755266589458227], [0.26981362831611183, 0.3137502976706199, 0.17005852341551966, 0.2463775505977494], [0.25709151271246494, 0.3392904579329939, 0.14806937651746677, 0.255548652837075], [0.32038289522245744, 0.27432491979747026, 0.16803323121581742, 0.23725895376425496], [0.28855640203752125, 0.2576688250959379, 0.17736534569017476, 0.27640942717636646], [0.24416355706222712, 0.3396856472081405, 0.1624361915306607, 0.25371460419897196], [0.2168662217939363, 0.35101076407752235, 0.19555405570470236, 0.23656895842383935], [0.2745936398606043, 0.2897478966925839, 0.15779067713257444, 0.2778677863142376], [0.23839161895396532, 0.2678847177293564, 0.233569574804371, 0.2601540885123078], [0.22343701799861107, 0.3234726926540783, 0.18410632018400114, 0.26898396916331], [0.23834321061137434, 0.33710810662316754, 0.19868583508367202, 0.22586284768178638], [0.2518995889631984, 0.31581925105142095, 0.1698826612238954, 0.2623984987614855], [0.25043390975824087, 0.3510888672243478, 0.17716036382916306, 0.22131685918824848], [0.26506459923836234, 0.2811915735384798, 0.19222662860565304, 0.26151719861750483], [0.2559372878450044, 0.2993508805022329, 0.19155487603336263, 0.2531569556194006], [0.2298995493474086, 0.31175884161474543, 0.20474056642182337, 0.2536010426160229], [0.25127692414484193, 0.2998497791007254, 0.2026729039597567, 0.2462003927946765], [0.19235574442397205, 0.3327746092228224, 0.2178612805698847, 0.25700836578332104], [0.24552329230431647, 0.3649856788919887, 0.15308849021936807, 0.2364025385843274], [0.23979483098939894, 0.37211075857039716, 0.15894138715953574, 0.22915302328066864], [0.2598914330221318, 0.3029086574390359, 0.17771160065298, 0.25948830888585284], [0.3028170266826647, 0.22381697883611562, 0.15889971864303293, 0.3144662758381871], [0.23664349355747777, 0.3428231214527136, 0.1954769422665093, 0.22505644272329972], [0.3092286750115609, 0.29913665991683974, 0.15719012256009138, 0.2344445425115082], [0.24854778312485623, 0.326143798712075, 0.15176771883509144, 0.273540699327978], [0.26537782513785674, 0.2727611863079418, 0.1875509586253472, 0.2743100299288546], [0.2273822436912308, 0.371415801777001, 0.16302238711102665, 0.23817956742074176], [0.21457236453999953, 0.35401576313972216, 0.1856207372194573, 0.24579113510082168], [0.23182899392065576, 0.3929227216872288, 0.17257440788729747, 0.20267387650481794], [0.28153669274529247, 0.30604097056761675, 0.15447618199784735, 0.25794615468924303], [0.26616367132222546, 0.32737069784235007, 0.19037557485974305, 0.2160900559756817], [0.25100174357628957, 0.2919887871139222, 0.18678881592338883, 0.27022065338639983], [0.23286568045152145, 0.35081878423605384, 0.16361668952410946, 0.25269884578831575], [0.26543126047317944, 0.31589103547481334, 0.19286828206627907, 0.22580942198572826], [0.2694577736482713, 0.2692999378902187, 0.189182553814209, 0.27205973464730143], [0.20989977987224173, 0.3424903234667394, 0.19788344413094017, 0.24972645253007916], [0.23944442499289512, 0.3094497229898651, 0.2086939238333441, 0.24241192818389604], [0.18912335668747782, 0.3444909789916573, 0.20162510317979354, 0.26476056114107194], [0.28971746678853283, 0.2806156901657776, 0.15246023399031494, 0.27720660905537514], [0.2596367981094933, 0.3090811087170124, 0.18650750128617896, 0.24477459188731537], [0.23860197726688914, 0.33849433938810997, 0.1674349907076528, 0.25546869263734867], [0.22764691769948417, 0.3290423728394911, 0.176994323344781, 0.266316386116244], [0.21028342550451634, 0.3173274343822897, 0.20848579452778293, 0.26390334558541123], [0.26941586863266803, 0.2827924688091783, 0.1817403385665174, 0.2660513239916363], [0.25135269049348, 0.3159606706931118, 0.18006900116276472, 0.25261763765064355], [0.25445693264643193, 0.29097742742769606, 0.20399271739318067, 0.2505729225326918], [0.21414927120173433, 0.3228151235914422, 0.1932132185953451, 0.26982238661147867], [0.2452712762557602, 0.3262471897906904, 0.18278948744779494, 0.24569204650575455], [0.2461613274890074, 0.336178048024676, 0.1713260971855583, 0.2463345273007584], [0.23514595847989483, 0.3019858273491648, 0.19767027115858207, 0.2651979430123587], [0.2724504819116077, 0.25608484178235397, 0.18224636374332895, 0.28921831256270975], [0.28350977453854465, 0.2918176086628368, 0.18861853112382845, 0.23605408567479053], [0.27934041878603044, 0.29973008892961545, 0.1493936676590486, 0.2715358246253062], [0.23607073422138028, 0.3404711452660725, 0.18781294305576895, 0.2356451774567786], [0.23841642997433826, 0.3311229478516068, 0.15211190930413904, 0.2783487128699161], [0.24325082681800042, 0.35626241896990085, 0.18474583930152524, 0.21574091491057357], [0.24859743207763696, 0.3210939007254967, 0.18312056211285804, 0.2471881050840087], [0.20977694202436672, 0.4054201879152966, 0.17127176641419287, 0.21353110364614405], [0.22876121882868178, 0.33032659784320595, 0.186408198533393, 0.25450398479471975], [0.25751017043553726, 0.3295655912771469, 0.12585177194549077, 0.28707246634182526], [0.22923361418781907, 0.34844044165759885, 0.16641706453526572, 0.2559088796193167], [0.2563365986786058, 0.3298578576501034, 0.1608943819240088, 0.2529111617472823], [0.20860603529781413, 0.3261322409360679, 0.2010283153411199, 0.26423340842499843], [0.2718396559778216, 0.280572646968799, 0.18369677013208033, 0.2638909269212995], [0.2417118771053908, 0.33445972251353706, 0.1664117710793751, 0.2574166293016975], [0.243055661181151, 0.3189904871870886, 0.1815639136120551, 0.2563899380197059], [0.23583142251972694, 0.37216420248641513, 0.16977708613778994, 0.22222728885606804], [0.27406844947664244, 0.30276159141702286, 0.15323103974717914, 0.2699389193591554], [0.2548513086375747, 0.30539125885172935, 0.1670992944137636, 0.2726581380969329], [0.271097949994926, 0.30543585207650104, 0.1475035246086537, 0.2759626733199197], [0.23369996835929238, 0.3624760768805397, 0.13234774991855544, 0.27147620484161267], [0.2603113538933043, 0.30199459679199736, 0.17262426634594308, 0.26506978296875633], [0.27385988039415865, 0.29510656556189285, 0.1616734045491858, 0.2693601494947629], [0.25161889167965695, 0.328546826922706, 0.16621853333721812, 0.2536157480604193], [0.27421494646383016, 0.31270928272307974, 0.13291046303578932, 0.2801653077773008], [0.2365881514444388, 0.28864217760625255, 0.20611641262963148, 0.2686532583196772], [0.21357255093071367, 0.3469171890077586, 0.16795246713223597, 0.27155779292929233], [0.277677095589413, 0.3071242972949875, 0.1629613816882174, 0.2522372254273823], [0.21895163664616085, 0.29783690733080337, 0.20275036890899573, 0.2804610871140407], [0.27594883978838425, 0.32009911151733683, 0.16432392249631342, 0.23962812619796603], [0.2345885909786669, 0.33059367409636986, 0.18101116870613823, 0.2538065662188257], [0.21956116434739822, 0.4049439038584554, 0.15384853158669837, 0.2216464002074488], [0.23839688778519508, 0.3417851013543538, 0.15645333435121678, 0.2633646765092346], [0.2527150104580693, 0.342803270996523, 0.16113537356024674, 0.24334634498516156], [0.23568317573380318, 0.3291179108451026, 0.13807281696202844, 0.29712609645906624], [0.24986733460071708, 0.33898382602766775, 0.15900781168667158, 0.2521410276849436], [0.2659127757166032, 0.32925868762479626, 0.16945879477261655, 0.2353697418859841], [0.20291876967960357, 0.37077525344858614, 0.19472922974670448, 0.23157674712510629], [0.2673777287959567, 0.2860368592258696, 0.15669859061204544, 0.28988682136612887], [0.2454192289491218, 0.31277131087517385, 0.18818891985965988, 0.25362054031604464], [0.2593383355031016, 0.28735050809493307, 0.1795586892186725, 0.2737524671832934], [0.195761534748084, 0.36119518683654234, 0.17027997204393844, 0.27276330637143564], [0.24815065912986833, 0.3439725545724203, 0.14377792913780876, 0.2640988571599024], [0.2346615948295219, 0.37597624550036796, 0.16893749017266452, 0.22042466949744596], [0.24754464789674047, 0.3220927548182697, 0.16897444487020902, 0.2613881524147815], [0.255933194968645, 0.31464119987444605, 0.1702028669465263, 0.25922273821038333], [0.23630718335174308, 0.3347613248342918, 0.18118025181200434, 0.24775124000196103], [0.21899356922876573, 0.3303917798826253, 0.19999999269745736, 0.25061465819115175], [0.27053250981086513, 0.3016419179626573, 0.16370920409737302, 0.26411636812910455], [0.24420021901576086, 0.2985117765652856, 0.18152003855989382, 0.27576796585906027], [0.2157440833461013, 0.3250439647533287, 0.1966582741547914, 0.2625536777457788], [0.2628735356465541, 0.32718108937376383, 0.13714556181623064, 0.27279981316345225], [0.22298088966247762, 0.3458673347895289, 0.200076918059102, 0.23107485748889184]]}}