{"test": {"ids": ["108117610", "97109570", "113119300", "99111000", "104113000", "103111480", "102112301", "112116900", "107113130", "97106820", "108114670", "102112030", "105113260", "105116441", "112118860", "113120531", "111120640", "110113591", "99108080", "99112300", "113122180", "109117110", "101108621", "112116540", "99111620", "112117210", "111120320", "108115870", "113122320", "111120190", "106112770", "111115620", "112118620", "106116120", "108118301", "104111380", "98117740", "113119700", "107113170", "99111340", "107114140", "97106591", "111119300", "108119510", "107121700", "99107500", "107116980", "106117650", "101112160", "101108080", "106113190", "113118111", "109118701", "106115250", "113122190", "98110710", "101112690", "97107040", "112121351", "98113881", "113121190", "113122150", "112119950", "113118690", "112118530", "99108000", "111121190", "107120010", "106113260", "111121351", "113119950", "110115890", "104114410", "103113170", "97106000", "102110690", "104114320", "98107340", "98108580", "102110240", "105118230", "109114720", "112116610", "102114270", "103111540", "109117080", "112118471", "104111880", "106119580", "113118810", "109115070", "110120560", "99110050", "98111860", "98116090", "107113360", "112117461", "97113260", "112120700", "106119260", "111115400", "107118520", "112118421", "107118820", "101109370", "102109850", "113120640", "103113260", "111120591", "113121750", "104113190", "111114121", "100110260", "100113370", "101108950", "103111170", "111114941", "99109311", "99108580", "97116790", "108113740", "100109360", "111119340", "106114280", "98110680", "113118511", "113122220", "101109000", "110118301", "112117580", "113121010", "100117420", "112116640", "98111620", "110118880", "101111310", "113117401", "103113640", "97113900", "108113760", "107113550", "110118810"], "labels": [3, 0, 1, 2, 1, 0, 1, 3, 1, 1, 3, 2, 3, 1, 3, 0, 0, 0, 3, 0, 2, 1, 0, 1, 3, 1, 1, 3, 1, 3, 1, 1, 3, 1, 1, 3, 2, 0, 0, 1, 2, 1, 1, 1, 3, 0, 3, 1, 3, 0, 0, 1, 3, 2, 1, 2, 1, 2, 0, 3, 1, 2, 0, 3, 1, 2, 1, 1, 3, 0, 0, 2, 1, 3, 0, 0, 2, 0, 0, 3, 1, 0, 1, 3, 1, 1, 1, 3, 3, 3, 0, 0, 3, 0, 0, 0, 0, 1, 2, 1, 0, 2, 3, 3, 1, 1, 0, 3, 1, 0, 3, 0, 3, 3, 2, 2, 0, 1, 0, 2, 3, 0, 3, 3, 2, 1, 1, 1, 1, 0, 2, 2, 0, 3, 0, 3, 3, 1, 2, 1, 0, 1], "predicted_labels": [3, 0, 1, 2, 1, 0, 0, 0, 0, 3, 2, 0, 0, 0, 3, 0, 3, 0, 3, 0, 1, 3, 3, 3, 1, 3, 0, 3, 0, 1, 2, 2, 1, 0, 3, 3, 1, 3, 0, 0, 3, 3, 1, 3, 3, 1, 3, 2, 0, 1, 0, 0, 0, 3, 3, 1, 1, 2, 0, 3, 0, 0, 3, 2, 3, 3, 0, 3, 1, 1, 3, 1, 1, 1, 3, 2, 1, 3, 2, 3, 0, 3, 1, 3, 2, 3, 2, 1, 2, 1, 1, 1, 1, 0, 3, 1, 3, 3, 2, 0, 1, 1, 1, 3, 1, 3, 0, 1, 0, 1, 1, 3, 3, 1, 1, 1, 3, 2, 1, 3, 3, 1, 2, 3, 3, 1, 2, 0, 1, 1, 1, 1, 3, 1, 0, 3, 1, 0, 1, 2, 1, 3], "confidence_scores": [[0.13157861108237967, 0.17552408051107163, 0.1507035881685933, 0.5421937202379553], [0.5042843506748245, 0.16564660022910488, 0.15036024849006574, 0.17970880060600483], [0.3187483838362495, 0.3289959373046719, 0.10923312555375672, 0.2430225533053219], [0.06926501099188982, 0.17474043880792117, 0.7089401264336618, 0.047054423766527374], [0.2428419216406419, 0.42329626407005955, 0.12353072676382564, 0.21033108752547297], [0.3337923842861535, 0.24049198404614155, 0.1387471310939342, 0.2869685005737708], [0.3967572263654622, 0.18355425744039186, 0.05701217069890723, 0.36267634549523875], [0.2945445399659768, 0.23376854523961896, 0.21100573318651192, 0.26068118160789244], [0.3850149599925265, 0.14749426147325906, 0.15897540905194865, 0.3085153694822658], [0.11918832499465001, 0.28603936372591215, 0.08706983979089526, 0.5077024714885425], [0.19727604906098628, 0.277432861561757, 0.33740984760936527, 0.18788124176789128], [0.35259420697999383, 0.24486244667915125, 0.17572815823197485, 0.22681518810888007], [0.4353665819159721, 0.26293209231626097, 0.07283807714405459, 0.2288632486237122], [0.5867609761373718, 0.13346812056148238, 0.052030604703792845, 0.22774029859735295], [0.2045857702594693, 0.3319021669238321, 0.07422270818652008, 0.3892893546301786], [0.587032244029757, 0.15744134947411825, 0.09064543259850355, 0.16488097389762107], [0.1610571684311818, 0.20845902436222288, 0.12989911389421138, 0.5005846933123839], [0.41153227237123935, 0.27820023068691546, 0.10755723630663318, 0.20271026063521208], [0.193523585358497, 0.2134107034410961, 0.1614443043914744, 0.43162140680893235], [0.34153169157118385, 0.20914222978644736, 0.12080661640331966, 0.3285194622390493], [0.17204413340695385, 0.4740227767099818, 0.07969687580067596, 0.2742362140823883], [0.21954844905656376, 0.25317491182546586, 0.23450866358914071, 0.29276797552882977], [0.17806697761911747, 0.2749770065046645, 0.13123295309110158, 0.4157230627851165], [0.20068898012248726, 0.22667560106001983, 0.1844514401008189, 0.3881839787166741], [0.2259935223230833, 0.3079764076657275, 0.19902782041529885, 0.2670022495958904], [0.07544370928747654, 0.11019897622954394, 0.286330579242427, 0.5280267352405524], [0.332289730585454, 0.22001158427275946, 0.17271010878968368, 0.2749885763521027], [0.2771436328103776, 0.07225256363469476, 0.07440048757950168, 0.576203315975426], [0.3441100213767621, 0.33318581260953584, 0.09911469333005853, 0.2235894726836436], [0.09171910413874279, 0.5348938315540795, 0.05472509460349067, 0.31866196970368676], [0.2040143359172575, 0.22502297393046647, 0.3023458585707742, 0.2686168315815019], [0.12467145041672353, 0.2869922456214944, 0.4017245738271611, 0.18661173013462076], [0.2899508831451317, 0.3160260001954611, 0.10513749078587022, 0.288885625873537], [0.2918715345189983, 0.23719554934851375, 0.22939314873930977, 0.2415397673931784], [0.20620627795989244, 0.1935874983953917, 0.2446836691750759, 0.35552255446964015], [0.16552643396721628, 0.29798052448965034, 0.10210041505468398, 0.4343926264884495], [0.37422203060063514, 0.40209276713340836, 0.05581036907156768, 0.16787483319438892], [0.17561439195174697, 0.3008640540797884, 0.0775413520081572, 0.44598020196030735], [0.3328057145461029, 0.2104610172713596, 0.12433386082119341, 0.33239940736134427], [0.3672894185648602, 0.17365524692848613, 0.14124309822666042, 0.31781223627999333], [0.1896443713882792, 0.16432423027218376, 0.2648521330246842, 0.38117926531485297], [0.2667058053400017, 0.19127470299940988, 0.07226022949906853, 0.46975926216151986], [0.1519140621833314, 0.41797021879294355, 0.18571183525836937, 0.24440388376535577], [0.16372690549080296, 0.3119666477442737, 0.061202545513491566, 0.4631039012514318], [0.16885516882928556, 0.21361508686250685, 0.18146159776638965, 0.4360681465418179], [0.1755519152971342, 0.3340467246758622, 0.2037579811571195, 0.2866433788698839], [0.26290037279148853, 0.19299011707069988, 0.2535802557942524, 0.2905292543435593], [0.23002016446143442, 0.20423157031285652, 0.4360272871570032, 0.12972097806870592], [0.45547478466608815, 0.19885963434045353, 0.10572809879463725, 0.23993748219882127], [0.19241045406289067, 0.5296823957543466, 0.15418114875820876, 0.12372600142455378], [0.49296790973467314, 0.23455711617827935, 0.13488853093979822, 0.1375864431472494], [0.34184455521625445, 0.2557786342850919, 0.08671631105364581, 0.31566049944500796], [0.40062598831906737, 0.25431523634878705, 0.08818572427986898, 0.2568730510522768], [0.18120545645453956, 0.2792052461106844, 0.1835301104694455, 0.3560591869653308], [0.14581111007490832, 0.17757028758073398, 0.11987836482368666, 0.5567402375206711], [0.06278979273812933, 0.7435035024370664, 0.06933902261987007, 0.12436768220493426], [0.13450363302072377, 0.5718389639646434, 0.10817894349457402, 0.18547845952005892], [0.1572156352291785, 0.3006665635677344, 0.3230410593717922, 0.21907674183129472], [0.36523087569956364, 0.18966489219935043, 0.19614688001224068, 0.24895735208884545], [0.2581713711168372, 0.2768405724307661, 0.1011618135665836, 0.3638262428858133], [0.5020580887051451, 0.2132329747397127, 0.10236867041904758, 0.18234026613609472], [0.37244406014724457, 0.12030187715487105, 0.33900325038639334, 0.1682508123114911], [0.22639367566644414, 0.20113462175776536, 0.28234685864684383, 0.2901248439289466], [0.19762283573006736, 0.1884767508077337, 0.34155465290533193, 0.27234576055686693], [0.18050593464083897, 0.16230273602323825, 0.11830057975101504, 0.5388907495849077], [0.11119346846597791, 0.23810747290417023, 0.22362986428394585, 0.42706919434590607], [0.4332265602416579, 0.16937491212060576, 0.14608193797823582, 0.25131658965950043], [0.28963458193073277, 0.2442977596219296, 0.1510950322317538, 0.31497262621558386], [0.1392968808254626, 0.49866000488565365, 0.052420430492252305, 0.30962268379663166], [0.16289235479974656, 0.4666767715374584, 0.06739789171913185, 0.3030329819436631], [0.2391446355944234, 0.1814202109897135, 0.1004205244375011, 0.47901462897836194], [0.1255294295054843, 0.3398343501655581, 0.27848935489080523, 0.25614686543815235], [0.16118161756587726, 0.5576100879547874, 0.0695520622373797, 0.21165623224195568], [0.22193398211044457, 0.3752535970871253, 0.20803108994200145, 0.19478133086042873], [0.3658775007280109, 0.11625306117888128, 0.09072893952361247, 0.4271404985694954], [0.09108457140668874, 0.17917780314736825, 0.4695131427885013, 0.2602244826574417], [0.3072389634446686, 0.31196958731847596, 0.11277324156892371, 0.26801820766793183], [0.36143096392451673, 0.1796405965138746, 0.09260149492082351, 0.3663269446407853], [0.2183769651860621, 0.21753227607261433, 0.3764685056932936, 0.1876222530480301], [0.15419887628596457, 0.3452135228291028, 0.09023560294123262, 0.41035199794370014], [0.36963725915497064, 0.18483944012831546, 0.21555120583041365, 0.22997209488630038], [0.19412848069959168, 0.19372537604064727, 0.2882990080956386, 0.32384713516412245], [0.18988065300301385, 0.4480199898222946, 0.12117876672372205, 0.2409205904509696], [0.18753545048044087, 0.10263371310248035, 0.12942748250218908, 0.5804033539148897], [0.08446153451806997, 0.06818749436906558, 0.689466077479089, 0.15788489363377545], [0.20210326609736465, 0.25418051833597166, 0.16442689736879942, 0.3792893181978643], [0.17115914645785682, 0.21308378314981047, 0.43097427355252793, 0.18478279683980486], [0.21657472780273973, 0.39994117709552907, 0.1018768953818015, 0.2816071997199297], [0.21881577063697935, 0.1485109464437983, 0.4050021345683259, 0.22767114835089644], [0.2620354709226877, 0.5069712065244524, 0.09044953878714737, 0.14054378376571253], [0.2547223122706039, 0.4909040061762678, 0.10206924864674495, 0.15230443290638343], [0.09586236821154387, 0.5228643873248867, 0.19734933797310986, 0.1839239064904595], [0.23475365202463552, 0.3688620534177419, 0.1106437664890591, 0.28574052806856365], [0.3820208899769548, 0.32849784730473847, 0.10926184840720775, 0.180219414311099], [0.16334861079948787, 0.2348811514859596, 0.16161365186603002, 0.44015658584852263], [0.17195533663368212, 0.38564240685519313, 0.1565518280548166, 0.2858504284563081], [0.34980313564718296, 0.15660373701506838, 0.0733496896478238, 0.42024343768992484], [0.18589787326656246, 0.30976691201654133, 0.13927867853929418, 0.36505653617760203], [0.10225197731878528, 0.07472153127505682, 0.7145429348927893, 0.10848355651336869], [0.42153746345228527, 0.07010094516768559, 0.30586254539452273, 0.2024990459855066], [0.23376102187442482, 0.4487598960585796, 0.10780928130903306, 0.20966980075796257], [0.24009108073992627, 0.3121516645259655, 0.15011750290759823, 0.29763975182650987], [0.20931463748568138, 0.33753659674155195, 0.11683113720305123, 0.3363176285697155], [0.051426820823620725, 0.196165484256585, 0.0912444395171316, 0.6611632554026626], [0.1841229338814506, 0.5862278026635043, 0.09254886870128191, 0.13710039475376312], [0.28831740292606156, 0.187868373174177, 0.14746565321406332, 0.3763485706856982], [0.35346511170177625, 0.21485025998724647, 0.16467158591237985, 0.26701304239859763], [0.13531941171180525, 0.3145477547199355, 0.26059017032909865, 0.2895426632391607], [0.368419496238618, 0.24194091582911495, 0.0685981644905137, 0.32104142344175335], [0.2854763855364469, 0.3990063608488776, 0.11954176378083979, 0.19597548983383584], [0.22391410288918195, 0.397520535046852, 0.11995094214471373, 0.2586144199192524], [0.26085051288141575, 0.3352846225503902, 0.05478291256765087, 0.34908195200054315], [0.2921833211005009, 0.25146473125160224, 0.12879571472786766, 0.3275562329200294], [0.1835950944949303, 0.4164062950674206, 0.22231236374413915, 0.1776862466935099], [0.2073979267482664, 0.3284224142967472, 0.14524039685611734, 0.3189392620988693], [0.20324630907265742, 0.38770425611093107, 0.20437508965223708, 0.20467434516417451], [0.15001024763423926, 0.21634097405358504, 0.07554762762342629, 0.5581011506887495], [0.16001043464903153, 0.32377696495309455, 0.3572088408077971, 0.1590037595900768], [0.14645993787132952, 0.46917602862993407, 0.20958886746169536, 0.17477516603704107], [0.15854118021558775, 0.25567950233891173, 0.15283511048755358, 0.43294420695794694], [0.30665020012947364, 0.09892324785168945, 0.09096117218947994, 0.503465379829357], [0.26459790429074653, 0.3595952111934261, 0.08062695263742772, 0.2951799318783997], [0.16264117951581628, 0.19518932493345803, 0.3283179633913991, 0.3138515321593267], [0.2270305355442014, 0.29177556685919587, 0.16848396551634184, 0.31270993208026093], [0.2562564685175393, 0.23906817647385878, 0.22073827786605618, 0.2839370771425458], [0.2955561679981768, 0.45289357920842943, 0.06454773054590285, 0.18700252224749095], [0.12518678533138566, 0.11927737065202094, 0.5724746168731657, 0.18306122714342785], [0.4045467412907133, 0.2158275913783487, 0.13109560745769386, 0.24853005987324428], [0.20034287208639778, 0.319230669901999, 0.2623478797674413, 0.21807857824416185], [0.126524861069282, 0.5675457289320927, 0.07686658375097764, 0.2290628262476478], [0.2247830670737131, 0.4434007081506925, 0.10050007944915607, 0.23131614532643846], [0.14491823309731916, 0.4175523494043217, 0.20663466129813488, 0.23089475620022432], [0.1519901164540416, 0.32357190887678033, 0.13756080401625742, 0.38687717065292065], [0.1638830183973444, 0.3896345883691785, 0.1639341117995899, 0.2825482814338872], [0.3744703779917917, 0.19646896779007633, 0.09400821973325656, 0.33505243448487537], [0.1577271159345099, 0.10011769119189251, 0.32639682516377916, 0.41575836770981833], [0.14216289663324985, 0.6199425891210294, 0.06613868475847609, 0.1717558294872449], [0.5448041920831778, 0.21913802112022174, 0.0813728340097202, 0.1546849527868802], [0.26857360328898733, 0.37404262810308997, 0.12099687612099294, 0.23638689248692982], [0.11230487444719865, 0.26547791579605107, 0.41963388919879707, 0.20258332055795328], [0.13560711442335802, 0.3304199528103508, 0.2426200583756189, 0.29135287439067226], [0.38467954705215696, 0.1126473411506578, 0.07266430799310095, 0.43000880380408446]]}, "rewritten": {"ids": ["97106000", "97106591", "97106820", "97107040", "97109570", "97113260", "97113900", "97116790", "98107340", "98108580", "98110680", "98110710", "98111620", "98111860", "98113881", "98116090", "98117740", "99107500", "99108000", "99108080", "99108580", "99109311", "99110050", "99111000", "99111340", "99111620", "99112300", "100109360", "100110260", "100113370", "100117420", "101108080", "101108621", "101108950", "101109000", "101109370", "101111310", "101112160", "101112690", "102109850", "102110240", "102110690", "102112030", "102112301", "102114270", "103111170", "103111480", "103111540", "103113170", "103113260", "103113640", "104111380", "104111880", "104113000", "104113190", "104114320", "104114410", "105113260", "105116441", "105118230", "106112770", "106113190", "106113260", "106114280", "106115250", "106116120", "106117650", "106119260", "106119580", "107113130", "107113170", "107113360", "107113550", "107114140", "107116980", "107118520", "107118820", "107120010", "107121700", "108113740", "108113760", "108114670", "108115870", "108117610", "108118301", "108119510", "109114720", "109115070", "109117080", "109117110", "109118701", "110113591", "110115890", "110118301", "110118810", "110118880", "110120560", "111114121", "111114941", "111115400", "111115620", "111119300", "111119340", "111120190", "111120320", "111120591", "111120640", "111121190", "111121351", "112116540", "112116610", "112116640", "112116900", "112117210", "112117461", "112117580", "112118421", "112118471", "112118530", "112118620", "112118860", "112119950", "112120700", "112121351", "113117401", "113118111", "113118511", "113118690", "113118810", "113119300", "113119700", "113119950", "113120531", "113120640", "113121010", "113121190", "113121750", "113122150", "113122180", "113122190", "113122220", "113122320"], "labels": [0, 1, 1, 2, 0, 1, 2, 2, 0, 0, 2, 2, 3, 0, 3, 0, 2, 0, 2, 3, 0, 1, 3, 2, 1, 3, 0, 0, 3, 3, 2, 0, 0, 2, 1, 1, 3, 3, 1, 1, 3, 0, 2, 1, 3, 2, 0, 1, 3, 3, 1, 3, 3, 1, 3, 2, 1, 3, 1, 1, 1, 0, 3, 3, 2, 1, 1, 1, 3, 1, 0, 0, 0, 2, 3, 2, 3, 1, 3, 3, 1, 3, 3, 3, 1, 1, 0, 0, 1, 1, 3, 0, 2, 1, 1, 0, 0, 0, 0, 0, 1, 1, 3, 3, 1, 1, 0, 1, 0, 1, 1, 0, 3, 1, 0, 0, 3, 1, 1, 3, 3, 0, 2, 0, 3, 1, 1, 3, 3, 1, 0, 0, 0, 0, 2, 1, 0, 2, 2, 1, 1, 1], "predicted_labels": [3, 1, 0, 1, 2, 1, 1, 3, 1, 1, 0, 1, 1, 3, 1, 1, 3, 1, 3, 1, 3, 1, 1, 2, 1, 1, 3, 3, 1, 3, 1, 1, 3, 1, 3, 1, 3, 1, 1, 1, 3, 1, 1, 1, 2, 1, 1, 1, 1, 1, 3, 1, 1, 1, 1, 1, 1, 2, 3, 1, 0, 0, 1, 0, 3, 2, 3, 2, 2, 3, 3, 0, 2, 1, 1, 1, 3, 2, 1, 1, 1, 1, 0, 1, 1, 1, 3, 1, 1, 1, 1, 1, 3, 3, 0, 3, 1, 1, 1, 3, 1, 1, 1, 3, 3, 1, 3, 1, 0, 3, 1, 1, 0, 1, 0, 1, 2, 3, 1, 3, 1, 2, 1, 0, 3, 1, 3, 2, 1, 0, 1, 3, 1, 0, 1, 1, 1, 3, 1, 1, 1, 1], "confidence_scores": [[0.16865457973336018, 0.2609624204681357, 0.256971296519962, 0.313411703278542], [0.19668104227661576, 0.4961584499008748, 0.08078656047689424, 0.22637394734561508], [0.2968687497506943, 0.2717646140517418, 0.15995574116752626, 0.2714108950300378], [0.14120526122225585, 0.3321950515247923, 0.2660199694391659, 0.26057971781378597], [0.2585249047809526, 0.13644368762962641, 0.4422218060447992, 0.16280960154462185], [0.15843081834904502, 0.42514634348293395, 0.13350894939981536, 0.2829138887682056], [0.20209561778228569, 0.42735014549480244, 0.16839297352960417, 0.20216126319330768], [0.1194182645901149, 0.1408464782105691, 0.2027190415382994, 0.5370162156610166], [0.1555327960042916, 0.45423391523917916, 0.16476159941208277, 0.22547168934444647], [0.1558581748227321, 0.322962182360083, 0.22707056929771766, 0.2941090735194672], [0.4056664661856304, 0.20665039336237084, 0.1614144072799858, 0.22626873317201285], [0.17405652651093467, 0.3584817057423671, 0.18122222093497486, 0.28623954681172353], [0.20854374220014524, 0.413509840417414, 0.10009395144403, 0.27785246593841073], [0.1951881433486066, 0.2600992440935394, 0.10070907335016319, 0.44400353920769103], [0.3122383767044685, 0.3824074480655565, 0.10511266212575181, 0.20024151310422336], [0.16978484606711902, 0.3591379064005574, 0.2152150651886232, 0.2558621823437003], [0.09882442607397096, 0.2827849770736967, 0.06461038091997351, 0.5537802159323589], [0.23263601587890623, 0.38095578757431076, 0.11841251593761876, 0.2679956806091643], [0.0756699740500732, 0.3629028280929646, 0.11663103588638696, 0.44479616197057525], [0.186342110358008, 0.3546888567149368, 0.17881557754504593, 0.28015345538200953], [0.21893888451298163, 0.2583334869445043, 0.19109689666990287, 0.33163073187261116], [0.129129044526964, 0.6247468686457622, 0.13163203208603147, 0.11449205474124233], [0.10662919281011017, 0.7200529432739794, 0.0728293711734685, 0.10048849274244205], [0.07455325515000749, 0.313122367401653, 0.4971327728945773, 0.1151916045537623], [0.14890903415110635, 0.41991501169034257, 0.25210909433998085, 0.17906685981857018], [0.08616331284407099, 0.6459205492954355, 0.1741892431917339, 0.09372689466875968], [0.2169383968936652, 0.19048259082181604, 0.13906012588541453, 0.4535188863991043], [0.21155145486040586, 0.1748934800237104, 0.20294986066016305, 0.4106052044557205], [0.12056823033668924, 0.7121690997293713, 0.07180109799080264, 0.09546157194313705], [0.23390311958233334, 0.2568541225079461, 0.18924730041390372, 0.3199954574958171], [0.2041106552814628, 0.5492316533902064, 0.06981092636876517, 0.17684676495956564], [0.22657057654688692, 0.4958192294209368, 0.15001301011389304, 0.12759718391828326], [0.22755467633384316, 0.23403105146908204, 0.07664575393662863, 0.4617685182604462], [0.19317084808423157, 0.3221138296621371, 0.17977061334073155, 0.3049447089128997], [0.26362722093604657, 0.182812825803263, 0.1834168519420338, 0.3701431013186566], [0.18667851019658846, 0.39089809870793557, 0.16162051370444241, 0.2608028773910338], [0.20615844818084683, 0.28546103192024197, 0.09659922089068841, 0.41178129900822286], [0.294496019128529, 0.31511773476893257, 0.17301269082576884, 0.21737355527676946], [0.2817789445935576, 0.33142811451294174, 0.1479739513212004, 0.2388189895723004], [0.14887497489403262, 0.32884682975070184, 0.32709188372206155, 0.19518631163320388], [0.13052520038420276, 0.26529824285623316, 0.19120023149015536, 0.41297632526940864], [0.21409391106914877, 0.44725836703215227, 0.12015249244498584, 0.21849522945371325], [0.08859411213245985, 0.6847761086476618, 0.08557424444683291, 0.14105553477304542], [0.18423126146836494, 0.3540628518884931, 0.1503264678069963, 0.3113794188361457], [0.18193748963118986, 0.2643616833042561, 0.2786639416858884, 0.2750368853786657], [0.13650753692820708, 0.5291972349359743, 0.14044552261289936, 0.19384970552291939], [0.20744522518169836, 0.35893526908964424, 0.13314199233362958, 0.300477513395028], [0.1793503768034157, 0.30449826833149485, 0.2743645769850469, 0.24178677788004274], [0.13270612816818184, 0.5799843119701474, 0.12003067040618502, 0.16727888945548558], [0.17266345950904635, 0.3290841987793196, 0.20518639840807842, 0.29306594330355556], [0.16130795864341, 0.25119378180525515, 0.10475843611007563, 0.4827398234412594], [0.26852370449795604, 0.28632415831956376, 0.24733667841870058, 0.1978154587637796], [0.10084851123875489, 0.644973604053606, 0.04612527616947238, 0.20805260853816668], [0.30595992510048187, 0.3286415288004813, 0.14642826231595238, 0.2189702837830845], [0.20174384291012956, 0.38902655064707165, 0.18455296149866462, 0.22467664494413422], [0.216086121549453, 0.38080748203322595, 0.09957677217634112, 0.30352962424097996], [0.08521368508544001, 0.6325211964219277, 0.11490176119236198, 0.1673633573002702], [0.23589194804678926, 0.1913936272305649, 0.39487667558483647, 0.17783774913780945], [0.21640092772641695, 0.1658238697247898, 0.06082196442922709, 0.5569532381195662], [0.15631392534161906, 0.4289790540188324, 0.21606353587419933, 0.19864348476534918], [0.3785405879155637, 0.18922712446994985, 0.28444039032697005, 0.1477918972875164], [0.41728858272769986, 0.2700620263164046, 0.1157487750810462, 0.1969006158748494], [0.2810090958442619, 0.3746414548686369, 0.1988990500491255, 0.14545039923797565], [0.2831263058235436, 0.19610775057895602, 0.2652536965689717, 0.2555122470285288], [0.14193326434390852, 0.23464321339360952, 0.13702700557880848, 0.4863965166836737], [0.10785633576812378, 0.2244343858157497, 0.5900641277194738, 0.07764515069665276], [0.26340196699761614, 0.24196164857136562, 0.18874306630817783, 0.30589331812284054], [0.24657154152757568, 0.18778812685238858, 0.3914580331235566, 0.17418229849647912], [0.14160410903845122, 0.24181126383463583, 0.3883140105154022, 0.22827061661151066], [0.2702100085807911, 0.23226874042885387, 0.22180435367012308, 0.2757168973202321], [0.2596751923870063, 0.1748851379651051, 0.18246561895528882, 0.3829740506925998], [0.37746122928515874, 0.32155831145181635, 0.06880407898036307, 0.23217638028266177], [0.0927777869705924, 0.13883237275011662, 0.5689712993439133, 0.19941854093537772], [0.20011584325823104, 0.35976278445948173, 0.26859107173350794, 0.1715303005487793], [0.19445458083487246, 0.31253389722055425, 0.27500353669894634, 0.21800798524562726], [0.1349066123617522, 0.6343915574513367, 0.08574865420103363, 0.14495317598587737], [0.12511365690498408, 0.16461724804423453, 0.14402336245884667, 0.5662457325919347], [0.17962891631105146, 0.15302337501794228, 0.39490989130841475, 0.27243781736259165], [0.1052147318813951, 0.6453584000083319, 0.07219669559593071, 0.17723017251434234], [0.14718083709650126, 0.4274796976394121, 0.13372505575747165, 0.29161440950661505], [0.1222094289480224, 0.35196614114195046, 0.34371960770046184, 0.1821048222095654], [0.3223340575660747, 0.3448392315963957, 0.136697823629076, 0.19612888720845345], [0.44296341146078344, 0.19495379200940607, 0.14981925040749577, 0.2122635461223147], [0.12762843104111063, 0.5201704548275599, 0.14642093217834196, 0.20578018195298764], [0.1601836980174927, 0.5480919357050686, 0.08926395799857498, 0.20246040827886366], [0.2527720043631351, 0.3246367881917637, 0.2079334066588255, 0.21465780078627564], [0.15392906943308257, 0.3340639438855581, 0.06290478600697587, 0.44910220067438367], [0.08769568275176638, 0.4420104883993021, 0.1217054021118074, 0.3485884267371239], [0.19261090010322077, 0.31952410900904926, 0.26536875011227823, 0.22249624077545188], [0.11381043226106621, 0.5802013767552245, 0.13227431191588598, 0.17371387906782323], [0.15286988095120294, 0.5192981492661178, 0.05690555908857706, 0.27092641069410234], [0.2779304457239143, 0.4441722384152706, 0.07759833704079362, 0.20029897882002143], [0.21854288053209725, 0.22107232147589564, 0.11053496753332394, 0.44984983045868315], [0.29054864431254396, 0.24448244674651246, 0.07894903955676112, 0.3860198693841824], [0.3430237549843771, 0.15900729599023358, 0.17361662111196702, 0.32435232791342233], [0.2567498812244822, 0.2264351702230872, 0.12988077020893787, 0.38693417834349275], [0.10228860754276249, 0.50453600899291, 0.08539695441729751, 0.3077784290470301], [0.27337039656592654, 0.34606401018774924, 0.09656048976221053, 0.28400510348411373], [0.28569565975739086, 0.4394316939105899, 0.10386877744651468, 0.17100386888550442], [0.19883901765191644, 0.2771797212591032, 0.2312705597548631, 0.2927107013341173], [0.18801581688445512, 0.5063795843908215, 0.1256856948907725, 0.17991890383395098], [0.2378416471450044, 0.3845855118717006, 0.09705166760700856, 0.28052117337628635], [0.0992506330620947, 0.4706137867639605, 0.1891527963028152, 0.24098278387112965], [0.14340962191027382, 0.2161877184023815, 0.17664690199714625, 0.4637557576901985], [0.19029923153496617, 0.2894912469539393, 0.20951543164251238, 0.3106940898685822], [0.17600668540502504, 0.40358989871513806, 0.14139233659479067, 0.2790110792850464], [0.19496198904563858, 0.32718752861008543, 0.13377212112033218, 0.3440783612239436], [0.2595202396040347, 0.37080280144835476, 0.10955804484180284, 0.26011891410580784], [0.3501014410829369, 0.2150292943107537, 0.08946214698273625, 0.34540711762357307], [0.19032102657107292, 0.25015703369045167, 0.23564492714304688, 0.32387701259542867], [0.17433719794072708, 0.4303494464537946, 0.15520610707580887, 0.2401072485296694], [0.17295337552966406, 0.47850329823121607, 0.10909057414219928, 0.23945275209692085], [0.31621850315945754, 0.2612449234634577, 0.18445539236699718, 0.23808118101008754], [0.142592447494353, 0.4480546198232577, 0.1219658191266898, 0.28738711355569946], [0.5067132986276418, 0.1684948301915896, 0.12591552241682064, 0.19887634876394794], [0.14149004281879346, 0.4638174687239444, 0.12296762596415309, 0.271724862493109], [0.17878776028776955, 0.17344358571644813, 0.3435040310145607, 0.3042646229812218], [0.1174555088634304, 0.23435798399622665, 0.24193163575452614, 0.40625487138581684], [0.10820738533236299, 0.47621245728325834, 0.22339009734668006, 0.19219006003769867], [0.27148169291171625, 0.27610305010208, 0.14648181469089136, 0.3059334422953122], [0.12459593638135305, 0.5042940709675424, 0.06613757544626331, 0.3049724172048412], [0.18661979194607525, 0.16841112552483528, 0.383737002251578, 0.26123208027751155], [0.2051979117676484, 0.33630891891077586, 0.19264589257070425, 0.26584727675087144], [0.36722136605211203, 0.15345961582913736, 0.11556236442129728, 0.3637566536974535], [0.19849430673631976, 0.29116790584751717, 0.17929458171670754, 0.33104320569945567], [0.16189267913286667, 0.5224092696797102, 0.10486292040690778, 0.21083513078051533], [0.16896977687415565, 0.17859259388103396, 0.25212458570502205, 0.40031304353978847], [0.16980888762658017, 0.18221281290923555, 0.3587945851382588, 0.2891837143259256], [0.2359435994127568, 0.3667020888699215, 0.11664537319160008, 0.28070893852572165], [0.3115315442348501, 0.2791177700177144, 0.17621909901227661, 0.23313158673515877], [0.1540705788461192, 0.3911641558100081, 0.0794420829034715, 0.37532318244040125], [0.2663790338664673, 0.21166232764985082, 0.16602935189949844, 0.35592928658418344], [0.2799627823702004, 0.31634776996116243, 0.09417899966920296, 0.3095104479994343], [0.3157723025508002, 0.30353725479133187, 0.1425141220554706, 0.23817632060239746], [0.24936223495995907, 0.42057640475558333, 0.1037647533318836, 0.226296606952574], [0.22719719224634732, 0.44173133719920155, 0.14419759182796407, 0.18687387872648714], [0.2961125019854904, 0.3726117303763626, 0.12824201291030746, 0.2030337547278398], [0.16252947488715597, 0.1125685179957936, 0.18769809273013172, 0.5372039143869185], [0.10449832143403316, 0.6542896004980586, 0.07475264244374025, 0.16645943562416807], [0.09035007282639959, 0.4339731859458145, 0.0631483417672656, 0.41252839946052033], [0.15481041249356348, 0.48543762616197617, 0.14676296272438435, 0.21298899862007611], [0.19927424144814643, 0.39238892433879374, 0.16227779823848343, 0.2460590359745762]]}}