{"test": {"ids": ["97109080", "104116800", "108114270", "111120320", "105120621", "112116501", "112119930", "102110240", "112118820", "106118301", "110120560", "112121351", "113121190", "112119120", "102108621", "104113190", "97118210", "100109330", "99108000", "100108990", "111118910", "111121410", "100109311", "113120260", "100109890", "97107920", "112118701", "105118230", "108113740", "107116300", "107121540", "103110050", "109116040", "103120531", "113122180", "99112840", "110114561", "113119120", "107120260", "98107010", "110113931", "102111990", "105115680", "101108460", "107114280", "99108520", "100120780", "111118301", "107118520", "102110050", "106118820", "113122320", "109117150", "98106111", "108114670", "100112060", "113120830", "104117200", "99107300", "112119450", "107112850", "107115250", "107113200", "106116441", "106114280", "113118870", "104111711", "113122160", "102110890", "99108460", "112116900", "107117630", "110118740", "103109791", "110117110", "101115190", "109116170", "100109801", "107113130", "106116640", "111121351", "111118820", "111120280", "106113830", "104113000", "97111790", "104113210", "98107210", "98116090", "97106600", "99107640", "109121410", "111117000", "99110730", "105115570", "100113370", "110118121", "104111550", "97114170", "112120270", "104111780", "106119990", "112120290", "101108500", "109116810", "112116880", "111115400", "113119930", "112120640", "110114950", "97107681", "105110091", "101111140", "110121720", "99113260", "112121030", "107114321", "101113210", "99111930", "106119260", "101111990", "108117360", "103118291", "102109010", "99108010", "102110750", "108119550", "101111620", "113119480", "105119550", "98106880", "98120010", "99111340", "112120990", "103113260", "112118620", "102116340", "109114270", "98108410", "100108520", "101108950", "111121220"], "labels": [2, 1, 3, 1, 1, 3, 1, 3, 0, 1, 0, 0, 1, 1, 3, 3, 2, 0, 2, 2, 0, 0, 1, 3, 3, 0, 0, 1, 3, 0, 2, 3, 0, 3, 2, 2, 0, 3, 1, 3, 1, 2, 2, 0, 3, 2, 1, 3, 2, 3, 3, 1, 2, 0, 3, 2, 3, 3, 3, 3, 1, 2, 0, 0, 3, 0, 1, 3, 0, 0, 3, 0, 3, 3, 0, 1, 0, 0, 1, 3, 0, 0, 0, 1, 1, 2, 3, 1, 0, 3, 1, 0, 0, 3, 0, 3, 3, 1, 2, 0, 3, 0, 1, 3, 3, 0, 0, 1, 0, 0, 3, 0, 2, 3, 0, 0, 0, 3, 1, 1, 2, 1, 0, 1, 2, 1, 1, 3, 3, 1, 0, 2, 1, 2, 3, 3, 3, 3, 1, 2, 2, 3], "predicted_labels": [1, 3, 1, 3, 3, 3, 1, 1, 3, 0, 3, 1, 1, 1, 0, 1, 3, 0, 1, 1, 1, 1, 0, 3, 0, 0, 3, 1, 3, 1, 1, 1, 3, 3, 3, 3, 3, 0, 1, 2, 1, 1, 2, 1, 1, 1, 3, 0, 0, 1, 3, 1, 1, 0, 1, 1, 1, 1, 1, 3, 1, 1, 3, 1, 1, 1, 1, 3, 3, 0, 1, 0, 0, 3, 1, 1, 1, 1, 1, 1, 1, 0, 3, 0, 3, 1, 0, 1, 1, 1, 1, 1, 3, 2, 3, 3, 1, 1, 1, 1, 0, 0, 0, 2, 1, 1, 1, 1, 3, 1, 0, 1, 0, 3, 3, 0, 0, 0, 1, 3, 1, 1, 3, 1, 1, 1, 3, 1, 3, 1, 1, 3, 1, 1, 1, 1, 1, 3, 1, 3, 1, 3], "confidence_scores": [[0.2175529054279054, 0.3238591269841271, 0.18733938283938284, 0.27124858474858476], [0.20286587024087033, 0.31852583037877147, 0.14972364155452386, 0.3288846578258344], [0.22348196248196242, 0.30428468753468757, 0.22138347763347777, 0.2508498723498724], [0.18444533244533245, 0.2772114413364415, 0.23827027833277842, 0.300072947885448], [0.2526024212715389, 0.2960945484254307, 0.1378731962481962, 0.31342983405483404], [0.27685064935064935, 0.26878126734376745, 0.17396167027417025, 0.28040641303141306], [0.1911268404797817, 0.31786863085315104, 0.2689133224876259, 0.22209120617944147], [0.19963077200577195, 0.3070466477966479, 0.23959992784992776, 0.25372265234765234], [0.22984477613889379, 0.28014538239538256, 0.18310015393103626, 0.3069096875346876], [0.3561729797979799, 0.23781989538239537, 0.1775667735042735, 0.22844035131535126], [0.2550078810078809, 0.23922853535353536, 0.21278447247197246, 0.2929791111666113], [0.20085881683675808, 0.31283224618518757, 0.20555557351145598, 0.2807533634665989], [0.22730790043290056, 0.3365775613275615, 0.1941230158730158, 0.24199152236652244], [0.19824263236763234, 0.38164898989898993, 0.17901706626706632, 0.24109131146631158], [0.3248639971139971, 0.2734141414141415, 0.15422734210234207, 0.24749451936951938], [0.20524175824175836, 0.3625044261294261, 0.20164721389721393, 0.2306066017316017], [0.2702575410700411, 0.23482518665974556, 0.21967947534491658, 0.2752377969252971], [0.41686691086691074, 0.24175135485429602, 0.1292924852924853, 0.2120892489863078], [0.2243417791358968, 0.3459197281476694, 0.20839991462785584, 0.22133857808857804], [0.20174841416753192, 0.2972201450510275, 0.2637974941724941, 0.23723394660894667], [0.253362012987013, 0.3079505772005772, 0.20450117243867247, 0.2341862373737374], [0.21363906926406925, 0.3095100915166705, 0.18237578649420755, 0.2944750527250528], [0.4480600649350649, 0.21290331890331884, 0.144392316017316, 0.19464430014430012], [0.22924781468531472, 0.25935292485292494, 0.20249702380952378, 0.3089022366522368], [0.2941979478854479, 0.26811507936507945, 0.18112826062826062, 0.2565587121212122], [0.3714127331002331, 0.27028234265734263, 0.14447372072372064, 0.21383120351870347], [0.2629718753468753, 0.2636095154845155, 0.14967988955488953, 0.3237387196137196], [0.18067947330447326, 0.3094059502588914, 0.2201025751209575, 0.2898120013156779], [0.2548653707403708, 0.20143204018204014, 0.2342504995004995, 0.3094520895770895], [0.2469606357694593, 0.28174650757738995, 0.1964626427494075, 0.27483021390374335], [0.21938293650793653, 0.2912238872238872, 0.2319141414141415, 0.2574790348540348], [0.17894461094461098, 0.3134246447996447, 0.20973190698190688, 0.29789883727383737], [0.22376908508158513, 0.28178878066378077, 0.19317748917748925, 0.3012646450771452], [0.2265403693528693, 0.3005611471861472, 0.14683874458874457, 0.3260597388722389], [0.22162415648077413, 0.2828333096641921, 0.20134623015873018, 0.29419630369630373], [0.21174093267843275, 0.23282696470196465, 0.2598823190698191, 0.2955497835497836], [0.2817197108447109, 0.25774055111555116, 0.16087819125319122, 0.2996615467865468], [0.30295575258075264, 0.28997698135198147, 0.15822619047619046, 0.2488410755910756], [0.21592027417027423, 0.33492243867243865, 0.1973854617604618, 0.2517718253968255], [0.25666585497835503, 0.23120797258297268, 0.26474918831168837, 0.24737698412698425], [0.2365833333333334, 0.29294852369852376, 0.19919523532023534, 0.27127290764790774], [0.2906365301365302, 0.29312850140056024, 0.1847442022846435, 0.23149076617826617], [0.14580393217893212, 0.30723292189836315, 0.308213311606694, 0.23874983431601077], [0.2899527625152626, 0.29883008658008664, 0.19533907065157066, 0.21587808025308025], [0.2536813186813187, 0.3151282120657122, 0.20576508907758911, 0.22542538017538016], [0.19100363525363537, 0.2811371753246753, 0.2556267690642691, 0.27223242035742046], [0.23141896991896987, 0.2647581327985741, 0.23145245726495728, 0.2723704400174989], [0.2789062326562328, 0.27373665223665217, 0.1693909285159285, 0.2779661865911867], [0.30999116161616164, 0.2263000700280112, 0.1789003219003219, 0.2848084464555054], [0.23900811688311685, 0.3500597041847043, 0.13529491341991337, 0.2756372655122654], [0.18862175324675326, 0.29638510101010107, 0.21569588744588747, 0.29929725829725823], [0.1933334165834167, 0.30233105783105774, 0.21865628815628818, 0.2856792374292374], [0.19457196969696974, 0.3163617771117771, 0.21385737873237873, 0.27520887445887454], [0.2931665626040626, 0.28411079198579214, 0.21442492229992227, 0.20829772311022318], [0.27568003524253537, 0.2968376276501277, 0.18887287018537013, 0.23860946692196702], [0.19226832889332893, 0.3282332251082253, 0.21403632478632484, 0.2654621212121213], [0.2547261904761906, 0.2806966991341992, 0.21195463564213565, 0.25262247474747485], [0.2403396464646465, 0.26805207292707284, 0.2396187423687425, 0.2519895382395383], [0.2585048146298146, 0.28265285613079727, 0.2065486082544906, 0.25229372098489755], [0.2880519758019759, 0.2577686341436342, 0.15852546065046064, 0.29565392940392954], [0.16364514652014653, 0.36786042429792454, 0.21825411394161398, 0.25024031524031537], [0.21090891053391048, 0.3187285353535355, 0.17797853535353536, 0.2923840187590187], [0.2291427322677323, 0.2814652292152291, 0.18242963980463978, 0.30696239871239883], [0.24418975468975468, 0.29449302086802087, 0.17980477855477855, 0.28151244588744595], [0.21567766955266954, 0.31153113063407184, 0.2042330765639589, 0.2685581232492998], [0.22832328782328787, 0.3005760489510489, 0.1966095571095571, 0.2744911061161063], [0.2518831307581308, 0.2941423715173716, 0.17957725607725605, 0.2743972416472418], [0.21673355402767178, 0.26284348035005944, 0.21497484429914773, 0.30544812132312144], [0.23860128066378078, 0.24351587301587307, 0.22897718253968258, 0.28890566378066385], [0.3364470251970253, 0.26993636918636915, 0.1607647352647353, 0.2328518703518703], [0.25807260794760806, 0.29570794483294494, 0.1714524870554282, 0.274766960164019], [0.2933057636807638, 0.24194449994449996, 0.20045454545454555, 0.26429519092019105], [0.30301935564435567, 0.23967063492063492, 0.1753876956376956, 0.2819223137973139], [0.21717023948273959, 0.2581374458874459, 0.19983827977577984, 0.32485403485403497], [0.23884343434343439, 0.33052065295815297, 0.19162533993783995, 0.23901057276057283], [0.19331984681984682, 0.30110857198357205, 0.2140207500832501, 0.2915508311133312], [0.25314493145743155, 0.28891966366966365, 0.19746636002886003, 0.260469044844045], [0.2608295821825234, 0.3017083472083474, 0.1684221889221889, 0.26903988168694065], [0.21536953610115372, 0.28595027195027195, 0.2310643592518593, 0.26761583269671513], [0.2268689227439228, 0.29689765789765793, 0.21625811688311683, 0.25997530247530254], [0.2340122655122655, 0.29247294372294386, 0.21152061827061822, 0.2619941724941725], [0.27063852813852823, 0.24155880230880236, 0.22747366522366513, 0.2603290043290044], [0.2802176712176713, 0.2507053640803641, 0.16365830003330006, 0.30541866466866474], [0.3777094710844711, 0.23672915972915973, 0.17111385836385837, 0.21444751082251087], [0.21628246753246752, 0.2609504523254524, 0.2323456543456544, 0.2904214257964259], [0.25166744366744376, 0.2808948412698413, 0.22239430014430017, 0.24504341491841497], [0.28176367382617384, 0.24806521256521255, 0.21983133533133536, 0.2503397782772782], [0.21386033411033406, 0.3076081002331003, 0.19176358363858373, 0.2867679820179821], [0.2208175574425575, 0.2768162115662116, 0.23430140692640694, 0.26806482406482407], [0.26322499722499726, 0.32028858641358654, 0.16241690254190264, 0.2540695138195138], [0.20828762903762915, 0.3834426406926408, 0.2110552294927296, 0.19721450077700073], [0.18573666611166612, 0.3623837273837273, 0.16966779054279046, 0.282211815961816], [0.19576724174518298, 0.2506013613579403, 0.2677299878484089, 0.28590140904846784], [0.18451623376623377, 0.2662597402597403, 0.3047321428571429, 0.24449188311688314], [0.2016795634920635, 0.27332876845376836, 0.24335602591852593, 0.28163564213564224], [0.21758456412868182, 0.28480566165860294, 0.19528607503607504, 0.3023236991766405], [0.189155303030303, 0.35708549783549787, 0.15360864135864136, 0.3001505577755579], [0.19178517316017316, 0.29976424963924975, 0.21322258297258298, 0.2952279942279943], [0.19874278499278508, 0.3067460317460317, 0.20788095238095244, 0.28663023088023093], [0.22711441336441346, 0.30703733766233776, 0.16414953102453095, 0.301698717948718], [0.31685714285714295, 0.27516486291486286, 0.19734950466200465, 0.2106284895659897], [0.2712610930735931, 0.27032774170274176, 0.21099073842823843, 0.2474204267954268], [0.29855584978746746, 0.2570944610944612, 0.18520479234817472, 0.2591448967698968], [0.20808404095904096, 0.2700763125763126, 0.2848004218004219, 0.23703922466422467], [0.28584403096903094, 0.2895162337662338, 0.1568312382062382, 0.267808497058497], [0.1789191870221282, 0.34147041847041865, 0.24915301365301368, 0.2304573808544399], [0.1866254986843223, 0.3138555513114337, 0.21222816888993357, 0.28729078111431056], [0.2562646103896104, 0.3015049256299257, 0.1697246364746365, 0.2725058275058276], [0.29408863358863363, 0.23488557276057279, 0.15808279220779223, 0.3129430014430016], [0.2574459458025636, 0.2651940742006531, 0.23585300372142481, 0.24150697627535864], [0.3410905622155622, 0.23802871638165754, 0.1438365800865801, 0.27704414131620025], [0.2379099372849372, 0.3294556970806971, 0.14151966089466092, 0.29111470473970474], [0.28134326784326785, 0.26407412032412036, 0.18309673659673664, 0.2714858752358752], [0.22760065628815623, 0.25267783605283606, 0.17049287518037518, 0.34922863247863256], [0.22669961982461978, 0.24735497835497838, 0.2063577394827395, 0.31958766233766234], [0.29160979298479295, 0.25135275835275844, 0.17272696747696745, 0.2843104811854812], [0.33664799783549787, 0.27912543012543023, 0.16938623876123873, 0.21484033327783333], [0.31223291985791995, 0.24534956709956712, 0.2385916999667, 0.20382581307581304], [0.20216966366966369, 0.2916548729048729, 0.22117474192474196, 0.28500072150072153], [0.23921987734487737, 0.2803068181818182, 0.1901608946608947, 0.2903124098124099], [0.2154426406926407, 0.2986863180678971, 0.22552472089314196, 0.2603463203463204], [0.23108501221001235, 0.29923304473304485, 0.2138578088578089, 0.2558241341991343], [0.22049110611610614, 0.29307478632478645, 0.18536814574314575, 0.30106596181596185], [0.2160852480852481, 0.2937490634365635, 0.20628443084693088, 0.28388125763125766], [0.22326190476190486, 0.3575042596292596, 0.18470607864357863, 0.234527756965257], [0.1878532856032856, 0.3561830065359478, 0.22548163356251597, 0.2304820742982508], [0.21670899933399926, 0.24342725330225334, 0.212825271950272, 0.32703847541347547], [0.23958412420912434, 0.3218769147519147, 0.19764009601509605, 0.2408988650238651], [0.2560342019092019, 0.24651763514263514, 0.16561369186369185, 0.33183447108447106], [0.2365144716394717, 0.2953348734598735, 0.1870104895104896, 0.28114016539016545], [0.23999279886779892, 0.3229613303363304, 0.20418488455988457, 0.23286098623598622], [0.2512603368853369, 0.2595391969141969, 0.18443813131313128, 0.30476233488733495], [0.2188897907647907, 0.3157073571852984, 0.22512941919191928, 0.24027343285799174], [0.1850376082251082, 0.33915710678210687, 0.21762081668331676, 0.2581844683094683], [0.22221253746253747, 0.30502904040404055, 0.1808222263847264, 0.29193619574869584], [0.22064090076590084, 0.3180853590853592, 0.18353986291486282, 0.2777338772338772], [0.2204029581529582, 0.3192875041625042, 0.22289844877344878, 0.2374110889110889], [0.2849496406371406, 0.20816973304473302, 0.19319442363192377, 0.3136862026862028], [0.17143549506049502, 0.3490488122988124, 0.19866991341991344, 0.28084577922077925], [0.22533261183261183, 0.24493560606060608, 0.25010669191919194, 0.2796250901875903], [0.1879545454545455, 0.3084172771672772, 0.24540632978132976, 0.2582218475968477], [0.22391822760572758, 0.26258319458319457, 0.17378910672660675, 0.33970947108447114]]}, "rewritten": {"ids": ["97106600", "97107681", "97107920", "97109080", "97111790", "97114170", "97118210", "98106111", "98106880", "98107010", "98107210", "98108410", "98116090", "98120010", "99107300", "99107640", "99108000", "99108010", "99108460", "99108520", "99110730", "99111340", "99111930", "99112840", "99113260", "100108520", "100108990", "100109311", "100109330", "100109801", "100109890", "100112060", "100113370", "100120780", "101108460", "101108500", "101108950", "101111140", "101111620", "101111990", "101113210", "101115190", "102108621", "102109010", "102110050", "102110240", "102110750", "102110890", "102111990", "102116340", "103109791", "103110050", "103113260", "103118291", "103120531", "104111550", "104111711", "104111780", "104113000", "104113190", "104113210", "104116800", "104117200", "105110091", "105115570", "105115680", "105118230", "105119550", "105120621", "106113830", "106114280", "106116441", "106116640", "106118301", "106118820", "106119260", "106119990", "107112850", "107113130", "107113200", "107114280", "107114321", "107115250", "107116300", "107117630", "107118520", "107120260", "107121540", "108113740", "108114270", "108114670", "108117360", "108119550", "109114270", "109116040", "109116170", "109116810", "109117150", "109121410", "110113931", "110114561", "110114950", "110117110", "110118121", "110118740", "110120560", "110121720", "111115400", "111117000", "111118301", "111118820", "111118910", "111120280", "111120320", "111121220", "111121351", "111121410", "112116501", "112116880", "112116900", "112118620", "112118701", "112118820", "112119120", "112119450", "112119930", "112120270", "112120290", "112120640", "112120990", "112121030", "112121351", "113118870", "113119120", "113119480", "113119930", "113120260", "113120830", "113121190", "113122160", "113122180", "113122320"], "labels": [3, 3, 0, 2, 2, 2, 2, 0, 0, 3, 1, 1, 0, 2, 3, 1, 2, 2, 0, 2, 3, 1, 1, 2, 0, 2, 2, 1, 0, 0, 3, 2, 3, 1, 0, 3, 2, 2, 3, 2, 3, 1, 3, 1, 3, 3, 1, 0, 2, 3, 3, 3, 3, 0, 3, 1, 1, 3, 1, 3, 3, 1, 3, 0, 0, 2, 1, 1, 1, 1, 3, 0, 3, 1, 3, 1, 0, 1, 1, 0, 3, 0, 2, 0, 0, 2, 1, 2, 3, 3, 3, 1, 1, 3, 0, 0, 3, 2, 0, 1, 0, 0, 0, 3, 3, 0, 3, 0, 0, 3, 0, 0, 0, 1, 3, 0, 0, 3, 0, 3, 3, 0, 0, 1, 3, 1, 0, 1, 0, 2, 0, 0, 0, 3, 3, 1, 3, 3, 1, 3, 2, 1], "predicted_labels": [0, 0, 0, 3, 0, 0, 0, 0, 0, 0, 1, 1, 0, 3, 0, 1, 1, 0, 0, 0, 1, 1, 1, 1, 3, 1, 1, 0, 3, 0, 3, 1, 3, 0, 1, 1, 1, 3, 0, 1, 0, 1, 0, 3, 1, 1, 1, 0, 0, 0, 0, 1, 1, 0, 0, 1, 1, 3, 1, 0, 0, 0, 0, 0, 1, 1, 1, 1, 0, 0, 0, 0, 3, 0, 1, 0, 0, 1, 1, 3, 1, 0, 1, 1, 3, 1, 1, 3, 0, 3, 0, 3, 1, 0, 0, 0, 1, 1, 1, 0, 0, 3, 1, 1, 0, 3, 1, 1, 1, 0, 0, 3, 3, 1, 1, 1, 0, 0, 1, 1, 3, 0, 3, 1, 0, 1, 1, 3, 0, 1, 0, 1, 0, 0, 3, 1, 0, 1, 3, 1, 3, 1], "confidence_scores": [[0.33231888944388954, 0.27168209568209556, 0.14999188311688313, 0.2460071317571318], [0.3548849206349207, 0.27255375180375185, 0.1433596681096681, 0.2292016594516594], [0.42923109529359527, 0.24614471639471638, 0.14216583416583414, 0.18245835414585418], [0.2492861305361305, 0.26509348984348985, 0.20138328338328343, 0.2842370962370962], [0.32434985847485864, 0.2542438484717897, 0.1880364912864912, 0.2333698017668607], [0.2954811854811855, 0.2761927300640535, 0.18735088604206254, 0.24097519841269852], [0.3126245698745699, 0.2653707868928458, 0.1808058420337832, 0.2411988011988012], [0.34349422799422796, 0.22802191558441565, 0.19993147130647135, 0.22855238511488515], [0.28656410256410253, 0.2507000409720998, 0.20415930801224913, 0.25857654845154854], [0.3472305194805196, 0.24107431457431452, 0.22597005772005765, 0.1857251082251082], [0.22330243367743363, 0.29309704184704194, 0.19288005050505044, 0.2907204739704741], [0.2516819361194361, 0.3092111409831998, 0.22277954194498306, 0.21632738095238102], [0.308965478965479, 0.24929935342435341, 0.22867600455100454, 0.21305916305916306], [0.2368214285714286, 0.24844336219336216, 0.2274756493506494, 0.2872595598845599], [0.3087878787878788, 0.26054063991563986, 0.14752512765012762, 0.2831463536463537], [0.2567660256410257, 0.3470047681077093, 0.18174897324897327, 0.21448023300229177], [0.2645348817848818, 0.29268921356421357, 0.2349845432345432, 0.20779136141636137], [0.29422533022533015, 0.28690473415473416, 0.22557437007437003, 0.1932955655455656], [0.29670003607503614, 0.25033189033189035, 0.1981534992784993, 0.2548145743145744], [0.2878313422688423, 0.23164194139194144, 0.22274974331224334, 0.25777697302697294], [0.17768903318903323, 0.3012468275188863, 0.289823643676585, 0.23124049561549564], [0.283260101010101, 0.2881482843137256, 0.16550550144300138, 0.2630861132331721], [0.26159601509601504, 0.29536480676186555, 0.21695746818540937, 0.22608170995670998], [0.2760311147186148, 0.287106351981352, 0.20546442446442445, 0.2313981088356089], [0.2652286394161395, 0.2330305805305806, 0.21745753552003547, 0.2842832445332445], [0.2515898268398267, 0.2735523088023088, 0.21914799783549782, 0.2557098665223666], [0.24882774170274174, 0.2731822066822068, 0.22046930846930846, 0.25752074314574314], [0.4149208152958152, 0.23616269841269838, 0.13813510101010099, 0.21078138528138526], [0.29982945526695526, 0.253537518037518, 0.1437128427128427, 0.30292018398268405], [0.3455042041292042, 0.24484693084693088, 0.19237662337662337, 0.21727224164724174], [0.2744325396825398, 0.256673321776263, 0.168724848680731, 0.3001692898604663], [0.2511747835497835, 0.2850997335997336, 0.21398112998113006, 0.2497443528693529], [0.21437229437229438, 0.26873147685647686, 0.24664238539238548, 0.27025384337884334], [0.29023379398379406, 0.2767860195360196, 0.22050869963369965, 0.21247148684648678], [0.2713378357753358, 0.29350263625263634, 0.1870286449661449, 0.248130883005883], [0.2583245851370852, 0.2850714285714286, 0.23826596320346322, 0.21833802308802305], [0.21683549783549783, 0.2822563131313132, 0.24797936785436797, 0.25292882117882126], [0.2808273621803034, 0.23440602453102455, 0.17044769119769118, 0.3143189220909809], [0.3147058080808082, 0.2932894882894883, 0.17573551448551444, 0.2162691891441892], [0.25035095460095463, 0.28291185203685204, 0.23051322288822296, 0.2362239704739705], [0.2784967532467532, 0.2698949661449661, 0.21866347541347556, 0.23294480519480534], [0.2219548507048508, 0.337167193917194, 0.17332644438894446, 0.267551510989011], [0.3488848928848929, 0.24885765623265635, 0.16187128149628147, 0.24038616938616936], [0.210473914973915, 0.2584623223998224, 0.24383438089688103, 0.2872293817293817], [0.26529329004329005, 0.323656870906871, 0.16091236541236545, 0.2501374736374737], [0.29296142052392066, 0.3220085400710401, 0.1793622488622488, 0.20566779054279055], [0.16539321789321787, 0.3852916666666666, 0.24056282606282614, 0.20875228937728937], [0.33771013708513714, 0.24878406315906326, 0.20025667388167384, 0.21324912587412592], [0.3365021922521923, 0.18198851148851147, 0.21967590048840055, 0.2618333957708958], [0.2914304306804307, 0.2752368742368743, 0.21858183483183488, 0.21475086025086024], [0.29483749583749574, 0.2893536463536464, 0.19390512265512272, 0.22190373515373507], [0.2549670607170609, 0.3185055916305916, 0.1966703296703297, 0.22985701798201805], [0.2739926601176601, 0.3080906593406593, 0.18507613220113217, 0.2328405483405483], [0.34872673160173173, 0.23327294927294928, 0.1755859418359419, 0.2424143772893774], [0.3513445165945167, 0.2578193195693196, 0.13987247474747477, 0.25096368908868916], [0.2805943362193362, 0.293507215007215, 0.24005959318459325, 0.1858388555888556], [0.2530073953823954, 0.30276280663780664, 0.1597513736263736, 0.28447842435342435], [0.24369221056721055, 0.26368886668886676, 0.2077945526695527, 0.28482437007437017], [0.26255880230880246, 0.2916957070707072, 0.240200036075036, 0.20554545454545448], [0.3325362207237208, 0.25305615218115224, 0.18899222305472307, 0.22541540404040414], [0.3213869325119326, 0.24581486568986569, 0.206361138861139, 0.2264370629370631], [0.3341309523809525, 0.27028138528138546, 0.1744047619047619, 0.22118290043290031], [0.26165947247197247, 0.24921729659229655, 0.2302176573426574, 0.2589055735930736], [0.3460924492174492, 0.29445958208458206, 0.1523825063825063, 0.2070654623154623], [0.2679044011544012, 0.2681059912309912, 0.21433959096459096, 0.24965001665001665], [0.22682034632034637, 0.27156565656565657, 0.23377831890331882, 0.2678356782106783], [0.17739159451659442, 0.32559848484848497, 0.2216874098124099, 0.2753225108225109], [0.23956209068709083, 0.3282177128427128, 0.20764106726606726, 0.2245791292041292], [0.31843607781107797, 0.22754677267177256, 0.1703587662337662, 0.2836583832833834], [0.3389639110889111, 0.2557607392607393, 0.1665886474636475, 0.23868670218670218], [0.2964729714729716, 0.27039528527028533, 0.20162912087912077, 0.23150262237762237], [0.3077357156732157, 0.2626722631943222, 0.17227526844070964, 0.25731675269175264], [0.23700066600066602, 0.28637679477385347, 0.1832145583174995, 0.2934079809079809], [0.3068839285714286, 0.23499062049062047, 0.193216033966034, 0.26490941697191694], [0.22812481962481979, 0.30301591056002836, 0.23246671792260032, 0.23639255189255198], [0.31362752525252535, 0.2324727633477634, 0.16222474747474747, 0.291674963924964], [0.3494730685980686, 0.23968836718836722, 0.17019264069264065, 0.2406459235209235], [0.2646196581196581, 0.2935595238095237, 0.19423544511044516, 0.247585372960373], [0.2401303210678211, 0.33699603174603177, 0.21715845959595975, 0.20571518759018756], [0.2687025849967027, 0.2643207389016214, 0.191226121101121, 0.27575055500055506], [0.25748652736152733, 0.2827675102675103, 0.22516942779442778, 0.2345765345765345], [0.37940420690420695, 0.24554907592407596, 0.14827092352092353, 0.22677579365079364], [0.2584470945720946, 0.2880595238095239, 0.23054532967032973, 0.2229480519480519], [0.20842796011178366, 0.3011762445071269, 0.19721848413024887, 0.2931773112508408], [0.2946607975357976, 0.2324340034965035, 0.17246185064935066, 0.30044334831834846], [0.27760966810966814, 0.2816992721330957, 0.2066754573041338, 0.23401560245310246], [0.2521664862914863, 0.29850396825396824, 0.18559554334554335, 0.26373400210900205], [0.292713474025974, 0.24897104774310666, 0.14714034780578897, 0.31117513042513045], [0.2864945332445333, 0.20081381526969755, 0.23116410958322736, 0.281527541902542], [0.22849512987012993, 0.2785321622821624, 0.20660010822510827, 0.2863725996225997], [0.2891648906648906, 0.2524818882098295, 0.21256793206793215, 0.24578528905734792], [0.2600143190143191, 0.24709763847263852, 0.20233658008658006, 0.29055146242646246], [0.23673232323232327, 0.3001842373312963, 0.17942674890469015, 0.2836566905316906], [0.27557509157509164, 0.2616052330022919, 0.21663087810881942, 0.24618879731379736], [0.29685735098235105, 0.2570227550227549, 0.20006156343656342, 0.24605833055833068], [0.3075753482628484, 0.27374211899211903, 0.17095750083250086, 0.2477250319125319], [0.22310377122877123, 0.3271293706293706, 0.18960012210012228, 0.2601667360417361], [0.24485149572649578, 0.2831252775002776, 0.2676853701853702, 0.20433785658785655], [0.2749325674325675, 0.3061077860048448, 0.190182645785587, 0.22877700077700092], [0.27365674603174617, 0.2692186147186148, 0.20549819624819626, 0.25162644300144305], [0.3709689199689201, 0.23499392192774546, 0.19202464284081927, 0.2020125152625153], [0.20958290320790315, 0.26477584915084934, 0.22610979298479297, 0.29953145465645475], [0.23314453601953608, 0.3044114357864359, 0.2246710372960373, 0.23777299089799103], [0.28111321317571314, 0.28985560885193246, 0.19546679790797442, 0.23356438006438007], [0.2637245670995671, 0.24528640803640797, 0.2292316017316017, 0.26175742313242323], [0.24757106782106775, 0.23875144300144302, 0.2297751970251971, 0.2839022921522922], [0.289605339105339, 0.312021214896215, 0.169283189033189, 0.22909025696525695], [0.1949203566041801, 0.3208881804470041, 0.23372360401036882, 0.2504678589384472], [0.2225909784659785, 0.341465367965368, 0.19288461538461546, 0.2430590381840382], [0.34830790043290044, 0.2123259379509381, 0.16987121212121217, 0.26949494949494945], [0.31555531274281273, 0.2110509213009214, 0.21162418831168836, 0.2617695776445777], [0.2725189047064048, 0.22875301087801095, 0.18549891774891772, 0.31322916666666684], [0.25497107059607066, 0.24862916250416248, 0.16623026973026975, 0.33016949716949723], [0.24250338550338554, 0.30892383107088983, 0.23105072215366335, 0.2175220612720613], [0.2557818015318016, 0.3027981601731602, 0.1607209040959041, 0.28069913419913417], [0.28442846042846043, 0.29140079365079363, 0.17031528194028187, 0.25385546398046405], [0.2963313492063492, 0.2637135364635365, 0.20475950438450444, 0.23519560994560987], [0.33167388167388184, 0.22764330808080818, 0.14189276695526698, 0.29879004329004333], [0.21846554834054832, 0.30718351093351104, 0.216755883005883, 0.25759505772005786], [0.3001066017316017, 0.32146067821067814, 0.20478986291486298, 0.1736428571428571], [0.27735107947607945, 0.28163557276057294, 0.14648412698412694, 0.2945292207792208], [0.3457306582306584, 0.21956168831168846, 0.1694291264291264, 0.2652785270285271], [0.2209433670904259, 0.285919191919192, 0.20519010564598805, 0.2879473353443942], [0.2775615634365635, 0.2949784847505435, 0.1974313831593244, 0.23002856865356874], [0.3006196442446443, 0.2510415417915418, 0.17460554723054716, 0.2737332667332668], [0.2379686147186148, 0.3031771978021979, 0.24027572427572438, 0.21857846320346333], [0.2728575036075037, 0.27938480963480966, 0.1907284937284938, 0.25702919302919297], [0.296910200910201, 0.17463750138750136, 0.20899062049062064, 0.31946167721167723], [0.3054450757575758, 0.22061165427709548, 0.18967762792762802, 0.28426564203770094], [0.23571380702630695, 0.32356846421552304, 0.19353518907563022, 0.24718253968253967], [0.350729797979798, 0.2355458152958153, 0.16329617604617602, 0.2504282106782107], [0.28545424020424026, 0.3011887140637141, 0.1534435564435564, 0.25991348928848934], [0.2786655219780221, 0.2471832264957265, 0.2205642135642136, 0.253587037962038], [0.3073811327561328, 0.24689242701742703, 0.18308327783327782, 0.2626431623931625], [0.2768181818181818, 0.25383459595959595, 0.1877689393939394, 0.28157828282828296], [0.24692857142857147, 0.3212417582417582, 0.1697996031746032, 0.26203006715506727], [0.28836351148851147, 0.2735516060736648, 0.22191531589325714, 0.21616956654456662], [0.25521897546897554, 0.2866867576867577, 0.21784805472305485, 0.2402462121212122], [0.22723917748917746, 0.275667970917971, 0.21430133755133757, 0.28279151404151404], [0.23914058164058166, 0.3171549928829341, 0.2405937812187813, 0.2031106442577032], [0.2597858391608392, 0.2234438894438895, 0.19635533910533912, 0.32041493228993234], [0.2058538267288268, 0.33229383116883127, 0.19554498279498278, 0.2663073593073593]]}}