{"test": {"ids": ["108115880", "107115250", "104119340", "106118161", "109115380", "108114200", "99121440", "99108010", "101115190", "111121410", "108114180", "113120640", "107119130", "113121010", "97107260", "97109570", "105112100", "112116540", "99119830", "111119610", "112117210", "112118860", "108113700", "102116500", "104111780", "97109080", "113121220", "112117571", "112117790", "105110091", "110120531", "112121030", "100112060", "111120640", "103113101", "100108580", "98109090", "101112540", "105116090", "113121950", "111118910", "110118121", "112119610", "105118230", "100111380", "97106820", "107113360", "98108410", "104111531", "99109141", "101108500", "97118210", "100116790", "113118421", "106118520", "109121351", "100108490", "113122650", "108121410", "113119950", "104111550", "110115890", "102109850", "111121930", "97110950", "99114890", "106118301", "98106111", "99109311", "107112850", "111116990", "110116300", "98106560", "109116930", "110118301", "112121410", "103120290", "109116040", "105116441", "103113610", "98120010", "113120280", "103111170", "108115500", "112116290", "103113260", "108114270", "113118511", "97107821", "111121351", "102114270", "107121230", "108120260", "110120540", "99107630", "113118820", "100109801", "109118161", "110114561", "105118171", "113118870", "113120780", "112119500", "109119460", "112118471", "108120621", "104111880", "109116170", "113120751", "112120670", "103109021", "108118060", "113117630", "103111110", "112118421", "106120290", "105113260", "112116401", "111114121", "100113370", "106116441", "108113760", "101111310", "107121540", "100108520", "97107920", "112118511", "112118530", "106112770", "109117630", "100110260", "98116090", "97107950", "113122160", "107113130", "113118630", "110117200", "100109000", "104113000", "110114610", "106113170", "97112830"], "labels": [3, 2, 1, 3, 3, 0, 2, 2, 1, 0, 1, 0, 1, 2, 2, 0, 1, 1, 1, 2, 1, 3, 0, 1, 3, 2, 3, 3, 3, 0, 0, 0, 2, 0, 3, 0, 1, 2, 1, 3, 0, 3, 0, 1, 3, 1, 0, 1, 0, 3, 3, 2, 2, 3, 2, 0, 2, 2, 0, 0, 1, 2, 1, 1, 3, 2, 1, 0, 1, 1, 0, 3, 1, 0, 1, 0, 2, 0, 1, 2, 2, 0, 2, 3, 0, 3, 3, 1, 2, 0, 3, 0, 1, 1, 2, 0, 0, 0, 0, 3, 0, 0, 2, 1, 1, 1, 3, 0, 1, 2, 0, 1, 0, 3, 3, 2, 3, 0, 0, 3, 0, 1, 3, 2, 2, 0, 1, 1, 1, 0, 3, 0, 2, 3, 1, 3, 3, 1, 1, 1, 0, 2], "predicted_labels": [1, 1, 3, 1, 3, 3, 1, 1, 1, 1, 3, 3, 3, 1, 3, 3, 3, 1, 1, 1, 1, 1, 1, 1, 3, 1, 3, 3, 3, 1, 3, 3, 1, 1, 1, 3, 3, 3, 3, 1, 1, 3, 3, 3, 1, 1, 3, 1, 3, 1, 1, 3, 1, 3, 1, 1, 0, 1, 1, 1, 1, 1, 1, 3, 3, 1, 3, 1, 1, 3, 3, 1, 1, 3, 1, 1, 3, 3, 1, 1, 1, 3, 1, 3, 1, 1, 3, 1, 3, 3, 1, 3, 1, 1, 3, 3, 1, 1, 3, 3, 3, 1, 1, 0, 3, 3, 3, 3, 3, 3, 3, 3, 3, 1, 3, 1, 1, 3, 1, 3, 3, 3, 1, 1, 3, 0, 3, 1, 3, 1, 3, 1, 3, 1, 1, 3, 1, 3, 3, 1, 1, 3], "confidence_scores": [[0.229613825063825, 0.30914408369408375, 0.19496523117405481, 0.2662768600680367], [0.2191713342213342, 0.3029800033300034, 0.1893891053391054, 0.288459557109557], [0.21184048174048184, 0.2829282328782328, 0.1603062271062272, 0.34492505827505826], [0.22316541236541246, 0.3446761516261515, 0.1733043734043735, 0.2588540626040627], [0.17743543123543143, 0.28029365079365093, 0.20992678987679, 0.33234412809412806], [0.25751768786768797, 0.26888780663780676, 0.1956277944277944, 0.27796671106671106], [0.22118764013764022, 0.31894710289710293, 0.21739038739038746, 0.24247486957486963], [0.22496669049904344, 0.30503972073677965, 0.19075580824404356, 0.2792377805201334], [0.18084175269175282, 0.3332069264069264, 0.2062894022644022, 0.2796619186369187], [0.25665310800310803, 0.30786554279054285, 0.1558406482406483, 0.27964070096570104], [0.20846283324518622, 0.2086745649775062, 0.16446583579818888, 0.41839676597911873], [0.2195136807636808, 0.2664682317682318, 0.19197599067599078, 0.32204209679209683], [0.2408335458658989, 0.2728117986588575, 0.176887598675834, 0.30946705679940983], [0.21401999666999677, 0.3463418803418805, 0.17339086746586757, 0.2662472555222554], [0.24277166722166718, 0.26164854589854597, 0.21676683316683315, 0.2788129537129537], [0.24281417079652387, 0.22219618379556466, 0.1886063861834761, 0.34638325922443575], [0.23762020202020215, 0.2780828739887565, 0.18793290467702245, 0.29636401931401934], [0.21283262293262298, 0.3152614496614496, 0.1632125208125209, 0.30869340659340655], [0.21060245897892962, 0.3041109073932604, 0.20411576005693668, 0.2811708735708736], [0.2239662115662117, 0.3062414585414586, 0.21883766233766241, 0.25095466755466767], [0.18650418470418476, 0.3411911421911421, 0.23853796758796758, 0.2337667055167056], [0.2107565656565657, 0.30149823509823515, 0.20624688089688104, 0.2814983183483184], [0.3070639804639806, 0.31234013209013217, 0.17645492840492844, 0.20414095904095914], [0.23648167388167396, 0.3031303751803754, 0.21488839771339788, 0.24549955322455339], [0.2418644244644245, 0.2732486652236651, 0.18071590631590634, 0.30417100399600405], [0.21021851481851492, 0.31871962481962474, 0.1771580863580864, 0.293903774003774], [0.22047930957930967, 0.24751240426240442, 0.18314179709179718, 0.348866489066489], [0.23591433011433013, 0.24768369963369974, 0.17289935064935075, 0.34350261960261946], [0.284290564990565, 0.2596643578643578, 0.1669123487623488, 0.28913272838272847], [0.21717158952158966, 0.2875446608946609, 0.21964496059496066, 0.275638788988789], [0.22455182595182605, 0.28121518759018743, 0.17013566988566997, 0.3240973165723167], [0.2374189033189035, 0.2840090742590742, 0.17336065601065606, 0.30521136641136637], [0.2399905760905761, 0.2821846787199727, 0.20680078614196273, 0.2710239590474885], [0.23413160173160186, 0.30740620490620507, 0.16411916416916422, 0.2943430291930292], [0.21237980907980905, 0.30838015113541434, 0.21425446424920117, 0.26498557553557567], [0.2629253413253414, 0.2474482184482185, 0.21997002442002458, 0.26965641580641575], [0.2385238261738264, 0.27239508400096635, 0.21019610259022029, 0.2788849872349871], [0.2345560217560218, 0.24992888222888224, 0.19458759573759588, 0.32092750027750033], [0.22810473415473423, 0.2848497113997115, 0.15977317682317693, 0.32727237762237765], [0.18840998315410082, 0.31395174515027474, 0.23575311355311365, 0.26188515814251107], [0.21686800421800426, 0.31955096015096013, 0.15371883116883123, 0.30986220446220436], [0.24969280719280734, 0.29071345598845605, 0.14719699744699746, 0.3123967393717393], [0.17031711066711072, 0.2964028527028528, 0.2268956959706961, 0.30638434065934067], [0.22863820460585174, 0.2308066378066378, 0.18338477633477643, 0.357170381252734], [0.23752429841400438, 0.3406615670277434, 0.17274306771659717, 0.24907106684165511], [0.2375389638139639, 0.28534146964146967, 0.19599228549228556, 0.28112728105228113], [0.2711236299648066, 0.25562256142550266, 0.17794834054834063, 0.2953054680613505], [0.2029568542568543, 0.3347722000222001, 0.1702229936729937, 0.29204795204795203], [0.2414448773448775, 0.27613744588744593, 0.16014851259851265, 0.3222691641691644], [0.23878471169353527, 0.3119185175935175, 0.19801879509379508, 0.2512779756191521], [0.23951457431457437, 0.3167820568320569, 0.16272536907536908, 0.28097799977799975], [0.2579672216672217, 0.23212909867909876, 0.20588855033855044, 0.30401512931512936], [0.23866888666888675, 0.3106135919635921, 0.1909025308025308, 0.2598149905649907], [0.293956265956266, 0.24986289543789555, 0.1485828893328894, 0.3075979492729493], [0.2455912068323834, 0.3107216525304761, 0.15361198801198814, 0.2900751526251528], [0.2317330447330448, 0.3196756077256079, 0.15645162615162617, 0.2921397213897213], [0.30359766148883804, 0.2296551468139704, 0.1848734709734711, 0.28187372072372097], [0.21069162863280513, 0.334716285675109, 0.17911589521589527, 0.2754761904761906], [0.2232590576090576, 0.33447229437229437, 0.20451430236430246, 0.2377543456543457], [0.22704307359307369, 0.3093810606060605, 0.1763728493728494, 0.2872030164280164], [0.2094198412698414, 0.35501735486735464, 0.17756336996336994, 0.2579994338994339], [0.19638339715839712, 0.32524837662337663, 0.19538872238872246, 0.28297950382950393], [0.19897761960261962, 0.33106464646464645, 0.2338741563991565, 0.2360835775335775], [0.2820421855921856, 0.24842550505050515, 0.13686013708513722, 0.33267217227217205], [0.23731084471084482, 0.25321648629148624, 0.20892248307248304, 0.300550185925186], [0.21475174825174836, 0.33851386391386407, 0.24224309579309591, 0.20449129204129204], [0.28598601121101136, 0.24108507881007885, 0.13886199911199917, 0.33406691086691087], [0.23653564768564778, 0.2909384448884449, 0.22852375957375973, 0.244002147852148], [0.2275228354978356, 0.292627145807409, 0.1966417547364917, 0.2832082639582641], [0.2145799145299147, 0.2811191253191253, 0.19321813186813194, 0.3110828282828282], [0.22175473252237968, 0.28553739593739585, 0.1970827783327783, 0.29562509320744607], [0.22167945942945955, 0.3273250106103048, 0.17010915555033207, 0.2808863744099039], [0.2605767804091334, 0.29304725494663564, 0.16158022345731335, 0.28479574118691797], [0.23700906870906885, 0.24772645361174772, 0.21759215588333247, 0.29767232179585146], [0.18462641247641257, 0.31856370851370863, 0.18118556443556458, 0.31562431457431456], [0.24677604617604623, 0.2843487012987013, 0.19068391053391065, 0.27819134199134216], [0.2526968364968366, 0.23702784992784992, 0.24503280608280623, 0.26524250749250755], [0.24674256854256868, 0.25181089466089474, 0.18926092436974798, 0.3121856124267888], [0.20441173271173274, 0.32141191031191046, 0.19441782106782118, 0.27975853590853594], [0.22073066378066378, 0.2866465645465646, 0.21987147297147316, 0.2727512987012987], [0.2292041847041849, 0.27544634254634265, 0.23276630591630598, 0.26258316683316685], [0.2634563991563991, 0.20851724386724396, 0.14513631368631383, 0.382890043290043], [0.23141689421689424, 0.2857786324786324, 0.1991725274725276, 0.2836319458319459], [0.2332256715506717, 0.2517883366633366, 0.1644112554112555, 0.3505747363747362], [0.22734409120291477, 0.3454454906204908, 0.17614343434343446, 0.25106698383316045], [0.23406587301587312, 0.3210085303585305, 0.17951605616605623, 0.26540954045954057], [0.26995460095460105, 0.22950180375180387, 0.13678816183816184, 0.36375543345543326], [0.23610994365112023, 0.31005156706039055, 0.19819812409812423, 0.25564036519036515], [0.2379819846819847, 0.268561421911422, 0.1952122932622934, 0.29824430014430015], [0.2605084807349513, 0.2769299125710891, 0.17567870626105933, 0.2868829004329003], [0.2228884088134089, 0.3629525668775668, 0.16106973026973026, 0.25308929403929403], [0.19073531272648922, 0.2760369427957662, 0.18620204795204798, 0.3470256965256964], [0.2418768928783636, 0.3265590092913623, 0.16385388859506508, 0.26771020923520933], [0.19116052281052287, 0.3199364746364746, 0.22468025308025316, 0.26422274947274943], [0.30091290376290386, 0.19328874458874473, 0.1745638972138973, 0.3312344544344543], [0.27959652014652014, 0.27383131313131326, 0.15031709956709954, 0.2962550671550673], [0.22648228029280673, 0.3099454656454657, 0.18359890197521783, 0.27997335208651003], [0.2484546597193657, 0.3200717318629084, 0.18291133833486778, 0.24856227008285836], [0.23444307359307373, 0.29070065490065483, 0.18067578532578532, 0.2941804861804862], [0.2221247641247642, 0.3083682484182484, 0.1441842268842269, 0.32532276057276044], [0.20591183261183266, 0.2751056277056276, 0.18747258297258307, 0.3315099567099567], [0.21411594303529297, 0.3374059163059164, 0.17257775645407228, 0.2759003842047186], [0.21033330280830292, 0.34748047785547764, 0.18020456765456774, 0.26198165168165183], [0.3051181762681762, 0.253429972804973, 0.1677952436452438, 0.2736566072816075], [0.24226694416694422, 0.2679748379071908, 0.17526131646131657, 0.3144969014645484], [0.23580043290043298, 0.27494067599067595, 0.17007463924963928, 0.31918425185925176], [0.19294693639693655, 0.28883818958818963, 0.20639742202242203, 0.3118174519924521], [0.22049237984237996, 0.28860026640026626, 0.16414309579309583, 0.32676425796425795], [0.1936892496392497, 0.2528275391275391, 0.23326998556998563, 0.3202132256632255], [0.20020814185814192, 0.2949059385059387, 0.16429221056721063, 0.3405937090687089], [0.25712632008514363, 0.2659992285492286, 0.18596021756021766, 0.29091423380541026], [0.2745081807081808, 0.26908417138417134, 0.16688438783438783, 0.28952326007326007], [0.22767656232656236, 0.2851044455544456, 0.18431941391941403, 0.3028995781995783], [0.22480648795648808, 0.3566074037074038, 0.14952353757353756, 0.26906257076257095], [0.21626047286047292, 0.29177244144744163, 0.15965002497502492, 0.33231706071706063], [0.23323427128427138, 0.27092993672993676, 0.24141630591630595, 0.2544194860694863], [0.261762868504045, 0.30228885069179207, 0.17495255300255316, 0.26099572780161023], [0.26444152236652246, 0.28330959318459326, 0.14652756132756128, 0.3057213231213232], [0.2263765900765902, 0.3131394716394716, 0.18464353424353427, 0.2758404040404041], [0.20494848484848494, 0.2654479797979798, 0.20590463980463986, 0.3236988955488955], [0.23053938283938297, 0.3029087745587744, 0.16050890775890783, 0.306042934842935], [0.24803156288156292, 0.27701721611721625, 0.18581953046953048, 0.28913169053169047], [0.2432771633595164, 0.3045276122570239, 0.17313004185357125, 0.2790651825298885], [0.21864745124156898, 0.32781477378830337, 0.17501854256854263, 0.2785192324015854], [0.2360742091242092, 0.2314875031401348, 0.18049823889560745, 0.351940048840049], [0.33085379620379635, 0.22940971479500905, 0.14848665582783233, 0.2912498331733626], [0.226268858918859, 0.28929620787709026, 0.16581264438176208, 0.3186222888222891], [0.18245797535797548, 0.38495545010545, 0.19592297147297155, 0.2366636030636031], [0.21355380175380181, 0.26107640692640693, 0.23138124098124105, 0.2939885503385505], [0.2383624070374072, 0.309945202020202, 0.19911327006327015, 0.2525791208791208], [0.27255384615384615, 0.23725896880896888, 0.19891096681096704, 0.29127621822621835], [0.19153338524220892, 0.31635380175380173, 0.21872157287157307, 0.27339124013241656], [0.23518638028638023, 0.25191132756132767, 0.19930173160173179, 0.3136005605505606], [0.18152004107004113, 0.35354850704850704, 0.17254246309246313, 0.2923889887889886], [0.225571078921079, 0.28698447663447657, 0.22388280053280069, 0.2635616439116441], [0.22176517094017104, 0.29409402819402836, 0.15250461760461764, 0.33163618326118327], [0.2328508158508159, 0.31084052614052615, 0.18679956709956724, 0.2695090909090909], [0.2407302475302476, 0.243588655788656, 0.22643241758241764, 0.2892486790986791], [0.2939339604839605, 0.2473766191325016, 0.16200844580256352, 0.29668097458097464], [0.2204530802530802, 0.3146714008214008, 0.2051259296259297, 0.2597495892995893], [0.23744330750948403, 0.34229477385359736, 0.16193505383505388, 0.25832686480186484], [0.28169155844155874, 0.26153889443889444, 0.16570638805638818, 0.291063159063159]]}, "rewritten": {"ids": ["97106820", "97107260", "97107821", "97107920", "97107950", "97109080", "97109570", "97110950", "97112830", "97118210", "98106111", "98106560", "98108410", "98109090", "98116090", "98120010", "99107630", "99108010", "99109141", "99109311", "99114890", "99119830", "99121440", "100108490", "100108520", "100108580", "100109000", "100109801", "100110260", "100111380", "100112060", "100113370", "100116790", "101108500", "101111310", "101112540", "101115190", "102109850", "102114270", "102116500", "103109021", "103111110", "103111170", "103113101", "103113260", "103113610", "103120290", "104111531", "104111550", "104111780", "104111880", "104113000", "104119340", "105110091", "105112100", "105113260", "105116090", "105116441", "105118171", "105118230", "106112770", "106113170", "106116441", "106118161", "106118301", "106118520", "106120290", "107112850", "107113130", "107113360", "107115250", "107119130", "107121230", "107121540", "108113700", "108113760", "108114180", "108114200", "108114270", "108115500", "108115880", "108118060", "108120260", "108120621", "108121410", "109115380", "109116040", "109116170", "109116930", "109117630", "109118161", "109119460", "109121351", "110114561", "110114610", "110115890", "110116300", "110117200", "110118121", "110118301", "110120531", "110120540", "111114121", "111116990", "111118910", "111119610", "111120640", "111121351", "111121410", "111121930", "112116290", "112116401", "112116540", "112117210", "112117571", "112117790", "112118421", "112118471", "112118511", "112118530", "112118860", "112119500", "112119610", "112120670", "112121030", "112121410", "113117630", "113118421", "113118511", "113118630", "113118820", "113118870", "113119950", "113120280", "113120640", "113120751", "113120780", "113121010", "113121220", "113121950", "113122160", "113122650"], "labels": [1, 2, 2, 0, 2, 2, 0, 3, 2, 2, 0, 1, 1, 1, 0, 2, 2, 2, 3, 1, 2, 1, 2, 2, 2, 0, 1, 0, 3, 3, 2, 3, 2, 3, 3, 2, 1, 1, 3, 1, 0, 3, 2, 3, 3, 2, 2, 0, 1, 3, 3, 1, 1, 0, 1, 3, 1, 1, 3, 1, 1, 0, 0, 3, 1, 2, 2, 1, 1, 0, 2, 1, 0, 2, 0, 1, 1, 0, 3, 3, 3, 1, 1, 1, 0, 3, 0, 0, 0, 0, 0, 1, 0, 0, 1, 2, 3, 3, 3, 1, 0, 1, 0, 0, 0, 2, 0, 0, 0, 1, 0, 0, 1, 1, 3, 3, 3, 1, 1, 1, 3, 2, 0, 2, 0, 0, 0, 3, 1, 3, 0, 0, 0, 0, 0, 1, 0, 2, 3, 3, 3, 2], "predicted_labels": [3, 0, 1, 0, 3, 1, 3, 3, 3, 3, 1, 3, 1, 3, 1, 3, 0, 1, 1, 1, 1, 1, 1, 0, 3, 0, 1, 1, 3, 1, 3, 3, 0, 1, 1, 3, 1, 1, 1, 1, 0, 1, 1, 1, 1, 1, 1, 3, 1, 3, 1, 3, 3, 1, 3, 3, 0, 1, 3, 3, 3, 1, 1, 1, 3, 1, 3, 1, 3, 3, 1, 3, 3, 1, 0, 0, 3, 3, 3, 3, 1, 0, 1, 3, 1, 3, 3, 3, 3, 1, 1, 3, 1, 3, 1, 3, 1, 3, 3, 1, 3, 1, 1, 3, 1, 1, 1, 1, 3, 3, 1, 3, 1, 1, 3, 3, 3, 3, 3, 1, 1, 1, 1, 3, 3, 1, 3, 3, 1, 1, 3, 3, 3, 3, 1, 3, 3, 1, 3, 1, 1, 1], "confidence_scores": [[0.22818643023643018, 0.2944439615939614, 0.18288823953823963, 0.29448136863136865], [0.2665007659007659, 0.24195618270618288, 0.22636828171828177, 0.2651747696747697], [0.22948998778998794, 0.29631353091353096, 0.18442520257520273, 0.2897712787212788], [0.37108868468133194, 0.21415342157842165, 0.13166022311022313, 0.2830976706300235], [0.2376124764124764, 0.26839983349983365, 0.19204309959046817, 0.30194459049722205], [0.2437668276168275, 0.30410740370740363, 0.17932783327783344, 0.27279793539793556], [0.22248107448107463, 0.2342057089109722, 0.16728802513276203, 0.3760251914751914], [0.21946902541902555, 0.25900284992784994, 0.23780256132756125, 0.28372556332556337], [0.2661083333333333, 0.23702326839826854, 0.20569083694083695, 0.2911775613275613], [0.28288556443556445, 0.24593472638472644, 0.17362327672327688, 0.2975564324564326], [0.22180446775446785, 0.2953002053502055, 0.2011748140748142, 0.28172051282051275], [0.240136657786658, 0.26316202131202127, 0.19277454767454785, 0.3039267732267733], [0.24560883005883005, 0.2815784715284716, 0.20498620823620828, 0.2678264901764904], [0.23423341658341662, 0.26701636272224516, 0.21134452916364685, 0.28740569153069134], [0.1967428646516883, 0.30775245310245325, 0.19775954600954612, 0.2977451362363128], [0.2395389194139195, 0.26738207903207917, 0.20535290820290825, 0.2877260933510931], [0.3046077783327784, 0.2173590876443818, 0.20528752440370085, 0.27274560961913896], [0.2582774503274505, 0.32446658064158074, 0.17434725274725282, 0.24290871628371638], [0.26244310330192683, 0.3052459013209013, 0.17687512210012227, 0.2554358732770498], [0.1961719311734018, 0.3138063812778209, 0.19837411845120834, 0.29164756909756906], [0.18120824175824188, 0.2947782717282718, 0.2602608114108114, 0.2637526751026752], [0.20263076923076923, 0.32633296980796983, 0.18729957264957278, 0.2837366883116884], [0.22074169719169737, 0.3157535298035298, 0.23268441003441015, 0.23082036297036312], [0.2970199467199467, 0.24664780774780778, 0.180175752025752, 0.27615649350649346], [0.25517356532356533, 0.21759003774003777, 0.1991034188034188, 0.3281329781329779], [0.26402585192585193, 0.24670926850926855, 0.2336797702297704, 0.25558510933510936], [0.22865632145632142, 0.2859724497724498, 0.22900422910422913, 0.2563669996669998], [0.22973072842190503, 0.3096335331335331, 0.15537302338184694, 0.30526271506271524], [0.26407834942834946, 0.2275337884337885, 0.1848586413586415, 0.32352922077922097], [0.2569702710688006, 0.32119287460905094, 0.16887138384491338, 0.25296547047723517], [0.24757710067710065, 0.2749024710583534, 0.1566323330264508, 0.32088809523809525], [0.24376159396159405, 0.26782783327783316, 0.20162460317460326, 0.28678596958596964], [0.2765269397269397, 0.25202261072261084, 0.2107823953823954, 0.2606680541680543], [0.2200256077256078, 0.2934619491619491, 0.1941980019980021, 0.29231444111444116], [0.25503534406769707, 0.29483715826657003, 0.17412992530345475, 0.27599757236227834], [0.24330103034220693, 0.25107001527883893, 0.15632678987678986, 0.3493021645021645], [0.20778813408813415, 0.34019296814296796, 0.19084321234321236, 0.26117568542568537], [0.1865432678432678, 0.3770616883116885, 0.20309179709179725, 0.23330324675324682], [0.2551858336108336, 0.3239649489399487, 0.1353589466089466, 0.2854902708402708], [0.22527223332223328, 0.28358611666111677, 0.2407141469641471, 0.2504275030525032], [0.3081788453376687, 0.26720709290709294, 0.1658584637584639, 0.25875559799677444], [0.26562306582306594, 0.2896208624708626, 0.17750846375846377, 0.2672476079476081], [0.21105148740148746, 0.28670082140082137, 0.23078018648018658, 0.2714675047175046], [0.22686348651348648, 0.30435604191130505, 0.21472965017438717, 0.2540508214008215], [0.2283966291878057, 0.2873773732803146, 0.20317553002553013, 0.28105046750634977], [0.21242681762681767, 0.2828429237429238, 0.25484038184038194, 0.24988987678987692], [0.2095756576756578, 0.27131222111222114, 0.26706795981795994, 0.2520441613941614], [0.2242418636918637, 0.2684277777777778, 0.17124493284493297, 0.3360854256854258], [0.2236396048396048, 0.31022007232533544, 0.19273374052847733, 0.27340658230658244], [0.23569746919746923, 0.27801841214341216, 0.17187341269841278, 0.31441070596070597], [0.21508531746031762, 0.3022026695526696, 0.19495060772560782, 0.28776140526140526], [0.28146619769119763, 0.21888391053391063, 0.17156274836274854, 0.3280871434121433], [0.22134085359085373, 0.2540662468250704, 0.1634015817515819, 0.36119131783249414], [0.24720922574157872, 0.2915419234360411, 0.18778717001952305, 0.2734616808028573], [0.26064800950683303, 0.2727300588300588, 0.17741998001998013, 0.2892019516431282], [0.23521955266955277, 0.28974100139626474, 0.17908153717627406, 0.2959579087579087], [0.2991209956709957, 0.25443841158841174, 0.1676812631812632, 0.27875932955932975], [0.28019458678576337, 0.29125302475302495, 0.17906168831168848, 0.24949070014952374], [0.24487240259740264, 0.2893099872349872, 0.1566016150516151, 0.3092159951159951], [0.24517099012099022, 0.23511114996115004, 0.16808610278610286, 0.351631757131757], [0.2003075702075703, 0.2731879731379731, 0.2382172605172606, 0.28828719613719606], [0.2313843434343435, 0.344675357975358, 0.1576066211566212, 0.2663336774336777], [0.22017772227772237, 0.309026429126429, 0.17539438894438888, 0.2954014596514599], [0.24056175491175505, 0.3283718337218339, 0.16966567321567325, 0.2614007381507383], [0.27745055222555226, 0.23567727550227552, 0.1413322455322456, 0.34553992673992706], [0.27990162419280074, 0.2803066828596241, 0.17237946497946507, 0.2674122279681104], [0.2415736152736154, 0.2531845654345655, 0.22114655899655905, 0.28409526029526044], [0.19862678987678992, 0.3011820623820626, 0.2146859806859808, 0.285505167055167], [0.2517747474747476, 0.27204004329004333, 0.19859992784992792, 0.2775852813852816], [0.2815743867243869, 0.24561447996448016, 0.1787422077922078, 0.29406892551892566], [0.20292438672438684, 0.2913575036075035, 0.233891391941392, 0.27182671772671774], [0.2620415695415696, 0.2603757076257077, 0.16285437340437342, 0.31472834942834926], [0.20315294705294715, 0.25789517149517177, 0.18107674547674554, 0.3578751359751361], [0.23053209013209014, 0.3089471805971807, 0.16227161727161732, 0.29824911199911214], [0.2713006327006328, 0.2708811133311134, 0.19515851370851375, 0.26265974025974026], [0.3009139768728004, 0.22905971805971811, 0.2060166000666001, 0.2640097050008816], [0.22005521145521148, 0.23074733240615605, 0.1823345321345322, 0.36686292400410037], [0.26287858252858254, 0.2618147685647686, 0.2073898212898213, 0.26791682761682756], [0.24857488271961956, 0.2137756410256412, 0.15211903651903658, 0.3855304397357028], [0.2265349650349651, 0.25422211823264473, 0.17275444409391785, 0.34648847263847254], [0.2647600435512202, 0.28430056120350244, 0.17582410563292927, 0.27511528961234855], [0.30549308469308467, 0.25655503940503943, 0.14710309135309138, 0.2908487845487846], [0.24385284437784444, 0.29696539016539014, 0.16629624819624825, 0.29288551726051737], [0.22124584304584308, 0.26321923631923644, 0.17162186147186154, 0.34391305916305914], [0.2690864246864246, 0.2842704961704965, 0.1827235597735598, 0.26391951936951935], [0.16607541902541909, 0.31901870074370087, 0.16974115329115333, 0.34516472693972705], [0.24760325785325793, 0.26941808191808186, 0.18579862359862365, 0.2971800366300366], [0.21323711713123478, 0.2638177541412836, 0.16759672549672555, 0.3553484032307558], [0.2424354978354979, 0.22928419913419912, 0.2147002886002886, 0.3135800144300145], [0.24874044289044292, 0.3123979797979798, 0.22057418692418695, 0.21828739038739048], [0.2440455864397041, 0.35575853549615155, 0.15991017030784838, 0.24028570775629607], [0.2707181734931735, 0.2540912032412032, 0.17267509712509724, 0.3025155261405261], [0.2411970473970474, 0.32881197136197127, 0.14015215895215904, 0.2898388222888223], [0.24903001051236354, 0.2802565199506377, 0.16934876593994244, 0.3013647035970565], [0.2321148573648573, 0.3295822122322121, 0.20270043290043296, 0.23560249750249757], [0.18831764901764916, 0.273138333888334, 0.19924510489510497, 0.33929891219891223], [0.22448820068820075, 0.3144011289364231, 0.17202266426384083, 0.28908800611153546], [0.20850036075036082, 0.2764654179154179, 0.2338875402375403, 0.28114668109668106], [0.252624791874792, 0.2782637884990826, 0.14867881921999573, 0.32043260040612975], [0.2354088300588301, 0.30538216783216793, 0.1733229881229882, 0.2858860139860138], [0.21850964590964603, 0.2787139716492658, 0.15304840518958174, 0.3497279772515066], [0.21085614108114095, 0.31859191919191926, 0.2088540459540461, 0.26169789377289365], [0.23687801642801662, 0.34052022422022404, 0.14502108447108453, 0.2775806748806749], [0.2509575174825177, 0.2545628363466598, 0.17918715728715737, 0.3152924888836655], [0.2128768564768565, 0.3225812187812189, 0.1560932622932623, 0.3084486624486623], [0.1883685286935288, 0.3420433233433233, 0.21256119436119453, 0.25702695360195366], [0.2359965256965257, 0.2941659396159397, 0.19106367521367534, 0.2787738594738594], [0.24305291962939024, 0.30558541817659474, 0.17178666496901804, 0.27957499722499735], [0.2671495448995449, 0.2820650155400156, 0.16642879620379633, 0.2843566433566434], [0.30910324675324663, 0.24597568542568551, 0.13022510822510827, 0.3146959595959596], [0.2364860270448506, 0.33654159729159727, 0.1851260683760685, 0.24184630728748388], [0.24087469197469197, 0.2433386946386947, 0.15545851925851917, 0.36032809412809397], [0.20943821929704284, 0.3433951215451217, 0.16464401154401168, 0.28252264761382423], [0.20833682624564984, 0.35230740925740944, 0.2237894161394162, 0.21556634835752492], [0.25350483405483415, 0.24455279165279173, 0.17172301587301608, 0.3302193584193584], [0.25209307914307916, 0.2470667832167833, 0.19691976911976916, 0.3039203685203685], [0.22207151737151745, 0.2593518370518372, 0.16264835719835727, 0.35592828837828805], [0.2573601731601732, 0.2666968392718394, 0.16787122599622611, 0.30807176157176164], [0.2547791985791986, 0.24946652236652242, 0.15601029526029525, 0.3397439837939839], [0.18296772116772128, 0.3947878787878786, 0.2051312964812965, 0.2171131035631036], [0.21125865049982706, 0.29560001305883665, 0.23089068986569003, 0.2622506465756467], [0.20178324453324453, 0.33967882117882114, 0.19816769896769912, 0.26037023532023534], [0.19926212121212128, 0.30720685425685434, 0.21455259740259758, 0.27897842712842724], [0.2266170052170054, 0.26168277278277285, 0.1930877937851624, 0.31861242821505964], [0.26077077367077367, 0.2197100732600733, 0.17566954156954162, 0.3438496114996116], [0.22842889887889892, 0.29380252525252537, 0.19377123432123447, 0.2839973415473416], [0.23172535797535804, 0.27345106005105985, 0.1825617271617273, 0.31226185481185503], [0.26311975246975255, 0.2657746864246865, 0.12510144300144305, 0.34600411810411785], [0.263090886890887, 0.3295778721278721, 0.176007092907093, 0.23132414807414822], [0.23893430099312454, 0.3169709928959928, 0.17679748584748595, 0.26729722026339653], [0.24276148851148857, 0.28041233766233764, 0.1441991064491064, 0.3326270673770673], [0.20407258297258296, 0.27359795204795206, 0.16300606060606063, 0.3593234043734042], [0.24665725385725396, 0.2494004606504607, 0.15679546564546568, 0.3471468198468196], [0.24715711510711522, 0.2215743090243091, 0.175390270840271, 0.3558783050283052], [0.20794053169053184, 0.3320441280941279, 0.14867856032856036, 0.3113367798867799], [0.2350895326895328, 0.26365383505383516, 0.19625092130092142, 0.305005710955711], [0.21536073011955378, 0.2901227661227662, 0.16847670107670118, 0.3260398026809788], [0.20107271715212904, 0.3528485605897371, 0.15393319833761016, 0.29214552392052406], [0.21682459207459212, 0.24190521145521157, 0.20092806637806643, 0.3403421300921301], [0.17999843359255135, 0.32164842624695583, 0.21917144799644805, 0.2791816921640452], [0.19443875568875582, 0.3148293317793316, 0.23352150072150088, 0.2572104118104119], [0.19052597957597958, 0.33298979908979903, 0.19127130092130087, 0.28521292041292046]]}}