{"test": {"ids": ["108121160", "99108710", "98119591", "105119950", "104110960", "108115570", "109113931", "106114150", "111117480", "102109850", "113119950", "98111670", "109113281", "113119120", "97105580", "101108500", "98120010", "105110251", "107118820", "106118301", "108121351", "110121500", "103117461", "108114360", "101110150", "113118111", "106118161", "97114170", "113118231", "107114780", "106121190", "99109910", "113119450", "99109370", "109116930", "110120531", "111119150", "104111711", "111114171", "99108890", "108116481", "101110740", "107116340", "113122170", "105118740", "99111930", "109116441", "110117500", "101111140", "110116300", "109115220", "104111880", "101112160", "112119120", "110116441", "105111990", "107113840", "100109980", "111116010", "100109890", "97116500", "98107380", "98112170", "111120220", "111116750", "109115380", "112118820", "109117150", "112121430", "104117200", "111119250", "108120700", "108118060", "100109330", "105115720", "110115250", "99113260", "105113260", "111116990", "97116790", "111114941", "98109230", "112117780", "100110260", "107114490", "109114651", "112116800", "106113830", "107118490", "100110050", "98106560", "99109860", "110118740", "101115190", "110115890", "104114230", "111119930", "111116170", "99108330", "105120280", "106116370", "107117630", "97112300", "101110200", "101119030", "97106591", "107114621", "106116120", "110118880", "99107630", "113119480", "111118301", "102109010", "113120640", "98111860", "112121360", "101114020", "97112170", "113118630", "97113900", "111120280", "113119930", "99112641", "99112300", "107121540", "108118630", "110118121", "113121010", "111116640", "106117770", "103120730", "113122120", "113121220", "112120290", "99112840", "107115140", "112121030", "101114990", "112120630", "109119591", "108114040", "105121190"], "labels": [2, 2, 1, 3, 2, 3, 1, 1, 1, 1, 0, 1, 0, 3, 1, 3, 2, 0, 3, 1, 3, 3, 0, 1, 1, 1, 3, 2, 3, 2, 2, 2, 3, 1, 0, 0, 3, 1, 3, 0, 0, 3, 3, 1, 1, 1, 3, 1, 2, 3, 3, 3, 3, 1, 3, 2, 3, 1, 1, 3, 2, 1, 3, 3, 3, 3, 0, 2, 2, 3, 1, 2, 1, 0, 1, 1, 0, 3, 0, 2, 0, 1, 0, 3, 3, 3, 0, 1, 2, 3, 1, 2, 3, 1, 2, 2, 1, 0, 1, 3, 2, 0, 2, 2, 3, 1, 0, 1, 0, 2, 3, 3, 1, 0, 0, 3, 3, 0, 3, 2, 0, 1, 1, 0, 2, 1, 3, 2, 0, 0, 1, 1, 3, 1, 2, 0, 0, 3, 3, 0, 0, 2], "predicted_labels": [1, 1, 0, 1, 0, 1, 1, 0, 1, 1, 0, 3, 0, 3, 0, 1, 3, 1, 3, 3, 3, 0, 3, 1, 3, 1, 1, 1, 1, 1, 1, 2, 0, 1, 3, 3, 3, 1, 3, 1, 0, 1, 3, 1, 1, 1, 0, 3, 0, 1, 3, 1, 3, 3, 1, 3, 1, 1, 1, 0, 3, 3, 1, 1, 0, 3, 3, 0, 1, 3, 3, 3, 0, 1, 1, 1, 1, 3, 0, 1, 3, 3, 0, 0, 1, 3, 1, 3, 1, 3, 0, 1, 0, 1, 1, 1, 0, 3, 3, 3, 0, 3, 3, 1, 0, 1, 1, 3, 3, 0, 3, 1, 1, 0, 1, 0, 0, 3, 1, 0, 1, 3, 0, 3, 1, 3, 0, 1, 1, 1, 0, 1, 3, 0, 1, 3, 0, 1, 1, 1, 3, 1], "confidence_scores": [[0.27079862914862923, 0.29098128538128537, 0.16537474747474754, 0.2728453379953381], [0.23227100399600412, 0.3105774947274947, 0.18252787212787225, 0.27462362914862914], [0.28890669053169044, 0.23638123820623821, 0.20855556110556128, 0.26615651015651026], [0.275406005106005, 0.29472677877677894, 0.20147847152847156, 0.2283887445887447], [0.27607374847374855, 0.25076484071484084, 0.20733087468087472, 0.26583053613053625], [0.23679059829059826, 0.2847404262404264, 0.20114574314574318, 0.2773232323232324], [0.25734093684093684, 0.3159884171384172, 0.14730522533022533, 0.2793654206904207], [0.27827046842046843, 0.263421622821623, 0.18243494283494285, 0.27587296592296595], [0.2175621045621047, 0.3026242812742812, 0.19680680153180166, 0.28300681263181277], [0.2423124597624598, 0.2758520202020203, 0.2294402292152293, 0.2523952908202909], [0.3017037240537241, 0.2539393870835049, 0.19017038092626334, 0.2541865079365081], [0.24598406315906327, 0.25255051337551343, 0.21485490620490616, 0.2866105172605171], [0.30954709375591727, 0.2564286852036853, 0.1513292069042069, 0.2826950141361907], [0.23429253246753262, 0.19895896880896902, 0.2190724164724165, 0.3476760822510821], [0.32582902652902673, 0.21276484071484078, 0.2093213286713286, 0.25208480408480416], [0.23935303030303035, 0.29207084304584296, 0.19618663003663017, 0.2723894966144965], [0.2434171994671995, 0.23848978798978804, 0.21181633366633365, 0.3062766788766789], [0.26224943944943946, 0.2987180763680763, 0.15473382173382175, 0.2842986624486626], [0.25872000222000224, 0.289419436119436, 0.14876941946941952, 0.30309114219114236], [0.25234107559107566, 0.2915036574536574, 0.14373001443001449, 0.31242525252525244], [0.22227068487068521, 0.2797391275391275, 0.16036010656010655, 0.3376300810300811], [0.34772819043701386, 0.2862439171939173, 0.13928643578643585, 0.22674145658263314], [0.22259624819624824, 0.2914204545454544, 0.18470959595959602, 0.3012737012987013], [0.23665635638870935, 0.2875875790875792, 0.20487745457157233, 0.2708786099521395], [0.2639439615939617, 0.2860000610500609, 0.15334925074925077, 0.2967067266067267], [0.26215276945276955, 0.30211322011322017, 0.14062698412698413, 0.29510702630702645], [0.2296838772338773, 0.28396371047253405, 0.21633122237239888, 0.2700211899211899], [0.1977339826839827, 0.3018187229437229, 0.20325269452769465, 0.2971945998445999], [0.2695935359961677, 0.299506197603566, 0.17488994893994905, 0.25601031746031755], [0.2442809745809747, 0.32145915195915176, 0.1461719891219892, 0.2880878843378845], [0.18290844710844711, 0.3182595737595738, 0.2530920801420802, 0.24573989898989904], [0.18423691308691326, 0.21810760350760366, 0.3299805194805193, 0.2676749639249639], [0.3217759240759241, 0.24139239649239663, 0.15696383061383065, 0.27986784881784893], [0.24950470640470648, 0.27192654535007466, 0.2218487682252389, 0.2567199800199801], [0.2602818681318682, 0.22874466089466094, 0.20394168054168055, 0.30703179043179046], [0.22592548562548576, 0.28958639693639693, 0.17055032745032744, 0.31393778998779], [0.25435757020757027, 0.26775240315240323, 0.16077149517149514, 0.3171185314685316], [0.21421038961038963, 0.2958530691530691, 0.23341906426906434, 0.25651747696747706], [0.2328224053724054, 0.2683506327006327, 0.14296517926517935, 0.35586178266178253], [0.21735286657786676, 0.3074380092130093, 0.20538462093462104, 0.26982450327450336], [0.29218969559851904, 0.25766621711621723, 0.19108595293595304, 0.25905813434931085], [0.23475609668109687, 0.3080360389610389, 0.21615414862914867, 0.24105371572871578], [0.24046568431568438, 0.2714232045732046, 0.20030339660339672, 0.2878077145077146], [0.22891653624153627, 0.29194266289266313, 0.2097870046620047, 0.2693537962037961], [0.2837652367240604, 0.3002952269952271, 0.17491153816943292, 0.24102799811127992], [0.2090066766566767, 0.3404812520812521, 0.20475339660339664, 0.24575867465867468], [0.29085351315351304, 0.2805603008103008, 0.14769754967254978, 0.2808886363636363], [0.26878381340881347, 0.26599373404373405, 0.17036867021867025, 0.29485378232878234], [0.32689426798691495, 0.2254878926628928, 0.20574536574536578, 0.2418724736048267], [0.2622361971361971, 0.2974531579531579, 0.16531194916194905, 0.27499869574869573], [0.17377591575091583, 0.261632783882784, 0.18916362248862245, 0.375427677877678], [0.15773149073149076, 0.33481180486180484, 0.2216906537906539, 0.2857660506160507], [0.19674861804861818, 0.24376082251082248, 0.265810311910312, 0.2936802475302477], [0.25623493173493184, 0.25070833610833615, 0.21723617493617503, 0.27582055722055737], [0.2556059385059386, 0.29807901265401254, 0.19792962315462315, 0.24838542568542582], [0.26981412198912197, 0.27134013927249223, 0.16473886456680578, 0.29410687417158005], [0.2516812687312688, 0.2996067599067598, 0.18561194916194917, 0.2631000222000224], [0.2625242118992119, 0.2925407731157732, 0.2017423881673882, 0.2431926268176269], [0.20667958152958169, 0.3126814074814075, 0.17441604506604505, 0.30622296592296594], [0.29819635364635355, 0.20535743145743157, 0.19995209235209238, 0.2964941225441224], [0.2523184426684426, 0.23843601398601405, 0.24824884559884566, 0.2609966977466979], [0.26896119436119453, 0.24258174048174055, 0.2077793317793319, 0.28067773337773344], [0.273431501831502, 0.2873427794427794, 0.17716239316239324, 0.2620633255633255], [0.28174004329004326, 0.30671736041736025, 0.1486661172161173, 0.2628764790764791], [0.3424914141414142, 0.21188429348429352, 0.17001085026085028, 0.27561344211344213], [0.20336991517254677, 0.3101584675558361, 0.16305040515040517, 0.32342121212121205], [0.2507496558996561, 0.2726079420579421, 0.15893509268509268, 0.31770730935730945], [0.29074582084582085, 0.2893784215784217, 0.18987417582417593, 0.2300015817515818], [0.2798423631923631, 0.31267155622155623, 0.15178503718503733, 0.2557010434010435], [0.20773625263625267, 0.28240255855255886, 0.18944559329559332, 0.3204155955155953], [0.20817774725274732, 0.2652737484737484, 0.21204278221778242, 0.3145057220557222], [0.2922188644688645, 0.22090970695970702, 0.1847985569985571, 0.30207287157287177], [0.29913665223665215, 0.2588251748251749, 0.1567978354978355, 0.28524033744033755], [0.26253359140859145, 0.2791095229933467, 0.19591209901209908, 0.262444786585963], [0.19907898767898777, 0.35214002109002107, 0.18042252747252752, 0.26835846375846384], [0.23883481240981244, 0.28174715284715285, 0.19783846986346992, 0.2815795648795649], [0.25221271783771776, 0.31252179487179493, 0.1954297341547341, 0.23983575313575328], [0.25139075369075375, 0.25962112332112336, 0.18069155844155851, 0.30829656454656473], [0.32854790764790753, 0.2659620934620936, 0.16885158175158183, 0.23663841713841718], [0.252948742923743, 0.26642881007881014, 0.21493339715839735, 0.2656890498390499], [0.2798982683982684, 0.25666574536574566, 0.17171745476745479, 0.2917185314685316], [0.23408034743034753, 0.251346780996781, 0.23332988122988124, 0.2812429903429906], [0.326095204795205, 0.2299170995670997, 0.17782555777555786, 0.26616213786213794], [0.32271664724164706, 0.23502974802974813, 0.1794669302919304, 0.2627866744366746], [0.19971156066156068, 0.3453253468753468, 0.16628668553668557, 0.2886764069264069], [0.27839193584193583, 0.2348973304473305, 0.2012565046065047, 0.2854542291042292], [0.23508929958929958, 0.31528973526473536, 0.18811816239316242, 0.26150280275280285], [0.2463663059163061, 0.2512802530802532, 0.15914921189921194, 0.3432042291042292], [0.24150750556632924, 0.2947358729505788, 0.23522253645047775, 0.2285340850326145], [0.21259747474747484, 0.272692243867244, 0.23256463813963815, 0.28214564324564345], [0.28327718033600374, 0.2641745254745255, 0.17851082251082256, 0.2740374716786483], [0.23983543401043397, 0.29663661616161624, 0.22114458874458884, 0.24238336108336106], [0.3219054279054278, 0.2394327561327561, 0.1651147796647797, 0.27354703629703614], [0.20031486291486303, 0.31667008547008546, 0.23568412698412708, 0.24733092463092476], [0.19481752312015466, 0.3022600826074509, 0.20124512154512167, 0.3016772727272726], [0.20661042291042306, 0.3098728660228659, 0.21709895659895653, 0.2664177544677545], [0.2877647408147408, 0.2719893217893218, 0.16528084138084145, 0.27496509601509594], [0.2583960095460096, 0.2780251415251417, 0.15393258934048418, 0.3096462595883647], [0.23246882284382295, 0.2604873182373183, 0.22430730103230112, 0.28273655788655794], [0.21654510212010217, 0.26484981129981133, 0.24515126262626266, 0.27345382395382395], [0.3136957209457208, 0.22009136060018408, 0.18325973275090932, 0.28295318570318573], [0.2681545454545455, 0.20231701631701643, 0.19899198024198034, 0.33053645798645787], [0.27052163947163954, 0.2377477050727052, 0.20438508991008988, 0.28734556554556573], [0.23977640692640706, 0.3518109446109443, 0.14694174714174713, 0.26147090132090134], [0.2958044400044402, 0.2682408865644161, 0.15991177743824808, 0.2760428959928961], [0.2763698773448775, 0.2848587884337884, 0.22369995559995556, 0.21507137862137865], [0.2544968642468643, 0.28480279720279733, 0.18143171273171282, 0.27926862581862577], [0.26977370407370405, 0.2646141691641692, 0.1771080863580864, 0.2885040404040404], [0.24871900077047143, 0.29632452547452565, 0.1561390720390721, 0.2988174017159312], [0.3112506438006438, 0.21833984903984918, 0.179626665001665, 0.2907828421578421], [0.2522261405261406, 0.28105664335664354, 0.1513717615717616, 0.3153454545454546], [0.28612909867909875, 0.3030931623931626, 0.155544116994117, 0.255233621933622], [0.2362227272727275, 0.3019467948717949, 0.2120688172938175, 0.24976166056166058], [0.32407697857697854, 0.21645800865800877, 0.16637792207792212, 0.29308709068709077], [0.1997731712731714, 0.33345592185592193, 0.2222676656676657, 0.24450324120324124], [0.3224761349761348, 0.26684449994450005, 0.1591896825396826, 0.25148968253968274], [0.2852972277722278, 0.2818297341547342, 0.18880387390387393, 0.2440691641691642], [0.22635246142746157, 0.2975176684426686, 0.16715967920967917, 0.30897019092019107], [0.26563451548451567, 0.3096037795537797, 0.16173676878676876, 0.2630249361749361], [0.27366012321012334, 0.2671027639027638, 0.19855108225108226, 0.2606860306360307], [0.2821058746808748, 0.30605153180153183, 0.1198094405594406, 0.292033152958153], [0.27147034632034656, 0.2889417027417027, 0.13352370407370406, 0.3060642468642468], [0.31450094350094354, 0.22843629148629152, 0.1848984124063072, 0.27216435260645777], [0.21929085914085927, 0.26360514485514475, 0.23298759573759584, 0.28411640026640034], [0.21426681096681105, 0.30118757353757347, 0.20062547452547466, 0.2839201409701411], [0.19216146631146647, 0.307599363708187, 0.16977854367854375, 0.3304606263018027], [0.2986732045732044, 0.295871436896437, 0.1429837135087135, 0.26247164502164516], [0.2216967754467756, 0.33041459651459654, 0.1936552725052725, 0.2542333555333556], [0.2722495393495396, 0.2832320845820846, 0.17058268953268962, 0.2739356865356864], [0.22395295815295832, 0.3181315739815738, 0.17445259185259207, 0.283462876012876], [0.30680786435786433, 0.2674042568542567, 0.19198335830835844, 0.23380452047952058], [0.26037319902319916, 0.265447496947497, 0.2346849372849374, 0.23949436674436672], [0.25845292485292487, 0.27100052725052726, 0.15926839826839834, 0.31127814962814976], [0.2775847374847375, 0.23751497309879663, 0.25595502912120577, 0.22894526029526027], [0.22519809634809643, 0.3033644827394829, 0.19891981074481072, 0.2725176101676101], [0.27118096348096343, 0.23478147408147423, 0.14698809523809528, 0.34704946719946717], [0.3359328615828616, 0.261860767010767, 0.13642272727272728, 0.26578364413364414], [0.21495187035187044, 0.30709851814851813, 0.20105048285048288, 0.2768991286491288], [0.2784580031080031, 0.28414583194583193, 0.19326581751581756, 0.24413034743034756], [0.23161592296592307, 0.3158263070263071, 0.2110539127539127, 0.24150385725385742], [0.21389123931623938, 0.2807690476190477, 0.16914749694749698, 0.3361922161172162], [0.23028976856476857, 0.2903763209013211, 0.2268746225996226, 0.25245928793428807]]}, "rewritten": {"ids": ["97105580", "97106591", "97112170", "97112300", "97113900", "97114170", "97116500", "97116790", "98106560", "98107380", "98109230", "98111670", "98111860", "98112170", "98119591", "98120010", "99107630", "99108330", "99108710", "99108890", "99109370", "99109860", "99109910", "99111930", "99112300", "99112641", "99112840", "99113260", "100109330", "100109890", "100109980", "100110050", "100110260", "101108500", "101110150", "101110200", "101110740", "101111140", "101112160", "101114020", "101114990", "101115190", "101119030", "102109010", "102109850", "103117461", "103120730", "104110960", "104111711", "104111880", "104114230", "104117200", "105110251", "105111990", "105113260", "105115720", "105118740", "105119950", "105120280", "105121190", "106113830", "106114150", "106116120", "106116370", "106117770", "106118161", "106118301", "106121190", "107113840", "107114490", "107114621", "107114780", "107115140", "107116340", "107117630", "107118490", "107118820", "107121540", "108114040", "108114360", "108115570", "108116481", "108118060", "108118630", "108120700", "108121160", "108121351", "109113281", "109113931", "109114651", "109115220", "109115380", "109116441", "109116930", "109117150", "109119591", "110115250", "110115890", "110116300", "110116441", "110117500", "110118121", "110118740", "110118880", "110120531", "110121500", "111114171", "111114941", "111116010", "111116170", "111116640", "111116750", "111116990", "111117480", "111118301", "111119150", "111119250", "111119930", "111120220", "111120280", "112116800", "112117780", "112118820", "112119120", "112120290", "112120630", "112121030", "112121360", "112121430", "113118111", "113118231", "113118630", "113119120", "113119450", "113119480", "113119930", "113119950", "113120640", "113121010", "113121220", "113122120", "113122170"], "labels": [1, 1, 0, 2, 2, 2, 2, 2, 1, 1, 1, 1, 0, 3, 1, 2, 2, 1, 2, 0, 1, 2, 2, 1, 0, 1, 2, 0, 0, 3, 1, 3, 3, 3, 1, 2, 3, 2, 3, 3, 3, 1, 3, 1, 1, 0, 1, 2, 1, 3, 2, 3, 0, 2, 3, 1, 1, 3, 3, 2, 1, 1, 1, 2, 0, 3, 1, 2, 3, 3, 0, 2, 0, 3, 0, 2, 3, 2, 0, 1, 3, 0, 1, 1, 2, 2, 3, 0, 1, 3, 3, 3, 3, 0, 2, 0, 1, 2, 3, 3, 1, 3, 3, 0, 0, 3, 3, 0, 1, 0, 0, 3, 0, 1, 3, 3, 1, 1, 3, 0, 0, 0, 0, 1, 1, 3, 0, 3, 2, 1, 3, 3, 3, 3, 3, 1, 0, 0, 2, 3, 1, 1], "predicted_labels": [0, 1, 3, 3, 3, 1, 1, 3, 3, 3, 3, 3, 1, 1, 0, 3, 0, 3, 1, 1, 1, 1, 2, 1, 0, 0, 3, 1, 1, 3, 0, 3, 0, 3, 3, 1, 1, 0, 2, 3, 1, 1, 1, 1, 1, 3, 0, 3, 1, 3, 1, 3, 1, 1, 3, 1, 1, 3, 1, 1, 1, 1, 3, 3, 1, 3, 3, 1, 1, 3, 1, 1, 3, 1, 3, 1, 3, 3, 1, 1, 1, 0, 3, 3, 3, 3, 3, 1, 1, 3, 3, 1, 1, 3, 0, 1, 3, 1, 0, 1, 0, 1, 0, 0, 3, 0, 3, 3, 1, 3, 1, 0, 0, 1, 1, 1, 3, 0, 1, 3, 1, 0, 3, 1, 0, 0, 0, 0, 1, 3, 1, 1, 3, 0, 3, 1, 0, 3, 1, 3, 1, 1], "confidence_scores": [[0.3489265734265735, 0.22198845598845598, 0.19773447108447112, 0.23135049950049955], [0.26794667554667556, 0.3000401265401267, 0.1891076312576314, 0.24290556665556676], [0.22023146853146874, 0.26744285714285726, 0.18176357531357548, 0.330562099012099], [0.2645989399489399, 0.24066858696858712, 0.2145053391053392, 0.28022713397713406], [0.25797652902652907, 0.26662434232434234, 0.1868758241758242, 0.2885233044733046], [0.2110058497058497, 0.30879155566655586, 0.1840281746031747, 0.29617442002442007], [0.26166862026862026, 0.26661808191808195, 0.22690449550449562, 0.2448088023088024], [0.27776704129204144, 0.2674280996780997, 0.17581496558996562, 0.27898989343989355], [0.26174144189144205, 0.2659014430014431, 0.1939617660117661, 0.27839534909534924], [0.24996095571095575, 0.2525744255744258, 0.21050691530691543, 0.28695770340770343], [0.24684653124653141, 0.2502716172716174, 0.24642646797646817, 0.25645538350538344], [0.25130243090243115, 0.254561877011877, 0.22076787101787104, 0.27336782106782115], [0.21075613830613837, 0.3186982537070773, 0.2305151440063206, 0.2400304639804641], [0.27491842601842625, 0.2832149128649128, 0.18669244089244091, 0.2551742202242202], [0.27155424297924297, 0.26675603008103016, 0.20195588578088589, 0.25973384115884124], [0.23251434676434682, 0.24498189865689882, 0.21336923354423368, 0.3091345210345209], [0.3282106449106451, 0.2166055167055168, 0.16900947385947387, 0.2861743645243648], [0.2666840936840937, 0.25506453546453556, 0.20979671439671443, 0.2684546564546564], [0.21668074148074157, 0.32313444333444324, 0.1892548840048841, 0.27092993117993125], [0.22717960927960948, 0.314927158952159, 0.2015200466200467, 0.25637318514818525], [0.2353794594294595, 0.3217552947052948, 0.20968095238095244, 0.23318429348429362], [0.23519742479742486, 0.3079072510822513, 0.2363586718836719, 0.22053665223665225], [0.2485825674325676, 0.21942834942834952, 0.31259377289377294, 0.21939531024531048], [0.198764185814186, 0.3202455932955932, 0.23047710622710627, 0.25051311466311466], [0.2731895992895993, 0.253378465978466, 0.20351891996892008, 0.2699130147630149], [0.3127055028305029, 0.24014504939504938, 0.18994390331890346, 0.25720554445554467], [0.23690106837606847, 0.26335251692751704, 0.1916504467754468, 0.30809596792096783], [0.22232669830169838, 0.31191080586080594, 0.1993240231990232, 0.26643847263847276], [0.26043305583305587, 0.2828808821897057, 0.1820967476967478, 0.2745893142804908], [0.30246345321345336, 0.19058762903762913, 0.18791375291375292, 0.31903516483516475], [0.28872188367188356, 0.2512765012765014, 0.1848247446997447, 0.2751768703518704], [0.23006544011544022, 0.2555610972360973, 0.22723488455988464, 0.2871385780885781], [0.3251164502164503, 0.22474098124098135, 0.15050952380952376, 0.2996330447330449], [0.2357136918636919, 0.27644646464646455, 0.21013972138972148, 0.2777001221001221], [0.26555910755910755, 0.26573261183261176, 0.17060584970584977, 0.29810243090243077], [0.25251809301809314, 0.32199918414918416, 0.16184638139638147, 0.26363634143634146], [0.2557246753246755, 0.3193502386502385, 0.19951691086691092, 0.22540817515817527], [0.28400302752802764, 0.2833180569430571, 0.1955114219114219, 0.23716749361749384], [0.19114933677433676, 0.2466912698412699, 0.2935264208014209, 0.26863297258297264], [0.24514116161616162, 0.27907733100233106, 0.1963063325563325, 0.27947517482517487], [0.1871677766677767, 0.32446240981241, 0.21593855033855036, 0.2724312631812632], [0.19709761904761913, 0.3204056554556555, 0.23363694083694103, 0.24885978465978473], [0.2578243645243646, 0.2980888389388389, 0.1582072150072151, 0.28587958152958165], [0.2534188311688313, 0.3283943917193917, 0.19458036130536144, 0.2236064158064159], [0.23429290709290712, 0.30708679653679644, 0.20716388888888898, 0.2514564074814075], [0.24388475054357409, 0.26082856587856595, 0.1871405907817673, 0.3081460927960928], [0.32388109668109655, 0.2505543290043292, 0.19216633089133106, 0.23339824342324347], [0.274352824952825, 0.24654925074925094, 0.2030268564768566, 0.2760710678210678], [0.22477226662226668, 0.2846479215229215, 0.21913695471195474, 0.27144285714285715], [0.19669534354534374, 0.2951760572760573, 0.1940462981462982, 0.3140823010323011], [0.20849042624042635, 0.3155000499500498, 0.20692395382395384, 0.26908556998557004], [0.21459374514374518, 0.2631935647685648, 0.19722932067932075, 0.3249833694083692], [0.2537463897213899, 0.2879014707514708, 0.1730609473859474, 0.2852911921411921], [0.27881013431013446, 0.2883919227830993, 0.15886195503842576, 0.2739359878683409], [0.26067278277278283, 0.2850691086691087, 0.1675335664335665, 0.2867245421245424], [0.23233772893772897, 0.31405989565989556, 0.18585183150183157, 0.2677505439005439], [0.2743043456543457, 0.2970910497998732, 0.19439430014430026, 0.234210304401481], [0.2666611777111779, 0.27607915417915424, 0.18106950826950835, 0.27619015984015965], [0.1994089188589189, 0.2843037074037074, 0.2422427849927851, 0.27404458874458876], [0.1952777888777889, 0.30975638528138527, 0.22845314962814975, 0.26651267621267616], [0.2390941169941171, 0.3129324619824621, 0.15793759018759015, 0.2900358308358308], [0.2492379953379954, 0.27620649546531906, 0.2247078255078256, 0.24984768368886032], [0.2559533633033632, 0.2721201576201577, 0.19608366633366636, 0.27584281274281275], [0.2649196220446221, 0.24998783438783445, 0.181765170940171, 0.30332737262737264], [0.2515313131313132, 0.3020750083250083, 0.16849206349206358, 0.2779016150516151], [0.24623175713175724, 0.25643049173049187, 0.22366896436896444, 0.27366878676878686], [0.2356290626040627, 0.2926121406371407, 0.14102445887445894, 0.3307343378843377], [0.21621502941502946, 0.29840112665112656, 0.22252812187812196, 0.2628557220557221], [0.2537133477633478, 0.28866032496914856, 0.1912493930905697, 0.2663769341769342], [0.23447801087801104, 0.2930907148407148, 0.17287607947607952, 0.29955519480519477], [0.23138518046281217, 0.3025742979242979, 0.19073129750366605, 0.27530922410922415], [0.26882267177267194, 0.3268007048507048, 0.13322802752802754, 0.27114859584859585], [0.2559040015540016, 0.2358973581973584, 0.11879091464091468, 0.38940772560772546], [0.21655684870684883, 0.3056412254412255, 0.2417942418692419, 0.236007683982684], [0.2874467310467312, 0.20456662781662793, 0.19623842823842835, 0.31174821289821286], [0.25915135975135983, 0.2904879897879898, 0.20261649461649475, 0.24774415584415577], [0.2541148129648131, 0.26802611277611277, 0.15646867576867585, 0.32139039849039863], [0.1915137324663641, 0.27394767834504685, 0.22811763236763247, 0.30642095682095677], [0.2530611444111444, 0.3311446386946386, 0.15521588966588964, 0.2605783272283273], [0.21799817845553138, 0.304844647019647, 0.20392674417086198, 0.27323043035395983], [0.2334032745032746, 0.3087102453102455, 0.1995885503385503, 0.25829792984792993], [0.2960225108225107, 0.26096901986902, 0.17696248751248755, 0.2660459817959818], [0.2822922799422799, 0.2531057276057277, 0.16510074370074368, 0.29950124875124884], [0.18726573981574, 0.28986746031746036, 0.21165691530691527, 0.31120988455988446], [0.2484512432012433, 0.25363887223887216, 0.17396847041847052, 0.32394141414141436], [0.27155266400266415, 0.26623099678099693, 0.1871825119325119, 0.2750338272838274], [0.2525826395826398, 0.26344079254079267, 0.15505298035298037, 0.3289235875235876], [0.27759797424797444, 0.29482270703153074, 0.15349136974136973, 0.2740879489791254], [0.2484001776001776, 0.34135478410478426, 0.143489676989677, 0.2667553613053613], [0.26580873015873024, 0.2509358585858587, 0.18784040404040403, 0.29541500721500713], [0.19014243534243547, 0.25804001913119556, 0.1606488348253055, 0.39116871070106357], [0.17669781505044677, 0.35028040117776965, 0.20546906426906436, 0.26755271950271947], [0.2841372571872571, 0.29877512356924124, 0.1548965103523928, 0.26219110889110897], [0.2768339826839829, 0.238544159435336, 0.20445155987803035, 0.280170298002651], [0.2851676268176269, 0.2802577922077923, 0.19488338883338907, 0.23969119214119225], [0.22677272727272738, 0.3067740925740925, 0.20943765123765126, 0.2570155289155289], [0.24262074592074612, 0.2697758852258852, 0.18887427017427033, 0.29872909867909864], [0.2327319919846236, 0.3206724313697998, 0.1677927128427129, 0.27880286380286384], [0.2961822788322789, 0.2858302511214276, 0.17148094160741215, 0.24650652843888143], [0.26639694749694753, 0.2933531024531026, 0.20214232989232994, 0.2381076201576203], [0.2949787240537242, 0.2933099452834746, 0.17650283082930143, 0.2352084998334999], [0.27391093073593087, 0.32422124901242555, 0.13391966122113183, 0.26794815903051195], [0.32076125541125544, 0.21744675324675322, 0.1583116161616163, 0.30348037518037513], [0.32172246087246087, 0.26584738039738043, 0.11816820401820405, 0.29426195471195477], [0.26613155178155184, 0.2539706793206794, 0.1677877372627373, 0.3121100316350317], [0.3361795390883625, 0.2832746753246754, 0.15138001443001442, 0.22916577115694767], [0.22799798257298273, 0.2852518620268622, 0.11719441669441676, 0.3695557387057389], [0.2630846839435074, 0.28709953184070836, 0.15166142746142752, 0.29815435675435686], [0.22346794316794327, 0.31148777888777884, 0.20171370851370862, 0.26333056943056954], [0.2471222499722501, 0.28531945276945275, 0.14498564213564225, 0.32257265512265487], [0.2660509990009991, 0.2851684149184149, 0.20139169164169157, 0.24738889443889445], [0.3849747530247532, 0.19966336996337006, 0.14780262515262518, 0.2675592518592519], [0.3021700632700633, 0.28744531024531045, 0.1402568487068488, 0.2701277777777778], [0.23461513878278595, 0.30647699685935, 0.1756118825618827, 0.2832959817959818], [0.25986839826839836, 0.29311672771672803, 0.15728815628815632, 0.2897267177267177], [0.2853666000666001, 0.2870069375069375, 0.14847415917415924, 0.2791523032523034], [0.22990446775446785, 0.259376295926296, 0.23168347208347223, 0.27903576423576426], [0.28485023310023316, 0.2716985125985126, 0.17962567432567442, 0.26382557997558], [0.294388455988456, 0.303781868131868, 0.13649241036741042, 0.26533726551226555], [0.28199466285348646, 0.2522180466592233, 0.1578631923631924, 0.3079240981240982], [0.23495777000777002, 0.2903645646836823, 0.2025234695043518, 0.27215419580419603], [0.3151489565989567, 0.22542994227994242, 0.18170884670884682, 0.27771225441225444], [0.23390892995892995, 0.27089661449661445, 0.15630954600954614, 0.3388849095349095], [0.2699342712842713, 0.2717084637584638, 0.19169706404706416, 0.26666020091020093], [0.2904572871572872, 0.23327419165801516, 0.254014264330441, 0.22225425685425682], [0.27412689532689555, 0.26897145632145636, 0.20056264846264846, 0.256338999889], [0.3675161116661116, 0.2495475135975138, 0.14002757242757247, 0.24290880230880238], [0.334405189255189, 0.233146744921745, 0.14681316738816746, 0.28563489843489837], [0.28656626151626163, 0.28944779109779095, 0.15241010101010108, 0.27157584637584653], [0.26103745976245984, 0.2602485014985016, 0.14520713453213455, 0.33350690420690404], [0.2423342934842935, 0.32201714396714376, 0.17130400155400155, 0.2643445609945611], [0.24483048063048066, 0.3377343143784318, 0.16243160303748536, 0.255003601953602], [0.22408640526140533, 0.23726400266400283, 0.2068456931956934, 0.33180389887889866], [0.3273090187590189, 0.2362425296925298, 0.1614970140970142, 0.27495143745143746], [0.24976077256077267, 0.25105344100344107, 0.1584507437007437, 0.3407350427350428], [0.27688528138528146, 0.32407605042016807, 0.1190458832017656, 0.279992784992785], [0.31400139027639024, 0.2746465715656893, 0.15151597977186215, 0.2598360583860585], [0.2879650793650795, 0.21320534743034758, 0.20074672272172284, 0.29808285048285066], [0.2465092074592076, 0.32477840492840493, 0.17484408369408375, 0.25386830391830384], [0.22319696055578417, 0.2682775502275503, 0.21671193055310714, 0.29181355866355885], [0.2563788433788435, 0.27667391497391497, 0.23978596403596414, 0.22716127761127775], [0.21768244533244535, 0.305206981906982, 0.2259994116994117, 0.2511111610611611]]}}