{"test": {"ids": ["112117571", "113120280", "110117140", "100115700", "99119830", "105113440", "103109641", "103120340", "113121950", "111118301", "106118820", "98111860", "107113170", "109119591", "100108490", "111116530", "113118490", "113119360", "104111550", "98111670", "105111990", "105110251", "100116790", "103111990", "105119550", "112119320", "97105580", "112119950", "113120260", "112119610", "112121360", "100109801", "107114490", "113122430", "111118820", "108114220", "104116800", "101108290", "111120531", "107118520", "103111480", "106116640", "111116990", "103110220", "108119510", "97107821", "111114941", "97105451", "109120560", "113122180", "108121160", "103111540", "105112260", "112120290", "107116300", "106114321", "101113210", "109118820", "105115680", "98119591", "110121140", "97106000", "110119891", "99107500", "105119950", "112118471", "110116290", "103111930", "104111711", "111116090", "111120280", "105112100", "99107640", "99107660", "112117660", "111115780", "100109330", "99117740", "98106680", "97105960", "106116120", "109119340", "109118161", "108115570", "105115900", "113119480", "100117420", "99108330", "100111390", "109116810", "113122220", "113118111", "103110050", "112121410", "98109570", "113121190", "111115910", "107112850", "108114040", "111114171", "98107340", "105113190", "107116501", "109119460", "104111830", "111120190", "102110240", "99107630", "108117360", "110121170", "103120290", "107118820", "105121370", "113122170", "106115240", "108118520", "109117600", "98108970", "101108500", "108117451", "97112170", "107121540", "109121640", "109120150", "105120621", "108114670", "103111110", "106118301", "98120010", "101111990", "100111080", "110114950", "109114220", "102109010", "103110840", "97118210", "103111170", "101121640", "110115250", "110114561", "112120630", "104113000"], "labels": [3, 0, 3, 1, 1, 0, 1, 1, 3, 3, 3, 0, 0, 0, 2, 3, 1, 0, 1, 1, 2, 0, 2, 2, 1, 1, 1, 0, 3, 0, 3, 0, 3, 2, 0, 3, 1, 0, 0, 2, 0, 3, 0, 2, 1, 2, 0, 0, 1, 2, 2, 1, 3, 1, 0, 2, 3, 3, 2, 1, 3, 0, 3, 0, 3, 1, 2, 3, 1, 3, 0, 1, 1, 3, 0, 1, 0, 2, 1, 2, 1, 3, 0, 3, 3, 3, 2, 1, 2, 3, 1, 1, 3, 0, 1, 1, 2, 1, 0, 3, 0, 3, 1, 1, 3, 3, 3, 2, 1, 2, 2, 3, 2, 1, 1, 0, 1, 3, 3, 2, 0, 2, 0, 2, 1, 3, 3, 1, 2, 2, 0, 0, 3, 1, 1, 2, 2, 2, 1, 0, 3, 1], "predicted_labels": [3, 3, 1, 3, 1, 1, 1, 1, 0, 3, 1, 3, 3, 3, 3, 1, 3, 3, 1, 0, 1, 0, 1, 3, 1, 3, 1, 3, 1, 1, 1, 1, 3, 1, 3, 0, 1, 0, 1, 1, 1, 1, 3, 1, 3, 0, 3, 3, 0, 1, 1, 3, 1, 3, 1, 0, 0, 1, 1, 1, 0, 1, 1, 1, 3, 3, 0, 1, 3, 3, 3, 0, 1, 0, 3, 1, 0, 0, 1, 3, 1, 3, 1, 1, 1, 3, 3, 3, 3, 1, 1, 3, 1, 3, 0, 3, 3, 1, 1, 3, 1, 3, 3, 1, 1, 3, 1, 3, 1, 3, 1, 1, 1, 1, 3, 1, 1, 1, 3, 3, 3, 1, 3, 1, 0, 3, 1, 0, 3, 1, 1, 3, 3, 1, 3, 3, 0, 3, 3, 3, 3, 3], "confidence_scores": [[0.28142482517482525, 0.27161306308071026, 0.14870088408323706, 0.2982612276612277], [0.30818949743067386, 0.20389591601209253, 0.14148958068075712, 0.3464250058764763], [0.2831766677766678, 0.296109090909091, 0.14430248640248647, 0.2764117549117549], [0.23907556332556348, 0.25975286690433763, 0.18890107914960855, 0.31227049062049067], [0.254581470490294, 0.2870658064158064, 0.1818629870129871, 0.27648973608091254], [0.25445854700854714, 0.290461582861583, 0.18076383061383064, 0.27431603951603944], [0.2439072927072927, 0.31994784104784096, 0.1353708458208459, 0.3007740204240205], [0.21483537018537036, 0.2900790931290932, 0.26095309690309704, 0.23413243978243986], [0.32148600843600855, 0.24274292096792102, 0.1647917110667112, 0.2709793595293596], [0.2791579975579975, 0.24507004107004124, 0.14032761127761129, 0.33544435009435025], [0.20921050791313958, 0.35490479541098724, 0.19143621737739394, 0.24444847929847935], [0.16873212343212343, 0.29590154290154297, 0.2349825119325121, 0.30038382173382167], [0.2440918303918303, 0.2641030192030194, 0.17915396270396264, 0.31265118770118777], [0.23785697060077882, 0.2846714312261528, 0.18432768620268636, 0.29314391197038264], [0.21800317460317464, 0.2503672272172274, 0.25907209457209457, 0.2725575036075035], [0.218880954339778, 0.2805723923135689, 0.22776224886224894, 0.2727844044844046], [0.2614406315906317, 0.2522704795204795, 0.16973882228882228, 0.3165500666000664], [0.2285924464424464, 0.28027399822399846, 0.17453053890553905, 0.31660301642801625], [0.20424321789321795, 0.2899250083250085, 0.24558791486291512, 0.26024385891885893], [0.2797621794871795, 0.265768045843046, 0.19843065238854715, 0.2560391222812275], [0.2174578068989834, 0.3109712767624532, 0.22129664975547333, 0.2502742665830902], [0.3432804584304587, 0.2538538461538463, 0.14818251193251197, 0.2546831834831835], [0.19467780552780556, 0.31533259138522285, 0.20195563325563326, 0.28803396983133833], [0.26062682872682896, 0.2516577243018421, 0.18383208588796832, 0.3038833610833612], [0.26193318903318896, 0.3135850510600513, 0.17504508999772156, 0.24943666990903846], [0.2256893975305741, 0.3016101303924834, 0.16604607059607063, 0.3066544014808719], [0.22698770673770682, 0.2907197766286002, 0.23544586524586542, 0.2468466513878279], [0.29853703518703517, 0.22555550005550015, 0.13990091575091576, 0.33600654900654897], [0.25276145912910636, 0.2991507889169653, 0.22553226022343678, 0.22255549173049183], [0.16342161727161733, 0.30363352758352763, 0.2399158508158509, 0.2930290043290043], [0.25586577034077057, 0.289813492063492, 0.17688448218448224, 0.27743625541125566], [0.27787135919635914, 0.27979234817470117, 0.16332464594229307, 0.27901164668664685], [0.21274833675096844, 0.2998139622675229, 0.18658768074031237, 0.3008500202411968], [0.22995926018426033, 0.31815022755022754, 0.19510992340992345, 0.2567805888555889], [0.27903030858030864, 0.2758777630865867, 0.14065206460206475, 0.3044398637310401], [0.291549422799423, 0.2714071789321791, 0.17670191197691204, 0.26034148629148635], [0.24861910540439952, 0.3057901448224979, 0.1890605783105785, 0.2565301714625245], [0.3049205294705295, 0.24964520120402486, 0.16109116602351897, 0.2843431033019269], [0.2970109335109335, 0.2992040772952539, 0.12330694860694864, 0.28047804058686415], [0.27979136974136987, 0.29646600458365174, 0.16696540126540133, 0.25677722440957734], [0.28652231102231096, 0.2865811058222823, 0.144735240902888, 0.28216134225251877], [0.2277449700626173, 0.3058331057831061, 0.18068828475446125, 0.28573363939981583], [0.24238588078588075, 0.2343699855699856, 0.14690721500721507, 0.37633691863691854], [0.23167051673816402, 0.2720515334338864, 0.2300376492788258, 0.2662403005491242], [0.2490914640914641, 0.27486506630624297, 0.1662508419684891, 0.30979262763380433], [0.30905833333333327, 0.26778991008991027, 0.13804760794760804, 0.2851041486291486], [0.2869269581295898, 0.28529988549462226, 0.13952387787650958, 0.28824927849927856], [0.27959951714951725, 0.2824623765123766, 0.15057846597846603, 0.2873596403596402], [0.2841614255026021, 0.2349971822295353, 0.1997341491841492, 0.28110724308371376], [0.21356845376845388, 0.29515791985792, 0.19896258186258195, 0.29231104451104445], [0.22709105061605067, 0.31701113722878427, 0.18677877400377405, 0.26911903815139115], [0.21824910644910653, 0.27615892555157273, 0.211294302919303, 0.2942976650800182], [0.20508416583416586, 0.3259770229770232, 0.18155277500277503, 0.28738603618603614], [0.28651452746599815, 0.2518548340548341, 0.17109448296801247, 0.2905361555111555], [0.1979696747696748, 0.30165235875235885, 0.20496626706626708, 0.29541169941169954], [0.31952591852591866, 0.2690382339882339, 0.14682945665445668, 0.2646063908313909], [0.3068963147963148, 0.242660101010101, 0.1564548174048175, 0.2939887667887666], [0.25574529637029647, 0.28490852480852485, 0.1873244263906029, 0.2720217524305759], [0.17497095127095139, 0.3150311244311246, 0.24709371184371198, 0.26290421245421247], [0.23726495171495174, 0.3066528824117061, 0.1685428135589901, 0.2875393523143524], [0.3086681401931402, 0.25225720945720953, 0.1576111222111223, 0.2814635281385283], [0.1723565545565545, 0.28303693561340626, 0.2617414582149876, 0.2828650516150516], [0.27523709068709057, 0.300963764013764, 0.1621470640470641, 0.2616520812520814], [0.19415390720390724, 0.3524862359862357, 0.20771716616716623, 0.24564269064269076], [0.2679349261849264, 0.23446688148452868, 0.20530362578597874, 0.29229456654456654], [0.2338457070707072, 0.2948964146964148, 0.15890692640692644, 0.31235095182595185], [0.2850512903762905, 0.2673902228490466, 0.177110361860362, 0.2704481249143013], [0.2181709817959819, 0.2918829800918037, 0.22569593739593746, 0.2642501007162774], [0.2672079365079365, 0.2825333793657325, 0.1465410791822557, 0.3037176049440756], [0.276117143967144, 0.2810687887276122, 0.10657620516738169, 0.33623786213786216], [0.27643734043734064, 0.24682641802641828, 0.15143272838272848, 0.325303513153513], [0.283210533910534, 0.27924949494949497, 0.1550367243867245, 0.28250324675324673], [0.2647114996114998, 0.31565950634332995, 0.16567859444477098, 0.25395039960039983], [0.3262083694083695, 0.2314650008488245, 0.146635483960484, 0.2956911457823223], [0.2365605283605284, 0.257538222888223, 0.1749361582861585, 0.3309650904650904], [0.2653040293040294, 0.2745069874569875, 0.1913456931956934, 0.2688432900432901], [0.3123390831390832, 0.25759057919204986, 0.14362158642011602, 0.2864487512487512], [0.33556796536796524, 0.24029963924963937, 0.15427193362193364, 0.2698604617604618], [0.21746270396270412, 0.31236368353868377, 0.23241643356643363, 0.23775717893217907], [0.23694983349983376, 0.26865604118104136, 0.19736593684093695, 0.29702818847818857], [0.24735355200355216, 0.2964587912087911, 0.2047419746919748, 0.25144568209568224], [0.2325391275391277, 0.2743198190698192, 0.1672420818947135, 0.3258989714963398], [0.2415335275835278, 0.32620391552891553, 0.1710215118215119, 0.261241045066045], [0.2386683150183151, 0.2993069486069487, 0.19490361860361868, 0.26712111777111786], [0.23086779886779896, 0.29066587301587293, 0.1908237595737597, 0.28764256854256864], [0.2582156399156401, 0.2728169552669555, 0.16002112054612055, 0.3089462842712842], [0.228960866910867, 0.28247434232434226, 0.19206077811077812, 0.29650401265401255], [0.21401165860283516, 0.27576444388944393, 0.20946629204129208, 0.30075760546642893], [0.2275849095349097, 0.2441404892493128, 0.19722742257742254, 0.33104717863835514], [0.24493468198468205, 0.30968191253191274, 0.1906057886557886, 0.2547776168276169], [0.26897181152181165, 0.2884221500721501, 0.1928323454323455, 0.24977369297369303], [0.2524490287490289, 0.2964254689754692, 0.13975756641019807, 0.31136793586530415], [0.24445850146585446, 0.30143909880968695, 0.19508760569495873, 0.25901479402950006], [0.24045511710511727, 0.2700528638028639, 0.16675744255744257, 0.32273457653457654], [0.28859027814290966, 0.26356793031529896, 0.17375827505827507, 0.27408351648351664], [0.21133605838605843, 0.3096503163503163, 0.16023256188256194, 0.3187810633810634], [0.24376555944055955, 0.28387962592962607, 0.18246313131313144, 0.28989168331668336], [0.19994198301698296, 0.2983024253524254, 0.24733088023088037, 0.2544247113997115], [0.19557770150386258, 0.31267619427356297, 0.22086605926753003, 0.270880044955045], [0.29368930791430803, 0.25141382506382515, 0.1372087939837941, 0.31768807303807284], [0.2017404706404707, 0.2957774411862648, 0.23895356865356865, 0.263528519519696], [0.28303193750693767, 0.23410104617604624, 0.15707237762237758, 0.3257946386946385], [0.2927628871128871, 0.26254977799977797, 0.10866901431901435, 0.33601832056832054], [0.21215354090354094, 0.3196932123432126, 0.2045361083361084, 0.2636171384171384], [0.2027625763125763, 0.30389123099123094, 0.20060194250194258, 0.2927442501942503], [0.21143796203796203, 0.2698768398268399, 0.2078061272061272, 0.31087907092907113], [0.23034331224331236, 0.3211093073593071, 0.1909635198135199, 0.2575838605838607], [0.2893436840936841, 0.2204611721611724, 0.16637701187701195, 0.32381813186813196], [0.22835069375069375, 0.2869165945165945, 0.22235101010101022, 0.26238170163170166], [0.2286288655788657, 0.26014881784881794, 0.1664493728493729, 0.3447729437229438], [0.17908116883116898, 0.3146907092907093, 0.23262088467088488, 0.2736072372072371], [0.19853915414650702, 0.30105114199525956, 0.23260721582339236, 0.2678024880348412], [0.1786043401043403, 0.36616380286380285, 0.21804572094572094, 0.23718613608613626], [0.20671872180107478, 0.3139232708468002, 0.2151808061219826, 0.26417720123014254], [0.261878837828838, 0.25793903318903333, 0.18913462093462108, 0.2910475080475081], [0.28224294039294034, 0.3026590298590298, 0.17489660894660894, 0.24020142080142085], [0.2602237373737374, 0.26284599567099565, 0.22404462481962495, 0.25288564213564224], [0.204748951048951, 0.3193436303462618, 0.23813930338667186, 0.23776811521811536], [0.20613490790255495, 0.2716430236430236, 0.24436259655377315, 0.2778594719006485], [0.28920573544102945, 0.2823367771117772, 0.11245951723714886, 0.3159979702100445], [0.29914897324897316, 0.2477148351648353, 0.14987404817404823, 0.30326214341214347], [0.21319783549783558, 0.27106240067122445, 0.25599231324231325, 0.2597474505886271], [0.2705538461538462, 0.2597111602165952, 0.16900113956092225, 0.3007338540686368], [0.2247971472971473, 0.32154432789432774, 0.19847340992341, 0.25518511488511497], [0.33072051261432067, 0.2599562309035995, 0.08091773226773225, 0.3284055242143476], [0.2519485847485848, 0.27839507355389714, 0.18917181707181718, 0.2804845246257011], [0.2242063131313132, 0.28482926828073907, 0.20673841958694902, 0.2842259990009991], [0.39463342245989297, 0.24000517782870723, 0.10508953823953827, 0.26027186147186154], [0.19241742146742155, 0.2704196581196583, 0.21397942612942616, 0.3231834942834943], [0.18850366104483762, 0.31041841655076957, 0.21942199467199472, 0.28165592773239834], [0.22404941695731195, 0.3030654927545794, 0.17043313843878868, 0.3024519518493202], [0.24010964982729707, 0.27441280024323517, 0.19199539612135524, 0.293482153808113], [0.2555363053613055, 0.23756203518703528, 0.18847119547119554, 0.31843046398046393], [0.23816869796869813, 0.2750896436896439, 0.2244613200524966, 0.262280338289162], [0.196034903984904, 0.30434594849594837, 0.17288179043179036, 0.3267373570873573], [0.27849495504495503, 0.22130257716140078, 0.20006308136308132, 0.3001393864305631], [0.3002283882783883, 0.27189224109224114, 0.16052350982350994, 0.26735586080586077], [0.25771188256188254, 0.25312483247746426, 0.20933661616161625, 0.27982666879903717], [0.24716430791430793, 0.29491462426462417, 0.1612256890168656, 0.29669537880420227], [0.2965642876731112, 0.2754477300477301, 0.12299982239982246, 0.30498815987933653], [0.29637625430125414, 0.21712538295038306, 0.14034181929181935, 0.3461565434565436], [0.2431373593726538, 0.24472567987567995, 0.19667762237762243, 0.3154593383740444]]}, "rewritten": {"ids": ["97105451", "97105580", "97105960", "97106000", "97107821", "97112170", "97118210", "98106680", "98107340", "98108970", "98109570", "98111670", "98111860", "98119591", "98120010", "99107500", "99107630", "99107640", "99107660", "99108330", "99117740", "99119830", "100108490", "100109330", "100109801", "100111080", "100111390", "100115700", "100116790", "100117420", "101108290", "101108500", "101111990", "101113210", "101121640", "102109010", "102110240", "103109641", "103110050", "103110220", "103110840", "103111110", "103111170", "103111480", "103111540", "103111930", "103111990", "103120290", "103120340", "104111550", "104111711", "104111830", "104113000", "104116800", "105110251", "105111990", "105112100", "105112260", "105113190", "105113440", "105115680", "105115900", "105119550", "105119950", "105120621", "105121370", "106114321", "106115240", "106116120", "106116640", "106118301", "106118820", "107112850", "107113170", "107114490", "107116300", "107116501", "107118520", "107118820", "107121540", "108114040", "108114220", "108114670", "108115570", "108117360", "108117451", "108118520", "108119510", "108121160", "109114220", "109116810", "109117600", "109118161", "109118820", "109119340", "109119460", "109119591", "109120150", "109120560", "109121640", "110114561", "110114950", "110115250", "110116290", "110117140", "110119891", "110121140", "110121170", "111114171", "111114941", "111115780", "111115910", "111116090", "111116530", "111116990", "111118301", "111118820", "111120190", "111120280", "111120531", "112117571", "112117660", "112118471", "112119320", "112119610", "112119950", "112120290", "112120630", "112121360", "112121410", "113118111", "113118490", "113119360", "113119480", "113120260", "113120280", "113121190", "113121950", "113122170", "113122180", "113122220", "113122430"], "labels": [0, 1, 2, 0, 2, 0, 2, 1, 0, 3, 1, 1, 0, 1, 2, 0, 2, 1, 3, 1, 2, 1, 2, 0, 0, 0, 2, 1, 2, 2, 0, 3, 2, 3, 2, 1, 3, 1, 3, 2, 1, 3, 2, 0, 1, 3, 2, 2, 1, 1, 1, 3, 1, 1, 0, 2, 1, 3, 3, 0, 2, 3, 1, 3, 1, 2, 2, 1, 1, 3, 1, 3, 1, 0, 3, 0, 1, 2, 3, 2, 0, 3, 3, 3, 1, 2, 0, 1, 2, 3, 3, 1, 0, 3, 3, 1, 0, 2, 1, 0, 0, 0, 1, 2, 3, 3, 3, 2, 3, 0, 1, 2, 3, 3, 0, 3, 0, 3, 0, 0, 3, 0, 1, 1, 0, 0, 1, 3, 3, 0, 1, 1, 0, 3, 3, 0, 1, 3, 1, 2, 1, 2], "predicted_labels": [1, 1, 3, 3, 0, 0, 3, 1, 1, 1, 3, 0, 3, 3, 3, 1, 3, 1, 0, 1, 0, 1, 1, 0, 3, 1, 3, 3, 1, 3, 0, 3, 1, 3, 1, 1, 0, 1, 1, 3, 1, 3, 3, 1, 3, 3, 3, 1, 3, 3, 3, 1, 1, 1, 0, 1, 0, 1, 0, 3, 3, 3, 1, 3, 3, 1, 0, 3, 1, 1, 0, 1, 3, 3, 1, 1, 0, 1, 3, 3, 1, 0, 3, 1, 3, 3, 0, 3, 3, 3, 0, 0, 1, 1, 3, 1, 3, 1, 1, 0, 3, 3, 1, 0, 0, 0, 0, 3, 3, 3, 3, 3, 3, 3, 3, 3, 3, 3, 3, 0, 3, 3, 3, 1, 1, 3, 3, 0, 1, 3, 1, 3, 3, 1, 0, 3, 3, 3, 1, 3, 0, 1], "confidence_scores": [[0.29324544344544334, 0.31033582169464524, 0.1355371628371629, 0.2608815720227484], [0.20764148074148084, 0.30132944277944285, 0.20763063048063068, 0.28339844599844616], [0.24642888777888783, 0.29172377899877905, 0.16850718725718739, 0.293340145965146], [0.22547231265466577, 0.27166427134956544, 0.2108014985014986, 0.29206191749427046], [0.3340024253524252, 0.22286707736707742, 0.1519724608724609, 0.2911580364080364], [0.28538484130248837, 0.2844770646020648, 0.14952286406404072, 0.2806152300314066], [0.2882173160173161, 0.21429479964479975, 0.19013488178488183, 0.30735300255300246], [0.22109297369297376, 0.3217644744144745, 0.2160651903651904, 0.24107736152736167], [0.24150706515706535, 0.29043835053835054, 0.23817894327894337, 0.2298756410256412], [0.19679350926850936, 0.3107964840714843, 0.23310308302808308, 0.2593069236319237], [0.25524677544677554, 0.2802049430961197, 0.1781682285035227, 0.2863800529535823], [0.2967123598623597, 0.26194560717060705, 0.20080605505605512, 0.24053597791097792], [0.215432647907648, 0.2562436729936732, 0.2223902541902542, 0.30593342490842496], [0.3086933954933954, 0.25600224416106765, 0.1231328707240472, 0.31217148962148966], [0.2474606393606396, 0.23499321789321798, 0.21720336330336323, 0.30034277944277943], [0.18125076590076605, 0.37600025889143524, 0.20419898075780432, 0.23854999444999445], [0.29090528360528367, 0.20683174603174617, 0.17970450660450668, 0.3225584637584641], [0.271438727938728, 0.31264042901542916, 0.17670932678432683, 0.2392115162615162], [0.3020934454434454, 0.2547824064824065, 0.17573989898989903, 0.2673842490842491], [0.22760960983461004, 0.3105370046620048, 0.21818948551448564, 0.24366389998890006], [0.3128317293817295, 0.24498970094233266, 0.14201233766233767, 0.30016623201360015], [0.2645626262626262, 0.29487349872349866, 0.17250845265845272, 0.2680554223554222], [0.22766885336885329, 0.3033707015207016, 0.217261532911533, 0.25169891219891244], [0.3271824120324121, 0.20665835030982088, 0.18519880919733872, 0.2809604284604284], [0.304533152958153, 0.26714573759573784, 0.11707771395271399, 0.3112433954933956], [0.25197128047391204, 0.29439238004857193, 0.17822757324374972, 0.27540876623376626], [0.24739205794205804, 0.27253409368409365, 0.18558484293484298, 0.2944890054390056], [0.21340438450438456, 0.2636586080586081, 0.1650116661116661, 0.3579253413253411], [0.24819208569208587, 0.28391119713619706, 0.2123411921411922, 0.255555525030525], [0.2132007159507161, 0.2858392163392164, 0.20804025419025426, 0.29291981351981355], [0.3218944721944722, 0.2429739593739594, 0.14569608447108456, 0.2894354839604841], [0.21079110889110894, 0.2674707653457656, 0.24080235875235867, 0.2809357670107671], [0.179655810855811, 0.28839936174936165, 0.2714495948495949, 0.2604952325452325], [0.28139827672327666, 0.26200569430569437, 0.16509527972027987, 0.29150074925074926], [0.26303533133533147, 0.28015839715839713, 0.19936983016983037, 0.25743644133644134], [0.25114391441891454, 0.2836287712287713, 0.2044180402930402, 0.2608092740592742], [0.306948754023754, 0.25061436618936617, 0.1673316794316795, 0.2751052003552004], [0.28349974469974465, 0.32554903429903426, 0.1448077422577423, 0.246143478743479], [0.19836712454212455, 0.33316953324453324, 0.19952599622599632, 0.26893734598734603], [0.2067118029029795, 0.2748247419247419, 0.21459322736087447, 0.30387022781140427], [0.2276274947274948, 0.3044133200133202, 0.17854001554001556, 0.28941916971916987], [0.26413920523920537, 0.25300596070596093, 0.19820683205683212, 0.284648001998002], [0.248102258852259, 0.28709471916971924, 0.1401337468087469, 0.3246692751692752], [0.2588937007437008, 0.31275590683825966, 0.17576162562927278, 0.2525887667887669], [0.25182828641946314, 0.24667246087246095, 0.1976961926961927, 0.3038030600118837], [0.1744901376401377, 0.27759797702297717, 0.2325485736485738, 0.31536331168831166], [0.22175937950937963, 0.26207438672438677, 0.19805067155067171, 0.31811556221556225], [0.1976078671328672, 0.3359471472971476, 0.21933187645687657, 0.24711310911310932], [0.22545620490620502, 0.26597289932289947, 0.22506652236652258, 0.28350437340437334], [0.21986063381063395, 0.26208529248529266, 0.22202885447885454, 0.29602521922521907], [0.2816870129870131, 0.2710828077151608, 0.16238464117581777, 0.2848455381220089], [0.2149324892427834, 0.31836351981351974, 0.20983408813408821, 0.2568699028096087], [0.2487214253067194, 0.29094258519258515, 0.19168244533244538, 0.26865354416825016], [0.2737647324897324, 0.3165019203019202, 0.15702424519924518, 0.25270910200910207], [0.31755379620379603, 0.2789330447330448, 0.1572559163059164, 0.2462572427572429], [0.23031795426795434, 0.3237208494120259, 0.1984990009990011, 0.24746219532101893], [0.29013788188935247, 0.25449783549783556, 0.16946756854256861, 0.28589671407024336], [0.2205786796536797, 0.30250246420246407, 0.191905291930292, 0.28501356421356416], [0.29727864635364626, 0.25007365134865145, 0.16785890775890785, 0.28478879453879447], [0.2698934371184372, 0.2697301642801644, 0.16947223609723616, 0.2909041625041625], [0.16886853146853148, 0.28264915084915093, 0.25660380175380176, 0.2918785159285159], [0.2734932789432791, 0.23214309024309035, 0.17545436230436237, 0.3189092685092686], [0.23150191197691214, 0.31952835497835486, 0.18162229437229446, 0.26734743867243865], [0.2748599983349985, 0.25144962814962823, 0.19612869075369085, 0.2775616827616828], [0.33785952935952934, 0.21283006438006452, 0.10128202908202909, 0.34802837717837726], [0.2035386668886669, 0.3209420246420247, 0.21318105505605509, 0.26233825341325323], [0.34126850926850916, 0.26772432567432564, 0.12857502775002777, 0.26243213730713727], [0.2601169053169055, 0.2670347929847929, 0.18902938172938177, 0.28381891996892017], [0.25806479076479105, 0.28498836718836706, 0.20128440725940733, 0.2556624347874347], [0.2689283216783218, 0.2835738206238208, 0.20115735653235667, 0.24634050116550124], [0.3392808441558442, 0.2549287656787658, 0.10030663780663787, 0.30548375235875197], [0.2141844599844602, 0.3158453674979991, 0.2179004884004885, 0.2520696841170527], [0.20088639416139428, 0.28720468595731763, 0.22113230103230108, 0.2907766188489874], [0.2785053613053612, 0.19876721970839623, 0.1949454434454435, 0.32778197554079913], [0.24719518814518823, 0.28896142191142193, 0.18843075813075819, 0.2754126318126318], [0.20293737373737375, 0.31024443889443876, 0.20885989010989026, 0.27795829725829735], [0.35311261793761795, 0.24232662337662342, 0.0931483571983572, 0.3114124014874016], [0.23805404040404052, 0.3273871212121214, 0.14491656399156394, 0.28964227439227436], [0.22528627646862956, 0.2930585621464881, 0.18798993228993238, 0.2936652290949506], [0.23108168498168513, 0.2724408868908869, 0.18073790653790653, 0.3157395215895216], [0.18223372460872475, 0.2934346542346543, 0.23679659784659793, 0.28753502331002323], [0.2856341653444594, 0.2750890331890332, 0.17341190476190488, 0.2658648967046026], [0.27325127095127105, 0.265986457986458, 0.1873428387402073, 0.27341943232206395], [0.26224247419247415, 0.31713982683982683, 0.1756816516816517, 0.2449360472860473], [0.23571590909090925, 0.265377244977245, 0.22219336774336773, 0.2767134781884784], [0.3047501998001997, 0.2572763791763794, 0.1213423964923965, 0.3166310245310245], [0.30254709734709734, 0.2800079531579533, 0.1706891275391276, 0.2467558219558219], [0.30829780774780785, 0.22556212006947313, 0.1544299905976377, 0.3117100815850813], [0.25027640137640156, 0.25030702467467175, 0.1370875124875125, 0.3623290614614145], [0.2752947560609327, 0.22386855921855933, 0.18710858030858038, 0.3137281044119282], [0.2929874550286316, 0.2623498687586923, 0.17147662892662893, 0.27318604728604734], [0.28716204073704094, 0.264828232878233, 0.1715131673881675, 0.27649655899655895], [0.30827439782439775, 0.3109917249417248, 0.11681431872221347, 0.2639195585116637], [0.20947858252858256, 0.3108382228882228, 0.18637351537351549, 0.29330967920967904], [0.2950769175269176, 0.23447907647907648, 0.15697264957264961, 0.31347135642135615], [0.22125157620157623, 0.320056870906871, 0.19569840714840725, 0.2629931457431457], [0.2866586330336329, 0.2470274003774004, 0.17520795870795894, 0.291106007881008], [0.24450277777777782, 0.28987712287712286, 0.2002132756132757, 0.2654068237318237], [0.2247379822791588, 0.27650364276246636, 0.2275364912864913, 0.2712218836718837], [0.3222937301260831, 0.23375365334438217, 0.162182716317499, 0.2817699002120359], [0.28407804972804973, 0.24658151570651582, 0.14079603174603172, 0.32854440281940284], [0.2715469363969365, 0.24236111111111103, 0.1952532967032967, 0.2908386557886558], [0.24587373737373744, 0.31181789321789294, 0.18456587301587304, 0.25774249639249647], [0.2864977133977135, 0.24871473526473536, 0.19985836385836378, 0.2649291874791875], [0.2907864774114775, 0.2787216033966036, 0.14081515984015994, 0.28967675935175946], [0.31687261072261086, 0.25971977744477764, 0.14411077256077265, 0.27929683927183935], [0.3148133533133533, 0.25886850926850946, 0.15517426462426467, 0.2711438727938728], [0.24752738372738392, 0.24356324231324236, 0.16770226440226446, 0.3412071095571097], [0.2785016455766458, 0.2213284261060577, 0.1330303085803086, 0.3671396197369881], [0.29274789295671627, 0.27807673796791454, 0.1334665001665003, 0.2957088689088688], [0.24759107559107565, 0.2574135196073277, 0.2300719189307425, 0.26492348587085446], [0.22162932067932084, 0.25699221889221907, 0.19213808413808411, 0.32924037629037634], [0.2633647408147408, 0.25936126292008665, 0.14410143549261195, 0.3331725607725607], [0.26568931052607525, 0.24418003467121124, 0.202890940638309, 0.28723971416440475], [0.258870627411804, 0.22381593961593985, 0.15183440644323, 0.3654790265290266], [0.3002147186147185, 0.2570570207570208, 0.13243320568320574, 0.310295054945055], [0.2999245032745036, 0.24537238317238314, 0.15038044178044188, 0.3043226717726716], [0.2531262792762794, 0.2599438605512136, 0.17926844381109097, 0.3076614163614164], [0.25784252969252985, 0.2545019758019759, 0.15984709179709183, 0.32780840270840256], [0.324671844821845, 0.23748053139670805, 0.12397888973771332, 0.31386873404373383], [0.24647506382506398, 0.29764094516594514, 0.15359437506937507, 0.30228961593961606], [0.26825799200799194, 0.22520603840603864, 0.15349789099789102, 0.3530380785880785], [0.28165729270729273, 0.2874085303585304, 0.10893632478632477, 0.3219978521478521], [0.20332211122211138, 0.29560307470307484, 0.21370368520368524, 0.2873711288711289], [0.18062861027861027, 0.2981139582639583, 0.27344500499500507, 0.24781242646242657], [0.32009300144300146, 0.20169156676656672, 0.15015567765567775, 0.328059754134754], [0.2873913173427881, 0.22788639971139985, 0.1674058466043761, 0.3173164363414362], [0.3411965589965589, 0.2263236652236652, 0.13313241758241762, 0.29934735819735836], [0.2838794871794871, 0.3074163697413698, 0.15559518537018546, 0.25310895770895775], [0.2628367909867911, 0.29428821733821736, 0.13509087579087595, 0.30778411588411614], [0.27996098623598636, 0.30008222888222896, 0.1317774253524254, 0.2881793595293596], [0.2809423187923189, 0.2218270210181975, 0.17774713815596174, 0.31948352203352215], [0.2746549506049507, 0.23806293151293148, 0.16369999444999458, 0.32358212343212345], [0.24701877925995586, 0.29237760017760017, 0.17299322817705184, 0.2876103923853923], [0.2797051115551116, 0.25969323454323473, 0.20152710067710072, 0.25907455322455325], [0.3342160819572585, 0.17928527583527584, 0.13999050867433224, 0.34650813353313326], [0.22558347763347764, 0.26148344988345, 0.18340618825618835, 0.329526884226884], [0.27092496392496385, 0.27066728271728274, 0.16026145243645254, 0.29814630092130084], [0.22623057334822042, 0.30950113024230663, 0.20490629783013695, 0.25936199857933623], [0.22668666888666908, 0.2600841658341659, 0.18597789432789447, 0.32725127095127077], [0.27048225108225127, 0.2689759490509492, 0.19578063603063608, 0.26476116383616394], [0.24373698523698534, 0.34249512154512113, 0.18667701187701188, 0.22709088134088146]]}}