{"test": {"ids": ["110113591", "110115890", "109117150", "109116810", "113121750", "108113760", "104111550", "110114610", "113121950", "100113370", "112118471", "102107961", "101110150", "112119980", "112117210", "111116530", "108113620", "112121360", "98116940", "111114121", "109115380", "109113281", "110118630", "108118810", "108117610", "101110740", "102112250", "109118161", "110118301", "103118110", "107113200", "113122650", "105115720", "102110750", "108115570", "103110760", "109114220", "111121220", "99113260", "101119591", "104113550", "105119550", "106117790", "103109791", "110114651", "108115880", "98116090", "98111670", "113122510", "110115580", "113119700", "99109370", "105113170", "105112130", "112117780", "97105580", "113118511", "109116040", "109117600", "108120280", "110118450", "111116170", "109121640", "97113900", "99108310", "99109860", "106114280", "107116501", "110118181", "106115240", "108116501", "100116500", "108114220", "110116441", "111121410", "106113360", "110120190", "104113240", "108114040", "99108010", "106120640", "101116130", "105117431", "112121430", "110118161", "104116800", "107114490", "111114941", "107121640", "110117110", "103117200", "103109641", "108120700", "110115710", "110118810", "106115120", "113122430", "102109010", "113119300", "105110091", "101112690", "97111790", "112118930", "103112641", "107114200", "112120290", "108114670", "105115250", "97107260", "109115070", "111120531", "99109780", "109117080", "107116980", "97114170", "107113170", "107118120", "106119990", "110114950", "99116500", "99108520", "97116790", "111118810", "106118301", "108118301", "109114651", "102114270", "105114220", "111115770", "100109330", "110121170", "105116090", "110121720", "113120640", "99109141", "97107920", "109120621", "112121351", "107114621", "111119250", "104113210", "98109230"], "labels": [0, 2, 2, 3, 0, 1, 1, 1, 3, 3, 1, 3, 1, 0, 1, 3, 3, 3, 2, 0, 3, 0, 1, 1, 3, 3, 0, 0, 1, 2, 0, 2, 1, 1, 3, 1, 3, 3, 0, 0, 1, 1, 1, 3, 3, 3, 0, 1, 2, 1, 0, 1, 0, 1, 0, 1, 1, 0, 1, 3, 0, 0, 0, 2, 2, 2, 3, 1, 1, 1, 0, 2, 3, 3, 0, 0, 3, 2, 0, 2, 3, 2, 1, 2, 0, 1, 3, 0, 1, 0, 0, 1, 2, 2, 1, 1, 2, 1, 1, 0, 1, 2, 1, 3, 2, 1, 3, 2, 2, 0, 0, 2, 1, 3, 2, 0, 3, 0, 0, 2, 2, 2, 0, 1, 1, 3, 3, 3, 3, 0, 2, 1, 3, 0, 3, 0, 1, 0, 0, 1, 3, 1], "predicted_labels": [3, 1, 1, 0, 1, 0, 2, 2, 3, 2, 1, 1, 1, 3, 1, 1, 3, 0, 1, 1, 1, 3, 3, 3, 3, 1, 3, 0, 1, 3, 0, 3, 1, 2, 3, 1, 1, 3, 1, 0, 0, 1, 1, 2, 3, 1, 1, 2, 1, 0, 1, 1, 3, 1, 0, 0, 0, 3, 0, 0, 2, 3, 0, 0, 0, 1, 1, 1, 1, 0, 0, 3, 2, 1, 3, 1, 3, 1, 1, 1, 1, 2, 1, 0, 0, 3, 1, 3, 0, 2, 1, 3, 0, 1, 3, 0, 1, 1, 3, 0, 1, 3, 1, 0, 1, 2, 1, 0, 2, 1, 1, 1, 1, 0, 3, 3, 3, 3, 0, 2, 2, 0, 3, 3, 3, 0, 0, 3, 1, 0, 3, 3, 1, 3, 0, 3, 0, 3, 3, 2, 3, 2], "confidence_scores": [[0.3000061590768394, 0.26067035075309597, 0.1117751392378606, 0.3275483509322038], [0.16876710095663155, 0.34105583878781903, 0.1858466276872316, 0.30433043256831777], [0.20961607022513215, 0.2980100232227941, 0.2506063361642567, 0.24176757038781682], [0.26765433515171644, 0.2894442677059463, 0.12657309471145803, 0.31632830243087934], [0.24817796285816457, 0.309881977323591, 0.11406534237934593, 0.32787471743889857], [0.24016710454685924, 0.26854896778441295, 0.20954803125115484, 0.281735896417573], [0.19025789685016475, 0.3059892326774838, 0.3059206987352164, 0.1978321717371354], [0.20159690009368755, 0.2988177042358655, 0.30120509313542204, 0.19838030253502442], [0.1557369949757448, 0.27832028785422974, 0.26455717854562083, 0.30138553862440454], [0.15459038189818555, 0.30775486674569885, 0.31550015230227, 0.22215459905384535], [0.2011104256472156, 0.29007130805457204, 0.26638638693306776, 0.24243187936514476], [0.26193674443944404, 0.2818377109727769, 0.20571028238194897, 0.25051526220583026], [0.27737168796515815, 0.2952745156136607, 0.10168355986667156, 0.32567023655450955], [0.2669768374638122, 0.2689489335246718, 0.1215933575198396, 0.3424808714916763], [0.14310081479914558, 0.32099515585853844, 0.29953589351195253, 0.2363681358303632], [0.2790893081294955, 0.30806358309569004, 0.1514765204537404, 0.2613705883210736], [0.1997549306353539, 0.26199966947365716, 0.23447642734711102, 0.30376897254387836], [0.33233742157946816, 0.28171125280938397, 0.11678337067217687, 0.2691679549389707], [0.14016508240430034, 0.3461149720520641, 0.2480038551631308, 0.2657160903805046], [0.22344937952717595, 0.34455622013934534, 0.1331327595548211, 0.2988616407786573], [0.12816308054957434, 0.3295947709219901, 0.24466966377120888, 0.29757248475722675], [0.26945760571565697, 0.29200522764660425, 0.09506448949512912, 0.3434726771426096], [0.23299546511363306, 0.2787732290467769, 0.17594772776010922, 0.3122835780794808], [0.23576370876526825, 0.3004132055453237, 0.09773543958214763, 0.3660876461072604], [0.2761598346170621, 0.28140674783734276, 0.08788891175841777, 0.3545445057871772], [0.16842327920212824, 0.32715647097709905, 0.2294968667030032, 0.27492338311776965], [0.1880346405127026, 0.2503829907576881, 0.2611781599845237, 0.30040420874508544], [0.3160877576063173, 0.270200187270407, 0.11501760025712249, 0.298694454866153], [0.24424264931585776, 0.32348061183232885, 0.11546274263850896, 0.3168139962133045], [0.19492799185378973, 0.2844891319088546, 0.19913368527064035, 0.3214491909667152], [0.3393248555059782, 0.2353589690610295, 0.10647395980360633, 0.31884221562938614], [0.2678695704035973, 0.2647795211612419, 0.15416725913113635, 0.31318364930402465], [0.16999230787794795, 0.3382744396004408, 0.1828447999527301, 0.30888845256888114], [0.1463740770605533, 0.31575880849882376, 0.3736232408421916, 0.164243873598431], [0.22684767821004184, 0.24901834236186163, 0.22599832015663576, 0.29813565927146046], [0.272652091285133, 0.27928913338757677, 0.1378831121587254, 0.310175663168565], [0.23858532820988643, 0.3260747713050452, 0.15045830366657065, 0.28488159681849784], [0.23862603095619314, 0.31094739077821715, 0.09588392039029192, 0.35454265787529776], [0.198161420168738, 0.3011736979115305, 0.308089821440708, 0.19257506047902384], [0.36932342441455024, 0.20894308980359877, 0.1342032561690344, 0.2875302296128164], [0.3236894886547184, 0.21571634632334902, 0.14965568926274128, 0.31093847575919115], [0.27562355426733853, 0.303901556266537, 0.10425126531238296, 0.3162236241537414], [0.2033314339983802, 0.2923137184277205, 0.27488810507687195, 0.2294667424970272], [0.20913937855526266, 0.24885660822366104, 0.3154054104864459, 0.22659860273463084], [0.21176953055565007, 0.3106636448644268, 0.14625835601494624, 0.3313084685649768], [0.26287927977883346, 0.2834578666474849, 0.15428935215854644, 0.29937350141513536], [0.21966391643650543, 0.275820250764938, 0.23994015017404158, 0.264575682624515], [0.21302681618685504, 0.2544240090168935, 0.2965861846497163, 0.23596299014653535], [0.22894562033622728, 0.2957559308294865, 0.24027066057502414, 0.23502778825926215], [0.314522363286727, 0.26067484533859514, 0.15637635857336168, 0.2684264328013157], [0.23443960143781256, 0.32076973371290257, 0.15230920285597827, 0.29248146199330644], [0.22815092354769143, 0.310508708777761, 0.17786013867712036, 0.2834802289974269], [0.22042859869592146, 0.28310486722596573, 0.12198442267570728, 0.37448211140240534], [0.1534217152910042, 0.3271119438740128, 0.244895168375533, 0.27457117245945006], [0.340778698746459, 0.23195389166073585, 0.14184111131846217, 0.28542629827434307], [0.29260269608585504, 0.2752081950109114, 0.18573422826660438, 0.24645488063662901], [0.26371847225884554, 0.26710055292391915, 0.17547486841300053, 0.29370610640423495], [0.197686087997148, 0.26557691140619466, 0.21613489647144185, 0.32060210412521545], [0.2900695294792167, 0.2613280821507277, 0.15162425689582537, 0.2969781314742302], [0.2952909823887494, 0.2182865949489137, 0.17392510319214405, 0.3124973194701927], [0.1342058368796123, 0.30620195014756224, 0.3892073168217512, 0.1703848961510744], [0.2413463122145036, 0.3217566304817754, 0.08243172639094026, 0.3544653309127806], [0.2689723275723628, 0.2756543219037262, 0.14827333271741783, 0.3071000178064931], [0.23839359871883056, 0.2539435692843069, 0.2621636166237396, 0.24549921537312283], [0.28208852003814766, 0.2534585380112946, 0.17891359339923404, 0.28553934855132346], [0.19067558384802494, 0.2945579513147631, 0.2578001894309518, 0.2569662754062599], [0.20052647619564262, 0.3216961977246706, 0.16212830575947426, 0.3156490203202123], [0.21137577696796142, 0.30363905354181453, 0.17556178404101538, 0.3094233854492085], [0.2709259621121677, 0.30583327514516173, 0.12650254681301448, 0.29673821592965616], [0.311922458837569, 0.2521031128103416, 0.1545465947504073, 0.2814278336016824], [0.34084125079796296, 0.22628981355612543, 0.1211605685432687, 0.3117083671026429], [0.2641638865000773, 0.24658438394028348, 0.19080138931001484, 0.2984503402496243], [0.2125607214064078, 0.27009512658025836, 0.3097132329040187, 0.20763091910931544], [0.2445052707769432, 0.2828081951420823, 0.24033346037567158, 0.23235307370530306], [0.21575312762268736, 0.316492630571393, 0.1295090395435592, 0.3382452022623605], [0.25724543666193384, 0.3045490487688024, 0.15733500737637046, 0.28087050719289325], [0.26939517671497404, 0.299226135584916, 0.08650874582456615, 0.34486994187554404], [0.10798730011724324, 0.3696133610576092, 0.30215662669534615, 0.2202427121298012], [0.22142157452484043, 0.31146404164544506, 0.186205996405238, 0.2809083874244768], [0.22022416480622753, 0.31848046844399663, 0.17969687186381844, 0.2815984948859574], [0.1627104120977999, 0.37121051950249123, 0.1812942855043916, 0.284784782895317], [0.19623803766169978, 0.2556612019868421, 0.27962362515528083, 0.2684771351961775], [0.20459105355366655, 0.3019572731986379, 0.23758534402513004, 0.25586632922256514], [0.29168837428272565, 0.2883419183767211, 0.10455477159317877, 0.31541493574737445], [0.28407009312258247, 0.2819696710289526, 0.13351881263382157, 0.3004414232146431], [0.23385470214018136, 0.27363721265667906, 0.19727377659683695, 0.2952343086063027], [0.21817946182280185, 0.30472202036796886, 0.14879470439030862, 0.3283038134189204], [0.2724554127525054, 0.2842759664076113, 0.09948249415158571, 0.34378612668829767], [0.2467955214703955, 0.24715695359370277, 0.23175813688789018, 0.2742893880480113], [0.13409583773070946, 0.2733184555226164, 0.40681465572078285, 0.185771051025891], [0.24809547915742988, 0.3304674834163402, 0.07802771715318171, 0.3434093202730479], [0.2692705832577799, 0.2625542805316111, 0.14961749540893057, 0.3185576408016784], [0.3405088272886566, 0.24076999980650185, 0.0848050072862907, 0.33391616561855064], [0.16614468403616797, 0.28779221275542016, 0.28016122453461056, 0.2659018786738012], [0.2287989147444615, 0.2537591498972457, 0.20406466890330294, 0.31337726645499], [0.3483620106632936, 0.2545054623021552, 0.08326700343856208, 0.3138655235959888], [0.11778198977211035, 0.3450380079826849, 0.2141643596347291, 0.3230156426104754], [0.19979476723584805, 0.32338211145386103, 0.22292598209913983, 0.25389713921115126], [0.3457153350500546, 0.2202903168090875, 0.06122605779073232, 0.37276829035012554], [0.26850247398263755, 0.2567373900143621, 0.19705013340583402, 0.2777100025971664], [0.2350149545184009, 0.2959674398871456, 0.21834398399676527, 0.2506736215976884], [0.24113293006718825, 0.24346204013812883, 0.19183093579716642, 0.3235740939975163], [0.2338941158024164, 0.3110472893938387, 0.12450816407510423, 0.3305504307286406], [0.24144626925155424, 0.25411005975148704, 0.22960154734497737, 0.27484212365198135], [0.21675021053763321, 0.3440769617582313, 0.1120931720190113, 0.32707965568512454], [0.24509827836587555, 0.2300691220228614, 0.35242070213098425, 0.17241189748027883], [0.19308305753351973, 0.30753486752315856, 0.2438922829831557, 0.2554897919601661], [0.2745057553892827, 0.26990748376868573, 0.17431465380669434, 0.2812721070353373], [0.11712100543666411, 0.27581582609331284, 0.43255556051266625, 0.17450760795735687], [0.2090827579257034, 0.3688838366734384, 0.15004391886896368, 0.2719894865318945], [0.2026944690916957, 0.32471200230979175, 0.1851884109874105, 0.28740511761110205], [0.1545287792690593, 0.3166769585485831, 0.260707043353257, 0.2680872188291006], [0.15608351551119842, 0.36262551243802993, 0.17902561366343678, 0.3022653583873348], [0.3405471375934035, 0.2688016330878017, 0.10027167953976039, 0.29037954977903435], [0.18229208178648348, 0.304632957723676, 0.1888340458972246, 0.3242409145926159], [0.2601034838066946, 0.28582413265596696, 0.12476728248551235, 0.329305101051826], [0.2541315873616671, 0.29878445481852356, 0.11513688357216839, 0.3319470742476411], [0.2255189598537065, 0.2939948349034648, 0.12994836914252964, 0.35053783610029915], [0.33652297336905956, 0.23356638667194426, 0.09318181258123757, 0.3367288273777588], [0.10533143922867638, 0.33007763953758235, 0.3444286491878229, 0.22016227204591796], [0.1758684975041091, 0.2900049346108161, 0.36677904065533357, 0.1673475272297411], [0.2725506072190027, 0.2574337234294874, 0.2521413430188511, 0.2178743263326585], [0.2876081824353389, 0.2854843875944761, 0.05641874864168868, 0.37048868132849616], [0.2749594122216249, 0.26953662168806153, 0.14355118032258185, 0.3119527857677318], [0.26689114141482734, 0.26810220511667976, 0.1413596991599952, 0.3236469543084976], [0.3343035088123086, 0.21080558845625355, 0.15521744753258174, 0.2996734551988558], [0.332475451464216, 0.27495439012192907, 0.08303915488152823, 0.3095310035323269], [0.2903850774628261, 0.27745166894578893, 0.11492018463044061, 0.31724306896094434], [0.2386937966082131, 0.28776836858033833, 0.1723566455467548, 0.3011811892646939], [0.2984235029722926, 0.29389791999033277, 0.10354321212570324, 0.30413536491167126], [0.19247704957990944, 0.2582581128699438, 0.25566245258066106, 0.29360238496948543], [0.2527639891767773, 0.2748157821683623, 0.1577989331264849, 0.31462129552837576], [0.1974184500775663, 0.2971470690384968, 0.2084943041394881, 0.29694017674444884], [0.2441770764376502, 0.2839285574358735, 0.17152315293016293, 0.3003712131963136], [0.28123769625287626, 0.27543000982322197, 0.13669160716272974, 0.30664068676117195], [0.31338575950372727, 0.2327148901176638, 0.12739336281887195, 0.32650598755973703], [0.34814134887733456, 0.24631192910339406, 0.0740776446247364, 0.33146907739453496], [0.2905785987031724, 0.2545074818590185, 0.1089060321467152, 0.34600788729109366], [0.24212639847528808, 0.2964933799963797, 0.13577044385969692, 0.3256097776686356], [0.10709877826169718, 0.3106344215504048, 0.3351371240349978, 0.2471296761529004], [0.25708254315462176, 0.26881058677866754, 0.12684339860269622, 0.3472634714640147], [0.16702914339846264, 0.2880679110120694, 0.38019858451594457, 0.16470436107352351]]}, "rewritten": {"ids": ["97105580", "97107260", "97107920", "97111790", "97113900", "97114170", "97116790", "98109230", "98111670", "98116090", "98116940", "99108010", "99108310", "99108520", "99109141", "99109370", "99109780", "99109860", "99113260", "99116500", "100109330", "100113370", "100116500", "101110150", "101110740", "101112690", "101116130", "101119591", "102107961", "102109010", "102110750", "102112250", "102114270", "103109641", "103109791", "103110760", "103112641", "103117200", "103118110", "104111550", "104113210", "104113240", "104113550", "104116800", "105110091", "105112130", "105113170", "105114220", "105115250", "105115720", "105116090", "105117431", "105119550", "106113360", "106114280", "106115120", "106115240", "106117790", "106118301", "106119990", "106120640", "107113170", "107113200", "107114200", "107114490", "107114621", "107116501", "107116980", "107118120", "107121640", "108113620", "108113760", "108114040", "108114220", "108114670", "108115570", "108115880", "108116501", "108117610", "108118301", "108118810", "108120280", "108120700", "109113281", "109114220", "109114651", "109115070", "109115380", "109116040", "109116810", "109117080", "109117150", "109117600", "109118161", "109120621", "109121640", "110113591", "110114610", "110114651", "110114950", "110115580", "110115710", "110115890", "110116441", "110117110", "110118161", "110118181", "110118301", "110118450", "110118630", "110118810", "110120190", "110121170", "110121720", "111114121", "111114941", "111115770", "111116170", "111116530", "111118810", "111119250", "111120531", "111121220", "111121410", "112117210", "112117780", "112118471", "112118930", "112119980", "112120290", "112121351", "112121360", "112121430", "113118511", "113119300", "113119700", "113120640", "113121750", "113121950", "113122430", "113122510", "113122650"], "labels": [1, 2, 0, 2, 2, 2, 2, 1, 1, 0, 2, 2, 2, 2, 3, 1, 2, 2, 0, 2, 0, 3, 2, 1, 3, 1, 2, 0, 3, 1, 1, 0, 3, 1, 3, 1, 3, 0, 2, 1, 3, 2, 1, 1, 0, 1, 0, 3, 2, 1, 1, 1, 1, 0, 3, 1, 1, 1, 1, 0, 3, 0, 0, 2, 3, 0, 1, 3, 3, 1, 3, 1, 0, 3, 3, 3, 3, 0, 3, 1, 1, 3, 2, 0, 3, 3, 0, 3, 0, 3, 1, 2, 1, 0, 1, 0, 0, 1, 3, 0, 1, 2, 2, 3, 0, 0, 1, 1, 0, 1, 1, 3, 2, 3, 0, 0, 3, 0, 3, 0, 1, 0, 3, 0, 1, 0, 1, 1, 0, 1, 0, 3, 2, 1, 1, 0, 0, 0, 3, 2, 2, 2], "predicted_labels": [0, 2, 3, 3, 2, 3, 2, 2, 2, 1, 1, 1, 3, 2, 1, 1, 1, 1, 1, 1, 0, 1, 0, 3, 1, 1, 3, 0, 1, 1, 2, 3, 0, 3, 2, 1, 2, 3, 3, 1, 3, 1, 0, 1, 1, 1, 3, 3, 1, 1, 1, 1, 3, 1, 3, 0, 3, 1, 0, 3, 1, 3, 0, 1, 1, 3, 1, 0, 1, 3, 3, 3, 1, 2, 1, 3, 1, 3, 3, 3, 3, 0, 0, 3, 1, 0, 1, 1, 3, 0, 1, 0, 0, 0, 1, 1, 0, 2, 3, 0, 0, 2, 1, 1, 2, 3, 1, 1, 1, 3, 3, 3, 1, 1, 1, 3, 3, 3, 1, 3, 1, 1, 1, 3, 1, 0, 1, 3, 3, 2, 3, 0, 1, 3, 3, 1, 3, 3, 3, 3, 1, 3], "confidence_scores": [[0.29521347641242557, 0.25723878500847186, 0.20028859049338107, 0.24725914808572155], [0.11256190948415615, 0.27396204081293885, 0.3773797337356996, 0.23609631596720515], [0.31952479363004116, 0.22670218616977633, 0.11693954719850602, 0.3368334730016764], [0.2369721642227412, 0.25479616559207946, 0.1725496165663811, 0.335682053618798], [0.2054992420927265, 0.26653633136636473, 0.27382366699374244, 0.2541407595471664], [0.17944057690010587, 0.29921330302849297, 0.20469624388303687, 0.31664987618836415], [0.19323805490529225, 0.25890133859317954, 0.32800677006995066, 0.21985383643157788], [0.19393042128187263, 0.27564860124005375, 0.3282672628024996, 0.20215371467557397], [0.1861368884003124, 0.2558376091419734, 0.3041646849243241, 0.25386081753339057], [0.20963553443194866, 0.29423661043862587, 0.23324487956133125, 0.2628829755680941], [0.14104840074536273, 0.33970423832640373, 0.26197111486362124, 0.2572762460646119], [0.1617936740264424, 0.34003330496351486, 0.2398864770429763, 0.25828654396706635], [0.2704295023471493, 0.26547031084108086, 0.16129592612881088, 0.30280426068295885], [0.15574330987752946, 0.2965621604202846, 0.3614741764028604, 0.18622035329932557], [0.2462621602689086, 0.2887411961227646, 0.15645689143450373, 0.30853975217382307], [0.2428555868661893, 0.29510308046005684, 0.159380160744074, 0.30266117192968006], [0.1697983510114092, 0.3161318322559236, 0.26062074192602697, 0.25344907480664036], [0.18244672099094672, 0.2877103257327546, 0.2607097045643664, 0.26913324871193217], [0.21842401264619338, 0.30042263635495425, 0.267364027855676, 0.21378932314317636], [0.11107831680834757, 0.328742630162279, 0.31126363298209114, 0.2489154200472825], [0.310483491784763, 0.2814607709457307, 0.10976350643564377, 0.2982922308338624], [0.18643030488463577, 0.28104888204618445, 0.2571731369690175, 0.27534767610016203], [0.24909152248424857, 0.2560896574564763, 0.22374126296232644, 0.2710775570969488], [0.2305685893564367, 0.3129126600500113, 0.12417491836459148, 0.33234383222896047], [0.13484604779098242, 0.3319367656320565, 0.24770329887339496, 0.28551388770356617], [0.18764670897827374, 0.29353135173352524, 0.27767346909421664, 0.24114847019398453], [0.1714044799674837, 0.2707840008141593, 0.26421895951622487, 0.293592559702132], [0.3465324647041728, 0.22640598172843038, 0.1357892501685002, 0.2912723033988966], [0.2267894035344829, 0.2926539946802537, 0.22152879262561653, 0.2590278091596467], [0.20678297671142426, 0.29957687853439047, 0.21424241217680978, 0.27939773257737555], [0.15868270203020937, 0.30355396351337344, 0.36137907600344005, 0.17638425845297684], [0.20023083749387535, 0.2435493757243192, 0.25155469851584294, 0.3046650882659624], [0.2976535764437816, 0.2878948461789345, 0.0955584557688568, 0.3188931216084272], [0.2049796365278352, 0.2640385286639364, 0.21725866294227136, 0.313723171865957], [0.22558450202281596, 0.25412811918202316, 0.28982244035217886, 0.23046493844298205], [0.250066120848388, 0.2909704314231209, 0.14869847282861667, 0.31026497489987437], [0.18712690094699755, 0.282906714362716, 0.2634123888663903, 0.2665539958238963], [0.25979957572501094, 0.3097399563420253, 0.08624363537358871, 0.34421683255937496], [0.1845720452562795, 0.25750486333636236, 0.24115087486767092, 0.3167722165396873], [0.21434835741534788, 0.30213131153462336, 0.22442976172927614, 0.25909056932075253], [0.2831978095664639, 0.23512396452157283, 0.12741558751210863, 0.3542626383998548], [0.12804370172191054, 0.35372073226883105, 0.2652583082382747, 0.2529772577709839], [0.3129326279947386, 0.2245650828513258, 0.17043184437846157, 0.2920704447754741], [0.2011890812899599, 0.29056914734064243, 0.2018041865690926, 0.3064375848003051], [0.20529598330883553, 0.2934025407544596, 0.22561782509464984, 0.27568365084205554], [0.18410242677252522, 0.3055494790151986, 0.20786685209614403, 0.3024812421161322], [0.22677525622827016, 0.28759501055694137, 0.10957674077742417, 0.37605299243736434], [0.300277809834576, 0.2714177812435155, 0.10287469107518542, 0.3254297178467231], [0.2488975353284781, 0.2921305485584579, 0.18273960242387283, 0.2762323136891912], [0.17674321885226538, 0.3310530375378044, 0.17091070226100374, 0.32129304134892633], [0.24795169086967386, 0.2768206568677733, 0.17748301543322306, 0.2977446368293298], [0.17136624425131589, 0.3067854508700452, 0.2653942250542225, 0.2564540798244163], [0.2803968687790121, 0.29787739562082444, 0.08891879595037651, 0.3328069396497871], [0.26019105675600085, 0.3068033289509867, 0.15634385434165848, 0.2766617599513541], [0.2135732865744391, 0.3002316846513274, 0.16004749379336017, 0.32614753498087345], [0.3469472836538141, 0.2546722522395531, 0.08507530655391288, 0.31330515755272015], [0.2741618084670393, 0.2553199824236609, 0.17499110696655512, 0.29552710214274464], [0.2166608402107376, 0.29267790146820866, 0.2581470115936233, 0.23251424672743023], [0.29811454894965445, 0.27377438089139267, 0.10796781672924792, 0.32014325342970507], [0.20896613866580746, 0.29570795245196935, 0.1391099844537747, 0.3562159244284486], [0.12957823963716208, 0.35805046903496146, 0.22027694770932726, 0.29209434361854925], [0.2523107731472788, 0.27983890550754403, 0.14986761481007133, 0.31798270653510613], [0.3340739567497077, 0.23658995949390843, 0.10703794483666014, 0.3222981389197238], [0.23463524581512973, 0.32521921296624345, 0.11750853247210724, 0.32263700874651957], [0.19383207981970998, 0.3183783723461712, 0.1595446275994755, 0.32824492023464324], [0.2086654886320845, 0.31264538665931635, 0.15156897793218327, 0.32712014677641577], [0.20062612680818698, 0.3200784435106698, 0.1649649339150284, 0.3143304957661148], [0.34096111748631963, 0.2547449320989602, 0.11169598664720835, 0.29259796376751185], [0.19845685936752758, 0.34292284378295873, 0.12570837898552226, 0.3329119178639917], [0.20234668036396655, 0.26872238112645086, 0.2538156358296671, 0.27511530267991546], [0.25289495730545536, 0.26611750481391466, 0.15656059810027365, 0.3244269397803564], [0.2428374724460623, 0.27053941346787536, 0.19314469184085653, 0.2934784222452058], [0.18747903418015416, 0.3253696375579637, 0.1717313455078379, 0.3154199827540442], [0.15727759852324863, 0.2865362144694796, 0.33844646362738884, 0.2177397233798833], [0.194825803121788, 0.30024890625153083, 0.22445279284976563, 0.2804724977769156], [0.23280164100973927, 0.23998462711490615, 0.2310479562976846, 0.2961657755776699], [0.26680069791327504, 0.28767539548099297, 0.14851938298888814, 0.29700452361684315], [0.3023315114374536, 0.24020300749660467, 0.12856512335144676, 0.32890035771449494], [0.2586182625428273, 0.29797567422786453, 0.07417517773657034, 0.3692308854927378], [0.24776415831595108, 0.28628479893324565, 0.135371238161442, 0.33057980458936137], [0.2350657208415773, 0.2984073579443162, 0.0945036797953336, 0.37202324141877313], [0.29912346491304026, 0.2194989407931877, 0.161015449452245, 0.32036214484152686], [0.32366157778008403, 0.23955521737925317, 0.11711396872521039, 0.31966923611545267], [0.28320943520065167, 0.28037595249639496, 0.085001590344897, 0.35141302195805624], [0.24140594020713932, 0.2969173697606576, 0.1541165571952934, 0.3075601328369097], [0.31848591807623705, 0.2155456002198617, 0.17429176989683087, 0.29167671180707033], [0.20688251805678942, 0.35371128458217116, 0.1475167769214556, 0.2918894204395834], [0.18507581162961623, 0.3077676857870458, 0.1845177226173692, 0.3226387799659688], [0.19600417609932472, 0.2714630888675109, 0.207636433691777, 0.32489630134138775], [0.27513620949634837, 0.2831719570583455, 0.12067370376973349, 0.3210181296755728], [0.1424193921074857, 0.3698500629278524, 0.19836803585399587, 0.2893625091106664], [0.2534843374473562, 0.27003942907663486, 0.2016300297942294, 0.2748462036817798], [0.28880602789161997, 0.26262697795381246, 0.1477180242199621, 0.3008489699346055], [0.2999885446318547, 0.2748373220214734, 0.12713542702939906, 0.29803870631727286], [0.2698631555192278, 0.2888933153011586, 0.12457562146405417, 0.3166679077155594], [0.22355366970854168, 0.2885033133632222, 0.18301025519267106, 0.30493276173556516], [0.31677895462235006, 0.25615740429525413, 0.10238251391843374, 0.3246811271639622], [0.19453551301501557, 0.2905319536458064, 0.2889545510834846, 0.2259779822556932], [0.20632810268099414, 0.30884740681033584, 0.1632156419182231, 0.3216088485904467], [0.33991173434781496, 0.23674182927278187, 0.0806425566096079, 0.34270387976979516], [0.29790261065744295, 0.2540538204288181, 0.16709711728603993, 0.28094645162769916], [0.1890077173166533, 0.27423592567148836, 0.2806388870733154, 0.25611746993854295], [0.11301023844897658, 0.3362505938948081, 0.2953948629319157, 0.2553443047242996], [0.2323149168741343, 0.2833318504888284, 0.2288140702132499, 0.2555391624237869], [0.1381627089170192, 0.2833206413115398, 0.36525661558758354, 0.2132600341838577], [0.27988637198729677, 0.2688355916252709, 0.12374071156837872, 0.3275373248190536], [0.24821093075644102, 0.3133696364490308, 0.14088365364357483, 0.29753577915095314], [0.2167515704890842, 0.3234069985270862, 0.13451818491748763, 0.3253232460663418], [0.15870366871404198, 0.31127331989647644, 0.3373815404568649, 0.19264147093261694], [0.1910950126253783, 0.2900915447520348, 0.20351230842520215, 0.31530113419738515], [0.24328659477365613, 0.2507490092101296, 0.1911862149196975, 0.31477818109651645], [0.27220725474533985, 0.2977587024758395, 0.0816830005546346, 0.34835104222418595], [0.15006557694864125, 0.29647416507462465, 0.2846793294992752, 0.26878092847745894], [0.19887472499801606, 0.29468233948923966, 0.20604116747597562, 0.30040176803676866], [0.23483721070937122, 0.32980806516898326, 0.12217975524108937, 0.3131749688805556], [0.27950945736085814, 0.27596037572549187, 0.10351249427214407, 0.34101767264150584], [0.23827628758662803, 0.2787079654304055, 0.15658886824980472, 0.3264268787331618], [0.24879545556461952, 0.30636372745191437, 0.09043714109332104, 0.35440367589014504], [0.19779870401676833, 0.3493104815876395, 0.196190063855351, 0.2567007505402413], [0.28294771668268937, 0.28152295204926336, 0.06282489352102576, 0.3727044377470216], [0.11851512257974474, 0.3232379339081164, 0.2743747344814876, 0.2838722090306512], [0.1976416042076125, 0.3275269712091217, 0.16884842464653813, 0.30598299993672756], [0.21938774341088255, 0.3302385234012219, 0.1035366830147464, 0.3468370501731492], [0.24656749153112398, 0.29931882047715497, 0.11422389519517642, 0.33988979279654447], [0.1488902632046028, 0.32139566865518826, 0.27836485570559394, 0.2513492124346153], [0.31718071422723204, 0.24655343550432962, 0.1340841907674999, 0.3021816595009383], [0.22104440017515004, 0.2768551359771348, 0.23772051221928722, 0.26437995162842753], [0.24748343439412404, 0.30202028253046304, 0.1015886490181875, 0.3489076340572255], [0.27635914454232685, 0.2564648039193327, 0.11497183629179862, 0.3522042152465419], [0.24338291590022712, 0.23024843956232452, 0.3397179278015498, 0.18665071673589856], [0.2899595975183349, 0.253790912837194, 0.10876641254775257, 0.34748307709671833], [0.3171070965541699, 0.278541484087562, 0.1333606798246603, 0.27099073953360775], [0.28455763939453715, 0.29472768213728334, 0.09729049769565862, 0.3234241807725209], [0.22875512524645852, 0.2733636842596169, 0.21065192246690276, 0.2872292680270217], [0.33148211358461216, 0.22845169488871717, 0.06913034133353577, 0.3709358501931351], [0.20561770349589736, 0.32682408038062205, 0.17599169879996254, 0.2915665173235179], [0.25419048159409174, 0.28576259585268887, 0.1363624408355384, 0.3236844817176811], [0.24286220759635888, 0.30913366253997887, 0.113746599189345, 0.33425753067431746], [0.19816987469451222, 0.2598910350776009, 0.24574203827437652, 0.29619705195351037], [0.1353269894880374, 0.32811886598766665, 0.20702206276165694, 0.32953208176263904], [0.18800844863092164, 0.31060145350514373, 0.27020274154698376, 0.23118735631695103], [0.21488628462995807, 0.27973968969713686, 0.16747594951248929, 0.33789807616041545]]}}