{"test": {"ids": ["112117471", "113120280", "107118820", "109116170", "100112060", "99107630", "111114941", "108115870", "113118111", "98112300", "110118301", "105117351", "109115380", "110118181", "111121190", "105116090", "97107821", "97118210", "113120531", "104113380", "109117600", "98109570", "108115880", "108116120", "110119891", "105115680", "103120780", "102107961", "113118620", "105113260", "97116410", "107118490", "110114920", "103117200", "97116790", "102117351", "105121190", "105117431", "107114621", "107119390", "102108621", "103118110", "98108580", "113118421", "109119010", "104116980", "113122170", "105113330", "105120280", "108114270", "109114030", "102110050", "101111990", "107112840", "101115190", "104118340", "107113360", "111114171", "99109311", "103120290", "104114410", "101110200", "112116900", "113118490", "113121220", "101108370", "108119510", "105115570", "101108580", "110121720", "105112240", "97116500", "99112531", "110119030", "101112160", "103111170", "108115070", "105116650", "106113360", "98119591", "101119591", "111120320", "103111830", "99107950", "97109080", "97106770", "111121220", "98121790", "112118810", "108116501", "108113620", "112120670", "101108080", "100111380", "109113881", "105115380", "108121190", "111118910", "104113170", "112121430", "112118890", "98107340", "98108150", "107119950", "102112170", "110114610", "101112201", "113120830", "112118860", "110116170", "111114321", "106116120", "108120700", "113118820", "107113260", "106118820", "113117630", "109118231", "103109021", "110114321", "113119340", "104114240", "108120060", "104119340", "112116451", "111114121", "113119120", "101117580", "107114200", "109117730", "108114180", "110113591", "113121680", "99108520", "108115570", "111117200", "103120531", "99107660", "110118810", "104114320", "104113190", "97112290"], "labels": [3, 0, 3, 0, 2, 2, 0, 3, 1, 2, 1, 0, 3, 1, 1, 1, 2, 2, 0, 1, 1, 1, 3, 1, 3, 2, 1, 3, 3, 3, 3, 2, 3, 0, 2, 1, 2, 1, 0, 2, 3, 2, 0, 3, 3, 1, 1, 3, 3, 3, 1, 3, 2, 1, 1, 2, 0, 3, 1, 2, 1, 2, 3, 1, 3, 1, 1, 0, 0, 3, 1, 2, 3, 0, 3, 2, 1, 1, 0, 1, 0, 1, 3, 1, 2, 3, 3, 2, 3, 0, 3, 2, 0, 3, 0, 1, 1, 0, 3, 2, 3, 0, 0, 3, 3, 1, 0, 3, 3, 0, 1, 1, 2, 0, 0, 3, 0, 1, 0, 1, 0, 0, 1, 1, 0, 0, 3, 3, 2, 3, 1, 0, 1, 2, 3, 0, 3, 3, 1, 2, 3, 1], "predicted_labels": [1, 3, 2, 0, 3, 3, 0, 0, 0, 0, 3, 0, 2, 1, 3, 0, 1, 3, 1, 3, 1, 0, 3, 3, 0, 1, 0, 0, 1, 1, 3, 1, 3, 1, 3, 1, 3, 1, 0, 1, 0, 0, 3, 3, 1, 1, 0, 3, 1, 3, 1, 0, 3, 3, 0, 3, 0, 3, 1, 1, 0, 1, 1, 3, 0, 0, 1, 0, 0, 3, 1, 3, 0, 3, 3, 3, 1, 0, 1, 2, 0, 1, 0, 0, 2, 3, 1, 3, 3, 0, 3, 1, 0, 0, 3, 2, 1, 0, 2, 3, 3, 1, 3, 3, 0, 1, 0, 1, 0, 3, 0, 1, 0, 3, 3, 0, 1, 3, 3, 3, 1, 0, 1, 0, 0, 1, 1, 1, 3, 3, 0, 1, 1, 3, 3, 3, 0, 0, 1, 0, 1, 2], "confidence_scores": [[0.21499364317981035, 0.3286861286973329, 0.1360596360734428, 0.3202605920494139], [0.22601690573951416, 0.24023655596192078, 0.18677471231125117, 0.346971825987314], [0.24227045609598954, 0.19360335548043844, 0.3184912519971358, 0.2456349364264362], [0.32768767820349515, 0.22619300694914563, 0.1754529781836283, 0.2706663366637312], [0.1652703677347392, 0.2580829002819978, 0.23905655684125035, 0.33759017514201256], [0.23741993300337708, 0.2418678655777471, 0.18055556683188417, 0.34015663458699175], [0.37771382775655454, 0.2404829901599228, 0.16738584533652276, 0.21441733674699995], [0.38048165780062476, 0.2672756495742693, 0.11618602964700074, 0.2360566629781054], [0.30030900549715844, 0.26243960236835223, 0.15026480551975788, 0.28698658661473153], [0.3975635140530139, 0.2621354827076822, 0.11604718195581928, 0.22425382128348462], [0.19938105866406555, 0.2170679682133383, 0.13990042121871557, 0.44365055190388064], [0.3835864985938241, 0.16625094857499442, 0.1440648249608947, 0.3060977278702869], [0.2160537020513698, 0.2540888388998193, 0.2672561692891289, 0.262601289759682], [0.29635527976531895, 0.3122426082141797, 0.2011106018205004, 0.19029151020000112], [0.2420560439162449, 0.2684974177726073, 0.17759039282402972, 0.31185614548711804], [0.3020244206290503, 0.26515553254488056, 0.16238960745341513, 0.27043043937265404], [0.22867759592565515, 0.35850564622918646, 0.09755048554957257, 0.315266272295586], [0.2399521735755245, 0.24858182211821384, 0.25223219823078546, 0.2592338060754763], [0.1892954668846716, 0.4520673500661323, 0.162790725428663, 0.19584645762053304], [0.19824565031001062, 0.2840075522256337, 0.20452752366778884, 0.3132192737965669], [0.19402265360344978, 0.3059170402322608, 0.2356395115788667, 0.2644207945854226], [0.33656723091658386, 0.3231839786503302, 0.129220059545433, 0.2110287308876531], [0.13535298398876872, 0.27201285540038117, 0.12486725649091195, 0.46776690411993815], [0.30861026302569644, 0.1955594491942069, 0.13139117294343283, 0.36443911483666386], [0.30171068411346863, 0.26708719594658603, 0.1331727407523286, 0.2980293791876166], [0.14069352444161995, 0.3145628539299079, 0.31090468646173064, 0.23383893516674154], [0.36187146683213106, 0.2972856128800423, 0.11463766723064422, 0.22620525305718261], [0.2914442392708891, 0.26603905539364525, 0.17596437517288996, 0.26655233016257573], [0.21842268545572344, 0.40894768707354234, 0.12471473300887566, 0.24791489446185866], [0.2055811066098182, 0.42554837516440674, 0.11149415131158355, 0.2573763669141916], [0.29995840929249407, 0.24216516176229322, 0.14281474924100843, 0.31506167970420423], [0.15187589254492068, 0.43650193672768817, 0.17300990030405902, 0.2386122704233321], [0.2749582179918015, 0.2619418274584347, 0.1474437288383764, 0.3156562257113877], [0.24045718698546895, 0.3324633100106937, 0.1510231962106307, 0.2760563067932068], [0.19655058025724134, 0.24561607311309538, 0.27754914165583294, 0.2802842049738305], [0.2337622302761683, 0.46887970740770496, 0.11756034737811298, 0.1797977149380139], [0.2413296941564633, 0.28949995517676064, 0.17833209871546934, 0.2908382519513067], [0.21959574498000428, 0.3854366823998307, 0.17872819659109862, 0.21623937602906665], [0.3784776814191468, 0.22694240266163482, 0.1310263692073979, 0.26355354671182063], [0.22408272761952525, 0.27882009539459257, 0.2770899669031031, 0.22000721008277915], [0.3882737211717252, 0.30199214379233236, 0.11188523322190713, 0.1978489018140354], [0.2784019586799847, 0.24530544162384665, 0.22197033672839483, 0.25432226296777377], [0.21897372122658687, 0.2512594129707971, 0.24384785068197753, 0.2859190151206386], [0.2787776596431079, 0.25488750656469805, 0.15386790648304755, 0.3124669273091466], [0.21978200671225415, 0.3986632213756183, 0.1538960426164091, 0.2276587292957185], [0.19576070968689482, 0.4394768588726801, 0.13878192229629246, 0.22598050914413279], [0.3235713026322448, 0.2525843826948545, 0.18111852289162325, 0.24272579178127734], [0.1940172155874737, 0.2479246721981822, 0.18841793859642997, 0.3696401736179142], [0.31028405810611775, 0.3251318047362486, 0.14917444299239835, 0.2154096941652355], [0.2868274610456542, 0.24504751602244057, 0.15518157356988294, 0.31294344936202234], [0.17737187136882587, 0.4911759230253434, 0.10914101870981203, 0.22231118689601886], [0.29958549752739, 0.23444322069698864, 0.2731901855196962, 0.19278109625592538], [0.252389586167095, 0.26297816431152626, 0.22114671588273987, 0.2634855336386389], [0.2374138817350447, 0.2591398818391982, 0.23261536009457134, 0.27083087633118563], [0.29640479366707007, 0.2803927604530294, 0.18107460703164052, 0.24212783884826009], [0.18555891815690784, 0.26119492459765964, 0.26673988295237344, 0.28650627429305897], [0.4739450938766606, 0.2779800738350257, 0.08962301809627525, 0.1584518141920387], [0.24013886715600047, 0.2749256724415391, 0.1760496933393775, 0.30888576706308296], [0.16278779822109904, 0.3607565267198119, 0.20120915237766784, 0.2752465226814213], [0.25222023995055526, 0.30951748844914423, 0.16284517807739704, 0.27541709352290367], [0.290474241620389, 0.25955799190482437, 0.16700759238297752, 0.2829601740918092], [0.234869419677637, 0.3495047438025118, 0.17184012941955318, 0.24378570710029804], [0.3343450840592165, 0.3379889126101717, 0.11318565693096574, 0.21448034639964605], [0.16926332893928492, 0.258185459280617, 0.2485443107974136, 0.3240069009826845], [0.28737190928708395, 0.2613945186264067, 0.17500187913086251, 0.2762316929556467], [0.3337255812651946, 0.27846821096420316, 0.12540071204331266, 0.26240549572728966], [0.31603371720503515, 0.33035550709947786, 0.08623150031286313, 0.26737927538262374], [0.3604505004948997, 0.319516528489299, 0.13327463276332657, 0.18675833825247493], [0.32751429928942055, 0.25825833777350776, 0.1523366695070024, 0.2618906934300693], [0.22822123993191423, 0.23024391093482238, 0.1404119600857678, 0.4011228890474956], [0.2751140723619779, 0.38107154344254457, 0.12586966730223909, 0.2179447168932387], [0.23424398058843104, 0.2773847251183531, 0.18784732939878246, 0.30052396489443356], [0.2943964641205705, 0.28279829509113347, 0.1502921089115733, 0.2725131318767228], [0.21253900843993775, 0.27037942098090983, 0.22143004937220792, 0.2956515212069444], [0.20186452827206916, 0.21707508689752364, 0.27744737949292486, 0.3036130053374824], [0.20769305154687032, 0.2934983640072607, 0.16728346626639015, 0.33152511817947894], [0.17634756871597773, 0.41226229707876916, 0.18254967830189978, 0.2288404559033534], [0.28813604205687326, 0.22814664095193354, 0.2031997186868951, 0.2805175983042982], [0.30167255699276346, 0.3354723761795935, 0.11622824899916334, 0.2466268178284795], [0.19556747744137642, 0.2715366987697719, 0.2777873179481983, 0.2551085058406535], [0.31906830090182386, 0.2491703521862218, 0.17191379165635087, 0.25984755525560344], [0.29202703409040404, 0.3342574998907811, 0.13590228093201853, 0.2378131850867963], [0.33597088598453795, 0.25389003892439377, 0.14536958971927785, 0.2647694853717904], [0.31619440460586684, 0.1844872663171765, 0.21097759315302392, 0.2883407359239327], [0.19679051261280342, 0.17639770981544886, 0.3530614050457412, 0.2737503725260066], [0.15062239482127163, 0.296634995018785, 0.1393785478398585, 0.413364062320085], [0.18966041615463836, 0.4929389051016053, 0.13144153791052776, 0.1859591408332286], [0.177085833780249, 0.2449510810948361, 0.22264448502293324, 0.3553186001019819], [0.14782117467914252, 0.3190079029879159, 0.14654224302283442, 0.3866286793101072], [0.3609219063612703, 0.23318520794891964, 0.1371589009656453, 0.2687339847241649], [0.2508040013187785, 0.24296904731135918, 0.21245163871556466, 0.2937753126542978], [0.2227366503907749, 0.3933112109682039, 0.16497443659314967, 0.21897770204787148], [0.3290102641871168, 0.22187680695549938, 0.16582308888487748, 0.28328983997250623], [0.3038297571157931, 0.2468369656490824, 0.21346786698419756, 0.23586541025092697], [0.2536659125727406, 0.2404568139650749, 0.15321530736885305, 0.3526619660933315], [0.18805892721314835, 0.20244847123840032, 0.3373237283947697, 0.2721688731536817], [0.19683501317308635, 0.3566497553592301, 0.15172163410525727, 0.2947935973624264], [0.2620729069695638, 0.2212375641482692, 0.2599220627291402, 0.256767466153027], [0.1447724079888189, 0.27662284966444056, 0.34428347625549083, 0.23432126609124973], [0.19805147992217115, 0.19340707206948102, 0.3034283445331813, 0.3051131034751665], [0.28145841513981074, 0.22765687481834274, 0.17342470534489696, 0.3174600046969497], [0.25026628792624334, 0.30091326770929516, 0.2305884007746344, 0.2182320435898272], [0.2343928391084539, 0.24664318703689206, 0.24630274811447406, 0.27266122574018026], [0.1662357878892434, 0.2950294890709351, 0.24308435529349157, 0.2956503677463299], [0.6595574296176396, 0.10647483907225108, 0.10577129027111214, 0.12819644103899697], [0.255710461803165, 0.45750842551407894, 0.09505297294620617, 0.19172813973655015], [0.41381688124945654, 0.1903508529697502, 0.16567792322562827, 0.23015434255516493], [0.2616991120497556, 0.29615691469915295, 0.20126829013599282, 0.24087568311509863], [0.3975178416299655, 0.24091526977218256, 0.11865322505288581, 0.24291366354496635], [0.13760149720174067, 0.2689509931517702, 0.21752528345527294, 0.3759222261912161], [0.32079836027408143, 0.2714901704465995, 0.1670992459335555, 0.24061222334576338], [0.19182982388445252, 0.35138767676337657, 0.14277276677696163, 0.31400973257520937], [0.33540336408478044, 0.24300475760328025, 0.11433087691518477, 0.3072610013967546], [0.23531652237866807, 0.22436557045745378, 0.20447990223530083, 0.33583800492857735], [0.209005380174353, 0.18926656691381483, 0.15522181001234533, 0.44650624289948676], [0.27376645886153117, 0.24621113192574046, 0.22355753610635254, 0.25646487310637595], [0.25521225500922046, 0.3600051207509681, 0.1787454279540103, 0.2060371962858012], [0.27967560821939275, 0.28815109636536584, 0.13311322187385766, 0.2990600735413837], [0.23486356660474533, 0.23169650468723207, 0.17833722591331783, 0.35510270279470485], [0.18830611714860968, 0.3026083070661679, 0.17138041588691377, 0.33770515989830846], [0.19651487857438987, 0.37924344462105913, 0.1471550021646344, 0.27708667463991665], [0.3978172455056825, 0.3189928707643425, 0.10624991700573672, 0.17693996672423845], [0.1912697293947948, 0.33501863306298835, 0.21017015109939088, 0.2635414864428261], [0.281166486520175, 0.21518872707944203, 0.24498361657874032, 0.2586611698216427], [0.30219856587738453, 0.2408117392334888, 0.2054559514041885, 0.2515337434849382], [0.19643279035945188, 0.3765038175340603, 0.14304015865530062, 0.28402323345118713], [0.23079443671675975, 0.3595864893887309, 0.1567358694198858, 0.2528832044746237], [0.1611069256997718, 0.4297814501380992, 0.12685443078505218, 0.2822571933770769], [0.1996439200781461, 0.2828375298246039, 0.17697274983544392, 0.3405458002618061], [0.2081330942844877, 0.27155327214544844, 0.24414004016379587, 0.27617359340626796], [0.2783955153810749, 0.2575564368012915, 0.21266971748862434, 0.2513783303290094], [0.20153072863448204, 0.35001994913884654, 0.2171611337529246, 0.2312881884737468], [0.21858954671566044, 0.421686811175119, 0.12722711320048002, 0.23249652890874056], [0.1357671970657409, 0.23091587150161375, 0.17052062717912536, 0.4627963042535199], [0.16794004831083725, 0.22528168608660182, 0.23032760789206788, 0.3764506577104931], [0.24371471826454796, 0.2668997231656897, 0.20085308953098105, 0.2885324690387815], [0.364551566593092, 0.2516364290359506, 0.12921109803773417, 0.2546009063332232], [0.3700501903995356, 0.20620649033213903, 0.15703090363142833, 0.2667124156368971], [0.20525278021996238, 0.3246350805088191, 0.17927431933864132, 0.2908378199325772], [0.4008472130725664, 0.21032812552690766, 0.12987142114923567, 0.25895324025129035], [0.23316109217750244, 0.27215291899738986, 0.2672417501943805, 0.22744423863072719], [0.18233508140727075, 0.26093915273678553, 0.3137485193310259, 0.24297724652491803]]}, "rewritten": {"ids": ["97106770", "97107821", "97109080", "97112290", "97116410", "97116500", "97116790", "97118210", "98107340", "98108150", "98108580", "98109570", "98112300", "98119591", "98121790", "99107630", "99107660", "99107950", "99108520", "99109311", "99112531", "100111380", "100112060", "101108080", "101108370", "101108580", "101110200", "101111990", "101112160", "101112201", "101115190", "101117580", "101119591", "102107961", "102108621", "102110050", "102112170", "102117351", "103109021", "103111170", "103111830", "103117200", "103118110", "103120290", "103120531", "103120780", "104113170", "104113190", "104113380", "104114240", "104114320", "104114410", "104116980", "104118340", "104119340", "105112240", "105113260", "105113330", "105115380", "105115570", "105115680", "105116090", "105116650", "105117351", "105117431", "105120280", "105121190", "106113360", "106116120", "106118820", "107112840", "107113260", "107113360", "107114200", "107114621", "107118490", "107118820", "107119390", "107119950", "108113620", "108114180", "108114270", "108115070", "108115570", "108115870", "108115880", "108116120", "108116501", "108119510", "108120060", "108120700", "108121190", "109113881", "109114030", "109115380", "109116170", "109117600", "109117730", "109118231", "109119010", "110113591", "110114321", "110114610", "110114920", "110116170", "110118181", "110118301", "110118810", "110119030", "110119891", "110121720", "111114121", "111114171", "111114321", "111114941", "111117200", "111118910", "111120320", "111121190", "111121220", "112116451", "112116900", "112117471", "112118810", "112118860", "112118890", "112120670", "112121430", "113117630", "113118111", "113118421", "113118490", "113118620", "113118820", "113119120", "113119340", "113120280", "113120531", "113120830", "113121220", "113121680", "113122170"], "labels": [3, 2, 2, 1, 3, 2, 2, 2, 0, 0, 0, 1, 2, 1, 2, 2, 3, 1, 2, 1, 3, 3, 2, 0, 1, 0, 2, 2, 3, 0, 1, 3, 0, 3, 3, 3, 3, 1, 0, 2, 3, 0, 2, 2, 3, 1, 3, 3, 1, 0, 2, 1, 1, 2, 1, 1, 3, 3, 1, 0, 2, 1, 1, 0, 1, 3, 2, 0, 1, 3, 1, 0, 0, 2, 0, 2, 3, 2, 3, 3, 1, 3, 1, 3, 3, 3, 1, 0, 1, 1, 2, 1, 0, 1, 3, 0, 1, 3, 1, 3, 0, 1, 1, 3, 0, 1, 1, 1, 0, 3, 3, 0, 3, 1, 0, 0, 0, 1, 1, 3, 0, 3, 3, 3, 3, 3, 2, 2, 0, 1, 3, 1, 3, 0, 3, 0, 0, 0, 3, 3, 1, 1], "predicted_labels": [1, 1, 0, 1, 3, 0, 1, 3, 1, 3, 2, 0, 1, 1, 1, 3, 0, 1, 1, 1, 3, 2, 1, 0, 1, 0, 3, 3, 0, 0, 3, 3, 0, 3, 3, 3, 1, 0, 0, 1, 0, 3, 3, 1, 1, 1, 1, 1, 3, 3, 3, 1, 1, 1, 1, 0, 1, 3, 1, 1, 3, 1, 1, 1, 1, 1, 3, 3, 0, 1, 3, 0, 0, 0, 1, 1, 0, 3, 0, 3, 1, 1, 1, 1, 1, 3, 0, 1, 3, 0, 0, 1, 1, 3, 1, 1, 1, 1, 1, 1, 1, 1, 1, 1, 1, 0, 3, 3, 3, 1, 3, 3, 3, 1, 0, 1, 1, 1, 1, 1, 3, 3, 1, 1, 0, 3, 1, 3, 1, 1, 3, 3, 1, 0, 3, 0, 1, 1, 1, 1, 0, 1], "confidence_scores": [[0.20798132337155784, 0.3837372840259349, 0.1922587130281024, 0.2160226795744049], [0.23754260052508192, 0.3585907035542842, 0.14319840906006262, 0.2606682868605714], [0.3844451475752412, 0.2435205553492817, 0.14022295104754284, 0.23181134602793427], [0.2005791588670845, 0.41821757362718925, 0.16807239934924528, 0.21313086815648097], [0.27442239664689355, 0.26333423108840465, 0.17834429818769024, 0.28389907407701176], [0.29578979721446413, 0.25946256030204334, 0.1722456502345371, 0.27250199224895544], [0.16548147019640225, 0.386862441771958, 0.23778481867719548, 0.20987126935444417], [0.21269092888237762, 0.2171504210664609, 0.18187026239701218, 0.38828838765414936], [0.26399857894942114, 0.35283113967127705, 0.16485625882011945, 0.21831402255918225], [0.2486800615454191, 0.22896036078985388, 0.13688903558341536, 0.3854705420813117], [0.2448674974734187, 0.2603603216698441, 0.26448575640742716, 0.23028642444931008], [0.30327380728553194, 0.27394373101363967, 0.14325129113267784, 0.27953117056815063], [0.2681804622187219, 0.29533451929191906, 0.14537948693160765, 0.2911055315577513], [0.2357673075019256, 0.36125705787838014, 0.17797204752109547, 0.22500358709859888], [0.2686675672911671, 0.31151930805181705, 0.19127741306884913, 0.22853571158816685], [0.21941056266597492, 0.18613870459042714, 0.11564528480801793, 0.47880544793558005], [0.47395191226529765, 0.19872436279586522, 0.10929006746201333, 0.21803365747682382], [0.3180074429594849, 0.3185593876138406, 0.16149032577635736, 0.20194284365031698], [0.18390281266590708, 0.390263796890044, 0.1633217420772731, 0.26251164836677593], [0.204928480667763, 0.3050473150203748, 0.23353637022426477, 0.25648783408759745], [0.20072326348059302, 0.24143001665632133, 0.12499677363553628, 0.4328499462275493], [0.2993656029606945, 0.1982859525705121, 0.30190166573023475, 0.20044677873855865], [0.1672685213462054, 0.362502413184438, 0.1531087548129547, 0.3171203106564019], [0.35914308617446333, 0.2542920885392063, 0.1528638807909245, 0.23370094449540604], [0.2015223398016264, 0.3528819253588069, 0.15352771412845825, 0.2920680207111086], [0.36868467761587354, 0.2462772787387887, 0.1308038544510427, 0.25423418919429536], [0.16436717530821857, 0.2659670378587549, 0.16453363087218162, 0.40513215596084484], [0.19124721456606897, 0.2949381024442748, 0.1340260222022967, 0.37978866078735973], [0.2888873303979477, 0.27467322196002825, 0.1934933882291897, 0.2429460594128345], [0.3542965360952365, 0.2433800982781302, 0.16779482012438962, 0.23452854550224375], [0.25004927707925634, 0.2792902042496277, 0.186349643740707, 0.2843108749304091], [0.1961312362249122, 0.27071752928944115, 0.15864123270825378, 0.3745100017773931], [0.3656081237366447, 0.309584600151078, 0.12262853893916646, 0.20217873717311108], [0.21577971642546317, 0.2399579850929023, 0.11405149709570701, 0.43021080138592754], [0.22001026614620753, 0.2528580137140844, 0.14280775490924658, 0.3843239652304616], [0.23297217959287955, 0.18113714511819085, 0.21618422892124778, 0.36970644636768196], [0.2299012120979229, 0.3384924700455089, 0.14711635330731035, 0.28448996454925796], [0.33542244812340005, 0.21833025081639967, 0.14165596392234944, 0.3045913371378508], [0.3254619951344892, 0.2851628965741724, 0.13926573739159762, 0.2501093708997408], [0.2839850336948134, 0.2957300946387403, 0.2229176148283418, 0.1973672568381044], [0.33392230265703104, 0.2836973974034041, 0.1327714743439689, 0.249608825595596], [0.21479693774740963, 0.29382538782147155, 0.19157718271443538, 0.2998004917166833], [0.24361077993847224, 0.2350572200240049, 0.2212135552181057, 0.30011844481941724], [0.2578786876543387, 0.27248426974860235, 0.20706282264851178, 0.262574219948547], [0.284047052601869, 0.35726178063882313, 0.12537615168903163, 0.2333150150702765], [0.20635354161452907, 0.3859974259035086, 0.1727961702630214, 0.234852862218941], [0.15876403987558585, 0.409982365335574, 0.2041591554335105, 0.2270944393553297], [0.21630873073045132, 0.45063288385561934, 0.12408307436533156, 0.20897531104859796], [0.17480019764520102, 0.2695149565822282, 0.1251395704035613, 0.4305452753690094], [0.20966101690871436, 0.2352548830930852, 0.18410054340047202, 0.3709835565977284], [0.22614228741860343, 0.2020467837172272, 0.1392521491277548, 0.43255877973641466], [0.25027446239921813, 0.296538071852807, 0.16908527696081127, 0.2841021887871636], [0.24013546338987724, 0.3335627558468601, 0.18549084879433375, 0.240810931968929], [0.14060373022331493, 0.5675684786267484, 0.10949077057856163, 0.1823370205713751], [0.18266308775807297, 0.37766454228630386, 0.22518396191182216, 0.21448840804380095], [0.3353612109412796, 0.22599228154030573, 0.20353642197127286, 0.23511008554714194], [0.2607439653836888, 0.35728220105049596, 0.14792868649113522, 0.23404514707468008], [0.19521207148306288, 0.2591589213968352, 0.13865773930544087, 0.40697126781466103], [0.20869676235209195, 0.30949300149883735, 0.22158440982306513, 0.26022582632600555], [0.19376133903224374, 0.40916289509567144, 0.1695554624569556, 0.22752030341512938], [0.1973767314874606, 0.23971262283894856, 0.19735029906952503, 0.36556034660406594], [0.19183306154404542, 0.4476478345153832, 0.13526304106679415, 0.2252560628737773], [0.2159476384876659, 0.2972451754421007, 0.2525126548382707, 0.2342945312319627], [0.24377543804184, 0.3845383393281709, 0.141136425379573, 0.2305497972504163], [0.2978205204204586, 0.3381811261691896, 0.13609587308117416, 0.22790248032917776], [0.21532125303501107, 0.3115600777662727, 0.18875734042818496, 0.28436132877053133], [0.21386251157950503, 0.2839188038275157, 0.2091268197739694, 0.2930918648190098], [0.14970630332247203, 0.19874654164881136, 0.09942954831392246, 0.552117606714794], [0.3469872861268516, 0.26704326469493606, 0.1917320288688325, 0.19423742030938], [0.2307175383936927, 0.32116124469841284, 0.17720584957659558, 0.2709153673312991], [0.1979779092343449, 0.2446389534496982, 0.24793159802913992, 0.3094515392868172], [0.37255055965127587, 0.18825837234272777, 0.16179964111137818, 0.27739142689461843], [0.46426942313581876, 0.19733618326481436, 0.11821597009142167, 0.22017842350794523], [0.33091326112468195, 0.2990256766679921, 0.13961648372169108, 0.23044457848563488], [0.27293093102257104, 0.30587765466656464, 0.15064530743738164, 0.27054610687348285], [0.20581596611194636, 0.30320385415266526, 0.2700799423043058, 0.22090023743108253], [0.28168769868848775, 0.2530262498876139, 0.21518792205876672, 0.25009812936513154], [0.1840373216149086, 0.2235120053518951, 0.1544129613886048, 0.43803771164459154], [0.3124110169454352, 0.2592614946725313, 0.20264800243026831, 0.225679485951765], [0.2098282444846654, 0.29277154737587247, 0.16367229268652955, 0.3337279154529326], [0.26893242360190567, 0.28416406071955663, 0.17307429005135141, 0.2738292256271863], [0.24931520228408044, 0.3670434522923524, 0.14393826705367097, 0.23970307836989627], [0.21095809991006906, 0.36480994381197057, 0.18960620250863303, 0.23462575376932748], [0.22108607882159134, 0.3433229702432545, 0.17285309302556004, 0.2627378579095942], [0.24388080924307495, 0.3935207468880114, 0.1398989555629983, 0.22269948830591546], [0.16597510725982967, 0.34199968792527946, 0.12174280903222036, 0.37028239578267047], [0.28076283594869056, 0.25833089213763083, 0.21197068178132902, 0.24893559013234962], [0.22827706267845496, 0.33133954939639654, 0.14072892180492327, 0.2996544661202252], [0.14803008125286846, 0.2635758883449725, 0.17340288308158758, 0.41499114732057163], [0.30875664073638986, 0.2775923379967278, 0.15853655055254406, 0.25511447071433835], [0.3299602789715979, 0.2798305784369092, 0.12767216522713373, 0.2625369773643593], [0.1924155051176792, 0.33671132277033256, 0.19281682155615837, 0.27805635055582983], [0.22017880409711343, 0.3675862911426067, 0.13366870972109357, 0.27856619503918634], [0.25302043499234483, 0.26024856480756536, 0.149803805487797, 0.33692719471229277], [0.22264236852908928, 0.290485426727473, 0.2173376986481727, 0.2695345060952649], [0.25485961100121074, 0.33661786225584617, 0.1771051680634134, 0.23141735867952967], [0.15383465697057475, 0.41420075588238203, 0.2336443626467242, 0.19832022450031886], [0.2339390315343688, 0.3105719160934544, 0.19530410743184784, 0.26018494494032907], [0.22582523725327006, 0.3499839154822944, 0.11067767270916912, 0.3135131745552664], [0.16136477680223812, 0.5522821920508625, 0.10743669721871066, 0.17891633392818884], [0.22913103410019034, 0.36123927485581236, 0.12933211937269046, 0.280297571671307], [0.2898759410779745, 0.33632894610331676, 0.1657551241593549, 0.20803998865935378], [0.21101216211150872, 0.28661456605234853, 0.2488651981482359, 0.2535080736879069], [0.23406783057554825, 0.3258248867202519, 0.17977908859669328, 0.2603281941075067], [0.1725452726055967, 0.3541768214339694, 0.19248676926737104, 0.2807911366930628], [0.38428040113627643, 0.24993045634999422, 0.15640722916401473, 0.20938191334971476], [0.1892763446533872, 0.23616669620229674, 0.14428953082180568, 0.43026742832251036], [0.29927759027555423, 0.24674344616874994, 0.13201509039237116, 0.3219638731633248], [0.17402529393881302, 0.26753455214988314, 0.18366453882282535, 0.3747756150884785], [0.29830596139038756, 0.30365667219875825, 0.13859152800748628, 0.259445838403368], [0.28375992623624113, 0.2435120502375245, 0.15348838574381443, 0.3192396377824199], [0.2223118552814341, 0.299281857361615, 0.14224800175939495, 0.33615828559755595], [0.17700464863193077, 0.2349871781656545, 0.15684991571806353, 0.43115825748435116], [0.2704558302092639, 0.32662618630231444, 0.14888577488743238, 0.25403220860098924], [0.437487375414267, 0.21432827842801183, 0.14222219932493327, 0.20596214683278785], [0.2586024662472115, 0.2989535035330385, 0.18210566836370806, 0.2603383618560419], [0.2831460691065896, 0.33481604430977524, 0.14236956388107214, 0.23966832270256333], [0.2153190541020214, 0.350505939584729, 0.1407828697106282, 0.2933921366026213], [0.21941698101430385, 0.2858102190184766, 0.25525936235589863, 0.23951343761132105], [0.19873671437412038, 0.466124137684403, 0.11986744805458775, 0.215271699886889], [0.18980006620435572, 0.2673776695786149, 0.1684480037301516, 0.37437426048687766], [0.22805271734838486, 0.30646943109727565, 0.15086068760253693, 0.31461716395180245], [0.23329200906269176, 0.35035754159116655, 0.15640901880467983, 0.25994143054146196], [0.1918088206108973, 0.37022955107882743, 0.14194272008815823, 0.2960189082221172], [0.35059444864032074, 0.2538193702913917, 0.10214576193539193, 0.2934404191328955], [0.23961085654890443, 0.2240576219721952, 0.17907764322705388, 0.3572538782518465], [0.19566820161368073, 0.5338921817557298, 0.1001246031612416, 0.1703150134693477], [0.21426644118104549, 0.3124079845907173, 0.13687635168649162, 0.33644922254174553], [0.2285962261333888, 0.40146710851208905, 0.1432669994170581, 0.226669665937464], [0.21019097710363333, 0.39411609227953226, 0.13830966995789923, 0.2573832606589352], [0.22743887235631208, 0.2364524716234453, 0.07913875355417481, 0.45696990246606795], [0.18622149092398685, 0.2822340861657835, 0.2125650237840992, 0.3189793991261305], [0.24212222934964056, 0.3464958644210118, 0.15582030752963688, 0.25556159869971073], [0.39553929611738964, 0.2415862522505695, 0.13505744032097688, 0.22781701131106416], [0.2931931532215659, 0.2950320399815693, 0.10683056784542015, 0.3049442389514446], [0.3192111725536268, 0.26405564386689734, 0.13024151848005555, 0.28649166509942026], [0.2072539506480029, 0.30484887889553697, 0.18908848649398652, 0.2988086839624737], [0.2212264679204071, 0.41571953268741707, 0.10695812905119463, 0.25609587034098125], [0.15942764295253664, 0.3585763456041298, 0.19940065111530791, 0.28259536032802574], [0.22997046573882823, 0.33783736898145444, 0.16215403278771512, 0.2700381324920022], [0.378715520776247, 0.23735140049622322, 0.13571294686724278, 0.24822013186028702], [0.264457297252352, 0.31298508137347575, 0.1585392515078571, 0.2640183698663152]]}}