{"test": {"ids": ["101116130", "107113840", "102109910", "107112840", "111116010", "107116340", "103113260", "103111620", "106120290", "106116370", "103110100", "97112830", "112118930", "102112250", "113120591", "113122320", "97106770", "103111110", "105115900", "99110730", "99109840", "109121410", "111118301", "104110960", "109118161", "105115570", "109116810", "106118820", "105111990", "111116750", "108121160", "113120260", "112118820", "111118910", "102116500", "110117870", "112119610", "98116090", "107118490", "104113550", "99120010", "108117360", "108117720", "113120751", "110114950", "108114270", "111117480", "112116880", "109113931", "110118161", "99109780", "105110251", "107120130", "112117571", "113119120", "107120010", "97106591", "97109570", "101108290", "112120640", "113119450", "109120150", "112120630", "106113360", "97107950", "107113200", "97106000", "107113130", "99109370", "106116120", "103109791", "104111830", "112118161", "113121750", "101121640", "106115120", "102110240", "106114150", "110117080", "104111550", "102110890", "113122220", "100111390", "104113000", "101119591", "98116940", "111116640", "111117000", "107119130", "103117200", "109119010", "109114270", "113118870", "102109850", "101114990", "99117630", "101112540", "112119500", "102118380", "105121370", "98119591", "113118421", "98106680", "101109120", "105117200", "112119980", "105116650", "101111310", "99105921", "111120280", "97118210", "111119300", "104113170", "110113931", "98110710", "112116900", "106120640", "105113260", "112120700", "97112300", "111116990", "103118110", "113120601", "110121500", "103113210", "107115140", "113118810", "102110050", "102116340", "106112770", "101111140", "98108520", "108121410", "100108490", "98116500", "97116410", "104118070", "104111990", "104111531", "105116501", "101111620", "112118581"], "labels": [2, 3, 2, 1, 1, 3, 3, 0, 2, 2, 1, 2, 1, 0, 0, 1, 3, 3, 3, 3, 2, 0, 3, 2, 0, 0, 3, 3, 2, 3, 2, 3, 0, 0, 1, 3, 0, 0, 2, 1, 2, 1, 1, 1, 0, 3, 1, 0, 1, 0, 2, 0, 2, 3, 3, 1, 1, 0, 0, 0, 3, 2, 3, 0, 2, 0, 0, 1, 1, 1, 3, 3, 0, 0, 2, 1, 3, 1, 1, 1, 0, 1, 2, 1, 0, 2, 0, 0, 1, 0, 3, 3, 0, 1, 3, 3, 2, 2, 1, 2, 1, 3, 1, 1, 3, 0, 1, 3, 1, 0, 2, 1, 3, 1, 2, 3, 3, 3, 2, 2, 0, 2, 2, 3, 3, 0, 3, 3, 3, 1, 2, 2, 0, 2, 2, 3, 2, 2, 0, 1, 3, 1], "predicted_labels": [1, 1, 3, 1, 1, 1, 3, 1, 1, 0, 0, 1, 3, 3, 3, 3, 0, 0, 3, 2, 1, 1, 3, 3, 1, 2, 3, 1, 1, 0, 3, 1, 1, 3, 1, 3, 1, 3, 1, 0, 1, 3, 3, 3, 3, 1, 1, 1, 1, 0, 1, 0, 1, 3, 3, 3, 1, 0, 1, 0, 1, 3, 0, 3, 2, 3, 2, 1, 1, 1, 0, 1, 0, 1, 1, 3, 0, 0, 3, 2, 3, 1, 3, 3, 3, 1, 3, 3, 1, 1, 3, 3, 1, 2, 1, 3, 1, 2, 1, 1, 1, 3, 1, 3, 1, 1, 1, 1, 1, 3, 0, 1, 1, 0, 1, 0, 1, 1, 1, 0, 0, 1, 3, 0, 3, 3, 1, 1, 3, 1, 0, 1, 1, 1, 3, 3, 3, 1, 1, 3, 0, 1], "confidence_scores": [[0.22179692748343877, 0.34123158461560177, 0.15384607626139635, 0.2831254116395632], [0.06057021560107505, 0.5875964964584975, 0.017175801392934002, 0.3346574865474934], [0.4713901692750466, 0.06147043720485898, 0.02862124985629338, 0.4385181436638012], [0.010150861588843938, 0.8605651719002725, 0.060580587905460545, 0.06870337860542301], [0.02290607027459923, 0.6243391943276733, 0.29144445372662786, 0.06131028167109967], [0.0790433097490681, 0.4539683392509954, 0.17830143072760657, 0.28868692027233006], [0.08382594208007516, 0.3500712504005935, 0.049656168987429514, 0.5164466385319019], [0.348950668055088, 0.29647134002909203, 0.06450482025101893, 0.2900731716648009], [0.2530611503446938, 0.5584852905178571, 0.023645308795653432, 0.16480825034179553], [0.8989534160841164, 0.00816118057805887, 0.0130826660851282, 0.07980273725269661], [0.3072307892142773, 0.1615002007477432, 0.5057311808625362, 0.025537829175442946], [0.23855020859949772, 0.3504511734670381, 0.0958291965510114, 0.3151694213824526], [0.0968032316988882, 0.2902208621925108, 0.0279001092528026, 0.5850757968557985], [0.2989363018995759, 0.017888294797364916, 0.010031392963520945, 0.6731440103395381], [0.17635538922230345, 0.1288696203055553, 0.49478460299418014, 0.19999038747796105], [0.04331191126662496, 0.36117080050141104, 0.20316477851474116, 0.39235250971722285], [0.32241039790773235, 0.018109460295710728, 0.589611976905587, 0.06986816489097043], [0.484299707140272, 0.18841700527672856, 0.06692620633748288, 0.2603570812455166], [0.09593390579761242, 0.11087878913428437, 0.031339508669556836, 0.7618477963985465], [0.017472714634679483, 0.014410484068595969, 0.9594093102601967, 0.008707491036527685], [0.14629813547121398, 0.23401224286494346, 0.49402470150403366, 0.1256649201598091], [0.02938147406918597, 0.6718441805214665, 0.02892407644538769, 0.26985026896395975], [0.388452946581703, 0.15101662553613476, 0.10582112477908093, 0.3547093031030813], [0.09546677219646672, 0.21699974846133843, 0.22462196875120552, 0.46291151059098923], [0.35380320202565874, 0.5293919350063061, 0.012200422514812731, 0.10460444045322227], [0.027571044588306757, 0.06882570067666999, 0.8858298458307473, 0.017773408904275697], [0.09367173360572045, 0.32223378788374096, 0.0004530655681669606, 0.5836414129423716], [0.01959152329649744, 0.6829263691604249, 0.1821127158191672, 0.11536939172391032], [0.03345766924723363, 0.4723856671548719, 0.20081241182475643, 0.2933442517731381], [0.6773937658159102, 0.023919537765619052, 0.010215285223202919, 0.28847141119526765], [0.024675260183096095, 0.15610052322313997, 0.05563160612758715, 0.7635926104661767], [0.38908499957038567, 0.37033339802833143, 0.09954646869187836, 0.14103513370940468], [0.40956059664456457, 0.35066073300851897, 0.06118331237725599, 0.17859535796966053], [0.05854455052342004, 0.16517210643810756, 0.048857889414966715, 0.7274254536235057], [0.18638381120170747, 0.423726694089191, 0.13721081851463607, 0.2526786761944652], [0.22871072811177795, 0.1105120116309868, 0.08872421026423255, 0.5720530499930028], [0.009875406835335514, 0.712504252818386, 0.1553973556994333, 0.12222298464684501], [0.0856004497194239, 0.2570248312596534, 0.1776770765722633, 0.47969764244865926], [0.2083993261729735, 0.3976931098170426, 0.35711322005845253, 0.03679434395153143], [0.9673730231327066, 0.007549719269807327, 0.00014023909718985795, 0.024937018500296174], [0.28692555920033436, 0.43472864327394134, 0.1681652281148191, 0.11018056941090518], [0.27562406887149526, 0.18400895817532245, 0.319849603214387, 0.22051736973879507], [0.3303256639650572, 0.2095998262454869, 0.003994260737686685, 0.45608024905176886], [0.5212939708946486, 0.06330790022442372, 0.05770998548488545, 0.3576881433960419], [0.12697782813917077, 0.2636995644422697, 0.0934646242682184, 0.5158579831503407], [0.22851094496749583, 0.4174478795673673, 0.043761353308129775, 0.3102798221570072], [0.16822558781365957, 0.5669928589007899, 0.11432043704767388, 0.1504611162378766], [0.10018255438786414, 0.6212267021193534, 0.1454497940878663, 0.13314094940491628], [0.0534753968576093, 0.7149300901107065, 0.06339703209106759, 0.1681974809406164], [0.566286003354407, 0.2673171100037388, 0.007673332745302411, 0.15872355389655185], [0.1642065008723954, 0.30452165606061343, 0.4894102329130806, 0.041861610153910336], [0.7620160127035897, 0.14465242678334236, 0.015605541826985984, 0.07772601868608198], [0.0862912996181503, 0.7069835892963972, 0.11019790110330142, 0.09652720998215102], [0.06182946300417937, 0.27985466654330493, 0.11336260979417823, 0.5449532606583375], [0.12482972281606425, 0.17033469365492498, 0.018202228981729497, 0.6866333545472812], [0.021254676982555305, 0.04564276392978452, 0.13967282251334878, 0.7934297365743114], [0.03669542426092329, 0.6448753444534125, 0.2913813051815673, 0.02704792610409674], [0.8400034934487898, 0.01021373586636843, 0.046619528791601146, 0.10316324189324051], [0.37052272546582216, 0.35678164798865486, 0.008169886677406693, 0.264525739868116], [0.9701207072232783, 0.006496495088188053, 0.0030655919926761534, 0.02031720569585755], [0.14780409309899623, 0.47181072917504024, 0.010248028162782202, 0.37013714956318117], [0.30420654984319384, 0.18865048033180207, 0.21235374960412848, 0.29478922022087556], [0.7426673599589606, 0.019502103788427212, 0.0007397160977306248, 0.23709082015488145], [0.23052332230380668, 0.2572355639572338, 0.012283315632589515, 0.49995779810637014], [0.041795185950154363, 0.07676826654108483, 0.7634135705113695, 0.11802297699739132], [0.3950647753727787, 0.1438784414292462, 0.0012073574009513067, 0.45984942579702387], [0.015741378654606876, 0.02454529192242818, 0.8715965645893934, 0.0881167648335717], [0.20924905181211878, 0.2776388792549783, 0.33748312825072335, 0.17562894068217946], [0.027754572849568823, 0.7938870290172274, 0.13256894470327088, 0.04578945342993271], [0.40366298869706785, 0.42540930380214426, 0.08144662622184773, 0.08948108127894015], [0.548903459879643, 0.08588920447165843, 0.12732416061633903, 0.23788317503236012], [0.0280724370626566, 0.6501025186740591, 0.026772063834921714, 0.2950529804283626], [0.7666659119453285, 0.19670883938056571, 0.004642333409635543, 0.03198291526447022], [0.0960377752382516, 0.85747886372823, 0.0074168704865711695, 0.03906649054694737], [0.10979478279988049, 0.6894088218856509, 0.013889790098989139, 0.18690660521547947], [0.2938710945496066, 0.09213252174250511, 0.0014640167748807718, 0.6125323669330076], [0.5456689481511272, 0.28618818280058783, 0.05680221933601814, 0.11134064971226725], [0.3776118865829842, 0.17778738111389886, 0.24743390765878076, 0.19716682464433602], [0.017999400134777778, 0.39927601733914414, 0.03516180689860289, 0.5475627756274752], [0.026904779597778067, 0.08834354546992694, 0.7782338799145991, 0.10651779501769566], [0.44347481961814683, 0.0588921616155026, 0.00531587739253674, 0.49231714137381405], [0.10310407807712929, 0.6113420339508764, 0.059686446099032606, 0.22586744187296162], [0.4438975497694179, 0.15967945095735475, 0.04813700669097898, 0.34828599258224807], [0.1770273420661465, 0.13411298348709053, 0.0305545495569676, 0.658305124889795], [0.28462127908870916, 0.06078647241793936, 0.009813769863163997, 0.6447784786301874], [0.08381425816549752, 0.6953549758779246, 0.05426523434098294, 0.166565531615595], [0.07810592536911008, 0.1735887477387016, 0.22144549264766394, 0.5268598342445242], [0.1457472676582585, 0.2842867453796426, 0.024804796850692912, 0.5451611901114057], [0.07568136665965801, 0.49120483728833847, 0.041745699203757036, 0.39136809684824664], [0.08941044997464102, 0.8679278456749443, 0.009139909463874137, 0.03352179488654032], [0.020934973159728993, 0.18925487759132276, 0.4545581851226569, 0.33525196412629144], [0.2112553884077155, 0.13089460417910082, 0.0019735108956408353, 0.655876496517543], [0.2231524772402059, 0.4433526331898305, 0.03240590554984943, 0.30108898402011414], [0.06612473618086356, 0.04664812034239572, 0.76914513979958, 0.11808200367716061], [0.03533222115008222, 0.6041911895343194, 0.3079267710252698, 0.05254981829032902], [0.3192004585428075, 0.1348130897257316, 0.14594869970163807, 0.4000377520298229], [0.033071816456772346, 0.2857743717325774, 0.3957686537242578, 0.28538515808639253], [0.005398470599810021, 0.0676330388781274, 0.9186205896634376, 0.008347900858624899], [0.05628221925422771, 0.32430124488004763, 0.4190449876934871, 0.20037154817223743], [0.00855350297575419, 0.9266283397948218, 0.03526777858170676, 0.02955037864771731], [0.44078446379272657, 0.3395250167113737, 0.12897241586439473, 0.09071810363150493], [0.11723441991507978, 0.05453423543576132, 0.0302797777239042, 0.7979515669252547], [0.17691565351443053, 0.40614217051173523, 0.34282172590555765, 0.07412045006827611], [0.3693974093653773, 0.05154630674931534, 0.057986541363043244, 0.5210697425222642], [0.038362234569550964, 0.37914972813706443, 0.35927168200344695, 0.22321635528993752], [0.180163504810618, 0.726108749455716, 0.03117436561478169, 0.06255338011888442], [0.014842113361650432, 0.1333591250070059, 0.833566770168743, 0.018231991462600614], [0.41583612223587335, 0.30739692751510134, 0.18935522599348525, 0.08741172425553996], [0.06924545978049924, 0.8385719498213494, 0.03954725244568566, 0.05263533795246558], [0.10700593157112717, 0.11432344505541173, 0.011722607519820646, 0.7669480158536405], [0.4040951583536817, 0.1537447519309304, 0.2563981173522288, 0.18576197236315892], [0.02078145816410806, 0.6776722574417229, 0.2295113563541863, 0.07203492803998242], [0.1467097228152235, 0.5405550370981045, 0.08478632594626516, 0.22794891414040705], [0.5340765240727038, 0.15331356525894843, 0.06029134644758445, 0.2523185642207632], [0.006790765620835636, 0.2402650235436346, 0.6713923850906522, 0.08155182574487747], [0.546598459802687, 0.10606796616809558, 0.06215213839834278, 0.2851814356308747], [0.032410665233467126, 0.8158616858704973, 0.10731637705079998, 0.04441127184523585], [0.10502076417587336, 0.453608928921261, 0.19140367291535648, 0.24996663398750907], [0.19952778895888182, 0.4916857810888705, 0.03667835800766626, 0.27210807194458136], [0.4710306104612081, 0.1381664607464533, 0.12851407583604504, 0.26228885295629367], [0.6135632576049764, 0.054919479482315944, 0.009759238932348561, 0.3217580239803593], [0.12541629960959524, 0.6212041872413634, 0.08980607738657215, 0.1635734357624696], [0.02646189901700118, 0.10891699463796163, 0.5761006496181601, 0.2885204567268771], [0.4811333927538628, 0.2591472343531593, 0.009538949409850232, 0.2501804234831276], [0.07686173676535099, 0.18893483809702874, 0.15251409769906965, 0.5816893274385505], [0.16044794488856615, 0.011143973714039674, 0.014887742001846447, 0.8135203393955478], [0.15203888635920834, 0.3738105374015744, 0.3472345967290486, 0.12691597951016861], [0.0267926684158798, 0.3188971260412687, 0.32688846119593423, 0.327421744346917], [0.08964326330833518, 0.2839197570101792, 0.07841818883202113, 0.5480187908494648], [0.03807775311430203, 0.6811162478767401, 0.18487263405511795, 0.09593336495384001], [0.6624090404070717, 0.09701569669194132, 0.05171857978373264, 0.18885668311725387], [0.18703694640241245, 0.709439508687118, 0.08119112557457263, 0.02233241933589705], [0.15809125494114015, 0.4808448638664363, 0.003117355267253869, 0.3579465259251695], [0.09100633411167877, 0.1217795849032615, 0.6767053469343378, 0.1105087340507217], [0.5875005246271171, 0.0727156952589621, 0.009524141764141642, 0.33025963834977906], [0.2889629811199601, 0.03912176294065051, 0.21064808578703748, 0.46126717015235175], [0.02219604787525273, 0.18746379716705486, 0.4024586279987557, 0.38788152695893646], [0.1567046057913134, 0.6309916967671414, 0.17837926830138512, 0.0339244291401601], [0.17878524386122088, 0.6243208518303256, 0.031933601904165713, 0.16496030240428763], [0.17899549429831035, 0.31022559905841934, 0.07337634560514804, 0.43740256103812203], [0.6640671455223326, 0.1658061727391181, 0.011460423411405565, 0.15866625832714334], [0.05333926083256904, 0.6347093706239978, 0.17404448236226944, 0.137906886181164]]}, "rewritten": {"ids": ["97106000", "97106591", "97106770", "97107950", "97109570", "97112300", "97112830", "97116410", "97118210", "98106680", "98108520", "98110710", "98116090", "98116500", "98116940", "98119591", "99105921", "99109370", "99109780", "99109840", "99110730", "99117630", "99120010", "100108490", "100111390", "101108290", "101109120", "101111140", "101111310", "101111620", "101112540", "101114990", "101116130", "101119591", "101121640", "102109850", "102109910", "102110050", "102110240", "102110890", "102112250", "102116340", "102116500", "102118380", "103109791", "103110100", "103111110", "103111620", "103113210", "103113260", "103117200", "103118110", "104110960", "104111531", "104111550", "104111830", "104111990", "104113000", "104113170", "104113550", "104118070", "105110251", "105111990", "105113260", "105115570", "105115900", "105116501", "105116650", "105117200", "105121370", "106112770", "106113360", "106114150", "106115120", "106116120", "106116370", "106118820", "106120290", "106120640", "107112840", "107113130", "107113200", "107113840", "107115140", "107116340", "107118490", "107119130", "107120010", "107120130", "108114270", "108117360", "108117720", "108121160", "108121410", "109113931", "109114270", "109116810", "109118161", "109119010", "109120150", "109121410", "110113931", "110114950", "110117080", "110117870", "110118161", "110121500", "111116010", "111116640", "111116750", "111116990", "111117000", "111117480", "111118301", "111118910", "111119300", "111120280", "112116880", "112116900", "112117571", "112118161", "112118581", "112118820", "112118930", "112119500", "112119610", "112119980", "112120630", "112120640", "112120700", "113118421", "113118810", "113118870", "113119120", "113119450", "113120260", "113120591", "113120601", "113120751", "113121750", "113122220", "113122320"], "labels": [0, 1, 3, 2, 0, 2, 2, 3, 2, 1, 2, 2, 0, 2, 2, 1, 1, 1, 2, 2, 3, 3, 2, 2, 2, 0, 1, 2, 3, 3, 2, 3, 2, 0, 2, 1, 2, 3, 3, 0, 0, 3, 1, 1, 3, 1, 3, 0, 3, 3, 0, 2, 2, 0, 1, 3, 2, 1, 3, 1, 2, 0, 2, 3, 0, 3, 1, 1, 3, 2, 1, 0, 1, 1, 1, 2, 3, 2, 3, 1, 1, 0, 3, 0, 3, 2, 1, 1, 2, 3, 1, 1, 2, 0, 1, 3, 3, 0, 3, 2, 0, 1, 0, 1, 3, 0, 3, 1, 0, 3, 0, 0, 1, 3, 0, 1, 0, 0, 3, 3, 0, 1, 0, 1, 2, 0, 0, 3, 0, 2, 3, 3, 0, 3, 3, 3, 0, 2, 1, 0, 1, 1], "predicted_labels": [2, 1, 0, 2, 0, 0, 1, 0, 3, 1, 1, 1, 1, 0, 1, 1, 1, 1, 1, 1, 2, 3, 1, 1, 1, 0, 3, 0, 1, 0, 3, 1, 1, 3, 1, 2, 3, 3, 0, 3, 3, 1, 1, 1, 3, 0, 3, 0, 3, 1, 1, 1, 3, 1, 2, 1, 1, 1, 1, 0, 3, 0, 1, 1, 1, 3, 3, 1, 3, 1, 1, 3, 0, 0, 0, 0, 1, 1, 1, 1, 2, 1, 1, 3, 3, 1, 1, 3, 1, 1, 3, 3, 3, 1, 1, 3, 1, 0, 2, 3, 3, 0, 3, 1, 1, 1, 1, 1, 3, 0, 3, 3, 1, 1, 3, 1, 3, 0, 1, 1, 0, 1, 1, 1, 2, 1, 1, 0, 0, 1, 3, 1, 0, 3, 1, 3, 3, 3, 1, 1, 1, 3], "confidence_scores": [[0.08926068363263188, 0.09793474273582221, 0.7504998750066729, 0.06230469862487325], [0.12310974750220799, 0.557529335130968, 0.15833164230444458, 0.1610292750623794], [0.611062689158248, 0.028360040902346898, 0.3257871922945837, 0.03479007764482165], [0.006738305073441382, 0.05444114673173093, 0.8909899423771183, 0.04783060581770986], [0.6667987258392372, 0.07682505980330392, 0.12503810321095554, 0.13133811114650337], [0.6838264046607636, 0.06985456528180627, 0.022780939907694062, 0.22353809014973638], [0.16917179030139398, 0.5315293608088677, 0.11956189263144731, 0.17973695625829078], [0.7684804372465152, 0.014608582038403334, 0.0936353714121585, 0.1232756093029232], [0.18758448339053926, 0.2314204545168626, 0.17649452415228128, 0.40450053794031665], [0.07843702449315824, 0.23627510646635766, 0.557460578344541, 0.12782729069594326], [0.11954025824217604, 0.6481613759547461, 0.10321990999902518, 0.12907845580405258], [0.006147254218011749, 0.14353851657055017, 0.7540683255917806, 0.09624590361965728], [0.09431159029811798, 0.5759698953777505, 0.2307730898410554, 0.09894542448307614], [0.7175303346022434, 0.04095495003378319, 0.01173055793192664, 0.229784157432047], [0.05889209530125951, 0.6409805131705933, 0.17124431796004586, 0.1288830735681014], [0.28591269436940697, 0.4291993500714968, 0.08340338723539667, 0.20148456832369938], [0.04034753185102708, 0.8224882214569122, 0.07236138153513229, 0.06480286515692843], [0.0038394034414815734, 0.9379599073243075, 0.05338718941565373, 0.004813499818557139], [0.0486536991312798, 0.3891612151626696, 0.5179962598024787, 0.04418882590357215], [0.14173889515241675, 0.5036578990481201, 0.18494772635812565, 0.16965547944133785], [0.011141096004116259, 0.03811031173465599, 0.9356399377926953, 0.015108654468532467], [0.5117161335190229, 0.06526692633810292, 0.08174941010916445, 0.3412675300337096], [0.4310947650509105, 0.4049455504244485, 0.07894684431160548, 0.0850128402130353], [0.1889965085735656, 0.194521021153854, 0.5030945889802517, 0.11338788129232893], [0.2454494542610143, 0.4409191532227487, 0.010490580000167858, 0.3031408125160692], [0.6888553979968877, 0.24645412677114958, 0.0005589523068368438, 0.06413152292512588], [0.14949171810024953, 0.019168733657918373, 0.16786753553098818, 0.663472012710844], [0.8987173204717368, 0.05573390440828763, 0.006957877949094723, 0.038590897170880795], [0.07594745245623898, 0.563591406620184, 0.3292444675396564, 0.031216673383920382], [0.7727318191725756, 0.05649265123692801, 0.006888337646046037, 0.1638871919444504], [0.22949428341900016, 0.10509328320500909, 0.3796867047363627, 0.28572572863962803], [0.01471377200784981, 0.7310493695078664, 0.059118668574037476, 0.19511818991024632], [0.3071506533476218, 0.3230200316253697, 0.11308353711579464, 0.25674577791121383], [0.41702427572038825, 0.036631466159466726, 0.15757606745536495, 0.3887681906647799], [0.11919324134516808, 0.6773010360036238, 0.013777879542306665, 0.1897278431089014], [0.067629009779325, 0.03152889714069234, 0.8477521572270098, 0.05308993585297289], [0.5122613102463845, 0.017142766829606786, 0.018965915991696572, 0.45163000693231187], [0.02530819424057329, 0.18292125918611943, 0.21596349824751568, 0.5758070483257917], [0.7776757815229977, 0.1206286140770934, 0.022969481427538914, 0.07872612297237008], [0.4578214006365578, 0.06372791042392086, 0.019128112163852174, 0.4593225767756692], [0.26501456031702414, 0.008221430213677989, 0.0019202207209515032, 0.7248437887483462], [0.07423621878747924, 0.5141560118375395, 0.0479230932040869, 0.3636846761708944], [0.14693188635531723, 0.5443609690528471, 0.14605586250188107, 0.16265128208995464], [0.019027013157197563, 0.6331485516623209, 0.07091880549909842, 0.2769056296813831], [0.25569590346157794, 0.11249869824161084, 0.4036001568242894, 0.22820524147252205], [0.43565043968338485, 0.22667858713039854, 0.2748512195832306, 0.06281975360298613], [0.045800974140708176, 0.2267888599765629, 0.4060701083281155, 0.32134005755461353], [0.554622020829179, 0.13801816468724729, 0.20312215327610286, 0.10423766120747117], [0.06729868145339357, 0.09146316085425375, 0.02492269514189972, 0.8163154625504531], [0.05710064707706855, 0.757454642628021, 0.04759412035136934, 0.13785058994354074], [0.009078747056648956, 0.8787177571096135, 0.05331356786331029, 0.058889927970427164], [0.1240828820639443, 0.7567804051014231, 0.06599465352812901, 0.053142059306503], [0.0729287618849606, 0.20039680752558095, 0.3924102109647554, 0.33426421962470315], [0.28174110496771243, 0.4817879079059938, 0.027501418974580256, 0.20896956815171347], [0.045079760088040925, 0.05108598450123684, 0.7549349842457311, 0.14889927116499163], [0.031157076523903912, 0.8053428808616091, 0.026331729474939083, 0.1371683131395478], [0.1578254780697688, 0.5860376179431387, 0.13066229292745976, 0.1254746110596329], [0.25411594251156866, 0.405582443437371, 0.015813681317751405, 0.3244879327333089], [0.21918407912620505, 0.45292030991770943, 0.16900609388339863, 0.1588895170726869], [0.96307887101297, 0.001876672857221085, 0.00036589307193289785, 0.034678563057875915], [0.3454575717832824, 0.21411010985630158, 0.054159734611734844, 0.3862725837486814], [0.7554323838724314, 0.15706433902626213, 0.007044817365526166, 0.0804584597357804], [0.054121702825975664, 0.3243569696046302, 0.32876462719762684, 0.2927567003717674], [0.01915881084962555, 0.32975010356276657, 0.36888732248104217, 0.282203763106566], [0.025920402153277115, 0.7917781371440024, 0.09179577449022114, 0.09050568621249949], [0.31646780834766136, 0.10945148091844586, 0.18938712869775545, 0.38469358203613746], [0.046172857609604705, 0.3850103421096273, 0.0012791169131485549, 0.5675376833676194], [0.0075336552307804505, 0.19871588566102505, 0.7729808707878274, 0.02076958832036753], [0.04553343545244906, 0.11575594535320255, 0.09742380111592575, 0.7412868180784228], [0.04536274673030667, 0.7612613278914653, 0.04776302619119929, 0.1456128991870287], [0.023727780302137853, 0.23958548358588816, 0.5749296951061642, 0.16175704100580973], [0.08883273823037624, 0.1705745176934114, 0.015908790317699196, 0.7246839537585132], [0.5596234289212009, 0.15707583781998372, 0.02406628380217199, 0.2592344494566434], [0.6929877560743118, 0.08886900727873288, 0.001088601900165446, 0.2170546347467898], [0.6455180798982757, 0.1240108780080267, 0.04240468797714636, 0.1880663541165514], [0.9003327238351654, 0.00746913072994487, 0.01039647714687322, 0.08180166828801701], [0.0351340276732273, 0.4934358567442154, 0.3567786773150988, 0.11465143826745854], [0.2628986783618053, 0.3602451693665862, 0.023514168759715168, 0.3533419835118933], [0.02289825319620818, 0.49373334280224407, 0.42745204866995035, 0.05591635533159737], [0.020957882411429474, 0.8682357817202984, 0.07931928941404279, 0.03148704645422941], [0.034468962144452296, 0.05600127747748198, 0.8806009810492291, 0.028928779328836734], [0.21657254308519114, 0.5206496890187818, 0.0029245160670541893, 0.25985325182897245], [0.26019115139349397, 0.5035768625887487, 0.0117352348597264, 0.22449675115803097], [0.01785005800468402, 0.0030421814279212415, 0.0006420239999135479, 0.9784657365674811], [0.11957803639783494, 0.3705424523039623, 0.10463190753261278, 0.4052476037655897], [0.0573501528828215, 0.6026612224992681, 0.31271263312806497, 0.027275991489845157], [0.4947762512909125, 0.3646897183708644, 0.009367157648185291, 0.13116687269003788], [0.13535649045097783, 0.35189277636084937, 0.06929243967908189, 0.4434582935090909], [0.08281066715879987, 0.5761957305958583, 0.1785312252647492, 0.16246237698059243], [0.14303392486348482, 0.6342085406469895, 0.07143695128625292, 0.15132058320327285], [0.03759843558906303, 0.0546570408206876, 0.6329235815143358, 0.27482094207591373], [0.2725913026024843, 0.10871089170282346, 0.0034466633600392102, 0.615251142334653], [0.014979915516379576, 0.04721806226556936, 0.02920811432604684, 0.908593907892004], [0.07532769563767036, 0.6691711589684277, 0.0021707383801316264, 0.25333040701377024], [0.22431856693800423, 0.5536449316999448, 0.12755841047559302, 0.09447809088645832], [0.19335451521358155, 0.30966349643766095, 0.0029302069406709893, 0.4940517814080864], [0.15756645115321435, 0.605490315705556, 0.0011807813139617506, 0.2357624518272678], [0.6122609571554531, 0.2889592512785302, 0.006111423568302054, 0.09266836799771452], [0.009214435412200603, 0.025065277074533047, 0.8094892743846691, 0.1562310131285974], [0.24629554461907682, 0.06228279020283935, 0.2426512735338885, 0.4487703916441951], [0.17523120418240307, 0.17098144858393519, 0.03545611160817539, 0.6183312356254863], [0.6917546176563126, 0.22586519233976549, 0.04310842072373178, 0.03927176928018957], [0.12835322188680465, 0.3430900402027011, 0.0843470543085683, 0.44420968360192575], [0.009220116124596521, 0.7575358722360518, 0.0439532855219371, 0.18929072611741443], [0.17992092022603612, 0.4783305152619858, 0.05773598461460501, 0.2840125798973728], [0.23366003022481624, 0.5634495558180053, 0.00655786203867276, 0.19633255191850604], [0.008516939435940648, 0.6618326469508264, 0.0041746153063131775, 0.3254757983069196], [0.23928018264061063, 0.6237286617192423, 0.0645634708374418, 0.07242768480270532], [0.24501198858535528, 0.15781490389291955, 0.15498429193255833, 0.4421888155891667], [0.7983098565131203, 0.018326395580230682, 0.0007924758736443843, 0.18257127203300433], [0.3624518012909858, 0.009081367822822968, 0.001407680162472168, 0.6270591507237192], [0.017189983612095894, 0.3545222625561915, 0.21044533737492674, 0.4178424164567857], [0.01880015141120125, 0.7268006284121427, 0.09972238824160197, 0.15467683193505447], [0.3014104628728806, 0.5491956571215448, 0.035124127250907, 0.11426975275466775], [0.258767006832463, 0.06546558873624489, 0.0043666945298141985, 0.671400709901478], [0.01861132439786001, 0.6837523120237687, 0.040643378015966986, 0.25699298556240463], [0.44874896484025056, 0.041239438150706305, 0.0022535834894372867, 0.5077580135196059], [0.3966620796553403, 0.17414424867135636, 0.22874210093317926, 0.20045157074012385], [0.24409067773339746, 0.4795936232441534, 0.11625828253484517, 0.1600574164876041], [0.02291935963636049, 0.4486193653027908, 0.1345484227899647, 0.39391285227088385], [0.597363674228443, 0.3437881956391693, 0.0037080011620817164, 0.055140128970306075], [0.051521233941166235, 0.4152543084971792, 0.16372090191936764, 0.3695035556422869], [0.11067719556549988, 0.48610197106984615, 0.3067749735122212, 0.0964458598524328], [0.06923258795812189, 0.2639045321021337, 0.3030641892461983, 0.3637986906935459], [0.010591162378723519, 0.07067520714343462, 0.8866492024623199, 0.03208442801552194], [0.008483249225010417, 0.12768816883124398, 0.8361929149446558, 0.027635666999089845], [0.012933797182255175, 0.8567668721382481, 0.09767403402904884, 0.032625296650447805], [0.7253677435499606, 0.12841767021804976, 0.0004613312056534169, 0.14575325502633624], [0.9549322211015439, 0.014042673639997992, 0.002004357375198923, 0.029020747883259295], [0.11360474472977104, 0.6719414151857288, 0.10439212304937684, 0.11006171703512324], [0.23562867637237034, 0.04860932441935013, 0.010212710392634192, 0.7055492888156453], [0.04505680194648358, 0.5706689466379032, 0.31848738048088504, 0.06578687093472817], [0.4927022237378101, 0.26165295698776264, 0.033695447272639456, 0.21194937200178787], [0.19667174063486617, 0.0663337891330013, 0.005571531084784863, 0.7314229391473477], [0.010227854776742238, 0.9260990560718002, 0.00293864488975434, 0.06073444426170288], [0.21498015529674808, 0.34366250611251775, 0.019557739529547293, 0.42179959906118675], [0.4613249663363699, 0.07213909248714419, 0.2016579000542199, 0.2648780411222664], [0.033264171025350286, 0.11263710501046925, 0.445349414240863, 0.4087493097233176], [0.12074398102204488, 0.399238094866984, 0.2764151672534088, 0.20360275685756235], [0.03176823611258654, 0.9210519297399192, 0.003199514406880998, 0.043980319740613234], [0.0481676677265567, 0.7805488830027559, 0.040984888960957, 0.1302985603097302], [0.036889046560996536, 0.3796970671942668, 0.023913737526617698, 0.5595001487181187]]}}