{"test": {"ids": ["111120540", "107121640", "112117030", "99108080", "106118301", "104113380", "101116130", "108120260", "97107821", "112117461", "109113931", "98110810", "112118530", "111119610", "110117110", "112118890", "105113190", "107118820", "106119990", "105116501", "112119120", "101108500", "111117000", "107116501", "99110050", "98113881", "102110690", "112119450", "112117790", "113119340", "113119320", "111116100", "109119340", "107116300", "112118471", "105115570", "103113101", "110117870", "112118161", "102112250", "104116441", "103109791", "101108370", "106118820", "100107920", "101112201", "104113190", "102114270", "112118701", "101110150", "97113260", "98109570", "107118490", "112118511", "107120130", "113118231", "99109910", "103111170", "100113370", "112120640", "105118230", "103113260", "108113700", "110118161", "113120280", "109118231", "113120640", "100108580", "109117730", "105115680", "113118690", "109120621", "108117720", "110115140", "108115250", "111121351", "104117630", "110117200", "99108010", "99117630", "107115140", "110120190", "106116370", "105113620", "109118820", "111116530", "109116040", "104114230", "103120340", "98111670", "99114890", "97116500", "107115250", "97107260", "106115120", "108114040", "98108970", "100109360", "103120730", "113121680", "105111990", "111119340", "108118810", "101111620", "108113760", "113119360", "113120830", "112121360", "100120010", "106115240", "111121220", "108117451", "108115970", "110120640", "108118630", "98108520", "113119300", "98106680", "112118880", "99107500", "106116820", "100108490", "109118701", "98111620", "113120591", "101109370", "111119250", "109116170", "110119030", "112117660", "109118161", "110121500", "99107640", "107121540", "113121010", "102111990", "113122170", "105112260", "102113210", "105116860", "99113260", "112119320"], "labels": [1, 1, 2, 3, 1, 1, 2, 1, 2, 0, 1, 1, 1, 2, 0, 3, 3, 3, 0, 1, 1, 3, 0, 1, 3, 3, 0, 3, 3, 0, 1, 3, 3, 0, 1, 0, 3, 3, 0, 0, 1, 3, 1, 3, 0, 0, 3, 3, 0, 1, 1, 1, 2, 1, 2, 3, 2, 2, 3, 0, 1, 3, 0, 0, 0, 1, 0, 0, 3, 2, 3, 1, 1, 0, 1, 0, 0, 3, 2, 3, 0, 3, 2, 0, 3, 3, 0, 2, 1, 1, 2, 2, 2, 2, 1, 0, 3, 0, 1, 1, 2, 3, 1, 3, 1, 0, 3, 3, 0, 1, 3, 2, 2, 0, 1, 2, 1, 1, 1, 0, 1, 2, 3, 3, 0, 1, 1, 0, 0, 0, 0, 3, 1, 2, 2, 2, 1, 3, 3, 2, 0, 1], "predicted_labels": [1, 0, 3, 2, 0, 1, 0, 1, 0, 1, 3, 0, 1, 3, 1, 3, 1, 1, 3, 0, 3, 3, 0, 0, 2, 0, 3, 3, 3, 3, 0, 1, 3, 0, 0, 1, 1, 3, 1, 0, 3, 3, 0, 1, 3, 0, 1, 3, 3, 3, 3, 0, 1, 3, 0, 1, 2, 0, 2, 3, 1, 3, 1, 0, 3, 3, 0, 0, 3, 3, 3, 3, 3, 3, 3, 0, 1, 3, 1, 1, 3, 3, 1, 3, 3, 1, 1, 3, 1, 1, 1, 0, 3, 3, 1, 3, 2, 3, 0, 3, 3, 3, 1, 1, 3, 0, 2, 1, 2, 1, 0, 3, 2, 3, 1, 2, 1, 0, 0, 1, 3, 1, 3, 0, 3, 1, 2, 0, 3, 3, 1, 0, 1, 1, 3, 3, 1, 1, 3, 0, 3, 1], "confidence_scores": [[0.2401055174044979, 0.34854682674015147, 0.1268076961946995, 0.2845399596606514], [0.3363205554665813, 0.2705676207765503, 0.22414502128317287, 0.16896680247369558], [0.21070872442104085, 0.3077308223043113, 0.16338172226097689, 0.31817873101367095], [0.17134381313807498, 0.2382927970841434, 0.3650812067159672, 0.22528218306181458], [0.2993363426988553, 0.24491682364602047, 0.179296888939248, 0.27644994471587636], [0.177216391819037, 0.3532817042004443, 0.1984540586625568, 0.27104784531796194], [0.44225089216644137, 0.18006818421739246, 0.18146731069116023, 0.19621361292500594], [0.15979955133412213, 0.44118244213591995, 0.1252682634907965, 0.2737497430391613], [0.35201467932024444, 0.20492402920024266, 0.19259488655150253, 0.2504664049280105], [0.17388085866013633, 0.45893013685668144, 0.13657070849212088, 0.23061829599106135], [0.2461490090778805, 0.2590467361365378, 0.23280816081933245, 0.2619960939662492], [0.5338679376664075, 0.25259421608924343, 0.06407900793931619, 0.14945883830503287], [0.09906162736073419, 0.5348154441260139, 0.09479313912944515, 0.2713297893838066], [0.12293607273518843, 0.319199231342042, 0.07952252071217876, 0.47834217521059097], [0.1806329121149181, 0.3613671422339702, 0.20961103141588153, 0.24838891423523038], [0.17742434183003983, 0.2253463107851195, 0.22628561618766047, 0.37094373119718044], [0.2309300703560507, 0.29323269778663563, 0.18865485047590783, 0.2871823813814058], [0.16665796074403658, 0.39966142459376736, 0.1582846579590603, 0.2753959567031358], [0.12319426556564164, 0.19925222753946628, 0.19027371837024265, 0.48727978852464954], [0.3289002631348083, 0.20253960434941853, 0.17200703922039792, 0.2965530932953752], [0.2620924929447183, 0.18882182908525735, 0.11180404317529051, 0.437281634794734], [0.11045410483304577, 0.3173219165859913, 0.20498667917485142, 0.3672372994061116], [0.34253596331776515, 0.2702672390323891, 0.20557033223788793, 0.18162646541195798], [0.3309668526661039, 0.29316553427608527, 0.09340331243856476, 0.28246430061924616], [0.08676174602880121, 0.12476645726662162, 0.6099554687390807, 0.17851632796549655], [0.42330266776298725, 0.23265806270349712, 0.1383903894740442, 0.20564888005947127], [0.23723876170325586, 0.18895123950251214, 0.08512977841606399, 0.48868022037816794], [0.24056074259197227, 0.2432534098482585, 0.15753835859871235, 0.358647488961057], [0.20818936924290718, 0.18570453608004744, 0.24807565201597478, 0.3580304426610705], [0.23738175782385984, 0.20562958401485557, 0.2256352385919222, 0.33135341956936265], [0.5225157795772908, 0.13487513595279185, 0.09309723902629057, 0.24951184544362667], [0.16929400318450397, 0.3140735121802741, 0.2921133307172682, 0.22451915391795388], [0.16082826327127536, 0.18843417352971478, 0.17682860120703822, 0.47390896199197163], [0.3453797575112167, 0.2086430922343512, 0.12541912044511905, 0.32055802980931325], [0.3041066703165116, 0.27550640302898066, 0.19879644657724305, 0.22159048007726484], [0.16833620551384645, 0.3625197671417182, 0.12190410016043031, 0.34723992718400526], [0.18278311716450668, 0.34205324333380194, 0.20711115727090373, 0.2680524822307876], [0.14953015553613022, 0.2627451722400217, 0.11559438232050571, 0.4721302899033424], [0.22133100103865827, 0.3245655072226856, 0.1651062351987669, 0.2889972565398893], [0.3289933224936924, 0.18293842549085404, 0.16304773467738917, 0.32502051733806425], [0.23433394312045525, 0.2926691849126157, 0.14639351373294363, 0.3266033582339856], [0.3168114108559376, 0.23774318873209474, 0.09264631821202952, 0.352799082199938], [0.29710557777363455, 0.28770281856478597, 0.13900991472048588, 0.27618168894109385], [0.21727849127760948, 0.3455812083023507, 0.16489579919338945, 0.2722445012266504], [0.2449294639620831, 0.2714763636222408, 0.1784995086723269, 0.3050946637433493], [0.32399769122769007, 0.28092886152090685, 0.14585558971160587, 0.2492178575397973], [0.13021130174830378, 0.5415071335566862, 0.09768700483554497, 0.23059455985946484], [0.14032742110419613, 0.17284378919587345, 0.13367956706659453, 0.553149222633336], [0.21312030549943908, 0.20964002646539895, 0.1400317448979661, 0.43720792313719575], [0.1832462402881269, 0.26830249316783733, 0.12138436761167255, 0.4270668989323632], [0.22830495639442336, 0.32978742112992987, 0.10850930456920066, 0.3333983179064461], [0.3992364163957854, 0.19303621288635575, 0.09577219457938067, 0.31195517613847823], [0.1670927091713468, 0.35464368766516774, 0.20641436147659312, 0.2718492416868925], [0.17314180507755136, 0.2447768292603789, 0.11830795900738182, 0.4637734066546881], [0.35185697694956575, 0.16134017599873, 0.3340875896441965, 0.15271525740750783], [0.27163836638300826, 0.3163090369655241, 0.13246984207574342, 0.27958275457572423], [0.1971710770848271, 0.2513285145123305, 0.336333985785347, 0.21516642261749547], [0.4476816070515498, 0.17414787068114698, 0.08642095341491252, 0.29174956885239056], [0.21445772040529115, 0.22757098755434468, 0.37366950910669094, 0.1843017829336732], [0.20680576434708708, 0.29397201583862625, 0.16360915230793371, 0.33561306750635284], [0.18153082991693342, 0.3498470003908371, 0.14537567197392248, 0.3232464977183071], [0.21460810981725842, 0.21109308321756678, 0.21447861987699252, 0.3598201870881823], [0.18607284172090555, 0.45908867468615244, 0.07600137332470781, 0.27883711026823427], [0.4563733707037375, 0.17943513181172313, 0.08263684680228901, 0.2815546506822504], [0.2019187149638286, 0.2380338606654978, 0.08271003047571594, 0.47733739389495766], [0.19064921276783642, 0.27074469278152846, 0.22506019444453695, 0.31354590000609833], [0.5466107862342707, 0.17141771069863504, 0.10251661287833619, 0.17945489018875815], [0.387912994157304, 0.2909178646375108, 0.09772311123414452, 0.22344602997104077], [0.09618766475645377, 0.338045479900321, 0.11869480177175915, 0.44707205357146607], [0.13244408503755514, 0.22434059565221454, 0.19834523439724155, 0.44487008491298896], [0.3078517682148575, 0.19531210594035242, 0.09076699039175846, 0.4060691354530316], [0.09973416381039679, 0.14712774635113612, 0.0866070719994841, 0.6665310178389829], [0.14450358616573766, 0.20899800715244804, 0.11860111507887036, 0.527897291602944], [0.14226949293066726, 0.28613592432051593, 0.1718925165129143, 0.39970206623590254], [0.18977930085884853, 0.21781609237442465, 0.15272352794012234, 0.43968107882660445], [0.3830205418478241, 0.3073027606607112, 0.16214350255827467, 0.14753319493318998], [0.15288781582690167, 0.4340882666529199, 0.16200454979021944, 0.2510193677299591], [0.17340493169623905, 0.2620107305611063, 0.16985286543565273, 0.3947314723070019], [0.2906124048342678, 0.36176273678871845, 0.14597471066174533, 0.20165014771526873], [0.1672299949948532, 0.2913891748360599, 0.259816146871966, 0.2815646832971209], [0.2641053977746038, 0.2201588643765205, 0.17844285394008336, 0.33729288390879236], [0.1630766015496909, 0.2468901395754279, 0.12404946690278609, 0.4659837919720953], [0.2667435067891475, 0.2959831712929731, 0.2681678420409129, 0.1691054798769664], [0.3072472164680644, 0.16992730786641033, 0.2113141521627679, 0.31151132350275734], [0.2624628057088025, 0.25402360345835295, 0.1201650358689941, 0.3633485549638506], [0.1939442938151994, 0.43880652312899643, 0.14820108174644014, 0.219048101309364], [0.16453015722486689, 0.3975733800596246, 0.18958142595744512, 0.2483150367580635], [0.2390811225268487, 0.2427981150837819, 0.1446811183243248, 0.37343964406504465], [0.17879793643579908, 0.35615775758620294, 0.20988880832922288, 0.2551554976487751], [0.20262799275891388, 0.43765566483592266, 0.20009482766554768, 0.15962151473961572], [0.13864238419166305, 0.4113482470023762, 0.19300838883667892, 0.25700097996928195], [0.4053736974566595, 0.12124787979582094, 0.3707456861621611, 0.1026327365853586], [0.2009393236638012, 0.32030659749914747, 0.14047913497778378, 0.33827494385926765], [0.2032074851933952, 0.26182119885048455, 0.25410072304144615, 0.28087059291467414], [0.12151578332440803, 0.38076719338832965, 0.11889630964104896, 0.3788207136462135], [0.13754610715817858, 0.24448848981576718, 0.2822929503564123, 0.335672452669642], [0.1078027964148548, 0.16713360473228717, 0.36579723503787015, 0.359266363814988], [0.19247204220674582, 0.170860919996792, 0.22963311899017425, 0.4070339188062879], [0.40204278208158534, 0.3351530649906579, 0.0938039315690327, 0.16900022135872414], [0.2569877686834658, 0.2222024486291638, 0.20253129113694746, 0.318278491550423], [0.1095974294017746, 0.24388317057493172, 0.27533270449494, 0.3711866955283538], [0.1538827560889437, 0.18359892066375585, 0.1890592293080076, 0.4734590939392928], [0.2753785468122737, 0.3120255625151135, 0.10574264123590112, 0.30685324943671166], [0.20922823664420653, 0.3056024357321772, 0.30227452041041647, 0.18289480721319984], [0.15503383036592003, 0.29554056932073786, 0.2504652260444604, 0.2989603742688818], [0.39254169769562297, 0.17602506404025517, 0.13339673095308405, 0.29803650731103787], [0.1786906147745759, 0.24255179217701625, 0.3293889700026648, 0.24936862304574295], [0.1854966792963728, 0.4184998821344731, 0.1857192697063259, 0.2102841688628282], [0.10131239918228341, 0.1645152324556998, 0.49514432849149553, 0.23902803987052135], [0.17577304171329292, 0.42278169306850355, 0.16156799442151745, 0.239877270796686], [0.39643780638154524, 0.2129354732807175, 0.08723076351361327, 0.303395956824124], [0.19136937833390527, 0.3184562281699358, 0.14423834300291205, 0.345936050493247], [0.16478335034706607, 0.2763077892404487, 0.2914225887790061, 0.267486271633479], [0.16012367687657014, 0.322016488033804, 0.12924439721078856, 0.3886154378788373], [0.13336771169420292, 0.31954885197063354, 0.24534274888029267, 0.30174068745487087], [0.11990759359416542, 0.25006810887998465, 0.32975031586677045, 0.30027398165907965], [0.18110058070014642, 0.3484167744055833, 0.2218505699356061, 0.24863207495866416], [0.303753773309638, 0.26736073143281514, 0.1503103645776988, 0.2785751306798482], [0.5076534504429349, 0.16595164733808157, 0.10548855325402051, 0.220906348964963], [0.2141039313913166, 0.473090602213851, 0.13375968724109458, 0.1790457791537379], [0.11843438225801586, 0.16161958484081246, 0.14917733989799334, 0.5707686930031782], [0.19196180806061122, 0.34529555581585836, 0.19239537293647688, 0.27034726318705343], [0.08477105036789703, 0.23497163500359414, 0.1004515897873377, 0.5798057248411711], [0.34836158694905583, 0.31447130482597035, 0.11175764382772573, 0.22540946439724835], [0.15382457389989795, 0.35320021617219605, 0.1135047675844386, 0.3794704423434674], [0.13909367426636943, 0.40104277483997547, 0.13688646708668073, 0.32297708380697454], [0.098260064602975, 0.212960819104478, 0.37869033275949976, 0.3100887835330473], [0.40231326707115855, 0.15193863778637887, 0.07751430084402167, 0.3682337942984409], [0.14469423323487135, 0.25789599575390326, 0.10797399927510161, 0.48943577173612374], [0.16263598524194453, 0.23063118577053426, 0.24720164568839567, 0.35953118329912553], [0.1570743404524499, 0.5350106625642046, 0.10579168234087112, 0.20212331464247432], [0.46541259434800863, 0.31324767847250073, 0.11051011350149113, 0.11082961367799951], [0.09570299844520057, 0.45976538598964944, 0.2768432710272179, 0.16768834453793224], [0.20322285175056476, 0.3484027301710659, 0.34073118957365467, 0.10764322850471453], [0.16282061375112683, 0.2811733707219911, 0.11914001237720268, 0.43686600314967927], [0.1690675602375975, 0.28036816744818366, 0.14649603025067284, 0.40406824206354597], [0.1949034327164326, 0.4125941407346079, 0.16386522265910916, 0.22863720388985048], [0.2332028586699452, 0.3368339236200669, 0.1520271832960006, 0.2779360344139873], [0.1157585338209159, 0.15995982261210728, 0.1712776246929875, 0.5530040188739894], [0.3067740670770801, 0.20278372966597064, 0.2740838857950944, 0.21635831746185483], [0.19596699544224744, 0.257512882528741, 0.1700417070195683, 0.37647841500944335], [0.2547889997526743, 0.3250999032026955, 0.14744672896695166, 0.27266436807767874]]}, "rewritten": {"ids": ["97107260", "97107821", "97113260", "97116500", "98106680", "98108520", "98108970", "98109570", "98110810", "98111620", "98111670", "98113881", "99107500", "99107640", "99108010", "99108080", "99109910", "99110050", "99113260", "99114890", "99117630", "100107920", "100108490", "100108580", "100109360", "100113370", "100120010", "101108370", "101108500", "101109370", "101110150", "101111620", "101112201", "101116130", "102110690", "102111990", "102112250", "102113210", "102114270", "103109791", "103111170", "103113101", "103113260", "103120340", "103120730", "104113190", "104113380", "104114230", "104116441", "104117630", "105111990", "105112260", "105113190", "105113620", "105115570", "105115680", "105116501", "105116860", "105118230", "106115120", "106115240", "106116370", "106116820", "106118301", "106118820", "106119990", "107115140", "107115250", "107116300", "107116501", "107118490", "107118820", "107120130", "107121540", "107121640", "108113700", "108113760", "108114040", "108115250", "108115970", "108117451", "108117720", "108118630", "108118810", "108120260", "109113931", "109116040", "109116170", "109117730", "109118161", "109118231", "109118701", "109118820", "109119340", "109120621", "110115140", "110117110", "110117200", "110117870", "110118161", "110119030", "110120190", "110120640", "110121500", "111116100", "111116530", "111117000", "111119250", "111119340", "111119610", "111120540", "111121220", "111121351", "112117030", "112117461", "112117660", "112117790", "112118161", "112118471", "112118511", "112118530", "112118701", "112118880", "112118890", "112119120", "112119320", "112119450", "112120640", "112121360", "113118231", "113118690", "113119300", "113119320", "113119340", "113119360", "113120280", "113120591", "113120640", "113120830", "113121010", "113121680", "113122170"], "labels": [2, 2, 1, 2, 1, 2, 3, 1, 1, 3, 1, 3, 0, 1, 2, 3, 2, 3, 0, 2, 3, 0, 2, 0, 0, 3, 0, 1, 3, 1, 1, 3, 0, 2, 0, 2, 0, 3, 3, 3, 2, 3, 3, 1, 1, 3, 1, 2, 1, 0, 2, 3, 3, 0, 0, 2, 1, 2, 1, 1, 1, 2, 1, 1, 3, 0, 0, 2, 0, 1, 2, 3, 2, 2, 1, 0, 1, 0, 1, 2, 2, 1, 1, 1, 1, 1, 0, 0, 3, 0, 1, 3, 3, 3, 1, 0, 0, 3, 3, 0, 0, 3, 0, 3, 3, 3, 0, 1, 3, 2, 1, 3, 0, 2, 0, 0, 3, 0, 1, 1, 1, 0, 1, 3, 1, 1, 3, 0, 3, 3, 3, 1, 1, 0, 0, 0, 0, 0, 3, 2, 1, 1], "predicted_labels": [1, 0, 0, 2, 1, 1, 3, 0, 0, 1, 3, 0, 0, 3, 0, 3, 0, 3, 0, 1, 2, 0, 1, 0, 0, 1, 2, 0, 3, 1, 3, 0, 0, 1, 3, 3, 0, 3, 2, 0, 0, 1, 1, 1, 1, 3, 1, 0, 1, 0, 3, 1, 0, 3, 2, 3, 1, 0, 1, 1, 1, 2, 3, 3, 0, 0, 0, 1, 1, 0, 1, 0, 0, 1, 1, 1, 0, 1, 3, 3, 0, 3, 0, 3, 1, 0, 1, 0, 1, 2, 0, 0, 2, 0, 0, 0, 1, 0, 0, 1, 0, 0, 1, 0, 0, 3, 1, 3, 2, 1, 3, 3, 1, 2, 0, 0, 3, 1, 0, 3, 1, 0, 0, 1, 0, 0, 2, 0, 3, 0, 0, 0, 3, 0, 0, 0, 1, 0, 0, 3, 1, 1], "confidence_scores": [[0.14895091930613202, 0.36575428111992864, 0.1363464458169759, 0.3489483537569637], [0.41622160553109794, 0.12236360831972849, 0.09088096684558059, 0.37053381930359297], [0.3113413781403893, 0.2725934525991446, 0.1498241074920583, 0.2662410617684078], [0.31353378613400956, 0.1600540244617863, 0.3632521134858813, 0.16316007591832293], [0.1992752948678218, 0.39415004726422653, 0.14946227588510413, 0.2571123819828475], [0.14869309791061394, 0.46885373601968094, 0.15730131203704198, 0.22515185403266297], [0.2280192876492598, 0.29536710905655256, 0.1616198397459343, 0.3149937635482534], [0.413942383021153, 0.22011375788150442, 0.07399619239638908, 0.2919476667009537], [0.3601658947191985, 0.24171720109104475, 0.11494008730591337, 0.28317681688384344], [0.22414624315863282, 0.31349188526186267, 0.21292984159042175, 0.24943202998908293], [0.13719046530548235, 0.29610589577426993, 0.19281588864530774, 0.37388775027494], [0.40759839822751115, 0.3019944086646095, 0.126051084946376, 0.16435610816150326], [0.3411784461039461, 0.236877115358133, 0.09190474059500327, 0.3300396979429176], [0.20242667765942554, 0.2627945331862587, 0.19515435337595144, 0.3396244357783644], [0.5576006632217843, 0.22353797124600394, 0.09587850117927901, 0.12298286435293276], [0.22478406737353332, 0.21458380541300898, 0.1364264198218597, 0.424205707391598], [0.2946218282668805, 0.28789194218685726, 0.19183744696079802, 0.22564878258546414], [0.18797435972523321, 0.2382863744592205, 0.14024626897669884, 0.4334929968388474], [0.2707692366757366, 0.24582162596584864, 0.22009225585173328, 0.26331688150668153], [0.20076116271982247, 0.31873940633389264, 0.1668228543499537, 0.313676576596331], [0.14605833957679684, 0.23337364776099975, 0.3587066624155259, 0.26186135024667756], [0.5752231781589684, 0.15761828162858638, 0.10634206788827465, 0.16081647232417065], [0.11272912163496195, 0.5316811685091336, 0.18719952094591144, 0.168390188909993], [0.3989026762188636, 0.184788034802489, 0.27246767493767593, 0.14384161404097143], [0.5031157786100613, 0.22886623779793508, 0.1353570919526208, 0.13266089163938294], [0.20666889025613525, 0.32551742063203887, 0.22733589901355572, 0.2404777900982704], [0.1612729487701895, 0.3084076440597011, 0.3865712792783797, 0.1437481278917298], [0.4766933442762406, 0.1895883929303313, 0.05603079344203375, 0.2776874693513945], [0.2013446483994346, 0.2286787371891493, 0.2091992980175583, 0.3607773163938578], [0.1879183056620413, 0.35351556657197686, 0.26959148587907417, 0.18897464188690766], [0.2802752895954562, 0.2432712744723418, 0.1082031009361444, 0.3682503349960576], [0.34962324391740807, 0.2802609198139679, 0.15535543618392386, 0.21476040008470035], [0.643152839000196, 0.1416266442207611, 0.11474243621502572, 0.10047808056401702], [0.15994417799708635, 0.4614865702686205, 0.1756422056421674, 0.2029270460921257], [0.13517589799547955, 0.3163198534953729, 0.09954660005518437, 0.4489576484539632], [0.20120799625631083, 0.20859864528332303, 0.14637747438451967, 0.44381588407584643], [0.4443110794451359, 0.25194412438372044, 0.08102492936443739, 0.2227198668067061], [0.19337151401889263, 0.2561811492980909, 0.16612963338659287, 0.3843177032964236], [0.22933477135766883, 0.17927674200126673, 0.2977952174270866, 0.29359326921397777], [0.5146119495959135, 0.2103933660577844, 0.10727777975678346, 0.16771690458951857], [0.5329282295535053, 0.16177996636799177, 0.09098902428052465, 0.2143027797979784], [0.17460546696645227, 0.31085587659850245, 0.2355169789925168, 0.27902167744252854], [0.3520346796682582, 0.36743243347204646, 0.12651337931929896, 0.15401950754039648], [0.11299589187900445, 0.35562954901676624, 0.3148016946538685, 0.21657286445036095], [0.24874707569554566, 0.31329338450502775, 0.16514292587128898, 0.27281661392813794], [0.20354412503859906, 0.30046809559882476, 0.13028345606116978, 0.3657043233014065], [0.12639722722859278, 0.3502854649063996, 0.29713415366890067, 0.22618315419610682], [0.4871137720499058, 0.19496168630827787, 0.1310168963211469, 0.18690764532066942], [0.37809262289685647, 0.4143231955762873, 0.10572526703685921, 0.10185891448999707], [0.3107485843893274, 0.2502690116738865, 0.2278121311796884, 0.21117027275709777], [0.10789427602944478, 0.20779333722932217, 0.3185933214096319, 0.3657190653316012], [0.2758436627903632, 0.354499332187842, 0.17454457694593517, 0.19511242807585985], [0.3611611624225817, 0.12613638515755712, 0.18701442082136746, 0.3256880315984938], [0.2414932385112073, 0.28026092768011157, 0.17764392217292968, 0.3006019116357516], [0.2534528371516243, 0.25616802528087196, 0.28830660595866764, 0.20207253160883618], [0.18106099693667124, 0.30218754870879966, 0.1490404044001301, 0.36771104995439907], [0.15676021733586878, 0.3501301296784235, 0.24445190650688536, 0.24865774647882238], [0.3452582898328527, 0.2622778875318754, 0.15249586437776158, 0.23996795825751016], [0.11714758437443717, 0.34311210047280066, 0.1979502259213279, 0.3417900892314342], [0.2830141522366563, 0.2922255812392783, 0.1448093860093788, 0.27995088051468653], [0.2841756745961402, 0.32847337915532265, 0.16890439805697308, 0.21844654819156423], [0.23318834322116422, 0.15947391662449117, 0.31953278301082905, 0.2878049571435155], [0.23382455106279723, 0.28023620183085995, 0.18666316397033766, 0.2992760831360053], [0.22250488189055379, 0.28075378859761163, 0.1408788914827622, 0.3558624380290723], [0.5689575094845778, 0.18528581329987182, 0.10092931828901518, 0.14482735892653537], [0.4458306665836091, 0.19383657645241464, 0.1638014655858528, 0.19653129137812342], [0.30661506073579886, 0.17222997494670939, 0.24060644250121616, 0.2805485218162756], [0.17102933529350722, 0.36575771557926307, 0.20593595315691618, 0.2572769959703136], [0.22693207162016327, 0.3903158435826811, 0.12046239106627851, 0.2622896937308771], [0.38773517400222457, 0.2612883385048853, 0.07307122073313324, 0.2779052667597568], [0.16875030108908332, 0.3721950032133274, 0.20621170076695877, 0.25284299493063056], [0.4445661161587195, 0.1629177982404322, 0.1541126705107501, 0.2384034150900982], [0.48784995319958857, 0.13576574651916645, 0.09519196611426495, 0.28119233416698003], [0.21649921703072542, 0.33281598021838704, 0.20095824279275962, 0.24972655995812795], [0.15811621016208052, 0.3803115975574481, 0.12047127624512191, 0.34110091603534953], [0.12781834434276268, 0.41412641382883486, 0.2538203223619992, 0.20423491946640307], [0.500949808768198, 0.1722734943369144, 0.1014818868965452, 0.22529480999834248], [0.3090364607591604, 0.34452611565000474, 0.15247566116208044, 0.19396176242875426], [0.13932198208003793, 0.2552297007762886, 0.2891835366826176, 0.31626478046105594], [0.19153332455460625, 0.20796716056113737, 0.2437713817435491, 0.3567281331407074], [0.3138489390421421, 0.20661765756251096, 0.22028746812555894, 0.2592459352697882], [0.19614413187696536, 0.20480873123525922, 0.11009057408852567, 0.4889565627992497], [0.3864007616998945, 0.1844416936619898, 0.19681574364157992, 0.2323418009965359], [0.25736865599655, 0.2650412206321452, 0.18408735521733924, 0.29350276815396553], [0.14964348766528715, 0.49336315462550484, 0.12510190284237782, 0.23189145486683008], [0.3458537220575583, 0.22931461228216005, 0.12447022748578734, 0.3003614381744942], [0.24686328934661292, 0.30896436455694776, 0.1604510942172852, 0.2837212518791542], [0.3950625516304131, 0.21935791091408982, 0.06433803943677993, 0.32124149801871704], [0.242276158594363, 0.35204063415697445, 0.20170725816997923, 0.20397594907868358], [0.09424138152678287, 0.31214901384582683, 0.4873504708544097, 0.10625913377298067], [0.3658974170744638, 0.23316301843848714, 0.11545257682841442, 0.28548698765863484], [0.5028171514487054, 0.2245677543874671, 0.11946962251015965, 0.15314547165366768], [0.11879049974240265, 0.2075901273634984, 0.4683487122759572, 0.20527066061814186], [0.4938612063699404, 0.17419234227335245, 0.14134935250013203, 0.19059709885657528], [0.4298731385273347, 0.1133548963269175, 0.22433182945197272, 0.2324401356937751], [0.47128550301179967, 0.175180267715366, 0.2234675189658636, 0.13006671030697073], [0.16464432019648867, 0.3728983924649269, 0.24021210364120885, 0.22224518369737575], [0.4624551993060419, 0.21345208784990538, 0.11369107901127037, 0.21040163383278218], [0.4761859971038652, 0.19188540982883315, 0.14379511897534927, 0.1881334740919524], [0.1249815492677262, 0.3527345535514223, 0.313446819926433, 0.20883707725441863], [0.46332840024254474, 0.173412278532637, 0.21548062350375916, 0.14777869772105914], [0.35065586885402694, 0.19964637947930583, 0.15703992033767827, 0.29265783132898876], [0.2628683296585677, 0.35130278532797543, 0.1899720215140046, 0.1958568634994525], [0.567370791071872, 0.15031101102583422, 0.1200103252451104, 0.16230787265718344], [0.4828989244653105, 0.1826184158730567, 0.11562068670075658, 0.21886197296087642], [0.13892568292789367, 0.2856088502851803, 0.22373706978100064, 0.35172839700592545], [0.15535175368878718, 0.470249437510815, 0.16935009694766515, 0.2050487118527327], [0.2966691809683521, 0.20523015262591998, 0.12402279938628857, 0.37407786701943924], [0.1608708626590985, 0.26549500798481807, 0.3097777088683536, 0.26385642048772984], [0.27497591153124706, 0.38047360483644066, 0.10059491272288418, 0.2439555709094282], [0.2168883018193614, 0.24556660930515856, 0.11870022823729288, 0.4188448606381871], [0.18945552579076747, 0.2699814542382608, 0.1655170265409424, 0.3750459934300293], [0.328355489888721, 0.3294439449017738, 0.14313667891207707, 0.1990638862974281], [0.15438097491490435, 0.26072546494958465, 0.3940136822844846, 0.19087987785102636], [0.48332698711397554, 0.14651300741483633, 0.15832085059082363, 0.2118391548803645], [0.4640734685661169, 0.15753111060624145, 0.13678867787966242, 0.24160674294797918], [0.24944528304922312, 0.19218053101466498, 0.22488341825988745, 0.33349076767622454], [0.3588369849873781, 0.3999155319726731, 0.11513675616100237, 0.12611072687894645], [0.3051553949265579, 0.3029565610891987, 0.17550171750188806, 0.2163863264823554], [0.31143295590677844, 0.21344585608973063, 0.14706165168091445, 0.3280595363225766], [0.11130804581856416, 0.45171740309171876, 0.2226131678031694, 0.21436138328654777], [0.5651489333034108, 0.20697815618208018, 0.09157883821029533, 0.13629407230421392], [0.4583601338951823, 0.1631243510676277, 0.16590312051934378, 0.2126123945178461], [0.2684551055990361, 0.3555500751671176, 0.13917853612925263, 0.2368162831045937], [0.46799296244598704, 0.17991332040816493, 0.09828295565763799, 0.2538107614882102], [0.4852472730110344, 0.16883804652932174, 0.11342631052341272, 0.23248836993623104], [0.25562911397330484, 0.1785054524271854, 0.2956311255317703, 0.27023430806773957], [0.36117825788450647, 0.12872105347636323, 0.3354630100862343, 0.17463767855289608], [0.17840133165621475, 0.254348767827622, 0.17733197292958336, 0.3899179275865799], [0.5370449724325578, 0.2432101519050295, 0.09704884631782304, 0.12269602934458959], [0.44362722625451995, 0.1858839613788079, 0.17886529850531133, 0.19162351386136067], [0.4340244764450464, 0.18307452173454783, 0.11510415604958399, 0.2677968457708218], [0.2249364215563282, 0.18383571617182679, 0.29457115693482494, 0.29665670533702], [0.4075781915826295, 0.11522858179792216, 0.12931664354256933, 0.34787658307687913], [0.4081825967892619, 0.18130389729071666, 0.11136431196331337, 0.29914919395670825], [0.4515169380166128, 0.1853073019763679, 0.1312780989111731, 0.23189766109584642], [0.1817048580966749, 0.38581132350609737, 0.21699524957769722, 0.21548856881953043], [0.42719646250329535, 0.1903133852817685, 0.23597209406910444, 0.1465180581458317], [0.3879314500948942, 0.18956152701099593, 0.15522961369347288, 0.2672774092006369], [0.1242722221279566, 0.2989441568120979, 0.1402374942348839, 0.4365461268250615], [0.19864759222122594, 0.3535318170121992, 0.1752774766240797, 0.27254311414249516], [0.1669005028532213, 0.3990143645226471, 0.25467715765574733, 0.17940797496838432]]}}