{"test": {"ids": ["110119030", "111116290", "112119930", "108113740", "98111860", "103111830", "101109120", "103110220", "110114561", "109117630", "110121720", "113120751", "113117340", "103113170", "103120531", "108115870", "107118780", "98109090", "97118210", "98108410", "107120880", "111116990", "111119580", "105116980", "100116500", "106115250", "109119340", "112119500", "97111790", "109117080", "108121190", "113121750", "109114030", "100111620", "98116090", "108115500", "112119450", "112116451", "102112250", "101110200", "98112300", "113118870", "99107950", "111117000", "108120280", "100120780", "112116401", "113120830", "99113260", "106113170", "98111620", "103111620", "99110730", "111120640", "111119930", "102110050", "104114230", "111118301", "105113190", "112118471", "110117080", "97105760", "101116130", "100117420", "99111440", "100109910", "103118291", "110121170", "111120540", "98108150", "110121450", "107113550", "100109360", "100113210", "104111830", "109120150", "102110690", "98108970", "112116501", "113122180", "97105960", "103120780", "100108080", "101115190", "106117650", "98110810", "99109370", "112117471", "109113281", "113119300", "105112260", "97110950", "108115570", "112116850", "111118810", "99111340", "109121410", "101109000", "109118820", "105120621", "105115720", "111120320", "108118520", "99109860", "113120280", "98121790", "99112300", "106119580", "109121640", "113122510", "112119120", "102121440", "97106600", "113121950", "113117630", "98109311", "110118930", "107114280", "107113840", "105110091", "107120130", "103109641", "102113981", "99112641", "101108460", "113118490", "108120621", "107112850", "106118520", "102107961", "110114321", "111120531", "112120270", "107120010", "105113170", "101113210", "99108710", "110118301", "105110251", "112119950", "105115680", "98117740"], "labels": [0, 2, 1, 3, 0, 3, 1, 2, 0, 0, 3, 1, 2, 3, 3, 3, 1, 1, 2, 1, 1, 0, 3, 0, 2, 2, 3, 2, 2, 1, 1, 0, 1, 3, 0, 3, 3, 0, 0, 2, 2, 0, 1, 0, 3, 1, 0, 3, 0, 0, 3, 0, 3, 0, 1, 3, 2, 3, 3, 1, 1, 0, 2, 2, 3, 2, 0, 2, 1, 0, 3, 0, 0, 0, 3, 2, 0, 3, 3, 2, 2, 1, 0, 1, 1, 1, 1, 3, 0, 1, 3, 3, 3, 0, 0, 1, 0, 1, 3, 1, 1, 1, 0, 2, 0, 2, 0, 3, 0, 2, 1, 2, 3, 3, 0, 1, 1, 3, 3, 0, 2, 1, 1, 1, 0, 1, 1, 1, 2, 3, 1, 0, 0, 1, 0, 3, 2, 1, 0, 0, 2, 2], "predicted_labels": [3, 1, 1, 0, 2, 0, 1, 1, 1, 1, 1, 3, 1, 1, 1, 3, 3, 2, 2, 0, 1, 3, 0, 3, 3, 3, 0, 1, 3, 3, 1, 1, 3, 2, 1, 3, 3, 0, 2, 1, 3, 3, 2, 3, 0, 3, 0, 1, 0, 1, 2, 1, 3, 1, 0, 1, 1, 0, 0, 1, 3, 2, 3, 2, 3, 2, 1, 3, 1, 1, 3, 2, 3, 3, 3, 2, 3, 1, 3, 3, 3, 1, 1, 1, 1, 1, 3, 1, 3, 3, 3, 1, 0, 3, 3, 1, 3, 3, 1, 3, 1, 3, 1, 1, 0, 2, 2, 1, 1, 1, 3, 1, 2, 2, 1, 2, 3, 1, 1, 3, 1, 3, 1, 0, 1, 0, 1, 1, 1, 1, 1, 3, 1, 3, 3, 1, 1, 1, 3, 0, 1, 3], "confidence_scores": [[0.0687226218440447, 0.3643684896492591, 0.09517934483738623, 0.47172954366930986], [0.2628995393422986, 0.5579712938916964, 0.12134101890748981, 0.057788147858514965], [0.07656191277873893, 0.6091566631728563, 0.10702895619724882, 0.20725246785115584], [0.806797516333526, 0.04510704897008647, 0.011425370895777833, 0.13667006380060984], [0.017945466802071094, 0.1692238659069996, 0.8003201527440909, 0.012510514546838304], [0.6819416320212092, 0.014060900857037218, 0.008058234570318835, 0.2959392325514346], [0.08539473010624028, 0.3164478096312043, 0.2560980399565682, 0.3420594203059871], [0.08813599721591536, 0.3078345704955711, 0.36460013847094946, 0.23942929381756453], [0.39024267579235083, 0.38867483516031226, 0.121475786371593, 0.09960670267574369], [0.2731514463030528, 0.4804125693580805, 0.18854988935275677, 0.05788609498610969], [0.09019768396173272, 0.5068171830258034, 0.15211000724732138, 0.25087512576514287], [0.13826763022198282, 0.1626507262794834, 0.08674758755703721, 0.6123340559414966], [0.07984187489895359, 0.6677278146513491, 0.20133244646964465, 0.05109786398005288], [0.05683075315532372, 0.44081554652576777, 0.3254163012874485, 0.17693739903146], [0.1408230997131184, 0.5795641545056796, 0.05571955498415913, 0.22389319079704323], [0.2514133009460013, 0.2138248680660385, 0.08868957756914427, 0.44607225341881607], [0.3555912507063666, 0.22552711230801392, 0.019248775183935047, 0.39963286180168467], [0.025796709056973035, 0.15141449606682433, 0.45782668084378053, 0.364962114032422], [0.13236416355217487, 0.0612530010565711, 0.5340124335338153, 0.2723704018574387], [0.45891490591585965, 0.35911582762265726, 0.10388704442267029, 0.0780822220388128], [0.13593698063761317, 0.358684030615761, 0.2385348119335556, 0.26684417681307016], [0.1939874576698524, 0.33846819310813286, 0.09822151309361103, 0.36932283612840366], [0.738980478163458, 0.08137819184044269, 0.11671802835087941, 0.06292330164521953], [0.24688544476221327, 0.2709191565880064, 0.07528678794781625, 0.4069086107019638], [0.11816098038650998, 0.08436721815031922, 0.21629851960348187, 0.5811732818596889], [0.07453983926613858, 0.2871626734020639, 0.2861401925441977, 0.3521572947875998], [0.3885885051433883, 0.0743225559895278, 0.3172373332659174, 0.2198516056011666], [0.02596041109281207, 0.5724513412030975, 0.36359082602415155, 0.037997421679939074], [0.15473895801109883, 0.18103293681596305, 0.2079355635855029, 0.4562925415874349], [0.03717455891393907, 0.29802777090392, 0.13137678410368916, 0.5334208860784516], [0.054170284135737906, 0.533764419945903, 0.04002529758856113, 0.3720399983297981], [0.43966817220529897, 0.373237949145666, 0.026078607617860013, 0.16101527103117494], [0.06581509480796016, 0.22754034004970267, 0.1157575089085435, 0.590887056233794], [0.07026416098801448, 0.23029785329550229, 0.42608975877895794, 0.2733482269375252], [0.16359937328921278, 0.4844809860805629, 0.08577166469965111, 0.2661479759305733], [0.13597634101560857, 0.30716994279839416, 0.1584990372887663, 0.39835467889723086], [0.057346818463152, 0.04128792015176642, 0.006926449175877376, 0.8944388122092042], [0.6267652884405434, 0.11277809249733756, 0.016819524783192926, 0.24363709427892613], [0.17513479917594132, 0.07854724108426389, 0.43157681208043325, 0.31474114765936184], [0.03046226402603826, 0.8571768332278948, 0.04606203569763844, 0.0662988670484284], [0.13407528544902375, 0.055203283180422634, 0.4284515651385876, 0.3822698662319662], [0.15789706524477212, 0.3885059232433273, 0.017158759566324212, 0.4364382519455766], [0.0041631537357636195, 0.29094454216654503, 0.6110319662886391, 0.09386033780905217], [0.19819671321480614, 0.12517880097740527, 0.046978581983458896, 0.62964590382433], [0.6424447354026366, 0.017494050603508386, 0.05273166005737561, 0.28732955393647946], [0.1250391694184336, 0.09452705688789409, 0.1881805723806357, 0.5922532013130364], [0.8684814669300713, 0.03523308116675538, 0.012148380879075441, 0.08413707102409801], [0.07198556154271249, 0.4772275278510153, 0.27749929152216884, 0.1732876190841037], [0.2686665351489324, 0.2674728728912658, 0.3097987241347417, 0.15406186782506026], [0.03738257011379337, 0.9034753481903639, 0.009819215252729406, 0.04932286644311337], [0.025814616300059167, 0.11466670660163081, 0.7152060860296087, 0.14431259106870162], [0.059985274348787906, 0.44349121123129526, 0.4483706550247614, 0.04815285939515515], [0.1350854513177161, 0.028571300443395817, 0.12935980675198896, 0.7069834414868992], [0.32835166044595854, 0.5724955029034922, 0.037751319650243365, 0.06140151700030599], [0.38255943592883906, 0.2608897090650381, 0.1022743743955868, 0.2542764806105359], [0.06299936030072568, 0.44385071961985917, 0.23207030135252615, 0.26107961872688895], [0.10008953157351656, 0.44195892995679475, 0.3498212525194664, 0.10813028595022192], [0.3236222788950338, 0.32876808715583006, 0.12982702701341475, 0.2177826069357214], [0.5377624752134604, 0.04110240013633803, 0.04247987667756594, 0.3786552479726352], [0.15679175845160223, 0.4604270891379226, 0.19145378211484798, 0.19132737029562732], [0.0464114347888792, 0.052525874856986315, 0.05653350690475458, 0.8445291834493798], [0.046627240609157565, 0.060174517624747466, 0.5928974467809689, 0.30030079498512613], [0.11089089315730975, 0.1758029377054501, 0.14102330129369625, 0.5722828678435445], [0.019360832504083558, 0.02567439339791323, 0.8715986757360716, 0.08336609836193146], [0.22534674237941868, 0.18835802228224185, 0.08717017352184249, 0.4991250618164966], [0.05135636040066062, 0.0393671032737502, 0.9030938952366518, 0.006182641088937377], [0.17626191875582936, 0.3286078595763715, 0.20009450653562502, 0.2950357151321741], [0.13081752703058303, 0.1711124595086576, 0.1362629398037026, 0.561807073657057], [0.05308668793707246, 0.6677241089047142, 0.19743334409611757, 0.0817558590620959], [0.04914650986981898, 0.752782291984877, 0.08692576896930834, 0.11114542917599582], [0.19131778205268246, 0.3031941991716052, 0.02881701861139139, 0.47667100016432074], [0.1587247903913849, 0.06508352987113432, 0.6848666991378042, 0.09132498059967652], [0.15676166626490004, 0.040698457483230956, 0.11174386677292203, 0.6907960094789473], [0.44575598547338424, 0.055542140886441646, 0.008625463135889655, 0.49007641050428435], [0.04990883295972736, 0.29015369817551684, 0.10549734831511257, 0.5544401205496431], [0.21610464907506174, 0.08370604887115718, 0.6131552967485272, 0.08703400530525364], [0.14643848054806372, 0.2547705563050976, 0.009030420529728427, 0.5897605426171101], [0.026182555037021084, 0.7445901955798876, 0.0736370820578618, 0.15559016732522962], [0.08178271584823485, 0.3514349957007713, 0.034078011122824194, 0.5327042773281697], [0.10564573567229692, 0.07153728129469375, 0.04056554833964222, 0.7822514346933673], [0.05232194867050211, 0.14601999506857027, 0.3075367154334502, 0.4941213408274772], [0.20227311149963564, 0.49187551396780516, 0.08913953698311276, 0.21671183754944648], [0.04092038418963459, 0.7380220038292673, 0.014724955728839336, 0.2063326562522587], [0.01527755658213566, 0.5417809034829761, 0.30417105795972965, 0.13877048197515898], [0.1320928816449591, 0.37456276277848377, 0.2937719701947257, 0.19957238538183153], [0.030486946933397405, 0.7191436284541585, 0.24362833916879634, 0.0067410854436480705], [0.1689682628463803, 0.15620530938067015, 0.20148276588500313, 0.47334366188794635], [0.08611761307224566, 0.656797234640027, 0.014770285516161252, 0.24231486677156627], [0.3404164307626086, 0.09783788569902466, 0.00580779849546909, 0.5559378850428975], [0.17099657517479305, 0.03681934509611835, 0.0068167083114790295, 0.7853673714176096], [0.12926446012095472, 0.3705965988842907, 0.10854838523197723, 0.3915905557627776], [0.12945754566713896, 0.39175348079735084, 0.12436727091315948, 0.3544217026223506], [0.6334788672100004, 0.08258941342003989, 0.18047569650477038, 0.10345602286518948], [0.11609037335894737, 0.04566672263894104, 0.019002834133535023, 0.8192400698685766], [0.3171897619899478, 0.16222678946395233, 0.002369479763501033, 0.5182139687825986], [0.030381972994086483, 0.42849975335198187, 0.13961659430533147, 0.4015016793485998], [0.048198489914901485, 0.09586656469113941, 0.06770199104182345, 0.7882329543521357], [0.02343782833518671, 0.08719418112750164, 0.3019800029666236, 0.5873879875706881], [0.16842849997431103, 0.4621291096746713, 0.1971651318036476, 0.17227725854737017], [0.2471354996030724, 0.014808778556665389, 0.0025278196190261087, 0.735527902221236], [0.039266694123454925, 0.6318167598530486, 0.040141140297791665, 0.2887754057257051], [0.07935314689716468, 0.262766717181997, 0.022219502599722236, 0.6356606333211163], [0.06570351427297612, 0.6982924037004647, 0.1560754142978634, 0.07992866772869604], [0.034346806964987577, 0.33019066604800235, 0.5320779427276598, 0.10338458425935038], [0.717794999680185, 0.016837083057237995, 0.017233305934558157, 0.24813461132801895], [0.10653900353133716, 0.1524311996826733, 0.6892124251026993, 0.05181737168328978], [0.03382308436645728, 0.086422370400762, 0.7255702866096715, 0.15418425862310925], [0.4428975557212801, 0.39318346368517404, 0.09618189977814155, 0.06773708081540457], [0.1795015546290592, 0.41188073113739465, 0.25854752333010994, 0.1500701909034364], [0.08112638165520412, 0.5606880602259647, 0.2919911785493032, 0.06619437956952802], [0.17269143971198192, 0.03969614167798948, 0.1209600918560518, 0.6666523267539768], [0.10655354159406956, 0.4389982565551822, 0.30547048470517646, 0.14897771714557204], [0.022635942421146495, 0.15185229685445728, 0.7849921873360407, 0.04051957338835519], [0.056976598154951735, 0.260669345963073, 0.4658064068323878, 0.21654764904958732], [0.14091916597731197, 0.5411241308966522, 0.10142876249835343, 0.21652794062768252], [0.14441359273413806, 0.09842401884787835, 0.48172643082805083, 0.2754359575899327], [0.1195401787179713, 0.26775249788122146, 0.03561300858300484, 0.5770943148178025], [0.07887111855456402, 0.7604543113747554, 0.08705702258252918, 0.07361754748815147], [0.09007285286271775, 0.6212472767880576, 0.15514744398496336, 0.1335324263642614], [0.10133183231647781, 0.3152785580038075, 0.20760576834156735, 0.3757838413381476], [0.18918310465569357, 0.3901378190014593, 0.40013036699099963, 0.020548709351847248], [0.04262409724852896, 0.08828463508892087, 0.15505840969560614, 0.7140328579669442], [0.14473489582182936, 0.6600784970944414, 0.1391427943657371, 0.05604381271799219], [0.47001345367661196, 0.21539885206018325, 0.11099196959771974, 0.2035957246654852], [0.11701602463424463, 0.48204856760281856, 0.18878568065236614, 0.2121497271105707], [0.7364975360934689, 0.08287750518840199, 0.029169294318912645, 0.15145566439921607], [0.4794878554664516, 0.4177554857177984, 0.051612453821594954, 0.05114420499415496], [0.0921172066521394, 0.7572446823584515, 0.096733601125699, 0.05390450986371017], [0.3985352452515462, 0.36528383478026377, 0.027137688389466882, 0.20904323157872293], [0.2139431957538326, 0.44809141818276904, 0.13038518730013335, 0.2075801987632651], [0.3177213962833642, 0.3932084249379162, 0.21025330498731276, 0.07881687379140669], [0.050284838936469074, 0.3340872454447606, 0.17404649084763596, 0.44158142477113427], [0.01297281977054912, 0.5839203943222713, 0.3515281510212166, 0.05157863488596307], [0.03383835495880089, 0.19182043358145193, 0.286563409147146, 0.4877778023126011], [0.10041318689826771, 0.1130892956085432, 0.037663333495390916, 0.7488341839977983], [0.0991037055983205, 0.5657931090833058, 0.14385677111442063, 0.19124641420395286], [0.01973083617108983, 0.46478591669727454, 0.09582658562282569, 0.41965666150880987], [0.058222237523328266, 0.6988734049894064, 0.030634956079319275, 0.21226940140794584], [0.1509296937673229, 0.38766698721399007, 0.04866699981549522, 0.4127363192031918], [0.6632948033784979, 0.07832150014070348, 0.009524355391844222, 0.24885934108895438], [0.015105552605069414, 0.6287364748899642, 0.2629559694878688, 0.09320200301709745], [0.044956270086812765, 0.09814639455017457, 0.23703595182829185, 0.619861383534721]]}, "rewritten": {"ids": ["97105760", "97105960", "97106600", "97110950", "97111790", "97118210", "98108150", "98108410", "98108970", "98109090", "98109311", "98110810", "98111620", "98111860", "98112300", "98116090", "98117740", "98121790", "99107950", "99108710", "99109370", "99109860", "99110730", "99111340", "99111440", "99112300", "99112641", "99113260", "100108080", "100109360", "100109910", "100111620", "100113210", "100116500", "100117420", "100120780", "101108460", "101109000", "101109120", "101110200", "101113210", "101115190", "101116130", "102107961", "102110050", "102110690", "102112250", "102113981", "102121440", "103109641", "103110220", "103111620", "103111830", "103113170", "103118291", "103120531", "103120780", "104111830", "104114230", "105110091", "105110251", "105112260", "105113170", "105113190", "105115680", "105115720", "105116980", "105120621", "106113170", "106115250", "106117650", "106118520", "106119580", "107112850", "107113550", "107113840", "107114280", "107118780", "107120010", "107120130", "107120880", "108113740", "108115500", "108115570", "108115870", "108118520", "108120280", "108120621", "108121190", "109113281", "109114030", "109117080", "109117630", "109118820", "109119340", "109120150", "109121410", "109121640", "110114321", "110114561", "110117080", "110118301", "110118930", "110119030", "110121170", "110121450", "110121720", "111116290", "111116990", "111117000", "111118301", "111118810", "111119580", "111119930", "111120320", "111120531", "111120540", "111120640", "112116401", "112116451", "112116501", "112116850", "112117471", "112118471", "112119120", "112119450", "112119500", "112119930", "112119950", "112120270", "113117340", "113117630", "113118490", "113118870", "113119300", "113120280", "113120751", "113120830", "113121750", "113121950", "113122180", "113122510"], "labels": [0, 2, 3, 3, 2, 2, 0, 1, 3, 1, 1, 1, 3, 0, 2, 0, 2, 2, 1, 2, 1, 2, 3, 1, 3, 0, 1, 0, 0, 0, 2, 3, 0, 2, 2, 1, 0, 1, 1, 2, 3, 1, 2, 3, 3, 0, 0, 1, 2, 1, 2, 0, 3, 3, 0, 3, 1, 3, 2, 0, 0, 3, 0, 3, 2, 1, 0, 1, 0, 2, 1, 2, 3, 1, 0, 3, 3, 1, 1, 2, 1, 3, 3, 3, 3, 0, 3, 1, 1, 0, 1, 1, 0, 3, 3, 2, 0, 0, 1, 0, 1, 1, 1, 0, 2, 3, 3, 2, 0, 0, 3, 0, 3, 1, 1, 0, 1, 0, 0, 0, 3, 0, 3, 1, 1, 3, 2, 1, 0, 0, 2, 0, 1, 0, 1, 0, 1, 3, 0, 3, 2, 2], "predicted_labels": [3, 3, 2, 3, 3, 3, 1, 1, 1, 3, 2, 1, 2, 2, 3, 1, 3, 1, 1, 3, 1, 1, 3, 1, 3, 2, 0, 1, 1, 3, 2, 3, 0, 3, 2, 3, 3, 3, 1, 1, 1, 1, 3, 1, 3, 3, 3, 1, 1, 3, 3, 1, 0, 1, 0, 1, 1, 1, 1, 1, 1, 1, 3, 0, 1, 1, 3, 3, 1, 1, 1, 0, 1, 1, 2, 1, 1, 3, 2, 1, 1, 0, 1, 0, 3, 1, 0, 0, 1, 3, 3, 3, 1, 1, 3, 2, 3, 1, 0, 0, 3, 1, 3, 3, 3, 3, 1, 1, 1, 3, 1, 3, 0, 3, 3, 3, 1, 1, 0, 0, 1, 3, 1, 1, 3, 3, 1, 1, 0, 1, 1, 1, 0, 1, 3, 0, 3, 2, 0, 1, 3, 1], "confidence_scores": [[0.06775371017695447, 0.035214258696202205, 0.058362798078911045, 0.8386692330479323], [0.0649259197387862, 0.12535074398934817, 0.22437109833603622, 0.5853522379358295], [0.1020765994625144, 0.18340733011643817, 0.6566002527264101, 0.057915817694637585], [0.122981084110151, 0.30862276704023867, 0.12585506041117053, 0.44254108843843976], [0.19348616248038272, 0.21200473509992993, 0.05093560991934365, 0.5435734925003438], [0.1346754174896357, 0.05761589574509204, 0.37477507940505267, 0.4329336073602196], [0.03673782776771084, 0.7013152059126426, 0.12197339209450767, 0.13997357422513865], [0.35233695551130145, 0.46848959247777366, 0.06140632440982459, 0.11776712760110024], [0.02634200491880306, 0.7862290775154439, 0.07764347274694297, 0.1097854448188102], [0.028112657199726516, 0.15937213718835835, 0.3591974351406515, 0.4533177704712641], [0.13369594733957596, 0.08685890740640066, 0.4513577592208551, 0.3280873860331681], [0.05230381776445427, 0.7892375171460683, 0.1460402700832486, 0.012418395006228574], [0.017856390611368986, 0.059424836392125716, 0.8191493421925954, 0.1035694308039099], [0.04086085079543634, 0.3188137951342638, 0.6246812640971429, 0.015644089973157027], [0.24521003509289524, 0.08523446061379093, 0.22333582837009747, 0.4462196759232163], [0.1871890032885962, 0.4938528334965511, 0.15452708581344257, 0.16443107740140991], [0.06160907898605758, 0.060131479791036294, 0.3073525845498843, 0.5709068566730215], [0.11972302631617185, 0.5447036678187712, 0.18716781931784904, 0.14840548654720814], [0.008257658664759016, 0.4656594141327279, 0.3950369249544659, 0.13104600224804722], [0.03459220739728534, 0.3881050863583602, 0.12133488126241582, 0.4559678249819388], [0.13545850563509998, 0.22554308422195543, 0.3267816086530836, 0.31221680148986114], [0.035875256965633234, 0.3476373314942437, 0.4718953448682516, 0.14459206667187183], [0.08981954325142852, 0.030113395833283672, 0.1532499503000027, 0.7268171106152851], [0.01527057055347522, 0.43131562907120713, 0.376964523431746, 0.17644927694357201], [0.2711311297481323, 0.15284907065561013, 0.11260175780991022, 0.46341804178634716], [0.029844810240618764, 0.08790830592946897, 0.7981737750377337, 0.08407310879217864], [0.6192428687757411, 0.13599217310985798, 0.05658232280117833, 0.18818263531322257], [0.27372664883790104, 0.2906672886867823, 0.30371212263052294, 0.13189393984479358], [0.06758855462644647, 0.662858625873043, 0.009252089585411391, 0.2603007299150995], [0.10175435619436624, 0.046193589689508145, 0.08489595040005234, 0.7671561037160735], [0.07879339057309655, 0.05408581794172904, 0.8508257198007713, 0.01629507168440302], [0.0781291645803406, 0.033933730413188874, 0.2479187404229175, 0.6400183645835532], [0.5689117030732596, 0.043286386543317575, 0.009083246091668816, 0.378718664291754], [0.07295521310973069, 0.07778953793623238, 0.28153171649942876, 0.5677235324546082], [0.05768915643391065, 0.051654384534526095, 0.6945411187035825, 0.19611534032798061], [0.1089363134670693, 0.08864398146722093, 0.20599851382329307, 0.5964211912424165], [0.07756714752753686, 0.36512484720169114, 0.10198026307169693, 0.45532774219907507], [0.06446467231690126, 0.07345326125305016, 0.3616650181428854, 0.5004170482871629], [0.24302229686189597, 0.5179749671126475, 0.11691693618684984, 0.12208579983860673], [0.019307131459192366, 0.8728119441361084, 0.049620817930639445, 0.05826010647405972], [0.10821805539544865, 0.5760175844912391, 0.08428403363413288, 0.2314803264791791], [0.02229251249140061, 0.4340028757939476, 0.37941771003963265, 0.16428690167501916], [0.15142275086107032, 0.16333147155277755, 0.09655253466480539, 0.5886932429213468], [0.20288129593597645, 0.3834479521307466, 0.08832932915766954, 0.32534142277560724], [0.10078117565195026, 0.3280203831516348, 0.19233246343166846, 0.378865977764747], [0.18681151698582407, 0.24650474645403614, 0.00835737816827481, 0.5583263583918652], [0.18011928041773392, 0.08553121453366079, 0.3857089018858026, 0.3486406031628028], [0.10204888455218761, 0.7166428394373401, 0.12495839563333687, 0.05634988037713519], [0.1148836536547054, 0.3705400734981323, 0.3300852399558567, 0.1844910328913058], [0.05278226395952792, 0.12901788035997283, 0.3705672748867876, 0.4476325807937115], [0.09897462957774288, 0.1804757553816221, 0.24940020311185387, 0.47114941192878135], [0.06825105618993503, 0.480510484085493, 0.39504971966419206, 0.056188740060379834], [0.6665114483946452, 0.029924715658405175, 0.01011375193459727, 0.29345008401235256], [0.04959237833372632, 0.4321191933246445, 0.28997081775980926, 0.22831761058182007], [0.5172405944005534, 0.299178452283131, 0.047785816334945275, 0.13579513698137025], [0.1262886213386191, 0.5331052176711283, 0.06718568618941892, 0.2734204748008335], [0.23994208135999023, 0.5547573811840651, 0.06577384215838153, 0.13952669529756312], [0.07436338483257536, 0.4187371219908833, 0.14947771246744024, 0.35742178070910097], [0.19060081578860844, 0.3122883817978846, 0.2949278986160289, 0.20218290379747803], [0.09379199103914393, 0.32845255598434825, 0.25084544607063874, 0.3269100069058689], [0.24935407229786222, 0.5244374193713194, 0.04406231951616834, 0.1821461888146501], [0.06270140734263822, 0.4669344738224531, 0.1242861511669262, 0.3460779676679823], [0.09452213329501072, 0.11799738086178267, 0.039145305785665, 0.7483351800575414], [0.6273783193500447, 0.04592995791759579, 0.04537837585219654, 0.28131334688016313], [0.022399627826815476, 0.538598349071747, 0.35416324239928754, 0.08483878070214988], [0.049463798268751344, 0.5958554708870496, 0.0412674828925577, 0.31341324795164155], [0.2221569832653211, 0.3650467041162879, 0.029940276339029424, 0.3828560362793617], [0.3072422471455888, 0.021644028290858475, 0.003241759934617877, 0.6678719646289348], [0.03267418302339822, 0.9020575199510229, 0.011456721009960485, 0.053811576015617806], [0.09179700589322065, 0.35144031861327074, 0.22840727173625933, 0.3283554037572491], [0.11684209236676585, 0.5018627914269135, 0.23028126440401894, 0.15101385180230156], [0.4960840244677746, 0.39111628803263354, 0.044408709711955575, 0.0683909777876364], [0.373398617208656, 0.3739881905375103, 0.15885729679211047, 0.09375589546172329], [0.07340698737482534, 0.7727839282620707, 0.09637154836795747, 0.05743753599514686], [0.2548008398888557, 0.08257713174721706, 0.5649244269187942, 0.0976976014451329], [0.11309498349834927, 0.5646566195135044, 0.15375071642295887, 0.16849768056518702], [0.1752896305478441, 0.5468542791800445, 0.14009313841620488, 0.13776295185590645], [0.33113823546968896, 0.27114470616543357, 0.02789558596354746, 0.3698214724013303], [0.05966149146932347, 0.28282162310652215, 0.47277755361070645, 0.18473933181344807], [0.19631506970637744, 0.41502779174470994, 0.35393163971443514, 0.0347254988344775], [0.09422360398641375, 0.5266603806730046, 0.21299709876871295, 0.16611891657186875], [0.7638777449647862, 0.04547915393876187, 0.009309235240164637, 0.18133386585628725], [0.07238568202534955, 0.3173403638785856, 0.2519776707934274, 0.35829628330263735], [0.5661419599326469, 0.13239873848596975, 0.18096151055350201, 0.1204977910278811], [0.25288828459784807, 0.2198365867517669, 0.0755032128925768, 0.4517719157578081], [0.05024858613698464, 0.6850510271939007, 0.16418333290926923, 0.10051705375984558], [0.647837640474346, 0.017725142199932334, 0.06600936197705126, 0.2684278553486705], [0.5151131290593642, 0.39341002662518365, 0.048371429409965305, 0.04310541490548696], [0.031699588652051365, 0.46318021606858273, 0.07931091905252612, 0.42580927622683973], [0.32691437672067347, 0.1310099281675373, 0.007067377141702596, 0.5350083179700866], [0.09135273638643103, 0.3093054098374746, 0.1168708846437775, 0.48247096913231685], [0.056342550567854484, 0.24275579712261489, 0.05290896744994741, 0.6479926848595834], [0.34344377565925494, 0.4558603974995678, 0.12373717063637577, 0.0769586562048019], [0.265478839497589, 0.37238912026033005, 0.15340060992711171, 0.20873143031496913], [0.18443839226281467, 0.06976827543012061, 0.3778854610479724, 0.367907871259092], [0.20497376543614484, 0.09705495690201034, 0.598996216899583, 0.09897506076226191], [0.07428743702277685, 0.09812827898696058, 0.0894884467315255, 0.7380958372587371], [0.3099305065320116, 0.35825529025870173, 0.16013232618722006, 0.1716818770220661], [0.5218643552825138, 0.37518613164956494, 0.04972480615647941, 0.0532247069114416], [0.4758630335064434, 0.2737867533279352, 0.1446486617541496, 0.105701551411472], [0.058269208500432226, 0.03220626530178097, 0.1615482144789974, 0.7479763117187894], [0.09068098776460747, 0.6869804333234628, 0.028680931474979864, 0.19365764743694974], [0.12434242482700321, 0.204774356003369, 0.023744154915782047, 0.647139064253846], [0.06928035146813784, 0.314829515207693, 0.06865023689075327, 0.5472398964334162], [0.25328232913172505, 0.1007772672495201, 0.1424502794921872, 0.5034901241265675], [0.10469660497539807, 0.2862768589638889, 0.023983335410938486, 0.5850432006497744], [0.09065051167857095, 0.5288573062731564, 0.09973735884590444, 0.28075482320236805], [0.39758598125372574, 0.5250955810102322, 0.04817739075549913, 0.029141046980542734], [0.15816315983782744, 0.4686870554449495, 0.0679093265682757, 0.3052404581489472], [0.21311494612397527, 0.20416511414008867, 0.05221050459905531, 0.530509435136881], [0.19596511844591205, 0.40803924208203884, 0.1338366470079077, 0.2621589924641412], [0.332742625480177, 0.18034998365370075, 0.002749376231766421, 0.48415801463435576], [0.7084563527832352, 0.11979332028585712, 0.07293741046207547, 0.09881291646883213], [0.38927866600133776, 0.21741557388922908, 0.07682166103165176, 0.3164840990777812], [0.07767733698986636, 0.3038110477953774, 0.03703078417080144, 0.5814808310439552], [0.05139384161106377, 0.398345864853608, 0.18541138814536823, 0.36484890538996023], [0.07995599647709607, 0.5908666699418712, 0.23273725048364272, 0.09644008309738994], [0.37109132575340426, 0.5134858732442503, 0.04535920530306077, 0.07006359569928462], [0.8186997854477946, 0.027261593337016124, 0.009846713304484219, 0.144191907910705], [0.693931856053707, 0.11351059858305468, 0.022608171932184465, 0.16994937343105412], [0.07121781576158802, 0.48693048843870546, 0.05750542649031151, 0.38434626930939475], [0.12674035384608462, 0.10711336525043912, 0.032193402370969716, 0.7339528785325065], [0.1402645076916579, 0.4514057863179326, 0.020650751207171636, 0.38767895478323794], [0.07868733737996163, 0.524629282785985, 0.2744835699861309, 0.12219980984792261], [0.17690994689891837, 0.04148702002130432, 0.09464191543247448, 0.6869611176473029], [0.02649714157130635, 0.041524388470892126, 0.011329195282526301, 0.9206492746752752], [0.019720757431321085, 0.6028886435934107, 0.3422257271300026, 0.035164871845265865], [0.06341624031806292, 0.6461265872667356, 0.09862108844511483, 0.19183608397008678], [0.7094373508918033, 0.07880218966772216, 0.01101139008092649, 0.20074906935954825], [0.013132329960287412, 0.5620555316937421, 0.3373280653511663, 0.0874840729948044], [0.10333156269603441, 0.6475810532257067, 0.16894018144250086, 0.08014720263575811], [0.15444216378408743, 0.4623954589854029, 0.1609143524984895, 0.22224802473201993], [0.6130952297472563, 0.14671636177256578, 0.04203964077301266, 0.19814876770716566], [0.13635701191029526, 0.435933827754003, 0.05642358856871549, 0.3712855717669865], [0.12086242971693052, 0.20826303819094294, 0.08122453300348068, 0.5896499990886459], [0.7955118599611908, 0.017499857294344057, 0.01984199627253778, 0.16714628647192745], [0.16569344821403795, 0.18924927429577354, 0.08220812034315632, 0.5628491571470323], [0.038001722938784455, 0.30419684664110025, 0.6088944746068359, 0.04890695581327901], [0.6511059944099635, 0.2188653632807527, 0.017632942031158755, 0.11239570027812483], [0.05015486963846757, 0.31418153869474, 0.4749400054020114, 0.16072358626478084], [0.09263025800713416, 0.1345070039183217, 0.05284758281954328, 0.7200151552550009], [0.08008221599838374, 0.468205821610572, 0.38831335537193024, 0.06339860701911428]]}}