{"test": {"ids": ["99109161", "112117790", "99119830", "99110050", "108115570", "106115240", "101108370", "111116090", "107114110", "109114720", "110113931", "98120010", "112119580", "101110740", "109121640", "97106970", "108120621", "110116300", "102110850", "104117200", "112118890", "109120621", "110118740", "104114240", "104111780", "108114220", "100108520", "112120290", "113118490", "112116290", "104111880", "105113260", "111120591", "112118701", "106113170", "112118530", "113121010", "105112130", "102110240", "103110760", "108114270", "111117000", "102110890", "98111860", "98116090", "107118780", "113118690", "113122320", "110114920", "104111531", "101112201", "112117461", "112118161", "102112250", "100108990", "98106880", "99109370", "100109980", "111118910", "106118161", "108118291", "108114670", "109117730", "97107950", "110119030", "112119120", "102110500", "102110750", "112118421", "112118880", "103117461", "112118860", "100113370", "107113200", "113119360", "111119150", "109114270", "105116501", "108115500", "110114321", "111116750", "110121500", "102116340", "110118930", "109115070", "105120621", "110117110", "102112030", "98111620", "103110840", "108114040", "112120540", "102118380", "104114740", "106117770", "107113130", "112118620", "109118820", "102109010", "113122160", "98112170", "106118301", "110119300", "107114621", "112117030", "103110220", "110116290", "108113480", "101114020", "101108950", "107121700", "99108010", "105114220", "111121220", "105115250", "101111140", "99108710", "105118171", "98111670", "111119930", "112119320", "108115070", "100113210", "104111711", "111116040", "99107660", "113121410", "106116441", "108113700", "112119980", "110119891", "104113550", "111121410", "110120540", "103117200", "108118520", "107121540", "97110950", "108117360", "109116441", "112120990", "105121370"], "labels": [3, 3, 1, 3, 3, 1, 1, 3, 1, 0, 1, 2, 3, 3, 0, 2, 1, 3, 3, 3, 3, 1, 3, 0, 3, 3, 2, 1, 1, 0, 3, 3, 1, 0, 0, 1, 2, 1, 3, 1, 3, 0, 0, 0, 0, 1, 3, 1, 3, 0, 0, 0, 0, 0, 2, 0, 1, 1, 0, 3, 3, 3, 3, 2, 0, 1, 3, 1, 3, 1, 0, 3, 3, 0, 0, 3, 3, 1, 3, 1, 3, 3, 3, 1, 0, 1, 0, 2, 3, 1, 0, 3, 1, 2, 0, 1, 3, 3, 1, 3, 3, 1, 1, 0, 2, 2, 2, 0, 3, 2, 3, 2, 3, 3, 2, 2, 2, 3, 1, 1, 1, 1, 0, 1, 0, 3, 0, 0, 0, 0, 3, 1, 0, 1, 0, 0, 2, 3, 1, 3, 2, 2], "predicted_labels": [0, 3, 1, 3, 0, 3, 0, 1, 3, 1, 1, 1, 3, 1, 3, 2, 0, 3, 1, 1, 1, 3, 0, 1, 1, 2, 2, 2, 0, 0, 3, 1, 0, 3, 1, 1, 1, 1, 1, 0, 3, 1, 2, 2, 1, 1, 0, 1, 1, 0, 1, 3, 1, 0, 1, 3, 1, 0, 1, 0, 0, 2, 3, 1, 0, 3, 3, 1, 1, 2, 3, 1, 3, 3, 0, 1, 1, 1, 1, 1, 3, 0, 2, 0, 1, 3, 1, 1, 2, 2, 3, 1, 1, 3, 1, 0, 0, 1, 1, 1, 2, 1, 2, 3, 1, 1, 1, 1, 1, 1, 3, 1, 1, 3, 3, 0, 1, 1, 3, 3, 2, 1, 3, 3, 2, 0, 3, 3, 0, 1, 3, 1, 3, 1, 3, 3, 3, 2, 2, 0, 1, 0], "confidence_scores": [[0.636117449513728, 0.09807815454342024, 0.16916147343085663, 0.09664292251199526], [0.1627936405334847, 0.16008083382596366, 0.15822264969234143, 0.5189028759482103], [0.1388756545645734, 0.32234678354894875, 0.21974412616413214, 0.3190334357223457], [0.15177037440079835, 0.27425751847991947, 0.25321364713427447, 0.3207584599850076], [0.31222547059383243, 0.20509793707515428, 0.2541050724246835, 0.2285715199063299], [0.15994533503776964, 0.2999460250807566, 0.20421047321925762, 0.33589816666221606], [0.5182355265549613, 0.22625846744965072, 0.11379784861369659, 0.14170815738169157], [0.34753290426024547, 0.3554549132908481, 0.10369520200503972, 0.19331698044386678], [0.1997590512738766, 0.21472090691181167, 0.2432518294954001, 0.3422682123189115], [0.13341889494591447, 0.3902321005952387, 0.21539192802805926, 0.2609570764307875], [0.14209584133526587, 0.48506665143362565, 0.06420823854587777, 0.30862926868523083], [0.22151802808293253, 0.28976487130191014, 0.21717282646302416, 0.27154427415213317], [0.1575044584825516, 0.2960748294600891, 0.1720538075959454, 0.3743669044614138], [0.22392238311099635, 0.40198877793350396, 0.14744907124728587, 0.22663976770821387], [0.19479606718126521, 0.2697048633997153, 0.13673279206292602, 0.3987662773560935], [0.23896207470732445, 0.17299651992698867, 0.3409221185678941, 0.24711928679779288], [0.3038276367032395, 0.20579858299520612, 0.20359443788426446, 0.28677934241729003], [0.29993734740243483, 0.22806123645495252, 0.16219971810401795, 0.3098016980385948], [0.15180998091153478, 0.48107309288501215, 0.17511992394709397, 0.19199700225635918], [0.10684659756581182, 0.350799246442597, 0.229286282755585, 0.31306787323600616], [0.15909999533448174, 0.41579049752339226, 0.19196684487332252, 0.23314266226880348], [0.24714101581762743, 0.15995522995727132, 0.2220322690870285, 0.3708714851380728], [0.4079580183545409, 0.17060338504902792, 0.1697792188012896, 0.2516593777951418], [0.18469207058807122, 0.5301940667824748, 0.10192523565545522, 0.1831886269739988], [0.16258648964425546, 0.43746293683206205, 0.08895550655979606, 0.31099506696388635], [0.1002966918119837, 0.26433271887411286, 0.48063360902275715, 0.15473698029114633], [0.16904848410478587, 0.2779514037186124, 0.28878548612480276, 0.2642146260517991], [0.1030076948234441, 0.2521344167438409, 0.4449352722146542, 0.19992261621806068], [0.3613692943838584, 0.23103288395968402, 0.16270474098930435, 0.24489308066715343], [0.5857701455966121, 0.240938600791896, 0.09352594664333165, 0.07976530696816002], [0.09237334262600755, 0.21734316234552625, 0.18349250985475407, 0.5067909851737121], [0.2122879752516164, 0.3345093961358942, 0.14247736298540375, 0.3107252656270858], [0.4958420321720504, 0.19125771052160542, 0.08598489742057967, 0.22691535988576472], [0.2946636797493796, 0.21483408517010594, 0.1277969681441236, 0.3627052669363907], [0.12250770400494924, 0.5135111837989904, 0.047641824688976236, 0.3163392875070841], [0.12557052866535595, 0.4069479970859698, 0.2786397767523172, 0.1888416974963571], [0.13016484262735234, 0.3083326303561606, 0.27281988626653975, 0.2886826407499473], [0.09042728053060792, 0.6402335518077859, 0.14026758321974048, 0.129071584441866], [0.29225906302654237, 0.35470984147195944, 0.14095962976581716, 0.2120714657356811], [0.34030857474318466, 0.29118295872796907, 0.08471855411560245, 0.2837899124132438], [0.10467987576589684, 0.25263098626412206, 0.093371879082308, 0.5493172588876731], [0.1425401937269677, 0.402677182489685, 0.18496717062576415, 0.26981545315758315], [0.24144347342051145, 0.17038144312496928, 0.3274757808730942, 0.2606993025814251], [0.07372198817019622, 0.2651008506535197, 0.5787943583799532, 0.08238280279633091], [0.07825518434389367, 0.5279308851081986, 0.10880795999640752, 0.28500597055150007], [0.3133090264950877, 0.3268818952089061, 0.10344071429779077, 0.25636836399821544], [0.4119975852197914, 0.28525960509142523, 0.12191572989180133, 0.180827079796982], [0.17751174512587625, 0.4231286120945392, 0.11610847038493961, 0.2832511723946448], [0.19719209823418896, 0.3563311286153726, 0.11415100089776274, 0.3323257722526758], [0.39454687469614574, 0.19572376931413113, 0.06152628374124009, 0.34820307224848296], [0.2803613180196245, 0.486076940549752, 0.1225090588320634, 0.11105268259856016], [0.3121591107273371, 0.22474532443650752, 0.13323767251198965, 0.32985789232416574], [0.1729008719397494, 0.3422713528572816, 0.2754959774192233, 0.20933179778374555], [0.483674205002318, 0.17819657249946333, 0.1369133042690712, 0.2012159182291475], [0.14165667333721413, 0.384552275099327, 0.17169320135501764, 0.3020978502084414], [0.17833420273087128, 0.16922472355947943, 0.1821633995422692, 0.4702776741673802], [0.11393007053090243, 0.39365876266362104, 0.2481567901437171, 0.2442543766617595], [0.30063973393031895, 0.25192528428444116, 0.1507129231086508, 0.2967220586765891], [0.21597066544421423, 0.36503754563134405, 0.11112514322319009, 0.3078666457012519], [0.4753150055962293, 0.2252641996242898, 0.1416753767110399, 0.15774541806844103], [0.3224183602743849, 0.21344446562947722, 0.1842262626803568, 0.2799109114157812], [0.08760738699923294, 0.35049087149976793, 0.4492603044933393, 0.11264143700765984], [0.33030029316757215, 0.22561992301209666, 0.08770285078272849, 0.3563769330376026], [0.1760724465151315, 0.4268794424876426, 0.17591664802035975, 0.22113146297686614], [0.4343711127353905, 0.32506915560320715, 0.10810222879121568, 0.1324575028701866], [0.30037505269514786, 0.17606109066261466, 0.21267151385225858, 0.310892342789979], [0.21980785782790715, 0.24355774478734932, 0.19417220910374516, 0.3424621882809984], [0.13380492835624253, 0.5098158059748421, 0.2535489355809673, 0.10283033008794819], [0.29933349113718316, 0.3347471673938397, 0.09426676925812134, 0.27165257221085587], [0.23718868722688774, 0.20206737414199916, 0.4001910914021463, 0.16055284722896693], [0.2767685777057611, 0.2345617030840338, 0.18010850291333247, 0.30856121629687266], [0.2144612478659611, 0.4458339352684962, 0.14899000862486073, 0.19071480824068207], [0.17474982678687023, 0.2390493098323637, 0.27411027081246, 0.31209059256830607], [0.2643702774534332, 0.21058015146771963, 0.24780370493968903, 0.2772458661391582], [0.5851999763334077, 0.1288083242852145, 0.05342242389696732, 0.2325692754844103], [0.1778491017143118, 0.4145216205063893, 0.16833701739106227, 0.23929226038823667], [0.07161026308405166, 0.5731651787638354, 0.10918185182925463, 0.2460427063228582], [0.2856349514424572, 0.3892842501761891, 0.05560864458727275, 0.2694721537940809], [0.15532070456522393, 0.35492363292679735, 0.34349423916567945, 0.14626142334229908], [0.17225294186482915, 0.4602137563254336, 0.1716398878484674, 0.19589341396126983], [0.13933315271841476, 0.17386404958279247, 0.15138120807188934, 0.5354215896269034], [0.4648533754509845, 0.30885645952107565, 0.07260808536831115, 0.15368207965962877], [0.29154927167653427, 0.2110528999464783, 0.3078920453627986, 0.1895057830141889], [0.33971680772355795, 0.3057351540672136, 0.1548081452207259, 0.19973989298850225], [0.23092634307807458, 0.5330237936397056, 0.07049568058277055, 0.16555418269944927], [0.15505103267580372, 0.1745281465922209, 0.05685281570521388, 0.6135680050267616], [0.16218480436242408, 0.36938777245141996, 0.1772402014145133, 0.29118722177164275], [0.1556603995463849, 0.3119034038374187, 0.281073308764711, 0.2513628878514854], [0.1442149307098134, 0.24885488474756928, 0.333206676967722, 0.27372350757489533], [0.23787887410778666, 0.18549304243783019, 0.360045672028968, 0.2165824114254152], [0.1212736219624971, 0.33655571620964714, 0.1562688348951973, 0.38590182693265845], [0.3001386054715717, 0.35938490232287634, 0.12679979667738459, 0.21367669552816754], [0.18705511218814347, 0.4476080675893538, 0.12889187171079988, 0.236444948511703], [0.159678985640183, 0.2939639854776955, 0.23187458651402962, 0.3144824423680918], [0.274797735911825, 0.35770880310600517, 0.13770297273113533, 0.22979048825103449], [0.2759289285855953, 0.2606690185769888, 0.20897193051166246, 0.2544301223257533], [0.3335385267468145, 0.2784525092205359, 0.09932277282507401, 0.2886861912075757], [0.1503802260201433, 0.7087298596221131, 0.061358280830185255, 0.07953163352755842], [0.18584292085116708, 0.4781265597365331, 0.1276113105947966, 0.20841920881750342], [0.1345876262516359, 0.4807243517004056, 0.13861032786062114, 0.24607769418733738], [0.21470842528120504, 0.10996003792833518, 0.3551676052846844, 0.3201639315057754], [0.23817427051354442, 0.3792463205742661, 0.1268730144471546, 0.25570639446503485], [0.25921400141852474, 0.2426633958375793, 0.27352951054908314, 0.22459309219481283], [0.29275727614278896, 0.17614057937848865, 0.09092371653796942, 0.4401784279407529], [0.08681510991737493, 0.4865141391088475, 0.0630846830322835, 0.3635860679414941], [0.11328073061157944, 0.3694754944646062, 0.2637229080812281, 0.25352086684258635], [0.18049865031512968, 0.31372295557559243, 0.23863206940500634, 0.2671463247042714], [0.1459551166269112, 0.5696300048667866, 0.1137111356067593, 0.17070374289954282], [0.140451615008604, 0.45624054896582966, 0.20932722825454264, 0.1939806077710236], [0.046784642835647115, 0.6522279835270091, 0.062156553892664425, 0.23883081974467946], [0.21582466622701824, 0.22663073412067017, 0.24533369923371642, 0.31221090041859534], [0.14496752078274833, 0.4052449182252808, 0.17362939243693895, 0.276158168555032], [0.20585877168570613, 0.558544811874609, 0.1053437760973654, 0.1302526403423195], [0.0847993425917533, 0.10025492107284756, 0.05565057257609947, 0.7592951637592997], [0.31988282756930786, 0.24140080713984705, 0.10661715367033607, 0.33209921162050904], [0.4223944065955185, 0.124749751359508, 0.24987499298995328, 0.20298084905502023], [0.1404118826597969, 0.5006319674296059, 0.06408640919041325, 0.2948697407201839], [0.14062570278361494, 0.47706836326255625, 0.1493509998913625, 0.23295493406246634], [0.2794731584006719, 0.22823310285098733, 0.17003672390422725, 0.3222570148441136], [0.26822762467811573, 0.2102679663699119, 0.1405418593121789, 0.38096254963979337], [0.11701679176997173, 0.2582178981343934, 0.4450434420085944, 0.17972186808704052], [0.2675704994599255, 0.40955752738575896, 0.19855062849298144, 0.12432134466133406], [0.15291226851287212, 0.21471097955344828, 0.09436188029968998, 0.5380148716339895], [0.22076418127432504, 0.3102135596329792, 0.1463897964054263, 0.32263246268726953], [0.2163763960016756, 0.2886660755237994, 0.3152245309536853, 0.17973299752083954], [0.5415719283655308, 0.10561167202043771, 0.18855634271583732, 0.1642600568981941], [0.18197737877995776, 0.22420351661670415, 0.10729211979098013, 0.4865269848123582], [0.12918813156435882, 0.3170649224429973, 0.17793762608423486, 0.37580931990840905], [0.38588853789581345, 0.31328634508317293, 0.12048255604724327, 0.18034256097377038], [0.22148942135715863, 0.3957667240069402, 0.06226107758717465, 0.32048277704872663], [0.13534388210359594, 0.2857620650119347, 0.13406605260564405, 0.4448280002788254], [0.250432082798071, 0.3859399985272243, 0.18913157282185666, 0.17449634585284815], [0.26689135512077716, 0.2644049171247241, 0.16511676081055499, 0.3035869669439438], [0.27122731042932524, 0.33152260737437056, 0.16543066953986765, 0.2318194126564365], [0.3220338700440685, 0.22591697611189743, 0.10672129298326262, 0.34532786086077133], [0.21577372042296847, 0.25339484469806506, 0.22853878528080496, 0.3022926495981616], [0.22579788917672663, 0.21033663641418104, 0.226414587942469, 0.3374508864666235], [0.26999754259739267, 0.18309622156052766, 0.3431407113632416, 0.20376552447883808], [0.17154763582183763, 0.17206059231311538, 0.3497393738476289, 0.30665239801741806], [0.6488406741895987, 0.14845910167064688, 0.09691839256392817, 0.10578183157582623], [0.1498953094671148, 0.3403823271023148, 0.27575025713677226, 0.23397210629379828], [0.36974460295980816, 0.25762305937531715, 0.123904771971932, 0.24872756569294271]]}, "rewritten": {"ids": ["97106970", "97107950", "97110950", "98106880", "98111620", "98111670", "98111860", "98112170", "98116090", "98120010", "99107660", "99108010", "99108710", "99109161", "99109370", "99110050", "99119830", "100108520", "100108990", "100109980", "100113210", "100113370", "101108370", "101108950", "101110740", "101111140", "101112201", "101114020", "102109010", "102110240", "102110500", "102110750", "102110850", "102110890", "102112030", "102112250", "102116340", "102118380", "103110220", "103110760", "103110840", "103117200", "103117461", "104111531", "104111711", "104111780", "104111880", "104113550", "104114240", "104114740", "104117200", "105112130", "105113260", "105114220", "105115250", "105116501", "105118171", "105120621", "105121370", "106113170", "106115240", "106116441", "106117770", "106118161", "106118301", "107113130", "107113200", "107114110", "107114621", "107118780", "107121540", "107121700", "108113480", "108113700", "108114040", "108114220", "108114270", "108114670", "108115070", "108115500", "108115570", "108117360", "108118291", "108118520", "108120621", "109114270", "109114720", "109115070", "109116441", "109117730", "109118820", "109120621", "109121640", "110113931", "110114321", "110114920", "110116290", "110116300", "110117110", "110118740", "110118930", "110119030", "110119300", "110119891", "110120540", "110121500", "111116040", "111116090", "111116750", "111117000", "111118910", "111119150", "111119930", "111120591", "111121220", "111121410", "112116290", "112117030", "112117461", "112117790", "112118161", "112118421", "112118530", "112118620", "112118701", "112118860", "112118880", "112118890", "112119120", "112119320", "112119580", "112119980", "112120290", "112120540", "112120990", "113118490", "113118690", "113119360", "113121010", "113121410", "113122160", "113122320"], "labels": [2, 2, 3, 0, 3, 1, 0, 3, 0, 2, 3, 2, 2, 3, 1, 3, 1, 2, 2, 1, 0, 3, 1, 2, 3, 2, 0, 3, 1, 3, 3, 1, 3, 0, 2, 0, 3, 1, 2, 1, 1, 0, 0, 0, 1, 3, 3, 1, 0, 2, 3, 1, 3, 3, 2, 1, 3, 1, 2, 0, 1, 0, 0, 3, 1, 1, 0, 1, 0, 1, 2, 3, 0, 0, 0, 3, 3, 3, 1, 3, 3, 1, 3, 0, 1, 3, 0, 0, 3, 3, 3, 1, 0, 1, 1, 3, 2, 3, 0, 3, 1, 0, 1, 3, 1, 3, 0, 3, 3, 0, 0, 3, 1, 1, 3, 0, 0, 2, 0, 3, 0, 3, 1, 3, 0, 3, 1, 3, 1, 1, 3, 0, 1, 3, 2, 1, 3, 0, 2, 0, 3, 1], "predicted_labels": [2, 1, 2, 2, 3, 3, 0, 2, 1, 0, 0, 1, 3, 0, 1, 1, 3, 3, 1, 0, 3, 3, 0, 2, 1, 0, 1, 1, 1, 1, 1, 1, 3, 0, 1, 0, 1, 0, 1, 0, 0, 3, 3, 3, 3, 1, 3, 0, 1, 2, 3, 1, 3, 1, 0, 0, 1, 3, 3, 1, 1, 2, 1, 0, 3, 2, 3, 3, 3, 0, 0, 3, 2, 3, 1, 0, 1, 2, 1, 2, 0, 3, 0, 1, 3, 1, 1, 1, 0, 0, 1, 3, 3, 3, 0, 3, 2, 1, 1, 3, 0, 1, 0, 3, 0, 1, 1, 0, 1, 2, 1, 3, 0, 0, 3, 3, 1, 3, 3, 0, 0, 3, 1, 1, 3, 3, 1, 3, 0, 2, 3, 1, 1, 1, 1, 0, 1, 0, 3, 3, 1, 3], "confidence_scores": [[0.21451264588302185, 0.1562387926940589, 0.43272614038113244, 0.1965224210417868], [0.18983831483201544, 0.31381685753618643, 0.24769232784740755, 0.24865249978439077], [0.24341137321573564, 0.14540359165569375, 0.5035919267752753, 0.10759310835329523], [0.20101853437770295, 0.2632101641376794, 0.29210958350180416, 0.24366171798281347], [0.15502248474329722, 0.2930629242623912, 0.23189410679622816, 0.32002048419808343], [0.2740552331269544, 0.2103097269829167, 0.17619020025946872, 0.33944483963066036], [0.3495113597337117, 0.17855729059042072, 0.30663506676410623, 0.1652962829117613], [0.34218502074636453, 0.10140573251450977, 0.3651461511504579, 0.19126309558866786], [0.11504943263031864, 0.5273519039163533, 0.14523248922781737, 0.21236617422551066], [0.5712045296505499, 0.18292826302017717, 0.09809712636557649, 0.14777008096369637], [0.41050143318042226, 0.14318732159182965, 0.3022383748771996, 0.14407287035054842], [0.1363281026895258, 0.5013172482925586, 0.14030675360332978, 0.22204789541458567], [0.2417768698386188, 0.2625920913220473, 0.16760159987733614, 0.3280294389619979], [0.48329360754152734, 0.18446113485356064, 0.18099863111774853, 0.15124662648716358], [0.18484997144272433, 0.3487367738673572, 0.16737391438185115, 0.29903934030806745], [0.23532144639780864, 0.47264523933412045, 0.09941327211614549, 0.19262004215192532], [0.22576473020672483, 0.2793583109037462, 0.1358670031947612, 0.359009955694768], [0.23047174443854718, 0.16525371600597732, 0.2608478671205249, 0.3434266724349504], [0.18083531152093665, 0.3505771542304763, 0.2766764917783969, 0.19191104247019047], [0.5172719766429312, 0.16127941045819186, 0.11093957913501444, 0.21050903376386254], [0.24338251825128196, 0.15896924543450636, 0.12898470189620828, 0.46866353441800357], [0.26164815754105997, 0.208686486219763, 0.20599312859666674, 0.32367222764251025], [0.6505287720265843, 0.16583399936532123, 0.042027351044912245, 0.14160987756318208], [0.1265910817225347, 0.29085175879745956, 0.42275614940923517, 0.15980101007077058], [0.11635169366048558, 0.5536714941476472, 0.16233732862008718, 0.16763948357178005], [0.5112480579140564, 0.13877391987653276, 0.23828970705627572, 0.11168831515313518], [0.1869375503578977, 0.3661567141734992, 0.16112031601865723, 0.285785419449946], [0.28520223028580893, 0.3071909999439004, 0.13665190302655947, 0.27095486674373115], [0.20875799710654466, 0.4519545055161384, 0.12305265897127365, 0.21623483840604324], [0.17166126918545807, 0.4210055445312551, 0.3140089945658727, 0.09332419171741409], [0.3058900768029576, 0.32137381616081684, 0.10020394413792318, 0.2725321628983024], [0.31648000492088635, 0.4081042651239304, 0.17142220674729558, 0.10399352320788759], [0.24654059188747315, 0.2550788474412702, 0.23773950111877204, 0.26064105955248473], [0.465693711295302, 0.13697314628543875, 0.21049784965741725, 0.1868352927618421], [0.16825936686854978, 0.4440577136674649, 0.2451857500903817, 0.14249716937360352], [0.3443473330565117, 0.23037624583344898, 0.18461359339160524, 0.2406628277184342], [0.14806574169731054, 0.36284324682978764, 0.18606548451971944, 0.3030255269531824], [0.3054671107432313, 0.30333628766188026, 0.1969547599571558, 0.19424184163773275], [0.15520072114227093, 0.40311511192158295, 0.23172673773724503, 0.20995742919890112], [0.3363092800353228, 0.26070940128053716, 0.15058303195840697, 0.2523982867257331], [0.37024576797158304, 0.3027070953644268, 0.12289245387909177, 0.2041546827848985], [0.24752198891850727, 0.2104838471086059, 0.16599711592090463, 0.37599704805198236], [0.1873238131480778, 0.21953361373652241, 0.19522117504290668, 0.39792139807249316], [0.10224065118007188, 0.20836218977751866, 0.23451215650900192, 0.45488500253340763], [0.24921634550607882, 0.28257829484510294, 0.17647060082926294, 0.2917347588195553], [0.12855408605296878, 0.6779833692661161, 0.06196461941378767, 0.13149792526712736], [0.2289702899423487, 0.33856953143699814, 0.08899006920894309, 0.3434701094117101], [0.5412017334225364, 0.12479750340175878, 0.21848412686127305, 0.1155166363144317], [0.2684652419110098, 0.403488888114461, 0.14269856332884925, 0.18534730664567994], [0.10389478612078624, 0.21531777463383436, 0.5407738446046667, 0.1400135946407127], [0.19108325452018046, 0.18911273568248985, 0.2758552076563892, 0.34394880214094053], [0.19223497413015747, 0.38892836597215413, 0.23629448422360566, 0.18254217567408298], [0.3038560223298527, 0.28175686341098194, 0.094368323164286, 0.32001879109487935], [0.2675037041591503, 0.2965586565581086, 0.1719007101949798, 0.26403692908776116], [0.38536117017301086, 0.27500673995416985, 0.10940230547410096, 0.23022978439871844], [0.32861120110316855, 0.22163163384702655, 0.13227550130619545, 0.31748166374360937], [0.21789606409429865, 0.36000112883131996, 0.15389793571232785, 0.26820487136205357], [0.16449131083415838, 0.17394894019772297, 0.02461863386542781, 0.6369411151026908], [0.2456632952272637, 0.2759957246392961, 0.19938146857029912, 0.2789595115631411], [0.22289071857654402, 0.42846438529181474, 0.07860042604412033, 0.27004447008752097], [0.275172936690683, 0.4033806490945276, 0.06703952512059382, 0.25440688909419573], [0.1725200582864345, 0.1666857317277506, 0.37473742393913684, 0.286056786046678], [0.23045724859269442, 0.41730895520593075, 0.15449098124619062, 0.19774281495518425], [0.6283810664046608, 0.06253586592511273, 0.1793366017664178, 0.12974646590380853], [0.22542690148015487, 0.21642902117256285, 0.13969941080985102, 0.4184446665374313], [0.23528904024273337, 0.298698810908005, 0.3219603345062928, 0.14405181434296893], [0.11655787277007292, 0.24902685500826072, 0.09619918829666865, 0.5382160839249976], [0.12807096693949052, 0.1579202172070441, 0.11763201141459684, 0.5963768044388686], [0.17630826553573392, 0.3324941587289479, 0.1567902284673589, 0.33440734726795945], [0.43054258159076914, 0.19551627630350493, 0.1507011287060784, 0.22324001339964755], [0.31208575726754456, 0.3029875678485228, 0.19560323983427688, 0.18932343504965582], [0.09968800045736056, 0.12068220912767293, 0.1963560324423043, 0.5832737579726622], [0.09707449028117013, 0.2724722095717169, 0.36886094041436074, 0.2615923597327523], [0.2265992279331656, 0.3348933639481131, 0.06280588419218323, 0.37570152392653805], [0.2880412800922015, 0.3378375742336696, 0.15703232714729434, 0.21708881852683468], [0.40974393226530964, 0.198221812404499, 0.22697306507695045, 0.1650611902532408], [0.19630796919172258, 0.3751945294463752, 0.09651696011035198, 0.33198054125155035], [0.08839825396882908, 0.30095298521045954, 0.49339077477967214, 0.11725798604103933], [0.18211264180382536, 0.4266513125088992, 0.14286046159286736, 0.24837558409440805], [0.1459246217428598, 0.24529489399956603, 0.34519893757663295, 0.26358154668094125], [0.45023929714912764, 0.16324805792480876, 0.19374631292933842, 0.19276633199672516], [0.24811543994741925, 0.16148498567362293, 0.198980062745861, 0.39141951163309674], [0.4390838099326088, 0.19939933052045306, 0.11350501192664564, 0.24801184762029255], [0.22445388587119933, 0.29018258490878285, 0.20709085193537372, 0.27827267728464417], [0.32743395989095775, 0.16497759824332706, 0.08372842998030203, 0.4238600118854133], [0.2158318847826512, 0.42237429143054367, 0.05789585725199395, 0.30389796653481127], [0.12315866703044591, 0.33695912341981016, 0.2697313636263471, 0.2701508459233967], [0.1964235436928903, 0.5030655386279954, 0.14197041898309876, 0.15854049869601552], [0.6160481239867632, 0.15844652068970894, 0.08958834985112175, 0.13591700547240623], [0.42732396255801386, 0.21431329496579007, 0.10613210973895516, 0.25223063273724095], [0.27733498935100676, 0.4037467818699794, 0.13865910692963504, 0.1802591218493789], [0.20139004586120524, 0.3095227477899828, 0.10371830520307457, 0.3853689011457374], [0.17116881645256019, 0.24422995079955842, 0.23227247797728037, 0.3523287547706011], [0.15284900711185376, 0.3795696899974305, 0.08633830178925272, 0.3812430011014631], [0.510743779248676, 0.170006122139166, 0.1913736495972012, 0.12787644901495684], [0.2623337785951891, 0.31003139472186575, 0.11052111104574229, 0.3171137156372028], [0.1348829480858181, 0.14520565996506543, 0.5252550573365034, 0.19465633461261309], [0.29114030865466667, 0.3060714999404714, 0.16199169170181013, 0.240796499703052], [0.103430044059511, 0.3739427542123387, 0.34965042915681116, 0.1729767725713393], [0.24699062360227975, 0.17778945337850746, 0.26148000112674696, 0.3137399218924658], [0.32573445795662836, 0.14378873699679698, 0.23701094913362356, 0.2934658559129511], [0.2180842555723365, 0.38411527593075456, 0.11772693413002915, 0.2800735343668798], [0.4333191045585727, 0.18646259657019518, 0.20205499894706852, 0.17816329992416366], [0.09824918173573989, 0.1718218787545008, 0.09347163044748566, 0.6364573090622736], [0.33402176852884136, 0.2154067990782887, 0.24527144137682388, 0.20529999101604599], [0.2563043139730166, 0.48000497283163385, 0.0776842347663718, 0.18600647842897775], [0.1632662715560701, 0.3908159259349804, 0.23983533504313673, 0.20608246746581274], [0.3457395756359018, 0.22291592785458736, 0.10285599845638481, 0.32848849805312613], [0.3130931434377795, 0.34210538371849386, 0.15853571296647448, 0.18626575987725222], [0.10658019590041067, 0.23138772019028564, 0.5582259411084511, 0.10380614280085276], [0.1933301333627254, 0.6040809002366457, 0.059594244832324623, 0.14299472156830434], [0.22931075226045544, 0.14758397034074633, 0.28777955539719985, 0.33532572200159844], [0.32413843517215263, 0.14388566841916023, 0.2450941984725781, 0.286881697936109], [0.6114161592673832, 0.14904232536460782, 0.11200546697563982, 0.12753604839236904], [0.0972287629328509, 0.2709324208996493, 0.07563608625805203, 0.5562027299094477], [0.18014799226008274, 0.25990226363249536, 0.2586759144892185, 0.3012738296182034], [0.22660092088847184, 0.444906837151495, 0.16670801787020434, 0.1617842240898288], [0.1039950860259365, 0.25500948618238894, 0.3192597681947967, 0.3217356595968779], [0.2651739293250631, 0.2904607230717473, 0.12152342122237177, 0.32284192638081777], [0.3418970351621028, 0.23403489833646351, 0.18532283303066382, 0.23874523347076998], [0.3471558753667903, 0.2726675211466912, 0.1317230541159502, 0.24845354937056854], [0.3471252430732812, 0.20415588521916964, 0.08824206393842582, 0.3604768077691235], [0.13104834867843165, 0.6146678683038856, 0.1328367685541723, 0.12144701446351025], [0.19144253614361412, 0.5079601007625542, 0.081289142704681, 0.21930822038915068], [0.3123232803123873, 0.28009166060191315, 0.09392498412195663, 0.31366007496374293], [0.25283197631890836, 0.24342770406660863, 0.2465423996690509, 0.2571979199454322], [0.18477822147930256, 0.3697501136684282, 0.26240910936413375, 0.1830625554881356], [0.3030407703718817, 0.21358680237976216, 0.12008559601728576, 0.3632868312310706], [0.3513259054235274, 0.15664088189690004, 0.27420977395136475, 0.2178234387282079], [0.1415514672919721, 0.2202829814147697, 0.35734453052836485, 0.2808210207648936], [0.10828365018677678, 0.1413936456086069, 0.15946702641541532, 0.5908556777892011], [0.2501786397902999, 0.37006720387630754, 0.08899582505124598, 0.29075833128214656], [0.15515239689829327, 0.3392252650546428, 0.30587560555130355, 0.19974673249576042], [0.21350033954275402, 0.3583786189864847, 0.12354543992505393, 0.3045756015457075], [0.22558435388907067, 0.2936708154576851, 0.2781798135279447, 0.20256501712529973], [0.3977914476146168, 0.213082508040477, 0.15659367518924971, 0.23253236915565645], [0.20292437579624256, 0.3239377448290335, 0.27871671174045926, 0.1944211676342648], [0.4640280684180063, 0.18835265041403648, 0.16679113673036558, 0.18082814443759168], [0.2608177285871361, 0.16237661468288703, 0.19235704677435214, 0.3844486099556248], [0.285862332016815, 0.19099909479113142, 0.14238431382292502, 0.38075425936912854], [0.08621844958052044, 0.3836647888960034, 0.18520049849261982, 0.3449162630308565], [0.2506847557115879, 0.30010366778486225, 0.06873813379861797, 0.3804734427049319]]}}