{"test": {"ids": ["101115190", "97112170", "100109000", "111120531", "108117610", "111115620", "97105760", "103109641", "110119030", "111116110", "102110050", "105116650", "108114270", "98119591", "110115140", "111115400", "104117630", "100111380", "101121640", "101110150", "110120540", "107114110", "108114180", "102112250", "107113200", "107116340", "113121190", "111121930", "108119330", "103120730", "102117351", "113120591", "110118740", "113121220", "113122650", "108113620", "103112470", "111120640", "107114950", "100115700", "101109000", "110113931", "111117200", "100111620", "105112130", "97107821", "113117340", "105116980", "109115220", "107116980", "104111620", "107119390", "100109311", "110117110", "104113550", "101113210", "97106820", "111119300", "102112030", "103111990", "100120010", "111120320", "104111830", "111120260", "113118111", "99108580", "110114720", "110118450", "111119430", "102112301", "105119550", "105112260", "100109360", "107115140", "110118181", "113118231", "103113640", "109117600", "109120540", "103109791", "101109370", "109115070", "107114621", "99107630", "97106591", "112118161", "97112290", "113119480", "106114011", "110118930", "104113170", "104111550", "107116300", "99112840", "107121540", "101108580", "110114610", "112120700", "103110050", "111114171", "105115720", "111119290", "107113550", "103113101", "109119010", "99108330", "102109910", "108113480", "99109161", "99108010", "110118121", "100109330", "112119120", "99120010", "105120621", "100116790", "99108890", "102110850", "105116860", "112116540", "110118630", "109117150", "106121220", "97108520", "110116170", "112120290", "102107961", "110118880", "113122320", "109117630", "101112690", "106113260", "107113130", "97105580", "99107560", "112119450", "98112170", "113120640", "111116040", "112120270", "113117401", "105118740"], "labels": [1, 0, 1, 0, 3, 1, 0, 1, 0, 3, 3, 1, 3, 1, 0, 0, 0, 3, 2, 1, 1, 1, 1, 0, 0, 3, 1, 1, 0, 1, 1, 0, 3, 3, 2, 3, 1, 0, 3, 1, 1, 1, 0, 3, 1, 2, 2, 0, 3, 3, 0, 2, 1, 0, 1, 3, 1, 1, 2, 2, 0, 1, 3, 3, 1, 0, 3, 0, 3, 1, 1, 3, 0, 0, 1, 3, 1, 1, 1, 3, 1, 0, 0, 2, 1, 0, 1, 3, 1, 1, 3, 1, 0, 2, 2, 0, 1, 2, 3, 3, 1, 3, 0, 3, 3, 1, 2, 0, 3, 2, 3, 0, 1, 2, 1, 2, 0, 3, 2, 1, 1, 2, 1, 2, 0, 1, 3, 0, 1, 0, 1, 3, 1, 1, 1, 3, 3, 0, 0, 0, 3, 1], "predicted_labels": [1, 0, 0, 3, 0, 2, 3, 3, 3, 0, 1, 2, 0, 0, 1, 0, 0, 0, 3, 1, 1, 3, 3, 2, 0, 0, 1, 0, 0, 0, 0, 0, 2, 3, 3, 0, 1, 1, 3, 2, 3, 1, 3, 2, 1, 0, 1, 1, 3, 1, 3, 2, 3, 2, 0, 3, 3, 3, 1, 1, 2, 3, 1, 0, 3, 1, 2, 2, 1, 0, 1, 0, 3, 3, 0, 0, 2, 1, 3, 2, 1, 1, 0, 2, 2, 0, 0, 0, 1, 1, 2, 2, 3, 3, 1, 0, 1, 3, 3, 0, 3, 3, 0, 3, 3, 0, 2, 3, 0, 2, 3, 0, 3, 2, 0, 0, 1, 2, 1, 1, 1, 0, 0, 0, 0, 1, 1, 0, 1, 1, 3, 0, 2, 0, 0, 3, 2, 1, 0, 2, 2, 2], "confidence_scores": [[0.07079490590392526, 0.690007241273511, 0.23846235283317893, 0.0007354999893848499], [0.996342721671754, 0.0007230534283755105, 0.0003878594291869192, 0.002546365470683593], [0.998239897561848, 0.0008684060214067808, 0.0007640492473842654, 0.00012764716936067335], [8.046217629608288e-06, 0.0020670759584645714, 6.968421780272633e-07, 0.9979241809817277], [0.9266554011747937, 0.003496436042957933, 6.466535346897364e-07, 0.06984751612871357], [0.019592407425597123, 0.004424079665267971, 0.9449570309320598, 0.031026481977075016], [5.443834319947279e-06, 5.651030267620976e-09, 0.14033139115894497, 0.8596631593557048], [2.8000202202304374e-08, 5.2884046024136906e-09, 6.228197323315762e-06, 0.9999937385140698], [0.0027842847222101976, 0.14151699239710422, 0.011947572951540864, 0.8437511499291447], [0.6529575220539814, 2.06186204691497e-06, 0.001919950473371647, 0.34512046561060006], [3.1564217939801142e-06, 0.9966805751844728, 0.000429706751727853, 0.002886561642005115], [0.3432625019162587, 0.001843420731328288, 0.44070400661941683, 0.2141900707329962], [0.9999449534863826, 2.9141758413610065e-05, 2.4940979298417036e-05, 9.637759054885192e-07], [0.6805768804651742, 0.0013460269159446642, 0.31637791337027105, 0.0016991792486101027], [0.00397718383538431, 0.7349037950538483, 0.10899094459937239, 0.1521280765113951], [0.9871866154833293, 0.008556720037819902, 0.0036782705930108648, 0.0005783938858399636], [0.9998192280639769, 0.00015959882462345505, 3.25545969144645e-06, 1.7917651708004102e-05], [0.7198592356265849, 0.2801399751553378, 3.116162908157346e-08, 7.580564482027583e-07], [4.684674807857016e-08, 0.09360149545355848, 4.163176318043278e-05, 0.906356825936513], [2.4155814254307848e-05, 0.5431820240250318, 0.010513679211086233, 0.4462801409496276], [1.8770406832074405e-05, 0.9782601299848069, 0.021459033789810452, 0.0002620658185505636], [7.370325574598277e-09, 2.3265609347044223e-09, 5.822909119525607e-05, 0.9999417612119182], [4.1971553021953907e-07, 6.163903756106485e-05, 0.020969638741886537, 0.9789683025050221], [0.0015549358755529707, 0.017904400160679616, 0.9679462005238428, 0.01259446343992467], [0.8725368092629404, 1.08624129214528e-07, 1.775737727131309e-05, 0.1274453247356591], [0.7757698346553688, 0.22421569164543356, 1.0435306537105472e-05, 4.038392660619185e-06], [0.0006053477637286796, 0.9979029729888131, 0.00123127328822832, 0.00026040595922974843], [0.9999102393892989, 8.452279621128073e-05, 1.1176482862637734e-06, 4.120166203707652e-06], [0.6741089529046725, 0.15941798482289005, 0.04826658211186163, 0.11820648016057582], [0.8256603092630037, 0.1743367955564086, 6.556208858830446e-07, 2.2395597017237515e-06], [0.5965311632334689, 0.0006938387099620784, 6.556279824731909e-06, 0.4027684417767443], [0.9983141206759819, 0.0002896337831705002, 1.5740600003704398e-07, 0.0013960881348476673], [0.0019770748687384125, 0.0006510736357012275, 0.7991776439961873, 0.1981942074993731], [4.171198429160554e-07, 8.606582892717394e-06, 1.9975506806751494e-05, 0.9999710007904575], [0.002671356757137435, 0.047603652264914635, 2.02519103437785e-05, 0.9497047390676041], [0.5073775666807048, 7.507481196611723e-05, 0.0338418505889764, 0.45870550791835274], [0.001267882915099803, 0.9981541860532896, 0.0005537609070860067, 2.4170124524539433e-05], [0.000178101654783048, 0.999186565495293, 2.4851231289993538e-08, 0.0006353079986925364], [1.561013004921632e-05, 0.0020980246757877057, 0.0001729687841471897, 0.9977133964100159], [0.35903136223786136, 0.04773810060804355, 0.592343357437339, 0.0008871797167560755], [2.134380176849654e-05, 0.01961291994402414, 0.0012322625923567741, 0.9791334736618507], [1.6749282426732788e-06, 0.9994567453867311, 3.969751129383462e-07, 0.0005411827099133286], [2.530939697426684e-06, 0.005658800354586049, 5.224863604298207e-09, 0.994338663480853], [0.0014732557602255632, 0.022820948007004026, 0.9660804653627497, 0.009625330870020593], [5.3966056154443236e-08, 0.9441292261833949, 5.762382647373601e-07, 0.0558701436122842], [0.5751504639331686, 6.022428812936714e-06, 0.004606014403367349, 0.420237499234651], [7.071726730772177e-05, 0.8102036818336767, 0.14634218257147652, 0.04338341832753884], [0.005963869727070482, 0.9582587663169064, 0.00894970627740929, 0.026827657678613816], [0.00029121341911624547, 0.0074708911956825825, 0.002452404671135704, 0.9897854907140654], [0.0004067972182339111, 0.9994457948546672, 2.645177439517965e-05, 0.00012095615270379195], [0.00036773360679960066, 0.0010877754145132519, 9.435021100988214e-06, 0.9985350559575862], [0.00711500266982187, 0.1630324525613166, 0.4695436402256961, 0.36030890454316533], [0.05707485789892688, 2.5959094699242185e-05, 1.3609792926573764e-06, 0.9428978220270812], [2.280907773593467e-07, 0.002353338897253964, 0.9973067753551618, 0.0003396576568067993], [0.7377686627619676, 0.002871211632498571, 0.24193389255205788, 0.017426233053475945], [0.005160703537266675, 0.010836027868134073, 0.09624842921412619, 0.8877548393804731], [0.06662196982122122, 7.859499036913034e-09, 0.0004231750891843962, 0.9329548472300953], [1.4853496704839023e-08, 1.2106423947787363e-10, 6.136531915309431e-09, 0.9999999788889071], [1.6144455042828454e-05, 0.9986755813660807, 8.866731393775323e-05, 0.0012196068649385828], [1.9426796515507475e-05, 0.984153127365927, 0.015680285271075952, 0.0001471605664816465], [0.0003093400973174476, 0.0198631553387776, 0.9798121234923028, 1.5381071602169595e-05], [0.12446949361904956, 0.14903202397104925, 0.34226505133743396, 0.3842334310724673], [0.10199609523830025, 0.8727452983330809, 0.00033113422595638974, 0.024927472202662337], [0.8296220918316941, 4.924855294585998e-05, 1.6421972792591812e-05, 0.17031223764256734], [0.013822430266237334, 0.0017391970568023769, 0.0004859518051458172, 0.9839524208718146], [0.00014642646575599498, 0.7481650541234129, 0.25168556342056037, 2.9559902708005264e-06], [0.0004602864679349893, 0.009192488418298334, 0.9836338656336783, 0.0067133594800884485], [2.6524331693273857e-11, 0.0002989882319967565, 0.999700968984316, 4.2757162963968336e-08], [2.467111033790262e-09, 0.551562125615282, 0.4368638829286213, 0.011573988988985692], [0.9994675279329044, 1.1167212206649066e-06, 0.00028718995966598934, 0.000244165386208806], [0.01766750735231312, 0.9481863207206945, 4.991426417862256e-06, 0.03414118050057446], [0.5826615621749421, 0.14788825750358864, 0.00019496977996787026, 0.26925521054150126], [0.001930152082832116, 0.024412760910395636, 0.0029718175859893216, 0.9706852694207829], [2.0004151149386313e-07, 5.987375764920517e-05, 2.8397166137522344e-06, 0.9999370864842255], [0.5142981352493161, 0.4850409591034122, 0.0002776567965211661, 0.0003832488507504143], [0.9965593516798308, 0.0001875318402082142, 8.900622690921325e-06, 0.0032442158572699993], [0.295266888168065, 0.07162727516918273, 0.6329347951786847, 0.00017104148406762114], [0.21969067353991414, 0.7674238995310289, 0.00017497775255740893, 0.012710449176499623], [0.0008252287279462103, 0.002327088072418728, 0.0014964230815058142, 0.9953512601181291], [5.0150209195125455e-05, 1.3256861711715913e-08, 0.9956578788047806, 0.004291957729162436], [6.061288555862843e-05, 0.976757577909025, 0.02281797784549711, 0.0003638313599195355], [1.39044829000223e-07, 0.9999996881305899, 5.573062945375246e-08, 1.1709395178125477e-07], [0.47778887724083635, 0.3192767631748844, 4.333235047235208e-05, 0.202891027233807], [0.17905036695830565, 0.0002967425616944901, 0.5938491189843085, 0.22680377149569142], [2.6624678535026717e-05, 0.005448484643978002, 0.9915701974178799, 0.0029546932596071266], [0.9905729089004919, 0.007299302668469299, 2.0524299984811e-06, 0.002125736001040285], [0.9408193226605378, 0.0003826673551585006, 0.0024836832048308766, 0.056314326779472894], [0.9999980937164946, 1.2473076597587637e-08, 4.308787096360144e-11, 1.8937673408153582e-06], [9.688808769836162e-06, 0.999989057382094, 1.9871791963472625e-07, 1.055091216384079e-06], [0.008316394464631161, 0.8814304808367726, 3.23320334798455e-06, 0.11024989149524836], [0.12504024951149562, 0.4207298720073157, 0.45421287716414516, 1.7001317043555104e-05], [0.0013199244019867775, 0.0964538704817901, 0.9022122997937062, 1.390532251707347e-05], [0.23994534361232314, 0.1425470719212285, 0.0488308093077785, 0.5686767751586699], [0.0016678236939175238, 1.596697182282995e-05, 0.005734766208062219, 0.9925814431261974], [0.06472091994672587, 0.8638269278187612, 0.03235885404757074, 0.03909329818694212], [0.6790733955909898, 4.336771357403676e-05, 0.318810527571457, 0.002072709123979054], [1.006299908949768e-06, 0.925115210598844, 0.06677543073955376, 0.008108352361693293], [4.2530387636524165e-05, 0.33834141500735637, 0.02501642241467078, 0.6365996321903362], [0.00011308430704735563, 0.061765178507664775, 2.5490148208748047e-06, 0.9381191881704669], [0.9999198714213884, 5.132342426031961e-10, 1.4248704456434054e-14, 8.012806536313769e-05], [0.0003671141383006757, 0.3245335505024818, 0.000851649366973722, 0.6742476859922439], [1.309572792614096e-07, 0.00010611471085247001, 1.672744279059524e-07, 0.9998935870574404], [0.5899271071565027, 0.001402896995763755, 0.4043323441779681, 0.004337651669765343], [0.0516480617279607, 0.18260852882972425, 0.04223219944362487, 0.7235112099986901], [0.013568112026678885, 0.06735549408898857, 0.07448972101493734, 0.8445866728693951], [0.9359672990180975, 0.007530647489143733, 0.05648269865488748, 1.9354837871351203e-05], [0.16738004379973326, 0.033848735247155384, 0.41850491533684425, 0.380266305616267], [0.181345189845064, 1.1407335580122038e-08, 1.0828302696021187e-05, 0.8186439704449043], [0.9998671742139983, 8.662148025240846e-06, 0.0001241582524756626, 5.385501002990335e-09], [0.00022264393834196778, 0.14313434383973947, 0.681386527816768, 0.17525648440515054], [0.0001889120317345439, 0.027349134714636143, 7.847046807857969e-06, 0.9724541062068215], [0.9967313448358898, 7.747169397688346e-06, 8.998129033307315e-06, 0.003251909865679311], [0.15008456061637265, 3.77620726599936e-08, 0.00022247623038821384, 0.8496929253911664], [5.8894031810633076e-06, 3.158983379411875e-08, 0.9999903284680589, 3.7505389261150985e-06], [0.8469918090391171, 0.0006078783754723081, 3.353699069179749e-07, 0.15239997721550372], [0.5075505759556559, 0.3838809125437295, 0.10855250714864198, 1.6004351972660068e-05], [4.980505118766789e-06, 0.847288784918117, 7.02788194950645e-06, 0.1526992066948147], [0.015264150403202547, 0.12379609931789798, 0.8606491472495609, 0.00029060302933873566], [0.0001404522510875137, 0.9929267107663067, 6.688798388577351e-05, 0.006865948998719911], [0.32293751029107026, 0.5837619900728958, 7.364152982144561e-05, 0.09322685810621252], [1.091220554805356e-06, 0.5864502672555792, 0.00951984136125937, 0.40402880016260667], [0.8042015907743805, 0.004032573887571619, 0.1699625494789154, 0.02180328585913245], [0.7710061006804566, 0.0017767587348878398, 0.21402719820730692, 0.01318994237734869], [0.5696460543472587, 0.3181048817454572, 0.11214049905080271, 0.00010856485648145203], [0.9962412025139359, 0.002694285474277116, 0.00013459793924314674, 0.0009299140725437282], [0.005455335340042508, 0.9943704817874636, 0.00016518676487351972, 8.996107620420432e-06], [0.00037523097808069575, 0.9995018506019713, 6.174465689833249e-05, 6.117376304962496e-05], [0.8656344752519467, 0.06963225073483757, 0.0010292262068338318, 0.06370404780638193], [0.018369608563710827, 0.9815128237602364, 0.00011027775491472356, 7.289921137893627e-06], [0.07163449555862349, 0.925448696834258, 0.0029165341952009094, 2.734119176646521e-07], [0.0023188235785485674, 0.03365028699618511, 0.24716418177981353, 0.7168667076454529], [0.8901914049127511, 0.007036998503898505, 0.10272956563937008, 4.2030943980238496e-05], [3.391766973359245e-07, 2.1186098665412233e-07, 0.9999992911548801, 1.57807436038256e-07], [0.6407112614207001, 0.00017744551809536634, 0.06068409489759903, 0.2984271981636055], [0.9007126715750787, 0.09678735462637916, 0.0007528372867023627, 0.0017471365118397631], [0.39458934817728664, 1.8932711983588752e-06, 8.126802107629274e-09, 0.6054087504247129], [0.008013795598609262, 0.09622028740399165, 0.5224815748752294, 0.37328434212216977], [3.974810186069361e-05, 0.8749569324348357, 0.026209736685837738, 0.09879358277746586], [0.9946796414702983, 0.0002663064274505563, 0.0007502147307270898, 0.004303837371524028], [2.0610311624383457e-05, 0.4145770607572147, 0.5853353871491361, 6.694178202480313e-05], [0.15457898280833152, 8.746392540975116e-05, 0.8245843252319399, 0.02074922803431884], [0.018949135736454004, 1.0118302058494276e-05, 0.975987755185687, 0.005052990775800253]]}, "rewritten": {"ids": ["97105580", "97105760", "97106591", "97106820", "97107821", "97108520", "97112170", "97112290", "98112170", "98119591", "99107560", "99107630", "99108010", "99108330", "99108580", "99108890", "99109161", "99112840", "99120010", "100109000", "100109311", "100109330", "100109360", "100111380", "100111620", "100115700", "100116790", "100120010", "101108580", "101109000", "101109370", "101110150", "101112690", "101113210", "101115190", "101121640", "102107961", "102109910", "102110050", "102110850", "102112030", "102112250", "102112301", "102117351", "103109641", "103109791", "103110050", "103111990", "103112470", "103113101", "103113640", "103120730", "104111550", "104111620", "104111830", "104113170", "104113550", "104117630", "105112130", "105112260", "105115720", "105116650", "105116860", "105116980", "105118740", "105119550", "105120621", "106113260", "106114011", "106121220", "107113130", "107113200", "107113550", "107114110", "107114621", "107114950", "107115140", "107116300", "107116340", "107116980", "107119390", "107121540", "108113480", "108113620", "108114180", "108114270", "108117610", "108119330", "109115070", "109115220", "109117150", "109117600", "109117630", "109119010", "109120540", "110113931", "110114610", "110114720", "110115140", "110116170", "110117110", "110118121", "110118181", "110118450", "110118630", "110118740", "110118880", "110118930", "110119030", "110120540", "111114171", "111115400", "111115620", "111116040", "111116110", "111117200", "111119290", "111119300", "111119430", "111120260", "111120320", "111120531", "111120640", "111121930", "112116540", "112118161", "112119120", "112119450", "112120270", "112120290", "112120700", "113117340", "113117401", "113118111", "113118231", "113119480", "113120591", "113120640", "113121190", "113121220", "113122320", "113122650"], "labels": [1, 0, 1, 1, 2, 2, 0, 1, 3, 1, 1, 2, 2, 1, 0, 0, 3, 2, 2, 1, 1, 0, 0, 3, 3, 1, 2, 0, 0, 1, 1, 1, 1, 3, 1, 2, 3, 2, 3, 3, 2, 0, 1, 1, 1, 3, 3, 2, 1, 3, 1, 1, 1, 0, 3, 3, 1, 0, 1, 3, 1, 1, 2, 0, 1, 1, 1, 3, 1, 1, 1, 0, 0, 1, 0, 3, 0, 0, 3, 3, 2, 2, 0, 3, 1, 3, 3, 0, 0, 3, 2, 1, 0, 3, 1, 1, 1, 3, 0, 0, 0, 3, 1, 0, 1, 3, 0, 1, 0, 1, 3, 0, 1, 0, 3, 0, 3, 1, 3, 3, 1, 0, 0, 1, 1, 0, 1, 3, 0, 1, 2, 2, 3, 1, 3, 3, 0, 0, 1, 3, 1, 2], "predicted_labels": [0, 3, 2, 0, 3, 2, 0, 0, 2, 0, 1, 2, 2, 2, 2, 3, 0, 3, 2, 0, 3, 3, 3, 1, 3, 1, 2, 2, 0, 3, 1, 1, 1, 0, 2, 3, 1, 2, 1, 2, 1, 2, 0, 0, 3, 2, 3, 1, 1, 3, 0, 1, 2, 3, 0, 2, 2, 0, 1, 0, 1, 3, 1, 1, 2, 1, 0, 0, 1, 0, 2, 0, 0, 3, 0, 1, 3, 2, 1, 1, 3, 1, 3, 0, 3, 0, 0, 3, 1, 3, 0, 1, 1, 2, 3, 1, 1, 2, 1, 0, 2, 3, 1, 2, 3, 2, 1, 1, 2, 1, 0, 0, 2, 0, 3, 3, 3, 3, 1, 0, 2, 3, 1, 0, 0, 0, 0, 3, 2, 1, 1, 2, 2, 3, 0, 0, 0, 1, 1, 3, 1, 3], "confidence_scores": [[0.5652556242001553, 0.00034942424569618576, 0.40850696383660395, 0.025887987717544535], [1.9056549521013925e-07, 1.0629574353259903e-10, 0.0011393504080008264, 0.9988604589202082], [0.4093273643727331, 0.049227397072282776, 0.46122628967214807, 0.08021894888283598], [0.9333360124191774, 2.657222462642785e-09, 0.03254423947956233, 0.03411974544403779], [0.03290771577615493, 1.8447954723966312e-05, 0.0003662399808401679, 0.966707596288281], [0.11890734398411854, 0.36942131091570396, 0.5105854221407564, 0.001085922959421062], [0.9992679023136626, 0.00013028041171823823, 0.0003454097656865614, 0.000256407508932425], [0.993840085563295, 0.0021218704034122707, 0.00012312044474770766, 0.003914923588545143], [0.07740385425384179, 0.07439514181154047, 0.7608076246283627, 0.0873933793062549], [0.5569706478175399, 0.17180692222189897, 0.26854789743904117, 0.0026745325215199274], [0.21734112368799177, 0.7824585936025963, 3.4646891981568475e-05, 0.00016563581743032386], [0.020077252340395882, 0.0008416577197414097, 0.5761777240645617, 0.402903365875301], [8.535636908044927e-06, 0.006271946538558218, 0.9924838042126167, 0.0012357136119169462], [0.02759617618816712, 0.0024498021465834386, 0.9699369108889763, 1.7110776273077662e-05], [0.00011366951359238219, 0.2322215497051314, 0.7676645553787376, 2.2540253869130595e-07], [3.871820567549001e-05, 0.24228823658076673, 1.6690521025357523e-05, 0.7576563546925325], [0.9966817573444287, 0.000422742525261342, 0.0028953575686642727, 1.4256164574590718e-07], [0.0002918081179999661, 1.8564241674289921e-06, 0.0015210749397286277, 0.9981852605181041], [6.116462396813252e-05, 2.609410431005863e-07, 0.9999377490700911, 8.253648976823777e-07], [0.9969304948656058, 0.0020011016479351902, 0.0009840612091993467, 8.434227725949061e-05], [0.0053678775511583725, 1.6670270636526496e-05, 9.431159776519008e-06, 0.9946060210184284], [0.366390093669207, 0.0007713645916754042, 0.0008672150748367118, 0.6319713266642809], [0.005514338548704329, 0.45989296768110616, 0.003009864448928968, 0.5315828293212604], [0.07196509565792325, 0.9280348373559097, 4.915345217548959e-09, 6.207082169570997e-08], [0.0022699988822728638, 0.05774999088459878, 0.1978164062509134, 0.742163603982215], [0.003852572904676545, 0.8367355064461105, 0.1590810250076837, 0.00033089564152924135], [0.445651784595467, 0.0012470037283007437, 0.5530933538369366, 7.85783929564815e-06], [0.00013357920471651706, 0.000467313499512796, 0.999380910634163, 1.819666160753272e-05], [0.5586602404014569, 4.063473919812927e-05, 0.13800254382174526, 0.30329658103759966], [0.0009403446472087199, 0.005142858538266435, 0.0043780067707900735, 0.9895387900437348], [3.793400810542425e-06, 0.9970551388166533, 0.0022813867135653616, 0.0006596810689709375], [1.5404965129920663e-06, 0.9515806297616007, 0.013968558932857046, 0.03444927080902919], [0.001472158057954557, 0.9961669869933374, 0.0016000327223680978, 0.0007608222263400335], [0.3230548030847575, 0.10236812804347399, 0.2606937001911482, 0.3138833686806204], [0.260082712200867, 0.3000622564127845, 0.43737545275561224, 0.0024795786307361886], [1.1053480175806658e-08, 0.4723429013676886, 0.001597941459645893, 0.5260591461191854], [0.003295302847791981, 0.9859549038385672, 0.0036350480467441603, 0.007114745266896715], [0.012126790670568908, 0.013333436771008855, 0.9587842624116459, 0.01575551014677624], [7.782634219529348e-07, 0.9818337000180483, 0.0002672249737159521, 0.017898296744813608], [0.016806231532987097, 0.01600483270672196, 0.9671109663556797, 7.796940461128294e-05], [9.937145734547717e-06, 0.9998926488796722, 6.64779302730494e-05, 3.093604432010685e-05], [0.0005293790989412095, 3.842413208475303e-05, 0.9984842127633221, 0.0009479840056521454], [0.9761392444409682, 7.663701875429935e-05, 0.004763841292675433, 0.019020277247601997], [0.57328752408589, 0.00036061110281219376, 2.1448309582563504e-07, 0.426351650328202], [2.1815418328765445e-09, 4.6167651769192154e-09, 1.6161162492795166e-07, 0.9999998315900681], [0.0012994604193992192, 1.1239588071632936e-08, 0.9968855001855981, 0.0018150281554145716], [0.0014939718630894866, 0.022706858748984045, 3.021285783959042e-06, 0.9757961481021425], [1.5772271957238352e-07, 0.9644965223774642, 0.0354349676000138, 6.835229980250873e-05], [0.002988716172478671, 0.5885805720854, 0.40823460854908955, 0.00019610319303169012], [0.3242676402287132, 0.04630398627503623, 0.0016584681042992203, 0.6277699053919513], [0.8844743357529922, 0.007121670386733016, 0.1076773161236184, 0.0007266777366563288], [0.005315948636063291, 0.9946808455917322, 1.4825747812932177e-06, 1.7231974232460728e-06], [0.001024576706671518, 0.020910850426780432, 0.9780642565305219, 3.163360261535572e-07], [0.009440215964765955, 0.07593188161452308, 2.4640399828297547e-05, 0.9146032620208827], [0.9783132490750329, 0.02002457547897327, 0.0012576841678430474, 0.0004044912781505752], [0.0934867102240909, 0.37222466148933614, 0.5340025862841977, 0.00028604200237519674], [0.257362956758318, 0.00028533548743787354, 0.7266025117531394, 0.015749196001104696], [0.9045343940652294, 0.09512210836364542, 2.991968257853641e-05, 0.0003135778885466335], [3.5865871235421554e-06, 0.9662352015317679, 4.6134999715060945e-06, 0.033756598381137225], [0.8067974327526621, 0.15416489279168472, 0.0006005081745661484, 0.038437166281086975], [8.895395668590455e-07, 0.9998826208966749, 2.5977833132910356e-05, 9.051173062545231e-05], [0.031499730083494826, 0.0026855349343065603, 0.32166866082808154, 0.6441460741541171], [0.0008447493769666141, 0.99653865776605, 6.814466590292867e-06, 0.0026097783903928475], [0.0011621650126115348, 0.9260325796866743, 0.0033897438936275684, 0.06941551140708657], [0.00025523357648670825, 3.174369519647615e-05, 0.9856557631390305, 0.014057259589286207], [0.06449433514882363, 0.6542799266003905, 3.64752443992671e-06, 0.28122209072634596], [0.5484632780555669, 0.00842030366571067, 5.669909794696018e-09, 0.4431164126088127], [0.9846587209872284, 0.006769112274341156, 0.008557603424094007, 1.4563314336348232e-05], [9.450099524148607e-07, 0.9999959686789859, 1.2635947531094523e-06, 1.8227163086494898e-06], [0.828191771221211, 0.0002172402196606905, 0.059977768664353996, 0.11161321989477442], [4.051640683425247e-11, 8.350304819763842e-10, 0.999999998249101, 8.753520287828106e-10], [0.9634611851897482, 1.7384224348121996e-06, 0.0001520646566199189, 0.03638501173119703], [0.8402202478606523, 0.002412581172029675, 0.14308894306567485, 0.01427822790164332], [1.8467361057220785e-09, 6.110773870857895e-11, 1.392225215700518e-06, 0.9999986058669403], [0.7517162629994354, 0.1340475900466003, 0.0007101379717169331, 0.11352600898224735], [1.2776269446702216e-06, 0.7888346789555937, 0.00025897434049282516, 0.2109050690769688], [8.78355090339007e-07, 0.00017444577033163527, 4.53237347919653e-05, 0.9997793521397861], [0.010557065836003384, 0.008521398800913156, 0.9374615463545944, 0.04345998900848899], [0.012547567201644655, 0.9857079152009409, 0.0017357062478566652, 8.811349557769287e-06], [0.0012443226198951777, 0.9859535175623213, 0.004869249407081863, 0.007932910410701727], [0.003603877328797038, 0.015785449592748604, 0.25705979306607063, 0.7235508800123837], [0.002532905851835251, 0.50623498307305, 0.1423292493391986, 0.3489028617359161], [0.023871473865819854, 2.5138166755248786e-07, 4.533620033753484e-05, 0.9760829385521751], [0.6793034767950048, 1.7418872233325391e-06, 0.3204608677120496, 0.0002339136057222979], [1.1769862689281494e-07, 0.0001330112137837879, 0.2268597532437955, 0.7730071178437938], [0.9986280944510697, 0.0012796066727036597, 8.659821073143832e-05, 5.700665495197688e-06], [0.9840891810355136, 0.009286362501162566, 1.0984202672405481e-06, 0.006623358043056688], [0.024031596527617594, 0.0026925936092228745, 0.0009158408493252888, 0.9723599690138343], [1.256391098875481e-07, 0.999999564863027, 2.3871593992026323e-07, 7.07819230129643e-08], [3.671862646489154e-06, 0.009362278820025714, 0.016578152683791487, 0.9740558966335363], [0.9294232454711754, 0.025950350154358287, 0.039061604060473494, 0.00556480031399294], [0.1272974512333037, 0.8687001922039255, 0.0012652324462709258, 0.002737124116499813], [0.0015451682723463505, 0.9982021923472595, 0.00025262108961020144, 1.8290784093842845e-08], [2.7712480558610095e-05, 0.00221440797004524, 0.9832002975629469, 0.014557581986449348], [0.10113279292363626, 0.0029997296055201254, 0.004040980839232701, 0.891826496631611], [3.777130200869243e-11, 0.9999960376661543, 1.9549903635351002e-10, 3.962100575332345e-06], [1.0572073708268621e-05, 0.9219861665862515, 0.06677589068941128, 0.011227370650628943], [0.013236698414167076, 0.011928841400402242, 0.9528112462378235, 0.022023213947607236], [0.0007162434807246294, 0.9668177106278454, 0.0032284029407395835, 0.02923764295069015], [0.9980198210350246, 0.0006452107290970218, 3.96200231925913e-07, 0.00133457203564644], [7.602142925766025e-06, 3.5248066107156884e-05, 0.9998532494230865, 0.00010390036788037004], [2.1509980808958373e-05, 0.0018702609157609028, 0.0001504779972222307, 0.997957751106208], [0.009904399998542764, 0.9840831264844422, 1.091180350567181e-06, 0.006011382336664392], [1.2042129877555249e-11, 0.00015182100746080827, 0.9998478929273301, 2.860531669314571e-07], [9.860579957458496e-10, 0.009622654897663929, 0.002879799019504472, 0.9874975450967736], [0.01475306801764295, 0.0004827813791482752, 0.9549683712778125, 0.02979577932539629], [0.04151034894395872, 0.8189863942313889, 7.580381270052079e-05, 0.139427453011952], [0.016161887350097135, 0.9828796625861959, 5.41244138700377e-07, 0.0009579088195682742], [0.0030957456118877943, 0.10897160811639338, 0.5066681295169935, 0.38126451675472545], [2.8540124762356182e-05, 0.9827987732903243, 0.017169210437453956, 3.4761474593040572e-06], [0.9999993037343363, 1.9485276885283112e-09, 1.0759348454513115e-13, 6.943170282944418e-07], [0.971214592312492, 0.0017494459606775038, 0.025540347638597905, 0.0014956140882327214], [0.006667138337290652, 0.012362399870701911, 0.9573638333115972, 0.023606628480410133], [0.9883805281808477, 0.004767702388656136, 0.0039687765143241556, 0.0028829929161719916], [0.008109295739384764, 1.13479833191423e-07, 0.019993948454252935, 0.9718966423265292], [9.472538225686236e-08, 0.006160510110012959, 5.724104315427786e-08, 0.9938393379235617], [0.0019454766085898983, 0.0451802097545554, 0.00010414392328756028, 0.9527701697135671], [2.465263354508842e-07, 3.386660291311176e-09, 1.5454188547867459e-06, 0.9999982046681495], [2.9085020635775537e-10, 0.943793642558971, 0.05576940618815927, 0.0004369509620195284], [0.9516241715454044, 0.04676728848685726, 9.608812637780882e-06, 0.001598931155100649], [3.4558231943136854e-05, 4.067026196754169e-06, 0.8877204389825966, 0.11224093575926365], [0.00040513572246687554, 0.2054774907424726, 0.0014277602031912003, 0.7926896133318693], [0.006543353242172834, 0.9709737347529411, 9.608698938779134e-06, 0.02247330330594729], [0.9987635321680398, 0.0011228780637115572, 5.9520106725319994e-05, 5.4069661523338095e-05], [0.9560113434638292, 0.02434904216173883, 1.2028385647131361e-05, 0.01962758598878474], [0.8656031895503705, 0.05626073246258794, 1.106343946344472e-05, 0.07812501454757802], [0.9962399574662233, 3.0052452250234643e-07, 3.871687662747463e-05, 0.003721025132626618], [0.00014977092775040663, 1.174800269884528e-07, 3.068669416992613e-10, 0.9998501112853557], [1.6725579149710075e-05, 0.023098011619184323, 0.9768555918794927, 2.9670922173342366e-05], [0.016602000336523988, 0.9830072148939484, 0.00032929872429465453, 6.148604523289183e-05], [3.222181824995162e-05, 0.9799044659340097, 0.007687387444096753, 0.012375924803643445], [2.5110158493600604e-05, 0.031145642440965404, 0.8747057104081953, 0.09412353699234569], [0.18588106748245742, 0.004326979352243917, 0.556974228483099, 0.2528177246821997], [1.788852595443244e-05, 0.00014683557475236118, 2.523702388106844e-06, 0.999832752196905], [0.9984340618796681, 0.0005665791166942508, 6.547166027289236e-05, 0.0009338873433649198], [0.9999949621508039, 2.150842952530163e-09, 9.52341559582722e-11, 5.035603119033747e-06], [0.9534052647346883, 0.00026870714215054505, 7.708557164099962e-07, 0.046325257267444866], [7.473222131433292e-07, 0.9717212390180382, 0.024000069081272973, 0.0042779445784755996], [2.1084320400871382e-05, 0.9998408765260932, 0.00013555355374024198, 2.4855997656651714e-06], [1.2369765933409341e-08, 6.725650062720621e-06, 7.116594893722378e-05, 0.9999220960312342], [0.14364827208625075, 0.8557426224861635, 0.0006075047217927082, 1.600705792846737e-06], [0.012501885851582384, 0.4187775914151395, 0.0032139266503373445, 0.5655065960829407]]}}