{"test": {"ids": ["105121190", "103111990", "103111540", "108113620", "101108370", "110115980", "100111620", "111119300", "99109860", "112118581", "106117790", "106117770", "100110260", "99107300", "103117200", "98111860", "99109370", "108119510", "111120640", "104111880", "102110050", "106118301", "108120260", "99107560", "105110091", "113121190", "105113210", "104113210", "107120010", "103118110", "110121450", "112117210", "105112130", "110118301", "113120751", "112119500", "112118421", "102109010", "113118490", "99112531", "113122170", "112119120", "104116800", "111117000", "113119950", "104111830", "108115880", "110120540", "112117571", "111114941", "110120531", "113120540", "97116790", "110116300", "100110050", "108121160", "111116110", "102113210", "99109740", "104111550", "107113550", "107117010", "105115250", "100113210", "113122150", "111121351", "111119430", "98108410", "101112201", "113118690", "100108490", "102110850", "99114890", "110121140", "111116640", "112116640", "109116750", "106114150", "110117140", "103117461", "102113350", "112117030", "104111620", "109117110", "107116980", "104111531", "103120780", "101111620", "107118780", "112118860", "108118301", "113118870", "100115700", "112119450", "110117870", "110114321", "104109311", "108118630", "100109890", "112119580", "110118111", "107113170", "99109141", "107113260", "97110950", "109118820", "104114740", "108118520", "100108520", "112120290", "109114030", "110117200", "106114321", "112116610", "103112470", "106120640", "97116800", "101110150", "102110500", "103112641", "109121351", "112118161", "104113000", "104117200", "102109910", "102110690", "111116170", "104113380", "110118121", "105115570", "107121540", "103111170", "97107920", "97105580", "103110760", "112120630", "100111380", "103111930", "99113260", "112116451", "105115900", "98107380"], "labels": [2, 2, 1, 3, 1, 1, 3, 1, 2, 1, 1, 0, 3, 3, 0, 0, 1, 1, 0, 3, 3, 1, 1, 1, 0, 1, 3, 3, 1, 2, 3, 1, 1, 1, 1, 2, 3, 1, 1, 3, 1, 1, 1, 0, 0, 3, 3, 1, 3, 0, 0, 3, 2, 3, 3, 2, 3, 3, 3, 1, 0, 1, 2, 0, 2, 0, 3, 1, 0, 3, 2, 3, 2, 3, 0, 0, 0, 1, 3, 0, 3, 2, 0, 1, 3, 0, 1, 3, 1, 3, 1, 0, 1, 3, 3, 1, 3, 1, 3, 3, 1, 0, 3, 0, 3, 3, 2, 0, 2, 1, 1, 3, 2, 1, 1, 3, 0, 1, 3, 3, 0, 0, 1, 3, 2, 0, 0, 1, 3, 0, 2, 2, 0, 1, 1, 3, 3, 3, 0, 0, 3, 1], "predicted_labels": [3, 1, 1, 3, 1, 3, 0, 1, 2, 1, 1, 3, 0, 0, 3, 2, 1, 0, 3, 3, 3, 3, 0, 3, 3, 1, 3, 3, 3, 3, 0, 1, 3, 3, 3, 1, 3, 3, 3, 1, 3, 3, 1, 1, 0, 1, 1, 0, 3, 0, 3, 0, 2, 3, 3, 3, 3, 0, 2, 1, 0, 1, 1, 3, 1, 1, 3, 3, 2, 0, 0, 2, 3, 1, 2, 3, 1, 1, 0, 3, 0, 3, 2, 2, 0, 3, 2, 2, 1, 2, 3, 3, 2, 3, 3, 1, 1, 2, 1, 0, 3, 0, 3, 3, 3, 2, 2, 2, 0, 1, 1, 1, 3, 1, 2, 1, 3, 1, 0, 3, 3, 0, 2, 0, 0, 1, 0, 0, 0, 3, 3, 3, 0, 2, 0, 1, 3, 3, 1, 1, 3, 3], "confidence_scores": [[0.13689582920419976, 0.22449292559761364, 0.14718846845529812, 0.49142277674288853], [0.2739425915620902, 0.30483674000138555, 0.15179105981922042, 0.2694296086173038], [0.16823806692010776, 0.5124770865383674, 0.14300427078859096, 0.17628057575293382], [0.2562276212043701, 0.25187269037585897, 0.15198522425649574, 0.3399144641632751], [0.32425032005303045, 0.4646685760567546, 0.114370431285541, 0.0967106726046741], [0.2136323230701342, 0.20393983635449106, 0.1550295406099851, 0.42739829996538964], [0.39834691475686806, 0.26443351811508103, 0.25919483242955915, 0.07802473469849167], [0.19853943620033027, 0.4470053050067099, 0.15004809586204987, 0.20440716293091002], [0.16674538277480522, 0.3481733940772141, 0.35308864776224236, 0.1319925753857385], [0.14795334169377924, 0.29011868095545607, 0.288171732635527, 0.2737562447152377], [0.24345443441282708, 0.425169027388904, 0.24840961909868498, 0.08296691909958404], [0.1897407169585458, 0.28783375641784037, 0.22363914579526434, 0.29878638082834946], [0.4776269102625231, 0.13994246550512832, 0.14692611588948928, 0.2355045083428593], [0.7931307290701249, 0.047090678802175795, 0.0631698284593481, 0.09660876366835126], [0.19239136410901223, 0.24430090615058742, 0.12157259599898135, 0.44173513374141893], [0.24064875633345356, 0.22765885543749229, 0.400697426941867, 0.1309949612871873], [0.16745375172043597, 0.5362830123978115, 0.14814048599609353, 0.14812274988565885], [0.3870071092261417, 0.1872182921328622, 0.25862627302147934, 0.1671483256195168], [0.29214107978714154, 0.2775467968808108, 0.13365957713605808, 0.2966525461959896], [0.16930278790855213, 0.2788052126293689, 0.24805323991673464, 0.3038387595453443], [0.19090152086869638, 0.18954907434456303, 0.2452928601845735, 0.37425654460216723], [0.22467620769152283, 0.2379366832225951, 0.24324950865171596, 0.2941376004341662], [0.49763518618414504, 0.2008275351417341, 0.1418528305918442, 0.15968444808227691], [0.1926235351745933, 0.17203027584357725, 0.131920132513931, 0.5034260564678985], [0.13412576348226943, 0.10661646538558714, 0.23746602968909467, 0.5217917414430487], [0.12369363594581476, 0.4594041060595092, 0.19914577707610595, 0.21775648091857008], [0.2649932829937662, 0.17718090001841308, 0.13613022624800433, 0.42169559073981633], [0.28379664237225405, 0.1061278065971302, 0.28795550633182876, 0.3221200446987872], [0.25920147158379436, 0.11784310731081266, 0.2831592344179745, 0.33979618668741846], [0.24259300614779855, 0.202031695447421, 0.11711596654873536, 0.438259331856045], [0.34981271379359313, 0.3492369693371673, 0.13448364905038404, 0.16646666781885544], [0.1308340736058432, 0.5189690395660194, 0.20165930252095354, 0.1485375843071838], [0.20863657921351678, 0.2731731660299637, 0.18483976204232644, 0.3333504927141931], [0.2157741784781102, 0.17619014923657464, 0.24853577306304184, 0.3594998992222735], [0.06602233934627981, 0.09576459566904719, 0.11030905887333423, 0.7279040061113389], [0.18699615266969882, 0.511495809818168, 0.09762173415529328, 0.2038863033568399], [0.23352834916419304, 0.2683265888537123, 0.13569365409715495, 0.36245140788493985], [0.19062696507980326, 0.3220614702812135, 0.14087109644764756, 0.3464404681913356], [0.34891841992190503, 0.09039258250651158, 0.10288724232035172, 0.45780175525123157], [0.1688702063317668, 0.39075011455110936, 0.14078397650007116, 0.29959570261705265], [0.16968569998704858, 0.18183359819689565, 0.09748924151089942, 0.5509914603051563], [0.20486531898521973, 0.2357861962147206, 0.17543577245313152, 0.3839127123469282], [0.32805102059045727, 0.3291881176515748, 0.14783836922979712, 0.19492249252817068], [0.1525081198048392, 0.3858408237673791, 0.17342936675600978, 0.2882216896717719], [0.4738446549318538, 0.2162613199950606, 0.1156227359361062, 0.1942712891369793], [0.13673285830374263, 0.5657085882756604, 0.1247308072109041, 0.17282774620969296], [0.2800131431386888, 0.5043685273468217, 0.06856449554625957, 0.1470538339682299], [0.3503396974640708, 0.3045101307734752, 0.18355854423725673, 0.1615916275251974], [0.18888892248810368, 0.24836301357638532, 0.18939769164575446, 0.37335037228975665], [0.5795425123461297, 0.08951884896100604, 0.10983266192820723, 0.22110597676465693], [0.07917538967837001, 0.06959036055164068, 0.032789535577841686, 0.8184447141921477], [0.6014197798995438, 0.13305705756710146, 0.10747793222885516, 0.1580452303044996], [0.24071550454699123, 0.1748803996266397, 0.29749294069507426, 0.28691115513129484], [0.2582432045228531, 0.1941123244907537, 0.12659070463954672, 0.4210537663468465], [0.20296550949828565, 0.2523455679748082, 0.19002580137230685, 0.3546631211545993], [0.13724897186691115, 0.30536743406075373, 0.15634697006585857, 0.40103662400647666], [0.18391719679736138, 0.3224278661541266, 0.14594491844752017, 0.34771001860099177], [0.49205922078332937, 0.1148572734368385, 0.1189975347607968, 0.27408597101903526], [0.18287116718031096, 0.28965194787971654, 0.35543222524964346, 0.17204465969032912], [0.3179931257607269, 0.3919985530161766, 0.15317238030219485, 0.13683594092090162], [0.35733698884298337, 0.17348895464722452, 0.29600146688289863, 0.17317258962689372], [0.12807532461817073, 0.32386919830867117, 0.260863562727338, 0.28719191434582014], [0.06836964580929773, 0.8505115857598329, 0.04515654544058116, 0.03596222299028816], [0.20449851611602826, 0.0919768327204006, 0.08112819006222663, 0.6223964611013447], [0.2752040234175587, 0.3314566303257232, 0.11687874137091496, 0.27646060488580343], [0.3404566618418969, 0.34284567336656396, 0.16902316213659277, 0.14767450265494636], [0.10970946546763627, 0.1919383601151632, 0.12001928150435659, 0.578332892912844], [0.12732376317463248, 0.13223540122355143, 0.10192946310038443, 0.6385113725014316], [0.08451143149612145, 0.31300518035257163, 0.36997053581199396, 0.2325128523393129], [0.44876750596484305, 0.21496074816548782, 0.14622679299657487, 0.19004495287309423], [0.2774425874150218, 0.22511757250391856, 0.2525786928124092, 0.2448611472686505], [0.05221860820230882, 0.1142819309744541, 0.7431538706987636, 0.09034559012447353], [0.08470777420799971, 0.3561141704722515, 0.18938853735471012, 0.36978951796503867], [0.16052219630736966, 0.3193144902046862, 0.2967102324470845, 0.2234530810408596], [0.13957262045876498, 0.14876312130216504, 0.3703035232022644, 0.3413607350368056], [0.21596033430914338, 0.33140045124801054, 0.10302799453605654, 0.3496112199067897], [0.22397730963340537, 0.42731482097775775, 0.17231359238160077, 0.17639427700723626], [0.25038905340827755, 0.4440423162184954, 0.13199237963262372, 0.1735762507406032], [0.34918015650632384, 0.18931625319279244, 0.271880773582907, 0.18962281671797684], [0.31353232885408777, 0.18714755322504506, 0.10626661718406216, 0.3930535007368051], [0.31221271952432206, 0.18733837375734488, 0.29080654222383434, 0.20964236449449875], [0.08412878553527753, 0.22096922073941208, 0.11498078962425623, 0.5799212041010542], [0.17888147068663918, 0.17199062416734082, 0.4722164356629211, 0.1769114694830989], [0.15974092379434954, 0.12893018977915657, 0.42360950992433616, 0.28771937650215773], [0.31545783145878287, 0.2505007819814059, 0.16758145300437846, 0.2664599335554329], [0.13027580638004638, 0.25054820230092484, 0.21428772530283968, 0.4048882660161892], [0.1446571273968999, 0.20493596759974594, 0.39472843527617557, 0.2556784697271786], [0.24970444281812906, 0.187488661273765, 0.4212662866318196, 0.1415406092762864], [0.22295358323141204, 0.43841718462498785, 0.0897075170944032, 0.24892171504919697], [0.09844048614390287, 0.22475289149300046, 0.3894548108985274, 0.28735181146456923], [0.16647188036133848, 0.19902180215896936, 0.1012772290478755, 0.5332290884318167], [0.2750723115056444, 0.3214818547545177, 0.05770653419024939, 0.3457392995495885], [0.3273381772346201, 0.10034006442868075, 0.38083240106519567, 0.19148935727150354], [0.283587383393581, 0.21877577610565063, 0.05405791417080584, 0.44357892632996254], [0.17441674863382067, 0.28366137486231224, 0.17361849622907838, 0.3683033802747887], [0.2637803192832799, 0.5185583515968014, 0.1212237641245255, 0.09643756499539319], [0.22444727879647308, 0.35156805013110565, 0.11659150014471928, 0.30739317092770213], [0.1675033895478799, 0.21824803935272616, 0.4333799282086855, 0.1808686428907085], [0.2200427516329732, 0.298091520451532, 0.29214870612765315, 0.18971702178784147], [0.41457422163218705, 0.1630093716906614, 0.09501804359614441, 0.3273983630810072], [0.31369221180977513, 0.1507809632089, 0.20631075532162726, 0.3292160696596975], [0.39301297752116326, 0.09314455310411757, 0.14812430768516127, 0.3657181616895579], [0.2660457001880132, 0.14301759299410005, 0.2292756946175391, 0.3616610122003478], [0.30866242595897386, 0.09984631722498968, 0.13692506713655606, 0.4545661896794803], [0.2973967886127601, 0.1651802788675393, 0.17063737597126136, 0.3667855565484394], [0.2708788877184074, 0.20503939643386188, 0.32530606422415204, 0.19877565162357871], [0.1876289388240158, 0.2326379481277079, 0.3190639846920279, 0.2606691283562483], [0.24773257210628336, 0.24594857322792105, 0.33021873790690426, 0.1761001167588914], [0.5085230807466262, 0.1965428105090164, 0.11496499850960483, 0.1799691102347525], [0.2096070564610035, 0.36241361020189666, 0.25806618117883723, 0.16991315215826278], [0.21679161583375542, 0.33051701284215795, 0.2134429057501404, 0.23924846557394633], [0.19017821199577528, 0.43854265953321486, 0.15253328508931413, 0.21874584338169564], [0.2562852652092345, 0.1775730674648428, 0.2338564391551213, 0.33228522817080147], [0.19415487780403148, 0.4242260711075756, 0.16122300920294397, 0.22039604188544895], [0.14869535226278316, 0.1835213571179027, 0.3905587731369615, 0.2772245174823526], [0.1715048217789292, 0.5261605560573824, 0.15242183832451442, 0.149912783839174], [0.23866158318502237, 0.30112947571499604, 0.15788172880990625, 0.30232721229007536], [0.19827425236632595, 0.36007256670360005, 0.09150135817926527, 0.35015182275080875], [0.4361017889531013, 0.09524623711515841, 0.10972982216035027, 0.3589221517713901], [0.18834647889416753, 0.2856957797080988, 0.16208695490518274, 0.36387078649255106], [0.16761767770138555, 0.3214705936208417, 0.09915749393992322, 0.41175423473784956], [0.6984685197773387, 0.13991223691538457, 0.06803757180112968, 0.09358167150614699], [0.29172534445796666, 0.10476377322969278, 0.3066348714736923, 0.2968760108386481], [0.46062133739389627, 0.2017924762559943, 0.11974368210739406, 0.21784250424271534], [0.611427657537904, 0.10098982419347587, 0.10074555348217747, 0.18683696478644282], [0.25080879514839877, 0.383835344422521, 0.07081470634723162, 0.2945411540818488], [0.3927613123753218, 0.19575976189138208, 0.13606014682569767, 0.27541877890759847], [0.5721290886171649, 0.19558576749305456, 0.12950125608259383, 0.10278388780718649], [0.4049672014084111, 0.12288813083158057, 0.08223586279524965, 0.38990880496475877], [0.3409141536482873, 0.18323302580120962, 0.10963870779285095, 0.36621411275765225], [0.32238058859901675, 0.14743756334884614, 0.20441430920667983, 0.32576753884545717], [0.12203826973095071, 0.07481334489575253, 0.3988459038771334, 0.4043024814961634], [0.43671508217230903, 0.19152731374303827, 0.27491159924653197, 0.09684600483812068], [0.1627152973163923, 0.30271483352271256, 0.3717310631918168, 0.16283880596907827], [0.31684369838267096, 0.18911353680388523, 0.2005837261378263, 0.2934590386756175], [0.22477559937363595, 0.33558787416489877, 0.17648170629910795, 0.2631548201623574], [0.13360565967504084, 0.1931466417674747, 0.10794775170997911, 0.5652999468475053], [0.29250007572297276, 0.19521667903014814, 0.13159292087696936, 0.3806903243699097], [0.12686464362270744, 0.4110697400270358, 0.3170153353783204, 0.14505028097193648], [0.28814704288176746, 0.4032500692097984, 0.08500327827108509, 0.22359960963734898], [0.17953246952543908, 0.2808822741309421, 0.21778600538791448, 0.32179925095570455], [0.20794147144677436, 0.17896032178631804, 0.17009711491843627, 0.44300109184847125]]}, "rewritten": {"ids": ["97105580", "97107920", "97110950", "97116790", "97116800", "98107380", "98108410", "98111860", "99107300", "99107560", "99109141", "99109370", "99109740", "99109860", "99112531", "99113260", "99114890", "100108490", "100108520", "100109890", "100110050", "100110260", "100111380", "100111620", "100113210", "100115700", "101108370", "101110150", "101111620", "101112201", "102109010", "102109910", "102110050", "102110500", "102110690", "102110850", "102113210", "102113350", "103110760", "103111170", "103111540", "103111930", "103111990", "103112470", "103112641", "103117200", "103117461", "103118110", "103120780", "104109311", "104111531", "104111550", "104111620", "104111830", "104111880", "104113000", "104113210", "104113380", "104114740", "104116800", "104117200", "105110091", "105112130", "105113210", "105115250", "105115570", "105115900", "105121190", "106114150", "106114321", "106117770", "106117790", "106118301", "106120640", "107113170", "107113260", "107113550", "107116980", "107117010", "107118780", "107120010", "107121540", "108113620", "108115880", "108118301", "108118520", "108118630", "108119510", "108120260", "108121160", "109114030", "109116750", "109117110", "109118820", "109121351", "110114321", "110115980", "110116300", "110117140", "110117200", "110117870", "110118111", "110118121", "110118301", "110120531", "110120540", "110121140", "110121450", "111114941", "111116110", "111116170", "111116640", "111117000", "111119300", "111119430", "111120640", "111121351", "112116451", "112116610", "112116640", "112117030", "112117210", "112117571", "112118161", "112118421", "112118581", "112118860", "112119120", "112119450", "112119500", "112119580", "112120290", "112120630", "113118490", "113118690", "113118870", "113119950", "113120540", "113120751", "113121190", "113122150", "113122170"], "labels": [1, 0, 3, 2, 0, 1, 1, 0, 3, 1, 3, 1, 3, 2, 3, 0, 2, 2, 2, 3, 3, 3, 3, 3, 0, 1, 1, 1, 3, 0, 1, 2, 3, 3, 0, 3, 3, 3, 1, 2, 1, 3, 2, 1, 3, 0, 0, 2, 1, 3, 0, 1, 0, 3, 3, 1, 3, 1, 2, 1, 3, 0, 1, 3, 2, 0, 3, 2, 1, 2, 0, 1, 1, 3, 0, 0, 0, 3, 1, 1, 1, 2, 3, 3, 1, 0, 1, 1, 1, 2, 1, 0, 1, 3, 0, 1, 1, 3, 3, 3, 3, 1, 3, 1, 0, 1, 3, 3, 0, 3, 0, 0, 0, 1, 3, 0, 0, 0, 1, 0, 2, 1, 3, 0, 3, 1, 3, 1, 3, 2, 3, 1, 3, 1, 3, 0, 0, 3, 1, 1, 2, 1], "predicted_labels": [2, 0, 3, 1, 0, 3, 3, 1, 0, 3, 2, 1, 0, 0, 1, 2, 1, 3, 0, 3, 3, 0, 3, 0, 0, 0, 1, 3, 1, 3, 0, 0, 1, 0, 3, 2, 0, 1, 3, 0, 1, 0, 3, 0, 0, 3, 3, 3, 0, 3, 3, 1, 0, 1, 2, 3, 0, 0, 1, 0, 0, 1, 3, 3, 1, 3, 3, 3, 1, 0, 1, 1, 3, 0, 3, 3, 2, 3, 1, 0, 2, 0, 3, 0, 3, 0, 1, 0, 0, 1, 3, 3, 0, 2, 3, 1, 3, 0, 3, 0, 3, 3, 3, 3, 3, 2, 3, 3, 3, 3, 0, 2, 3, 0, 2, 1, 0, 1, 1, 3, 1, 1, 3, 0, 3, 1, 1, 3, 0, 1, 3, 0, 0, 0, 1, 3, 1, 0, 3, 0, 1, 0], "confidence_scores": [[0.23613392254246554, 0.21418692414898965, 0.4191889663047741, 0.13049018700377088], [0.5911984228646927, 0.17374578211473654, 0.1393636888682494, 0.09569210615232143], [0.29095222044199925, 0.1948782062157054, 0.16560752398564754, 0.34856204935664775], [0.2164190240488451, 0.39931646047594127, 0.2394446582665674, 0.14481985720864618], [0.38100201657178695, 0.10651618389627059, 0.2487084916060238, 0.2637733079259188], [0.2878376710553326, 0.18674336137998163, 0.1523260245194768, 0.3730929430452089], [0.15187615440982996, 0.3507428432650794, 0.10803853163236689, 0.38934247069272376], [0.1273404336228097, 0.4446581494365359, 0.20281299976787137, 0.22518841717278293], [0.30946868244517745, 0.2157020017519334, 0.2237085537781008, 0.25112076202478834], [0.16268697845661786, 0.2553450904139109, 0.16878605043450703, 0.41318188069496437], [0.1820933447797507, 0.08842885762937465, 0.5580258828159039, 0.17145191477497077], [0.21972987392498483, 0.42031915143360277, 0.18532712347590816, 0.1746238511655042], [0.4298664320459544, 0.20932290747552215, 0.16080084880922677, 0.20000981166929663], [0.34456646175592354, 0.3060933829692578, 0.18325273784887408, 0.1660874174259446], [0.279312014882814, 0.2973187700378845, 0.14497183014022055, 0.278397384939081], [0.28583455376124617, 0.20362162348280285, 0.30419225418192003, 0.20635156857403109], [0.1844746426539719, 0.37687462760307605, 0.1653291747317766, 0.2733215550111754], [0.2636166816712816, 0.24864134794871637, 0.11896080594149656, 0.3687811644385055], [0.47987046869986005, 0.22785406619109272, 0.12530732167304912, 0.1669681434359983], [0.17686135894692878, 0.15944670631808305, 0.3104921350269105, 0.3531997997080777], [0.19367842213385353, 0.22465152289242382, 0.24140697101463954, 0.3402630839590831], [0.5723477510776936, 0.11370944464962675, 0.12017291928084954, 0.19376988499183023], [0.1515094282115191, 0.19384861061390687, 0.11257108389285096, 0.5420708772817231], [0.419369078769736, 0.31538408899502945, 0.17056966791000716, 0.09467716432522741], [0.5861279303756887, 0.1503974793777841, 0.08077116836596655, 0.1827034218805606], [0.3489465505862235, 0.11973382524185948, 0.23054077290256295, 0.30077885126935405], [0.3462056355945712, 0.42751690370612433, 0.1519017925798513, 0.07437566811945295], [0.2675715776812237, 0.1487023294109458, 0.09493084030113684, 0.48879525260669365], [0.23407353305142695, 0.42087165132468674, 0.20854897698630726, 0.13650583863757895], [0.07643072275853315, 0.2581097417242861, 0.32931108039830415, 0.33614845511887675], [0.427834809069473, 0.2602197966849959, 0.138722761072224, 0.1732226331733072], [0.5295082983445769, 0.08580536480299657, 0.10060630746696207, 0.2840800293854644], [0.20448340652485875, 0.32549986672712583, 0.15442618179071502, 0.3155905449573005], [0.3745983079516289, 0.09138298029489551, 0.3563555967069567, 0.17766311504651888], [0.28882884130063424, 0.2914361028702467, 0.08117682475099332, 0.3385582310781259], [0.0860209622996896, 0.08773812445161533, 0.4374315228094038, 0.3888093904392913], [0.3769592904293069, 0.14278780375455757, 0.2080040279847286, 0.2722488778314068], [0.18274950394869224, 0.40661343083378315, 0.21240659383464994, 0.19823047138287472], [0.30412165563430743, 0.2219036486084301, 0.16102172552585595, 0.31295297023140645], [0.3337202606502274, 0.3153304002904981, 0.22769068969560302, 0.12325864936367147], [0.08041104683008152, 0.7629620503082533, 0.05461799940082115, 0.10200890346084414], [0.27556600194863506, 0.2239658426428514, 0.26232456472508464, 0.2381435906834289], [0.26221321727422814, 0.24285016946923008, 0.16947517360321124, 0.32546143965333046], [0.33428415441042164, 0.17947594009099338, 0.2027739104978178, 0.28346599500076725], [0.30167685103269654, 0.1134597671097612, 0.3016682791182307, 0.2831951027393117], [0.3948725769116097, 0.12708231144827586, 0.058104888712552545, 0.4199402229275619], [0.17260337252049587, 0.2986112443077025, 0.1715316117168054, 0.3572537714549963], [0.2644743879415761, 0.13411498225466179, 0.25057302800051756, 0.35083760180324464], [0.46733096869380375, 0.177238620344699, 0.07839082833661686, 0.2770395826248804], [0.33675175864703616, 0.1356469299564261, 0.048425138783403106, 0.4791761726131348], [0.1528327451466041, 0.3082513703020568, 0.18369418771014157, 0.3552216968411976], [0.2205315247391222, 0.3529427607018358, 0.20982669862190828, 0.21669901593713375], [0.3673889698973088, 0.15469109826601332, 0.16594691715985327, 0.3119730146768246], [0.2727004275029446, 0.4508399470116332, 0.11554561732741703, 0.16091400815800516], [0.17506837319917662, 0.2086018526461452, 0.37426914973782255, 0.24206062441685572], [0.2973082317901574, 0.17345012591319348, 0.14889434113253636, 0.38034730116411264], [0.43875736693495493, 0.2466602812278549, 0.19020031895467543, 0.1243820328825148], [0.4549449703788426, 0.2009233583339233, 0.21121400912731927, 0.13291766215991502], [0.22083770045836293, 0.383147026313792, 0.11897351268329906, 0.277041760544546], [0.4816059331270533, 0.1185613042798171, 0.17162858985829024, 0.22820417273483953], [0.5839525440258869, 0.17682317671577769, 0.1141290360164356, 0.12509524324189986], [0.12555590464033495, 0.5848493905940091, 0.12114729850082337, 0.16844740626483273], [0.1544154734851134, 0.17877004891527515, 0.11589954172653423, 0.5509149358730773], [0.2594479800038285, 0.14813368748753997, 0.05158369531561082, 0.5408346371930207], [0.05968447432545528, 0.8042741689388766, 0.06501588194816636, 0.07102547478750171], [0.27310276035391184, 0.2515879916316632, 0.1546951126135902, 0.32061413540083483], [0.18263736701653308, 0.14640964545901392, 0.17562412536761943, 0.4953288621568335], [0.08958261812654394, 0.10503878110358135, 0.20088486966065422, 0.6044937311092206], [0.29622895569565877, 0.4023386298978062, 0.1959042822257003, 0.10552813218083468], [0.3154429800297084, 0.18233550003408858, 0.20552056239584965, 0.29670095754035347], [0.20428877850829022, 0.4465266346020879, 0.07855149870258077, 0.2706330881870411], [0.21017573639213857, 0.41881135120760427, 0.22742804056419175, 0.14358487183606553], [0.24838738996099033, 0.17865125242773588, 0.16696100008632472, 0.4060003575249491], [0.43494778576506027, 0.23608528145037935, 0.22370128097049044, 0.10526565181406983], [0.31924908861061857, 0.1378472535921323, 0.18306572936024673, 0.3598379284370027], [0.17763490222833472, 0.20562884185496264, 0.13353137780100885, 0.4832048781156939], [0.17399807385969887, 0.10281116208892446, 0.46663206257443846, 0.2565587014769381], [0.2608784509357427, 0.21788524463818043, 0.12619416221276347, 0.3950421422133134], [0.06166508443361239, 0.4348519680472615, 0.122734968229182, 0.3807479792899442], [0.4065369494326958, 0.2040289517802432, 0.13969173973456558, 0.2497423590524955], [0.13148590393261267, 0.080518672132412, 0.5474398592413043, 0.2405555646936711], [0.33005379371943006, 0.1616620230513581, 0.27211494081580634, 0.23616924241340564], [0.2393581631790873, 0.24128924228235893, 0.2265791045907924, 0.2927734899477614], [0.40928907353768146, 0.28630947669414364, 0.09191270606353119, 0.21248874370464374], [0.30127708737770853, 0.13483083782339622, 0.054881539404561926, 0.5090105353943334], [0.4391155177470675, 0.25622361277551364, 0.13991836728224868, 0.16474250219517017], [0.17988731477114348, 0.489003319157915, 0.11461844737868304, 0.21649091869225856], [0.3043415008729803, 0.18943184170487068, 0.22990042465675012, 0.27632623276539886], [0.3772746604423113, 0.18351712679325563, 0.1969985727648182, 0.2422096399996152], [0.22808175479404635, 0.47798200131067414, 0.08854519214577444, 0.20539105174950498], [0.21879782470142967, 0.22625559559942776, 0.2219846568774218, 0.3329619228217207], [0.18998052552080566, 0.33987854157173036, 0.12442041364685487, 0.3457205192606091], [0.5464686027036244, 0.18145979433080253, 0.08320987562513593, 0.18886172734043746], [0.21937082444644082, 0.26053370296193085, 0.3442918679622347, 0.17580360462939368], [0.09283926945938097, 0.3572362151442399, 0.1451312303032219, 0.40479328509315715], [0.1205163855572266, 0.48473249277080904, 0.1296323808168471, 0.26511874085511716], [0.17720073638427541, 0.2706409261374451, 0.2406020238839047, 0.31155631359437475], [0.404372109890899, 0.19737751033121265, 0.14177013354769058, 0.25648024623019783], [0.06347679347198024, 0.22528636145924225, 0.3504890256482128, 0.36074781942056483], [0.4569487062732426, 0.2155249614490337, 0.12749724125581713, 0.2000290910219066], [0.25680211953309057, 0.1675160109977526, 0.261392238141949, 0.3142896313272079], [0.1786474196710618, 0.17041299484501396, 0.14487664191573793, 0.5060629435681864], [0.378695264356678, 0.0998140912359012, 0.07936266856293296, 0.44212797584448776], [0.16795859666854485, 0.29197362741029603, 0.22053249327459448, 0.3195352826465648], [0.345680767048934, 0.09413844709155111, 0.08172137322319593, 0.478459412636319], [0.2763989316271062, 0.1640727991213852, 0.2966931662270076, 0.26283510302450114], [0.15425540552806694, 0.19784676744227037, 0.28684134751940166, 0.36105647951026115], [0.23569899242488887, 0.23321538771136613, 0.16676345373740115, 0.36432216612634394], [0.1288947493976555, 0.12523572195932672, 0.123202754547221, 0.6226667740957967], [0.11410652303539515, 0.2589788122967988, 0.2393037304212298, 0.3876109342465763], [0.45895442996878116, 0.25774300464563654, 0.07153377627427328, 0.21176878911130897], [0.10877830660799007, 0.14091227098202844, 0.39076093461433864, 0.359548487795643], [0.15892011119347038, 0.2819657809372965, 0.13226639050148783, 0.42684771736774524], [0.322359158176916, 0.2549098763641409, 0.25717438306552554, 0.16555658239341772], [0.2828404037320655, 0.19280186830443877, 0.40654863297702376, 0.11780909498647216], [0.2654246645153846, 0.34348637689410366, 0.17522295487804382, 0.21586600371246786], [0.3361510899817313, 0.18200112049839587, 0.21901571639554848, 0.2628320731243244], [0.2371149015713191, 0.28108546398400636, 0.20644554438825635, 0.27535409005641825], [0.16545815207226275, 0.40874457630331357, 0.2692950630715683, 0.15650220855285535], [0.14123410983664814, 0.11769941576052759, 0.3375820619861921, 0.4034844124166323], [0.13552305736031706, 0.32440521142511963, 0.2173740022482852, 0.32269772896627813], [0.1279662900218641, 0.6017213336931724, 0.1266656857767878, 0.1436466905081757], [0.14595454028298885, 0.34009072662693607, 0.09885099273053086, 0.41510374035954417], [0.5199621692009032, 0.14496973966515253, 0.05829084868640395, 0.27677724244754043], [0.2268162463372458, 0.08799656146670809, 0.15641758146136087, 0.5287696107346852], [0.23987480286198046, 0.31889639379539847, 0.20972495735597674, 0.23150384598664459], [0.15424033601518425, 0.3071521793166582, 0.28083020462222397, 0.25777728004593353], [0.12569920521746666, 0.1904380056370149, 0.1474115171294493, 0.536451272016069], [0.5380123086578849, 0.07980198925877811, 0.09133756848315865, 0.29084813360017847], [0.22116148470986025, 0.5407581099628831, 0.11552488206057583, 0.12255552326668084], [0.255151063258421, 0.14717154550750836, 0.13108281479051745, 0.4665945764435533], [0.3578388647204026, 0.24302502304884918, 0.19962711849448322, 0.19950899373626507], [0.3875725560472422, 0.2897713792712351, 0.130281771737085, 0.19237429294443767], [0.3401224378268207, 0.20836173375291428, 0.12436689888333878, 0.3271489295369262], [0.14416587340134113, 0.6467202727683602, 0.06979740104808663, 0.1393164527822122], [0.2629434392332457, 0.1386441840352084, 0.055819351540751246, 0.5425930251907946], [0.18752749201115476, 0.3184428119040478, 0.17845765570422545, 0.3155720403805721], [0.5506060839817428, 0.15403273260811165, 0.14026615043964943, 0.15509503297049615], [0.19978700112767833, 0.17855565557908262, 0.2554771267795553, 0.3661802165136837], [0.3583618243293918, 0.1477089417329477, 0.2547184411036647, 0.23921079283399568], [0.3349109622083339, 0.4170821106161714, 0.08042184199759267, 0.16758508517790216], [0.3464116219715772, 0.11562112968771292, 0.20227706685100824, 0.33569018148970176]]}}