{"test": {"ids": ["103111540", "112121010", "102113350", "99108330", "103120290", "100108490", "113118690", "112119450", "111116090", "104116800", "102108621", "100109330", "111116640", "106114011", "110120190", "112121410", "113119320", "99108710", "111114321", "101108580", "110118701", "112118890", "113118111", "107115140", "97116800", "113121680", "100115700", "106117770", "106120290", "102107961", "98116500", "104114240", "104111531", "113118490", "113120830", "112121351", "109116750", "111121351", "107121700", "102112170", "109117630", "109116170", "105113480", "98108370", "107118820", "102113210", "107116340", "99109740", "107120010", "101108290", "110120540", "113122150", "112118581", "111116750", "102113981", "109118820", "101119591", "103120730", "98107410", "110116170", "110116300", "113122650", "103117200", "111114171", "112116610", "97107040", "108118520", "112119320", "102117351", "108118301", "113121810", "112118860", "110114561", "104114230", "108113620", "110116290", "109120150", "102110890", "100116790", "111119930", "97113260", "98108520", "112120630", "101109000", "106119580", "110118161", "113118511", "112120670", "110118181", "108121190", "113120640", "110114920", "105112240", "103120780", "97114170", "99111930", "109117080", "98108970", "108120060", "105115250", "105113620", "103111990", "98108150", "111120591", "109114720", "103113610", "108115880", "109117110", "106118520", "106116120", "97112290", "112119120", "108115870", "110121720", "97105451", "112116451", "99107630", "110117870", "100108260", "109118231", "101109120", "97106770", "105113260", "107121640", "112118511", "102118380", "111118910", "98119591", "111116010", "101108121", "112116640", "110118301", "111121410", "108118810", "102110690", "98121790", "112116501", "111119250", "105112260", "100109311", "103113640", "97116790"], "labels": [1, 2, 3, 1, 2, 2, 3, 3, 3, 1, 3, 0, 0, 1, 3, 0, 1, 2, 1, 0, 3, 3, 1, 0, 0, 1, 1, 0, 2, 3, 2, 0, 0, 1, 3, 0, 0, 0, 3, 3, 0, 0, 0, 1, 3, 3, 3, 3, 1, 0, 1, 2, 1, 3, 1, 3, 0, 1, 3, 0, 3, 2, 0, 3, 1, 2, 0, 1, 1, 1, 2, 3, 0, 2, 3, 2, 2, 0, 2, 1, 1, 2, 3, 1, 3, 0, 1, 2, 1, 1, 0, 3, 1, 1, 2, 1, 1, 3, 1, 2, 0, 2, 0, 1, 0, 2, 3, 1, 2, 1, 1, 1, 3, 3, 0, 0, 2, 3, 3, 1, 1, 3, 3, 1, 1, 1, 0, 1, 1, 0, 0, 1, 0, 1, 0, 2, 3, 1, 3, 1, 1, 2], "predicted_labels": [0, 2, 3, 3, 0, 2, 3, 0, 0, 3, 3, 1, 2, 0, 3, 2, 0, 1, 3, 0, 3, 2, 3, 3, 0, 1, 3, 3, 1, 3, 3, 0, 1, 3, 0, 1, 0, 0, 0, 0, 1, 3, 0, 3, 3, 1, 3, 3, 3, 1, 1, 1, 1, 0, 0, 0, 3, 1, 0, 3, 1, 2, 1, 3, 0, 2, 0, 1, 1, 3, 2, 2, 0, 0, 1, 0, 2, 3, 1, 3, 2, 1, 0, 1, 1, 0, 1, 1, 1, 1, 1, 1, 1, 0, 3, 1, 1, 1, 0, 1, 2, 3, 2, 0, 3, 1, 3, 1, 2, 1, 2, 0, 0, 0, 0, 0, 3, 3, 0, 1, 3, 2, 3, 1, 0, 1, 1, 0, 2, 0, 1, 3, 0, 1, 3, 0, 3, 0, 3, 1, 0, 1], "confidence_scores": [[0.8933228260795316, 0.05162093095400177, 0.008484860233044296, 0.046571382733422206], [0.2713333673095825, 0.11326370125341571, 0.3355059096957786, 0.2798970217412232], [0.02471285672425359, 0.18756719317820075, 0.02871919959248806, 0.7590007505050576], [0.018822811590152675, 0.00022676833466230443, 0.0848550095920688, 0.8960954104831161], [0.46654249472651094, 0.05735073941119324, 0.1393241286778098, 0.33678263718448603], [0.14496941297259977, 0.07112471814170704, 0.7814253661401444, 0.002480502745548861], [0.015403928312600079, 0.08541083063336745, 0.011564014220699763, 0.8876212268333327], [0.8610447066133691, 0.13137328812853521, 0.00010502510758975298, 0.007476980150505836], [0.7090503953800863, 0.11705808599328879, 0.004959716515106446, 0.16893180211151856], [0.13161947842264515, 0.2135933623486709, 0.015059810279695158, 0.6397273489489887], [0.1344032583783356, 0.3708498097453717, 0.0013007353080063517, 0.4934461965682863], [0.12254559294882941, 0.7851481426213378, 0.03863532416382967, 0.053670940266003136], [0.42016030945121624, 0.03091222000632374, 0.4812098781692619, 0.067717592373198], [0.7633342131774297, 0.03566589517738591, 0.027832308661237343, 0.17316758298394708], [0.0005521681567907699, 0.14784160579604316, 0.06780477603909427, 0.7838014500080717], [0.2846033628165566, 0.23373069853786582, 0.3953383202993205, 0.08632761834625702], [0.49794404022813354, 0.2355855925541745, 0.01388654591898895, 0.2525838212987031], [0.0005060148523927004, 0.9986189120284222, 0.0007172990971312538, 0.00015777402205378828], [0.09404552664449756, 0.2687621324293319, 0.020561490748517826, 0.6166308501776527], [0.9765017624929422, 0.0017665485075588389, 0.014407143422474449, 0.007324545577024429], [0.14489255307888663, 0.16251064830226183, 0.010677058935689192, 0.6819197396831623], [0.19078887072471012, 0.11149821148178117, 0.5739212636996268, 0.12379165409388192], [0.3292815696725573, 0.01740018431229791, 0.05321524111947956, 0.6001030048956653], [0.1171778153378886, 0.0013887330556133694, 0.007532535207594385, 0.8739009163989035], [0.9882429873588121, 0.0030517751489550636, 0.006054219216469103, 0.002651018275763809], [0.15114953021110777, 0.4232235605212641, 0.38078281004709225, 0.0448440992205358], [0.012222777036248442, 0.14801038454240648, 0.03539495132610084, 0.8043718870952443], [0.22855869366742546, 0.11843733901643849, 0.3149021805444316, 0.3381017867717045], [0.000743403258313906, 0.9703834351029765, 0.0036223246836510456, 0.025250836955058472], [0.0879792414170184, 0.0007241325907672748, 0.0038352768779805558, 0.9074613491142337], [0.41709079941324695, 0.013285182682539755, 0.028967557158137345, 0.540656460746076], [0.9412876323098212, 0.0049132335261569005, 0.024772947453034273, 0.029026186710987854], [0.12838965686073914, 0.6441850328337817, 0.06399435950713712, 0.1634309507983419], [0.004628916207473152, 0.0010518087330988735, 0.0003505732188622205, 0.9939687018405657], [0.7178568998985436, 0.0075170500481975076, 0.2406940802528901, 0.033931969800368805], [0.03765179471151847, 0.7462173044944662, 0.016464605269697796, 0.1996662955243175], [0.9428537893852726, 0.04275263501029152, 0.010549943379782274, 0.003843632224653516], [0.8239338785779339, 0.02229412469720721, 0.0015210487871544505, 0.1522509479377044], [0.37057340699674274, 0.179659414153499, 0.19213406091913787, 0.2576331179306203], [0.7415646410569139, 0.01127137884429491, 0.014484683290695797, 0.23267929680809524], [0.2537616553086364, 0.5466442523182276, 0.0029626322475652857, 0.19663146012557078], [0.13333261953763778, 0.18426721051347503, 0.0038245415439713566, 0.6785756284049158], [0.44666761855398474, 0.1660024432632954, 0.37285663572459615, 0.014473302458123762], [0.025499106773427507, 0.00781993327078691, 0.012099430340306035, 0.9545815296154796], [0.14504494666443343, 0.22712460947931432, 0.018715676641422485, 0.6091147672148298], [0.017595857928487998, 0.920538715231727, 0.03133292158503468, 0.030532505254750222], [0.0029322014985436887, 0.015343192123865694, 0.02072535143931143, 0.9609992549382792], [0.0064069063641507724, 0.1300941143106814, 0.10864240099839573, 0.7548565783267721], [0.003255918460178734, 0.0015347629576501131, 0.06501026514421016, 0.930199053437961], [0.04831108184461148, 0.938576678036839, 0.0014696913457220165, 0.011642548772827659], [0.0007836609666174987, 0.9753003299425631, 0.003091593942889326, 0.02082441514793001], [0.0009646407749479602, 0.9683797997205719, 0.0006136962353216257, 0.030041863269158597], [0.003628257964276202, 0.9447889775414707, 0.05013177819487834, 0.0014509862993746774], [0.9618744674356206, 0.006654797441578731, 0.007932415707134233, 0.02353831941566646], [0.5413208293495743, 0.03433596074946565, 0.0037785065581584015, 0.4205647033428017], [0.8283695805891307, 0.1654876132540885, 0.0032289285487342645, 0.0029138776080465936], [0.13978586761318013, 0.027094677328000902, 0.014833518293665523, 0.8182859367651535], [0.31281446289458703, 0.6518739341018808, 0.030609102585417842, 0.004702500418114383], [0.914976482790804, 0.005644940602660773, 0.006096567199393947, 0.07328200940714133], [0.438978654337703, 0.018134619715729914, 0.030792456983162637, 0.5120942689634045], [0.015308104381045204, 0.8323533955570807, 0.05090771371824632, 0.10143078634362786], [0.016588508322473078, 0.08130794119830548, 0.8785923111492641, 0.02351123932995742], [0.016468158039473466, 0.9759989549665138, 0.004139745825055314, 0.003393141168957295], [0.15693712411497068, 0.022143390029011174, 0.0987858043445886, 0.7221336815114295], [0.9333885730010797, 0.044858759080362166, 0.020720795784408403, 0.0010318721341499], [0.01914769035426969, 0.09924830390543825, 0.8510941755829313, 0.030509830157360772], [0.8552792737973253, 0.12984827320710882, 0.004479040075313127, 0.010393412920252745], [0.002494055004495453, 0.8971563553039544, 0.003201873367729577, 0.09714771632382042], [0.0073116536632652955, 0.9806782421220389, 0.0016900105697707168, 0.010320093644924975], [0.00548759532976616, 0.17528819928788517, 0.0071523632818702295, 0.8120718421004784], [0.10271815836118865, 0.3657694663692114, 0.41725562251310416, 0.11425675275649597], [0.37201461699724114, 0.006902774651061447, 0.4924927440337292, 0.12858986431796826], [0.5141143216933878, 0.29663466596452553, 0.039141963016581016, 0.15010904932550567], [0.7658038340507135, 0.012736611599284537, 0.18567604024474185, 0.035783514105260074], [0.1874835661165304, 0.8088200203806917, 0.0010083243039010871, 0.0026880891988768055], [0.7023927755903294, 0.12739912350348961, 0.10224203270469942, 0.06796606820148146], [0.06133342151587526, 0.05485750392550262, 0.8644255685231661, 0.019383506035456056], [0.3652483332077201, 0.0024638105767992146, 0.007598000038412608, 0.6246898561770681], [0.02503522745162123, 0.6874525930599602, 0.2440381751986291, 0.0434740042897895], [0.04361843627084995, 0.1001716978711285, 0.014609785362178896, 0.8416000804958426], [0.04392443241783823, 0.2749145702444091, 0.5407895735466837, 0.14037142379106915], [0.02813196128892124, 0.49986315191812136, 0.4711122745446639, 0.0008926122482934746], [0.5546659566570661, 0.02399918525316664, 0.00744072505017284, 0.4138941330395944], [0.0003383300050859791, 0.8926512539233995, 0.0007855818202667173, 0.10622483425124792], [0.0001915014217970099, 0.9989822636006885, 0.0006850892585811559, 0.00014114571893331383], [0.5113765070502103, 0.3239594750427792, 0.022583976854957215, 0.1420800410520532], [0.20966698287295601, 0.7721798661772922, 0.006602427267283381, 0.011550723682468253], [0.1166656481275256, 0.5247983196688831, 0.03908386877998505, 0.31945216342360616], [0.06301349806263076, 0.8894359574845031, 0.04704955408652263, 0.0005009903663436261], [6.531956337239508e-05, 0.8480200849766207, 0.04980529912788246, 0.10210929633212434], [0.3806312375346691, 0.39144766096375705, 0.009499392886255682, 0.2184217086153182], [0.42877381428520905, 0.5293977515560743, 0.036706710829681834, 0.005121723329034845], [0.029874472500304877, 0.4708893356687942, 0.14877200269404545, 0.3504641891368556], [0.5500650396342058, 0.16320898122744948, 0.08765375531927473, 0.19907222381907008], [0.00453574087553471, 0.12889144478734396, 0.3655043860598976, 0.5010684282772238], [0.17737853235505538, 0.6246478954190433, 0.15803839974489442, 0.03993517248100682], [1.0293900692555817e-06, 0.9999544606614775, 2.4759403187704443e-05, 1.9750545265298247e-05], [0.00036962289524568434, 0.8125530543749909, 0.185479629408574, 0.0015976933211894605], [0.9274772876104583, 0.03270152886138719, 0.003876863565380056, 0.03594431996277451], [0.3244904626803831, 0.40589008802817705, 0.08361940155053096, 0.18600004774090878], [0.024350461193717362, 0.16021162079648713, 0.5722181818917993, 0.24321973611799616], [0.041111400951306845, 0.3871821053163012, 0.14292154497019124, 0.4287849487622006], [0.07098471518507735, 0.1938431831318739, 0.6969345489589709, 0.03823755272407795], [0.5820478322228131, 0.003708267292554483, 0.0043243669976503005, 0.40991953348698223], [0.0002194574732678847, 0.017114874272382317, 0.013091659018671325, 0.9695740092356784], [0.01757668756689928, 0.675001013505499, 0.19548380920197123, 0.1119384897256304], [0.12023442406796912, 0.004886942022718836, 0.0008539063373575582, 0.8740247275719545], [0.10389122396375912, 0.4521523121457123, 0.145394465207277, 0.29856199868325156], [0.002346747881454252, 0.45167173298105434, 0.5341270670027208, 0.01185445213477064], [0.05080935299894465, 0.9290536824581058, 0.005763804277453249, 0.01437316026549621], [0.047068808263658585, 0.08595204818313397, 0.723431132259226, 0.1435480112939815], [0.9499362623127364, 0.010511903620356183, 0.012720760262612114, 0.02683107380429523], [0.6241310678261154, 0.05294845180336266, 0.000485342209413022, 0.32243513816110897], [0.6155210213437862, 0.17956404069292886, 0.02320402426799442, 0.1817109136952906], [0.5385512269706517, 0.3462246575217541, 0.016990759294651242, 0.09823335621294284], [0.7932385134150827, 0.009472782735160319, 0.0055953909707324384, 0.19169331287902452], [0.03806554530126944, 0.05597638273603648, 0.00221457983435203, 0.903743492128342], [0.12758931858990855, 0.0004890461384531235, 0.028120647172102765, 0.8438009880995355], [0.5573026358498427, 0.1656657129228945, 0.1837428315073363, 0.09328881971992646], [0.03311025035416883, 0.8612726018870707, 0.10123540123864748, 0.004381746520112922], [0.042552227957801114, 0.05507207162464588, 0.034452659549027195, 0.8679230408685257], [0.01047504162011477, 0.0004920948000081791, 0.9231838677071688, 0.06584899587270827], [0.049565465469256983, 0.12037922722900662, 0.27970377099671284, 0.5503515363050235], [0.08901377869826761, 0.41919079974381446, 0.13397894800499668, 0.3578164735529213], [0.3490440800962614, 0.11679364237548483, 0.2321229088386821, 0.3020393686895716], [0.01841603815932994, 0.577832054944367, 0.2571332595674815, 0.14661864732882163], [0.04151108980544751, 0.33697910247808327, 0.30347590202546926, 0.3180339056909999], [0.9536088354522426, 0.012506608451832527, 0.031260931112868005, 0.0026236249830569837], [0.006460759803121324, 0.12938141053685248, 0.8524168837015487, 0.011740945958477472], [0.7789512943613804, 0.06613617712778343, 0.002311109213861098, 0.1526014192969751], [0.02915087604521393, 0.9544768283285702, 0.0019729398575264304, 0.014399355768689377], [0.016088680566439195, 0.004409328005073786, 0.001820226286644773, 0.9776817651418422], [0.7680747992792092, 0.18899711075234038, 0.006946068282032135, 0.03598202168641841], [0.0033373506504023654, 0.773098973952369, 0.004187243585749708, 0.2193764318114787], [0.32963029200233984, 0.015239798162094212, 0.026975052086893322, 0.6281548577486725], [0.5196972408915861, 0.17631659715872247, 0.250214589012957, 0.053771572936734444], [0.18236837710983636, 0.023501459902340524, 0.005349431838796415, 0.7887807311490266], [0.9358701832797065, 0.002090091570781825, 0.00019704733178362062, 0.06184267781772807], [0.0002781038823568511, 0.03342802349011915, 0.0022882416957857228, 0.9640056309317383], [0.1743305557555262, 0.5587833313559365, 0.01688519049763328, 0.25000092239090393], [0.968942850194859, 0.0008271499021250371, 0.00020083229531191608, 0.03002916760770395], [0.19514170751694265, 0.49002468361086177, 0.1812662124751642, 0.13356739639703144]]}, "rewritten": {"ids": ["97105451", "97106770", "97107040", "97112290", "97113260", "97114170", "97116790", "97116800", "98107410", "98108150", "98108370", "98108520", "98108970", "98116500", "98119591", "98121790", "99107630", "99108330", "99108710", "99109740", "99111930", "100108260", "100108490", "100109311", "100109330", "100115700", "100116790", "101108121", "101108290", "101108580", "101109000", "101109120", "101119591", "102107961", "102108621", "102110690", "102110890", "102112170", "102113210", "102113350", "102113981", "102117351", "102118380", "103111540", "103111990", "103113610", "103113640", "103117200", "103120290", "103120730", "103120780", "104111531", "104114230", "104114240", "104116800", "105112240", "105112260", "105113260", "105113480", "105113620", "105115250", "106114011", "106116120", "106117770", "106118520", "106119580", "106120290", "107115140", "107116340", "107118820", "107120010", "107121640", "107121700", "108113620", "108115870", "108115880", "108118301", "108118520", "108118810", "108120060", "108121190", "109114720", "109116170", "109116750", "109117080", "109117110", "109117630", "109118231", "109118820", "109120150", "110114561", "110114920", "110116170", "110116290", "110116300", "110117870", "110118161", "110118181", "110118301", "110118701", "110120190", "110120540", "110121720", "111114171", "111114321", "111116010", "111116090", "111116640", "111116750", "111118910", "111119250", "111119930", "111120591", "111121351", "111121410", "112116451", "112116501", "112116610", "112116640", "112118511", "112118581", "112118860", "112118890", "112119120", "112119320", "112119450", "112120630", "112120670", "112121010", "112121351", "112121410", "113118111", "113118490", "113118511", "113118690", "113119320", "113120640", "113120830", "113121680", "113121810", "113122150", "113122650"], "labels": [0, 3, 2, 1, 1, 2, 2, 0, 3, 0, 1, 2, 3, 2, 1, 2, 2, 1, 2, 3, 1, 3, 2, 1, 0, 1, 2, 0, 0, 0, 1, 1, 0, 3, 3, 0, 0, 3, 3, 3, 1, 1, 1, 1, 2, 2, 1, 0, 2, 1, 1, 0, 2, 0, 1, 1, 3, 3, 0, 0, 2, 1, 1, 0, 2, 3, 2, 0, 3, 3, 1, 1, 3, 3, 3, 3, 1, 0, 1, 1, 1, 0, 0, 0, 1, 1, 0, 1, 3, 2, 0, 3, 0, 2, 3, 3, 0, 1, 1, 3, 3, 1, 3, 3, 1, 1, 3, 0, 3, 0, 1, 1, 1, 0, 0, 0, 3, 1, 0, 1, 1, 3, 3, 1, 1, 3, 3, 2, 2, 0, 0, 1, 1, 1, 3, 1, 0, 3, 1, 2, 2, 2], "predicted_labels": [0, 2, 2, 2, 1, 3, 3, 0, 0, 1, 3, 2, 1, 3, 0, 0, 0, 1, 1, 3, 1, 1, 2, 3, 1, 3, 2, 0, 1, 0, 1, 3, 0, 0, 1, 0, 3, 3, 1, 1, 0, 1, 3, 0, 3, 1, 0, 1, 0, 1, 2, 1, 0, 0, 0, 3, 3, 0, 0, 2, 3, 3, 1, 2, 2, 1, 1, 0, 3, 3, 3, 1, 2, 1, 0, 0, 3, 0, 1, 0, 1, 1, 3, 0, 1, 3, 2, 1, 0, 2, 0, 1, 0, 0, 1, 3, 0, 1, 3, 1, 1, 1, 1, 1, 1, 1, 0, 0, 0, 1, 0, 1, 0, 0, 1, 0, 0, 0, 1, 2, 0, 3, 0, 3, 1, 0, 3, 1, 1, 1, 1, 3, 3, 0, 3, 0, 3, 2, 1, 1, 1, 1], "confidence_scores": [[0.6142615264137861, 0.04684135245838288, 0.0012832843118642853, 0.33761383681596685], [0.022525085383159768, 0.004021430578147546, 0.8456558930789062, 0.12779759095978663], [0.07249467671872228, 0.05570511151072629, 0.8446772948441884, 0.027122916926363053], [0.07330412928140188, 0.048860627661345225, 0.8602498821728545, 0.017585360884398632], [0.13038486772899283, 0.6717113806368552, 0.15527435270811935, 0.042629398926032534], [0.09309435990432642, 0.01261275375024993, 0.27157520324470613, 0.6227176831007175], [0.2662325764386529, 0.21457576928875982, 0.17923379708941287, 0.33995785718317445], [0.8188090183662767, 0.002928904658544662, 0.022926006812347237, 0.15533607016283146], [0.9929870355202596, 0.002182480462699349, 0.0013214505910035099, 0.0035090334260376673], [0.1876329432562533, 0.39492948958153773, 0.022638933799347474, 0.39479863336286153], [0.0059049866541008795, 0.005941351635465078, 0.015439256015049788, 0.9727144056953843], [0.004096280553894878, 0.16500656164613228, 0.8304335367895129, 0.0004636210104599072], [0.019303073947180265, 0.699374309627324, 0.27476137283866253, 0.006561243586833103], [0.23474003544250538, 0.05400585756566288, 0.08032487202950392, 0.6309292349623278], [0.9563185778523684, 0.0032675613048388924, 0.039363143938974415, 0.0010507169038183736], [0.573878970760682, 0.11664684073228847, 0.2704001012077452, 0.039074087299284486], [0.8334764008876342, 0.06716128564347654, 0.0030529691951065893, 0.09630934427378268], [0.10843421189890944, 0.586974214053647, 0.25910266828608175, 0.045488905761361643], [0.013726508155011736, 0.9826841026806754, 0.0032183463670744797, 0.00037104279723856756], [0.07717422248926097, 0.03751568373538449, 0.1353402773031331, 0.7499698164722215], [0.13420266030027364, 0.7549886244967803, 0.09093521613008378, 0.019873499072862275], [0.27507815886047854, 0.7165420511986269, 0.002031201149934743, 0.006348588790959914], [0.3645423234512284, 0.007821012111646708, 0.6150196648524866, 0.012616999584638234], [0.1882007969958412, 0.08097244049487738, 0.006163262001518865, 0.7246635005077626], [0.09696173068164915, 0.8855885106557063, 0.01230641447681127, 0.00514334418583329], [0.07051221575166294, 0.013886745914077337, 0.024802021532522645, 0.890799016801737], [0.022062638596315375, 0.16387811067000496, 0.7554710828199036, 0.05858816791377609], [0.5766763605968237, 0.24172534819752614, 0.0009367701391300891, 0.18066152106652006], [0.18470333792978938, 0.5231911599081991, 0.015060256618505184, 0.2770452455435063], [0.8870854929952786, 0.010139316493827549, 0.0507379433476118, 0.05203724716328214], [0.019075462135713924, 0.6574582394348496, 0.022057843937986654, 0.30140845449144976], [0.02814749962602567, 0.05856737552246541, 0.06136550379021428, 0.8519196210612946], [0.8046909436574833, 0.007638358929411007, 0.005580240248056479, 0.1820904571650491], [0.599206410381285, 0.06366910033694638, 0.14314420561675656, 0.19398028366501208], [0.06817405777727613, 0.8634398931507908, 0.00019461534578082252, 0.06819143372615213], [0.7688703924416124, 0.0029090874291234155, 0.007113352109624265, 0.22110716801963984], [0.1055796935011451, 0.001706904491571654, 0.005337659795909781, 0.8873757422113735], [0.2880445087145159, 0.0019900008131344357, 0.015416328867382171, 0.6945491616049675], [0.1294705506380269, 0.6325865193825908, 0.21940586282075034, 0.018537067158632094], [0.00019865284070103449, 0.9508741697190402, 0.0009429758293329768, 0.04798420161092582], [0.7336836240604229, 0.01470746241381329, 0.000964325255277313, 0.25064458827048663], [0.09871930376719375, 0.5476291289946333, 0.00670021329937031, 0.3469513539388027], [0.12219456294911347, 0.12286291908198908, 0.21611618314683992, 0.5388263348220576], [0.9893260629449663, 0.00996836287182025, 0.0002242316259686379, 0.0004813425572449345], [0.0004167173807012742, 0.009373353674067325, 0.013512455271203769, 0.9766974736740276], [0.21505446842719747, 0.686966698539077, 0.02899921352543377, 0.06897961950829189], [0.9906140707926722, 0.00024301086773475497, 0.00011960440813235075, 0.009023313931460877], [0.0006964114516233545, 0.9983068723067109, 0.0008438905182687494, 0.00015282572339703839], [0.9297258113477058, 0.0608075150987147, 0.006595601493194096, 0.00287107206038553], [0.10550346276320878, 0.8821590670029854, 0.0013263920436257172, 0.01101107819017988], [0.13159901213536013, 0.22584928859359843, 0.44253587525831867, 0.20001582401272278], [0.1512809011707478, 0.6607664897359373, 0.12884726641248978, 0.059105342680825006], [0.623724631815683, 0.058060655124543954, 0.25771218987800665, 0.060502523181766285], [0.817172544988952, 0.1741572659328671, 0.00778587579680932, 0.0008843132813716054], [0.8734996571296054, 0.004060721696709168, 0.00405300667293527, 0.1183866145007502], [0.003229593691952032, 0.27218623164163797, 0.029374661012888416, 0.6952095136535216], [0.00035794723671657923, 0.02175246377442952, 0.0018954456087736092, 0.9759941433800804], [0.7199064679048661, 0.27780659100243915, 0.0019373379280401832, 0.000349603164654406], [0.5739421677603448, 0.3849634960400761, 0.03995201622944387, 0.0011423199701353416], [0.016198328266313917, 0.06486824875021129, 0.8866664221493938, 0.032267000834080954], [0.07720716342038969, 0.21103551855675778, 0.1871027121205285, 0.524654605902324], [0.1240427551443351, 0.4104393990000694, 0.04001718171816465, 0.4255006641374307], [0.041306906432165245, 0.954363041738693, 0.0033523504992351003, 0.0009777013299066646], [0.018746168272674883, 0.20074688383552683, 0.6324810215648057, 0.14802592632699263], [0.00710425975913076, 0.15516686893216491, 0.8307157992904689, 0.007013072018235478], [0.0004926615051205627, 0.999017481782222, 0.00039478469304839495, 9.50720196088615e-05], [0.0008222510724348533, 0.8951402293411046, 0.004692775816513984, 0.0993447437699466], [0.6876628174813553, 0.0016587970568394156, 0.004364307748867488, 0.3063140777129379], [0.0013887998061372499, 0.009373703924768622, 0.008075649326420518, 0.9811618469426737], [0.0073132366632401675, 0.15146700801371243, 0.04234888253345622, 0.7988708727895912], [0.014300917973220483, 0.009956526256690622, 0.003978634085252003, 0.9717639216848369], [0.0016357623125096406, 0.8410096908369104, 0.06736865096678335, 0.08998589588379673], [0.31172615976300594, 0.07423817853831373, 0.4627135896804939, 0.15132207201818637], [0.32718316108300827, 0.666640884943543, 0.004792945040059064, 0.001383008933389718], [0.7409336835004103, 0.020808259014383882, 0.0013336760786998175, 0.23692438140650593], [0.6813905699897408, 0.0791194403327087, 0.0017662922848455291, 0.23772369739270513], [0.0009218460953979573, 0.0055313991009853895, 0.00019545730221171825, 0.993351297501405], [0.7761850796068375, 0.10436158177206262, 0.0022483765189503717, 0.11720496210214959], [0.08205567848449816, 0.4634829081613361, 0.004005494917609955, 0.4504559184365559], [0.9851702882068736, 0.0004258688928653796, 0.00032338874115975014, 0.014080454159101358], [0.00026084857069944456, 0.696898371681595, 0.27298475523653776, 0.029856024511167985], [0.025403708886974054, 0.9125990863666293, 0.013019272582669324, 0.04897793216372721], [0.10374103344356234, 0.22811465822881372, 0.012851699787855256, 0.6552926085397688], [0.660847059408017, 0.3178190799472095, 0.004525242997119771, 0.016808617647653668], [7.516660843748417e-07, 0.9999909900732993, 6.24369732493044e-06, 2.014563291591384e-06], [0.0032792416330095445, 0.0003249639853502433, 0.0006052993720783076, 0.9957904950095618], [0.20617529239139668, 0.298886865590257, 0.42154215519456145, 0.07339568682378476], [0.0028770721714554705, 0.9894034926347588, 0.007632188015688131, 8.724717809755529e-05], [0.9594947055183757, 0.03871603787460093, 0.0005329394013685027, 0.0012563172056551481], [0.11419930957449566, 0.029883795760660116, 0.8389797357996027, 0.016937158865241737], [0.8254604959649824, 0.1291001714961284, 0.0013632869316027416, 0.04407604560728638], [4.9580202330686666e-05, 0.999731604415653, 0.00018812835373615308, 3.068702828023242e-05], [0.5059425551255231, 0.02454779869164627, 0.03311633329741342, 0.4363933128854172], [0.9677880186429483, 0.014634034943802466, 0.015965260570810935, 0.0016126858424381112], [0.018063216706377817, 0.6118634574501032, 0.04067677414485908, 0.32939655169865983], [0.031197755241178994, 0.024346364061018363, 0.004631046794819837, 0.9398248339029828], [0.7208429532521003, 0.0251184770085126, 0.08350626485182484, 0.1705323048875623], [0.034213263524751264, 0.7898127565061153, 0.1299152980563459, 0.046058681912787704], [0.16473607645340207, 0.006093651244715796, 0.0016833602653857239, 0.8274869120364965], [0.1226209783709906, 0.8199370438641973, 0.0059775613631660954, 0.051464416401645896], [0.006609919703801182, 0.46948961069637635, 0.4675926763411763, 0.05630779325864621], [0.0014225185080998068, 0.9782608529482357, 0.011083723471751577, 0.009232905071913025], [0.055295545681242037, 0.9416278150058918, 0.001585727893974818, 0.0014909114188912263], [0.06600198204318476, 0.8479951673641567, 0.002129628158487878, 0.08387322243417063], [0.24664737413557936, 0.4241087463563047, 0.02925181954880276, 0.2999920599593132], [0.04112362783148962, 0.6027636731840731, 0.3526360517299328, 0.003476647254504564], [0.9846258935742928, 0.005811235737829104, 0.003543579256661183, 0.006019291431216979], [0.8064823836076964, 0.10947005800553883, 0.013129206188575425, 0.07091835219818929], [0.9997399416452927, 9.279689971169894e-05, 0.00010299881718010525, 6.426263781555027e-05], [0.03977995005063461, 0.6403308106880974, 0.13585902277097953, 0.1840302164902885], [0.8324374268298983, 0.01541311289130266, 0.00704065263144031, 0.14510880764735867], [0.0150997807578472, 0.7328918547080802, 0.08436644270598598, 0.16764192182808654], [0.8620789836093634, 0.009150761966212935, 0.00149864018743949, 0.12727161423698427], [0.6688512546322615, 0.05516222332400173, 0.01109144650750103, 0.26489507553623576], [0.11588426678949487, 0.8675130094419099, 0.011970550671262915, 0.0046321730973323955], [0.993045012338663, 0.0005734443243145035, 0.0009130367610566837, 0.005468506575965559], [0.6900734752031795, 0.003762702553919632, 0.002514559544640469, 0.30364926269826037], [0.9791357815155323, 0.005624201184690947, 0.014501108340328825, 0.000738908959448241], [0.25864859675368, 0.6034796569166675, 0.011692976951797955, 0.12617876937785452], [0.4252436909758928, 0.0021139614666993776, 0.5686030244036132, 0.004039323153794588], [0.9573052268140751, 0.035085430754105154, 0.002524715008325816, 0.0050846274234939495], [0.007963579742498788, 0.03351603850204779, 0.23046390450147322, 0.7280564772539801], [0.9980094228655555, 0.00013445076058268176, 0.001330299455280294, 0.0005258269185814759], [0.3172238259455653, 0.010475828581678226, 0.009637587698243072, 0.6626627577745134], [0.0012504640704940528, 0.977938193727964, 0.0086255591979409, 0.012185783003601073], [0.9960062265853582, 0.002312747044318152, 5.4765594221302665e-05, 0.0016262607761025078], [0.25979556191870756, 0.09732087955385256, 0.010501139885518892, 0.632382418641921], [0.01683844112362597, 0.8103323361057657, 0.007840627932507407, 0.1649885948381008], [0.01275515313357749, 0.6909116312166259, 0.27331170925914794, 0.023021506390648733], [0.133792002817852, 0.6612055829137562, 0.04587083248587026, 0.15913158178252151], [0.0070760517697607, 0.9908571405122614, 0.0019480984606645199, 0.00011870925731343758], [0.4815140787486014, 0.015926067632782166, 0.018221774137288822, 0.4843380794813275], [0.0023009444402321637, 0.01519459662549756, 0.0006235395121211874, 0.9818809194221491], [0.8427487526743282, 0.12992234183788476, 0.02307064205717652, 0.0042582634306103755], [0.013460263755696974, 0.0019087808983503885, 0.0002463599515728694, 0.9843845953943797], [0.5351475300797918, 0.24090615501415436, 0.038999652631638675, 0.18494666227441517], [0.18022981184457484, 0.2531772695450953, 0.01266341952777663, 0.5539294990825533], [0.30142354011346145, 0.005279245796216336, 0.6787799651972282, 0.014517248893094007], [0.034485964474776955, 0.5042016669109016, 0.1926662473537994, 0.268646121260522], [0.06988964192699051, 0.60837240892825, 0.3015588035479629, 0.0201791455967966], [0.007202100255432988, 0.9534775567769364, 0.0021576180681792136, 0.037162724899451396], [0.026579761038644754, 0.5002448184282565, 0.44929662423408684, 0.023878796299011847]]}}