{"test": {"ids": ["102109010", "103110760", "109120150", "109118820", "108121351", "106119990", "110120540", "110121720", "110115710", "111119150", "108116481", "111117120", "99107660", "113118421", "101108621", "97116790", "104114320", "109119460", "111119290", "100109360", "107116980", "110115890", "112116810", "101111620", "102110890", "110119300", "111121351", "97116410", "103111480", "113121750", "100109330", "98109570", "103111170", "98107410", "108120260", "107117630", "107121230", "99112840", "104119340", "110116441", "108118630", "103113270", "102112250", "109119340", "105115680", "108120280", "99108000", "101108460", "107114621", "109115380", "98106680", "97106000", "112117030", "106117650", "110116290", "99119830", "98119591", "109116170", "102110850", "110114950", "100109311", "107113170", "112120540", "101108290", "107117010", "97109570", "111120320", "110113931", "111114121", "106116120", "98111670", "113120780", "111119950", "102110050", "97111790", "108119330", "112120290", "108114670", "100111080", "105115250", "99108080", "99109311", "106120290", "113118690", "107119130", "108118520", "103118110", "97112290", "103120531", "101111310", "112116610", "110115140", "107120880", "105117431", "108120060", "102110500", "108121160", "106118161", "98112170", "109113881", "112117780", "98107010", "113122650", "104111880", "104113000", "99109780", "105113260", "111120591", "103113640", "97114170", "112119500", "97112170", "98108410", "104111531", "102107961", "111120531", "105115570", "113120591", "108114200", "107112840", "111116411", "100108580", "108118301", "111121930", "109121640", "99108710", "111119250", "100110050", "102121440", "97107040", "105112240", "110118301", "106114321", "97110950", "107118490", "110115120", "106116441", "101119030", "109120540", "106114280", "99111000", "113119320"], "labels": [1, 1, 2, 3, 3, 0, 1, 3, 2, 3, 0, 2, 3, 3, 0, 2, 2, 1, 3, 0, 3, 2, 3, 3, 0, 1, 0, 3, 0, 0, 0, 1, 2, 3, 1, 0, 0, 2, 1, 3, 1, 2, 0, 3, 2, 3, 2, 0, 0, 3, 1, 0, 2, 1, 2, 1, 1, 0, 3, 0, 1, 0, 3, 0, 1, 0, 1, 1, 0, 1, 1, 0, 0, 3, 2, 0, 1, 3, 0, 2, 3, 1, 2, 3, 1, 0, 2, 1, 3, 3, 1, 0, 1, 1, 1, 3, 2, 3, 3, 0, 0, 3, 2, 3, 1, 2, 3, 1, 1, 2, 2, 0, 1, 0, 3, 0, 0, 0, 0, 1, 0, 0, 1, 1, 0, 2, 1, 3, 2, 2, 1, 1, 2, 3, 2, 0, 0, 3, 1, 3, 2, 1], "predicted_labels": [1, 3, 0, 1, 0, 0, 1, 1, 1, 3, 0, 0, 0, 0, 0, 0, 0, 3, 0, 0, 0, 1, 2, 2, 0, 3, 0, 3, 0, 1, 1, 1, 3, 0, 0, 0, 3, 2, 1, 3, 0, 0, 0, 3, 2, 3, 2, 3, 3, 3, 0, 2, 1, 3, 3, 3, 0, 1, 1, 3, 2, 1, 0, 1, 1, 2, 1, 3, 3, 0, 0, 0, 0, 1, 1, 3, 1, 1, 1, 3, 0, 1, 1, 0, 0, 0, 2, 0, 1, 1, 0, 2, 3, 2, 1, 3, 3, 0, 0, 2, 1, 3, 2, 1, 3, 2, 1, 0, 0, 2, 1, 1, 3, 3, 3, 0, 3, 2, 1, 1, 0, 3, 3, 2, 0, 1, 0, 2, 2, 2, 1, 0, 0, 0, 0, 1, 1, 2, 1, 3, 3, 0], "confidence_scores": [[0.2303138496634074, 0.541909321388542, 0.13228943497200027, 0.09548739397605038], [0.09307797059812076, 0.0434289754695144, 0.06373372925197619, 0.7997593246803886], [0.6739943616713988, 0.1439408961189566, 0.1439421845859214, 0.03812255762372324], [0.05066044638961706, 0.6948726033923892, 0.018975092877828174, 0.23549185734016556], [0.6751526368015489, 0.08531165335021593, 0.02168920644473412, 0.21784650340350106], [0.3574076915349982, 0.023503104922265573, 0.30023222019930507, 0.3188569833434312], [0.05843003264831801, 0.7748280259289595, 0.07868891939637576, 0.08805302202634668], [0.08332227849037403, 0.7365529366240133, 0.0032238696800298027, 0.1769009152055829], [0.3536108411571107, 0.5836132590953907, 0.05024648925290742, 0.012529410494591033], [0.3867964807398171, 0.07426942438449918, 0.05191484902293521, 0.48701924585274864], [0.8164235737514602, 0.03474548618077877, 0.017611715702134448, 0.1312192243656265], [0.49507700359168755, 0.24541488812074597, 0.15300739952614337, 0.10650070876142322], [0.8619250055388761, 0.07819284952486158, 0.025338006269532774, 0.03454413866672947], [0.6172218006808692, 0.05694692818645495, 0.013256020051668066, 0.312575251081008], [0.8918045858258582, 0.05588389390773751, 0.0061035732964167975, 0.04620794696998744], [0.44077189884903095, 0.09490711018176087, 0.37529369936430307, 0.08902729160490518], [0.3285077974452052, 0.26377549324794425, 0.24277046506604996, 0.1649462442408007], [0.31022865168213565, 0.15767904882972944, 0.013173192985296872, 0.518919106502838], [0.6799183021327012, 0.06593916247964411, 0.02831760051664427, 0.22582493487101057], [0.5217132380967391, 0.29374467373889784, 0.08497118461192553, 0.09957090355243754], [0.9774964622024168, 0.01939320810222982, 0.0012355129816166448, 0.00187481671373656], [0.28860831468132736, 0.6278935219631874, 0.04911838528189365, 0.03437977807359178], [0.2103527838830678, 0.033767548007725946, 0.6997255855603087, 0.05615408254889745], [0.1869914309027953, 0.028591449188285017, 0.5107962547347072, 0.27362086517421247], [0.5487875562131986, 0.07365501196662032, 0.006881648834228578, 0.3706757829859525], [0.1650117599344792, 0.1222880631020806, 0.09845433796165459, 0.6142458390017856], [0.8118675248120676, 0.1618603506505513, 0.015787888670308226, 0.010484235867072877], [0.13697793592120694, 0.1680218717695022, 0.181736807393951, 0.5132633849153398], [0.6289730236223856, 0.2681602346797828, 0.012486174972753719, 0.09038056672507787], [0.16308512965370067, 0.7908192860223566, 0.01467291727801286, 0.03142266704592983], [0.12821767746174806, 0.42141439217112375, 0.13561551417859197, 0.3147524161885362], [0.229379657431704, 0.45936038990207767, 0.029861470116761026, 0.2813984825494572], [0.2074851566486017, 0.26377572283082956, 0.06983912061499287, 0.45889999990557573], [0.5852371864016994, 0.08921843015854695, 0.20236099738490576, 0.12318338605484783], [0.4182183015533457, 0.07290979078222935, 0.10767770999218504, 0.40119419767223996], [0.7333004971866259, 0.09601168551326, 0.14646934445812598, 0.024218472841988036], [0.10109708548851366, 0.1843553208248185, 0.08247581192981843, 0.6320717817568494], [0.154553170495737, 0.07452582429077266, 0.4847639183818744, 0.2861570868316159], [0.001789043288912568, 0.5725697024444368, 0.3108942826410638, 0.11474697162558671], [0.0011655750009011267, 0.05413797017697518, 0.017247315217979196, 0.9274491396041444], [0.37308821823029875, 0.20041401395338052, 0.061019854904531864, 0.3654779129117889], [0.4177834332310007, 0.13842053929775558, 0.17682673186131756, 0.2669692956099263], [0.8353827613784646, 0.0034000797649572888, 0.03324424372892176, 0.1279729151276562], [0.051295226480575, 0.33833144956263705, 0.07255161003545167, 0.5378217139213364], [0.10772659380656935, 0.19424384536917944, 0.622393776999914, 0.07563578382433714], [0.07116225859639991, 0.15525454073100078, 0.034198762386722044, 0.7393844382858773], [0.18778375169302686, 0.1983802168724186, 0.5062319602916515, 0.10760407114290302], [0.2699504678865245, 0.01823093622846327, 0.003231975791614477, 0.7085866200933977], [0.3021349582994395, 0.012818522926233181, 0.005679415977660684, 0.6793671027966666], [0.03785095700217677, 0.09694585260925884, 0.07310814693498197, 0.7920950434535824], [0.47893098808414497, 0.27588941435088016, 0.22666049534497798, 0.018519102219996864], [0.05224114620800585, 0.008446014798218642, 0.9255180889061596, 0.013794750087616141], [0.18724431379280693, 0.38625718819803906, 0.0589784768331831, 0.3675200211759709], [0.019560554714013932, 0.2650150380016597, 0.2026574265734319, 0.5127669807108944], [0.19765834241388053, 0.06255150510129595, 0.060469632961844474, 0.679320519522979], [0.06517701462721241, 0.1260798680740754, 0.21128387339884536, 0.5974592438998668], [0.8708830146457713, 0.010241141016395672, 0.1057467953450984, 0.013129048992734666], [0.14771459696608483, 0.6254514296538727, 0.004845975227915673, 0.2219879981521269], [0.03936459982397963, 0.6603094609536839, 0.1437722938634947, 0.15655364535884153], [0.0685075540424778, 0.08636735730337843, 0.004082131849801849, 0.8410429568043419], [0.32446992097722427, 0.09444568190081644, 0.38683002507121333, 0.19425437205074605], [0.14686100219566012, 0.4281377227333258, 0.016007532434615897, 0.40899374263639826], [0.4489123695155432, 0.36843151108471955, 0.10568954934519097, 0.07696657005454635], [0.23811309680317588, 0.6639822160120226, 0.049036140357127604, 0.04886854682767401], [0.04329376873335536, 0.5756718409523339, 0.1208040967447326, 0.2602302935695781], [0.17626221702497935, 0.03367520191808545, 0.5105679012189026, 0.27949467983803256], [0.232712058805124, 0.5339448618770379, 0.12750906330534326, 0.10583401601249476], [0.06361705735095123, 0.050616791549343836, 0.010147475888032649, 0.8756186752116722], [0.23316727091783637, 0.045131999717171585, 0.022111918422254722, 0.6995888109427373], [0.8354394132509916, 0.1077897562427162, 0.03489353375601037, 0.021877296750282], [0.9225434370622875, 0.04688755304270522, 0.015633742779156634, 0.01493526711585077], [0.4419415404706656, 0.09842877614953115, 0.16464849629683648, 0.2949811870829667], [0.7491568438341054, 0.1600145881953309, 0.04190028743783056, 0.048928280532733216], [0.1722078205958457, 0.45161771717573534, 0.3231265832069252, 0.0530478790214937], [0.2521652941660852, 0.5017818641224737, 0.17508924116869307, 0.0709636005427481], [0.2661563876876727, 0.30650650655021966, 0.10776970818643135, 0.31956739757567637], [0.022011836693655442, 0.764389519748875, 0.024963625140571634, 0.1886350184168981], [0.1598280690000858, 0.6853222241637265, 0.04918725469523398, 0.10566245214095372], [0.08566295073664965, 0.7117545004691783, 0.18080823241618027, 0.021774316377991685], [0.027998528675721123, 0.10729196609917463, 0.03430736608310995, 0.8304021391419942], [0.6461618925549363, 0.24810212114711228, 0.03897767025241283, 0.06675831604553854], [0.2965256236135345, 0.6206272030572724, 0.018018442105139663, 0.06482873122405351], [0.14068134562200402, 0.7097333613249881, 0.0547612194105873, 0.09482407364242068], [0.4682213067330473, 0.1038327066370503, 0.012508214149932789, 0.41543777247996955], [0.7181966261611784, 0.021345330852729966, 0.06256875669088456, 0.197889286295207], [0.8598405710926165, 0.07355292286104527, 0.008920902721814498, 0.05768560332452377], [0.005456352189440625, 0.016384099678239616, 0.9495879871487861, 0.028571560983533775], [0.622359888312033, 0.2627901857073299, 0.026677328392466844, 0.08817259758817023], [0.07827453861535233, 0.5457121598455922, 0.0859744320854907, 0.2900388694535647], [0.25451697093435155, 0.63702715581152, 0.07243836654787274, 0.0360175067062557], [0.7755027481272381, 0.0852912317065664, 0.11113487354986495, 0.028071146616330388], [0.17036195759247585, 0.2091107452003838, 0.3376112042022836, 0.2829160930048568], [0.001252672693114563, 0.03958702945517194, 0.0744352959694172, 0.8847250018822963], [0.028485247258504282, 0.22013985057778646, 0.4237878592350898, 0.3275870429286195], [0.37697084711106127, 0.5526935714205744, 0.0406017651295672, 0.029733816338797077], [0.23160588923540512, 0.031220906836791795, 0.06012586948207755, 0.6770473344457254], [0.020406686400066924, 0.17553215929243288, 0.014139499366858106, 0.7899216549406421], [0.9006562075987355, 0.04086531606790754, 0.013499947429961688, 0.04497852890339509], [0.4939497747711622, 0.032138088918638154, 0.2875538077386762, 0.18635832857152354], [0.27414379970689134, 0.05664697527874375, 0.6022838473880763, 0.06692537762628871], [0.11796336647139269, 0.5343688309741028, 0.04214845945697194, 0.3055193430975326], [0.10387352863673505, 0.10649558195940452, 0.008092653745190467, 0.7815382356586699], [0.03402522037979111, 0.20644513235866954, 0.710316041580007, 0.049213605681532414], [0.0099305566024846, 0.6625289266577096, 0.04193560247286838, 0.2856049142669375], [0.06027081192722207, 0.023992723349019838, 0.01376057429575568, 0.9019758904280023], [0.119684378312572, 0.29646896358173846, 0.3854400919608702, 0.1984065661448192], [0.11905488669759418, 0.6827246821065319, 0.17056554868328141, 0.027654882512592505], [0.682650625829559, 0.00875378795397479, 0.038651288399504435, 0.2699442978169617], [0.9266125855732092, 0.040464617605012417, 0.03086152159103635, 0.002061275230741989], [0.20150836765737043, 0.22242726945285132, 0.3907287824882089, 0.18533558040156917], [0.05476832548326267, 0.6887857541309773, 0.23578866076321214, 0.0206572596225479], [0.08294908925943927, 0.7989239426536476, 0.07202935781019924, 0.046097610276713795], [0.08108671648693545, 0.1543350964020472, 0.05055733308427713, 0.7140208540267402], [0.20490840044857844, 0.1729591793732318, 0.046800488909766416, 0.5753319312684233], [0.252586737111755, 0.11385653800713127, 0.24500652203748363, 0.3885502028436302], [0.5142302837881713, 0.2491833558032245, 0.018021117137248226, 0.21856524327135599], [0.013756361442735609, 0.27069917307478397, 0.13139102459231106, 0.5841534408901694], [0.02936310171958785, 0.11916904418289433, 0.4812220992464851, 0.37024575485103284], [0.06566286909973652, 0.8165334540311128, 0.0716939155936085, 0.04610976127554225], [0.3178229447814016, 0.5280554012548908, 0.06115929967327648, 0.09296235429043113], [0.633514119053001, 0.026763169788438144, 0.008132870179712842, 0.33158984097884797], [0.23839349883083127, 0.06046799270388927, 0.20177463162135778, 0.4993638768439217], [0.02788648182683353, 0.05256816081691345, 0.15115469387990224, 0.7683906634763509], [0.22092244214529352, 0.09788193865828233, 0.4719403603698243, 0.20925525882659987], [0.48466543302650705, 0.06911802987095408, 0.0526381438483586, 0.3935783932541804], [0.010194584236257818, 0.9364636564106914, 0.04499604389427519, 0.008345715458775682], [0.7432695430619308, 0.022529641758676416, 0.012970708999809549, 0.2212301061795832], [0.015624491585126549, 0.04183530769632741, 0.8933829498581662, 0.04915725086037975], [0.3099785438943669, 0.016281169073986464, 0.45878843125845187, 0.21495185577319484], [0.22781856233484876, 0.1752277713257406, 0.4589929947772928, 0.13796067156211786], [0.18651852234986793, 0.5249727402953809, 0.060074577355090406, 0.22843415999966074], [0.43378215731563946, 0.09153851781031937, 0.04779229117981937, 0.42688703369422193], [0.7053449133429689, 0.16180298747109922, 0.08514563375331197, 0.04770646543261977], [0.44882620909661014, 0.008571451461950062, 0.13123047755949974, 0.4113718618819401], [0.6429141393533122, 0.10174765961667083, 0.19598845028566614, 0.05934975074435074], [0.25717958554731474, 0.4750602335560015, 0.09106333516284443, 0.17669684573383926], [0.018987464094733605, 0.672680299545647, 0.04060752144544603, 0.2677247149141732], [0.28667374880293744, 0.043375110067708215, 0.4119334885945848, 0.2580176525347695], [0.03595360488853859, 0.8256216605795771, 0.006075240436874955, 0.13234949409500935], [0.0975489246938906, 0.3118900545471172, 0.047358027826354364, 0.5432029929326377], [0.03533624038895044, 0.1788913504369126, 0.28005475174280975, 0.5057176574313272], [0.7470613677169606, 0.18746589290087703, 0.03270575655257508, 0.03276698282958726]]}, "rewritten": {"ids": ["97106000", "97107040", "97109570", "97110950", "97111790", "97112170", "97112290", "97114170", "97116410", "97116790", "98106680", "98107010", "98107410", "98108410", "98109570", "98111670", "98112170", "98119591", "99107660", "99108000", "99108080", "99108710", "99109311", "99109780", "99111000", "99112840", "99119830", "100108580", "100109311", "100109330", "100109360", "100110050", "100111080", "101108290", "101108460", "101108621", "101111310", "101111620", "101119030", "102107961", "102109010", "102110050", "102110500", "102110850", "102110890", "102112250", "102121440", "103110760", "103111170", "103111480", "103113270", "103113640", "103118110", "103120531", "104111531", "104111880", "104113000", "104114320", "104119340", "105112240", "105113260", "105115250", "105115570", "105115680", "105117431", "106114280", "106114321", "106116120", "106116441", "106117650", "106118161", "106119990", "106120290", "107112840", "107113170", "107114621", "107116980", "107117010", "107117630", "107118490", "107119130", "107120880", "107121230", "108114200", "108114670", "108116481", "108118301", "108118520", "108118630", "108119330", "108120060", "108120260", "108120280", "108121160", "108121351", "109113881", "109115380", "109116170", "109118820", "109119340", "109119460", "109120150", "109120540", "109121640", "110113931", "110114950", "110115120", "110115140", "110115710", "110115890", "110116290", "110116441", "110118301", "110119300", "110120540", "110121720", "111114121", "111116411", "111117120", "111119150", "111119250", "111119290", "111119950", "111120320", "111120531", "111120591", "111121351", "111121930", "112116610", "112116810", "112117030", "112117780", "112119500", "112120290", "112120540", "113118421", "113118690", "113119320", "113120591", "113120780", "113121750", "113122650"], "labels": [0, 2, 0, 3, 2, 0, 1, 2, 3, 2, 1, 3, 3, 1, 1, 1, 3, 1, 3, 2, 3, 2, 1, 2, 2, 2, 1, 0, 1, 0, 0, 3, 0, 0, 0, 0, 3, 3, 3, 3, 1, 3, 3, 3, 0, 0, 2, 1, 2, 0, 2, 1, 2, 3, 0, 3, 1, 2, 1, 1, 3, 2, 0, 2, 1, 3, 2, 1, 0, 1, 3, 0, 2, 1, 0, 0, 3, 1, 0, 2, 1, 1, 0, 0, 3, 0, 1, 0, 1, 0, 1, 1, 3, 2, 3, 0, 3, 0, 3, 3, 1, 2, 1, 0, 1, 0, 0, 0, 2, 2, 2, 3, 1, 1, 1, 3, 0, 0, 2, 3, 1, 3, 0, 1, 0, 1, 0, 1, 1, 3, 2, 0, 2, 1, 3, 3, 3, 1, 0, 0, 0, 2], "predicted_labels": [2, 2, 2, 0, 1, 1, 0, 2, 3, 2, 0, 3, 3, 3, 1, 0, 0, 0, 0, 1, 0, 1, 1, 2, 3, 2, 3, 3, 0, 1, 1, 2, 1, 1, 3, 0, 1, 0, 3, 3, 1, 2, 3, 1, 0, 0, 2, 3, 0, 0, 3, 0, 2, 1, 3, 1, 3, 1, 1, 3, 2, 3, 1, 1, 2, 3, 0, 0, 1, 3, 0, 3, 1, 1, 1, 3, 0, 1, 0, 1, 3, 3, 1, 1, 1, 0, 3, 0, 3, 0, 0, 1, 3, 3, 0, 0, 1, 1, 1, 3, 0, 0, 1, 0, 3, 3, 3, 3, 1, 1, 3, 3, 0, 3, 1, 1, 3, 0, 0, 3, 0, 0, 0, 3, 0, 3, 0, 2, 0, 2, 3, 1, 1, 1, 1, 3, 3, 0, 2, 3, 1, 2], "confidence_scores": [[0.06801432174743864, 0.00991759709778601, 0.8833672717552801, 0.038700809399495203], [0.2192720578717871, 0.16101272096000685, 0.4925288651334462, 0.12718635603475992], [0.20061219487482335, 0.04284464602914621, 0.5390237804196989, 0.21751937867633162], [0.7588194059072446, 0.008929467766470045, 0.1604468242010841, 0.07180430212520102], [0.2052982050342784, 0.5091368487010428, 0.23112829831376464, 0.05443664795091425], [0.18572413103290686, 0.5202680559872311, 0.05663256267709118, 0.23737525030277085], [0.39279601144899556, 0.35976658804499373, 0.09687462381391813, 0.1505627766920925], [0.10871820649266024, 0.16494697286012464, 0.40919934223786414, 0.31713547840935086], [0.17754670332020797, 0.13095187092731284, 0.24806095755114532, 0.44344046820133387], [0.4462719126235541, 0.028648797987030447, 0.47979681172436195, 0.04528247766505348], [0.40802025865134744, 0.25831525004688327, 0.21524330128007502, 0.11842119002169435], [0.046253874309197376, 0.06739432332108362, 0.00903327753350415, 0.8773185248362148], [0.4393075538674141, 0.006790235839992146, 0.011728770671956355, 0.5421734396206374], [0.09637168093275815, 0.2517292173464125, 0.20473777793979164, 0.44716132378103773], [0.02444428963543018, 0.6335166359098177, 0.041683619715411485, 0.30035545473934067], [0.9148136005670171, 0.04087615427794137, 0.0360953197206961, 0.008214925434345526], [0.36542189901598543, 0.02253686563968956, 0.27691009068567385, 0.3351311446586512], [0.8922221786601526, 0.026609510408134987, 0.07248792099197754, 0.008680389939734662], [0.9002413581579303, 0.026612563769833248, 0.029925386025435128, 0.04322069204680155], [0.08216934803291366, 0.5856097883666672, 0.194142735273466, 0.1380781283269532], [0.7142460126305186, 0.1707580662577464, 0.03316358384186691, 0.081832337269868], [0.02107875249979276, 0.9154976137029679, 0.05926606694966021, 0.004157566847579025], [0.1546614314719873, 0.5089463807222128, 0.17783192541071977, 0.1585602623950801], [0.1465118388477464, 0.09710619219474745, 0.5189998432567464, 0.23738212570075967], [0.006434756639513129, 0.11467001611670623, 0.05546556030801038, 0.8234296669357704], [0.06904181003218028, 0.04645179879586867, 0.6209794594148816, 0.26352693175706926], [0.21158988716731453, 0.07872342127787182, 0.2932467177638828, 0.4164399737909309], [0.24992202719594594, 0.049639182744366996, 0.1307597294624142, 0.5696790605972728], [0.5956739213832007, 0.12364449317445682, 0.10229168939640104, 0.1783898960459415], [0.18867773247397493, 0.6017499761084122, 0.13046218914202115, 0.07911010227559187], [0.3395970512344135, 0.3814435823807441, 0.10248498462204075, 0.1764743817628017], [0.05646317322930076, 0.07834419501705388, 0.7479063750023944, 0.11728625675125087], [0.1661612923848569, 0.5843128060012303, 0.2139495434275155, 0.03557635818639738], [0.2469465708646506, 0.6164706197844427, 0.03785512363008604, 0.09872768572082052], [0.17840771849243717, 0.030461731141705466, 0.04190495356756121, 0.7492255967982961], [0.6189485041513606, 0.0972070060472083, 0.05639780292186849, 0.22744668687956252], [0.35914958951538695, 0.47529585410237396, 0.09478914990461562, 0.07076540647762346], [0.4217327611469698, 0.15883431939797407, 0.1718232892800749, 0.24760963017498117], [0.1717472937719448, 0.09165864928342747, 0.3226591506960117, 0.4139349062486161], [0.2063493749009869, 0.006973116576968899, 0.04100581506371457, 0.7456716934583296], [0.2641848509796147, 0.3410562173643129, 0.2931960087852366, 0.10156292287083578], [0.1752485677243405, 0.03839503121717725, 0.7573598385143715, 0.028996562544110673], [0.24610037825550926, 0.039790386542242207, 0.15873300758518388, 0.5553762276170647], [0.07352048673283361, 0.6463147834804438, 0.1748216287815172, 0.10534310100520548], [0.7003842156387533, 0.026680368378635994, 0.024027059690133867, 0.24890835629247676], [0.8040296805506222, 0.0018723573464376154, 0.036874576926408956, 0.15722338517653128], [0.18840471610656537, 0.022174084715193203, 0.6599179586536478, 0.1295032405245937], [0.07895529537977851, 0.01856786716073005, 0.04283895638204598, 0.8596378810774454], [0.4290952100467928, 0.1313342882270812, 0.15702117434981028, 0.2825493273763158], [0.5866844093542662, 0.27850094509256734, 0.01181020495872918, 0.12300444059443717], [0.06519141222381501, 0.17121498582017283, 0.24578930644173647, 0.5178042955142758], [0.957942874153635, 0.024724487554181787, 0.013549803762866467, 0.0037828345293168045], [0.013284821369230634, 0.026742533132898125, 0.8970907121588376, 0.06288193333903352], [0.06724952618923062, 0.6212649612378978, 0.06714005798506027, 0.24434545458781134], [0.21752147620981802, 0.16425074896046926, 0.04692126469532941, 0.5713065101343834], [0.004048124573338037, 0.6856608293475991, 0.04478192600984032, 0.2655091200692225], [0.07459278883535492, 0.04379366870673621, 0.010940699555791413, 0.8706728429021173], [0.22250908349559836, 0.4523943038581944, 0.24465503808251005, 0.08044157456369735], [0.002404009346404641, 0.8247565037031626, 0.09583453456323109, 0.07700495238720162], [0.15561812507350145, 0.29890410874974754, 0.16777083994320222, 0.37770692623354873], [0.15642829300633335, 0.25959753555161286, 0.33783061266114417, 0.24614355878090974], [0.050335480788738986, 0.1313209885332768, 0.08172956952961087, 0.7366139611483734], [0.016643979599250167, 0.3342836922153837, 0.32528910543428635, 0.3237832227510798], [0.028031364730860785, 0.6044291219834241, 0.33221208078681064, 0.03532743249890451], [0.014824983750958844, 0.25224700531185756, 0.5070429171281254, 0.2258850938090582], [0.09667743750638967, 0.17194994228481922, 0.12917105099869283, 0.6022015692100984], [0.6135104006188955, 0.17236278786940037, 0.14479078051207409, 0.0693360309996301], [0.8453593159723983, 0.11078585244445416, 0.024087184111893492, 0.019767647471253934], [0.007959021118040324, 0.6794386722216303, 0.03665868838791792, 0.27594361827241154], [0.30530835018034047, 0.13176013377539456, 0.20398691384828857, 0.3589446021959764], [0.9356242579345607, 0.04039300747612207, 0.011811216096945307, 0.01217151849237202], [0.3048314851473918, 0.027705959254662033, 0.18714792519872256, 0.4803146303992236], [0.13564407537189946, 0.6809176106725454, 0.06174220453751487, 0.12169610941804021], [0.023791744656715238, 0.8281362613503639, 0.023926959450815646, 0.12414503454210529], [0.16329379161512902, 0.5080387912496134, 0.059030836042905904, 0.26963658109235167], [0.11817183307514344, 0.002809086007783688, 0.002402793863299435, 0.8766162870537734], [0.8491372231434539, 0.10627724422598717, 0.0022140349842156982, 0.042371497646343216], [0.06670762310190287, 0.6154367900983168, 0.15858333311720327, 0.15927225368257703], [0.7438588683744868, 0.039015569501171535, 0.17056453538108085, 0.04656102674326081], [0.2300519660782943, 0.34228538161018596, 0.31286311099014136, 0.11479954132137844], [0.31381185094514813, 0.2853198664117896, 0.08014161550560603, 0.32072666713745634], [0.000767800542459915, 0.007974504002722134, 0.007533988228848501, 0.9837237072259695], [0.07415691250164082, 0.5623997938978318, 0.1554846285137009, 0.2079586650868264], [0.07140891593144823, 0.3872289535094901, 0.27034488042070726, 0.2710172501383545], [0.25288394706626843, 0.6246244047003858, 0.008726290009111575, 0.1137653582242341], [0.74809233569865, 0.06344353807983041, 0.012956679165250399, 0.1755074470562692], [0.015285094493553971, 0.16464227908025228, 0.18207329620947998, 0.6379993302167137], [0.7995575799406551, 0.11838068350906318, 0.012816094044032394, 0.06924564250624934], [0.13923364220261528, 0.11200138863376137, 0.048687532530341894, 0.7000774366332814], [0.37636369405936515, 0.11000518946650803, 0.15107652919323564, 0.3625545872808912], [0.4525776689147767, 0.43300803185483516, 0.06344575741805906, 0.05096854181232899], [0.2595488018882198, 0.286958271632818, 0.23960022538716708, 0.2138927010917951], [0.09563749920719833, 0.15088008392635574, 0.05507002008573844, 0.6984123967807074], [0.014180170634256651, 0.1862549569113045, 0.017745877410699856, 0.781818995043739], [0.48563703778118517, 0.0785854082643063, 0.05427682503165884, 0.38150072892284975], [0.6184576299200449, 0.10883259541303077, 0.23311320670086338, 0.03959656796606087], [0.024847629131713293, 0.7977325253099011, 0.07152240703223048, 0.10589743852615502], [0.30593292743102096, 0.6186990091718687, 0.017613252098826002, 0.05775481129828434], [0.13641329095070592, 0.47129963339920794, 0.0296616964067819, 0.3626253792433043], [0.02575352791179951, 0.2483400803842286, 0.023673872553211676, 0.7022325191507601], [0.4317325322149811, 0.10883475342042372, 0.03414069196993269, 0.4252920223946627], [0.31335707417929437, 0.21461393928584901, 0.2639597067022722, 0.20806927983258447], [0.03338603851545057, 0.90419846670108, 0.0031529226556095214, 0.05926257212785998], [0.4309753438219323, 0.11393395123583848, 0.10198700208706575, 0.3531037028551634], [0.21635573495985522, 0.18536059189182832, 0.030292621758376673, 0.5679910513899398], [0.11678158650156678, 0.06356131110916778, 0.021203783927679874, 0.7984533184615856], [0.25538725769669224, 0.1739629505222297, 0.07722362700550926, 0.49342616477556883], [0.1765668622250673, 0.1483651888899787, 0.33402568215125134, 0.3410422667337027], [0.24903369796622932, 0.6670924698925725, 0.06104746784562649, 0.022826364295571604], [0.2697948100395009, 0.6076480571070964, 0.09353828121862479, 0.02901885163477806], [0.20228600514785733, 0.033210328393615915, 0.20234005677178057, 0.5621636096867462], [0.022496105047573507, 0.1405548376742704, 0.03918106900966226, 0.7977679882684938], [0.4812471942987727, 0.1018055282567488, 0.09653389684521563, 0.32041338059926283], [0.12437161504589185, 0.05750936635641674, 0.19608725699349014, 0.6220317616042011], [0.01088377398260373, 0.927455020405193, 0.038329070989774186, 0.023332134622429175], [0.07756330679859276, 0.8139065088627929, 0.009114834658020049, 0.0994153496805941], [0.21916278383273682, 0.0728931113962914, 0.025709685677613756, 0.6822344190933579], [0.6681701789636451, 0.01749269742692254, 0.005120638311634368, 0.309216485297798], [0.8555952939306266, 0.055253774794576105, 0.02504646870011612, 0.06410446257468135], [0.21894037155569923, 0.12055116178855395, 0.15848702905993495, 0.5020214375958119], [0.6691057030900569, 0.06141962291767513, 0.014430335256981234, 0.2550443387352868], [0.6706890200973823, 0.05583841494181119, 0.0369412637771347, 0.23653130118367174], [0.7628018849323476, 0.10652423925760246, 0.0536040509667918, 0.07706982484325814], [0.11194827192003232, 0.42515943850059906, 0.027481644252590896, 0.4354106453267777], [0.5362019577426742, 0.34480438096595645, 0.05420082228446157, 0.06479283900690769], [0.33235337318539143, 0.014403745851954626, 0.08589201001145153, 0.5673508709512024], [0.8673251326829587, 0.10722730247162351, 0.010679023655520314, 0.014768541189897537], [0.08610194388393583, 0.05335540888103744, 0.5208065277642223, 0.3397361194708045], [0.6172455056579585, 0.25542874721467873, 0.10234336179235214, 0.0249823853350107], [0.3732017106226558, 0.0890006706857158, 0.4091412663993866, 0.12865635229224182], [0.014715440388296948, 0.060789920977812564, 0.022014376747709362, 0.9024802618861811], [0.1702728424018961, 0.4884859906959514, 0.024533560077794656, 0.3167076068243578], [0.04000772675587982, 0.685235569751437, 0.26466992614696006, 0.01008677734572329], [0.01778494641689587, 0.8395832892571153, 0.010893994603040042, 0.13173776972294887], [0.17985655900973002, 0.695024220681661, 0.10946643058937947, 0.015652789719229475], [0.18441557073198017, 0.03218710567821809, 0.0145021626931734, 0.7688951608966283], [0.38479654666711305, 0.09897995797268909, 0.03226675987539319, 0.48395673548480467], [0.7492241735481394, 0.1905426720337303, 0.031296325977870944, 0.0289368284402592], [0.06230161781426131, 0.07067608550886459, 0.6861694325464204, 0.18085286413045373], [0.1697812853758003, 0.11617181519519998, 0.1511053569420007, 0.562941542486999], [0.4025394626504418, 0.4784123588765132, 0.04971945441878653, 0.06932872405425829], [0.04530415713020199, 0.3481896864183954, 0.4957012430020333, 0.11080491344936931]]}}