{"test": {"ids": ["112117431", "97111790", "112116451", "108117610", "100113210", "110119030", "111116010", "111120640", "99108010", "110121170", "102112250", "113121410", "97108520", "98112170", "109115070", "101114020", "108114670", "111115910", "111119150", "100108260", "112120990", "97109570", "113122220", "105115680", "103111540", "108119510", "110118740", "105121190", "97116410", "97105451", "111120260", "106113360", "113119450", "102110750", "99108710", "109120540", "112117030", "104111531", "103109641", "112116401", "108113760", "112118161", "113120751", "104113190", "112120670", "109117431", "111116750", "100109311", "110118121", "100110260", "112118620", "110116290", "109114651", "109115220", "102113210", "107113550", "110114920", "105115250", "107118520", "98110810", "108120260", "100115700", "108116481", "112116800", "101109120", "101110740", "109119340", "113120591", "101114990", "100117420", "98107380", "110118630", "107114280", "106115250", "113120780", "103120290", "113120640", "112119500", "104113240", "112120640", "109119591", "109121410", "112121430", "98116090", "101108121", "113120531", "102110050", "113119300", "113120260", "110120640", "101111620", "112121010", "108114220", "104118340", "98120010", "105111990", "103113610", "106119990", "105120621", "100116790", "112116540", "102109910", "99107640", "99108580", "97106600", "98107410", "106112770", "98112580", "98110710", "105118171", "104116980", "100109890", "113119480", "110118161", "111117120", "102117351", "112117780", "110116501", "111120190", "105110251", "109121640", "107117630", "106114880", "110115250", "113117340", "111117480", "103111110", "113118820", "108115570", "99112840", "111116640", "98116500", "106114280", "102121440", "110121450", "99105921", "112120540", "113119360", "110120190", "113121810", "104114320", "108115500"], "labels": [0, 2, 0, 3, 0, 0, 1, 0, 2, 2, 0, 0, 2, 3, 0, 3, 3, 2, 3, 3, 2, 0, 1, 2, 1, 1, 3, 2, 3, 0, 3, 0, 3, 1, 2, 1, 2, 0, 1, 0, 1, 0, 1, 3, 2, 1, 3, 1, 3, 3, 3, 2, 3, 3, 3, 0, 3, 2, 2, 1, 1, 1, 0, 0, 1, 3, 3, 0, 3, 2, 1, 1, 3, 2, 0, 2, 0, 2, 2, 0, 0, 0, 2, 0, 0, 0, 3, 1, 3, 0, 3, 2, 3, 2, 2, 2, 2, 0, 1, 2, 1, 2, 1, 0, 3, 3, 1, 2, 2, 3, 1, 3, 3, 0, 2, 1, 0, 3, 3, 0, 0, 0, 0, 1, 2, 1, 3, 0, 3, 2, 0, 2, 3, 2, 3, 1, 3, 0, 3, 2, 2, 3], "predicted_labels": [3, 0, 0, 3, 0, 3, 0, 3, 1, 3, 3, 0, 3, 0, 1, 1, 1, 1, 1, 3, 0, 3, 1, 1, 3, 0, 0, 3, 0, 1, 2, 0, 3, 1, 1, 1, 1, 1, 1, 3, 1, 0, 1, 3, 3, 2, 0, 1, 1, 3, 0, 1, 1, 1, 3, 0, 1, 3, 0, 1, 1, 3, 0, 1, 0, 3, 3, 3, 1, 1, 2, 3, 1, 0, 1, 1, 3, 0, 0, 1, 3, 1, 1, 1, 3, 1, 2, 0, 1, 1, 1, 1, 0, 3, 2, 1, 2, 3, 1, 0, 3, 0, 3, 3, 1, 1, 2, 2, 2, 1, 1, 3, 3, 1, 3, 1, 0, 1, 3, 3, 0, 0, 1, 1, 3, 1, 1, 1, 3, 2, 1, 3, 1, 3, 1, 3, 0, 0, 3, 1, 0, 3], "confidence_scores": [[0.21495063819721044, 0.3147452693996724, 0.07563178670356745, 0.3946723056995499], [0.39236316657801795, 0.19263081971755008, 0.10200071712313007, 0.3130052965813019], [0.5687281299451397, 0.18271677555253185, 0.13051024518840856, 0.11804484931392004], [0.1678128349995525, 0.3041218120559908, 0.10628634854174752, 0.42177900440270927], [0.3589057520788748, 0.2516941238059802, 0.13793401485995258, 0.2514661092551927], [0.12190846266543356, 0.3126056861458111, 0.09833438849098948, 0.4671514626977658], [0.2943193291737389, 0.2931703233326335, 0.1577865012995698, 0.2547238461940579], [0.23173399353808824, 0.20101133569799973, 0.1286805226319981, 0.4385741481319138], [0.3485717626780297, 0.379629155338378, 0.0832218228204534, 0.18857725916313878], [0.18625420986502214, 0.16997361340955333, 0.07633532534248637, 0.5674368513829381], [0.3040253623734565, 0.14910044577699402, 0.1972231886249227, 0.3496510032246268], [0.3824970117575676, 0.30837942921251627, 0.06387411368650271, 0.24524944534341353], [0.23877881421031436, 0.2912594773525215, 0.11707498646264533, 0.3528867219745187], [0.45406603294536324, 0.08762882552203373, 0.13900876401008957, 0.31929637752251344], [0.2854211439350659, 0.3191369160739389, 0.18445730227348553, 0.2109846377175097], [0.20794168537163576, 0.3100838692114736, 0.21390544997959082, 0.2680689954372999], [0.13477044049748793, 0.5148448211270636, 0.11133544085390482, 0.2390492975215437], [0.2467923071207752, 0.34357672119602245, 0.1710177944077077, 0.23861317727549453], [0.18316445265942036, 0.3860384007917081, 0.12140433522293367, 0.309392811325938], [0.2215152107157834, 0.254831791403556, 0.2559317368272469, 0.2677212610534137], [0.4032218496758774, 0.28326874986846456, 0.08477393806367974, 0.2287354623919783], [0.2668664562062581, 0.2655517797165359, 0.15927059463760543, 0.3083111694396007], [0.18202361941312334, 0.3006787705245803, 0.2663810126578818, 0.2509165974044147], [0.110052640187635, 0.6254384958223863, 0.07495741133867084, 0.18955145265130785], [0.20042081848551005, 0.20118891582994675, 0.15720428020253616, 0.4411859854820071], [0.5121395225025173, 0.18779888337376646, 0.1069432183882917, 0.19311837573542456], [0.5138802835938087, 0.25744304940705315, 0.0991446506571425, 0.12953201634199585], [0.16347642465592568, 0.26637565246820166, 0.18871487406095458, 0.38143304881491813], [0.3077681986318787, 0.23635210476660554, 0.18483034703522072, 0.2710493495662952], [0.28313002836769796, 0.36429858961003725, 0.05751701856355567, 0.295054363458709], [0.2395239688151198, 0.24491622934511476, 0.2926563129671212, 0.22290348887264422], [0.5350885289412347, 0.26861994340394135, 0.06049667477169974, 0.13579485288312418], [0.13461804605435787, 0.3428976858944492, 0.171279605822808, 0.3512046622283849], [0.14854493624361811, 0.42194653984679303, 0.1695817688825327, 0.2599267550270562], [0.2597523397986489, 0.412539847786073, 0.1544646295087099, 0.17324318290656807], [0.2129224994598104, 0.37218258830708356, 0.17128885376788316, 0.24360605846522287], [0.24970028112988643, 0.3581885441263729, 0.12231329207133246, 0.2697978826724084], [0.2214116716655626, 0.3593436785225023, 0.10344089828585845, 0.31580375152607676], [0.1402346636879111, 0.5342922539922554, 0.07796871093524463, 0.24750437138458875], [0.22474921569829626, 0.18986881842366887, 0.11559251012918104, 0.46978945574885383], [0.10761636842027762, 0.5127371614290211, 0.15061027242033778, 0.22903619773036346], [0.3419143058486713, 0.2820190222066345, 0.09561017452463474, 0.28045649742005935], [0.19241501510954728, 0.33602741292884136, 0.19083431263432113, 0.28072325932729036], [0.23100814974523917, 0.12377882517312293, 0.287856384083321, 0.35735664099831704], [0.3030051202018652, 0.2588513716771869, 0.10351588092017067, 0.3346276272007773], [0.28086500872093434, 0.2564322592479693, 0.31370020402423726, 0.149002528006859], [0.3813276804279749, 0.15946666550457914, 0.1984772822504384, 0.26072837181700775], [0.2764783626245825, 0.45104102649386274, 0.06523118184962888, 0.2072494290319261], [0.09268807444822028, 0.7245808306395556, 0.035359078969129376, 0.14737201594309499], [0.22355748436172282, 0.2615847025144629, 0.13498370702001616, 0.3798741061037981], [0.30405684393300797, 0.23410197246960754, 0.22371259232266102, 0.23812859127472352], [0.26536839518218586, 0.3153724573579606, 0.19566162393811495, 0.22359752352173873], [0.3213048921077131, 0.3463824115734082, 0.06645571343247014, 0.2658569828864085], [0.27545656351144, 0.3808586520639989, 0.14395284347367143, 0.1997319409508898], [0.20509631999488492, 0.2771673782900197, 0.21815924761819716, 0.29957705409689844], [0.38621114787112654, 0.21802625506980813, 0.18588850273364269, 0.2098740943254228], [0.2522457256157414, 0.30524541549403117, 0.27793450480810683, 0.1645743540821207], [0.20218966960806295, 0.2974936881136659, 0.13504588792010588, 0.3652707543581654], [0.3324142856213598, 0.3312872167377251, 0.16680360157817786, 0.16949489606273738], [0.22496496820185616, 0.3610762178718881, 0.250374230239421, 0.16358458368683504], [0.23019789216819497, 0.3854589463571881, 0.10820363808573322, 0.2761395233888836], [0.23290046677959267, 0.23625654242299302, 0.11562935373601706, 0.41521363706139713], [0.3227771602371075, 0.3177795696041967, 0.06823613553101926, 0.2912071346276766], [0.14530989535140004, 0.514351339920766, 0.12008964112983855, 0.22024912359799562], [0.368885113562254, 0.2541012109272689, 0.1457708543565152, 0.23124282115396205], [0.21759035222731174, 0.25451852415027965, 0.187820711826811, 0.34007041179559766], [0.2422904979308227, 0.29278129340172954, 0.1520827216715948, 0.31284548699585296], [0.3123299518706021, 0.25430160397438767, 0.10169704022682131, 0.33167140392818906], [0.12026324147913765, 0.5058268627523231, 0.19316737864063677, 0.18074251712790254], [0.11765997030255373, 0.4300730616716811, 0.1169418254074161, 0.3353251426183492], [0.19386929956858673, 0.2946550507204248, 0.2959803134487272, 0.21549533626226114], [0.24206118998141676, 0.25924245811428387, 0.1264192527671546, 0.37227709913714485], [0.19508734539421146, 0.3485755841107086, 0.14548126431300704, 0.3108558061820729], [0.3232715131100931, 0.24260066505066039, 0.1278623563511639, 0.30626546548808264], [0.16829289143366308, 0.4526137816377808, 0.10191854953142589, 0.27717477739713026], [0.13338923398152644, 0.5077043465977076, 0.08686098792388916, 0.2720454314968767], [0.22188627314031165, 0.2880549872611694, 0.15205520138044543, 0.33800353821807344], [0.3538082469118646, 0.3431837095294346, 0.10089295362994584, 0.202115089928755], [0.37995854843999644, 0.32073437774730296, 0.11440996409423522, 0.18489710971846546], [0.2180056670498583, 0.3426982728711942, 0.11223615137745682, 0.3270599087014907], [0.20464315778872896, 0.2628326177470901, 0.22002962266682852, 0.3124946017973524], [0.2690802829908177, 0.3073057186062238, 0.1544111270112741, 0.26920287139168425], [0.21292068896087815, 0.405533977942357, 0.17795742042480628, 0.2035879126719587], [0.3116451810281635, 0.32001443594437856, 0.1231428046492698, 0.24519757837818823], [0.2895267010504717, 0.24583811299743127, 0.13236762987407438, 0.3322675560780226], [0.27419842996340227, 0.3599150130819792, 0.08572187884642456, 0.2801646781081941], [0.16883122573974982, 0.27406577155646256, 0.3788966084546322, 0.1782063942491556], [0.3465490666477235, 0.22708077747855596, 0.08074272489293725, 0.34562743098078313], [0.182937940054925, 0.4017104202549882, 0.1445029384412039, 0.2708487012488829], [0.2632948062450288, 0.40007302162717934, 0.1314131853222662, 0.20521898680552558], [0.19226448457663467, 0.3632383695198114, 0.11267782320596012, 0.33181932269759407], [0.11393474885941647, 0.4883450525055736, 0.2549588535626634, 0.14276134507234678], [0.45106387283404753, 0.1944551495080323, 0.10601519036154322, 0.24846578729637703], [0.17922374031084035, 0.15053005545320214, 0.07172084530635699, 0.5985253589296005], [0.1469881834518456, 0.25635706686102816, 0.3434632638539389, 0.25319148583318735], [0.18225648473370468, 0.43449253676570665, 0.12108121742204331, 0.2621697610785452], [0.25805747843276705, 0.18338973288472352, 0.36422495253784254, 0.19432783614466687], [0.3237584721493666, 0.1292903898117024, 0.07960274060240605, 0.4673483974365249], [0.31216467007851983, 0.3456522606363794, 0.08745828220681644, 0.25472478707828416], [0.3253055732764429, 0.2716852059976549, 0.1601693885042085, 0.24283983222169375], [0.13318365522233594, 0.31291314847022805, 0.06364403915222647, 0.4902591571552095], [0.34613600296598795, 0.14239075398851175, 0.2554629613625393, 0.25601028168296086], [0.23380189920749384, 0.2913253071034141, 0.165587097462003, 0.3092856962270891], [0.29991586557048894, 0.21737975661846332, 0.11545253818123498, 0.3672518396298127], [0.3495637076471182, 0.3781436542326766, 0.1011779872232398, 0.17111465089696531], [0.21730113112042795, 0.3530055318390333, 0.2060435564329974, 0.2236497806075415], [0.09609561702145136, 0.2878116428963404, 0.4695416643829015, 0.14655107569930656], [0.08008044446632008, 0.14566109488438794, 0.6648788128317682, 0.10937964781752371], [0.19816679279383495, 0.2483025418897445, 0.28550247038436055, 0.26802819493206004], [0.1478759839415371, 0.5026442440535472, 0.061619236149475135, 0.2878605358554407], [0.26325698963725697, 0.3366429640354717, 0.12631482266160673, 0.2737852236656646], [0.2984445828650428, 0.22059404723821885, 0.16187274924188036, 0.31908862065485816], [0.2282146006145695, 0.28390868499560695, 0.1002486519048918, 0.3876280624849318], [0.19697049513581102, 0.3878544048883203, 0.07705255369347123, 0.33812254628239735], [0.1517330527053333, 0.19754152934947478, 0.22557191389085549, 0.4251535040543365], [0.27562918110743445, 0.35341959184162053, 0.10024990586126134, 0.27070132118968376], [0.35559294375460865, 0.3193855886299638, 0.11245889341126633, 0.21256257420416128], [0.14738072594290988, 0.5029711002122126, 0.06507755323468652, 0.28457062061019106], [0.2179993130500371, 0.21420429109095332, 0.2487400619784273, 0.3190563338805823], [0.22624612239604872, 0.25746023078695457, 0.11421895975514339, 0.40207468706185334], [0.43866035089079464, 0.34693561158473885, 0.06592070936068482, 0.14848332816378174], [0.3340270795937783, 0.26739401426750453, 0.2350833823481052, 0.16349552379061186], [0.14497156291976443, 0.5717455792109216, 0.1115587541315379, 0.17172410373777605], [0.2144855589041529, 0.3922496216577887, 0.10785191958283616, 0.28541289985522206], [0.2621201743367743, 0.2691043675178329, 0.10482350763189946, 0.3639519505134934], [0.22518198610942783, 0.37811436441146956, 0.11434385201754045, 0.2823597974615621], [0.1972193472809681, 0.310156813037554, 0.19757659005853073, 0.2950472496229472], [0.1955220547898234, 0.5202021597991717, 0.11294335463110404, 0.17133243077990085], [0.16004144915817264, 0.30325526735813246, 0.2052770820451478, 0.3314262014385471], [0.09006619172415845, 0.18751637527356363, 0.3730278233567751, 0.34938960964550286], [0.19096137667869043, 0.43642896899945877, 0.12064382628817753, 0.25196582803367334], [0.2812405585984298, 0.2313651086817092, 0.19956466171199375, 0.28782967100786716], [0.2124101811436611, 0.47840727225806734, 0.11332622678674571, 0.1958563198115259], [0.2920902543158933, 0.1572601617812309, 0.13940308629156578, 0.41124649761131], [0.16493350419795533, 0.38595158936397683, 0.11999551446262356, 0.32911939197544415], [0.1905946527414068, 0.17284212364058307, 0.08544631458606586, 0.5511169090319443], [0.4043013555990294, 0.19777551999607756, 0.17167893767326053, 0.22624418673163255], [0.381551930169396, 0.22074034706514983, 0.07954104777478468, 0.31816667499066953], [0.17233990585251527, 0.24817145162658158, 0.08826720628377353, 0.4912214362371297], [0.31171298998572616, 0.3260057183880694, 0.18438490112574724, 0.17789639050045733], [0.6735225363489494, 0.09605162344521408, 0.08954378664783025, 0.14088205355800631], [0.1689313521136589, 0.30310455239301104, 0.14363137279024263, 0.3843327227030875]]}, "rewritten": {"ids": ["97105451", "97106600", "97108520", "97109570", "97111790", "97116410", "98107380", "98107410", "98110710", "98110810", "98112170", "98112580", "98116090", "98116500", "98120010", "99105921", "99107640", "99108010", "99108580", "99108710", "99112840", "100108260", "100109311", "100109890", "100110260", "100113210", "100115700", "100116790", "100117420", "101108121", "101109120", "101110740", "101111620", "101114020", "101114990", "102109910", "102110050", "102110750", "102112250", "102113210", "102117351", "102121440", "103109641", "103111110", "103111540", "103113610", "103120290", "104111531", "104113190", "104113240", "104114320", "104116980", "104118340", "105110251", "105111990", "105115250", "105115680", "105118171", "105120621", "105121190", "106112770", "106113360", "106114280", "106114880", "106115250", "106119990", "107113550", "107114280", "107117630", "107118520", "108113760", "108114220", "108114670", "108115500", "108115570", "108116481", "108117610", "108119510", "108120260", "109114651", "109115070", "109115220", "109117431", "109119340", "109119591", "109120540", "109121410", "109121640", "110114920", "110115250", "110116290", "110116501", "110118121", "110118161", "110118630", "110118740", "110119030", "110120190", "110120640", "110121170", "110121450", "111115910", "111116010", "111116640", "111116750", "111117120", "111117480", "111119150", "111120190", "111120260", "111120640", "112116401", "112116451", "112116540", "112116800", "112117030", "112117431", "112117780", "112118161", "112118620", "112119500", "112120540", "112120640", "112120670", "112120990", "112121010", "112121430", "113117340", "113118820", "113119300", "113119360", "113119450", "113119480", "113120260", "113120531", "113120591", "113120640", "113120751", "113120780", "113121410", "113121810", "113122220"], "labels": [0, 3, 2, 0, 2, 3, 1, 3, 2, 1, 3, 2, 0, 2, 2, 1, 1, 2, 0, 2, 2, 3, 1, 3, 3, 0, 1, 2, 2, 0, 1, 3, 3, 3, 3, 2, 3, 1, 0, 3, 1, 2, 1, 3, 1, 2, 2, 0, 3, 2, 2, 1, 2, 0, 2, 2, 2, 3, 1, 2, 1, 0, 3, 0, 2, 0, 0, 3, 0, 2, 1, 3, 3, 3, 3, 0, 3, 1, 1, 3, 0, 3, 1, 3, 0, 1, 0, 0, 3, 1, 2, 3, 3, 0, 1, 3, 0, 3, 0, 2, 3, 2, 1, 0, 3, 2, 1, 3, 3, 3, 0, 0, 0, 1, 0, 2, 0, 0, 0, 3, 2, 3, 0, 2, 2, 2, 2, 2, 0, 1, 0, 3, 3, 3, 0, 0, 0, 1, 0, 0, 2, 1], "predicted_labels": [1, 1, 3, 0, 3, 3, 3, 0, 1, 2, 0, 1, 3, 2, 0, 3, 3, 0, 1, 1, 2, 1, 0, 3, 0, 1, 3, 0, 3, 1, 2, 1, 3, 0, 1, 3, 1, 3, 0, 3, 1, 3, 1, 0, 3, 2, 1, 3, 3, 3, 1, 1, 3, 3, 1, 1, 0, 3, 0, 2, 1, 0, 0, 1, 1, 1, 3, 3, 0, 0, 3, 0, 1, 1, 3, 0, 3, 3, 3, 3, 1, 3, 0, 0, 1, 1, 1, 0, 1, 1, 1, 3, 1, 1, 1, 0, 1, 0, 1, 3, 1, 1, 3, 0, 3, 1, 1, 1, 0, 2, 1, 0, 3, 1, 1, 3, 3, 3, 0, 3, 3, 3, 1, 3, 0, 1, 0, 1, 1, 3, 3, 1, 3, 0, 1, 0, 3, 3, 1, 1, 1, 1], "confidence_scores": [[0.19599389713986465, 0.4569696427562602, 0.08280704012193627, 0.26422941998193883], [0.22065800946515154, 0.4002725505653084, 0.14436532377572028, 0.23470411619381967], [0.1903761762431656, 0.16103156590093706, 0.15181558635283535, 0.4967766715030621], [0.3137984727111512, 0.27156381529851353, 0.11996092779558333, 0.2946767841947522], [0.2983446640842668, 0.21469662934458955, 0.09179866104617047, 0.3951600455249733], [0.2174878151059794, 0.3087539047821197, 0.1464821263889043, 0.3272761537229965], [0.200700120928333, 0.2884690860444215, 0.19608487009572817, 0.3147459229315173], [0.5352430103827599, 0.22331633509567012, 0.07511326529088261, 0.16632738923068716], [0.23035862514252134, 0.3160798789279813, 0.18721652148106563, 0.26634497444843164], [0.17861635514666213, 0.26742764090457216, 0.28384512625406244, 0.2701108776947033], [0.39154469862011865, 0.11217438901039149, 0.16947637913831842, 0.3268045332311715], [0.15523755019814497, 0.34407494996762106, 0.2892305632076981, 0.21145693662653592], [0.1856933203034042, 0.18030169238691837, 0.20206355753451832, 0.43194142977515887], [0.23389487301653866, 0.1453258068391272, 0.3442330722479096, 0.2765462478964245], [0.350024904028835, 0.21508488710795395, 0.09460582356638325, 0.3402843852968277], [0.09871118196587442, 0.19160991960476043, 0.06060670399784654, 0.6490721944315188], [0.35285149259451587, 0.1269131078960111, 0.11581074630455306, 0.4044246532049201], [0.3611960296452396, 0.26906654329088725, 0.11997765160759226, 0.2497597754562811], [0.12226903452611676, 0.3906096096466974, 0.1745284240564544, 0.31259293177073144], [0.3231824312906387, 0.33412186541318406, 0.117258847513631, 0.22543685578254613], [0.11294274261206068, 0.2944542328235994, 0.4090489310869274, 0.1835540934774126], [0.23726175159513083, 0.5116722506553492, 0.06362130465172014, 0.18744469309779999], [0.340479210424747, 0.3262210774020189, 0.08236242573556173, 0.2509372864376722], [0.20032657839231316, 0.14757890165440984, 0.18658329983435862, 0.4655112201189184], [0.3400082274452761, 0.2310783936446458, 0.21227903472363255, 0.21663434418644537], [0.24145026241661677, 0.3230758893634557, 0.11829137601033479, 0.31718247220959284], [0.17772330096835665, 0.3102243335626081, 0.17144814233969058, 0.3406042231293447], [0.3830357997282353, 0.2347893432621739, 0.12398877500411143, 0.25818608200547927], [0.1530769778750963, 0.17858195822623749, 0.057134900852032856, 0.6112061630466334], [0.30604286482101556, 0.31105214779415863, 0.11863801634392004, 0.2642669710409058], [0.23447917080130107, 0.2494622299071286, 0.3272647002767705, 0.1887938990148], [0.22050718531135677, 0.41640768133464984, 0.12641261034525697, 0.23667252300873662], [0.19033732899021116, 0.17262337810328782, 0.09239844999340555, 0.5446408429130956], [0.32204434654088954, 0.22439464355928543, 0.15711661112884567, 0.2964443987709794], [0.13169132046018256, 0.49191443497040865, 0.14677921764068375, 0.2296150269287251], [0.2970939243203647, 0.17270199501216824, 0.2137901924303401, 0.31641388823712696], [0.31078841237794624, 0.36045824177501407, 0.08158469501662355, 0.2471686508304164], [0.2339791486664449, 0.2718501897989079, 0.12910721463422825, 0.3650634469004189], [0.3929506954081798, 0.1548514733075828, 0.17663226356376233, 0.27556556772047525], [0.18954915797465496, 0.1942653374569141, 0.12813582095863574, 0.48804968360979534], [0.2819471339619592, 0.363299874844178, 0.10293308016716722, 0.2518199110266957], [0.3257053354036091, 0.17432068870942513, 0.12441076799681997, 0.3755632078901459], [0.23126011474814406, 0.4266685946055693, 0.1095726358311227, 0.23249865481516413], [0.34844325938394055, 0.303232499521669, 0.16924136589289818, 0.17908287520149227], [0.23468481260677945, 0.16522211064285316, 0.08110803615629533, 0.5189850405940721], [0.14321534179229733, 0.11861091064894509, 0.5359425328986109, 0.20223121466014657], [0.13840800935213565, 0.403985647237405, 0.26289810173269973, 0.1947082416777596], [0.14429055946751562, 0.30715011995708824, 0.10353171596301167, 0.4450276046123846], [0.11759071493044099, 0.3766597622427731, 0.06421505473007491, 0.441534468096711], [0.2394424071690686, 0.28870260979493234, 0.17590578541190197, 0.2959491976240972], [0.3124538109644234, 0.32245989938782815, 0.1930558742875861, 0.17203041536016248], [0.12790751072561948, 0.5898969400603918, 0.10081136612768189, 0.1813841830863069], [0.15298707491448493, 0.15046674665793466, 0.16175368497571788, 0.5347924934518624], [0.22186630810984714, 0.2839446069308142, 0.11049820115549912, 0.38369088380383964], [0.11932832038686836, 0.35837884732101605, 0.2050924345543893, 0.3172003977377265], [0.10614295275693096, 0.46373666960797083, 0.10449609434604162, 0.3256242832890564], [0.309914963338941, 0.2010040599424385, 0.18763183099769948, 0.3014491457209213], [0.25124291656906195, 0.3304595257940827, 0.05932131113972341, 0.3589762464971322], [0.35647876834486264, 0.25662083275228, 0.09399350980688037, 0.292906889095977], [0.154974703930222, 0.1983656009074997, 0.3809182188922254, 0.26574147627005307], [0.24212970050753893, 0.3415277715279324, 0.1174501633226349, 0.2988923646418937], [0.41538264345575066, 0.24474156555171017, 0.19937716025307434, 0.14049863073946509], [0.45828374337166916, 0.1428982377703302, 0.1534774552372777, 0.24534056362072276], [0.1765047904782427, 0.5144626727182277, 0.1708973263721323, 0.13813521043139745], [0.18586769001643294, 0.4003150607814577, 0.10197640414190631, 0.31184084506020293], [0.18610592864831754, 0.4945011164017039, 0.07644691434736582, 0.24294604060261282], [0.3198929431715708, 0.21844661581262628, 0.12039478965977231, 0.34126565135603065], [0.2645881729821849, 0.2845425792560527, 0.12162745752122912, 0.3292417902405333], [0.47394096762343735, 0.2455922232398637, 0.09222216470190563, 0.18824464443479344], [0.4344456973770851, 0.34202017852084327, 0.10570707632264666, 0.11782704777942482], [0.1730796367681886, 0.3390217683115649, 0.10634809913949583, 0.3815504957807507], [0.399418052233167, 0.21673680089981073, 0.1355194337410175, 0.2483257131260047], [0.16351810850665122, 0.42354200038455025, 0.12605963711332352, 0.2868802539954751], [0.17809828849685552, 0.3117144276648702, 0.21824186293703102, 0.2919454209012434], [0.12110468505156714, 0.2890005025515757, 0.2540433554258057, 0.33585145697105145], [0.403509179153457, 0.20438895185101794, 0.07401961341981907, 0.318082255575706], [0.30604085171801865, 0.2537992768277109, 0.08569099865889593, 0.3544688727953747], [0.3140062555478097, 0.14056582943872398, 0.0996650842388445, 0.44576283077462187], [0.15037032986032112, 0.27776895833152, 0.09420796777055498, 0.47765274403760405], [0.29409468884133844, 0.27209443868925565, 0.13301531928672533, 0.3007955531826806], [0.10662496531102734, 0.595825252148837, 0.16416410671236822, 0.13338567582776745], [0.23803548156889187, 0.19443221798118068, 0.10458450586454272, 0.4629477945853846], [0.44103981913333695, 0.287877348140418, 0.06914144984181667, 0.20194138288442842], [0.40083564351176043, 0.16390706951249828, 0.10870998602252616, 0.3265473009532153], [0.27200191023470044, 0.33338692630024924, 0.19517005529305184, 0.19944110817199862], [0.09433821039155563, 0.7081151893882914, 0.06270160032662256, 0.13484499989353024], [0.25669053966175337, 0.32954128831102597, 0.1517836671449652, 0.26198450488225555], [0.5558700144273342, 0.18388983069485884, 0.05290610989652693, 0.20733404498128025], [0.19305459613197845, 0.3356342308844779, 0.16606757743806427, 0.30524359554547925], [0.18458756019168954, 0.4083599912787374, 0.12161900091033824, 0.285433447619235], [0.2471098642794022, 0.3542284389994707, 0.20321442450873517, 0.19544727221239205], [0.25550722492174005, 0.26055837268738613, 0.09134911600632467, 0.39258528638454915], [0.15066175294693038, 0.45540220486932553, 0.06940389728318623, 0.3245321449005579], [0.362550132284021, 0.3789699839419577, 0.07137315231208292, 0.1871067314619386], [0.18182194238038726, 0.520639336183765, 0.09433186233349597, 0.20320685910235203], [0.32071159446666014, 0.26673547572740236, 0.18163369949219418, 0.2309192303137434], [0.1561721409589479, 0.38006365757032207, 0.11177243872957357, 0.3519917627411565], [0.34044506292385707, 0.15567939223885838, 0.3261587380076244, 0.17771680682966032], [0.28622365649319176, 0.41905924966088626, 0.12296372707442464, 0.17175336677149722], [0.27346100704260334, 0.2298895126803322, 0.18768555143326188, 0.3089639288438026], [0.20906325380231178, 0.38137127942170745, 0.09227169253051673, 0.31729377424546423], [0.2306676934755939, 0.4121438159960757, 0.14992744799643482, 0.2072610425318955], [0.15746457521528873, 0.19642680475799146, 0.16671810661846265, 0.4793905134082573], [0.2845390709588594, 0.25901403115668353, 0.2717232304166708, 0.1847236674677863], [0.26256623068813895, 0.27310529868417305, 0.11332111379517991, 0.3510073568325082], [0.23655234231378447, 0.3533151858762593, 0.20599877054684224, 0.20413370126311406], [0.2176501797843605, 0.36217262242949566, 0.11994702130661447, 0.3002301764795293], [0.1393492111020218, 0.3982826657458476, 0.27982350017154817, 0.1825446229805827], [0.34766344908088437, 0.2260010533105891, 0.21833872492323214, 0.20799677268529446], [0.13246472187186834, 0.2106167503644961, 0.33560119944583355, 0.3213173283178021], [0.3146709083813049, 0.32619520191819495, 0.11907307790820221, 0.240060811792298], [0.4655610198148901, 0.15306673392819276, 0.07532181041548906, 0.3060504358414281], [0.2079922903032285, 0.28896787984975136, 0.08497302200359937, 0.4180668078434209], [0.18338939679426053, 0.438325665751367, 0.16098082777433428, 0.21730410968003824], [0.1689849492639211, 0.4291745868845499, 0.1658259774631761, 0.23601448638835296], [0.3191413376040674, 0.2828939502691369, 0.06487524411615395, 0.33308946801064193], [0.23571248389632202, 0.2826646942487966, 0.08754867621504932, 0.3940741456398321], [0.2207615568946633, 0.29992727164635974, 0.11723118796232447, 0.3620799834966525], [0.4584185217679998, 0.27677191365097004, 0.11777284434197226, 0.1470367202390579], [0.3149335929309281, 0.217875292970859, 0.07314127086693788, 0.3940498432312751], [0.10730934940526304, 0.18270815261011322, 0.11602795671783774, 0.593954541266786], [0.20226367854056757, 0.30404912136507134, 0.10907062644896612, 0.38461657364539503], [0.24696880061304918, 0.40066069215561584, 0.12104226236234494, 0.23132824486899023], [0.23949353735730153, 0.3219140675853203, 0.10147591416179708, 0.33711648089558105], [0.4724526052956271, 0.15187947403447888, 0.1274524902425642, 0.24821543042732971], [0.18644648112118506, 0.3406330122368302, 0.2001293719640744, 0.2727911346779104], [0.337303611945396, 0.29693216225756686, 0.18406825178149996, 0.18169597401553733], [0.14270899968220466, 0.42626887718022144, 0.10725441278661667, 0.3237677103509572], [0.2458205711227955, 0.30284793516821906, 0.2029865301522345, 0.2483449635567509], [0.18390620362190355, 0.260452879353623, 0.12928938700195144, 0.4263515300225221], [0.29541547016100883, 0.21980140702930387, 0.1287768467262578, 0.3560062760834296], [0.26029522251766884, 0.36275607056263964, 0.20695518409078292, 0.16999352282890884], [0.23958336559459556, 0.21432786699321352, 0.09132790855534248, 0.45476085885684847], [0.4078316993321648, 0.27688951714148463, 0.1286201334117392, 0.18665865011461139], [0.3401785288650731, 0.3421125153025539, 0.10013002090736986, 0.21757893492500294], [0.40410176117631313, 0.2805216049748031, 0.08497809079743548, 0.23039854305144827], [0.1464373700570637, 0.3559824586984161, 0.13172316266642645, 0.36585700857809383], [0.30706696337746675, 0.3001230677353452, 0.08521459726615717, 0.30759537162103096], [0.19335930423397557, 0.37336496946509945, 0.10228015314098873, 0.3309955731599362], [0.30795725456446094, 0.32445619519650276, 0.10704030651668145, 0.26054624372235496], [0.19259417186521402, 0.4126960370015101, 0.11034047291500852, 0.28436931821826733], [0.15453988878247843, 0.5283760440186782, 0.15352784340125594, 0.16355622379758736]]}}