{"test": {"ids": ["103113260", "112116540", "105113620", "110117080", "102110850", "98109090", "110115580", "98117740", "105116980", "101111140", "112117471", "111119930", "108117451", "113118421", "98112580", "113118690", "112117660", "101111990", "98112170", "97114170", "100109910", "109120540", "111120220", "108113480", "109120560", "112117780", "112118860", "109115380", "102113350", "106111321", "98107380", "110118301", "105112130", "102112301", "97106600", "108118630", "112118890", "100107920", "111121410", "113120780", "103110220", "108117610", "106118820", "108114220", "113119930", "100109360", "97116401", "97110950", "98119591", "113120540", "99108330", "111115780", "113118630", "105120280", "100111080", "107114321", "106114011", "109118231", "107118780", "98111670", "100109801", "97113900", "104114230", "100108990", "112119980", "108115870", "113120751", "101112160", "108116070", "100116790", "99121440", "103117461", "109117110", "113122170", "102110750", "102109910", "98110230", "109120621", "112117431", "104114410", "110114920", "104116980", "112120990", "113119340", "97107950", "106121220", "99107640", "101108580", "98111620", "104111380", "109120150", "100116500", "102110240", "106116850", "109116930", "110114950", "110115140", "104113210", "112116810", "110115890", "105115900", "108114270", "105112100", "103111170", "100108580", "109117600", "102108621", "103113210", "103111990", "98108520", "111115910", "107121640", "110120560", "109114220", "113118620", "110120700", "112118930", "97108520", "104111830", "106120290", "102121700", "112116880", "105110251", "113118820", "101110740", "107114200", "102111990", "101111310", "106117770", "110120190", "109113881", "113118231", "112116401", "101119591", "103110760", "112118421", "112116610", "99108460", "106116120", "106115250", "112120630", "105116441"], "labels": [3, 1, 0, 1, 3, 1, 1, 2, 0, 2, 3, 1, 2, 3, 2, 3, 0, 2, 3, 2, 2, 1, 3, 0, 1, 0, 3, 3, 3, 0, 1, 1, 1, 1, 3, 1, 3, 0, 0, 0, 2, 3, 3, 3, 1, 0, 3, 3, 1, 3, 1, 1, 3, 3, 0, 0, 1, 1, 1, 1, 0, 2, 2, 2, 0, 3, 1, 3, 1, 2, 2, 0, 1, 1, 1, 2, 3, 1, 0, 1, 3, 1, 2, 0, 2, 1, 1, 0, 3, 3, 2, 2, 3, 3, 0, 0, 0, 3, 3, 2, 3, 3, 1, 2, 0, 1, 3, 3, 2, 2, 2, 1, 0, 3, 3, 2, 1, 2, 3, 2, 1, 0, 0, 0, 3, 2, 2, 3, 0, 3, 0, 3, 0, 0, 1, 3, 1, 0, 1, 2, 3, 1], "predicted_labels": [0, 1, 0, 3, 1, 3, 0, 3, 0, 0, 3, 0, 0, 0, 3, 1, 3, 1, 0, 3, 2, 1, 0, 0, 1, 0, 2, 3, 3, 1, 1, 3, 2, 3, 1, 1, 0, 0, 3, 3, 2, 3, 3, 0, 3, 3, 3, 3, 2, 2, 1, 0, 0, 3, 2, 1, 0, 1, 0, 2, 1, 3, 3, 3, 3, 3, 1, 3, 0, 2, 1, 3, 1, 0, 1, 0, 1, 0, 0, 0, 0, 2, 1, 1, 1, 0, 3, 0, 2, 1, 2, 3, 2, 0, 2, 1, 3, 3, 2, 3, 0, 3, 0, 2, 2, 0, 3, 1, 1, 1, 1, 0, 2, 0, 1, 1, 3, 2, 1, 2, 1, 1, 3, 0, 1, 1, 1, 0, 2, 3, 3, 1, 0, 0, 0, 0, 0, 3, 1, 1, 3, 0], "confidence_scores": [[0.5991734987222098, 0.27297260541687624, 0.001203840467333705, 0.12665005539358015], [0.13754346205244447, 0.8615423401849174, 0.0006509890578963198, 0.0002632087047419072], [0.6507105599730694, 0.08710314099243832, 0.08541777565377805, 0.17676852338071414], [0.11019592778457263, 0.04784100660275176, 0.03058716713328523, 0.8113758984793904], [0.08760432629999386, 0.8234716860992591, 0.0733227433170802, 0.015601244283666719], [0.08129001337467873, 0.053443896599201526, 0.35714103535468117, 0.5081250546714386], [0.583055924729207, 0.07153104710947689, 0.013548139073578743, 0.3318648890877374], [0.414024236253774, 0.0007792568965765441, 0.024864106769115376, 0.5603324000805341], [0.6783918385976253, 0.18213394681264447, 0.02680181509534968, 0.11267239949438056], [0.8155484668543167, 0.008635626138308278, 0.008623376251484901, 0.1671925307558901], [0.035660365728188814, 0.006296593267328573, 0.0031054727300566455, 0.9549375682744259], [0.7424147946613181, 0.1909282425442914, 0.06078468899749856, 0.0058722737968920444], [0.9285703413991456, 0.00023194180334288288, 2.6618598450603846e-05, 0.0711710981990608], [0.9547802669788712, 0.000820989443907591, 0.000177285639278304, 0.044221457937942896], [0.0011276588796982864, 0.14654491606886336, 0.09571607486472192, 0.7566113501867164], [0.033489256143102705, 0.9574717326974035, 0.0032601996411881105, 0.005778811518305735], [0.3559358497709361, 0.0021908556819673804, 0.0032110174633883676, 0.6386622770837083], [0.12490968683657215, 0.5643571815667661, 0.26560631273292096, 0.0451268188637408], [0.4762051098815254, 0.08356574960755919, 0.002846982040665651, 0.43738215847024975], [0.024586297526689786, 0.4087313784780069, 0.1348358181163558, 0.4318465058789475], [0.12208219123306754, 0.002722479125753585, 0.8524487042074638, 0.022746625433715043], [6.913258063970022e-06, 0.9944887364307341, 0.0002904255245166041, 0.005213924786685286], [0.8230501705234672, 0.17507239099354596, 0.0003741193764249916, 0.0015033191065617075], [0.7459065348618744, 0.09127609558592968, 0.04199370195299075, 0.12082366759920535], [0.02596910276694402, 0.5991417275367151, 0.17166322089762368, 0.20322594879871728], [0.6358102793290363, 0.20475189302951322, 0.036178200956529516, 0.12325962668492105], [0.18371910934198202, 0.18659586380326562, 0.5597239139952469, 0.06996111285950542], [0.001569995049261326, 0.06511590431080196, 0.011209479321912718, 0.9221046213180241], [0.1617011484818144, 0.11257613537410353, 0.1504683816622343, 0.5752543344818477], [0.4368003523630819, 0.5613381320797921, 0.0014800536431736214, 0.0003814619139523587], [0.09467019675490465, 0.45831602873404986, 0.2062474578846472, 0.24076631662639825], [0.09698749534450965, 0.28940772647114477, 0.08236235999309022, 0.5312424181912553], [0.007826282244490435, 0.1441991813372765, 0.8031269486183684, 0.044847587799864634], [0.4106612561524089, 0.07156428524426056, 0.007301195905880549, 0.51047326269745], [0.16815659279409692, 0.6462549866496833, 0.16895994221179722, 0.016628478344422624], [0.04349215395667853, 0.5657149535229361, 0.3742898963247137, 0.01650299619567166], [0.9466919669103031, 0.005980282178149503, 0.004887869556606252, 0.04243988135494117], [0.6880025699328363, 0.030614697762905863, 0.0005629016996002005, 0.28081983060465765], [0.11237685167748213, 0.00018901970262983337, 0.2968052681830836, 0.5906288604368044], [0.00782521117780532, 0.10447698635072707, 0.008744794816275962, 0.8789530076551917], [0.05214974926737499, 0.028094701504012512, 0.5309447290501339, 0.3888108201784786], [0.18763181206197432, 0.003714385786540287, 0.0015543688279037863, 0.8070994333235816], [0.09279471924987621, 0.001375024055805017, 1.4396344550666783e-05, 0.9058158603497681], [0.9364187054246219, 0.03533263680219603, 0.02607201893134308, 0.0021766388418390597], [0.0068626284347826525, 0.3832743457483686, 0.02850482060983303, 0.5813582052070158], [0.003252815530467609, 0.06000793795329326, 0.11101341498093435, 0.8257258315353047], [0.001013565403351089, 0.10601993906974062, 0.05276314045760287, 0.8402033550693053], [0.06665815158122912, 0.01701756843855652, 0.0013171639679874366, 0.9150071160122268], [0.00010401763520374596, 0.004644246754273537, 0.994748493408351, 0.0005032422021715502], [0.22982416876665201, 0.35678540448768337, 0.39131058925485207, 0.022079837490812552], [0.15480583348500782, 0.6363999078988266, 0.2067670583529629, 0.0020272002632025967], [0.9616934770092153, 0.03012375942052475, 0.0027940894572892317, 0.005388674112970883], [0.6559587663325253, 0.10048184148050411, 0.01802739433535277, 0.2255319978516179], [0.004151250947610909, 0.21796745291839717, 0.21147960074453706, 0.5664016953894548], [0.00855164219454324, 0.2646553584159646, 0.5165559659456465, 0.2102370334438457], [0.0015337054732616072, 0.9952602413732324, 0.0001105928901032842, 0.0030954602634025814], [0.7466742851124958, 0.08846241277492284, 0.10793677778401554, 0.056926524328565896], [0.21721358962171092, 0.49665684846031377, 0.0015436761743724003, 0.28458588574360294], [0.866996202068532, 0.10373452110987637, 0.003914102864488673, 0.025355173957102902], [0.005621863743307906, 0.03543323951452442, 0.5599128964219128, 0.3990320003202549], [0.0040713676755825285, 0.8320720444844933, 0.020278417031812226, 0.14357817080811186], [0.05734891454355058, 0.03921489916037005, 0.2143543285427785, 0.689081857753301], [0.007035606810198935, 0.11916200513405222, 0.23316760658561664, 0.6406347814701322], [0.07738316516547905, 0.3975194040466635, 0.011476224014518843, 0.5136212067733387], [0.02336900438967148, 0.005243386465177206, 0.0015992847577547605, 0.9697883243873966], [0.4028981518781303, 0.16305866068640554, 0.016010908916507246, 0.41803227851895697], [0.31551659658673137, 0.3765175678684606, 0.28994317631856814, 0.01802265922623992], [7.355254080250738e-05, 0.004938074917617341, 0.44222424823568324, 0.5527641243058969], [0.5890958447750716, 0.3561441398669501, 0.04972671369040913, 0.0050333016675691835], [0.15368709900521307, 0.24934297050619006, 0.5958563833178832, 0.0011135471707136952], [0.0003188212822659839, 0.564468920377317, 0.4330363768846709, 0.0021758814557461975], [0.01306782595743332, 0.1112705948931853, 0.027476032431271905, 0.8481855467181095], [0.4060893086806433, 0.44396366319436936, 0.07341638809097871, 0.07653064003400857], [0.6648502435691043, 0.185142552254381, 0.07107912089819654, 0.07892808327831818], [0.02371903369281458, 0.8022609803786432, 0.17392525165481743, 9.473427372478723e-05], [0.8196331285318686, 0.01671337489771834, 0.04558893214703002, 0.11806456442338306], [0.008209235690419685, 0.984529697892155, 0.0002585748072919709, 0.007002491610133116], [0.6446042556656152, 0.016439519497964534, 0.00014654418011956138, 0.33880968065630074], [0.9862834580416467, 0.001388374737260959, 0.005014991979462031, 0.007313175241630487], [0.5272951399023093, 0.05686167804082924, 0.009832850721866921, 0.4060103313349945], [0.6186586599268331, 0.2995437884409843, 0.020724140032759894, 0.061073411599422825], [0.023270633488414374, 0.3627116569495923, 0.5578561978164054, 0.05616151174558787], [0.001686086163389918, 0.9978625613437732, 0.0002250413567167345, 0.00022631113612012302], [0.3623584998777426, 0.6254738050079173, 0.000689013263141784, 0.011478681851198514], [0.007245907668806877, 0.5878272921557905, 0.3185765798456708, 0.08635022032973173], [0.9538305441016399, 0.0032624563733896147, 0.002671036885733038, 0.040235962639237566], [0.2198132007260933, 0.16002697735224714, 0.024479948714993496, 0.5956798732066662], [0.7770163992695732, 0.0004714175662376712, 0.01877841528783553, 0.20373376787635367], [0.0016738919997312605, 0.0038816609385062734, 0.9648992240761444, 0.029545222985618173], [0.029639304268636663, 0.8101730987639212, 0.15897812465000893, 0.0012094723174333217], [0.11345590505885411, 0.03827511269657283, 0.7755580933113986, 0.07271088893317447], [0.001892366588299419, 0.18006059643245964, 0.04957518847480229, 0.7684718485044387], [0.03300694493240076, 0.002691981182825543, 0.9635355543028261, 0.0007655195819476898], [0.4832900404521097, 0.007265891635624548, 0.16905659879980992, 0.34038746911245593], [0.10178156969541971, 0.00026701272991709596, 0.8738153337575374, 0.02413608381712575], [0.137982546100188, 0.699656088030085, 0.03571275955221357, 0.12664860631751326], [0.10801741904825099, 0.2173109858133543, 0.17674642972353388, 0.49792516541486076], [0.00312009621037374, 5.843342486787127e-05, 8.668473726471252e-05, 0.9967347856274937], [0.0006914246091133292, 0.015845481881490327, 0.9779515841416656, 0.005511509367730783], [0.040206316683668045, 0.2844592536908305, 0.03734306730659832, 0.6379913623189031], [0.9480433866593028, 0.006372890931188376, 0.01897607451742594, 0.026607647892082847], [0.061863087009917224, 0.09984382215957106, 0.0013845612332599262, 0.8369085295972517], [0.6927903024820284, 0.22019412967461305, 0.03577936722501514, 0.051236200618343546], [0.07817413125009677, 0.37681932669091495, 0.538671611214168, 0.006334930844820377], [0.0013925743588831694, 0.37339774041284884, 0.5993499368423695, 0.025859748385898433], [0.8807571521321416, 0.024295720238848264, 0.07854870964056593, 0.016398417988444235], [0.05133651596093049, 0.11284615341633475, 0.00029447717662857756, 0.8355228534461062], [0.012576796173921056, 0.9406311868620701, 0.045686267326510016, 0.0011057496374988099], [0.0015131807745414117, 0.9978494954136997, 5.663433646679728e-06, 0.0006316603781122999], [0.08250008876446109, 0.8504474036576429, 0.0032414740427851273, 0.06381103353511088], [0.0017431661048231187, 0.9878234007611513, 0.008567258558886433, 0.0018661745751392413], [0.8045861417449737, 0.10812131299076243, 0.07217567505193885, 0.015116870212325044], [0.07913006639371238, 0.19025026359308128, 0.7054902214681339, 0.025129448545072434], [0.995130371354538, 0.0009225221224732945, 0.0006554414696356053, 0.003291665053353408], [0.006114538154308798, 0.9923194656033034, 0.00013585968670159015, 0.0014301365556861445], [0.37708174673268646, 0.4740054336541558, 0.13538922279475502, 0.013523596818402482], [0.12365503418472074, 0.17297773459894888, 0.01908197961749614, 0.6842852515988341], [0.24326711946598115, 0.001576234342984228, 0.751784340146943, 0.0033723060440916334], [0.031120969507771913, 0.6123512479075475, 0.29126420206952225, 0.06526358051515833], [0.02845885358855159, 0.2898858386308302, 0.6707781268800578, 0.010877180900560553], [0.22990879916183887, 0.7199891042373285, 0.01909218431434546, 0.031009912286487137], [0.08279469976125528, 0.835490097343335, 0.08043121267755313, 0.0012839902178565271], [0.0012748925236070214, 0.05371893815578911, 0.05226680629599778, 0.8927393630246062], [0.9166626577997823, 0.028223982194269307, 0.025711798756753588, 0.029401561249194904], [0.00013281252680609663, 0.504747872641576, 0.48969285948302144, 0.005426455348596457], [0.04747848594254022, 0.911342777729313, 0.002501955203750884, 0.038676781124395786], [0.1379901153261518, 0.5110851962819998, 0.3436896577225283, 0.0072350306693200715], [0.545373746853582, 0.025339473126215272, 0.42260394052025546, 0.006682839499947378], [0.07966686054777175, 0.024671435432446674, 0.597796608109468, 0.29786509591031357], [0.02231980864428397, 0.1600778829912003, 0.00010040363886676496, 0.8175019047256489], [0.03852797586480329, 0.009840084175608584, 0.001101514222555802, 0.9505304257370324], [0.06967387703852401, 0.9294250870739439, 0.00023689194546493196, 0.0006641439420672514], [0.9858969262776578, 0.00014093645232852902, 0.0001513098288850935, 0.013810827441128595], [0.884255870783338, 0.10602397358366958, 0.006258794849344272, 0.0034613607836481925], [0.9730597514278089, 0.02559082131883623, 0.0008526248258906897, 0.000496802427464121], [0.9879375075615225, 0.0033824442724242586, 0.001623220476915062, 0.0070568276891380686], [0.8111418545902298, 0.06156415199787067, 0.08200666563235792, 0.04528732777954165], [0.000302109086665807, 0.349181067512391, 0.00012438872388621626, 0.6503924346770571], [0.3069926144031342, 0.5315162747740954, 0.006341781078355508, 0.1551493297444149], [0.015778592908388046, 0.5069541097589958, 0.47073197050112214, 0.006535326831494085], [0.0002517403253136942, 0.1003690665227477, 0.0001008858839410233, 0.8992783072679975], [0.8382160991300669, 0.14320858664278097, 0.016514457185488902, 0.0020608570416631115]]}, "rewritten": {"ids": ["97106600", "97107950", "97108520", "97110950", "97113900", "97114170", "97116401", "98107380", "98108520", "98109090", "98110230", "98111620", "98111670", "98112170", "98112580", "98117740", "98119591", "99107640", "99108330", "99108460", "99121440", "100107920", "100108580", "100108990", "100109360", "100109801", "100109910", "100111080", "100116500", "100116790", "101108580", "101110740", "101111140", "101111310", "101111990", "101112160", "101119591", "102108621", "102109910", "102110240", "102110750", "102110850", "102111990", "102112301", "102113350", "102121700", "103110220", "103110760", "103111170", "103111990", "103113210", "103113260", "103117461", "104111380", "104111830", "104113210", "104114230", "104114410", "104116980", "105110251", "105112100", "105112130", "105113620", "105115900", "105116441", "105116980", "105120280", "106111321", "106114011", "106115250", "106116120", "106116850", "106117770", "106118820", "106120290", "106121220", "107114200", "107114321", "107118780", "107121640", "108113480", "108114220", "108114270", "108115870", "108116070", "108117451", "108117610", "108118630", "109113881", "109114220", "109115380", "109116930", "109117110", "109117600", "109118231", "109120150", "109120540", "109120560", "109120621", "110114920", "110114950", "110115140", "110115580", "110115890", "110117080", "110118301", "110120190", "110120560", "110120700", "111115780", "111115910", "111119930", "111120220", "111121410", "112116401", "112116540", "112116610", "112116810", "112116880", "112117431", "112117471", "112117660", "112117780", "112118421", "112118860", "112118890", "112118930", "112119980", "112120630", "112120990", "113118231", "113118421", "113118620", "113118630", "113118690", "113118820", "113119340", "113119930", "113120540", "113120751", "113120780", "113122170"], "labels": [3, 2, 2, 3, 2, 2, 3, 1, 2, 1, 3, 3, 1, 3, 2, 2, 1, 1, 1, 0, 2, 0, 0, 2, 0, 0, 2, 0, 2, 2, 0, 3, 2, 3, 2, 3, 0, 3, 2, 3, 1, 3, 2, 1, 3, 1, 2, 1, 2, 2, 3, 3, 0, 3, 3, 3, 2, 1, 1, 0, 1, 1, 0, 3, 1, 0, 3, 0, 1, 2, 1, 3, 0, 3, 2, 1, 2, 0, 1, 1, 0, 3, 3, 3, 1, 2, 3, 1, 0, 3, 3, 0, 1, 1, 1, 2, 1, 1, 1, 3, 0, 0, 1, 2, 1, 1, 3, 0, 2, 1, 2, 1, 3, 0, 0, 1, 1, 3, 0, 0, 3, 0, 0, 3, 3, 3, 1, 0, 3, 2, 3, 3, 3, 3, 3, 0, 0, 1, 3, 1, 0, 1], "predicted_labels": [2, 3, 2, 3, 2, 1, 2, 3, 1, 2, 1, 2, 3, 1, 1, 3, 2, 3, 1, 3, 1, 3, 2, 3, 2, 1, 2, 1, 2, 1, 2, 1, 0, 0, 1, 2, 0, 3, 3, 2, 1, 1, 2, 3, 3, 1, 3, 0, 2, 1, 2, 1, 1, 2, 3, 3, 3, 0, 2, 1, 0, 1, 3, 2, 1, 1, 3, 1, 1, 1, 1, 3, 0, 3, 2, 0, 1, 1, 1, 2, 0, 1, 3, 3, 2, 0, 3, 1, 3, 0, 3, 2, 0, 0, 1, 2, 2, 3, 1, 0, 0, 3, 3, 1, 3, 1, 3, 2, 1, 0, 1, 0, 0, 1, 0, 1, 0, 2, 1, 1, 1, 0, 0, 0, 0, 1, 1, 3, 1, 1, 1, 0, 1, 0, 1, 0, 1, 1, 0, 1, 3, 1], "confidence_scores": [[0.012758159448791764, 0.14782047520055439, 0.8065097143344074, 0.032911651016246414], [0.0024253354724733593, 0.07128609028874111, 0.27904826780935293, 0.6472403064294325], [0.017518489070218867, 0.038531375891204714, 0.8410511958155212, 0.10289893922305522], [0.05468685689246343, 0.016798761584462106, 0.0008350919003905214, 0.9276792896226839], [0.020157651453934358, 0.1055298839907159, 0.5395502414645865, 0.33476222309076326], [0.014920693287534665, 0.5347075943789359, 0.34870019936628655, 0.10167151296724286], [0.0001200413159907564, 0.3705999446618768, 0.6141134088068072, 0.015166605215325304], [0.06343630094213346, 0.04405449728180964, 0.1069524867602813, 0.7855567150157755], [0.11968949664837812, 0.6899060726879936, 0.008325648563553348, 0.182078782100075], [0.0052996283900127155, 0.016087369157521184, 0.950108355866305, 0.02850464658616111], [0.00075543829648821, 0.9466792090953641, 0.0034375216599158123, 0.04912783094823191], [0.01192439715953089, 0.08335474279825342, 0.8476055306509882, 0.05711532939122741], [0.001928030418268143, 0.04343087664983864, 0.21501078379832136, 0.7396303091335719], [0.04511452971208981, 0.7301957212610377, 0.025345994398604646, 0.19934375462826803], [0.022442680272049587, 0.7087215699658547, 0.1957851790013733, 0.07305057076072245], [0.11972119529663666, 0.04777117334724936, 0.07952905168524499, 0.752978579670869], [0.002615006920462227, 0.07376430077962394, 0.9178898677761723, 0.005730824523741433], [0.00040691937284530823, 0.022780703574825093, 0.04000240808262252, 0.9368099689697071], [0.05754375667283962, 0.9081689874844239, 0.026291212190411042, 0.007996043652325483], [6.634945398291188e-06, 0.09571942509260338, 0.00025184580778380073, 0.9040220941542144], [2.445065435965439e-05, 0.992920379627086, 0.006926821327665494, 0.00012834839088911914], [0.1299535975248667, 0.006406688061109171, 0.004974670958521834, 0.8586650434555022], [0.00028778609198716333, 0.038605677842123994, 0.9590709003223018, 0.002035635743587067], [0.0018223291102369308, 0.09906284921205046, 0.0028078830097266584, 0.8963069386679859], [0.002495619874427047, 0.044024700452726676, 0.7816731804363333, 0.17180649923651314], [0.001842137701847322, 0.8937594783764237, 0.017527949793945716, 0.08687043412778346], [0.001577140958182931, 0.0008564150542292691, 0.9967328095347735, 0.000833634452814288], [0.0007074017689559179, 0.8288332655121922, 0.16659475167985216, 0.003864581038999737], [0.0002750306352456629, 0.09614602574056852, 0.8819095412589157, 0.021669402365270044], [0.036388397497100225, 0.8042855583239823, 0.13113792821167425, 0.028188115967243316], [0.2376488310874003, 0.005189989857313115, 0.4389968835978081, 0.3181642954574786], [0.00010896991407031642, 0.8441606001567644, 0.11569150972824423, 0.040038920200921174], [0.5737597125232984, 0.013351958741101826, 0.23644330975996974, 0.17644501897563017], [0.7733787330441999, 0.018195947931460496, 0.20179822848172166, 0.006627090542617967], [0.06736334394837526, 0.4868914940347337, 0.4186072866845007, 0.027137875332390572], [0.0003388866220021916, 0.27067116283843196, 0.5311016893227473, 0.19788826121681868], [0.6961902965468881, 0.03688563163432749, 0.17982991516333918, 0.08709415665544501], [0.3719319060972758, 0.056923664228873905, 0.02568268261428833, 0.5454617470595621], [0.1843684751983334, 0.29063575410592796, 0.23433003616209694, 0.2906657345336417], [0.014225128288891374, 0.002721554096306526, 0.9805637490779927, 0.0024895685368094204], [0.030232174792157993, 0.7569010230529142, 0.21273708778738107, 0.00012971436754670348], [0.06385939190494572, 0.8274148651138159, 0.031091591044983626, 0.07763415193625485], [0.022706267055757123, 0.04333403423756511, 0.6763654806932863, 0.25759421801339155], [0.05189058333444929, 0.05198958662772574, 0.045246265438166205, 0.8508735645996587], [0.028400642017387494, 0.17079170050147768, 0.0245681549377167, 0.7762395025434181], [0.18200055144327237, 0.800360886837249, 0.009052906716811759, 0.008585655002666935], [0.020712068818779922, 0.1531938405939695, 0.21853489126671244, 0.6075591993205381], [0.8224899103617827, 0.1690060126249676, 0.004361527504530642, 0.004142549508719057], [0.12959656514759701, 0.293225885598772, 0.39228769523247303, 0.18488985402115782], [0.015706356193471573, 0.9831806966035667, 0.0008699472085109984, 0.00024299999445068888], [0.004201151231559099, 0.4706143175276798, 0.5217638855447914, 0.0034206456959698516], [0.006048604105319553, 0.8175821794375607, 0.007594080060727308, 0.1687751363963925], [0.02007724595209047, 0.673173478552712, 0.049678780207154466, 0.257070495288043], [0.07242217104109722, 0.4295198702184378, 0.4837590396324925, 0.014298919107972626], [0.01777134518517609, 0.014783595680279317, 0.09620686562133124, 0.8712381935132134], [0.05263345755358834, 0.01682023376554123, 0.03054018463810794, 0.9000061240427625], [0.007523939041042149, 0.28641830422274495, 0.2011040163123373, 0.5049537404238755], [0.8996798300073701, 0.014248592885710157, 0.004310730297295152, 0.08176084680962457], [0.002620823489241091, 0.059194109744736205, 0.9337794552765216, 0.0044056114895011595], [0.000246318401047447, 0.4604387542458044, 0.11331309671718744, 0.4260018306359607], [0.3864751593333515, 0.16782233754812115, 0.09539884677581145, 0.3503036563427159], [0.001574803953953496, 0.5599132359302467, 0.10610109815587535, 0.3324108619599245], [0.0032898810777065215, 0.17744893003426604, 0.31093841055550936, 0.5083227783325182], [0.3798131626516606, 0.01083940647493066, 0.562605400611024, 0.046742030262384736], [0.03959374045415417, 0.9519079983232714, 0.005474093500271998, 0.003024167722302332], [0.25458193954795577, 0.4037226408187492, 0.013133167181200387, 0.3285622524520946], [0.0001095588451577962, 0.06961964213336633, 0.2720228843659407, 0.6582479146555352], [0.16215969780963405, 0.8288593380369904, 0.008160651150648403, 0.0008203130027271267], [0.08061635121344964, 0.6768033143546386, 0.06382469269356247, 0.17875564173834935], [0.016721492949273446, 0.9018038381212062, 0.0483205690208849, 0.03315409990863552], [0.22266786851606174, 0.6459914445507277, 0.04187216976921606, 0.08946851716399444], [0.3850921326598456, 0.02207770276052832, 0.20612758629761685, 0.3867025782820092], [0.5285008278773472, 0.04046472706426379, 0.31939762918669207, 0.11163681587169685], [0.015807353830716443, 0.003310480734148831, 8.931253627986486e-05, 0.9807928528988548], [0.10339570232531242, 0.11970161477964879, 0.7314748615743366, 0.045427821320702264], [0.4477002566537009, 0.32839231565202104, 0.016392172082731287, 0.20751525561154677], [0.010189720876921682, 0.9410043405048574, 0.0017278974357459564, 0.0470780411824752], [0.00031857940267912625, 0.9850283164174999, 0.0007299543028961208, 0.013923149876924924], [0.28635229082104746, 0.6189901442117177, 0.027474759692975862, 0.06718280527425889], [0.08956870208400852, 0.03650686698537666, 0.8404885869078995, 0.03343584402271537], [0.6182496495432307, 0.04939017117908739, 0.11739685185200921, 0.2149633274256727], [0.00085497457433765, 0.993171617689656, 0.005937912920020402, 3.549481598598776e-05], [0.002123302673897433, 0.09630228047168986, 0.0005976159648468632, 0.9009768008895658], [0.1324700344892952, 0.12298065690892905, 0.035356189667310536, 0.7091931189344651], [0.004310354377604134, 0.48953597640481045, 0.5014680925771653, 0.004685576640420119], [0.9879739822570291, 6.157785564001409e-05, 3.470652831796424e-05, 0.011929733359012925], [0.06301849139060273, 0.007376944122233757, 0.00038241086527538196, 0.929222153621888], [0.004711812992392259, 0.8924467196207689, 0.014435967738033876, 0.08840549964880495], [0.07113105527199722, 0.29066727944452636, 0.00400790196965026, 0.6341937633138262], [0.982162656477314, 0.010202035860111435, 0.0012289267870458582, 0.006406380875528843], [0.00478113319930255, 0.04671435307412356, 0.01582256971254306, 0.9326819440140309], [0.009009370800578377, 1.93825655307675e-05, 0.990427557097699, 0.000543689536191777], [0.550440734150225, 0.06810114203825192, 0.016890370146699498, 0.36456775366482375], [0.631815756466712, 0.2402587060570356, 0.05225576050942145, 0.075669776966831], [0.0009532651359423134, 0.9942342816247426, 0.0012931401946612855, 0.0035193130446539234], [0.019558104901416528, 0.08069609566459095, 0.894307014017359, 0.005438785416633651], [0.16559312686634675, 0.21482141940336197, 0.3983808247829428, 0.22120462894734863], [0.0012570883883101262, 0.3851305476763293, 0.2151777165649142, 0.39843464737044637], [0.06898588655748175, 0.6768503218185079, 0.019438017121521607, 0.23472577450248863], [0.5138290716928795, 0.44975385576712507, 0.018438310006930865, 0.017978762533064453], [0.5315597851328978, 0.09103196831278228, 0.06890286972716991, 0.30850537682715007], [0.051565327276368055, 0.0067976056514646955, 0.07475501269912138, 0.8668820543730459], [0.13932570250664697, 0.004404190324025103, 0.36227011596114805, 0.4939999912081798], [0.07863302620942803, 0.38891651237549396, 0.3615993457140828, 0.17085111570099526], [0.009368866706880053, 0.40877836035862, 0.005754900199404309, 0.5760978727350956], [0.04050372128765264, 0.7959200674349594, 0.023087041805144055, 0.14048916947224382], [0.009172972454784975, 0.1429775024413921, 1.0272127248726963e-05, 0.8478392529765741], [0.14644635084657778, 0.060912820468878436, 0.6119829589119942, 0.18065786977254963], [0.08082582789438414, 0.7947474170669734, 0.053522044220949805, 0.0709047108176927], [0.9722317980642077, 0.020535313777050618, 0.002736518546522998, 0.0044963696122187645], [0.10970283585150353, 0.8330509683805449, 0.046073519063974895, 0.011172676703976587], [0.9606836944177463, 0.01607602527693418, 0.022251114025999837, 0.000989166279319892], [0.9335829037938631, 0.0658078222823677, 0.0001314042553162656, 0.0004778696684528164], [0.14580197450378685, 0.6159168141790267, 0.0369998559009702, 0.20128135541621636], [0.9678100341911249, 0.003036747390537084, 0.002735616711268473, 0.026417601707069704], [0.26930214920256934, 0.7292037867516539, 0.0009173529841106754, 0.0005767110616659709], [0.9085671107917458, 0.021398468846973193, 0.052948429922370525, 0.01708599043891049], [0.0029597055672389324, 0.03796679937090633, 0.9518813651700511, 0.007192129891803731], [0.06684267674053476, 0.8907667525226478, 0.0408193303201028, 0.0015712404167144783], [0.3411521618939057, 0.35289045858229273, 0.09422725878140796, 0.21173012074239358], [0.06848963501708906, 0.820140059897885, 0.021570771850394414, 0.08979953323463151], [0.5880131545598649, 0.057993136569243084, 0.0578174518604948, 0.2961762570103971], [0.8513519350052713, 0.04280601772019004, 0.03673419037215374, 0.069107856902385], [0.4780924811231498, 0.3151627811087631, 0.10842404418734103, 0.09832069358074613], [0.8560774689481276, 0.09937550328805525, 0.006612810167641189, 0.03793421759617601], [0.14850993444569266, 0.7911362360478547, 0.0002767668579753768, 0.06007706264847722], [0.061462675201036134, 0.46875803975788655, 0.001242040593693012, 0.46853724444738426], [0.004700415289525259, 0.01388249811121106, 0.001844802690314459, 0.9795722839089491], [0.0009848164012167635, 0.579639687960165, 0.0013028484908550041, 0.4180726471477632], [0.339650605219839, 0.619450316927599, 0.002229078368641074, 0.038669999483920955], [0.40172216654895043, 0.5778523006894044, 0.001373800577327038, 0.019051732184318205], [0.8451395137753341, 0.002394158741470477, 0.0016239521730567017, 0.15084237531013886], [0.01028324875318055, 0.987760057869473, 0.0001760463477674183, 0.001780647029579151], [0.5220718771109368, 0.05134841868463007, 0.17703932129804625, 0.24954038290638683], [0.019153967674048623, 0.9779145454195006, 0.0007820172586173169, 0.0021494696478334637], [0.5721608381310852, 0.1723982966548472, 0.0719931921037601, 0.18344767311030738], [0.11387102552340309, 0.8627613292394919, 0.0013205860769695949, 0.022047059160135572], [0.02386550937183976, 0.92660579082887, 0.01136221620625383, 0.03816648359303641], [0.4604751100008786, 0.009936333216930066, 0.35987161149310265, 0.16971694528908862], [0.012183569455377493, 0.6999448078309408, 0.012037315433489184, 0.27583430728019254], [0.00906872274553265, 0.4868123057998095, 0.0007733719609721778, 0.5033455994936857], [0.17178602215794145, 0.49400143804791713, 0.17534216784877665, 0.1588703719453649]]}}