{"test": {"ids": ["113120780", "104111780", "102110690", "103111540", "104114230", "111121410", "109117630", "113119450", "111120190", "101110740", "113120591", "99109910", "99113260", "108115880", "107118520", "107114490", "107121540", "102109840", "100109330", "100107920", "100120780", "113118620", "101111140", "112118581", "113117401", "104116441", "110121170", "113117340", "101108460", "107113180", "113119320", "110119030", "100109311", "101112201", "111116990", "113120640", "99109141", "112117571", "108116501", "104111380", "97112290", "111115400", "108118520", "111115620", "102116340", "111119610", "113122220", "109121410", "108116070", "100109801", "102113981", "99107630", "110119891", "102109010", "112116640", "111120591", "113120751", "112118820", "104113170", "101119591", "97116800", "107117010", "112121410", "108113740", "110113931", "109116810", "109114651", "107119390", "101117580", "112118860", "108118060", "104110960", "109116930", "110114561", "102107961", "112120700", "108114360", "111120260", "110115980", "104111531", "107114950", "103112641", "98106560", "99110050", "104111830", "111116040", "103120780", "100108580", "107113170", "99112840", "105118171", "104118070", "97107950", "113118690", "111114321", "98117740", "113120540", "112116800", "110117110", "108113700", "99108890", "99116500", "105113170", "106116820", "110114321", "104113210", "108115970", "97107681", "99111440", "111117000", "113121980", "112118701", "111116100", "110120531", "106119260", "99111930", "100109360", "100110050", "113121810", "113122230", "106113190", "99120010", "108114200", "97105451", "98106880", "107113360", "112117210", "97112830", "107113840", "97106770", "106117770", "109121640", "107120010", "100115700", "103110760", "110114720", "113122320", "103113640", "107121700", "108117451", "103112470", "103109641"], "labels": [0, 3, 0, 1, 2, 0, 0, 3, 3, 3, 0, 2, 0, 3, 2, 3, 2, 2, 0, 0, 1, 3, 2, 1, 3, 1, 2, 2, 0, 3, 1, 0, 1, 0, 0, 0, 3, 3, 0, 3, 1, 0, 0, 1, 3, 2, 1, 0, 1, 0, 1, 2, 3, 1, 0, 1, 1, 0, 3, 0, 0, 1, 0, 3, 1, 3, 3, 2, 3, 3, 1, 2, 0, 0, 3, 2, 1, 3, 1, 0, 3, 3, 1, 3, 3, 0, 1, 0, 0, 2, 3, 2, 2, 3, 1, 2, 3, 0, 0, 0, 0, 2, 0, 1, 1, 3, 2, 3, 3, 0, 2, 0, 3, 0, 1, 1, 0, 3, 2, 1, 0, 2, 0, 0, 0, 0, 1, 2, 3, 3, 0, 0, 1, 1, 1, 3, 1, 1, 3, 2, 1, 1], "predicted_labels": [3, 1, 0, 3, 1, 0, 1, 0, 1, 1, 0, 2, 1, 1, 1, 2, 1, 1, 0, 3, 3, 1, 2, 2, 0, 3, 3, 1, 3, 1, 0, 3, 3, 3, 3, 3, 1, 3, 0, 2, 3, 0, 1, 0, 2, 1, 3, 3, 2, 3, 1, 0, 3, 1, 0, 0, 3, 0, 1, 0, 0, 2, 3, 0, 1, 3, 0, 0, 0, 1, 1, 0, 2, 1, 1, 2, 1, 3, 0, 3, 3, 0, 3, 3, 3, 0, 0, 2, 0, 1, 1, 2, 3, 1, 1, 3, 0, 3, 2, 1, 1, 2, 3, 0, 3, 0, 3, 2, 1, 3, 1, 3, 3, 3, 0, 1, 2, 3, 2, 2, 0, 2, 1, 0, 2, 1, 2, 3, 1, 2, 1, 2, 1, 2, 1, 2, 1, 0, 3, 0, 0, 3], "confidence_scores": [[0.41314803569272673, 0.04920603593815054, 0.0031652836362787017, 0.5344806447328441], [0.002326883175210358, 0.990103853580167, 0.0009260980904686476, 0.006643165154154003], [0.8809531401814299, 0.07343960500984184, 2.1919491111116273e-05, 0.045585335317617354], [0.007833165814346014, 0.15101065541445052, 0.12919690832197622, 0.7119592704492271], [0.03647356268898631, 0.5976239802634373, 0.3611527672149358, 0.004749689832640522], [0.4935611907313341, 0.4305168603734757, 0.00467906406652265, 0.07124288482866757], [0.017408828201058206, 0.4955824842931907, 0.48592021281164055, 0.0010884746941105686], [0.9532878175616557, 0.02682312189910059, 0.005327285907099738, 0.014561774632143865], [0.036494435939071986, 0.7333855679226006, 0.043752585250886745, 0.18636741088744083], [0.00781878746521548, 0.9163064981673474, 0.036996425254308594, 0.03887828911312833], [0.9269432597150681, 0.0034699583081659944, 6.941926057185896e-05, 0.0695173627161941], [3.0301789335475847e-05, 1.7776468867843365e-05, 0.9994624421207926, 0.0004894796210040448], [0.40375549895558654, 0.40656154209170253, 0.16289868716732833, 0.02678427178538258], [0.0007987867806318975, 0.792108457976591, 0.03209567506823622, 0.17499708017454074], [0.002004969531757422, 0.6574204797313546, 0.3220597671195825, 0.01851478361730548], [0.03179074611461482, 0.33870507068631966, 0.51093834015589, 0.11856584304317554], [0.23462020170667508, 0.2952888121740036, 0.24791672275400375, 0.2221742633653175], [0.04065662832205711, 0.657478934735529, 0.29992365371690943, 0.0019407832255043803], [0.9033299854392788, 0.017772807276147287, 0.027102474934822814, 0.051794732349751155], [0.05907879044914809, 0.008961643111795835, 0.41346937633503217, 0.518490190104024], [0.006019316384881199, 0.0006275713947372403, 0.017689452306677827, 0.9756636599137037], [0.2124365069567431, 0.7867997214710223, 8.293765404001759e-05, 0.0006808339181946442], [0.09782950316974985, 0.08015253031180479, 0.5835339624630211, 0.23848400405542425], [0.00015694801188512604, 0.16853456619108836, 0.7711908428618269, 0.060117642935199486], [0.47946425505448786, 0.13127740816276828, 0.253224830360675, 0.13603350642206885], [0.358639816510156, 0.1815701646679457, 0.0018140945519190051, 0.45797592426997924], [0.0018192232391502853, 0.1287368396384737, 0.012500369620868923, 0.8569435675015071], [0.017478495662360878, 0.9295359513729663, 0.03653200053967411, 0.01645355242499853], [0.027294096011152683, 0.2989585584134525, 0.0008848700051115841, 0.6728624755702832], [0.14106772988655664, 0.7876288681759276, 0.06566965849207994, 0.005633743445435909], [0.9753720520177419, 0.004375924860627957, 4.1042138927472375e-05, 0.020210980982702628], [0.15192745148923809, 0.027122043549481695, 0.0012401952460082207, 0.8197103097152719], [0.11517255615221872, 0.018974154705103913, 0.0008576250419029174, 0.8649956641007744], [0.012394341255213232, 0.18460649561513864, 0.10878473827797568, 0.6942144248516724], [0.1130548029744257, 0.052545183170697535, 0.06933792225468574, 0.765062091600191], [0.10350965494603535, 0.25657944091772206, 0.08024443233011332, 0.5596664718061293], [0.31958822431364614, 0.3832347604944791, 0.17963146968351218, 0.11754554550836278], [0.05030790221187159, 0.4017753177106453, 0.0007759378431412868, 0.5471408422343418], [0.6539276555976122, 0.030647869347950503, 0.006429410279649072, 0.3089950647747883], [0.045097095316700433, 0.40145678376109006, 0.5208771540544964, 0.03256896686771306], [0.022641656082174205, 0.12207011061488675, 0.09791012152642013, 0.7573781117765189], [0.6125016740898148, 0.3288923944863526, 0.058169734034438786, 0.0004361973893937703], [0.001969558036136668, 0.9483087052257118, 0.039635682752390246, 0.010086053985761264], [0.9028016291564729, 0.09142198601298483, 0.003948065413598657, 0.0018283194169434454], [0.05089312304211221, 0.04036514007505369, 0.5995382040466398, 0.30920353283619434], [0.0040362460843896535, 0.5560247761264382, 0.43765091976263115, 0.0022880580265409256], [0.0008773204614480614, 0.426708786630331, 0.003169026528902651, 0.5692448663793183], [0.16605665414486337, 0.0031728854745647853, 0.0011405303768789693, 0.8296299300036929], [0.028017411841615086, 0.15433304884498064, 0.817597271474592, 5.226783881208741e-05], [0.001309292954710274, 0.2716314500848592, 0.0016365883514467608, 0.7254226686089837], [0.007776208699788601, 0.7398388214175657, 0.13820950360697093, 0.11417546627567457], [0.40850394312901117, 0.30387279198309686, 0.09444082147614973, 0.19318244341174223], [0.1399058137228827, 0.24183047278637584, 0.014157660835513713, 0.6041060526552278], [0.01893558285302905, 0.7942869709349831, 0.1633400238016594, 0.023437422410328316], [0.7260153936009985, 0.04196915073858293, 0.0804708459415536, 0.15154460971886488], [0.6727030998522182, 0.0021391213894325074, 1.5150969016901653e-05, 0.3251426277893325], [0.022029192317731938, 0.4278387890883097, 0.02916548131557502, 0.5209665372783835], [0.9147754566275907, 0.004787785561027863, 0.0004149987681838461, 0.08002175904319761], [0.004237176479540866, 0.6526196308939719, 0.32903144140216245, 0.014111751224324799], [0.5997650714878868, 0.020136089109875827, 0.004045898045141883, 0.37605294135709544], [0.9700666530522475, 0.01954162253632008, 0.003637811614465098, 0.006753912796967325], [0.0012969163343895486, 0.03317108932446172, 0.9643874690010605, 0.0011445253400882481], [0.0012829717201605308, 0.4520876055609229, 0.00019330037295870462, 0.5464361223459578], [0.9866395817038839, 0.0035973323379631184, 0.004225882385314755, 0.005537203572838352], [0.08863062351997013, 0.5396449574759347, 0.00039524090846808813, 0.371329178095627], [0.0060848148160421705, 0.045455668708621576, 0.0008237424160306636, 0.9476357740593057], [0.9956354761208303, 0.00047824102273120555, 1.9962585599029337e-05, 0.0038663202708394007], [0.6981738245562767, 0.04372309953996785, 0.06070393871938492, 0.19739913718437047], [0.7864322740379591, 0.15198393230907167, 0.0002007680391910765, 0.06138302561377815], [0.26271883288627657, 0.6195549832006757, 0.005668369767471874, 0.11205781414557593], [0.24458458059082944, 0.7043018230281071, 0.050021223596091666, 0.0010923727849719007], [0.5250089670547222, 0.40466376895010747, 0.03152637088413919, 0.03880089311103105], [0.06974711756018945, 0.0031161984315950524, 0.9245215900300953, 0.0026150939781203384], [0.03290601684205479, 0.9543691210823722, 0.0118212873713118, 0.0009035747042611712], [0.1499684107308276, 0.8220304181903304, 0.026070873091753703, 0.001930297987088393], [0.04979480892270447, 0.2662142949038473, 0.6212592106597796, 0.06273168551366871], [4.971432938218076e-05, 0.9729262147449546, 0.026520569879655082, 0.0005035010460081318], [0.09573362254925265, 0.04431752716333428, 0.0009237816681554297, 0.8590250686192575], [0.5810723521427666, 0.0011536715928842825, 0.013202049650044203, 0.40457192661430486], [0.008158029917364916, 0.017429445170860293, 0.017244421788148282, 0.9571681031236265], [0.08551097378021447, 0.27523471371294655, 0.02644041115480009, 0.612813901352039], [0.39111066283463997, 0.09023341933508536, 0.244284330067844, 0.27437158776243076], [0.06898557407905792, 0.14604729571256714, 0.022631909563336657, 0.7623352206450383], [0.0012514702472697739, 0.13427025358427816, 0.17760941017423879, 0.6868688659942133], [0.015276480314494032, 0.3737310782166392, 0.013264861626075465, 0.5977275798427912], [0.8477144559789325, 0.05845760648175182, 0.0497034229893343, 0.044124514549981536], [0.7516692605758168, 0.08628640291664734, 0.13460647845706072, 0.02743785805047512], [0.10030639748943607, 0.338204144034723, 0.46201725509045966, 0.09947220338538135], [0.513752009597506, 0.3919702150768969, 0.0027793739754987134, 0.09149840135009847], [0.0019130043741793414, 0.5162122650102694, 0.12803526657616693, 0.35383946403938443], [0.0013991276334209407, 0.9938032181600631, 2.5745489514406794e-05, 0.004771908717001388], [0.005426988428112257, 0.13803725498531544, 0.8551803493615657, 0.0013554072250067258], [0.05302922101615278, 0.017428913049409352, 0.008157693563532062, 0.9213841723709058], [0.0035206816214222105, 0.9842416549793748, 0.001362109546270137, 0.010875553852932972], [0.026809601419499302, 0.9029866780975488, 0.06429796107681056, 0.005905759406141384], [0.03758966533655522, 0.3698638562587326, 0.08470037181503261, 0.5078461065896797], [0.9837271122518029, 0.013175712583081953, 0.0003594500326060679, 0.0027377251325088965], [0.007205416064956633, 0.05640630350894046, 0.005757754466673693, 0.9306305259594292], [0.0017442621711329875, 0.33879658443109456, 0.6575391869432389, 0.0019199664545336704], [0.05932298737071259, 0.9000205333314816, 0.04010219827656864, 0.0005542810212371923], [0.00011597950172722926, 0.9333504963109227, 0.018263714609703233, 0.04826980957764676], [2.6694162312114747e-05, 0.009737753861441215, 0.9846297160162647, 0.005605835959982058], [0.00539557298096421, 0.007494252693161584, 0.03193682164669256, 0.9551733526791816], [0.7795647361100957, 0.02165046879933358, 0.011237992644346377, 0.1875468024462243], [0.3056901805331296, 0.3037128517636375, 0.0019663903355261283, 0.3886305773677067], [0.5598267832823216, 0.02146460436745337, 0.02527205887238055, 0.3934365534778444], [0.0009596552028377783, 0.0058987849240677084, 6.219309870418376e-05, 0.9930793667743902], [0.0025798468092651057, 0.0028671034052017716, 0.7222772078948098, 0.27227584189072346], [0.06750327151306644, 0.6996444361173388, 0.19483502303838776, 0.0380172693312069], [0.11679678393368507, 0.006951770651977466, 0.004587104497872698, 0.8716643409164647], [0.03913891637369442, 0.48556086030268475, 0.0038471616063428696, 0.471453061717278], [0.0025396656344686673, 0.21798239889591728, 0.002250880341363653, 0.7772270551282504], [0.056636051207894195, 0.10459174692540084, 0.01139423080240741, 0.8273779710642974], [0.23023081174021479, 0.3512855855244822, 0.006940349389316188, 0.4115432533459868], [0.6866463612171596, 0.012936492993248923, 0.19971266946763858, 0.10070447632195285], [3.262797415467447e-05, 0.997191384349522, 0.0013592606570673547, 0.00141672701925575], [0.10275864640304949, 0.041504174649902734, 0.7783146186728755, 0.07742256027417212], [0.01727066095553057, 0.31592069846957643, 0.13669652795446827, 0.5301121126204248], [0.0018365405279118883, 0.23490678064661358, 0.7627749887526026, 0.00048169007287186463], [0.11911722929061078, 0.3860480069444424, 0.47346826921844737, 0.021366494546499425], [0.9579415764149872, 0.010721453022730955, 0.0018531475716975709, 0.02948382299058443], [0.0962211639814225, 0.033643432363397396, 0.8637603222982316, 0.0063750813569486454], [0.11695110808943275, 0.8301112682309706, 0.03918101119257566, 0.013756612487020821], [0.727477739404091, 0.13250394068578303, 0.0001635863618595314, 0.1398547335482664], [0.002723225244031725, 0.006067580430625025, 0.632438394924234, 0.3587707994011092], [0.06745334761800487, 0.4881100142402756, 0.4006770341918188, 0.04375960394990067], [0.13736961293668676, 0.2898001480852611, 0.5209559189805013, 0.05187431999755074], [0.03147596605813434, 0.09482529607045266, 0.06203929369265458, 0.8116594441787585], [0.0012942161490810738, 0.9924595469647882, 0.005016971442119121, 0.0012292654440114884], [0.11621499002054425, 0.07362811902171153, 0.71395353287237, 0.09620335808537422], [0.37817390907263754, 0.41661781068294124, 0.1204077874045548, 0.08480049283986635], [0.006481535694128502, 0.05775738870374566, 0.8653993529717006, 0.0703617226304253], [0.029357027041276292, 0.7308385988452469, 0.03800683465049607, 0.2017975394629805], [0.09471103797427682, 0.3569211978751916, 0.3711492932207445, 0.1772184709297872], [0.3756268646524405, 0.4339298509166688, 0.009552195439849786, 0.18089108899104103], [0.024170690142039545, 0.009745051638677824, 0.9641660071317124, 0.0019182510875704248], [0.2767331607163902, 0.6410118731784877, 0.02765761940961072, 0.05459734669551127], [0.7973942915058558, 0.0735665019543692, 0.009562506382781102, 0.11947670015699378], [0.028497299378479543, 0.10778072953785352, 0.23191879696566858, 0.6318031741179982], [0.9732693460649062, 4.614213236192982e-06, 3.7055987185439836e-06, 0.026722334123139013], [0.6468831500850466, 0.2998102790070336, 0.05258077622094777, 0.0007257946869721421], [0.005300053737500274, 0.004768055008505438, 0.01608062209778421, 0.9738512691562101]]}, "rewritten": {"ids": ["97105451", "97106770", "97107681", "97107950", "97112290", "97112830", "97116800", "98106560", "98106880", "98117740", "99107630", "99108890", "99109141", "99109910", "99110050", "99111440", "99111930", "99112840", "99113260", "99116500", "99120010", "100107920", "100108580", "100109311", "100109330", "100109360", "100109801", "100110050", "100115700", "100120780", "101108460", "101110740", "101111140", "101112201", "101117580", "101119591", "102107961", "102109010", "102109840", "102110690", "102113981", "102116340", "103109641", "103110760", "103111540", "103112470", "103112641", "103113640", "103120780", "104110960", "104111380", "104111531", "104111780", "104111830", "104113170", "104113210", "104114230", "104116441", "104118070", "105113170", "105118171", "106113190", "106116820", "106117770", "106119260", "107113170", "107113180", "107113360", "107113840", "107114490", "107114950", "107117010", "107118520", "107119390", "107120010", "107121540", "107121700", "108113700", "108113740", "108114200", "108114360", "108115880", "108115970", "108116070", "108116501", "108117451", "108118060", "108118520", "109114651", "109116810", "109116930", "109117630", "109121410", "109121640", "110113931", "110114321", "110114561", "110114720", "110115980", "110117110", "110119030", "110119891", "110120531", "110121170", "111114321", "111115400", "111115620", "111116040", "111116100", "111116990", "111117000", "111119610", "111120190", "111120260", "111120591", "111121410", "112116640", "112116800", "112117210", "112117571", "112118581", "112118701", "112118820", "112118860", "112120700", "112121410", "113117340", "113117401", "113118620", "113118690", "113119320", "113119450", "113120540", "113120591", "113120640", "113120751", "113120780", "113121810", "113121980", "113122220", "113122230", "113122320"], "labels": [0, 3, 3, 2, 1, 2, 0, 1, 0, 2, 2, 0, 3, 2, 3, 3, 1, 2, 0, 2, 2, 0, 0, 1, 0, 0, 0, 3, 1, 1, 0, 3, 2, 0, 3, 0, 3, 1, 2, 0, 1, 3, 1, 1, 1, 1, 3, 1, 1, 2, 3, 0, 3, 3, 3, 3, 2, 1, 2, 0, 3, 0, 1, 0, 1, 0, 3, 0, 3, 3, 3, 1, 2, 2, 1, 2, 3, 0, 3, 0, 1, 3, 2, 1, 0, 2, 1, 0, 3, 3, 0, 0, 0, 0, 1, 1, 0, 3, 1, 0, 0, 3, 0, 2, 1, 0, 1, 0, 3, 0, 0, 2, 3, 3, 1, 0, 0, 0, 1, 3, 1, 0, 0, 3, 2, 0, 2, 3, 3, 3, 1, 3, 3, 0, 0, 1, 0, 2, 2, 1, 1, 1], "predicted_labels": [0, 2, 2, 3, 2, 3, 0, 1, 2, 1, 1, 1, 0, 2, 2, 1, 2, 1, 1, 2, 2, 3, 1, 0, 0, 2, 1, 1, 1, 3, 3, 1, 2, 3, 0, 3, 1, 1, 2, 0, 1, 1, 3, 0, 1, 0, 0, 0, 0, 0, 2, 3, 1, 1, 2, 0, 2, 1, 2, 3, 1, 0, 0, 0, 0, 0, 1, 2, 1, 1, 1, 2, 2, 3, 2, 0, 3, 0, 0, 1, 1, 1, 3, 2, 0, 0, 0, 1, 0, 3, 2, 1, 3, 2, 1, 0, 1, 2, 0, 2, 3, 1, 1, 3, 1, 1, 0, 0, 3, 3, 3, 1, 1, 3, 0, 0, 2, 3, 2, 1, 2, 1, 3, 0, 2, 1, 1, 1, 1, 1, 0, 0, 0, 0, 1, 1, 0, 2, 1, 1, 2, 0], "confidence_scores": [[0.9488343534912411, 0.027921805554854205, 8.505539637591169e-05, 0.02315878555752886], [0.1886231764256638, 0.05171164603764414, 0.7403121384234213, 0.019353039113270826], [0.0027055532118578263, 0.025383235888172487, 0.5458144639533183, 0.4260967469466514], [0.11276568760643792, 0.1816600051204283, 0.018186913701090563, 0.6873873935720433], [0.18473609187286796, 0.2436893975238314, 0.37088677785023955, 0.200687732753061], [0.014476872894142316, 0.09774909522434157, 0.2660002350874562, 0.62177379679406], [0.956097741326281, 0.02747035005700236, 0.014910035178494884, 0.0015218734382216785], [0.1797048442159984, 0.48459196118065223, 0.30492870181873194, 0.030774492784617382], [0.002725142115160547, 0.1162954678120413, 0.5004883398515911, 0.380491050221207], [0.08607066092684874, 0.3915460075702853, 0.20819092230941463, 0.3141924091934513], [0.25500629420051735, 0.4474234510947649, 0.07589637804637396, 0.22167387665834365], [0.00024262261177862736, 0.9179890487253735, 0.03406044333896289, 0.04770788532388509], [0.37566370872637744, 0.23596546437711813, 0.3050838325666638, 0.08328699432984059], [4.348048046724361e-05, 0.00011758648428759902, 0.9997824832002657, 5.644983497948378e-05], [0.023108916808238827, 0.14563486558511202, 0.8149275919800416, 0.016328625626607612], [0.08075571376595041, 0.6515589749322713, 0.24561510530918523, 0.022070205992593073], [0.0006017663612150063, 0.32720274760644025, 0.6672058274520367, 0.004989658580308135], [0.002253600132835496, 0.6147943244831746, 0.17243318969972662, 0.2105188856842633], [0.11413097970402943, 0.8276610270421163, 0.0544676385977924, 0.003740354656061748], [3.053280711722208e-05, 0.13621542352211397, 0.8548768874803978, 0.008877156190370957], [0.020306687929444733, 0.04882338203664986, 0.9294543850747204, 0.001415544959184995], [0.06984236632162817, 0.07178024713803258, 0.10407170960276799, 0.7543056769375712], [0.01282400067027103, 0.8790504457767678, 0.08785287608035951, 0.020272677472601756], [0.5480719986598747, 0.07230896623657314, 0.049003809288668966, 0.33061522581488323], [0.955440808592232, 0.020476948964509686, 0.015302646281448562, 0.008779596161809794], [0.04405337263979789, 0.07958026940581008, 0.8107012346763275, 0.06566512327806458], [0.0013038436820370126, 0.5478818378441708, 0.00229136560945817, 0.44852295286433397], [0.07116491377935799, 0.8187421063296285, 0.0808600350097487, 0.029232944881264846], [0.039635689482960264, 0.6035139941918919, 0.2596297865693153, 0.09722052975583244], [0.006095152172634921, 0.0016768135604945784, 0.04565741226241464, 0.946570622004456], [0.006172169401307814, 0.06208698873168886, 0.0004947311573354434, 0.9312461107096679], [0.005260344777384624, 0.7927974282750007, 0.19328676408910592, 0.008655462858508716], [0.12256135781921054, 0.09743973217467086, 0.6093271734011723, 0.17067173660494636], [0.00952789115210084, 0.36946023697653585, 0.2232771425940834, 0.3977347292772799], [0.9919713267806021, 0.001548674691654805, 1.9002469140252567e-05, 0.00646099605860294], [0.39499553090651307, 0.11922453230404419, 0.006295751602354373, 0.4794841851870885], [0.26127957713387334, 0.4926605200812454, 0.23097201534349296, 0.015087887441388196], [0.13510037957161453, 0.7135764877964419, 0.13536921735571483, 0.01595391527622871], [0.04815033269510133, 0.43293951151889604, 0.517612701605815, 0.001297454180187766], [0.6721065621327745, 0.31890582579376026, 4.8330388753142165e-05, 0.008939281684712001], [0.0005048656676130656, 0.9016790920778323, 0.07137163484575813, 0.02644440740879657], [0.011403593110321209, 0.6169361946183731, 0.14484524247180322, 0.22681496979950252], [0.055268978098305124, 0.06463334417287364, 0.21018504506127803, 0.6699126326675433], [0.8733427351735434, 0.09134200245428842, 0.002862649993840975, 0.03245261237832717], [0.08866907132275559, 0.34292404547592814, 0.3275873723830058, 0.2408195108183106], [0.7593599817745164, 0.16153692863577365, 0.07860732676215423, 0.0004957628275558118], [0.4048624813502171, 0.3153827138900784, 0.11475876330253157, 0.1649960414571729], [0.9366353890113347, 0.03149544624270205, 0.0043794215976057415, 0.02748974314835749], [0.6931229681337128, 0.2805397903071044, 0.025467086997795933, 0.0008701545613869677], [0.6859582130951024, 0.2692061187824576, 0.041643906521574556, 0.0031917616008652933], [0.010725808182794725, 0.22107795301111896, 0.7668240946817406, 0.001372144124345705], [0.005061316349717303, 0.07770602077520818, 0.01323129226442922, 0.9040013706106452], [0.0012350247249925277, 0.9031027019370258, 0.005239256155163228, 0.09042301718281832], [0.0703073404069631, 0.3757601534429414, 0.19184497572196785, 0.36208753042812775], [0.006475778706539846, 0.22610720282708394, 0.7667367579215275, 0.0006802605448486806], [0.8389410167079152, 0.028608331336605158, 0.12451915750613193, 0.007931494449347702], [0.31135408068899756, 0.17934665205003303, 0.5038796990246281, 0.0054195682363412665], [0.2154219759492895, 0.5891067542834078, 0.0023327529743395253, 0.1931385167929632], [0.06144940157291876, 0.14340678922240963, 0.7943908617543517, 0.0007529474503198974], [0.00027113043956569684, 0.0017142420741923816, 0.04401370040999513, 0.9540009270762467], [0.09651134798983585, 0.8713310051458891, 0.0020327555553071304, 0.03012489130896807], [0.8660190964117184, 0.04915491847343445, 0.012452610203190856, 0.07237337491165638], [0.5408737568789376, 0.25663626011879936, 0.10997135523256878, 0.09251862776969438], [0.4812413958598071, 0.3115744392724167, 0.1513572336878296, 0.05582693117994665], [0.5324706979118278, 0.056474713102165806, 0.3466876631566577, 0.06436692582934875], [0.4570636635407486, 0.4509062292660993, 0.029221078810763575, 0.06280902838238842], [0.012485861896787383, 0.9049021973059416, 0.0770654437865527, 0.005546497010718324], [0.008356908084175869, 0.22130354137654007, 0.7415446395591719, 0.028794910980112186], [0.0017681845580747254, 0.9879628321236575, 0.009496997303971784, 0.0007719860142959599], [0.01087722593080015, 0.8210803912055817, 0.1362856102211166, 0.03175677264250147], [0.04478447197618291, 0.6214166418292993, 0.01419898507453031, 0.31959990111998743], [0.0009679433532188437, 0.033483616647351284, 0.964891248664449, 0.0006571913349810028], [0.0016818864900614355, 0.4257500476445705, 0.57048647671792, 0.0020815891474482355], [0.3192645515681861, 0.012556015489629566, 0.23660612090097097, 0.4315733120412134], [0.04511648818646668, 0.20675133218235783, 0.7452025293212023, 0.0029296503099730344], [0.32141054954039544, 0.2933655389275289, 0.21561567108542054, 0.16960824044665512], [0.025407743684295964, 0.27358348197640125, 0.3468056758983441, 0.3542030984409587], [0.6459298531394971, 0.28126885413079616, 0.07256347293835122, 0.00023781979135558515], [0.9833504158295798, 0.00872847868955135, 0.00583131214957047, 0.0020897933312984764], [0.214906632563284, 0.7544082973799328, 0.02742881755852042, 0.0032562524982628726], [0.0005863793892961335, 0.7425565064291155, 0.2565666860296496, 0.0002904281519387444], [0.0019211988577453915, 0.8721458748021493, 0.08998863929020022, 0.03594428704990522], [0.00026431573406650316, 0.004454908548940078, 1.3937476354804738e-05, 0.9952668382406386], [0.018513563772866518, 0.05951000539100492, 0.9219140172261143, 6.241361001408277e-05], [0.9193778277031452, 0.006009443003845019, 0.001787348618880736, 0.07282538067412903], [0.9991247728180926, 1.2490992457884355e-05, 5.280701078617093e-05, 0.0008099291786633363], [0.42587404829480124, 0.328777175911273, 0.244704237232188, 0.0006445385617377623], [0.0007383475282981643, 0.932447205737587, 0.051391641361887556, 0.015422805372227252], [0.9931740659282355, 0.002555032545873659, 2.0719860389252075e-05, 0.004250181665501425], [0.015244335409154517, 0.13288432398430094, 0.004041104641561772, 0.8478302359649829], [0.24502203104292392, 0.06843453549824288, 0.6730635017109847, 0.013479931747848587], [0.004160011314681018, 0.5945276093903041, 0.4010536170936477, 0.0002587622013672912], [0.2043211446197835, 0.0002685627364818577, 0.006001704221962868, 0.7894085884217718], [0.006462897044113112, 0.007089013814009716, 0.9559342158665795, 0.030513873275297868], [0.036882888186762254, 0.9161591544323902, 0.0003488750421210085, 0.04660908233872654], [0.4545933277495411, 0.37187156644148295, 0.00040894072915519743, 0.1731261650798208], [0.19362368996341506, 0.782560147789948, 0.022005821824286047, 0.001810340422350772], [0.012613663179003278, 0.004424019630026368, 0.9827212870921783, 0.00024103009879202855], [0.5174803112838143, 0.004474246779702547, 0.036297468816170644, 0.4417479731203124], [0.006027632061082203, 0.03265442421452736, 0.9602953432319496, 0.0010226004924407236], [0.3125030317492447, 0.031003571999202863, 0.001520236863220225, 0.6549731593883322], [0.04713472709720718, 0.8065335131897464, 0.014287614963906932, 0.13204414474913942], [0.2689164670365212, 0.4852873862914097, 0.006765305105408192, 0.23903084156666096], [0.0790628833823995, 0.041213491291713894, 0.2809883691410461, 0.5987352561848405], [0.07094500759202248, 0.8125802489125867, 0.11622945848811361, 0.00024528500727710755], [0.3258796207185275, 0.5911778234957336, 0.08239312701300112, 0.0005494287727378694], [0.7189660510031406, 0.26206141250018145, 0.015041730763339554, 0.003930805733338466], [0.5596474657086149, 0.11957289391530249, 0.30197086890272684, 0.018808771473355815], [0.05462574758419806, 0.14812694284267305, 0.011741964049413075, 0.7855053455237159], [0.40811286799866564, 0.055944580186479805, 0.10773121284500947, 0.4282113389698451], [0.19450712819743016, 0.18665785139993593, 0.0094388691544494, 0.6093961512481845], [0.0008934965382673334, 0.6624343064355305, 0.3361803336822573, 0.0004918633439449057], [0.04127352622792784, 0.7217836908386474, 0.012484863856740781, 0.224457919076684], [0.11272066593636129, 0.2397272005915665, 0.005055443407439131, 0.6424966900646332], [0.7562449981540292, 0.001747367973635489, 3.21844084294878e-05, 0.24197544946390584], [0.5804116524042091, 0.3951328441413535, 0.016315328213864593, 0.008140175240572766], [0.34574805329058284, 0.04309215345660089, 0.3890129661869461, 0.2221468270658702], [0.002380023919499446, 0.05589627025897152, 0.0017572191322012378, 0.9399664866893277], [0.21477054677485188, 0.20270991024733104, 0.5732222865320518, 0.009297256445765434], [0.02637581676554619, 0.717671883697143, 0.006333029344848702, 0.249619270192462], [0.0013893912209031016, 0.028587731498248652, 0.7965506383576479, 0.1734722389232004], [0.0029228905007297693, 0.49748824801460956, 0.009334852444461063, 0.4902540090401996], [0.189774306309197, 0.012815610667033885, 0.0250464909337606, 0.7723635920900085], [0.5514039979588419, 0.07623209107180319, 0.21737863469115098, 0.1549852762782039], [0.02895469338565516, 0.13001577253512558, 0.8279095917239848, 0.013119942355234527], [0.0008663780720367001, 0.8637441617844238, 0.0004087548968541803, 0.13498070524668535], [0.03754152417062264, 0.890612163479624, 0.04042386569398179, 0.03142244665577161], [0.20043731650716215, 0.42985480614051597, 0.13848871284509728, 0.2312191645072246], [0.3255736502783867, 0.6741817421524626, 0.00013978136996178358, 0.00010482619918887518], [0.0009349409441513621, 0.9900986930739588, 0.0014915173023500765, 0.007474848679539767], [0.90177497564171, 0.01446907251415767, 0.0018977249089136019, 0.08185822693521862], [0.9452828264214123, 0.03817018774138507, 0.012423136091635712, 0.004123849745566856], [0.9682172970414622, 0.026414408397070335, 0.0011908653085390848, 0.004177429252928508], [0.6397191773889336, 0.1293745490920121, 0.001304478594481596, 0.2296017949245726], [0.09459790255380836, 0.46833189825231214, 0.11836856758657364, 0.3187016316073058], [0.06590651362893722, 0.45886046430046706, 0.3931063679075652, 0.08212665416303046], [0.4978230644198879, 0.09804414939263, 0.17920975873049896, 0.22492302745698306], [0.017127700139317248, 0.13036660861379903, 0.8518667356044747, 0.0006389556424090384], [0.003967226595167916, 0.9572312348058343, 0.0013156561225208517, 0.037485882476476766], [0.003905977095479294, 0.8888670236527847, 0.003976091124032437, 0.10325090812770368], [0.16366478242722626, 0.22513038766729063, 0.6048179077212308, 0.00638692218425233], [0.8218518376985517, 0.043219530624741515, 0.042161306991465454, 0.09276732468524138]]}}