{"test": {"ids": ["105117200", "107121230", "97105580", "103120290", "101121640", "112117030", "110121500", "99113260", "110119030", "113118111", "113118630", "104112201", "101111990", "100109000", "110114720", "101117580", "102113981", "113121010", "105119550", "110114920", "111121190", "98108970", "99108010", "102109850", "110114321", "97113260", "98120530", "98107210", "108113480", "105118740", "99111620", "111116100", "100113370", "100116790", "108113740", "97116410", "97116800", "111119340", "106112770", "109116040", "111121930", "104113550", "101111210", "101114020", "103113260", "106120290", "102113350", "113119340", "107113130", "112116540", "106119580", "100116500", "97106820", "98113881", "113118870", "109118231", "112121430", "106116441", "112120290", "98112170", "99108000", "99108080", "102110890", "99120010", "111115780", "105116090", "110115580", "99111930", "99111000", "112116451", "110121450", "104113240", "98109230", "99116500", "103120531", "112118890", "101108950", "113118690", "109119010", "113120591", "108115870", "113119450", "113122170", "106115240", "100117420", "107118520", "105113210", "103113170", "111119580", "109119450", "103120340", "110118630", "109118161", "107114321", "113122650", "109120560", "107113840", "109121351", "113120830", "108121160", "110118161", "113118810", "99109740", "106116640", "108113760", "97106970", "97107040", "111118820", "113122190", "111119150", "101111620", "106121220", "107121540", "103111830", "107120260", "106118161", "99119830", "112116810", "113122150", "103118110", "109119340", "97109080", "108118810", "111116290", "107117010", "106117790", "103112641", "113118231", "106113830", "111120280", "103109791", "101116130", "105116501", "97105451", "112119950", "103120780", "104111531", "101113210", "109117150", "110116300", "109117271", "113121190"], "labels": [3, 0, 1, 2, 2, 2, 3, 0, 0, 1, 3, 0, 2, 1, 3, 3, 1, 2, 1, 3, 1, 3, 2, 1, 1, 1, 1, 1, 0, 1, 3, 3, 3, 2, 3, 3, 0, 3, 1, 0, 1, 1, 2, 3, 3, 2, 3, 0, 1, 1, 3, 2, 1, 3, 0, 1, 2, 0, 1, 3, 2, 3, 0, 2, 1, 1, 1, 1, 2, 0, 3, 2, 1, 2, 3, 3, 2, 3, 3, 0, 3, 3, 1, 1, 2, 2, 3, 3, 3, 3, 1, 1, 0, 0, 2, 1, 3, 0, 3, 2, 0, 3, 3, 3, 1, 2, 2, 0, 1, 3, 3, 1, 2, 3, 1, 3, 1, 3, 2, 2, 3, 2, 1, 2, 1, 1, 3, 3, 1, 0, 3, 2, 1, 0, 0, 1, 0, 3, 2, 3, 0, 1], "predicted_labels": [0, 2, 3, 2, 3, 3, 1, 3, 1, 3, 3, 0, 3, 0, 1, 0, 1, 1, 1, 1, 1, 0, 1, 2, 1, 3, 0, 0, 1, 0, 2, 0, 1, 3, 0, 1, 0, 0, 3, 2, 3, 0, 0, 1, 1, 1, 3, 0, 2, 3, 1, 3, 2, 1, 0, 1, 0, 1, 2, 1, 2, 3, 2, 3, 1, 3, 2, 1, 1, 0, 0, 1, 0, 3, 1, 0, 2, 1, 3, 1, 3, 0, 3, 1, 1, 1, 3, 3, 0, 1, 3, 1, 1, 3, 1, 0, 3, 3, 1, 0, 3, 3, 1, 0, 0, 0, 3, 3, 0, 1, 0, 1, 0, 3, 1, 0, 1, 0, 0, 0, 2, 3, 3, 1, 3, 1, 0, 0, 3, 3, 3, 1, 1, 0, 0, 1, 3, 0, 0, 0, 0, 1], "confidence_scores": [[0.3696310247641449, 0.19760069754259146, 0.20017509077743945, 0.23259318691582445], [0.09596258918040396, 0.11299105048356545, 0.6891744725636946, 0.10187188777233602], [0.25531564127035683, 0.2928325517757255, 0.13945628981694358, 0.3123955171369741], [0.2578153279295864, 0.22937881359479917, 0.29921498118417256, 0.21359087729144188], [0.17903335173737475, 0.2666848276607097, 0.1629138950506681, 0.39136792555124733], [0.15811910378584065, 0.23343752189185377, 0.19985958974535192, 0.40858378457695366], [0.28305735622955747, 0.34125062422904845, 0.1029671670695246, 0.27272485247186956], [0.0789067111468262, 0.08125044476878364, 0.29994100173360266, 0.5399018423507875], [0.1356338245758639, 0.33730721839848, 0.30535221284173414, 0.22170674418392197], [0.2830037146568992, 0.18862287282964266, 0.11102561521143371, 0.4173477973020243], [0.19453297815714998, 0.15995128231979294, 0.2664261626183474, 0.37908957690470974], [0.31225300172662035, 0.1455573520195461, 0.3074640231290988, 0.23472562312473477], [0.13921004728427136, 0.13029152896385787, 0.21613402068647583, 0.514364403065395], [0.34564987077851583, 0.2137056609819028, 0.3377366446857877, 0.10290782355379359], [0.1792467402805119, 0.3709313551087609, 0.23971047461418812, 0.21011142999653903], [0.4398048889942957, 0.31398058522697153, 0.09871142262955819, 0.14750310314917445], [0.312738565940508, 0.3218293637824885, 0.2769548286019742, 0.08847724167502946], [0.25429512501107526, 0.3042213397801347, 0.21865124460560978, 0.22283229060318027], [0.1117529164492418, 0.5045286734076835, 0.1616424473657967, 0.22207596277727798], [0.24594097373614437, 0.5487353204580231, 0.07667113941451463, 0.12865256639131806], [0.27213952417093257, 0.3596902937545962, 0.12034019083531441, 0.24782999123915697], [0.3263443282783086, 0.23627697008962312, 0.12677837289344426, 0.31060032873862414], [0.2443214006067, 0.41791771654023585, 0.18331138768152164, 0.1544494951715424], [0.1714690768451265, 0.2514734741037267, 0.4045202150900309, 0.17253723396111598], [0.21377550988574565, 0.4930956877110413, 0.11677743682452156, 0.17635136557869166], [0.24797953012711876, 0.21728460313143363, 0.13562570733668608, 0.3991101594047614], [0.4098073380982376, 0.27045299720972615, 0.09562365012758278, 0.2241160145644536], [0.36061557179967785, 0.3061035931210515, 0.18229200864208786, 0.15098882643718314], [0.25678379522913175, 0.2977417945416542, 0.2501602431132457, 0.19531416711596844], [0.34774190389623705, 0.30668087570576097, 0.14493866657922538, 0.2006385538187766], [0.16082003176866475, 0.3198576750132809, 0.3847454983360179, 0.13457679488203658], [0.5095359440740282, 0.22934741355248445, 0.10033104780474816, 0.16078559456873914], [0.2104421310440608, 0.4077930946446965, 0.12418533373915361, 0.2575794405720891], [0.14521254260410973, 0.33761421753053433, 0.10316004244656106, 0.41401319741879483], [0.33649340961874835, 0.2475723230805981, 0.09187616549763991, 0.3240581018030135], [0.19876676771641952, 0.5294767943935886, 0.10000935377429729, 0.1717470841156946], [0.5124150997822885, 0.21383345813394142, 0.15391058160803361, 0.11984086047573662], [0.37009301323398214, 0.30583845604787735, 0.10495004287717602, 0.21911848784096463], [0.14949508209069068, 0.10977226743820268, 0.2946754827144605, 0.4460571677566461], [0.11309333210603884, 0.15631025300418683, 0.4970683460081305, 0.23352806888164393], [0.32187498234491174, 0.19019419178441102, 0.10023954429816742, 0.38769128157250987], [0.32113632365897876, 0.17139306917450048, 0.2835224792023128, 0.2239481279642081], [0.3603032117078075, 0.2727044322633509, 0.10415148525009708, 0.26284087077874474], [0.3421770488123559, 0.3548983748767054, 0.16657907693606075, 0.13634549937487817], [0.15337172745290686, 0.5742220922321571, 0.07464002601452535, 0.19776615430041072], [0.17477707377321228, 0.3099619233785721, 0.26539214448960063, 0.24986885835861497], [0.15093187979963066, 0.15920241528830947, 0.30040130839194334, 0.38946439652011655], [0.58160700006531, 0.16411457348345077, 0.078718844292188, 0.1755595821590514], [0.25663370901285554, 0.20373416605450165, 0.37416668909036505, 0.16546543584227794], [0.19906259761640327, 0.3123433432659099, 0.13620629544698834, 0.3523877636706984], [0.16911704070040198, 0.3599089379797688, 0.20575035118035717, 0.26522367013947196], [0.14903503957544725, 0.25695633506154525, 0.15743997709849147, 0.4365686482645159], [0.24256452702484135, 0.21436871224057574, 0.2992177657191252, 0.2438489950154578], [0.22902136745782473, 0.3862773439593579, 0.19038353477188988, 0.19431775381092745], [0.3321820509572237, 0.22972911390871395, 0.1623259825943428, 0.2757628525397196], [0.3128989959874654, 0.4279667924355496, 0.0770403810417465, 0.18209383053523845], [0.3741113123112291, 0.309237124500317, 0.09690789831417335, 0.21974366487428082], [0.2946570611052295, 0.41526448975811914, 0.10739910582605162, 0.1826793433105997], [0.1368554647207482, 0.15859541477981526, 0.6510719566325691, 0.05347716386686742], [0.16877731800233886, 0.34241331633261096, 0.21290685016173663, 0.27590251550331346], [0.13737616636993022, 0.2874668876029019, 0.43255855512122476, 0.14259839090594323], [0.2626773441969352, 0.24114544531470247, 0.2079611447228494, 0.288216065765513], [0.1762393276807794, 0.14328307138159915, 0.3905588519875061, 0.2899187489501153], [0.12430907628254823, 0.16851439428479537, 0.13943195360336819, 0.5677445758292884], [0.27184945764310914, 0.43797708963932885, 0.13025142721847205, 0.15992202549908982], [0.1979670293980528, 0.2669222752930419, 0.21784053124386998, 0.3172701640650354], [0.26892044286855116, 0.17883554497231657, 0.41467620643653114, 0.137567805722601], [0.11362290672353269, 0.6626296670322295, 0.10268183577061056, 0.12106559047362732], [0.17908860476092445, 0.442031490884553, 0.2444419153194855, 0.13443798903503723], [0.4049791134068226, 0.17873240235529372, 0.0999907853594015, 0.3162976988784823], [0.4527367697943097, 0.22773246122229174, 0.08695655502441133, 0.23257421395898714], [0.18392980051752447, 0.32911915200977226, 0.26831117921273384, 0.21863986825996934], [0.3478088044653592, 0.2378622029191839, 0.1903516816532706, 0.22397731096218623], [0.213767563095297, 0.1523102551175495, 0.24415284448735433, 0.3897693372997992], [0.14642577120452396, 0.40813105960043683, 0.26149055015274847, 0.18395261904229065], [0.4543804455387228, 0.19517365849681312, 0.06973570650717359, 0.2807101894572907], [0.23591466441306824, 0.23501720589032066, 0.35098860337590926, 0.17807952632070181], [0.2670616648068892, 0.4458366034110311, 0.08079827951890035, 0.20630345226317934], [0.1897107842975016, 0.2227376489000242, 0.17471452796244444, 0.41283703884002987], [0.33109484813176826, 0.33688479010022887, 0.08751644321933653, 0.2445039185486664], [0.20800447787587595, 0.11239180225876695, 0.07041173028056062, 0.6091919895847965], [0.5060349814380098, 0.14785206972964013, 0.10017696855453487, 0.24593598027781516], [0.11199791185828423, 0.22946174164862376, 0.2840258477056538, 0.37451449878743825], [0.2927538192245324, 0.3595398151466, 0.118748424589642, 0.2289579410392256], [0.18760296610987892, 0.337940054399076, 0.25349516295245367, 0.2209618165385916], [0.1731586519833156, 0.5524264555422019, 0.08258937402042099, 0.1918255184540615], [0.11691617381008836, 0.13533475516077353, 0.20193594221330402, 0.5458131288158341], [0.17055115626924458, 0.3416203518640844, 0.13244805907683985, 0.35538043278983117], [0.5739380070956025, 0.16956352289101895, 0.15348129249822065, 0.10301717751515782], [0.176404108512601, 0.3391715055913627, 0.18831918222325061, 0.29610520367278576], [0.3032116109686684, 0.18605165443072358, 0.19885821368503157, 0.3118785209155765], [0.16198651548695514, 0.2925876064250969, 0.2753651098126018, 0.27006076827534614], [0.15988559333178018, 0.6056889378633595, 0.0921875143456796, 0.14223795445918078], [0.09212891373623246, 0.36083021155725725, 0.10727238694297085, 0.4397684877635394], [0.23244238701359743, 0.3865780719035942, 0.07031641522357092, 0.31066312585923744], [0.3139744828619201, 0.2128670687588804, 0.2870532472917071, 0.18610520108749257], [0.22867172646345812, 0.19814644226328407, 0.12450518544005196, 0.4486766458332058], [0.15144922085330698, 0.355087878660926, 0.05419661350309615, 0.43926628698267106], [0.08554186665115429, 0.6082030554798762, 0.051758393732300984, 0.2544966841366684], [0.3378891272023486, 0.2844869619720315, 0.13795184438275654, 0.23967206644286326], [0.23082625312489088, 0.23281385385352776, 0.12417339843951278, 0.41218649458206863], [0.3118133880085233, 0.16079960018218445, 0.055489510733988064, 0.47189750107530415], [0.1849797079586227, 0.3329778278306959, 0.32997251171708813, 0.15206995249359312], [0.4651116174501061, 0.23259103873099882, 0.08907573272530289, 0.21322161109359206], [0.4506708216876764, 0.261584838792782, 0.09806175968710223, 0.1896825798324392], [0.3749000433281251, 0.22369148260937388, 0.23053344166947654, 0.17087503239302457], [0.15274343295381887, 0.31292539006083336, 0.2178397428434325, 0.3164914341419152], [0.2877603914641137, 0.0630995403731125, 0.040832385084628775, 0.608307683078145], [0.4448275806062095, 0.1739269925681454, 0.1287976414728629, 0.2524477853527821], [0.2916477228510999, 0.3686860800305467, 0.10408534459890625, 0.23558085251944716], [0.43560594615243303, 0.23422161866159338, 0.19502618103536584, 0.13514625415060763], [0.23111207927051772, 0.3379078357190324, 0.1254171503878331, 0.30556293462261674], [0.33644098871531564, 0.26704840878541, 0.1352945787232655, 0.261216023776009], [0.29535960256346766, 0.07348256539882181, 0.1841371519403444, 0.44702068009736606], [0.3029202953161342, 0.3946657498371186, 0.11480920685350293, 0.18760474799324442], [0.34131823704928244, 0.2633481220177155, 0.18760285364596918, 0.20773078728703293], [0.19170933720595287, 0.49087334833288726, 0.13011458518793534, 0.1873027292732245], [0.35681809384461394, 0.18663595929978788, 0.2949589648299516, 0.16158698202564664], [0.37474110716185627, 0.20636115732502158, 0.1621491296913515, 0.2567486058217708], [0.32961842338374797, 0.25333843710229853, 0.1725967943598958, 0.24444634515405786], [0.1923222255167385, 0.30443389352011124, 0.3260562469462924, 0.17718763401685783], [0.1052234559687521, 0.21628085953507456, 0.10620770248565788, 0.5722879820105155], [0.2015909702648408, 0.30805361623858185, 0.12118313508536017, 0.36917227841121725], [0.23649431809204666, 0.27694392452636774, 0.25871463401115, 0.2278471233704357], [0.09671724679512719, 0.209299448022465, 0.28355245977874194, 0.41043084540366587], [0.1666294755520771, 0.38158031033595796, 0.16875729847659113, 0.2830329156353739], [0.45749902333624065, 0.21108480108872402, 0.10750608012675986, 0.22391009544827545], [0.44082686762325585, 0.22262551512911008, 0.11861318563475061, 0.2179344316128834], [0.25427518244384223, 0.15899567797744593, 0.2748282381613659, 0.311900901417346], [0.26479073469164893, 0.2165008669761215, 0.08790638745910069, 0.43080201087312875], [0.19686252367686113, 0.18141596336547683, 0.20746483922812717, 0.41425667372953484], [0.17500237610683006, 0.3604489886107614, 0.13107449149334457, 0.333474143789064], [0.11290837199257943, 0.4625316520512707, 0.09192079918999452, 0.3326391767661554], [0.4565259908841164, 0.14321915559922327, 0.07166759763849921, 0.3285872558781611], [0.3738163090423199, 0.18897857670711624, 0.08621473627551186, 0.3509903779750521], [0.22020260494940902, 0.39699745603859005, 0.20478706208414574, 0.17801287692785522], [0.18734573607291924, 0.23302790867930917, 0.09106511899123557, 0.4885612362565362], [0.35037946887443433, 0.26989586884624844, 0.13860586340709205, 0.24111879887222504], [0.38016473560367103, 0.3423915304178572, 0.1155628105319266, 0.1618809234465454], [0.4620439470419194, 0.1516590670668813, 0.14315147237582404, 0.24314551351537533], [0.38138103520270006, 0.14438052223538356, 0.2385082279257775, 0.2357302146361389], [0.2660143151526999, 0.3970298087261649, 0.20890194021046332, 0.12805393591067207]]}, "rewritten": {"ids": ["97105451", "97105580", "97106820", "97106970", "97107040", "97109080", "97113260", "97116410", "97116800", "98107210", "98108970", "98109230", "98112170", "98113881", "98120530", "99108000", "99108010", "99108080", "99109740", "99111000", "99111620", "99111930", "99113260", "99116500", "99119830", "99120010", "100109000", "100113370", "100116500", "100116790", "100117420", "101108950", "101111210", "101111620", "101111990", "101113210", "101114020", "101116130", "101117580", "101121640", "102109850", "102110890", "102113350", "102113981", "103109791", "103111830", "103112641", "103113170", "103113260", "103118110", "103120290", "103120340", "103120531", "103120780", "104111531", "104112201", "104113240", "104113550", "105113210", "105116090", "105116501", "105117200", "105118740", "105119550", "106112770", "106113830", "106115240", "106116441", "106116640", "106117790", "106118161", "106119580", "106120290", "106121220", "107113130", "107113840", "107114321", "107117010", "107118520", "107120260", "107121230", "107121540", "108113480", "108113740", "108113760", "108115870", "108118810", "108121160", "109116040", "109117150", "109117271", "109118161", "109118231", "109119010", "109119340", "109119450", "109120560", "109121351", "110114321", "110114720", "110114920", "110115580", "110116300", "110118161", "110118630", "110119030", "110121450", "110121500", "111115780", "111116100", "111116290", "111118820", "111119150", "111119340", "111119580", "111120280", "111121190", "111121930", "112116451", "112116540", "112116810", "112117030", "112118890", "112119950", "112120290", "112121430", "113118111", "113118231", "113118630", "113118690", "113118810", "113118870", "113119340", "113119450", "113120591", "113120830", "113121010", "113121190", "113122150", "113122170", "113122190", "113122650"], "labels": [0, 1, 1, 2, 2, 2, 1, 3, 0, 1, 3, 1, 3, 3, 1, 2, 2, 3, 3, 2, 3, 1, 0, 2, 1, 2, 1, 3, 2, 2, 2, 2, 2, 3, 2, 3, 3, 2, 3, 2, 1, 0, 3, 1, 3, 3, 3, 3, 3, 2, 2, 1, 3, 1, 0, 0, 2, 1, 3, 1, 1, 3, 1, 1, 1, 1, 1, 0, 3, 1, 3, 3, 2, 1, 1, 3, 0, 1, 2, 1, 0, 2, 0, 3, 1, 3, 1, 2, 0, 2, 0, 0, 1, 3, 3, 3, 1, 0, 1, 3, 3, 1, 3, 0, 1, 0, 3, 3, 1, 3, 2, 0, 3, 3, 3, 0, 1, 1, 0, 1, 3, 2, 3, 0, 1, 2, 1, 3, 3, 3, 3, 0, 0, 3, 0, 3, 2, 1, 2, 1, 1, 2], "predicted_labels": [0, 0, 3, 3, 3, 1, 3, 2, 1, 2, 0, 2, 3, 1, 1, 2, 1, 1, 2, 1, 2, 1, 2, 3, 3, 3, 0, 1, 1, 3, 2, 0, 0, 0, 3, 0, 1, 3, 0, 0, 2, 3, 2, 1, 2, 0, 3, 1, 1, 3, 2, 1, 2, 1, 3, 3, 1, 1, 0, 0, 3, 0, 1, 1, 3, 3, 1, 1, 0, 1, 0, 1, 3, 1, 0, 3, 3, 3, 1, 1, 2, 3, 2, 0, 1, 1, 3, 0, 2, 0, 3, 1, 1, 0, 0, 3, 1, 1, 1, 1, 1, 0, 1, 3, 1, 1, 1, 1, 0, 0, 0, 3, 0, 0, 0, 3, 0, 3, 0, 3, 0, 3, 0, 3, 2, 0, 0, 0, 1, 1, 3, 3, 0, 3, 0, 1, 0, 1, 3, 0, 0, 3], "confidence_scores": [[0.48481867891432895, 0.18456868683923183, 0.09648765430154305, 0.2341249799448961], [0.3721236633039425, 0.2121144167442608, 0.10088438069287832, 0.3148775392589186], [0.1910397969121169, 0.15769114767283854, 0.08808907926025451, 0.5631799761547902], [0.2610545522373686, 0.29654711638947784, 0.09695393299522558, 0.345444398377928], [0.17279440763856288, 0.2600391022843047, 0.12436568611802261, 0.4428008039591099], [0.24996289870644858, 0.30056961483871286, 0.14913391882528246, 0.3003335676295561], [0.16085133353562284, 0.2506664393204479, 0.10750645559681322, 0.4809757715471161], [0.23390419612924132, 0.2290202426509615, 0.43874524405166737, 0.09833031716812976], [0.26551409696731926, 0.355359934425061, 0.10190607163097877, 0.2772198969766411], [0.17842908424310952, 0.22153097718397777, 0.37714308303359456, 0.2228968555393183], [0.3300722581859625, 0.21659092722741088, 0.32054045893789995, 0.13279635564872674], [0.27788865946298114, 0.19577047418052632, 0.30198082522914266, 0.2243600411273499], [0.24532779987043252, 0.26732663889753966, 0.19716896080907062, 0.2901766004229572], [0.2152700649894222, 0.46359234761209595, 0.1986338533272347, 0.12250373407124718], [0.30311523113142597, 0.3131847776509878, 0.08524897999449996, 0.29845101122308626], [0.08977104414786113, 0.27365677474876743, 0.34050098438443654, 0.2960711967189349], [0.1689139713781245, 0.42163695759265446, 0.2044727941512593, 0.20497627687796174], [0.23714301113793024, 0.37748192825230953, 0.05873408627265737, 0.3266409743371029], [0.28345444040387374, 0.21935218195704437, 0.28722340320996254, 0.20996997442911947], [0.16966224140860356, 0.46674581235986545, 0.1559821836546948, 0.20760976257683605], [0.2895920519062993, 0.21118649963061087, 0.33469839100930954, 0.1645230574537805], [0.16383760119495927, 0.5364612208689784, 0.143697717221987, 0.1560034607140752], [0.12044580776225194, 0.1315878282769001, 0.4654399195172835, 0.28252644444356434], [0.1052328175644361, 0.19843578324938488, 0.10019618221668106, 0.596135216969498], [0.2929519763748369, 0.1982467790152962, 0.09340650941426287, 0.41539473519560405], [0.21054069316939522, 0.1738710508545027, 0.24963935025292025, 0.3659489057231821], [0.3492871294826429, 0.22374618538093843, 0.26969620292885604, 0.1572704822075627], [0.1454730130900525, 0.49695540321091275, 0.13322369129360756, 0.22434789240542713], [0.1600713184575171, 0.3627789201231973, 0.1408224299538691, 0.3363273314654166], [0.26365075221047646, 0.282773546118479, 0.15512333122654712, 0.29845237044449746], [0.20420834128042337, 0.2246474924416804, 0.3473145585505286, 0.22382960772736774], [0.35653917442811356, 0.23369469905700982, 0.14019951440623848, 0.2695666121086382], [0.4678357176613158, 0.2638032022484861, 0.10480040120580492, 0.16356067888439313], [0.4332758398697173, 0.18313836173768241, 0.24989028959351842, 0.13369550879908199], [0.15182012701039133, 0.24337970089785474, 0.13941490226551662, 0.4653852698262375], [0.3748812844096778, 0.2839928192154054, 0.08443254538917262, 0.2566933509857443], [0.31468038229308654, 0.33307119097846855, 0.10314373632477558, 0.2491046904036694], [0.13641251603567592, 0.31609877348958443, 0.19226648127187543, 0.3552222292028644], [0.687356673217033, 0.12627195640810596, 0.054645556547686595, 0.13172581382717444], [0.3282067096789297, 0.2540481403816693, 0.15189129227650439, 0.26585385766289665], [0.16719362730191026, 0.3228635556654654, 0.3715401504330206, 0.13840266659960376], [0.22448414810236317, 0.12513527418438902, 0.14099215027262335, 0.5093884274406246], [0.20912271497583934, 0.10396828667460968, 0.3636712385849292, 0.32323775976462205], [0.16311321804110593, 0.33236015490785165, 0.31484376919217244, 0.18968285785887007], [0.11845179785276727, 0.10520868966362755, 0.4008034249587292, 0.37553608752487605], [0.4279231600399212, 0.13408834118935992, 0.1730005961250839, 0.26498790264563504], [0.15590105401547177, 0.30628503052273914, 0.2024227477145573, 0.335391167747232], [0.23721939165042866, 0.3141277461068061, 0.21698466079865225, 0.231668201444113], [0.302651807785146, 0.371171851082031, 0.12654932635645916, 0.19962701477636394], [0.2641689691980429, 0.1429449995899667, 0.1858281939124337, 0.40705783729955664], [0.2198988205653315, 0.24541901670643765, 0.28295915037512903, 0.25172301235310185], [0.20747285267261614, 0.3344555586583265, 0.31252490349855405, 0.14554668517050331], [0.19390249886628544, 0.2038578038212877, 0.36582073155805916, 0.23641896575436774], [0.28851036793608054, 0.40663383151599936, 0.11135608965711673, 0.19349971089080337], [0.22465022886001765, 0.25210809346409296, 0.10703249132452601, 0.4162091863513634], [0.23832930714670186, 0.17850543954494258, 0.2229105074730543, 0.3602547458353016], [0.20687344735844196, 0.3705686400056345, 0.14664468525557145, 0.275913227380352], [0.2933352076431657, 0.35438321963442015, 0.1693066232476713, 0.18297494947474302], [0.36432756312516357, 0.19992730762080035, 0.12408482398390085, 0.31166030527013533], [0.39518928657233876, 0.32077272586843375, 0.13086050498078314, 0.1531774825784444], [0.1758230525604877, 0.28489352681525265, 0.1365580673478028, 0.4027253532764567], [0.4058473707119479, 0.2259928306613932, 0.18074305017364015, 0.1874167484530189], [0.27846164308263466, 0.4233278751518194, 0.14692267234248332, 0.1512878094230626], [0.15777256645649806, 0.3812902649708869, 0.22893496366463023, 0.23200220490798473], [0.33262397638875796, 0.19252993516032474, 0.1301131588507443, 0.3447329296001728], [0.17466560254776953, 0.1032041929148063, 0.3286970686936339, 0.39343313584379025], [0.126282977866826, 0.5576676807727491, 0.08343798083128541, 0.23261136052913953], [0.17248948922519675, 0.3956596314755408, 0.15067260981733285, 0.28117826948192964], [0.4314097053647548, 0.1881001861835437, 0.07529666714533247, 0.3051934413063691], [0.2068109750445481, 0.28157134493856645, 0.23294400746048827, 0.2786736725563972], [0.3199934078018687, 0.21554671234607573, 0.2612758858909684, 0.20318399396108708], [0.25258116793578267, 0.31837432455811704, 0.2443276687238736, 0.18471683878222683], [0.20677204088566478, 0.22978956714815046, 0.2811684037931793, 0.2822699881730056], [0.3134658258067204, 0.34931345432516847, 0.09893569594782066, 0.23828502392029027], [0.2999587924398343, 0.25344413229851215, 0.2597481460414084, 0.18684892922024532], [0.20614876837512072, 0.21537422429633932, 0.16766307712192716, 0.4108139302066129], [0.165583833200442, 0.20576508259907095, 0.233129386501428, 0.39552169769905904], [0.1511104830348705, 0.17989928079630424, 0.14209402690645986, 0.5268962092623654], [0.18015795211014854, 0.6031256940846869, 0.07616156311432834, 0.14055479069083635], [0.24197030429284774, 0.5074129189162908, 0.11511686530463988, 0.13549991148622162], [0.10967287649170986, 0.14712270727236382, 0.5727334944420228, 0.17047092179390338], [0.25481375418568003, 0.29157409041769317, 0.14662726151216557, 0.30698489388446126], [0.28360261132351755, 0.17134487035026452, 0.3400867594865905, 0.2049657588396273], [0.4213082387206119, 0.16025804700557889, 0.10417565845079041, 0.31425805582301874], [0.3066502940850231, 0.4504516099851787, 0.08719750896489613, 0.15570058696490213], [0.12830138327413962, 0.40809790402590534, 0.0956609071678423, 0.367939805532113], [0.23047131092596773, 0.24332206618891405, 0.13592808872670756, 0.3902785341584106], [0.48893759214327764, 0.14369759724217798, 0.10933350874772896, 0.2580313018668156], [0.16759297399884404, 0.1501228868285048, 0.3842406387233697, 0.2980435004492815], [0.3140751369354095, 0.30389531507644135, 0.11937005316114113, 0.262659494827008], [0.20572902852268127, 0.1283670509075205, 0.14588640630149355, 0.5200175142683047], [0.1636382381336183, 0.6157596595427297, 0.10475000260132739, 0.11585209972232477], [0.1768365510545429, 0.3826940702508147, 0.2562455681637477, 0.18422381053089487], [0.26302384962360564, 0.25046368439810257, 0.2273058535505374, 0.2592066124277543], [0.44390160663241873, 0.2285714595244895, 0.10413456796712511, 0.22339236587596648], [0.20380241436656263, 0.2769443201976885, 0.1184683392260781, 0.4007849262096708], [0.26588292766596167, 0.3087812223426102, 0.20825755629242582, 0.2170782936990022], [0.15933103413133903, 0.42428227720394524, 0.050052802412799226, 0.3663338862519167], [0.1802556019187528, 0.5527928075033253, 0.12985041028877478, 0.13710118028914714], [0.19625731592340506, 0.36533700062542374, 0.22173248216055633, 0.216673201290615], [0.24902929339537727, 0.43430989333353703, 0.09465441277850938, 0.22200640049257647], [0.340358789437216, 0.2105248920193529, 0.25212970234844767, 0.1969866161949835], [0.22045286640353687, 0.4605694318252587, 0.08553998744792428, 0.2334377143232801], [0.18391315083511453, 0.3118137863120709, 0.1624348352802945, 0.34183822757252025], [0.13137160669101242, 0.47380217070444136, 0.15079277030682847, 0.24403345229771772], [0.07570810388772592, 0.7479909633642375, 0.06679497038091477, 0.10950596236712168], [0.23502616940370744, 0.342352362073805, 0.11969726003425325, 0.3029242084882344], [0.27996115901900737, 0.3382368291883643, 0.13835727784845703, 0.2434447339441713], [0.541846990098121, 0.15041563264856025, 0.0721152196521301, 0.23562215760118863], [0.3589530974692229, 0.261449050813704, 0.0878179290566088, 0.2917799226604644], [0.2867474982446104, 0.18253227126286437, 0.28546170184203773, 0.2452585286504874], [0.28255434855689626, 0.17733050872733847, 0.08229077946465035, 0.45782436325111514], [0.44450159144486223, 0.1701170681126529, 0.08839621264185704, 0.29698512780062764], [0.33164716996917604, 0.33048051077601026, 0.09047615383051344, 0.24739616542430037], [0.5751072763781762, 0.22309539290737754, 0.11657145807889296, 0.08522587263555322], [0.19655038126287155, 0.20067634722634414, 0.08714874502603241, 0.5156245264847519], [0.5907116836404775, 0.10898712899342201, 0.1297154920037991, 0.17058569536230128], [0.2616648493650275, 0.2853577719638338, 0.11762964574227686, 0.3353477329288619], [0.36162550880789374, 0.23091610303429255, 0.10410615078719075, 0.30335223737062317], [0.2646007639856027, 0.2119025438122613, 0.1272594693604521, 0.39623722284168394], [0.33092734185628503, 0.13478129722902815, 0.3304563961378169, 0.20383496477686996], [0.10152434615988189, 0.26007915537389587, 0.21980601707329836, 0.418590481392924], [0.4109535723781197, 0.24856551234127083, 0.11476108315560389, 0.22571983212500568], [0.3473370833680187, 0.16055045312077218, 0.13359746086706897, 0.35851500264414016], [0.14934835347744163, 0.1189792326749536, 0.6613540754468562, 0.07031833840074844], [0.34570148889627444, 0.28986341302881685, 0.12853991526330563, 0.23589518281160304], [0.33289382116660726, 0.23926444583408846, 0.11563524927434955, 0.3122064837249548], [0.42989064083978734, 0.18549990721389428, 0.14419937260985152, 0.24041007933646685], [0.21422349550254402, 0.32765180068516414, 0.20174571783742878, 0.2563789859748631], [0.2929504965376222, 0.3684753690646039, 0.11636947794694581, 0.22220465645082824], [0.24184213981795394, 0.15455308520359426, 0.1906278715691406, 0.4129769034093113], [0.18448317321163935, 0.1726360777224744, 0.07065593836048842, 0.5722248107053979], [0.5573352575696119, 0.1577511213633361, 0.09347778943167931, 0.19143583163537278], [0.26330880196139067, 0.2201567979395865, 0.1044074273822677, 0.41212697271675525], [0.36046734129321745, 0.22581387038511347, 0.06882829573679897, 0.34489049258487037], [0.13799360741586505, 0.47629711441123584, 0.09027203721183115, 0.2954372409610679], [0.38298734259430306, 0.2420983281343019, 0.24831784334223705, 0.12659648592915815], [0.23703263012418752, 0.4124546721163584, 0.23188993339659938, 0.1186227643628547], [0.23645047722860263, 0.2262259461927432, 0.16063692873905347, 0.3766866478396007], [0.4521997248273777, 0.09970158263234745, 0.15686502083122086, 0.291233671709054], [0.41289755478439844, 0.2260863542177486, 0.1634125310808732, 0.19760355991697967], [0.15853157406033414, 0.35008615788102077, 0.08521511969842396, 0.40616714836022116]]}}