{"test": {"ids": ["113119450", "99109311", "110115980", "107114110", "98112580", "109119010", "105117431", "109117271", "113119340", "98116940", "109116040", "100110260", "99111930", "103113170", "101109370", "104119290", "98107010", "101110200", "113122230", "100110050", "106116120", "98116090", "99109370", "113121980", "99109141", "104116800", "111118820", "99108080", "108113760", "113121190", "110118701", "111115780", "104113000", "104111830", "99114890", "110116441", "100108080", "98111670", "111116110", "110117110", "107119130", "98110680", "103109791", "107114621", "99109740", "98108970", "106113360", "108119330", "110121140", "108117360", "97113260", "101108621", "109116441", "112118530", "104111711", "99109840", "112119980", "111117000", "111116090", "111120320", "113118870", "104118340", "106114280", "113120751", "110118161", "99108330", "107114200", "109120560", "111119150", "112119320", "97105960", "107113130", "97106770", "103111480", "110118880", "98107380", "104113170", "103120531", "106114321", "108118630", "105118230", "102118380", "109115220", "97107821", "104113190", "98108520", "105113170", "108113740", "99110050", "100117420", "102109850", "108115880", "104119340", "105116650", "111121930", "109117080", "99111620", "108114360", "113122320", "101116130", "99112531", "110118111", "113120070", "105115680", "111120280", "108115070", "109118231", "98116500", "110116300", "104111531", "101110740", "109119591", "106117650", "109116750", "110120560", "111116040", "103111620", "110114651", "104111880", "97108520", "106118820", "102113981", "106115120", "111116530", "113118820", "113119300", "113121950", "110115890", "103120290", "106114880", "99119830", "105113440", "112117780", "109117110", "98109230", "112121010", "109113881", "97116500", "110120700", "110121450", "108120060", "99112641"], "labels": [3, 1, 1, 1, 2, 3, 1, 0, 0, 2, 0, 3, 1, 3, 1, 1, 3, 2, 1, 3, 1, 0, 1, 2, 3, 1, 0, 3, 1, 1, 3, 1, 1, 3, 2, 3, 0, 1, 3, 0, 1, 2, 3, 0, 3, 3, 0, 0, 3, 1, 1, 0, 3, 1, 1, 2, 0, 0, 3, 1, 0, 2, 3, 1, 0, 1, 2, 1, 3, 1, 2, 1, 3, 0, 0, 1, 3, 3, 2, 1, 1, 1, 3, 2, 3, 2, 0, 3, 3, 2, 1, 3, 1, 1, 1, 1, 3, 1, 1, 2, 3, 1, 2, 2, 0, 1, 1, 2, 3, 0, 3, 0, 1, 0, 0, 0, 0, 3, 3, 2, 3, 1, 1, 3, 0, 1, 3, 2, 2, 0, 1, 0, 0, 1, 1, 2, 0, 2, 2, 3, 1, 1], "predicted_labels": [0, 2, 3, 3, 1, 3, 1, 3, 0, 1, 3, 0, 1, 1, 2, 1, 0, 1, 1, 3, 3, 1, 3, 3, 1, 3, 0, 0, 0, 0, 0, 3, 0, 3, 2, 1, 1, 3, 3, 1, 3, 2, 2, 1, 1, 1, 1, 0, 3, 2, 3, 1, 0, 1, 2, 2, 3, 1, 0, 3, 1, 1, 3, 1, 3, 3, 3, 2, 3, 2, 2, 2, 0, 3, 3, 0, 1, 1, 0, 3, 1, 2, 3, 0, 0, 1, 3, 0, 3, 2, 2, 3, 3, 1, 0, 1, 1, 1, 0, 3, 0, 0, 2, 1, 3, 0, 1, 3, 1, 3, 1, 1, 3, 1, 2, 3, 1, 1, 3, 1, 3, 1, 0, 1, 0, 3, 0, 1, 2, 1, 1, 2, 0, 3, 2, 1, 3, 2, 1, 1, 1, 0], "confidence_scores": [[0.3348779159564195, 0.2334419986113935, 0.08026901565797669, 0.35141106977421027], [0.15750239676353092, 0.27144812145223496, 0.3254880381583053, 0.24556144362592894], [0.2622193225558763, 0.2741241224544774, 0.1477654815967989, 0.3158910733928474], [0.2872690075866831, 0.21348136916979282, 0.1285971482528541, 0.37065247499067], [0.21534690996652073, 0.3191752431437262, 0.21241881066643456, 0.2530590362233188], [0.2303000695026122, 0.28048447227573325, 0.2039431077119019, 0.28527235050975264], [0.24639219871501472, 0.30470438139027417, 0.2009671301896272, 0.24793628970508416], [0.3063932126098224, 0.1992255130198305, 0.10974189081430612, 0.3846393835560408], [0.33399340420870677, 0.2739283228694171, 0.048635088353963574, 0.3434431845679126], [0.2005484940993996, 0.41868299756150434, 0.1816594601449053, 0.19910904819419056], [0.16192256230475474, 0.2299603861368609, 0.3003654968110656, 0.30775155474731886], [0.31827140474348603, 0.22314186658124457, 0.17400567348912094, 0.2845810551861485], [0.1279396446306834, 0.34625573245930846, 0.3028107035766608, 0.22299391933334717], [0.19079236321389687, 0.3126259445982021, 0.2618982560747844, 0.2346834361131167], [0.17996473532406826, 0.24905787268688429, 0.34812009792869103, 0.2228572940603561], [0.15666824007439428, 0.3269650461139294, 0.2607659672211424, 0.25560074659053406], [0.2918375351317748, 0.2638996157968047, 0.16869436690417505, 0.2755684821672451], [0.21563803348214217, 0.3920699395396711, 0.13590123990336658, 0.2563907870748204], [0.21430541231793135, 0.3193089445623357, 0.23241658576062532, 0.2339690573591078], [0.12391109264912299, 0.29214703625569916, 0.2992764644593778, 0.2846654066358004], [0.1764067096057552, 0.2604680380540955, 0.2754692205591054, 0.2876560317810437], [0.17719259617119335, 0.3021395337000799, 0.28024464540331706, 0.24042322472540958], [0.19780961799523317, 0.21300498204275897, 0.3060916176605002, 0.28309378230150756], [0.2589205871469677, 0.2861952828337351, 0.13409982479568855, 0.32078430522360823], [0.21015855900241454, 0.31623584405768307, 0.21663653005386627, 0.256969066886036], [0.24400253781594144, 0.27636652036468756, 0.17080838299000883, 0.3088225588293622], [0.3381721353797114, 0.21593392739703482, 0.08972750681595659, 0.35616643040729684], [0.316473062867026, 0.22642585544335145, 0.16383408809093017, 0.2932669935986923], [0.2937380634250482, 0.26939476523445544, 0.1565645495889783, 0.28030262175151777], [0.3067796415631258, 0.26514828101750415, 0.0886698298245776, 0.33940224759479243], [0.2630178577878042, 0.2713216402038658, 0.21036425810099724, 0.2552962439073331], [0.2862863640802393, 0.2640238176680272, 0.14406977775983906, 0.3056200404918946], [0.3340035251409462, 0.20591701007774332, 0.10404635019237576, 0.35603311458893455], [0.20936800603201572, 0.26983648105463337, 0.21886307104854827, 0.3019324418648027], [0.1344303666782445, 0.31660254098131735, 0.3873938084245662, 0.16157328391587175], [0.21369757883054127, 0.2923434083687025, 0.279672507165054, 0.21428650563570223], [0.2634356689578974, 0.36461721101528605, 0.0874938802156396, 0.2844532398111768], [0.24745878637705154, 0.1889589385667574, 0.2711693747743949, 0.2924129002817964], [0.26312095984584855, 0.20796133032121494, 0.1739124933362917, 0.35500521649664457], [0.13535738607483086, 0.3534629969932576, 0.32555001418098184, 0.1856296027509296], [0.28233846640519816, 0.2843988462630951, 0.09677933361660397, 0.3364833537151028], [0.14991128060886755, 0.24826161084123935, 0.4544792505257947, 0.14734785802409833], [0.24799437510569594, 0.1863972497670634, 0.31101885574724236, 0.25458951937999846], [0.21563897248951294, 0.32177341303720103, 0.15771334745590412, 0.304874267017382], [0.13397078968097015, 0.34358139220638123, 0.3340012680815241, 0.18844655003112432], [0.20753966117604683, 0.3478268117541801, 0.1672651813697117, 0.2773683457000616], [0.2411641000911383, 0.3407176635882503, 0.1446373182955833, 0.27348091802502783], [0.2757500187112309, 0.2875410100341099, 0.16270124462023428, 0.2740077266344248], [0.29144827764442266, 0.26744458318567915, 0.13168967243598106, 0.30941746673391723], [0.12212713483350607, 0.27833379437477, 0.37260302131725614, 0.2269360494744678], [0.16998723436284233, 0.1930435672142154, 0.34025756275688424, 0.29671163566605796], [0.2401986240274883, 0.30944967771816906, 0.14837912578117798, 0.3019725724731649], [0.32431414060394836, 0.29428524688831903, 0.04988707702437847, 0.331513535483354], [0.18051235361021664, 0.3679480116161417, 0.2756155785351487, 0.17592405623849283], [0.1421011779141094, 0.20996156212703365, 0.4744467487015967, 0.17349051125726012], [0.13422270110892717, 0.2544246855030248, 0.3897237876656804, 0.22162882572236756], [0.29441931821037337, 0.26427420631908694, 0.09199873292327032, 0.3493077425472691], [0.22692936593550012, 0.32698065273749966, 0.17012178382295282, 0.2759681975040475], [0.3324957147893995, 0.24008041670875607, 0.09298879129097141, 0.33443507721087307], [0.26225008249536813, 0.29280446418339806, 0.10422217606682008, 0.3407232772544136], [0.26386052395048354, 0.3230642118942989, 0.09837056342636351, 0.31470470072885404], [0.19536352449771135, 0.31953470546600204, 0.2568199109833213, 0.22828185905296525], [0.26681152474415576, 0.29204199413118176, 0.11655235303234103, 0.3245941280923215], [0.18316353993951137, 0.3227276762749779, 0.23993427622747945, 0.254174507558031], [0.29543291305648467, 0.2678282761678507, 0.09439349271563134, 0.3423453180600329], [0.22734737958599857, 0.2649840283177957, 0.22182167629315103, 0.2858469158030547], [0.3124289598465496, 0.27375536536716455, 0.07012725461269181, 0.34368842017359374], [0.09452162498511688, 0.22151815030877628, 0.5007207794583545, 0.1832394452477523], [0.29073843039846065, 0.28674316742028133, 0.09894071165934525, 0.3235776905219124], [0.0991984067955713, 0.25865916218225765, 0.45167356503638334, 0.1904688659857879], [0.20720562398189069, 0.22427503925381095, 0.30291274019049297, 0.2656065965738054], [0.14488969850309885, 0.23576670327004493, 0.4541606580454471, 0.16518294018140967], [0.25868480357473217, 0.20819737753644715, 0.3085168347368404, 0.2246009841519803], [0.26731523510947536, 0.2842619949820863, 0.12152413476476244, 0.3268986351436759], [0.2769285170944673, 0.308568179313, 0.09649171620756625, 0.31801158738496654], [0.25137323753244756, 0.2563327868323724, 0.24100573111504614, 0.2512882445201338], [0.1917599802713597, 0.3374577850268455, 0.21513608734414033, 0.2556461473576545], [0.26908259353802194, 0.3218972842136686, 0.10799121432237546, 0.30102890792593423], [0.2731011538761094, 0.2581154354715797, 0.1993243668951015, 0.2694590437572095], [0.24484185872629718, 0.3011339209855051, 0.11018777577676044, 0.343836444511437], [0.2537155671920227, 0.3233154662106109, 0.13418270351735162, 0.28878626308001476], [0.18040539556232896, 0.280097547130038, 0.2876711541983855, 0.25182590310924724], [0.30362252153486596, 0.25511080868129227, 0.0812700759295762, 0.35999659385426547], [0.2962341901242801, 0.2500662641802851, 0.14406330834374118, 0.3096362373516938], [0.2875461295275478, 0.2729706100177811, 0.1371223316733978, 0.3023609287812733], [0.2765276017899302, 0.31964511350394503, 0.10451783023994789, 0.2993094544661768], [0.26779824299924787, 0.249892273459664, 0.12284786488931826, 0.35946161865176973], [0.345980999904513, 0.2184282358363124, 0.09892264835538593, 0.33666811590378865], [0.11936505450339646, 0.25839640111321, 0.3186009721569486, 0.30363757222644533], [0.12328628018003294, 0.22232713678959395, 0.4276015995450664, 0.22678498348530662], [0.1648515705502976, 0.2650585842436899, 0.408555681187176, 0.16153416401883702], [0.286060388701915, 0.25162989513362305, 0.1581524201781705, 0.3041572959862916], [0.2799391842259917, 0.2722741774819051, 0.09524350830668314, 0.3525431299854202], [0.21957442767369362, 0.29035163534911856, 0.27393497236315567, 0.21613896461403218], [0.3431607864439739, 0.23721540238827435, 0.06664166843464531, 0.3529821427331063], [0.1961054468038196, 0.41893019145448906, 0.12955391104374206, 0.25541045069794943], [0.20898261754251293, 0.28915230221274146, 0.21269054366305268, 0.2891745365816928], [0.22469065153099435, 0.29044089192157035, 0.21189703001606788, 0.2729714265313674], [0.2923351265275524, 0.2944169431135349, 0.10883142231058901, 0.30441650804832365], [0.17649987311604592, 0.1941439663692668, 0.3175751665445167, 0.31178099397017095], [0.3021363485930936, 0.24110791652756297, 0.1270750819424016, 0.3296806529369418], [0.3083964180482963, 0.27190094379654034, 0.10946000866387637, 0.31024262949128684], [0.12663103219373267, 0.21328639240192834, 0.4584955594071759, 0.20158701599716325], [0.14623434990262146, 0.4133468990079906, 0.2101037212682362, 0.23031502982115168], [0.31285424121165994, 0.24109636320231503, 0.07399041586656588, 0.3720589797194592], [0.2705196060345462, 0.276941588808568, 0.21374814059611535, 0.23879066456077003], [0.2571809523435157, 0.3247824135760739, 0.12294543099076356, 0.2950912030896469], [0.2817780356980006, 0.24098830140356087, 0.16058978355935655, 0.3166438793390818], [0.22835877558003795, 0.3544369470925173, 0.16459737627280838, 0.25260690105463623], [0.27030493352044227, 0.2783526130740397, 0.11886192084994164, 0.33248053255557647], [0.16302416958189844, 0.3401406469946115, 0.250004364663806, 0.24683081875968446], [0.24663178226136612, 0.2960276449223096, 0.21873206286497815, 0.23860850995134616], [0.2798450581260428, 0.25134385168960466, 0.16541421470988132, 0.30339687547447114], [0.25054964379141975, 0.32827415222883516, 0.16322313065020363, 0.25795307332954137], [0.23171892779478115, 0.2321896120288057, 0.27517116232827654, 0.2609202978481367], [0.29765789490393446, 0.2626792188086995, 0.10323165945164968, 0.33643122683571647], [0.21265329188678808, 0.3195814796290753, 0.26573918131034935, 0.202026047173787], [0.25129624570321085, 0.3224421341818931, 0.1107109986153505, 0.3155506214995456], [0.1960177428309648, 0.21614087926874853, 0.2819329774894705, 0.3059084004108161], [0.20677703851712897, 0.33769602541669996, 0.23896993844567418, 0.21655699762049704], [0.28655669193191785, 0.26146319680117347, 0.09237711454068726, 0.3596029967262212], [0.22267912947179141, 0.3498762689059015, 0.19835544325173401, 0.22908915837057275], [0.325881604372057, 0.2838322115982896, 0.06899020965728841, 0.3212959743723651], [0.19199597818364456, 0.3375711634245226, 0.27708232060847104, 0.19335053778336178], [0.285805280991713, 0.2834575472422978, 0.13578490194645887, 0.29495226981953043], [0.3335659134515574, 0.23500015943515035, 0.06211801646430099, 0.36931591064899133], [0.2243958533299284, 0.27653730915341396, 0.26999090914796275, 0.22907592836869517], [0.20272747670573174, 0.32712251584843854, 0.21990784304760816, 0.25024216439822117], [0.12449438991578066, 0.20582627029339481, 0.5494299529513348, 0.12024938683949021], [0.2472129610318606, 0.2938960478792826, 0.28053306605263484, 0.17835792503622191], [0.1622571255046456, 0.3113732583777918, 0.2711809534321484, 0.25518866268541407], [0.2030164239644615, 0.2780414020560834, 0.31241775505688973, 0.20652441892256512], [0.3060159396145052, 0.2736290671347149, 0.10058773933546448, 0.3197672539153156], [0.2607892607276305, 0.2492323251599248, 0.15621962794935537, 0.33375878616308935], [0.23207595151641805, 0.21048681427495272, 0.34231480106106654, 0.21512243314756238], [0.24628729751014927, 0.32763084775473494, 0.1341985700130367, 0.29188328472207886], [0.270791277180495, 0.30067894150325686, 0.11388260799818041, 0.3146471733180674], [0.23975421940796945, 0.1814080304509296, 0.3626575777332646, 0.21618017240783644], [0.25942820309191916, 0.29450831751786544, 0.16849009807946125, 0.27757338131075426], [0.2819640319948695, 0.31258604480566127, 0.08882198504620438, 0.31662793815326457], [0.21816552149189755, 0.3416450723563538, 0.2757313444210998, 0.1644580617306488], [0.3203703119299212, 0.26728221624449605, 0.13500018291861746, 0.27734728890696525]]}, "rewritten": {"ids": ["97105960", "97106770", "97107821", "97108520", "97113260", "97116500", "98107010", "98107380", "98108520", "98108970", "98109230", "98110680", "98111670", "98112580", "98116090", "98116500", "98116940", "99108080", "99108330", "99109141", "99109311", "99109370", "99109740", "99109840", "99110050", "99111620", "99111930", "99112531", "99112641", "99114890", "99119830", "100108080", "100110050", "100110260", "100117420", "101108621", "101109370", "101110200", "101110740", "101116130", "102109850", "102113981", "102118380", "103109791", "103111480", "103111620", "103113170", "103120290", "103120531", "104111531", "104111711", "104111830", "104111880", "104113000", "104113170", "104113190", "104116800", "104118340", "104119290", "104119340", "105113170", "105113440", "105115680", "105116650", "105117431", "105118230", "106113360", "106114280", "106114321", "106114880", "106115120", "106116120", "106117650", "106118820", "107113130", "107114110", "107114200", "107114621", "107119130", "108113740", "108113760", "108114360", "108115070", "108115880", "108117360", "108118630", "108119330", "108120060", "109113881", "109115220", "109116040", "109116441", "109116750", "109117080", "109117110", "109117271", "109118231", "109119010", "109119591", "109120560", "110114651", "110115890", "110115980", "110116300", "110116441", "110117110", "110118111", "110118161", "110118701", "110118880", "110120560", "110120700", "110121140", "110121450", "111115780", "111116040", "111116090", "111116110", "111116530", "111117000", "111118820", "111119150", "111120280", "111120320", "111121930", "112117780", "112118530", "112119320", "112119980", "112121010", "113118820", "113118870", "113119300", "113119340", "113119450", "113120070", "113120751", "113121190", "113121950", "113121980", "113122230", "113122320"], "labels": [2, 3, 2, 2, 1, 2, 3, 1, 2, 3, 1, 2, 1, 2, 0, 2, 2, 3, 1, 3, 1, 1, 3, 2, 3, 3, 1, 3, 1, 2, 1, 0, 3, 3, 2, 0, 1, 2, 3, 2, 1, 1, 1, 3, 0, 0, 3, 2, 3, 0, 1, 3, 3, 1, 3, 3, 1, 2, 1, 1, 0, 0, 2, 1, 1, 1, 0, 3, 2, 0, 1, 1, 1, 3, 1, 1, 2, 0, 1, 3, 1, 1, 1, 3, 1, 1, 0, 1, 0, 3, 0, 3, 0, 1, 1, 0, 1, 3, 0, 1, 3, 2, 1, 3, 3, 0, 1, 0, 3, 0, 0, 2, 3, 3, 1, 0, 3, 3, 3, 0, 0, 3, 0, 1, 1, 0, 1, 1, 0, 2, 0, 0, 1, 0, 3, 2, 1, 1, 3, 2, 1, 1], "predicted_labels": [3, 0, 0, 0, 3, 0, 0, 3, 0, 1, 0, 2, 3, 3, 3, 3, 1, 0, 0, 0, 1, 3, 1, 2, 3, 3, 1, 0, 0, 2, 1, 0, 3, 0, 3, 1, 3, 1, 1, 3, 0, 0, 3, 0, 3, 0, 1, 2, 0, 3, 3, 3, 3, 0, 3, 0, 0, 1, 3, 3, 3, 0, 1, 0, 0, 1, 0, 3, 0, 0, 0, 3, 3, 3, 2, 3, 3, 3, 3, 0, 0, 1, 0, 3, 3, 3, 3, 1, 3, 3, 3, 0, 1, 1, 3, 3, 3, 3, 0, 3, 3, 3, 3, 1, 0, 2, 0, 0, 0, 1, 3, 1, 0, 3, 3, 3, 0, 3, 0, 3, 0, 3, 3, 3, 0, 0, 1, 2, 3, 0, 0, 3, 3, 0, 0, 1, 0, 0, 2, 3, 1, 0], "confidence_scores": [[0.2414800182163574, 0.2571385180562458, 0.23347113400595634, 0.26791032972144047], [0.2905359221282791, 0.21562597542557724, 0.2344176330278356, 0.25942046941830815], [0.33198324305201155, 0.22118664486128178, 0.10257307817793576, 0.3442570339087708], [0.2900129423933788, 0.2775351929617348, 0.14626180486238138, 0.28619005978250506], [0.2316251754347643, 0.23563778970586624, 0.20773168395230188, 0.3250053509070672], [0.3291474588018389, 0.20401709891688807, 0.17368554587720372, 0.29314989640406924], [0.30861034788534203, 0.25895547804872826, 0.13468059614734962, 0.29775357791857987], [0.29946684627188697, 0.27352000957653094, 0.12378307513867784, 0.30323006901290434], [0.3025630828658908, 0.28127041343763676, 0.09774735445021883, 0.3184191492462535], [0.26384350520573335, 0.30746467918676895, 0.14673091887836032, 0.2819608967291374], [0.26262022462390844, 0.2226405346015555, 0.29242081358222866, 0.22231842719230735], [0.2243278011841396, 0.2715238374368601, 0.28553583387583326, 0.21861252750316704], [0.23895047180906367, 0.21152106047355468, 0.2667881248832297, 0.28274034283415206], [0.254470448174964, 0.27555335734597514, 0.18385712191727718, 0.2861190725617839], [0.25018593197087036, 0.2751727401771433, 0.18591944104443872, 0.28872188680754757], [0.2981207977986931, 0.2615698341004161, 0.09405901184987134, 0.3462503562510196], [0.27347230911656895, 0.3339957470945506, 0.12092760907915966, 0.27160433470972084], [0.33311512896434087, 0.23471023376165476, 0.11000976006752314, 0.3221648772064812], [0.2752882436610932, 0.2536724706391014, 0.17450927573557712, 0.29653000996422807], [0.2866358479180288, 0.2980466602508754, 0.13018610070973, 0.2851313911213653], [0.24629293387733164, 0.2706698372199084, 0.20921659160853348, 0.27382063729422645], [0.28254050283021354, 0.2230892349843136, 0.1662504381595197, 0.3281198240259529], [0.18673493230401655, 0.3118691114741898, 0.24239905303962245, 0.25899690318217117], [0.15620522823813082, 0.2773683646351775, 0.33411225177335513, 0.23231415535333663], [0.24008485765300133, 0.2601473702160903, 0.16795972820586336, 0.33180804392504476], [0.2945574556588423, 0.2697587463386633, 0.10882320004683357, 0.3268605979556611], [0.1901428708509445, 0.28671878229086073, 0.2832870402264775, 0.2398513066317172], [0.35985473012588015, 0.20762085854635537, 0.06692469200778842, 0.365599719319976], [0.31346809648072693, 0.28430510629290984, 0.09747188664855255, 0.30475491057781084], [0.16531826093541385, 0.275132278244375, 0.3334493271304174, 0.22610013368979354], [0.25309404986866935, 0.284247499060128, 0.17735201023163735, 0.28530644083956525], [0.32192656334317526, 0.2982564453221167, 0.05339080517075585, 0.3264261861639519], [0.18477787313703029, 0.2686210299517267, 0.20853500812654566, 0.3380660887846971], [0.3414305749184859, 0.23594449686189423, 0.0845110778625489, 0.3381138503570711], [0.2201742735974662, 0.23674985246436678, 0.24431584099239786, 0.29876003294576936], [0.26191847106922844, 0.3249694498668066, 0.10965393516362022, 0.30345814390034465], [0.27204469810132004, 0.25568398243008283, 0.16137011622187103, 0.3109012032467261], [0.26831241560461394, 0.31937494997032867, 0.10769920246624529, 0.30461343195881235], [0.1943469704425645, 0.2958083446034188, 0.26453499724505486, 0.24530968770896186], [0.2742463033790973, 0.21834156258437823, 0.1734927854400442, 0.3339193485964806], [0.2596699026492388, 0.27414220299717906, 0.20294925793861468, 0.26323863641496736], [0.30526456667187385, 0.29206832415234574, 0.09023086173454882, 0.3124362474412318], [0.26631410204495715, 0.2690248324446831, 0.16732280262029206, 0.29733826289006776], [0.3036786877330058, 0.2049744696985599, 0.1934845845474832, 0.297862258020951], [0.2658618981195998, 0.2789150071530707, 0.1430722697549767, 0.3121508249723527], [0.2884784108237899, 0.27160905769690563, 0.1519676867810554, 0.28794484469824877], [0.2565543157065164, 0.2816386438783524, 0.18818958982975878, 0.27361745058537285], [0.13877465312373208, 0.25077255579751057, 0.46327283232292626, 0.1471799587558313], [0.3294863496751696, 0.24149680570229376, 0.08701624380625432, 0.34200060081628253], [0.28554486549180164, 0.2666184570623799, 0.11127037233525053, 0.33656630511056773], [0.25738079145430326, 0.23433326904545984, 0.2123198195145805, 0.2959661199856565], [0.25589912297830475, 0.26304677150442585, 0.18471414248764234, 0.29633996302962695], [0.2814068922637192, 0.21586911597895042, 0.16368975318493162, 0.33903423857239867], [0.3394090151394018, 0.21200033838324958, 0.09400146733852548, 0.3545891791388232], [0.26840345346131506, 0.27492384953368065, 0.16274821803825482, 0.29392447896674934], [0.3179885851348448, 0.2605952802269024, 0.11051239784485188, 0.31090373679340083], [0.2913977804539339, 0.2622617225665805, 0.13276674414579312, 0.3135737528336927], [0.2783357953217447, 0.29127281992701315, 0.15455806148522885, 0.2758333232660133], [0.28491080474186986, 0.27368647529068607, 0.1045229030734721, 0.33687981689397184], [0.3093383903261693, 0.24572473151779683, 0.10645594174941438, 0.33848093640661975], [0.31666936977145527, 0.2391454819417693, 0.08283175960257182, 0.36135338868420347], [0.31303917113244, 0.2459690978893345, 0.12822186267329305, 0.3127698683049324], [0.18354835851731288, 0.3702478726062277, 0.19648440521462918, 0.2497193636618306], [0.2815511136488883, 0.286325825518442, 0.1559054789230437, 0.276217581909626], [0.3043648376737192, 0.297115024615878, 0.10690711941304944, 0.2916130182973536], [0.28937834399303936, 0.31897675389331864, 0.09970335660512594, 0.29194154550851603], [0.299015633873398, 0.28683335370997887, 0.10735853767128509, 0.3067924747453379], [0.2664594721985271, 0.28568866187912545, 0.1360728991593795, 0.3117789667629682], [0.29510790626096256, 0.24229714268764246, 0.1606047948164439, 0.30199015623495135], [0.28790075011511296, 0.2900793850473091, 0.15770742246669817, 0.26431244237087953], [0.3353158243639986, 0.2912368814480346, 0.05498069963291143, 0.3184665945550555], [0.2576747930830118, 0.23668618918746875, 0.16409229770743242, 0.34154672002208675], [0.29230643769033204, 0.26289147305267974, 0.12402492895999204, 0.3207771602969962], [0.332748475210768, 0.2401321288694572, 0.06736062283980274, 0.35975877307997217], [0.2311134009540819, 0.26239390349478786, 0.28302881455945295, 0.22346388099167733], [0.29776742371947157, 0.2084302507286218, 0.1272958223286801, 0.36650650322322637], [0.32293157751884083, 0.24742540747255798, 0.07852346486468992, 0.3511195501439114], [0.32623859696858337, 0.2583044305187846, 0.04898788966715369, 0.36646908284547824], [0.31141864120394386, 0.263344494141576, 0.07773449325956865, 0.3475023713949115], [0.36021463437904444, 0.20153279618289532, 0.08414262164228492, 0.3541099477957754], [0.3207628908623516, 0.25239499194732773, 0.10673017481008167, 0.320111942380239], [0.22821831392788294, 0.2882070928024372, 0.23033133154019997, 0.25324326172947986], [0.3159637861938651, 0.23919460970143974, 0.13640764566907057, 0.30843395843562466], [0.31554410527834964, 0.2205308796265842, 0.12575414402286464, 0.33817087107220106], [0.2286180294116213, 0.23673065181489372, 0.26157330714786386, 0.27307801162562073], [0.2417436097184386, 0.26927043267352635, 0.1821522615564991, 0.3068336960515357], [0.3186212821582179, 0.23119402569052325, 0.10922829877264516, 0.34095639337861383], [0.2757174158923407, 0.30924717081614794, 0.20652789833863802, 0.20850751495287315], [0.31174537071825775, 0.25037655312690404, 0.08493123321646319, 0.352946842938375], [0.34073725177784925, 0.22275796958475594, 0.07051994011444823, 0.36598483852294655], [0.3013759554457669, 0.20359947706580184, 0.15542280348326856, 0.33960176400516284], [0.32778475395546075, 0.27268500792989553, 0.060030736207456775, 0.3394995019071868], [0.25406052819821723, 0.3326701942695695, 0.15347794847183802, 0.2597913290603749], [0.25887261292724456, 0.34757420439061765, 0.09860104524713484, 0.29495213743500326], [0.25526201348878114, 0.27503571360666285, 0.1431481305570147, 0.3265541423475414], [0.3147032678687595, 0.2141897944012088, 0.1096516075588675, 0.361455330171164], [0.31083677868489684, 0.26280201053995084, 0.08878869135543956, 0.33757251941971284], [0.26526834877927985, 0.2112292781097682, 0.21096031808429003, 0.31254205502666216], [0.3009915957463253, 0.264877697089094, 0.13255636961502204, 0.30157433754955865], [0.21269266085332586, 0.2729905338617483, 0.23487622216140785, 0.27944058312351805], [0.27815981516111166, 0.29159838510917957, 0.08001106127263459, 0.3502307384570742], [0.26005939778358605, 0.2651803180735879, 0.1468770908497867, 0.3278831932930395], [0.2669933690054802, 0.24723322261778094, 0.16856977431529477, 0.31720363406144414], [0.26389958624563975, 0.2989427028348865, 0.1521309752369245, 0.2850267356825493], [0.260825826053141, 0.2608730646371809, 0.23672147808947888, 0.24157963122019935], [0.20171775150981833, 0.27456306761984883, 0.3100497744252075, 0.21366940644512522], [0.3405286500741433, 0.25356517678545676, 0.07007119458325015, 0.3358349785571499], [0.30989506210722034, 0.2742161888461217, 0.10171220452685115, 0.31417654451980637], [0.2936765265264475, 0.2666396015414937, 0.13427197252571973, 0.3054118994063391], [0.2843317511205837, 0.31301606749784805, 0.08864511907479847, 0.3140070623067697], [0.28679975361801985, 0.2274612618724285, 0.16699998621928666, 0.31873899829026514], [0.2672063982183572, 0.31833466410433864, 0.184208181229762, 0.23025075644754228], [0.31318002077923, 0.24482633904136383, 0.15413424666226622, 0.2878593935171398], [0.29246237761503907, 0.3068183148290593, 0.05863858166990301, 0.3420807258859985], [0.3016846040944434, 0.2536826160836663, 0.12220590682195871, 0.3224268729999315], [0.297636805979955, 0.2374099296989938, 0.11774690677995703, 0.34720635754109397], [0.34713898443770697, 0.2349198297670026, 0.05828111926512628, 0.3596600665301643], [0.288518660024535, 0.214303637298054, 0.14058974828747925, 0.35658795438993146], [0.28560626714210874, 0.28359762264580174, 0.15060193380524892, 0.2801941764068405], [0.23692452960369792, 0.2708181386942189, 0.2225039302490806, 0.2697534014530023], [0.3388748500898289, 0.20624504274847882, 0.09336783744720006, 0.3615122697144925], [0.31085372248437243, 0.257979710303779, 0.0889458291485992, 0.3422207380632492], [0.31064486603794483, 0.2457606873904281, 0.07689583945833263, 0.36669860711329466], [0.3139272355068402, 0.24593782146678933, 0.091505974039663, 0.34862896898670737], [0.3483292085475722, 0.21418904558004018, 0.07201574381103111, 0.3654660020613565], [0.3179819954780683, 0.260172654227386, 0.10005828663592793, 0.32178706365861787], [0.22954709987055272, 0.33191957862897076, 0.22341853367039322, 0.21511478783008345], [0.19013870189591042, 0.24052514925275184, 0.3051989243395638, 0.26413722451177396], [0.3270680538420534, 0.2474919467088989, 0.08191279287541253, 0.3435272065736353], [0.31530952312998173, 0.27088746098591115, 0.08560722126829916, 0.32819579461580806], [0.3200880599608064, 0.2523216875859763, 0.11056124106845285, 0.3170290113847646], [0.26875685937259414, 0.28514188152601444, 0.12578771126341326, 0.3203135478379779], [0.344123399749881, 0.21856167455959846, 0.07143861850603375, 0.36587630718448716], [0.3389189875669885, 0.24776867951010473, 0.06115481460154107, 0.35215751832136566], [0.3387999276411331, 0.2336081665137529, 0.07492186037088956, 0.35267004547422476], [0.2603647084248049, 0.26731018165232395, 0.19427986123971924, 0.27804524868315184], [0.2664427427563616, 0.27520477376721403, 0.17522044380000426, 0.28313203967642014], [0.34100250421861067, 0.236673737312846, 0.062209549828272384, 0.36011420864027105], [0.25185581358107934, 0.22410905990088817, 0.25801409764208577, 0.2660210288759465], [0.2796739506947443, 0.2513528799643819, 0.14140347494957173, 0.32756969439130207], [0.2518028996772673, 0.2873607413130913, 0.2188129922234369, 0.24202336678620454], [0.336669684529199, 0.2463624153590728, 0.08070428659796453, 0.33626361351376355]]}}