{"test": {"ids": ["97112290", "101108370", "99108010", "109119450", "102110050", "102112301", "97107260", "110114651", "112117580", "99111340", "103113640", "112119580", "105112260", "112120270", "101114990", "111119340", "113122190", "104111380", "104111711", "99108330", "105113170", "112116640", "99107560", "110120540", "100117420", "112119500", "110115710", "112117571", "111119300", "97113260", "109118701", "103113101", "99112531", "109114720", "113120601", "101115190", "111120260", "111120591", "109118820", "110117140", "111121220", "105117351", "110121500", "111116110", "111121930", "112117780", "112121010", "105113480", "104112470", "110117080", "103112470", "107118520", "110118630", "100109000", "102113350", "112117660", "104114320", "108118520", "101110150", "98106111", "97109570", "104118070", "113122150", "104112201", "111115400", "98106880", "107116300", "97109080", "97106970", "108121351", "100108990", "109117431", "111120531", "99120010", "101109370", "100108490", "104117200", "106113190", "98109570", "108115880", "100108520", "113120070", "108114040", "111117000", "112116990", "112120630", "105113210", "100111080", "110117110", "108116501", "110120531", "113119360", "112119980", "110114950", "113122320", "105116441", "105112100", "98110230", "113121410", "105113260", "113122430", "102110850", "109113881", "107114780", "110119891", "102109010", "101110200", "111121351", "112118581", "109117630", "98109230", "105120621", "111118820", "113118421", "110119300", "107120260", "113119120", "104110960", "111114171", "97112300", "108115970", "105116980", "105116501", "97107040", "107114280", "109116750", "108113740", "99109740", "112120990", "103111170", "109115220", "113122220", "99109141", "107114321", "99108080", "104117630", "104113380", "108120260", "101112690", "104116980", "110114720", "102109840"], "labels": [1, 1, 2, 3, 3, 1, 2, 3, 0, 1, 1, 3, 3, 0, 3, 3, 1, 3, 1, 1, 0, 0, 1, 1, 2, 2, 2, 3, 1, 1, 3, 3, 3, 0, 2, 1, 3, 1, 3, 3, 3, 0, 3, 3, 1, 0, 2, 0, 1, 1, 1, 2, 1, 1, 3, 0, 2, 0, 1, 0, 0, 2, 2, 0, 0, 0, 0, 2, 2, 3, 2, 1, 0, 2, 1, 2, 3, 0, 1, 3, 2, 2, 0, 0, 0, 3, 3, 0, 0, 0, 0, 0, 0, 0, 1, 1, 1, 3, 0, 3, 2, 3, 0, 2, 3, 1, 2, 0, 1, 0, 1, 1, 0, 3, 1, 1, 3, 2, 3, 2, 2, 0, 1, 2, 3, 0, 3, 3, 2, 2, 3, 1, 3, 0, 3, 0, 1, 1, 1, 1, 3, 2], "predicted_labels": [1, 0, 1, 3, 3, 1, 3, 3, 3, 1, 0, 3, 1, 1, 3, 3, 3, 3, 1, 1, 3, 3, 3, 1, 3, 1, 0, 3, 3, 3, 3, 1, 1, 1, 3, 1, 0, 3, 1, 1, 3, 3, 1, 3, 3, 0, 1, 3, 3, 3, 3, 3, 3, 1, 1, 3, 2, 1, 3, 1, 1, 3, 3, 3, 3, 3, 3, 1, 1, 3, 1, 1, 3, 3, 2, 3, 3, 0, 3, 1, 0, 1, 3, 3, 3, 3, 3, 0, 3, 3, 3, 1, 3, 3, 3, 1, 3, 0, 3, 1, 1, 1, 0, 1, 3, 1, 1, 1, 1, 1, 1, 3, 0, 3, 3, 1, 3, 3, 3, 3, 3, 3, 1, 1, 1, 1, 3, 3, 1, 3, 3, 3, 1, 3, 1, 3, 1, 1, 0, 1, 1, 1], "confidence_scores": [[0.25006208891968185, 0.26781103421963787, 0.21689152328234393, 0.2652353535783365], [0.3372082885762592, 0.17880888552578345, 0.19311069191016986, 0.29087213398778755], [0.23612288692342148, 0.3040919094804996, 0.23108762510148653, 0.2286975784945924], [0.16388293301904952, 0.2780914672280882, 0.21488207930544434, 0.3431435204474182], [0.21785968079708404, 0.27273621840156365, 0.22304389929285004, 0.28636020150850267], [0.24641169098271734, 0.3462282587391766, 0.1609847953710039, 0.24637525490710224], [0.19196326185895518, 0.24622404748326024, 0.2689720183302309, 0.2928406723275539], [0.2711219560936057, 0.27138168097669607, 0.15468710541992484, 0.30280925750977344], [0.19135427290475623, 0.2882472153663727, 0.1842605917175414, 0.33613792001132986], [0.2196759116638224, 0.2834404593841987, 0.2518139243634877, 0.2450697045884912], [0.34209560356221225, 0.2438839016432706, 0.15700843991463423, 0.25701205487988316], [0.21189013323211442, 0.2950242498277884, 0.15846253996076162, 0.3346230769793353], [0.19781616565967147, 0.3465377147263337, 0.15011737656175422, 0.3055287430522407], [0.20820164179274311, 0.3060490349445069, 0.21579973859476195, 0.2699495846679884], [0.2080511197360624, 0.2987730272322538, 0.18501532573660676, 0.3081605272950771], [0.20407056211040633, 0.25459953378607597, 0.1867301972911763, 0.3545997068123414], [0.24947396920204143, 0.2764235034453744, 0.18272560616346906, 0.2913769211891152], [0.25303571334777947, 0.2734267224751944, 0.18667022189428806, 0.2868673422827382], [0.2224428039981417, 0.2833550114315791, 0.2231227894406882, 0.2710793951295912], [0.179820451738266, 0.34873993176563134, 0.2311812300116074, 0.2402583864844952], [0.21596994111355552, 0.29077386326699883, 0.18214278410639584, 0.31111341151304983], [0.2479452135383503, 0.26694605096173774, 0.15783840972663596, 0.3272703257732761], [0.22802035719247576, 0.25089217079566956, 0.20493464950086784, 0.3161528225109872], [0.19102240786475005, 0.3672092987594723, 0.16339646456605267, 0.2783718288097247], [0.19492635808829487, 0.2835138242125832, 0.2243751567756162, 0.29718466092350576], [0.20606776724078127, 0.34574148672540156, 0.178571089937087, 0.2696196560967303], [0.2976919150719813, 0.23575755898186979, 0.21998162252660947, 0.2465689034195398], [0.25186356513885366, 0.2704533894653032, 0.15258961515182307, 0.32509343024402015], [0.2146124048587159, 0.27757363369812976, 0.1727164233904353, 0.3350975380527191], [0.25203053529574104, 0.2585996739287992, 0.2050000252110455, 0.2843697655644145], [0.2938749699506459, 0.2425268710140821, 0.15638043934690052, 0.30721771968837175], [0.27124546710488484, 0.3020229888326882, 0.18215765935542513, 0.24457388470700192], [0.202862875554638, 0.3103899655368675, 0.21103421445948534, 0.2757129444490095], [0.16951564604817393, 0.3450616156310353, 0.21306779171814022, 0.2723549466026508], [0.2226356700729171, 0.2978917841747557, 0.17991049047183572, 0.29956205528049173], [0.19740717810401645, 0.31045639299436895, 0.22705385410759782, 0.265082574794017], [0.31261088268513293, 0.27642752527064235, 0.14676360224401883, 0.2641979898002059], [0.2359002650486106, 0.2526604970584751, 0.18653989809044946, 0.3248993398024647], [0.21795732764708764, 0.3216120868902113, 0.1948503871821978, 0.2655801982805035], [0.21324701386347833, 0.2758862983833056, 0.2381809100930942, 0.2726857776601221], [0.26295799889437627, 0.2853256272707964, 0.14080056516039854, 0.31091580867442886], [0.23628864934673882, 0.2836260772012943, 0.17423620302415416, 0.3058490704278129], [0.2853751613294324, 0.2924343919076431, 0.1560675969231054, 0.26612284983981954], [0.22179058483464809, 0.222342830649145, 0.18011434380958008, 0.37575224070662677], [0.2504749991095841, 0.2901033122085068, 0.16015338658894154, 0.29926830209296745], [0.28942338765560216, 0.2804817994651535, 0.18700672578768035, 0.2430880870915642], [0.20869342403048793, 0.2961516499268322, 0.20696771478803924, 0.28818721125464075], [0.1511770463488765, 0.2743675971402983, 0.2063234980664333, 0.36813185844439217], [0.22626207210422902, 0.27018823793471575, 0.20715906744274876, 0.2963906225183065], [0.18108941031396267, 0.28195058153633573, 0.193889321590135, 0.34307068655956674], [0.2754831779275599, 0.27331085516884207, 0.15337182951301181, 0.2978341373905861], [0.16054796772634894, 0.2886165038720474, 0.19858267016243508, 0.3522528582391687], [0.23135984414086, 0.2764748706915314, 0.19965405813426484, 0.29251122703334403], [0.22625469515337518, 0.28816681222980084, 0.23988138211123988, 0.2456971105055843], [0.20042723317338976, 0.30029478049603126, 0.24484217614167111, 0.2544358101889078], [0.25136071095718476, 0.2825374019847612, 0.15360971546612046, 0.3124921715919339], [0.21478397986898465, 0.2597799261311849, 0.2942721941389657, 0.23116389986086483], [0.2004575799020908, 0.30016805627673965, 0.2190559879904515, 0.2803183758307182], [0.26010737643011217, 0.2349705955518468, 0.15355543754366982, 0.3513665904743713], [0.24090681637773165, 0.31102792473597596, 0.1828258980650547, 0.2652393608212377], [0.2187942238384776, 0.28800114199482035, 0.22657457383692667, 0.26663006032977554], [0.21894766133348864, 0.24734413161950453, 0.26374130846626986, 0.26996689858073714], [0.2093184925822049, 0.294707480379526, 0.1687514424784259, 0.3272225845598434], [0.30582982256708574, 0.22158092661944573, 0.14823454694100827, 0.32435470387246035], [0.24581250017879092, 0.27198751092577, 0.193698369096667, 0.2885016197987722], [0.22500213088899218, 0.24738087661662644, 0.2603906232034039, 0.26722636929097765], [0.24594211278393693, 0.266465379868482, 0.15948143284255742, 0.3281110745050235], [0.19295084636766538, 0.3211161284525138, 0.19095309426000476, 0.2949799309198165], [0.19305581788687864, 0.2872840763997462, 0.23933400836712476, 0.28032609734625047], [0.2152293878883163, 0.2849360583384285, 0.17733125262707142, 0.3225033011461839], [0.2187938256111021, 0.28083760606239794, 0.22331769134745752, 0.27705087697904246], [0.2208135577523502, 0.3375090342203071, 0.19814533328641548, 0.24353207474092717], [0.2027005290249085, 0.2707194555740269, 0.16122554968772693, 0.365354465713338], [0.19009930435856334, 0.277158844667998, 0.21115469780062468, 0.3215871531728141], [0.2211653539198174, 0.2649523281658124, 0.26793304411186364, 0.24594927380250675], [0.17441585178423705, 0.27279302202514244, 0.22409661582856827, 0.32869451036205244], [0.17332193823875236, 0.2611587920632281, 0.20811807031704663, 0.3574011993809729], [0.2967572712229671, 0.27835575366566223, 0.17221249246232243, 0.2526744826490484], [0.2535109890393561, 0.21080040021981755, 0.1685209832037017, 0.3671676275371248], [0.19843191916134334, 0.33264039572324544, 0.20069978635829422, 0.2682278987571167], [0.28784277027554306, 0.2028794304864558, 0.23269051112806452, 0.2765872881099366], [0.23723513448696903, 0.2610477839739312, 0.25385793792713246, 0.24785914361196745], [0.2078453714451665, 0.27830043726848896, 0.18798932395984946, 0.32586486732649517], [0.22050998481569775, 0.27484566989459797, 0.1896237577743774, 0.3150205875153271], [0.25782373114517676, 0.22630305875617707, 0.13856250391398722, 0.377310706184659], [0.2666168171070806, 0.23612381159455353, 0.17550889046806867, 0.32175048083029756], [0.28409114557136034, 0.257188484004729, 0.14531247787513007, 0.31340789254878065], [0.27132521662439923, 0.24731729725591792, 0.22041161306568788, 0.2609458730539952], [0.24061425062828076, 0.2713583238534507, 0.18596701555925413, 0.3020604099590144], [0.289901125880714, 0.24841128721983655, 0.15884775378600563, 0.3028398331134439], [0.23824567823382437, 0.26785274757511734, 0.18081639119628587, 0.3130851829947727], [0.2679254176830303, 0.2837287437076181, 0.16608832343612093, 0.2822575151732309], [0.25723320752837325, 0.29162251941633277, 0.14481222940913885, 0.3063320436461553], [0.2364276618044746, 0.2679761864891017, 0.17082404024180492, 0.3247721114646188], [0.23624054337639652, 0.2771119463388787, 0.1849026050157745, 0.3017449052689504], [0.21071420577306157, 0.34727408909519825, 0.17469877570272768, 0.2673129294290126], [0.2840351652934071, 0.24614426372977513, 0.1761142658568957, 0.29370630511992213], [0.33540565876671435, 0.2663285999985907, 0.15084646173539715, 0.2474192794992978], [0.308601355229711, 0.1994980417995871, 0.14176167898191994, 0.3501389239887822], [0.24052490732914525, 0.33743902047907326, 0.1236224033977737, 0.298413668794008], [0.21949215125880478, 0.3103751371968493, 0.20902514490375107, 0.2611075666405953], [0.20390030100831044, 0.2875425285716816, 0.25407252667104996, 0.2544846437489583], [0.3068168916165155, 0.24861249291236065, 0.17052455910764638, 0.2740460563634777], [0.2635585313554355, 0.298162671416282, 0.18548370269967618, 0.2527950945286063], [0.19289496634746506, 0.32548923646430955, 0.15502914657479727, 0.3265866506134283], [0.23082172753941435, 0.3003508715346136, 0.18880761127486576, 0.2800197896511063], [0.21338582703013154, 0.35308929210406304, 0.18164407119997017, 0.2518808096658354], [0.26370011375950214, 0.28243297542920703, 0.1882491688463718, 0.26561774196491894], [0.20139661684912127, 0.3017638831262217, 0.20396710031391774, 0.2928723997107394], [0.25743796274141806, 0.29886375479333643, 0.22419720634971685, 0.219501076115529], [0.23515436110962135, 0.29017492838137204, 0.21558874611149506, 0.25908196439751174], [0.2532990779602055, 0.20461535705922226, 0.13678496698431325, 0.405300597996259], [0.31055698209212523, 0.24569348935319443, 0.17297898480881876, 0.2707705437458619], [0.27855260495390577, 0.2433353775288543, 0.1692779422514206, 0.30883407526581946], [0.2485692238505798, 0.26171189171244946, 0.1737355722489431, 0.3159833121880278], [0.2208708283124638, 0.35893590393457814, 0.16362837070067868, 0.2565648970522797], [0.24446125683921763, 0.2331080340427511, 0.22242241311922165, 0.30000829599880985], [0.25812651216528243, 0.2627029793468978, 0.17413045928949228, 0.30504004919832756], [0.25162469102169227, 0.2758063386779194, 0.16391905887572705, 0.3086499114246612], [0.26017519605950273, 0.27219697884328253, 0.17419452270924116, 0.2934333023879738], [0.21533604122394479, 0.30776612505558787, 0.16522306852687826, 0.3116747651935893], [0.2637924587728129, 0.24708662905643689, 0.1925836187133515, 0.29653729345739865], [0.2913953208142363, 0.3013604950609095, 0.12649144709592244, 0.28075273702893183], [0.24600453034410555, 0.26418111318430487, 0.23428079219934456, 0.25553356427224533], [0.2138885512480539, 0.3271918499536799, 0.18808622751577964, 0.27083337128248663], [0.2556138134305546, 0.34655874714116053, 0.16539175495017314, 0.23243568447811178], [0.19765926119775376, 0.3035900735388672, 0.19504999532086148, 0.3037006699425178], [0.17040308919136446, 0.27084775411400686, 0.2582982007856749, 0.30045095590895415], [0.25112672544700837, 0.2928009683069993, 0.18676443916515884, 0.26930786708083365], [0.24948007364333172, 0.2590942169881235, 0.16995979019489255, 0.3214659191736524], [0.20625530567614014, 0.2377605950068649, 0.19587233522993994, 0.36011176408705514], [0.23805053258484385, 0.2593439595523714, 0.19120442748089453, 0.31140108038189057], [0.24097186960983635, 0.29305377464860843, 0.1817132861159279, 0.28426106962562747], [0.23836556072648313, 0.2703349742143868, 0.13653366670566133, 0.35476579835346866], [0.21370913421837073, 0.34147446421771704, 0.22938830235040616, 0.21542809921350606], [0.26149619269717994, 0.2525182589755424, 0.2123297235353364, 0.2736558247919414], [0.23935854867998085, 0.29002222131502364, 0.19347049754469875, 0.27714873246029703], [0.2854275753908302, 0.31009081299494157, 0.16572881438670492, 0.2387527972275236], [0.26192812776830066, 0.258156675940527, 0.219850368784353, 0.26006482750681936], [0.21934076420667267, 0.3485717715647371, 0.1711031506573382, 0.26098431357125207], [0.21588660979188629, 0.3164083792925296, 0.23588443933191033, 0.23182057158367403], [0.21474544890739314, 0.3102478356577249, 0.18984246380038505, 0.28516425163449727]]}, "rewritten": {"ids": ["97106970", "97107040", "97107260", "97109080", "97109570", "97112290", "97112300", "97113260", "98106111", "98106880", "98109230", "98109570", "98110230", "99107560", "99108010", "99108080", "99108330", "99109141", "99109740", "99111340", "99112531", "99120010", "100108490", "100108520", "100108990", "100109000", "100111080", "100117420", "101108370", "101109370", "101110150", "101110200", "101112690", "101114990", "101115190", "102109010", "102109840", "102110050", "102110850", "102112301", "102113350", "103111170", "103112470", "103113101", "103113640", "104110960", "104111380", "104111711", "104112201", "104112470", "104113380", "104114320", "104116980", "104117200", "104117630", "104118070", "105112100", "105112260", "105113170", "105113210", "105113260", "105113480", "105116441", "105116501", "105116980", "105117351", "105120621", "106113190", "107114280", "107114321", "107114780", "107116300", "107118520", "107120260", "108113740", "108114040", "108115880", "108115970", "108116501", "108118520", "108120260", "108121351", "109113881", "109114720", "109115220", "109116750", "109117431", "109117630", "109118701", "109118820", "109119450", "110114651", "110114720", "110114950", "110115710", "110117080", "110117110", "110117140", "110118630", "110119300", "110119891", "110120531", "110120540", "110121500", "111114171", "111115400", "111116110", "111117000", "111118820", "111119300", "111119340", "111120260", "111120531", "111120591", "111121220", "111121351", "111121930", "112116640", "112116990", "112117571", "112117580", "112117660", "112117780", "112118581", "112119500", "112119580", "112119980", "112120270", "112120630", "112120990", "112121010", "113118421", "113119120", "113119360", "113120070", "113120601", "113121410", "113122150", "113122190", "113122220", "113122320", "113122430"], "labels": [2, 2, 2, 2, 0, 1, 2, 1, 0, 0, 1, 1, 3, 1, 2, 3, 1, 3, 3, 1, 3, 2, 2, 2, 2, 1, 0, 2, 1, 1, 1, 2, 1, 3, 1, 1, 2, 3, 3, 1, 3, 2, 1, 3, 1, 2, 3, 1, 0, 1, 1, 2, 1, 3, 0, 2, 1, 3, 0, 3, 3, 0, 1, 1, 0, 0, 1, 0, 3, 0, 2, 0, 2, 1, 3, 0, 3, 2, 0, 0, 1, 3, 0, 0, 3, 0, 1, 0, 3, 3, 3, 3, 3, 0, 2, 1, 0, 3, 1, 1, 3, 0, 1, 3, 3, 0, 3, 0, 0, 1, 3, 3, 0, 1, 3, 0, 1, 0, 0, 3, 0, 0, 0, 1, 2, 3, 0, 0, 3, 2, 2, 3, 3, 0, 2, 2, 0, 2, 1, 1, 1, 2], "predicted_labels": [3, 3, 3, 1, 3, 0, 0, 3, 1, 3, 3, 0, 0, 3, 1, 1, 1, 0, 1, 0, 3, 3, 3, 0, 0, 1, 3, 3, 0, 1, 3, 1, 3, 1, 1, 1, 1, 3, 1, 0, 3, 1, 0, 1, 0, 0, 1, 3, 3, 3, 3, 1, 0, 3, 1, 3, 3, 3, 3, 3, 0, 3, 3, 0, 0, 0, 3, 0, 3, 3, 1, 0, 1, 1, 3, 3, 1, 3, 3, 3, 0, 0, 0, 1, 3, 1, 1, 3, 0, 3, 3, 3, 1, 0, 3, 3, 1, 1, 1, 3, 3, 3, 1, 0, 3, 3, 3, 1, 3, 3, 3, 0, 3, 3, 3, 0, 1, 3, 1, 3, 3, 3, 1, 1, 1, 1, 3, 1, 3, 3, 1, 0, 3, 3, 3, 1, 0, 3, 1, 1, 1, 1], "confidence_scores": [[0.1795334681245479, 0.24053481614866562, 0.25083363987092, 0.3290980758558664], [0.20335831133926027, 0.26971149321789434, 0.24541005716212289, 0.28152013828072286], [0.22498772500043696, 0.2512376198576746, 0.2204022389355699, 0.30337241620631844], [0.21486361208302057, 0.30120318844801086, 0.19885090450473428, 0.2850822949642346], [0.26716292742663705, 0.2523020348212546, 0.21087830446628544, 0.26965673328582324], [0.2992268317912299, 0.25179768580090867, 0.1802864254506337, 0.26868905695722783], [0.30011937857500615, 0.22632270104716656, 0.18914800530242848, 0.28440991507539903], [0.22792240826995724, 0.21621634585057292, 0.19365070444252552, 0.36221054143694437], [0.24602677092461783, 0.28196260171913273, 0.22214909407352604, 0.24986153328272348], [0.2260510519141786, 0.2558255976719311, 0.2278829591426199, 0.2902403912712705], [0.27155169908483195, 0.24923956244871115, 0.19775736514706652, 0.2814513733193906], [0.3107711916140064, 0.2221523183748776, 0.15711116911978468, 0.3099653208913314], [0.3022414410969266, 0.2813370417090563, 0.14749733514311866, 0.2689241820508987], [0.24629864997423706, 0.2670174113470856, 0.17975161925845376, 0.30693231942022364], [0.268378026838763, 0.28273353626612463, 0.19812217931899925, 0.25076625757611315], [0.26617624668688916, 0.29839360048175834, 0.17364244110025848, 0.26178771173109416], [0.2162717661174585, 0.3179135960131362, 0.20004692561517223, 0.26576771225423323], [0.3464787377661068, 0.2673173790354166, 0.15680257288970595, 0.22940131030877073], [0.1970943817912484, 0.29762123184170525, 0.21721288878019607, 0.28807149758685063], [0.2780771414033124, 0.2685962561057988, 0.2256177031032075, 0.22770889938768124], [0.26806976360231366, 0.28618570218286854, 0.15808942838535342, 0.2876551058294644], [0.2470088149790706, 0.27242737021810925, 0.18655445620296343, 0.2940093585998571], [0.2446284213871512, 0.27153726067645023, 0.20575375278510522, 0.2780805651512934], [0.30258723477668753, 0.21236980295617156, 0.20929954288037625, 0.27574341938676455], [0.2849313309756797, 0.2579679842145968, 0.18109639478540557, 0.2760042900243182], [0.28112587278726703, 0.28254537444122724, 0.21660778554347038, 0.21972096722803547], [0.24894577970945989, 0.28307670690797426, 0.1671800044831989, 0.3007975088993671], [0.2534576820565315, 0.263156580413016, 0.21519743158024, 0.2681883059502125], [0.37108633861548285, 0.20555749223441525, 0.1532969404859061, 0.2700592286641957], [0.26999585811383076, 0.28774732205278925, 0.165746324952548, 0.2765104948808322], [0.26061078800978005, 0.24132894753002052, 0.19336405875457374, 0.30469620570562594], [0.20834539936069624, 0.3564480053334344, 0.1720942270017642, 0.26311236830410517], [0.23438218076370507, 0.27286601949657835, 0.20117611797097903, 0.2915756817687377], [0.2136047569012943, 0.33384440705047963, 0.1948463170643553, 0.25770451898387103], [0.23565520252164301, 0.2864709071880295, 0.22385910405004966, 0.25401478624027807], [0.286757421089559, 0.2948400997880599, 0.13991960000181472, 0.27848287912056663], [0.2262627424870933, 0.31728616785919433, 0.19485050398583476, 0.2616005856678777], [0.22814408773942077, 0.25334211132201157, 0.21907386951656696, 0.2994399314220006], [0.21991177675174334, 0.29167217952876145, 0.21646988144357515, 0.2719461622759203], [0.2813181059994712, 0.26312049908036717, 0.19216824938421087, 0.2633931455359508], [0.2693811171502669, 0.23927957190692964, 0.19182135782049264, 0.2995179531223107], [0.23638740037668074, 0.2917222095318165, 0.18879950364744702, 0.2830908864440559], [0.29349138177313666, 0.25659140807288167, 0.1739876785008364, 0.27592953165314554], [0.2601463697037112, 0.3016269692406333, 0.16275621281291727, 0.27547044824273825], [0.32001354011174643, 0.2546705676031851, 0.18486280616694373, 0.24045308611812474], [0.3180784257592065, 0.22188499158783823, 0.18367258453686766, 0.27636399811608764], [0.26699013886503886, 0.2718712112858926, 0.2318486644625105, 0.22928998538655815], [0.2589692018424641, 0.28268319763869654, 0.1625121973287198, 0.2958354031901198], [0.27297480452855016, 0.25131545286802554, 0.15235604317265034, 0.32335369943077397], [0.22745897047913233, 0.2591460800375285, 0.16723765327180984, 0.34615729621152935], [0.23326449481865505, 0.2694198300345862, 0.19064086278459208, 0.30667481236216676], [0.2608586702528897, 0.30100558705112507, 0.22043926319409088, 0.21769647950189455], [0.27707578276342765, 0.2702764668736407, 0.17785396631693756, 0.2747937840459944], [0.2585589485625298, 0.2173248240932455, 0.22415067344341075, 0.29996555390081414], [0.2500532867215847, 0.288421962031524, 0.19371368103638795, 0.26781107021050354], [0.26161745022388705, 0.2565137420810334, 0.1848418637350852, 0.2970269439599944], [0.30954281045335263, 0.20163221997923955, 0.1711036155269065, 0.31772135404050117], [0.2274148620908177, 0.28346091863754674, 0.18868633616579383, 0.30043788310584185], [0.24247441775521897, 0.2645946162530017, 0.15668284353563589, 0.3362481224561435], [0.29713634118051224, 0.20622354850294497, 0.18980219925864414, 0.3068379110578985], [0.29062491841545457, 0.27459392817364936, 0.1628233783313924, 0.2719577750795039], [0.26414844412077376, 0.2531784642222916, 0.18323945302941044, 0.2994336386275242], [0.22913668675298737, 0.2652453936195404, 0.1792699789827456, 0.3263479406447267], [0.3225173326214078, 0.24587697127070815, 0.13074265534749477, 0.30086304076038933], [0.32066819862237717, 0.24509775161994501, 0.18235996723905515, 0.2518740825186227], [0.33771343483432614, 0.24166957858840565, 0.1662600398988835, 0.25435694667838477], [0.2892869558654101, 0.23994451438882838, 0.12130587905447783, 0.34946265069128396], [0.30708595001016575, 0.27659464049061205, 0.14538448951259036, 0.2709349199866319], [0.2382097005073429, 0.2609175700735629, 0.21806150793729198, 0.28281122148180216], [0.27872389648644463, 0.2753157570504079, 0.16287638304226815, 0.2830839634208794], [0.27624076839510203, 0.3175083435972254, 0.15246200098930093, 0.2537888870183716], [0.28817162917172895, 0.2729025262825707, 0.17401019671912255, 0.26491564782657806], [0.23960770727633943, 0.2817190903955573, 0.21121439043232448, 0.267458811895779], [0.2504507720503203, 0.2984719525783886, 0.22221248326367188, 0.22886479210761934], [0.28589342001724555, 0.24629459475849835, 0.1790912711692131, 0.28872071405504324], [0.26821992779228365, 0.2187033097444078, 0.1763843877595227, 0.3366923747037859], [0.27050830620290733, 0.27327815528984817, 0.20440345522853506, 0.25181008327870935], [0.2637982829345933, 0.2752762584764303, 0.15607428895708794, 0.3048511696318887], [0.2601799339554365, 0.22708285676915754, 0.16587985213628323, 0.34685735713912275], [0.2268627842340592, 0.2858916386421115, 0.19949506788098798, 0.28775050924284157], [0.3191513529137917, 0.28917858315925954, 0.14561271316398855, 0.2460573507629603], [0.34866210407554254, 0.28763903946889313, 0.13005959394028024, 0.2336392625152843], [0.29923246532653114, 0.2458124981605647, 0.17648415442114498, 0.27847088209175935], [0.19746994078148472, 0.3175968600185776, 0.22505774352797933, 0.2598754556719587], [0.21607410579515762, 0.24745165008812597, 0.20785510444792993, 0.3286191396687865], [0.22781680594626263, 0.31651613810543183, 0.1906152660068371, 0.26505178994146855], [0.2944996499523456, 0.34279255002565795, 0.14330314666736715, 0.21940465335462922], [0.2626251037702632, 0.28383439031818297, 0.16623027390831063, 0.2873102320032434], [0.3112388677642965, 0.25594115332920553, 0.17103414369672948, 0.26178583520976867], [0.25504128199704246, 0.2601578724653686, 0.1735778771245631, 0.31122296841302594], [0.21743950814192822, 0.2693911158270205, 0.22582899874091109, 0.28734037729014067], [0.2408369634825983, 0.26526774738230247, 0.1728011020356605, 0.32109418709943904], [0.24411364333517732, 0.2877135182724276, 0.19931441661517765, 0.2688584217772178], [0.287005456356342, 0.23742459269610944, 0.19325681419774626, 0.28231313674980246], [0.2530156718817898, 0.23714503467982392, 0.20106817237164867, 0.3087711210667378], [0.24863799201531933, 0.27657322165252407, 0.17203075251833996, 0.3027580338138166], [0.2440714600921054, 0.3240604172099693, 0.22277008027771356, 0.20909804242021188], [0.21613713538552912, 0.29907556629494936, 0.19669947433066595, 0.28808782398885574], [0.21007437529293807, 0.28960038378803615, 0.21129848262635606, 0.28902675829266977], [0.23705619977643633, 0.25322870926051533, 0.20367026431011737, 0.30604482665293103], [0.20926709311676764, 0.3048918619536722, 0.1704607571653136, 0.31538028776424687], [0.26873680412647993, 0.2710606685949227, 0.16288018866500617, 0.2973223386135911], [0.19815190006884323, 0.35401790378943376, 0.17806639690895476, 0.2697637992327682], [0.30457779850769773, 0.25189998097065613, 0.15532075509130155, 0.2882014654303447], [0.2549961867452622, 0.27022874725938134, 0.17371316860673566, 0.3010618973886207], [0.2376755583866463, 0.26620951168342977, 0.21260635342379886, 0.2835085765061255], [0.2523168701354861, 0.22474901204692002, 0.14581743708217126, 0.37711668073542254], [0.21582780538457186, 0.2833463600387922, 0.2326781895486236, 0.2681476450280126], [0.2719380566797436, 0.24681907958342997, 0.1845679587056198, 0.29667490503120675], [0.30073558039183035, 0.2221363150738151, 0.16524851190476192, 0.3118795926295927], [0.2879628985780302, 0.25728764084356187, 0.16173279851240377, 0.2930166620660042], [0.33213893578149317, 0.24731044012798672, 0.17052685963470593, 0.2500237644558143], [0.243214793921802, 0.25670250787640364, 0.15143473481901293, 0.3486479633827816], [0.25243663952015605, 0.24839282641222668, 0.13113158052591795, 0.36803895354169924], [0.31765074519731246, 0.20960577249736226, 0.1446726928427987, 0.3280707894625269], [0.2936700190730944, 0.25741782412683206, 0.21302643983429653, 0.23588571696577698], [0.2615402340157082, 0.2893798181802475, 0.1629423903565017, 0.2861375574475427], [0.25440537705947347, 0.28221583938046707, 0.13572520708092572, 0.3276535764791337], [0.27139889637780434, 0.2835785895907734, 0.17594463714313816, 0.26907787688828405], [0.24049397083877624, 0.2600552913269933, 0.18217449145497777, 0.31727624637925295], [0.23361097620214463, 0.26932620564937115, 0.20480041319605552, 0.2922624049524287], [0.22945759236258403, 0.2630319983719637, 0.19509946869154418, 0.31241094057390817], [0.2702910119826386, 0.27961728562522076, 0.20651646920126537, 0.24357523319087562], [0.2353307070152924, 0.2989193547974971, 0.1730522354895209, 0.29269770269768974], [0.2653454523321722, 0.31094757766602277, 0.17437788582808708, 0.2493290841737183], [0.20518699722599465, 0.314823387606095, 0.16876360502277582, 0.3112260101451348], [0.2995332781483101, 0.24857927234566335, 0.14176309525084363, 0.3101243542551834], [0.22171544186487643, 0.2855777338827974, 0.20970476468747345, 0.28300205956485297], [0.2542247435660589, 0.2191345106585434, 0.18054187929311769, 0.34609886648228], [0.23773863700630124, 0.2746548938388709, 0.14830719474712015, 0.33929927440770774], [0.27779231845691793, 0.29141933200993586, 0.18077076243348997, 0.2500175870996564], [0.3142870424165014, 0.2783223993529427, 0.1470984885386412, 0.2602920696919149], [0.28162312635191933, 0.22826163776840058, 0.14448766961311732, 0.3456275662665627], [0.2616407986534, 0.25296736961239574, 0.19084218132378475, 0.2945496504104196], [0.2731948998014819, 0.26734328367567844, 0.18506797851155304, 0.27439383801128686], [0.24151254697550534, 0.32685700680476837, 0.14913708223076963, 0.2824933639889567], [0.29095440039430104, 0.2873213951742495, 0.1375631319601624, 0.2841610724712872], [0.24862317888847824, 0.26112723625867323, 0.19674743330146702, 0.29350215155138176], [0.20958548581759676, 0.30282724150714224, 0.2092555415952912, 0.27833173107996995], [0.2644288139944672, 0.30659339837835675, 0.1721560869383381, 0.25682170068883814], [0.28550701195269473, 0.3089865728835403, 0.15545124501215166, 0.2500551701516133], [0.24919067798581085, 0.3357873936896645, 0.17865135322402798, 0.23637057510049694]]}}