{"test": {"ids": ["103110100", "110119030", "105116650", "102112301", "100111380", "103118291", "104116441", "97107950", "101111210", "109115220", "109113591", "111121190", "109114270", "110115120", "108119330", "112117210", "113122150", "113117630", "110115980", "105119950", "103111620", "104111830", "102113350", "104111780", "103110220", "108120621", "103110840", "111118820", "98106880", "102109840", "109116810", "109116441", "112117790", "112116810", "99111440", "111120220", "111116750", "101109120", "110121720", "101108370", "106113170", "98116090", "105120621", "108116481", "99107660", "106113260", "98113881", "112119580", "105113210", "99108080", "106120640", "111121220", "111120260", "104119290", "104114740", "109118161", "112118530", "100113210", "103111480", "111120280", "104113210", "113122160", "110120540", "97106600", "112121430", "97112300", "111114121", "110118701", "109119340", "99107950", "113117550", "99109780", "99107560", "107116980", "106114880", "108115970", "112117030", "105113620", "107114950", "106111321", "107115250", "111120591", "108118060", "111121410", "97112830", "113120070", "103111110", "108114270", "103117200", "99108520", "99107500", "100116790", "100111620", "103118110", "109118820", "100116500", "110114610", "99110050", "112118620", "99108710", "113121680", "100111270", "98111860", "110121140", "110117500", "109120540", "105112100", "104112470", "109116930", "113118620", "108114180", "111120531", "112118511", "104111531", "98108970", "108118291", "113118690", "111120320", "98112300", "113120260", "101108290", "97112170", "107116300", "106116370", "98109311", "100108490", "104111380", "113122120", "103112470", "110115710", "108113740", "104113170", "103113210", "107112840", "112120700", "98116940", "99105921", "98112580", "98110710", "99110730", "107121700", "106120290"], "labels": [1, 0, 1, 1, 3, 0, 1, 2, 2, 3, 3, 1, 3, 0, 0, 1, 2, 0, 1, 3, 0, 3, 3, 3, 2, 1, 1, 0, 0, 2, 3, 3, 3, 3, 3, 3, 3, 1, 3, 1, 0, 0, 1, 0, 3, 3, 3, 3, 3, 3, 3, 3, 3, 1, 2, 0, 1, 0, 0, 0, 3, 3, 1, 3, 2, 2, 0, 3, 3, 1, 3, 2, 1, 3, 0, 2, 2, 0, 3, 0, 2, 1, 1, 0, 2, 2, 3, 3, 0, 2, 0, 2, 3, 2, 3, 2, 1, 3, 3, 2, 1, 2, 0, 3, 1, 1, 1, 1, 0, 3, 1, 0, 1, 0, 3, 3, 3, 1, 2, 3, 0, 0, 0, 2, 1, 2, 3, 1, 1, 2, 3, 3, 3, 1, 2, 2, 1, 2, 2, 3, 3, 2], "predicted_labels": [1, 1, 1, 1, 0, 1, 1, 3, 3, 0, 1, 0, 0, 1, 1, 1, 3, 1, 1, 0, 1, 3, 0, 3, 3, 0, 1, 1, 1, 1, 1, 3, 3, 3, 1, 1, 3, 1, 1, 0, 3, 1, 0, 3, 0, 1, 1, 1, 3, 0, 1, 1, 0, 1, 1, 3, 1, 3, 1, 0, 0, 1, 3, 0, 1, 0, 0, 0, 1, 1, 3, 1, 1, 1, 1, 1, 3, 1, 0, 1, 1, 0, 1, 1, 1, 1, 1, 1, 1, 1, 1, 1, 1, 1, 3, 1, 1, 0, 1, 1, 1, 1, 1, 1, 1, 1, 1, 3, 0, 3, 1, 1, 1, 1, 1, 0, 1, 1, 0, 1, 0, 0, 1, 0, 1, 3, 3, 1, 1, 3, 1, 1, 3, 1, 1, 1, 1, 1, 1, 1, 1, 1], "confidence_scores": [[0.22818272896242764, 0.33700643678777703, 0.1912163541058821, 0.2435944801439134], [0.30075860839318536, 0.32190470344957484, 0.1160499864860622, 0.26128670167117746], [0.18545726790546938, 0.3340350784711727, 0.2247789267451722, 0.2557287268781858], [0.2614275862580176, 0.33791163946206804, 0.1500988242486747, 0.25056195003123977], [0.30051258991786495, 0.28966432704086786, 0.1605895331201659, 0.2492335499211014], [0.28510918595448753, 0.30656855899745117, 0.1573843781742704, 0.2509378768737907], [0.24607985487773631, 0.29919253296849374, 0.20481907006460617, 0.24990854208916377], [0.2096823764055831, 0.25424956492359096, 0.23075658735957189, 0.305311471311254], [0.2312047984054088, 0.24877396446271688, 0.21822429585358363, 0.30179694127829093], [0.29504639670827437, 0.28860069925189386, 0.1737215926812187, 0.2426313113586133], [0.25742668740445374, 0.32682490476239445, 0.1803870025200265, 0.2353614053131254], [0.3289027273757469, 0.21858008557811023, 0.1635271388285928, 0.28899004821755025], [0.3351978671942941, 0.2417002335033074, 0.16691674226534126, 0.2561851570370575], [0.24935451017860577, 0.3095579732138116, 0.22796954987170903, 0.21311796673587355], [0.24384367950283195, 0.2987109621866207, 0.17589344630117387, 0.2815519120093734], [0.23282492690504905, 0.32505603961171997, 0.19475398412534417, 0.24736504935788678], [0.25424155761330985, 0.2592832688021627, 0.1979841070451625, 0.28849106653936496], [0.27754882481366655, 0.28619129994360387, 0.19107747940509465, 0.24518239583763513], [0.24748960101792303, 0.2680619083659781, 0.22270045646764097, 0.26174803414845793], [0.34046797514635, 0.26542690550378006, 0.16426065718679703, 0.22984446216307275], [0.2368159438823454, 0.33269771801008724, 0.1764528595041598, 0.25403347860340786], [0.2287469261259897, 0.2598355507736402, 0.19938777715675463, 0.31202974594361543], [0.27358558522360465, 0.26771424493862217, 0.18534714168401517, 0.27335302815375817], [0.28582140719642024, 0.26224665452546203, 0.1620210194878515, 0.28991091879026615], [0.22858983137769806, 0.28592024746908695, 0.1803254583971579, 0.3051644627560573], [0.286021641268264, 0.26616634615071627, 0.18545544312147427, 0.2623565694595454], [0.19768734909801952, 0.3831212152443466, 0.1749355907436521, 0.24425584491398214], [0.2644909868637881, 0.2926644690526209, 0.16487319541474657, 0.27797134866884454], [0.2549627910152437, 0.30721161657953794, 0.21446814711313078, 0.2233574452920876], [0.2930588595515754, 0.3098468296971151, 0.17300828534174076, 0.22408602540956873], [0.27128134573483126, 0.2888862571559457, 0.15515866275666448, 0.284673734352559], [0.28706351158091364, 0.22916957765842383, 0.1943000673405386, 0.289466843420124], [0.2378162385311012, 0.2483939160254473, 0.17790944844831885, 0.3358803969951326], [0.24468254953004714, 0.25321331884033915, 0.2204640184261072, 0.2816401132035067], [0.23577521694902934, 0.3192528835506197, 0.18535378900873842, 0.2596181104916127], [0.31120299245176514, 0.34872806256172695, 0.16111644547854198, 0.17895249950796593], [0.24940011534247358, 0.25434104396987295, 0.17008945838479328, 0.3261693823028604], [0.24072636770913752, 0.29914017888460515, 0.20610549816802382, 0.25402795523823374], [0.2439227329500364, 0.33322772311704457, 0.14355148996623032, 0.27929805396668883], [0.3036731214762043, 0.2917273595800358, 0.14868579393856468, 0.2559137250051953], [0.22363452998674588, 0.29333540445886486, 0.16707503951462332, 0.31595502603976616], [0.24326065988305232, 0.3524367220928781, 0.17989134008460791, 0.22441127793946186], [0.2967798737605078, 0.2916086104791379, 0.14183572383295084, 0.2697757919274034], [0.24638448633068186, 0.27356614437367066, 0.17583680464250023, 0.30421256465314744], [0.355056901635314, 0.2406166036379913, 0.13940042792658117, 0.2649260668001133], [0.24298829792098317, 0.3111285381745343, 0.18690475234226342, 0.2589784115622194], [0.2682783688586807, 0.3357835212541087, 0.166612832106454, 0.22932527778075673], [0.26453772620792215, 0.297199180332791, 0.17932870551072186, 0.2589343879485649], [0.3063974068978823, 0.2077453611484028, 0.15851143827526054, 0.3273457936784545], [0.3045566684655408, 0.2644152755272771, 0.1767870230971025, 0.2542410329100796], [0.18981851637422145, 0.32064306537022097, 0.2185505633822022, 0.2709878548733551], [0.24769421972238376, 0.3233212534497351, 0.20235070104596128, 0.2266338257819203], [0.3077614025132245, 0.27120537510405224, 0.14360906247729685, 0.27742415990542657], [0.2344348315229476, 0.301048945467643, 0.19764102567231628, 0.266875197337093], [0.25250116121808364, 0.29434198064518574, 0.20586201178152458, 0.2472948463552061], [0.25089831756503195, 0.2794434264390788, 0.15787618837832715, 0.3117820676175623], [0.2263095981400225, 0.3094585865184943, 0.20607724761023152, 0.2581545677312518], [0.23972579961220192, 0.26924228812844897, 0.19415615977473, 0.29687575248461917], [0.27432398791590584, 0.3147699957377077, 0.16038392764544368, 0.25052208870094267], [0.31748327903684337, 0.2450888010557554, 0.1902850629405914, 0.24714285696680996], [0.29065031960102755, 0.28921034383323174, 0.1742663810351276, 0.24587295553061306], [0.24212631830384157, 0.3651478420991054, 0.1726229145711364, 0.22010292502591677], [0.20077148961827326, 0.25177799489361036, 0.25647707253400726, 0.29097344295410926], [0.29310137821655424, 0.29078425308998157, 0.18771314752180296, 0.22840122117166137], [0.21742291892579535, 0.2946044712740353, 0.22387352629142876, 0.2640990835087408], [0.2942119920969304, 0.25244790600865813, 0.18058654168035657, 0.27275356021405484], [0.2974514810672924, 0.2655945050478544, 0.1583286386413313, 0.2786253752435218], [0.3336240360422253, 0.26479708430988746, 0.1337414153979713, 0.2678374642499159], [0.25827612758205254, 0.28410396517075137, 0.1828054225967736, 0.2748144846504227], [0.19904507522775375, 0.32161517454505384, 0.217760854878596, 0.2615788953485962], [0.19200142705775414, 0.2652731549810793, 0.2558002327050536, 0.2869251852561132], [0.2279598460506917, 0.3194776677533534, 0.18589153439263437, 0.26667095180332073], [0.2729321177838837, 0.30899718619630107, 0.1724300718964377, 0.24564062412337775], [0.26821024596782594, 0.29739132930633455, 0.14818676496014732, 0.28621165976569235], [0.26637216319261886, 0.301395809715376, 0.16882243097566538, 0.26340959611633985], [0.2354731065065489, 0.2987161151806686, 0.18696897930034687, 0.2788417990124357], [0.24012027851815204, 0.26094505982825494, 0.2197772353428106, 0.27915742631078255], [0.21746184086163425, 0.33734730823446396, 0.20275663603814953, 0.24243421486575226], [0.28873930203326237, 0.24900922232650013, 0.18677442785775045, 0.27547704778248705], [0.26720635540557, 0.3040297853861067, 0.19766772462062956, 0.23109613458769387], [0.2369213369486801, 0.3423533615758185, 0.1555505269349178, 0.2651747745405837], [0.3385541741590958, 0.2608774154449186, 0.15674503810187443, 0.24382337229411116], [0.26860078697588835, 0.29493947000345266, 0.18790065346073623, 0.24855908955992315], [0.2547216696634688, 0.3304766847138311, 0.17082718992399049, 0.2439744556987097], [0.2709983415023892, 0.30471210539703625, 0.14652296718928035, 0.27776658591129455], [0.22128982542078163, 0.34613154998164214, 0.21444673180877205, 0.21813189278880454], [0.27139794691434604, 0.29717712384628736, 0.16629896626750484, 0.26512596297186175], [0.2625460966926654, 0.2863936083128111, 0.17098298998552508, 0.2800773050089985], [0.23205172934594687, 0.30984149825847124, 0.17797139803385728, 0.2801353743617247], [0.25479729443274446, 0.3306002096088811, 0.1953508021550018, 0.21925169380337267], [0.2488694992196457, 0.34450710792086275, 0.1575433191607266, 0.24908007369876475], [0.22065194868891191, 0.349167941799471, 0.19133714820994338, 0.23884296130167357], [0.22488641362901884, 0.2870454297751224, 0.20310486683491655, 0.2849632897609425], [0.2480816046541634, 0.28123379185513253, 0.20092344278750854, 0.2697611607031955], [0.23813562802289842, 0.26206806637252944, 0.19226173240240726, 0.307534573202165], [0.2939009861782219, 0.3158565362529845, 0.16534785227469698, 0.22489462529409676], [0.23552785848148486, 0.3305552617269082, 0.19567175507467616, 0.23824512471693057], [0.28723963829914717, 0.2871735515840435, 0.17599840641135553, 0.24958840370545393], [0.22688769957611551, 0.3589328732977903, 0.19782373369221876, 0.21635569343387548], [0.23715953040497556, 0.3715197601950216, 0.1796848293137801, 0.2116358800862227], [0.19705825090774456, 0.3190312315089449, 0.17300189213414371, 0.3109086254491669], [0.2214950132219009, 0.31498967727220967, 0.2659274099617212, 0.1975878995441682], [0.20084223816107502, 0.26999844472850143, 0.2666437941498843, 0.26251552296053937], [0.20596790373857626, 0.3510651722587106, 0.20755860839012022, 0.23540831561259284], [0.17373488592289937, 0.350587842412345, 0.18874035369476885, 0.28693691796998677], [0.2531802648520103, 0.32102405451150756, 0.1568998620832679, 0.2688958185532143], [0.24608944060768842, 0.3408478491306083, 0.15656749817988372, 0.2564952120818197], [0.2723360600811635, 0.2603257444283728, 0.15246591069190465, 0.314872284798559], [0.3549718357346685, 0.25416441786785626, 0.14978574322706825, 0.24107800317040698], [0.23261949241039886, 0.27422856065698, 0.1976704291684277, 0.2954815177641937], [0.19062186059141276, 0.3681541448229779, 0.18231221008480056, 0.2589117845008091], [0.2569666212744076, 0.3384624191929365, 0.1675678905969145, 0.2370030689357413], [0.21635749679754174, 0.2889603912707965, 0.2113221269491119, 0.2833599849825499], [0.2404058031098917, 0.28717859111234606, 0.1951050712701486, 0.27731053450761367], [0.26344987884806553, 0.3228607577605637, 0.16020660363746997, 0.25348275975390083], [0.3465055171980206, 0.25208849355244256, 0.15763246257695315, 0.24377352667258367], [0.2571418623750044, 0.3068991151711241, 0.16707929206706543, 0.268879730386806], [0.2519684225899735, 0.3407358437363267, 0.1638046281460568, 0.24349110552764294], [0.36361164676559127, 0.24592812081377807, 0.11585148891553088, 0.27460874350509995], [0.22984111332608098, 0.3022388962911371, 0.21505688365335426, 0.2528631067294275], [0.31906118971867303, 0.22049937624826413, 0.14548887582594397, 0.3149505582071187], [0.3485983970641712, 0.265437974866185, 0.12298291438804065, 0.2629807136816033], [0.26432178224932484, 0.29436048825943034, 0.17368597622612925, 0.26763175326511573], [0.29221021774716893, 0.2612464516319123, 0.19553223140929116, 0.2510110992116274], [0.27305890323943083, 0.28872113493187634, 0.19348525729971086, 0.24473470452898172], [0.2277475467222836, 0.2853687952194894, 0.20139512131527, 0.28548853674295716], [0.252338754498009, 0.26821920774293273, 0.2032802201725575, 0.2761618175865009], [0.19470814528652333, 0.29786823254248207, 0.2159370542609578, 0.2914865679100369], [0.23618930290748544, 0.28123808325802385, 0.20804724233814184, 0.27452537149634876], [0.26333682335813197, 0.2938637652992144, 0.14484935950341665, 0.297950051839237], [0.2717974891121906, 0.29645821359484786, 0.13949217828090574, 0.2922521190120558], [0.2505668191603447, 0.3264659777927163, 0.16256063790625855, 0.26040656514068017], [0.2458275439930157, 0.2818611084673496, 0.16483196056223215, 0.3074793869774029], [0.1928851806793423, 0.3115000793655766, 0.23314166867011568, 0.2624730712849654], [0.20919760146742855, 0.3539846300675723, 0.21057085654660232, 0.22624691191839677], [0.2639074520368851, 0.3423840022304349, 0.16043957856559526, 0.2332689671670848], [0.23891224553847465, 0.33112750371402966, 0.17117304641892994, 0.2587872043285659], [0.22138951109097765, 0.35381834858802014, 0.16201520958675952, 0.2627769307342426], [0.2115951455982164, 0.27895941034807575, 0.24630397336805526, 0.26314147068565247], [0.1972583226485482, 0.35691802431750896, 0.20613844340513388, 0.2396852096288091], [0.18163056504445513, 0.3110606036867091, 0.2251922216649736, 0.2821166096038621], [0.2529628901474473, 0.3140621445222379, 0.17926896069699602, 0.2537060046333189]]}, "rewritten": {"ids": ["97106600", "97107950", "97112170", "97112300", "97112830", "98106880", "98108970", "98109311", "98110710", "98111860", "98112300", "98112580", "98113881", "98116090", "98116940", "99105921", "99107500", "99107560", "99107660", "99107950", "99108080", "99108520", "99108710", "99109780", "99110050", "99110730", "99111440", "100108490", "100111270", "100111380", "100111620", "100113210", "100116500", "100116790", "101108290", "101108370", "101109120", "101111210", "102109840", "102112301", "102113350", "103110100", "103110220", "103110840", "103111110", "103111480", "103111620", "103112470", "103113210", "103117200", "103118110", "103118291", "104111380", "104111531", "104111780", "104111830", "104112470", "104113170", "104113210", "104114740", "104116441", "104119290", "105112100", "105113210", "105113620", "105116650", "105119950", "105120621", "106111321", "106113170", "106113260", "106114880", "106116370", "106120290", "106120640", "107112840", "107114950", "107115250", "107116300", "107116980", "107121700", "108113740", "108114180", "108114270", "108115970", "108116481", "108118060", "108118291", "108119330", "108120621", "109113591", "109114270", "109115220", "109116441", "109116810", "109116930", "109118161", "109118820", "109119340", "109120540", "110114610", "110115120", "110115710", "110115980", "110117500", "110118701", "110119030", "110120540", "110121140", "110121720", "111114121", "111116750", "111118820", "111120220", "111120260", "111120280", "111120320", "111120531", "111120591", "111121190", "111121220", "111121410", "112116810", "112117030", "112117210", "112117790", "112118511", "112118530", "112118620", "112119580", "112120700", "112121430", "113117550", "113117630", "113118620", "113118690", "113120070", "113120260", "113121680", "113122120", "113122150", "113122160"], "labels": [3, 2, 0, 2, 2, 0, 3, 1, 2, 0, 2, 2, 3, 0, 2, 1, 0, 1, 3, 1, 3, 2, 2, 2, 3, 3, 3, 2, 2, 3, 3, 0, 2, 2, 0, 1, 1, 2, 2, 1, 3, 1, 2, 1, 3, 0, 0, 1, 3, 0, 2, 0, 3, 0, 3, 3, 1, 3, 3, 2, 1, 1, 1, 3, 0, 1, 3, 1, 0, 0, 3, 0, 2, 2, 3, 1, 3, 2, 0, 3, 3, 3, 1, 3, 2, 0, 1, 3, 0, 1, 3, 3, 3, 3, 3, 0, 0, 3, 3, 1, 1, 0, 2, 1, 1, 3, 0, 1, 3, 3, 0, 3, 0, 3, 3, 0, 1, 0, 1, 1, 3, 0, 3, 2, 1, 3, 1, 1, 3, 3, 2, 2, 3, 0, 3, 3, 2, 3, 1, 1, 2, 3], "predicted_labels": [1, 1, 0, 0, 1, 1, 1, 1, 1, 1, 0, 1, 1, 1, 1, 1, 1, 1, 0, 1, 0, 1, 1, 1, 1, 1, 0, 1, 1, 0, 1, 0, 0, 1, 0, 1, 1, 1, 1, 1, 1, 0, 1, 1, 0, 0, 0, 1, 0, 1, 1, 1, 0, 1, 1, 1, 1, 1, 0, 1, 1, 1, 0, 0, 1, 1, 0, 0, 1, 1, 1, 1, 0, 0, 1, 1, 0, 1, 1, 0, 1, 1, 1, 1, 3, 0, 1, 1, 1, 1, 0, 1, 1, 0, 1, 0, 1, 1, 1, 1, 1, 1, 1, 0, 0, 1, 1, 1, 1, 1, 1, 0, 1, 0, 0, 0, 1, 1, 0, 0, 1, 1, 0, 1, 1, 0, 1, 1, 1, 0, 1, 1, 1, 1, 1, 1, 1, 1, 1, 3, 1, 1], "confidence_scores": [[0.26617919817315977, 0.3127680411955668, 0.14344264923891806, 0.2776101113923556], [0.27715055077059497, 0.2929688601360488, 0.1683763232730071, 0.26150426582034925], [0.3186400595421755, 0.28186236023992184, 0.12711890489829758, 0.2723786753196052], [0.2699932752341072, 0.2679473993015813, 0.2004206216182347, 0.2616387038460769], [0.25424008275054505, 0.3166710562828816, 0.17687166817413832, 0.25221719279243493], [0.30186457261609584, 0.3083259186553316, 0.16886730581506282, 0.22094220291350983], [0.2393358407140647, 0.349592846875371, 0.178931513912464, 0.23213979849810046], [0.23286728984241337, 0.34129996176536354, 0.1908662320279741, 0.234966516364249], [0.22183839857016008, 0.32390984218097707, 0.20653576504862214, 0.24771599420024049], [0.22189001710640455, 0.34275216443770096, 0.1842024695005267, 0.25115534895536784], [0.31901759295364995, 0.26983280093948697, 0.19259550737646294, 0.21855409873040038], [0.28791169308653825, 0.30557789054817425, 0.1684674318461635, 0.23804298451912406], [0.286859753937019, 0.3230181976553914, 0.16224781351722334, 0.22787423489036607], [0.3063348311344241, 0.31935000108912515, 0.14850921345595938, 0.2258059543204915], [0.28186418492699294, 0.3542738792103469, 0.16907353661748092, 0.19478839924517913], [0.31164077376780475, 0.31578109519024067, 0.16249329100415963, 0.21008484003779504], [0.2732318877110163, 0.31721663123120764, 0.18508998740763324, 0.2244614936501427], [0.26056074359770576, 0.30397675182784156, 0.1564761543684013, 0.27898635020605134], [0.32614784843776157, 0.2536154419332293, 0.16663842949775923, 0.2535982801312502], [0.24984652101316981, 0.34839447555065567, 0.17028079282353237, 0.23147821061264218], [0.35545427591553713, 0.24622006820418071, 0.1838397512038219, 0.21448590467646025], [0.22983875521947547, 0.32333773042281927, 0.20849477625848933, 0.23832873809921615], [0.2205749842691706, 0.34723996261217593, 0.20878123785581315, 0.2234038152628405], [0.26651036226768726, 0.3112809164966605, 0.1547078139298928, 0.26750090730575954], [0.27712143552555174, 0.3144775061298397, 0.16835604100249643, 0.24004501734211212], [0.23950824743586654, 0.3512527326961364, 0.1679686462887357, 0.24127037357926148], [0.3194728862770056, 0.3193918777398768, 0.15543532351586792, 0.20569991246724947], [0.2736478943356402, 0.278751773962273, 0.1698692248650968, 0.2777311068369898], [0.2551737520271683, 0.323813605149193, 0.1965640220533295, 0.22444862077030908], [0.30478423672613625, 0.28902826518397107, 0.16617604373102793, 0.2400114543588647], [0.27749849313079245, 0.3235638529507145, 0.18144779779923462, 0.21748985611925842], [0.3045891315154295, 0.2784836029335179, 0.1675808300303953, 0.24934643552065722], [0.2861679893026114, 0.27524049728833794, 0.16918896508112471, 0.2694025483279261], [0.2428097628204211, 0.3386210674252014, 0.16844400882663474, 0.2501251609277425], [0.30671555765844966, 0.27069023677280196, 0.1744143793818408, 0.24817982618690768], [0.2727221040804876, 0.3177262819370158, 0.14936317475069777, 0.2601884392317988], [0.24036640308156884, 0.3220631932945095, 0.18245581164742453, 0.2551145919764972], [0.2559446990000536, 0.283669751333387, 0.1932573024961114, 0.267128247170448], [0.2477175448248806, 0.351963045781981, 0.13630545465346303, 0.2640139547396756], [0.19711287948869244, 0.3523235148017841, 0.17825373504400266, 0.2723098706655211], [0.2716969381742338, 0.3140808519693827, 0.17602388354267537, 0.23819832631370835], [0.324474364961446, 0.27598424397796045, 0.15742660573159564, 0.24211478532899824], [0.27292835348453176, 0.2803042596796162, 0.19264291887325755, 0.25412446796259475], [0.25965875199926697, 0.34129027242320176, 0.17085660126248206, 0.2281943743150492], [0.3362792064360033, 0.31300285005887213, 0.12911003902904203, 0.2216079044760824], [0.31972664034657033, 0.30011682642981036, 0.13781770679504807, 0.24233882642857155], [0.28763852323626854, 0.2830987019167093, 0.19835090275860992, 0.23091187208841218], [0.25182177327279964, 0.2990242334624514, 0.20453447246031436, 0.24461952080443455], [0.3012155029869248, 0.29864703530847647, 0.1574002955857345, 0.24273716611886442], [0.2593307290007743, 0.303726139883754, 0.17590638533790617, 0.2610367457775655], [0.25552645411392294, 0.30645040451996924, 0.15781543593842562, 0.2802077054276823], [0.28942219914585565, 0.32515389738523387, 0.14088643857319164, 0.24453746489571868], [0.2835469664462462, 0.27435055709307743, 0.18688671559652303, 0.2552157608641533], [0.2712760557063843, 0.3410698968057376, 0.1798170132778277, 0.20783703421005062], [0.2838880075969594, 0.3213902720150752, 0.14663134957693238, 0.24809037081103308], [0.24542491747028491, 0.3511659105141376, 0.15308948548795245, 0.250319686527625], [0.24378581676320796, 0.31781849130576734, 0.1672392955554251, 0.27115639637559974], [0.25126410325499665, 0.32269932334445706, 0.1895492011027269, 0.23648737229781944], [0.31167527051177396, 0.28660857640021803, 0.19492444978578952, 0.20679170330221858], [0.23849260887103918, 0.35307983643561924, 0.19010905130717703, 0.21831850338616454], [0.2666527247394017, 0.3481782315485611, 0.15264139229042495, 0.2325276514216122], [0.24314300588092316, 0.3147310701999372, 0.16635328515434955, 0.27577263876479], [0.3352490514175833, 0.33071106072219125, 0.13573112402095744, 0.19830876383926793], [0.32784428917677716, 0.2245836842850186, 0.14631052042894083, 0.3012615061092634], [0.1999109483688674, 0.33395891226130053, 0.2078630193551525, 0.25826712001467955], [0.2593369901062859, 0.3374977051009161, 0.17746413118060758, 0.22570117361219041], [0.30953521877896556, 0.2736328404487844, 0.1869037209064268, 0.2299282198658233], [0.30414569825904253, 0.30078614619284466, 0.14879115639671533, 0.24627699915139753], [0.2556885442086716, 0.3146218992318147, 0.1738656590904105, 0.25582389746910317], [0.2533722164002273, 0.35765670655901793, 0.14220313726928813, 0.24676793977146658], [0.22967014932317759, 0.3363035085818175, 0.18014406382199172, 0.2538822782730135], [0.2657575075489725, 0.3284439853948764, 0.17957466367198852, 0.22622384338416257], [0.3275439547045124, 0.24967132428607214, 0.1523644127302319, 0.27042030827918373], [0.3098005951681382, 0.24467859051562005, 0.1855575073914369, 0.2599633069248049], [0.24544507213637667, 0.33592566862532053, 0.18224000825518596, 0.2363892509831165], [0.2765969402353982, 0.312976903705056, 0.1850537164325934, 0.22537243962695247], [0.3118886711932548, 0.2709235673988498, 0.19062930158013752, 0.22655845982775788], [0.22967078855713993, 0.38487242848646064, 0.16126266545525428, 0.22419411750114515], [0.2631788769020704, 0.35445908439534285, 0.16546912604245193, 0.21689291266013494], [0.2889555732514346, 0.2809278982369797, 0.1522636522807304, 0.2778528762308554], [0.24258058789723416, 0.3422124004928891, 0.1798798618005917, 0.2353271498092851], [0.2708031159259469, 0.3008545326571815, 0.18585613940992837, 0.24248621200694337], [0.2677647709072372, 0.3092157706521289, 0.17620384014346485, 0.24681561829716894], [0.25284146574339783, 0.3497729540643188, 0.1596506768724587, 0.2377349033198245], [0.23166825738858873, 0.282141965040138, 0.19588347120542032, 0.2903063063658531], [0.3229196365422027, 0.30029467332333776, 0.15491065167590093, 0.22187503845855872], [0.23345622782256614, 0.34417679098498505, 0.16045071282106682, 0.2619162683713823], [0.25156634457872223, 0.37498690244936755, 0.153231581001652, 0.22021517197025856], [0.26490350668239304, 0.3365305974469274, 0.16090348082218614, 0.23766241504849311], [0.2619076659279913, 0.32727798172995537, 0.1665689070757394, 0.24424544526631414], [0.3132844826720239, 0.27736660307162553, 0.15396023476466522, 0.25538867949168553], [0.25584108361721475, 0.33030893714857124, 0.1759475006401413, 0.23790247859407265], [0.2901938488070367, 0.32818229025428997, 0.1599564502997779, 0.2216674106388956], [0.34023915492849727, 0.2952048123196074, 0.12351837226228664, 0.24103766048960854], [0.2868962617689208, 0.2948956969227597, 0.14902456376626985, 0.26918347754204963], [0.3017093788797748, 0.2998226983959727, 0.15995011557020344, 0.23851780715404916], [0.2663047473915359, 0.31714222261803426, 0.15610038914466298, 0.2604526408457672], [0.28078724846626896, 0.3304083129909107, 0.15276641591128398, 0.23603802263153636], [0.2931033019048394, 0.3052398390762885, 0.1602101371574543, 0.2414467218614176], [0.26903291189083894, 0.28086925718226496, 0.17321349221040816, 0.2768843387164881], [0.2463781548254208, 0.3386811402453865, 0.17367878054382843, 0.24126192438536445], [0.31409879913752625, 0.32060337266972433, 0.16131172209514208, 0.20398610609760717], [0.2375909436729266, 0.33837382143480554, 0.18327288036844303, 0.2407623545238247], [0.3066479504788878, 0.3011270060129799, 0.17992808386941764, 0.21229695963871495], [0.2878149911484607, 0.2648408065938159, 0.1674941983365841, 0.2798500039211394], [0.27499008171113704, 0.3232131326865471, 0.16810040000422602, 0.23369638559808958], [0.25421145450535576, 0.3707052645830031, 0.15651389426776238, 0.21856938664387887], [0.237502187358, 0.3570010999498301, 0.15460749169286492, 0.25088922099930494], [0.2847980458539995, 0.29587380545456615, 0.16128548374789348, 0.25804266494354083], [0.234804175838795, 0.339341808830811, 0.1564827495803921, 0.26937126575000214], [0.2630215854738308, 0.3551278615607654, 0.15131438684442405, 0.23053616612097994], [0.3416898157248193, 0.27651155498434066, 0.12760360110180052, 0.2541950281890397], [0.2940742517490025, 0.296967590914385, 0.16277329268068308, 0.2461848646559296], [0.3437274202857871, 0.2987462326973359, 0.15541598485087862, 0.2021103621659985], [0.28183911059242234, 0.2739847775104092, 0.17337161701951587, 0.2708044948776525], [0.28846287878034954, 0.27151020293630124, 0.1631114192385304, 0.276915499044819], [0.24521426949031988, 0.286515285962294, 0.18339630089262976, 0.2848741436547565], [0.26467205801800686, 0.36241634031374786, 0.15388839667507223, 0.21902320499317304], [0.29480460179194656, 0.26990264236834, 0.18774007179069588, 0.24755268404901776], [0.29448155773227536, 0.26526440030617476, 0.17279427969021274, 0.2674597622713371], [0.28754743494125834, 0.31810315685217516, 0.15258500579616321, 0.24176440241040317], [0.2850972705675929, 0.31988353581979106, 0.16100355218966644, 0.2340156414229495], [0.3057020155255547, 0.2676384523588929, 0.17398950395728627, 0.25267002815826595], [0.23953423236193508, 0.31682109396350555, 0.1534723396022103, 0.29017233407234927], [0.22460027489670153, 0.3256445099515035, 0.18559664111009244, 0.26415857404170245], [0.30442031395772656, 0.279523411300393, 0.17559969620340804, 0.2404565785384724], [0.2600621578886053, 0.3998394144703426, 0.144234783187617, 0.19586364445343496], [0.233279957736072, 0.3599108196526283, 0.1805797968429206, 0.22622942576837907], [0.29737577404725607, 0.31644009546404045, 0.14468960344671986, 0.2414945270419836], [0.32030475052725504, 0.287862472156777, 0.14338215226090528, 0.2484506250550627], [0.25726023823189476, 0.33472059467664494, 0.16250778408193425, 0.24551138300952582], [0.22735767685290045, 0.3106633791035151, 0.20238500883719815, 0.2595939352063863], [0.21595389560364564, 0.37253985472874235, 0.16154749495139623, 0.249958754716216], [0.28418226269645364, 0.3099578161105216, 0.16380213968297214, 0.24205778151005275], [0.29627762421417825, 0.3003093852610412, 0.1655895494200772, 0.23782344110470333], [0.2508948577743142, 0.3248856790678126, 0.16802412022034485, 0.25619534293752844], [0.22886247276073796, 0.37476236176236205, 0.14588659294271816, 0.25048857253418194], [0.25630278047041766, 0.33130242425678225, 0.18275496408904168, 0.22963983118375825], [0.27224271771442626, 0.3162814097113455, 0.1623692087922932, 0.2491066637819353], [0.24604789938335028, 0.267726298716611, 0.2044235521792891, 0.2818022497207496], [0.26112275637909294, 0.30973871913831286, 0.1726506953311007, 0.2564878291514936], [0.23136485761971318, 0.35198350864273187, 0.1909807193552204, 0.22567091438233483]]}}