{"test": {"ids": ["110118161", "106114280", "97112300", "106118301", "109117431", "104113210", "108121190", "97109570", "106113170", "102109010", "111118810", "99112641", "106116441", "112120640", "113122430", "105115680", "103109641", "105115380", "107118490", "109116750", "106121220", "112116610", "97106970", "100110050", "111115400", "98120530", "109113931", "105113190", "109120150", "107121700", "97108520", "97118210", "107116340", "104111380", "102113981", "104109311", "101114020", "100108490", "110120640", "105113440", "113119450", "113120591", "109118701", "99109740", "99117740", "101111620", "111118820", "108117720", "112118620", "99109910", "110121500", "97116410", "103113170", "102112301", "103113101", "113122190", "105117200", "98111670", "105116090", "101110150", "112121030", "111120220", "112121410", "104113550", "110115120", "109119450", "112119120", "108120621", "110118121", "109114651", "108115870", "102110500", "113120280", "98109090", "108120260", "97107950", "110114610", "102116500", "109115220", "106118820", "99107950", "108114270", "112119610", "112118701", "97109080", "105113210", "101111210", "99111000", "99108330", "111119430", "106120640", "98111231", "107120260", "112117461", "109115380", "108117451", "111121220", "98111620", "97116790", "103120531", "100113370", "99109840", "108118630", "113121010", "101114990", "101109120", "108118301", "105116980", "100116790", "108119330", "106119580", "112116290", "112116850", "105113620", "109113281", "101115190", "107113180", "98112170", "99107560", "107119390", "109119460", "113122180", "106113190", "111119610", "98107340", "105118740", "99114890", "107121640", "105115570", "113119340", "104112470", "98116940", "100111620", "111116290", "107120010", "101108500", "99109860", "103111110", "105113330", "99107640", "107113260", "100109910"], "labels": [0, 3, 2, 1, 1, 3, 1, 0, 0, 1, 0, 1, 0, 0, 2, 2, 1, 1, 2, 0, 1, 1, 2, 3, 0, 1, 1, 3, 2, 3, 2, 2, 3, 3, 1, 3, 3, 2, 0, 0, 3, 0, 3, 3, 2, 3, 0, 1, 3, 2, 3, 3, 3, 1, 3, 1, 3, 1, 1, 1, 0, 3, 0, 1, 0, 3, 1, 1, 3, 3, 3, 3, 0, 1, 1, 2, 1, 1, 3, 3, 1, 3, 0, 0, 2, 3, 2, 2, 1, 3, 3, 1, 1, 0, 3, 2, 3, 3, 2, 3, 3, 2, 1, 2, 3, 1, 1, 0, 2, 0, 3, 0, 0, 0, 0, 1, 3, 3, 1, 2, 1, 2, 0, 2, 0, 1, 2, 1, 0, 0, 1, 2, 3, 2, 1, 3, 2, 3, 3, 1, 0, 2], "predicted_labels": [3, 3, 0, 3, 1, 3, 1, 1, 1, 1, 1, 0, 1, 3, 1, 1, 3, 1, 1, 1, 1, 1, 1, 1, 3, 1, 1, 0, 1, 1, 3, 3, 1, 3, 3, 0, 3, 1, 3, 1, 3, 0, 3, 1, 3, 3, 3, 3, 3, 2, 0, 1, 1, 1, 1, 3, 3, 3, 0, 1, 0, 1, 0, 0, 1, 3, 1, 3, 3, 3, 3, 0, 3, 1, 0, 3, 3, 3, 3, 1, 1, 3, 1, 3, 1, 3, 0, 1, 0, 3, 1, 3, 1, 0, 3, 0, 3, 1, 1, 1, 0, 3, 3, 1, 1, 1, 0, 1, 1, 3, 3, 1, 1, 1, 0, 1, 1, 1, 1, 1, 0, 3, 1, 1, 3, 1, 1, 3, 1, 3, 1, 1, 3, 1, 2, 0, 1, 3, 0, 0, 3, 3], "confidence_scores": [[0.2325618043799845, 0.31287767776925135, 0.13270536173881478, 0.3218551561119496], [0.2567685889291008, 0.23114278108210112, 0.1927058899060431, 0.3193827400827551], [0.30513985218470374, 0.215196714104319, 0.19238884989513255, 0.2872745838158448], [0.30138033927069885, 0.25919430129380333, 0.1371059093035197, 0.30231945013197803], [0.2423604661910297, 0.3189039493196956, 0.1855851076064919, 0.2531504768827828], [0.19624972559870568, 0.2597667516816008, 0.17551325943741156, 0.36847026328228255], [0.2301460163666081, 0.34736874909371346, 0.166895680276633, 0.25558955426304547], [0.2620208153778688, 0.2961003324366376, 0.17388117418424032, 0.26799767800125324], [0.25019855679847725, 0.33245901279805495, 0.16836608177924473, 0.2489763486242233], [0.28453693873799113, 0.3052809476567034, 0.16962916541049103, 0.24055294819481474], [0.2449312805567635, 0.33227945533617126, 0.15555815504460785, 0.26723110906245745], [0.2764257166555698, 0.2720389449329647, 0.23142776475537702, 0.2201075736560886], [0.257679347027893, 0.3171243819077842, 0.13697152043510863, 0.2882247506292142], [0.21859555959789406, 0.19719211694160596, 0.274530665710093, 0.30968165775040707], [0.19092521548099792, 0.37690144669750303, 0.1735713903530521, 0.25860194746844684], [0.2552117970584392, 0.3077799232644292, 0.2158910090634462, 0.2211172706136856], [0.25987331601671254, 0.25153988365619634, 0.2086143443236569, 0.27997245600343434], [0.2224662881993553, 0.29786852185227103, 0.18658783193220138, 0.29307735801617235], [0.20927769845602331, 0.34466644926172035, 0.23883403731278668, 0.20722181496946968], [0.24690175856628996, 0.32241239548973943, 0.19079459155319328, 0.2398912543907775], [0.2667364421679477, 0.2879140140689913, 0.1817744819452184, 0.26357506181784257], [0.281159267827138, 0.28377771551629344, 0.1949312611435988, 0.2401317555129699], [0.23835299967963844, 0.29232988298461066, 0.1833341677101789, 0.285982949625572], [0.24878154533253627, 0.2953753236103329, 0.2406633643471002, 0.21517976671003058], [0.26387896359220503, 0.2538081576814248, 0.21445411125376823, 0.26785876747260223], [0.286007156722939, 0.2925643089335519, 0.15471183249026982, 0.26671670185323915], [0.23652345818683432, 0.33436311978930655, 0.17286801361565673, 0.25624540840820237], [0.3105545979836995, 0.25607710743424816, 0.15250430619676372, 0.2808639883852886], [0.22346437493144528, 0.32716009695287573, 0.2158826246840373, 0.23349290343164175], [0.2370668665590279, 0.31393648789443324, 0.18548751305692115, 0.26350913248961794], [0.24173022695854407, 0.25125832546257365, 0.2114841854669514, 0.295527262111931], [0.27152809481823265, 0.21654762671256417, 0.20914412894068404, 0.30278014952851917], [0.2528139715982382, 0.3160060161794924, 0.19601402182315153, 0.23516599039911804], [0.2240702072786719, 0.24546064994384145, 0.23157492197083746, 0.2988942208066492], [0.237975008053102, 0.2379701983860976, 0.19200164176806025, 0.33205315179274053], [0.30956241537600077, 0.2846815190765512, 0.13489142325869227, 0.2708646422887557], [0.279303876797483, 0.2234386682336221, 0.2126286556185579, 0.28462879935033714], [0.2722978805607227, 0.28781822929256007, 0.18399360888360883, 0.2558902812631085], [0.21275769577920453, 0.28583833097370287, 0.19176591307563381, 0.3096380601714589], [0.27982620841353995, 0.2963696710227534, 0.16683393680108963, 0.25697018376261704], [0.28340148813928495, 0.24873453408849222, 0.1790549720614645, 0.2888090057107586], [0.31348384823672015, 0.2566501329649021, 0.1630718837763691, 0.2667941350220088], [0.27970611119638716, 0.2631852528119431, 0.15485323764759357, 0.3022553983440762], [0.23135333977680048, 0.3007595460410393, 0.2237696790203142, 0.24411743516184628], [0.26477588016942255, 0.24224044007696616, 0.19915859116562573, 0.2938250885879856], [0.2708994945797875, 0.24414357301511316, 0.20718131468065992, 0.2777756177244395], [0.2730469212051376, 0.2576484820859657, 0.16452820456876488, 0.3047763921401321], [0.21231049984902006, 0.2928949304661009, 0.16583895606944155, 0.32895561361543746], [0.29639155293306907, 0.23299758847745486, 0.12644272818883595, 0.34416813040064026], [0.23163970201443054, 0.2595887405871402, 0.2609139183055514, 0.24785763909287795], [0.31224248424299533, 0.2750924048690191, 0.1531380266639974, 0.2595270842239882], [0.24897213689615505, 0.28854893027639283, 0.2114614263701808, 0.2510175064572714], [0.23684345303728008, 0.294522792627059, 0.2274304219366163, 0.2412033323990448], [0.26832518628075186, 0.27916380127722074, 0.18893289931292526, 0.26357811312910223], [0.2076615862316854, 0.35416233359184557, 0.19077510536521147, 0.24740097481125758], [0.25346116272340136, 0.2365114644214915, 0.20197155018480417, 0.30805582267030324], [0.23494582637933978, 0.24927096643362895, 0.2318875933972741, 0.28389561378975775], [0.2380972031765145, 0.23574249572340086, 0.2250906293287736, 0.30106967177131133], [0.2860189992310349, 0.2610131620619678, 0.18586933906158212, 0.26709849964541527], [0.25321187777679394, 0.3156495522451419, 0.15010678899529437, 0.28103178098276993], [0.35298611855372575, 0.20966186436956516, 0.14438542086323305, 0.2929665962134761], [0.2837123030506737, 0.3101059498977015, 0.12276671296550014, 0.28341503408612473], [0.29329530553300626, 0.2712495418726826, 0.1504951351879334, 0.2849600174063781], [0.3694781190598871, 0.1957573021920956, 0.13149151783851443, 0.3032730609095028], [0.2571585780630363, 0.33837197478469383, 0.18581112509609243, 0.21865832205617738], [0.22876209360992722, 0.2686828132731728, 0.19723817484538583, 0.30531691827151436], [0.24517329484831837, 0.29460544991423343, 0.20708072649559506, 0.2531405287418532], [0.2459870575435981, 0.28333077574059284, 0.1684809927914572, 0.3022011739243521], [0.284351339419981, 0.24467969175634507, 0.14677135139576986, 0.32419761742790437], [0.3054555481771253, 0.19455624741524286, 0.17107705352998226, 0.3289111508776496], [0.22080565391640747, 0.29397190433294024, 0.15415910029230692, 0.33106334145834554], [0.32871934211411646, 0.22299072784945562, 0.1690861762419206, 0.2792037537945075], [0.2772847743024315, 0.2227930544475828, 0.1894398718822379, 0.3104822993677483], [0.24314146398627415, 0.3177548960008089, 0.21374296320674557, 0.2253606768061715], [0.3261767645356819, 0.290337713165623, 0.12420546630773256, 0.25928005599096254], [0.24226717920821167, 0.26014227372891435, 0.2241451287100187, 0.2734454183528553], [0.21640426788174605, 0.2707075675773988, 0.22077039808195795, 0.29211776645889714], [0.2494042923172671, 0.27919803539413235, 0.1920238820596424, 0.2793737902289582], [0.26083057811275495, 0.2463043391724148, 0.1914340280245479, 0.3014310546902826], [0.24747015458511423, 0.2976724496687197, 0.1609908595670395, 0.2938665361791266], [0.19652973204489285, 0.31312388204397235, 0.20918726468727503, 0.28115912122386], [0.2503891884309286, 0.2772994996577849, 0.15706096459961233, 0.31525034731167423], [0.17775085570092095, 0.3694412475739686, 0.1943747582826812, 0.25843313844242943], [0.22329602100960358, 0.28681096432917186, 0.1650456377755291, 0.32484737688569537], [0.2744815972732281, 0.31051298578925013, 0.19061611420648394, 0.224389302731038], [0.22906277934239117, 0.299378991123793, 0.16437586074952354, 0.3071823687842921], [0.2989485840529925, 0.24882651131687383, 0.157073916003057, 0.2951509886270767], [0.20768071301093424, 0.3135097544770438, 0.27771012088537506, 0.20109941162664707], [0.3000094931718205, 0.26567812732291624, 0.1845866424048903, 0.2497257371003731], [0.2206230920662379, 0.2937792635040031, 0.16449564726717708, 0.3211019971625822], [0.2641117336910296, 0.301882401178456, 0.20652060511130238, 0.22748526001921218], [0.23556271769652354, 0.26021108195727116, 0.1958896528716844, 0.308336547474521], [0.22401412946662, 0.2938570381059155, 0.22782814659716133, 0.25430068583030324], [0.3249109452842252, 0.24535594494542587, 0.11369077112248732, 0.3160423386478616], [0.19725876719604232, 0.28896483790058314, 0.17530909537360714, 0.3384672995297673], [0.3625795757939428, 0.21058899304429105, 0.10764168347644602, 0.31918974768532044], [0.2636400556778175, 0.2915959757630297, 0.14876831333173193, 0.29599565522742083], [0.20584027473166625, 0.33348857630503836, 0.21821293554066035, 0.24245821342263515], [0.2823856473516738, 0.2895783843011155, 0.20657497201277844, 0.22146099633443236], [0.27057318232107885, 0.2817906460116781, 0.17364462439238437, 0.27399154727485875], [0.2612549970051022, 0.24047033586844507, 0.2557404758427011, 0.2425341912837518], [0.20511899192087418, 0.28818501268578617, 0.21844706819338067, 0.28824892719995904], [0.21786580434701056, 0.2996033971612589, 0.16375370572453743, 0.31877709276719324], [0.2702810568926091, 0.2796448220432746, 0.17501287152897774, 0.27506124953513855], [0.20527685453845568, 0.3424687501543129, 0.2002386864720527, 0.25201570883517876], [0.22505228722690768, 0.3392562163082426, 0.15534466904123262, 0.2803468274236172], [0.2977619216649505, 0.2710623031457977, 0.16459483962466695, 0.26658093556458484], [0.2609939559989922, 0.3012006325603533, 0.1370765979688392, 0.3007288134718155], [0.2900567852809593, 0.31081801456538005, 0.1887811169454262, 0.21034408320823464], [0.2860743325508059, 0.24065576062279775, 0.17840635925389164, 0.29486354757250494], [0.25020149258055363, 0.28728458588712613, 0.1640104490120421, 0.2985034725202782], [0.23654774494146927, 0.31428348594010147, 0.1768730229502104, 0.27229574616821894], [0.26903156932907013, 0.2856430926152288, 0.17692412656027018, 0.26840121149543106], [0.24936258168550146, 0.3285084238535585, 0.2017287269697193, 0.22040026749122074], [0.31497683811529364, 0.26671671714876677, 0.13788150712918826, 0.28042493760675136], [0.2155700901157642, 0.3173067207950309, 0.22627136877149184, 0.24085182031771307], [0.21909790243410662, 0.33191794557314985, 0.2319564423184526, 0.21702770967429083], [0.2662871809724114, 0.31642451750594747, 0.1540218112807622, 0.2632664902408791], [0.2786360025897612, 0.2990720337047841, 0.188310025623042, 0.23398193808241288], [0.24498413971707855, 0.2857812531979944, 0.2038239736261883, 0.26541063345873883], [0.3007279964886533, 0.25707412974001165, 0.20113309009092636, 0.24106478368040876], [0.23516132874585327, 0.2827346008888907, 0.16408634374389297, 0.3180177266213631], [0.24248107950478937, 0.32284417447885255, 0.1896653389160767, 0.24500940710028146], [0.19623080048779262, 0.3290489995686272, 0.21815776173438026, 0.25656243820920005], [0.28583838450742793, 0.2356400904844365, 0.1849285254131966, 0.2935929995949391], [0.26957165988028003, 0.2997641928736538, 0.17143950513129308, 0.2592246421147732], [0.1851169919782864, 0.29804199932226344, 0.27609859052071156, 0.2407424181787386], [0.2658222888272276, 0.26825972097502354, 0.1879130951452298, 0.2780048950525192], [0.22716675801792127, 0.33331849399919233, 0.18869315175944415, 0.2508215962234423], [0.2624061066156083, 0.2806372035794425, 0.11425016257421192, 0.3427065272307375], [0.25350631290943804, 0.2950232864512128, 0.21267951178315778, 0.23879088885619157], [0.2804265763756688, 0.3189578210769014, 0.15397652825007652, 0.24663907429735335], [0.2557537468497903, 0.2614013852363739, 0.1789442086339157, 0.30390065927992027], [0.21739776032768307, 0.3427086208048614, 0.18277958422544532, 0.25711403464201055], [0.21766533786556916, 0.2604327683823128, 0.2715655247782026, 0.2503363689739154], [0.2787761608094376, 0.2768354916844669, 0.2009878777987203, 0.24340046970737533], [0.2134347191684462, 0.27838856620133223, 0.23350451750241763, 0.2746721971278041], [0.2481740928065799, 0.2771481913379309, 0.18550086637248175, 0.2891768494830075], [0.3239692978130418, 0.21947750409631084, 0.16646744967535507, 0.2900857484152924], [0.30135040702595056, 0.24926849092921163, 0.177689086311676, 0.2716920157331621], [0.23671909084610146, 0.22197974907994947, 0.22636090191891772, 0.3149402581550317], [0.2636948285152519, 0.19032679507304773, 0.2132972764784871, 0.3326810999332131]]}, "rewritten": {"ids": ["97106970", "97107950", "97108520", "97109080", "97109570", "97112300", "97116410", "97116790", "97118210", "98107340", "98109090", "98111231", "98111620", "98111670", "98112170", "98116940", "98120530", "99107560", "99107640", "99107950", "99108330", "99109740", "99109840", "99109860", "99109910", "99111000", "99112641", "99114890", "99117740", "100108490", "100109910", "100110050", "100111620", "100113370", "100116790", "101108500", "101109120", "101110150", "101111210", "101111620", "101114020", "101114990", "101115190", "102109010", "102110500", "102112301", "102113981", "102116500", "103109641", "103111110", "103113101", "103113170", "103120531", "104109311", "104111380", "104112470", "104113210", "104113550", "105113190", "105113210", "105113330", "105113440", "105113620", "105115380", "105115570", "105115680", "105116090", "105116980", "105117200", "105118740", "106113170", "106113190", "106114280", "106116441", "106118301", "106118820", "106119580", "106120640", "106121220", "107113180", "107113260", "107116340", "107118490", "107119390", "107120010", "107120260", "107121640", "107121700", "108114270", "108115870", "108117451", "108117720", "108118301", "108118630", "108119330", "108120260", "108120621", "108121190", "109113281", "109113931", "109114651", "109115220", "109115380", "109116750", "109117431", "109118701", "109119450", "109119460", "109120150", "110114610", "110115120", "110118121", "110118161", "110120640", "110121500", "111115400", "111116290", "111118810", "111118820", "111119430", "111119610", "111120220", "111121220", "112116290", "112116610", "112116850", "112117461", "112118620", "112118701", "112119120", "112119610", "112120640", "112121030", "112121410", "113119340", "113119450", "113120280", "113120591", "113121010", "113122180", "113122190", "113122430"], "labels": [2, 2, 2, 2, 0, 2, 3, 2, 2, 0, 1, 1, 3, 1, 3, 2, 1, 1, 1, 1, 1, 3, 2, 2, 2, 2, 1, 2, 2, 2, 2, 3, 3, 3, 2, 3, 1, 1, 2, 3, 3, 3, 1, 1, 3, 1, 1, 1, 1, 3, 3, 3, 3, 3, 3, 1, 3, 1, 3, 3, 3, 0, 0, 1, 0, 2, 1, 0, 3, 1, 0, 0, 3, 0, 1, 3, 3, 3, 1, 3, 0, 3, 2, 2, 1, 1, 1, 3, 3, 3, 2, 1, 1, 1, 0, 1, 1, 1, 0, 1, 3, 3, 3, 0, 1, 3, 3, 1, 2, 1, 0, 3, 0, 0, 3, 0, 2, 0, 0, 3, 2, 3, 3, 0, 1, 0, 0, 3, 0, 1, 0, 0, 0, 0, 0, 3, 0, 0, 2, 2, 1, 2], "predicted_labels": [1, 3, 3, 1, 0, 3, 0, 0, 3, 0, 1, 1, 1, 0, 0, 3, 1, 1, 0, 1, 0, 1, 1, 1, 3, 1, 3, 1, 3, 0, 0, 3, 3, 3, 1, 1, 1, 0, 1, 0, 3, 1, 1, 1, 0, 1, 0, 1, 3, 1, 1, 1, 1, 3, 3, 1, 3, 0, 0, 3, 3, 1, 1, 3, 3, 1, 3, 1, 1, 1, 1, 1, 3, 1, 0, 1, 1, 1, 1, 1, 1, 1, 1, 1, 0, 1, 0, 3, 3, 3, 0, 1, 3, 1, 3, 3, 0, 1, 0, 1, 0, 3, 3, 3, 1, 3, 3, 0, 1, 1, 1, 3, 1, 1, 0, 1, 1, 1, 3, 1, 1, 1, 3, 1, 1, 3, 1, 3, 3, 3, 1, 3, 0, 1, 1, 0, 3, 0, 1, 1, 1, 1], "confidence_scores": [[0.21999678126493244, 0.2783881757712143, 0.24716235303741463, 0.2544526899264388], [0.2417574157244548, 0.2637476003519243, 0.18280590941888952, 0.3116890745047315], [0.270755593805799, 0.24140813374935277, 0.20880495638737895, 0.27903131605746956], [0.2850073807186373, 0.29096456497318635, 0.1894595152936024, 0.2345685390145741], [0.2906473291748172, 0.2893936222786402, 0.17510729101065997, 0.24485175753588262], [0.2736620807034316, 0.2179027907480192, 0.22630835433835414, 0.28212677421019505], [0.2904017698435222, 0.2810464732507947, 0.19763094207884607, 0.23092081482683718], [0.33059837095936395, 0.24259182399589777, 0.21890787409212376, 0.2079019309526147], [0.2594596253083743, 0.2642551860623502, 0.1968658148138819, 0.2794193738153938], [0.272066801460134, 0.24519124125180564, 0.2150258535742031, 0.2677161037138574], [0.26996552149255365, 0.32252048128215777, 0.19030053468622263, 0.21721346253906593], [0.2670982869159488, 0.28580834491586593, 0.2150731696770353, 0.2320201984911499], [0.23749323507356682, 0.32040760587727246, 0.20778498880159846, 0.23431417024756235], [0.2889889117728274, 0.23654818871525252, 0.22352038961718332, 0.250942509894737], [0.2957410208884453, 0.28980002693722606, 0.17269835117433238, 0.24176060099999652], [0.25208070537845023, 0.27454697410826523, 0.1798214528046081, 0.2935508677086765], [0.27511056349477464, 0.30855068106916483, 0.1741364997089255, 0.24220225572713494], [0.2706016858109573, 0.2993513676096856, 0.19499174472609349, 0.23505520185326387], [0.28016449231279866, 0.25840605928428106, 0.2249632933305749, 0.23646615507234567], [0.26039603906175246, 0.28791776832087806, 0.19822612058031147, 0.2534600720370581], [0.26805365965401395, 0.25996221311773243, 0.21844225800799702, 0.2535418692202567], [0.2512090687193524, 0.30738951032171785, 0.24130380943839877, 0.20009761152053124], [0.22896147535271946, 0.2816090927103827, 0.2162401442153288, 0.2731892877215693], [0.2388096865568306, 0.2762201637798952, 0.21238285110987343, 0.2725872985534011], [0.24079611034059845, 0.26922138416755526, 0.21365309322231613, 0.27632941226953023], [0.22197885328174152, 0.30095895671083456, 0.22858791377611315, 0.2484742762313109], [0.2688700680514556, 0.24517874432463238, 0.20580836221502388, 0.28014282540888824], [0.18890221985232863, 0.3308749251423821, 0.22462029742561543, 0.255602557579674], [0.24338354269289067, 0.22278791722855343, 0.23690908743790914, 0.29691945264064695], [0.32787477854942415, 0.2472918469587116, 0.16516213547297487, 0.25967123901888944], [0.2700086644387561, 0.2614492880587266, 0.21136109403929584, 0.2571809534632216], [0.23020480349235634, 0.2728807565723319, 0.22091550011491803, 0.27599893982039375], [0.25258710822125485, 0.2646106114859606, 0.20031364531788076, 0.28248863497490395], [0.22521620269723017, 0.25407359507629423, 0.2511643082886647, 0.269545893937811], [0.28013866093754297, 0.32694563330545534, 0.16877519497257257, 0.22414051078442923], [0.2568680410646853, 0.29856543904362637, 0.17422960615419858, 0.2703369137374899], [0.25458508926710577, 0.313560618114877, 0.1687725710674833, 0.2630817215505339], [0.29781449817101235, 0.2631700073551556, 0.1783590182421985, 0.2606564762316334], [0.2713710115192085, 0.3139462898804463, 0.14413929660096725, 0.2705434019993781], [0.29819826695711005, 0.2572284020361578, 0.20247841835639854, 0.24209491265033367], [0.25289755040364176, 0.25608870373875225, 0.23258096321229765, 0.25843278264530845], [0.2550704893284477, 0.32618899224482584, 0.1581416311175084, 0.2605988873092182], [0.21192061613267346, 0.34598630164135985, 0.19894672002187921, 0.24314636220408756], [0.2594776538284514, 0.3320324558803832, 0.15502561599103967, 0.253464274300126], [0.31855895178459975, 0.25758171663293206, 0.14282314330908805, 0.28103618827338034], [0.22668528738192795, 0.3192865891218266, 0.21994484820255267, 0.23408327529369263], [0.2832543301256608, 0.2584747036721715, 0.2134277784301535, 0.24484318777201441], [0.2366469586532648, 0.29999166028216445, 0.19172426033313034, 0.27163712073144053], [0.25312241826580967, 0.24741175501373494, 0.21215693041852396, 0.2873088963019316], [0.27413585373305915, 0.2957377601908144, 0.18230696600037116, 0.2478194200757554], [0.24721579524093568, 0.3050700748042101, 0.20323001256351172, 0.24448411739134265], [0.21312719334522223, 0.32036144349731566, 0.23058626759271048, 0.2359250955647517], [0.28473665900873657, 0.31298818156783736, 0.17875213932581593, 0.22352302009761016], [0.28977067035227905, 0.2645034857670213, 0.13025583874555616, 0.31547000513514367], [0.26677118316729276, 0.2580800931558953, 0.19981604539196218, 0.27533267828484975], [0.2151475623897312, 0.31840315632924915, 0.18813424240496407, 0.2783150388760557], [0.2824252042627482, 0.24422612440745753, 0.14316708528885283, 0.33018158604094144], [0.3521947938805233, 0.20950154860019798, 0.1478907847452908, 0.2904128727739878], [0.30041980907506644, 0.27246735173259035, 0.1545710412260896, 0.2725417979662538], [0.23757613618456233, 0.25650766067042596, 0.1699285260004062, 0.3359876771446054], [0.2924512016830618, 0.21749523860133022, 0.16787823665395038, 0.32217532306165775], [0.22239501247466453, 0.29459563339174266, 0.2286081085329421, 0.2544012456006508], [0.23117113253536517, 0.3297367545234605, 0.18087745106916195, 0.2582146618720125], [0.24195060557518405, 0.23664213239037377, 0.19376920957006252, 0.32763805246437977], [0.264729210834662, 0.24570017604560707, 0.21731628300286854, 0.2722543301168624], [0.22731156188588766, 0.3183081164130957, 0.20874697872274958, 0.2456333429782671], [0.2346666819958771, 0.24395153525781355, 0.21786950011258252, 0.303512282633727], [0.2555102525128901, 0.3179027884953636, 0.14904841059851998, 0.2775385483932265], [0.24728089588348198, 0.299405498500058, 0.15552260135659413, 0.29779100425986615], [0.29368416919492524, 0.3018901065428027, 0.13050253280635732, 0.27392319145591487], [0.286656853846641, 0.2975855129710674, 0.1890410958254547, 0.22671653735683697], [0.23665126468157008, 0.302163117732112, 0.18798482188468252, 0.27320079570163547], [0.2430760776568558, 0.2455619344165848, 0.17238692268469613, 0.3389750652418631], [0.27720718082918233, 0.31548423032374967, 0.14236691397870777, 0.26494167486836045], [0.31230366849559094, 0.303056283966103, 0.12070536749349799, 0.2639346800448082], [0.2765419226230137, 0.2788105308999056, 0.1755959236571001, 0.26905162281998074], [0.21048573339108376, 0.30405355528710687, 0.2223492804899951, 0.26311143083181454], [0.22572761550924278, 0.3335204185513889, 0.22010636291571065, 0.2206456030236576], [0.24546807295763265, 0.32425571175515727, 0.12904594905535793, 0.3012302662318523], [0.27458485349669953, 0.2864695902472923, 0.19486526498457488, 0.2440802912714334], [0.21601353743482613, 0.30892810889485184, 0.1828075815620653, 0.292250772108257], [0.245594140746886, 0.32164149735206427, 0.1822421777324454, 0.2505221841686044], [0.22505105794747252, 0.3197149968342477, 0.22792200400145501, 0.22731194121682513], [0.20655141758343298, 0.3022198181910406, 0.22608630462026938, 0.26514245960525706], [0.2698490745038502, 0.2639731193527712, 0.2118252919864852, 0.2543525141568933], [0.25036885507610246, 0.33661545893824213, 0.1446675029774308, 0.2683481830082247], [0.283212007960161, 0.2234188798713271, 0.236560724955552, 0.25680838721296], [0.23424911439836874, 0.27466892971804624, 0.19427084820874135, 0.29681110767484387], [0.24199079191488493, 0.2899305816722704, 0.1572828367783299, 0.3107957896345147], [0.2207413676432911, 0.2574880980333499, 0.20286119739524008, 0.31890933692811924], [0.3447845345905364, 0.25713060034571755, 0.12573261165106692, 0.2723522534126794], [0.258052599255444, 0.2837068100905436, 0.18234788599642496, 0.27589270465758753], [0.26739071031302797, 0.2969710945651258, 0.1169005851484628, 0.3187376099733837], [0.2237781245706946, 0.3076892605303961, 0.164054115858107, 0.3044784990408025], [0.2831390033830199, 0.25040164465715464, 0.16331078000805185, 0.30314857195177364], [0.24829439486440688, 0.30044353311641747, 0.14187055104840116, 0.30939152097077444], [0.2845977843758296, 0.2776908920640859, 0.1976036408324026, 0.2401076827276819], [0.2537283357225759, 0.34078491813828515, 0.15145780272467524, 0.25402894341446386], [0.3172945196897263, 0.25214507171880385, 0.1254644127721107, 0.30509599581935926], [0.2581356775668347, 0.29230577566366056, 0.1882804501349815, 0.26127809663452306], [0.33688644166920184, 0.236609900309324, 0.1574388557642561, 0.269064802257218], [0.24500879434951003, 0.26582837513229507, 0.1575972620421994, 0.33156556847599555], [0.19214877048660667, 0.29210896136126907, 0.21540711168859583, 0.3003351564635283], [0.2451694226852007, 0.28791953349717686, 0.17352821762437676, 0.29338282619324585], [0.22611449637001893, 0.31123170542129097, 0.2014830334134867, 0.2611707647952035], [0.233021742024043, 0.3005241551669378, 0.15943413798760195, 0.30701996482141714], [0.240200012045945, 0.27592594367711604, 0.19883553909162624, 0.28503850518531265], [0.3185293460602916, 0.2610144969381634, 0.20825344459238504, 0.21220271240916005], [0.20777171500959898, 0.3574488423028867, 0.21712433405104373, 0.21765510863647086], [0.22039311635511852, 0.26488436024020817, 0.25403718532079794, 0.2606853380838756], [0.22698902047910494, 0.2830600545502536, 0.2151408170008231, 0.27481010796981853], [0.300921276662552, 0.22866653424221384, 0.1578964105489432, 0.31251577854629115], [0.2507100002389533, 0.3168118622244134, 0.14765738801388037, 0.284820749522753], [0.21999267509564446, 0.3222712543087141, 0.173051604200961, 0.2846844663946805], [0.3365883592907931, 0.2477542644226779, 0.15982043970404547, 0.25583693658248347], [0.24034480344048031, 0.2830645448062656, 0.20422481423200145, 0.2723658375212526], [0.22426686707838264, 0.3372657199800835, 0.1819630121973236, 0.2565044007442103], [0.2636361892454792, 0.31060969247746245, 0.15473008537182792, 0.2710240329052305], [0.28691433351541895, 0.25314359850407864, 0.15111491698567123, 0.30882715099483116], [0.24112280076076079, 0.3276640241161497, 0.1867398055070808, 0.2444733696160091], [0.25003318648140144, 0.311490872263639, 0.17807924103724035, 0.26039670021771927], [0.2848400488082102, 0.3027147818150262, 0.12370013373647501, 0.2887450356402886], [0.26934804360019055, 0.23255238595550393, 0.1576813757613502, 0.3404181946829553], [0.23331700050377627, 0.32532105029734176, 0.15657644656136027, 0.2847855026375218], [0.25418468356773016, 0.31428125345400426, 0.22701048394615161, 0.20452357903211393], [0.2841343925544638, 0.25452636630843023, 0.15280359997229775, 0.3085356411648082], [0.23790814446133013, 0.326445316894056, 0.12367108525769123, 0.31197545338692284], [0.28245008763527296, 0.27904780984883426, 0.14818792135092282, 0.2903141811649698], [0.2652886760219898, 0.2573458929023314, 0.18230228042428778, 0.2950631506513911], [0.25373871838557727, 0.22896074273002806, 0.21468364509255358, 0.30261689379184104], [0.23081506243775274, 0.30654880856060884, 0.17606154015080058, 0.28657458885083786], [0.23910178685633338, 0.2552588511289678, 0.2366845170853426, 0.2689548449293564], [0.3521164835946861, 0.25043678251893714, 0.14347193126690916, 0.2539748026194675], [0.2757145826626576, 0.2914846823031931, 0.15004957537861321, 0.28275115965553616], [0.27916615883523616, 0.3210777797464809, 0.15645562049606843, 0.24330044092221467], [0.31124513155056094, 0.26815550728992205, 0.17087783721011246, 0.24972152394940458], [0.29016567754337014, 0.20845418257219656, 0.18953200853190755, 0.31184813135252604], [0.2982776079714642, 0.24123654086860286, 0.19661223996390387, 0.2638736111960291], [0.2567038698502131, 0.3216865764236625, 0.14995804009053473, 0.2716515136355898], [0.26120384277307696, 0.2967720743011373, 0.165990524363154, 0.2760335585626319], [0.23739070803176213, 0.28903570632629333, 0.2105973811995286, 0.26297620444241604], [0.2233654129597351, 0.3534499766147717, 0.2039522205128149, 0.21923238991267835]]}}