{"test": {"ids": ["103111110", "105116860", "113122220", "97106591", "112117471", "109115380", "97112830", "100120010", "106115120", "104117630", "103109641", "112118161", "98112580", "105120621", "113120751", "110121720", "113118111", "105115720", "105120280", "102116500", "103112470", "101111620", "112117210", "104111711", "110116501", "103120780", "111121220", "98111620", "112118860", "108114040", "103113170", "107121700", "112119930", "107119390", "109115211", "98111860", "108118060", "110118740", "107116980", "102117351", "100108080", "98107340", "113122510", "108118630", "97110950", "110114610", "99112531", "99109370", "111121410", "98107410", "113121410", "99112641", "104116441", "101109000", "104111990", "97106000", "104119340", "98108970", "107120130", "99110730", "97107950", "106121190", "101108580", "97109080", "111119290", "99109141", "105113260", "110120640", "105115380", "112117780", "107119950", "111114121", "101121640", "104113000", "102113350", "109119450", "97106970", "101108121", "109114720", "108113700", "100116500", "102110240", "109120540", "104112470", "98108520", "108116120", "111120190", "108114360", "107120010", "98109230", "111117000", "99105921", "112118581", "112119120", "112116640", "99111440", "100109890", "97116790", "98121790", "113120260", "112117461", "107118520", "97105580", "112116501", "108114270", "112118421", "105117351", "104117200", "110113591", "110115980", "106118301", "99117630", "104114230", "113121810", "98107380", "112118701", "99109161", "106113260", "103111540", "99107560", "101108950", "108120060", "99107300", "99109860", "113120540", "105113480", "105110091", "113122650", "113118511", "109120150", "97107821", "103112641", "107112850", "105113440", "113122170", "104113380", "102110890", "109121640", "113120531", "103117200", "107117010", "99121440"], "labels": [3, 2, 1, 1, 3, 3, 2, 0, 1, 0, 1, 0, 2, 1, 1, 3, 1, 1, 3, 1, 1, 3, 1, 1, 3, 1, 3, 3, 3, 0, 3, 3, 1, 2, 0, 0, 1, 3, 3, 1, 0, 0, 2, 1, 3, 1, 3, 1, 0, 3, 0, 1, 1, 1, 2, 0, 1, 3, 2, 3, 2, 2, 0, 2, 3, 3, 3, 0, 1, 0, 3, 0, 2, 1, 3, 3, 2, 0, 0, 0, 2, 3, 1, 1, 2, 1, 3, 1, 1, 1, 0, 1, 1, 1, 0, 3, 3, 2, 2, 3, 0, 2, 1, 3, 3, 3, 0, 3, 0, 1, 1, 3, 2, 2, 1, 0, 3, 3, 1, 1, 2, 1, 3, 2, 3, 0, 0, 2, 1, 2, 2, 3, 1, 0, 1, 1, 0, 0, 0, 0, 1, 2], "predicted_labels": [1, 1, 3, 3, 1, 1, 2, 1, 0, 1, 3, 0, 3, 3, 3, 2, 3, 1, 3, 0, 1, 0, 1, 2, 3, 1, 3, 2, 0, 3, 1, 1, 1, 2, 3, 1, 0, 0, 0, 3, 1, 2, 2, 3, 0, 1, 3, 3, 1, 0, 3, 0, 1, 3, 0, 3, 3, 1, 2, 3, 1, 1, 0, 1, 3, 0, 1, 1, 1, 1, 3, 1, 1, 3, 1, 2, 2, 3, 2, 0, 2, 1, 1, 3, 0, 0, 1, 1, 3, 0, 3, 0, 1, 3, 3, 3, 0, 2, 2, 1, 3, 1, 0, 3, 3, 3, 3, 3, 0, 3, 0, 1, 1, 2, 3, 3, 1, 1, 3, 1, 2, 1, 1, 1, 0, 3, 1, 3, 2, 2, 3, 3, 1, 1, 1, 2, 2, 1, 3, 3, 2, 2], "confidence_scores": [[0.154273336161005, 0.6589700221381636, 0.02213559959377988, 0.16462104210705156], [0.32970942781563517, 0.5749065708365257, 0.043316083567707234, 0.05206791778013153], [0.11431364647405694, 0.43535267306388875, 0.04818982340073779, 0.40214385706131667], [0.015718218129733785, 0.3201444481698736, 0.2368126074664308, 0.427324726233962], [0.0665416268735381, 0.5851947468521808, 0.003358934120372457, 0.3449046921539086], [0.03694207942237618, 0.43458987975605623, 0.2804116796386132, 0.24805636118295454], [0.361296527253314, 0.18888509045861515, 0.38214826770584287, 0.06767011458222823], [0.020612859630667533, 0.7071911037876228, 0.19690473131446398, 0.07529130526724556], [0.5905270458699537, 0.399633271538381, 0.0006701985809409939, 0.00916948401072455], [0.47228188975124386, 0.4584446724235086, 0.02073359063132992, 0.048539847193917726], [0.021715546660641735, 0.03406159943202726, 0.07662501025166632, 0.8675978436556646], [0.544067819304134, 0.3545989934279532, 0.01580204698043618, 0.08553114028747652], [0.15290430914812714, 0.33694127771703486, 0.1498294610976306, 0.3603249520372075], [0.007070959510996234, 0.0017853642130462092, 0.0002926132751661693, 0.9908510630007913], [0.19527100635169853, 0.22609566293365607, 0.0754848104415418, 0.5031485202731033], [0.03051851358384518, 0.14731359013918452, 0.6109118703680613, 0.2112560259089088], [0.07150970091900352, 0.07241154407179758, 0.018891032081833434, 0.8371877229273655], [0.012774878959061835, 0.8833961121712076, 0.047437300739205844, 0.05639170813052467], [0.012044244152992769, 0.05850568201036182, 0.49086885214929804, 0.43858122168734703], [0.42145132769461285, 0.1714551794921786, 0.20949909206129622, 0.19759440075191254], [0.24531038741971653, 0.581757524563681, 0.06902938211968287, 0.10390270589691951], [0.8815205186986956, 0.011301260788790873, 0.026041683483537355, 0.08113653702897651], [0.013742745939073469, 0.6504567511041395, 0.30988010051431025, 0.025920402442476922], [0.012607330712967251, 0.04556487142315857, 0.8824935156442021, 0.05933428221967188], [0.0591601283467024, 0.031883792684008705, 0.002173299884576661, 0.9067827790847122], [0.0020655498253863455, 0.8092993543780824, 0.037241389276800235, 0.151393706519731], [0.11159141955026457, 0.045156035829466735, 0.013789276966137505, 0.8294632676541311], [0.008399497782886735, 0.08588782907367802, 0.847904017059933, 0.05780865608350269], [0.6067678450069025, 0.1589421479803801, 0.09891825909214239, 0.13537174792057508], [0.005000509718963987, 0.029514665613415324, 0.24583140772083298, 0.7196534169467879], [0.08185651448827944, 0.34497313115413675, 0.42227621726205955, 0.15089413709552432], [0.028692760952172883, 0.8606894643718057, 0.02905801663212421, 0.08155975804389741], [0.08143004591220541, 0.5662486831014745, 0.26883298307010495, 0.08348828791621549], [0.09026255942338147, 0.04684070795951943, 0.5483839476670085, 0.3145127849500904], [0.006261398998315902, 0.043322958807151674, 0.010627428292484014, 0.9397882139020485], [0.021388326796547664, 0.5254156937397293, 0.4254997107568062, 0.02769626870691706], [0.4716839645457818, 0.13452190174413525, 0.04866608509066991, 0.34512804861941304], [0.7347367713022719, 0.04996638964727407, 0.021685503299266523, 0.19361133575118752], [0.9586360373080672, 0.03799921584752746, 0.0004915176511306897, 0.00287322919327478], [0.01628806406913407, 0.057555339993672114, 0.0023728788124835385, 0.9237837171247104], [0.029499388337318418, 0.804591697844362, 0.010717364386835727, 0.15519154943148383], [0.08914359424156242, 0.02771858073492117, 0.5761295319155357, 0.30700829310798067], [0.17150857058752547, 0.2818313016278409, 0.42771339032883615, 0.11894673745579762], [0.011855355143984827, 0.24117659159591895, 0.02780690644600378, 0.7191611468140925], [0.41461397347372453, 0.3359527600185257, 0.09804565212497242, 0.15138761438277737], [0.18254524839701944, 0.42836891386080395, 0.3407323538019927, 0.04835348394018358], [0.37829732075666106, 0.1993768937662653, 0.04213748225371666, 0.380188303223357], [0.36342835297288995, 0.19131922459853756, 0.1537689027798753, 0.29148351964869745], [0.12075360176554979, 0.6975413247249335, 0.009113048982689696, 0.17259202452682745], [0.6019899093352669, 0.05307400286584828, 0.07088303868629464, 0.27405304911259026], [0.01259902686209518, 0.003806725098421957, 0.000459317108667459, 0.9831349309308154], [0.9151252333009259, 0.06292521035181438, 0.011148091310345228, 0.010801465036914249], [0.13330767541949545, 0.6651970952871551, 0.005441018355148924, 0.19605421093820039], [0.004458767896883524, 0.059635915014528515, 0.25214553508084797, 0.6837597820077402], [0.8823136254262532, 0.10490998492023434, 0.0030752081777311725, 0.009701181475781123], [0.0029991080883310277, 0.0704992667907699, 0.09375671457729896, 0.8327449105436002], [0.01665778498863965, 0.12725002594566584, 0.022053054640876073, 0.8340391344248179], [0.01418468976523375, 0.8725084602200792, 0.03420515743380309, 0.079101692580884], [0.020260279713576013, 0.3361892065262336, 0.6238442556861277, 0.019706258074062875], [0.025680417807349556, 0.014641902662625461, 0.0798268155964907, 0.8798508639335346], [0.06764702473637066, 0.44492055354190807, 0.12374623115758368, 0.36368619056413753], [0.029070219637831473, 0.17014167436952726, 0.4839995910735974, 0.316788514919044], [0.5907928528115631, 0.0017071173535155213, 0.3793676175720034, 0.02813241226291809], [0.019063873025860354, 0.6403237249204263, 0.03755798529115049, 0.30305441676256256], [0.007231324971651586, 0.15849938458392931, 0.14396225316140762, 0.6903070372830117], [0.8016649169353379, 0.13834134534206252, 0.016027660368441096, 0.04396607735415848], [0.23439451717036214, 0.4384899321121623, 0.033236638134484395, 0.29387891258299115], [0.08158640275806146, 0.5289321992552799, 0.20647571193434816, 0.18300568605231016], [0.040969919998490714, 0.6003354895204985, 0.20703373469712127, 0.15166085578388955], [0.39060048888046767, 0.3810201827816128, 0.007047193763673878, 0.22133213457424572], [0.3718525276022215, 0.22208558824563848, 0.0494184507088459, 0.3566434334432941], [0.019064445266292696, 0.9648667751682379, 0.001879973790363362, 0.014188805775106112], [0.007301123746239038, 0.5253101361894026, 0.11940779603297764, 0.34798094403138075], [0.3704598256881412, 0.0731976327114271, 0.053052219245547885, 0.5032903223548841], [0.2398007168976433, 0.39801042637350814, 0.22307280318888367, 0.13911605353996498], [0.0014500831276208722, 0.050961377813822845, 0.666823941939807, 0.2807645971187492], [0.15577703215263594, 0.2587055798580132, 0.30714429665886167, 0.27837309133048915], [0.040662143097004735, 0.0449404223860767, 0.012255687421112231, 0.9021417470958062], [0.002219473196015987, 0.12467415425439345, 0.5653220319750176, 0.3077843405745731], [0.9157642390607664, 0.07276604698125114, 0.0033776244805233152, 0.008092089477459062], [0.016583898593105797, 0.06280960459060815, 0.6077969052056366, 0.31280959161064953], [0.22625684143230523, 0.6225198792719678, 0.10505120378960567, 0.046172075506121554], [0.017174465225881886, 0.9441107989324529, 0.005566792323691582, 0.0331479435179737], [0.003849294792793454, 0.007976912958263877, 0.31980018623571704, 0.6683736060132258], [0.5116983452318528, 0.14301819802563775, 0.01980874086345819, 0.32547471587905136], [0.913412299475317, 0.0077654334258985625, 0.012488876806612082, 0.06633339029217188], [0.121001186291663, 0.6106748575125097, 0.10368739192088784, 0.1646365642749391], [0.04970736456857321, 0.7087132159948791, 0.14475418398400053, 0.09682523545254702], [0.025994382658969962, 0.1002769271412992, 0.08537476245681505, 0.7883539277429159], [0.37522156793246825, 0.11864844702184199, 0.427388874935745, 0.07874111010994458], [0.10884279660936248, 0.11249634925783039, 0.11252280767493571, 0.6661380464578716], [0.7608150942255577, 0.08571706139886846, 0.10322043101461355, 0.05024741336096008], [0.04646354535287826, 0.6613873972939811, 0.2621776323851828, 0.02997142496795786], [0.18924727021229104, 0.02461240248501963, 0.04922056372290737, 0.7369197635797816], [0.05309339101757328, 0.34488691721857206, 0.02566636032543643, 0.5763533314384184], [0.15653869962014028, 0.2606905857705256, 0.27339870133554717, 0.30937201327378716], [0.2863667861034775, 0.18975985546780008, 0.37920460186704047, 0.14466875656168177], [0.039302465300180556, 0.05996951923572127, 0.8221181274521306, 0.07860988801196753], [0.12250850832424905, 0.14388429060497304, 0.6208147288892295, 0.11279247218154834], [0.054868573856689876, 0.5938770719128528, 0.27826270263543074, 0.07299165159502663], [0.12552162622140792, 0.06460147573528122, 0.005984291184482678, 0.8038926068588281], [0.0045093417167382495, 0.9328721392012701, 0.05213492075767888, 0.010483598324312907], [0.770440155344781, 0.017038918689029205, 0.13202189653687602, 0.08049902942931408], [0.024507840474922642, 0.006683964625720422, 0.003645247660575889, 0.9651629472387809], [0.2576368451808464, 0.08816172332534401, 0.017712784177634427, 0.6364886473161752], [0.341898249459934, 0.152300682084545, 0.03285392558468647, 0.47294714287083456], [0.38044563505158, 0.01687745866578363, 0.006186766689341622, 0.5964901395932949], [0.06054224766861117, 0.15229134825072516, 0.06207407571434605, 0.7250923283663175], [0.3766348062930211, 0.29291711475254034, 0.004015923515116476, 0.32643215543932197], [0.06920801435107797, 0.10904092373349607, 0.021296867825475647, 0.8004541940899504], [0.6461122051215835, 0.10925768627445961, 0.00694892265251953, 0.23768118595143753], [0.42558805306074515, 0.4166066310774935, 0.031943922293312825, 0.12586139356844844], [0.017442449547323016, 0.6118049489662286, 0.26539350599623723, 0.10535909549021093], [0.004810823764895709, 0.08490331995961295, 0.9032017788507009, 0.0070840774247907445], [0.1285903277920466, 0.2527520340526371, 0.2411346628656758, 0.3775229752896402], [0.047273307867269444, 0.13759223347675126, 0.012669071857169489, 0.8024653867988099], [0.44121986039797473, 0.4365594124113658, 0.11386502425725055, 0.008355702933409053], [0.3655519010958965, 0.5459151131016896, 0.03247784179183121, 0.05605514401058227], [0.051137695480130245, 0.22499737461529215, 0.16492108781155362, 0.558943842093024], [0.14663526486613615, 0.7425163950183545, 0.014642314849488405, 0.09620602526602097], [0.018617119093503415, 0.04369383767457235, 0.8125676555784692, 0.12512138765345499], [0.35706569246031267, 0.4378707264127547, 0.17461238922806233, 0.030451191898870206], [0.43034961940294525, 0.46979919222423483, 0.008791847149026127, 0.09105934122379386], [0.12484651289074, 0.41663557103736043, 0.2027457977936192, 0.25577211827828017], [0.843491962024962, 0.11098425136849474, 0.003100158001175532, 0.04242362860536766], [0.011293998641692575, 0.2788468337282655, 0.2066790199704819, 0.5031801476595599], [0.13346316733011634, 0.548725906024688, 0.161563786119153, 0.15624714052604255], [0.04615790204975768, 0.4656796733021499, 0.06683236478851394, 0.42133005985957855], [0.23082136698877348, 0.24186057390098867, 0.2931909912617842, 0.2341270678484535], [0.14071855137022835, 0.0517386931905022, 0.7500269137284438, 0.05751584171082637], [0.35286659657032926, 0.05315396635098383, 0.006753835652323142, 0.5872256014263636], [0.14046961332729488, 0.10287105615140896, 0.20801569945248627, 0.5486436310688099], [0.12209680110954677, 0.6471168906581686, 0.1539198358869847, 0.07686647234529995], [0.06458412248460851, 0.26013395684528756, 0.3349269838994769, 0.34035493677062706], [0.01669354801208254, 0.5205960498710197, 0.29475954461457526, 0.16795085750232236], [0.06742144332349201, 0.15382287369298878, 0.6272887431720549, 0.15146693981146434], [0.228333618725989, 0.017438854303433338, 0.519671725639073, 0.2345558013315045], [0.13584529042433185, 0.5760274902486954, 0.17661664690007806, 0.1115105724268948], [0.09076413013390833, 0.3892756916459085, 0.11725786613521484, 0.40270231208496826], [0.10356357362219697, 0.1516378491721959, 0.01486924157545089, 0.7299293356301565], [0.005079754076061388, 0.07420942035240535, 0.7754479921872665, 0.1452628333842664], [0.09289132711827147, 0.2682449032389368, 0.5538084117476167, 0.0850553578951748]]}, "rewritten": {"ids": ["97105580", "97106000", "97106591", "97106970", "97107821", "97107950", "97109080", "97110950", "97112830", "97116790", "98107340", "98107380", "98107410", "98108520", "98108970", "98109230", "98111620", "98111860", "98112580", "98121790", "99105921", "99107300", "99107560", "99109141", "99109161", "99109370", "99109860", "99110730", "99111440", "99112531", "99112641", "99117630", "99121440", "100108080", "100109890", "100116500", "100120010", "101108121", "101108580", "101108950", "101109000", "101111620", "101121640", "102110240", "102110890", "102113350", "102116500", "102117351", "103109641", "103111110", "103111540", "103112470", "103112641", "103113170", "103117200", "103120780", "104111711", "104111990", "104112470", "104113000", "104113380", "104114230", "104116441", "104117200", "104117630", "104119340", "105110091", "105113260", "105113440", "105113480", "105115380", "105115720", "105116860", "105117351", "105120280", "105120621", "106113260", "106115120", "106118301", "106121190", "107112850", "107116980", "107117010", "107118520", "107119390", "107119950", "107120010", "107120130", "107121700", "108113700", "108114040", "108114270", "108114360", "108116120", "108118060", "108118630", "108120060", "109114720", "109115211", "109115380", "109119450", "109120150", "109120540", "109121640", "110113591", "110114610", "110115980", "110116501", "110118740", "110120640", "110121720", "111114121", "111117000", "111119290", "111120190", "111121220", "111121410", "112116501", "112116640", "112117210", "112117461", "112117471", "112117780", "112118161", "112118421", "112118581", "112118701", "112118860", "112119120", "112119930", "113118111", "113118511", "113120260", "113120531", "113120540", "113120751", "113121410", "113121810", "113122170", "113122220", "113122510", "113122650"], "labels": [1, 0, 1, 2, 2, 2, 2, 3, 2, 2, 0, 1, 3, 2, 3, 1, 3, 0, 2, 2, 1, 3, 1, 3, 3, 1, 2, 3, 3, 3, 1, 3, 2, 0, 3, 2, 0, 0, 0, 2, 1, 3, 2, 3, 0, 3, 1, 1, 1, 3, 1, 1, 3, 3, 0, 1, 1, 2, 1, 1, 1, 2, 1, 3, 0, 1, 0, 3, 0, 0, 1, 1, 2, 0, 3, 1, 3, 1, 1, 2, 1, 3, 1, 2, 2, 3, 1, 2, 3, 0, 0, 3, 1, 1, 1, 1, 1, 0, 0, 3, 3, 2, 1, 0, 0, 1, 1, 3, 3, 0, 3, 0, 0, 3, 3, 3, 0, 3, 0, 1, 0, 3, 0, 0, 3, 1, 0, 3, 1, 1, 1, 1, 3, 0, 3, 1, 0, 2, 1, 1, 2, 2], "predicted_labels": [0, 3, 3, 1, 3, 1, 1, 1, 0, 3, 2, 3, 0, 0, 1, 2, 2, 1, 3, 3, 0, 0, 1, 0, 1, 3, 1, 3, 0, 0, 0, 1, 2, 1, 0, 3, 1, 3, 0, 2, 3, 0, 1, 1, 0, 0, 3, 3, 3, 1, 3, 1, 3, 2, 3, 3, 2, 1, 3, 3, 2, 1, 0, 3, 1, 3, 3, 0, 3, 3, 3, 1, 1, 0, 3, 3, 0, 0, 0, 3, 1, 1, 2, 1, 3, 3, 3, 2, 1, 0, 1, 0, 1, 0, 0, 3, 0, 2, 3, 1, 3, 0, 1, 1, 0, 1, 3, 3, 0, 1, 2, 1, 2, 2, 1, 3, 3, 3, 3, 1, 3, 3, 1, 0, 0, 1, 3, 0, 2, 2, 3, 2, 1, 3, 0, 1, 3, 2, 1, 1, 2, 1], "confidence_scores": [[0.8560704016750257, 0.025729657288182377, 0.042497973339976854, 0.07570196769681505], [0.0056495356027536515, 0.12274083783598116, 0.11031104814889459, 0.7612985784123704], [0.12347508673440387, 0.19213072977918794, 0.16526328465199833, 0.51913089883441], [0.04179720688309096, 0.525288494550465, 0.17075299320421108, 0.26216130536223314], [0.3450660260255356, 0.062027641846642376, 0.008483420644530242, 0.5844229114832913], [0.036136311997686944, 0.6821457273147534, 0.11317104661592052, 0.16854691407163908], [0.023685094991180825, 0.6434827009040867, 0.12891603967503729, 0.20391616442969537], [0.32871793784711195, 0.42157283757167097, 0.07788712846231591, 0.17182209611890062], [0.45853787961981846, 0.23098785894824123, 0.25271409183227317, 0.05776016959966702], [0.3059873324896991, 0.10430648683711449, 0.16475551886694562, 0.4249506618062406], [0.07606865083236056, 0.04965495894291223, 0.5637635188133743, 0.3105128714113529], [0.15415099692400086, 0.2900120344177757, 0.07920438976598039, 0.476632578892243], [0.6094279323396644, 0.06549995652074464, 0.02163861584498993, 0.30343349529460106], [0.48107504936831175, 0.14711643895166326, 0.03414930384106957, 0.33765920783895553], [0.09206593331657253, 0.7756052318956603, 0.08459914453762077, 0.0477296902501461], [0.37242537273794024, 0.08583484830505524, 0.5086824330645403, 0.03305734589246401], [0.00233089127260555, 0.053054662448971106, 0.8408661232390112, 0.10374832303941206], [0.10346229662220126, 0.7530942545696748, 0.08567900935057554, 0.05776443945754862], [0.08216624763096153, 0.16308224744556526, 0.16386508417126056, 0.5908864207522125], [0.2998770846833618, 0.14142980267462407, 0.2588775933147513, 0.2998155193272628], [0.8184476611828754, 0.11085483623745623, 0.0077145886955374485, 0.06298291388413095], [0.520574199971945, 0.3492902953301626, 0.006956004600692747, 0.12317950009719981], [0.34071396937026077, 0.5879445142503726, 0.002503684232568812, 0.06883783214679767], [0.8443436037916783, 0.11446991707035636, 0.00558958853642452, 0.03559689060154099], [0.4355334568786983, 0.5142199456449423, 0.037885725154559804, 0.012360872321799322], [0.31282884614661255, 0.16038304582839677, 0.09272275566854266, 0.4340653523564478], [0.08872713907971953, 0.6354230552092833, 0.13796771116457995, 0.13788209454641698], [0.007662440965627322, 0.05200166606858819, 0.22804869986242932, 0.7122871931033552], [0.3740596734128012, 0.23328796651092135, 0.08452047674098609, 0.30813188333529123], [0.6375819935717426, 0.0756515972473551, 0.010197267527810767, 0.27656914165309165], [0.5954189632661085, 0.33338855837591647, 0.018795220136628495, 0.05239725822134675], [0.29398764843965247, 0.42383884123843324, 0.058296616005155434, 0.2238768943167588], [0.25353776987592863, 0.19193207464311848, 0.43048895320451386, 0.12404120227643863], [0.07295224172475262, 0.6456046880804265, 0.004306138074869604, 0.27713693211995094], [0.5184947782933088, 0.07034432219778675, 0.1563708025156356, 0.2547900969932686], [0.05326382819547411, 0.08874288257306935, 0.11524906325337432, 0.7427442259780823], [0.01023353825845849, 0.926259564909333, 0.03331325610715949, 0.030193640725049105], [0.09148270587002214, 0.13657806879618506, 0.02612847723643018, 0.7458107480973628], [0.5609871449938645, 0.0029147314401460453, 0.3616703976037663, 0.07442772596222302], [0.15740032770736, 0.061960540937641376, 0.5873163167147156, 0.19332281464028286], [0.009871455720824882, 0.03773910460517531, 0.40894704064282933, 0.5434423990311709], [0.5002416800302067, 0.02650959246829478, 0.0953609531448258, 0.37788777435667287], [0.023367328373858475, 0.5894744563188186, 0.13222415800496135, 0.2549340573023617], [0.2570407973103998, 0.6575125400843694, 0.04438010645362475, 0.04106655615160584], [0.7892162695021648, 0.011743179161895021, 0.12915405461769286, 0.06988649671824763], [0.3179228357823636, 0.3116996359991366, 0.2342514504130239, 0.13612607780547634], [0.26360384471390197, 0.08934265832097191, 0.14430916527509788, 0.5027443316900282], [0.04435610294422471, 0.07440857100942312, 0.0023786634065024997, 0.8788566626398496], [0.05443387767191787, 0.0826012268302215, 0.1318987785517505, 0.7310661169461099], [0.29914169065621865, 0.3934401639679458, 0.0765518819571305, 0.23086626341870492], [0.15563383896163036, 0.1301062387696714, 0.31489485386366717, 0.39936506840503105], [0.32396424451528577, 0.5558723499407169, 0.012196466214188498, 0.10796693932980875], [0.14454319610013205, 0.035820093810798856, 0.07736977933335065, 0.7422669307557184], [0.1291657994481061, 0.2449325561208504, 0.43900543782690205, 0.18689620660414158], [0.040954999431934765, 0.036631229226265064, 0.005552560414515881, 0.9168612109272839], [0.021151637699948073, 0.2772890843913044, 0.02527039631915944, 0.6762888815895881], [0.13957251893113995, 0.16067219777183123, 0.31627751813204213, 0.3834777651649868], [0.10495278041391122, 0.5718233795999329, 0.29844125174992175, 0.02478258823623395], [0.007174607046384528, 0.024897790596020816, 0.08913644286587734, 0.8787911594917172], [0.2967395500837745, 0.09035534824417848, 0.051331945282055445, 0.5615731563899916], [0.047045002740213275, 0.0987052625187029, 0.5569015583783985, 0.29734817636268535], [0.025936852949402615, 0.4504331953255721, 0.399661266818074, 0.12396868490695126], [0.33967776170393993, 0.3463893932876774, 0.016762686245039873, 0.29717015876334285], [0.047338153692446705, 0.11985167674841966, 0.18456218549554304, 0.6482479840635909], [0.1495779695311105, 0.7740867508874447, 0.0298356688557168, 0.04649961072572795], [0.10086612586860334, 0.1474454915821402, 0.045687841041814496, 0.7060005415074421], [0.1417214921786271, 0.43363904554120886, 0.03370495656451551, 0.3909345057156481], [0.5666791749065314, 0.1655906160941525, 0.005529855152592542, 0.26220035384672347], [0.16454206131180077, 0.22853040710918202, 0.08811735348236016, 0.518810178096657], [0.045959689800242315, 0.2565729590317977, 0.13025215801447299, 0.5672151931534869], [0.09956820091186949, 0.30009007765695833, 0.18792453251654917, 0.41241718891462287], [0.016840149268200093, 0.5938315660638505, 0.27952929903702917, 0.10979898563092018], [0.33166637137400684, 0.5823159575223243, 0.028519226148283717, 0.057498444955385156], [0.6074233807424992, 0.029992180044197517, 0.0030594889442701846, 0.35952495026903314], [0.01746561126409484, 0.07042617541673812, 0.37490777126040437, 0.5372004420587624], [0.08643840156855613, 0.010687771733367765, 0.0004090099691742964, 0.902464816728902], [0.6225777517212036, 0.3071305117530928, 0.020885604035017862, 0.04940613249068582], [0.6910491593990844, 0.30141538138125, 0.0006914816420695361, 0.006843977577595981], [0.6794091413098429, 0.04773033301337961, 0.017059861445005424, 0.25580066423177195], [0.006637287169890409, 0.025272188834465695, 0.441918864263044, 0.5261716597326002], [0.23474283605405097, 0.4624820106759739, 0.23307697913449998, 0.06969817413547512], [0.5264291939201691, 0.4515473608559196, 0.013060589213865652, 0.008962856010045886], [0.004661442279928296, 0.16924001424000015, 0.49445563818070465, 0.331642905299367], [0.006034375181559245, 0.8667820997096537, 0.11291234218208382, 0.014271182926703046], [0.03191182966758505, 0.03678892077033847, 0.3479215088699282, 0.5833777406921481], [0.17156476382064395, 0.26004665103392965, 0.09825126903895329, 0.4701373161064732], [0.012473357114617629, 0.056674920023390606, 0.09144535317048975, 0.8394063696915018], [0.0700042855852767, 0.1984739606771175, 0.5349205674450815, 0.19660118629252438], [0.04353649480491317, 0.6788256959902651, 0.17484616678841616, 0.10279164241640557], [0.9591962580101355, 0.03115326765875573, 0.0011174135613470965, 0.008533060769761715], [0.09899477120157932, 0.3623592841173862, 0.22493140972140285, 0.31371453495963175], [0.468752437549687, 0.06890002013126242, 0.0374483027979737, 0.42489923952107705], [0.07692398001439099, 0.4870743849448225, 0.36744051837126734, 0.06856111666951899], [0.5527148419367451, 0.05462333869564549, 0.027443758181834962, 0.3652180611857745], [0.5284875784215942, 0.14133854909846108, 0.06561341288325387, 0.2645604595966906], [0.028339594939406337, 0.19294110939538, 0.2575032995245133, 0.5212159961407004], [0.6501723124815774, 0.15962833171103577, 0.15856354635058145, 0.03163580945680608], [0.004935895049700522, 0.02435069129958054, 0.7399053936700711, 0.23080801998064765], [0.023632564180569783, 0.5073370369462783, 0.006443585878122332, 0.46258681299502963], [0.033693913086334945, 0.5074177145021518, 0.24796044854266341, 0.21092792386884976], [0.004468323109599828, 0.1304330426014656, 0.3629669916935186, 0.5021316425954159], [0.41547333866073416, 0.12360253265234843, 0.3802536937801629, 0.08067043490675463], [0.0462641694449563, 0.8294285267335847, 0.02282521194755018, 0.10148209187390891], [0.21954741472395997, 0.3731813368112343, 0.24729506621517214, 0.1599761822496334], [0.48343364162940605, 0.17132994123092987, 0.006329355433514287, 0.3389070617061503], [0.12666801399819683, 0.7300880359981083, 0.09415821671486835, 0.04908573328882611], [0.04571538760168661, 0.11786152803873194, 0.08563967012063743, 0.7507834142389445], [0.10155894169546825, 0.11733876575658282, 0.011058883290764432, 0.7700434092571844], [0.629141827068771, 0.1083043678902158, 0.04135383815341699, 0.22119996688759663], [0.033102978678083345, 0.5002124590585953, 0.4403676973329949, 0.026316864930326325], [0.0805181444850244, 0.2739802696407821, 0.5123507939407587, 0.1331507919334351], [0.0529406624938069, 0.8571499028100392, 0.002201630384798685, 0.08770780431135515], [0.28024579206252104, 0.0948637185523593, 0.4951221338657554, 0.12976835551936447], [0.027000541959086126, 0.2609091385346942, 0.36139205011617787, 0.3506982693900416], [0.38014500736188067, 0.49775888067116714, 0.0356446763581405, 0.08645143560881167], [0.30170771672859453, 0.03250808012021012, 0.006903029928100145, 0.6588811732230953], [0.20419940393173205, 0.21809215370634472, 0.08862476330431612, 0.48908367905760725], [0.02318971133417615, 0.07968699142711505, 0.010766159675936622, 0.886357137562772], [0.025939554212858592, 0.4349730510879173, 0.03809609969331686, 0.5009912950059072], [0.025236042607754337, 0.6697802390634925, 0.283651127460766, 0.021332590867987014], [0.17735839749015328, 0.050593720896268075, 0.006601197662524524, 0.7654466839510539], [0.10585926398529086, 0.1141378769046359, 0.004020165726471413, 0.7759826933836017], [0.21724379135063612, 0.5497498230184272, 0.010130901406527277, 0.22287548422440975], [0.6910950850115005, 0.22073096888787472, 0.007217442384208154, 0.08095650371641655], [0.7451307197824182, 0.07329372827899046, 0.00902614384911136, 0.17254940808948002], [0.18696858035121092, 0.6306180106872014, 0.1217639969761085, 0.060649411985479525], [0.04363104801190674, 0.07465026035891369, 0.017836824463857575, 0.8638818671653221], [0.4202548986601471, 0.2942035134540952, 0.14232879192373896, 0.1432127959620186], [0.24253956920655287, 0.17825316947468875, 0.4897132671279459, 0.08949399419081261], [0.02896795684610262, 0.22873009664896243, 0.7139244862171498, 0.02837746028778494], [0.15024582807317174, 0.3729159246150515, 0.02066697774852804, 0.45617126956324844], [0.23551441127871872, 0.27945418895126084, 0.37473718947038837, 0.11029421029963202], [0.30506373995829583, 0.4070338747344198, 0.17718467203311328, 0.11071771327417115], [0.149491977649457, 0.3389706839544443, 0.0360332827148891, 0.4755040556812097], [0.6513229677599136, 0.30071957045257686, 0.018108970261398422, 0.02984849152611098], [0.2904680358792601, 0.42672190829101064, 0.08503920385920316, 0.19777085197052577], [0.02824484618046629, 0.023481376439050863, 0.004134741981432867, 0.9441390353990499], [0.011436304097908344, 0.15108146437668782, 0.8277865265695246, 0.009695704955878993], [0.021873212752709714, 0.6594262048333867, 0.17181106556017725, 0.14688951685372642], [0.10128847501210084, 0.5088740085205409, 0.048368072802304644, 0.34146944366505355], [0.059069377941270665, 0.15804623920867242, 0.5738515929106636, 0.20903278993939337], [0.06368768352439998, 0.5289637170746538, 0.2745945835550383, 0.1327540158459078]]}}