{"test": {"ids": ["112119120", "105115380", "101110740", "112121030", "112118530", "98110810", "106118301", "101109120", "112116501", "103112641", "104111531", "103110760", "104111990", "113122180", "98110710", "107116300", "99109370", "112119980", "111119430", "97116500", "97105580", "110121170", "97116410", "110118181", "111115770", "100111080", "105116980", "98109090", "99111620", "112119610", "102109840", "110114651", "101108370", "106115120", "105113210", "110116290", "107121230", "101109000", "106115240", "99105921", "110117870", "108121160", "109113281", "107119390", "113120280", "107116501", "103111540", "101110150", "109117630", "112121360", "98108580", "104116441", "109114220", "113120260", "104116800", "98116940", "112116451", "109117271", "102111990", "100108520", "100107920", "102110050", "109115380", "113122230", "101111310", "98109570", "110116300", "110114610", "112116290", "107114110", "103110840", "101111210", "112116800", "102116500", "113120531", "101115190", "106114011", "104113000", "104113380", "99107300", "107119130", "103120730", "110118630", "97113260", "99109161", "99108010", "105115250", "113122190", "101108621", "107118820", "103111480", "113118620", "105119950", "99114890", "110116170", "101108580", "108121410", "97106770", "101112540", "102121700", "106119580", "110120531", "105120621", "109116040", "112119320", "109121351", "106115250", "101109370", "105116090", "102114270", "104119340", "98120010", "101114990", "106117770", "107120880", "104112470", "108120621", "113117550", "105116650", "113117630", "108114270", "103109791", "112117660", "99108520", "105112100", "105113330", "106116441", "99112641", "109117730", "104117630", "103111620", "111119930", "106121220", "99108080", "112118471", "106113190", "98110680", "100110050", "99117740", "110117500", "106118520", "113121190"], "labels": [1, 1, 3, 0, 1, 1, 1, 1, 3, 3, 0, 1, 2, 2, 2, 0, 1, 0, 3, 2, 1, 2, 3, 1, 3, 0, 0, 1, 3, 0, 2, 3, 1, 1, 3, 2, 0, 1, 1, 1, 3, 2, 0, 2, 0, 1, 1, 1, 0, 3, 0, 1, 3, 3, 1, 2, 0, 0, 2, 2, 0, 3, 3, 1, 3, 1, 3, 1, 0, 1, 1, 2, 0, 1, 0, 1, 1, 1, 1, 3, 1, 1, 1, 1, 3, 2, 2, 1, 0, 3, 0, 3, 3, 2, 0, 0, 0, 3, 2, 1, 3, 0, 1, 0, 1, 0, 2, 1, 1, 3, 1, 2, 3, 0, 1, 1, 1, 3, 1, 0, 3, 3, 0, 2, 1, 3, 0, 1, 3, 0, 0, 1, 1, 3, 1, 0, 2, 3, 2, 1, 2, 1], "predicted_labels": [3, 3, 1, 0, 1, 1, 3, 3, 3, 3, 3, 0, 0, 3, 1, 3, 1, 3, 1, 0, 0, 3, 1, 1, 3, 0, 3, 3, 1, 1, 3, 3, 0, 3, 3, 3, 3, 3, 1, 0, 0, 3, 3, 3, 3, 3, 3, 3, 0, 0, 0, 3, 3, 3, 3, 1, 0, 3, 0, 0, 3, 1, 3, 0, 3, 3, 0, 3, 1, 3, 3, 3, 1, 0, 3, 1, 1, 3, 2, 3, 1, 3, 3, 3, 1, 1, 0, 3, 3, 1, 3, 3, 0, 1, 3, 0, 0, 0, 3, 3, 3, 3, 3, 3, 3, 0, 3, 3, 3, 1, 3, 3, 1, 3, 3, 3, 3, 3, 1, 1, 3, 3, 3, 2, 0, 0, 3, 0, 3, 3, 1, 3, 3, 1, 3, 0, 0, 3, 0, 3, 1, 0], "confidence_scores": [[0.2628694805194807, 0.23287813852813863, 0.2052950660450662, 0.298957314907315], [0.21891581751581754, 0.2784020368520369, 0.21353790376290382, 0.28914424186924187], [0.2562434460963874, 0.28733677401030344, 0.22388284134166497, 0.2325369385516446], [0.34623162115662137, 0.21970811965811968, 0.1500608336108336, 0.28399942557442565], [0.21028246753246746, 0.34523083028083035, 0.2259287656787658, 0.2185579365079366], [0.22948585026085044, 0.3081490176490177, 0.22924521282810767, 0.23311991926202452], [0.2890457264957266, 0.1997511266511267, 0.17459780774780778, 0.33660533910533913], [0.23452508798391153, 0.27003028083028074, 0.21923991923109584, 0.2762047119547121], [0.27291065601065606, 0.2384347782936019, 0.15058034547152185, 0.33807422022422023], [0.25463251617663385, 0.20688679653679656, 0.21834698242933542, 0.32013370485723425], [0.27949893439893453, 0.2578858141858143, 0.16802130647130661, 0.29459394494394503], [0.3016324675324676, 0.2733229326229326, 0.16798491508491517, 0.25705968475968477], [0.34704682621300265, 0.23059859584859582, 0.1747769924519924, 0.24757758548640896], [0.27915856365856373, 0.248093994893995, 0.14616796536796547, 0.32657947607947596], [0.21202462814962822, 0.2983817765567766, 0.23525579420579426, 0.25433780108780113], [0.26535286657786655, 0.2393331390831391, 0.21766266511266527, 0.27765132922632935], [0.2556739427239429, 0.28266869519369536, 0.1905861499611501, 0.2710712121212122], [0.21979728049728067, 0.23856024531024542, 0.15098162393162395, 0.39066085026085035], [0.2102262335703513, 0.3050520368520369, 0.20560496333731626, 0.2791167662402957], [0.2657733155733156, 0.2622885281385283, 0.264077577977578, 0.2078605783105783], [0.30602254967254977, 0.2528630980130982, 0.18529622044622057, 0.2558181318681318], [0.2000857531357532, 0.27910253080253056, 0.22723709068709091, 0.2935746253746254], [0.2513640914640916, 0.2813404595404597, 0.22960222000222008, 0.23769322899322895], [0.2508052780552783, 0.3149248695748697, 0.188469635919636, 0.24580021645021652], [0.23368538406038433, 0.23722271894771896, 0.212488050838051, 0.3166038461538462], [0.2768927461427462, 0.2601082750582752, 0.1937245476745478, 0.2692744311244312], [0.29249204129204126, 0.22905425130425142, 0.17519239649239654, 0.303261310911311], [0.23381884226884245, 0.2149387498122794, 0.2464517394370337, 0.30479066848184494], [0.2224317257905495, 0.28152748362748364, 0.2219357678269443, 0.27410502275502285], [0.24076781551781562, 0.27300818625818635, 0.22537836052836063, 0.2608456376956378], [0.23828961038961058, 0.26497400932400944, 0.21642252747252755, 0.2803138528138529], [0.24447372072372098, 0.2229037684537686, 0.148410150960151, 0.3842123598623598], [0.34546837051837054, 0.19803770118770128, 0.19649190809190822, 0.2600020202020204], [0.28221780719280726, 0.21504799922299933, 0.16162124542124542, 0.34111294816294796], [0.3050945332445333, 0.2193388278388279, 0.15372611832611835, 0.3218405205905206], [0.2639726551226552, 0.2248253413253414, 0.2190321234321236, 0.2921698801198803], [0.2046155233655235, 0.2622237817737819, 0.19355535575535582, 0.3396053391053391], [0.24052067932067933, 0.25347075147075154, 0.22123992118992136, 0.2847686480186478], [0.22057929015429023, 0.298155180930181, 0.20049996392496405, 0.2807655649905649], [0.2912394050394052, 0.2458463425463427, 0.18005215895215904, 0.28286209346209346], [0.2692355997803367, 0.26247287157287186, 0.21256440021966347, 0.2557271284271285], [0.23051831779331777, 0.2578474497724499, 0.2266789210789212, 0.2849553113553115], [0.2995494077817608, 0.22919109224109224, 0.15739062440827148, 0.31386887556887555], [0.2568464943553179, 0.24958741813741822, 0.21179949299066947, 0.28176659451659464], [0.3059691752691753, 0.2106378732378732, 0.16764220779220784, 0.3157507437007438], [0.26629684759684746, 0.2516189477189478, 0.15173337773337783, 0.330350826950827], [0.21157747179720873, 0.24378677988677985, 0.22811118954145282, 0.31652455877455854], [0.2624123876123878, 0.22528957431457433, 0.16562720057720068, 0.3466708374958374], [0.3048472683749, 0.25305663050399907, 0.21916801254301274, 0.22292808857808857], [0.3124445221445222, 0.24003207903207904, 0.16212741147741147, 0.2853959873459874], [0.2856823723661958, 0.2659569430569432, 0.20244941806559447, 0.24591126651126669], [0.26506354201354215, 0.2712833610833612, 0.16087417027417034, 0.3027789266289268], [0.2774665501165502, 0.2321137584637585, 0.18537219447219452, 0.30504749694749694], [0.2126660145410146, 0.2674591852591852, 0.21332759185259195, 0.30654720834720856], [0.2282953102453104, 0.26827700632700635, 0.186534942834943, 0.31689274059274064], [0.2367484987234988, 0.2780518037518039, 0.23802014374514383, 0.24717955377955378], [0.3127610487551665, 0.2472795038295038, 0.1425906831730362, 0.2973687642422937], [0.22879290709290723, 0.27956711066711076, 0.18449746919746932, 0.3071425130425131], [0.3349414529914531, 0.18683891663891675, 0.1937213564213565, 0.2844982739482739], [0.3348949328449328, 0.1763215451215453, 0.1819776390276391, 0.30680588300588313], [0.2602126595626597, 0.23959619269619298, 0.14571999111999118, 0.35447115662115664], [0.20316880896880904, 0.31677224442224444, 0.23533543123543124, 0.24472351537351547], [0.17745374625374633, 0.26369675324675323, 0.23647046842046845, 0.3223790320790321], [0.29058250311779726, 0.25856769505004806, 0.18301014541014546, 0.2678396564220095], [0.2588846597846599, 0.2643164224664225, 0.188809695859696, 0.28798922188922194], [0.21245386476268835, 0.21170783660783668, 0.19323853727971374, 0.3825997613497611], [0.2859074314574315, 0.28095209235209245, 0.177366738816739, 0.25577373737373743], [0.23123665191018145, 0.2632015984015985, 0.23595386313033387, 0.26960788655788653], [0.22394893994894002, 0.31357157842157835, 0.20142230518020016, 0.2610571764492818], [0.23250430680430684, 0.1958936951936953, 0.17236219336219338, 0.39923980463980435], [0.24571183261183274, 0.2633279942279942, 0.22181147186147196, 0.2691487012987012], [0.2616262681762683, 0.21209633699633706, 0.23218816738816747, 0.29408922743922755], [0.2248422175863353, 0.2797982545232546, 0.2171756759580288, 0.2781838519323813], [0.277146386946387, 0.24920651570651572, 0.21674427239427238, 0.25690282495282496], [0.1967316183816186, 0.2956884115884118, 0.1838038850038849, 0.3237760850260851], [0.21814883172383176, 0.296560927960928, 0.23275132367632387, 0.25253891663891653], [0.2806643598231835, 0.2885114310526077, 0.19720069930069936, 0.23362350982351004], [0.25056896436896453, 0.21810088245088255, 0.1892912032412032, 0.34203894993895007], [0.21779150849150866, 0.2415075757575759, 0.27935215340215347, 0.2613487623487625], [0.2740466533466534, 0.2515606615606616, 0.17959709179709177, 0.29479559329559335], [0.2338495837495839, 0.3047855394605395, 0.1775622294372295, 0.2838026473526474], [0.24845791051054225, 0.26830518472755316, 0.18151716032505522, 0.30171974443684985], [0.1825944610944611, 0.2724432067932067, 0.2413558885558887, 0.30360644355644334], [0.238325518925519, 0.2349009823509824, 0.25696542346542356, 0.26980807525807543], [0.2727180735930737, 0.2805723803973803, 0.1905565517815519, 0.2561529942279944], [0.22652678987678992, 0.32574861249861253, 0.2045048618048619, 0.24321973581973597], [0.303732251082251, 0.23980117660117678, 0.18302799422799426, 0.2734385780885781], [0.2317137882585252, 0.2118478909978911, 0.21338754929281262, 0.34305077145077156], [0.24396868686868706, 0.2605968975468974, 0.16317611832611842, 0.33225829725829736], [0.2243631313131315, 0.2828161616161616, 0.22601075036075036, 0.26680995670995683], [0.304809484959485, 0.21343268953268965, 0.1740365023865025, 0.3077213231213233], [0.25987549117549125, 0.2670058941058941, 0.12698621933621937, 0.34613239538239526], [0.2807458291708294, 0.2691241563991563, 0.20423088023088018, 0.2458991341991343], [0.19456866613778376, 0.3113502275502277, 0.2160650560224091, 0.2780160502895797], [0.23943607328344182, 0.23842426842163691, 0.2283692120744753, 0.2937704462204463], [0.324687468087468, 0.17960481740481737, 0.21426129981129988, 0.281446414696415], [0.2816482461982463, 0.2683556721056722, 0.1878158452658454, 0.2621802364302366], [0.3097114552114553, 0.24090885225885247, 0.2278546176046177, 0.22152507492507512], [0.23584066489066494, 0.22218799533799538, 0.2494395881895884, 0.2925317515817516], [0.26600578898225963, 0.24725985566720868, 0.18080085192585202, 0.30593350342468], [0.2371028471528474, 0.2240378343878345, 0.21620647685647704, 0.32265284160284163], [0.2426097846597848, 0.22107638439991395, 0.15091281724811137, 0.38540101369219], [0.2660145576645578, 0.18233509268509276, 0.15255889110889112, 0.3990914585414586], [0.2142488833921496, 0.2627079809079809, 0.21348052886226274, 0.3095626068376066], [0.168948051948052, 0.27219568764568774, 0.26183916083916103, 0.29701709956709965], [0.2846353035853037, 0.2533784992784994, 0.19179435564435565, 0.27019184149184167], [0.1998913361148657, 0.26390112110112096, 0.2547815077079784, 0.28142603507603503], [0.2335366617043089, 0.26804960778815284, 0.2138464479964479, 0.2845672825110906], [0.24355210345210337, 0.22716559518912466, 0.20259693313222732, 0.3266853682265447], [0.250449408924409, 0.32040000000000013, 0.19160492007992022, 0.23754567099567123], [0.2280609140859141, 0.2712203574203575, 0.15981994394494395, 0.3408987845487847], [0.24105074925074937, 0.25164653679653676, 0.24646719391719396, 0.2608355200355202], [0.20811227938727936, 0.3047547702297702, 0.21476855089355093, 0.2723643994893996], [0.21520299145299168, 0.25751300921300924, 0.21233174603174607, 0.31495225330225335], [0.22580795119912778, 0.2642197635697636, 0.2077953157953159, 0.3021769694357929], [0.22978403263403277, 0.23353342768342772, 0.22170411255411268, 0.3149784271284272], [0.2726522116772117, 0.26780495892995904, 0.17511845376845378, 0.2844243756243756], [0.2833907536907538, 0.24071406371406373, 0.16461887001887013, 0.31127631257631266], [0.2815413517854696, 0.28520755682226273, 0.2125896985367574, 0.22066139285551056], [0.21703706293706293, 0.2823049284049284, 0.22372304362304365, 0.27693496503496506], [0.23318233988234022, 0.20619758574758587, 0.17279027361527366, 0.3878298007548008], [0.23729486738751457, 0.2432713305098756, 0.21558413808413804, 0.3038496640184719], [0.22849851259851278, 0.24392523032523025, 0.16843217060717067, 0.35914408646908663], [0.21561808746808755, 0.2861388666888669, 0.28832277722277716, 0.20992026862026875], [0.3108917677094146, 0.21255993255110908, 0.19534555444555446, 0.28120274529392164], [0.3194851787101787, 0.22163063603063604, 0.1598766816516817, 0.2990075036075037], [0.2620584423746191, 0.26971145243645256, 0.1831523199023199, 0.2850777852866087], [0.3268561827061827, 0.2350556554556554, 0.1816812215562217, 0.25640694028194033], [0.2965522422022423, 0.2265360108845404, 0.1794099922952865, 0.2975017546179312], [0.26653291153291164, 0.22936332556332575, 0.20081461316461327, 0.30328914973914983], [0.26353816738816754, 0.2822723554223554, 0.2087442168942169, 0.24544526029526034], [0.2628487012987014, 0.26683871683871685, 0.18000114607614612, 0.2903114357864358], [0.26701805139305146, 0.26704753579753593, 0.1573642413142413, 0.3085701714951714], [0.2476079254079256, 0.2604918911154207, 0.23208498952028367, 0.2598151939563706], [0.25797067932067946, 0.25504307914307905, 0.19788366633366644, 0.2891025752025752], [0.3024999722499724, 0.2582933954933956, 0.16951846764346762, 0.2696881646131647], [0.28996724256136036, 0.24223177933177942, 0.24193564376799673, 0.22586533433886383], [0.21692378373260737, 0.2718636030636032, 0.21527082166199815, 0.2959417915417914], [0.31851263736263746, 0.21848071373071373, 0.2168058552558553, 0.2462007936507937], [0.27634538157920513, 0.26525158730158743, 0.16866204906204918, 0.28974098205715854], [0.24461456043956065, 0.3031627655024714, 0.16930461531932128, 0.2829180587386471], [0.32145958763458754, 0.23510050505050514, 0.16008278665778666, 0.2833571206571207]]}, "rewritten": {"ids": ["97105580", "97106770", "97113260", "97116410", "97116500", "98108580", "98109090", "98109570", "98110680", "98110710", "98110810", "98116940", "98120010", "99105921", "99107300", "99108010", "99108080", "99108520", "99109161", "99109370", "99111620", "99112641", "99114890", "99117740", "100107920", "100108520", "100110050", "100111080", "101108370", "101108580", "101108621", "101109000", "101109120", "101109370", "101110150", "101110740", "101111210", "101111310", "101112540", "101114990", "101115190", "102109840", "102110050", "102111990", "102114270", "102116500", "102121700", "103109791", "103110760", "103110840", "103111480", "103111540", "103111620", "103112641", "103120730", "104111531", "104111990", "104112470", "104113000", "104113380", "104116441", "104116800", "104117630", "104119340", "105112100", "105113210", "105113330", "105115250", "105115380", "105116090", "105116650", "105116980", "105119950", "105120621", "106113190", "106114011", "106115120", "106115240", "106115250", "106116441", "106117770", "106118301", "106118520", "106119580", "106121220", "107114110", "107116300", "107116501", "107118820", "107119130", "107119390", "107120880", "107121230", "108114270", "108120621", "108121160", "108121410", "109113281", "109114220", "109115380", "109116040", "109117271", "109117630", "109117730", "109121351", "110114610", "110114651", "110116170", "110116290", "110116300", "110117500", "110117870", "110118181", "110118630", "110120531", "110121170", "111115770", "111119430", "111119930", "112116290", "112116451", "112116501", "112116800", "112117660", "112118471", "112118530", "112119120", "112119320", "112119610", "112119980", "112121030", "112121360", "113117550", "113117630", "113118620", "113120260", "113120280", "113120531", "113121190", "113122180", "113122190", "113122230"], "labels": [1, 3, 1, 3, 2, 0, 1, 1, 2, 2, 1, 2, 2, 1, 3, 2, 3, 2, 3, 1, 3, 1, 2, 2, 0, 2, 3, 0, 1, 0, 0, 1, 1, 1, 1, 3, 2, 3, 2, 3, 1, 2, 3, 2, 3, 1, 1, 3, 1, 1, 0, 1, 0, 3, 1, 0, 2, 1, 1, 1, 1, 1, 0, 1, 1, 3, 3, 2, 1, 1, 1, 0, 3, 1, 0, 1, 1, 1, 2, 0, 0, 1, 2, 3, 1, 1, 0, 1, 3, 1, 2, 1, 0, 3, 1, 2, 0, 0, 3, 3, 0, 0, 0, 3, 0, 1, 3, 0, 2, 3, 1, 3, 1, 1, 0, 2, 3, 3, 1, 0, 0, 3, 0, 0, 1, 1, 1, 1, 0, 0, 0, 3, 3, 0, 3, 3, 0, 0, 1, 2, 1, 1], "predicted_labels": [0, 0, 3, 1, 1, 0, 3, 3, 0, 3, 1, 3, 1, 0, 3, 1, 0, 1, 0, 1, 1, 0, 1, 0, 3, 0, 1, 3, 0, 0, 3, 3, 0, 0, 3, 1, 3, 0, 3, 1, 1, 1, 3, 0, 0, 1, 3, 3, 0, 0, 0, 3, 0, 3, 3, 3, 0, 3, 3, 3, 3, 3, 0, 3, 0, 0, 3, 0, 0, 3, 0, 0, 0, 3, 0, 1, 0, 3, 3, 3, 0, 0, 3, 1, 0, 3, 3, 3, 3, 1, 3, 3, 3, 3, 1, 1, 0, 3, 3, 1, 3, 3, 0, 3, 3, 0, 3, 3, 3, 3, 0, 3, 1, 1, 3, 3, 1, 3, 3, 3, 0, 3, 1, 3, 1, 1, 3, 1, 1, 3, 0, 0, 0, 3, 3, 3, 3, 1, 3, 3, 3, 3], "confidence_scores": [[0.30200739815739824, 0.2503041347541349, 0.17052091242091255, 0.27716755466755455], [0.33158890553890547, 0.21642504162504173, 0.20905609390609384, 0.24292995892995892], [0.2561520313020314, 0.20539345654345664, 0.22276278166278168, 0.3156917304917306], [0.24635496725496742, 0.27910950160950154, 0.22840896325896343, 0.246126567876568], [0.25277092074592084, 0.28236205285942145, 0.2259361721611722, 0.23893085423348595], [0.30439009356656416, 0.24302156536274194, 0.19538300947418596, 0.25720533159650827], [0.2390723129811366, 0.2635790154290156, 0.20620563129680783, 0.2911430402930402], [0.2513960095460096, 0.20713257298257307, 0.1754773088023088, 0.3659941086691087], [0.27329499389499395, 0.24074035964035997, 0.23167792207792207, 0.2542867243867244], [0.25386165223665225, 0.2780920274170275, 0.1854063492063493, 0.2826399711399712], [0.25545590520590516, 0.30111769896769897, 0.20076686062475543, 0.2426595352016404], [0.24904738594738615, 0.26925241980241976, 0.20028088023088045, 0.28141931401931397], [0.2646511710511711, 0.2675801864801866, 0.21474353979353988, 0.25302510267510275], [0.34177615717615706, 0.2389049228549229, 0.1445217615717616, 0.27479715839715846], [0.2790108966197201, 0.27480321345321335, 0.1489380488792255, 0.29724784104784097], [0.26353992673992693, 0.3078640248640248, 0.18931043401043413, 0.2392856143856145], [0.31759478299478283, 0.24605683205683215, 0.20872361527361527, 0.2276247696747698], [0.25612603507603526, 0.2726401154401156, 0.22817118437118453, 0.2430626651126651], [0.2902187229437231, 0.25851144966144973, 0.17344387556887564, 0.2778259518259519], [0.23587869352869353, 0.30068974358974365, 0.17339157509157527, 0.290039987789988], [0.2672399397987635, 0.28378619158619167, 0.1955839030250796, 0.2533899655899657], [0.31520300255300243, 0.21598137418137425, 0.21296328116328125, 0.25585234210234237], [0.228688693332811, 0.29245156510156534, 0.20217832331067634, 0.27668141825494763], [0.3003771506271508, 0.21285182595182606, 0.19554494949494958, 0.2912260739260738], [0.2631189827716145, 0.25834964304701163, 0.1687255078255079, 0.30980586635586627], [0.31620254190254193, 0.1903073625720685, 0.185642383107089, 0.30784771241830083], [0.2596731157731159, 0.2699443223443224, 0.21378497058497062, 0.25659759129759135], [0.2798014430014432, 0.25063713280183875, 0.18005226211696815, 0.2895091620797504], [0.310829749498867, 0.1906557125880655, 0.19539024390642049, 0.30312429400664714], [0.3428676704014938, 0.1808148989898991, 0.21771086495204145, 0.2586065656565658], [0.24347900432900452, 0.21950639132109717, 0.18985671877142474, 0.3471578855784737], [0.280165243090243, 0.22311280663780667, 0.19560923520923537, 0.301112715062715], [0.2860865578865578, 0.25368250638250656, 0.17622545232545236, 0.28400548340548337], [0.30754156676656697, 0.27742353859590724, 0.19002018537018564, 0.22501470926734102], [0.28625159285159263, 0.22539264624264638, 0.2007499722499723, 0.2876057886557888], [0.27009555551088066, 0.2975237243149009, 0.1969262214050141, 0.23545449876920474], [0.2942834776334777, 0.22816517371517384, 0.17690659340659354, 0.3006447552447552], [0.29311875901875906, 0.2340730602730603, 0.18652747252747268, 0.2862807081807083], [0.2538237456987458, 0.22340954600954613, 0.20838589466089474, 0.3143808136308137], [0.22135299977799988, 0.321930796980797, 0.2032559274059274, 0.25346027583527597], [0.24752749750249756, 0.30512114552114566, 0.18581010378510388, 0.2615412531912533], [0.23730048285048297, 0.28578086913086914, 0.1983556887556888, 0.2785629592629593], [0.2386103896103897, 0.2765685592185591, 0.19611679986679992, 0.28870425130425115], [0.31675602730602714, 0.1957827783327784, 0.18597261072261076, 0.3014885836385837], [0.2967878177378177, 0.254780402930403, 0.18057140082140102, 0.2678603785103786], [0.26326549202431565, 0.2841572404719464, 0.2142157022715849, 0.23836156523215354], [0.2770861693861693, 0.2611480824730825, 0.18147269674769684, 0.28029305139305133], [0.21681259018759028, 0.24803176823176828, 0.21372357364857372, 0.3214320679320679], [0.31974337884337894, 0.25621801531801536, 0.15425535020535028, 0.26978325563325556], [0.29165904846787205, 0.25813823953823956, 0.18771728630846288, 0.26248542568542593], [0.30956345288698234, 0.21340019980019978, 0.18047666255313322, 0.2965596847596846], [0.28115325230325233, 0.2308655844155844, 0.1864935286935287, 0.30148763458763467], [0.3040219141969143, 0.24968842268842276, 0.22446353646353656, 0.22182612665112664], [0.22742233518115887, 0.20578670218670228, 0.23382556691674347, 0.33296539571539574], [0.25174379684642856, 0.2893355904329588, 0.16187145632145644, 0.29704915639915647], [0.24912232767232773, 0.25780285825285837, 0.18007630702630703, 0.3129985070485069], [0.29543165445665437, 0.2570493284493285, 0.2101255994005993, 0.23739341769341774], [0.2761006124594362, 0.2072956709956711, 0.17388356447474101, 0.34272015207015216], [0.27870945165945166, 0.20248059163059173, 0.17285404317904324, 0.3459559135309136], [0.219345770895771, 0.2512901653901656, 0.2486199883449885, 0.28074407536907553], [0.23492118992119004, 0.2520154956154958, 0.18819123069912544, 0.32487208376418897], [0.2620615218115218, 0.24972878787878788, 0.21641085026085036, 0.2717988400488402], [0.2893217671217672, 0.25556544011544013, 0.17293919968919974, 0.28217359307359313], [0.2355781940281943, 0.2524517982017983, 0.19698681873681886, 0.314983189033189], [0.3042238927738926, 0.20052182262182275, 0.21769866244866254, 0.27755562215562224], [0.3276645909645909, 0.2200089022089023, 0.14652319595609073, 0.3058033108704161], [0.2939684593184592, 0.24439363969363984, 0.15502337662337673, 0.30661452436452435], [0.2842637414872709, 0.2658307636807638, 0.18588409956057017, 0.26402139527139534], [0.300475086025086, 0.24561470751470774, 0.19134781607281615, 0.26256239038739027], [0.23880406815406813, 0.24806402812873404, 0.20755728487199077, 0.30557461884520687], [0.26315829595241375, 0.25907340208810803, 0.22352352304558193, 0.25424477891389663], [0.347250888000888, 0.20097135087135098, 0.15789914529914534, 0.29387861582861585], [0.30729364801864784, 0.24203375235875252, 0.19589795759795767, 0.2547746420246421], [0.29639393939393954, 0.2107919691419693, 0.1370643217893218, 0.35574976967476973], [0.2974916527916529, 0.2504022477522478, 0.1789129287379288, 0.2731931707181707], [0.28644419861184567, 0.2980118029029794, 0.18493186258186264, 0.23061213590331262], [0.29492099844599834, 0.2690864052614053, 0.1683962870462872, 0.2675963092463094], [0.24820354922854918, 0.27654491341991344, 0.18953207070707076, 0.28571946664446657], [0.2216466961143433, 0.27921005791594034, 0.21118439664910263, 0.28795884932061416], [0.2721465367965369, 0.23704968919968925, 0.19438984903984916, 0.29641392496392505], [0.2780352564102564, 0.2458717754467756, 0.20351612831612834, 0.27257683982684], [0.3430451714951715, 0.2167930014430015, 0.14035256965256976, 0.2998092574092576], [0.2655519341769342, 0.2702616522366523, 0.18487682317682333, 0.2793095904095906], [0.24107681436210865, 0.2721536368859899, 0.21991621711621714, 0.2668533316356847], [0.30646712731712733, 0.23750493395493408, 0.17286502941502946, 0.28316290931290944], [0.23030545565545563, 0.22318631009513365, 0.15875630284747938, 0.38775193140193126], [0.28731604702487057, 0.23722839937839946, 0.18091743060860713, 0.29453812298812304], [0.29520110445110453, 0.23838107448107462, 0.16462121212121228, 0.3017966089466089], [0.21106314796314815, 0.2731928404928406, 0.2185411310911312, 0.29720288045288057], [0.24722028527028544, 0.3058940448440449, 0.1897225441225442, 0.25716312576312583], [0.2506989676989677, 0.25711218781218786, 0.22361552336552346, 0.2685733211233211], [0.2557857753357755, 0.26667490483372835, 0.1829062806474572, 0.29463303918303924], [0.2156036297036298, 0.2920575591075591, 0.1958500055500056, 0.29648880563880564], [0.29787690087690094, 0.23255170385170404, 0.15584598179598183, 0.31372541347541344], [0.2774549422799424, 0.2889195221445224, 0.1528605006105007, 0.280765034965035], [0.23522440337440348, 0.28686172716172736, 0.19417915417915424, 0.28373471528471544], [0.32619581529581526, 0.2671822233322233, 0.1637232711732713, 0.24289869019869034], [0.3034273171273173, 0.2257143134643134, 0.1613211011211012, 0.309537268287268], [0.2798318098568101, 0.2100699494949495, 0.18577784992785007, 0.32432039072039054], [0.20340930735930748, 0.27338210123210116, 0.2659469974469974, 0.2572615939615942], [0.2143068043068043, 0.2517165001665002, 0.23105312465312478, 0.30292357087357086], [0.25751611999112006, 0.270979131979132, 0.16940938783438786, 0.30209536019536026], [0.2936352425352425, 0.2575293095793097, 0.21334894549894562, 0.23548650238650248], [0.28705373711256077, 0.25807814962814973, 0.16133483542601193, 0.29353327783327793], [0.2822557387057386, 0.2287247863247865, 0.16910535020535025, 0.31991412476412484], [0.27547260517260547, 0.2573710844710844, 0.19200066045066047, 0.27515564990564995], [0.27889864498246864, 0.22749921467421474, 0.1284210381122147, 0.36518110223110234], [0.22595287604552325, 0.2733444873753697, 0.20166664218134808, 0.2990359943977592], [0.28019876430758794, 0.2164869705457942, 0.22256117379352688, 0.2807530913530914], [0.25704532134532143, 0.2824171273171272, 0.1637929736929737, 0.2967445776445777], [0.2979248473748474, 0.24328082473082485, 0.178995376845377, 0.27979895104895114], [0.26358439893439894, 0.2499288688435749, 0.21867438998909594, 0.26781234223293054], [0.24696869437751812, 0.31185609945609954, 0.19003308717426376, 0.2511421189921192], [0.2394198856698857, 0.2865798812298811, 0.2113105561105564, 0.26268967698967705], [0.28144890664890676, 0.18296865911865917, 0.1544147574647574, 0.38116767676767654], [0.24030231990232004, 0.2533870851370853, 0.23956487956487965, 0.26674571539571557], [0.23756657231657244, 0.28176351981352005, 0.2350006937506939, 0.24566921411921416], [0.19188553843817016, 0.257772847620216, 0.19672168387168393, 0.35361993006992987], [0.25225547230547235, 0.26959622044622056, 0.16295035213324693, 0.3151979551150602], [0.26562267732267725, 0.2723351592851594, 0.18531615022404505, 0.2767260131681185], [0.295309299034299, 0.26203131313131306, 0.15642504440004448, 0.28623434343434345], [0.28155301920301934, 0.23705390361272713, 0.16260949410067063, 0.3187835830835832], [0.21829232989232997, 0.2800058386058387, 0.2270307525807527, 0.27467107892107895], [0.23833895548895564, 0.2520395215895216, 0.21806984959484976, 0.29155167332667337], [0.2743952602952605, 0.2825585600673836, 0.17923822092939748, 0.26380795870795887], [0.23766208236208233, 0.3251753524253524, 0.16801799311799318, 0.2691445720945721], [0.23686043401043413, 0.2504642635142636, 0.2146731823731825, 0.2980021201021201], [0.25088265068265087, 0.26571859806859804, 0.22370469530469536, 0.25969405594405603], [0.23749502997003008, 0.2750638222888223, 0.22512712842712856, 0.2623140193140195], [0.25551615884115886, 0.2443767268679034, 0.1766715887054123, 0.3234355255855257], [0.35051939922822256, 0.19591423021423024, 0.15794060743178387, 0.29562576312576305], [0.3244126373626374, 0.25176167721167714, 0.16526396658896664, 0.25856171883671897], [0.2951913364413366, 0.24032555581673226, 0.17242825703708065, 0.2920548507048508], [0.23439732489732487, 0.2726731601731602, 0.18227582972582984, 0.31065368520368514], [0.26786884781884795, 0.222236890886891, 0.1602390220890221, 0.34965523920523905], [0.26472567432567423, 0.2613714545688232, 0.17622659562659573, 0.29767627547890707], [0.2928176379176379, 0.2283131424131424, 0.17559715284715294, 0.3032720668220669], [0.22210707625707632, 0.2988936507936506, 0.1831976190476191, 0.2958016539016539], [0.30499663114663106, 0.23558032523032532, 0.148711322011322, 0.3107117216117218], [0.27940699300699307, 0.23928026973026983, 0.14689028749028757, 0.33442244977244956], [0.23767762968026135, 0.253406358553727, 0.1869702519702521, 0.32194575979576007], [0.22760521700521716, 0.269489577089577, 0.19732539682539696, 0.30557980907980914]]}}