{"test": {"ids": ["101121640", "113122120", "109121640", "100116500", "113122160", "98106680", "101111140", "109117110", "111120531", "98111860", "110118301", "113120780", "113122230", "106115240", "99108520", "97113260", "100108080", "112116850", "110116170", "103120531", "107116980", "102111990", "108121410", "100120010", "106112770", "111119580", "97116410", "109113281", "98116500", "104111531", "109115070", "103117200", "99111340", "112119980", "107120010", "99109370", "104112470", "103118110", "112121030", "112116810", "110113591", "99105921", "113121010", "113121750", "99109141", "113119930", "107114321", "105115570", "113118620", "111121930", "106116820", "111115620", "97105960", "98106560", "105119950", "100110260", "107114490", "99112641", "110117500", "107113840", "98106880", "109114270", "111118910", "99117630", "106117770", "102109910", "113118870", "98108150", "113121410", "113120751", "102117351", "97107950", "101108580", "98106111", "104113190", "103117461", "107112840", "102113350", "110119300", "103111540", "104119340", "107120130", "101112690", "99110730", "105113440", "98108520", "113122430", "102110690", "106115120", "105120621", "106119990", "104111990", "105115380", "103109641", "111121190", "105117431", "113121190", "108120060", "104111711", "112120630", "110120560", "107120880", "110114920", "101111310", "98108410", "102114270", "108118520", "105115720", "108119330", "97116800", "103110220", "103111620", "99108000", "110120700", "111114171", "110118930", "99113260", "102108621", "107115140", "110114321", "101110150", "105117200", "107116501", "108114220", "97109570", "112118511", "112117660", "106116370", "100111620", "97112290", "100117420", "108114270", "109120621", "103110760", "103120730", "102112250", "108113740", "104114410", "97106591", "107118120", "106114880", "97106820"], "labels": [2, 1, 0, 2, 3, 1, 2, 1, 0, 0, 1, 0, 1, 1, 2, 1, 0, 0, 0, 3, 3, 2, 0, 0, 1, 3, 3, 0, 2, 0, 0, 0, 1, 0, 1, 1, 1, 2, 0, 3, 0, 1, 2, 0, 3, 1, 0, 0, 3, 1, 1, 1, 2, 1, 3, 3, 3, 1, 1, 3, 0, 3, 0, 3, 0, 2, 0, 0, 0, 1, 1, 2, 0, 0, 3, 0, 1, 3, 1, 1, 1, 2, 1, 3, 0, 2, 2, 0, 1, 1, 0, 2, 1, 1, 1, 1, 1, 1, 1, 3, 0, 1, 3, 3, 1, 3, 0, 1, 0, 0, 2, 0, 2, 2, 3, 1, 0, 3, 0, 1, 1, 3, 1, 3, 0, 1, 0, 2, 3, 1, 2, 3, 1, 1, 1, 0, 3, 1, 1, 3, 0, 1], "predicted_labels": [3, 3, 3, 1, 1, 3, 3, 1, 3, 3, 3, 3, 3, 3, 2, 3, 3, 3, 3, 3, 1, 3, 3, 3, 3, 3, 3, 3, 3, 0, 1, 1, 3, 1, 3, 1, 3, 3, 3, 3, 3, 1, 3, 1, 0, 1, 3, 3, 3, 3, 3, 3, 3, 3, 3, 3, 3, 3, 3, 1, 3, 3, 3, 3, 3, 3, 3, 1, 1, 3, 3, 3, 3, 3, 1, 3, 1, 3, 3, 3, 3, 1, 3, 2, 1, 3, 3, 3, 3, 3, 3, 1, 1, 3, 0, 1, 3, 1, 3, 3, 3, 1, 1, 3, 3, 3, 3, 3, 3, 0, 1, 1, 1, 3, 3, 3, 3, 0, 3, 3, 1, 1, 3, 0, 0, 3, 3, 3, 3, 3, 3, 1, 3, 3, 3, 3, 3, 3, 3, 3, 3, 3], "confidence_scores": [[0.23266965256965275, 0.25397217031334696, 0.18366279080396739, 0.3296953863130335], [0.2129144058555825, 0.25929189144189163, 0.21989293125175496, 0.30790077145077127], [0.30380824730824757, 0.22452733377733372, 0.1670596126096127, 0.30460480630480624], [0.22101475191475203, 0.2818383061383063, 0.2372971250971252, 0.25984981684981695], [0.21981478521478542, 0.28650261960261963, 0.2111602231102232, 0.2825223720723722], [0.19633654123654132, 0.2864646650734887, 0.19878858918858922, 0.31841020450138086], [0.26312488622488617, 0.23450200355200365, 0.20208450993451, 0.30028860028860044], [0.20141978299478303, 0.2934669913419913, 0.23214862914862927, 0.2729645965145965], [0.2473360237801416, 0.26603132390485335, 0.16794506212741506, 0.31868759018759013], [0.19179944499944507, 0.27476751026751023, 0.22950916305916316, 0.3039238816738816], [0.2564368631368632, 0.2621126345876348, 0.13061686369186376, 0.3508336385836386], [0.20790109890109906, 0.2582791910703677, 0.20170403681286045, 0.3321156732156732], [0.24479834054834074, 0.2627188145188145, 0.2210381784881785, 0.27144466644466636], [0.21703461538461546, 0.2824244699744698, 0.17712179487179494, 0.32341911976911975], [0.21931007442849557, 0.24098636363636358, 0.27159125465178097, 0.26811230728336], [0.2481302031302032, 0.23612575202575198, 0.22842140082140097, 0.28732264402264407], [0.18819554889554896, 0.2615616605616607, 0.25163194028194025, 0.2986108502608503], [0.20327992562992578, 0.23909306804306818, 0.1871256632256632, 0.37050134310134286], [0.27382811632811627, 0.2520221778221777, 0.16520385170385182, 0.30894585414585424], [0.25367990620490644, 0.22472374488256858, 0.17417792207792215, 0.34741842683460306], [0.2627308080808082, 0.3042106282606282, 0.15404209679209688, 0.279016466866467], [0.24674432234432242, 0.26419694749694744, 0.20139055389055396, 0.28766817626817615], [0.22018271173271173, 0.2731908202908204, 0.16261143856143867, 0.34401502941502965], [0.17531938061938065, 0.2500378621378621, 0.2791414141414142, 0.2955013431013431], [0.18794140026640033, 0.25261731046731045, 0.23468121600621603, 0.3247600732600731], [0.26735947940947946, 0.254342490842491, 0.1686504273504274, 0.3096476023976024], [0.22764998889998905, 0.2548840603840603, 0.24915306360306386, 0.2683128871128874], [0.28505883005883004, 0.26652059052059063, 0.1597992063492064, 0.2886213730713731], [0.25834457764457763, 0.20283550893550897, 0.19564213564213573, 0.34317777777777786], [0.28882785547785533, 0.2865304556554557, 0.1400943944943945, 0.2845472943722946], [0.23437617937617944, 0.3351957304133774, 0.16389536182771486, 0.26653272838272846], [0.24434634254634255, 0.33504702323819946, 0.19830530221412582, 0.2223013320013321], [0.2171031801531802, 0.2578525252525252, 0.22268655233655238, 0.3023577422577423], [0.2155602453102453, 0.3284485680985681, 0.16332345987346003, 0.2926677267177267], [0.19798466533466544, 0.2369828726828728, 0.24043123820623832, 0.3246012237762235], [0.253779292929293, 0.28161224331224327, 0.20131969696969712, 0.2632887667887668], [0.24824318459318476, 0.26527842888106046, 0.17294085914085922, 0.3135375273848957], [0.26874612609612614, 0.2368197469197471, 0.21137380952380963, 0.2830603174603175], [0.2724515429015431, 0.2260247419247419, 0.15607059052059064, 0.3454531246531246], [0.22047892662892668, 0.2627551837051838, 0.24165651015651027, 0.2751093795093796], [0.30611425241425244, 0.2359669164169164, 0.12698394383394396, 0.33093488733488735], [0.2620478299478301, 0.2962881562881563, 0.1670178821178822, 0.2746461316461316], [0.1777153846153847, 0.2996998778998779, 0.2023634143634145, 0.32022132312132306], [0.24648092463092472, 0.3151310134310133, 0.17273294483294496, 0.26565511710511713], [0.3093544733044733, 0.23383100233100243, 0.1727313908313909, 0.2840831335331335], [0.22342474747474758, 0.3045509324009322, 0.1916338272838274, 0.280390492840493], [0.2905817904317906, 0.2563458818958819, 0.11964744144744145, 0.33342488622488614], [0.1606543345543346, 0.2629523254523255, 0.2700384615384615, 0.3063548784548785], [0.2012415806415808, 0.29931044576338695, 0.18721795981795994, 0.31223001377707266], [0.23992390387390397, 0.24188958263958282, 0.2009317515817517, 0.3172547619047619], [0.19832895437895437, 0.28864421966922, 0.22139980574980597, 0.2916270202020202], [0.219078687978688, 0.2867685286935288, 0.18878627761127775, 0.3053665057165057], [0.23561773781773798, 0.24237181152181164, 0.21750817515817533, 0.3045022755022753], [0.16454010662540078, 0.283739726939727, 0.2533053335553337, 0.29841483287953874], [0.25633483183483197, 0.21828382173382183, 0.19390330780330786, 0.3314780386280388], [0.2858741258741258, 0.2306733988233989, 0.17531395271395273, 0.30813852258852265], [0.19302772227772233, 0.30849967809967815, 0.18797972027972035, 0.3104928793428795], [0.27524267954267956, 0.22192876567876577, 0.20124015429015438, 0.3015884004884004], [0.22927353757353758, 0.27041230436230446, 0.15833119103119123, 0.34198296703296727], [0.25104982239982254, 0.2772709512709514, 0.21034921744921745, 0.2613300088800089], [0.17503527700369806, 0.26334402264402273, 0.2661636489241754, 0.29545705142810424], [0.24788730158730163, 0.28389660894660895, 0.15885743145743147, 0.30935865800865814], [0.19704157509157513, 0.30883653013653023, 0.1814050283050284, 0.31271686646686664], [0.17789097569097578, 0.2444360009271774, 0.23743015677133333, 0.3402428666105136], [0.2231158230658231, 0.23464960954078606, 0.26284847733965394, 0.27938609005373705], [0.2260511155511157, 0.23998182928182937, 0.22690731490731503, 0.30705974025974025], [0.2419896880896881, 0.25869942279942293, 0.17898096348096365, 0.3203299256299257], [0.2069329725829726, 0.27095660254777904, 0.26530466396348756, 0.256805760905761], [0.2301087078212466, 0.3151118877854171, 0.15928320877608815, 0.29549619561724816], [0.2653852786102788, 0.275020115995116, 0.1393334720834721, 0.3202611333111335], [0.2640468614718616, 0.2743395160395159, 0.15408964646464657, 0.30752397602397585], [0.20573701853701853, 0.24706096681096684, 0.2531419635919638, 0.29406005106005106], [0.2960274225774226, 0.21055460372960388, 0.1823736513486514, 0.31104432234432233], [0.24964925629925638, 0.26795331335331346, 0.18800690975690976, 0.29439052059052045], [0.2220149628149629, 0.30561231187113563, 0.20185446220446226, 0.2705182631094397], [0.2682471139971142, 0.2830174048174047, 0.1312973581973583, 0.3174381229881231], [0.22668819236319235, 0.3233933594183594, 0.19005473970473977, 0.2598637085137086], [0.24496186591186608, 0.2600160692248928, 0.22756645021645036, 0.2674556146467912], [0.262990182040182, 0.24745592740592748, 0.18029653679653684, 0.30925735375735375], [0.19048181818181828, 0.2604659451659452, 0.2208183982683982, 0.3282338383838385], [0.22680502830502844, 0.264451270951271, 0.19198904983905005, 0.3167546509046508], [0.2508124502948034, 0.29624038739038755, 0.17082248894895963, 0.2821246733658498], [0.23520824730824735, 0.2457401681651683, 0.20532298257298265, 0.31372860195360186], [0.17534653679653703, 0.2549330225330227, 0.2917968253968255, 0.2779236152736152], [0.25236703851703857, 0.2901462121212121, 0.19104963924963936, 0.2664371101121102], [0.24332922077922087, 0.2672920135420136, 0.19984527139527142, 0.28953349428349456], [0.22672969334587004, 0.2718191780441782, 0.1946766400266401, 0.3067744885833121], [0.2529975468975471, 0.2693711530299766, 0.1625692787604553, 0.31506202131202116], [0.21665737712579827, 0.2541512477288794, 0.19885861331650825, 0.33033276182881444], [0.2637771395271397, 0.2832335275835274, 0.13859125874125877, 0.31439807414807414], [0.20825663225663232, 0.2979817460317462, 0.18695830280830286, 0.3068033189033189], [0.17881764901764907, 0.32245718725718714, 0.23367191697191708, 0.26505324675324693], [0.19038538128538127, 0.2750986457986458, 0.274188172938173, 0.2603277999778001], [0.2629157176157178, 0.2574281607281609, 0.2120786324786325, 0.26757748917748914], [0.2657335053835056, 0.2646730325230326, 0.2066233766233766, 0.26297008547008555], [0.22086941000176297, 0.2956942390942391, 0.19160418503065563, 0.29183216587334243], [0.20045641580641602, 0.2903550616050616, 0.1922010101010102, 0.3169875124875125], [0.20506239038739046, 0.2770289710289711, 0.24413835886335883, 0.27377027972027973], [0.2713987068487069, 0.24738195007606795, 0.1777755633255634, 0.303443779749662], [0.2821661754911754, 0.20352208902208904, 0.15919276834276846, 0.3551189671439672], [0.2337368020868022, 0.232579020979021, 0.19618738483738485, 0.3374967920967919], [0.17913148518148517, 0.2917384282384282, 0.23748224553224556, 0.2916478410478411], [0.22337714507714512, 0.2819187368187368, 0.2214372793872794, 0.2732668387168387], [0.20331077256077262, 0.28405937950937954, 0.22460351315351307, 0.2880263347763349], [0.1976112914862916, 0.28432293539793535, 0.2004964590964591, 0.31756931401931393], [0.19081058941058954, 0.25761924186924184, 0.27126033966033963, 0.28030982905982926], [0.20781213231213227, 0.28125024420024425, 0.2017327727827728, 0.3092048507048509], [0.22015231990231998, 0.28324897324897325, 0.17708833943833954, 0.31951036741036726], [0.2445987345987346, 0.25380870240870257, 0.2224112276612278, 0.27918133533133543], [0.3174403856377541, 0.2498771416062439, 0.16490856365856368, 0.2677739090974385], [0.22888857612975275, 0.27193906093906095, 0.23337956128838497, 0.2657928016428018], [0.2169797790444849, 0.27289390609390624, 0.26581333013391845, 0.24431298472769072], [0.18782481962481967, 0.32591911976911947, 0.2098493561993563, 0.27640670440670434], [0.24232385669885684, 0.26124578754578764, 0.19603792318792332, 0.30039243256743275], [0.2708291620144562, 0.23135280275280273, 0.16675238650238655, 0.33106564873035454], [0.18040877455877466, 0.2787021423021423, 0.22772545232545235, 0.3131636308136308], [0.19650130980130973, 0.24738307248307262, 0.19627264957264964, 0.35984296814296807], [0.32011509601509613, 0.26152797790444854, 0.12489579309579313, 0.2934611329846625], [0.20912422402159261, 0.19819653299916473, 0.20424634809634812, 0.38843289488289495], [0.23342955377955382, 0.2508390942390943, 0.22341572708337426, 0.2923156248979779], [0.256624902874903, 0.30240753331635684, 0.1623741128152894, 0.2785934509934512], [0.18063834221334224, 0.302687234987235, 0.22392872405372408, 0.292745698745699], [0.2723713231213231, 0.2744842249254015, 0.15841746782629135, 0.2947269841269842], [0.27974029859029864, 0.26693931068931065, 0.1779871295371295, 0.2753332611832612], [0.3461143079143079, 0.22541970806970815, 0.17886681096681098, 0.24959917304917315], [0.25099227439227456, 0.23356964146964151, 0.1827406593406594, 0.332697424797425], [0.23433724608724613, 0.24736040071040089, 0.20158771783771792, 0.3167146353646354], [0.24493005883005883, 0.24126755825873475, 0.19458072483072503, 0.3192216580804816], [0.23996699411699418, 0.22915423302188015, 0.20069334162569472, 0.3301854312354313], [0.2511020618270619, 0.24890302475302473, 0.2430579725829726, 0.25693694083694085], [0.21184782994783005, 0.24081095016095017, 0.2050757076257078, 0.3422655122655124], [0.22285404040404053, 0.332032534132534, 0.18699472749472754, 0.25811869796869796], [0.2113943167943169, 0.24145069930069937, 0.15687519147519155, 0.3902797924297924], [0.20642142857142864, 0.2788262126762125, 0.18635995670995673, 0.3283924020424021], [0.24184111999111996, 0.24000877178377195, 0.1975109473859474, 0.3206391608391608], [0.26389571343689, 0.2093354756354758, 0.20136195667078022, 0.32540685425685417], [0.19849501609501613, 0.2537829836829837, 0.1978182262182263, 0.3499037740037741], [0.193754740873162, 0.25013888888888874, 0.23765430826483472, 0.31845206197311465], [0.26980615381350675, 0.2638910644910645, 0.17024293239440305, 0.2960598493010257], [0.24278628038628045, 0.28826682761682765, 0.18066200466200472, 0.2882848873348873], [0.18502840492840505, 0.2656255966255966, 0.25558203463203477, 0.29376396381396397], [0.22230359085359083, 0.22888650238650243, 0.20524615384615397, 0.3435637529137527]]}, "rewritten": {"ids": ["97105960", "97106591", "97106820", "97107950", "97109570", "97112290", "97113260", "97116410", "97116800", "98106111", "98106560", "98106680", "98106880", "98108150", "98108410", "98108520", "98111860", "98116500", "99105921", "99108000", "99108520", "99109141", "99109370", "99110730", "99111340", "99112641", "99113260", "99117630", "100108080", "100110260", "100111620", "100116500", "100117420", "100120010", "101108580", "101110150", "101111140", "101111310", "101112690", "101121640", "102108621", "102109910", "102110690", "102111990", "102112250", "102113350", "102114270", "102117351", "103109641", "103110220", "103110760", "103111540", "103111620", "103117200", "103117461", "103118110", "103120531", "103120730", "104111531", "104111711", "104111990", "104112470", "104113190", "104114410", "104119340", "105113440", "105115380", "105115570", "105115720", "105117200", "105117431", "105119950", "105120621", "106112770", "106114880", "106115120", "106115240", "106116370", "106116820", "106117770", "106119990", "107112840", "107113840", "107114321", "107114490", "107115140", "107116501", "107116980", "107118120", "107120010", "107120130", "107120880", "108113740", "108114220", "108114270", "108118520", "108119330", "108120060", "108121410", "109113281", "109114270", "109115070", "109117110", "109120621", "109121640", "110113591", "110114321", "110114920", "110116170", "110117500", "110118301", "110118930", "110119300", "110120560", "110120700", "111114171", "111115620", "111118910", "111119580", "111120531", "111121190", "111121930", "112116810", "112116850", "112117660", "112118511", "112119980", "112120630", "112121030", "113118620", "113118870", "113119930", "113120751", "113120780", "113121010", "113121190", "113121410", "113121750", "113122120", "113122160", "113122230", "113122430"], "labels": [2, 1, 1, 2, 0, 1, 1, 3, 0, 0, 1, 1, 0, 0, 1, 2, 0, 2, 1, 2, 2, 3, 1, 3, 1, 1, 0, 3, 0, 3, 3, 2, 2, 0, 0, 1, 2, 3, 1, 2, 3, 2, 0, 2, 0, 3, 3, 1, 1, 2, 1, 1, 0, 0, 0, 2, 3, 1, 0, 1, 2, 1, 3, 1, 1, 0, 1, 0, 1, 3, 1, 3, 1, 1, 0, 1, 1, 2, 1, 0, 0, 1, 3, 0, 3, 0, 1, 3, 3, 1, 2, 1, 3, 3, 3, 0, 0, 1, 0, 0, 3, 0, 1, 1, 0, 0, 1, 3, 0, 1, 1, 1, 1, 0, 2, 3, 1, 0, 3, 0, 1, 1, 3, 0, 0, 1, 0, 3, 0, 3, 0, 1, 1, 0, 2, 1, 0, 0, 1, 3, 1, 2], "predicted_labels": [3, 0, 3, 3, 0, 3, 3, 1, 0, 3, 3, 1, 1, 3, 3, 1, 3, 3, 3, 1, 3, 0, 3, 2, 3, 0, 3, 3, 3, 3, 3, 3, 3, 2, 3, 1, 3, 1, 3, 3, 0, 3, 3, 3, 3, 3, 3, 3, 3, 3, 1, 3, 3, 1, 0, 2, 3, 3, 3, 3, 1, 3, 1, 3, 3, 3, 3, 3, 3, 3, 1, 3, 3, 3, 3, 3, 0, 3, 3, 2, 3, 0, 0, 3, 1, 3, 3, 0, 3, 3, 3, 3, 3, 0, 1, 3, 3, 1, 3, 3, 3, 1, 1, 3, 0, 0, 0, 3, 3, 3, 3, 3, 3, 3, 3, 0, 3, 3, 3, 3, 3, 3, 3, 3, 3, 3, 1, 0, 3, 1, 3, 1, 0, 3, 1, 3, 3, 1, 3, 1, 3, 1], "confidence_scores": [[0.22761323121323127, 0.2296463064713066, 0.23162824120324127, 0.311112221112221], [0.37042816072816065, 0.25457360139860136, 0.11162468642468644, 0.2633735514485515], [0.21740373515373534, 0.23244086338498107, 0.19973155178155183, 0.3504238496797319], [0.21675843045843052, 0.2799228327228328, 0.2145726273726275, 0.2887461094461095], [0.28482383552120394, 0.23974472924736087, 0.2036033355533356, 0.27182809967809984], [0.2505268009768011, 0.26625968475968476, 0.21161238761238768, 0.2716011266511266], [0.24624996669996677, 0.2502624458874459, 0.21922334332334345, 0.2842642440892441], [0.23398125208125214, 0.2650813464313465, 0.24013512043512053, 0.2608022810522812], [0.29779609279609287, 0.21945157652804717, 0.19802015207015214, 0.284732178605708], [0.2533460844710846, 0.26995336052836066, 0.16370835275835283, 0.3129922022422024], [0.17387054612054617, 0.27673787323787324, 0.23007791652791665, 0.319313664113664], [0.25993080808080815, 0.28300851370851354, 0.1999292929292931, 0.2571313852813854], [0.2032535187035187, 0.3016651959151958, 0.2046636863136865, 0.29041759906759923], [0.19105713730713728, 0.27858103367221004, 0.24056374932257296, 0.28979807969807986], [0.2320065656565656, 0.24545215062715078, 0.18618109668109675, 0.336360187035187], [0.2748534743034744, 0.2822420987509223, 0.1801250527250528, 0.26277937422055075], [0.19791349206349215, 0.2622798340548342, 0.23675136807636818, 0.3030553058053059], [0.2577495115995117, 0.2519428016428017, 0.20291915861915874, 0.28738852813852805], [0.2547206071706073, 0.28812029637029635, 0.15568100233100235, 0.30147809412809407], [0.18859592629592642, 0.3169137362637361, 0.2333340881340883, 0.26115624930624937], [0.2141401959151961, 0.26044115198526974, 0.25689947552447556, 0.26851917657505897], [0.3555387667887667, 0.25808793428793436, 0.11264148074148081, 0.2737318181818184], [0.2200791264291265, 0.27580121969533733, 0.1931200799200801, 0.3109995739554563], [0.18676291486291505, 0.2573548063048064, 0.2799637085137085, 0.2759185703185704], [0.2685595032418563, 0.25609778277278283, 0.1991296706561413, 0.27621304332921987], [0.30945521700521705, 0.2498700577200578, 0.1541323509823511, 0.2865423742923742], [0.20952349872349882, 0.24110248640248644, 0.20933149628149636, 0.3400425185925187], [0.2191964124111184, 0.2605871628371629, 0.2246306128512012, 0.2955858119005178], [0.23087279942279954, 0.2592392369068841, 0.21925991949227247, 0.29062804417804433], [0.28570003885003886, 0.24319504662004673, 0.14957863525363535, 0.32152627927627936], [0.2432730380730382, 0.24422320457320462, 0.20763730158730168, 0.3048664557664559], [0.21771380403222515, 0.25518406723994963, 0.2516953779794337, 0.2754067507483916], [0.2016269730269731, 0.2581525585525587, 0.2234218892218894, 0.3167985791985792], [0.18188243749714347, 0.24052256077256084, 0.307705007084419, 0.26988999464587715], [0.29970888000888024, 0.21387473359973375, 0.16389334831834845, 0.3225230380730381], [0.22871295371295386, 0.30519796869796856, 0.16337156732156746, 0.3027175102675102], [0.26396149406149416, 0.22424536574536574, 0.20546476301476302, 0.3063283771783772], [0.2109236652236654, 0.2929750138750138, 0.23544716394716392, 0.2606541569541569], [0.24299232434232437, 0.2510961760461762, 0.2233797091797093, 0.28253179043179066], [0.23969830169830186, 0.24111204710322368, 0.20821120350238004, 0.31097844769609473], [0.301308818958819, 0.27959895104895105, 0.14550072705072709, 0.27359150294150303], [0.20850177600177613, 0.22782178377178386, 0.23412614607614607, 0.3295502941502941], [0.2384345543345545, 0.26373183679066037, 0.18096899016016674, 0.31686461871461863], [0.25816637806637815, 0.25764982876600523, 0.20184647656265314, 0.2823373166049636], [0.2744614421526188, 0.21319600954600967, 0.19095171136053493, 0.3213908369408368], [0.2289129065379067, 0.2431450826950828, 0.22327918666301028, 0.30466282410400064], [0.1972255558167324, 0.26537834028716384, 0.25504671994672007, 0.282349383949384], [0.26817819680319693, 0.25990183150183144, 0.15278532301032308, 0.31913464868464847], [0.278951875901876, 0.25130497835497834, 0.1862709235209236, 0.28347222222222224], [0.21518932733932739, 0.27340455377955386, 0.1973067682317682, 0.31409935064935074], [0.20494422048539698, 0.30773778639661015, 0.19342518037518042, 0.29389281274281265], [0.20093431568431572, 0.2453096625596626, 0.21249792429792433, 0.3412580974580974], [0.2061937206584265, 0.26556839826839834, 0.23519123833682662, 0.29304664273634873], [0.2154149350649351, 0.3235396472808237, 0.2238449570037806, 0.23720046065046077], [0.3204878565878565, 0.2496349705849706, 0.1428136863136864, 0.28706348651348645], [0.22689419469419475, 0.24700369630369645, 0.26317597402597404, 0.26292613497613515], [0.24796937229437246, 0.22564925629925645, 0.1702613997113998, 0.3561199716949715], [0.2387024087024088, 0.2364410700410701, 0.1882752969252971, 0.33658122433122417], [0.2870150849150848, 0.27861761294261295, 0.13454432234432231, 0.29982297979797995], [0.29100274806892473, 0.2547412087912089, 0.14026078643578646, 0.31399525670408013], [0.2034953768453769, 0.2978332445332446, 0.24067514707514717, 0.2579962315462317], [0.23949263339000187, 0.2768937014739647, 0.1873743756243757, 0.2962392895116578], [0.2060388608123903, 0.3033572455322456, 0.19078443729473155, 0.29981945636063284], [0.21615295815295815, 0.2655039904539906, 0.21795212010212014, 0.3003909312909313], [0.1930259056732741, 0.3021203647229963, 0.19387843267843266, 0.3109752969252969], [0.2135592074592075, 0.2901130536130536, 0.1944719447219449, 0.3018557942057944], [0.22530918525918528, 0.27179571539571556, 0.21419244089244097, 0.28870265845265847], [0.16024582084582087, 0.28103159618159607, 0.24805173160173177, 0.3106708513708515], [0.21101837051837066, 0.28340736208236206, 0.19143520646020654, 0.3141390609390608], [0.2340720640470642, 0.286007548007548, 0.1699542207792209, 0.3099661671661674], [0.2687658230658231, 0.2921065656565656, 0.18267384282384294, 0.25645376845376855], [0.2645973110223112, 0.25562843267843266, 0.18991028693528697, 0.2898639693639694], [0.2792594516594518, 0.2608538739038738, 0.13786517371517376, 0.32202150072150065], [0.18660224220224225, 0.26761980796980794, 0.2609250194250195, 0.2848529304029304], [0.1792071373071373, 0.2866217393717394, 0.23633011433011453, 0.297841008991009], [0.21852741264583378, 0.25263632931396107, 0.18623083553873043, 0.34260542250147513], [0.28194625733743384, 0.27911889776889776, 0.17553164058164067, 0.2634032043120279], [0.2522060994560994, 0.22898067716597129, 0.19613745143745162, 0.3226757719404778], [0.18646804029304043, 0.29344378040260394, 0.21089733044733058, 0.3091908488570252], [0.19555271950271946, 0.2684965145965146, 0.27627837717837733, 0.25967238872238874], [0.2104321123321124, 0.29652332667332665, 0.1955489954489955, 0.29749556554556555], [0.29348722943722966, 0.28676406093906104, 0.17933744588744596, 0.2404112637362638], [0.296482042957043, 0.28929402819402816, 0.16301428571428575, 0.25120964313464317], [0.303435347985348, 0.24397720612720608, 0.13309177489177493, 0.319495670995671], [0.19823933843933847, 0.32740551670551654, 0.1739024031524032, 0.3004527417027418], [0.22645001767238634, 0.21008746429009598, 0.18865313852813856, 0.3748093795093795], [0.27856562326562323, 0.2791863172774938, 0.1500790118378354, 0.2921690476190477], [0.2758160173160175, 0.2716546897546898, 0.192892562992563, 0.25963672993673], [0.252187284937285, 0.2736502886002887, 0.18027387612387616, 0.29388855033855027], [0.2340683094683095, 0.2598799717826034, 0.21290503385503393, 0.29314668489405327], [0.2641688494512026, 0.23962584082584087, 0.20279371772018837, 0.2934115920027685], [0.19415045510045523, 0.2519186868686869, 0.22909810744810757, 0.3248327505827505], [0.19834580974580976, 0.27291978021978014, 0.19651596736596738, 0.3322184426684429], [0.2813777056277056, 0.24582147297147317, 0.19314239094239102, 0.2796584304584304], [0.22005900765900782, 0.33641993561993555, 0.18025257520257523, 0.2632684815184816], [0.23642799422799424, 0.24969005275769982, 0.2030563008886538, 0.3108256521256522], [0.23160251970251974, 0.261618269312387, 0.2347625541125542, 0.2720166568725393], [0.21823124930624935, 0.2781115995115995, 0.2306724913974916, 0.27298465978465997], [0.22190212010212004, 0.2933701631701632, 0.14368941058941065, 0.3410383061383063], [0.2816744477744479, 0.23856838716838727, 0.16831115551115558, 0.3114460095460095], [0.2379483183483184, 0.30509255744255764, 0.14048989343989352, 0.3164692307692308], [0.22561110556110564, 0.3283721373397844, 0.20748376231611537, 0.23853299478299492], [0.2242934232434233, 0.26766193610311245, 0.24870855255855268, 0.2593360880949116], [0.2946114663114664, 0.24112778887778893, 0.16738639138639153, 0.2968743534243534], [0.3102597902097902, 0.24620723720723728, 0.15578540728277582, 0.2877475653001969], [0.31469241314241314, 0.23117319902319922, 0.15131076701076707, 0.3028236208236208], [0.28153336663336664, 0.26311160506160514, 0.18508292818292826, 0.2702721001221002], [0.229286668886669, 0.27952963147963156, 0.19414745254745255, 0.29703624708624704], [0.26205911310911306, 0.2746388777888778, 0.17796532356532369, 0.28533668553668556], [0.23309626484626486, 0.27904496614496616, 0.15191950271950286, 0.3359392662892665], [0.2885061882561884, 0.2691002386502388, 0.12426461871461879, 0.3181289543789544], [0.19398681873681867, 0.28375189810189816, 0.2077985125985126, 0.3144627705627708], [0.2556223665223666, 0.25228949383949395, 0.19819044844044845, 0.29389769119769127], [0.21550003607503618, 0.2696138084138085, 0.1990210622710623, 0.31586509324009326], [0.21075723165723168, 0.26106338383838407, 0.22462593240093248, 0.3035534521034523], [0.30399051226551227, 0.2535015956265958, 0.15020021645021656, 0.2923076756576758], [0.24125493395493405, 0.28032896825396825, 0.1951123959373961, 0.283303701853702], [0.20182241092241096, 0.3028849705849705, 0.1785860750360751, 0.31670654345654364], [0.2501367465867466, 0.26188048618048615, 0.13826103341103352, 0.34972173382173366], [0.26835021090021105, 0.28892415917415903, 0.14210629925629925, 0.30061933066933055], [0.28064632034632053, 0.2626012321012321, 0.1723564602064603, 0.2843959873459872], [0.23939078976578987, 0.2772964202464203, 0.17550460927960948, 0.3078081807081805], [0.2353631313131313, 0.24773093018093034, 0.23548181818181815, 0.28142412032412023], [0.219599766899767, 0.27014910644910645, 0.17878691308691314, 0.3314642135642134], [0.2564415584415584, 0.26620190365190377, 0.18552233877233884, 0.2918341991341993], [0.2559568709068709, 0.26410663780663785, 0.181629304029304, 0.2983071872571872], [0.20608729603729614, 0.30237169497169486, 0.1896393661893663, 0.3019016428016429], [0.32586582584082596, 0.21936231415643198, 0.14618908868908875, 0.3085827713136539], [0.28026891996892006, 0.2166998501498503, 0.16252914862914872, 0.34050208125208115], [0.22072387612387626, 0.2865650036238273, 0.20641429681429702, 0.28629682343800006], [0.24231128316128325, 0.27890110445110444, 0.19028620823620823, 0.2885014041514042], [0.26074292929292936, 0.2972583416583416, 0.1774504495504496, 0.2645482794982797], [0.3509686460598226, 0.2695294871794872, 0.11255803281685636, 0.26694383394383403], [0.24192031661149324, 0.2736245726495725, 0.18314190645955364, 0.3013132042793808], [0.23505586080586083, 0.2922525724275724, 0.1980093573093573, 0.2746822094572094], [0.21074081196581207, 0.2635967199467199, 0.2020298479298481, 0.3236326201576202], [0.21741066025477807, 0.2593123151358446, 0.15618704791940088, 0.36708997668997645], [0.212972622991044, 0.36859775224775215, 0.16283384539437182, 0.2555957793668321], [0.21416409146409163, 0.27216939171939186, 0.2245296425796427, 0.2891368742368743], [0.25318301698301704, 0.31197905982905977, 0.17556805971805975, 0.2592698634698636], [0.2355164946164948, 0.2729967532467532, 0.21347121767121785, 0.27801553446553445], [0.21165616132233783, 0.3417184565434564, 0.17187171717171718, 0.2747536649624886]]}}