{"test": {"ids": ["99109141", "109113281", "107113170", "110114720", "104111531", "106114011", "103113260", "104116441", "109117080", "111114321", "112118860", "99107560", "98106560", "113120260", "112118620", "106118301", "113118490", "112120640", "97107920", "99107660", "99108520", "101110200", "102109010", "101112540", "107113360", "102112170", "109119010", "99117740", "106116441", "104111780", "105115720", "97108520", "97106591", "104114410", "106116120", "108114180", "105116650", "111116100", "106111321", "112120270", "99108710", "98116090", "103109641", "101116130", "110114920", "107114200", "112117660", "104114240", "98109570", "101108121", "111121220", "102107961", "108121190", "98107340", "101115190", "105119950", "99108330", "113118511", "113119950", "97106770", "108115500", "100109330", "99107640", "113122430", "109118231", "112116501", "112121030", "112117431", "102110890", "110116441", "108115970", "104114230", "107118780", "101109370", "108113480", "104111620", "104118340", "112116810", "111119580", "111119610", "102113981", "113121220", "105110251", "112116401", "107114280", "111119150", "104111711", "97106600", "113121950", "103111170", "111116170", "110113931", "104113000", "112117790", "103113170", "107112840", "113118231", "105118171", "104113550", "97107260", "104109311", "109115220", "111118301", "111121410", "98116940", "113120601", "101111140", "112119580", "97109570", "99109840", "97116401", "104111880", "99112300", "100108520", "107115140", "110115140", "112117571", "104111990", "108113740", "111119950", "110114561", "101112201", "108118291", "106113260", "105116980", "111120531", "110118121", "107120130", "106116820", "108120621", "97107950", "109121640", "102110500", "112120630", "97106820", "110118181", "108115870", "112118530", "103117200", "101114020", "100112060", "107112850"], "labels": [3, 0, 0, 3, 0, 1, 3, 1, 1, 1, 3, 1, 1, 3, 3, 1, 1, 0, 0, 3, 2, 2, 1, 2, 0, 3, 3, 2, 0, 3, 1, 2, 1, 1, 1, 1, 1, 3, 0, 0, 2, 0, 1, 2, 3, 2, 0, 0, 1, 0, 3, 3, 1, 0, 1, 3, 1, 1, 0, 3, 3, 0, 1, 2, 1, 3, 0, 0, 0, 3, 2, 2, 1, 1, 0, 0, 2, 3, 3, 2, 1, 3, 0, 0, 3, 3, 1, 3, 3, 2, 0, 1, 1, 3, 3, 1, 3, 3, 1, 2, 3, 3, 3, 0, 2, 2, 2, 3, 0, 2, 3, 3, 0, 2, 0, 0, 3, 2, 3, 0, 0, 0, 3, 3, 0, 0, 3, 2, 1, 1, 2, 0, 3, 3, 1, 1, 3, 1, 0, 3, 2, 1], "predicted_labels": [3, 0, 2, 1, 3, 1, 1, 1, 3, 0, 3, 0, 1, 3, 1, 0, 3, 0, 3, 1, 3, 1, 3, 1, 0, 3, 1, 0, 0, 0, 3, 2, 0, 1, 1, 1, 2, 3, 3, 1, 1, 2, 1, 1, 1, 1, 0, 1, 1, 2, 3, 3, 1, 3, 3, 3, 3, 1, 3, 0, 1, 0, 3, 1, 1, 0, 0, 0, 1, 1, 0, 0, 1, 0, 3, 3, 3, 3, 3, 3, 0, 3, 0, 3, 1, 1, 1, 3, 3, 3, 1, 1, 3, 0, 1, 3, 3, 3, 0, 3, 3, 3, 1, 1, 2, 1, 3, 3, 0, 0, 1, 0, 1, 3, 1, 3, 3, 1, 3, 3, 3, 0, 0, 1, 1, 1, 1, 3, 1, 1, 3, 0, 3, 0, 3, 3, 1, 1, 0, 1, 0, 1], "confidence_scores": [[0.3037196584185337, 0.20599867011084488, 0.14273784599822945, 0.3475438254723919], [0.45553475066335736, 0.3457936164140891, 0.07205688279189018, 0.12661475013066342], [0.24667659426247393, 0.26312475171218935, 0.27265660577853645, 0.21754204824680043], [0.2504406992403059, 0.31792474068277876, 0.19515761319421215, 0.23647694688270318], [0.3472524440879487, 0.19736243020518018, 0.08040515335375392, 0.37497997235311736], [0.2670185211758604, 0.3878994452059799, 0.12263599740238616, 0.2224460362157737], [0.19239536658801845, 0.30635777344574033, 0.2183847295898015, 0.28286213037643976], [0.18145533983917977, 0.42264519546549395, 0.07581279379716437, 0.320086670898162], [0.2072627064219543, 0.20545414768390283, 0.10504531429212911, 0.4822378316020138], [0.33138857660363846, 0.3044465363150675, 0.137251696009234, 0.2269131910720601], [0.1645227379979025, 0.30008756699656775, 0.15805057887074916, 0.3773391161347806], [0.3415982567425523, 0.21533920688612648, 0.10265100049609796, 0.3404115358752233], [0.12026588613456521, 0.43512464024559844, 0.15378714147088068, 0.2908223321489557], [0.17198482584393449, 0.3214555243601751, 0.13424400431364653, 0.3723156454822439], [0.21570505877704194, 0.40711473021160094, 0.12428811753954722, 0.2528920934718101], [0.4361846916134142, 0.27790946294375446, 0.053135721811114076, 0.23277012363171729], [0.3004379949397461, 0.2440749793312053, 0.10749462685047065, 0.3479923988785781], [0.4593899622100994, 0.15607340801495317, 0.0783569712869559, 0.30617965848799145], [0.16814917653891856, 0.3091747965507642, 0.18117809089299952, 0.3414979360173179], [0.22495014919491554, 0.3619557227956221, 0.11855018410168357, 0.29454394390777894], [0.2713728539493934, 0.24280914751611601, 0.18227508356901376, 0.3035429149654769], [0.14160718168138212, 0.38219343545906803, 0.16757256111743404, 0.30862682174211586], [0.1637690727794368, 0.23876967306378835, 0.20736592937781353, 0.3900953247789614], [0.3121525482303461, 0.33674589117995435, 0.1186699174623722, 0.2324316431273274], [0.509145758513109, 0.12117049590388654, 0.18483391943603794, 0.18484982614696663], [0.1428588950682289, 0.1314743569279568, 0.06656365509883014, 0.6591030929049841], [0.23091498646256095, 0.33482411620478836, 0.25179294169490013, 0.18246795563775065], [0.5023434434158205, 0.2195532925001713, 0.10484131323107383, 0.17326195085293436], [0.32078335206833386, 0.3047520761395515, 0.09523735096024973, 0.27922722083186496], [0.36788949053653736, 0.3408917497602063, 0.11012438768519382, 0.1810943720180627], [0.16026545439833972, 0.31839132191264746, 0.153163455757113, 0.36817976793189994], [0.23295448919027872, 0.23191162192858764, 0.29111065921414125, 0.2440232296669925], [0.2951804395461003, 0.29234169212973893, 0.1235077957291927, 0.28897007259496793], [0.1373467987455695, 0.4280924602966645, 0.24857382296839292, 0.1859869179893732], [0.12811372810517668, 0.4869896671765752, 0.18687459683384125, 0.19802200788440683], [0.2699781571163647, 0.33803796726278734, 0.11693884609581985, 0.27504502952502824], [0.09027432118206362, 0.28855408807254096, 0.37219282010700677, 0.2489787706383886], [0.30205575220326647, 0.27807037791749956, 0.11298652163423414, 0.3068873482449998], [0.16221514566827425, 0.3091944912443246, 0.09359475628420273, 0.43499560680319843], [0.2287973710571228, 0.41208503142288916, 0.09621225015045491, 0.2629053473695332], [0.11350237804382399, 0.36356544355726, 0.207470548691471, 0.315461629707445], [0.2512054616812012, 0.214383341965481, 0.28484827947005753, 0.24956291688326024], [0.1544354901825469, 0.32323997481818106, 0.20902922532396273, 0.31329530967530944], [0.10322461092173174, 0.4032516012201599, 0.22867355383492868, 0.26485023402317975], [0.25689424185294385, 0.28278291773490916, 0.2509370426751334, 0.20938579773701368], [0.25827079280592197, 0.3276267124428519, 0.17175745393098754, 0.24234504082023842], [0.2840237781088691, 0.2635612042333178, 0.19295899058836924, 0.25945602706944404], [0.24128399058945227, 0.29281341193016186, 0.18581420505405502, 0.28008839242633093], [0.2763280938701365, 0.34416430304548074, 0.17229102344596414, 0.2072165796384185], [0.15670040899723964, 0.15184226098037265, 0.5267416928798357, 0.164715637142552], [0.23232754496310462, 0.3049529554903472, 0.11250722931842866, 0.35021227022811957], [0.19854157024396396, 0.22004166144263895, 0.27699102734442593, 0.3044257409689711], [0.19371068888827955, 0.3504792984419078, 0.18369292303750992, 0.2721170896323029], [0.1589328560171501, 0.33171835809860273, 0.1756956275003437, 0.3336531583839036], [0.16808173947499633, 0.21559982284599086, 0.11301517321328967, 0.5033032644657233], [0.23414620961811822, 0.2818173053326744, 0.19356709776767494, 0.29046938728153243], [0.20712936819468397, 0.25256224329806226, 0.2634703658863718, 0.2768380226208821], [0.18721490100595947, 0.6453390355339576, 0.058643022133306695, 0.10880304132677641], [0.298169280544762, 0.2620778133325534, 0.08609596849849674, 0.35365693762418804], [0.43439956827409093, 0.24557740227902947, 0.12001511262337668, 0.2000079168235029], [0.2889463924452458, 0.39912779419719957, 0.09410434557601456, 0.21782146778154007], [0.3409474755611903, 0.33070735874562845, 0.09943137115999776, 0.2289137945331834], [0.2509757253431984, 0.17763573202669086, 0.11187730209822111, 0.4595112405318897], [0.19704102495452577, 0.3466098485496439, 0.19145394178340772, 0.26489518471242274], [0.2813021926028981, 0.3467113127336242, 0.14126827054156224, 0.23071822412191573], [0.3802366717079018, 0.2053655206158581, 0.08478218560061795, 0.3296156220756222], [0.5101745196563621, 0.16416899571476956, 0.07262558282972485, 0.25303090179914356], [0.3716088797910082, 0.2980157671885919, 0.09597204603848776, 0.234403306981912], [0.24829477515628157, 0.318909068067873, 0.15856596462677675, 0.2742301921490688], [0.09795301499145131, 0.4403963333430404, 0.07949004287278648, 0.3821606087927219], [0.3310809514408105, 0.28209120635158313, 0.13132711383891144, 0.2555007283686951], [0.4831978858208541, 0.19345981537281193, 0.07511169988697165, 0.2482305989193623], [0.1739341843610072, 0.41339350961308596, 0.12697609475776514, 0.2856962112681419], [0.36177734760462404, 0.34722672172632224, 0.12827731564392586, 0.1627186150251281], [0.1391914945611464, 0.2759422400593645, 0.1389985526438298, 0.4458677127356594], [0.2279573117488497, 0.24002513990626353, 0.253274862711724, 0.2787426856331629], [0.1571782446357631, 0.3338830393429412, 0.09817549030590893, 0.4107632257153868], [0.29196224900979306, 0.26789762504974585, 0.12440713613415269, 0.31573298980630843], [0.26017272191226004, 0.260132251668536, 0.18663499874114828, 0.2930600276780557], [0.29601969385821203, 0.19947272063274968, 0.1430047972055627, 0.3615027883034756], [0.5295393100216746, 0.2324361740257466, 0.06933968031185613, 0.16868483564072248], [0.15323718010258056, 0.2025986520916707, 0.13050329242395362, 0.5136608753817952], [0.4115542412969556, 0.17451596640486927, 0.11475459290612418, 0.299175199392051], [0.31899992675259337, 0.12323357936650367, 0.10500089331251586, 0.4527656005683871], [0.16976408226183673, 0.3527742662065237, 0.12998571511955787, 0.3474759364120818], [0.30020290130356075, 0.40296878776867784, 0.10916192648851633, 0.1876663844392452], [0.30645879893622074, 0.352331811751481, 0.1016073985556016, 0.23960199075669691], [0.2856333652372799, 0.2873319205506132, 0.12379753623289277, 0.3032371779792141], [0.25858813401554814, 0.21195698116323253, 0.13122195342157167, 0.39823293139964766], [0.15186651002524618, 0.19756020746953995, 0.07556052899798624, 0.5750127535072278], [0.21473846217345985, 0.5512950422384449, 0.1340783851929817, 0.09988811039511353], [0.24868611446573158, 0.43775065967501536, 0.08112337193006411, 0.23243985392918898], [0.22200466603733948, 0.3049449246881414, 0.1217742861880445, 0.35127612308647477], [0.44042565368068737, 0.1471937707107106, 0.11221517695748125, 0.3001653986511208], [0.18846187153065502, 0.367624951382374, 0.20924307932079345, 0.2346700977661778], [0.09836997979896382, 0.3862818229281218, 0.12116218149247564, 0.3941860157804388], [0.21434297400606736, 0.24406607761424282, 0.09382069456925639, 0.4477702538104334], [0.2333983095735469, 0.22480686460180116, 0.0774329652409374, 0.46436186058371465], [0.4015570920285096, 0.2745683799147541, 0.11366474379817551, 0.21020978425856077], [0.1957881626766101, 0.24807453245736563, 0.2136148530088063, 0.3425224518572178], [0.2620642793464821, 0.20715636981604604, 0.0793391274857662, 0.4514402233517055], [0.18505632363944174, 0.14255463959326786, 0.2042360468866108, 0.46815298988067966], [0.24818970409936117, 0.2721110093045186, 0.2639392756032684, 0.21576001099285186], [0.20010536397274417, 0.39122701161095325, 0.07575418490506546, 0.3329134395112371], [0.20593831607634647, 0.1894428629569025, 0.3798938049490045, 0.22472501601774658], [0.25168228660388625, 0.31084072140433033, 0.2892722068608304, 0.1482047851309529], [0.17244826450269266, 0.23365549000131786, 0.10673399416253225, 0.4871622513334573], [0.18899237582051034, 0.13701612235238128, 0.14817599913705903, 0.5258155026900493], [0.374048395025004, 0.2219273782387817, 0.15590066102362693, 0.24812356571258753], [0.3794049034036214, 0.24229272018279505, 0.19611835812889528, 0.18218401828468828], [0.26635045735958873, 0.30472702798950224, 0.1647138219716031, 0.26420869267930597], [0.37520807064939266, 0.17635843221998548, 0.15688266846819865, 0.29155082866242327], [0.17094629963581598, 0.5162954583348128, 0.1309595754419652, 0.18179866658740604], [0.13711135704846775, 0.1623272294512314, 0.3260712346215223, 0.37449017887877856], [0.16438533616504833, 0.38484180539647295, 0.09487941362103318, 0.3558934448174455], [0.14949553336819824, 0.2986296134724256, 0.19953101924246835, 0.3523438339169078], [0.2239431369990992, 0.25017326942683643, 0.09506768507453538, 0.43081590849952905], [0.2626396609033939, 0.30535276681916973, 0.2124609083119053, 0.21954666396553102], [0.18905842875708267, 0.08656660336675001, 0.06969153772198264, 0.6546834301541847], [0.20645203090566824, 0.13805682171345704, 0.08863469064878796, 0.566856456732087], [0.336432056262887, 0.16502677403210927, 0.152656436492858, 0.3458847332121456], [0.4270803137284481, 0.22812114318377613, 0.11747729580199298, 0.2273212472857827], [0.37132286578425505, 0.27762105723012953, 0.12079305587151044, 0.230263021114105], [0.2502730947041011, 0.4403055995601743, 0.09633190761906443, 0.2130893981166601], [0.30015110999038147, 0.33597000065531907, 0.1283220090846759, 0.2355568802696236], [0.23747136205418448, 0.37309891646331983, 0.14009345894774983, 0.24933626253474583], [0.192614480293735, 0.2999680199978101, 0.2158103712231348, 0.29160712848532], [0.24236872015083424, 0.2278303080636316, 0.08796408253989389, 0.44183688924564035], [0.22152652483049354, 0.360051728790368, 0.09288909896096116, 0.32553264741817745], [0.3355931545474004, 0.41295884131447536, 0.15742112168007355, 0.09402688245805096], [0.16814217896972, 0.2556596861387325, 0.18508949381967185, 0.39110864107187565], [0.36738913739604834, 0.3374484553742699, 0.09935074258954822, 0.19581166464013394], [0.26673702595128135, 0.19929924220764086, 0.20308236586513725, 0.33088136597594064], [0.6019983588230116, 0.20183284851830263, 0.07073933226498956, 0.12542946039369626], [0.19581499654510376, 0.19087526361342752, 0.14946223825633626, 0.4638475015851325], [0.19852410849418894, 0.345973026269594, 0.06714276100513764, 0.38836010423107936], [0.23509053045416417, 0.433345752962918, 0.08735269189482919, 0.24421102468808864], [0.18911933055622945, 0.3595934532911355, 0.24318277960226645, 0.2081044365503686], [0.29899945772256586, 0.2845589273205282, 0.13742099945905958, 0.27902061549784646], [0.1967907876527136, 0.36179212368092595, 0.10728528008178584, 0.3341318085845747], [0.3621411047503031, 0.3235244331498924, 0.10059007487929868, 0.21374438722050595], [0.2020020531940124, 0.3820643552320609, 0.11265751307991004, 0.3032760784940168]]}, "rewritten": {"ids": ["97106591", "97106600", "97106770", "97106820", "97107260", "97107920", "97107950", "97108520", "97109570", "97116401", "98106560", "98107340", "98109570", "98116090", "98116940", "99107560", "99107640", "99107660", "99108330", "99108520", "99108710", "99109141", "99109840", "99112300", "99117740", "100108520", "100109330", "100112060", "101108121", "101109370", "101110200", "101111140", "101112201", "101112540", "101114020", "101115190", "101116130", "102107961", "102109010", "102110500", "102110890", "102112170", "102113981", "103109641", "103111170", "103113170", "103113260", "103117200", "104109311", "104111531", "104111620", "104111711", "104111780", "104111880", "104111990", "104113000", "104113550", "104114230", "104114240", "104114410", "104116441", "104118340", "105110251", "105115720", "105116650", "105116980", "105118171", "105119950", "106111321", "106113260", "106114011", "106116120", "106116441", "106116820", "106118301", "107112840", "107112850", "107113170", "107113360", "107114200", "107114280", "107115140", "107118780", "107120130", "108113480", "108113740", "108114180", "108115500", "108115870", "108115970", "108118291", "108120621", "108121190", "109113281", "109115220", "109117080", "109118231", "109119010", "109121640", "110113931", "110114561", "110114720", "110114920", "110115140", "110116441", "110118121", "110118181", "111114321", "111116100", "111116170", "111118301", "111119150", "111119580", "111119610", "111119950", "111120531", "111121220", "111121410", "112116401", "112116501", "112116810", "112117431", "112117571", "112117660", "112117790", "112118530", "112118620", "112118860", "112119580", "112120270", "112120630", "112120640", "112121030", "113118231", "113118490", "113118511", "113119950", "113120260", "113120601", "113121220", "113121950", "113122430"], "labels": [1, 3, 3, 1, 2, 0, 2, 2, 0, 3, 1, 0, 1, 0, 2, 1, 1, 3, 1, 2, 2, 3, 2, 0, 2, 2, 0, 2, 0, 1, 2, 2, 0, 2, 3, 1, 2, 3, 1, 3, 0, 3, 1, 1, 2, 3, 3, 0, 3, 0, 0, 1, 3, 3, 2, 1, 1, 2, 0, 1, 1, 2, 0, 1, 1, 0, 3, 3, 0, 3, 1, 1, 0, 1, 1, 1, 1, 0, 0, 2, 3, 0, 1, 2, 0, 3, 1, 3, 3, 2, 3, 1, 1, 0, 3, 1, 1, 3, 0, 1, 0, 3, 3, 0, 3, 3, 1, 1, 3, 0, 3, 3, 3, 2, 0, 0, 3, 0, 0, 3, 3, 0, 3, 0, 3, 1, 3, 3, 3, 0, 3, 0, 0, 3, 1, 1, 0, 3, 2, 3, 3, 2], "predicted_labels": [0, 0, 1, 3, 3, 0, 3, 3, 2, 0, 1, 1, 2, 3, 1, 3, 3, 1, 1, 2, 3, 1, 3, 1, 0, 3, 0, 1, 2, 0, 1, 3, 3, 0, 1, 3, 1, 0, 2, 0, 3, 3, 0, 1, 3, 1, 0, 1, 0, 3, 3, 0, 1, 1, 1, 1, 0, 0, 1, 3, 1, 3, 0, 0, 2, 1, 3, 3, 1, 1, 0, 1, 0, 2, 0, 1, 3, 1, 0, 1, 3, 3, 1, 3, 3, 3, 0, 1, 1, 0, 0, 0, 1, 0, 3, 3, 1, 0, 0, 0, 0, 1, 1, 0, 0, 1, 1, 1, 0, 0, 1, 1, 3, 1, 3, 3, 3, 1, 3, 3, 0, 1, 3, 0, 0, 1, 1, 1, 3, 1, 0, 3, 0, 3, 3, 1, 3, 3, 2, 1, 3, 3], "confidence_scores": [[0.30633934322638745, 0.3043377644883755, 0.21512385673873266, 0.17419903554650423], [0.31051325433187205, 0.3046033569678138, 0.18415911635169932, 0.20072427234861495], [0.30854540065967795, 0.3672000530380363, 0.11201923508942754, 0.21223531121285813], [0.27243325141942787, 0.22844861535151667, 0.1919602402320267, 0.30715789299702895], [0.19704243764438265, 0.2026727764233543, 0.2074998830239606, 0.3927849029083024], [0.3545931532464244, 0.3087585779057991, 0.15775851014106734, 0.17888975870670926], [0.1243706550283723, 0.28416701041934567, 0.18929677103587414, 0.40216556351640814], [0.1863917155201767, 0.1816424259749454, 0.21884283461689347, 0.41312302388798444], [0.22534425354112977, 0.2276564932614548, 0.29842550643634114, 0.24857374676107438], [0.29448988719802804, 0.26832667571575164, 0.19129454266852863, 0.24588889441769177], [0.10822653090969547, 0.6665187205772211, 0.07372336765624507, 0.15153138085683843], [0.17368213096783366, 0.4064480894412234, 0.20106395638784655, 0.21880582320309636], [0.21018079719345115, 0.24207797024543418, 0.2962789428491679, 0.2514622897119468], [0.14520622211110884, 0.24409977590838222, 0.1936305361240693, 0.4170634658564396], [0.11774618910128734, 0.35453906192712775, 0.24685346671441172, 0.28086128225717333], [0.20969288550823179, 0.27854384763718476, 0.13468047176964373, 0.37708279508493986], [0.29212585836755933, 0.17738090864680647, 0.18692749791410526, 0.3435657350715289], [0.22001288138537972, 0.34686326756962166, 0.1242983349282529, 0.3088255161167456], [0.13861985442974897, 0.4712036303255492, 0.15283692600963733, 0.23733958923506462], [0.28190017316800275, 0.13724424426461138, 0.3211340998857672, 0.2597214826816189], [0.1654476024194272, 0.231960423621938, 0.24398017075454057, 0.3586118032040943], [0.22151574775425975, 0.36447025510265635, 0.11961566782898417, 0.29439832931409976], [0.14468192361881071, 0.30677214249493767, 0.23302044615261822, 0.3155254877336334], [0.20010090434962113, 0.3697629914348591, 0.19973307100810336, 0.23040303320741642], [0.5211758309567044, 0.19029507276368418, 0.10877171635853822, 0.17975737992107316], [0.16204028836228587, 0.19666120392293673, 0.24889594922239075, 0.3924025584923867], [0.5152754349153764, 0.2169444532515477, 0.066564181014085, 0.2012159308189908], [0.16838969284444638, 0.4697908148508088, 0.1578083900239818, 0.20401110228076316], [0.23320194997090504, 0.20935848431050566, 0.28696191303644436, 0.2704776526821448], [0.5616625407215149, 0.2132497714711682, 0.09813157419622788, 0.1269561136110891], [0.14460320776453858, 0.43095170376624026, 0.14940210933796585, 0.27504297913125536], [0.13923886734109195, 0.2956014106517169, 0.11815577025323297, 0.44700395175395813], [0.206728877568648, 0.26148714178846505, 0.26033479091626416, 0.27144918972662274], [0.35878042477338856, 0.1579974707052956, 0.3143680443677349, 0.168854060153581], [0.21846635529152614, 0.352418504193526, 0.16592595411188543, 0.2631891864030625], [0.09574187907173591, 0.2473077823744181, 0.16054626551239348, 0.49640407304145273], [0.11080891707416285, 0.4376946353046652, 0.1221486701518504, 0.3293477774693216], [0.38247446659462786, 0.3290908124007841, 0.12423390053817261, 0.16420082046641557], [0.1591640742688716, 0.19393288750076101, 0.3280190751496229, 0.31888396308074446], [0.2879233285265729, 0.17883113733606165, 0.26317889796178606, 0.27006663617557936], [0.252982785576503, 0.23433943769778443, 0.24727561606727352, 0.26540216065843913], [0.17553693877989815, 0.11897514668610558, 0.07460659490059207, 0.6308813196334042], [0.44475501846932214, 0.27047171228334704, 0.0804900444084421, 0.2042832248388887], [0.25437168381776987, 0.3627609436789877, 0.14512074730608268, 0.2377466251971598], [0.1297460936169848, 0.1808168226325143, 0.10607011492764758, 0.5833669688228533], [0.1583657240969473, 0.4392765628173554, 0.1984221056222356, 0.2039356074634615], [0.3121281615335427, 0.28491945804632857, 0.21311990166827777, 0.1898324787518509], [0.26933107318700245, 0.3058400243629164, 0.1500645412814724, 0.2747643611686086], [0.5312674324321892, 0.2050865349948093, 0.06747921333397464, 0.1961668192390267], [0.29102427226669086, 0.2325199933338741, 0.06885295958486906, 0.40760277481456597], [0.24842272028557888, 0.22333561255603163, 0.10438548044236197, 0.42385618671602765], [0.3567294353319929, 0.30567996477800297, 0.17014262696154453, 0.16744797292845964], [0.18869788690786637, 0.42920143391455573, 0.13517974793807336, 0.2469209312395046], [0.26295455920538346, 0.3166631848238076, 0.1367601291056659, 0.28362212686514315], [0.26997528949590144, 0.31993482218140173, 0.19687416956014558, 0.21321571876255116], [0.17357768903919357, 0.38032676756352496, 0.09400495858232975, 0.35209058481495176], [0.39914401923785614, 0.26813993127664515, 0.13038057750448315, 0.20233547198101554], [0.44991921447364325, 0.1748192574902226, 0.07220430243536012, 0.3030572256007738], [0.18693925312846843, 0.4027128638646282, 0.14041258010851762, 0.26993530289838585], [0.2983744572604477, 0.2088977668277877, 0.15520380013288174, 0.3375239757788828], [0.17871039798373034, 0.5460501152795928, 0.10712889354997329, 0.16811059318670366], [0.13679427434894217, 0.25592384553397624, 0.1370105560741101, 0.47027132404297173], [0.5296291609980633, 0.21768237480142444, 0.0806755181595119, 0.17201294604100018], [0.32486919483418775, 0.28118915860080884, 0.14184002859149275, 0.2521016179735106], [0.09265788861127348, 0.18668828467278833, 0.5316981228283538, 0.18895570388758443], [0.2534207961447045, 0.3746042519963813, 0.143078162139703, 0.22889678971921118], [0.2864781249635958, 0.15773933100264884, 0.17788062623070006, 0.37790191780305527], [0.2394656648854701, 0.2733205762123505, 0.21135596593778097, 0.27585779296439855], [0.2979560325025604, 0.50545812472732, 0.06671425927499884, 0.12987158349512098], [0.281446700733456, 0.43557913022043065, 0.11466368033386114, 0.16831048871225224], [0.44017194883343114, 0.35029585386282636, 0.09316724444258231, 0.11636495286116019], [0.1565610958984695, 0.3744545439561023, 0.22892938552919165, 0.24005497461623665], [0.30855384509791134, 0.2202392810094681, 0.19375492497585065, 0.27745194891676994], [0.3180354324260242, 0.15794988812058386, 0.34241683480080015, 0.18159784465259185], [0.4115870891142795, 0.21254183271806457, 0.06477309998276005, 0.3110979781848959], [0.13280418442382202, 0.3962871468278544, 0.1526109807952963, 0.3182976879530275], [0.16280636166302984, 0.22901897797323537, 0.2887105509850839, 0.3194641093786509], [0.25872138988055304, 0.2608752937536303, 0.22992153133628887, 0.2504817850295278], [0.49918898726749733, 0.22090614377054524, 0.15283770557065213, 0.12706716339130528], [0.17387180588476295, 0.47383932846987636, 0.13866847696594672, 0.2136203886794139], [0.19694220690481254, 0.29214742272243055, 0.1482258944950456, 0.36268447587771124], [0.20069882484398838, 0.11808789599669671, 0.1085568495947814, 0.5726564295645336], [0.1700237974212815, 0.47781034880596, 0.12190407302012708, 0.23026178075263143], [0.3681740869253003, 0.14991392189001912, 0.11129471664980346, 0.37061727453487725], [0.1432311556906489, 0.26424425824712333, 0.20270130406489456, 0.38982328199733324], [0.22530534011743777, 0.08822354290029612, 0.1026933280300557, 0.5837777889522103], [0.36208078838333246, 0.26970941178693886, 0.14858807403328775, 0.21962172579644101], [0.2585137232041334, 0.2867314231841488, 0.19351958167919647, 0.2612352719325215], [0.19121950597843262, 0.49390268000116944, 0.10561844787198492, 0.20925936614841315], [0.3477778922048615, 0.22991690062913714, 0.24142825665062156, 0.1808769505153796], [0.34061159165899907, 0.2406580942361761, 0.16526929778944696, 0.253461016315378], [0.41723009199019906, 0.2257044987705112, 0.20187265877071514, 0.1551927504685747], [0.18573698117892148, 0.3529361286854836, 0.23290333397066598, 0.22842355616492885], [0.44147130538121165, 0.2452727181872595, 0.14527475092676576, 0.1679812255047631], [0.22440975310969744, 0.14581820051664204, 0.183537027538989, 0.4462350188346716], [0.2646946446309975, 0.2881220470873511, 0.11337720355329785, 0.3338061047283534], [0.1909328291166004, 0.4681411106727083, 0.18371971251644742, 0.15720634769424405], [0.3719268026306519, 0.2679150683921206, 0.1241725790763777, 0.23598554990084997], [0.36504635739621444, 0.33533769878645736, 0.09850226556169521, 0.20111367825563312], [0.5471147784004469, 0.15394520545526552, 0.09414319239566814, 0.2047968237486196], [0.35699640974583363, 0.22296746368361584, 0.20384313078307645, 0.21619299578747428], [0.19836965202199414, 0.2890296404540257, 0.2527710531676241, 0.25982965435635624], [0.23806289466987604, 0.3690379436971884, 0.184048121786328, 0.20885103984660772], [0.4482170049292463, 0.18259313117958784, 0.17496044357260793, 0.19422942031855786], [0.4035174261820285, 0.2274686515051991, 0.18492085760662622, 0.1840930647061464], [0.2536961590651586, 0.30495645133361765, 0.1487825196684828, 0.2925648699327409], [0.21788216417070924, 0.46210144542748993, 0.1198204506584743, 0.20019593974332645], [0.2704228121039577, 0.3182958075038174, 0.12571752255236165, 0.28556385783986327], [0.4694237326980505, 0.14267001093750137, 0.20349736005677505, 0.18440889630767307], [0.5133670787589608, 0.2540418204565362, 0.10363147402134143, 0.1289596267631615], [0.27264422900995466, 0.3854664309274494, 0.16547055313615283, 0.17641878692644314], [0.2584680304828296, 0.30919218094581963, 0.2093757831200049, 0.22296400545134587], [0.29024858727445635, 0.25029718199762585, 0.16685965977445513, 0.29259457095346264], [0.2572898697742896, 0.42805446134184405, 0.10281698208308605, 0.21183868680078013], [0.20636258524222006, 0.27160282378291123, 0.12221885723581419, 0.39981573373905466], [0.2203812740074733, 0.27603786998567864, 0.16779096891094633, 0.33578988709590163], [0.27968870879230207, 0.2601749078876351, 0.08958735279432137, 0.37054903052574156], [0.20276226926025284, 0.3962928545854656, 0.18444072681858756, 0.21650414933569412], [0.24532120169916163, 0.10580999089083391, 0.2355971442043567, 0.41327166320564773], [0.2614529416485265, 0.2763799244628756, 0.11120461583656718, 0.35096251805203055], [0.32868170244050043, 0.26196815218238495, 0.16626038865321893, 0.24308975672389577], [0.19139995054197959, 0.5532210569254037, 0.11194673267797682, 0.14343225985463995], [0.22932173119073598, 0.28336493722741923, 0.15050573680903193, 0.33680759477281297], [0.365192298922626, 0.2731974330262808, 0.14225255602092282, 0.21935771203017057], [0.38143365742971785, 0.15735326422776547, 0.1390597306779457, 0.32215334766457115], [0.18155690672942656, 0.43933135536703183, 0.19448656401627978, 0.18462517388726188], [0.21347385957288986, 0.4491847866597082, 0.1501492321205308, 0.1871921216468712], [0.2150829154444736, 0.33298236809723253, 0.1520692010519277, 0.29986551540636625], [0.28146832276909084, 0.12608477706485355, 0.1542887808886614, 0.4381581192773942], [0.22502589887504126, 0.37385045120886273, 0.14605962632480154, 0.25506402359129454], [0.4649282569081103, 0.21429325513973288, 0.12005187518165686, 0.20072661277050005], [0.2805816730795984, 0.2727224929981218, 0.16463336533380724, 0.28206246858847245], [0.6042294136597135, 0.15065814963393404, 0.07214261472596221, 0.17296982198039015], [0.20332603103687105, 0.32464488509180117, 0.11920596592170596, 0.3528231179496219], [0.19605836099709156, 0.24646391075188048, 0.08530147176173351, 0.4721762564892944], [0.15110314636339142, 0.4295493920963952, 0.13745575553594758, 0.28189170600426594], [0.25566607878748604, 0.24202423498688141, 0.14117468606737496, 0.3611350001582577], [0.21065556053247, 0.2805538343647189, 0.11807421831233843, 0.39071638679047255], [0.2459095826677322, 0.25510148562715695, 0.2824389621728144, 0.2165499695322965], [0.311446236546323, 0.3204979356627598, 0.10245202557836033, 0.26560380221255686], [0.25921563923707414, 0.26279353430980334, 0.2017973538071397, 0.2761934726459828], [0.2783402134938571, 0.2442945800577999, 0.16867944715964023, 0.30868575928870295]]}}