{"test": {"ids": ["113121980", "112116640", "111114941", "111119300", "97112290", "99112641", "113118620", "101111620", "113121410", "108117720", "113121010", "99111930", "98106560", "109121640", "101109120", "106113190", "107118120", "97106970", "109117630", "113119300", "104116441", "109119450", "112121410", "98109090", "97106770", "111116040", "108118520", "107114110", "110121450", "113122160", "97113900", "109120540", "99109740", "113120751", "111115770", "103111540", "109114220", "98108970", "102112030", "109120150", "110118701", "107121640", "104114230", "108115870", "105119950", "112118550", "105115680", "103110760", "104113190", "99119830", "99108010", "101108621", "109116810", "99120010", "105116441", "109117600", "99109370", "101111990", "106118820", "97107821", "108114360", "111116990", "108116501", "108114270", "110115890", "111118910", "106118301", "99108890", "110120640", "99111340", "113119320", "112118620", "107116980", "109119591", "102113350", "97116800", "112116401", "112116290", "106113260", "110118161", "105110091", "113119930", "109114651", "105115900", "109119010", "106112770", "99107660", "102116340", "113122510", "106120640", "110119891", "107119390", "112118161", "99111000", "101114990", "111119930", "101119591", "106114150", "108121410", "99107630", "111116530", "113119950", "105121190", "108113740", "105112240", "106114280", "112116990", "112118880", "107114321", "101109000", "102109850", "107118780", "110115980", "107112840", "109114030", "97116410", "98107380", "103111930", "112120640", "100108080", "107113840", "106116441", "112118511", "104112201", "111119250", "106118161", "108113700", "112120670", "110118740", "110120190", "111120260", "102116500", "108113620", "112117790", "103111990", "107120010", "105113440", "107114780", "107120260", "113119340", "105113170", "103113210"], "labels": [2, 0, 0, 1, 1, 1, 3, 3, 0, 1, 2, 1, 1, 0, 1, 0, 3, 2, 0, 1, 1, 3, 0, 1, 3, 0, 0, 1, 3, 3, 2, 1, 3, 1, 3, 1, 3, 3, 2, 2, 3, 1, 2, 3, 3, 3, 2, 1, 3, 1, 2, 0, 3, 2, 1, 1, 1, 2, 3, 2, 1, 0, 0, 3, 2, 0, 1, 0, 0, 1, 1, 3, 3, 0, 3, 0, 0, 0, 3, 0, 0, 1, 3, 3, 3, 1, 3, 3, 2, 3, 3, 2, 0, 2, 3, 1, 0, 1, 0, 2, 3, 0, 2, 3, 1, 3, 0, 1, 0, 1, 1, 1, 1, 1, 1, 3, 1, 3, 0, 0, 3, 0, 1, 0, 1, 3, 0, 2, 3, 3, 3, 1, 3, 3, 2, 1, 0, 2, 1, 0, 0, 3], "predicted_labels": [0, 0, 1, 1, 1, 1, 3, 1, 1, 0, 1, 3, 0, 0, 1, 0, 1, 3, 0, 3, 3, 3, 0, 1, 0, 0, 1, 3, 0, 1, 1, 0, 1, 3, 2, 1, 1, 1, 1, 2, 3, 2, 1, 0, 2, 1, 1, 3, 0, 2, 1, 1, 3, 0, 1, 3, 1, 1, 1, 0, 1, 3, 1, 3, 0, 0, 1, 1, 3, 2, 3, 1, 3, 0, 2, 3, 0, 0, 1, 0, 3, 0, 3, 0, 3, 2, 0, 1, 1, 1, 3, 2, 1, 2, 3, 2, 3, 0, 1, 0, 1, 1, 1, 3, 1, 3, 3, 0, 1, 3, 1, 3, 0, 3, 0, 0, 0, 0, 3, 1, 0, 3, 0, 3, 3, 1, 1, 3, 0, 3, 0, 0, 2, 3, 3, 3, 0, 1, 3, 3, 3, 3], "confidence_scores": [[0.34839222635490524, 0.12687597876395437, 0.29837621804699055, 0.22635557683414992], [0.6438699618550727, 0.2637167462996667, 0.054094221597224705, 0.03831907024803605], [0.012446530590871727, 0.7696177959760258, 0.18455605303166334, 0.033379620401439096], [0.10142283121133666, 0.5941153330662877, 0.09271272796602786, 0.21174910775634767], [0.0007964664350107722, 0.8710790297847175, 0.10409807621882472, 0.024026427561446965], [0.05074084732038132, 0.618032809151682, 0.23152771163419714, 0.09969863189373944], [0.1805943834362682, 0.16422365254647925, 0.030466411866105995, 0.6247155521511466], [0.21731403622804746, 0.6555923255268891, 0.030988760434615705, 0.09610487781044778], [0.012700809952442316, 0.5117186037642263, 0.3835327058414293, 0.09204788044190217], [0.9251460729755483, 0.004021435399225152, 0.017986021568376157, 0.05284647005685044], [0.0014138089510424131, 0.9963120685151275, 0.0009742223443724883, 0.001299900189457664], [0.08518536661919493, 0.1821150371070368, 0.003178779598624769, 0.7295208166751435], [0.784167320955403, 0.08152641017740862, 0.10022763499585637, 0.0340786338713321], [0.6386545587549143, 0.05849778443060749, 0.037728749502516576, 0.2651189073119616], [0.28439754851474186, 0.5345955632946829, 0.014025785080552668, 0.16698110311002257], [0.8417747411394811, 0.04794720958663353, 0.04696414879425333, 0.06331390047963202], [0.13919411661759398, 0.6577765404287177, 0.05583248937828037, 0.14719685357540788], [0.01992250059260376, 0.052684630626109896, 0.3132468273596135, 0.6141460414216728], [0.753816689986281, 0.2199185876297957, 0.013922632003721713, 0.012342090380201629], [0.15605468545568346, 0.0014113250314275441, 0.00565320366045095, 0.836880785852438], [0.010121745043196576, 0.1685841304042333, 0.05893824030243922, 0.762355884250131], [0.06532111114406042, 0.02364094821476672, 0.039917318036710475, 0.8711206226044623], [0.5544261346196866, 0.016463691908365538, 0.3085016225712399, 0.12060855090070793], [0.03705984192662733, 0.7359973704008079, 0.023606554964557006, 0.20333623270800774], [0.7818449685989016, 0.16156852717822917, 0.055901698024008434, 0.0006848061988607605], [0.7280708236629156, 0.03528670224136257, 0.0002960001809699195, 0.23634647391475175], [0.11133025220901321, 0.7359349589497514, 0.06563011358845638, 0.08710467525277893], [0.18641659672042724, 0.02493060246997614, 0.04387400461199795, 0.7447787961975987], [0.6122531974927511, 0.3554355852644036, 0.002229541062007515, 0.030081676180837767], [0.25800289097536633, 0.5423579065624629, 0.03085580542411726, 0.16878339703805353], [0.15937571789071925, 0.524143677582867, 0.060433003052485466, 0.2560476014739283], [0.686122762882098, 0.045266674178572205, 0.02313384461042284, 0.24547671832890697], [0.0034038539523318866, 0.6792063907190146, 0.04118912919386933, 0.2762006261347843], [0.03256631995751775, 0.43128975339026954, 0.02069685824691025, 0.5154470684053025], [0.06752504388668161, 0.050527051759042534, 0.8732066556786365, 0.008741248675639489], [0.18357288244416775, 0.3775185526565484, 0.20772806728354165, 0.23118049761574208], [0.008795915741894056, 0.8776898635882984, 0.07389242917157722, 0.039621791498230405], [0.03781299226055267, 0.8635382218848249, 0.07789374753213539, 0.02075503832248693], [0.11789190892147709, 0.45496638299023606, 0.3602309214554162, 0.0669107866328705], [0.36791043644752935, 0.06347925629928163, 0.3796653678859741, 0.18894493936721488], [0.026927901158836608, 0.14596851986051199, 0.003846093908743544, 0.8232574850719078], [0.40495872994473414, 0.17044056771149654, 0.41251445130700454, 0.01208625103676457], [0.31908430610221267, 0.3513254005833118, 0.301348655399024, 0.028241637915451447], [0.8940545255919348, 0.004155935563753271, 0.002625905087433623, 0.09916363375687842], [0.08364605579878769, 0.2703375732413973, 0.4160685622166956, 0.22994780874311938], [0.2610564167024185, 0.3853399927462862, 0.3389363446674905, 0.014667245883804686], [0.0010472417471351248, 0.9183183967736513, 0.01658659402627464, 0.06404776745293903], [0.25659732520895595, 0.07788634480376895, 0.17501917286647706, 0.4904971571207982], [0.5542065549211631, 0.14261670242866945, 0.10178915273352579, 0.2013875899166416], [0.015666368053721232, 0.03737616080856612, 0.8013037814935324, 0.14565368964418013], [0.10167752026699368, 0.8541518278438195, 0.005110966593913869, 0.0390596852952729], [0.23298751650226446, 0.37238495291813273, 0.02302800573394776, 0.37159952484565495], [0.36887569709653034, 0.10836196894236433, 0.0036335456170161463, 0.5191287883440893], [0.5921689925543155, 0.017576446105736842, 0.13176390553725345, 0.2584906558026941], [0.26286939187216257, 0.5978067386620678, 0.029673828079437605, 0.10965004138633216], [0.19014923174474604, 0.049839289283449655, 0.06580956330459277, 0.6942019156672116], [0.19242523065370676, 0.3614371245809935, 0.3201644602051362, 0.12597318456016363], [0.0039653560021288186, 0.44002660316503156, 0.43027803062488745, 0.12573001020795227], [0.057146824344098936, 0.7437089783896822, 0.16655639926729932, 0.03258779799891949], [0.7157732014927903, 0.05947200584035947, 0.010297754656515109, 0.2144570380103352], [0.011193388406765373, 0.895714605016068, 0.09023312174840678, 0.0028588848287600228], [0.06541216114952729, 0.07793770697235514, 0.011541272704594584, 0.845108859173523], [0.0034845548520234296, 0.9175643874133328, 0.035862982439608934, 0.04308807529503481], [0.07548287863291907, 0.2686067370508838, 0.2677259614427671, 0.3881844228734301], [0.422156868732591, 0.19468927925738916, 0.36539500390448937, 0.01775884810553051], [0.4806814215808065, 0.12643894235127107, 0.1557787494485584, 0.23710088661936385], [0.12319946861263434, 0.5894142007480778, 0.029952943970115515, 0.25743338666917226], [0.37310137383295544, 0.399436174253622, 0.003758255742857831, 0.22370419617056467], [0.3104371366188402, 0.05346478171443952, 0.006270843292821302, 0.629827238373899], [0.001605979313786153, 0.3533111629874848, 0.6446265262190743, 0.00045633147965478565], [0.05461638758205125, 0.1606064871021464, 0.01412717262019741, 0.7706499526956049], [0.1268174247179412, 0.7724278539062477, 0.06746451047435878, 0.033290210901452365], [0.2383557786105958, 0.06267622641862122, 0.003123975869603306, 0.6958440191011797], [0.9357590160660918, 0.019153342552671693, 0.012153477068074379, 0.032934164313162095], [0.2548509789620767, 0.24656444144697245, 0.4121498091411573, 0.08643477044979356], [0.18064440784298377, 0.20342633376192845, 0.10441365101029472, 0.5115156073847931], [0.6782885473843044, 0.010206331211234244, 0.056903373212825424, 0.25460174819163583], [0.4818408288065775, 0.4729708158289165, 0.005081533380314145, 0.04010682198419195], [0.001702745841865121, 0.9929661374086641, 0.0007114967817296727, 0.004619619967741295], [0.5518338789194271, 0.2426356819391753, 0.0602467108908396, 0.14528372825055788], [0.12979456948518414, 0.1955053063399313, 0.03329564519435436, 0.6414044789805302], [0.6101713364844725, 0.2837725939984776, 0.0034914607437234835, 0.10256460877332638], [0.022965378239108554, 0.002505486960653066, 0.007134090462837035, 0.9673950443374013], [0.8304519062737605, 0.06614871270201769, 0.009243061944936057, 0.09415631907928564], [0.19002969956954233, 0.22660198299746298, 0.12307719859670098, 0.46029111883629364], [0.007581130518928951, 0.34391669082335224, 0.6048453849800219, 0.043656793677696856], [0.6552286584440867, 0.2065663456478522, 0.023482851374996574, 0.1147221445330645], [0.005039532976844739, 0.8887836525960755, 0.053819953655541895, 0.05235686077153781], [0.0010774850066280872, 0.5278781994480073, 0.2893766382736042, 0.1816676772717603], [0.06829823216327846, 0.7567331767723077, 0.11978571940761425, 0.05518287165679963], [0.3314578732322121, 0.017744154669658924, 0.07415874189380213, 0.5766392302043268], [0.0562188950489655, 0.13394800153664826, 0.6938414144182474, 0.11599168899613882], [0.16275913270560582, 0.7695611357294133, 0.04849073544657016, 0.019188996118410625], [0.016718037957292188, 0.04560200898309898, 0.8506910426428536, 0.08698891041675529], [0.011569183112881028, 0.011335379696750733, 0.010936396281206268, 0.9661590409091619], [0.19737923428622614, 0.34857537624103413, 0.4224732417529156, 0.031572147719824015], [0.2364996020893543, 0.008100978828432673, 0.024497898763188843, 0.7309015203190242], [0.5546176632284247, 0.16423766246055044, 0.06479124311154949, 0.2163534311994754], [0.28430585136316217, 0.6864015057395694, 0.013586641051419138, 0.015706001845849353], [0.4283962699741049, 0.13632596494144134, 0.3345530407036798, 0.10072472438077382], [0.3798662594378156, 0.5874359597662041, 0.02055949401285112, 0.012138286783129145], [0.026877327250081864, 0.5642888766404686, 0.28811507698654554, 0.1207187191229041], [0.010118816595427078, 0.6051126847951874, 0.3116663240548698, 0.07310217455451565], [0.3277656820876002, 0.003392483853769273, 0.21473123135420236, 0.4541106027044282], [0.005345050664146213, 0.5272752661845277, 0.09067707237528502, 0.37670261077604106], [0.03217928786825756, 0.3093889394127874, 0.024155456638021894, 0.634276316080933], [0.1557078695823759, 0.13429719235301185, 0.3349961618793852, 0.3749987761852271], [0.7037341739492403, 0.02527087321023115, 0.11135961514872175, 0.15963533769180677], [0.11571737784722283, 0.5696540318184394, 0.047953926677008644, 0.26667466365732917], [0.07203633906666197, 0.2097697037350337, 0.014852527215403259, 0.7033414299829012], [0.4119048908286928, 0.526846374486165, 0.05736305046095846, 0.0038856842241837748], [0.03493114743250313, 0.281963741041958, 0.09897304051170305, 0.5841320710138359], [0.9289454159408752, 0.008139586003536039, 0.019461401289841, 0.04345359676574778], [0.07014062445289523, 0.374659781668731, 0.05821514203669984, 0.496984451841674], [0.9095006416529403, 0.031061561453839637, 0.05033316699011427, 0.009104629903105671], [0.6701674502401744, 0.043286284113686804, 0.16946630318686795, 0.11707996245927084], [0.8643858951088986, 0.025578181152686848, 0.10149547185128469, 0.00854045188712999], [0.7353810473180539, 0.09173520658115304, 0.010224153227731625, 0.1626595928730614], [0.34324572420816374, 0.01235337607611177, 0.111044946212924, 0.5333559535028004], [0.24249521077273922, 0.6718536405619973, 0.019621565177193784, 0.06602958348806973], [0.6824030099566082, 0.2801244147519662, 0.02858878112355378, 0.0088837941678718], [0.04905576801127766, 0.002130588728553991, 0.00024323816387011838, 0.9485704050962982], [0.4733377429257541, 0.09667283883925637, 0.02744660580999758, 0.4025428124249918], [0.25690520307494624, 0.01031145243789913, 0.0048846828802081915, 0.7278986616069465], [0.03763957156469643, 0.16744713190012797, 0.07915748892654598, 0.7157558076086297], [0.022012519028330936, 0.9516402951820278, 0.007036304638183861, 0.01931088115145737], [0.25678886810496115, 0.37990743530907134, 0.34074078850812767, 0.022562908077839908], [0.008113974971133473, 0.01227594839726763, 0.047167671188977064, 0.9324424054426217], [0.9357026715099611, 0.0002598649552192224, 0.0010099971719434043, 0.06302746636287616], [0.005956109477918174, 0.30205422528252196, 0.3271926932200235, 0.36479697201953637], [0.9193521098807478, 0.0023929481848532917, 0.0009149602500270925, 0.07733998168437194], [0.6462286009717944, 0.0750818203216292, 0.08488176685127805, 0.19380781185529827], [0.09461160924824251, 0.04088744562621019, 0.5061072067781338, 0.35839373834741367], [0.006518354820325466, 0.001003197997553615, 0.015413137418384147, 0.9770653097637367], [0.08950458332432486, 0.23160831375780866, 0.027000359816021807, 0.6518867431018447], [0.0945918999231269, 0.15137366438005004, 0.08944204692945101, 0.6645923887673721], [0.5182297679532208, 0.12565932019006473, 0.03172175649113839, 0.32438915536557605], [0.014456593443297208, 0.7752428898922362, 0.14747260616292876, 0.06282791050153785], [0.4221756046685028, 0.005123575170982327, 0.009729025494816992, 0.562971794665698], [0.41504797182437025, 0.0020544845442582223, 0.007907553137711963, 0.5749899904936596], [0.010654174645126654, 0.2876261152046281, 0.3086520026392034, 0.39306770751104175], [0.0031464961161262353, 0.08951634010535729, 0.11942216882635447, 0.787914994952162]]}, "rewritten": {"ids": ["97106770", "97106970", "97107821", "97112290", "97113900", "97116410", "97116800", "98106560", "98107380", "98108970", "98109090", "99107630", "99107660", "99108010", "99108890", "99109370", "99109740", "99111000", "99111340", "99111930", "99112641", "99119830", "99120010", "100108080", "101108621", "101109000", "101109120", "101111620", "101111990", "101114990", "101119591", "102109850", "102112030", "102113350", "102116340", "102116500", "103110760", "103111540", "103111930", "103111990", "103113210", "104112201", "104113190", "104114230", "104116441", "105110091", "105112240", "105113170", "105113440", "105115680", "105115900", "105116441", "105119950", "105121190", "106112770", "106113190", "106113260", "106114150", "106114280", "106116441", "106118161", "106118301", "106118820", "106120640", "107112840", "107113840", "107114110", "107114321", "107114780", "107116980", "107118120", "107118780", "107119390", "107120010", "107120260", "107121640", "108113620", "108113700", "108113740", "108114270", "108114360", "108115870", "108116501", "108117720", "108118520", "108121410", "109114030", "109114220", "109114651", "109116810", "109117600", "109117630", "109119010", "109119450", "109119591", "109120150", "109120540", "109121640", "110115890", "110115980", "110118161", "110118701", "110118740", "110119891", "110120190", "110120640", "110121450", "111114941", "111115770", "111116040", "111116530", "111116990", "111118910", "111119250", "111119300", "111119930", "111120260", "112116290", "112116401", "112116640", "112116990", "112117790", "112118161", "112118511", "112118550", "112118620", "112118880", "112120640", "112120670", "112121410", "113118620", "113119300", "113119320", "113119340", "113119930", "113119950", "113120751", "113121010", "113121410", "113121980", "113122160", "113122510"], "labels": [3, 2, 2, 1, 2, 3, 0, 1, 1, 3, 1, 2, 3, 2, 0, 1, 3, 2, 1, 1, 1, 1, 2, 0, 0, 1, 1, 3, 2, 3, 0, 1, 2, 3, 3, 1, 1, 1, 3, 2, 3, 0, 3, 2, 1, 0, 1, 0, 0, 2, 3, 1, 3, 2, 1, 0, 3, 1, 3, 0, 3, 1, 3, 3, 1, 3, 1, 0, 2, 3, 3, 1, 2, 1, 1, 1, 3, 0, 3, 3, 1, 3, 0, 1, 0, 0, 1, 3, 3, 3, 1, 0, 3, 3, 0, 2, 1, 0, 2, 1, 0, 3, 3, 3, 3, 0, 3, 0, 3, 0, 3, 0, 0, 1, 1, 1, 3, 0, 0, 0, 0, 3, 0, 1, 3, 3, 1, 0, 2, 0, 3, 1, 1, 0, 1, 0, 1, 2, 0, 2, 3, 2], "predicted_labels": [0, 1, 0, 1, 1, 1, 0, 2, 2, 1, 0, 1, 0, 1, 1, 1, 1, 0, 1, 3, 1, 1, 0, 0, 3, 1, 0, 0, 1, 3, 0, 0, 0, 0, 1, 0, 3, 0, 0, 1, 2, 3, 1, 1, 1, 1, 3, 0, 1, 1, 1, 0, 1, 1, 1, 0, 1, 1, 1, 0, 0, 0, 3, 1, 3, 1, 0, 1, 1, 1, 1, 1, 3, 3, 0, 0, 0, 0, 3, 2, 1, 0, 1, 0, 0, 1, 0, 1, 1, 0, 1, 0, 0, 3, 1, 3, 0, 0, 0, 0, 1, 3, 0, 0, 3, 0, 0, 1, 0, 0, 1, 0, 3, 0, 3, 0, 0, 3, 3, 1, 0, 3, 0, 1, 0, 1, 3, 0, 3, 3, 0, 3, 1, 0, 1, 1, 3, 3, 0, 3, 1, 2], "confidence_scores": [[0.46701089720488564, 0.19293084249263673, 0.3352612548159873, 0.0047970054864902205], [0.08724571259724581, 0.3886428672425284, 0.24528784643443538, 0.27882357372579036], [0.9126992628533859, 0.04174138407331818, 0.03646333761475194, 0.00909601545854397], [0.20726334705639823, 0.6321573160979613, 0.14194767955692153, 0.018631657288718857], [0.23788102003008754, 0.4322360343968277, 0.057674072850133665, 0.27220887272295113], [0.3587220308594032, 0.5083224442312164, 0.048065523029251996, 0.08489000188012848], [0.5105094579325145, 0.05065936299635593, 0.13760103376665062, 0.30123014530447906], [0.05484012185197681, 0.3346328439324873, 0.36219976043982843, 0.24832727377570737], [0.270975488219689, 0.23279608107601948, 0.3816119474449569, 0.11461648325933466], [0.009335147292106686, 0.9748244113804221, 0.003157677222918293, 0.012682764104552987], [0.6728682143806486, 0.11234941046926294, 0.06180984984513877, 0.15297252530494973], [0.1198467101302837, 0.5380946607141364, 0.03733266863692954, 0.3047259605186505], [0.6097512234497517, 0.28084301406885126, 0.02197346720095923, 0.08743229528043768], [0.44764040763744367, 0.5266638297820188, 0.010137081570473685, 0.01555868101006388], [0.42622210746558514, 0.5497411016152488, 0.005950366106284269, 0.01808642481288168], [0.1801894692338931, 0.719609997585768, 0.06533819616307295, 0.03486233701726582], [0.08530988767636774, 0.8075339917752334, 0.03754487240646142, 0.06961124814193731], [0.42929173162234513, 0.06483665372652948, 0.3396333490654727, 0.1662382655856527], [0.12142129447495238, 0.7662635573053421, 0.10372663161212552, 0.008588516607580147], [0.26198524897606323, 0.2191241156586722, 0.047911889226841586, 0.47097874613842294], [0.010043988641274551, 0.8815990374815266, 0.05649664707687875, 0.051860326800320204], [0.05257476403148641, 0.5696408292223958, 0.15132903805003065, 0.22645536869608723], [0.7643088629106036, 0.04739267249674855, 0.1059505989090625, 0.0823478656835854], [0.7253026574005357, 0.19663424562807733, 0.007227861487201059, 0.07083523548418603], [0.051917237690090004, 0.062385816691560174, 0.00436950823305443, 0.8813274373852953], [0.1197306559080353, 0.659509979519702, 0.01980050680099037, 0.20095885777127245], [0.5696177042914305, 0.1745831821309275, 0.05667966540188019, 0.1991194481757617], [0.3626987409495353, 0.30259298399695317, 0.21702315575911327, 0.11768511929439841], [0.0694719245086369, 0.5780296686840077, 0.04516253836042429, 0.3073358684469311], [0.08724246596512172, 0.3521212992181751, 0.16631160689486715, 0.3943246279218361], [0.9237535302328858, 0.043825857446208025, 0.003580503356955633, 0.02884010896395059], [0.46669674713762654, 0.18589019058430473, 0.10639877492953047, 0.24101428734853828], [0.4217437445307752, 0.1492142761101256, 0.3970528856647532, 0.03198909369434595], [0.8243243938453106, 0.07169886799696162, 0.09943639995617826, 0.004540338201549275], [0.10285772382325233, 0.8184708180124315, 0.020929083810202257, 0.05774237435411413], [0.6219456520751824, 0.1816233834658652, 0.04070038349798502, 0.1557305809609675], [0.11308405086672346, 0.036684291965916514, 0.08348945018309663, 0.7667422069842634], [0.6122417082062183, 0.27611231901016325, 0.06904871679842452, 0.04259725598519388], [0.8439539715401829, 0.03522161691739757, 0.008194256430634268, 0.11263015511178516], [0.23801654053566113, 0.6534637682878652, 0.048569906921008835, 0.05994978425546472], [0.16218973149680418, 0.1299805958561497, 0.4834058752153658, 0.22442379743168042], [0.4527103183130162, 0.011162119104272533, 0.010924593779253273, 0.525202968803458], [0.027515789006269817, 0.9479027145513798, 0.010842655302926585, 0.013738841139423828], [0.24816573288991325, 0.6847807215629568, 0.018618306710048563, 0.0484352388370814], [0.0010912270171441443, 0.743232673767003, 0.0014510343368548998, 0.254225064878998], [0.0800059574937377, 0.789184822045982, 0.04445315082831833, 0.08635606963196214], [0.17160099025479436, 0.2909781181171361, 0.2159877827886727, 0.3214331088393968], [0.5281678674842124, 0.08806178512717804, 0.04813482295223825, 0.3356355244363713], [0.23720631803506986, 0.6017164799036073, 0.046271252661665076, 0.1148059493996578], [0.11084607456714624, 0.7119584017500599, 0.03636697896748352, 0.14082854471531012], [0.30377432114704256, 0.5274027349826189, 0.012105811256396584, 0.15671713261394193], [0.6249597436676665, 0.30176207749368295, 0.025084920616982066, 0.048193258221668436], [0.13033272612688612, 0.724738897891366, 0.06383565114887958, 0.08109272483286833], [0.38911372365578345, 0.3997124077937959, 0.16516128576729625, 0.046012582783124395], [0.003672836039864806, 0.9705993029336615, 0.016556613559905894, 0.009171247466567814], [0.41727883971062735, 0.10303185933484454, 0.22449469683375156, 0.2551946041207766], [0.3490631288622647, 0.41080485412927054, 0.08172927223309355, 0.15840274477537125], [0.29416368068060433, 0.4446943584791244, 0.08945753455153137, 0.17168442628873976], [0.016036670922891058, 0.49931674991228775, 0.020528898395053678, 0.4641176807697677], [0.3565621080526396, 0.35304043873580215, 0.19939867610296258, 0.09099877710859557], [0.6140263085780199, 0.3631633064822235, 0.0015389159486910266, 0.021271468991065554], [0.459285718371511, 0.28834163099588683, 0.01215331825014059, 0.24021933238246143], [0.15099433394492617, 0.10356978914543985, 0.17186359282986108, 0.5735722840797729], [0.011165374082008121, 0.6723383089998494, 0.21641583642318216, 0.10008048049496038], [0.0536632947083518, 0.21717796356711339, 0.01692986610106051, 0.7122288756234743], [0.33967011100496247, 0.5477432478933114, 0.01118345046195668, 0.10140319063976955], [0.646285014583714, 0.045460781396279286, 0.0740017245137346, 0.234252479506272], [0.39579952465319185, 0.5363831307907277, 0.006709795186915516, 0.06110754936916491], [0.0055210338001219295, 0.5688376268610172, 0.15248353718267374, 0.27315780215618696], [0.261386535331035, 0.554257616113862, 0.013259277217523303, 0.1710965713375796], [0.26891643690294537, 0.5899063946986194, 0.029549243247952765, 0.11162792515048249], [0.09059272605568162, 0.8480359974996462, 0.025604673656258296, 0.035766602788413863], [0.22748069654035755, 0.11540092175854383, 0.0891332338427689, 0.5679851478583298], [0.1287961671255892, 0.023762092224011724, 0.14602485826857606, 0.7014168823818231], [0.6789359252734313, 0.14555333417074234, 0.061341552907112275, 0.11416918764871402], [0.8529772697811437, 0.100206576484212, 0.02288351224960663, 0.023932641485037542], [0.6039229658151549, 0.338065635889504, 0.032935908013970394, 0.02507549028137068], [0.4488973677845675, 0.2142109608776004, 0.31200052785177373, 0.024891143486058177], [0.38502141674435125, 0.06625196490710154, 0.12427373456671525, 0.42445288378183205], [0.16851606688625476, 0.2379364569542672, 0.5289105605607617, 0.06463691559871632], [0.3569621283408311, 0.5568439533693557, 0.05177976775031256, 0.034414150539500664], [0.6954904427076278, 0.014788096348513758, 0.024723654031502316, 0.26499780691235614], [0.016137613924588453, 0.8302608007808516, 0.005111926981271537, 0.1484896583132884], [0.9030393457143631, 0.022543144490007747, 0.02194461414949687, 0.052472895646132375], [0.7230821645085374, 0.15038491255680247, 0.02909193409252443, 0.09744098884213567], [0.24082704871157445, 0.7409908236616359, 0.001603341431403852, 0.01657878619538581], [0.6539561291718249, 0.12318807372977343, 0.019277855015607186, 0.20357794208279442], [0.07147925775181108, 0.8294717904280198, 0.015989856425224366, 0.08305909539494491], [0.20019992569794526, 0.3954560405335736, 0.03397669158659667, 0.37036734218188466], [0.9260295383324595, 0.042857057543298216, 0.00032727504357514455, 0.03078612908066709], [0.15205246499407477, 0.5638701671851166, 0.11120547510045681, 0.1728718927203517], [0.6489973019297207, 0.28749992094661364, 0.007807897085238818, 0.05569488003842688], [0.3503416605600729, 0.2678722330019152, 0.15501507000109074, 0.22677103643692126], [0.24458186629446002, 0.2517953224844456, 0.10125137830050222, 0.40237143292059213], [0.044049760748240886, 0.9430416370064156, 0.010285030134897923, 0.0026235721104455574], [0.10865462814962462, 0.22655267835708323, 0.04937920060474581, 0.6154134928885463], [0.8592236024758168, 0.08270406925921661, 0.046893477874098026, 0.011178850390868383], [0.6810828716237243, 0.19355868190848716, 0.015319971036100881, 0.11003847543168774], [0.7030178490241458, 0.02854854912614669, 0.1619283110422335, 0.1065052908074739], [0.7235255858485156, 0.06268520818485727, 0.00841542940779754, 0.20537377655882955], [0.1571593391187581, 0.3824476437988878, 0.09221426310937818, 0.36817875397297595], [0.3862381116369171, 0.12236825777845474, 0.06240185904514022, 0.42899177153948787], [0.9527585210431636, 0.0009920260073498996, 0.00028215665742010906, 0.04596729629206639], [0.3918281701076585, 0.37020811507921864, 0.016285055798567784, 0.22167865901455513], [0.08911809091365328, 0.08104223335533667, 0.02946674175608036, 0.8003729339749298], [0.5933429760180136, 0.03932630437204599, 0.0008691306724442671, 0.36646158893749625], [0.9181094611402123, 0.008444907478208865, 0.00259445821235119, 0.07085117316922769], [0.02356090643862477, 0.7356555570631665, 0.03870210442250843, 0.2020814320757004], [0.4121340023737506, 0.3808578994577575, 0.1684874758287535, 0.03852062233973833], [0.4818177770503245, 0.3264099883136134, 0.0008480908768065807, 0.19092414375925537], [0.12414405779027207, 0.6067891065629868, 0.04094036655570547, 0.22812646909103573], [0.6840869122321528, 0.03880148909955836, 0.033018811960338935, 0.24409278670795], [0.17678594491054098, 0.29158081646450534, 0.1941146346010803, 0.33751860402387335], [0.926141062672956, 0.005754743736026089, 0.0026774789419671432, 0.06542671464905063], [0.0039535978052057785, 0.16108062619176153, 0.014349421511105251, 0.8206163544919274], [0.6007696763817878, 0.28861283730683535, 0.0879752664084606, 0.02264221990291635], [0.7096680977161179, 0.011035185498091262, 0.0016180881909520154, 0.27767862859483883], [0.0849693290957381, 0.23700631253892784, 0.03310446793530505, 0.6449198904300291], [0.10944664591100749, 0.01737492389899965, 0.008325907690458947, 0.8648525224995339], [0.3303945454482603, 0.4289379787030275, 0.03717178949320721, 0.20349568635550497], [0.5794797175862502, 0.035593075361406434, 0.18756687349413043, 0.197360333558213], [0.15385206349683728, 0.0059611302484275435, 0.06344238142914752, 0.7767444248255877], [0.9457221423411536, 0.028725121060840325, 0.005425210087207389, 0.02012752651079873], [0.07080242688297864, 0.7923947037384897, 0.08115230428387545, 0.05565056509465633], [0.4937404856319113, 0.29795267946614934, 0.08778385349108775, 0.12052298141085147], [0.3070209655684085, 0.6393864653459761, 0.03760155521309736, 0.0159910138725181], [0.34855148044140855, 0.22869916868703458, 0.03393905044033788, 0.38881030043121895], [0.8076005110243311, 0.10080793252329358, 0.022288460676706662, 0.06930309577566862], [0.05587672603358159, 0.4248793669126733, 0.0671930911757919, 0.4520508158779533], [0.0990506454379495, 0.07163621465077809, 0.24919873464680933, 0.580114405264463], [0.481255946381245, 0.02867680155254112, 0.04815739077587456, 0.4419098612903394], [0.16246078258839142, 0.10632588729216588, 0.051748431900966285, 0.6794648982184764], [0.1383574732264176, 0.8395293538868737, 0.005665626757018016, 0.016447546129690765], [0.8530778607527789, 0.0021351277251576307, 0.0025022636019466486, 0.14228474792011675], [0.03382790176297306, 0.9235872205125618, 0.0009406809922168762, 0.04164419673224832], [0.35847188315829676, 0.42364477888874025, 0.011398976642721133, 0.20648436131024192], [0.11502160705438808, 0.03243671688027497, 0.02292150340898776, 0.8296201726563491], [0.1590129113990606, 0.2663395668624389, 0.06601904636547881, 0.5086284753730216], [0.6322331909999545, 0.08308317650147967, 0.0627988980459919, 0.22188473445257406], [0.05590624025712443, 0.038130463956373324, 0.014076251010302776, 0.8918870447761994], [0.2646765478193024, 0.5379596155003871, 0.009045836879440411, 0.18831799980086997], [0.07198051259179804, 0.3081312925022483, 0.35041996591354335, 0.26946822899241024]]}}