{"test": {"ids": ["111119340", "108115250", "102109850", "107116980", "110117080", "106113360", "107115250", "107120010", "99107300", "109117150", "102117351", "101121640", "107121540", "100109000", "104113550", "112116501", "97116401", "111119610", "110120640", "101110740", "107113200", "110113591", "97112300", "110118701", "112117030", "104112201", "102121440", "102107961", "98107010", "113119450", "98113881", "111116110", "106118161", "99111000", "109117730", "98108520", "110116501", "113119320", "109116170", "104116800", "104111620", "99107500", "106114150", "102114270", "105113260", "105118230", "112118810", "108120700", "98108370", "113120830", "105116501", "111119150", "100108490", "102110690", "103110840", "108115970", "110118450", "111116290", "112116290", "104119290", "97112290", "113120751", "103120290", "112118161", "107114280", "105115250", "109119460", "110114950", "103111540", "103112470", "111115910", "103120780", "100108260", "99107660", "111118820", "105116090", "99119830", "106117770", "109118701", "103110760", "97106820", "113119120", "111115780", "110116290", "112116900", "111119290", "100116500", "99117740", "97113260", "106118520", "104113210", "99109311", "103120730", "105113330", "112117660", "99109370", "108114220", "113117340", "109121351", "112117431", "97107681", "110120560", "112119500", "111119950", "111120320", "107114490", "100108990", "106114280", "103118291", "101111310", "98120530", "106121220", "100117420", "99109141", "107121640", "111121220", "113120601", "107118520", "107118780", "103112641", "110117500", "104118340", "97111790", "105112240", "111116990", "104114410", "111116010", "110118880", "106116640", "109113881", "112118550", "99108010", "113118620", "105120621", "113118490", "105118171", "103109641", "106114011", "106116120", "110118740", "112116540", "110119030"], "labels": [3, 1, 1, 3, 1, 0, 2, 1, 3, 2, 1, 2, 2, 1, 1, 3, 3, 2, 0, 3, 0, 0, 2, 3, 2, 0, 2, 3, 3, 3, 3, 3, 3, 2, 3, 2, 3, 1, 0, 1, 0, 0, 1, 3, 3, 1, 3, 2, 1, 3, 1, 3, 2, 0, 1, 2, 0, 2, 0, 1, 1, 1, 2, 0, 3, 2, 1, 0, 1, 1, 2, 1, 3, 3, 0, 1, 1, 0, 3, 1, 1, 3, 1, 2, 3, 3, 2, 2, 1, 2, 3, 1, 1, 3, 0, 1, 3, 2, 0, 0, 3, 0, 2, 0, 1, 3, 2, 3, 0, 3, 1, 1, 2, 3, 1, 3, 2, 2, 1, 3, 1, 2, 2, 1, 0, 1, 1, 0, 3, 0, 3, 2, 3, 1, 1, 3, 1, 1, 1, 3, 1, 0], "predicted_labels": [3, 3, 0, 0, 3, 0, 1, 3, 0, 1, 0, 3, 0, 1, 0, 3, 3, 1, 1, 1, 1, 3, 3, 3, 3, 0, 1, 3, 1, 3, 3, 3, 0, 3, 1, 1, 3, 3, 3, 3, 0, 1, 0, 1, 0, 1, 3, 0, 3, 1, 3, 1, 3, 1, 0, 1, 1, 1, 3, 3, 1, 0, 0, 0, 1, 0, 0, 1, 1, 1, 1, 0, 0, 1, 0, 3, 3, 1, 3, 0, 1, 3, 0, 0, 3, 3, 3, 1, 3, 0, 3, 1, 1, 0, 3, 3, 0, 3, 1, 1, 2, 1, 3, 3, 3, 1, 1, 1, 0, 0, 3, 3, 3, 1, 0, 3, 1, 1, 3, 3, 1, 3, 0, 1, 0, 3, 1, 1, 3, 3, 3, 0, 1, 3, 3, 3, 3, 1, 0, 1, 1, 3], "confidence_scores": [[0.27245808645401853, 0.2497845255006971, 0.17233732572773922, 0.30542006231754515], [0.22600766031438538, 0.2836826382035556, 0.1819609683845858, 0.3083487330974734], [0.2656370475956219, 0.2439367672229045, 0.23983504954668963, 0.250591135634784], [0.29121858160372793, 0.27194385439598384, 0.18131271521663175, 0.2555248487836565], [0.20940147452351465, 0.2538527002509074, 0.18697662016094377, 0.34976920506463427], [0.2779605687076503, 0.22752198017951103, 0.24221027670253162, 0.2523071744103072], [0.2657272297227021, 0.27444854318814754, 0.20192709690623162, 0.2578971301829188], [0.2181359152511461, 0.21596192743913348, 0.23306355737176077, 0.33283859993795983], [0.2980619718931809, 0.27162900002334855, 0.1621799493749065, 0.26812907870856423], [0.2551742715421722, 0.3198083050678035, 0.1742876121731217, 0.25072981121690263], [0.33148050792090855, 0.21112992369171457, 0.14140038260223511, 0.3159891857851417], [0.2727848081285321, 0.24991406308760314, 0.19374530647610097, 0.2835558223077638], [0.29365128434833737, 0.2678389626182241, 0.16095440125625474, 0.2775553517771839], [0.2623235036974296, 0.3042242470332669, 0.2239222818681615, 0.2095299674011424], [0.3362580814682763, 0.2884872275977187, 0.15818021527000353, 0.21707447566400165], [0.22171602455328154, 0.3034357492585911, 0.17043807381623888, 0.30441015237188823], [0.2071775683324438, 0.2677892698050013, 0.19500690467026444, 0.3300262571922905], [0.17966004203920935, 0.3154605041393279, 0.24477558651796819, 0.2601038673034946], [0.2034897914039268, 0.33726569951554386, 0.2328511666356139, 0.22639334244491532], [0.22726449881500546, 0.3178232716496227, 0.2146337666268684, 0.24027846290850338], [0.22750166502300243, 0.2985519288345212, 0.23360677357403278, 0.2403396325684437], [0.26580937257657283, 0.21915217624321098, 0.1809060351966996, 0.3341324159835167], [0.29695243768165885, 0.2338087707946618, 0.16079427711153751, 0.3084445144121419], [0.25553578608917943, 0.2450112868399756, 0.18616463687734022, 0.3132882901935048], [0.22163758469459538, 0.2665838906181762, 0.19261497053273746, 0.3191635541544911], [0.3897608778608117, 0.20593319604876634, 0.17358458762349607, 0.2307213384669262], [0.23089711729681311, 0.30207442547224445, 0.21587743292347128, 0.25115102430747127], [0.22200009030864462, 0.30398648291064473, 0.1685803907141059, 0.3054330360666048], [0.2447078693325597, 0.32172401887734536, 0.1727167045017563, 0.2608514072883386], [0.29054973457728334, 0.2754066017714795, 0.13272115993140604, 0.3013225037198311], [0.2846915092005257, 0.25565184732460566, 0.1595730907819998, 0.3000835526928688], [0.24362268137563617, 0.23003115227129023, 0.22198429752303603, 0.30436186883003763], [0.34773121685373853, 0.22307135410049622, 0.1771419751905686, 0.2520554538551968], [0.185680800788145, 0.3030710075503235, 0.20603344240049282, 0.3052147492610387], [0.2697650789861728, 0.28623547797170407, 0.19955372344810912, 0.24444571959401418], [0.2827177162409129, 0.31239052947569274, 0.14766545779142254, 0.25722629649197193], [0.2641762516675049, 0.26996839826776675, 0.17854778852951772, 0.2873075615352107], [0.2932283669059985, 0.234935759029906, 0.14907464443115528, 0.32276122963294024], [0.20862104591146724, 0.2853774945321119, 0.17308178529964696, 0.33291967425677393], [0.2487722419576804, 0.27226976111782236, 0.18439797101976985, 0.29456002590472763], [0.3031818870845717, 0.24462411819153485, 0.15337261552528147, 0.29882137919861207], [0.2125902494330555, 0.3312453811889622, 0.2039689859130204, 0.25219538346496195], [0.3411682804737711, 0.24784490404458714, 0.19347958798346, 0.21750722749818144], [0.2715308079300718, 0.30858022052797573, 0.18388420737241565, 0.23600476416953683], [0.29456847603884895, 0.28658583711030566, 0.15111237477200626, 0.26773331207883916], [0.18545915497763166, 0.31563702092516516, 0.19834261007990645, 0.30056121401729663], [0.24971913544158, 0.30442240325920494, 0.14100135167547984, 0.3048571096237355], [0.3249765884985334, 0.24557624914226162, 0.1670833683882573, 0.2623637939709477], [0.22260395647234255, 0.2581334588223413, 0.2471691084578035, 0.2720934762475128], [0.21896298732510694, 0.3282187796805506, 0.18712360374316167, 0.26569462925118076], [0.27767980951999377, 0.24620468967675574, 0.16426451412667148, 0.3118509866765791], [0.2963755161710237, 0.2985323839931857, 0.18262784600654347, 0.22246425382924723], [0.26285189630549444, 0.20203698592378103, 0.21276963892793016, 0.3223414788427947], [0.2749338679258046, 0.31065156431348084, 0.17616154389584404, 0.23825302386487068], [0.3252427956143673, 0.2099542496565691, 0.16355836672867738, 0.3012445880003861], [0.20381166467311587, 0.30245658198638276, 0.22181367207724115, 0.2719180812632603], [0.21556646357714102, 0.29479350942125543, 0.2526295745877748, 0.2370104524138289], [0.2697041481531147, 0.31338398749527063, 0.19961724096855554, 0.21729462338305933], [0.2413696049473566, 0.26064909360432714, 0.18148382365450255, 0.31649747779381376], [0.2404542111086544, 0.22522024954317924, 0.17403841539773016, 0.3602871239504365], [0.2576685248099693, 0.29920418739506843, 0.18978202271815645, 0.25334526507680577], [0.2938342230369837, 0.25045837076131205, 0.19284963275846742, 0.26285777344323674], [0.2688191564529798, 0.23618950563000066, 0.2637653689530773, 0.23122596896394212], [0.3261857687692206, 0.2654883526879712, 0.15700041085251246, 0.2513254676902957], [0.2024067704732968, 0.34892813541756873, 0.17741983685495036, 0.27124525725418414], [0.33313773446946926, 0.2422864390825276, 0.17595686858472703, 0.248618957863276], [0.2884513331278287, 0.25803478726440754, 0.22539326214548916, 0.2281206174622745], [0.28425536049148237, 0.32744014944053357, 0.1639435237449537, 0.2243609663230303], [0.2687216162352226, 0.28174715833006486, 0.17803606674274403, 0.27149515869196855], [0.2542985665603173, 0.2955390444518287, 0.2214678028176195, 0.22869458617023472], [0.24875448037796336, 0.3549872987749825, 0.17310637616088922, 0.22315184468616503], [0.2952031168908238, 0.25710012690286443, 0.16829455251951222, 0.2794022036867997], [0.3209106684758072, 0.2553927810840457, 0.16954422514383422, 0.254152325296313], [0.2845937999121543, 0.2985294455956999, 0.2016896561127843, 0.21518709837936162], [0.2927597468211061, 0.25956275788405947, 0.16729512169555363, 0.28038237359928075], [0.26374784418401304, 0.26293943359383287, 0.20043304209665297, 0.2728796801255013], [0.2200828700831583, 0.2872962210798202, 0.18353082210258467, 0.309090086734437], [0.24678072324512595, 0.28846893553008524, 0.1775048402686039, 0.2872455009561849], [0.2772301247911096, 0.2702319002937528, 0.16487439861288855, 0.2876635763022492], [0.3115021679084953, 0.2897442216064501, 0.131877056688761, 0.2668765537962936], [0.2368334745371291, 0.26083605594254855, 0.24312993432306146, 0.25920053519726094], [0.2806060378184482, 0.2583157012101076, 0.1732507552742606, 0.2878275056971836], [0.2894260808879049, 0.2861016864469716, 0.17614250833567863, 0.24832972432944472], [0.2829721491298364, 0.24351798831719282, 0.232982903393174, 0.24052695915979666], [0.2806755635916043, 0.2599290724539969, 0.14403397875338736, 0.3153613852010117], [0.23017165439513004, 0.23668662424849343, 0.23784604056682432, 0.2952956807895522], [0.22472818270208214, 0.2883262919939164, 0.15573818537336676, 0.3312073399306347], [0.21258810460181876, 0.31340744545351423, 0.17304537623028904, 0.30095907371437813], [0.24661891566850502, 0.27280323381511307, 0.18151133304438222, 0.2990665174719999], [0.29284950376122615, 0.26551831007085464, 0.15698850568792502, 0.28464368047999433], [0.24824716703711613, 0.24131406696899813, 0.17511847775794848, 0.33532028823593757], [0.2848055869961491, 0.2899513311334952, 0.19476527137200958, 0.23047781049834618], [0.25534191275635837, 0.30805984239509604, 0.1818529444523115, 0.2547453003962341], [0.38127741114795394, 0.2098170680421986, 0.1282728500982465, 0.28063267071160103], [0.28344540547738434, 0.16944261195505436, 0.14729601236904355, 0.3998159701985179], [0.27194082147587384, 0.22472743908949297, 0.16783417155276997, 0.3354975678818634], [0.3040026347189117, 0.22884654396018614, 0.2091862954521477, 0.2579645258687545], [0.23646237563709477, 0.26284540937533596, 0.19588051405985937, 0.30481170092771004], [0.24099751224395694, 0.31940604726978383, 0.17623489020597433, 0.263361550280285], [0.26047448028829945, 0.31844038115768597, 0.13971693456183382, 0.2813682039921807], [0.19113759323545002, 0.2623581824059109, 0.30395130049628866, 0.2425529238623507], [0.2255346442247554, 0.3103093812530573, 0.22590674242097708, 0.23824923210121024], [0.29982736858680253, 0.23443543592365418, 0.16276559014517067, 0.30297160534437284], [0.2075711720003389, 0.2665600538442673, 0.17444321864782886, 0.3514255555075648], [0.2810494378235615, 0.2251738573079499, 0.19175133590468227, 0.30202536896380633], [0.22206888481430187, 0.2633775457113446, 0.2624913496418385, 0.2520622198325151], [0.22827410648256383, 0.28877650513701325, 0.19972648760750197, 0.283222900772921], [0.26266669231604695, 0.2872120933864812, 0.17958392647383623, 0.27053728782363573], [0.2857034782528426, 0.27368519056998203, 0.17849367306931613, 0.26211765810785914], [0.3061914128962618, 0.25544104660882755, 0.1702795370719955, 0.26808800342291517], [0.26717399502792477, 0.28193778270932235, 0.16163473701344583, 0.28925348524930716], [0.24622357816737858, 0.2604287545609748, 0.14757483064793905, 0.34577283662370756], [0.24284001472436587, 0.24584125516004157, 0.23059409557407043, 0.2807246345415222], [0.29122291191235317, 0.3366673624523227, 0.1522277140153686, 0.21988201161995558], [0.27652783975929435, 0.2580777002702146, 0.2270704616752405, 0.23832399829525067], [0.3255864297641772, 0.19756776387425656, 0.09069078849844459, 0.38615501786312156], [0.20343711306111223, 0.3373601296921896, 0.1752676196807977, 0.28393513756590033], [0.2232537172121794, 0.30793933709172155, 0.24972796068625033, 0.21907898500984868], [0.2920050294927535, 0.22438325438826137, 0.16727211327366082, 0.3163396028453242], [0.2755367617175855, 0.19929001555547607, 0.1969746535236299, 0.3281985692033086], [0.2240032305563066, 0.3569736938873565, 0.16173493462273078, 0.2572881409336062], [0.2133376204497176, 0.2842710998976791, 0.20661181565990744, 0.2957794639926959], [0.32446482945446886, 0.2254004849555076, 0.18161100879344055, 0.26852367679658307], [0.2080713665164267, 0.34592852697586196, 0.20421627359769712, 0.2417838329100141], [0.33810393721608045, 0.21020441074253995, 0.1688352599198657, 0.28285639212151387], [0.3108407609601284, 0.23768610861009287, 0.13991323762275817, 0.31155989280702057], [0.2215941066080115, 0.32453231996497267, 0.21687049899282784, 0.23700307443418822], [0.2608583985512379, 0.3424858969436756, 0.15480287220833733, 0.2418528322967491], [0.2503335574052779, 0.2408594187080472, 0.2289093176381132, 0.27989770624856186], [0.29130904816397546, 0.22906701995643833, 0.15675048186151852, 0.3228734500180678], [0.19608677969664648, 0.2925581553832132, 0.17535534902087682, 0.3359997158992635], [0.28767158321101216, 0.25756678694699664, 0.21143089766410492, 0.2433307321778862], [0.2471990282387899, 0.27063968025906443, 0.21974636915524384, 0.2624149223469019], [0.27842773505204454, 0.22557920436122164, 0.13887596856108447, 0.35711709202564934], [0.2339099395263452, 0.26212525284859217, 0.20733025755556792, 0.296634550069495], [0.2313331406147143, 0.2757520057319254, 0.20523051754394056, 0.28768433610941974], [0.26376251308555543, 0.22809210208087072, 0.15989519943774616, 0.3482501853958278], [0.2535398745097171, 0.29573481962275283, 0.1814266248589102, 0.26929868100861964], [0.3180501873155049, 0.2701259507035178, 0.17267243158782794, 0.23915143039314934], [0.2585440346879725, 0.30774315523036844, 0.20576269683582132, 0.2279501132458379], [0.2101933417073499, 0.31867172330126, 0.17253236271559996, 0.2986025722757902], [0.28089519509606875, 0.24936522262275132, 0.17406696253108123, 0.2956726197500986]]}, "rewritten": {"ids": ["97106820", "97107681", "97111790", "97112290", "97112300", "97113260", "97116401", "98107010", "98108370", "98108520", "98113881", "98120530", "99107300", "99107500", "99107660", "99108010", "99109141", "99109311", "99109370", "99111000", "99117740", "99119830", "100108260", "100108490", "100108990", "100109000", "100116500", "100117420", "101110740", "101111310", "101121640", "102107961", "102109850", "102110690", "102114270", "102117351", "102121440", "103109641", "103110760", "103110840", "103111540", "103112470", "103112641", "103118291", "103120290", "103120730", "103120780", "104111620", "104112201", "104113210", "104113550", "104114410", "104116800", "104118340", "104119290", "105112240", "105113260", "105113330", "105115250", "105116090", "105116501", "105118171", "105118230", "105120621", "106113360", "106114011", "106114150", "106114280", "106116120", "106116640", "106117770", "106118161", "106118520", "106121220", "107113200", "107114280", "107114490", "107115250", "107116980", "107118520", "107118780", "107120010", "107121540", "107121640", "108114220", "108115250", "108115970", "108120700", "109113881", "109116170", "109117150", "109117730", "109118701", "109119460", "109121351", "110113591", "110114950", "110116290", "110116501", "110117080", "110117500", "110118450", "110118701", "110118740", "110118880", "110119030", "110120560", "110120640", "111115780", "111115910", "111116010", "111116110", "111116290", "111116990", "111118820", "111119150", "111119290", "111119340", "111119610", "111119950", "111120320", "111121220", "112116290", "112116501", "112116540", "112116900", "112117030", "112117431", "112117660", "112118161", "112118550", "112118810", "112119500", "113117340", "113118490", "113118620", "113119120", "113119320", "113119450", "113120601", "113120751", "113120830"], "labels": [1, 3, 2, 1, 2, 1, 3, 3, 1, 2, 3, 1, 3, 0, 3, 2, 3, 1, 1, 2, 2, 1, 3, 2, 2, 1, 2, 2, 3, 3, 2, 3, 1, 0, 3, 1, 2, 1, 1, 1, 1, 1, 3, 0, 2, 1, 1, 0, 0, 3, 1, 1, 1, 2, 1, 1, 3, 3, 2, 1, 1, 3, 1, 1, 0, 1, 1, 3, 1, 3, 0, 3, 2, 1, 0, 3, 3, 2, 3, 2, 1, 1, 2, 1, 3, 1, 2, 2, 0, 0, 2, 3, 3, 1, 0, 0, 0, 2, 3, 1, 1, 0, 3, 3, 0, 0, 0, 0, 1, 2, 1, 3, 2, 0, 0, 3, 3, 3, 2, 0, 1, 3, 0, 3, 1, 3, 2, 0, 0, 0, 3, 3, 2, 2, 1, 3, 3, 1, 3, 2, 1, 3], "predicted_labels": [3, 1, 3, 3, 1, 3, 3, 1, 2, 3, 1, 1, 1, 1, 0, 1, 1, 0, 3, 1, 0, 1, 0, 0, 3, 3, 1, 0, 3, 0, 0, 1, 1, 1, 1, 0, 1, 3, 0, 0, 0, 1, 3, 0, 3, 1, 1, 3, 0, 3, 0, 0, 3, 3, 3, 1, 1, 0, 1, 1, 1, 1, 3, 3, 1, 1, 3, 3, 3, 3, 0, 0, 3, 3, 1, 1, 3, 2, 1, 1, 0, 3, 1, 3, 1, 3, 1, 0, 3, 3, 1, 1, 0, 1, 3, 3, 0, 3, 3, 3, 1, 1, 3, 3, 1, 0, 1, 1, 0, 1, 1, 1, 1, 0, 0, 1, 3, 3, 3, 1, 3, 3, 3, 1, 3, 0, 3, 1, 3, 3, 3, 0, 0, 1, 3, 3, 3, 3, 3, 3, 3, 1], "confidence_scores": [[0.21558114335946094, 0.29326145447131685, 0.17486428266821044, 0.31629311950101185], [0.22538430139809484, 0.2783426679542391, 0.24311228903928928, 0.253160741608377], [0.2704294112794655, 0.2444937544642908, 0.16889270403908999, 0.31618413021715375], [0.24954508659354224, 0.2554063299760275, 0.21489320558086025, 0.28015537784957006], [0.24953828276222972, 0.27342805641371565, 0.20827938819998298, 0.2687542726240716], [0.2714041081308559, 0.22782069744095876, 0.1613069758465196, 0.33946821858166587], [0.22481797706312506, 0.2515840880930773, 0.25149397302173004, 0.2721039618220674], [0.2378135248144721, 0.3051131620234433, 0.17029752131730672, 0.2867757918447778], [0.21009478670412424, 0.24403787247112654, 0.28535891319831497, 0.26050842762643445], [0.27240023108575595, 0.26703642850010567, 0.16039152741626725, 0.30017181299787093], [0.2205797304585944, 0.3098478591137948, 0.22204860204381371, 0.24752380838379726], [0.25395316759568043, 0.27595771378105327, 0.1987175836845335, 0.2713715349387327], [0.2776865792847189, 0.29418688135133797, 0.1864832131697378, 0.24164332619420537], [0.21169737700360436, 0.269404974746964, 0.25149186313786087, 0.2674057851115706], [0.3045357599078877, 0.2881117429835392, 0.1944193988764794, 0.21293309823209364], [0.225541148028165, 0.29561734961970254, 0.23004592185375888, 0.24879558049837375], [0.2676612556700057, 0.2761598254199004, 0.20691739960617248, 0.24926151930392146], [0.29211462593023735, 0.22694067816634902, 0.2544681579907068, 0.22647653791270678], [0.2379633782388337, 0.23421523800382488, 0.21269013357615907, 0.31513125018118243], [0.19121919564675974, 0.3947661372861102, 0.22947199256415246, 0.18454267450297784], [0.29579313115394457, 0.2525200753021441, 0.20257047285697452, 0.24911632068693684], [0.21803075764618662, 0.26908317993207725, 0.25676196656135114, 0.25612409586038515], [0.27223601363879135, 0.22451091832097106, 0.2602481938095913, 0.24300487423064632], [0.28154601231461734, 0.2319200539404923, 0.23460046507971757, 0.251933468665173], [0.2506770068999695, 0.26027467444472163, 0.2019879121940588, 0.2870604064612501], [0.22293374892426104, 0.2250613749783339, 0.2492014643749243, 0.30280341172248104], [0.24698048705598605, 0.28008737399034156, 0.22668153346829814, 0.24625060548537442], [0.2832386669892075, 0.24585157682615158, 0.23759086677102556, 0.2333188894136153], [0.2357837303626126, 0.2410342639090317, 0.24879462993142382, 0.27438737579693195], [0.3160289201360659, 0.2321689143128933, 0.15565870170191845, 0.2961434638491223], [0.27940310011312935, 0.26011203623868523, 0.20104210938702002, 0.25944275426116553], [0.2565764807872505, 0.2715639071835321, 0.21042357933055925, 0.26143603269865795], [0.23849722949930477, 0.2782826090323739, 0.2618045612028754, 0.22141560026544607], [0.2884277685543284, 0.29222455970225064, 0.17815760427143904, 0.24119006747198224], [0.23191157668995063, 0.2975651098225056, 0.1799024128973647, 0.29062090059017903], [0.3139807563527661, 0.24804853157077666, 0.16152710813837318, 0.27644360393808415], [0.2259069488548715, 0.27945832553189637, 0.2159395237933294, 0.2786952018199031], [0.26086176457588356, 0.2507837284990988, 0.19165795595112187, 0.29669655097389586], [0.2911238292622839, 0.2729912999948232, 0.18524355771442058, 0.25064131302847237], [0.3025624459117622, 0.2549906943747797, 0.21321208686921586, 0.22923477284424226], [0.2868107736049273, 0.24105048047835262, 0.20428888110943064, 0.26784986480728973], [0.26519110002612334, 0.29914520018539764, 0.20201413903830126, 0.23364956075017784], [0.24301956388192306, 0.21707904351013838, 0.21157660120959554, 0.3283247913983432], [0.2917929275201032, 0.2529384162493145, 0.17361221841564212, 0.2816564378149401], [0.24033287764033007, 0.2374492996217694, 0.25672076110654435, 0.2654970616313562], [0.24810845810613558, 0.31274503269841825, 0.16575845158551797, 0.27338805760992835], [0.2303261490493595, 0.3110646583045291, 0.16146672054909975, 0.29714247209701183], [0.2788719238620406, 0.2155650543145279, 0.21303405509502407, 0.2925289667284074], [0.32815665353258106, 0.2254072826299374, 0.1702744046115024, 0.27616165922597924], [0.23321094359141065, 0.2366483040505684, 0.2018584374283554, 0.32828231492966575], [0.3072195866034674, 0.23286059510052418, 0.19737230917803267, 0.26254750911797564], [0.3237395629223442, 0.26061239446827683, 0.1727310736149785, 0.24291696899440052], [0.2685151390539306, 0.25176752010193376, 0.19919561387790824, 0.2805217269662277], [0.22809045806907755, 0.26357633833260613, 0.2252605854572695, 0.28307261814104706], [0.2653881959237686, 0.21679654195203146, 0.2221349520698757, 0.2956803100543243], [0.2561053483581798, 0.3136033864213762, 0.1923716682059633, 0.23791959701448082], [0.22326916346743939, 0.3161768944382474, 0.14863001648910287, 0.3119239256052104], [0.3223532319390997, 0.21475400070113454, 0.15631330417775482, 0.3065794631820111], [0.28672943710937693, 0.30256492444744215, 0.21239414232284493, 0.1983114961203362], [0.2527741060288157, 0.2644713667885559, 0.2259528241483667, 0.256801703034262], [0.2619017527880081, 0.2767567227756385, 0.20060354811150458, 0.26073797632484885], [0.24475051030840997, 0.3172690074339085, 0.19803939022158568, 0.2399410920360957], [0.23175197494438934, 0.2479044871491939, 0.18516536261637248, 0.33517817529004423], [0.2664017024215056, 0.2439672795181365, 0.13453748773570665, 0.3550935303246513], [0.2643477674876902, 0.27310634655380817, 0.21944120200059541, 0.24310468395790646], [0.27139152399861094, 0.3061218731790241, 0.16041883275629387, 0.26206777006607096], [0.26185030788027125, 0.26946426778290467, 0.19725083471602603, 0.271434589620798], [0.26048571821678146, 0.2621785355495509, 0.1922282454205019, 0.285107500813166], [0.2621404715012068, 0.23515402960828985, 0.21726655744813952, 0.2854389414423638], [0.23101646193232261, 0.25152690124801813, 0.20866871336096834, 0.308787923458691], [0.2822076711109801, 0.25496906511814976, 0.18327173674329653, 0.2795515270275737], [0.28875799693295506, 0.21339591095644944, 0.2166456801624185, 0.28120041194817724], [0.25880741172317895, 0.2449760271520748, 0.18361794175217816, 0.3125986193725683], [0.28024726830512753, 0.26508969334050586, 0.1378242457794589, 0.3168387925749076], [0.2369254182894838, 0.2873270695537454, 0.20657281797972274, 0.2691746941770482], [0.2047258315253552, 0.3276199110075503, 0.1784059254064594, 0.2892483320606352], [0.23553940801383333, 0.26061293989490764, 0.17697370741209945, 0.3268739446791599], [0.2572934213846146, 0.23987488130236925, 0.2693629823713985, 0.23346871494161767], [0.28391531145321963, 0.28898978254115987, 0.1738153439424795, 0.2532795620631413], [0.22646898932639445, 0.2726012760739108, 0.25417442222789616, 0.24675531237179885], [0.2862691351101347, 0.2684510508165694, 0.16602410750541602, 0.27925570656787996], [0.28964299464688836, 0.19190741782099632, 0.21441558102671343, 0.3040340065054019], [0.26055158939658346, 0.30241569654514827, 0.16957925651011732, 0.26745345754815103], [0.2586570540968944, 0.22109878873039146, 0.20924351291001017, 0.31100064426270396], [0.26854519448913183, 0.28699209799614633, 0.20875886892507053, 0.23570383858965144], [0.254013376064258, 0.23211749983019897, 0.21992460491241472, 0.2939445191931285], [0.25133725008333996, 0.2901333525676299, 0.1809220496180569, 0.27760734773097323], [0.3228227961078485, 0.2374371351787397, 0.1464721755619745, 0.2932678931514372], [0.28093733934413206, 0.2685374767942244, 0.1425269234648567, 0.307998260396787], [0.25498717598194387, 0.2749294879997572, 0.17863484875501345, 0.29144848726328554], [0.24924276884834407, 0.29513128180924175, 0.16533762359038273, 0.29028832575203156], [0.26178079462224657, 0.287722896882617, 0.21035582496121497, 0.24014048353392167], [0.3278582923490876, 0.22966293200023805, 0.13215771660256195, 0.31032105904811264], [0.2145510667020633, 0.28847689135868376, 0.23315202198681464, 0.26382001995243853], [0.26304078317782925, 0.306338924700098, 0.11996528367146546, 0.3106550084506073], [0.2735432344654759, 0.23165072983142887, 0.18636102818457104, 0.3084450075185244], [0.2967446937524396, 0.2737749478073964, 0.1492975226441136, 0.28018283579605024], [0.234062327607788, 0.2574174982450502, 0.24498767387483059, 0.26353250027233105], [0.26172749113175686, 0.23875968146006937, 0.1761852973659335, 0.32332753004224046], [0.20962974106956356, 0.27532200593679723, 0.16988832701534526, 0.3451599259782943], [0.21605916375593928, 0.2898792314801809, 0.21439963212598134, 0.2796619726378986], [0.20751738389220656, 0.3176321726554329, 0.27097987116445243, 0.20387057228790817], [0.22769589689377498, 0.2573269044721564, 0.2252358117827389, 0.28974138685132966], [0.261398429574879, 0.2552737511527227, 0.2149582163449696, 0.2683696029274287], [0.27175591873160043, 0.3218432643399548, 0.16411453387920702, 0.2422862830492378], [0.2989913170453498, 0.22564143300384898, 0.17713995613697361, 0.2982272938138276], [0.2333965947552982, 0.27883379610449993, 0.23216415396593973, 0.25560545517426236], [0.19528169239692492, 0.3429938648947127, 0.24019492291680242, 0.22152951979156005], [0.3053483225472106, 0.2715349489272596, 0.17324838976371737, 0.24986833876181244], [0.22899228369466326, 0.32923193199262735, 0.19697069011280607, 0.24480509419990323], [0.23240512628210008, 0.32108967303665387, 0.21721489375652359, 0.22929030692472266], [0.25345106974496984, 0.29012072821747487, 0.20863657716787912, 0.24779162486967624], [0.24222602227705076, 0.3378176644619239, 0.16706223574953083, 0.25289407751149445], [0.3331070034696318, 0.2472516097405494, 0.16625670695194672, 0.25338467983787205], [0.32436187640059627, 0.23207576676722858, 0.13740371357617684, 0.3061586432559982], [0.25067524809534925, 0.2915585532205469, 0.18054726294909007, 0.27721893573501377], [0.22269984460755102, 0.20931295059741817, 0.20038579437320178, 0.36760141042182887], [0.24525566261765658, 0.2532066546419103, 0.1900158872300512, 0.31152179551038206], [0.19886172146206765, 0.28745441801180566, 0.21213466739880876, 0.3015491931273181], [0.23156179537797258, 0.29469640855662976, 0.1830872146321559, 0.29065458143324174], [0.24326663886090383, 0.2441972686978437, 0.22559566972950773, 0.2869404227117447], [0.25414141470361545, 0.26563852971811985, 0.14555159101154996, 0.3346684645667148], [0.27553317101443375, 0.28062740387128166, 0.16082711598713928, 0.28301230912714553], [0.20809590634908448, 0.3663900271049958, 0.14525905030881772, 0.280255016237102], [0.23092946455478838, 0.2708015338154084, 0.19011501107188095, 0.3081539905579224], [0.2828857396223322, 0.27838570482759173, 0.18471527980061148, 0.254013275749465], [0.258286816960343, 0.23663942527694676, 0.1854805825824058, 0.31959317518030445], [0.27284304654237873, 0.30047703127462133, 0.1908324377206396, 0.23584748446236056], [0.2542684199642766, 0.21685217107081253, 0.19680468991969988, 0.3320747190452111], [0.28486906067060985, 0.2487432494013588, 0.17594183606865194, 0.29044585385937943], [0.2222553574298332, 0.24168856592381044, 0.16725647104828567, 0.36879960559807096], [0.280724476632982, 0.2660815791026152, 0.1857321389857125, 0.26746180527869035], [0.27338867150476664, 0.26028277999278066, 0.2068706690591537, 0.2594578794432991], [0.2208083278792544, 0.31513982488766595, 0.22961777394670146, 0.23443407328637839], [0.22895481077245633, 0.28443290879982064, 0.19501956447458543, 0.29159271595313785], [0.25805947075793667, 0.2523939021356643, 0.19879877541005636, 0.29074785169634293], [0.19243415425999771, 0.2901652401681231, 0.200083110799218, 0.31731749477266136], [0.26953919836928397, 0.26563580322445096, 0.15625840088043236, 0.3085665975258328], [0.2920198327047006, 0.2351226230616834, 0.15374725696960465, 0.31911028726401136], [0.2649970296594496, 0.24928499743156338, 0.21082479981237423, 0.274893173096613], [0.26126181216327665, 0.21758619812631574, 0.2297555746142671, 0.29139641509614056], [0.2070219947712244, 0.34081409987914435, 0.19948686935556206, 0.25267703599406927]]}}