{"test": {"ids": ["99107660", "101112160", "105113620", "104114320", "100109000", "106114280", "101114990", "111116040", "113121950", "103111830", "112116990", "106116120", "112119580", "109120540", "107113260", "106119260", "112118860", "112119500", "97106591", "97107040", "107120260", "107114140", "103112641", "111120220", "108113700", "98111620", "106113830", "100109360", "100111270", "109120560", "100111380", "109116810", "108118060", "105110091", "99109740", "99108710", "101121640", "113121410", "108114360", "107112850", "113118231", "103109641", "105116501", "100116500", "104117200", "101109000", "108116070", "106114880", "98107380", "107117630", "99116500", "108114040", "97107920", "102121700", "103120340", "112117431", "113120260", "98111860", "110118880", "102109840", "107119390", "100111620", "110117200", "102112301", "110120700", "110115890", "113122150", "97105760", "104116441", "112117471", "97106820", "107118520", "112117461", "103113170", "110114651", "106112770", "99112641", "102111990", "111121220", "112116401", "99117630", "99105921", "107114621", "110117110", "102116500", "107118490", "107113130", "101108290", "112116800", "109120621", "108115500", "99107630", "105113440", "98121790", "97114170", "111121410", "102110240", "112119980", "110115580", "112119450", "104116800", "97112290", "112118880", "107115250", "107116501", "103118110", "110118740", "112118161", "103110220", "113119300", "113122510", "99108010", "113119450", "112117660", "103111480", "110118161", "112121430", "105116650", "108118810", "112120700", "109113881", "103110100", "107113200", "105117351", "113122220", "98109311", "110120531", "98111231", "109116170", "112117580", "102107961", "104111780", "108116481", "97106600", "111119150", "99109311", "113121190", "111114171", "102108621", "100109311", "112117780", "109117150"], "labels": [3, 3, 0, 2, 1, 3, 3, 0, 3, 3, 0, 1, 3, 1, 0, 1, 3, 2, 1, 2, 1, 2, 3, 3, 0, 3, 1, 0, 2, 1, 3, 3, 1, 0, 3, 2, 2, 0, 1, 1, 3, 1, 1, 2, 3, 1, 1, 0, 1, 0, 2, 0, 0, 1, 1, 0, 3, 0, 0, 2, 2, 3, 3, 1, 2, 2, 2, 0, 1, 3, 1, 2, 0, 3, 3, 1, 1, 2, 3, 0, 3, 1, 0, 0, 1, 2, 1, 0, 0, 1, 3, 2, 0, 2, 2, 0, 3, 0, 1, 3, 1, 1, 1, 2, 1, 2, 3, 0, 2, 1, 2, 2, 3, 0, 0, 0, 2, 1, 1, 2, 0, 1, 0, 0, 1, 1, 0, 1, 0, 0, 3, 3, 0, 3, 3, 1, 1, 3, 3, 1, 0, 2], "predicted_labels": [1, 1, 1, 0, 1, 3, 1, 3, 1, 3, 0, 0, 3, 3, 1, 3, 3, 1, 3, 1, 1, 1, 3, 0, 0, 1, 3, 0, 2, 3, 0, 0, 0, 1, 1, 3, 2, 3, 0, 3, 1, 3, 3, 1, 1, 3, 2, 3, 3, 3, 3, 1, 1, 0, 3, 1, 1, 1, 1, 1, 3, 0, 0, 3, 1, 1, 3, 3, 1, 3, 3, 3, 0, 3, 3, 3, 0, 1, 3, 0, 3, 0, 3, 1, 2, 1, 2, 0, 3, 3, 0, 3, 1, 2, 0, 1, 0, 3, 0, 3, 3, 3, 3, 3, 3, 2, 0, 0, 1, 0, 1, 1, 3, 3, 0, 3, 0, 1, 1, 1, 3, 0, 3, 3, 3, 3, 3, 0, 0, 1, 3, 0, 3, 3, 3, 0, 3, 0, 3, 3, 0, 1], "confidence_scores": [[0.11266085213627303, 0.3961691875163958, 0.1310469041452741, 0.36012305620205726], [0.12430463445457268, 0.5060205317082167, 0.08748445043338034, 0.2821903834038301], [0.29544148471407883, 0.31756390760002345, 0.1989085847372912, 0.18808602294860644], [0.29616163845064064, 0.28068002095715505, 0.18317162397193934, 0.23998671662026516], [0.1537437183506808, 0.41060638881624745, 0.07490988119912513, 0.3607400116339468], [0.2381798767714058, 0.22582739237693172, 0.24081980493136168, 0.2951729259203008], [0.21349988935591196, 0.41422483007975036, 0.09102675401591322, 0.28124852654842447], [0.2957766122962172, 0.18365786012537916, 0.12043838073863859, 0.40012714683976514], [0.1336660640120655, 0.5186324093895397, 0.12239094795145335, 0.2253105786469416], [0.2332667596477326, 0.28236018937440754, 0.11726403775511406, 0.3671090132227459], [0.3479666086946117, 0.1878701925591457, 0.24283911499170255, 0.22132408375454013], [0.408917605181631, 0.31105357677366813, 0.10074986836978933, 0.17927894967491156], [0.14912913241367204, 0.31472063699604896, 0.1359351374571199, 0.40021509313315917], [0.24122853888194726, 0.2201500624105194, 0.19110817750628886, 0.3475132212012446], [0.18072032733629126, 0.5308909910841534, 0.10289044120568638, 0.18549824037386903], [0.24465193524052004, 0.17676730962841558, 0.13317872124535218, 0.4454020338857122], [0.14233954756283335, 0.24489927022735158, 0.29278933523256173, 0.31997184697725345], [0.1270845214423105, 0.5429503404963661, 0.18139068793410798, 0.1485744501272153], [0.160266627989167, 0.15665490859920667, 0.26120972483682264, 0.42186873857480356], [0.17509110834132943, 0.3457038758098544, 0.305287482394341, 0.1739175334544751], [0.344876503285062, 0.4301395140480375, 0.10143035863086645, 0.12355362403603412], [0.2295913828545365, 0.4004441202102896, 0.17074145218776804, 0.199223044747406], [0.17744045061238795, 0.1590487235009503, 0.26363547317169145, 0.3998753527149702], [0.5150510371255049, 0.21185684497629245, 0.047195003474292584, 0.22589711442391014], [0.5773773564743184, 0.2403106324721579, 0.08952164014856369, 0.09279037090495981], [0.2281490615968323, 0.3012939911219426, 0.20650860310136193, 0.2640483441798633], [0.4066935250608485, 0.08371376824111997, 0.0982622188471656, 0.411330487850866], [0.35023675208312477, 0.18580148508788877, 0.20816175722160032, 0.255800005607386], [0.21383191123750084, 0.2741772763914491, 0.28378162826203607, 0.22820918410901395], [0.10310334708149596, 0.2491903228773219, 0.17042705977309744, 0.4772792702680846], [0.6837718246103864, 0.10732998364924554, 0.053740372054967525, 0.15515781968540046], [0.3668099618484276, 0.20496853787564004, 0.07871905190003486, 0.34950244837589745], [0.36026960390326807, 0.3189601602458574, 0.10887335458623375, 0.21189688126464104], [0.12826283689361967, 0.388136885226535, 0.21359646629505477, 0.2700038115847905], [0.26944405519871767, 0.30684137625780306, 0.16716542385484973, 0.2565491446886295], [0.1976821383456234, 0.19068002767513093, 0.26960131640332463, 0.34203651757592124], [0.22904785644848843, 0.25286245806743446, 0.2595033755922569, 0.25858630989182024], [0.14418973922614764, 0.29749087711461836, 0.15671999509414863, 0.40159938856508537], [0.3473396781853304, 0.2959492352706154, 0.1427700290300033, 0.213941057514051], [0.13201958796697036, 0.151942563331386, 0.14629169706423206, 0.5697461516374116], [0.26102615569969695, 0.32672237811589055, 0.14317991586651524, 0.26907155031789715], [0.25081925969868063, 0.1375194199138254, 0.169896986664245, 0.44176433372324886], [0.32148843871462024, 0.17488989687139644, 0.07502284705338914, 0.4285988173605943], [0.13398429408469598, 0.43220058612006507, 0.1418892805868693, 0.2919258392083697], [0.16266447236742848, 0.38006265323074584, 0.22966761426989135, 0.22760526013193422], [0.20304117804071461, 0.2395357384313582, 0.21344452053689217, 0.343978562991035], [0.1504755586832808, 0.2744923679339939, 0.29040605247080054, 0.2846260209119249], [0.274749496375963, 0.21550710980013305, 0.17869850596563056, 0.3310448878582736], [0.09199861736899105, 0.22836725622123863, 0.049401943699293634, 0.6302321827104767], [0.2569323356362293, 0.31567202156605456, 0.10220147023135011, 0.32519417256636607], [0.09428957399881924, 0.21387222433052525, 0.2985213756571418, 0.3933168260135136], [0.1928362330274133, 0.3273203521770982, 0.15375039373782876, 0.3260930210576597], [0.21411870259691498, 0.4141985923827296, 0.08622975805526907, 0.2854529469650865], [0.3409130019482359, 0.19633127809052758, 0.2111827095888682, 0.25157301037236823], [0.16903729793687627, 0.23669133693680702, 0.20798965578752796, 0.38628170933878886], [0.2120512037171179, 0.40755705433287354, 0.1338945439815698, 0.2464971979684386], [0.18500366294186693, 0.4306305729703711, 0.13344945129950958, 0.2509163127882523], [0.2601401460941276, 0.27060402647503956, 0.2165687401193466, 0.2526870873114863], [0.20748897208689976, 0.44272459416777316, 0.13254111802630997, 0.21724531571901717], [0.26714855735418874, 0.29823442712785925, 0.18127360872944462, 0.25334340678850725], [0.19670254732654208, 0.14391986600241252, 0.30669563037274, 0.3526819562983054], [0.3286845943383923, 0.2608308884179544, 0.10545712516005315, 0.3050273920836002], [0.47006925540082145, 0.19309526310121516, 0.09654274707047561, 0.2402927344274877], [0.23168797752636744, 0.2429779870995861, 0.205273120169572, 0.3200609152044745], [0.15423074465583084, 0.4295944811901186, 0.16640325042778992, 0.24977152372626052], [0.19344452587393257, 0.35929197309123384, 0.17002864421929056, 0.27723485681554294], [0.16621938486603274, 0.22677634903071928, 0.15556264572119927, 0.45144162038204877], [0.19839936625330315, 0.2103582412506192, 0.13131372466364952, 0.4599286678324282], [0.34167582444280326, 0.360488525254496, 0.11227794391448902, 0.18555770638821192], [0.22275010051243585, 0.24785065272478127, 0.0931296824364653, 0.4362695643263176], [0.216001918507823, 0.23228963400966615, 0.202859732573534, 0.34884871490897684], [0.2074315869980058, 0.25382013743118625, 0.1330313408431265, 0.4057169347276815], [0.29687235689326397, 0.20006595174878636, 0.21001976703465458, 0.2930419243232951], [0.09365111233963042, 0.3579652532746644, 0.177256147852735, 0.3711274865329703], [0.22891722500317213, 0.21241706101740754, 0.10230100319779535, 0.45636471078162505], [0.1691726165688899, 0.21843929219857747, 0.1545390826914676, 0.4578490085410651], [0.4322210002977305, 0.24100626324018345, 0.16747907413885724, 0.15929366232322878], [0.2600908515657372, 0.3344029011839044, 0.2014116805842691, 0.20409456666608927], [0.08822138657939582, 0.10088321089459534, 0.08213544305447125, 0.7287599594715377], [0.4383759255813692, 0.1825683242341898, 0.08558626608373364, 0.29346948410070756], [0.25572728762523106, 0.25392526103552154, 0.10184853166157104, 0.38849891967767647], [0.46577327839494315, 0.10111576167407661, 0.22382463692713483, 0.2092863230038455], [0.24103763135321957, 0.2402363835174963, 0.20465355881032188, 0.31407242631896237], [0.24165153414025978, 0.4150017997808103, 0.12070118394606386, 0.22264548213286608], [0.22007790077258185, 0.29819934136852855, 0.34528300264963346, 0.13643975520925625], [0.16973249464339402, 0.4168873778636926, 0.24290294876547236, 0.170477178727441], [0.14605404944736827, 0.1930781413876069, 0.5502622152387994, 0.1106055939262255], [0.4067647758061023, 0.10139739384286814, 0.15780006542479527, 0.3340377649262342], [0.252277013601477, 0.19288052091573937, 0.09692367361699403, 0.4579187918657897], [0.23903491619227005, 0.19302555240406105, 0.10162315209777338, 0.4663163793058956], [0.6002268184065344, 0.19494562783316982, 0.068248960537856, 0.13657859322243987], [0.21148329002997743, 0.10307420666260413, 0.23526467514691174, 0.4501778281605067], [0.18898055201628028, 0.3291915962966485, 0.17755721496293253, 0.3042706367241387], [0.1893568095165601, 0.2224291279748762, 0.31531013779551675, 0.272903924713047], [0.5151033317882387, 0.21946737705699007, 0.11436914588654748, 0.1510601452682237], [0.283703272524419, 0.33418209308456986, 0.10811654812618089, 0.27399808626483046], [0.34088056952293216, 0.3049261590168263, 0.0969194323120527, 0.25727383914818885], [0.3138494263790215, 0.1791324972846002, 0.09080210689806882, 0.4162159694383096], [0.353492544520526, 0.3051534307440664, 0.14486116782161235, 0.19649285691379523], [0.3249880991742749, 0.14626228178990616, 0.11910345185466657, 0.4096461671811524], [0.17975040758892544, 0.24799004523225174, 0.1072430782283622, 0.46501646895046084], [0.23556562602164022, 0.09517334904423827, 0.15009618723928936, 0.5191648376948321], [0.12072578048040734, 0.21451991958905875, 0.30243773061959, 0.3623165693109441], [0.12315981564569989, 0.3014664889101699, 0.21689785108756435, 0.3584758443565657], [0.3232958092015942, 0.2659608530185671, 0.08480582031749762, 0.32593751746234106], [0.15573929693216867, 0.2568018508498853, 0.36142340936610273, 0.22603544285184338], [0.682208703573898, 0.1255574047858492, 0.05919873174538526, 0.13303515989486764], [0.3710386045165059, 0.3641960791266764, 0.07903039871324175, 0.18573491764357597], [0.20149625334251797, 0.35872707019793076, 0.11522970343012043, 0.32454697302943086], [0.3991133016990583, 0.21055383709405942, 0.10470653099457762, 0.28562633021230455], [0.1879007253680573, 0.4926153971369312, 0.16412286479383908, 0.15536101270117256], [0.2499768984706845, 0.3942042569631001, 0.12467439009286596, 0.2311444544733494], [0.1825641053694572, 0.17097327408552856, 0.10072143940589738, 0.5457411811391168], [0.2849537271430346, 0.260134826005535, 0.1262004450954072, 0.32871100175602336], [0.4118367445229965, 0.24553694536329632, 0.12543852260370883, 0.2171877875099983], [0.16887326744454062, 0.20488475185442412, 0.06365173268469686, 0.5625902480163384], [0.2960332292878459, 0.26248933433274046, 0.1472152842851792, 0.2942621520942345], [0.21143149746896914, 0.44009841399176514, 0.15701981393483955, 0.1914502746044262], [0.2843764594269461, 0.3893964950771501, 0.092585629244497, 0.23364141625140675], [0.1308686460218727, 0.4844056689895352, 0.17700669023555116, 0.20771899475304112], [0.14548036076210738, 0.23962307846291586, 0.14527870733861167, 0.46961785343636514], [0.5145348921441537, 0.12115061405021199, 0.17809207276613365, 0.18622242103950068], [0.204390634628085, 0.313478667485546, 0.11951988312978859, 0.3626108147565807], [0.3355569039151652, 0.08686441456895107, 0.08129496954461692, 0.49628371197126697], [0.17889816027892236, 0.1827219627445141, 0.24547852248928234, 0.39290135448728125], [0.16314075720978827, 0.21165752917227473, 0.24481159356308646, 0.38039012005485057], [0.25274309357343805, 0.2102897874624518, 0.10110151922216461, 0.4358655997419455], [0.3822677913402112, 0.16346690288459095, 0.12979745634119, 0.3244678494340079], [0.3082919457950864, 0.1682575322862881, 0.23025914000474101, 0.29319138191388444], [0.20048160727224254, 0.4001482787129259, 0.1401139040638378, 0.25925620995099374], [0.17467393587745922, 0.11228982087526321, 0.135971903664267, 0.5770643395830107], [0.3915891361343726, 0.19811133819621554, 0.11326142785498347, 0.2970380978144284], [0.2906800257429761, 0.2343266388983477, 0.0909910619753309, 0.38400227338334525], [0.14596294518957598, 0.21477584326945034, 0.23425289316380996, 0.4050083183771637], [0.2579421959875616, 0.22652124775898286, 0.20477250309000758, 0.310764053163448], [0.5630754129443314, 0.16364685698082865, 0.11913851364783563, 0.15413921642700448], [0.3016636311061355, 0.1318166387499726, 0.2246653833224725, 0.3418543468214195], [0.409856563596996, 0.2205870061662086, 0.09496096882254562, 0.27459546141424995], [0.30551871885702225, 0.20642527225469623, 0.0915373649464093, 0.3965186439418722], [0.2471180449247869, 0.26006096349003044, 0.17819234139384563, 0.314628650191337], [0.43548970957360594, 0.11353572299536395, 0.16061306706387685, 0.29036150036715325], [0.235419970373273, 0.40549867264714323, 0.09601984348007349, 0.2630615134995104]]}, "rewritten": {"ids": ["97105760", "97106591", "97106600", "97106820", "97107040", "97107920", "97112290", "97114170", "98107380", "98109311", "98111231", "98111620", "98111860", "98121790", "99105921", "99107630", "99107660", "99108010", "99108710", "99109311", "99109740", "99112641", "99116500", "99117630", "100109000", "100109311", "100109360", "100111270", "100111380", "100111620", "100116500", "101108290", "101109000", "101112160", "101114990", "101121640", "102107961", "102108621", "102109840", "102110240", "102111990", "102112301", "102116500", "102121700", "103109641", "103110100", "103110220", "103111480", "103111830", "103112641", "103113170", "103118110", "103120340", "104111780", "104114320", "104116441", "104116800", "104117200", "105110091", "105113440", "105113620", "105116501", "105116650", "105117351", "106112770", "106113830", "106114280", "106114880", "106116120", "106119260", "107112850", "107113130", "107113200", "107113260", "107114140", "107114621", "107115250", "107116501", "107117630", "107118490", "107118520", "107119390", "107120260", "108113700", "108114040", "108114360", "108115500", "108116070", "108116481", "108118060", "108118810", "109113881", "109116170", "109116810", "109117150", "109120540", "109120560", "109120621", "110114651", "110115580", "110115890", "110117110", "110117200", "110118161", "110118740", "110118880", "110120531", "110120700", "111114171", "111116040", "111119150", "111120220", "111121220", "111121410", "112116401", "112116800", "112116990", "112117431", "112117461", "112117471", "112117580", "112117660", "112117780", "112118161", "112118860", "112118880", "112119450", "112119500", "112119580", "112119980", "112120700", "112121430", "113118231", "113119300", "113119450", "113120260", "113121190", "113121410", "113121950", "113122150", "113122220", "113122510"], "labels": [0, 1, 3, 1, 2, 0, 1, 2, 1, 1, 1, 3, 0, 2, 1, 2, 3, 2, 2, 1, 3, 1, 2, 3, 1, 1, 0, 2, 3, 3, 2, 0, 1, 3, 3, 2, 3, 3, 2, 3, 2, 1, 1, 1, 1, 1, 2, 0, 3, 3, 3, 2, 1, 3, 2, 1, 1, 3, 0, 0, 0, 1, 1, 0, 1, 1, 3, 0, 1, 1, 1, 1, 0, 0, 2, 0, 2, 1, 0, 2, 2, 2, 1, 0, 0, 1, 3, 1, 0, 1, 1, 0, 0, 3, 2, 1, 1, 1, 3, 1, 2, 0, 3, 0, 3, 0, 0, 2, 3, 0, 3, 3, 3, 0, 0, 0, 0, 0, 0, 3, 0, 0, 0, 0, 3, 1, 3, 2, 3, 0, 2, 2, 3, 1, 3, 3, 1, 0, 3, 2, 1, 2], "predicted_labels": [1, 3, 3, 2, 2, 3, 1, 3, 3, 3, 0, 3, 1, 0, 0, 3, 1, 2, 3, 1, 3, 0, 0, 1, 1, 0, 0, 1, 1, 0, 3, 3, 3, 0, 1, 3, 3, 3, 3, 3, 0, 3, 0, 3, 3, 3, 3, 3, 3, 2, 1, 3, 0, 1, 1, 1, 3, 3, 1, 2, 3, 3, 0, 3, 3, 3, 2, 1, 0, 0, 3, 1, 3, 1, 1, 3, 1, 1, 1, 1, 1, 2, 0, 1, 3, 1, 1, 3, 3, 1, 0, 3, 3, 3, 3, 1, 3, 3, 3, 3, 2, 2, 0, 3, 3, 1, 3, 1, 1, 3, 1, 3, 3, 3, 0, 1, 0, 1, 3, 3, 1, 0, 3, 0, 3, 1, 0, 1, 3, 0, 1, 0, 1, 3, 3, 0, 3, 3, 2, 2, 3, 1], "confidence_scores": [[0.2433361862421565, 0.34597709135041665, 0.16834053424130757, 0.24234618816611941], [0.23247290374382, 0.20952002716588466, 0.15059324701061663, 0.4074138220796787], [0.19473651597393907, 0.28312988644536946, 0.057225869548322164, 0.4649077280323693], [0.17914744331543478, 0.19285503359564882, 0.34085923218455005, 0.28713829090436643], [0.17837318331629273, 0.22124944447603, 0.34398113791770113, 0.256396234289976], [0.33545547406205245, 0.18027591600435397, 0.08503576053096977, 0.39923284940262405], [0.20000900957634757, 0.329509732361567, 0.14753268593286997, 0.3229485721292154], [0.15924791269147992, 0.22367557180813333, 0.1185604140949866, 0.4985161014054003], [0.15676840234249959, 0.26580657405984287, 0.14545944785645173, 0.43196557574120564], [0.2821316645667676, 0.27089900908276415, 0.13514762553759918, 0.3118217008128691], [0.36037478007483176, 0.1606174401991621, 0.25949561766189466, 0.21951216206411167], [0.17392195214752418, 0.22050395037921894, 0.17776481896576507, 0.42780927850749173], [0.19879394672657943, 0.40613166763394404, 0.13176415002357317, 0.2633102356159035], [0.41181333122324704, 0.2627942712530276, 0.10181999783784582, 0.2235723996858795], [0.7208687067001575, 0.09453539613384583, 0.09313445358232958, 0.09146144358366737], [0.2756508498897168, 0.1217185517842105, 0.17033135021047957, 0.432299248115593], [0.18214416073729334, 0.5168955595600123, 0.11125547674028088, 0.18970480296241357], [0.16822279820305727, 0.21775422935048933, 0.5175120342458123, 0.09651093820064116], [0.2683337883904833, 0.19794484101111998, 0.160462685138949, 0.37325868545944785], [0.23808693128978617, 0.31430840282524736, 0.1724750557288922, 0.2751296101560744], [0.1998616121241084, 0.2781719922570273, 0.14902969285923218, 0.37293670275963225], [0.5058706359419775, 0.1598754803904894, 0.14141093312265324, 0.19284295054487996], [0.4780933883621567, 0.15269640847822616, 0.11712613703876278, 0.2520840661208542], [0.12287974458795395, 0.4300491829564354, 0.2575616109107699, 0.18950946154484077], [0.21508789017011853, 0.551681467705791, 0.09569236511716107, 0.1375382770069294], [0.36885481959613603, 0.2398911206349383, 0.18323748452378072, 0.2080165752451449], [0.29775075858141326, 0.26988093423502996, 0.1474254760916655, 0.28494283109189117], [0.15661218666006307, 0.4554578334258562, 0.21264082605681414, 0.17528915385726646], [0.2655749669614374, 0.4437466417440403, 0.0630272055682803, 0.22765118572624202], [0.32637633775917596, 0.25735058505148506, 0.17970080490189697, 0.23657227228744196], [0.15942214204485672, 0.1373520837657875, 0.19506865812130292, 0.5081571160680529], [0.18850671193325724, 0.24200056159734956, 0.11677681809881857, 0.45271590837057457], [0.2078385405171086, 0.2247772718244529, 0.20955472922313767, 0.35782945843530095], [0.47473858209678366, 0.16223591131797757, 0.18219057969532162, 0.1808349268899172], [0.2828038103860387, 0.34365937456651097, 0.11888283011562277, 0.2546539849318277], [0.2589886508459851, 0.21961691896518207, 0.17551219941257556, 0.3458822307762573], [0.18500385529412827, 0.3571460609167577, 0.06254062590868885, 0.3953094578804252], [0.28099720559288327, 0.2892876194953636, 0.08747661556686437, 0.34223855934488856], [0.2495036790565735, 0.23390256633661125, 0.2179439145396432, 0.2986498400671721], [0.17875647687689708, 0.2933954201169599, 0.13744609395635526, 0.39040200904978767], [0.6073673175038249, 0.18616033239490157, 0.07409413914042205, 0.13237821096085156], [0.20806705596095046, 0.16991067841754534, 0.2789754701733787, 0.34304679544812544], [0.38491285056392716, 0.2730651871046863, 0.1646303744658243, 0.17739158786556214], [0.11211229939915525, 0.2659392906974626, 0.1530860048787051, 0.4688624050246769], [0.22532502667384205, 0.10819735928961006, 0.29016516317727953, 0.37631245085926845], [0.16441320878910357, 0.04961287013205281, 0.1297923693928565, 0.6561815516859871], [0.14996513907132705, 0.24698834857128177, 0.2787139461987058, 0.32433256615868533], [0.19084826739228358, 0.1710097438073932, 0.2881887822420449, 0.3499532065582782], [0.17197079291010944, 0.16774353793763022, 0.15851393922735627, 0.5017717299249043], [0.10607351841049305, 0.2830563441947022, 0.3838547604614757, 0.2270153769333291], [0.12668094664659743, 0.519963860949529, 0.11633405160059143, 0.23702114080328218], [0.14005758681267416, 0.1048655456721212, 0.08004613035849086, 0.6750307371567138], [0.35083013516598, 0.16816007147371217, 0.16369732054326813, 0.3173124728170398], [0.2952361317298899, 0.37247104408604914, 0.0893290298032612, 0.24296379438079976], [0.14035141466757586, 0.5979152175815446, 0.12312277075061773, 0.1386105970002618], [0.3304563347907098, 0.3589759696268738, 0.14148212681992023, 0.1690855687624963], [0.21397600338343095, 0.3042617527491999, 0.10490771564112791, 0.3768545282262412], [0.1470695472685745, 0.2777045314728234, 0.2804064743345108, 0.29481944692409123], [0.17893483657994957, 0.33548041489169683, 0.23991563183617784, 0.24566911669217592], [0.2400546655430333, 0.15838635864747788, 0.33303075668110865, 0.26852821912838004], [0.27942641245742017, 0.1382540142990297, 0.19883541242796432, 0.3834841608155858], [0.28881988813596277, 0.1650156263858997, 0.06269441760083937, 0.48347006787729824], [0.3360981280076639, 0.30973133387457, 0.11966122421120018, 0.234509313906566], [0.3548409272097507, 0.059923205361774735, 0.0669632955260347, 0.5182725719024399], [0.2063973089643452, 0.17607539680932668, 0.30393089514126337, 0.3135963990850647], [0.32173850185269104, 0.1641956678342025, 0.12669190310025424, 0.3873739272128522], [0.21664613470059105, 0.19675955664358583, 0.41427391778636646, 0.17232039086945664], [0.27648705502188053, 0.38441654660371494, 0.10474333931632213, 0.23435305905808243], [0.38081770738926496, 0.17102398856715031, 0.1785944569555816, 0.2695638470880032], [0.42125520032195435, 0.19770588261461972, 0.12548278245695405, 0.25555613460647186], [0.14197553157093942, 0.2264403572213201, 0.19245200655365421, 0.43913210465408614], [0.20730513075706675, 0.46071278154360557, 0.19024441875742773, 0.14173766894189982], [0.17886647861422153, 0.13744680905145618, 0.09024040833067361, 0.5934463040036487], [0.2415846980977064, 0.33742812891842633, 0.14259606443820283, 0.27839110854566457], [0.13384997184433584, 0.48615761155630666, 0.11401110217894606, 0.26598131442041134], [0.2153610501624119, 0.22002112298820867, 0.0886353070660435, 0.4759825197833359], [0.2518533921995925, 0.34330736124466504, 0.07358627746526662, 0.33125296909047564], [0.17124637084250313, 0.37932937655495996, 0.0727912664885647, 0.37663298611397217], [0.224250463053155, 0.3296570779989702, 0.14234595074064885, 0.30374650820722615], [0.24443154083027216, 0.33923156102561397, 0.14540383943937837, 0.27093305870473544], [0.11614600918196438, 0.47147744272734265, 0.09355630383589224, 0.31882024425480077], [0.17339964953099754, 0.20610280193720387, 0.3604813153097659, 0.2600162332220328], [0.5103485812945888, 0.2743431399471605, 0.09992825881385785, 0.11538001994439284], [0.3528696456882037, 0.3971655589714014, 0.11008529525151145, 0.13987950008888356], [0.1958475832215702, 0.32561058636577184, 0.10249821822360242, 0.37604361218905563], [0.26746812569392975, 0.5170984457137435, 0.06894135442052741, 0.14649207417179924], [0.2078150762310471, 0.435828548948088, 0.17811710107267764, 0.17823927374818727], [0.18625049269257393, 0.29786856394667355, 0.15282452726090684, 0.3630564160998458], [0.2022807817398557, 0.1106056186734824, 0.08465394359955947, 0.6024596559871025], [0.30360569490395223, 0.3579337255564173, 0.09340089474503672, 0.24505968479459375], [0.32796425298555376, 0.2847968923915184, 0.09180861975552405, 0.29543023486740383], [0.2590955862411403, 0.27531198492270026, 0.19026566279401455, 0.2753267660421449], [0.1716856774524515, 0.1091286286780236, 0.08549399729951108, 0.6336916965700139], [0.2323251843633239, 0.2893236370838715, 0.10024241748780302, 0.3781087610650015], [0.1718941065283739, 0.1513777175804856, 0.3131327877550539, 0.3635953881360867], [0.22251643899135318, 0.40029133566990754, 0.14755205938625715, 0.22964016595248213], [0.11597549082727981, 0.1692028053054519, 0.11467820891221613, 0.6001434949550521], [0.11148532800053286, 0.10820852553026879, 0.05627499850296599, 0.7240311479662326], [0.20639072325277757, 0.25842286075631843, 0.10014320934586328, 0.4350432066450407], [0.3209398439659495, 0.199349795332146, 0.11702033456797123, 0.3626900261339335], [0.10193579442317206, 0.20308473523092194, 0.3822885352494745, 0.31269093509643175], [0.2534059770398696, 0.23682180143345627, 0.34790101476927204, 0.161871206757402], [0.43002116929453577, 0.1659871767829142, 0.10007275583083926, 0.30391889809171074], [0.2611180762004651, 0.2400699067206621, 0.08074139617537575, 0.41807062090349695], [0.3455387062203074, 0.17907093595684212, 0.09886412344591167, 0.3765262343769389], [0.19293023958066924, 0.4627958206567062, 0.1007604830197181, 0.24351345674290656], [0.2510823931717092, 0.16993398011761499, 0.1135189924310616, 0.4654646342796142], [0.2441403649062153, 0.4804745638268106, 0.08564112932222588, 0.18974394194474817], [0.31838561413258015, 0.4510745873647829, 0.051163593983900794, 0.17937620451873612], [0.17522300863210225, 0.17305930028964814, 0.18993013995277583, 0.46178755112547376], [0.32415445854278313, 0.3389866164247028, 0.15778634270746528, 0.17907258232504888], [0.33910613819918445, 0.2529870563872495, 0.05971677450256462, 0.3481900309110014], [0.26193857047664004, 0.17230785369748108, 0.046991251281489434, 0.5187623245443895], [0.22631957892470697, 0.22276123278188395, 0.11415744100151765, 0.43676174729189154], [0.35783794887426335, 0.2534736140550783, 0.09970518906672339, 0.288983248003935], [0.15266614247365573, 0.5795173072259951, 0.13161652319663, 0.13620002710371903], [0.3338212911866032, 0.17145026169538857, 0.21481519914228175, 0.27991324797572653], [0.12679972891507846, 0.6507320316908405, 0.09926945410042118, 0.1231987852936597], [0.28941752096162227, 0.1009815565551944, 0.23896749244509569, 0.3706334300380877], [0.20197902297810738, 0.33213720569351757, 0.12250461469873469, 0.3433791566296405], [0.13442571850889842, 0.46974186549876545, 0.06628507657939631, 0.32954733941293995], [0.3144060356315493, 0.18736431271309106, 0.1846994637955301, 0.3135301878598297], [0.31408195095752145, 0.16895953119520074, 0.17284971336445026, 0.3441088044828275], [0.6978994986989767, 0.14957455845398762, 0.054995895909114044, 0.09753004693792164], [0.24991324217863303, 0.3085672724609569, 0.07317730441105035, 0.3683421809493598], [0.18522044151976405, 0.3780462471283915, 0.204546757618151, 0.2321865537336934], [0.42915764758605934, 0.09923357349682026, 0.10924442052449447, 0.36236435839262604], [0.17156903248914845, 0.4120618253530963, 0.17832791762800404, 0.23804122452975113], [0.17878493775363094, 0.3003566216655232, 0.1735640599500721, 0.3472943806307737], [0.5029075679748326, 0.1644265297516948, 0.12459133572870223, 0.20807456654477052], [0.17471179296071648, 0.39618287386266315, 0.19925010121471376, 0.22985523196190666], [0.451012287386846, 0.2235548872349614, 0.11609207386360396, 0.20934075151458872], [0.1946668570009546, 0.5794389051839225, 0.07460562807519903, 0.15128860973992383], [0.25709890975810995, 0.211101580229192, 0.07215896608172176, 0.4596405439309762], [0.17804557450148925, 0.2761495370722597, 0.20021350545090486, 0.3455913829753464], [0.35697223354502955, 0.17564869298870703, 0.15713383938740566, 0.3102452340788579], [0.16038261394506192, 0.09457998306341774, 0.13710018335051832, 0.6079372196410021], [0.2338101469511695, 0.20203530175888562, 0.12463847275664909, 0.43951607853329594], [0.15776564219075787, 0.2865537848567642, 0.37753059839393993, 0.17814997455853807], [0.16485436783809596, 0.19915537715920237, 0.40303845128884985, 0.23295180371385202], [0.2274353087696312, 0.19113182473929252, 0.1427653998954535, 0.4386674665956227], [0.13877209099621482, 0.4390236246397665, 0.25506633863465233, 0.16713794572936638]]}}