{"test": {"ids": ["102109840", "100116500", "98119591", "98111860", "109120150", "107113180", "111118301", "107120260", "110115980", "105117200", "108115250", "100109910", "111121351", "102117351", "106114150", "97116410", "112116990", "108115880", "104109311", "101108580", "102121440", "97106770", "97113900", "109119450", "102110050", "110116170", "97109080", "109113931", "102118380", "107114140", "113122430", "111118910", "97105451", "104118070", "101108121", "112119580", "113118870", "98107010", "108113760", "103113210", "111117120", "108117610", "108118301", "99107300", "106113260", "102121700", "100109801", "109119340", "113121980", "113118111", "105120280", "97106820", "97107950", "101111310", "98109230", "109114030", "100109311", "112117780", "110118301", "104118340", "110118880", "108120280", "105118171", "112119950", "99108010", "100108520", "107118490", "102109910", "98108520", "102112250", "110120540", "105113620", "109121410", "98108410", "107118120", "113119360", "111121930", "102110890", "103111990", "112117431", "103120730", "101112540", "107114621", "112119450", "100109000", "98112580", "110114920", "99107630", "99111440", "110121450", "111116100", "105113170", "98106680", "101114020", "101113210", "99116500", "102116500", "100110050", "97105960", "105119550", "98107210", "97107681", "97105580", "103109641", "104113000", "109114720", "98106560", "112117580", "110114610", "109119591", "100109360", "110117110", "108114270", "112121360", "99111340", "101114990", "99108520", "100117420", "103110760", "99109860", "111119340", "97116500", "99111620", "108114180", "107115140", "101117580", "112118930", "113119120", "98109570", "109113281", "111120260", "111119930", "109115380", "112119320", "101112690", "113120830", "103111830", "113122220", "109118231", "102113981", "98112300", "97106600"], "labels": [2, 2, 1, 0, 2, 3, 3, 1, 1, 3, 1, 2, 0, 1, 1, 3, 0, 3, 3, 0, 2, 3, 2, 3, 3, 0, 2, 1, 1, 2, 2, 0, 0, 2, 0, 3, 0, 3, 1, 3, 2, 3, 1, 3, 3, 1, 0, 3, 2, 1, 3, 1, 2, 3, 1, 1, 1, 0, 1, 2, 0, 3, 3, 0, 2, 2, 2, 2, 2, 0, 1, 0, 0, 1, 3, 0, 1, 0, 2, 0, 1, 2, 0, 3, 1, 2, 3, 2, 3, 3, 3, 0, 1, 3, 3, 2, 1, 3, 2, 1, 1, 3, 1, 1, 1, 0, 1, 0, 1, 0, 0, 0, 3, 3, 1, 3, 2, 2, 1, 2, 3, 2, 3, 1, 0, 3, 1, 3, 1, 0, 3, 1, 3, 1, 1, 3, 3, 1, 1, 1, 2, 3], "predicted_labels": [1, 1, 1, 2, 2, 2, 3, 1, 3, 1, 2, 2, 0, 3, 0, 2, 0, 0, 3, 0, 1, 2, 2, 1, 1, 0, 1, 0, 1, 1, 1, 3, 0, 2, 3, 1, 3, 0, 0, 0, 1, 0, 3, 0, 0, 1, 3, 1, 3, 3, 1, 0, 3, 1, 2, 3, 3, 0, 1, 1, 3, 3, 3, 0, 1, 3, 1, 3, 0, 3, 1, 1, 3, 1, 1, 0, 0, 2, 1, 1, 0, 2, 3, 3, 3, 3, 1, 3, 3, 0, 0, 3, 1, 3, 1, 1, 2, 3, 2, 0, 2, 3, 0, 3, 0, 2, 3, 3, 2, 1, 3, 1, 0, 0, 1, 1, 1, 2, 0, 1, 0, 0, 3, 3, 3, 3, 0, 3, 3, 3, 0, 0, 1, 2, 1, 3, 3, 3, 1, 1, 3, 2], "confidence_scores": [[0.21257707817904253, 0.3562420901148338, 0.2115806791499484, 0.219600152556175], [0.23335837992967515, 0.2982799324773292, 0.19181738583044905, 0.2765443017625466], [0.27769099268518366, 0.28409664357680076, 0.15797836392414003, 0.28023399981387564], [0.15108310403984473, 0.3056719450700428, 0.3619441827580136, 0.18130076813209867], [0.1482944982411248, 0.25970045002552483, 0.40010939660262357, 0.19189565513072668], [0.18132962120656246, 0.30845062943714646, 0.2982456425876842, 0.211974106768607], [0.2881502443492085, 0.23064057526409676, 0.14532123490886445, 0.33588794547783046], [0.29913040202524194, 0.3337470621934776, 0.1609924456893114, 0.20613009009196867], [0.2491650305798583, 0.2614317750060409, 0.14055943058257284, 0.34884376383152793], [0.2463205433756394, 0.31084263505654613, 0.17891359803612147, 0.263923223531693], [0.184428213653358, 0.27248898389614906, 0.2886154377068343, 0.25446736474365883], [0.14271385694710195, 0.24514353262514005, 0.4789164538491012, 0.13322615657865686], [0.30406279858647656, 0.28676206762464246, 0.11891969451203974, 0.290255439276841], [0.2778862481302989, 0.2852524810530338, 0.10664958799882689, 0.3302116828178402], [0.2618772947513539, 0.24535672490108978, 0.2286892176441376, 0.26407676270341895], [0.2116078116837309, 0.2497086046485485, 0.2809048030246991, 0.2577787806430214], [0.34983974210714536, 0.17319666333638387, 0.1589793521290992, 0.31798424242737167], [0.2785775142896988, 0.2800224904521519, 0.17456635307332244, 0.26683364218482697], [0.318877057164539, 0.24644611800326197, 0.059279388676705264, 0.37539743615549354], [0.3009245015582313, 0.17210959253133004, 0.2732457633228212, 0.25372014258761744], [0.20718145102553986, 0.31769314811191934, 0.19198393653718765, 0.2831414643253533], [0.24384910831421935, 0.20713300557159453, 0.34834798858214777, 0.2006698975320385], [0.2095066920222853, 0.2810772813851457, 0.35741829079878745, 0.15199773579378156], [0.1278851364893881, 0.3083924104354795, 0.2755608338786224, 0.28816161919650984], [0.2027857902549573, 0.2884698220484348, 0.2416513782864624, 0.2670930094101456], [0.3124713118500854, 0.24163735467336422, 0.1470617881695669, 0.29882954530698325], [0.25121077429054767, 0.3129614090607534, 0.13071811134468106, 0.30510970530401793], [0.3144270248997185, 0.2901878246208796, 0.07617531154591897, 0.319209838933483], [0.1830086096625492, 0.33044482578567774, 0.271079465900411, 0.21546709865136215], [0.1928276177908174, 0.4080862406270846, 0.14289155576885046, 0.2561945858132476], [0.20473909121539283, 0.3344285704529881, 0.14383754868496712, 0.31699478964665206], [0.2685639230121802, 0.2582264966896696, 0.13852242030578957, 0.33468715999236065], [0.3766422263148719, 0.21599375031313878, 0.08355461839078807, 0.3238094049812014], [0.1325900793835726, 0.29013403839902313, 0.4244732147281341, 0.15280266748927035], [0.267930586742016, 0.28750452099958906, 0.14147944126798784, 0.3030854509904069], [0.21452687916785193, 0.31185759767977717, 0.1758845538501232, 0.2977309693022479], [0.22238385038677205, 0.30161153392411205, 0.1317320358159689, 0.34427257987314674], [0.2989331126798681, 0.2685275815851724, 0.14721464814731017, 0.28532465758764936], [0.324354992265421, 0.2826051743780557, 0.11449059215199105, 0.278549241204532], [0.27435606499873094, 0.2830019569711115, 0.2308938678794693, 0.2117481101506883], [0.2475472420091964, 0.33379570222582516, 0.14746169655064462, 0.27119535921433396], [0.353217337330431, 0.22374831029236644, 0.06976063394777815, 0.35327371842942445], [0.2715083003306696, 0.27551482493443435, 0.10383638997632845, 0.3491404847585677], [0.31562955386037983, 0.2857312429896324, 0.10068994873634, 0.29794925441364795], [0.3219833860328189, 0.3058296850359723, 0.16143355569184872, 0.21075337323936041], [0.3013879931740724, 0.33540471370062436, 0.10924413793109418, 0.2539631551942089], [0.2462310639593624, 0.3123350725321934, 0.11899743915012988, 0.3224364243583142], [0.26684902980728026, 0.26745530035743037, 0.19221877353328096, 0.27347689630200833], [0.2129051186899983, 0.3149649845539062, 0.14796451750737924, 0.32416537924871647], [0.250547361595125, 0.252946303502639, 0.12696182918318777, 0.36954450571904834], [0.193598019802516, 0.30597067652231563, 0.2285177047851819, 0.27191359888998656], [0.3228326779861846, 0.2148878893911646, 0.17224200125880826, 0.2900374313638425], [0.22724802016119364, 0.24357424092933877, 0.21590818500232156, 0.31326955390714606], [0.23899448439507454, 0.3303331121955262, 0.18239328631072635, 0.24827911709867342], [0.2223543898632313, 0.22064308496517165, 0.3288721067729449, 0.22813041839865222], [0.2277116326317138, 0.22916302995085205, 0.21026857758374456, 0.3328567598336897], [0.31580430796729714, 0.2524739085096058, 0.06252971926061104, 0.36919206426248613], [0.3261654552420845, 0.27637481451539775, 0.10624890071995467, 0.2912108295225631], [0.2255659767164393, 0.38467979008444414, 0.10757186626806671, 0.2821823669310501], [0.1732946709331093, 0.36669980710156475, 0.23462270530024423, 0.22538281666508195], [0.279475514544164, 0.3223009466401725, 0.07471158770578222, 0.3235119511098812], [0.3045485870982825, 0.22609551980505282, 0.11139858856828735, 0.3579573045283771], [0.2748136716865631, 0.311594926078324, 0.09174466470111964, 0.32184673753399323], [0.36681564775455744, 0.22054856591647856, 0.06542276151383199, 0.34721302481513205], [0.17025773832674665, 0.3225210817640012, 0.27194719162313935, 0.2352739882861126], [0.2883310559670573, 0.22477235928943762, 0.12131704888998787, 0.3655795358535172], [0.2184073205024699, 0.33302862582824905, 0.2107172157453382, 0.23784683792394254], [0.27416206263551335, 0.2660998500578578, 0.15890376993286304, 0.30083431737376554], [0.3066565440735302, 0.2849836670472536, 0.12086658317336386, 0.28749320570585246], [0.24588783978562814, 0.1691256840958513, 0.2592815445769414, 0.3257049315415788], [0.17526435272041424, 0.3294429961465295, 0.2735651307334668, 0.2217275203995892], [0.2167646880856608, 0.33708830324177436, 0.18710465962124007, 0.25904234905132506], [0.24116726465426222, 0.2589851789307131, 0.1541410538770597, 0.3457065025379651], [0.30298980849280266, 0.3281458964331414, 0.1085738157997563, 0.26029047927429966], [0.2346057069733407, 0.36311731023137095, 0.13782608381808306, 0.2644508989772053], [0.29931161808499307, 0.28275091400551644, 0.11531825544074034, 0.30261921246875023], [0.42740478686108874, 0.2263075361619494, 0.07080202628542998, 0.2754856506915319], [0.24750131590896993, 0.16490020002429154, 0.32315281900002135, 0.2644456650667174], [0.26563645725325613, 0.3618578776505586, 0.1531259939384318, 0.21937967115775361], [0.2590017956762616, 0.3018822838709503, 0.17851270296661795, 0.26060321748616966], [0.3133368779799923, 0.29371007429868773, 0.1061061619500213, 0.2868468857712986], [0.1906108687546649, 0.2531810297520568, 0.30003057065112193, 0.2561775308421562], [0.20606022551017855, 0.30663887851102045, 0.138426260909363, 0.34887463506943794], [0.3012301783150914, 0.23118396779278816, 0.10560948891637793, 0.3619763649757423], [0.23509047415796616, 0.2388993991975241, 0.2564056982737287, 0.2696044283707811], [0.2231498712677984, 0.2695802251939742, 0.20995428187273132, 0.29731562166549624], [0.245983465299012, 0.3604484258316035, 0.14389007969307271, 0.24967802917631185], [0.31593513084691954, 0.19443415803093683, 0.1492646262266853, 0.3403660848954587], [0.23928210887082219, 0.23475092906586362, 0.24504244900945618, 0.2809245130538579], [0.31085637545906364, 0.29098948925730617, 0.10543594843634384, 0.29271818684728623], [0.302419396434431, 0.3057273262991596, 0.13583141881461525, 0.25602185845179437], [0.2569803311480994, 0.25703844354490035, 0.11224132829040263, 0.3737398970165975], [0.15228195090186677, 0.36192972420884767, 0.30075737084511267, 0.18503095404417289], [0.2735706870332131, 0.23295246852607437, 0.1930177838079786, 0.30045906063273375], [0.2654710463722807, 0.3198264950416759, 0.12567878230917592, 0.2890236762768674], [0.11255313826681478, 0.4211916576783979, 0.2239710700883418, 0.24228413396644516], [0.2080561073307597, 0.21744190103512412, 0.33869127634821466, 0.23581071528590145], [0.15012353129533446, 0.2960909244520242, 0.22709079371159477, 0.3266947505410467], [0.1950059817439784, 0.21559315497309875, 0.31732722113828343, 0.27207364214463936], [0.35553423498597236, 0.2625426436450127, 0.07995515081630951, 0.3019679705527057], [0.17918396991642607, 0.26057557339228526, 0.31173440141831205, 0.24850605527297667], [0.2218406224510742, 0.19930857510908492, 0.23611728634812, 0.3427335160917209], [0.35558299086113826, 0.23924058045349172, 0.1561903683038797, 0.24898606038149035], [0.2014432706465227, 0.24169436644602776, 0.17924750168183637, 0.3776148612256131], [0.3630748231875531, 0.17992225574792092, 0.1275635266489633, 0.32943939441556236], [0.12242089570711386, 0.27385626215608233, 0.33376727799645795, 0.2699555641403456], [0.2808693686628857, 0.25953609164257807, 0.14238440443843467, 0.3172101352561012], [0.2834484578068701, 0.21524475564268214, 0.18912127355604075, 0.3121855129944072], [0.15452214141106843, 0.33375143183073813, 0.35381356855182206, 0.15791285820637116], [0.25156879377087005, 0.28088085414347275, 0.23252330887124004, 0.23502704321441723], [0.2740781851176499, 0.20961172568882017, 0.2026375882705413, 0.31367250092298854], [0.14276475298513452, 0.3482926337505211, 0.3087104750426797, 0.20023213822166439], [0.35902432250918176, 0.18479241664761392, 0.09388265017630694, 0.3623006106668976], [0.3517325465541545, 0.2537505708526235, 0.11661608910109804, 0.277900793492124], [0.19331349435063896, 0.3195194718007939, 0.20020818408133276, 0.2869588497672346], [0.1787531757593204, 0.3790943016940572, 0.19281553729895207, 0.24933698524767028], [0.1845260431748957, 0.35711356242552705, 0.29207308859284914, 0.166287305806728], [0.1303088869489495, 0.22141715276399287, 0.447522894516026, 0.20075106577103127], [0.2953937725421706, 0.28275852662862744, 0.126438500095421, 0.29540920073378085], [0.21728404159593104, 0.2801247988992401, 0.24966271080954236, 0.2529284486952862], [0.3092441783513248, 0.3024395876666882, 0.08547688120344214, 0.30283935277854507], [0.2406991224810957, 0.2724772617540746, 0.2555869571589084, 0.23123665860592124], [0.22069699832083758, 0.2561445674249567, 0.18919768409019552, 0.3339607501640102], [0.22813524941467048, 0.2298941110338923, 0.17420986366532187, 0.3677607758861157], [0.27525410964851244, 0.22748510248121687, 0.11210729081936642, 0.38515349705090435], [0.29502984954609496, 0.30293069167822534, 0.07735372703761029, 0.32468573173806925], [0.3299787572086228, 0.24731775462678263, 0.07898731543609712, 0.34371617272849747], [0.2679020996449101, 0.24920394926063047, 0.1275544821580604, 0.3553394689363993], [0.3050950884021764, 0.20165469426492927, 0.10478775589710035, 0.3884624614357938], [0.36525383287590446, 0.1811177616731801, 0.06181382713221551, 0.3918145783186999], [0.3433532266145991, 0.2720784230256914, 0.08826623789737631, 0.29630211246233334], [0.31142837350059027, 0.25690222773778765, 0.18836738537522854, 0.24330201338639337], [0.1742282584237715, 0.3112071457072717, 0.24158739886919012, 0.27297719699976664], [0.0847250801339918, 0.3046245728096727, 0.4293225391468292, 0.1813278079095061], [0.22211622425926064, 0.2877232337425067, 0.23196894895700934, 0.2581915930412235], [0.22552837510980348, 0.29119960036092996, 0.16679977146990588, 0.3164722530593607], [0.31188874679584655, 0.1873121649416483, 0.1254044136419504, 0.37539467462055487], [0.26098471078798796, 0.28978444526666763, 0.12614720217355574, 0.32308364177178867], [0.22477587735348756, 0.34037752912332553, 0.1407560810142931, 0.2940905125088938], [0.22957261574063553, 0.32296264059037927, 0.2568418302458576, 0.19062291342312723], [0.2934979173156579, 0.2062345551167695, 0.1928743796437388, 0.30739314792383376], [0.1904571529767631, 0.26280988825836077, 0.33675788727945816, 0.20997507148541797]]}, "rewritten": {"ids": ["97105451", "97105580", "97105960", "97106600", "97106770", "97106820", "97107681", "97107950", "97109080", "97113900", "97116410", "97116500", "98106560", "98106680", "98107010", "98107210", "98108410", "98108520", "98109230", "98109570", "98111860", "98112300", "98112580", "98119591", "99107300", "99107630", "99108010", "99108520", "99109860", "99111340", "99111440", "99111620", "99116500", "100108520", "100109000", "100109311", "100109360", "100109801", "100109910", "100110050", "100116500", "100117420", "101108121", "101108580", "101111310", "101112540", "101112690", "101113210", "101114020", "101114990", "101117580", "102109840", "102109910", "102110050", "102110890", "102112250", "102113981", "102116500", "102117351", "102118380", "102121440", "102121700", "103109641", "103110760", "103111830", "103111990", "103113210", "103120730", "104109311", "104113000", "104118070", "104118340", "105113170", "105113620", "105117200", "105118171", "105119550", "105120280", "106113260", "106114150", "107113180", "107114140", "107114621", "107115140", "107118120", "107118490", "107120260", "108113760", "108114180", "108114270", "108115250", "108115880", "108117610", "108118301", "108120280", "109113281", "109113931", "109114030", "109114720", "109115380", "109118231", "109119340", "109119450", "109119591", "109120150", "109121410", "110114610", "110114920", "110115980", "110116170", "110117110", "110118301", "110118880", "110120540", "110121450", "111116100", "111117120", "111118301", "111118910", "111119340", "111119930", "111120260", "111121351", "111121930", "112116990", "112117431", "112117580", "112117780", "112118930", "112119320", "112119450", "112119580", "112119950", "112121360", "113118111", "113118870", "113119120", "113119360", "113120830", "113121980", "113122220", "113122430"], "labels": [0, 1, 2, 3, 3, 1, 3, 2, 2, 2, 3, 2, 1, 1, 3, 1, 1, 2, 1, 1, 0, 2, 2, 1, 3, 2, 2, 2, 2, 1, 3, 3, 2, 2, 1, 1, 0, 0, 2, 3, 2, 2, 0, 0, 3, 2, 1, 3, 3, 3, 3, 2, 2, 3, 0, 0, 1, 1, 1, 1, 2, 1, 1, 1, 3, 2, 3, 1, 3, 1, 2, 2, 0, 0, 3, 3, 1, 3, 3, 1, 3, 2, 0, 0, 3, 2, 1, 1, 1, 3, 1, 3, 3, 1, 3, 0, 1, 1, 0, 3, 1, 3, 3, 0, 2, 0, 1, 3, 1, 0, 0, 1, 0, 1, 3, 3, 2, 3, 0, 3, 1, 3, 0, 1, 0, 0, 0, 0, 1, 1, 3, 3, 0, 3, 1, 0, 3, 0, 3, 2, 1, 2], "predicted_labels": [0, 0, 0, 0, 0, 3, 3, 3, 3, 0, 3, 0, 3, 1, 0, 3, 0, 0, 2, 3, 0, 0, 3, 0, 0, 3, 1, 0, 1, 1, 0, 3, 1, 3, 3, 3, 0, 3, 2, 3, 3, 2, 3, 0, 1, 0, 1, 1, 3, 1, 0, 1, 3, 3, 0, 3, 1, 1, 0, 1, 0, 0, 3, 0, 3, 1, 3, 0, 3, 0, 1, 0, 3, 1, 0, 0, 0, 1, 0, 0, 2, 0, 3, 3, 3, 1, 0, 0, 3, 0, 3, 0, 0, 3, 3, 3, 0, 3, 2, 1, 0, 0, 1, 0, 1, 3, 1, 0, 3, 3, 1, 3, 3, 1, 3, 0, 3, 3, 3, 0, 0, 0, 0, 0, 0, 0, 0, 0, 0, 3, 3, 1, 0, 0, 3, 3, 3, 0, 3, 1, 3, 1], "confidence_scores": [[0.34515830894575555, 0.2384030179840909, 0.08936657969489258, 0.32707209337526083], [0.35251202319956104, 0.24851352094923387, 0.14343879003350155, 0.2555356658177034], [0.2746759816475452, 0.20526955314187867, 0.2368550045944367, 0.2831994606161391], [0.3232808730891024, 0.20480480897583964, 0.16828146866916727, 0.30363284926589057], [0.2937518994908613, 0.20897907936207802, 0.237887720771977, 0.25938130037508367], [0.27770077976381585, 0.1987829739629498, 0.18987046695011395, 0.3336457793231207], [0.2503694973057902, 0.21087555260585134, 0.19681905500370073, 0.3419358950846578], [0.2279951664395035, 0.25969731073806107, 0.20473939942929076, 0.3075681233931445], [0.26817068417996703, 0.2846960349458271, 0.1389676690385282, 0.3081656118356776], [0.26694282459456387, 0.29075692671836734, 0.24947911078889426, 0.19282113789817482], [0.2646323392059997, 0.2430139012059639, 0.20481010275050937, 0.287543656837527], [0.32265494182539545, 0.2415552097633354, 0.16932422493924226, 0.2664656234720266], [0.2841736278366048, 0.2775008930633525, 0.13794838824371566, 0.300377090856327], [0.21768482985808132, 0.35278417708783566, 0.1979269866994349, 0.23160400635464762], [0.3085657319647671, 0.2720768432967496, 0.118815237906688, 0.30054218683179534], [0.24881961027990324, 0.25492511747697216, 0.19639234037187078, 0.29986293187125374], [0.30942433612049614, 0.3234665190842258, 0.08904343855425378, 0.27806570624102417], [0.30866374482065917, 0.2894546291432519, 0.10392131203112015, 0.29796031400496864], [0.2348812792442095, 0.24850880642053583, 0.3113772463785442, 0.20523266795671066], [0.34521053448635985, 0.20337675513432585, 0.0840684498034919, 0.36734426057582203], [0.2747405662372961, 0.30451691913473167, 0.20732828588507388, 0.21341422874289867], [0.33416251172617256, 0.18713219590258676, 0.14298075792101037, 0.3357245344502303], [0.24455837085148238, 0.28054951617409757, 0.18765092082762588, 0.28724119214679417], [0.32395019037524736, 0.23485595204564902, 0.139213021784932, 0.3019808357941716], [0.3517922259777364, 0.233501981483407, 0.0890948373307531, 0.3256109552081033], [0.32604200979708997, 0.1953325615306525, 0.12675150438638927, 0.3518739242858683], [0.28251095248299785, 0.2975554991626184, 0.13647197287252363, 0.28346157548185974], [0.270915853103212, 0.29539204227995913, 0.20805600253342113, 0.22563610208340767], [0.2722481516875726, 0.2978134049392932, 0.15695806011216304, 0.27298038326097107], [0.256374922428939, 0.3064439727315016, 0.13703448191716086, 0.3001466229223985], [0.3053532656864287, 0.229652489158041, 0.22524670485342627, 0.23974754030210407], [0.2570972787660675, 0.2623025006545667, 0.15260135222396812, 0.32799886835539727], [0.18384414354530018, 0.40468112096000197, 0.14772157554668455, 0.2637531599480136], [0.2923667114381952, 0.21704853916722983, 0.11293381569684732, 0.37765093369772795], [0.29392152214730755, 0.2306268826397671, 0.16541715550355598, 0.3100344397093697], [0.35541854121363853, 0.200237249977833, 0.07142339171021561, 0.37292081709831276], [0.32223334739829473, 0.20565955438890435, 0.14341944134051182, 0.3286876568722891], [0.2689056935417071, 0.2679106867941408, 0.10866356775314381, 0.3545200519110083], [0.26176049924171313, 0.2421446779387511, 0.2709993578141506, 0.22509546500538516], [0.2527848677534175, 0.25358970397342057, 0.17690965407823345, 0.3167157741949287], [0.26865046312706925, 0.25543052550371237, 0.14551060640455624, 0.3304084049646623], [0.19715944832226584, 0.2555482881467495, 0.3161024037942687, 0.2311898597367161], [0.2680217664142368, 0.28245212932713354, 0.13082174606197386, 0.31870435819665577], [0.32317455219580987, 0.17780535299227365, 0.20930340569184816, 0.289716689120068], [0.25893728925642, 0.3442355368084992, 0.1708325807234912, 0.22599459321158946], [0.33551440837192437, 0.24280090062977444, 0.11065633071914184, 0.3110283602791594], [0.2627998436900292, 0.3220176849382292, 0.19088796870306726, 0.2242945026686741], [0.27713734388621575, 0.3053317636549134, 0.12295159919248633, 0.2945792932663847], [0.2985354229181764, 0.20325549395439815, 0.1787517246656718, 0.31945735846175355], [0.213427498716797, 0.3756434056343137, 0.137985438400403, 0.27294365724848607], [0.3205513000153264, 0.26900695067348307, 0.09320518699084251, 0.3172365623203477], [0.2748030231990095, 0.3094207426071592, 0.16421597714546815, 0.25156025704836343], [0.32058034347621533, 0.2293882658175058, 0.11113608378218534, 0.33889530692409353], [0.22932671940211682, 0.2616998848008636, 0.19795838506290173, 0.31101501073411786], [0.30647365970561763, 0.18967148957557853, 0.19374865898074753, 0.31010619173805615], [0.30323496939389555, 0.17200643340487468, 0.16690847057236513, 0.35785012662886456], [0.26104919844078706, 0.2885074294386068, 0.21060028504713885, 0.2398430870734675], [0.22120545942160222, 0.2798724012488036, 0.2720978512973999, 0.2268242880321946], [0.32237345128828776, 0.2621693688674099, 0.08850223877439019, 0.326954941069912], [0.2578023886208139, 0.3063119453234161, 0.22134091119597502, 0.21454475485979482], [0.2826349842978925, 0.24603343833742172, 0.17985470537843162, 0.29147687198625416], [0.31865263196358856, 0.2925078234439221, 0.0981858654750145, 0.29065367911747475], [0.27882378659841056, 0.2142364537952742, 0.14776040922049818, 0.35917935038581716], [0.3131804546704391, 0.2711263118457418, 0.10681168412166181, 0.308881549362157], [0.32277233956301316, 0.2144453049725694, 0.10665007226506772, 0.3561322831993496], [0.29341889156612755, 0.3145658366822752, 0.1129072003261389, 0.2791080714254588], [0.27905239046290475, 0.26264976204922913, 0.13318420425222344, 0.32511364323564296], [0.30929869134127363, 0.29015082769378764, 0.10235565718727715, 0.2981948237776617], [0.32515462401639694, 0.23144622443636345, 0.07157567269396636, 0.37182347885327316], [0.3723959929706688, 0.1861587622006706, 0.10109911931532095, 0.3403461255133398], [0.23906806178018772, 0.30139124148816826, 0.21644329853024322, 0.24309739820140103], [0.2947593150467389, 0.28680890704122514, 0.12889526898553985, 0.28953650892649563], [0.28919821049691463, 0.25441521540791245, 0.12378132571522535, 0.3326052483799473], [0.27300389209688986, 0.30588458465897206, 0.13361731371347005, 0.28749420953066845], [0.27992492249064777, 0.2792887776794631, 0.1453994630365603, 0.2953868367933292], [0.31495843629876, 0.28596281278201063, 0.10436012445690164, 0.2947186264623279], [0.3688569773299384, 0.22937370178248373, 0.0920227801614748, 0.30974654072610314], [0.24606902239327058, 0.2987745754302234, 0.17738662747449385, 0.27776977470201186], [0.3730438917899887, 0.2570112125614662, 0.08063153558807805, 0.28931336006046693], [0.3018227288125632, 0.19549281869542307, 0.18843985100165148, 0.31424460149036215], [0.19639323717908502, 0.2643738129366025, 0.33625900623985033, 0.202973943644462], [0.26053661081979607, 0.2661942489996692, 0.16517771785552482, 0.30809142232500997], [0.28199718762826187, 0.306458686873374, 0.07726470407790617, 0.3342794214204579], [0.32125444594138297, 0.18513957121713226, 0.08916830954334358, 0.40443767329814134], [0.3230458405642239, 0.23910612368970155, 0.09830570578829739, 0.33954232995777694], [0.25149006968660065, 0.30593808068471595, 0.1571701412564332, 0.2854017083722504], [0.27696471938554856, 0.28235783060136377, 0.18541457553284704, 0.25526287448024015], [0.35478475101248486, 0.2313298898873379, 0.1055032305211355, 0.3083821285790415], [0.29561232205392024, 0.20405593819783913, 0.13115135161380384, 0.3691803881344369], [0.406706402508205, 0.18763621606910796, 0.07479839683010418, 0.33085898459258256], [0.253961157150078, 0.24896745146162758, 0.21672101651040776, 0.28035037487788644], [0.3121436964039576, 0.23735903915933387, 0.12998093014464618, 0.3205163342920626], [0.3526819581866041, 0.20853820684310814, 0.09939988439993093, 0.33937995057035714], [0.32507665211751674, 0.21891363794712043, 0.0891022350229199, 0.36690747491244285], [0.3253328167041712, 0.2213515753272345, 0.09219199763196256, 0.3611236103366317], [0.3575830733176581, 0.18428336044961324, 0.08434924989471344, 0.37378431633801545], [0.30761670659837775, 0.2827012045259233, 0.13977140309342984, 0.2699106857822693], [0.245006714902191, 0.26902483519753667, 0.1766873588738345, 0.3092810910264376], [0.1646477053045078, 0.2544744238735904, 0.3046830371779641, 0.27619483364393765], [0.20083860058935352, 0.2818100956010715, 0.28108126980099357, 0.23627003400858124], [0.2974347557879015, 0.26593478711510354, 0.12168082871864892, 0.3149496283783461], [0.3184844515657395, 0.27090557198796417, 0.08871399465902848, 0.3218959817872677], [0.19920030969194558, 0.2900638476331665, 0.23680103473302855, 0.2739348079418594], [0.26472528755907243, 0.2548557660375955, 0.2354831622431958, 0.24493578416013587], [0.21726724261175068, 0.2686122341475967, 0.25364494864293297, 0.2604755745977196], [0.26248855349328093, 0.26521142371573836, 0.14811092303903517, 0.3241890997519456], [0.19092143074684487, 0.3072312623100449, 0.30208137663091245, 0.19976593031219814], [0.32145564150424233, 0.2248713558079555, 0.11906492610293233, 0.3346080765848696], [0.2558663357994057, 0.2590602048959569, 0.14299990893351, 0.34207355037112736], [0.2944535920660848, 0.28225727030784115, 0.10370739829275466, 0.3195817393333194], [0.16847776529967223, 0.33420066059111164, 0.31030964216980605, 0.18701193193941032], [0.3020308699725088, 0.28631987020251176, 0.09011239872164994, 0.32153686110332946], [0.30131754309868447, 0.30415905159293494, 0.06857804781196197, 0.32594535749641845], [0.23278425280995316, 0.2882215917741987, 0.2486014385058037, 0.23039271691004476], [0.2780111079321029, 0.23912274609715517, 0.13954809223049308, 0.34331805374024865], [0.2911503477511729, 0.28865883418484056, 0.15479652093287624, 0.26539429713111007], [0.2774693139618727, 0.2867073138506658, 0.11707815042688337, 0.31874522176057807], [0.3087231769140596, 0.2349080303229438, 0.12140033878767602, 0.334968453975321], [0.29083200355163064, 0.2251018746401689, 0.14101333257649679, 0.3430527892317037], [0.3338527130271144, 0.2595317280017136, 0.08210438389018722, 0.3245111750809848], [0.32330638053456123, 0.22992731600907898, 0.1686944884552115, 0.2780718150011482], [0.3458827474113207, 0.250587599441488, 0.0906377801148518, 0.3128918730323398], [0.323569408461746, 0.2733391410442257, 0.11311908448243616, 0.28997236601159193], [0.4096992631711588, 0.23039947775861797, 0.0840289277589065, 0.27587233131131667], [0.3407720369596331, 0.20520564231841035, 0.161740166873676, 0.29228215384828027], [0.3309422620674884, 0.2720166576744662, 0.14068107848100764, 0.25636000177703816], [0.3290937661160633, 0.24836461531357187, 0.09813163447262169, 0.32440998409774324], [0.3366954778004142, 0.25190521777917324, 0.11708708662543674, 0.29431221779497585], [0.39224698033835, 0.18341866203629711, 0.09131676583638494, 0.33301759178896806], [0.21005238285371622, 0.2765672865611903, 0.24550361788422623, 0.26787671270086716], [0.2940382247649161, 0.2529521053200913, 0.13741283412016586, 0.3155968357948267], [0.2328064744677379, 0.33670933940919595, 0.1417866999906967, 0.288697486132369], [0.3750198887427498, 0.19345589771999183, 0.07217176402255072, 0.35935244951470774], [0.3160603153079074, 0.27782980633008314, 0.14342111490469542, 0.26268876345731407], [0.2885822179282229, 0.23032092961562978, 0.12430293654117631, 0.35679391591497117], [0.2443821004671939, 0.27931346645838095, 0.15338032842292473, 0.32292410465150023], [0.29397408702219113, 0.25459931250687423, 0.10354845437581242, 0.3478781460951223], [0.33425538489120077, 0.22257001192515766, 0.10977403900826535, 0.3334005641753762], [0.2899536297399846, 0.2742762104744977, 0.12100462816221537, 0.3147655316233026], [0.21953080174979614, 0.334428895882177, 0.15372091754674072, 0.29231938482128644], [0.2733864903615251, 0.282263770090205, 0.10718689724780847, 0.3371628423004616], [0.2014539956971598, 0.3761512476082318, 0.13626332830461305, 0.28613142838999533]]}}