{"test": {"ids": ["113118421", "112120270", "97106820", "109121640", "108118810", "105114220", "105116090", "103117461", "112119980", "99108890", "110116290", "107113180", "100116500", "112118530", "98106560", "98107380", "99117740", "106117790", "102109910", "112117780", "108120260", "98107010", "112117431", "112118860", "107121230", "100111380", "100108490", "104111550", "104118070", "107121700", "97112300", "113119950", "108118301", "98108410", "112116810", "102110850", "107120130", "113119120", "112118701", "103112641", "107112850", "113120780", "105113480", "110118880", "98120010", "97107950", "107116300", "100108260", "105116860", "109113931", "99108710", "111117120", "111120320", "97107040", "106113190", "111116040", "102112301", "112117660", "112118930", "106119580", "107114621", "100111080", "103110050", "98110710", "103111110", "111120640", "99107500", "106114280", "97116790", "104111780", "104112201", "103113101", "111119150", "99109740", "105112240", "109120540", "108114220", "101111620", "108121351", "107113200", "113118820", "104114230", "99109840", "102121440", "111118820", "100109910", "106114150", "98109230", "103111480", "110115140", "112120540", "107114321", "98111620", "103120290", "112121010", "109117730", "104111380", "113120531", "97107260", "101111310", "112120700", "110113931", "98109311", "103120340", "108117610", "99109141", "106121190", "102116500", "109115380", "103111990", "102109010", "99107560", "113121950", "107113360", "100109980", "105116980", "107116501", "110118701", "109118820", "113118511", "108118630", "111121410", "110114321", "102110690", "100120780", "108118291", "103120730", "111119250", "110118450", "105118230", "107120010", "100110260", "113117401", "98116500", "108116501", "112116540", "100108080", "97108520", "99110730", "109120560", "105116501", "111116750"], "labels": [3, 0, 1, 0, 1, 3, 1, 0, 0, 0, 2, 3, 2, 1, 1, 1, 2, 1, 2, 0, 1, 3, 0, 3, 0, 3, 2, 1, 2, 3, 2, 0, 1, 1, 3, 3, 2, 3, 0, 3, 1, 0, 0, 0, 2, 2, 0, 3, 2, 1, 2, 2, 1, 2, 0, 0, 1, 0, 1, 3, 0, 0, 3, 2, 3, 0, 0, 3, 2, 3, 0, 3, 3, 3, 1, 1, 3, 3, 3, 0, 0, 2, 2, 2, 0, 2, 1, 1, 0, 0, 3, 0, 3, 2, 2, 3, 3, 0, 2, 3, 2, 1, 1, 1, 3, 3, 2, 1, 3, 2, 1, 1, 3, 0, 1, 0, 1, 3, 3, 1, 1, 0, 1, 0, 1, 3, 1, 1, 0, 1, 1, 3, 3, 2, 0, 1, 0, 2, 3, 1, 1, 3], "predicted_labels": [0, 1, 1, 3, 3, 1, 3, 1, 3, 1, 2, 3, 3, 1, 1, 3, 1, 1, 0, 0, 3, 3, 1, 1, 3, 0, 1, 1, 1, 3, 0, 0, 3, 1, 1, 1, 1, 3, 1, 1, 1, 3, 3, 1, 1, 3, 1, 1, 1, 3, 1, 3, 3, 1, 3, 1, 1, 3, 3, 1, 3, 1, 3, 3, 3, 1, 1, 3, 1, 1, 0, 1, 1, 1, 1, 1, 1, 3, 3, 3, 3, 1, 1, 3, 3, 2, 1, 1, 3, 1, 1, 3, 1, 3, 1, 3, 0, 1, 3, 1, 3, 3, 1, 3, 3, 0, 1, 1, 1, 1, 1, 1, 1, 3, 0, 1, 3, 1, 1, 1, 3, 3, 1, 1, 3, 0, 3, 1, 1, 3, 1, 0, 1, 3, 1, 1, 1, 1, 3, 1, 1, 3], "confidence_scores": [[0.32308439338439326, 0.22995142635142643, 0.13837784437784442, 0.3085863358863361], [0.16282334887334887, 0.3475115884115886, 0.21867015207015209, 0.27099491064491066], [0.244709388977036, 0.3031864263187793, 0.1627296961208726, 0.2893744885833123], [0.22972953157953158, 0.26750699300699315, 0.2273075480075481, 0.27545592740592745], [0.23834472244301974, 0.29086265760383406, 0.1623435932488564, 0.3084490267042901], [0.2772490620490621, 0.3137797238709004, 0.19526285250697026, 0.2137083615730676], [0.2253692640692641, 0.2821528277278278, 0.20273708513708513, 0.28974082306582294], [0.2305921606171608, 0.30017135919635946, 0.17692159507159516, 0.2923148851148851], [0.21525007215007222, 0.29454680319680326, 0.1510365725777491, 0.33916655207537544], [0.24139538631303342, 0.31954744307979616, 0.1966609168609169, 0.24239625374625387], [0.2442352092352093, 0.2537546509046511, 0.2800013209013209, 0.22200881895881897], [0.26123899433899433, 0.24439834054834056, 0.2249271450771452, 0.2694355200355201], [0.24495554918937276, 0.26027745946863606, 0.20668185980685996, 0.28808513153513154], [0.18484581529581534, 0.3879214285714285, 0.19132683982683993, 0.23590591630591637], [0.2514393384393385, 0.30546178266178275, 0.16903924963924968, 0.27405962925962923], [0.19036516539016549, 0.2908585763909294, 0.20919579978844685, 0.30958045843045856], [0.23651272061272074, 0.2928866522366523, 0.21623601121101135, 0.25436461593961607], [0.20465108616873323, 0.32023502771738066, 0.23365965145965148, 0.24145423465423482], [0.30051886283650986, 0.26684616102851405, 0.1503799922299923, 0.282254983904984], [0.2830389554889556, 0.26804671439671446, 0.18634576534576544, 0.26256856476856477], [0.2573826601503072, 0.26867871017871026, 0.1802379414702945, 0.2937006882006882], [0.24595043845043862, 0.2714995076818606, 0.17689788381553104, 0.30565217005217], [0.25493859473859476, 0.28379984459984464, 0.18045941835941842, 0.2808021423021425], [0.2760712565212565, 0.28413486317603986, 0.2257045330486507, 0.21408934725405313], [0.18968067128949484, 0.27809248888366533, 0.1960696692196693, 0.33615717060717065], [0.27515827505827506, 0.27423932178932175, 0.19126401931401943, 0.2593383838383838], [0.23546666944166958, 0.3120454525866291, 0.19454246456158225, 0.2579454134101194], [0.1986400543900545, 0.3327227577977579, 0.21842209457209472, 0.2502150932400933], [0.18929619824619837, 0.3023216006216006, 0.26809278499278505, 0.2402894161394164], [0.22611803567949096, 0.255789189405366, 0.20736985718959414, 0.3107229177255494], [0.28229493839493836, 0.2795727716727718, 0.21037445332445334, 0.22775783660783672], [0.31938445720945724, 0.23289088966588975, 0.1453930735930737, 0.3023315795315795], [0.23219466089466106, 0.2802307636807636, 0.1972339327339328, 0.2903406426906425], [0.2434644244644247, 0.3101683705183708, 0.21070225885225893, 0.23566494616494627], [0.25907020026756883, 0.2847821529347846, 0.21660794205794204, 0.23953970473970476], [0.20068163780663784, 0.29509908147408137, 0.27603578643578647, 0.22818349428349424], [0.1897035222946989, 0.3304251617663382, 0.25824740292387366, 0.2216239130150896], [0.21287776112776122, 0.26973767898767903, 0.17859001782531206, 0.33879454205924814], [0.23648251748251753, 0.31997536907536916, 0.18135216450216451, 0.26218994893994907], [0.256939692179166, 0.2711637889887891, 0.22863630331656665, 0.24326021551547883], [0.1829793650793651, 0.31810574980574985, 0.22097465312465323, 0.2779402319902321], [0.18611819846819863, 0.298349014874015, 0.19863621656121658, 0.31689657009657], [0.21436565656565665, 0.2730263569763571, 0.17774795759795767, 0.33486002886002886], [0.2322363081363083, 0.35578946053946053, 0.13593443223443227, 0.2760397990897991], [0.2535319179960046, 0.2591089688948822, 0.2422094239094241, 0.24514968919968924], [0.245576628926629, 0.2689453712953715, 0.21088125763125767, 0.27459674214674223], [0.24322506937506932, 0.28817313797313804, 0.2334824877736642, 0.23511930487812863], [0.26837049062049073, 0.2850515373515373, 0.1932913641913643, 0.25328660783660795], [0.24734582084582094, 0.31519355644355646, 0.18588643578643593, 0.251574186924187], [0.25231093351093353, 0.2713064935064936, 0.16540396825396841, 0.3109786047286047], [0.24641301476301483, 0.30569676597911905, 0.18677149990532352, 0.26111871935254294], [0.2368166305916307, 0.27889978632478646, 0.1688120213120213, 0.31547156177156177], [0.2373949494949496, 0.256802380952381, 0.16860079365079375, 0.33720187590187606], [0.21537223741171105, 0.2849529284441051, 0.25108913806351896, 0.248585696080665], [0.25051218226218236, 0.2757207819957821, 0.17430406260406264, 0.2994629731379733], [0.2714505752417518, 0.27735975495093146, 0.19279556587203647, 0.2583941039352804], [0.2461574425574427, 0.270816466866467, 0.22696006771006771, 0.256066022866023], [0.24120580922345633, 0.2580121799768859, 0.16538189033189046, 0.3354001204677675], [0.20341226551226552, 0.29176267621267626, 0.1406153901653902, 0.3642096681096681], [0.225086224886225, 0.3119137307137307, 0.16809218559218567, 0.2949078588078588], [0.26251957486957495, 0.2661730491730493, 0.1874402930402931, 0.28386708291708296], [0.2633779997779999, 0.28469533244533257, 0.18885772560772565, 0.2630689421689424], [0.23354902874902878, 0.2807187950937952, 0.19870117937617945, 0.2870309967809969], [0.20741972471972475, 0.2967778998778998, 0.18763299478299492, 0.3081693806193807], [0.22413426214308593, 0.2603330677492443, 0.17694341491841492, 0.3385892551892555], [0.25175254745254744, 0.2791537145860677, 0.19304463151227855, 0.2760491064491064], [0.19939304584304596, 0.3072422577422576, 0.20584603174603186, 0.28751866466866477], [0.20783712953712963, 0.2993794594294594, 0.16455086580086595, 0.32823254523254525], [0.2519795149295149, 0.2864964868464869, 0.22385714285714298, 0.23766685536685547], [0.23063975468975473, 0.3377003829503829, 0.15362637721755373, 0.2780334851423085], [0.30400996699379046, 0.238294270435447, 0.18052588245088236, 0.2771698801198803], [0.267639565989566, 0.2734844932844935, 0.19061247641247647, 0.2682634643134645], [0.24824987594105244, 0.30019629063746706, 0.17835162647809708, 0.2732022069433835], [0.24960524475524476, 0.322816883116883, 0.2247071650571651, 0.20287070707070712], [0.22869169441669454, 0.28891287323787335, 0.20342593191122613, 0.2789695004342064], [0.2488244533244533, 0.30242545787545794, 0.17075750360750366, 0.27799258519258513], [0.22984469419469417, 0.30830478410478407, 0.23717588522588526, 0.2246746364746366], [0.27901536796536797, 0.2526145021645021, 0.1838747474747475, 0.28449538239538236], [0.2084227595503912, 0.26662104007104015, 0.1800576693774063, 0.3448985310011626], [0.24620029415029424, 0.2568294941900206, 0.1902821441716178, 0.30668806748806754], [0.23916382506382508, 0.290027011877012, 0.1732263847263848, 0.29758277833277835], [0.1954106671106672, 0.3454772797378061, 0.1951116091510829, 0.2640004440004441], [0.1883491841491843, 0.2835246808746809, 0.2695322288822289, 0.2585939060939062], [0.23475542235542243, 0.2812107004107004, 0.19412409257409258, 0.28990978465978473], [0.28528238983238985, 0.26716480741480747, 0.14610823065823073, 0.3014445720945721], [0.24659811299811307, 0.23647736707736725, 0.2885869408369407, 0.22833757908757918], [0.2803774170274171, 0.29076252636252653, 0.19248014208014225, 0.23637991452991464], [0.24964524189261048, 0.2664601713216265, 0.2485952436452437, 0.2352993431405196], [0.27102697857697866, 0.2637302197802198, 0.17878974913974924, 0.2864530525030526], [0.21611320901320907, 0.29589865689865696, 0.19576455211455215, 0.292223581973582], [0.2527402874902876, 0.33192138972138985, 0.1688061383061384, 0.24653218448218445], [0.21291547064047076, 0.29436823731823736, 0.14866033966033979, 0.34405595238095243], [0.2107195526695527, 0.3029290043290045, 0.2077049783549784, 0.2786464646464646], [0.21093218725718738, 0.2560340964590966, 0.2609255114166879, 0.2721082048670284], [0.23019419469419475, 0.30705697080697075, 0.18001021201021214, 0.28273862248862236], [0.2743960178710179, 0.2673935397935399, 0.17406879509379516, 0.28414164724164725], [0.2878842257415788, 0.27385240707005437, 0.18543077200577207, 0.25283259518259515], [0.2124837218337219, 0.28330870518370516, 0.2229004329004329, 0.2813071400821402], [0.186350631240105, 0.2638833694083695, 0.23741865707392035, 0.3123473422776055], [0.26228015807721694, 0.3090037740037741, 0.15349033091091932, 0.27522573700809], [0.2264656482406482, 0.2699256149079679, 0.22766864361129055, 0.2759400932400934], [0.21808328893328904, 0.277359978909979, 0.1884696026196027, 0.3160871295371295], [0.2243709318459319, 0.27923620268620286, 0.23603262015762036, 0.2603602453102454], [0.21582282162282176, 0.2750379231879232, 0.19389646742146743, 0.3152427877677876], [0.2166164668664669, 0.2446139582639583, 0.1468929514929516, 0.3918766233766233], [0.30258846986347, 0.2910135428297193, 0.16806659255776904, 0.23833139474904183], [0.20457517205017212, 0.3123520218343751, 0.22788955603220318, 0.2551832500832502], [0.2530959207459208, 0.2884853013000072, 0.20953147636677044, 0.24888730158730168], [0.1653026917526919, 0.3601875346875346, 0.18742733377733387, 0.28708243978244], [0.22625732600732612, 0.3367588189588187, 0.14002577977577985, 0.2969580752580754], [0.22855663421545777, 0.2869645584807348, 0.2207288461538462, 0.2637499611499613], [0.22586143023643043, 0.32625092685092677, 0.19908610556110556, 0.24880153735153732], [0.23586073730191387, 0.3025067595802891, 0.22534041742571154, 0.2362920856920857], [0.2538811688311689, 0.2454357642357643, 0.18714136974136977, 0.3135416971916972], [0.28961189725307385, 0.26058548869431225, 0.18845127095127107, 0.2613513431013431], [0.24830396270396274, 0.30582768228503543, 0.1639574187250659, 0.28191093628593633], [0.22137732822732828, 0.3014649433899434, 0.16810450937950955, 0.30905321900321914], [0.23988933843933846, 0.27786593961593953, 0.21079200799200806, 0.27145271395271403], [0.19250187035187047, 0.3263914213237744, 0.20374111280875998, 0.2773655955155957], [0.2320155455655455, 0.27901008436008434, 0.2502612720612722, 0.23871309801309812], [0.2021060217560218, 0.2431637085137086, 0.19295723165723175, 0.36177303807303823], [0.24370597458097473, 0.2952677489177489, 0.16062877400377418, 0.30039750249750247], [0.2473937526525763, 0.28719123376623396, 0.23775703463203463, 0.2276579789491554], [0.2535988733488735, 0.30513556998557007, 0.14708318903318898, 0.29418236763236777], [0.1970085137085138, 0.25959486346986355, 0.21294302086802094, 0.3304536019536019], [0.34417147297147277, 0.21334940614940617, 0.1717390442890443, 0.27074007659007643], [0.23354121989121998, 0.285501776001776, 0.1905714285714287, 0.29038557553557554], [0.19054985014985024, 0.31058488178488186, 0.19137079032079043, 0.30749447774447763], [0.19396680541680544, 0.34599471639471646, 0.21630861915861918, 0.24372985902985905], [0.22920478965478971, 0.31065537795537784, 0.1438927516927517, 0.3162470806970809], [0.20483434343434356, 0.2818006382506384, 0.26339129204129197, 0.24997372627372644], [0.2986904040404039, 0.257306032856033, 0.17372439227439232, 0.27027917082917086], [0.2156652958152957, 0.3252886890886893, 0.15139148629148633, 0.3076545288045288], [0.24732430902430905, 0.23550744255744288, 0.21672886002886005, 0.3004393883893884], [0.2506080364080364, 0.2996598568098569, 0.16586741591741597, 0.28386469086469096], [0.2435735434500142, 0.3185436560171855, 0.1448231657231658, 0.2930596348096347], [0.22119725829725848, 0.31500560550560547, 0.16125656565656576, 0.3025405705405706], [0.2501781163281165, 0.2830137806637806, 0.19795589410589412, 0.26885220890220896], [0.20968710733710724, 0.27264354338471997, 0.18557660672660684, 0.3320927425515661], [0.21086646409146406, 0.2919678127428128, 0.2518216810966811, 0.24534404206904234], [0.27459548498457165, 0.3070313056224821, 0.1302054660252029, 0.2881677433677434], [0.3117799506049505, 0.2065405483405484, 0.1548146270396271, 0.32686487401487396]]}, "rewritten": {"ids": ["97106820", "97107040", "97107260", "97107950", "97108520", "97112300", "97116790", "98106560", "98107010", "98107380", "98108410", "98109230", "98109311", "98110710", "98111620", "98116500", "98120010", "99107500", "99107560", "99108710", "99108890", "99109141", "99109740", "99109840", "99110730", "99117740", "100108080", "100108260", "100108490", "100109910", "100109980", "100110260", "100111080", "100111380", "100116500", "100120780", "101111310", "101111620", "102109010", "102109910", "102110690", "102110850", "102112301", "102116500", "102121440", "103110050", "103111110", "103111480", "103111990", "103112641", "103113101", "103117461", "103120290", "103120340", "103120730", "104111380", "104111550", "104111780", "104112201", "104114230", "104118070", "105112240", "105113480", "105114220", "105116090", "105116501", "105116860", "105116980", "105118230", "106113190", "106114150", "106114280", "106117790", "106119580", "106121190", "107112850", "107113180", "107113200", "107113360", "107114321", "107114621", "107116300", "107116501", "107120010", "107120130", "107121230", "107121700", "108114220", "108116501", "108117610", "108118291", "108118301", "108118630", "108118810", "108120260", "108121351", "109113931", "109115380", "109117730", "109118820", "109120540", "109120560", "109121640", "110113931", "110114321", "110115140", "110116290", "110118450", "110118701", "110118880", "111116040", "111116750", "111117120", "111118820", "111119150", "111119250", "111120320", "111120640", "111121410", "112116540", "112116810", "112117431", "112117660", "112117780", "112118530", "112118701", "112118860", "112118930", "112119980", "112120270", "112120540", "112120700", "112121010", "113117401", "113118421", "113118511", "113118820", "113119120", "113119950", "113120531", "113120780", "113121950"], "labels": [1, 2, 2, 2, 2, 2, 2, 1, 3, 1, 1, 1, 1, 2, 3, 2, 2, 0, 1, 2, 0, 3, 3, 2, 3, 2, 0, 3, 2, 2, 1, 3, 0, 3, 2, 1, 3, 3, 1, 2, 0, 3, 1, 1, 2, 3, 3, 0, 2, 3, 3, 0, 2, 1, 1, 3, 1, 3, 0, 2, 2, 1, 0, 3, 1, 1, 2, 0, 1, 0, 1, 3, 1, 3, 2, 1, 3, 0, 0, 0, 0, 0, 1, 1, 2, 0, 3, 3, 0, 3, 3, 1, 1, 1, 1, 3, 1, 3, 3, 3, 1, 1, 0, 1, 1, 0, 2, 0, 3, 0, 0, 3, 2, 0, 3, 1, 1, 0, 0, 1, 3, 0, 0, 0, 1, 0, 3, 1, 0, 0, 3, 2, 2, 3, 3, 1, 0, 3, 0, 0, 0, 3], "predicted_labels": [1, 1, 3, 1, 1, 0, 1, 1, 3, 3, 1, 1, 1, 3, 1, 3, 0, 1, 1, 1, 1, 0, 1, 1, 1, 1, 3, 0, 3, 3, 0, 0, 1, 1, 3, 3, 1, 3, 3, 0, 1, 2, 3, 3, 3, 1, 3, 3, 3, 1, 1, 3, 1, 3, 1, 1, 1, 1, 0, 1, 1, 1, 3, 1, 1, 3, 1, 1, 1, 1, 1, 3, 1, 1, 3, 1, 1, 3, 3, 3, 3, 0, 3, 2, 1, 1, 3, 0, 3, 3, 0, 3, 3, 3, 3, 3, 3, 1, 0, 1, 1, 1, 3, 3, 1, 1, 2, 1, 1, 1, 3, 0, 1, 0, 1, 1, 3, 3, 0, 1, 1, 0, 3, 3, 1, 3, 1, 3, 3, 1, 3, 1, 1, 3, 0, 1, 3, 3, 0, 3, 3, 1], "confidence_scores": [[0.2033396492396493, 0.3482971972471972, 0.21391502941502952, 0.23444812409812416], [0.2370205183705184, 0.28583549783549805, 0.21938472638472656, 0.2577592574092575], [0.18432053502053505, 0.2626451243201244, 0.25385381285381287, 0.29918052780552784], [0.2467770063270063, 0.27858997113997114, 0.20525080475080487, 0.2693822177822179], [0.2285517704517705, 0.32369592629592636, 0.2152764624264626, 0.23247584082584083], [0.2812642468642469, 0.26306033411033425, 0.22694180264180278, 0.22873361638361647], [0.26715930735930754, 0.3098607725607727, 0.17596469641469653, 0.24701522366522377], [0.26273085803085816, 0.3146314130314131, 0.16188951048951053, 0.2607482184482185], [0.23983966588966601, 0.2701314796314796, 0.1846315850815851, 0.30539726939726924], [0.2661041030864559, 0.26281189529424837, 0.18499093129093136, 0.2860930703283646], [0.23687431457431454, 0.3268136641136643, 0.16564704184704176, 0.2706649794649794], [0.2610601916487367, 0.26978374219519746, 0.25022809412809416, 0.218927972027972], [0.21223700188700195, 0.2904548043459809, 0.22281994312876668, 0.2744882506382508], [0.24290716505716517, 0.26840795870795886, 0.21232287712287715, 0.27636199911199916], [0.17262248862248863, 0.31911889776889757, 0.236897868797869, 0.2713607448107448], [0.21662689369454086, 0.24504138247373541, 0.18654888999889008, 0.3517828338328339], [0.31120980685980687, 0.24784134754134765, 0.17002192807192812, 0.2709269175269175], [0.2114902097902098, 0.3015517593517594, 0.18725512265512265, 0.29970290820290824], [0.2690009074259075, 0.3074813963813964, 0.16837830780330784, 0.25513938838938843], [0.2578406870906872, 0.3391333610833611, 0.17053371987489643, 0.23249223195105545], [0.2571749861249862, 0.31213943638061287, 0.17774002109002116, 0.2529455564043801], [0.2770637762564236, 0.2602804295377825, 0.19279819624819636, 0.269857597957598], [0.22071928626928633, 0.33447907925407916, 0.22875968475968475, 0.2160419497169497], [0.18068749583749596, 0.2907530747030748, 0.2713263958263959, 0.25723303363303374], [0.17504049839049848, 0.30293676878676895, 0.22634942834942842, 0.2956733044733046], [0.24179340659340656, 0.2994545676545676, 0.2279470584970586, 0.23080496725496732], [0.26407666222666226, 0.2761593573093575, 0.15639415029415035, 0.3033698301698301], [0.2754202353202354, 0.2700312479917744, 0.1907329378224116, 0.26381557886557894], [0.233859806859807, 0.26957788681906336, 0.1793796690237868, 0.3171826372973431], [0.24029606227106243, 0.2521613997113997, 0.24765499777999792, 0.2598875402375403], [0.28276046731046744, 0.26032967032967047, 0.20379091872180116, 0.25311894363806137], [0.33514141969141986, 0.2570401376401376, 0.15000442890442897, 0.2578140137640139], [0.23500388696271063, 0.32112401569019217, 0.1798423382173383, 0.2640297591297591], [0.2640794871794872, 0.28946615606615594, 0.17165822510822515, 0.2747961316461317], [0.22389844044844034, 0.2835745532245533, 0.20202972582972592, 0.2904972804972806], [0.19952707847707857, 0.2667662337662339, 0.1988970196470197, 0.334809668109668], [0.25860892440892447, 0.3106805916305917, 0.14179458874458886, 0.2889158952158954], [0.25945348817848835, 0.2675031615443381, 0.17448410788557844, 0.2985592423915954], [0.24445629925629936, 0.27188799533799546, 0.20973418803418822, 0.27392151737151743], [0.31170019980019975, 0.24755430125430122, 0.15166969892852247, 0.28907580001697647], [0.2664250305250306, 0.30743073593073583, 0.17303923298923304, 0.2531050005550006], [0.2334253671165437, 0.27247303774656717, 0.27506790105319523, 0.21903369408369416], [0.2729373515373515, 0.25039494949494967, 0.18847647907647913, 0.28819121989121993], [0.22334089244089245, 0.260949494949495, 0.230933571983572, 0.2847760406260406], [0.238730563880564, 0.2751413919413919, 0.17954408924408938, 0.30658395493395507], [0.1787022366522367, 0.3349924963924963, 0.20902647907647906, 0.277278787878788], [0.1991502532555166, 0.27382392607392614, 0.2000102751050119, 0.3270155455655457], [0.2623352536352538, 0.2503598068598069, 0.20521149406149408, 0.28209344544344533], [0.25067683427683435, 0.2574614718614718, 0.14525216450216452, 0.3466095293595294], [0.2590210830105567, 0.29602467809967814, 0.19640906388932713, 0.24854517500043832], [0.23190729270729257, 0.3128413641913642, 0.20479502164502167, 0.2504563214563216], [0.21434601509601522, 0.27489590964590976, 0.1758327783327784, 0.33492529692529677], [0.20799071761571772, 0.29273368298368285, 0.2418484126984128, 0.2574271867021868], [0.19406945627471933, 0.24962131961605666, 0.22582365134865148, 0.3304855727605728], [0.22654098124098138, 0.3152902352549411, 0.187695058862706, 0.2704737246413717], [0.2357718943595105, 0.2982471310595151, 0.22182054057054065, 0.2441604340104341], [0.22938649128649147, 0.33114142524142526, 0.17844350649350665, 0.2610285769785772], [0.22752373737373752, 0.3599590187590186, 0.14701810966810971, 0.26549913419913435], [0.31331980796980796, 0.2301318403818404, 0.16364065934065936, 0.29290769230769237], [0.20658898878898882, 0.3483459540459541, 0.22591281496281504, 0.21915224220224216], [0.20130562966445326, 0.3209647907647908, 0.2409752025752025, 0.23675437699555354], [0.21670037740037756, 0.3662298002650942, 0.19813193277310928, 0.21893788956141905], [0.22822253857253857, 0.3030069985569986, 0.16136289266289272, 0.30740757020757026], [0.250716477966478, 0.28988829503829516, 0.19864826839826846, 0.2607469585969586], [0.24692701187701194, 0.2915916167166167, 0.19862683982683985, 0.2628545315795317], [0.2678696338748971, 0.3008525419025419, 0.12964744349218035, 0.3016303807303806], [0.24919279886779896, 0.2960710317460317, 0.20364640914640925, 0.2510897602397603], [0.2779221139971141, 0.2957049422799422, 0.1615495310245311, 0.26482341269841275], [0.20966324231324235, 0.3245974997224997, 0.15976218226218236, 0.3059770757020757], [0.2687049950049951, 0.2983554778554779, 0.15612546342546346, 0.2768140637140637], [0.30126847041847044, 0.3024791430791431, 0.18841860916860945, 0.20783377733377742], [0.22358003108003124, 0.27022922077922085, 0.20641191031191036, 0.29977883782883785], [0.26129119769119785, 0.2979055555555558, 0.178417032967033, 0.2623862137862139], [0.23081874514374523, 0.30460786990787003, 0.17806241813741822, 0.2865109668109668], [0.16190014430014432, 0.2919295676545677, 0.1959347125097126, 0.3502355755355757], [0.2278288822288823, 0.3133664502164502, 0.18503315573315576, 0.27377151182151177], [0.23006716061716073, 0.26498677433677437, 0.2454674936174936, 0.25947857142857156], [0.21222034632034636, 0.28892871572871565, 0.18629307359307368, 0.31255786435786437], [0.22622074037074058, 0.26197022977022977, 0.23992706737706737, 0.27188196248196267], [0.24853672438672444, 0.2615855339105339, 0.18481201298701316, 0.3050657287157287], [0.24905593850593863, 0.2461481673555204, 0.16360681099945815, 0.341189083139083], [0.28720566655566676, 0.2832261127761128, 0.1638603896103896, 0.2657078310578312], [0.25945399877899894, 0.295666334482511, 0.14087450327450335, 0.30400516346398704], [0.19715303585303587, 0.2718592796092798, 0.2735189088689088, 0.25746877566877574], [0.2157922077922078, 0.31593128538128545, 0.21862646797646804, 0.24965003885003884], [0.19262377067377082, 0.3163501332001331, 0.17566475746475757, 0.3153613386613387], [0.25579225949489126, 0.24989753302253312, 0.2275550109247479, 0.26675519655782803], [0.29088088023088016, 0.2377441724941726, 0.20213109113109112, 0.2692438561438561], [0.27597824952824956, 0.2686130036630037, 0.16374296536796557, 0.2916657814407816], [0.2160190512102278, 0.23326174936174934, 0.15415969585969588, 0.396559503568327], [0.3158199744699744, 0.2578917415917418, 0.15057990897990897, 0.275708374958375], [0.2643473304473305, 0.2508772616272617, 0.17697602952602953, 0.3077993783993784], [0.17336694971694977, 0.30614214396714384, 0.20322431179931183, 0.3172665945165946], [0.2052595944990683, 0.2927956432456434, 0.19132392957919275, 0.31062083267609597], [0.24553421023421027, 0.2884352036852038, 0.17506202131202137, 0.29096856476856486], [0.2640228438228438, 0.27143936618936654, 0.16463164058164056, 0.29990614940614935], [0.22205182595182613, 0.2870316461316462, 0.19034860139860146, 0.30056792651792646], [0.15846205461205462, 0.35172443112443097, 0.17628863358863367, 0.31352488067488066], [0.29509227994227993, 0.2747010711510712, 0.1661657675657676, 0.26404088134088133], [0.24582599067599079, 0.3008318570318569, 0.19673489843489853, 0.25660725385725397], [0.22579933954933953, 0.3100170329670332, 0.19312585192585188, 0.2710577755577756], [0.21819498001998008, 0.2869724771960066, 0.21652410073586553, 0.27830844204814814], [0.24074930624930635, 0.2614342157842158, 0.21389956709956723, 0.28391691086691107], [0.20509594572094575, 0.2872336457659988, 0.1649501287927759, 0.3427202797202795], [0.2515106282606283, 0.29774222999223016, 0.23244023199023206, 0.21830690975690978], [0.24140961611487938, 0.29278605210578906, 0.17461172716172724, 0.2911926046176047], [0.24415884466410787, 0.2569676601176602, 0.2669825750273119, 0.23189092019092025], [0.18876600621600623, 0.30936505161505157, 0.2109772727272729, 0.2908916694416695], [0.2555530969030968, 0.2853649850149851, 0.1986557775557774, 0.2604261405261406], [0.27664345458463135, 0.31487833277833294, 0.12807970362970367, 0.28039850900733265], [0.2669762931512933, 0.24691635586635596, 0.17803291985791977, 0.3080744311244312], [0.3280804251304252, 0.24026414141414157, 0.1609568043068044, 0.2706986291486292], [0.25059279168543863, 0.29337957320457325, 0.18294558382793685, 0.2730820512820514], [0.28082234987235, 0.26105934620934634, 0.17879200244200258, 0.2793263014763015], [0.2605332500832501, 0.31291345321345326, 0.18434612054612054, 0.24220717615717627], [0.17912149321266974, 0.28558967503085153, 0.25516213818860883, 0.28012669356787], [0.2505199134199136, 0.2795795204795206, 0.1607863081363082, 0.309114257964258], [0.23838347208347208, 0.26972283827283833, 0.19008403263403267, 0.30180965700965723], [0.2932696636696638, 0.25533506493506497, 0.1802430069930071, 0.2711522644022643], [0.2603872294372295, 0.30301650016650017, 0.1521037212787213, 0.28449254911754923], [0.21538017260517264, 0.3136177711177712, 0.24492507215007217, 0.22607698412698427], [0.2783417401312139, 0.2695341075591076, 0.1839981775534407, 0.2681259747562382], [0.20882794982794992, 0.2922572074983841, 0.160007724301842, 0.33890711837182447], [0.243239210789211, 0.27655558885558895, 0.20219169719169722, 0.27801350316350315], [0.2250111721611723, 0.34786355588855583, 0.2182904567654569, 0.20883481518481528], [0.24483653568653588, 0.25912586302586316, 0.2007405594405594, 0.2952970418470418], [0.2705396131646132, 0.31164188034188034, 0.19512802475302482, 0.22269048174048178], [0.20999040404040414, 0.2507970695970696, 0.1562083194583195, 0.38300420690420683], [0.21882207792207795, 0.28653961038961034, 0.14427474747474756, 0.35036356421356424], [0.15061167721167723, 0.363941613941614, 0.20214030969030983, 0.28330639915639905], [0.2577829226329227, 0.2787644050394052, 0.17284278776778786, 0.29060988455988457], [0.2201965367965369, 0.3080719336219336, 0.22920043290043296, 0.2425310966810967], [0.24842616827616842, 0.2870001665001668, 0.20156767676767687, 0.2630059884559885], [0.261131524031524, 0.2685996297819829, 0.17329870244134957, 0.29697014374514386], [0.2940887140637142, 0.25186458345576007, 0.17611310078810088, 0.2779336016924253], [0.21337017982017992, 0.3190808136308136, 0.23612763902763906, 0.2314213675213675], [0.27148812298812297, 0.2467131368631368, 0.16116964146964155, 0.3206290986790987], [0.26185841380841396, 0.2550000721500722, 0.16630922965922967, 0.3168322843822845], [0.3056249678426152, 0.2601037645361175, 0.14438630258630264, 0.28988496503496514], [0.23827245499598448, 0.2619468322527148, 0.1682660584513525, 0.33151465429994836], [0.22677304917304922, 0.2539508602508603, 0.17955826950826953, 0.33971782106782106], [0.22501560661560666, 0.2928190365190366, 0.2113566794316795, 0.27080867743367754]]}}