{"test": {"ids": ["105112100", "109113281", "107112840", "104116441", "106112770", "103111170", "113122220", "107113180", "108115500", "104116980", "105116980", "106116850", "97106600", "102112250", "113119950", "107117010", "110118161", "110121720", "112118471", "111119950", "99107950", "111118820", "108113700", "107115250", "107117630", "97112170", "103112641", "113121190", "111120320", "110121450", "104119290", "113122510", "109114651", "111119340", "111116100", "109117150", "108117360", "109117110", "105113620", "105113210", "102108621", "104112470", "113122160", "97113900", "112120990", "104111380", "112118860", "104114320", "106116820", "111117120", "99108460", "101111310", "112118620", "99107660", "100109980", "108120621", "108120260", "103109021", "111115780", "110120700", "110117110", "111115910", "110114950", "100109910", "100112060", "108115970", "106116370", "99107300", "97114170", "110117870", "107120010", "97106820", "109113931", "107118520", "111119430", "110117500", "97105451", "105113260", "104113170", "112116800", "110116441", "104118340", "105117431", "112117780", "113119700", "113121220", "111119250", "97106591", "110116170", "113119360", "106119990", "113120830", "112119500", "107121230", "111121410", "108114670", "108114040", "101114990", "112118530", "107120130", "99108330", "105116441", "111116990", "105115900", "109120560", "106114150", "107114140", "100116790", "112117461", "109119591", "109114270", "108118301", "106113260", "98108150", "109119010", "105118230", "107116300", "102110850", "110114720", "112117571", "107114490", "102110050", "113119120", "102109850", "104117630", "112116610", "100117420", "105111990", "101108121", "112116900", "99109780", "107114780", "99112300", "109121640", "112117660", "104116800", "102116340", "113120751", "107115140", "110115140", "107114950", "106115250"], "labels": [1, 0, 1, 1, 1, 2, 1, 3, 3, 1, 0, 3, 3, 0, 0, 1, 0, 3, 1, 0, 1, 0, 0, 2, 0, 0, 3, 1, 1, 3, 1, 2, 3, 3, 3, 2, 1, 1, 0, 3, 3, 1, 3, 2, 2, 3, 3, 2, 1, 2, 0, 3, 3, 3, 1, 1, 1, 0, 1, 2, 0, 2, 0, 2, 2, 2, 2, 3, 2, 3, 1, 1, 1, 2, 3, 1, 0, 3, 3, 0, 3, 2, 1, 0, 0, 3, 1, 1, 0, 0, 0, 3, 2, 0, 0, 3, 0, 3, 1, 2, 1, 1, 0, 3, 1, 1, 2, 2, 0, 0, 3, 1, 3, 0, 3, 1, 0, 3, 3, 3, 3, 3, 3, 1, 0, 1, 2, 2, 0, 3, 2, 2, 0, 0, 0, 1, 3, 1, 0, 0, 3, 2], "predicted_labels": [3, 3, 1, 0, 1, 0, 1, 1, 2, 2, 3, 0, 2, 2, 0, 2, 0, 1, 1, 3, 2, 3, 1, 1, 2, 3, 2, 1, 1, 3, 3, 0, 0, 3, 1, 0, 2, 3, 1, 3, 3, 3, 2, 0, 1, 3, 1, 0, 3, 1, 1, 0, 0, 0, 0, 0, 2, 3, 1, 3, 2, 2, 3, 2, 2, 3, 3, 0, 1, 2, 1, 0, 0, 1, 2, 1, 0, 3, 1, 3, 0, 1, 1, 1, 2, 3, 1, 2, 0, 3, 3, 2, 1, 1, 1, 1, 1, 1, 1, 1, 1, 1, 2, 3, 1, 1, 1, 2, 0, 1, 1, 3, 1, 1, 2, 3, 1, 1, 2, 3, 3, 1, 3, 1, 0, 0, 2, 3, 3, 3, 2, 0, 2, 2, 3, 3, 2, 1, 3, 3, 3, 1], "confidence_scores": [[0.01161109454365073, 0.05477189924978509, 0.006834545564562267, 0.926782460642002], [0.34765055355240854, 0.000714592327497958, 0.00020426642087079125, 0.6514305876992227], [0.015192882339743446, 0.9804572906974848, 0.0004713368495252212, 0.003878490113246444], [0.6297887694908061, 0.08573827591409876, 6.462060316437304e-05, 0.2844083339919307], [7.007316615916606e-05, 0.6916933892280018, 0.2906585322116471, 0.01757800539419186], [0.762741810885241, 0.08874707359701882, 0.041151336988974864, 0.10735977852876533], [0.030683392846392366, 0.7232649196780214, 0.19454640027478318, 0.05150528720080313], [0.08608350944101156, 0.841743503822043, 0.025161319105751628, 0.04701166763119376], [0.026714762197794246, 0.22754341961940205, 0.743982957051528, 0.0017588611312757355], [0.0004673355664729174, 0.10997948147766196, 0.8601813603818951, 0.02937182257397008], [0.10720313372146074, 0.03430921686028761, 0.0027374228139781095, 0.8557502266042735], [0.5931156357804056, 0.026133338216555505, 0.2580141586634236, 0.12273686733961525], [0.01814371008041355, 0.010260146349988513, 0.6760896931866284, 0.2955064503829696], [0.027638273101994782, 0.03582948900493257, 0.7412356658816929, 0.19529657201137982], [0.911293361491076, 0.07989008782573408, 0.0004556581293735445, 0.008360892553816408], [0.0012950774400963165, 0.07289743624221867, 0.9166692079813482, 0.009138278336336805], [0.8936564510359603, 0.09066402207025036, 0.003158774528802564, 0.012520752364986837], [0.0028233505174117004, 0.9777748407224714, 0.019365632598084263, 3.6176162032467014e-05], [0.31547793258317636, 0.4960861053238817, 0.17791540955735266, 0.010520552535589258], [0.4207266735337618, 0.009973753580268235, 0.09118860461326864, 0.4781109682727015], [2.683307633926323e-05, 0.01589645715225722, 0.651220611152639, 0.3328560986187645], [0.27748454353619467, 0.02101840291446158, 0.00024376188285718775, 0.7012532916664865], [0.017228803645022533, 0.973190684961754, 0.007966240812998092, 0.0016142705802252328], [0.01699023399324298, 0.6893739329970472, 0.28752989883855123, 0.006105934171158604], [0.016644140387484296, 0.08846333711138461, 0.8034742947724497, 0.09141822772868147], [0.3958650404362877, 0.0516162077774101, 0.06023094840037936, 0.49228780338592293], [0.008294604258625543, 0.02785852803663586, 0.9586514196196073, 0.0051954480851312485], [0.10121866825790606, 0.8759143917371137, 0.0005304385568100522, 0.02233650144817033], [0.22228365877224124, 0.7345248874371357, 0.021260692536086572, 0.021930761254536274], [0.4527094187706269, 0.04325856985167515, 0.00047862940342241424, 0.5035533819742755], [0.03240252149169955, 0.1867521329207186, 0.012670300692685004, 0.7681750448948967], [0.8376485147915035, 0.09557043205531623, 0.06450493491214739, 0.0022761182410327885], [0.5423279992727486, 0.17340721026697964, 0.09536637084811958, 0.1888984196121522], [0.0058904576964312364, 0.08515154466269217, 3.9008122651669674e-05, 0.9089189895182249], [0.05669621174501673, 0.8853217087713396, 0.00550205823709987, 0.05248002124654359], [0.6832112603422333, 0.035611641616322645, 0.2658841850654511, 0.01529291297599303], [0.0074832459630565906, 0.07576183853617316, 0.6792934517358413, 0.23746146376492894], [0.027767069070454144, 0.2474151882404331, 0.0051896307573658885, 0.7196281119317469], [0.003780146889416459, 0.9845627282975735, 0.010216563054137078, 0.0014405617588731305], [0.0096328416417686, 0.015089111157890087, 0.00013360571527571688, 0.9751444414850655], [0.31525889606359625, 0.2919020862214784, 0.014318520596838719, 0.37852049711808666], [0.00036440665396142533, 0.002591851708891161, 0.31217711796287023, 0.6848666236742771], [0.023569614374549356, 0.3491965809077412, 0.3960758639983537, 0.23115794071935578], [0.6591388434313381, 0.16162315569358937, 0.1777222575431373, 0.001515743331935196], [0.3422007710721126, 0.5321215865692923, 0.08653756403307825, 0.039140078325516955], [0.20471787889714918, 0.2905360106895984, 0.10767999114301677, 0.3970661192702357], [0.24707992651364774, 0.5729475411452566, 0.025404179400301135, 0.15456835294079457], [0.7283994804366034, 0.16656115043636516, 0.014259929906600218, 0.09077943922043138], [0.3580042517872784, 0.008552009783022278, 0.0012103215283073758, 0.6322334169013919], [0.009237984043758807, 0.9201391930248906, 0.0031785876363807455, 0.06744423529496986], [1.7641093807639844e-05, 0.980974257015071, 0.0002971136508590098, 0.018710988240262485], [0.6649056438573574, 0.15487952201127447, 0.17880624190141559, 0.001408592229952477], [0.7147995200187457, 0.010465099844958444, 0.0045190530951273004, 0.27021632704116844], [0.589275433955669, 0.03890247780164797, 0.08574149346309491, 0.2860805947795882], [0.7367600167623098, 0.022098393712842605, 0.019572790318657402, 0.22156879920619024], [0.7291522128880135, 0.028806374717649196, 0.002620095764706258, 0.2394213166296313], [0.16411695360351883, 0.13469475817742493, 0.6431152395973694, 0.058073048621686864], [0.09010506949151198, 0.015316208385019093, 0.0001712316356694094, 0.8944074904877996], [0.0704098147094941, 0.8281723828809189, 0.012932758946419771, 0.08848504346316742], [0.02954410921363531, 0.19415279616173062, 0.12364461826346253, 0.6526584763611716], [0.000680907636745319, 0.4376699757199417, 0.560777975996181, 0.0008711406471320134], [0.17276367384588018, 0.18478133815740855, 0.355072657910168, 0.2873823300865433], [0.35578760036990054, 0.010983534207689879, 0.013455983860288012, 0.6197728815621215], [0.013418223711435574, 0.005470582521792093, 0.9805757679394084, 0.000535425827363961], [0.058864483791706244, 0.13898695541099196, 0.7931211477127404, 0.009027413084561467], [0.0004412722083842173, 4.265517470268528e-05, 8.495054210474206e-05, 0.9994311220748082], [0.10488768424097898, 0.058105210434933274, 0.1473681753122085, 0.6896389300118794], [0.9631280513441142, 0.035789498687760324, 0.0008019623806499298, 0.00028048758747565374], [0.00023630495924643465, 0.905780413113857, 0.019687401787552454, 0.07429588013934424], [0.22546405513447448, 0.0682859686337083, 0.5721846014085707, 0.13406537482324649], [0.04145353506888466, 0.8426422241908759, 0.06961400868420038, 0.04629023205603903], [0.7921646217325913, 0.00022266065113847223, 0.011860396185343031, 0.19575232143092722], [0.9203807551404659, 0.0543926141724849, 0.001138105363060534, 0.024088525323988755], [0.014388202272531719, 0.8584995744522576, 0.0886428151666251, 0.03846940810858569], [0.0009315101078843903, 0.06022565342534117, 0.853318575346985, 0.08552426111978953], [0.006102520034332707, 0.8905463647050303, 0.002971883543717055, 0.10037923171691988], [0.9592892019470899, 0.0045522010777284665, 9.203210593997493e-05, 0.036066564869241764], [0.010578555734884797, 0.42842402264067847, 0.061550956484905814, 0.49944646513953095], [0.002389870114492735, 0.7137053110178144, 0.2598476352238612, 0.024057183643831623], [0.0024890054392826514, 0.11611855269915132, 0.005182407211800013, 0.8762100346497661], [0.5807053844317016, 0.20087074420847564, 0.2036964101075404, 0.01472746125228245], [0.10634673379573202, 0.8636383005836664, 0.00926556292102552, 0.020749402699576043], [0.034974534624391096, 0.4568670171923957, 0.1548188508693498, 0.35333959731386333], [0.2856281231519831, 0.6794308165741366, 0.024146394436821667, 0.010794665837058669], [0.05022533458321324, 0.46439990163635086, 0.485218195473528, 0.0001565683069076036], [0.0019302661620749298, 0.0005095045194978761, 0.1127772967705512, 0.884782932547876], [0.00015027224061004202, 0.8724362625530299, 0.029347516817936722, 0.09806594838842334], [0.03003224643291779, 0.026532019436174413, 0.8923189552315687, 0.051116778899339174], [0.9728954321992097, 0.010653824675662135, 0.005482836391537856, 0.010967906733590285], [0.20848937176376975, 0.1681777282281976, 0.004772691637981499, 0.6185602083700512], [0.0030217602186711516, 0.007572643992110211, 0.013580019281080593, 0.975825576508138], [0.26783081245278906, 0.08358991809323936, 0.5568132635401325, 0.09176600591383915], [0.002335402307228826, 0.9703098026393018, 0.027302720583674233, 5.207446979517717e-05], [0.012490419582839756, 0.9848133295953365, 0.0006300360503979463, 0.0020662147714257087], [0.2544230551336155, 0.6565804933015417, 0.01914679666405061, 0.06984965490079219], [0.038059408777760095, 0.9271300943768715, 0.02297620831894654, 0.01183428852642171], [0.09997902535466668, 0.5718424076297625, 0.22259601492851322, 0.10558255208705772], [3.682857655872735e-05, 0.6287865718463397, 0.3662045008978938, 0.004972098679207766], [0.014806071879633372, 0.7860285270035764, 0.1974132535471557, 0.001752147569634491], [0.01739200952458338, 0.9682036975085639, 0.014348642941045722, 5.5650025806721334e-05], [0.2840959593667641, 0.3468282971884014, 0.14513066228483318, 0.2239450811600013], [0.0010063197604256646, 0.9926823137382437, 0.0005045135609324046, 0.005806852940398324], [0.2713722896376515, 0.06237567749112204, 0.5231557765953084, 0.14309625627591796], [0.18073839534428748, 0.0043733399444092465, 0.023337540897546395, 0.7915507238137569], [0.0002386006356706515, 0.5326558011465843, 0.33864761208799904, 0.12845798612974613], [0.06681399749886796, 0.8793929221338143, 0.01129526845946536, 0.04249781190785257], [0.06674163721660144, 0.9139124720885018, 0.0012016651612072292, 0.018144225533689558], [0.32487712571759036, 0.24775082581786959, 0.4032302666030664, 0.024141781861473737], [0.9072867366704005, 0.020854824845446138, 0.0024433872674887607, 0.06941505121666466], [0.11989954465016353, 0.8186413751603028, 0.059783995926586946, 0.0016750842629468174], [0.015323521239242854, 0.5397803877409998, 0.43560236898583704, 0.009293722033920378], [0.14036680908670646, 0.03781202957007664, 0.006276163656939637, 0.8155449976862772], [0.015060106498773403, 0.9662969850984141, 0.005649345609710475, 0.012993562793101753], [0.016678078827105675, 0.9598475361060878, 0.011443045008070182, 0.012031340058736299], [0.04005566021786451, 0.07167673374769037, 0.5871928379757585, 0.3010747680586866], [0.05857733278874871, 0.2871859321419093, 0.008830809626573406, 0.6454059254427686], [0.017062041915687987, 0.9467945828742138, 0.0017635879556614153, 0.03437978725443672], [0.009176055909725027, 0.7622461985236251, 0.11971641818780768, 0.10886132737884224], [0.012333826939336741, 0.1297246811289743, 0.854916576155295, 0.003024915776393905], [0.12205641773297533, 0.3054979174508001, 0.00983058793952062, 0.562615076876704], [0.04415957532247771, 0.29789626336976316, 0.1813286704937017, 0.4766154908140573], [0.0017426336636570273, 0.8647731596006164, 0.1328708634994396, 0.0006133432362870071], [0.10226117214446559, 0.041966232437612556, 0.09928232545224458, 0.7564902699656773], [0.019721621488749452, 0.9562677548377407, 0.020926979226229547, 0.003083644447280299], [0.5070594112186476, 0.012456916852633082, 0.0035568440552195954, 0.4769268278734997], [0.7776895275062299, 0.10169996946549455, 0.015307720523012998, 0.10530278250526277], [4.254428982435082e-06, 0.00021532507144506036, 0.9974232217289113, 0.002357198770661288], [0.36070115803770564, 0.020982085908502226, 0.0015135782378443955, 0.6168031778159477], [0.0664887093482732, 0.31497331968575804, 0.09313493159294306, 0.5254030393730257], [0.2712322166607397, 0.05920009413632666, 0.00027125746907390955, 0.6692964317338597], [0.03088016031024305, 0.25069485338406633, 0.6211044065697289, 0.0973205797359616], [0.7853856946768388, 0.1194043417304282, 0.02456027450989877, 0.07064968908283413], [0.030085842810340165, 0.19397796409102552, 0.6888553903584504, 0.08708080274018376], [0.02261879576171745, 0.0779784684582656, 0.8949201641183584, 0.004482571661658564], [0.04012920675931292, 0.0008979236168272212, 0.003466164050232093, 0.9555067055736278], [0.3223852855145762, 0.04480189952471392, 0.0016519506434329902, 0.6311608643172768], [0.015204604492512626, 0.09764856930133492, 0.6688342564605503, 0.21831256974560206], [0.3610436038280895, 0.42636339243936433, 0.015148542871035363, 0.19744446086151074], [0.001981364091010671, 0.0010534320003675664, 0.0016354010746571304, 0.9953298028339648], [0.04255075940698175, 0.21509141625435574, 0.07809849680083117, 0.6642593275378313], [0.00847941165715215, 0.08189207802747363, 0.056592703527145384, 0.8530358067882288], [0.014157229417229777, 0.9316161445773581, 0.0010652719596121079, 0.0531613540457999]]}, "rewritten": {"ids": ["97105451", "97106591", "97106600", "97106820", "97112170", "97113900", "97114170", "98108150", "99107300", "99107660", "99107950", "99108330", "99108460", "99109780", "99112300", "100109910", "100109980", "100112060", "100116790", "100117420", "101108121", "101111310", "101114990", "102108621", "102109850", "102110050", "102110850", "102112250", "102116340", "103109021", "103111170", "103112641", "104111380", "104112470", "104113170", "104114320", "104116441", "104116800", "104116980", "104117630", "104118340", "104119290", "105111990", "105112100", "105113210", "105113260", "105113620", "105115900", "105116441", "105116980", "105117431", "105118230", "106112770", "106113260", "106114150", "106115250", "106116370", "106116820", "106116850", "106119990", "107112840", "107113180", "107114140", "107114490", "107114780", "107114950", "107115140", "107115250", "107116300", "107117010", "107117630", "107118520", "107120010", "107120130", "107121230", "108113700", "108114040", "108114670", "108115500", "108115970", "108117360", "108118301", "108120260", "108120621", "109113281", "109113931", "109114270", "109114651", "109117110", "109117150", "109119010", "109119591", "109120560", "109121640", "110114720", "110114950", "110115140", "110116170", "110116441", "110117110", "110117500", "110117870", "110118161", "110120700", "110121450", "110121720", "111115780", "111115910", "111116100", "111116990", "111117120", "111118820", "111119250", "111119340", "111119430", "111119950", "111120320", "111121410", "112116610", "112116800", "112116900", "112117461", "112117571", "112117660", "112117780", "112118471", "112118530", "112118620", "112118860", "112119500", "112120990", "113119120", "113119360", "113119700", "113119950", "113120751", "113120830", "113121190", "113121220", "113122160", "113122220", "113122510"], "labels": [0, 1, 3, 1, 0, 2, 2, 0, 3, 3, 1, 1, 0, 2, 0, 2, 1, 2, 2, 2, 0, 3, 3, 3, 1, 3, 3, 0, 3, 0, 2, 3, 3, 1, 3, 2, 1, 1, 1, 0, 2, 1, 2, 1, 3, 3, 0, 3, 1, 0, 1, 1, 1, 3, 1, 2, 2, 1, 3, 0, 1, 3, 2, 3, 2, 3, 0, 2, 0, 1, 0, 2, 1, 2, 0, 0, 0, 3, 3, 2, 1, 1, 1, 1, 0, 1, 3, 3, 1, 2, 3, 0, 1, 0, 3, 0, 0, 0, 3, 0, 1, 3, 0, 2, 3, 3, 1, 2, 3, 0, 2, 0, 1, 3, 3, 0, 1, 0, 1, 0, 3, 0, 3, 0, 0, 1, 1, 3, 3, 2, 2, 3, 0, 0, 0, 1, 3, 1, 3, 3, 1, 2], "predicted_labels": [0, 2, 2, 2, 0, 2, 3, 1, 0, 0, 2, 0, 1, 2, 0, 2, 0, 1, 0, 2, 1, 2, 1, 1, 1, 2, 1, 2, 2, 0, 2, 0, 0, 2, 2, 0, 0, 0, 2, 0, 0, 3, 0, 3, 3, 3, 1, 0, 0, 0, 2, 0, 2, 1, 0, 1, 3, 0, 2, 3, 0, 2, 1, 1, 0, 3, 3, 2, 0, 2, 2, 2, 1, 2, 0, 0, 0, 1, 2, 3, 2, 0, 3, 0, 0, 0, 0, 0, 1, 0, 2, 2, 2, 2, 2, 0, 0, 0, 2, 2, 1, 2, 0, 0, 3, 1, 0, 2, 0, 0, 1, 3, 1, 1, 2, 2, 0, 0, 0, 3, 0, 0, 1, 3, 1, 0, 1, 0, 0, 1, 1, 3, 0, 2, 0, 0, 1, 0, 2, 2, 1, 0], "confidence_scores": [[0.9995556899977932, 0.00023652484941403566, 3.230702732401401e-05, 0.0001754781254689557], [0.022637201020609097, 0.0025032530471595016, 0.9717301904967991, 0.003129355435432301], [0.10965209445019486, 0.04213964274192665, 0.8456713343536886, 0.0025369284541899187], [0.12897483584400676, 0.05347290813626782, 0.7992241253876925, 0.0183281306320331], [0.9642599455969093, 0.0027211642008315253, 0.03152864630042133, 0.0014902439018376504], [0.36343444513383444, 0.002355641449325942, 0.6321514992365095, 0.0020584141803301186], [0.0038083872327989193, 0.3880083924191256, 0.01053027844168238, 0.5976529419063931], [0.0015785261512655578, 0.9949771062807643, 0.0032776567332663963, 0.0001667108347037531], [0.9482475152503604, 0.050647748586832554, 0.0006968018412326587, 0.00040793432157446783], [0.8669532551676596, 0.05033769876036274, 0.06995622365729151, 0.012752822414686126], [0.00010106343979055965, 0.008583897077278118, 0.9479902167558701, 0.043324822727061174], [0.5392827572484218, 0.18268639270885392, 0.2064844122985124, 0.07154643774421189], [0.0003576042572469506, 0.9934828231573952, 0.0003998890241065276, 0.005759683561251345], [0.052687096962789365, 0.07817568396632256, 0.8566038510810373, 0.01253336798985086], [0.3905819799810437, 0.15612480699224923, 0.3288612441172993, 0.12443196890940787], [0.16519925339215694, 0.008239382456794614, 0.8164800138973177, 0.010081350253730645], [0.99471749734123, 8.484868909788033e-05, 0.002037213052968507, 0.0031604409167035005], [0.32812666263939894, 0.34993017593045794, 0.3110426063752647, 0.010900555054878504], [0.7421868713447869, 0.008154050242573787, 0.24923786683356403, 0.0004212115790753954], [2.665322198047409e-05, 0.00014391701732065473, 0.9996738652505628, 0.00015556451013611273], [0.026805452396043934, 0.6199286125661285, 0.348008866988833, 0.005257068048994668], [0.005885170786409263, 0.07111510765182738, 0.9227694173352162, 0.00023030422654707938], [9.126111090325962e-05, 0.9832975744251363, 0.01649670224120548, 0.00011446222275489465], [0.09000564787629015, 0.5355529769000433, 0.017849340359973747, 0.35659203486369273], [0.09813269627771012, 0.8764575195145351, 0.024850649362327882, 0.0005591348454268746], [0.0037401466595328677, 0.260984470673901, 0.7340334057546447, 0.0012419769119213907], [0.044120684795458186, 0.5347281219340126, 0.41720301511903174, 0.003948178151497271], [0.012845521717854386, 0.004762816025415193, 0.9565681562004364, 0.025823506056293997], [0.1678222841367783, 0.1746228774448062, 0.4200553953748201, 0.2374994430435953], [0.6901544879582135, 0.03839712097083693, 0.0008023532964908167, 0.2706460377744587], [0.25739927041921207, 0.18407488599711094, 0.5484971306332272, 0.010028712950449782], [0.49072516084802936, 0.07094367251150978, 0.4004267323261682, 0.037904434314292725], [0.3622103224361637, 0.17951445769889274, 0.18423562102485264, 0.2740395988400909], [0.00915476117459609, 0.17842154010638855, 0.5205614071872028, 0.2918622915318125], [0.0023083189457741202, 0.07627469694079805, 0.9207921735341745, 0.0006248105792533558], [0.4930740424302009, 0.427241099413059, 0.020015617042158547, 0.05966924111458152], [0.9485268301654268, 0.03322174054187989, 0.0004104519420950028, 0.017840977350598225], [0.806969355918931, 0.03969882749020937, 0.03949674631620358, 0.11383507027465595], [0.006490347364791335, 0.07986034835809838, 0.7748040673482659, 0.1388452369288443], [0.8328797642652145, 0.031282284734440766, 0.014924699513434512, 0.12091325148691026], [0.5906403487431013, 0.34725098697394774, 0.05470384797064336, 0.007404816312307524], [0.00499626103637113, 0.002811522116068898, 0.012419317251775829, 0.9797728995957842], [0.6897636974296247, 0.016366532157824965, 0.00011730261969003946, 0.2937524677928603], [0.16547969538350776, 0.07964764612354361, 0.01383427773294678, 0.7410383807600018], [0.04206415242603204, 0.011529991645736981, 0.0005012066887918411, 0.9459046492394392], [0.007990859805116608, 0.003033939294214401, 0.00012811812201989198, 0.988847082778649], [0.3511436252059033, 0.45490982563798354, 0.003654270890404882, 0.1902922782657082], [0.9459786316214536, 0.005323402926598296, 0.020308096931349513, 0.02838986852059866], [0.50766549794833, 0.4536621011252198, 0.038199600093124494, 0.0004728008333255845], [0.8885410064841309, 0.0906439304394374, 0.019048645000081084, 0.0017664180763506236], [0.25269260846942393, 0.2276786197733072, 0.33752245890290894, 0.18210631285435996], [0.8464681826864336, 0.11958331697740372, 0.003563692585307353, 0.03038480775085517], [0.032303732678754846, 0.3979255304340781, 0.5681174863225684, 0.0016532505645986465], [0.06907151362698913, 0.8281228636750043, 0.10205271924989634, 0.0007529034481101605], [0.9842260241335535, 0.005820154682201288, 0.004954271560636641, 0.004999549623608588], [0.013277202934464629, 0.9143056139772195, 0.07211531172834881, 0.000301871359966898], [0.1031210008457924, 0.022030175099672148, 0.12547408757233788, 0.7493747364821975], [0.9707223640777618, 0.0029972978247103576, 0.0006220953015079318, 0.02565824279601981], [0.2622207804889716, 0.00605568513336416, 0.7254148353631545, 0.00630869901450981], [0.0021424272001713505, 0.001217438740511628, 0.14350327725267134, 0.8531368568066457], [0.9946596279765119, 0.001788179468897556, 0.0033695618392379813, 0.00018263071535264851], [0.13183820697110105, 0.011602767843446708, 0.7032065298865858, 0.15335249529886635], [0.20300766619159635, 0.7843086279491838, 0.0051743519207593, 0.007509353938460525], [0.05530056788472277, 0.6267437442925478, 0.12878629358095628, 0.18916939424177323], [0.37630667726391276, 0.018079826989741046, 0.26370995997358576, 0.34190353577276045], [0.10600151662130701, 0.09284954338370839, 0.1969911983596617, 0.604157741635323], [0.0036301161614151153, 0.00014959839331908368, 0.0030989222881529443, 0.993121363157113], [0.013123750619526068, 0.4040273526973861, 0.5828016959261938, 4.720075689402831e-05], [0.8589985926286556, 0.06988203779080122, 0.0409698267443403, 0.030149542836202622], [0.007850007694020198, 0.00894419892085453, 0.982868852535392, 0.00033694084973335186], [0.040938495594005725, 0.08734295962898174, 0.8422442410339885, 0.0294743037430239], [0.004032369815397177, 0.2571582092587399, 0.7382877899466379, 0.0005216309792250949], [0.0026008095207375585, 0.5025316533878663, 0.49327906060001014, 0.0015884764913859269], [0.11309709915866335, 0.10740744353299034, 0.7781387853048708, 0.001356672003475646], [0.3691661704312117, 0.2876464201779971, 0.29629460706424254, 0.04689280232654861], [0.5596681569087144, 0.4182134321444259, 0.020577876699808574, 0.0015405342470511394], [0.41199495721287704, 0.2758949091490908, 0.3016124842317007, 0.01049764940633149], [0.1912552022669231, 0.536397864847514, 0.27107190943313353, 0.0012750234524292966], [0.009193611382661993, 0.23929261302983765, 0.7514102598225644, 0.00010351576493599515], [0.012218860243721033, 2.8380180527857175e-06, 0.0027510365338814656, 0.9850272652043447], [0.3701420740896141, 0.001436580611332535, 0.5898156183170522, 0.03860572698200113], [0.8951091207804739, 0.0021334428507298504, 0.004489830805718406, 0.09826760556307787], [0.16678366977520784, 0.3237081318300361, 0.17923299383402322, 0.33027520456073284], [0.9644036370025532, 0.0007110326441616081, 0.0002828617953163571, 0.034602468557968724], [0.9960045598590449, 0.0002637324354969395, 2.9684781242366398e-05, 0.0037020229242159686], [0.9177338459661364, 0.008591326044018884, 0.02348233805163237, 0.05019248993821236], [0.9620985491008627, 0.03499921255876868, 0.0023057361680607425, 0.0005965021723078284], [0.8347666998568378, 0.12470997256566636, 0.014314484737700858, 0.026208842839794914], [0.21930864254989504, 0.3368522428784268, 0.11194399794383902, 0.3318951166278391], [0.9369995017088902, 0.007554714408941755, 0.052490503826213605, 0.0029552800559545416], [0.026822301601611167, 0.04069453253754172, 0.9221405396325371, 0.010342626228310222], [0.051635834292808956, 0.2814969556581512, 0.6627159046949501, 0.0041513053540897776], [0.0005149052002507701, 0.3591376890741536, 0.6289108245314862, 0.011436581194109573], [0.01756889094024113, 0.0005985025557116656, 0.9815786811475241, 0.00025392535652300237], [0.031275336824974055, 0.011510105359966692, 0.957161564059335, 5.299375572435947e-05], [0.9343192826308274, 0.0041676243041884175, 0.01461186775860461, 0.046901225306379433], [0.44079073200661484, 0.405750196825852, 0.05296319902983347, 0.10049587213769977], [0.9393767011305649, 0.045318244315187994, 0.014258238208432483, 0.0010468163458146483], [0.38472579261770157, 0.003211446056440125, 0.6101462465461794, 0.001916514779678839], [0.19401524735671805, 0.05048266784566687, 0.7549584283406731, 0.0005436564569420365], [0.0138059937131842, 0.9198398988774252, 0.0117462518119626, 0.0546078555974282], [0.3202455995877081, 0.020049604041731412, 0.6574057098654297, 0.0022990865051307832], [0.9594454086560222, 0.03410469579188885, 0.006295996104111637, 0.00015389944797726383], [0.7256099354977196, 0.22004743077587827, 0.04669410623449126, 0.00764852749191107], [0.1471523197954274, 0.017490451273545166, 0.002234640872124669, 0.8331225880589028], [0.034586959383388835, 0.8717888352329016, 0.09362280366147746, 1.4017222319675502e-06], [0.5477090850480691, 0.4217527835694877, 0.010030947539378889, 0.02050718384306436], [0.07400694232978952, 0.06567140481537667, 0.624125091324425, 0.23619656153040888], [0.41974816333995707, 0.3769164511614688, 0.045168382401314745, 0.15816700309725934], [0.9909068052920786, 0.0001334093067131567, 0.003678658971082375, 0.0052811264301256804], [0.0923840676724998, 0.8123243116213372, 0.023146626418467934, 0.07214499428769501], [0.02049334620856654, 0.0008408247674219396, 0.00018541581475067616, 0.9784804132092608], [2.021866373957265e-05, 0.655432404188248, 0.3269876499032279, 0.01755972724478467], [0.07337736677112087, 0.6864165806199471, 0.00023678198908131144, 0.23996927061985077], [1.330098799470027e-05, 0.00018975595050372, 0.9996865062137467, 0.00011043684775484745], [0.08045286950624343, 0.013204545877486207, 0.8666543397035784, 0.03968824491269191], [0.8171400727933912, 0.09510475686085507, 0.0840282664071203, 0.0037269039386334224], [0.49808731199859535, 0.006096177016828276, 0.45378667455371036, 0.042029836430866], [0.45395072208689674, 0.35272911135012913, 0.06458229900463179, 0.1287378675583422], [0.019508645856312394, 0.022836891296750206, 0.06556390258879118, 0.8920905602581463], [0.5750492764088929, 0.17407037217004934, 0.08229852104451747, 0.1685818303765403], [0.9652579488022787, 7.898686660304218e-05, 0.000985119923979979, 0.0336779444071381], [0.3115190084243789, 0.39069467700785193, 0.2678704328059101, 0.02991588176185915], [0.22228155711269065, 0.041617438530538405, 0.1450788986008038, 0.591022105755967], [0.39473718885837317, 0.5853073347597036, 0.01872538856042017, 0.0012300878215028923], [0.8294835398839657, 0.15204722153538902, 0.015671479423751005, 0.0027977591568941252], [0.013597731302008167, 0.8412334763907723, 0.14498399451005672, 0.00018479779716282395], [0.8920344184661332, 0.02573230483091133, 0.0003827103336922355, 0.0818505663692633], [0.9848665072018427, 0.0013730695045695027, 0.01316396912442782, 0.0005964541691600333], [0.029873186506205594, 0.9024983133316732, 0.06760030353183706, 2.8196630284081677e-05], [0.3252368824275731, 0.6689172257754785, 0.004064464517689783, 0.0017814272792584637], [0.2367010907841296, 0.001838120948918125, 0.21346373710794778, 0.5479970511590045], [0.8099063485643183, 0.012408648257573091, 0.036703660215935185, 0.14098134296217338], [0.12433646871070775, 0.02528694845212763, 0.8503315354084858, 4.504742867875196e-05], [0.8536467560150379, 0.0021565954382775526, 6.129551356092313e-05, 0.14413535303312353], [0.4817609047506576, 0.17713682846514292, 0.3303955996312666, 0.010706667152932961], [0.1723764212072476, 0.46259987560539373, 0.3444540430170962, 0.02056966017026249], [0.7994801647945313, 0.15615827940379878, 0.004205642225108175, 0.040155913576561626], [0.2240352640523516, 0.01037425035142358, 0.46025008395529754, 0.30534040164092724], [0.002386340252240616, 0.008662627982340153, 0.959029294800724, 0.029921736964695266], [0.030743052634807904, 0.7157211650166945, 0.2455470859095631, 0.007988696438934578], [0.9084743562402484, 0.0225977567965079, 0.06426148246539351, 0.0046664044978501846]]}}