{"test": {"ids": ["109115211", "106113830", "104114230", "97107950", "108114200", "104116441", "113122430", "102110240", "97107040", "100113370", "98106880", "113119320", "108119550", "98110230", "108120700", "104109311", "101108370", "112118820", "113118630", "99112531", "97105960", "111121351", "103110220", "105115680", "100109000", "105119550", "109116170", "109116040", "100111380", "110119891", "108118291", "110118450", "111121410", "105112130", "108121351", "98108410", "113121810", "99111620", "109117271", "105113260", "105111990", "108115250", "104113170", "106116441", "107120880", "109118231", "113121750", "111116990", "100108580", "109120150", "98108520", "111120640", "105112260", "97116410", "109115380", "107119130", "104112201", "112118421", "107113170", "110119030", "98110710", "111115400", "97110950", "107120260", "109119340", "107112850", "112120670", "113117340", "105116860", "104111990", "99107640", "99108000", "103120730", "105119950", "110117870", "113117550", "103111990", "110116170", "102109850", "111118301", "110114561", "109121410", "111117200", "109115070", "112119320", "105113190", "98107210", "99108310", "111114171", "103120290", "110114610", "107114621", "107116980", "102113981", "112116900", "110118740", "106112770", "107116340", "98108150", "110114950", "98107380", "109113931", "110118701", "107118780", "98111231", "110116441", "107118120", "102118380", "104114410", "99117630", "108118060", "101111990", "109116750", "99117740", "100109360", "102109840", "102121700", "97107260", "113118620", "111115780", "102110500", "106115120", "97106000", "106114321", "113120601", "110117110", "97107920", "107119390", "113120260", "108117720", "99107950", "107119950", "107121540", "99119830", "100112060", "99109740", "104116980", "105112100", "98108370", "107113360", "110114651", "109118161"], "labels": [0, 1, 2, 2, 0, 1, 2, 3, 2, 3, 0, 1, 1, 3, 2, 3, 1, 0, 3, 3, 2, 0, 2, 2, 1, 1, 0, 0, 3, 3, 3, 0, 0, 1, 3, 1, 2, 3, 0, 3, 2, 1, 3, 0, 1, 1, 0, 0, 0, 2, 2, 0, 3, 3, 3, 1, 0, 3, 0, 0, 2, 0, 3, 1, 3, 1, 2, 2, 2, 2, 1, 2, 1, 3, 3, 3, 2, 0, 1, 3, 0, 0, 0, 0, 1, 3, 1, 2, 3, 2, 1, 0, 3, 1, 3, 3, 1, 3, 0, 0, 1, 1, 3, 1, 1, 3, 3, 1, 1, 3, 1, 2, 0, 2, 0, 2, 1, 2, 3, 1, 3, 1, 0, 2, 2, 0, 0, 2, 3, 1, 1, 3, 2, 1, 2, 3, 1, 1, 1, 0, 3, 0], "predicted_labels": [3, 1, 1, 1, 0, 1, 1, 3, 2, 1, 2, 0, 3, 1, 0, 0, 0, 3, 1, 3, 2, 1, 3, 1, 1, 0, 1, 3, 1, 1, 3, 2, 1, 1, 0, 1, 2, 1, 3, 3, 3, 3, 1, 0, 3, 1, 0, 0, 2, 2, 1, 1, 1, 3, 1, 1, 0, 3, 3, 3, 2, 0, 0, 1, 0, 1, 1, 1, 1, 0, 3, 2, 1, 0, 1, 3, 1, 3, 2, 1, 0, 1, 3, 1, 2, 0, 2, 0, 3, 1, 1, 3, 0, 1, 0, 3, 2, 1, 1, 3, 2, 3, 1, 3, 0, 1, 3, 1, 0, 0, 1, 3, 0, 1, 3, 1, 1, 2, 1, 0, 0, 0, 3, 0, 1, 2, 0, 3, 2, 1, 2, 3, 1, 2, 1, 2, 2, 3, 2, 3, 1, 0], "confidence_scores": [[0.24485094748938727, 0.3173471495796766, 0.1144269531812909, 0.32337494974964515], [0.25461853022096204, 0.2883352403858651, 0.16896729292464707, 0.2880789364685257], [0.19691709821089834, 0.2941324482248737, 0.24134765252725024, 0.2676028010369777], [0.18671836589445032, 0.3115935132886739, 0.21677047737872646, 0.2849176434381492], [0.29844483881797074, 0.29735093207958624, 0.12887485893531003, 0.2753293701671331], [0.2987878567425807, 0.3043424822943003, 0.08384706303132011, 0.31302259793179876], [0.14110254684532234, 0.3390587876333495, 0.2101905379694504, 0.30964812755187776], [0.27176742440470203, 0.25805026452334673, 0.1730579643869581, 0.29712434668499255], [0.19952475322480387, 0.2683536570337546, 0.2720461798429694, 0.2600754098984723], [0.1955446943513995, 0.30267086635648854, 0.21578628404044103, 0.2859981552516708], [0.1394035595650002, 0.2875270008442588, 0.32699171244560643, 0.2460777271451345], [0.31931200273820215, 0.2657304616108146, 0.10730336303018438, 0.3076541726207986], [0.2863458031748521, 0.26941327031414625, 0.13840134074259813, 0.30583958576840353], [0.2871587692629224, 0.2905374559367235, 0.12510616098929186, 0.2971976138110624], [0.3356325078962501, 0.25936949337698806, 0.10423072486923998, 0.3007672738575217], [0.33779714261290983, 0.26384951697600467, 0.0747485405202365, 0.3236047998908487], [0.3803177563681061, 0.23073678935437122, 0.10286216540020932, 0.28608328887731355], [0.2426251725986846, 0.31347258341653117, 0.11478321507257386, 0.3291190289122102], [0.20495798266012857, 0.30309943574916065, 0.21688026950021785, 0.2750623120904929], [0.25159889852886747, 0.28219553583412293, 0.17291792229639846, 0.2932876433406111], [0.17770498899608608, 0.2667932815071456, 0.2930657787136077, 0.2624359507831605], [0.25091505715726153, 0.32190002267471585, 0.14473211226151023, 0.2824528079065124], [0.1809450955833244, 0.30919846210511226, 0.21117432287734686, 0.29868211943421685], [0.1339872207904601, 0.36557060619019954, 0.2055370746844791, 0.2949050983348613], [0.23253570315817174, 0.28889191898720223, 0.19967041822418288, 0.2789019596304431], [0.2941735611162014, 0.2933981721176645, 0.11342915309198137, 0.2989991136741529], [0.1431381763931396, 0.33462282450248404, 0.22480650762730048, 0.29743249147707596], [0.19650704402260025, 0.27829947028497504, 0.22069009132558892, 0.30450339436683604], [0.29792430487146737, 0.30466631582058873, 0.09488603170792269, 0.3025233476000209], [0.16798698923829808, 0.33280057136477353, 0.19021184819482898, 0.3090005912020994], [0.3212793975756059, 0.2590648122438491, 0.0979796910357505, 0.3216760991447944], [0.13628781580434937, 0.30772951588485586, 0.2988731093330928, 0.2571095589777021], [0.26780299368227645, 0.300357196590619, 0.1254967489333193, 0.3063430607937852], [0.16340864281930115, 0.3249623762466557, 0.2243469324430262, 0.2872820484910169], [0.29786860063576587, 0.2734511620101956, 0.129812651053255, 0.2988675863007835], [0.27379793792832413, 0.3022854805013787, 0.1333074599867071, 0.29060912158359004], [0.13952013486265527, 0.3196489807151112, 0.3230102129397343, 0.21782067148249878], [0.17656330457717204, 0.3062339889593972, 0.23510305646221688, 0.28209965000121373], [0.2782179977129369, 0.26095437563663565, 0.14698814835255344, 0.3138394782978738], [0.3142338249451962, 0.26825289494845567, 0.08792302598672073, 0.32959025411962756], [0.2886301572885949, 0.30318197336168584, 0.09131518508027715, 0.31687268426944215], [0.2140628672198184, 0.2745657280159053, 0.23044403703372793, 0.28092736773054844], [0.18316511157934443, 0.31313416404375993, 0.2165624702819553, 0.28713825409494015], [0.31474446710296744, 0.29782771257778173, 0.11010109648947304, 0.2773267238297775], [0.24034805733936426, 0.26017526135789487, 0.21020371319344877, 0.2892729681092918], [0.27623406934132333, 0.3026522759678347, 0.1264244662731598, 0.2946891884176823], [0.29460896830011074, 0.29309057966015495, 0.10444092578025367, 0.3078595262594803], [0.3373383788191459, 0.26343278076104437, 0.11485948078102912, 0.28436935963878074], [0.19606454492141298, 0.26764386823585523, 0.30549379897372514, 0.23079778786900687], [0.15897242967705905, 0.2784236117060121, 0.3094929616788403, 0.2531109969380883], [0.2491151534998455, 0.31267764021325617, 0.16745850450994731, 0.27074870177695076], [0.28746341373009154, 0.299706531503201, 0.11959458625986591, 0.29323546850684173], [0.22996227935922386, 0.2950432178730376, 0.19049655167808796, 0.28449795108965037], [0.23956767084623343, 0.2786273384686464, 0.19756310835445007, 0.28424188233066994], [0.13835535351893516, 0.3189777762617086, 0.25760000199871536, 0.2850668682206409], [0.2415727421713463, 0.31634082702165667, 0.14124096646825943, 0.3008454643387377], [0.3404113300966891, 0.26603279326387624, 0.09919714972209792, 0.29435872691733644], [0.29021825658106415, 0.2697305317279633, 0.138263368666822, 0.30178784302415007], [0.25097618161386515, 0.29346403482613925, 0.1417801860177711, 0.31377959754222484], [0.25095195144674387, 0.3012325902092739, 0.13029192481132051, 0.31752353353266166], [0.17187857540345894, 0.2961246651870315, 0.2705233413146813, 0.2614734180948281], [0.31527531282362975, 0.2684695078673477, 0.1789541981668016, 0.23730098114222076], [0.291831408908937, 0.256465377940244, 0.18629069501237913, 0.2654125181384397], [0.18545847073383778, 0.3136851289737104, 0.2557637938727711, 0.24509260641968056], [0.2935888451670147, 0.27245044612408037, 0.14323069643695766, 0.29073001227194695], [0.21574084767617446, 0.3412692728118481, 0.1550969904050372, 0.28789288910694], [0.17084238593440557, 0.3214838344642283, 0.23101309626813624, 0.2766606833332299], [0.2055677814221745, 0.3081341922939299, 0.2228866328973303, 0.26341139338656544], [0.281590705050527, 0.2926683657858529, 0.13366242604004655, 0.29207850312357375], [0.2963391213196266, 0.28330323319133444, 0.12446247217069024, 0.2958951733183487], [0.22031340006144787, 0.28977289904485204, 0.19082863745843967, 0.2990850634352604], [0.15613898833525536, 0.3013990780513927, 0.2761580112059597, 0.2663039224073924], [0.2696830966161255, 0.3017569111725221, 0.12733768286191763, 0.3012223093494349], [0.2900038411140637, 0.28216003546399343, 0.1276391248264659, 0.30019699859547727], [0.17108630416444873, 0.32849829969018923, 0.2020300260973126, 0.2983853700480496], [0.29044257681991853, 0.2685809260932741, 0.15452983054580666, 0.28644666654100037], [0.22340265526029074, 0.3277715431251081, 0.15517540883545664, 0.2936503927791442], [0.25438341859997415, 0.28339780535445785, 0.16400283313761763, 0.29821594290795034], [0.13530112623472473, 0.31962566806186266, 0.2904939933455088, 0.25457921235790354], [0.2575923870911779, 0.29543295743176173, 0.16309770327187112, 0.2838769522051897], [0.28307398259440564, 0.2853823809199382, 0.15862443941376353, 0.27291919707189266], [0.21522643760546867, 0.3338989116733365, 0.13488134428379595, 0.3159933064373985], [0.27435948523518355, 0.2821466771799425, 0.1325247970503706, 0.3109690405345032], [0.20080764060879008, 0.35903599595038077, 0.14766955602886106, 0.2924868074119683], [0.15433058706849484, 0.29632500523430044, 0.2826733955655837, 0.26667101213162114], [0.3314284568274761, 0.26045780584266665, 0.09631163548876165, 0.3118021018410954], [0.19274585638561906, 0.2795018007692392, 0.2663485913545851, 0.26140375149055656], [0.27539402721855744, 0.27758280648200756, 0.1614451779951995, 0.2855779883042354], [0.29103015722528597, 0.289706956469632, 0.08874676576197241, 0.33051612054310947], [0.1750074203028599, 0.3033542287318561, 0.25533902657725926, 0.2662993243880246], [0.18254227191689415, 0.3124678605979181, 0.28565190783082794, 0.21933795965435943], [0.23351833562939964, 0.3130001210984732, 0.15057370928232905, 0.30290783398979815], [0.34547876741210337, 0.2563112548609509, 0.11364171408714659, 0.28456826363979904], [0.25265302966259223, 0.3289006375238347, 0.15623108305126593, 0.2622152497623072], [0.3004850238981019, 0.2968638243416086, 0.1080555821792865, 0.294595569581003], [0.3061110149453348, 0.24217813474585534, 0.15805675832369798, 0.29365409198511194], [0.12609908700712905, 0.3186422547881903, 0.28518000641404356, 0.2700786517906373], [0.12938728083984255, 0.32820021140509187, 0.2792142759724929, 0.2631982317825725], [0.2571986845342457, 0.2953218604030664, 0.1531165170712662, 0.29436293799142155], [0.3213979162927498, 0.2592521039968994, 0.10995270918116068, 0.30939727052919], [0.19905998784262569, 0.26801108228635945, 0.26435304157684203, 0.2685758882941727], [0.29138450227455437, 0.28950600710045243, 0.10353131072052517, 0.3155781799044684], [0.2515917188631655, 0.29631864838287875, 0.16976455282810715, 0.2823250799258484], [0.3014307950665948, 0.28753153622001565, 0.09627125958552438, 0.31476640912786535], [0.3175461592845392, 0.26776721617513816, 0.13312816845356715, 0.28155845608675556], [0.24309044662646448, 0.2879251672865286, 0.1922518190634612, 0.2767325670235458], [0.2899917404597472, 0.27261953051038046, 0.13203844660837702, 0.3053502824214951], [0.20389084726539294, 0.32635196211951073, 0.20507738361875044, 0.26467980699634613], [0.31835503955141237, 0.2525259355995469, 0.1231262109111406, 0.3059928139379001], [0.2857500488992632, 0.26301712294914453, 0.17044102515197912, 0.2807918029996133], [0.2635602991553082, 0.31039829838631566, 0.12026126433132352, 0.30578013812705285], [0.2612152226890589, 0.27989654795960583, 0.15028050400264217, 0.3086077253486931], [0.28523824659292735, 0.2851367863898106, 0.1500072876833291, 0.2796176793339329], [0.158729421149701, 0.3081537297247858, 0.2647039249081955, 0.2684129242173179], [0.25579525347296966, 0.25182363721670264, 0.22286744799196098, 0.26951366131836707], [0.182509568975206, 0.31344424292905865, 0.2325935004513085, 0.27145268764442676], [0.2707150924496706, 0.3057395705331302, 0.13253184322584657, 0.29101349379135255], [0.11977754275510184, 0.2787870584961154, 0.38944946825637455, 0.2119859304924084], [0.2667791434294593, 0.29741724540065856, 0.1524339047641514, 0.28336970640573134], [0.29336945762933436, 0.2773230845124104, 0.13709791614574637, 0.2922095417125092], [0.32903823592930204, 0.24829873858831786, 0.12265015480099685, 0.3000128706813835], [0.36327100400988016, 0.24722959048679194, 0.08591697503596256, 0.30358243046736516], [0.19338924335952268, 0.2954937743189666, 0.21104949866454376, 0.30006748365696706], [0.24353635858576303, 0.2788501129669553, 0.2166188300745606, 0.2609946983727214], [0.1590380097598681, 0.30819340410224977, 0.2551657037713648, 0.2776028823665174], [0.14980383750696064, 0.29584870586985607, 0.30935380654423617, 0.24499365007894736], [0.3316145244619505, 0.23137426072048647, 0.13646146064960285, 0.30054975416796015], [0.21054051821161676, 0.2795315553396596, 0.23718242791606406, 0.2727454985326597], [0.18892645768292285, 0.2948633474007914, 0.26364347547086814, 0.25256671944541753], [0.23109978273086737, 0.30716568863413785, 0.1509047867026255, 0.3108297419323693], [0.1029569639594871, 0.3291595597412985, 0.28697933608533166, 0.28090414021388266], [0.21234309001660048, 0.29475369643495736, 0.19230197011746775, 0.3006012434309743], [0.2057621616196069, 0.2951006035564574, 0.2185561953642258, 0.2805810394597101], [0.1414526771728955, 0.3165036220104572, 0.2711322233528066, 0.2709114774638404], [0.23326530896000772, 0.2887969950862625, 0.2046363348348447, 0.27330136111888514], [0.1460145000462934, 0.30067773726032676, 0.3046831145536464, 0.24862464813973348], [0.1507700767161645, 0.3004790689551508, 0.27535152383046585, 0.2733993304982188], [0.2890977472792013, 0.2629610198516177, 0.1422948215720719, 0.3056464112971092], [0.1218241862897591, 0.290719193124628, 0.33690438478756396, 0.25055223579804903], [0.28898744250611685, 0.2743275888536209, 0.1306592679519831, 0.30602570068827906], [0.2262358409353656, 0.3156472232109471, 0.15700704273003283, 0.3011098931236545], [0.31542712646825816, 0.2840377537946108, 0.10539777530088767, 0.29513734443624323]]}, "rewritten": {"ids": ["97105960", "97106000", "97107040", "97107260", "97107920", "97107950", "97110950", "97116410", "98106880", "98107210", "98107380", "98108150", "98108370", "98108410", "98108520", "98110230", "98110710", "98111231", "99107640", "99107950", "99108000", "99108310", "99109740", "99111620", "99112531", "99117630", "99117740", "99119830", "100108580", "100109000", "100109360", "100111380", "100112060", "100113370", "101108370", "101111990", "102109840", "102109850", "102110240", "102110500", "102113981", "102118380", "102121700", "103110220", "103111990", "103120290", "103120730", "104109311", "104111990", "104112201", "104113170", "104114230", "104114410", "104116441", "104116980", "105111990", "105112100", "105112130", "105112260", "105113190", "105113260", "105115680", "105116860", "105119550", "105119950", "106112770", "106113830", "106114321", "106115120", "106116441", "107112850", "107113170", "107113360", "107114621", "107116340", "107116980", "107118120", "107118780", "107119130", "107119390", "107119950", "107120260", "107120880", "107121540", "108114200", "108115250", "108117720", "108118060", "108118291", "108119550", "108120700", "108121351", "109113931", "109115070", "109115211", "109115380", "109116040", "109116170", "109116750", "109117271", "109118161", "109118231", "109119340", "109120150", "109121410", "110114561", "110114610", "110114651", "110114950", "110116170", "110116441", "110117110", "110117870", "110118450", "110118701", "110118740", "110119030", "110119891", "111114171", "111115400", "111115780", "111116990", "111117200", "111118301", "111120640", "111121351", "111121410", "112116900", "112118421", "112118820", "112119320", "112120670", "113117340", "113117550", "113118620", "113118630", "113119320", "113120260", "113120601", "113121750", "113121810", "113122430"], "labels": [2, 0, 2, 2, 0, 2, 3, 3, 0, 1, 1, 0, 1, 1, 2, 3, 2, 1, 1, 1, 2, 2, 3, 3, 3, 3, 2, 1, 0, 1, 0, 3, 2, 3, 1, 2, 2, 1, 3, 3, 1, 1, 1, 2, 2, 2, 1, 3, 2, 0, 3, 2, 1, 1, 1, 2, 1, 1, 3, 3, 3, 2, 2, 1, 3, 1, 1, 2, 1, 0, 1, 0, 0, 0, 3, 3, 3, 1, 1, 2, 3, 1, 1, 2, 0, 1, 1, 1, 3, 1, 2, 3, 1, 0, 0, 3, 0, 0, 0, 0, 0, 1, 3, 2, 0, 0, 1, 3, 0, 0, 3, 0, 3, 0, 3, 3, 0, 3, 3, 0, 1, 0, 0, 3, 0, 0, 0, 3, 3, 0, 1, 2, 2, 3, 3, 3, 1, 3, 2, 0, 2, 2], "predicted_labels": [2, 3, 2, 2, 0, 3, 3, 3, 2, 2, 3, 1, 2, 0, 1, 1, 2, 0, 3, 2, 2, 0, 1, 3, 3, 0, 3, 3, 2, 3, 3, 0, 1, 3, 0, 3, 1, 2, 3, 0, 1, 1, 1, 3, 3, 2, 1, 3, 0, 0, 1, 1, 3, 3, 2, 3, 3, 3, 3, 0, 3, 1, 1, 0, 0, 3, 3, 0, 0, 1, 1, 3, 3, 3, 0, 0, 1, 0, 1, 0, 3, 1, 3, 1, 0, 3, 3, 1, 3, 3, 0, 3, 3, 1, 3, 3, 3, 3, 3, 3, 0, 1, 0, 2, 3, 1, 1, 1, 0, 3, 3, 2, 3, 1, 3, 3, 3, 3, 3, 0, 0, 0, 3, 3, 1, 1, 0, 0, 0, 3, 2, 1, 1, 3, 1, 3, 0, 2, 3, 3, 2, 3], "confidence_scores": [[0.1949504691767148, 0.2644321674563442, 0.26461097076347534, 0.2760063926034658], [0.14866459279774646, 0.3141121995541555, 0.2296214174035403, 0.30760179024455786], [0.17662444953637724, 0.2628178691925906, 0.29515263388693946, 0.2654050473840928], [0.12027560679176984, 0.27386379781560394, 0.3612587531295122, 0.24460184226311385], [0.3420899122666906, 0.22546486676162542, 0.12844664755860627, 0.3039985734130778], [0.21356445721338674, 0.2880336937314361, 0.20390345605594562, 0.2944983929992317], [0.2776413355649722, 0.25216612615577105, 0.19546715869560563, 0.27472537958365106], [0.22134481945908574, 0.28830498497870927, 0.20675162575252828, 0.28359856980967685], [0.1585453800010742, 0.27927941428824943, 0.29417872076931884, 0.2679964849413576], [0.1933640794928204, 0.27523239519966697, 0.2623104104429307, 0.26909311486458154], [0.22776246988816967, 0.2607777806947137, 0.23538928446337365, 0.2760704649537431], [0.27033215418133744, 0.2843426014925395, 0.1498338477905879, 0.295491396535535], [0.14515808762466606, 0.28244602781552286, 0.29806126628288976, 0.2743346182769211], [0.29768407947823183, 0.2771931070743089, 0.14548234069562302, 0.279640472751836], [0.2781848837384105, 0.29908497648990207, 0.1370410506735875, 0.2856890890981], [0.2652847684665905, 0.30231533115373815, 0.14233459225365014, 0.2900653081260212], [0.16474049492955198, 0.28822532142731777, 0.27297197559545694, 0.2740622080476735], [0.308521746756235, 0.26960289766992657, 0.14262487978058225, 0.27925047579325624], [0.2003554659563741, 0.29051946359826347, 0.211558855155036, 0.29756621529032623], [0.10146512678629792, 0.3284850372819804, 0.29359664006586955, 0.2764531958658521], [0.16960357784969016, 0.2963458871107917, 0.27163504509947173, 0.2624154899400466], [0.27745643410126075, 0.28112685170008633, 0.15199229097811257, 0.28942442322054013], [0.1494276965921498, 0.31118127953162356, 0.2857645953100087, 0.2536264285662179], [0.19881235628238728, 0.2932477429612674, 0.21789415035395582, 0.29004575040238956], [0.2807458709623946, 0.27239632290330995, 0.1480855333296745, 0.29877227280462093], [0.2962955532875811, 0.2587618539572821, 0.1594361314456747, 0.2855064613094622], [0.20601955492667712, 0.2839003736368439, 0.2340238238221209, 0.2760562476143581], [0.15305490933474009, 0.31395584349310274, 0.25199156453195065, 0.28099768264020647], [0.1913434245316339, 0.26844293175757367, 0.31002462617930143, 0.23018901753149074], [0.23935923402900064, 0.27186441365633, 0.21002968646966727, 0.27874666584500196], [0.22759851409020054, 0.26101788015085664, 0.23794422533383153, 0.27343938042511123], [0.30295919368341595, 0.29176597250019887, 0.1057610887513999, 0.2995137450649855], [0.23920719773947083, 0.2842550652259708, 0.20209285968637639, 0.27444487734818224], [0.2275480880579671, 0.2839490756045824, 0.1860769153441246, 0.3024259209933258], [0.369716505941796, 0.22715984367797026, 0.12549989667161526, 0.27762375370861864], [0.2398557458614727, 0.27504457022941964, 0.173006777368262, 0.3120929065408457], [0.1843288829350376, 0.310160495821255, 0.24726142925373706, 0.25824919198997026], [0.16088014831463562, 0.2975660287254462, 0.28525302327421515, 0.25630079968570313], [0.2530473213381207, 0.2699065667945314, 0.180118677136104, 0.29692743473124367], [0.31902484012918475, 0.2356148238727075, 0.14892109679292878, 0.2964392392051788], [0.25869805948705465, 0.3191064829361008, 0.15328148041277065, 0.2689139771640741], [0.2072141000070563, 0.30667966090905663, 0.2137920532500765, 0.2723141858338103], [0.2656726884681313, 0.3093928455727657, 0.13930910693977178, 0.2856253590193312], [0.15958710747687158, 0.294524297782273, 0.2433973382356758, 0.3024912565051794], [0.24750215607482817, 0.2996022508910534, 0.15415331800020876, 0.29874227503390965], [0.17604713593773041, 0.2784416124896942, 0.2932615729832508, 0.2522496785893247], [0.27708825107977786, 0.2910012567817974, 0.12951068179846836, 0.30239981033995633], [0.32895874016322807, 0.26502705760784573, 0.07926483274046181, 0.32674936948846417], [0.2961806875631393, 0.2746201711898599, 0.13290277646264276, 0.2962963647843578], [0.3264967309176813, 0.27354386356584015, 0.11226690297018406, 0.2876925025462944], [0.17015624784987565, 0.313339329999493, 0.22823274513195788, 0.2882716770186733], [0.19205798300790802, 0.29276563597637867, 0.24494799771798992, 0.27022838329772336], [0.3196134895231581, 0.2514354883122906, 0.11567787980318729, 0.3132731423613643], [0.29198057050985504, 0.3082331020892974, 0.07334720766666919, 0.3264391197341783], [0.13373466318838195, 0.3125657280806134, 0.2796074708353555, 0.2740921378956491], [0.29746815678270333, 0.2914116161768683, 0.09327356667909588, 0.3178466603613325], [0.2899252966456252, 0.25959974415060894, 0.13944418211857657, 0.3110307770851895], [0.1934175033955737, 0.3072110605407033, 0.2013840005237303, 0.2979874355399927], [0.2633014532655035, 0.2816791570786754, 0.16337362285583062, 0.2916457667999906], [0.34521378852610873, 0.2395722948523491, 0.10014918704495121, 0.31506472957659093], [0.2796561850945167, 0.2798048832530849, 0.11462540263583954, 0.3259135290165587], [0.16391491480426928, 0.3523934996647127, 0.17909003472545063, 0.30460155080556744], [0.2718652138166543, 0.29135598126880974, 0.14950192580850002, 0.28727687910603567], [0.31382638096326, 0.2781192168702786, 0.10042933166753334, 0.30762507049892807], [0.2741277613769162, 0.2834501952293811, 0.16680632325646522, 0.2756157201372377], [0.16508645287428184, 0.2931376963384656, 0.24511474614745388, 0.29666110463979833], [0.3003709730557412, 0.2526380721239891, 0.14315790720389532, 0.30383304761637436], [0.263083431854471, 0.2769256682233674, 0.19242607568235662, 0.26756482423980493], [0.3676104365249334, 0.24480954048340658, 0.08638111110300979, 0.3011989118886501], [0.2812048703295577, 0.3127779585450143, 0.1195620209689561, 0.2864551501564722], [0.24866209690845723, 0.3172512162221733, 0.13859724749656985, 0.29548943937279953], [0.24149555313773657, 0.2914328916971062, 0.15348355622616988, 0.3135879989389872], [0.2949435622563061, 0.27049772817159384, 0.1247820857933064, 0.3097766237787939], [0.22613257249577515, 0.30767486597985616, 0.16653334766915634, 0.2996592138552122], [0.2706820627981848, 0.27830290707311717, 0.16361090970838327, 0.2874041204203149], [0.3535308248831147, 0.24402623991984002, 0.11881505228788139, 0.2836278829091638], [0.24011957550292984, 0.29940908747164924, 0.15976335603777875, 0.3007079809876425], [0.32560236391905256, 0.26687964779499057, 0.090323139333882, 0.317194848952075], [0.2445012419418814, 0.31104049100018455, 0.14284676762485363, 0.3016114994330806], [0.23896719958191567, 0.2761051458236451, 0.20884560617946302, 0.27608204841497636], [0.23033892168207026, 0.2816861280215627, 0.1906005693684407, 0.2973743809279263], [0.2898904095188755, 0.30340274384206756, 0.12686397024114948, 0.2798428763979072], [0.25368696446379474, 0.260057806300806, 0.17993269278578683, 0.3063225364496126], [0.21704854684131866, 0.29154407869014715, 0.21433314390962144, 0.27707423055891284], [0.3260283335886861, 0.2746622203332806, 0.11267045829327108, 0.28663898778476227], [0.23456930585506724, 0.26366175995646995, 0.21229766024530075, 0.2894712739431617], [0.23656717875760225, 0.30141837582358966, 0.14947049732280357, 0.3125439480960047], [0.27473989877541904, 0.300752938274555, 0.11429019323048528, 0.31021696971954055], [0.28243843551544306, 0.2583244453261749, 0.14411859270158567, 0.3151185264567962], [0.3108213451129258, 0.25923399357189014, 0.1167247317299986, 0.31321992958518535], [0.3282954098461966, 0.25511683353462233, 0.12875124843048943, 0.2878365081886917], [0.28226286461693967, 0.2783239761710404, 0.14140708310489356, 0.2980060761071262], [0.2885863277039316, 0.28459740156131424, 0.1105530685318839, 0.3162632022028702], [0.2118925757967123, 0.3464223427684491, 0.14901246086439612, 0.29267262057044247], [0.23975052670482438, 0.2992792123022823, 0.1258307622844309, 0.33513949870846244], [0.203385898343211, 0.2850014522402411, 0.20801260593124746, 0.30360004348530073], [0.19687097211703436, 0.27772095872177005, 0.21735395436417254, 0.30805411479702294], [0.21133420528518748, 0.2999450545493443, 0.18293614513746115, 0.3057845950280072], [0.2689094464014013, 0.2846448266514139, 0.1552028675304377, 0.2912428594167467], [0.2769217772242602, 0.264575516648586, 0.1432845784798432, 0.31521812764731044], [0.3119461629613522, 0.28077297052749345, 0.11133642763883828, 0.2959444388723161], [0.25195573694916923, 0.30391488081778045, 0.14693722513321048, 0.29719215709983987], [0.28170877267405803, 0.27063259406368007, 0.15717762769322416, 0.29048100556903755], [0.15836804794737883, 0.2797454513491131, 0.300657498657227, 0.26122900204628136], [0.23313562856551281, 0.3160290350623277, 0.13611428425485347, 0.3147210521173058], [0.2535016388396156, 0.2834639062483572, 0.18482949367498733, 0.27820496123703986], [0.18200265762806567, 0.30505828730965384, 0.2710914572835499, 0.24184759777873074], [0.2290593481019479, 0.3104105136430806, 0.1609971802643737, 0.29953295799059815], [0.3255924205537336, 0.2594376318607389, 0.10488476302203822, 0.3100851845634891], [0.2530275732827689, 0.2745841807644502, 0.16581236154225001, 0.306575884410531], [0.23945864375085374, 0.2792811501686379, 0.196521180540884, 0.28473902553962416], [0.16549011561961216, 0.2987593609571737, 0.2778524500673369, 0.25789807335587733], [0.18637949094229056, 0.3016951450324628, 0.22560426888169574, 0.2863210951435505], [0.16603315500636973, 0.30314334368808205, 0.264577544490391, 0.2662459568151573], [0.22647323051878399, 0.279420124855794, 0.21384078609253293, 0.2802658585328891], [0.31734786287766625, 0.240603050828957, 0.14248043689545273, 0.2995686493979239], [0.23521200214705665, 0.2977451152177739, 0.1541501139692206, 0.3128927686659489], [0.18525628748991693, 0.3135459761988086, 0.17895832851525434, 0.32223940779602006], [0.2892764994008147, 0.28293536151264465, 0.10063255997346306, 0.3271555791130776], [0.3293084243910964, 0.2424932032588309, 0.1718968741682973, 0.2563014981817754], [0.3005937632186935, 0.2701807630036173, 0.13383735826439416, 0.295388115513295], [0.31568091442091234, 0.2644675268675874, 0.13061538989187402, 0.2892361688196263], [0.27642858169464823, 0.28524830067284046, 0.12203854047462175, 0.3162845771578895], [0.25823185505183605, 0.2875254763139514, 0.16269362082145808, 0.29154904781275437], [0.2788285241727406, 0.3007600644755666, 0.1251038767270617, 0.29530753462463116], [0.26058735495383384, 0.30861894803690854, 0.1440105203084252, 0.2867831767008326], [0.3027510785329215, 0.27981146246098487, 0.10564335566911827, 0.3117941033369753], [0.3091390014740622, 0.2774958875255967, 0.11991404959404892, 0.2934510614062922], [0.30969926574469897, 0.27667590797871033, 0.11065903672261006, 0.30296578955398057], [0.2683268703060586, 0.29468547284540036, 0.11523586511343242, 0.32175179173510854], [0.11887150142428082, 0.3056864019140129, 0.318248584911661, 0.2571935117500454], [0.17166657672130897, 0.3076298862777065, 0.24894682815231925, 0.2717567088486651], [0.24754789008394598, 0.29479580205988654, 0.19410032579487757, 0.2635559820612897], [0.3203738703637154, 0.2535979749192326, 0.12398061561787707, 0.30204753909917487], [0.2693707365576167, 0.3014879931561462, 0.14753819812328559, 0.28160307216295155], [0.22161200209512225, 0.28673043644523954, 0.19279523544640847, 0.2988623260132297], [0.3150228117404165, 0.26847484226240736, 0.108585318046581, 0.3079170279505953], [0.19661356297079147, 0.27086064413283656, 0.2729770327595921, 0.25954876013677947], [0.16311002913171468, 0.31284471056611285, 0.2358503348636751, 0.28819492543849745], [0.29489553448336725, 0.2877849998100549, 0.10536923990625144, 0.3119502258003267], [0.13554284331629085, 0.3179236677306154, 0.32998066496391787, 0.21655282398917572], [0.1651557570037597, 0.32209796966649645, 0.19868229124137105, 0.31406398208837266]]}}