{"test": {"ids": ["113121410", "98113881", "103111170", "106115120", "104111711", "113120280", "106118820", "103113170", "111115620", "110120540", "100109890", "108115570", "112118161", "108118810", "106114150", "103111110", "112119120", "101119030", "102112030", "106116640", "112117780", "99109740", "103111540", "101115190", "105119550", "113117630", "112118620", "97108520", "108114180", "112116401", "102109850", "104111620", "112118880", "107113840", "100109360", "111121410", "98108580", "98108970", "106116441", "108121410", "112118860", "110121450", "110115250", "113118630", "113120260", "105115570", "106119580", "101111140", "99107950", "112118550", "112118701", "100108260", "107119390", "110117110", "108116481", "112121430", "102111990", "100120780", "113118511", "104111990", "111120531", "103120340", "107114280", "110119891", "107118520", "98110230", "101108080", "105112130", "108113760", "111116750", "99110730", "110118450", "98109311", "105116441", "105110251", "112119580", "113118690", "108121351", "103110840", "97116401", "98110710", "106118301", "113121220", "99120010", "104118070", "109113281", "113120780", "106113190", "105115720", "105118171", "112121351", "101117580", "113118810", "108115880", "112120290", "97107681", "97106970", "111118301", "111116170", "111121190", "107113170", "108120260", "109113591", "113120830", "102112250", "102109840", "108113620", "113121010", "108115970", "112120540", "109114220", "108117451", "111117480", "111120540", "110118181", "109113931", "113118111", "110114321", "110113931", "108120280", "110118930", "107120880", "113122150", "109119010", "105117431", "113119700", "105112260", "103111620", "97116800", "103113610", "109117150", "111119250", "103111480", "111116090", "99105921", "111120220", "112116880", "108118520", "107119130", "100112060", "110120190", "112117461"], "labels": [0, 3, 2, 1, 1, 0, 3, 3, 1, 1, 3, 3, 0, 1, 1, 3, 1, 3, 2, 3, 0, 3, 1, 1, 1, 0, 3, 2, 1, 0, 1, 0, 1, 3, 0, 0, 0, 3, 0, 0, 3, 3, 1, 3, 3, 0, 3, 2, 1, 3, 0, 3, 2, 0, 0, 2, 2, 1, 1, 2, 0, 1, 3, 3, 2, 3, 0, 1, 1, 3, 3, 0, 1, 1, 0, 3, 3, 3, 1, 3, 2, 1, 3, 2, 2, 0, 0, 0, 1, 3, 0, 3, 3, 3, 1, 3, 2, 3, 0, 1, 0, 1, 3, 3, 0, 2, 3, 2, 2, 3, 3, 2, 1, 1, 1, 1, 1, 1, 1, 3, 1, 1, 2, 3, 1, 0, 3, 0, 0, 2, 2, 1, 0, 3, 1, 3, 0, 0, 1, 2, 3, 0], "predicted_labels": [3, 1, 3, 0, 2, 3, 3, 1, 3, 1, 3, 0, 1, 3, 3, 1, 3, 3, 1, 3, 3, 1, 3, 1, 0, 1, 3, 3, 3, 0, 1, 3, 1, 1, 3, 1, 1, 1, 1, 1, 1, 1, 3, 1, 1, 3, 1, 0, 2, 3, 1, 1, 2, 1, 0, 0, 3, 3, 1, 1, 1, 1, 1, 3, 1, 1, 1, 1, 1, 3, 1, 1, 0, 1, 1, 1, 1, 0, 1, 2, 1, 3, 3, 3, 1, 0, 1, 1, 1, 1, 1, 0, 3, 1, 2, 2, 1, 1, 1, 1, 1, 1, 1, 1, 3, 1, 1, 1, 3, 1, 1, 0, 1, 1, 1, 1, 3, 1, 1, 0, 1, 0, 3, 3, 1, 1, 3, 1, 0, 3, 0, 1, 1, 3, 0, 1, 1, 1, 1, 0, 1, 3], "confidence_scores": [[0.26534617604617605, 0.28879349539349536, 0.11483216228216234, 0.3310281662781662], [0.2303330946830947, 0.27485884670884675, 0.24968108003108014, 0.24512697857697874], [0.2586770634594165, 0.2592286246433305, 0.2134733299380358, 0.26862098195921724], [0.31041857586857585, 0.2785695526695526, 0.15370034965034973, 0.25731152181152195], [0.21903466810966812, 0.26584375069375077, 0.2978239565989565, 0.21729762459762464], [0.2724526029526031, 0.23436579531579552, 0.18012395937395947, 0.3130576423576424], [0.2605740370740371, 0.2549473082473084, 0.1915658508158508, 0.29291280386280394], [0.2091491952491953, 0.29055911310911314, 0.2519450382950382, 0.2483466533466534], [0.25991143578643594, 0.26656385281385286, 0.18669148629148638, 0.2868332251082252], [0.22203096348096346, 0.3373197191697192, 0.18785834720834724, 0.2527909701409703], [0.23943533133533138, 0.27921953046953046, 0.18002626262626267, 0.30131887556887543], [0.2925601343101342, 0.2520128815628817, 0.17693328338328349, 0.2784937007437007], [0.24766894494394512, 0.2854598457098457, 0.18142701742701756, 0.285444191919192], [0.23692212232212245, 0.26941818736818735, 0.1935279553779554, 0.300131734931735], [0.23576381037263394, 0.27645530939648605, 0.2049904040404042, 0.28279047619047626], [0.2082036186036187, 0.2995508991008994, 0.21697564657564666, 0.2752698357198357], [0.22681041181041178, 0.23316187897070265, 0.22005542235542233, 0.31997228686346335], [0.26949313741813746, 0.2518834776334777, 0.17149357864357875, 0.30712980630480624], [0.2567999000999002, 0.2945396658896658, 0.20939479964479973, 0.23926563436563458], [0.25200286380286396, 0.25496889499389513, 0.19411350038850056, 0.29891474081474084], [0.26158514459396814, 0.26774929319046975, 0.1682709956709957, 0.3023945665445667], [0.19153935508935513, 0.3305112831612833, 0.2623562382062384, 0.21559312354312363], [0.2345574675324676, 0.27775568875568885, 0.20463907203907208, 0.28304777167277184], [0.20575682650682647, 0.2916180042180045, 0.23421092241092237, 0.26841424686424686], [0.33834682539682537, 0.30608029470529474, 0.1315071872571872, 0.2240656926406928], [0.2123864080364082, 0.28312302697302694, 0.24878382728382736, 0.25570673770673785], [0.28528045843045835, 0.2750935619935621, 0.1310632201132201, 0.3085627594627596], [0.2138954989454991, 0.2880034521034522, 0.19315143745143754, 0.3049496114996117], [0.22029474239211094, 0.25185208680208687, 0.18791444388944395, 0.33993872691635835], [0.34801730410112763, 0.21229286073403736, 0.15314440004440014, 0.2865454351204352], [0.23830797535797538, 0.2964704462204462, 0.2562554279054279, 0.20896615051615058], [0.29575486735486733, 0.21415894660894672, 0.18302678432678443, 0.30705940170940166], [0.1981074536574537, 0.31428619158619175, 0.21324327339327345, 0.27436308136308146], [0.23666433566433562, 0.27463684648684666, 0.21839195804195827, 0.2703068598068598], [0.2541946220446221, 0.24348741813741814, 0.23517409257409272, 0.2671438672438673], [0.2871789432789433, 0.2927783272283271, 0.17075599955599963, 0.24928672993673], [0.24586474832357189, 0.3182920798156092, 0.20136746309246326, 0.23447570876835602], [0.20815006105006123, 0.34110119880119866, 0.25823549783549793, 0.19251324231324238], [0.28166201853701867, 0.37965438172938176, 0.14139669774669789, 0.19728690198690207], [0.2687634004884006, 0.30618773448773456, 0.1824616883116884, 0.2425871767121768], [0.21311341991341992, 0.3273551226551226, 0.21128650793650813, 0.2482449494949496], [0.23134278499278504, 0.2966214785214786, 0.19507983127983136, 0.27695590520590524], [0.26088357198357204, 0.2669005217005219, 0.19859492174492174, 0.27362098457098455], [0.24579381174381174, 0.288608585858586, 0.19986302308802306, 0.26573457930957955], [0.18781587301587294, 0.29553953823953827, 0.2716598845598848, 0.24498470418470442], [0.2285000832500833, 0.2663126789876791, 0.22852745310245326, 0.2766597846597845], [0.20823529803529806, 0.3059828726828728, 0.21416216006216013, 0.27161966921966924], [0.3140282106782108, 0.2155873015873017, 0.21840228660228653, 0.2519822011322012], [0.17167161368043724, 0.290449304290481, 0.33538575313575314, 0.202493328893329], [0.2570775502275503, 0.25337399822399836, 0.15258846153846164, 0.33695999000998983], [0.2369109584859586, 0.2957076090576092, 0.1761621545121545, 0.29121927794427793], [0.23670585133820443, 0.2858192914928211, 0.21697143183613796, 0.2605034253328372], [0.23779215784215793, 0.22940465645465663, 0.2723016261516262, 0.2605015595515596], [0.2004460983460983, 0.3252156232656236, 0.22917251082251092, 0.24516576756576772], [0.33240199800199804, 0.24390457042957053, 0.1404567404817405, 0.28323669108669114], [0.32582416472416487, 0.2632885392385393, 0.1619167998667999, 0.24897049617049638], [0.27605299422799423, 0.23455039682539702, 0.1763414141414142, 0.31305519480519484], [0.200748778998779, 0.2607919802419803, 0.24806052281052302, 0.29039871794871813], [0.2664409812409814, 0.2914700466200465, 0.19227872682872696, 0.2498102453102453], [0.27634154097536445, 0.3117395029806793, 0.17882102619602627, 0.23309792984793007], [0.2318357364857366, 0.29302068487068494, 0.2113717671217672, 0.26377181152181167], [0.23972494727494745, 0.2976549783549786, 0.18391664446664457, 0.2787034299034299], [0.2752945887445889, 0.31547763347763347, 0.21244884004884007, 0.19677893772893776], [0.24038480408480417, 0.24859205794205796, 0.21647980352980356, 0.2945433344433345], [0.2086905400155401, 0.34646703296703296, 0.18119218836718837, 0.2636502386502387], [0.24133081085581096, 0.3390324564324563, 0.15621173826173831, 0.2634249944499945], [0.23864149739149737, 0.3362359307359308, 0.18028305583305584, 0.2448395160395161], [0.2264753302253303, 0.3315138861138862, 0.20222934842934842, 0.2397814352314352], [0.2571186507936508, 0.28732629870129867, 0.2030661560661562, 0.25248889443889444], [0.2828836940836942, 0.2056253690753692, 0.16980024420024428, 0.3416906926406925], [0.22813126040626058, 0.30939092296592313, 0.19229705849705853, 0.2701807581307581], [0.24769665889665893, 0.2728098845598845, 0.23577150072150083, 0.2437219558219559], [0.28188385503385516, 0.28186833721833743, 0.221868636918637, 0.2143791708291709], [0.19745382395382408, 0.32893959373959347, 0.22543074703074703, 0.24817583527583537], [0.24527561327561323, 0.3077093736329031, 0.2160404262404263, 0.23097458685105743], [0.22731955266955278, 0.29119133644133643, 0.19158142968142972, 0.28990768120768107], [0.25325755355755364, 0.2923227217227217, 0.19601478798978808, 0.258404936729937], [0.28501907536907534, 0.28411784326784334, 0.19922458097458104, 0.2316385003885005], [0.26810713175713186, 0.29608829503829515, 0.2097373598623599, 0.22606721334221336], [0.1986903096903097, 0.2678287981626219, 0.28339606227106234, 0.25008482987600644], [0.22016194524429833, 0.28963217664688246, 0.2263714318361379, 0.2638344462726815], [0.28206897546897547, 0.27788552003552003, 0.1263379231879232, 0.31370758130758125], [0.23405057720057731, 0.2422292207792208, 0.19289349261849273, 0.33082670940170944], [0.23475821400821412, 0.2644551615051616, 0.23234279609279623, 0.2684438283938284], [0.1992839049839051, 0.31077236097236105, 0.2588362026862028, 0.23110753135753143], [0.3233754245754246, 0.2272131757131758, 0.14732509157509166, 0.3020863081363082], [0.21623999888999895, 0.3139933066933068, 0.21809971303206613, 0.25166698138462856], [0.2624353424353426, 0.31325836940836943, 0.1464820512820514, 0.2778242368742369], [0.1878894660894661, 0.3418079864579863, 0.20782977577977577, 0.26247277167277183], [0.23019053724053737, 0.3274630203130202, 0.18608187923187938, 0.25626456321456326], [0.27351688559978027, 0.29514121156621137, 0.17407040211250752, 0.2572715007215007], [0.2940150979739215, 0.2544116641528406, 0.1672600677100678, 0.2843131701631702], [0.205762026862027, 0.2965139027639027, 0.17660448995449, 0.3211195804195805], [0.22985885780885787, 0.2981047813297814, 0.20978050005550009, 0.26225586080586083], [0.2452782651988535, 0.2606938838938839, 0.29404264167205346, 0.1999852092352094], [0.23781799181210966, 0.19774289566642522, 0.28941543064778374, 0.275023681873682], [0.24294683649683674, 0.2622264735264737, 0.24187069597069605, 0.2529559940059941], [0.2715421966921967, 0.29869303996656943, 0.1899385225885226, 0.23982624075271147], [0.27539311799311816, 0.28747322677322684, 0.16044664224664232, 0.27668701298701315], [0.24902185592185602, 0.29476328393828427, 0.19625572483072504, 0.2599591353091354], [0.24454975579975594, 0.2942068820068823, 0.19473717948717956, 0.2665061827061827], [0.24173585858585878, 0.36009759684759696, 0.17161208236208236, 0.22655446220446235], [0.2364252192252194, 0.30641960261960277, 0.20633561993562, 0.2508195582195582], [0.23497147297147303, 0.29273079698079696, 0.2498962814962815, 0.2224014485514487], [0.24169501054501066, 0.2553040348540351, 0.24135132090132094, 0.2616496336996338], [0.21268965756465766, 0.3444102980352982, 0.2282461316461317, 0.21465391275391277], [0.22881399711399722, 0.28698145743145725, 0.22825418470418476, 0.2559503607503608], [0.20533451548451567, 0.3649675047175047, 0.20600208680208684, 0.2236958929958931], [0.24427191142191146, 0.27090090187590193, 0.19594468309468313, 0.2888825036075036], [0.26220973193473207, 0.3036972027972029, 0.1750668969918971, 0.25902616827616826], [0.25768625818625834, 0.2737494782994786, 0.19933926073926084, 0.2692250027750029], [0.3198634532134531, 0.2257203920262744, 0.16906257500669272, 0.28535357975357983], [0.25733064158064173, 0.3137397546897547, 0.1949618548118549, 0.23396774891774902], [0.22176209346209352, 0.2814148462648464, 0.24380959595959603, 0.2530134643134643], [0.2697885281385282, 0.2727224886224887, 0.2106320346320346, 0.24685694860694854], [0.24834226884226893, 0.30818320568320573, 0.18027066822066842, 0.26320385725385753], [0.24289270729270743, 0.28325185370185385, 0.17328321678321684, 0.3005722222222222], [0.23966744921744926, 0.2777501609501611, 0.24022334887334895, 0.24235904095904098], [0.24982035187035193, 0.2945681041181041, 0.17377154512154513, 0.2818399988899989], [0.2874319902319902, 0.23029316794316815, 0.19586900321900325, 0.2864058386058387], [0.1927076479076482, 0.3223100510600512, 0.20659431010166304, 0.2783879909306379], [0.28830049117549134, 0.23637201409701417, 0.21134971139971143, 0.2639777833277833], [0.2462360861360863, 0.254606032856033, 0.1980816017316018, 0.3010762792762791], [0.2191062937062939, 0.25455278055278074, 0.25626558441558434, 0.2700753413253414], [0.21898326118326128, 0.32484772449772464, 0.21925439005439015, 0.23691462426462423], [0.16664582084582102, 0.3997677766677767, 0.20485701520701535, 0.22872938727938744], [0.22392799422799434, 0.27623636918636923, 0.18764237429237438, 0.31219326229326233], [0.23924349539349538, 0.2950062493062493, 0.23533125763125765, 0.2304189976689978], [0.30330623265623263, 0.25445280830280853, 0.1988510878010878, 0.2433898712398713], [0.2470341824841825, 0.22744642024642045, 0.24674564324564335, 0.27877375402375393], [0.26950517815517805, 0.25600959595959605, 0.20719051504051506, 0.26729471084471085], [0.18978477633477647, 0.3057483544233546, 0.2217780996780997, 0.2826887695637696], [0.2582529970029971, 0.2680008158508161, 0.2093654123654124, 0.26438077478077476], [0.26362043512043515, 0.28085049395049383, 0.16906356976356984, 0.28646550116550107], [0.28562859917859923, 0.2592240458887519, 0.19534812540400773, 0.2597992295286415], [0.266803626928627, 0.2879558275058274, 0.17922208902208916, 0.26601845654345657], [0.23996977466977473, 0.3050867965367964, 0.19257508047508054, 0.2623683483183485], [0.21348455988455992, 0.3212239982239984, 0.2050680208680208, 0.2602234210234211], [0.22670637140637157, 0.28945870795870804, 0.20797012987013, 0.27586479076479087], [0.2828395104895104, 0.2666148129648131, 0.21246187701187702, 0.23808379953379968], [0.23671064491064503, 0.29602876012876006, 0.20166618659118668, 0.2655944083694085], [0.27540394050394046, 0.26029036519036514, 0.14074489954489958, 0.3235607947607948]]}, "rewritten": {"ids": ["97106970", "97107681", "97108520", "97116401", "97116800", "98108580", "98108970", "98109311", "98110230", "98110710", "98113881", "99105921", "99107950", "99109740", "99110730", "99120010", "100108260", "100109360", "100109890", "100112060", "100120780", "101108080", "101111140", "101115190", "101117580", "101119030", "102109840", "102109850", "102111990", "102112030", "102112250", "103110840", "103111110", "103111170", "103111480", "103111540", "103111620", "103113170", "103113610", "103120340", "104111620", "104111711", "104111990", "104118070", "105110251", "105112130", "105112260", "105115570", "105115720", "105116441", "105117431", "105118171", "105119550", "106113190", "106114150", "106115120", "106116441", "106116640", "106118301", "106118820", "106119580", "107113170", "107113840", "107114280", "107118520", "107119130", "107119390", "107120880", "108113620", "108113760", "108114180", "108115570", "108115880", "108115970", "108116481", "108117451", "108118520", "108118810", "108120260", "108120280", "108121351", "108121410", "109113281", "109113591", "109113931", "109114220", "109117150", "109119010", "110113931", "110114321", "110115250", "110117110", "110118181", "110118450", "110118930", "110119891", "110120190", "110120540", "110121450", "111115620", "111116090", "111116170", "111116750", "111117480", "111118301", "111119250", "111120220", "111120531", "111120540", "111121190", "111121410", "112116401", "112116880", "112117461", "112117780", "112118161", "112118550", "112118620", "112118701", "112118860", "112118880", "112119120", "112119580", "112120290", "112120540", "112121351", "112121430", "113117630", "113118111", "113118511", "113118630", "113118690", "113118810", "113119700", "113120260", "113120280", "113120780", "113120830", "113121010", "113121220", "113121410", "113122150"], "labels": [2, 3, 2, 3, 0, 0, 3, 1, 3, 2, 3, 1, 1, 3, 3, 2, 3, 0, 3, 2, 1, 0, 2, 1, 3, 3, 2, 1, 2, 2, 0, 1, 3, 2, 0, 1, 0, 3, 2, 1, 0, 1, 2, 2, 0, 1, 3, 0, 1, 1, 1, 3, 1, 0, 1, 1, 0, 3, 1, 3, 3, 0, 3, 3, 2, 1, 2, 1, 3, 1, 1, 3, 3, 2, 0, 2, 0, 1, 1, 3, 3, 0, 0, 3, 1, 3, 2, 3, 1, 1, 1, 0, 1, 0, 1, 3, 3, 1, 3, 1, 3, 0, 3, 1, 3, 1, 3, 0, 1, 1, 0, 0, 0, 0, 0, 0, 3, 3, 0, 3, 1, 1, 3, 1, 3, 0, 2, 0, 1, 1, 3, 3, 3, 0, 3, 0, 0, 3, 2, 3, 0, 2], "predicted_labels": [3, 0, 1, 1, 0, 1, 1, 1, 0, 1, 1, 0, 2, 1, 1, 1, 1, 1, 0, 0, 3, 1, 0, 1, 0, 0, 1, 1, 3, 1, 1, 0, 1, 1, 0, 3, 1, 1, 2, 1, 0, 2, 0, 1, 1, 1, 1, 1, 1, 1, 1, 0, 0, 3, 3, 0, 1, 3, 3, 3, 1, 3, 1, 1, 1, 3, 3, 3, 1, 3, 3, 0, 1, 3, 0, 0, 1, 3, 1, 3, 0, 0, 0, 1, 3, 1, 1, 1, 1, 0, 3, 1, 3, 1, 1, 3, 0, 1, 3, 3, 0, 1, 0, 3, 1, 1, 1, 1, 1, 3, 1, 0, 1, 0, 1, 3, 3, 1, 3, 1, 1, 1, 3, 2, 1, 3, 0, 1, 3, 1, 1, 3, 1, 1, 1, 3, 3, 1, 1, 3, 3, 3], "confidence_scores": [[0.21383046953046964, 0.2667090187590188, 0.224938888888889, 0.29452162282162286], [0.2730363636363638, 0.24178292263292275, 0.2533212398712399, 0.23185947385947403], [0.25069837939837947, 0.26556591186591183, 0.21837382062382074, 0.26536188811188827], [0.20610713175713177, 0.3030880314130316, 0.23650823898323894, 0.2542965978465978], [0.2672807581307582, 0.26494792429792446, 0.20414367299367306, 0.2636276445776445], [0.27354795955678307, 0.28797991975344917, 0.1990929681429682, 0.2393791525467996], [0.22483460428460433, 0.29172217782217785, 0.23724660894660915, 0.246196608946609], [0.2677260545010546, 0.27379668109668115, 0.20685447330447346, 0.2516227910977911], [0.29923979076479074, 0.2645732323232325, 0.16477640692640705, 0.27141056998556995], [0.21471671661671674, 0.296239676989677, 0.21172689532689543, 0.277316711066711], [0.24231349206349218, 0.26928485958485965, 0.2330991563991565, 0.255302491952492], [0.2918078976578978, 0.26975004766475374, 0.16330742721330974, 0.27513462746403916], [0.17770962648462663, 0.28079427794427814, 0.32793986013986, 0.21355623543123559], [0.2224389055389056, 0.3388103840603841, 0.2429366133866135, 0.1958140970140971], [0.22133847263847273, 0.29893491508491515, 0.24174179709179727, 0.23798481518481526], [0.25208607503607516, 0.27006327561327576, 0.22713006438006447, 0.2507205849705851], [0.25762164502164514, 0.2771956043956044, 0.20119617604617612, 0.26398657453657454], [0.25137900987901, 0.2664300921300922, 0.22175720390720394, 0.26043369408369405], [0.2863509490509489, 0.2395256743256745, 0.19556522366522364, 0.278558152958153], [0.27122207237207224, 0.2640583139083141, 0.20170742590742605, 0.26301218781218794], [0.2324832833832834, 0.2681001665001665, 0.23074141414141439, 0.2686751359751362], [0.27264042069042077, 0.3151475468975467, 0.17542648462648472, 0.23678554778554775], [0.29994733044733085, 0.2380138528138529, 0.21168354978354983, 0.25035526695526705], [0.20477494172494182, 0.304481673881674, 0.2129625485625486, 0.27778083583083574], [0.3120289072039072, 0.27642108169608176, 0.1344510045510046, 0.2770990065490067], [0.29094752469752466, 0.2786461482961483, 0.16058212898212904, 0.26982419802419805], [0.21828203463203474, 0.28031338106338116, 0.22335254190254186, 0.2780520424020424], [0.24906087801087798, 0.3018322122322124, 0.23677907092907102, 0.21232783882783884], [0.24957874873664349, 0.23479382284382294, 0.18193611417821956, 0.3336913142413145], [0.2590473526473526, 0.2974711677211678, 0.22260513375513372, 0.22087634587634614], [0.25698861693861696, 0.26653710733710745, 0.21015410700410708, 0.2663201687201689], [0.2886990953490954, 0.27117012432012444, 0.1946094794094794, 0.2455213009213011], [0.2291841547341549, 0.28432426462426463, 0.2081912198912199, 0.27830036075036074], [0.22591819014319028, 0.3227114496614499, 0.20113505383505392, 0.2502353063603064], [0.26060651848151845, 0.2512942446442447, 0.2289863414363416, 0.25911289543789556], [0.21591527361527368, 0.2557292207792209, 0.251808535908536, 0.2765469696969698], [0.23208673271173272, 0.27342056277056287, 0.25672921245421254, 0.23776349206349212], [0.22662814962814964, 0.2894495892995894, 0.21980907980907982, 0.26411318126318123], [0.24152731712731718, 0.24138555333555348, 0.27499980574980576, 0.2420873237873239], [0.27702465312465313, 0.28754814629814635, 0.16939357864357873, 0.26603362193362196], [0.28354710844710845, 0.2300947441447442, 0.22200493395493404, 0.2643532134532136], [0.2359982822732824, 0.26869588189588195, 0.2691811327561328, 0.22612470307470306], [0.2955397768897769, 0.2930130286380287, 0.1915828643578644, 0.21986433011433018], [0.20921700521700526, 0.29498138528138546, 0.22979506604506614, 0.2660065434565435], [0.2628676573426574, 0.2885228243978246, 0.2296193750693751, 0.2189901431901431], [0.21519865689865691, 0.3253303280053279, 0.24020026917526927, 0.21927074592074608], [0.24095694860694875, 0.2771353701853701, 0.22230271950271968, 0.25960496170496183], [0.24778705738705747, 0.28914425574425573, 0.19458380508380538, 0.26848488178488167], [0.20981931401931408, 0.33018849483849483, 0.19864861804861805, 0.26134357309357314], [0.24325315795315805, 0.2781963258963259, 0.23513916638916643, 0.24341134976134993], [0.25434052614052616, 0.3492958277017101, 0.17825375049786818, 0.21810989565989572], [0.31438734043734046, 0.2622916305916306, 0.16285652680652687, 0.2604645021645023], [0.3253607503607504, 0.282653896103896, 0.15928504273504265, 0.23270031080031095], [0.25086115551115556, 0.2779103230103231, 0.16485909090909107, 0.30636943056943067], [0.26844620020502374, 0.24673867047984713, 0.20057344322344328, 0.2842416860916862], [0.32889624264624273, 0.2468646650734886, 0.1755214008214009, 0.2487176914588681], [0.27765202020202023, 0.3205123376623376, 0.16815793650793656, 0.2336777056277057], [0.2135754689754692, 0.265947424797425, 0.21992002997003007, 0.30055707625707623], [0.3016225468975471, 0.26086274836274853, 0.12643155178155185, 0.31108315295815303], [0.2778758852258854, 0.26127787212787223, 0.17083450438450448, 0.2900117382617382], [0.22647818325465385, 0.29310907980907996, 0.23481414108767062, 0.24559859584859592], [0.27126882006882014, 0.2620026085026087, 0.175401048951049, 0.2913275224775226], [0.2350217171717173, 0.2677284493284494, 0.2489947774447776, 0.24825505605505624], [0.2516549672549674, 0.28209506604506607, 0.21467272727272724, 0.2515772394272396], [0.23407680930180913, 0.3336219558219558, 0.20034069541569555, 0.2319605394605397], [0.23154894549894572, 0.2820717116217117, 0.19547204462204465, 0.29090729825729833], [0.20091135253635256, 0.26092689810189823, 0.24129728049728066, 0.2968644688644689], [0.28073231768231777, 0.2502929292929293, 0.18584963369963375, 0.28312511932511947], [0.24401279276279295, 0.29530415695415707, 0.21710355755355756, 0.24357949272949278], [0.2568636391386392, 0.2614194388944388, 0.18351319791319803, 0.2982037240537241], [0.2312137362637363, 0.2444783938283939, 0.17510648795648803, 0.34920138195138184], [0.2953455988455987, 0.2559300643800645, 0.1808526917526918, 0.2678716450216451], [0.23332354312354311, 0.2800335331335332, 0.2183295815295817, 0.26831334221334224], [0.24655746446535917, 0.26248041125541133, 0.21576476885687412, 0.2751973554223553], [0.3228344221567904, 0.2626377428127429, 0.14914387556887562, 0.26538395946159127], [0.34261274836274835, 0.23124658119658123, 0.14431193806193807, 0.28182873237873235], [0.26788068043068053, 0.2763522866022869, 0.18876013431013433, 0.26700689865689886], [0.2525305361305362, 0.2739665945165946, 0.16815278055278063, 0.30535008880008885], [0.25044440004440016, 0.3112486124986126, 0.20176068931068955, 0.23654629814629824], [0.28005227550227557, 0.2148000610500611, 0.18260757575757583, 0.32254008769008774], [0.2880523143523144, 0.27860151515151527, 0.18286240981240998, 0.2504837606837608], [0.2914187978687979, 0.2741427683427686, 0.17174227439227444, 0.26269615939615953], [0.31999353979354, 0.22992443667443677, 0.17237875457875468, 0.27770326895326897], [0.2478473137973139, 0.29137373182373194, 0.19649832389832397, 0.26428063048063055], [0.22700804195804197, 0.26666120546120575, 0.2201787601287602, 0.2861519924519926], [0.23576313131313142, 0.28353004773004786, 0.20093571428571433, 0.2797711066711067], [0.24773181263181265, 0.3225505106005106, 0.16038788433788437, 0.2693297924297923], [0.20968309468309485, 0.2839016095016096, 0.2614182539682541, 0.24499704184704194], [0.24269543234543248, 0.3231748584748584, 0.16564813519813518, 0.2684815739815741], [0.2963558164058165, 0.23222563547563546, 0.2147562826062826, 0.25666226551226556], [0.22958133533133554, 0.24257200577200594, 0.21650110445110454, 0.31134555444555456], [0.22575144300144306, 0.31175273615273635, 0.20954205239205256, 0.25295376845376855], [0.2809211891050128, 0.27570428542046194, 0.1612973248973249, 0.2820772005772007], [0.22728482628482644, 0.2850207792207793, 0.24399189699189708, 0.2437024975024976], [0.21163924963924977, 0.32176601731601745, 0.19292476412476411, 0.2736699689199691], [0.21817734487734494, 0.2550802808302808, 0.17696223776223785, 0.34978013653013634], [0.2817213453213455, 0.2682454656454657, 0.16975617160617162, 0.28027701742701744], [0.22037545624310334, 0.3227082251082251, 0.18508450046685349, 0.2718318181818182], [0.22129361749361753, 0.2969678654678656, 0.16606117771117776, 0.3156773393273394], [0.25167602397602407, 0.26627534687534693, 0.16732784437784434, 0.3147207847707848], [0.3097076812076814, 0.2601385003885005, 0.1645123598623599, 0.26564145854145865], [0.26645371850371863, 0.30729218559218574, 0.15201319791319795, 0.27424089799089796], [0.31740387390387387, 0.21020709290709289, 0.16458104673104676, 0.3078079864579866], [0.25334028194028196, 0.25538571983571995, 0.18942205017205024, 0.30185194805194804], [0.27360795315795333, 0.2846959240106299, 0.1771398947457771, 0.26455622808563994], [0.17608880563880563, 0.30337900987900984, 0.2281679931179932, 0.29236419136419134], [0.2591976551226552, 0.29047316017316016, 0.1599958374958375, 0.2903333472083473], [0.2632589577089579, 0.2870888888888889, 0.20408614163614172, 0.2455660117660119], [0.2080459595959596, 0.3279465589965589, 0.20263982683982693, 0.26136765456765454], [0.2431570929070929, 0.284036435786436, 0.17506693861693867, 0.2977395326895327], [0.26523774558774565, 0.30541986346986344, 0.1736287157287158, 0.2557136752136753], [0.3566122841211077, 0.23119546923664594, 0.15744922299922307, 0.25474302364302365], [0.2600716450216449, 0.30421234321234303, 0.18156570096570104, 0.25415031080031075], [0.3242345784934021, 0.24932436256553908, 0.15185700965700974, 0.27458404928404945], [0.25231161812044184, 0.2956931326843091, 0.18629583749583767, 0.26569941169941175], [0.2450828782328782, 0.25255706515706533, 0.1831201631701633, 0.3192398934398934], [0.27413147408147426, 0.25670539460539454, 0.1557069985569986, 0.3134561327561327], [0.27975823065823074, 0.28242922077922095, 0.16150710400710405, 0.27630544455544465], [0.23994774947274958, 0.2803156593406592, 0.18523005883005889, 0.29450653235653246], [0.2268116605616606, 0.2975586413586414, 0.20558359418359448, 0.27004610389610406], [0.23308719058719085, 0.31225894660894665, 0.18266267621267634, 0.27199118659118676], [0.2547331057831059, 0.27756645021645027, 0.21049562104562122, 0.25720482295482305], [0.23619831279831283, 0.2764610167610168, 0.20863364413364427, 0.27870702630702643], [0.2762137186343068, 0.2383517038517039, 0.28485388043329213, 0.20058069708069706], [0.26506013708513715, 0.3002739538239539, 0.16813042790542804, 0.26653548118548126], [0.2621746836496836, 0.27021895049395045, 0.19646758796758793, 0.27113877788877777], [0.29977256077256076, 0.26346815406815405, 0.17234191364191373, 0.2644173715173716], [0.21813247863247873, 0.27736901709401707, 0.2375658674658676, 0.266932636807637], [0.26251039516039526, 0.2748422077922078, 0.1570921300921302, 0.3055552669552671], [0.26539236874236893, 0.32445213675213674, 0.1674567821067821, 0.24269871239871255], [0.2339485347985349, 0.32049163059163066, 0.18084232989232996, 0.26471750471750494], [0.27081265401265403, 0.2580425574425576, 0.16279575979575983, 0.3083490287490288], [0.2301736874236875, 0.3045907370407371, 0.1799847152847152, 0.28525086025086027], [0.20877420357420362, 0.3619224497724497, 0.20321267343767366, 0.2260906732156733], [0.21097934842934835, 0.3076647630147631, 0.2559325840825843, 0.22542330447330458], [0.2644127705627707, 0.21018755411255421, 0.18735163725163728, 0.33804803807303807], [0.19565097680097684, 0.26245406815406824, 0.24334302919302922, 0.29855192585192575], [0.2597257242757245, 0.29333970473970467, 0.21328279498279512, 0.23365177600177617], [0.20501921411921414, 0.33313953823953824, 0.21323197913197922, 0.2486092685092686], [0.23952547452547457, 0.22983044733044747, 0.16842457542457548, 0.3622195027195027], [0.2873886169386171, 0.2629966366966367, 0.13285133755133763, 0.31676340881340886], [0.25648075453957825, 0.27431219140336793, 0.18165164280164295, 0.2875554112554113]]}}