{"test": {"ids": ["113122430", "110116170", "110118181", "108118301", "105113260", "104117630", "106118161", "104112201", "107118490", "108121351", "110117140", "109120540", "100109000", "101109120", "113122320", "110120190", "105115900", "111116990", "107113360", "109116170", "105113170", "112118471", "98107410", "109116810", "97116401", "97107260", "111117120", "104114320", "99112531", "109113931", "110118701", "112119950", "112118550", "101114990", "98108970", "109121640", "110113931", "99105921", "108120280", "113119950", "111116040", "104119340", "113122230", "113118231", "102110500", "112116501", "102121440", "112117660", "112118161", "108120060", "106113360", "110120531", "108119510", "98106560", "111119430", "107118120", "110120560", "105119550", "98111620", "107113180", "108115880", "108117610", "101109000", "112119610", "105118230", "110116501", "102112030", "109117431", "100109890", "113122150", "101111310", "108117360", "98108580", "108121190", "111120220", "113119340", "100120780", "107121640", "113119480", "99109840", "98121790", "112116880", "108114220", "111119950", "102110890", "108116501", "111114321", "106113830", "112117780", "113120070", "109113591", "99107500", "111116640", "99109311", "108118520", "104111990", "108113620", "103120780", "108117720", "110118161", "97116410", "108115500", "112117580", "109119460", "100108520", "108120260", "107114780", "103111540", "99109161", "106115240", "102110750", "106116850", "113118690", "112117431", "99120010", "112117571", "105110251", "97107681", "111120320", "107119390", "112116900", "106120290", "107112840", "108119330", "102109850", "99108080", "104111830", "103113101", "113117340", "113117550", "97106770", "107121700", "109121351", "97112300", "100117420", "107117010", "108114360", "101110150", "97105451", "98108520", "102110690", "101121640"], "labels": [2, 0, 1, 1, 3, 0, 3, 0, 2, 3, 3, 1, 1, 1, 1, 3, 3, 0, 0, 0, 0, 1, 3, 3, 3, 2, 2, 2, 3, 1, 3, 0, 3, 3, 3, 0, 1, 1, 3, 0, 0, 1, 1, 3, 3, 3, 2, 0, 0, 1, 0, 0, 1, 1, 3, 3, 0, 1, 3, 3, 3, 3, 1, 0, 1, 3, 2, 1, 3, 2, 3, 1, 0, 1, 3, 0, 1, 1, 3, 2, 2, 0, 3, 0, 0, 0, 1, 1, 0, 2, 3, 0, 0, 1, 0, 2, 3, 1, 1, 0, 3, 3, 0, 1, 2, 1, 2, 1, 3, 1, 1, 3, 3, 0, 2, 3, 0, 3, 1, 2, 3, 2, 1, 0, 1, 3, 3, 3, 2, 3, 3, 3, 0, 2, 2, 1, 1, 1, 0, 2, 0, 2], "predicted_labels": [1, 3, 1, 3, 3, 1, 3, 1, 1, 1, 0, 3, 1, 1, 1, 3, 1, 3, 0, 3, 3, 1, 3, 3, 1, 1, 1, 3, 0, 1, 1, 3, 3, 1, 1, 1, 1, 0, 0, 3, 3, 1, 1, 1, 0, 3, 1, 3, 1, 1, 1, 1, 0, 1, 1, 1, 3, 1, 1, 1, 1, 1, 3, 1, 1, 1, 1, 0, 3, 1, 1, 1, 1, 1, 0, 3, 0, 1, 3, 3, 0, 1, 3, 1, 3, 1, 1, 0, 3, 1, 0, 1, 1, 1, 3, 3, 1, 3, 0, 1, 1, 1, 0, 0, 3, 1, 1, 3, 1, 1, 1, 1, 1, 1, 1, 1, 0, 0, 3, 1, 1, 1, 1, 1, 1, 1, 1, 1, 1, 1, 1, 1, 0, 1, 1, 3, 3, 1, 0, 0, 0, 3], "confidence_scores": [[0.21041674553516665, 0.3507468642468642, 0.20212251147545263, 0.23671387874251654], [0.24920689033189042, 0.2742050172050171, 0.16472270784770784, 0.3118653846153847], [0.2252932067932068, 0.35512536075036083, 0.1796795565545565, 0.2399018759018759], [0.2615038433788435, 0.29269523532023534, 0.13076343795093795, 0.31503748334998344], [0.2641581065992831, 0.28026338449132565, 0.16560134718222946, 0.28997716172716187], [0.17563936063936056, 0.3264473998223999, 0.20634108946608948, 0.2915721500721502], [0.2581894494394495, 0.2708593073593073, 0.18656773781773783, 0.28438350538350543], [0.27351902958152957, 0.28103526334776324, 0.17156358225108229, 0.27388212481962493], [0.20072859085359085, 0.27795698745698744, 0.27428790653790647, 0.24702651515151522], [0.2778937035187035, 0.30008892496392503, 0.1869179847929848, 0.23509938672438677], [0.2822707431457432, 0.2658293552852376, 0.19715077977577974, 0.2547491217932395], [0.17278407213701327, 0.2791273726273726, 0.20454774881980764, 0.34354080641580653], [0.23579663392163394, 0.2861011766011767, 0.22074883449883448, 0.257353354978355], [0.24837283549783556, 0.29644264069264076, 0.23487698412698405, 0.22030753968253972], [0.2414782162282163, 0.292988788988789, 0.21064299589299587, 0.2548899988899989], [0.20940592822210471, 0.28546951169745294, 0.18720443853532093, 0.31792012154512156], [0.18203305028305028, 0.30639528527028537, 0.21589074814074816, 0.2956809163059164], [0.2618901862026862, 0.25225033993784, 0.13922108447108447, 0.34663838938838937], [0.3496395757020757, 0.2310192336258514, 0.18551966089466085, 0.23382152977741222], [0.21817871711621709, 0.2762826132201132, 0.20038508713508715, 0.30515358252858243], [0.2269639110889111, 0.2609329004329004, 0.20605864968364976, 0.3060445387945388], [0.21736652236652243, 0.30621871184371185, 0.22339349539349537, 0.2530212703962704], [0.2534291125541126, 0.25092171717171713, 0.19937987012987007, 0.29626930014430025], [0.2684406565656565, 0.27663221500721513, 0.16034503894798008, 0.2945820894791484], [0.25534154734154735, 0.29499367993118, 0.18141996198246202, 0.26824481074481077], [0.2085948634698636, 0.29875378787878787, 0.24919307081807088, 0.24345827783327784], [0.23731318681318686, 0.34438893051393044, 0.19205942668442672, 0.2262384559884559], [0.2161888120049885, 0.2298103930383342, 0.2695653692712515, 0.28443542568542574], [0.285958479020979, 0.277233232045732, 0.2296243062493063, 0.20718398268398272], [0.252231032856033, 0.2936171606171607, 0.19902326839826837, 0.2551285381285382], [0.19064209401709395, 0.32968091630591645, 0.15437619325119326, 0.32530079642579646], [0.2878903457653458, 0.24366182020593785, 0.16818223443223437, 0.300265599596482], [0.23010889763830947, 0.2728010878010878, 0.20836700717583068, 0.28872300738477213], [0.21384348984348983, 0.3168743935802761, 0.2583473340385105, 0.21093478253772371], [0.18436907536907537, 0.30265920190920187, 0.2784999861249861, 0.23447173659673662], [0.27063088994339, 0.278742014929515, 0.21653622766122768, 0.23409086746586752], [0.2985865453990455, 0.3169262126762126, 0.1696825327450327, 0.21480470917970923], [0.30407431457431455, 0.24240836940836957, 0.17778246753246751, 0.2757348484848486], [0.3249108946608946, 0.2419589805619218, 0.1840829725829727, 0.24904715219421103], [0.31797703685203693, 0.1894710844710845, 0.14161754911754912, 0.3509343295593297], [0.25197499722499733, 0.23698975534269653, 0.17193316405816408, 0.3391020833741423], [0.2246917388167389, 0.3013807720057721, 0.1935406746031746, 0.2803868145743146], [0.2238251189170307, 0.2872854229104229, 0.20651068988201346, 0.28237876829053304], [0.20658787046287044, 0.3198129786879787, 0.2118177794427795, 0.26178137140637153], [0.29970869408369427, 0.23776830114330122, 0.19168324730824732, 0.2708397574647574], [0.28412323787323784, 0.2541951381951382, 0.164781204906205, 0.2969004190254191], [0.27334069402819405, 0.27976046176046176, 0.1763208874458875, 0.2705779567654567], [0.2567231795981796, 0.2408149350649351, 0.13854082029082027, 0.3639210650460651], [0.2812324342324343, 0.30364532689532686, 0.1660550144300144, 0.24906722444222448], [0.26235297341547337, 0.2969369449994452, 0.2019009462759463, 0.23880913530913528], [0.2358932178932179, 0.3209985014985014, 0.1864577228327229, 0.2566505577755578], [0.24329464285714283, 0.3077045454545455, 0.1472171717171717, 0.3017836399711398], [0.2934671023421023, 0.25248799811299816, 0.1687377344877345, 0.28530716505716514], [0.24544532509973682, 0.29253386890886907, 0.21596302227184588, 0.24605778371954848], [0.20396181596181598, 0.3222932206682207, 0.1667736846486847, 0.30697127872127866], [0.23865431096681103, 0.2841795496170496, 0.20312980075480083, 0.27403633866133875], [0.24192189754689764, 0.22965939615939615, 0.23631084193584198, 0.2921078643578644], [0.2441046731046733, 0.3145163447663447, 0.17402550227550226, 0.26735347985348], [0.17364957346574994, 0.33031809367103493, 0.2408950673509497, 0.25513726551226545], [0.18215530303030306, 0.3343810584839997, 0.20919805194805202, 0.2742655865376453], [0.2150422077922078, 0.30823767409061537, 0.17608674658674658, 0.30063337153043024], [0.17946242646242644, 0.32545202020202024, 0.21766522366522356, 0.27742032967032965], [0.19904527417027423, 0.2772966428995841, 0.18375432900432898, 0.3399037539258128], [0.18062849650349647, 0.3156373765123765, 0.22972732822732822, 0.2740067987567988], [0.2164527417027417, 0.279334373959374, 0.24732166444666448, 0.2568912198912199], [0.2708537712287713, 0.3016372655122655, 0.17502501665001666, 0.25248394660894663], [0.21164420995670993, 0.3072559523809525, 0.21548033910533917, 0.2656194985569986], [0.31705124042624033, 0.2810033022533023, 0.1642481962481962, 0.23769726107226108], [0.2613675907425908, 0.2159940476190476, 0.19265656565656566, 0.32998179598179606], [0.24490817515817526, 0.313015599596482, 0.20391926700750237, 0.23815695823784072], [0.24581637235313708, 0.3268133378059849, 0.17278620317590904, 0.2545840866649691], [0.21905952380952382, 0.2767563825063826, 0.2620610778110778, 0.24212301587301585], [0.23759978909978924, 0.2957650266400267, 0.2015536546786546, 0.26508152958152953], [0.22276179376179372, 0.32989314851814866, 0.200247113997114, 0.2470979437229438], [0.2796587301587303, 0.25354329004329, 0.21013171632289285, 0.2566662634750871], [0.24983501221001234, 0.2471672632922632, 0.16517289654789655, 0.33782482794982804], [0.2908699494949495, 0.255031857031857, 0.1985846653346653, 0.2555135281385282], [0.21594486763236767, 0.30549107142857146, 0.1876574883449883, 0.2909065725940727], [0.26309412809412813, 0.2584916472416473, 0.21100334387834382, 0.2674108807858809], [0.22358116883116888, 0.23513275613275614, 0.24190023865023863, 0.2993858363858365], [0.300498434571964, 0.26377831890331893, 0.19742180368650963, 0.23830144283820764], [0.23667673992674002, 0.2944182206682207, 0.2256416500166501, 0.24326338938838937], [0.26859586940836955, 0.2550592185592186, 0.15609242146742142, 0.3202524905649905], [0.27131032162282165, 0.27968309182647433, 0.1834088329970683, 0.2655977535536359], [0.2498200202575202, 0.2434955987639812, 0.23860035797535797, 0.26808402300314055], [0.20422424797424793, 0.3267694486885663, 0.15105303030303033, 0.3179532730341555], [0.21508861971361973, 0.3431423715173716, 0.1688193611943612, 0.27294964757464757], [0.27827900571650577, 0.24857382894882907, 0.2135012071262072, 0.2596459582084581], [0.24267281329781323, 0.25157613220113223, 0.18835506854256853, 0.317395985958486], [0.226094252969253, 0.3480548895548896, 0.2032986041736043, 0.22255225330225334], [0.2852036435786436, 0.2800518786768787, 0.16820856920856916, 0.26653590853590853], [0.28943416305916303, 0.31738455988455994, 0.16494011544011541, 0.22824116161616156], [0.21526359751359755, 0.31847377622377615, 0.19079653679653677, 0.27546608946608947], [0.2855792957042959, 0.30572245809745807, 0.1804643412143412, 0.22823390498390497], [0.27213433788433794, 0.2728768037518037, 0.16926480463980462, 0.2857240537240538], [0.2203399247811012, 0.2690231663761076, 0.21885992194080434, 0.29177698690198695], [0.2671704545454545, 0.29207725607725615, 0.15152296314796315, 0.2892293262293263], [0.20269315406815405, 0.2791199494949495, 0.2353822705072705, 0.2828046259296259], [0.3160101565101566, 0.20769570707070714, 0.1625720945720945, 0.3137220418470419], [0.27799241036741035, 0.28583075258075263, 0.1650821955821956, 0.2710946414696415], [0.2038484293484294, 0.3165873015873017, 0.24442357642357646, 0.2351406926406927], [0.27354258241758245, 0.29804569042069046, 0.18607665945165944, 0.2423350677100678], [0.3038257575757575, 0.26922023809523815, 0.16393109668109665, 0.2630229076479077], [0.2915843045843046, 0.2883222610722611, 0.16180151792651787, 0.2582919164169163], [0.2551492604617606, 0.22273650654900656, 0.2391613247863248, 0.28295290820290825], [0.28252099289599303, 0.30848955211455215, 0.15298259379509374, 0.2560068611943613], [0.15992669830169826, 0.4064530330780331, 0.19824861249861248, 0.235371656121656], [0.2683893267680033, 0.21073098633392742, 0.2134012972321797, 0.3074783896658897], [0.2426455627705627, 0.296065836940837, 0.18939375901875902, 0.27189484126984126], [0.2582300338550339, 0.3239826701076701, 0.17151739926739928, 0.24626989676989677], [0.18883878621378625, 0.2993808781088194, 0.2492852009102009, 0.26249513476719366], [0.18326525516966696, 0.28518598068598067, 0.2714385744973981, 0.26011018964695437], [0.25269408369408375, 0.3226169149477974, 0.16932605466429, 0.255362946693829], [0.2628387584637585, 0.30725642413142423, 0.1394155844155844, 0.29048923298923307], [0.2629445554445556, 0.28279346092504, 0.17767882117882117, 0.27658316245158354], [0.20199171661671667, 0.3522750860250861, 0.1612469752469752, 0.28448622211122215], [0.284543525918526, 0.28149603174603177, 0.16503994616494613, 0.2689204961704962], [0.32256865356865355, 0.26939496614496616, 0.17430099067599067, 0.23373538961038975], [0.19820598845598852, 0.24327335858585855, 0.24889899683649688, 0.30962165612165615], [0.18209215049656222, 0.3170046897546898, 0.2765473962312198, 0.22435576351752828], [0.2300675782550783, 0.3339191086691088, 0.1704072524697525, 0.2656060606060607], [0.2629666097791098, 0.28689042207792215, 0.2168096348096349, 0.23333333333333328], [0.22828367465867458, 0.33807643337055104, 0.17808409645909645, 0.2555557955116779], [0.2175586774336774, 0.3073857531357531, 0.1944366605616606, 0.2806189088689089], [0.1954774947274947, 0.3157658591408592, 0.268064158064158, 0.2206924880674881], [0.2660676961926963, 0.28796621842210085, 0.2059804558186911, 0.23998562956651193], [0.1937077922077922, 0.3034603174603174, 0.20351262626262628, 0.2993192640692641], [0.21125387112887123, 0.2935271019829844, 0.21109742218565752, 0.28412160470248704], [0.2585584207459207, 0.3263197150072151, 0.15733321795163902, 0.2577886462952253], [0.16887136474636474, 0.3338988095238096, 0.20285063547563553, 0.29437919025419035], [0.26968371171312344, 0.29004305416805426, 0.21906589856222206, 0.22120733555660024], [0.14624332611832613, 0.3634229242979245, 0.26699080086580085, 0.22334294871794874], [0.29555586080586077, 0.2947875457875457, 0.1970942624626835, 0.21256233094390997], [0.2534218657159834, 0.26842931374181384, 0.224526914670297, 0.2536219058719058], [0.2566612978524744, 0.26869905992700116, 0.21915786011374247, 0.2554817821067821], [0.2291845238095238, 0.2555620490620491, 0.24946626984126985, 0.2657871572871574], [0.2521770868020867, 0.2362402597402598, 0.2241605339105338, 0.2874221195471197], [0.28631481018981025, 0.2892992424242424, 0.16420220057720059, 0.2601837468087469], [0.3464082167832167, 0.2543285742035743, 0.15161910311910312, 0.24764410589410596], [0.34238170163170173, 0.29695403207903204, 0.17957588245088243, 0.18108838383838388], [0.31400659063159064, 0.27131367243867255, 0.1373118548118548, 0.2773678821178821], [0.2688434767846533, 0.2575026452305864, 0.20277256485344722, 0.2708813131313131]]}, "rewritten": {"ids": ["97105451", "97106770", "97107260", "97107681", "97112300", "97116401", "97116410", "98106560", "98107410", "98108520", "98108580", "98108970", "98111620", "98121790", "99105921", "99107500", "99108080", "99109161", "99109311", "99109840", "99112531", "99120010", "100108520", "100109000", "100109890", "100117420", "100120780", "101109000", "101109120", "101110150", "101111310", "101114990", "101121640", "102109850", "102110500", "102110690", "102110750", "102110890", "102112030", "102121440", "103111540", "103113101", "103120780", "104111830", "104111990", "104112201", "104114320", "104117630", "104119340", "105110251", "105113170", "105113260", "105115900", "105118230", "105119550", "106113360", "106113830", "106115240", "106116850", "106118161", "106120290", "107112840", "107113180", "107113360", "107114780", "107117010", "107118120", "107118490", "107119390", "107121640", "107121700", "108113620", "108114220", "108114360", "108115500", "108115880", "108116501", "108117360", "108117610", "108117720", "108118301", "108118520", "108119330", "108119510", "108120060", "108120260", "108120280", "108121190", "108121351", "109113591", "109113931", "109116170", "109116810", "109117431", "109119460", "109120540", "109121351", "109121640", "110113931", "110116170", "110116501", "110117140", "110118161", "110118181", "110118701", "110120190", "110120531", "110120560", "111114321", "111116040", "111116640", "111116990", "111117120", "111119430", "111119950", "111120220", "111120320", "112116501", "112116880", "112116900", "112117431", "112117571", "112117580", "112117660", "112117780", "112118161", "112118471", "112118550", "112119610", "112119950", "113117340", "113117550", "113118231", "113118690", "113119340", "113119480", "113119950", "113120070", "113122150", "113122230", "113122320", "113122430"], "labels": [0, 3, 2, 3, 2, 3, 3, 1, 3, 2, 0, 3, 3, 2, 1, 0, 3, 3, 1, 2, 3, 2, 2, 1, 3, 2, 1, 1, 1, 1, 3, 3, 2, 1, 3, 0, 1, 0, 2, 2, 1, 3, 1, 3, 2, 0, 2, 0, 1, 0, 0, 3, 3, 1, 1, 0, 1, 1, 3, 3, 2, 1, 3, 0, 2, 1, 3, 2, 2, 1, 3, 3, 3, 1, 3, 3, 0, 1, 3, 1, 1, 0, 0, 1, 1, 1, 3, 1, 3, 3, 1, 0, 3, 1, 1, 1, 0, 0, 1, 0, 3, 3, 0, 1, 3, 3, 0, 0, 1, 0, 0, 0, 2, 3, 0, 3, 1, 3, 0, 3, 0, 3, 0, 0, 0, 0, 1, 3, 0, 0, 2, 3, 3, 3, 0, 3, 0, 2, 2, 1, 1, 2], "predicted_labels": [0, 3, 2, 3, 1, 1, 0, 1, 0, 1, 3, 1, 1, 0, 1, 1, 0, 1, 1, 1, 0, 1, 3, 3, 0, 3, 1, 1, 0, 3, 1, 1, 1, 1, 3, 0, 1, 3, 3, 0, 1, 1, 1, 3, 1, 3, 2, 1, 1, 1, 3, 0, 1, 1, 1, 3, 1, 0, 1, 1, 1, 1, 1, 0, 1, 1, 1, 1, 1, 3, 1, 3, 3, 1, 3, 1, 3, 1, 1, 3, 1, 3, 0, 1, 0, 1, 0, 1, 1, 1, 3, 3, 1, 0, 1, 3, 1, 1, 0, 1, 3, 3, 0, 1, 0, 3, 1, 3, 1, 3, 1, 3, 1, 1, 0, 0, 3, 3, 3, 1, 1, 3, 1, 1, 1, 1, 1, 3, 1, 3, 1, 1, 0, 0, 3, 1, 0, 1, 1, 1, 3, 1], "confidence_scores": [[0.38890133477633476, 0.2460782273282274, 0.16902200577200577, 0.19599843212343207], [0.2649687257187258, 0.24782475857475852, 0.1889465256965257, 0.2982599900099901], [0.20847906260406254, 0.2658006078888432, 0.2762025972393619, 0.2495177322677323], [0.2506970594764713, 0.2689781191031191, 0.20382811551193908, 0.2764967059084707], [0.2693196672608437, 0.2800869220648634, 0.189028475609358, 0.26156493506493517], [0.25395311632811635, 0.26468091630591634, 0.2252292568542569, 0.25613671051171055], [0.29927688977688977, 0.29409879009879014, 0.19506478243978242, 0.21155953768453778], [0.21589356476856478, 0.3431277888777889, 0.2600260989010989, 0.1809525474525475], [0.31222208347208363, 0.29579197763021303, 0.14725983167159637, 0.24472610722610708], [0.29131511544011546, 0.30598358585858587, 0.23908225108225115, 0.16361904761904758], [0.22950901875901875, 0.26963166000666006, 0.22023505661005666, 0.2806242646242646], [0.20356360306360305, 0.3510681263181264, 0.20412594350094357, 0.2412423271173271], [0.1502441586191586, 0.3551079476079476, 0.2448551032301032, 0.24979279054279055], [0.30091807783719543, 0.25211498223998224, 0.26003614849203094, 0.18693079143079142], [0.2748363997113996, 0.28328384115884125, 0.1885632978132978, 0.2533164613164614], [0.2907361111111111, 0.319201714951715, 0.1696518759018759, 0.22041029803529807], [0.2784156954156955, 0.25453485403485415, 0.19027317127317128, 0.27677627927627924], [0.272537518037518, 0.2750424942704354, 0.19836928104575166, 0.2540507066462949], [0.23103769841269842, 0.3337118853368854, 0.17699224386724396, 0.25825817238317245], [0.24539520202020207, 0.2692899184149184, 0.22320023032523037, 0.2621146492396492], [0.3157524085391732, 0.2822910406586877, 0.19647545836516425, 0.20548109243697474], [0.263393912460089, 0.2983644827394828, 0.18289950735538965, 0.2553420974450386], [0.2865433594183595, 0.22033248695748692, 0.190799728049728, 0.3023244255744256], [0.19366706904206904, 0.29098447385947396, 0.2182022283272283, 0.29714622877122887], [0.3290201118326118, 0.2299308261183262, 0.13386186729936728, 0.3071871947496948], [0.24211872849372845, 0.237987012987013, 0.22779129204129206, 0.2921029664779665], [0.2855851093351091, 0.305324494949495, 0.1574300144300144, 0.2516603812853814], [0.23215849428349433, 0.2979165972915975, 0.18142635142635136, 0.28849855699855703], [0.2821011904761905, 0.2618409090909092, 0.20409235209235202, 0.2519655483405484], [0.2341732156732156, 0.2746447163947165, 0.17893231768231768, 0.3122497502497502], [0.2446598066965714, 0.3290964852141324, 0.19829923181393766, 0.22794447627535872], [0.17780081030081032, 0.3075122059313236, 0.23827154789654792, 0.27641543587131817], [0.2468287684537685, 0.2936071624453978, 0.19032815223991686, 0.26923591686091686], [0.2410189393939394, 0.3233098290598292, 0.20314466089466088, 0.23252657065157062], [0.2727712703962704, 0.2195045093795094, 0.18446091408591403, 0.3232633061383061], [0.3386625735375736, 0.21135696248196253, 0.13865458152958152, 0.3113258824508824], [0.1696369047619047, 0.3336791125541126, 0.24350396825396822, 0.2531800144300145], [0.253158313908314, 0.24600077700077697, 0.20238877788877793, 0.2984521312021313], [0.20065705128205136, 0.2727409175791528, 0.24679358958035436, 0.2798084415584416], [0.30509603590853607, 0.262267988955489, 0.1989225774225774, 0.23371339771339772], [0.24806535131535137, 0.2711340326340326, 0.236695054945055, 0.24410556110556103], [0.23509468309468304, 0.26712342232930475, 0.2555152682285035, 0.24226662634750867], [0.26533573371073377, 0.2719625513375514, 0.23898906648906645, 0.22371264846264843], [0.2351870490620491, 0.2240933094683095, 0.24834414890664885, 0.29237549256299256], [0.22784401453809353, 0.2991272546897548, 0.21596114996115, 0.2570675808110019], [0.26763399794649795, 0.26490169471051833, 0.15643554811201865, 0.31102875923096523], [0.23997641900583072, 0.2629490925740926, 0.27673475054357427, 0.22033973787650257], [0.2227746003996004, 0.33381569819069823, 0.21454398379398387, 0.22886571761571775], [0.21367568542568555, 0.3066161616161619, 0.2109580627705628, 0.2687500901875902], [0.27984516872016857, 0.30719463053286594, 0.17087470291146759, 0.24208549783549774], [0.19600685425685424, 0.25407248307248304, 0.2158059301809302, 0.3341147324897324], [0.3009825452325452, 0.24012874625374628, 0.19517017704517697, 0.2637185314685315], [0.1739795482295483, 0.3065878149628152, 0.26328342490842493, 0.25614921189921197], [0.1756274085391732, 0.3394155966582438, 0.2211241291388351, 0.26383286566374803], [0.21929281135531142, 0.2970090742590743, 0.20348497335997337, 0.280213141025641], [0.2537584270304858, 0.24424962047756169, 0.20243423243423245, 0.29955772005772013], [0.24907763886440354, 0.28481995618760336, 0.20469503045973636, 0.2614073744882568], [0.29593665648077416, 0.2635597041847042, 0.1794589062897886, 0.26104473304473297], [0.26189393939393946, 0.277746447996448, 0.25363643301143307, 0.20672317959817962], [0.24052602952602956, 0.2818827838827839, 0.2349181929181929, 0.2426729936729936], [0.23500595238095243, 0.29768643856143867, 0.19923429348429353, 0.26807331557331554], [0.19455532784209265, 0.2942544481662129, 0.22509074585545183, 0.28609947813624287], [0.21268413530913527, 0.3005147352647354, 0.2674614135864136, 0.21933971583971584], [0.3497490703740704, 0.2511789868628104, 0.16746601764248814, 0.23160592512063108], [0.20517564380064393, 0.36928477078477084, 0.1552186702186702, 0.2703209151959152], [0.15907929570429566, 0.3514854728604728, 0.24903017815517817, 0.24040505328005327], [0.20796284271284268, 0.3106233211233212, 0.17911165223665226, 0.30230218392718394], [0.22008460983460984, 0.288262556887557, 0.2219341491841492, 0.26971868409368405], [0.20180365467865474, 0.34469916766240305, 0.2317025833643481, 0.22179459429459428], [0.19689449439449444, 0.24561733813572054, 0.24487814840388375, 0.31261001906590147], [0.1890043983793983, 0.3390816405816406, 0.21482049894549907, 0.25709346209346207], [0.21435869685869688, 0.25854188866688876, 0.21626522089022085, 0.3108341935841937], [0.25716360028860036, 0.2778801615051616, 0.18080519480519477, 0.28415104340104347], [0.26188210400710404, 0.3247524558774559, 0.1323042235542235, 0.28106121656121663], [0.22377633477633466, 0.28914528935117184, 0.17523533411033415, 0.31184304176215943], [0.2247791236541237, 0.3132388583638583, 0.20003192640692652, 0.26195009157509164], [0.23721425388337145, 0.2751700660450661, 0.192658914614797, 0.2949567654567655], [0.2672599206349206, 0.2741663614163614, 0.1880953074703076, 0.27047841047841054], [0.18059496059496055, 0.4149543414102237, 0.17994537407037406, 0.22450532392444153], [0.28700420412920424, 0.22836407342657342, 0.17002445471195468, 0.31460726773226777], [0.3109805937526525, 0.31134379509379523, 0.16328008103008101, 0.21439553012347143], [0.2490600649350649, 0.2551563852813854, 0.19432310744810743, 0.30146044233544234], [0.27827469752469747, 0.2628358585858586, 0.1820584693084693, 0.27683097458097466], [0.24257015207015203, 0.31769146131646125, 0.1629875957375957, 0.2767507908757909], [0.3238711427461427, 0.29039141414141434, 0.21776434676434675, 0.16797309634809632], [0.234656968031968, 0.3429006132756133, 0.16546189921189922, 0.2569805194805195], [0.2874902597402599, 0.23660070485070483, 0.20386575924075917, 0.2720432761682763], [0.2398283522033523, 0.32016973304473306, 0.21702579365079366, 0.22297612110112108], [0.20352085414585408, 0.3447616827616828, 0.22159188034188035, 0.23012558275058276], [0.2785008325008326, 0.30062011599511596, 0.12879137529137524, 0.2920876762126763], [0.27919516594516586, 0.24004928404928402, 0.19031500444000443, 0.2904405455655457], [0.22669308959014844, 0.2582080231859645, 0.18686856199356197, 0.32823032523032536], [0.2139513403263403, 0.3186226681814918, 0.17449183904330956, 0.29293415244885845], [0.35156012533218417, 0.2502478861008274, 0.1665297757797758, 0.23166221278721277], [0.22205080458756923, 0.31216172552937277, 0.19412881889352485, 0.27165865098953335], [0.21888990176490175, 0.26357968420468425, 0.20250084637584634, 0.3150295676545676], [0.2662725468975471, 0.28811395548895574, 0.1916936535686536, 0.2539198440448441], [0.2543998085248085, 0.2850019841269841, 0.18039953102453105, 0.2801986763236765], [0.2869102841602842, 0.24542330586080585, 0.2100115162615164, 0.25765489371739375], [0.24383169608169608, 0.3550154151404153, 0.15049958374958372, 0.2506533050283051], [0.2471006297623944, 0.26728636477901185, 0.1833866166513225, 0.3022263888072712], [0.2502030053280054, 0.21917175879675882, 0.18939688783438785, 0.34122834804084823], [0.3058451895326895, 0.27672788322788344, 0.1790957306582307, 0.2383311965811966], [0.18314676091881973, 0.3551523982553395, 0.21646227383727384, 0.24523856698856708], [0.3114417388167389, 0.2994323593073593, 0.15139189976689976, 0.2377340021090022], [0.2518727314352316, 0.2631496003996004, 0.21214948939948944, 0.2728281787656789], [0.2861074342324343, 0.3080146103896104, 0.14525385725385728, 0.26062409812409815], [0.23183512759170657, 0.27872222222222226, 0.1891545815295816, 0.3002880686564897], [0.23057135919635918, 0.31152099289599294, 0.17179426129426126, 0.28611338661338664], [0.2629796592296594, 0.2639480935730936, 0.143014985014985, 0.3300572621822623], [0.21564517427017432, 0.3272985764235765, 0.20290347152847157, 0.25415277777777784], [0.2814728882228883, 0.22819143356643357, 0.1629338023088023, 0.3274018759018758], [0.23293362193362202, 0.3188340132090132, 0.19773001998002002, 0.2505023448773449], [0.23003607503607512, 0.337507797757798, 0.20865231990231994, 0.22380380730380728], [0.3230827783327783, 0.24156298276886518, 0.20904454450777976, 0.22630969439057683], [0.35611111111111116, 0.25393879445717693, 0.20319953739071392, 0.1867505570409983], [0.24916666666666665, 0.2319440975690977, 0.1892570762570762, 0.3296321595071596], [0.2835948287823287, 0.2579225288600291, 0.16570568320568316, 0.29277695915195934], [0.19238973526473518, 0.2708518981018981, 0.25786789599289606, 0.27889047064047073], [0.2492107973725621, 0.35052810914575644, 0.1428519568666627, 0.2574091366150189], [0.1778113830613831, 0.3005544733044734, 0.2357966061716062, 0.28583753746253765], [0.26237637362637356, 0.2548903318903319, 0.20274493561993567, 0.27998835886335893], [0.24288991563991558, 0.35052983127983134, 0.14119491619491617, 0.26538533688533694], [0.2541525737334563, 0.28642603801427335, 0.1852555312334724, 0.27416585701879825], [0.2726941946941946, 0.2971170773670775, 0.1766461038961039, 0.25354262404262423], [0.30444684482184486, 0.37106363081363086, 0.1464815462315462, 0.1780079781329782], [0.24062368187368183, 0.2929792568542569, 0.21874657287157295, 0.24765048840048856], [0.21682896270396274, 0.30046578421578424, 0.17098248973248975, 0.3117227633477634], [0.1677411477411478, 0.32070899933399943, 0.27939219114219116, 0.23215766178266184], [0.24475727050727056, 0.2477188367188367, 0.20248878898878903, 0.30503510378510396], [0.2566124500499502, 0.31156537212787205, 0.18513146575646572, 0.24669071206571197], [0.229609466921967, 0.2646137820512821, 0.2631708707958708, 0.24260588023088026], [0.2920851121917297, 0.2556170010545012, 0.20784178729766964, 0.24445609945609947], [0.2974279984721162, 0.2875302932361756, 0.14467346134257902, 0.2703682469491293], [0.2860069097569099, 0.2665781440781442, 0.15269953657453655, 0.29471540959040976], [0.2568825757575758, 0.3176909340659341, 0.20147639860139857, 0.2239500915750915], [0.2748349428349429, 0.26857138694638705, 0.1852712287712287, 0.27132244144744144], [0.21820054945054948, 0.3467970501720503, 0.2101180624930625, 0.2248843378843378], [0.2375469807969808, 0.28393777464365705, 0.20957759479083016, 0.2689376497685322], [0.231226245976246, 0.3126381301447092, 0.19816323953823964, 0.2579723843408053], [0.25605084458025645, 0.2565035936285936, 0.18514431320313673, 0.3023012485880134], [0.2417912712287712, 0.36287244005994007, 0.16257083194583197, 0.2327654567654568]]}}