{"test": {"ids": ["110118181", "112119320", "110118930", "112117210", "100108080", "109114270", "106113360", "97106600", "103117200", "106111321", "97116800", "112117571", "109116170", "98111860", "110114561", "105112130", "99107560", "104113550", "103110050", "107120010", "99120010", "100112060", "107117630", "106116850", "99108010", "97107040", "112119450", "98107210", "110117500", "100108520", "97108520", "101109370", "106113260", "111121351", "103120780", "98106680", "113121220", "111119950", "97105451", "109119010", "110121450", "99108520", "99111620", "109121351", "105121370", "100109330", "98119591", "112120270", "112121360", "103111930", "109117150", "113118870", "99112641", "109115220", "106116441", "107116501", "97107920", "112117431", "110114920", "110121500", "112118530", "113119120", "104112201", "108115070", "103120290", "111119290", "98116090", "97116790", "98109090", "112117471", "107118780", "100109910", "110120540", "103113610", "111114121", "107114950", "111118301", "108117360", "99107950", "99117740", "99109840", "104114410", "100109801", "106118520", "112118880", "112117660", "102113210", "106119580", "110121170", "104116980", "100109000", "106117770", "107113170", "113121950", "107117010", "100108990", "109117110", "100108260", "110116300", "109121640", "112117780", "99107500", "110115250", "112117580", "111115780", "102113981", "106121220", "113117630", "99109311", "102111990", "100113210", "112120670", "109118701", "104111620", "111114941", "97105960", "109119591", "107120880", "109116441", "102116500", "111116090", "99111440", "112120630", "111117000", "111116040", "100108490", "99121440", "99111000", "111120320", "99107660", "106116820", "111118820", "102116340", "103109021", "111120531", "106113830", "109114220", "102112170", "99109860", "112118421", "109116810", "112118550"], "labels": [1, 1, 1, 1, 0, 3, 0, 3, 0, 0, 0, 3, 0, 0, 0, 1, 1, 1, 3, 1, 2, 2, 0, 3, 2, 2, 3, 1, 1, 2, 2, 1, 3, 0, 1, 1, 3, 0, 0, 3, 3, 2, 3, 0, 2, 0, 1, 0, 3, 3, 2, 0, 1, 3, 0, 1, 0, 0, 3, 3, 1, 3, 0, 1, 2, 3, 0, 2, 1, 3, 1, 2, 1, 2, 0, 3, 3, 1, 1, 2, 2, 1, 0, 2, 1, 0, 3, 3, 2, 1, 1, 0, 0, 3, 1, 2, 1, 3, 3, 0, 0, 0, 1, 0, 1, 1, 1, 0, 1, 2, 0, 2, 3, 0, 0, 2, 0, 1, 3, 1, 3, 3, 3, 0, 0, 2, 2, 2, 1, 3, 1, 0, 3, 0, 0, 1, 3, 3, 2, 3, 3, 3], "predicted_labels": [1, 1, 1, 1, 1, 3, 3, 3, 1, 3, 0, 3, 1, 2, 3, 1, 1, 0, 1, 3, 1, 3, 0, 2, 1, 1, 0, 3, 1, 2, 1, 1, 1, 1, 3, 1, 3, 0, 1, 3, 3, 1, 1, 1, 1, 3, 0, 0, 3, 3, 1, 3, 0, 3, 1, 1, 0, 3, 1, 0, 1, 1, 3, 1, 1, 3, 3, 1, 3, 0, 1, 3, 1, 1, 1, 3, 1, 1, 1, 0, 1, 3, 3, 1, 0, 3, 1, 1, 3, 1, 3, 0, 3, 1, 3, 1, 1, 1, 3, 1, 3, 1, 3, 3, 1, 1, 3, 3, 1, 1, 3, 3, 1, 0, 1, 3, 1, 3, 0, 1, 3, 3, 0, 3, 3, 2, 1, 3, 1, 0, 1, 0, 3, 3, 1, 0, 3, 3, 1, 3, 3, 1], "confidence_scores": [[0.2593246938942799, 0.34861578169648266, 0.30037349466230917, 0.09168602974692809], [0.02180543927690854, 0.6550725196474662, 0.13225099966664122, 0.19087104140898412], [0.01814136021594088, 0.6660770787556057, 0.20675810476845288, 0.10902345626000047], [0.04042396621364089, 0.3801192944720682, 0.3878283667161487, 0.19162837259814233], [0.09744112209380155, 0.24000698791219627, 0.4748983661900547, 0.18765352380394723], [0.14740625207146235, 0.06882077606534942, 0.0021251479592849544, 0.7816478239039031], [0.17543450870631788, 0.12303515471810482, 0.054235629757388, 0.6472947068181891], [0.16177079110354656, 0.16580644222341956, 0.06696815950033702, 0.605454607172697], [0.17076911720843957, 0.8066394121350128, 0.007949267380575236, 0.01464220327597248], [0.08653963286588866, 0.2585923592657873, 0.10848958259058118, 0.5463784252777428], [0.7158565596021866, 0.11993097233636243, 0.02834559015412875, 0.13586687790732196], [0.09789814302995467, 0.394436061212454, 0.06578921580351492, 0.44187657995407653], [0.27578523323054466, 0.5272768494133414, 0.04315802585527461, 0.15377989150083948], [0.00613032816137149, 0.07780650582511903, 0.8803049053687795, 0.0357582606447303], [0.2513438711868067, 0.2918098370981508, 0.0490901923728614, 0.4077560993421811], [0.0658498411512485, 0.47262039512731663, 0.19446044694153464, 0.2670693167799], [0.2332906272884507, 0.4668628263057063, 0.1421486339218487, 0.15769791248399426], [0.9156780365889677, 0.024515241143802793, 0.0008513794264701466, 0.05895534284075933], [0.15495532540727733, 0.39565075468906885, 0.09454819360684616, 0.3548457262968075], [0.17548674151174434, 0.07294617994318428, 0.17568261897580473, 0.5758844595692667], [0.20219116014184468, 0.6075739088267345, 0.03785774913109347, 0.1523771819003271], [0.17103745425104158, 0.10974578888683523, 0.31034255470534006, 0.4088742021567831], [0.8252871742574883, 0.06274302851044149, 0.03916809689736695, 0.072801700334703], [0.07053191278287652, 0.1080370593593766, 0.7599461123134433, 0.06148491554430354], [0.1858998726531038, 0.4021741592895238, 0.25160512922919087, 0.16032083882818182], [0.03309772939049858, 0.27792550964329177, 0.5372584200571452, 0.15171834090906447], [0.4950515549696758, 0.27695891567092806, 0.008775023850010766, 0.2192145055093853], [0.04651866513139617, 0.20887334508072097, 0.2651866803642998, 0.47942130942358324], [0.40796871650484834, 0.38232409395899025, 0.03228592871532486, 0.17742126082083678], [0.09529902837973027, 0.09030065216962882, 0.6937775227360952, 0.12062279671454593], [0.2957709050437788, 0.4106714063934955, 0.08247118887054768, 0.21108649969217783], [0.17079032970044, 0.2465814501027686, 0.5139446949987103, 0.06868352519808142], [0.2587626599469878, 0.4300726507298233, 0.1385727251171901, 0.1725919642059985], [0.4269856695593136, 0.40697035490141337, 0.016223871204099384, 0.14982010433517343], [0.30992562512978056, 0.1823068374854713, 0.09516556050188309, 0.412601976882865], [0.22663861433772584, 0.24848386781583867, 0.3487329587350914, 0.1761445591113439], [0.22470950381423974, 0.1458348128741743, 0.06275275896347901, 0.5667029243481069], [0.6134331371417046, 0.19423991158603648, 0.04935190405219884, 0.14297504722005983], [0.2568901034587875, 0.4485994073584364, 0.06432827877065725, 0.23018221041211887], [0.03665793039573384, 0.11750348264402996, 0.30351604793652875, 0.5423225390237073], [0.3866444428960643, 0.2677970841723078, 0.004839431952779672, 0.3407190409788479], [0.10598537037748183, 0.3200042721787169, 0.4755290652286987, 0.09848129221510267], [0.14358256380124804, 0.4843153366792275, 0.2688727481481454, 0.10322935137137902], [0.36842879505621046, 0.27160837763390505, 0.13002579804691178, 0.22993702926297252], [0.02411128622365483, 0.7835630030683258, 0.048068528931593905, 0.14425718177642544], [0.4423431411934849, 0.21847376473409572, 0.05846849246432431, 0.2807146016080948], [0.2695940585129655, 0.19990433233070068, 0.41620243252399103, 0.11429917663234247], [0.5779068239304883, 0.20426602776704308, 0.02066718473976754, 0.19715996356270116], [0.3030940556998428, 0.20005734786969312, 0.12704533044917668, 0.3698032659812873], [0.27973564170537907, 0.220035763811771, 0.24978910207796817, 0.2504394924048814], [0.07563791340571416, 0.7844039746485189, 0.03086323298966872, 0.10909487895609817], [0.1653818772435189, 0.382661626469216, 0.06660999061790962, 0.3853465056693554], [0.5553556043869954, 0.21428539331360136, 0.06133664120739433, 0.16902236109200877], [0.2252557973401019, 0.22751704016103397, 0.17044084905311907, 0.37678631344574537], [0.07335153946666878, 0.6314588645752874, 0.027901441728114297, 0.2672881542299293], [0.11904975500166123, 0.6600862521270896, 0.032554620909334156, 0.18830937196191527], [0.8795129208011357, 0.012037078215315633, 0.006683977564833205, 0.10176602341871534], [0.42388558482747446, 0.21309587423506504, 0.01824433328680369, 0.3447742076506567], [0.1849259705245548, 0.49679602655132754, 0.15376466225319893, 0.1645133406709189], [0.5035899106616478, 0.24925563420047595, 0.04154879928438604, 0.2056056558534901], [0.04505887689399969, 0.5005760964478424, 0.3539715596890877, 0.10039346696907017], [0.2818066427060144, 0.3614456335641471, 0.05348416788013547, 0.30326355584970277], [0.3241399720889551, 0.1253525951825786, 0.04377415817848548, 0.5067332745499807], [0.17919120750433332, 0.6558628043474105, 0.0598720726008189, 0.10507391554743722], [0.04870542342708056, 0.3689980357478797, 0.35746941735122595, 0.22482712347381384], [0.18848263017396102, 0.12609628681383098, 0.10220223459476625, 0.5832188484174416], [0.09909645175515555, 0.25486844581693385, 0.25457774542812, 0.39145735699979045], [0.0894043736137649, 0.26582901826392075, 0.575706983893837, 0.0690596242284773], [0.2971029985441388, 0.08748333406365347, 0.042073114647988, 0.5733405527442197], [0.4432165292286708, 0.23056614840045336, 0.14457981409454856, 0.18163750827632735], [0.330129789153658, 0.3833856974738673, 0.04096511868655046, 0.24551939468592404], [0.24586841180057906, 0.17918675630016312, 0.3993728935332281, 0.17557193836602983], [0.056313479060020176, 0.7191704164122857, 0.15151197315256032, 0.0730041313751337], [0.13394531982910352, 0.516292875512178, 0.2695822353051686, 0.08017956935354972], [0.15351534782679954, 0.5397681899570658, 0.020615083146285906, 0.2861013790698493], [0.23865362075511984, 0.14168980272998216, 0.08207858008217966, 0.5375779964327183], [0.2340008901623401, 0.44146519559902186, 0.1468838786239015, 0.1776500356147366], [0.36740039098114474, 0.24755328853304612, 0.2193063748164837, 0.16573994566932576], [0.040690555925253176, 0.37666604589220287, 0.540840576266607, 0.04180282191593734], [0.7808980800392709, 0.11387726370523185, 0.009862272330713948, 0.09536238392478343], [0.06879953257328171, 0.27032170602092664, 0.5150530017279176, 0.14582575967787406], [0.13680290727035574, 0.29979850159386645, 0.2415213412943941, 0.32187724984138344], [0.10169753981967342, 0.14816539200164375, 0.07242728145685157, 0.677709786721831], [0.07929543465581773, 0.629209331714863, 0.2363342932528353, 0.0551609403764839], [0.4888957269665895, 0.2887467248472523, 0.0950498763131304, 0.12730767187302805], [0.23774438065188305, 0.21804220290939513, 0.027460898485559857, 0.5167525179531616], [0.10657569923457548, 0.41920686748772107, 0.08191345559633814, 0.39230397768136566], [0.024761594847425388, 0.5534852774370914, 0.33688499631478835, 0.08486813140069488], [0.1670536213994539, 0.23590757309653096, 0.144744197891171, 0.45229460761284396], [0.009735129761756467, 0.4375365460667761, 0.18728449743803832, 0.36544382673342907], [0.0991745235763286, 0.17158356374375083, 0.08894208629310202, 0.6402998263868186], [0.5067628612913784, 0.13535887972853206, 0.16805449833177438, 0.1898237606483151], [0.28192116734904876, 0.16509030885968307, 0.05381761666246987, 0.4991709071287979], [0.2560838237648792, 0.5897886467536984, 0.021679496696420882, 0.1324480327850017], [0.19337303505299186, 0.3275663942149078, 0.16147670131758332, 0.317583869414517], [0.18819032408177708, 0.40779436130464913, 0.1950784337442446, 0.2089368808693293], [0.11933552405612842, 0.5480468224916168, 0.09417539953710438, 0.2384422539151504], [0.166828550140959, 0.4825674253135026, 0.17317280301462787, 0.17743122153091045], [0.18404906449279743, 0.2910370781716846, 0.07733450976700863, 0.4475793475685095], [0.19037910985582182, 0.3702554899801514, 0.11913133799466628, 0.32023406216936057], [0.39261000292486237, 0.23012129723581318, 0.027135504241495485, 0.35013319559782874], [0.14332377399013627, 0.6132251491930695, 0.060688712895951506, 0.18276236392084258], [0.11979494174153264, 0.3675253401461216, 0.07974448206141593, 0.4329352360509296], [0.20274105633439224, 0.3303444972195189, 0.04231064015452087, 0.4246038062915678], [0.1309825170681175, 0.5378245048793285, 0.08988325415925796, 0.2413097238932959], [0.22960752335032322, 0.41967656442467954, 0.06553594836754649, 0.285179963857451], [0.02011074840124037, 0.3320058528866354, 0.10765189554631012, 0.5402315031658141], [0.30550498744406307, 0.25433026939772607, 0.14153858883096088, 0.2986261543272498], [0.3122687263624548, 0.4089406163113847, 0.08541247392214148, 0.19337818340401888], [0.22703888540441008, 0.6021084506159301, 0.06785007503157457, 0.10300258894808514], [0.12946644165999838, 0.27015861708334826, 0.11029861632485927, 0.4900763249317942], [0.06414618593488851, 0.3791442130400477, 0.1515565137226856, 0.40515308730237826], [0.22434314891836243, 0.35742227439939545, 0.18978191194812977, 0.2284526647341127], [0.8570004359614716, 0.10482419652447217, 0.00021047602381750436, 0.037964891490239176], [0.028988925024303815, 0.7989272742775023, 0.0072658426888585845, 0.16481795800933507], [0.3578217355190613, 0.20333732170861732, 0.12636072900985507, 0.31248021376246654], [0.09847558967420234, 0.5829049690983622, 0.1864623482854175, 0.1321570929420182], [0.03503857695224492, 0.17447854184762332, 0.1325810419587145, 0.6579018392414174], [0.6096715858912096, 0.14269717689073516, 0.0010695770100644562, 0.2465616602079907], [0.2379214726934188, 0.3200111675369988, 0.3017555647885018, 0.14031179498108032], [0.35750262012849354, 0.1170582133929576, 0.0275289982443598, 0.49791016823418915], [0.2262042363893914, 0.21598631873797325, 0.05992665150036286, 0.4978827933722726], [0.7050221487226468, 0.05639914959374768, 0.008642291730295622, 0.22993640995330997], [0.10978554467379048, 0.37604770140838045, 0.07604015427670235, 0.43812659964112677], [0.13052052043260498, 0.09839037372530987, 0.019544746192207044, 0.7515443596498783], [0.1216275310728115, 0.12646738591888135, 0.6135503478409964, 0.13835473516731087], [0.06530737382170472, 0.2863311580773019, 0.5349330417434646, 0.1134284263575288], [0.03711157118369355, 0.14173078785141047, 0.2710567955265161, 0.55010084543838], [0.11373192385107128, 0.3535015083056103, 0.2336460956034442, 0.2991204722398741], [0.6685209010681352, 0.18570349920606122, 0.019541004452630198, 0.12623459527317335], [0.3180915829491396, 0.3028956398633209, 0.22892174351798306, 0.15009103366955676], [0.5826902394027615, 0.2061693457175254, 0.014385573914946822, 0.1967548409647666], [0.07531047095920879, 0.16803712022631992, 0.11536209051438383, 0.6412903183000873], [0.18981570604032022, 0.1433905445879021, 0.22098314803259025, 0.44581060133918743], [0.45954251560259407, 0.31306729852358794, 0.014428230095776108, 0.21296195577804208], [0.4546693026753041, 0.303129130970144, 0.010611460049164852, 0.23159010630538715], [0.6154206567933067, 0.050080221436479895, 0.026066465955899492, 0.3084326558143137], [0.3801683837217108, 0.06103196368854145, 0.09767959738247636, 0.4611200552072712], [0.045191220458175356, 0.631119148397866, 0.20634744660595103, 0.11734218453800767], [0.26184359873762475, 0.2947523782328624, 0.02626568043211587, 0.4171383425973972], [0.25518457246931614, 0.22217417130582426, 0.005096401762993745, 0.5175448544618662], [0.3151922839018589, 0.38776439832569864, 0.031434099648459696, 0.2656092181239825]]}, "rewritten": {"ids": ["97105451", "97105960", "97106600", "97107040", "97107920", "97108520", "97116790", "97116800", "98106680", "98107210", "98109090", "98111860", "98116090", "98119591", "99107500", "99107560", "99107660", "99107950", "99108010", "99108520", "99109311", "99109840", "99109860", "99111000", "99111440", "99111620", "99112641", "99117740", "99120010", "99121440", "100108080", "100108260", "100108490", "100108520", "100108990", "100109000", "100109330", "100109801", "100109910", "100112060", "100113210", "101109370", "102111990", "102112170", "102113210", "102113981", "102116340", "102116500", "103109021", "103110050", "103111930", "103113610", "103117200", "103120290", "103120780", "104111620", "104112201", "104113550", "104114410", "104116980", "105112130", "105121370", "106111321", "106113260", "106113360", "106113830", "106116441", "106116820", "106116850", "106117770", "106118520", "106119580", "106121220", "107113170", "107114950", "107116501", "107117010", "107117630", "107118780", "107120010", "107120880", "108115070", "108117360", "109114220", "109114270", "109115220", "109116170", "109116441", "109116810", "109117110", "109117150", "109118701", "109119010", "109119591", "109121351", "109121640", "110114561", "110114920", "110115250", "110116300", "110117500", "110118181", "110118930", "110120540", "110121170", "110121450", "110121500", "111114121", "111114941", "111115780", "111116040", "111116090", "111117000", "111118301", "111118820", "111119290", "111119950", "111120320", "111120531", "111121351", "112117210", "112117431", "112117471", "112117571", "112117580", "112117660", "112117780", "112118421", "112118530", "112118550", "112118880", "112119320", "112119450", "112120270", "112120630", "112120670", "112121360", "113117630", "113118870", "113119120", "113121220", "113121950"], "labels": [0, 2, 3, 2, 0, 2, 2, 0, 1, 1, 1, 0, 0, 1, 0, 1, 3, 1, 2, 2, 1, 2, 2, 2, 3, 3, 1, 2, 2, 2, 0, 3, 2, 2, 2, 1, 0, 0, 2, 2, 0, 1, 2, 3, 3, 1, 3, 1, 0, 3, 3, 2, 0, 2, 1, 0, 0, 1, 1, 1, 1, 2, 0, 3, 0, 1, 0, 1, 3, 0, 2, 3, 1, 0, 3, 1, 1, 0, 1, 1, 1, 1, 1, 3, 3, 3, 0, 3, 3, 1, 2, 3, 3, 0, 0, 0, 0, 3, 1, 3, 1, 1, 1, 1, 2, 3, 3, 0, 0, 1, 0, 3, 0, 3, 0, 3, 0, 1, 0, 0, 1, 0, 3, 3, 0, 0, 0, 3, 1, 3, 1, 1, 3, 0, 3, 2, 3, 0, 0, 3, 3, 3], "predicted_labels": [1, 3, 3, 1, 0, 3, 2, 0, 1, 1, 3, 2, 1, 0, 1, 1, 0, 1, 1, 3, 1, 1, 1, 3, 3, 1, 0, 0, 1, 1, 1, 1, 1, 1, 1, 3, 3, 3, 1, 3, 3, 1, 1, 3, 1, 1, 1, 1, 3, 1, 1, 1, 1, 1, 1, 3, 3, 0, 1, 1, 1, 1, 1, 1, 3, 0, 1, 1, 2, 0, 2, 1, 1, 3, 3, 1, 3, 0, 1, 3, 3, 1, 1, 3, 3, 3, 1, 3, 3, 1, 1, 3, 3, 1, 1, 1, 3, 1, 3, 3, 1, 1, 1, 1, 3, 3, 1, 1, 1, 1, 3, 3, 3, 1, 1, 3, 0, 1, 1, 1, 1, 1, 0, 1, 1, 3, 3, 3, 1, 1, 1, 1, 0, 1, 3, 3, 3, 3, 1, 1, 3, 1], "confidence_scores": [[0.1587060161654906, 0.5676002616445194, 0.051850099769498295, 0.22184362242049138], [0.24592711086480082, 0.1186556603091024, 0.07498439104832091, 0.5604328377777754], [0.24511657007406293, 0.14316619159842336, 0.07863770948681925, 0.5330795288406942], [0.04486937175916268, 0.23629347082158889, 0.5193456417873277, 0.19949151563192088], [0.8061079822606781, 0.02265506872437075, 0.009178973820609735, 0.16205797519434093], [0.33500783869956086, 0.2490269446499475, 0.03098572220484912, 0.3849794944456427], [0.17339792113544425, 0.17927592249608978, 0.5838420786294509, 0.0634840777390153], [0.5476828238867189, 0.2435351966800227, 0.04996469942746288, 0.15881728000579579], [0.1484734822259167, 0.4088532937507523, 0.29360078269771395, 0.1490724413256172], [0.07408972106248758, 0.5573868961672214, 0.21147696218142426, 0.15704642058886678], [0.4937362692927969, 0.07872630761967814, 0.022840273071415767, 0.4046971500161089], [0.046421490684127195, 0.15965523979187984, 0.6656089098069731, 0.12831435971702035], [0.12785420715063797, 0.37543177142995854, 0.162722632324989, 0.3339913890944143], [0.32247962425971627, 0.17395427501560004, 0.3777231378358735, 0.12584296288881036], [0.21061763854465348, 0.5743392510449772, 0.04102097348301067, 0.17402213692735893], [0.2743962429411146, 0.4139303265757086, 0.1668625042418792, 0.14481092624129735], [0.5322128707303466, 0.25862585516763853, 0.01031636621202669, 0.19884490788998818], [0.031791645247777445, 0.2612391320212647, 0.6438421540187745, 0.06312706871218304], [0.13553568063483645, 0.4650360180677654, 0.31945289286474976, 0.07997540843264858], [0.16769375895610694, 0.2080194429553647, 0.39169831474340067, 0.2325884833451281], [0.44391473257918024, 0.3153348742328303, 0.03857929220021374, 0.2021711009877755], [0.05542855352950442, 0.340174027816053, 0.49283880750922215, 0.11155861114522028], [0.057613759721477725, 0.6241416722196116, 0.12140195617854416, 0.1968426118803665], [0.051440029515208575, 0.1312308458969901, 0.41110756000808224, 0.4062215645797189], [0.33272917044667505, 0.17563785866948123, 0.11635543559156845, 0.3752775352922752], [0.1862433642113084, 0.37991998161414026, 0.3539057525768185, 0.07993090159773279], [0.4835456718081717, 0.20121603411467323, 0.17527432852989108, 0.1399639655472641], [0.577508995861066, 0.26018907475869724, 0.009868285801402409, 0.15243364357883432], [0.3611644564619434, 0.3829952410310716, 0.05819673407496001, 0.19764356843202482], [0.08362648409036104, 0.3198732848988306, 0.4713288797449035, 0.12517135126590478], [0.1717072187519786, 0.4203057879176773, 0.2965003615092978, 0.11148663182104604], [0.17911397626902475, 0.4945750619340054, 0.14916208536372086, 0.1771488764332493], [0.1828166784621456, 0.19975607896192493, 0.4429056308998889, 0.17452161167604036], [0.18600803862158208, 0.25271320148131465, 0.4288922039958949, 0.13238655590120882], [0.1945125157393669, 0.4121324015201578, 0.2639702310261488, 0.12938485171432634], [0.16659312673391583, 0.12847215941484172, 0.10922895635822247, 0.5957057574930203], [0.3571675792841174, 0.1339496211256094, 0.09226462801892052, 0.4166181715713527], [0.10489798234993679, 0.13691926794338988, 0.06673776510327575, 0.6914449846033978], [0.31362395807702365, 0.22168604729199462, 0.3446425854126782, 0.12004740921830341], [0.177072136778851, 0.14929928393520683, 0.26413990332769366, 0.40948867595824845], [0.11368313027123204, 0.21772210542643644, 0.2759571983959912, 0.39263756590633997], [0.14673185717058285, 0.24189744786404896, 0.5212569790204481, 0.09011371594492007], [0.3308577086404074, 0.5171683798172729, 0.057492347216136164, 0.09448156432618365], [0.373928571480266, 0.055368824202478656, 0.11323227017434172, 0.45747033414291366], [0.224477798090225, 0.379674050027771, 0.13158453187316527, 0.2642636200088389], [0.33447988314648136, 0.32464175309894355, 0.06959738114382868, 0.27128098261074624], [0.10407821846692585, 0.48655789153380463, 0.20419473519824427, 0.20516915480102535], [0.202162663381111, 0.223539913304208, 0.4328719700143698, 0.14142545330031142], [0.14535560224493688, 0.1895042993992852, 0.4269843338247906, 0.2381557645309874], [0.31285788382855145, 0.46219779945021744, 0.0509245850659711, 0.17401973165525983], [0.1915330272957311, 0.2597284731960154, 0.3551379631643731, 0.19360053634388041], [0.13895087483174234, 0.5148150517152452, 0.23641969630808546, 0.10981437714492683], [0.08772404027193198, 0.8440303164380727, 0.03909514819126063, 0.029150495098734866], [0.052574231376549596, 0.3956878949018617, 0.3373539376025729, 0.21438393611901566], [0.2189033078059574, 0.3170934763756099, 0.2056896865844948, 0.2583135292339376], [0.33811613148946085, 0.046083046757485695, 0.012292025492704094, 0.6035087962603495], [0.43136766875157884, 0.09764066283087015, 0.028136616680820528, 0.4428550517367304], [0.6966079106055578, 0.0743797901691006, 0.010513125376637084, 0.21849917384870446], [0.20326032698351926, 0.3277522768849893, 0.16482880693142182, 0.3041585892000699], [0.01692601437149951, 0.707585807904341, 0.11395570008286869, 0.16153247764129117], [0.05213963009990285, 0.4097665223316337, 0.33109267900701883, 0.20700116856144454], [0.07513679652984467, 0.8658913755062315, 0.024877139417763382, 0.034094688546160476], [0.12159791983500276, 0.5103326331470297, 0.11150078253562422, 0.25656866448234356], [0.23883596373545174, 0.4856586474976911, 0.12223330456435877, 0.15327208420249835], [0.2248219027042397, 0.25378816348052374, 0.22846445088860196, 0.2929254829266344], [0.5242823215821301, 0.24690909382920595, 0.034030114014892525, 0.1947784705737714], [0.1422706460113396, 0.49765234657944085, 0.0850229424421279, 0.2750540649670916], [0.3233374587788343, 0.32981719661040415, 0.1393922964941172, 0.2074530481166442], [0.03998981553357984, 0.12313472073086175, 0.7639045700315626, 0.07297089370399536], [0.4128810126667893, 0.15866000253386056, 0.31622694092411185, 0.11223204387523834], [0.09135697050372567, 0.12190098410150707, 0.6578869720162696, 0.12885507337849755], [0.025153567134230538, 0.7949975560666431, 0.14439854900530738, 0.035450327793818875], [0.022302705377368375, 0.48913890902067975, 0.27455721839460945, 0.21400116720734208], [0.18692636953651023, 0.2174610276441698, 0.043539296852685754, 0.5520733059666337], [0.44588308232469803, 0.06807613469156933, 0.05791198609622808, 0.4281287968875044], [0.1474092750876603, 0.6168205274662758, 0.04272114026757011, 0.19304905717849358], [0.22042583984889147, 0.2738550088993321, 0.11890230674836333, 0.38681684450341325], [0.8695500045367542, 0.045592965354839976, 0.025752738640951622, 0.05910429146745406], [0.34039648129786926, 0.39086139958310223, 0.02743791590639928, 0.24130420321262933], [0.2740557201529527, 0.18514986319817808, 0.10866918367463173, 0.4321252329742375], [0.03625361834564026, 0.17924351763487895, 0.500646620775247, 0.2838562432442335], [0.1969213019598188, 0.5577161700683699, 0.0561246780700736, 0.18923784990173748], [0.3630579245299765, 0.3172655291335382, 0.22782382604960208, 0.09185272028688314], [0.5758902760705042, 0.07291773154939393, 0.024950970926489822, 0.32624102145361217], [0.43162046120953984, 0.17146224417129283, 0.008189281468110984, 0.3887280131510562], [0.18092840871430046, 0.2736546986242908, 0.24103481064784466, 0.30438208201356426], [0.2108765289274627, 0.46380922360491267, 0.02701188981397023, 0.29830235765365437], [0.49923256542718675, 0.24399373964469923, 0.005884622096748515, 0.25088907283136536], [0.21037611710524293, 0.19308189221330058, 0.007406901289572528, 0.5891350893918836], [0.059060608425230796, 0.4674128136195871, 0.08773931869475125, 0.3857872592604305], [0.1442880744419703, 0.6856039634825506, 0.05948382272974017, 0.11062413934573843], [0.0746233579478905, 0.302318733983884, 0.24093156647919658, 0.3821263415890291], [0.04645199003883753, 0.1292223612888729, 0.3275919668898351, 0.4967336817824545], [0.11972354201080515, 0.6360673076173029, 0.144461522112336, 0.0997476282595555], [0.3802236441989343, 0.4101507167852857, 0.03918331604112608, 0.17044232297465395], [0.2680298878578668, 0.4054897370833741, 0.06535979594671038, 0.2611205791120488], [0.1517398192446914, 0.3696931253790394, 0.1354933692774687, 0.34307368609880007], [0.16667777927656566, 0.37966754109110923, 0.18163628382712255, 0.27201839580520226], [0.13611192164944005, 0.1563391058214023, 0.3398277318714315, 0.36772124065772593], [0.27969195586466816, 0.15985350699935125, 0.0597020322032636, 0.5007525049327173], [0.3317120446517322, 0.3932908274401562, 0.038176520042778855, 0.23682060786533266], [0.08878990640450025, 0.5300532447421931, 0.22074987856733108, 0.16040697028597578], [0.027556368105413065, 0.6079478276293869, 0.2230861836552934, 0.1414096206099065], [0.05164940026564306, 0.670502863507926, 0.15992431863612666, 0.11792341759030386], [0.2800091918795736, 0.14086303363416822, 0.1672273100727589, 0.4119004644134994], [0.4723716175746716, 0.19736744358085914, 0.005212826660502485, 0.3250481121839669], [0.17258580925902145, 0.44502536514199836, 0.18058460650179953, 0.2018042190971804], [0.16508977154479754, 0.5374336223624475, 0.015172026884152269, 0.2823045792086026], [0.06604896722777762, 0.7704480832816234, 0.02079058729550627, 0.14271236219509284], [0.13466069336284217, 0.6185961528317845, 0.1300704713183857, 0.11667268248698731], [0.2347826331997877, 0.1206341035176471, 0.04801151112495867, 0.5965717521576066], [0.3322262582774061, 0.1490478100142386, 0.00708768811346771, 0.5116382435948879], [0.10760236790465465, 0.2829378758057128, 0.057935384815930364, 0.5515243714737025], [0.2453472229147104, 0.44391042637023104, 0.20158986042666313, 0.10915249028839542], [0.22340111548025907, 0.4445147641984144, 0.05810471498232568, 0.2739794053390009], [0.11470471259040693, 0.11814486886396919, 0.13611508065447475, 0.6310353378911493], [0.6524279875995168, 0.2001585118320384, 0.03151456448787962, 0.11589893608056485], [0.08941779197566742, 0.42007406330729236, 0.17909269913938763, 0.31141544557765233], [0.36176050220878925, 0.3545048840554368, 0.01163716732892188, 0.2720974464068525], [0.3282811618372115, 0.48330953958813194, 0.02822041017567709, 0.16018888839897963], [0.049009438046667485, 0.4785142276043077, 0.3324163628290337, 0.1400599715199908], [0.2028102017021405, 0.436227192574351, 0.03955849966838881, 0.32140410605511965], [0.5994759940218634, 0.2678566988772211, 0.024537115369183685, 0.10813019173173179], [0.08768339167203829, 0.44094299774351126, 0.0765901278709663, 0.3947834827134841], [0.36580060720802055, 0.3544575995709879, 0.057262063004782954, 0.22247973021620854], [0.2892471525116423, 0.3109058216694233, 0.03142595683884751, 0.36842106898008686], [0.28106197628285773, 0.2578181303448147, 0.051871936368056364, 0.4092479570042715], [0.2255436963038112, 0.17677032141036225, 0.07271288061908866, 0.5249731016667379], [0.04623993996025412, 0.4775517964260827, 0.3117670095486753, 0.16444125406498805], [0.4458771084907299, 0.36177357774836, 0.05527743921969152, 0.13707187454121875], [0.47375691190609787, 0.3082092145281147, 0.06807045812351324, 0.1499634154422742], [0.015315655850712881, 0.5432889465473193, 0.27829993710583345, 0.16309546049613452], [0.611329338670148, 0.16965032436212782, 0.006813384948073976, 0.21220695201965029], [0.2992472219908279, 0.39974656879569553, 0.03849781418704381, 0.26250839502643275], [0.4847575899115266, 0.17370684395401798, 0.055429181151566975, 0.2861063849828886], [0.056364561471637625, 0.32628432845943645, 0.20430769379500496, 0.4130434162739212], [0.21692275339181125, 0.2958781867042923, 0.11198387441570294, 0.3752151854881934], [0.3327930772377553, 0.23758352204279065, 0.11177821093254922, 0.3178451897869047], [0.15532838460130546, 0.6171251771842815, 0.04481117847167633, 0.1827352597427365], [0.17294220530119647, 0.5729589863910446, 0.059795373759841404, 0.19430343454791726], [0.12060631067561649, 0.32231518523685043, 0.11389635424766371, 0.4431821498398692], [0.36081259656799053, 0.5263467274431121, 0.031854864451301035, 0.08098581153759667]]}}