{"test": {"ids": ["97106970", "110113591", "109117271", "111120320", "113122160", "111118820", "102107961", "104113240", "108117360", "107113840", "112119450", "111121410", "109116441", "109117080", "102110500", "109121351", "113120830", "113122430", "99117630", "99108520", "103120780", "101116130", "103112470", "103120340", "107113130", "109115220", "113121950", "111120591", "104114740", "103120531", "98108150", "111116411", "106115120", "109118161", "101108500", "110114720", "105113330", "100115700", "99109840", "97109080", "100109330", "113122120", "99120010", "100113370", "110118930", "98112580", "111119300", "99108890", "102112170", "108116501", "108118291", "102110050", "98110710", "109119460", "102111990", "108119510", "108114270", "106117790", "99116500", "111114121", "108115880", "106119580", "113118810", "108118520", "106115240", "113122510", "112118890", "107119130", "100111390", "111120220", "97107920", "113117340", "113118820", "105121370", "103111930", "111117571", "98119591", "109117431", "101111140", "107118520", "98111620", "103117461", "113118231", "109117630", "102109840", "103110840", "110121500", "112116401", "106114280", "99108010", "97116500", "100108580", "108114040", "110120540", "102121700", "103111480", "104110960", "111116100", "113121980", "99109141", "108121190", "106113190", "104111531", "106116820", "103110050", "110118121", "106117770", "108121160", "113120540", "106119260", "111116530", "111116290", "112116990", "104113380", "102110690", "109114720", "100116500", "113122320", "97109570", "104112201", "104114240", "104111380", "98108580", "113119320", "112119950", "101108121", "108114200", "112120670", "112120700", "109120540", "110118880", "111121220", "112117210", "104111711", "112116640", "113118690", "108116070", "109119010", "106113260", "103109791", "113119300", "112117030"], "labels": [2, 0, 0, 1, 3, 0, 3, 2, 1, 3, 3, 0, 3, 1, 3, 0, 3, 2, 3, 2, 1, 2, 1, 1, 1, 3, 3, 1, 2, 3, 0, 0, 1, 0, 3, 3, 3, 1, 2, 2, 0, 1, 2, 3, 1, 2, 1, 0, 3, 0, 3, 3, 2, 1, 2, 1, 3, 1, 2, 0, 3, 3, 3, 0, 1, 2, 3, 1, 2, 3, 0, 2, 0, 2, 3, 3, 1, 1, 2, 2, 3, 0, 3, 0, 2, 1, 3, 0, 3, 2, 2, 0, 0, 1, 1, 0, 2, 3, 2, 3, 1, 0, 0, 1, 3, 3, 0, 2, 3, 1, 3, 2, 0, 1, 0, 0, 2, 1, 0, 0, 0, 3, 0, 1, 0, 0, 0, 2, 2, 1, 0, 3, 1, 1, 0, 3, 1, 3, 3, 3, 1, 2], "predicted_labels": [3, 3, 3, 3, 0, 0, 0, 1, 2, 1, 3, 1, 3, 1, 0, 3, 1, 1, 2, 2, 1, 0, 0, 1, 2, 3, 3, 3, 3, 1, 1, 3, 0, 0, 3, 2, 3, 0, 2, 2, 1, 1, 1, 1, 3, 1, 3, 1, 0, 0, 0, 3, 1, 3, 0, 1, 3, 1, 1, 1, 1, 3, 3, 0, 0, 0, 3, 1, 0, 0, 0, 1, 3, 3, 1, 0, 1, 3, 0, 1, 1, 1, 1, 1, 1, 3, 1, 0, 3, 1, 1, 2, 1, 1, 1, 0, 0, 0, 1, 1, 1, 0, 1, 0, 1, 1, 1, 1, 0, 1, 1, 1, 0, 2, 1, 1, 1, 0, 3, 0, 1, 0, 1, 0, 0, 3, 1, 1, 3, 1, 3, 3, 1, 2, 3, 1, 1, 1, 1, 2, 3, 3], "confidence_scores": [[0.24708030650770252, 0.2789515638728565, 0.1756468811928491, 0.29832124842659186], [0.3152171814679471, 0.25280440259072606, 0.10589721879450557, 0.3260811971468214], [0.29090583584550467, 0.2520481643537032, 0.11498281042904204, 0.3420631893717497], [0.288910812525231, 0.2558577419197962, 0.14119735955988424, 0.31403408599508836], [0.2295373836367354, 0.2891128939426893, 0.23242649665088863, 0.2489232257696867], [0.32193327971397573, 0.2447275721531562, 0.1142656101673547, 0.3190735379655136], [0.26704259066143, 0.3085584532314366, 0.20460328676513784, 0.21979566934199526], [0.19241828789415624, 0.34197453811640866, 0.23939145691860872, 0.22621571707082655], [0.12450617060284938, 0.347867595083792, 0.2918247382944152, 0.2358014960189438], [0.21754455132394743, 0.31550063562730696, 0.22059295934543258, 0.24636185370331343], [0.31834998709802725, 0.24862760769217973, 0.08333993039713668, 0.34968247481265624], [0.2540236065973988, 0.30956873534427043, 0.12106355626088593, 0.31534410179744515], [0.2928286895281244, 0.2896346778890282, 0.09200701369467047, 0.3255296188881775], [0.17107992442646666, 0.33809213596109816, 0.18925001237585248, 0.30157792723658255], [0.3313055126237891, 0.24258332032952745, 0.10097305865640074, 0.3251381083902825], [0.2882858232138497, 0.28057248076310515, 0.10806551419686962, 0.3230761818261757], [0.20636539082553584, 0.31271287957330357, 0.22945641380229487, 0.25146531579886566], [0.15589933118897437, 0.33639569432157923, 0.21402377572503803, 0.29368119876440824], [0.22630091754972864, 0.29388477735500135, 0.23010710254569752, 0.24970720254957282], [0.1547474287273786, 0.3546894338582296, 0.31141456658840877, 0.1791485708259832], [0.20040170684434536, 0.3330659513573634, 0.15982065254447417, 0.30671168925381687], [0.25538507272186717, 0.2655119403678026, 0.2268936200123792, 0.2522093668979511], [0.2602879430479877, 0.2896385986253878, 0.20852594949713926, 0.24154750882948497], [0.21095175296437227, 0.32044043567904484, 0.22304776412519992, 0.24556004723138322], [0.20200750288875277, 0.32702415843868066, 0.28287667025470425, 0.1880916684178622], [0.19359500270630933, 0.3203014848737958, 0.16969444048577836, 0.3164090719341164], [0.16623422669426186, 0.3002664147966046, 0.2569164191798577, 0.27658293932927597], [0.3021466351014361, 0.24784286602929764, 0.11871729405404256, 0.33129320481522373], [0.24442059983833536, 0.28682340712845855, 0.1915534763256785, 0.2772025167075275], [0.2109545513333765, 0.30532432610677085, 0.2145156318713973, 0.2692054906884554], [0.22796183874721046, 0.3114832520996507, 0.16867561781725238, 0.29187929133588636], [0.3415828757838841, 0.22760232147245973, 0.07993398039181038, 0.3508808223518456], [0.3489132299980042, 0.2425691088200385, 0.07485312572602543, 0.3336645354559319], [0.28856403808238346, 0.2916491991857746, 0.12150494539594917, 0.29828181733589293], [0.24378884605421342, 0.27205080963378325, 0.20255483485030773, 0.28160550946169566], [0.16057357762924532, 0.35402656226055756, 0.29767282183597105, 0.18772703827422604], [0.31124542598613475, 0.24301725161510757, 0.1141511879089111, 0.3315861344898464], [0.2946177463230736, 0.2844382052316118, 0.14391600225092338, 0.27702804619439136], [0.16205151296886575, 0.31323581535229617, 0.265950257029293, 0.258762414649545], [0.13872312631828093, 0.34042383381853364, 0.26111320562020984, 0.2597398342429755], [0.2532620386671114, 0.3043537640622364, 0.15176742656744702, 0.2906167707032052], [0.24657847912264064, 0.30908255902530024, 0.18397856694032602, 0.26036039491173296], [0.22777305007736504, 0.3054191330242809, 0.18712550634582895, 0.27968231055252546], [0.2017981495072177, 0.3249310862569295, 0.21601068592393285, 0.2572600783119199], [0.2377764070607246, 0.2958276748532536, 0.16168264646224467, 0.30471327162377704], [0.16621940113859193, 0.3302398470964585, 0.23201879837449277, 0.27152195339045704], [0.24352643881961283, 0.28182967476248294, 0.16911291461683509, 0.30553097180106925], [0.16297419947572883, 0.35172921327312173, 0.22938787374623232, 0.25590871350491706], [0.2977395680300708, 0.2508021551440792, 0.1569168900384669, 0.2945413867873832], [0.29798737329888814, 0.2629655709157282, 0.1312031537107705, 0.3078439020746132], [0.3534246581171285, 0.2206397989394493, 0.07761128599221236, 0.3483242569512099], [0.17570794574697954, 0.32296596036980985, 0.20610613326411187, 0.2952199606190987], [0.17197978509434786, 0.34247201861550797, 0.242545997466982, 0.24300219882316207], [0.2666292132865306, 0.2780047982909118, 0.15149164818408448, 0.30387434023847276], [0.30393221442121543, 0.2613591656877747, 0.17062717233953933, 0.2640814475514705], [0.23405525401360586, 0.3005867236146666, 0.2352431054196317, 0.23011491695209593], [0.2948868210851307, 0.27902168960563006, 0.08931524584714637, 0.33677624346209284], [0.20348809354837627, 0.31710512545386454, 0.22749403516803174, 0.25191274582972734], [0.14210710503281815, 0.35697088850143505, 0.2601991364752177, 0.24072286999052944], [0.24940430960980253, 0.329316094963127, 0.1310061624561772, 0.2902734329708931], [0.2320508132276292, 0.2902247985061338, 0.21309113149878636, 0.2646332567674508], [0.270156342660649, 0.26582687019217777, 0.17725635854613112, 0.2867604286010421], [0.23261554993887337, 0.29054020211213505, 0.17384780677092412, 0.3029964411780673], [0.2858964063429676, 0.2817477714668782, 0.15231138194717997, 0.28004444024297415], [0.33124981540220105, 0.2502417212451472, 0.11120400158128609, 0.3073044617713658], [0.2435978685842102, 0.29929568661964057, 0.24748183640194107, 0.20962460839420816], [0.3183765188500494, 0.2611098943296268, 0.07574862459848446, 0.3447649622218395], [0.25494874828364544, 0.30107108053224707, 0.13399790341295822, 0.3099822677711491], [0.2896898852729521, 0.27012090944805006, 0.1378909445146086, 0.3022982607643894], [0.2981167675172167, 0.28361291929799054, 0.11325008242762939, 0.3050202307571632], [0.3252217436124399, 0.24957068606632526, 0.13108282445301414, 0.29412474586822057], [0.23028574605416063, 0.3115102498031612, 0.20254455872050262, 0.2556594454221757], [0.308583199034752, 0.27304643143032875, 0.09360777473416312, 0.3247625948007561], [0.154487676935316, 0.3241841520902702, 0.24296573453649606, 0.27836243643791786], [0.2425469709980904, 0.309736757043343, 0.19348735144213658, 0.2542289205164299], [0.2826425732839067, 0.29282698694719794, 0.13050658654578132, 0.29402385322311414], [0.18736167345507246, 0.33857879174417527, 0.22518704289440178, 0.2488724919063504], [0.24121202031067734, 0.30010615933874424, 0.1420814809921072, 0.316600339358471], [0.2558706213152761, 0.2709494487209251, 0.21905681223926096, 0.2541231177245377], [0.18866815490902028, 0.3238889474570257, 0.21196471650583645, 0.2754781811281178], [0.14922301343150027, 0.34293576218045124, 0.28981864645231176, 0.21802257793573676], [0.2720094836423111, 0.2909491902625887, 0.13952781999286945, 0.2975135061022308], [0.281532866407602, 0.2991101520881748, 0.11712132220646303, 0.3022356592977597], [0.2383693601799167, 0.3240986230925624, 0.20148390247158177, 0.23604811425593872], [0.18706000910763854, 0.3186958118715376, 0.24982653361376767, 0.24441764540705602], [0.23766260787349858, 0.301826470106657, 0.16350065697166732, 0.2970102650481769], [0.26914589864273814, 0.310473052539579, 0.11766141554701841, 0.3027196332706642], [0.3718737596058206, 0.20984523383594986, 0.08126490383607285, 0.33701610272215665], [0.21890403305683934, 0.31285091360382167, 0.16310600337864664, 0.3051390499606923], [0.22962034925725974, 0.30656276390997633, 0.19425274072155307, 0.26956414611121104], [0.2365724517902414, 0.31852024000605134, 0.2581255683636202, 0.1867817398400871], [0.17334002245043015, 0.3279856180507544, 0.2877988847946837, 0.21087547470413162], [0.21510560706720278, 0.3205363227998649, 0.21758172012426155, 0.24677635000867068], [0.1750747647661091, 0.33576536537235685, 0.2404672627724201, 0.24869260708911392], [0.27403311722846024, 0.3003288646231761, 0.14650318183768302, 0.2791348363106807], [0.2789189010027027, 0.2811348727607939, 0.14954362314256203, 0.29040260309394117], [0.3055335236209561, 0.28343646453818805, 0.18653585736868153, 0.2244941544721742], [0.3041438038651512, 0.2687991609571148, 0.12136750317229655, 0.3056895320054375], [0.1707415316360886, 0.326059916983489, 0.21421537743643734, 0.2889831739439851], [0.2742445689386646, 0.28993462756620575, 0.13231875188296072, 0.30350205161216914], [0.16347101557321242, 0.35439824840017026, 0.2424272088762154, 0.23970352715040216], [0.28143568597323926, 0.2759576798080659, 0.1357474747590124, 0.3068591594596826], [0.23815317885539558, 0.30694151096573813, 0.15934450418992868, 0.29556080598893775], [0.30773546903679794, 0.25578279941534515, 0.11728754573968106, 0.3191941858081758], [0.1651290431247503, 0.34161394572336484, 0.20771530749978537, 0.28554170365209947], [0.2786276947458914, 0.3077481064130653, 0.09241690047878258, 0.3212072983622606], [0.21787790035199492, 0.30514815605922885, 0.2388912094717094, 0.2380827341170668], [0.25312883250566326, 0.30885288579881665, 0.1545236111821957, 0.2834946705133241], [0.34287346545267744, 0.2502287463359748, 0.0835524880891282, 0.3233453001222195], [0.2631875492798452, 0.2976985877701939, 0.18965468637078908, 0.24945917657917177], [0.2519076547910813, 0.3187531582194751, 0.1660340583071285, 0.2633051286823152], [0.1900075657241705, 0.33012395018893004, 0.25757206449408687, 0.2222964195928126], [0.34357951162043, 0.2345552066870923, 0.12847628616026194, 0.29338899553221603], [0.1556590102394598, 0.34149256339345185, 0.2697405417276488, 0.23310788463943946], [0.2913693094401196, 0.2932831310795153, 0.0943387238909539, 0.32100883558941135], [0.11370602578370474, 0.37285946232364503, 0.2945064320960416, 0.21892807979660886], [0.23768574360160097, 0.3120356847957666, 0.15796195915139574, 0.2923166124512368], [0.2951897364728813, 0.30515647116553846, 0.12213569260457403, 0.27751809975700625], [0.2527212653813914, 0.30001584546010884, 0.15050858582040422, 0.29675430333809566], [0.3072138977195611, 0.28099714245535373, 0.1126439120053259, 0.29914504781975937], [0.25807240455176295, 0.3052805162953712, 0.15276615251470904, 0.28388092663815695], [0.24967693696338691, 0.29547828000164394, 0.23444614975652384, 0.2203986332784454], [0.2268171394096211, 0.29946314749646274, 0.22533005407588108, 0.24838965901803484], [0.31566716773626596, 0.26100010307703037, 0.09651647253128083, 0.3268162566554229], [0.345941497796103, 0.23339011284396333, 0.08157081668940613, 0.3390975726705275], [0.189172734219932, 0.32514937722159787, 0.18792921164951362, 0.29774867690895646], [0.27531948125824984, 0.3161977851454607, 0.14312840924364256, 0.2653543243526468], [0.1730162048389145, 0.3235145801009596, 0.25081782091798765, 0.2526513941421383], [0.17196504307946425, 0.31749636436819245, 0.22539827651957212, 0.28514031603277085], [0.254422905894196, 0.3167869780331536, 0.12927432787197926, 0.2995157882006705], [0.2786312572854319, 0.2785703611355279, 0.1014720274311817, 0.34132635414785867], [0.2867107121667244, 0.280399481923795, 0.09796166777990747, 0.3349281381295731], [0.160248188277636, 0.3343407017576979, 0.2690013685846919, 0.23640974137997414], [0.15920263084759734, 0.3397257927369782, 0.3166800620553923, 0.1843915143600323], [0.23954537799836673, 0.2890080924966915, 0.18705618991148645, 0.2843903395934552], [0.21672167342973303, 0.3105522276323021, 0.20661815310750478, 0.2661079458304603], [0.25575049681113143, 0.3022345063010055, 0.19397260220300147, 0.24804239468486128], [0.11792000434403443, 0.36911825014874944, 0.2945201316254355, 0.21844161388178046], [0.2727476796093288, 0.32398858721553225, 0.13668389009252874, 0.26657984308261035], [0.215716496730754, 0.27777484228974025, 0.24584073468168224, 0.26066792629782354], [0.33696238155395847, 0.22880651960180354, 0.08569710612279592, 0.34853399272144225], [0.24556328740257993, 0.29838375025847486, 0.15048351859669, 0.30556944374225525]]}, "rewritten": {"ids": ["97106970", "97107920", "97109080", "97109570", "97116500", "98108150", "98108580", "98110710", "98111620", "98112580", "98119591", "99108010", "99108520", "99108890", "99109141", "99109840", "99116500", "99117630", "99120010", "100108580", "100109330", "100111390", "100113370", "100115700", "100116500", "101108121", "101108500", "101111140", "101116130", "102107961", "102109840", "102110050", "102110500", "102110690", "102111990", "102112170", "102121700", "103109791", "103110050", "103110840", "103111480", "103111930", "103112470", "103117461", "103120340", "103120531", "103120780", "104110960", "104111380", "104111531", "104111711", "104112201", "104113240", "104113380", "104114240", "104114740", "105113330", "105121370", "106113190", "106113260", "106114280", "106115120", "106115240", "106116820", "106117770", "106117790", "106119260", "106119580", "107113130", "107113840", "107118520", "107119130", "108114040", "108114200", "108114270", "108115880", "108116070", "108116501", "108117360", "108118291", "108118520", "108119510", "108121160", "108121190", "109114720", "109115220", "109116441", "109117080", "109117271", "109117431", "109117630", "109118161", "109119010", "109119460", "109120540", "109121351", "110113591", "110114720", "110118121", "110118880", "110118930", "110120540", "110121500", "111114121", "111116100", "111116290", "111116411", "111116530", "111117571", "111118820", "111119300", "111120220", "111120320", "111120591", "111121220", "111121410", "112116401", "112116640", "112116990", "112117030", "112117210", "112118890", "112119450", "112119950", "112120670", "112120700", "113117340", "113118231", "113118690", "113118810", "113118820", "113119300", "113119320", "113120540", "113120830", "113121950", "113121980", "113122120", "113122160", "113122320", "113122430", "113122510"], "labels": [2, 0, 2, 0, 2, 0, 0, 2, 3, 2, 1, 2, 2, 0, 3, 2, 2, 3, 2, 0, 0, 2, 3, 1, 2, 0, 3, 2, 2, 3, 2, 3, 3, 0, 2, 3, 1, 3, 3, 1, 0, 3, 1, 0, 1, 3, 1, 2, 3, 0, 1, 0, 2, 1, 0, 2, 3, 2, 0, 3, 3, 1, 1, 1, 0, 1, 1, 3, 1, 3, 2, 1, 0, 0, 3, 3, 1, 0, 1, 3, 0, 1, 2, 1, 0, 3, 3, 1, 0, 1, 0, 0, 3, 1, 1, 0, 0, 3, 3, 0, 1, 1, 3, 0, 3, 2, 0, 3, 3, 0, 1, 3, 1, 1, 3, 0, 0, 0, 0, 2, 1, 3, 3, 0, 2, 2, 2, 3, 3, 3, 0, 1, 1, 3, 3, 3, 2, 1, 3, 1, 2, 2], "predicted_labels": [3, 0, 1, 1, 2, 1, 1, 1, 3, 1, 1, 1, 1, 1, 3, 3, 1, 3, 1, 2, 1, 0, 1, 0, 1, 3, 3, 3, 0, 1, 2, 3, 3, 0, 0, 0, 1, 2, 1, 3, 3, 1, 0, 0, 1, 1, 1, 0, 0, 3, 2, 0, 1, 1, 1, 1, 3, 3, 3, 1, 3, 0, 0, 0, 1, 1, 0, 3, 2, 1, 1, 1, 3, 0, 3, 1, 1, 3, 2, 3, 1, 1, 1, 1, 1, 3, 3, 1, 3, 3, 1, 0, 3, 3, 1, 3, 0, 2, 3, 3, 3, 1, 0, 1, 3, 1, 3, 1, 0, 0, 3, 0, 3, 3, 3, 3, 0, 3, 0, 3, 1, 3, 3, 0, 1, 3, 1, 1, 3, 3, 3, 3, 0, 0, 3, 3, 3, 1, 1, 0, 3, 2], "confidence_scores": [[0.25298649398719825, 0.26751921225561925, 0.1704943934281943, 0.30899990032898794], [0.3305542726592487, 0.2417653058224892, 0.11982781044421459, 0.3078526110740478], [0.21777046982308318, 0.30647013330651, 0.1843321458530846, 0.2914272510173223], [0.2597916902587436, 0.29159881143043365, 0.16930990348056502, 0.2792995948302576], [0.22379847436885678, 0.30870383711917415, 0.26420601082928646, 0.20329167768268272], [0.2352413175807613, 0.3057469139774741, 0.16092126937373022, 0.2980904990680347], [0.23456232899125581, 0.29497560997437827, 0.2051883967804969, 0.265273664253869], [0.17565989033650953, 0.338935754735943, 0.21707300141207672, 0.2683313535154709], [0.19461204913933206, 0.3072009935881329, 0.2284350269972387, 0.2697519302752964], [0.2271010110316079, 0.3071015472986023, 0.17087309301487966, 0.29492434865491046], [0.19858000783736013, 0.33295339888632197, 0.20329766502189975, 0.265168928254418], [0.18597882041721406, 0.336501753888281, 0.23456683324834937, 0.2429525924461556], [0.15397918459473592, 0.34493633126140993, 0.2961514232391105, 0.20493306090474359], [0.17681467422381167, 0.3423040909593904, 0.21030934139830534, 0.2705718934184923], [0.2740833095935789, 0.2859709776962659, 0.13548463630164811, 0.3044610764085069], [0.16705663363956075, 0.31030033882883795, 0.2498381990621352, 0.27280482846946635], [0.15642189681541693, 0.3426302762426992, 0.24086705694332772, 0.26008076999855617], [0.24747968791483255, 0.28542958438254157, 0.20812151588093872, 0.25896921182168736], [0.2024049623905356, 0.3121839944333147, 0.21383083868433156, 0.2715802044918179], [0.17281359022247675, 0.32584520277042817, 0.2784017142495305, 0.22293949275756497], [0.2567634340678646, 0.30112836445762103, 0.1569028118474031, 0.2852053896271117], [0.27790896420465394, 0.2845325282405146, 0.14224223586776472, 0.2953162716870667], [0.22144555756183304, 0.3065943373739548, 0.1863218796469226, 0.28563822541728934], [0.2875232245867353, 0.28204879945604594, 0.1564486963537884, 0.2739792796034306], [0.25685023561151055, 0.2960035520298922, 0.1772508510030204, 0.269895361355577], [0.19646480087415127, 0.32187579203308986, 0.17792075525845513, 0.30373865183430376], [0.24898040041569233, 0.2733042334104588, 0.1945391329602165, 0.2831762332136323], [0.24968103123371416, 0.2645826079187165, 0.21716297095518422, 0.2685733898923848], [0.24779778522521945, 0.2710029139369744, 0.20530438595718917, 0.2758949148806169], [0.2634790239202653, 0.30304077122358514, 0.1964791498236213, 0.23700105503252858], [0.1743512808319112, 0.3232257210095594, 0.2737526615320408, 0.2286703366264888], [0.19692396522212716, 0.31544930383504716, 0.19123663483856695, 0.29639009610425854], [0.32693405829881117, 0.23656423771413423, 0.11604291965798179, 0.3204587843290731], [0.3073614766600762, 0.2812061088495354, 0.08675775497748527, 0.32467465951290364], [0.2987198335964122, 0.26534453350081727, 0.1668969691348482, 0.2690386637679224], [0.3118080783529317, 0.24305203505021958, 0.15893076353572486, 0.286209123061124], [0.2591799031397669, 0.31158537839745204, 0.16304141873087732, 0.2661932997319036], [0.23953778516326674, 0.2741589236562086, 0.2260706609036896, 0.2602326302768352], [0.18938338180073241, 0.3315878383979352, 0.17747193980008485, 0.30155684000124744], [0.23336730071539574, 0.29684982161363266, 0.170472998648606, 0.2993098790223655], [0.2861651020472704, 0.2743295353663718, 0.1252315917208016, 0.3142737708655562], [0.25931900522188156, 0.31621864569928604, 0.17050363170689, 0.2539587173719425], [0.2768110567962878, 0.2729916051555416, 0.18983526668398085, 0.2603620713641899], [0.29507356293171466, 0.27116538183375755, 0.12998714393771627, 0.30377391129681175], [0.22469926636684684, 0.3018884712191982, 0.20711985386795806, 0.2662924085459969], [0.22766837068968235, 0.3017507675750823, 0.1934160030926594, 0.2771648586425761], [0.20669504851800458, 0.3283193590007758, 0.1790715002663791, 0.285914092214841], [0.32391656222673554, 0.2643191388190147, 0.1524579681410672, 0.25930633081318216], [0.26801095770919503, 0.2833015436694251, 0.20477496214283003, 0.2439125364785499], [0.2517498255570411, 0.29817857506655765, 0.14409435236045134, 0.30597724701595014], [0.1911342549133877, 0.3128287477001449, 0.28297092789039024, 0.21306606949607712], [0.29709787167539486, 0.28453586655302066, 0.11720467363793463, 0.3011615881336502], [0.22227086451172784, 0.3190729271938624, 0.2056760662487756, 0.2529801420456344], [0.18788131089793492, 0.3267570054003422, 0.2280280766681362, 0.25733360703358676], [0.26272544281627364, 0.29706405519707074, 0.16329163766894095, 0.276918864317715], [0.2196608652469304, 0.31202150415751606, 0.18312027022421912, 0.2851973603713346], [0.3186041993907234, 0.234752764114633, 0.1146781248363625, 0.3319649116582811], [0.17329643052955088, 0.31299153770963384, 0.22502720244154073, 0.2886848293192744], [0.28063131876836284, 0.2776212735929515, 0.12881745090106647, 0.31292995673761914], [0.2702516115061054, 0.31907539292597165, 0.16042979930081314, 0.25024319626710984], [0.24425912985426892, 0.2953971573616097, 0.14442222445284983, 0.31592148833127187], [0.3509318052256109, 0.23903811754370186, 0.0720713043304617, 0.3379587729002254], [0.320767823609137, 0.2526076438379791, 0.11082754752406294, 0.315796985028821], [0.30589620952423935, 0.2531468790872823, 0.1239424977874989, 0.3170144136009797], [0.240566793001595, 0.2938886205800539, 0.19319886135727854, 0.2723457250610725], [0.23849215661939957, 0.30528183940132797, 0.20342712918784048, 0.25279887479143176], [0.2805680026224452, 0.2917683651497332, 0.1675209388744167, 0.26014269335340456], [0.29590255928336523, 0.2524320843642039, 0.14235752645349867, 0.30930782989893235], [0.18769798028264148, 0.3304960399451881, 0.2872930443024506, 0.19451293546971984], [0.22261750191101976, 0.3159845881167507, 0.21496587992327235, 0.24643203004895756], [0.18517703228751065, 0.3259179094124904, 0.21664685418989035, 0.27225820411010837], [0.25486984951417446, 0.29952966781088863, 0.1355716440571125, 0.3100288386178247], [0.2034561290171582, 0.3173387722784661, 0.1797116789680365, 0.2994934197363393], [0.3010072722970461, 0.2915379919614972, 0.1207354189701642, 0.2867193167712924], [0.27813708526047665, 0.2817715151667637, 0.10578499316713968, 0.33430640640562], [0.2410727949212624, 0.2911314490161542, 0.19939340020071447, 0.2684023558618689], [0.2280763957078877, 0.3169212519170275, 0.2236435684335212, 0.23135878394156345], [0.2950411624589557, 0.2689180405794051, 0.11189584052998519, 0.3241449564316542], [0.12700092913333527, 0.3380473101699827, 0.2687276656400502, 0.266224095056632], [0.33642001134486754, 0.22395671293575636, 0.10028778953240722, 0.33933548618696885], [0.25447780323994296, 0.30221374356700764, 0.1732139931171842, 0.270094460075865], [0.2253190799042464, 0.3085444097555107, 0.23812031462007793, 0.22801619572016513], [0.271086063792939, 0.2987934903720723, 0.13597439994621902, 0.2941460458887697], [0.2000662332427878, 0.33513411633255324, 0.19170187730657712, 0.273097773118082], [0.15255595325843133, 0.3375202990032319, 0.25230250946263927, 0.25762123827569755], [0.24410028872251296, 0.2981600926190541, 0.1256050287896206, 0.3321345898688122], [0.2989237532169603, 0.28168638807322766, 0.09276984269593631, 0.3266200160138759], [0.16813131435546913, 0.33437699362459294, 0.20947176939247944, 0.2880199226274585], [0.2720037013526998, 0.2652870218542541, 0.13643126806265451, 0.32627800873039164], [0.2325428152159418, 0.30718463431742565, 0.1535861208883266, 0.306686429578306], [0.25461524699142113, 0.31135479137640953, 0.18403382094342285, 0.24999614068874668], [0.2830014313752924, 0.2909298738874755, 0.12792253108109097, 0.2981461636561411], [0.19299191437094698, 0.31614442495298734, 0.19705783067431343, 0.2938058300017518], [0.2544897501370934, 0.2792387715001445, 0.16205294503156098, 0.3042185333312012], [0.2506528104655324, 0.31178006341672354, 0.1299764776398652, 0.30759064847787904], [0.2782171032133673, 0.28793205424665863, 0.122136538707425, 0.31171430383254917], [0.3223358760888859, 0.25123182528305543, 0.09774959758609059, 0.32868270104196756], [0.16287249574437151, 0.3422122099050228, 0.2969544915131471, 0.19796080283745868], [0.28921347165589606, 0.2945656938491434, 0.08460842407155793, 0.3316124104234024], [0.26605389575175503, 0.292190357501008, 0.11690681847960613, 0.32484892826763073], [0.2383835543123675, 0.2904520070607025, 0.16319818661039476, 0.30796625201653527], [0.19097004179204558, 0.339035912554925, 0.20991630647090767, 0.26007773918212146], [0.3011789521560601, 0.2914448460698403, 0.09683150318757468, 0.3105446985865249], [0.26888369672181145, 0.31230857670099965, 0.11628534398203814, 0.3025223825951508], [0.2927938223845808, 0.27618748446233055, 0.11932498584525039, 0.31169370730783824], [0.1886209331627305, 0.330797549709817, 0.25481654328385284, 0.22576497384360006], [0.35732963111537647, 0.21672862931090017, 0.07083909300080972, 0.35510264657291396], [0.21109359264763686, 0.33745883615259553, 0.19965942373931797, 0.25178814746044964], [0.2993285171944887, 0.2842779786593745, 0.11604758741421768, 0.3003459167319193], [0.3277927035993963, 0.24677138391705514, 0.09357875006476167, 0.3318571624187869], [0.25966049788059925, 0.27720547694014475, 0.151321834299809, 0.3118121908794469], [0.2924285907019775, 0.2807333250881151, 0.12253707557199522, 0.3043010086379121], [0.28598720537981165, 0.26771138973678643, 0.12564180797453528, 0.320659596908867], [0.3081884510520297, 0.24536413186806155, 0.11330984109789712, 0.3331375759820117], [0.2664274309748132, 0.30010682983854886, 0.1139643626778948, 0.319501376508743], [0.28445799304205116, 0.2906573900553681, 0.10038125631543922, 0.32450336058714174], [0.36789499383141167, 0.2143207560844249, 0.089563992811408, 0.3282202572727554], [0.2873213708600497, 0.25485154807008015, 0.1442315278719077, 0.3135955531979624], [0.34842892425141275, 0.22985651091050383, 0.10756058175116097, 0.3141539830869223], [0.24189992739016147, 0.2966803997755138, 0.16006897022526256, 0.3013507026090621], [0.17932511423700506, 0.32342696846541236, 0.24603774075131352, 0.2512101765462691], [0.31331792031606215, 0.26892826826816885, 0.07624483087716831, 0.3415089805386007], [0.3228583072083034, 0.24267711178156293, 0.08707837967067522, 0.3473862013394587], [0.331184223015922, 0.25095905231392907, 0.08289782725793556, 0.3349588974122131], [0.17248458093158428, 0.3237177452584596, 0.26200970645924254, 0.2417879673507136], [0.18237214745260044, 0.3224389684995342, 0.18687944047390356, 0.3083094435739616], [0.25248812891450234, 0.3065184090672148, 0.1774269812659781, 0.26356648075230454], [0.28785559220065865, 0.2920286077031686, 0.10254737176423734, 0.3175684283319355], [0.2440523114278931, 0.29347158616364194, 0.17223312289936105, 0.29024297950910377], [0.27129342383821103, 0.27211618480890015, 0.14310096464807326, 0.31348942670481544], [0.31357657261124516, 0.2685639211839231, 0.09010057108366816, 0.3277589351211636], [0.3314719215755663, 0.23042976748104269, 0.08992937403658063, 0.34816893690681033], [0.30915297460817204, 0.2657524846432532, 0.1022980987653302, 0.3227964419832446], [0.3538752609828282, 0.23663508092790525, 0.07478443527287094, 0.3347052228163957], [0.23890724245096853, 0.2873155920274698, 0.20243671380030473, 0.2713404517212568], [0.22374099608397904, 0.27030425627143806, 0.21057442886924657, 0.2953803187753362], [0.18207129422810317, 0.31694809456972073, 0.19522132031783312, 0.30575929088434295], [0.25996863953586674, 0.3093133569571084, 0.16124995027184394, 0.26946805323518064], [0.17720042490967303, 0.3231653287488939, 0.2510986614314681, 0.24853558490996502], [0.2987376604541083, 0.2975080949834673, 0.10990698856425486, 0.2938472559981697], [0.19027259692842527, 0.31488244462902376, 0.189015544686544, 0.30582941375600675], [0.23521000502673028, 0.30219134536673364, 0.24891928679461678, 0.2136793628119194]]}}