{"test": {"ids": ["106120640", "99108460", "106114280", "99109860", "110114720", "112117580", "111121930", "104111531", "111115910", "106116120", "97112300", "102111990", "112117790", "110121170", "111116530", "113120591", "105115720", "107114200", "98106880", "111119430", "107121230", "109116750", "98110680", "102110050", "101108290", "110114651", "112119450", "99108000", "109119340", "99109311", "99108890", "97116500", "101110150", "111116100", "109117150", "109120560", "112117780", "98109090", "98116500", "112120640", "111118810", "107118820", "107114490", "105110251", "104111380", "105118230", "111120280", "111116750", "109115211", "109117271", "105115680", "113121220", "104113550", "99108580", "112116880", "100108990", "99107630", "110121720", "110117110", "99109370", "110116300", "113118690", "104111550", "111116040", "109113931", "107114621", "99110730", "105113620", "103111480", "113118810", "113122190", "104111990", "99108010", "98121790", "111115780", "110121500", "105118171", "102112170", "104111830", "110117870", "112120630", "105112100", "99117630", "112117660", "105118740", "112118930", "109120150", "108118810", "98116090", "104112470", "99109780", "109119460", "97105760", "102108621", "107117630", "111120531", "113120751", "98111860", "113122150", "98113881", "97106591", "103110840", "97107950", "101117580", "99112300", "111117120", "113117550", "111119150", "104113000", "99108080", "106121220", "108117451", "99116500", "108115570", "100109330", "111119930", "112120270", "102107961", "107121540", "109117630", "98116940", "106113260", "103113640", "110115140", "106116441", "109116170", "112119500", "109114220", "99111440", "97108520", "112121010", "113120070", "113122510", "106111321", "97106820", "113119930", "109116040", "102110500", "113120540", "110118740", "112118820", "97105960"], "labels": [3, 0, 3, 2, 3, 0, 1, 0, 2, 1, 2, 2, 3, 2, 3, 0, 1, 2, 0, 3, 0, 0, 2, 3, 0, 3, 3, 2, 3, 1, 0, 2, 1, 3, 2, 1, 0, 1, 2, 0, 0, 3, 3, 0, 3, 1, 0, 3, 0, 0, 2, 3, 1, 0, 0, 2, 2, 3, 0, 1, 3, 3, 1, 0, 1, 0, 3, 0, 0, 3, 1, 2, 2, 2, 1, 3, 3, 3, 3, 3, 3, 1, 3, 0, 1, 1, 2, 1, 0, 1, 2, 1, 0, 3, 0, 0, 1, 0, 2, 3, 1, 1, 2, 3, 0, 2, 3, 3, 1, 3, 1, 2, 2, 3, 0, 1, 0, 3, 2, 0, 2, 3, 1, 0, 0, 0, 2, 3, 3, 2, 2, 2, 2, 0, 1, 1, 0, 3, 3, 3, 0, 2], "predicted_labels": [1, 3, 1, 1, 1, 1, 1, 1, 1, 1, 3, 1, 3, 3, 1, 1, 1, 1, 1, 3, 3, 1, 1, 3, 1, 3, 1, 1, 3, 1, 1, 1, 3, 0, 1, 3, 3, 3, 3, 0, 1, 1, 3, 1, 1, 1, 3, 0, 3, 3, 1, 3, 0, 1, 1, 1, 3, 1, 1, 1, 1, 1, 1, 3, 1, 0, 2, 1, 0, 1, 1, 1, 1, 1, 1, 0, 1, 0, 1, 3, 0, 0, 3, 3, 3, 3, 3, 1, 3, 1, 1, 3, 0, 0, 0, 1, 3, 2, 1, 1, 1, 1, 1, 3, 3, 1, 3, 1, 3, 0, 1, 3, 1, 1, 0, 3, 3, 3, 1, 0, 1, 1, 0, 3, 1, 1, 1, 3, 3, 1, 1, 1, 1, 3, 3, 1, 3, 0, 1, 3, 1, 3], "confidence_scores": [[0.13681521349453893, 0.3585147594008252, 0.25008679326019456, 0.25458323384444126], [0.2570938333415629, 0.27600864141254755, 0.1400750203130405, 0.3268225049328489], [0.26319856517420864, 0.2971399821879449, 0.1632875261342216, 0.2763739265036247], [0.19808043809781545, 0.3448440789535872, 0.23048046761185775, 0.22659501533673945], [0.14176155589784017, 0.36654554131465045, 0.24264356948997137, 0.2490493332975379], [0.2373588796028769, 0.32170739030921813, 0.15292906619462857, 0.2880046638932764], [0.17762058724867302, 0.3167856798232157, 0.27398687388009685, 0.23160685904801445], [0.2763959545741096, 0.29095983928765595, 0.12408733991722828, 0.308556866221006], [0.20764427113697198, 0.35501537998976745, 0.17516847000106642, 0.262171878872194], [0.21357275869658024, 0.3355377144990111, 0.21239209711161405, 0.23849742969279442], [0.2590788321414413, 0.2615442765029123, 0.19306410553306755, 0.2863127858225791], [0.28194741432200493, 0.2959369266162622, 0.1848529793492353, 0.2372626797124975], [0.3068565571696253, 0.25361628341631187, 0.1035743156097198, 0.33595284380434304], [0.19027879271496506, 0.2973242022350285, 0.19388820980038596, 0.3185087952496204], [0.21141848063206198, 0.3385211844964854, 0.14744643607708102, 0.3026138987943719], [0.21888388874867526, 0.31866637180236934, 0.18713314448066304, 0.2753165949682921], [0.19347003595944773, 0.34361218376432606, 0.21192580857584914, 0.2509919717003769], [0.21148418077482534, 0.3840082804740545, 0.1410741244902352, 0.2634334142608852], [0.20540620734329132, 0.321355754721876, 0.23209015309245065, 0.24114788484238228], [0.2375827766370699, 0.2998940342470615, 0.15670150763116397, 0.30582168148470457], [0.18711649830257468, 0.2993966272178268, 0.1973651439228202, 0.3161217305567786], [0.2730734540858968, 0.31120119775125815, 0.17699045235038058, 0.2387348958124645], [0.2027926197487497, 0.33477468384574893, 0.25278465049935595, 0.20964804590614525], [0.17542800461858438, 0.30296837841368, 0.24362564722075947, 0.2779779697469764], [0.22787650422036876, 0.3282580343382751, 0.17169262808780927, 0.27217283335354664], [0.28603858382061315, 0.2527771682922898, 0.14434731828153252, 0.31683692960556453], [0.3025824996320639, 0.2879885865823021, 0.08633505967249981, 0.32309385411313424], [0.16739943907850852, 0.355236973515795, 0.24461022273461944, 0.2327533646710771], [0.2236855898593074, 0.3051988114690689, 0.16500879633099233, 0.30610680234063137], [0.2431678716216679, 0.3189502231242139, 0.17528926233290218, 0.2625926429212162], [0.23543965970887334, 0.32998340021813694, 0.19066379133353722, 0.24391314873945238], [0.2052112637428113, 0.31055586209831465, 0.2063718504620237, 0.27786102369685], [0.2668820602160059, 0.2775229677939637, 0.15111210415320836, 0.30448286783682205], [0.3233873810147591, 0.2894002978226218, 0.10519900195467728, 0.2820133192079417], [0.15692393134499252, 0.3992117706488162, 0.2106593878958539, 0.23320491011033706], [0.27846531530311297, 0.23896304048024675, 0.14145414328584036, 0.3411175009308001], [0.2669520626313857, 0.27265831415556363, 0.1358929246955711, 0.32449669851747964], [0.3001761453109284, 0.24298157425074393, 0.1314483016272393, 0.32539397881108806], [0.30577670414968494, 0.2256750438706488, 0.14370145301699797, 0.3248467989626681], [0.38525084487743916, 0.22278499831741272, 0.07927193919109624, 0.3126922176140519], [0.2842024111074931, 0.2828905583184371, 0.15119831959862784, 0.2817087109754415], [0.15661848184006094, 0.3418922281296138, 0.20835089955139402, 0.2931383904789313], [0.2558437536053399, 0.28460754639067976, 0.12617571290422436, 0.33337298709975616], [0.30533702682111546, 0.29941165413015824, 0.12246900080534191, 0.2727823182433844], [0.26942458436506966, 0.28426532526175324, 0.16597859649036625, 0.28033149388281087], [0.13480465257964258, 0.417061750956623, 0.24790062707380534, 0.20023296938992896], [0.3043403510511137, 0.2613700630759836, 0.1012248830780725, 0.33306470279483014], [0.318673625912569, 0.2559676535592334, 0.1307460789386368, 0.29461264158956096], [0.20957644484508461, 0.2964243251848397, 0.1438915590746678, 0.35010767089540773], [0.22762138284411715, 0.2940302661444156, 0.12941744906649333, 0.34893090194497384], [0.1420255929462794, 0.3688108012461096, 0.237531957984387, 0.251631647823224], [0.29381873392771757, 0.2357111839851079, 0.10807382259558002, 0.36239625949159415], [0.4275655793002645, 0.20092654130405685, 0.049060531015258146, 0.32244734838042083], [0.24634852669328944, 0.3253649660552852, 0.17873371799251894, 0.2495527892589065], [0.16296670463744195, 0.371327697592207, 0.22598397359944444, 0.2397216241709065], [0.24623170449826023, 0.3041933196124354, 0.1947092757705099, 0.2548657001187946], [0.27990305136754073, 0.2623152508020677, 0.15867217128952135, 0.2991095265408702], [0.2968525704371714, 0.31920882466686584, 0.10323276026282217, 0.2807058446331404], [0.2705313434083966, 0.3159172067360694, 0.1351415710333964, 0.2784098788221376], [0.19982705045712337, 0.36069750109875803, 0.2089197602399701, 0.23055568820414868], [0.23478842780626222, 0.34144043631722476, 0.16091550412827926, 0.26285563174823373], [0.1985899014106692, 0.3442144852968929, 0.16679429393428186, 0.29040131935815605], [0.13177513498337734, 0.33946769177662084, 0.2820555847393472, 0.24670158850065474], [0.3050120316374725, 0.2541839660798692, 0.11022528944642421, 0.33057871283623425], [0.1810698543086884, 0.34150865620920245, 0.2209538509599269, 0.2564676385221822], [0.3814734364908083, 0.18871911699847238, 0.04828710880177226, 0.38152033770894667], [0.1588347549356461, 0.3112444915311265, 0.31066513877549323, 0.21925561475773414], [0.1625806546221556, 0.34538497740733265, 0.2362397456575228, 0.2557946223129887], [0.3548923330284004, 0.26865390369481273, 0.07905818631288927, 0.2973955769638979], [0.2542782013716007, 0.3038539093074423, 0.17288497250418877, 0.2689829168167684], [0.20256777931124328, 0.33526194306112644, 0.18285740255774469, 0.27931287506988556], [0.19128956972424918, 0.35112966216707636, 0.24240799385608533, 0.215172774252589], [0.23565874556528305, 0.3392304651894096, 0.18767225065530607, 0.23743853859000136], [0.24123951245789316, 0.3007242525700411, 0.2047687222038831, 0.2532675127681827], [0.23365026569799405, 0.31846383239362186, 0.17645379742373155, 0.27143210448465277], [0.34170335709439387, 0.2683869730047388, 0.11608592030422264, 0.27382374959664446], [0.2653388829809684, 0.2998613909051058, 0.12471917710591293, 0.310080549008013], [0.3483682769463916, 0.20921135719435063, 0.12723312610605497, 0.31518723975320256], [0.16643834218042722, 0.3516731112242928, 0.1724241542932122, 0.30946439230206774], [0.25496661910339546, 0.2503808092932996, 0.18471536579901268, 0.30993720580429207], [0.3651678781423828, 0.20812386463991023, 0.08030763299156979, 0.3464006242261372], [0.32317934409832755, 0.21347840702913562, 0.12389313829479598, 0.33944911057774074], [0.24498647433167728, 0.2709504885273388, 0.18925500998901518, 0.2948080271519691], [0.2607463981467002, 0.2972259411231737, 0.1198168922749399, 0.32221076845518626], [0.20480293642531022, 0.2947839719893291, 0.22149913913933886, 0.27891395244602163], [0.24359260112685432, 0.29059687102847076, 0.14826171079347575, 0.3175488170511993], [0.19697571937158354, 0.3036935426314004, 0.22131854045052132, 0.27801219754649453], [0.19280260167911392, 0.3737490339603767, 0.17683138440134635, 0.2566169799591633], [0.2125364762260477, 0.2726421664934313, 0.18004473158482637, 0.33477662569569444], [0.1925819890875046, 0.34702946471826546, 0.20253501947517816, 0.2578535267190517], [0.2061254271635355, 0.3300102399420245, 0.2703481960600532, 0.19351613683438673], [0.284995535553635, 0.25890313362978895, 0.12740047061880228, 0.32870086019777367], [0.3549660016997799, 0.23435992192394514, 0.08182390226146684, 0.328850174114808], [0.321065449327373, 0.28007421968989343, 0.07811284653794769, 0.32074748444478585], [0.3769729612807576, 0.22449887894222703, 0.1499064034148303, 0.24862175636218498], [0.2983155926754533, 0.3010994337412346, 0.09388463224831471, 0.3067003413349972], [0.2748843615719511, 0.24785142601380408, 0.13583511426493297, 0.34142909814931205], [0.11087634911511134, 0.3477387012443903, 0.3318304637642671, 0.20955448587623168], [0.2013137609794535, 0.3709149401367333, 0.14843096847164233, 0.2793403304121709], [0.17194354407703394, 0.3575859284039717, 0.20289224049588012, 0.26757828702311415], [0.1641441129681991, 0.34724649370193494, 0.26489040912966905, 0.22371898420019692], [0.19682025181541077, 0.34732974317581417, 0.20664456589381588, 0.24920543911495918], [0.13378095450109928, 0.32841586142483187, 0.29390500130122493, 0.24389818277284375], [0.2396378574966788, 0.2801908491110093, 0.17020754410035954, 0.30996374929195225], [0.262435708193539, 0.2491363487472825, 0.1832820598630235, 0.3051458831961549], [0.23022289904981477, 0.3386872519862786, 0.1738636410925236, 0.25722620787138284], [0.21955036661356325, 0.2814357777167804, 0.1772571019327888, 0.3217567537368677], [0.2525192852610885, 0.30092620516361906, 0.1427253016017316, 0.3038292079735609], [0.24228808713959415, 0.2829077945527056, 0.14591160492432811, 0.3288925133833721], [0.32123740303725346, 0.2635415941461674, 0.1119278558338867, 0.30329314698269266], [0.17861807824427292, 0.33738547091080945, 0.1587657149283274, 0.32523073591659046], [0.2695848339536314, 0.27479875003872156, 0.12757520595566027, 0.32804121005198683], [0.1415733472543414, 0.33024522486913643, 0.3033710522106674, 0.22481037566585513], [0.1909040129359682, 0.3380470023675004, 0.19156405149019567, 0.2794849332063355], [0.31161122609283837, 0.2597153017468144, 0.12473092952705897, 0.30394254263328835], [0.2473667458112254, 0.28749322261158866, 0.17207116262060582, 0.2930688689565803], [0.3091884519893939, 0.26450040544188863, 0.10181481170436367, 0.324496330864354], [0.2850187397471043, 0.23567624085655392, 0.09425390297962516, 0.3850511164167166], [0.1330948714107761, 0.3686513410802018, 0.26606550451462824, 0.23218828299439376], [0.3042897406606331, 0.2826667737496021, 0.10401607099313884, 0.30902741459662614], [0.18814815257445358, 0.33294505473910335, 0.22101073152984577, 0.25789606115659763], [0.21244883903786677, 0.3510888698969167, 0.18315566649711834, 0.2533066245680983], [0.4016947256690496, 0.1548398810355664, 0.05532145412782753, 0.38814393916755646], [0.27907207924577804, 0.26409807847450234, 0.1559962124625711, 0.3008336298171484], [0.19698889659141045, 0.3290702714037757, 0.1514430714673652, 0.3224977605374486], [0.27224095214639654, 0.29548154831305684, 0.15183465080819922, 0.2804428487323473], [0.15787816750173425, 0.3903391262719898, 0.27222919232354237, 0.17955351390273372], [0.28379313934906153, 0.2725070914780594, 0.09968348312575616, 0.3440162860471231], [0.25559096251812385, 0.28740638338499, 0.13981063866377236, 0.31719201543311376], [0.24202863261901233, 0.3246935541508721, 0.18817513236460573, 0.2451026808655096], [0.1717474429544152, 0.34189276980214284, 0.2382214292118614, 0.24813835803158046], [0.16905001146088924, 0.3710246190387196, 0.21745872277659184, 0.24246664672379947], [0.13233070570261543, 0.3510751365423186, 0.2578066075974091, 0.2587875501576571], [0.19978082353184262, 0.3157475736354172, 0.16755878744094344, 0.3169128153917968], [0.2473082892297125, 0.2801361092235544, 0.14810650789571558, 0.3244490936510178], [0.24118205981411472, 0.3550766100675437, 0.12666372389756306, 0.2770776062207789], [0.24139988865117792, 0.3008045789643832, 0.1181499370279118, 0.3396455953565271], [0.33359590370255343, 0.20635198009262806, 0.14455921224923732, 0.31549290395558144], [0.2609194559289798, 0.3408695262223052, 0.15801287961258012, 0.24019813823613467], [0.29001679761568744, 0.2724639545268321, 0.12597318422849868, 0.3115460636289817], [0.27584531214911423, 0.3028744758198993, 0.11153100664645343, 0.3097492053845328], [0.2397101402444443, 0.2669434014465113, 0.2127779298784456, 0.2805685284305989]]}, "rewritten": {"ids": ["97105760", "97105960", "97106591", "97106820", "97107950", "97108520", "97112300", "97116500", "98106880", "98109090", "98110680", "98111860", "98113881", "98116090", "98116500", "98116940", "98121790", "99107630", "99108000", "99108010", "99108080", "99108460", "99108580", "99108890", "99109311", "99109370", "99109780", "99109860", "99110730", "99111440", "99112300", "99116500", "99117630", "100108990", "100109330", "101108290", "101110150", "101117580", "102107961", "102108621", "102110050", "102110500", "102111990", "102112170", "103110840", "103111480", "103113640", "104111380", "104111531", "104111550", "104111830", "104111990", "104112470", "104113000", "104113550", "105110251", "105112100", "105113620", "105115680", "105115720", "105118171", "105118230", "105118740", "106111321", "106113260", "106114280", "106116120", "106116441", "106120640", "106121220", "107114200", "107114490", "107114621", "107117630", "107118820", "107121230", "107121540", "108115570", "108117451", "108118810", "109113931", "109114220", "109115211", "109116040", "109116170", "109116750", "109117150", "109117271", "109117630", "109119340", "109119460", "109120150", "109120560", "110114651", "110114720", "110115140", "110116300", "110117110", "110117870", "110118740", "110121170", "110121500", "110121720", "111115780", "111115910", "111116040", "111116100", "111116530", "111116750", "111117120", "111118810", "111119150", "111119430", "111119930", "111120280", "111120531", "111121930", "112116880", "112117580", "112117660", "112117780", "112117790", "112118820", "112118930", "112119450", "112119500", "112120270", "112120630", "112120640", "112121010", "113117550", "113118690", "113118810", "113119930", "113120070", "113120540", "113120591", "113120751", "113121220", "113122150", "113122190", "113122510"], "labels": [0, 2, 1, 1, 2, 2, 2, 2, 0, 1, 2, 0, 3, 0, 2, 2, 2, 2, 2, 2, 3, 0, 0, 0, 1, 1, 2, 2, 3, 3, 0, 2, 3, 2, 0, 0, 1, 3, 3, 3, 3, 3, 2, 3, 1, 0, 1, 3, 0, 1, 3, 2, 1, 1, 1, 0, 1, 0, 2, 1, 3, 1, 1, 0, 3, 3, 1, 0, 3, 1, 2, 3, 0, 0, 3, 0, 2, 3, 2, 1, 1, 3, 0, 0, 0, 0, 2, 0, 0, 3, 1, 2, 1, 3, 3, 0, 3, 0, 3, 3, 2, 3, 3, 1, 2, 0, 3, 3, 3, 2, 0, 3, 3, 1, 0, 0, 1, 0, 0, 0, 0, 3, 0, 1, 3, 2, 0, 3, 0, 2, 3, 3, 3, 1, 2, 3, 0, 1, 3, 2, 1, 2], "predicted_labels": [1, 3, 1, 3, 1, 1, 3, 3, 1, 0, 1, 3, 1, 3, 3, 1, 1, 0, 1, 1, 0, 3, 1, 1, 1, 1, 1, 1, 1, 3, 3, 1, 3, 1, 0, 1, 3, 3, 3, 1, 1, 3, 0, 0, 1, 0, 0, 3, 1, 1, 1, 1, 1, 3, 0, 0, 0, 1, 1, 1, 0, 1, 1, 1, 1, 3, 1, 3, 1, 1, 1, 3, 0, 0, 1, 3, 1, 1, 3, 1, 1, 3, 3, 3, 0, 1, 1, 1, 0, 1, 3, 3, 3, 3, 1, 3, 1, 1, 3, 0, 3, 1, 1, 1, 1, 0, 0, 1, 0, 1, 1, 1, 1, 3, 0, 1, 1, 1, 1, 1, 3, 3, 0, 1, 0, 1, 3, 0, 0, 1, 3, 1, 1, 1, 1, 1, 3, 3, 3, 1, 3, 1], "confidence_scores": [[0.2647633178979094, 0.3239163389736504, 0.14238407985846624, 0.2689362632699743], [0.2616736993009623, 0.23201573810721543, 0.20087018764997594, 0.3054403749418466], [0.21063755104625823, 0.3435815646893595, 0.21683672092999012, 0.22894416333439202], [0.2555220959620196, 0.2699585159836924, 0.15459208138262084, 0.31992730667166736], [0.13453521029427268, 0.332987439503831, 0.31031278567462023, 0.22216456452727623], [0.2667393939159345, 0.29900739095390955, 0.15485984360056765, 0.2793933715295883], [0.24668960801562392, 0.25920745623432756, 0.1992650169160512, 0.2948379188339972], [0.22186990241593685, 0.29570184494007423, 0.19288636215217328, 0.28954189049181533], [0.24027345283710255, 0.3188751342930473, 0.2047914457363, 0.23605996713354996], [0.3294102207293533, 0.2320623620647138, 0.1171640396538037, 0.3213633775521291], [0.2307315112985489, 0.331717188391103, 0.25224100394653626, 0.18531029636381188], [0.1688231442350856, 0.29828339114189084, 0.28174558058969246, 0.25114788403333094], [0.19637391700884033, 0.3358757972143598, 0.2342877853249292, 0.23346250045187059], [0.2112089535202219, 0.2890514854408871, 0.19840402888189312, 0.30133553215699777], [0.25954114501665376, 0.2451189013088968, 0.18228076817874644, 0.313059185495703], [0.17219423586673796, 0.35166925335190247, 0.24271340260691113, 0.2334231081744483], [0.24261894598499992, 0.30266740309412743, 0.21506431855453814, 0.23964933236633473], [0.30039607058977835, 0.24986894613223207, 0.17080807059189654, 0.2789269126860931], [0.1527132666226598, 0.37103887745372693, 0.27608989125255495, 0.20015796467105823], [0.21604097653740403, 0.3487284257573192, 0.23211626520398357, 0.20311433250129354], [0.3242576902583089, 0.2478627704490995, 0.1195684785321434, 0.3083110607604481], [0.24053914252528477, 0.29131246407351435, 0.1393147584599671, 0.3288336349412337], [0.25001028415343884, 0.32516496119885663, 0.18254577354219592, 0.24227898110550827], [0.1560171833562598, 0.3727312202499439, 0.27915650862259894, 0.19209508777119708], [0.26493946385086836, 0.30013922143670285, 0.14636954411067807, 0.2885517706017508], [0.20230746719775633, 0.37614051956621797, 0.18720499799780152, 0.23434701523822415], [0.1525404724395472, 0.36154608275843514, 0.2951364309613241, 0.1907770138406935], [0.22855742514981853, 0.3299339678351857, 0.18345996386625724, 0.25804864314873827], [0.15720458840223286, 0.3235400808881798, 0.3016244932918988, 0.21763083741768888], [0.24625618073818353, 0.2854754365375504, 0.1797429629368839, 0.288525419787382], [0.28236995738856013, 0.24035523908782475, 0.17176687643540298, 0.3055079270882121], [0.18028156813564494, 0.33807063542654464, 0.3001442455684551, 0.18150355086935532], [0.26938080055711766, 0.27399970445445976, 0.17357336469695003, 0.28304613029147235], [0.2516393237047183, 0.3100963795802098, 0.20254501046033374, 0.23571928625473815], [0.29764954027544055, 0.24340448609090157, 0.15304846484877693, 0.30589750878488126], [0.2075397354695032, 0.342154484792911, 0.1787857203774433, 0.27152005936014234], [0.2637023021811013, 0.26664871655912475, 0.15239609391532852, 0.31725288734444546], [0.22232348448926326, 0.2962494012498175, 0.18110710886043738, 0.300320005400482], [0.2716712670805025, 0.2651810359165117, 0.15032439882920812, 0.3128232981737775], [0.2092963885523472, 0.3533597536708045, 0.14559949975189931, 0.29174435802494914], [0.17998781882535916, 0.32839312130517556, 0.26290853857823243, 0.2287105212912328], [0.3010869004105457, 0.2265358372169207, 0.13463504328907946, 0.33774221908345414], [0.33412236567080095, 0.2717494540200295, 0.150204327099722, 0.24392385320944757], [0.35087707662346945, 0.20243168053446714, 0.1341024667991838, 0.31258877604288], [0.180173746628467, 0.3515206239513619, 0.21771181630175795, 0.2505938131184131], [0.34348981128502054, 0.2827792261653938, 0.09358346204993374, 0.28014750049965126], [0.37887800928356313, 0.17988163944002897, 0.07941671526522276, 0.3618236360111854], [0.2693972762487698, 0.2734056951594091, 0.18486554385893886, 0.2723314847328823], [0.2763928379283646, 0.2911067537953224, 0.12348682218123894, 0.30901358609507384], [0.14133861395333416, 0.34284364667587763, 0.27371282260100227, 0.24210491676978566], [0.2015995316918036, 0.34999212266775176, 0.16311511257225825, 0.2852932330681863], [0.14597021040983738, 0.3654493271141723, 0.27458283097538494, 0.21399763150060552], [0.2326906776585233, 0.3193015266574668, 0.18296804365833266, 0.26503975202567726], [0.2418986368203129, 0.2784136947330658, 0.1499457909709289, 0.32974187747569245], [0.35413014154748385, 0.23993571089651347, 0.08142701753719399, 0.32450713001880854], [0.40441752106287565, 0.23043221835129912, 0.07316906867586316, 0.291981191909962], [0.3501156058001521, 0.1868467018583246, 0.11418104817987701, 0.34885664416164625], [0.1743971076035698, 0.323311294818659, 0.25631284133917404, 0.24597875623859736], [0.15578533997234575, 0.3345745718866358, 0.2564181516454972, 0.2532219364955211], [0.20665426816821453, 0.3116287192926531, 0.2206437289965173, 0.2610732835426151], [0.306318652139616, 0.2819720599786681, 0.14182408986511824, 0.2698851980165978], [0.16006036213525546, 0.38885899511327954, 0.2540077618935818, 0.19707288085788305], [0.25371183868815694, 0.2912306185627309, 0.18318208900904415, 0.2718754537400679], [0.22358378606614154, 0.31411304590303485, 0.20407186022042403, 0.25823130781039944], [0.21470236731829967, 0.3404626530703026, 0.1946386699022135, 0.25019630970918433], [0.22631453462721388, 0.2897793398591166, 0.19874624682035624, 0.28515987869331333], [0.2464251612925054, 0.29862099389559016, 0.21012751707432784, 0.24482632773757665], [0.23520277269295478, 0.29317099962555687, 0.15279318217017673, 0.3188330455113114], [0.2394941948863325, 0.28945580942658994, 0.22109371619770352, 0.24995627948937432], [0.21453330435114432, 0.30677008608964934, 0.21911200257161045, 0.2595846069875961], [0.25937580383737074, 0.3232985733989212, 0.15899917109493386, 0.2583264516687742], [0.2735769876285374, 0.2960605143391599, 0.11133772544288836, 0.31902477258941453], [0.3865349757873816, 0.1886851592866628, 0.04924275123251805, 0.37553711369343773], [0.38733275487008656, 0.20494574424747303, 0.1424670654527459, 0.2652544354296945], [0.17629201955752616, 0.34743125154113735, 0.18472007681499397, 0.2915566520863426], [0.23894365272623355, 0.28007411354764206, 0.19472765703308093, 0.28625457669304344], [0.18820191534243913, 0.3260239129398565, 0.2572697497157507, 0.2285044220019537], [0.18712797591367195, 0.3385021706655276, 0.22197176769045435, 0.2523980857303457], [0.24398686593889488, 0.27055995921319415, 0.1610020939370934, 0.3244510809108175], [0.2665169860758907, 0.2993977904288315, 0.14340594742988755, 0.29067927606539035], [0.17240498400993365, 0.3333428458191506, 0.2519094355813811, 0.2423427345895346], [0.2861399026421644, 0.2617610369319742, 0.10802987260223408, 0.34406918782362733], [0.2554684747736562, 0.2950434133762751, 0.116680826467625, 0.3328072853824437], [0.25358029359915135, 0.27478446783058463, 0.15145331010490198, 0.3201819284653618], [0.31034949808871193, 0.2646858562261786, 0.13063775579968356, 0.2943268898854261], [0.26476110966027233, 0.31216813379268976, 0.14683107194527314, 0.2762396846017646], [0.20305756312476278, 0.36372214861325486, 0.19863115984100965, 0.23458912842097285], [0.24082773790643786, 0.3233148000031331, 0.14894323677250876, 0.28691422531792], [0.3027921340440927, 0.2883664566581292, 0.12524490245182163, 0.28359650684595605], [0.21440821258338505, 0.31764060363173846, 0.19031510685140965, 0.277636076933467], [0.24072814493361547, 0.27762615246180206, 0.16525187877783043, 0.31639382382675185], [0.23251281547781852, 0.27246150308466616, 0.20562158155138288, 0.2894040998861325], [0.31745372927138676, 0.2039812974341965, 0.13168860191381018, 0.34687637138060623], [0.28768723568341886, 0.25411563940905013, 0.13817425632883173, 0.320022868578699], [0.1642120989302457, 0.3484847748358912, 0.2692175314261162, 0.21808559480774703], [0.2632910200305558, 0.26572252618431136, 0.18114573663292974, 0.28984071715220316], [0.2527989707161736, 0.3246713954585041, 0.15673558712169824, 0.26579404670362433], [0.23997867088135083, 0.331116429003304, 0.15701254061727776, 0.2718923594980672], [0.25914128629516986, 0.25819892917216675, 0.18693773086714924, 0.29572205366551424], [0.31091833350950726, 0.27261402929697237, 0.1214297103986325, 0.2950379267948876], [0.2514259994489485, 0.25759340825328697, 0.16943425557100067, 0.3215463367267641], [0.24737353514737706, 0.2965778704109542, 0.21384750336971736, 0.24220109107195145], [0.2926219294405072, 0.33188010624593867, 0.09402826057281559, 0.2814697037407388], [0.2531992112379097, 0.31281962912938494, 0.17687774657841648, 0.2571034130542887], [0.22170426550676914, 0.34082602375144194, 0.16512809689933594, 0.27234161384245315], [0.3045378292067553, 0.2492888114378536, 0.1309956448697251, 0.3151777144856658], [0.3357896228892796, 0.28241453461255944, 0.09596592700481016, 0.28582991549335096], [0.2437357877364085, 0.3151739065821552, 0.14684598429767004, 0.29424432138376605], [0.3477172784938512, 0.22451974571309607, 0.13897551935903668, 0.28878745643401643], [0.211638297963392, 0.33705506030382293, 0.19758579399294884, 0.25372084773983655], [0.2753270276113324, 0.2829364185873483, 0.18234807059049757, 0.25938848321082164], [0.25033645628747425, 0.303799543557901, 0.13947557306572328, 0.30638842708890124], [0.21493053518046554, 0.31530489424989644, 0.17200890866623444, 0.29775566190340363], [0.29898076647734834, 0.25571613888416656, 0.12975548033657464, 0.31554761430191064], [0.3081269536744752, 0.2670063076534664, 0.10095501358929702, 0.32391172508276145], [0.3017203722372934, 0.2991310793922621, 0.08552498700069017, 0.31362356136975433], [0.21666457652858054, 0.29542856773036347, 0.24651172721341144, 0.24139512852764483], [0.16690660420401884, 0.36917985295867134, 0.21493759805770205, 0.2489759447796079], [0.28067626001756574, 0.3039508177072152, 0.14111723564672163, 0.27425568662849725], [0.29709010322332036, 0.285902724585028, 0.11567664037896448, 0.30133053181268743], [0.24319315043092635, 0.286799547592499, 0.15903362608588265, 0.31097367589069175], [0.247974310916952, 0.28311855357919563, 0.18323831261091297, 0.2856688228929393], [0.30862256575618224, 0.2832088530094909, 0.09772871929327265, 0.3104398619410543], [0.2536516673501136, 0.2962389555537016, 0.15887690364245477, 0.2912324734537303], [0.3373283616795833, 0.25636515927460807, 0.08554349488380363, 0.3207629841620053], [0.16259787842074036, 0.365037762754766, 0.2598112275820313, 0.21255313124246225], [0.27939856344909497, 0.27043563113293934, 0.11600377855669895, 0.3341620268612665], [0.3313747373035908, 0.23992335177281335, 0.12381546543334897, 0.30488644549024696], [0.3855022186821027, 0.21317929821075818, 0.07023691827708849, 0.3310815648300509], [0.15698029676031633, 0.3371708557886676, 0.2512820425396852, 0.25456680491133094], [0.22902787124018986, 0.2790561850535013, 0.1686066127573839, 0.3233093309489249], [0.23637401965048685, 0.3346255397246689, 0.1388577339630036, 0.2901427066618405], [0.23770367353553218, 0.316962346846413, 0.14802911992381115, 0.29730485969424375], [0.26320556762220043, 0.3592793928984283, 0.12491659836242741, 0.2525984411169433], [0.21078166818162933, 0.33576818234827593, 0.19035000537595842, 0.26310014409413607], [0.276314945369552, 0.34027715569461303, 0.13574949814199067, 0.24765840079384466], [0.24855614470996187, 0.2879919704907225, 0.1623789348250411, 0.30107294997427464], [0.21590121009954338, 0.2906067293336484, 0.21734181648122863, 0.2761502440855796], [0.27473057738580803, 0.26576145638186505, 0.14243210469735829, 0.3170758615349688], [0.19621955921463768, 0.3370965473463005, 0.17206567153726238, 0.2946182219017994], [0.20218047242568263, 0.3155848935028423, 0.16852789388793815, 0.3137067401835368], [0.13514495909929458, 0.3567947760121668, 0.25543079697306686, 0.2526294679154719]]}}