{"test": {"ids": ["102110890", "112117660", "99108580", "113122320", "99111000", "112118581", "112120290", "103118291", "100109330", "106113360", "97114170", "103113270", "110115250", "97105451", "104116980", "97116790", "99108330", "104111880", "111114121", "103109021", "108117610", "110121500", "108113700", "113121810", "112119580", "97110950", "98113881", "111117480", "98107210", "109120621", "98116500", "106117770", "104111711", "112117431", "103111170", "111116411", "99117630", "104114740", "101114990", "112117790", "110114610", "109118161", "107115140", "109113881", "102107961", "112118511", "104116800", "112116451", "111116170", "100108080", "101108121", "99108010", "100120780", "100109311", "110121140", "109117431", "100109910", "112118550", "100109801", "101108500", "110118630", "97107950", "112117030", "102110500", "107114490", "99112840", "101108290", "101112201", "102109910", "101112160", "109115220", "108117451", "111114321", "104117630", "98107380", "105110251", "101111310", "102108621", "97106591", "101113210", "101112690", "113121010", "110118880", "103111830", "113122120", "104111380", "110118810", "111120220", "97112170", "97106970", "105113480", "111118301", "98108410", "105111990", "108117720", "109119340", "109116930", "105114220", "101116130", "107113200", "102110750", "99107950", "109113281", "109117271", "99111340", "111116530", "113119300", "107119130", "113122180", "100116500", "106114321", "112116540", "101115190", "111116040", "107116300", "97106820", "107116980", "100111270", "98107340", "109113931", "102112170", "99107560", "111115910", "101108950", "109114030", "103109791", "101108580", "101110200", "99109311", "111119290", "110117110", "105115250", "112116640", "113122430", "112118860", "97108520", "107117630", "112119980", "106118820", "103111480", "112118820", "111116010"], "labels": [0, 0, 0, 1, 2, 1, 1, 0, 0, 0, 2, 2, 1, 0, 1, 2, 1, 3, 0, 0, 3, 3, 0, 2, 3, 3, 3, 1, 1, 1, 2, 0, 1, 0, 2, 0, 3, 2, 3, 3, 1, 0, 0, 0, 3, 1, 1, 0, 0, 0, 0, 2, 1, 1, 3, 1, 2, 3, 0, 3, 1, 2, 2, 3, 3, 2, 0, 0, 2, 3, 3, 2, 1, 0, 1, 0, 3, 3, 1, 3, 1, 2, 0, 3, 1, 3, 1, 3, 0, 2, 0, 3, 1, 2, 1, 3, 0, 3, 2, 0, 1, 1, 0, 0, 1, 3, 1, 1, 2, 2, 2, 1, 1, 0, 0, 1, 3, 2, 0, 1, 3, 1, 2, 2, 1, 3, 0, 2, 1, 3, 0, 2, 0, 2, 3, 2, 0, 0, 3, 0, 0, 1], "predicted_labels": [0, 0, 2, 0, 2, 2, 2, 1, 0, 0, 1, 2, 1, 0, 2, 2, 2, 3, 1, 3, 3, 0, 1, 2, 3, 1, 1, 2, 3, 0, 3, 1, 2, 0, 2, 3, 1, 1, 1, 0, 1, 1, 3, 1, 1, 3, 3, 0, 0, 1, 3, 2, 3, 3, 1, 3, 2, 3, 1, 3, 3, 3, 2, 0, 2, 1, 3, 1, 1, 2, 3, 0, 2, 1, 0, 3, 0, 0, 2, 3, 2, 1, 1, 0, 1, 1, 3, 1, 1, 3, 1, 3, 1, 3, 3, 3, 2, 0, 3, 0, 1, 2, 3, 3, 2, 1, 3, 1, 3, 2, 2, 1, 1, 0, 1, 3, 1, 2, 2, 0, 1, 0, 0, 2, 1, 3, 0, 1, 2, 3, 2, 3, 3, 3, 1, 2, 2, 3, 3, 1, 0, 1], "confidence_scores": [[0.9857032068545512, 1.0102729486268963e-08, 0.0059786275509408895, 0.008318155491778546], [0.9585474302257708, 0.0024511319756727033, 0.0008174909825585772, 0.038183946815997745], [0.3998416829104318, 0.12270718205535339, 0.47740471736009615, 4.641767411865923e-05], [0.9729012243508838, 0.024182003112348444, 0.0026495244263136193, 0.00026724811045415845], [1.539407502411469e-06, 0.24159269170258255, 0.7571813913291885, 0.0012243775607264913], [1.0187750873664369e-05, 2.7914086968680125e-06, 0.9999195464748453, 6.747436558416092e-05], [0.3466510365639894, 0.2496026668317773, 0.4030439541794794, 0.000702342424754003], [0.010588430071235735, 0.6318435659154054, 0.14457850886190562, 0.21298949515145324], [0.999995272481306, 3.978673205282482e-06, 3.589487584590439e-08, 7.129506129235498e-07], [0.9917970872966245, 0.008202354092150687, 5.361866527278357e-07, 2.2424572185332513e-08], [5.418234655686633e-08, 0.9907224331409856, 0.008584467865589949, 0.0006930448110778073], [1.665363619880096e-06, 0.002557714209326494, 0.9483337022051596, 0.04910691822189393], [0.005569507973802277, 0.9536500742825076, 0.015939327447382967, 0.024841090296307232], [0.9999696398043897, 1.995180205874205e-06, 6.452263456159064e-08, 2.8300492770000304e-05], [7.45934872075621e-09, 6.331864424368743e-06, 0.999950117477106, 4.354319912086126e-05], [0.0034347079362899466, 1.6685912542821997e-06, 0.7975372416215051, 0.19902638185095073], [0.15868984651664764, 0.09915694358950093, 0.7332659475990939, 0.008887262294757454], [6.853460473238994e-05, 7.820514113473282e-07, 0.004964563406041297, 0.9949661199378149], [2.0986328882779348e-08, 0.9999913400859638, 1.3378415615273292e-07, 8.505143551188107e-06], [0.00048022548898174396, 2.0282755990410156e-07, 4.407678399806812e-09, 0.99951956727578], [0.3434319345226972, 0.00012079784253757512, 2.0205030400033115e-05, 0.6564270626043651], [0.5748503161990894, 0.42460832594396264, 1.3989893754008466e-08, 0.0005413438670543016], [0.10255862474504887, 0.892383835621891, 4.4173537345710515e-05, 0.005013366095714479], [0.0008936879555837555, 0.07708020564336233, 0.922026040667888, 6.573316589425464e-08], [4.4800222369353025e-05, 0.0006922639219399308, 2.939537575581679e-06, 0.9992599963181151], [0.022889710000022687, 0.8853278859911572, 0.09111970931273518, 0.0006626946960849522], [1.986877030771339e-05, 0.9997994880605814, 0.00018020198366966247, 4.411854410592416e-07], [0.03898134779156346, 0.003864983219301063, 0.7132437384521182, 0.24390993053701737], [5.0101837856402646e-05, 0.23381117402496637, 0.3158124612995868, 0.45032626283759036], [0.6328393627193881, 0.2439470013609864, 0.0397368462301396, 0.08347678968948591], [0.002049079616734843, 0.0030803751045811647, 0.0040470146357675305, 0.9908235306429165], [0.332098646260943, 0.5239770192881809, 0.0037313382742032897, 0.14019299617667286], [0.034625867562858625, 0.015263542829204361, 0.7801681608498391, 0.16994242875809795], [0.9996411257890061, 1.676809078659568e-06, 3.3453305680327575e-08, 0.0003571639486094933], [0.0013675800801279483, 0.012380470879654278, 0.657424604764369, 0.3288273442758488], [0.314128506103898, 0.0013106847942601857, 1.21227943439489e-08, 0.6845607969790475], [0.010032524928360471, 0.9807576989636458, 0.001234278829489242, 0.007975497278504428], [0.03619506978840545, 0.4231985684122422, 0.24314717419142096, 0.29745918760793144], [6.669852615995513e-10, 0.8482514200929581, 0.1517483666931045, 2.1254695205515634e-07], [0.9994807482358072, 7.530697988707873e-05, 0.00010935306424430247, 0.0003345917200614933], [0.0019883578883187294, 0.9871441436820938, 0.006680404211128304, 0.004187094218459238], [4.517376018208805e-05, 0.9999512269442447, 2.119934160558209e-06, 1.4793614126869314e-06], [0.00031420376652696114, 5.500445236943542e-05, 0.00041787493728510613, 0.9992129168438185], [0.04170252144677222, 0.9500146076558738, 0.0082823924085974, 4.784887566974453e-07], [0.0014829707092626964, 0.871212702034379, 0.12371619674542447, 0.003588130510933728], [0.0018207152754125251, 0.2869917423386437, 0.013715969549788652, 0.6974715728361551], [0.23104333279204692, 0.2376668851042569, 0.2106676677377433, 0.3206221143659528], [0.9693018679954556, 0.018057174825313067, 7.496344327558115e-06, 0.012633460834903748], [0.7456551551318795, 6.970158420622073e-06, 4.4652455647534985e-11, 0.2543378746650476], [2.428329997863943e-08, 0.9999995273526465, 3.06811927998277e-08, 4.1768286073886834e-07], [1.566753251331921e-05, 0.41531562616803036, 1.282861502370114e-06, 0.584667423437954], [4.426998846080499e-06, 0.025407578467328048, 0.9741243320210594, 0.00046366251276632787], [2.7824366482938105e-06, 2.910952018370293e-10, 8.915376739502515e-07, 0.9999963257345825], [3.108411437170058e-06, 4.194510791176545e-05, 1.1031975968011539e-08, 0.9999549354486751], [0.0008311038914937894, 0.9792174327295518, 7.306479780459622e-06, 0.019944156899173858], [0.042337885365646304, 0.12472307004029605, 1.580052643614803e-05, 0.8329232440676215], [6.358768467031881e-05, 1.5078606100100162e-06, 0.9828559525630001, 0.017078951891719745], [0.334164536236118, 0.00010176427296274978, 1.3127554191060431e-06, 0.6657323867355002], [5.606552355058605e-06, 0.9211165387357184, 0.005803267910994435, 0.07307458680093207], [0.0050486774354043225, 0.17281599724491983, 0.2968020891567957, 0.5253332361628802], [4.300075930429172e-05, 0.06772492871418062, 7.885492562299484e-05, 0.932153215600892], [0.017826014101395574, 0.1958012211313846, 0.0011050288230274785, 0.7852677359441923], [0.005827107318643093, 0.0009508640979417598, 0.628764154553689, 0.3644578740297262], [0.6427375626549139, 0.07335334710374776, 0.22571516067432332, 0.05819392956701514], [0.0002928627179471986, 0.24467739758616314, 0.7143624930279184, 0.04066724666797127], [0.0005694126787045953, 0.9816733302621834, 8.786807020469994e-05, 0.017669388988907436], [0.00037701906998948277, 0.002894913916940474, 1.682302515759956e-05, 0.9967112439879124], [0.001244847185610853, 0.5425139532873119, 0.007251026467595026, 0.44899017305948236], [0.0025122181678457886, 0.9596952774031224, 0.02521764359690398, 0.012574860832127902], [1.250517646019178e-05, 1.4776321234232652e-05, 0.9999430073504351, 2.9711151870529242e-05], [0.000292881607476406, 0.030325963349425906, 0.015051963758818752, 0.954329191284279], [0.9997678437557975, 1.8070889660210543e-11, 5.943272619837556e-10, 0.00023215563180420523], [0.00037590451104866165, 0.0019780164099207557, 0.9973412538016446, 0.0003048252773859957], [0.22767193786009926, 0.6532371069426695, 0.020180440509524222, 0.09891051468770704], [0.525833907284313, 0.223150671938597, 0.002154296426673004, 0.24886112435041685], [1.1522237410589564e-07, 5.6028136569054845e-06, 0.00026699053093840803, 0.9997272914330305], [0.9888107739288571, 0.011101365896074728, 8.662476513321207e-05, 1.2354099348376126e-06], [0.650255727143011, 7.692738224726789e-05, 1.025366735165855e-06, 0.34966632010800647], [3.0580787700415324e-06, 8.94735671187742e-05, 0.9845730746904673, 0.015334393663643874], [0.014588826204181537, 0.00018094053314071353, 0.0024155429786778034, 0.9828146902839999], [0.07744402240641594, 0.012845023392333116, 0.9061964409118465, 0.003514513289404439], [0.00020232207608003228, 0.6137781964115319, 0.16815261628041353, 0.21786686523197446], [0.003632219095815151, 0.8495599308960006, 6.36157085568841e-08, 0.14680778639247571], [0.9886170292181327, 0.0030870779940525587, 0.0004161076423970376, 0.007879785145417656], [0.07839856662819412, 0.9215812301228412, 1.8642371189385315e-05, 1.5608777753265483e-06], [0.10474673196973228, 0.8713094910627206, 0.022708026823146512, 0.001235750144400495], [0.035570353746269046, 0.46082804735883726, 0.010764129868956501, 0.4928374690259372], [0.0003627949757629062, 0.9995020700124225, 1.0565906006944548e-08, 0.00013512444590866118], [0.2991408153897991, 0.4086377567944191, 0.06969159888924084, 0.22252982892654102], [0.13091324435219936, 0.00028744079871344263, 0.07124717984328442, 0.7975521350058028], [0.004401031155685496, 0.992167280381006, 0.0034056402600072394, 2.6048203301417376e-05], [0.00375846909816541, 0.0014702482369440503, 1.8092946839123103e-05, 0.9947531897180515], [0.0026203381304447013, 0.9973448748877877, 2.7228674238666658e-08, 3.475975309325312e-05], [0.05512016955125279, 0.04913914193671774, 3.0400014775830733e-05, 0.8957102884972536], [0.001017716545464506, 0.05928525725767554, 0.02536777349957508, 0.9143292526972849], [0.00016063814104827324, 0.0003484295527480993, 2.8095758956691853e-05, 0.999462836547247], [9.387258526831546e-05, 2.5586743890251106e-07, 0.9997704348770806, 0.00013543667021209595], [0.7874499336285666, 0.2031004405034585, 6.912342689537357e-06, 0.009442713525285328], [1.186924384440928e-06, 0.0003318912361959653, 0.03105839723396188, 0.9686085246054577], [0.7533202258330125, 2.288944166581112e-07, 1.6571119276032917e-07, 0.24667937956137811], [0.034206351142988624, 0.9633967620701888, 0.0023860156035134727, 1.0871183309108244e-05], [2.7852965683988363e-08, 2.5364674791596467e-05, 0.9728794259904432, 0.02709518148179954], [0.00021490934085008435, 7.445273169962021e-06, 2.7351045987463635e-13, 0.9997776453857063], [0.016137629172274154, 5.008155742668784e-06, 2.0355193493889774e-07, 0.9838571591200483], [7.497750805041996e-10, 0.00011737973519771788, 0.9978548675668365, 0.0020277519481905785], [0.15564333896566193, 0.844173466245968, 0.00018309586882604202, 9.891954404180294e-08], [0.00020492486306585096, 2.4314256132119825e-06, 3.039652803091308e-07, 0.9997923397460408], [0.0038272604590891854, 0.9961614973930304, 7.747086571962156e-08, 1.1164677014946937e-05], [6.268620636651694e-15, 2.4444747095145762e-08, 6.052674715084615e-07, 0.9999993702877752], [6.0060291992724885e-05, 0.010178013208705622, 0.9700654300085912, 0.0196964964907103], [0.003856718670354707, 0.020605005559217106, 0.6672160395816673, 0.30832223618876087], [0.10565359307939025, 0.8943143722639504, 1.042405965986477e-05, 2.1610596999557298e-05], [9.67657963327516e-05, 0.7678734137413601, 0.23202516754728056, 4.652915026745853e-06], [0.9540417795372341, 0.0014884503159425806, 0.005042448982290134, 0.03942732116453327], [1.1678071953045893e-05, 0.9999330080127572, 2.6635959031726404e-06, 5.2650319386525764e-05], [2.92231246357907e-06, 9.190676480616202e-07, 3.2870129870946963e-07, 0.9999958299185896], [0.40365481054064345, 0.5950393401104601, 9.935730016435444e-07, 0.0013048557758947635], [3.9263254343686974e-07, 0.0012669201628316624, 0.9985769471316284, 0.00015574007299665787], [8.931742382760614e-07, 8.662456635188508e-07, 0.9775542366453676, 0.022444003934730526], [0.9996453652068845, 0.00033136136287239014, 5.921953618709807e-07, 2.2681234881450785e-05], [0.11590439775992688, 0.8034697282165892, 0.02438530852173983, 0.05624056550174395], [0.9832180606704876, 0.01657354832057071, 6.36567667176812e-05, 0.00014473424222393987], [0.9991340085260049, 3.091497417274759e-05, 0.0007995238788809301, 3.555262094149944e-05], [4.5367259493692506e-05, 1.3379724445788833e-07, 0.9935538687289175, 0.006400630214344266], [0.27751137893948924, 0.6433686447243138, 0.008944935603940989, 0.07017504073225618], [1.6770245284505513e-05, 1.4175772934620446e-08, 0.05587592409060566, 0.9441072914883369], [0.795470610196472, 0.00041369098420393984, 0.20409807311999761, 1.762569932647114e-05], [2.841849231264308e-08, 0.9999999610034553, 1.0567765846698621e-08, 1.0286683703347772e-11], [0.00016222804015219962, 0.0009275614290830505, 0.9980816108631371, 0.0008285996676278039], [2.9474514206087267e-06, 0.0044307970107886775, 0.0004622925009164049, 0.9951039630368743], [1.396956132295149e-06, 0.005019821257772677, 0.9949695954635812, 9.186322513861901e-06], [0.2256104411859174, 0.28368645065742115, 0.007157057001275788, 0.4835460511553856], [0.0214995087388125, 8.875808776165817e-08, 5.06140148242934e-05, 0.9784497884882754], [0.00011862178096843608, 0.4908030445596762, 1.672732811858871e-06, 0.5090766609265436], [0.33330458516018524, 0.5351935279366528, 0.014045944478468752, 0.11745594242469314], [0.0003042613975245663, 0.028439511244656022, 0.9674266621614778, 0.003829565196341633], [0.0003175938122348901, 0.0012023455349958704, 0.9925280005710729, 0.0059520600816962595], [4.646852645227222e-09, 2.6137196010148094e-10, 2.0781295343778066e-10, 0.9999999948839624], [1.279441179504745e-08, 0.00045809747247619443, 5.64976508373671e-09, 0.999541884083347], [0.01826139714022589, 0.9425721662506195, 0.0019549945703853963, 0.03721144203876918], [0.9738326350425356, 3.7333063279960736e-05, 1.585414400608704e-08, 0.026130016040040394], [0.00013042156233395577, 0.9841963214539963, 0.01554964574773296, 0.00012361123593669505]]}, "rewritten": {"ids": ["97105451", "97106591", "97106820", "97106970", "97107950", "97108520", "97110950", "97112170", "97114170", "97116790", "98107210", "98107340", "98107380", "98108410", "98113881", "98116500", "99107560", "99107950", "99108010", "99108330", "99108580", "99109311", "99111000", "99111340", "99112840", "99117630", "100108080", "100109311", "100109330", "100109801", "100109910", "100111270", "100116500", "100120780", "101108121", "101108290", "101108500", "101108580", "101108950", "101110200", "101111310", "101112160", "101112201", "101112690", "101113210", "101114990", "101115190", "101116130", "102107961", "102108621", "102109910", "102110500", "102110750", "102110890", "102112170", "103109021", "103109791", "103111170", "103111480", "103111830", "103113270", "103118291", "104111380", "104111711", "104111880", "104114740", "104116800", "104116980", "104117630", "105110251", "105111990", "105113480", "105114220", "105115250", "106113360", "106114321", "106117770", "106118820", "107113200", "107114490", "107115140", "107116300", "107116980", "107117630", "107119130", "108113700", "108117451", "108117610", "108117720", "109113281", "109113881", "109113931", "109114030", "109115220", "109116930", "109117271", "109117431", "109118161", "109119340", "109120621", "110114610", "110115250", "110117110", "110118630", "110118810", "110118880", "110121140", "110121500", "111114121", "111114321", "111115910", "111116010", "111116040", "111116170", "111116411", "111116530", "111117480", "111118301", "111119290", "111120220", "112116451", "112116540", "112116640", "112117030", "112117431", "112117660", "112117790", "112118511", "112118550", "112118581", "112118820", "112118860", "112119580", "112119980", "112120290", "113119300", "113121010", "113121810", "113122120", "113122180", "113122320", "113122430"], "labels": [0, 1, 1, 2, 2, 2, 3, 0, 2, 2, 1, 0, 1, 1, 3, 2, 1, 1, 2, 1, 0, 1, 2, 1, 2, 3, 0, 1, 0, 0, 2, 2, 2, 1, 0, 0, 3, 0, 2, 2, 3, 3, 0, 1, 3, 3, 1, 2, 3, 3, 2, 3, 1, 0, 3, 0, 3, 2, 0, 3, 2, 0, 3, 1, 3, 2, 1, 1, 0, 0, 2, 0, 3, 2, 0, 2, 0, 3, 0, 3, 0, 0, 3, 0, 1, 0, 2, 3, 1, 0, 0, 1, 1, 3, 0, 0, 1, 0, 3, 1, 1, 1, 0, 1, 1, 0, 3, 3, 0, 1, 2, 1, 0, 0, 0, 3, 1, 3, 3, 3, 0, 1, 0, 2, 0, 0, 3, 1, 3, 1, 0, 3, 3, 0, 1, 1, 2, 2, 1, 2, 1, 2], "predicted_labels": [0, 2, 3, 3, 1, 3, 0, 2, 1, 3, 3, 3, 1, 1, 1, 1, 0, 3, 2, 0, 2, 2, 2, 2, 1, 1, 1, 3, 0, 1, 2, 2, 1, 3, 1, 3, 3, 0, 2, 1, 0, 2, 3, 1, 3, 1, 1, 2, 1, 3, 1, 0, 1, 0, 3, 3, 3, 3, 1, 0, 2, 1, 2, 2, 3, 3, 0, 2, 3, 3, 3, 1, 1, 3, 0, 2, 3, 3, 0, 3, 3, 1, 1, 2, 1, 1, 0, 0, 3, 3, 1, 0, 1, 2, 2, 3, 3, 1, 3, 0, 1, 1, 2, 3, 3, 3, 1, 3, 1, 2, 0, 1, 0, 3, 3, 0, 2, 3, 3, 1, 1, 1, 3, 3, 0, 0, 0, 3, 3, 3, 3, 1, 3, 3, 2, 3, 2, 2, 0, 3, 0, 1], "confidence_scores": [[0.9992676048149536, 5.542906335771696e-06, 1.613932950209344e-06, 0.0007252383457604731], [1.737539931119083e-06, 5.93889065421682e-06, 0.7579382135570492, 0.24205411001236551], [0.0002522571850852205, 0.008310526361826194, 0.2271880765010651, 0.7642491399520235], [0.0009508899798135257, 0.019294746165731923, 0.28379424498356315, 0.6959601188708914], [0.00470641707315664, 0.8305754331487392, 0.0003507662329376585, 0.1643673835451667], [0.26621267357550965, 0.005156531818312992, 0.32417443231072884, 0.4044563622954485], [0.9138360300435984, 0.08449794554836124, 0.0009341417867357872, 0.0007318826213046322], [0.05791906562835489, 0.35771654838439654, 0.4952624181029909, 0.0891019678842576], [2.1030175602677316e-08, 0.9985574789494137, 0.0009327164939822856, 0.0005097835264284351], [0.00010527336008927386, 0.015231827070390815, 0.0016734903609304651, 0.9829894092085895], [0.001943613730850483, 0.2862586467162474, 0.2532228218306013, 0.45857491772230075], [4.0150269276240304e-07, 1.0406122221725482e-07, 0.47125776196141456, 0.5287417324746704], [0.03552698927676069, 0.763376045791233, 0.00811836641431737, 0.19297859851768906], [1.2977357383108494e-05, 0.999975414131155, 7.191914210426135e-11, 1.1608439542765049e-05], [7.787056658143776e-05, 0.863036519034048, 0.0009691692358428309, 0.13591644116352788], [0.007271831802670583, 0.6693897812085238, 0.0040677704339602706, 0.31927061655484534], [0.9982636910043146, 0.00018276317908512028, 7.053186390821686e-05, 0.001483013952692172], [5.949330625086889e-08, 0.00014820359563280525, 0.01760471095511323, 0.9822470259559476], [8.560287335235239e-07, 3.393875843009564e-05, 0.5998285263431763, 0.40013667886966015], [0.9423738894624721, 0.008587144853330396, 0.04783959262489322, 0.0011993730593041626], [0.024406540411051596, 0.05834017266418026, 0.9172467120597935, 6.574864974727011e-06], [0.0002032822141113767, 0.0010845863988551, 0.9626809119558815, 0.03603121943115208], [4.212150257094956e-06, 0.031286674962127, 0.9646229504642716, 0.004086162423344117], [2.3159986666025388e-09, 1.9304727252126037e-05, 0.9999414274862032, 3.926547054600267e-05], [0.00025700908785117365, 0.9840950187114521, 0.000337033757989559, 0.015310938442707072], [0.0018971988621234162, 0.9586144957326965, 0.00235628492234637, 0.03713202048283377], [4.0209328247904685e-06, 0.9997501985868351, 1.3711311019827054e-08, 0.00024576676902920275], [0.0001276782510371573, 0.0007864957575235672, 7.161678561295471e-06, 0.999078664312878], [0.9997837543698127, 0.0002111733313062191, 7.049758485530232e-09, 5.065249122641787e-06], [6.732252313724155e-07, 0.9988833945336322, 0.0007747232248616116, 0.00034120901627480657], [2.0122658531046213e-05, 2.557813827938811e-07, 0.9996279670806272, 0.0003516544794590958], [7.056341818779213e-05, 0.006049208044056494, 0.993768334402364, 0.00011189413539176464], [2.010071502289107e-06, 0.9324709561224893, 0.03832432228472142, 0.029202711521287148], [5.9437353568531336e-06, 2.0667485857109505e-09, 1.334672352992898e-05, 0.9999807074743645], [2.6585062802684708e-05, 0.9896105534083092, 3.0115903128683304e-06, 0.010359849938575296], [1.6308287358231872e-05, 0.00016610075016120515, 1.3186637037642096e-06, 0.9998162722987768], [0.004047568860655026, 0.0038559982002305433, 0.2621626434278562, 0.7299337895112582], [0.998028491444707, 1.034605379264915e-05, 0.001960071870961516, 1.090630538750781e-06], [0.0006908154266929908, 1.2870468179186371e-08, 0.9447369931807247, 0.054572178522113955], [1.221353500377064e-08, 0.9999999734966165, 3.185894304543522e-10, 1.3971259213130853e-08], [0.9354614933069421, 0.0026443279752789354, 0.06189392858701193, 2.501307671052062e-07], [2.5085824636938082e-05, 7.382802615358751e-05, 0.9998939840396984, 7.102109510962305e-06], [0.0005066051740597024, 0.2057294447754956, 0.008615726794228838, 0.7851482232562159], [0.018419896315939335, 0.9309574463232806, 0.049411557523543675, 0.0012110998372362612], [0.12349751606346641, 0.00018575805338162595, 0.000659094538479962, 0.875657631344672], [3.799945598382688e-12, 0.978239309510613, 0.02176062370293436, 6.678265261568201e-08], [0.0007315106190935481, 0.7719485394857356, 0.22731629413572088, 3.6557594499227805e-06], [2.0091076351676245e-07, 5.150207349455503e-05, 0.7504221201909475, 0.24952617682479447], [0.03801986486970105, 0.5542755657596367, 0.38735425289465614, 0.02035031647600626], [0.002718121809255898, 0.15666831985928625, 6.05643810251836e-06, 0.8406075018933552], [0.0009232372502313122, 0.9758165644651227, 0.005593834779550504, 0.017666363505095633], [0.5552766160744286, 0.08532385902173914, 0.012841478786162873, 0.34655804611766944], [0.003736797096260165, 0.5336963125218441, 0.46256036811516804, 6.522266727616441e-06], [0.9999970366184159, 5.418995261564846e-09, 2.135989366167485e-07, 2.744363652419555e-06], [0.04146143993730592, 0.42571305746459237, 0.009929446040314083, 0.5228960565577876], [0.004020578430406556, 5.061426072318518e-06, 2.8387097692038553e-07, 0.9959740762725441], [1.1567632252126355e-06, 8.39635481592858e-09, 0.00010754173749976886, 0.9998912931029202], [0.00011509764480155916, 0.00011514739783236284, 0.12717688342416025, 0.8725928715332059], [0.07179331511186053, 0.8630444691604909, 0.06455235514628839, 0.0006098605813601639], [0.8349940732311553, 0.14441470375582366, 0.011520884243118869, 0.009070338769902063], [1.1659166718492533e-08, 7.434128151473993e-05, 0.8803269988825159, 0.11959864817680263], [0.015957649282280807, 0.8984606794590014, 0.009068189705163272, 0.07651348155355443], [0.11639793183604367, 0.2434776076432857, 0.6395203475213626, 0.0006041129993082073], [1.217325742488025e-05, 0.00036118596849345897, 0.9970254389494744, 0.0026012018246071708], [0.030369148940419453, 2.0592675449989724e-06, 0.011524351396714254, 0.9581044403953214], [2.8924023262698767e-05, 4.928642668831114e-06, 0.0010689094201193484, 0.9988972379139491], [0.9893794072191958, 0.007780799366858931, 0.0014003243368643965, 0.0014394690770806989], [1.934842968222307e-07, 8.480848887569034e-06, 0.9889648099950064, 0.011026515671809395], [0.0811794732575673, 0.1234150171515033, 0.10210614689161622, 0.6932993626993132], [0.0002426459337289521, 0.015443878967531754, 0.062404456942591634, 0.9219090181561476], [0.007356385914300819, 0.006465429712166666, 2.6945873962218476e-05, 0.9861512384995703], [0.22930163725326835, 0.761547264988705, 0.00029926747532831467, 0.008851830282698411], [0.255522185014144, 0.7401072586221292, 0.0003192018107578491, 0.004051354552968887], [0.0006333949040879624, 0.0004607189278410794, 0.004963573608022308, 0.9939423125600486], [0.9593986547637754, 0.04058392983022091, 1.64376961099782e-05, 9.77709893745757e-07], [6.724778162781942e-07, 0.0003979160201588364, 0.9963421445237148, 0.003259266978310035], [0.02896784329710153, 0.43146671357448496, 0.00998495045684183, 0.5295804926715717], [9.342873163121758e-08, 0.02230968737597069, 1.026285219354847e-06, 0.9776891929100783], [0.8112571784128905, 3.506078963919142e-07, 5.2214678914443864e-08, 0.1887424187645343], [0.0019118257379129166, 0.04118636172972041, 0.04907012050899561, 0.907831692023371], [0.21263837071179606, 6.12012210267674e-05, 0.0011663962994329835, 0.7861340317677441], [4.08519968779309e-05, 0.9984242902003037, 0.0007640236697309512, 0.0007708341330873854], [0.016021091217984607, 0.9838082885819756, 3.368417223503709e-08, 0.00017058651586743682], [5.117591414812633e-05, 0.00011489753688061673, 0.9881585407148232, 0.011675385834148002], [0.008885153987821555, 0.9910929574951878, 1.073792714598853e-08, 2.1877779063530295e-05], [0.23274018711740904, 0.7043026992897463, 0.00036423136564584695, 0.0625928822271988], [0.9999998838736789, 5.1241737214713336e-11, 5.58799415048515e-12, 1.1606949132951501e-07], [0.9398686047539994, 7.701340594078158e-06, 0.016228662158862203, 0.04389503174654441], [0.0005625528443768996, 0.002102825141437116, 0.0005637751009030186, 0.996770846913283], [0.0002652291641367808, 8.83814925256896e-06, 6.495092967719897e-12, 0.9997259326801156], [0.011319710289912195, 0.973349683434195, 0.008217798199697946, 0.007112808076194688], [0.9929600234903971, 0.005583014243594673, 5.653104954839515e-07, 0.001456396955512713], [0.0512735039945948, 0.5635217202300595, 0.0012480593397351583, 0.38395671643561036], [0.00015872124322016286, 0.13355807196084374, 0.4776483424830655, 0.3886348643128706], [0.0003418131331157878, 3.153925589864311e-05, 0.9988755773117981, 0.0007510702991874847], [0.00044984380963714304, 3.203614178192676e-11, 2.511152946497426e-09, 0.9995501536471738], [0.0030589553576425912, 0.01477449110952478, 1.1699015805579864e-06, 0.982165383631252], [0.0001643451471028394, 0.9998205716219174, 8.183256759235317e-06, 6.8999742204465304e-06], [5.9962513423653276e-05, 1.4308727361644057e-05, 2.847066727119484e-06, 0.9999228816924876], [0.9587504012592184, 0.0381784835746736, 4.020571083693336e-06, 0.0030670945950244622], [0.0009110787378236967, 0.9440410751621392, 0.05210731566687103, 0.0029405304331660024], [0.001984624439622682, 0.9966446645451265, 0.0010798466082610613, 0.00029086440698978703], [3.637454010162154e-07, 1.5982918711235844e-05, 0.9999833826332621, 2.7070262567909665e-07], [2.0435500948293728e-05, 0.12527881389510448, 0.00023560846643209856, 0.8744651421375151], [0.06255634635968746, 0.1428501618035017, 0.009168915311146072, 0.7854245765256648], [0.11370487361264, 0.12319901779166775, 9.863900042653927e-07, 0.763095122205688], [7.917028714920403e-07, 0.9999983178153997, 1.3880525813393853e-07, 7.516764707132589e-07], [0.004390785160168163, 0.008455590429722904, 1.6971706573127209e-07, 0.9871534546930432], [3.760236372203143e-09, 0.9999985744361669, 2.980525908343686e-08, 1.3919983376378967e-06], [0.020563379554224014, 0.0004061817845775758, 0.9786931714907704, 0.00033726717042796475], [0.9987562282784297, 1.681450597825493e-05, 0.001218982207702845, 7.97500788918457e-06], [0.001522008649667934, 0.8308860964457424, 0.16691490254372157, 0.0006769923608680558], [0.8495701793769683, 0.027373482101043803, 0.029896288269881884, 0.09316005025210586], [0.02869816082546134, 2.149413722990241e-05, 4.727563345988349e-09, 0.9712803403097454], [0.0028340102536733784, 0.021408257163922743, 9.147842271098104e-08, 0.9757576411039811], [0.9848165443923087, 0.015182756646096992, 4.828164688850835e-08, 6.506799474130883e-07], [0.0009651401310933452, 0.09880505083622367, 0.8845722681611086, 0.01565754087157437], [0.02195518928631252, 0.004409557315968433, 0.0016271968222051295, 0.972008056575514], [1.051756505330768e-05, 0.0003964276349099297, 0.009800088509644516, 0.9897929662903924], [0.00023128142246096333, 0.9997034250932545, 2.8722066424246995e-09, 6.529061207781693e-05], [0.41865031515540424, 0.5049829364307038, 4.548210972259478e-06, 0.0763622002029196], [0.007811034284214114, 0.9911187785909937, 0.0008704889959947004, 0.00019969812879735974], [0.00085922288514816, 6.756690698880409e-07, 0.002083475665470986, 0.997056625780311], [0.05771148745669252, 0.000667611593303072, 0.16143247950216214, 0.7801884214478423], [0.9999913997096207, 8.171515044232088e-06, 1.7000707402624724e-10, 4.286053280294687e-07], [0.9877860406478526, 0.0013353542273399795, 0.0006043205157499387, 0.010274284609057455], [0.9957121849444599, 0.00031609106351218456, 0.0024359643707097234, 0.001535759621318341], [0.034825749334945595, 0.07085188462035906, 0.002911178768363389, 0.891411187276332], [0.025088246694403977, 2.140435664884801e-06, 1.339732547005612e-07, 0.9749094788966765], [0.035637130558493234, 0.00032252010687655824, 0.11019295179167374, 0.8538473975429565], [0.0003624641201172168, 7.976725950155718e-05, 5.401036981385172e-08, 0.9995577146100114], [0.00012679503961641081, 0.9259120932541313, 0.05411456236301622, 0.019846549343235893], [2.436538481034862e-06, 0.001897423974846849, 3.884399147195393e-06, 0.998096255087525], [4.789712386687333e-09, 1.5468620199512932e-09, 4.70223356979859e-10, 0.9999999931932022], [0.06311472990013786, 0.3688044140132387, 0.5652673421368603, 0.0028135139497631515], [8.861961921327945e-05, 9.722130003948963e-08, 1.3035134362580345e-09, 0.9999112818559733], [0.0006726812287395733, 0.14352763775713986, 0.4762116793666882, 0.3795880016474323], [0.00427749311855709, 0.0076730387533543165, 0.987809640838621, 0.00023982728946750616], [0.9373012441071461, 0.060516013429848504, 0.0014070178571224479, 0.0007757246058827595], [2.678347110323847e-13, 2.156343539931736e-06, 2.9924911924037573e-06, 0.999994851165], [0.9973542534037252, 0.0025359925883328862, 9.727615893583628e-05, 1.2477849005971167e-05], [1.568227332525585e-05, 0.7591000976904155, 5.863403300125564e-05, 0.24082558600325812]]}}