{"test": {"ids": ["109117271", "109116441", "108115250", "113119360", "99116500", "100109801", "111117000", "103120340", "105118171", "112118880", "110121170", "104117630", "104114230", "110120560", "113119700", "100111390", "104119290", "98113881", "112116501", "111115400", "105113190", "110121140", "101110200", "110115250", "100120780", "108119550", "100116790", "98106880", "105116501", "113118231", "108117451", "107113130", "110117870", "110116290", "101111990", "112118701", "113117630", "108119510", "112117431", "102113981", "106114880", "111119250", "109121410", "104116441", "98108410", "112117571", "100108990", "101111210", "97110950", "98107210", "103113260", "113119480", "107114110", "112121351", "112119930", "97112170", "105113620", "101119591", "108116481", "99107560", "106116441", "110113931", "107121700", "101108121", "102118380", "111120190", "99109161", "103111830", "98110230", "106121190", "101112540", "103113101", "109116750", "113120751", "110118161", "110119300", "111120320", "109115070", "110121450", "111114321", "104112470", "102112030", "112119120", "107120130", "102107961", "113118421", "99109370", "99108580", "106115250", "110118880", "97106820", "100120010", "102109910", "107113170", "99107660", "107113260", "112116800", "100112060", "97116500", "110120640", "110115580", "106117650", "100108520", "105115720", "109116930", "105110251", "99108310", "105113210", "104114240", "101108621", "99108710", "97107681", "107120010", "109118701", "108117720", "111120260", "102110500", "101111140", "99107950", "102108621", "99108520", "107115140", "112116540", "100109910", "106113190", "104111990", "109116040", "100109330", "110118701", "113122230", "108121160", "99111930", "106121220", "110120190", "101115190", "113121010", "109121640", "105119550", "113122220", "109120560", "108113620", "103120780"], "labels": [0, 3, 1, 0, 2, 0, 0, 1, 3, 1, 2, 0, 2, 0, 0, 2, 1, 3, 3, 0, 3, 3, 2, 1, 1, 1, 2, 0, 1, 3, 2, 1, 3, 2, 2, 0, 0, 1, 0, 1, 0, 1, 0, 1, 1, 3, 2, 2, 3, 1, 3, 3, 1, 0, 1, 0, 0, 0, 0, 1, 0, 1, 3, 0, 1, 3, 3, 3, 3, 2, 2, 3, 0, 1, 0, 1, 1, 0, 3, 1, 1, 2, 1, 2, 3, 3, 1, 0, 2, 0, 1, 0, 2, 0, 3, 0, 0, 2, 2, 0, 1, 1, 2, 1, 0, 0, 2, 3, 0, 0, 2, 3, 1, 3, 1, 3, 3, 2, 1, 3, 2, 0, 1, 2, 0, 2, 0, 0, 3, 1, 2, 1, 1, 3, 1, 2, 0, 1, 1, 1, 3, 1], "predicted_labels": [3, 0, 3, 0, 3, 1, 3, 1, 3, 0, 3, 1, 3, 1, 1, 3, 3, 3, 1, 1, 1, 3, 1, 1, 3, 3, 1, 3, 3, 3, 0, 0, 3, 3, 1, 3, 0, 1, 0, 1, 3, 3, 1, 1, 1, 3, 1, 1, 0, 1, 3, 3, 1, 0, 3, 3, 1, 0, 0, 3, 1, 3, 1, 3, 1, 0, 0, 1, 0, 3, 0, 0, 0, 1, 0, 0, 3, 1, 3, 3, 3, 3, 3, 3, 0, 0, 0, 0, 0, 3, 1, 3, 3, 3, 0, 1, 3, 3, 3, 1, 3, 1, 3, 1, 1, 0, 1, 3, 1, 3, 0, 0, 3, 3, 3, 1, 0, 1, 1, 0, 1, 3, 3, 3, 3, 1, 1, 0, 1, 1, 3, 3, 1, 3, 3, 3, 0, 1, 1, 3, 0, 3], "confidence_scores": [[0.17544223853941615, 0.1709984559618435, 0.07697364076740724, 0.5765856647313331], [0.3490580381571309, 0.25336398753982603, 0.0810494216194739, 0.316528552683569], [0.2013601779075398, 0.250031369223113, 0.10932292453718666, 0.43928552833216056], [0.38754342453817525, 0.1593753488685693, 0.13200750076976642, 0.3210737258234891], [0.11036752078266572, 0.27936354642474476, 0.17885137893442116, 0.43141755385816855], [0.24159869988627494, 0.39880282976564685, 0.0798810835299397, 0.2797173868181386], [0.14455883397522948, 0.26229286848234745, 0.2378672186724868, 0.3552810788699365], [0.10746418483631243, 0.4245959630803914, 0.23975223894916542, 0.22818761313413086], [0.18695138032167877, 0.17216068258528977, 0.08712623743248488, 0.5537616996605464], [0.3008278073645786, 0.23023584939014546, 0.1832426533046797, 0.28569368994059646], [0.15009286718516013, 0.1614933885020088, 0.12006498955532173, 0.5683487547575093], [0.17365722452053495, 0.3912343379904979, 0.13090843440207456, 0.3042000030868927], [0.31808994071046665, 0.17332536340568044, 0.0940960652605382, 0.4144886306233148], [0.2112708375912084, 0.31729654327289886, 0.18236178386449636, 0.2890708352713965], [0.16830759519576055, 0.4843459371568358, 0.08491134269448275, 0.2624351249529209], [0.11308335148368184, 0.10596451044311032, 0.19219038839647887, 0.5887617496767288], [0.2686476924435152, 0.16044309243191532, 0.08297269738556794, 0.4879365177390016], [0.18324585016141964, 0.3048468086152763, 0.1977302038939931, 0.31417713732931096], [0.24224728938165316, 0.36006485762712376, 0.09447072964400316, 0.30321712334722006], [0.2794881138478744, 0.39443521167731915, 0.12196215171867679, 0.2041145227561298], [0.21177529964436287, 0.44530680335426626, 0.10965369340989768, 0.23326420359147318], [0.1548767266921084, 0.23106887023335634, 0.12656616797613127, 0.4874882350984041], [0.24657562817804443, 0.29081900019198487, 0.2367890937584121, 0.2258162778715587], [0.17343922666042272, 0.3857966019698127, 0.07876614499848829, 0.3619980263712762], [0.14167412818826294, 0.29992768303992867, 0.16302585304117642, 0.39537233573063213], [0.21861655000837021, 0.25253426714001465, 0.15197377908542278, 0.37687540376619244], [0.27013363305946836, 0.28999947587887237, 0.199927533931463, 0.23993935713019632], [0.15460527790786002, 0.14560034090489501, 0.14315411067971284, 0.5566402705075321], [0.3128764038374936, 0.182943456916581, 0.1484787290608652, 0.3557014101850603], [0.24755882944746715, 0.21301516495606515, 0.11631405404622588, 0.4231119515502418], [0.4780577110379009, 0.1618958019143704, 0.05631644162849871, 0.3037300454192301], [0.3544495125408257, 0.2979131452297177, 0.15820374376268923, 0.18943359846676747], [0.20078259850592, 0.18635461629358485, 0.12218375795067377, 0.4906790272498214], [0.07165520803511574, 0.11679855022074145, 0.15828189678309473, 0.653264344961048], [0.1640963232817947, 0.34144109270145007, 0.16976603108886573, 0.3246965529278895], [0.20771431106235197, 0.27157111119015714, 0.058460700807467444, 0.46225387694002334], [0.37837666106564743, 0.22984634716971902, 0.16063090063172178, 0.23114609113291176], [0.08696887512616203, 0.6240347942293378, 0.09573479756213092, 0.19326153308236935], [0.37994283113793353, 0.24505490191435517, 0.08385325213232443, 0.2911490148153871], [0.27988134924488867, 0.44723976217786393, 0.07178080963484355, 0.20109807894240378], [0.2071838429173006, 0.266485111790306, 0.13291485809691705, 0.3934161871954765], [0.18504091157118838, 0.19466556915349004, 0.30776806282371066, 0.312525456451611], [0.09205809763026339, 0.4544665544525458, 0.16889039944110168, 0.2845849484760893], [0.2747935822743851, 0.3435962979474795, 0.12461212609340443, 0.25699799368473114], [0.1846434962414435, 0.3963376993615559, 0.1482868275422386, 0.27073197685476186], [0.2579412320267854, 0.22503550522355942, 0.07143971635717598, 0.4455835463924791], [0.11651689838000148, 0.3888129421132793, 0.17954219193031787, 0.3151279675764013], [0.1856509645767698, 0.45770196680845443, 0.13429270075452895, 0.22235436786024676], [0.42010478359827913, 0.1530827448914624, 0.16419500268073273, 0.26261746882952586], [0.13946088056784142, 0.39899715720501566, 0.18507357930889307, 0.27646838291824993], [0.147405717857668, 0.2819418109817657, 0.26559449389944856, 0.30505797726111783], [0.17217736623069999, 0.3086048693149192, 0.11230442237831087, 0.4069133420760699], [0.19939070487542254, 0.35216404443060867, 0.14972872509327448, 0.2987165256006943], [0.4614783545835909, 0.20162131444779197, 0.15083122863867504, 0.18606910232994198], [0.27503959777226555, 0.20994814413263377, 0.1468260756641884, 0.36818618243091245], [0.21603214533873813, 0.3295070089010633, 0.12392708592527156, 0.3305337598349271], [0.11154537952866876, 0.3602724939232129, 0.32176432453414694, 0.20641780201397136], [0.5803782965791867, 0.17870713299133636, 0.07820582324517163, 0.1627087471843053], [0.5088282288136136, 0.20738472208101674, 0.051000086536818055, 0.23278696256855172], [0.08221399472969915, 0.3618765054967638, 0.10603980747807404, 0.44986969229546314], [0.27437899598403725, 0.36232209673901195, 0.05360733431298549, 0.3096915729639653], [0.3908627212029244, 0.13551120819812748, 0.04866167412492606, 0.4249643964740219], [0.15261870990053478, 0.46765978874654707, 0.14738356220248416, 0.23233793915043402], [0.19287316157571466, 0.10620095440881087, 0.07949921734297519, 0.6214266666724992], [0.11701037073726338, 0.4495766312482278, 0.21786893578951003, 0.21554406222499867], [0.3895748546045362, 0.1748505691027858, 0.11196573644723865, 0.3236088398454395], [0.6720477100934011, 0.20279211551689463, 0.040993323892151746, 0.08416685049755258], [0.17679748835867987, 0.3475736570264544, 0.1904509887953542, 0.2851778658195116], [0.2971152819229143, 0.2548977402451793, 0.15369113845553775, 0.2942958393763687], [0.09966766984414398, 0.2980116598895849, 0.12494801164014728, 0.477372658626124], [0.42966057027992965, 0.17614017423284137, 0.09191799823288728, 0.3022812572543416], [0.5538086194627808, 0.15009262362442133, 0.08248360998437476, 0.21361514692842315], [0.2991348400770763, 0.14259977575265353, 0.29597892374236073, 0.2622864604279095], [0.23327073853828023, 0.34940413370193385, 0.136275717911323, 0.28104940984846283], [0.39845346965080125, 0.2928851966802022, 0.05760839077432659, 0.2510529428946698], [0.6128350782590686, 0.12025011763458075, 0.040792861684685516, 0.22612194242166495], [0.23106424897110878, 0.31350959555513336, 0.11812250284302184, 0.33730365263073603], [0.2417393585939528, 0.33313569243393065, 0.1525132851264971, 0.2726116638456195], [0.15615233992630453, 0.2862508021495818, 0.15766750764457277, 0.39992935027954085], [0.13810278964771877, 0.3133656107190416, 0.062234110847580584, 0.4862974887856591], [0.25429912660253773, 0.2837102333848989, 0.17251929621283008, 0.2894713437997334], [0.10938990982133483, 0.29652933903981754, 0.17000374720968206, 0.42407700392916564], [0.19421915080018315, 0.13519924101881317, 0.09229963339341216, 0.5782819747875916], [0.19203076169544087, 0.2900893588738006, 0.12353977883068418, 0.3943401006000743], [0.3623335265808386, 0.2503573883881626, 0.1525850716592593, 0.23472401337173968], [0.4317895368581378, 0.31265197538885164, 0.09371002717273791, 0.1618484605802728], [0.3096518685098301, 0.29296519556001666, 0.1904815712550104, 0.2069013646751429], [0.4735572002250395, 0.2232293449623135, 0.13674973943397878, 0.16646371537866816], [0.2840331955294487, 0.27736301531327506, 0.19725161651592557, 0.2413521726413507], [0.3183557728991799, 0.12417307811090557, 0.11655700918842904, 0.44091413980148564], [0.16451607191913598, 0.4510343057604663, 0.09349232843151518, 0.29095729388888253], [0.2954049841984355, 0.14345664692927437, 0.2649315718514549, 0.29620679702083513], [0.1897623248022142, 0.22207518516137814, 0.18885025232736757, 0.3993122377090403], [0.19295208280971685, 0.2750004037773117, 0.138819493694614, 0.39322801971835747], [0.6629241344945733, 0.09834178824249967, 0.06256170198192, 0.17617237528100713], [0.15735467377313572, 0.40204755876750886, 0.15263833308718022, 0.2879594343721751], [0.07754767926805596, 0.3281128220897481, 0.05375506365560839, 0.5405844349865875], [0.1360882385789606, 0.2788797443208914, 0.18113758581562714, 0.40389443128452085], [0.23573642926897506, 0.17058674838619142, 0.271193111941734, 0.3224837104030996], [0.12427987820774489, 0.4219845594504468, 0.2243016341295947, 0.22943392821221376], [0.18082794296589239, 0.27420946298083204, 0.24235988260975375, 0.30260271144352185], [0.10948959850460618, 0.49057638882164645, 0.10406486407545401, 0.29586914859829355], [0.13203487156906762, 0.1331659753776658, 0.34493451763674393, 0.3898646354165225], [0.21839892989709989, 0.3753569024130023, 0.09842396520513572, 0.3078202024847622], [0.12400401592697795, 0.5238431838929775, 0.07857080563257592, 0.2735819945474687], [0.49644720369225226, 0.21001483747377114, 0.06271731273028902, 0.23082064610368758], [0.2730149605464078, 0.37457930237424614, 0.10783878562560367, 0.24456695145374246], [0.1671960409329455, 0.29433341426826665, 0.16573045936119554, 0.37274008543759235], [0.17631013175801608, 0.3209217403447446, 0.18336470495057622, 0.3194034229466631], [0.28005083400525227, 0.2732467190295978, 0.07197538548377767, 0.3747270614813722], [0.28271704467512504, 0.25870289423980997, 0.18426030254032869, 0.27431975854473634], [0.3545506065076676, 0.29071658337567535, 0.10154746770595788, 0.25318534241069923], [0.10071039269120302, 0.2674314293172232, 0.11480076883323495, 0.5170574091583389], [0.17083238737548856, 0.12405776382263958, 0.07203171655947911, 0.6330781322423927], [0.12889377825791268, 0.22004341780606834, 0.1104059374319627, 0.5406568665040564], [0.20823188630368633, 0.36911411353126333, 0.07831903041793974, 0.3443349697471108], [0.5386325472691376, 0.09114485612032965, 0.08459034316055525, 0.2856322534499776], [0.27004534715666995, 0.27531548832403074, 0.2108999402109373, 0.24373922430836198], [0.14883806783892234, 0.3540976995929464, 0.3126652885293995, 0.18439894403873175], [0.39812732752674596, 0.21133494304242667, 0.10732598271381108, 0.2832117467170163], [0.28568877093113654, 0.32400876702768955, 0.11824009141550854, 0.27206237062566563], [0.1365362077310198, 0.3000336749708638, 0.17522707214032865, 0.3882030451577877], [0.2539297782358104, 0.18787437486825778, 0.140624617926643, 0.4175712289692888], [0.09031275080219589, 0.2667752727036047, 0.30599336745178535, 0.33691860904241433], [0.27271470682732907, 0.21972572862723178, 0.14938953680989664, 0.35817002773554246], [0.1632446950626061, 0.4394122806062501, 0.17698398772919163, 0.2203590366019522], [0.20044851882947845, 0.3629138543882691, 0.19944170900657876, 0.23719591777567353], [0.3173355039457524, 0.3063863307180709, 0.11064708370074067, 0.2656310816354362], [0.12754320249413353, 0.32299753814278936, 0.2785740475893124, 0.2708852117737647], [0.10023061986062892, 0.6247431487505507, 0.1684064508067867, 0.10661978058203377], [0.25127569088336005, 0.2706525238207276, 0.17466740754009535, 0.3034043777558171], [0.20619796263640494, 0.24839697359277688, 0.11715144920480622, 0.4282536145660121], [0.08532549858536705, 0.45056132127079696, 0.26930286347140525, 0.19481031667243073], [0.1677684901301516, 0.2879774680861231, 0.09646875135850391, 0.44778529042522147], [0.20785909474436973, 0.2793748384029276, 0.2247802499976578, 0.287985816855045], [0.21836060348175246, 0.3123415189412248, 0.12577946511138854, 0.34351841246563414], [0.5002189811215306, 0.22698583575180478, 0.08995369529805701, 0.18284148782860757], [0.10399406636786188, 0.39367017257981324, 0.19210548021390605, 0.3102302808384188], [0.2326962476100563, 0.38461852346203085, 0.08357879035434299, 0.2991064385735699], [0.17385839442370868, 0.2081854037671126, 0.09581297196399205, 0.5221432298451867], [0.3559004585403939, 0.2450480125338037, 0.12121688299304799, 0.27783464593275453], [0.1583844888463485, 0.33540826623424647, 0.15896980207536204, 0.347237442844043]]}, "rewritten": {"ids": ["97106820", "97107681", "97110950", "97112170", "97116500", "98106880", "98107210", "98108410", "98110230", "98113881", "99107560", "99107660", "99107950", "99108310", "99108520", "99108580", "99108710", "99109161", "99109370", "99111930", "99116500", "100108520", "100108990", "100109330", "100109801", "100109910", "100111390", "100112060", "100116790", "100120010", "100120780", "101108121", "101108621", "101110200", "101111140", "101111210", "101111990", "101112540", "101115190", "101119591", "102107961", "102108621", "102109910", "102110500", "102112030", "102113981", "102118380", "103111830", "103113101", "103113260", "103120340", "103120780", "104111990", "104112470", "104114230", "104114240", "104116441", "104117630", "104119290", "105110251", "105113190", "105113210", "105113620", "105115720", "105116501", "105118171", "105119550", "106113190", "106114880", "106115250", "106116441", "106117650", "106121190", "106121220", "107113130", "107113170", "107113260", "107114110", "107115140", "107120010", "107120130", "107121700", "108113620", "108115250", "108116481", "108117451", "108117720", "108119510", "108119550", "108121160", "109115070", "109116040", "109116441", "109116750", "109116930", "109117271", "109118701", "109120560", "109121410", "109121640", "110113931", "110115250", "110115580", "110116290", "110117870", "110118161", "110118701", "110118880", "110119300", "110120190", "110120560", "110120640", "110121140", "110121170", "110121450", "111114321", "111115400", "111117000", "111119250", "111120190", "111120260", "111120320", "112116501", "112116540", "112116800", "112117431", "112117571", "112118701", "112118880", "112119120", "112119930", "112121351", "113117630", "113118231", "113118421", "113119360", "113119480", "113119700", "113120751", "113121010", "113122220", "113122230"], "labels": [1, 3, 3, 0, 2, 0, 1, 1, 3, 3, 1, 3, 1, 2, 2, 0, 2, 3, 1, 1, 2, 2, 2, 0, 0, 2, 2, 2, 2, 0, 1, 0, 0, 2, 2, 2, 2, 2, 1, 0, 3, 3, 2, 3, 2, 1, 1, 3, 3, 3, 1, 1, 2, 1, 2, 0, 1, 0, 1, 0, 3, 3, 0, 1, 1, 3, 1, 0, 0, 2, 0, 1, 2, 1, 1, 0, 0, 1, 0, 1, 2, 3, 3, 1, 0, 2, 1, 1, 1, 2, 0, 0, 3, 0, 0, 0, 3, 1, 0, 0, 1, 1, 1, 2, 3, 0, 3, 0, 1, 3, 0, 0, 3, 2, 3, 1, 0, 0, 1, 3, 3, 1, 3, 1, 0, 0, 3, 0, 1, 1, 1, 0, 0, 3, 3, 0, 3, 0, 1, 2, 1, 1], "predicted_labels": [1, 0, 0, 3, 1, 3, 1, 1, 3, 0, 3, 3, 3, 3, 0, 3, 0, 0, 1, 1, 3, 3, 1, 1, 0, 1, 1, 3, 0, 3, 3, 3, 1, 1, 3, 3, 1, 3, 0, 0, 3, 0, 2, 0, 3, 1, 3, 0, 0, 3, 1, 3, 1, 3, 3, 1, 1, 1, 3, 1, 1, 3, 1, 2, 0, 0, 1, 3, 3, 1, 1, 3, 3, 3, 1, 0, 3, 1, 3, 2, 3, 2, 2, 1, 0, 3, 3, 0, 1, 1, 1, 3, 0, 2, 1, 3, 3, 1, 1, 0, 0, 1, 3, 3, 3, 0, 2, 3, 0, 1, 0, 3, 3, 3, 3, 3, 3, 2, 2, 0, 3, 3, 0, 0, 1, 0, 3, 0, 1, 3, 0, 0, 0, 3, 0, 0, 1, 3, 1, 0, 1, 1], "confidence_scores": [[0.23355689066379953, 0.30519797135547383, 0.21216579458898782, 0.24907934339173893], [0.3844727554257534, 0.2765424965556608, 0.1309382626884601, 0.20804648533012554], [0.3262748867376994, 0.2523839426526569, 0.19715682159289094, 0.22418434901675305], [0.20537002018907624, 0.3295375283231186, 0.13497972100621267, 0.3301127304815925], [0.19536259479167936, 0.3100846119443022, 0.22418296116623884, 0.2703698320977796], [0.2326893106957855, 0.24320649409777856, 0.23485186323457644, 0.2892523319718595], [0.20136940337663942, 0.3149669195551863, 0.18824261806691409, 0.2954210590012603], [0.23343303490652834, 0.29125533139223014, 0.19101968127386043, 0.2842919524273811], [0.24174357108983519, 0.28731257460831755, 0.14340889752793126, 0.327534956773916], [0.3510207544119514, 0.26698626852098145, 0.18186972310398347, 0.20012325396308356], [0.20112268967169214, 0.2609668925062598, 0.10217226045156835, 0.43573815737047983], [0.2648353388100368, 0.23498847910251375, 0.11905684915873517, 0.38111933292871436], [0.16495193492653504, 0.265201124567125, 0.1925708406094986, 0.3772760998968415], [0.268425112569345, 0.28724959416229784, 0.14909245238472915, 0.295232840883628], [0.4627510510208302, 0.3267435022532893, 0.06846514154393868, 0.14204030518194188], [0.24535065437041803, 0.20508492013769683, 0.2727354674023202, 0.276828958089565], [0.36404031064789244, 0.2673786382736197, 0.1313086410478903, 0.23727241003059737], [0.5874971918319045, 0.20066960264517522, 0.060197770449066615, 0.1516354350738537], [0.2538747390314375, 0.3134427977161, 0.21807173998649512, 0.21461072326596764], [0.25818754354818624, 0.3916804598051799, 0.17458735223141875, 0.17554464441521514], [0.12446925704279187, 0.29312610180476534, 0.2823868479396183, 0.3000177932128245], [0.13003895991852266, 0.11225049623690395, 0.2441799011110726, 0.5135306427335008], [0.20562988805803958, 0.3976383461043704, 0.14801218515009604, 0.24871958068749397], [0.1925662122232809, 0.36867046882719656, 0.1313178539400138, 0.3074454650095089], [0.40967471476966216, 0.33782548902165777, 0.07401138019608715, 0.1784884160125932], [0.11009045480100536, 0.31484957622510595, 0.2932726299118813, 0.2817873390620076], [0.2615390513123643, 0.3161044888411601, 0.13447384558868905, 0.28788261425778633], [0.12035821566460728, 0.22969985571483045, 0.15600312625342386, 0.49393880236713866], [0.3448505054399574, 0.2678086556642999, 0.13531765961364675, 0.25202317928209594], [0.19430376242703543, 0.29875715728352453, 0.15434919769771843, 0.3525898825917217], [0.1593009369087016, 0.23556265731897644, 0.16597976720858107, 0.43915663856374104], [0.20972048732294896, 0.20417627343581354, 0.09113439880109539, 0.49496884044014217], [0.32213400172673895, 0.4469671800521909, 0.05980115797073541, 0.1710976602503348], [0.2225137851021512, 0.338052629940178, 0.22247793343641958, 0.21695565152125137], [0.23788882546575474, 0.2980806250090903, 0.15762391268026313, 0.30640663684489183], [0.13288850183859574, 0.2066099433004383, 0.17570573513241752, 0.4847958197285486], [0.1427465470545707, 0.4593003867273435, 0.13901488667835504, 0.2589381795397308], [0.13429534112262903, 0.24436876540656674, 0.08757393864213114, 0.5337619548286732], [0.32544507804784134, 0.24952780828073493, 0.13685093632616685, 0.2881761773452569], [0.4510384671090406, 0.2532306558331783, 0.14347328126216383, 0.15225759579561743], [0.2696845129119758, 0.15582204291003607, 0.10356017964274664, 0.47093326453524154], [0.42424016682833565, 0.28505749349596715, 0.07966776712681176, 0.2110345725488855], [0.12327891184666945, 0.26311430281306, 0.36076465566090976, 0.2528421296793609], [0.581005860994566, 0.05719216058610349, 0.09601279980610247, 0.26578917861322815], [0.2586863079797352, 0.21002290496197046, 0.17059692678657593, 0.36069386027171846], [0.2590188752608804, 0.3189690572790196, 0.16410966343537164, 0.2579024040247284], [0.13469040325905174, 0.29188735228990986, 0.19195069415041893, 0.3814715503006195], [0.3504361685022753, 0.23076905650239612, 0.1157028090577743, 0.3030919659375542], [0.380309488501042, 0.2823691263948987, 0.0656898359800225, 0.27163154912403675], [0.1246952903831321, 0.21153418741662997, 0.19313105539477823, 0.47063946680545976], [0.12403824839084317, 0.49230597560331474, 0.13994183081120998, 0.2437139451946321], [0.17433448622068148, 0.23662056395240838, 0.19820908343160565, 0.3908358663953045], [0.23236660914782442, 0.2900830041178971, 0.2006556331290474, 0.276894753605231], [0.1443514660046282, 0.25366339826296047, 0.1543891998086165, 0.44759593592379476], [0.12775471772206565, 0.2086192410253283, 0.2707131569339617, 0.3929128843186444], [0.19513200309854076, 0.3338421089314373, 0.2878469490222817, 0.1831789389477403], [0.23435936785291114, 0.45616254150656965, 0.1413534757453457, 0.16812461489517347], [0.1949878946354597, 0.375310678967096, 0.11761835127599203, 0.31208307512145217], [0.19209463759889323, 0.2375287893500269, 0.10885687107556433, 0.4615197019755154], [0.1336542870712004, 0.6008204824393047, 0.14560167952752356, 0.11992355096197135], [0.11944233507318792, 0.585036482342542, 0.08782426032700912, 0.20769692225726089], [0.12228287563583846, 0.2386826509593171, 0.13493763529749958, 0.5040968381073448], [0.11526781895898199, 0.3628810396730019, 0.294906783831929, 0.22694435753608716], [0.2570165589028921, 0.24108207369672746, 0.25914475719857544, 0.242756610201805], [0.42530318196269223, 0.1264603348453513, 0.07242277038149905, 0.37581371281045733], [0.35424019288252206, 0.17727236888637907, 0.15190142901720707, 0.3165860092138918], [0.09067011358011308, 0.701046628298641, 0.06716327572696919, 0.1411199823942766], [0.23687276537846785, 0.27657893139197054, 0.1683454291837454, 0.3182028740458164], [0.10345234133939323, 0.2970052525764963, 0.10214961139492272, 0.4973927946891879], [0.2033020822335082, 0.3131282725208753, 0.20253133767307968, 0.2810383075725368], [0.33115055162794027, 0.3435929848965656, 0.08028299277116252, 0.2449734707043315], [0.09367596926820879, 0.30593876196488456, 0.09490651824906704, 0.5054787505178396], [0.144376302985229, 0.20903666277421887, 0.20442786719337375, 0.4421591670471784], [0.08880219821802872, 0.16358840947248737, 0.11287845237938995, 0.6347309399300939], [0.2741312440928342, 0.3659618260491399, 0.15063311454066536, 0.20927381531736092], [0.45138253043483084, 0.13675738425424, 0.06995571700567771, 0.34190436830525145], [0.24441817174860614, 0.21136388610472934, 0.10695898688515262, 0.437258955261512], [0.14247956024592298, 0.46217911192717315, 0.10770945746609627, 0.28763187036080756], [0.09549474317918231, 0.19376653195945914, 0.08771375277183074, 0.6230249720895279], [0.06912307799494041, 0.26554126235990355, 0.35997168294790505, 0.30536397669725096], [0.156952908043973, 0.340722649256269, 0.08795574598388091, 0.414368696715877], [0.13729337839099992, 0.299380947414678, 0.34447566713710287, 0.21885000705721924], [0.14975774167081848, 0.2607341588682288, 0.3566739255447411, 0.2328341739162118], [0.11257882987102949, 0.43081058811532225, 0.07136529258348034, 0.38524528943016806], [0.3522270693030487, 0.3033107743373677, 0.05664654589935576, 0.28781561046022786], [0.22678470483365665, 0.20362077222266517, 0.07054093511947034, 0.499053587824208], [0.18176592553104592, 0.22214093407180532, 0.1562328153551167, 0.4398603250420321], [0.3873797733860261, 0.1469437529327256, 0.07867069852493279, 0.38700577515631557], [0.1714632967026018, 0.43843480524155204, 0.17064672660815586, 0.2194551714476903], [0.22189197029552601, 0.5108099510360684, 0.07941426176980357, 0.18788381689860204], [0.1996511097973073, 0.3553640687070786, 0.18543193869949476, 0.2595528827961195], [0.10414219753362787, 0.3195509277750898, 0.1244774047203673, 0.45182946997091517], [0.5316118860584278, 0.1949051100615912, 0.065358184114621, 0.20812481976535996], [0.2724230067716716, 0.19118343635435064, 0.38655996172561674, 0.14983359514836098], [0.16719555272744596, 0.4854584603486589, 0.11074044989488406, 0.23660553702901108], [0.22394584790401564, 0.2879923823829851, 0.08363995704176562, 0.40442181267123367], [0.12334756669948986, 0.09929891294696054, 0.043402572307501906, 0.7339509480460479], [0.07974967806460309, 0.5047408791867471, 0.09642832384627602, 0.31908111890237356], [0.1679170195902131, 0.35124320765061884, 0.16305721681152244, 0.3177825559476458], [0.6615897327675332, 0.13558424845236117, 0.07492585505923818, 0.12790016372086763], [0.5064310661983852, 0.16678311005357524, 0.05173876348924728, 0.2750470602587922], [0.1914934085368093, 0.3694678233075437, 0.20702359104007226, 0.23201517711557498], [0.20725947503966266, 0.2802489153929612, 0.1136228473429313, 0.39886876222444484], [0.09140646371737883, 0.15956219890109072, 0.2672242212071402, 0.4818071161743904], [0.16336071006520042, 0.18106087585381933, 0.14601488242014793, 0.5095635316608325], [0.32914786107081795, 0.24674203755759966, 0.09776033398311827, 0.3263497673884639], [0.18602340596766728, 0.2202690253151174, 0.30291129449633675, 0.29079627422087845], [0.14828746475793786, 0.12481606162070862, 0.21621655542322843, 0.5106799181981252], [0.4585612725311522, 0.1705361730719233, 0.08545036387514526, 0.28545219052177934], [0.17170480505917024, 0.509481954659323, 0.09760660026698849, 0.22120664001451845], [0.3350437251749583, 0.219577977541554, 0.21756518033552585, 0.22781311694796197], [0.1920334242789941, 0.2423220630933868, 0.19617229679132725, 0.3694722158362919], [0.1716584909352773, 0.32563954393386746, 0.14705400445253547, 0.3556479606783199], [0.2695623351576984, 0.15459457382342623, 0.1345109107076784, 0.4413321803111971], [0.14336023034528383, 0.3363310084785977, 0.14987473682896765, 0.3704340243471508], [0.3632855636879492, 0.20311397902016182, 0.06269635628643451, 0.3709041010054547], [0.23987002091209986, 0.17961105432769742, 0.1963320144172919, 0.3841869103429109], [0.14820546872004603, 0.23194591317418312, 0.4022477031790545, 0.21760091492671643], [0.19507039611432483, 0.1593391110221997, 0.3516702667363664, 0.2939202261271092], [0.3473195740372087, 0.27633226828139557, 0.1359188974110197, 0.24042926027037612], [0.1625553446955541, 0.26418922632950526, 0.11197454267986526, 0.46128088629507524], [0.18513666649971042, 0.22280076622492018, 0.2528345855521717, 0.33922798172319774], [0.45462375813045425, 0.2433248205319743, 0.07801702018689045, 0.22403440115068107], [0.34914722831673, 0.2643771132834276, 0.14732481480266085, 0.2391508435971815], [0.09071389121929561, 0.4928826592743598, 0.10283358190716482, 0.31356986759917976], [0.5697562528732631, 0.1672112257549115, 0.06461607465866763, 0.19841644671315764], [0.20592530863387257, 0.3415100904950019, 0.04856635314907571, 0.4039982477220499], [0.41094925032900526, 0.169721890905647, 0.0683433661260858, 0.35098549263926193], [0.27256107047477024, 0.2801318471363308, 0.19263989888872854, 0.2546671835001704], [0.12969926287098898, 0.1445890326590841, 0.09368047634998893, 0.632031228119938], [0.3696733341847989, 0.28902539997335364, 0.08845963352747423, 0.25284163231437334], [0.5826059472703041, 0.1111163857832865, 0.034695326048756026, 0.27158234089765315], [0.3943181703318654, 0.25245516437270826, 0.12311059601611678, 0.23011606927930972], [0.2687026274170805, 0.28417373978678945, 0.11361673105907834, 0.3335069017370517], [0.5473362614072197, 0.07373204162796257, 0.09409948016839045, 0.2848322167964273], [0.35274373766060496, 0.28439508767486354, 0.11276938635080248, 0.25009178831372897], [0.23142024257139754, 0.38739073850513017, 0.09098385301271697, 0.2902051659107554], [0.13022129213559425, 0.2869689593230312, 0.11296619623295177, 0.4698435523084228], [0.24486805958094487, 0.32444306015338886, 0.10866214963966973, 0.3220267306259964], [0.4170668426336914, 0.26041443409657367, 0.07984829183510617, 0.2426704314346288], [0.2851882966442916, 0.29767977451727357, 0.14482235309547195, 0.27230957574296294], [0.17028923811127694, 0.43944536581822874, 0.17307479035551868, 0.2171906057149755]]}}