{"test": {"ids": ["107116340", "108121351", "108113740", "109119450", "105120280", "101109120", "111114941", "99109161", "112118820", "112120540", "112116540", "101111310", "113119480", "111115400", "98112580", "108121410", "107119950", "108116120", "111116290", "113122510", "98110810", "104117630", "109117431", "107119390", "105112260", "108120060", "109121351", "104111531", "113122230", "102109910", "109119010", "104111830", "107113550", "104113550", "101111990", "113122150", "105116650", "110115890", "113122650", "110118630", "97111790", "99109740", "107118120", "107114950", "100107920", "98117740", "105117200", "111116100", "107117010", "110118930", "105110251", "113118870", "99108520", "105121190", "108116501", "100108080", "97116790", "100111080", "102114270", "108118810", "113119320", "97107920", "99117630", "112116850", "98107410", "107120880", "112118421", "98116090", "112118161", "113121680", "104113190", "108117720", "113122430", "106121220", "110121140", "111120280", "111120540", "113121220", "109119460", "100120010", "111114321", "97107821", "100112060", "99109910", "107114490", "103120730", "106120640", "106116850", "110114321", "98112300", "111116990", "97106970", "112117210", "111116040", "113119300", "100109890", "99107950", "101110740", "100111390", "111115780", "110119891", "111118810", "103111110", "111119430", "109119591", "99109141", "112118890", "106115250", "99108460", "108121160", "111120591", "109118701", "111116530", "102110690", "109113881", "111119610", "102112301", "113120601", "110120540", "107113840", "103112470", "106113260", "104113000", "111115770", "113119700", "99117740", "102108621", "105111990", "112117471", "105113210", "112120640", "97112170", "113117401", "98108970", "110115140", "102116340", "106113360", "101108621", "107113200", "105115380", "107120130", "99111620"], "labels": [3, 3, 3, 3, 3, 1, 0, 3, 0, 3, 1, 3, 3, 0, 2, 0, 3, 1, 2, 2, 1, 0, 1, 2, 3, 1, 0, 0, 1, 2, 3, 3, 0, 1, 2, 2, 1, 2, 2, 1, 2, 3, 3, 3, 0, 2, 3, 3, 1, 1, 0, 0, 2, 2, 0, 0, 2, 0, 3, 1, 1, 0, 3, 0, 3, 1, 3, 0, 0, 1, 3, 1, 2, 1, 3, 0, 1, 3, 1, 0, 1, 2, 2, 2, 3, 1, 3, 3, 1, 2, 0, 2, 1, 0, 1, 3, 1, 3, 2, 1, 3, 0, 3, 3, 0, 3, 3, 2, 0, 2, 1, 3, 3, 0, 0, 2, 1, 2, 1, 3, 1, 3, 1, 3, 0, 2, 3, 2, 3, 3, 0, 0, 3, 3, 0, 3, 0, 0, 0, 1, 2, 3], "predicted_labels": [0, 3, 0, 3, 2, 3, 0, 0, 0, 1, 1, 0, 0, 0, 3, 1, 3, 0, 1, 0, 1, 0, 0, 3, 3, 1, 3, 3, 0, 2, 3, 0, 0, 2, 2, 2, 1, 2, 3, 3, 3, 1, 3, 3, 3, 3, 1, 3, 2, 3, 3, 0, 2, 3, 2, 1, 2, 1, 1, 3, 0, 0, 1, 3, 0, 2, 3, 1, 3, 2, 3, 3, 1, 2, 3, 3, 2, 3, 3, 2, 1, 1, 1, 2, 2, 0, 1, 0, 0, 1, 3, 1, 2, 0, 3, 1, 2, 1, 1, 1, 1, 0, 3, 1, 1, 1, 1, 1, 3, 1, 3, 3, 1, 1, 1, 2, 0, 2, 0, 1, 1, 1, 3, 3, 2, 1, 0, 0, 1, 3, 1, 0, 0, 1, 3, 2, 0, 3, 0, 1, 0, 3], "confidence_scores": [[0.9584512300713621, 0.014971835401913762, 2.0211482694305187e-05, 0.026556723044029788], [8.954048145415587e-07, 3.519628085544819e-05, 5.3496596907780225e-06, 0.9999585586546392], [0.9666433050903851, 0.001176198584380737, 0.023216726423117076, 0.008963769902116885], [0.0020066018680520215, 0.0007212380878547877, 0.46036026325469803, 0.5369118967893952], [3.932304239557915e-05, 9.687920842103608e-05, 0.5518789334883596, 0.4479848642608237], [0.1407137346931988, 0.041966879519320294, 0.35067150637083677, 0.4666478794166441], [0.7086134513874318, 0.023522940204529164, 5.109677175042054e-05, 0.26781251163628855], [0.9999916934746339, 8.333614668249617e-08, 8.132096921774762e-06, 9.109229744558547e-08], [0.9957808909972102, 0.0026345747666580233, 2.5791430401644584e-07, 0.0015842763218277143], [0.22247027988290302, 0.64970679356115, 0.003148304973666803, 0.12467462158228018], [0.21032715369713043, 0.7845069130180261, 0.00010513901459655118, 0.0050607942702468696], [0.9991391062281068, 0.0007380274528816667, 0.00011882895561682648, 4.03736339482146e-06], [0.9995381011944019, 0.00021781747346982818, 1.0672301482434179e-08, 0.00024407065982686314], [0.9945148902844999, 0.00012548210840930684, 0.005153277346987097, 0.00020635026010362188], [0.06301460084258349, 0.009865790910011888, 0.004376304709316241, 0.9227433035380883], [0.23536862165241418, 0.7564497007125717, 0.0039590310217966695, 0.004222646613217604], [0.0003333882684951975, 0.0018778352527888654, 0.009501736043124995, 0.988287040435591], [0.9911330894294761, 0.0018949070532857913, 0.0012897852732980943, 0.005682218243939985], [0.15874392054028955, 0.5744691273927507, 0.2569669884389264, 0.009819963628033373], [0.963119850926707, 0.010780089084633382, 0.025640251748074296, 0.00045980824058535874], [0.000144808764723649, 0.9972763097211153, 0.0025631477387031, 1.5733775457935823e-05], [0.9999437413483302, 6.657434866818362e-06, 7.403898132271115e-06, 4.219731867076305e-05], [0.9214063227008906, 0.03396785922784409, 0.0063497296337805525, 0.03827608843748479], [0.03078789385964431, 0.004752577335155669, 0.04474479842485835, 0.9197147303803417], [0.12805536580120408, 0.0031342895258193756, 0.004355018851221475, 0.864455325821755], [0.0032494911165621876, 0.8008230439951616, 0.1957275845511118, 0.0001998803371644373], [0.02263749058755862, 0.005734252476128511, 9.440424132689899e-05, 0.9715338526949859], [0.2980553784083311, 0.003067383350526792, 0.036687705341820614, 0.6621895328993217], [0.5246971837503192, 0.22651092147085589, 0.2474913763021188, 0.0013005184767062128], [0.08129058042684295, 0.1422214586138239, 0.6325559521167137, 0.14393200884261942], [0.009456157253436088, 0.0045645612485055295, 0.009344462706571716, 0.9766348187914866], [0.495856610244952, 0.3531236879036977, 0.09160573946729925, 0.05941396238405121], [0.9613077158906407, 0.0007860174796880025, 0.03245348962112312, 0.005452777008548319], [0.18218936069436317, 0.01217423751449061, 0.777392295695994, 0.028244106095152106], [0.013615316311079663, 0.0002739562958227645, 0.983583715228996, 0.002527012164101729], [0.11808060667081303, 0.18000271407091553, 0.4089674636975132, 0.29294921556075826], [0.00020601297665171227, 0.990389238731661, 0.009195699965549031, 0.00020904832613837142], [0.0022940124097481423, 0.221424493366357, 0.7734078732204451, 0.002873621003449639], [0.019832807075602508, 0.4693542018541906, 0.0044649799144755795, 0.5063480111557314], [0.00022298538143575628, 0.05478862486331099, 0.01350113840561616, 0.9314872513496371], [0.005952886405602559, 0.0007366288279812156, 0.019980640865666303, 0.97332984390075], [0.005645822002058703, 0.9413222494256482, 0.02568474763324603, 0.02734718093904704], [0.004086314025551151, 0.0022397111478370665, 0.0065010134314661015, 0.9871729613951457], [9.249557346339343e-05, 0.023391749632135382, 0.005675694326495348, 0.9708400604679058], [0.3419372979884517, 1.145006427743579e-06, 0.02526068549400206, 0.6328008715111185], [0.0007097377127374172, 0.1400358876636756, 0.01994909457665099, 0.839305280046936], [0.10706686847748806, 0.8902272759717841, 0.0002977261775410106, 0.002408129373186721], [0.1916515176334226, 0.010958761228476213, 0.008551965790106988, 0.7888377553479942], [0.0005267065202634522, 0.0042611666204254465, 0.9950061654227793, 0.00020596143653175018], [0.05476129062180596, 0.3821162457527619, 0.010958902117506459, 0.5521635615079257], [0.00026504246543224125, 0.07810851670144572, 0.03508722505705345, 0.8865392157760685], [0.5582853215729147, 0.05044826497243803, 0.0014539940165456055, 0.3898124194381017], [0.4138564028659569, 0.013848686120317187, 0.5717264114523775, 0.0005684995613485957], [4.316029774489237e-05, 0.25452500749508167, 0.07305658817591881, 0.6723752440312546], [0.26293322537384517, 0.011241062235768389, 0.5986837838053907, 0.12714192858499582], [3.6245210504585384e-06, 0.9993614577800221, 0.0006329593771544059, 1.9583217729417348e-06], [0.10333637197547545, 0.30820551955102726, 0.35410816214294955, 0.2343499463305477], [0.011343573832780049, 0.8167875244756665, 0.17148149820816175, 0.000387403483391671], [0.00038193926617573714, 0.9993910905433713, 1.0120584567731069e-05, 0.0002168496058853091], [1.8915872312436469e-06, 4.152650520135183e-05, 1.5168772975208096e-08, 0.9999565667387945], [0.9989747996471466, 9.900056881741665e-06, 6.189676275196697e-07, 0.0010146813283440316], [0.7134252350328318, 0.2520906509770298, 0.016216379654386413, 0.018267734335751927], [0.00017625584167975874, 0.9997366496861779, 2.4788254221838845e-06, 8.461564672024156e-05], [0.012385106072775112, 0.0029052120240909726, 3.5333054873405253e-06, 0.9847061485976466], [0.7414551088016027, 0.007925633561138906, 0.057161715938660415, 0.193457541698598], [0.04014708121899252, 0.06994169830306195, 0.8494708997429452, 0.04044032073500049], [0.01328792670418572, 0.16700226232154347, 0.027041395445063586, 0.7926684155292073], [0.13744279693119904, 0.6179706578088728, 0.24456167354329447, 2.4871716633694372e-05], [0.006689733340180755, 0.007985267349472308, 1.1681824894362415e-05, 0.9853133174854527], [0.0009804448417993158, 0.08869106357659598, 0.8940837759988659, 0.01624471558273878], [0.010208216467546138, 0.001420693603220202, 0.0031383248437799336, 0.9852327650854539], [0.03326086569335299, 0.26168301341473654, 0.310703870200424, 0.39435225069148655], [0.11331085097932188, 0.7948467658256776, 0.01702195736542617, 0.0748204258295745], [0.32539880735193444, 0.0022456122621084926, 0.666787839402323, 0.005567740983634029], [0.008235064151406072, 0.00037258575155815125, 0.00028764002296797494, 0.9911047100740678], [0.0001371016456305554, 0.00027008574289545824, 3.6498131484312707e-06, 0.9995891627983254], [0.016811465420703362, 0.30330828173013935, 0.6788340445248389, 0.0010462083243183084], [0.0027988862995039377, 0.00010926173979442735, 0.0005461806574379502, 0.9965456713032637], [0.0007531146117516782, 0.0024635106976171584, 0.00012291504170649785, 0.9966604596489246], [0.012369360855209885, 0.17173393301321466, 0.81578635356558, 0.00011035256599540312], [0.001381197218262547, 0.8400591730080003, 0.1585470110391709, 1.2618734566119842e-05], [0.17227517050856256, 0.4664022654498656, 0.008042111267417655, 0.3532804527741542], [0.10739024810130897, 0.6241933383036677, 0.2619230521321573, 0.006493361462866102], [0.0019929594234435644, 7.293486059758945e-06, 0.9979768628778709, 2.288421262572062e-05], [0.02659557905095248, 0.03200116007324628, 0.7005796882645848, 0.24082357261121637], [0.7695848339594881, 0.23038468358223618, 2.433216408898725e-05, 6.150294186753114e-06], [1.7018636373196793e-05, 0.9997609213485297, 0.00018573520580982247, 3.6324809287225104e-05], [0.9904104318241848, 9.846343236925415e-05, 0.002122076679767519, 0.0073690280636782395], [0.6144621270611784, 0.3469151947206383, 0.001165396477979722, 0.03745728174020362], [0.09692927395825687, 0.5144693684987245, 0.2914196547385884, 0.09718170280443023], [0.4101288990408186, 0.09624325440015885, 0.036835515488149374, 0.4567923310708732], [0.007167557891524108, 0.42082698724017903, 0.22530673348380792, 0.346698721384489], [0.29122383351033715, 0.2548284439331234, 0.45277772806937455, 0.0011699944871647846], [0.7608797783375951, 0.04867985352607829, 0.15143720584397952, 0.03900316229234723], [0.000448876192969834, 0.0001422245660853112, 3.1162735079310153e-07, 0.9994085876135941], [0.000966234982307994, 0.9525214775901242, 0.03955664268874942, 0.006955644738818225], [4.639056558996799e-07, 0.0012018299480872434, 0.9699750803125267, 0.02882262583373015], [0.0011678035734389415, 0.9613556072723942, 0.03713179018459721, 0.0003447989695696895], [0.00419789611346855, 0.7521332173908059, 0.2427901281492241, 0.0008787583465014965], [0.01408779178979446, 0.6416051218509222, 0.0011555139666979168, 0.3431515723925853], [0.0015021722983195936, 0.4198718696161949, 0.2584323691943538, 0.3201935888911318], [0.5567748559036313, 0.0014641869969973685, 6.82592301567084e-05, 0.44169269786921467], [0.0006759293844341488, 0.0006488595032897908, 0.00015259708815492962, 0.9985226140241211], [2.437971955730321e-05, 0.49869498781355326, 0.44413320116121724, 0.05714743130567217], [0.05220329986652311, 0.8123977255213298, 0.0005333355716886844, 0.1348656390404584], [0.07219232569175706, 0.875120263273313, 0.03275788076808763, 0.01992953026684234], [0.37748944566767767, 0.42366152459270146, 1.6492215960636033e-06, 0.19884738051802475], [0.0034840176574877113, 0.9957440711264377, 0.0006924017532751477, 7.950946279929162e-05], [0.0003626255103196893, 0.00330890100136082, 5.720954920486536e-08, 0.9963284162787702], [0.0021631301242415785, 0.9666245272927072, 0.0006137318084957357, 0.030598610774555488], [0.01015576864949528, 0.002086753783304243, 7.606078722747307e-07, 0.9877567169593283], [0.08190885776827395, 0.00020203807198549561, 2.5043270603924726e-05, 0.9178640608891367], [0.0028984441294894353, 0.9955324441266051, 0.0015689810805801425, 1.306633253043651e-07], [0.1650417287307894, 0.7095974860278709, 1.5693912638993348e-06, 0.12535921585007576], [0.00034236753883153684, 0.9971417650305309, 0.0024761733485116166, 3.9694082125911076e-05], [0.028546035490392092, 0.023308780376402834, 0.9465297814188198, 0.0016154027143853087], [0.663818889592312, 0.0020582966372835166, 0.32844218460398883, 0.005680629166415675], [0.20092449644046456, 0.08774183479507429, 0.7092684522466642, 0.0020652165177968513], [0.44215652364546854, 0.20355023674838538, 0.3480441241651086, 0.0062491154410375446], [0.0028045774680853512, 0.5130795697218298, 0.043312780599455376, 0.4408030722106295], [0.4706313396244547, 0.5248301828289907, 0.003012313853470786, 0.001526163693083849], [0.016533566479402493, 0.8359382976761126, 0.07228624136472907, 0.07524189447975595], [0.10509430160776483, 5.3823442827008504e-05, 0.0008902643763545753, 0.8939616105730537], [0.015728616281042614, 0.0357791417937398, 1.1030895376281926e-05, 0.9484812110298413], [0.002794933923310716, 0.2873592660669137, 0.6985653407183717, 0.011280459291403842], [0.004888768551495101, 0.8930996475758142, 0.10110972712541075, 0.0009018567472799156], [0.8905306497385234, 0.033972506726632205, 0.0005574530771740723, 0.0749393904576703], [0.9905884622621887, 0.007942943698811352, 4.645577934789881e-05, 0.001422138259652044], [0.0005739549927813906, 0.9857253839389637, 0.0004619725523173373, 0.013238688515937574], [1.771517926213331e-05, 8.971246044499543e-05, 5.915137838160622e-07, 0.9998919808465091], [0.0006709500006118819, 0.6115986043735001, 0.17033035349641631, 0.2174000921294717], [0.5836762912735577, 0.23168604685511687, 0.010013765297643749, 0.17462389657368166], [0.9979549199040906, 9.953422082963142e-05, 0.0019069019171730555, 3.864395790665159e-05], [0.0003136614571153505, 0.9559861786321203, 0.04343931767353942, 0.000260842237224984], [5.8271708898753275e-05, 0.012698601736972192, 0.0005387006833268467, 0.9867044258708022], [0.001092793417690913, 0.0034021908759748376, 0.5115650807315227, 0.4839399349748116], [0.9211581518942361, 0.0787509803671211, 7.941758847203574e-05, 1.1450150170718895e-05], [0.31064032394157803, 0.1778200306121965, 0.0008526284763584353, 0.5106870169698671], [0.5185714566541173, 5.2334749170093185e-06, 6.405284321129231e-05, 0.4813592570277544], [2.8333398411900735e-05, 0.9748602913178331, 0.024713077052642283, 0.0003982982311125292], [0.5118226367933656, 0.09600827656156738, 0.392153615139131, 1.5471505936034212e-05], [0.00024102741670119885, 0.08021083742602667, 0.00012032574362057433, 0.9194278094136515]]}, "rewritten": {"ids": ["97106970", "97107821", "97107920", "97111790", "97112170", "97116790", "98107410", "98108970", "98110810", "98112300", "98112580", "98116090", "98117740", "99107950", "99108460", "99108520", "99109141", "99109161", "99109740", "99109910", "99111620", "99117630", "99117740", "100107920", "100108080", "100109890", "100111080", "100111390", "100112060", "100120010", "101108621", "101109120", "101110740", "101111310", "101111990", "102108621", "102109910", "102110690", "102112301", "102114270", "102116340", "103111110", "103112470", "103120730", "104111531", "104111830", "104113000", "104113190", "104113550", "104117630", "105110251", "105111990", "105112260", "105113210", "105115380", "105116650", "105117200", "105120280", "105121190", "106113260", "106113360", "106115250", "106116850", "106120640", "106121220", "107113200", "107113550", "107113840", "107114490", "107114950", "107116340", "107117010", "107118120", "107119390", "107119950", "107120130", "107120880", "108113740", "108116120", "108116501", "108117720", "108118810", "108120060", "108121160", "108121351", "108121410", "109113881", "109117431", "109118701", "109119010", "109119450", "109119460", "109119591", "109121351", "110114321", "110115140", "110115890", "110118630", "110118930", "110119891", "110120540", "110121140", "111114321", "111114941", "111115400", "111115770", "111115780", "111116040", "111116100", "111116290", "111116530", "111116990", "111118810", "111119430", "111119610", "111120280", "111120540", "111120591", "112116540", "112116850", "112117210", "112117471", "112118161", "112118421", "112118820", "112118890", "112120540", "112120640", "113117401", "113118870", "113119300", "113119320", "113119480", "113119700", "113120601", "113121220", "113121680", "113122150", "113122230", "113122430", "113122510", "113122650"], "labels": [2, 2, 0, 2, 0, 2, 3, 3, 1, 2, 2, 0, 2, 1, 0, 2, 3, 3, 3, 2, 3, 3, 2, 0, 0, 3, 0, 2, 2, 0, 0, 1, 3, 3, 2, 3, 2, 0, 1, 3, 3, 3, 1, 1, 0, 3, 1, 3, 1, 0, 0, 2, 3, 3, 1, 1, 3, 3, 2, 3, 0, 2, 3, 3, 1, 0, 0, 3, 3, 3, 3, 1, 3, 2, 3, 2, 1, 3, 1, 0, 1, 1, 1, 2, 3, 0, 0, 1, 3, 3, 3, 1, 0, 0, 1, 0, 2, 1, 1, 3, 1, 3, 1, 0, 0, 3, 1, 0, 3, 2, 3, 0, 0, 3, 2, 0, 1, 1, 1, 0, 1, 3, 0, 3, 0, 3, 3, 0, 3, 0, 1, 1, 3, 0, 2, 3, 1, 2, 1, 2, 2, 2], "predicted_labels": [1, 0, 3, 3, 0, 1, 0, 1, 1, 3, 3, 1, 1, 3, 3, 0, 0, 0, 1, 0, 3, 1, 1, 3, 1, 0, 1, 3, 1, 1, 3, 1, 1, 0, 0, 0, 0, 3, 0, 1, 0, 3, 0, 1, 3, 2, 0, 0, 2, 0, 1, 0, 0, 3, 1, 1, 0, 2, 3, 1, 0, 0, 0, 1, 0, 0, 0, 1, 2, 3, 1, 2, 3, 0, 3, 0, 0, 0, 0, 2, 3, 3, 1, 1, 3, 0, 1, 1, 3, 1, 3, 3, 2, 3, 0, 3, 1, 2, 1, 1, 2, 3, 2, 0, 0, 0, 3, 0, 3, 1, 0, 0, 1, 2, 2, 3, 1, 3, 0, 0, 0, 1, 3, 3, 0, 0, 1, 1, 0, 1, 3, 0, 0, 2, 0, 3, 1, 2, 2, 1, 0, 1], "confidence_scores": [[0.002459193763991134, 0.6702226726149638, 0.013139846452966189, 0.314178287168079], [0.9967694758137411, 0.0031267790869886013, 8.015235567726211e-05, 2.3592743593128526e-05], [0.044465402780938065, 0.1348149066540344, 0.04065301926216138, 0.7800666713028661], [0.02391995071796878, 0.002863010316298141, 1.4172551548426393e-05, 0.9732028664141846], [0.7998527208460646, 0.19030883585957575, 0.00011861858109203363, 0.009719824713267551], [0.004383654401534578, 0.9570892761038912, 0.03149001403512486, 0.007037055459449256], [0.9988071819594997, 0.0002730750805528258, 0.00038792850752937004, 0.0005318144524179524], [0.0026595648247224753, 0.9765606472999699, 0.02077899518000959, 7.92695297742544e-07], [5.251716326006676e-05, 0.9998680756401839, 1.4834871066862755e-05, 6.457232548933964e-05], [0.45697785366334087, 0.0030897161415286145, 9.249494785241243e-05, 0.5398399352472781], [0.008804849074001133, 0.005030157494557847, 0.06796591977152934, 0.9181990736599116], [0.028369643224057748, 0.9692141760218688, 0.00239111489512974, 2.506585894372951e-05], [0.009952210641905027, 0.5265601269411405, 0.06478802927195607, 0.3986996331449984], [0.00019599697516056738, 0.1101397811533896, 0.1387682211789273, 0.7508960006925226], [1.3065699848545131e-05, 6.523707716794416e-07, 1.373036829774093e-07, 0.9999861446256969], [0.9501303438731191, 0.0009473367671375248, 0.04761729714010984, 0.001305022219633692], [0.7260412774224144, 0.2726610670551677, 0.0008096992948158313, 0.0004879562276020608], [0.9998897199343267, 1.687369422913595e-05, 5.081755393934782e-07, 9.289819590467846e-05], [0.004324671119823002, 0.9746012891824655, 0.013364797904172694, 0.00770924179353876], [0.9872589148520977, 0.00023404129463187921, 0.012499446557013499, 7.597296256816052e-06], [0.0007185749752194047, 0.24591698841134868, 0.00037971497147574454, 0.7529847216419562], [0.0003044099608295978, 0.9996519569412691, 1.560921324465834e-06, 4.207217657678036e-05], [0.31215655531073666, 0.6650197128002666, 0.014599386709957713, 0.008224345179038821], [0.31709621885020683, 0.00020944967156652928, 0.0011424854335457073, 0.6815518460446809], [1.4953480831531345e-05, 0.9985230787419106, 0.0014556735523769432, 6.294224881022624e-06], [0.5861524528812647, 0.017906969550406594, 0.005775936623058717, 0.39016464094526987], [0.0036514226018362884, 0.9916657714083179, 0.00436189529230352, 0.0003209106975424977], [0.1374394520637926, 0.17760965110732468, 0.04752390123244898, 0.6374269955964337], [0.06329176755020859, 0.9027113933979504, 0.0052608393790205404, 0.02873599967282035], [0.22160991323633722, 0.5139242938359678, 0.2627566737535106, 0.0017091191741844562], [0.10374842733017266, 0.0007239367553623082, 2.1877853869824644e-06, 0.895525448129078], [0.17441047540969457, 0.665774155730386, 0.0026179109052957747, 0.1571974579546238], [0.003050031126086561, 0.968431549781637, 0.02818463066240526, 0.00033378842987120017], [0.9986708981539126, 0.0012654349162053167, 6.36546476014949e-05, 1.2282280479510057e-08], [0.47515342707106695, 0.001957010459517089, 0.18479885441784744, 0.3380907080515685], [0.5233032146692158, 0.03641385503278723, 0.031926832932044416, 0.4083560973659526], [0.5095418313947491, 0.036873800846475076, 0.07672516424821518, 0.3768592035105605], [0.11646270048049685, 0.01333451340661811, 1.5551197843259446e-05, 0.8701872349150418], [0.9998644776148005, 7.6057960440865e-05, 5.367795054159438e-05, 5.786474217179482e-06], [0.27751101554351115, 0.5235862223774658, 0.0064362280072236345, 0.1924665340717994], [0.9860206025945724, 0.008967679217893687, 0.00012761893466958728, 0.0048840992528643105], [0.014904157646890119, 0.0023570041313007504, 0.003187013508559622, 0.9795518247132494], [0.5849147575623125, 0.14022281990450922, 0.09779554957294412, 0.17706687296023407], [0.326264854563259, 0.6737194834444167, 1.773821597796329e-06, 1.38881707264832e-05], [0.1631225778229695, 0.015771878533041583, 0.05266930244262783, 0.7684362412013611], [0.018042701143675056, 4.54263657020651e-05, 0.7296299177030781, 0.2522819547875449], [0.7161260086733625, 1.092517379282251e-05, 0.00023316309409139298, 0.28362990305875335], [0.9444304502209313, 0.0010565124882886776, 0.0008260775052402041, 0.0536869597855398], [0.011820933167317702, 0.019034211608596932, 0.7107054495277666, 0.2584394056963188], [0.9932112860169748, 0.003333651790986151, 5.6924314139116584e-06, 0.0034493697606253473], [0.02135168544616164, 0.8711836746455272, 0.09535136451926582, 0.01211327538904525], [0.999640530355502, 0.0003269912328447591, 1.451688554584602e-08, 3.246389476772998e-05], [0.521192414724029, 0.1321364738884302, 0.3466203253237452, 5.078606379569497e-05], [0.0005419080073691861, 0.0009149452111499739, 1.4244366229988733e-06, 0.9985417223448578], [0.08337723247317405, 0.9066949548694911, 0.004458595778345587, 0.005469216878989145], [0.004101848247406682, 0.9670940368666987, 0.02115437572422643, 0.0076497391616681815], [0.9468940065987954, 0.051378716914157886, 5.2964675170585364e-05, 0.001674311811876163], [0.001335963425521423, 0.0012511307837584876, 0.5963704390147475, 0.40104246677597244], [5.417176437717853e-06, 0.008522651685314362, 0.005918748153626136, 0.9855531829846217], [0.00196911551976653, 0.9976312199355862, 3.736585835968675e-06, 0.0003959279588112976], [0.9891703806614829, 0.000594166609017335, 0.010221730081487319, 1.3722648012400987e-05], [0.561197913708768, 0.4190332224650579, 0.01976580332530564, 3.0605008682777086e-06], [0.976708733240619, 0.000972176085105497, 0.009117026452922602, 0.013202064221353022], [0.00029089323947683254, 0.9997082780796738, 7.852342372940575e-07, 4.344661211970911e-08], [0.8882864507182144, 0.0001339385249528808, 0.006452873870900724, 0.10512673688593199], [0.9369162822257012, 2.191915759163107e-08, 3.488664100371424e-05, 0.06304880921413739], [0.7564683180458363, 0.010397114318826822, 0.23266080564436245, 0.00047376199097441397], [0.00035404526984140024, 0.9693067735381639, 0.00537746126893136, 0.024961719923063348], [0.3236731043193004, 0.28983200639382845, 0.3539741061960506, 0.03252078309082064], [1.6112214876466333e-06, 0.0001829976678160865, 3.0255118325366723e-06, 0.9998123655988637], [0.17307726599559115, 0.7167136237955573, 0.005466781786433724, 0.10474232842241792], [5.6754156546905924e-05, 2.599772847509211e-05, 0.9951360000408375, 0.004781248074140662], [0.02016456558689155, 1.010093936295801e-05, 7.405017468096052e-05, 0.9797512832990646], [0.6845101080671728, 0.00219914583287201, 0.07318543691098339, 0.24010530918897194], [6.661429841633744e-05, 2.756728373565219e-05, 8.72092959254559e-05, 0.9998186091219224], [0.9779298966082619, 0.000924535922125546, 0.011574722123656195, 0.00957084534595653], [0.9908779260903963, 0.0006937009665740538, 0.008268382634828784, 0.0001599903082009531], [0.9717801760313219, 4.280365889811421e-05, 0.025203788067625077, 0.002973232242154907], [0.9988404127524315, 9.9131074219749e-06, 2.6752735304879384e-05, 0.001122921404841443], [0.4054153470130024, 0.001127647786253323, 0.47122059063811095, 0.1222364145626332], [0.0012967904620907324, 0.006979094311616266, 0.000196731246660821, 0.9915273839796322], [1.3917198147645268e-07, 4.339340747602499e-09, 6.410081774075792e-11, 0.9999998564245769], [0.1380626996763107, 0.7056455878490531, 0.1369385197214491, 0.0193531927531871], [0.22027340144155852, 0.680658532280486, 0.0036387219009119576, 0.09542934437704365], [1.1658806285586349e-05, 0.00020383705486543593, 1.8136454975891676e-05, 0.9997663676838732], [0.9051644328060684, 0.09441187002563478, 0.0002236997684410247, 0.00019999739985561665], [0.01402668978825861, 0.985096013489536, 0.0006221528436286503, 0.00025514387857658794], [0.13113026486864238, 0.5776830438691986, 0.1127702948698012, 0.1784163963923579], [0.40571648447654785, 3.200293713348127e-06, 0.0011147002325822197, 0.5931656149971566], [0.019345617322959644, 0.7181685741014031, 0.22750546166079097, 0.034980346914846215], [0.00014968720273043047, 0.001133989560420175, 0.4305818241797053, 0.568134499057144], [0.0007518118585671276, 0.005647552376582945, 0.00014320138825313917, 0.9934574343765968], [0.11277965876867879, 0.020963668620947735, 0.7830675751304463, 0.08318909747992721], [0.01643087203929242, 0.0016173099305450522, 6.184319323064234e-06, 0.9819456337108395], [0.9995268020050863, 0.00011066989414973186, 5.527496226830013e-06, 0.00035700060453700645], [3.2409869021948946e-05, 0.0006539240250648729, 0.00012455926314917338, 0.9991891068427641], [0.12283059138013074, 0.7306168510754858, 0.14162019815127325, 0.004932359393110171], [0.03646104332418856, 0.1528783131290307, 0.4670069170269968, 0.343653726519784], [5.107789913249352e-05, 0.9997857709822446, 1.870068501325451e-05, 0.00014445043360957174], [0.014138161085535412, 0.7921570529960487, 0.025585002624935953, 0.16811978329348004], [0.10881466096301212, 0.023517908403514615, 0.8237362404686065, 0.04393119016486681], [0.01407714094919508, 0.0030367254258457845, 0.03146075629540412, 0.9514253773295551], [0.0005955585931974611, 0.20707422784302362, 0.7923298562144745, 3.573493043212473e-07], [0.9776921726618769, 1.1599837937578074e-05, 0.00019383544329451392, 0.022102392056891136], [0.999526846755497, 3.3464081946600374e-05, 0.00040588374289496717, 3.380541966156519e-05], [0.5676499737576374, 0.036044249588931786, 0.19640665805082155, 0.19989911860260937], [0.010084904048031078, 0.29704254276878594, 0.0011026599815055303, 0.6917698932016774], [0.9455691823074887, 0.000591774580222711, 0.009113192587985403, 0.04472585052430345], [0.030812231544872122, 0.09786844430480542, 0.0018091900906577747, 0.8695101340596647], [0.4302788121838575, 0.5538283730794532, 0.009089193709488769, 0.006803621027200568], [0.9864228298944459, 0.01351729297255738, 5.980787774165329e-05, 6.925525518816729e-08], [0.9756909552733634, 3.5262108206738175e-05, 0.0004715789314502268, 0.023802203686979852], [0.3940367153974716, 0.5307564117685634, 0.005157953699801102, 0.0700489191341638], [4.256712380588672e-05, 0.0957828034130358, 0.857081823081121, 0.04709280638203728], [0.00013636853397171154, 0.24945407669811304, 0.750172861294136, 0.00023669347377919356], [0.00014672527579224335, 4.745185722320249e-06, 4.3104961300999606e-07, 0.9998480984888723], [0.04096743186776074, 0.622694020095998, 0.3339969737272206, 0.0023415743090207893], [0.008212156645817582, 0.001198563823777284, 1.0164926287743409e-06, 0.9905882630377764], [0.8256592011123115, 0.1676130711814207, 0.00011410629633693734, 0.006613621409931044], [0.9950526679250865, 0.0008150329362262421, 0.00016946939699089892, 0.003962829741696202], [0.7489635895780038, 0.03615468189139929, 0.21452489928022958, 0.00035682925036716235], [0.0008422327277591282, 0.4789286802217415, 0.05205793287415918, 0.46817115417634014], [0.3375905243021406, 0.05055242263485775, 0.014317087058891727, 0.5975399660041099], [0.004743183508630111, 0.0007331468751278747, 0.0027410366731074657, 0.9917826329431345], [0.7217445215916499, 0.004055626445838563, 8.046838439509924e-06, 0.2741918051240719], [0.8688615594759945, 0.000610960039148948, 1.8331806785422932e-06, 0.1305256473041781], [0.09028539355027754, 0.5086977884733676, 0.0006131482472247263, 0.4004036697291302], [0.06924499852918568, 0.6811556492133174, 0.23640089837942127, 0.013198453878075429], [0.9981100374445493, 4.00996490746767e-05, 0.0018265806400128693, 2.328226636310574e-05], [0.3653677035730076, 0.5217223202241209, 0.009695283177548593, 0.10321469302532307], [0.00016726029967275682, 1.3673655718383448e-05, 4.113166242033892e-06, 0.9998149528783667], [0.9981516026321233, 6.576787904075101e-06, 0.001037716169010429, 0.0008041044109623444], [0.9669195431524931, 0.0009801908824744255, 2.7239766327870155e-09, 0.03210026324105598], [0.006673987378671469, 0.012887971100753919, 0.9800132404636522, 0.00042480105692237213], [0.6984584618927135, 0.24484341647928565, 0.048738987077839475, 0.007959134550161374], [5.715221130484723e-07, 2.478990558329556e-08, 7.1686451592422526e-06, 0.9999922350428222], [0.0016679923747095957, 0.6409751289945498, 0.34906689666464413, 0.008289981966096534], [0.0006189329384349064, 0.0006440438268967164, 0.9225526339201059, 0.07618438931456249], [0.12961715549270603, 0.16313166694566877, 0.7058586891758432, 0.0013924883857820468], [5.489380679948365e-05, 0.9948433251793282, 0.0007432814355131535, 0.004358499578359028], [0.6809412262789926, 0.0001905853110890928, 0.3188677526667357, 4.3574318261005654e-07], [0.02212612694747408, 0.9535904603517659, 0.020210467157574345, 0.004072945543185649]]}}