{"test": {"ids": ["99109860", "109115211", "104112470", "101115190", "97105960", "101108080", "108115070", "100108490", "105118171", "109114651", "98109090", "97106591", "99111000", "110113931", "102113350", "98110680", "111119610", "113118690", "111120531", "107118520", "113118630", "112121351", "113122230", "106119990", "107118820", "105117351", "100107920", "113118810", "105113620", "101112160", "99109141", "108120060", "112121430", "106119580", "105117431", "110116290", "111118820", "113119480", "110117870", "97108520", "109120621", "97116410", "102113981", "102121440", "112116290", "109116750", "100111270", "113121810", "112120540", "103113610", "113121750", "99119830", "111116040", "100111380", "97111790", "105116650", "107121700", "104119290", "106118301", "108116120", "101116130", "111116170", "102109850", "97118210", "106117770", "103112641", "104112201", "112120990", "112119450", "106113260", "102111990", "112118161", "112117431", "112119120", "109117630", "113118490", "113120260", "112118550", "107114280", "97110950", "99110730", "106116370", "97116500", "107113170", "107115140", "110120640", "109119591", "111114321", "102116340", "98108410", "110115890", "109119450", "112121360", "110120531", "106116640", "105115680", "112116800", "99107660", "108118630", "113120751", "98109570", "105116441", "100111390", "101119591", "106114280", "109113881", "99107560", "102121700", "97105580", "104111780", "104114240", "105112240", "103110760", "102112301", "110114651", "102109840", "100109311", "109118161", "101108950", "105116860", "109118231", "109117600", "108120260", "99114890", "109114720", "110117140", "105119550", "106111321", "102113210", "99108710", "98110710", "99109740", "99112300", "112119580", "97106600", "98111670", "106114011", "108121351", "105113210", "107114621", "111119290", "113118870"], "labels": [2, 0, 1, 1, 2, 0, 1, 2, 3, 3, 1, 1, 2, 1, 3, 2, 2, 3, 0, 2, 3, 0, 1, 0, 3, 0, 0, 3, 0, 3, 3, 1, 2, 3, 1, 2, 0, 3, 3, 2, 1, 3, 1, 2, 0, 0, 2, 2, 3, 2, 0, 1, 0, 3, 2, 1, 3, 1, 1, 1, 2, 0, 1, 2, 0, 3, 0, 2, 3, 3, 2, 0, 0, 1, 0, 1, 3, 3, 3, 3, 3, 2, 2, 0, 0, 0, 0, 1, 3, 1, 2, 3, 3, 0, 3, 2, 0, 3, 1, 1, 1, 1, 2, 0, 3, 0, 1, 1, 1, 3, 0, 1, 1, 1, 3, 2, 1, 0, 2, 2, 1, 1, 1, 2, 0, 3, 1, 0, 3, 2, 2, 3, 0, 3, 3, 1, 1, 3, 3, 0, 3, 0], "predicted_labels": [1, 3, 3, 1, 3, 0, 0, 0, 3, 0, 1, 3, 2, 3, 3, 2, 2, 1, 3, 1, 1, 0, 1, 3, 3, 0, 3, 1, 1, 3, 0, 0, 1, 1, 1, 2, 0, 3, 3, 3, 0, 3, 1, 1, 3, 0, 1, 2, 1, 0, 1, 1, 0, 0, 3, 3, 1, 1, 3, 0, 3, 3, 1, 3, 1, 3, 0, 1, 3, 1, 0, 3, 0, 3, 1, 0, 2, 3, 1, 0, 1, 0, 0, 3, 3, 2, 1, 1, 3, 1, 3, 3, 0, 0, 3, 1, 1, 2, 3, 3, 3, 1, 3, 0, 1, 3, 1, 1, 0, 1, 0, 1, 1, 2, 1, 1, 3, 1, 3, 0, 1, 0, 0, 1, 1, 3, 0, 0, 3, 1, 1, 1, 3, 3, 2, 2, 0, 3, 3, 3, 2, 1], "confidence_scores": [[0.20815823558610105, 0.30898730913191436, 0.23155639429344882, 0.2512980609885358], [0.22614830158962207, 0.30887337855575286, 0.14404372644106475, 0.32093459341356056], [0.18060686690372313, 0.29811238038891874, 0.21031642382127783, 0.3109643288860804], [0.1352116764090241, 0.33260887494588104, 0.2495104808847899, 0.28266896776030487], [0.20311320596809976, 0.281614606674161, 0.23170207819159694, 0.2835701091661423], [0.31314136897008726, 0.27529218362539554, 0.10390595939586429, 0.3076604880086531], [0.3281021219282404, 0.2677772854145011, 0.14061511853413144, 0.26350547412312747], [0.28039016168769365, 0.2667374480481608, 0.19453669486779854, 0.258335695396347], [0.2666804826672475, 0.2792994460542321, 0.14726228373320366, 0.306757787545317], [0.3611271170706478, 0.22816525575461075, 0.11400132687134014, 0.2967063003034013], [0.19803303922192442, 0.2972847613687351, 0.22788183981386131, 0.276800359595479], [0.20177736896869655, 0.2777122737976396, 0.24898144093462202, 0.2715289162990419], [0.10360729650745282, 0.3380287173767214, 0.33885259785115424, 0.21951138826467195], [0.23856367852859417, 0.3169330613468147, 0.11785185850264025, 0.3266514016219509], [0.23947834364404114, 0.2745015399829801, 0.2145944162573297, 0.271425700115649], [0.19899292904669044, 0.3040369888248549, 0.31588262804917194, 0.1810874540792825], [0.13709536883785253, 0.32245390041974714, 0.3422403887587012, 0.19821034198369938], [0.220311158127244, 0.3121514332630481, 0.23026010482618492, 0.23727730378352255], [0.22647153111280224, 0.3013456070576527, 0.1640182592332523, 0.30816460259629286], [0.19481608381170162, 0.29797694038797273, 0.238686458049247, 0.2685205177510784], [0.19380246234533297, 0.29914139179375254, 0.2535847755249289, 0.25347137033598566], [0.3291312703227757, 0.2665530485090902, 0.08605185285446951, 0.31826382831366473], [0.16885948420564395, 0.312727365986719, 0.2789468290477722, 0.2394663207598648], [0.23232681445468725, 0.3017847636879519, 0.14865709405118824, 0.3172313278061727], [0.24219331027273322, 0.2735375104264556, 0.1955084613182511, 0.2887607179825596], [0.3350872541283145, 0.2559353613434238, 0.1098979398855698, 0.29907944464269204], [0.26042840232648007, 0.2883821466302472, 0.13227426631000416, 0.31891518473326885], [0.23832722421491925, 0.30373219000151713, 0.14964748272219652, 0.30829310306136687], [0.2219979753520888, 0.30025088879882755, 0.1904201243792966, 0.287331011469787], [0.13676177939426867, 0.30482230407147465, 0.27030200399971427, 0.2881139125345422], [0.30319720036419995, 0.26384481323060754, 0.14642585800988672, 0.28653212839530584], [0.2546445723647297, 0.26914946419658264, 0.22744553470677353, 0.24876042873191437], [0.2886834445389173, 0.28650942217654707, 0.13590664103524042, 0.28890049224929537], [0.23974396546818424, 0.2820466067290971, 0.2120502519539526, 0.26615917584876614], [0.15928319134111066, 0.3254595956728866, 0.23914326041934217, 0.27611395256666055], [0.1716222019709005, 0.28314484380530225, 0.31081049585280035, 0.23442245837099693], [0.37350385642494127, 0.2336280076304455, 0.0962914794979465, 0.296576656446667], [0.3375821312977559, 0.25198988196140043, 0.08841784677341176, 0.32201013996743194], [0.17696341786721698, 0.3162315117729519, 0.21173496996026442, 0.2950701003995667], [0.25095693281509235, 0.2869903617902122, 0.16479910487103772, 0.29725360052365746], [0.29708665923288263, 0.2840408335653633, 0.12271532610114096, 0.296157181100613], [0.24855750353516706, 0.2898250161969726, 0.15830886209535244, 0.3033086181725082], [0.2429152064850532, 0.3085828580340678, 0.16364942604788532, 0.2848525094329935], [0.2390898255719368, 0.3057938152982584, 0.14427250712044287, 0.310843852009362], [0.27921335552337034, 0.29316693136349253, 0.10412623985777439, 0.3234934732553628], [0.30580838509393127, 0.2810687479499248, 0.11413256949043767, 0.29899029746570654], [0.13878388822877952, 0.33017405813004347, 0.2791136682040031, 0.2519283854371741], [0.14747135154654817, 0.31293641616950296, 0.3272565390811258, 0.21233569320282306], [0.2655851529165979, 0.300406014810144, 0.13298992467168091, 0.301018907601577], [0.29058566270212816, 0.2775775831572147, 0.1432994697451142, 0.28853728439554294], [0.29529521652096896, 0.2976752205543151, 0.09713139900925834, 0.3098981639154576], [0.1643548907410161, 0.3145768410856957, 0.24037449833264285, 0.2806937698406451], [0.32993036571294904, 0.26742037827117804, 0.11773503235922263, 0.2849142236566503], [0.30167703814202135, 0.2864057877950223, 0.10089820486813443, 0.31101896919482197], [0.2849517431681325, 0.2754212132941069, 0.13409349931550715, 0.3055335442222533], [0.1907869575551989, 0.2918520175626102, 0.2414271988015386, 0.27593382608065237], [0.21659883610844122, 0.30733876841861035, 0.18945858899398538, 0.28660380647896316], [0.17727629657331243, 0.31646912415267636, 0.20450634238929338, 0.30174823688471775], [0.2997827621921753, 0.27563812248266967, 0.11291254979013554, 0.31166656553501954], [0.3326127348218642, 0.2508102727263998, 0.1540589415153349, 0.26251805093640124], [0.20980730178016002, 0.2763259846768826, 0.24749833945674332, 0.26636837408621417], [0.26873190997215685, 0.30560065462541963, 0.10100173551602924, 0.32466569988639415], [0.17866572615150164, 0.30444967705198395, 0.26992984070977916, 0.24695475608673514], [0.2700165177830005, 0.2732449657894364, 0.17499628544928575, 0.2817422309782771], [0.1771205403779957, 0.3025505242448984, 0.26543415235315876, 0.25489478302394697], [0.20151270683919678, 0.28911167622105716, 0.21730989983656093, 0.2920657171031855], [0.36048387832557083, 0.2556762669460373, 0.0808446928071336, 0.3029951619212583], [0.2034423389719644, 0.32477795870611975, 0.15592879055068273, 0.31585091177123337], [0.28813549916748243, 0.27912108615083964, 0.11574067616309522, 0.3170027385185828], [0.2966923311787379, 0.3005354050895695, 0.12793949997412749, 0.27483276375756555], [0.33919561141951177, 0.2356075534891225, 0.15237976880942805, 0.2728170662819378], [0.2711996206448959, 0.288797187782067, 0.13087144233604367, 0.30913174923699355], [0.3407904079168998, 0.2630918344868395, 0.1209151395258104, 0.27520261807044993], [0.2906886512751618, 0.2548589342757876, 0.17007141193223524, 0.28438100251681553], [0.28374404089143207, 0.2878150084369419, 0.162665861738626, 0.2657750889329999], [0.31625280604660916, 0.252014204011391, 0.1513264806533472, 0.2804065092886526], [0.17058756395756974, 0.2946128403215985, 0.2930436216361755, 0.24175597408465668], [0.2944732812062854, 0.2647637916161873, 0.13435308699816595, 0.3064098401793615], [0.2897208870236438, 0.30253136190000335, 0.12366508881639038, 0.28408266225996254], [0.2917767568609149, 0.2692646602976906, 0.16117315720038744, 0.277785425641007], [0.17563765663521635, 0.30931617077973717, 0.2431787212310838, 0.2718674513539624], [0.30220839386481285, 0.2475360332338602, 0.1773026057360431, 0.2729529671652839], [0.2631478730340461, 0.2737590056153727, 0.22917598759412808, 0.23391713375645323], [0.2636092833168756, 0.29653064042793925, 0.1252936413401505, 0.31456643491503483], [0.28928872434450886, 0.24819043879544808, 0.1392822060331461, 0.32323863082689686], [0.19703461794296268, 0.2988438035438558, 0.27205018710590434, 0.23207139140727714], [0.23349608711476844, 0.2904233449865901, 0.21494342957517398, 0.2611371383234672], [0.2243664352691506, 0.30501548790341826, 0.2154100625143544, 0.25520801431307644], [0.1437169580914239, 0.32056063047115496, 0.24828597403614586, 0.2874364374012752], [0.27575724687797365, 0.2869757152763046, 0.1492550143718046, 0.2880120234739175], [0.1797180222917508, 0.3366087237417543, 0.1408849429675178, 0.3427883109989769], [0.1299385000033306, 0.3223213913676535, 0.2550876917489103, 0.2926524168801056], [0.3309409305174495, 0.26713568447490627, 0.11450272584204407, 0.28742065916560006], [0.3144709916669883, 0.26487782624028294, 0.11699781187961442, 0.30365337021311445], [0.23652849933877082, 0.26908170503920636, 0.2045764408364946, 0.2898133547855282], [0.12360874258391549, 0.32931459218720294, 0.2931622478478484, 0.2539144173810334], [0.27671542206507527, 0.2868962591401059, 0.12632624875276421, 0.3100620700420543], [0.20469760601234724, 0.2673582145492819, 0.3117164646451741, 0.21622771479319702], [0.15924565932602747, 0.3261649628100817, 0.19460053338710515, 0.3199888444767857], [0.2301890827740602, 0.2939902503180249, 0.17305315604985427, 0.30276751085806064], [0.3011299656997127, 0.2623195727317163, 0.1144826878087422, 0.3220677737598287], [0.20450833525739345, 0.3073451418845191, 0.19415047980521355, 0.29399604305287425], [0.2892903360000537, 0.27661846255321254, 0.12600928597008473, 0.3080819154766489], [0.3732510189800972, 0.2367214867957213, 0.08611872676425962, 0.3039087674599218], [0.25371350392856046, 0.3007767689284772, 0.13768175810132613, 0.3078279690416364], [0.23449708846501657, 0.29767796162002663, 0.1665643586716471, 0.3012605912433097], [0.25617602135133904, 0.3015099704080101, 0.13533793454329, 0.3069760736973607], [0.26913575642281473, 0.30032341662275813, 0.13413966230714977, 0.2964011646472778], [0.2928545148962768, 0.2642916639718231, 0.1800471692233533, 0.2628066519085468], [0.2940515703960368, 0.29177197821023554, 0.1000933933161848, 0.3140830580775431], [0.2788219687478356, 0.273314618895951, 0.17351063157938273, 0.2743527807768305], [0.2557562251801097, 0.29158347903378184, 0.16949008757046202, 0.2831702082156464], [0.27070932786393653, 0.2881851944813161, 0.13582787082376632, 0.3052776068309806], [0.21654995233265537, 0.28190567671262834, 0.24453590851668847, 0.25700846243802794], [0.23078931644018696, 0.3092399024968604, 0.15863188176327317, 0.30133889929967955], [0.19957091521765208, 0.2967818919891717, 0.23803384206593997, 0.2656133507272361], [0.2791459401291576, 0.27118964273098456, 0.1434117669888176, 0.3062526501510402], [0.28274612467965604, 0.28865485982897104, 0.13043783309457435, 0.29816118239679856], [0.18229669978649982, 0.2889239992969122, 0.23407513545596337, 0.2947041654606247], [0.28340696974481744, 0.27827570954833114, 0.14558691756390874, 0.2927304031429427], [0.24367596447945872, 0.30450053874065725, 0.14433054783820704, 0.3074929489416771], [0.2837196681162559, 0.28121632458573176, 0.1567743935703221, 0.2782896137276901], [0.29542199275338493, 0.27724792919679203, 0.14346084968059952, 0.2838692283692235], [0.1509922954965873, 0.31682704864771283, 0.2544343712801217, 0.27774628457557815], [0.09526751407041463, 0.34228532393277616, 0.2869395819063904, 0.27550758009041837], [0.2009337631991537, 0.32285262401144965, 0.14734255191449602, 0.328871060874901], [0.2998975496922368, 0.28131906975489945, 0.12939444755364649, 0.2893889329992168], [0.3252925647922307, 0.2574191659569629, 0.13698489838774955, 0.28030337086305707], [0.25519143764712754, 0.27461578716403656, 0.17606757491775937, 0.2941252002710767], [0.20741222177423624, 0.3120483928048183, 0.20153550438037526, 0.2790038810405703], [0.1945511686874862, 0.3046222878809823, 0.24640562670825983, 0.25442091672327194], [0.16042240495026025, 0.300577761846986, 0.2751918053051673, 0.26380802789758645], [0.16748525247578777, 0.30172317663643317, 0.254611705561661, 0.27617986532611816], [0.23138902253563431, 0.28777622513645196, 0.16943449356920626, 0.3114002587587075], [0.19987244436647714, 0.28309367712221795, 0.28064579358373354, 0.23638808492757155], [0.2261732187618191, 0.27286998465277224, 0.24024435195161312, 0.2607124446337956], [0.3077815878676268, 0.27804219185421714, 0.14413290586994582, 0.27004331440821017], [0.2727855784153512, 0.2822459332260741, 0.13936711228102588, 0.3056013760775487], [0.28410715366940453, 0.28179403972366746, 0.1025886709711287, 0.33151013563579934], [0.24594870940533176, 0.29876201190037566, 0.1415188028404777, 0.3137704758538151], [0.13351505455555093, 0.3124488625485813, 0.2841632729574884, 0.2698728099383793], [0.2238430775534495, 0.31435035324975197, 0.17538236265245435, 0.28642420654434414]]}, "rewritten": {"ids": ["97105580", "97105960", "97106591", "97106600", "97108520", "97110950", "97111790", "97116410", "97116500", "97118210", "98108410", "98109090", "98109570", "98110680", "98110710", "98111670", "99107560", "99107660", "99108710", "99109141", "99109740", "99109860", "99110730", "99111000", "99112300", "99114890", "99119830", "100107920", "100108490", "100109311", "100111270", "100111380", "100111390", "101108080", "101108950", "101112160", "101115190", "101116130", "101119591", "102109840", "102109850", "102111990", "102112301", "102113210", "102113350", "102113981", "102116340", "102121440", "102121700", "103110760", "103112641", "103113610", "104111780", "104112201", "104112470", "104114240", "104119290", "105112240", "105113210", "105113620", "105115680", "105116441", "105116650", "105116860", "105117351", "105117431", "105118171", "105119550", "106111321", "106113260", "106114011", "106114280", "106116370", "106116640", "106117770", "106118301", "106119580", "106119990", "107113170", "107114280", "107114621", "107115140", "107118520", "107118820", "107121700", "108115070", "108116120", "108118630", "108120060", "108120260", "108121351", "109113881", "109114651", "109114720", "109115211", "109116750", "109117600", "109117630", "109118161", "109118231", "109119450", "109119591", "109120621", "110113931", "110114651", "110115890", "110116290", "110117140", "110117870", "110120531", "110120640", "111114321", "111116040", "111116170", "111118820", "111119290", "111119610", "111120531", "112116290", "112116800", "112117431", "112118161", "112118550", "112119120", "112119450", "112119580", "112120540", "112120990", "112121351", "112121360", "112121430", "113118490", "113118630", "113118690", "113118810", "113118870", "113119480", "113120260", "113120751", "113121750", "113121810", "113122230"], "labels": [1, 2, 1, 3, 2, 3, 2, 3, 2, 2, 1, 1, 1, 2, 2, 1, 1, 3, 2, 3, 3, 2, 3, 2, 0, 2, 1, 0, 2, 1, 2, 3, 2, 0, 2, 3, 1, 2, 0, 2, 1, 2, 1, 3, 3, 1, 3, 2, 1, 1, 3, 2, 3, 0, 1, 0, 1, 1, 3, 0, 2, 1, 1, 2, 0, 1, 3, 1, 0, 3, 1, 3, 2, 3, 0, 1, 3, 0, 0, 3, 0, 0, 2, 3, 3, 1, 1, 1, 1, 1, 3, 0, 3, 0, 0, 0, 1, 0, 0, 1, 3, 0, 1, 1, 3, 2, 2, 3, 3, 0, 0, 1, 0, 0, 0, 3, 2, 0, 0, 0, 0, 0, 3, 1, 3, 3, 3, 2, 0, 3, 2, 1, 3, 3, 3, 0, 3, 3, 1, 0, 2, 1], "predicted_labels": [0, 3, 2, 2, 1, 3, 3, 1, 0, 2, 0, 1, 3, 2, 1, 3, 1, 2, 1, 0, 1, 1, 3, 2, 2, 1, 3, 3, 3, 3, 1, 0, 3, 0, 3, 3, 1, 3, 0, 1, 2, 0, 2, 3, 3, 1, 1, 1, 1, 3, 3, 0, 1, 0, 3, 0, 1, 0, 3, 1, 1, 3, 3, 0, 0, 1, 3, 0, 3, 0, 0, 3, 0, 3, 1, 0, 0, 3, 3, 1, 3, 3, 1, 3, 1, 0, 0, 3, 0, 0, 3, 1, 0, 1, 3, 3, 0, 0, 1, 1, 3, 1, 1, 3, 1, 3, 2, 3, 3, 3, 1, 1, 0, 3, 0, 3, 1, 3, 3, 3, 0, 3, 3, 0, 3, 3, 3, 1, 0, 0, 0, 0, 3, 1, 3, 1, 3, 2, 3, 1, 2, 1], "confidence_scores": [[0.29411150580350587, 0.25536111401727773, 0.19079490178613565, 0.2597324783930807], [0.21589889260612735, 0.28069693734405193, 0.2107964383978241, 0.29260773165199644], [0.16700047551253067, 0.2944078295263386, 0.2744768705150427, 0.264114824446088], [0.18212802959748928, 0.2869875188875797, 0.29047693532582886, 0.24040751618910244], [0.23826227807949624, 0.29149183651048616, 0.20449162730112874, 0.26575425810888864], [0.27957404591700696, 0.26423222413635966, 0.17548885077528956, 0.28070487917134385], [0.28338205971429137, 0.2709216298822927, 0.13801076766623974, 0.30768554273717574], [0.23954481636182226, 0.29217751300155764, 0.17033444502730097, 0.29794322560931935], [0.26243154779632244, 0.26623560244618905, 0.2258124189623757, 0.24552043079511301], [0.20814098043029344, 0.2693495477871786, 0.26813794415290065, 0.2543715276296273], [0.3096842889198687, 0.2720630253326084, 0.14590488481589436, 0.2723478009316287], [0.21385542643101177, 0.2876436188751961, 0.23256132897926374, 0.26593962571452834], [0.28077388782146795, 0.26998582083154155, 0.1274399350910842, 0.3218003562559064], [0.2202662039643534, 0.28405541058734857, 0.2957270683017455, 0.1999513171465522], [0.20367025806707642, 0.2993607862065089, 0.2172167787539616, 0.2797521769724534], [0.20421766509769854, 0.27741248849827654, 0.24734783037685684, 0.2710220160271679], [0.2458212536694532, 0.30015938937052977, 0.14990810035444188, 0.3041112566055751], [0.24241206132865728, 0.2547765773943759, 0.271937516370769, 0.23087384490619764], [0.25475993076180614, 0.2994819169633205, 0.14478857242789764, 0.30096957984697575], [0.29930683184350093, 0.2687630455525974, 0.13877338542987983, 0.2931567371740219], [0.1750230929682169, 0.3060700503110229, 0.2435858166699223, 0.2753210400508381], [0.22294781536470226, 0.29281622201517504, 0.2158030495419442, 0.26843291307817896], [0.2234067446024744, 0.28960016212133155, 0.19727125146515664, 0.28972184181103766], [0.10544970163504566, 0.3374122900427736, 0.32375465175489826, 0.2333833565672823], [0.1635116404993359, 0.2980475744316802, 0.27133883328434194, 0.26710195178464197], [0.14133988187471072, 0.3174265483910044, 0.2605152049843698, 0.28071836474991474], [0.17440490442516834, 0.31030250675798166, 0.22610151074070606, 0.28919107807614386], [0.278011157222011, 0.28276091247073726, 0.11611887987025972, 0.3231090504369919], [0.2648259025109898, 0.27804972242298165, 0.1677370066333918, 0.2893873684326367], [0.2879578681755436, 0.2736442273377341, 0.12217362891668676, 0.3162242755700354], [0.13133439951151502, 0.3314773380182707, 0.272283439985126, 0.2649048224850885], [0.30698425714054184, 0.27873540413464387, 0.10934871044338734, 0.30493162828142695], [0.28741715855480654, 0.2726859617751383, 0.14012604963182246, 0.29977083003823257], [0.3250875747888454, 0.2657907486658774, 0.10501167545911413, 0.3041100010861634], [0.16594789772100693, 0.30676334659523896, 0.22797760663439498, 0.29931114904935896], [0.1593674306070659, 0.29461714721960935, 0.24875874061942027, 0.2972566815539045], [0.14335837143075428, 0.32335297054785134, 0.25953456832908495, 0.27375408969230974], [0.22107576936876286, 0.27811172170946824, 0.2182897403258521, 0.28252276859591685], [0.36386041301588035, 0.24237284318047725, 0.09211448736341493, 0.30165225644022753], [0.17237638623449103, 0.3020774453628887, 0.27119555124299316, 0.2543506171596272], [0.20769956307995568, 0.286396424036561, 0.2555248258209273, 0.25037918706255585], [0.3221694919435522, 0.2422873887817554, 0.15721216053736303, 0.2783309587373294], [0.20993224696752671, 0.28318341095015714, 0.25019954223016516, 0.25668479985215104], [0.29756809872217377, 0.2552820146130069, 0.15165175245733434, 0.29549813420748483], [0.22341290589089474, 0.28263613864540316, 0.20780395864717588, 0.28614699681652583], [0.2443176631009578, 0.30224713662765323, 0.16951020737777453, 0.2839249928936143], [0.15075072279386809, 0.326815344367516, 0.2124500989063105, 0.30998383393230555], [0.24690487149422785, 0.29286214401255917, 0.15625668248619282, 0.3039763020070199], [0.26535468497406534, 0.2999724091314039, 0.14297578597437, 0.2916971199201609], [0.2609758708513846, 0.28852288359643014, 0.14478117040605915, 0.3057200751461266], [0.182328870186895, 0.2987469730563684, 0.23350130502684163, 0.2854228517298952], [0.3054712901675139, 0.2657708106014707, 0.14268214385925937, 0.28607575537175567], [0.2832472382188802, 0.2965321335286352, 0.0973900079582541, 0.32283062029423065], [0.34343430026734534, 0.2638811805600799, 0.08991951239151123, 0.30276500678106394], [0.20922166817718954, 0.2838258238571809, 0.18995677869928213, 0.31699572926634745], [0.2930811118659693, 0.26220960966863555, 0.18354854185902794, 0.2611607366063671], [0.19045201573167753, 0.30813115943655633, 0.2097911766163074, 0.2916256482154589], [0.28447905123104145, 0.28360317805835716, 0.13089645613189504, 0.30102131457870657], [0.2899770504656302, 0.28341918185505005, 0.09056878484517844, 0.3360349828341412], [0.25047289342094375, 0.2857940482015811, 0.1713477382520276, 0.29238532012544755], [0.1515613703123396, 0.3171959030883408, 0.25076699267189717, 0.28047573392742225], [0.21510877156792277, 0.3021704277787186, 0.1745422821678125, 0.30817851848554584], [0.22133188051219702, 0.28333898914444355, 0.21049081745175025, 0.2848383128916093], [0.27352234059415254, 0.279803997236655, 0.15674496632289664, 0.289928695846296], [0.3238017606111626, 0.2542605344957429, 0.12436774447613355, 0.29756996041696077], [0.15580339678371596, 0.32168009948986237, 0.24642238868105903, 0.2760941150453625], [0.2829455559777368, 0.28218686960855915, 0.11566561094442572, 0.3192019634692782], [0.3131274776628755, 0.2763966447230802, 0.11122299383177305, 0.2992528837822715], [0.30853928493882893, 0.2681057155581819, 0.11833298011288869, 0.3050220193901004], [0.29355116479251897, 0.2830589607525883, 0.15055762993548388, 0.27283224451940874], [0.3001706273408167, 0.2748439243779905, 0.15417719880743708, 0.2708082494737556], [0.2728682204412239, 0.2906250315073904, 0.11925600742852417, 0.31725074062286174], [0.30198859078537954, 0.24995680644644636, 0.17087130335476897, 0.27718329941340547], [0.2612688591976954, 0.26273940991356814, 0.16587549097981735, 0.3101162399089192], [0.19974069875762368, 0.2978337479045602, 0.22076488987669649, 0.2816606634611197], [0.32371100191853547, 0.26914922551210246, 0.0919089520361194, 0.3152308205332429], [0.25807844218510884, 0.2745753588598726, 0.1896879528620377, 0.2776582460929811], [0.23035722627232116, 0.2984153810645647, 0.15560406900169338, 0.31562332366142065], [0.26507376860950316, 0.29078947574039116, 0.1333324097789994, 0.310804345871106], [0.28502052378777526, 0.2858293158207701, 0.15587324219334175, 0.2732769181981129], [0.23488068677601256, 0.2986391169772117, 0.15590545709938908, 0.3105747391473862], [0.294017618211403, 0.24090658465408843, 0.15260930058756916, 0.3124664965469393], [0.19254864324229654, 0.29232438914864994, 0.25951412617262787, 0.2556128414364259], [0.26607116295611877, 0.26384298381186894, 0.17514422666744514, 0.2949416265645672], [0.23234742533414593, 0.29954973607030544, 0.17484739412371897, 0.2932554444718293], [0.32252538890451454, 0.26225903839057635, 0.15467553594414263, 0.26054003676076654], [0.3748616711343255, 0.2356440244273183, 0.11081396541554961, 0.27868033902280664], [0.17468763638047355, 0.32671974293959777, 0.1609315704637197, 0.3376610502162093], [0.26727788427716465, 0.2720168539551136, 0.20006139329559025, 0.26064386847213133], [0.3102202945595559, 0.2657632482778528, 0.14044593981383457, 0.28357051734875693], [0.2590854928275844, 0.28527186446671915, 0.15306946329401677, 0.30257317941167966], [0.24315174014632496, 0.29477328272665526, 0.17381845559719045, 0.2882565215298296], [0.36321659368192444, 0.22583285854270385, 0.11682648784551652, 0.2941240599298551], [0.12813785141524217, 0.3284294238554831, 0.24167132515068884, 0.30176139957858605], [0.2157169185847196, 0.3063052402033108, 0.1505099034476352, 0.3274679377643343], [0.2914140973111053, 0.2883764932179113, 0.11211314167098324, 0.30809626780000016], [0.28328992885055565, 0.27891905415897805, 0.15934002484454604, 0.27845099214592023], [0.293303087949036, 0.2816294654275644, 0.14617644135061839, 0.2788910052727813], [0.2815387195845544, 0.28542473760964304, 0.1349255289900991, 0.2981110138157032], [0.22586766952373366, 0.30721085870788395, 0.15532472953184173, 0.31159674223654027], [0.13095088092269638, 0.3257137769219102, 0.2176430756916462, 0.32569226646374694], [0.2655215479249028, 0.2880642446380224, 0.16659863543380438, 0.2798155720032705], [0.23967470746419892, 0.30348657970926907, 0.16792595951291692, 0.2889127533136149], [0.24148192863838783, 0.31740659607876354, 0.11056940030129525, 0.3305420749815531], [0.2452173719843429, 0.298444715802581, 0.15949092741845877, 0.29684698479461724], [0.1583787881703035, 0.3237892044023809, 0.19598357169999578, 0.3218484357273201], [0.22608047054747948, 0.2561590976607532, 0.2677879073435431, 0.24997252444822443], [0.20545153822091075, 0.30703032936901165, 0.17371921175232752, 0.31379892065774995], [0.21365623113554552, 0.2858154390843974, 0.21232268461015147, 0.28820564516990554], [0.3068475544588054, 0.26878800407040065, 0.11676893605265129, 0.3075955054181425], [0.25436720371085864, 0.28648836409620937, 0.20185477574168711, 0.2572896564512443], [0.20433864659703066, 0.3086393348289562, 0.23737194526778965, 0.2496500733062234], [0.3573360483000251, 0.24983405131098593, 0.10423400259439422, 0.28859589779459444], [0.28032660067066073, 0.2985773159852659, 0.09364467522212302, 0.32745140812195017], [0.3875690766506613, 0.22982884565243283, 0.07544573654467626, 0.3071563411522295], [0.16648099721621262, 0.31957356690325434, 0.18571271504870474, 0.3282327208318285], [0.14364936644397686, 0.3183660774640443, 0.3007150101800099, 0.23726954591196908], [0.24973115515838898, 0.29483631617533673, 0.14107008776230287, 0.3143624409039713], [0.2748053828419737, 0.29969963149224177, 0.09701813577458547, 0.3284768498911988], [0.2737237203086481, 0.28368398685227464, 0.131414179836161, 0.31117811300291626], [0.29556797359319786, 0.2635871241637397, 0.15380060284138433, 0.28704429940167836], [0.28625115130904083, 0.27599484292967585, 0.12169495792006405, 0.3160590478412193], [0.295960417237764, 0.2685619805108852, 0.12284589175372301, 0.3126317104976276], [0.32485838570217834, 0.23668414381263558, 0.1528255320334254, 0.28563193845176077], [0.29058519395115384, 0.27683896692515675, 0.11695027165091856, 0.31562556747277093], [0.22683524165385394, 0.28569693152450487, 0.1697754797993696, 0.31769234702227156], [0.26012771109146393, 0.29447392911920267, 0.14467794581028198, 0.30072041397905164], [0.2274742293995226, 0.31851718607343826, 0.1317354216370598, 0.32227316288997954], [0.32957752779158317, 0.26549304190333994, 0.08438177594860026, 0.3205476543564769], [0.335506754010851, 0.26190405796470106, 0.11129083015567713, 0.2912983578687712], [0.29597380072282803, 0.2826609206368782, 0.12422122751281897, 0.2971440511274748], [0.36151331296555095, 0.23657865514665316, 0.11498051719263917, 0.28692751469515676], [0.23832522335868353, 0.2950147922350534, 0.16280942650773633, 0.3038505578985267], [0.24299453765569173, 0.30681766025316054, 0.1831879061865288, 0.2669998959046188], [0.2679221884050635, 0.2944256574107342, 0.11974518201551253, 0.31790697216868957], [0.23936907940431315, 0.3200905711036068, 0.12358324954803068, 0.31695709994404914], [0.33140823736790515, 0.25203673101157326, 0.10046797561607909, 0.31608705600444265], [0.20527053810738888, 0.27332407807589976, 0.2768622405760583, 0.24454314324065296], [0.23533234931523053, 0.28850399140520494, 0.1720683968078691, 0.30409526247169555], [0.29823828340198844, 0.2938216595665382, 0.0928498941539672, 0.3150901628775063], [0.14592275738368268, 0.3159503966123234, 0.32334417105655044, 0.2147826749474433], [0.19329235566758277, 0.30010903557685864, 0.2415013871546426, 0.2650972216009157]]}}