{"test": {"ids": ["100116500", "100120010", "112116451", "105117200", "106121220", "110115890", "113119700", "99113260", "101109120", "110114651", "99111620", "112116540", "109114270", "112121430", "111117571", "104111550", "110120700", "105116090", "101112160", "103120531", "99114890", "100109000", "100113210", "102110500", "110113591", "113120540", "98109570", "109119591", "99110050", "113118690", "111120531", "111118301", "107113170", "112120630", "97107040", "97116410", "109114030", "110120531", "97106591", "107114280", "108120060", "109117110", "100112060", "105113330", "98108970", "113121750", "97110950", "103113170", "108113760", "107119130", "109117431", "107113130", "109113931", "104112201", "113122190", "112116900", "101111310", "110118111", "109115211", "109113281", "111116170", "98109090", "101112690", "105113260", "109114651", "110118161", "110116300", "104111380", "113121810", "109118820", "112119950", "110114321", "99107950", "97105760", "112118620", "97106820", "101110200", "98108520", "109114220", "102117351", "104116980", "97113260", "105118740", "104111880", "102113210", "108114270", "102109910", "103113210", "102121700", "100109311", "111115910", "97112170", "101111210", "97111790", "112119320", "108118520", "100109330", "110118930", "110120190", "106115250", "112118880", "112118810", "105113440", "101113210", "100110050", "99116500", "98116940", "102113350", "100108080", "100110260", "110121140", "112117030", "98111860", "113118630", "101108950", "106114321", "111116640", "105115250", "112116610", "99112531", "97106970", "101108370", "104113190", "102110850", "100120780", "106119580", "110118630", "102118380", "104111711", "108116070", "99105921", "103120730", "101115190", "110118121", "107117010", "103111620", "107114490", "104114740", "100109980", "103120780", "100108490", "99108330"], "labels": [2, 0, 0, 3, 1, 2, 0, 0, 1, 3, 3, 1, 3, 2, 3, 1, 2, 1, 3, 3, 2, 1, 0, 3, 0, 3, 1, 0, 3, 3, 0, 3, 0, 3, 2, 3, 1, 0, 1, 3, 1, 1, 2, 3, 3, 0, 3, 3, 1, 1, 1, 1, 1, 0, 1, 3, 3, 1, 0, 0, 0, 1, 1, 3, 3, 0, 3, 3, 2, 3, 0, 1, 1, 0, 3, 1, 2, 2, 3, 1, 1, 1, 1, 3, 3, 3, 2, 3, 1, 1, 2, 0, 2, 2, 1, 0, 0, 1, 3, 2, 1, 3, 0, 3, 3, 2, 2, 3, 0, 3, 3, 2, 0, 3, 2, 2, 0, 2, 1, 3, 2, 1, 3, 3, 1, 3, 1, 1, 1, 1, 1, 1, 1, 3, 1, 0, 3, 2, 1, 1, 2, 1], "predicted_labels": [3, 3, 0, 3, 3, 3, 1, 0, 3, 3, 1, 0, 1, 0, 0, 1, 1, 3, 2, 3, 1, 0, 3, 0, 3, 0, 3, 1, 2, 0, 1, 0, 3, 0, 1, 1, 1, 3, 1, 1, 1, 3, 1, 0, 1, 1, 0, 1, 3, 3, 1, 1, 3, 0, 3, 0, 0, 0, 3, 3, 3, 0, 1, 3, 3, 0, 0, 1, 1, 0, 0, 1, 1, 1, 3, 3, 1, 0, 0, 0, 3, 2, 3, 3, 3, 3, 3, 1, 1, 3, 0, 1, 3, 0, 3, 0, 0, 1, 3, 1, 1, 3, 1, 1, 1, 1, 1, 1, 1, 0, 0, 3, 1, 3, 1, 0, 0, 1, 1, 3, 3, 0, 3, 2, 3, 1, 3, 1, 3, 1, 0, 3, 1, 3, 3, 1, 3, 3, 0, 3, 0, 1], "confidence_scores": [[0.2557329614829616, 0.2275442335442336, 0.22370543345543348, 0.29301737151737145], [0.22546764901764896, 0.2710930180930181, 0.21771002331002345, 0.28572930957930964], [0.3498277222777224, 0.2400825452325454, 0.15544819428937087, 0.25464153820036173], [0.24930266955266966, 0.26425887445887464, 0.2132557847381378, 0.2731826712503185], [0.25566789321789324, 0.26561717171717186, 0.16771834831834842, 0.31099658674658676], [0.2177188034188035, 0.27074095071595083, 0.2106072316572318, 0.3009330142080144], [0.19777857142857158, 0.3190410894660894, 0.2417280858030858, 0.24145225330225337], [0.267804501054501, 0.23081067821067822, 0.25605242535242545, 0.24533239538239543], [0.2759042069042068, 0.23412691197691193, 0.19937402597402606, 0.29059485514485506], [0.24715846375846393, 0.23022607392607405, 0.16012351537351546, 0.36249194694194675], [0.20251627539127548, 0.2933706071706073, 0.21582153679653693, 0.28829158064158067], [0.28403116883116897, 0.2816116883116883, 0.16839704184704188, 0.2659601010101012], [0.2551505716505717, 0.282241452991453, 0.19924376179376196, 0.26336421356421347], [0.31164052059052066, 0.2779985070485072, 0.16532366522366523, 0.24503730713730718], [0.3402748917748916, 0.33468883893883883, 0.12816964701964706, 0.19686662226662238], [0.2740662504162504, 0.28608722943722953, 0.2042778998779, 0.23556862026862027], [0.2818236763236764, 0.28988959373959383, 0.22503463758463763, 0.2032520923520924], [0.26208104118104136, 0.2437282772782773, 0.20080283050283054, 0.2933878510378511], [0.2188553557553558, 0.2223952880452882, 0.2810709568209569, 0.2776783993783993], [0.2526911477411478, 0.27276128316128323, 0.17016468890586536, 0.3043828801917037], [0.1756055722055723, 0.2893921911421912, 0.25986146076146077, 0.2751407758907759], [0.2763095682095682, 0.2671231823731825, 0.22140937950937967, 0.2351578699078699], [0.31121574916311756, 0.23174921744921748, 0.13515453239570885, 0.32188050099195625], [0.3396349203084498, 0.21131152213799276, 0.1712749528249529, 0.2777786047286048], [0.23662582972582977, 0.24252809412809426, 0.17641948051948067, 0.3444265956265956], [0.405361038961039, 0.23433102453102464, 0.13698528138528138, 0.22332265512265517], [0.2527569985569986, 0.22640803085803088, 0.1636056998556999, 0.35722927072927074], [0.26795486931369294, 0.2807840334502099, 0.21221754079254088, 0.23904355644355652], [0.18081558441558446, 0.2763751803751804, 0.283698124098124, 0.2591111111111112], [0.319266810966811, 0.2519675324675325, 0.19720490620490624, 0.2315607503607505], [0.26206778192567676, 0.2722243840438886, 0.2079123464770523, 0.25779548755338244], [0.30238042513042496, 0.2714035575535575, 0.18082005772005785, 0.24539595959595964], [0.26228963258963267, 0.26025388500388497, 0.1711563880563882, 0.30630009435009453], [0.2961158535908537, 0.23194047064047066, 0.17878787601287605, 0.2931557997557997], [0.2386052836052836, 0.26181406955617487, 0.2491037296037297, 0.25047691723481197], [0.20751011211011228, 0.2996628338981278, 0.2304340691987752, 0.26239298479298484], [0.23645636030636036, 0.28479741924741925, 0.21744101454101472, 0.261305205905206], [0.2740074814074813, 0.21526443001443002, 0.17511103896103908, 0.3356170496170495], [0.2214368648894965, 0.2781452418926105, 0.24687626262626278, 0.25354163059163065], [0.2295321012321013, 0.3529382561882562, 0.15754840714840718, 0.2599812354312356], [0.23242251082251106, 0.31470396825396824, 0.2275054834054834, 0.2253680375180377], [0.23375844155844164, 0.2503398434898435, 0.1993880802204332, 0.3165136347312818], [0.24230160395160402, 0.2698412781662782, 0.22138089133089145, 0.26647622655122666], [0.3471713508713508, 0.19011005661005678, 0.14876123321123322, 0.3139573593073592], [0.2103419857919858, 0.32082770562770563, 0.2063435136758666, 0.26248679490444204], [0.26818712398712397, 0.30647980907980893, 0.17116847041847047, 0.2541645965145967], [0.28967012987012986, 0.2823113775113774, 0.19400317460317473, 0.23401531801531822], [0.2371925685425687, 0.2815558386058389, 0.2326590243090243, 0.24859256854256861], [0.2584781662781664, 0.2717892496392497, 0.18430334110334123, 0.2854292429792429], [0.2432102786102787, 0.26317239427239436, 0.19371939726939738, 0.29989792984792996], [0.2526828726828728, 0.32752942057942064, 0.1802416527916528, 0.239546053946054], [0.26877320734820753, 0.27401948606948623, 0.22359264901764897, 0.2336146575646576], [0.2274180652680653, 0.26940311355311364, 0.16518275058275056, 0.33799607059607073], [0.28623489288489307, 0.2497673715173716, 0.20804006549006554, 0.25595767010767034], [0.25047611277611287, 0.2490154345654346, 0.23763862248862255, 0.26286983016983023], [0.3131959457209459, 0.29121287878787877, 0.16582746697746706, 0.2297637085137085], [0.30543427128427125, 0.22512075702075718, 0.2035747696747697, 0.2658702020202022], [0.3023955932955934, 0.25461960816960827, 0.19390992895992903, 0.24907486957486977], [0.23531339738692697, 0.23731429436576496, 0.16289450549450551, 0.3644778027528027], [0.28255127095127086, 0.239172843822844, 0.14824235209235218, 0.3300335331335331], [0.25925725385725384, 0.27944835164835163, 0.15397134532134535, 0.30732304917304937], [0.27234936174936203, 0.2490740426240427, 0.2077946700358467, 0.27078192559074915], [0.25188205128205143, 0.2786632783882784, 0.22699898434898455, 0.2424556859806861], [0.2689147907647907, 0.27075810300810316, 0.14967879897879902, 0.3106483072483072], [0.26947823287823297, 0.22051443001443016, 0.20171488511488514, 0.308292451992452], [0.2889690254190255, 0.28341624764124784, 0.17354541569541576, 0.2540693112443113], [0.29790904373404387, 0.2672258075258076, 0.1768547924297925, 0.25801035631035635], [0.25611046176046187, 0.2944916472416473, 0.17304348984349002, 0.2763544011544013], [0.2157016816516817, 0.3010030303030304, 0.24423136308136317, 0.23906392496392495], [0.25793393828393835, 0.25759836274836284, 0.2336193639693642, 0.2508483349983351], [0.3513531524031525, 0.20042998667998677, 0.15863001998002005, 0.289586840936841], [0.22387169138051494, 0.34061778580896224, 0.19509296259296266, 0.24041756021756028], [0.15852528027528043, 0.3273570707070707, 0.2994893939393939, 0.21462825507825517], [0.2395934629096394, 0.29699652406417126, 0.19672925489543136, 0.26668075813075826], [0.27652520812520825, 0.2557869852369853, 0.13212894491129792, 0.33555886172650873], [0.24825259740259756, 0.2603068098568099, 0.21429392829392843, 0.2771466644466646], [0.2200446608946609, 0.3484617604617602, 0.16477251082251093, 0.26672106782106786], [0.3063900321900322, 0.24483720723720734, 0.16225905205905214, 0.28651370851370855], [0.3037695526695526, 0.255878182928183, 0.17470840825840844, 0.265643856143856], [0.3356275335775334, 0.2220577700077701, 0.17093679653679658, 0.27137789987789995], [0.2151368631368633, 0.2797618270618271, 0.22413330835830836, 0.28096800144300144], [0.2177762515262515, 0.2297453657453659, 0.2782535742035743, 0.2742248085248086], [0.2710586746586747, 0.2505633921633922, 0.1720406315906317, 0.3063373015873016], [0.2115520923520924, 0.2330061549561551, 0.22531681096681117, 0.3301249417249419], [0.26979372294372284, 0.20973679653679658, 0.20500656565656566, 0.3154629148629147], [0.28083472050824987, 0.26477602985250054, 0.13301006771006776, 0.3213791819291819], [0.28006858892741243, 0.2225437237599003, 0.21248633033633033, 0.2849013569763571], [0.2613198634698637, 0.2674720981632747, 0.23455247644512361, 0.2366555619217385], [0.25762221667221685, 0.3186354090354091, 0.18439130591630598, 0.23935106837606837], [0.26852095127095144, 0.2458792429792431, 0.1742499405822935, 0.3113498651675124], [0.287919907869908, 0.2555957819957821, 0.2023586913086913, 0.25412561882561896], [0.2500947829947829, 0.2819470695970697, 0.19821774891774896, 0.26974039849039855], [0.2583403235653236, 0.2140619547119548, 0.23188988788988807, 0.2957078338328339], [0.2857830391830392, 0.26369975024975034, 0.17554936729936738, 0.27496784326784324], [0.17452002997003002, 0.27019567654567644, 0.2320094017094018, 0.3232748917748919], [0.3058093795093794, 0.2761741167329405, 0.20178962508080156, 0.2162268786768787], [0.28343810078810094, 0.2641599567099566, 0.18590663225663237, 0.2664953102453104], [0.24997887843151004, 0.2838324158297843, 0.20415670440670441, 0.26203200133200144], [0.26248806164595645, 0.2741864752206858, 0.16198949938949936, 0.3013359637438585], [0.24302371158253516, 0.28423297062414704, 0.21512582972582986, 0.2576174880674882], [0.22762649572649588, 0.2752783716283716, 0.24950839715839732, 0.24758673548673557], [0.2701106060606061, 0.28859119769119757, 0.12996726606726608, 0.3113309301809302], [0.2897432400932399, 0.2944937141290084, 0.17220686862157455, 0.24355617715617714], [0.2204044844044845, 0.3041952741702741, 0.1948073343323344, 0.2805929070929072], [0.20427770562770567, 0.29051823731823745, 0.27898754578754587, 0.22621651126651132], [0.17919411895294254, 0.31444635397282455, 0.24862048833519437, 0.25773903873903875], [0.2257705108616876, 0.30730238209502914, 0.21042491201608862, 0.2565021950271952], [0.2370454643395821, 0.3064273892773894, 0.2219387723387725, 0.2345883740442564], [0.2347173881673883, 0.30314368686868665, 0.18168088023088033, 0.28045804473304486], [0.29530124699861543, 0.24030385725385722, 0.18623463758463774, 0.2781602581628898], [0.3088470862470862, 0.24494395604395602, 0.19273484293484294, 0.2534741147741149], [0.2285374680874681, 0.25733774558774575, 0.2048331351654881, 0.30929165115929824], [0.23643591963591987, 0.2736075424575425, 0.2615339438339439, 0.2284225940725941], [0.2688585692085693, 0.25279588189588204, 0.177196497946498, 0.30114905094905076], [0.19017632922632935, 0.3078049728049729, 0.2005876068376068, 0.3014310911310912], [0.2769453823953825, 0.24922200577200584, 0.19761836219336226, 0.2762142496392496], [0.3222385392385393, 0.25508754856254867, 0.184220954045954, 0.23845295815295828], [0.3028433843933843, 0.3032634587634588, 0.14928904428904424, 0.24460411255411274], [0.2596277601053918, 0.3471821022544708, 0.17369446664446678, 0.2194956709956711], [0.25745865800865814, 0.2700538322788324, 0.1847956321456323, 0.2876918775668777], [0.24611738816738832, 0.21216926406926406, 0.2420736430236431, 0.29963970473970464], [0.3815243034743037, 0.2064860084360085, 0.15791625596625605, 0.2540734321234322], [0.24352370962370967, 0.2642267343767344, 0.16220059385059388, 0.3300489621489622], [0.19329264069264068, 0.24317797202797214, 0.34842156732156715, 0.21510781995781994], [0.19442935120435142, 0.23634702242202252, 0.20111896991897005, 0.3681046564546565], [0.2457728438228439, 0.30749278499278515, 0.20960529470529482, 0.23712907647907647], [0.21772057387057386, 0.25364844599844594, 0.2481370462870464, 0.28049393384393384], [0.2592345043845045, 0.27980521174731704, 0.20361594516594522, 0.2573443387022335], [0.20009591519591527, 0.2394942668442669, 0.25107616827616847, 0.30933364968364974], [0.2201397796647799, 0.3113809634809634, 0.23656256243756246, 0.23191669441669455], [0.28108622488622487, 0.25922200577200577, 0.23238580863580877, 0.2273059607059609], [0.25218571428571435, 0.28407748917748926, 0.1720419635919637, 0.2916948329448331], [0.20575607725607725, 0.3122471805971804, 0.20104329004329008, 0.28095345210345213], [0.2767278221778224, 0.2944430153180154, 0.13386168276168278, 0.2949674797424796], [0.1910373071373072, 0.2605097014097013, 0.20271728826728835, 0.3457357031857032], [0.2262506660006661, 0.32610925740925745, 0.21346593961593985, 0.23417413697413708], [0.24326478521478526, 0.2753901737151739, 0.1852792540792541, 0.29606578699078695], [0.2301725496725498, 0.22147686786897322, 0.24502034077034077, 0.3033302416881365], [0.28742466699966696, 0.27364264069264077, 0.21643064990564995, 0.22250204240204238], [0.23856964146964157, 0.2620163281163283, 0.19650061605061622, 0.30291341436341446], [0.27487275698158065, 0.2388829392829393, 0.23505804554922208, 0.2511862581862582], [0.22917585192585213, 0.27372321012321016, 0.22686291486291496, 0.2702380230880232]]}, "rewritten": {"ids": ["97105760", "97106591", "97106820", "97106970", "97107040", "97110950", "97111790", "97112170", "97113260", "97116410", "98108520", "98108970", "98109090", "98109570", "98111860", "98116940", "99105921", "99107950", "99108330", "99110050", "99111620", "99112531", "99113260", "99114890", "99116500", "100108080", "100108490", "100109000", "100109311", "100109330", "100109980", "100110050", "100110260", "100112060", "100113210", "100116500", "100120010", "100120780", "101108370", "101108950", "101109120", "101110200", "101111210", "101111310", "101112160", "101112690", "101113210", "101115190", "102109910", "102110500", "102110850", "102113210", "102113350", "102117351", "102118380", "102121700", "103111620", "103113170", "103113210", "103120531", "103120730", "103120780", "104111380", "104111550", "104111711", "104111880", "104112201", "104113190", "104114740", "104116980", "105113260", "105113330", "105113440", "105115250", "105116090", "105117200", "105118740", "106114321", "106115250", "106119580", "106121220", "107113130", "107113170", "107114280", "107114490", "107117010", "107119130", "108113760", "108114270", "108116070", "108118520", "108120060", "109113281", "109113931", "109114030", "109114220", "109114270", "109114651", "109115211", "109117110", "109117431", "109118820", "109119591", "110113591", "110114321", "110114651", "110115890", "110116300", "110118111", "110118121", "110118161", "110118630", "110118930", "110120190", "110120531", "110120700", "110121140", "111115910", "111116170", "111116640", "111117571", "111118301", "111120531", "112116451", "112116540", "112116610", "112116900", "112117030", "112118620", "112118810", "112118880", "112119320", "112119950", "112120630", "112121430", "113118630", "113118690", "113119700", "113120540", "113121750", "113121810", "113122190"], "labels": [0, 1, 1, 2, 2, 3, 2, 0, 1, 3, 2, 3, 1, 1, 0, 2, 1, 1, 1, 3, 3, 3, 0, 2, 2, 0, 2, 1, 1, 0, 1, 3, 3, 2, 0, 2, 0, 1, 1, 2, 1, 2, 2, 3, 3, 1, 3, 1, 2, 3, 3, 3, 3, 1, 1, 1, 0, 3, 3, 3, 1, 1, 3, 1, 1, 3, 0, 3, 2, 1, 3, 3, 0, 2, 1, 3, 1, 2, 2, 3, 1, 1, 0, 3, 3, 1, 1, 1, 3, 1, 0, 1, 0, 1, 1, 3, 3, 3, 0, 1, 1, 3, 0, 0, 1, 3, 2, 3, 1, 3, 0, 1, 1, 3, 0, 2, 3, 2, 0, 0, 3, 3, 0, 0, 1, 1, 3, 2, 3, 3, 1, 1, 0, 3, 2, 3, 3, 0, 3, 0, 2, 1], "predicted_labels": [3, 1, 3, 3, 3, 0, 0, 3, 2, 1, 0, 1, 1, 3, 1, 1, 1, 1, 1, 1, 1, 3, 1, 1, 1, 3, 0, 1, 3, 0, 1, 1, 0, 3, 3, 3, 1, 3, 0, 3, 0, 1, 0, 0, 3, 1, 1, 1, 0, 0, 2, 3, 1, 0, 3, 1, 1, 3, 1, 3, 1, 3, 1, 1, 0, 3, 0, 1, 1, 1, 0, 0, 1, 0, 3, 3, 3, 3, 1, 1, 1, 3, 3, 1, 3, 3, 3, 3, 3, 1, 1, 1, 3, 3, 3, 0, 3, 3, 3, 3, 1, 0, 0, 3, 1, 3, 3, 1, 0, 1, 1, 3, 1, 3, 3, 1, 0, 0, 3, 0, 1, 0, 1, 0, 3, 1, 1, 3, 3, 3, 1, 3, 0, 0, 1, 3, 0, 1, 0, 1, 1, 3], "confidence_scores": [[0.25198171828171834, 0.26179140859140865, 0.19269726107226115, 0.2935296120546119], [0.262301148851149, 0.301323926073926, 0.20141948606948618, 0.23495543900543917], [0.269687395937396, 0.2708716117216117, 0.17452493062493077, 0.28491606171606193], [0.2585244866244868, 0.2060955155955156, 0.2115422244422245, 0.32383777333777336], [0.23532720057720066, 0.250674730824731, 0.2436320068820069, 0.27036606171606176], [0.2858858585858587, 0.2837305555555556, 0.18111507936507942, 0.2492685064935066], [0.2968795759795761, 0.22070663225663234, 0.18776172161172172, 0.2946520701520702], [0.26428812298812304, 0.26392579642579655, 0.1921716283716285, 0.27961445221445225], [0.23051740759240766, 0.23984908979908992, 0.274633214008214, 0.25500028860028856], [0.2298064602064604, 0.278969172004466, 0.22355549777020378, 0.2676688700188702], [0.30791071428571415, 0.2489214285714286, 0.16958066378066383, 0.27358719336219345], [0.2353983127983128, 0.29309862359862354, 0.21513223998224, 0.25637082362082364], [0.2573057831057833, 0.27852301032301036, 0.20655920745920753, 0.2576119991119992], [0.2588200022200023, 0.25171355486618663, 0.15926564371301216, 0.33020079920079903], [0.25924557109557117, 0.2858051892551893, 0.2448922244422245, 0.21005701520701545], [0.2359608946608949, 0.32708098845598854, 0.19445310245310254, 0.24250501443001451], [0.2659360678537148, 0.28607207792207806, 0.20014152122387427, 0.2478503330003331], [0.15446562326562333, 0.3177573898323897, 0.3030614357864359, 0.22471555111555117], [0.20991272061272076, 0.27265519480519484, 0.24903470418470425, 0.2683973803973805], [0.24245844710844722, 0.2878838911088911, 0.23640961260961268, 0.23324804917304925], [0.22228860028860026, 0.27729834054834074, 0.23132059052059054, 0.26909246864246866], [0.27354204651557584, 0.2488469311734019, 0.17770385725385737, 0.2999071650571653], [0.2634214934188618, 0.2651851814851815, 0.2153716394716396, 0.25602168562431715], [0.22161534021534035, 0.2946767510267513, 0.2255783105783106, 0.2581295981795983], [0.20539855144855151, 0.2983909423909425, 0.2529239704739706, 0.24328653568653585], [0.2454392995892996, 0.2765655927405927, 0.17399904539904545, 0.3039960622710624], [0.26579592825475173, 0.22835685425685429, 0.2588181965093731, 0.24702902097902096], [0.26749211899211905, 0.271896214896215, 0.21503900543900542, 0.2455726606726608], [0.2511237373737374, 0.25942669552669556, 0.18603852813852823, 0.3034110389610391], [0.3102301087801088, 0.25973087745587736, 0.20092736707736725, 0.22911164668664674], [0.26902479742479757, 0.2724487567987568, 0.21782870462870474, 0.24069774114774126], [0.24600339382839378, 0.27477778887778886, 0.23724436119436132, 0.2419744560994562], [0.2950173697647383, 0.24918588078588078, 0.1930095016095017, 0.26278724783987933], [0.24855754800754806, 0.26158921356421366, 0.2281213747037278, 0.2617318637245107], [0.29869715664452506, 0.21358897768897772, 0.17455375180375193, 0.31316011386274545], [0.24102486402486414, 0.26553580863580867, 0.22565409590409594, 0.2677852314352315], [0.2546259768009768, 0.28301432178932184, 0.188302036852037, 0.2740576645576646], [0.18884944499944517, 0.25612878787878796, 0.18485774029891677, 0.37016402682285027], [0.3464510267510268, 0.24403750693750711, 0.1717101953601954, 0.23780127095127104], [0.20020331335331348, 0.2778267621267621, 0.20074539904539918, 0.32122452547452546], [0.3180401653901654, 0.24098739593739604, 0.18578493450993455, 0.2551875041625042], [0.2249017038517039, 0.34405987900987883, 0.17099252414252422, 0.2600458929958931], [0.2921024392274392, 0.2249358030858032, 0.2221830669330671, 0.26077869075369087], [0.2888789543789544, 0.27894367854367874, 0.18869420579420582, 0.24348316128316144], [0.23887597957597967, 0.20451235986235994, 0.27394775224775236, 0.28266390831390836], [0.27412680652680654, 0.28174841547341545, 0.21509068709068718, 0.22903409090909096], [0.2494861194361195, 0.29458058608058607, 0.19930823898323902, 0.2566250555000555], [0.20935203685203682, 0.29371995781995774, 0.22000738150738158, 0.27692062382062393], [0.2963035964035963, 0.23920971805971808, 0.1708703712953714, 0.29361631424131407], [0.33139934444640345, 0.2286551233080645, 0.14495415695415698, 0.2949913752913754], [0.23947472498261982, 0.25466998615419667, 0.2813339438339439, 0.22452134502923984], [0.2613200077700077, 0.23265393217893224, 0.16811142191142198, 0.33791463813963796], [0.24786744236156022, 0.28513953823953814, 0.22523870018870035, 0.24175431921020163], [0.32943075813075795, 0.21877307692307696, 0.17979290154290156, 0.2720032634032635], [0.25973269230769247, 0.2723121825542879, 0.19216892551892562, 0.27578619961909445], [0.2583216810966813, 0.28929772449772445, 0.19991593129093138, 0.25246466311466326], [0.2642540570540572, 0.30476648351648356, 0.20335093795093806, 0.22762852147852164], [0.24328874458874472, 0.25141795981796006, 0.2385681152181152, 0.2667251803751805], [0.2688023254523256, 0.3113699947111712, 0.20156436178200887, 0.21826331805449453], [0.2507627428127429, 0.2565147685647686, 0.17285734265734265, 0.3198651459651458], [0.27685194805194807, 0.29120964590964593, 0.16719684759684772, 0.2647415584415586], [0.20624431679431696, 0.2965646464646464, 0.1826766955266956, 0.3145143412143412], [0.2651038628038629, 0.30347369852369865, 0.1924362193362195, 0.23898621933621944], [0.26249359529359534, 0.29989946719946736, 0.19349567099567105, 0.2441112665112667], [0.29015102642455576, 0.23980503418150478, 0.22833747363747378, 0.24170646575646584], [0.2190606782106782, 0.25316767676767693, 0.23230425685425693, 0.2954673881673883], [0.30507041847041866, 0.2206452658452659, 0.20440451770451767, 0.26987979797979794], [0.23763806748806743, 0.29061045066045066, 0.19223033078033075, 0.27952115107115116], [0.25105475635475644, 0.27616694971694966, 0.2168850815850816, 0.2558932123432123], [0.261328465978466, 0.2791000444000443, 0.18449815739815742, 0.27507333222333213], [0.283937012987013, 0.26079206904206903, 0.17661364191364198, 0.278657276057276], [0.35316308136308133, 0.17799963924963927, 0.15337780552780547, 0.3154594738594739], [0.2735850593850595, 0.277820542855837, 0.17642145403616, 0.27217294372294365], [0.2941671162171162, 0.28612878232878225, 0.16363205683205684, 0.25607204462204486], [0.25942741147741155, 0.2581421023421023, 0.1908564824064825, 0.2915740037740039], [0.2794111111111111, 0.233771250971251, 0.19730292485292486, 0.2895147130647132], [0.2446553835053836, 0.26137764180264184, 0.19597357919857925, 0.29799339549339554], [0.25953476523476526, 0.26315795315795326, 0.20761486291486306, 0.2696924186924186], [0.224800654900655, 0.2977493062493062, 0.21191837606837613, 0.26553166278166296], [0.2538437173937174, 0.28195793928293955, 0.19730450105450126, 0.2668938422688422], [0.2520081252081253, 0.29666121933621936, 0.17349230769230778, 0.2778383477633478], [0.23657485847485854, 0.27512511377511384, 0.21017308802308815, 0.2781269397269398], [0.26518492063492066, 0.26152778610278615, 0.18994510489510497, 0.2833421883671885], [0.2633827561327562, 0.27996995422877785, 0.18577281411399066, 0.2708744755244757], [0.2326926406926408, 0.28092467532467524, 0.18524078699078703, 0.3011418969918969], [0.20370111000110996, 0.28336797091797106, 0.20099485514485513, 0.31193606393606393], [0.2895857278686227, 0.22367106285527344, 0.17387829115329112, 0.3128649181228128], [0.24370635475635474, 0.2582919913419915, 0.19846786350903997, 0.29953379039261385], [0.29103940471293405, 0.2539579534844242, 0.14311227661227668, 0.3118903651903651], [0.25996764069264083, 0.28820952380952375, 0.20658733766233772, 0.24523549783549797], [0.28784587357087354, 0.29343683734566106, 0.17399072675690327, 0.24472656232656229], [0.2381044657956425, 0.2973327267503737, 0.2216059920471686, 0.24295681540681552], [0.28251726606726607, 0.2489081529581529, 0.1574348873348875, 0.3111396936396937], [0.23350354090354092, 0.24697058497058513, 0.17135579420579428, 0.34817007992008], [0.2206952491952493, 0.27736104451104454, 0.19980538073038076, 0.3021383255633259], [0.30030872460872465, 0.26017021867021883, 0.1793140248640249, 0.26020703185703176], [0.24291444943944943, 0.2714434093684094, 0.18894026251526266, 0.29670187867687847], [0.30349139719929213, 0.1988420862762969, 0.1770233322233323, 0.32064318430107885], [0.2354132086867381, 0.2463092521857229, 0.19461683316683323, 0.323660705960706], [0.23366788766788782, 0.2803824897324897, 0.1991081585081586, 0.286841464091464], [0.2509305638805639, 0.3110357919857919, 0.1744798923298923, 0.2635537518037519], [0.27349595404595406, 0.26128368853368844, 0.23209849594849605, 0.23312186147186154], [0.27796176046176047, 0.27181088078588084, 0.19540862193362202, 0.25481873681873685], [0.23764937839937839, 0.25659126429126433, 0.17137850482850497, 0.3343808524808525], [0.24328248059130408, 0.31055304499422137, 0.1985817182817183, 0.24758275613275618], [0.22184511044511057, 0.24587324342324357, 0.1416367687867688, 0.39064487734487746], [0.22540514485514498, 0.26722792762792774, 0.22848842268842284, 0.2788785048285049], [0.27114098401598397, 0.301741996891997, 0.16598164890664896, 0.26113537018537025], [0.29753376068376075, 0.2875440836940838, 0.1550932622932623, 0.2598288933288933], [0.2620119269619271, 0.31844236041736046, 0.16484375069375085, 0.2547019619269621], [0.2988857226107227, 0.3175487345987346, 0.15922326284826283, 0.22434227994228004], [0.19078199753462916, 0.29316655391392227, 0.21434276834276836, 0.3017086802086802], [0.23959167119430286, 0.2821992989466675, 0.19765406260406262, 0.2805549672549673], [0.23977437533227006, 0.2688203191545298, 0.1796335997335998, 0.31177170577960056], [0.28572515817515814, 0.286236224886225, 0.12381194916194921, 0.30422666777666774], [0.2724099733599734, 0.2896325452325454, 0.22869660894660898, 0.20926087246087252], [0.30053622488622483, 0.27175029137529155, 0.20771450216450224, 0.2199989815739816], [0.28120071595071605, 0.2514502109002111, 0.2153935952935954, 0.251955477855478], [0.26762098457098465, 0.26613792318792323, 0.13821779331779338, 0.3280232989232989], [0.29568881673881675, 0.24049872627372632, 0.1946908896658898, 0.26912156732156733], [0.3049105255855257, 0.3244395881895883, 0.13992742535242544, 0.23072246087246104], [0.2848577755577754, 0.2698981129981129, 0.17417959817959836, 0.2710645132645134], [0.24724561520351013, 0.2886748613443661, 0.2054577788224847, 0.2586217446296396], [0.31813813963813964, 0.2761338161838164, 0.16200702075702086, 0.24372102342102356], [0.24967850453639934, 0.2667484021826126, 0.16260238095238097, 0.32097071232860713], [0.23072718845482004, 0.3246749899223583, 0.2017028360528359, 0.2428949855699857], [0.2648660395160395, 0.3149532606282606, 0.17343142968142974, 0.24674927017427029], [0.23572087357087362, 0.2613537074037075, 0.17834552114552127, 0.32457989787989766], [0.25780610120873293, 0.25772574472311327, 0.16086086299321606, 0.323607291074938], [0.2747626318126319, 0.2804038295038296, 0.13955943778443783, 0.30527410089910084], [0.19907613497613508, 0.3108584915084915, 0.24619491619491626, 0.2438704573204575], [0.17424045954045958, 0.28110563325563337, 0.25761370851370846, 0.28704019869019887], [0.3571019036519037, 0.20306342823842832, 0.16084670884670893, 0.2789879592629592], [0.2929270202020202, 0.24875407647907652, 0.17041482683982684, 0.2879040764790764], [0.27620596625596633, 0.31964838494838504, 0.17153670773670776, 0.23260894105894106], [0.26346465931729107, 0.2302044549018234, 0.21205768675768696, 0.2942731990231989], [0.2761155400155399, 0.26717859362859364, 0.20220695970695973, 0.2544989066489068], [0.22061575646575654, 0.33092106782106784, 0.16508979908979915, 0.2833733766233765], [0.3805022144522145, 0.2510997335997337, 0.1435876456876457, 0.22481040626040627], [0.28079193029193045, 0.29941541236541236, 0.1508341380841381, 0.2689585192585194], [0.20246834276834277, 0.30464718614718617, 0.2643161838161839, 0.2285682872682873], [0.25242282162282176, 0.2397364413364413, 0.23393835608835606, 0.2739023809523811]]}}