{"test": {"ids": ["111120280", "105116980", "113120280", "98106680", "108119330", "106115250", "99107950", "98107340", "107114950", "109120560", "98108410", "109119340", "110118701", "100108490", "103120730", "97116401", "112119950", "105116650", "105115680", "110117140", "103110100", "107114621", "111119930", "97118210", "110113931", "105117351", "97112300", "97107920", "112116610", "112118701", "97112170", "112120700", "108116070", "113121190", "107114490", "102112030", "110120531", "113118490", "100108260", "111116110", "106114150", "107113200", "109121640", "111116530", "102110850", "100109360", "99108890", "107118780", "112116640", "104113170", "103111620", "106116640", "105116860", "109117600", "110118301", "101112160", "107120260", "113121410", "99114890", "101108080", "98106560", "106115120", "112117580", "99108460", "110115980", "107120130", "97107681", "98110230", "108115570", "108114040", "105112240", "110115710", "105115380", "108119550", "112117210", "98107210", "113121950", "113122230", "109117431", "99105921", "111119250", "98110710", "113118820", "113122650", "101117580", "112116810", "110121170", "109119010", "100109330", "101108500", "99108330", "104111780", "108118520", "102110890", "105116441", "111117120", "99120010", "112118161", "111115910", "102110750", "100108080", "105113260", "99109840", "110114321", "112121010", "106119580", "113118810", "99108080", "111116640", "105114220", "99107640", "105118740", "99109740", "102111990", "103117461", "99112641", "111121351", "113117401", "113121220", "105119550", "113120260", "108113700", "112121360", "110113591", "104117200", "97112290", "109114651", "106120640", "106114880", "102109850", "113119340", "110116501", "102121440", "108118630", "103113210", "111120220", "113122120", "111116750", "104111711", "106113170", "111117000", "112118421"], "labels": [0, 0, 0, 1, 0, 2, 1, 0, 3, 1, 1, 3, 3, 2, 1, 3, 0, 1, 2, 3, 1, 0, 1, 2, 1, 0, 2, 0, 1, 0, 0, 2, 1, 1, 3, 2, 0, 1, 3, 3, 1, 0, 0, 3, 3, 0, 0, 1, 0, 3, 0, 3, 2, 1, 1, 3, 1, 0, 2, 0, 1, 1, 0, 0, 1, 2, 3, 3, 3, 0, 1, 2, 1, 1, 1, 1, 3, 1, 1, 1, 1, 2, 0, 2, 3, 3, 2, 3, 0, 3, 1, 3, 0, 0, 1, 2, 2, 0, 2, 1, 0, 3, 2, 1, 2, 3, 3, 3, 0, 3, 1, 1, 3, 2, 0, 1, 0, 3, 3, 1, 3, 0, 3, 0, 3, 1, 3, 3, 0, 1, 0, 3, 2, 1, 3, 3, 1, 3, 1, 0, 0, 3], "predicted_labels": [3, 3, 3, 1, 0, 1, 3, 3, 3, 2, 0, 2, 0, 1, 0, 2, 3, 2, 1, 0, 3, 1, 0, 2, 1, 0, 0, 1, 0, 3, 2, 2, 0, 1, 3, 1, 0, 0, 1, 3, 1, 3, 2, 1, 2, 3, 1, 1, 3, 2, 0, 3, 1, 1, 1, 2, 0, 3, 1, 3, 0, 1, 3, 3, 3, 0, 2, 1, 2, 2, 1, 0, 1, 1, 1, 2, 3, 1, 0, 0, 1, 1, 2, 1, 0, 1, 1, 1, 0, 1, 1, 1, 1, 2, 1, 3, 2, 3, 0, 1, 1, 3, 2, 0, 3, 2, 3, 0, 2, 0, 3, 3, 0, 2, 2, 0, 3, 0, 3, 1, 1, 1, 0, 0, 1, 3, 0, 1, 1, 2, 0, 3, 1, 1, 2, 0, 1, 3, 3, 1, 3, 1], "confidence_scores": [[0.002631776647944773, 0.0027332061433668624, 0.0008711969705918373, 0.9937638202380966], [0.44306563982856756, 0.0003488826717445404, 0.0009954839090278846, 0.55558999359066], [0.12119346741862216, 2.3993807905582734e-05, 1.1162879575408082e-05, 0.8787713758938968], [1.0219962961724922e-07, 0.9979384864052004, 0.0020603444998372644, 1.0668953324836386e-06], [0.6139531512893253, 0.37364436191756745, 0.004686228137136051, 0.00771625865597132], [0.001115997482000277, 0.8251411972502707, 0.1726794301909122, 0.001063375076816748], [3.8248089569306856e-08, 0.006343425746086396, 0.04293378875095193, 0.9507227472548722], [4.3132602401585995e-08, 5.165615711400922e-06, 0.4519686102236209, 0.5480261810280653], [4.651002413859735e-05, 0.0002844855975085036, 5.309114468873474e-06, 0.999663695263884], [0.0001963765493864457, 0.00425590915022789, 0.9835350757970845, 0.012012638503301136], [0.9988764918662093, 0.0009856724114625944, 4.6743905566669365e-06, 0.0001331613317713462], [0.031155782022560998, 0.0003310751562517419, 0.9520616213749906, 0.01645152144619655], [0.999930675937267, 1.0650242291379729e-05, 5.8589097702073615e-05, 8.47227395561792e-08], [0.1336641563129621, 0.4872585996341435, 0.27494992992424405, 0.10412731412865045], [0.6570623969535602, 0.34272027450459747, 0.0001074000922400809, 0.00010992844960232691], [0.000325444032592707, 0.09139084057204505, 0.9065590355230218, 0.0017246798723405657], [0.46066252257869456, 0.004327986650941681, 1.956715661467267e-05, 0.5349899236137491], [0.0008052814211600266, 0.04778667130036037, 0.9513582429742553, 4.9804304224232225e-05], [6.403519231096481e-08, 0.999769055803933, 3.638272299956038e-05, 0.00019449743787528233], [0.895317171339325, 0.064242653986236, 0.000290770009797582, 0.04014940466464148], [0.0006610969041067184, 0.0012489068857607169, 0.000308097598150534, 0.997781898611982], [0.06874220135287014, 0.5812115934045717, 0.00021189429948046721, 0.34983431094307765], [0.9678119038693657, 0.02003860030814824, 0.0019032853214488946, 0.010246210501037103], [1.0575453344707272e-05, 0.00010214178363793481, 0.9998158032946917, 7.147946832579375e-05], [0.0757393245877343, 0.5081846400507938, 0.0013025740671489994, 0.41477346129432285], [0.5210880198555409, 0.0002319193188480885, 0.0018553591757107168, 0.47682470164990026], [0.8853690146742019, 0.06846672364315146, 0.04615049159519412, 1.3770087452457709e-05], [0.004985309992093785, 0.9908257049516608, 0.0003487449011237752, 0.0038402401551217327], [0.7881282437608845, 0.001615397261688532, 0.19562420309273104, 0.014632155884696104], [0.0004744536645126197, 0.025255507729129045, 0.0032502352354963405, 0.971019803370862], [0.10136338176938321, 0.004387479969765812, 0.8809564074805223, 0.013292730780328573], [0.0004463517852476124, 0.21842783983063485, 0.7524629714541805, 0.028662836929937], [0.8560748578785219, 0.001530111281491667, 0.14238979675810698, 5.234081879285301e-06], [0.0002459415526060334, 0.9949565277777437, 0.004293121660462666, 0.0005044090091877693], [0.00019969802973444909, 0.47040956291717967, 0.006688306373070363, 0.5227024326800155], [0.0018611394147953063, 0.7729763834743325, 0.00020216128367371217, 0.22496031582719875], [0.6271366424867741, 0.014885439491771919, 8.163536564403323e-05, 0.35789628265580986], [0.912723690179657, 0.0008505074749535223, 0.05109466535687707, 0.03533113698851233], [0.0911320693317363, 0.49178790073726275, 0.006846758351686241, 0.41023327157931455], [3.303187573289034e-05, 2.515527883172337e-05, 0.0005912412636870484, 0.9993505715817482], [0.021907833054388703, 0.9079633064079173, 0.0024174105971743213, 0.06771144994051975], [0.44460095770693636, 1.0184528442217297e-07, 0.0009519220849177419, 0.5544470183628616], [0.009158867439859598, 0.08091660395771955, 0.9063717730018402, 0.003552755600580604], [0.0012322081414940576, 0.9983347411899037, 0.0004102698671773385, 2.278080142502067e-05], [0.005485406157520942, 0.2568950147376682, 0.7332719931828943, 0.004347585921916658], [0.1586537258476736, 0.009389076293253806, 0.036690629703893404, 0.7952665681551793], [2.9072875535235903e-09, 0.9989398957240724, 9.558238225373307e-06, 0.0010505431304147625], [0.029215807211633343, 0.7343959132239175, 4.48516890587298e-05, 0.23634342787539056], [0.24095654280833215, 0.004558690921373116, 0.025025246043673028, 0.7294595202266217], [0.00019556847249859718, 0.2528476499246975, 0.730504055013691, 0.01645272658911294], [0.986543984066127, 0.012582191181096464, 0.000865665270771783, 8.15948200458621e-06], [1.97145014999161e-05, 1.2937397260602551e-09, 8.069998737343607e-07, 0.9999794772048867], [0.0037690393473105975, 0.9939395198166859, 5.1874526118848044e-05, 0.0022395663098846797], [0.0005797231243939263, 0.9817353016407857, 0.00041032329417342925, 0.01727465194064702], [0.00015486664689222062, 0.9997541339610702, 6.115170133497353e-10, 9.099878052073756e-05], [4.3819285195961175e-05, 8.309584265463413e-05, 0.9961985789614733, 0.003674505910675945], [0.9940515765518894, 0.005942403614965848, 2.6902041575933777e-06, 3.329628987252902e-06], [2.922023851384743e-09, 3.7675889769077434e-07, 5.208063718278855e-07, 0.9999990995127066], [5.911419371320583e-05, 0.8710125269471819, 0.12763696443718922, 0.001291394421915904], [0.00024655616776586776, 0.00012327944513986855, 7.659399281766554e-06, 0.9996225049878125], [0.9980438550776828, 0.0007075301337197794, 0.0001757609862297591, 0.0010728538023677492], [0.005865372001646994, 0.9938086651374947, 1.3954356391063316e-07, 0.00032582331729452614], [0.0010425247715445324, 0.00031557728903399643, 7.536317202917342e-05, 0.9985665347673923], [8.388771417239315e-06, 0.32339649176609486, 2.0172645602195725e-06, 0.6765931021979276], [0.006053601762919965, 0.001537086232650356, 1.613569925774665e-06, 0.9924076984345039], [0.7041641142004728, 0.03490984677604578, 0.2609259152245278, 1.2379895363531335e-07], [9.89585219890878e-09, 2.7930070522029363e-05, 0.9934551247003727, 0.0065169353332531375], [1.3875729954949992e-05, 0.9999803780970717, 1.959915774330594e-06, 3.7862571987564466e-06], [2.4094364033192367e-06, 0.00013926994331598806, 0.9949702478538477, 0.004888072766433024], [0.023376161403142075, 0.011926371304821836, 0.5488102400059983, 0.4158872272860377], [0.011512052489271335, 0.6078893715645435, 0.06114158764414223, 0.319456988302043], [0.8359102428101581, 0.05452012737956699, 0.09361153141015402, 0.015958098400121013], [4.295152950918215e-06, 0.9735796399389864, 0.0039986636520528765, 0.02241740125600978], [0.026544816612295873, 0.7897955932809926, 0.0005404413237186763, 0.18311914878299276], [0.1991120482542009, 0.7266832995562849, 0.0479889386751555, 0.026215713514358807], [1.2219127196019069e-06, 0.0046968503890725535, 0.9861002301875584, 0.0092016975106493], [0.022030308004760597, 0.0014561391227137603, 0.33578404371697274, 0.6407295091555528], [0.07069273032993559, 0.9168173277248987, 0.012135052182739569, 0.00035488976242615617], [0.7592058356344727, 0.1389320855197083, 0.08809839048362145, 0.013763688362197568], [0.9964664690319079, 0.00045089245199930766, 0.0030825004025424384, 1.381135502634157e-07], [2.0446778955152944e-05, 0.964929999604111, 0.005956929948395977, 0.02909262366853781], [0.003318254754666469, 0.9593542060000834, 0.00010277355008433073, 0.03722476569516607], [0.01430075518496309, 0.28827654208737385, 0.694156750059611, 0.0032659526680521404], [0.017150096973268285, 0.7732362786833603, 5.647855703177168e-05, 0.20955714578633983], [0.9855995234324608, 0.012290449592415171, 2.328115831304565e-06, 0.0021076988592930146], [0.0003469042708022968, 0.7255212744484757, 0.26552222108134294, 0.008609600199379086], [0.00016080488542488176, 0.9898475834445439, 0.003604668217720776, 0.006386943452310499], [0.03402540012587771, 0.5589947951051122, 0.0429677277332867, 0.36401207703572347], [0.9996034460428405, 0.0003801733000701779, 2.0430485362613444e-06, 1.4337608552931163e-05], [1.1851551116474321e-05, 0.9928934200353248, 6.883940576826032e-06, 0.007087844472982043], [0.10850286304479274, 0.7041163992719356, 0.14952431162348803, 0.03785642605978353], [6.685375417058007e-07, 0.9999786483512667, 2.228027208771399e-06, 1.8455083982991922e-05], [2.1733934612139783e-05, 0.8437729551153321, 0.006524926076251682, 0.1496803848738043], [0.47200644241629613, 0.001083475507576797, 0.4902204233190987, 0.03668965875702836], [0.0003949488514388235, 0.9991116720084852, 1.3323021777628108e-07, 0.0004932459098581552], [0.0020330306885559886, 0.35991081265724195, 0.12487726704511329, 0.5131788896090889], [0.2462605510136172, 0.00013953974090734027, 0.749376816021731, 0.004223093223744483], [0.0008315404236711009, 0.07354782435807533, 2.1991973830821854e-07, 0.9256204152985152], [0.9291960083745284, 0.00986263809400034, 0.03863046790314281, 0.022310885628328423], [3.2223026745559685e-05, 0.9383498619124524, 0.0616156171622711, 2.297898530796338e-06], [5.506153783967962e-06, 0.9999638553251595, 2.5758613024068873e-06, 2.8062659754117034e-05], [0.00033558084289199766, 0.025515831444525912, 0.0008098038971742439, 0.9733387838154078], [8.762810175928555e-05, 0.002812312628557952, 0.9874990430267716, 0.009601016242911247], [0.5549761308742188, 0.44163304998215447, 0.0013412865656665135, 0.002049532577960171], [0.3014157786713579, 0.24362118073477662, 0.11590858533171701, 0.33905445526214856], [0.2676850772677195, 0.12073931153924686, 0.6109488162612741, 0.0006267949317595652], [1.1744045960125975e-10, 1.1254978904067559e-08, 2.4500415925315976e-07, 0.9999997436234214], [0.9607805115697419, 0.015177090034290339, 0.01714607021778185, 0.006896328178185989], [0.0780223270409412, 0.017111842563832285, 0.9048646774876147, 1.1529076117526027e-06], [0.9953944592712289, 0.0036513711757211365, 7.4420699012986195e-09, 0.0009541621109799911], [0.0029296197806364978, 0.0007802111734286004, 0.00010446748094157767, 0.9961857015649933], [0.02713474618448615, 0.00011473356456199405, 0.3949196407054158, 0.5778308795455361], [0.29762331966223504, 0.1306197122930834, 0.2885830772152274, 0.2831738908294541], [0.03554216055146363, 1.2815173701330084e-05, 0.922831736116472, 0.041613288158363036], [3.380030238983402e-05, 0.14451288689836606, 0.5796156308104432, 0.27583768198880093], [0.9968414762723097, 0.000541189275225543, 3.569444682104882e-07, 0.00261697750799668], [0.10773822019343304, 0.02511429171029429, 1.334511285986713e-05, 0.8671341429834127], [0.8393486045564784, 0.16006551966439386, 0.00038662972566355717, 0.00019924605346405858], [1.2478920429089601e-05, 1.5356516401785413e-06, 0.00016690005803858687, 0.9998190853698922], [0.00024375903979339674, 0.9987398143213655, 1.9358911390622253e-05, 0.0009970677274507042], [8.783479918305078e-05, 0.9980715480429427, 4.3591586060932284e-05, 0.0017970255718133554], [0.004289581884873466, 0.9944319345766706, 0.0012744269887762856, 4.05654967978344e-06], [0.9908435941939997, 0.003372835757212774, 3.642717102365944e-08, 0.0057835336216165755], [0.9924902282901433, 0.0025235758828868527, 4.4929270604659225e-10, 0.0049861953776771445], [0.0001609775986418536, 0.6979294726898869, 0.02502660779134077, 0.2768829419201305], [0.044810247003753495, 0.023356825184309808, 0.0359102418980948, 0.8959226859138419], [0.9832680300560959, 0.016711888763263943, 5.731691692885928e-06, 1.4349488947104436e-05], [0.0001906158339848568, 0.9901431140239585, 0.0096656550059068, 6.151361499947389e-07], [9.082593849897036e-07, 0.9825706234562931, 0.017425708389519828, 2.759894802084342e-06], [0.22364527774005621, 0.06785101475382505, 0.7084961792857574, 7.528220361340238e-06], [0.9785449677386383, 0.012204948599548565, 1.279048001337692e-06, 0.00924880461381191], [0.2837603215543737, 0.008736328911767507, 2.8922531469709923e-06, 0.7075004572807118], [6.595501690098533e-05, 0.6899586837349377, 0.047047903657817136, 0.26292745759034414], [9.893123360857583e-05, 0.7441896415039774, 0.0031023537319045205, 0.2526090735305094], [0.011490124680966258, 0.20152044974199632, 0.6832606755331967, 0.10372875004384065], [0.9999040377553645, 8.599381735974625e-06, 8.419739994637723e-08, 8.72786654994815e-05], [0.0056986932876918125, 0.9942835220475451, 1.7560731709968635e-05, 2.239330532857572e-07], [0.01905440029143687, 2.2245818080352767e-06, 0.2555848272369786, 0.7253585478897765], [6.546923993214678e-05, 0.0028118376425677943, 0.13006367069555486, 0.8670590224219452], [6.442457493909744e-06, 0.9999778935177069, 2.008480286996196e-11, 1.5664004714377734e-05], [0.009483303700414192, 4.501089018147987e-07, 1.384278154603094e-05, 0.990502403409138], [0.0004155036435384086, 0.9495221357208813, 0.008402732022124378, 0.04165962861345577]]}, "rewritten": {"ids": ["97107681", "97107920", "97112170", "97112290", "97112300", "97116401", "97118210", "98106560", "98106680", "98107210", "98107340", "98108410", "98110230", "98110710", "99105921", "99107640", "99107950", "99108080", "99108330", "99108460", "99108890", "99109740", "99109840", "99112641", "99114890", "99120010", "100108080", "100108260", "100108490", "100109330", "100109360", "101108080", "101108500", "101112160", "101117580", "102109850", "102110750", "102110850", "102110890", "102111990", "102112030", "102121440", "103110100", "103111620", "103113210", "103117461", "103120730", "104111711", "104111780", "104113170", "104117200", "105112240", "105113260", "105114220", "105115380", "105115680", "105116441", "105116650", "105116860", "105116980", "105117351", "105118740", "105119550", "106113170", "106114150", "106114880", "106115120", "106115250", "106116640", "106119580", "106120640", "107113200", "107114490", "107114621", "107114950", "107118780", "107120130", "107120260", "108113700", "108114040", "108115570", "108116070", "108118520", "108118630", "108119330", "108119550", "109114651", "109117431", "109117600", "109119010", "109119340", "109120560", "109121640", "110113591", "110113931", "110114321", "110115710", "110115980", "110116501", "110117140", "110118301", "110118701", "110120531", "110121170", "111115910", "111116110", "111116530", "111116640", "111116750", "111117000", "111117120", "111119250", "111119930", "111120220", "111120280", "111121351", "112116610", "112116640", "112116810", "112117210", "112117580", "112118161", "112118421", "112118701", "112119950", "112120700", "112121010", "112121360", "113117401", "113118490", "113118810", "113118820", "113119340", "113120260", "113120280", "113121190", "113121220", "113121410", "113121950", "113122120", "113122230", "113122650"], "labels": [3, 0, 0, 1, 2, 3, 2, 1, 1, 1, 0, 1, 3, 2, 1, 1, 1, 3, 1, 0, 0, 3, 2, 1, 2, 2, 0, 3, 2, 0, 0, 0, 3, 3, 3, 1, 1, 3, 0, 2, 2, 2, 1, 0, 3, 0, 1, 1, 3, 3, 3, 1, 3, 3, 1, 2, 1, 1, 2, 0, 0, 1, 1, 0, 1, 0, 1, 2, 3, 3, 3, 0, 3, 0, 3, 1, 2, 1, 0, 0, 3, 1, 0, 1, 0, 1, 3, 1, 1, 3, 3, 1, 0, 0, 1, 1, 2, 1, 3, 3, 1, 3, 0, 2, 2, 3, 3, 0, 3, 0, 2, 1, 1, 3, 0, 0, 1, 0, 3, 1, 0, 0, 3, 0, 0, 2, 2, 3, 3, 1, 3, 0, 0, 3, 0, 1, 3, 0, 3, 1, 1, 2], "predicted_labels": [2, 1, 0, 0, 0, 2, 2, 0, 1, 2, 3, 0, 1, 1, 0, 3, 2, 0, 2, 3, 1, 3, 2, 0, 2, 0, 1, 3, 1, 0, 3, 3, 1, 2, 0, 1, 1, 2, 0, 0, 1, 3, 3, 0, 0, 3, 1, 3, 1, 2, 1, 1, 3, 0, 1, 1, 1, 2, 1, 3, 0, 2, 1, 1, 0, 1, 1, 2, 3, 2, 1, 0, 1, 0, 3, 0, 0, 0, 0, 0, 2, 0, 1, 2, 0, 1, 0, 0, 1, 2, 0, 2, 0, 0, 1, 0, 2, 3, 3, 0, 1, 0, 0, 0, 0, 3, 1, 2, 3, 3, 2, 1, 0, 0, 3, 0, 2, 0, 1, 0, 3, 1, 1, 0, 0, 2, 0, 0, 0, 0, 3, 0, 0, 1, 0, 1, 3, 3, 2, 0, 0, 0], "confidence_scores": [[2.2430806507385137e-06, 0.0017521656380060345, 0.9655714166888986, 0.03267417459244458], [0.0032314816994656174, 0.9828597995633781, 2.4904025802429553e-05, 0.013883814711353738], [0.9940683793251428, 5.2667500890133165e-05, 0.005747653436943543, 0.00013129973702374044], [0.716679476874884, 0.015592070353660184, 0.0046581386238035835, 0.2630703141476523], [0.9782321479678905, 0.020574511755153933, 0.001186746844029803, 6.593432925731636e-06], [0.40354090454512653, 0.03373787394486596, 0.5554503278806489, 0.007270893629358527], [0.0024842582339134204, 2.358134922916068e-05, 0.9958979317069939, 0.0015942287098633775], [0.9999880114198761, 5.661456065469703e-06, 6.200440704376674e-06, 1.2668335395089502e-07], [1.575231554583951e-05, 0.9981121831733324, 0.001632468516479552, 0.00023959599464227173], [1.349710268369948e-05, 0.002708994184840516, 0.9969654658652649, 0.00031204284721089053], [2.1041461837652167e-07, 1.304813287162019e-06, 0.3124736076040883, 0.6875248771680061], [0.9931799173177585, 0.0068124491654530245, 2.1525036806221973e-06, 5.4810131080100545e-06], [2.94755730441881e-05, 0.9999655616158968, 3.012280370419853e-07, 4.661583022068362e-06], [0.002220362615255964, 0.9971949443613983, 5.194157305372658e-07, 0.0005841736076150315], [0.9993283853038499, 0.00032183921239964223, 0.0003496121495477776, 1.6333420284762575e-07], [0.02380067417645664, 7.154778130263972e-05, 4.926970649475342e-06, 0.9761228510715914], [0.0003271769957096813, 0.15968072581600606, 0.7736038851219971, 0.06638821206628731], [0.9237574295886288, 0.0754020015815291, 0.0008308961734940014, 9.672656348188637e-06], [0.2764743510338931, 0.05272446526161229, 0.5214338132078722, 0.14936737049662235], [2.168825800771867e-05, 0.0006696465507409041, 3.43500243099108e-08, 0.999308630841227], [2.3433784700850746e-07, 0.983652996945795, 1.9339643912010025e-05, 0.01632742907244587], [0.33609832577251, 0.00014174072718337792, 0.22713598600557097, 0.4366239474947356], [0.00150719776448707, 0.008470715030507375, 0.9836440063451241, 0.0063780808598816], [0.9026937503168168, 0.09692930725881568, 8.067733426901237e-06, 0.00036887469094056284], [0.0021733415687097924, 0.20376721140124593, 0.7939914898868319, 6.795714321251112e-05], [0.9759733720490023, 0.00014971210126568202, 0.020464581595931817, 0.00341233425380022], [0.0023410024525135366, 0.994391033775662, 1.4326162457237789e-06, 0.0032665311555787374], [0.20761770096617455, 0.10781636951983839, 5.011331895163827e-05, 0.6845158161950354], [0.13173895453334844, 0.8552447985336541, 0.005289001126994182, 0.007727245806003268], [0.9985401606052374, 0.0014416466329880287, 2.496232741870216e-06, 1.5696529032612595e-05], [0.07087821397937363, 0.03203930802421793, 0.004402028152969238, 0.8926804498434392], [0.0026999846623968296, 0.0014882138535678292, 4.30138725243625e-06, 0.9958075000967829], [0.16284339436932813, 0.7737721506403173, 0.00016716236215174002, 0.06321729262820283], [0.00012543269596695797, 1.765407925279019e-05, 0.9993989718993814, 0.00045794132539881896], [0.9952202627985539, 0.004741091675174286, 2.237698742437633e-08, 3.862314928448967e-05], [0.07034441475916543, 0.92446975050214, 0.005180929281468523, 4.905457226098721e-06], [0.0003203998435294427, 0.6222098605912053, 0.3774695491147212, 1.9045054405811972e-07], [0.05298092262769286, 0.05665080012952204, 0.8902281490679809, 0.00014012817480437984], [0.9999009504641895, 1.4409505532294743e-06, 3.7743055630380633e-05, 5.986552962686785e-05], [0.7778332210496581, 0.00011148161718855552, 0.1684646592462685, 0.053590638086884836], [0.02433642652050516, 0.9181001059438886, 0.0006140111243638253, 0.056949456411242445], [0.0004230086792944342, 0.09972818444918931, 0.19169572216732453, 0.7081530847041918], [0.015941645617114107, 0.2785323716112059, 1.4611315495435039e-05, 0.7055113714561845], [0.9908366677901941, 0.00010470038065207167, 0.009026302574312693, 3.232925484125045e-05], [0.788542194907024, 0.16930992830093805, 0.04071114164726771, 0.0014367351447700345], [2.1684025622026864e-05, 0.0008894010247656383, 0.3071657693827341, 0.6919231455668783], [0.08885089225765844, 0.9108628537540677, 2.275653276465065e-05, 0.00026349745550916713], [1.806759454595741e-05, 0.01030218855820368, 0.22429272629417685, 0.7653870175530735], [2.8409901536513447e-05, 0.9997980322498321, 6.197631406917335e-06, 0.0001673602172244525], [0.006135107138132827, 0.06726774539106636, 0.9256065581846382, 0.0009905892861625557], [0.0018483760404463556, 0.689088594014858, 0.3015755910864291, 0.007487438858266454], [0.015158589178548053, 0.4299970489003085, 0.39335946604770883, 0.1614848958734346], [8.459937031649875e-06, 9.495084830635871e-06, 7.550890796551731e-06, 0.9999744940873411], [0.9973188712287137, 0.0018480495696681042, 1.6833245961733812e-08, 0.0008330623683721742], [2.393504284659889e-05, 0.9602842887192949, 0.033184031649925304, 0.006507744587933089], [3.7016996766065324e-08, 0.9999598622605732, 2.8712942867960203e-05, 1.1387779562219095e-05], [0.421464730132598, 0.578535145244647, 5.059675476793708e-09, 1.1956307934477043e-07], [0.002430788017499802, 0.008026626827601168, 0.9890059968703344, 0.0005365882845645839], [0.02250548491841901, 0.9675103956642912, 1.8430366819664855e-05, 0.009965689050470109], [0.3052278700368383, 0.0010202722884702323, 0.00040328003990907935, 0.6933485776347823], [0.9118410561797625, 6.232052261402025e-07, 0.0012703946855897373, 0.08688792592942171], [0.02380260845457005, 0.0004279649166790396, 0.9422327325927, 0.03353669403605093], [0.0022372203382868467, 0.9952321048060796, 4.763896392374359e-05, 0.0024830358917097297], [0.013157054171002347, 0.9843185410026116, 4.4511098385450375e-08, 0.0025243603152876252], [0.581006915831584, 0.37343320741701186, 0.02664767814861399, 0.018912198602790014], [0.00010589562882043114, 0.906536725021911, 0.09333015209995678, 2.7227249312006266e-05], [0.0034019191556492793, 0.9965211131257576, 3.5714907012205e-08, 7.693200368602653e-05], [0.02182245147912803, 0.3159435776865677, 0.662220483883295, 1.348695100911608e-05], [9.879032024247195e-05, 1.0353324884244889e-07, 2.516620133257981e-07, 0.9999008544844954], [0.18996408255958191, 0.08745380636865081, 0.7171192478004716, 0.005462863271295647], [0.0014131045360769043, 0.9928050215817185, 0.005781321642141564, 5.522400632001112e-07], [0.9878008421898105, 1.6846138581492035e-07, 0.001734206615957359, 0.01046478273284622], [4.453567055015855e-05, 0.9886749751206253, 0.00340557731892234, 0.007874911889902405], [0.997113594692395, 0.0021389260141391887, 5.497179542888709e-06, 0.0007419821139231255], [0.0003274126867447655, 0.1046782684009983, 1.59407099890393e-05, 0.8949783782022679], [0.6885635394494859, 0.13338448063569786, 1.4324706290222168e-05, 0.17803765520852602], [0.8010187254003968, 0.03758929620260124, 0.1613858189329585, 6.159464043468191e-06], [0.9988238095531429, 0.0011689367244273063, 4.422935226858113e-06, 2.8307872030846266e-06], [0.9711896875857019, 0.024056063258948275, 0.004751501383869896, 2.747771479738474e-06], [0.7150267085994728, 0.08011788234823014, 0.03065610381775355, 0.1741993052345435], [2.20412978394605e-06, 4.8137125044996916e-05, 0.9853153229185764, 0.014634335826594689], [0.5511627041520246, 3.119255258617611e-05, 0.4488006169717783, 5.48632361089463e-06], [0.00022800759056537976, 0.9810045660456802, 0.0011962585893013583, 0.017571167774453042], [0.003985719916926441, 0.12100056227167871, 0.44438011437675434, 0.4306336034346405], [0.9893498439634202, 0.0011420376019536844, 0.0001027371652702091, 0.009405381269355799], [0.3782019639949019, 0.5116467217263696, 0.002322293034549324, 0.10782902124417913], [0.9997013093920883, 0.00029839131187630116, 4.193066130246155e-08, 2.573653740068889e-07], [0.9881733562484035, 0.006449418634523301, 0.0047477653145518136, 0.0006294598025214333], [0.010835115239189286, 0.9086893179398846, 0.03421936345645713, 0.04625620336446892], [0.0836360889545846, 0.010717894915959876, 0.8531701343142932, 0.05247588181516238], [0.9834800728038146, 0.0003914984259075443, 0.0022006004240282396, 0.013927828346249695], [0.0004590989195276661, 0.023334087237895762, 0.9742871433990944, 0.0019196704434821014], [0.4971637726774609, 0.26751603299278215, 0.19903614049510068, 0.036284053834656334], [0.967483078390936, 0.027353164790559357, 5.756620484681677e-10, 0.005163756242842582], [0.0012614840857096507, 0.8822753919155027, 7.295875514375617e-06, 0.1164558281232732], [0.9455972160829236, 0.05429612440149534, 1.2132653854479909e-06, 0.00010544625019554646], [0.04852405115136703, 0.04304192045581582, 0.8006418637806164, 0.10779216461220074], [0.011456788871493772, 0.03984956358145983, 2.4775501036199626e-05, 0.9486688720460101], [0.1826325911511789, 0.16037444276704066, 1.993684284829859e-05, 0.6569730292389321], [0.47265890044416464, 0.12260660111262232, 0.00018124784213697026, 0.40455325060107605], [0.004524929735451468, 0.9954687611363662, 3.408609956077008e-09, 6.3057195724976775e-06], [0.9946153507013457, 4.068763713958118e-06, 0.0053805583903547395, 2.2144585713637495e-08], [0.9774615845154805, 0.0024360076334126774, 9.056239213604749e-07, 0.020101502227185274], [0.9886908795150692, 0.0014129197665240002, 0.009838360657445958, 5.7840060960784586e-05], [0.8482505985606471, 0.0015412708050790032, 0.14932426374989505, 0.0008838668843786607], [7.429630483569492e-07, 2.723249720765548e-07, 0.0007394359837822022, 0.9992595487281973], [0.019426529300406063, 0.9805689059616236, 2.7552377061622382e-06, 1.8095002641742153e-06], [0.24737337678053953, 0.025681675421134236, 0.7269446506343751, 2.9716395127361407e-07], [0.09262471429574576, 4.204198036632526e-05, 0.3034273167762664, 0.6039059269476216], [0.01662888866629483, 7.570098479636781e-06, 0.00023715979404370695, 0.9831263814411819], [0.002084904912013817, 0.03258767950780336, 0.5078142549041176, 0.45751316067606523], [5.108799228356529e-07, 0.9888666443777825, 0.009897793154497396, 0.0012350515877971187], [0.9989621466990433, 0.00025879991312378474, 3.91852925097443e-05, 0.000739868095323106], [0.9999900320709553, 6.820055629632582e-06, 1.1747023151508544e-07, 3.0304031836789897e-06], [0.162600280340438, 0.02142083955641797, 0.0005620555949238725, 0.8154168245082202], [0.6959027783622913, 0.010332856575392617, 7.689375083881992e-06, 0.2937566756872322], [0.027183729690606274, 0.0003209420258139775, 0.9379022087652588, 0.03459311951832106], [0.9330759557316665, 0.0009778016760213029, 0.020325402007723873, 0.04562084058458858], [5.672541409533386e-05, 0.9835478146634632, 0.016377674916270134, 1.7785006171086313e-05], [0.5846673835530876, 0.25189019164487503, 0.14479975618112742, 0.01864266862090998], [0.017986357967000204, 0.006024860791299413, 0.005616102654819996, 0.9703726785868805], [0.009163037323356825, 0.6715696799999664, 1.8584231219252018e-06, 0.3192654242535549], [0.001993395723008935, 0.49447615346068585, 0.02994294890819864, 0.4735875019081068], [0.42177742987027067, 0.26963270151723645, 0.2510498925931578, 0.05753997601933494], [0.5136329502090474, 0.0001537545719406435, 1.33426787282164e-06, 0.486211960951139], [0.02427398927040292, 0.1481473973888623, 0.8110129402962978, 0.016565673044437006], [0.8619468306604244, 0.041903360958034326, 0.08990885345169028, 0.006240954929851058], [0.9964035942089837, 0.00029247833313050933, 3.4833499117886004e-09, 0.003303923974535799], [0.8475187187316744, 0.1500191438349926, 0.0007622045089059239, 0.0016999329244269422], [0.6560588655993914, 0.002221113345824486, 0.3146330477725531, 0.02708697328223093], [3.2337660372132155e-09, 2.7681146473621472e-08, 0.0001545022407921442, 0.9998454668442953], [0.5804214572784137, 0.21487916510230834, 0.19895558424282578, 0.005743793376452161], [0.9454095628214119, 0.04345077755927676, 8.215612840387568e-06, 0.01113144400647104], [0.00067472009333497, 0.9947929316771217, 0.0006214080353367711, 0.003910940194206735], [0.6369922243050253, 1.0519998702092744e-05, 0.00019524338349785267, 0.3628020123127748], [0.164390789863319, 0.8154420844479975, 0.01983048263504398, 0.0003366430536395791], [0.00043638904435186, 1.6852568311389792e-06, 0.018055813372036898, 0.9815061123267802], [1.0597579270844252e-06, 8.495284110204276e-06, 1.0060547013578273e-05, 0.9999803844109492], [0.0676213091715382, 0.0003281259656423552, 0.8071420313563206, 0.12490853350649893], [0.8913605323989909, 0.10832229562542116, 0.0003140899947181303, 3.081980869891745e-06], [0.5244122205939039, 0.3280097365184987, 0.14749360440359574, 8.443848400169142e-05], [0.5344069351077538, 0.40693921491497065, 0.0025599994904826184, 0.056093850486792864]]}}