{"test": {"ids": ["99108890", "101108370", "112120700", "103109791", "112117571", "97106591", "97106000", "113118490", "99108000", "113122180", "99108080", "112118701", "104111380", "110116170", "112117461", "107119950", "112119120", "105117200", "111116530", "113118511", "111114171", "98110810", "111121351", "102108621", "113118690", "109117600", "111114941", "97105960", "98119591", "107114280", "108115570", "110118121", "110121500", "104113550", "108114270", "110114651", "113120751", "97105760", "110118111", "107113260", "109119450", "110118181", "110116290", "110119891", "101112540", "100109801", "97107681", "108115970", "111119610", "112116800", "98106880", "109113591", "107113840", "110115250", "99112840", "104117200", "108119330", "103111540", "100108080", "111120640", "100115700", "97116500", "112118860", "101109000", "104113190", "112121430", "110114920", "110117500", "107114780", "110115980", "105116650", "105115250", "109114030", "105116090", "99120010", "104113170", "104119340", "111119950", "111119250", "111121930", "111120320", "98112300", "100108490", "102109840", "108115500", "112116810", "109119010", "99108310", "106118820", "102113350", "110118161", "101116130", "110120700", "108120621", "110120560", "113119320", "107120010", "105110091", "104112470", "110117870", "97106600", "112116610", "109119340", "105118740", "113117340", "109116170", "113122230", "98107340", "112121030", "98106560", "106113170", "107112850", "105120621", "99112641", "112121360", "111119580", "104113210", "111117571", "99109161", "99109311", "102118380", "104111550", "110119300", "100111270", "104111531", "113121950", "113122190", "111120280", "111117480", "112116451", "107113180", "106117790", "105111990", "111115780", "97112170", "108115880", "112120270", "110114561", "111115620", "102110050", "101111990", "113119700"], "labels": [0, 1, 2, 3, 3, 1, 0, 1, 2, 2, 3, 0, 3, 0, 0, 3, 1, 3, 3, 1, 3, 1, 0, 3, 3, 1, 0, 2, 1, 3, 3, 3, 3, 1, 3, 3, 1, 0, 1, 0, 3, 1, 2, 3, 2, 0, 3, 2, 2, 0, 0, 3, 3, 1, 2, 3, 0, 1, 0, 0, 1, 2, 3, 1, 3, 2, 3, 1, 2, 1, 1, 2, 1, 1, 2, 3, 1, 0, 1, 1, 1, 2, 2, 2, 3, 3, 3, 2, 3, 3, 0, 2, 2, 1, 0, 1, 1, 0, 1, 3, 3, 1, 3, 1, 2, 0, 1, 0, 0, 1, 0, 1, 1, 1, 3, 3, 3, 3, 3, 1, 1, 1, 1, 2, 0, 3, 1, 0, 1, 0, 3, 1, 2, 1, 0, 3, 0, 0, 1, 3, 2, 0], "predicted_labels": [1, 0, 1, 1, 1, 1, 1, 3, 1, 1, 3, 0, 3, 3, 1, 3, 1, 1, 3, 1, 0, 2, 3, 0, 3, 3, 0, 1, 0, 1, 1, 1, 1, 0, 1, 0, 1, 0, 0, 3, 1, 1, 3, 1, 1, 0, 0, 1, 1, 1, 1, 1, 1, 0, 3, 3, 3, 0, 3, 3, 0, 0, 1, 3, 1, 3, 1, 0, 3, 3, 1, 3, 0, 3, 1, 1, 1, 3, 3, 3, 3, 3, 1, 3, 0, 3, 1, 1, 1, 1, 1, 1, 1, 0, 3, 3, 3, 1, 0, 3, 3, 0, 3, 1, 1, 1, 1, 3, 3, 1, 1, 1, 0, 1, 1, 0, 0, 1, 0, 0, 1, 1, 0, 1, 0, 1, 1, 0, 1, 0, 1, 1, 1, 3, 3, 0, 3, 0, 3, 1, 1, 1], "confidence_scores": [[0.2704127122877123, 0.2836909312909313, 0.18599069264069265, 0.2599056637806638], [0.2936715062715064, 0.26893854674737033, 0.1490723590135357, 0.28831758796758816], [0.20697402597402598, 0.33692468087468097, 0.19387348762348777, 0.2622278055278056], [0.23326274281274292, 0.3016669514695832, 0.18976462601725766, 0.27530567970041664], [0.23257849095349098, 0.2861883997581365, 0.20673270063270066, 0.2745004086556718], [0.23613500747618404, 0.3053547286047287, 0.2189280164280164, 0.23958224749107127], [0.2033584915084916, 0.2921928793428793, 0.23712500555000565, 0.2673236235986237], [0.2714363941613944, 0.23096535131535154, 0.15602033522033537, 0.34157791930291936], [0.2261778971028972, 0.3351465898480606, 0.1965468789380555, 0.2421286341109872], [0.24500555833055848, 0.28308417415917414, 0.19872616827616835, 0.27318409923409925], [0.2769404761904762, 0.22494886779886802, 0.2068580641580641, 0.2912525918525918], [0.3283925336101806, 0.2817676026587791, 0.13565648403883712, 0.25418337969220334], [0.2529079309579309, 0.2846356865356866, 0.17295318847818864, 0.2895031940281941], [0.25329696414696423, 0.27063003034976707, 0.16902384282384292, 0.3070491626794258], [0.27811078921078924, 0.2802750590912357, 0.16800005745888105, 0.273614094239094], [0.2578161116661119, 0.2645392940392942, 0.20092185233067597, 0.27672274196391844], [0.21001547064047082, 0.28766060051060055, 0.24967161645544006, 0.2526523123934888], [0.25461898101898117, 0.2963765290265291, 0.20480316905316928, 0.24420132090132096], [0.24641912531912544, 0.25086156066156057, 0.15821366411366417, 0.3445056499056497], [0.25276421356421375, 0.2972150543900544, 0.18521557054057053, 0.2648051615051616], [0.2754700577200579, 0.26524139924403095, 0.19012502117765276, 0.269163521858259], [0.2184505855255857, 0.271105674880675, 0.27334977244977254, 0.23709396714396722], [0.29915664335664327, 0.2326078588078589, 0.16100589133089144, 0.3072296065046064], [0.31431897546897536, 0.2567105505605507, 0.14092983682983684, 0.2880406371406372], [0.2498466481231188, 0.21984183573564398, 0.21599870889344572, 0.31431280724779154], [0.27969574314574325, 0.23797930957930968, 0.19734937839937844, 0.28497556887556896], [0.3155977058888826, 0.271160966810967, 0.17936258382140752, 0.2338787434787435], [0.22995421245421246, 0.28993062819533416, 0.20650558559087984, 0.27360957375957395], [0.2892695304695304, 0.26584105894105914, 0.20439032634032633, 0.2404990842490843], [0.2561647990897992, 0.3133118912133619, 0.1960864116275882, 0.23443689806925103], [0.24135274170274165, 0.2954696153519684, 0.2046339200015672, 0.2585437229437231], [0.2567958041958042, 0.29947331794452536, 0.17929605753723407, 0.2644348203224365], [0.2563930078091842, 0.2877789690701456, 0.19812876404641108, 0.2576992590742592], [0.347694277944278, 0.21404033189033192, 0.13896611166611167, 0.2992992784992785], [0.2463594322344323, 0.2947707937487349, 0.17371656399156404, 0.28515321002526905], [0.32460956820956804, 0.25075215895215913, 0.14008290598290601, 0.2845553668553669], [0.29155747030747026, 0.295978221778222, 0.15140647130647142, 0.26105783660783666], [0.30672589828472185, 0.20943094683094698, 0.18973130562248222, 0.2941118492618492], [0.29792234432234443, 0.2536679493708906, 0.1677819513819515, 0.28062775492481395], [0.2374660098071864, 0.2787960872460874, 0.1705216505716506, 0.3132162523750758], [0.20923733488733495, 0.3134126595626597, 0.19797234628117003, 0.2793776592688356], [0.224050643800644, 0.3277310737508104, 0.1910311938061939, 0.25718708864235196], [0.2651746225996227, 0.2556912920412922, 0.20645523920523928, 0.2726788461538462], [0.2253592130092131, 0.30540096015096035, 0.18854804084804094, 0.2806917859917861], [0.18952154316271963, 0.3575943287105051, 0.1814607182033652, 0.2714234099234101], [0.28602386616651315, 0.26885938228438244, 0.16384790373025682, 0.2812688478188479], [0.3239570745044427, 0.2863413863913864, 0.1622610185136501, 0.2274405205905208], [0.22022380952380968, 0.335880982905983, 0.189574913974914, 0.2543202935952936], [0.2409762626262628, 0.3219957264957265, 0.19683424353424367, 0.24019376734376757], [0.1825700077700079, 0.31560786435786436, 0.20620868020868027, 0.29561344766344777], [0.2477911116661117, 0.277080051647699, 0.21200839519957176, 0.26312044148661806], [0.26118234543234553, 0.33063862722245074, 0.13034953102453103, 0.277829496320673], [0.28259067599067605, 0.2937494838494839, 0.1804493950493951, 0.24321044511044534], [0.29293676878676883, 0.27668820799083965, 0.1710363046310417, 0.25933871859135027], [0.20044009324009326, 0.2610193584193586, 0.22939019869019872, 0.30915034965034976], [0.19563622488622504, 0.28338891108891123, 0.2254787296037297, 0.2954961344211344], [0.23850427350427367, 0.25738548396048394, 0.17065092407592408, 0.33345931845931864], [0.31874568209568194, 0.22025629093129093, 0.19578627761127768, 0.2652117493617494], [0.22848614718614724, 0.26361906981907, 0.20741355311355328, 0.30048122988123], [0.23636155788655797, 0.2843142798378093, 0.1887092605107311, 0.29061490176490185], [0.32446130813630825, 0.2098117465867468, 0.19340494782994794, 0.2723219974469975], [0.2660802158625688, 0.25731611444111463, 0.22007123791241454, 0.25653243178390256], [0.2203770424020426, 0.31233925796425815, 0.16296205461205474, 0.304321645021645], [0.25537635326489816, 0.23978975828093496, 0.20651697366960525, 0.29831691478456207], [0.2507662190750428, 0.30295688837306484, 0.1903592851592852, 0.2559176073926076], [0.24458742923742946, 0.24034598734598753, 0.23091933066933057, 0.28414725274725267], [0.2515910145410147, 0.31418269712743396, 0.16151769341769365, 0.27270859491385824], [0.2936575147075148, 0.26634328171828187, 0.14681863136863144, 0.2931805722055721], [0.23547508602508607, 0.2570223665223667, 0.23835784215784223, 0.26914470529470536], [0.27018910533910545, 0.2445794458809166, 0.20133900070517738, 0.28389244807480124], [0.2006691788603553, 0.32222195941313597, 0.22401937343702052, 0.25308948828948835], [0.2554742701742703, 0.26947187812187834, 0.19460668775668777, 0.280447163947164], [0.3185792540792541, 0.25563266227236825, 0.16001709630239053, 0.2657709873459873], [0.2639797166885404, 0.25698624358098054, 0.16969577367077365, 0.30933826605970544], [0.24913204099821765, 0.2747038619876856, 0.21037419606537275, 0.26578990094872446], [0.26112498612498614, 0.2688960650460651, 0.20961497946497953, 0.26036396936396927], [0.22176411366411386, 0.2963201096289331, 0.2086027084027084, 0.27331306830424484], [0.28249249639249646, 0.20589052614052614, 0.16877456709956706, 0.3428424103674104], [0.2620301587301588, 0.2383788247700013, 0.2042618623206859, 0.29532915417915423], [0.2869149295149295, 0.2426796557243927, 0.1765440281940282, 0.2938613865666499], [0.2627724442224443, 0.23062119351237004, 0.21860615691498042, 0.28800020535020543], [0.2885283577533578, 0.19149229659229675, 0.19632309912309925, 0.32365624653124664], [0.23555499777999775, 0.3095272399169457, 0.2040615990218932, 0.2508561632811635], [0.2549538406038407, 0.2265158171893467, 0.2346862973627681, 0.28384404484404485], [0.28758582528582505, 0.27546304806304817, 0.18546734376734386, 0.2514837828837828], [0.25963140748140756, 0.22736120823620845, 0.22422370962370983, 0.28878367465867466], [0.20750188700188713, 0.31391948247830603, 0.1937383005883006, 0.28484032993150643], [0.2362492784992786, 0.31188815082406396, 0.189074799383623, 0.26278777129303454], [0.20677882591264946, 0.304775375441552, 0.21000003134120784, 0.2784457673045909], [0.20649539349539356, 0.2946122904872905, 0.206040517815518, 0.29285179820179824], [0.27650595515595516, 0.2790038477862007, 0.18370432769844539, 0.26078586935939874], [0.21709880952380964, 0.28903600288600306, 0.24155889665889674, 0.25230629093129087], [0.23054301450183814, 0.295981351981352, 0.18123057579675245, 0.2922450577200578], [0.2818817127317127, 0.26153261636024805, 0.1831901504927821, 0.2733955204152574], [0.25655632896515257, 0.22224888999889006, 0.22969498442733746, 0.29149979660862024], [0.23515908503261462, 0.28346850371850374, 0.17310672660672677, 0.3082656846421551], [0.1907124320124321, 0.2781208374958376, 0.22444651737151752, 0.306720213120213], [0.2395636363636364, 0.3173071317571318, 0.18837892107892112, 0.2547503108003109], [0.27512491397491406, 0.260565245865246, 0.21003576423576437, 0.2542740759240761], [0.22460324120324138, 0.2816710289710292, 0.19839775779775798, 0.29532797202797195], [0.264349533799534, 0.25699401154401175, 0.17830228937728942, 0.3003541652791653], [0.2921040487290487, 0.24155849983349986, 0.18193880563880568, 0.2843986457986458], [0.2481993006993009, 0.2587939393939397, 0.18135656565656566, 0.3116501942501944], [0.22756899766899774, 0.3094260184260186, 0.1741464868464869, 0.28885849705849703], [0.23056738261738272, 0.3074351592851594, 0.16678853368853372, 0.29520892440892466], [0.252169560994561, 0.2952703740703743, 0.19328812576312587, 0.25927193917193925], [0.22910553335553355, 0.33215693987814715, 0.19811316820434485, 0.24062435856197473], [0.2248614163614164, 0.25790707070707064, 0.2530619963369965, 0.26416951659451665], [0.2561221556221558, 0.26029445391210104, 0.14617567432567435, 0.33740771614006904], [0.22390660728160736, 0.30807999222999227, 0.20218568931068936, 0.26582771117771126], [0.2560665445665446, 0.30549360084360083, 0.15242736707736715, 0.28601248751248753], [0.18583286158286166, 0.35560384533766876, 0.22558090324707986, 0.23298238983238997], [0.33368094683094673, 0.2514569153069154, 0.13910327727827734, 0.2757588605838607], [0.254750865800866, 0.3150985070485071, 0.1738474136974137, 0.2563032134532134], [0.260427520518697, 0.2683905667431983, 0.20699021738495427, 0.26419169535315057], [0.2939962204462205, 0.23753979158096816, 0.19762325093207447, 0.2708407370407371], [0.3181267066267067, 0.2331857753357756, 0.19041683871683876, 0.2582706793206794], [0.2763759740259742, 0.2817422632922633, 0.17982107337107345, 0.26206068931068927], [0.3222895715395712, 0.2444271950271952, 0.18880579420579427, 0.24447743922743942], [0.3184154678654677, 0.2659778776778779, 0.1798259518259518, 0.23578070263070283], [0.19509946719946716, 0.3047333461859779, 0.23818144837618535, 0.26198573823837], [0.22008448773448777, 0.28144454711954703, 0.21732256632256639, 0.28114839882339887], [0.2853011433011434, 0.25249689754689775, 0.19190150960150962, 0.2703004495504497], [0.20513012265512265, 0.29122498612498615, 0.23268948273948267, 0.27095540848040844], [0.3168151182151183, 0.25701577034077033, 0.1596355172605173, 0.2665335941835943], [0.2711269619269622, 0.28606776001775985, 0.1769557498057498, 0.2658495282495283], [0.2229453102453104, 0.31659925074925077, 0.19836712731712744, 0.26208831168831187], [0.33804196636696615, 0.18915564435564436, 0.17877074314574315, 0.29403164613164606], [0.2438671800421801, 0.324023656898657, 0.20608813131313133, 0.2260210317460319], [0.30883947996447986, 0.2567105394605395, 0.1789388028638029, 0.25551117771117776], [0.20706093906093911, 0.2903893217893219, 0.22914095904095907, 0.2734087801087801], [0.18064368964368988, 0.2926994033744036, 0.2497121822621823, 0.27694472471972464], [0.27089940059940054, 0.28491571761571766, 0.1655927239427241, 0.27859215784215774], [0.2694263292263292, 0.22745991785991793, 0.19992679542679548, 0.3031869574869577], [0.26708327505827506, 0.2541124875124875, 0.2116385364635367, 0.26716570096570114], [0.304653604402134, 0.25022398989899003, 0.19360033300033297, 0.2515220726985434], [0.27948602508602505, 0.2564333166833167, 0.17745157065157066, 0.28662908757908767], [0.3080882339882339, 0.2376296686973159, 0.15316063103563113, 0.30112146627881914], [0.27719854867354876, 0.23071712976565925, 0.18199052091699155, 0.3100938006438007], [0.2324115495615497, 0.2838124819624819, 0.22978811188811196, 0.2539878565878567], [0.22598982683982688, 0.32328224357342017, 0.216292670401494, 0.23443525918525923], [0.263385397935398, 0.29057508586185066, 0.1987103341103342, 0.24732918209241753]]}, "rewritten": {"ids": ["97105760", "97105960", "97106000", "97106591", "97106600", "97107681", "97112170", "97116500", "98106560", "98106880", "98107340", "98110810", "98112300", "98119591", "99108000", "99108080", "99108310", "99108890", "99109161", "99109311", "99112641", "99112840", "99120010", "100108080", "100108490", "100109801", "100111270", "100115700", "101108370", "101109000", "101111990", "101112540", "101116130", "102108621", "102109840", "102110050", "102113350", "102118380", "103109791", "103111540", "104111380", "104111531", "104111550", "104112470", "104113170", "104113190", "104113210", "104113550", "104117200", "104119340", "105110091", "105111990", "105115250", "105116090", "105116650", "105117200", "105118740", "105120621", "106113170", "106117790", "106118820", "107112850", "107113180", "107113260", "107113840", "107114280", "107114780", "107119950", "107120010", "108114270", "108115500", "108115570", "108115880", "108115970", "108119330", "108120621", "109113591", "109114030", "109116170", "109117600", "109119010", "109119340", "109119450", "110114561", "110114651", "110114920", "110115250", "110115980", "110116170", "110116290", "110117500", "110117870", "110118111", "110118121", "110118161", "110118181", "110119300", "110119891", "110120560", "110120700", "110121500", "111114171", "111114941", "111115620", "111115780", "111116530", "111117480", "111117571", "111119250", "111119580", "111119610", "111119950", "111120280", "111120320", "111120640", "111121351", "111121930", "112116451", "112116610", "112116800", "112116810", "112117461", "112117571", "112118701", "112118860", "112119120", "112120270", "112120700", "112121030", "112121360", "112121430", "113117340", "113118490", "113118511", "113118690", "113119320", "113119700", "113120751", "113121950", "113122180", "113122190", "113122230"], "labels": [0, 2, 0, 1, 3, 3, 0, 2, 1, 0, 0, 1, 2, 1, 2, 3, 2, 0, 3, 1, 1, 2, 2, 0, 2, 0, 2, 1, 1, 1, 2, 2, 2, 3, 2, 3, 3, 1, 3, 1, 3, 0, 1, 1, 3, 3, 3, 1, 3, 1, 0, 2, 2, 1, 1, 3, 1, 1, 0, 1, 3, 1, 3, 0, 3, 3, 2, 3, 1, 3, 3, 3, 3, 2, 0, 1, 3, 1, 0, 1, 3, 3, 3, 0, 3, 3, 1, 1, 0, 2, 1, 3, 1, 3, 0, 1, 1, 3, 0, 2, 3, 3, 0, 1, 1, 3, 1, 3, 1, 3, 2, 0, 0, 1, 0, 0, 1, 0, 1, 0, 3, 0, 3, 0, 3, 1, 0, 2, 0, 3, 2, 2, 1, 1, 3, 1, 0, 1, 3, 2, 1, 1], "predicted_labels": [0, 3, 1, 3, 3, 0, 0, 3, 1, 3, 3, 1, 0, 3, 1, 0, 1, 1, 0, 3, 1, 3, 3, 3, 1, 1, 1, 0, 3, 0, 3, 1, 1, 1, 1, 1, 3, 1, 3, 3, 1, 0, 1, 0, 3, 3, 0, 0, 1, 1, 0, 3, 3, 3, 1, 1, 1, 0, 1, 1, 1, 1, 1, 1, 1, 1, 1, 3, 3, 1, 3, 1, 0, 1, 3, 3, 1, 0, 1, 3, 1, 3, 1, 3, 0, 1, 1, 0, 3, 3, 3, 3, 3, 1, 1, 1, 0, 1, 3, 3, 3, 1, 1, 3, 3, 3, 1, 3, 1, 3, 1, 0, 0, 3, 3, 0, 3, 0, 1, 1, 3, 3, 3, 0, 1, 3, 0, 1, 3, 0, 3, 3, 3, 1, 3, 1, 0, 1, 1, 3, 3, 1], "confidence_scores": [[0.30194076201576203, 0.23775789210789228, 0.1893058441558442, 0.27099550172050174], [0.2314273615273616, 0.2611627039627039, 0.19339566544566558, 0.31401426906426905], [0.2089521312021313, 0.30371250416250417, 0.20328019758019764, 0.28405516705516737], [0.22967024087024107, 0.28920942390942395, 0.19164971139971146, 0.289470623820624], [0.22788594738594758, 0.2696586305851013, 0.18726604310721956, 0.31518937892173193], [0.3093118086591771, 0.2502197802197803, 0.163277102429734, 0.27719130869130904], [0.3414480103230103, 0.22248602508602502, 0.17794787434787446, 0.2581180902430903], [0.2722609224109225, 0.2542456099456101, 0.19321015651015647, 0.28028331113331106], [0.20463083583083588, 0.31167498057498044, 0.17803394938394948, 0.3056602342102342], [0.2247217532467533, 0.27029431679431715, 0.2160276501276501, 0.28895627983127975], [0.21821559469941845, 0.26300471195471214, 0.23952327198944867, 0.2792564213564215], [0.24229235764235785, 0.28543106893106895, 0.23481766289266295, 0.23745891053391072], [0.3157970928194613, 0.18072861027861037, 0.188751006303638, 0.3147232905982906], [0.2625366577866577, 0.2792514985014985, 0.16998077478077486, 0.288231068931069], [0.2038155824567591, 0.3122172505598977, 0.21798543319425676, 0.2659817337890869], [0.29579950604950617, 0.23670139305139312, 0.19483777333777327, 0.27266132756132755], [0.2514168628756866, 0.2935512765012766, 0.19324726466344128, 0.261784595959596], [0.26004808247308264, 0.27471166056166063, 0.1975651626151627, 0.26767509435009446], [0.31657119547119544, 0.28195328886799464, 0.16637625381154797, 0.235099261849262], [0.26810164280164284, 0.27485488400488406, 0.1710880563880565, 0.28595541680541703], [0.29258830058830054, 0.3035181318681317, 0.14826115551115546, 0.2556324120324121], [0.2125391386391387, 0.2597132645132646, 0.21955255300255308, 0.308195043845044], [0.25203166833166857, 0.2781408591408591, 0.1865497835497837, 0.28327768897768896], [0.23456176601176607, 0.2648447552447554, 0.21768847263847263, 0.2829050061050062], [0.226776418026418, 0.3250353333800703, 0.19533504551004555, 0.25285320308346637], [0.2632809024309026, 0.29781659451659465, 0.15536267621267627, 0.2835398268398271], [0.22221954156954163, 0.30019769756387393, 0.2155211561314502, 0.2620616047351343], [0.32106632358869214, 0.22262061272061273, 0.16492242932506104, 0.29139063436563434], [0.2785562271062273, 0.2603347541347542, 0.14801904761904772, 0.31308997113997117], [0.2989396066781516, 0.22161574536574546, 0.19626292020672825, 0.28318172774937495], [0.2036755006431479, 0.28437314907314903, 0.21567412750648046, 0.2962772227772229], [0.18970761183261187, 0.3287494311244311, 0.19536857864357865, 0.28617437839937854], [0.22598069708069723, 0.3012394327894329, 0.2053196525696527, 0.2674602175602177], [0.281411224886225, 0.29107651515151534, 0.16978179043179048, 0.25773046953046963], [0.23773200688200688, 0.3178079234491, 0.18704434650317017, 0.2574157231657232], [0.19288198468198484, 0.29030786435786426, 0.22867614052614055, 0.2881340104340105], [0.21468134088134097, 0.2954088855588858, 0.17673948828948832, 0.3131702852702854], [0.20133758463758478, 0.2988717868732577, 0.20385725189842838, 0.29593337659072944], [0.2549425407925409, 0.28586860361860356, 0.16940533910533923, 0.28978351648351663], [0.23936580641580654, 0.28422484737484727, 0.18732186147186156, 0.28908748473748497], [0.2672527722277723, 0.28028350538350544, 0.17719801864801868, 0.2752657037407038], [0.3146917526917527, 0.24920644355644359, 0.14509126984126983, 0.29101053391053394], [0.21830922965922978, 0.2906753912753912, 0.2162610833610835, 0.2747542957042958], [0.3007483405483406, 0.24384066489066505, 0.1946246586746587, 0.2607863358863361], [0.2457371767121768, 0.26782472527472545, 0.20428871683871702, 0.2821493811743812], [0.252351879493056, 0.2651789821289822, 0.17028820982938628, 0.31218092854857565], [0.3209315101565102, 0.22095092685092713, 0.20610988455988452, 0.2520076784326786], [0.34223860028860026, 0.2206817682317683, 0.12027371517371523, 0.3168059163059162], [0.23515331335331352, 0.3383521367521368, 0.17631252081252088, 0.2501820290820292], [0.17355537518037537, 0.357149956416133, 0.17672981381363734, 0.29256485458985454], [0.29967292788910405, 0.2995759581921348, 0.12316187260451966, 0.27758924131424145], [0.206172915972916, 0.2919088153676389, 0.20789357945975592, 0.2940246891996893], [0.23358332027449702, 0.2898771653183419, 0.17502668279432992, 0.30151283161283154], [0.2644249120160886, 0.2851125042484176, 0.14471103177867892, 0.30575155195681497], [0.18803301698301705, 0.33078936618936605, 0.22408705461205464, 0.25709056221556237], [0.2453497141747143, 0.3236718781218782, 0.18513563103563113, 0.24584277666777676], [0.2427294646529942, 0.294689726939727, 0.19702715617715622, 0.2655536522301228], [0.31664858474858487, 0.26349994449994457, 0.14272395937395937, 0.2771275113775114], [0.27780463147963147, 0.28933010878010884, 0.16893697968697988, 0.2639282800532801], [0.2163652319902321, 0.2895245948495951, 0.21789539627039634, 0.2762147768897772], [0.24104185063302722, 0.3257214146964148, 0.18387104007104008, 0.24936569459951816], [0.18860805860805865, 0.3479568173656409, 0.18789891024008684, 0.2755362137862139], [0.21128640803640814, 0.3021663503163502, 0.21465995670995686, 0.2718872849372852], [0.20914897047397077, 0.3037463758463759, 0.18519819902319903, 0.3019064546564548], [0.2695062576312578, 0.3199498548836784, 0.17229561272061275, 0.23824827476445132], [0.23583136030636048, 0.33092238349885417, 0.1987857123268889, 0.23446054386789683], [0.2395245532245533, 0.2739551504051505, 0.21547829115329117, 0.2710420052170052], [0.2742324810810107, 0.25450559718059723, 0.18984926184926193, 0.28141265988913045], [0.18387633477633503, 0.2932656648906649, 0.20308964368964372, 0.3197683566433566], [0.20599642024642037, 0.31853985524279627, 0.19116459651459652, 0.28429912799618695], [0.2574228493728494, 0.28102256077256077, 0.1795810467310468, 0.2819735431235431], [0.226065503940504, 0.31289564324564334, 0.17401040071040083, 0.28702845210345207], [0.3040263014763015, 0.2896070762570763, 0.1456968642468643, 0.26066975801975806], [0.22120338550338572, 0.337499594849595, 0.18216639471639473, 0.2591306249306249], [0.2335982905982908, 0.2565107420357421, 0.17603795926295931, 0.3338530081030082], [0.28990006660006656, 0.22111284548784552, 0.16756910866910874, 0.3214179792429793], [0.2647594017094019, 0.31146301394683745, 0.13863048340548348, 0.28514710093827766], [0.33161308658661587, 0.2210957209457209, 0.16589493839493843, 0.2813962540727246], [0.2604768009768012, 0.28477838827838836, 0.18037986180486193, 0.27436494893994895], [0.27042784992784985, 0.2591003552003554, 0.1980696747696748, 0.27240212010212017], [0.2133083777333778, 0.3042899683649683, 0.1813691225441226, 0.30103253135753133], [0.25421856476856497, 0.24126567876567878, 0.17772346819846824, 0.32679228826728823], [0.18917071539571562, 0.31370682095682095, 0.1937530802530804, 0.3033693833943833], [0.257027566877567, 0.2828215046391518, 0.16287652347652362, 0.29727440500675806], [0.3024549950049949, 0.24272070707070717, 0.15461284826284824, 0.30021144966144964], [0.2293150539003482, 0.315440002481179, 0.17077595182595182, 0.2844689917925213], [0.2297472083472085, 0.30649326784326786, 0.18776667776667777, 0.2759928460428462], [0.27648414885767836, 0.2706472777222778, 0.18361563159063163, 0.2692529418294125], [0.27125494309611975, 0.268517895992896, 0.15470076035076039, 0.30552640056022407], [0.25414182484182485, 0.22847086247086243, 0.16697226107226124, 0.3504150516150518], [0.2357064102564105, 0.2827987623487623, 0.17522655677655674, 0.3062682706182706], [0.2484847374847376, 0.24497020757020763, 0.18251860084360091, 0.32402645410145414], [0.2520230269730271, 0.24981837117131242, 0.19635964590964597, 0.30179895594601475], [0.22397780830280836, 0.306246781323252, 0.17736412280529937, 0.29241128756864043], [0.2693450965700966, 0.276808732933733, 0.18407869630369636, 0.26976747419247427], [0.27891037018537, 0.3092443354890723, 0.1763106338106339, 0.23553466051492375], [0.3068452491952493, 0.2585076479076482, 0.17237141388023744, 0.2622756890168655], [0.23293175158175156, 0.3215913919413921, 0.1529615273615275, 0.2925153291153292], [0.2819885134473369, 0.22378922188922204, 0.1894210805534336, 0.3048011841100077], [0.24108581696081707, 0.257742970917971, 0.17346213508713518, 0.327709077034077], [0.261271645021645, 0.26211240426240434, 0.15447238872238875, 0.322143561993562], [0.2323226051726052, 0.312968697968698, 0.16176972471972476, 0.292938972138972], [0.24496458345576008, 0.31443425463425484, 0.19234952465834826, 0.24825163725163726], [0.2508262459762461, 0.2667922688422688, 0.15962127872127885, 0.32276020646020653], [0.2698234987234988, 0.25499243534243543, 0.19253355533355532, 0.2826505106005106], [0.2300427350427351, 0.26448218725718736, 0.15180920468420475, 0.35366587301587304], [0.25081515200485804, 0.29330652125652124, 0.17758827087944737, 0.2782900558591734], [0.2566467920967922, 0.27852261627261615, 0.14759610389610395, 0.3172344877344877], [0.24325955988456002, 0.2849680597180597, 0.19625654068154064, 0.2755158397158397], [0.2923582695082696, 0.22627326562326577, 0.17162683982684, 0.30974162504162495], [0.2759101506336802, 0.2783996891996893, 0.17366157731157733, 0.2720285828550535], [0.3114041517306224, 0.19291147186147192, 0.1908581970317264, 0.3048261793761793], [0.3185620684870685, 0.21742301032301029, 0.1662462842712843, 0.29776863691863703], [0.205891638916639, 0.28335440947940965, 0.22014789932289933, 0.29060605228105235], [0.25002149517149536, 0.27866274836274835, 0.17793317238317244, 0.2933825840825842], [0.2917533411033411, 0.24112322677322684, 0.1774741674991675, 0.28964926462426455], [0.22685583028083023, 0.24289590409590403, 0.20422716172716177, 0.32602110389610384], [0.3410703463203461, 0.23017019092019098, 0.15569583194583209, 0.27306363081363094], [0.26282247752247756, 0.28582376789876796, 0.16918332223332228, 0.28217043234543226], [0.22939027084027094, 0.34075521700521694, 0.1653782994782996, 0.2644762126762128], [0.25727079587079577, 0.2606534873623109, 0.20605979935097588, 0.2760159174159174], [0.2506230491730493, 0.29722343767343784, 0.14772186702186704, 0.30443164613164597], [0.23618679653679667, 0.28941387121650286, 0.1777103378217929, 0.29668899442490776], [0.2906872016872017, 0.26942577977577986, 0.16143217893217895, 0.2784548396048397], [0.23381899456752422, 0.29485604673104676, 0.18025127650127662, 0.2910736822001529], [0.23432681207681227, 0.2849825674325675, 0.15154122544122556, 0.32914939504939505], [0.27732087357087376, 0.27132386502386513, 0.17513013098013103, 0.27622513042513064], [0.20536752936605893, 0.35647381229881225, 0.18520352702852716, 0.252955131306602], [0.2779659562659563, 0.24884235601000324, 0.13775537240537244, 0.33543631531866835], [0.2904044380456146, 0.2817038628038629, 0.16738075813075817, 0.26051094101976463], [0.2513461038961039, 0.2721618742368743, 0.20194874014874023, 0.2745432817182817], [0.26487356891474556, 0.2845506438006437, 0.15265706597324255, 0.2979187213113685], [0.25925487845487866, 0.25898021423021444, 0.15687160062160063, 0.3248933066933067], [0.24272010767010763, 0.35903958263958263, 0.16392015207015218, 0.2343201576201577], [0.2384997141747143, 0.23327768620268624, 0.17371485181485183, 0.3545077478077477], [0.25168965446318387, 0.29470948218448223, 0.19783818958818966, 0.2557626737641444], [0.296835447885448, 0.290314985014985, 0.14998839493839491, 0.26286117216117233], [0.26254249639249644, 0.3165351925851926, 0.16001950271950274, 0.26090280830280854], [0.2897104784104784, 0.2899266455766455, 0.17022569097569099, 0.25013718503718524], [0.23110235320235337, 0.2852710400710402, 0.19247992007992012, 0.29114668664668675], [0.22529898434898443, 0.3099676042911336, 0.1545378735643442, 0.31019553779553777], [0.2526012689924455, 0.30291640786114477, 0.175959213009213, 0.2685231101371967]]}}