{"test": {"ids": ["107121540", "97105960", "111116100", "99109780", "111119580", "99113260", "107120880", "102113981", "107119390", "107114110", "106111321", "103113640", "109113281", "104111550", "99121440", "99117740", "108118810", "106112770", "108116481", "108115070", "101108580", "111115400", "113122320", "102109840", "99110050", "111120320", "107114200", "111116290", "101110150", "99107560", "112116451", "101108080", "97116800", "99112531", "100109311", "101111990", "106113830", "104112201", "98116090", "98107340", "105115250", "105112260", "103110840", "109113931", "102117351", "109115380", "110119891", "106115240", "99109740", "110113591", "109114270", "98107210", "100120010", "111116110", "113120751", "113120830", "111116170", "112117580", "106118161", "98119591", "111118810", "110115890", "113119450", "111119300", "111120640", "107120260", "102121440", "113121410", "113117550", "110114610", "102116500", "105119550", "104113240", "108118060", "102109910", "111118820", "108115570", "107118780", "103113101", "106116640", "106119990", "108114200", "105112130", "112118421", "98111231", "112120670", "98107010", "101119591", "105113480", "105113440", "113120780", "110118121", "101111620", "109120560", "109117600", "98108150", "106118820", "100120780", "104111780", "112116401", "101108121", "112116540", "110117870", "107118490", "99116500", "104113190", "99110730", "108120700", "97107950", "111120190", "113121680", "107114140", "99108460", "109118820", "108117610", "113118111", "111117571", "113122170", "111118910", "101112690", "101108460", "112116990", "110117140", "99108710", "110118450", "106119580", "105115570", "100108260", "106116850", "108119330", "108113760", "109116441", "109118231", "112121351", "107114950", "111116640", "100109360", "98111670", "97106591", "99114890", "100109000", "97105580"], "labels": [2, 2, 3, 2, 3, 0, 1, 1, 2, 1, 0, 1, 0, 1, 2, 2, 1, 1, 0, 1, 0, 0, 1, 2, 3, 1, 2, 2, 1, 1, 0, 0, 0, 3, 1, 2, 1, 0, 0, 0, 2, 3, 1, 1, 1, 3, 3, 1, 3, 0, 3, 1, 0, 3, 1, 3, 0, 0, 3, 1, 0, 2, 3, 1, 0, 1, 2, 0, 3, 1, 1, 1, 2, 1, 2, 0, 3, 1, 3, 3, 0, 0, 1, 3, 1, 2, 3, 0, 0, 0, 0, 3, 3, 1, 1, 0, 3, 1, 3, 0, 0, 1, 3, 2, 2, 3, 3, 2, 2, 3, 1, 2, 0, 3, 3, 1, 3, 1, 0, 1, 0, 0, 3, 2, 0, 3, 0, 3, 3, 0, 1, 3, 1, 0, 3, 0, 0, 1, 1, 2, 1, 1], "predicted_labels": [0, 2, 0, 1, 0, 1, 3, 1, 0, 3, 1, 0, 0, 1, 1, 0, 3, 2, 0, 0, 0, 2, 1, 1, 3, 3, 1, 0, 1, 1, 0, 0, 1, 3, 3, 1, 3, 0, 1, 3, 0, 3, 2, 0, 3, 1, 3, 0, 1, 3, 3, 3, 1, 3, 3, 3, 1, 3, 1, 1, 1, 1, 0, 3, 0, 0, 1, 3, 0, 1, 3, 0, 1, 3, 2, 0, 1, 3, 1, 3, 3, 1, 1, 3, 1, 1, 3, 0, 3, 3, 3, 3, 0, 2, 0, 1, 3, 3, 1, 0, 3, 1, 3, 1, 1, 1, 1, 3, 3, 3, 1, 1, 3, 2, 0, 3, 0, 1, 3, 3, 1, 0, 3, 1, 1, 2, 1, 0, 0, 0, 1, 0, 0, 3, 3, 1, 3, 1, 3, 2, 1, 0], "confidence_scores": [[0.2820323648213279, 0.24726413999340735, 0.145562766854597, 0.32514072833066776], [0.18424468731681798, 0.2534978804013238, 0.32717558749465064, 0.23508184478720723], [0.24317947771418297, 0.27953575269497033, 0.16406091349033694, 0.3132238561005098], [0.20510825668960964, 0.3092787181198268, 0.2206368637440381, 0.26497616144652564], [0.24875794262914686, 0.25225690574435605, 0.18798771908609663, 0.3109974325404006], [0.2111354951126629, 0.2661457721155236, 0.25032270470036644, 0.27239602807144675], [0.27900825631981996, 0.23107861251008832, 0.17606436362244152, 0.31384876754765045], [0.18755914908759544, 0.3020242220868503, 0.269309395346277, 0.2411072334792771], [0.2247736132992225, 0.24488812507570026, 0.2408266773126409, 0.28951158431243645], [0.26949475096706854, 0.264623071469628, 0.1843043452911118, 0.2815778322721914], [0.2478238860314071, 0.3039266035892591, 0.14442632841263597, 0.30382318196669766], [0.2781123787551156, 0.27582479677544675, 0.08983731744880226, 0.3562255070206353], [0.3025609186119403, 0.2646946651424752, 0.06794428711817926, 0.36480012912740545], [0.2309535432925746, 0.2911825178099464, 0.1699966104694035, 0.3078673284280758], [0.2214130623397092, 0.3197847767775006, 0.15133995727092123, 0.3074622036118687], [0.23271233678715764, 0.25740494175243556, 0.22733118677498562, 0.28255153468542094], [0.3350791200056662, 0.2968007201260896, 0.0669478796240637, 0.3011722802441804], [0.18094681513883876, 0.2716654795009264, 0.3003982724775071, 0.24698943288272765], [0.29506283407389594, 0.2724241998607406, 0.07679115116191791, 0.3557218149034455], [0.2445400911030841, 0.2608430795881523, 0.21369909619664337, 0.28091773311212], [0.26699815497712126, 0.18117179655691115, 0.2571134274848637, 0.29471662098110374], [0.18918619845410675, 0.27520968703309845, 0.31450953142281024, 0.22109458308998473], [0.2493789312529866, 0.29523229753359886, 0.14586730810823686, 0.30952146310517775], [0.18537002337970154, 0.28993671201353066, 0.2933761553362017, 0.23131710927056612], [0.22088720946522702, 0.2681191125246482, 0.2155618367945354, 0.2954318412155896], [0.2977680134770805, 0.254644754993775, 0.14456565776779, 0.30302157376135447], [0.2609328842964887, 0.30445925934442813, 0.09532557858167694, 0.3392822777774061], [0.23136249621941846, 0.25993198359967046, 0.21001802095278363, 0.2986874992281275], [0.21255922554728862, 0.3141421691309373, 0.19460194197718944, 0.2786966633445848], [0.2035874285078493, 0.32287526788468074, 0.1762972038966662, 0.29724009971080345], [0.28229814752318966, 0.26574198302357577, 0.07944127083624328, 0.3725185986169913], [0.2680909350102997, 0.27666899272895396, 0.09754787265763105, 0.35769219960311516], [0.23063762669729093, 0.2723773643739133, 0.23147548930593126, 0.2655095196228645], [0.3199333529638247, 0.2574563071583309, 0.08603355064494661, 0.33657678923289797], [0.327073865666025, 0.28293529155417413, 0.09082396871767041, 0.29916687406213055], [0.22522954090191138, 0.2944198230304134, 0.1828269152081733, 0.29752372085950196], [0.2453595569107538, 0.28020549778677384, 0.18997385850314372, 0.2844610867993287], [0.3000834643930431, 0.2669042515475242, 0.0701059598040239, 0.3629063242554088], [0.23274706938412948, 0.3088845957275629, 0.1714729381869955, 0.28689539670131226], [0.2364402366589615, 0.24440997336532674, 0.23489540853785998, 0.2842543814378518], [0.22711306727636008, 0.25234346236901095, 0.2480181603615048, 0.2725253099931243], [0.2303102144531371, 0.26926689328518333, 0.2059225473324367, 0.2945003449292431], [0.22119542228509786, 0.23051821458453176, 0.3079729528403957, 0.24031341028997483], [0.26972697401436124, 0.2772211276933812, 0.11816281607649745, 0.3348890822157604], [0.34830754885810417, 0.2591031508786671, 0.08151883853679241, 0.3110704617264365], [0.19276960787064507, 0.32111498427708735, 0.22847577855953627, 0.2576396292927315], [0.25812092543440224, 0.2898069688274475, 0.16804525636502424, 0.28402684937312567], [0.2566143505727624, 0.2780205573351593, 0.13188479053062943, 0.3334803015614487], [0.18238240191977292, 0.3049140653149325, 0.27106334081718314, 0.2416401919481112], [0.2668090901631315, 0.3054832277689943, 0.10948220413483753, 0.31822547793303657], [0.2299844548382178, 0.20770465034061067, 0.2893992570297318, 0.2729116377914395], [0.20362929959164755, 0.253452788985483, 0.2728397246748366, 0.27007818674803274], [0.18328259908132863, 0.3137034970699222, 0.2656776302803384, 0.23733627356841064], [0.2130514417896936, 0.31126311746714735, 0.21993012876134663, 0.2557553119818121], [0.2265320074162764, 0.2850217245657731, 0.2048136959872003, 0.2836325720307502], [0.2299030536058328, 0.25336076110722694, 0.2357137593573472, 0.28102242592959326], [0.26930462938100785, 0.3438047195676394, 0.06862579733167468, 0.3182648537196781], [0.2661242731037174, 0.2671192761922892, 0.17511563233889257, 0.2916408183651009], [0.23485648050131935, 0.27702942829675054, 0.20434655819248188, 0.2837675330094484], [0.21605115312450127, 0.27167930070602747, 0.24398129652176986, 0.26828824964770115], [0.26314091677342905, 0.32855202461151933, 0.07495842218009648, 0.33334863643495505], [0.16560574645841153, 0.3378629508398532, 0.2387190719449634, 0.2578122307567718], [0.2647790841169762, 0.24043805333453885, 0.13916511856643365, 0.35561774398205137], [0.2886346946882967, 0.28629764678804476, 0.14094584925365455, 0.284121809270004], [0.24897817444329376, 0.28217970291060196, 0.139542479433729, 0.32929964321237504], [0.22702717352508925, 0.29135348247240594, 0.15502964549471818, 0.3265896985077866], [0.2515777233873703, 0.29028642509284835, 0.16435356554131156, 0.2937822859784702], [0.34771472313759677, 0.2602967372957424, 0.07224357066895969, 0.31974496889770126], [0.27348629030252447, 0.2818353337926284, 0.15972689091119083, 0.2849514849936564], [0.17051777337853546, 0.29688461769655056, 0.3246016831740283, 0.20799592575088552], [0.20515460444087985, 0.2810502850510635, 0.2361508135013686, 0.2776442970066881], [0.26161295137064866, 0.27842069147699655, 0.12851071347745277, 0.331455643674902], [0.16238655540797034, 0.3283688228559721, 0.27716755492211864, 0.232077066813939], [0.28010911818874085, 0.31164839453925264, 0.09133212689025458, 0.316910360381752], [0.22185470988888864, 0.23714096319106848, 0.2879264788608512, 0.2530778480591918], [0.270005877134552, 0.23863839352101074, 0.13751387776641724, 0.35384185157802], [0.22814137613145094, 0.3266077169330004, 0.16265107012565996, 0.28259983680988887], [0.2815176224761091, 0.2785322330722995, 0.12149129058520655, 0.3184588538663851], [0.2256526240105023, 0.28416872963227546, 0.2153853901760091, 0.27479325618121286], [0.29856525253831623, 0.2698350744529891, 0.13812450223517606, 0.2934751707735186], [0.282541281463752, 0.29502533638327094, 0.11140154705189627, 0.3110318351010809], [0.23598194627589922, 0.2754273507004625, 0.2043123372743487, 0.28427836574928944], [0.1944358551895599, 0.312375125181492, 0.22311192189846343, 0.27007709773048466], [0.3142573812499553, 0.24351210312973462, 0.13339231104949892, 0.3088382045708113], [0.23675800638487107, 0.29844729916731183, 0.15553250044419487, 0.3092621940036221], [0.17044558691378875, 0.2929990983772452, 0.2853061702406725, 0.2512491444682938], [0.2320247163519794, 0.3384144192779157, 0.15414130014479668, 0.2754195642253078], [0.29901470771690414, 0.19806536869472247, 0.12636258215827748, 0.3765573414300956], [0.2524633816121069, 0.2866846155102467, 0.1779636854140783, 0.28288831746356824], [0.2122658450328632, 0.27609540497761365, 0.26087270190774664, 0.25076604808177655], [0.2635906814587372, 0.29151630044012894, 0.13301547172981457, 0.31187754637131926], [0.28316983889296826, 0.31293924935283324, 0.08351320494491604, 0.32037770680928246], [0.26954537676816115, 0.2226889686285714, 0.16756279726476195, 0.3402028573385061], [0.11646357701402779, 0.26735261419628475, 0.4421086753466105, 0.17407513344307676], [0.28279199480259126, 0.2492848368063872, 0.14625013238906587, 0.3216730360019554], [0.2327567158166813, 0.3311884434347421, 0.12048483732266714, 0.3155700034259093], [0.2895748989378679, 0.3233513971629809, 0.07213456547260362, 0.31493913842654736], [0.24063093460548007, 0.29793805972251863, 0.18060205207058594, 0.28082895360141547], [0.25089780458837496, 0.32219336424572603, 0.14039877244131438, 0.28651005872458474], [0.302778559636555, 0.23125350307924494, 0.09909143268607512, 0.366876504598125], [0.33336364179868655, 0.2561169499475576, 0.10600460429281004, 0.30451480396094577], [0.2720218300698568, 0.3071996382662277, 0.11024813180692726, 0.3105303998569884], [0.20214670753441785, 0.27459386422056253, 0.267717845315376, 0.25554158292964335], [0.19772924848903956, 0.30969986778662795, 0.22163752892677874, 0.2709333547975537], [0.1803085456490136, 0.32197583773570637, 0.24436177325537653, 0.25335384335990324], [0.21961124231912785, 0.2963217119904201, 0.19881371311578064, 0.28525333257467134], [0.20213339064322258, 0.29370553952262884, 0.22438461011790187, 0.2797764597162464], [0.29341599909247484, 0.2776567003922673, 0.10991573231183016, 0.3190115682034277], [0.23902503407974926, 0.27567698614147373, 0.19270155424243657, 0.29259642553634047], [0.2949778083761874, 0.2709366228962836, 0.10029802599429735, 0.3337875427332315], [0.20502936531507318, 0.3296078543969705, 0.1931861649841666, 0.27217661530378984], [0.2476075910198938, 0.29688107934797486, 0.12929452162815708, 0.32621680800397435], [0.3047021505793581, 0.29098940500281706, 0.11886016287229077, 0.285448281545534], [0.20495295842157635, 0.23569372766668056, 0.32529896460338686, 0.23405434930835628], [0.3197176466073566, 0.24376023766133076, 0.06818621661046721, 0.3683358991208455], [0.2826168307555273, 0.2889534392890134, 0.13903245551493862, 0.2893972744405206], [0.24824953565888153, 0.2636217441960099, 0.17642613798996457, 0.311702582155144], [0.2170067962338805, 0.28229644251121294, 0.22889478287086457, 0.27180197838404185], [0.25582775328220597, 0.29324322653876717, 0.15221792955657024, 0.29871109062245677], [0.23059117806384824, 0.2872947344242083, 0.19002861830308948, 0.2920854692088541], [0.21216249815004365, 0.29262319260937913, 0.22608998150627313, 0.26912432773430406], [0.27854657687390244, 0.20038017598302305, 0.24149751623950164, 0.27957573090357307], [0.2504832751825697, 0.2924085963787334, 0.16435252578426676, 0.2927556026544301], [0.16937248123224483, 0.34645464217481187, 0.209492789779316, 0.2746800868136274], [0.18124053486517064, 0.29071545645447555, 0.2823770429589321, 0.2456669657214219], [0.2180035389588472, 0.24374475156771966, 0.2889959852783707, 0.2492557241950623], [0.22933220546101216, 0.2833180982648178, 0.21683087207584562, 0.2705188241983242], [0.26869759929433135, 0.23363117466059752, 0.16421183873789755, 0.33345938730717367], [0.24592065938560315, 0.2493936425938914, 0.2160680079076973, 0.2886176901128084], [0.2577436182077293, 0.2344655351961965, 0.19285824999314735, 0.31493259660292683], [0.23744992102769946, 0.29262665160300616, 0.1738464315420178, 0.2960769958272765], [0.29205448450407107, 0.2695129483824121, 0.08218492325747977, 0.356247643856037], [0.2285728811064708, 0.26550323984730334, 0.19393705988757648, 0.3119868191586492], [0.3013028204562141, 0.275516022094117, 0.08142122416683316, 0.3417599332828361], [0.2465918969724155, 0.26529136029156264, 0.1967149456803996, 0.2914017970556221], [0.19767117538979517, 0.3041323858926875, 0.24102442176232777, 0.25717201695518943], [0.2240500596239325, 0.22811129997014537, 0.2743343292799206, 0.2735043111260015], [0.22050114586301392, 0.26786283980501036, 0.24936223506149988, 0.2622737792704758], [0.24610907110468772, 0.2754912086744403, 0.1752871217269465, 0.30311259849392563], [0.1442488092958574, 0.28563662339741025, 0.35122798823682083, 0.21888657906991146], [0.21568689882596773, 0.2761748987255232, 0.22845644330738296, 0.27968175914112603], [0.24705558120865925, 0.26529564902223235, 0.19792397552697055, 0.2897247942421379]]}, "rewritten": {"ids": ["97105580", "97105960", "97106591", "97107950", "97116800", "98107010", "98107210", "98107340", "98108150", "98111231", "98111670", "98116090", "98119591", "99107560", "99108460", "99108710", "99109740", "99109780", "99110050", "99110730", "99112531", "99113260", "99114890", "99116500", "99117740", "99121440", "100108260", "100109000", "100109311", "100109360", "100120010", "100120780", "101108080", "101108121", "101108460", "101108580", "101110150", "101111620", "101111990", "101112690", "101119591", "102109840", "102109910", "102113981", "102116500", "102117351", "102121440", "103110840", "103113101", "103113640", "104111550", "104111780", "104112201", "104113190", "104113240", "105112130", "105112260", "105113440", "105113480", "105115250", "105115570", "105119550", "106111321", "106112770", "106113830", "106115240", "106116640", "106116850", "106118161", "106118820", "106119580", "106119990", "107114110", "107114140", "107114200", "107114950", "107118490", "107118780", "107119390", "107120260", "107120880", "107121540", "108113760", "108114200", "108115070", "108115570", "108116481", "108117610", "108118060", "108118810", "108119330", "108120700", "109113281", "109113931", "109114270", "109115380", "109116441", "109117600", "109118231", "109118820", "109120560", "110113591", "110114610", "110115890", "110117140", "110117870", "110118121", "110118450", "110119891", "111115400", "111116100", "111116110", "111116170", "111116290", "111116640", "111117571", "111118810", "111118820", "111118910", "111119300", "111119580", "111120190", "111120320", "111120640", "112116401", "112116451", "112116540", "112116990", "112117580", "112118421", "112120670", "112121351", "113117550", "113118111", "113119450", "113120751", "113120780", "113120830", "113121410", "113121680", "113122170", "113122320"], "labels": [1, 2, 1, 2, 0, 3, 1, 0, 0, 1, 1, 0, 1, 1, 0, 2, 3, 2, 3, 3, 3, 0, 2, 2, 2, 2, 3, 1, 1, 0, 0, 1, 0, 0, 0, 0, 1, 3, 2, 1, 0, 2, 2, 1, 1, 1, 2, 1, 3, 1, 1, 3, 0, 3, 2, 1, 3, 0, 0, 2, 0, 1, 0, 1, 1, 1, 3, 3, 3, 3, 3, 0, 1, 2, 2, 3, 2, 1, 2, 1, 1, 2, 1, 0, 1, 3, 0, 3, 1, 1, 0, 2, 0, 1, 3, 3, 3, 1, 1, 3, 1, 0, 1, 2, 3, 3, 3, 0, 3, 0, 3, 3, 0, 2, 0, 3, 0, 0, 0, 1, 3, 3, 1, 0, 0, 0, 1, 0, 0, 3, 2, 0, 3, 1, 3, 1, 0, 3, 0, 1, 1, 1], "predicted_labels": [0, 3, 1, 3, 0, 1, 3, 3, 1, 1, 3, 1, 1, 1, 3, 1, 1, 1, 3, 1, 0, 1, 1, 1, 2, 1, 0, 0, 3, 3, 1, 3, 0, 3, 1, 2, 1, 0, 3, 1, 0, 2, 2, 1, 3, 3, 1, 2, 1, 3, 1, 1, 0, 3, 1, 1, 1, 2, 3, 0, 1, 0, 1, 3, 0, 0, 3, 0, 1, 3, 2, 3, 3, 1, 1, 3, 1, 1, 0, 0, 3, 0, 1, 3, 0, 1, 0, 3, 3, 3, 0, 3, 3, 0, 2, 1, 0, 0, 1, 2, 2, 1, 1, 1, 1, 3, 3, 1, 3, 2, 0, 3, 3, 1, 1, 0, 3, 0, 1, 3, 0, 1, 3, 1, 0, 0, 1, 0, 3, 3, 2, 3, 0, 3, 0, 3, 1, 2, 3, 1, 1, 1], "confidence_scores": [[0.2433347156676953, 0.2683132810366982, 0.18437192110247572, 0.30398008219313055], [0.20069207277828652, 0.26403942542302633, 0.27953634276245265, 0.2557321590362346], [0.19503964838071317, 0.2891282011133122, 0.24311779995997276, 0.2727143505460019], [0.24274090821194272, 0.2775052339263329, 0.17869388141362633, 0.301059976448098], [0.2549913073688074, 0.24615785175801028, 0.20230949324834302, 0.29654134762483914], [0.22767560896262237, 0.3249553065325763, 0.16195796497365728, 0.2854111195311443], [0.21096013625963053, 0.2613195971660806, 0.2534795490792535, 0.27424071749503554], [0.2227062601232754, 0.25927387420640374, 0.2406308654134924, 0.27738900025682833], [0.23730101079217628, 0.3177636403961736, 0.1351879573160083, 0.30974739149564184], [0.24044495113937808, 0.29316583737242774, 0.14346500887228186, 0.3229242026159123], [0.23687632080683182, 0.2570986304624324, 0.2304331955293456, 0.27559185320139035], [0.22892876452541575, 0.29849957746985134, 0.17624921007807595, 0.296322447926657], [0.2015710325922437, 0.2752768489065667, 0.2579543693985483, 0.26519774910264127], [0.19769640186431323, 0.3261303709807846, 0.17504265927194088, 0.3011305678829614], [0.28028665710088935, 0.30197700581032394, 0.13656369325033554, 0.28117264383845153], [0.18773591249232005, 0.3409217042366842, 0.18703493658092332, 0.28430744669007235], [0.17599189207494356, 0.31194949403230715, 0.2559043411879706, 0.2561542727047785], [0.20709147054991733, 0.32319588834569973, 0.1875203668755504, 0.28219227422883275], [0.20107890284122748, 0.29251664172639485, 0.2202204227794118, 0.28618403265296605], [0.21815570695862652, 0.2896707904933503, 0.19762071224696895, 0.29455279030105386], [0.26970812663863847, 0.26432175912601463, 0.13446707833732308, 0.3315030358980236], [0.19121986018630296, 0.2792603831632476, 0.27083261979807866, 0.2586871368523706], [0.1859863743973487, 0.29577395272000445, 0.26656389203906444, 0.2516757808435824], [0.1774063873816156, 0.3104134761809681, 0.2598469761275525, 0.25233316030986386], [0.20190257967801722, 0.25615557396127725, 0.29482047546843204, 0.2471213708922736], [0.2203310217250123, 0.3172016487804195, 0.1636682545642689, 0.2987990749302991], [0.23153094046531475, 0.25561083477586855, 0.22039628656371682, 0.2924619381951001], [0.22711113245141512, 0.263435821907675, 0.21868838084452435, 0.29076466479638574], [0.3166841771318949, 0.2860759603821398, 0.07759341870795891, 0.31964644377800655], [0.22498129424917207, 0.23374328079848875, 0.26375879712063743, 0.2775166278317019], [0.1700954469644521, 0.31455479519522467, 0.2857632930804475, 0.22958646475987574], [0.26377162102320006, 0.2786829951780989, 0.16084328342987658, 0.2967021003688246], [0.2679728646184543, 0.27405203008090034, 0.10762258387940243, 0.35035252142124285], [0.27916000282727704, 0.26540783266356804, 0.16058411716371357, 0.2948480473454418], [0.2186318766423403, 0.2836590939765205, 0.220502274749424, 0.2772067546317151], [0.2279504707778071, 0.1874527106751424, 0.322378624975453, 0.2622181935715976], [0.21733306065102775, 0.30407847835320545, 0.18847379525375782, 0.29011466574200906], [0.26148523021540016, 0.23148889788719618, 0.16277437955407645, 0.34425149234332697], [0.20643772675632016, 0.2810752951515958, 0.23253393189600566, 0.2799530461960782], [0.21376345662263896, 0.2832679453406317, 0.21938619474204793, 0.28358240329468143], [0.2854107839924324, 0.2127346198005048, 0.1413541527456359, 0.3605004434614268], [0.17615488158063547, 0.282680657202526, 0.32407799452103586, 0.21708646669580284], [0.208683815525274, 0.25737938938677607, 0.2774037093671233, 0.25653308572082684], [0.2154571918068021, 0.29937513240733277, 0.20966433718638441, 0.27550333859948056], [0.20497236118317275, 0.2751691839888624, 0.24729780473733673, 0.2725606500906281], [0.31665155762425456, 0.26886963930542684, 0.09932487118376415, 0.3151539318865542], [0.236084448917742, 0.2903605773954526, 0.176206476015425, 0.29734849767138044], [0.2131669417970423, 0.2463712302863215, 0.2969336099549054, 0.24352821796173063], [0.22725113445313003, 0.28455914193400805, 0.21151979718149674, 0.27666992643136523], [0.2849030045012041, 0.2583263242199142, 0.12275863486026527, 0.33401203641861615], [0.2183724154722272, 0.28597126026029, 0.20596743046465962, 0.2896888938028233], [0.23728856703873968, 0.33005568974753846, 0.14348047897826174, 0.2891752642354602], [0.2680261202699329, 0.2744316541860871, 0.11741121914121673, 0.3401310064027632], [0.2607409216693496, 0.31258690435688924, 0.13158473440590568, 0.2950874395678555], [0.18319276940588816, 0.3175700900735623, 0.23057969245349758, 0.2686574480670521], [0.23337201919127165, 0.3202806083002363, 0.151151344052781, 0.2951960284557111], [0.23754499025858386, 0.30635052521622136, 0.1382620211311132, 0.3178424633940816], [0.19436570993800847, 0.2817516558007693, 0.2882055235135892, 0.23567711074763326], [0.23493260035456284, 0.2862869349877604, 0.19921897613064676, 0.2795614885270301], [0.23377544979794998, 0.2631434789152041, 0.20921605622661488, 0.29386501506023094], [0.22840653654596765, 0.28427425978783294, 0.21673479311020638, 0.27058441055599336], [0.261582700088361, 0.2774815021515147, 0.12822560459418092, 0.33271019316594325], [0.23856979817165405, 0.28897543235550194, 0.18345090748279205, 0.28900386199005174], [0.2067813664569701, 0.28396133573581983, 0.23972177760013308, 0.2695355202070771], [0.2559894470506669, 0.2826482423760877, 0.1570727381395732, 0.3042895724336721], [0.2516048589882102, 0.27400600671293146, 0.14258108984151474, 0.33180804445734363], [0.2960236855043197, 0.26288332988060614, 0.142126499831624, 0.2989664847834501], [0.24523424284796655, 0.24584987811285755, 0.21507427980103133, 0.2938415992381443], [0.21912985995920767, 0.29087937887529963, 0.21667503297111457, 0.2733157281943781], [0.26996686644540957, 0.3347301861462005, 0.08959892019065371, 0.30570402721773604], [0.22166428793264092, 0.2591409161739293, 0.2449953901386205, 0.2741994057548093], [0.2594761138449546, 0.31173910163346874, 0.1083313095575607, 0.3204534749640157], [0.24637862698195562, 0.26735159185557755, 0.22034348699772147, 0.2659262941647452], [0.2240246322681254, 0.3179609370531164, 0.13865721614029328, 0.3193572145384652], [0.25698510350583004, 0.29346120057510494, 0.10845442199820116, 0.3410992739208642], [0.2678989023929659, 0.2573026013796675, 0.16045616544980373, 0.3143423307775631], [0.21884483274183197, 0.29634826135816095, 0.1896163383369518, 0.2951905675630558], [0.26586329425953636, 0.29165436337877904, 0.1242947026665631, 0.31818763969512176], [0.22444081901181814, 0.25757563830774727, 0.22806121649272323, 0.28992232618771163], [0.22562473773583347, 0.29647941426271274, 0.13733009548722905, 0.3405657525142249], [0.2433913072702832, 0.23117559003214433, 0.24319829983808935, 0.28223480285948327], [0.24520907410247517, 0.2673942382921028, 0.17346947317452385, 0.31392721443089827], [0.2227371166915252, 0.2999467833997418, 0.18694584774301745, 0.2903702521657156], [0.2452446992638796, 0.2780812455290655, 0.17902489761751353, 0.29764915758954125], [0.2429682965712219, 0.25857176675688803, 0.21405857102549264, 0.28440136564639734], [0.22951452713744708, 0.3142269350790676, 0.1663142114672555, 0.28994432631623], [0.29437959433669353, 0.2662604905817632, 0.08592507648691815, 0.35343483859462493], [0.2994536537676576, 0.2780984930776002, 0.06849419698365405, 0.3539536561710879], [0.26555176018823273, 0.2952274277006449, 0.1287268739998288, 0.3104939381112935], [0.31715695876601124, 0.30211587144460555, 0.07464524823121788, 0.3060819215581652], [0.24981340809703761, 0.25056175352500254, 0.18676340081616252, 0.3128614375617974], [0.27968902006735974, 0.2811350258041521, 0.11786160205323389, 0.32131435207525405], [0.3187507739318313, 0.2587578561424366, 0.06561442307197561, 0.3568769468537561], [0.27320697289991125, 0.28126880407911886, 0.10172970936221958, 0.3437945136587504], [0.2101092791776806, 0.23610932869245557, 0.2819731804157214, 0.2718082117141423], [0.22119913434210745, 0.32154840893594144, 0.17361680235731913, 0.2836356543646317], [0.2898263051936411, 0.2735519963534487, 0.07904910848897316, 0.357572589963937], [0.27337397153580467, 0.2560959590922857, 0.1529531243356522, 0.3175769450362575], [0.2249635431808629, 0.2894672945738806, 0.16924224872011706, 0.31632691352513936], [0.20238158142229176, 0.24800930749147213, 0.31351741022742996, 0.23609170085880604], [0.1222646287483014, 0.27339248943742805, 0.41448614089309344, 0.1898567409211774], [0.2614450553041586, 0.3096683084549389, 0.10968955093536262, 0.31919708530554003], [0.17336501349997266, 0.3116104798505086, 0.30193479131408196, 0.21308971533543694], [0.1735464105308275, 0.3231180993401426, 0.24067869057809307, 0.26265679955093685], [0.23788222025171143, 0.2981388632250572, 0.1601578305749688, 0.3038210859482624], [0.20138550908911065, 0.2710774837892791, 0.2694828590747962, 0.258054148046814], [0.2855718725562892, 0.3197331247646613, 0.07676369335159626, 0.31793130932745345], [0.18400748887554982, 0.2945087192349658, 0.271491388642812, 0.2499924032466721], [0.2564703659133283, 0.25320506858352976, 0.19383575850044774, 0.29648880700269425], [0.208781719521415, 0.2678417410165309, 0.27708093379628246, 0.24629560566577158], [0.24155864432198434, 0.27504478156058204, 0.17182267007080024, 0.3115739040466333], [0.2618514732158611, 0.2770952810408853, 0.18117511844400494, 0.2798781272992487], [0.2820855650946879, 0.3055201036480925, 0.07638061088633306, 0.3360137203708863], [0.2230206457947483, 0.2647558156865714, 0.2177536844737719, 0.29446985404490816], [0.19761975277116328, 0.3102986516172256, 0.23590903598446186, 0.2561725596271493], [0.24558667332800604, 0.27797394546994614, 0.1458465976319728, 0.33059278357007504], [0.28083683024706635, 0.3187724032869245, 0.07536548278736722, 0.3250252836786423], [0.2684878219413925, 0.2516956658229474, 0.1149456421855016, 0.36487087005015856], [0.24228821654326077, 0.3097622576599531, 0.15340922121027606, 0.2945403045865099], [0.2662224071534828, 0.29991352367218815, 0.14700449660834614, 0.28685957256598305], [0.2533204656481718, 0.24207309671699903, 0.18296913167399084, 0.32163730596083867], [0.2211468796018465, 0.3226762244757247, 0.15298580719614918, 0.3031910887262798], [0.2864423349262357, 0.2833900601627735, 0.12820074803114065, 0.3019668568798502], [0.2295230759523616, 0.3084010375337742, 0.1269053152314327, 0.33517057128243144], [0.2855506483953619, 0.24121062451028819, 0.11340212795872744, 0.35983659913562244], [0.2706642417813964, 0.2683188636986921, 0.09188425459004994, 0.36913263992986134], [0.24312908325871388, 0.310980276642769, 0.15151085414974355, 0.29437978594877373], [0.28605547217787625, 0.20553662617751275, 0.21578047640838321, 0.2926274252362276], [0.27035029732975946, 0.2500327629756624, 0.1768185610125227, 0.3027983786820552], [0.28189779153249134, 0.2622381586535041, 0.14620574792449056, 0.3096583018895138], [0.15206401290333385, 0.2845521904753394, 0.3397392540070855, 0.22364454261424146], [0.30431639777291253, 0.2700402435045843, 0.08373699826448397, 0.3419063604580195], [0.27317836703915827, 0.2668658375537528, 0.17113919001885966, 0.2888166053882292], [0.24898419198290936, 0.2909509855007314, 0.15951104284770384, 0.3005537796686552], [0.25967820851533435, 0.25867771438110937, 0.13614865765083028, 0.3454954194527261], [0.24054129178791628, 0.28851801214954315, 0.17181262075936046, 0.2991280753031803], [0.24488252430140806, 0.2949820903347273, 0.14938707222079078, 0.3107483131430739], [0.1967312804585574, 0.24625626175402557, 0.3068239263277637, 0.2501885314596535], [0.33002242584216795, 0.2701808672466505, 0.08114747313313951, 0.31864923377804183], [0.2126429097140436, 0.31776833490112744, 0.19179954860375825, 0.27778920678107066], [0.2313506806028847, 0.2949243521365171, 0.18316255805492487, 0.29056240920567317], [0.2343002265399355, 0.31244941700734247, 0.14565335344715952, 0.3075970030055629]]}}