{"test": {"ids": ["112120270", "97113900", "107119130", "109118231", "101110150", "104113170", "113117401", "108120060", "98121790", "109121351", "113122320", "106121190", "112120640", "97105451", "104111380", "113118511", "106114150", "109113591", "104111830", "98112170", "100108580", "110121500", "112117790", "111116290", "98110810", "107118780", "99112840", "99110050", "99114890", "105112100", "113121750", "98108970", "108115070", "111120260", "97116410", "109115070", "113118490", "101112160", "112117431", "113118810", "100108490", "108118060", "110115120", "104111880", "104114320", "109116040", "107114621", "99108580", "113120531", "103113170", "105113170", "97106820", "101109120", "99107630", "110118161", "103111620", "104118070", "110114321", "98110710", "113119360", "105121190", "113117630", "110119891", "99109311", "105118171", "102116340", "111119250", "108117451", "113121190", "112121351", "100120010", "111114321", "104111620", "97107681", "112121430", "99109780", "111119340", "97107040", "112118890", "112116850", "113120260", "104114410", "100111620", "111117120", "111120640", "107121640", "107113360", "105112130", "107116300", "111116640", "105110251", "103118110", "99108310", "109113931", "113118820", "103117200", "97116790", "104111531", "100109311", "111120220", "112121010", "103120730", "99109141", "106120290", "99108080", "98109311", "105115570", "107117630", "97116500", "109121640", "113118630", "110118740", "99112300", "100108080", "108113620", "110114920", "110120190", "102116500", "99108890", "111116530", "100109890", "102109010", "98109230", "104111711", "109120150", "108113700", "107120260", "103109641", "108115570", "103113210", "112119930", "111119300", "97111790", "101108460", "112116900", "113122150", "102113210", "104117200", "98107410", "111121351", "113119930", "106114011"], "labels": [0, 2, 1, 1, 1, 3, 3, 1, 2, 0, 1, 2, 0, 0, 3, 1, 1, 3, 3, 3, 0, 3, 3, 2, 1, 1, 2, 3, 2, 1, 0, 3, 1, 3, 3, 0, 1, 3, 0, 3, 2, 1, 0, 3, 2, 0, 0, 0, 0, 3, 0, 1, 1, 2, 0, 0, 2, 1, 2, 0, 2, 0, 3, 1, 3, 3, 1, 2, 1, 0, 0, 1, 0, 3, 2, 2, 3, 2, 3, 0, 3, 1, 3, 2, 0, 1, 0, 1, 0, 0, 0, 2, 2, 1, 0, 0, 2, 0, 1, 3, 2, 1, 3, 2, 3, 1, 0, 0, 2, 0, 3, 3, 0, 0, 3, 3, 3, 1, 0, 3, 3, 1, 1, 1, 2, 0, 1, 1, 3, 3, 1, 1, 2, 0, 3, 2, 3, 3, 3, 0, 1, 1], "predicted_labels": [3, 3, 3, 1, 3, 1, 1, 0, 1, 0, 3, 3, 0, 0, 2, 1, 1, 1, 1, 0, 2, 0, 0, 0, 0, 1, 1, 1, 1, 1, 1, 3, 1, 1, 3, 1, 3, 1, 3, 1, 2, 1, 3, 1, 2, 3, 3, 3, 0, 1, 3, 1, 3, 3, 1, 1, 1, 3, 1, 0, 3, 0, 1, 1, 0, 2, 1, 3, 3, 0, 1, 2, 0, 0, 3, 2, 3, 3, 1, 3, 2, 1, 0, 1, 1, 3, 0, 3, 3, 1, 3, 1, 1, 0, 3, 1, 1, 1, 0, 0, 3, 0, 0, 1, 1, 3, 3, 2, 3, 0, 1, 3, 1, 2, 1, 1, 1, 3, 2, 3, 0, 3, 1, 3, 1, 3, 3, 3, 1, 3, 2, 1, 0, 3, 1, 3, 3, 1, 0, 0, 1, 3], "confidence_scores": [[0.2167342622706792, 0.2965807503919257, 0.11914538606171553, 0.36753960127567964], [0.24253549090807053, 0.2531701815032155, 0.18737314409265146, 0.31692118349606246], [0.22027801953199308, 0.2621882287029296, 0.206487016197326, 0.3110467355677512], [0.2490890281442066, 0.36427749051718517, 0.1771875463491281, 0.2094459349894803], [0.1507902785550296, 0.2748238837136613, 0.19557190179918094, 0.37881393593212814], [0.2096123292217489, 0.3529909151153375, 0.13937170238200577, 0.29802505328090795], [0.2207153881795876, 0.35604087568688864, 0.11306252825577864, 0.3101812078777451], [0.328234517633196, 0.22652762890724812, 0.3063096859126465, 0.13892816754690937], [0.16784617852690142, 0.4289224653400581, 0.26384279649584347, 0.13938855963719704], [0.48339224577835427, 0.14665790553448285, 0.11522276196124148, 0.2547270867259214], [0.2870838439170725, 0.19195816845725558, 0.14795203241472243, 0.3730059552109495], [0.12013021150650226, 0.21411980866716798, 0.0876992290800666, 0.5780507507462631], [0.2962298409407131, 0.29561872238849907, 0.12475803310152792, 0.28339340356926], [0.6709227642409025, 0.12154085754566972, 0.07712205949466258, 0.1304143187187653], [0.2489149810531044, 0.17093721331955136, 0.34008331866398084, 0.24006448696336352], [0.2690482363855446, 0.3440145906650783, 0.13269972652248163, 0.25423744642689566], [0.25753878144154285, 0.3096886455495652, 0.18137745438781944, 0.25139511862107233], [0.3194687800473832, 0.39138218735097, 0.09037022301571081, 0.19877880958593605], [0.2304159005566547, 0.31749646754416955, 0.1667549426076427, 0.28533268929153305], [0.3143439449873606, 0.25828814103726655, 0.21463112228403539, 0.21273679169133744], [0.09247522273383076, 0.3266645064556647, 0.38698520792377744, 0.19387506288672726], [0.4406304686481449, 0.33541642392330967, 0.07410153105223431, 0.14985157637631102], [0.29483410454888714, 0.2826392383024475, 0.1551283410071918, 0.26739831614147336], [0.45119323320256244, 0.155334147033488, 0.19255577594122486, 0.20091684382272468], [0.3509373114125602, 0.28085808091303865, 0.15653068497651418, 0.21167392269788682], [0.26010112917205663, 0.2797877981806487, 0.22391585030898303, 0.2361952223383119], [0.3024227660702841, 0.3262807066803102, 0.17058736978182068, 0.20070915746758497], [0.30446155343837605, 0.3506111998510704, 0.1532491114495323, 0.19167813526102115], [0.1658190558538267, 0.3037212245202931, 0.28392598679762315, 0.24653373282825713], [0.2231445474767031, 0.31697654875531917, 0.14356310779640258, 0.31631579597157505], [0.24644549981217384, 0.38153369329985815, 0.1685391976188272, 0.2034816092691409], [0.1846119685164731, 0.2317228657166983, 0.20792741440444415, 0.3757377513623844], [0.27497463755670076, 0.35009484671090707, 0.19374737325061814, 0.18118314248177397], [0.2885981606155839, 0.39988252375699845, 0.13119002431188515, 0.18032929131553263], [0.15081584174799237, 0.1804389030698737, 0.203360585174527, 0.465384670007607], [0.19608482546560324, 0.3397870868720748, 0.16129548639223376, 0.30283260127008843], [0.18484430269081298, 0.26219076630043353, 0.18994920577259866, 0.36301572523615483], [0.22419135235118712, 0.33676433033156367, 0.13039944774272003, 0.30864486957452913], [0.27638563431986274, 0.2530265958673787, 0.14617459685595646, 0.32441317295680205], [0.2467887318049247, 0.29942975762019225, 0.18270385251996304, 0.27107765805492], [0.15652785783330347, 0.32299914467968244, 0.36347724288591654, 0.1569957546010977], [0.1795947745790642, 0.3721283132135905, 0.13933591356463784, 0.3089409986427075], [0.2218263047903472, 0.19444023123833354, 0.21902646035592838, 0.36470700361539093], [0.19761072185624418, 0.3709762777299302, 0.14344328133695589, 0.2879697190768698], [0.20221009644850688, 0.23616231907433735, 0.38894384071448135, 0.17268374376267454], [0.13836325448148218, 0.2414238110035799, 0.2505822148175189, 0.36963071969741923], [0.26089553190076953, 0.21803011616977605, 0.15616509547958998, 0.36490925644986444], [0.17577969674833632, 0.3087404072203999, 0.1771644200750974, 0.33831547595616646], [0.32725927444489383, 0.24244394566223146, 0.12456110027865384, 0.30573567961422093], [0.15897748080004517, 0.41698423724819966, 0.1636707132096638, 0.26036756874209144], [0.2368545974100588, 0.26053544384145966, 0.23987201074764594, 0.2627379480008357], [0.17358548130020585, 0.37190667523722754, 0.10685452624643885, 0.3476533172161278], [0.2740263426231618, 0.2750879203416824, 0.16471159849640163, 0.2861741385387542], [0.16978735008271315, 0.2699745988918301, 0.14877670832307655, 0.41146134270238005], [0.22196045219948046, 0.4560296575642175, 0.1044696555394641, 0.21754023469683786], [0.14967918215795706, 0.3607823244401313, 0.1562714465289358, 0.3332670468729761], [0.12289188008317936, 0.35445125221568025, 0.34679846803524117, 0.17585839966589914], [0.2544444317863633, 0.2354352450065325, 0.20215335200525542, 0.3079669712018487], [0.12040590599863775, 0.3605195122982073, 0.16943657520441102, 0.3496380064987441], [0.36846800110149047, 0.187697461373455, 0.1699837405497731, 0.2738507969752815], [0.1370242407177257, 0.1971741151554572, 0.1964340188998935, 0.46936762522692355], [0.3428605475031018, 0.2401931816117006, 0.11886394015406312, 0.29808233073113455], [0.1803204830033669, 0.3840061908769073, 0.13323160500941125, 0.3024417211103146], [0.13940012561499723, 0.3755661231151101, 0.3576200855922162, 0.12741366567767656], [0.4123655696444071, 0.2717300685951776, 0.05614839231972954, 0.25975596944068574], [0.0969674669630529, 0.2155094791881404, 0.4303755374004957, 0.257147516448311], [0.20597935409606508, 0.4486047512716566, 0.1563538975819703, 0.18906199705030807], [0.1980183349226757, 0.19607754062209407, 0.10945805442679195, 0.49644607002843844], [0.14645743608320222, 0.303524673669983, 0.10610612437109783, 0.4439117658757169], [0.3288659407128317, 0.26076387118065014, 0.27075588464214295, 0.13961430346437523], [0.20623403697047754, 0.29707539984179926, 0.2762881328558528, 0.22040243033187049], [0.2475621017109672, 0.20145927995443325, 0.29261727325187503, 0.2583613450827247], [0.27046069154003627, 0.2584841400622923, 0.21209769270250456, 0.25895747569516686], [0.4785677463036204, 0.23061291270941972, 0.09642983578143591, 0.19438950520552406], [0.17944772967030223, 0.20348310074851966, 0.1846917255737865, 0.4323774440073917], [0.11779862445249048, 0.18492849296037872, 0.5031368925287405, 0.1941359900583904], [0.08237624550720885, 0.22616948239512, 0.3121722911314875, 0.3792819809661837], [0.1964665232672726, 0.2327992250145132, 0.2622858956189684, 0.3084483560992458], [0.18308747737086928, 0.3582822150054653, 0.17929353254607494, 0.2793367750775907], [0.22320063873550877, 0.3226397842045033, 0.1172449851188755, 0.33691459194111234], [0.18836873936180681, 0.24922879068316156, 0.33666172577266396, 0.22574074418236767], [0.13382395709743772, 0.48511335471449313, 0.12513621126890512, 0.2559264769191642], [0.492675102981174, 0.2087070525023126, 0.11299105410518247, 0.18562679041133093], [0.16680354171303366, 0.41039650681676, 0.24422215213338333, 0.17857779933682325], [0.19653388365481855, 0.4222834917388249, 0.17014761158266653, 0.21103501302369004], [0.1525098075568823, 0.23503686077161612, 0.1415296116497417, 0.47092372002176], [0.3954910135863332, 0.2793729098172076, 0.08116336454442485, 0.2439727120520346], [0.2337587793691713, 0.29876705706925, 0.16072909350132222, 0.3067450700602565], [0.14830695256518778, 0.28953926739811897, 0.08450982392703747, 0.47764395610965604], [0.07750678468528463, 0.6714439317370517, 0.07774919747571031, 0.1733000861019533], [0.23963540615523496, 0.27585975678304747, 0.08247392349996586, 0.4020309135617517], [0.16236988039894099, 0.3958981198576969, 0.1374057828174891, 0.3043262169258732], [0.1924816634087494, 0.3622229738556707, 0.2068666200141082, 0.23842874272147188], [0.44508215764527703, 0.21046144905589628, 0.13350861130111843, 0.2109477819977083], [0.2832107947303172, 0.26129714184854685, 0.16894511734847564, 0.28654694607266035], [0.1484398537122089, 0.3856757465227927, 0.15423542513853367, 0.3116489746264648], [0.28832691818317085, 0.3012055015056305, 0.1703434193074206, 0.24012416100377815], [0.2233667339520749, 0.41177683513050145, 0.11049016320794071, 0.2543662677094829], [0.41775264245434385, 0.23665414452339914, 0.1902220147075201, 0.1553711983147369], [0.3357191219398659, 0.3174536187696428, 0.13628712691554185, 0.21054013237494965], [0.14394801833403711, 0.34359000310677096, 0.1422113497496727, 0.37025062880951926], [0.4167554568885633, 0.2373377266024912, 0.13987750193912935, 0.20602931456981624], [0.34296638808489743, 0.24743945704290968, 0.12355803800538716, 0.2860361168668058], [0.07236546225889955, 0.42040918985978976, 0.21209074567889372, 0.295134602202417], [0.1943999485800675, 0.38862874393228897, 0.22183653863527933, 0.19513476885236394], [0.23851407533961627, 0.2841195118841222, 0.10912248734388885, 0.3682439254323728], [0.15822114382004937, 0.28759063908594024, 0.1419286493879761, 0.4122595677060343], [0.23056182708176773, 0.2516743019407165, 0.34091779347596723, 0.17684607750154846], [0.2650330360427519, 0.20077360905800226, 0.1119390293497955, 0.4222543255494503], [0.32821690985715757, 0.28725346384333966, 0.11278164298765177, 0.27174798331185107], [0.22911088113142067, 0.2785111074673761, 0.26278293496904565, 0.22959507643215765], [0.25015864276288075, 0.2628253477219083, 0.08412698606016046, 0.40288902345505057], [0.19116130664071737, 0.36958619397359416, 0.1599359032672828, 0.2793165961184058], [0.17047966992472305, 0.2735649416319029, 0.3492373757339673, 0.20671801270940668], [0.18888395325133808, 0.39446926923774583, 0.09682471414994383, 0.3198220633609722], [0.27771609577207607, 0.3181040391479853, 0.14180957448034756, 0.26237029059959116], [0.15582267469142821, 0.44014023528858054, 0.07290939710151963, 0.33112769291847155], [0.19774854425222976, 0.18123904252065642, 0.12952234505839472, 0.491490068168719], [0.178350379216913, 0.2998618880588708, 0.3124414221002781, 0.20934631062393796], [0.22062628858112374, 0.3090680201764025, 0.14135959839045537, 0.32894609285201853], [0.45839853207405856, 0.19081786229900366, 0.16898289110026882, 0.18180071452666893], [0.12132731844843185, 0.2630086143090027, 0.26901260147431283, 0.34665146576825256], [0.1430782755478016, 0.33446695917815655, 0.3076181481771535, 0.21483661709688842], [0.29888388459624526, 0.24059790208260406, 0.10857444103485385, 0.351943772286297], [0.2214941686806718, 0.3116831725500182, 0.1911978204590718, 0.27562483831023843], [0.13875386113265467, 0.36083710989146595, 0.12822376968608504, 0.3721852592897945], [0.17601934020374777, 0.2794470731332897, 0.1152583594674839, 0.42927522719547867], [0.19032477963716998, 0.3364471405393886, 0.10849797672666353, 0.364730103096778], [0.1541586619173061, 0.421655968195664, 0.11862448934872015, 0.3055608805383097], [0.20806508049734357, 0.2581327510904029, 0.2456729035107071, 0.2881292649015464], [0.15342353831777744, 0.21629839332103024, 0.37722280573394923, 0.25305526262724304], [0.2270814215327879, 0.4322486590817283, 0.12095638591968506, 0.21971353346579875], [0.32333163795553416, 0.2971323700234039, 0.1289273220353347, 0.2506086699857271], [0.2102970014031784, 0.2924370128021156, 0.15644941842286877, 0.3408165673718372], [0.2165606861953581, 0.37837846696537064, 0.13846288093477246, 0.2665979659044989], [0.13649025665347586, 0.2957691886717067, 0.10793227627685971, 0.4598082783979578], [0.17489578959120575, 0.24032563242574081, 0.18320647893276315, 0.4015720990502904], [0.24541489661817764, 0.31960349601530896, 0.1535551779119643, 0.281426429454549], [0.49039797406927066, 0.19705694086953365, 0.07664227633770386, 0.23590280872349187], [0.31593775979983685, 0.23445652625916955, 0.25283717119500276, 0.19676854274599095], [0.280540608819757, 0.3964869809690451, 0.12031282773860101, 0.20265958247259697], [0.17697780756471623, 0.2020866901719353, 0.284638328747264, 0.3362971735160845]]}, "rewritten": {"ids": ["97105451", "97106820", "97107040", "97107681", "97111790", "97113900", "97116410", "97116500", "97116790", "98107410", "98108970", "98109230", "98109311", "98110710", "98110810", "98112170", "98121790", "99107630", "99108080", "99108310", "99108580", "99108890", "99109141", "99109311", "99109780", "99110050", "99112300", "99112840", "99114890", "100108080", "100108490", "100108580", "100109311", "100109890", "100111620", "100120010", "101108460", "101109120", "101110150", "101112160", "102109010", "102113210", "102116340", "102116500", "103109641", "103111620", "103113170", "103113210", "103117200", "103118110", "103120730", "104111380", "104111531", "104111620", "104111711", "104111830", "104111880", "104113170", "104114320", "104114410", "104117200", "104118070", "105110251", "105112100", "105112130", "105113170", "105115570", "105118171", "105121190", "106114011", "106114150", "106120290", "106121190", "107113360", "107114621", "107116300", "107117630", "107118780", "107119130", "107120260", "107121640", "108113620", "108113700", "108115070", "108115570", "108117451", "108118060", "108120060", "109113591", "109113931", "109115070", "109116040", "109118231", "109120150", "109121351", "109121640", "110114321", "110114920", "110115120", "110118161", "110118740", "110119891", "110120190", "110121500", "111114321", "111116290", "111116530", "111116640", "111117120", "111119250", "111119300", "111119340", "111120220", "111120260", "111120640", "111121351", "112116850", "112116900", "112117431", "112117790", "112118890", "112119930", "112120270", "112120640", "112121010", "112121351", "112121430", "113117401", "113117630", "113118490", "113118511", "113118630", "113118810", "113118820", "113119360", "113119930", "113120260", "113120531", "113121190", "113121750", "113122150", "113122320"], "labels": [0, 1, 2, 3, 2, 2, 3, 2, 2, 3, 3, 1, 1, 2, 1, 3, 2, 2, 3, 2, 0, 0, 3, 1, 2, 3, 0, 2, 2, 0, 2, 0, 1, 3, 3, 0, 0, 1, 1, 3, 1, 3, 3, 1, 1, 0, 3, 3, 0, 2, 1, 3, 0, 0, 1, 3, 3, 3, 2, 1, 3, 2, 0, 1, 1, 0, 0, 3, 2, 1, 1, 2, 2, 0, 0, 0, 0, 1, 1, 1, 1, 3, 0, 1, 3, 2, 1, 1, 3, 1, 0, 0, 1, 2, 0, 0, 1, 3, 0, 0, 3, 3, 3, 3, 1, 2, 3, 0, 2, 1, 1, 3, 3, 3, 0, 0, 0, 3, 0, 3, 3, 1, 0, 0, 2, 0, 2, 3, 0, 1, 1, 3, 3, 0, 0, 1, 3, 0, 1, 0, 2, 1], "predicted_labels": [1, 1, 3, 2, 3, 0, 3, 3, 3, 0, 1, 2, 3, 1, 2, 3, 1, 3, 1, 1, 2, 3, 2, 3, 1, 0, 3, 0, 1, 2, 2, 3, 1, 3, 3, 2, 3, 3, 3, 3, 3, 3, 1, 3, 1, 2, 0, 1, 2, 1, 3, 3, 1, 2, 0, 2, 3, 3, 3, 2, 3, 2, 0, 2, 2, 3, 2, 3, 2, 3, 2, 1, 1, 3, 0, 3, 3, 3, 2, 2, 1, 3, 2, 2, 3, 3, 3, 2, 1, 3, 2, 2, 2, 1, 0, 0, 1, 3, 2, 3, 3, 3, 0, 1, 1, 3, 2, 3, 3, 2, 3, 3, 0, 3, 3, 3, 3, 0, 2, 0, 3, 3, 3, 2, 2, 3, 1, 3, 3, 3, 1, 3, 1, 3, 3, 3, 3, 3, 3, 1, 3, 3], "confidence_scores": [[0.28343146038214617, 0.35062487626163247, 0.16826211757880705, 0.1976815457774144], [0.15098696288406033, 0.3931102218122776, 0.13652535241218502, 0.31937746289147706], [0.21117700828265898, 0.16772285756557015, 0.2148224286218086, 0.40627770552996234], [0.1654898145410227, 0.162753031295863, 0.4328736940716907, 0.23888346009142364], [0.14275049357681263, 0.16391831620285266, 0.29604744129707394, 0.39728374892326085], [0.3283582742311964, 0.18172609643979545, 0.28096648701277177, 0.20894914231623635], [0.16949384084893618, 0.16071641010866625, 0.21486945132264956, 0.454920297719748], [0.1971829002871786, 0.24847648032683534, 0.25652506453510926, 0.2978155548508768], [0.15366580477122943, 0.25891523893786283, 0.11178549677875045, 0.47563345951215724], [0.4788758932992621, 0.29067534289496966, 0.07786892767359951, 0.15257983613216872], [0.08317946023175737, 0.7334415084933622, 0.08570655183212152, 0.09767247944275892], [0.0924437938086495, 0.1373755416050165, 0.5827354568221538, 0.18744520776418022], [0.21946789673313324, 0.262211335823665, 0.16879104288150076, 0.34952972456170095], [0.19990426952687018, 0.3002288786721667, 0.20486936428450347, 0.2949974875164599], [0.22835487567696028, 0.2737237329961916, 0.31458997191243826, 0.18333141941440997], [0.1579341340715314, 0.20695794532395242, 0.11145561502058553, 0.5236523055839307], [0.14538198248180279, 0.502846275299535, 0.1491159378808562, 0.2026558043378062], [0.13055511833405753, 0.14489827556964596, 0.11668153770798871, 0.6078650683883079], [0.16084966567605888, 0.3631954225364132, 0.21969911931998093, 0.25625579246754715], [0.10777816989218947, 0.4632417518982842, 0.2867162454651293, 0.1422638327443971], [0.2123876589327528, 0.22871263467055566, 0.31441926275548254, 0.24448044364120894], [0.10557786058999633, 0.2959054645053355, 0.15568434087918542, 0.4428323340254828], [0.23651218176929592, 0.24850193239055796, 0.2938223623057334, 0.22116352353441301], [0.1731686748967644, 0.30843126569684837, 0.1532753507952763, 0.3651247086111109], [0.1967701511724261, 0.34545081397861604, 0.23227258647237053, 0.2255064483765873], [0.37336236778191334, 0.3178444031476324, 0.15210648878449326, 0.156686740285961], [0.1770156114694912, 0.16913973941439633, 0.1519250957673241, 0.5019195533487883], [0.3125488333254729, 0.14757078411689284, 0.2830290343639625, 0.2568513481936717], [0.17156032408813873, 0.3843520935262165, 0.19996917610000103, 0.2441184062856438], [0.15676205764017315, 0.23352787533943695, 0.4224355956801766, 0.18727447134021333], [0.21456735748717942, 0.20799331116923125, 0.3741342401606118, 0.20330509118297746], [0.10611044235229236, 0.13627883574727037, 0.26564077782934115, 0.4919699440710963], [0.21643534586117577, 0.3817150091521065, 0.13755582492003035, 0.2642938200666874], [0.13559256375907394, 0.1511061203397362, 0.22122484509229243, 0.49207647080889755], [0.1067009957239395, 0.2131451143371882, 0.07510036034421379, 0.6050535295946585], [0.04647758952593523, 0.3470245685236079, 0.3599670839766838, 0.2465307579737731], [0.17164625362371658, 0.30639882170415694, 0.21138920869465933, 0.310565715977467], [0.18083862568917958, 0.21007907470685058, 0.17730551419007734, 0.4317767854138926], [0.133306265047112, 0.29639221218427764, 0.14008216907255355, 0.4302193536960569], [0.14378448090209334, 0.24357608650235058, 0.1916395641850628, 0.4209998684104935], [0.14253016284750403, 0.2683022242333516, 0.24367249639189958, 0.34549511652724474], [0.2686816082305352, 0.1978075195816943, 0.147478229205829, 0.38603264298194145], [0.1464090748195091, 0.40805124885176086, 0.1699836385798183, 0.2755560377489117], [0.2061436054779611, 0.16643278081315602, 0.1750398298459331, 0.45238378386294975], [0.12778577574689937, 0.443683600588441, 0.10176689504146914, 0.32676372862319053], [0.10073126718050676, 0.1670429119472776, 0.6084883294818499, 0.12373749139036583], [0.32573194220565266, 0.26091344774146563, 0.15645927835931953, 0.25689533169356227], [0.10344206768170443, 0.3576719436361883, 0.2865815533194304, 0.252304435362677], [0.06639458772643173, 0.18407984369897737, 0.4246904162464111, 0.32483515232817967], [0.2180052437036863, 0.40077525890275634, 0.15740841863035954, 0.22381107876319792], [0.1810465203220007, 0.2167683257828986, 0.12693698243429272, 0.475248171460808], [0.15265810233870267, 0.247562778555607, 0.15610682746421603, 0.44367229164147437], [0.13986969162652435, 0.5038031598940313, 0.07343986344462924, 0.2828872850348149], [0.12189662050680046, 0.13534883745356396, 0.4991889375841782, 0.24356560445545727], [0.40304167664549895, 0.12867899056692622, 0.14298774525896318, 0.32529158752861176], [0.20510326855874456, 0.2662229367958835, 0.3093121881771129, 0.21936160646825892], [0.19004583242762665, 0.2861362457128299, 0.20416215680529798, 0.3196557650542455], [0.1686881678868732, 0.14355095938349272, 0.31331513021194907, 0.37444574251768503], [0.17806150538625862, 0.24818350840528264, 0.11509535711598007, 0.4586596290924787], [0.07679481046793295, 0.17911472590892136, 0.6009648783661133, 0.1431255852570325], [0.1657219844502579, 0.12893243887847694, 0.19685078012382914, 0.5084947965474361], [0.16170829316707536, 0.1694100577917314, 0.3633266246165586, 0.30555502442463484], [0.39335991831354167, 0.18341995319283308, 0.11349810167492452, 0.30972202681870087], [0.1655761392870008, 0.13412732775993666, 0.35797353068851545, 0.34232300226454704], [0.23753755471598215, 0.1699477555893458, 0.31788195508239214, 0.27463273461227994], [0.2226952512841685, 0.21990426604886795, 0.21204294186422445, 0.34535754080273917], [0.09091615577256179, 0.21443371561378793, 0.4113712108966273, 0.2832789177170231], [0.16856812461709736, 0.3001120851163185, 0.15920705818780634, 0.3721127320787778], [0.11120285644626694, 0.1391094404450593, 0.5105067253936378, 0.239180977715036], [0.22843110858021204, 0.2854345317820502, 0.16566158507580206, 0.3204727745619355], [0.15303734195116522, 0.15943245909119905, 0.5911879162032408, 0.09634228275439488], [0.170848363643501, 0.4830725959432919, 0.14468178424598682, 0.20139725616722032], [0.12421529491822975, 0.30372961230848455, 0.284527866997038, 0.2875272257762479], [0.2907523942719217, 0.18465605443452288, 0.18459486711817708, 0.33999668417537837], [0.38353006661749667, 0.32214064025216677, 0.12821486494671855, 0.166114428183618], [0.18727724307402593, 0.13757561222747208, 0.1108536755327681, 0.564293469165734], [0.18995070000940348, 0.18488896560825924, 0.1841594005361632, 0.44100093384617417], [0.13230444237231126, 0.30297954861221205, 0.1578020912059591, 0.4069139178095176], [0.14510275126726524, 0.19071444831353182, 0.3975827440371443, 0.2666000563820587], [0.20367334348549748, 0.16866196883323467, 0.31976361283345295, 0.30790107484781487], [0.09929997734744321, 0.413943945829752, 0.2573731340794448, 0.22938294274336024], [0.24423104406326734, 0.2946693295274062, 0.14769063037469327, 0.31340899603463307], [0.22328442305633203, 0.14359351544972854, 0.335956917045676, 0.29716514444826336], [0.10818061610579836, 0.23455980962955605, 0.45768034334575136, 0.19957923091889423], [0.13167537529565462, 0.2946293720467819, 0.22515950489816886, 0.34853574775939455], [0.2821358392057629, 0.21275264197284902, 0.14468331689206512, 0.360428201929323], [0.19861071358870416, 0.14031038856523495, 0.1127074269448026, 0.5483714709012583], [0.34258390303282626, 0.1252318948928014, 0.3986876160119338, 0.13349658606243855], [0.24070275591322363, 0.3390785235712738, 0.14666448884262714, 0.2735542316728753], [0.21745544323434862, 0.2603194620697156, 0.22103369707389223, 0.30119139762204356], [0.17775915010884796, 0.28823723914150656, 0.3401230999959109, 0.19388051075373455], [0.1679933023826343, 0.14422051547823642, 0.3594282821075896, 0.3283579000315398], [0.19062829060397535, 0.16699531002450832, 0.3902691148405346, 0.2521072845309817], [0.1205790171089886, 0.3994093289137515, 0.1393368781438223, 0.34067477583343764], [0.43427429091074976, 0.18580731988555899, 0.1076858054154028, 0.2722325837882884], [0.3911874153699458, 0.25291759577468587, 0.11163733606368424, 0.24425765279168424], [0.29537346904009076, 0.3502126636300538, 0.1602045574017214, 0.19420930992813382], [0.20373647751630108, 0.22329731735675326, 0.16556456063234165, 0.4074016444946041], [0.1844612902237559, 0.25018253135291674, 0.3228133743518062, 0.24254280407152126], [0.155212915552866, 0.32689241235354527, 0.12904614789072164, 0.38884852420286703], [0.305929543048126, 0.21888487387056324, 0.1374583857585801, 0.33772719732273077], [0.2366548571332908, 0.17281613624730432, 0.12428774676678589, 0.46624125985261905], [0.28899538521035156, 0.2472894608335009, 0.2141746769239578, 0.2495404770321898], [0.06971246248224867, 0.39833458314887404, 0.13758293503311592, 0.3943700193357614], [0.23011867145368226, 0.4156537542784884, 0.17947904451956606, 0.17474852974826335], [0.17978504798941314, 0.13164178111172328, 0.28466144050099645, 0.40391173039786704], [0.15394429192449008, 0.2550218071234858, 0.48557380397674094, 0.10546009697528327], [0.13612633933008197, 0.34202519915422497, 0.1750615695772971, 0.34678689193839607], [0.19605841255761394, 0.26398091883414837, 0.10991193348555213, 0.43004873512268554], [0.26828791657630385, 0.26731753928063046, 0.27096499678844466, 0.19342954735462103], [0.16787168259045585, 0.22613519309771604, 0.18321548375628674, 0.4227776405555414], [0.0889555685629396, 0.20546542881893579, 0.2399695667710138, 0.4656094358471108], [0.3235099475257118, 0.3105873322888126, 0.15948876371677767, 0.20641395646869787], [0.24213227523909223, 0.25540875820312214, 0.11794700474042802, 0.3845119618173576], [0.303716414713535, 0.27316774996976406, 0.09902456584181922, 0.32409126947488187], [0.18393473130751334, 0.12463225111647794, 0.26628672998200886, 0.4251462875939999], [0.22129621731473745, 0.2495267969582056, 0.1818521435673171, 0.34732484215973985], [0.32146828224217455, 0.22130790682173074, 0.2513349866477253, 0.20588882428836952], [0.13303373284792336, 0.167475839211655, 0.5355883880489697, 0.16390203989145194], [0.2733669969178849, 0.2051425002602961, 0.260303560034644, 0.26118694278717497], [0.2479279733584643, 0.2178918362317501, 0.18609020001990254, 0.3480899903898829], [0.15783005414199291, 0.2234539286728295, 0.15760457951295812, 0.46111143767221946], [0.20137051999611505, 0.25870233939119025, 0.14411466790529928, 0.39581247270739545], [0.1518293873058902, 0.1572114608915079, 0.4265487022935438, 0.26441044950905795], [0.25836702944888046, 0.24494211657939471, 0.2865720398015808, 0.2101188141701442], [0.25270964032513926, 0.24170926839182058, 0.14335641554354964, 0.36222467573949063], [0.2801270632832199, 0.32212330420786883, 0.12181637288047097, 0.27593325962844034], [0.1880115310297846, 0.17974835478750553, 0.1397909000058665, 0.49244921417684345], [0.22524020607559964, 0.2513916191076631, 0.12718700876751352, 0.3961811660492238], [0.12047653685597287, 0.23259197072548637, 0.15059748631261868, 0.49633400610592215], [0.21565176672263994, 0.3127857662259344, 0.16028799342913266, 0.31127447362229294], [0.11482435959763272, 0.19126387218825647, 0.32667442101104327, 0.3672373472030677], [0.1586034578285139, 0.3666376170321483, 0.1485658686655696, 0.32619305647376834], [0.1840651046357781, 0.25584298262242094, 0.1241425485422728, 0.43594936419952823], [0.24026781326331167, 0.11032930278428382, 0.07785971958707237, 0.571543164365332], [0.13524891998898012, 0.13128435716959932, 0.33557617955309776, 0.3978905432883228], [0.24917469615160343, 0.08384271344334374, 0.2359474167670813, 0.4310351736379716], [0.24323949199502415, 0.20905829337884502, 0.18642738785631846, 0.36127482676981243], [0.15500306480044823, 0.1981691739900489, 0.24639890745506124, 0.40042885375444165], [0.21537216230073308, 0.3619994631360016, 0.14488822677460902, 0.2777401477886563], [0.13908235419026269, 0.28005699196518363, 0.21468227340172644, 0.3661783804428273], [0.12831386592235608, 0.268172270728983, 0.24097165862624348, 0.3625422047224175]]}}