{"test": {"ids": ["108113760", "99108000", "110117080", "112121360", "107114321", "103113101", "107119950", "110118121", "110120531", "97109570", "108117610", "112116810", "106117770", "104113190", "113119360", "101110200", "99112641", "103111480", "99107630", "112118471", "105121370", "98108520", "103110050", "111119610", "103120780", "97106000", "111114941", "113118620", "112120540", "103110100", "112117210", "112118550", "112118930", "112116451", "100108520", "112120630", "108116120", "108115250", "110121170", "111121930", "112116900", "111120280", "105115570", "108120280", "97110950", "107120010", "108113480", "99121440", "112121351", "108121410", "112119580", "100108580", "97116410", "110118740", "112118890", "103110760", "111116290", "98111670", "111116040", "112118161", "106114150", "103113170", "106118161", "98107210", "111117000", "112117030", "103110220", "107121230", "112116540", "107114110", "99112300", "107112850", "111115770", "110114610", "106111321", "103117200", "113118690", "98121790", "105112240", "108116070", "99117630", "100108990", "104111531", "113121810", "107113180", "100117420", "100116500", "100120010", "97118210", "109119460", "111116010", "102110050", "102117351", "98119591", "104112470", "101111210", "110119300", "105113170", "110115250", "105120280", "112118701", "105113480", "99109910", "105112130", "107114200", "99105921", "109113881", "108115570", "97113260", "100109360", "106114011", "110121720", "110116441", "101109370", "108118810", "101108290", "108118060", "98112170", "102112301", "108115970", "105115720", "103110840", "102110750", "100109330", "99108310", "110115580", "110117110", "102121440", "107115250", "109119010", "109115211", "99120010", "99107640", "101115190", "111117480", "98112300", "98108580", "97106820", "102112030", "97107260", "100109980", "107119130"], "labels": [1, 2, 1, 3, 0, 3, 3, 3, 0, 0, 3, 3, 0, 3, 0, 2, 1, 0, 2, 1, 2, 2, 3, 2, 1, 0, 0, 3, 3, 1, 1, 3, 1, 0, 2, 3, 1, 1, 2, 1, 3, 0, 0, 3, 3, 1, 0, 2, 0, 0, 3, 0, 3, 3, 3, 1, 2, 1, 0, 0, 1, 3, 3, 1, 0, 2, 2, 0, 1, 1, 0, 1, 3, 1, 0, 0, 3, 2, 1, 1, 3, 2, 0, 2, 3, 2, 2, 0, 2, 1, 1, 3, 1, 1, 1, 2, 1, 0, 1, 3, 0, 0, 2, 1, 2, 1, 0, 3, 1, 0, 1, 3, 3, 1, 1, 0, 1, 3, 1, 2, 1, 1, 1, 0, 2, 1, 0, 2, 2, 3, 0, 2, 1, 1, 1, 2, 0, 1, 2, 2, 1, 1], "predicted_labels": [3, 1, 1, 3, 3, 1, 0, 3, 3, 3, 3, 3, 1, 3, 0, 3, 0, 1, 3, 3, 3, 1, 1, 1, 1, 3, 1, 1, 1, 0, 1, 3, 3, 0, 0, 0, 0, 2, 2, 1, 0, 3, 2, 3, 0, 1, 2, 1, 3, 0, 3, 2, 1, 0, 3, 0, 3, 2, 0, 3, 3, 1, 1, 2, 3, 3, 2, 3, 1, 3, 1, 3, 0, 0, 2, 3, 3, 3, 3, 2, 0, 3, 0, 1, 0, 3, 0, 2, 0, 3, 1, 1, 3, 2, 3, 3, 0, 3, 3, 3, 1, 3, 2, 1, 3, 1, 0, 3, 3, 0, 0, 1, 1, 1, 3, 3, 3, 0, 3, 3, 1, 1, 1, 3, 0, 1, 0, 3, 1, 1, 3, 3, 1, 1, 3, 3, 1, 0, 1, 3, 0, 1], "confidence_scores": [[0.33160027661152786, 0.16803596713905256, 0.11927204166578101, 0.38109171458363855], [0.18377808189912048, 0.3587634420570395, 0.18149984680380818, 0.2759586292400317], [0.14276328613561964, 0.4575056004742684, 0.12424486525999662, 0.2754862481301153], [0.27650446698994, 0.20843541615632238, 0.2381540551189445, 0.2769060617347932], [0.1807374603642574, 0.26589889496820557, 0.10947280554056045, 0.4438908391269766], [0.2953332440743194, 0.30962273253051575, 0.11458885382086226, 0.2804551695743027], [0.5431878666761227, 0.20861647504247732, 0.045259009936189296, 0.20293664834521066], [0.3325599450093054, 0.19888492170815236, 0.08422209080287234, 0.38433304247967], [0.23444395552073283, 0.18092021639136957, 0.08519897266543254, 0.49943685542246496], [0.25232532054277407, 0.19270563940086632, 0.22030622594010002, 0.33466281411625953], [0.16844721218131142, 0.18138164082501318, 0.051630185120110236, 0.5985409618735652], [0.292636956184838, 0.18701989447687092, 0.19446411609172862, 0.32587903324656253], [0.20974452216096198, 0.34571830853400204, 0.2133927353519302, 0.23114443395310574], [0.2930993905632391, 0.2491774131580703, 0.16170498171447872, 0.2960182145642118], [0.3845754266628752, 0.17683155043244536, 0.13980391430409553, 0.29878910860058394], [0.13244597313262582, 0.286597356904377, 0.2614169411779262, 0.31953972878507114], [0.36703847161391845, 0.3102691409732501, 0.13406573539548577, 0.18862665201734588], [0.2269847100506023, 0.2790547605911085, 0.2260293515641735, 0.2679311777941158], [0.22043479154010193, 0.22549175741041524, 0.14964695841639422, 0.40442649263308855], [0.3053543656675411, 0.24018468763554546, 0.12077480351173486, 0.3336861431851787], [0.1301999612206654, 0.3418329378081156, 0.12702949453753093, 0.4009376064336881], [0.2332605365813883, 0.490930468322143, 0.08633084246413532, 0.18947815263233345], [0.13493136810459952, 0.4123339385755976, 0.1291783682994457, 0.3235563250203572], [0.2062122109463387, 0.38031174061445117, 0.15670869279356617, 0.25676735564564396], [0.29423894048827764, 0.297406807977254, 0.18425873214247807, 0.22409551939199038], [0.13344815146939898, 0.17926100661256322, 0.2873856842998744, 0.3999051576181635], [0.2531946136936774, 0.3986115974843473, 0.11601573974150046, 0.2321780490804748], [0.32760261355847514, 0.34269975718893286, 0.08399557971407827, 0.24570204953851382], [0.23520122285035355, 0.2989748611007331, 0.23963907649805907, 0.2261848395508543], [0.2891798629997412, 0.27948834529020067, 0.14529841680287867, 0.28603337490717956], [0.18577742695981647, 0.3940750887485488, 0.18097674110653086, 0.23917074318510392], [0.24722575686185164, 0.27077150093806285, 0.12662748469013713, 0.35537525750994836], [0.19779206744345532, 0.25855133046152007, 0.11651681239074892, 0.4271397897042756], [0.45120760688713596, 0.23451740097631857, 0.1164316834016167, 0.19784330873492864], [0.31027834214570427, 0.16070491666769002, 0.228349982156841, 0.3006667590297648], [0.4134674915663028, 0.26564892166100096, 0.09488990157854375, 0.2259936851941524], [0.5005653065918094, 0.12048519711254135, 0.10754967555135049, 0.27139982074429864], [0.11762648206290721, 0.230312927179967, 0.4074350995716187, 0.2446254911855072], [0.1441216729155579, 0.23348703778042504, 0.3234860405432489, 0.2989052487607681], [0.2242761388072225, 0.42342585000400557, 0.1182780721490476, 0.23401993903972423], [0.4482940619608662, 0.1682154603626256, 0.16658795619861588, 0.21690252147789232], [0.3541523743344875, 0.193283900032555, 0.08385742368640271, 0.36870630194655496], [0.14028373064725633, 0.20917740004228771, 0.34988089548068096, 0.300657973829775], [0.15540679517411818, 0.1656286991036701, 0.12833703549050862, 0.5506274702317033], [0.6448846089219572, 0.0680672647528572, 0.061805361837851576, 0.22524276448733405], [0.11452130408326608, 0.49374842797130525, 0.24382372982765918, 0.14790653811776952], [0.1744938887920544, 0.23295964819182208, 0.36757402472356016, 0.22497243829256333], [0.173998133699224, 0.40051347741174337, 0.22847846932301752, 0.19700991956601518], [0.22724776646509912, 0.2608923114012359, 0.21451591709806217, 0.2973440050356027], [0.34637619803913444, 0.21032275068507267, 0.19218047658303478, 0.25112057469275806], [0.23807559260348202, 0.20904990050440944, 0.10286233640704398, 0.45001217048506476], [0.2086845365022122, 0.24709224143620567, 0.31282513290975406, 0.23139808915182816], [0.10060001754412333, 0.4371255055601273, 0.25828571094283187, 0.20398876595291768], [0.34875175073081194, 0.23038075290636761, 0.12551960991500888, 0.29534788644781135], [0.12092753245023825, 0.19081278524035686, 0.10595907964578755, 0.5823006026636174], [0.3582575465333233, 0.2343339394817116, 0.0822857471215228, 0.3251227668634423], [0.1505560695922785, 0.24625027078780706, 0.26833821034483263, 0.3348554492750818], [0.22585000903135805, 0.2671251051760518, 0.2918586530064713, 0.21516623278611857], [0.3643512467084634, 0.12300677125766057, 0.2416850222219631, 0.2709569598119131], [0.2149987113955866, 0.1459909778165747, 0.07555477391440794, 0.5634555368734308], [0.2569740295960066, 0.16724507640397726, 0.26885001922613033, 0.3069308747738857], [0.21550753538994916, 0.42646955302652323, 0.1700048694851583, 0.18801804209836936], [0.14753786994430562, 0.511810253494316, 0.10844173601427291, 0.23221014054710554], [0.25349408375811955, 0.21452951238549972, 0.2909265370284897, 0.241049866827891], [0.16006391302595616, 0.2400202503112262, 0.25063460383799535, 0.34928123282482243], [0.269256740736271, 0.2521572979427218, 0.20586169982624303, 0.27272426149476436], [0.14427416317328273, 0.2761564708360117, 0.38366510525620096, 0.19590426073450473], [0.11553378178111762, 0.250711100260502, 0.2911399192355013, 0.342615198722879], [0.14640295328910816, 0.5677707544439259, 0.08501018367564016, 0.20081610859132598], [0.1381398574807218, 0.2455359982598969, 0.2399645007851695, 0.3763596434742119], [0.13076489774923808, 0.39589303293760597, 0.2884405258301057, 0.1849015434830503], [0.208270248756514, 0.2697739713187596, 0.15738281979393076, 0.3645729601307957], [0.4542037485281007, 0.24087857272639332, 0.09647949110945654, 0.20843818763604965], [0.3896119238887906, 0.30305244747288923, 0.1929129086642552, 0.11442271997406492], [0.15375046777583798, 0.2221199031034298, 0.35760160569032834, 0.26652802343040416], [0.14663797913353957, 0.20258091225495545, 0.08521439677378026, 0.5655667118377247], [0.25458020111080554, 0.20068959929347094, 0.16545474636743146, 0.3792754532282922], [0.20493342523010458, 0.18205063311059252, 0.1949127561733199, 0.418103185485983], [0.15072714051521324, 0.30206197640600535, 0.14164003399373026, 0.4055708490850511], [0.1993390714647835, 0.21649710605403963, 0.41907588989237854, 0.1650879325887984], [0.34999739552420955, 0.15554298483814272, 0.22969239853365567, 0.26476722110399203], [0.2774955871378056, 0.22432473335155456, 0.1472855950218916, 0.3508940844887481], [0.43368101107404855, 0.2902831192561639, 0.09629260034365299, 0.17974326932613452], [0.19208274405482498, 0.28348696530489736, 0.24615125327999474, 0.27827903736028325], [0.39443300810993615, 0.23791382278819806, 0.1784258227578816, 0.1892273463439843], [0.17184044066430812, 0.3228471757186784, 0.15882791731319207, 0.3464844663038214], [0.35441084853360155, 0.18923719118247348, 0.1995563396860206, 0.25679562059790445], [0.17012741600123987, 0.31770246619874265, 0.3217626455172842, 0.19040747228273353], [0.3739244512353374, 0.24847468579149737, 0.22284374651132624, 0.15475711646183912], [0.20294006491198063, 0.2658466502694795, 0.11647658867197541, 0.41473669614656455], [0.10637694904365229, 0.5505459356081464, 0.10564712957350698, 0.2374299857746944], [0.11141339077349606, 0.5602791457265789, 0.07915121323914256, 0.24915625026078253], [0.23161627027787235, 0.2322963678084441, 0.11372817009834567, 0.4223591918153378], [0.21889535686974124, 0.29050284239715923, 0.29451376944957974, 0.1960880312835197], [0.24342128990651804, 0.2768117551672737, 0.11737115698906543, 0.36239579793714305], [0.18456114881952612, 0.2510418710074176, 0.19132929330025608, 0.3730676868728004], [0.3711569841053738, 0.21735978696442607, 0.20380892503837456, 0.20767430389182573], [0.08910921664142, 0.21879912268469603, 0.09755415193225823, 0.5945375087416256], [0.2118486272621494, 0.2946027626300258, 0.12371740502782276, 0.369831205080002], [0.1436458874083388, 0.2906246026906536, 0.22440159303433543, 0.3413279168666722], [0.16974600892687566, 0.3317885179563094, 0.17788368558358178, 0.32058178753323313], [0.11051358228322028, 0.22151125970057656, 0.11510171281459225, 0.5528734452016109], [0.12045983918794638, 0.12955963359384332, 0.5452269511998848, 0.20475357601832558], [0.14599133525443506, 0.3453810658984852, 0.33379688045658173, 0.174830718390498], [0.12661307429480545, 0.21559224384629735, 0.0570494313048665, 0.6007452505540306], [0.26490208000004534, 0.31684938995176415, 0.25416375706711836, 0.16408477298107244], [0.35253550322408206, 0.2278868015943198, 0.09030003992876785, 0.32927765525283037], [0.18882694730250166, 0.2648676476914214, 0.20617864202896222, 0.3401267629771147], [0.277946080540324, 0.1640215568980222, 0.22182669661027882, 0.33620566595137497], [0.3173331851832721, 0.2609779022727927, 0.18451436706682606, 0.23717454547710912], [0.28596260829660486, 0.2599748941029059, 0.24927743583286152, 0.20478506176762784], [0.2112664142036028, 0.35510745744813305, 0.15934651123218338, 0.274279617116081], [0.22815970241819775, 0.285860463504482, 0.22133104728499073, 0.2646487867923295], [0.24350016971329527, 0.4343542031225943, 0.15441443741836966, 0.16773118974574075], [0.1886554227774046, 0.20029795696287034, 0.13801071200910708, 0.47303590825061803], [0.139831611032059, 0.2500521884507632, 0.26792756641483473, 0.34218863410234285], [0.22932414410364899, 0.1986895519513504, 0.14174321416816044, 0.43024308977684017], [0.38673981250687367, 0.1999334527435411, 0.1414012764173824, 0.2719254583322029], [0.22105212759783174, 0.25780972087301024, 0.2440168582862803, 0.27712129324287765], [0.26861107971057296, 0.3067812864514699, 0.07972831059875733, 0.3448793232391997], [0.1989109723033723, 0.3524649103329883, 0.17459858273031525, 0.27402553463332413], [0.2102263911716484, 0.3548459809432176, 0.18736220810872076, 0.2475654197764135], [0.2391170241762574, 0.49810832560314783, 0.1196716841585365, 0.14310296606205838], [0.2325911134011484, 0.19095157181170888, 0.2241457334155022, 0.3523115813716407], [0.4826159725295933, 0.2100393335182719, 0.10776995604487105, 0.1995747379072637], [0.2855674607410151, 0.35048903418002525, 0.19091311288569418, 0.17303039219326555], [0.30792854737847575, 0.26515635602508747, 0.20006102803781023, 0.22685406855862644], [0.2038852574430138, 0.30054113582992154, 0.12580301850565861, 0.3697705882214061], [0.23112883357223862, 0.39880273176811004, 0.18625752868251244, 0.18381090597713895], [0.13442067065313587, 0.37212666192060145, 0.18674097939837572, 0.3067116880278869], [0.1974485351511654, 0.23955677101123643, 0.1840452538739718, 0.37894943996362634], [0.13560186754987816, 0.2509569022798186, 0.26275045775637, 0.35069077241393304], [0.15878180989513815, 0.38974716489911776, 0.2074290275203937, 0.24404199768535026], [0.1662956219860641, 0.4873836430558676, 0.1404911421903203, 0.20582959276774807], [0.25551163743106425, 0.23750993158128086, 0.1303732935982044, 0.3766051373894506], [0.3422843598859177, 0.1516583541887015, 0.11722071304316473, 0.3888365728822162], [0.2708757381363238, 0.29302229742004476, 0.28570498747304607, 0.15039697697058532], [0.38592446812687337, 0.22564090190456831, 0.18870351207182018, 0.1997311178967382], [0.23742795757539534, 0.3105376722388481, 0.1831369982079791, 0.2688973719777775], [0.13818705593989952, 0.16066030710715046, 0.26227710764195983, 0.4388755293109902], [0.44351189019005505, 0.26778639831923345, 0.07136372521981306, 0.21733798627089843], [0.27341155269553064, 0.29153065547449836, 0.16373892220192704, 0.271318869628044]]}, "rewritten": {"ids": ["97106000", "97106820", "97107260", "97109570", "97110950", "97113260", "97116410", "97118210", "98107210", "98108520", "98108580", "98111670", "98112170", "98112300", "98119591", "98121790", "99105921", "99107630", "99107640", "99108000", "99108310", "99109910", "99112300", "99112641", "99117630", "99120010", "99121440", "100108520", "100108580", "100108990", "100109330", "100109360", "100109980", "100116500", "100117420", "100120010", "101108290", "101109370", "101110200", "101111210", "101115190", "102110050", "102110750", "102112030", "102112301", "102117351", "102121440", "103110050", "103110100", "103110220", "103110760", "103110840", "103111480", "103113101", "103113170", "103117200", "103120780", "104111531", "104112470", "104113190", "105112130", "105112240", "105113170", "105113480", "105115570", "105115720", "105120280", "105121370", "106111321", "106114011", "106114150", "106117770", "106118161", "107112850", "107113180", "107114110", "107114200", "107114321", "107115250", "107119130", "107119950", "107120010", "107121230", "108113480", "108113760", "108115250", "108115570", "108115970", "108116070", "108116120", "108117610", "108118060", "108118810", "108120280", "108121410", "109113881", "109115211", "109119010", "109119460", "110114610", "110115250", "110115580", "110116441", "110117080", "110117110", "110118121", "110118740", "110119300", "110120531", "110121170", "110121720", "111114941", "111115770", "111116010", "111116040", "111116290", "111117000", "111117480", "111119610", "111120280", "111121930", "112116451", "112116540", "112116810", "112116900", "112117030", "112117210", "112118161", "112118471", "112118550", "112118701", "112118890", "112118930", "112119580", "112120540", "112120630", "112121351", "112121360", "113118620", "113118690", "113119360", "113121810"], "labels": [0, 1, 2, 0, 3, 1, 3, 2, 1, 2, 0, 1, 3, 2, 1, 2, 1, 2, 1, 2, 2, 2, 0, 1, 3, 2, 2, 2, 0, 2, 0, 0, 1, 2, 2, 0, 0, 1, 2, 2, 1, 3, 1, 2, 1, 1, 2, 3, 1, 2, 1, 1, 0, 3, 3, 0, 1, 0, 1, 3, 1, 1, 0, 0, 0, 1, 3, 2, 0, 1, 1, 0, 3, 1, 3, 1, 2, 0, 2, 1, 3, 1, 0, 0, 1, 1, 3, 2, 1, 1, 3, 1, 1, 3, 0, 0, 0, 3, 1, 1, 1, 1, 3, 1, 0, 3, 3, 1, 0, 2, 3, 0, 3, 1, 0, 2, 0, 1, 2, 0, 1, 0, 1, 3, 3, 2, 1, 0, 1, 3, 0, 3, 1, 3, 3, 3, 0, 3, 3, 3, 0, 2], "predicted_labels": [3, 0, 3, 3, 0, 3, 1, 2, 2, 0, 1, 0, 3, 3, 0, 2, 0, 3, 3, 3, 0, 2, 3, 1, 0, 3, 1, 3, 1, 3, 0, 3, 0, 3, 2, 0, 3, 1, 0, 0, 1, 1, 1, 0, 1, 0, 3, 1, 0, 3, 1, 0, 1, 0, 1, 3, 1, 1, 3, 3, 2, 3, 1, 3, 2, 3, 1, 3, 0, 2, 1, 1, 1, 3, 0, 3, 3, 3, 1, 0, 0, 2, 2, 1, 0, 1, 0, 3, 2, 0, 3, 3, 3, 1, 0, 3, 1, 3, 1, 1, 1, 0, 0, 1, 0, 0, 0, 2, 3, 0, 1, 3, 0, 1, 0, 3, 2, 0, 1, 3, 0, 0, 1, 0, 3, 0, 1, 3, 3, 1, 0, 3, 0, 3, 3, 0, 3, 0, 0, 0, 0, 1], "confidence_scores": [[0.10820681535375085, 0.2537023487430363, 0.12403182307731897, 0.5140590128258938], [0.37781627300239357, 0.21380799699801978, 0.25402692158697787, 0.15434880841260873], [0.2096478603402855, 0.15852865876137395, 0.16910477282325728, 0.4627187080750832], [0.2154578933688768, 0.14273137122864163, 0.1907466200938817, 0.4510641153085998], [0.6289099578913666, 0.12342578597639965, 0.08100780698838118, 0.16665644914385266], [0.30768954822825934, 0.1841902450666874, 0.14918146360446732, 0.35893874310058616], [0.11506423388325068, 0.3787891003551821, 0.3562987806336483, 0.14984788512791902], [0.18609539450870166, 0.27020121439737804, 0.3302373837706573, 0.21346600732326299], [0.23837506614167894, 0.25292083710161756, 0.2626770965355103, 0.2460270002211932], [0.3355335162196615, 0.2743112486617931, 0.07198476141961262, 0.3181704736989329], [0.23680823196770023, 0.2984958080952003, 0.22287264232495838, 0.24182331761214101], [0.4081353202683128, 0.18555884384354304, 0.19106198503931807, 0.21524385084882627], [0.29114344534717196, 0.18905000024931307, 0.17760911185111308, 0.3421974425524019], [0.20193459253827895, 0.12771001383115652, 0.17527645774253123, 0.4950789358880332], [0.4058304776008022, 0.21518553116483854, 0.1778325619158842, 0.20115142931847504], [0.2459460758000116, 0.1703811462463727, 0.3096084748504087, 0.2740643031032071], [0.31922949027734354, 0.19956985316480685, 0.1623981055410232, 0.3188025510168263], [0.3235269456299574, 0.19582352798707384, 0.13433656893492446, 0.34631295744804436], [0.17136975637551166, 0.3144570571268867, 0.18573109588005757, 0.3284420906175442], [0.16703903712591361, 0.32266242714415977, 0.16349559619484164, 0.34680293953508506], [0.48806543492252347, 0.17035259314284593, 0.14462100963942598, 0.19696096229520477], [0.1284915293407819, 0.2175362146864033, 0.4470413644922442, 0.2069308914805705], [0.25578338700268044, 0.21958605942033071, 0.2596460094459185, 0.26498454413107053], [0.3075697313826603, 0.31392686567392064, 0.11877509256341447, 0.2597283103800045], [0.3395393037010026, 0.14070235026805947, 0.267716369112444, 0.25204197691849384], [0.19720907096300525, 0.1832280663682908, 0.2301467714835885, 0.38941609118511555], [0.28320440679279174, 0.3147296772885, 0.18721663018124926, 0.2148492857374592], [0.20646622605609058, 0.25165568128047155, 0.18473719525048898, 0.35714089741294924], [0.20403131771968974, 0.3278184503641342, 0.3054023422628535, 0.16274788965332254], [0.3055351545568605, 0.19563357571758316, 0.1375560155937888, 0.36127525413176764], [0.3369459199172624, 0.21286650468411383, 0.17090640541022686, 0.2792811699883967], [0.24448017055649077, 0.2559038630566263, 0.21197772034181592, 0.28763824604506705], [0.439532022501321, 0.23722891392462064, 0.1171098176553725, 0.20612924591868576], [0.2577975019121967, 0.21855083560352823, 0.2008591441418371, 0.32279251834243805], [0.1600177258090173, 0.20949027076120963, 0.395431919557846, 0.2350600838719271], [0.2985185011931458, 0.2150862859537875, 0.27429493579818676, 0.2121002770548798], [0.19966170647490808, 0.2445759868535573, 0.12377971457825117, 0.4319825920932833], [0.2073354653745449, 0.32408211297667283, 0.2970938188615573, 0.17148860278722494], [0.33220974967806677, 0.2961006458271425, 0.11822657394327696, 0.25346303055151387], [0.29347673815187625, 0.23820275951214379, 0.2518786366116767, 0.2164418657243033], [0.22983120128543785, 0.3671541701658292, 0.1936890898464944, 0.2093255387022385], [0.1291448866551089, 0.4496968076814816, 0.1309047608571113, 0.29025354480629834], [0.24642130452065497, 0.5167349873101091, 0.09344421440123243, 0.14339949376800343], [0.3587679585790674, 0.33907085058677183, 0.08157190765727357, 0.22058928317688714], [0.17982992708613557, 0.4817681412365833, 0.17074515944509966, 0.1676567722321815], [0.3613231843810591, 0.2802402685142144, 0.08786202029892652, 0.2705745268058], [0.258572735085963, 0.2240895594380142, 0.14903548973495612, 0.36830221574106664], [0.1295664789004317, 0.4977733147131562, 0.16067376567856723, 0.21198644070784506], [0.3218909759053913, 0.25147546850094, 0.14931155605560206, 0.27732199953806674], [0.24179274815121568, 0.2496016913257434, 0.2065632051522041, 0.30204235537083673], [0.22194052872727152, 0.3213828975519186, 0.14997675111398742, 0.3066998226068225], [0.3068978813317106, 0.28102910366830997, 0.19061307842357456, 0.22145993657640498], [0.19040642479538109, 0.3722892272535061, 0.1635058200602478, 0.273798527890865], [0.37736350911999467, 0.34628114016834927, 0.08779109936584485, 0.18856425134581126], [0.23385032461292582, 0.46162040932007314, 0.10169394460575977, 0.20283532146124114], [0.22705534510259448, 0.24383252450144466, 0.1488682880467024, 0.38024384234925845], [0.1500777529447473, 0.5756436572974102, 0.15024357363481944, 0.12403501612302302], [0.17990985671564969, 0.43654406648778676, 0.08539013977643474, 0.2981559370201289], [0.22920690596777726, 0.21829627986659633, 0.11949496101107981, 0.43300185315454676], [0.2549598665768325, 0.24285690226499618, 0.1822876334975951, 0.3198955976605762], [0.13649608137347702, 0.2603480747637371, 0.39936009569143066, 0.20379574817135526], [0.2929187238737812, 0.2221605235037601, 0.16873999425609548, 0.3161807583663632], [0.24211056665609645, 0.35408889070627975, 0.09129496273294636, 0.3125055799046774], [0.1660953169480661, 0.2615942058157242, 0.13306368372475946, 0.4392467935114503], [0.19834330082546459, 0.26587058055784585, 0.3199466213484862, 0.21583949726820328], [0.13558819775184533, 0.2660442383599281, 0.16310613798660964, 0.43526142590161676], [0.24556034417149208, 0.2978614215929976, 0.16931372724846327, 0.287264506987047], [0.14136739249071434, 0.29817743419994786, 0.12858362747480445, 0.4318715458345334], [0.3506964995021754, 0.128187848029536, 0.21802366088475642, 0.3030919915835321], [0.29916230620423695, 0.2325048828703837, 0.3079718810404852, 0.160360929884894], [0.25884861872215464, 0.2768086073674839, 0.19611003662002655, 0.2682327372903349], [0.23540806134325734, 0.42045943873400204, 0.12871908946503197, 0.21541341045770862], [0.22980007711895883, 0.5090479382248101, 0.10423396518238692, 0.15691801947384418], [0.17817808518784184, 0.2645003334559499, 0.22656784910748345, 0.33075373224872495], [0.49533031755027956, 0.20653801525268745, 0.12357031613559062, 0.17456135106144244], [0.2449228819424265, 0.2708822199067578, 0.14829047675214482, 0.3359044213986709], [0.1774020387906685, 0.20193350646599909, 0.040211976758095944, 0.5804524779852365], [0.2577839951400486, 0.23262173012936072, 0.07891784938981726, 0.4306764253407733], [0.26428722075804406, 0.3202464337136927, 0.19884220533699615, 0.21662414019126727], [0.6274029412981126, 0.12934372133226407, 0.12727278303297257, 0.11598055433665069], [0.3901878197648419, 0.23640878122252268, 0.07985788753871916, 0.2935455114739161], [0.1372165507056641, 0.333141506713583, 0.45927564785075875, 0.07036629472999396], [0.05723614930896203, 0.08145593613464043, 0.5739662036271148, 0.28734171092928257], [0.205991805558149, 0.28741132964631894, 0.248567237247873, 0.25802962754765907], [0.37297571009325575, 0.22355513384908746, 0.09941877580140566, 0.30405038025625136], [0.1428678088329628, 0.3477188226851062, 0.16835560992129703, 0.341057758560634], [0.5032518606712478, 0.14101407061689974, 0.14515043962300675, 0.21058362908884568], [0.23784159048670497, 0.2523743766644886, 0.04775495386963659, 0.46202907897916967], [0.11187677224117237, 0.09296607312901835, 0.6935666448680939, 0.1015905097617155], [0.46398100336094433, 0.16024654333006502, 0.08805799708888837, 0.28771445622010233], [0.2275551537038162, 0.24370938493629968, 0.19237005738298799, 0.33636540397689607], [0.33876010947848123, 0.1448705569004625, 0.13645704156791524, 0.37991229205314114], [0.208806849372693, 0.09545578488263959, 0.09759118773621925, 0.5981461780084482], [0.20001783408294685, 0.29070226467928934, 0.2381024009870977, 0.2711775002506662], [0.33570558878917545, 0.25753475844435986, 0.12499216674123116, 0.28176748602523344], [0.34748202393568106, 0.19640310389617469, 0.09193867328416212, 0.3641761988839824], [0.25367895751121, 0.38747886879203175, 0.07989856611902152, 0.27894360757773684], [0.2160046123711002, 0.2829591151169624, 0.16469772403539285, 0.33633854847654465], [0.17632933810447063, 0.4369088772265028, 0.07675444051119804, 0.31000734415782844], [0.2553179037732377, 0.30506781340849376, 0.14878919062182525, 0.29082509219644326], [0.3020514429749039, 0.35642394893389945, 0.08146092849868362, 0.2600636795925131], [0.5485568683032861, 0.18836581928038157, 0.12071722704473566, 0.14236008537159675], [0.3053035173940909, 0.26205815690422596, 0.16880353049291455, 0.2638347952087688], [0.2509714497105807, 0.3976428708001292, 0.11319309531123965, 0.23819258417805028], [0.3347648991928485, 0.19925563205952757, 0.3120321305153957, 0.15394733823222828], [0.4066259966076358, 0.14521612042498014, 0.068912867351066, 0.379245015616318], [0.4287427064008544, 0.18654153380925023, 0.09119045433160528, 0.29352530545829003], [0.2498050112635412, 0.17924606519813902, 0.42676886325257063, 0.14418006028574906], [0.2752679131614959, 0.11795881879265427, 0.12087398291700482, 0.48589928512884506], [0.2892610961598111, 0.22976917841433842, 0.2495300353709228, 0.23143969005492776], [0.22754085592309697, 0.29480525420286247, 0.22641721261908135, 0.2512366772549592], [0.15700320669118117, 0.328681276408246, 0.12485299901997914, 0.3894625178805938], [0.5670008857219554, 0.15169781117697437, 0.07455222523265648, 0.206749077868414], [0.15263317702238086, 0.51448978407424, 0.1293233494417859, 0.20355368946159327], [0.41358170386773435, 0.14288872065025907, 0.22585926319073704, 0.2176703122912695], [0.19715558729070765, 0.1837588433305125, 0.0935227245647286, 0.5255628448140512], [0.10238884417625058, 0.22692437477914848, 0.47588813417419396, 0.1947986468704069], [0.38176512977450316, 0.19895928582708702, 0.11055888612666975, 0.30871669827174025], [0.2346949434936141, 0.394868312648538, 0.1723893938028836, 0.19804735005496424], [0.3320071025190724, 0.2639417670697214, 0.06324770193007098, 0.34080342848113526], [0.47865597767945206, 0.20827172854679396, 0.11303651843445672, 0.2000357753392973], [0.45646297669657987, 0.2534287902845967, 0.11461983970670538, 0.1754883933121179], [0.19643412558102494, 0.5110209456689586, 0.0910470023968765, 0.2014979263531399], [0.31116900853938895, 0.30929430047157774, 0.10830833713001238, 0.2712283538590209], [0.33929445411268594, 0.20664504495290065, 0.11343249980069955, 0.3406280011337136], [0.5986794273514571, 0.09556390809956185, 0.11607841540182284, 0.18967824914715836], [0.2884003926524525, 0.30196388507318245, 0.2652578975912384, 0.14437782468312652], [0.24332715372753602, 0.11459568470785682, 0.07305185667430338, 0.5690253048903038], [0.2073157147989123, 0.32089384377573815, 0.1459405143656051, 0.32584992705974447], [0.3000726295318091, 0.3095282533715227, 0.09774351518395934, 0.292655601912709], [0.362334007434192, 0.2492520937090982, 0.10747443809602115, 0.28093946076068893], [0.33654802109638166, 0.1802227291085493, 0.12247492285094766, 0.3607543269441216], [0.3147665662403595, 0.25015476107977425, 0.12401922814934269, 0.3110594445305238], [0.19445677924758029, 0.21632090654443215, 0.09817606069181904, 0.49104625351616854], [0.18959325828081813, 0.30303767568488565, 0.17284425237911452, 0.33452481365518183], [0.5787791840142695, 0.18178684992303956, 0.05719837372480548, 0.18223559233788555], [0.26519042955676564, 0.2585860272860796, 0.18486134056045211, 0.29136220259670276], [0.5245099364829566, 0.1331464159887346, 0.15011215184423202, 0.1922314956840767], [0.4416623667174983, 0.23524078534152323, 0.09810561102332926, 0.22499123691764916], [0.33947798092447357, 0.19325843045623692, 0.1645551643480369, 0.30270842427125244], [0.5750228926810849, 0.19549785494512498, 0.11516416460796794, 0.11431508776582211], [0.15257652997022111, 0.45075154682643476, 0.19697740436808317, 0.19969451883526101]]}}