{"test": {"ids": ["109118820", "110121450", "113122220", "103109021", "110114651", "101111620", "113118511", "111118820", "106114011", "99109840", "109121410", "108117451", "101111210", "103113170", "100110050", "113122180", "104111830", "110115140", "113120751", "105111990", "113121010", "108113740", "103110100", "100113210", "113121750", "99108520", "108118060", "102121700", "112118930", "113119950", "113119450", "100108490", "102109850", "101112201", "106114880", "98107340", "99108000", "110115580", "105118740", "110118880", "109116170", "106116370", "108115970", "109117630", "99110050", "99117630", "103111170", "101111310", "112118471", "107114140", "105118230", "111121190", "108113620", "106115240", "113122510", "103110840", "100108520", "108120260", "99111440", "113119360", "100111380", "100108080", "108116501", "98109311", "98121790", "97118210", "113118810", "107119950", "109118161", "98112170", "111115620", "110115710", "113121190", "100107920", "108114270", "105113260", "105117351", "105115900", "108118291", "112118820", "111119340", "113117550", "111119290", "112116451", "112120270", "98116090", "109116930", "100109980", "110118161", "103113260", "110118810", "105112100", "106120640", "99109740", "107116300", "104110960", "113119320", "109120150", "109121640", "99109910", "111118910", "99112531", "102121440", "104112470", "97116790", "113120531", "98108520", "111119150", "104113170", "106113360", "107115250", "105116090", "107118490", "113119300", "110119030", "100109910", "98110230", "113120540", "108114360", "111116990", "112120640", "97107681", "98111670", "106116120", "98116940", "110114920", "100120010", "99112641", "107121540", "101112540", "102107961", "111117120", "105116441", "110120700", "108119550", "112120990", "112118550", "113118870", "97112830", "112119610", "105119950", "97113900"], "labels": [3, 3, 1, 0, 3, 3, 1, 0, 1, 2, 0, 2, 2, 3, 3, 2, 3, 0, 1, 2, 2, 3, 1, 0, 0, 2, 1, 1, 1, 0, 3, 2, 1, 0, 0, 0, 2, 1, 1, 0, 0, 2, 2, 0, 3, 3, 2, 3, 1, 2, 1, 1, 3, 1, 2, 1, 2, 1, 3, 0, 3, 0, 0, 1, 2, 2, 3, 3, 0, 3, 1, 2, 1, 0, 3, 3, 0, 3, 3, 0, 3, 3, 3, 0, 0, 0, 0, 1, 0, 3, 1, 1, 3, 3, 0, 2, 1, 2, 0, 2, 0, 3, 2, 1, 2, 0, 2, 3, 3, 0, 2, 1, 2, 1, 0, 2, 3, 3, 1, 0, 0, 3, 1, 1, 2, 3, 0, 1, 2, 2, 3, 2, 1, 2, 1, 2, 3, 0, 2, 0, 3, 2], "predicted_labels": [3, 1, 1, 1, 3, 3, 1, 0, 1, 3, 1, 3, 3, 2, 1, 3, 3, 3, 3, 3, 3, 3, 0, 1, 0, 2, 3, 1, 3, 3, 1, 1, 2, 0, 1, 3, 1, 3, 1, 3, 0, 3, 0, 1, 2, 0, 0, 3, 0, 2, 3, 0, 1, 1, 3, 3, 3, 3, 2, 3, 0, 1, 3, 0, 1, 3, 2, 0, 1, 0, 3, 3, 3, 1, 1, 1, 1, 1, 0, 0, 1, 1, 3, 0, 3, 1, 0, 3, 1, 3, 0, 1, 1, 3, 3, 1, 1, 3, 1, 2, 3, 2, 0, 3, 3, 3, 1, 3, 1, 1, 3, 1, 1, 1, 3, 3, 0, 1, 1, 0, 3, 0, 1, 1, 1, 3, 2, 3, 2, 1, 3, 1, 1, 3, 1, 1, 0, 1, 1, 1, 3, 1], "confidence_scores": [[0.16887356746335355, 0.2177132493598345, 0.06559842838847209, 0.5478147547883399], [0.13862087963412656, 0.468756817187351, 0.17052653127340522, 0.22209577190511723], [0.22989886202807483, 0.47677306059825353, 0.10854143415873707, 0.18478664321493463], [0.27397771620338895, 0.529976052275013, 0.07690305447032077, 0.1191431770512773], [0.29692953060270083, 0.1886070779718143, 0.06989308242621753, 0.4445703089992674], [0.20930663393758311, 0.28016088928221744, 0.05644692182672111, 0.4540855549534785], [0.280228965839512, 0.3879808810641843, 0.1403748976617231, 0.1914152554345806], [0.46047685940070937, 0.2476471240619622, 0.1296906613063254, 0.16218535523100303], [0.21730577334935894, 0.3589435986265963, 0.18265745457740132, 0.24109317344664355], [0.20116106865692548, 0.2662651352025925, 0.1597753525479268, 0.3727984435925554], [0.20551785399584768, 0.37424376830466877, 0.09472475675270012, 0.32551362094678365], [0.15065735050355475, 0.18867774131333265, 0.10433009017514669, 0.556334818007966], [0.1287325289230425, 0.3501662508465262, 0.07666479393183495, 0.4444364262985965], [0.22458531383658148, 0.2611252996719505, 0.2720403540823088, 0.2422490324091592], [0.1983923746397814, 0.40087829337763287, 0.15693499675897235, 0.24379433522361332], [0.11864171709671277, 0.3694484274650813, 0.09992743223550773, 0.4119824232026983], [0.13752331481173663, 0.20460614664284668, 0.1652024659410213, 0.4926680726043953], [0.15034651716593786, 0.2027551628345129, 0.17832922350163535, 0.4685690964979138], [0.20223716067516376, 0.25908730765615695, 0.19505773788700428, 0.343617793781675], [0.09164721380567059, 0.22528808354588814, 0.11622583042287613, 0.5668388722255652], [0.12494514429435918, 0.21350941697976084, 0.07723695751303598, 0.584308481212844], [0.23368272299720944, 0.1842997357034744, 0.22602533482690904, 0.3559922064724071], [0.5117387684949884, 0.1972414883659796, 0.11918443853231779, 0.1718353046067142], [0.1837230250647989, 0.43713451534456316, 0.1311574594721958, 0.24798500011844227], [0.4748428464093209, 0.23134831714879167, 0.1769633177054431, 0.11684551873644439], [0.14390866373975636, 0.256010526602718, 0.32378088590945314, 0.2762999237480725], [0.11652674053840789, 0.2332524487686887, 0.16674173696287933, 0.4834790737300241], [0.19785568076683702, 0.39137094581846754, 0.1821497407290368, 0.22862363268565875], [0.12641830829083683, 0.16059424588053034, 0.2953476149146673, 0.4176398309139655], [0.2649452731893203, 0.23817711520153786, 0.16925839614274, 0.32761921546640194], [0.23765281745230443, 0.3518776579865714, 0.1417418853729118, 0.2687276391882125], [0.13682837397598224, 0.6134502987978464, 0.09955881326721545, 0.150162513958956], [0.09078212649074083, 0.053945822405118436, 0.5870120157997314, 0.2682600353044093], [0.46453539125837306, 0.2450903279241837, 0.1282895996682119, 0.16208468114923127], [0.21029987018412669, 0.29707063554462426, 0.23617625428841954, 0.25645323998282954], [0.1410762468623477, 0.27721303015394416, 0.24083527926888298, 0.3408754437148253], [0.22085030848190787, 0.3837878244586047, 0.11261270965115552, 0.282749157408332], [0.10962014645790538, 0.16014937275702107, 0.1542505365709274, 0.5759799442141461], [0.09942878206691698, 0.4048002344960574, 0.2804619887556556, 0.21530899468137008], [0.342505422105002, 0.21442789845882218, 0.09988609411914727, 0.3431805853170285], [0.34885718555956285, 0.2512574019423312, 0.08825474561452042, 0.3116306668835856], [0.15496088308356865, 0.21814341091145006, 0.26143210484269047, 0.36546360116229093], [0.2914469746665744, 0.14718516386983613, 0.2862448542525249, 0.27512300721106453], [0.21505110006140088, 0.33392563564812344, 0.13622023478117018, 0.31480302950930533], [0.22918548731918081, 0.05371617874380659, 0.5470174481754797, 0.17008088576153296], [0.4783267132548689, 0.18031874268063916, 0.2086848077613897, 0.13266973630310214], [0.3809703227112178, 0.31827593189246545, 0.15801192940458694, 0.14274181599172983], [0.20728660828470127, 0.27406160445012046, 0.18948814091014252, 0.3291636463550358], [0.3908192232235215, 0.18803309564038403, 0.06768852485359418, 0.35345915628250046], [0.1381602023092744, 0.22047380249776866, 0.3472715303946425, 0.2940944647983145], [0.0860446153513839, 0.3463680934191533, 0.11695845642260765, 0.4506288348068551], [0.3586778668766103, 0.23995447141725942, 0.16055048618055498, 0.24081717552557538], [0.23111169246578384, 0.3114291519308779, 0.31105418294654125, 0.14640497265679692], [0.23231064384689268, 0.4630919434006731, 0.10606795537728107, 0.19852945737515315], [0.0739695317209551, 0.35911463650966785, 0.08481244705180487, 0.4821033847175722], [0.12110028397058578, 0.2548061596854248, 0.09869277553787922, 0.5254007808061103], [0.16113605366892392, 0.18120773446421387, 0.27771494103376115, 0.37994127083310114], [0.2835859712319514, 0.2729916134673902, 0.11886552657986946, 0.3245568887207889], [0.15053440165162887, 0.2439093549558125, 0.4531023623036011, 0.1524538810889575], [0.19853110164644103, 0.10091145787604965, 0.05199917836731662, 0.6485582621101927], [0.438613391784081, 0.22309168274768912, 0.20333463810172467, 0.13496028736650523], [0.1805055040769045, 0.36953836957412756, 0.19073373566861, 0.2592223906803581], [0.10160777230278165, 0.22386059425720284, 0.05725213580415149, 0.617279497635864], [0.3328018188345637, 0.2955233514724823, 0.08287154121876401, 0.28880328847419007], [0.21386231605865463, 0.3279497120489013, 0.16772191322275812, 0.29046605866968583], [0.2685093474029347, 0.26180258812992463, 0.085167702486893, 0.38452036198024775], [0.2847306440047232, 0.21591887902347787, 0.3282308393607291, 0.17111963761106966], [0.4144040770399838, 0.25655056743548815, 0.1803049611692255, 0.1487403943553026], [0.20665358747442217, 0.4758610840585245, 0.0930170007693471, 0.22446832769770622], [0.5315738157056782, 0.10076330456205598, 0.09256100453888323, 0.27510187519338264], [0.16420680509429078, 0.21096449200762804, 0.10938087051280186, 0.5154478323852795], [0.13073834395837333, 0.37181721914265553, 0.09308737253901676, 0.40435706435995444], [0.21685362409929987, 0.21823421002699767, 0.13353509989252788, 0.43137706598117465], [0.2594655939594276, 0.35587884529618413, 0.1722107543500489, 0.21244480639433946], [0.28015512025297146, 0.35056697751505583, 0.13672150202916133, 0.23255640020281146], [0.23566355479162182, 0.4902177202949025, 0.11432020716434656, 0.15979851774912918], [0.3119797219521755, 0.38885429222138085, 0.07610984852803727, 0.2230561372984064], [0.13559997237018653, 0.4568352198864685, 0.09942661698550044, 0.3081381907578445], [0.4611126424459636, 0.19892184776665692, 0.07007016422631272, 0.26989534556106676], [0.4003704434123367, 0.21857446221709653, 0.18947057366372438, 0.1915845207068424], [0.27521515304554894, 0.31761484781339566, 0.1454510769432378, 0.26171892219781745], [0.09537442866064655, 0.41391360253967646, 0.11060132519289714, 0.38011064360678004], [0.1566347495836736, 0.3548150229493913, 0.1269300524608555, 0.36162017500607957], [0.30598483455372844, 0.2381767112854631, 0.21038348869301618, 0.2454549654677924], [0.21489043730399424, 0.15172111275602687, 0.08631981188165598, 0.547068638058323], [0.1592110447969494, 0.37050361148520283, 0.16645263763018942, 0.3038327060876585], [0.3305863479095423, 0.31119330746922785, 0.12399382302139166, 0.23422652159983823], [0.1773707579802742, 0.185894824709532, 0.10086952713766999, 0.5358648901725239], [0.22340056051267376, 0.5038531661782699, 0.0822593351629943, 0.19048693814606196], [0.1325709950699587, 0.1759698881807704, 0.13814510525044768, 0.5533140114988232], [0.3475164260596133, 0.27150217870728305, 0.14753452070618062, 0.233446874526923], [0.14513923642615642, 0.3808952663856811, 0.26036982736094966, 0.21359566982721295], [0.18466538031447075, 0.5251572008271989, 0.09876726999090747, 0.19141014886742294], [0.10511703221956456, 0.26785830590078763, 0.24550708947329714, 0.38151757240635076], [0.15004932506926594, 0.30038396810206547, 0.12652953441433762, 0.423037172414331], [0.15911385108804318, 0.4720403525730476, 0.13060263665851018, 0.23824315968039889], [0.25855254769624475, 0.39863986579136057, 0.14759638720315932, 0.1952111993092352], [0.16870175993916572, 0.3091598189062333, 0.15082551884151243, 0.37131290231308867], [0.33749124925868806, 0.46855872910035756, 0.09445761292242544, 0.09949240871852885], [0.11259185955071406, 0.10684388128797574, 0.5624634813369367, 0.21810077782437348], [0.2315444315616376, 0.1769918824577672, 0.0896600921412907, 0.5018035938393045], [0.11647991001782033, 0.22784245020924054, 0.5097521476173459, 0.14592549215559314], [0.41487792962526254, 0.2532728165917523, 0.08190477971952621, 0.24994447406345896], [0.15452320204883574, 0.23088930698692933, 0.26917042744257386, 0.3454170635216612], [0.21983869486542226, 0.25660343620996395, 0.22047664187650895, 0.30308122704810475], [0.07653061882843346, 0.08799635495049678, 0.04161097965855154, 0.7938620465625184], [0.20121433639951086, 0.46801618217279656, 0.21942520713082395, 0.11134427429686872], [0.24113309744918512, 0.2251459981079833, 0.1072824644259627, 0.4264384400168689], [0.21098961090103757, 0.4219795605571675, 0.0994438268215231, 0.2675870017202719], [0.30972170704985114, 0.34354263258862183, 0.08721837795846912, 0.259517282403058], [0.09855007414195593, 0.38394700005595866, 0.10114167172072865, 0.4163612540813567], [0.25648905683574263, 0.2682051304134234, 0.23485271542591565, 0.2404530973249184], [0.21168530074044953, 0.4757351902576333, 0.15683688159936837, 0.15574262740254882], [0.07388861407089345, 0.7864729452552385, 0.057897695414224605, 0.08174074525964349], [0.1468151215677399, 0.3190240674224071, 0.16349306207449485, 0.3706677489353583], [0.09074295408342763, 0.0962307809999636, 0.07407518634853902, 0.7389510785680697], [0.3767293221296992, 0.2501503103594886, 0.18112200768740896, 0.19199835982340346], [0.23560319161205687, 0.49169089411956896, 0.11082064680642456, 0.1618852674619498], [0.21134179390218572, 0.39766653137277536, 0.17878791025470384, 0.2122037644703351], [0.3530501826121239, 0.29562611065069694, 0.08210631883929222, 0.26921738789788696], [0.2887893146330269, 0.1315459276999079, 0.08843775042294118, 0.49122700724412416], [0.31194169236026037, 0.256311402609924, 0.22616172306159787, 0.20558518196821787], [0.20947475525099485, 0.4424297083188838, 0.19706337756186598, 0.15103215886825547], [0.20459762568744552, 0.3286919347580879, 0.3113950112308715, 0.15531542832359516], [0.1383399472112694, 0.3214628320352527, 0.3000739986777388, 0.24012322207573922], [0.05506960605258812, 0.15182469997225034, 0.22347497888587564, 0.5696307150892859], [0.1839916289559835, 0.14797076943947546, 0.497352434852086, 0.17068516675245504], [0.1843028825298505, 0.29285014650886987, 0.2267762251043779, 0.2960707458569019], [0.16492871245917806, 0.17773294668276682, 0.34160457469284455, 0.31573376616521065], [0.15516735448660884, 0.48612603349285227, 0.16703079374576352, 0.19167581827477548], [0.24626123518932524, 0.18021839990721056, 0.09424609377831455, 0.4792742711251497], [0.14479396696470562, 0.5453191298351042, 0.11395503690328754, 0.1959318662969026], [0.26835750812379405, 0.4284481200298543, 0.060830892013141125, 0.24236347983321063], [0.33912127135561115, 0.2018540850950732, 0.10057406145397578, 0.35845058209534003], [0.22255065325410994, 0.34155616241887427, 0.1426952943585299, 0.29319788996848595], [0.10374340607959859, 0.4567834133599322, 0.26513311222711156, 0.1743400683333577], [0.3232649059102882, 0.29498635467733336, 0.16851071461648084, 0.21323802479589754], [0.17651231677203805, 0.5776600039449661, 0.05451023900160103, 0.19131744028139488], [0.11780814964430311, 0.3465401313363385, 0.2360230487167284, 0.29962867030263013], [0.11354251340163726, 0.41137480159443857, 0.1936859347198476, 0.28139675028407674], [0.2048097953513335, 0.33412645485236525, 0.118486981824562, 0.3425767679717392], [0.29656196537163176, 0.341926526291498, 0.17086057212801756, 0.19065093620885273]]}, "rewritten": {"ids": ["97107681", "97112830", "97113900", "97116790", "97118210", "98107340", "98108520", "98109311", "98110230", "98111670", "98112170", "98116090", "98116940", "98121790", "99108000", "99108520", "99109740", "99109840", "99109910", "99110050", "99111440", "99112531", "99112641", "99117630", "100107920", "100108080", "100108490", "100108520", "100109910", "100109980", "100110050", "100111380", "100113210", "100120010", "101111210", "101111310", "101111620", "101112201", "101112540", "102107961", "102109850", "102121440", "102121700", "103109021", "103110100", "103110840", "103111170", "103113170", "103113260", "104110960", "104111830", "104112470", "104113170", "105111990", "105112100", "105113260", "105115900", "105116090", "105116441", "105117351", "105118230", "105118740", "105119950", "106113360", "106114011", "106114880", "106115240", "106116120", "106116370", "106120640", "107114140", "107115250", "107116300", "107118490", "107119950", "107121540", "108113620", "108113740", "108114270", "108114360", "108115970", "108116501", "108117451", "108118060", "108118291", "108119550", "108120260", "109116170", "109116930", "109117630", "109118161", "109118820", "109120150", "109121410", "109121640", "110114651", "110114920", "110115140", "110115580", "110115710", "110118161", "110118810", "110118880", "110119030", "110120700", "110121450", "111115620", "111116990", "111117120", "111118820", "111118910", "111119150", "111119290", "111119340", "111121190", "112116451", "112118471", "112118550", "112118820", "112118930", "112119610", "112120270", "112120640", "112120990", "113117550", "113118511", "113118810", "113118870", "113119300", "113119320", "113119360", "113119450", "113119950", "113120531", "113120540", "113120751", "113121010", "113121190", "113121750", "113122180", "113122220", "113122510"], "labels": [3, 2, 2, 2, 2, 0, 2, 1, 3, 1, 3, 0, 2, 2, 2, 2, 3, 2, 2, 3, 3, 3, 1, 3, 0, 0, 2, 2, 2, 1, 3, 3, 0, 0, 2, 3, 3, 0, 2, 3, 1, 2, 1, 0, 1, 1, 2, 3, 3, 2, 3, 1, 3, 2, 1, 3, 3, 1, 1, 0, 1, 1, 3, 0, 1, 0, 1, 1, 2, 3, 2, 2, 0, 2, 3, 2, 3, 3, 3, 1, 2, 0, 2, 1, 3, 1, 1, 0, 0, 0, 0, 3, 2, 0, 0, 3, 3, 0, 1, 2, 0, 1, 0, 0, 2, 3, 1, 0, 2, 0, 0, 3, 3, 3, 1, 0, 1, 3, 0, 1, 0, 0, 0, 2, 3, 1, 3, 0, 1, 1, 0, 3, 0, 0, 3, 1, 2, 1, 0, 2, 1, 2], "predicted_labels": [0, 2, 0, 0, 3, 1, 1, 0, 0, 1, 3, 1, 1, 0, 1, 0, 3, 0, 1, 0, 0, 1, 0, 0, 1, 1, 1, 0, 3, 0, 2, 1, 1, 2, 3, 3, 3, 0, 1, 1, 0, 0, 3, 0, 1, 0, 1, 1, 1, 1, 2, 0, 1, 3, 1, 1, 1, 3, 0, 0, 3, 1, 0, 1, 1, 1, 1, 3, 3, 1, 1, 0, 3, 1, 0, 1, 3, 3, 0, 1, 3, 0, 0, 1, 0, 0, 0, 0, 1, 0, 0, 3, 1, 0, 0, 3, 2, 0, 1, 3, 2, 1, 1, 3, 3, 1, 3, 3, 1, 3, 0, 0, 1, 0, 0, 0, 0, 1, 0, 2, 1, 2, 3, 0, 0, 0, 1, 1, 1, 1, 0, 3, 0, 0, 1, 0, 0, 1, 1, 3, 0, 1], "confidence_scores": [[0.41848057169679886, 0.31692901313898636, 0.12375856517995674, 0.14083184998425802], [0.18535998746866525, 0.2540776739400516, 0.3431685114126186, 0.21739382717866465], [0.4107726208216058, 0.29449634514065, 0.11798868535292778, 0.17674234868481647], [0.3830445724155822, 0.3427579117035807, 0.09053270001769681, 0.18366481586314046], [0.22004857101551614, 0.3049022630328463, 0.08412335244259196, 0.3909258135090456], [0.16841104363348275, 0.4664394387066387, 0.20636938925785914, 0.1587801284020194], [0.2434353787557509, 0.32074193947033314, 0.31011973903604795, 0.1257029427378681], [0.32713739003354697, 0.25649847159592204, 0.143061574147309, 0.2733025642232221], [0.3658588152924966, 0.25464634859236024, 0.1381019829796912, 0.2413928531354522], [0.2631645201040813, 0.3861722131120299, 0.1866331392207959, 0.16403012756309265], [0.15025042670399844, 0.1492319897334022, 0.1964348218733698, 0.5040827616892296], [0.21465572648362558, 0.38307386749062144, 0.21829236793331844, 0.18397803809243465], [0.23369079359727676, 0.38884180223622533, 0.0990625187998056, 0.2784048853666923], [0.34661987053019766, 0.2959759532515157, 0.19923248756994608, 0.15817168864834055], [0.24464647261857664, 0.43326911158677467, 0.1257722619550625, 0.19631215383958628], [0.3188070278259039, 0.23738055732320099, 0.2669936395028924, 0.17681877534800272], [0.3215919982427375, 0.2039548321596528, 0.1510557056112749, 0.32339746398633484], [0.3484714659557699, 0.15410963882548728, 0.23530810896389356, 0.2621107862548492], [0.21349984145763984, 0.39373079718448895, 0.12713028569589915, 0.265639075661972], [0.43669792055660556, 0.17503328277677047, 0.11170576949705728, 0.27656302716956666], [0.39608110922910544, 0.22493062053613422, 0.21907692907225018, 0.15991134116251016], [0.2732979407343866, 0.30125003118387356, 0.20987516867942993, 0.21557685940231003], [0.5220646584436557, 0.2591762996929927, 0.0884081331346998, 0.1303509087286518], [0.538683350065894, 0.15919485853913662, 0.15621649847414623, 0.1459052929208232], [0.2517343560113894, 0.41485039907804855, 0.14974632850453093, 0.18366891640603136], [0.23532998062301594, 0.2898335491273308, 0.2550751926743735, 0.21976127757527977], [0.23051111471579802, 0.5140668075835029, 0.11419664977565493, 0.14122542792504425], [0.37675281231072844, 0.22573942519736145, 0.14229756595301885, 0.2552101965388914], [0.2394873184581511, 0.16580837737379608, 0.1502584916823011, 0.4444458124857518], [0.6574345816936449, 0.11193438616302084, 0.08581904725083578, 0.14481198489249858], [0.2457475656572618, 0.22816700414301624, 0.37802764153794854, 0.1480577886617735], [0.28635036587099033, 0.3395681313971241, 0.19760589791059494, 0.17647560482129063], [0.22482665905074442, 0.6085785574352068, 0.06964764727385026, 0.09694713624019845], [0.16177706474581155, 0.21187613632978647, 0.517580573319334, 0.10876622560506796], [0.12182459627508262, 0.1412427543303079, 0.08569306235901372, 0.6512395870355958], [0.2072152031351937, 0.25157438743702043, 0.1043315339859364, 0.43687887544184945], [0.26867374472096156, 0.25097149554754905, 0.06933308137255433, 0.4110216783589351], [0.43153729473237296, 0.2813665085692593, 0.132391590121863, 0.1547046065765047], [0.31626699342468584, 0.3445627074997476, 0.11126268689033701, 0.2279076121852297], [0.3748447966849808, 0.48615740245803474, 0.06183706733677499, 0.07716073352020955], [0.3404232581878683, 0.22704301575838035, 0.12359501913294647, 0.3089387069208049], [0.40130837092332466, 0.20313728820650478, 0.12269377558487606, 0.27286056528529445], [0.2116009832724857, 0.2869646290353986, 0.17834219646340557, 0.3230921912287102], [0.40189193679200685, 0.30991183709977327, 0.11142443478403927, 0.17677179132418078], [0.38640805698127073, 0.49582076576573, 0.04930586473560426, 0.06846531251739504], [0.3456980010549836, 0.23860097159429314, 0.11870965953882504, 0.29699136781189833], [0.35163582244088454, 0.38866100670025566, 0.12513380734337506, 0.13456936351548476], [0.24477850665724768, 0.3462854130581756, 0.20301859491077545, 0.2059174853738013], [0.29331316894527415, 0.3225963891189659, 0.1547817995266964, 0.22930864240906354], [0.1341609115685295, 0.3747780152895149, 0.20293528406308708, 0.2881257890788683], [0.29567897400711096, 0.13188079797390576, 0.4200392397234812, 0.15240098829550214], [0.3716886432690621, 0.24540996110032984, 0.11957445165264509, 0.26332694397796313], [0.2547776399171538, 0.3890517577103014, 0.08875733379935044, 0.26741326857319436], [0.21358229263895606, 0.20574568133403334, 0.11244869748733827, 0.4682233285396723], [0.27864251524792666, 0.2804258577335501, 0.23233106035851314, 0.20860056666001023], [0.3070134441799831, 0.3966987947230841, 0.16499867546396177, 0.13128908563297115], [0.23804967505696434, 0.4146348256824395, 0.1289511739804587, 0.2183643252801376], [0.2015505470835008, 0.22094434999902948, 0.22255091235984817, 0.3549541905576216], [0.3192253037775194, 0.2577738876504322, 0.14933300363474655, 0.2736678049373021], [0.30498826590534406, 0.23933617036296184, 0.1794579913018297, 0.27621757242986467], [0.2567794295655957, 0.2493644171445308, 0.20912594046524963, 0.28473021282462385], [0.32456386468958154, 0.3274846821256006, 0.1396233779937155, 0.20832807519110236], [0.3424889125521178, 0.2089687080196008, 0.18845758073593144, 0.2600847986923499], [0.2943534560970543, 0.4062934092162103, 0.10787430709994228, 0.19147882758679302], [0.2728509292651234, 0.43494112653574085, 0.10955382571693865, 0.18265411848219698], [0.31770460476976986, 0.36100318244403107, 0.10166753344290676, 0.2196246793432926], [0.34873386491004804, 0.3726553690596437, 0.13197026426799754, 0.14664050176231064], [0.23011031655716335, 0.2926315151072655, 0.11014928923438155, 0.3671088791011897], [0.18345514217541492, 0.21408615613131715, 0.17445468657365537, 0.4280040151196125], [0.1408680658505138, 0.6188608273601157, 0.04539123849158336, 0.19487986829778728], [0.2591911249063085, 0.3717803514428686, 0.15049422699752732, 0.2185342966532956], [0.4649184236499317, 0.22522631511118055, 0.13189116103626863, 0.17796410020261924], [0.27461581546758407, 0.2548505220187742, 0.11381765877851509, 0.3567160037351268], [0.2927682403098072, 0.45840420521464414, 0.11674966350074027, 0.13207789097480827], [0.5426593142575877, 0.209092211901349, 0.13422782298710217, 0.11402065085396122], [0.3488091870260697, 0.3542942836105914, 0.13042376759784563, 0.16647276176549344], [0.237422054371383, 0.31444479479689325, 0.08502395181824673, 0.36310919901347705], [0.3740195867521595, 0.15929489357462182, 0.07788829904778248, 0.38879722062543637], [0.41263183730987224, 0.1831230926352778, 0.17849283872057695, 0.22575223133427322], [0.2459935410098895, 0.3108092098351884, 0.13850565301718942, 0.3046915961377326], [0.3155581140311656, 0.2038249733636384, 0.13864548499720464, 0.3419714276079913], [0.4501097399326067, 0.30957695988986483, 0.1179360152950559, 0.12237728488247253], [0.4735576352842497, 0.23202988403193586, 0.11937442039344494, 0.17503806029036956], [0.21612006797018404, 0.391003937069519, 0.18246222923705183, 0.21041376572324513], [0.392598079831162, 0.26661243597417733, 0.09949625765212507, 0.24129322654253563], [0.4828190564601504, 0.15214645032849483, 0.10183471680596916, 0.26319977640538567], [0.3367155609605265, 0.2838939447416981, 0.11528305359755654, 0.264107440700219], [0.3819994057968661, 0.2709903570583302, 0.16998267724749355, 0.17702755989731034], [0.32476135153294805, 0.3399768141497865, 0.1458371880920621, 0.18942464622520358], [0.43608720469658613, 0.2367604012972871, 0.1530239688965863, 0.1741284251095406], [0.46152792210899596, 0.19520746248955625, 0.17464820408671436, 0.16861641131473343], [0.1854002778881274, 0.3403541615264676, 0.08657511845086682, 0.3876704421345381], [0.21575738481941292, 0.45729914893230034, 0.14060763886592015, 0.1863358273823666], [0.6099875873865247, 0.1925013379701539, 0.056059805456201595, 0.14145126918711984], [0.6696229956516695, 0.11674710770221111, 0.13198358187116968, 0.08164631477494973], [0.2474127473938209, 0.2467989471868028, 0.1884426229797978, 0.3173456824395786], [0.09705371057880108, 0.2557316699721348, 0.5484957969731202, 0.09871882247594398], [0.35775469886954225, 0.1717309514686335, 0.21540669108569818, 0.25510765857612605], [0.2585934309611078, 0.28761614814653647, 0.20781089825561727, 0.24597952263673842], [0.26770509017734684, 0.1928538019574471, 0.10391064866886202, 0.4355304591963439], [0.2125424356067477, 0.19885033554046638, 0.3014202074207904, 0.2871870214319956], [0.279501344477106, 0.49305360561270367, 0.0663861111203294, 0.16105893878986088], [0.18890201488396816, 0.5940504292727599, 0.04535937154981159, 0.1716881842934605], [0.13280293149295638, 0.27255127918493915, 0.21361659206432512, 0.3810291972577793], [0.18879090283312103, 0.22938020511673538, 0.10608603484503287, 0.47574285720511084], [0.160802510741061, 0.504927194902407, 0.13441237764089328, 0.19985791671563877], [0.0815427185995356, 0.12527309595312183, 0.135225579844221, 0.6579586056031215], [0.32335281989004155, 0.16702133149459392, 0.08765829942101888, 0.4219675491943457], [0.31789033460799965, 0.32966766581384715, 0.14801009003701873, 0.20443190954113433], [0.31435119540056955, 0.29429810851517346, 0.07250119459182086, 0.3188495014924363], [0.41128421535646764, 0.12642017833852387, 0.08057824301266671, 0.3817173632923418], [0.38329092995766867, 0.178664950568536, 0.09571242517197968, 0.3423316943018156], [0.31546414833289127, 0.3566845345264728, 0.17488240392327228, 0.15296891321736378], [0.4494018141909961, 0.21153994776623208, 0.07853089260818683, 0.260527345434585], [0.3968719383988354, 0.15728239202555105, 0.09813847125939372, 0.3477071983162198], [0.42477962725522195, 0.30997011608944997, 0.10760100039461958, 0.15764925626070844], [0.4067896937013088, 0.29858312126871916, 0.07539618685327544, 0.21923099817669645], [0.28432893207266596, 0.46968597499752357, 0.1400114737969027, 0.1059736191329077], [0.6630236414837317, 0.13279961953710062, 0.0628381125000913, 0.14133862647907647], [0.10116516249760717, 0.2977366593806303, 0.44468467866780115, 0.15641349945396144], [0.23058052017827632, 0.5237098944828199, 0.10205168046553457, 0.1436579048733691], [0.09327620967475828, 0.18242736284811065, 0.6338630252354813, 0.09043340224164995], [0.23768703564688506, 0.12307811035092636, 0.08011309557564837, 0.5591217584265403], [0.6150642695946574, 0.20611053843772148, 0.05142049365927729, 0.12740469830834375], [0.3326138042736718, 0.22715732966221003, 0.3175526391905696, 0.12267622687354854], [0.3963301817148485, 0.28176632941854934, 0.20298189010429948, 0.11892159876230268], [0.30671548989372366, 0.3195838772971232, 0.10286344115969574, 0.2708371916494575], [0.197712442731593, 0.37171145701885766, 0.07833940155168866, 0.3522366986978607], [0.2424328597145431, 0.4744652568661006, 0.08230955223006751, 0.2007923311892888], [0.2755450818155097, 0.44502754210056467, 0.08845408541023496, 0.19097329067369082], [0.3409699436528985, 0.26007623460175855, 0.09855292186628299, 0.30040089987906], [0.31298669035567006, 0.20739704399753955, 0.06732936712641092, 0.4122868985203793], [0.5482661196450784, 0.13796721240652104, 0.09632596008221432, 0.21744070786618633], [0.7185537269665403, 0.12223553720754976, 0.05492706637812194, 0.10428366944778807], [0.13166987645998796, 0.5963365836668396, 0.08863033380176398, 0.18336320607140846], [0.5669140729374742, 0.1769643191959276, 0.097863569731365, 0.15825803813523334], [0.3781544878495173, 0.2353108284877722, 0.17216745029142283, 0.21436723337128774], [0.34079138436111855, 0.34473054204769055, 0.0634899680131559, 0.2509881055780351], [0.3225833856953079, 0.37910065753691485, 0.13840204552306254, 0.15991391124471477], [0.2980336379775099, 0.16682251556009356, 0.1150409098156481, 0.42010293664674836], [0.41653160726481864, 0.38056715749938475, 0.10019089615209793, 0.10271033908369881], [0.21537558290817982, 0.584832814785512, 0.11078436019231104, 0.08900724211399702]]}}