{"test": {"ids": ["98107410", "111116290", "113121190", "108116120", "100109980", "112116800", "108121351", "111114171", "111119580", "111117571", "107114621", "113117550", "112118161", "105115570", "106120290", "103112641", "101112201", "101119030", "98108970", "112119950", "107121540", "112117461", "110121170", "108115880", "107121230", "105117351", "97112300", "109116441", "103111110", "112118810", "99108460", "105118171", "112120540", "104111780", "104119340", "102109010", "109118231", "101108500", "97112830", "109119460", "106112770", "107113200", "112117431", "102121440", "100116500", "113119340", "103113170", "108114360", "107113260", "109115211", "111119150", "103111170", "103113210", "101110150", "107114780", "112119500", "110115980", "113119360", "113122430", "105116980", "109120150", "110119891", "110115120", "113122320", "98106880", "112116900", "103111620", "110120640", "98106560", "110117080", "110114720", "108114180", "99110730", "112120270", "112116401", "107116340", "108118810", "98112170", "111116640", "101115190", "108121160", "110118930", "108120280", "100110260", "113121950", "111119930", "100111270", "113119300", "112120290", "108115870", "106118520", "110114950", "99108890", "110118111", "102112250", "113121680", "104111620", "97105580", "98106111", "106116640", "100108520", "102112170", "98106680", "106115120", "112117210", "107117010", "104112201", "103120340", "107112850", "111115620", "111120591", "97107920", "111116090", "110117870", "105119550", "110116170", "109117730", "113118421", "110117500", "99108010", "113122230", "111116990", "106121190", "106117650", "106116370", "105116090", "98108370", "107113180", "99107560", "99114890", "112116990", "110120190", "107118120", "98116090", "109115380", "98109230", "97105760", "108115570", "113122220", "97112170", "104110960", "109116930"], "labels": [3, 2, 1, 1, 1, 0, 3, 3, 3, 3, 0, 3, 0, 0, 2, 3, 0, 3, 3, 0, 2, 0, 2, 3, 0, 0, 2, 3, 3, 3, 0, 3, 3, 3, 1, 1, 1, 3, 2, 1, 1, 0, 0, 2, 2, 0, 3, 1, 0, 0, 3, 2, 3, 1, 2, 2, 1, 0, 2, 0, 2, 3, 0, 1, 0, 3, 0, 0, 1, 1, 3, 1, 3, 0, 0, 3, 1, 3, 0, 1, 2, 1, 3, 3, 3, 1, 2, 1, 1, 3, 2, 0, 0, 1, 0, 1, 0, 1, 0, 3, 2, 3, 1, 1, 1, 1, 0, 1, 1, 1, 1, 0, 3, 3, 1, 0, 3, 3, 1, 2, 1, 0, 2, 1, 2, 1, 1, 3, 1, 2, 0, 3, 3, 0, 3, 1, 0, 3, 1, 0, 2, 0], "predicted_labels": [0, 1, 1, 0, 3, 3, 3, 0, 0, 1, 1, 2, 3, 3, 2, 2, 1, 0, 1, 0, 1, 3, 1, 2, 1, 3, 0, 0, 3, 0, 3, 1, 1, 1, 3, 1, 0, 1, 3, 0, 1, 0, 0, 3, 1, 0, 1, 1, 2, 3, 3, 0, 1, 3, 3, 1, 0, 3, 3, 3, 2, 3, 3, 1, 2, 3, 2, 0, 3, 1, 2, 3, 3, 1, 0, 0, 3, 0, 2, 1, 1, 1, 3, 3, 2, 0, 2, 3, 1, 3, 0, 3, 1, 1, 0, 3, 1, 2, 1, 3, 1, 2, 1, 1, 2, 2, 1, 3, 1, 0, 3, 1, 0, 2, 0, 0, 0, 0, 1, 1, 1, 3, 2, 2, 2, 0, 2, 1, 0, 1, 3, 3, 1, 1, 2, 2, 2, 2, 3, 3, 0, 2], "confidence_scores": [[0.9125849021501117, 0.001025826444965529, 0.08125164548282635, 0.005137625922096655], [0.22455003602297688, 0.3644637762078601, 0.2958841839064209, 0.11510200386274214], [0.26618124636336593, 0.723071570634919, 0.002970184889209135, 0.007776998112505932], [0.8400603904480588, 0.02112210207733798, 0.0037059054745559776, 0.1351116020000471], [0.3028647617888248, 0.1830542149569665, 0.0688039437920632, 0.44527707946214556], [0.03753277366195865, 0.4340564930618697, 0.0005403969338726614, 0.527870336342299], [0.02390716944000101, 0.0004324464728290777, 8.560792558942627e-05, 0.9755747761615805], [0.7708316290785927, 0.0007233479994493356, 4.0145571753455994e-06, 0.22844100836478284], [0.9964187413116162, 0.0004351167828955428, 0.0030705204035357436, 7.562150195239264e-05], [0.11590015364556137, 0.8828816508541034, 0.0008062120862265426, 0.0004119834141086513], [0.23129325573660703, 0.7366054211662585, 0.0036965152800406418, 0.02840480781709379], [0.16176110666037521, 0.12343242931852168, 0.5250194890251052, 0.18978697499599795], [0.13646184547573784, 0.06247427026984656, 0.0008275672893411916, 0.8002363169650745], [0.05107501869432495, 0.07310069883636343, 0.012518971653851213, 0.8633053108154604], [0.0014935122274907413, 0.023019504507302533, 0.9744980129997408, 0.0009889702654659427], [0.011223550274253953, 0.008860448785796268, 0.9733332818691687, 0.00658271907078094], [0.007301754127837182, 0.724862549975524, 0.2116552348254524, 0.05618046107118633], [0.8958730436025575, 0.011518429564736324, 0.0004075846581845593, 0.09220094217452163], [0.00859101528774921, 0.7899172419615715, 0.19388084355488971, 0.007610899195789333], [0.5881969182033516, 0.003522701827753692, 0.0034868637661184293, 0.40479351620277615], [0.08882242302780127, 0.788321739094661, 0.016101478258441087, 0.10675435961909677], [0.01805096577680337, 0.002397463078366247, 0.000825167166822164, 0.9787264039780081], [0.004504978887482165, 0.5106888818605074, 0.002714801157494318, 0.48209133809451604], [0.013245596745483767, 0.2808217578135308, 0.6774200180154546, 0.02851262742553082], [0.20976854298126985, 0.7556880783065272, 0.013173805380415198, 0.021369573331787763], [0.19528891379230923, 0.01432044751541287, 0.0035051529123258885, 0.7868854857799521], [0.7347635924248166, 0.12021610095280136, 0.1408417013525391, 0.004178605269842915], [0.6756375527992213, 0.32335926118600655, 0.00024462949594488505, 0.0007585565188272291], [0.005879692563524495, 0.005234157834416558, 0.002067394724647532, 0.9868187548774114], [0.37493079876446445, 0.2992713633147943, 0.0005114701232187133, 0.32528636779752257], [0.0004756759296823504, 0.10311508676128342, 0.0002813033592005264, 0.8961279339498338], [0.0018270999786651062, 0.9943367038110404, 2.9122035852972336e-06, 0.0038332840067089157], [0.14207042051752836, 0.724749890253162, 0.012586507146844356, 0.12059318208246524], [0.005534343986750723, 0.9897518130883683, 0.0007821376599541308, 0.003931705264926696], [0.3454714903958311, 0.01529404247852791, 0.019919751257195306, 0.6193147158684457], [0.05340127233151917, 0.48088474049262936, 0.4372051532954152, 0.028508833880436298], [0.7490115194939087, 0.23297913827390285, 0.0003230256716713661, 0.017686316560517234], [0.010460182153743081, 0.7512976104439542, 0.020744691245222935, 0.2174975161570799], [0.06383605752518993, 0.08394395201832949, 0.29454543927991783, 0.5576745511765626], [0.814477161254839, 0.007963875339562866, 0.002399303863087499, 0.17515965954251053], [4.263671056294854e-05, 0.6760452476137642, 0.050780138078860323, 0.27313197759681257], [0.9636807679285738, 6.022189437685287e-05, 0.0012686639921995514, 0.03499034618484977], [0.5179645421706107, 0.43287262301740864, 0.018351573344993644, 0.030811261466986855], [0.026057795135529506, 0.29627379006966836, 0.29454390478576936, 0.38312451000903275], [0.005693549035477215, 0.6651847430894239, 0.16170485531391215, 0.1674168525611867], [0.9984583759739754, 8.147487544655393e-05, 4.809974915112041e-05, 0.0014120494014269642], [0.26997483873684197, 0.5839451701493725, 0.12467876784433198, 0.021401223269453467], [0.0004752308522560847, 0.9276190413387377, 0.0524387909062962, 0.019466936902710112], [0.002843797006244525, 0.09556984786176831, 0.8768751680344347, 0.024711187097552486], [0.054878324179693065, 0.03713449359381245, 8.731120354819709e-05, 0.9078998710229462], [0.021352272493012883, 0.15152638107930683, 0.00048051452087587826, 0.8266408319068045], [0.4059697850432154, 0.20189719185807492, 0.27878436892221176, 0.11334865417649784], [0.07186934870141655, 0.7428861660866707, 0.13829926529443523, 0.046945219917477535], [0.0031038113607036455, 0.06796408558428155, 0.0009157120180508035, 0.9280163910369641], [0.26206846030913916, 0.28058734988853906, 0.10480364694482106, 0.3525405428575007], [0.0008724131307206469, 0.857012778127892, 0.1419546577510311, 0.00016015099035630756], [0.9711080583116745, 0.002130368031553361, 0.012349738157028205, 0.014411835499744135], [0.2153613171289596, 0.008696348705290378, 0.002029979841232601, 0.7739123543245173], [0.017007167557986303, 0.08496363675203777, 0.16291614598262136, 0.7351130497073545], [0.4327113129223558, 0.034699237744808424, 0.0403239102264446, 0.49226553910639126], [0.002832060546599545, 0.0017811150685106331, 0.9937599088698646, 0.0016269155150251111], [0.07057340461617423, 0.08043112528403444, 0.19091926882348112, 0.6580762012763103], [0.30232925300914054, 0.031143939097471044, 0.25275167702206036, 0.41377513087132806], [0.31231828846101845, 0.46526531679958655, 0.18957029678740248, 0.03284609795199231], [0.004489497711871469, 0.004047263208135339, 0.9292125135766199, 0.06225072550337336], [0.008977093860718221, 0.003837707615035758, 0.00014075299495014862, 0.9870444455292959], [0.2362937383692197, 0.056883205765066294, 0.5466220904977068, 0.16020096536800701], [0.6383151300784337, 0.14804393736745644, 0.16853934166933807, 0.045101590884772016], [0.08523288046917549, 0.3138971660366086, 0.16829008419307753, 0.43257986930113834], [0.0055547924568445485, 0.6102364721719069, 0.30426336743387067, 0.07994536793737789], [0.09151137118832985, 0.20040389980168563, 0.6831633460535651, 0.024921382956419394], [0.00045750349687155193, 0.0036258041191051115, 0.0027621512275218638, 0.9931545411565015], [0.010485847215898191, 0.0006955964562032431, 0.01069011323901393, 0.9781284430888846], [0.019826606290687297, 0.909271435546921, 0.06781028182641674, 0.003091676335975136], [0.9958358183003378, 0.0012857717367372743, 0.001309394143461257, 0.0015690158194637768], [0.9477933121842832, 0.045985758351579406, 0.00029177935371541957, 0.005929150110421888], [0.004658184279791067, 0.017509775718685477, 8.709329901639948e-06, 0.9778233306716217], [0.40889598608125294, 0.28806579390900117, 0.1307454149649153, 0.1722928050448306], [0.15936139925918236, 0.20208131497506923, 0.6383681267363382, 0.00018915902941019812], [0.009967900093855016, 0.7546611118766875, 0.23425190716843577, 0.0011190808610216931], [0.04623008771450633, 0.9034714578899504, 0.001310138156628067, 0.048988316238915225], [0.010824723661667484, 0.5591982107915272, 0.00977785770817316, 0.4201992078386322], [0.18745883005651387, 0.12473906782998925, 0.29237437711581465, 0.3954277249976822], [0.46922270746771316, 0.0016112578209003772, 0.030200575436646004, 0.4989654592747405], [0.02625963135045429, 0.009104323969223772, 0.7863710752526932, 0.17826496942762887], [0.7663638313369504, 0.2043182318029141, 0.02566848779985336, 0.00364944906028221], [3.684438892089976e-06, 0.004020795380451256, 0.9762151468879002, 0.01976037329275641], [0.05330301881100397, 0.0006785124945246585, 8.285603088310125e-05, 0.9459356126635883], [0.15671277621823398, 0.49160172416463627, 0.33266772622167057, 0.019017773395459174], [0.12288489117294843, 0.0006914553564312951, 0.19712011411636757, 0.6793035393542527], [0.5257522646400549, 0.09350783005624738, 0.013424948366862966, 0.3673149569368348], [0.38110396775369776, 0.08796837655090023, 0.0038526850867214757, 0.5270749706086806], [0.0018600879078396093, 0.872457742882136, 0.0036477663753244414, 0.12203440283469993], [0.37777839159720805, 0.5461613602889946, 0.00018073909052133044, 0.07587950902327607], [0.7536745216495209, 0.005305430241611511, 0.2233434871240058, 0.01767656098486197], [0.0037114503817690394, 0.03749436867355999, 0.032549594372482914, 0.926244586572188], [0.15073703013002007, 0.5241560031151778, 0.00924730343048113, 0.3158596633243209], [0.09510723783136953, 2.37801560708515e-05, 0.8539730767625769, 0.05089590524998271], [6.827445462458231e-05, 0.6512951922393635, 0.34154245616636547, 0.007094077139646437], [0.024318903269101418, 2.3761383210707196e-06, 0.001960843446578128, 0.9737178771459993], [0.3116140470845223, 0.387559625094241, 0.20216781834345704, 0.09865850947777968], [0.17593021973028086, 0.3232874315879559, 0.3646875041918487, 0.13609484448991455], [0.0014226182978999886, 0.6488927662487193, 0.23865566804489455, 0.11102894740848623], [0.11054703705996871, 0.8130606144173477, 0.00010608914189296622, 0.07628625938079057], [0.05015669889423948, 0.1392565816573415, 0.7765770287437448, 0.0340096907046743], [0.014378115441810464, 0.13954117009141787, 0.8324450918626499, 0.013635622604121779], [0.3026917482916635, 0.44056705986033123, 0.17444848831809534, 0.08229270352990993], [0.044592148072201715, 0.04578551084192847, 0.059466526383319465, 0.8501558147025503], [0.08956780362603826, 0.7191365173454971, 0.05232139650663254, 0.138974282521832], [0.4268380067114325, 0.29703743583091763, 0.10608857310009152, 0.17003598435755837], [0.22262554468827014, 0.15367382792494289, 0.005207607503165239, 0.6184930198836218], [0.28053265793425325, 0.5245862369059529, 0.027848381795880825, 0.1670327233639131], [0.9909257888486173, 0.0014162395279709713, 9.289862251854598e-05, 0.007565073000893387], [0.02395142016957713, 0.31792215834808313, 0.3806728598424846, 0.2774535616398551], [0.5565630153570095, 0.40830812889180185, 0.00043723046955665743, 0.034691625281632006], [0.8252606372525372, 0.051652666645608226, 0.10450788992863302, 0.018578806173221572], [0.8355387331996607, 0.07666600470273545, 0.04287100149309357, 0.04492426060451015], [0.8935198519786632, 0.011726789145760372, 1.6479704686169022e-05, 0.09473687917089016], [0.1396144852797424, 0.6488409371412501, 0.002790191644191761, 0.20875438593481574], [0.013467988447332192, 0.7329114463142559, 0.1937279540136951, 0.05989261122471681], [0.26122147745187163, 0.40125977381004935, 0.3355433860024828, 0.0019753627355962988], [0.03002863358903159, 0.1048452316299864, 0.005858805181030461, 0.8592673295999517], [0.06689360856039457, 0.29302075200401984, 0.4584126268462435, 0.18167301258934215], [0.0525030355084484, 0.13330388687799982, 0.7805009885287753, 0.0336920890847766], [0.05237710067918765, 0.17667460926671047, 0.6685929378851974, 0.1023553521689046], [0.7730407228760755, 0.05651851783788441, 0.001049647229581662, 0.16939111205645832], [0.0033807886561378216, 0.05665924849234812, 0.9033003254375997, 0.03665963741391426], [0.07591328029753747, 0.8124288363147844, 0.09682050699192814, 0.014837376395750132], [0.6081090797458811, 0.3078973014156106, 0.0025121378310872826, 0.08148148100742085], [0.00013364105903049958, 0.5177326252329854, 0.4550310692570193, 0.02710266445096486], [0.2991298227158588, 0.022667055884262193, 0.03154576990324236, 0.6466573514966367], [0.06134280477642122, 0.03727184831432457, 3.061104884675602e-05, 0.9013547358604075], [0.03977682650514359, 0.6219832949310931, 0.040479688616019596, 0.29776018994774384], [0.21681895955281108, 0.6216764051298195, 0.1575070361080873, 0.003997599209282187], [0.0039810647954926694, 0.10684515069749344, 0.7110727172373441, 0.17810106726966993], [0.013127910855008154, 0.010415565099100526, 0.9738452534002005, 0.002611270645690893], [0.010692852288723475, 0.0017455358625903543, 0.7561288462647474, 0.23143276558393888], [0.006741848386350799, 0.03599191918775823, 0.9525271798315602, 0.004739052594330769], [0.0013818788861825473, 0.12553714797020282, 0.0018362412702572107, 0.8712447318733575], [0.42593334388624465, 0.008262573731465023, 0.05014966417276818, 0.5156544182095222], [0.7745094554702369, 0.11102780330607741, 0.023429231771839615, 0.09103350945184617], [0.06601018227936958, 0.00225821570489603, 0.922458903602201, 0.009272698413533368]]}, "rewritten": {"ids": ["97105580", "97105760", "97107920", "97112170", "97112300", "97112830", "98106111", "98106560", "98106680", "98106880", "98107410", "98108370", "98108970", "98109230", "98112170", "98116090", "99107560", "99108010", "99108460", "99108890", "99110730", "99114890", "100108520", "100109980", "100110260", "100111270", "100116500", "101108500", "101110150", "101112201", "101115190", "101119030", "102109010", "102112170", "102112250", "102121440", "103111110", "103111170", "103111620", "103112641", "103113170", "103113210", "103120340", "104110960", "104111620", "104111780", "104112201", "104119340", "105115570", "105116090", "105116980", "105117351", "105118171", "105119550", "106112770", "106115120", "106116370", "106116640", "106117650", "106118520", "106120290", "106121190", "107112850", "107113180", "107113200", "107113260", "107114621", "107114780", "107116340", "107117010", "107118120", "107121230", "107121540", "108114180", "108114360", "108115570", "108115870", "108115880", "108116120", "108118810", "108120280", "108121160", "108121351", "109115211", "109115380", "109116441", "109116930", "109117730", "109118231", "109119460", "109120150", "110114720", "110114950", "110115120", "110115980", "110116170", "110117080", "110117500", "110117870", "110118111", "110118930", "110119891", "110120190", "110120640", "110121170", "111114171", "111115620", "111116090", "111116290", "111116640", "111116990", "111117571", "111119150", "111119580", "111119930", "111120591", "112116401", "112116800", "112116900", "112116990", "112117210", "112117431", "112117461", "112118161", "112118810", "112119500", "112119950", "112120270", "112120290", "112120540", "113117550", "113118421", "113119300", "113119340", "113119360", "113121190", "113121680", "113121950", "113122220", "113122230", "113122320", "113122430"], "labels": [1, 0, 0, 0, 2, 2, 0, 1, 1, 0, 3, 1, 3, 1, 3, 0, 1, 2, 0, 0, 3, 2, 2, 1, 3, 2, 2, 3, 1, 0, 1, 3, 1, 3, 0, 2, 3, 2, 0, 3, 3, 3, 1, 2, 0, 3, 0, 1, 0, 1, 0, 0, 3, 1, 1, 1, 2, 3, 1, 2, 2, 2, 1, 3, 0, 0, 0, 2, 3, 1, 3, 0, 2, 1, 1, 3, 3, 3, 1, 1, 3, 2, 3, 0, 3, 3, 0, 3, 1, 1, 2, 3, 0, 0, 1, 0, 1, 1, 3, 1, 1, 3, 3, 0, 2, 3, 1, 3, 2, 0, 0, 3, 3, 3, 1, 1, 0, 0, 3, 0, 1, 0, 0, 0, 3, 2, 0, 0, 1, 3, 3, 3, 1, 0, 0, 1, 1, 3, 1, 1, 1, 2], "predicted_labels": [2, 3, 1, 0, 0, 2, 1, 1, 3, 3, 2, 2, 1, 2, 3, 1, 1, 2, 3, 1, 3, 1, 0, 3, 3, 2, 3, 1, 3, 1, 1, 0, 0, 1, 0, 2, 3, 2, 2, 2, 1, 2, 3, 0, 1, 1, 2, 3, 3, 0, 0, 3, 1, 1, 1, 1, 2, 3, 2, 3, 2, 2, 1, 1, 0, 2, 1, 3, 0, 2, 1, 0, 3, 3, 1, 2, 3, 2, 0, 3, 3, 3, 3, 3, 2, 1, 2, 0, 0, 3, 2, 2, 3, 3, 0, 1, 2, 1, 2, 1, 3, 3, 3, 2, 3, 0, 1, 0, 0, 2, 3, 0, 3, 0, 0, 3, 0, 3, 3, 3, 2, 0, 3, 3, 1, 1, 3, 2, 2, 1, 2, 0, 2, 0, 3, 1, 3, 2, 1, 2, 0, 1], "confidence_scores": [[0.03447425927037537, 0.0009331322545255345, 0.9643058348230319, 0.00028677365206725006], [0.0126108572677368, 0.0011590772154548823, 0.3510383179349327, 0.6351917475818756], [0.12578634280732684, 0.6286083923530943, 0.060477691473142074, 0.18512757336643684], [0.505350143051521, 0.0014528886566767317, 0.08683492022501728, 0.40636204806678494], [0.5389706659797422, 0.08288416649395215, 0.3744646284642875, 0.0036805390620181615], [0.007574034098174346, 0.02930178023260648, 0.602657805270896, 0.36046638039832307], [0.001003309239665175, 0.6128439754663726, 0.17580886970974618, 0.21034384558421604], [0.08398714214932781, 0.6142625368267166, 0.2808962401253174, 0.020854080898638033], [0.0014959324027600809, 0.19669299441766958, 0.35684752721655255, 0.4449635459630178], [0.00955415521480873, 0.09722851386194703, 0.4362445526703583, 0.45697277825288585], [0.30868648216522254, 0.0007860137669598667, 0.683593678157976, 0.006933825909841547], [0.0019220027821821794, 0.011723690503684974, 0.9835280280770837, 0.002826278637049102], [0.0014161498774319047, 0.755176950399336, 0.24239581037540753, 0.001011089347824656], [0.006936207349154844, 0.005757196760472361, 0.9853547541748633, 0.0019518417155095545], [0.12431671210115296, 0.2634986617042601, 0.0539459865544806, 0.5582386396401063], [0.009156696084912857, 0.5568039230824178, 0.43232661797441657, 0.0017127628582529746], [0.20416599035777758, 0.6459638870309901, 0.007136167286644179, 0.14273395532458824], [0.01236437136312345, 0.33527851465361563, 0.5842691546329057, 0.06808795935035522], [4.965816291964696e-05, 0.05902338110538599, 3.308424030717767e-05, 0.9408938764913872], [0.012409594885339954, 0.8456114456849204, 0.019536133008946917, 0.12244282642079271], [0.002802380193174443, 0.0003575107494930952, 0.03969341172064468, 0.9571466973366879], [8.622908488639281e-05, 0.8367652927700175, 0.13034162494353074, 0.032806853201565324], [0.5443317085975877, 0.1752321572837619, 0.14571657555877657, 0.13471955855987383], [0.029724695827625186, 0.1295595936040421, 0.10541941599372402, 0.7352962945746088], [0.07941501801336999, 0.0003697454290596872, 0.05528796606708231, 0.8649272704904879], [4.863157164600915e-06, 0.005059697871550507, 0.9788429560221042, 0.016092482949180656], [0.013874587948086452, 0.250190949090954, 0.28626950905682086, 0.44966495390413863], [0.03064015837516659, 0.5762155698616644, 0.043594401346724175, 0.34954987041644475], [0.0023808442294499486, 0.033932532642690395, 0.0030219830538561984, 0.9606646400740034], [0.0021256589255821213, 0.9360774325900744, 0.029746021268569126, 0.03205088721577438], [0.01546871574754526, 0.49972094722403904, 0.48325827181788905, 0.0015520652105266424], [0.8105318352166774, 0.12792954708773283, 0.014152623865403845, 0.04738599383018606], [0.3952789641198312, 0.2066725373654024, 0.3735842949723285, 0.024464203542437918], [0.07399441328851633, 0.5006064148483654, 0.38618673986913027, 0.039212431993988], [0.6598299743520624, 0.012562049368092758, 0.2916317538663135, 0.03597622241353131], [0.00771463168609675, 0.025090141617747953, 0.7560936582888699, 0.21110156840728542], [0.03327159243246119, 0.05132544700245092, 0.01079641395767034, 0.9046065466074175], [0.25672191271431755, 0.08986084005652561, 0.5167031424295682, 0.13671410479958854], [0.21369271384478175, 0.04824983127947361, 0.5269730678955205, 0.21108438698022416], [0.0504790836952779, 0.0671837394566588, 0.8514412018418034, 0.030895975006259926], [0.23245260405990117, 0.6182755553412522, 0.10804651855768779, 0.041225322041158814], [0.16604053943587244, 0.33456923076460054, 0.439649368458708, 0.05974086134081907], [0.019455028774617085, 0.0255394617553594, 0.022688492504667774, 0.9323170169653557], [0.8151130136003149, 0.11842908281755331, 0.044803772955793644, 0.02165413062633818], [0.045194678547240554, 0.6253357383201822, 0.012709335472774422, 0.3167602476598028], [0.02428907758557964, 0.6883551996015251, 0.022633814667434814, 0.26472190814546026], [0.1886030975725048, 0.07643876591495513, 0.6439617628404065, 0.09099637367213353], [0.13362109153743482, 0.0027599613379053847, 0.02916302567925309, 0.8344559214454067], [0.012057566733577524, 0.09398948568198043, 0.09110738350106899, 0.8028455640833732], [0.5720173476136572, 0.20222314532948255, 0.002529515283449014, 0.22322999177341138], [0.7065574779253952, 0.04210771196194222, 0.009809951954512282, 0.24152485815815009], [0.25216285157892815, 0.01432369500651139, 0.0012562117178924396, 0.7322572416966682], [0.06987677103267195, 0.863526340211122, 0.0002544334656066677, 0.06634245529059953], [0.38418753376417253, 0.57708945889123, 0.003286249126827827, 0.03543675821776968], [6.91686281021611e-05, 0.45230041521167746, 0.1106636465995688, 0.4369667695606515], [0.053629518667157164, 0.8937480544354008, 0.0002067929900006488, 0.05241563390744134], [0.00816238768744565, 0.039053533417645, 0.8092458431932805, 0.14353823570162882], [0.05907540521784384, 6.441886018114595e-05, 0.008328340370295444, 0.9325318355516796], [0.0376861683389868, 0.09538468379125568, 0.7669999829107917, 0.09992916495896571], [0.46824794386362995, 0.03263702839475978, 0.00978485836145129, 0.48933016938015894], [0.0004995942420012632, 0.01337116030365505, 0.9856589590286279, 0.00047028642571598557], [0.006119480779762661, 0.03201983257408019, 0.9086486193413175, 0.053212067304839676], [0.0249417486694707, 0.7922826746749531, 0.06228724106057401, 0.12048833559500226], [0.003139181190051203, 0.857228511575563, 0.10857197996001887, 0.031060327274366882], [0.9439039252027491, 0.00015208759068177682, 0.010301750077662502, 0.04564223712890665], [0.0008394481585944529, 0.08481264840580233, 0.8976554204144693, 0.016692483021133856], [0.4032497236467188, 0.5428435145360087, 0.007339540309539575, 0.046567221507733104], [0.08285652092623987, 0.06961473825826879, 0.06691037136694206, 0.7806183694485492], [0.7605255222537044, 0.11505854317920407, 0.038646393561099585, 0.08576954100599193], [0.0016618076930934387, 0.027316501263896727, 0.9682776174249887, 0.0027440736180211643], [0.033163805860343155, 0.5797221564945834, 0.18979811132505206, 0.19731592632002132], [0.8015857043497825, 0.09359943347703012, 0.023983134618201497, 0.08083172755498592], [0.028650942304046186, 0.39224331678791585, 0.08257423296127962, 0.49653150794675827], [0.0005234182086598956, 0.0003411310807659418, 0.004820065340648663, 0.9943153853699255], [0.0012262858304446095, 0.6491904414691322, 0.3433468946223555, 0.0062363780780677084], [0.0035721194874995636, 0.04254727804098614, 0.9378867721999499, 0.015993830271564324], [0.033165678504802086, 0.0005598354359517996, 0.23476052724462554, 0.7315139588146206], [0.049156938347449386, 0.24386786956751125, 0.6554674620742855, 0.051507730010753976], [0.8892418651402327, 0.0007414328489961901, 0.014622522302799744, 0.09539417970797144], [0.0014088294788030002, 0.0005550070934032072, 5.376481604702157e-06, 0.9980307869461892], [0.06431887558627594, 0.10518143188514993, 0.37248149024283317, 0.458018202285741], [0.06853881399688977, 0.26024859929290645, 0.0016805123537970929, 0.6695320743564066], [0.04971497155271766, 0.010804871742479785, 0.0005196514879669761, 0.9389605052168356], [0.03096648585794164, 0.04879428875168826, 0.00036861701172751264, 0.9198706083786427], [0.0016868290044683959, 0.0029336586490018046, 0.9884185333998531, 0.0069609789466767965], [0.4678084613992904, 0.5200450646983755, 0.0017279347139982765, 0.010418539188335765], [0.224087969220205, 0.03108524813556866, 0.6467815992329216, 0.09804518341130485], [0.7381775512547232, 0.06789826754157477, 0.1506206463929191, 0.043303534810782925], [0.8496798180475218, 0.12395478623989893, 0.0012025785950438481, 0.02516281711753536], [0.12469821381727487, 0.023483561850751407, 0.004686126634507488, 0.8471320976974662], [0.0011823211514030397, 0.0006293076884443209, 0.9979309569011766, 0.0002574142589758347], [0.036877838801320076, 0.059792214892863446, 0.8982618958770046, 0.005068050428811787], [0.3903611507100469, 0.10341854148954534, 0.010512992793687045, 0.4957073150067206], [0.08179023829635101, 0.03880349717805352, 0.2846807208562341, 0.5947255436693615], [0.8434123870986154, 0.00573769503568096, 0.05293001465213407, 0.0979199032135696], [0.009052640637026379, 0.8343281497339163, 0.04050664456405701, 0.11611256506500021], [0.0017471876942972602, 0.10152540076312089, 0.8662309669282832, 0.030496444614298655], [0.12281202837133072, 0.6004072643133846, 0.008596841831688521, 0.26818386548359624], [0.017923701978331884, 0.3424355334196631, 0.41994044009064396, 0.2197003245113611], [0.12634110999091439, 0.4798015166953963, 4.437344514245007e-05, 0.3938129998685469], [0.005706362453158821, 0.472521331429697, 0.006556333916188217, 0.5152159722009559], [0.02776997705483151, 0.16966917436992893, 0.15652771300056395, 0.6460331355746756], [0.04602538526120953, 0.07522213994833404, 8.008922045941086e-05, 0.878672385569997], [0.14603186727735493, 0.39906323846455, 0.4451838584366791, 0.009721035821415971], [0.02132874741503935, 0.10045227101910943, 0.037595463835196706, 0.8406235177306546], [0.9022098799301033, 0.00032156914102426335, 2.3537329577644617e-05, 0.09744501359929485], [0.2501092974608844, 0.31030669568367175, 0.16318100094610924, 0.27640300590933464], [0.9664835621647586, 0.0015259864426362486, 0.000269351029228855, 0.031721100363376435], [0.972278033227748, 0.008946690732325792, 0.002386150308152617, 0.016389125731773615], [0.016212348869651488, 0.09053997659767253, 0.8930889286965435, 0.00015874583613247647], [0.0483814940782721, 0.07712255898527418, 0.006564816275245311, 0.8679311306612085], [0.8068724799185842, 0.1896685560317896, 0.0033295717155470183, 0.00012939233407916273], [0.002937730278346006, 0.15288102181143948, 0.00028863117446289684, 0.8438926167357516], [0.9939395866827729, 0.002416512025934766, 0.002684247373518146, 0.0009596539177740619], [0.5369572716517046, 0.3788812108179007, 0.06972671507415477, 0.014434802456239893], [0.18953049300087746, 0.1995399912339166, 0.030936507987617472, 0.5799930077775884], [0.9481829836377997, 0.00992435305580158, 0.008162761977319011, 0.033729901329079603], [0.03099761256002814, 0.38996135311535246, 0.000413713626348136, 0.5786273206982713], [0.006091370774064541, 0.15381887305830655, 0.002690179282794347, 0.8373995768848345], [0.038328397917478114, 0.09809238545811731, 0.08511071368989279, 0.7784685029345119], [0.06696263925279791, 0.07040590161863074, 0.853455973101062, 0.009175486027509337], [0.859892819500856, 0.04316868937200071, 0.025916775502200787, 0.07102171562494242], [0.2343590788220806, 0.0012384147440048388, 0.0010410512429291992, 0.7633614551909853], [0.3817979349750622, 0.006935851656156681, 0.00835566573659235, 0.6029105476321887], [0.10011572094368626, 0.6615151726733461, 0.00045005564219121366, 0.23791905074077646], [0.0006314370360052348, 0.9429221225470577, 0.056372915909798864, 7.352450713827592e-05], [0.3899101894276987, 0.004360722126136823, 0.028127132845735658, 0.5776019556004288], [0.00719568201906224, 0.10616782938426872, 0.8712029852230776, 0.015433503373591517], [0.04116483001559771, 0.364584870804872, 0.5752371963571628, 0.019013102822367525], [0.09123536635017424, 0.8327097232258593, 0.03793908068693968, 0.03811582973702673], [0.056462955145454206, 0.07672867050250862, 0.7366657229463883, 0.13014265140564882], [0.8970553830017779, 0.021768222848840203, 9.991890242111779e-06, 0.0811664022591398], [0.0028008223660230393, 0.14547796588529222, 0.7172300884251687, 0.13449112332351604], [0.9940707045910552, 7.107834422399703e-05, 0.00043042023082404905, 0.005427796833896653], [0.35305639509731823, 0.020556089027451884, 0.02979333251273129, 0.5965941833624986], [0.34358255557951556, 0.6405043600096355, 0.006325593318760624, 0.009587491092088354], [0.0009238132687361412, 0.003033731057211415, 0.2781650810177378, 0.7178773746563146], [0.019115163643719218, 0.0037930565708886284, 0.7936969708966238, 0.1833948088887684], [0.0036575489704512403, 0.6530157893180784, 0.00630103357360549, 0.3370256281378648], [0.32435646780085636, 0.25793667630443756, 0.4111964485593762, 0.006510407335329919], [0.46676177859755935, 0.08173943052115903, 0.40127089690655426, 0.050227893974727336], [0.011718863328619818, 0.7519544448770767, 0.23378970250172637, 0.002536989292577087]]}}