{"test": {"ids": ["112118701", "98108520", "111117120", "102112250", "100108990", "99112300", "98108970", "110114950", "102108621", "105110251", "107113840", "98109230", "98116940", "102121440", "113118490", "112119950", "104111780", "104114230", "100109980", "109113881", "97116790", "101117580", "108121410", "97112830", "106115250", "99109370", "111116990", "103109791", "102111990", "111119290", "108115570", "107118490", "109118701", "105120621", "112116640", "106118820", "107119130", "107116300", "99109161", "112117790", "108116481", "113121950", "112118550", "97116500", "103111170", "108121351", "110121720", "98110810", "107121640", "112120630", "97106000", "102110890", "110114610", "104109311", "107117630", "106119990", "111115620", "112119930", "105117351", "108113480", "97106770", "108120700", "112116290", "113122230", "109117431", "113120280", "102112170", "99107660", "110114651", "101108290", "113118111", "113122510", "113117630", "109121351", "105116980", "109114270", "110118121", "109114720", "103111480", "112121010", "99112531", "112119450", "103113640", "110115890", "112116501", "107121540", "102110050", "110118740", "101108950", "112117461", "100108490", "99111930", "111116170", "102116500", "97112300", "99120010", "108120280", "111114121", "109120150", "112116401", "107118120", "99107500", "103113101", "112121351", "108117610", "101111140", "110114920", "109116040", "104111990", "104111830", "103110050", "99108330", "101108500", "105111990", "106115240", "108117720", "112120640", "99108080", "110121140", "110113931", "103113270", "101112690", "112120990", "100117420", "112118471", "100113370", "105113260", "104117200", "107114321", "109114220", "98108410", "106120640", "105112260", "107113170", "106114321", "99108010", "112121410", "97116800", "99107560", "109120560", "98109090", "103120730"], "labels": [0, 2, 2, 0, 2, 0, 3, 0, 3, 0, 3, 1, 2, 2, 1, 0, 3, 2, 1, 0, 2, 3, 0, 2, 2, 1, 0, 3, 2, 3, 3, 2, 3, 1, 0, 3, 1, 0, 3, 3, 0, 3, 3, 2, 2, 3, 3, 1, 1, 3, 0, 0, 1, 3, 0, 0, 1, 1, 0, 0, 3, 2, 0, 1, 1, 0, 3, 3, 3, 0, 1, 2, 0, 0, 0, 3, 3, 0, 0, 2, 3, 3, 1, 2, 3, 2, 3, 3, 2, 0, 2, 1, 0, 1, 2, 2, 3, 0, 2, 0, 3, 0, 3, 0, 3, 2, 3, 0, 2, 3, 3, 1, 3, 2, 1, 1, 0, 3, 3, 1, 2, 1, 2, 2, 1, 3, 3, 3, 0, 3, 1, 3, 3, 0, 2, 2, 0, 0, 1, 1, 1, 1], "predicted_labels": [3, 3, 1, 2, 1, 2, 2, 0, 0, 1, 1, 2, 0, 3, 0, 0, 1, 2, 0, 1, 2, 0, 1, 2, 2, 3, 0, 3, 2, 3, 0, 1, 0, 0, 0, 1, 1, 3, 0, 0, 3, 2, 0, 1, 1, 3, 1, 1, 2, 1, 3, 3, 1, 0, 2, 3, 0, 1, 3, 0, 0, 1, 0, 0, 3, 3, 0, 0, 1, 0, 3, 0, 0, 0, 1, 2, 1, 2, 2, 0, 1, 3, 1, 1, 3, 1, 2, 2, 2, 3, 1, 1, 0, 2, 0, 2, 2, 1, 2, 0, 1, 2, 3, 0, 3, 0, 1, 3, 0, 3, 1, 1, 1, 0, 0, 1, 1, 3, 0, 3, 2, 1, 1, 2, 1, 3, 3, 1, 2, 0, 0, 1, 3, 1, 2, 2, 1, 3, 0, 2, 2, 0], "confidence_scores": [[0.37470383009136454, 0.0061746736154741026, 0.002616960220959749, 0.6165045360722016], [0.01159857977760476, 0.03026796229657331, 0.0013538363907619688, 0.95677962153506], [0.04756482565636995, 0.9248613808383656, 0.0076025592472006714, 0.0199712342580638], [0.17532441457798456, 0.3287758655312476, 0.49589553480935533, 4.185081412470774e-06], [0.0069068345195464325, 0.7344523613344741, 0.012981712951258438, 0.24565909119472099], [0.00016314695838049242, 1.5801582569391216e-05, 0.9995804741799202, 0.000240577279129948], [0.0867053047308448, 0.00043985342256845243, 0.911862257731949, 0.0009925841146376157], [0.9239338620081526, 0.002552853676139077, 0.0012831300699296419, 0.07223015424577854], [0.989658833683127, 0.010292531670066642, 3.624921721838348e-05, 1.2385429587896137e-05], [2.366716181469169e-06, 0.9521535546500682, 7.98305011378024e-05, 0.047764248132612486], [1.035838365821519e-11, 0.9999991349113145, 6.298010638964244e-10, 8.644485261796313e-07], [5.7456596494906034e-05, 5.375634161245251e-07, 0.9999412199708952, 7.858691937777283e-07], [0.5906137467417998, 0.005367985220758894, 0.40331596191169783, 0.0007023061257435324], [1.8843699487055127e-05, 0.11314083637720154, 0.0354771771910924, 0.851363142732219], [0.9986216043302135, 5.256797856923716e-06, 0.0013281164043307076, 4.502246759884414e-05], [0.9999931840604627, 1.5244872704161904e-06, 7.800835232364039e-07, 4.5113687437945215e-06], [0.0009021066274544258, 0.9961933373337077, 2.0073546970820066e-05, 0.0028844824918672065], [3.549518886761632e-08, 0.000889130911073511, 0.999070938108484, 3.9895485253480366e-05], [0.7871329244653218, 0.2123850624796868, 0.0004551380085944801, 2.6875046396989708e-05], [0.07009252335304536, 0.9251214419968, 0.004569871911437566, 0.00021616273871713672], [0.0036552084304909147, 1.5335858630305346e-05, 0.9880127796362506, 0.008316676074628175], [0.992227591728715, 0.005990889232139688, 7.581720746688982e-07, 0.001780760867070591], [0.1558303608131085, 0.8440782361283851, 3.2099792481877916e-05, 5.9303266024469615e-05], [0.0007726064366591652, 0.0034856696757858082, 0.9493337702826264, 0.04640795360492876], [0.00495675935978631, 0.28038239084680877, 0.7146157116654558, 4.5138127949225935e-05], [0.0004589825404079705, 0.04568489846808968, 0.0020268506796804627, 0.9518292683118218], [0.7260803072132705, 0.2597088184349026, 0.010421221236158639, 0.003789653115668056], [2.748710914989548e-05, 1.3252280457864362e-06, 0.3444644016733098, 0.6555067859894946], [0.05926293882207761, 5.1695517754178055e-06, 0.9405383107939715, 0.00019358083217540706], [6.610812934213829e-08, 1.4702448289768653e-05, 2.8289955851706054e-05, 0.9999569414877292], [0.6540869955526585, 0.16585101513722117, 0.16030351099618415, 0.019758478313936102], [0.0014248994732119107, 0.9977483488002469, 0.0008267459797332107, 5.746807987152366e-09], [0.8036924700081644, 0.00018851774615770574, 6.228979814264626e-07, 0.19611838934769651], [0.9871475897890956, 0.01130798043834693, 3.1943354786543665e-05, 0.0015124864177709027], [0.6709028035740989, 3.4320263556793157e-06, 0.00031582170320300525, 0.32877794269634225], [9.408055719286879e-07, 0.9568136216441282, 4.112773333025711e-08, 0.043185396422566455], [3.975295169502164e-07, 0.969714825899894, 1.9594320698665715e-05, 0.030265182249890422], [3.1260478055928514e-06, 0.041697319644598295, 0.00012548835458422232, 0.958174065953012], [0.999999432983244, 7.41733275781053e-12, 5.670092484021447e-07, 9.019121463401888e-14], [0.9995215884981642, 1.6283916476822035e-05, 9.419000860781486e-05, 0.0003679375767512133], [0.00166532127730612, 2.733504990153876e-10, 1.3204843503167069e-09, 0.998334677128859], [0.0015483778570885638, 0.18557054725908664, 0.5067246616788167, 0.3061564132050081], [0.9998834246742659, 8.838990498666037e-05, 1.1316178949722416e-06, 2.7053802852491845e-05], [0.2617410396774462, 0.34535296292113005, 0.3228509946740899, 0.07005500272733389], [0.01088882498740401, 0.9451299899814022, 0.042853432407613155, 0.0011277526235808119], [0.0001446390261794273, 0.01961411497249823, 2.0769597617937447e-07, 0.9802410383053461], [0.007001731416543183, 0.9856473987901763, 0.0055695333670646744, 0.0017813364262158865], [0.005765549815979466, 0.9942342453278338, 1.647203926172014e-07, 4.0135794174002024e-08], [0.005053074649069902, 0.0064472044721415635, 0.9880156932093139, 0.0004840276694746702], [1.0845173514952188e-05, 0.9977704040860073, 5.471641803804276e-05, 0.002164034322439754], [1.7379286951275116e-08, 0.32601526862349284, 0.03526642157610446, 0.6387182924211158], [0.006431318637769477, 0.00039444101327215127, 0.32492400119337067, 0.6682502391555878], [0.00017636618755484688, 0.9146135378889741, 0.07733738334505784, 0.007872712578413283], [0.9615995793610362, 4.2210702587017256e-05, 4.180471597236178e-08, 0.03835816813166072], [2.588567026081527e-06, 0.0002719025161982837, 0.9997170089169106, 8.499999865026733e-06], [0.000533044473065683, 0.0005224715295313866, 0.020146695323991295, 0.9787977886734117], [0.8907908417171282, 0.03914221724278293, 0.000282286432816508, 0.06978465460727239], [1.2659407423207809e-07, 0.6932109501393097, 0.3067559989356309, 3.292433098528958e-05], [0.0016225709366250569, 5.214314141715839e-07, 1.2930568689377823e-06, 0.9983756145750918], [0.6649034349101377, 0.01622255290073764, 0.0008475163951856069, 0.318026495793939], [0.5215724926885381, 0.03997633058766804, 0.4380847613095812, 0.00036641541421266166], [0.00020169550626246088, 0.9967164667178062, 0.0013812020624689929, 0.0017006357134621217], [0.9310893288184878, 0.06884667527337256, 4.9984313054450365e-05, 1.4011595085192918e-05], [0.971117745929254, 0.0011719813161663822, 0.027604623605645147, 0.00010564914893427961], [0.3975769502578918, 0.012140037470618927, 1.8169899449790322e-05, 0.5902648423720395], [0.39169867874218095, 0.0006582782131653584, 0.0006596342051340964, 0.6069834088395195], [0.8414734962038171, 0.057723838540203604, 0.10071627784598218, 8.638740999733811e-05], [0.9903295365143734, 1.468200033132717e-05, 0.006244580920981632, 0.003411200564313639], [0.14766279017233755, 0.8517778305255477, 2.696664879230476e-06, 0.0005566826372355181], [0.5958329727535477, 0.2814390298299347, 5.837375212180356e-05, 0.12266962366439575], [1.1679970151791982e-08, 5.5877506872878265e-05, 1.8407510382508822e-07, 0.999943926738053], [0.8935340258125966, 0.0011394660973038041, 0.1053265077102446, 3.798551553638542e-10], [0.9492595554147913, 0.03513792294834614, 0.014488434629326336, 0.001114087007536048], [0.6292429031683683, 0.04203477846797417, 5.208088105119765e-06, 0.32871711027555234], [0.02372737667089921, 0.8111099619627452, 0.00011015331052157918, 0.16505250805583402], [0.00041945961805181433, 0.2669653346998219, 0.6216905992039472, 0.11092460647817899], [0.0031384900677738008, 0.936047024055143, 4.292500895670325e-07, 0.06081405662699358], [0.0006440075096017158, 0.001371419020365383, 0.9949049454563582, 0.0030796280136747923], [0.0056442898126249745, 0.44873766216614974, 0.4757594892159959, 0.06985855880522929], [0.9971176238764554, 0.001504211257838244, 2.0250209481128534e-08, 0.001378144615496969], [0.051568408763800526, 0.8239048385665199, 2.1893356302146087e-06, 0.12452456333404933], [0.004929641976864286, 0.49599867240860107, 6.314509271152452e-09, 0.4990716793000252], [0.13924798131271732, 0.8568003313179684, 0.0014048437165303297, 0.002546843652783745], [8.101078299062607e-09, 0.977840441194622, 0.00030553955973851196, 0.02185401114456111], [1.8268998174285852e-07, 1.6506751688359303e-07, 6.897393287227038e-07, 0.9999989625031726], [0.005903732399737089, 0.9940961325557344, 9.323774454781517e-08, 4.1806783965513804e-08], [1.2814608241875972e-07, 0.0008380690253948743, 0.999161757494323, 4.533419980173837e-08], [0.14215576282113931, 6.871307576563869e-07, 0.5807060293868257, 0.2771375206612773], [8.735293555904245e-06, 3.058278325336465e-06, 0.9998090596676951, 0.0001791467604236151], [0.08493481158185691, 2.2985699292802996e-07, 7.490578129176979e-06, 0.915057467983021], [0.026032658412597994, 0.5413995057153322, 0.0024112023946278273, 0.43015663347744193], [2.528685593360092e-11, 0.9998954253817508, 9.497138797607169e-05, 9.603204986190095e-06], [0.599526480596569, 0.35061354626059416, 1.608773488612099e-11, 0.049859973126749065], [7.695431609410358e-05, 1.9015334530792407e-05, 0.9998304515277204, 7.357882165454504e-05], [0.954512376224952, 0.012183799892086046, 0.033102164699487804, 0.00020165918347399996], [2.6950351741805924e-06, 0.017272220443296314, 0.9823714160453001, 0.0003536684762293268], [0.018938851858731287, 0.002707445419195795, 0.9658249319334911, 0.012528770788581854], [0.0001063253151214779, 0.9993767818841517, 7.6660118011151e-07, 0.0005161261995468364], [6.397192520778066e-05, 1.5838231104919303e-05, 0.9999172786830429, 2.9111606445215065e-06], [0.6623875923151238, 7.802994776367187e-06, 0.005195472559706703, 0.33240913213039314], [1.0797869389896545e-08, 0.9976902179163191, 2.1394513405283197e-05, 0.0022883767724061273], [0.10206599491440227, 0.00023240915298794598, 0.672298065609172, 0.22540353032343766], [4.919035364525676e-08, 1.357643004794579e-05, 1.2999774544387451e-08, 0.9999863613798239], [0.9999992637972097, 1.747206626353478e-08, 1.3042982797064099e-07, 5.883008962080684e-07], [0.008215267284655301, 0.00034120720309668455, 2.1072340823597972e-05, 0.9914224531714244], [0.954035838625627, 0.04519103190026865, 4.511509357658194e-06, 0.0007686179647465527], [0.06550040749258224, 0.9338971204562412, 0.0005970970287900495, 5.375022386601979e-06], [0.004318842152700987, 2.5220333418188846e-06, 0.00012214674035062367, 0.9955564890736066], [0.9052453315270594, 0.0069530041668524585, 0.08780165578753654, 8.518551591038919e-09], [4.973079865411858e-05, 0.4181330147881742, 5.023763708741615e-05, 0.5817670167760842], [1.2864261521320976e-10, 0.9999982802165897, 1.2369044184766766e-06, 4.827503492840914e-07], [0.29352676575102116, 0.687513702572738, 0.0001140570917144585, 0.01884547458452632], [0.29536423651407856, 0.5968895899000125, 0.10380276400556292, 0.003943409580346013], [0.9998241598284666, 4.466335584455537e-08, 8.380249830162358e-10, 0.0001757946701525218], [0.9999996828537709, 2.871175125067453e-07, 2.9617679299886974e-08, 4.1103731477790324e-10], [0.0009917438659988271, 0.9989101704969452, 8.074670150791166e-05, 1.733893554801351e-05], [0.005911485536439453, 0.5496598279312729, 0.15353483392546038, 0.29089385260682726], [0.0008717670014039122, 0.00010276394632889007, 0.00027207695809296575, 0.9987533920941742], [0.7506528328238096, 0.13552137506770714, 0.048201916922088195, 0.06562387518639519], [0.00014944283519069388, 0.28401204951176423, 2.733894498093282e-09, 0.7158385049191506], [1.0197221654104788e-07, 0.0017420947815191769, 0.892331112654439, 0.1059266905918254], [7.779247591072059e-07, 0.9932032058347622, 0.006473149557219021, 0.0003228666832596216], [0.055757859904618054, 0.9368915837422869, 0.0008493491474711231, 0.006501207205624071], [2.4147860226639278e-06, 1.1669558219483012e-05, 0.9999859136052043, 2.0505535402659607e-09], [5.842344505561563e-05, 0.9997710513323992, 0.0001691930820034443, 1.3321405417233311e-06], [0.22075842964211206, 0.18925375322559068, 0.0270853038999571, 0.5629025132323402], [6.644781997632586e-07, 0.18603387275588118, 0.025168299774865455, 0.7887971629910535], [0.005481837576900617, 0.8006930527340865, 0.017098878853579184, 0.17672623083543376], [0.006744629196911455, 0.264395986014706, 0.6330799248975548, 0.09577945989082766], [0.9971670960836235, 0.0009691138780444695, 4.649749608990089e-06, 0.0018591402887230555], [0.986784980677417, 0.013205143789291489, 3.2985503582198726e-06, 6.576982933187406e-06], [2.589650712846324e-07, 0.9999956893784891, 2.949532468878811e-06, 1.1021239707381133e-06], [0.03529214387869037, 0.1232143416184688, 0.000210298923573348, 0.8412832155792676], [0.002290283208862701, 0.9972190176570633, 0.00048649426748698023, 4.20486658696789e-06], [0.002714446384986536, 0.005996379133783007, 0.9605599001667786, 0.030729274314451865], [0.000760971238961386, 0.007697368455382201, 0.9884082595503757, 0.003133400755280623], [0.00014030708377229972, 0.997444844695775, 6.245798645512744e-07, 0.0024142236405880614], [0.024753925054011715, 0.01251416241569189, 0.00011635835480741801, 0.9626155541754888], [0.9977399107866952, 0.002252161379794103, 3.1290781559913478e-06, 4.7987553544928395e-06], [2.9002220542562155e-08, 0.06877174903541579, 0.929934858700534, 0.001293363261829694], [8.279796280467107e-06, 1.2472704515733572e-05, 0.9985464575407682, 0.0014327899584356918], [0.9964934504750979, 0.001750981935753936, 0.0017232075996415318, 3.235998950667392e-05]]}, "rewritten": {"ids": ["97106000", "97106770", "97112300", "97112830", "97116500", "97116790", "97116800", "98108410", "98108520", "98108970", "98109090", "98109230", "98110810", "98116940", "99107500", "99107560", "99107660", "99108010", "99108080", "99108330", "99109161", "99109370", "99111930", "99112300", "99112531", "99120010", "100108490", "100108990", "100109980", "100113370", "100117420", "101108290", "101108500", "101108950", "101111140", "101112690", "101117580", "102108621", "102110050", "102110890", "102111990", "102112170", "102112250", "102116500", "102121440", "103109791", "103110050", "103111170", "103111480", "103113101", "103113270", "103113640", "103120730", "104109311", "104111780", "104111830", "104111990", "104114230", "104117200", "105110251", "105111990", "105112260", "105113260", "105116980", "105117351", "105120621", "106114321", "106115240", "106115250", "106118820", "106119990", "106120640", "107113170", "107113840", "107114321", "107116300", "107117630", "107118120", "107118490", "107119130", "107121540", "107121640", "108113480", "108115570", "108116481", "108117610", "108117720", "108120280", "108120700", "108121351", "108121410", "109113881", "109114220", "109114270", "109114720", "109116040", "109117431", "109118701", "109120150", "109120560", "109121351", "110113931", "110114610", "110114651", "110114920", "110114950", "110115890", "110118121", "110118740", "110121140", "110121720", "111114121", "111115620", "111116170", "111116990", "111117120", "111119290", "112116290", "112116401", "112116501", "112116640", "112117461", "112117790", "112118471", "112118550", "112118701", "112119450", "112119930", "112119950", "112120630", "112120640", "112120990", "112121010", "112121351", "112121410", "113117630", "113118111", "113118490", "113120280", "113121950", "113122230", "113122510"], "labels": [0, 3, 2, 2, 2, 2, 0, 1, 2, 3, 1, 1, 1, 2, 0, 1, 3, 2, 3, 1, 3, 1, 1, 0, 3, 2, 2, 2, 1, 3, 2, 0, 3, 2, 2, 1, 3, 3, 3, 0, 2, 3, 0, 1, 2, 3, 3, 2, 0, 3, 2, 1, 1, 3, 3, 3, 2, 2, 3, 0, 2, 3, 3, 0, 0, 1, 2, 1, 2, 3, 0, 3, 0, 3, 0, 0, 0, 3, 2, 1, 2, 1, 0, 3, 0, 3, 1, 3, 2, 3, 0, 0, 3, 3, 0, 0, 1, 3, 2, 1, 0, 1, 1, 3, 3, 0, 2, 3, 3, 3, 3, 0, 1, 0, 0, 2, 3, 0, 0, 3, 0, 0, 3, 1, 3, 0, 3, 1, 0, 3, 0, 2, 2, 0, 0, 0, 1, 1, 0, 3, 1, 2], "predicted_labels": [3, 2, 0, 2, 0, 2, 1, 1, 3, 2, 2, 2, 1, 3, 2, 0, 2, 2, 3, 3, 0, 2, 3, 2, 1, 2, 0, 3, 0, 1, 2, 3, 0, 3, 0, 1, 0, 0, 2, 3, 0, 0, 0, 2, 2, 3, 3, 0, 2, 3, 2, 0, 0, 3, 3, 3, 0, 2, 1, 1, 0, 1, 3, 0, 3, 0, 2, 0, 2, 1, 3, 1, 1, 1, 1, 3, 2, 1, 1, 1, 0, 0, 0, 0, 3, 3, 1, 2, 3, 3, 0, 3, 0, 3, 3, 3, 1, 3, 2, 2, 0, 0, 1, 1, 3, 0, 1, 1, 2, 2, 1, 1, 3, 1, 0, 1, 1, 0, 3, 3, 3, 3, 0, 1, 0, 2, 3, 2, 0, 2, 1, 1, 0, 0, 0, 1, 3, 2, 3, 3, 2, 2], "confidence_scores": [[8.132100453973944e-10, 1.3682381208427757e-05, 0.00196695982689362, 0.9980193569786879], [0.14488217300672923, 0.035602254651027815, 0.8156738421397975, 0.003841730202445449], [0.9711826395911762, 0.0011052149126555516, 0.0237396218837623, 0.00397252361240594], [1.910334852598392e-06, 1.3644029694579947e-05, 0.9941057883213965, 0.0058786573140562366], [0.9992386798023237, 1.9692000475925893e-06, 0.0007593477444194228, 3.253209306045649e-09], [0.10872673172145789, 0.06757746158943158, 0.8033194689154668, 0.020376337773643744], [0.03329956097057493, 0.8983689464709332, 0.06707678003710871, 0.001254712521383081], [0.04567152842281419, 0.9543283664938765, 1.0506776972905514e-07, 1.5539559340500782e-11], [0.002517143810591873, 0.0048418652794043286, 0.005895270565936087, 0.9867457203440677], [0.0005858920883200677, 8.898097939408313e-06, 0.999405056781718, 1.5303202259000145e-07], [2.8412369819860193e-10, 1.3938138840921803e-05, 0.9780662549197211, 0.021919806657314203], [6.679092545399492e-05, 4.536215355959404e-05, 0.9998867714410858, 1.0754799003926415e-06], [0.02011937743055729, 0.9798806178034094, 1.0328633297972833e-09, 3.733170039545388e-09], [0.16556644873873716, 0.0012318538497757185, 0.0018258738920953225, 0.8313758235193918], [0.1115888324317226, 0.25347218810675903, 0.6149892065808898, 0.019949772880628443], [0.9999812026267832, 7.5491746855935575e-06, 3.093788157024083e-06, 8.154410374193886e-06], [0.2504951033081838, 0.0018202781520608893, 0.6962147314934608, 0.05146988704629443], [1.0680074526380512e-06, 0.19019716970872766, 0.6653188698045065, 0.1444828924793132], [0.4790655477750547, 0.00021548174736517328, 0.0005792612733996441, 0.5201397092041805], [4.2591589890180274e-05, 0.00022926943036984972, 0.003066064528040207, 0.9966620744516997], [0.9999999772242832, 2.0374820225036518e-11, 2.264075756744386e-08, 1.1458437342107171e-10], [0.00046861159761890636, 0.0028281187069738602, 0.859979852512918, 0.1367234171824892], [1.2475236552124717e-06, 0.2916697543768775, 0.012184248145301422, 0.6961447499541659], [0.0032614688153226597, 0.022949443550149773, 0.965893460447891, 0.007895627186636549], [0.0019895464492561466, 0.9916899048908574, 1.6662082967443876e-09, 0.006320546993678086], [0.0050451197645596125, 5.2437014662731566e-05, 0.9948772376734709, 2.5205547306868195e-05], [0.8081495992261737, 0.11739444088606225, 7.65200839550764e-07, 0.07445519468692458], [0.0003483736008264819, 0.36523639497618027, 0.008367000255809963, 0.6260482311671833], [0.9999986624239098, 3.076894478199277e-07, 9.611333092820184e-07, 6.875333322970046e-08], [0.005044473262428689, 0.9585636035485057, 0.019923883070945236, 0.01646804011812045], [4.10362747304208e-06, 0.010181906344865538, 0.989813887335404, 1.0269225760631248e-07], [0.018783672489777244, 0.09227415744315547, 2.3744361284672797e-09, 0.8889421676926311], [0.9824434415674606, 0.017490363169854955, 3.014178636439821e-05, 3.605347632019457e-05], [7.696847769192252e-07, 2.8703933724948884e-09, 0.10506295552763273, 0.894936271917197], [0.7478804182652424, 0.11040398253311443, 1.4445228279721821e-05, 0.1417011539733635], [4.3920472407089e-07, 0.9999612137621123, 3.832363480305105e-05, 2.339836057040115e-08], [0.9541124721040877, 0.04563415799486856, 3.986445607365247e-05, 0.0002135054449702086], [0.8199283413027658, 0.1291432937290611, 0.038715118324052174, 0.012213246644120887], [6.79783200413399e-06, 7.675564136686001e-06, 0.9997009244007053, 0.00028460220315383334], [0.018267374896736407, 0.001432032644232496, 0.12812309510153896, 0.8521774973574922], [0.8496326479411588, 8.255740544468759e-08, 0.15030177719813423, 6.549230330173369e-05], [0.9852526751380465, 0.011713197000717757, 0.0030340678660008714, 5.999523486210883e-08], [0.9897932609411922, 9.669400294116746e-05, 0.01010942289049083, 6.221653757758076e-07], [3.3519202246589803e-06, 0.0011798911776577437, 0.9988167477267339, 9.17538354906997e-09], [2.5445758812896813e-05, 1.303864152802633e-05, 0.9999545888091002, 6.926790559007361e-06], [3.9812214902294324e-07, 2.3869771601553792e-06, 0.0025618284083431266, 0.9974353864923478], [6.182881107032254e-05, 0.009714836157178804, 4.518201752400151e-06, 0.9902188168299983], [0.9598565337743192, 0.03940150457868113, 0.00018717496421711682, 0.0005547866827825235], [0.0001441416975718858, 0.3104144149031252, 0.6670355683691153, 0.022405875030187688], [3.539153969696576e-05, 1.5750281003593316e-05, 5.65982228283407e-09, 0.9999488525194771], [1.1577261789660983e-09, 4.536347711848717e-06, 0.9735523377754511, 0.026443124719110835], [0.9999242454808949, 4.583419970355113e-05, 1.4803095517476036e-05, 1.5117223884079535e-05], [0.8896407460884039, 6.408776771325813e-05, 0.11016442480443826, 0.0001307413394445006], [0.0016714505590257316, 0.00010582407513368654, 1.1193760097923324e-07, 0.9982226134282396], [6.175067518599159e-07, 0.00152019743728016, 4.598499160463887e-06, 0.9984745865568074], [1.0880464078884263e-05, 3.775264840770363e-07, 4.444047152653769e-06, 0.9999842979622844], [0.6369296621285899, 0.14084384159225258, 0.2222264905612006, 5.71795693461234e-09], [1.7821656227471124e-06, 0.015005111724809225, 0.9849926789121427, 4.2719742522584454e-07], [0.000176408060230236, 0.8456491542562543, 0.001969128688416576, 0.15220530899509915], [7.299806149127566e-06, 0.9999836780834488, 7.743897561426796e-06, 1.278212840870093e-06], [0.9999826842972018, 7.592526647294721e-12, 7.769263492390795e-14, 1.731569512805298e-05], [0.0004735072528903877, 0.9639124689392733, 0.020376164784349032, 0.015237859023487265], [2.2815964464455944e-13, 4.089776609555244e-05, 1.1741789110145398e-09, 0.9999591010594974], [0.9724444278586701, 0.02561736015863109, 0.0009670007901748509, 0.0009712111925238207], [0.28955110266772266, 0.05879400300640193, 0.0006595180162641767, 0.6509953763096111], [0.9992711447852548, 0.00019722559438682558, 5.630177740293507e-10, 0.0005316290573406752], [3.308901867600269e-08, 7.966504341816719e-07, 0.9952122057527364, 0.004786964507810725], [0.9999999894113173, 9.667597067579918e-09, 9.168989022299382e-10, 4.186651916391543e-12], [0.05507183795532034, 0.010651252760451327, 0.9342751020019381, 1.8072822903026948e-06], [2.4213087015895366e-07, 0.9805037454979572, 1.1670850804459797e-07, 0.019495895662664645], [6.503120815349257e-05, 0.001111220430925462, 0.004911390124735938, 0.9939123582361851], [0.0008389476807179234, 0.9991587914184678, 1.5471593744720383e-06, 7.137414399008204e-07], [0.17350885813870207, 0.823465591547998, 0.0009509392772018, 0.002074611036098263], [6.165568848949498e-13, 0.9999999970565177, 1.02263756289824e-09, 1.920228206517597e-09], [0.0015670917240206347, 0.4242052576142727, 0.1619157456896749, 0.41231190497203174], [0.0067932516537597696, 0.14310031350657115, 0.28129033003902704, 0.568816104800642], [0.00018003513675995432, 0.08411892633574913, 0.9153558629953222, 0.00034517553216869613], [1.7146422844025867e-07, 0.9696333037997636, 8.591990353462806e-08, 0.03036643881610433], [0.008018061691023466, 0.9916143977971733, 0.00036752555658297193, 1.495522021385109e-08], [0.0007536777348484253, 0.9798236396612271, 7.462857570614718e-07, 0.019421936318167493], [0.7208693853078035, 0.27611555444788444, 0.0029462617105756508, 6.87985337364242e-05], [0.6482510665850001, 0.021183293634292572, 0.32913615093265197, 0.0014294888480555874], [0.6283544800602506, 0.0033406291411189736, 0.32893956014902614, 0.03936533064960425], [0.7303088182117615, 0.20514484752202172, 9.802436994876402e-06, 0.0645365318292219], [0.24101603877177202, 0.00039072733800133314, 1.2403035898443782e-08, 0.7585932214871908], [0.01990537141399282, 0.00040888640052414983, 0.03264399191098951, 0.9470417502744934], [0.00018581637702503126, 0.9993734662174523, 1.0074241651355359e-07, 0.0004406166631062569], [0.009064952908623497, 0.0011484356498963446, 0.8552387017205605, 0.13454790972091957], [0.05140257538758375, 0.012493139117295172, 0.000370239089778737, 0.9357340464053424], [0.001706645647827897, 0.018908122465152718, 4.821320239431719e-06, 0.97938041056678], [0.9711355109004944, 0.028841594271622438, 1.9722910708710774e-05, 3.1719171743244686e-06], [0.12319600310993628, 0.278460219394804, 0.00030167304891285063, 0.5980421044463469], [0.9993217387182598, 9.885786504377224e-05, 4.495948267352833e-06, 0.0005749074684289831], [0.002032079356463963, 0.0011742977017197855, 9.821350495064352e-05, 0.9966954094368655], [0.0004893409535121209, 0.0003119912811747996, 0.24797053352528176, 0.7512281342400313], [0.00034614969507602584, 2.9809047061240607e-06, 2.4327512896071035e-05, 0.9996265418873218], [0.0025523132883217914, 0.8408040952632027, 0.00022440644552537106, 0.15641918500295007], [0.2172338146217966, 9.569802360760333e-07, 5.125317069597898e-08, 0.7827651771447967], [1.8053030047904724e-05, 6.105894819992181e-06, 0.9999732308511509, 2.610223981376363e-06], [3.1810295756638716e-07, 1.8133944647031675e-06, 0.9964615031760803, 0.0035363653264973397], [0.5019554585471752, 0.025155325308832643, 9.417589013556798e-07, 0.4728882743850908], [0.9243441919749336, 0.06778503241233585, 9.584607347484369e-05, 0.007774929539255564], [0.0013194981095277858, 0.9255910052176076, 0.052929165488236535, 0.02016033118462793], [2.0840418706624206e-05, 0.9826870641070152, 2.4481914940319756e-07, 0.017291850655128727], [8.250325333758433e-08, 0.24604475308367924, 0.01342552538097649, 0.7405296390320909], [0.9514845543202869, 0.0001471852670842472, 0.042603564424336104, 0.005764695988292883], [0.004256950304944006, 0.9495307604852242, 7.789445425638783e-06, 0.04620449976440604], [6.53026205969808e-05, 0.9820244709586382, 0.0003265049038308857, 0.01758372151693396], [0.0031533151588729025, 7.101873856575406e-07, 0.6227772700137233, 0.37406870464001807], [0.01582807203262985, 0.002942992609082288, 0.9595184796026565, 0.021710455755631502], [0.4530947063822287, 0.5424996787759087, 0.003237483394596257, 0.0011681314472663164], [3.9521029120497853e-07, 0.999981738843498, 7.584335571673403e-08, 1.7790102855149027e-05], [0.0023282429810802877, 0.007390377994817064, 3.461807335681445e-05, 0.9902467609507458], [8.674615662448529e-05, 0.9955914223121458, 3.281581756642673e-10, 0.004321831203071739], [0.9360228897006372, 0.006332206967422075, 0.0037085452169748783, 0.05393635811496583], [0.3035572009231729, 0.4926025917346586, 2.9822228117285197e-05, 0.20381038511405128], [1.4119837569753071e-06, 0.9856744713260753, 8.589091032197743e-05, 0.014238225779845808], [0.9999424709322131, 4.688579723571318e-05, 2.9715361113680144e-07, 1.0346116939817332e-05], [0.4238249984592649, 1.1821284599327398e-08, 8.900907904352411e-05, 0.576085980640407], [1.0253961362735718e-09, 2.4030067318436907e-08, 0.0005528273198110289, 0.9994471476247255], [0.0001904969497860578, 5.511484509946716e-05, 0.03125155876620647, 0.968502829438908], [0.008992251439231212, 8.409910246080531e-05, 0.0023973737902679166, 0.9885262756680402], [0.884929402550308, 0.007764327478695862, 0.1038140830244826, 0.003492186946513387], [5.8189967534636266e-05, 0.9994009086609469, 1.1934578528495835e-06, 0.0005397079136655289], [0.9943591806986362, 0.005597785198443647, 1.0070448806153723e-05, 3.296365411406325e-05], [0.0014997497683653378, 0.007221901029057192, 0.9454471307092813, 0.045831218493296216], [3.128808095459899e-05, 0.1626421152746029, 2.1508309481834084e-07, 0.8373263815613478], [8.494243096278634e-07, 0.468401110801791, 0.5311251732321551, 0.0004728665417442135], [0.9999687609492854, 1.2524023217304255e-08, 3.258165937502557e-08, 3.1193945032116694e-05], [0.02633154068876708, 0.32626107637514024, 0.6450824753740363, 0.0023249075620563288], [4.0762047809073114e-05, 0.8291279977523269, 0.1684224698517997, 0.00240877034806419], [0.0016913826891261198, 0.9945875533399884, 3.2395626338431207e-06, 0.0037178244082516874], [0.959227280045887, 0.004671256175762172, 6.764413624184489e-05, 0.03603381964210874], [0.9971828147921427, 0.002116626623619206, 0.0006749040615424253, 2.565452269568328e-05], [0.8029292264427639, 0.0020201383256154134, 0.1719734529740796, 0.023077182257541157], [0.07164569816946562, 0.9209293313840626, 0.007417057415024122, 7.91303144751712e-06], [4.963055468610342e-09, 0.0001616914333230864, 8.893036393684723e-06, 0.9998294105672277], [0.2813273425736413, 0.0013144186369277158, 0.44468743258762145, 0.27267080620180945], [0.0022441504455150657, 0.0002628780181918198, 1.4057805858526417e-05, 0.9974789137304345], [3.1888541661964077e-07, 0.00031192865674525047, 0.0011739120658381618, 0.9985138403920001], [0.0006585149719658262, 0.0012170849154105846, 0.998122325631057, 2.0744815665663563e-06], [0.11350572129563241, 0.00031929903348524436, 0.8861749792429706, 4.2791180841290693e-10]]}}