{"test": {"ids": ["112121360", "107113200", "103118291", "98107210", "97106820", "111121410", "107114110", "112121351", "105116501", "111119610", "108113620", "107114140", "102116500", "112119120", "112119500", "104113000", "106116850", "97111790", "111117571", "113122170", "107121640", "109119450", "104114740", "108114180", "112119930", "113121220", "105120280", "109118161", "108116070", "102109910", "112117471", "112118701", "112118860", "113118490", "111116100", "110118111", "99107300", "113118820", "97112300", "106114280", "98117740", "106113170", "105121370", "100109000", "99111620", "106113360", "99107560", "112118550", "101109000", "108116481", "108119330", "105118171", "113120280", "104116980", "110119300", "97107920", "113118870", "111117200", "112120630", "108115070", "112117431", "113117550", "113118111", "110115140", "113119950", "111119580", "113119480", "109113931", "112117461", "108117720", "111116640", "105117431", "113117340", "105115570", "110114950", "101111990", "113120601", "103113640", "109118701", "109113281", "105113210", "109119460", "101110740", "113120751", "107115140", "106121220", "101121640", "109117630", "102121440", "108116501", "102109010", "99112531", "102109840", "109121640", "98116500", "100111390", "107114621", "112120270", "107114490", "99107640", "110116441", "99107660", "99117740", "105113330", "100116790", "108114220", "113118690", "109114030", "111115770", "110113591", "108118291", "103111110", "103117461", "104113380", "104112201", "100111620", "99108890", "106114321", "112120700", "113120780", "97112830", "112116610", "105115720", "113120640", "105113480", "111120190", "98116940", "107114321", "103120531", "99113260", "109113591", "107118820", "113121010", "108118520", "111116750", "97116410", "109114651", "108117610", "110116290", "101108580", "111120280", "113117401"], "labels": [3, 0, 0, 1, 1, 0, 1, 0, 1, 2, 3, 2, 1, 1, 2, 1, 3, 2, 3, 1, 1, 3, 2, 1, 1, 3, 3, 0, 1, 2, 3, 0, 3, 1, 3, 1, 3, 0, 2, 3, 2, 0, 2, 1, 3, 0, 1, 3, 1, 0, 0, 3, 0, 1, 1, 0, 0, 0, 3, 1, 0, 3, 1, 0, 0, 3, 3, 1, 0, 1, 0, 1, 2, 0, 0, 2, 2, 1, 3, 0, 3, 1, 3, 1, 0, 1, 2, 0, 2, 0, 1, 3, 2, 0, 2, 2, 0, 0, 3, 1, 3, 3, 2, 3, 2, 3, 3, 1, 3, 0, 3, 3, 0, 1, 0, 3, 0, 2, 2, 0, 2, 1, 1, 0, 0, 3, 2, 0, 3, 0, 3, 3, 2, 0, 3, 3, 3, 3, 2, 0, 0, 3], "predicted_labels": [1, 1, 0, 1, 1, 1, 3, 0, 3, 3, 1, 2, 3, 3, 1, 0, 1, 3, 3, 0, 3, 1, 1, 0, 0, 3, 0, 1, 3, 3, 0, 1, 1, 3, 1, 3, 0, 3, 3, 3, 1, 1, 1, 1, 2, 3, 3, 3, 3, 1, 1, 1, 0, 1, 2, 0, 3, 3, 1, 0, 3, 3, 1, 0, 3, 3, 1, 1, 1, 1, 2, 3, 1, 1, 1, 2, 1, 0, 3, 0, 3, 0, 2, 3, 3, 3, 3, 3, 3, 3, 3, 0, 0, 0, 3, 3, 1, 0, 3, 3, 0, 0, 0, 1, 0, 1, 3, 0, 1, 0, 0, 1, 3, 3, 0, 3, 0, 3, 1, 1, 3, 0, 3, 3, 1, 2, 1, 1, 3, 1, 1, 0, 3, 1, 0, 3, 0, 3, 2, 0, 0, 3], "confidence_scores": [[0.1951597794779254, 0.40067385252019205, 0.10775303653391911, 0.29641333146796345], [0.16374230629968137, 0.43286232497670396, 0.06571542965294978, 0.33767993907066485], [0.4486883526622937, 0.2123892047768274, 0.08637894390191538, 0.25254349865896364], [0.25408880647028487, 0.3382651532597432, 0.15483381193988408, 0.252812228330088], [0.13332254677831804, 0.5785873785771023, 0.090667225367553, 0.1974228492770268], [0.2810742576452581, 0.32648781744895516, 0.07478772523815272, 0.31765019966763414], [0.23745454031716745, 0.27547645748992156, 0.1829040408057577, 0.3041649613871533], [0.32841632087896616, 0.28428281635309116, 0.17722412061379403, 0.21007674215414862], [0.3328904629776486, 0.17824566298090627, 0.10136346336045605, 0.38750041068098895], [0.19430292236855845, 0.2829308121794541, 0.20715881914870476, 0.3156074463032827], [0.0964631889096066, 0.6713987875932528, 0.04049628035778896, 0.19164174313935178], [0.13514237840500828, 0.12357333828666055, 0.5055606977488603, 0.23572358555947096], [0.24007252282441371, 0.24364270809254263, 0.21324670752404928, 0.3030380615589945], [0.23001667221777747, 0.20377263011150934, 0.10600078026564677, 0.4602099174050663], [0.22020781773844897, 0.3740309442364822, 0.24410374924425302, 0.16165748878081598], [0.31834803656676414, 0.22645089657127182, 0.154541395260779, 0.300659671601185], [0.17059206232073892, 0.6496753958398729, 0.08722908513059233, 0.09250345670879596], [0.216326315097709, 0.25828185815666493, 0.11945307769046667, 0.4059387490551594], [0.22219582357296097, 0.15906466372259084, 0.08257319811507773, 0.5361663145893705], [0.29530606737679554, 0.28322892306476516, 0.16247834963855462, 0.2589866599198848], [0.18297414314445312, 0.23401189480875265, 0.15386712886276657, 0.42914683318402763], [0.0721786007038474, 0.4651921172741684, 0.05889852885329819, 0.403730753168686], [0.1926811466431088, 0.3314301805626853, 0.17545391445306618, 0.30043475834113986], [0.36571949622013855, 0.29922154961156994, 0.08589539005995121, 0.24916356410834048], [0.35225714674145303, 0.27333657069231426, 0.14388907098741777, 0.23051721157881494], [0.15716422703664124, 0.27323441509265395, 0.131506838647142, 0.4380945192235628], [0.32952624459790286, 0.1934285082260794, 0.2674911395547907, 0.2095541076212272], [0.3268345147543767, 0.46215773898805484, 0.058873062031293354, 0.15213468422627513], [0.26268683599961384, 0.19016352541035414, 0.2619774805803295, 0.28517215800970264], [0.18992686997678693, 0.18320210730915532, 0.26158416958272507, 0.36528685313133286], [0.43128503119411393, 0.36052124098258015, 0.06915110217543939, 0.13904262564786665], [0.20998004204632684, 0.3678159735147203, 0.0913304838316757, 0.3308735006072775], [0.1874305022229379, 0.4554165269171091, 0.11773548102712274, 0.2394174898328303], [0.1333899113155522, 0.3250956318342854, 0.13719069852665536, 0.4043237583235071], [0.23883563353280843, 0.4555623423785136, 0.10881080017128773, 0.19679122391739026], [0.21726513302044578, 0.2927867085376111, 0.16865071597511527, 0.3212974424668279], [0.3355165508644568, 0.28202439792912654, 0.14778002889326583, 0.2346790223131509], [0.3259183708572832, 0.24490606520917427, 0.07071142097892193, 0.3584641429546208], [0.26841941637308137, 0.15375790644197235, 0.06695060586058466, 0.5108720713243616], [0.3452382878367504, 0.11873492810981118, 0.13983730316878562, 0.39618948088465283], [0.21331495650188104, 0.5151745201409881, 0.08793564230635677, 0.18357488105077407], [0.333017959170655, 0.3523903472789461, 0.10850366243524642, 0.2060880311151526], [0.133148151611219, 0.42099557214049516, 0.12734576450024657, 0.3185105117480393], [0.22016755359635728, 0.4280288482069371, 0.16042858961066123, 0.19137500858604442], [0.13815508196204712, 0.24094733404325389, 0.35053624728695415, 0.27036133670774487], [0.24309468576986304, 0.2739801954826825, 0.10383729129924973, 0.3790878274482048], [0.15740462852089698, 0.13765866873807694, 0.06515784236572676, 0.6397788603752993], [0.10476697062907035, 0.2176006967092535, 0.07262164064000085, 0.6050106920216753], [0.12854791730669562, 0.3106682132956615, 0.17549372043036832, 0.38529014896727465], [0.33544939888768605, 0.5002623647359126, 0.048179444852293224, 0.11610879152410804], [0.06430466633277797, 0.4122121153019147, 0.11858616799000148, 0.4048970503753058], [0.26805320711393715, 0.4415498777088709, 0.05449631470300411, 0.23590060047418784], [0.4539630545960834, 0.12298943937308396, 0.10813728300565309, 0.3149102230251796], [0.25767344379687124, 0.36187747578919804, 0.1308415410694007, 0.24960753934452995], [0.1913174941615758, 0.16254473100332933, 0.36736883955897154, 0.27876893527612345], [0.3949936741920717, 0.18813527640908942, 0.10971833805354639, 0.30715271134529254], [0.22091547391654004, 0.27096893714754294, 0.17870806988967322, 0.32940751904624377], [0.293557462622353, 0.25753144655398647, 0.10924385108217927, 0.3396672397414812], [0.23071449741921504, 0.27991210700462954, 0.22606264410092397, 0.2633107514752314], [0.35480419383226125, 0.35473779662501564, 0.09250580942768158, 0.1979522001150416], [0.30621511156175835, 0.13733224365994612, 0.06716093055706283, 0.4892917142212328], [0.18881798217019696, 0.20713124454370616, 0.11911221663419796, 0.4849385566518989], [0.19098751005918665, 0.428328207371274, 0.11381379884369063, 0.26687048372584876], [0.3774894437194943, 0.16711145895791252, 0.16270491205960722, 0.2926941852629861], [0.32557047257477856, 0.21260386087180058, 0.13380022174038098, 0.32802544481303997], [0.2749405357007103, 0.23397678886847537, 0.1326198890999888, 0.3584627863308257], [0.17123446754570437, 0.4182846137792722, 0.1039626886379825, 0.30651823003704093], [0.17599155655262097, 0.527509845322513, 0.07538297810366347, 0.22111562002120258], [0.15030392447222554, 0.6325754119905211, 0.03583827838198574, 0.18128238515526754], [0.23788870361130973, 0.31460943339393305, 0.1440282663266824, 0.3034735966680749], [0.30521070658762495, 0.136376843001304, 0.3112347303500076, 0.24717772006106356], [0.21346965925099368, 0.2609426022492172, 0.2172225223268808, 0.3083652161729083], [0.11715127602613581, 0.6397895978193814, 0.05403659035468731, 0.18902253579979558], [0.16440158925438475, 0.4535437335489397, 0.14958668552904472, 0.2324679916676309], [0.13909104742217993, 0.4875324169096775, 0.0737685383099819, 0.29960799735816057], [0.08566161317018214, 0.2622714275696575, 0.4561262327505357, 0.1959407265096247], [0.15799972065826967, 0.5513068549120449, 0.13157002761063882, 0.15912339681904664], [0.3593523198302001, 0.22250709528757442, 0.1479019256707919, 0.2702386592114337], [0.31213592106866295, 0.2710606661388522, 0.10261104110441295, 0.3141923716880719], [0.4719173307265377, 0.3070465534993018, 0.08023937702442674, 0.14079673874973372], [0.14482192965930463, 0.13120995463337776, 0.14463880924906058, 0.5793293064582569], [0.32245783310987847, 0.22055115750191773, 0.15133458212954548, 0.30565642725865827], [0.1954005945738078, 0.2133637813539953, 0.3651686901585276, 0.22606693391366955], [0.1938541759704443, 0.3233298149688126, 0.09349110001060966, 0.3893249090501333], [0.10561231261918017, 0.14287247471480286, 0.13025754617663077, 0.6212576664893863], [0.1256148304124798, 0.20873402112288736, 0.26167160743939577, 0.40397954102523714], [0.16881035029939667, 0.24724090535926976, 0.18674007257971875, 0.397208671761615], [0.30436148334440805, 0.10793823696088425, 0.10829691971144724, 0.47940335998326056], [0.22142789436410656, 0.16296018579595697, 0.2791366338541826, 0.3364752859857539], [0.18318099970577165, 0.2897711996968241, 0.0704355045331585, 0.4566122960642459], [0.11550780633702025, 0.23192918512459568, 0.0880218245083261, 0.564541184030058], [0.5228383876113055, 0.20140442472787193, 0.06001286612209098, 0.2157443215387316], [0.33597870383091044, 0.19401706921879408, 0.26471516339039564, 0.20528906355989987], [0.5147196543864851, 0.13454598985317678, 0.1272114239939607, 0.22352293176637758], [0.26299121414347537, 0.23815968983883667, 0.09713846438624592, 0.4017106316314421], [0.2101208724876861, 0.1484040519645272, 0.1930281433417705, 0.4484469322060164], [0.29073448648522476, 0.5269667981248733, 0.06110471803287233, 0.12119399735702961], [0.3299678815891403, 0.3028230556681018, 0.13639998009290222, 0.23080908264985567], [0.15931736814747274, 0.275561981895894, 0.19579611155523566, 0.3693245384013976], [0.18572049558735287, 0.2551177102409657, 0.09863930500260241, 0.4605224891690792], [0.33551484254621233, 0.2797510269312691, 0.11663404126193096, 0.26810008926058765], [0.3658290281236287, 0.1786281466593235, 0.1411457479878738, 0.314397077229174], [0.35516396358388763, 0.3138247156607815, 0.11512899409342103, 0.21588232666191023], [0.30958957593023967, 0.3707053395148127, 0.10116921215177693, 0.2185358724031706], [0.32430566654575377, 0.27747146119910826, 0.23113742215770586, 0.16708545009743236], [0.14907544359774336, 0.4491736251630087, 0.09045512313160581, 0.3112958081076422], [0.3124303606672958, 0.2718150001741266, 0.08863930233612867, 0.3271153368224491], [0.36809024944136604, 0.1482456163175664, 0.15445703160155905, 0.3292071026395085], [0.11439943518841782, 0.6084653326746691, 0.06009532502674837, 0.21703990711016463], [0.5426459239234738, 0.16736041328738216, 0.08404840254937872, 0.2059452602397652], [0.3278274819181203, 0.29924383536925164, 0.06697341357778365, 0.3059552691348444], [0.19767212492571481, 0.37177418966718706, 0.12299498905647444, 0.3075586963506236], [0.29482550303706834, 0.27057941164330335, 0.09942039535154777, 0.33517468996808053], [0.14510113821683593, 0.22259056703185864, 0.09692803932984538, 0.53538025542146], [0.37235329813955814, 0.2380807080571242, 0.07427828218316664, 0.31528771162015096], [0.16433437013514268, 0.1591582554742668, 0.3365381865541209, 0.33996918783646957], [0.34499127782091893, 0.23669318375625198, 0.17461791468169377, 0.24369762374113543], [0.2881104021711156, 0.23970051653462476, 0.0851430157071311, 0.38704606558712856], [0.08740312534414416, 0.5275033057921509, 0.15859585151670438, 0.22649771734700047], [0.1561745564182894, 0.44302601195169333, 0.0782657148995334, 0.3225337167304839], [0.3066378753373277, 0.23901189918085478, 0.13309093885720794, 0.3212592866246096], [0.31269602239653793, 0.253611072713486, 0.16642783452613935, 0.2672650703638369], [0.18627267388201724, 0.14885826972185295, 0.11094759756181251, 0.5539214588343174], [0.23921188982639832, 0.2969988577411313, 0.13250769586525465, 0.3312815565672158], [0.289091061750493, 0.33949611545614633, 0.1068040684734128, 0.2646087543199479], [0.19708679651248165, 0.12004700029680836, 0.42911925091733827, 0.25374695227337163], [0.2516752910390197, 0.4262999173528629, 0.1661723420019375, 0.15585244960618005], [0.31084550858701687, 0.37542843628142647, 0.086101617505933, 0.22762443762562373], [0.21722457096075784, 0.2321248952125086, 0.10636338050188472, 0.44428715332484875], [0.23102289100829074, 0.3176729231672833, 0.19085939590262804, 0.260444789921798], [0.20849980583370448, 0.45296826501979603, 0.10186063321370546, 0.23667129593279382], [0.35328445184123164, 0.24204810112082548, 0.12366870632960551, 0.28099874070833736], [0.24487056221838752, 0.28413965802762037, 0.13690720768709788, 0.33408257206689446], [0.2445578777290633, 0.5451840033853854, 0.07494149439876523, 0.13531662448678602], [0.36856941240562063, 0.19113926545942292, 0.10634767320661191, 0.33394364892834466], [0.22116957682088825, 0.13997360159238995, 0.10264688391866128, 0.5362099376680606], [0.48178911945782804, 0.1865409759632999, 0.07242969422539754, 0.25924021035347455], [0.19953835128560987, 0.2877617085471185, 0.19955256368521773, 0.3131473764820539], [0.13447566629129803, 0.23956802286580203, 0.32883161100555475, 0.29712469983734524], [0.36792889478046026, 0.19962574579965958, 0.12115414584258696, 0.3112912135772933], [0.4325548716030039, 0.16414054404746017, 0.2290824111483603, 0.17422217320117558], [0.17692116071156108, 0.3173760374516085, 0.09924482002631094, 0.4064579818105196]]}, "rewritten": {"ids": ["97106820", "97107920", "97111790", "97112300", "97112830", "97116410", "98107210", "98116500", "98116940", "98117740", "99107300", "99107560", "99107640", "99107660", "99108890", "99111620", "99112531", "99113260", "99117740", "100109000", "100111390", "100111620", "100116790", "101108580", "101109000", "101110740", "101111990", "101121640", "102109010", "102109840", "102109910", "102116500", "102121440", "103111110", "103113640", "103117461", "103118291", "103120531", "104112201", "104113000", "104113380", "104114740", "104116980", "105113210", "105113330", "105113480", "105115570", "105115720", "105116501", "105117431", "105118171", "105120280", "105121370", "106113170", "106113360", "106114280", "106114321", "106116850", "106121220", "107113200", "107114110", "107114140", "107114321", "107114490", "107114621", "107115140", "107118820", "107121640", "108113620", "108114180", "108114220", "108115070", "108116070", "108116481", "108116501", "108117610", "108117720", "108118291", "108118520", "108119330", "109113281", "109113591", "109113931", "109114030", "109114651", "109117630", "109118161", "109118701", "109119450", "109119460", "109121640", "110113591", "110114950", "110115140", "110116290", "110116441", "110118111", "110119300", "111115770", "111116100", "111116640", "111116750", "111117200", "111117571", "111119580", "111119610", "111120190", "111120280", "111121410", "112116610", "112117431", "112117461", "112117471", "112118550", "112118701", "112118860", "112119120", "112119500", "112119930", "112120270", "112120630", "112120700", "112121351", "112121360", "113117340", "113117401", "113117550", "113118111", "113118490", "113118690", "113118820", "113118870", "113119480", "113119950", "113120280", "113120601", "113120640", "113120751", "113120780", "113121010", "113121220", "113122170"], "labels": [1, 0, 2, 2, 2, 3, 1, 2, 2, 2, 3, 1, 1, 3, 0, 3, 3, 0, 2, 1, 2, 3, 2, 0, 1, 3, 2, 2, 1, 2, 2, 1, 2, 3, 1, 0, 0, 3, 0, 1, 1, 2, 1, 3, 3, 0, 0, 1, 1, 1, 3, 3, 2, 0, 0, 3, 2, 3, 1, 0, 1, 2, 0, 3, 0, 0, 3, 1, 3, 1, 3, 1, 1, 0, 0, 3, 1, 3, 0, 0, 0, 3, 1, 1, 3, 0, 0, 3, 3, 1, 0, 0, 0, 0, 2, 3, 1, 1, 3, 3, 0, 3, 0, 3, 3, 2, 3, 0, 0, 1, 0, 0, 3, 3, 0, 3, 1, 2, 1, 0, 3, 2, 0, 3, 2, 3, 3, 1, 1, 3, 0, 0, 3, 0, 0, 2, 0, 1, 0, 2, 3, 1], "predicted_labels": [0, 3, 3, 3, 3, 3, 1, 2, 1, 1, 3, 3, 3, 0, 1, 0, 0, 0, 1, 1, 1, 1, 1, 3, 3, 2, 2, 3, 3, 3, 3, 1, 2, 1, 0, 0, 0, 3, 1, 0, 1, 0, 1, 3, 0, 1, 0, 1, 1, 3, 1, 0, 1, 1, 1, 1, 3, 1, 1, 3, 0, 2, 1, 3, 1, 3, 2, 3, 1, 0, 3, 0, 1, 0, 1, 3, 3, 1, 1, 3, 0, 1, 3, 3, 0, 3, 1, 3, 1, 3, 0, 0, 1, 0, 1, 1, 3, 0, 1, 0, 3, 0, 0, 3, 3, 3, 2, 0, 3, 0, 3, 0, 0, 3, 0, 1, 3, 1, 0, 1, 2, 3, 3, 1, 1, 0, 3, 3, 3, 3, 3, 3, 1, 0, 0, 1, 3, 0, 3, 1, 3, 2], "confidence_scores": [[0.4143251036604898, 0.2796734243453161, 0.11191957667256218, 0.19408189532163184], [0.28497054008330863, 0.18836658591383865, 0.09870784694453934, 0.4279550270583132], [0.2153184325913171, 0.2570785012445069, 0.11760001251359606, 0.41000305365058], [0.16957864199542821, 0.2792650465137554, 0.1377889879257676, 0.41336732356504907], [0.3066378753373277, 0.23901189918085478, 0.13309093885720794, 0.3212592866246096], [0.2693215260134444, 0.15957967842553492, 0.22198700360545653, 0.3491117919555641], [0.25364972119941365, 0.3579960694020623, 0.1260859251997905, 0.26226828419873355], [0.27810417031766616, 0.20235837442929258, 0.3724364438860171, 0.1471010113670243], [0.21884088180539846, 0.38358984762145126, 0.1696864251702739, 0.2278828454028765], [0.21457880071807, 0.47019139511621755, 0.1038777238265657, 0.21135208033914657], [0.25681641534000865, 0.23497621235728222, 0.190933640683371, 0.31727373161933814], [0.13285485308741793, 0.20893159902828704, 0.09576372079340932, 0.5624498270908858], [0.19620736756156684, 0.26185142293125396, 0.12425899395141408, 0.41768221555576523], [0.5074347598314817, 0.14785416371096038, 0.10665105742621145, 0.2380600190313465], [0.2454808992837825, 0.3662805499564935, 0.23000938842162863, 0.15822916233809534], [0.3405066200926606, 0.2305309977586358, 0.2458060341384819, 0.18315634801022174], [0.5491241146148275, 0.17160219077762792, 0.06722660884187878, 0.2120470857656659], [0.30036694674091463, 0.27550571502357907, 0.17627137460893075, 0.24785596362657555], [0.3213409480340969, 0.3493480360964687, 0.1132236571315136, 0.2160873587379208], [0.10521725661248081, 0.3421732793962558, 0.30722625263447506, 0.2453832113567882], [0.3013082067417995, 0.3302363937766339, 0.13416055348774492, 0.2342948459938217], [0.13776717253465062, 0.31900519381086234, 0.31079494400187313, 0.23243268965261385], [0.3107443794366932, 0.38321499723831665, 0.1084156076358513, 0.19762501568913873], [0.23925460497017909, 0.12010201928074567, 0.2649680843280639, 0.37567529142101136], [0.17109600603966796, 0.2629793132686745, 0.11282596712564553, 0.45309871356601195], [0.17188376649773074, 0.23827349021021302, 0.36707203982847014, 0.2227707034635863], [0.10455376532486481, 0.2842295618969979, 0.32438711381971425, 0.28682955895842294], [0.16332260042792304, 0.2509811883689636, 0.18066945660456793, 0.4050267545985454], [0.12485955835548264, 0.22876354154467157, 0.09511228088542752, 0.5512646192144184], [0.28971494419932803, 0.2346791183974504, 0.17093144382676131, 0.3046744935764601], [0.1910670137151358, 0.1746172995848082, 0.20463493107500816, 0.42968075562504787], [0.11306333636146991, 0.425719483583684, 0.13804430422154634, 0.3231728758332998], [0.243158203452485, 0.20804106251460971, 0.292697724919635, 0.25610300911327016], [0.21993515554030377, 0.37462036885277694, 0.18919639129059718, 0.21624808431632217], [0.49145044905172447, 0.20690516967255185, 0.09293466184724206, 0.20870971942848177], [0.32121866121710246, 0.3167215826329429, 0.14389988403957152, 0.21815987211038318], [0.2916581650477309, 0.2740540159519349, 0.154471711815834, 0.2798161071845004], [0.3057681544501801, 0.14701938406615817, 0.11315167662282169, 0.4340607848608401], [0.35809053527408635, 0.37934653686374903, 0.09262514624414946, 0.16993778161801518], [0.32299200079788726, 0.21217705695301878, 0.14644582283582178, 0.318385119413272], [0.19116484867911943, 0.3571458042529318, 0.1857456836966231, 0.26594366337132563], [0.2995825349762424, 0.23815056235052798, 0.19482055789929223, 0.2674463447739374], [0.11343881592987987, 0.44098017490466396, 0.1014597734630069, 0.3441212357024493], [0.11492416246051178, 0.15755584814301254, 0.2341948929871, 0.4933250964093759], [0.45495990541204057, 0.23860447136191398, 0.08279273996819589, 0.22364288325784956], [0.16773991303495608, 0.4782037337347027, 0.12260897941480921, 0.23144737381553207], [0.38216468771993445, 0.18161337643858785, 0.18253145480393615, 0.2536904810375416], [0.1365660532414553, 0.47626257744569145, 0.11713540451070928, 0.2700359648021438], [0.253962041366826, 0.3485832518366048, 0.12629801206272148, 0.2711566947338478], [0.1960497433019838, 0.34848236707481484, 0.10248386455885632, 0.35298402506434506], [0.14540772601342108, 0.7139049955420064, 0.046990820345541175, 0.09369645809903143], [0.5254562165215548, 0.12817295309418034, 0.105871851707002, 0.2404989786772628], [0.32229475595871365, 0.36249581249223645, 0.10078851684560085, 0.21442091470344912], [0.3297012599884452, 0.3488807084007623, 0.11738253846075487, 0.20403549315003763], [0.2590826776067649, 0.39660284046283956, 0.12591613995091852, 0.21839834197947705], [0.17517702700552268, 0.3083721821629534, 0.29220845005798063, 0.22424234077354327], [0.2740653369046808, 0.2453791188625943, 0.08434020057790777, 0.396215343654817], [0.22924648859085736, 0.4762961732187397, 0.0939941622191902, 0.20046317597121271], [0.1467047410579537, 0.4157634868526336, 0.15004433677045528, 0.2874874353189573], [0.18124227590049247, 0.3559466713742937, 0.10082637076696929, 0.36198468195824474], [0.3793230698287288, 0.21507939661544073, 0.11632456775882201, 0.2892729657970085], [0.17672940861674338, 0.1851090969484192, 0.3721908243001611, 0.2659706701346763], [0.2789157688153851, 0.339307641054601, 0.10073540188647002, 0.2810411882435438], [0.20085142283326782, 0.23315659188487425, 0.15280872121527164, 0.41318326406658623], [0.2003161191869593, 0.5803310599881888, 0.07451178786546363, 0.14484103295938824], [0.11529226709963007, 0.13817091447316654, 0.0893046910273102, 0.6572321273998932], [0.19784475932836246, 0.16561411762397754, 0.35221632622420396, 0.2843247968234562], [0.24431435799120782, 0.3036489760477923, 0.10951695004172753, 0.3425197159192723], [0.16014261393269616, 0.5289025836542478, 0.05299297052216544, 0.2579618318908907], [0.318191902931759, 0.30119080653517744, 0.16605635971694827, 0.21456093081611546], [0.25962715955548865, 0.2572479499384797, 0.1719057142154019, 0.3112191762906297], [0.3576626038139377, 0.27986538869331345, 0.1923986368283207, 0.17007337066442826], [0.22115913792629596, 0.3220818036392751, 0.23132433403715583, 0.225434724397273], [0.6153533699715114, 0.19433392489975046, 0.07412113450034394, 0.11619157062839432], [0.18346921597653695, 0.3915693688949537, 0.1118420890033843, 0.31311932612512516], [0.15430341142124665, 0.2979587313790013, 0.15633314023558803, 0.391404716964164], [0.22633137409237564, 0.17742144876598967, 0.13296668469216574, 0.46328049244946906], [0.30632343605374035, 0.3899697694679896, 0.0733325344560052, 0.23037426002226488], [0.22120141046353367, 0.5224592787790824, 0.09904896011600733, 0.15729035064137667], [0.1593780075210369, 0.2727680475721215, 0.1108578377165435, 0.45699610719029815], [0.5076961661545111, 0.19464996971061427, 0.10898543430287079, 0.18866842983200388], [0.3017655881428427, 0.38709350497296446, 0.10654072798323425, 0.20460017890095872], [0.3070256940107607, 0.24797025324931704, 0.12339235360336144, 0.32161169913656085], [0.19355235656740463, 0.3082189959135746, 0.1758055902139281, 0.32242305730509274], [0.4539886731786889, 0.23347961152954527, 0.0682503183490939, 0.24428139694267206], [0.2574928204939474, 0.15427458795006255, 0.08177697558263557, 0.5064556159733544], [0.32921966455996654, 0.35391211956238117, 0.11907081462704917, 0.19779740125060338], [0.23568183444961774, 0.16791282588302092, 0.06039211852701857, 0.5360132211403427], [0.19777831272755275, 0.3534957324106171, 0.11879787725714176, 0.32992807760468845], [0.26948929004934785, 0.22108337240142842, 0.1820068192805627, 0.32742051826866087], [0.3114597135913693, 0.2226647986142096, 0.22249900785416932, 0.24337647994025186], [0.4578088081119082, 0.19886479513577904, 0.1337446896981753, 0.20958170705413742], [0.19421820375839222, 0.499385984794148, 0.06892991761200606, 0.23746589383545394], [0.38337548487631457, 0.1697171607637979, 0.15340765588508595, 0.2934996984748015], [0.13722875757881056, 0.40286708381328856, 0.27269228947730684, 0.187211869130594], [0.13961228176555596, 0.6252879519262013, 0.0704056561293449, 0.16469411017889782], [0.21898475742108547, 0.28224074687801676, 0.14963613441856205, 0.34913836128233566], [0.2946604599823313, 0.19198260864657982, 0.27973157392275166, 0.23362535744833726], [0.23597329682690876, 0.41773402178035396, 0.09084871305793503, 0.2554439683348022], [0.4362221700539725, 0.2813778789870939, 0.13910815604288987, 0.14329179491604369], [0.12927192466998427, 0.12515688536601938, 0.31019629273341714, 0.4353748972305792], [0.3397235865493743, 0.1507869973208352, 0.236316911860728, 0.2731725042690625], [0.4241216097148686, 0.16351551307608347, 0.14255221724833683, 0.26981065996071113], [0.2612617145291859, 0.2733414241973808, 0.11066779434725318, 0.35472906692618017], [0.30674172140887745, 0.19974453688754404, 0.11858779003790561, 0.3749259516656729], [0.16672336283884776, 0.3344814679554513, 0.10471906279042334, 0.3940761064152778], [0.21038230358887944, 0.18170709202418642, 0.3657467628323201, 0.24216384155461426], [0.3382715451254163, 0.17244375868020959, 0.29323870378517924, 0.19604599240919493], [0.17097416735179832, 0.24967031630036324, 0.09046034081014478, 0.48889517553769374], [0.34901274190249454, 0.3080433294124837, 0.1423088614777829, 0.2006350672072389], [0.15572997636625496, 0.22106379053147976, 0.07216658922776695, 0.5510396438744984], [0.3179353105073273, 0.2749642685757046, 0.09999499504926712, 0.307105425867701], [0.36059384420995616, 0.3512895338475276, 0.085392254502563, 0.2027243674399533], [0.2787171758704797, 0.2584541697151167, 0.14970631795587955, 0.31312233645852405], [0.32917142174967534, 0.23813522420835292, 0.11254034090823507, 0.3201530131337368], [0.22875677464433283, 0.3461728805847294, 0.1283326340689027, 0.29673771070203503], [0.1427356235286121, 0.26325868505322025, 0.06791323138684471, 0.5260924600313228], [0.15807738332893476, 0.3363948100626746, 0.3145837391664543, 0.19094406744193643], [0.4148132536300033, 0.2564033781392248, 0.11263285130718322, 0.21615051692358875], [0.3050757095941457, 0.38663650590108667, 0.09267476148787368, 0.21561302301689408], [0.2642478572337742, 0.15797914639050695, 0.3566562653066817, 0.22111673106903715], [0.13684175446147334, 0.29424829315209683, 0.2014015587554183, 0.36750839363101173], [0.18411031862700997, 0.2333165418199984, 0.10983371198771429, 0.4727394275652773], [0.16930802119838068, 0.47384047102051435, 0.09280376687628024, 0.26404774090482475], [0.11299682160756223, 0.6171011832175194, 0.06479692858524633, 0.20510506658967204], [0.4484631749615811, 0.26108657122919615, 0.09000683955087363, 0.2004434142583492], [0.23755716396143345, 0.17153270437811283, 0.09424260590764572, 0.4966675257528082], [0.21853715865863682, 0.2629896840336336, 0.08367688761677931, 0.4347962696909503], [0.15600910670863843, 0.32825971220236905, 0.09719692721439177, 0.4185342538746006], [0.3417643154279747, 0.1873987031586062, 0.08819391779174819, 0.3826430636216709], [0.22127993437992335, 0.20065142520150278, 0.06230551577959994, 0.515763124638974], [0.12969713396045654, 0.29228800672337263, 0.18534724754034335, 0.39266761177582743], [0.18480377981307397, 0.4505590639184748, 0.11014232531106609, 0.25449483095738534], [0.4030735339706818, 0.21786798055176343, 0.13730784312199346, 0.24175064235556137], [0.39475812331323107, 0.12927704493601455, 0.10920479011545356, 0.366760041635301], [0.14629572399020147, 0.5653388030074699, 0.14692325522380825, 0.14144221777852037], [0.22211047269492556, 0.3122856221196451, 0.13559534039760662, 0.33000856478782264], [0.37301858057289194, 0.3543599283816083, 0.10061241752101721, 0.17200907352448275], [0.29077887955638965, 0.19494165720011328, 0.19936246583337466, 0.31491699741012247], [0.26565783260804404, 0.32255146048718764, 0.17225728265177542, 0.23953342425299318], [0.2585652286335379, 0.15455652385020816, 0.19043043300498125, 0.3964478145112728], [0.152788255397823, 0.2941994651560299, 0.33679974213398495, 0.21621253731216225]]}}