{"test": {"ids": ["113122150", "113121950", "109118161", "113118630", "112118620", "111114321", "99110730", "99107640", "102109910", "103111990", "108118301", "113118690", "110120700", "111119930", "108114040", "104116441", "99121440", "100111390", "113120591", "105120621", "100109801", "99112300", "108117451", "97109080", "113120780", "99109780", "101119591", "111116110", "112118820", "106116441", "112120630", "97112830", "99120010", "112117030", "107112850", "107119950", "110114321", "110120640", "110117080", "99107950", "108114670", "99107300", "100116500", "113120531", "105116860", "102110690", "107114950", "105113170", "103111110", "110118701", "103113610", "100113210", "103120531", "110115120", "112117780", "112116990", "97109570", "111118820", "112116501", "102109010", "110118161", "100108580", "108119550", "102107961", "111119340", "102110500", "101108370", "109121640", "105116980", "112119980", "110115890", "105118740", "105117431", "109119591", "98107410", "103111170", "104114410", "104114740", "113120751", "113119340", "105117200", "102112301", "107114490", "110121170", "98112300", "112117790", "106120640", "106120290", "111116640", "112116610", "106121220", "106114011", "101117580", "108115570", "103120340", "110119891", "104116800", "108114200", "98111231", "99117630", "99111440", "112118810", "101108080", "104117630", "105113330", "106114880", "105120280", "107116501", "99108460", "109115220", "106116120", "111116090", "109115380", "111118810", "98116940", "107116340", "101111210", "97107950", "112120640", "113118820", "106119990", "103118291", "112118161", "106116820", "101119030", "104114230", "113119480", "106118161", "109113881", "98106111", "109120621", "111116100", "107120130", "97107040", "107118520", "105116090", "111119300", "104109311", "97106000", "107117630", "98110710", "105114220"], "labels": [2, 3, 0, 3, 3, 1, 3, 1, 2, 2, 1, 3, 2, 1, 0, 1, 2, 2, 0, 1, 0, 0, 2, 2, 0, 2, 0, 3, 0, 0, 3, 2, 2, 2, 1, 3, 1, 0, 1, 1, 3, 3, 2, 0, 2, 0, 3, 0, 3, 3, 2, 0, 3, 0, 0, 0, 0, 0, 3, 1, 0, 0, 1, 3, 3, 3, 1, 0, 0, 0, 2, 1, 1, 0, 3, 2, 1, 2, 1, 0, 3, 1, 3, 2, 2, 3, 3, 2, 0, 1, 1, 1, 3, 3, 1, 3, 1, 0, 1, 3, 3, 3, 0, 0, 3, 0, 3, 1, 0, 3, 1, 3, 3, 0, 2, 3, 2, 2, 0, 0, 0, 0, 0, 1, 3, 2, 3, 3, 0, 0, 1, 3, 2, 2, 2, 1, 1, 3, 0, 0, 2, 3], "predicted_labels": [2, 1, 3, 3, 0, 1, 1, 2, 3, 1, 1, 3, 1, 3, 3, 1, 2, 3, 0, 3, 1, 1, 0, 1, 1, 1, 3, 3, 0, 0, 0, 3, 3, 3, 1, 0, 1, 1, 3, 1, 1, 1, 1, 0, 1, 3, 3, 3, 3, 0, 3, 3, 1, 1, 0, 3, 3, 0, 1, 1, 3, 3, 1, 1, 3, 3, 0, 1, 0, 1, 1, 0, 1, 1, 2, 1, 0, 1, 3, 0, 1, 3, 3, 3, 1, 3, 1, 1, 3, 1, 3, 1, 1, 1, 2, 3, 2, 1, 1, 1, 2, 3, 0, 3, 3, 1, 1, 1, 1, 1, 0, 3, 3, 3, 1, 1, 3, 3, 0, 1, 3, 2, 3, 1, 3, 1, 1, 3, 3, 1, 0, 0, 1, 3, 1, 0, 3, 0, 2, 0, 1, 1], "confidence_scores": [[0.20594111990245925, 0.23882794067724886, 0.3566436697082653, 0.19858726971202662], [0.09708824207174419, 0.40128854544954806, 0.18936183287950234, 0.3122613795992054], [0.265396296694254, 0.28755733713125015, 0.08410920955615545, 0.3629371566183405], [0.1524706028977897, 0.2398370120380589, 0.22869676425095778, 0.37899562081319377], [0.35023407143464835, 0.26239517521004646, 0.12424510721630377, 0.2631256461390015], [0.27566641827488925, 0.3554813799792016, 0.12852246130936773, 0.2403297404365417], [0.1789368077849062, 0.39157511806694495, 0.09935708784003533, 0.33013098630811366], [0.21546263392739232, 0.21587834512374657, 0.3926069857892566, 0.17605203515960438], [0.2922171457482763, 0.2769291301574034, 0.1348846447274221, 0.2959690793668983], [0.1608648185073833, 0.4148845992406826, 0.2146981602743216, 0.20955242197761262], [0.2890085536686691, 0.3478594540881309, 0.10196157042315346, 0.26117042182004657], [0.1405722678932395, 0.17167964698332808, 0.0867080249502107, 0.6010400601732216], [0.15591897410892847, 0.3833547365426858, 0.1398407162196845, 0.3208855731287011], [0.17460097733193797, 0.19901233709199345, 0.2538058788974815, 0.372580806678587], [0.18655998328018136, 0.3034760322558455, 0.18263064681778976, 0.3273333376461834], [0.22745943781144137, 0.356222167854108, 0.10802036198821749, 0.3082980323462332], [0.1394109112683942, 0.214167689406678, 0.42710388164409113, 0.21931751768083674], [0.25889883019513754, 0.3071115672675162, 0.07598379913797941, 0.35800580339936694], [0.47325365826484367, 0.17341881920837451, 0.09496645107275048, 0.2583610714540313], [0.26853963045012275, 0.23419055702069091, 0.14263763521603723, 0.3546321773131491], [0.1787550155060423, 0.33040327972318173, 0.20985918091144629, 0.28098252385932976], [0.2116200844308405, 0.324515381413994, 0.2408980165875792, 0.22296651756758637], [0.4151849918667347, 0.17174662753890335, 0.12172510931858409, 0.29134327127577797], [0.17429105873493672, 0.49912246473105965, 0.09125294615525732, 0.2353335303787464], [0.26253842089284357, 0.4288937836612427, 0.15664818897256774, 0.1519196064733458], [0.14972051577788023, 0.36192685644873923, 0.31440096016986385, 0.1739516676035167], [0.2087299612624013, 0.21859129926006088, 0.229535774734387, 0.3431429647431508], [0.12772496887553214, 0.21457269097251883, 0.19417480132960688, 0.46352753882234216], [0.4032204618436305, 0.2873691837986678, 0.12564376147280026, 0.1837665928849016], [0.33965409128226914, 0.2975732887232769, 0.07155890947694885, 0.2912137105175051], [0.30103245754954916, 0.24011312162159498, 0.26351347821214294, 0.19534094261671286], [0.3025366345308323, 0.247012865908977, 0.12131380901674921, 0.32913669054344147], [0.22709679447910022, 0.27014374732748836, 0.2101750655463572, 0.2925843926470542], [0.25031423205438413, 0.23696759412556068, 0.16502265427955876, 0.3476955195404964], [0.16872042059184802, 0.3284077758536059, 0.18876426442213884, 0.31410753913240724], [0.31439929633175573, 0.30701616605925175, 0.13156996399638668, 0.24701457361260593], [0.23287182005438836, 0.3779888445474735, 0.20142963359998756, 0.18770970179815064], [0.20716780052667927, 0.37280427204585537, 0.15848160186249383, 0.26154632556497154], [0.1884159020437056, 0.26182255888896183, 0.14842492002045948, 0.40133661904687307], [0.1446538150217217, 0.3403079038458171, 0.3081506966657944, 0.20688758446666672], [0.08753394805970771, 0.5054539791612279, 0.19393430782661683, 0.2130777649524476], [0.2684341650978004, 0.3243546162236815, 0.1134009344854234, 0.2938102841930948], [0.2237343502997883, 0.33222088128114885, 0.13782559917710863, 0.3062191692419544], [0.3723145819850796, 0.26369965538445594, 0.04599435137126517, 0.31799141125919933], [0.13545470378522695, 0.5186291285505683, 0.1586433004660307, 0.18727286719817388], [0.2252898509862598, 0.270834366031135, 0.09658030266936626, 0.40729548031323887], [0.21870975263606715, 0.30554475005947684, 0.10927472201739857, 0.3664707752870576], [0.12065662567285301, 0.12835836595497016, 0.20220130019916369, 0.5487837081730133], [0.1965059956107446, 0.26806207429640694, 0.1682628537907671, 0.3671690763020815], [0.27326217655412793, 0.24530412335774737, 0.24214817177552417, 0.23928552831260066], [0.21758074864953933, 0.2860232701577651, 0.15088779703715957, 0.345508184155536], [0.1879820972918409, 0.21367595313768373, 0.2235770888454739, 0.3747648607250016], [0.1601648629847962, 0.4410221289890534, 0.13067234738590802, 0.26814066064024233], [0.19318729390509018, 0.30309410927127317, 0.2319882037329845, 0.2717303930906521], [0.3755496278652802, 0.32746196500911895, 0.08000628534017909, 0.21698212178542164], [0.2713608644655248, 0.22598149224668895, 0.18117415985056867, 0.32148348343721755], [0.15955196245134, 0.199055084872982, 0.17344946944158968, 0.4679434832340883], [0.4029422365164071, 0.2482371281484319, 0.10856921040247293, 0.2402514249326881], [0.15964437758505967, 0.3919727821644104, 0.21446022942185575, 0.23392261082867416], [0.2142250990758028, 0.3303335856454675, 0.14173319488013045, 0.31370812039859924], [0.3459581069457135, 0.19948322601895546, 0.08493649666356579, 0.3696221703717654], [0.20096118791228726, 0.2848359749399856, 0.20860252032054064, 0.3056003168271866], [0.2003324461949661, 0.35161947836422847, 0.23180618284025598, 0.21624189260054957], [0.2434127137801751, 0.4102212210104351, 0.14015075147728842, 0.20621531373210136], [0.13478230253304518, 0.16595037873173665, 0.2532676333941848, 0.44599968534103346], [0.13364064171869136, 0.21458349156360293, 0.109769484309582, 0.5420063824081237], [0.5580547802440019, 0.16620797462900366, 0.09874053678649405, 0.17699670834050055], [0.2910733837577606, 0.30534287295591017, 0.09924819441741914, 0.3043355488689103], [0.33952809300005865, 0.26475175318086164, 0.13133749320064692, 0.26438266061843274], [0.12101135475711561, 0.41473980398239885, 0.05915702011636576, 0.4050918211441198], [0.19588957500008805, 0.2780558894214924, 0.2699509758745308, 0.2561035597038888], [0.5306067781804057, 0.1972112119271195, 0.08759097551882969, 0.18459103437364507], [0.18985665041638275, 0.35937517856077744, 0.17615584707557466, 0.27461232394726526], [0.12668883854747445, 0.4520086142951085, 0.1062352311421585, 0.3150673160152585], [0.27613445516612045, 0.21994766221211487, 0.30988242796178694, 0.1940354546599778], [0.2560591878111936, 0.3502001817530883, 0.16470871690862257, 0.22903191352709537], [0.39716895767835164, 0.19416084351184207, 0.11864639223560627, 0.2900238065741999], [0.210319923879749, 0.3502236743857813, 0.2168458801019321, 0.22261052163253753], [0.19143556019484767, 0.2553290662225439, 0.11361578568721521, 0.4396195878953932], [0.5582661425578191, 0.19061127383233278, 0.07628432993660944, 0.1748382536732388], [0.2747895606342619, 0.2959513144278602, 0.16185422250581052, 0.26740490243206744], [0.202417911083462, 0.21251407535005973, 0.22345746346349055, 0.3616105501029878], [0.1472680670207845, 0.3717089374534416, 0.10132671809080203, 0.3796962774349718], [0.21436241908411685, 0.314085687160006, 0.14823636245883592, 0.32331553129704127], [0.19654723680901115, 0.33811458903954034, 0.18081571967228505, 0.2845224544791636], [0.20039417461731382, 0.29627565042322973, 0.16055943810851317, 0.34277073685094317], [0.13344731312603414, 0.4371103891779481, 0.1290562190165209, 0.30038607867949696], [0.16670427377709665, 0.3457216534836758, 0.14516266099819067, 0.34241141174103684], [0.17098977187834355, 0.3008656378309232, 0.1314912572512471, 0.3966533330394861], [0.2195484636541425, 0.36339494148436563, 0.178090222559193, 0.23896637230229897], [0.12340211958560893, 0.20841838133431972, 0.21839267284151911, 0.4497868262385522], [0.17141631829983323, 0.28389803911720196, 0.2706675283172252, 0.2740181142657397], [0.2904198872341421, 0.30406783434831675, 0.11995441131311171, 0.2855578671044296], [0.19541707313107046, 0.3635765679006547, 0.12407238196282262, 0.3169339770054523], [0.20003862758653454, 0.217358716336398, 0.38697767673817884, 0.1956249793388887], [0.3215284856761618, 0.21893251704369798, 0.12993283468266698, 0.3296061625974734], [0.1777602664063625, 0.2285289676396624, 0.30500069483398173, 0.28871007111999336], [0.23481764117112452, 0.3592877403415253, 0.2617661359155565, 0.1441284825717938], [0.3108551585056803, 0.33230328763023753, 0.1804868169110747, 0.1763547369530076], [0.18617222206974024, 0.4976715544972169, 0.15036339550024078, 0.16579282793280217], [0.16885909661514545, 0.1938557951665601, 0.4221328470644049, 0.2151522611538895], [0.27858713733618273, 0.275131363927018, 0.13604445994049594, 0.3102370387963035], [0.3360495553617349, 0.30275218062868925, 0.1578890012014669, 0.20330926280810885], [0.2223718093316562, 0.23325365993853073, 0.22304338599681112, 0.321331144733002], [0.19201035827715357, 0.1835743493861844, 0.26902363805331936, 0.3553916542833429], [0.27184346614966864, 0.3623537766823439, 0.1457503156541327, 0.22005244151385495], [0.15797095818107512, 0.4170275140728734, 0.13945271058065584, 0.2855488171653955], [0.2471346106225832, 0.3911660232199674, 0.12615474434277166, 0.23554462181467778], [0.15489263999034153, 0.4561470729582119, 0.10429644280441423, 0.2846638442470324], [0.12776514682600396, 0.4328756509043705, 0.13237543750140937, 0.3069837647682159], [0.3899051790161662, 0.26198194092364535, 0.13451748230254337, 0.213595397757645], [0.23318794460683706, 0.23897554647486513, 0.0931388940860492, 0.43469761483224867], [0.23962722330740444, 0.17255605604434543, 0.22406095254370742, 0.3637557681045429], [0.19830485019551025, 0.27554500934182585, 0.09366340745715883, 0.4324867330055051], [0.1869866736680773, 0.3197127053491577, 0.31405662081369773, 0.17924400016906725], [0.14428170099067528, 0.657742050166641, 0.064597015968198, 0.13337923287448578], [0.10301008857228008, 0.22399408762666914, 0.2716480752233557, 0.4013477485776952], [0.17541762492828153, 0.3053104975127001, 0.18512643022699568, 0.33414544733202267], [0.34385566859867933, 0.2369189902298433, 0.2312048581140161, 0.18802048305746133], [0.27857555796970784, 0.4047115330207819, 0.10438417482050344, 0.21232873418900686], [0.2827933742805963, 0.28046948231508695, 0.14672219051848676, 0.29001495288583007], [0.17252244162219604, 0.16640448621381623, 0.3442513947966332, 0.3168216773673545], [0.25037116808176924, 0.2851273687781469, 0.17128764287890816, 0.2932138202611757], [0.2776571567349311, 0.3499189709332158, 0.12576414471044453, 0.24665972762140867], [0.3248991993362195, 0.1999815106542729, 0.11922017291394431, 0.35589911709556343], [0.19326302794928196, 0.31237703004250816, 0.20585709273142466, 0.2885028492767852], [0.2611017167099262, 0.32285248371128233, 0.10818835836507182, 0.3078574412137196], [0.23465214046597296, 0.2709974298323882, 0.1152747972826052, 0.37907563241903364], [0.12583210594712832, 0.3594513865143677, 0.12181056279183185, 0.39290594474667223], [0.25102574543075434, 0.36954109109554173, 0.11556438267224317, 0.26386878080146076], [0.5191387344822953, 0.22930344684695428, 0.0645668410152752, 0.18699097765547512], [0.3834877853472605, 0.27132082486151077, 0.14542823430783217, 0.19976315548339652], [0.21071920442657088, 0.3201405169960218, 0.26063278081342645, 0.20850749776398095], [0.15412586121375124, 0.35554899055546807, 0.10399882530553534, 0.3863263229252455], [0.08891062209964432, 0.5985281825258202, 0.11186053269800182, 0.2007006626765339], [0.3424818198709772, 0.24653841245690183, 0.19787048012948918, 0.21310928754263175], [0.272318547526135, 0.19783922911125487, 0.09193972228801933, 0.43790250107459094], [0.4460320951614584, 0.2694753199671733, 0.08200645790652145, 0.20248612696484697], [0.22498387251501328, 0.18779964013906575, 0.332180049044333, 0.2550364383015878], [0.3183442923465521, 0.2071414289067323, 0.18557062385476492, 0.28894365489195084], [0.22537441664335384, 0.3723876000989173, 0.12273952352622242, 0.27949845973150644], [0.12708798009326866, 0.5430447253949746, 0.08171726602888389, 0.24815002848287288]]}, "rewritten": {"ids": ["97106000", "97107040", "97107950", "97109080", "97109570", "97112830", "98106111", "98107410", "98110710", "98111231", "98112300", "98116940", "99107300", "99107640", "99107950", "99108460", "99109780", "99110730", "99111440", "99112300", "99117630", "99120010", "99121440", "100108580", "100109801", "100111390", "100113210", "100116500", "101108080", "101108370", "101111210", "101117580", "101119030", "101119591", "102107961", "102109010", "102109910", "102110500", "102110690", "102112301", "103111110", "103111170", "103111990", "103113610", "103118291", "103120340", "103120531", "104109311", "104114230", "104114410", "104114740", "104116441", "104116800", "104117630", "105113170", "105113330", "105114220", "105116090", "105116860", "105116980", "105117200", "105117431", "105118740", "105120280", "105120621", "106114011", "106114880", "106116120", "106116441", "106116820", "106118161", "106119990", "106120290", "106120640", "106121220", "107112850", "107114490", "107114950", "107116340", "107116501", "107117630", "107118520", "107119950", "107120130", "108114040", "108114200", "108114670", "108115570", "108117451", "108118301", "108119550", "109113881", "109115220", "109115380", "109118161", "109119591", "109120621", "109121640", "110114321", "110115120", "110115890", "110117080", "110118161", "110118701", "110119891", "110120640", "110120700", "110121170", "111114321", "111116090", "111116100", "111116110", "111116640", "111118810", "111118820", "111119300", "111119340", "111119930", "112116501", "112116610", "112116990", "112117030", "112117780", "112117790", "112118161", "112118620", "112118810", "112118820", "112119980", "112120630", "112120640", "113118630", "113118690", "113118820", "113119340", "113119480", "113120531", "113120591", "113120751", "113120780", "113121950", "113122150"], "labels": [0, 2, 2, 2, 0, 2, 0, 3, 2, 1, 2, 2, 3, 1, 1, 0, 2, 3, 3, 0, 3, 2, 2, 0, 0, 2, 0, 2, 0, 1, 2, 3, 3, 0, 3, 1, 2, 3, 0, 1, 3, 2, 2, 2, 0, 1, 3, 3, 2, 1, 2, 1, 1, 0, 0, 3, 3, 1, 2, 0, 3, 1, 1, 3, 1, 1, 0, 1, 0, 1, 3, 0, 2, 3, 1, 1, 3, 3, 3, 1, 0, 2, 3, 2, 0, 0, 3, 3, 2, 1, 1, 0, 3, 3, 0, 0, 1, 0, 1, 0, 2, 1, 0, 3, 3, 0, 2, 2, 1, 3, 3, 3, 0, 0, 0, 1, 3, 1, 3, 1, 0, 2, 0, 3, 0, 3, 3, 0, 0, 3, 0, 3, 3, 0, 0, 3, 0, 0, 1, 0, 3, 2], "predicted_labels": [1, 1, 3, 1, 3, 3, 1, 2, 1, 0, 0, 1, 0, 2, 1, 3, 1, 2, 2, 1, 1, 3, 0, 3, 1, 3, 3, 0, 1, 0, 3, 0, 0, 3, 1, 3, 3, 3, 3, 2, 3, 1, 1, 3, 0, 0, 1, 2, 1, 0, 0, 1, 3, 3, 3, 3, 1, 1, 1, 0, 0, 1, 3, 0, 3, 3, 0, 0, 1, 1, 3, 0, 3, 1, 2, 1, 3, 3, 1, 0, 1, 1, 1, 1, 1, 1, 3, 1, 0, 1, 1, 3, 1, 3, 3, 1, 0, 1, 1, 0, 1, 0, 0, 1, 3, 1, 3, 0, 1, 0, 0, 3, 1, 3, 0, 3, 3, 2, 1, 1, 0, 3, 0, 3, 3, 3, 1, 1, 1, 0, 1, 3, 2, 1, 0, 0, 3, 1, 1, 0, 1, 1], "confidence_scores": [[0.2624837305421471, 0.35280454925119575, 0.11730355300680508, 0.267408167199852], [0.11196708167962302, 0.4110493606237313, 0.26333921992962206, 0.21364433776702357], [0.21533781683071432, 0.17693305048966557, 0.27140467761812254, 0.33632445506149766], [0.15475385425234442, 0.4938732830717805, 0.13304637811840447, 0.21832648455747075], [0.14299191918787946, 0.2073568350000427, 0.16179195713919964, 0.48785928867287826], [0.2663980468951421, 0.25097408518293296, 0.16642263735842838, 0.3162052305634967], [0.267333160103966, 0.33000897470037266, 0.14636511738609748, 0.25629274780956396], [0.26464002972049677, 0.17611775292042756, 0.33684153202241496, 0.22240068533666063], [0.24765739757625452, 0.3585458482059819, 0.11412294402564252, 0.27967381019212106], [0.3322099443581163, 0.28219986641998224, 0.1867927313087548, 0.19879745791314662], [0.40716136884354476, 0.24954635977919046, 0.22232237022862228, 0.12096990114864252], [0.16890236973363265, 0.4030961528738959, 0.23700980235719893, 0.19099167503527256], [0.3393455755481817, 0.32122413415542617, 0.0762272416503474, 0.2632030486460447], [0.1869555259049056, 0.22532166145052204, 0.3735909371018823, 0.21413187554269025], [0.2583743381994773, 0.3047277732252275, 0.27564548279857026, 0.16125240577672492], [0.15368980514567374, 0.32552662590691545, 0.06487347564947495, 0.4559100932979358], [0.244614517036498, 0.37971631529983185, 0.1595452942340842, 0.21612387342958608], [0.16431056543138475, 0.24895192122657278, 0.3087644947632467, 0.277973018578796], [0.20045180226650436, 0.18555989620467453, 0.35936617668323845, 0.2546221248455827], [0.2801214674871962, 0.3202190480674758, 0.17000633174334764, 0.22965315270198042], [0.18928750676011408, 0.514298746490423, 0.08580080359100076, 0.21061294315846224], [0.18580110888226753, 0.2584613689297181, 0.22236379175666404, 0.3333737304313505], [0.45736195084117326, 0.2344842201972179, 0.1294462276933596, 0.17870760126824933], [0.17297550235725767, 0.2942021542558832, 0.1629130879614034, 0.3699092554254557], [0.19167073442420188, 0.40088517572026056, 0.2414095409991377, 0.16603454885639993], [0.22994638070339088, 0.3084816825395233, 0.1442824566967497, 0.31728948006033597], [0.19241476995803095, 0.3073515811573957, 0.17472564491140424, 0.32550800397316915], [0.33630351082312376, 0.26380708204424375, 0.1252280820914366, 0.2746613250411956], [0.13535160984141956, 0.5490025454664591, 0.16943216081643747, 0.14621368387568384], [0.5296817980647484, 0.16324177188559313, 0.12824869003791425, 0.1788277400117443], [0.15199865172111468, 0.15230499268193218, 0.26179599725202674, 0.4339003583449264], [0.5092324425930295, 0.17786513127980097, 0.08328235338056228, 0.22962007274660723], [0.3074548614621779, 0.26485924921615994, 0.1740879338586189, 0.2535979554630433], [0.21967604424429527, 0.22853500821428585, 0.15750339198531352, 0.39428555555610534], [0.16988834923686497, 0.6505030455102379, 0.054244239673701386, 0.1253643655791958], [0.19061858089712105, 0.233764084528277, 0.1324633022357286, 0.4431540323388734], [0.22322476353038456, 0.2690255383752962, 0.13503632214745295, 0.37271337594686627], [0.17964600230374766, 0.1875942189704213, 0.10177715864434854, 0.5309826200814826], [0.17366395902569445, 0.3196874790287639, 0.139470388841301, 0.36717817310424095], [0.22505323705340854, 0.22597366443954284, 0.302074764320851, 0.2468983341861977], [0.19275184209875276, 0.2540987279063697, 0.19660398682075386, 0.3565454431741235], [0.24952509988473423, 0.32155385688949956, 0.20171342749118365, 0.2272076157345827], [0.15195785956710517, 0.5876678696431528, 0.09448839183301057, 0.16588587895673151], [0.14916799590175342, 0.2404977649173768, 0.19478555924284124, 0.4155486799380287], [0.3660105986615974, 0.26101314510292356, 0.16180061894902734, 0.2111756372864518], [0.4382605801769713, 0.19437209552203202, 0.18297119845518015, 0.18439612584581658], [0.13743851381169953, 0.45066651985228084, 0.18510645438352136, 0.22678851195249827], [0.21526205857853725, 0.26915682610350106, 0.2861592019827377, 0.2294219133352237], [0.21808412699284385, 0.3494307181898411, 0.16292177715265901, 0.26956337766465605], [0.3485546738440788, 0.21435813648181476, 0.12182914143358661, 0.3152580482405198], [0.38313366999700565, 0.2865217792477779, 0.1546787421896954, 0.17566580856552122], [0.18858771824988255, 0.4357616869840654, 0.09547241459552339, 0.28017818017052876], [0.20022280675255372, 0.22689005659718012, 0.11566153654397758, 0.4572256001062886], [0.1889840302226035, 0.25715244954156374, 0.2703071333454306, 0.28355638689040213], [0.09980346260375507, 0.1747104551317633, 0.09225112503520726, 0.6332349572292744], [0.2163475985779536, 0.2564929923083012, 0.1583482704398161, 0.36881113867392923], [0.21684905907237575, 0.536568827226478, 0.08895064797198954, 0.1576314657291566], [0.26715368843327053, 0.3177945868222358, 0.1880518311938855, 0.22699989355060823], [0.2657251410289522, 0.460091459964762, 0.11591566915323835, 0.1582677298530475], [0.3540381906081721, 0.2468408115095975, 0.0800220606931478, 0.3190989371890826], [0.33508574229405574, 0.2983306924801217, 0.17679424115893588, 0.18978932406688684], [0.22275022128767025, 0.3198045980943081, 0.1548667923911369, 0.30257838822688504], [0.2322112060987677, 0.3036198006220017, 0.15670651528054994, 0.3074624779986805], [0.34802378320241106, 0.3229597183748484, 0.07658076482258096, 0.25243573360015964], [0.323841763161517, 0.207779662925065, 0.12094386283339009, 0.3474347110800278], [0.2963119440985616, 0.1830775510502301, 0.1644835039720529, 0.3561270008791555], [0.40592682855745943, 0.27851917838114326, 0.10594511332215223, 0.20960887973924505], [0.40177259974844964, 0.25188261291009156, 0.12607455399278866, 0.22027023334867027], [0.17660526186886097, 0.45661955180715336, 0.16055262330186706, 0.20622256302211883], [0.21571999928307944, 0.4666660470486078, 0.12597676739383165, 0.19163718627448137], [0.22267706202020077, 0.23666610394102655, 0.18576522838219064, 0.3548916056565821], [0.5225108654254746, 0.16616353703725467, 0.09661853677517716, 0.21470706076209337], [0.13926744817444905, 0.3523575651231366, 0.13971705423611325, 0.36865793246630124], [0.12261007799849596, 0.4760210640709402, 0.17725799324086708, 0.22411086468969682], [0.17587474174742163, 0.21449412658842826, 0.3305150794477033, 0.2791160522164469], [0.21834486984136678, 0.35823493363759756, 0.12865730355323485, 0.2947628929678009], [0.16672088589215617, 0.2987033633497979, 0.1295006431540085, 0.40507510760403753], [0.29161535567413593, 0.25932454790535003, 0.10209685968579477, 0.34696323673471946], [0.11262349778455147, 0.5877368681511189, 0.06836941062472378, 0.23127022343960574], [0.2806684307735035, 0.2683686278873784, 0.23290329843285495, 0.21805964290626323], [0.21980561775619242, 0.33215717993875704, 0.15915469043406427, 0.2888825118709862], [0.1437791345223651, 0.5605484308906348, 0.09457113216521493, 0.20110130242178512], [0.1674962308836282, 0.44544033979503306, 0.07112468675801417, 0.3159387425633245], [0.2109612074171303, 0.33596244890065147, 0.2390965671930699, 0.21397977648914834], [0.20166808554047075, 0.3011328521217659, 0.1987042652796967, 0.29849479705806653], [0.2764605076821053, 0.3371608601497823, 0.23724622503213996, 0.1491324071359726], [0.19180493275890476, 0.26521368658801536, 0.18309315575170879, 0.3598882249013713], [0.23605760009454926, 0.33191972603295916, 0.12348090463747101, 0.3085417692350204], [0.39810210224614556, 0.22082393644012394, 0.07556175165173938, 0.30551220966199116], [0.264597451965554, 0.3789394675589337, 0.11496337955116788, 0.24149970092434445], [0.19809607131419715, 0.35080518639501873, 0.25220296268952763, 0.19889577960125648], [0.15271852468774885, 0.2822307962351372, 0.17620248247538636, 0.3888481966017276], [0.13082904872574547, 0.35159550938562734, 0.1994609511214249, 0.31811449076720233], [0.19447098703398116, 0.17570094948456863, 0.2340133663227436, 0.39581469715870665], [0.3059108333617461, 0.2600276546307062, 0.08325680591639682, 0.350804706091151], [0.1657774273233815, 0.3484381121749746, 0.20913248944005994, 0.27665197106158396], [0.3562612224461655, 0.2887444125610178, 0.05551840710807374, 0.2994759578847431], [0.22831912400794682, 0.35367083524905696, 0.19391258161172303, 0.22409745913127344], [0.2652877950148223, 0.34108599309123633, 0.11734823427910912, 0.27627797761483225], [0.31242462772247626, 0.2723634968248329, 0.14947343017068587, 0.26573844528200496], [0.19228302793040003, 0.3201141264122521, 0.18876127654294667, 0.2988415691144011], [0.3279062577644547, 0.1989026372452389, 0.18623312157410193, 0.2869579834162044], [0.5573449990697582, 0.14653619600931306, 0.05798929361715919, 0.2381295113037696], [0.1906824978671914, 0.281898384605924, 0.2612526957889113, 0.2661664217379733], [0.21411104488264582, 0.2560838876669254, 0.19030105472397355, 0.3395040127264552], [0.17457250822954887, 0.4074866176834369, 0.12241232011422629, 0.2955285539727879], [0.1547831957587129, 0.3478812870724989, 0.11479599298795934, 0.382539524180829], [0.3219684243282191, 0.2679412929183041, 0.17527721465656185, 0.23481306809691505], [0.23329580845959788, 0.3477585123583191, 0.16919365573668757, 0.24975202344539543], [0.6198798072252804, 0.2060683246604413, 0.056097374311992465, 0.11795449380228579], [0.46443911508052915, 0.22058193060096956, 0.12392845519082929, 0.19105049912767202], [0.17543408768302943, 0.15970204528281964, 0.14784017269754113, 0.5170236943366099], [0.23979304447028763, 0.3336835539398173, 0.16773445528309294, 0.2587889463068022], [0.21171375886062174, 0.24915594241428876, 0.096971516544828, 0.44215878218026156], [0.4675300506249565, 0.20065485708113837, 0.09862908595513965, 0.23318600633876552], [0.22587653989423406, 0.2143217573333857, 0.09242973484617073, 0.4673719679262095], [0.19035049898171783, 0.1583532664363161, 0.2250164299298957, 0.4262798046520704], [0.1831258345257319, 0.20597353049428999, 0.36031648360227697, 0.2505841513777013], [0.17268938782776475, 0.5066297773556602, 0.08646047785764427, 0.2342203569589307], [0.2336179346842972, 0.3969441501961351, 0.12488257102160184, 0.244555344097966], [0.4766480256035626, 0.1324656900163557, 0.08646618877724918, 0.3044200956028326], [0.2500414750510178, 0.23217259564762682, 0.07975875896209877, 0.4380271703392567], [0.4426695743132961, 0.2779268176653909, 0.08551168826722834, 0.19389191975408482], [0.21604277360659108, 0.2419720818208991, 0.2539300686698078, 0.2880550759027022], [0.2221333741091777, 0.20421283868827247, 0.19313376203894658, 0.3805200251636032], [0.2532320596861123, 0.27862846406320274, 0.1653819710107855, 0.3027575052398996], [0.29176122230377477, 0.3568598923544391, 0.13479157227103847, 0.2165873130707477], [0.23091263590215988, 0.32287918167088475, 0.19287414262105154, 0.25333403980590385], [0.16103144023944407, 0.46710470667400344, 0.08337401567902876, 0.2884898374075237], [0.4753603499825314, 0.19600887476281162, 0.1069932700961577, 0.22163750515849928], [0.2817157182379266, 0.36362441770706727, 0.17047557804246605, 0.18418428601254025], [0.18694378961923788, 0.32092028123837973, 0.14576419716551672, 0.34637173197686566], [0.21473772555729664, 0.26705014678143135, 0.28172639592251364, 0.2364857317387583], [0.28891201352441737, 0.4051795716922026, 0.10003274131495622, 0.20587567346842375], [0.6427565898419011, 0.15642744484722554, 0.05417970834725522, 0.1466362569636181], [0.4375893855967503, 0.24903731290492584, 0.08949651732395625, 0.2238767841743677], [0.3292155918872335, 0.21191763531989177, 0.06559346229771704, 0.3932733104951577], [0.24924798521539018, 0.37293912897961073, 0.12323717304721371, 0.25457571275778557], [0.26832277766651047, 0.36224711999541515, 0.11636793905463244, 0.253062163283442], [0.42529986522188234, 0.327913456290082, 0.10586020779255087, 0.1409264706954848], [0.15545650580072706, 0.42601764119180285, 0.15530782182583838, 0.2632180311816318], [0.2047895719026721, 0.3407384444188529, 0.22932786567922583, 0.22514411799924913]]}}