{"test": {"ids": ["99119830", "111116640", "102112170", "101108621", "104118070", "111117200", "107114490", "104111550", "110116300", "98119591", "113118870", "110117500", "97106000", "106121190", "107116300", "106115120", "110118810", "113120260", "112116850", "111120531", "100113370", "109117730", "109118161", "109114720", "108120260", "109119460", "113118810", "108121160", "111119430", "98121790", "110120560", "105112240", "111114171", "107120010", "111114941", "113121950", "110114610", "110115120", "105118171", "109113881", "110121450", "106119260", "113118690", "106118301", "97111790", "108117610", "113118820", "110118880", "110121720", "98108410", "103110100", "112121430", "100108580", "113121220", "102112301", "98106560", "102116340", "106118820", "112118511", "98106680", "111121930", "103110220", "111117571", "106116441", "112118860", "97105580", "103110840", "100108490", "110118301", "108114270", "113119300", "101119591", "107120130", "111116530", "102117351", "108117451", "103111110", "110118161", "113121750", "113120830", "104113210", "107114110", "112120290", "105121190", "111116090", "105113260", "111120320", "106117770", "113119120", "97106970", "100109000", "97116401", "103113170", "99109141", "111118301", "99108520", "105116090", "109118701", "108113760", "112119980", "101109000", "100109910", "106114011", "99112840", "105119550", "102108621", "108115970", "98108520", "112118581", "98120530", "98108580", "108121351", "112121410", "109117110", "99109840", "97112170", "112119500", "100111380", "100117420", "103111930", "111119250", "100110050", "105113620", "110117200", "106113830", "112120540", "97107950", "111121190", "97106820", "101112201", "98113881", "107113130", "107112840", "112121360", "99109161", "100111390", "112118880", "100115700", "104116800", "105113190", "111117480", "110114920"], "labels": [1, 0, 3, 0, 2, 0, 3, 1, 3, 1, 0, 1, 0, 2, 0, 1, 1, 3, 0, 0, 3, 3, 0, 0, 1, 1, 3, 2, 3, 2, 0, 1, 3, 1, 0, 3, 1, 0, 3, 0, 3, 1, 3, 1, 2, 3, 0, 0, 3, 1, 1, 2, 0, 3, 1, 1, 3, 3, 1, 1, 1, 2, 3, 0, 3, 1, 1, 2, 1, 3, 1, 0, 2, 3, 1, 2, 3, 0, 0, 3, 3, 1, 1, 2, 3, 3, 1, 0, 3, 2, 1, 3, 3, 3, 3, 2, 1, 3, 1, 0, 1, 2, 1, 2, 1, 3, 2, 2, 1, 1, 0, 3, 0, 1, 2, 0, 2, 3, 2, 3, 1, 3, 0, 3, 1, 3, 2, 1, 1, 0, 3, 1, 1, 3, 3, 2, 1, 1, 1, 3, 1, 3], "predicted_labels": [1, 3, 3, 0, 3, 3, 1, 1, 1, 0, 0, 3, 2, 1, 1, 3, 0, 1, 3, 0, 3, 3, 0, 1, 1, 1, 1, 1, 3, 3, 3, 3, 0, 3, 1, 0, 1, 1, 3, 0, 3, 3, 3, 0, 0, 3, 0, 0, 0, 1, 3, 3, 0, 3, 3, 3, 3, 1, 1, 1, 3, 1, 1, 3, 1, 1, 3, 1, 0, 0, 1, 0, 3, 3, 0, 3, 3, 0, 1, 1, 0, 3, 3, 1, 0, 0, 1, 3, 3, 1, 3, 0, 1, 0, 0, 1, 3, 3, 3, 3, 3, 3, 3, 3, 1, 0, 3, 0, 1, 3, 3, 1, 3, 1, 2, 0, 1, 1, 1, 1, 1, 1, 1, 3, 0, 1, 3, 1, 3, 0, 0, 1, 1, 0, 0, 3, 3, 3, 3, 3, 1, 0], "confidence_scores": [[0.26335283572636514, 0.27096917526917536, 0.19998606426253482, 0.26569192474192477], [0.2579660395160397, 0.2522704406704408, 0.20049491896991892, 0.28926860084360084], [0.26751616161616176, 0.21852710067710085, 0.21648506493506506, 0.2974716727716728], [0.3091102591852594, 0.26434192670075013, 0.16227895160395164, 0.26426886251003884], [0.19891485426338382, 0.27217546701664364, 0.2525091630591631, 0.27640051566080986], [0.26669518259518277, 0.2377006271506272, 0.16619831279831293, 0.3294058774558774], [0.19463213094095463, 0.3014534299034298, 0.2191028804528805, 0.2848115587027353], [0.20232756132756147, 0.28323683538683536, 0.24404410589410602, 0.27039149739149737], [0.22189874774348484, 0.29927498612498615, 0.2173439484492118, 0.26148231768231783], [0.27406104418457367, 0.2302953249365016, 0.2254725441225442, 0.2701710867563808], [0.2778815850815853, 0.2662300679712446, 0.18222337107337117, 0.27366497587379945], [0.24011983016983024, 0.26378317793317796, 0.17633931068931072, 0.31975768120768144], [0.2289986846486848, 0.25332724497724524, 0.2745045676545677, 0.24316950271950283], [0.1872904040404041, 0.3215273961332784, 0.24722884207295973, 0.24395335775335775], [0.2188559479735952, 0.290737445887446, 0.2140513411425177, 0.27635526499644136], [0.24707450882450888, 0.25054378399378413, 0.15915351315351328, 0.34322819402819404], [0.2907234487734488, 0.23010798923298936, 0.19297289377289387, 0.2861956682206683], [0.23836603674103682, 0.2907061133311135, 0.21980604950604965, 0.25112180042180055], [0.25157390387390394, 0.26504197191697204, 0.17610941003441022, 0.3072747141747142], [0.3055170634920636, 0.29879193306693314, 0.11341148769531131, 0.2822795157456922], [0.22730036630036643, 0.25136006771006775, 0.2581456468368234, 0.2631939191527428], [0.25447463092463096, 0.24608998778998786, 0.179742612942613, 0.3196927683427683], [0.29069476634476643, 0.26820226162726163, 0.16995888000888013, 0.2711440920190922], [0.20963658090275739, 0.3289046334384569, 0.21035773670773678, 0.251101048951049], [0.23186615606615618, 0.3202370213120214, 0.16631814296814304, 0.28157867965367966], [0.20947500832500843, 0.31208213649095995, 0.21791597291597298, 0.26052688226805887], [0.2609064990564991, 0.3196144466644467, 0.17671305916305924, 0.24276599511599528], [0.2547495226995227, 0.2880217906276731, 0.18251473950885724, 0.2747139471639475], [0.24695293040293037, 0.27109426129426145, 0.17572058497058507, 0.3062322233322232], [0.2501324814074815, 0.2353491480741481, 0.22114449439449446, 0.293373876123876], [0.24696471861471872, 0.2538687090687092, 0.23232234432234436, 0.26684422799422786], [0.21743598068598083, 0.28594603729603746, 0.1895681263181264, 0.30704985569985566], [0.32574436037818394, 0.2531498759410525, 0.1664950438450439, 0.2546107198357201], [0.19958692141192144, 0.25477539507276364, 0.2446717338217341, 0.3009659496935811], [0.30344159729159736, 0.3046234931734933, 0.14117350982350993, 0.2507613997113999], [0.29926867854367867, 0.2502096625596627, 0.16891597291597293, 0.2816056859806859], [0.2569393606393606, 0.27128660783660796, 0.2492507381507382, 0.22252329337329343], [0.2023142191142192, 0.3059438078261609, 0.21509589136353852, 0.27664608169608185], [0.2724486232721528, 0.25658350701586, 0.1546603257853258, 0.3163075439266615], [0.3388932178932179, 0.2919289599289599, 0.15937565767565773, 0.20980216450216446], [0.2605740932270344, 0.2416577946563241, 0.1551729631479632, 0.34259514896867826], [0.26454441147088226, 0.2051899711399712, 0.2310638655462185, 0.2992017518429283], [0.23260356587856598, 0.2745292885219357, 0.17860944610944618, 0.3142576994900524], [0.3971494727494727, 0.1989693528693529, 0.13134718059718067, 0.2725339937839939], [0.2990559440559441, 0.24067633836751495, 0.20592560968443333, 0.2543421078921079], [0.22206576479076495, 0.27733453768453775, 0.19915725940725962, 0.3014424381174379], [0.3048866006542478, 0.2680133144633145, 0.14587739090974386, 0.2812226939726937], [0.34758805916305907, 0.22353548118548128, 0.14301800144300147, 0.28585845820845823], [0.2905835553335553, 0.24774311995194354, 0.1836437839937841, 0.2780295407207173], [0.20636073338426286, 0.28441523835641486, 0.25494454434454455, 0.25427948391477806], [0.23202786935286937, 0.26287380952380957, 0.22243626373626393, 0.28266205738705735], [0.20292174965557322, 0.2624244125155891, 0.26427278832278833, 0.2703810495060496], [0.273251381951382, 0.24376726525108897, 0.238160805860806, 0.24482054693672342], [0.26222655122655125, 0.2827254911754911, 0.170794388944389, 0.28425356865356866], [0.2586258871847107, 0.3010045101956867, 0.13556612554112552, 0.30480347707847694], [0.21546565101565113, 0.2525516039516041, 0.21572053306170969, 0.31626221197103543], [0.2041633061383063, 0.27405254745254765, 0.23852562437562458, 0.2832585220335222], [0.18861813741813743, 0.3222338827838826, 0.21331688866688883, 0.2758310911310912], [0.2703966866466867, 0.29374814074814065, 0.15651923631923628, 0.2793359362859364], [0.20300397029870726, 0.2903807692307693, 0.24507341897868223, 0.2615418414918415], [0.2456910561660563, 0.2511088791927027, 0.23620276945276963, 0.2669972951884718], [0.22148862803862804, 0.2817810966810967, 0.2554955877455879, 0.24123468753468766], [0.28666890250272614, 0.28788267010767016, 0.1614788045288046, 0.26396962286079934], [0.28120825285825285, 0.2685611277611276, 0.145747113997114, 0.3044835053835055], [0.2654807303807304, 0.2924203685203685, 0.18138916638916655, 0.26070973470973485], [0.20510268897768905, 0.2913737373737374, 0.21737607392607397, 0.28614749972249987], [0.25695997890997896, 0.2721943392005313, 0.19052504717504729, 0.2803206347144428], [0.19920718725718733, 0.27939198024198036, 0.2542722166722167, 0.26712861582861586], [0.3305078829667066, 0.2541097200185436, 0.14228060828060843, 0.27310178873414187], [0.29408176186558543, 0.27585015066632723, 0.15670072150072165, 0.2733673659673662], [0.2164736152736153, 0.2915864839838524, 0.22280494680757848, 0.2691349539349539], [0.3336346372581666, 0.2592634124045889, 0.16279259074259086, 0.2443093595946537], [0.27878515928515935, 0.27988571808308643, 0.14955438070701244, 0.29177474192474195], [0.20861900240282605, 0.28271815210932844, 0.20957650127650135, 0.29908634421134445], [0.314827034077034, 0.28548932178932196, 0.14196401931401936, 0.25771962481962485], [0.2847419322507559, 0.24514722303839945, 0.1484618714618715, 0.32164897324897335], [0.24144085359085374, 0.2426016095016096, 0.2553908702408703, 0.2605666666666666], [0.3294153013653015, 0.27169397465279826, 0.1331746087246088, 0.26571611525729183], [0.26510094627594644, 0.33380522255522255, 0.1401519341769343, 0.26094189699189707], [0.22269855977355996, 0.3104116050616051, 0.1966978243978244, 0.270192010767011], [0.28774998694116344, 0.2371080799919037, 0.20857982295482305, 0.26656211011211006], [0.2582272671772673, 0.2596264013764015, 0.1942254134754135, 0.287920917970918], [0.26239367299367305, 0.23872765567765586, 0.1943363220113221, 0.3045423493173495], [0.18636365856365875, 0.3124287712287712, 0.22274819069819088, 0.2784593795093796], [0.3492356532356533, 0.23069007381507387, 0.14478072483072496, 0.27529354811854817], [0.29387525252525254, 0.27216469641469654, 0.18626565656565658, 0.24769439449439465], [0.23898327228327235, 0.2918147927236165, 0.1911204656454657, 0.27808146934764577], [0.21312182262182272, 0.23291947496947496, 0.22470819735819736, 0.329250505050505], [0.2660501887001888, 0.27015117660117677, 0.1594543234543237, 0.3043443112443114], [0.19959049626843764, 0.2795184978420273, 0.24535250305250314, 0.27553850283703235], [0.22558825896325907, 0.27653933011433024, 0.20784173326673344, 0.2900306776556776], [0.3347386252636252, 0.2583936202686204, 0.17812600732600728, 0.22874174714174714], [0.23582443112443122, 0.3043511834570658, 0.20567662762074534, 0.25414775779775783], [0.2949841186591187, 0.2722684121434121, 0.17066192141192157, 0.2620855477855479], [0.3061492959654723, 0.25399187120069466, 0.1599706765456766, 0.2798881562881564], [0.2136568563015933, 0.2791102231102231, 0.23301396731923063, 0.27421895326895324], [0.2478680208680211, 0.26515997890997905, 0.20335101010101017, 0.28362099012099007], [0.2710266011766012, 0.2857702189966896, 0.15598104999575596, 0.28722212983095347], [0.2600629093129093, 0.2672670274170274, 0.2005225052725053, 0.2721475579975581], [0.20057183927183939, 0.29409401154401166, 0.20881216561216567, 0.2965219835719836], [0.2507206182706184, 0.2735432123432125, 0.18081263736263742, 0.294923532023532], [0.21909759129759138, 0.22729720834720846, 0.2657131313131313, 0.28789206904206904], [0.273505624930625, 0.2632663281163283, 0.1879297064047064, 0.27529834054834046], [0.23880529470529477, 0.24995083805083806, 0.2454537851037852, 0.2657900821400823], [0.23997764457764467, 0.27863257298257327, 0.22174557109557133, 0.25964421134421145], [0.32815323287823284, 0.2776377622377623, 0.14422225274725273, 0.2499867521367522], [0.22368657453657467, 0.2678136252636254, 0.2381061993561993, 0.2703936008436009], [0.30551945799298746, 0.27443795093795087, 0.1832318962083669, 0.23681069486069486], [0.21837580197580214, 0.35885861556743903, 0.1656753968253968, 0.25709018563136216], [0.206717698967699, 0.2524343466990526, 0.26598177051706484, 0.27486618381618383], [0.24222904872904885, 0.2589739482739484, 0.22928563103563118, 0.26951137196137204], [0.2867736874236875, 0.2979129473467709, 0.1519859010270775, 0.263327464202464], [0.2802727799977801, 0.22958802863802877, 0.17888240093240104, 0.3112567904317901], [0.19424401709401715, 0.3187491286491285, 0.24562295759795771, 0.24138389665889684], [0.24174943112443123, 0.2359583971583973, 0.2695427849927851, 0.2527493867243869], [0.3508937590187592, 0.2394005383505384, 0.13855355755355775, 0.27115214507714536], [0.19848018648018667, 0.3095750194250195, 0.22284161590043966, 0.26910317819435475], [0.26980475635475637, 0.27385401820401833, 0.22777072927072942, 0.22857049617049616], [0.23412970395617455, 0.2673074564324564, 0.23547892630245568, 0.26308391330891334], [0.2516605561105563, 0.28997751692751694, 0.1865513431013432, 0.2718105838605839], [0.25186018981019, 0.27243593351093354, 0.22041282524664887, 0.25529105143222786], [0.22328923853923863, 0.2765040515040515, 0.240475641025641, 0.2597310689310689], [0.2049357580328168, 0.2919250104470693, 0.23793790000848822, 0.2652013315116258], [0.2193734820734822, 0.26600440670440667, 0.2052264513264515, 0.3093956598956599], [0.31931410256410264, 0.23213281543018402, 0.1628150644676961, 0.2857380175380177], [0.26529448051948057, 0.3026201853701853, 0.17870475357975363, 0.25338058053058066], [0.20532528027528038, 0.2688290903540904, 0.23676309903546747, 0.2890825303351622], [0.2553146603396605, 0.2616288045288045, 0.24132200299700315, 0.24173453213453222], [0.24340035520035544, 0.27117756687756706, 0.1763456321456323, 0.3090764457764459], [0.38249014874014886, 0.24388669304551658, 0.1467979631479632, 0.22682519506637167], [0.28829723805606167, 0.28491023061905424, 0.16396791345909004, 0.2628246178657944], [0.22466471028971033, 0.28055529748029756, 0.2156249587014294, 0.27915503352856297], [0.18427839937839938, 0.32287822177822145, 0.23390208125208137, 0.25894129759129775], [0.28107377899877894, 0.2698388278388278, 0.19896740204240213, 0.2501199911199913], [0.3014085997335999, 0.2898582215170451, 0.1799271256521258, 0.22880605309722976], [0.24755481389955086, 0.2487728049728052, 0.21069386519912836, 0.2929785159285159], [0.25630326617826626, 0.25939770784770794, 0.21930969308469309, 0.2649893328893329], [0.24005153735153736, 0.2487992063492064, 0.19651824123588832, 0.3146310150633678], [0.22616023894406254, 0.2828112229273992, 0.2010183344433345, 0.29001020368520375], [0.27773064990564994, 0.2583941974691976, 0.14632600177600186, 0.31754915084915086], [0.24820187035187039, 0.28757056277056275, 0.18338481518481523, 0.28084275169275186], [0.28491647796647807, 0.28308542568542544, 0.18083455988455996, 0.25116353646353656]]}, "rewritten": {"ids": ["97105580", "97106000", "97106820", "97106970", "97107950", "97111790", "97112170", "97116401", "98106560", "98106680", "98108410", "98108520", "98108580", "98113881", "98119591", "98120530", "98121790", "99108520", "99109141", "99109161", "99109840", "99112840", "99119830", "100108490", "100108580", "100109000", "100109910", "100110050", "100111380", "100111390", "100113370", "100115700", "100117420", "101108621", "101109000", "101112201", "101119591", "102108621", "102112170", "102112301", "102116340", "102117351", "103110100", "103110220", "103110840", "103111110", "103111930", "103113170", "104111550", "104113210", "104116800", "104118070", "105112240", "105113190", "105113260", "105113620", "105116090", "105118171", "105119550", "105121190", "106113830", "106114011", "106115120", "106116441", "106117770", "106118301", "106118820", "106119260", "106121190", "107112840", "107113130", "107114110", "107114490", "107116300", "107120010", "107120130", "108113760", "108114270", "108115970", "108117451", "108117610", "108120260", "108121160", "108121351", "109113881", "109114720", "109117110", "109117730", "109118161", "109118701", "109119460", "110114610", "110114920", "110115120", "110116300", "110117200", "110117500", "110118161", "110118301", "110118810", "110118880", "110120560", "110121450", "110121720", "111114171", "111114941", "111116090", "111116530", "111116640", "111117200", "111117480", "111117571", "111118301", "111119250", "111119430", "111120320", "111120531", "111121190", "111121930", "112116850", "112118511", "112118581", "112118860", "112118880", "112119500", "112119980", "112120290", "112120540", "112121360", "112121410", "112121430", "113118690", "113118810", "113118820", "113118870", "113119120", "113119300", "113120260", "113120830", "113121220", "113121750", "113121950"], "labels": [1, 0, 1, 2, 2, 2, 0, 3, 1, 1, 1, 2, 0, 3, 1, 1, 2, 2, 3, 3, 2, 2, 1, 2, 0, 1, 2, 3, 3, 2, 3, 1, 2, 0, 1, 0, 0, 3, 3, 1, 3, 1, 1, 2, 1, 3, 3, 3, 1, 3, 1, 2, 1, 3, 3, 0, 1, 3, 1, 2, 1, 1, 1, 0, 0, 1, 3, 1, 2, 1, 1, 1, 3, 0, 1, 2, 1, 3, 2, 2, 3, 1, 2, 3, 0, 0, 1, 3, 0, 3, 1, 1, 3, 0, 3, 3, 1, 0, 1, 1, 0, 0, 3, 3, 3, 0, 3, 3, 0, 0, 1, 3, 3, 1, 3, 1, 0, 1, 1, 0, 1, 1, 3, 1, 2, 0, 1, 3, 3, 0, 2, 3, 3, 0, 0, 3, 1, 3, 3, 3, 0, 3], "predicted_labels": [1, 2, 3, 2, 1, 0, 3, 0, 2, 1, 3, 3, 3, 0, 0, 1, 3, 3, 0, 1, 3, 1, 0, 1, 3, 3, 3, 2, 1, 3, 3, 3, 1, 0, 3, 0, 3, 0, 3, 0, 3, 0, 1, 0, 1, 0, 3, 1, 1, 0, 3, 3, 1, 3, 3, 2, 1, 0, 1, 1, 0, 1, 3, 0, 3, 0, 3, 3, 1, 1, 1, 0, 1, 1, 1, 0, 3, 1, 3, 0, 1, 0, 3, 0, 0, 3, 1, 0, 0, 0, 1, 1, 3, 3, 3, 1, 3, 0, 0, 3, 3, 3, 3, 0, 0, 0, 0, 3, 3, 0, 3, 0, 0, 3, 3, 3, 0, 0, 3, 3, 0, 1, 0, 3, 1, 1, 0, 0, 0, 3, 3, 3, 1, 0, 0, 3, 3, 1, 1, 1, 3, 3], "confidence_scores": [[0.22638829503829505, 0.2988798035298037, 0.21221691364191375, 0.2625149877899877], [0.22081162448662467, 0.25718954933954946, 0.2657684751522987, 0.25623035102152764], [0.27388341658341664, 0.2536985902985904, 0.17575202020202033, 0.29666597291597274], [0.23173048340548344, 0.2512844802256568, 0.26703428760781717, 0.2499507487610431], [0.2155883893883895, 0.26407605450105454, 0.26091285658785657, 0.25942269952269964], [0.28789327061827047, 0.24972427294927307, 0.221981401931402, 0.2404010545010545], [0.25224172494172503, 0.2651136585636586, 0.18387694527694548, 0.29876767121767134], [0.3211740426240425, 0.25104989177489184, 0.15659060384060394, 0.2711854617604618], [0.19401515706515715, 0.2685745476745477, 0.2715458041958043, 0.2658644910644911], [0.22998835086482153, 0.2893889313301078, 0.2377140375963906, 0.2429086802086803], [0.2211616383616384, 0.26659189976689956, 0.23515286102786107, 0.27709360084360085], [0.2763352397602399, 0.2689943833943834, 0.1651724192474194, 0.2894979575979576], [0.27735607888843167, 0.21978897768897773, 0.20747863639628358, 0.29537630702630713], [0.33493038350538346, 0.24943175435675446, 0.1911026853865089, 0.22453517675135337], [0.32651694139194126, 0.25001541236541247, 0.15990998723498728, 0.26355765900765904], [0.24015430402930416, 0.2907080475080475, 0.21422040459540473, 0.254917243867244], [0.25776580053933, 0.24744391425567902, 0.2270659134982666, 0.2677243717067247], [0.24233579753579765, 0.22746447996448027, 0.2270285658785661, 0.30317115662115657], [0.4004394244644244, 0.25302354034854047, 0.1105913641913643, 0.23594567099567104], [0.2865926961926963, 0.3251465589965591, 0.1579587024087026, 0.2303020424020426], [0.22983710178710182, 0.2585323398823401, 0.23883080253080252, 0.27279975579975574], [0.23667611832611843, 0.27514230214230223, 0.21386111111111122, 0.27432046842046853], [0.30367459762459764, 0.24899169164169177, 0.17731667221667224, 0.2700170385170387], [0.20316608114108126, 0.27713385503385507, 0.26529703352203354, 0.25440303030303035], [0.22604043179043184, 0.26863452658452674, 0.21268579198579213, 0.2926392496392495], [0.22308980186480193, 0.24977464757464776, 0.24328460428460436, 0.2838509462759464], [0.24546512376512383, 0.233718475968476, 0.25175363525363526, 0.269062765012765], [0.19990658785658794, 0.2804385281385279, 0.30433812853812864, 0.21531675546675547], [0.2630658119658119, 0.2650136141636142, 0.22300053835053857, 0.24892003552003544], [0.2793621933621934, 0.2155468031968034, 0.22464024309024314, 0.28045076035076044], [0.2117815795315796, 0.25453251748251754, 0.24402250527250532, 0.2896633977133977], [0.2501376345876347, 0.24260044955044952, 0.22905844155844166, 0.2782034743034743], [0.2248027413762709, 0.30920543345543317, 0.2443608755623463, 0.22163094960594973], [0.3496738872238873, 0.23895672024054398, 0.13921847874347884, 0.2721509137920905], [0.24668192085692098, 0.2744515873015874, 0.19856223776223786, 0.2803042540792541], [0.3121283938283937, 0.2649270027358263, 0.18070473970473977, 0.24223986373104023], [0.29926890886890894, 0.26260332167832173, 0.13449027639027641, 0.303637493062493], [0.3585491397491397, 0.2525684204684205, 0.14897794427794428, 0.23990449550449558], [0.25146483516483514, 0.23356914196914208, 0.1873788572538573, 0.3275871656121656], [0.31488067847185486, 0.291114043472867, 0.13208508158508162, 0.26192019647019643], [0.2182642132377426, 0.2715302488361314, 0.2304802243508125, 0.2797253135753138], [0.34920728160728126, 0.2790833444333444, 0.13331929181929192, 0.23839008214008228], [0.25490676823176833, 0.2551376345876346, 0.2360747696747699, 0.25388082750582763], [0.26806112776112767, 0.2659450493950496, 0.2410246420246421, 0.2249691808191808], [0.26099119769119794, 0.30192544502281354, 0.15566974691974708, 0.2814136103662418], [0.2961149073149074, 0.2633364357864359, 0.1925775890775891, 0.24797106782106795], [0.21798139915639939, 0.2787844155844157, 0.22269423631923643, 0.28053994893994877], [0.21637504717504732, 0.30778375513375517, 0.2186989565989568, 0.2571422410922413], [0.23179165589312672, 0.27548321204938875, 0.2499041641365171, 0.242820967920968], [0.2919382117882118, 0.2212938561438563, 0.20814124209124213, 0.2786266899766898], [0.30388378843378844, 0.2083197691197692, 0.18320930735930746, 0.3045871350871349], [0.22270700688200715, 0.25007412309912336, 0.256909911167264, 0.27030895885160605], [0.22699703384850453, 0.3136853959765722, 0.18222421353156656, 0.27709335664335666], [0.270529304029304, 0.23886804306804313, 0.18983933843933853, 0.3007633144633147], [0.24482020202020213, 0.25583094128094136, 0.20066283716283723, 0.29868601953601953], [0.2010189033189033, 0.26028872793872804, 0.27885019425019436, 0.2598421744921746], [0.24494292929292935, 0.2998944361194361, 0.1784151154401154, 0.2767475191475191], [0.32499587912087907, 0.24766177711177742, 0.13740176767676776, 0.2899405760905761], [0.23344678099678104, 0.34618420468420474, 0.20442784992784996, 0.21594116439116445], [0.24211550394050405, 0.2880768269741954, 0.19719936986817793, 0.2726082992171229], [0.31907321012321005, 0.22944247798984643, 0.15785160570423734, 0.29363270618270637], [0.26618871683871703, 0.2989126373626375, 0.19678504273504288, 0.23811360306360296], [0.24740960542725265, 0.25576732156732174, 0.14662160780396077, 0.3502014652014651], [0.3142519758019759, 0.26556068931068927, 0.15845230880230887, 0.2617350260850261], [0.22389339549339568, 0.24928638583638588, 0.19384299589299595, 0.3329772227772225], [0.3249194638694639, 0.24885168442668448, 0.14116967476967485, 0.28505917693417676], [0.20345536130536146, 0.25493667443667445, 0.24599105894105908, 0.2956169053169053], [0.2882629148629149, 0.20314402264402273, 0.21748477829360194, 0.2911082841994607], [0.19177464202464217, 0.29005169275169274, 0.2585378926628927, 0.25963577256077275], [0.18284802142302153, 0.31397398157398165, 0.24597753635253627, 0.25720046065046076], [0.21096098901098906, 0.33262055167055166, 0.22367010293627956, 0.23274835638218003], [0.30830056610056616, 0.23010280830280835, 0.17137486402486402, 0.29022176157176166], [0.22621940836940851, 0.2956162615162616, 0.20156479076479084, 0.27659953934953946], [0.22510662507427234, 0.3006384708858392, 0.21363558271793565, 0.260619321321953], [0.2257930264180266, 0.29000299145299135, 0.21756564464946826, 0.266638337479514], [0.28847617937617925, 0.26195769230769234, 0.1866050227550228, 0.26296110556110563], [0.22460043290043297, 0.26895878010878016, 0.18591623376623384, 0.32052455322455314], [0.24426692196692196, 0.2845112803862804, 0.19817714034331677, 0.2730446573034807], [0.23482071817071828, 0.26375160950160953, 0.20006662781662793, 0.3013610445110445], [0.3068745698745699, 0.2575320290820292, 0.15213967698967704, 0.28345372405372393], [0.2243410006660007, 0.3011247557997556, 0.17786596181596187, 0.2966682817182816], [0.2842304834054835, 0.2655124764124767, 0.17771831501831517, 0.2725387251637251], [0.27881333666333663, 0.25895057720057724, 0.16439304584304587, 0.2978430402930403], [0.31114373681873675, 0.27463354423354436, 0.15317470862470864, 0.26104801032301034], [0.3712804834054834, 0.25400456765456786, 0.14158487068487077, 0.23313007825507817], [0.21765340574458233, 0.26096034521034517, 0.20213504828504836, 0.3192512007600245], [0.19538593073593086, 0.3141687645687645, 0.2360869574869576, 0.25435834720834727], [0.27931021201021183, 0.268987556887557, 0.1852267621267621, 0.2664754689754692], [0.33374609002108996, 0.2610050310800312, 0.1704156676656678, 0.23483321123321138], [0.3172532023532022, 0.26014393384393397, 0.14079011544011555, 0.28181274836274817], [0.22764743034743035, 0.3212728160728163, 0.19017857142857159, 0.2609011821511823], [0.2250406815406815, 0.32053207348207335, 0.20825418470418475, 0.24617306027306032], [0.2836209235209234, 0.2663913197913199, 0.1358817293817294, 0.3141060273060272], [0.21144207704060647, 0.2626521259785967, 0.2469241852918326, 0.2789816116889647], [0.24235709495183191, 0.26647503330003325, 0.21994115124641445, 0.2712267205017206], [0.2356954767454768, 0.31794120324120323, 0.2306403762903764, 0.21572294372294373], [0.2565230880230881, 0.25409482184482185, 0.21681958041958047, 0.2725625097125098], [0.35910861915861914, 0.2632386752136754, 0.1418991203241204, 0.2357535853035854], [0.37007849022322725, 0.24927327117327122, 0.1420051705604339, 0.23864306804306812], [0.2641365467865469, 0.23038846431346455, 0.20139129759129765, 0.3040836913086913], [0.31656418581418583, 0.23758607503607518, 0.1291852647352648, 0.3166644744144743], [0.23842500000000025, 0.2461251387501389, 0.23664793539793563, 0.2788019258519259], [0.25570214295508414, 0.23496644711497658, 0.16059540459540472, 0.3487360053345345], [0.33471968309468286, 0.24240233100233122, 0.18620019425019435, 0.23667779165279176], [0.33414765593883244, 0.26604272035154386, 0.13943063798946162, 0.2603789857201624], [0.35503018648018636, 0.26770586635586624, 0.13165036075036082, 0.2456135864135864], [0.2899434704184705, 0.28032799422799426, 0.15152474110856462, 0.27820379424497077], [0.26210204240204243, 0.26184947829947847, 0.19184682539682532, 0.28420165390165375], [0.2729110306360307, 0.2481004051504052, 0.19400815573315586, 0.28498040848040845], [0.29672553557553555, 0.24291687756687752, 0.17366040071040087, 0.2866971861471861], [0.2514583777333779, 0.25874136419136434, 0.18601800030035326, 0.3037822577749047], [0.3375835445600153, 0.247764182102727, 0.1495025435348965, 0.2651497298023613], [0.33614507437007435, 0.22675632145632155, 0.16071300088800086, 0.27638560328560335], [0.24063931623931636, 0.24739567099567109, 0.24980280275280284, 0.2621622100122099], [0.24872187257187267, 0.2772957708957709, 0.16992788322788338, 0.3040544733044733], [0.26688424353424356, 0.2532676573426574, 0.1967279581529583, 0.2831201409701411], [0.3217287712287713, 0.2957487373737374, 0.15193209013209014, 0.23059040126540142], [0.2802876567876568, 0.22649675324675347, 0.2131309634809635, 0.28008462648462656], [0.23035859140859166, 0.2538963286713287, 0.23897885170385172, 0.2767662282162282], [0.26063692418692436, 0.2583808968808969, 0.1742785825285826, 0.3067035964035964], [0.2905028527028527, 0.26011818736818754, 0.17056702186702202, 0.2788119380619381], [0.27005005239858193, 0.2708960234210235, 0.18986412868177593, 0.269189795498619], [0.31903537655155334, 0.2442080974580976, 0.1998746225996227, 0.23688190339072698], [0.25479455299602366, 0.27058071732189376, 0.20172188252923556, 0.2729028471528473], [0.22512383727383734, 0.3267830835830836, 0.21690862470862488, 0.23118445443445454], [0.23116154401154418, 0.3010237595737596, 0.18897885447885457, 0.2788358419358419], [0.289243963226316, 0.2413388500388502, 0.19859139585904292, 0.27082579087579084], [0.2802158896658896, 0.2790973784385552, 0.18410649154766798, 0.25658024034788746], [0.2911193695193696, 0.2748061771561772, 0.17610233100233094, 0.25797212232212263], [0.2778008388670154, 0.2284483036571272, 0.18302630147630147, 0.31072455599955584], [0.20485373515373526, 0.26759535464535467, 0.23999975579975594, 0.2875511544011545], [0.24709418081918091, 0.24440108894373616, 0.22287218059718059, 0.2856325496399024], [0.24147344877344895, 0.335088961038961, 0.1817844877344878, 0.2416531024531025], [0.33608540740305454, 0.27278903873903876, 0.12644879728115024, 0.26467675657675666], [0.30261290098790095, 0.2535192307692309, 0.18778515096015103, 0.25608271728271736], [0.26738992673992673, 0.21524062604062613, 0.17075138750138757, 0.3466180597180599], [0.26271389443889454, 0.27252814962814986, 0.17824000721500735, 0.2865179487179487], [0.23875712343212366, 0.2833739898989901, 0.2272275224775226, 0.25064136419136424], [0.24247279779044498, 0.25860271787036504, 0.2422269651916713, 0.2566975191475191], [0.24373337773337767, 0.29502779720279704, 0.19997101982984333, 0.26126780523398174], [0.24989641469641485, 0.2866108946608946, 0.17670649350649362, 0.2867861971361972], [0.27619061771561765, 0.23406147186147216, 0.18962584637584634, 0.300122064047064]]}}