{"test": {"ids": ["100109330", "112120290", "109116040", "109120621", "109119340", "99108520", "107113840", "100111390", "102108621", "113119480", "97118210", "111116530", "104118340", "103111540", "102111990", "105119550", "113121810", "113117401", "98106111", "103117461", "105113260", "97105451", "112121030", "103112641", "108114180", "111116990", "109117080", "102110750", "106113260", "102112250", "112117210", "107118490", "107113260", "111116750", "108116070", "100116500", "106119990", "112117580", "103110760", "113122320", "111120640", "108118630", "112117660", "111115780", "99107300", "112121430", "110117200", "103111930", "104112470", "106115120", "97116800", "110114651", "112118820", "106120290", "112118890", "99120010", "111118301", "97108520", "103111170", "112118471", "108113760", "112119930", "100108260", "97105960", "112117471", "99110050", "106116120", "109116170", "104112201", "109113591", "110121140", "109113881", "113120640", "109114651", "113120070", "108117720", "113120280", "97109080", "112118701", "109116930", "105113480", "107113170", "99107560", "105112260", "110121720", "103110840", "110118740", "107116300", "105112240", "112116810", "106113360", "113122430", "112120990", "102110890", "112118930", "113122220", "99108010", "111119300", "102110050", "98116090", "113119950", "111114321", "111121930", "99111440", "107113130", "112116850", "105113440", "100117420", "98109230", "109120540", "101111620", "99111340", "98111670", "110115120", "107114110", "99117630", "106113190", "105110251", "112119950", "108118301", "104113550", "109116441", "110119300", "104116441", "102109850", "112116401", "110115250", "100110260", "111116110", "109113931", "101113210", "104117630", "105118740", "109118231", "97116790", "113118421", "99108310", "103120780", "99112840", "111121410", "102110850", "99107640"], "labels": [0, 1, 0, 1, 3, 2, 3, 2, 3, 3, 2, 3, 2, 1, 2, 1, 2, 3, 0, 0, 3, 0, 0, 3, 1, 0, 1, 1, 3, 0, 1, 2, 0, 3, 1, 2, 0, 0, 1, 1, 0, 1, 0, 1, 3, 2, 3, 3, 1, 1, 0, 3, 0, 2, 3, 2, 3, 2, 2, 1, 1, 1, 3, 2, 3, 3, 1, 0, 0, 3, 3, 0, 0, 3, 2, 1, 0, 2, 0, 0, 0, 0, 1, 3, 3, 1, 3, 0, 1, 3, 0, 2, 2, 0, 1, 1, 2, 1, 3, 0, 0, 1, 1, 3, 1, 0, 0, 2, 1, 1, 3, 1, 1, 0, 1, 3, 0, 0, 0, 1, 1, 3, 1, 1, 1, 0, 1, 3, 3, 1, 3, 0, 1, 1, 2, 3, 2, 1, 2, 0, 3, 1], "predicted_labels": [0, 1, 1, 2, 3, 2, 0, 1, 0, 1, 2, 0, 3, 2, 2, 0, 1, 0, 0, 0, 3, 0, 2, 3, 1, 3, 1, 2, 1, 0, 0, 2, 1, 3, 0, 2, 0, 0, 0, 3, 3, 3, 3, 0, 0, 2, 0, 0, 1, 0, 3, 1, 3, 3, 2, 0, 1, 3, 0, 2, 1, 3, 0, 3, 1, 3, 3, 3, 3, 1, 2, 0, 3, 3, 1, 0, 0, 2, 1, 3, 0, 3, 1, 1, 3, 1, 0, 1, 1, 1, 0, 1, 1, 0, 3, 1, 1, 0, 3, 1, 3, 0, 0, 3, 2, 0, 0, 2, 2, 0, 1, 1, 2, 1, 3, 0, 0, 0, 3, 0, 3, 3, 0, 1, 1, 3, 3, 0, 3, 1, 3, 0, 0, 1, 2, 0, 1, 1, 3, 3, 1, 1], "confidence_scores": [[0.8644959978840253, 0.060032252145905816, 0.023973655917508784, 0.051498094052560006], [0.029213573318342935, 0.7359286100539766, 0.13307239136531188, 0.10178542526236874], [0.010608203870808212, 0.5700192136608528, 0.13929093632931877, 0.2800816461390201], [0.156364451196789, 0.18956423873673434, 0.3450255616345884, 0.3090457484318882], [0.01705468373046503, 0.14236803927653213, 0.003175060469116332, 0.8374022165238865], [0.03633839813581581, 0.18554597677879353, 0.7319456052751864, 0.046170019810204285], [0.8810232070171881, 0.04231612782130946, 0.043056884803265964, 0.033603780358236725], [0.3276517345881824, 0.43913209894634625, 0.14196250243695369, 0.09125366402851766], [0.514200453875809, 0.0066769467560318825, 0.12643594513539047, 0.35268665423276857], [0.008813236362923194, 0.8927196566481672, 0.022093372969446308, 0.07637373401946325], [0.23719224510658726, 0.11474857853912128, 0.5323935089018644, 0.1156656674524271], [0.5815883074739555, 0.34837258512492475, 0.062436858331376854, 0.007602249069742993], [0.10196718624695882, 0.23289267078647455, 0.1883048518977187, 0.4768352910688481], [0.08914811762663158, 0.10539698671244142, 0.4482271128118345, 0.3572277828490925], [0.1084524564020994, 0.031875185670886624, 0.443919776467528, 0.41575258145948596], [0.43375860289402696, 0.2775867480831122, 0.08971181486394515, 0.19894283415891567], [0.019124934860805482, 0.4936329466383249, 0.4816688407932793, 0.005573277707590228], [0.35407699644591456, 0.17373722364588173, 0.18892862287649667, 0.28325715703170695], [0.9381550936369708, 0.02907911089424389, 0.03030936274927972, 0.0024564327195055044], [0.88887742620551, 0.0172280037053907, 0.04957857398413531, 0.04431599610496384], [0.22012144031464187, 0.04878133563573537, 0.030356943447881837, 0.7007402806017409], [0.9889948223648402, 0.00487187449610839, 0.00011825009237185893, 0.0060150530466795155], [0.32673282500391, 0.03973423711049487, 0.5356697009415604, 0.09786323694403472], [0.02153627369708318, 0.0364530501261016, 0.01810315525009483, 0.9239075209267203], [0.002042799305518595, 0.98742580346015, 0.00819747348598015, 0.002333923748351446], [0.12437843467175658, 0.102169149760576, 0.007173946055575883, 0.7662784695120914], [0.00440507345900228, 0.7398799257651344, 0.1338171192241389, 0.12189788155172442], [0.012138836920330395, 0.027405503114456133, 0.8910905385476101, 0.06936512141760334], [0.05859114313190293, 0.8483135991094548, 0.06653634633100046, 0.026558911427641916], [0.6308510942034324, 0.00908021666545741, 0.010611054441597226, 0.34945763468951296], [0.8591349211002834, 0.055916366257957886, 0.027905208877271638, 0.05704350376448694], [0.09963836718824201, 0.306068252151099, 0.5042460504215299, 0.09004733023912907], [0.032373724609625835, 0.9071384273619484, 0.05162270625670491, 0.00886514177172075], [0.010419169568219535, 0.036349004820193, 0.00566863912351908, 0.9475631864880685], [0.47976874524318674, 0.24399567767481706, 0.023444694941221624, 0.25279088214077466], [0.2286719574153839, 0.11869664892804889, 0.5499709664494404, 0.10266042720712681], [0.42477578541590877, 0.4169944184558462, 0.09441262908266627, 0.06381716704557878], [0.4068893584516831, 0.3582120370235258, 0.0063001549753265475, 0.22859844954946468], [0.904585691892274, 0.011084659794894307, 0.05055925466203087, 0.03377039365080085], [0.17028092782322551, 0.09738970653593497, 0.06338792170972564, 0.6689414439311139], [0.015352371444022616, 0.4458897013438669, 0.020446476093569477, 0.518311451118541], [0.0048390629103665424, 0.0014034858045124576, 0.02926683036313745, 0.9644906209219836], [0.010604557964312613, 0.027723650881085127, 0.0018856760835675454, 0.9597861150710347], [0.6342705931542344, 0.05920170933284945, 0.0675581138463743, 0.23896958366654178], [0.5501376669122285, 0.37477454375643876, 0.006980341574734442, 0.06810744775659823], [0.009710920305049405, 0.06843850255893087, 0.47149396317433034, 0.4503566139616892], [0.7418328124514166, 0.19637723415718222, 0.003148536483645679, 0.05864141690775549], [0.8317370686615491, 0.02118782238459993, 0.003291776343745373, 0.14378333261010567], [0.08824425925709728, 0.43719693287651, 0.04133599158257753, 0.43322281628381515], [0.8878928825017773, 0.023616183571451448, 0.0007234114753630446, 0.08776752245140822], [0.33859102130960295, 0.08977811057767691, 0.12537077633790908, 0.44626009177481096], [0.03236859034083021, 0.5972645003281064, 0.19217339629181107, 0.17819351303925235], [0.16180504416011754, 0.15275481086465656, 0.0025694344426459, 0.6828707105325801], [0.00909247089802084, 0.10404867746591975, 0.31504691661288153, 0.5718119350231778], [0.0539895119917704, 0.1970236283142978, 0.6511304583091212, 0.09785640138481053], [0.7760848118160255, 0.014920020625200835, 0.03511923954819486, 0.173875928010579], [0.0889092357558339, 0.6144472461165988, 0.03353518670766553, 0.2631083314199017], [0.06390776534646431, 0.024670492277280392, 0.11961479013393869, 0.7918069522423166], [0.5536428384030325, 0.09287306620875307, 0.30317083423628455, 0.05031326115192989], [0.05892929450035145, 0.14731051514571086, 0.6663477395643784, 0.12741245078955932], [0.08312983353998481, 0.6167790842833786, 0.18122475914660388, 0.11886632303003263], [0.42704512998919353, 0.002101480532889058, 0.10131739184046422, 0.46953599763745335], [0.5897196714639753, 0.1256467506248943, 0.04830253022707414, 0.23633104768405622], [0.1722068830506556, 0.11894803454407017, 0.2701473864479925, 0.4386976959572817], [0.0708211554812808, 0.6981252076473281, 0.019023543758490427, 0.21203009311290064], [0.12097237060997663, 0.170358517421883, 0.05573124137540626, 0.6529378705927341], [0.16894114319997292, 0.2825857108479617, 0.0383601917759746, 0.5101129541760907], [0.021568487010988107, 0.06015252713152758, 0.01637398574135502, 0.9019050001161294], [0.3505663217204931, 0.02318425371091221, 0.004474708624446026, 0.6217747159441486], [0.19756071403027736, 0.7719419219738893, 0.027582838473668256, 0.002914525522165043], [0.007706728372778211, 0.3895314930300005, 0.5948107410173623, 0.00795103757985895], [0.66007535641884, 0.03451386870451516, 0.29449817792894517, 0.010912596947699601], [0.2708747322800632, 0.18993964801400864, 0.04579971933853748, 0.4933859003673907], [0.0058749377935781175, 0.0034138747308440484, 0.013883063956856834, 0.976828123518721], [0.00973404897411401, 0.9398983966413057, 0.027536322201679727, 0.02283123218290054], [0.6934405219885157, 0.056325234789178974, 0.06061919384223055, 0.18961504938007467], [0.4930972901885753, 0.00573968231902495, 0.05539158540063316, 0.44577144209176656], [0.04001990656667398, 0.24396627510743701, 0.4137803201389064, 0.30223349818698264], [0.42791927255664475, 0.5355982664552641, 0.0332043197530301, 0.0032781412350610063], [0.29808809978921075, 0.2494112814263152, 0.11448580685358822, 0.3380148119308859], [0.6084464821092537, 0.33208280763756937, 0.012310120690506203, 0.04716058956267083], [0.018459056449752025, 0.06774669582706723, 0.049922138735113725, 0.863872108988067], [0.30019192509364545, 0.5372020017481611, 0.06263562424124548, 0.09997044891694787], [0.1509870172382581, 0.8319153450908073, 0.007779045358153957, 0.009318592312780458], [0.04462085623523224, 0.17729826430949172, 0.11837019748703555, 0.6597106819682405], [0.10525472072575802, 0.7032326490978305, 0.17537427097469807, 0.0161383592017134], [0.9801339745047356, 0.00044301741331194384, 0.0010948275372542728, 0.018328180544698036], [0.08885588146540445, 0.5148691218489069, 0.04974222813422837, 0.34653276855146015], [0.03560870226232136, 0.39134583291722863, 0.28300235757341563, 0.2900431072470344], [0.21065688627949947, 0.43137358637182976, 0.20880506802989893, 0.1491644593187718], [0.6451138342503381, 0.3015428049558159, 0.009525933419652846, 0.04381742737419306], [0.0025885989716692634, 0.6970173974995297, 0.04331701126488951, 0.2570769922639115], [0.012135373294623497, 0.4425248127616458, 0.2282190135374827, 0.31712080040624796], [0.8111121699299532, 0.0019140485488334004, 0.11355888737391356, 0.07341489414729968], [0.3482416513151756, 0.115725191721654, 0.08330237437219794, 0.4527307825909726], [0.18106245190337558, 0.4979744180337926, 0.1538702668963611, 0.16709286316647062], [0.27793148830262, 0.6110311847643619, 0.05987921122650503, 0.05115811570651308], [0.4745771091104021, 0.3976933921445186, 0.06461207229260126, 0.06311742645247802], [0.004179774695973397, 0.03650989787397879, 0.0025437045012066816, 0.9567666229288412], [0.04153445156598832, 0.8742001497132192, 0.07504276566259206, 0.00922263305820052], [0.24103387076217722, 0.19274096381578457, 0.24906931210532213, 0.31715585331671614], [0.45180628484457414, 0.36637931916498706, 0.15616380183506987, 0.02565059415536906], [0.6241830573531544, 0.1738426767118256, 0.09283461088912517, 0.10913965504589491], [0.37387116167607526, 0.1325092764215384, 0.012577878763835267, 0.4810416831385511], [0.053824390338592834, 0.23312736231005832, 0.6934353349746114, 0.01961291237673738], [0.6201521901766347, 0.09713451003247034, 0.09916964999727895, 0.18354364979361606], [0.7927247905466572, 0.00432814360140197, 0.03155153316045273, 0.171395532691488], [0.043458939503355415, 0.05664566175341442, 0.7222900484999677, 0.17760535024326243], [0.03752770258886273, 0.008554620997750778, 0.6684419122784552, 0.28547576413493125], [0.5500292704792221, 0.12757877102473625, 0.06426139915362376, 0.2581305593424179], [0.41673810194876976, 0.48194970787770636, 0.01463167404113151, 0.0866805161323923], [0.005625716127169601, 0.6870054219874391, 0.2924596702127926, 0.014909191672598668], [0.1824606964945187, 0.08460611586569959, 0.683720196698459, 0.049212990941322754], [0.047739007359815316, 0.6689257220033208, 0.009717462438632076, 0.27361780819823184], [0.29124759585852783, 0.06607637612313737, 0.045107058219689994, 0.5975689697986448], [0.8483630109213804, 0.004636012107503017, 0.13806106086547887, 0.00893991610563776], [0.6563941147132545, 0.17307409048757758, 0.07090765449663762, 0.09962414030253043], [0.7139313961589052, 0.24431563959037572, 0.015035025530765475, 0.02671793871995374], [0.01715502581158129, 0.09752609349134017, 0.008156321851091598, 0.8771625588459869], [0.5274827566861029, 0.014359722754316134, 0.0580714443955816, 0.4000860761639994], [0.10974376279833385, 0.05358843585744704, 0.07243992606288747, 0.7642278752813316], [0.2723823289488542, 0.04278409451050521, 0.20078761583940924, 0.48404596070123135], [0.4778541033544923, 0.104021611155706, 0.007492224249364601, 0.4106320612404372], [0.04811910556846649, 0.4436264822208176, 0.10555065129848401, 0.4027037609122319], [0.06898808921594185, 0.8642926543775804, 0.03200986557167504, 0.03470939083480279], [0.07098917369087424, 0.01626259927029694, 0.011129894987503925, 0.9016183320513248], [0.03497400912738311, 0.3726529907570903, 0.03919532960698404, 0.5531776705085425], [0.728507069278246, 0.17060438118868662, 0.013765133783965761, 0.08712341574910151], [0.009852380297989979, 0.03361780189554122, 0.0030695533229300625, 0.9534602644835388], [0.3412659710062184, 0.34995621184085346, 0.15435446765282304, 0.15442334950010503], [0.2471523177062738, 0.028310876847685993, 0.10848030114139538, 0.6160565043046449], [0.5805958214143186, 0.052054440754287876, 0.32905343400665643, 0.038296303824737046], [0.6299356300871003, 0.035935074335253024, 0.3133785633678278, 0.020750732209818948], [0.04413907661282189, 0.5482830012545311, 0.1561857750326419, 0.25139214710000507], [0.014063532529867943, 0.19580751435335086, 0.5539852214609504, 0.23614373165583077], [0.8730486291295564, 0.028693412033217156, 0.00767317861233634, 0.09058478022489018], [0.0007648095235386522, 0.9937555007872505, 0.0019263011628931597, 0.0035533885263178376], [0.2847828899030257, 0.4195393784763568, 0.06522509567383948, 0.2304526359467781], [0.31014588863708203, 0.257908393457922, 0.08896616281779396, 0.34297955508720207], [0.12444871002345902, 0.2879290867847738, 0.03866129373438298, 0.5489609094573842], [0.001085681833350996, 0.4627135281639871, 0.4567166834249829, 0.07948410657767906], [0.3180380685612174, 0.3909244588173098, 0.03476524641884883, 0.2562722262026239]]}, "rewritten": {"ids": ["97105451", "97105960", "97108520", "97109080", "97116790", "97116800", "97118210", "98106111", "98109230", "98111670", "98116090", "99107300", "99107560", "99107640", "99108010", "99108310", "99108520", "99110050", "99111340", "99111440", "99112840", "99117630", "99120010", "100108260", "100109330", "100110260", "100111390", "100116500", "100117420", "101111620", "101113210", "102108621", "102109850", "102110050", "102110750", "102110850", "102110890", "102111990", "102112250", "103110760", "103110840", "103111170", "103111540", "103111930", "103112641", "103117461", "103120780", "104112201", "104112470", "104113550", "104116441", "104117630", "104118340", "105110251", "105112240", "105112260", "105113260", "105113440", "105113480", "105118740", "105119550", "106113190", "106113260", "106113360", "106115120", "106116120", "106119990", "106120290", "107113130", "107113170", "107113260", "107113840", "107114110", "107116300", "107118490", "108113760", "108114180", "108116070", "108117720", "108118301", "108118630", "109113591", "109113881", "109113931", "109114651", "109116040", "109116170", "109116441", "109116930", "109117080", "109118231", "109119340", "109120540", "109120621", "110114651", "110115120", "110115250", "110117200", "110118740", "110119300", "110121140", "110121720", "111114321", "111115780", "111116110", "111116530", "111116750", "111116990", "111118301", "111119300", "111120640", "111121410", "111121930", "112116401", "112116810", "112116850", "112117210", "112117471", "112117580", "112117660", "112118471", "112118701", "112118820", "112118890", "112118930", "112119930", "112119950", "112120290", "112120990", "112121030", "112121430", "113117401", "113118421", "113119480", "113119950", "113120070", "113120280", "113120640", "113121810", "113122220", "113122320", "113122430"], "labels": [0, 2, 2, 2, 2, 0, 2, 0, 1, 1, 0, 3, 1, 1, 2, 2, 2, 3, 1, 3, 2, 3, 2, 3, 0, 3, 2, 2, 2, 3, 3, 3, 1, 3, 1, 3, 0, 2, 0, 1, 1, 2, 1, 3, 3, 0, 1, 0, 1, 1, 1, 0, 2, 0, 1, 3, 3, 0, 0, 1, 1, 0, 3, 0, 1, 1, 0, 2, 1, 0, 0, 3, 1, 0, 2, 1, 1, 1, 1, 1, 1, 3, 0, 1, 3, 0, 0, 3, 0, 1, 1, 3, 1, 1, 3, 0, 1, 3, 3, 1, 3, 3, 1, 1, 3, 3, 3, 0, 3, 1, 0, 0, 1, 0, 3, 0, 1, 3, 0, 0, 1, 0, 0, 3, 1, 1, 0, 1, 2, 0, 2, 3, 3, 3, 0, 2, 0, 0, 2, 1, 1, 2], "predicted_labels": [1, 3, 1, 1, 1, 0, 0, 0, 2, 0, 0, 3, 1, 1, 0, 1, 2, 0, 1, 0, 0, 0, 0, 0, 0, 3, 1, 0, 1, 0, 0, 0, 0, 0, 2, 1, 0, 2, 3, 3, 1, 0, 0, 0, 1, 1, 3, 0, 0, 3, 1, 0, 0, 0, 0, 0, 3, 0, 1, 0, 2, 0, 0, 1, 1, 0, 0, 0, 1, 3, 0, 0, 0, 1, 1, 1, 0, 1, 0, 3, 3, 1, 0, 3, 1, 0, 1, 0, 0, 1, 1, 1, 0, 3, 3, 0, 0, 0, 0, 0, 0, 1, 0, 0, 3, 1, 0, 3, 1, 1, 1, 0, 3, 3, 3, 3, 0, 0, 0, 3, 0, 1, 0, 3, 1, 0, 3, 3, 0, 0, 2, 0, 0, 3, 0, 0, 0, 0, 1, 0, 0, 3], "confidence_scores": [[0.4295715152005255, 0.49097571050628425, 0.006704125544452686, 0.07274864874873758], [0.212565185899111, 0.27024400344839, 0.0037259127305765403, 0.5134648979219224], [0.26162713891658357, 0.543435422163543, 0.013061977399996, 0.18187546151987738], [0.17771952734973392, 0.504689706433427, 0.03612035572789024, 0.28147041048894883], [0.1648133784263281, 0.35181147338890334, 0.14478022032223375, 0.33859492786253487], [0.6697267659720515, 0.004434874463753853, 0.03805790878665843, 0.2877804507775361], [0.6347032769452474, 0.015492985223804493, 0.05399915086792328, 0.29580458696302475], [0.8471399118749544, 0.06813461753606109, 0.05865517466051833, 0.026070295928466145], [0.043058305084276015, 0.04250271267157, 0.5896600051891168, 0.3247789770550372], [0.46643421439049365, 0.02920104063984669, 0.12859585225795261, 0.37576889271170716], [0.6293060503583322, 0.3614341538533364, 0.007090269953446084, 0.0021695258348853066], [0.2739359655849252, 0.07952372082395896, 0.005364320003251688, 0.6411759935878641], [0.24859810851044464, 0.45066924398725866, 0.1823192249444091, 0.1184134225578877], [0.163708612443875, 0.7904396207481383, 0.020738049899832908, 0.025113716908153692], [0.9542175751786898, 0.03677667310811617, 0.007337994055009343, 0.0016677576581845665], [0.1989705520251394, 0.7719210656782594, 0.013297423870696106, 0.015810958425905183], [0.13935389761257058, 0.19797392222763344, 0.6117625324897756, 0.050909647670020354], [0.47441901166137246, 0.23845049156748752, 0.10319411899895117, 0.18393637777218882], [0.37036209237100853, 0.43684931836225754, 0.16713591995858468, 0.02565266930814914], [0.733003415467731, 0.08181704168636737, 0.061400452400160385, 0.12377909044574142], [0.7475321901988861, 0.06342193108519616, 0.021685194587169786, 0.16736068412874802], [0.5892860888601789, 0.10944992007294943, 0.2660199770634394, 0.03524401400343225], [0.9357458742199364, 0.019171563487405473, 0.014464182523731809, 0.030618379768926604], [0.5419702839942455, 0.1683491221930168, 0.04162781712112396, 0.2480527766916136], [0.5836403778188797, 0.1475056471984472, 0.009699696505088779, 0.25915427847758415], [0.28851072933481525, 0.12804387562696318, 0.11800663137495555, 0.46543876366326614], [0.11917544984129189, 0.6804120928226361, 0.0551144342100853, 0.14529802312598672], [0.30188452234997987, 0.2964810967126423, 0.2780008531170672, 0.12363352782031066], [0.18721722801490612, 0.4885214464019038, 0.2775524601898709, 0.04670886539331923], [0.4014949945401617, 0.11738345742435058, 0.09008557575622002, 0.3910359722792677], [0.551122183554523, 0.10149129833334057, 0.020357699717297454, 0.32702881839483894], [0.8043872063832214, 0.12143908647862209, 0.002586667634811215, 0.07158703950334512], [0.36985582048785454, 0.23698588658086706, 0.21131087223580552, 0.1818474206954729], [0.684316153470231, 0.24178007869716436, 0.014465225346287178, 0.059438542486317546], [0.10901926743905134, 0.35809420682830806, 0.3594266814930524, 0.17345984423958824], [0.012328770348076848, 0.9715155665229553, 0.0024126086453802797, 0.013743054483587779], [0.5618712945293926, 0.013419823801637138, 0.12131960394612742, 0.303389277722843], [0.14389884674832837, 0.15071430605058436, 0.6455631173613161, 0.05982372983977107], [0.38208734531287186, 0.038857977167368926, 0.009900500721992464, 0.5691541767977667], [0.31450403139620026, 0.036997637249988884, 0.07782712264679492, 0.5706712087070159], [0.05573685209171667, 0.804714935743329, 0.0040934703921689354, 0.13545474177278538], [0.6366537669511536, 0.1161748263225543, 0.15324249020766828, 0.09392891651862366], [0.6687740712304624, 0.1832422824444062, 0.057312463108698274, 0.09067118321643289], [0.9025434548774134, 0.030311730210447117, 0.0032973013025991292, 0.06384751360954037], [0.17500668839441863, 0.6884654458252102, 0.034627645709227745, 0.10190022007114352], [0.2842130496199784, 0.6779279723706809, 0.018134974999772444, 0.019724003009568173], [0.42228862079430457, 0.02206959273548545, 0.042563825380174246, 0.5130779610900357], [0.8162286989204478, 0.04616610804413988, 0.006749606004778826, 0.13085558703063366], [0.5261682043465048, 0.44444671692112514, 0.010812341617557536, 0.01857273711481254], [0.24184608387464918, 0.021998683323968555, 0.020100423528654245, 0.716054809272728], [0.012573741722614986, 0.9378854378835161, 0.0007365923654902765, 0.048804228028378874], [0.6947463170151034, 0.16816894740727373, 0.13191956490684176, 0.005165170670781135], [0.6715619916930586, 0.29297361921481513, 0.023433493196241904, 0.01203089589588439], [0.8832758835748222, 0.0854028151647952, 0.002919723256014124, 0.02840157800436843], [0.3953921118056869, 0.15040282127951624, 0.2729916681454554, 0.18121339876934162], [0.5809859366060132, 0.3229110974892056, 0.03178671578186525, 0.06431625012291592], [0.33069314706135305, 0.13436051365171076, 0.0974818753251156, 0.4374644639618206], [0.5594050623890194, 0.187090068014016, 0.07581052618031162, 0.17769434341665313], [0.31314861865094007, 0.6204783120136985, 0.042825080371247874, 0.023547988964113604], [0.9124594442581226, 0.04033495223319844, 0.030053259978321475, 0.017152343530357467], [0.3317833959778457, 0.2380422687891315, 0.3703763965235591, 0.05979793870946374], [0.4987924358682584, 0.11408086780676265, 0.04807039513051973, 0.3390563011944592], [0.4609563683196497, 0.21509364407986317, 0.24757059208992518, 0.07637939551056185], [0.3511579031637714, 0.6022158854414374, 0.0015403160622002475, 0.045085895332590935], [0.3166154755239774, 0.5358276945088881, 0.013582945945039518, 0.13397388402209487], [0.5455945687499583, 0.3840121473960951, 0.01629745544879215, 0.054095828405154416], [0.8041764726346737, 0.10328017877864223, 0.0120176947194119, 0.08052565386727205], [0.5752315353310187, 0.029943501068716145, 0.1683706201786173, 0.2264543434216478], [0.2677080386420102, 0.3682406970351778, 0.3613666054943255, 0.0026846588284864096], [0.06415820101666127, 0.30192863390288066, 0.17916419324189337, 0.4547489718385647], [0.5006601271070515, 0.22028725236565547, 0.07849754471095155, 0.20055507581634144], [0.807287735361179, 0.10022695965775606, 0.011001471451542875, 0.08148383352952207], [0.6875575728183201, 0.03413315613884266, 0.08314445249591583, 0.19516481854692147], [0.07642660794602825, 0.635193528398079, 0.20204739685886575, 0.086332466797027], [0.38892975507567795, 0.5647754416477987, 0.03763389321328685, 0.008660910063236629], [0.1689273370838304, 0.48193527121407415, 0.28863172152386496, 0.06050567017823043], [0.6576412338424317, 0.28912404270027536, 0.034628929252719744, 0.018605794204573225], [0.055176205519064526, 0.6574087800973579, 0.15058132325915916, 0.13683369112441834], [0.8706841215505007, 0.02134504707782666, 0.019306407828398833, 0.08866442354327382], [0.1036182308654072, 0.07554841972309563, 0.032445264195960874, 0.7883880852155364], [0.10303708846073392, 0.059148896763413915, 0.037084044390500004, 0.8007299703853521], [0.15581629798877356, 0.7470597805947091, 0.009955039548261678, 0.08716888186825561], [0.5876679328783643, 0.3630481458049039, 0.040432606851894856, 0.00885131446483703], [0.22204665263688755, 0.16695819037209367, 0.052644368642195905, 0.5583507883488229], [0.04971253298114917, 0.7309779015063255, 0.021258817717258814, 0.19805074779526655], [0.39075911574624866, 0.36185046622046674, 0.12215911011623871, 0.12523130791704587], [0.1275860162530311, 0.8440897232224971, 0.001971808963836182, 0.02635245156063551], [0.9688081969177456, 0.019968222492106294, 0.0017209188485731405, 0.009502661741574854], [0.557248126326271, 0.10277083901512933, 0.005723702036010966, 0.33425733262258867], [0.039205905232557084, 0.7890559822115981, 0.06472745976648046, 0.10701065278936447], [0.08597649178456247, 0.8281252229048894, 0.06390803934427121, 0.021990245966276998], [0.17823888019696466, 0.4080367901589555, 0.028375251018438383, 0.3853490786256414], [0.8881664231246055, 0.06018058660188316, 0.02779513223858584, 0.023857858034925725], [0.16142020402610413, 0.1622141470849393, 0.08737952315002281, 0.5889861257389337], [0.07285589520502049, 0.16336993069866987, 0.013217493314580378, 0.7505566807817292], [0.9008061523814058, 0.009077150941827065, 0.0021953324186247125, 0.0879213642581424], [0.4394035980094732, 0.3822259495410433, 0.02518301979060224, 0.1531874326588812], [0.8570599269421769, 0.11908473645584822, 0.0013538974808782215, 0.022501439121096645], [0.9562246771476691, 0.00035780861233597613, 0.0004606287167400507, 0.042956885523255], [0.5782114837004931, 0.10563255356689774, 0.004663229121838384, 0.31149273361077073], [0.706482550212737, 0.2279216519888608, 0.0032476266594392033, 0.06234817113896287], [0.16928665007461985, 0.5946237601401929, 0.025291246529416226, 0.21079834325577101], [0.514390858572075, 0.12583999998411813, 0.16016643530705163, 0.19960270613675515], [0.8440226412500388, 0.058132216946635125, 0.03956961601252128, 0.058275525790804895], [0.05932875510740595, 0.08078230001157247, 0.005434755442022243, 0.8544541894389993], [0.3131045804256001, 0.5900428243487452, 0.0294802759226514, 0.06737231930300341], [0.7076265244358341, 0.017717765572681968, 0.01049316220740162, 0.2641625477840824], [0.4148297620610963, 0.014723557977265364, 0.013075556502134222, 0.5573711234595041], [0.03319778142518742, 0.8154136317291378, 0.10963669366210084, 0.04175189318357382], [0.32354880148718934, 0.5065366131364175, 0.01100104873362872, 0.1589135366427644], [0.17098907111154454, 0.7165903589229667, 0.027806620736785543, 0.08461394922870327], [0.818144445351915, 0.03476348961050739, 0.006087741345203683, 0.1410043236923739], [0.08594808304233924, 0.17347168360109336, 0.08189929378284393, 0.6586809395737235], [0.024284338041614537, 0.023429101441803792, 0.01304846280596739, 0.9392380977106142], [0.4146821311048872, 0.0503444163449889, 0.01571180472179742, 0.5192616478283264], [0.12945658377818411, 0.25328547871571827, 0.01992048948653152, 0.597337448019566], [0.6940803015180579, 0.1315371774985017, 0.08386764566348798, 0.09051487531995235], [0.46521983935142563, 0.46068541847986677, 0.009261080408339506, 0.06483366176036813], [0.6856724198444498, 0.2483609272501545, 0.013621226274826684, 0.05234542663056916], [0.24745902530428587, 0.3309769691813166, 0.0057498526395833565, 0.41581415287481416], [0.5801499397884332, 0.14345842609734383, 0.2690923960924634, 0.007299238021759614], [0.33635025976380234, 0.5322479606433246, 0.005026445679803295, 0.12637533391306977], [0.6591572717964942, 0.03140498469452433, 0.016035811379456155, 0.29340193212952537], [0.07083177150179101, 0.21250594827506958, 0.3218120519934568, 0.3948502282296825], [0.1684666386216203, 0.692521783700138, 0.023746940766265778, 0.11526463691197597], [0.39702410946622535, 0.014146262942060268, 0.2312499152561593, 0.357579712335555], [0.1473198843234923, 0.24257663309715088, 0.014359826069887248, 0.5957436565094696], [0.05617396449920124, 0.3782590685894191, 0.0896383076049377, 0.475928659306442], [0.4565204229677986, 0.18806808971770297, 0.049546791260925295, 0.30586469605357314], [0.3522247517329495, 0.1927984873412514, 0.16517447400714177, 0.28980228691865734], [0.24012167341147303, 0.1902259575204044, 0.31276070686554036, 0.2568916622025822], [0.6354544418780627, 0.07885506978047734, 0.031042088721819506, 0.2546483996196406], [0.5826935669911733, 0.2557918469934363, 0.018113482034288836, 0.14340110398110162], [0.13816843010301091, 0.3771159902444447, 0.01283332420728746, 0.4718822554452568], [0.4386367178825921, 0.3271220490616653, 0.0031877651925058172, 0.23105346786323666], [0.663182162935419, 0.28270626275669813, 0.009867831239482936, 0.0442437430684001], [0.922505327449884, 0.0012304748369502266, 0.009776772294403548, 0.06648742541876228], [0.42303655974055876, 0.1932863593150277, 0.013896407416904198, 0.3697806735275094], [0.2915297397015791, 0.6329904407302518, 0.05059915757182294, 0.024880661996346167], [0.9200119403880713, 0.016753898007883915, 0.013436729149148535, 0.04979743245489612], [0.652082294449756, 0.03830396603335687, 0.036146411990753996, 0.27346732752613306], [0.10937061020462552, 0.2936617212767253, 0.04820865064839033, 0.5487590178702589]]}}