{"test": {"ids": ["101109120", "113117550", "111114941", "104113550", "110115250", "112120270", "98109311", "104116441", "102110750", "110114651", "109117630", "103120340", "107114780", "104116800", "108120700", "101108621", "101108500", "99114890", "104111880", "98108580", "105117351", "104114230", "100108260", "98110230", "113120531", "113118511", "97118210", "111119150", "112117660", "99109780", "99117740", "106119260", "101108370", "102110050", "110118181", "110120700", "98108970", "103113170", "99109311", "112117461", "108116481", "101111310", "101111990", "113120780", "98108410", "99107660", "97112290", "111118810", "107116340", "105110251", "104111531", "112116990", "107113180", "106116370", "99109860", "109116040", "111118301", "110121450", "98112170", "106119990", "100107920", "108115250", "105116650", "108119510", "108121160", "113120280", "113120830", "98109230", "110114950", "99112531", "110117140", "112119320", "104114320", "106115240", "112116401", "113121810", "103110840", "102108621", "107120880", "111116100", "97116410", "110119891", "106113190", "112121030", "105112100", "113118630", "105117200", "107121540", "97107681", "105120280", "102121700", "109118161", "105113170", "108114180", "105113190", "111119290", "111119610", "105115250", "101112540", "97113260", "107117630", "110118301", "110118740", "113118820", "112120640", "113122150", "110113931", "110116290", "108118520", "99105921", "111115910", "107112850", "105117431", "101108460", "100109980", "98107210", "112116850", "110117870", "98119591", "98110810", "110121170", "101112690", "113121950", "108120060", "112120540", "107119130", "108118291", "99107950", "99107560", "101114990", "107116300", "104113170", "104111990", "103112641", "100116500", "107116980", "109118701", "100109910", "108120260", "108113760", "110117500", "101108580"], "labels": [1, 3, 0, 1, 1, 0, 1, 1, 1, 3, 0, 1, 2, 1, 2, 0, 3, 2, 3, 0, 0, 2, 3, 3, 0, 1, 2, 3, 0, 2, 2, 1, 1, 3, 1, 2, 3, 3, 1, 0, 0, 3, 2, 0, 1, 3, 1, 0, 3, 0, 0, 0, 3, 2, 2, 0, 3, 3, 3, 0, 0, 1, 1, 1, 2, 0, 3, 1, 0, 3, 3, 1, 2, 1, 0, 2, 1, 3, 1, 3, 3, 3, 0, 0, 1, 3, 3, 2, 3, 3, 1, 0, 0, 1, 3, 3, 2, 2, 2, 1, 0, 1, 3, 0, 0, 2, 1, 2, 0, 1, 2, 1, 1, 0, 1, 1, 0, 3, 1, 1, 2, 1, 3, 1, 3, 1, 3, 1, 1, 3, 0, 3, 2, 3, 2, 3, 3, 2, 1, 1, 1, 0], "predicted_labels": [0, 3, 1, 0, 1, 1, 3, 2, 1, 1, 2, 2, 1, 2, 0, 0, 2, 3, 3, 3, 3, 2, 2, 3, 3, 1, 3, 3, 3, 1, 3, 3, 0, 3, 3, 0, 3, 3, 0, 0, 0, 1, 2, 3, 1, 3, 2, 0, 3, 1, 1, 1, 1, 1, 2, 3, 0, 3, 3, 0, 0, 0, 2, 3, 0, 3, 3, 3, 1, 0, 0, 1, 2, 1, 3, 1, 3, 0, 3, 0, 3, 3, 0, 3, 3, 3, 2, 3, 0, 1, 1, 3, 0, 1, 3, 3, 1, 3, 0, 3, 1, 3, 3, 3, 2, 3, 0, 0, 1, 0, 1, 2, 1, 3, 3, 1, 3, 3, 0, 2, 3, 3, 3, 3, 0, 1, 0, 2, 2, 2, 2, 3, 2, 0, 2, 1, 0, 3, 0, 1, 0, 3], "confidence_scores": [[0.269065454077334, 0.23237906544513806, 0.2673581502009322, 0.23119733027659572], [0.20978448708161987, 0.22493269348048728, 0.2366976836043262, 0.32858513583356697], [0.24963980218418536, 0.33899052880801833, 0.24006831542042448, 0.17130135358737167], [0.5681489076180161, 0.1310881664057722, 0.10455113063440216, 0.19621179534180955], [0.1495952197387004, 0.36331073156772475, 0.23265092861830625, 0.25444312007526865], [0.21068688023863094, 0.2979358509739714, 0.2953857870483407, 0.19599148173905695], [0.24217177097864662, 0.22007402595506742, 0.18825389643986706, 0.3495003066264189], [0.16990612879226658, 0.2580787663415953, 0.29114744439670925, 0.28086766046942896], [0.16223200048666345, 0.35756926825686747, 0.2431534617165363, 0.23704526953993288], [0.3328609957876335, 0.3592799150092628, 0.11649996492890008, 0.1913591242742035], [0.24307028536802666, 0.2272916524979083, 0.30030117191857925, 0.22933689021548584], [0.18205541449611568, 0.18370059327033855, 0.3468852435610583, 0.28735874867248756], [0.15031675463290559, 0.37229288199070665, 0.2464662604349488, 0.23092410294143917], [0.25305626065265885, 0.25283549333451494, 0.2573970784614972, 0.23671116755132907], [0.3075479971652963, 0.26180209731859294, 0.2363952701247723, 0.19425463539133836], [0.32135902759959234, 0.2049720241406564, 0.2697800817751499, 0.20388886648460142], [0.12978358165245105, 0.11819009432602888, 0.4052834308732203, 0.34674289314829976], [0.22155910989956273, 0.28219637179497964, 0.12513617994877452, 0.37110833835668317], [0.16004304494274707, 0.2727160994673855, 0.17928875305804076, 0.38795210253182655], [0.21426911565225948, 0.2805318023301066, 0.143567961685834, 0.36163112033179995], [0.2355592339534554, 0.2708159844731224, 0.16867888218818475, 0.32494589938523744], [0.16431887320075664, 0.21320610396391426, 0.39676810529962603, 0.22570691753570318], [0.22541180030322272, 0.23435565271383824, 0.28935318962897505, 0.2508793573539641], [0.18216791800557303, 0.27105437337878446, 0.16679511376018477, 0.3799825948554578], [0.2580566931676306, 0.17168974671920353, 0.2665497838443403, 0.3037037762688256], [0.15136220257461275, 0.593803146432217, 0.12572084186735966, 0.12911380912581066], [0.26278919393406824, 0.2405701428477412, 0.1957322473759938, 0.3009084158421968], [0.29396151928835756, 0.276744648718732, 0.11629195381657277, 0.3130018781763378], [0.3048781006103133, 0.17477460021643448, 0.13513182381168182, 0.3852154753615704], [0.1631645270261092, 0.397677406390811, 0.2257629010012669, 0.21339516558181293], [0.2845457482653666, 0.24835310060993063, 0.16225405970291373, 0.30484709142178906], [0.17488408292391908, 0.21014819677491314, 0.24280078192288432, 0.37216693837828363], [0.3384954013199254, 0.22484430663765698, 0.19143702589109898, 0.24522326615131865], [0.294443682570873, 0.24916484072702974, 0.14867648017285745, 0.3077149965292399], [0.28881265835899517, 0.2373096621302449, 0.13040334287215993, 0.3434743366386001], [0.32670503779583027, 0.1755654426365626, 0.23323800456259566, 0.2644915150050115], [0.15673889431626983, 0.25616118533599463, 0.27500234271333257, 0.312097577634403], [0.20277414668115226, 0.2755447723535679, 0.15936161547480607, 0.3623194654904738], [0.32279328788666245, 0.27333522448409475, 0.1319862091927135, 0.27188527843652927], [0.3352991863364523, 0.28163224844619317, 0.11506281087839833, 0.26800575433895624], [0.309815950776238, 0.2622006002840548, 0.1596617072919906, 0.26832174164771655], [0.24270005556380322, 0.31085158950809044, 0.19304771099177298, 0.25340064393633344], [0.2011366990993907, 0.26781272150631646, 0.3156996505325631, 0.21535092886172968], [0.2377797813866517, 0.3056709572371615, 0.12100119867152981, 0.3355480627046571], [0.1751171991258461, 0.4870448635403397, 0.18485535851876242, 0.15298257881505187], [0.19887192969520398, 0.21636729566487395, 0.2553043865019452, 0.329456388137977], [0.244172066756863, 0.22781952604990952, 0.290689088403313, 0.2373193187899145], [0.35774504337335383, 0.2664930971321107, 0.12318531796956463, 0.25257654152497083], [0.14483635786739363, 0.3166012852872744, 0.12787332241411847, 0.41068903443121363], [0.31350479301509837, 0.3238197105487103, 0.10760821233397329, 0.25506728410221824], [0.260120257744166, 0.43397629445175817, 0.09987103802282009, 0.20603240978125578], [0.20325608985522936, 0.3472293065626243, 0.19417491620293845, 0.2553396873792076], [0.27257777466316874, 0.29679269736189157, 0.2169474892341327, 0.2136820387408071], [0.23463268306359233, 0.29625304272404834, 0.20336397500901193, 0.2657502992033474], [0.15760691215369566, 0.24918446877302658, 0.3147375505741213, 0.2784710684991564], [0.1673496990958023, 0.3178511445165433, 0.15181005188368704, 0.3629891045039677], [0.30339930954743694, 0.26297824594338354, 0.14458471171565987, 0.2890377327935196], [0.18510835551277932, 0.1666741608523761, 0.12412334488109268, 0.524094138753752], [0.17038728883385598, 0.14699199451934802, 0.11487174403263231, 0.5677489726141637], [0.4111847205230509, 0.2703401664112779, 0.12393437143334404, 0.1945407416323273], [0.47251134869250966, 0.25784945655416036, 0.09211526286836871, 0.17752393188496135], [0.462553068971816, 0.22524318304965213, 0.12439130667776599, 0.18781244130076613], [0.2501870476367919, 0.15706740861348656, 0.3140970916206446, 0.2786484521290769], [0.24439232636436717, 0.1499824388967533, 0.23316744913659965, 0.37245778560228004], [0.30658592604324614, 0.1924178877511004, 0.2713981004356636, 0.22959808576998997], [0.2465367227891001, 0.18810293939147021, 0.14440501337940367, 0.4209553244400261], [0.19479260903978365, 0.2224512140209768, 0.1552112486420805, 0.42754492829715895], [0.21345565368432384, 0.2790969718511646, 0.20406877534566292, 0.30337859911884857], [0.2577680363669533, 0.36158585548313693, 0.1865090583741807, 0.19413704977572924], [0.4146226695831821, 0.2170589524622538, 0.12032829205913151, 0.24799008589543242], [0.2900233506141323, 0.2753701630439139, 0.15977905871090284, 0.27482742763105095], [0.2744358216697226, 0.3148260332816578, 0.1356835702207898, 0.27505457482782986], [0.11615485678172711, 0.34953536205049623, 0.3531971035023341, 0.1811126776654425], [0.18154114589777792, 0.3651001411620505, 0.13855052368840656, 0.31480818925176524], [0.22261985853342192, 0.27979510610361147, 0.17668686578528647, 0.32089816957768014], [0.2793891037414091, 0.3214525504049124, 0.1982545935006014, 0.2009037523530774], [0.18372812614608985, 0.3026439072287142, 0.17639081240968302, 0.3372371542155129], [0.5415981386256459, 0.2389092211060507, 0.08864985108242382, 0.1308427891858795], [0.1958924899665277, 0.21867647414694136, 0.22440654916557387, 0.3610244867209571], [0.4598842268717766, 0.20139354219957145, 0.1173365048215699, 0.221385726107082], [0.20681059115278982, 0.2642609122789685, 0.19745569909785118, 0.3314727974703905], [0.25014404531659284, 0.1664272460772068, 0.10420762518877462, 0.47922108341742575], [0.4939035728669106, 0.25758556300132257, 0.14514225105286202, 0.10336861307890484], [0.1770873266837778, 0.292099457556957, 0.1552827339022392, 0.3755304818570262], [0.22045328003999193, 0.22395535946629858, 0.18063047554031367, 0.37496088495339597], [0.1673581989465734, 0.29163579102371123, 0.23879836296706705, 0.30220764706264835], [0.2730129276563468, 0.2392251984220265, 0.28705056033071946, 0.20071131359090716], [0.2718643192598095, 0.29451785925309537, 0.11157303363120441, 0.32204478785589086], [0.3530272466945097, 0.206905602256368, 0.12820624058100105, 0.3118609104681213], [0.16317616433371304, 0.39576393688043043, 0.15233246624111688, 0.2887274325447396], [0.14795410967824318, 0.47842888575916165, 0.1469819938569568, 0.22663501070563832], [0.2306109933918965, 0.2319648484105557, 0.17016891483059735, 0.3672552433669504], [0.392459099898797, 0.2825696400905777, 0.13244199689358777, 0.19252926311703739], [0.15111582937821927, 0.5010456110165671, 0.20242449515136637, 0.1454140644538473], [0.1853666719661569, 0.1895971385766549, 0.10616455880691335, 0.518871630650275], [0.1227515794370963, 0.2447444481474361, 0.09340574204206961, 0.539098230373398], [0.24134877126332685, 0.3113036933670757, 0.1385314936983588, 0.3088160416712388], [0.20731714986007355, 0.240481132592665, 0.12330425189344978, 0.42889746565381165], [0.4677639498173738, 0.13430090856444302, 0.14354325665419818, 0.25439188496398496], [0.17413465058378666, 0.231960993074245, 0.2633229767051842, 0.3305813796367841], [0.17718449878818954, 0.28716970385092355, 0.27500031979574957, 0.26064547756513745], [0.21299365837680753, 0.13743844386827234, 0.06482077979975659, 0.5847471179551635], [0.22921866986892034, 0.1435255301525009, 0.18789027464506827, 0.4393655253335106], [0.2110287698359773, 0.28160575886863165, 0.11416358322781169, 0.39320188806757944], [0.18313395708754462, 0.24979407233117012, 0.29570032252555073, 0.2713716480557347], [0.21990343465940315, 0.22560811569262623, 0.2429165323120681, 0.31157191733590245], [0.3964259167528821, 0.2078550590971453, 0.12546497361476697, 0.2702540505352056], [0.30751506685332625, 0.24812365844133624, 0.16652078464152717, 0.2778404900638104], [0.16842084158983636, 0.34687630742460174, 0.2693577392794882, 0.21534511170607365], [0.4512073562878619, 0.2722396896958888, 0.10347019186942201, 0.17308276214682733], [0.20282508639143776, 0.42491698376990683, 0.13169996940467488, 0.24055796043398045], [0.29802223816658185, 0.18488706508594308, 0.34462213866986785, 0.1724685580776073], [0.1616035817241378, 0.33778000759933463, 0.2351234128660613, 0.2654929978104663], [0.20762438453877471, 0.3056117192874873, 0.15766754249802986, 0.3290963536757083], [0.1418073114136251, 0.3133700060126231, 0.14486795701557664, 0.3999547255581753], [0.17168841959453143, 0.40958670776470196, 0.13956041435765326, 0.27916445828311337], [0.20848787019433884, 0.25512770286778574, 0.14756150622481343, 0.3888229207130621], [0.2554202750303314, 0.22071711128753224, 0.2603233812272474, 0.2635392324548889], [0.5102620314393775, 0.15808566615492492, 0.13211255255638338, 0.19953974984931405], [0.13367688608358985, 0.32906964191207666, 0.38185078100137293, 0.15540269100296067], [0.27033764527932685, 0.27539235523203576, 0.17081164096561668, 0.28345835852302076], [0.1941351772670875, 0.2616797596199941, 0.13641646897379098, 0.40776859413912747], [0.2670651229771948, 0.23101980751227677, 0.20897328814601068, 0.29294178136451765], [0.13996374941886094, 0.3089965940556445, 0.19922901718760208, 0.3518106393378925], [0.2819077904375702, 0.20970817987576637, 0.27236306882782413, 0.23602096085883936], [0.17346619283965528, 0.349702866582831, 0.2151058043099891, 0.26172513626752475], [0.39569184255657985, 0.2122567376733058, 0.14056275787765535, 0.25148866189245905], [0.19847079748705646, 0.1801561738335657, 0.4201941599248192, 0.2011788687545588], [0.16446088538666515, 0.27025400813190736, 0.2843959403173088, 0.2808891661641187], [0.11498012267966068, 0.24768673817662828, 0.4293909420717142, 0.20794219707199693], [0.23271414208587132, 0.261697805354164, 0.27776672042081035, 0.22782133213915431], [0.18809907600174167, 0.24943647793737, 0.19999792346923093, 0.36246652259165757], [0.1478446806790989, 0.27519777701831355, 0.3407825335390215, 0.23617500876356612], [0.31411363318776686, 0.2112356917377486, 0.20233746298353122, 0.2723132120909533], [0.24105874726299062, 0.2045610920956357, 0.3114408904771536, 0.2429392701642201], [0.21176626755171704, 0.3348435321660909, 0.1549140016517084, 0.29847619863048364], [0.3589892770121766, 0.2750711957451679, 0.11446096835802315, 0.25147855888463244], [0.11018294477589967, 0.19513439278737796, 0.1756976388091789, 0.5189850236275436], [0.3196078506648021, 0.2299231619530075, 0.20780374158933262, 0.24266524579285778], [0.18760545129856832, 0.37857536162997957, 0.17736296560877574, 0.2564562214626766], [0.34137318620863455, 0.2690164248735788, 0.15075822355493249, 0.23885216536285406], [0.189469995397085, 0.24494940845853694, 0.19002236373172654, 0.37555823241265135]]}, "rewritten": {"ids": ["97107681", "97112290", "97113260", "97116410", "97118210", "98107210", "98108410", "98108580", "98108970", "98109230", "98109311", "98110230", "98110810", "98112170", "98119591", "99105921", "99107560", "99107660", "99107950", "99109311", "99109780", "99109860", "99112531", "99114890", "99117740", "100107920", "100108260", "100109910", "100109980", "100116500", "101108370", "101108460", "101108500", "101108580", "101108621", "101109120", "101111310", "101111990", "101112540", "101112690", "101114990", "102108621", "102110050", "102110750", "102121700", "103110840", "103112641", "103113170", "103120340", "104111531", "104111880", "104111990", "104113170", "104113550", "104114230", "104114320", "104116441", "104116800", "105110251", "105112100", "105113170", "105113190", "105115250", "105116650", "105117200", "105117351", "105117431", "105120280", "106113190", "106115240", "106116370", "106119260", "106119990", "107112850", "107113180", "107114780", "107116300", "107116340", "107116980", "107117630", "107119130", "107120880", "107121540", "108113760", "108114180", "108115250", "108116481", "108118291", "108118520", "108119510", "108120060", "108120260", "108120700", "108121160", "109116040", "109117630", "109118161", "109118701", "110113931", "110114651", "110114950", "110115250", "110116290", "110117140", "110117500", "110117870", "110118181", "110118301", "110118740", "110119891", "110120700", "110121170", "110121450", "111114941", "111115910", "111116100", "111118301", "111118810", "111119150", "111119290", "111119610", "112116401", "112116850", "112116990", "112117461", "112117660", "112119320", "112120270", "112120540", "112120640", "112121030", "113117550", "113118511", "113118630", "113118820", "113120280", "113120531", "113120780", "113120830", "113121810", "113121950", "113122150"], "labels": [3, 1, 1, 3, 2, 1, 1, 0, 3, 1, 1, 3, 1, 3, 1, 1, 1, 3, 1, 1, 2, 2, 3, 2, 2, 0, 3, 2, 1, 2, 1, 0, 3, 0, 0, 1, 3, 2, 2, 1, 3, 3, 3, 1, 1, 1, 3, 3, 1, 0, 3, 2, 3, 1, 2, 2, 1, 1, 0, 1, 0, 3, 2, 1, 3, 0, 1, 3, 0, 1, 2, 1, 0, 1, 3, 2, 0, 3, 3, 0, 1, 1, 2, 1, 1, 1, 0, 3, 0, 1, 1, 1, 2, 2, 0, 0, 0, 3, 1, 3, 0, 1, 2, 3, 1, 3, 1, 1, 3, 3, 2, 2, 3, 0, 2, 3, 3, 0, 3, 3, 2, 0, 0, 0, 0, 0, 1, 0, 3, 0, 0, 3, 1, 3, 0, 0, 0, 0, 3, 2, 3, 2], "predicted_labels": [0, 0, 3, 0, 0, 1, 1, 0, 2, 2, 0, 1, 2, 3, 1, 0, 1, 3, 2, 0, 2, 2, 1, 3, 3, 1, 1, 2, 2, 0, 0, 1, 2, 1, 3, 1, 1, 3, 3, 2, 2, 1, 1, 1, 3, 0, 1, 1, 3, 3, 3, 1, 0, 0, 2, 1, 1, 2, 1, 0, 1, 3, 3, 1, 2, 1, 2, 1, 1, 3, 1, 2, 0, 1, 3, 2, 1, 1, 1, 1, 0, 2, 1, 0, 1, 1, 3, 3, 3, 3, 1, 1, 0, 1, 2, 0, 3, 1, 3, 0, 0, 0, 1, 0, 1, 1, 1, 1, 3, 2, 1, 1, 3, 3, 1, 2, 3, 1, 1, 1, 1, 3, 1, 1, 3, 1, 2, 2, 2, 1, 1, 3, 1, 1, 3, 2, 1, 1, 3, 1, 1, 3], "confidence_scores": [[0.310516442033252, 0.2220027447466367, 0.17411880772998897, 0.29336200549012237], [0.3329690991445738, 0.28413286226799606, 0.16306628542825224, 0.21983175315917816], [0.31778211200948114, 0.20607675214519164, 0.14519973492652524, 0.33094140091880214], [0.3835398205209899, 0.2572521297060365, 0.1853739122027433, 0.17383413757023028], [0.3668287676711053, 0.21129411859161604, 0.17215443750369125, 0.24972267623358751], [0.15917890208825553, 0.32391074708052436, 0.25437086126990754, 0.2625394895613127], [0.12023369246054401, 0.46267128573044647, 0.20057604854118652, 0.216518973267823], [0.3392018501199612, 0.15385230694108204, 0.27109615888336847, 0.2358496840555883], [0.1812107964182925, 0.31188849141718444, 0.39748847944961324, 0.10941223271491002], [0.25415031123754234, 0.19194541819999789, 0.307054212791128, 0.24685005777133195], [0.3306156110415826, 0.1653139854662925, 0.19964680577686938, 0.3044235977152556], [0.20177574511829682, 0.30785448423451994, 0.18663329580281246, 0.3037364748443708], [0.2875211455844256, 0.25952720783105443, 0.3264345678428655, 0.12651707874165438], [0.17263887753064974, 0.13161682625962587, 0.09747115247229436, 0.59827314373743], [0.291356277555536, 0.3620755826508459, 0.14952683877002595, 0.19704130102359219], [0.3565769407627224, 0.338797466947533, 0.1076159324871482, 0.19700965980259644], [0.12095879809620498, 0.5248533227770684, 0.19860675262556168, 0.1555811265011647], [0.20129776717666348, 0.1605938661711978, 0.27815969690859027, 0.35994866974354855], [0.26350871320581937, 0.22728089982808422, 0.277406640226146, 0.2318037467399505], [0.41244471818002065, 0.21502873211270138, 0.15865750843135826, 0.2138690412759198], [0.2031975528419019, 0.29729179407413076, 0.3062515057404552, 0.19325914734351218], [0.1554261975557588, 0.25447282578953234, 0.3254145470002131, 0.2646864296544957], [0.26253012679028875, 0.3213792053398282, 0.14965005489360078, 0.2664406129762821], [0.20153322245585203, 0.31231936888222195, 0.16250829503050251, 0.32363911363142345], [0.19255660512818099, 0.1524556321698279, 0.11852591056975076, 0.5364618521322403], [0.25557235797442013, 0.43927784795168556, 0.09578430884045117, 0.20936548523344328], [0.18549376249083346, 0.36090952401139026, 0.1708558649419391, 0.28274084855583725], [0.11176162322057037, 0.27452384872608215, 0.4782014450524336, 0.1355130830009139], [0.1933887433967576, 0.22828633018109148, 0.31952098452143834, 0.2588039419007125], [0.3517284523374289, 0.2688862627330743, 0.2578661280796493, 0.12151915684984745], [0.2573613252588526, 0.24514204057823902, 0.24554581454722332, 0.25195081961568505], [0.21643835032038428, 0.34066792486034886, 0.15443828546264188, 0.2884554393566249], [0.16693867191501338, 0.20276440981720717, 0.410007826228612, 0.2202890920391675], [0.30949686123156045, 0.32162845597579387, 0.09175331957638985, 0.277121363216256], [0.2570442574640122, 0.30617711577794965, 0.12964487029468177, 0.3071337564633565], [0.27718864719844416, 0.320138393647606, 0.2442091454008125, 0.15846381375313742], [0.25668148103526345, 0.3166236222238241, 0.28100006810524897, 0.14569482863566355], [0.2016520022165986, 0.25426104597700044, 0.23250519203249306, 0.311581759773908], [0.25163796876635847, 0.21976192285307258, 0.2109014597693887, 0.31769864861118025], [0.16681166857101545, 0.272285842690805, 0.3312724624430909, 0.2296300262950887], [0.18555604074713827, 0.23659863079805063, 0.3520816754906683, 0.22576365296414286], [0.24557319837280084, 0.33452118700779915, 0.19883036191146003, 0.2210752527079401], [0.2378180077053254, 0.2921451041569151, 0.18385409326838228, 0.28618279486937725], [0.13413642798645117, 0.3206630798294525, 0.2701394628976204, 0.27506102928647597], [0.241627631232248, 0.23687536851662336, 0.2133015518829142, 0.3081954483682144], [0.32057284928618, 0.14232199155665184, 0.232461181306213, 0.3046439778509553], [0.28815464584463857, 0.2900985693961383, 0.17087460656836326, 0.2508721781908599], [0.2619540122751549, 0.29157099221482796, 0.27220679620960736, 0.1742681993004098], [0.19546087459230985, 0.22627182405436716, 0.22121343330513923, 0.35705386804818384], [0.23130708703647368, 0.30079388561418263, 0.14783208679334336, 0.3200669405560003], [0.13040978397431707, 0.25028049133613495, 0.24672631458245795, 0.37258341010709023], [0.1932471411864676, 0.3238725384105728, 0.26325672872093275, 0.21962359168202683], [0.3407606711944015, 0.25745039021109845, 0.16845017680158988, 0.23333876179291002], [0.3292753188198341, 0.27392119723798664, 0.16300590498039133, 0.23379757896178793], [0.22796219471192647, 0.22405302661298723, 0.32876802679958844, 0.21921675187549794], [0.21419320653862378, 0.3633230652441126, 0.26512687360860715, 0.15735685460865662], [0.21033610776569955, 0.5015601526262428, 0.1634952141474695, 0.12460852546058807], [0.1704615170846828, 0.2161206288678714, 0.4371802675857676, 0.17623758646167811], [0.26320683866656336, 0.3851988513022347, 0.17944630122574148, 0.17214800880546047], [0.4098075054769565, 0.21557504043928424, 0.11593470027926027, 0.25868275380449907], [0.222280110966219, 0.32778201937791857, 0.216811491558501, 0.23312637809736142], [0.16481607706923088, 0.21334919304986572, 0.12432467554872167, 0.4975100543321819], [0.18272801196752758, 0.27277596752005007, 0.11857275016406028, 0.425923270348362], [0.2504798723431505, 0.3622978225480665, 0.17083863838362895, 0.21638366672515424], [0.2362069678146825, 0.13449024677236127, 0.48210466789453044, 0.1471981175184259], [0.28516768116864144, 0.31456878666643034, 0.14922923671739743, 0.25103429544753075], [0.19713196560192822, 0.21855113697323109, 0.37423634295055525, 0.21008055447428553], [0.09444898076164139, 0.5217154328777209, 0.2518613952463916, 0.13197419111424616], [0.21999708274737953, 0.3063578647369512, 0.29948909978676697, 0.1741559527289022], [0.24348780546631985, 0.2870531205646549, 0.17664004715775614, 0.292819026811269], [0.19727540369102298, 0.3710216141718773, 0.21630574825098436, 0.21539723388611545], [0.15109451732822463, 0.17044844739375856, 0.41466820990566805, 0.2637888253723487], [0.2792729579257292, 0.22254641690560364, 0.27184918286919263, 0.22633144229947444], [0.18487749787651972, 0.38203366268151523, 0.23212273633998728, 0.20096610310197793], [0.14749728886600633, 0.25154396468000056, 0.2976803249535546, 0.3032784215004385], [0.09618958600596314, 0.29426234351420194, 0.4908163274614623, 0.1187317430183726], [0.19034748401994958, 0.29133379040838764, 0.2545104393723857, 0.2638082861992771], [0.10127698150082577, 0.46976686980615273, 0.10927378470116, 0.31968236399186156], [0.17719596942506, 0.4851258764830688, 0.10253726117038238, 0.2351408929214891], [0.23208667239255715, 0.275075872321421, 0.26327667085786094, 0.22956078442816097], [0.35973720385871005, 0.319305233078227, 0.18123231614521537, 0.13972524691784752], [0.21183726491225777, 0.1791759298844545, 0.38047326801555115, 0.22851353718773673], [0.15098577379110203, 0.33987460572642764, 0.33759662975106625, 0.1715429907314041], [0.3684679783206045, 0.26156763998547944, 0.1896638279254981, 0.18030055376841783], [0.20159630867174885, 0.4496933160615672, 0.13322845211312426, 0.2154819231535597], [0.21109782566531418, 0.45782633691887936, 0.1149592224175228, 0.21611661499828352], [0.2807179799242514, 0.18703990870876425, 0.11472874639638822, 0.4175133649705962], [0.2699550680431455, 0.2745354381459772, 0.16708766438103584, 0.28842182942984146], [0.1467452066703555, 0.11686568339624291, 0.3672312354984548, 0.36915787443494674], [0.21714493202542814, 0.2789527842796512, 0.2032026348821813, 0.30069964881273936], [0.2324443344129669, 0.3415743223029254, 0.2971276431665045, 0.12885370011760305], [0.19662546517362792, 0.3589573016850366, 0.19767597343752952, 0.24674125970380617], [0.39032321813308635, 0.19206023752777393, 0.22375179609867135, 0.19386474824046834], [0.2040611777483427, 0.32877089834253465, 0.3143719178006651, 0.15279600610845753], [0.1687114586944222, 0.2419736338475443, 0.35307543275020825, 0.23623947470782541], [0.3092048128095476, 0.22606541155543297, 0.29383031943373794, 0.17089945620128133], [0.19677370316608436, 0.3430018015870624, 0.09779036179285622, 0.3624341334539972], [0.280578856504005, 0.3059752322500121, 0.1424452662659678, 0.27100064498001497], [0.22648067445867848, 0.28042983190908044, 0.1065132303852449, 0.3865762632469961], [0.3525033421857239, 0.28370617037617135, 0.19040808001772438, 0.17338240742038036], [0.3040409194981663, 0.17254448233140424, 0.23182091838159205, 0.2915936797888374], [0.2688148546291541, 0.24285875921509906, 0.2356700126104652, 0.2526563735452817], [0.23245918994107836, 0.33787523940195613, 0.15241271897259673, 0.27725285168436875], [0.3109275564121891, 0.2979935910880741, 0.14389425085933627, 0.24718460164040051], [0.28015722840511065, 0.30922564189825913, 0.15906947007762046, 0.25154765961900966], [0.16504393595711464, 0.42204343622615603, 0.27359586970944766, 0.1393167581072819], [0.28475800629536596, 0.33906521472476886, 0.14101100503450772, 0.2351657739453576], [0.31505967084968867, 0.31720679804147117, 0.14406639046492892, 0.22366714064391116], [0.24201268551575447, 0.25681132927614214, 0.17471308206876407, 0.32646290313933923], [0.21298004636701331, 0.27682809870106756, 0.29944185143024427, 0.2107500035016749], [0.2523685589781161, 0.2897284940560762, 0.23687335881071547, 0.22102958815509222], [0.21304338217228228, 0.33160748769197423, 0.18661232205115205, 0.26873680808459155], [0.24845452301963858, 0.17786420947539502, 0.1323566878119418, 0.4413245796930247], [0.24716732611736322, 0.23428884150318693, 0.16159274672201174, 0.35695108565743827], [0.2507007137074613, 0.36965729427701716, 0.20875284837477018, 0.1708891436407515], [0.15727219347980495, 0.26578993927309436, 0.38328135960891907, 0.1936565076381816], [0.24090146992157505, 0.19393967887253724, 0.20479115810520052, 0.36036769310068717], [0.26036965197868384, 0.32879131479517393, 0.13782573075934676, 0.2730133024667956], [0.12229174569310455, 0.447664655796793, 0.1698984894493321, 0.2601451090607705], [0.24104651454294374, 0.4166553566326985, 0.1491767315682863, 0.19312139725607153], [0.2249588338083211, 0.3610052181157351, 0.13637356805915765, 0.2776623800167863], [0.2504270551548074, 0.220508904642964, 0.1738075570351049, 0.35525648316712366], [0.19598632203415717, 0.3995641270802834, 0.11100762214696758, 0.29344192873859193], [0.15585017162451206, 0.3076802880122305, 0.2772363863419484, 0.2592331540213092], [0.22013207965164003, 0.18366984914010148, 0.2802242622086221, 0.31597380899963645], [0.19364297185600615, 0.420054173240475, 0.18888486700763854, 0.19741798789588028], [0.18076157906922802, 0.29271948212494364, 0.32835134262605425, 0.1981675961797741], [0.19760311287617568, 0.2759517184589572, 0.35727988918395953, 0.16916527948090754], [0.18573944484226004, 0.16216187906672666, 0.3623667298611316, 0.2897319462298818], [0.20291793910998382, 0.36899804960891736, 0.15783927574152737, 0.2702447355395714], [0.27658599425870606, 0.34800263806725446, 0.2218308107394825, 0.15358055693455708], [0.20082984280212338, 0.21239077836107997, 0.27750845462473506, 0.3092709242120616], [0.16645954098018872, 0.4524364496174144, 0.16864884282170975, 0.21245516658068717], [0.16078396720604063, 0.5564903155765789, 0.11886780576190659, 0.163857911455474], [0.2723291452901849, 0.23300520206676992, 0.17936063925321974, 0.31530501338982564], [0.22737819731743253, 0.20640427220644184, 0.30343421864916226, 0.26278331182696335], [0.2502227338444186, 0.2972466150831783, 0.19225089632033032, 0.26027975475207266], [0.23480119063245627, 0.4092672626722738, 0.14270909094575593, 0.21322245574951407], [0.231904451607296, 0.31780756942997906, 0.11601459147960622, 0.3342733874831187], [0.19995145143613494, 0.39512972886948794, 0.1592910550679072, 0.24562776462646996], [0.2535690596298208, 0.3704331885598753, 0.20710632402850152, 0.16889142778180244], [0.26447162512293876, 0.21152518774985982, 0.15065774225613757, 0.3733454448710639]]}}