{"test": {"ids": ["109118231", "110113591", "107112850", "107114280", "105112130", "110116501", "109116750", "97107920", "107113260", "105116441", "101112540", "110119300", "105113190", "109119450", "111117000", "112116850", "105110091", "108120700", "107120260", "102116500", "112117571", "102109910", "112119320", "111114321", "105119550", "110114950", "100109330", "110121500", "99112531", "104117630", "97112170", "110119030", "109120621", "104118070", "101108500", "108118291", "105113260", "113121010", "110121720", "100109890", "103110760", "101114990", "108120260", "112117660", "100108080", "111117200", "107116980", "103113640", "110121450", "110115710", "98117740", "106113190", "112116900", "113119320", "111118810", "102110890", "101108460", "112118930", "98111860", "99108080", "100111380", "107117010", "103111830", "107114490", "111119150", "103117461", "105120280", "113121950", "108118060", "108116501", "111118820", "101110200", "104114410", "100120010", "113117340", "103110050", "110120531", "109121351", "109117150", "100109910", "112117431", "97106820", "113118490", "108114200", "113120780", "112118581", "113122120", "99108010", "111121190", "97109570", "107116340", "98116500", "100112060", "106120290", "107112840", "105111990", "101109000", "111116090", "99116500", "107113170", "112119120", "103110220", "101111310", "113122190", "104111620", "113118620", "112116540", "111116411", "113122150", "104114320", "107114950", "107114140", "102113350", "112121430", "102114270", "113120260", "98107010", "98110680", "106113360", "109120560", "108113700", "99117740", "103111620", "98107340", "105121190", "100109000", "106113170", "97106600", "100111620", "109116040", "102113210", "113121220", "105113620", "100107920", "103113270", "102111990", "113120640", "111116110", "98112170", "97106000", "99109311", "98112580"], "labels": [1, 0, 1, 3, 1, 3, 0, 0, 0, 1, 2, 1, 3, 3, 0, 0, 0, 2, 1, 1, 3, 2, 1, 1, 1, 0, 0, 3, 3, 0, 0, 0, 1, 2, 3, 3, 3, 2, 3, 3, 1, 3, 1, 0, 0, 0, 3, 1, 3, 2, 2, 0, 3, 1, 0, 0, 0, 1, 0, 3, 3, 1, 3, 3, 3, 0, 3, 3, 1, 0, 0, 2, 1, 0, 2, 3, 0, 0, 2, 2, 0, 1, 1, 0, 0, 1, 1, 2, 1, 0, 3, 2, 2, 2, 1, 2, 1, 3, 2, 0, 1, 2, 3, 1, 0, 3, 1, 0, 2, 2, 3, 2, 3, 2, 3, 3, 3, 2, 0, 1, 0, 2, 0, 0, 2, 1, 0, 3, 3, 0, 3, 3, 0, 0, 2, 2, 0, 3, 3, 0, 1, 2], "predicted_labels": [0, 1, 3, 1, 1, 3, 2, 0, 3, 1, 3, 1, 1, 1, 3, 3, 3, 3, 1, 1, 1, 0, 3, 1, 1, 3, 0, 1, 3, 1, 1, 3, 0, 1, 1, 0, 1, 1, 1, 3, 3, 3, 0, 0, 3, 1, 0, 0, 3, 0, 0, 3, 2, 3, 1, 3, 1, 3, 1, 1, 1, 2, 3, 1, 2, 3, 3, 3, 3, 2, 0, 3, 0, 1, 3, 1, 3, 1, 1, 1, 0, 3, 1, 3, 3, 3, 1, 1, 2, 3, 2, 1, 1, 1, 1, 0, 3, 3, 1, 1, 3, 1, 3, 1, 1, 1, 1, 0, 1, 1, 3, 1, 2, 0, 1, 3, 3, 3, 1, 1, 0, 3, 2, 2, 1, 3, 1, 3, 1, 3, 3, 3, 1, 1, 1, 0, 3, 3, 1, 1, 2, 1], "confidence_scores": [[0.2805583606938519, 0.2591095312239066, 0.22782900396528552, 0.23250310411695602], [0.15393894954930612, 0.4658818912934563, 0.14205748382722755, 0.23812167533001], [0.1946902038963266, 0.298446771913282, 0.14877923685908181, 0.35808378733130963], [0.18690157587543688, 0.3898295370411991, 0.10113650685001133, 0.3221323802333527], [0.19176555695701264, 0.568531839728978, 0.09332911156440314, 0.14637349174960626], [0.1940545300166641, 0.2654556508492069, 0.11925672578590234, 0.42123309334822656], [0.19300944289378505, 0.21852711132134744, 0.48077035645125216, 0.10769308933361552], [0.5912782044125936, 0.2031795185094512, 0.08671110153733054, 0.11883117554062474], [0.18230376434970008, 0.26502737803979803, 0.12850629872241787, 0.4241625588880841], [0.14768526666291287, 0.5284382613775591, 0.15414199754254473, 0.16973447441698314], [0.15115827810328947, 0.1693076520163572, 0.275260838703562, 0.4042732311767915], [0.19111319272959815, 0.37696371683317065, 0.21539287892830838, 0.21653021150892285], [0.21709804240178526, 0.5144212080091358, 0.10950499380230887, 0.15897575578677012], [0.2552802312364294, 0.3144830353541955, 0.15646708452683278, 0.2737696488825426], [0.2495418340094732, 0.2855308773827839, 0.12733511918489962, 0.3375921694228435], [0.13611526399612606, 0.2207933598753024, 0.1430983163202867, 0.49999305980828473], [0.18259940083552184, 0.3116683018467154, 0.17877019928125762, 0.3269620980365052], [0.06331476997681305, 0.1493677131449275, 0.04335645363284272, 0.7439610632454168], [0.1431433301364896, 0.6363704350192539, 0.09433261664971077, 0.1261536181945458], [0.1649829264201883, 0.41037418934631453, 0.2238093453016625, 0.20083353893183467], [0.16127669436677505, 0.5195691939286599, 0.08738455782227636, 0.23176955388228868], [0.4473654980111432, 0.2222648035260453, 0.1470969478033893, 0.18327275065942197], [0.23901511207197865, 0.2660830794486425, 0.2258324150158378, 0.26906939346354114], [0.25811054047101917, 0.2994212798573689, 0.18821284566286708, 0.2542553340087449], [0.22234943613522526, 0.32295762667466704, 0.14274168490122222, 0.31195125228888543], [0.2554915970366887, 0.284775969661952, 0.13477780365794376, 0.3249546296434154], [0.4036740648526686, 0.2634312335584173, 0.17553191228770812, 0.1573627893012059], [0.2607919179929797, 0.3348796263451642, 0.12867295652310762, 0.2756554991387485], [0.1373384520621813, 0.19338665122411952, 0.08882336410539292, 0.5804515326083063], [0.266161783002801, 0.2993644709880501, 0.1946872127267627, 0.2397865332823863], [0.31202195074606603, 0.41879364398238567, 0.11144785086771536, 0.15773655440383277], [0.18543895693821003, 0.303193560439809, 0.13413666286319426, 0.37723081975878686], [0.4004126332970267, 0.17150580314517483, 0.12465864490251773, 0.3034229186552807], [0.237753621293877, 0.3753746704798985, 0.15871681579670016, 0.22815489242952447], [0.2591993844358898, 0.38307081826485856, 0.13042212924719013, 0.2273076680520617], [0.38690166615195204, 0.19371948562101582, 0.24812615176855488, 0.17125269645847735], [0.2035164402198468, 0.3734116861460221, 0.12932643895131327, 0.29374543468281794], [0.17133721216217598, 0.34961979620909556, 0.13873411820821685, 0.3403088734205116], [0.23180989291331888, 0.4548723128386355, 0.1426866000690704, 0.17063119417897524], [0.16181057768414187, 0.28301483035685693, 0.26082874319840105, 0.29434584876060016], [0.18945923893591932, 0.33769206382495603, 0.10292858961898192, 0.36992010762014266], [0.24970046759940087, 0.2733778315671979, 0.12059595119864434, 0.35632574963475694], [0.5186849053652117, 0.12740019245748438, 0.17638634507631654, 0.17752855710098722], [0.6434189051908576, 0.14714789346844123, 0.07335349042978481, 0.13607971091091628], [0.1469589450518475, 0.2000490952657743, 0.08126301269362904, 0.5717289469887492], [0.19112873280627557, 0.3569043623865688, 0.14891085566977483, 0.30305604913738077], [0.41686594822356204, 0.15341141236840308, 0.09946718844288116, 0.33025545096515374], [0.5080736593302271, 0.1256460803467872, 0.1078363576271581, 0.2584439026958278], [0.19747386020142485, 0.28515141327291843, 0.1255445256768124, 0.39183020084884435], [0.27731008179806377, 0.2673224892089809, 0.1784346127589815, 0.2769328162339738], [0.32337467382742646, 0.2757115411006218, 0.18324264257222161, 0.2176711424997303], [0.17465156416208596, 0.32627549302916525, 0.10698192667951491, 0.39209101612923364], [0.2677798608085205, 0.2157429357200255, 0.29974913032094835, 0.21672807315050568], [0.3004855643223262, 0.19016639276620398, 0.19246455127712417, 0.31688349163434576], [0.20475798436827128, 0.345256247710365, 0.12247674626554318, 0.3275090216558205], [0.17591720083473436, 0.2692076084144291, 0.27007708459614516, 0.2847981061546915], [0.1483415962084507, 0.3613397241564878, 0.32545604519294824, 0.16486263444211346], [0.2511677609541582, 0.2545735472526293, 0.17992305997855987, 0.31433563181465257], [0.12494393196841552, 0.3419599540172674, 0.24134270737211827, 0.29175340664219884], [0.28215412512926924, 0.49867303713520417, 0.08844843455260364, 0.13072440318292292], [0.18096877796291128, 0.3631890160692864, 0.16378473783310218, 0.2920574681347002], [0.18132420639124025, 0.2906515264848663, 0.33152514299327873, 0.1964991241306147], [0.09568479592790281, 0.2379216453457153, 0.15999828070172667, 0.5063952780246552], [0.17146612231157546, 0.37550968065431994, 0.24144723376629124, 0.21157696326781336], [0.24460659098391077, 0.2359035416966344, 0.26323065228746434, 0.2562592150319906], [0.2973205264881729, 0.21063184319031497, 0.11163580864936083, 0.3804118216721512], [0.1589392928890122, 0.27625256270393517, 0.2590187633029142, 0.30578938110413856], [0.17124946828681212, 0.2772279675849753, 0.12817892667956485, 0.4233436374486476], [0.29339658543796654, 0.25124317918012934, 0.09597853814365861, 0.35938169723824553], [0.19443080738066862, 0.20599229159731253, 0.39840345849436415, 0.20117344252765482], [0.4417155676392633, 0.21266613351144067, 0.10329818534290545, 0.24232011350639063], [0.09050856272003531, 0.2627762251915972, 0.06965349974974461, 0.5770617123386229], [0.45541044118555246, 0.26537344662186996, 0.10190448751120221, 0.17731162468137524], [0.15750028493920148, 0.46205981760479814, 0.22668857445580828, 0.1537513230001921], [0.21679771425955516, 0.22155072830298958, 0.1763592519750646, 0.3852923054623906], [0.16245245772386346, 0.48196474845642395, 0.19586666573826123, 0.15971612808145152], [0.22571512474128375, 0.13008112799727445, 0.17360595303500218, 0.4705977942264397], [0.1527454058969319, 0.3503335070640835, 0.1646678124407091, 0.33225327459827547], [0.24745591775315595, 0.3254649659423764, 0.18703567999375484, 0.24004343631071284], [0.26445075582340943, 0.3257437900374065, 0.23780202262455916, 0.1720034315146249], [0.3846426770048566, 0.22925491593833278, 0.14824067065993876, 0.2378617363968719], [0.23953633096305205, 0.19721568585865146, 0.2769858110116292, 0.28626217216666733], [0.25296085735920704, 0.2964618838055683, 0.20538376347947715, 0.24519349535574772], [0.27649880204658667, 0.2727102405632127, 0.14518857704862706, 0.30560238034157367], [0.2116917989155161, 0.14258286075610738, 0.2774189811626441, 0.3683063591657326], [0.24466260690739003, 0.2603414725958262, 0.15774011894060122, 0.3372558015561824], [0.21716675098250865, 0.447592517047838, 0.12400784019269961, 0.21123289177695356], [0.12211424759138152, 0.5420946083954815, 0.1287550860636338, 0.2070360579495031], [0.1936270862775996, 0.19580417804516656, 0.3318754165918561, 0.2786933190853778], [0.15232938155655132, 0.32786650074712886, 0.17478602711673896, 0.34501809057958077], [0.09341249418262812, 0.17746065608279296, 0.4319638803812295, 0.2971629693533495], [0.131253495874641, 0.46353648789918744, 0.1324221075351068, 0.2727879086910647], [0.22130692129880503, 0.45093959874695905, 0.1325422517525076, 0.19521122820172826], [0.13564514140841485, 0.4921534131278737, 0.15378282381312008, 0.21841862165059145], [0.09011541511735693, 0.6019057651803605, 0.17675934469329932, 0.1312194750089832], [0.5258400157464628, 0.24731893481379547, 0.0677223870372531, 0.15911866240248865], [0.20143477097974852, 0.20998704649807773, 0.21732150474637033, 0.37125667777580357], [0.1833757534076021, 0.21539824700639307, 0.07701026823218154, 0.5242157313538234], [0.1520071972413612, 0.4008380885175523, 0.1553441824406098, 0.29181053180047667], [0.1729209027101011, 0.30453941439168686, 0.23102127000837533, 0.2915184128898367], [0.21598857535586355, 0.24180251090849605, 0.25459914078785195, 0.2876097729477885], [0.23567432497959057, 0.3200096920620486, 0.1685966401114097, 0.27571934284695127], [0.19862566722401076, 0.23469047932263712, 0.12767361842763011, 0.4390102350257222], [0.1828630128548997, 0.2946877526854582, 0.2317900942956909, 0.2906591401639512], [0.2878679930826375, 0.3638326800584684, 0.09718420388859622, 0.251115122970298], [0.14481710623945504, 0.5451109608281345, 0.10364093790093776, 0.20643099503147277], [0.32889532993652304, 0.39062822378466205, 0.08193522556194069, 0.1985412207168742], [0.31570985112573363, 0.28327042491216853, 0.08606449224361341, 0.3149552317184844], [0.2381360893593794, 0.3342706800409537, 0.2535832639057695, 0.1740099666938973], [0.17265449266872682, 0.36328802841070157, 0.24970727059183842, 0.21435020832873317], [0.157916419394923, 0.11148638736296507, 0.07602717496618465, 0.6545700182759273], [0.21425303234499987, 0.4043221976540636, 0.17840359609873116, 0.2030211739022053], [0.1439216056905582, 0.19869380792781458, 0.39645190471769887, 0.26093268166392836], [0.6701853841612372, 0.1412847907265281, 0.06754447294697961, 0.12098535216525502], [0.2564442516747286, 0.43299067150708476, 0.10048952259641337, 0.2100755542217732], [0.1633976011651637, 0.10323594531993473, 0.1098705540097008, 0.6234958995052008], [0.23332626026637374, 0.2936634577088091, 0.09103481528960396, 0.3819754667352133], [0.2599332858066984, 0.24762766534531136, 0.1476591468784331, 0.34477990196955705], [0.2648135629395156, 0.46131450740625657, 0.17601239143750796, 0.09785953821671979], [0.13821166761495485, 0.3411527397841489, 0.26937336800203415, 0.251262224598862], [0.31864106381564555, 0.30302139571859954, 0.15270071144086592, 0.22563682902488902], [0.30918389517178435, 0.248432803672731, 0.11452546303952921, 0.3278578381159556], [0.15131176038561403, 0.31331264397460523, 0.34474423408401417, 0.19063136155576654], [0.18513017689104855, 0.19988816699339493, 0.39075061664845917, 0.22423103946709746], [0.1959429393966964, 0.31720630333467015, 0.24173074921503773, 0.24512000805359568], [0.1454825976035395, 0.2629814027756002, 0.1713605315019027, 0.42017546811895745], [0.18924940357193817, 0.3894711587245131, 0.15826778263919816, 0.2630116550643505], [0.11334506204990855, 0.23271892834866967, 0.2905614251691819, 0.36337458443223997], [0.2343323175880219, 0.39248582757242767, 0.1505854836071556, 0.22259637123239495], [0.1713527293162004, 0.2871918613984847, 0.18525230291455927, 0.3562031063707557], [0.2159160479317188, 0.2058761869645263, 0.1930879811556766, 0.3851197839480784], [0.2664721052457372, 0.18279898959516933, 0.16552590159882413, 0.3852030035602694], [0.19891483541621963, 0.4706800891486828, 0.1805237021843372, 0.1498813732507603], [0.2391539755622052, 0.4169538236284739, 0.12875759395476072, 0.2151346068545603], [0.2322028434194675, 0.2959506639564502, 0.22640243306078991, 0.24544405956329232], [0.3174866405500536, 0.2649759322507729, 0.23055400970374718, 0.1869834174954263], [0.20098102695027792, 0.14644017571458437, 0.0939222393461305, 0.5586565579890074], [0.135969151038321, 0.2626005557028568, 0.20512241653184543, 0.3963078767269768], [0.15445649880808318, 0.36392962833186854, 0.1375554874251807, 0.34405838543486766], [0.2648514880520149, 0.27860082629103394, 0.22166975315282922, 0.23487793250412184], [0.13464925295729901, 0.2682171563322678, 0.3715722843898609, 0.2255613063205725], [0.1990552345378254, 0.31798929439629003, 0.1754714196231684, 0.3074840514427163]]}, "rewritten": {"ids": ["97106000", "97106600", "97106820", "97107920", "97109570", "97112170", "98107010", "98107340", "98110680", "98111860", "98112170", "98112580", "98116500", "98117740", "99108010", "99108080", "99109311", "99112531", "99116500", "99117740", "100107920", "100108080", "100109000", "100109330", "100109890", "100109910", "100111380", "100111620", "100112060", "100120010", "101108460", "101108500", "101109000", "101110200", "101111310", "101112540", "101114990", "102109910", "102110890", "102111990", "102113210", "102113350", "102114270", "102116500", "103110050", "103110220", "103110760", "103111620", "103111830", "103113270", "103113640", "103117461", "104111620", "104114320", "104114410", "104117630", "104118070", "105110091", "105111990", "105112130", "105113190", "105113260", "105113620", "105116441", "105119550", "105120280", "105121190", "106113170", "106113190", "106113360", "106120290", "107112840", "107112850", "107113170", "107113260", "107114140", "107114280", "107114490", "107114950", "107116340", "107116980", "107117010", "107120260", "108113700", "108114200", "108116501", "108118060", "108118291", "108120260", "108120700", "109116040", "109116750", "109117150", "109118231", "109119450", "109120560", "109120621", "109121351", "110113591", "110114950", "110115710", "110116501", "110119030", "110119300", "110120531", "110121450", "110121500", "110121720", "111114321", "111116090", "111116110", "111116411", "111117000", "111117200", "111118810", "111118820", "111119150", "111121190", "112116540", "112116850", "112116900", "112117431", "112117571", "112117660", "112118581", "112118930", "112119120", "112119320", "112121430", "113117340", "113118490", "113118620", "113119320", "113120260", "113120640", "113120780", "113121010", "113121220", "113121950", "113122120", "113122150", "113122190"], "labels": [0, 3, 1, 0, 0, 0, 3, 0, 2, 0, 3, 2, 2, 2, 2, 3, 1, 3, 2, 2, 0, 0, 1, 0, 3, 2, 3, 3, 2, 0, 0, 3, 1, 2, 3, 2, 3, 2, 0, 2, 3, 3, 3, 1, 3, 2, 1, 0, 3, 2, 1, 0, 0, 2, 1, 0, 2, 0, 2, 1, 3, 3, 0, 1, 1, 3, 2, 0, 0, 0, 2, 1, 1, 0, 0, 2, 3, 3, 3, 3, 3, 1, 1, 0, 0, 0, 1, 3, 1, 2, 0, 0, 2, 1, 3, 1, 1, 0, 0, 0, 2, 3, 0, 1, 0, 3, 3, 3, 1, 3, 3, 0, 0, 0, 0, 0, 3, 1, 1, 0, 3, 0, 3, 0, 1, 1, 1, 1, 2, 2, 1, 3, 1, 3, 0, 0, 2, 3, 3, 1, 2, 1], "predicted_labels": [1, 1, 3, 0, 3, 1, 2, 0, 1, 1, 0, 2, 1, 0, 2, 0, 1, 0, 1, 1, 0, 3, 1, 0, 3, 3, 1, 2, 1, 1, 1, 1, 3, 1, 3, 3, 1, 0, 1, 1, 1, 2, 0, 2, 1, 3, 1, 1, 3, 1, 0, 0, 0, 2, 0, 3, 2, 2, 1, 0, 1, 1, 1, 1, 1, 0, 1, 1, 1, 0, 1, 1, 1, 3, 3, 1, 3, 2, 3, 3, 0, 2, 1, 1, 1, 0, 0, 2, 0, 3, 0, 2, 1, 1, 3, 3, 0, 1, 1, 3, 3, 1, 1, 2, 3, 3, 1, 1, 0, 0, 3, 0, 2, 1, 3, 3, 1, 3, 1, 3, 3, 0, 1, 0, 3, 3, 3, 3, 0, 0, 0, 1, 3, 1, 3, 3, 1, 0, 2, 1, 3, 3], "confidence_scores": [[0.1996791804425729, 0.44422292989647016, 0.1869587976096446, 0.16913909205131236], [0.21500754798166935, 0.31828109201986865, 0.28748528695174286, 0.17922607304671914], [0.2455074824003314, 0.12999353555968424, 0.11846441193696951, 0.5060345701030148], [0.5896655209943905, 0.1243389092276919, 0.1309990263596873, 0.15499654341823027], [0.11776934546677906, 0.3025041165175903, 0.20983223236236861, 0.369894305653262], [0.29761574356946957, 0.35995837462944735, 0.0643269451980669, 0.27809893660301627], [0.3089648243376528, 0.14902947914774498, 0.3336814242489552, 0.20832427226564712], [0.3433779977804629, 0.21235624390978175, 0.24870510295916828, 0.19556065535058684], [0.18722796853616333, 0.3256772912313662, 0.2779315731993974, 0.20916316703307336], [0.17118362177119897, 0.4014221132507198, 0.2679483039594358, 0.15944596101864536], [0.30876013945110503, 0.25789960281516705, 0.14220237197087518, 0.29113788576285277], [0.22516658498489364, 0.27383847060664, 0.28483332417223756, 0.2161616202362287], [0.19061230928265752, 0.48169436697371465, 0.09048865928647697, 0.2372046644571509], [0.30250888883220634, 0.2829158007419625, 0.24846224588009427, 0.166113064545737], [0.08430087571964008, 0.14716639718219807, 0.4860196690912792, 0.28251305800688287], [0.36204558964950995, 0.32456458930685345, 0.15516331035847472, 0.15822651068516186], [0.15080626681942602, 0.30677664096663454, 0.28713996053645124, 0.25527713167748833], [0.4428353582156862, 0.20640094091833838, 0.1926967217853882, 0.15806697908058734], [0.17246472499864748, 0.42778500630284827, 0.1424723026200202, 0.2572779660784839], [0.18965007127709077, 0.3986016933427, 0.1417095468260073, 0.27003868855420204], [0.3230557995815843, 0.29797998377944307, 0.16433424446692702, 0.21462997217204577], [0.163791691721958, 0.2702072501436508, 0.09418491904188594, 0.47181613909250536], [0.21978069523579735, 0.3182941096437618, 0.16731629202819498, 0.294608903092246], [0.4143482930068339, 0.3171797617406736, 0.08903608748287191, 0.17943585776962073], [0.1277902760229995, 0.24103917655597273, 0.267131773465486, 0.3640387739555417], [0.1910317606923568, 0.24340359593093233, 0.2130282491002638, 0.35253639427644723], [0.2110855221809609, 0.4545297515858654, 0.133788467000113, 0.20059625923306076], [0.14236218426537117, 0.25691225062557466, 0.4639314531381418, 0.1367941119709125], [0.1828076069779953, 0.4569362655000315, 0.13397020264411447, 0.22628592487785865], [0.1564338606998596, 0.5672955809185322, 0.16894552492794127, 0.10732503345366726], [0.1838921106895685, 0.41416383546940466, 0.16232402524939743, 0.23962002859162942], [0.24365314099320107, 0.30744853174792647, 0.14456383372551626, 0.30433449353335656], [0.22830672621703882, 0.15878459906527684, 0.2258434810920302, 0.3870651936256543], [0.24190976292168195, 0.3454018488816792, 0.11039834412238499, 0.3022900440742539], [0.2537704452435862, 0.22059644394997852, 0.11862083995634622, 0.40701227085008906], [0.18685440463561095, 0.20663833904756937, 0.196683935266274, 0.40982332105054575], [0.20767947366980385, 0.3758738462737112, 0.11616013008080507, 0.3002865499756799], [0.3272665301168361, 0.29295505685825485, 0.18955443976646796, 0.19022397325844123], [0.1563304711565496, 0.3375815194998562, 0.2658569328170907, 0.24023107652650363], [0.2614990727865033, 0.2847621041776154, 0.2623924565116958, 0.19134636652418557], [0.1912696078989937, 0.3545851935999828, 0.22575542135242221, 0.22838977714860137], [0.17625663190101762, 0.16829932990181817, 0.35742494189160207, 0.2980190963055622], [0.32789545716368956, 0.31723037509252094, 0.10903563841051218, 0.24583852933327727], [0.2734861082456467, 0.22824591676015318, 0.2964683771604479, 0.2017995978337524], [0.2415186969575953, 0.28103003577915636, 0.27484380012065807, 0.2026074671425904], [0.15516931136142154, 0.29335913554755044, 0.11151740913912037, 0.4399541439519076], [0.285658926688893, 0.31800485358178726, 0.13039426320589007, 0.2659419565234298], [0.29169339670383443, 0.33704174999039227, 0.17683933739660873, 0.19442551590916454], [0.20198302085375333, 0.28466137950165205, 0.1270000919221146, 0.38635550772248006], [0.2513381328762904, 0.3029075753577419, 0.21085887964183928, 0.23489541212412873], [0.6121469904800392, 0.146226298766906, 0.09693453163018925, 0.1446921791228656], [0.3304700904038708, 0.30877175539314644, 0.11179456663401781, 0.24896358756896478], [0.3451753842819315, 0.2735070838498108, 0.14205632099940121, 0.23926121086885663], [0.19486597256058985, 0.24171653371137575, 0.3402374913118738, 0.22318000241616068], [0.3765509889773949, 0.26586625614848747, 0.1766595693828082, 0.1809231854913096], [0.2473069902859264, 0.21794019914507567, 0.2372703748830454, 0.2974824356859526], [0.19192483640046842, 0.2397335107242432, 0.3266021408518763, 0.24173951202341218], [0.24061084982646497, 0.25056591253990435, 0.35795626580902173, 0.15086697182460904], [0.3403109599120814, 0.3930001429235512, 0.10103732146779779, 0.16565157569656955], [0.31904667471718984, 0.27560013240095727, 0.1713326830758623, 0.2340205098059907], [0.20508171861318053, 0.4850594933938092, 0.10712506302745187, 0.20273372496555836], [0.22023262877463934, 0.33695314092692, 0.13998807670723884, 0.3028261535912017], [0.20851265660613658, 0.36775976527564475, 0.20371966007064288, 0.22000791804757577], [0.11820003684534591, 0.46479930768537464, 0.296795807552842, 0.12020484791643743], [0.1837670679395294, 0.43437977373102243, 0.14918970181180938, 0.23266345651763876], [0.29562007235773896, 0.25401959037429883, 0.16398130008404807, 0.28637903718391405], [0.13952907144400073, 0.47137252716700784, 0.2183128502817563, 0.17078555110723523], [0.18324253966221976, 0.535206335099206, 0.11159630456998262, 0.16995482066859163], [0.17191179476767562, 0.35131889571353214, 0.12843554610800803, 0.34833376341078415], [0.5672533183006887, 0.2506754005146855, 0.0834190463426683, 0.09865223484195754], [0.12990877721609229, 0.4446769634125468, 0.1094291484105706, 0.31598511096079035], [0.21795859469660187, 0.4562493996454543, 0.09356569019447392, 0.23222631546346995], [0.20410206463503378, 0.34212894911471003, 0.18685985673917388, 0.2669091295110822], [0.20950674926968427, 0.2004299062395381, 0.26670287135464643, 0.32336047313613114], [0.20132680120406843, 0.24486282095022543, 0.11141341092204085, 0.4423969669236652], [0.21112322798453026, 0.40267967716836284, 0.12499678639621575, 0.26120030845089115], [0.143948093915098, 0.2760057398088834, 0.1536314065031555, 0.42641475977286303], [0.2621005759239932, 0.17860306514251412, 0.3230329947560288, 0.23626336417746388], [0.13463339832178928, 0.17351767754407327, 0.08451257328560181, 0.6073363508485358], [0.15787365801815587, 0.15603229783308398, 0.30249295733048825, 0.383601086818272], [0.4765663902942806, 0.21182433614663626, 0.1398721665507279, 0.17173710700835523], [0.2265867541713519, 0.1564697329124831, 0.4368188162697858, 0.18012469664637934], [0.09970963653157178, 0.565299054948334, 0.250000807229241, 0.08499050129085327], [0.26858345202411577, 0.40996607894751713, 0.13532958624558075, 0.18612088278278655], [0.2789164432752836, 0.34158915177881444, 0.14093439531045981, 0.2385600096354422], [0.31954861029292414, 0.23137467575425594, 0.3009983488435245, 0.14807836510929542], [0.4082250145182121, 0.24897448144000164, 0.08580272483623709, 0.25699777920554917], [0.2871841102468251, 0.16746547908562034, 0.3548943992773656, 0.19045601139018908], [0.34767966370934833, 0.2009526853689166, 0.30493570958266364, 0.14643194133907142], [0.11859587948909449, 0.24225905195926936, 0.07222948577377253, 0.5669155827778636], [0.394800597909541, 0.1968520136358975, 0.13459637289913323, 0.27375101555542825], [0.28943853315741236, 0.23385506191184266, 0.37969331396772144, 0.09701309096302375], [0.23981435809195226, 0.40053434936988574, 0.1540371951702008, 0.20561409736796113], [0.26588659011444976, 0.2977065438928913, 0.22080688809054, 0.21559997790211888], [0.25209289130188484, 0.23488304930939607, 0.1807326368313096, 0.3322914225574097], [0.1363149737091381, 0.3134924048322446, 0.09409801408859585, 0.4560946073700217], [0.5122911337218189, 0.15870057843853383, 0.17622155139037057, 0.15278673644927676], [0.19169625034612192, 0.4516270776487197, 0.17128283132610125, 0.1853938406790572], [0.15868152648058526, 0.3592245195315043, 0.29984906355934876, 0.18224489042856173], [0.2646567548187117, 0.28113601502807745, 0.12813340725641284, 0.3260738228967979], [0.2441239952590744, 0.22252638061139973, 0.16555281027391483, 0.367796813855611], [0.14600071739233633, 0.40506190755385735, 0.17394987551440794, 0.2749874995393985], [0.19407440033986886, 0.3912462958517389, 0.11863835376724076, 0.2960409500411515], [0.13889863128657032, 0.18223165276413716, 0.46292619248671546, 0.21594352346257709], [0.2839527499498078, 0.19082133547273775, 0.1517533477104736, 0.37347256686698094], [0.18106977606548383, 0.20385664265488937, 0.13670476122920963, 0.47836882005041736], [0.23582717901640188, 0.42403664861267154, 0.09286129335959241, 0.24727487901133424], [0.2013251993983453, 0.3943200920735079, 0.12127658359219495, 0.2830781249359519], [0.2959354697728879, 0.23826207811050498, 0.18257904425124138, 0.2832234078653657], [0.35312567611330836, 0.3329803741961218, 0.09058895134809532, 0.22330499834247475], [0.22516388789491423, 0.26529970577336454, 0.209874669084802, 0.2996617372469193], [0.40922838853049315, 0.25177009946784007, 0.12578184032726022, 0.2132196716744065], [0.28467193894748, 0.12904204930873675, 0.41001539272703325, 0.17627061901675015], [0.17988879222838866, 0.3355389399374075, 0.17482383746762797, 0.30974843036657584], [0.2663709423191914, 0.25489057727373265, 0.13073116800289672, 0.348007312404179], [0.3355841719271471, 0.25691594280004526, 0.07124305581430393, 0.3362568294585036], [0.2713063702612151, 0.28670651589935575, 0.27498414384739783, 0.1670029699920312], [0.17872315322333615, 0.20141911705689775, 0.23168641928542236, 0.38817131043434383], [0.27512742945821766, 0.40321710858924154, 0.07827466754825713, 0.2433807944042837], [0.19407008676879114, 0.17220813682465433, 0.17126222632579288, 0.46245955008076156], [0.16953156430469882, 0.230365917353365, 0.2702063616449957, 0.32989615669694056], [0.4469626285963257, 0.20888303289015167, 0.11415750359925206, 0.22999683491427053], [0.2143874136873956, 0.35295938646620967, 0.20899530713221423, 0.2236578927141806], [0.40625691220504645, 0.23738220802114135, 0.10662914063859881, 0.2497317391352136], [0.13278944634180936, 0.19423827049065956, 0.2002328765371625, 0.47273940663036856], [0.28219581531853777, 0.2213427892942683, 0.11428858426802897, 0.3821728111191649], [0.20656879409850235, 0.24537961263175978, 0.17054306568281294, 0.37750852758692494], [0.19599478796964684, 0.23014397585963092, 0.09962365617136593, 0.4742375799993564], [0.44583292456009516, 0.26798405324667196, 0.12644965773504885, 0.15973336445818417], [0.31613599206531023, 0.2651683612011156, 0.10961575289848242, 0.3090798938350918], [0.5567642934807948, 0.1689311737080943, 0.10349432974058587, 0.170810203070525], [0.10839312676602435, 0.6473712877530848, 0.08488644477327732, 0.15934914070761352], [0.24116572908193676, 0.1635595502626072, 0.12619181547788155, 0.4690829051775745], [0.23221228901777358, 0.2971038027214261, 0.22895794977554143, 0.24172595848525882], [0.22890436685919652, 0.2717217520207161, 0.15164498469363977, 0.3477288964264476], [0.19101910815676143, 0.17080388548758196, 0.3015548608834734, 0.3366221454721832], [0.20356385453885378, 0.5494877126591533, 0.10898442136394393, 0.13796401143804884], [0.3343057430793284, 0.15980199249888918, 0.21675380832278673, 0.2891384560989957], [0.13336604910411662, 0.19443760777245683, 0.40616381412125424, 0.2660325290021725], [0.22807115439336775, 0.3057442245566309, 0.23641590589244937, 0.22976871515755198], [0.2393331186007233, 0.16296169042856806, 0.21026561203921057, 0.38743957893149816], [0.27696742892232107, 0.20193169058749275, 0.18823588771093944, 0.3328649927792469]]}}