{"test": {"ids": ["112119320", "113117550", "104111880", "103113210", "104114230", "101121640", "105115570", "110114651", "109116750", "108118520", "113122150", "98111231", "109113881", "107119130", "110114950", "109118231", "112118930", "98108150", "97116410", "109119010", "99109910", "105112240", "105117351", "103111830", "109116810", "109114270", "105116650", "106115240", "113120280", "110115890", "100108520", "104112201", "97110950", "103110840", "107112840", "110118880", "97107260", "101111310", "111120220", "108121410", "110115710", "104113000", "105116501", "113121750", "103113101", "113122170", "101110200", "108115970", "110118450", "98111860", "106114280", "104114320", "112119980", "111119250", "108118301", "108115070", "111120260", "100109000", "106116820", "100111270", "109117630", "108114670", "107113180", "99111440", "107120130", "112116800", "113118690", "97116800", "110116170", "110121450", "108114220", "103111930", "108117360", "101108950", "103113170", "112118890", "112118421", "112119500", "109115220", "105111990", "113120070", "111115910", "98109230", "106113360", "97107920", "102113350", "111116990", "110115980", "110120640", "112118471", "110114321", "112117431", "113121190", "112120700", "98120010", "112116990", "98106111", "106120640", "108121160", "112117030", "100120010", "107114950", "102113981", "111116530", "102112250", "109120621", "101109120", "112119950", "102110850", "111116110", "99108000", "109115070", "98108370", "108115250", "106119260", "97112290", "110121140", "100109910", "102109850", "105116980", "108120280", "113118870", "104113170", "113119320", "111117571", "107117630", "101115190", "105118171", "113119930", "102116500", "99107640", "107120880", "109119591", "101110740", "110113931", "97108520", "113122190", "100109311", "107116980", "109119450", "110118161", "109113931"], "labels": [1, 3, 3, 3, 2, 2, 0, 3, 0, 0, 2, 1, 0, 1, 0, 1, 1, 0, 3, 3, 2, 1, 0, 3, 3, 3, 1, 1, 0, 2, 2, 0, 3, 1, 1, 0, 2, 3, 3, 0, 2, 1, 1, 0, 3, 1, 2, 2, 0, 0, 3, 2, 0, 1, 1, 1, 3, 1, 1, 2, 0, 3, 3, 3, 2, 0, 3, 0, 0, 3, 3, 3, 1, 2, 3, 3, 3, 2, 3, 2, 2, 2, 1, 0, 0, 3, 0, 1, 0, 1, 1, 0, 1, 2, 2, 0, 0, 3, 2, 2, 0, 3, 1, 3, 0, 1, 1, 0, 3, 3, 2, 0, 1, 1, 1, 1, 3, 2, 1, 0, 3, 0, 3, 1, 3, 0, 1, 3, 1, 1, 1, 1, 0, 3, 1, 2, 1, 1, 3, 3, 0, 1], "predicted_labels": [3, 3, 3, 1, 3, 1, 1, 1, 1, 1, 3, 3, 3, 3, 3, 3, 3, 1, 1, 3, 2, 3, 3, 3, 1, 3, 1, 0, 3, 3, 0, 3, 1, 1, 1, 1, 3, 3, 1, 1, 3, 3, 0, 3, 1, 3, 1, 1, 3, 1, 3, 1, 3, 1, 0, 1, 0, 1, 3, 1, 1, 1, 1, 1, 1, 1, 1, 0, 0, 1, 0, 1, 3, 1, 3, 3, 1, 1, 3, 0, 3, 3, 3, 0, 3, 3, 3, 3, 1, 3, 1, 3, 3, 1, 1, 3, 0, 1, 3, 3, 1, 3, 1, 1, 3, 0, 3, 3, 1, 1, 3, 1, 1, 3, 1, 3, 3, 2, 2, 1, 3, 3, 1, 0, 1, 3, 1, 3, 3, 1, 3, 3, 1, 1, 3, 1, 3, 3, 1, 3, 0, 3], "confidence_scores": [[0.23174106955486476, 0.22555962350366682, 0.2354031386551021, 0.3072961682863665], [0.23541272547909808, 0.26323572432787024, 0.1931685575532848, 0.30818299263974697], [0.2062259684820275, 0.25554049480192714, 0.1863567898222282, 0.3518767468938172], [0.2595237605316515, 0.3159362698418142, 0.18228554880832074, 0.2422544208182137], [0.2151590827100096, 0.26580567291063417, 0.23709696333375863, 0.2819382810455974], [0.22766261053254147, 0.3229261047311583, 0.20208810282907275, 0.24732318190722768], [0.22002602650466865, 0.2983967541704822, 0.223358649056509, 0.25821857026834005], [0.2241963575750071, 0.32359699782567153, 0.15877428280659897, 0.2934323617927224], [0.22342391747551812, 0.3533130412250138, 0.1956857340386103, 0.22757730726085765], [0.22961072086450485, 0.3083584352928375, 0.18506407273609274, 0.276966771106565], [0.24570058300089023, 0.27980954885202064, 0.18891542723515417, 0.28557444091193496], [0.2979068563545907, 0.2419259923792124, 0.1481760576233303, 0.31199109364286676], [0.22025104248842722, 0.2663082687058421, 0.1765681138927414, 0.33687257491298955], [0.2248631045739424, 0.27188129469570127, 0.14720821943587628, 0.3560473812944804], [0.2563681290647372, 0.25311654779206433, 0.19895617811355884, 0.29155914502963975], [0.27387496700907854, 0.2494448578379767, 0.18028127368968377, 0.2963989014632611], [0.24937927339408225, 0.2310773378001557, 0.1427299615698063, 0.37681342723595584], [0.22947568054839465, 0.30718272457486734, 0.19635414271195806, 0.26698745216477987], [0.2391776629984427, 0.3237746039185822, 0.22455889970385914, 0.2124888333791159], [0.20351788147948605, 0.2308537533568259, 0.2333880992906423, 0.33224026587304584], [0.20050550374056184, 0.2821957035350886, 0.28902878365374457, 0.22827000907060518], [0.2310069347664813, 0.2706374990594458, 0.20476068586656113, 0.29359488030751174], [0.2997063016237712, 0.2283658711061924, 0.15929628437016452, 0.312631542899872], [0.2710771355720994, 0.21954616572314545, 0.17018742783622487, 0.3391892708685304], [0.23712821034962903, 0.32145286915130933, 0.19115896527458456, 0.25025995522447725], [0.24632060479259368, 0.25110855096234747, 0.19422557245531524, 0.3083452717897438], [0.23125874926275714, 0.3145407673919347, 0.2524994135212906, 0.20170106982401748], [0.2971456081604014, 0.2734956744296365, 0.1342140577022949, 0.29514465970766746], [0.23436674033821522, 0.2572011500803828, 0.15803062770210727, 0.35040148187929476], [0.16926620752498361, 0.28133851066102156, 0.18931691241329712, 0.3600783694006977], [0.29661230610633443, 0.2052894823648665, 0.23615719734005566, 0.26194101418874355], [0.26159164855060235, 0.22761978502864494, 0.1970274317245811, 0.313761134696172], [0.2889786929239824, 0.29344422672783393, 0.17361157984559902, 0.24396550050258461], [0.22861945487000215, 0.28002770285486595, 0.22908933036199008, 0.2622635119131422], [0.19393507692871348, 0.3237378228711779, 0.26848865779505665, 0.2138384424050518], [0.27572974141611056, 0.28488398924196223, 0.1991432226011613, 0.24024304674076621], [0.21406068887448948, 0.27269757915421095, 0.24046099111357233, 0.2727807408577273], [0.23548964605181585, 0.27552918008536975, 0.16986105703283466, 0.31912011682997976], [0.24654205982146238, 0.3228894754359918, 0.15940822322565393, 0.27116024151689194], [0.2303076325505917, 0.2904076552669494, 0.24215204626049464, 0.23713266592196444], [0.20700381877339466, 0.2811314209571649, 0.21850453251169252, 0.2933602277577481], [0.2959585723645906, 0.23643912910542655, 0.14434570047133025, 0.3232565980586526], [0.3057063768650028, 0.26057945167555685, 0.1557004281833416, 0.27801374327609873], [0.2619592584511209, 0.262298101603483, 0.15589416739465622, 0.3198484725507403], [0.25179810261134017, 0.3053269701572111, 0.17211020398008853, 0.2707647232513606], [0.20359725368632858, 0.2840446837595033, 0.2070362713323127, 0.30532179122185565], [0.23912872093746873, 0.32721271056949375, 0.1861796317908563, 0.24747893670218127], [0.2513912135105094, 0.28311682402994165, 0.1858253996751059, 0.279666562784443], [0.23478898216653424, 0.260363680302607, 0.21358927180564893, 0.29125806572520985], [0.2218242057715375, 0.2889391158087762, 0.26108918405127013, 0.22814749436841616], [0.17927528174254334, 0.2675766742916879, 0.19096434394150305, 0.36218370002426575], [0.23909499900840384, 0.3062324862153135, 0.19597382204307986, 0.258698692733203], [0.2346224495042972, 0.2807786886699473, 0.13446963206836773, 0.35012922975738797], [0.25534942310456854, 0.2892781132408667, 0.19262519259088123, 0.26274727106368373], [0.3042625545842904, 0.2572576580361412, 0.18650310841555107, 0.2519766789640174], [0.2386354005668359, 0.31535991307774197, 0.20440680110992063, 0.24159788524550166], [0.29872373607572966, 0.2739133320123199, 0.16906111146857533, 0.25830182044337535], [0.22754551724639235, 0.32656389119111795, 0.22635253099610964, 0.21953806056638014], [0.2720451560801516, 0.2611583070392741, 0.16959531235434724, 0.29720122452622727], [0.1986958894660206, 0.30988471212628205, 0.23586857710738443, 0.2555508213003129], [0.26503368268117233, 0.28876460326309344, 0.21062743194983582, 0.2355742821058984], [0.2033285905937949, 0.30961524181089295, 0.23392287556448227, 0.25313329203082985], [0.2096142419758786, 0.310333785988611, 0.23597110738838403, 0.24408086464712664], [0.21530323683604952, 0.30147296201735496, 0.18306719519496098, 0.3001566059516344], [0.21709360904084657, 0.30619306086371656, 0.2607191318853751, 0.21599419821006186], [0.25218260225131905, 0.313277703205507, 0.18118761227889607, 0.2533520822642778], [0.25016650586658773, 0.303177999568007, 0.17763078597559656, 0.26902470858980865], [0.28910148942423164, 0.24974507799180087, 0.18289368535653527, 0.2782597472274325], [0.28521540883841734, 0.2680906624901517, 0.25377230937462536, 0.19292161929680574], [0.24516539283844171, 0.2772132799025808, 0.20926693673795388, 0.26835439052102383], [0.25926303224495484, 0.24813078943493658, 0.23629914568315605, 0.2563070326369527], [0.21294166322636746, 0.33413743537845714, 0.22382061238889756, 0.22910028900627777], [0.1946749885689352, 0.28549808710655056, 0.21642744389725393, 0.3033994804272603], [0.20847112552470964, 0.29170702234237383, 0.24062645158513152, 0.2591954005477851], [0.19643304864464295, 0.2912201293658766, 0.21212849321827953, 0.30021832877120114], [0.2713698359389709, 0.26632264970208586, 0.13990423819764042, 0.3224032761613028], [0.27777372416703766, 0.2923662843351932, 0.17498315356380348, 0.25487683793396565], [0.20909906962136593, 0.3733404896277747, 0.17035215646603086, 0.24720828428482872], [0.22767008186721152, 0.22197880427789982, 0.20589888652690824, 0.3444522273279804], [0.3548932853113865, 0.20773196156441653, 0.14739719780315932, 0.2899775553210377], [0.2048845633189211, 0.2762241942329696, 0.23481177832078234, 0.28407946412732693], [0.23487494260283182, 0.2821472762491627, 0.19978311020613276, 0.2831946709418729], [0.23583349255218822, 0.25180465936581525, 0.22892554545462482, 0.283436302627372], [0.26601983930590395, 0.255412575202265, 0.21372153903368243, 0.26484604645814874], [0.2787925966759208, 0.2630453331678148, 0.1653792627525689, 0.29278280740369556], [0.21465722044383992, 0.2702056903288534, 0.24072319053090957, 0.2744138986963972], [0.2504777691335445, 0.25182371076756177, 0.2078026118204964, 0.2898959082783974], [0.18503776207170275, 0.28904490640109604, 0.1726918221571109, 0.35322550937009034], [0.22788185262263488, 0.2803940496337634, 0.21179456311081757, 0.27992953463278436], [0.2541730900424634, 0.2510472732780089, 0.16068320258353658, 0.3340964340959912], [0.214846525236823, 0.32424678939304535, 0.22237816356469814, 0.2385285218054337], [0.22030711010836376, 0.28645966429168274, 0.19991235420348963, 0.29332087139646423], [0.24617519594904652, 0.27653104657769945, 0.17566824866295813, 0.30162550881029615], [0.18048905249567287, 0.3147905191156471, 0.20802324716158843, 0.29669718122709166], [0.20420769769144498, 0.3060160176880105, 0.2113256787435761, 0.27845060587696846], [0.2603937021056673, 0.2649617718795375, 0.16213225200652423, 0.31251227400827125], [0.25675194454414946, 0.24915820803296365, 0.2480974286972841, 0.24599241872560274], [0.19517010478578706, 0.3160911378148325, 0.2171213363845946, 0.2716174210147862], [0.23993969125174497, 0.28024036477767295, 0.17116628387283195, 0.30865366009775036], [0.2195792500449355, 0.27589549212994197, 0.16268327786265308, 0.34184197996246996], [0.21829731551435572, 0.33170966019629516, 0.19422784075359809, 0.25576518353575134], [0.2302237351976133, 0.26234162965693647, 0.20416811717024555, 0.30326651797520476], [0.262866189727736, 0.2802466815335737, 0.20629117904912309, 0.2505959496895672], [0.19223604431425856, 0.36908345415462884, 0.20625067424023882, 0.23242982729087378], [0.22131433649100946, 0.18473914626668922, 0.2876918908319341, 0.3062546264103676], [0.28633812382718615, 0.2621056688968448, 0.19919171822028775, 0.2523644890556813], [0.20132853916482585, 0.29005303041807007, 0.2093489260709005, 0.29926950434620353], [0.2500802734977071, 0.2698092232739014, 0.1448344841266183, 0.33527601910177324], [0.14386080103488028, 0.3221917786905007, 0.31041987834180523, 0.22352754193281377], [0.2418555210505878, 0.2816755872892912, 0.20706899393846545, 0.2693998977216555], [0.20062142889792245, 0.2883212118253986, 0.18631973846331007, 0.3247376208133691], [0.21567891511208573, 0.34246757087370755, 0.17282074453726193, 0.269032769476945], [0.20803268194992217, 0.3137150261765243, 0.22165731685095846, 0.2565949750225954], [0.23889700516017254, 0.24544748140095948, 0.2383232634974983, 0.27733224994136996], [0.21813031307087588, 0.2768763208526164, 0.2725556488183538, 0.23243771725815418], [0.21530095544838407, 0.2585142089851691, 0.2000167416843621, 0.32616809388208473], [0.22913539812806605, 0.2456749943881825, 0.2517480752968564, 0.27344153218689504], [0.22321185356397463, 0.2633944667668151, 0.2753162742638938, 0.2380774054053165], [0.20494624103043307, 0.27538856126596234, 0.309113894228487, 0.21055130347511775], [0.2269389285130136, 0.282546255045373, 0.2241679378189196, 0.2663468786226939], [0.266214183647659, 0.24414141606555795, 0.22080904721637867, 0.2688353530704045], [0.2615229653127144, 0.22930790315659424, 0.18636828379680284, 0.3228008477338888], [0.21323098367715382, 0.2969830963101369, 0.19636548498471293, 0.2934204350279967], [0.3393791443718937, 0.21552077219394047, 0.14169849162760814, 0.30340159180655774], [0.27501869040477234, 0.28802740239854685, 0.1610069709180307, 0.2759469362786503], [0.26614655834816203, 0.27097631351951246, 0.1899329190531459, 0.2729442090791798], [0.1877612549711191, 0.29991013645175135, 0.24463260832511322, 0.26769600025201656], [0.24198941592930553, 0.28025654273242856, 0.13210418726353965, 0.3456498540747263], [0.27174503620405976, 0.2851981274599434, 0.1429055565390338, 0.300151279796963], [0.22725100162167386, 0.2997738185481121, 0.21875922325988775, 0.2542159565703266], [0.22536591979217196, 0.2555926010443078, 0.23769272003879022, 0.28134875912473], [0.20040571157583603, 0.23324395910518525, 0.22947931094447266, 0.3368710183745063], [0.2566015889211099, 0.297831608520248, 0.19586539814772777, 0.2497014044109146], [0.2113235391545439, 0.2930978311913171, 0.222501657288524, 0.273076972365615], [0.21965548809080587, 0.26335838007574425, 0.18479078243600888, 0.33219534939744094], [0.21907819567175615, 0.30177820495845226, 0.2296212563621423, 0.24952234300764936], [0.22491773933710513, 0.2518865857809806, 0.2258418816553378, 0.2973537932265764], [0.2249704693826764, 0.2770522657195285, 0.17438453737444326, 0.3235927275233517], [0.2592517175726145, 0.3352558334366282, 0.20314679842497033, 0.20234565056578702], [0.15760097072364204, 0.30174163310658186, 0.20914773102878864, 0.3315096651409878], [0.2984288959355482, 0.26698175903789584, 0.15144366549069965, 0.2831456795358565], [0.2605142519241335, 0.2695747174799498, 0.1265568802520562, 0.3433541503438606]]}, "rewritten": {"ids": ["97107260", "97107920", "97108520", "97110950", "97112290", "97116410", "97116800", "98106111", "98108150", "98108370", "98109230", "98111231", "98111860", "98120010", "99107640", "99108000", "99109910", "99111440", "100108520", "100109000", "100109311", "100109910", "100111270", "100120010", "101108950", "101109120", "101110200", "101110740", "101111310", "101115190", "101121640", "102109850", "102110850", "102112250", "102113350", "102113981", "102116500", "103110840", "103111830", "103111930", "103113101", "103113170", "103113210", "104111880", "104112201", "104113000", "104113170", "104114230", "104114320", "105111990", "105112240", "105115570", "105116501", "105116650", "105116980", "105117351", "105118171", "106113360", "106114280", "106115240", "106116820", "106119260", "106120640", "107112840", "107113180", "107114950", "107116980", "107117630", "107119130", "107120130", "107120880", "108114220", "108114670", "108115070", "108115250", "108115970", "108117360", "108118301", "108118520", "108120280", "108121160", "108121410", "109113881", "109113931", "109114270", "109115070", "109115220", "109116750", "109116810", "109117630", "109118231", "109119010", "109119450", "109119591", "109120621", "110113931", "110114321", "110114651", "110114950", "110115710", "110115890", "110115980", "110116170", "110118161", "110118450", "110118880", "110120640", "110121140", "110121450", "111115910", "111116110", "111116530", "111116990", "111117571", "111119250", "111120220", "111120260", "112116800", "112116990", "112117030", "112117431", "112118421", "112118471", "112118890", "112118930", "112119320", "112119500", "112119950", "112119980", "112120700", "113117550", "113118690", "113118870", "113119320", "113119930", "113120070", "113120280", "113121190", "113121750", "113122150", "113122170", "113122190"], "labels": [2, 0, 2, 3, 1, 3, 0, 0, 0, 1, 1, 1, 0, 2, 1, 2, 2, 3, 2, 1, 1, 2, 2, 0, 2, 1, 2, 3, 3, 1, 2, 1, 3, 0, 3, 1, 1, 1, 3, 3, 3, 3, 3, 3, 0, 1, 3, 2, 2, 2, 1, 0, 1, 1, 0, 0, 3, 0, 3, 1, 1, 1, 3, 1, 3, 3, 3, 0, 1, 2, 1, 3, 3, 1, 1, 2, 1, 1, 0, 3, 2, 0, 0, 1, 3, 0, 3, 0, 3, 0, 1, 3, 3, 0, 1, 1, 1, 3, 0, 2, 2, 1, 0, 0, 0, 0, 0, 3, 3, 2, 3, 3, 0, 3, 1, 3, 3, 0, 0, 2, 0, 3, 1, 3, 1, 1, 2, 0, 0, 2, 3, 3, 0, 1, 1, 2, 0, 1, 0, 2, 1, 1], "predicted_labels": [2, 0, 3, 3, 3, 0, 0, 0, 1, 1, 1, 1, 2, 1, 0, 3, 2, 3, 0, 1, 3, 3, 1, 1, 3, 3, 0, 3, 3, 1, 3, 1, 1, 3, 3, 1, 3, 1, 3, 1, 0, 1, 0, 3, 3, 3, 1, 3, 1, 0, 3, 1, 0, 1, 0, 0, 3, 3, 3, 0, 3, 0, 1, 1, 2, 3, 3, 0, 3, 1, 3, 3, 1, 1, 0, 3, 1, 0, 1, 3, 1, 0, 3, 3, 1, 1, 3, 1, 1, 0, 0, 3, 1, 1, 3, 0, 1, 1, 0, 3, 3, 3, 1, 0, 1, 0, 3, 1, 3, 1, 3, 1, 0, 0, 3, 3, 0, 3, 3, 3, 0, 3, 3, 1, 3, 3, 1, 3, 1, 3, 3, 1, 3, 0, 3, 1, 3, 3, 3, 1, 3, 3], "confidence_scores": [[0.25673662603729785, 0.23319935613446077, 0.2752949970399055, 0.23476902078833622], [0.29976042728731495, 0.24855963952109905, 0.1673516304731319, 0.2843283027184543], [0.21305797491149042, 0.2811174601392495, 0.22061750617823722, 0.2852070587710229], [0.25921648264387753, 0.23139026425210968, 0.19317289664947532, 0.3162203564545375], [0.24126830357714918, 0.22648411285765216, 0.20345711907199918, 0.32879046449319943], [0.28660322833713425, 0.23720605677790918, 0.24256181246005512, 0.23362890242490156], [0.2914693267485475, 0.27971281970733597, 0.14270105406999453, 0.2861167994741222], [0.3009362684037043, 0.28275625824278366, 0.1907150384372972, 0.22559243491621486], [0.2121004691975159, 0.3269154600010122, 0.1872636106052969, 0.2737204601961749], [0.21576606848761906, 0.3032885007483158, 0.25267813524553456, 0.22826729551853084], [0.22993912990133175, 0.2976195274401039, 0.2180732393643058, 0.2543681032942584], [0.27143964459083847, 0.3047058384077434, 0.1419002234315622, 0.28195429356985596], [0.2499317893544851, 0.22965725817063898, 0.2746012313468268, 0.2458097211280492], [0.24188692671211626, 0.28741934756517157, 0.21079543543211338, 0.25989829029059897], [0.27725663054915695, 0.25223717018108277, 0.2047907112603642, 0.2657154880093964], [0.18781450433472668, 0.30014806477283223, 0.19066900667424555, 0.32136842421819556], [0.21364388962609143, 0.23962570479355771, 0.31833601723461286, 0.2283943883457381], [0.2578337535144576, 0.2308767118846831, 0.19198972194298258, 0.3192998126578768], [0.2873804378138414, 0.21140527958373717, 0.2435948316834557, 0.257619450918966], [0.23451072361061254, 0.289881557139113, 0.23235415376120258, 0.24325356548907207], [0.2461698893909764, 0.2245928213758868, 0.1945485571488199, 0.3346887320843171], [0.2694710189218041, 0.21563872177768975, 0.2428950833242346, 0.2719951759762717], [0.21973323244547693, 0.27268190454550995, 0.24943398719562385, 0.25815087581338947], [0.22110466783148122, 0.30149198639618197, 0.19655852490947867, 0.2808448208628584], [0.24383863506089848, 0.2607280431896088, 0.22210451368166545, 0.2733288080678274], [0.27378701590367605, 0.2619258481306931, 0.17371326315226773, 0.29057387281336317], [0.27333520077385187, 0.2633840255076655, 0.19269719579855, 0.27058357791993276], [0.2198561828714427, 0.2696981634785256, 0.2375967553837935, 0.2728488982662385], [0.27577951103046694, 0.2506375538307077, 0.17455545570890835, 0.29902747942991686], [0.17760224456469673, 0.3452944072554572, 0.20818336288862244, 0.26891998529122385], [0.22804485858282875, 0.29700829160091297, 0.17163473713679633, 0.30331211267946206], [0.1783530897718639, 0.38092155705076847, 0.2227325419548488, 0.21799281122251896], [0.17407062443310875, 0.34584524627267926, 0.3040477234060833, 0.1760364058881288], [0.22237909893943475, 0.2472869739239032, 0.19572220273707056, 0.3346117243995917], [0.2350371181749874, 0.24476584495330403, 0.2222018455395428, 0.297995191332166], [0.22871914930612267, 0.29882783443210004, 0.1986242044785531, 0.2738288117832244], [0.24267572147891106, 0.24269249649887467, 0.21796098669719177, 0.2966707953250227], [0.24394928847369216, 0.28620431701216065, 0.20085067418701835, 0.26899572032712893], [0.24405588870415593, 0.2350650582837747, 0.17733316766695276, 0.34354588534511676], [0.27413060224350966, 0.30379344533362845, 0.21643730378167406, 0.20563864864118792], [0.2847691684555206, 0.2369176202063522, 0.22028993778954384, 0.2580232735485837], [0.20085465234461, 0.32620906755848667, 0.17323607157873153, 0.2997002085181721], [0.32847734032264875, 0.2447561769327417, 0.1721050411280061, 0.2546614416166036], [0.2401061899090461, 0.269324512636035, 0.19357588204431256, 0.2969934154106064], [0.28745497849205276, 0.2290216754036529, 0.15596365941406282, 0.3275596866902316], [0.3000504753105519, 0.21679722371577287, 0.1678368300281321, 0.3153154709455431], [0.2469902452683302, 0.30771865671435283, 0.20116005932457764, 0.24413103869273958], [0.21557863007717717, 0.2371785914471946, 0.24052052988234066, 0.3067222485932875], [0.26235943099788545, 0.3012883307565149, 0.17490469430578737, 0.2614475439398125], [0.3075581052074152, 0.2286439767587519, 0.16076298954693427, 0.3030349284868985], [0.25102278471639683, 0.2736371516321994, 0.19988495902722445, 0.2754551046241795], [0.2859443496988614, 0.2875246928566173, 0.17825947977227513, 0.24827147767224622], [0.30919262893107907, 0.2573828308267541, 0.14399940036863268, 0.28942513987353413], [0.2342085365886563, 0.32446868790676625, 0.2176039798990421, 0.22371879560553543], [0.29757357188283123, 0.2591976266704943, 0.17066510792186879, 0.27256369352480597], [0.31581269330339756, 0.22717433356692174, 0.17271953216559718, 0.2842934409640837], [0.26891761293211996, 0.23518959135298018, 0.1436267390194833, 0.35226605669541655], [0.20716842671757094, 0.25350802918548443, 0.22391904262925688, 0.315404501467688], [0.22898327012671385, 0.2683196756707732, 0.19077359161064866, 0.3119234625918642], [0.32983637892148127, 0.23724833099390757, 0.14130413898904126, 0.2916111510955699], [0.30751678199752336, 0.20302489666653029, 0.15598508704890426, 0.3334732342870421], [0.26708744725031264, 0.2647693371258722, 0.21579645932441063, 0.2523467562994046], [0.23682672304305485, 0.3140899709061171, 0.20551314337464988, 0.24357016267617826], [0.22036068119949617, 0.3446109423493376, 0.20298117451237382, 0.2320472019387927], [0.2640126606216479, 0.27521031527341844, 0.27531202708841745, 0.1854649970165163], [0.20950147584267317, 0.2633854222005418, 0.19753841197933203, 0.32957468997745315], [0.24356547732203, 0.27285610921801406, 0.19695599726137256, 0.2866224161985837], [0.2981411425296337, 0.24259871371478176, 0.18613375612415994, 0.2731263876314247], [0.24917613211093287, 0.23380230221410284, 0.17087587720534197, 0.3461456884696225], [0.2783955389202011, 0.2885214269830741, 0.17449043580986076, 0.2585925982868642], [0.2571779491012825, 0.27336701822214626, 0.17717107283685113, 0.29228395983972033], [0.27614382891598316, 0.24788380146618677, 0.184175299129332, 0.29179707048849834], [0.21879783094404257, 0.2862612243615651, 0.21911754119535287, 0.27582340349903955], [0.28071386594505954, 0.2997196808852856, 0.2226141484752265, 0.1969523046944286], [0.2676093072617385, 0.2367797221261376, 0.23279373565868566, 0.2628172349534384], [0.2712747762576766, 0.25228252488497716, 0.18374314375238282, 0.2926995551049634], [0.2208268991828833, 0.306910676471545, 0.17169405755058745, 0.30056836679498433], [0.2905192792072809, 0.2522400213172733, 0.17397882057974637, 0.28326187889569937], [0.25034282611276115, 0.28607768896940167, 0.17752180502362588, 0.2860576798942113], [0.29697487671842376, 0.1998406803715131, 0.19943220262450922, 0.3037522402855539], [0.2677806592895397, 0.28236232743471734, 0.16958451064273194, 0.28027250263301107], [0.28904661848420765, 0.28422300387632304, 0.1976577780624735, 0.22907259957699577], [0.25156513470916464, 0.2515498782887496, 0.1742177734364444, 0.3226672135656413], [0.2053302246340566, 0.3042217243079868, 0.1515655985341126, 0.33888245252384425], [0.2195310556005084, 0.270928555422219, 0.23934024461273715, 0.27020014436453543], [0.2569428693557639, 0.2910698606676317, 0.1834696309216404, 0.2685176390549643], [0.22437587000763579, 0.2564203033224331, 0.20405668798891305, 0.31514713868101824], [0.2666022369684881, 0.3177319841323935, 0.18128192712683044, 0.23438385177228768], [0.24033129932143565, 0.3318131266058786, 0.166287216282171, 0.2615683577905148], [0.27628617100478503, 0.2631920556845993, 0.18916825321282474, 0.2713535200977908], [0.29513028325326607, 0.2741790569157547, 0.19399732016230317, 0.23669333966867623], [0.20690637770001433, 0.2599296753119449, 0.18839596007393522, 0.34476798691410565], [0.2145548048290607, 0.3261326877534666, 0.1723397331117723, 0.28697277430570034], [0.2871158603231039, 0.2892827886150806, 0.1767898215777623, 0.2468115294840533], [0.25874667434067344, 0.2515669145468371, 0.19133793988597847, 0.2983484712265112], [0.2846775666930019, 0.28335079805065844, 0.15416767632682782, 0.27780395892951176], [0.278878690927102, 0.28748258758753764, 0.17273618784498315, 0.26090253364037747], [0.25120766400890876, 0.2906788346945744, 0.1684130464316257, 0.2897004548648911], [0.2859581725995974, 0.26380585412993335, 0.16806853395728033, 0.28216743931318894], [0.20466029972880267, 0.2398466295048536, 0.24029278409477783, 0.3152002866715661], [0.20384657146604127, 0.25916477333297583, 0.1666433661562143, 0.3703452890447685], [0.17422484470101957, 0.27733647740108985, 0.19980182403453522, 0.3486368538633554], [0.22719452469683918, 0.3316820727427837, 0.18292118346629052, 0.25820221909408664], [0.30124615944270067, 0.2358181159108314, 0.17478218320740282, 0.2881535414390653], [0.18915845260610215, 0.3124387050918445, 0.20483550621078572, 0.2935673360912677], [0.2827928810585228, 0.27924570990830305, 0.15996560858968856, 0.27799580044348565], [0.21228686019356025, 0.26341771746689874, 0.2502483210118156, 0.2740471013277256], [0.25540756187098484, 0.272115313435656, 0.21661868732581932, 0.25585843736754016], [0.23613316931995743, 0.27056901103149306, 0.20247638212493788, 0.2908214375236118], [0.24913830322292768, 0.3314613964427307, 0.18765969509397112, 0.23174060524037063], [0.2533654612499295, 0.27964364905434563, 0.1691294746536255, 0.29786141504209945], [0.26880559203618615, 0.36404663023856393, 0.15491069101577057, 0.21223708670947944], [0.31685004666354083, 0.2338739332892351, 0.17028843001743904, 0.27898759002978496], [0.3287704321199854, 0.28975191360064856, 0.14215890739951262, 0.2393187468798539], [0.22868331767879838, 0.2679934191841512, 0.21057528588442215, 0.29274797725262847], [0.25199018295675635, 0.2585673367493195, 0.1856238365259481, 0.30381864376797607], [0.31539362648831576, 0.27407207487794844, 0.18581160009369369, 0.22472269854004231], [0.266978256050041, 0.2742952240445699, 0.1736057947072067, 0.28512072519818266], [0.23724583698532148, 0.2824992184453775, 0.15940882105431936, 0.32084612351498193], [0.1876649361699711, 0.2922602442627184, 0.17950338588948242, 0.3405714336778283], [0.2644069266732604, 0.2607417409041877, 0.21078636522358138, 0.26406496719897066], [0.28080094785143367, 0.24896473522736737, 0.16000471181048073, 0.3102296051107183], [0.23080422453507388, 0.2911813688270858, 0.18005805570648864, 0.2979563509313518], [0.2732825450096402, 0.28414281423602006, 0.17591400952136219, 0.2666606312329776], [0.26503607292761944, 0.23337533146368433, 0.1755868086898786, 0.32600178691881787], [0.22336358129717024, 0.2968841711019515, 0.18085040371573866, 0.29890184388513985], [0.23763926689988518, 0.34691520047442054, 0.18824403578274843, 0.2272014968429459], [0.2971345645693151, 0.21851914986785115, 0.16731743320427073, 0.31702885235856315], [0.26932572285522466, 0.295401513482309, 0.14579019658170256, 0.289482567080764], [0.1869835363992646, 0.27175532757433296, 0.19563682688527972, 0.3456243091411229], [0.26497062898772955, 0.2660842521911992, 0.17672521821698925, 0.29221990060408204], [0.25050256345045374, 0.31490954460934995, 0.17605180652851193, 0.25853608541168444], [0.26916612036976906, 0.2598109841125008, 0.171514512464425, 0.2995083830533052], [0.3094985987867151, 0.2575965888998044, 0.12630201418765272, 0.3066027981258281], [0.2511639254493712, 0.30215435852690536, 0.1400241653277204, 0.30665755069600326], [0.2444791466002484, 0.2982985116575755, 0.22580629448337966, 0.23141604725879655], [0.2606225253307417, 0.26395578650805746, 0.17625318229664075, 0.2991685058645601], [0.25787359644412877, 0.265615777398445, 0.18820838464264322, 0.2883022415147831], [0.29451638198329194, 0.2145015887146633, 0.15784829249197022, 0.33313373681007474], [0.251534451331313, 0.2808690298648742, 0.1874552722284017, 0.280141246575411], [0.21654331696034998, 0.2843100932326601, 0.19999868178910252, 0.2991479080178877], [0.24685959145543288, 0.2295969450741664, 0.21286868707739715, 0.3106747763930039]]}}