{"test": {"ids": ["103118110", "113121680", "105113480", "103111830", "107113550", "105117351", "97106970", "108113480", "110120640", "99109840", "99109780", "106118301", "105117200", "107120260", "111119930", "113117401", "111118810", "97112290", "98110230", "113122510", "113120830", "104111880", "97116410", "113117550", "105117431", "106116850", "100111380", "112117431", "103120340", "107113180", "110116501", "112118161", "105113620", "112118581", "108113760", "110114720", "111115910", "105120280", "113122160", "98107010", "107118490", "105121190", "109119340", "112120630", "113122430", "108121160", "108115970", "100111080", "112118860", "107114140", "111118820", "97109570", "112117461", "103110050", "108114040", "100110260", "108118520", "105110091", "109114030", "110114651", "111121190", "98121790", "109120150", "112119980", "112116401", "98117740", "112121360", "103113270", "107113130", "98109570", "109117110", "104113240", "109119591", "110120560", "112116880", "106118161", "111120591", "109113931", "100111270", "107116340", "101114990", "103113210", "99116500", "98116940", "112119950", "100109000", "111119290", "108120700", "112116501", "100108990", "103120730", "100108490", "98111231", "111117120", "111120280", "107113200", "107113260", "113118620", "99109370", "104116441", "113122190", "97105580", "110115890", "102118380", "101108121", "111116990", "102109840", "106115240", "109120560", "112117780", "104117630", "103117200", "112118810", "109115211", "108114200", "107113360", "105113260", "101111310", "100117420", "112116640", "107116300", "101119591", "113119120", "109118231", "109117431", "99119830", "113119360", "100107920", "112121010", "102108621", "112117471", "110120190", "113118870", "100120010", "107115250", "109116810", "109121640", "106119990", "110120700", "100109980", "99109141", "110114920"], "labels": [2, 1, 0, 3, 0, 0, 2, 0, 0, 2, 2, 1, 3, 1, 1, 3, 0, 1, 3, 2, 3, 3, 3, 3, 1, 3, 3, 0, 1, 3, 3, 0, 0, 1, 1, 3, 2, 3, 3, 3, 2, 2, 3, 3, 2, 2, 2, 0, 3, 2, 0, 0, 0, 3, 0, 3, 0, 0, 1, 3, 1, 2, 2, 0, 0, 2, 3, 2, 1, 1, 1, 2, 0, 0, 0, 3, 1, 1, 2, 3, 3, 3, 2, 2, 0, 1, 3, 2, 3, 2, 1, 2, 1, 2, 0, 0, 0, 3, 1, 1, 1, 1, 2, 1, 0, 0, 2, 1, 1, 0, 0, 0, 3, 0, 0, 0, 3, 3, 2, 0, 0, 0, 3, 1, 1, 1, 0, 0, 2, 3, 3, 3, 0, 0, 2, 3, 0, 0, 2, 1, 3, 3], "predicted_labels": [3, 3, 2, 0, 0, 0, 2, 3, 0, 2, 1, 1, 1, 1, 0, 0, 3, 3, 1, 0, 1, 3, 1, 0, 2, 0, 0, 0, 2, 1, 3, 3, 0, 2, 0, 2, 3, 2, 2, 1, 1, 2, 0, 1, 2, 1, 3, 1, 1, 1, 3, 2, 3, 1, 3, 0, 1, 3, 3, 1, 2, 2, 2, 3, 0, 1, 0, 3, 2, 3, 3, 1, 1, 2, 1, 3, 3, 0, 2, 1, 1, 2, 2, 1, 3, 3, 3, 3, 3, 1, 0, 1, 0, 1, 3, 3, 2, 1, 3, 3, 2, 0, 1, 1, 1, 0, 2, 0, 3, 0, 0, 0, 0, 3, 0, 2, 2, 0, 2, 3, 1, 0, 3, 1, 3, 1, 0, 0, 0, 0, 1, 3, 3, 2, 1, 0, 2, 3, 3, 3, 0, 1], "confidence_scores": [[0.07435010806806301, 0.008008675467405501, 0.1591577130187461, 0.7584835034457855], [0.003008217668802908, 0.4478152837053131, 0.005929233889852803, 0.5432472647360314], [0.0006521608186063829, 0.3927680453278789, 0.5995453331859137, 0.007034460667601027], [0.9834164403479891, 0.00216162702148105, 0.006038003263683632, 0.008383929366846265], [0.7627809640038674, 0.01135479493121113, 0.16576038048185943, 0.06010386058306194], [0.8916812659297988, 0.004027217817100417, 0.02146922724473458, 0.08282228900836622], [0.0044835340330898095, 0.3120427437127736, 0.4728453891590107, 0.21062833309512577], [0.0004892396614411016, 3.565483635407114e-05, 6.0283741779655324e-05, 0.9994148217604252], [0.9592306235517821, 0.014183448329054667, 0.0056588612548663045, 0.02092706686429687], [0.0019239487005306517, 0.00422493005313471, 0.9775254550346322, 0.016325666211702304], [0.00618468686788282, 0.9557813376743975, 0.03320917744341003, 0.004824798014309792], [0.028567878455433234, 0.9713891261836984, 3.155308377362727e-05, 1.1442277094472545e-05], [0.06976550636004354, 0.898806481740535, 0.0014206606456227799, 0.030007351253798737], [0.3891998481007235, 0.6088824982980329, 0.0011402673751734842, 0.0007773862260701974], [0.9780345761384804, 0.001032227408225532, 0.00659093943824057, 0.01434225701505358], [0.9931416201957267, 0.0050719738560372945, 0.001594191385406467, 0.00019221456282945176], [0.0050943894445487576, 0.006271898936710456, 1.6564850888586206e-06, 0.9886320551336518], [0.0007673356373266783, 0.002572109520230859, 0.04859413270030021, 0.9480664221421423], [0.009355552409404368, 0.9793689390451084, 0.011072677931157461, 0.00020283061433002414], [0.9922020455029457, 0.005142409661606556, 0.0026188966169721686, 3.664821847572763e-05], [0.20902243120270614, 0.30437400519359753, 0.2641802558385432, 0.22242330776515318], [4.378749766675407e-05, 0.0027344146524389216, 0.010603040989804966, 0.9866187568600893], [0.16399896287401877, 0.622206833846697, 0.12831601244096963, 0.08547819083831465], [0.5531971924736556, 0.16812893667200698, 0.18430867503699072, 0.09436519581734663], [0.04866385817501152, 0.27887729350168006, 0.6711592739806047, 0.0012995743427036655], [0.9931190275234761, 3.614108994846822e-05, 0.002752738882489168, 0.004092092504086131], [0.9944169147733796, 0.003971625317949642, 6.243354057664714e-06, 0.0016052165546128901], [0.8467609743289607, 0.15040966082511448, 0.0015151115349750649, 0.001314253310949808], [0.0016252369330196274, 4.050975404625764e-05, 0.7475709181830854, 0.2507633351298486], [0.0026814579341749357, 0.995506333220897, 0.0017340295175233855, 7.817932740485602e-05], [0.08853906661589504, 0.003208202526723266, 6.476184490229141e-06, 0.9082462546728916], [0.06880110157445991, 0.32334980375703387, 9.284726134244036e-05, 0.6077562474071637], [0.7917435833569891, 0.09220866620589976, 0.0522428164634046, 0.06380493397370647], [0.0001396808785599778, 0.08070000759884664, 0.9096855452865121, 0.009474766236081306], [0.5782744490306836, 0.413483118674906, 0.007831691157857127, 0.00041074113655338096], [0.00011340428646215769, 0.005018346787828664, 0.9932654216693549, 0.0016028272563542295], [0.0027527160368415386, 0.014453396057248913, 0.05965784138097346, 0.9231360465249361], [0.042089288459826346, 0.015273886516532538, 0.7078645425195967, 0.23477228250404442], [0.00408171434596051, 0.033693984631219934, 0.9250797107641656, 0.03714459025865385], [0.2446942207143219, 0.4051356357043101, 0.056354618707484004, 0.29381552487388407], [8.113690770751953e-05, 0.7478791428388992, 0.2516587565197582, 0.0003809637336350982], [5.0272361627815294e-05, 0.021707153915556693, 0.8782933533430461, 0.09994922037976937], [0.5533209267876479, 0.07141985300296529, 0.010377551373279156, 0.3648816688361076], [2.9322323082138254e-05, 0.9994938256861052, 0.0002810289867051334, 0.00019582300410758718], [0.0016774156373124142, 0.15793079387185152, 0.47489587000448275, 0.3654959204863533], [0.002691172011126173, 0.9677873802853514, 0.00013766023338439035, 0.029383787470137944], [0.021075326702452806, 6.822563083002524e-05, 1.2920236751342543e-05, 0.9788435274299658], [0.013731627986536986, 0.9792737517823352, 0.0025187587403593045, 0.0044758614907682995], [0.03826812021810016, 0.4901246108188982, 0.00034066454458544425, 0.47126660441841617], [0.01709974421314404, 0.9799618349628718, 0.0004918843508431866, 0.0024465364731408724], [0.2539550594162175, 0.0008758329217965829, 0.0002164900263743188, 0.7449526176356116], [0.2820450660728596, 0.16092206657294061, 0.5489437154705389, 0.008089151883660772], [0.10501831235010411, 0.0024634131066910737, 0.005931437557911936, 0.886586836985293], [4.240908989197175e-05, 0.8315061330890577, 0.0003008930122064553, 0.16815056480884394], [0.04924332508469999, 0.10889226163560839, 0.09814921284807161, 0.74371520043162], [0.5473262751788882, 0.007523214106970459, 0.4364703538596002, 0.00868015685454119], [2.931290087513017e-05, 0.9998356321034452, 9.83883027304121e-05, 3.6666692949247534e-05], [0.0015483124375937686, 5.254414244895889e-05, 4.0914288862994344e-05, 0.9983582291310942], [0.005626202719788839, 0.00281541207315787, 0.4612235334198641, 0.5303348517871891], [0.08502670729867379, 0.743842815180347, 0.002462952871238683, 0.16866752464974058], [0.1738360903249825, 0.14004495464859465, 0.42126950399532215, 0.26484945103110064], [0.012354160994182193, 0.013852573344422142, 0.9734604391321843, 0.0003328265292114361], [0.0005557214173331722, 0.0002764881172014421, 0.9991643805176366, 3.4099478289076056e-06], [0.00016958355010191967, 0.0004912655112587314, 9.159164308791143e-06, 0.9993299917743305], [0.9970454469493738, 4.321193317164977e-06, 0.000974471537474962, 0.0019757603198342103], [1.7043110841244826e-05, 0.9910718487223985, 0.006755833313234844, 0.0021552748535251937], [0.978720326443692, 0.01898498707123091, 1.4912869223577371e-05, 0.002279773615853541], [0.0002647460211816176, 0.19970164026620502, 0.1498487190405849, 0.6501848946720286], [0.00025121797608471336, 0.0008228683540571404, 0.8603888377155828, 0.13853707595427545], [0.1370908863551417, 0.015994359616889095, 0.008657020482829725, 0.8382577335451394], [0.056632504525360595, 0.14727599068567018, 0.03441545920675646, 0.7616760455822128], [0.10169869857070368, 0.7109256287255382, 0.1873088144347047, 6.685826905340468e-05], [0.056200631098850255, 0.9357423835246937, 0.007129090406077289, 0.000927894970378671], [0.3862764869384006, 0.0059427090186182745, 0.43874022240698846, 0.16904058163599253], [0.05552054164732906, 0.5218290861306193, 0.11255424864695186, 0.31009612357509997], [0.02900988853761885, 0.09097996290199331, 0.29648217304543917, 0.5835279755149486], [0.04192373749531579, 0.006991609871792864, 4.6148258404681177e-05, 0.9510385043744867], [0.996649013870813, 0.0027631886037989112, 8.80490266023049e-06, 0.0005789926227277044], [5.597087878776885e-07, 0.008516246582978408, 0.9911240743452946, 0.00035911936293915624], [0.1677674936279276, 0.8306998391909532, 1.7468084861521963e-05, 0.0015151990962576501], [8.921421150882652e-07, 0.8279171554375206, 0.05457582385386216, 0.11750612856650222], [0.006123873395756543, 0.24723554736806852, 0.7190564034169544, 0.027584175819220545], [9.536069902926974e-08, 0.00017229128536776946, 0.9995623583265834, 0.00026525502734964376], [0.22346287838009124, 0.5594723195798117, 0.21565235706945166, 0.0014124449706453654], [0.037940318949827384, 0.00022914781504508006, 0.0035164767949046596, 0.9583140564402229], [0.018262567134674494, 0.41665553075321693, 0.02007959920995403, 0.5450023029021546], [3.001515137249953e-05, 0.0005186589856365737, 0.00015400777990202068, 0.9992973180830889], [0.002547724346653007, 0.05756278543161136, 2.6152372918984765e-05, 0.9398633378488166], [0.0005656879731324849, 0.05959722125751594, 0.00035390578029592966, 0.9394831849890556], [0.001227342180318128, 0.9860197300974838, 0.0012587659203278907, 0.011494161801870122], [0.9947160213619749, 0.0013798980620477012, 0.0032500698429133246, 0.0006540107330643267], [0.0022987223019543587, 0.9870624827387964, 7.775580824230821e-05, 0.010561039151007099], [0.9267720715627974, 0.004587083136086344, 0.0003092975661051503, 0.06833154773501103], [0.0626106730973693, 0.8240374005017578, 0.06359858654776625, 0.049753339853106725], [0.0007468736165427496, 0.0013007596230400894, 0.00018497144422312042, 0.997767395316194], [0.36168595884354954, 2.219990924026308e-05, 0.0007347275774713299, 0.6375571136697388], [0.0011347355837110819, 0.035809577132921114, 0.8582058960682769, 0.104849791215091], [0.0001785468574219593, 0.9991101692340525, 9.657553207114242e-08, 0.0007111873329933978], [0.17256212337487406, 0.10054262982510505, 0.3016093458888586, 0.4252859009111623], [0.0693776318714504, 0.012233508572459549, 2.3011225001483203e-06, 0.9183865584335899], [0.02038515515146985, 0.09497864009071372, 0.8193117879699829, 0.06532441678783359], [0.9838425852204454, 2.6231688819626176e-06, 0.01614270765606425, 1.2083954608290796e-05], [0.0008821690343659361, 0.9208107182035185, 0.06311377087640048, 0.01519334188571539], [0.006410352637023464, 0.692207119927459, 0.2594920448955636, 0.04189048253995385], [0.01557559635574119, 0.5935606533393463, 0.007062244679468526, 0.383801505625444], [0.9282269000364936, 0.021539923518636723, 0.005286701331283285, 0.044946475113586404], [0.005707894019068326, 0.06365218766602582, 0.9304925107237457, 0.00014740759116021874], [0.9739253518800146, 0.019973773223658512, 0.004750051337031296, 0.0013508235592957479], [9.504705333473066e-06, 0.21528204920219834, 0.055348082828005844, 0.7293603632644623], [0.941446655201802, 0.05619380135689622, 0.001329730988511831, 0.0010298124527899448], [0.8957779247891638, 0.001615222547074145, 0.0003165480784389135, 0.10229030458532305], [0.9775061477241358, 0.0014968374161227443, 0.0007214261329511988, 0.020275588726790153], [0.9423338970340107, 0.024426060082285102, 0.00016277838789490064, 0.03307726449580928], [0.00022358877320747267, 5.597741600132562e-06, 7.992867685165836e-06, 0.9997628206175073], [0.9012550063451713, 0.002420421889282733, 0.010505823616663891, 0.08581874814888212], [0.1396794024621168, 0.00030357979931846927, 0.8262223667847426, 0.03379465095382206], [0.003387911899398017, 0.005070380175421169, 0.7244925121058144, 0.2670491958193662], [0.8621838759700805, 0.09703401179679343, 0.0406505975757195, 0.00013151465740652763], [2.1723590358477587e-06, 2.341305470605484e-06, 0.9999807605981412, 1.4725737352384236e-05], [0.009793949191144234, 0.00040423981030970733, 0.007716878673498327, 0.9820849323250478], [0.006242093086125063, 0.8579655384393274, 0.0003666152391968356, 0.13542575323535053], [0.9740115255316613, 0.0016716054440153443, 0.0031792999583507052, 0.021137569065972705], [0.1241341266473049, 0.002364404711335335, 0.008209937652406778, 0.865291530988953], [0.47400630060465193, 0.5132597831671937, 0.0015284791319344713, 0.011205437096220024], [0.11386246852487401, 0.17393371377907604, 0.0012750974833240043, 0.710928720212726], [0.0009840615210674677, 0.5274406578342488, 0.41539102858610766, 0.05618425205857613], [0.980485165515349, 0.010262022053077875, 0.004128189077893096, 0.005124623353679999], [0.9518928970948803, 7.642415886779849e-05, 0.0033625782355838616, 0.04466810051066797], [0.9469439911873765, 0.008521098833408835, 0.002280728532911554, 0.04225418144630324], [0.884556282656941, 0.03991842621196736, 0.06282464093120402, 0.012700650199887784], [0.0009097150451569647, 0.813100415842971, 0.0018786499017729426, 0.1841112192100991], [0.00020347870159794217, 0.010184655598959778, 2.679914608452087e-06, 0.9896091857848338], [0.19305622785697824, 0.11155563724828416, 0.0007627945471139533, 0.6946253403476236], [0.002788740720697515, 0.029580389307332658, 0.9634420731961637, 0.004188796775806188], [0.014498198703702102, 0.947530471538244, 0.037213611189487454, 0.0007577185685662044], [0.7898807076155294, 0.05199501560357056, 0.0008743736105040248, 0.15724990317039597], [0.000298997137425181, 0.0598105436435903, 0.9330781135999509, 0.0068123456190334565], [2.1925322128525972e-05, 3.5548689162164685e-05, 0.023129738993145067, 0.9768127869955643], [0.0019528809850489386, 0.34742518440412656, 0.011887265913385356, 0.6387346686974391], [0.3251418426058361, 0.026276081268067866, 0.005038817096888625, 0.6435432590292074], [0.9858917810860638, 0.013987816300779046, 5.0769013041360426e-05, 6.963360011562458e-05], [0.10113264381370346, 0.8905816191339063, 0.007700881250439204, 0.0005848558019509388]]}, "rewritten": {"ids": ["97105580", "97106970", "97109570", "97112290", "97116410", "98107010", "98109570", "98110230", "98111231", "98116940", "98117740", "98121790", "99109141", "99109370", "99109780", "99109840", "99116500", "99119830", "100107920", "100108490", "100108990", "100109000", "100109980", "100110260", "100111080", "100111270", "100111380", "100117420", "100120010", "101108121", "101111310", "101114990", "101119591", "102108621", "102109840", "102118380", "103110050", "103111830", "103113210", "103113270", "103117200", "103118110", "103120340", "103120730", "104111880", "104113240", "104116441", "104117630", "105110091", "105113260", "105113480", "105113620", "105117200", "105117351", "105117431", "105120280", "105121190", "106115240", "106116850", "106118161", "106118301", "106119990", "107113130", "107113180", "107113200", "107113260", "107113360", "107113550", "107114140", "107115250", "107116300", "107116340", "107118490", "107120260", "108113480", "108113760", "108114040", "108114200", "108115970", "108118520", "108120700", "108121160", "109113931", "109114030", "109115211", "109116810", "109117110", "109117431", "109118231", "109119340", "109119591", "109120150", "109120560", "109121640", "110114651", "110114720", "110114920", "110115890", "110116501", "110120190", "110120560", "110120640", "110120700", "111115910", "111116990", "111117120", "111118810", "111118820", "111119290", "111119930", "111120280", "111120591", "111121190", "112116401", "112116501", "112116640", "112116880", "112117431", "112117461", "112117471", "112117780", "112118161", "112118581", "112118810", "112118860", "112119950", "112119980", "112120630", "112121010", "112121360", "113117401", "113117550", "113118620", "113118870", "113119120", "113119360", "113120830", "113121680", "113122160", "113122190", "113122430", "113122510"], "labels": [1, 2, 0, 1, 3, 3, 1, 3, 1, 2, 2, 2, 3, 1, 2, 2, 2, 1, 0, 2, 2, 1, 1, 3, 0, 2, 3, 2, 0, 0, 3, 3, 0, 3, 2, 1, 3, 3, 3, 2, 0, 2, 1, 1, 3, 2, 1, 0, 0, 3, 0, 0, 3, 0, 1, 3, 2, 1, 3, 3, 1, 0, 1, 3, 0, 0, 0, 0, 2, 2, 0, 3, 2, 1, 0, 1, 0, 0, 2, 0, 2, 2, 1, 1, 0, 3, 1, 1, 1, 3, 0, 2, 1, 0, 3, 3, 3, 2, 3, 3, 0, 0, 2, 2, 0, 2, 0, 0, 3, 1, 0, 1, 1, 0, 3, 0, 0, 0, 0, 3, 0, 0, 1, 3, 3, 0, 0, 3, 2, 3, 3, 3, 3, 0, 3, 0, 3, 1, 3, 1, 2, 2], "predicted_labels": [0, 1, 2, 2, 1, 1, 2, 1, 0, 0, 1, 1, 0, 2, 1, 2, 2, 1, 0, 1, 1, 1, 0, 2, 1, 2, 0, 2, 2, 3, 1, 1, 0, 0, 2, 1, 1, 0, 1, 2, 0, 3, 3, 0, 3, 0, 3, 0, 3, 3, 2, 0, 3, 0, 2, 2, 2, 0, 0, 2, 1, 3, 2, 1, 0, 2, 2, 0, 1, 1, 1, 1, 1, 1, 3, 0, 1, 0, 3, 1, 3, 1, 0, 3, 3, 1, 3, 0, 0, 3, 2, 2, 1, 2, 1, 2, 3, 1, 3, 3, 0, 1, 1, 2, 0, 1, 3, 3, 3, 0, 3, 3, 3, 0, 3, 3, 0, 0, 3, 3, 0, 1, 2, 3, 0, 3, 3, 1, 0, 0, 0, 0, 1, 3, 3, 0, 1, 1, 2, 2, 1, 0], "confidence_scores": [[0.981041091574137, 4.6249538818719904e-06, 0.01895130028804925, 2.983183931754706e-06], [0.0006399879009106517, 0.98969545920261, 0.0019961259449449106, 0.007668426951534307], [0.2913079526537394, 0.14448300760481342, 0.5481844337700068, 0.016024605971440425], [0.09563108217171452, 0.033334493694677565, 0.6766239800124975, 0.19441044412111044], [0.16919431610597885, 0.5626060203296619, 0.10074582893988687, 0.1674538346244725], [0.08521294095122055, 0.838347048964023, 0.005332441502642427, 0.07110756858211398], [0.13064367982499975, 0.052877933795050715, 0.7335527266386017, 0.0829256597413478], [0.0016878962289545022, 0.9967835296961288, 0.001397058470480666, 0.0001315156044359434], [0.6167565631319987, 0.032938202658013525, 0.0007428464608693132, 0.34956238774911835], [0.9596479407869555, 0.013230619357595945, 0.027116343368981805, 5.096486466621062e-06], [4.5877289339831284e-05, 0.9817272652921133, 0.018193467269335774, 3.339014921106022e-05], [0.0761306862005894, 0.8199647477854798, 0.10371741643348469, 0.00018714958044620868], [0.9956238750248149, 0.004373685896592449, 2.264258589698111e-06, 1.7482000288247755e-07], [0.055723199579913826, 0.08340791351280824, 0.6203694442307555, 0.24049944267652248], [9.959668861976654e-05, 0.9759028707835392, 0.02104058964976989, 0.0029569428780711576], [0.0004756345202442756, 0.00446588921679595, 0.984877810803367, 0.01018066545959293], [3.151441077964463e-06, 0.007724832157727959, 0.9803011372871341, 0.011970879114060144], [0.0010966036836292238, 0.9083606142293439, 0.04341367514482095, 0.04712910694220585], [0.9004599785743812, 0.0015755272918059268, 9.522969858711256e-05, 0.09786926443522563], [0.004372638465196817, 0.9946663378020875, 2.1947106912595307e-06, 0.0009588290220243797], [0.00430876115230007, 0.9479378412683868, 0.005619780471466056, 0.04213361710784725], [0.1625786326289859, 0.6084123263186205, 0.057209472795862325, 0.1717995682565312], [0.9588955665897443, 0.002971031714207265, 0.002782215881079808, 0.03535118581496872], [0.3001628376930442, 0.03153471656459343, 0.6281853458598214, 0.04011709988254089], [0.005486729004642643, 0.9347778153571747, 0.00181618322720392, 0.057919272410978884], [0.00010804089575843446, 0.010251448233020925, 0.9892304537049316, 0.0004100571662891615], [0.9850683379998161, 0.01470520373679518, 1.0305186738265298e-05, 0.000216153076650489], [0.0004051876055256476, 0.00036551003122480544, 0.9992173243582673, 1.1978004982143016e-05], [0.0011651932522235475, 0.012789380214163615, 0.9811925674098406, 0.004852859123772307], [0.012778374368018533, 0.1817878920574022, 0.0006020595537072647, 0.8048316740208721], [0.07597087494723058, 0.9040210014254058, 0.019999787971264713, 8.335656098963482e-06], [7.141419380995096e-07, 0.9975685447029441, 0.0008823285315199167, 0.0015484126235980034], [0.9942600243513673, 0.00012849258176908447, 0.0006621273930293008, 0.004949355673834568], [0.9350810426092311, 0.03818161475819897, 0.02423719529652139, 0.002500147336048557], [0.11676527236690025, 0.10302228477907967, 0.7801467559536434, 6.56869003767002e-05], [0.001061245872721797, 0.6221839548899131, 0.37641407520358006, 0.00034072403378504116], [0.0009984902605332034, 0.9656910427155007, 0.0017067088720381593, 0.03160375815192792], [0.9569008703506742, 0.019916482003457452, 0.010422460457107492, 0.012760187188761055], [0.017983777279425225, 0.6633155296247235, 0.31818658317487547, 0.0005141099209757244], [0.00010988341577896745, 0.23289887960773908, 0.44022739963212104, 0.326763837344361], [0.8153066552795405, 0.0018443658828119882, 0.0004769752148840443, 0.18237200362276343], [0.007392962142647797, 0.12078630214973697, 0.035686417900798954, 0.8361343178068162], [0.0008355408498653452, 0.0014705558404687453, 0.2255699527866896, 0.7721239505229764], [0.42803809177804575, 0.4213739685221968, 0.11483675579930779, 0.03575118390044968], [0.009284324142801448, 0.00044962067191838743, 0.15233313648991512, 0.837932918695365], [0.5267170352324837, 0.27093025899025325, 0.20234380510748265, 8.900669780414332e-06], [0.4538154636309079, 0.00015064965979408467, 1.4723526461056545e-07, 0.5460337394740334], [0.6836954165424912, 0.0670697875897945, 0.0010842812610852841, 0.24815051460662887], [0.0001853070166199171, 7.028272733047442e-06, 0.00017861946342445471, 0.9996290452472225], [3.0269716817155205e-05, 0.0008248074854800559, 0.31123766469615227, 0.6879072581015506], [3.203447752917167e-05, 0.01866882232946536, 0.9812853414554448, 1.3801737560840452e-05], [0.47684762579054646, 0.44771971684649675, 0.052552138319269075, 0.022880519043687653], [0.11120955834987878, 0.04448761926597479, 0.0008174355263658661, 0.8434853868577805], [0.9679259633887941, 0.00010737565963414239, 0.014788297815558358, 0.01717836313601348], [0.0003816240462887665, 0.007562172906124157, 0.9918324598092727, 0.0002237432383143304], [0.1863775597505955, 0.07446216753903637, 0.5028773261635041, 0.23628294654686405], [3.2429218834835103e-06, 0.00020040223896920312, 0.99924086003442, 0.0005554948047273214], [0.9990608122338089, 0.0003039202459564906, 0.0005291344081606191, 0.00010613311207391048], [0.9996615350426257, 0.00018108808718495276, 0.00010283810731573354, 5.45387628735685e-05], [0.15466198355268446, 0.018689219866166285, 0.5411837195784831, 0.28546507700266616], [0.02228046125920519, 0.9774306588541314, 0.00027177354674023745, 1.7106339923327284e-05], [2.715829636624573e-06, 8.488035070221411e-06, 0.00023040703437871257, 0.9997583891009145], [8.652917556885218e-06, 6.308312954060568e-05, 0.9850145116624459, 0.014913752290456562], [0.14505840236674242, 0.5728895161575348, 0.2621753491601866, 0.01987673231553635], [0.7708937151454935, 0.0008642634717020585, 0.034478314351601855, 0.1937637070312025], [0.013305467697628488, 0.0063965632495340315, 0.8853680093314741, 0.09492995972136331], [0.0036483763443244093, 0.0010343958343402746, 0.9948752350784819, 0.00044199274285346515], [0.6662776138631099, 0.03227239257321695, 0.2599562569732018, 0.04149373659047134], [0.004790990024042967, 0.994428616656916, 0.0005807774923098537, 0.00019961582673121863], [0.0036561109862614624, 0.9495190209053868, 0.04651694492811985, 0.0003079231802320158], [0.006941722369875269, 0.5051437035793169, 0.00438037643347935, 0.48353419761732835], [0.022351988666352466, 0.9768462798541085, 0.0004955456262203273, 0.00030618585331871874], [3.440225141833121e-05, 0.9058084838810291, 0.09290458940123109, 0.0012525244663214074], [0.291909449589763, 0.7044420771826523, 0.003438360471335091, 0.00021011275624970873], [0.0010848312880112868, 0.0002518271757757714, 0.0004677884768500808, 0.9981955530593628], [0.9740546431845885, 0.022705885581018357, 0.0031824104050344154, 5.706082935893885e-05], [0.06796582297153221, 0.8781406893943572, 0.01446525758850657, 0.03942823004560393], [0.9951557981537001, 0.0014411103363971825, 0.0032873917276322316, 0.00011569978227049857], [0.0036177223711407803, 1.9393370770565534e-05, 3.107033152326221e-05, 0.9963318139265654], [0.0004501799527235759, 0.9988347999344122, 0.0007109674164844839, 4.052696379827811e-06], [0.0008124166111861081, 0.049795764288594564, 2.2592677530897007e-06, 0.9493895598324662], [0.10587606899787053, 0.7818563930910672, 0.00019154628567208046, 0.11207599162539005], [0.9908573120577018, 0.00826779809812185, 0.00045758212549658117, 0.00041730771867977125], [0.011513450323377574, 0.23782953659166833, 0.03562493931032617, 0.715032073774628], [0.00022458242353307886, 1.1209335626855573e-05, 2.17952631623088e-06, 0.9997620287145239], [0.44743927995792826, 0.5433816549535154, 0.0015345455483279974, 0.0076445195402282725], [0.037357982802309946, 0.034797467289239874, 0.007434169337854517, 0.9204103805705955], [0.6263878273363215, 0.02099630329322502, 0.0003991619994610744, 0.35221670737099237], [0.9951450737048321, 0.0015587006521598137, 0.002848823338406273, 0.00044740230460175225], [0.367916587338366, 0.0589896857891231, 6.097824337983538e-05, 0.573032748629131], [0.15476954795155, 0.005778767835245703, 0.834835652871266, 0.00461603134193822], [0.000926359485951404, 0.00010446951534518638, 0.9989685527397756, 6.182589277240691e-07], [9.333303395103523e-06, 0.5147442480553228, 0.13296929078954278, 0.3522771278517393], [0.0005717508005973832, 0.02778168542863659, 0.8972608654774938, 0.07438569829327213], [0.06323316710191224, 0.6261675048415717, 0.0011416120968885494, 0.30945771595962757], [0.0004658480267006165, 0.007993260716884217, 0.9909060269474799, 0.0006348643089353494], [0.20108740026275124, 0.17635014672139115, 0.015894678749937968, 0.6066677742659197], [0.004971605327236124, 0.47353593114520637, 0.12381241348734881, 0.3976800500402086], [0.008424716710060549, 0.0010196197271494904, 4.5365194837761254e-06, 0.9905511270433063], [5.4628939637538424e-05, 0.0004084401419126115, 3.288685680464008e-06, 0.9995336422327694], [0.783215344113957, 0.004461211880424504, 0.17980302655257482, 0.03252041745304365], [0.14831073119744273, 0.4594926980814286, 0.33911270319805453, 0.053083867523074], [0.003780936118230882, 0.9170541517808655, 0.026412416280897966, 0.0527524958200055], [0.0076755833733230016, 0.023053651523654257, 0.5875840689395385, 0.3816866961634843], [0.9945086816685169, 0.0019597397690042525, 0.0019276610847736495, 0.0016039174777052001], [0.041030813362995695, 0.8131643489318754, 0.09907293188384493, 0.04673190582128404], [0.0014209371899300053, 0.008515469829921546, 1.453707076360145e-06, 0.9900621392730722], [0.17988047659647183, 0.0014857211133567272, 0.00037674013486145195, 0.81825706215531], [0.001780722809125086, 0.0009774546762277086, 0.015000260068574361, 0.9822415624460727], [0.920557676054907, 3.008142257006138e-05, 0.0016187586954896605, 0.07779348382703333], [0.0025364153530725406, 0.017756114760312462, 0.0005215600470052509, 0.9791859098396097], [0.17244757369291153, 0.019216901823355826, 0.0009123683268965736, 0.807423156156836], [0.036057679076027256, 0.004505274148739903, 0.011735987357713851, 0.947701059417519], [0.9686118442530948, 4.111606834852531e-05, 0.0023211533284104423, 0.02902588635014619], [0.0012327279984746693, 0.10050945474449717, 0.0011952330758939734, 0.897062584181134], [0.06236352672255222, 0.00016965666876295936, 0.018971843193528546, 0.9184949734151563], [0.647785769867438, 0.031976675462409024, 0.29117533278404284, 0.029062221886110285], [0.9432215227701947, 0.056237181142180584, 0.00010456532347917231, 0.0004367307641458377], [0.27583491636383994, 0.018625448307545367, 0.035003520320547876, 0.6705361150080669], [0.00021408362720187448, 0.06632022801683503, 0.006364638829597934, 0.9271010495263652], [0.9509438180036291, 0.04859657549863353, 0.0004220380782965779, 3.756841944080466e-05], [0.016187252957578346, 0.7942800498500272, 0.0002266415359994604, 0.1893060556563951], [0.008402212212708269, 0.00945128675749572, 0.939967397914971, 0.04217910311482511], [0.3897530009462896, 0.016710450819517574, 0.0014782539249318049, 0.5920582943092609], [0.5634516213773015, 0.4159476631029695, 0.00952836326369408, 0.011072352256035055], [0.011327402243025815, 2.0584247594019842e-05, 0.00019354487054065213, 0.9884584686388395], [9.501034938125843e-05, 0.0005806006261330339, 7.687941217157501e-06, 0.9993167010832686], [0.00037706276850599257, 0.9982713340666303, 0.00035989634389658077, 0.0009917068209671443], [0.9850619354736487, 0.010924018135289676, 0.002055560923503464, 0.0019584854675581856], [0.9922629649774523, 0.006333676479401271, 1.770204273488119e-05, 0.0013856565004115315], [0.9699896514356475, 0.015271886468168568, 0.008544049207194697, 0.006194412888989271], [0.7225495107203922, 0.0172948908244514, 0.2515791875996637, 0.008576410855492725], [0.0032121008364199275, 0.9927143160683292, 9.824881476427548e-06, 0.004063758213774341], [0.18441088139076145, 0.1258090612060511, 0.032160239339092365, 0.6576198180640951], [0.0107524088022405, 0.00037595424782251865, 0.0011938390351349127, 0.9876777979148021], [0.9745448845143928, 0.015052951974257413, 0.008797385376814855, 0.001604778134534843], [0.13587781195259588, 0.6355784783646499, 0.21665978184355209, 0.011883927839202285], [0.016298388357470158, 0.6814841532201816, 0.07942902853953805, 0.22278842988281003], [0.0046994854356866315, 0.008940099212060801, 0.9857597400753998, 0.0006006752768528072], [0.027389898168159336, 0.23559602937535906, 0.7110538396839768, 0.025960232772504754], [2.5043364068529834e-05, 0.40621327188485934, 0.34500735556381784, 0.24875432918725443], [0.9999277957088627, 2.8069337947062672e-06, 6.879050409785814e-05, 6.068532449653826e-07]]}}