{"test": {"ids": ["108113700", "108121410", "112116610", "99114890", "106117650", "98106680", "105117431", "111119290", "97116500", "103111930", "110118450", "102112030", "106119990", "107113130", "103113210", "103110220", "112119950", "112116990", "108120280", "108118060", "102109850", "110121720", "106111321", "103109791", "105120621", "98108970", "110120540", "112120670", "110115250", "97116790", "107118520", "105111990", "105115900", "109116441", "102110690", "101117580", "100108580", "104114320", "103120290", "109114030", "112116810", "104113550", "109113281", "112117471", "104111880", "111116990", "107112850", "107121700", "111114321", "98110230", "100111080", "111119950", "106120640", "103109021", "111120320", "99107660", "111120190", "109114270", "113120280", "113118111", "106113830", "109115070", "101111140", "113120540", "112119580", "113119360", "99110050", "111120280", "102109910", "98110810", "103110050", "106116370", "109119340", "102108621", "111120591", "108120700", "105115720", "108116481", "102110240", "107120880", "106121220", "105119950", "113118810", "103120531", "104111380", "97106770", "112119320", "99108330", "105116441", "107121540", "111118810", "99112531", "112117571", "111120540", "99105921", "104113190", "106113170", "105112100", "107113360", "107113840", "111116750", "107114490", "108115970", "97106600", "98110710", "110118161", "104116441", "112118581", "98108150", "110118880", "101119591", "110115120", "97106970", "106114321", "108115500", "110118630", "105121190", "100109801", "99108080", "106114011", "101111210", "108114040", "106118161", "111115620", "103111170", "110119030", "111117000", "109121410", "102110050", "106116120", "111114171", "109121640", "109115220", "113121220", "97112830", "111119610", "101112540", "108114270", "109118701", "101114020", "105110091", "104111711"], "labels": [0, 0, 1, 2, 1, 1, 1, 3, 2, 3, 0, 2, 0, 1, 3, 2, 0, 0, 3, 1, 1, 3, 0, 3, 1, 3, 1, 2, 1, 2, 2, 2, 3, 3, 0, 3, 0, 2, 2, 1, 3, 1, 0, 3, 3, 0, 1, 3, 1, 3, 0, 0, 3, 0, 1, 3, 3, 3, 0, 1, 1, 0, 2, 3, 3, 0, 3, 0, 2, 1, 3, 2, 3, 3, 1, 2, 1, 0, 3, 1, 1, 3, 3, 3, 3, 3, 1, 1, 1, 2, 0, 3, 3, 1, 1, 3, 0, 1, 0, 3, 3, 3, 2, 3, 2, 0, 1, 1, 0, 0, 0, 0, 2, 2, 3, 1, 2, 0, 3, 1, 2, 0, 3, 1, 2, 0, 0, 0, 3, 1, 3, 0, 3, 3, 2, 2, 2, 3, 3, 3, 0, 1], "predicted_labels": [0, 1, 0, 2, 1, 2, 1, 3, 2, 1, 2, 1, 3, 2, 0, 3, 0, 0, 0, 0, 2, 1, 0, 0, 3, 1, 1, 1, 3, 2, 1, 0, 3, 0, 0, 0, 2, 0, 2, 3, 1, 0, 0, 3, 3, 0, 1, 1, 1, 1, 1, 3, 1, 0, 1, 0, 3, 2, 0, 3, 3, 1, 0, 0, 3, 3, 3, 3, 0, 1, 1, 0, 1, 0, 0, 0, 1, 0, 1, 2, 0, 1, 3, 1, 0, 2, 2, 3, 1, 1, 3, 3, 3, 1, 0, 1, 1, 3, 0, 1, 0, 1, 3, 2, 1, 0, 1, 1, 1, 1, 0, 3, 3, 0, 2, 3, 1, 1, 0, 1, 0, 3, 1, 1, 1, 0, 3, 3, 1, 1, 3, 1, 3, 3, 3, 2, 2, 3, 3, 3, 1, 2], "confidence_scores": [[0.3121942189215409, 0.3147590735200677, 0.10764805464005914, 0.26539865291833203], [0.2556518838169139, 0.3180148851469911, 0.14793487978910436, 0.2783983512469906], [0.28518859550359804, 0.29698723189703524, 0.1524236557466289, 0.265400516852738], [0.14220921143414736, 0.2948990408458838, 0.39779146049754704, 0.16510028722242187], [0.23148810701635233, 0.28878364444342985, 0.2283612218985475, 0.2513670266416705], [0.1335641126565161, 0.316905488457543, 0.4098461268237812, 0.1396842720621597], [0.24036019974410663, 0.3161047083628494, 0.18525832417697297, 0.2582767677160711], [0.2025863241459909, 0.3186131446557093, 0.1744172069355647, 0.3043833242627351], [0.23782763608207505, 0.2345432453959961, 0.34658053892102464, 0.18104857960090395], [0.23609788856354452, 0.3145526374214084, 0.257910752529189, 0.19143872148585814], [0.17991073510508232, 0.27501119655105494, 0.3333015988455981, 0.21177646949826437], [0.19826217228832022, 0.33325083389930793, 0.2078863494324719, 0.2606006443798998], [0.2337269956665509, 0.3241658579376539, 0.129255105577949, 0.3128520408178462], [0.19410030366754985, 0.27479081689331947, 0.3559171989018843, 0.1751916805372466], [0.2656514603864899, 0.28582359108827327, 0.2411264004449549, 0.20739854808028188], [0.21928101774775394, 0.2922860438324034, 0.21672334192148981, 0.2717095964983528], [0.31746022153044196, 0.28824191098671603, 0.07601348854327135, 0.3182843789395706], [0.3473239206760258, 0.22302594820061283, 0.10425359452234356, 0.325396536601018], [0.302718416961931, 0.2725320716380074, 0.12520985427145842, 0.29953965712860303], [0.29771626936086876, 0.31175757350235417, 0.07967618182159213, 0.310849975315185], [0.16508577389480647, 0.2625717071836106, 0.3932869677303946, 0.17905555119118802], [0.21624203071873566, 0.2951273309074485, 0.23588510119425604, 0.2527455371795596], [0.3172439352697515, 0.2741203684483181, 0.115131713965684, 0.2935039823162463], [0.27599831097008526, 0.23062900452293994, 0.21700604004182417, 0.2763666444651506], [0.32858020043911257, 0.285256354706801, 0.042423509585746116, 0.3437399352683403], [0.1843382248443864, 0.3736788414409745, 0.2012200785129019, 0.24076285520173737], [0.20137525947607365, 0.3144554304234296, 0.23012287533199047, 0.2540464347685059], [0.21482613366227563, 0.2874098580900558, 0.2886369659654821, 0.20912704228218673], [0.20346051113870384, 0.2840375430837218, 0.2213426977889635, 0.29115924798861076], [0.1878225474428263, 0.22543415689355237, 0.42451257238028134, 0.16223072328333982], [0.19792598639913575, 0.344405502559437, 0.20373673278309326, 0.2539317782583341], [0.3005431002166752, 0.3181200101805493, 0.06936244273538845, 0.31197444686738696], [0.22132362609987336, 0.2837685088347065, 0.2080016850915853, 0.2869061799738348], [0.30250609674948487, 0.3198549745302388, 0.06403120384526757, 0.3136077248750087], [0.3053321788733248, 0.30862402262667726, 0.08102400194180613, 0.3050197965581919], [0.31177257428748967, 0.3080948194019029, 0.054753303056343114, 0.3253793032542642], [0.2103503406905962, 0.26013263722938645, 0.35037448422322026, 0.17914253785679676], [0.2760841695329893, 0.28082609545899095, 0.20416899445439235, 0.238920740553627], [0.17339030131133085, 0.2340494121221676, 0.44076884522757925, 0.15179144133892225], [0.1985256155818727, 0.26825295434232094, 0.27783228975004404, 0.25538914032576265], [0.2526662288757642, 0.30481507212452497, 0.20158061919753328, 0.24093807980217735], [0.3070603302953797, 0.22183869039741505, 0.18617046755712272, 0.2849305117500825], [0.31800577675522823, 0.2858916791636121, 0.06740744026006307, 0.32869510382109657], [0.24436788267957305, 0.3526741843303825, 0.09480536000625013, 0.30815257298379434], [0.1708419839352515, 0.25570494107601527, 0.28833359758209975, 0.285119477406633], [0.29361767536086214, 0.2864607676720117, 0.11891605351925288, 0.3010055034478732], [0.2452989160712763, 0.3335191229431345, 0.17607174124773858, 0.24511021973785047], [0.24127113253126997, 0.3429121637343217, 0.15739210032719608, 0.25842460340721246], [0.21736248848279854, 0.3604044394695146, 0.18968071394289318, 0.23255235810479377], [0.23472786662127748, 0.32989102858088537, 0.150503451950111, 0.2848776528477262], [0.210394088254625, 0.3153549628884265, 0.23739476572313623, 0.23685618313381238], [0.2571214307433854, 0.2841982138184961, 0.17321533539618789, 0.2854650200419305], [0.15887757956746065, 0.372915311157383, 0.2436368184072683, 0.2245702908678881], [0.31269300124361893, 0.27791591024378065, 0.10154397863050245, 0.3078471098820977], [0.26429022736375096, 0.3107058357569886, 0.12855681809650168, 0.2964471187827588], [0.2655242871418417, 0.2512440049730581, 0.25868346558305944, 0.22454824230204065], [0.22166235566350745, 0.3113540333151368, 0.18565647810827274, 0.2813271329130829], [0.20041147774132817, 0.268829642061098, 0.28282824842079346, 0.2479306317767806], [0.33876306556354424, 0.24920208374813857, 0.07895299708713277, 0.33308185360118453], [0.2991137315347245, 0.2770666827096456, 0.09468833202127447, 0.32913125373435553], [0.2977370320666529, 0.2847081566798365, 0.11647075153547612, 0.3010840597180347], [0.20591862110259973, 0.36250714638381015, 0.18547647324547148, 0.2460977592681187], [0.2689879460525579, 0.24650924784534403, 0.2552161598146899, 0.22928664628740777], [0.33516656230336805, 0.27053738948332845, 0.07660369223233122, 0.3176923559809721], [0.23806269883631248, 0.3097990095395238, 0.1478595720698696, 0.3042787195542941], [0.3032456736032942, 0.2903851246171424, 0.08403653379845878, 0.3223326679811048], [0.12207417293820172, 0.26439153642614943, 0.34246993257358677, 0.2710643580620624], [0.2957207049707014, 0.3072448460746497, 0.07679900141964834, 0.3202354475350007], [0.29922087760660304, 0.2552628060224556, 0.14592740706553547, 0.2995889093054061], [0.1767790574186464, 0.36121459876945705, 0.31423838130992704, 0.14776796250196927], [0.18786113900878165, 0.35449306129186453, 0.1994402845270246, 0.25820551517232954], [0.3055544804919, 0.2470363584577165, 0.15465407971534914, 0.29275508133503425], [0.24880192638956025, 0.2812634612792899, 0.21382111362986694, 0.2561134987012828], [0.32184711276773553, 0.2780234673338991, 0.07616772347980978, 0.32396169641855566], [0.30835738008651464, 0.28492922054881925, 0.08446531762282539, 0.32224808174184094], [0.2881672023205694, 0.28912882388851874, 0.12995597435226364, 0.2927479994386484], [0.19139554760394006, 0.34320068687906535, 0.20579858338503146, 0.2596051821319631], [0.31477882930966355, 0.2690175577600078, 0.09619817901729376, 0.32000543391303476], [0.252180694645508, 0.2809446758019363, 0.2359871134802837, 0.23088751607227187], [0.20763301007278334, 0.270025138641043, 0.2882103249831545, 0.23413152630301903], [0.27660751478373186, 0.29390854504603336, 0.160119888009011, 0.26936405216122355], [0.2550729116796449, 0.3316449541848674, 0.16786230809325192, 0.24541982604223558], [0.29130783417929307, 0.3131196581525346, 0.0731947132610919, 0.32237779440708064], [0.2528124259507423, 0.33394241054108487, 0.13260945049327896, 0.2806357130148939], [0.2826490835555185, 0.24290115800182885, 0.2372492269466463, 0.23720053149600617], [0.22723174551199418, 0.24270271393807988, 0.3550442823240964, 0.17502125822582948], [0.10474392688559875, 0.27678123430960994, 0.4525423592131546, 0.16593247959163618], [0.2455144040563127, 0.29115468333123745, 0.179475970491354, 0.2838549421210961], [0.19223147492656303, 0.3324397659070806, 0.2111405382981837, 0.2641882208681729], [0.2089377988836733, 0.2881031876102936, 0.2572715129703306, 0.2456875005357028], [0.33063455284896626, 0.2941976279132738, 0.039514793506146235, 0.3356530257316135], [0.2830139973680914, 0.2640704062653527, 0.15085604406362538, 0.3020595523029301], [0.29868964657617986, 0.3080168720447906, 0.08513168667096864, 0.308161794708061], [0.21562354257918023, 0.30685447893985, 0.25935252438431383, 0.21816945409665608], [0.28486917232157, 0.2762556853359471, 0.20604177855862302, 0.23283336378385988], [0.24492571412649203, 0.3142018802486344, 0.1656901807910612, 0.27518222483381244], [0.25575966617161666, 0.3677766522914701, 0.09568962099918248, 0.28077406053773063], [0.246186596356662, 0.28172367493688044, 0.20606551049105135, 0.2660242182154063], [0.29387807662325366, 0.29566772977219713, 0.10638604024507195, 0.30406815335947696], [0.23462402530166504, 0.3285674756656684, 0.18122241050146404, 0.2555860885312023], [0.3411155450600905, 0.23004646579530252, 0.09350136994684387, 0.3353366191977631], [0.20861824899359077, 0.311274499631636, 0.21477105299337923, 0.26533619838139405], [0.29432484023320454, 0.2892668041667079, 0.10296658245102869, 0.3134417731490586], [0.16582144365470372, 0.2805482059069797, 0.3416466695276517, 0.21198368091066472], [0.17538982720042248, 0.32024587778451435, 0.26715030448376353, 0.23721399053129952], [0.2815067313734936, 0.3008929145687302, 0.13216397558027337, 0.2854363784775028], [0.29176927557222665, 0.33477544119606806, 0.05666889004106142, 0.31678639319064367], [0.17079526581898627, 0.33928437388898025, 0.25912259767673007, 0.23079776261530344], [0.2334155232576797, 0.34295125501037993, 0.15722045893953013, 0.26641276279241044], [0.2816480909812017, 0.33844372757926616, 0.06746473257563691, 0.3124434488638953], [0.32992598919470073, 0.238616969760577, 0.12271258257669491, 0.3087444584680274], [0.2587352913999245, 0.327590763676702, 0.10949364540478737, 0.3041802995185864], [0.21367447303159084, 0.286217123137373, 0.2431795606606003, 0.2569288431704361], [0.28594824877951486, 0.2799565843400244, 0.1795893221787486, 0.2545058447017124], [0.18971673075219583, 0.2854287019478438, 0.30147524906280215, 0.22337931823715854], [0.22235410783426007, 0.2832817571746663, 0.23073039196107314, 0.26363374303000076], [0.1455457266227559, 0.3234260817174727, 0.28321872216248584, 0.24780946949728544], [0.2382020852595567, 0.339829798885522, 0.13582387423239956, 0.286144241622522], [0.3050452732231439, 0.25893455582483343, 0.15100438914877748, 0.28501578180324527], [0.28122229002449883, 0.3412284103508259, 0.13646764240230783, 0.2410816572223676], [0.2846087682978509, 0.28015869360599327, 0.13539223841306786, 0.2998402996830881], [0.20811219094758573, 0.28272129647766436, 0.2569988464356913, 0.2521676661390587], [0.22869678230878696, 0.30218364376256923, 0.20891916467998578, 0.2602004092486582], [0.2560609038955547, 0.314635165225013, 0.17044792193234606, 0.2588560089470864], [0.2581845593152308, 0.28686641800555546, 0.20178600642607122, 0.25316301625314225], [0.2749210847203639, 0.2855542886806975, 0.15520410529908224, 0.2843205212998568], [0.25592610165174484, 0.2760458629185939, 0.1943090367027456, 0.2737189987269155], [0.252754387911743, 0.29738129397190777, 0.13773784938335473, 0.3121264687329945], [0.1972167214427496, 0.3151323859599824, 0.2281930331804474, 0.2594578594168208], [0.20679924589269727, 0.3031441284862394, 0.26194422676391815, 0.22811239885714527], [0.3261214651326555, 0.29407097176431696, 0.04491157783819983, 0.3348959852648278], [0.23270543875899108, 0.3095722156544881, 0.19710884438781628, 0.26061350119870447], [0.2644179027349561, 0.3025727538028034, 0.11910016320681398, 0.31390918025542663], [0.28326436881723804, 0.28335546527310385, 0.10932977529958654, 0.3240503906100716], [0.22599706994735724, 0.27665810209152253, 0.23801790563044803, 0.259326922330672], [0.14542860783262979, 0.28749260611475, 0.380052493393618, 0.18702629265900178], [0.19207783394499484, 0.28488189686559523, 0.30211516997312043, 0.2209250992162894], [0.294627317044423, 0.2977309056046767, 0.10325770567586341, 0.3043840716750369], [0.2781747187332364, 0.3046517440038591, 0.10973680016466589, 0.3074367370982387], [0.26767668024125507, 0.2847276338728734, 0.15510485728682716, 0.2924908285990446], [0.21774102876081802, 0.30633392293237555, 0.23758295601468177, 0.23834209229212477], [0.1522821085642014, 0.2567960659014721, 0.4248759659224895, 0.16604585961183693]]}, "rewritten": {"ids": ["97106600", "97106770", "97106970", "97112830", "97116500", "97116790", "98106680", "98108150", "98108970", "98110230", "98110710", "98110810", "99105921", "99107660", "99108080", "99108330", "99110050", "99112531", "99114890", "100108580", "100109801", "100111080", "101111140", "101111210", "101112540", "101114020", "101117580", "101119591", "102108621", "102109850", "102109910", "102110050", "102110240", "102110690", "102112030", "103109021", "103109791", "103110050", "103110220", "103111170", "103111930", "103113210", "103120290", "103120531", "104111380", "104111711", "104111880", "104113190", "104113550", "104114320", "104116441", "105110091", "105111990", "105112100", "105115720", "105115900", "105116441", "105117431", "105119950", "105120621", "105121190", "106111321", "106113170", "106113830", "106114011", "106114321", "106116120", "106116370", "106117650", "106118161", "106119990", "106120640", "106121220", "107112850", "107113130", "107113360", "107113840", "107114490", "107118520", "107120880", "107121540", "107121700", "108113700", "108114040", "108114270", "108115500", "108115970", "108116481", "108118060", "108120280", "108120700", "108121410", "109113281", "109114030", "109114270", "109115070", "109115220", "109116441", "109118701", "109119340", "109121410", "109121640", "110115120", "110115250", "110118161", "110118450", "110118630", "110118880", "110119030", "110120540", "110121720", "111114171", "111114321", "111115620", "111116750", "111116990", "111117000", "111118810", "111119290", "111119610", "111119950", "111120190", "111120280", "111120320", "111120540", "111120591", "112116610", "112116810", "112116990", "112117471", "112117571", "112118581", "112119320", "112119580", "112119950", "112120670", "113118111", "113118810", "113119360", "113120280", "113120540", "113121220"], "labels": [3, 3, 2, 2, 2, 2, 1, 0, 3, 3, 2, 1, 1, 3, 3, 1, 3, 3, 2, 0, 0, 0, 2, 2, 2, 3, 3, 0, 3, 1, 2, 3, 3, 0, 2, 0, 3, 3, 2, 2, 3, 3, 2, 3, 3, 1, 3, 3, 1, 2, 1, 0, 2, 1, 1, 3, 1, 1, 3, 1, 2, 0, 0, 1, 1, 2, 1, 2, 1, 3, 0, 3, 1, 1, 1, 0, 3, 3, 2, 1, 2, 3, 0, 0, 3, 3, 2, 0, 1, 3, 2, 0, 0, 1, 3, 0, 3, 3, 3, 3, 0, 0, 0, 1, 0, 0, 1, 0, 0, 1, 3, 3, 1, 1, 3, 0, 0, 0, 3, 2, 0, 3, 0, 1, 1, 1, 1, 3, 0, 3, 3, 1, 1, 3, 0, 2, 1, 3, 0, 0, 3, 3], "predicted_labels": [1, 0, 3, 3, 0, 2, 1, 1, 1, 1, 1, 1, 0, 0, 0, 1, 3, 0, 1, 1, 1, 1, 0, 1, 1, 3, 0, 0, 3, 1, 3, 1, 0, 0, 1, 0, 3, 1, 3, 0, 1, 0, 2, 1, 0, 1, 3, 1, 0, 0, 1, 1, 0, 0, 1, 1, 1, 1, 1, 3, 1, 0, 1, 3, 1, 0, 1, 0, 1, 3, 3, 1, 0, 1, 1, 0, 1, 1, 1, 1, 1, 1, 0, 1, 3, 2, 3, 0, 0, 0, 0, 1, 0, 1, 3, 1, 3, 0, 3, 1, 3, 0, 1, 3, 0, 3, 1, 1, 3, 1, 1, 0, 1, 1, 0, 0, 1, 0, 3, 2, 3, 3, 3, 1, 1, 0, 0, 1, 0, 3, 0, 1, 2, 3, 0, 1, 3, 3, 3, 0, 0, 3], "confidence_scores": [[0.24543111614613303, 0.2901462256669954, 0.23434331634030658, 0.23007934184656528], [0.26079774629271124, 0.2589210993195573, 0.27437995891476413, 0.20590119547296723], [0.2435889061761639, 0.2972253901462218, 0.19048788438200281, 0.2686978192956118], [0.2199356884806903, 0.2732670449698568, 0.24792285615115583, 0.258874410398297], [0.27081342603874364, 0.2732090910336997, 0.23613026624169497, 0.2198472166858615], [0.23275195179544197, 0.2526990344636517, 0.3101693493074007, 0.20437966443350583], [0.2073123255967315, 0.3286175049440562, 0.23432027024400068, 0.22974989921521177], [0.22247371396570223, 0.3450919454557754, 0.17065324403200413, 0.2617810965465182], [0.20734420262479364, 0.3725679532758942, 0.16987469465554525, 0.2502131494437668], [0.25914630854811804, 0.3280486347199439, 0.12469888147723264, 0.28810617525470555], [0.22721145904010026, 0.31231705631117956, 0.18938156989775964, 0.27108991475096045], [0.22080167301336603, 0.36669622150444364, 0.22416036106339, 0.18834174441880017], [0.28863697346056555, 0.29469571480907986, 0.17478424685027966, 0.2418830648800752], [0.29770708816714925, 0.27970387382084033, 0.14437087745631366, 0.27821816055569676], [0.30037729566033783, 0.2695670960810399, 0.16739296062289652, 0.26266264763572567], [0.2542327040680327, 0.294800603545952, 0.16920805247818066, 0.2817586399078348], [0.21351220286378855, 0.27914687804816635, 0.22695829618089075, 0.2803826229071543], [0.30055366024807795, 0.2769297014839004, 0.12528589490627637, 0.2972307433617455], [0.1766111781263057, 0.32884396098878665, 0.29715528528309776, 0.19738957560180925], [0.21459576948920484, 0.2905344857804121, 0.29857763360672535, 0.19629211112365777], [0.24391382489708238, 0.3452557004810677, 0.12363416988710599, 0.28719630473474395], [0.2337701449403447, 0.3136693362433572, 0.17889970076347006, 0.2736608180528282], [0.28189824640969785, 0.25690985528525334, 0.21106245453313072, 0.25012944377191804], [0.27753269625138405, 0.30884832006903196, 0.11623908607317789, 0.29737989760640626], [0.2125875203898382, 0.31112767691757687, 0.24814545483538114, 0.22813934785720372], [0.2764010532708613, 0.2845605514289256, 0.13748898226768977, 0.3015494130325229], [0.3135039212798766, 0.30075947401837755, 0.06220840563657924, 0.32352819906516667], [0.3289931494355854, 0.24744106552194062, 0.11109490925724166, 0.3124708757852322], [0.2424297487766537, 0.3239525772550793, 0.1241621095847608, 0.3094555643835062], [0.19533194941529736, 0.3114079236175216, 0.2647091297821806, 0.2285509971850004], [0.30731717878270576, 0.26123743028029217, 0.1228657993404221, 0.30857959159658005], [0.24356674759898497, 0.30165263569022166, 0.1744562323611859, 0.2803243843496074], [0.2722073940269793, 0.28951568318795595, 0.19155596490448243, 0.24672095788058215], [0.2981155158604625, 0.3250655025105641, 0.0866152186220478, 0.2902037630069254], [0.21535138166673665, 0.33694986407549543, 0.18564464007832784, 0.26205411417944036], [0.3121011518722133, 0.2870774063238499, 0.09615866530745415, 0.3046627764964827], [0.26295594032005315, 0.24011882070347104, 0.21526105019341948, 0.28166418878305627], [0.1951886256802107, 0.35573177377994186, 0.19642562426520876, 0.2526539762746388], [0.25919537673880033, 0.29064623528759503, 0.1551155378011814, 0.29504285017242343], [0.27832980044587957, 0.3004121817020507, 0.1577040695242054, 0.2635539483278637], [0.22160315066526004, 0.33030562771904065, 0.2257671671649615, 0.22232405445073766], [0.27933396507578745, 0.2865500870642853, 0.20946321239650117, 0.22465273546342582], [0.17361197165516135, 0.2471430717716015, 0.4234943359527429, 0.15575062062049472], [0.2527184002526755, 0.3302681639823151, 0.13917150936592498, 0.27784192639908456], [0.2802825787739348, 0.25906942972304603, 0.24122564117477327, 0.21942235032824603], [0.2328395958869395, 0.3110613717163161, 0.23848134947356048, 0.21761768292318381], [0.2256977652726479, 0.2650166186445878, 0.22155614150051217, 0.2877294745822519], [0.26460932160938494, 0.30283825617679416, 0.16021662002985804, 0.272335802183963], [0.3124015959464477, 0.2197705328457081, 0.17468853980160884, 0.29313933140623516], [0.2673325819961366, 0.29496352609691634, 0.19074035309282447, 0.24696353881412272], [0.2969453170241656, 0.330743649677244, 0.05724180855328526, 0.315069224745305], [0.2372562361023219, 0.3063266670879823, 0.20671693866333873, 0.24970015814635713], [0.306452906125644, 0.3168577032013653, 0.06170724449132424, 0.3149821461816664], [0.2630599696145194, 0.27836174370656436, 0.19476421032765004, 0.2638140763512663], [0.23036586531569914, 0.327898370415008, 0.18374664526274367, 0.25798911900654964], [0.15205333110770555, 0.3221581062959329, 0.30576095499900224, 0.22002760759735943], [0.27382426341665694, 0.30651126767787695, 0.13362926553375534, 0.2860352033717106], [0.2382829178349765, 0.32578110088038714, 0.1814201571045098, 0.2545158241801262], [0.2767287888281689, 0.32152172548227004, 0.1269013921869507, 0.27484809350261036], [0.31626602573763557, 0.3014117524577272, 0.04478330678423944, 0.3375389150203978], [0.1558837919511287, 0.31836996997630834, 0.27932683645590073, 0.24641940161666248], [0.3240379313924805, 0.26743855687414103, 0.12684635042590978, 0.2816771613074689], [0.25967280998122755, 0.3631597957611174, 0.09670808562599889, 0.280459308631656], [0.28186885905752085, 0.28381455528661825, 0.15201147062083373, 0.28230511503502664], [0.28427631998021125, 0.3365485596718833, 0.13305027473487602, 0.24612484561302947], [0.2601401639102447, 0.28408920551845035, 0.23069189244300684, 0.2250787381282982], [0.23549063472625573, 0.30601623118666593, 0.20318611666910238, 0.25530701741797596], [0.30491550475243706, 0.24546892587612656, 0.14254701153145694, 0.30706855783997955], [0.22779390709817532, 0.3092247387964508, 0.20721151374567434, 0.2557698403596995], [0.26448248760741405, 0.29008258106949003, 0.15377277371651984, 0.29166215760657604], [0.25548876502354, 0.32796977151775847, 0.10567968034159772, 0.3108617831171037], [0.23168717594875202, 0.3480995097389738, 0.16178836605582655, 0.25842494825644746], [0.2706692535743853, 0.2956048170274201, 0.1808687368592353, 0.2528571925389595], [0.2493070037259561, 0.34014076142640115, 0.15818774410619013, 0.2523644907414528], [0.19923621534127062, 0.2977149399299481, 0.28436366618623754, 0.21868517854254366], [0.2837435351718273, 0.29779970870992994, 0.11928380927374915, 0.29917294684449386], [0.2506702477174577, 0.32199010918033055, 0.16415102001292298, 0.26318862308928875], [0.2390830363698348, 0.3115993613532932, 0.17319908781508772, 0.2761185144617842], [0.23167891869755222, 0.3359079996322843, 0.17697739923226724, 0.2554356824378959], [0.23754416120835894, 0.2896798791139088, 0.22359260025750527, 0.249183359420227], [0.2322012366147592, 0.2850638897982882, 0.2508943776895445, 0.23184049589740807], [0.2376741279595805, 0.3479672756317414, 0.16728565103876183, 0.24707294536991614], [0.3127046379374412, 0.31524186148557326, 0.09401440327197838, 0.27803909730500714], [0.2828926410743433, 0.30899060174692466, 0.1455796517529349, 0.26253710542579733], [0.30844980429819424, 0.29518867983070424, 0.08363990466138001, 0.31272161120972164], [0.18527165268023013, 0.29517839988933176, 0.3152223026664121, 0.2043276447640258], [0.30171303511930775, 0.29644916186792697, 0.08405888461142734, 0.3177789184013379], [0.30884361767443486, 0.29008867970304697, 0.07986046831910999, 0.32120723430340825], [0.30196417368640066, 0.30634880011685883, 0.08128517432227585, 0.3104018518744648], [0.3037890438321999, 0.27546889704534305, 0.1213920979480629, 0.2993499611743945], [0.3011275341744532, 0.28046186564032133, 0.11903897708967198, 0.29937162309555343], [0.2580661271447627, 0.312139653042328, 0.14441317287125216, 0.2853810469416571], [0.3166418830313811, 0.29104210593428964, 0.0702123667240212, 0.32210364431030775], [0.2281591440102399, 0.2843090812451175, 0.22825873401623395, 0.25927304072840845], [0.2697588319585362, 0.25943345805556595, 0.19400098979274025, 0.27680672019315783], [0.23010427119294571, 0.3366404510411406, 0.17230886820667782, 0.2609464095592361], [0.2674156959005176, 0.3062341533584456, 0.1151777445829638, 0.3111724061580728], [0.29948428772819813, 0.3233787271167808, 0.06565202836354438, 0.3114849567914768], [0.2936045826812595, 0.2972409232841094, 0.09847318882841215, 0.31068130520621895], [0.23141726308509017, 0.3068293210284911, 0.19476467809842607, 0.26698873778799276], [0.2778244279924881, 0.290478278722475, 0.12042346713675121, 0.31127382614828575], [0.2756367941290954, 0.2935591805444178, 0.1513564172115554, 0.27944760811493113], [0.2560824864857953, 0.3397179001554686, 0.10257905246051262, 0.3016205608982235], [0.23385675642911918, 0.297478030254906, 0.18167092901413587, 0.28699428430183893], [0.2865026606619901, 0.3021925364380935, 0.12845316649381816, 0.2828516364060983], [0.22894117053050092, 0.27408982524136183, 0.24224392617378834, 0.25472507805434885], [0.2451513188115465, 0.29822177054543575, 0.1856769538499561, 0.27094995679306205], [0.26688780204494594, 0.3502780041325935, 0.07354730554171887, 0.30928688828074147], [0.28830209717942545, 0.28373200282756356, 0.13309278470033048, 0.29487311529268057], [0.21070473137612258, 0.29343312074894473, 0.2717735728203707, 0.2240885750545616], [0.24364449981904218, 0.309014221872579, 0.17240664736569836, 0.2749346309426805], [0.33065257443168683, 0.2896696073322703, 0.04683219042721592, 0.3328456278088269], [0.2446938687170237, 0.35113895949238266, 0.1818473892721453, 0.22231978251844825], [0.2547020188149503, 0.32142656566398703, 0.1655292822967848, 0.25834213322427785], [0.3357479313536946, 0.24031122372900343, 0.09484072692179343, 0.32910011799550876], [0.30564880564549973, 0.30017077064333475, 0.0800477970351349, 0.3141326266760307], [0.25110288895574107, 0.300378696516803, 0.19490424305848467, 0.2536141714689714], [0.3244692707451183, 0.30139006255239204, 0.04477315447492676, 0.3293675122275629], [0.2244138911747897, 0.3211784456751096, 0.15383877021540568, 0.30056889293469524], [0.15923919868425163, 0.3093792355741739, 0.34012706882792015, 0.19125449691365404], [0.26914536796004235, 0.2818946577127782, 0.1558228002509829, 0.2931371740761969], [0.2525071934154252, 0.31484098159849344, 0.1419137509959073, 0.29073807399017393], [0.28505759719980445, 0.3179128773083426, 0.08174930672013793, 0.3152802187717152], [0.2545002850936869, 0.3111322770899846, 0.14914808543420666, 0.2852193523821218], [0.25370167999957066, 0.3099722613596323, 0.19860383934830309, 0.23772221929249382], [0.3087326233402478, 0.2873003416857569, 0.08277631009661046, 0.32119072487738465], [0.2848633686541625, 0.2962451569297132, 0.14720131252680704, 0.2716901618893174], [0.2552492552045034, 0.3044333436802885, 0.20264493894313837, 0.2376724621720695], [0.3267129674175904, 0.25095175361247646, 0.1212844485659929, 0.30105083040394004], [0.2790633819640481, 0.3112003143715265, 0.09530195570452334, 0.3144343479599019], [0.2991758043552465, 0.3012587893976177, 0.09329862974482965, 0.3062667765023061], [0.22379644507104127, 0.3254661930040315, 0.17696619064772895, 0.27377117127719813], [0.0998729147515433, 0.3061985956672921, 0.44704041006026984, 0.14688807952089444], [0.24744843017289633, 0.316848958412277, 0.12638003062623512, 0.3093225807885917], [0.3156674401397502, 0.2882098472418056, 0.08155309746887167, 0.3145696151495725], [0.22905261643143843, 0.30640788148797216, 0.24670892978927028, 0.21783057229131925], [0.30212922448700813, 0.2804259316033202, 0.0985470368157032, 0.3188978070939686], [0.29254863879242055, 0.307864672799761, 0.08085895139624523, 0.3187277370115734], [0.2958224797499374, 0.2979247440223041, 0.09429334511949182, 0.31195943110826657], [0.3369410640338862, 0.2574829493623256, 0.07508815565589844, 0.3304878309478895], [0.3271626341174383, 0.284434510256741, 0.07434818612311038, 0.3140546695027105], [0.2870106210231084, 0.28689651548814643, 0.10419286963768239, 0.3218999938510625]]}}