{"test": {"ids": ["112116990", "105115250", "107114621", "110117870", "108118060", "109116930", "99108520", "113118490", "109116810", "109113881", "112120540", "100108580", "102109010", "100111270", "99113260", "101110740", "111121410", "97118210", "112120990", "110118740", "110116290", "110118880", "99109370", "106117650", "111119610", "112119320", "99114890", "112119450", "110118111", "102113350", "99109740", "112117431", "100108080", "102116500", "104118070", "107119390", "107116980", "110118450", "106111321", "110121720", "111120260", "106112770", "106113830", "111119250", "110119300", "110114651", "108121351", "105111990", "111116750", "102121440", "111120190", "98106680", "100109890", "108119510", "112119950", "113119300", "103110100", "101110150", "111119930", "109116441", "104116800", "109119340", "99111440", "100107920", "105115720", "108115880", "97106770", "103120290", "110115140", "100116500", "99109141", "102112170", "112117210", "106119260", "108113480", "101109000", "103117200", "105113190", "111117571", "111118910", "111116640", "98112580", "104114410", "104119340", "103113170", "99107300", "111117480", "103113260", "113122230", "112118810", "111116170", "98110710", "112117790", "108120260", "104112201", "112116880", "99109161", "103120340", "101115190", "102107961", "99108330", "108118810", "100111390", "101112160", "111116411", "107115250", "99108310", "100109980", "102109850", "98107340", "104114240", "98109090", "99107660", "97111790", "110117140", "105116090", "105120280", "109117600", "100110260", "98106111", "105118171", "109120560", "111118820", "99109860", "101111140", "104111531", "106118301", "99108010", "106118161", "100111620", "113122120", "105112260", "111117200", "113122320", "99112641", "107116501", "102117351", "107113180", "111121190", "105116980", "108114670", "104109311"], "labels": [0, 2, 0, 3, 1, 0, 2, 1, 3, 0, 3, 0, 1, 2, 0, 3, 0, 2, 2, 3, 2, 0, 1, 1, 2, 1, 2, 3, 1, 3, 3, 0, 0, 1, 2, 2, 3, 0, 0, 3, 3, 1, 1, 1, 1, 3, 3, 2, 3, 2, 3, 1, 3, 1, 0, 1, 1, 1, 1, 3, 1, 3, 3, 0, 1, 3, 3, 2, 0, 2, 3, 3, 1, 1, 0, 1, 0, 3, 3, 0, 0, 2, 1, 1, 3, 3, 1, 3, 1, 3, 0, 2, 3, 1, 0, 0, 3, 1, 1, 3, 1, 1, 2, 3, 0, 2, 2, 1, 1, 0, 0, 1, 3, 2, 3, 1, 3, 1, 3, 0, 3, 1, 0, 2, 2, 0, 1, 2, 3, 3, 1, 3, 0, 1, 1, 1, 1, 3, 1, 0, 3, 3], "predicted_labels": [0, 0, 1, 1, 1, 3, 2, 0, 0, 1, 3, 0, 3, 1, 1, 1, 0, 0, 1, 0, 2, 1, 1, 1, 1, 3, 1, 3, 3, 3, 1, 3, 1, 1, 1, 0, 1, 1, 1, 1, 3, 3, 3, 1, 0, 3, 3, 3, 3, 1, 1, 1, 0, 0, 0, 3, 0, 0, 0, 0, 1, 3, 3, 3, 1, 1, 0, 1, 3, 3, 1, 0, 1, 0, 0, 3, 3, 0, 1, 1, 1, 1, 0, 3, 1, 3, 3, 3, 0, 3, 1, 3, 0, 1, 3, 1, 0, 3, 1, 0, 1, 3, 1, 3, 3, 1, 1, 1, 1, 3, 1, 0, 0, 0, 1, 3, 3, 0, 0, 0, 3, 1, 3, 1, 0, 1, 3, 1, 1, 0, 0, 3, 3, 0, 0, 3, 0, 1, 3, 0, 1, 0], "confidence_scores": [[0.3432418581418582, 0.2049637473637475, 0.17341039516039522, 0.27838399933399927], [0.30883967678348484, 0.27864813160695534, 0.2025212603186288, 0.2099909312909314], [0.262434312909313, 0.2793591963591964, 0.18337581585081586, 0.274830674880675], [0.2151098512598513, 0.286406193806194, 0.2311609834609835, 0.26732297147297146], [0.26568028083028095, 0.27120078810078824, 0.1928876456876457, 0.2702312853812855], [0.26109918414918415, 0.24105562770562763, 0.23610093795093812, 0.2617442501942504], [0.22439618437118447, 0.2852124098124099, 0.28588788988789, 0.2045035159285159], [0.31102536907536904, 0.24360916305916325, 0.19308875013875018, 0.25227671772671784], [0.3004402097902098, 0.2654902597402598, 0.1753829864579866, 0.2586865440115442], [0.26592062937062927, 0.26940095460095465, 0.20953322788322792, 0.25514518814518833], [0.26553448773448785, 0.2663522089022092, 0.15708130480630475, 0.31103199855699865], [0.28561103341103344, 0.24028527583527584, 0.2640970751470752, 0.2100066156066156], [0.23000883283383283, 0.27278840603840604, 0.22136452158952163, 0.2758382395382396], [0.21952273837273853, 0.3280387445887446, 0.17885346320346332, 0.2735850538350539], [0.24809196914196932, 0.2773128427128428, 0.227836890886891, 0.2467582972582973], [0.23075074370074372, 0.2698321955821958, 0.24147136752136764, 0.25794569319569327], [0.29653659118659115, 0.27832637917637926, 0.16027108447108446, 0.2648659451659453], [0.25528160173160186, 0.2486089466089467, 0.24621219336219372, 0.24989725829725848], [0.2350566378066378, 0.30028031413031414, 0.17474506049506053, 0.2899179875679874], [0.3288518703518703, 0.22820234569352224, 0.17117171717171714, 0.2717740667828905], [0.2392192179165865, 0.1971423520923521, 0.28724915639915655, 0.2763892735919052], [0.2755918220668222, 0.29563549228549235, 0.18084829059829066, 0.24792439504939506], [0.25240844155844155, 0.29501327006327, 0.19478145743145744, 0.2577968309468311], [0.23222488344988357, 0.3153955655455655, 0.21191776001776017, 0.2404617909867912], [0.19807551337551346, 0.282991366966367, 0.257387975912976, 0.2615451437451438], [0.18539663114663127, 0.24936976911976907, 0.27729720002220004, 0.2879363997113997], [0.2189207930957931, 0.33124287575169914, 0.22701966448584113, 0.22281666666666675], [0.23520735375735383, 0.22761984126984153, 0.14711398046398055, 0.39005882450882456], [0.2702340853590854, 0.27829970029970036, 0.16189203019203025, 0.28957418414918423], [0.23561198523698543, 0.2593291486291487, 0.24236724941724958, 0.2626916167166168], [0.21078365800865803, 0.36877123350505686, 0.20437797284414935, 0.21606713564213575], [0.2842784854034855, 0.2590072510822513, 0.16749528804528807, 0.28921897546897546], [0.2688591939106645, 0.2965290337113864, 0.17733562352680005, 0.257276148851149], [0.232253071928072, 0.31332499167499167, 0.21135934898434905, 0.24306258741258752], [0.1958041264291266, 0.28344693084693073, 0.2646009740259741, 0.25614796869796885], [0.26076522790934553, 0.24471560106560117, 0.24942563123151368, 0.24509353979354004], [0.2692532356532356, 0.3168693972693972, 0.18308797868797874, 0.23078938838938856], [0.22020971805971823, 0.30220548340548353, 0.22896493506493518, 0.2486198634698636], [0.2720747641247642, 0.2730362637362637, 0.2004950937950938, 0.25439387834387855], [0.23531233211233224, 0.3015794760794761, 0.16955809745809758, 0.29355009435009427], [0.2666312021312023, 0.2659784271284273, 0.18006548451548454, 0.28732488622488633], [0.23626100566100589, 0.2585830512624631, 0.20144111901170733, 0.30371482406482425], [0.22917424797424804, 0.26139009879009895, 0.19798066378066395, 0.31145498945498934], [0.2050727272727273, 0.2961433982683984, 0.21293481240981263, 0.2858490620490621], [0.2792187257187259, 0.25419936729936743, 0.19992168387168394, 0.2666602231102233], [0.23655846653346674, 0.2650560189810189, 0.16765662115662125, 0.33072889332889366], [0.23149143079143103, 0.26742756132756146, 0.18882929847929858, 0.31225170940170927], [0.2859841575091576, 0.2413414696414698, 0.13637720890220892, 0.33629716394716386], [0.30530471750471744, 0.1947627483627484, 0.1943763070263071, 0.30555622710622715], [0.22664214323688012, 0.3228766808355042, 0.19118642827760476, 0.25929474765001076], [0.21671376760494407, 0.31424351400233747, 0.19304359529359533, 0.2759991230991233], [0.2468543012543013, 0.31850536130536117, 0.2308315351315352, 0.20380880230880233], [0.30511315547197904, 0.24607782021899688, 0.21700928320045976, 0.23179974110856477], [0.2706527417027418, 0.25407597598479953, 0.2580143856143856, 0.21725689669807324], [0.331919363969364, 0.216422410922411, 0.14352715062715066, 0.3081310744810745], [0.2420308802308803, 0.2614858419358419, 0.1457464368964369, 0.35073684093684093], [0.2874191697191697, 0.24510555000555012, 0.21105909645909657, 0.25641618381618403], [0.28066175491175493, 0.24377893217893232, 0.212194327894328, 0.2633649850149851], [0.29594973739710584, 0.2398971361971363, 0.20696577866577878, 0.2571873477399795], [0.3145562992562993, 0.2724600233100233, 0.16643524253524256, 0.2465484348984349], [0.24971923631923654, 0.29349015984015997, 0.19077263847263853, 0.2660179653679654], [0.23415853460265226, 0.24531817626817656, 0.2517782230841054, 0.26874506604506593], [0.2531015873015875, 0.25927763347763355, 0.21009624819624828, 0.277524531024531], [0.28246042682807376, 0.2346386352209882, 0.17088625541125552, 0.31201468253968256], [0.2124090548340549, 0.3541646742146742, 0.19363696303696315, 0.23978930791430797], [0.28030157620157614, 0.2864191197691199, 0.18227243312243332, 0.251006870906871], [0.2965962481962482, 0.24394538239538258, 0.2609361249861251, 0.19852224442224453], [0.2163303113553115, 0.28382824120324135, 0.27587747530247536, 0.22396397213897232], [0.24067052947052958, 0.23332982017982026, 0.196282980907981, 0.3297166694416693], [0.22663216505716524, 0.2302391663891666, 0.22274235209235205, 0.32038631646131654], [0.2870785520035521, 0.28730492840492855, 0.19923246753246765, 0.22638405205905218], [0.33934174322409616, 0.1664918192918194, 0.23425966810966814, 0.2599067693744166], [0.2233764013764015, 0.32206151071151085, 0.213212248862249, 0.24134983904983914], [0.2781598124098126, 0.24727895437895445, 0.21459599567099574, 0.2599652375402376], [0.25421867576867585, 0.25160367410367424, 0.24149973914973916, 0.25267791097791104], [0.24477463924963927, 0.2226119935619937, 0.24296487401487418, 0.2896484931734932], [0.27686689699189704, 0.26961990231990235, 0.1466721361971363, 0.3068410644910646], [0.31414381729381735, 0.23651565656565668, 0.14384581529581525, 0.30549471084471086], [0.3072344821844822, 0.3092186369186368, 0.13439110889110895, 0.2491557720057721], [0.2541857531357532, 0.31884440559440547, 0.1467155178155179, 0.2802543234543235], [0.2533533411033412, 0.26933103008103, 0.22797453102453105, 0.24934109779109795], [0.21496601731601744, 0.32170929070929066, 0.23124529914529937, 0.23207939282939294], [0.3295908202908203, 0.24114412809412827, 0.1542398101898103, 0.2750252414252414], [0.18579503829503843, 0.26071184567066924, 0.16030937755055413, 0.39318373848373833], [0.2089444444444445, 0.2956225108225108, 0.2108492285492286, 0.284583816183816], [0.30013225663225673, 0.23446183816183816, 0.15689309024309026, 0.308512814962815], [0.2388163725163727, 0.2779474969474969, 0.1818128205128207, 0.30142331002330996], [0.23735692085692103, 0.2706006271506272, 0.19995649350649367, 0.2920859584859585], [0.26778678572889103, 0.2668020524796841, 0.2049486576289209, 0.26046250416250427], [0.21417549672549677, 0.29921897546897536, 0.17917006327006335, 0.3074354645354644], [0.2518775113775114, 0.2995605783105785, 0.15409141414141422, 0.2944704961704962], [0.20332171162171175, 0.29076875346875347, 0.2055530247530249, 0.30035651015651016], [0.3243182317682316, 0.19565921855921858, 0.21264599844599863, 0.26737655122655135], [0.2837897491397492, 0.2860293206793207, 0.20350988455988464, 0.22667104562104579], [0.2609660395160397, 0.26486469641469645, 0.16525185370185372, 0.3089174103674103], [0.24741616716616738, 0.29607364857364865, 0.21490537240537252, 0.241604811854812], [0.28496471861471867, 0.2661898767898769, 0.2079127261627262, 0.24093267843267857], [0.21793556998557004, 0.2541783327783329, 0.22693578643578655, 0.3009503108003107], [0.19994200799200806, 0.29355298035298033, 0.2392401376401377, 0.267264874014874], [0.28414116439116444, 0.27436292873792884, 0.19999558774558787, 0.24150031912531922], [0.20767932067932068, 0.28550029970029966, 0.25526482406482415, 0.25155555555555575], [0.23591579531579546, 0.22692640692640706, 0.17208064158064168, 0.365077156177156], [0.2644629870129871, 0.2757802808302809, 0.1864484626484628, 0.2733082695082696], [0.21485477577977583, 0.2516433954933955, 0.2337323482073483, 0.29976948051948066], [0.3039813797313798, 0.20378742368742372, 0.17443332778332787, 0.3177978687978688], [0.23622996374970068, 0.30575263347763365, 0.2266312853812854, 0.23138611739138065], [0.2851078368999422, 0.2957136825163143, 0.15937136547662878, 0.2598071151071153], [0.2852765734265736, 0.32585536130536114, 0.18151979131979137, 0.2073482739482741], [0.24975208402708401, 0.3026000777000777, 0.260266380841381, 0.18738145743145748], [0.23868494707906476, 0.2366110334110336, 0.2616735721794546, 0.26303044733044734], [0.24371185481185492, 0.2863786380286381, 0.18395262515262517, 0.28595688200688196], [0.2671539460539462, 0.24565767010767028, 0.22905674325674338, 0.25813164058164073], [0.2697253912753913, 0.2290661616161617, 0.24924978909978907, 0.251958658008658], [0.2835692973692974, 0.22387395937395943, 0.22837044067044082, 0.26418630258630266], [0.2142022366522367, 0.2880876623376625, 0.2117995892995894, 0.2859105117105115], [0.2521793151293151, 0.22710971250971257, 0.2026125374625376, 0.31809843489843515], [0.21679479409479413, 0.2590304731216496, 0.239843837861485, 0.28433089492207136], [0.29966712176712196, 0.2415430902430904, 0.21854227439227442, 0.24024751359751376], [0.3434069874569876, 0.21709227439227444, 0.2012840714840716, 0.2382166666666668], [0.2848287620875857, 0.2523734608528726, 0.21972829099005586, 0.24306948606948617], [0.2519433899433901, 0.2742933122433125, 0.1483222832722833, 0.32544101454101443], [0.1828962842712844, 0.29114487734487743, 0.2416699494949496, 0.2842888888888888], [0.2854727910977911, 0.26253736541236566, 0.13785346320346317, 0.31413638028638036], [0.20945375180375186, 0.3222404484404484, 0.2258847208347209, 0.24242107892107898], [0.2896786657786658, 0.21843626928626939, 0.20240692640692645, 0.28947813852813864], [0.281593845043845, 0.29602700632700635, 0.16125519480519493, 0.261123953823954], [0.28570992895992897, 0.27252488622488624, 0.15229122544122553, 0.28947395937395937], [0.2432470196470196, 0.3510089688089687, 0.20001023976023982, 0.20573377178377183], [0.22719090076590084, 0.3273628871128872, 0.2034242285492285, 0.24202198357198368], [0.2661760905760906, 0.25867062382062384, 0.255519474969475, 0.21963381063381066], [0.28639664779664775, 0.27296215728715745, 0.23341849261849265, 0.20722270229770243], [0.21813605838605843, 0.2838597291597292, 0.1653981851481852, 0.33260602730602745], [0.23611885891885903, 0.26484033744033764, 0.18616733266733276, 0.31287347097347085], [0.27849445656682503, 0.2741901182151182, 0.1729988844488845, 0.27431654076917233], [0.29580836940836946, 0.27690634920634927, 0.17996673881673886, 0.24731854256854274], [0.2625894105894107, 0.2586614552114552, 0.21353367188367192, 0.2652154623154624], [0.3389404595404595, 0.2156210178710179, 0.17788915528915533, 0.2675493672993675], [0.2517670440670441, 0.28766299081035923, 0.21225170005433178, 0.24831826506826515], [0.23920183150183155, 0.27849242979242994, 0.19108820068820076, 0.29121753801753786], [0.30964099234099235, 0.26797748166865815, 0.1967769935946408, 0.22560453239570888], [0.2107649905649906, 0.3171297480297481, 0.21950609390609402, 0.2525991674991676], [0.31592624217887383, 0.22851217116217123, 0.17870984118220964, 0.2768517454767455]]}, "rewritten": {"ids": ["97106770", "97111790", "97118210", "98106111", "98106680", "98107340", "98109090", "98110710", "98112580", "99107300", "99107660", "99108010", "99108310", "99108330", "99108520", "99109141", "99109161", "99109370", "99109740", "99109860", "99111440", "99112641", "99113260", "99114890", "100107920", "100108080", "100108580", "100109890", "100109980", "100110260", "100111270", "100111390", "100111620", "100116500", "101109000", "101110150", "101110740", "101111140", "101112160", "101115190", "102107961", "102109010", "102109850", "102112170", "102113350", "102116500", "102117351", "102121440", "103110100", "103113170", "103113260", "103117200", "103120290", "103120340", "104109311", "104111531", "104112201", "104114240", "104114410", "104116800", "104118070", "104119340", "105111990", "105112260", "105113190", "105115250", "105115720", "105116090", "105116980", "105118171", "105120280", "106111321", "106112770", "106113830", "106117650", "106118161", "106118301", "106119260", "107113180", "107114621", "107115250", "107116501", "107116980", "107119390", "108113480", "108114670", "108115880", "108118060", "108118810", "108119510", "108120260", "108121351", "109113881", "109116441", "109116810", "109116930", "109117600", "109119340", "109120560", "110114651", "110115140", "110116290", "110117140", "110117870", "110118111", "110118450", "110118740", "110118880", "110119300", "110121720", "111116170", "111116411", "111116640", "111116750", "111117200", "111117480", "111117571", "111118820", "111118910", "111119250", "111119610", "111119930", "111120190", "111120260", "111121190", "111121410", "112116880", "112116990", "112117210", "112117431", "112117790", "112118810", "112119320", "112119450", "112119950", "112120540", "112120990", "113118490", "113119300", "113122120", "113122230", "113122320"], "labels": [3, 2, 2, 0, 1, 0, 1, 2, 2, 3, 3, 2, 2, 1, 2, 3, 3, 1, 3, 2, 3, 1, 0, 2, 0, 0, 0, 3, 1, 3, 2, 2, 3, 2, 1, 1, 3, 2, 3, 1, 3, 1, 1, 3, 3, 1, 1, 2, 1, 3, 3, 0, 2, 1, 3, 0, 0, 0, 1, 1, 2, 1, 2, 3, 3, 2, 1, 1, 0, 3, 3, 0, 1, 1, 1, 3, 1, 1, 3, 0, 2, 1, 3, 2, 0, 3, 3, 1, 1, 1, 1, 3, 0, 3, 3, 0, 1, 3, 1, 3, 0, 2, 3, 3, 1, 0, 3, 0, 1, 3, 0, 0, 0, 3, 0, 1, 3, 0, 0, 1, 2, 1, 3, 3, 1, 0, 0, 0, 1, 0, 3, 3, 1, 3, 0, 3, 2, 1, 1, 1, 1, 1], "predicted_labels": [0, 0, 3, 3, 1, 3, 3, 1, 1, 3, 3, 1, 0, 1, 1, 1, 0, 3, 1, 1, 3, 1, 1, 1, 3, 0, 0, 0, 0, 0, 1, 3, 1, 3, 3, 0, 3, 3, 3, 1, 1, 1, 1, 0, 0, 1, 0, 1, 0, 1, 3, 3, 2, 0, 0, 3, 3, 0, 0, 3, 1, 3, 3, 3, 3, 1, 1, 3, 0, 3, 1, 0, 3, 3, 1, 1, 3, 0, 1, 1, 3, 3, 1, 2, 1, 1, 1, 1, 3, 0, 0, 1, 3, 0, 3, 3, 3, 0, 1, 3, 3, 2, 1, 3, 3, 1, 0, 0, 1, 1, 1, 0, 1, 0, 3, 3, 0, 3, 3, 1, 1, 3, 3, 1, 3, 1, 1, 0, 1, 0, 0, 1, 3, 3, 0, 1, 1, 1, 3, 0, 3, 0], "confidence_scores": [[0.30789020979020987, 0.2738776612276613, 0.21161767676767698, 0.20661445221445232], [0.2938023254523256, 0.24316320901320893, 0.20187574092574115, 0.2611587246087246], [0.26220526695526714, 0.22488205683205703, 0.24332342657342668, 0.26958924963924985], [0.2673375624375624, 0.26121392496392504, 0.20108620546120554, 0.27036230713730725], [0.25210142080142084, 0.29093614718614713, 0.2350394882894883, 0.22192294372294372], [0.23634512709512728, 0.24843171273171272, 0.2575300088800088, 0.25769315129315146], [0.23629383949383967, 0.2617650238650238, 0.2058332223332225, 0.2961079143079143], [0.2519912087912089, 0.3104604395604395, 0.19524609834609838, 0.24230225330225338], [0.22473401043401042, 0.33095088420351576, 0.20692222601959442, 0.2373928793428794], [0.27479720834720844, 0.25219910644910654, 0.1656133144633145, 0.30739037074037084], [0.26118830058830067, 0.20501271506271515, 0.25791933621933616, 0.27587964812964827], [0.2810417915417916, 0.34002192807192805, 0.17462685370185363, 0.20430942668442678], [0.2751901376401378, 0.26851139971139987, 0.20540127650127665, 0.2508971861471862], [0.21324350649350657, 0.29951022866022875, 0.22784782994783, 0.259398434898435], [0.223762765012765, 0.27998158508158516, 0.24883285048285061, 0.24742279942279938], [0.28347106227106217, 0.28488609168609175, 0.19922162282162287, 0.23242122322122338], [0.3049020646020647, 0.27370577200577206, 0.19834944499944507, 0.22304271839271855], [0.2591175602175604, 0.25662536907536937, 0.19141495726495736, 0.2928421134421134], [0.2459663013886698, 0.3314216783216782, 0.2167823315573316, 0.2058296887323204], [0.23026024531024541, 0.31158100233100244, 0.24233847818847817, 0.21582027417027416], [0.27231378621378627, 0.21915581640581663, 0.19559906204906205, 0.3129313353313351], [0.26850216450216474, 0.29764098124098104, 0.20711190476190489, 0.22674494949494967], [0.2743208735708737, 0.2867302568776253, 0.20615648415911583, 0.23279238539238528], [0.1941981474407945, 0.30750097843333146, 0.24800820013320032, 0.250292673992674], [0.2425754689754692, 0.26023405483405493, 0.19345117105117124, 0.30373930513930514], [0.29061256994639373, 0.276253318903319, 0.18888339797457457, 0.24425071317571326], [0.288013381063381, 0.22897238317238328, 0.25308327783327783, 0.22993095793095797], [0.3024268251356487, 0.21197979047096702, 0.23567374651492315, 0.24991963787846147], [0.28620704018204024, 0.27423049728049725, 0.19305746198246201, 0.2465050005550006], [0.32945072705072703, 0.21214838494838498, 0.20768868908868912, 0.25071219891219887], [0.22647155344655354, 0.30765972360972377, 0.2294572510822511, 0.23641147186147185], [0.25030990120990115, 0.2662595904095903, 0.210364690864691, 0.27306581751581754], [0.25738804528804554, 0.2649990564990566, 0.24761266511266522, 0.23000023310023313], [0.25495704295704313, 0.2393507437007439, 0.19015084360084367, 0.3155413697413697], [0.228920881895882, 0.23521852591852596, 0.22165420690420695, 0.3142063852813853], [0.28862619047619065, 0.24784170274170286, 0.2052888944388944, 0.25824321234321246], [0.2479062049062049, 0.26354792984792985, 0.20388278388278402, 0.28466308136308144], [0.2529980075480076, 0.2432184981684983, 0.20198717948717954, 0.3017963147963147], [0.20941033133533135, 0.23666443001443005, 0.24428990731490757, 0.3096353313353313], [0.1867054445554446, 0.30842869352869356, 0.26016119991119996, 0.244704662004662], [0.2691668109668111, 0.2910871572871574, 0.19344538239538248, 0.24630064935064946], [0.24164580697080712, 0.2844958854870619, 0.20596860198624903, 0.26788970555588215], [0.22898414085914093, 0.3157010101010102, 0.2582880147630148, 0.19702683427683437], [0.29527913197913186, 0.18192801642801643, 0.2331286879786881, 0.2896641636141637], [0.26505234487734497, 0.250964039555216, 0.22546558441558462, 0.25851803115185495], [0.2229193223443226, 0.28119116994116994, 0.24251298978798988, 0.25337651792651805], [0.3250316572316572, 0.20618312520812523, 0.15828803696303706, 0.3104971805971805], [0.2385300865800867, 0.28883899074781433, 0.19061100925218574, 0.2820199134199135], [0.28548757908757894, 0.2502904262404263, 0.22740054945054958, 0.23682144522144546], [0.17692193362193376, 0.3305622433122434, 0.20164785769785776, 0.29086796536796533], [0.2816943667443669, 0.22609916749916764, 0.20876673881673893, 0.283439726939727], [0.27535111832611836, 0.26367727272727287, 0.145769227994228, 0.315202380952381], [0.20139665138782795, 0.263253709362533, 0.2882695748695749, 0.24708006438006447], [0.28990976245976247, 0.23636426351426357, 0.20945606060606078, 0.26426991341991346], [0.32674761904761895, 0.22329949494949505, 0.15238580863580867, 0.29756707736707744], [0.2252609668109669, 0.29058488455988457, 0.18552543290043297, 0.2986287157287157], [0.2823232628482629, 0.251319589887237, 0.17729960872460884, 0.2890575385398915], [0.29350779220779216, 0.2753424963924965, 0.18978939393939398, 0.24136031746031758], [0.31978838383838376, 0.23112599622599642, 0.16175743700743708, 0.28732818292818285], [0.25097410367410394, 0.25562567987567997, 0.2287874403374404, 0.2646127761127762], [0.2208127844377846, 0.3138085858585856, 0.2533604756354756, 0.21201815406815414], [0.2281194444444446, 0.27416272893772925, 0.14987745865245877, 0.3478403679653678], [0.2877645302066354, 0.2624916489942806, 0.14113128888655202, 0.30861253191253185], [0.197991330891331, 0.2652608114108114, 0.22673202908202922, 0.31001582861582844], [0.2925138750138753, 0.21838066378066393, 0.16706964701964708, 0.3220358141858142], [0.2645523643023643, 0.2791364635364636, 0.23974217449217458, 0.21656899766899781], [0.23284446664446665, 0.3189531968031967, 0.22232483349983367, 0.22587750305250318], [0.26430090289827135, 0.2589454045954047, 0.20207623487623497, 0.2746774576300894], [0.32476936951936947, 0.24944365079365088, 0.1887928904428905, 0.23699408924408927], [0.28243319458319466, 0.2736307303807305, 0.14909135309135316, 0.29484472194472205], [0.2504390220890222, 0.26696742701742715, 0.2230568265068265, 0.2595367243867245], [0.2866239760239761, 0.268031390831391, 0.1865589244089245, 0.2587857087357088], [0.22980456210456232, 0.2278223998224, 0.24531981906981917, 0.29705321900321907], [0.24624598734598752, 0.2195599622599623, 0.2220184676434677, 0.3121755827505827], [0.2622061133311135, 0.2995079864579864, 0.18884763847263863, 0.2494382617382619], [0.23603170995671013, 0.33401081696081714, 0.1993425824175824, 0.23061489066489083], [0.27956622821622823, 0.2573883005883006, 0.14640099345099356, 0.3166444777444777], [0.2813507825507827, 0.25248564213564223, 0.21198955211455214, 0.2541740231990234], [0.24063080253080263, 0.27922937062937053, 0.2657431290931292, 0.2143966977466978], [0.2657272866022867, 0.28592994227994245, 0.18450227272727285, 0.2638404983904985], [0.2394683927183929, 0.26030899655899653, 0.22534372849372858, 0.27487888222888246], [0.2587236652236653, 0.23860543345543359, 0.2048722666222666, 0.2977986346986348], [0.26640336330336345, 0.3125631313131313, 0.16322041292041303, 0.2578130924630926], [0.24370583028083034, 0.25395574980575003, 0.26866489898989915, 0.23367352092352098], [0.26284239649239666, 0.2791416083916085, 0.19584095904095908, 0.2621750360750361], [0.24316587856587873, 0.2966877733377735, 0.22762658452658457, 0.23251976356976367], [0.24747972305472324, 0.2841694472194473, 0.21251832334332346, 0.2558325063825065], [0.2793504995004994, 0.2903267177267177, 0.16114134754134754, 0.26918143523143534], [0.2452705944382416, 0.24035708343943643, 0.1789751082251083, 0.3353972138972138], [0.29625164443399743, 0.23995519480519498, 0.20601200466200484, 0.25778115609880325], [0.28764462204462204, 0.28493124098124106, 0.1869087246087247, 0.24051541236541246], [0.2621259823509825, 0.30387520812520813, 0.16985295815295814, 0.26414585137085134], [0.25355671550671566, 0.25799263514263515, 0.22215462870462876, 0.2662960206460207], [0.32669732489732517, 0.272815700965701, 0.16760026640026643, 0.23288670773670778], [0.26523929403929425, 0.25508056943056956, 0.19615643523143528, 0.2835237012987014], [0.23026864410099707, 0.2302145909645912, 0.24617817737817746, 0.2933385875562347], [0.28738649128649135, 0.21745192585192585, 0.20701339216339223, 0.28814819069819075], [0.2856761089787405, 0.2429057720057721, 0.18778905538905538, 0.2836290636264322], [0.21985302475302493, 0.2827994394494396, 0.240157475857476, 0.2571900599400601], [0.22785655178155187, 0.25615742313242323, 0.1640576812076813, 0.35192834387834393], [0.2532896325896327, 0.22390757575757572, 0.18284959484959495, 0.33995319680319697], [0.25227475127211985, 0.2060750527250527, 0.28402667055167075, 0.2576235254511571], [0.25650002497502505, 0.26895918525918544, 0.206301567876568, 0.26823922188922195], [0.24461870351870366, 0.26989240204240206, 0.21373841713841718, 0.27175047730047736], [0.2646496392496394, 0.25290411255411266, 0.18346349206349205, 0.29898275613275616], [0.19723746808746823, 0.28938669663669675, 0.23909237984237985, 0.27428345543345545], [0.3164397990897993, 0.22127292152292166, 0.1824107503607504, 0.27987652902652915], [0.2774572316572318, 0.276283893883894, 0.20079393939393952, 0.24546493506493514], [0.2622064491064493, 0.2723009768009769, 0.1974224997224997, 0.2680700743700744], [0.25020937950937955, 0.2897479353979355, 0.18045382395382403, 0.27958886113886106], [0.23007441447441454, 0.3153599067599068, 0.15592481962481966, 0.29864085914085925], [0.3228490342990343, 0.2120100788100789, 0.15113626928626936, 0.31400461760461773], [0.2371659673659674, 0.27701989676989686, 0.22235348540348554, 0.26346065046065054], [0.32655541125541127, 0.20992659562659557, 0.18101164391164404, 0.28250634920634937], [0.2307731213231214, 0.2642175713175714, 0.19828880563880583, 0.3067205017205018], [0.2582485125985126, 0.24447563547563544, 0.21670522255522265, 0.2805706293706295], [0.2879619658119659, 0.2826267177267177, 0.15869267399267403, 0.27071864246864247], [0.276098470973471, 0.2541402736152737, 0.15544037629037635, 0.3143208791208791], [0.2679432206682206, 0.2585867077367078, 0.1638034160284161, 0.3096666555666555], [0.16932813852813858, 0.29260596903096914, 0.25038061660561667, 0.2876852758352758], [0.19634504939504957, 0.2869672605172605, 0.25385136530136554, 0.2628363247863249], [0.26560016474753323, 0.2630052308802311, 0.1795292041292042, 0.291865400243032], [0.2458283716283718, 0.26880604216045395, 0.18070840727899562, 0.304657178932179], [0.2632505383505384, 0.29498308717426364, 0.18403567380332092, 0.2577307006718772], [0.2786781107781108, 0.26877641247641254, 0.17214540459540462, 0.28040007215007207], [0.2444555757967522, 0.2835621453709689, 0.1996302641802642, 0.27235201465201464], [0.25046582306582327, 0.2698433344433346, 0.22291486846486847, 0.2567759740259743], [0.33233135753135756, 0.21898489843489857, 0.1952641691641692, 0.25341957486957484], [0.22894783549783557, 0.2901706709956711, 0.24274724442224457, 0.2381342490842491], [0.2972503777268484, 0.24666727879963177, 0.18326558441558444, 0.2728167590579356], [0.3181139915639914, 0.2440749694749694, 0.22023734598734612, 0.2175736929736931], [0.2646720704132471, 0.2847784457372693, 0.17518687978687983, 0.2753626040626041], [0.20647938172938182, 0.2716278499278501, 0.21541643356643364, 0.3064763347763348], [0.26110384093031164, 0.20271802250037552, 0.18312900987901007, 0.35304912669030314], [0.303562531912532, 0.23872823287823297, 0.17945750360750368, 0.27825173160173167], [0.2698617604617606, 0.3000279793306108, 0.14377424067160907, 0.2863360195360197], [0.2072140748140749, 0.30250421800421806, 0.20986287601287612, 0.28041883116883115], [0.2803489843489843, 0.2887975635475636, 0.19593818958818965, 0.23491526251526273], [0.23719949772449775, 0.24619664502164515, 0.17314488289488297, 0.34345897435897427], [0.28450165390165405, 0.2621616383616386, 0.24021834276834286, 0.2131183649683651], [0.24201183261183273, 0.26355557220557235, 0.19072176712176717, 0.30371082806082805], [0.28455134587634584, 0.27479490786990807, 0.17097278277278283, 0.26968096348096343]]}}