{"test": {"ids": ["99109161", "105112130", "110120560", "106116640", "101110200", "102112250", "101119030", "111120531", "108116481", "98107010", "113118870", "99108330", "112120670", "112116800", "105112240", "104110960", "105121370", "112119610", "105117431", "113118490", "108115570", "103113270", "102117351", "113120780", "108121190", "109118161", "112118530", "108118060", "110117500", "102110690", "103111620", "103113170", "112117471", "109121640", "102109850", "113121410", "97106970", "112121030", "108115880", "108114220", "107112840", "111116750", "97112170", "102114270", "113121750", "98107340", "108120260", "104117630", "99109780", "98110710", "113119950", "110120540", "107120880", "112116451", "103117200", "99108520", "110115120", "104116800", "110120700", "113118690", "102110500", "98108520", "107117010", "105113620", "103111830", "113117401", "111115910", "110117200", "110114950", "106113170", "113118421", "97116410", "102116340", "99108010", "110113931", "108114040", "104111550", "111116290", "105120621", "103113640", "113122120", "105110251", "103117461", "99111620", "98109230", "112117210", "104114240", "97109080", "98108410", "110121500", "108118301", "104113240", "112117571", "100113370", "109114720", "112121410", "105115380", "98111231", "99109370", "108114180", "98116500", "107114950", "99108000", "100108990", "107118490", "110118630", "112116880", "104112201", "110118450", "99110050", "104119340", "113122230", "98111860", "108117720", "101108370", "107118820", "109117150", "100120010", "112119450", "109119010", "107121700", "97113900", "102113981", "100112060", "107113180", "105115720", "103111540", "110116290", "108113480", "103120730", "103110100", "104111990", "103111110", "111114941", "109117110", "107116501", "98116940", "100111380", "98117740", "109117080", "100108520", "109120540"], "labels": [3, 1, 0, 3, 2, 0, 3, 0, 0, 3, 0, 1, 2, 0, 1, 2, 2, 0, 1, 1, 3, 2, 1, 0, 1, 0, 1, 1, 1, 0, 0, 3, 3, 0, 1, 0, 2, 0, 3, 3, 1, 3, 0, 3, 0, 0, 1, 0, 2, 2, 0, 1, 1, 0, 0, 2, 0, 1, 2, 3, 3, 2, 1, 0, 3, 3, 2, 3, 0, 0, 3, 3, 3, 2, 1, 0, 1, 2, 1, 1, 1, 0, 0, 3, 1, 1, 0, 2, 1, 3, 1, 2, 3, 3, 0, 0, 1, 1, 1, 1, 2, 3, 2, 2, 2, 1, 0, 0, 0, 3, 1, 1, 0, 1, 1, 3, 2, 0, 3, 3, 3, 2, 1, 2, 3, 1, 1, 2, 0, 1, 1, 2, 3, 0, 1, 1, 2, 3, 2, 1, 2, 1], "predicted_labels": [0, 3, 1, 3, 1, 0, 3, 1, 1, 3, 1, 1, 0, 1, 3, 3, 3, 2, 1, 0, 0, 1, 1, 3, 2, 3, 1, 0, 1, 1, 1, 2, 3, 3, 1, 0, 3, 3, 0, 0, 0, 3, 3, 1, 1, 3, 3, 0, 2, 3, 3, 1, 3, 0, 3, 2, 3, 2, 3, 1, 3, 3, 3, 1, 0, 0, 1, 0, 3, 0, 3, 1, 1, 1, 3, 1, 2, 0, 3, 0, 0, 1, 3, 1, 1, 1, 2, 3, 1, 0, 3, 3, 1, 0, 0, 2, 3, 0, 3, 3, 0, 0, 3, 0, 1, 1, 2, 0, 3, 3, 1, 1, 1, 3, 0, 1, 0, 3, 0, 3, 3, 1, 3, 1, 0, 2, 0, 2, 2, 0, 1, 1, 1, 3, 3, 1, 3, 1, 0, 3, 1, 2], "confidence_scores": [[0.49017952661786507, 0.18499346289081925, 0.1180244124495404, 0.20680259804177534], [0.13215020984786216, 0.27004650897338756, 0.17723243958148696, 0.4205708415972632], [0.20890981942911774, 0.30399417055857086, 0.24800017509239514, 0.23909583491991632], [0.1640515517930563, 0.2441098557013971, 0.1510479137791005, 0.4407906787264462], [0.09681608962050646, 0.3941971453556619, 0.35526356354226635, 0.1537232014815654], [0.44284586638418144, 0.1074454199075588, 0.12045180674737947, 0.32925690696088034], [0.2620687414914887, 0.19011802990381346, 0.1528550937856083, 0.3949581348190894], [0.18647314849414268, 0.42037243164729904, 0.12086655991408497, 0.2722878599444734], [0.08978057235221147, 0.45772070400344356, 0.11023269518925442, 0.34226602845509063], [0.10290217468130536, 0.16024383518900676, 0.072036445771259, 0.6648175443584289], [0.19527027167657018, 0.40363255046395224, 0.12699371406238555, 0.27410346379709205], [0.07023169841477123, 0.5528681292622034, 0.2071882570908449, 0.1697119152321805], [0.4555922060128112, 0.32384956061729364, 0.09976503115333205, 0.1207932022165629], [0.17145707088497436, 0.39168483934355325, 0.19492710940898741, 0.24193098036248495], [0.24633273618892115, 0.26149623236505626, 0.18900213823101292, 0.3031688932150097], [0.21521287534551972, 0.20049108571755916, 0.1547816607878248, 0.42951437814909627], [0.10367784857915935, 0.25166506906164543, 0.26596970821310684, 0.3786873741460884], [0.2291452197632367, 0.10001900076586374, 0.4975563677994912, 0.17327941167140837], [0.16576994212027615, 0.4819566165949577, 0.09963392904245383, 0.25263951224231235], [0.5245121267332871, 0.24560132457106842, 0.0699996995512673, 0.15988684914437712], [0.3211760857467443, 0.18132971862461603, 0.19400775062778283, 0.30348644500085686], [0.11871406003051285, 0.5293261463636338, 0.1118148940922734, 0.24014489951357998], [0.3020170505414984, 0.36613634839700915, 0.08472955954619371, 0.2471170415152988], [0.11199478080522804, 0.20916918227163916, 0.27306610885823007, 0.40576992806490275], [0.10506211330525976, 0.10624703226794424, 0.6493317679201975, 0.13935908650659834], [0.3654302977420124, 0.10878363608013192, 0.06401535435247716, 0.46177071182537865], [0.2354601330136789, 0.30978380914709547, 0.16232981992755344, 0.29242623791167194], [0.29466495021472167, 0.2690253777756676, 0.23975167599195532, 0.19655799601765528], [0.24274011220096914, 0.36005977336815687, 0.14203991556859674, 0.2551601988622774], [0.24134665311230066, 0.4178376796900029, 0.13099906284235424, 0.20981660435534225], [0.1289624714624599, 0.3932321327129817, 0.30340043721709953, 0.17440495860745886], [0.09284964893600081, 0.12058194314094578, 0.42685450592191937, 0.35971390200113396], [0.2888594758596461, 0.16983897249618082, 0.20486373591286405, 0.336437815731309], [0.15618002815346368, 0.28033037718457365, 0.13422408392652355, 0.4292655107354392], [0.1578349527133484, 0.4491098356685639, 0.15056980250981541, 0.24248540910827243], [0.36714235137296225, 0.3651547061103416, 0.07999628763456984, 0.1877066548821264], [0.2469708284436434, 0.2791260799216557, 0.14540348700352107, 0.32849960463118], [0.31175121372262854, 0.12323206839024034, 0.0816313038999038, 0.4833854139872274], [0.6189651605035268, 0.08592888949282565, 0.06822276882083851, 0.22688318118280915], [0.4720593567834581, 0.10176394399300316, 0.23562300472205552, 0.19055369450148324], [0.31243199588285714, 0.2565683025318334, 0.13932738977965586, 0.2916723118056536], [0.18336854214800646, 0.2983639721954105, 0.08014718393878782, 0.43812030171779537], [0.2283077570011863, 0.20408497894327207, 0.201792615109201, 0.36581464894634097], [0.1850174896450082, 0.5458844514833838, 0.0841320557192045, 0.1849660031524035], [0.14301697299928662, 0.519951610688453, 0.08179154110133366, 0.2552398752109267], [0.21840452307308764, 0.14959432749264265, 0.17360724359685575, 0.458393905837414], [0.19505674172845044, 0.2995274560788427, 0.09040531357173642, 0.4150104886209704], [0.5231534113672615, 0.1341342001376858, 0.145017479599671, 0.19769490889538166], [0.14397944407066154, 0.19981954418254144, 0.4784468393142951, 0.17775417243250202], [0.19392986638116175, 0.28547931838039603, 0.12713052913629277, 0.39346028610214956], [0.20920935461867915, 0.2481930913743706, 0.06485745750071863, 0.47774009650623167], [0.1873737355997911, 0.42926493901077306, 0.18336831179046253, 0.19999301359897337], [0.19642915833271432, 0.15770384010087618, 0.07401554749128049, 0.571851454075129], [0.5792588978763079, 0.13431667727224483, 0.05876069742409953, 0.22766372742734767], [0.058539813844772, 0.24692904619125605, 0.03670587531987038, 0.6578252646441017], [0.126808836504785, 0.24891709753061342, 0.4717359635956648, 0.15253810236893678], [0.2520393753479256, 0.2400921841803542, 0.23506732408531705, 0.27280111638640325], [0.16661155226731955, 0.26577931766566315, 0.4099230995791983, 0.15768603048781907], [0.17621737930166695, 0.30856127829050595, 0.15053317936088406, 0.36468816304694324], [0.21631317800761, 0.5633834343424193, 0.115964438186076, 0.1043389494638947], [0.1754128242125599, 0.16265550839672413, 0.1235688952842457, 0.5383627721064701], [0.17919352471865352, 0.20757687697298402, 0.0800457102647598, 0.5331838880436026], [0.12692064821071172, 0.24420903534577176, 0.13023770887582192, 0.4986326075676948], [0.21397357303111592, 0.49319651219715593, 0.15187624408822126, 0.14095367068350698], [0.6854430122756583, 0.1106363472444816, 0.08533642589002907, 0.11858421458983097], [0.7260884479242424, 0.10780104010491791, 0.046274618782544, 0.11983589318829589], [0.1470884433455377, 0.38449892247605066, 0.09925385773533647, 0.36915877644307526], [0.47837949586921824, 0.26425058946073404, 0.1895387297368253, 0.0678311849332224], [0.2648037988338734, 0.1432412172742671, 0.11484621313781404, 0.4771087707540454], [0.37197039975000595, 0.1751727812952117, 0.19378211769625195, 0.2590747012585305], [0.28241416205735503, 0.20147341045311346, 0.09770212337995193, 0.41841030410957963], [0.21446050898907226, 0.48283090906342424, 0.17272455429806485, 0.1299840276494387], [0.1812079245713917, 0.3801525940395322, 0.12510298915800372, 0.31353649223107233], [0.1498329572912626, 0.4511000707226902, 0.1927145654782447, 0.20635240650780248], [0.16722032684123, 0.33183427695398304, 0.11653200999060558, 0.38441338621418153], [0.1472419009050666, 0.5878956452948351, 0.14436264186376552, 0.1204998119363328], [0.15604918405124696, 0.20786387855458274, 0.5224529273065236, 0.11363401008764674], [0.410177101396372, 0.2439503910654369, 0.07808554724351147, 0.26778696029467974], [0.19350326668883763, 0.22215654161684523, 0.08081629361584183, 0.5035238980784753], [0.6450748912383301, 0.11320631903764417, 0.07774915999178403, 0.16396962973224186], [0.3990497533998329, 0.2898204424621633, 0.07510758215049355, 0.2360222219875103], [0.21137042812246729, 0.47338120577056064, 0.08800183650179913, 0.2272465296051729], [0.2954863746083613, 0.30595925837087157, 0.06350330364091387, 0.3350510633798531], [0.1391896236753957, 0.5429806311441663, 0.15852616350899598, 0.15930358167144215], [0.18086641337993656, 0.4618864831623403, 0.1398887552225704, 0.2173583482351527], [0.11811633645318058, 0.37493289043129535, 0.2945711612226827, 0.2123796118928415], [0.33529038620645873, 0.20311744152105735, 0.34534402165958233, 0.1162481506129015], [0.16385766911982816, 0.26104496106410746, 0.2293921409206944, 0.3457052288953698], [0.08567133643292787, 0.6935007052153177, 0.12319541856006086, 0.09763253979169358], [0.5025621318814193, 0.20328398575482623, 0.08384198953631458, 0.21031189282743987], [0.1815040281982001, 0.32488686345557544, 0.12546201953998032, 0.3681470888062443], [0.19422300529515066, 0.22342414117672046, 0.23008371408675599, 0.35226913944137306], [0.2241318123119515, 0.387147762968602, 0.12117258234135522, 0.2675478423780914], [0.3829040899176348, 0.24292493837695014, 0.11676576885687208, 0.2574052028485429], [0.3991194504160074, 0.17215065439096547, 0.1363546054469915, 0.29237528974603566], [0.13159699939487607, 0.24117493100356593, 0.3628323527805647, 0.26439571682099333], [0.1876422589451351, 0.21798843711197852, 0.232605610239574, 0.3617636937033126], [0.42100206121022515, 0.2392075958467228, 0.16311246927087475, 0.17667787367217727], [0.20352395598345147, 0.23990740782059916, 0.24833090688183587, 0.30823772931411375], [0.13688663567533274, 0.12779527333935314, 0.24108261460806693, 0.4942354763772473], [0.439866546798344, 0.16292556389082774, 0.13762013536797144, 0.25958775394285666], [0.32752185263388434, 0.3046020311186987, 0.13914784417456322, 0.22872827207285387], [0.15320884333322732, 0.13061305861210457, 0.07922338324379602, 0.6369547148108721], [0.37480951759479525, 0.20851080106341932, 0.1141355767575675, 0.30254410458421793], [0.1591748030925362, 0.5073943539376737, 0.07351359067712815, 0.259917252292662], [0.2749393968146342, 0.29726957630852924, 0.23518730517572528, 0.1926037217011112], [0.1661659110810732, 0.2921478001896175, 0.3337097122861977, 0.2079765764431115], [0.6799823125808604, 0.08844577935101534, 0.06252943533805853, 0.16904247273006587], [0.1527254573256259, 0.2950939762795506, 0.24671073740310204, 0.3054698289917214], [0.20097790820235564, 0.18299009791412266, 0.2944958777794529, 0.3215361161040688], [0.14624791196608997, 0.37969235554062836, 0.17522332475964777, 0.29883640773363396], [0.2217252015394801, 0.45917751446848815, 0.18070422228092106, 0.13839306171111068], [0.15109616680194093, 0.40656392154091964, 0.18800478697331532, 0.25433512468382413], [0.17345356582315255, 0.3268652713854876, 0.08462908659404601, 0.4150520761973139], [0.36396296928403654, 0.24523113424980608, 0.14783141304088368, 0.24297448342527386], [0.3233173812147428, 0.35273804047320323, 0.054205224999347275, 0.2697393533127067], [0.5063190571408367, 0.22348102149911914, 0.13691789979489724, 0.13328202156514704], [0.15220090439879744, 0.1555803151011422, 0.2198778146058273, 0.4723409658942329], [0.34616738144162085, 0.22949248356577773, 0.08374830332174178, 0.34059183167085955], [0.1606271203516097, 0.29853784118953663, 0.1307169134448519, 0.41011812501400174], [0.2214531033586925, 0.2981079008169791, 0.08885366556650094, 0.3915853302578274], [0.26509598307821874, 0.46141127771317936, 0.0761250625759603, 0.19736767663264168], [0.06161806153399992, 0.2889983945656065, 0.1979557168885412, 0.4514278270118523], [0.31670073339299604, 0.3374295852122241, 0.069163996197228, 0.276705685197552], [0.4453421023798956, 0.16642979389739865, 0.14961219868611708, 0.23861590503658875], [0.10519655597857937, 0.23260082648816294, 0.43917844336653666, 0.2230241741667211], [0.5899719370570741, 0.15625820795518974, 0.11332841434361846, 0.1404414406441177], [0.13121659443863773, 0.18252806421808973, 0.39782554395412, 0.28842979738915264], [0.08012384297394733, 0.17619687436522088, 0.6220016819004018, 0.12167760076042994], [0.44871318625829676, 0.35482423342308655, 0.06795262437678862, 0.12850995594182796], [0.0955259477980232, 0.3724377740120817, 0.24634565475514741, 0.28569062343474766], [0.24408555906196341, 0.2917847212587614, 0.2092330379912651, 0.25489668168801], [0.2647502127399068, 0.4037209862609543, 0.11768300590142239, 0.2138457950977166], [0.0934552082268899, 0.10663092963360891, 0.07363326531639938, 0.726280596823102], [0.16376265637541063, 0.20121333014205667, 0.1980262939862198, 0.4369977194963127], [0.15105689599894592, 0.5049094900742956, 0.06726719653381676, 0.2767664173929416], [0.2789404809636237, 0.26019144915125536, 0.17943847244829042, 0.2814295974368305], [0.18948505736022284, 0.5774801488707818, 0.12077294164794093, 0.11226185212105451], [0.45984132363270874, 0.2797055540013831, 0.08758066921421104, 0.17287245315169722], [0.12666500227849622, 0.3501418756497815, 0.14673212596856847, 0.37646099610315387], [0.20761911338429073, 0.3320798300487878, 0.22993991756581394, 0.23036113900110752], [0.16711485460553344, 0.17055789010320374, 0.45327384193057163, 0.20905341336069116]]}, "rewritten": {"ids": ["97106970", "97109080", "97112170", "97113900", "97116410", "98107010", "98107340", "98108410", "98108520", "98109230", "98110710", "98111231", "98111860", "98116500", "98116940", "98117740", "99108000", "99108010", "99108330", "99108520", "99109161", "99109370", "99109780", "99110050", "99111620", "100108520", "100108990", "100111380", "100112060", "100113370", "100120010", "101108370", "101110200", "101119030", "102109850", "102110500", "102110690", "102112250", "102113981", "102114270", "102116340", "102117351", "103110100", "103111110", "103111540", "103111620", "103111830", "103113170", "103113270", "103113640", "103117200", "103117461", "103120730", "104110960", "104111550", "104111990", "104112201", "104113240", "104114240", "104116800", "104117630", "104119340", "105110251", "105112130", "105112240", "105113620", "105115380", "105115720", "105117431", "105120621", "105121370", "106113170", "106116640", "107112840", "107113180", "107114950", "107116501", "107117010", "107118490", "107118820", "107120880", "107121700", "108113480", "108114040", "108114180", "108114220", "108115570", "108115880", "108116481", "108117720", "108118060", "108118301", "108120260", "108121190", "109114720", "109117080", "109117110", "109117150", "109118161", "109119010", "109120540", "109121640", "110113931", "110114950", "110115120", "110116290", "110117200", "110117500", "110118450", "110118630", "110120540", "110120560", "110120700", "110121500", "111114941", "111115910", "111116290", "111116750", "111120531", "112116451", "112116800", "112116880", "112117210", "112117471", "112117571", "112118530", "112119450", "112119610", "112120670", "112121030", "112121410", "113117401", "113118421", "113118490", "113118690", "113118870", "113119950", "113120780", "113121410", "113121750", "113122120", "113122230"], "labels": [2, 2, 0, 2, 3, 3, 0, 1, 2, 1, 2, 1, 0, 2, 2, 2, 2, 2, 1, 2, 3, 1, 2, 3, 3, 2, 2, 3, 2, 3, 0, 1, 2, 3, 1, 3, 0, 0, 1, 3, 3, 1, 1, 3, 1, 0, 3, 3, 2, 1, 0, 0, 1, 2, 1, 2, 0, 2, 0, 1, 0, 1, 0, 1, 1, 0, 1, 1, 1, 1, 2, 0, 3, 1, 3, 3, 1, 1, 2, 3, 1, 3, 0, 0, 1, 3, 3, 3, 0, 1, 1, 1, 1, 1, 0, 1, 1, 2, 0, 3, 1, 0, 1, 0, 0, 2, 3, 1, 0, 1, 1, 0, 2, 3, 0, 2, 2, 3, 0, 0, 0, 0, 1, 3, 3, 1, 3, 0, 2, 0, 0, 3, 3, 1, 3, 0, 0, 0, 0, 0, 1, 1], "predicted_labels": [2, 3, 3, 1, 1, 3, 0, 1, 3, 3, 1, 2, 2, 3, 1, 1, 1, 0, 2, 1, 0, 3, 3, 3, 3, 0, 3, 1, 1, 3, 3, 0, 1, 3, 2, 3, 3, 3, 3, 1, 2, 1, 3, 1, 3, 1, 0, 1, 3, 0, 3, 1, 3, 3, 1, 1, 3, 2, 1, 1, 3, 1, 3, 1, 3, 1, 2, 1, 3, 3, 1, 0, 3, 2, 1, 3, 1, 3, 1, 3, 3, 3, 2, 3, 3, 0, 3, 2, 0, 3, 0, 1, 0, 2, 1, 1, 1, 3, 0, 1, 3, 3, 1, 3, 3, 3, 3, 1, 3, 1, 1, 2, 3, 0, 0, 1, 3, 1, 3, 0, 1, 0, 1, 1, 1, 1, 1, 1, 1, 3, 3, 3, 3, 1, 1, 3, 3, 2, 3, 1, 0, 1], "confidence_scores": [[0.23374646821361927, 0.1672573974037336, 0.3809831227334799, 0.2180130116491672], [0.15131374974590828, 0.2591077780404765, 0.24785107721582444, 0.3417273949977909], [0.17075127753425956, 0.2998784513827979, 0.16641098011381278, 0.3629592909691299], [0.2706824761993939, 0.3799544998247388, 0.09864662062998013, 0.25071640334588746], [0.20146488314183264, 0.4110321198475097, 0.18586364333032496, 0.20163935368033264], [0.24794425671446882, 0.18208209147480414, 0.15892179699613793, 0.4110518548145891], [0.47279548939683835, 0.13090121645532246, 0.06472770726437677, 0.33157558688346245], [0.08980572167554028, 0.6568848970499606, 0.14118774867182754, 0.11212163260267155], [0.11590922938124647, 0.38180617392731125, 0.08175839728656482, 0.42052619940487757], [0.29787485154899307, 0.1517910109713399, 0.14510570487764718, 0.4052284326020198], [0.17824688474786485, 0.3693176399616164, 0.11819474892767569, 0.3342407263628432], [0.24841623795188636, 0.20531760955022615, 0.31325082931122794, 0.2330153231866596], [0.1507847199357924, 0.266833479857794, 0.4140274166510363, 0.16835438355537727], [0.10679793577884943, 0.13625758878198474, 0.1751887356429413, 0.5817557397962244], [0.18807220679193454, 0.3479835874439204, 0.17272176642804335, 0.29122243933610165], [0.2621665865286058, 0.3264822710992453, 0.18007461178527961, 0.2312765305868692], [0.15413230300050892, 0.34092126945042783, 0.32282716228196007, 0.1821192652671031], [0.6252155115975699, 0.16412752392261173, 0.08940419713911019, 0.12125276734070842], [0.21989059767890493, 0.19670560935375905, 0.30307074630608655, 0.28033304666124975], [0.20434254628599385, 0.41325766818035226, 0.16882639769161986, 0.21357338784203425], [0.33163388126379295, 0.1691985514996097, 0.21650377539359278, 0.2826637918430048], [0.19149262387766444, 0.18578811575991452, 0.29744177011970546, 0.3252774902427155], [0.18823110455365014, 0.17908398453266858, 0.3084993647064424, 0.32418554620723905], [0.12663682937460838, 0.2327063998874216, 0.10633039222324613, 0.5343263785147238], [0.2077770267604645, 0.248956319851259, 0.16642925412827608, 0.37683739926000054], [0.4203104648932445, 0.1381160006333706, 0.1536385410831186, 0.28793499339026646], [0.18215234562131333, 0.13023858015956064, 0.1448686724179902, 0.5427404018011359], [0.3171488752272867, 0.3712816486936944, 0.13770073388127585, 0.17386874219774312], [0.16554225322418195, 0.40138926970010097, 0.22305409008979685, 0.21001438698592031], [0.2341232658001173, 0.26119772457129303, 0.2118624078581579, 0.2928166017704318], [0.16181300912085875, 0.2750422118711504, 0.25598941728976926, 0.30715536171822166], [0.47548215106740077, 0.2855288316715006, 0.06898721445532005, 0.1700018028057786], [0.14523198728752698, 0.4272576639318922, 0.20361121191357748, 0.22389913686700316], [0.12999839244805952, 0.36792557116027264, 0.11162696297269839, 0.3904490734189696], [0.08837307044137899, 0.09952574710159912, 0.7269735808412952, 0.08512760161572688], [0.2849964141715747, 0.20419912438693938, 0.14277300759387637, 0.3680314538476096], [0.07358561959863791, 0.23213584410174043, 0.10303884731243436, 0.5912396889871873], [0.14667637370154848, 0.2908188365197202, 0.1891305789011325, 0.3733742108775988], [0.194643416053138, 0.20140339933691556, 0.18384044960886267, 0.4201127350010839], [0.22863212385948167, 0.38668749316730094, 0.1349451946016035, 0.24973518837161396], [0.22441124807195212, 0.2606708325644593, 0.3144419308528609, 0.20047598851072768], [0.3074760577859478, 0.393948102497754, 0.08867640807706578, 0.20989943163923247], [0.18622543422563376, 0.18857891042320213, 0.10252809347930167, 0.5226675618718624], [0.20706375072107328, 0.3354325690923827, 0.1383627106024465, 0.3191409695840973], [0.18918277330034525, 0.19221136868807429, 0.23333715370824304, 0.38526870430333754], [0.24276119395415405, 0.2991770574305823, 0.1749270537030094, 0.2831346949122543], [0.44443591164960045, 0.09352013232957251, 0.2528830171352804, 0.20916093888554668], [0.20861889157281147, 0.41859239117164115, 0.1356146694659257, 0.23717404778962164], [0.33321952889827383, 0.14370394031932507, 0.10179368460733203, 0.4212828461750691], [0.31175467149772323, 0.2463685488627828, 0.1452366894181342, 0.29664009022135995], [0.1973193938809313, 0.2341323442391494, 0.12966122935340682, 0.4388870325265127], [0.27256357313691915, 0.3967676664734051, 0.12561274689314753, 0.20505601349652824], [0.26571130616174826, 0.22368701681008032, 0.10566010203999558, 0.40494157498817585], [0.23124241735303397, 0.25987582003909027, 0.2373857794403531, 0.27149598316752255], [0.10192987745690427, 0.4319299683040147, 0.2872181752224758, 0.17892197901660528], [0.25362832412065134, 0.4291560316716462, 0.08104614125241025, 0.23616950295529218], [0.24146280277618162, 0.0930496070317367, 0.2494458984576354, 0.4160416917344464], [0.18954128310926593, 0.28152583556384647, 0.3597196535614942, 0.1692132277653935], [0.24238070255154406, 0.31393214306478534, 0.30934653912910204, 0.13434061525456856], [0.16004706163840546, 0.3779442129174857, 0.1900128725728381, 0.27199585287127087], [0.16338926847064913, 0.14885935869397748, 0.10629866729364151, 0.5814527055417318], [0.15795451776177363, 0.35312849178201944, 0.18089067871022604, 0.30802631174598083], [0.15770777957146453, 0.269978486860041, 0.15097913082128897, 0.42133460274720547], [0.14330429063344513, 0.4799861566412737, 0.13778476121249417, 0.23892479151278714], [0.19176975373113483, 0.3122958253288455, 0.1833993331970828, 0.3125350877429369], [0.19041559507573866, 0.37260817144578423, 0.17710834476201232, 0.2598678887164648], [0.08492035039915248, 0.3128012863705751, 0.31627496954074713, 0.2860033936895252], [0.26396430976949886, 0.3184609759105069, 0.10990224027444687, 0.3076724740455473], [0.19916678521082648, 0.33242459287264553, 0.10717108522977356, 0.3612375366867547], [0.1382571934530994, 0.27551868022440895, 0.11093730599127352, 0.4752868203312183], [0.12719121276259085, 0.31067152505752965, 0.26149063270377537, 0.30064662947610393], [0.3844063594000479, 0.14467884725025423, 0.09122542169980527, 0.3796893716498926], [0.1889190360505047, 0.15717042733670442, 0.10581579559745095, 0.5480947410153401], [0.13324748260231886, 0.06252160814089458, 0.5382511392370334, 0.2659797700197531], [0.17556699651800714, 0.3188248936406977, 0.23964759411856779, 0.2659605157227272], [0.2535224886977694, 0.17896334043914225, 0.08880683870797518, 0.47870733215511324], [0.1415454952252809, 0.6021950072074022, 0.08609025620794915, 0.17016924135936792], [0.14561701642908906, 0.20537691917766226, 0.1176911632755715, 0.5313149011176773], [0.10246983686529158, 0.5931467577037166, 0.06577817578519958, 0.23860522964579234], [0.16381326368110044, 0.19241423562775326, 0.08730112471467055, 0.556471375976476], [0.1684816562624495, 0.2538903596962725, 0.26385609242331187, 0.3137718916179662], [0.24337877291315047, 0.15015399492200215, 0.16052564334539582, 0.4459415888194517], [0.09212598495092857, 0.08935401072168815, 0.6007637712915924, 0.21775623303579084], [0.12381458101324787, 0.1989077367447013, 0.1124917537689799, 0.564785928473071], [0.12729259309499005, 0.11574030605273021, 0.0748330584907592, 0.6821340423615205], [0.3678930061979421, 0.2564335960484082, 0.11300807165275151, 0.2626653261008982], [0.19021612548364197, 0.12503745974697206, 0.09087516947964794, 0.5938712452897381], [0.16435854190159882, 0.2850233363978163, 0.40445825572002675, 0.14615986598055825], [0.38523273531033775, 0.12061710416436261, 0.26943489707758195, 0.2247152634477178], [0.08062346182196457, 0.21525934466416352, 0.16784988699267755, 0.5362673065211944], [0.34682016257638537, 0.21258481836107937, 0.21046974864436774, 0.2301252704181674], [0.1136271885312393, 0.5666727455452819, 0.0781736718277683, 0.24152639409571067], [0.6645515141637246, 0.08960589294499366, 0.06253065587660141, 0.18331193701468046], [0.2374790810863173, 0.19169428471110067, 0.32581480137840296, 0.24501183282417904], [0.1513568594459955, 0.3433098063369906, 0.23854290577275206, 0.2667904284442618], [0.1032398573852114, 0.3446849898059015, 0.2805130538940468, 0.27156209891484046], [0.19837966514667704, 0.5098091498075598, 0.12010786996634805, 0.17170331507941522], [0.21355706793032608, 0.20703229549917354, 0.18816715732803915, 0.3912434792424612], [0.34110117858172234, 0.2026018401352406, 0.20890392808090574, 0.2473930532021314], [0.13736402928073652, 0.4188043015719065, 0.12336414193678089, 0.32046752721057603], [0.2358886944232124, 0.24654274579951024, 0.24596523143129329, 0.2716033283459843], [0.10406560070200767, 0.3226326882317791, 0.16266818074587852, 0.4106335303203348], [0.2013109922497739, 0.37221731953809106, 0.11285632543686136, 0.31361536277527385], [0.33758694899193364, 0.19863578368261067, 0.12282565954524338, 0.3409516077802125], [0.211358400625299, 0.30325125676644105, 0.15653049803467053, 0.3288598445735896], [0.2678857626070328, 0.16521060604674837, 0.19098653031232693, 0.3759171010338919], [0.22179110758827844, 0.2559945718818618, 0.2423651899863992, 0.2798491305434606], [0.12143683824877846, 0.5230465191574633, 0.09221107946415723, 0.2633055631296011], [0.13821138165322738, 0.2997979462924146, 0.22844002093610893, 0.3335506511182493], [0.16036902501859893, 0.3991814793599442, 0.13401396074523012, 0.3064355348762268], [0.33463075221950744, 0.3832122670626131, 0.10605593888154106, 0.17610104183633835], [0.20969889419547996, 0.2225693420890813, 0.30007647637541224, 0.2676552873400264], [0.1799156850105369, 0.18262692045884812, 0.26033985372305446, 0.3771175408075606], [0.35868552565026346, 0.22265190226048287, 0.11693896953070797, 0.3017236025585458], [0.3993639928036081, 0.27364854222935825, 0.05754217252111158, 0.2694452924459221], [0.23489777577698848, 0.33896668425839466, 0.20427740714372208, 0.2218581328208947], [0.25572965220929844, 0.24461408795395842, 0.12793015774498298, 0.3717261020917603], [0.22432071781330093, 0.3522805257209298, 0.08920271772558093, 0.3341960387401884], [0.20417874643529726, 0.22705193805332022, 0.08057867557079317, 0.48819063994058937], [0.5983860300403762, 0.1985115487790964, 0.0808763147628793, 0.12222610641764811], [0.21597312997490223, 0.35318829183098804, 0.17251493862751657, 0.25832363956659327], [0.27557409357920126, 0.27084888128201573, 0.22266384420103935, 0.2309131809377438], [0.1580468775145932, 0.4977409696104724, 0.12718719377862775, 0.21702495909630667], [0.24146790316567696, 0.39349713156838545, 0.14305300388735767, 0.22198196137858], [0.2682398924452059, 0.321230624776828, 0.12817718709131642, 0.28235229568664977], [0.14935765153186062, 0.6140873221002441, 0.12908989771790064, 0.10746512864999472], [0.1323069370966012, 0.4003494859132792, 0.0777188362527444, 0.3896247407373751], [0.16334445088385613, 0.46505778018891386, 0.05307165593731511, 0.3185261129899151], [0.2589286410428039, 0.28857715978925, 0.2149508750004628, 0.23754332416748322], [0.22874865066603614, 0.15116863058122068, 0.07299707913075863, 0.5470856396219846], [0.2693610079274574, 0.2274310667221434, 0.21969277867709006, 0.2835151466733092], [0.27908258540442143, 0.20675447850909273, 0.12641769721314147, 0.3877452388733444], [0.29852758589567235, 0.2858009835174994, 0.09163857445876687, 0.3240328561280615], [0.25989847359090307, 0.39232738151471075, 0.15509532125190434, 0.1926788236424818], [0.1971662826198118, 0.40036363195048164, 0.1469699895858385, 0.25550009584386796], [0.20322125015697562, 0.29692156120712115, 0.09452160652104158, 0.40533558211486176], [0.29778778111340587, 0.19317601751166455, 0.06880454135195958, 0.4402316600229699], [0.07468469436972401, 0.1296130392814524, 0.5477097279801247, 0.2479925383686989], [0.3397458316029131, 0.1504819795707938, 0.1322516938246753, 0.37752049500161783], [0.16172184273273985, 0.40531351606338706, 0.1359881445819682, 0.29697649662190484], [0.4641742970906474, 0.19659786427690013, 0.17763359283569946, 0.16159424579675297], [0.16612928677216213, 0.4837077955093308, 0.1688069678426259, 0.18135594987588122]]}}