{"test": {"ids": ["110118181", "97112290", "99108330", "105121190", "104118340", "107119130", "111117200", "112120290", "105116090", "108113740", "108116120", "113122170", "106113830", "101108621", "107114621", "105115570", "109115070", "99108580", "98107010", "113120531", "101109370", "99117740", "107119390", "109113931", "102110500", "112119930", "108114180", "107118820", "109116810", "97112300", "99110730", "100117420", "99111340", "106113260", "98108150", "110114651", "113122150", "99108890", "112118530", "99109910", "105115380", "99121440", "113118870", "104116441", "112120670", "100115700", "101112690", "105115680", "100120780", "110116501", "105116441", "107113170", "112121010", "111120190", "99111440", "98116090", "106113190", "103110220", "111118301", "113120830", "108121410", "112117431", "104114410", "102109840", "98107410", "110121720", "102109850", "103113170", "105111990", "113119120", "110115890", "107114200", "108119550", "105118171", "110115580", "103113640", "100111080", "99111620", "111120531", "97105451", "99111000", "102121440", "104116980", "103111540", "113121680", "108118060", "106114011", "113122190", "112118161", "101115190", "105112260", "113122320", "107120010", "100110260", "113119700", "108117610", "113119450", "106116820", "104117630", "98110710", "101111310", "111120260", "113122650", "108115070", "113120751", "104114740", "104111880", "110117500", "113121950", "103109641", "108115570", "111120640", "108119330", "100108260", "104109311", "111116990", "113122160", "102109010", "97113260", "100116500", "110119030", "104111380", "113122510", "111119300", "110116170", "98110810", "112117660", "112116501", "112118620", "105116860", "110115980", "107116501", "98112580", "106116640", "111115620", "113122220", "101108121", "100110050", "106114880", "103120290", "110120531", "112118820"], "labels": [1, 1, 1, 2, 2, 1, 0, 1, 1, 3, 1, 1, 1, 0, 0, 0, 0, 0, 3, 0, 1, 2, 2, 1, 3, 1, 1, 3, 3, 2, 3, 2, 1, 3, 0, 3, 2, 0, 1, 2, 1, 2, 0, 1, 2, 1, 1, 2, 1, 3, 1, 0, 2, 3, 3, 0, 0, 2, 3, 3, 0, 0, 1, 2, 3, 3, 1, 3, 2, 3, 2, 2, 1, 3, 1, 1, 0, 3, 0, 0, 2, 2, 1, 1, 1, 1, 1, 1, 0, 1, 3, 1, 1, 3, 0, 3, 3, 1, 0, 2, 3, 3, 2, 1, 1, 2, 3, 1, 3, 1, 3, 0, 0, 3, 3, 0, 3, 1, 1, 2, 0, 3, 2, 1, 0, 1, 0, 3, 3, 2, 1, 1, 2, 3, 1, 1, 0, 3, 0, 2, 0, 0], "predicted_labels": [1, 0, 2, 1, 3, 2, 0, 1, 3, 0, 3, 2, 0, 0, 3, 1, 1, 2, 3, 0, 2, 0, 2, 0, 0, 2, 1, 3, 0, 0, 2, 1, 1, 1, 3, 0, 1, 3, 3, 2, 2, 2, 3, 1, 0, 1, 3, 3, 0, 3, 0, 0, 3, 3, 0, 1, 3, 1, 1, 2, 3, 0, 3, 3, 0, 1, 2, 3, 3, 3, 1, 0, 2, 1, 3, 0, 1, 1, 1, 1, 2, 1, 3, 1, 1, 0, 1, 1, 0, 1, 1, 3, 1, 0, 1, 3, 0, 0, 0, 3, 1, 3, 2, 1, 1, 2, 3, 1, 0, 1, 3, 3, 0, 3, 3, 3, 3, 3, 2, 2, 3, 1, 1, 3, 3, 1, 3, 1, 2, 1, 1, 3, 3, 3, 3, 3, 0, 1, 1, 1, 0, 1], "confidence_scores": [[0.0634723876935185, 0.7951715822347255, 0.13105289766242117, 0.010303132409334875], [0.7175873863580511, 0.18916000808605637, 0.08092891393392637, 0.012323691621966159], [0.015355711928530767, 0.03484676444383706, 0.921036899039461, 0.0287606245881711], [0.0019222356041744576, 0.9046945827234526, 0.09097475427541904, 0.0024084273969538082], [0.1007389272020005, 0.010008044551583944, 0.024951651061826945, 0.8643013771845885], [0.128072997059972, 0.089699648824364, 0.5205001374061872, 0.2617272167094769], [0.9701340724041855, 0.0003638043384535827, 8.23918416960315e-05, 0.029419731415664917], [0.0020825981139598443, 0.7632941725259316, 0.19652975798892017, 0.038093471371188514], [0.28464607279461696, 0.00902048881723057, 0.0004580959739329855, 0.7058753424142195], [0.6962457291035089, 0.0017498070289712032, 0.1487610407555209, 0.15324342311199896], [0.3791272040303535, 0.0802635346522093, 0.009543104882180407, 0.5310661564352568], [0.08280406391005071, 0.2058972612056926, 0.441664290830031, 0.2696343840542256], [0.4215909353943694, 0.39876021477210694, 0.0012561626314440924, 0.17839268720207957], [0.8131553287599017, 0.18569065031044718, 0.00047423620530556904, 0.0006797847243456865], [0.2930435581881243, 0.002469001837703089, 0.0017869017477998262, 0.7027005382263727], [0.028750033714488806, 0.9513628367949869, 0.019157328777452656, 0.0007298007130717593], [0.35531372957214813, 0.5536719130575177, 0.08950574136496954, 0.0015086160053645681], [0.00616659043372745, 0.04371731697904693, 0.9489625364953816, 0.0011535560918437713], [0.025398073987063546, 0.013463497427326599, 0.44105077079864907, 0.5200876577869609], [0.9916309383463248, 0.006180180304312999, 2.2686375749533738e-05, 0.0021661949736127657], [0.076647452566092, 0.009942436137387493, 0.852637420639, 0.0607726906575204], [0.8920812902531307, 0.09965695788754939, 0.0011321075638669193, 0.007129644295453018], [0.00035174029926251604, 0.015965724592651772, 0.9686373594518929, 0.015045175656192813], [0.960082041135656, 0.039195316840748375, 0.0006956737630255029, 2.6968260569995095e-05], [0.761320652663328, 0.020325629615336224, 0.027558264100487832, 0.1907954536208479], [0.153004745484024, 0.23118912733176014, 0.46419078376795725, 0.15161534341625857], [0.03770862957104214, 0.9525267612692226, 0.007209035334688802, 0.0025555738250463743], [0.007614873316844243, 0.008109164327105295, 0.0064022655832879265, 0.9778736967727625], [0.5115257558448041, 0.07974641185023708, 0.0017576476983649542, 0.40697018460659384], [0.6116793265754841, 0.05592073330337123, 0.02052742450695302, 0.3118725156141917], [0.0009913579280683572, 0.01003496737025933, 0.9812796162020119, 0.007694058499660454], [0.018535282858988034, 0.8129329825596895, 0.0026662828580577723, 0.16586545172326478], [0.002898389978961112, 0.9431837537873916, 0.040714941417553746, 0.013202914816093543], [8.820270815308086e-05, 0.9988894468805216, 0.0009843343858726358, 3.8016025452633765e-05], [0.11692783538868934, 0.2924451997437912, 0.1914247620839724, 0.39920220278354707], [0.7845370101865659, 0.004422385431531986, 0.06344079425957058, 0.14759981012233162], [0.022583185849865614, 0.9704185612045808, 0.006839191293980589, 0.00015906165157311098], [0.025505756049139502, 0.3220656793485547, 0.06127082543446222, 0.5911577391678436], [0.012978482495300018, 0.3239957963490047, 0.15601721905849494, 0.5070085020972004], [0.013909405240256132, 0.20389955497268036, 0.7761396557728816, 0.0060513840141819195], [0.0005816433526541708, 0.28877909443408406, 0.6643714833997628, 0.04626777881349898], [0.0852455453499731, 0.048121255851816674, 0.86306110832463, 0.0035720904735802], [0.23418879566272358, 0.27777364997971576, 0.13435142096888267, 0.353686133388678], [0.023477442500807744, 0.9507780083566416, 0.0008694732743642912, 0.02487507586818658], [0.6117071796940392, 0.20232669192446712, 0.02308908390406857, 0.16287704447742496], [0.016177759726509748, 0.9250226815635045, 0.020160696204281424, 0.03863886250570419], [0.007381711416719111, 0.027642741374520625, 0.17128911509219455, 0.7936864321165656], [0.0003966421127444834, 0.0841161436103939, 0.017169980895054233, 0.8983172333818075], [0.9390318862364708, 0.04724253551949414, 0.005077750178923115, 0.008647828065112129], [0.00039290796750191486, 0.4645323027821742, 0.01872331845871664, 0.5163514707916073], [0.9470847107415211, 0.0316078904643373, 0.003217233153372328, 0.018090165640769172], [0.5667061630552883, 0.009725349435362842, 0.0644536237884227, 0.3591148637209261], [0.16363569877781323, 0.0022287829467183377, 0.3231008317338171, 0.5110346865416513], [0.07043076865345127, 0.07097456757904695, 0.005099644484006266, 0.8534950192834954], [0.9363707265057989, 0.015481864916157181, 0.01753293024294218, 0.03061447833510164], [0.010280128489459738, 0.8008006313409902, 0.06623410778463258, 0.12268513238491749], [0.2413851149186309, 0.052006886162100883, 0.013960763700768063, 0.6926472352185], [0.009373276396976174, 0.5341614100770916, 0.04507605337826649, 0.41138926014766564], [0.23695561866771853, 0.7154254149095628, 0.043829023846041176, 0.0037899425766773965], [0.15548816510770508, 0.14744262456014484, 0.6083794093077487, 0.08868980102440142], [0.3462809609027862, 0.09925336101174546, 3.6517702260905416e-05, 0.5544291603832073], [0.9757264703336502, 0.015438893979216384, 7.739269923189703e-05, 0.00875724298790152], [0.05795745082128981, 0.002541034496848109, 0.044461259371341606, 0.8950402553105204], [1.858560887521792e-05, 3.8605954384836345e-05, 0.0003268073902310739, 0.9996160010465088], [0.8903683919218238, 0.0032803812033702865, 0.003806310768133655, 0.10254491610667234], [0.0005935044612363217, 0.9923783362833654, 0.004931146735313586, 0.0020970125200847423], [0.013020024940064292, 0.01482348231594284, 0.8525567854890678, 0.1195997072549251], [0.17576304147452015, 0.31208314661209663, 0.03731927643048362, 0.4748345354828997], [0.0019530468632032272, 0.008752162902990572, 0.07624445910627164, 0.9130503311275345], [0.036357959017740686, 0.0028362322326215233, 0.004925284980234728, 0.9558805237694031], [0.039784282380537786, 0.8687309427610086, 0.0005570853437363852, 0.09092768951471719], [0.44009203753552684, 0.4102558717959657, 0.010855937478728386, 0.1387961531897792], [0.0002081447039348012, 0.004893427802464065, 0.9880083145407426, 0.006890112952858539], [0.2241464029164549, 0.7555222308991407, 0.0002847176941252294, 0.020046648490279022], [0.1805005053029356, 0.010243494802872267, 0.04373222761616377, 0.7655237722780284], [0.9923695284486836, 0.00028122525071338405, 1.0107260375791848e-05, 0.007339139040227103], [0.00857957153628432, 0.9912885537123922, 0.00012290181957795582, 8.97293174543659e-06], [0.009269084592326423, 0.9708521846615032, 0.016002329238509277, 0.0038764015076613364], [0.03711457590318004, 0.9223855813980507, 0.034582180175611654, 0.005917662523157448], [0.07149725747599765, 0.9103931438347271, 0.0003282648793797904, 0.01778133380989539], [0.004453573351942839, 0.17629655046867834, 0.43147856487195974, 0.3877713113074191], [0.19152828252186332, 0.47934612647212177, 0.30487414014207254, 0.024251450863942405], [0.0023699974115349823, 0.004215567134880876, 0.021085020695864678, 0.9723294147577195], [0.1873485403258216, 0.4039389976478633, 0.38735178872380127, 0.021360673302513768], [0.06823058366650284, 0.8860771315929303, 0.04459754265701704, 0.0010947420835499544], [0.6694602940032839, 0.03408852914898227, 0.1631227061440894, 0.13332847070364448], [0.12312489571510735, 0.46852740369757345, 0.005432507162303966, 0.4029151934250153], [0.09073514432087505, 0.840220207480377, 0.05774506488102628, 0.011299583317721563], [0.8250140252091017, 0.17360873263553042, 0.001180002465847138, 0.00019723968952053275], [0.2880594023118901, 0.48568818027598215, 0.047235791368411, 0.17901662604371676], [0.30035130093132617, 0.5456899145682358, 0.031063982365666452, 0.1228948021347716], [0.10545048794145796, 0.05253972843928343, 0.3075883381900623, 0.5344214454291962], [0.029699021167599433, 0.8001765412223559, 0.019651263676450505, 0.15047317393359425], [0.8112573390858934, 0.013778568417882763, 0.026886629076089658, 0.14807746342013425], [0.00015845597592353467, 0.9997752900272923, 3.087527161363901e-05, 3.537872517032337e-05], [0.003302215757484158, 0.0078114688739497045, 0.0027679032258701446, 0.9861184121426959], [0.8535825517959158, 0.049567294392973464, 0.022972660949671663, 0.07387749286143906], [0.5819143838255788, 0.409848411658298, 0.0066075899210655785, 0.0016296145950574752], [0.7753999064928613, 0.15728489484882793, 0.005674996367753146, 0.06164020229055753], [5.276636852408044e-05, 0.05236663710424975, 0.40464853679769036, 0.5429320597295358], [0.26747563480214387, 0.29164574304320956, 0.2479446655706245, 0.19293395658402196], [0.38268478182054577, 0.00010147619492944272, 0.001986668823718493, 0.6152270731608063], [0.016515651417208, 0.09967340953821721, 0.6875607011856036, 0.19625023785897117], [0.0003297261109948314, 0.9664997238176228, 0.031079576555122772, 0.0020909735162596287], [0.18475604653777086, 0.6906953203155293, 0.0029000717271979626, 0.12164856141950199], [0.14591157790219386, 0.34338980678839837, 0.36786954189424065, 0.1428290734151672], [0.0004664764226315443, 0.0066396479783707, 0.0009321716383350479, 0.9919617039606627], [0.2057947259711593, 0.6182628049894104, 0.014934057237780468, 0.1610084118016497], [0.8057357247459863, 0.17968298560003623, 0.00878711579029544, 0.005794173863682105], [0.03309931831793867, 0.8218895261457028, 0.032535654337317074, 0.1124755011990415], [0.004857915873144445, 0.005541035089319608, 0.0290600878452138, 0.960540961192322], [5.159191069685365e-05, 7.406647090799973e-06, 0.0008444960718267139, 0.9990965053703856], [0.45615281328736357, 0.2519838239949887, 0.0998184802702016, 0.19204488244744605], [0.003485733474118343, 0.001253055459462915, 0.05948757213845625, 0.9357736389279625], [0.00561102355613121, 0.016808849442336658, 0.00011329332701555297, 0.9774668336745166], [0.22818109407700965, 0.007352208162585621, 0.01491236370320284, 0.749554334057202], [0.04902043341835422, 0.1236156081743436, 0.08430518084389521, 0.7430587775634069], [0.003422231381863577, 0.020927942877680013, 0.46688694082727294, 0.5087628849131836], [0.0033083781925577686, 0.002534640755262997, 0.9758689074298229, 0.01828807362235647], [0.024353217905811752, 0.0021288873808237106, 0.9730718530363446, 0.00044604167702000673], [0.0013159502393209944, 0.2932514325858231, 0.015193559808008407, 0.6902390573668475], [0.0669267304998431, 0.49263333503190204, 0.26648386533816637, 0.1739560691300885], [0.013866086436634527, 0.48271474323035396, 0.1216095181293701, 0.3818096522036414], [4.955371951587261e-05, 0.04235803018659378, 0.000704249036739141, 0.9568881670571513], [0.015187810033193, 0.014699433824025278, 0.0002454210042729253, 0.9698673351385088], [0.00023960810380897068, 0.9985849721208406, 0.0011589569987289136, 1.6462776621273763e-05], [0.1377391452155626, 0.04765000396382189, 0.003738204695674529, 0.8108726461249409], [0.1420156453234964, 0.743529277228903, 0.0030008568743659088, 0.11145422057323442], [0.3042186471484383, 0.11939075975089827, 0.4280944975196916, 0.14829609558097184], [0.022585921251742015, 0.9599327766643777, 0.015553881119949453, 0.001927420963930815], [0.012069443767354643, 0.8338862542024409, 0.007621130477301461, 0.14642317155290305], [0.025480349583819794, 0.00010376061441256859, 4.340165334496784e-05, 0.9743724881484227], [0.008279013753211982, 0.15441461120935984, 0.20538283117259828, 0.6319235438648299], [0.00043028597164688353, 0.008437033140336139, 5.305111687602974e-05, 0.991079629771141], [0.015139969522107777, 0.00514875222847343, 0.012765333805758953, 0.9669459444436599], [5.875185716872452e-05, 0.18836185427944924, 0.044126936457848896, 0.7674524574055331], [0.6564605096851638, 0.3176227097351976, 0.02063561418881578, 0.005281166390822804], [8.622042237674705e-05, 0.9498298869598798, 0.04752224275442644, 0.002561649863316772], [0.003640413883656521, 0.7014060609238895, 0.25404127447634783, 0.0409122507161061], [0.45733069914700486, 0.5176699200111232, 0.004459323371338977, 0.020540057470532974], [0.9472636813514329, 0.04041767612590632, 0.0006908377885924495, 0.011627804734068194], [0.30766239233657405, 0.6120476938284473, 0.03829317684906226, 0.041996736985916466]]}, "rewritten": {"ids": ["97105451", "97112290", "97112300", "97113260", "98107010", "98107410", "98108150", "98110710", "98110810", "98112580", "98116090", "99108330", "99108580", "99108890", "99109910", "99110730", "99111000", "99111340", "99111440", "99111620", "99117740", "99121440", "100108260", "100110050", "100110260", "100111080", "100115700", "100116500", "100117420", "100120780", "101108121", "101108621", "101109370", "101111310", "101112690", "101115190", "102109010", "102109840", "102109850", "102110500", "102121440", "103109641", "103110220", "103111540", "103113170", "103113640", "103120290", "104109311", "104111380", "104111880", "104114410", "104114740", "104116441", "104116980", "104117630", "104118340", "105111990", "105112260", "105115380", "105115570", "105115680", "105116090", "105116441", "105116860", "105118171", "105121190", "106113190", "106113260", "106113830", "106114011", "106114880", "106116640", "106116820", "107113170", "107114200", "107114621", "107116501", "107118820", "107119130", "107119390", "107120010", "108113740", "108114180", "108115070", "108115570", "108116120", "108117610", "108118060", "108119330", "108119550", "108121410", "109113931", "109115070", "109116810", "110114651", "110115580", "110115890", "110115980", "110116170", "110116501", "110117500", "110118181", "110119030", "110120531", "110121720", "111115620", "111116990", "111117200", "111118301", "111119300", "111120190", "111120260", "111120531", "111120640", "112116501", "112117431", "112117660", "112118161", "112118530", "112118620", "112118820", "112119930", "112120290", "112120670", "112121010", "113118870", "113119120", "113119450", "113119700", "113120531", "113120751", "113120830", "113121680", "113121950", "113122150", "113122160", "113122170", "113122190", "113122220", "113122320", "113122510", "113122650"], "labels": [0, 1, 2, 1, 3, 3, 0, 2, 1, 2, 0, 1, 0, 0, 2, 3, 2, 1, 3, 3, 2, 2, 3, 3, 3, 0, 1, 2, 2, 1, 0, 0, 1, 3, 1, 1, 1, 2, 1, 3, 2, 1, 2, 1, 3, 1, 2, 3, 3, 3, 1, 2, 1, 1, 0, 2, 2, 3, 1, 0, 2, 1, 1, 2, 3, 2, 0, 3, 1, 1, 0, 3, 1, 0, 2, 0, 1, 3, 1, 2, 1, 3, 1, 1, 3, 1, 3, 1, 0, 1, 0, 1, 0, 3, 3, 1, 2, 1, 0, 3, 1, 1, 0, 0, 3, 1, 0, 0, 3, 1, 3, 3, 0, 0, 3, 0, 0, 0, 1, 3, 0, 1, 1, 2, 2, 0, 3, 3, 0, 0, 1, 3, 1, 3, 2, 3, 1, 1, 1, 1, 2, 2], "predicted_labels": [3, 2, 2, 3, 3, 2, 2, 2, 2, 3, 1, 2, 1, 1, 2, 2, 2, 2, 3, 1, 0, 2, 2, 2, 0, 1, 3, 2, 1, 1, 0, 1, 2, 2, 1, 0, 2, 3, 2, 3, 2, 2, 1, 2, 1, 3, 1, 2, 2, 3, 2, 2, 1, 2, 3, 3, 1, 1, 2, 2, 3, 0, 1, 1, 3, 2, 3, 2, 3, 3, 1, 3, 0, 3, 1, 3, 1, 2, 3, 2, 2, 3, 1, 1, 2, 0, 3, 2, 2, 2, 3, 1, 1, 3, 0, 2, 1, 1, 3, 1, 3, 0, 3, 1, 1, 3, 3, 0, 1, 2, 3, 3, 3, 2, 1, 0, 0, 0, 2, 2, 0, 2, 1, 0, 2, 2, 3, 2, 3, 1, 1, 2, 3, 1, 2, 3, 2, 1, 2, 3, 2, 2], "confidence_scores": [[0.07557432500388543, 0.0700325382882301, 0.0001097150155716188, 0.8542834216923127], [0.02104434983071429, 0.04967517620035942, 0.5719226027167844, 0.35735787125214197], [0.05662697034574199, 0.014343737083159376, 0.6223143634408292, 0.3067149291302693], [0.0004445013268770441, 0.0027010440966707175, 0.42901627746319687, 0.5678381771132553], [0.23157199571112427, 0.01915121010011773, 0.05411231256905311, 0.6951644816197049], [0.14693720556035275, 0.0003784706497378463, 0.7106890433336029, 0.1419952804563065], [0.004854940794842616, 0.0049114239634089766, 0.6957203511023544, 0.294513284139394], [1.531560002909095e-05, 0.02818039499982013, 0.8978960923072017, 0.07390819709294921], [0.0051106934912875995, 0.15308143962358312, 0.8415113843113606, 0.0002964825737685683], [0.008309898857557176, 0.0014513691838517943, 0.22836650547996473, 0.7618722264786264], [0.0011100927283246207, 0.7103775600301208, 0.08065615382992007, 0.20785619341163453], [0.18302363885938222, 0.05929630732318141, 0.3929269794288091, 0.36475307438862725], [0.22299416280608805, 0.4212983420927364, 0.3498899917997622, 0.005817503301413244], [0.2942864691276076, 0.297272400504936, 0.1786060475215813, 0.22983508284587514], [0.15351056161882992, 0.0036617425086809432, 0.8419956619992106, 0.0008320338732786503], [0.0014364426644844488, 0.002971672766687592, 0.995140861828005, 0.00045102274082286836], [0.0003680417284486815, 0.010874187201755616, 0.8161753630737217, 0.17258240799607416], [0.004043142221810479, 0.008247877855499353, 0.9769366576362102, 0.010772322286479953], [0.0034715909974730175, 0.006703228954102224, 0.000435999137085314, 0.9893891809113393], [0.0011912831001583584, 0.9697741630660246, 0.02119287901193398, 0.00784167482188316], [0.34211695326077585, 0.22244153789451898, 0.09917557454655292, 0.33626593429815216], [0.19225178046312572, 0.06962029013780827, 0.7277905238375231, 0.010337405561542876], [0.022460009181390392, 0.015256785347040027, 0.4909600705263697, 0.4713231349451998], [0.00039552363023636467, 0.00020255543296172012, 0.918971480666399, 0.08043044027040304], [0.5882042825611651, 0.3151716520790984, 0.04862637929521734, 0.047997686064519145], [0.23983051802125005, 0.3699905074479117, 0.30696647705024943, 0.0832124974805889], [0.03976975481166513, 0.33747576889925224, 0.06608492222183672, 0.5566695540672459], [0.03418327028338547, 0.0005860325587002497, 0.9630066812939907, 0.0022240158639235583], [0.00412702406825702, 0.796855604763499, 0.13959234608414492, 0.05942502508409917], [0.2984888419653149, 0.6390526826201838, 0.017979314198988287, 0.04447916121551303], [0.6814790399503828, 0.001065822982647683, 0.0027665540712242497, 0.3146885829957452], [0.0020547362007557373, 0.9830144860794812, 0.000537405663449571, 0.0143933720563135], [0.001148786656089779, 0.006030032257144305, 0.9910936802784552, 0.0017275008083106975], [0.0007012361053410991, 0.13741268754315006, 0.8479725002568033, 0.013913576094705653], [0.009788479408957076, 0.5136521119758577, 0.0765083670324418, 0.40005104158274346], [0.8545602997259525, 0.0020081120578409922, 0.1343048341751863, 0.009126754041020153], [0.005177304107531323, 0.04702697511076062, 0.8025159366350675, 0.14527978414664056], [0.011922465583411987, 0.03975696612025378, 0.032730600671286754, 0.9155899676250475], [0.0005467128960948619, 0.00029867213355970983, 0.9794227081199505, 0.019731906850395102], [0.2622992746583041, 0.01062312152109427, 0.047184223810043835, 0.6798933800105579], [0.03406483396759081, 0.01627518110387747, 0.9114860679688257, 0.03817391695970606], [0.001769698843192159, 0.017599255437673194, 0.6664161359828414, 0.3142149097362932], [0.0006447133429466895, 0.8921571490333284, 0.10222327326181921, 0.004974864361905747], [0.00298826837139498, 0.05777267585309893, 0.9334776281372674, 0.005761427638238616], [0.32997846907243916, 0.4696601948853983, 0.14594061340419456, 0.05442072263796797], [0.32681582173786916, 0.04251539455472613, 0.0030084412942241504, 0.6276603424131805], [0.000225431462314274, 0.9867507094338214, 0.0001630973523311318, 0.012860761751533233], [0.004958488275051314, 7.168590390581572e-05, 0.9423085575866543, 0.05266126823438856], [0.0006209348769652542, 0.03389014651711585, 0.9449624720704739, 0.02052644653544484], [0.00034246172014130614, 0.030953960303868027, 0.07976938943042645, 0.8889341885455643], [0.010276907823121222, 0.11249105003746046, 0.856448784992389, 0.020783257147029454], [5.925512103914413e-05, 0.08675531010785466, 0.9130897856585777, 9.56491125285058e-05], [0.001558939123184444, 0.9979088839266255, 0.00047937819783702, 5.279875235316817e-05], [8.048341281690972e-05, 0.013696258988295466, 0.9371811796196219, 0.049042077979265825], [0.24347091405402907, 0.10630931598202652, 0.09131602627614349, 0.5589037436878009], [0.01613029446574735, 0.048078177299930865, 0.06368478228667496, 0.8721067459476468], [0.0009781928786913436, 0.7788943615285657, 0.014813437425632025, 0.20531400816711098], [0.016932494831176533, 0.8768607291274045, 0.0346826415531078, 0.0715241344883111], [0.0049310354674854265, 0.07257669007073993, 0.8991033433388871, 0.0233889311228876], [0.0014836996540540178, 0.017760046522796454, 0.9644600259673002, 0.016296227855849485], [3.148573281816654e-05, 0.0028351529938990976, 0.29995652535036815, 0.6971768359229146], [0.6513189004058817, 0.005897990718815277, 0.06898281610413068, 0.27380029277117224], [0.0018304307411691973, 0.9115435119218689, 0.018715393801102383, 0.06791066353585937], [0.047924508158791686, 0.6711006853906051, 0.28068434878330556, 0.0002904576672976745], [0.3091794053263347, 0.1609090109311698, 0.08722049133151526, 0.4426910924109802], [0.01850965709417183, 0.27343126905231085, 0.4468223349988278, 0.26123673885468945], [0.0010191416738026349, 0.010792280052652769, 0.1931247619388205, 0.795063816334724], [0.0006659350746283835, 0.0182943156877806, 0.969065252135468, 0.011974497102123218], [0.010663046437878434, 0.027948716418059207, 0.020735180490365733, 0.9406530566536966], [0.001071400755925876, 0.0004964057371353331, 0.017069874172047247, 0.9813623193348915], [0.0007465760957694289, 0.5475189691259214, 0.4483214908656099, 0.003412963912699396], [0.1910435403620082, 0.013047131431910455, 0.37811358523246386, 0.41779574297361755], [0.6870812863259447, 0.028207548206093034, 0.2703028160784938, 0.014408349389468509], [0.029083620417535237, 0.2417460511046603, 0.31815368013547135, 0.4110166483423332], [0.0006769230552760548, 0.9329571427690534, 0.0003705475107016341, 0.06599538666496868], [0.0018931515239432827, 0.004638063579050018, 0.0022618608499999798, 0.9912069240470067], [0.0031649576417343834, 0.7823571762970213, 0.016115037305832906, 0.19836282875541145], [0.1850225760060772, 0.002814412367844288, 0.6316870163153616, 0.18047599531071695], [0.004528507163748034, 0.019139610522941948, 0.16761417179491425, 0.8087177105183957], [0.00010847404723895487, 0.06779628770981934, 0.48370232566310667, 0.44839291257983493], [0.0006823792282917481, 0.005559728959503685, 0.9313320521558455, 0.06242583965635895], [0.08234763580748033, 0.02925812826285369, 0.4385176827745805, 0.44987655315508546], [0.00043512276938117484, 0.9084673511673048, 0.07214998236514807, 0.01894754369816589], [0.06259395034806953, 0.8003245525720396, 0.01118572679112776, 0.12589577028876317], [0.0010176736536396328, 0.023627670759600428, 0.7563070678362913, 0.21904758775046868], [0.8178352279137391, 0.008619276030965333, 0.12047681585000085, 0.053068680205294656], [0.05165478782232828, 0.0666542308982705, 0.049982206407677345, 0.8317087748717238], [0.01035270671976332, 0.011587294044241369, 0.9770765956215144, 0.0009834036144809096], [0.0692379658254745, 0.11309773099641085, 0.6932332421630584, 0.12443106101505638], [8.25038126518474e-05, 0.06048785616075657, 0.9265584358500698, 0.01287120417652166], [0.10348798795390239, 0.09291214518117606, 0.16316219266513815, 0.6404376741997834], [0.025238106802942112, 0.9628817371488165, 0.0012785337350426633, 0.010601622313198701], [0.2967582238716347, 0.549459998569272, 0.1115856897388826, 0.04219608782021079], [0.0030302900084029074, 0.01665241304969202, 0.003072956726043559, 0.9772443402158616], [0.6374039246531642, 0.009453217374289306, 0.23093979366166956, 0.12220306431087705], [0.2316419314178474, 0.009998949903438822, 0.43497522650993675, 0.32338389216877694], [0.02518130948114129, 0.9609505139363576, 0.012836012617607993, 0.0010321639648931164], [0.020690648957810965, 0.6309914542871574, 0.22420150993646984, 0.1241163868185618], [0.14149010033488446, 0.2500579698046893, 0.00879487928991758, 0.5996570505705087], [0.002748000620966446, 0.8733815128388074, 0.023902691229322537, 0.09996779531090354], [0.018740175087153196, 0.31756139726250165, 0.006208348418566846, 0.6574900792317784], [0.3746155629336495, 0.31137016011418583, 0.3084418934124771, 0.005572383539687667], [0.0033908154001418053, 0.03019092590744656, 0.13427292177686628, 0.8321453369155453], [0.04618701552393705, 0.6839439526074831, 0.006713865649543728, 0.2631551662190362], [0.0069163218280397475, 0.841309027679975, 0.11180448474205586, 0.03997016574992931], [0.3061719175463976, 0.08938967236869921, 0.10040455680318694, 0.5040338532817163], [0.005162817543731468, 0.0001648420792616728, 0.25707465745207503, 0.7375976829249319], [0.5762677700608442, 0.07973366187250691, 0.013363269521634882, 0.3306352985450139], [0.009836395831166026, 0.7137831183961396, 0.06565257566011015, 0.21072791011258443], [0.0006898734265682187, 0.1871698288793288, 0.7830051471755022, 0.029135150518600893], [0.0003050152126224655, 0.0001220757544071245, 0.12391414454419311, 0.8756587644887773], [0.0022195164030121167, 9.158756144825234e-05, 0.01702423615458879, 0.9806646598809508], [0.15805563011262175, 0.040905700416647414, 0.03692195165737181, 0.764116717813359], [0.14811502697358417, 0.015757626346494375, 0.48599824475041353, 0.3501291019295078], [0.015924256321310594, 0.5767963698817855, 0.014208725162318426, 0.3930706486345855], [0.6158459771182915, 0.14262253844936593, 0.0025742914392216302, 0.2389571929931209], [0.5854717927165171, 0.008386317163515641, 0.19144641394570688, 0.2146954761742606], [0.7164483777070846, 0.1714518904337544, 0.059712704849022434, 0.052387027010138594], [0.024504171743956946, 0.08975553065502374, 0.879468546776476, 0.006271750824543334], [0.008978128650486495, 0.0003660190228891907, 0.9781795914210111, 0.012476260905613287], [0.7969899861139057, 0.0021208434082226005, 0.1339108618895265, 0.06697830858834511], [0.019333670603044067, 0.00982556486078551, 0.9478925098729841, 0.022948254663186337], [0.0026229157816605136, 0.8788256215457435, 0.032574751359354503, 0.0859767113132416], [0.8460098332978266, 0.1256902139757231, 0.017991657525843214, 0.010308295200607056], [0.022433099416452586, 0.001381093880428336, 0.9696301368580984, 0.006555669845020438], [0.08825717941449761, 0.024010424730629868, 0.4470994062444099, 0.44063298961046266], [0.20964572409676863, 0.21427757741060494, 0.18712043863635353, 0.3889562598562729], [0.05746004526689057, 0.11631720169883779, 0.7654351191795605, 0.060787633854711094], [0.14585393189817977, 0.12817681906037737, 0.34263989881872176, 0.383329350222721], [0.005807032738085467, 0.49607903682607596, 0.4484489539151686, 0.04966497652066991], [0.14628974470662187, 0.381792695609672, 0.12769305255354768, 0.34422450713015834], [0.0023897386367760396, 0.0908845185162442, 0.8527114599592517, 0.0540142828877281], [0.052526537045304855, 0.009030430434012273, 0.03461636378989784, 0.903826668730785], [0.013942061719474373, 0.9640250872261587, 0.021159721620059975, 0.0008731294343070157], [0.0459630464537407, 0.32398363863874474, 0.6258041503847444, 0.004249164522770211], [0.02206161344893437, 0.19990742302394984, 0.01922439051029903, 0.7588065730168168], [0.009386415432193429, 0.09535553967306476, 0.8770675055869473, 0.018190539307794407], [0.005447454816117625, 0.987046561453828, 0.005952087762496682, 0.001553895967557726], [2.479448773686157e-05, 0.02472141350076811, 0.5080898834514869, 0.4671639085600082], [0.01284226566460982, 0.0020959288374741295, 0.1830445038330894, 0.8020173016648267], [0.01019782902571573, 0.23938453390471479, 0.6723590485067366, 0.07805858856283296], [0.034971041497990456, 0.008311714692587506, 0.9563119941853464, 0.00040524962407546247]]}}