{"test": {"ids": ["111116530", "98121790", "110116501", "113122230", "106114321", "113122430", "107120130", "98109311", "108119550", "105111990", "108119510", "109115220", "113118490", "101110200", "102108621", "108114200", "111118301", "103113260", "111116290", "109119460", "112117790", "97106600", "103111480", "110121450", "111119580", "107114140", "104116441", "98108370", "113118421", "112118161", "105115250", "107121640", "97109080", "112117461", "98112170", "109114270", "109118231", "100110050", "107119950", "110118161", "101108370", "111120320", "109120621", "104116980", "113122220", "99117630", "101113210", "99105921", "109118161", "108120260", "98110230", "106115120", "105115680", "110120560", "107119130", "101116130", "106117650", "108121410", "105113210", "97107821", "107114621", "108115250", "102110850", "104119340", "112117471", "105114220", "101109120", "102121700", "113122160", "109114651", "105117351", "101114990", "105116501", "103118110", "99111930", "111114321", "112116540", "108120060", "99111000", "99112531", "101111310", "106119580", "100108580", "103111620", "98107210", "99114890", "107114280", "100120010", "110118930", "100111270", "97110950", "111116170", "113120751", "113120591", "112118581", "102110890", "109113931", "111119150", "97113900", "111114171", "99108000", "103109791", "102118380", "97113260", "107113130", "99109161", "97114170", "107118780", "112116640", "105110091", "98120010", "113122320", "98108970", "111115780", "98112300", "112121360", "111116090", "112119120", "109119450", "109115211", "103109021", "112118930", "107113170", "103112641", "110118630", "110117870", "113120531", "113122190", "101112690", "100108990", "100108260", "113120640", "103110220", "101112540", "105113170", "103111540", "98108150", "105117431", "109115070", "113119930", "102121440", "98107380"], "labels": [3, 2, 3, 1, 2, 2, 2, 1, 1, 2, 1, 3, 1, 2, 3, 0, 3, 3, 2, 1, 3, 3, 0, 3, 3, 2, 1, 1, 3, 0, 2, 1, 2, 0, 3, 3, 1, 3, 3, 0, 1, 1, 1, 1, 1, 3, 3, 1, 0, 1, 3, 1, 2, 0, 1, 2, 1, 0, 3, 2, 0, 1, 3, 1, 3, 3, 1, 1, 3, 3, 0, 3, 1, 2, 1, 1, 1, 1, 2, 3, 3, 3, 0, 0, 1, 2, 3, 0, 1, 2, 3, 0, 1, 0, 1, 0, 1, 3, 2, 3, 2, 3, 1, 1, 1, 3, 2, 1, 0, 0, 2, 1, 3, 1, 2, 3, 3, 1, 3, 0, 0, 1, 0, 3, 1, 3, 0, 1, 1, 2, 3, 0, 2, 2, 0, 1, 0, 1, 0, 1, 2, 1], "predicted_labels": [1, 0, 0, 3, 0, 1, 0, 0, 3, 3, 3, 3, 3, 1, 0, 0, 0, 3, 1, 3, 3, 0, 0, 3, 0, 1, 3, 3, 3, 0, 1, 3, 1, 1, 0, 0, 1, 3, 1, 0, 0, 3, 0, 3, 0, 3, 0, 1, 1, 1, 0, 3, 1, 3, 1, 3, 1, 3, 3, 0, 0, 3, 3, 1, 3, 3, 0, 1, 3, 3, 1, 1, 1, 0, 1, 1, 0, 1, 3, 0, 1, 1, 3, 1, 1, 3, 1, 3, 1, 3, 0, 0, 3, 3, 1, 3, 3, 3, 0, 1, 1, 3, 0, 0, 1, 0, 3, 3, 3, 0, 3, 2, 1, 1, 0, 0, 0, 3, 3, 3, 3, 3, 3, 0, 3, 0, 3, 3, 3, 3, 0, 0, 1, 1, 3, 3, 3, 0, 1, 3, 3, 0], "confidence_scores": [[0.20169751082251086, 0.3323295454545455, 0.17506475468975466, 0.29090818903318905], [0.2931637806637808, 0.24884794372294375, 0.1691292041292041, 0.28885907148407153], [0.35885453435453435, 0.29741397491397503, 0.1481048118548119, 0.19562667887667878], [0.20316697191697203, 0.25666595904095907, 0.21103137140637146, 0.32913569763569783], [0.34538843795093804, 0.23760937673437674, 0.20660261960261958, 0.21039956571206567], [0.228501443001443, 0.2903141233766234, 0.19330573593073586, 0.2878786976911977], [0.3155149156399156, 0.2617934336904925, 0.1938448426573427, 0.22884680801224921], [0.3068077478077479, 0.2758346514596516, 0.1705763354292766, 0.24678126530332414], [0.22702309496059506, 0.21978582038876154, 0.2470104825729827, 0.3061806020776609], [0.24022527472527472, 0.27183107170607185, 0.20459788822288819, 0.28334576534576533], [0.26211086136086137, 0.237669733044733, 0.22058333333333333, 0.27963607226107223], [0.26358744727494726, 0.22654537823287832, 0.20620562770562778, 0.30366154678654683], [0.29253703241203244, 0.1658503253282665, 0.17655551393051397, 0.36505712832918724], [0.22314907314907323, 0.32165458152958143, 0.18887053224553224, 0.2663258130758131], [0.3338498445998447, 0.21672476134976143, 0.1597395521145521, 0.2896858419358419], [0.2812306721056721, 0.25013265900765896, 0.22932570207570221, 0.23931096681096686], [0.29892568542568554, 0.292751893939394, 0.17464134476634477, 0.23368107586857587], [0.28402211677211686, 0.24647854922854912, 0.17444011544011542, 0.2950592185592187], [0.23117239704739717, 0.2915121406371407, 0.20500593850593854, 0.2723095238095238], [0.26210950569038804, 0.2684183920654509, 0.18726953601953603, 0.2822025662246251], [0.2947257395382396, 0.23925667388167376, 0.15311787518037515, 0.31289971139971146], [0.27888551726051736, 0.2491127026568203, 0.20535699716949707, 0.2666447829131652], [0.3283248556998557, 0.24234938672438683, 0.14155086580086576, 0.2877748917748918], [0.27086940836940837, 0.25676704545454543, 0.15930483405483406, 0.3130587121212123], [0.33414790764790775, 0.22693163780663783, 0.17777308802308803, 0.2611473665223665], [0.235023754023754, 0.3053787878787881, 0.22224693362193368, 0.23735052447552452], [0.2617712842712842, 0.30033602508602514, 0.1288597236097236, 0.309032967032967], [0.2039756069094304, 0.27234798616416267, 0.19401966089466086, 0.3296567460317461], [0.26981418581418587, 0.2677695776445777, 0.13385346597846598, 0.32856277056277056], [0.3123305999556, 0.30519949494949494, 0.1863150321900321, 0.19615487290487285], [0.1960422771672773, 0.2764839327339328, 0.26261395548895555, 0.26485983460983475], [0.2514812409812411, 0.23232094294594285, 0.22614298201798214, 0.2900548340548342], [0.21764808802308808, 0.26804908979908987, 0.266041076978577, 0.24826174519924524], [0.28954087579087573, 0.3099207042957044, 0.15946194083694082, 0.24107647907647908], [0.34390854978354973, 0.23800829725829728, 0.16082328782328784, 0.2572598651348652], [0.3125957792207792, 0.2629032495282495, 0.14170010545010545, 0.2828008658008658], [0.21559175546675552, 0.37513077200577205, 0.16185737873237876, 0.24742009379509378], [0.235982683982684, 0.2577765151515152, 0.2441336580086582, 0.262107142857143], [0.26278223165723164, 0.30707933732933734, 0.18945568320568318, 0.24068274780774776], [0.3167638472638474, 0.2736293845043845, 0.16408530358530357, 0.24552146464646463], [0.32449067599067605, 0.2442922077922078, 0.1357382756132756, 0.2954788406038406], [0.25397797341547346, 0.24743052086802095, 0.16156616300366303, 0.3370253427128428], [0.27965348540348545, 0.2424752886002886, 0.19943292818292818, 0.27843829781329776], [0.1383638167388167, 0.3004040404040404, 0.23101630314130311, 0.33021583971583973], [0.30322083472083494, 0.2400377955377956, 0.17884280996780993, 0.2778985597735597], [0.2841652375402375, 0.16205555555555556, 0.2094717920967921, 0.34430741480741484], [0.2862181707181708, 0.2740738011988012, 0.1927256077256077, 0.24698242035742043], [0.28668854756354756, 0.3042752525252525, 0.181208152958153, 0.22782804695304698], [0.21552195027195026, 0.3202533716283716, 0.1837577214452214, 0.28046695665445665], [0.2629930763680764, 0.30557864357864356, 0.13887595737595737, 0.29255232267732284], [0.3435099206349208, 0.27536291486291486, 0.1612777777777778, 0.21984938672438678], [0.2858052503052504, 0.19760597735597737, 0.17663551726051732, 0.33995325507825497], [0.22284138084138083, 0.29809181096681103, 0.20388342213342217, 0.275183386058386], [0.21096359604447834, 0.27294606782106784, 0.22022481684981696, 0.29586551928463684], [0.2395927128427129, 0.30658802308802313, 0.19513636363636366, 0.2586829004329005], [0.24452254689754696, 0.2500934343434344, 0.2042007575757576, 0.3011832611832612], [0.21980116125704363, 0.3182986180486181, 0.17258963258963256, 0.2893105881047057], [0.25922045723883974, 0.2763779137529138, 0.15023316960816957, 0.3141684594000771], [0.28759713203463216, 0.2132880591630591, 0.17591875689669806, 0.3231960519056108], [0.2903559357309359, 0.23891798479298487, 0.2461734654234654, 0.22455261405261404], [0.36402887390387384, 0.25848495948495953, 0.11436982461982455, 0.263116341991342], [0.22429121572871577, 0.28615620490620497, 0.19410633116883116, 0.2954462481962482], [0.21856636419136422, 0.2838561924186926, 0.19358548396048397, 0.3039919594294594], [0.2496954850704852, 0.29995797258297263, 0.16794057331557327, 0.28240596903096915], [0.24966631979131979, 0.22493949106449113, 0.19307634032634038, 0.33231784881784887], [0.2529469696969697, 0.23507756132756139, 0.2360470779220779, 0.27592839105339106], [0.3167889194139195, 0.2614370955841545, 0.13193414224664224, 0.28983984275528396], [0.2349646464646465, 0.3357282301032301, 0.17638708513708512, 0.25292003829503834], [0.2354042970917972, 0.27565745365745364, 0.2067818431568432, 0.2821564060939062], [0.2542610514485515, 0.2735806693306693, 0.15235398629148628, 0.319804292929293], [0.25398912198912205, 0.2956966505716507, 0.16910847485847488, 0.28120575258075287], [0.2544622877122878, 0.3026750888000889, 0.18129045954045955, 0.261572163947164], [0.2497242063492063, 0.2846310772560772, 0.18116594516594525, 0.2844787712287712], [0.28232862276612275, 0.2404150343120932, 0.21910162753912754, 0.2581547153826565], [0.23715090465090463, 0.29955916305916314, 0.1877136335886336, 0.27557629870129885], [0.260629995004995, 0.3247972027972028, 0.13256913919413915, 0.28200366300366314], [0.2944318736818738, 0.2570296509046512, 0.1768053058053058, 0.2717331696081697], [0.2139913766788767, 0.26825252729296856, 0.25342071817071815, 0.2643353778574367], [0.2367426046176046, 0.23982678432678425, 0.22572168109668106, 0.29770892995892995], [0.2785833888333889, 0.2353681457431457, 0.2369557387057388, 0.24909272671772675], [0.2581009219538631, 0.2845642690642692, 0.20478076580282456, 0.25255404317904323], [0.243239454989455, 0.31462068487068484, 0.17764631202131198, 0.2644935481185481], [0.24745898545898545, 0.2099556277056276, 0.194229797979798, 0.34835558885558887], [0.21972125097125098, 0.2986681235431236, 0.23839316239316236, 0.24321746309246312], [0.20571830946830955, 0.2867287712287712, 0.24169312631812626, 0.265859792984793], [0.15093144355644353, 0.30077188089688095, 0.22711299811299818, 0.32118367743367743], [0.2752213480963481, 0.28935461760461767, 0.2031300366300367, 0.23229399766899766], [0.23431485181485187, 0.21309211621711627, 0.2413940503940505, 0.31119898157398157], [0.22809304584304588, 0.3029025835275835, 0.1903861416361416, 0.27861822899322897], [0.1653911921411921, 0.2709236735486737, 0.24330284992784995, 0.3203822843822844], [0.38787516650016657, 0.20210582473082472, 0.1744949494949495, 0.2355240592740593], [0.29851021201021216, 0.27657230269730276, 0.18277014652014645, 0.2421473387723388], [0.2723905538905539, 0.27708244533244547, 0.1554538794538794, 0.2950731213231214], [0.22697390109890114, 0.2928857531357532, 0.18528314740814736, 0.2948571983571984], [0.2147138000888, 0.315997453934954, 0.19271065046065045, 0.27657809551559565], [0.272239676989677, 0.21318853368853363, 0.2341962481962483, 0.28037554112554114], [0.2241754495504496, 0.24288250638250652, 0.21073004773004775, 0.3222119963369963], [0.2807948717948718, 0.23806213924963926, 0.18786710511710514, 0.2932758838383839], [0.2710668636918637, 0.27103896103896097, 0.19121986346986344, 0.2666743117993119], [0.24056630869130874, 0.288139208014208, 0.18494624819624816, 0.28634823509823526], [0.2611028693528694, 0.3129820734820736, 0.17784330946830945, 0.2480717476967478], [0.2483658563658564, 0.2362707708957708, 0.19689195526695533, 0.3184714174714175], [0.28327876984126993, 0.27631739787989784, 0.1668551101676101, 0.2735487221112222], [0.31734906759906784, 0.1896924284865461, 0.2263591547341548, 0.2665993491802314], [0.21472723803973806, 0.32907058913308906, 0.17684826978576976, 0.27935390304140306], [0.3171390733449557, 0.30724796037296037, 0.1389486208236208, 0.23666434545846315], [0.22941627122877128, 0.255137432012432, 0.22577192945942953, 0.2896743672993674], [0.28939467476967484, 0.2285551254301255, 0.1587093600843601, 0.3233408397158397], [0.23002546473134708, 0.2470734681984682, 0.19605212842712835, 0.3268489386430562], [0.3057834249084249, 0.2960696803196803, 0.15542135642135635, 0.24272553835053837], [0.24935051957846077, 0.2543029262404264, 0.23927016529222414, 0.2570763888888889], [0.22318529305661652, 0.23680262670336197, 0.27551285724079844, 0.264499222999223], [0.19115325360913593, 0.3457454081865847, 0.2149088778868191, 0.24819246031746037], [0.2476709956709957, 0.3033482142857143, 0.17338919413919412, 0.275591595904096], [0.3538857947607948, 0.2301172993672994, 0.18495638389388386, 0.23104052197802197], [0.28247637085137095, 0.2503893467643469, 0.2105832084582085, 0.25655107392607396], [0.31697799422799433, 0.23285683760683765, 0.1661941391941392, 0.2839710289710291], [0.2697710345210344, 0.2282505411255411, 0.20383592796092798, 0.29814249639249657], [0.21009145021645023, 0.265385212010212, 0.18371428571428577, 0.3408090520590521], [0.23518717393717392, 0.24371939171939178, 0.1905249472749472, 0.3305684870684871], [0.22716771423021423, 0.2753776362526363, 0.21125609113109112, 0.2861985583860584], [0.23361374736374735, 0.29162130924630925, 0.15802096514596514, 0.3167439782439783], [0.24664767177267177, 0.2424031801531802, 0.20923268398268394, 0.30171646409146413], [0.3069182900432901, 0.2560555555555555, 0.14080021367521367, 0.2962259407259408], [0.2100054112554111, 0.2750505952380954, 0.20829978354978368, 0.3066442099567101], [0.28742878649128656, 0.23646103896103918, 0.2064568556443556, 0.2696533189033189], [0.27947927072927065, 0.23411097236097234, 0.19793578643578644, 0.28847397047397044], [0.21851541514041511, 0.25607219169719175, 0.19396764346764347, 0.33144474969474985], [0.2589897533022532, 0.2573548881673882, 0.17663564213564212, 0.3070197163947164], [0.24813497613497607, 0.21945443445443455, 0.2639816572316572, 0.26842893217893227], [0.30173194860694863, 0.24258366633366632, 0.23664271839271847, 0.2190416666666666], [0.36970178432678447, 0.26495730658230654, 0.1457920274170274, 0.2195488816738817], [0.19115127927627928, 0.30800715950715946, 0.2426135114885115, 0.2582280497280498], [0.1803594183594183, 0.3210523781773783, 0.1839085497835498, 0.31467965367965367], [0.201606240981241, 0.25817072510822514, 0.23159289321789328, 0.3086301406926407], [0.2690479797979797, 0.26085642135642134, 0.1928414502164503, 0.27725414862914866], [0.21300104756354757, 0.2673770326895328, 0.2421114163614164, 0.2775105033855034], [0.2771187978687979, 0.2572579087579088, 0.2102225829725829, 0.2554007104007105], [0.26958465145965144, 0.33331764069264075, 0.15446500721500722, 0.24263270063270073], [0.28321031746031744, 0.20819738594738596, 0.1594421828171828, 0.3491501137751139], [0.24593452380952388, 0.2536737012987014, 0.20602218614718615, 0.2943695887445888], [0.44707510545010565, 0.1682459068709068, 0.19054489954489953, 0.19413408813408808]]}, "rewritten": {"ids": ["97106600", "97107821", "97109080", "97110950", "97113260", "97113900", "97114170", "98107210", "98107380", "98108150", "98108370", "98108970", "98109311", "98110230", "98112170", "98112300", "98120010", "98121790", "99105921", "99108000", "99109161", "99111000", "99111930", "99112531", "99114890", "99117630", "100108260", "100108580", "100108990", "100110050", "100111270", "100120010", "101108370", "101109120", "101110200", "101111310", "101112540", "101112690", "101113210", "101114990", "101116130", "102108621", "102110850", "102110890", "102118380", "102121440", "102121700", "103109021", "103109791", "103110220", "103111480", "103111540", "103111620", "103112641", "103113260", "103118110", "104116441", "104116980", "104119340", "105110091", "105111990", "105113170", "105113210", "105114220", "105115250", "105115680", "105116501", "105117351", "105117431", "106114321", "106115120", "106117650", "106119580", "107113130", "107113170", "107114140", "107114280", "107114621", "107118780", "107119130", "107119950", "107120130", "107121640", "108114200", "108115250", "108119510", "108119550", "108120060", "108120260", "108121410", "109113931", "109114270", "109114651", "109115070", "109115211", "109115220", "109118161", "109118231", "109119450", "109119460", "109120621", "110116501", "110117870", "110118161", "110118630", "110118930", "110120560", "110121450", "111114171", "111114321", "111115780", "111116090", "111116170", "111116290", "111116530", "111118301", "111119150", "111119580", "111120320", "112116540", "112116640", "112117461", "112117471", "112117790", "112118161", "112118581", "112118930", "112119120", "112121360", "113118421", "113118490", "113119930", "113120531", "113120591", "113120640", "113120751", "113122160", "113122190", "113122220", "113122230", "113122320", "113122430"], "labels": [3, 2, 2, 3, 1, 2, 2, 1, 1, 0, 1, 3, 1, 3, 3, 2, 2, 2, 1, 2, 3, 2, 1, 3, 2, 3, 3, 0, 2, 3, 2, 0, 1, 1, 2, 3, 2, 1, 3, 3, 2, 3, 3, 0, 1, 2, 1, 0, 3, 2, 0, 1, 0, 3, 3, 2, 1, 1, 1, 0, 2, 0, 3, 3, 2, 2, 1, 0, 1, 2, 1, 1, 3, 1, 0, 2, 3, 0, 1, 1, 3, 2, 1, 0, 1, 1, 1, 1, 1, 0, 1, 3, 3, 0, 0, 3, 0, 1, 3, 1, 1, 3, 3, 0, 1, 1, 0, 3, 3, 1, 1, 3, 0, 2, 3, 3, 3, 3, 1, 1, 0, 0, 3, 3, 0, 1, 1, 1, 3, 3, 1, 1, 0, 0, 0, 1, 3, 1, 1, 1, 1, 2], "predicted_labels": [0, 0, 0, 0, 0, 0, 0, 3, 0, 1, 0, 0, 0, 0, 0, 0, 0, 0, 0, 0, 0, 0, 1, 0, 0, 0, 0, 0, 0, 0, 0, 1, 0, 0, 1, 3, 0, 0, 0, 0, 0, 0, 0, 0, 0, 0, 0, 0, 0, 1, 0, 0, 0, 0, 0, 0, 0, 0, 1, 0, 1, 0, 0, 0, 0, 1, 0, 0, 0, 0, 0, 0, 0, 3, 0, 0, 0, 0, 0, 0, 0, 0, 0, 0, 0, 0, 0, 0, 0, 0, 0, 0, 0, 0, 0, 0, 0, 0, 0, 0, 0, 0, 0, 0, 0, 0, 0, 0, 0, 0, 0, 0, 0, 0, 0, 0, 0, 0, 0, 0, 0, 0, 0, 0, 0, 0, 0, 0, 0, 0, 3, 0, 0, 0, 0, 0, 0, 0, 0, 0, 0, 0], "confidence_scores": [[0.3998951595789832, 0.2283635539297303, 0.17439029720279717, 0.19735098928848935], [0.3822949958538196, 0.2426988020149785, 0.15497698135198135, 0.2200292207792208], [0.3054507575757576, 0.29702919302919306, 0.17191988566988564, 0.22560016372516375], [0.4330889249639249, 0.1922979797979798, 0.1346989538239538, 0.23991414141414144], [0.40121640859140884, 0.2607553280053281, 0.14231673881673879, 0.1957115245865246], [0.3229665404040405, 0.2442652417027417, 0.21315602453102456, 0.21961219336219337], [0.3024848484848485, 0.2774458874458874, 0.18311778499278497, 0.23695147907647912], [0.2902436313686314, 0.2827117327117328, 0.12779532967032967, 0.2992493062493062], [0.3700009296259298, 0.2209039710289711, 0.19540935453435448, 0.21368574481074487], [0.26921843434343457, 0.27961315073815074, 0.23481722444222453, 0.2163511904761905], [0.29503841991341984, 0.2694636197136198, 0.22947108447108452, 0.20602687590187593], [0.3047438741813742, 0.27918405899655907, 0.1860357142857143, 0.2300363525363526], [0.392875651309475, 0.2332137037798802, 0.15352861027861026, 0.2203820346320346], [0.35926287601287604, 0.2897440684315684, 0.134854908979909, 0.21613814657564664], [0.39227693140193154, 0.15645436507936505, 0.19840120990120988, 0.2528674936174936], [0.34924238180120554, 0.23775346956964594, 0.15155133755133754, 0.26145281107781115], [0.4054821983571986, 0.2305923659673659, 0.18716683316683308, 0.17675860250860254], [0.3520401404151406, 0.2621384032634034, 0.1650869963369963, 0.22073445998446004], [0.36171554834054853, 0.319773878898879, 0.14294918969918968, 0.1755613830613831], [0.32301441613941617, 0.2649777167277167, 0.19353096903096909, 0.21847689810189816], [0.3957675865800865, 0.28064880952380955, 0.16039574314574312, 0.1631878607503608], [0.31840137640137656, 0.273715603840604, 0.20180126817626817, 0.20608175158175157], [0.2856817757405993, 0.29752836134453786, 0.22127146464646466, 0.1955183982683983], [0.4525598013098014, 0.2410336260961261, 0.1472404956154956, 0.15916607697857693], [0.3597788322788324, 0.24080608280608284, 0.16594283494283488, 0.23347224997225002], [0.3105231851481853, 0.25237290487290487, 0.19600664613164612, 0.24109726384726396], [0.37228890553890565, 0.2389173187923188, 0.20847523310023308, 0.18031854256854257], [0.3219326221164458, 0.24084167303284956, 0.17336639749139748, 0.2638593073593073], [0.31590440115440127, 0.24125636863136857, 0.21554478854478848, 0.22729444166944163], [0.3774681845931845, 0.264809953934954, 0.17432424519924514, 0.18339761627261622], [0.3559939574314574, 0.23790133477633468, 0.21732422438672433, 0.18878048340548342], [0.2909329420579421, 0.30059996947496953, 0.16830473897018008, 0.24016234949690837], [0.4143887085137086, 0.2601689976689977, 0.12565151515151513, 0.19979077866577868], [0.34545160395160385, 0.28201370851370866, 0.15604075091575093, 0.21649393661893657], [0.2516424963924965, 0.2632133838383839, 0.2509393939393939, 0.23420472582972593], [0.2573638028638029, 0.23094157925407927, 0.21930774780774775, 0.2923868700743701], [0.3863462370962372, 0.2012830502830503, 0.22702602952602946, 0.1853446830946831], [0.30262109418359423, 0.25811944999445, 0.20628607503607513, 0.2329733807858808], [0.293672619047619, 0.2533287545787546, 0.22328903041403037, 0.22970959595959597], [0.3150906385281385, 0.2853112443112444, 0.20966372026666139, 0.18993439689395572], [0.29368020174270176, 0.2924941476007653, 0.15921747696747698, 0.2546081736890561], [0.41196590909090924, 0.23628654678654684, 0.18189833777333778, 0.1698492063492064], [0.3192812604062605, 0.26636650849150856, 0.1757664835164835, 0.23858574758574758], [0.4813653291153293, 0.1741442307692307, 0.12670988733488733, 0.21778055278055283], [0.32004960317460324, 0.23724651737151736, 0.19991745754245752, 0.242786421911422], [0.39220604395604397, 0.23017514430014427, 0.17856841769341766, 0.19905039405039415], [0.3379549062049062, 0.28675786713286716, 0.174905753968254, 0.20038147269397266], [0.4153656135531136, 0.2467825438450438, 0.14537069874569875, 0.1924811438561439], [0.4461359473859476, 0.20267538017538012, 0.15208441558441557, 0.19910425685425692], [0.2859060245310246, 0.30859788822288825, 0.190422619047619, 0.21507346819846818], [0.31655946830946835, 0.2573264790764791, 0.18317384698634698, 0.24294020562770569], [0.3817485014985016, 0.2193848651348651, 0.17299211899211897, 0.2258745143745144], [0.31149689118071483, 0.28460944692562334, 0.1810352841602841, 0.2228583777333778], [0.38393488455988484, 0.22378805916305922, 0.16719624819624815, 0.22508080808080805], [0.3489831696081697, 0.24522750860250858, 0.20295382395382397, 0.20283549783549784], [0.3490676676264911, 0.25131524113141773, 0.1827051420801421, 0.2169119491619492], [0.3685630896880898, 0.2607488344988345, 0.13232159507159508, 0.23836648074148073], [0.29818818681318693, 0.2490033438783439, 0.18508055833055834, 0.26772791097791093], [0.2986146214896216, 0.3133904706404706, 0.16809867909867915, 0.2198962287712288], [0.44502532190032207, 0.21209505772005777, 0.15353167665667666, 0.18934794372294372], [0.2733059024309024, 0.30711651542901547, 0.17217772505272508, 0.24739985708735707], [0.3783186674436675, 0.21557063769563778, 0.13740728715728717, 0.2687034077034076], [0.34011307442557437, 0.22306859806859808, 0.18755554168054173, 0.24926278582528588], [0.3798266594516594, 0.24225965007215014, 0.16550631313131312, 0.2124073773448774], [0.30262319624819617, 0.2627162143412144, 0.1681839688089688, 0.26647662060162053], [0.24758243145743156, 0.291377344877345, 0.21672294372294368, 0.24431727994227995], [0.4080806277056277, 0.20952752802752803, 0.14193098568098564, 0.2404608585858586], [0.37305705324087685, 0.2532242904154669, 0.17752007714507706, 0.19619857919857928], [0.37740602453102456, 0.2472941919191918, 0.19002795815295814, 0.1852718253968254], [0.4639906204906206, 0.19471338383838382, 0.15453907203907202, 0.18675692363192362], [0.3406334776334778, 0.22543181818181818, 0.16412950937950938, 0.26980519480519477], [0.3995526695526695, 0.22806601731601733, 0.19671674159174163, 0.17566457153957157], [0.32396277333777346, 0.2622193154068154, 0.19364513264513275, 0.22017277861027862], [0.2584655830280831, 0.27329494810744814, 0.19382577838827836, 0.27441369047619046], [0.3826270396270396, 0.19574631822425947, 0.14670995670995662, 0.27491668543874415], [0.3087810106560107, 0.270743908868909, 0.16611086136086126, 0.25436421911421914], [0.3182824675324676, 0.2627041847041847, 0.1933362193362193, 0.2256771284271284], [0.43906105006105, 0.2053000610500611, 0.12699224386724384, 0.22864664502164497], [0.349213161838162, 0.2616041736041737, 0.17412271062271056, 0.21505995393495386], [0.32528782328782335, 0.2760533910533911, 0.15769251581751578, 0.2409662698412699], [0.36748152256240496, 0.24029660005027653, 0.16287312197606313, 0.22934875541125557], [0.4253801337551338, 0.23875444000444004, 0.13444214119214115, 0.20142328504828502], [0.31173771081859314, 0.2671109593021357, 0.22369786667580788, 0.19745346320346324], [0.39321103896103904, 0.2357348484848485, 0.20721807359307357, 0.163836038961039], [0.32035901598401606, 0.23105691530691533, 0.22221092796092795, 0.22637314074814086], [0.4425354645354647, 0.22193831168831174, 0.1406380563880564, 0.1948881673881674], [0.38212739262371637, 0.22960657479775137, 0.13908764152514144, 0.2491783910533911], [0.3213394105894106, 0.2711950410700411, 0.21066074203574206, 0.19680480630480637], [0.3356137334887335, 0.2561575785325786, 0.1662183788433788, 0.24201030913530913], [0.3977395035520036, 0.22743039599289594, 0.1547099150849151, 0.2201201853701854], [0.3772372627372627, 0.22212044899544905, 0.1694573065823066, 0.23118498168498167], [0.33602341122929374, 0.23071786628404284, 0.18440479863273984, 0.2488539238539239], [0.37725667388167394, 0.20924098124098126, 0.13170328282828278, 0.2817990620490621], [0.29675586219336225, 0.2607350496725497, 0.20498394171188294, 0.2375251464222052], [0.44162427849927843, 0.22968551587301597, 0.11973003385503383, 0.20896017177267182], [0.32922591991342004, 0.20587715062715067, 0.21198783855033856, 0.2529090909090908], [0.45120999833499853, 0.20689812964812962, 0.16465626040626044, 0.1772356116106116], [0.4208872655122656, 0.2441337690087691, 0.14144390331890336, 0.19353506216006217], [0.3566603674103675, 0.2522910284160284, 0.16404442779442774, 0.22700417637917647], [0.33943812437562443, 0.27675024281274285, 0.20009007659007672, 0.18372155622155617], [0.3753966450216452, 0.22020264457764457, 0.13509388732182848, 0.26930682307888193], [0.41399657287157304, 0.23945111832611832, 0.13617045454545454, 0.21038185425685427], [0.37261100011100007, 0.2461622911402323, 0.17932149794649793, 0.20190521080226959], [0.39754125041625055, 0.2335479659229659, 0.13835858585858585, 0.23055219780219788], [0.3792785409035409, 0.27692776667776664, 0.20606055056055061, 0.1377331418581419], [0.3564829892329893, 0.24737415362415366, 0.1625544733044733, 0.2335883838383838], [0.31991071428571444, 0.2400122655122656, 0.1941280663780664, 0.24594895382395385], [0.33785103703486064, 0.26975259544377184, 0.17580072705072708, 0.21659564047064045], [0.4372452269952273, 0.22595852758352755, 0.15695578033078036, 0.17984046509046508], [0.40161119354501706, 0.25011091767709415, 0.1664627178377179, 0.18181517094017097], [0.30952002164502174, 0.2909512987012987, 0.16446031746031747, 0.23506836219336225], [0.4007999777999779, 0.19986771561771555, 0.16600990675990673, 0.2333223998223998], [0.37571603396603387, 0.24081311743811754, 0.19076233488733493, 0.19270851370851375], [0.3568365800865801, 0.25589375901875905, 0.14957478142772251, 0.2376948794669384], [0.36524567099567107, 0.225590367965368, 0.18544769119769117, 0.22371626984126988], [0.458151098901099, 0.23075781163281153, 0.1542784299034299, 0.15681265956265955], [0.300669427794428, 0.2757699383949384, 0.15520249195249197, 0.268358141858142], [0.33893199855699857, 0.20625992063492063, 0.18535822510822508, 0.2694498556998557], [0.36285510323010334, 0.2174197330447331, 0.18207826895326895, 0.23764689477189482], [0.3470452741702742, 0.21103246753246757, 0.202418401043401, 0.23950385725385728], [0.3894390193140195, 0.21818083305583305, 0.16401574814074812, 0.22836439948939954], [0.4558295030133266, 0.2480411679823445, 0.10804491341991339, 0.18808441558441555], [0.35754666167166177, 0.228854908979909, 0.1504162920412921, 0.26318213730713735], [0.4419314574314577, 0.19350487012987014, 0.13983182095682095, 0.2247318514818514], [0.38063571151071174, 0.22429413641913637, 0.17071980796980796, 0.22435034410034407], [0.4100743006993009, 0.24959466921966922, 0.15698407148407148, 0.18334695859695863], [0.2903747363747364, 0.2283802100677101, 0.19726094738594735, 0.2839841061716062], [0.40026418026418065, 0.2250732878232878, 0.1773060828060828, 0.19735644910644914], [0.3358929126429128, 0.23755599955599968, 0.17907864357864356, 0.24747244422244422], [0.446460455394279, 0.2085764521426286, 0.13594613719613716, 0.20901695526695524], [0.275729256854257, 0.28078248140748147, 0.13989428626928624, 0.3035939754689755], [0.3081309523809524, 0.29008212620712637, 0.1831124986124986, 0.21867442279942279], [0.45936423298923307, 0.20245627983127984, 0.13446194083694082, 0.20371754634254638], [0.39045111832611845, 0.26335580595874714, 0.16933351370851368, 0.17685956200662084], [0.36105985680985697, 0.23312554112554115, 0.18850955988455986, 0.2173050421800422], [0.42420894383394414, 0.20137033799533796, 0.14647591297591295, 0.22794480519480523], [0.33102380952380955, 0.20497335997335994, 0.1977135642135642, 0.2662892662892664], [0.2957396353646355, 0.26523895059189173, 0.18857525317819435, 0.25044616086527854], [0.33033580308580307, 0.2699983072483073, 0.19002754190254195, 0.20963834776334778], [0.30065609390609394, 0.24012012497306606, 0.21253479853479867, 0.24668898258604138], [0.3041623862248862, 0.2763898907465084, 0.14015542790542784, 0.2792922951231774], [0.2915685495060495, 0.260363462925963, 0.20597607947607943, 0.24209190809190811]]}}