{"test": {"ids": ["113120601", "106116640", "110116170", "105115250", "105113440", "103109641", "104113210", "113122220", "99112300", "104118340", "105116650", "100111390", "112116800", "110118450", "113120751", "112116540", "113122320", "112118550", "113122650", "102109910", "107118520", "101108621", "99109370", "101111210", "111119430", "110117140", "97116790", "113118620", "112119610", "97107920", "110114920", "106113260", "111117200", "97116401", "111115620", "97105451", "110117080", "106113360", "101113210", "111116750", "97106591", "99109840", "110114561", "111121351", "98113881", "104114320", "109116441", "113121190", "99111000", "113119120", "113122160", "99108890", "112120670", "105119550", "103117200", "103112470", "110118810", "109114651", "111115780", "106113830", "107113260", "111116170", "111120260", "106114321", "103120531", "110118930", "113121220", "99117740", "108115870", "106114880", "102111990", "112121010", "98108520", "103113210", "109118161", "113122510", "98106880", "105118230", "105110091", "103110220", "110118301", "102117351", "113121410", "98106111", "105117351", "104111620", "100107920", "108113480", "107113130", "100111620", "108118520", "106118301", "99107560", "109115220", "111119340", "109113931", "109114030", "113120640", "105113210", "103113101", "106116820", "102112170", "103117461", "112116900", "104112470", "109114270", "97112830", "108119550", "109117431", "112118530", "105116090", "109115070", "103111110", "111120220", "97106970", "106118161", "101108080", "108121410", "104111830", "112120270", "107120010", "112116290", "98110230", "105112240", "107112850", "100111080", "99108710", "112117780", "107118490", "104114230", "98116090", "110118701", "98121790", "108115070", "111114321", "100111380", "112120700", "97116800", "106116441", "112118890", "113121980", "112119500"], "labels": [2, 3, 0, 2, 0, 1, 3, 1, 0, 2, 1, 2, 0, 0, 1, 1, 1, 3, 2, 2, 2, 0, 1, 2, 3, 3, 2, 3, 0, 0, 3, 3, 0, 3, 1, 0, 1, 0, 3, 3, 1, 2, 0, 0, 3, 2, 3, 1, 2, 3, 3, 0, 2, 1, 0, 1, 1, 3, 1, 1, 0, 0, 3, 2, 3, 1, 3, 2, 3, 0, 2, 2, 2, 3, 0, 2, 0, 1, 0, 2, 1, 1, 0, 0, 0, 0, 0, 0, 1, 3, 0, 1, 1, 3, 3, 1, 1, 0, 3, 3, 1, 3, 0, 3, 1, 3, 2, 1, 1, 1, 1, 0, 3, 3, 2, 3, 0, 0, 3, 0, 1, 0, 3, 1, 1, 0, 2, 0, 2, 2, 0, 3, 2, 1, 1, 3, 2, 0, 0, 3, 2, 2], "predicted_labels": [1, 3, 0, 0, 1, 3, 0, 1, 3, 1, 3, 1, 3, 1, 3, 1, 1, 3, 3, 0, 1, 1, 3, 1, 1, 3, 2, 1, 1, 0, 1, 1, 3, 1, 1, 0, 1, 1, 1, 0, 1, 1, 3, 1, 1, 1, 0, 0, 2, 3, 1, 1, 2, 3, 3, 1, 0, 0, 1, 3, 1, 1, 0, 3, 1, 3, 3, 2, 3, 1, 0, 1, 1, 0, 1, 1, 2, 3, 1, 1, 1, 0, 3, 1, 3, 0, 3, 3, 2, 2, 1, 0, 1, 3, 3, 1, 1, 3, 1, 1, 0, 0, 1, 0, 2, 3, 3, 3, 1, 1, 1, 1, 1, 0, 3, 3, 0, 1, 3, 1, 3, 0, 1, 1, 1, 1, 1, 0, 1, 2, 1, 3, 2, 1, 1, 1, 3, 0, 1, 3, 1, 1], "confidence_scores": [[0.13841510971407656, 0.42519246402610733, 0.33058162764111176, 0.10581079861870422], [0.16562859301710006, 0.08948513974126909, 0.0533530588805427, 0.6915332083610883], [0.5235476529297909, 0.06251471302264747, 0.1184175966678587, 0.29552003737970317], [0.5451778336200784, 0.29166092039488295, 0.10442545988954341, 0.058735786095495], [0.27684154037439407, 0.35661697367152084, 0.2215127916007049, 0.14502869435338042], [0.024064182154204333, 0.07499969532652578, 0.32942643095049096, 0.571509691568779], [0.544690089256314, 0.16262572611505133, 0.03223254052764766, 0.2604516441009871], [0.053214524719497856, 0.5459371620018718, 0.09284624862979904, 0.30800206464883145], [0.05361974567710137, 0.09168191740441774, 0.4797783836136573, 0.37491995330482353], [0.0162384590304081, 0.768766833743475, 0.06760625402629751, 0.14738845319981975], [0.1771592232211415, 0.11382227096687059, 0.4532082578942697, 0.25581024791771817], [0.2777533310360187, 0.465353442571601, 0.09886502397564804, 0.1580282024167325], [0.11205447547907561, 0.40492827249748886, 0.10780782432590365, 0.375209427697532], [0.025891421566029565, 0.5296447373036436, 0.39933206628965445, 0.045131774840672455], [0.1566897794869485, 0.20762357205494544, 0.292230176713821, 0.3434564717442851], [0.049184581567066274, 0.5904890286500967, 0.013259057172707752, 0.3470673326101295], [0.12202539716151509, 0.7620469013563016, 0.04128894362306437, 0.07463875785911882], [0.3869238764738425, 0.24989519330907622, 0.01163817619984597, 0.3515427540172354], [0.12534674747954153, 0.35672258976144167, 0.03411844136044514, 0.4838122213985719], [0.7293372577136459, 0.04434185698458618, 0.19280711442434406, 0.033513770877423854], [0.03238627374660615, 0.6921584256614551, 0.23364458308557504, 0.04181071750636363], [0.03701987186897766, 0.6338272857534126, 0.04802538278416939, 0.28112745959344004], [0.06006499358643801, 0.15652482072517226, 0.36208689878549805, 0.4213232869028918], [0.32941894487982054, 0.3384415367981218, 0.16700840335922396, 0.1651311149628338], [0.027806742581290376, 0.5490935722160262, 0.23969595606749103, 0.18340372913519232], [0.08395983406402825, 0.45040928148680875, 0.06697039776996745, 0.39866048667919585], [0.019115352555504388, 0.06852284076397572, 0.8487489530672638, 0.06361285361325623], [0.11118317290411811, 0.8215276884333614, 0.0055293906632406225, 0.061759747999279704], [0.07927669045602452, 0.4674209958965853, 0.11244950712340378, 0.34085280652398636], [0.6565235866608501, 0.0793249477019921, 0.04748088078927998, 0.21667058484787766], [0.08540977299863753, 0.7679112192098859, 0.0331119426842492, 0.1135670651072272], [0.13642104502424499, 0.7271786817327974, 0.06237463048566393, 0.0740256427572934], [0.19092921885127656, 0.3016164328229788, 0.01337274088279962, 0.49408160744294494], [0.06943225797638786, 0.5640924673555326, 0.16223551723679958, 0.2042397574312801], [0.16345814883295798, 0.6290600974318391, 0.12707611303840619, 0.08040564069679648], [0.7873958502219253, 0.11818777424331181, 0.011640397897262589, 0.08277597763750026], [0.015997317156497513, 0.6654839200049388, 0.06941467508898526, 0.24910408774957823], [0.21091166520189533, 0.6504790545729382, 0.07508467832335318, 0.06352460190181343], [0.07018435362524841, 0.49183344353979397, 0.10527384560792437, 0.33270835722703335], [0.6905238793358275, 0.009974250305931862, 0.017821942503057745, 0.28167992785518303], [0.037436940636504275, 0.279482441485375, 0.5447207704006177, 0.13835984747750338], [0.025032257770006748, 0.3690539695275443, 0.4821455575953984, 0.12376821510705044], [0.37578331690665145, 0.18917890777347468, 0.1605079547572689, 0.2745298205626051], [0.1747119232634247, 0.6899711067460739, 0.04081890675243739, 0.09449806323806428], [0.04284301020008282, 0.3753446042263211, 0.49062040137479684, 0.09119198419879915], [0.30918339106864645, 0.4278200992813425, 0.21893983423431754, 0.04405667541569345], [0.42813614388108706, 0.3810007340499944, 0.010296433724518645, 0.18056668834439946], [0.43691395459648796, 0.36072358469941795, 0.017625242909330673, 0.1847372177947632], [0.017852303079670208, 0.19267133303611353, 0.756744909254498, 0.032731454629718305], [0.21287232037091916, 0.19455138183077306, 0.02867944842673729, 0.5638968493715704], [0.021761205155939583, 0.626949681069193, 0.2457610859356143, 0.10552802783925316], [0.022391821861696904, 0.5309158715223937, 0.07850320968349105, 0.36818909693241836], [0.09409826080701804, 0.23657700755153013, 0.5959371278314484, 0.07338760381000321], [0.24008124158621608, 0.42524208788210005, 0.026988458193846005, 0.3076882123378378], [0.46075095118889353, 0.14836874211149095, 0.024647720065858122, 0.3662325866337574], [0.09780647180432567, 0.7527089177316073, 0.09334921611130052, 0.056135394352766446], [0.562622824634531, 0.2014954848252939, 0.07619890864955603, 0.15968278189061907], [0.8404676411698784, 0.022532105465121816, 0.056082091512183734, 0.08091816185281595], [0.34432832714960593, 0.44339645751892537, 0.05637457151599795, 0.15590064381547097], [0.24114622264354407, 0.20901957294201662, 0.08848825428056643, 0.4613459501338727], [0.216114335771474, 0.6393340191553786, 0.045634050158998435, 0.09891759491414917], [0.25239734976061307, 0.5303765208845432, 0.007200032696213568, 0.21002609665863065], [0.7495348317769768, 0.16227932124424263, 0.006991006308775426, 0.08119484067000483], [0.2189571753235658, 0.2666415060445454, 0.3100171751676362, 0.20438414346425277], [0.12819180392331123, 0.5203792036457143, 0.06841128382900233, 0.28301770860197184], [0.046270892243618335, 0.1189031026775312, 0.03928539374298151, 0.795540611335869], [0.08001479348444875, 0.0870791173166027, 0.03803270877650965, 0.7948733804224388], [0.14347522682815203, 0.20435055693561843, 0.5144401189712374, 0.13773409726499214], [0.24195982352939896, 0.25759440056036614, 0.10036597596334243, 0.4000797999468926], [0.1065573418890122, 0.35472820001793814, 0.5128908514950298, 0.025823606598019733], [0.8499232186997705, 0.03319863717992636, 0.08305380709718885, 0.033824337023114395], [0.11567738369599566, 0.7151127577674282, 0.058601243892304165, 0.11060861464427196], [0.18906605255747538, 0.6514811593540719, 0.03325006041127628, 0.12620272767717627], [0.45191797222474894, 0.34469091195971574, 0.14794753098274005, 0.055443584832795295], [0.3189223942986903, 0.5046878083058651, 0.033239102875368895, 0.14315069452007573], [0.07087727565355083, 0.4672943012001226, 0.39224811579028634, 0.0695803073560404], [0.023429027643439286, 0.04631406294826627, 0.850174978105382, 0.08008193130291269], [0.05044930249317152, 0.44146047060905613, 0.02601777893313693, 0.4820724479646353], [0.07127822725916866, 0.3382928446296556, 0.3078067830513977, 0.2826221450597778], [0.057426921360188544, 0.32906018320476965, 0.3405005965131311, 0.27301229892191087], [0.056552319731462464, 0.7283393575029772, 0.04841725128530516, 0.1666910714802552], [0.5900293945932911, 0.06225809402028753, 0.01057210379260862, 0.3371404075938129], [0.04696425082000708, 0.026842072369844188, 0.002026400070748301, 0.9241672767394007], [0.06642319270119372, 0.32554943691622223, 0.48652145424663806, 0.12150591613594602], [0.4977441742618702, 0.05163724861457285, 0.04836473265501472, 0.40225384446854245], [0.64087940924992, 0.17898194167559034, 0.03475059016921995, 0.1453880589052696], [0.16679427561178992, 0.17601062905976053, 0.04575484217652715, 0.6114402531519222], [0.2145245697958453, 0.06770866981844488, 0.2828203113677138, 0.43494644901799595], [0.10784368528376098, 0.14560440110004658, 0.721613519222723, 0.024938394393469437], [0.18547889724877623, 0.18136776266191015, 0.45654933727386965, 0.17660400281544408], [0.04846278941460618, 0.5789024464980841, 0.17306507627490691, 0.199569687812403], [0.6891552636244258, 0.07984046794905564, 0.006811589345739657, 0.22419267908077883], [0.024546146352902642, 0.6595603754172834, 0.08589578193773302, 0.22999769629208133], [0.18058771246395094, 0.2545769573845146, 0.017702596142239242, 0.5471327340092957], [0.06366676089457286, 0.3398860689258385, 0.011936812297548033, 0.5845103578820405], [0.4068917161566231, 0.463074270868906, 0.005441634822246125, 0.12459237815222461], [0.19854149081023087, 0.287823359056155, 0.2753068809385201, 0.23832826919509403], [0.26404077311859026, 0.15787593397637695, 0.02771525955370335, 0.5503680333513294], [0.2068392686317466, 0.5180444005084378, 0.007804750231027058, 0.2673115806287883], [0.11317554684680191, 0.39592550585341835, 0.2111043347136699, 0.27979461258611], [0.5497744892947668, 0.16805560538535821, 0.030244733426241663, 0.25192517189363334], [0.8373549150920059, 0.02899342722084003, 0.0697317166956341, 0.06391994099152007], [0.2716145586105394, 0.40626488101274233, 0.08548555912349405, 0.23663500125322365], [0.40171629567834105, 0.3421364752252491, 0.039273048238502736, 0.21687418085790724], [0.061123239850690375, 0.08228308449646465, 0.5821111480177956, 0.27448252763504943], [0.1487241628837623, 0.1586182227232251, 0.3441034227344257, 0.3485541916585873], [0.28933821817295313, 0.25975662159402296, 0.18188432715042954, 0.2690208330825942], [0.2699253694097531, 0.14338056502989094, 0.07865729686361664, 0.5080367686967395], [0.08142572716790178, 0.7326328104357583, 0.044988196495742296, 0.14095326590059737], [0.02059574241727247, 0.8167863461105228, 0.13835295224553396, 0.024264959226670695], [0.1401047438426705, 0.3837676078727742, 0.10018261774374469, 0.37594503054081074], [0.03212280052189923, 0.9128944477400702, 0.044266926326217176, 0.010715825411813375], [0.05450384642095075, 0.5507797639545988, 0.030338814963145545, 0.3643775746613047], [0.5155535190356291, 0.4444766115706235, 0.005886671423358382, 0.03408319797038887], [0.1400350118111371, 0.1552502600364945, 0.34773303666215355, 0.3569816914902149], [0.05412725254654592, 0.3152971071324378, 0.3576805693320061, 0.2728950709890102], [0.42269103935873203, 0.38972057574217933, 0.013159166315863054, 0.1744292185832255], [0.250052244178556, 0.5220282922920878, 0.02600908528738941, 0.2019103782419669], [0.09620472437829836, 0.07764850485777303, 0.12244111254317297, 0.7037056582207557], [0.010887482323152424, 0.4080119310942655, 0.5157749370569521, 0.06532564952562984], [0.05174241390026918, 0.15871750944641608, 0.3598112293447023, 0.42972884730861255], [0.46992166939478824, 0.32595116664187057, 0.04281426770062623, 0.16131289626271522], [0.10203498966642591, 0.7071144619962648, 0.04639190843752409, 0.14445863989978536], [0.12116040885153388, 0.5245097139973617, 0.11208210605811224, 0.2422477710929921], [0.10321371220245995, 0.7798146930678957, 0.09749744895887008, 0.01947414577077421], [0.2020847077329179, 0.3676968165765311, 0.27759494623604464, 0.15262352945450636], [0.02360258496346804, 0.8092068579925442, 0.046161721702942374, 0.12102883534104536], [0.7505598166514228, 0.12382217215611024, 0.04372491085971465, 0.08189310033275225], [0.0861635858057431, 0.535192563764368, 0.333588398992302, 0.04505545143758708], [0.01681825662954994, 0.16941987303166592, 0.6654903065713111, 0.1482715637674731], [0.07312589730022115, 0.5726013401486483, 0.19586136695076095, 0.15841139560036951], [0.17322141312119832, 0.14387772505096907, 0.29339815832343574, 0.3895027035043971], [0.09397457259724191, 0.2028402062343591, 0.6462845800567876, 0.05690064111161111], [0.13977749090570815, 0.5127758947526475, 0.3177439542355238, 0.029702660106120608], [0.041466058242615844, 0.7333098000659145, 0.19489021407196647, 0.030333927619503365], [0.2849245269329617, 0.6319586229883049, 0.012623411011564495, 0.07049343906716908], [0.01255239119701349, 0.14916381620747166, 0.07131157168295463, 0.7669722209125601], [0.4649139878070588, 0.28422583362926707, 0.10950868349374475, 0.1413514950699291], [0.13946609383198774, 0.7848918504546208, 0.021998261765230568, 0.05364379394816089], [0.4298492096916933, 0.2545032428718722, 0.002796486528175363, 0.3128510609082589], [0.05249183942235023, 0.6476826887160818, 0.04739816336216932, 0.25242730849939904], [0.024709340097822198, 0.7351554180052338, 0.21379088228142645, 0.02634435961551744]]}, "rewritten": {"ids": ["97105451", "97106591", "97106970", "97107920", "97112830", "97116401", "97116790", "97116800", "98106111", "98106880", "98108520", "98110230", "98113881", "98116090", "98121790", "99107560", "99108710", "99108890", "99109370", "99109840", "99111000", "99112300", "99117740", "100107920", "100111080", "100111380", "100111390", "100111620", "101108080", "101108621", "101111210", "101113210", "102109910", "102111990", "102112170", "102117351", "103109641", "103110220", "103111110", "103112470", "103113101", "103113210", "103117200", "103117461", "103120531", "104111620", "104111830", "104112470", "104113210", "104114230", "104114320", "104118340", "105110091", "105112240", "105113210", "105113440", "105115250", "105116090", "105116650", "105117351", "105118230", "105119550", "106113260", "106113360", "106113830", "106114321", "106114880", "106116441", "106116640", "106116820", "106118161", "106118301", "107112850", "107113130", "107113260", "107118490", "107118520", "107120010", "108113480", "108115070", "108115870", "108118520", "108119550", "108121410", "109113931", "109114030", "109114270", "109114651", "109115070", "109115220", "109116441", "109117431", "109118161", "110114561", "110114920", "110116170", "110117080", "110117140", "110118301", "110118450", "110118701", "110118810", "110118930", "111114321", "111115620", "111115780", "111116170", "111116750", "111117200", "111119340", "111119430", "111120220", "111120260", "111121351", "112116290", "112116540", "112116800", "112116900", "112117780", "112118530", "112118550", "112118890", "112119500", "112119610", "112120270", "112120670", "112120700", "112121010", "113118620", "113119120", "113120601", "113120640", "113120751", "113121190", "113121220", "113121410", "113121980", "113122160", "113122220", "113122320", "113122510", "113122650"], "labels": [0, 1, 2, 0, 2, 3, 2, 0, 0, 0, 2, 3, 3, 0, 2, 1, 2, 0, 1, 2, 2, 0, 2, 0, 0, 3, 2, 3, 0, 0, 2, 3, 2, 2, 3, 1, 1, 2, 3, 1, 3, 3, 0, 0, 3, 0, 3, 1, 3, 2, 2, 2, 0, 1, 3, 0, 2, 1, 1, 0, 1, 1, 3, 0, 1, 2, 0, 0, 3, 1, 3, 1, 1, 1, 0, 2, 2, 1, 0, 1, 3, 0, 1, 0, 1, 1, 3, 3, 0, 3, 3, 1, 0, 0, 3, 0, 1, 3, 1, 0, 3, 1, 1, 1, 1, 1, 0, 3, 0, 3, 3, 3, 3, 0, 0, 1, 0, 3, 0, 1, 3, 3, 2, 0, 0, 2, 2, 2, 3, 3, 2, 0, 1, 1, 3, 0, 2, 3, 1, 1, 2, 2], "predicted_labels": [0, 1, 3, 0, 1, 1, 2, 0, 1, 2, 1, 1, 1, 1, 1, 1, 1, 3, 3, 2, 2, 3, 1, 3, 3, 1, 1, 3, 1, 1, 1, 1, 0, 0, 0, 0, 3, 1, 3, 1, 3, 0, 3, 3, 3, 0, 3, 3, 0, 2, 1, 1, 3, 1, 1, 1, 0, 1, 3, 3, 1, 3, 1, 1, 3, 2, 1, 1, 3, 0, 3, 0, 1, 2, 0, 1, 1, 3, 3, 1, 3, 1, 3, 1, 0, 1, 3, 0, 1, 3, 0, 1, 1, 0, 1, 0, 1, 3, 1, 1, 3, 0, 3, 1, 1, 1, 1, 0, 3, 3, 1, 0, 0, 1, 0, 1, 3, 0, 0, 1, 0, 0, 1, 1, 1, 2, 3, 1, 1, 3, 1, 3, 3, 0, 3, 3, 1, 1, 1, 1, 1, 1], "confidence_scores": [[0.8247667316173543, 0.11130514325814674, 0.008778302050250058, 0.05514982307424898], [0.22412812711892818, 0.36897241176908113, 0.21395722197245223, 0.19294223913953817], [0.19446719781255645, 0.29869731968754065, 0.19000029484770137, 0.31683518765220164], [0.6215372187855203, 0.09513832447151761, 0.05378220713426052, 0.22954224960870148], [0.22585643984371429, 0.34594739644625555, 0.1262036055469668, 0.3019925581630633], [0.14329199763228453, 0.5233820040476688, 0.0888336503599249, 0.24449234796012173], [0.0362746100510859, 0.10789893391066908, 0.7690296125622701, 0.08679684347597494], [0.5306275818467816, 0.26283237157206285, 0.12647438633387173, 0.08006566024728408], [0.09001026130922296, 0.3632379538303067, 0.39228194991345067, 0.15446983494701944], [0.043754247858365715, 0.1016444652782048, 0.703147011468315, 0.15145427539511444], [0.22378964350112207, 0.6360739117541537, 0.0435582496335146, 0.09657819511120985], [0.08778820641815643, 0.7100721546171526, 0.04091014041289007, 0.1612294985518009], [0.15228937148241212, 0.3717739353738183, 0.3529239966122615, 0.12301269653150812], [0.08062664486915681, 0.5024940853441137, 0.11918715518708267, 0.2976921145996468], [0.1594094100651681, 0.45957079637405934, 0.3217158121488234, 0.05930398141194952], [0.03918229194141794, 0.7582828061415899, 0.03931664931645123, 0.16321825260054093], [0.01845437887701122, 0.8741372412009448, 0.039778484747407444, 0.06762989517463638], [0.041960907455834064, 0.4119152975101026, 0.07097456474958462, 0.4751492302844789], [0.04731244482759931, 0.20915695602110468, 0.3409826757205202, 0.4025479234307756], [0.010688418513510387, 0.30334605014316784, 0.5644928993054894, 0.12147263203783211], [0.016794360197536686, 0.07344420671306456, 0.8868968273910536, 0.02286460569834525], [0.050611909617787436, 0.08685869726772236, 0.5760696608302707, 0.2864597322842195], [0.0838849027972539, 0.43657614812218926, 0.3828618331769152, 0.09667711590364156], [0.1526178285593043, 0.23771445391892293, 0.04264627883826626, 0.5670214386835065], [0.10978179749130203, 0.2608396063007551, 0.37504922507674565, 0.25432937113119736], [0.1899082018541297, 0.7432036164264287, 0.010457798708545159, 0.05643038301089642], [0.2757389634482222, 0.39242407247232725, 0.062237753876664144, 0.26959921020278654], [0.13241052484240368, 0.17110706696876446, 0.4506147957133308, 0.24586761247550085], [0.3833985374136375, 0.45992006854492007, 0.011518814797048837, 0.14516257924439344], [0.037350297393685394, 0.6753362811877827, 0.047103774828758285, 0.24020964658977376], [0.25503489850527966, 0.5404002693940237, 0.09632204855907638, 0.10824278354161987], [0.08459615206052479, 0.5108523052375673, 0.09367453375858795, 0.3108770089433199], [0.682166186008623, 0.06975352803736962, 0.20965450424501375, 0.03842578170899376], [0.8312084383358836, 0.04574252783296016, 0.08339154815975279, 0.03965748567140374], [0.7458925776528443, 0.044229338357097935, 0.07012277889664557, 0.1397553050934124], [0.6377692343084748, 0.04369844453455399, 0.005745275450338633, 0.31278704570663246], [0.029319590560707407, 0.08702200118050366, 0.33742271304099986, 0.5462356952177893], [0.07782532206629982, 0.3922428471474913, 0.3035060389392948, 0.2264257918469137], [0.10016163142023025, 0.3685274416447915, 0.030962143686853807, 0.5003487832481247], [0.14771936105081898, 0.5237170646095268, 0.205930420831428, 0.1226331535082259], [0.17292520109647558, 0.31657105719493783, 0.1592058905615121, 0.3512978511470744], [0.6917352516968066, 0.16802746141621422, 0.08406681457470441, 0.056170472312274775], [0.2912321538464099, 0.19918540460765863, 0.026500430423593766, 0.48308201112233795], [0.14978725843919508, 0.39836141037151684, 0.07764972152635406, 0.374201609662934], [0.12082456078127835, 0.4003928581008229, 0.07912293227465717, 0.39965964884324157], [0.44443513777146904, 0.32453513033593284, 0.04405362984518226, 0.18697610204741588], [0.25449413388717024, 0.038739515963359616, 0.09499843748690254, 0.6117679126625677], [0.057865694618794705, 0.11966278346098642, 0.47399082140620674, 0.34848070051401214], [0.4371559971503901, 0.31328403979264313, 0.04365962911495276, 0.20590033394201368], [0.020518258135457785, 0.07244980786967857, 0.7475409699966659, 0.15949096399819776], [0.2267689500750369, 0.5925390789759187, 0.11682526090142503, 0.06386671004761928], [0.02523952539201308, 0.7708416778945247, 0.04595594983932296, 0.1579628468741393], [0.06171357439976252, 0.26642884041779413, 0.3809999106257555, 0.2908576745566878], [0.07992027275589661, 0.5557369825276571, 0.09657174526146364, 0.26777099945498245], [0.11005081868454435, 0.7099980407275259, 0.00477180544516359, 0.17517933514276607], [0.20143871247535552, 0.511137171354532, 0.13567881220461805, 0.15174530396549438], [0.472652151274691, 0.3378688761530559, 0.11515433066672769, 0.07432464190552515], [0.18339838201479003, 0.4296892077130305, 0.05762910722319386, 0.3292833030489855], [0.15780629792131712, 0.09462339078199132, 0.4685793611985011, 0.27899095009819025], [0.49681755193343563, 0.039084623485248424, 0.03646706653421517, 0.42763075804710077], [0.051001748838845846, 0.6642460850283016, 0.03296534413926398, 0.2517868219935884], [0.2388471530152461, 0.4036313403477885, 0.029236682878101907, 0.3282848237588636], [0.12154921814325104, 0.7761667188115953, 0.04340959412403855, 0.05887446892111467], [0.12355576691669255, 0.5857568613732381, 0.1726526931834875, 0.11803467852658152], [0.17432468828452793, 0.2519996965297364, 0.17154474976642584, 0.4021308654193096], [0.17667202610142468, 0.2632334117643429, 0.39964514858494216, 0.16044941354929038], [0.22192256961057313, 0.42306396558686327, 0.3099545806003482, 0.04505888420221528], [0.32357732794601607, 0.5516549462641404, 0.05099303877140306, 0.07377468701844042], [0.18148220364652123, 0.1261321465603106, 0.06362999116172, 0.6287556586314482], [0.45489988201867454, 0.18396019853635362, 0.029787336936941397, 0.3313525825080305], [0.06073578341045859, 0.306654276634237, 0.3393511740506353, 0.2932587659046691], [0.6212359447091296, 0.08792927290033611, 0.012274678145026084, 0.2785601042455084], [0.05822484354902784, 0.8141975205210591, 0.11008440213081616, 0.017493233799096616], [0.03541742614527922, 0.07045719673006232, 0.8554741867474274, 0.03865119037723095], [0.4054254211173592, 0.36725925506053686, 0.032845289788981234, 0.19447003403312277], [0.07799086810202713, 0.568332054012133, 0.2983396852097334, 0.0553373926761066], [0.04952022031816894, 0.6030865468980143, 0.31520659946828355, 0.032186633315533286], [0.0724657202797455, 0.1725057082219742, 0.30595815052703823, 0.44907042097124206], [0.1674746537428484, 0.06423967326901359, 0.28142116272230644, 0.4868645102658315], [0.1223241303194145, 0.6574618526627414, 0.16562049713943217, 0.05459351987841176], [0.25295181764447094, 0.267604510741163, 0.08739563073180842, 0.3920480408825574], [0.09342697158811324, 0.5700407593005532, 0.1625090898045617, 0.17402317930677189], [0.30572862547451674, 0.1239947931784813, 0.06452663814216462, 0.5057499432048372], [0.2839710981258681, 0.49481688049141637, 0.012546635954687831, 0.2086653854280275], [0.4354611556966763, 0.46690758840887103, 0.015695986093317706, 0.0819352698011349], [0.13547252490478684, 0.6068301617671263, 0.13470910083108106, 0.12298821249700563], [0.1721854837593429, 0.09557461627158549, 0.2919869418810504, 0.4402529580880213], [0.8949593459678246, 0.015576834397578117, 0.02530030430191212, 0.06416351533268497], [0.028465075729276295, 0.8981535724390401, 0.05910697300724381, 0.014274378824439812], [0.13570077037311243, 0.2658227296766413, 0.02573616491597204, 0.572740335034274], [0.4098280260396168, 0.39564349388310166, 0.011656985917402763, 0.18287149415987883], [0.15847937331559944, 0.6427531158930798, 0.012042090422754356, 0.18672542036856618], [0.26637674087556834, 0.5773472274908776, 0.02912842635278278, 0.1271476052807712], [0.525054426761852, 0.13727388681677793, 0.09427129474131705, 0.24340039168005334], [0.24531283357009276, 0.43258009347139315, 0.01418138924591927, 0.30792568371259477], [0.5511659257221614, 0.12795475013326782, 0.04172867161612761, 0.27915065252844284], [0.016400018828502026, 0.7006380871116332, 0.103597990110813, 0.1793639039490518], [0.04994339646109059, 0.46910050018144656, 0.036865012440436044, 0.444091090917027], [0.15365686118925728, 0.6158601130920482, 0.04501725957507782, 0.18546576614361668], [0.02400532065996964, 0.36343175329451727, 0.5388774710126353, 0.07368545503287763], [0.06905502135370832, 0.24125120683909923, 0.4238152145070175, 0.26587855730017446], [0.38145153554912165, 0.24416176231823086, 0.10227592135935314, 0.2721107807732944], [0.07060103386570092, 0.19759929095705536, 0.038567784525886814, 0.6932318906513569], [0.0858370446703624, 0.6783394452811032, 0.20055054159679872, 0.035272968451735685], [0.13712559048687056, 0.6470411636702988, 0.12653819097965588, 0.08929505486317478], [0.3478875875743442, 0.41681063087835046, 0.05837789323092104, 0.17692388831638417], [0.12923496062130266, 0.6429347662229307, 0.00920573243523918, 0.21862454072052753], [0.6577379184674816, 0.014061785765076223, 0.020278911063882122, 0.30792138470356], [0.1882593286818928, 0.2372365663733994, 0.022287099059083725, 0.5522170058856242], [0.06778027634072531, 0.45035988829951673, 0.009829021224447648, 0.47203081413531056], [0.030794689802784478, 0.4688568682760909, 0.3027768960904375, 0.19757154583068717], [0.5290722499472247, 0.42750258410519637, 0.007236933633643259, 0.03618823231393542], [0.7580954415884371, 0.2019694474484103, 0.006148304633698029, 0.03378680632945461], [0.17648033871555552, 0.6904652627111101, 0.04676430486034853, 0.08629009371298595], [0.5202725368916145, 0.2818475305235358, 0.029909365942278495, 0.16797056664257118], [0.1096506413207338, 0.5629145432155006, 0.010730739814182797, 0.31670407564958275], [0.20493592285974946, 0.29641275671530026, 0.08538481147740302, 0.41326650894754746], [0.3450878053764287, 0.31938807173190015, 0.05485380040905395, 0.28067032248261725], [0.7074730206484101, 0.15069114218270166, 0.06407138380630165, 0.07776445336258686], [0.014849895156362695, 0.7555872360585498, 0.20954692929981147, 0.020015939485275958], [0.650776183511558, 0.1868381009156203, 0.009612375167363107, 0.1527733404054587], [0.395896710424034, 0.34777216213624196, 0.006762981630572625, 0.24956814580915163], [0.05053331743685694, 0.5317714081664395, 0.3922621140063524, 0.025433160390351095], [0.10690395107180588, 0.4647307280868868, 0.14688713145225804, 0.28147818938904967], [0.009642942450044522, 0.40080432030970486, 0.5196092112515304, 0.06994352598872013], [0.06992418929170591, 0.2632054244009057, 0.5531613220648527, 0.11370906424253589], [0.03130024568884244, 0.16856789290866367, 0.08828645260209099, 0.7118454088004028], [0.15555861894837153, 0.7149771839606552, 0.04803445679565981, 0.08142974029531333], [0.15586744135504296, 0.7782767052215687, 0.007887671273096048, 0.05796818215029222], [0.20903555083372696, 0.19251961572942655, 0.026013050542230357, 0.5724317828946162], [0.2612770042950585, 0.4669374080180324, 0.16702118054170764, 0.10476440714520127], [0.16941128017463236, 0.2788093244215372, 0.12008692018454807, 0.43169247521928256], [0.08805076766998178, 0.17342380342330643, 0.3040705888385704, 0.4344548400681414], [0.4786125757984492, 0.4293979456679408, 0.013728212256028969, 0.0782612662775811], [0.0477510339815803, 0.11038089813780017, 0.04287684493962903, 0.7989912229409905], [0.11786863879393362, 0.055181875463239896, 0.005328958986936085, 0.8216205267558904], [0.03543950402967434, 0.7211022714325526, 0.030591007450982585, 0.21286721708679052], [0.03798786773624135, 0.5419765990410843, 0.3540557215492616, 0.06597981167341305], [0.055697638967776686, 0.5176818761378843, 0.08905918985340086, 0.3375612950409384], [0.17259551363131462, 0.7028501580149168, 0.05170384528362914, 0.07285048307013951], [0.11921367911577375, 0.32338077228765105, 0.43921756005370005, 0.11818798854287509], [0.17308288063578006, 0.4910138120097179, 0.05097493543950659, 0.2849283719149956]]}}