{"test": {"ids": ["110114651", "108118060", "113118111", "104117200", "109120540", "112118860", "113121220", "111116530", "113121410", "111114171", "102116500", "99120010", "104111780", "113121810", "98108580", "99107300", "100116790", "110115890", "112121430", "104117630", "111118810", "98110230", "107118120", "104111990", "99108310", "113118620", "110114920", "110113591", "98120010", "105116501", "108118291", "100111270", "99108000", "108113760", "102113350", "112117571", "107114621", "112118880", "98117740", "99107640", "110118630", "105118171", "102110890", "110121720", "99108330", "111117480", "113120830", "110114561", "105112260", "102108621", "103111830", "97107920", "99109370", "107120130", "100109801", "113118511", "111119290", "106118520", "108113620", "104113190", "106120290", "101108460", "103113170", "110118810", "110121500", "112119320", "108113480", "111121351", "108114180", "105113620", "101117580", "110116170", "111116640", "111117120", "100108990", "107118820", "103110220", "102110500", "112117660", "113119930", "110117140", "112118511", "98111231", "97112170", "111119150", "103113610", "108118520", "101111990", "98113881", "101108370", "97107260", "108121410", "97105960", "99111340", "111119430", "98119591", "113121750", "107119130", "112117431", "107113180", "113120751", "108115250", "99105921", "112119120", "98108970", "111121410", "109117730", "108120280", "111120260", "98107010", "110120560", "98106680", "98109230", "113120591", "98106560", "111121220", "111115780", "105115720", "100116500", "104113000", "106121190", "103117200", "108116120", "99107500", "110118121", "98116090", "99109780", "101112160", "112120270", "112117471", "112119450", "104119340", "106118820", "107114321", "109120621", "112118701", "108113700", "101109120", "104112470", "113119700", "108114360", "107115140"], "labels": [3, 1, 1, 3, 1, 3, 3, 3, 0, 3, 1, 2, 3, 2, 0, 3, 2, 2, 2, 0, 0, 3, 3, 2, 2, 3, 3, 0, 2, 1, 3, 2, 2, 1, 3, 3, 0, 1, 2, 1, 1, 3, 0, 3, 1, 1, 3, 0, 3, 3, 3, 0, 1, 2, 0, 1, 3, 2, 3, 3, 2, 0, 3, 1, 3, 1, 0, 0, 1, 0, 3, 0, 0, 2, 2, 3, 2, 3, 0, 1, 3, 1, 1, 0, 3, 2, 0, 2, 3, 1, 2, 0, 2, 1, 3, 1, 0, 1, 0, 3, 1, 1, 1, 1, 3, 0, 3, 3, 3, 3, 0, 1, 1, 0, 1, 3, 1, 1, 2, 1, 2, 0, 1, 0, 3, 0, 2, 3, 0, 3, 3, 1, 3, 0, 1, 0, 0, 1, 1, 0, 1, 0], "predicted_labels": [3, 0, 3, 1, 1, 3, 3, 1, 3, 0, 3, 3, 3, 2, 2, 0, 0, 1, 0, 0, 3, 0, 1, 1, 1, 0, 1, 0, 2, 0, 0, 1, 3, 1, 1, 0, 3, 1, 3, 3, 2, 1, 3, 1, 2, 0, 3, 1, 3, 0, 1, 3, 0, 0, 3, 1, 1, 1, 3, 0, 1, 2, 1, 3, 1, 1, 1, 0, 1, 1, 3, 3, 3, 3, 3, 3, 1, 0, 3, 1, 3, 1, 0, 1, 1, 2, 1, 1, 0, 3, 3, 3, 2, 2, 1, 1, 1, 1, 0, 3, 1, 1, 0, 1, 1, 0, 1, 3, 1, 3, 3, 2, 2, 0, 2, 3, 1, 1, 3, 3, 1, 3, 3, 1, 3, 3, 1, 2, 1, 0, 3, 3, 2, 0, 0, 1, 0, 0, 0, 1, 1, 3], "confidence_scores": [[0.29916126003331883, 0.17179478880451485, 0.058645304909512655, 0.47039864625265365], [0.4248664690811379, 0.1301786022139877, 0.14676110078389057, 0.2981938279209838], [0.24179064046827095, 0.14952743388817116, 0.06248539897822797, 0.54619652666533], [0.16833892071648004, 0.4947456098393199, 0.14682455370189074, 0.19009091574230935], [0.23522465986271082, 0.3817121418472923, 0.11202871393762494, 0.27103448435237204], [0.17357822756281618, 0.144105250072819, 0.33511729768720405, 0.3471992246771608], [0.14497928968256207, 0.3219964441853379, 0.12180300880490666, 0.4112212573271933], [0.2730220710859019, 0.31670493838232716, 0.16712222351119166, 0.2431507670205794], [0.26350368063047835, 0.3006344678024929, 0.10909360934365825, 0.3267682422233705], [0.40385831560027025, 0.15029250687796378, 0.15012372258952264, 0.2957254549322432], [0.19423294997137658, 0.20070471428231054, 0.2684782463322815, 0.33658408941403134], [0.26264546831546365, 0.2696018883925241, 0.15672797655587234, 0.31102466673614004], [0.2179271464424949, 0.2845997538912256, 0.11391873992375863, 0.3835543597425211], [0.16482289789332738, 0.2760321491130709, 0.28430674997266, 0.2748382030209417], [0.2660266571081665, 0.156715805153266, 0.48920030563112493, 0.08805723210744267], [0.36260143452257515, 0.1974106549008002, 0.19628771288709893, 0.2437001976895259], [0.5132408029181107, 0.23104688484649816, 0.12655865062587754, 0.12915366160951347], [0.17437733172137285, 0.3330376784578491, 0.21740382016882587, 0.2751811696519523], [0.613090539231924, 0.14995826270229246, 0.060392900206547126, 0.17655829785923627], [0.32436922232268894, 0.2494657198695499, 0.18550394832283829, 0.2406611094849229], [0.26306122894137335, 0.1367231867192637, 0.06834194330487248, 0.5318736410344904], [0.37749780316373077, 0.26146679910706827, 0.16420755487128702, 0.19682784285791388], [0.28863178303963594, 0.3098370334103304, 0.11897167000935721, 0.2825595135406763], [0.23486721317713388, 0.37408127441626166, 0.19168377367095946, 0.1993677387356452], [0.29092782091181335, 0.3011668841378686, 0.1775406266051826, 0.23036466834513544], [0.44349867476047744, 0.2238322166837834, 0.17314405765485022, 0.1595250509008891], [0.28394731141523466, 0.33841925648145993, 0.10132391329404149, 0.2763095188092641], [0.47030654469863076, 0.10088871096077272, 0.08758509108433533, 0.341219653256261], [0.20594655302496073, 0.25317699223968404, 0.3337420497799348, 0.2071344049554204], [0.3646695481254712, 0.19539808024250116, 0.13487545431222858, 0.30505691731979906], [0.5478014916872808, 0.10247697886509628, 0.12759636886118889, 0.22212516058643425], [0.11502339608399459, 0.5446167845673204, 0.13947934561733413, 0.20088047373135073], [0.15236553078703385, 0.29197345712975215, 0.12285452570107072, 0.43280648638214336], [0.2245724521822029, 0.3811816983355255, 0.25593951405813914, 0.13830633542413262], [0.13959489772424546, 0.5253894350404387, 0.1528039246318168, 0.1822117426034991], [0.3501818038238172, 0.2661837628735606, 0.18614423737526808, 0.19749019592735392], [0.2116756707455731, 0.2794344202681053, 0.2008067211841055, 0.30808318780221633], [0.1765162141347411, 0.3411360192831888, 0.28473078172021943, 0.19761698486185067], [0.18421465313697746, 0.17415937453698319, 0.12134364805690272, 0.5202823242691367], [0.19243499872271433, 0.21720961972675015, 0.269846387210693, 0.32050899433984253], [0.2404392385430344, 0.236943131730689, 0.2656875679797698, 0.2569300617465068], [0.1626045351189189, 0.46239566909417334, 0.12733324912845545, 0.24766654665845228], [0.10893158545918806, 0.1561774322923643, 0.1385268835691592, 0.5963640986792884], [0.2544338345807561, 0.30942645009760184, 0.18538585013382236, 0.2507538651878198], [0.13310174595941673, 0.2446071309120037, 0.347373828973586, 0.27491729415499355], [0.34494818404731314, 0.2516623413848132, 0.14124210811468915, 0.26214736645318437], [0.2497190710148885, 0.20122265535655529, 0.2460563581775148, 0.3030019154510414], [0.23700955955031777, 0.4539934880083104, 0.13092958236590532, 0.1780673700754666], [0.18706467429633997, 0.2444220824376842, 0.1870094453001958, 0.38150379796578], [0.48635688242693764, 0.24134019701902937, 0.06442020188614125, 0.20788271866789187], [0.16335170408154343, 0.5141232860406576, 0.10511313571670439, 0.21741187416109456], [0.21951511615527539, 0.1834784458628493, 0.08552047735486776, 0.5114859606270075], [0.30859702128761896, 0.2649292345987426, 0.13274467054975833, 0.2937290735638803], [0.29447711132804366, 0.27009061966194853, 0.2678480177657848, 0.16758425124422302], [0.21643053606010373, 0.2520881552451577, 0.08113177594955967, 0.45034953274517886], [0.2146889704285317, 0.43744609316720406, 0.13028420552214132, 0.2175807308821228], [0.11716855087454607, 0.3496203536881782, 0.2817019144236724, 0.2515091810136033], [0.1388104843416913, 0.6229406677909424, 0.052650983341712074, 0.18559786452565433], [0.13297776772010061, 0.2861410777733816, 0.18362526906753437, 0.3972558854389834], [0.4128092390355737, 0.2232784945014946, 0.10867362906329643, 0.2552386373996354], [0.2670936653036693, 0.3387914952154811, 0.23612878319748792, 0.1579860562833617], [0.15178883930868536, 0.27973327471166487, 0.3447385270132372, 0.22373935896641262], [0.13821536651235783, 0.48942892986916525, 0.11036467130603861, 0.2619910323124385], [0.21960460723202924, 0.16979581526808502, 0.1606164876364994, 0.4499830898633863], [0.2884921605859899, 0.4573647681358319, 0.11011299487629977, 0.1440300764018785], [0.08079561017805394, 0.3797880973184267, 0.1697900568227498, 0.36962623568076963], [0.1240479990871734, 0.4470995530879149, 0.13822543633006143, 0.2906270114948503], [0.3525871261799136, 0.21159305892556993, 0.12025090138093628, 0.3155689135135804], [0.25055088636342737, 0.3186530022192314, 0.14767831475531004, 0.28311779666203135], [0.15981108694385274, 0.4176763500967479, 0.20447537400216861, 0.21803718895723065], [0.19067200266687492, 0.26224606339268586, 0.08602173014811193, 0.46106020379232726], [0.14996795047044303, 0.17757871015715881, 0.21797060019439235, 0.4544827391780059], [0.14423279361209615, 0.1366932448629415, 0.21914772451739586, 0.4999262370075667], [0.2195146051577909, 0.31263836646427745, 0.09796001737441462, 0.3698870110035171], [0.2308869547304003, 0.2465674981284497, 0.2559825240282391, 0.266563023112911], [0.20321633833150257, 0.30039913365196663, 0.1402570247052626, 0.3561275033112681], [0.15897914987196185, 0.37023228816683595, 0.14638659857226347, 0.3244019633889388], [0.3338908817728818, 0.20923626202010762, 0.12935961962413348, 0.3275132365828772], [0.148689303924516, 0.3593606256037393, 0.11027477202365153, 0.381675298448093], [0.3565378437582938, 0.38274069439879654, 0.13565789032414835, 0.1250635715187614], [0.17086777472783393, 0.27138790111870376, 0.24202754261959694, 0.3157167815338654], [0.20932166799533003, 0.364663414261649, 0.14710539784635632, 0.2789095198966648], [0.3277146478673116, 0.2146600124488647, 0.17721796252381022, 0.28040737716001357], [0.2163444702491147, 0.38110005072073205, 0.1548968956082276, 0.24765858342192568], [0.20708714553448604, 0.39789415776301085, 0.10148648614657092, 0.29353221055593204], [0.1770535332862661, 0.13224290321227836, 0.4035115328348815, 0.28719203066657406], [0.15945552485972084, 0.5062150459777944, 0.1386252220059926, 0.19570420715649217], [0.19458150574282335, 0.36582840841662473, 0.09684391112393748, 0.34274617471661467], [0.3680499279951613, 0.1922285292443865, 0.24546436078753234, 0.19425718197292002], [0.2158734943376586, 0.21614377066406493, 0.19497789613663932, 0.3730048388616373], [0.2387828222912619, 0.1903791291012458, 0.24323904622882472, 0.32759900237866757], [0.2467997828718797, 0.19783324486768145, 0.24826172001023078, 0.3071052522502082], [0.266400206363184, 0.1990208132197874, 0.306871244247535, 0.22770773616949366], [0.15643457754957496, 0.21290456041105912, 0.4821393273714893, 0.14852153466787682], [0.1704175672369904, 0.32869456863911145, 0.1762836765566476, 0.32460418756725073], [0.20298784330944575, 0.3630292955556831, 0.18563328182033811, 0.24834957931453308], [0.18028284658920943, 0.37643860618986885, 0.19940641349165136, 0.24387213372927055], [0.1808140528748625, 0.39017602179456345, 0.20871139539289504, 0.22029852993767898], [0.4040964650830169, 0.2111213139958334, 0.06532256916476299, 0.31945965175638663], [0.184863408513113, 0.24695257345747162, 0.2648538569294934, 0.303330161099922], [0.23650924328502318, 0.2865583764807137, 0.21335802767389558, 0.2635743525603676], [0.21853306108127907, 0.3901807211191512, 0.1477766650226318, 0.24350955277693795], [0.3235782739889908, 0.2093893206615887, 0.2346013937512554, 0.23243101159816504], [0.2364056783901791, 0.333567878287633, 0.1813411309112707, 0.24868531241091746], [0.20047506562870554, 0.36850462387083005, 0.16821503501569174, 0.2628052754847728], [0.4010873104186456, 0.23418455719396974, 0.0797530200981024, 0.2849751122892822], [0.1474953754047375, 0.45870599032218645, 0.22780803099758873, 0.16599060327548718], [0.12344296668284589, 0.20764910853879245, 0.16003022325282543, 0.5088777015255362], [0.14381418399247858, 0.5317006421114302, 0.11773641411605996, 0.20674875978003115], [0.1891046652448868, 0.25671297019257633, 0.15750755580965656, 0.39667480875288036], [0.31554661083908286, 0.18888552036493997, 0.12255408158656034, 0.3730137872094169], [0.18692590973480566, 0.29402193508203667, 0.3298455393233338, 0.18920661585982373], [0.1805811784288543, 0.2936166132609292, 0.41132032035722405, 0.11448188795299262], [0.5486911667866794, 0.14295061751289656, 0.08032123755495887, 0.22803697814546514], [0.23066199866044, 0.26352365653899934, 0.26486611376225494, 0.2409482310383058], [0.1610457864703611, 0.23278773083966572, 0.06809920201446733, 0.5380672806755059], [0.2391309234728713, 0.45889417036453817, 0.12798706476646998, 0.17398784139612053], [0.24699236252887902, 0.34957868803597414, 0.13046158800229793, 0.27296736143284883], [0.2909633018441611, 0.19849989223788772, 0.1801541979332859, 0.3303826079846654], [0.22958811275251, 0.25700960381962984, 0.13317371553994814, 0.3802285678879121], [0.14721173814875754, 0.4153789255480507, 0.1915283750525728, 0.24588096125061906], [0.200544834329837, 0.27669352847276385, 0.22557163471270042, 0.2971900024846988], [0.12020643958401032, 0.06969843061023447, 0.04732721909092034, 0.7627679107148349], [0.05686376726969285, 0.4826269953419059, 0.3136315705004678, 0.1468776668879334], [0.2356088899571098, 0.16653751487245114, 0.05674225398191847, 0.5411113411885206], [0.19045807868780956, 0.22862278303872058, 0.24158004447233106, 0.3393390938011388], [0.2740750723977228, 0.3278007621830139, 0.2320816774506069, 0.1660424879686564], [0.10267485934986792, 0.16431890535797747, 0.5423846609397386, 0.19062157435241603], [0.14592329818371863, 0.448589246115432, 0.21115358626710737, 0.19433386943374206], [0.4123287469447987, 0.2500479072143168, 0.10591478640091756, 0.231708559439967], [0.1740649524469478, 0.2994266665176982, 0.10084349541537209, 0.4256648856199817], [0.30584741726364784, 0.1935348322195166, 0.09808974191358397, 0.4025280086032515], [0.22261318168975971, 0.2247394317696084, 0.3600739319057444, 0.1925734546348875], [0.3456076817406618, 0.2448941550568789, 0.16856333093804052, 0.240934832264419], [0.5455976755722127, 0.11888419499166943, 0.06417505567325664, 0.2713430737628613], [0.21478470987995585, 0.3210234905119411, 0.18915561430339173, 0.2750361853047114], [0.34432251940457775, 0.23747564974889582, 0.25023630903239585, 0.16796552181413044], [0.36625686279643777, 0.33274530390453855, 0.12069211985137698, 0.18030571344764673], [0.2833069461070113, 0.2641428913617005, 0.27338259268700443, 0.17916756984428397], [0.23255689834102228, 0.37514190506349154, 0.18859125036731827, 0.20370994622816804], [0.18146325732838853, 0.3497031177472956, 0.19993387741774196, 0.26889974750657386], [0.20120789377540982, 0.1500439431820942, 0.27682953672951616, 0.37191862631297984]]}, "rewritten": {"ids": ["97105960", "97107260", "97107920", "97112170", "98106560", "98106680", "98107010", "98108580", "98108970", "98109230", "98110230", "98111231", "98113881", "98116090", "98117740", "98119591", "98120010", "99105921", "99107300", "99107500", "99107640", "99108000", "99108310", "99108330", "99109370", "99109780", "99111340", "99120010", "100108990", "100109801", "100111270", "100116500", "100116790", "101108370", "101108460", "101109120", "101111990", "101112160", "101117580", "102108621", "102110500", "102110890", "102113350", "102116500", "103110220", "103111830", "103113170", "103113610", "103117200", "104111780", "104111990", "104112470", "104113000", "104113190", "104117200", "104117630", "104119340", "105112260", "105113620", "105115720", "105116501", "105118171", "106118520", "106118820", "106120290", "106121190", "107113180", "107114321", "107114621", "107115140", "107118120", "107118820", "107119130", "107120130", "108113480", "108113620", "108113700", "108113760", "108114180", "108114360", "108115250", "108116120", "108118060", "108118291", "108118520", "108120280", "108121410", "109117730", "109120540", "109120621", "110113591", "110114561", "110114651", "110114920", "110115890", "110116170", "110117140", "110118121", "110118630", "110118810", "110120560", "110121500", "110121720", "111114171", "111115780", "111116530", "111116640", "111117120", "111117480", "111118810", "111119150", "111119290", "111119430", "111120260", "111121220", "111121351", "111121410", "112117431", "112117471", "112117571", "112117660", "112118511", "112118701", "112118860", "112118880", "112119120", "112119320", "112119450", "112120270", "112121430", "113118111", "113118511", "113118620", "113119700", "113119930", "113120591", "113120751", "113120830", "113121220", "113121410", "113121750", "113121810"], "labels": [2, 2, 0, 0, 1, 1, 3, 0, 3, 1, 3, 1, 3, 0, 2, 1, 2, 1, 3, 0, 1, 2, 2, 1, 1, 2, 1, 2, 2, 0, 2, 2, 2, 1, 0, 1, 2, 3, 3, 3, 3, 0, 3, 1, 2, 3, 3, 2, 0, 3, 2, 1, 1, 3, 3, 0, 1, 3, 0, 1, 1, 3, 2, 3, 2, 2, 3, 0, 0, 0, 3, 3, 1, 2, 0, 3, 0, 1, 1, 1, 1, 1, 1, 3, 0, 3, 0, 3, 1, 1, 0, 0, 3, 3, 2, 0, 3, 3, 1, 1, 0, 3, 3, 3, 1, 3, 0, 2, 1, 0, 3, 3, 3, 3, 3, 0, 0, 0, 3, 3, 0, 1, 0, 3, 1, 1, 1, 3, 0, 2, 1, 1, 3, 0, 1, 0, 1, 3, 3, 0, 0, 2], "predicted_labels": [2, 3, 3, 0, 2, 1, 1, 0, 1, 2, 0, 0, 0, 2, 3, 2, 0, 0, 0, 1, 2, 1, 1, 2, 3, 1, 2, 0, 1, 3, 1, 3, 2, 3, 3, 1, 3, 0, 0, 1, 3, 3, 1, 2, 3, 3, 1, 2, 3, 0, 2, 1, 2, 3, 1, 0, 0, 3, 1, 1, 3, 0, 1, 0, 1, 3, 3, 0, 0, 2, 3, 1, 1, 3, 1, 1, 0, 0, 3, 2, 1, 0, 0, 0, 1, 3, 0, 1, 1, 3, 0, 1, 0, 0, 2, 3, 3, 0, 1, 3, 3, 0, 1, 3, 1, 1, 1, 1, 1, 3, 0, 2, 3, 1, 0, 3, 3, 0, 0, 2, 3, 0, 1, 2, 1, 2, 1, 1, 1, 0, 1, 1, 0, 3, 1, 3, 3, 2, 3, 1, 3, 1], "confidence_scores": [[0.2811244499615407, 0.19370136267414131, 0.37002495387354334, 0.15514923349077472], [0.25448105019622663, 0.14971506859468595, 0.2733101623956997, 0.32249371881338773], [0.2093678029675, 0.17584081851657032, 0.12264292621785368, 0.49214845229807586], [0.521740154047667, 0.15824082555469393, 0.12221198511508101, 0.19780703528255789], [0.28866527767752526, 0.1673167582093992, 0.3748418334495478, 0.16917613066352774], [0.23314705535684283, 0.3937074450989121, 0.1405205930988565, 0.23262490644538864], [0.25516548019750407, 0.35788128045176576, 0.1337420261857786, 0.25321121316495143], [0.6489806039210048, 0.13757647416970273, 0.16834455011659955, 0.04509837179269294], [0.1417780233575914, 0.38712326917648093, 0.2141361221109539, 0.25696258535497374], [0.27308215573615635, 0.18992722931932624, 0.4140046619968838, 0.1229859529476336], [0.45372923649452895, 0.2345431726932913, 0.10608076780719428, 0.20564682300498557], [0.3090064962598228, 0.2589838895033161, 0.1672392462494419, 0.2647703679874192], [0.3543771829035922, 0.13505340349947473, 0.26615594694704453, 0.24441346664988875], [0.19815588561498035, 0.22036454042449344, 0.35927425126645274, 0.22220532269407373], [0.31166150778370005, 0.1555853416485635, 0.16939114999139565, 0.363362000576341], [0.12004392515148876, 0.1379630752531639, 0.5826950022752918, 0.15929799732005567], [0.551541787600605, 0.19076249862347636, 0.09590177477813662, 0.16179393899778202], [0.5446621696648059, 0.1004684271685845, 0.11105240869136099, 0.2438169944752487], [0.39343556847332234, 0.14483098873154118, 0.2300152015750237, 0.23171824122011295], [0.1337885652851747, 0.36695733178538653, 0.28986543611930915, 0.20938866681012971], [0.22624101159308088, 0.2724674803368791, 0.2979926735446885, 0.20329883452535158], [0.19225463590595634, 0.4764762940659637, 0.12188893995465733, 0.2093801300734229], [0.2971217322878244, 0.3993046067389813, 0.09919335225443322, 0.204380308718761], [0.12332407645785919, 0.3462542265910792, 0.35554607656450143, 0.17487562038656046], [0.29789955718712974, 0.2790283279203789, 0.12221592731960239, 0.30085618757288907], [0.2786018068187386, 0.3773827035373821, 0.11836271292775119, 0.22565277671612818], [0.25481352716781686, 0.25594449701209826, 0.33513431975672375, 0.15410765606336116], [0.3219863298791781, 0.27938514456442753, 0.10162492959362902, 0.2970035959627654], [0.24257242999225945, 0.39735813447724005, 0.1763317541922265, 0.1837376813382739], [0.21286992168722077, 0.2016368793188758, 0.17421284787144695, 0.4112803511224565], [0.15891026600621666, 0.39482710067166454, 0.2162591565566853, 0.23000347676543356], [0.17443719927002688, 0.1564258774125391, 0.060041135031775654, 0.6090957882856585], [0.1764029933153436, 0.2664657395654833, 0.3274669692928167, 0.22966429782635672], [0.2521434102926235, 0.2550320277494987, 0.20645037476319317, 0.2863741871946847], [0.19443811063126137, 0.2254120313747208, 0.2889092985348446, 0.29124055945917315], [0.30261145374829773, 0.3050021114419709, 0.21750658139805049, 0.1748798534116808], [0.35143105956656234, 0.18831172585935727, 0.07122679585765758, 0.3890304187164228], [0.3704081771728474, 0.11971989747622884, 0.19600544224907618, 0.3138664831018477], [0.4353420093540451, 0.18224376508154777, 0.09484747165905572, 0.28756675390535147], [0.25953367963352936, 0.3809417509920616, 0.07568030440774999, 0.2838442649666591], [0.25032553057731943, 0.16984347353136972, 0.08562324396807783, 0.4942077519232331], [0.19928094679115774, 0.23080152302170917, 0.21635488231278738, 0.35356264787434577], [0.2082713864009805, 0.3538698071705456, 0.2689487611326993, 0.16891004529577466], [0.19200381441759007, 0.221493695138229, 0.4049779909622442, 0.18152449948193683], [0.17404538579877765, 0.19509420080597, 0.298083417677707, 0.3327769957175453], [0.2135935271445431, 0.2509199390275005, 0.19850076800660524, 0.33698576582135126], [0.2227754586862031, 0.46657761801351255, 0.0705578270980495, 0.24008909620223481], [0.13957189085960992, 0.06531235635349454, 0.48596474062398354, 0.309151012162912], [0.193912057210875, 0.284536363877161, 0.2143837988318517, 0.3071677800801122], [0.37258900270838397, 0.26065737780225895, 0.10139898861851165, 0.2653546308708455], [0.23648296195960122, 0.2150966480416376, 0.3412794119706728, 0.20714097802808845], [0.30414608628641965, 0.38762268298605657, 0.1398167287829192, 0.16841450194460453], [0.1509869059675605, 0.2296431685821538, 0.40006247831716873, 0.2193074471331169], [0.3032758137270614, 0.16913264216566679, 0.11685413514750116, 0.41073740895977073], [0.22429538263259519, 0.3775801752447371, 0.14228926225445304, 0.2558351798682148], [0.3995849148760188, 0.19607968400906922, 0.1844128751042888, 0.2199225260106233], [0.36498177872985177, 0.1891525572159229, 0.2294333337956513, 0.2164323302585741], [0.11205927134086231, 0.17741464647204708, 0.14327674486187555, 0.5672493373252152], [0.12085340992057415, 0.5497183679639317, 0.1809671466423472, 0.14846107547314696], [0.1869033771009749, 0.4619548772626557, 0.1767467535643915, 0.1743949920719777], [0.23543451409240732, 0.18837660004198448, 0.08064690305345736, 0.49554198281215095], [0.3289702546274057, 0.30124486334314177, 0.2149836146620461, 0.15480126736740646], [0.3193438388618278, 0.49286963444268156, 0.06724141650745404, 0.12054511018803665], [0.31890184813336614, 0.18230715186318291, 0.18683968771378973, 0.31195131228966116], [0.22401186407659787, 0.3431474553143793, 0.22190505979544034, 0.21093562081358222], [0.19113833992102836, 0.21987653844164035, 0.12247677499233797, 0.4665083466449933], [0.18256682026678323, 0.1685577543456698, 0.20134633684462008, 0.44752908854292694], [0.40973000658128006, 0.16937357168364053, 0.10600695196116128, 0.3148894697739181], [0.34670242364276105, 0.24034923081322365, 0.08398977910224809, 0.32895856644176735], [0.28847758965446857, 0.10359293328763601, 0.3229103712637617, 0.28501910579413364], [0.31421740215317867, 0.23820252751872725, 0.12281447845856737, 0.3247655918695267], [0.2280985697974187, 0.43744164710524225, 0.11185356855014758, 0.22260621454719154], [0.12878338352162058, 0.3858363855811456, 0.25833470070688563, 0.22704553019034818], [0.24279958580786154, 0.2548962200869281, 0.23448852119892583, 0.26781567290628455], [0.24494906002407174, 0.2998851011001918, 0.21605608118643396, 0.2391097576893027], [0.1402669067666876, 0.3365496928834773, 0.2611300192948619, 0.26205338105497333], [0.4575201461888239, 0.25770425719717927, 0.11589359195375011, 0.16888200466024675], [0.4264855916692333, 0.25026679037581745, 0.24168470609038337, 0.08156291186456605], [0.24059594388056585, 0.24051681029073096, 0.1786435684538039, 0.34024367737489936], [0.17569347969291005, 0.18047246800596228, 0.49253719835645127, 0.15129685394467643], [0.20341140892329213, 0.37189901560018335, 0.2237490034040166, 0.20094057207250787], [0.419748559208926, 0.20605001546597804, 0.13287309044475268, 0.24132833488034328], [0.4329079932630142, 0.23802507278478763, 0.1604251970336941, 0.16864173691850412], [0.3977203920690905, 0.20451285554061172, 0.0907720599758964, 0.3069946924144014], [0.24667429822960277, 0.3390798854023197, 0.23317743396862695, 0.18106838239945064], [0.17301501762242663, 0.14753072419581845, 0.13263168004951525, 0.5468225781322398], [0.4518593991966411, 0.24638300191485032, 0.09857729657930442, 0.20318030230920417], [0.28964223172057824, 0.37676661782087884, 0.15350848960777658, 0.18008266085076627], [0.2140208205353914, 0.5595144560985077, 0.05283909714536354, 0.17362562622073746], [0.3331054889420884, 0.13861291285049876, 0.066484494034247, 0.46179710417316583], [0.3792629671492595, 0.17768233836971323, 0.11923393213702929, 0.3238207623439981], [0.33331283642659876, 0.4117721197550739, 0.08630069481476979, 0.16861434900355735], [0.37119792352539843, 0.19565160553517097, 0.16355152068695222, 0.26959895025247854], [0.5064482021541187, 0.23413827263391435, 0.07309313477274672, 0.18632039043922033], [0.11804321764318654, 0.2717670118686189, 0.31185838202951477, 0.2983313884586799], [0.14942598476423447, 0.28741573190053216, 0.13218044263703171, 0.4309778406982015], [0.16039939262945774, 0.17958096540140112, 0.17695801649540424, 0.48306162547373677], [0.3972808371807658, 0.17021728598866193, 0.05741711564630333, 0.375084761184269], [0.2440879320878589, 0.3745434604336438, 0.10902849550969597, 0.2723401119688014], [0.19231422940582082, 0.23285274177682475, 0.11247160634794465, 0.46236142246940987], [0.2007447143327263, 0.20453469388028564, 0.15439076609182129, 0.44032982569516677], [0.3915325128965802, 0.33389176087394556, 0.1219339570161955, 0.15264176921327874], [0.29471204653882693, 0.3634406769186528, 0.10113695100191922, 0.24071032554060115], [0.23549062703390833, 0.2019187488238904, 0.2798233376245632, 0.2827672865176382], [0.18571067750922965, 0.3571507015037322, 0.11718445502048941, 0.33995416596654887], [0.2369382619451135, 0.29885083105917, 0.18442918586385734, 0.2797817211318593], [0.22458398400501808, 0.38797729093241545, 0.2266412582556135, 0.16079746680695317], [0.23888406235733525, 0.3823790190547107, 0.12192858005419745, 0.2568083385337566], [0.18830251308907497, 0.35010902324410703, 0.18050478338820405, 0.2810836802786139], [0.3192068896957905, 0.21060816414339073, 0.112135120228481, 0.35804982593233786], [0.4584207157306788, 0.12817007210484976, 0.1145058508489616, 0.2989033613155098], [0.04747581021110586, 0.07701722207452366, 0.6211078385023167, 0.254399129212054], [0.26942300235739175, 0.2326634928749075, 0.14249526326249154, 0.3554182415052094], [0.1930173513603553, 0.3919808195027097, 0.17131173263955551, 0.24369009649737952], [0.46304512325938124, 0.17289459763300546, 0.04993994697157849, 0.3141203321360348], [0.1815751876158448, 0.2377099563893429, 0.2380519428670018, 0.3426629131278106], [0.22973020328351168, 0.30663950260492384, 0.07104641581931301, 0.3925838782922516], [0.35993044801290297, 0.2494206659084911, 0.20896960984388202, 0.18167927623472405], [0.3647959936090151, 0.25764973529968427, 0.14472724748038548, 0.2328270236109154], [0.2575198422802278, 0.22766152387134464, 0.40123984602303475, 0.11357878782539281], [0.18925588120271744, 0.20662781157530832, 0.18658643776393097, 0.4175298694580434], [0.5156438613110885, 0.21189329714287886, 0.06839175127346205, 0.20407109027257048], [0.25452273741549764, 0.35060268809864287, 0.06058573513434157, 0.33428883935151776], [0.1912969513191673, 0.21055615416430676, 0.3604185278083812, 0.23772836670814493], [0.18645979805890164, 0.4176155150386028, 0.12817487398212257, 0.26774981292037303], [0.1537922281834604, 0.27614661739251745, 0.3375412186960311, 0.23251993572799104], [0.1398403057526597, 0.4522827520302369, 0.1436720150692727, 0.2642049271478307], [0.2944161097939341, 0.3306490848357282, 0.06878634722886862, 0.30614845814146935], [0.23351676772570198, 0.3977518801396138, 0.1401730900403392, 0.22855826209434513], [0.6073210845036223, 0.09463952668074581, 0.06459403992592067, 0.23344534888971122], [0.18819230740239043, 0.3682872796509824, 0.22447425586003206, 0.21904615708659528], [0.27446068983875493, 0.3613188077568283, 0.2086564112301354, 0.1555640911742816], [0.4043565027130312, 0.21693698446080098, 0.14572492292648104, 0.23298158989968673], [0.3035601784549879, 0.24951184209486188, 0.12340574592341952, 0.32352223352673076], [0.3074762599855879, 0.4215724893131933, 0.0872561872674257, 0.18369506343379313], [0.30161045318948243, 0.1610208615963826, 0.1717082785334018, 0.3656604066807332], [0.23027613223869345, 0.31056083537697504, 0.13654245608480423, 0.3226205762995273], [0.25389192483039, 0.1742165981701624, 0.42928213484689504, 0.14260934215255255], [0.23565794237878143, 0.23044663981924662, 0.11231944830809042, 0.4215759694938816], [0.2833823713460968, 0.3118048015280139, 0.15363738223262072, 0.2511754448932686], [0.1435910243606923, 0.1906227721409332, 0.15494052836050506, 0.5108456751378694], [0.27204402296060654, 0.34578522161798025, 0.1997060959605685, 0.1824646594608448]]}}