{"test": {"ids": ["106117650", "109117080", "101113210", "97106970", "100115700", "104117200", "99108010", "107113170", "104114320", "113118511", "104113190", "97106770", "102110500", "98112580", "108114270", "111118910", "106114011", "111117000", "108120700", "113118111", "110114720", "104113380", "98116940", "113121680", "111115780", "111117200", "104117630", "97116410", "102114270", "108116120", "110115710", "106113830", "108115250", "107117630", "113118630", "109120560", "111119300", "105110251", "101108621", "104113210", "110116501", "99112531", "107119390", "109119450", "112121430", "112118820", "105116501", "99112300", "111120540", "110119300", "112116850", "104111531", "108117610", "98108520", "109114720", "113120591", "105115680", "105113480", "113118490", "110114610", "108114360", "112118701", "99110730", "113121410", "111115620", "112117210", "113117340", "98106880", "113122430", "109117630", "110117110", "107112840", "105113190", "102109010", "113117401", "103111170", "98116090", "111116170", "110118301", "110118450", "98111620", "108115500", "112118550", "110115120", "111116090", "113118810", "111121220", "101109000", "112116451", "110118111", "98108580", "99111440", "102121700", "112116990", "103109021", "101114990", "106116640", "112120270", "112118880", "103113610", "110118181", "112119980", "111119610", "105112100", "110121140", "107114280", "102113350", "113122190", "113122160", "108115570", "110119030", "101115190", "105113260", "107118490", "106119990", "107121230", "107121540", "107114490", "108114200", "111121930", "110118880", "108119550", "104114740", "98107410", "112118581", "109119340", "103111480", "104116980", "113120751", "112118530", "97113260", "113120070", "110118630", "100120010", "104113170", "110115140", "100109801", "98108410", "103109791", "99109740", "109115220", "105115380"], "labels": [1, 1, 3, 2, 1, 3, 2, 0, 2, 1, 3, 3, 3, 2, 3, 0, 1, 0, 2, 1, 3, 1, 2, 1, 1, 0, 0, 3, 3, 1, 2, 1, 1, 0, 3, 1, 1, 0, 0, 3, 3, 3, 2, 3, 2, 0, 1, 0, 1, 1, 0, 0, 3, 2, 0, 0, 2, 0, 1, 1, 1, 0, 3, 0, 1, 1, 2, 0, 2, 0, 0, 1, 3, 1, 3, 2, 0, 0, 1, 0, 3, 3, 3, 0, 3, 3, 3, 1, 0, 1, 0, 3, 1, 0, 0, 3, 3, 0, 1, 2, 1, 0, 2, 1, 3, 3, 3, 1, 3, 3, 0, 1, 3, 2, 0, 0, 2, 3, 0, 1, 0, 1, 2, 3, 1, 3, 0, 1, 1, 1, 1, 2, 1, 0, 3, 0, 0, 1, 3, 3, 3, 1], "predicted_labels": [2, 1, 1, 3, 1, 3, 1, 3, 1, 3, 1, 0, 0, 1, 0, 3, 1, 3, 3, 3, 2, 2, 1, 3, 1, 3, 0, 1, 1, 3, 1, 3, 1, 2, 3, 2, 3, 3, 3, 3, 3, 3, 2, 3, 3, 0, 0, 2, 2, 0, 3, 3, 0, 1, 2, 0, 1, 1, 0, 1, 2, 3, 1, 3, 1, 1, 1, 2, 1, 1, 2, 0, 0, 1, 3, 2, 3, 3, 1, 2, 2, 1, 1, 3, 3, 3, 0, 2, 0, 0, 1, 3, 0, 0, 3, 1, 3, 2, 2, 2, 3, 3, 2, 3, 0, 1, 3, 3, 2, 2, 1, 1, 3, 1, 3, 3, 1, 1, 0, 0, 3, 3, 1, 2, 1, 0, 3, 2, 3, 1, 3, 2, 1, 1, 1, 3, 1, 1, 0, 1, 3, 1], "confidence_scores": [[0.11285259405339439, 0.22597901052183222, 0.373634195282395, 0.28753420014237824], [0.01186893749426212, 0.8240897212518624, 0.08439399491020447, 0.07964734634367092], [0.09460156545806662, 0.7180633550704595, 0.0586249587968426, 0.12871012067463108], [0.052701109701491666, 0.09951580939098353, 0.3728244123995304, 0.4749586685079943], [0.34337973122001675, 0.2991028649545863, 0.21973918570888434, 0.13777821811651284], [0.1365823760172295, 0.35941279450606733, 0.08040139436109414, 0.4236034351156092], [0.01228323245662081, 0.9304560257864729, 0.042976063768119986, 0.014284677988786224], [0.24667650649871156, 0.21579486180396193, 0.11441668144758445, 0.4231119502497418], [0.3224417783017219, 0.3819123248670354, 0.2684531025278836, 0.027192794303359247], [0.27919971188087106, 0.25926897359058404, 0.12739823615591941, 0.3341330783726253], [0.45670837068616843, 0.4248265615511431, 0.046025545975592934, 0.07243952178709563], [0.6250093563671543, 0.1362681291911347, 0.17338158035545323, 0.06534093408625768], [0.5920827396708949, 0.01229643220235258, 0.049668423108788246, 0.3459524050179641], [0.04830512575919466, 0.5913420887355335, 0.1723683580418479, 0.1879844274634236], [0.6491408974549726, 0.2669103207255426, 0.02492107758974235, 0.05902770422974227], [0.11024119668471068, 0.14321248358766447, 0.09818416340221844, 0.6483621563254061], [0.4714398304476094, 0.4802541457035118, 0.013590970348630386, 0.03471505350024817], [0.10469951900618645, 0.2543838320638052, 0.03616635509507328, 0.6047502938349352], [0.26431641976795134, 0.22743055852676314, 0.027978662792564148, 0.4802743589127214], [0.15016947685153492, 0.2835680339096783, 0.0186437442397271, 0.5476187449990602], [0.005397405510665732, 0.0654977525207577, 0.9229034540905366, 0.006201387878040282], [0.10609428096469974, 0.37939719334665295, 0.4718893517013231, 0.042619173987324115], [0.06148233678983137, 0.8614554581117821, 0.041633936047506266, 0.03542826905088085], [0.02330900675937636, 0.4648963525713674, 0.08633085426051883, 0.4254637864087372], [0.3703704847328051, 0.3586822837743444, 0.0423530185813203, 0.22859421291153026], [0.0746289135258735, 0.18830305402182465, 0.03464081063046338, 0.7024272218218386], [0.41765125314024293, 0.22180913843594027, 0.039121528354740545, 0.3214180800690764], [0.0829855935193268, 0.3819978748496628, 0.2435982903788007, 0.29141824125220944], [0.14148365868277127, 0.5897514939617661, 0.015527691172417302, 0.25323715618304515], [0.4596450409855936, 0.057268132996576675, 0.04894935908144089, 0.43413746693638855], [0.17520986004910377, 0.2787771088587293, 0.27659399697493775, 0.2694190341172292], [0.11618549580164235, 0.21447969041109743, 0.03770447601795535, 0.6316303377693048], [0.08212241394403436, 0.3457952814065076, 0.28697879295686274, 0.28510351169259546], [0.20305627920455627, 0.06515948732315824, 0.38313656886912534, 0.34864766460316027], [0.32313658826485414, 0.29129882235144, 0.068850261200584, 0.31671432818312145], [0.005903132704426905, 0.10285874594926489, 0.8446207234256995, 0.04661739792060848], [0.05703147350939791, 0.31262484761180137, 0.025488020325963444, 0.6048556585528373], [0.09292475720713242, 0.4271512287945635, 0.02226087081819458, 0.4576631431801094], [0.1382208038082709, 0.16761202627327523, 0.027611780381151745, 0.6665553895373022], [0.2466354826854529, 0.10412436630818815, 0.09412276285072889, 0.5551173881556303], [0.11139553670602087, 0.09538696330845448, 0.005043922060788901, 0.7881735779247355], [0.1616308751304546, 0.133369383748466, 0.04350279403507729, 0.661496947086002], [0.29124727346230644, 0.08720317855076093, 0.4983934800393081, 0.12315606794762436], [0.016730289173232438, 0.09780268349315954, 0.3926129988189019, 0.4928540285147063], [0.27676709008802614, 0.2663198745162159, 0.008642716834569646, 0.4482703185611882], [0.6611514669331889, 0.09077269772044018, 0.019962613805994015, 0.22811322154037683], [0.5702428717838786, 0.164554204218634, 0.0032108080219502466, 0.261992115975537], [0.03344000205791614, 0.14868498443199227, 0.5428470369076902, 0.2750279766024013], [0.04361068311939226, 0.27024475756392274, 0.41923418863904005, 0.266910370677645], [0.5046976058164432, 0.15346692770325412, 0.06134672610107599, 0.28048874037922683], [0.20719521412715836, 0.18904479577197203, 0.05900814686825831, 0.5447518432326113], [0.3998608463784499, 0.24507776061578337, 0.030441287143823374, 0.32462010586194334], [0.6134491080744428, 0.2599372819664266, 0.007973921759613308, 0.11863968819951741], [0.2827219817915527, 0.5795497913312828, 0.013190459142840984, 0.12453776773432373], [0.024704360967454785, 0.21523869485728583, 0.6278739761569742, 0.13218296801828544], [0.6571507533682776, 0.11241476395589768, 0.0051142173828882245, 0.22532026529293628], [0.011673308028721198, 0.8615232271051517, 0.07584087013395006, 0.05096259473217712], [0.05465440157918063, 0.4939420026304253, 0.05609767363842257, 0.3953059221519716], [0.7540685610393059, 0.03288196646143195, 0.030010559663551623, 0.18303891283571047], [0.11053923402959837, 0.41664704441224987, 0.382246820753994, 0.09056690080415788], [0.03200782198969527, 0.3894184226490812, 0.49904021413907224, 0.07953354122215114], [0.33842246340611304, 0.1340134629147517, 0.021837735750891984, 0.5057263379282436], [0.22991671067527475, 0.3751191955935875, 0.07639098971647186, 0.31857310401466593], [0.13901816997848201, 0.06253108008355214, 0.0017510669605481563, 0.7966996829774177], [0.21253541564117406, 0.383699204285702, 0.21810511024675774, 0.18566026982636594], [0.05588877817740414, 0.46341822147790335, 0.40595941855375806, 0.07473358179093434], [0.07953534342995068, 0.6169845269682009, 0.14779957097372767, 0.1556805586281205], [0.05640753374529842, 0.1754200508670915, 0.600582602642229, 0.16758981274538112], [0.025914507858121716, 0.495326688769081, 0.11501637424868048, 0.3637424291241169], [0.13521736971642973, 0.6813331669978472, 0.10232060083827345, 0.0811288624474496], [0.05680463957241943, 0.40467777840181, 0.5006693612036801, 0.03784822082209041], [0.4090854350183453, 0.18272431127563996, 0.31483189451335303, 0.09335835919266179], [0.548591180880536, 0.013593635935813602, 0.010564450528482393, 0.427250732655168], [0.2956263211093299, 0.4532341087658129, 0.16229153345183908, 0.08884803667301795], [0.2541104068165575, 0.17777992780990431, 0.0860116861277043, 0.4820979792458337], [0.29915712280868484, 0.22578467839082692, 0.4098553336776058, 0.0652028651228827], [0.23033911317385233, 0.3178603687431937, 0.1353488958259929, 0.31645162225696083], [0.24669754437907324, 0.2581952168458489, 0.004337388191193137, 0.49076985058388467], [0.07369271979543929, 0.7079584092066499, 0.025595085392867756, 0.19275378560504308], [0.0178531696958573, 0.24895176746339168, 0.6578506115269396, 0.07534445131381153], [0.02476194332774293, 0.22881656782878418, 0.678071208732744, 0.06835028011072923], [0.13922227969230525, 0.49106070278725383, 0.22767088100297367, 0.1420461365174672], [0.24660320145574802, 0.4277211493928282, 0.06028166602427278, 0.265393983127151], [0.19743991037478423, 0.2350933973254395, 0.04495294510791182, 0.5225137471918646], [0.41036249112699336, 0.09624129368273035, 0.026545498435190305, 0.46685071675508605], [0.10871734085298351, 0.3083665882302882, 0.028389584284839342, 0.5545264866318889], [0.6784645892935135, 0.18449014768598224, 0.007362922071371824, 0.12968234094913267], [0.018131897502818534, 0.19962399796442956, 0.5123796055350509, 0.2698644989977009], [0.6197107693944277, 0.12618727859893344, 0.0032106434262420594, 0.250891308580397], [0.4310470952760373, 0.2650626236867896, 0.02548465582303605, 0.27840562521413714], [0.31812968770800976, 0.5253080316615312, 0.09852213660553134, 0.058040144024927964], [0.10150334578485462, 0.10307027712645889, 0.1386059693297518, 0.656820407758935], [0.507187681894017, 0.36264676662270273, 0.01061647727670135, 0.11954907420657897], [0.7541472162560302, 0.005120563625714499, 0.023894217542649265, 0.21683800257560618], [0.25834217616440525, 0.09124834164239624, 0.015097183627986302, 0.635312298565212], [0.026244801639936834, 0.7956105718863047, 0.10428966274711797, 0.07385496372664055], [0.17190146102470152, 0.06025397841900756, 0.05780776537933426, 0.7100367951769568], [0.025642799276347165, 0.3273564942000182, 0.537047077538484, 0.1099536289851506], [0.04413566290156148, 0.17496316416005792, 0.5398092003264289, 0.24109197261195156], [0.2922224658459396, 0.2695271209637668, 0.29554826182782273, 0.14270215136247127], [0.32586927945342886, 0.2791919033783317, 0.04461839440023455, 0.3503204227680048], [0.2146462809705481, 0.1829472553755342, 0.010358000241738935, 0.5920484634121789], [0.008496588290271067, 0.22342398701294516, 0.7227378999643517, 0.04534152473243194], [0.14112490832790323, 0.15002752272035347, 0.04749034169376518, 0.6613572272579783], [0.45071834133195593, 0.13320696777779434, 0.16778243163419787, 0.24829225925605158], [0.055420502040321014, 0.7875414380748531, 0.044278893177989505, 0.11275916670683639], [0.059788726489474, 0.3178506868770298, 0.17903588036319684, 0.4433247062702996], [0.06664442225286589, 0.05776465007250532, 0.4260699006343481, 0.4495210270402806], [0.01834789791544897, 0.34146299456022045, 0.5519248172820618, 0.08826429024226896], [0.3271744531449637, 0.1330358820242828, 0.3851276851499001, 0.15466197968085368], [0.15860378410112114, 0.5605179771792543, 0.024302968634218776, 0.2565752700854057], [0.007362726931322724, 0.6543699206075845, 0.293204307635153, 0.04506304482593978], [0.22006040792978288, 0.20522392705234363, 0.0335113121929077, 0.5412043528249658], [0.19293504983860807, 0.5233743743204985, 0.18127865856030936, 0.10241191728058416], [0.1673632072330811, 0.12790568546055517, 0.04230042595289126, 0.6624306813534724], [0.04909450038586417, 0.43468032691266323, 0.0451983686636839, 0.4710268040377888], [0.23986432188161386, 0.3440763805856942, 0.24896442112961942, 0.16709487640307255], [0.268931933377809, 0.4657057438710636, 0.20137038256971165, 0.06399194018141556], [0.7475102283638327, 0.13602539397651725, 0.04087455494946764, 0.0755898227101825], [0.7844366087312815, 0.02424403405070914, 0.0037180237172919827, 0.1876013335007175], [0.12660654708964275, 0.23057640359135037, 0.027616122553683186, 0.6152009267653236], [0.3224611605701446, 0.11223102720323269, 0.04043774536867057, 0.524870066857952], [0.13123310550150571, 0.5162653374479795, 0.11503635795736293, 0.2374651990931516], [0.2920948152701364, 0.07430191642279234, 0.3823678146292258, 0.2512354536778452], [0.022804909351642214, 0.4100990282443213, 0.4346895889073693, 0.13240647349666715], [0.4243783037190292, 0.24607965512651736, 0.14132834586251194, 0.18821369529194132], [0.2040468730956089, 0.305776715986724, 0.028530263322072067, 0.4616461475955953], [0.0052940267877647365, 0.15230881342161132, 0.7715827381666757, 0.07081442162394835], [0.20923423565789095, 0.20917328110558356, 0.12344622582409615, 0.4581462574124295], [0.03343766240781265, 0.6539484309029844, 0.2959506388814339, 0.016663267807768965], [0.06788653589425109, 0.04959992404515821, 0.4105946761575363, 0.47191886390305415], [0.017115805656509296, 0.03550448880395522, 0.7939433282742193, 0.153436377265316], [0.04626890076372263, 0.6596060028333401, 0.14433357937647429, 0.1497915170264631], [0.021302902867000695, 0.5592512053828939, 0.38643828513285333, 0.033007606617252244], [0.04743441752384341, 0.43819623946107544, 0.3236789212829347, 0.19069042173214623], [0.1028038620488473, 0.18957481304684695, 0.04794045927224448, 0.6596808656320615], [0.10252579872762707, 0.6172565993176132, 0.01774609758534613, 0.2624715043694136], [0.32669220550006656, 0.5515496332756377, 0.049369703733393326, 0.07238845749090245], [0.3107447841307206, 0.13867438526988451, 0.2711711148385159, 0.27940971576087925], [0.024217618093264868, 0.8620254016606235, 0.0788694068234851, 0.03488757342262631], [0.07839634753399499, 0.3924397040834304, 0.02228323965030096, 0.5068807087322739], [0.07244345158756689, 0.5827272211886046, 0.1866696278463491, 0.15815969937747926]]}, "rewritten": {"ids": ["97106770", "97106970", "97113260", "97116410", "98106880", "98107410", "98108410", "98108520", "98108580", "98111620", "98112580", "98116090", "98116940", "99108010", "99109740", "99110730", "99111440", "99112300", "99112531", "100109801", "100115700", "100120010", "101108621", "101109000", "101113210", "101114990", "101115190", "102109010", "102110500", "102113350", "102114270", "102121700", "103109021", "103109791", "103111170", "103111480", "103113610", "104111531", "104113170", "104113190", "104113210", "104113380", "104114320", "104114740", "104116980", "104117200", "104117630", "105110251", "105112100", "105113190", "105113260", "105113480", "105115380", "105115680", "105116501", "106113830", "106114011", "106116640", "106117650", "106119990", "107112840", "107113170", "107114280", "107114490", "107117630", "107118490", "107119390", "107121230", "107121540", "108114200", "108114270", "108114360", "108115250", "108115500", "108115570", "108116120", "108117610", "108119550", "108120700", "109114720", "109115220", "109117080", "109117630", "109119340", "109119450", "109120560", "110114610", "110114720", "110115120", "110115140", "110115710", "110116501", "110117110", "110118111", "110118181", "110118301", "110118450", "110118630", "110118880", "110119030", "110119300", "110121140", "111115620", "111115780", "111116090", "111116170", "111117000", "111117200", "111118910", "111119300", "111119610", "111120540", "111121220", "111121930", "112116451", "112116850", "112116990", "112117210", "112118530", "112118550", "112118581", "112118701", "112118820", "112118880", "112119980", "112120270", "112121430", "113117340", "113117401", "113118111", "113118490", "113118511", "113118630", "113118810", "113120070", "113120591", "113120751", "113121410", "113121680", "113122160", "113122190", "113122430"], "labels": [3, 2, 1, 3, 0, 3, 1, 2, 0, 3, 2, 0, 2, 2, 3, 3, 3, 0, 3, 0, 1, 0, 0, 1, 3, 3, 1, 1, 3, 3, 3, 1, 0, 3, 2, 0, 2, 0, 3, 3, 3, 1, 2, 2, 1, 3, 0, 0, 1, 3, 3, 0, 1, 2, 1, 1, 1, 3, 1, 0, 1, 0, 3, 3, 0, 2, 2, 0, 2, 0, 3, 1, 1, 3, 3, 1, 3, 1, 2, 0, 3, 1, 0, 3, 3, 1, 1, 3, 0, 0, 2, 3, 0, 1, 1, 1, 0, 1, 0, 0, 1, 3, 1, 1, 3, 0, 0, 0, 0, 1, 2, 1, 3, 1, 0, 0, 0, 1, 1, 3, 1, 0, 0, 1, 0, 0, 2, 2, 3, 1, 1, 1, 3, 3, 2, 0, 1, 0, 1, 3, 1, 2], "predicted_labels": [0, 3, 2, 3, 2, 0, 1, 1, 1, 2, 1, 3, 1, 1, 1, 1, 3, 2, 3, 1, 1, 1, 3, 2, 1, 1, 1, 1, 3, 3, 1, 0, 3, 0, 2, 3, 2, 3, 1, 0, 3, 2, 1, 1, 2, 3, 3, 3, 3, 3, 3, 3, 1, 1, 3, 3, 1, 3, 3, 3, 0, 3, 1, 1, 3, 1, 2, 3, 0, 0, 0, 2, 1, 1, 2, 0, 0, 3, 3, 2, 3, 1, 1, 0, 3, 2, 2, 2, 3, 3, 2, 3, 2, 0, 3, 1, 2, 1, 3, 1, 3, 2, 1, 1, 3, 3, 3, 3, 3, 3, 2, 1, 0, 0, 0, 1, 0, 1, 1, 1, 2, 0, 0, 2, 3, 2, 0, 1, 3, 3, 0, 3, 0, 3, 2, 0, 3, 3, 3, 2, 2, 1], "confidence_scores": [[0.7757888627219894, 0.08915052254709141, 0.09127892414852545, 0.043781690582393416], [0.06895451794622352, 0.1218476689438449, 0.14850870958688034, 0.6606891035230513], [0.07490613753778137, 0.042790908072595474, 0.5087304533661966, 0.3735725010234269], [0.10163213570518513, 0.2520058505580764, 0.22893252829478627, 0.41742948544195224], [0.09132714722484185, 0.2864018169625802, 0.4249218336857194, 0.19734920212685847], [0.5294670068290314, 0.04404117940297074, 0.14504943476016197, 0.28144237900783586], [0.2509927657946221, 0.6118710640147237, 0.03300874848647517, 0.10412742170417918], [0.230810328563764, 0.6304659629076769, 0.023836099804851348, 0.11488760872370782], [0.44125197221479523, 0.39849812082761477, 0.09451910895100857, 0.0657307980065816], [0.02087149580985085, 0.2913193905346041, 0.6503397012035325, 0.03746941245201273], [0.013135408170268406, 0.7326906706424613, 0.15437119273084987, 0.09980272845642008], [0.2872457160684416, 0.220255261922734, 0.05177001994597919, 0.44072900206284554], [0.16036836346487393, 0.7402037542016787, 0.027015402836673162, 0.07241247949677419], [0.0052630738582396955, 0.9594481312817068, 0.02586114561768022, 0.009427649242373314], [0.027466759200712676, 0.8436832320663745, 0.06909205451225092, 0.05975795422066178], [0.11893610436643509, 0.4668447679167152, 0.10313492042120617, 0.3110842072956439], [0.2482688075660693, 0.03850126446549179, 0.13520877547459148, 0.5780211524938477], [0.028827103405203267, 0.10984743194962589, 0.6692819314994557, 0.19204353314571493], [0.12804292036463644, 0.09208420310168766, 0.012071564032701099, 0.7678013125009748], [0.1395872197216878, 0.5182003225170979, 0.023125844386113557, 0.31908661337510064], [0.29777348744779963, 0.4095854667952674, 0.16335928872307326, 0.12928175703385986], [0.029223651118432, 0.462440810909467, 0.45027543413906446, 0.05806010383303676], [0.13370683109362913, 0.18147177118777993, 0.035937077652101974, 0.648884320066489], [0.037100967935630016, 0.12256740530455258, 0.537988659416943, 0.30234296734287475], [0.11613128381796252, 0.6856186275281702, 0.058890350072189276, 0.1393597385816782], [0.010676325811410403, 0.8750057613907539, 0.04162767043300737, 0.07269024236482854], [0.00743528118167276, 0.6148550201047543, 0.3343131310764175, 0.04339656763715539], [0.2759469104761755, 0.5093313123640186, 0.14392896846062803, 0.07079280869917781], [0.3675223829281614, 0.014826184360158331, 0.05355910640400219, 0.5640923263076781], [0.09793035866967113, 0.2781340755831153, 0.14009459984597025, 0.4838409659012433], [0.15954425923034485, 0.4611588351682099, 0.013866963797220735, 0.3654299418042246], [0.5196530959185808, 0.35055222802236724, 0.01484683187790796, 0.11494784418114415], [0.2680203227587333, 0.13077446812525245, 0.010182534284879119, 0.5910226748311351], [0.35402367073739893, 0.1853591186134671, 0.22096745371826182, 0.23964975693087226], [0.36328267258851754, 0.18340539291290792, 0.36460594189264867, 0.08870599260592607], [0.250000475453725, 0.24738373211432946, 0.08893895578673376, 0.4136768366452116], [0.20733076952310298, 0.31490693815717785, 0.32971178675560703, 0.14805050556411206], [0.32961389994430834, 0.2826096580923037, 0.0323371915571085, 0.3554392504062794], [0.13646382488636838, 0.3507859781376385, 0.18064573375783433, 0.33210446321815856], [0.8081714869186498, 0.11437998197142811, 0.024082984955484173, 0.05336554615443805], [0.215351498345239, 0.18478338810233239, 0.1282005334017345, 0.4716645801506937], [0.11062361239622324, 0.30108839332380005, 0.5442394086090655, 0.044048585670911536], [0.23440387121078643, 0.5027826287591209, 0.20857867511620998, 0.05423482491388286], [0.11030755975194698, 0.42455212133606807, 0.12965909024128383, 0.3354812286707013], [0.010941841788392557, 0.11388479336916689, 0.7375533098898963, 0.1376200549525442], [0.12828498251813986, 0.3061729835414095, 0.18464043568568833, 0.3809015982547622], [0.2801764089078424, 0.2919179551749883, 0.03159424724758992, 0.3963113886695794], [0.12240671730771994, 0.4508475809622393, 0.02130246112578158, 0.4054432406042588], [0.22192903389159524, 0.04899057524053688, 0.03843398087208274, 0.6906464099957851], [0.4596090560870862, 0.024684570034940387, 0.01805545529034445, 0.4976509185876291], [0.19510618254733106, 0.142460313139525, 0.050173892203965204, 0.6122596121091785], [0.07291886373101679, 0.4609440488177033, 0.05206348711993386, 0.41407360033134577], [0.11269766599514984, 0.5631583223527035, 0.12407245725700096, 0.20007155439514576], [0.009583356443572178, 0.894635821898881, 0.051412967024136225, 0.04436785463341061], [0.45184676390376505, 0.14254616437743234, 0.0018434656082509616, 0.4037636061105518], [0.08260573925475702, 0.19888842303071813, 0.06461377399329735, 0.6538920637212277], [0.4529225419994933, 0.4895126027207012, 0.022971794464786137, 0.03459306081501934], [0.22617635535519012, 0.09736565022907882, 0.06534316934666663, 0.6111148250690643], [0.1114659422365254, 0.25240205060789067, 0.3203088897346247, 0.3158231174209593], [0.20609009341985085, 0.119077077900981, 0.024885390823647602, 0.6499474378555207], [0.39109608656742334, 0.24714856025481913, 0.2712527993660841, 0.09050255381167369], [0.269544155111221, 0.1353851627936107, 0.05333015096368389, 0.5417405311314842], [0.1169180522790002, 0.693346369794962, 0.03739213719622047, 0.1523434407298175], [0.15921984052996868, 0.45365620840949, 0.32187250781043747, 0.06525144325010375], [0.21923061953104653, 0.0608440585568635, 0.28968837493400057, 0.4302369469780894], [0.18564527291203758, 0.5362018467333795, 0.1605047479287241, 0.11764813242585918], [0.2364884601647348, 0.05880104933038988, 0.5189536317283272, 0.18575685877654805], [0.018318953631785324, 0.21233223839240706, 0.02401519458088186, 0.7453336133949255], [0.3424760241197129, 0.18139024220445585, 0.2096120586711761, 0.26652167500465523], [0.7457191729931745, 0.138472776858929, 0.05582858597750273, 0.05997946417039374], [0.6266836993710166, 0.3009497609789136, 0.021741983391579962, 0.050624556258489876], [0.029207367528190656, 0.36245462398858413, 0.5527129572937243, 0.05562505118950119], [0.09238570537163736, 0.3033144383421234, 0.32985428139174455, 0.2744455748944943], [0.0666425172170834, 0.5870665018919787, 0.24387096929889568, 0.10242001159204221], [0.29627268227392595, 0.1795707745663383, 0.35310772220831094, 0.1710488209514246], [0.4925127371355058, 0.03141109039732767, 0.04700201014187709, 0.42907416232528955], [0.5560163539611195, 0.25419253911288703, 0.01735472547873302, 0.17243638144726023], [0.37617964308680385, 0.11850999791528963, 0.03467858301488059, 0.47063177598302597], [0.20403105573406827, 0.1634172656107037, 0.027602138023070225, 0.604949540632158], [0.04589766711936395, 0.24383805449908924, 0.442884008732193, 0.26738026964935374], [0.055777659899175575, 0.29524510160853756, 0.0206111716692408, 0.628366066823046], [0.007314695845879521, 0.8549034362058909, 0.03914542028007784, 0.09863644766815159], [0.1571615090340486, 0.6561625031937078, 0.10397176394442481, 0.08270422382781893], [0.4141536879805918, 0.2516218507058376, 0.03585295363411399, 0.2983715076794564], [0.020525608226978853, 0.12789585336185455, 0.23183786040182522, 0.6197406780093409], [0.005738188767917865, 0.12072698504885424, 0.8319591412965615, 0.0415756848866664], [0.11906507705153839, 0.3704811789644268, 0.4165384308465717, 0.09391531313746321], [0.006132418911377598, 0.053973960439184766, 0.9282235527804875, 0.011670067868949995], [0.17669215708186697, 0.1801681646091806, 0.05592433171464882, 0.5872153465943032], [0.146507738725784, 0.23684350736146018, 0.06803771133261056, 0.5486110425801454], [0.15396078493992524, 0.20832924755907745, 0.34490289567642113, 0.2928070718245756], [0.11824047846458854, 0.12765098100083136, 0.008351710829785931, 0.745756829704794], [0.08676170087316082, 0.25844480317788454, 0.6217962873645251, 0.03299720858442983], [0.4701661057357282, 0.30111257727164353, 0.011838050604552097, 0.21688326638807634], [0.24698210854963784, 0.2418693287681761, 0.020316965603273784, 0.4908315970789123], [0.1778969635214668, 0.5753064971981294, 0.024216519279678713, 0.2225800200007251], [0.015474436969687873, 0.20573429582576103, 0.690591300592919, 0.08819996661163228], [0.044127449408079306, 0.5681679709220128, 0.13671737954208893, 0.25098720012781905], [0.12268770600863096, 0.19278430516676476, 0.02578172307522844, 0.6587462657493757], [0.25767900052982423, 0.43565568621133866, 0.03892711747721412, 0.26773819578162306], [0.33769989724418326, 0.24809106022007746, 0.08263905034415972, 0.3315699921915795], [0.34457869605860203, 0.15913781852041978, 0.37270743894115804, 0.12357604647982011], [0.16952507599125502, 0.3959154325740074, 0.17434951040025282, 0.2602099810344849], [0.3539273516319395, 0.37177564071540353, 0.051226916166039374, 0.2230700914866175], [0.37454827102456767, 0.16186983266516647, 0.03164066507859509, 0.4319412312316709], [0.15572855318008846, 0.29123001197126264, 0.006344161216695824, 0.5466972736319534], [0.05339671266182024, 0.3738589694850399, 0.04727126005160229, 0.5254730578015379], [0.061888162664098884, 0.14009780764945445, 0.06115443695844788, 0.7368595927279987], [0.16779008858086158, 0.16636611253524178, 0.09589909225550113, 0.5699447066283954], [0.04191628305305741, 0.3823278531276252, 0.05607809061141823, 0.5196777732078985], [0.002307067285405198, 0.1390547171174174, 0.8462987244472172, 0.012339491149959936], [0.05931160424770971, 0.3678907063495039, 0.2987143908893603, 0.27408329851342644], [0.7136872576585216, 0.18524338418969608, 0.006127944931826563, 0.0949414132199556], [0.8137914156129388, 0.02080189286923213, 0.005564454736049745, 0.1598422367817794], [0.5831002191047934, 0.12992731376441488, 0.005053513838810605, 0.2819189532919809], [0.22085561850803118, 0.3831161484899992, 0.13858600038041932, 0.2574422326215506], [0.7761579511934869, 0.007854891314937808, 0.01965664907749061, 0.19633050841408467], [0.07630779319956467, 0.548818764845474, 0.3098911476995927, 0.06498229425536889], [0.02353784106773943, 0.5994256867872437, 0.36644136333214855, 0.010595108812867847], [0.40248308276522016, 0.3073126786430443, 0.07840175800115017, 0.2118024805905855], [0.05741986865393587, 0.25806571368951464, 0.3479780865310576, 0.33653633112549186], [0.3871128189627266, 0.1861369637252942, 0.022705765692442925, 0.4040444516195364], [0.5739984679863036, 0.09789613828518737, 0.018070121774980165, 0.310035271953529], [0.07087966100195485, 0.3029470103113508, 0.3748083418751194, 0.2513649868115745], [0.19935323700691218, 0.27402693907445086, 0.012673662911024978, 0.5139461610076121], [0.02123723069147142, 0.2678504852425437, 0.5911451045877921, 0.11976717947819285], [0.3060426221911017, 0.32850736175235384, 0.012407052945418169, 0.35304296311112643], [0.0722089195094195, 0.59343554445139, 0.13473793372781254, 0.19961760231137832], [0.22939880707738317, 0.17086325524535978, 0.0884264922908423, 0.5113114453864152], [0.07196817412380149, 0.2942898927419177, 0.0188119537298971, 0.6149299794043837], [0.6229376498961127, 0.0650231869657314, 0.0481417501811758, 0.2638974129569799], [0.3125389400091039, 0.17533003426051386, 0.08240422358266396, 0.4297268021477186], [0.4475258266212449, 0.2721233899232619, 0.06648942289519752, 0.21386136056029548], [0.09437028184293464, 0.35812454722734166, 0.03442012296125962, 0.513085047968464], [0.025015528510905043, 0.08166602908049311, 0.6606208343157238, 0.23269760809287815], [0.6083744292919117, 0.11057685941992001, 0.008381748598199698, 0.27266696268996865], [0.1204844275996917, 0.19708864833823792, 0.11598213017908923, 0.5664447938829813], [0.24942406082078414, 0.05793923403737762, 0.00334829751892344, 0.689288407622915], [0.03805425957596117, 0.31122666845924035, 0.11883365866277586, 0.5318854133020227], [0.03432300153621011, 0.22417843059009673, 0.6869819707214871, 0.054516597152205845], [0.0898018480120207, 0.07883949946127776, 0.4203889428240991, 0.41096970970260216], [0.01132960915404652, 0.5791881494566878, 0.16741856270118563, 0.24206367868807965]]}}