{"test": {"ids": ["107115250", "106121190", "112119120", "108115880", "97112300", "102113210", "106114011", "107119130", "110118161", "110118301", "100109330", "109115380", "102118380", "107113360", "109121410", "111117571", "112118930", "111117480", "112117790", "107116340", "108118810", "107114200", "99111930", "98116500", "103120531", "103109791", "98108410", "101111210", "113120751", "97107821", "107114280", "106115250", "100113370", "102121440", "109114220", "104111711", "113120070", "98108520", "99108520", "100111620", "113117401", "108114670", "109121640", "105120280", "111116290", "99108010", "101116130", "98107380", "111118820", "109120540", "109117150", "98109570", "111115400", "111115910", "108121351", "107118820", "103113260", "107112840", "102112301", "106116640", "112117471", "107114950", "103110050", "107113840", "109120560", "109118820", "107113260", "109114651", "105119550", "104111780", "99119830", "99111000", "112117580", "112117461", "98110680", "111117120", "104118070", "105120621", "109119460", "111116640", "112120270", "108115570", "108117360", "112117571", "110117140", "111119430", "113118231", "112116640", "109115070", "107121230", "107121640", "98110230", "113121980", "113122510", "110115250", "99108000", "113122320", "108114040", "110119300", "106119260", "111120220", "113119480", "108114360", "104118340", "112119610", "106114280", "107113170", "110116300", "101115190", "107116300", "100116790", "112116610", "113118870", "100120780", "110117870", "98111231", "103111480", "99109840", "101119591", "105117200", "103112641", "105116441", "113122120", "109117630", "100108080", "100111380", "100108990", "111116170", "111116110", "107116980", "97112170", "112120630", "111116990", "105113210", "112119930", "106113260", "103111930", "102116500", "102109010", "100115700", "98110710", "106118301"], "labels": [2, 2, 1, 3, 2, 3, 1, 1, 0, 1, 0, 3, 1, 0, 0, 3, 1, 1, 3, 3, 1, 2, 1, 2, 3, 3, 1, 2, 1, 2, 3, 2, 3, 2, 3, 1, 2, 2, 2, 3, 3, 3, 0, 3, 2, 2, 2, 1, 0, 1, 2, 1, 0, 2, 3, 3, 3, 1, 1, 3, 3, 3, 3, 3, 1, 3, 0, 3, 1, 3, 1, 2, 0, 0, 2, 2, 2, 1, 1, 0, 0, 3, 1, 3, 3, 3, 3, 0, 0, 0, 1, 3, 2, 2, 1, 2, 1, 0, 1, 1, 3, 3, 1, 2, 0, 3, 0, 3, 1, 0, 2, 1, 0, 1, 3, 1, 0, 2, 0, 3, 3, 1, 1, 0, 0, 3, 2, 0, 3, 3, 0, 3, 0, 3, 1, 3, 3, 1, 1, 1, 2, 1], "predicted_labels": [2, 2, 3, 1, 0, 1, 0, 1, 0, 1, 1, 1, 2, 0, 3, 0, 3, 3, 3, 0, 3, 1, 1, 0, 1, 2, 0, 3, 3, 0, 1, 1, 3, 1, 1, 2, 2, 1, 2, 2, 1, 1, 1, 1, 1, 1, 2, 3, 0, 1, 1, 3, 0, 0, 3, 0, 1, 1, 1, 3, 1, 3, 1, 1, 2, 1, 1, 0, 0, 1, 1, 1, 3, 3, 2, 1, 2, 3, 1, 0, 2, 0, 3, 3, 3, 1, 0, 3, 1, 3, 0, 0, 1, 1, 1, 1, 1, 3, 0, 0, 0, 0, 1, 1, 1, 3, 0, 1, 1, 3, 0, 0, 1, 3, 1, 0, 1, 2, 0, 1, 0, 1, 1, 1, 1, 0, 3, 3, 3, 0, 0, 3, 0, 3, 1, 1, 1, 2, 1, 0, 3, 0], "confidence_scores": [[0.16787686426240883, 0.28910719128207946, 0.31765032258966613, 0.22536562186584572], [0.17464862343572296, 0.303803044540911, 0.28529572527126834, 0.23625260675209767], [0.3088609536729315, 0.1857464179405456, 0.1697013837024508, 0.3356912446840724], [0.2416718057472592, 0.31302722006978717, 0.18935228008911886, 0.2559486940938348], [0.2962278513059871, 0.2727680519554831, 0.1663055678988682, 0.2646985288396614], [0.24190809820719397, 0.27155924203699905, 0.231703918848408, 0.25482874090739893], [0.3336358213598172, 0.30861736457238237, 0.1140645787009334, 0.2436822353668672], [0.27724276056701186, 0.294731970111547, 0.13269382970687194, 0.29533143961456937], [0.3177912585418456, 0.27463320398095453, 0.09263844006073055, 0.3149370974164696], [0.2588154715161275, 0.3462724176205885, 0.10647652067460105, 0.28843559018868326], [0.2870286612483089, 0.30342375888544076, 0.12912453258809586, 0.2804230472781542], [0.15001875052966324, 0.36075167523733087, 0.2491969348824448, 0.2400326393505614], [0.17966024697945857, 0.31438855757649026, 0.2772554213663371, 0.22869577407771385], [0.30798139532493574, 0.26938095819191255, 0.12013901092195606, 0.30249863556119566], [0.2769779387913914, 0.26928649618517975, 0.14727491553883165, 0.30646064948459745], [0.3467551203544399, 0.2741201476352717, 0.08562545324469571, 0.29349927876559284], [0.3197078243403176, 0.2499686715072572, 0.0841755175407002, 0.3461479866117252], [0.2539403157113817, 0.3075225289552675, 0.10643900292097458, 0.3320981524123763], [0.3340063446744576, 0.23468935844433195, 0.10475863180358205, 0.32654566507762844], [0.3071650534916663, 0.25889646077325934, 0.13005463294334837, 0.3038838527917259], [0.2814496742911075, 0.29079056975067324, 0.08643075355390764, 0.3413290024043117], [0.2783690190492167, 0.31666978740083596, 0.08777210754395388, 0.3171890860059933], [0.12807294467475758, 0.39803206093338867, 0.26534395503694946, 0.20855103935490427], [0.307953291631582, 0.2238570381324503, 0.1538698956394254, 0.3143197745965425], [0.2672823951951619, 0.31239600168973797, 0.12118110805884529, 0.29914049505625495], [0.24943119219854135, 0.23989512688702608, 0.2584502911557856, 0.252223389758647], [0.30823273529129475, 0.30306755820438636, 0.1447413811775776, 0.24395832532674114], [0.26755622084903585, 0.2658369753442859, 0.17803720359321645, 0.2885696002134619], [0.2639556639488917, 0.25905499693162665, 0.16210340832999856, 0.3148859307894828], [0.3027687298643634, 0.26341171740564195, 0.1554177564799904, 0.27840179625000444], [0.27691880103593114, 0.3283639556922776, 0.1699292376642678, 0.22478800560752352], [0.2079823903239558, 0.30971884817603157, 0.22777884319624006, 0.254519918303773], [0.23106600553477788, 0.28007850440194676, 0.1764943930184808, 0.31236109704479437], [0.1948539521527643, 0.3151212754417386, 0.23862663861985473, 0.25139813378564235], [0.22764768921366668, 0.3259694854443738, 0.21895649677472795, 0.22742632856723158], [0.1366985242035089, 0.30330218081497295, 0.3567395483708531, 0.20325974661066498], [0.16435495425772845, 0.29846257457782394, 0.30437321353591473, 0.2328092576285328], [0.3018939836507228, 0.29713263476641755, 0.09914943429484988, 0.30182394728800976], [0.15915295934203588, 0.3016121121269744, 0.3683487861711293, 0.17088614235986024], [0.25065086513094675, 0.27283610323959645, 0.2747509025835007, 0.2017621290459561], [0.29339446238006617, 0.3018745466270121, 0.10423030418434612, 0.3005006868085758], [0.2621438255653375, 0.32908854314240527, 0.1677024177879331, 0.24106521350432394], [0.208170673863907, 0.3101792759427722, 0.21303979025558525, 0.2686102599377357], [0.15801063870096113, 0.32799748603039836, 0.28353197580611655, 0.23045989946252418], [0.26365501873593117, 0.3139717136902089, 0.17470370814295952, 0.24766955943090052], [0.1879083125953734, 0.34151344701432373, 0.22553388823380296, 0.24504435215650006], [0.1743550638548282, 0.25619967264710697, 0.3138637736212483, 0.2555814898768165], [0.2443030258336351, 0.24463385245502176, 0.21722870218099358, 0.2938344195303496], [0.36092355694743167, 0.21341990876558686, 0.0937547574366687, 0.3319017768503128], [0.24808648623526483, 0.3658025227018313, 0.12707081299511044, 0.2590401780677935], [0.24456590234217207, 0.33072998652943086, 0.17131028920265698, 0.2533938219257398], [0.31179798974862866, 0.19711479970882123, 0.09209452757938734, 0.39899268296316287], [0.28883839089991287, 0.2974200481132219, 0.1728798307449579, 0.24086173024190755], [0.2510454496944302, 0.25984619530984904, 0.23237614133226547, 0.25673221366345556], [0.26881777525424166, 0.2591993749060457, 0.1500208745213987, 0.3219619753183139], [0.3182694367914647, 0.23341365462184732, 0.12151448798493422, 0.3268024206017537], [0.23337071071628715, 0.3449889617536742, 0.1890136574023801, 0.23262667012765814], [0.22730909592709744, 0.3057051158906079, 0.26853398932328293, 0.19845179885901199], [0.2606285627842249, 0.28565615050827714, 0.2049346003498347, 0.24878068635766307], [0.3065541533177036, 0.23210211604929573, 0.1312229769417262, 0.33012075369127464], [0.24846991942939353, 0.35641755845943907, 0.11701325214376088, 0.2780992699674067], [0.3091098683788023, 0.20776221134389228, 0.17120935274598295, 0.3119185675313227], [0.20264219970322717, 0.34988845667764207, 0.14307231855423244, 0.3043970250648983], [0.22194830819592887, 0.3360227492527846, 0.20187475924625586, 0.24015418330503074], [0.12025609313178914, 0.29313164844104284, 0.3384149884658417, 0.2481972699613265], [0.1845862281930757, 0.3053405675991401, 0.26765365406635727, 0.24241955014142685], [0.15954104407730568, 0.38528320946021555, 0.27935252115597653, 0.17582322530650235], [0.3380466618232153, 0.20257163091316896, 0.14743466002163252, 0.3119470472419833], [0.32243901713176876, 0.3023783667191228, 0.1164762059380256, 0.2587064102110832], [0.2631137544792344, 0.3158521482250928, 0.14744992839863846, 0.27358416889703435], [0.16859330652621965, 0.32112737867772745, 0.23201384395709873, 0.27826547083895437], [0.12655641288553332, 0.3625282494872994, 0.30930929592027806, 0.20160604170688934], [0.2674676126320735, 0.25395439081295856, 0.15865990458364324, 0.3199180919713247], [0.34058557001313033, 0.2423711814635556, 0.06411990252902357, 0.3529233459942898], [0.15871730755524685, 0.29159230017230553, 0.3781857653148493, 0.17150462695759855], [0.20983238277141092, 0.39004763210437093, 0.1545982507248048, 0.24552173439941358], [0.12113638704611447, 0.3301725561244829, 0.37334320333088056, 0.17534785349852214], [0.3524033279710353, 0.2097134833769084, 0.0653467247653269, 0.3725364638867294], [0.2466634052310964, 0.31500796971340833, 0.1565710701842714, 0.281757554871224], [0.2583042474963654, 0.2765247818119798, 0.22816744547493487, 0.23700352521672], [0.14113481475218034, 0.3473154591044185, 0.31517845789030396, 0.1963712682530975], [0.26114537965096224, 0.2376899750399874, 0.25010147307236963, 0.2510631722366811], [0.12831518516220164, 0.28401170765160944, 0.29571221051117913, 0.2919608966750098], [0.29804115135895765, 0.2860355215269503, 0.09056940126681756, 0.3253539258472742], [0.24771393419379178, 0.2719123212643699, 0.1743174425018201, 0.306056302040018], [0.20534121713481182, 0.3350773862598471, 0.199139973305715, 0.26044142329962544], [0.2964042358725968, 0.27267584910535125, 0.13952580671990947, 0.2913941083021426], [0.30115191638391664, 0.26809423830302553, 0.11874715854867518, 0.312006686764383], [0.22733720182864478, 0.39034158057258883, 0.16584817885152428, 0.21647303874724216], [0.2146424851714544, 0.31080924187949954, 0.17778494049155041, 0.29676333245749587], [0.26664010769650764, 0.26189004170417285, 0.2698871727159755, 0.20158267788334389], [0.30861020112122345, 0.27649106413077545, 0.09988306486173386, 0.3150156698862673], [0.23685978632757118, 0.3202213505865234, 0.13584270769811077, 0.3070761553877947], [0.18826420161437388, 0.3483917994083666, 0.25267568651610695, 0.21066831246115242], [0.2757336412500831, 0.28757269510056793, 0.14113239189204171, 0.29556127175730734], [0.13235511543315126, 0.33913151081868986, 0.26402891412652846, 0.2644844596216306], [0.29629474122719063, 0.3198208057212961, 0.11810699622662478, 0.2657774568248881], [0.20986091924145586, 0.294683354925255, 0.18573365933402614, 0.30972206649926276], [0.29841987036446393, 0.28465422782568967, 0.14505761141408743, 0.2718682903957589], [0.2618580997161116, 0.2762989744860715, 0.22489169420161936, 0.23695123159619735], [0.3122604868487182, 0.3128637044708208, 0.08655686771593911, 0.28831894096452176], [0.33500682441854907, 0.22710941238694635, 0.10712408818232147, 0.33075967501218345], [0.2178885492961183, 0.34384638843547527, 0.18625523878262948, 0.25200982348577694], [0.14638883349577703, 0.36739499005066606, 0.2530580768755805, 0.23315809957797629], [0.21595588022012505, 0.32663938725907765, 0.20372812226432457, 0.25367661025647226], [0.2954197851429843, 0.24797107291073697, 0.10189867932234238, 0.35471046262393635], [0.3222149668241819, 0.23888478214162168, 0.11772088728053635, 0.3211793637536602], [0.24652614334679498, 0.3484187873355116, 0.15856454897933703, 0.24649052033835636], [0.1304048461501451, 0.37182387096252667, 0.27061003028884856, 0.22716125259847958], [0.27749113182224966, 0.26024428469713173, 0.1680636838900034, 0.2942008995906153], [0.3083733958197142, 0.26411793616083173, 0.15672947767720238, 0.27077919034225195], [0.32900000372482807, 0.2771650677931979, 0.16736925841361527, 0.2264656700683587], [0.2776451973817472, 0.31808443265762265, 0.10503942471993773, 0.2992309452406921], [0.2594949682760201, 0.22950129843849337, 0.1895127208934387, 0.3214910123920477], [0.2068819485478771, 0.28454478839109937, 0.2544666618475464, 0.2541066012134771], [0.31976642283678225, 0.279014908123595, 0.11045175308932224, 0.2907669159503005], [0.2865433008550002, 0.28623619888595664, 0.13677592649356174, 0.29044457376548133], [0.1748129005980901, 0.28430179283015977, 0.27531845348253103, 0.26556685308921923], [0.34262045978077144, 0.21140463151806005, 0.1535895999913902, 0.2923853087097783], [0.27893910167520075, 0.304162847170517, 0.13788900892710085, 0.27900904222718126], [0.23651287718327055, 0.27567218735293564, 0.2098955761138649, 0.277919359349929], [0.20833452095212807, 0.3556130745555154, 0.1897891521182896, 0.2462632523740668], [0.23975621125061813, 0.3677339330556076, 0.17603998915163233, 0.21646986654214181], [0.24404627539305326, 0.3555777523319468, 0.2222338074489625, 0.1781421648260374], [0.23978873443480986, 0.354110815434757, 0.1277462489911764, 0.2783542011392566], [0.3287846800437238, 0.302137135990208, 0.08484148413751044, 0.28423669982855765], [0.22733380129904576, 0.30820728254055935, 0.16067456659277046, 0.30378434956762423], [0.3154540793239921, 0.2809470997353095, 0.07535146052067475, 0.3282473604200235], [0.2553214073184731, 0.24331153774981334, 0.16660220975594084, 0.33476484517577265], [0.32821924049408246, 0.3233246189781389, 0.14972188397104894, 0.19873425655672958], [0.3128315073773005, 0.23059991830090645, 0.15350710268088, 0.3030614716409133], [0.2664874748275277, 0.29529261386312006, 0.13939740359779812, 0.2988225077115543], [0.31502275663797785, 0.25606280238679857, 0.14420606228858912, 0.2847083786866344], [0.2912732745810034, 0.29347325142479863, 0.07814945088309162, 0.33710402311110627], [0.1858147925292715, 0.3552435195151026, 0.20889504059632444, 0.2500466473593013], [0.25584648909464547, 0.35135443276644174, 0.1976806112900911, 0.19511846684882203], [0.25210494225056373, 0.3355207862763252, 0.2327563760220022, 0.17961789545110854], [0.2281282528473322, 0.2771936754366133, 0.2567331608623596, 0.23794491085369487], [0.24195188965111977, 0.30255620122032323, 0.18023148157631205, 0.2752604275522449], [0.25573637320725295, 0.26894664837703475, 0.22193912320784218, 0.25337785520787015], [0.1858377483250387, 0.2961026983914926, 0.22574669617199863, 0.29231285711147004], [0.3476711115351654, 0.2572635267981102, 0.07766504177466053, 0.31740031989206374]]}, "rewritten": {"ids": ["97107821", "97112170", "97112300", "98107380", "98108410", "98108520", "98109570", "98110230", "98110680", "98110710", "98111231", "98116500", "99108000", "99108010", "99108520", "99109840", "99111000", "99111930", "99119830", "100108080", "100108990", "100109330", "100111380", "100111620", "100113370", "100115700", "100116790", "100120780", "101111210", "101115190", "101116130", "101119591", "102109010", "102112301", "102113210", "102116500", "102118380", "102121440", "103109791", "103110050", "103111480", "103111930", "103112641", "103113260", "103120531", "104111711", "104111780", "104118070", "104118340", "105113210", "105116441", "105117200", "105119550", "105120280", "105120621", "106113260", "106114011", "106114280", "106115250", "106116640", "106118301", "106119260", "106121190", "107112840", "107113170", "107113260", "107113360", "107113840", "107114200", "107114280", "107114950", "107115250", "107116300", "107116340", "107116980", "107118820", "107119130", "107121230", "107121640", "108114040", "108114360", "108114670", "108115570", "108115880", "108117360", "108118810", "108121351", "109114220", "109114651", "109115070", "109115380", "109117150", "109117630", "109118820", "109119460", "109120540", "109120560", "109121410", "109121640", "110115250", "110116300", "110117140", "110117870", "110118161", "110118301", "110119300", "111115400", "111115910", "111116110", "111116170", "111116290", "111116640", "111116990", "111117120", "111117480", "111117571", "111118820", "111119430", "111120220", "112116610", "112116640", "112117461", "112117471", "112117571", "112117580", "112117790", "112118930", "112119120", "112119610", "112119930", "112120270", "112120630", "113117401", "113118231", "113118870", "113119480", "113120070", "113120751", "113121980", "113122120", "113122320", "113122510"], "labels": [2, 0, 2, 1, 1, 2, 1, 3, 2, 2, 1, 2, 2, 2, 2, 2, 2, 1, 1, 0, 2, 0, 3, 3, 3, 1, 2, 1, 2, 1, 2, 0, 1, 1, 3, 1, 1, 2, 3, 3, 0, 3, 3, 3, 3, 1, 3, 2, 2, 3, 1, 3, 1, 3, 1, 3, 1, 3, 2, 3, 1, 1, 2, 1, 0, 0, 0, 3, 2, 3, 3, 2, 0, 3, 3, 3, 1, 0, 1, 0, 1, 3, 3, 3, 1, 1, 3, 3, 3, 0, 3, 2, 0, 3, 1, 1, 1, 0, 0, 1, 3, 3, 3, 0, 1, 1, 0, 2, 3, 0, 2, 0, 0, 2, 1, 3, 0, 3, 3, 1, 0, 0, 3, 3, 0, 3, 1, 1, 0, 1, 0, 3, 3, 3, 0, 3, 2, 1, 2, 1, 1, 2], "predicted_labels": [0, 0, 0, 3, 1, 0, 3, 0, 2, 3, 0, 3, 1, 1, 2, 3, 3, 1, 3, 0, 3, 0, 0, 0, 1, 0, 0, 3, 0, 1, 3, 0, 1, 0, 0, 0, 1, 1, 0, 1, 0, 0, 0, 3, 0, 0, 0, 2, 1, 3, 0, 0, 0, 1, 0, 0, 0, 3, 1, 3, 0, 0, 3, 0, 0, 0, 0, 1, 3, 0, 0, 0, 0, 0, 1, 0, 0, 3, 0, 0, 1, 1, 0, 3, 3, 3, 3, 0, 0, 1, 1, 1, 1, 3, 0, 0, 1, 0, 3, 0, 1, 3, 3, 0, 1, 1, 0, 3, 3, 3, 0, 0, 0, 1, 3, 0, 0, 1, 0, 0, 3, 3, 0, 3, 3, 3, 0, 0, 1, 1, 1, 3, 0, 0, 3, 0, 0, 0, 3, 1, 0, 1], "confidence_scores": [[0.3375686634287476, 0.2370246021020332, 0.11333543433159146, 0.31207130013762796], [0.3325191031845254, 0.23810489773052176, 0.11990330273892455, 0.30947269634602853], [0.30299471547807644, 0.26380595998601497, 0.13558564664975406, 0.2976136778861542], [0.31117002133182264, 0.2472761166291538, 0.12699539358005443, 0.31455846845896873], [0.29304048858345444, 0.31304561760994754, 0.13256616298434218, 0.26134773082225576], [0.3151773179193304, 0.27498774703703593, 0.1068657005784756, 0.3029692344651577], [0.3365231996501122, 0.19415586328911358, 0.0928827348104465, 0.37643820225032754], [0.3399814116085122, 0.24030943945698133, 0.08012441281768151, 0.3395847361168249], [0.22689187220430865, 0.2811145749998778, 0.24099119384226197, 0.2510023589535515], [0.2612021985342058, 0.266675569148869, 0.15277614067269218, 0.31934609164423294], [0.3340217029976783, 0.26698547057083505, 0.08893224174762586, 0.3100605846838608], [0.324227559104655, 0.22568911143601822, 0.10483247753716536, 0.34525085192216154], [0.21421745093067496, 0.3212175009618078, 0.18190632961349135, 0.2826587184940258], [0.23680795350356604, 0.33499540690050883, 0.1570195308811983, 0.2711771087147269], [0.19529756063274675, 0.29352181887332274, 0.3144151173677214, 0.19676550312620883], [0.17007329260173393, 0.29376636437388204, 0.2642290471281493, 0.2719312958962348], [0.2110464091281769, 0.2786095933081446, 0.2131197843398355, 0.297224213223843], [0.1736011764528681, 0.3351713515326101, 0.2513912423039283, 0.2398362297105935], [0.251785326987444, 0.2785065506660838, 0.1706153097623408, 0.2990928125841315], [0.31765989614821755, 0.29225923974556994, 0.08745501873607045, 0.3026258453701422], [0.27848788678295994, 0.2609138369337187, 0.15289824907982855, 0.30770002720349265], [0.30554027975138826, 0.27379964745339713, 0.12236335269659607, 0.2982967200986184], [0.33343232233833753, 0.29311597993589206, 0.07909474769846783, 0.29435695002730267], [0.2943395177698355, 0.24716952215147392, 0.19031014280991587, 0.2681808172687747], [0.23327279970889553, 0.304286879647057, 0.16985520566662093, 0.2925851149774264], [0.30387067812355656, 0.26472004386979425, 0.15330385703426266, 0.27810542097238655], [0.31894486588797527, 0.25513455365740606, 0.15389432182338644, 0.2720262586312325], [0.2660920215421209, 0.24201778580624747, 0.1825687161992655, 0.30932147645236624], [0.30725140338580326, 0.2749493118594768, 0.1239514259364188, 0.29384785881830117], [0.20238199494888442, 0.3210281336677137, 0.23502733614015947, 0.2415625352432424], [0.2697838514613223, 0.23827311701974807, 0.1915555748119613, 0.3003874567069683], [0.3508307053613342, 0.22484645649860416, 0.10411079356351577, 0.3202120445765463], [0.278905618307659, 0.2960297270559417, 0.14344938424237996, 0.28161527039401923], [0.3191657440707166, 0.2670673265137212, 0.11925152513020304, 0.29451540428535916], [0.27787595757132244, 0.28160995013593504, 0.16408271748561556, 0.27643137480712704], [0.2861225195486034, 0.2550434626301599, 0.1671340955630864, 0.29169992225815045], [0.26243688567260426, 0.2931434093108238, 0.18061962895930708, 0.2638000760572644], [0.246918875943928, 0.3032822573650529, 0.17975814881162522, 0.2700407178793944], [0.3060243311337317, 0.233462167649556, 0.16590614806523157, 0.2946073531514806], [0.22031868447532138, 0.3410305956335381, 0.15006803518811176, 0.28858268470302856], [0.28980985931235814, 0.26195592672687756, 0.15878766705335737, 0.2894465469074069], [0.2922163229443109, 0.2932535837262775, 0.13293285043587547, 0.28159724289353605], [0.29112566710116455, 0.2535827502849357, 0.1353481347159548, 0.31994344789794504], [0.3221689222016303, 0.2592909895381839, 0.10338312768351339, 0.3151569605766723], [0.31637237392644346, 0.26418292986619685, 0.10679532854071788, 0.3126493676666417], [0.2648864400924367, 0.27001145167281076, 0.19057497119168085, 0.2745271370430716], [0.29232726109724244, 0.29181180064919787, 0.13640890392579635, 0.2794520343277632], [0.17870119061832662, 0.28593365580273267, 0.3041496222420608, 0.23121553133687966], [0.23142590803654836, 0.3230336001472335, 0.19566303390729123, 0.2498774579089269], [0.3139317081050433, 0.2600589766374598, 0.07298692606779843, 0.3530223891896985], [0.30395574723371455, 0.2775294907895305, 0.13608818770472744, 0.28242657427202744], [0.30395940632965973, 0.2866929765801415, 0.10963599299217307, 0.2997116240980259], [0.31362925214586485, 0.2925602047735017, 0.12648240053071486, 0.2673281425499182], [0.2381594079921951, 0.30833972678668853, 0.18375831066110038, 0.2697425545600153], [0.3749979785008874, 0.2021784555225862, 0.05588808866563458, 0.36693547731089193], [0.30535576951558074, 0.3069282318138239, 0.12845136698150186, 0.2592646316890935], [0.31386866140690484, 0.3157600978119221, 0.11594166154417578, 0.2544295792369973], [0.2982070882619698, 0.2530300535495062, 0.11378921551637956, 0.3349736426721446], [0.24256574646050802, 0.2952126863822159, 0.21607483224964844, 0.24614673490762784], [0.3108742349431688, 0.2383787407880469, 0.1408317760554109, 0.3099152482133732], [0.34700077615601793, 0.24006541427109968, 0.09139899092806707, 0.32153481864481537], [0.30291763822034484, 0.2650967632579411, 0.14234225688704977, 0.28964334163466404], [0.2162894058843282, 0.25796282417916183, 0.2392028512127769, 0.28654491872373294], [0.324750512238135, 0.2730995236277169, 0.1588487512566124, 0.2433012128775357], [0.3302341141712204, 0.22571826620066876, 0.11672214650542354, 0.3273254731226875], [0.2777237178541498, 0.2789416230154602, 0.16814130535809238, 0.2751933537722976], [0.29926317042677747, 0.2745322693954462, 0.12586901720055546, 0.30033554297722087], [0.26276116335352223, 0.3166325798466233, 0.1473094412467543, 0.27329681555310026], [0.3074403287657917, 0.27835533899093123, 0.0986309225534148, 0.31557340968986225], [0.29143014216391777, 0.29269996342579374, 0.14655673610613967, 0.2693131583041487], [0.31171598759658803, 0.23217042011509656, 0.14977667307308556, 0.3063369192152298], [0.29030182613637706, 0.2740987506005794, 0.1485217175382836, 0.28707770572476005], [0.3022242339571258, 0.27016933422869915, 0.12917023880696593, 0.2984361930072092], [0.2976321984174492, 0.25320823445641655, 0.1446170692615075, 0.3045424978646267], [0.27289195080933326, 0.35878199596482274, 0.14768768965694945, 0.22063836356889488], [0.3288626650275833, 0.23677816247141187, 0.09744081791403729, 0.3369183545869671], [0.3124131714302223, 0.2696258132851874, 0.10895269403213696, 0.30900832125245337], [0.25479460048584784, 0.2828342006227688, 0.17027255267700428, 0.29209864621437903], [0.3511005772335644, 0.22576235108741535, 0.14530963537859762, 0.2778274363004226], [0.2918210637290447, 0.2851606044222147, 0.13540903085804448, 0.28760930099069637], [0.24211679434326278, 0.3266942451580315, 0.19725339675518824, 0.23393556374351732], [0.282079402368451, 0.3071485368405736, 0.15449125582032525, 0.2562808049706498], [0.27999025972553543, 0.23132404421462127, 0.21668831241939768, 0.2719973836404458], [0.28302143839022775, 0.24842593381119885, 0.1653564854708012, 0.30319614232777226], [0.22487126714402095, 0.22355423642263128, 0.23631000130425325, 0.31526449512909455], [0.29600614159306265, 0.26939266932157974, 0.08837690946614836, 0.34622427961920904], [0.32141735405101385, 0.25695317215905017, 0.09378395673787839, 0.3278455170520578], [0.2815207221239258, 0.2917089071779116, 0.17066313051249316, 0.2561072401856696], [0.3445635123068656, 0.2271936864948775, 0.11137772663741849, 0.31686507456083807], [0.23803854656045578, 0.3633712354345141, 0.17439445481661786, 0.22419576318841214], [0.20116299339014865, 0.32060798868108065, 0.2269910526108934, 0.2512379653178774], [0.26589175248652264, 0.3243136155166134, 0.14953847270004988, 0.2602561592968143], [0.26783083239753364, 0.32014762495234395, 0.18782976482546804, 0.2241917778246548], [0.2601854229905064, 0.2803098205274706, 0.16982066114510508, 0.28968409533691797], [0.2853313702352436, 0.2860886015812428, 0.1361762587509832, 0.2924037694325305], [0.3088484856687016, 0.3016055506599609, 0.11099653096537324, 0.2785494327059643], [0.21303453004791756, 0.2893289264723349, 0.23049236188291983, 0.2671441815968276], [0.3281974578979781, 0.2484260225750194, 0.10556570467590097, 0.31781081485110163], [0.26623666523792483, 0.2671597343285303, 0.17616324528117258, 0.2904403551523721], [0.32054785064655855, 0.26181776262764106, 0.09726480729089892, 0.3203695794349015], [0.2864069945960174, 0.30613640856768226, 0.13505837446712102, 0.2723982223691792], [0.2773066305346035, 0.2653154551408363, 0.14992449761174897, 0.3074534167128108], [0.27057422608178333, 0.2654303417987444, 0.16679777013356925, 0.29719766198590325], [0.3283900061542053, 0.2679220927108332, 0.10587088017568216, 0.29781702095927925], [0.2740485185862214, 0.30902748328581414, 0.12709534285105245, 0.2898286552769123], [0.27109161561900774, 0.30119603287911834, 0.1607065683821009, 0.267005783119773], [0.297815378978247, 0.2853489889956873, 0.17847531524553964, 0.2383603167805259], [0.26378162790741505, 0.2540474922719095, 0.1975608693722017, 0.2846100104484734], [0.2674648225042482, 0.23877788402557204, 0.16006860623599936, 0.3336886872341802], [0.2954417060784334, 0.28599547091250765, 0.08952185333188893, 0.32904096967716995], [0.28835982552154216, 0.2903120798663667, 0.15263686883012642, 0.2686912257819646], [0.2817325055499148, 0.26197219262861604, 0.17978198642774218, 0.27651331539372687], [0.3903865796065161, 0.19357152937755062, 0.07372716309517817, 0.3423147279207549], [0.2479449922421575, 0.3490332895086971, 0.13514065681772422, 0.26788106143142093], [0.29583323882152646, 0.2514393679882389, 0.12006454777682653, 0.332662845413408], [0.36592444151870396, 0.23007693264444223, 0.0795014863493349, 0.32449713948751885], [0.3504762122867485, 0.2170756771169798, 0.09655847646698192, 0.33588963412928985], [0.249468722712033, 0.29923602656283393, 0.1805140966823693, 0.2707811540427636], [0.3282177603331153, 0.2881166120014451, 0.07885260124567456, 0.3048130264197651], [0.32080931670252605, 0.27487551068916427, 0.1667536923124136, 0.23756148029589594], [0.28861748038141266, 0.2634594738329045, 0.13444522786719382, 0.3134778179184892], [0.35628787558787317, 0.21136970943003283, 0.07121051995852165, 0.3611318950235724], [0.31755774351609406, 0.276025979430437, 0.09925322089748831, 0.3071630561559806], [0.31980948701092554, 0.2559444100856904, 0.10384459241971918, 0.32040151048366494], [0.30225832103234107, 0.2567320236383277, 0.10624214362790617, 0.3347675117014248], [0.31653455671819536, 0.23298858343272932, 0.12191390337559951, 0.32856295647347605], [0.3429937378039053, 0.21214465485827627, 0.09317953200284185, 0.35168207533497675], [0.2592549140717965, 0.25962013924638894, 0.22932027589779855, 0.25180467078401586], [0.2645494297451194, 0.29044296970409705, 0.19209943113358877, 0.25290816941719474], [0.16261304277776872, 0.3427497674795493, 0.26605254413371027, 0.2285846456089717], [0.1906248529623188, 0.3133540496126458, 0.2616088628884296, 0.2344122345366058], [0.3104924225580297, 0.24986686010289, 0.11512440593597417, 0.3245163114031059], [0.32836231366088375, 0.2700003408023733, 0.0880258756451144, 0.3136114698916286], [0.3490951991436852, 0.23430041083715683, 0.1212856351344317, 0.2953187548847262], [0.28951446025000427, 0.28040713312361704, 0.1206030742726325, 0.3094753323537462], [0.3398104831753392, 0.2254800539285739, 0.09193467943650381, 0.3427747834595831], [0.2755968807489955, 0.2927263502428741, 0.15424540504526818, 0.27743136396286217], [0.31184569698569226, 0.26198100675495817, 0.1322558421131422, 0.2939174541462072], [0.26128181293884023, 0.28591334658078615, 0.1464788450823092, 0.30632599539806427], [0.23707080979647543, 0.3347459780831579, 0.17700102605221327, 0.2511821860681534], [0.35150752377378086, 0.24858984373712348, 0.08473471323861204, 0.31516791925048365], [0.22857838053265672, 0.3101944294611375, 0.21589272803375956, 0.24533446197244616]]}}