{"test": {"ids": ["108118301", "109114220", "102114270", "102110500", "99105921", "104109311", "110114950", "110119030", "98108580", "105117351", "111115910", "100110050", "108121160", "97109570", "112119950", "109117110", "110118880", "106113170", "112118620", "102113981", "106114150", "112118161", "98120530", "110114651", "97118210", "113118421", "102112030", "113121980", "99109860", "108113740", "111115780", "112119500", "111117120", "110118630", "110114321", "103111830", "113117340", "106116850", "110119300", "113119320", "108118810", "103111110", "97106600", "104114740", "111116110", "97107040", "99113260", "108114270", "105116650", "110120640", "112117660", "108120280", "113118820", "106120290", "109114030", "105113260", "103111480", "105112100", "113120830", "109117080", "100120010", "109116750", "102116340", "103112470", "102111990", "113122120", "99121440", "101113210", "97116800", "101108080", "105115720", "111120591", "110115250", "101109000", "107113550", "100113370", "103113170", "107114280", "105116501", "104114320", "106116120", "103111170", "105118740", "97116790", "109121410", "113121680", "100109980", "113118231", "108117610", "111117200", "98107010", "108115500", "112121010", "106118301", "103111620", "111116990", "112121430", "105116980", "103113210", "99111000", "113118111", "97107950", "111118301", "99109311", "97113900", "113122320", "100113210", "105112130", "101112160", "111121930", "101111310", "110116300", "102110850", "108114200", "103109021", "104116800", "105116860", "109113281", "100117420", "98119591", "113120260", "113122430", "107115140", "100116790", "106120640", "104116980", "99110730", "100109330", "112118930", "98110230", "105113440", "100108260", "100111620", "106115120", "106119990", "97110950", "113119120", "99109840", "108113480", "104112201", "110117140", "105115380"], "labels": [1, 3, 3, 3, 1, 3, 0, 0, 0, 0, 2, 3, 2, 0, 0, 1, 0, 0, 3, 1, 1, 0, 1, 3, 2, 3, 2, 2, 2, 3, 1, 2, 2, 1, 1, 3, 2, 3, 1, 1, 1, 3, 3, 2, 3, 2, 0, 3, 1, 0, 0, 3, 0, 2, 1, 3, 0, 1, 3, 1, 0, 0, 3, 1, 2, 1, 2, 3, 0, 0, 1, 1, 1, 1, 0, 3, 3, 3, 1, 2, 1, 2, 1, 2, 0, 1, 1, 3, 3, 0, 3, 3, 2, 1, 0, 0, 2, 0, 3, 2, 1, 2, 3, 1, 2, 1, 0, 1, 3, 1, 3, 3, 3, 0, 0, 1, 2, 0, 2, 1, 3, 2, 0, 2, 3, 1, 3, 0, 1, 3, 0, 3, 3, 1, 0, 3, 3, 2, 0, 0, 3, 1], "predicted_labels": [3, 3, 1, 3, 1, 3, 3, 3, 3, 1, 3, 1, 1, 0, 3, 1, 3, 1, 1, 3, 1, 0, 1, 0, 1, 3, 1, 1, 1, 3, 1, 1, 1, 3, 0, 0, 1, 2, 3, 1, 1, 3, 1, 1, 3, 1, 1, 1, 1, 1, 3, 3, 0, 3, 0, 3, 3, 3, 3, 1, 1, 1, 1, 1, 1, 1, 1, 1, 0, 3, 3, 0, 1, 1, 3, 1, 1, 1, 0, 1, 3, 1, 1, 1, 1, 3, 1, 1, 3, 3, 0, 1, 3, 0, 0, 3, 1, 3, 1, 1, 1, 1, 1, 1, 3, 3, 3, 3, 3, 3, 3, 3, 1, 1, 3, 3, 1, 1, 3, 3, 1, 3, 3, 1, 1, 3, 2, 0, 3, 1, 1, 3, 0, 3, 0, 3, 0, 2, 3, 3, 3, 3], "confidence_scores": [[0.23855200355200357, 0.2762264402264403, 0.18281819569319568, 0.30240336052836053], [0.2053245643245644, 0.245478798978799, 0.21813510101010106, 0.33106153568653574], [0.19187166999667002, 0.29614814352314356, 0.2345521561771562, 0.27742803030303026], [0.25843596681096676, 0.23688218317630091, 0.2106578601137425, 0.29402398989899], [0.25539430014430015, 0.3614702380952382, 0.1423282828282828, 0.2408071789321789], [0.2644319153069154, 0.22187905150405146, 0.22127318106729874, 0.2924158521217345], [0.2295515873015873, 0.2534325396825397, 0.21255880230880242, 0.3044570707070708], [0.25636660275998513, 0.2683287039757628, 0.18209920634920634, 0.2932054869150459], [0.192935420788362, 0.24897391987097875, 0.24244897463647466, 0.31564168470418474], [0.2854092712842713, 0.3242500000000001, 0.11402236652236648, 0.2763183621933622], [0.2663708097458097, 0.25777992840492847, 0.16379545454545455, 0.3120538073038074], [0.17334762459762454, 0.31141941391941397, 0.21910076035076037, 0.2961322011322012], [0.2424409520218344, 0.3334985161896926, 0.17312788600288603, 0.250932645785587], [0.31231912531912537, 0.21985977910977902, 0.19955071317571313, 0.2682703823953823], [0.27882773732115834, 0.28230304417804414, 0.13975301087801084, 0.29911620762278657], [0.2292495698745699, 0.3230370324120325, 0.20731535131535136, 0.2403980463980464], [0.2785430957930958, 0.27511009823509824, 0.14937706737706735, 0.29696973859473874], [0.2595447885447884, 0.30271567321567316, 0.17895696460402344, 0.25878257363551493], [0.2509052683427684, 0.30277303252303256, 0.17023075535575533, 0.2760909437784439], [0.280371617353235, 0.28662265512265517, 0.1350535061343885, 0.2979522213897214], [0.2478659673659674, 0.2788773718111953, 0.2592425352425353, 0.21401412558030206], [0.3243109635462576, 0.2813806944689299, 0.13526999960823485, 0.25903834237657786], [0.18211487123987122, 0.3018846137522609, 0.2233424369747899, 0.2926580780330781], [0.35840386002885993, 0.2503728354978355, 0.1312245670995671, 0.2599987373737374], [0.222383658008658, 0.27424712460741874, 0.2315920876509113, 0.27177712973301216], [0.22330226717726717, 0.2833803973803974, 0.19357330659536548, 0.29974402884697005], [0.15579610667110658, 0.31138600125364835, 0.2773934831508361, 0.255424408924409], [0.24319721618251042, 0.3054892387024741, 0.16881378915202447, 0.2824997559629912], [0.19807810245310248, 0.4059803807303809, 0.16194461094461093, 0.23399690587190594], [0.2464716741591741, 0.2689203296703297, 0.1706256382506382, 0.31398235791985785], [0.20770659405953532, 0.31015642486598377, 0.20937038655788662, 0.27276659451659446], [0.25804612054612064, 0.2936882284382284, 0.18495881895881897, 0.26330683205683203], [0.22568139376962906, 0.3250066245029481, 0.18435860667110662, 0.2649533750563162], [0.19460642135642137, 0.27100681956931966, 0.22448071373071377, 0.3099060453435454], [0.31812823287823294, 0.22847104284604292, 0.2044456515706515, 0.24895507270507278], [0.28595833333333326, 0.25187683150183154, 0.17932356532356525, 0.28284126984126984], [0.2348946678321678, 0.30194864857364856, 0.177648532023532, 0.2855081515706517], [0.16503678266178265, 0.28870381007881, 0.2897110528360528, 0.25654835442335444], [0.21188232600732598, 0.30818208180708184, 0.1466161269286269, 0.3333194652569654], [0.2864624819624819, 0.3042901681651682, 0.17222299922299922, 0.23702435064935068], [0.18877454163483567, 0.35215541974365494, 0.19059192768016292, 0.2684781109413463], [0.26881465756465756, 0.25310037878787883, 0.20512682456432452, 0.27295813908313915], [0.2796132964257965, 0.3185420829170829, 0.1695827228327228, 0.23226189782439796], [0.21331818181818182, 0.2769372294372296, 0.24122438672438679, 0.26852020202020205], [0.2681729797979797, 0.2361152597402598, 0.1796367382617383, 0.3160750222000223], [0.2528994547119547, 0.2733194444444446, 0.22785496447996448, 0.24592613636363642], [0.1870717338217338, 0.2882082084582085, 0.24353114940614945, 0.28118890831390825], [0.21796290882320296, 0.2996589162471516, 0.2123208237840591, 0.2700573511455866], [0.16227164502164498, 0.30158387445887447, 0.24562067099567103, 0.29052380952380963], [0.20397809829059824, 0.3465988615143027, 0.2174914925760514, 0.2319315476190477], [0.23651965395715407, 0.2760738705738707, 0.1708288933288933, 0.31657758214008225], [0.2285452325452325, 0.2652084443334444, 0.23374500499500495, 0.2725013181263182], [0.31902863802863807, 0.23083986846486862, 0.16613690476190476, 0.2839945887445887], [0.21689224664224663, 0.26142279942279945, 0.2176491286491286, 0.30403582528582535], [0.3138576631701632, 0.25732334332334333, 0.16999666305916303, 0.25882233044733044], [0.25128843378843385, 0.25946865634365646, 0.19177111777111777, 0.29747179209679203], [0.2615864380717322, 0.2585861417993771, 0.17184227455550974, 0.30798514557338097], [0.2595635475635476, 0.2395181207681208, 0.21993247030747032, 0.28098586136086134], [0.20047707847707844, 0.27251755883005874, 0.20146921134421134, 0.3255361513486514], [0.22628037730243616, 0.36060683270977384, 0.1860678210678211, 0.2270449689199689], [0.2317738046267458, 0.28188926514661816, 0.21352501583383937, 0.27281191439279673], [0.20585667110667105, 0.3229879148629148, 0.18961897824397828, 0.2815364357864359], [0.21553388278388275, 0.3079132256632256, 0.217526085026085, 0.25902680652680665], [0.23277885309135304, 0.27609549478299483, 0.27330891330891344, 0.2178167388167388], [0.20376888389388392, 0.34700564713064724, 0.1986832611832612, 0.25054220779220787], [0.24443725392254811, 0.33131967215790753, 0.15377627111450645, 0.2704668028050381], [0.18056739094239094, 0.30034446822527316, 0.2985692014383966, 0.22051893939393927], [0.2323611874236873, 0.3256047355422355, 0.14725541125541122, 0.2947786657786658], [0.31145337301587306, 0.27775224081474076, 0.13810497835497834, 0.2726894078144078], [0.23227985209235213, 0.28862355699855696, 0.17256123737373735, 0.30653535353535366], [0.2327263708513709, 0.2629854728604728, 0.21512520812520805, 0.28916294816294813], [0.33309006271506286, 0.2457651515151515, 0.15602007714507712, 0.2651247086247087], [0.2268898462648463, 0.3228868353868354, 0.1789608585858587, 0.2712624597624598], [0.25279517704517707, 0.2865629162504163, 0.200393981018981, 0.26024792568542565], [0.18947642635142636, 0.2822323232323232, 0.2312413697413697, 0.29704988067488075], [0.22371851269645396, 0.3329346523574466, 0.2034133456412868, 0.2399334893048128], [0.18084669497169498, 0.3210824314574314, 0.21525658369408374, 0.2828142898767898], [0.21200822461851876, 0.31545303879127407, 0.1813351566733919, 0.29120357991681534], [0.26837436174936175, 0.2598231768231769, 0.20398555611055613, 0.2678169053169054], [0.1750069236319237, 0.3229947691197691, 0.24759727772227774, 0.25440102952602944], [0.265213999236058, 0.24485779008573128, 0.19149098124098113, 0.2984372294372295], [0.24945849289599295, 0.3168473817848818, 0.15393036130536128, 0.27976376401376407], [0.21887627650127645, 0.29376352813852824, 0.23305369630369643, 0.25430649905649916], [0.19914062326562326, 0.34725713175713174, 0.22125979575979574, 0.23234244921744918], [0.22674837662337663, 0.30666282328782324, 0.1803419913419914, 0.28624680874680875], [0.20429635642135652, 0.2906641414141415, 0.21232660395160394, 0.29271289821289825], [0.1911799556652498, 0.2862311218193572, 0.2611165280797633, 0.26147239443562986], [0.25439081751581755, 0.306018883893884, 0.19062806637806634, 0.24896223221223224], [0.1977094155844156, 0.2829977106227107, 0.2278763875013875, 0.29141648629148637], [0.2708101310454251, 0.26087538727612264, 0.15409536868360402, 0.3142191129948484], [0.27515373515373515, 0.27354128510378506, 0.19991742285492287, 0.251387556887557], [0.2223995726495727, 0.29310350760350756, 0.23895358807858824, 0.2455433316683318], [0.23948647186147176, 0.280562388999889, 0.16498288517038517, 0.31496825396825406], [0.3397372835497836, 0.21623554917304916, 0.1503313492063492, 0.2936958180708181], [0.2696938429217842, 0.26392740266269693, 0.21574287722081842, 0.2506358771947009], [0.26048600500806396, 0.24287961548255668, 0.14678470140970143, 0.34984967809967826], [0.24578914141414143, 0.2539949494949495, 0.25063780663780677, 0.24957810245310239], [0.2238580447330448, 0.2907990620490621, 0.18210474247974243, 0.30323815073815075], [0.18876338938838938, 0.31884938672438684, 0.23206555944055945, 0.2603216644466645], [0.2467968975468976, 0.3299183802308804, 0.1970398629148629, 0.22624485930735935], [0.27644011544011543, 0.33235864135864146, 0.17307723812135578, 0.21812400507988752], [0.17631071706071696, 0.29659738872238867, 0.2906287878787878, 0.23646310633810644], [0.26609108946608945, 0.29528841991341986, 0.15770214507714506, 0.2809183455433457], [0.2735976384726385, 0.34331981906981923, 0.15700252525252525, 0.2260800172050172], [0.205180395992896, 0.2611572524697525, 0.2645193001443002, 0.2691430513930514], [0.23782985070485071, 0.2590346320346321, 0.18228941891441897, 0.32084609834609845], [0.20528544576338692, 0.2689476601829543, 0.17812690985485108, 0.34763998419880765], [0.23214070651570662, 0.27034799922299935, 0.2099429320679321, 0.28756836219336224], [0.19794228687978688, 0.28658044733044735, 0.2126666666666667, 0.30281059912309916], [0.2642497502497503, 0.259050518925519, 0.16857527195027192, 0.308124458874459], [0.23833295870795873, 0.2535815434565435, 0.25056446331446336, 0.2575210345210345], [0.2351139416139416, 0.2546802503052503, 0.19415149719561484, 0.31605431088519337], [0.24847454628704635, 0.2826235431235432, 0.20596734259892155, 0.26293456799048903], [0.2300798425430779, 0.31633491426873783, 0.2409348845598846, 0.21265035862829978], [0.2836839826839827, 0.2649433621933622, 0.1488929473304473, 0.30247970779220784], [0.231247890997891, 0.2661005036630037, 0.20829491341991344, 0.294356691919192], [0.18594435140023374, 0.33196743697479003, 0.23977999288293414, 0.2423082187420422], [0.28920386925166325, 0.29348271744595267, 0.1771664850672203, 0.2401469282351636], [0.24026752414252417, 0.26870081307581317, 0.20612852425352426, 0.2849031385281386], [0.27493068043068064, 0.25476551226551236, 0.19491720779220778, 0.27538659951159955], [0.24805032467532473, 0.3182429653679654, 0.22464249639249645, 0.20906421356421365], [0.21187121212121213, 0.26857166444666447, 0.19608970196470188, 0.3234674214674215], [0.23543679931179928, 0.26837425768675766, 0.22029951298701295, 0.2758894300144301], [0.21391071428571426, 0.2729226190476191, 0.24982936507936512, 0.2633373015873017], [0.17945569299981068, 0.30276022588522594, 0.2367130230880231, 0.2810710580269405], [0.17910081585081591, 0.31156836219336237, 0.17737727550227553, 0.3319535464535464], [0.1824949494949494, 0.295029761904762, 0.31281493506493496, 0.20966035353535362], [0.2958987401487402, 0.27471861471861486, 0.14327183927183926, 0.28611080586080584], [0.23425154298316073, 0.28854252691752696, 0.17690095035683268, 0.3003049797424798], [0.21925002081252085, 0.30595242951492957, 0.18721710234210234, 0.28758044733044735], [0.19529839604839608, 0.33843122155622163, 0.1731203102453102, 0.29315007215007205], [0.2124773282273282, 0.2891019813519813, 0.20317124542124548, 0.29524944499944505], [0.25544638694638694, 0.247656204906205, 0.24241246253746257, 0.2544849456099455], [0.17454118104118102, 0.27981286075036077, 0.1618486444111444, 0.38379731379731374], [0.27526172438672447, 0.2744376456876457, 0.18160588023088026, 0.2686947496947497], [0.28573609233903363, 0.21793272005772008, 0.17914898989898984, 0.31718219770425654], [0.3103194256723669, 0.28442526917526917, 0.12691630591630593, 0.27833899923605804], [0.20489508775538187, 0.2741134478266832, 0.2925678961561314, 0.22842356826180357], [0.18941172716172713, 0.2930455447330448, 0.20379074397824393, 0.3137519841269842], [0.2715345071595073, 0.2450425824175824, 0.12748809523809523, 0.35593481518481535], [0.22883412420912422, 0.25941143578643583, 0.20911392773892776, 0.30264051226551236], [0.16686850649350646, 0.2959984321234323, 0.2356817626817627, 0.3014512987012987]]}, "rewritten": {"ids": ["97106600", "97107040", "97107950", "97109570", "97110950", "97113900", "97116790", "97116800", "97118210", "98107010", "98108580", "98110230", "98119591", "98120530", "99105921", "99109311", "99109840", "99109860", "99110730", "99111000", "99113260", "99121440", "100108260", "100109330", "100109980", "100110050", "100111620", "100113210", "100113370", "100116790", "100117420", "100120010", "101108080", "101109000", "101111310", "101112160", "101113210", "102110500", "102110850", "102111990", "102112030", "102113981", "102114270", "102116340", "103109021", "103111110", "103111170", "103111480", "103111620", "103111830", "103112470", "103113170", "103113210", "104109311", "104112201", "104114320", "104114740", "104116800", "104116980", "105112100", "105112130", "105113260", "105113440", "105115380", "105115720", "105116501", "105116650", "105116860", "105116980", "105117351", "105118740", "106113170", "106114150", "106115120", "106116120", "106116850", "106118301", "106119990", "106120290", "106120640", "107113550", "107114280", "107115140", "108113480", "108113740", "108114200", "108114270", "108115500", "108117610", "108118301", "108118810", "108120280", "108121160", "109113281", "109114030", "109114220", "109116750", "109117080", "109117110", "109121410", "110114321", "110114651", "110114950", "110115250", "110116300", "110117140", "110118630", "110118880", "110119030", "110119300", "110120640", "111115780", "111115910", "111116110", "111116990", "111117120", "111117200", "111118301", "111120591", "111121930", "112117660", "112118161", "112118620", "112118930", "112119500", "112119950", "112121010", "112121430", "113117340", "113118111", "113118231", "113118421", "113118820", "113119120", "113119320", "113120260", "113120830", "113121680", "113121980", "113122120", "113122320", "113122430"], "labels": [3, 2, 2, 0, 3, 2, 2, 0, 2, 3, 0, 3, 1, 1, 1, 1, 2, 2, 3, 2, 0, 2, 3, 0, 1, 3, 3, 0, 3, 2, 2, 0, 0, 1, 3, 3, 3, 3, 3, 2, 2, 1, 3, 3, 0, 3, 2, 0, 0, 3, 1, 3, 3, 3, 0, 2, 2, 1, 1, 1, 1, 3, 0, 1, 1, 1, 1, 2, 0, 0, 1, 0, 1, 1, 1, 3, 1, 0, 2, 3, 0, 3, 0, 0, 3, 0, 3, 3, 3, 1, 1, 3, 2, 0, 1, 3, 0, 1, 1, 0, 1, 3, 0, 1, 3, 3, 1, 0, 0, 1, 0, 1, 2, 3, 0, 2, 0, 3, 1, 1, 0, 0, 3, 1, 2, 0, 2, 2, 2, 1, 3, 3, 0, 3, 1, 3, 3, 1, 2, 1, 1, 2], "predicted_labels": [0, 1, 2, 0, 0, 1, 1, 3, 3, 0, 1, 3, 0, 1, 0, 1, 1, 1, 1, 1, 1, 1, 3, 3, 3, 1, 0, 3, 3, 1, 1, 3, 3, 0, 1, 1, 3, 0, 1, 1, 1, 0, 1, 1, 0, 1, 3, 3, 3, 0, 1, 1, 3, 3, 0, 1, 0, 1, 1, 3, 3, 3, 1, 1, 1, 3, 2, 1, 3, 1, 1, 3, 1, 3, 3, 2, 0, 0, 3, 3, 3, 1, 3, 3, 3, 1, 1, 1, 3, 0, 1, 0, 3, 0, 0, 3, 1, 1, 1, 1, 0, 0, 1, 1, 3, 0, 1, 0, 1, 1, 1, 1, 3, 3, 3, 1, 0, 0, 0, 3, 3, 0, 1, 1, 1, 3, 3, 3, 1, 1, 0, 0, 0, 3, 3, 1, 1, 3, 1, 3, 1, 1], "confidence_scores": [[0.2972909382284383, 0.25643578643578646, 0.15937080974580972, 0.2869024655899657], [0.23250108225108224, 0.2923160173160175, 0.1980568181818182, 0.2771260822510822], [0.1772398920523921, 0.26585918248418255, 0.3334964133089134, 0.22340451215451224], [0.3116900876900877, 0.2567723665223665, 0.17454620379620384, 0.256991341991342], [0.3046643217893219, 0.2345508658008658, 0.1925041486291487, 0.2682806637806638], [0.28021334915084917, 0.28022966616716627, 0.2100853035853036, 0.22947168109668115], [0.25595487845487847, 0.3015630133755135, 0.21307951076701076, 0.22940259740259752], [0.25645222832722825, 0.24788465700965695, 0.22998043623043615, 0.26568267843267857], [0.2302689393939395, 0.25674345344198285, 0.20261152491299544, 0.3103760822510821], [0.2920753413253413, 0.2787662337662338, 0.18708880008880013, 0.24206962481962502], [0.26714790275084394, 0.26921490111196006, 0.21345598845598843, 0.25018120768120766], [0.26856305173584594, 0.2678385907393262, 0.1858771008403361, 0.277721256684492], [0.27847770285270296, 0.26778925241425244, 0.17592382617382618, 0.2778092185592186], [0.25626667776667783, 0.30624746087246096, 0.18912662337662337, 0.24835923798423795], [0.32294967532467533, 0.27153751803751813, 0.1479861111111111, 0.25752669552669555], [0.28858836996337006, 0.30717411754911766, 0.13531825119325117, 0.2689192612942612], [0.20842387840917254, 0.30822532206355746, 0.23880212026535563, 0.2445486792619146], [0.24671320346320344, 0.3030304695304697, 0.19552129814629812, 0.2547350288600289], [0.24039824064824053, 0.27042344461094475, 0.25753352203352203, 0.23164479270729274], [0.23224332611832607, 0.35194035131535123, 0.19482016594516594, 0.2209961566211566], [0.23718284493284508, 0.2670794205794207, 0.2532245670995671, 0.24251316738816742], [0.2389427051706463, 0.2809625445933495, 0.2750460717902668, 0.20504867844573726], [0.24679947829947843, 0.2851584387834388, 0.17069233982391874, 0.2973497430931642], [0.2769624819624819, 0.28165670114199526, 0.1284418767507003, 0.31293894014482254], [0.1821493645243645, 0.2765335359085359, 0.23506826506826514, 0.3062488344988345], [0.16464069264069262, 0.3533347763347765, 0.2069318086883876, 0.27509272233614346], [0.28591383616383614, 0.22273036685536687, 0.21362352924852923, 0.2777322677322677], [0.25243439893439895, 0.2755031826833298, 0.18084533685268983, 0.2912170815295815], [0.22896334221334222, 0.2503320984570985, 0.25776652514152515, 0.2629380341880343], [0.2464298618048618, 0.29864187201687203, 0.19837276612276608, 0.2565555000555002], [0.24022645410145416, 0.28100447469197476, 0.23255141386391398, 0.24621765734265733], [0.21298214285714295, 0.27345995670995676, 0.22343614718614715, 0.29012175324675327], [0.2763880772005772, 0.26763257575757565, 0.1398204365079365, 0.3161589105339107], [0.2755188422688423, 0.24640542790542802, 0.2124852508602508, 0.26559047896547894], [0.2038424214674215, 0.33558029470529477, 0.249332042957043, 0.21124524087024085], [0.2587491674991675, 0.30617087079587085, 0.14665535853035855, 0.28842460317460317], [0.24311959935489344, 0.2684721446853801, 0.21229034037857575, 0.27611791558115084], [0.31619376456876463, 0.24612452416864186, 0.17530783513871753, 0.26237387612387625], [0.198267655955156, 0.3251735764235765, 0.19552693140193142, 0.2810318362193362], [0.220229908979909, 0.28089418914418923, 0.21901911976911986, 0.2798567821067821], [0.195757215007215, 0.2903491214667684, 0.24218388719124018, 0.27170977633477633], [0.3512907370407371, 0.2835116966366967, 0.10760569985569983, 0.2575918664668665], [0.1786232656232656, 0.3241521117771118, 0.2290621045621046, 0.26816251803751817], [0.17859217171717173, 0.32622438672438653, 0.22090061327561333, 0.2742828282828283], [0.3136306818181819, 0.25926991758241763, 0.15597401209901204, 0.2711253885003885], [0.2667173382173383, 0.3461902958152958, 0.14358659396159393, 0.24350577200577198], [0.25279978354978355, 0.3012429653679655, 0.14188311688311683, 0.3040741341991342], [0.23970478132978137, 0.3024965173715174, 0.15154304029304028, 0.306255661005661], [0.22300523088023094, 0.287554834054834, 0.20043495883201765, 0.2890049762329176], [0.3009039502164502, 0.26305564574314577, 0.1405108225108225, 0.29552958152958164], [0.25851505439005434, 0.2808862803862804, 0.2146825396825397, 0.24591612554112552], [0.1692401348651348, 0.37569787157287154, 0.21543037956195846, 0.23963161400003508], [0.2096575091575092, 0.24205010267510263, 0.2504847513597515, 0.2978076368076369], [0.2819165417915418, 0.26810101010101, 0.12493162393162391, 0.32505082417582415], [0.3575933845566198, 0.21135708654091018, 0.14729305416805416, 0.2837564747344159], [0.24746214202464198, 0.2849762043512044, 0.2084334068709068, 0.2591282467532467], [0.2872140914640915, 0.2860499639249639, 0.19557779720279722, 0.23115814740814739], [0.26512984237984244, 0.30266792929292924, 0.15852460733710727, 0.273677620990121], [0.19370934620934618, 0.34431175257491053, 0.20575873943308148, 0.2562201617826619], [0.2809823232323232, 0.22970526695526708, 0.2068955627705629, 0.2824168470418471], [0.22643541181041185, 0.27455994005994017, 0.21373340548340555, 0.2852712426462427], [0.23437086524586526, 0.2873831307581309, 0.17168898207056102, 0.306557021925443], [0.2634445138195139, 0.2997988816738817, 0.17979136141636143, 0.2569652430902432], [0.19155284992784996, 0.29040079365079374, 0.2598212481962483, 0.2582251082251082], [0.22934794372294376, 0.3250209235209236, 0.21594859307359304, 0.2296825396825396], [0.2890046897546898, 0.27934957770987195, 0.12987760768643122, 0.3017681248490073], [0.2231776348651348, 0.2508244949494951, 0.27606240981240976, 0.24993546037296038], [0.2346393716577542, 0.30920775221510516, 0.18917808090602214, 0.2669747952211188], [0.22376785714285713, 0.31875198412698424, 0.11925228937728932, 0.33822786935286947], [0.26637633200133193, 0.31537137862137865, 0.1536307581307581, 0.2646215312465314], [0.2529650627150627, 0.32526118326118336, 0.19270472582972584, 0.2290690281940282], [0.27581576756576764, 0.2395636724386725, 0.16034873459873458, 0.32427182539682553], [0.2276724386724388, 0.278862012987013, 0.22436958874458873, 0.2690959595959596], [0.19572696747696752, 0.29544686563436556, 0.1858978313353314, 0.3229283355533355], [0.2101172438672438, 0.2590315656565657, 0.22039615939615934, 0.3104550310800311], [0.1624489538239538, 0.28587497918747923, 0.30969690032190017, 0.24197916666666677], [0.362536075036075, 0.23032167832167832, 0.10681962481962479, 0.3003226218226218], [0.33873845598845614, 0.24539430014430028, 0.18893596681096686, 0.22693127705627705], [0.20963972138972134, 0.25780339105339106, 0.20531536519036517, 0.32724152236652243], [0.19619390331890338, 0.25896861471861476, 0.20994642857142856, 0.33489105339105335], [0.2090814393939393, 0.28706547619047623, 0.20963392857142857, 0.294219155844156], [0.22057548007548, 0.330253996003996, 0.19250674325674327, 0.2566637806637807], [0.2741917943167943, 0.21964235070485072, 0.18330654761904763, 0.3228593073593074], [0.19451603951603944, 0.28923448773448784, 0.21945043845043835, 0.2967990342990345], [0.24004398379398384, 0.22296701909201908, 0.1786795843045843, 0.35830941280941275], [0.19489663114663117, 0.32024794649794663, 0.22781295093795098, 0.25704247141747133], [0.2018818542568544, 0.30623008935508944, 0.20689285714285713, 0.2849951992451991], [0.25636760461760466, 0.29027056277056273, 0.22281417193917202, 0.23054766067266072], [0.20264802925832331, 0.2783553448185802, 0.17505062176385697, 0.3439460041592395], [0.3147087948815889, 0.2549925091248621, 0.1289456752397929, 0.30135302075375603], [0.23276478750008167, 0.331803951767187, 0.17109649255972784, 0.2643347681730036], [0.3328837273837275, 0.21921746309246307, 0.16095333832833833, 0.28694547119547115], [0.23521411921411928, 0.2739838772338773, 0.1598288794538794, 0.330973124098124], [0.36349741924741935, 0.20897270784770788, 0.1457021312021312, 0.28182774170274166], [0.2960096847596848, 0.2231372377622378, 0.18871725496725503, 0.2921358225108225], [0.25750847763347773, 0.1832773407148407, 0.22104826423576435, 0.33816591741591734], [0.26159103396603395, 0.28074482461982464, 0.228895979020979, 0.22876816239316244], [0.1974547364400306, 0.3186379372261725, 0.20225437634261162, 0.2816529499911853], [0.20517765567765564, 0.3618066378066378, 0.19036022311022308, 0.24265548340548349], [0.23631529581529587, 0.3136257215007215, 0.1721075036075036, 0.2779514790764791], [0.3224047619047619, 0.25642959817959815, 0.1300071595071595, 0.29115848040848047], [0.2914829892329893, 0.2805830280830281, 0.13929473304473303, 0.2886392496392498], [0.228910533910534, 0.3285260564598802, 0.1962836052836053, 0.2462798043459808], [0.2549544552669552, 0.30910921717171724, 0.2146199841824842, 0.22131634337884343], [0.2537488203231238, 0.25998036767154414, 0.16405624930624932, 0.3222145626990829], [0.3393847402597401, 0.2088867243867244, 0.1738203116328116, 0.27790822372072377], [0.20055982905982908, 0.3339332056832058, 0.17696608946608944, 0.2885408757908758], [0.3156861610611611, 0.28148995448995456, 0.1560167748917749, 0.2468071095571096], [0.24514132395382393, 0.31190440115440127, 0.1826343795093795, 0.2603198953823955], [0.24463943001443, 0.32881583694083694, 0.1509819624819625, 0.27556277056277073], [0.25893351093351097, 0.2831737567987569, 0.17644161394161384, 0.28145111832611847], [0.22446996957291077, 0.2953196019666608, 0.18796421633921645, 0.2922462121212122], [0.2583715728715729, 0.26715764790764784, 0.16795220057720056, 0.30651857864357884], [0.2560643895578105, 0.2424447705072706, 0.23841742285492284, 0.263073417079996], [0.23167317078346497, 0.2585406595038948, 0.22214362598186121, 0.28764254373077913], [0.2300083527583528, 0.33224451243201253, 0.19810301504051517, 0.23964411976911973], [0.34908133206662606, 0.19387296608620141, 0.13087746159069688, 0.32616824025647567], [0.32922687728937733, 0.26698593073593074, 0.12603309884559882, 0.2777540931290931], [0.3884154595404597, 0.21310407647907648, 0.13192909867909866, 0.26655136530136525], [0.26270243645243646, 0.2924335664335666, 0.1448295454545454, 0.3000344516594517], [0.27848275335775335, 0.2740983460983461, 0.15176533189033187, 0.29565356865356873], [0.36918417366946776, 0.2578529305661659, 0.1550699219081572, 0.21789297385620926], [0.26754623154623147, 0.30368356643356637, 0.19825593850593848, 0.23051426351426357], [0.23277911957323724, 0.2990040931290931, 0.19950877308965548, 0.2687080142080142], [0.231380106005106, 0.3109799783549784, 0.20011459373959362, 0.2575253219003218], [0.314831774950196, 0.21130837218337223, 0.1364697802197802, 0.3373900726466516], [0.22770063270063276, 0.272325036075036, 0.2257837995337995, 0.2741905316905317], [0.18626531801531804, 0.2705973054723055, 0.27023412698412697, 0.2729032495282495], [0.23366014541014543, 0.2952166167166167, 0.18669610944610948, 0.28442712842712864], [0.26668997668997674, 0.3203369408369409, 0.13785041347541338, 0.2751226689976691], [0.3181996614496614, 0.2413730158730159, 0.19259379509379498, 0.24783352758352753], [0.31468573093573105, 0.24071760184260185, 0.16107382894882893, 0.28352283827283836], [0.31381650375768033, 0.30437453477894666, 0.13670321916645448, 0.24510574229691875], [0.2940946830946831, 0.2289498556998558, 0.16024571955821953, 0.3167097416472417], [0.22273995448995446, 0.2944341075591076, 0.17712914862914858, 0.3056967893217894], [0.22407303807303816, 0.34263920801420794, 0.2061388888888888, 0.22714886502386505], [0.2527605311355312, 0.2708402222777223, 0.21180239898989897, 0.26459684759684765], [0.23091888666888657, 0.2584717365967366, 0.19521374458874458, 0.3153956321456321], [0.2441942640692641, 0.2918573232323233, 0.19295616883116884, 0.27099224386724385], [0.2211917943167943, 0.288918525918526, 0.19124850149850153, 0.2986411782661783], [0.23200688200688188, 0.31025518925518925, 0.17302962315462317, 0.28470830558330573], [0.24412341498370915, 0.3161889764647117, 0.20596936274509808, 0.233718245806481]]}}