{"test": {"ids": ["105115570", "104116441", "105114220", "99112300", "107113180", "113119360", "110119891", "105116090", "111119580", "102112030", "110116441", "103110840", "105116860", "112120290", "111116990", "97114170", "110117200", "100109801", "100113370", "112118860", "107120260", "111118820", "109118161", "100108990", "100109360", "110115980", "111120190", "109117600", "110114321", "107121640", "108116501", "112116880", "99108520", "104113240", "111117000", "111115910", "112116850", "112119500", "108116070", "111121930", "113117340", "100109311", "104117200", "108119550", "109116040", "112121010", "103113610", "104114740", "112119450", "100108260", "108117610", "98108520", "113118111", "99105921", "99108890", "105115250", "111120260", "99119830", "112120670", "98110710", "97113900", "111120540", "98117740", "112118161", "97112830", "97110950", "102112250", "110117080", "98106111", "100110050", "106121190", "98107010", "110120531", "109120560", "101111620", "106119260", "101114990", "106116640", "105115680", "105113620", "112118810", "108114670", "113118231", "113122150", "109121640", "110116300", "113121680", "100113210", "113120260", "100111390", "110115140", "101108080", "99108010", "102109850", "104114240", "103120730", "108120260", "104113190", "105115900", "107120010", "112116610", "102121700", "109120540", "97118210", "105113260", "109114220", "107119130", "101113210", "101112540", "113122230", "112117790", "100117420", "113121010", "111116750", "113118690", "108113480", "108114360", "110117110", "108116120", "110115580", "98121790", "98107410", "101121640", "101111310", "105111990", "109117150", "108113620", "112120540", "112117571", "112118620", "109117730", "107113550", "113118511", "112118421", "103113270", "104113000", "109117080", "104111711", "100115700", "99107640", "98111670", "113118870"], "labels": [0, 1, 3, 0, 3, 0, 3, 1, 3, 2, 3, 1, 2, 1, 0, 2, 3, 0, 3, 3, 1, 0, 0, 2, 0, 1, 3, 1, 1, 1, 0, 0, 2, 2, 0, 2, 0, 2, 1, 1, 2, 1, 3, 1, 0, 2, 2, 2, 3, 3, 3, 2, 1, 1, 0, 2, 3, 1, 2, 2, 2, 1, 2, 0, 2, 3, 0, 1, 0, 3, 2, 3, 0, 1, 3, 1, 3, 3, 2, 0, 3, 3, 3, 2, 0, 3, 1, 0, 3, 2, 0, 0, 2, 1, 0, 1, 1, 3, 3, 1, 1, 1, 1, 2, 3, 3, 1, 3, 2, 1, 3, 2, 2, 3, 3, 0, 1, 0, 1, 1, 2, 3, 2, 3, 2, 2, 3, 3, 3, 3, 3, 0, 1, 3, 2, 1, 1, 1, 1, 1, 1, 0], "predicted_labels": [0, 3, 0, 2, 1, 3, 3, 0, 0, 1, 2, 2, 0, 1, 2, 3, 0, 1, 3, 0, 0, 0, 1, 1, 3, 0, 1, 1, 1, 0, 2, 1, 2, 1, 3, 3, 3, 1, 2, 0, 1, 3, 3, 3, 3, 0, 0, 3, 3, 3, 3, 3, 3, 0, 1, 0, 0, 2, 0, 1, 0, 1, 2, 3, 1, 3, 2, 3, 2, 1, 1, 1, 3, 2, 0, 2, 1, 3, 1, 1, 0, 1, 1, 1, 0, 0, 1, 3, 1, 0, 3, 3, 1, 2, 0, 0, 0, 3, 0, 1, 0, 0, 3, 2, 3, 0, 1, 3, 3, 2, 0, 2, 3, 3, 1, 3, 1, 2, 0, 0, 2, 0, 3, 0, 0, 3, 1, 1, 1, 0, 0, 0, 2, 3, 1, 3, 1, 1, 0, 3, 3, 1], "confidence_scores": [[0.8239454427057803, 0.004603200531515329, 0.1258542180817644, 0.04559713868094006], [4.364988508367161e-06, 1.2456807784742772e-06, 2.772916023368034e-10, 0.9999943890534216], [0.9984422796613935, 0.00010915214447238133, 8.34812042562376e-08, 0.0014484847129297405], [0.0073087479885980255, 0.07915419609842476, 0.7928262738227395, 0.12071078209023779], [0.1068674862411918, 0.45596522689525704, 0.41982660130372706, 0.017340685559824133], [0.17726119218441116, 0.0017776801223227422, 0.0022339970228505866, 0.8187271306704155], [6.419563408146216e-05, 0.00025319359979590855, 0.013271178326920461, 0.986411432439202], [0.6694930723663732, 0.31299922247307305, 0.001178946807340164, 0.01632875835321361], [0.9025461024968157, 4.726766747094666e-10, 0.09729407979772853, 0.0001598172327790388], [0.18477259947213853, 0.8150894399950195, 8.742457382947806e-05, 5.0535959012509274e-05], [0.2663260227197459, 0.004331982418462741, 0.7292026798220465, 0.0001393150397448028], [0.03184626309739438, 0.08235182846287391, 0.8835419963941272, 0.002259912045604533], [0.9486628415870869, 0.044129040476266236, 0.0005072275407244877, 0.006700890395922131], [0.00021249061138936786, 0.9936706734968088, 0.006116560081535403, 2.758102664136749e-07], [0.2299741510011765, 0.11538639882893391, 0.6209415972321917, 0.033697852937697885], [5.748736767339096e-12, 2.1994331060257238e-05, 1.7507978028718543e-06, 0.9999762548653882], [0.9981108127779807, 8.209421146834281e-08, 0.0011511972133965832, 0.0007379079144114814], [0.0003297609514003933, 0.9024149779639072, 0.0013754533914875722, 0.09587980769320473], [0.16034529106542997, 0.10826511152137283, 0.09415672750480046, 0.6372328699083968], [0.9986852724595703, 0.0006290100032094102, 0.0006655098045381953, 2.020773268234623e-05], [0.9591106121906297, 0.04088068005855538, 7.092008277202826e-06, 1.615742537868186e-06], [0.9064527760203661, 2.3097326527967437e-06, 5.2127249498066634e-05, 0.09349278699748305], [0.0002767528138458919, 0.9997229316062574, 1.853791904710772e-07, 1.3020070640499658e-07], [0.0006483536752081811, 0.8758590882180447, 8.412812265608039e-05, 0.12340842998409107], [6.048187091659509e-05, 0.00015690639979650615, 4.3858185211108825e-05, 0.9997387535440758], [0.7415379211350076, 2.1963457960657347e-09, 2.2419913409775773e-07, 0.2584618524695126], [3.605411436710474e-05, 0.9999630524991537, 4.0470513204680455e-07, 4.886813472330952e-07], [0.003115289802994562, 0.9956979217332335, 0.0006503894712273878, 0.0005363989925446194], [0.013707232427018377, 0.8862757937408579, 0.09713981081605713, 0.0028771630160667376], [0.7464827051639136, 0.003184925050622083, 0.25031790060196984, 1.4469183494609918e-05], [0.1712367632742936, 0.0007221866540525323, 0.8196740306170013, 0.008367019454652604], [0.1472795557039195, 0.5234422793799006, 0.2653766233491553, 0.06390154156702468], [6.607210180338961e-05, 0.2957324033081471, 0.7040638890830491, 0.00013763550700047697], [0.0004987953469701877, 0.9969608478491456, 0.002498675146417879, 4.168165746624491e-05], [0.00027191157160047247, 1.0431453446313113e-07, 1.0084713053577129e-07, 0.9997278832667345], [0.0014598822877748563, 0.037300027401402924, 0.003335938670048615, 0.9579041516407737], [0.00011338995933616961, 0.0005123609130046888, 1.2306390960902226e-07, 0.9993741260637495], [1.1330726045206474e-06, 0.9999550675120394, 4.329678729319439e-05, 5.026280629698977e-07], [4.2453685714410065e-06, 0.010137824802149023, 0.9898578748003172, 5.502896242558731e-08], [0.999980040941987, 9.014073170220192e-08, 3.520113099887135e-07, 1.9516905971287595e-05], [3.027369908259551e-05, 0.9997342884102174, 0.00020354321454229751, 3.189467615772126e-05], [0.061823654773934644, 8.989897050355588e-07, 3.2654878239849483e-09, 0.9381754429708724], [0.16316772320451217, 0.02612959371675887, 0.00026154142565223856, 0.8104411416530768], [7.910876822716072e-05, 0.0003866599636576337, 0.00023624749910669491, 0.9992979837690086], [0.0004202552780706668, 1.506209031577702e-05, 0.0019025067806671488, 0.9976621758509463], [0.9767475645649054, 0.019255766090418226, 5.808641877025578e-07, 0.003996088480488659], [0.9977098856170841, 3.9974200783476455e-07, 4.389600729792691e-06, 0.0022853250401782643], [0.01749761184665496, 0.36165315475457993, 0.060710381067114405, 0.5601388523316507], [0.04855269943276855, 1.3666469098326575e-05, 2.8944181794721912e-08, 0.9514336051539513], [0.1272509976728461, 0.010739223402874181, 0.0033509516646065365, 0.8586588272596731], [0.00748156280027126, 9.115319536802068e-06, 2.0185496554381843e-07, 0.9925091200252264], [0.00011556287233266016, 0.19611626947278446, 4.869983878672853e-09, 0.803768162784899], [4.736350754665213e-05, 0.004821802756015642, 2.8051048479025055e-06, 0.9951280286315899], [0.6237121886641372, 0.3726551731272715, 0.0025451012215122713, 0.0010875369870791626], [2.667087731993801e-10, 0.9998283304952056, 4.850424458815927e-10, 0.0001716687530430907], [0.9529585920424336, 0.0005285151385099923, 0.04583274728911594, 0.0006801455299404985], [0.7415462873238132, 0.0006996486533488482, 8.75964516635094e-08, 0.2577539764263863], [7.57695191033913e-05, 0.14264425820214602, 0.8320930801797458, 0.025186892099004828], [0.8338748952257496, 0.16375461448380105, 0.002369751262935845, 7.390275133696251e-07], [0.005120394944619222, 0.8132814905986029, 2.0521154888092544e-08, 0.181598093935623], [0.7331439790130367, 0.2464508468111864, 0.02028859378161606, 0.00011658039416081653], [9.654891906712335e-05, 0.6088954804367686, 0.38420034437159095, 0.00680762627257345], [0.0016193174738897299, 0.13359884514106787, 0.4832872646292763, 0.3814945727557661], [2.0741568884192558e-05, 0.47896268866779435, 5.4445513274433854e-09, 0.5210165643187702], [0.08866405513217047, 0.5513130170750541, 0.06476300845552939, 0.29525991933724594], [4.0684533181007475e-07, 0.030637815746239187, 3.191103007741688e-07, 0.9693614582981284], [0.433724852169214, 0.00010453800857026615, 0.5661632194457994, 7.390376416499619e-06], [3.2580438085596123e-07, 0.000682803414134791, 0.0017904036497397734, 0.9975264671317445], [5.856892663344774e-07, 0.007850126989268022, 0.9921054836720805, 4.380364938525589e-05], [0.0022448873368415495, 0.6368558017803645, 0.0056141969786891515, 0.35528511390410483], [5.177168058747307e-06, 0.9918542737018127, 0.007510071883900279, 0.0006304772462283641], [0.18649487927193806, 0.41422722591055305, 0.08407910875160725, 0.3151987860659017], [0.08893513839921988, 0.12909092013280515, 0.00018539164088615702, 0.7817885498270889], [1.9727773028201143e-06, 0.00035048892452842336, 0.802675191806991, 0.1969723464911779], [0.9999994375962956, 3.616917260849598e-11, 4.742785309368376e-07, 8.808900439092569e-08], [0.07437962976742542, 1.7108022860821488e-05, 0.8264631376147978, 0.09914012459491608], [8.588881894294172e-10, 0.9998879814347581, 5.000757249296488e-05, 6.201013386080315e-05], [0.002338966464610778, 1.5861125801160825e-12, 1.8280937475168544e-06, 0.9976592054400555], [5.803588133997036e-10, 0.9999523026247071, 9.477909859364521e-08, 4.760201583545597e-05], [9.053336265552857e-06, 0.9990566890155567, 0.0006284037944318629, 0.0003058538537460974], [0.8946503898909608, 1.659047336491986e-05, 5.314242161507655e-08, 0.10533296649325266], [7.40484057735611e-05, 0.9999148541397029, 2.8435728170596385e-06, 8.253881706321598e-06], [6.608750751590859e-05, 0.9596941653973846, 9.789603319815289e-06, 0.040229957491779704], [0.033073959503565724, 0.4917865218445082, 0.27307741011679526, 0.20206210853513085], [0.9945691981061751, 0.005356517940330445, 6.549948023503501e-05, 8.784473259320695e-06], [0.42307241496661147, 0.35302295916374093, 0.21890552671349156, 0.004999099156155983], [2.1807074266234272e-05, 0.8425019318074787, 0.15325785151373011, 0.004218409604525086], [0.2863837700699816, 0.00988609116248461, 3.6689832958571796e-06, 0.7037264697842379], [0.0027546012344014472, 0.8593917482402644, 0.003481948149571095, 0.13437170237576285], [0.9816722200940703, 0.01376665809340809, 0.002625084409178536, 0.0019360374033431478], [0.009401118782511264, 5.802229465306961e-08, 7.568837296340674e-05, 0.9905231348222306], [0.07697196193903398, 0.0005869651236058386, 1.7083056940372983e-08, 0.9224410558543032], [7.536900322838959e-08, 0.9991120019321755, 6.040137213695501e-05, 0.0008275213266840652], [0.0016237706271563395, 6.318938262873187e-05, 0.99831196858585, 1.0714043648219832e-06], [0.9958288051598952, 0.001550498033193262, 0.002605077419735837, 1.561938717578904e-05], [0.9997018849088896, 0.0002870052230172318, 1.1048724883746319e-05, 6.114320934519127e-08], [0.5525081932216587, 0.0012870123985356972, 0.0017224024388546265, 0.4444823919409509], [0.10836400110674765, 0.3462512677188391, 0.008775111939063381, 0.53660961923535], [0.9988982430314417, 3.898390536186092e-07, 0.0007743419094298174, 0.00032702522007472824], [4.1986004718951284e-05, 0.8213328330901659, 0.0374253575411099, 0.14119982336400538], [0.7456905145759545, 0.15206714946847247, 0.006393493391201708, 0.09584884256437137], [0.5854222663354978, 0.41457628664548957, 7.997012363364563e-07, 6.473177762117105e-07], [0.0006310664257922107, 0.04983009427522627, 0.0001909955904664227, 0.9493478437085151], [0.0013893088238412234, 0.0015672648865988914, 0.9362261925904561, 0.06081723369910354], [0.00098878737150922, 0.02681758610601398, 3.1676829811122172e-06, 0.9721904588394956], [0.9857637053607433, 0.013621853958510214, 0.00042952483015795467, 0.00018491585058857482], [5.5802524444511356e-05, 0.9999390617224504, 3.820212597880003e-06, 1.3155405073203428e-06], [0.005894296545557005, 8.05089359980094e-06, 0.00028794181148264963, 0.9938097107493604], [0.014548283584127955, 0.158603100368877, 0.2910838942982877, 0.5357647217487074], [0.01306336593191152, 0.05901137940445471, 0.9278660650281965, 5.9189635437148685e-05], [0.47159273598057955, 0.10871546986261935, 0.007679138925893534, 0.4120126552309076], [1.0402398577055268e-11, 4.369829752071233e-06, 0.9999955754780335, 5.46818120000893e-08], [6.001953132529122e-07, 0.151600347149985, 3.5947830663578225e-05, 0.8483631048240381], [0.0024543824763775353, 3.999341291550926e-08, 7.010132117092867e-06, 0.9975385673980924], [0.00010525623344752143, 0.9998936019356061, 8.496102872563816e-07, 2.9222065913563826e-07], [0.30449482747545825, 5.684768019997133e-05, 3.990997536454658e-07, 0.6954479257445882], [2.9161439253162556e-07, 0.9997435563300534, 0.00025584935134526207, 3.027042088554256e-07], [9.498489332311547e-05, 0.016714895628258054, 0.9718636302586645, 0.011326489219754352], [0.9872421964213447, 8.593288027372214e-06, 0.001211929841924618, 0.011537280448703462], [0.8544701812791587, 0.00033501703545556704, 0.1402125890825541, 0.004982212602831784], [0.00010847589982718349, 3.479394986553587e-05, 0.9998547556669164, 1.9744833909134255e-06], [0.8635564291001604, 5.092085413784614e-06, 0.13643807879837838, 4.000160474093729e-07], [1.0476630393539918e-05, 0.03458446952786897, 0.0024162683684760297, 0.9629887854732614], [0.9932082662469576, 0.00010256733092782401, 0.006670316429353057, 1.884999276175299e-05], [0.9996693186149277, 5.088078673578584e-06, 3.8497833805701885e-09, 0.00032558945661555905], [0.05268400688642272, 0.0020200798698856008, 0.03711030428960437, 0.9081856089540872], [0.28359834144795437, 0.6758563629390167, 0.036264562502503976, 0.004280733110524863], [0.003558826909546227, 0.634516803146432, 1.0943033318097882e-07, 0.36192426051368853], [0.0825095967456014, 0.564152306770401, 1.6774003298477522e-07, 0.3533379287439648], [0.9800074733611687, 0.018647204905041022, 3.098922304979084e-05, 0.0013143325107406205], [0.8806893985270579, 0.006611537720693144, 1.5115171170481324e-07, 0.11269891260053723], [0.5851359603005147, 0.0001276739571711624, 0.4130009747464025, 0.0017353909959117073], [1.568226021485414e-05, 0.00013642926446002024, 0.7748416270164133, 0.22500626145891164], [2.5776404590659847e-06, 0.009279180542849956, 1.0441115867916616e-05, 0.990707800700823], [0.09221400882701301, 0.6065927703324557, 0.21741369680659503, 0.08377952403393632], [0.0018704720544960418, 6.432148376006379e-07, 6.974929392701941e-05, 0.9980591354367394], [8.015744823306591e-06, 0.9961464719737282, 0.0010470747629541296, 0.002798437518494259], [1.1096059758672234e-05, 0.9818094240790829, 0.017900193468101278, 0.00027928639305734287], [0.9485700136414901, 0.03222054722742797, 0.01857386303424514, 0.0006355760968369589], [0.003954698729788447, 0.00045473642095476434, 0.4573179599899635, 0.5382726048592933], [0.00019073354319997063, 0.03946195429745293, 0.0001725136784693339, 0.9601747984808777], [0.00010712734327671615, 0.9526530022293909, 2.2643773838915977e-05, 0.04721722665349353]]}, "rewritten": {"ids": ["97110950", "97112830", "97113900", "97114170", "97118210", "98106111", "98107010", "98107410", "98108520", "98110710", "98111670", "98117740", "98121790", "99105921", "99107640", "99108010", "99108520", "99108890", "99112300", "99119830", "100108260", "100108990", "100109311", "100109360", "100109801", "100110050", "100111390", "100113210", "100113370", "100115700", "100117420", "101108080", "101111310", "101111620", "101112540", "101113210", "101114990", "101121640", "102109850", "102112030", "102112250", "102121700", "103110840", "103113270", "103113610", "103120730", "104111711", "104113000", "104113190", "104113240", "104114240", "104114740", "104116441", "104117200", "105111990", "105113260", "105113620", "105114220", "105115250", "105115570", "105115680", "105115900", "105116090", "105116860", "106116640", "106119260", "106121190", "107113180", "107113550", "107119130", "107120010", "107120260", "107121640", "108113480", "108113620", "108114360", "108114670", "108116070", "108116120", "108116501", "108117610", "108119550", "108120260", "109114220", "109116040", "109117080", "109117150", "109117600", "109117730", "109118161", "109120540", "109120560", "109121640", "110114321", "110115140", "110115580", "110115980", "110116300", "110116441", "110117080", "110117110", "110117200", "110119891", "110120531", "111115910", "111116750", "111116990", "111117000", "111118820", "111119580", "111120190", "111120260", "111120540", "111121930", "112116610", "112116850", "112116880", "112117571", "112117790", "112118161", "112118421", "112118620", "112118810", "112118860", "112119450", "112119500", "112120290", "112120540", "112120670", "112121010", "113117340", "113118111", "113118231", "113118511", "113118690", "113118870", "113119360", "113120260", "113121010", "113121680", "113122150", "113122230"], "labels": [3, 2, 2, 2, 2, 0, 3, 3, 2, 2, 1, 2, 2, 1, 1, 2, 2, 0, 0, 1, 3, 2, 1, 0, 0, 3, 2, 0, 3, 1, 2, 0, 3, 3, 2, 3, 3, 2, 1, 2, 0, 1, 1, 2, 2, 1, 1, 1, 3, 2, 0, 2, 1, 3, 2, 3, 0, 3, 2, 0, 2, 3, 1, 2, 3, 1, 2, 3, 0, 1, 1, 1, 1, 0, 3, 1, 3, 1, 1, 0, 3, 1, 1, 3, 0, 1, 2, 1, 3, 0, 1, 1, 0, 1, 0, 1, 1, 3, 3, 1, 0, 3, 3, 0, 2, 3, 0, 0, 0, 3, 3, 3, 1, 1, 1, 0, 0, 3, 3, 0, 3, 3, 3, 3, 3, 2, 1, 3, 2, 2, 2, 1, 3, 1, 3, 0, 0, 3, 2, 1, 2, 1], "predicted_labels": [3, 1, 1, 3, 3, 1, 1, 0, 3, 1, 3, 3, 2, 0, 3, 1, 2, 1, 3, 2, 0, 3, 3, 3, 3, 3, 3, 0, 1, 1, 2, 0, 0, 0, 0, 3, 1, 1, 2, 1, 0, 0, 2, 2, 2, 0, 1, 3, 0, 1, 0, 0, 3, 3, 0, 3, 1, 0, 0, 3, 1, 0, 1, 0, 3, 3, 2, 2, 2, 1, 2, 0, 2, 3, 1, 1, 1, 2, 0, 2, 0, 3, 3, 0, 3, 3, 0, 1, 1, 1, 1, 3, 0, 1, 3, 2, 3, 1, 2, 2, 2, 0, 3, 3, 3, 3, 0, 3, 0, 0, 1, 0, 1, 0, 2, 0, 2, 3, 2, 1, 3, 0, 3, 2, 3, 1, 1, 1, 1, 1, 1, 3, 1, 3, 1, 1, 0, 1, 3, 1, 0, 2], "confidence_scores": [[0.0001601620409747127, 0.03568498517964929, 1.607911423115193e-06, 0.964153244867953], [2.986631376890916e-06, 0.5140041647736046, 0.48583354223547304, 0.00015930635954555046], [0.39456803356459186, 0.6048071935043992, 0.0006243683256528812, 4.046053562458489e-07], [8.523692300391551e-12, 0.0001413414962972266, 8.550853628639367e-07, 0.9998578034098161], [0.04840809840863729, 0.0003444159555559559, 0.3393383879375455, 0.6119090976982613], [1.3044541571615042e-08, 0.7707756589133008, 0.22887339905200915, 0.0003509289901485495], [0.0006729238650574156, 0.9444396738485248, 0.0069241120718606984, 0.047963290214557024], [0.9979586149219586, 2.9681469828899826e-06, 0.002038291860748949, 1.2507030958901822e-07], [0.0010322340445364443, 0.05181311986518957, 2.5596008324530106e-09, 0.9471546435306731], [0.0007507916739658781, 0.9991275936395659, 6.373469909330944e-11, 0.00012161462273350935], [0.0007976276960154019, 0.030893227943533597, 0.0009926281618140513, 0.9673165161986369], [0.0186620176483252, 0.10686457539364076, 0.43136719711397536, 0.44310620984405874], [0.003862254106625833, 0.010298154654641352, 0.9850312186031287, 0.0008083726356041069], [0.8266544894906257, 0.16985375928674, 8.072019389657642e-05, 0.003411031028737763], [0.3294577670117332, 0.00020861165483925214, 0.07025679870602071, 0.6000768226274068], [8.937737875613333e-08, 0.9992060802494838, 1.3936681917817107e-05, 0.0007798936912196538], [3.3022304223036326e-05, 0.033552335022223365, 0.93255303622627, 0.03386160644728365], [1.9056176208645654e-10, 0.998793387281055, 5.3011793723265435e-09, 0.001206607227203895], [0.017107432128760366, 0.3458283714082611, 0.08344852807720005, 0.5536156683857785], [8.487495929953047e-06, 0.04115768279449784, 0.9482552753052534, 0.01057855440431885], [0.6060669952348272, 0.007702222832512768, 0.014594662206029839, 0.3716361197266302], [1.1677789221693497e-06, 0.060303647019519645, 2.2448929439301357e-05, 0.9396727362721189], [0.0003257268678335651, 2.5653099679283236e-06, 8.708880556414912e-08, 0.9996716207333929], [1.459104258075516e-06, 0.06483848790516937, 1.954122860283394e-05, 0.9351405117619697], [0.000509968664770984, 0.0007136296851304177, 9.408482438773601e-06, 0.9987669931676599], [0.007777070114931598, 0.2996076729983407, 0.02697032114434391, 0.6656449357423837], [0.12801061963226326, 0.004297776528773439, 0.0003479140958829559, 0.8673436897430804], [0.9929908299694477, 8.818787689024535e-05, 7.871579957968292e-08, 0.006920903437862587], [0.0444390264154277, 0.7355843119633302, 0.18666162252471616, 0.03331503909652588], [0.012702813866406957, 0.7758582504617555, 0.2112897485932968, 0.00014918707854084118], [8.208230890978277e-10, 0.00011285628364987448, 0.9998867882140536, 3.546814734289352e-07], [0.9003775493325514, 8.393764184584543e-05, 1.3621904378664232e-09, 0.09953851166341246], [0.9816856412141027, 0.009297449318030435, 0.009015794789200695, 1.1146786660113951e-06], [0.9999891289159782, 2.4208272383108533e-10, 1.4599660476199504e-06, 9.410875891500124e-06], [0.834694232679534, 0.14152273089938258, 0.015995836276102005, 0.007787200144981392], [0.0942480294400649, 0.0002856835318535537, 0.0029886208768477246, 0.9024776661512338], [7.769697648815486e-12, 0.9999994057690228, 1.4306620497204584e-07, 4.511570026416492e-07], [3.2236581556814923e-06, 0.9728326998151224, 0.003362011857596532, 0.023802064669125204], [0.012692045115256833, 0.12517714743336578, 0.8621187428950362, 1.2064556341189555e-05], [0.184304285248176, 0.8133060985032039, 0.0023866421524561896, 2.9740961639105695e-06], [0.9272382279110967, 6.608708082278544e-05, 0.0726938782376199, 1.8067704606564853e-06], [0.5463934501463015, 0.45360605825245004, 2.634735689671023e-07, 2.2812767953874593e-07], [6.834115824099507e-05, 0.0012456852874947566, 0.9986621120094884, 2.3861544775796923e-05], [0.04800926038612407, 0.28438075943532587, 0.6213543828704804, 0.04625559730806963], [0.20873288450861147, 3.324738257259688e-06, 0.5293678570204403, 0.26189593373269093], [0.6604129454794373, 0.3393091802584828, 0.00027339592114615984, 4.4783409336452385e-06], [0.0005672034447977069, 0.786546190599236, 0.20639778721275073, 0.006488818743215427], [0.2289846455754819, 2.4134159900736066e-06, 1.8690864443402716e-05, 0.7709942501440846], [0.9797119211612844, 0.006597296509990079, 0.013500146776799705, 0.00019063555192587383], [2.2829723192066912e-05, 0.9990192330636605, 0.0007116557431087828, 0.00024628147003889403], [0.9980765749161667, 0.00010982782361802798, 0.0017883765756708954, 2.5220684544432196e-05], [0.5298234173923212, 0.0005454939639598362, 0.4567564169238836, 0.012874671719835463], [3.3418983034588895e-05, 3.204239616126144e-08, 3.0017140656341858e-12, 0.9999665489715676], [0.008914181603586544, 0.0005793124029952243, 0.0002250604212719612, 0.9902814455721461], [0.9965463208114433, 0.00016544149002185196, 5.516010550689318e-09, 0.0032882321825242733], [1.1862473591426145e-07, 0.013296536845626646, 6.229128537538125e-06, 0.9866971154011], [1.1878681504721484e-06, 0.9978231412298814, 0.001958302547651975, 0.00021736835431615856], [0.9977370524216748, 3.1081349176613518e-06, 1.9678014989558225e-08, 0.0022598197653926036], [0.9897500923949978, 3.149499494100986e-06, 0.010223193646015033, 2.3564459493045084e-05], [0.3095210555696107, 0.005433327734760367, 0.014547550751799181, 0.6704980659438298], [9.80955914421191e-10, 0.9999961077696352, 2.389868554977544e-06, 1.501380853786022e-06], [0.9977239980379871, 4.950035643583283e-05, 0.00020121136649047834, 0.002025290239086843], [0.12436776086784546, 0.8540163793948122, 0.021254660680415084, 0.00036119905692739057], [0.9565419294854887, 0.041116926926910165, 6.349777488516858e-06, 0.0023347938101127242], [0.003125501230053176, 6.2680897850425785e-09, 3.80297191048456e-06, 0.9968706895299466], [0.06527618948739577, 2.8201419106239686e-05, 0.020051442302388575, 0.9146441667911095], [4.7557367133834516e-09, 0.005647435147643655, 0.9180681490904019, 0.07628441100621784], [0.0012652253592279471, 0.0005874659530266616, 0.9981472180750961, 9.061264924911804e-08], [0.4550710502151008, 0.030143127114772152, 0.5145656870881299, 0.0002201355819971626], [0.0006020459968090097, 0.9993933776388448, 1.1209901694082552e-06, 3.455374176542982e-06], [1.61828798422602e-05, 0.0048839616038945915, 0.9950112441969137, 8.861131934961354e-05], [0.9996748342653567, 0.0002704950295772395, 5.4285026138126676e-05, 3.8567892786333835e-07], [0.008355007034359081, 0.016886706541507483, 0.9747001444469813, 5.814197715210092e-05], [0.0713736161601805, 0.00014610372067708744, 1.4132396911826292e-06, 0.9284788668794512], [0.0004955345479926212, 0.9794056697130679, 0.020089552465310807, 9.243273628720605e-06], [3.488687116912155e-09, 0.9930835525831323, 0.006916126261646817, 3.1766653384368995e-07], [3.652767699868121e-07, 0.9999992038136465, 4.2298100437812184e-07, 7.928579183942005e-09], [6.712316391412159e-05, 0.0174032163822586, 0.9825112435784982, 1.8416875329004512e-05], [0.9710269388223314, 2.6241075714792158e-05, 0.00018482192042946387, 0.02876199818152424], [0.4460588965160822, 1.3009506927432193e-05, 0.5513661517446558, 0.0025619422323345797], [0.9548887915407386, 9.785777931591571e-07, 9.807423387039252e-05, 0.045012155647597855], [0.001983110768343395, 0.003318611596587489, 0.042602758836629846, 0.9520955187984393], [9.823767109793928e-05, 3.6372371525276123e-06, 6.58499711149606e-07, 0.9998974665920384], [0.999196990893202, 0.0005056527350814409, 0.0002951200005599799, 2.23637115651781e-06], [0.004516223273990664, 7.070204992427074e-09, 0.00012895166437246067, 0.9953548179914319], [9.129966187154726e-07, 0.0003771897058347882, 0.00032762773039159767, 0.9992942695671548], [0.5306666509044237, 0.0040660288831051005, 0.0010545904309462025, 0.46421272978152506], [0.01303564901208337, 0.9839190979492073, 0.0017091318904936725, 0.0013361211482156056], [0.17560415679366115, 0.421693536215393, 1.1069395287832482e-06, 0.402701200051417], [0.009234766352153154, 0.9907620611427834, 9.184423987449286e-07, 2.2540626645963457e-06], [0.0025711336880884037, 0.9826070764372851, 1.2487991356680524e-05, 0.014809301883269899], [4.483183117204373e-06, 0.00015333341401586943, 0.08763106604777413, 0.9122111173550927], [0.9983941981043488, 0.0011687249212145468, 8.538384905319687e-06, 0.00042853858953135907], [0.2872570072042477, 0.7081701336282601, 0.0005259163181088946, 0.004046942849383427], [0.015218583668923681, 6.669544949244978e-09, 1.4284835737229324e-05, 0.9847671248257941], [0.4295911765454206, 0.005701885004925023, 0.5429756473716192, 0.021731291078035155], [0.37647045868488377, 3.431255027458917e-09, 1.3070847068166452e-05, 0.623516467036793], [0.003146450484100067, 0.9956519996733427, 0.0010314166145342393, 0.00017013322802289754], [0.0694781028432306, 9.44160350081363e-06, 0.9298360055084268, 0.000676450044841659], [1.5995454467167215e-09, 1.8189296414107206e-05, 0.8935388289307923, 0.10644298017324808], [0.00033728131508696003, 5.715659171783502e-05, 0.9984875898054468, 0.0011179722877484334], [0.9939635051268774, 4.1917337910007025e-06, 0.006008626443695516, 2.3676695636145636e-05], [5.521095221528343e-06, 0.025127653706704094, 0.09702031405957308, 0.8778465111385012], [0.06446966990905041, 0.0005100545754610262, 1.3462345596211656e-05, 0.9350068131698924], [0.0005647119806671201, 0.03819611513425216, 0.01791275036135593, 0.9433264225237247], [0.03759070811683442, 8.700382205461755e-07, 9.865818013789288e-07, 0.9624074352631437], [0.9647348221859038, 0.002198656851079709, 0.019738912114861496, 0.013327608848155198], [2.2927314189579236e-05, 0.00022120704787756515, 2.012211640402198e-05, 0.9997357435215288], [0.9789190468810419, 2.3387362560300116e-06, 0.0013939960042943808, 0.019684618378407754], [0.6807198186358728, 5.705372267919929e-09, 0.3182245535046099, 0.0010556221541449663], [0.03748815714681531, 0.9625057148728631, 2.6153823343194627e-09, 6.1253649392981164e-06], [0.9960765370061566, 0.0017628233626683393, 2.0096600014288167e-07, 0.0021604386651747887], [2.178378040591624e-06, 0.9959935738792792, 0.0017233976047767575, 0.0022808501379033277], [0.9986005395444537, 3.1075499597457444e-08, 4.329077044472419e-06, 0.0013951003030019968], [0.01729995819444165, 0.009782418698217893, 0.9719824151664991, 0.0009352079408414348], [0.5922833367997963, 0.012698298003762841, 0.004659850958652471, 0.3903585142377884], [0.14791181931188732, 0.011181117888315025, 0.8350197514743546, 0.005887311325443103], [0.0070083858388702595, 0.004286947431458676, 3.4106303538099574e-06, 0.9887012560993171], [0.31337862832466723, 0.30477255611572984, 0.31564480479426693, 0.06620401076533591], [2.0252064492555266e-06, 0.9856233102989151, 9.518623597981857e-10, 0.014374663542773359], [0.0003315956852187941, 0.013493625206682344, 0.00016193455285374656, 0.9860128445552452], [0.9969108116929096, 0.0019389604364352096, 0.00012679163477936835, 0.00102343623587582], [0.012867444447171885, 0.01900021610657404, 3.5320844291222376e-07, 0.968131986237811], [0.04251989673248847, 0.08259910947111364, 0.8689944640008591, 0.0058865297955388515], [0.0032542533217098037, 1.438859624280105e-06, 3.957708889834205e-10, 0.9967443074228949], [0.0037720707926484345, 0.9961609107818807, 6.523264727610949e-05, 1.785778194741504e-06], [4.226693581985781e-06, 0.9949378901619529, 0.005057880915983598, 2.2284813557380387e-09], [0.012427726903124662, 0.9874736956790415, 1.7530737958827693e-09, 9.857566475995347e-05], [0.0015882618926046895, 0.9967090745331512, 0.0017026151686068802, 4.840563714043964e-08], [0.13765234961495357, 0.8583106641256802, 0.000442098101275947, 0.003594888158090237], [1.2390391488310385e-06, 0.9992137800868273, 0.0007660321570010691, 1.8948717022906024e-05], [8.904501591411078e-07, 0.011491683830981021, 1.6137372581193882e-05, 0.9884912883462788], [0.04297442907074851, 0.7766198165415911, 0.007580640112135883, 0.17282511427552452], [4.780116272831874e-05, 0.00015573508249497783, 0.0020328050450464943, 0.9977636587097303], [2.825183542050673e-05, 0.9999069499196447, 6.259675754034378e-05, 2.2014873944364005e-06], [0.00570792202592106, 0.5978110249352072, 0.011888671148841476, 0.3845923818900302], [0.8401254302377739, 0.12060884749760954, 0.031977809241792214, 0.007287913022824327], [0.001597734881642693, 0.8453119028067085, 0.14529790212433924, 0.007792460187309582], [3.110504564371037e-07, 0.35785605754259764, 0.0005257441274661476, 0.6416178872794798], [7.4504225201839e-06, 0.5038164627555093, 0.48398225395886224, 0.012193832863108253], [0.5102654793222655, 0.08812621865920425, 0.11784627075659843, 0.2837620312619317], [0.0015326109979750826, 0.12828819286646118, 0.8699952377357862, 0.00018395839977759857]]}}