{"test": {"ids": ["111121410", "108113760", "100116500", "110117200", "113121190", "111116640", "105112130", "105120621", "99111340", "110117080", "113122180", "98108580", "99109740", "111119580", "112121010", "107117010", "111117480", "97114170", "105115680", "99110050", "101109120", "108120280", "104111990", "102110690", "108117360", "108115880", "99109311", "109115220", "100110260", "99110730", "107120010", "103109791", "109121640", "100120010", "103113170", "108120060", "106114150", "105118230", "104111880", "99109141", "113121750", "110114561", "100108490", "106113260", "110118880", "99109161", "113121010", "113120640", "98117740", "112116990", "107116501", "109119340", "107119130", "100110050", "99120010", "107116300", "108114040", "101115190", "102113981", "104118340", "111114321", "104113210", "99119830", "112119120", "111119340", "107120130", "105113190", "98113881", "102109910", "110118450", "112116880", "110118930", "107114280", "113122160", "107113360", "97116401", "107116340", "107112850", "98106680", "109117730", "112119320", "98116090", "106119990", "112121030", "97106591", "107118820", "109117080", "106116820", "106118161", "110117140", "99107950", "108114360", "106117770", "103118110", "98108410", "108119550", "103120340", "110119030", "97109570", "109117150", "107115140", "104118070", "105113440", "113118490", "101108080", "98109230", "104117630", "110114950", "102117351", "100113370", "108120621", "103110050", "108115970", "98108970", "107114200", "112119500", "112120270", "109115211", "98110810", "104116980", "103109641", "102121440", "113117401", "110121170", "99109780", "111119430", "112117660", "109113881", "108119330", "98106560", "112120290", "102111990", "110117870", "100109801", "113120260", "100111620", "110118301", "107114140", "106113190", "112116540", "110113931", "110121140"], "labels": [0, 1, 2, 3, 1, 0, 1, 1, 1, 1, 2, 0, 3, 3, 2, 1, 1, 2, 2, 3, 1, 3, 2, 0, 1, 3, 1, 3, 3, 3, 1, 3, 0, 0, 3, 1, 1, 1, 3, 3, 0, 0, 2, 3, 0, 3, 2, 0, 2, 0, 1, 3, 1, 3, 2, 0, 0, 1, 1, 2, 1, 3, 1, 1, 3, 2, 3, 3, 2, 0, 0, 1, 3, 3, 0, 3, 3, 1, 1, 3, 1, 0, 0, 0, 1, 3, 1, 1, 3, 3, 1, 1, 0, 2, 1, 1, 1, 0, 0, 2, 0, 2, 0, 1, 0, 1, 0, 0, 1, 3, 1, 3, 2, 3, 2, 2, 0, 0, 1, 1, 1, 2, 3, 2, 2, 3, 0, 0, 0, 1, 1, 2, 3, 0, 3, 3, 1, 2, 0, 1, 1, 3], "predicted_labels": [0, 1, 0, 1, 3, 3, 1, 1, 1, 3, 3, 3, 3, 0, 1, 0, 3, 3, 3, 3, 0, 3, 3, 0, 3, 3, 0, 3, 0, 2, 3, 3, 3, 3, 3, 3, 3, 3, 3, 0, 1, 0, 3, 1, 3, 0, 1, 3, 3, 3, 0, 3, 3, 3, 3, 1, 3, 3, 3, 1, 3, 1, 0, 3, 3, 0, 0, 1, 3, 1, 1, 3, 3, 3, 0, 0, 3, 1, 1, 3, 1, 3, 3, 3, 1, 1, 1, 1, 1, 0, 1, 3, 3, 1, 1, 3, 1, 3, 0, 3, 3, 1, 3, 3, 0, 2, 1, 3, 3, 2, 3, 1, 1, 1, 3, 1, 3, 3, 0, 3, 3, 3, 3, 3, 1, 1, 3, 0, 1, 3, 3, 0, 3, 3, 1, 2, 0, 1, 3, 3, 3, 3], "confidence_scores": [[0.2850048423798423, 0.266142427017427, 0.16544251581751573, 0.2834102147852149], [0.24201479076479085, 0.28327781940281943, 0.2043998501498501, 0.2703075396825396], [0.2578001304251305, 0.25384360084360097, 0.23205062992562994, 0.2563056388056388], [0.23106999506341622, 0.33350134332042225, 0.16993688990747816, 0.26549177170868354], [0.21997925685425687, 0.29754812834224603, 0.16794166454460568, 0.31453095025889155], [0.23457442557442568, 0.2574613997113997, 0.19973267010767018, 0.30823150460650467], [0.23909870684870685, 0.3022153689963287, 0.21378036750830862, 0.2449055566466558], [0.2599609973359973, 0.36626236263736267, 0.11890327727827728, 0.25487336274836275], [0.20525989288489283, 0.30715134865134863, 0.2689026945276945, 0.21868606393606396], [0.21850378787878788, 0.29979304029304027, 0.15454865069570956, 0.32715452113246235], [0.253530538905539, 0.24715248640248647, 0.2085508658008657, 0.29076610889110893], [0.24406135531135534, 0.23405129592629595, 0.2304179154179154, 0.29146943334443337], [0.19980436230436227, 0.29900903957153957, 0.19327613358863366, 0.3079104645354646], [0.2952609196359197, 0.2922743506493506, 0.18479711954711955, 0.22766761016761017], [0.22329576673326682, 0.29466810762766643, 0.19360051957846075, 0.28843560606060614], [0.2761581890331891, 0.24107474469974477, 0.2216782106782108, 0.2610888555888557], [0.2066347957597959, 0.2812877886002886, 0.2235428391053391, 0.2885345765345766], [0.22338515651015656, 0.23825084637584637, 0.23322716172716182, 0.30513683538683545], [0.20089441114441123, 0.2855030802530802, 0.22399458805728156, 0.2896079205452271], [0.25771432733932736, 0.2295654553779554, 0.22410652541902545, 0.28861369186369185], [0.2882500693750694, 0.2618041541791543, 0.17806138306138308, 0.2718843933843935], [0.27364533383283385, 0.2744847027972028, 0.15940142292348172, 0.29246854044648163], [0.23604115329115338, 0.2538016983016983, 0.253038655788656, 0.25711849261849273], [0.30945999139749136, 0.24571744227994227, 0.18970652958152964, 0.25511603674103683], [0.20567424242424245, 0.271328823953824, 0.1947025613275613, 0.3282943722943723], [0.2468686799311799, 0.24608202214452213, 0.16748538961038967, 0.33956390831390837], [0.28726172438672454, 0.28531365856365853, 0.1860822029277912, 0.24134241412182594], [0.22964435564435567, 0.2716653485403485, 0.21129455266955258, 0.2873957431457431], [0.2940344516594518, 0.24731114718614722, 0.19546500721500715, 0.263189393939394], [0.21469141969141972, 0.18056017593517587, 0.34223790098790113, 0.2625105033855035], [0.19116454378954384, 0.28383939671439673, 0.21608392995893003, 0.30891212953712954], [0.23639069264069268, 0.26651388888888894, 0.21585503385503382, 0.2812403846153847], [0.2610508103008103, 0.23471130952380956, 0.1965797258297258, 0.3076581543456544], [0.21698544511044518, 0.23413396325896327, 0.2583445582195583, 0.29053603341103346], [0.25620898545898557, 0.2675185508935509, 0.20773563936063938, 0.26853682428682435], [0.280792513042513, 0.275864454989455, 0.15063880563880563, 0.2927042263292264], [0.2634712321991735, 0.2514333166833167, 0.22103999268705155, 0.2640554584304584], [0.20830411255411263, 0.2809239718614718, 0.2216070526695527, 0.289164862914863], [0.2048629495504496, 0.2619096320346321, 0.21080456349206347, 0.32242285492285494], [0.3298947510822511, 0.2608638910109498, 0.1185654019183431, 0.29067595598845597], [0.27619313581155697, 0.3024619313435102, 0.155650863025863, 0.26569406981906984], [0.3273319597069597, 0.21927795815295814, 0.14815950715950715, 0.305230574980575], [0.24850826257076253, 0.2543227813852814, 0.21460876623376626, 0.2825601898101899], [0.25274036380286385, 0.2814308122433122, 0.19661428848928847, 0.26921453546453566], [0.289401986901987, 0.2754204545454546, 0.14211002886002885, 0.29306752969252964], [0.3259001831501833, 0.21654220779220779, 0.1752252747252748, 0.2823323343323343], [0.20207761682761685, 0.2950970695970696, 0.22772012709512723, 0.2751051864801866], [0.2609788267288267, 0.26844350584056464, 0.1765896464646464, 0.2939880209659622], [0.22505819384863518, 0.21784208846708852, 0.23924761145717033, 0.3178521062271061], [0.2647500416250417, 0.22657630563880565, 0.21066957348207352, 0.2980040792540794], [0.3346581612831615, 0.2719513403263403, 0.14414833777333774, 0.24924216061716067], [0.1888213175713176, 0.29500351914167705, 0.2032027249066723, 0.3129724383803331], [0.22298316267066273, 0.24679678654678658, 0.21431457431457432, 0.31590547646797645], [0.20050765900765902, 0.26203306415806427, 0.25084627872127874, 0.28661299811299806], [0.2836825396825397, 0.2413979076479077, 0.18300487012987013, 0.29191468253968256], [0.2901032578532579, 0.3049652292152293, 0.18181230370936244, 0.22311920922215042], [0.21411652236652237, 0.2880911825103002, 0.19533740769034882, 0.3024548874328286], [0.23214557664557664, 0.2609910367410367, 0.21586470473970473, 0.29099868187368194], [0.2637112332112333, 0.26277150627150625, 0.13908008005066827, 0.33443718046659227], [0.16993658424908425, 0.3208068736818737, 0.216037746975247, 0.2932187950937952], [0.22108916083916097, 0.2745472582972584, 0.17087301587301593, 0.333490564990565], [0.28742904317904333, 0.2936853840603841, 0.17375090187590195, 0.24513467088467092], [0.341042651792652, 0.20695588439338441, 0.20301640720390718, 0.24898505661005668], [0.2217059052059052, 0.24204908979908984, 0.19492614330114333, 0.34131886169386183], [0.22535470779220776, 0.2536250901875902, 0.2173327922077922, 0.30368740981241], [0.28328035853035854, 0.2621897546897547, 0.18446747696747703, 0.27006240981240986], [0.3343923992673994, 0.22279785492285495, 0.16587752525252522, 0.27693222055722055], [0.2364586385836386, 0.3007470099345101, 0.18243256049506054, 0.280361790986791], [0.23837971056721063, 0.24947687035187038, 0.22119291125541124, 0.2909505078255078], [0.2625302475302478, 0.34182427988677977, 0.1598241688866689, 0.23582130369630377], [0.23067964674214686, 0.29358584471084465, 0.25854825036075046, 0.2171862581862582], [0.22161724386724402, 0.2740779377785958, 0.20733542663476875, 0.2969693917193917], [0.27380369630369633, 0.251157092907093, 0.15401352813852812, 0.3210256826506827], [0.2509942834942837, 0.25912463924963924, 0.21862391774891776, 0.2712571595071596], [0.33602142302142296, 0.2566464646464646, 0.2023361499611499, 0.2049959623709624], [0.298345689033189, 0.2571250901875902, 0.17201722582972587, 0.2725119949494951], [0.22028318903318905, 0.27524395743145735, 0.2106000180375181, 0.29387283549783555], [0.22118521062271057, 0.3273976787101788, 0.20562540278349106, 0.24579170788361968], [0.24472970779220785, 0.3134136766011767, 0.20957120004178825, 0.23228541556482743], [0.24774940337440335, 0.2605191197691198, 0.1671453823953824, 0.3245860944610943], [0.22473501498501508, 0.31067200854700855, 0.16164257964257964, 0.30295039682539693], [0.23372191697191697, 0.26423489010989004, 0.21354509379509387, 0.2884980991230991], [0.2767285353535354, 0.21874350649350657, 0.1780986652236652, 0.326429292929293], [0.22747120934620935, 0.30165867465867474, 0.13166883116883113, 0.33920128482628487], [0.2643709415584418, 0.279668401043401, 0.21911573189882014, 0.23684492549933733], [0.2214208152958154, 0.3136739192180368, 0.21137083259877376, 0.2535344328873741], [0.2042088050838051, 0.2936223845598846, 0.21104662698412707, 0.2911221833721833], [0.23008472083472079, 0.3016138861138862, 0.1876620462870463, 0.2806393467643468], [0.2666950826950828, 0.29063568865774736, 0.16488834776334774, 0.27778088088382213], [0.30890566378066386, 0.248005772005772, 0.20951966089466093, 0.23356890331890326], [0.22018636918636922, 0.3425563186813188, 0.2017509712509712, 0.2355063408813409], [0.22961655909450027, 0.25476221001221, 0.2063568563789152, 0.3092643745143746], [0.20210164835164834, 0.30185338272838275, 0.1904187062937063, 0.3056262626262625], [0.22590483821733823, 0.3243240560608981, 0.23348564629814622, 0.2162854594236174], [0.25533483877233876, 0.29055026917526916, 0.20974300699300705, 0.24437188505938515], [0.2500477300477301, 0.25597777222777224, 0.23057792207792216, 0.2633965756465757], [0.2077282856032856, 0.29543376068376065, 0.2778149350649352, 0.21902301864801874], [0.2277037823287823, 0.28885699023199024, 0.1911041736041736, 0.2923350538350539], [0.2926636419136419, 0.23539840021090025, 0.2253940295815296, 0.24654392829392838], [0.22519976551226556, 0.26210052447552445, 0.22646991203241199, 0.286229797979798], [0.24321758796758805, 0.25332521645021644, 0.1598500527250527, 0.3436071428571429], [0.206177183927184, 0.2794591935841936, 0.2664015984015985, 0.2479620240870242], [0.19972408147408152, 0.2865476190476191, 0.17922907647907646, 0.3344992229992232], [0.24768625124875127, 0.28193304122348245, 0.13910184260184255, 0.33127886492592395], [0.3108301420801422, 0.2839148767898768, 0.17768308080808087, 0.2275719003219003], [0.19726713564213572, 0.2382844516594516, 0.29663532885243427, 0.26781308384597863], [0.23502838827838832, 0.29301467976467976, 0.23199157786657795, 0.23996535409035402], [0.2170209304584305, 0.28382249000998994, 0.18852100677100683, 0.31063557276057285], [0.29506979131979133, 0.24663339438339435, 0.15759966422466418, 0.30069715007215003], [0.18598489010989006, 0.2535188371569951, 0.2851384850959155, 0.27535778763719937], [0.2689166527916528, 0.2851269841269841, 0.13272773060273063, 0.31322863247863253], [0.24053339022089024, 0.31295690420690425, 0.2133032106782107, 0.233206494893995], [0.23889242701742705, 0.28907774170274175, 0.24612182262182256, 0.22590800865800872], [0.21497804972804968, 0.35092458236208224, 0.19314744324303146, 0.24094992466683643], [0.19636399711399719, 0.24809145021645018, 0.21112319624819625, 0.34442135642135646], [0.18372062659562663, 0.33071031746031765, 0.20255994005994005, 0.283009115884116], [0.24652459550253666, 0.23966899766899769, 0.17543092120298007, 0.33837548562548564], [0.2281385281385282, 0.25666448135198133, 0.16331466450216447, 0.351882326007326], [0.2901322982572983, 0.275539405039405, 0.22659865134865137, 0.20772964535464525], [0.15656295093795092, 0.28691925231631116, 0.24548614783908895, 0.3110316489066489], [0.23624370074370077, 0.22637512487512498, 0.19637758075258077, 0.34100359362859356], [0.28549207736707755, 0.2367438811188812, 0.1722508325008325, 0.30551320901320905], [0.2917529276279277, 0.19087463924963932, 0.17527153402153406, 0.34210089910089925], [0.1859794511044511, 0.2516189921189922, 0.21186616161616156, 0.3505353951603952], [0.24226684426684433, 0.30758928571428584, 0.2374336080586081, 0.21271026196026196], [0.23259902597402607, 0.29983007066462936, 0.1982086544990957, 0.2693622488622489], [0.290053286990787, 0.23743130480630487, 0.15198690198690198, 0.3205285062160062], [0.34171861033703155, 0.27653796641954537, 0.15671305668016186, 0.2250303665632613], [0.21607738095238094, 0.29268421855921856, 0.21202285214785221, 0.2792155483405484], [0.1924503968253968, 0.2847270021645022, 0.22619177350427347, 0.2966308275058276], [0.23239855977355983, 0.2788708652458652, 0.17934920634920634, 0.3093813686313688], [0.30182213619713627, 0.25341206016206014, 0.21346697746697743, 0.23129882617382616], [0.2215537518037518, 0.24937715062715057, 0.20421730393789223, 0.3248517936312054], [0.25882004107004114, 0.24294293206793205, 0.17932901820401817, 0.3189080086580087], [0.21491011766011764, 0.3195621323121323, 0.19219497169497174, 0.2733327783327784], [0.25101515151515147, 0.2515258124228712, 0.2516335331335331, 0.24582550292844416], [0.3473512598512599, 0.23515071040071034, 0.10024117549117548, 0.31725685425685435], [0.2320521284271286, 0.2831489898989899, 0.20374585137085138, 0.2810530303030303], [0.2577271062271062, 0.25010477022977023, 0.21156050893550898, 0.28060761460761463], [0.256496225996226, 0.2848669386169387, 0.15092760017760015, 0.30770923520923527], [0.25914586802086814, 0.27328576978576985, 0.18926352813852815, 0.2783048340548342], [0.2591408383283382, 0.28790553196803204, 0.13194047619047616, 0.32101315351315357]]}, "rewritten": {"ids": ["97106591", "97109570", "97114170", "97116401", "98106560", "98106680", "98108410", "98108580", "98108970", "98109230", "98110810", "98113881", "98116090", "98117740", "99107950", "99109141", "99109161", "99109311", "99109740", "99109780", "99110050", "99110730", "99111340", "99119830", "99120010", "100108490", "100109801", "100110050", "100110260", "100111620", "100113370", "100116500", "100120010", "101108080", "101109120", "101115190", "102109910", "102110690", "102111990", "102113981", "102117351", "102121440", "103109641", "103109791", "103110050", "103113170", "103118110", "103120340", "104111880", "104111990", "104113210", "104116980", "104117630", "104118070", "104118340", "105112130", "105113190", "105113440", "105115680", "105118230", "105120621", "106113190", "106113260", "106114150", "106116820", "106117770", "106118161", "106119990", "107112850", "107113360", "107114140", "107114200", "107114280", "107115140", "107116300", "107116340", "107116501", "107117010", "107118820", "107119130", "107120010", "107120130", "108113760", "108114040", "108114360", "108115880", "108115970", "108117360", "108119330", "108119550", "108120060", "108120280", "108120621", "109113881", "109115211", "109115220", "109117080", "109117150", "109117730", "109119340", "109121640", "110113931", "110114561", "110114950", "110117080", "110117140", "110117200", "110117870", "110118301", "110118450", "110118880", "110118930", "110119030", "110121140", "110121170", "111114321", "111116640", "111117480", "111119340", "111119430", "111119580", "111121410", "112116540", "112116880", "112116990", "112117660", "112119120", "112119320", "112119500", "112120270", "112120290", "112121010", "112121030", "113117401", "113118490", "113120260", "113120640", "113121010", "113121190", "113121750", "113122160", "113122180"], "labels": [1, 0, 2, 3, 1, 1, 1, 0, 3, 1, 1, 3, 0, 2, 1, 3, 3, 1, 3, 2, 3, 3, 1, 1, 2, 2, 0, 3, 3, 3, 3, 2, 0, 0, 1, 1, 2, 0, 2, 1, 1, 2, 1, 3, 3, 3, 2, 1, 3, 2, 3, 1, 0, 2, 2, 1, 3, 0, 2, 1, 1, 0, 3, 1, 1, 0, 3, 0, 1, 0, 2, 2, 3, 0, 0, 3, 1, 1, 3, 1, 1, 2, 1, 0, 1, 3, 2, 1, 0, 1, 1, 3, 1, 0, 0, 3, 1, 2, 3, 3, 0, 1, 0, 0, 1, 3, 3, 3, 1, 0, 0, 1, 0, 3, 2, 1, 0, 1, 3, 3, 3, 0, 1, 0, 0, 0, 1, 1, 2, 0, 1, 2, 0, 3, 1, 3, 0, 2, 1, 0, 3, 2], "predicted_labels": [0, 0, 0, 0, 1, 1, 1, 0, 1, 2, 0, 0, 0, 0, 1, 0, 0, 0, 0, 1, 0, 1, 1, 0, 1, 1, 0, 2, 0, 3, 0, 1, 0, 0, 0, 3, 0, 3, 0, 0, 0, 3, 0, 0, 1, 1, 1, 1, 0, 1, 0, 3, 0, 0, 1, 1, 0, 0, 0, 1, 0, 0, 1, 0, 1, 3, 0, 0, 1, 0, 3, 1, 1, 0, 0, 1, 0, 0, 1, 3, 0, 1, 3, 1, 0, 0, 1, 3, 3, 1, 0, 0, 0, 0, 0, 3, 0, 1, 0, 3, 0, 0, 0, 1, 3, 0, 0, 0, 0, 0, 0, 0, 0, 3, 1, 0, 1, 3, 0, 0, 0, 0, 3, 1, 0, 0, 3, 1, 0, 0, 1, 1, 0, 0, 0, 0, 0, 1, 0, 1, 1, 0], "confidence_scores": [[0.34456737012987015, 0.23338077200577206, 0.21758270202020205, 0.20446915584415584], [0.36521906565656564, 0.20292261904761907, 0.21494886363636365, 0.21690945165945164], [0.28989214951714964, 0.22230723443223435, 0.26410400710400717, 0.22369660894660892], [0.33071708152958157, 0.22354888167388168, 0.22977408008658012, 0.2159599567099567], [0.2523455641580643, 0.2794075577200577, 0.233612678987679, 0.23463419913419917], [0.24587992562992567, 0.3233971098346099, 0.21739896908646905, 0.21332399544899552], [0.26329469835719843, 0.27091031884781885, 0.2268776917526917, 0.23891729104229104], [0.3021304945054947, 0.2602528998778999, 0.18581838994338992, 0.2517982156732157], [0.25561775724275726, 0.31189249639249644, 0.2474863331113331, 0.18500341325341324], [0.23506007442849544, 0.2657664740230529, 0.27673188507399027, 0.22244156647446134], [0.3101708638583638, 0.2444629884004884, 0.2416733266733267, 0.20369282106782108], [0.34484111721611727, 0.26866961510711523, 0.18162840631590638, 0.20486086136086146], [0.30363451132201147, 0.27143330280830286, 0.19077669552669552, 0.23415549034299044], [0.31263075813075814, 0.26833531052281057, 0.22357698551448546, 0.1954569458319459], [0.22198340548340545, 0.3092946775446777, 0.2242170125626008, 0.24450490440931616], [0.4300624098124098, 0.22880290542790546, 0.15109397546897546, 0.19004070929070926], [0.35542334054834057, 0.26567846532552414, 0.1837264769544182, 0.19517171717171716], [0.3795997682872684, 0.21296955128205133, 0.1956725635475636, 0.21175811688311683], [0.2676938616938617, 0.2510313714063713, 0.21656102231102234, 0.2647137445887445], [0.26379009879009885, 0.26965367965367965, 0.21890620490620488, 0.24765001665001665], [0.31880954462204475, 0.2419811577311577, 0.20600736763236768, 0.23320193001443001], [0.22267063492063488, 0.3016255411255412, 0.268616341991342, 0.20708748196248206], [0.26804677267177274, 0.28127866577866584, 0.22335696248196243, 0.22731759906759916], [0.32682994782994784, 0.2613129786879787, 0.22873394660894664, 0.1831231268731268], [0.2684013347763349, 0.2730887307137307, 0.22030061605061607, 0.23820931845931848], [0.2637268148518148, 0.29608836996336996, 0.2516171238891827, 0.18856769129563256], [0.39090494227994216, 0.24601204555248682, 0.16772099469158294, 0.1953620174759881], [0.22237419524919527, 0.26201269563769575, 0.2770368936618936, 0.23857621545121546], [0.3408215395715397, 0.2242102758352759, 0.17691161616161616, 0.2580565684315686], [0.23892369436119432, 0.2409050720521308, 0.21339908008658007, 0.3067721535000948], [0.2728144078144079, 0.25756979621685505, 0.2316963453213453, 0.2379194506473919], [0.2650205301234714, 0.2886792513042512, 0.23910467800173685, 0.20719554057054052], [0.2791323468198469, 0.24129445554445555, 0.26515494227994235, 0.2144182553557553], [0.29637728937728947, 0.2609550102675102, 0.23034790903540914, 0.2123197913197913], [0.33898131035631046, 0.25694995282495287, 0.14463888888888887, 0.2594298479298479], [0.25713634976134975, 0.23786334498834505, 0.23581780719280723, 0.2691824980574981], [0.32545869408369404, 0.2277703823953824, 0.18797931235431237, 0.25879161116661126], [0.27800955988456, 0.19231031468531465, 0.2372451853701854, 0.29243494005994003], [0.27621114996115, 0.24205629786879793, 0.20682036019536013, 0.27491219197469197], [0.38805298867798865, 0.22731255550005552, 0.15091737429237426, 0.23371708152958154], [0.3712314074814075, 0.24608397158397163, 0.1852623626373627, 0.1974222582972584], [0.27760810023310034, 0.2509676295926296, 0.19361969974469967, 0.2778045704295704], [0.326390331890332, 0.21850847763347767, 0.2042676767676767, 0.25083351370851376], [0.35062878787878793, 0.24382106782106783, 0.18010112110112117, 0.22544902319902316], [0.2694261155511156, 0.30026475403681285, 0.20522215284715287, 0.2250869775649188], [0.2757675469954883, 0.32345114607614617, 0.205799157133716, 0.19498214979464978], [0.22492734348984364, 0.2988946400821401, 0.23755488955488954, 0.23862312687312687], [0.26089976689976685, 0.2711193389943391, 0.24456206293706295, 0.22341883116883124], [0.2886280316905319, 0.23978385503385508, 0.19473142135642138, 0.27685669191919193], [0.21971974553224566, 0.30909621628371625, 0.24467211260961252, 0.2265119255744257], [0.35185082972582976, 0.2458838383838384, 0.16868398268398274, 0.2335813492063492], [0.18524695443445446, 0.28304931179931186, 0.23339604839604838, 0.2983076853701853], [0.28884655622155625, 0.24504566960816962, 0.19169642857142855, 0.27441134559884567], [0.26161069486069494, 0.2499454018204018, 0.23536602286602282, 0.25307788045288043], [0.239124925727867, 0.2767148684648686, 0.2224506865683336, 0.26170951923893093], [0.28200636863136863, 0.29534841057635175, 0.19198701298701296, 0.23065820780526675], [0.3186382367632367, 0.19063401875901878, 0.23361549561549566, 0.25711224886224887], [0.2938725857475859, 0.24992596292596297, 0.17485353535353534, 0.2813479159729161], [0.26294528388278393, 0.24566909479409482, 0.24167059260828613, 0.24971502871483525], [0.222373341935842, 0.3215185231435232, 0.21625459956709972, 0.23985353535353557], [0.3302985347985347, 0.2908971722721723, 0.1752331141081141, 0.20357117882117887], [0.3203856282606284, 0.26011852036852035, 0.2194007104007104, 0.200095140970141], [0.21010943223443226, 0.3374923756798756, 0.219355901043401, 0.23304229104229107], [0.3495798229548228, 0.2385299145299146, 0.20163727938727946, 0.21025298312798313], [0.23974392274392284, 0.29436231823731834, 0.186052738927739, 0.27984102009102013], [0.24897308247308264, 0.19707180319680323, 0.25165066877566883, 0.30230444555444547], [0.3607384559884561, 0.21742297979797978, 0.19752669552669555, 0.22431186868686873], [0.29914303751803756, 0.27513347763347773, 0.17510804473304475, 0.2506154401154401], [0.2765181068931069, 0.3056866883116884, 0.1612094155844156, 0.25658578921078934], [0.35420246420246426, 0.2263158924408925, 0.20081324231324232, 0.21866840104340107], [0.21057464063714068, 0.25818931966726094, 0.22344209956709957, 0.30779394012849903], [0.2520015886890888, 0.28723350260850267, 0.23629325535575535, 0.22447165334665342], [0.2668676531801532, 0.2848835192585193, 0.2033522033522034, 0.24489662420912428], [0.3097552031302032, 0.2815628954378956, 0.1734138916638917, 0.23526800976800982], [0.2894100066600067, 0.285042970917971, 0.23737670009728837, 0.18817032232473407], [0.23825333000333, 0.2851175074925075, 0.2217882117882118, 0.2548409507159508], [0.3389091325341327, 0.2489683233433233, 0.1551691364191364, 0.2569534077034077], [0.30590453990453986, 0.2656185391405979, 0.216019536019536, 0.21245738493532612], [0.22349644105894106, 0.31354403235653233, 0.23070802808302812, 0.2322514985014985], [0.20276701076701076, 0.2820342365967366, 0.19324404761904762, 0.321954705017205], [0.26612008824508826, 0.26329725829725836, 0.21285797535797538, 0.2577246780996781], [0.2650046897546898, 0.27355176767676775, 0.1896610750360751, 0.2717824675324676], [0.2387934565434567, 0.2685653513153513, 0.21817464479964477, 0.27446654734154746], [0.20045134726384733, 0.29516987873237865, 0.23990566378066383, 0.2644731102231102], [0.2755908119658119, 0.24122484459984464, 0.23042261904761913, 0.25276172438672434], [0.30325394744144735, 0.262546411921412, 0.17156156343656345, 0.26263807720057714], [0.26731970806970806, 0.27208771783771796, 0.20285432622932628, 0.25773824786324784], [0.2667824259074259, 0.24904154179154184, 0.20084416971916977, 0.28333186258186266], [0.25283973665223675, 0.2595311285936286, 0.18601039238539244, 0.3016187423687424], [0.24839453601953612, 0.26686345598845607, 0.2234763153513154, 0.26126569264069277], [0.31012185037185036, 0.29903348040848043, 0.17858656621156624, 0.21225810300810305], [0.34703472222222226, 0.22306159812409818, 0.1856596320346321, 0.24424404761904767], [0.31029162504162516, 0.2564569597069598, 0.22378514541014546, 0.2094662698412699], [0.3643879731379731, 0.2689044844044844, 0.15560338857049377, 0.21110415388704865], [0.3043834429459429, 0.24711147186147184, 0.20248602092352097, 0.2460190642690643], [0.2637309357309358, 0.2619310273060273, 0.1709684343434343, 0.30336960261960255], [0.2782942474192476, 0.2553480894105895, 0.22458306277056284, 0.24177460039960036], [0.21300949050949053, 0.296871647143706, 0.22602375402375405, 0.26409510832304955], [0.33737010212010204, 0.2393312243312243, 0.190876665001665, 0.23242200854700854], [0.28138329725829725, 0.26808356920856924, 0.16256655844155843, 0.28796657509157514], [0.31545384476634486, 0.23067162004662012, 0.19620030663780674, 0.2576742285492286], [0.3369473304473305, 0.24108098845598847, 0.15231150793650794, 0.26966017316017316], [0.3828846500721501, 0.2524132950382951, 0.1603066378066378, 0.20439541708291709], [0.2338029262404262, 0.2820404803529804, 0.22480516705516707, 0.2593514263514264], [0.19963676601176605, 0.2923633935508936, 0.20232322375337078, 0.30567661668396956], [0.3106238275613276, 0.21197429653679659, 0.18385984848484846, 0.29354202741702745], [0.3036367798867799, 0.28631385281385296, 0.1933680902430903, 0.21668127705627704], [0.2892585886335887, 0.244596681096681, 0.20627141649200467, 0.2598733137777256], [0.37028474303474307, 0.24087029637029644, 0.1696734237984238, 0.21917153679653684], [0.2926630452880453, 0.26342191835941836, 0.19699520618270622, 0.24691983016983013], [0.2861085164835166, 0.26824032911532913, 0.16242316017316022, 0.2832279942279942], [0.32806472000222003, 0.23759593878343882, 0.21180591630591636, 0.22253342490842493], [0.28057162282162285, 0.25977173520923524, 0.2479848692973693, 0.2116717726717727], [0.24965671828171832, 0.2737945110445111, 0.18777992840492844, 0.2887688422688422], [0.2542081807081807, 0.29586546786546786, 0.18753986291486296, 0.26238648851148855], [0.339571409799351, 0.26404103535353535, 0.13081457921163803, 0.26557297563547566], [0.26082634032634033, 0.30006170218670225, 0.16436650849150844, 0.274745448995449], [0.27379527417027427, 0.2713248556998557, 0.17547209734709732, 0.2794077727827728], [0.25869563769563775, 0.23250899794649796, 0.25778517316017313, 0.25101019119769125], [0.3089602758352759, 0.24935860667110668, 0.1793614718614719, 0.26231964563214566], [0.32874074536574555, 0.26168551587301586, 0.16611625180375178, 0.24345748695748695], [0.3049828227328228, 0.29073100510600514, 0.16985103785103786, 0.23443513431013432], [0.2844591935841936, 0.27172254828504827, 0.1382749125874126, 0.30554334554334556], [0.26585128066378066, 0.30165214646464644, 0.2116630591630592, 0.22083351370851376], [0.28755284992784996, 0.22435162753912752, 0.22157129675879678, 0.26652422577422585], [0.39176001082251083, 0.22701369463869464, 0.13328928016428016, 0.24793701437451435], [0.27643692418692434, 0.24483176545676558, 0.17560422216672214, 0.30312708818958833], [0.235674977799978, 0.2770345487845488, 0.2431070318570319, 0.24418344155844168], [0.3163770396270397, 0.28647587135087155, 0.23034748584748588, 0.1667996031746032], [0.30499812197606313, 0.2613437950937951, 0.1981701680672269, 0.23548791486291487], [0.2611163419913421, 0.27623170783464895, 0.2078487394957983, 0.25480321067821077], [0.2547530129184541, 0.29053669941169935, 0.22688826247282137, 0.2278220251970252], [0.30863183548477674, 0.23998584054834063, 0.17353912549868436, 0.2778431984681985], [0.3188479254663467, 0.2254058485374275, 0.15924514374514376, 0.2965010822510822], [0.2884295288045289, 0.2626655219780219, 0.1889009532134532, 0.2600039960039961], [0.2820547091797092, 0.25643387658093547, 0.21424422799422796, 0.24726718624512753], [0.2824835164835165, 0.2579113435584024, 0.21287680375180373, 0.24672833620627743], [0.2655999972249973, 0.2813002553002554, 0.21818912337662333, 0.23491062409812408], [0.2947420496170496, 0.2411108197358196, 0.227446608946609, 0.23670052170052172], [0.2924132534132536, 0.30875005550005546, 0.13621230158730158, 0.2626243894993896], [0.2400877594627595, 0.2938642884892885, 0.23357819957819972, 0.23246975246975266], [0.3105203477078478, 0.2439631132756133, 0.19447763347763344, 0.25103890553890557]]}}