{"test": {"ids": ["97105960", "101112690", "112118701", "106116640", "108117720", "107114621", "112117660", "97116800", "101111310", "98108370", "107117010", "98116500", "109115220", "98111860", "111120260", "111116040", "112118930", "109115070", "101119591", "101114020", "102112030", "102109850", "112119500", "105113190", "99112840", "110119891", "110118880", "112118620", "106112770", "113117550", "100108260", "108113700", "109119340", "107112840", "98120010", "111120320", "111117000", "109120621", "110117140", "99117630", "106114150", "102116340", "97112170", "98108150", "103111480", "104113000", "111118810", "105113480", "98109570", "111116290", "98108580", "99117740", "109116930", "113120640", "108116120", "100109980", "100110050", "102113210", "107113130", "109115380", "105114220", "111119290", "103110840", "102111990", "110115250", "97118210", "97106970", "100108490", "108116501", "101110200", "108115500", "102110750", "111118820", "97107950", "110118450", "105117200", "102117351", "110118181", "108114040", "97107920", "113120531", "110118701", "111120591", "103110050", "100109311", "108119510", "112121030", "112116540", "105121190", "109114270", "109119010", "103110100", "107118490", "101108580", "104113240", "110116290", "104117630", "97110950", "104118340", "113122190", "110117080", "106113170", "112120700", "113121220", "109117431", "102110050", "104113210", "104109311", "110119030", "110114561", "99109910", "101111990", "112116640", "106118820", "98110810", "112117580", "111117120", "113122160", "101108290", "111121351", "106114280", "113119120", "101112540", "110113931", "105118171", "107116501", "113120070", "109118820", "97112290", "108114220", "97109080", "113121410", "110114651", "104112201", "107112850", "109117150", "98112300", "110118161", "109117630", "109118231", "110117200", "107121540"], "labels": [2, 1, 0, 3, 1, 0, 0, 0, 3, 1, 1, 2, 3, 0, 3, 0, 1, 0, 0, 3, 2, 1, 2, 3, 2, 3, 0, 3, 1, 3, 3, 0, 3, 1, 2, 1, 0, 1, 3, 3, 1, 3, 0, 0, 0, 1, 0, 0, 1, 2, 0, 2, 0, 0, 1, 1, 3, 3, 1, 3, 3, 3, 1, 2, 1, 2, 2, 2, 0, 2, 3, 1, 0, 2, 0, 3, 1, 1, 0, 0, 0, 3, 1, 3, 1, 1, 0, 1, 2, 3, 3, 1, 2, 0, 2, 2, 0, 3, 2, 1, 1, 0, 2, 3, 1, 3, 3, 3, 0, 0, 2, 2, 0, 3, 1, 0, 2, 3, 0, 0, 3, 3, 2, 1, 3, 1, 2, 3, 1, 3, 2, 0, 3, 0, 1, 2, 2, 0, 0, 1, 3, 2], "predicted_labels": [2, 1, 3, 3, 3, 1, 0, 3, 1, 2, 2, 0, 3, 1, 0, 3, 3, 0, 0, 0, 3, 1, 1, 2, 1, 3, 3, 0, 1, 1, 3, 0, 3, 0, 1, 3, 1, 3, 3, 2, 3, 3, 3, 0, 1, 3, 3, 3, 3, 1, 3, 1, 3, 3, 3, 1, 1, 3, 1, 1, 1, 3, 0, 0, 1, 3, 1, 1, 0, 1, 1, 3, 0, 1, 1, 0, 3, 1, 1, 0, 1, 1, 0, 1, 3, 1, 0, 1, 1, 1, 2, 0, 1, 3, 1, 3, 3, 0, 1, 3, 3, 1, 1, 3, 3, 2, 3, 3, 3, 1, 2, 1, 3, 1, 0, 1, 3, 3, 3, 3, 1, 0, 3, 3, 1, 3, 3, 2, 1, 0, 1, 3, 0, 0, 1, 2, 0, 3, 3, 0, 3, 0], "confidence_scores": [[0.13075747991688308, 0.30005576344184043, 0.3885629458576254, 0.18062381078365128], [0.1810158627227049, 0.3325580290913295, 0.22444994733984797, 0.2619761608461179], [0.2548076058529123, 0.09225749462091871, 0.11743640200345706, 0.535498497522712], [0.2662721765508914, 0.2429215241083781, 0.1864581082387198, 0.3043481911020106], [0.20236899772286676, 0.2957391150921933, 0.10617895223836064, 0.3957129349465792], [0.2457302053191159, 0.43218288075518196, 0.14706483142973079, 0.1750220824959714], [0.308627468864748, 0.20296879595760534, 0.20840635392687196, 0.2799973812507747], [0.32171342446601625, 0.18128201805454663, 0.12735232078660008, 0.36965223669283703], [0.19354889232749653, 0.36265045879753394, 0.1544509285997335, 0.2893497202752361], [0.1566588034918614, 0.257747993149199, 0.4203613035862766, 0.1652318997726629], [0.1544001406036689, 0.28670384205880206, 0.38812503342006366, 0.1707709839174655], [0.36130451343721376, 0.2940139868782236, 0.20084099700926916, 0.14384050267529352], [0.1247833216861904, 0.3266450610040815, 0.19695005481840153, 0.3516215624913265], [0.13523711154704002, 0.4495721681447027, 0.1911838992692712, 0.22400682103898606], [0.44449094066865935, 0.17213485286465324, 0.13407090386701065, 0.24930330259967684], [0.26780134746155837, 0.24890424209048803, 0.18835211873207383, 0.2949422917158799], [0.2215430692006119, 0.28830400235921366, 0.1222596961787787, 0.3678932322613958], [0.39014548744140704, 0.26387162583887885, 0.14452884061264462, 0.2014540461070695], [0.3599450275373602, 0.3152205161691248, 0.11364854455688402, 0.21118591173663123], [0.3982241345184882, 0.1407022079543791, 0.11402896275850131, 0.34704469476863153], [0.17683037868948615, 0.27018361515935735, 0.18118456357466212, 0.3718014425764945], [0.16093010863804727, 0.47330933417154764, 0.1902397359610823, 0.1755208212293228], [0.10663081974448319, 0.4622211236577166, 0.12658869273471887, 0.30455936386308113], [0.24538508802646342, 0.21124679961638498, 0.32672249789467855, 0.21664561446247313], [0.1696926448678146, 0.45556030320880647, 0.13730649918972443, 0.2374405527336545], [0.15101262371982502, 0.1617832386734446, 0.16217748323753103, 0.5250266543691993], [0.17635962976061012, 0.17908802899953596, 0.12763705811889553, 0.5169152831209584], [0.33460176526238594, 0.24545451424813583, 0.1538961001331617, 0.26604762035631646], [0.18523958678245522, 0.34202988129531603, 0.32074533865204863, 0.15198519327018], [0.21035901014397254, 0.4305051295221841, 0.16245101817376048, 0.19668484216008272], [0.20311554615833133, 0.2968897453397827, 0.16798537831119195, 0.33200933019069406], [0.32779938704390693, 0.31813972273440994, 0.15830172829611286, 0.19575916192557025], [0.3029293373928279, 0.19033532859650162, 0.1261082919039078, 0.38062704210676285], [0.3493972725739168, 0.34029826356922743, 0.16004098968475072, 0.15026347417210498], [0.25110424174741786, 0.31017943781317076, 0.21988950771424204, 0.2188268127251693], [0.12960845312587607, 0.34999999374943963, 0.1278073407341792, 0.3925842123905051], [0.22159054449774876, 0.3880770328271374, 0.18572695626381228, 0.20460546641130167], [0.28183993622839515, 0.26453680190781725, 0.1483889949292205, 0.30523426693456723], [0.152098963402928, 0.23032313400715115, 0.16692572456177876, 0.45065217802814206], [0.19079580802837504, 0.21047442291544471, 0.3455421898962059, 0.25318757915997453], [0.11276028730539406, 0.2272512654794267, 0.15292191608254627, 0.507066531132633], [0.18586466439306976, 0.3349907999535138, 0.10600846894434186, 0.37313606670907473], [0.1634986499580653, 0.3160668514818419, 0.20128589206489705, 0.31914860649519566], [0.35674579987282273, 0.341333382345128, 0.09815938835783508, 0.2037614294242143], [0.170729146620919, 0.30650744474574343, 0.2436672360932657, 0.2790961725400718], [0.16624973097702014, 0.14071669714104612, 0.23812148630495678, 0.454912085576977], [0.196837770247711, 0.25683261000240826, 0.11730157395723464, 0.42902804579264614], [0.1732799947611174, 0.24534706816745683, 0.12609304284136422, 0.45527989423006165], [0.20654909301624996, 0.13096042963286564, 0.08612233265007689, 0.5763681447008077], [0.2621685664535444, 0.3320214572766748, 0.22137328393181022, 0.18443669233797055], [0.1505106489975918, 0.3568031974174903, 0.13518735449785865, 0.35749879908705945], [0.2099389148859684, 0.3273057339933935, 0.17626866174672468, 0.2864866893739135], [0.25822175040359563, 0.2802522536503637, 0.12896879816945658, 0.33255719777658416], [0.2503890496581257, 0.23439385271193697, 0.10629406344325673, 0.4089230341866805], [0.23177596604926087, 0.24739170203825278, 0.18113692957917674, 0.33969540233330964], [0.22020675777153492, 0.34513528958253503, 0.13666641042296976, 0.29799154222296037], [0.20540985702131212, 0.33114339285613686, 0.18443167240618397, 0.27901507771636697], [0.1918751430442964, 0.3290764610584426, 0.1055263825283013, 0.37352201336895974], [0.23162890351438004, 0.4744576737374893, 0.13283586899677516, 0.16107755375135557], [0.17432631864250225, 0.35562889662088415, 0.18356428187739837, 0.2864805028592153], [0.14374883593964133, 0.5342182849157746, 0.1092893306556069, 0.21274354848897728], [0.1552488906365985, 0.19891097769425536, 0.16960904239225366, 0.47623108927689256], [0.32867099538784567, 0.2260994062358146, 0.16327673725646574, 0.2819528611198742], [0.30538281381044885, 0.19634349128571282, 0.21468740168385042, 0.28358629321998796], [0.14775247176172626, 0.3604166327360169, 0.21805613936481316, 0.2737747561374438], [0.18993492441436116, 0.31270892069619466, 0.12471385170474115, 0.3726423031847031], [0.15636450430301432, 0.31712362505383945, 0.27730592896993883, 0.24920594167320748], [0.27840138886851407, 0.3015538777468175, 0.17601229551827796, 0.24403243786639053], [0.4053754265081261, 0.2083158416727769, 0.15899922465560704, 0.2273095071634902], [0.1758166527901186, 0.32556896572868166, 0.1901679109166607, 0.3084464705645391], [0.17066778190978515, 0.43966313690491027, 0.14698224189018597, 0.24268683929511853], [0.15324848666956742, 0.2953291303318482, 0.1959786727171284, 0.355443710281456], [0.49720092474354055, 0.13222852927833895, 0.11662273592456428, 0.2539478100535564], [0.15190244506515793, 0.41770427166595164, 0.12930362386363442, 0.30108965940525595], [0.20579999212829303, 0.33089649502470647, 0.21317418306214866, 0.250129329784852], [0.30319423180330013, 0.2787506435501554, 0.1570885318420775, 0.260966592804467], [0.24451660792985433, 0.14833623369116286, 0.23970628674385974, 0.3674408716351233], [0.16028142040157958, 0.4597823432059765, 0.206993970806078, 0.172942265586366], [0.23107530208448868, 0.3001253311170864, 0.2709618470679879, 0.19783751973043684], [0.3275439892297762, 0.20586779968162533, 0.15697356423345624, 0.30961464685514234], [0.2618645673215017, 0.32987625342825777, 0.15515260487956, 0.25310657437068074], [0.2025583820868192, 0.33011718616765084, 0.20649669770268367, 0.26082773404284637], [0.47582784176633147, 0.089500436680059, 0.1032327295964006, 0.3314389919572091], [0.1682764358414216, 0.383859874810244, 0.13380035275542435, 0.3140633365929101], [0.18361526308072096, 0.2473138001464199, 0.11794526607087016, 0.4511256707019891], [0.22324798401101204, 0.3156440242207725, 0.21800013910652888, 0.24310785266168666], [0.4567922490802892, 0.1149910175789844, 0.11107378320475181, 0.31714295013597466], [0.20532910522219325, 0.3181880129723725, 0.15991570434863978, 0.31656717745679447], [0.14475879165049027, 0.49473028427343346, 0.15265752195531543, 0.20785340212076092], [0.22740408658062503, 0.3000240159674945, 0.19459115387219783, 0.27798074357968255], [0.19528203048432918, 0.28051510054291523, 0.36115740208593333, 0.16304546688682253], [0.2935094782836142, 0.19763494964168185, 0.21546655327416517, 0.29338901880053875], [0.22395533221135272, 0.3358257003406993, 0.11742636223060807, 0.3227926052173399], [0.2467016115021503, 0.17084956033723808, 0.22662333101202684, 0.3558254971485848], [0.21783048006911843, 0.3442361864229959, 0.26432631939964113, 0.1736070141082445], [0.16602156441127724, 0.133967277583238, 0.27277639133887055, 0.4272347666666141], [0.18290976688139676, 0.2501035004413049, 0.22635975226296612, 0.34062698041433237], [0.46139376581143837, 0.11176308071337683, 0.1864681343480201, 0.24037501912716464], [0.2396444739783068, 0.28604841688938426, 0.24731363627037908, 0.22699347286193], [0.1701990409671816, 0.2860144108589391, 0.1732232305434222, 0.3705633176304572], [0.259296825006268, 0.2523375106615009, 0.18187811505905455, 0.3064875492731767], [0.29674728549133456, 0.38521693279631103, 0.13294663098712672, 0.1850891507252278], [0.19438818626549811, 0.3780008596268004, 0.23442177724336774, 0.19318917686433373], [0.17055540778855754, 0.23932415310144178, 0.2156698959139897, 0.3744505431960111], [0.16365163136416527, 0.20880982934165176, 0.142678206134069, 0.48486033316011384], [0.11476203869266356, 0.1350938677958853, 0.6589346319391846, 0.09120946157226648], [0.15988508122554318, 0.1969160800718214, 0.18568640525141286, 0.45751243345122256], [0.2959907952249879, 0.22640140396362338, 0.14399141177111213, 0.3336163890402766], [0.1733619967488253, 0.2364044355874924, 0.15380447791192253, 0.4364290897517598], [0.29690236947728477, 0.32724946939760086, 0.2031264015260816, 0.17272175959903274], [0.19653352039566957, 0.2575295794839744, 0.28316934944686056, 0.2627675506734953], [0.1466134246030943, 0.38031037750472874, 0.15796736172289533, 0.31510883616928176], [0.15175744643860284, 0.23030750247999748, 0.24233392743418855, 0.3756011236472112], [0.15240885283406858, 0.41808395529758763, 0.20298880404857308, 0.22651838781977082], [0.3561720917988602, 0.27379110119207156, 0.11395206838217495, 0.25608473862689335], [0.1479791635210693, 0.4356788899515735, 0.14720440652918457, 0.2691375399981725], [0.11993392776674891, 0.24458584498577457, 0.17129513865549667, 0.4641850885919799], [0.13914558521913956, 0.2936369133625419, 0.24080055328238756, 0.32641694813593114], [0.25463599631049905, 0.15621650100336287, 0.23538732432503098, 0.35376017836110724], [0.40888292207086624, 0.07676295903824887, 0.06921297283715346, 0.44514114605373145], [0.16037293922902876, 0.47340274900961843, 0.2050623816661678, 0.16116193009518498], [0.29783525521381105, 0.28534238699594217, 0.15383184919124993, 0.26299050859899675], [0.27602917414498845, 0.20535510485709602, 0.15676035920530806, 0.3618553617926075], [0.22245657325543214, 0.15615517027605735, 0.10571166077234231, 0.5156765956961681], [0.22276188200401795, 0.34953792351807844, 0.1608652891995332, 0.26683490527837034], [0.2516274214233749, 0.25578393405363004, 0.1539829205977952, 0.33860572392519966], [0.2161325757555575, 0.21546122546687962, 0.14772037229876536, 0.42068582647879754], [0.29106356133016, 0.24743951287663246, 0.29200719427848276, 0.16948973151472488], [0.17354367205669777, 0.45227014404189086, 0.12814439886552623, 0.24604178503588514], [0.37886400608257137, 0.2837617455526076, 0.15784137237269527, 0.17953287599212592], [0.22206536216416492, 0.3629389324700759, 0.19581598169499898, 0.21917972367076033], [0.2556973693459957, 0.22452308685673641, 0.08255696731850973, 0.4372225764787581], [0.3111857382022482, 0.24428303977164145, 0.1364659641543346, 0.3080652578717757], [0.5499834383974707, 0.1939483868466038, 0.07465992047811175, 0.18140825427781365], [0.19593409873456857, 0.3515915265297967, 0.12529710909711927, 0.3271772656385157], [0.23714698967801365, 0.22133151119531805, 0.3727228612709092, 0.16879863785575921], [0.4747419313154574, 0.12993886347339534, 0.12480226047924925, 0.2705169447318982], [0.2659850277392974, 0.2367511412593797, 0.10670449976596788, 0.3905593312353551], [0.24281828431727814, 0.28211778700856305, 0.16328539833274236, 0.3117785303414165], [0.34199248205579547, 0.25460065118074793, 0.16915079819050777, 0.2342560685729489], [0.24743624094240782, 0.25686088598134466, 0.1385609711304386, 0.3571419019458088], [0.32112599433874445, 0.2800897933027368, 0.1905328043010504, 0.2082514080574683]]}, "rewritten": {"ids": ["97105960", "97106970", "97107920", "97107950", "97109080", "97110950", "97112170", "97112290", "97116800", "97118210", "98108150", "98108370", "98108580", "98109570", "98110810", "98111860", "98112300", "98116500", "98120010", "99109910", "99112840", "99117630", "99117740", "100108260", "100108490", "100109311", "100109980", "100110050", "101108290", "101108580", "101110200", "101111310", "101111990", "101112540", "101112690", "101114020", "101119591", "102109850", "102110050", "102110750", "102111990", "102112030", "102113210", "102116340", "102117351", "103110050", "103110100", "103110840", "103111480", "104109311", "104112201", "104113000", "104113210", "104113240", "104117630", "104118340", "105113190", "105113480", "105114220", "105117200", "105118171", "105121190", "106112770", "106113170", "106114150", "106114280", "106116640", "106118820", "107112840", "107112850", "107113130", "107114621", "107116501", "107117010", "107118490", "107121540", "108113700", "108114040", "108114220", "108115500", "108116120", "108116501", "108117720", "108119510", "109114270", "109115070", "109115220", "109115380", "109116930", "109117150", "109117431", "109117630", "109118231", "109118820", "109119010", "109119340", "109120621", "110113931", "110114561", "110114651", "110115250", "110116290", "110117080", "110117140", "110117200", "110118161", "110118181", "110118450", "110118701", "110118880", "110119030", "110119891", "111116040", "111116290", "111117000", "111117120", "111118810", "111118820", "111119290", "111120260", "111120320", "111120591", "111121351", "112116540", "112116640", "112117580", "112117660", "112118620", "112118701", "112118930", "112119500", "112120700", "112121030", "113117550", "113119120", "113120070", "113120531", "113120640", "113121220", "113121410", "113122160", "113122190"], "labels": [2, 2, 0, 2, 2, 3, 0, 1, 0, 2, 0, 1, 0, 1, 1, 0, 2, 2, 2, 2, 2, 3, 2, 3, 2, 1, 1, 3, 0, 0, 2, 3, 2, 2, 1, 3, 0, 1, 3, 1, 2, 2, 3, 3, 1, 3, 1, 1, 0, 3, 0, 1, 3, 2, 0, 2, 3, 0, 3, 3, 3, 2, 1, 0, 1, 3, 3, 3, 1, 1, 1, 0, 1, 1, 2, 2, 0, 0, 3, 3, 1, 0, 1, 1, 3, 0, 3, 3, 0, 2, 1, 0, 1, 3, 3, 3, 1, 1, 0, 3, 1, 2, 1, 3, 3, 0, 1, 0, 3, 0, 0, 3, 0, 2, 0, 2, 0, 0, 3, 3, 1, 1, 0, 1, 0, 0, 0, 3, 0, 1, 2, 2, 0, 3, 3, 2, 0, 0, 3, 0, 3, 1], "predicted_labels": [1, 0, 0, 3, 1, 0, 3, 3, 1, 0, 1, 3, 1, 3, 1, 1, 0, 1, 1, 3, 1, 1, 0, 1, 3, 3, 1, 1, 3, 3, 1, 0, 1, 3, 3, 2, 0, 1, 2, 3, 0, 3, 3, 1, 3, 1, 2, 1, 1, 3, 0, 3, 3, 3, 3, 1, 0, 3, 0, 0, 1, 1, 3, 0, 1, 1, 3, 1, 0, 1, 1, 1, 0, 2, 1, 3, 0, 0, 0, 1, 0, 0, 1, 1, 3, 0, 2, 3, 3, 2, 3, 3, 0, 2, 1, 1, 1, 3, 1, 3, 1, 2, 3, 3, 0, 0, 1, 1, 1, 1, 2, 1, 0, 1, 1, 3, 3, 0, 2, 0, 1, 3, 0, 3, 1, 3, 3, 3, 3, 1, 1, 3, 0, 3, 3, 3, 1, 3, 0, 3, 1, 3], "confidence_scores": [[0.18978136349242303, 0.3007772916533196, 0.2822714843717069, 0.22716986048255058], [0.29580778482444897, 0.2776180740575553, 0.1526390996541134, 0.2739350414638823], [0.36723042916398685, 0.18522021391981702, 0.11687668130185241, 0.3306726756143438], [0.20369583510594103, 0.19026683246217926, 0.20586394825558352, 0.4001733841762962], [0.13143896071507208, 0.39939689582970794, 0.21403150266419585, 0.25513264079102427], [0.34838046352794994, 0.1552823691814727, 0.17373433446569705, 0.3226028328248801], [0.1799727529582734, 0.3027634817941173, 0.13344449756035784, 0.3838192676872515], [0.16399149976791352, 0.26938376864474955, 0.2589920867971003, 0.3076326447902368], [0.28279361556812393, 0.3919511568042263, 0.10816240614329546, 0.21709282148435408], [0.6772431879104762, 0.08645679442985378, 0.15135995436931513, 0.08494006329035489], [0.3139417498430033, 0.3482847032394267, 0.18973642216879333, 0.1480371247487767], [0.12819001451553885, 0.1894343456461787, 0.3146736822203543, 0.3677019576179283], [0.2901351576576333, 0.32598081578201227, 0.16364050001042885, 0.2202435265499256], [0.21731079391419028, 0.17056507236052337, 0.20533432104157878, 0.40678981268370756], [0.1700406877630334, 0.513087623570686, 0.11337304529173925, 0.20349864337454146], [0.14456932521886134, 0.4174354642293363, 0.28051808466803774, 0.15747712588376467], [0.41578824491811084, 0.19317149148577653, 0.19390945041432422, 0.19713081318178832], [0.1719506367024671, 0.3618195305582252, 0.28824486341652994, 0.1779849693227778], [0.25179224295139974, 0.4095744893907226, 0.14097504478511383, 0.19765822287276377], [0.09849786628675121, 0.12882284714652917, 0.34805756343227756, 0.424621723134442], [0.14374582500768965, 0.5625266212288106, 0.11405799416549403, 0.17966955959800573], [0.2203513296604002, 0.2988592504484274, 0.24173648065825767, 0.23905293923291487], [0.33630336991502957, 0.28134329894389726, 0.13640449577162497, 0.24594883536944814], [0.18993159250400862, 0.3772917823362675, 0.11842041618968062, 0.3143562089700434], [0.1598651370909971, 0.3324476337930112, 0.1042793229616244, 0.4034079061543674], [0.16345994038954004, 0.17756317636089505, 0.09917894207076655, 0.5597979411787984], [0.1767037691941686, 0.39938200865942824, 0.11508370748908212, 0.30883051465732125], [0.210957639440492, 0.3099199215040876, 0.26093814864595694, 0.21818429040946347], [0.30959974320576233, 0.13594453991828426, 0.21549820991698593, 0.3389575069589675], [0.2733153460296807, 0.15509695617323155, 0.2234604649728431, 0.3481272328242445], [0.19655154877565764, 0.36413590346062136, 0.20008758281941696, 0.23922496494430426], [0.31704791032103874, 0.28412950449561025, 0.1381829557606667, 0.26063962942268437], [0.12811579637131576, 0.3110520159941203, 0.3008593937701203, 0.2599727938644438], [0.18650210376914084, 0.19889787096109773, 0.18817533693701324, 0.4264246883327482], [0.12675629244418934, 0.21720774723286213, 0.14962825828477633, 0.5064077020381723], [0.21668013623080334, 0.16348207469844725, 0.44565498559636996, 0.17418280347437945], [0.32019512557220714, 0.2850370258926752, 0.10891697269505056, 0.2858508758400669], [0.24367347425450636, 0.3598841440178233, 0.1890629156459594, 0.20737946608171118], [0.2170427048647401, 0.25762341277542466, 0.2737846290944341, 0.25154925326540134], [0.14122906611305952, 0.2602576044388463, 0.28326248226210193, 0.31525084718599217], [0.35794655064968606, 0.1557247078761083, 0.26137831481561874, 0.2249504266585868], [0.17671261853926876, 0.33732704378374, 0.1421033007127716, 0.3438570369642195], [0.1589219239722209, 0.2849959560781253, 0.1134302356995121, 0.4426518842501416], [0.25995189317634865, 0.28809640638178574, 0.1707484379177674, 0.28120326252409833], [0.23315764278900086, 0.2660262411705777, 0.23172317672360193, 0.26909293931681944], [0.1588105363856022, 0.42869497748878826, 0.12122796671079403, 0.29126651941481546], [0.3542025855867277, 0.08683657767361071, 0.35725607850878527, 0.2017047582308766], [0.27356432102980066, 0.3402581980727514, 0.20995918538539615, 0.17621829551205176], [0.257367100238934, 0.30676391486248406, 0.1642714511604143, 0.2715975337381676], [0.29441339448433296, 0.21335599850130166, 0.1635294885833809, 0.32870111843098465], [0.45724729813084686, 0.19069419295744577, 0.10332579980266085, 0.24873270910904663], [0.24199497943028794, 0.20958693127820177, 0.19748431682089215, 0.350933772470618], [0.19077949287774526, 0.15240071150574408, 0.1819333070790877, 0.474886488537423], [0.16643724104826355, 0.2666706842304029, 0.14338573232513518, 0.42350634239619833], [0.20426188122739913, 0.20775019528916172, 0.20963162850107508, 0.3783562949823641], [0.26316930030708263, 0.3193794436229184, 0.14992807113172643, 0.2675231849382724], [0.3427899640431938, 0.18845276326006885, 0.1577387713699302, 0.31101850132680725], [0.1420624311713448, 0.24777138731425583, 0.12707591490887415, 0.4830902666055252], [0.32993619160498755, 0.3063032299288345, 0.12488325343298062, 0.23887732503319725], [0.3837306973765637, 0.2130421343206898, 0.11263144676215663, 0.2905957215405899], [0.3001524963838821, 0.3469672892975727, 0.12445562278987889, 0.22842459152866657], [0.261909914594315, 0.2742832060462634, 0.23892421662704885, 0.2248826627323727], [0.1608047087124556, 0.12855715428559533, 0.33870062270212137, 0.3719375142998278], [0.4010408421121385, 0.27119900787196266, 0.07650882212143649, 0.2512513278944623], [0.18388245696310723, 0.30225501409592276, 0.2546995054860703, 0.25916302345489983], [0.14207748613928317, 0.438137600825844, 0.17962504052908343, 0.24015987250578938], [0.2254597082358139, 0.22475561670186106, 0.1738757992986057, 0.3759088757637195], [0.14505397667969674, 0.36077544871668416, 0.21745800214546437, 0.2767125724581548], [0.461025314866525, 0.31065130451289374, 0.08605779325833392, 0.14226558736224737], [0.32067275571917225, 0.32606201312788785, 0.12775053253727264, 0.2255146986156672], [0.27460244488111324, 0.5038624075931034, 0.12835435197561004, 0.0931807955501732], [0.17321135545803595, 0.38420772034869766, 0.14085682348514192, 0.30172410070812467], [0.3229074330064575, 0.2294760292089905, 0.13812162229472866, 0.3094949154898232], [0.23066419868099636, 0.2540216876814654, 0.27272444050524675, 0.2425896731322916], [0.17919806320366766, 0.3661738988138643, 0.1746157088780986, 0.2800123291043695], [0.19776221879492165, 0.2767652795366658, 0.1175812238207039, 0.4078912778477086], [0.3526064236323459, 0.2645827055761944, 0.15700870274119597, 0.2258021680502638], [0.3056489085925411, 0.24387332299976072, 0.16928512561100867, 0.28119264279668954], [0.35443967951475436, 0.18706388151694064, 0.3147426391304781, 0.14375379983782696], [0.20386740247056084, 0.277931430783546, 0.2755479493017093, 0.24265321744418403], [0.3994598714486281, 0.16973960729141, 0.17739007640760718, 0.2534104448523548], [0.4883599194105471, 0.14769719674893586, 0.11125780685121736, 0.2526850769892997], [0.28101688762034416, 0.44283313375811967, 0.10181117823275532, 0.17433880038878075], [0.21316671869324424, 0.3270868367770067, 0.17772742593635266, 0.2820190185933967], [0.23814224496470612, 0.24920561742984731, 0.16006086024106836, 0.35259127736437845], [0.41530215525176534, 0.1838396077682962, 0.11606334558457186, 0.2847948913953666], [0.17740068973468254, 0.27372439075704197, 0.28059116864579986, 0.26828375086247547], [0.12543171041019932, 0.27335007312119713, 0.2407061934374368, 0.36051202303116686], [0.18009725940864768, 0.33340016854828036, 0.13658653256009154, 0.34991603948298033], [0.17738491337095483, 0.22563006388432358, 0.3535573464463211, 0.2434276762984008], [0.16221396527213566, 0.23253347582989037, 0.13268213079557106, 0.47257042810240274], [0.22700724685225893, 0.2322171005283956, 0.14759785747372325, 0.39317779514562223], [0.32430386486842633, 0.24301431887068028, 0.20411059115013108, 0.22857122511076247], [0.1784166790937648, 0.22474688869429862, 0.4457585277206212, 0.15107790449131545], [0.2705537218832841, 0.3601786237213141, 0.1162093194686378, 0.253058334926764], [0.2687083183591044, 0.30645350872391547, 0.26491318710241823, 0.15992498581456177], [0.23672789431753638, 0.3872152038007804, 0.10647837728630165, 0.26957852459538156], [0.19756552789973608, 0.19477507423393317, 0.1475670984394436, 0.4600922994268872], [0.29289388803613214, 0.3128744111952447, 0.17762893514750813, 0.21660276562111497], [0.32526968650015303, 0.19423369169921734, 0.14374293364768728, 0.33675368815294227], [0.2119855211541151, 0.4792961015982384, 0.10797385905386611, 0.20074451819378059], [0.19605524615495215, 0.1652548694096999, 0.4099442301857965, 0.2287456542495515], [0.1767691777780317, 0.3219491699698002, 0.16652759604122352, 0.3347540562109448], [0.1286933145871208, 0.27751175174856857, 0.29017233776514517, 0.3036225958991657], [0.33107029963181306, 0.22412317554676736, 0.12225811749737336, 0.3225484073240462], [0.3734420086083261, 0.17883967747531568, 0.07463735555855315, 0.3730809583578051], [0.17818580559439495, 0.36966010119410025, 0.2341100366940097, 0.2180440565174951], [0.1733932128490473, 0.4554080791144235, 0.16494919536516034, 0.20624951267136885], [0.15872099028531195, 0.43427516190587406, 0.1348173074414421, 0.2721865403673718], [0.18933253104473902, 0.36103319433916525, 0.19722310786292985, 0.25241116675316605], [0.1545844669607339, 0.320724190712618, 0.38054701459791207, 0.144144327728736], [0.14812793446443168, 0.3761733286821535, 0.16429176354001537, 0.3114069733133996], [0.47411175484685225, 0.13274603445178138, 0.12928697340733492, 0.2638552372940313], [0.10913069384925901, 0.4991459517802659, 0.16248068323079262, 0.2292426711396826], [0.2632118644252423, 0.2712619323145058, 0.2447675393604703, 0.2207586638997816], [0.2004596894345649, 0.26264824424085875, 0.15216890038242126, 0.38472316594215505], [0.33050827502880353, 0.19872925524144283, 0.09477926946658978, 0.3759832002631639], [0.5152905013801641, 0.1267735276801964, 0.09818382642624451, 0.25975214451339507], [0.11081275067595268, 0.16728826152515386, 0.4683432843434929, 0.2535557034554005], [0.30733805403010983, 0.29812626561542915, 0.11394530719622856, 0.2805903731582323], [0.1319878506749709, 0.4308870752608276, 0.2475129092235519, 0.18961216484064958], [0.23764362491212432, 0.0991443549021919, 0.11238015760619044, 0.5508318625794935], [0.4968443224483265, 0.15395451769391597, 0.08072502579149532, 0.2684761340662623], [0.1973949403255859, 0.2770843169674649, 0.15867454930025793, 0.3668461934066914], [0.1804580317572954, 0.3530509693139043, 0.1144972979551341, 0.35199370097366617], [0.1978780772868202, 0.2197009353763679, 0.11987443931665438, 0.46254654802015766], [0.23510328240954206, 0.14274643774006032, 0.19383614972875576, 0.42831413012164177], [0.24238328865206604, 0.2568224188887336, 0.20069697297794836, 0.3000973194812521], [0.16016561333356674, 0.27487109645337193, 0.173699849055566, 0.39126344115749545], [0.2679908781311222, 0.3293079389512685, 0.16348001288044245, 0.2392211700371669], [0.10637495862619985, 0.4374839100112727, 0.14940522624415684, 0.30673590511837073], [0.17866675604667556, 0.28023502709087045, 0.11690173130006629, 0.4241964855623878], [0.566353780874875, 0.1200562544963477, 0.1156173584807513, 0.1979726061480262], [0.247501086331142, 0.31005867496320794, 0.12400001449323896, 0.31844022421241125], [0.2141592339459876, 0.3016924503663219, 0.16511089065019735, 0.3190374250374932], [0.23685691990132285, 0.21359342803371836, 0.1808275039787743, 0.36872214808618453], [0.21578087674037122, 0.36441855232981024, 0.1754568163317461, 0.24434375459807253], [0.23747552324997584, 0.20844475482168157, 0.10713994250174463, 0.4469397794265979], [0.32633408519266766, 0.19105943468106287, 0.16105771389285917, 0.32154876623341033], [0.2762843313186238, 0.18231549335955088, 0.10157026269926885, 0.4398299126225565], [0.13039083425950568, 0.3680452368190292, 0.3444489557025831, 0.15711497321888224], [0.28228760168064554, 0.22801431112932097, 0.19022173861901082, 0.29947634857102273]]}}