{"test": {"ids": ["98106680", "113120531", "107114280", "102109010", "108120260", "100112060", "110120560", "106114880", "107121640", "100108580", "104114320", "100109890", "97116800", "109118231", "107115140", "98108970", "107117630", "102113350", "97112830", "99107640", "113122180", "112116501", "110118450", "101108290", "113122170", "100109980", "110115120", "113117401", "107113200", "112119610", "97106591", "98110230", "111115620", "113117550", "112117471", "106116370", "108121190", "112119930", "102113981", "106115120", "99109161", "112117790", "99109740", "105118740", "97107681", "112121010", "109117730", "106118820", "110118880", "111116640", "111120540", "99108330", "112116451", "113121010", "99111930", "103110100", "107114621", "107117010", "103113640", "98113881", "110113591", "111114171", "107114490", "107116980", "107114780", "101110150", "112118820", "109116750", "110121450", "111120320", "101110200", "112120630", "103110840", "112118511", "111119930", "105114220", "110121170", "112118581", "109121640", "105110091", "98106880", "112118701", "107114200", "103113101", "107113360", "104114240", "113122510", "110118161", "112119950", "98109090", "104111880", "106117650", "99107630", "99113260", "111118910", "111120531", "112116990", "107119950", "108116120", "113118630", "98110680", "98111620", "106120640", "107121700", "102112030", "113121980", "106113190", "99117630", "113120260", "101112540", "113119700", "103111620", "98110810", "99108710", "102109850", "109118820", "113118620", "103113170", "108116070", "99108520", "105112240", "105115250", "113118421", "112117780", "110114720", "113118490", "107113840", "107113130", "98109230", "105111990", "108120700", "102121440", "109121351", "103113610", "106120290", "101111140", "108119330", "106118161", "108121351", "110118111", "111118301", "106121220"], "labels": [1, 0, 3, 1, 1, 2, 0, 0, 1, 0, 2, 3, 0, 1, 0, 3, 0, 3, 2, 1, 2, 3, 0, 0, 1, 1, 0, 3, 0, 0, 1, 3, 1, 3, 3, 2, 1, 1, 1, 1, 3, 3, 3, 1, 3, 2, 3, 3, 0, 0, 1, 1, 0, 2, 1, 1, 0, 1, 1, 3, 0, 3, 3, 3, 2, 1, 0, 0, 3, 1, 2, 3, 1, 1, 1, 3, 2, 1, 0, 0, 0, 0, 2, 3, 0, 0, 2, 0, 0, 1, 3, 1, 2, 0, 0, 0, 0, 3, 1, 3, 2, 3, 3, 3, 2, 2, 0, 3, 3, 2, 0, 0, 1, 2, 1, 3, 3, 3, 1, 2, 1, 2, 3, 0, 3, 1, 3, 1, 1, 2, 2, 2, 0, 2, 2, 2, 0, 3, 3, 1, 3, 1], "predicted_labels": [1, 3, 1, 1, 1, 3, 3, 1, 1, 0, 1, 3, 0, 1, 3, 1, 0, 1, 3, 0, 3, 3, 1, 1, 1, 3, 3, 1, 3, 1, 2, 1, 3, 3, 0, 0, 1, 3, 1, 0, 0, 3, 1, 1, 0, 1, 3, 1, 3, 3, 1, 3, 0, 1, 1, 1, 0, 1, 0, 1, 0, 3, 3, 0, 1, 0, 1, 1, 0, 3, 1, 0, 1, 1, 3, 3, 3, 1, 0, 1, 1, 3, 1, 3, 0, 1, 1, 1, 3, 3, 1, 1, 3, 3, 1, 1, 3, 1, 0, 1, 2, 2, 1, 1, 3, 1, 1, 3, 3, 3, 1, 3, 2, 1, 2, 1, 1, 1, 1, 2, 1, 1, 3, 3, 1, 3, 1, 3, 2, 1, 1, 0, 0, 1, 1, 0, 3, 0, 0, 0, 1, 3], "confidence_scores": [[0.15529986752356065, 0.3575278127197081, 0.3329609296062505, 0.15421139015048102], [0.24310761584840448, 0.2374355352448527, 0.03839117150863184, 0.4810656773981109], [0.27555226716952214, 0.4620437751217419, 0.1760943374192025, 0.08630962028953344], [0.2653739605862888, 0.3041174011219152, 0.27282013518353776, 0.15768850310825822], [0.31876782594249503, 0.3826853517527562, 0.050343466794998334, 0.24820335550975048], [0.13735915589466074, 0.15716149936070453, 0.1697865688666968, 0.5356927758779383], [0.10992115252201985, 0.2484735673698906, 0.17514957060745207, 0.46645570950063764], [0.09359878060321981, 0.3486418591878397, 0.4452151208146899, 0.1125442393942505], [0.05302815381019613, 0.4037747306391947, 0.3287758382003686, 0.2144212773502406], [0.46957608474611945, 0.1316690646050036, 0.1477228019335291, 0.25103204871534823], [0.23391161950612008, 0.36076823473639497, 0.2747483686125278, 0.130571777144957], [0.16139038419713905, 0.059388073486110096, 0.053161011400061735, 0.7260605309166891], [0.8707029402605954, 0.030478757766290155, 0.02061220790302394, 0.0782060940700908], [0.17918301797598674, 0.6570483908928075, 0.09809962740688294, 0.06566896372432264], [0.1257851941551451, 0.024894246768040487, 0.021082209362619744, 0.8282383497141944], [0.03567070067871562, 0.39044425710072883, 0.5285666751079539, 0.045318367112601635], [0.7385610951155878, 0.02730363465823755, 0.11108318638948164, 0.12305208383669332], [0.12335584794452299, 0.3804200012942126, 0.14783406925874928, 0.348390081502515], [0.22184899247311718, 0.05945400375888543, 0.4393381223718767, 0.2793588813961204], [0.4366098327667392, 0.2647720707738834, 0.11830943712761971, 0.18030865933175766], [0.04218694204924841, 0.35484246163953803, 0.17479854746227333, 0.42817204884894033], [0.20462695089606028, 0.2355796728330725, 0.014660472556665494, 0.5451329037142019], [0.07399489424342497, 0.7269964633502893, 0.1028161354674625, 0.096192506938823], [0.20378809708699605, 0.5281446994773827, 0.07674361913937351, 0.19132358429624727], [0.04432689927735981, 0.3877166590697625, 0.4020723278291216, 0.1658841138237559], [0.24893196032084222, 0.19431540216269902, 0.20302301303318504, 0.35372962448327366], [0.12054306159906253, 0.22009304931918935, 0.06349829777943004, 0.5958655913023181], [0.15824429138147195, 0.6396967445082931, 0.00239824882315346, 0.19966071528708168], [0.170061247956874, 0.15628895859145267, 0.004009954537455613, 0.669639838914218], [0.015561335719735949, 0.5918781258110142, 0.24338032968208081, 0.1491802087871689], [0.17395663563057948, 0.17535813866687286, 0.6128170511941855, 0.03786817450836223], [0.2237478944230721, 0.6124310156075801, 0.061416920223934524, 0.10240416974541315], [0.17095959786401146, 0.1761268290451879, 0.013619424483041792, 0.6392941486077589], [0.0688538179810063, 0.15101500436582901, 0.07130309996401019, 0.7088280776891546], [0.6067604323173256, 0.23707688279745107, 0.07884079825535542, 0.07732188662986798], [0.6904934553039942, 0.03865006027104677, 0.04087550119603542, 0.22998098322892374], [0.03352953999869356, 0.46501631325662857, 0.17309640899324144, 0.3283577377514364], [0.1536975144817585, 0.13521827841596712, 0.5118242477966789, 0.19925995930559573], [0.4039332521279549, 0.3471544750115691, 0.09346231961753193, 0.15544995324294406], [0.49577054048302904, 0.11933726302367635, 0.01761703063095912, 0.3672751658623356], [0.47408060021005277, 0.1546033519811642, 0.1769726902662002, 0.19434335754258275], [0.2659692571428664, 0.14301768396840558, 0.04702752754554991, 0.5439855313431782], [0.13011605439223475, 0.23115815213280186, 0.5071829465900348, 0.13154284688492837], [0.08034832228001237, 0.5238265882485925, 0.2855102482926077, 0.11031484117878768], [0.6845912329600284, 0.1497386154046186, 0.11757109961372923, 0.048099052021623914], [0.0932988613834735, 0.2764614161887472, 0.4649156378434257, 0.16532408458435344], [0.1894879669446724, 0.25147078471617235, 0.2203941718168078, 0.3386470765223477], [0.05611153239209694, 0.7116467283935145, 0.033757230161617385, 0.19848450905277115], [0.46853307545085454, 0.019617924883694196, 0.0019567359005753567, 0.5098922637648761], [0.19942945515922406, 0.11562882568483686, 0.35483264983410573, 0.33010906932183337], [0.41437115360803295, 0.4391327784608231, 0.0919104156893804, 0.05458565224176362], [0.03550861327035037, 0.1269829336476791, 0.24245502971992297, 0.5950534233620478], [0.5765299485591839, 0.17641361138370037, 0.015063511396810792, 0.23199292866030516], [0.02785471436708439, 0.7972637722822847, 0.05708895061733848, 0.11779256273329254], [0.3452490747593809, 0.39235845220891624, 0.2099878027333542, 0.052404670298348915], [0.11074838384177427, 0.22464658402176407, 0.5882319179051911, 0.07637311423127072], [0.5441661845585171, 0.008288385425904874, 0.0006369040167778157, 0.4469085259988], [0.14950904054512038, 0.4201101948552805, 0.15813386571820118, 0.2722468988813979], [0.8302500678052553, 0.0068429720097349005, 0.004529174551032334, 0.15837778563397706], [0.13434544736483162, 0.23717778249747065, 0.5145677481906795, 0.1139090219470182], [0.7407184337681008, 0.13553995505172892, 0.005741477175214931, 0.11800013400495543], [0.10390423474249888, 0.18390337674097162, 0.06939683996774697, 0.6427955485487827], [0.15187574147306027, 0.33772289759403806, 0.03234831005565047, 0.4780530508772511], [0.7203183058764395, 0.024456892696616085, 0.0012538040747025977, 0.2539709973522419], [0.01880537075164746, 0.770221204656318, 0.12926015502573832, 0.08171326956629607], [0.4700607356678761, 0.2208907471400925, 0.06656397770430596, 0.2424845394877252], [0.32913268736334345, 0.39268516511878565, 0.012366496674523674, 0.265815650843347], [0.255956547860926, 0.34820179848304794, 0.1743057153029344, 0.22153593835309165], [0.3959363682762839, 0.25093397979361065, 0.006966760278055619, 0.34616289165205005], [0.06972324087517318, 0.3266013160157036, 0.13543367043770815, 0.46824177267141515], [0.0724752621135215, 0.5728210693246288, 0.12729935386295568, 0.22740431469889394], [0.4703603152095258, 0.08620913811938573, 0.005984672676950256, 0.43744587399413803], [0.12565839082626384, 0.4621479692171228, 0.16886956220890356, 0.24332407774770945], [0.169365822646248, 0.4299237552676783, 0.15998091238513162, 0.2407295097009422], [0.2291928410519029, 0.27249432048228495, 0.07258760818728684, 0.42572523027852494], [0.14410034387397966, 0.10166762867505201, 0.0922046506851116, 0.6620273767658563], [0.08002962750430762, 0.20465125419439506, 0.18769058294154686, 0.5276285353597505], [0.030760429632388262, 0.554134153700648, 0.17696506804124806, 0.2381403486257157], [0.444050638768766, 0.15497568573906023, 0.05802798121064576, 0.3429456942815277], [0.3432203892209676, 0.35818302235431165, 0.04781639978054254, 0.25078018864417817], [0.14852682201627465, 0.35568914845745053, 0.40635199897220936, 0.08943203055406539], [0.064581051189975, 0.14422464508035804, 0.008702976244303873, 0.7824913274853628], [0.08052513651039417, 0.7911278673271257, 0.03435777232662345, 0.09398922383585638], [0.10168634395815286, 0.2721470722931529, 0.3546590197441237, 0.27150756400457066], [0.7023329933593314, 0.09391866356474192, 0.01100281389623938, 0.19274552917968762], [0.32562445934996054, 0.29864844036235216, 0.1463452148630364, 0.22938188542465104], [0.029035267895969667, 0.4224747558105714, 0.2830137554979425, 0.2654762207955167], [0.38381460234324094, 0.3663825010407362, 0.023846971328163893, 0.22595592528785874], [0.4113515919929954, 0.0313483536396374, 0.030749752084121822, 0.5265503022832453], [0.41051420472473615, 0.06042482419225869, 0.13344003643514146, 0.3956209346478637], [0.020048386300996198, 0.5202519009693833, 0.2725322709124994, 0.18716744181712125], [0.10168329994553953, 0.420127392582732, 0.3455281117049617, 0.1326611957667666], [0.1152268638002244, 0.1232194499639301, 0.048522913800367634, 0.7130307724354781], [0.06840463249695394, 0.08763995068919377, 0.6864865243496684, 0.1574688924641837], [0.13529788239064552, 0.5276319326763997, 0.0793297002239854, 0.2577404847089692], [0.29392693836062617, 0.38914273609211303, 0.030322848336675517, 0.2866074772105852], [0.09360410377133442, 0.05159396828507523, 0.3359905320184082, 0.5188113959251823], [0.18839235791565373, 0.48065005757278867, 0.017875028195637202, 0.31308255631592063], [0.7271528461508763, 0.09788529606016036, 0.09629567537880106, 0.07866618241016209], [0.023392454918618702, 0.653934708007655, 0.18356527419573168, 0.13910756287799486], [0.0628057127761077, 0.24847272927978128, 0.6581736806362416, 0.030547877307869564], [0.022493118164865662, 0.148179979818534, 0.7871674453533279, 0.04215945666327198], [0.017097372394789236, 0.8144264361350769, 0.0897900553976606, 0.07868613607247328], [0.09252061361564805, 0.5360625945173109, 0.06840708020134932, 0.3030097116656919], [0.15258391620431275, 0.20951226816022067, 0.44588825543196314, 0.19201556020350347], [0.365467919566888, 0.446096860653071, 0.00528888813048106, 0.18314633164955943], [0.12148412740064768, 0.42747749317981615, 0.13978622770810042, 0.3112521517114351], [0.21183685584040093, 0.11633160619858622, 0.44072068658986757, 0.2311108513711453], [0.21150059175621594, 0.29391217371389833, 0.08253444104040461, 0.41205279348948104], [0.12187869860556888, 0.3283784613835686, 0.2136983378977842, 0.33604450211307807], [0.10594039463960375, 0.6180028913720763, 0.06105592280394522, 0.21500079118437496], [0.09009970336126732, 0.33878452286750027, 0.14657328564364272, 0.42454248812758955], [0.060234807323248034, 0.18757082731402194, 0.6793394934346175, 0.07285487192811257], [0.13956288521207036, 0.5258581983966174, 0.21657382186524637, 0.11800509452606602], [0.05943074351831891, 0.1102003915809943, 0.7624532226343282, 0.06791564226635807], [0.20801372084009837, 0.6501595470192555, 0.02173625017341788, 0.1200904819672284], [0.06542986284370629, 0.5875829784716414, 0.03590459480389482, 0.3110825638807575], [0.2967360377501465, 0.4226878891557254, 0.13778887372592094, 0.142787199368207], [0.07398725257737328, 0.48868964436187334, 0.21532985773612723, 0.22199324532462614], [0.1408277480541666, 0.20046264127398272, 0.601501964082479, 0.05720764658937203], [0.08439349339861063, 0.47267654722265906, 0.23722120333732266, 0.2057087560414077], [0.14123591130463534, 0.4175648960062288, 0.12787021116516423, 0.31332898152397104], [0.2680359871299297, 0.06734962187252318, 0.014909498694428728, 0.6497048923031185], [0.14834591877441858, 0.29315102454738096, 0.06050270868472073, 0.49800034799347975], [0.05372090536821009, 0.4847994356093146, 0.29900496745780003, 0.16247469156467545], [0.02619956268156296, 0.06448350009304604, 0.012507783145470575, 0.8968091540799202], [0.20981668960047808, 0.6450805115131735, 0.03909521993773607, 0.10600757894861233], [0.1106071199870194, 0.2643410240725358, 0.3477790260968167, 0.2772728298436285], [0.10148436073033183, 0.028866434219599658, 0.8429434152250372, 0.026705789825031096], [0.07430539060257255, 0.5437206727541868, 0.07470445862734666, 0.30726947801589416], [0.22018639099913495, 0.4000956966317155, 0.10413401984359894, 0.2755838925255508], [0.3493735451498639, 0.15965710546723808, 0.2029196659946004, 0.28804968338829756], [0.5130231560595007, 0.16234613096554468, 0.16069905361573963, 0.16393165935921503], [0.16499267511920623, 0.34598821642434974, 0.40695253168702306, 0.08206657676942136], [0.04351533177408024, 0.7704274009655429, 0.04861141091969808, 0.1374458563406788], [0.37647105050051893, 0.21204105392548583, 0.19103004310753707, 0.22045785246645824], [0.2393966089722093, 0.2579682231481566, 0.0963629534370556, 0.40627221444257866], [0.6241739533862412, 0.20993427470846365, 0.05245720404192619, 0.11343456786336896], [0.3755806209103554, 0.2394012630801207, 0.0763364632600731, 0.30868165274945086], [0.8231295337005107, 0.08140527428469016, 0.03911301068599722, 0.05635218132880176], [0.1893308028313039, 0.35391241066374035, 0.1206275455649808, 0.33612924093997526], [0.018662215836292025, 0.2858188426174552, 0.05776361029602107, 0.6377553312502314]]}, "rewritten": {"ids": ["97106591", "97107681", "97112830", "97116800", "98106680", "98106880", "98108970", "98109090", "98109230", "98110230", "98110680", "98110810", "98111620", "98113881", "99107630", "99107640", "99108330", "99108520", "99108710", "99109161", "99109740", "99111930", "99113260", "99117630", "100108580", "100109890", "100109980", "100112060", "101108290", "101110150", "101110200", "101111140", "101112540", "102109010", "102109850", "102112030", "102113350", "102113981", "102121440", "103110100", "103110840", "103111620", "103113101", "103113170", "103113610", "103113640", "104111880", "104114240", "104114320", "105110091", "105111990", "105112240", "105114220", "105115250", "105118740", "106113190", "106114880", "106115120", "106116370", "106117650", "106118161", "106118820", "106120290", "106120640", "106121220", "107113130", "107113200", "107113360", "107113840", "107114200", "107114280", "107114490", "107114621", "107114780", "107115140", "107116980", "107117010", "107117630", "107119950", "107121640", "107121700", "108116070", "108116120", "108119330", "108120260", "108120700", "108121190", "108121351", "109116750", "109117730", "109118231", "109118820", "109121351", "109121640", "110113591", "110114720", "110115120", "110118111", "110118161", "110118450", "110118880", "110120560", "110121170", "110121450", "111114171", "111115620", "111116640", "111118301", "111118910", "111119930", "111120320", "111120531", "111120540", "112116451", "112116501", "112116990", "112117471", "112117780", "112117790", "112118511", "112118581", "112118701", "112118820", "112119610", "112119930", "112119950", "112120630", "112121010", "113117401", "113117550", "113118421", "113118490", "113118620", "113118630", "113119700", "113120260", "113120531", "113121010", "113121980", "113122170", "113122180", "113122510"], "labels": [1, 3, 2, 0, 1, 0, 3, 1, 1, 3, 2, 1, 3, 3, 2, 1, 1, 2, 2, 3, 3, 1, 0, 3, 0, 3, 1, 2, 0, 1, 2, 2, 2, 1, 1, 2, 3, 1, 2, 1, 1, 0, 3, 3, 2, 1, 3, 0, 2, 0, 2, 1, 3, 2, 1, 0, 0, 1, 2, 1, 3, 3, 2, 3, 1, 1, 0, 0, 3, 2, 3, 3, 0, 2, 0, 3, 1, 0, 3, 1, 3, 1, 1, 0, 1, 2, 1, 3, 0, 3, 1, 3, 0, 0, 0, 3, 0, 1, 0, 0, 0, 0, 2, 3, 3, 1, 0, 3, 0, 1, 1, 0, 1, 0, 3, 0, 3, 0, 3, 1, 1, 0, 0, 0, 1, 0, 3, 2, 3, 3, 3, 1, 3, 3, 0, 3, 0, 2, 2, 1, 2, 2], "predicted_labels": [1, 0, 3, 0, 1, 1, 1, 0, 2, 1, 2, 1, 2, 2, 3, 0, 1, 2, 1, 0, 1, 1, 3, 1, 0, 3, 0, 3, 1, 0, 3, 3, 3, 1, 2, 2, 1, 1, 0, 1, 1, 1, 1, 1, 1, 0, 1, 1, 1, 0, 1, 1, 3, 1, 1, 1, 1, 0, 0, 1, 0, 1, 1, 1, 1, 3, 3, 1, 1, 1, 1, 1, 0, 1, 3, 0, 1, 0, 1, 3, 1, 1, 0, 1, 1, 1, 1, 1, 1, 3, 1, 1, 0, 0, 0, 1, 1, 0, 1, 1, 3, 3, 3, 0, 0, 3, 0, 1, 1, 3, 1, 1, 0, 0, 3, 3, 1, 3, 3, 1, 1, 3, 0, 1, 3, 0, 0, 1, 1, 3, 3, 3, 1, 1, 1, 3, 1, 1, 1, 1, 3, 1], "confidence_scores": [[0.11309548538979618, 0.6897305711134737, 0.07046268360884174, 0.12671125988788848], [0.6050863034746078, 0.1245383435183177, 0.2095015127341755, 0.06087384027289922], [0.20330626433294452, 0.05251067475848924, 0.535207431474255, 0.2089756294343114], [0.6148452008094591, 0.11828529383229355, 0.07551916472326144, 0.19135034063498568], [0.18846070083153724, 0.4169836492978113, 0.22445322005277932, 0.17010242981787257], [0.2600662068652639, 0.41632530405839535, 0.2329124410234244, 0.09069604805291637], [0.059928632055713534, 0.6341748505900249, 0.21135517138819243, 0.09454134596606904], [0.6628298426984505, 0.041253222641935455, 0.08908512064693545, 0.2068318140126787], [0.17695083526575925, 0.041594949295697986, 0.749647558043777, 0.031806657394765195], [0.4458853020924888, 0.33095712755127554, 0.05378510904211567, 0.16937246131412012], [0.07628356731879987, 0.2265519784650306, 0.6784022005823606, 0.018762253633809366], [0.12566834361696103, 0.36885076145251877, 0.40316608010030125, 0.10231481483021881], [0.05717324493735145, 0.24853484701782216, 0.6295814299482967, 0.06471047809652967], [0.23777369086041095, 0.12172661938173529, 0.5622691373449723, 0.07823055241288156], [0.10873099508975423, 0.24419101151472472, 0.10162156940048099, 0.5454564239950402], [0.4633140138819259, 0.23091368149083702, 0.06756013991856552, 0.23821216470867154], [0.02527026475379245, 0.4620863670645789, 0.14323890220925983, 0.3694044659723688], [0.177533403014671, 0.12297619756656955, 0.5607614963347124, 0.13872890308404684], [0.09073560851170936, 0.3679500127392861, 0.2536328161787643, 0.28768156257024025], [0.5189330904038364, 0.21325290590631252, 0.11800503554001017, 0.149808968149841], [0.14671679694559905, 0.28187913290192274, 0.47463287955684, 0.09677119059563799], [0.35814136976983085, 0.48152196474342385, 0.07948109103327465, 0.08085557445347064], [0.10596545214187945, 0.12719754452605056, 0.5190854894304495, 0.2477515139016207], [0.17871987085726967, 0.20563012479613013, 0.48811782467216647, 0.12753217967443356], [0.4313413726237491, 0.13530726429525528, 0.1831353500178286, 0.25021601306316715], [0.1636233699437744, 0.07033576063337486, 0.2067997155755894, 0.5592411538472613], [0.3571681296393668, 0.23694403204167427, 0.24068000605405726, 0.16520783226490174], [0.17266765895455807, 0.16547598299028915, 0.18937124776786338, 0.47248511028728923], [0.12360045271202195, 0.6067533103654742, 0.07643891325443083, 0.19320732366807272], [0.45174192739905655, 0.1873256001821491, 0.09001315555256673, 0.27091931686622744], [0.18293065805697772, 0.08318470324675688, 0.08208561380198293, 0.6517990248942825], [0.3039489939690109, 0.19810382181550232, 0.21476532055558334, 0.2831818636599034], [0.13637325618152077, 0.2663615370200759, 0.2604425444448599, 0.3368226623535433], [0.29678656049986907, 0.3597455637700083, 0.2009358489007417, 0.14253202682938113], [0.10437872311885775, 0.08979444145134871, 0.7295631740249339, 0.07626366140485973], [0.15291864525970097, 0.16611222163186204, 0.5404616417899742, 0.14050749131846285], [0.21197511122559884, 0.49317611864061295, 0.09968977088711081, 0.1951589992466774], [0.43292179595816727, 0.324109604959106, 0.0903540185905764, 0.15261458049215013], [0.395414555465261, 0.13527917208159707, 0.16307976294775692, 0.30622650950538505], [0.09131414992516952, 0.46516428257742864, 0.2281043708350037, 0.21541719666239803], [0.06927114831434136, 0.5077775404277489, 0.1358817828340877, 0.2870695284238222], [0.08178794424219071, 0.46303133098753996, 0.17389509106656365, 0.28128563370370574], [0.1019605188322124, 0.353310620792219, 0.29677801603821913, 0.2479508443373495], [0.15239547319767988, 0.5557295006804467, 0.13480310977098398, 0.15707191635088952], [0.1876135100651105, 0.37022270287440207, 0.33154189046583893, 0.1106218965946483], [0.8296300023762619, 0.017351977818155364, 0.016184320395635155, 0.13683369940994777], [0.02243002537151664, 0.5844437633865616, 0.20536813436554335, 0.18775807687637838], [0.3471458805540771, 0.3590460315127094, 0.07544957379605183, 0.21835851413716156], [0.23949283962311155, 0.3696606064463122, 0.21399279523384143, 0.17685375869673442], [0.5538711795347977, 0.20640453273994264, 0.09059664490149, 0.14912764282376975], [0.059894848433197395, 0.6062734914826133, 0.08545212145225697, 0.24837953863193227], [0.09832373366668606, 0.4217663809193283, 0.20581134745340832, 0.2740985379605774], [0.2938899657063693, 0.08345617905369422, 0.05674705726018765, 0.5659067979797487], [0.12633339194933044, 0.4455593776087896, 0.13196874295010416, 0.29613848749177557], [0.14303301340655297, 0.6498747397736393, 0.14535406098198864, 0.061738185837819023], [0.15981787058136535, 0.41146223678722976, 0.15772876746856726, 0.2709911251628374], [0.12940727772817634, 0.49110742371440214, 0.2596477750833759, 0.11983752347404544], [0.47689698830462884, 0.11958063522286061, 0.018851262784626094, 0.3846711136878843], [0.514926140713082, 0.04581094160360292, 0.05344508870102967, 0.3858178289822855], [0.04716070933192095, 0.5334239011327254, 0.3418510080606401, 0.07756438147471333], [0.7200782270734449, 0.096485548905589, 0.023372652410587495, 0.16006357161037876], [0.03899587503311923, 0.706959403674771, 0.06311467662273344, 0.19093004466937644], [0.0603870731226772, 0.6961564394381088, 0.03303274995947647, 0.21042373747973736], [0.09518509704575029, 0.6967670673250687, 0.10062697356493461, 0.10742086206424672], [0.049099287009800915, 0.4179719873882098, 0.15677822326410862, 0.37615050233788055], [0.13365943850821657, 0.20587888203722646, 0.39092210968300756, 0.2695395697715496], [0.43426069268292394, 0.09660720287779628, 0.0025065365266129826, 0.4666255679126668], [0.1394808371857927, 0.416926591873548, 0.13565631235465128, 0.30793625858600804], [0.34002594803570674, 0.5312734177500635, 0.008187450574106362, 0.12051318364012317], [0.21951123067891606, 0.6441842595053411, 0.029419088454213593, 0.10688542136152962], [0.13964901414805572, 0.43263413857653477, 0.26847383904387107, 0.15924300823153842], [0.1353538279841003, 0.46001015794026523, 0.02524710032047579, 0.37938891375515893], [0.5623041239571736, 0.013257353299183879, 0.0007627345514767913, 0.4236757881921656], [0.041675153133700404, 0.4524064828967394, 0.32809897499436186, 0.177819388975198], [0.07788496202618855, 0.011542180944552755, 0.01919838973055799, 0.8913744672987006], [0.9626297523620916, 0.017075854279242225, 0.002028172063009237, 0.018266221295656877], [0.2098930389450877, 0.301586857472886, 0.2637157262975549, 0.22480437728447172], [0.7642422572315196, 0.024220344962433877, 0.06451855351316238, 0.14701884429288423], [0.18630797261122695, 0.501990980989747, 0.014404308291058217, 0.29729673810796803], [0.11926072705814574, 0.19365154241292604, 0.3098633357950776, 0.3772243947338506], [0.1373649761299368, 0.5035766270692261, 0.0856808207173344, 0.2733775760835027], [0.08610600671795447, 0.5236911584547217, 0.13974008537049365, 0.2504627494568299], [0.7178330954236817, 0.08648548035575737, 0.09616972925365526, 0.09951169496690586], [0.22855960661903066, 0.3430620266995925, 0.0938738825897045, 0.33450448409167227], [0.46486244205973376, 0.3155417517785019, 0.026497556510366133, 0.19309824965139846], [0.3599500683849095, 0.35642807915317204, 0.052804946450517025, 0.23081690601140137], [0.0856089548747139, 0.6048331135128878, 0.1775295664931529, 0.1320283651192454], [0.32710094740271956, 0.43872251780036897, 0.04086971854812499, 0.19330681624878646], [0.35654627906991604, 0.2854795707754762, 0.08185971927807417, 0.27611443087653353], [0.2343835009349904, 0.18349658243574538, 0.3124928339030405, 0.2696270827262236], [0.2486519473722914, 0.5703736367999107, 0.12262613138398018, 0.058348284443817934], [0.1542308582204433, 0.5428786083454099, 0.06564209767833808, 0.2372484357558087], [0.6851431304537482, 0.15888539981691285, 0.03730711948720765, 0.11866435024213103], [0.49414734375256747, 0.20392189221770396, 0.04875744204590792, 0.2531733219838206], [0.5267734727394178, 0.30963811815991643, 0.036106567052312966, 0.12748184204835303], [0.06547399606700266, 0.4196025485805189, 0.44651403960962044, 0.06840941574285797], [0.15784473091004572, 0.4680988695891234, 0.06320494373255973, 0.310851455768271], [0.6842615339526003, 0.17240927987364546, 0.03271774384373439, 0.11061144233001972], [0.37938549176190056, 0.4640983956865472, 0.031137143466336826, 0.12537896908521534], [0.06813808855978562, 0.6777039419527927, 0.16837160743490548, 0.08578636205251639], [0.3915370977484817, 0.02135703175885039, 0.002912889577588764, 0.584192980915079], [0.34095597069905753, 0.15752289082567889, 0.16082196700204704, 0.3406991714732166], [0.07757709794120513, 0.10908677380250754, 0.1989967851953766, 0.6143393430609112], [0.49971350059285985, 0.17307409341072416, 0.007499670659744507, 0.31971273533667194], [0.5298227051205168, 0.06290871182262263, 0.008270466462350646, 0.39899811659451], [0.20324566653799006, 0.20778635514278837, 0.021222852144444432, 0.5677451261747771], [0.6019925879745027, 0.16469309565829252, 0.13076235135237724, 0.10255196501482765], [0.23137133812444208, 0.3386366740285625, 0.16185900873357237, 0.268132979113423], [0.257902885540933, 0.4311427093363727, 0.027615640527607024, 0.28333876459508767], [0.2448478026926882, 0.19011102370137506, 0.03189318667463395, 0.5331479869313032], [0.08436460053526953, 0.5184851970330263, 0.07939192042154147, 0.31775828201016276], [0.2727087378195732, 0.35178126579123103, 0.02090271717666357, 0.35460727921253204], [0.5758815797558194, 0.3491695902056161, 0.04890492549350409, 0.026043904545060254], [0.4933545593281331, 0.29918765745483245, 0.06591133972444242, 0.14154644349259154], [0.3806386483438595, 0.15884207086825092, 0.012110269876160684, 0.448409010911729], [0.06391485242225123, 0.07139193049324363, 0.11976410845855419, 0.7449291086259507], [0.4680929115695368, 0.4419458020350588, 0.01975182451256323, 0.07020946188284095], [0.12472063003096262, 0.35906738574395736, 0.0872770115174682, 0.4289349727076119], [0.19390172891311558, 0.28227698515491084, 0.13417927471798838, 0.3896420112139857], [0.36872694052442, 0.35250254178891477, 0.12195086619190693, 0.15681965149475832], [0.03452467509189561, 0.675688258408068, 0.09060171837769035, 0.19918534812234606], [0.08301764029387645, 0.15561935910446792, 0.010337070205383775, 0.751025930396272], [0.4386452823828854, 0.28887847171505543, 0.008859232481858704, 0.26361701342020033], [0.03921291424785998, 0.6198436078195199, 0.22042774317247282, 0.12051573476014729], [0.133432376451571, 0.12190632195774974, 0.5555050324547054, 0.18915626913597391], [0.49454503635470604, 0.036831868142590714, 0.05118203085174814, 0.41744106465095504], [0.47854037728815146, 0.15962331650726844, 0.02282654557170644, 0.33900976063287364], [0.043479719198857986, 0.27514419299413034, 0.5074766258216397, 0.17389946198537184], [0.09919247751784191, 0.7486157221867722, 0.010387359818402667, 0.14180444047698326], [0.04410198992805357, 0.12053208024112762, 0.06138537235729951, 0.7739805574735191], [0.41756548053462356, 0.06337871165474385, 0.04333777464455071, 0.4757180331660818], [0.04277248287463169, 0.09987996972984864, 0.01379696667747894, 0.843550580718041], [0.1075960783678435, 0.47352851797762086, 0.08429924272366787, 0.33457616093086767], [0.04498409833788862, 0.541814100301722, 0.23090573180337767, 0.18229606955701202], [0.10229824455121381, 0.5321538067376306, 0.03722735439110834, 0.3283205943200472], [0.2205261474030801, 0.26473509235542103, 0.07066925694953413, 0.4440695032919647], [0.21846781989351127, 0.43752008458184055, 0.00982854840121743, 0.3341835471234307], [0.05248990311662587, 0.8515902995263155, 0.033242687179585034, 0.06267711017747377], [0.49894071624682024, 0.3398604942601075, 0.0038673194319114837, 0.1573314700611607], [0.02075090273070364, 0.48018980095900377, 0.28493762798823646, 0.2141216683220557], [0.06477791099729613, 0.3678969922724229, 0.10185314516299071, 0.4654719515672899], [0.014824380600843347, 0.5367340345277013, 0.3284871895505011, 0.11995439532095417]]}}