{"test": {"ids": ["111120540", "113121750", "109115220", "112117660", "105111990", "111121410", "102109010", "100109330", "112118471", "112120990", "109116441", "101114990", "110119891", "97106970", "104114240", "111114321", "105121370", "102109850", "112119500", "107114280", "111120591", "111120260", "103109641", "101108621", "112118860", "103120780", "103113270", "103120290", "113119930", "112116810", "113121190", "112118421", "105113440", "100113210", "105112240", "113119450", "107114950", "110118181", "104117630", "113120531", "107113260", "104113210", "101112160", "111115620", "105115570", "106115120", "113119320", "103112470", "110121720", "108120260", "106120640", "98108370", "103118291", "107118490", "102110690", "110118740", "113122170", "111116110", "101108121", "108116501", "100108080", "103113210", "106114150", "101109000", "112119120", "113118421", "99108460", "110114610", "109119010", "99109161", "103113101", "97116800", "99117740", "106114880", "110121500", "106114321", "112118820", "111115910", "105112260", "110118450", "97107260", "108116070", "104111990", "108121351", "107115140", "103111830", "102112170", "111120220", "106114280", "98107410", "105114220", "105116980", "104118340", "98110230", "105115680", "109116810", "113117550", "97109570", "103113610", "107121230", "101112540", "97113900", "111118820", "97105451", "106116640", "108120280", "104117200", "103111480", "104116980", "102113210", "109117271", "103120531", "99112840", "113120260", "110114651", "109115070", "112118810", "102110240", "109119591", "110115120", "98120530", "107113180", "113122430", "98111231", "103111170", "113121410", "103113170", "98108580", "113120280", "106119260", "99111000", "113118620", "98117740", "99108710", "98116500", "108115250", "110115580", "97105960", "99107950", "113119700", "111117200", "100109311"], "labels": [1, 0, 3, 0, 2, 0, 1, 0, 1, 2, 3, 3, 3, 2, 0, 1, 2, 1, 2, 3, 1, 3, 1, 0, 3, 1, 2, 2, 1, 3, 1, 3, 0, 0, 1, 3, 3, 1, 0, 0, 0, 3, 3, 1, 0, 1, 1, 1, 3, 1, 3, 1, 0, 2, 0, 3, 1, 3, 0, 0, 0, 3, 1, 1, 1, 3, 0, 1, 3, 3, 3, 0, 2, 0, 3, 2, 0, 2, 3, 0, 2, 1, 2, 3, 0, 3, 3, 3, 3, 3, 3, 0, 2, 3, 2, 3, 3, 0, 2, 0, 2, 2, 0, 0, 3, 3, 3, 0, 1, 3, 0, 3, 2, 3, 3, 0, 3, 3, 0, 0, 1, 3, 2, 1, 2, 0, 3, 0, 0, 1, 2, 3, 2, 2, 2, 1, 1, 2, 1, 0, 0, 1], "predicted_labels": [1, 1, 0, 3, 1, 1, 0, 0, 1, 1, 3, 2, 1, 1, 3, 2, 1, 2, 3, 3, 0, 1, 1, 3, 1, 1, 3, 3, 1, 0, 1, 1, 3, 1, 0, 1, 3, 0, 1, 3, 1, 1, 1, 2, 1, 1, 1, 0, 3, 1, 3, 1, 3, 1, 0, 0, 1, 0, 0, 0, 2, 3, 1, 1, 3, 0, 2, 1, 0, 1, 1, 0, 0, 1, 0, 1, 3, 0, 1, 1, 0, 2, 1, 0, 2, 2, 0, 0, 0, 0, 1, 1, 3, 1, 1, 0, 1, 3, 0, 3, 3, 2, 1, 2, 0, 1, 0, 0, 1, 0, 3, 1, 3, 1, 0, 1, 3, 2, 1, 1, 2, 0, 0, 0, 0, 1, 1, 3, 0, 3, 1, 0, 3, 1, 2, 2, 3, 3, 1, 1, 0, 0], "confidence_scores": [[0.1254138045252793, 0.45020398924237565, 0.08938275896141612, 0.3349994472709289], [0.21070731563659253, 0.46514503839367655, 0.1499448147759107, 0.17420283119382024], [0.40687911836708346, 0.21094197899404676, 0.1879900056846679, 0.1941888969542021], [0.2499950063797202, 0.24801895191662243, 0.15587262677684974, 0.34611341492680764], [0.17715929847007744, 0.3657704819761451, 0.1659796041039009, 0.29109061544987663], [0.0870184197074471, 0.6432957512692157, 0.06788387266795064, 0.2018019563553866], [0.4729774631600035, 0.17987572263978002, 0.17843872616533846, 0.168708088034878], [0.3670226282420641, 0.3056418087324165, 0.16499428207965283, 0.1623412809458668], [0.20957854224207095, 0.37631761855548623, 0.07751327574502222, 0.33659056345742083], [0.1628645682419207, 0.41073498890599547, 0.23676813752872256, 0.1896323053233614], [0.2042429486334177, 0.238267216503052, 0.07950743955033732, 0.47798239531319303], [0.1919739460444609, 0.22713360469401336, 0.48971251107389774, 0.09117993818762812], [0.10535026066464383, 0.7547390229685235, 0.0324687984861999, 0.10744191788063283], [0.18310351433467875, 0.3517408925974401, 0.2039098577228212, 0.26124573534505985], [0.06571908152903044, 0.13264583303830807, 0.2168531969442239, 0.5847818884884377], [0.2087623813227545, 0.2368898375196597, 0.34872205851584026, 0.20562572264174553], [0.2060991152328808, 0.499489692188821, 0.1414896348394018, 0.1529215577388965], [0.14064596204125113, 0.1972827231598143, 0.41837718149781905, 0.24369413330111567], [0.15796765763692636, 0.24253809389286737, 0.2039260255184992, 0.395568222951707], [0.14446528099250733, 0.27550016806169736, 0.2346739817358676, 0.34536056920992764], [0.456290809445585, 0.12753571884611248, 0.24988428018735018, 0.16628919152095245], [0.28829924394122103, 0.3655959186970495, 0.14735307724510555, 0.19875176011662407], [0.22217933180972496, 0.514654195269502, 0.05762642229593029, 0.2055400506248429], [0.20065093643913182, 0.25374323083641603, 0.27239943273448414, 0.2732063999899681], [0.10708826992026882, 0.4812871411496856, 0.046781790131503194, 0.36484279879854226], [0.0894446370782533, 0.6142052695549165, 0.14437135081389552, 0.15197874255293461], [0.08206623487878446, 0.2522606181263923, 0.1136549458296488, 0.5520182011651745], [0.15730603214103314, 0.20359274617144887, 0.19929037426716667, 0.43981084742035126], [0.1955074555849957, 0.4155935643298992, 0.073664225890802, 0.3152347541943031], [0.35368947824513197, 0.2641874694200022, 0.11130820809699539, 0.2708148442378704], [0.15974076134467224, 0.5507430849164785, 0.10869809260387825, 0.18081806113497106], [0.19029395626469048, 0.4708759073424165, 0.06876694842923389, 0.2700631879636593], [0.0887221202789746, 0.2827913772206039, 0.05893734495894791, 0.5695491575414735], [0.20447821705306443, 0.33242953550989973, 0.19053973742042232, 0.27255251001661357], [0.5561752473776825, 0.29956421936586186, 0.05803480529142384, 0.08622572796503168], [0.11001493702238695, 0.4938470641442305, 0.11024503631541649, 0.2858929625179662], [0.19725348871644505, 0.2901226952821826, 0.18196454096058695, 0.33065927504078535], [0.5663822082232008, 0.2662490457835447, 0.06216925755832069, 0.10519948843493393], [0.1889611677257195, 0.44025756308622993, 0.17028443079638841, 0.20049683839166213], [0.15253328361191454, 0.2828480162882806, 0.09697724196365132, 0.4676414581361536], [0.2889994173942766, 0.35766159476191023, 0.13783986410424287, 0.2154991237395703], [0.1425420035530018, 0.5970218435202769, 0.09524861229738284, 0.1651875406293384], [0.2118023726147742, 0.3824260017453004, 0.1661809783266485, 0.23959064731327703], [0.2455820274525442, 0.23868569268307585, 0.30452826637490454, 0.21120401348947557], [0.11793913015292384, 0.4681162167990738, 0.20566080199543596, 0.2082838510525665], [0.09557955344419714, 0.4693813537641365, 0.15089226885865883, 0.2841468239330076], [0.22155757397245535, 0.4602105447542169, 0.08854635797642522, 0.2296855232969026], [0.5127392818404929, 0.1498906199543116, 0.21969404028455908, 0.11767605792063633], [0.15376959227027234, 0.3111396372027203, 0.147096540533653, 0.38799422999335437], [0.1113952298348544, 0.4141450688941487, 0.08840692304081875, 0.3860527782301782], [0.1913144278264759, 0.2723776646045526, 0.17575845679433494, 0.3605494507746367], [0.1814187077698243, 0.40298661379550194, 0.16635344000988656, 0.24924123842478738], [0.2566597366797685, 0.14102003932581053, 0.0606595341287085, 0.5416606898657124], [0.19829132395207028, 0.4392400977198385, 0.2115973845935304, 0.15087119373456082], [0.49197270064494464, 0.17713256397160537, 0.09323613042030597, 0.23765860496314406], [0.5205891310544536, 0.19243052355963386, 0.05694196334179196, 0.23003838204412064], [0.15584831847944158, 0.48590950106019687, 0.13843495314333384, 0.21980722731702773], [0.4876946342008496, 0.1907963170000423, 0.21378838461048041, 0.10772066418862769], [0.5002930326013095, 0.13102492151497355, 0.0993204629142806, 0.26936158296943635], [0.4143399754761469, 0.23137195490744236, 0.0850222260186674, 0.2692658435977432], [0.12812891427840042, 0.1272718674657604, 0.5712825914024307, 0.17331662685340843], [0.2133936572463201, 0.26387563033488864, 0.14888533923461025, 0.373845373184181], [0.28052449610980357, 0.3414925385458309, 0.13314173591511305, 0.24484122942925265], [0.18646968483572204, 0.40300504161893963, 0.11718221029682142, 0.2933430632485169], [0.18855246566723258, 0.3066805385280168, 0.19127834921518472, 0.31348864658956593], [0.46471727465713764, 0.29673080867430135, 0.08508785168012427, 0.15346406498843668], [0.07900167474163403, 0.1999181439399877, 0.5428406318318899, 0.1782395494864885], [0.21717977369056424, 0.4153636692401268, 0.08735151232418067, 0.2801050447451284], [0.33347597376548227, 0.22595630291081528, 0.1451952768193561, 0.29537244650434646], [0.25950146942454155, 0.41602857559477985, 0.13506985721931253, 0.189400097761366], [0.19448213438216916, 0.4307426374509775, 0.1466560780598378, 0.22811915010701553], [0.5781292138266205, 0.18292528707583142, 0.11331863064808612, 0.12562686844946186], [0.3240782338178473, 0.23785590596930353, 0.16083175293783528, 0.277234107275014], [0.16285358159969807, 0.5093344935082679, 0.09030091605474524, 0.23751100883728885], [0.41765750302619137, 0.3042871289360667, 0.12762015719208167, 0.1504352108456603], [0.21245750812415126, 0.38930959758151285, 0.11979385435131136, 0.2784390399430244], [0.22969832464297324, 0.2099791035052516, 0.24540283902595003, 0.3149197328258252], [0.5703361735027564, 0.19942627434808102, 0.14294663718910033, 0.08729091496006207], [0.13359226721683426, 0.5014064230899815, 0.14302235426455567, 0.22197895542862853], [0.15972585234661005, 0.5787552123906402, 0.09008319169952056, 0.1714357435632294], [0.4111720740448639, 0.2516721176283142, 0.17452282122230978, 0.1626329871045123], [0.15497930537038945, 0.2080368833575931, 0.5019647106502696, 0.13501910062174788], [0.13174107321936118, 0.5191072589233943, 0.18808711146257062, 0.16106455639467393], [0.3715054274238587, 0.31560258579899997, 0.09807269316678655, 0.21481929361035487], [0.24392652882556817, 0.23083449704247685, 0.34005069830025597, 0.18518827583169895], [0.23738444333085337, 0.18046103051977772, 0.42714125939701447, 0.1550132667523544], [0.5545967641168283, 0.09300837427911052, 0.06684823846342136, 0.28554662314063967], [0.46338315353429865, 0.25392824861098023, 0.10630519637055741, 0.17638340148416354], [0.3296171825993742, 0.22158832309223242, 0.1995556524950733, 0.24923884181332007], [0.46868734100889237, 0.2199375432649706, 0.1282872533702361, 0.18308786235590105], [0.2053593098477923, 0.39132278974185786, 0.20095604497664074, 0.20236185543370927], [0.11017030008934574, 0.3981944009879646, 0.14362125406767137, 0.34801404485501836], [0.14668526573125987, 0.1585842297159323, 0.1038711300562991, 0.5908593744965087], [0.12758885930231195, 0.37744359945612327, 0.3529097854594761, 0.14205775578208876], [0.11180561622153898, 0.5181139808530316, 0.19022841076602437, 0.17985199215940514], [0.706024743811201, 0.14046392624956958, 0.05368114754103202, 0.09983018239819741], [0.13772917462345954, 0.4542105099585527, 0.12171670451032116, 0.2863436109076666], [0.2076938867502578, 0.19975200134412693, 0.1318781706466734, 0.46067594125894185], [0.4096964169789796, 0.26905492259347824, 0.21654403292706095, 0.10470462750048119], [0.20463501699146547, 0.24674233449007663, 0.12036145992461109, 0.42826118859384693], [0.20458731521517226, 0.3130298509997475, 0.15865679267780564, 0.3237260411072746], [0.14657954890185104, 0.2728110477844161, 0.2995149016914506, 0.2810945016222824], [0.1812194403622732, 0.3971000828903985, 0.13177355053935827, 0.28990692620797004], [0.349159829838742, 0.1559101901008051, 0.3544622773969943, 0.14046770266345857], [0.596495659086917, 0.19454404935648256, 0.10804993115051184, 0.10091036040608845], [0.11672735902168468, 0.5599779583913603, 0.06384677843907241, 0.25944790414788277], [0.3477551331917238, 0.2923906373055309, 0.1141502656587968, 0.2457039638439484], [0.786124876435083, 0.08543189006415988, 0.03943475745537663, 0.08900847604538042], [0.15477727397614532, 0.35771876837875005, 0.21454091912314102, 0.2729630385219637], [0.33491632792189413, 0.19130659160043798, 0.2554248310376919, 0.2183522494399761], [0.10929492590550571, 0.2503737105618499, 0.13953448109994687, 0.5007968824326975], [0.23488880674729773, 0.4571637743055691, 0.14794910516916404, 0.15999831377796903], [0.07680309682800741, 0.14039370611306878, 0.188823797421423, 0.5939793996375009], [0.10094850738147673, 0.3639081043474797, 0.22584996259583853, 0.3092934256752052], [0.48137694868870196, 0.2337366613163318, 0.10323187552915052, 0.18165451446581568], [0.21348405401576384, 0.4710036520113705, 0.10412906762845991, 0.21138322634440573], [0.23718762008624153, 0.23296197718499315, 0.08612416319010253, 0.44372623953866297], [0.20576793940803795, 0.20833286754147964, 0.43844214693633937, 0.1474570461141431], [0.2349450836568581, 0.3576368724336, 0.0861308795928184, 0.32128716431672344], [0.2561056427510661, 0.37010789520108556, 0.16234430851963835, 0.21144215352820997], [0.1954347482372272, 0.2416427489150303, 0.3032088303127303, 0.25971367253501226], [0.40754684477168346, 0.2642279154241618, 0.11407690127983845, 0.21414833852431636], [0.41167623728738256, 0.2608843728905953, 0.1884708814960468, 0.1389685083259754], [0.3534222049454497, 0.29058830422961063, 0.17122367386455126, 0.18476581696038846], [0.47539200296478884, 0.1271220850873657, 0.09972771267153706, 0.2977581992763085], [0.13610027736938465, 0.5547035466884437, 0.06781100762348531, 0.24138516831868637], [0.19921723469359104, 0.36222074716851244, 0.15873695654581085, 0.2798250615920856], [0.11717808173269847, 0.19738415608802082, 0.3301324827885589, 0.3553052793907218], [0.3429582148982658, 0.3394413439130794, 0.12457083410317447, 0.19302960708548023], [0.24689195475869902, 0.22797301179954296, 0.19373714058951932, 0.33139789285223886], [0.09801377619734973, 0.5010798623012419, 0.08059527705377448, 0.32031108444763395], [0.5553708085847431, 0.24901671840488804, 0.06327464087938157, 0.13233783213098732], [0.1154421496734263, 0.32534299896060836, 0.12342155866876547, 0.4357932926971997], [0.08353837265569825, 0.4476308892760371, 0.30287815172458327, 0.1659525863436814], [0.31517284328614276, 0.14971209885563172, 0.4649563634824736, 0.07015869437575195], [0.2522870123975261, 0.2324713824806333, 0.39378592440286597, 0.12145568071897474], [0.29942144142589067, 0.23259384216246334, 0.13021552932958752, 0.33776918708205844], [0.12597296218807089, 0.1887119284183306, 0.135495295903778, 0.5498198134898206], [0.11814508588554883, 0.4308948601743501, 0.09846933395508371, 0.3524907199850176], [0.2262050095089116, 0.5487491705102432, 0.07823128942601582, 0.14681453055482946], [0.34841645725268505, 0.2221402538718304, 0.15238214470319458, 0.27706114417229005], [0.3876042722127314, 0.2984847321806135, 0.12655018077479988, 0.18736081483185515]]}, "rewritten": {"ids": ["97105451", "97105960", "97106970", "97107260", "97109570", "97113900", "97116800", "98107410", "98108370", "98108580", "98110230", "98111231", "98116500", "98117740", "98120530", "99107950", "99108460", "99108710", "99109161", "99111000", "99112840", "99117740", "100108080", "100109311", "100109330", "100113210", "101108121", "101108621", "101109000", "101112160", "101112540", "101114990", "102109010", "102109850", "102110240", "102110690", "102112170", "102113210", "103109641", "103111170", "103111480", "103111830", "103112470", "103113101", "103113170", "103113210", "103113270", "103113610", "103118291", "103120290", "103120531", "103120780", "104111990", "104113210", "104114240", "104116980", "104117200", "104117630", "104118340", "105111990", "105112240", "105112260", "105113440", "105114220", "105115570", "105115680", "105116980", "105121370", "106114150", "106114280", "106114321", "106114880", "106115120", "106116640", "106119260", "106120640", "107113180", "107113260", "107114280", "107114950", "107115140", "107118490", "107121230", "108115250", "108116070", "108116501", "108120260", "108120280", "108121351", "109115070", "109115220", "109116441", "109116810", "109117271", "109119010", "109119591", "110114610", "110114651", "110115120", "110115580", "110118181", "110118450", "110118740", "110119891", "110121500", "110121720", "111114321", "111115620", "111115910", "111116110", "111117200", "111118820", "111120220", "111120260", "111120540", "111120591", "111121410", "112116810", "112117660", "112118421", "112118471", "112118810", "112118820", "112118860", "112119120", "112119500", "112120990", "113117550", "113118421", "113118620", "113119320", "113119450", "113119700", "113119930", "113120260", "113120280", "113120531", "113121190", "113121410", "113121750", "113122170", "113122430"], "labels": [0, 2, 2, 2, 0, 2, 0, 3, 1, 0, 3, 1, 2, 2, 1, 1, 0, 2, 3, 2, 2, 2, 0, 1, 0, 0, 0, 0, 1, 3, 2, 3, 1, 1, 3, 0, 3, 3, 1, 2, 0, 3, 1, 3, 3, 3, 2, 2, 0, 2, 3, 1, 2, 3, 0, 1, 3, 0, 2, 2, 1, 3, 0, 3, 0, 2, 0, 2, 1, 3, 2, 0, 1, 3, 1, 3, 3, 0, 3, 3, 0, 2, 0, 1, 1, 0, 1, 3, 3, 0, 3, 3, 3, 0, 3, 0, 1, 3, 0, 1, 1, 0, 3, 3, 3, 3, 1, 1, 2, 3, 0, 0, 3, 3, 1, 1, 0, 3, 0, 3, 1, 3, 0, 3, 1, 2, 2, 3, 3, 3, 1, 3, 0, 1, 3, 0, 0, 1, 0, 0, 1, 2], "predicted_labels": [0, 0, 1, 1, 0, 0, 0, 0, 3, 0, 0, 0, 0, 2, 0, 3, 1, 0, 0, 3, 3, 0, 1, 0, 0, 1, 0, 0, 1, 0, 3, 1, 1, 2, 0, 0, 3, 0, 1, 0, 1, 1, 0, 1, 3, 3, 0, 0, 0, 3, 0, 3, 1, 1, 1, 1, 0, 0, 3, 3, 0, 1, 0, 0, 1, 2, 3, 0, 0, 3, 0, 0, 1, 0, 0, 1, 3, 0, 1, 0, 3, 1, 0, 3, 1, 0, 0, 0, 0, 0, 0, 0, 0, 0, 1, 0, 0, 1, 1, 1, 0, 1, 0, 0, 0, 0, 1, 2, 1, 1, 0, 1, 0, 0, 0, 0, 0, 3, 0, 3, 0, 0, 0, 0, 3, 1, 0, 1, 0, 0, 1, 0, 1, 1, 0, 0, 0, 1, 0, 1, 0, 1], "confidence_scores": [[0.722117908647578, 0.13525276622884264, 0.04818045812989211, 0.09444886699368736], [0.3799609192042519, 0.22312789732541735, 0.1499572725672773, 0.24695391090305352], [0.1701349264774954, 0.3629608846559594, 0.28666509581667843, 0.18023909304986674], [0.06710538760239408, 0.7042237025615957, 0.1301846011818553, 0.09848630865415486], [0.5485945197484227, 0.13565819600931603, 0.18679564000506202, 0.12895164423719938], [0.4339025189703992, 0.31609798593641686, 0.09356566246655323, 0.1564338326266306], [0.530724913268813, 0.16197181145995196, 0.10805945925494079, 0.19924381601629418], [0.6853621682209698, 0.12993063090526877, 0.07656264174604879, 0.10814455912771258], [0.12451256895890044, 0.22077145619040076, 0.2693291705224128, 0.3853868043282861], [0.7125903832102656, 0.12507358895707674, 0.09053202296191376, 0.07180400487074391], [0.3347142680369956, 0.1691532375799458, 0.2686590656064882, 0.22747342877657037], [0.45523974348022483, 0.1466786573569211, 0.10073527056303323, 0.29734632859982085], [0.4639045824434353, 0.19509190481971866, 0.09356741089381221, 0.24743610184303388], [0.15916664391794996, 0.20239616841757793, 0.4696754888090801, 0.16876169885539197], [0.4105982902068117, 0.0862131718865491, 0.09512961922381062, 0.4080589186828288], [0.14559564457442992, 0.24805323083272693, 0.16997509365692773, 0.4363760309359155], [0.1461844895356145, 0.36751102663815727, 0.32068196389122433, 0.1656225199350039], [0.40980707754115725, 0.1379556364106796, 0.07057412667294677, 0.38166315937521633], [0.546037491755391, 0.2865189700401036, 0.06656468093586636, 0.10087885726863918], [0.256349037954268, 0.21133486235191323, 0.10142311866185981, 0.43089298103195894], [0.326319478413108, 0.15641147765642574, 0.04905698041912594, 0.4682120635113403], [0.5971475704133055, 0.15602374979114028, 0.06216824915091943, 0.1846604306446348], [0.28770910096492064, 0.3906302431279571, 0.13679946943348242, 0.18486118647363986], [0.35397959738581974, 0.25963810338633375, 0.196799907049342, 0.1895823921785044], [0.6349815069860856, 0.12785716059556232, 0.13700210157846346, 0.10015923083988863], [0.36675328131725604, 0.39378564422202655, 0.06309956637509834, 0.176361508085619], [0.45381040723483673, 0.4374415052044212, 0.04268465491081962, 0.06606343264992218], [0.3299627762595865, 0.2710560890767164, 0.08254398742581708, 0.3164371472378801], [0.29273971179487684, 0.38486579351991596, 0.07570150091586798, 0.24669299376933934], [0.6707161570093366, 0.1521833015342389, 0.058026171960600365, 0.1190743694958238], [0.3097579127761318, 0.18878577073080127, 0.16172628126503144, 0.3397300352280355], [0.21540763637801777, 0.4461889196002589, 0.29173919688256317, 0.04666424713916007], [0.3293885049077087, 0.367034798498903, 0.14785384137712484, 0.15572285521626367], [0.2494160426004494, 0.21047754204392952, 0.33284285965302224, 0.20726355570259888], [0.7197759199225314, 0.16156366913823694, 0.0732071840887208, 0.04545322685051078], [0.7276883886794465, 0.1038326909343142, 0.06236188547642919, 0.10611703490981018], [0.26497260184190097, 0.13384623584490193, 0.06291347238293098, 0.5382676899302661], [0.49246254488171615, 0.15481074248480445, 0.1793809719534318, 0.17334574068004757], [0.3601076002734597, 0.47038149166089116, 0.07694303807076001, 0.09256786999488921], [0.6809986376852318, 0.1733604253642046, 0.04314235989409999, 0.1024985770564636], [0.23620111813151762, 0.455340266364802, 0.07936384837559281, 0.22909476712808763], [0.28479753624975307, 0.3452827461983493, 0.08727216593447458, 0.28264755161742305], [0.6500178291039775, 0.16444467706465152, 0.08804092510415373, 0.09749656872721715], [0.38229213131726225, 0.4313703695858459, 0.09567884552726161, 0.09065865356963008], [0.15939431628709247, 0.30613224657180726, 0.22663243748233755, 0.30784099965876266], [0.28188577669097914, 0.15129270010528317, 0.17008864165983853, 0.3967328815438992], [0.44108064524175894, 0.15809015102863286, 0.21033947071553555, 0.19048973301407277], [0.6139821041558442, 0.11164826903492071, 0.14602944025081283, 0.1283401865584222], [0.5789357158698765, 0.16540566110832589, 0.06982216452038356, 0.18583645850141428], [0.14148930871595, 0.3265781144747164, 0.1592421977569636, 0.37269037905237], [0.5842653153131346, 0.14940515297463808, 0.14230666132131486, 0.12402287039091223], [0.2613509850771291, 0.25795436911606834, 0.19297357767071716, 0.28772106813608533], [0.2566013879974629, 0.39810201822951874, 0.12248760286951652, 0.22280899090350187], [0.33452115155150114, 0.5084854619415898, 0.0427603896790378, 0.11423299682787116], [0.16270605031790417, 0.46096458564567594, 0.15457711626727774, 0.2217522477691422], [0.3258900997926624, 0.39814695585797144, 0.06424239271453488, 0.21172055163483114], [0.4685323490160284, 0.2391950156888711, 0.1261363354733486, 0.16613629982175196], [0.4268986413088202, 0.21619516600862831, 0.16222878455180312, 0.19467740813074835], [0.19096130592068575, 0.2639414883472383, 0.20556374955895146, 0.33953345617312447], [0.39106179971960514, 0.0990921878699049, 0.07246141275585102, 0.43738459965463894], [0.356140660804449, 0.30831085665006613, 0.14242997521879766, 0.1931185073266873], [0.10694863077000506, 0.7955103825428385, 0.03636192893109377, 0.06117905775606262], [0.42244328953206195, 0.17571280264206587, 0.07868216870701013, 0.32316173911886203], [0.6859351568035303, 0.10316796392183547, 0.1290228099267501, 0.08187406934788388], [0.20425109652697657, 0.4433033978440155, 0.13624941533065654, 0.21619609029835152], [0.0873794048717305, 0.3189618466958563, 0.38515289555725407, 0.20850585287515916], [0.17593718666674396, 0.291970143881814, 0.2196457599315211, 0.312446909519921], [0.6265057865511992, 0.13839134544603002, 0.08842301596401474, 0.14667985203875608], [0.7134019114842172, 0.12991691607292433, 0.054841413693113183, 0.10183975874974532], [0.22361701698584394, 0.16046878312613155, 0.29375813380538907, 0.3221560660826355], [0.4398667545387128, 0.11412245785212362, 0.07286791851397562, 0.37314286909518807], [0.376226627488202, 0.256810592495554, 0.09806464033258512, 0.268898139683659], [0.18033958591563418, 0.30864270311657466, 0.2645612445823855, 0.24645646638540575], [0.3608851110159405, 0.25254265765214207, 0.26147050669069377, 0.12510172464122368], [0.4875684335214826, 0.13014933940338183, 0.17639086781735944, 0.2058913592577763], [0.2668365293939293, 0.5578506802630321, 0.06186133151193476, 0.11345145883110395], [0.1911989334711747, 0.26432586212312764, 0.2117968532159059, 0.3326783511897917], [0.6033663472275674, 0.15827380699744464, 0.11525550219000773, 0.12310434358498026], [0.1765730746419869, 0.3193132923973136, 0.28457847947582793, 0.2195351534848717], [0.4792573112628645, 0.14051103964545475, 0.18391350728938857, 0.19631814180229232], [0.12717311086920338, 0.14764700514735718, 0.0761520038716758, 0.6490278801117635], [0.28732233026197823, 0.43789455195080024, 0.13565859991249, 0.13912451787473143], [0.5449772024711951, 0.15595846673797534, 0.1487128027000371, 0.15035152809079255], [0.16523516189279142, 0.26400061054059876, 0.09163379971537657, 0.47913042785123316], [0.08068262006203401, 0.42355706114225905, 0.35979111475998876, 0.13596920403571808], [0.6877119519640045, 0.13789520824848628, 0.057132852706956054, 0.11725998708055328], [0.5719652674236338, 0.08784364823103355, 0.059693676519508576, 0.28049740782582394], [0.6172319609058, 0.11054495692694084, 0.07506082979909881, 0.1971622523681604], [0.5546680915410394, 0.21009954979399426, 0.12139485703037785, 0.1138375016345886], [0.6117111988106442, 0.19685987280959827, 0.09268755637216557, 0.09874137200759206], [0.5633384397040166, 0.1766004888985349, 0.11303173837719606, 0.14702933302025242], [0.7651893066571565, 0.07245379282365257, 0.026373177299148693, 0.13598372322004237], [0.7041551490895153, 0.1570538407880022, 0.048344958672564324, 0.0904460514499181], [0.6385268914697843, 0.1593645531198352, 0.06643649051464055, 0.13567206489574002], [0.12687110659771988, 0.5482986024151196, 0.11353942786876073, 0.21129086311839976], [0.5379311557106565, 0.13965489170651751, 0.06996295039686207, 0.2524510021859638], [0.6576333786610575, 0.1659043919047659, 0.08103641021305301, 0.09542581922112364], [0.24351177154532763, 0.4848139423176507, 0.15123056009606367, 0.12044372604095807], [0.2733742353585429, 0.5134149451554588, 0.0793422034838606, 0.1338686160021377], [0.37708607307172437, 0.392005802106596, 0.12328228365479317, 0.10762584116688652], [0.44559196626862063, 0.23130778648123868, 0.19095192746573603, 0.13214831978440467], [0.32385662822702516, 0.5681063442850841, 0.05950471176038557, 0.04853231572750536], [0.4844054527580044, 0.25545342859907244, 0.06908020514241116, 0.19106091350051213], [0.3930794760487258, 0.29726991797154423, 0.20381880695019097, 0.10583179902953899], [0.710167032727412, 0.14213326622145664, 0.06594293330025199, 0.08175676775087964], [0.5102803610021838, 0.2502660248303541, 0.07882016536363456, 0.1606334488038276], [0.37806791553809144, 0.4473078227045012, 0.07695681942555986, 0.09766744233184738], [0.11944409544077979, 0.2616316034431337, 0.4704472235545449, 0.14847707756154158], [0.26714726408542616, 0.3891170558764667, 0.12596399123481472, 0.21777168880329234], [0.23080337067736462, 0.3616575427425089, 0.18987828230807102, 0.2176608042720556], [0.45475345910863724, 0.233703669634533, 0.10405781791563642, 0.20748505334119327], [0.16945301001400775, 0.5416306744240537, 0.0879472579091169, 0.20096905765282172], [0.5559883542268115, 0.22955272294219778, 0.08592063182062591, 0.12853829101036487], [0.5154613105362846, 0.30512344985781703, 0.0990794214765945, 0.08033581812930378], [0.6398419766355696, 0.22550831840937266, 0.06645113414158639, 0.06819857081347142], [0.5813895335841905, 0.10459935576767486, 0.052578604102768885, 0.26143250654536554], [0.5844318570308794, 0.11877664652417703, 0.1395538017218513, 0.15723769472309218], [0.2227343566242274, 0.2661707377578732, 0.15643038255524197, 0.3546645230626575], [0.36254546097289736, 0.26859579079849266, 0.05384381210130612, 0.3150149361273039], [0.2773934796102296, 0.21339647232495285, 0.09947010935862856, 0.40973993870618897], [0.4535455516652296, 0.26179586707845215, 0.061442169704184736, 0.22321641155213354], [0.5710543442976005, 0.11435194961525062, 0.10269107700175431, 0.21190262908539464], [0.4691091743247153, 0.18852454965667464, 0.0647300785697037, 0.2776361974489065], [0.47120201093666997, 0.30359888007828395, 0.06193727981682871, 0.16326182916821733], [0.24883680333314234, 0.2210300935022777, 0.11361974320786186, 0.4165133599567181], [0.14107823107263273, 0.3887022365551172, 0.24570817765749217, 0.22451135471475783], [0.5191909338407031, 0.23755904755682863, 0.09342679900229202, 0.14982321960017636], [0.2845314280307153, 0.291936508992589, 0.1389011305126222, 0.28463093246407356], [0.3593203379244655, 0.2562151606785896, 0.1265450550045272, 0.25791944639241776], [0.30322509930181496, 0.2941580019063549, 0.12139396845973306, 0.2812229303320971], [0.19172692326898932, 0.5062929859067721, 0.0554421799364032, 0.24653791088783544], [0.3574920963824255, 0.1949890677208692, 0.19268616876040023, 0.25483266713630526], [0.36052589895994414, 0.393773382644666, 0.05746624606454797, 0.18823447233084184], [0.10024374605385396, 0.5193416618451762, 0.10988517262999044, 0.2705294194709795], [0.4285288293654131, 0.2318223645359645, 0.12080020038952408, 0.21884860570909834], [0.41229811577080455, 0.1350525355727813, 0.17601641848031394, 0.2766329301761003], [0.8139765636753721, 0.049813024481052404, 0.03283007617006998, 0.10338033567350546], [0.3347579394336068, 0.3500956776519889, 0.19213747476676965, 0.12300890814763453], [0.6935512474334382, 0.1273782695267271, 0.06673369641575463, 0.11233678662407993], [0.24276525950073236, 0.4360235389077015, 0.08901924318582033, 0.23219195840574572], [0.5736674962862176, 0.1282576899085564, 0.1263453808456606, 0.17172943295956547], [0.12344084779766652, 0.5936875193504675, 0.15046541240634845, 0.1324062204455176]]}}