{"test": {"ids": ["101119030", "111117571", "108120260", "110118880", "107113200", "113122430", "105116441", "103111110", "113118490", "112120290", "107113840", "107118490", "98108580", "109118701", "101111310", "107118520", "111116090", "100108080", "108118520", "100108490", "101119591", "111121930", "105117351", "101114020", "99114890", "113117630", "113118231", "111119930", "110114651", "109114030", "97107821", "113120830", "109116441", "113121680", "109119340", "109117431", "111116110", "113121810", "98106680", "106113260", "108113760", "110114561", "112119580", "112118930", "98107010", "106112770", "103113170", "107116501", "110116290", "105116090", "110116300", "113119930", "112120990", "99119830", "97116410", "111116990", "111119150", "102110890", "102109910", "112118890", "109118231", "108121410", "107113130", "113120540", "108121160", "97114170", "110115710", "99109860", "110119891", "111120540", "110117500", "97118210", "103113640", "97106591", "112118511", "98110680", "108116120", "112118701", "97111790", "111117200", "105119950", "109119450", "109117730", "109117110", "113122650", "97116500", "97112830", "105113330", "109120540", "105115720", "110118810", "106118161", "104112470", "107121640", "112117580", "107117630", "112118581", "102111990", "97105960", "113121750", "108113740", "101110200", "107114280", "104117630", "98111620", "105115250", "112116451", "110121720", "112117210", "109120150", "100109890", "111114171", "113118820", "103117200", "110118301", "97116800", "99108890", "104111880", "112121351", "110115120", "113119120", "111115620", "108114040", "108113700", "110117200", "112116610", "107114200", "107115140", "97106770", "100109980", "101109370", "111119290", "101113210", "103110100", "104112201", "98107210", "110121170", "110115980", "105112240", "110117080", "109119460", "113118870"], "labels": [3, 3, 1, 0, 0, 2, 1, 3, 1, 1, 3, 2, 0, 3, 3, 2, 3, 0, 0, 2, 0, 1, 0, 3, 2, 0, 3, 1, 3, 1, 2, 3, 3, 1, 3, 1, 3, 2, 1, 3, 1, 0, 3, 1, 3, 1, 3, 1, 2, 1, 3, 1, 2, 1, 3, 0, 3, 0, 2, 3, 1, 0, 1, 3, 2, 2, 2, 2, 3, 1, 1, 2, 1, 1, 1, 2, 1, 0, 2, 0, 3, 3, 3, 1, 2, 2, 2, 3, 1, 1, 1, 3, 1, 1, 0, 0, 1, 2, 2, 0, 3, 2, 3, 0, 3, 2, 0, 3, 1, 2, 3, 3, 0, 0, 1, 0, 0, 3, 0, 0, 3, 1, 0, 0, 3, 1, 2, 0, 3, 1, 1, 3, 3, 1, 0, 1, 2, 1, 1, 1, 1, 0], "predicted_labels": [2, 0, 3, 0, 3, 2, 1, 0, 3, 0, 2, 0, 2, 0, 1, 1, 0, 0, 3, 2, 0, 1, 1, 1, 1, 3, 1, 3, 3, 0, 3, 0, 0, 2, 1, 0, 0, 2, 1, 1, 3, 3, 0, 3, 2, 2, 1, 1, 3, 1, 1, 1, 1, 0, 1, 3, 3, 3, 2, 3, 3, 1, 0, 0, 1, 3, 0, 1, 1, 0, 0, 0, 0, 0, 3, 0, 0, 1, 0, 0, 1, 1, 3, 1, 1, 0, 3, 1, 1, 3, 0, 1, 0, 1, 0, 0, 1, 3, 1, 1, 3, 1, 3, 2, 0, 3, 0, 1, 3, 1, 0, 0, 1, 1, 1, 3, 1, 2, 3, 0, 3, 3, 3, 3, 3, 3, 1, 3, 0, 3, 2, 1, 0, 3, 0, 3, 0, 3, 0, 1, 0, 1], "confidence_scores": [[0.0746406100531193, 0.24163590112236383, 0.4841471526315317, 0.19957633619298507], [0.412758095408269, 0.3412209039178897, 0.06323323752064867, 0.1827877631531926], [0.2746925495480568, 0.1711104392907347, 0.18409380073774848, 0.3701032104234602], [0.5046602633081178, 0.2579381720002753, 0.07211717212907796, 0.16528439256252905], [0.23226435182336005, 0.2688486798883823, 0.14963316377497504, 0.3492538045132827], [0.3554263041931525, 0.13289450717023163, 0.35951368074487194, 0.152165507891744], [0.3481466861432111, 0.4305292652704896, 0.07459085860116305, 0.14673318998513613], [0.40228165656941234, 0.21630892695271106, 0.15454308806733213, 0.22686632841054455], [0.1950854155021827, 0.18798265268210101, 0.17939823547427372, 0.4375336963414427], [0.34589879833486603, 0.2040117907264482, 0.20736405532273178, 0.24272535561595387], [0.2430764875710804, 0.1447445719481249, 0.37477599402128436, 0.2374029464595105], [0.29553949706975524, 0.1879489061024963, 0.22708846259852558, 0.28942313422922267], [0.23162934167562083, 0.27786164926938595, 0.2920216405002065, 0.19848736855478666], [0.31048065892666005, 0.2815671063729581, 0.1126520163880384, 0.2953002183123434], [0.07275581118070802, 0.7291960600186006, 0.10403499027782168, 0.09401313852286972], [0.15457203156582838, 0.40156215668125633, 0.11046732418200766, 0.3333984875709078], [0.4988699527703617, 0.21930039145624788, 0.06904046309169588, 0.21278919268169455], [0.3495561081365828, 0.1174988449105123, 0.32080362201226, 0.21214142494064508], [0.1951646500507228, 0.255911590944244, 0.2308278455073825, 0.3180959134976507], [0.19115435275302486, 0.1932790369413906, 0.41129314587987237, 0.20427346442571218], [0.5891228555948117, 0.12065873501441828, 0.06312652432099046, 0.22709188506977943], [0.30533946640094206, 0.4649278852773257, 0.11047114645576361, 0.11926150186596872], [0.33013067856482214, 0.43661254633270286, 0.12974662713912158, 0.1035101479633534], [0.33981417420143845, 0.3426901906172388, 0.11785813688332274, 0.19963749829799987], [0.06426559220773927, 0.5319150218664238, 0.23447297746113588, 0.1693464084647009], [0.2972484303849877, 0.24170855718936815, 0.06716866124558599, 0.39387435118005804], [0.23537472436764545, 0.337894981401425, 0.14237047598760255, 0.28435981824332707], [0.16847348582851052, 0.13112169837658053, 0.3105767061093095, 0.3898281096855994], [0.28574388271186096, 0.1466674731858502, 0.08662293932574182, 0.48096570477654715], [0.35466848201508266, 0.1959266023400686, 0.16745923006801372, 0.2819456855768349], [0.2531931319052918, 0.17894697596292278, 0.08168449251255369, 0.48617539961923184], [0.31102034373105575, 0.23999523636283077, 0.1884603980597185, 0.26052402184639506], [0.38330331859221173, 0.29341452117417816, 0.10268290226171675, 0.2205992579718933], [0.16728948499080676, 0.2601181892162327, 0.4078385102019625, 0.16475381559099805], [0.16525781852673854, 0.38156000623584263, 0.08001093929451375, 0.3731712359429051], [0.41274992280591255, 0.2648150463257132, 0.07959484593655251, 0.2428401849318218], [0.33578949486415727, 0.16420602179535598, 0.28985404287703936, 0.2101504404634475], [0.24094679312691883, 0.1951652945763443, 0.41046064820950995, 0.15342726408722676], [0.20201988367489507, 0.34214929635054125, 0.12863228468091445, 0.32719853529364934], [0.23397143741790893, 0.46038608325889874, 0.09021131325655801, 0.21543116606663432], [0.2757023344615096, 0.19538126100137254, 0.12630735545493696, 0.4026090490821808], [0.2268154678392533, 0.25771505473427914, 0.06147845186024811, 0.4539910255662195], [0.4748680898945808, 0.15850066316229572, 0.1246693887145241, 0.24196185822859953], [0.2265338726659354, 0.24105224496324693, 0.1241062615637561, 0.40830762080706184], [0.1537428223869148, 0.20902248286953662, 0.4804368532597868, 0.15679784148376186], [0.12973338279075172, 0.27114456450962804, 0.40364503349166675, 0.19547701920795352], [0.26767412678788427, 0.31959639582563104, 0.22885452035809153, 0.18387495702839307], [0.24404580372475523, 0.428197045808763, 0.06314397894788311, 0.2646131715185987], [0.21852035520033014, 0.2437062199559818, 0.22828001163793152, 0.3094934132057567], [0.20599989398684274, 0.455773338495835, 0.11448813925035548, 0.22373862826696675], [0.1549791335490455, 0.39091464870539605, 0.16982356101317195, 0.2842826567323864], [0.2428348638641924, 0.3757364268243774, 0.11732266097416556, 0.26410604833726464], [0.2893334789775564, 0.328739005492929, 0.19779385157058663, 0.18413366395892816], [0.39944328625098985, 0.19916005199215953, 0.17050836061771174, 0.23088830113913877], [0.1841029140475484, 0.35247034624447493, 0.21655300082665807, 0.2468737388813188], [0.20588767576427988, 0.2207959937633639, 0.2257656441982037, 0.34755068627415253], [0.23058984887947082, 0.24714497891557646, 0.09834807041428961, 0.4239171017906632], [0.24825574606269743, 0.2304487907757791, 0.15298625843789473, 0.36830920472362894], [0.12313536465512084, 0.2159598809408021, 0.38416785969799727, 0.2767368947060798], [0.1795044786655678, 0.29323045197046044, 0.15520583085647296, 0.3720592385074989], [0.2744493221382059, 0.20794239156805713, 0.16270937500369143, 0.3548989112900458], [0.12193492435163628, 0.6300741762999552, 0.09244500967328038, 0.15554588967512814], [0.5402203374642488, 0.30287138082231996, 0.07990593238284552, 0.07700234933058578], [0.36075990235999794, 0.2357211788891455, 0.19019966762300078, 0.21331925112785574], [0.20383438227368675, 0.4579731096509229, 0.07384305846155227, 0.26434944961383816], [0.22027905276267648, 0.21381633866215993, 0.13735870112704926, 0.4285459074481143], [0.3737167419710098, 0.24675566873207852, 0.17749804004374922, 0.20202954925316255], [0.19326163911568037, 0.4345615824005985, 0.1631624735456671, 0.2090143049380539], [0.2919806291685059, 0.42203331997569327, 0.10358650750263673, 0.18239954335316405], [0.36059961327702633, 0.22410924023462095, 0.21940993970796424, 0.19588120678038842], [0.3651637216889179, 0.26009359794884057, 0.16151548782890915, 0.2132271925333324], [0.5184704576847782, 0.18806109405832794, 0.13144961996931298, 0.162018828287581], [0.37193948932160964, 0.2318786091349538, 0.13394148094968542, 0.26224042059375113], [0.3261586962493962, 0.30849889572272693, 0.13835290278830847, 0.22698950523956843], [0.24057436653807754, 0.284449529330111, 0.1107422687949628, 0.364233835336849], [0.41416876664511015, 0.09182437440995618, 0.21498403682047765, 0.2790228221244561], [0.30366656399096653, 0.22298819275072176, 0.17065178381669632, 0.3026934594416154], [0.22840614334107223, 0.4052783454679272, 0.11506743581325132, 0.2512480753777494], [0.32066586747235637, 0.2312917254460518, 0.14204780076091167, 0.3059946063206802], [0.598944647912642, 0.11727392323807967, 0.10970966898315135, 0.17407175986612689], [0.158817829263349, 0.3222312719665666, 0.25645704893976046, 0.26249384983032403], [0.21397746189128278, 0.3462279637013524, 0.1501960851564812, 0.2895984892508835], [0.1558386464555068, 0.3214348675276717, 0.1257914611607049, 0.3969350248561166], [0.21302790359511245, 0.3990556362497001, 0.1562914131998225, 0.23162504695536515], [0.1460245061571601, 0.33931874252641603, 0.2824319309978328, 0.23222482031859099], [0.5205271592252662, 0.16263643798410135, 0.0925331173486817, 0.2243032854419509], [0.10852616865810795, 0.16706271853386653, 0.33707498966002997, 0.3873361231479956], [0.2419041072137813, 0.4002502640008657, 0.1972078280765889, 0.1606378007087642], [0.15186539039939348, 0.3031623394331425, 0.2518914416507932, 0.2930808285166709], [0.25469214061982864, 0.1936588600693567, 0.15953504369509516, 0.39211395561571943], [0.4089383421363018, 0.3060263426933845, 0.08337348886665573, 0.20166182630365795], [0.2543597409495267, 0.34153586210330195, 0.10445188817076298, 0.29965250877640853], [0.3483919971155031, 0.28920920013305756, 0.08611040989116298, 0.2762883928602764], [0.11585055169299749, 0.40980847824976024, 0.217401792594085, 0.2569391774631575], [0.32602897180406226, 0.21651117299358832, 0.1656989071213229, 0.2917609480810265], [0.39910362061684135, 0.15639296426761992, 0.18759902291468744, 0.25690439220085143], [0.2778075995990068, 0.4617231621780194, 0.1519701953149433, 0.10849904290803071], [0.26405135325745854, 0.22675729090780666, 0.21722370692779613, 0.2919676489069387], [0.29350437199747553, 0.3802866704359868, 0.13909453870750024, 0.18711441885903735], [0.29151583630004463, 0.3435912672580489, 0.14555626925691262, 0.21933662718499386], [0.16742708574268667, 0.3311081076308653, 0.1701821381097849, 0.33128266851666305], [0.21614277691465222, 0.4389851498141262, 0.12406618983427985, 0.22080588343694163], [0.19653985115184136, 0.21862008882868442, 0.23978069203722824, 0.3450593679822459], [0.07982751888057421, 0.17260812884050114, 0.4622807186161146, 0.2852836336628102], [0.31987223576819923, 0.18999321021256085, 0.30499582314917745, 0.18513873087006236], [0.26035310994184324, 0.2380222882743902, 0.1825378463104658, 0.31908675547330084], [0.3730541565745983, 0.3628685773981378, 0.07740536405581548, 0.18667190197144867], [0.2516688387519576, 0.3000269869012287, 0.16556775354506756, 0.2827364208017464], [0.1759637641189369, 0.14225415406406272, 0.09465767519243916, 0.5871244066245612], [0.2706846694835052, 0.28537963988862614, 0.2768245987727493, 0.16711109185511927], [0.47709106721786276, 0.16751289997724567, 0.118959929620786, 0.23643610318410557], [0.47368553068499797, 0.14925396306416921, 0.1670172300868215, 0.21004327616401122], [0.23272982253576657, 0.3632841941329811, 0.12498694431294051, 0.278999039018312], [0.15259230370638424, 0.4413695130002348, 0.11626591080693394, 0.2897722724864471], [0.1883445975092317, 0.4087482260807627, 0.09365839278698093, 0.3092487836230249], [0.28425101811097997, 0.2538523297458404, 0.16004290620198197, 0.3018537459411976], [0.24471108651358106, 0.2961756204738285, 0.17946567300496544, 0.27964762000762505], [0.16761585769780887, 0.22591595203810347, 0.40114439588522655, 0.20532379437886097], [0.20818679636559415, 0.2991865529374091, 0.09733049742852183, 0.3952961532684747], [0.4107278021456757, 0.2672692417381659, 0.08612970174071134, 0.2358732543754471], [0.13956497751843794, 0.28631845871098544, 0.12590104821638198, 0.44821551555419475], [0.20745636523922015, 0.21987389673234806, 0.1791374335120518, 0.3935323045163802], [0.0723834672406363, 0.2561843844928925, 0.0995774356437329, 0.5718547126227382], [0.20261895696310497, 0.21305682669473167, 0.18569598878279353, 0.3986282275593699], [0.25281447215953223, 0.26627086443241954, 0.13830669493604364, 0.3426079684720046], [0.287378694925232, 0.23276218822680267, 0.13790178437057973, 0.3419573324773856], [0.19453362011687145, 0.27351098996231643, 0.27231410726797756, 0.2596412826528345], [0.31441710348372665, 0.20939815451282717, 0.1587571914480103, 0.3174275505554359], [0.3244593489715749, 0.20039278565363447, 0.19735458122527788, 0.27779328414951265], [0.28459212596110295, 0.2893675555014186, 0.13213967085244552, 0.2939006476850329], [0.2943495987193538, 0.22418569481915746, 0.3286877660605858, 0.15277694040090292], [0.28811201630581135, 0.3057275841137176, 0.198628809725087, 0.2075315898553839], [0.3411277081504095, 0.18544260683763775, 0.1672410557947704, 0.30618862921718243], [0.11258786114627085, 0.30449175796834926, 0.23469571591909688, 0.34822466496628296], [0.4988036518249437, 0.17492805186593313, 0.13275690457028758, 0.1935113917388357], [0.22217682191525456, 0.19056568535217916, 0.1843178191687392, 0.40293967356382715], [0.3301325068737854, 0.30281465121888645, 0.09026358832921713, 0.27678925357811096], [0.30014341274470824, 0.2183310337242632, 0.15147234084802697, 0.33005321268300164], [0.3240835494092371, 0.24321470736362713, 0.21339363919106183, 0.21930810403607395], [0.1860742894332446, 0.3725349156892752, 0.08453446386556983, 0.3568563310119104], [0.47657967362757037, 0.1276003330616138, 0.1157488845846467, 0.280071108726169], [0.11448135810049458, 0.5991630521342728, 0.07465300846653077, 0.2117025812987018]]}, "rewritten": {"ids": ["97105960", "97106591", "97106770", "97107821", "97111790", "97112830", "97114170", "97116410", "97116500", "97116800", "97118210", "98106680", "98107010", "98107210", "98108580", "98110680", "98111620", "99108890", "99109860", "99114890", "99119830", "100108080", "100108490", "100109890", "100109980", "101109370", "101110200", "101111310", "101113210", "101114020", "101119030", "101119591", "102109910", "102110890", "102111990", "103110100", "103111110", "103113170", "103113640", "103117200", "104111880", "104112201", "104112470", "104117630", "105112240", "105113330", "105115250", "105115720", "105116090", "105116441", "105117351", "105119950", "106112770", "106113260", "106118161", "107113130", "107113200", "107113840", "107114200", "107114280", "107115140", "107116501", "107117630", "107118490", "107118520", "107121640", "108113700", "108113740", "108113760", "108114040", "108116120", "108118520", "108120260", "108121160", "108121410", "109114030", "109116441", "109117110", "109117431", "109117730", "109118231", "109118701", "109119340", "109119450", "109119460", "109120150", "109120540", "110114561", "110114651", "110115120", "110115710", "110115980", "110116290", "110116300", "110117080", "110117200", "110117500", "110118301", "110118810", "110118880", "110119891", "110121170", "110121720", "111114171", "111115620", "111116090", "111116110", "111116990", "111117200", "111117571", "111119150", "111119290", "111119930", "111120540", "111121930", "112116451", "112116610", "112117210", "112117580", "112118511", "112118581", "112118701", "112118890", "112118930", "112119580", "112120290", "112120990", "112121351", "113117630", "113118231", "113118490", "113118820", "113118870", "113119120", "113119930", "113120540", "113120830", "113121680", "113121750", "113121810", "113122430", "113122650"], "labels": [2, 1, 3, 2, 2, 2, 2, 3, 2, 0, 2, 1, 3, 1, 0, 2, 3, 0, 2, 2, 1, 0, 2, 3, 1, 1, 2, 3, 3, 3, 3, 0, 2, 0, 2, 1, 3, 3, 1, 0, 3, 0, 1, 0, 1, 3, 2, 1, 1, 1, 0, 3, 1, 3, 3, 1, 0, 3, 2, 3, 0, 1, 0, 2, 2, 1, 0, 3, 1, 0, 1, 0, 1, 2, 0, 1, 3, 1, 1, 3, 1, 3, 3, 3, 1, 2, 1, 0, 3, 0, 2, 1, 2, 3, 1, 3, 1, 1, 1, 0, 3, 2, 3, 3, 1, 3, 3, 0, 0, 3, 3, 3, 1, 1, 1, 0, 1, 1, 0, 1, 1, 0, 3, 1, 3, 1, 2, 0, 0, 3, 1, 0, 0, 3, 1, 3, 3, 1, 0, 2, 2, 2], "predicted_labels": [0, 1, 0, 1, 0, 3, 3, 2, 3, 3, 0, 0, 0, 1, 0, 0, 1, 1, 1, 2, 1, 0, 2, 1, 1, 1, 1, 1, 1, 1, 2, 0, 1, 0, 3, 3, 1, 0, 3, 3, 2, 0, 0, 3, 1, 0, 1, 3, 1, 0, 1, 3, 1, 0, 3, 0, 3, 0, 1, 3, 3, 1, 0, 0, 3, 2, 2, 3, 3, 3, 0, 0, 3, 3, 1, 3, 3, 1, 0, 3, 1, 0, 1, 1, 0, 1, 1, 3, 3, 0, 0, 3, 1, 1, 1, 1, 0, 3, 1, 0, 1, 3, 3, 3, 3, 3, 2, 3, 0, 0, 3, 1, 3, 1, 0, 1, 3, 1, 0, 3, 1, 1, 1, 3, 0, 0, 1, 1, 0, 0, 3, 3, 0, 1, 1, 1, 0, 3, 1, 2, 2, 2], "confidence_scores": [[0.29951963286070143, 0.2992139609196636, 0.14557155057626217, 0.2556948556433728], [0.3183981049901385, 0.34724977117385886, 0.10649145653096079, 0.2278606673050419], [0.28889157182437963, 0.2633191835388596, 0.19829968301020476, 0.24948956162655617], [0.26059717859019854, 0.36648788397569243, 0.09255849385745414, 0.28035644357665473], [0.35732414229664133, 0.22265270596654355, 0.13252881375740924, 0.2874943379794059], [0.10914748083588859, 0.1633731718742384, 0.3296307560628601, 0.3978485912270128], [0.13241461188750145, 0.11588074925676992, 0.31540149113518173, 0.4363031477205469], [0.1529917020533407, 0.3260658677651739, 0.33882297241819104, 0.18211945776329438], [0.2769951184142698, 0.23508949155223663, 0.12012535737851808, 0.3677900326549755], [0.20861161485098542, 0.155096411638678, 0.2686712770260131, 0.36762069648432355], [0.3640464252915033, 0.1676015056890787, 0.16654931994971248, 0.3018027490697055], [0.42179279045879814, 0.31716429869603124, 0.11668100381414355, 0.14436190703102708], [0.3087682971848438, 0.26701006614448525, 0.20676393407382543, 0.21745770259684552], [0.1587620129979126, 0.42274798449586903, 0.10839891151668107, 0.31009109098953713], [0.39000798122141367, 0.2689396193252132, 0.12622787044943773, 0.21482452900393526], [0.3785351813085716, 0.10241323622053611, 0.3578474414450278, 0.16120414102586456], [0.17930580054935308, 0.40681231786183525, 0.17696205852925348, 0.23691982305955825], [0.27444078677674405, 0.3355290425461358, 0.1484711428093243, 0.24155902786779593], [0.18230042086652667, 0.46615122864808856, 0.13193426792167834, 0.21961408256370643], [0.0704800511142587, 0.29195544816230695, 0.48349799212502265, 0.15406650859841187], [0.1397736388213265, 0.32886942946749476, 0.2222342531535563, 0.3091226785576226], [0.3172830505263601, 0.21628544320097384, 0.1771618677202005, 0.28926963855246546], [0.1494806588470725, 0.2981035437438464, 0.3155951549289909, 0.23682064248009038], [0.15244895072033873, 0.46529821425609297, 0.09038064867322744, 0.291872186350341], [0.2960901497907379, 0.338784372135116, 0.16747091322528376, 0.19765456484886246], [0.22684454563185946, 0.2938627096118485, 0.28801408177430166, 0.1912786629819905], [0.18090270560529606, 0.31957238236372937, 0.20511143133385046, 0.2944134806971241], [0.09845441180086918, 0.5567392263408764, 0.16624541200150572, 0.17856094985674884], [0.11173713842993153, 0.6137634216997822, 0.13596254445640119, 0.1385368954138852], [0.22320586023305336, 0.38606530986062143, 0.1529971716987701, 0.23773165820755515], [0.07910705317818814, 0.23584074926833923, 0.513118187566185, 0.17193400998728783], [0.5007686867856572, 0.12742365026269348, 0.07597800892122629, 0.2958296540304231], [0.23088014666226506, 0.3841751984742201, 0.1084128340154579, 0.276531820848057], [0.3670302443513056, 0.2058700759700833, 0.15083028733242246, 0.2762693923461887], [0.2580321841210962, 0.1877421344359468, 0.16848644626263296, 0.38573923518032405], [0.21833036417348473, 0.279362910779198, 0.2218319076950981, 0.28047481735221924], [0.15455682221878003, 0.47849512639654723, 0.1220982877568583, 0.24484976362781444], [0.3496463809652722, 0.2635202943637527, 0.12397794525943051, 0.26285537941154447], [0.289601801104732, 0.21379191947467274, 0.1171510569662235, 0.37945522245437174], [0.13182184507494196, 0.29403618856218994, 0.1137918299411898, 0.4603501364216783], [0.05015063148857974, 0.15786850970009542, 0.49665329495942445, 0.2953275638519005], [0.37442196256988863, 0.3097496980205953, 0.10295487052385184, 0.21287346888566427], [0.3507151193629478, 0.31157742377870506, 0.12898531858990767, 0.20872213826843944], [0.1504416221135752, 0.24607054623913177, 0.15181925025009907, 0.45166858139719396], [0.23043399310105672, 0.31009459568637165, 0.24463139323918243, 0.21484001797338917], [0.4323721060392461, 0.3395255472248109, 0.07168171954129351, 0.15642062719464936], [0.15007880177526067, 0.5319688678542116, 0.10210795206877728, 0.2158443783017505], [0.22543495878351638, 0.2531046562845256, 0.06865688910886657, 0.45280349582309143], [0.2266257088024561, 0.44393367196869576, 0.11151407017797316, 0.21792654905087488], [0.43561373978385143, 0.27404917221653063, 0.08051584621255072, 0.20982124178706718], [0.31229984332633787, 0.3862882102612561, 0.15552745403959567, 0.1458844923728103], [0.18864850328501184, 0.23819642642686586, 0.09866849783845065, 0.47448657244967163], [0.05798705106641463, 0.5131134051058764, 0.18145283571765983, 0.24744670811004918], [0.35456216201199137, 0.23987129802132134, 0.11601791839199614, 0.28954862157469136], [0.2629996865023027, 0.2386392693316128, 0.05656967726255579, 0.4417913669035287], [0.30046710628752427, 0.26293149891484546, 0.26664903777984766, 0.16995235701778275], [0.20690604910455634, 0.17820140975031543, 0.12386671900097515, 0.49102582214415325], [0.33191755562831915, 0.17068539226688714, 0.19107677751890847, 0.30632027458588523], [0.07068053213281915, 0.46106087541764357, 0.1968185257790805, 0.271440066670457], [0.19852206278280068, 0.18312117613605608, 0.2811461473902052, 0.33721061369093813], [0.22485314843363677, 0.1869882551134818, 0.16417137017565175, 0.4239872262772297], [0.2550919784391241, 0.38118402212339114, 0.07869802171491459, 0.2850259777225703], [0.35449811329208875, 0.21241737085341353, 0.16020352192684092, 0.27288099392765697], [0.37384017461882, 0.26373273151821314, 0.1541257488020377, 0.2083013450609292], [0.13831715182473492, 0.35044749136350367, 0.0778378240764768, 0.43339753273528464], [0.2572259383723547, 0.1850314331018131, 0.3798048956893552, 0.177937732836477], [0.13400083750708724, 0.2741021521264463, 0.3011527983967096, 0.29074421196975697], [0.1556455734858612, 0.2574524114755838, 0.17710435621708284, 0.4097976588214722], [0.26694438921240726, 0.24229092282522224, 0.11381858157193855, 0.37694610639043197], [0.16983949860868489, 0.3472830149339669, 0.12653009405714002, 0.3563473924002083], [0.5066014308078023, 0.146338000545772, 0.11497637729201858, 0.23208419135440717], [0.2932676119912019, 0.26664641112553733, 0.20011276586723512, 0.23997321101602573], [0.25203028767780467, 0.17109280113137842, 0.22997645336396452, 0.34690045782685247], [0.1905877802018825, 0.25449565661689244, 0.19464986401489412, 0.3602666991663311], [0.1999202144324719, 0.41930141549552313, 0.12167392765396062, 0.2591044424180445], [0.13899262234944704, 0.2727556035972355, 0.2486361952685785, 0.339615578784739], [0.32076844690463674, 0.24514799982862978, 0.10625487257379737, 0.3278286806929361], [0.25622783771078345, 0.43177940098905876, 0.15357043484811547, 0.15842232645204227], [0.43788399072748524, 0.220402499686061, 0.06948640714471867, 0.27222710244173515], [0.2075696204471692, 0.2730253524308574, 0.17335344056411106, 0.3460515865578626], [0.2389111360632613, 0.47252857577643237, 0.12323410936630025, 0.16532617879400618], [0.3606129866887863, 0.2726249547577837, 0.08737022774989615, 0.2793918308035339], [0.08486412351135957, 0.6650072314505813, 0.07702915266773687, 0.17309949237032218], [0.19707153152889975, 0.2973610175531905, 0.20914603660837153, 0.29642141430953817], [0.3809389383024401, 0.1716383290687041, 0.16159844601307816, 0.28582428661577775], [0.20053303149343038, 0.4636421599447636, 0.2005883316775648, 0.1352364768842412], [0.17426007621609976, 0.4038965329002769, 0.14968576913936274, 0.2721576217442606], [0.13628521280964703, 0.15145267657140085, 0.06676354645839552, 0.6454985641605566], [0.20752786527837377, 0.16272858258619452, 0.09610875424345837, 0.5336347978919734], [0.40144278688175694, 0.11806414258677866, 0.09297652045440385, 0.38751655007706065], [0.3904367118607045, 0.21305575346480946, 0.18543924671637274, 0.2110682879581133], [0.2132492150941994, 0.21133206333538296, 0.19545989001658484, 0.379958831553833], [0.16239000237163237, 0.44132533609530644, 0.20110970173888332, 0.19517495979417784], [0.14460117147062432, 0.3330755417681229, 0.22197476987177148, 0.30034851688948133], [0.1765856530623268, 0.3804499531103586, 0.0848358370367086, 0.3581285567906062], [0.2662367595624516, 0.41106895637776986, 0.11740489769693695, 0.20528938636284152], [0.3826807883425485, 0.27264134118602923, 0.13246903904401522, 0.21220883142740718], [0.2807704514896388, 0.3136598587177602, 0.0831516195310367, 0.3224180702615644], [0.2213887930043319, 0.4116033765903274, 0.13397382416593762, 0.23303400623940307], [0.447923013689758, 0.3052596665558222, 0.08466539521456154, 0.16215192453985824], [0.27086533474153135, 0.511541724310119, 0.07840307157107908, 0.13918986937727065], [0.25543683494303826, 0.2609969460095545, 0.1014126914033994, 0.382153527644008], [0.3038831855947917, 0.21535262810408018, 0.14701154896831573, 0.33375263733281246], [0.24346316393843045, 0.3012307902122245, 0.05171399520404216, 0.403592050645303], [0.17702915021628432, 0.19027937100245326, 0.18504206113745714, 0.4476494176438052], [0.24755675141182534, 0.22953719828311525, 0.10905361882773443, 0.41385243147732514], [0.2859621850729326, 0.1550506085592935, 0.3409066806000088, 0.21808052576776524], [0.18357255196410857, 0.27517282617545047, 0.21647598902979653, 0.3247786328306445], [0.5541257603672504, 0.11000743636043245, 0.10214610815188345, 0.2337206951204336], [0.3417367975792821, 0.27105416602653015, 0.11097657753803404, 0.27623245885615355], [0.20931751098262705, 0.2235924104032467, 0.0860739777597306, 0.48101610085439567], [0.23000898354232494, 0.27016824885502905, 0.2368081974966188, 0.2630145701060272], [0.16221002532304157, 0.21507531290328677, 0.1834416971361044, 0.4392729646375672], [0.16922917602071522, 0.6172175379893955, 0.10105037610089922, 0.11250290988898996], [0.38017190287389396, 0.11066499030371496, 0.16692995864124108, 0.34223314818115025], [0.3044247007429581, 0.3828591627026913, 0.09451665271427158, 0.21819948384007906], [0.33435775627274755, 0.1645688879939616, 0.12247598247152142, 0.37859737326176934], [0.27117402983186073, 0.4263476615662897, 0.08840978540774337, 0.2140685231941061], [0.4390434850476826, 0.28079779003637, 0.07606301110545907, 0.20409571381048836], [0.2912688758657559, 0.26573668981095827, 0.12971323966814707, 0.3132811946551388], [0.258556546165813, 0.5043837846190887, 0.09674642387245791, 0.14031324534264034], [0.23440915376215402, 0.40742722865686554, 0.1375616536932208, 0.2206019638877597], [0.2645897549827818, 0.2984416615924793, 0.25082981668108145, 0.1861387667436573], [0.27650966356305867, 0.2635868042512426, 0.10044432936275768, 0.35945920282294125], [0.36956247059117137, 0.29169642114841865, 0.09519083127349298, 0.2435502769869171], [0.35946733512569184, 0.14914637034048744, 0.32046040368054596, 0.17092589085327484], [0.2520207751252306, 0.3141263663023346, 0.21344642438490927, 0.22040643418752562], [0.21846661120081398, 0.37585233887128383, 0.10151105336697701, 0.30416999656092514], [0.4881927080205834, 0.2194865474061836, 0.10020364982183261, 0.19211709475140054], [0.39811758623167576, 0.15056503414299185, 0.1519032904600631, 0.29941408916526924], [0.17505970197983983, 0.18770028474025854, 0.1968802166565882, 0.44035979662331354], [0.24991683163028616, 0.22752700374529736, 0.1405181208222924, 0.3820380438021241], [0.29076484048686013, 0.24040937206551793, 0.22507613056453268, 0.24374965688308942], [0.18651312284072863, 0.39575019456793203, 0.0826642364224425, 0.3350724461688969], [0.19996549961397792, 0.5129398083474325, 0.11278882899121419, 0.17430586304737544], [0.1727322122130187, 0.5559023325477118, 0.07524878923610258, 0.19611666600316696], [0.4270437096279121, 0.12007089614663041, 0.25127922441111, 0.20160616981434745], [0.1364124938277867, 0.24729493402109717, 0.15234570052736604, 0.4639468716237503], [0.23291584521290243, 0.37321607589145284, 0.12470248254271753, 0.2691655963529272], [0.20220959822168894, 0.16720476539468979, 0.4656457628540665, 0.16493987352955491], [0.17411734295540507, 0.19342191497457575, 0.373050017800032, 0.25941072426998735], [0.10367348043796597, 0.2906488349860967, 0.39907163204907187, 0.2066060525268653]]}}