{"test": {"ids": ["101119591", "103112641", "108113620", "103111110", "102121700", "100115700", "112118511", "100113210", "113118511", "98112580", "111120640", "107121540", "109119591", "110114950", "107114321", "104113170", "108118520", "104117200", "112118810", "97116500", "104116800", "112120670", "105121190", "107114950", "98107210", "106115250", "109120540", "104112201", "99108330", "102113350", "109115220", "100111390", "97116410", "106115240", "104113000", "112121430", "105121370", "110121450", "104111990", "98116090", "97107950", "99108460", "109116170", "98111670", "110120540", "107121700", "106116441", "107114490", "105110091", "110118181", "105115380", "106114150", "111120540", "97111790", "107118820", "113121680", "110118880", "102110050", "100109000", "108117360", "99107950", "113118820", "107114140", "99109780", "112119610", "103111930", "110114610", "111119150", "108114040", "109117431", "99109161", "101111990", "106117650", "97106820", "110115980", "110114561", "112120270", "98116500", "111120280", "100120010", "103111170", "99113260", "113120751", "111116411", "107116300", "98108150", "108115250", "110117500", "102121440", "111119290", "102117351", "113120640", "104116980", "101114020", "102113210", "105116980", "101110200", "109117630", "102116500", "109114651", "112116290", "109117271", "97107681", "104111550", "104111711", "108120700", "101109120", "103110220", "111116990", "107112850", "112119950", "99117740", "99109840", "99112531", "113121010", "98112170", "107113360", "98108520", "110118630", "104111830", "112116900", "110117140", "104111380", "113119700", "100108580", "104109311", "99107560", "112116540", "112117580", "105115680", "113122230", "98113881", "104113210", "108116120", "107114280", "103112470", "113117340", "106120290", "105113210", "97112300", "111114171", "110116170"], "labels": [0, 3, 3, 3, 1, 1, 1, 0, 1, 2, 0, 2, 0, 0, 0, 3, 0, 3, 3, 2, 1, 2, 2, 3, 1, 2, 1, 0, 1, 3, 3, 2, 3, 1, 1, 2, 2, 3, 2, 0, 2, 0, 0, 1, 1, 3, 0, 3, 0, 1, 1, 1, 1, 2, 3, 1, 0, 3, 1, 1, 1, 0, 2, 2, 0, 3, 1, 3, 0, 1, 3, 2, 1, 1, 1, 0, 0, 2, 0, 0, 2, 0, 1, 0, 0, 0, 1, 1, 2, 3, 1, 0, 1, 3, 3, 0, 2, 0, 1, 3, 0, 0, 3, 1, 1, 2, 1, 2, 0, 1, 0, 2, 2, 3, 2, 3, 0, 2, 1, 3, 3, 3, 3, 0, 0, 3, 1, 1, 0, 2, 1, 3, 3, 1, 3, 1, 2, 2, 3, 2, 3, 0], "predicted_labels": [3, 0, 0, 0, 1, 3, 2, 1, 1, 3, 1, 1, 1, 0, 0, 1, 0, 1, 3, 1, 3, 1, 3, 1, 1, 1, 0, 3, 3, 3, 3, 1, 2, 1, 3, 3, 1, 3, 0, 3, 2, 3, 0, 0, 2, 3, 3, 3, 0, 0, 3, 3, 0, 1, 1, 0, 3, 3, 3, 0, 1, 1, 1, 2, 1, 1, 0, 0, 3, 0, 1, 0, 1, 0, 2, 3, 0, 0, 3, 3, 0, 2, 0, 3, 1, 0, 3, 3, 0, 3, 1, 0, 3, 0, 1, 1, 1, 0, 3, 1, 1, 3, 1, 3, 1, 0, 0, 1, 0, 1, 3, 0, 2, 3, 3, 0, 0, 1, 3, 1, 3, 3, 0, 1, 3, 0, 1, 1, 0, 1, 2, 1, 0, 0, 1, 0, 3, 1, 3, 1, 1, 0], "confidence_scores": [[0.0032848544641176855, 0.058575601567425355, 0.002843659159170391, 0.9352958848092866], [0.7672118000925136, 0.13531213436205808, 0.002181106330784636, 0.09529495921464355], [0.6544967392896187, 0.11659821872934384, 0.0005832241225754562, 0.22832181785846212], [0.8891700576798804, 0.0017005143624937566, 0.0006633245558466767, 0.10846610340177905], [0.012167504937111934, 0.7093210513302328, 0.17812766137840788, 0.10038378235424734], [0.043907010531142564, 0.22110772424119707, 0.24445343108408044, 0.4905318341435798], [0.0005629481326141678, 0.023291919948609355, 0.9753584015479246, 0.0007867303708518327], [0.03837747579569897, 0.9411564271470716, 0.004346448336782331, 0.016119648720447313], [0.10812918489966339, 0.8805014612381228, 0.011334841373344506, 3.4512488869370676e-05], [0.3451113022579916, 0.019716472731216475, 0.28308820589079253, 0.35208401911999937], [0.22823386997590722, 0.6689173674982345, 0.08170816320388899, 0.02114059932196935], [0.0179125890566066, 0.49201924123542445, 0.47977243359871113, 0.010295736109257688], [0.0021066577236142038, 0.9595655107256849, 0.03674177305643554, 0.0015860584942653535], [0.5128240317958799, 0.10795182891584242, 0.05574949013630618, 0.32347464915197155], [0.6397952313186074, 0.25932111861569773, 0.0008703035385072088, 0.10001334652718774], [0.21079512405345238, 0.7280645733112509, 0.0032122249170567787, 0.057928077718240115], [0.9109348630447833, 0.06947545440868919, 0.005847028664589056, 0.013742653881938306], [0.0014994808814085758, 0.9901799631164472, 0.005580244924440345, 0.0027403110777039497], [0.10108415489584055, 0.31860244203663585, 0.004151661132129521, 0.576161741935394], [0.004717676122606233, 0.7545383787704429, 0.026889430606391613, 0.21385451450055903], [0.039427407817696776, 0.015820093992163695, 0.0005960645163658541, 0.9441564336737737], [0.06045883213868242, 0.7647707171690238, 0.08024735019839888, 0.09452310049389498], [0.000594371487917059, 0.02748506474916683, 0.025054070826255555, 0.9468664929366605], [0.06067821342142594, 0.789797129369436, 0.028351499577647106, 0.12117315763149104], [4.327187175603224e-05, 0.7829420716870703, 0.011851995972550202, 0.20516266046862347], [0.014432975311063285, 0.9773271518960687, 0.003089540796901493, 0.005150331995966425], [0.5629050135845293, 0.42381637459826765, 0.0008540985134900968, 0.01242451330371302], [0.037365231906739696, 0.1764466756197269, 0.001600095850644619, 0.7845879966228888], [0.0720354142096666, 0.00048211021099521073, 0.19591933973039347, 0.7315631358489447], [0.19329560693408918, 0.14584181489622722, 0.15539003153462336, 0.5054725466350604], [0.12940065592168853, 0.15071043602650416, 0.09582264180768266, 0.6240662662441245], [0.0711490173082537, 0.6973862882769601, 0.06557627262371221, 0.16588842179107385], [0.1431612006941734, 0.00466996324134045, 0.5791386123800336, 0.27303022368445257], [0.1579574691073059, 0.832973486026693, 0.001791131407274926, 0.007277913458726134], [0.0027027051915612748, 0.0001993666652436819, 0.0010411863971877895, 0.9960567417460072], [0.017847673055493573, 0.006149707941207576, 0.3573238299496578, 0.618678789053641], [0.00011387227623131336, 0.9705367225565102, 0.022562410576641042, 0.006786994590617358], [0.0017217302015162925, 0.014995014747865859, 3.2704993629953196e-05, 0.9832505500569878], [0.8113665828193893, 0.04660765594182611, 0.1372055960939684, 0.004820165144816093], [0.01395017441712096, 0.25077316522103493, 0.32556997388056635, 0.4097066864812778], [0.005346691539672539, 0.0010158886568763317, 0.9875391152129707, 0.006098304590480262], [0.0004911298889607826, 0.30095820175471116, 0.02997476353584753, 0.6685759048204805], [0.9480486668140117, 0.029544375263105462, 0.00034843090268641476, 0.022058527020196585], [0.8748148235098786, 0.036207648908223006, 0.03432292332869425, 0.0546546042532042], [0.07788516637156112, 0.1400795108652112, 0.6821078924128455, 0.09992743035038215], [0.013118855115080008, 0.027378704553410068, 0.09816143767423716, 0.8613410026572728], [0.030486556325806366, 0.2111387461452417, 0.006924588638308718, 0.7514501088906432], [0.0031763459218142553, 0.0027558339588847573, 0.23914322376755037, 0.7549245963517506], [0.8836857678612594, 0.019769979514531993, 0.01605348174033642, 0.08049077088387234], [0.903870837125743, 0.08369501755260966, 0.012391510764074631, 4.263455757278242e-05], [0.0003421403962470665, 0.0007833501296368291, 0.1030094221238386, 0.8958650873502774], [0.15523912083022337, 0.28647251555880426, 0.1033498124868405, 0.45493855112413184], [0.5217076143034363, 0.4218056113295519, 0.055987689388392554, 0.0004990849786191621], [0.005518069021150274, 0.6111690060283099, 0.3411612504160823, 0.04215167453445748], [0.027082626504636165, 0.5885410459509155, 0.11214880754877139, 0.27222751999567685], [0.7635048668573092, 0.019085575063162972, 0.08708700536223782, 0.13032255271729004], [0.015838612298859394, 0.015666913749212318, 0.000267772256045009, 0.9682267016958833], [0.0041440405920694316, 0.17206115844327755, 0.3027030746293285, 0.5210917263353245], [0.025904639136063782, 0.001303391392340696, 0.00320707792582726, 0.9695848915457683], [0.8961575199905611, 0.0038841952161379474, 0.08817178216092804, 0.011786502632372742], [0.00032319517201571816, 0.9292916409527522, 0.07021035765289665, 0.00017480622233545748], [0.08140383356855134, 0.9185452244715764, 3.5786767174245196e-06, 4.736328315491097e-05], [0.0007878784334996034, 0.779802409792087, 0.14348941260964435, 0.07592029916476906], [0.04170998024584248, 0.11550313166051741, 0.8333680296605637, 0.00941885843307642], [0.00022065215921907968, 0.9663624935753814, 0.005055677546426545, 0.028361176718972966], [0.180274639033828, 0.7539020847376466, 0.06395892095957698, 0.0018643552689482817], [0.6918177409517322, 0.10843209773846238, 0.189563582240086, 0.010186579069719476], [0.4170146175814064, 0.23866630400498456, 0.2893346481215818, 0.05498443029202728], [0.001823630582635291, 0.3123487778467204, 0.15116255994057298, 0.5346650316300713], [0.8496070353806063, 0.0015544554661750141, 0.0002562430319354226, 0.14858226612128328], [0.45480627502253623, 0.5421755885032502, 0.0012898557907155535, 0.0017282806834978798], [0.6914340698928868, 0.006112673994204696, 0.2842132316400529, 0.018240024472855738], [0.0751183155198127, 0.9046741675019834, 0.009548707646617157, 0.010658809331586803], [0.9576711312965727, 0.0036430530872861486, 0.0005922868109317054, 0.03809352880520933], [0.19985770282155968, 0.27935832786256953, 0.4360584992371001, 0.08472547007877072], [0.14147398533922023, 0.18378887690708637, 0.09936848335571699, 0.5753686543979765], [0.8763501083329438, 0.014119684290071467, 0.0381408341561308, 0.07138937322085391], [0.754211649218166, 0.0022220778138193, 0.00019447464384195415, 0.2433717983241729], [0.0019540595211298382, 0.030806106008025223, 0.006835000393227163, 0.9604048340776177], [0.003573158605300843, 0.004243626491043095, 0.20473999947185728, 0.7874432154317988], [0.8176213258654781, 0.004895883100422296, 0.030128854167294206, 0.14735393686680556], [0.0010276360718288332, 0.0021075001215413313, 0.9923931777127118, 0.004471686093918004], [0.9966481534171772, 7.096007266254075e-05, 0.0006588946650711396, 0.0026219918450891785], [0.0006740601616186223, 1.6866192078676326e-05, 1.4401100828441741e-05, 0.9992946725454743], [1.9115176764311277e-05, 0.9998494445337573, 1.7578372883037855e-06, 0.0001296824521901782], [0.42538250386405424, 0.00012461038997601262, 0.17254115008428864, 0.40195173566168113], [0.2513538462732658, 0.008346131477185968, 0.24032605222830788, 0.4999739700212404], [0.06960132874686314, 0.23654453945041468, 0.0007526861089099775, 0.6931014456938123], [0.44848194121162277, 0.06568880376701242, 0.4109971027218814, 0.07483215229948344], [0.004912028270247584, 0.0019181822577690364, 0.0003528360493932941, 0.99281695342259], [0.2735808783837596, 0.725082550785794, 0.00022295023033664648, 0.001113620600109754], [0.5526017564678428, 0.009351427514746368, 0.0004910447111411274, 0.43755577130626955], [0.11191809470683405, 0.08546384907162785, 0.09384472323262992, 0.7087733329889082], [0.36252617016153843, 0.050870533723200696, 0.22745872808032, 0.35914456803494094], [0.02405350827209183, 0.9557951928797325, 0.01712511667333055, 0.00302618217484502], [0.07285898550714817, 0.7883964861313765, 5.616143816894705e-05, 0.13868836692330633], [0.015546539901439732, 0.5348564147471452, 0.010839947780436626, 0.43875709757097847], [0.6182883429958528, 0.10487936178783912, 0.002024862524748684, 0.2748074326915594], [0.03663918158769651, 0.2560708421423516, 0.015380227298959832, 0.691909748970992], [0.03359563535259192, 0.8989473386189514, 0.003764249328354505, 0.06369277670010222], [0.02686554206941965, 0.9675327931819989, 0.0017681818548066436, 0.0038334828937749816], [0.003133593681432854, 0.004065339659393943, 0.0007077650095838484, 0.9920933016495893], [0.006900008793220307, 0.9747805721999135, 0.0005998392397070089, 0.01771957976715909], [0.009688839682611767, 0.0006632491820146573, 0.2114318964786392, 0.7782160146567344], [0.02111602511665173, 0.6275430673552296, 0.14077129586658146, 0.21056961166153715], [0.7393967247534399, 0.008651825470905731, 0.002476738599920579, 0.2494747111757338], [0.8002029865089927, 0.0003377559276603082, 0.0010690504579781114, 0.19839020710536892], [0.014289679517716068, 0.9681402345079697, 0.016354954922992916, 0.0012151310513213358], [0.9306306249316807, 0.002020581419455391, 0.0031312151112451152, 0.06421757853761893], [0.2674876923035206, 0.45199616567249107, 0.2657627113660929, 0.014753430657895375], [0.47253281086382803, 0.0001255189210408612, 0.0006324928465941908, 0.5267091773685368], [0.7573027408055032, 0.04373461647599439, 0.037540137267182964, 0.16142250545131936], [0.01331303890070548, 0.28374924361851345, 0.6998954121048221, 0.003042305375958957], [0.15869038237096222, 0.002880946856161674, 0.021069322958813776, 0.8173593478140623], [0.0008937400008271883, 0.16884494681004786, 0.10289541381737227, 0.7273658993717526], [0.6940745293671212, 0.000969728964262332, 0.001747683063011911, 0.3032080586056047], [0.8831170181300892, 0.08852895908098289, 0.002244675509484229, 0.02610934727944352], [0.000481196491329553, 0.948387728259721, 0.04936087685359665, 0.0017701983953527123], [0.00206097725850455, 0.17580844558173706, 0.014066829869066303, 0.808063747290692], [0.00030353580745551306, 0.9586803390797377, 0.0006984302217579798, 0.04031769489104866], [0.10399301220989093, 0.0077627147977562235, 0.006152012148555422, 0.8820922608437974], [0.12498461751499101, 0.0400535367239227, 0.13668813805554977, 0.6982737077055365], [0.6238036083567112, 0.0029945055463424415, 0.0630794529649117, 0.3101224331320346], [0.13719491550153812, 0.6552041352528888, 0.12196794167463448, 0.0856330075709386], [0.3076804800116299, 0.10505697042460602, 0.114300783078838, 0.47296176648492605], [0.5700363186465724, 0.003157785551769809, 0.020689790067469484, 0.4061161057341882], [0.004219075658148831, 0.9873275082091398, 0.0083934302798496, 5.9985852861852026e-05], [0.000805175236789429, 0.8833005268311893, 0.005343928475064275, 0.11055036945695686], [0.9895379559949116, 0.0018987800634227522, 8.775851696818088e-06, 0.008554488089968731], [0.0005382801135508175, 0.9740251757289087, 0.01153557596021973, 0.01390096819732082], [0.001849557242003851, 0.11940492522617412, 0.8507570137222314, 0.02798850380959045], [0.02720710994945694, 0.6487550769373192, 0.31332710940769404, 0.010710703705529822], [0.8440060469374756, 0.040474064225999785, 0.02042686067228235, 0.09509302816424231], [0.9096131185776234, 0.0019397675446966142, 0.07474724114291594, 0.013699872734764099], [0.010843856363009462, 0.7927660987067247, 0.1911037991082577, 0.00528624582200834], [0.876123586777396, 0.08424891779122472, 0.03399422066228728, 0.005633274769091831], [0.03303347943366603, 0.02115936908185022, 0.0034459556947038657, 0.94236119578978], [0.020974936662109162, 0.955047573860461, 0.004481453699916317, 0.019496035777513587], [0.147501146352537, 0.05095621558337003, 0.000898475693037462, 0.8006441623710555], [0.08602329110219292, 0.3978753840104005, 0.255718042628396, 0.2603832822590106], [0.030237410546609424, 0.6485487011309878, 0.012708517150568553, 0.3085053711718342], [0.4872585608123358, 0.466373036278804, 0.011817611315407537, 0.03455079159345251]]}, "rewritten": {"ids": ["97106820", "97107681", "97107950", "97111790", "97112300", "97116410", "97116500", "98107210", "98108150", "98108520", "98111670", "98112170", "98112580", "98113881", "98116090", "98116500", "99107560", "99107950", "99108330", "99108460", "99109161", "99109780", "99109840", "99112531", "99113260", "99117740", "100108580", "100109000", "100111390", "100113210", "100115700", "100120010", "101109120", "101110200", "101111990", "101114020", "101119591", "102110050", "102113210", "102113350", "102116500", "102117351", "102121440", "102121700", "103110220", "103111110", "103111170", "103111930", "103112470", "103112641", "104109311", "104111380", "104111550", "104111711", "104111830", "104111990", "104112201", "104113000", "104113170", "104113210", "104116800", "104116980", "104117200", "105110091", "105113210", "105115380", "105115680", "105116980", "105121190", "105121370", "106114150", "106115240", "106115250", "106116441", "106117650", "106120290", "107112850", "107113360", "107114140", "107114280", "107114321", "107114490", "107114950", "107116300", "107118820", "107121540", "107121700", "108113620", "108114040", "108115250", "108116120", "108117360", "108118520", "108120700", "109114651", "109115220", "109116170", "109117271", "109117431", "109117630", "109119591", "109120540", "110114561", "110114610", "110114950", "110115980", "110116170", "110117140", "110117500", "110118181", "110118630", "110118880", "110120540", "110121450", "111114171", "111116411", "111116990", "111119150", "111119290", "111120280", "111120540", "111120640", "112116290", "112116540", "112116900", "112117580", "112118511", "112118810", "112119610", "112119950", "112120270", "112120670", "112121430", "113117340", "113118511", "113118820", "113119700", "113120640", "113120751", "113121010", "113121680", "113122230"], "labels": [1, 3, 2, 2, 2, 3, 2, 1, 0, 2, 1, 3, 2, 3, 0, 2, 1, 1, 1, 0, 3, 2, 2, 3, 0, 2, 0, 1, 2, 0, 1, 0, 1, 2, 2, 3, 0, 3, 3, 3, 1, 1, 2, 1, 2, 3, 2, 3, 1, 3, 3, 3, 1, 1, 3, 2, 0, 1, 3, 3, 1, 1, 3, 0, 3, 1, 2, 0, 2, 2, 1, 1, 2, 0, 1, 2, 1, 0, 2, 3, 0, 3, 3, 0, 3, 2, 3, 3, 0, 1, 1, 1, 0, 2, 3, 3, 0, 0, 1, 0, 0, 1, 0, 1, 0, 1, 0, 3, 1, 1, 1, 0, 1, 3, 3, 0, 0, 3, 3, 0, 1, 0, 0, 1, 3, 0, 1, 3, 0, 0, 0, 2, 2, 2, 1, 0, 0, 0, 1, 2, 1, 1], "predicted_labels": [0, 3, 2, 2, 3, 0, 1, 1, 3, 1, 2, 0, 3, 2, 1, 0, 1, 2, 2, 1, 0, 2, 1, 0, 2, 0, 3, 3, 1, 3, 1, 1, 3, 3, 2, 1, 0, 3, 0, 3, 0, 1, 2, 1, 0, 3, 3, 2, 0, 1, 0, 3, 2, 1, 1, 3, 3, 3, 0, 0, 3, 1, 1, 2, 1, 2, 1, 1, 1, 3, 0, 1, 3, 3, 0, 3, 1, 0, 1, 1, 0, 3, 2, 1, 3, 3, 3, 0, 3, 2, 0, 2, 0, 0, 1, 3, 0, 1, 3, 0, 3, 1, 0, 2, 1, 0, 1, 3, 3, 1, 0, 3, 2, 3, 1, 0, 3, 3, 2, 0, 0, 0, 0, 1, 1, 0, 2, 3, 2, 3, 0, 1, 2, 1, 0, 1, 1, 3, 0, 3, 0, 1], "confidence_scores": [[0.5691457513536239, 0.33274640392061866, 0.04243923111046557, 0.05566861361529172], [0.36321900489338005, 0.004052207520758481, 0.003848535500950228, 0.6288802520849113], [0.0005842841212390603, 9.40041790626704e-05, 0.9980512681412053, 0.001270443558492867], [0.0027235041579303713, 0.11591153241912096, 0.8502878986415597, 0.03107706478138891], [0.03488376656836101, 0.0017633056929829123, 0.024660023977060953, 0.9386929037615952], [0.8077684638056288, 0.00035580305529848977, 0.16606500832457882, 0.02581072481449375], [0.006962374407497929, 0.9607843676930017, 0.022388416591886853, 0.009864841307613588], [0.000100846806690525, 0.8978131997518585, 0.0005956716095934779, 0.1014902818318576], [0.12124798902596096, 4.3807250587493744e-05, 0.023567163049378465, 0.8551410406740731], [0.006910117326022523, 0.6254971116941469, 0.08704455127688529, 0.2805482197029452], [0.04891286467170573, 0.08214338482619364, 0.6410469281636938, 0.22789682233840694], [0.7453639000148959, 0.012904660774919103, 0.0011070385050206699, 0.24062440070516442], [9.461913908246164e-06, 0.00011105718408906974, 0.00437334491453877, 0.995506135987464], [0.1500566039851912, 0.11348995323272466, 0.49851224726667165, 0.23794119551541246], [0.001663883877748985, 0.9135480651512541, 0.07816082327668655, 0.006627227694310321], [0.8852991566546712, 0.03997210719131325, 0.0015812818430997772, 0.07314745431091593], [0.010171859390744125, 0.9430350826199936, 0.0467608400873813, 3.221790188082548e-05], [0.0004365397431266392, 0.0001344059558825444, 0.9993886851999164, 4.0369101074336454e-05], [0.26406583420836616, 0.27268070068855554, 0.4436653341966677, 0.019588130906410466], [0.00030888821314067335, 0.6225143510944772, 0.07077273066078506, 0.30640403003159705], [0.9550344729530796, 0.043788828593981685, 0.0006772195397853684, 0.0004994789131532252], [0.0030322661004731173, 0.4576986670717186, 0.46048478159486017, 0.07878428523294796], [0.000149709468221811, 0.9960419808150414, 0.002917641999370261, 0.0008906677173666762], [0.9981998471092935, 0.00029802287142146846, 0.001151930336193893, 0.00035019968309134346], [0.00020792935025783937, 0.002152469206678338, 0.9852882753799685, 0.012351326063095087], [0.6628624609892859, 0.16782367868620224, 0.0047548646355132776, 0.16455899568899865], [0.07919056646198781, 0.039335857317917555, 0.005110550929943044, 0.8763630252901516], [0.10547742820697878, 0.3687194295782574, 0.15149771980547933, 0.3743054224092845], [0.05739703223250117, 0.6713057864853138, 0.16777881385935553, 0.1035183674228296], [0.02314859178574309, 0.26147897512426854, 0.009772732705111269, 0.7055997003848772], [0.031158911276552365, 0.5457570026679891, 0.25521262632349695, 0.16787145973196166], [0.026493089903687116, 0.39031750159760015, 0.32426049247657285, 0.2589289160221398], [0.00479055111928195, 1.4889985670640066e-05, 0.0008931686723844986, 0.994301390222663], [0.037690305196111606, 0.0012055095653077243, 0.09846536943274654, 0.8626388158058341], [0.023387189610558575, 0.0032049755906420102, 0.9665689018340383, 0.006838932964761037], [0.03640049705365848, 0.4203732800190597, 0.14855555185630975, 0.39467067107097203], [0.5790968370424808, 0.03857372030656801, 0.2900783580009169, 0.09225108465003413], [0.0002189156115549663, 0.03753631925255533, 0.0691283925198028, 0.8931163726160868], [0.9325448476603124, 0.02667404726232057, 0.027835236957099815, 0.012945868120267334], [0.0008612559457254939, 0.003514833637813954, 0.11173449981788579, 0.8838894105985746], [0.5034041871739146, 0.26598918247543335, 0.04909582726046036, 0.18151080309019166], [0.15800495264245992, 0.841947820008318, 2.6657691952875744e-05, 2.056965726920587e-05], [0.003631520083654423, 0.4049056304385904, 0.5231519855810179, 0.06831086389673728], [0.03576938105776696, 0.9091575748834091, 0.02691080480242662, 0.028162239256397374], [0.39481986184189555, 0.14276647657576155, 0.3534424080254132, 0.1089712535569297], [0.14524542347350822, 0.002133917837020338, 0.02800358155666602, 0.8246170771328054], [0.10838308564208411, 0.026688204348617746, 0.09557134767247548, 0.7693573623368226], [0.01874357211256721, 0.23022300998532508, 0.6922782879119777, 0.05875512999013013], [0.5251019547029198, 0.4490092590435604, 0.00823830887768626, 0.01765047737583347], [0.07635154292393614, 0.8340194774020289, 0.007590497354617041, 0.08203848231941789], [0.5767850845016084, 0.1939748861250284, 0.001178292860382162, 0.22806173651298103], [0.2616552643547077, 0.09469632766663443, 0.3210003687536449, 0.32264803922501295], [0.0324430671094823, 0.00021019783220793176, 0.5010472066655667, 0.4662995283927431], [0.006115722925755497, 0.4670512458200525, 0.44048340833535987, 0.08634962291883228], [4.4627336912821174e-05, 0.9980866995074408, 2.17913964445786e-05, 0.0018468817592019215], [0.2570016830952439, 0.3139704497067478, 0.06507655322685751, 0.36395131397115077], [0.030741351047201465, 0.04560780942820242, 0.002523748947360156, 0.921127090577236], [0.01396603844044127, 0.002810532282702226, 0.00021006616600413434, 0.9830133631108523], [0.6982154245799088, 0.21779201693929634, 0.041576071734360544, 0.042416486746434265], [0.8721745932933971, 0.03170187748099657, 0.07929483274365712, 0.016828696481949235], [0.008086531511370091, 0.0006045779591556618, 0.004079490176084126, 0.98722940035339], [0.09412465780207842, 0.7326889201683264, 0.0043903920995245534, 0.16879602993007062], [0.009239582048861094, 0.7044276531271143, 0.05854996693830012, 0.22778279788572436], [0.34288729979647825, 0.004135617745846549, 0.6309242337301005, 0.022052848727574657], [0.2645749723164307, 0.6590384003998588, 0.026758967096462808, 0.04962766018724777], [0.00012306590998461829, 1.5629206865053528e-05, 0.8716693485284804, 0.12819195635466998], [0.004890583236273222, 0.5941174270706513, 0.3189655870866079, 0.08202640260646761], [0.09093743752233918, 0.7423147585190524, 0.00042474680229389683, 0.16632305715631454], [0.0003566934671502888, 0.8583679022407885, 0.08185794935106191, 0.059417454940999266], [0.0013345340592182638, 0.41730529482542267, 0.011288125875970145, 0.570072045239389], [0.9938228423270312, 0.0032040224242530627, 0.0009562012533453676, 0.002016933995370223], [0.0550296711226153, 0.7763616315897474, 0.009617967236275726, 0.15899073005136177], [0.08114659743869539, 0.06442799419421445, 0.02908952021566598, 0.8253358881514242], [0.034875976332950864, 0.016748139836116487, 0.028666365017843882, 0.9197095188130887], [0.8689444333536811, 0.06275075589116365, 0.03792150388404645, 0.03038330687110869], [0.03643271613284201, 0.308458123245795, 0.02305797580752719, 0.6320511848138356], [0.002025233269962132, 0.8780637508546687, 0.11906930221857169, 0.0008417136567975382], [0.9884567045374806, 0.0028428396872618813, 0.0005171631210987279, 0.008183292654159074], [0.01591302827815423, 0.9132787747819293, 0.06530871769595342, 0.005499479243962872], [0.0068459737162670856, 0.7756361374181767, 0.2112383336071178, 0.00627955525843839], [0.9209724095421911, 0.00994260683974947, 0.04551241140435271, 0.023572572213706584], [0.00027930910143496724, 0.05069834683353201, 0.004424143782024023, 0.944598200283009], [0.19759707761649914, 0.012810982522511238, 0.6645616204262795, 0.12503031943471013], [0.0010942122177962197, 0.9985427050266583, 5.621223236545358e-06, 0.0003574615323091384], [0.0002995721174020874, 0.0029150179174246924, 0.013231868724756783, 0.9835535412404165], [7.034877332590707e-05, 1.6773370398772115e-06, 0.00026350333999829937, 0.9996644705496358], [0.09737132792636326, 0.01670895198542037, 0.28190593055118846, 0.604013789537028], [0.7601469850730778, 0.22556377625772803, 0.00274647236136809, 0.011542766307826155], [0.008823523516124292, 0.014456927669536266, 0.08823070173660759, 0.8884888470777318], [0.024742102929163737, 0.35389003656649354, 0.36660363971564075, 0.25476422078870187], [0.7418521363048235, 0.011390883389521635, 0.01736999205999754, 0.22938698824565731], [0.003732100737450313, 0.010114705430423013, 0.9151219680880931, 0.07103122574403375], [0.977113620451309, 0.015899002094133856, 0.0022490830503595254, 0.0047382944041977305], [0.721959373563247, 0.08413737330201976, 0.02410170557118165, 0.16980154756355165], [0.2511880886458157, 0.7383833000999895, 0.005020038316907539, 0.005408572937287155], [0.0015546874642020786, 0.06769586463675652, 0.0010623304084019687, 0.9296871174906395], [0.9516255624586955, 0.03926922299548961, 0.0019870454842859106, 0.00711816906152908], [0.08120962621776605, 0.8549619094934848, 2.8974905946160986e-05, 0.06379948938280287], [0.008643769168137153, 0.0002668503568465149, 0.0015195027896791845, 0.9895698776853371], [0.760307462193284, 0.07707435934874363, 0.024631648720416316, 0.13798652973755607], [0.1634534557442747, 0.23162046877623538, 0.13407218096021897, 0.47085389451927095], [0.22916261757110823, 0.7317199384531741, 4.5028113977125226e-05, 0.03907241586174054], [0.5785021061921569, 0.3912406539248973, 0.01371980063372286, 0.016537439249222918], [0.010462399072539518, 0.164580022683405, 0.4369429219704247, 0.38801465627363085], [0.19898999353757754, 0.3790400117610635, 0.33362373934280987, 0.08834625535854927], [0.7641401285800744, 0.012517439908723511, 0.12458079404014967, 0.09876163747105236], [0.008207648958760692, 0.48672664275578537, 0.07205807337585124, 0.4330076349096026], [0.033389628668825284, 0.008244467103899908, 0.00018431872499774523, 0.9581815855022771], [0.033499747764882674, 0.03230642714191391, 0.0009624558972868112, 0.9332313691959165], [0.08008929467350756, 0.8662987425654204, 0.05158308112913277, 0.002028881631939365], [0.6613712898095425, 0.05293887461576099, 0.0017643355461279676, 0.2839255000285686], [0.00274251141909192, 0.05183183476015612, 5.103177484635783e-07, 0.9454251435030034], [0.1667405526213675, 0.03807582140637754, 0.41546769803417033, 0.3797159279380846], [0.04128259845558965, 0.00015328661364369224, 1.3961811118494318e-05, 0.9585501531196482], [0.0005869905609279781, 0.9667421495735867, 0.002040450035374504, 0.030630409830110655], [0.9462641588618277, 0.0005282035557408914, 3.9338251068187096e-05, 0.05316829933136307], [0.2201018730137262, 0.3036171002979878, 0.0030234759045916332, 0.47325755078369447], [0.40609710791704273, 0.048589392021613685, 0.04265877424630175, 0.5026547258150419], [0.27061981559175063, 0.0005461085858451206, 0.5801065304519635, 0.1487275453704409], [0.6312788566291254, 0.05425387853046202, 0.0018011619597431171, 0.3126661028806694], [0.470039428276244, 0.3871576229523846, 0.13913739585978666, 0.0036655529115846353], [0.8047555354729521, 0.03015309086472234, 0.09801663763765578, 0.06707473602466978], [0.8375529745816394, 0.10551350616656668, 0.055637967219232934, 0.0012955520325611072], [0.00018154913884893566, 0.9308363968710256, 0.05098295073200897, 0.01799910325811646], [0.14927139617889443, 0.7978011993904168, 0.018347377643897798, 0.03458002678679091], [0.8829407315871557, 8.209532117766601e-05, 0.0004019486779547497, 0.11657522441371179], [0.014938688239310377, 0.004219378795969858, 0.9784866675257378, 0.0023552654389820127], [0.0005236307758731987, 0.005104435053694916, 0.0023528696386652865, 0.9920190645317666], [0.02624714809747418, 0.3148007384984844, 0.6561200331565554, 0.0028320802474859634], [0.04142939892547302, 0.03288246736596819, 0.0011641423956564602, 0.9245239913129024], [0.49334108421359346, 0.37566558434714065, 0.05190624274438395, 0.07908708869488199], [0.0039008071762986853, 0.5361672086754384, 0.4537725947291247, 0.006159389419138263], [0.002067995655215454, 0.09542062094920639, 0.5746737056010567, 0.3278376777945214], [0.011486193294432099, 0.7668688874240567, 0.03248029417505791, 0.18916462510645324], [0.7453927339284465, 0.22649828695329055, 0.007477981110119314, 0.020630998008143633], [0.0450061770682642, 0.9542898413047354, 2.1039558033103837e-08, 0.0007039605874423482], [0.003023006735785958, 0.9968650713506167, 7.60603078167368e-05, 3.586160578051021e-05], [0.06542006074460041, 0.019007807367352813, 0.0007469810112383652, 0.9148251508768085], [0.48157400081489776, 0.16746368718136692, 0.007030856774753281, 0.3439314552289821], [0.00926848425853558, 0.3553816422805584, 0.21327572861168215, 0.42207414484922395], [0.5696300784542334, 0.04697373723784561, 0.3668394636099976, 0.016556720697923383], [0.006376151895937487, 0.8174729482403632, 0.05167527556631317, 0.12447562429738615]]}}