{"test": {"ids": ["111115770", "99107300", "105117431", "97112300", "97105960", "108113480", "107120130", "97116500", "103110100", "109117271", "113120751", "109116040", "111120531", "107118120", "103112470", "103110220", "102112030", "99111440", "107117630", "108120700", "98111860", "112119120", "102110690", "110113591", "113119700", "100109980", "105112100", "108120060", "106113830", "112121430", "98106560", "113122230", "104114410", "112117431", "110118121", "103120290", "112118620", "104113240", "101111310", "112116800", "98116090", "104116980", "113118810", "104113190", "113119450", "110120531", "110120540", "101109000", "107114490", "97107260", "109120560", "108114180", "103111930", "112117571", "111120190", "112116900", "106118301", "112116990", "112118550", "105115900", "106113170", "112118421", "103111540", "111116090", "101110740", "104113550", "109119010", "98111670", "100120780", "98117740", "101116130", "112116640", "110121140", "111120280", "98108970", "113118231", "109114720", "101109120", "108113760", "109115220", "105116980", "107112840", "99109311", "112117471", "113121220", "110117200", "104117630", "100117420", "109114270", "99109780", "106114011", "110118810", "99112300", "109119460", "103111990", "109114651", "99109740", "112118471", "100111270", "106116441", "107113260", "113117630", "105115680", "102112301", "99105921", "111114321", "104118070", "107114280", "105110091", "99107640", "100111380", "109117730", "105116860", "104112201", "109116930", "104118340", "99107630", "103120780", "111116750", "102109010", "111121190", "99121440", "100108490", "108116120", "110118181", "103111110", "102110850", "101108121", "110114920", "105120621", "106119260", "102109910", "112118581", "99109161", "104109311", "107114950", "97112290", "104111380", "111117000", "113118490", "111120320", "98111231"], "labels": [3, 3, 1, 2, 2, 0, 2, 2, 1, 0, 1, 0, 0, 3, 1, 2, 2, 3, 0, 2, 0, 1, 0, 0, 0, 1, 1, 1, 1, 2, 1, 1, 1, 0, 3, 2, 3, 2, 3, 0, 0, 1, 3, 3, 3, 0, 1, 1, 3, 2, 1, 1, 3, 3, 3, 3, 1, 0, 3, 3, 0, 3, 1, 3, 3, 1, 3, 1, 1, 2, 2, 0, 3, 0, 3, 3, 0, 1, 1, 3, 0, 1, 1, 3, 3, 3, 0, 2, 3, 2, 1, 1, 0, 1, 2, 3, 3, 1, 2, 0, 0, 0, 2, 1, 1, 1, 2, 3, 0, 1, 3, 3, 2, 0, 0, 2, 2, 1, 3, 1, 1, 2, 2, 1, 1, 3, 3, 0, 3, 1, 1, 2, 1, 3, 3, 3, 1, 3, 0, 1, 1, 1], "predicted_labels": [0, 0, 1, 3, 3, 3, 1, 1, 1, 3, 0, 1, 1, 1, 1, 1, 1, 3, 0, 1, 2, 3, 3, 0, 1, 2, 3, 1, 0, 1, 2, 1, 1, 3, 1, 1, 1, 1, 0, 1, 3, 1, 1, 1, 0, 0, 1, 3, 1, 1, 3, 1, 0, 1, 3, 3, 0, 3, 0, 3, 0, 3, 0, 3, 1, 0, 1, 3, 3, 1, 1, 1, 0, 3, 1, 1, 1, 0, 2, 3, 0, 1, 0, 1, 3, 0, 3, 3, 3, 1, 3, 0, 3, 3, 3, 3, 3, 0, 1, 1, 1, 0, 1, 3, 0, 1, 3, 1, 0, 0, 1, 1, 1, 0, 0, 3, 3, 0, 0, 1, 0, 2, 1, 0, 1, 0, 1, 0, 1, 0, 3, 3, 1, 1, 0, 3, 1, 3, 1, 3, 1, 0], "confidence_scores": [[0.8378186593790967, 0.04644594300575345, 0.015319091407022093, 0.10041630620812743], [0.6072233473425259, 0.12718079404934812, 0.009637975272410594, 0.25595788333571506], [0.17419401829603787, 0.27331196695971033, 0.4308244692002099, 0.12166954554404201], [0.13801208088924666, 0.05668342857361444, 0.38632202860675413, 0.41898246193038463], [0.23281048149753783, 0.04701535586179029, 0.2014234521464058, 0.5187507104942665], [0.11086704312040929, 0.31146973404338585, 0.0943119870949308, 0.4833512357412736], [0.06802851289003446, 0.763166667982319, 0.10455099579195151, 0.06425382333569529], [0.1062889810964736, 0.33984190705004863, 0.31858894299677726, 0.23528016885670047], [0.1528917171036892, 0.2229319802401939, 0.5517858370210619, 0.07239046563505475], [0.11588107954778594, 0.2736163751000561, 0.03155085241566348, 0.5789516929364948], [0.6143189371093968, 0.07280641300319661, 0.031866553727396045, 0.28100809616001055], [0.06390555016609832, 0.5589810687133699, 0.08362236796468563, 0.2934910131558461], [0.4028257892407877, 0.472400068081333, 0.011039145565055709, 0.11373499711282357], [0.274061490002167, 0.38277179651516546, 0.011728463861349455, 0.3314382496213179], [0.3011709498356963, 0.3358506678147462, 0.1962306610395845, 0.16674772130997276], [0.07520714871047038, 0.43690785192095916, 0.3468559039443293, 0.14102909542424144], [0.14941888294462025, 0.3829919710427564, 0.21939381927574597, 0.2481953267368776], [0.1460417117959337, 0.29094250557429335, 0.04222142297467095, 0.5207943596551022], [0.7211185601653582, 0.003841725848107467, 0.19560331955632923, 0.07943639443020517], [0.29731392690211383, 0.3994765238660056, 0.07833728121051822, 0.2248722680213623], [0.013198063152375697, 0.16355671106977707, 0.7815045665502386, 0.04174065922760858], [0.04191844119671855, 0.19546770995432902, 0.10350822955934666, 0.6591056192896056], [0.4928613104905283, 0.12463747223843166, 0.021001466827351645, 0.3614997504436882], [0.7526368528974424, 0.015996435348402876, 0.022782064838997477, 0.20858464691515746], [0.21084629948963682, 0.4598133969943695, 0.15515717157888345, 0.17418313193711044], [0.14923690002875203, 0.13123063127371684, 0.5757870001909221, 0.14374546850660905], [0.2528555997776793, 0.04068100698100775, 0.11119535121172412, 0.595268042029589], [0.3765781718213976, 0.32756749672469543, 0.12696755535563625, 0.1688867760982709], [0.5938478123150387, 0.1175306422135666, 0.012168779892637309, 0.27645276557875736], [0.047232795069025994, 0.3473217724493279, 0.5286461677604428, 0.07679926472120335], [0.02620200254850582, 0.1859859434744479, 0.6599898406606368, 0.12782221331640958], [0.04145902644243184, 0.2939404676107905, 0.5191041999846341, 0.14549630596214352], [0.11270506687856346, 0.41334371694337835, 0.21339046503400994, 0.2605607511440482], [0.25667796021034567, 0.3379095447055807, 0.01298447896095988, 0.39242801612311373], [0.026783450428902122, 0.562289928175605, 0.038281922421211347, 0.37264469897428165], [0.05448768133952481, 0.5082766416973195, 0.2531015871769082, 0.18413408978624773], [0.40260272517679924, 0.389472420156942, 0.07730409579743094, 0.13062075886882807], [0.0228478397511265, 0.8515678260315831, 0.05083645740784673, 0.07474787680944356], [0.398569294004298, 0.16568077629924646, 0.32000583061865395, 0.11574409907780171], [0.030614609045130782, 0.5145483250508112, 0.11867790825798233, 0.3361591576460754], [0.23504337252112276, 0.1718175643774739, 0.25997427625423913, 0.3331647868471645], [0.012449474124414753, 0.48337102945665855, 0.13336389854944083, 0.3708155978694857], [0.22770990220581017, 0.26007766459590825, 0.41286375051183527, 0.09934868268644619], [0.04402358956278754, 0.7685815787687797, 0.02004034578610717, 0.16735448588232577], [0.5392614186499779, 0.13207994863832376, 0.10040709784505675, 0.22825153486664138], [0.8534994411046912, 0.0807328250220923, 0.013667876681302192, 0.05209985719191407], [0.10032620442201519, 0.47064276076669626, 0.344954028674313, 0.08407700613697555], [0.1391293754344587, 0.33092630547819496, 0.03930588406428052, 0.49063843502306603], [0.09674989310701115, 0.45331465058718545, 0.10801852129683287, 0.3419169350089704], [0.3091010156754933, 0.20877296321089628, 0.34899433755611425, 0.13313168355749608], [0.3709272139619091, 0.05749832587287813, 0.09013711535339629, 0.4814373448118164], [0.09463117905064934, 0.5132788452455328, 0.07624247648745108, 0.3158474992163669], [0.34355981877539044, 0.2711237282818651, 0.194527993326452, 0.19078845961629234], [0.04488119526908353, 0.5401986054271959, 0.10865039924518281, 0.30626980005853743], [0.15322351664496622, 0.08406294307497013, 0.27008721625684107, 0.49262632402322243], [0.4424397959833522, 0.13179239247486696, 0.07139003092888226, 0.3543777806128985], [0.9329361278474742, 0.013342804135459062, 0.0023432169184057993, 0.051377851098660866], [0.23499225218238745, 0.05503221897472922, 0.3216624454668962, 0.3883130833759872], [0.4820856905836311, 0.14126652004373796, 0.0393759782924465, 0.33727181108018417], [0.1990511145816506, 0.2779466198701986, 0.07572516912699694, 0.4472770964211541], [0.5859035425971899, 0.28321416341378747, 0.0054426502165477765, 0.12543964377247516], [0.13289210680412375, 0.19711878474458383, 0.0198259253836066, 0.6501631830676854], [0.5884994789457847, 0.13726559342272585, 0.11106504591084163, 0.16316988172064764], [0.5210516477088655, 0.0787954086533806, 0.018264422805496342, 0.3818885208322575], [0.10041796419379809, 0.5909956042827444, 0.11688319538887301, 0.19170323613458462], [0.9617016906520948, 0.005608306458631464, 0.0012674907982390992, 0.03142251209103486], [0.014043277930166426, 0.387266971123856, 0.23833786400146442, 0.36035188694451326], [0.34930890764826433, 0.07654544638458784, 0.05962731414053003, 0.5145183318266179], [0.4645959480822288, 0.08607198952913464, 0.10132700397956107, 0.3480050584090757], [0.1652326698771762, 0.549718173117732, 0.1384375189061794, 0.14661163809891298], [0.2289124569382441, 0.2927288400475068, 0.2836956398705376, 0.19466306314371123], [0.11755417068303124, 0.6233106307494175, 0.054586327087889006, 0.20454887147966191], [0.7857399135583144, 0.05501403951871728, 0.016895803924971982, 0.14235024299799642], [0.19552385624134005, 0.2222328472557371, 0.029942055108014638, 0.5523012413949085], [0.048010630040007926, 0.5421153379153784, 0.34457390688880146, 0.06530012515581202], [0.05835725676579963, 0.370579581583728, 0.24307741134596492, 0.3279857503045071], [0.023099438289580613, 0.30704955260655914, 0.4351632385766415, 0.2346877705272183], [0.5142768174465626, 0.0606049736230794, 0.16294895355868322, 0.2621692553716748], [0.1273092119281629, 0.10182392410944636, 0.6720093582529945, 0.09885750570939635], [0.2703285058002112, 0.20019737292819687, 0.15534325935507393, 0.37413086191651795], [0.48038609228020374, 0.29608452760473836, 0.0008828035460179286, 0.22264657656904027], [0.006682694734733645, 0.9033845250539957, 0.04797748314018253, 0.04195529707108821], [0.3787791089567114, 0.27254800221356057, 0.221661138570616, 0.12701175025911218], [0.2332683787475557, 0.4941650865385214, 0.11763401357125919, 0.15493252114266368], [0.1599192155639863, 0.061047962892429745, 0.08149057087996699, 0.6975422506636169], [0.601789958157029, 0.25289328354032614, 0.0508636425200354, 0.0944531157826097], [0.03624106538403241, 0.4001734389975748, 0.1040275052533764, 0.45955799036501593], [0.1507644747729179, 0.23189257961773216, 0.18987469745380756, 0.4274682481555424], [0.15313232967674612, 0.11981670240823511, 0.0027318657489217896, 0.7243191021660969], [0.13701868369614414, 0.34408921696019407, 0.4124149752028429, 0.10647712414081915], [0.10157962607116482, 0.32666724730916624, 0.18912975605879426, 0.38262337056087453], [0.870529683461034, 0.05431154054789423, 0.02443981849290183, 0.05071895749816975], [0.2895833721671398, 0.03135275596356502, 0.08028526295223241, 0.5987786089170627], [0.1423025364767208, 0.30811344696503434, 0.042222357734318997, 0.5073616588239257], [0.1945398547312588, 0.1500933545464637, 0.13634677281588323, 0.5190200179063942], [0.3157973511524506, 0.12361626723815436, 0.1332518846006241, 0.4273344970087708], [0.09646628755891497, 0.2817387686352519, 0.33995396422557117, 0.28184097958026166], [0.27685358042215624, 0.15874088234880165, 0.46416118605539025, 0.10024435117365192], [0.059584521312416386, 0.5282045765605374, 0.1696139732592461, 0.24259692886780013], [0.1577356726216312, 0.4259327900050499, 0.14633208162380879, 0.26999945574951006], [0.08972171863794505, 0.4444837911256718, 0.20155739201783465, 0.26423709821854874], [0.37252510548989626, 0.25820362070474934, 0.10279977588088289, 0.2664714979244714], [0.0397091076517323, 0.6294121819913698, 0.20841695431690077, 0.12246175603999698], [0.11832012672087472, 0.2075786173838425, 0.032882874724077554, 0.6412183811712053], [0.29646248077346676, 0.2753008539892696, 0.1808156953551717, 0.24742096988209206], [0.17301715463351464, 0.5535746969557651, 0.06648060844256466, 0.20692753996815563], [0.019150620266540526, 0.078388451036608, 0.5291638759586921, 0.3732970527381593], [0.22162789236741384, 0.4016827147255967, 0.2922354739664853, 0.08445391894050425], [0.6969662108144039, 0.09487452929470652, 0.02196183910137695, 0.18619742078951257], [0.6056750018080435, 0.08131598157283224, 0.08769760979500144, 0.22531140682412307], [0.3024783085959781, 0.2964084256893864, 0.06996121897750571, 0.33115204673712956], [0.12152875704545626, 0.20842318424817596, 0.5502202891845459, 0.11982776952182216], [0.3921145911769208, 0.41268831593761846, 0.1296301916452224, 0.06556690124023855], [0.5440709442364758, 0.024008872500289363, 0.02929779225420935, 0.40262239100902547], [0.9174894521153156, 0.007918670675135743, 0.0031269975983037645, 0.07146487961124483], [0.1693522387563214, 0.09492196102072144, 0.526923870507719, 0.2088019297152383], [0.24746134853570442, 0.041780015724246194, 0.05375897874027913, 0.6569996569997705], [0.43263557704881017, 0.1924789442826974, 0.09020762173038158, 0.2846778569381105], [0.6532354240781474, 0.06451842961978764, 0.017779867706294177, 0.2644662785957709], [0.11546914534840627, 0.20740375560122615, 0.5537872080697195, 0.1233398909806482], [0.6569903610796269, 0.10766217603865154, 0.13612504106401635, 0.09922242181770499], [0.04593766814171188, 0.07617155496278703, 0.8422753798550929, 0.035615397040408246], [0.11256889095564651, 0.23068169679373127, 0.6020689300136647, 0.05468048223695761], [0.8765070768318465, 0.007187301146498751, 0.09189760084120879, 0.0244080211804458], [0.181878088007475, 0.4713649390398875, 0.30409240501844276, 0.042664567934194465], [0.4685500125513225, 0.18287053644122425, 0.07845541217504994, 0.270124038832403], [0.04488519403488102, 0.747295607860709, 0.09583652823569866, 0.11198266986871153], [0.8908208097481713, 0.018724663021020813, 0.023097502881281602, 0.06735702434952633], [0.21221342219750466, 0.5775156215142699, 0.15222781441808808, 0.058043141870137545], [0.95293231036308, 0.011386128310624544, 0.0002360072343703193, 0.03544555409192499], [0.21329847466896198, 0.010995226380326538, 0.1081773766803606, 0.6675289222703509], [0.4796057587871906, 0.03236722353236436, 0.06449237281329473, 0.42353464486715026], [0.030284330160937914, 0.6362328185281628, 0.20400002684383212, 0.12948282446706694], [0.21644523742591026, 0.2592721961769797, 0.32085315958758764, 0.20342940680952223], [0.6860317559326047, 0.02419966064545347, 0.02616238402209686, 0.2636061993998448], [0.26598379828954055, 0.10608940986270375, 0.13509829112278873, 0.49282850072496714], [0.25494979482399055, 0.3487276772373824, 0.19705386574166023, 0.19926866219696632], [0.2938435252654215, 0.06251531087900736, 0.3666839018693549, 0.27695726198621634], [0.09498943348673741, 0.48240460903957694, 0.16781170300547352, 0.2547942544682123], [0.028284047281963022, 0.031894678261702114, 0.005339380763657828, 0.934481893692677], [0.30731789598510956, 0.2545298987276281, 0.18688739070706936, 0.2512648145801924], [0.7859590867626295, 0.05243877058904202, 0.07918195343623839, 0.08242018921209013]]}, "rewritten": {"ids": ["97105960", "97107260", "97112290", "97112300", "97116500", "98106560", "98108970", "98111231", "98111670", "98111860", "98116090", "98117740", "99105921", "99107300", "99107630", "99107640", "99109161", "99109311", "99109740", "99109780", "99111440", "99112300", "99121440", "100108490", "100109980", "100111270", "100111380", "100117420", "100120780", "101108121", "101109000", "101109120", "101110740", "101111310", "101116130", "102109010", "102109910", "102110690", "102110850", "102112030", "102112301", "103110100", "103110220", "103111110", "103111540", "103111930", "103111990", "103112470", "103120290", "103120780", "104109311", "104111380", "104112201", "104113190", "104113240", "104113550", "104114410", "104116980", "104117630", "104118070", "104118340", "105110091", "105112100", "105115680", "105115900", "105116860", "105116980", "105117431", "105120621", "106113170", "106113830", "106114011", "106116441", "106118301", "106119260", "107112840", "107113260", "107114280", "107114490", "107114950", "107117630", "107118120", "107120130", "108113480", "108113760", "108114180", "108116120", "108120060", "108120700", "109114270", "109114651", "109114720", "109115220", "109116040", "109116930", "109117271", "109117730", "109119010", "109119460", "109120560", "110113591", "110114920", "110117200", "110118121", "110118181", "110118810", "110120531", "110120540", "110121140", "111114321", "111115770", "111116090", "111116750", "111117000", "111120190", "111120280", "111120320", "111120531", "111121190", "112116640", "112116800", "112116900", "112116990", "112117431", "112117471", "112117571", "112118421", "112118471", "112118550", "112118581", "112118620", "112119120", "112121430", "113117630", "113118231", "113118490", "113118810", "113119450", "113119700", "113120751", "113121220", "113122230"], "labels": [2, 2, 1, 2, 2, 1, 3, 1, 1, 0, 0, 2, 1, 3, 2, 1, 3, 1, 3, 2, 3, 0, 2, 2, 1, 2, 3, 2, 1, 0, 1, 1, 3, 3, 2, 1, 2, 0, 3, 2, 1, 1, 2, 3, 1, 3, 2, 1, 2, 1, 3, 3, 0, 3, 2, 1, 1, 1, 0, 2, 2, 0, 1, 2, 3, 2, 0, 1, 1, 0, 1, 1, 0, 1, 1, 1, 0, 3, 3, 3, 0, 3, 2, 0, 1, 1, 1, 1, 2, 3, 3, 0, 3, 0, 0, 0, 3, 3, 1, 1, 0, 3, 3, 3, 1, 1, 0, 1, 3, 1, 3, 3, 3, 0, 3, 0, 1, 0, 1, 0, 0, 3, 0, 0, 3, 3, 3, 1, 3, 1, 3, 1, 2, 0, 3, 1, 3, 3, 0, 1, 3, 1], "predicted_labels": [3, 0, 1, 3, 2, 1, 1, 0, 3, 1, 1, 1, 1, 0, 3, 3, 1, 1, 1, 1, 3, 3, 1, 3, 2, 2, 3, 3, 3, 0, 3, 0, 1, 0, 0, 3, 0, 3, 3, 1, 0, 1, 2, 0, 3, 1, 1, 1, 1, 1, 0, 3, 3, 3, 1, 0, 1, 1, 2, 3, 3, 3, 3, 1, 3, 1, 0, 1, 0, 3, 0, 3, 3, 0, 3, 1, 1, 1, 2, 2, 0, 3, 0, 3, 2, 1, 0, 1, 1, 3, 3, 2, 3, 3, 0, 3, 2, 1, 1, 3, 3, 1, 1, 1, 1, 0, 0, 2, 0, 1, 0, 0, 0, 1, 2, 3, 3, 1, 3, 1, 1, 3, 0, 1, 1, 1, 3, 1, 0, 1, 1, 3, 1, 1, 3, 3, 1, 1, 1, 3, 3, 1], "confidence_scores": [[0.25244868438315354, 0.08073637259111283, 0.2783821078414255, 0.3884328351843081], [0.3126349801299391, 0.10979493921289578, 0.49803249297503566, 0.0795375876821293], [0.18716394406811732, 0.41425396551760535, 0.183623864572265, 0.21495822584201235], [0.3545467582426581, 0.10639311431534307, 0.16533510406103166, 0.37372502338096747], [0.013038272194339668, 0.1258575071312845, 0.8112486476068081, 0.04985557306756763], [0.04479704792847378, 0.22720408076017914, 0.5193330583929883, 0.20866581291835865], [0.0655728139849413, 0.3928595273947163, 0.1501241718414763, 0.3914434867788662], [0.6976048397866286, 0.08129688683637736, 0.08611189981799122, 0.13498637355900253], [0.21184122832202265, 0.18935961311454505, 0.3685826024387976, 0.23021655612463476], [0.04666275067495317, 0.33520290917156775, 0.5202786072712493, 0.0978557328822297], [0.14451508450596248, 0.637534652141613, 0.11759201399145686, 0.10035824936096793], [0.17388613712007286, 0.5266648591638058, 0.1745262880577862, 0.12492271565833488], [0.20710127332292022, 0.27462898777236805, 0.2848040223042996, 0.23346571660041196], [0.7444153863371668, 0.1290626567163975, 0.0020477868414509027, 0.12447417010498493], [0.11461674926708758, 0.1002983781049457, 0.09848472326853745, 0.686600149359429], [0.12389736466824879, 0.35428149581418156, 0.07861318094281777, 0.4432079585747518], [0.37561762153799916, 0.3186941345833559, 0.08028548271517941, 0.2254027611634652], [0.2764009829737719, 0.4956943855597112, 0.0361561551484567, 0.19174847631806027], [0.04221304398063515, 0.33589998749153827, 0.43026958785285174, 0.19161738067497494], [0.03559981404676591, 0.2197924129549263, 0.6390159779737055, 0.10559179502460199], [0.1341483840248861, 0.35601433700814694, 0.09580308842496783, 0.414034190541999], [0.1928675015316417, 0.052019736201579375, 0.1311040188460053, 0.6240087434207735], [0.08406022022503433, 0.2487950520266629, 0.5083784900194845, 0.1587662377288184], [0.26773418160862605, 0.12208583422764814, 0.18023051143981544, 0.4299494727239103], [0.13072227379314885, 0.08083404743845674, 0.7459424293535399, 0.04250124941485413], [0.11137802683101407, 0.16987993666756612, 0.6300481448157962, 0.08869389168562349], [0.2921192747651575, 0.16857009483672578, 0.13378319634728783, 0.4055274340508289], [0.08983956132213736, 0.1680964333774912, 0.03213944309063068, 0.7099245622097407], [0.33096047116389427, 0.2648597249468627, 0.05659112243466139, 0.34758868145458127], [0.5970246060043332, 0.3155170897178578, 0.018283321401873536, 0.0691749828759358], [0.10692769811061434, 0.024361069245177062, 0.020048668266876842, 0.8486625643773315], [0.34524902651297235, 0.1583661334782012, 0.24996223559899924, 0.2464226044098269], [0.026098834656207562, 0.6759837621087607, 0.2570412764930911, 0.040876126741940244], [0.27494725343971926, 0.09832028583832952, 0.561116660319305, 0.06561580040264618], [0.5143124126932703, 0.09557847190609707, 0.33542498153766653, 0.054684133862965965], [0.11382388685452376, 0.3095876230801922, 0.13455135907632093, 0.44203713098896324], [0.779593331194828, 0.0019499498800038767, 0.05373341475727719, 0.164723304167891], [0.14321953495114542, 0.1871442890387234, 0.03743005172765427, 0.6322061242824769], [0.15433793127619572, 0.11610809547633583, 0.3844270965329844, 0.34512687671448383], [0.36650427866337515, 0.3318512028882795, 0.09334863128798304, 0.2082958871603623], [0.6357260212856991, 0.07123909793833723, 0.020485710951122286, 0.2725491698248415], [0.1523202295654238, 0.24953867208298586, 0.45835283478207045, 0.13978826356952012], [0.10083890709339662, 0.16147440351389064, 0.5921089272028257, 0.1455777621898872], [0.41163080009491076, 0.2454200311174217, 0.16014675814256513, 0.18280241064510236], [0.405276747040058, 0.05259829511074011, 0.09830081632258149, 0.4438241415266202], [0.06000366020813603, 0.30335945458530666, 0.38420258004970564, 0.25243430515685156], [0.04833324873271107, 0.5185967927567675, 0.1808499194761081, 0.25222003903441365], [0.09088717769868686, 0.5583434269659281, 0.09410413705440471, 0.2566652582809804], [0.03732794526710898, 0.5363719746351627, 0.29417772081095855, 0.13212235928676988], [0.21322926487996988, 0.33377079070565147, 0.34584416622009745, 0.10715577819428136], [0.5980311841525038, 0.12959644774821666, 0.16914017822135824, 0.10323218987792106], [0.1897823780900123, 0.08091979622852476, 0.3561535071431909, 0.37314431853827223], [0.317379754235402, 0.04933607463443494, 0.006304742903532233, 0.626979428226631], [0.136551348751254, 0.2955256931695183, 0.13006941461108643, 0.43785354346814137], [0.06153165836432062, 0.6388805443654555, 0.1702665370856765, 0.12932126018454723], [0.6984804783406396, 0.03348339604987403, 0.015760191970792398, 0.2522759336386942], [0.21459856190630625, 0.5803987036031827, 0.053417223240439696, 0.15158551125007141], [0.007569386035794708, 0.8588245404633394, 0.012822756185730404, 0.12078331731513553], [0.13208569587909447, 0.08046373419605671, 0.6579368662841585, 0.12951370364069048], [0.04558350789605035, 0.13348337824272566, 0.40487511864073167, 0.4160579952204925], [0.07739736916555409, 0.22861798327505733, 0.4349779094434757, 0.25900673811591307], [0.3837287154035676, 0.13050503439232858, 0.021689243143213303, 0.4640770070608904], [0.20016320613251984, 0.025000289530012376, 0.044878676087621396, 0.7299578282498463], [0.0247681837678828, 0.638967286290728, 0.23533512488653893, 0.10092940505485029], [0.02825036846617168, 0.04360155626817889, 0.654600362114705, 0.27354771315094434], [0.2100954827178336, 0.21367688909150107, 0.436255775278207, 0.13997185291245864], [0.5481232537966115, 0.1427586595033742, 0.004506095858913005, 0.3046119908411015], [0.11311388731211658, 0.7182486288980606, 0.05449017864433322, 0.11414730514548935], [0.5674959343131103, 0.056617142137484325, 0.0007499858139992368, 0.3751369377354063], [0.3623555260395304, 0.10426040505497831, 0.019711002350400554, 0.5136730665550907], [0.4524898106239032, 0.10858213551156146, 0.16264741265223395, 0.2762806412123012], [0.09517320918476084, 0.15934182907477543, 0.09060280356521132, 0.6548821581752525], [0.27333948122292046, 0.19765706595165833, 0.13853124944942183, 0.39047220337599936], [0.4946602207623225, 0.29501480755587284, 0.05251927144511656, 0.15780570023668816], [0.09664155553550925, 0.05621944679800699, 0.15163630911255033, 0.6955026885539336], [0.0821518242303613, 0.6559647021125918, 0.053699914136554214, 0.20818355952049233], [0.10374552651355527, 0.4061788558405091, 0.13210565694431267, 0.3579699607016233], [0.192723478318572, 0.5715522724749806, 0.11672473443384902, 0.11899951477259883], [0.0065580648579359, 0.1945306372126399, 0.7516076304487621, 0.04730366748066205], [0.04720839833667383, 0.01184408117527088, 0.7915553596314221, 0.14939216085663318], [0.7286765290491204, 0.016479930323270803, 0.18342747798966244, 0.07141606263794617], [0.1133104628860173, 0.422996141647072, 0.05411319075360552, 0.4095802047133049], [0.3537336467026597, 0.06650540890434377, 0.3807313829967542, 0.1990295613962424], [0.015499569119758605, 0.2294713719611288, 0.48418693423312603, 0.2708421246859867], [0.03358114930395591, 0.05821605789451856, 0.7525367058650793, 0.15566608693644635], [0.02289260245250405, 0.904297560611113, 0.014648345612533586, 0.058161491323849394], [0.6982588606896306, 0.023646350210234167, 0.12715307913184937, 0.15094170996828618], [0.104499521006677, 0.7460160957168063, 0.10771173024940113, 0.04177265302711543], [0.2514540270122551, 0.4836306573410673, 0.03851709523590262, 0.22639822041077537], [0.4541714993826033, 0.0855987474421886, 0.027047742689370873, 0.4331820104858374], [0.2121022908958116, 0.09054355831637169, 0.015618578189278217, 0.6817355725985383], [0.022151332017686404, 0.19430363252931637, 0.7027093843559671, 0.08083565109702989], [0.0941903885604019, 0.030217106422804518, 0.018257477088425036, 0.8573350279283682], [0.2543265484228759, 0.11703506626649189, 0.04380562069533434, 0.5848327646152979], [0.9633756820608325, 0.005950583152633586, 0.0018788600638960068, 0.028794874722637913], [0.2551275038677278, 0.10964601633056667, 0.011994989606532785, 0.6232314901951728], [0.04120232314124256, 0.03554741996259064, 0.8810287247597957, 0.04222153213637128], [0.009040408415973828, 0.6384039206706156, 0.0984954176275901, 0.25406025328582055], [0.03710028178854983, 0.6785284997702263, 0.11167324889573255, 0.17269796954549124], [0.1735937668445427, 0.16236987593254917, 0.16601421580316925, 0.49802214141973905], [0.4225604442668338, 0.0785569280789325, 0.08850755491429846, 0.4103750727399351], [0.20879914542448494, 0.6448410851041455, 0.07263270772839887, 0.07372706174297101], [0.24144229869339046, 0.531703521391126, 0.19518878960306305, 0.031665390312420334], [0.0862405428871177, 0.46126303168846083, 0.07852317721853633, 0.37397324820588523], [0.22712019424807625, 0.28781206702555534, 0.30089138142845007, 0.18417635729791823], [0.8008654653492413, 0.06495700063136478, 0.012332334111559356, 0.12184519990783482], [0.9790398626381638, 0.0018986663750352308, 0.0007685890759237509, 0.018292881910877336], [0.028541260400057018, 0.07770600014579244, 0.8631139841888738, 0.030638755265276846], [0.7734720088434249, 0.11605416954070205, 0.07408989092252222, 0.03638393069335074], [0.09065516141189031, 0.37884355626147975, 0.35300932367758603, 0.17749195864904377], [0.9773387784102602, 0.004546578140010161, 0.0039696875365133446, 0.014144955913215988], [0.8969359182868892, 0.027218855321536645, 0.0015380567189235, 0.07430716967265058], [0.5527846372215017, 0.2132774002189108, 0.026944972959872488, 0.20699298959971524], [0.05448184346550649, 0.3813720875299841, 0.33210454688295654, 0.23204152212155313], [0.11215021355641656, 0.1184078040466905, 0.7019895741914862, 0.0674524082054067], [0.16407786174234656, 0.1236061406003016, 0.036105458960182586, 0.6762105386971693], [0.26268644865686497, 0.2708600498617356, 0.1156145866857112, 0.3508389147956883], [0.09222431990064639, 0.6477882947637854, 0.006752521355747126, 0.25323486397982103], [0.2360979565415353, 0.033314631748734246, 0.14210053880191725, 0.588486872907813], [0.2447415384783007, 0.2662361993051052, 0.2089411839913026, 0.2800810782252916], [0.15241401655100945, 0.5005388739481309, 0.28020107785876075, 0.06684603164209893], [0.22155654961097485, 0.09471691051168923, 0.03934971427160107, 0.6443768256057347], [0.7654386214969436, 0.040586218979752384, 0.10162108808582869, 0.09235407143747537], [0.2027831931330812, 0.6722199063035248, 0.02327736196472853, 0.10171953859866559], [0.09535625102686086, 0.506719559887615, 0.04340531272157833, 0.354518876363946], [0.018967270540266788, 0.7808591415582192, 0.023416748149704084, 0.17675683975181], [0.19257495548376724, 0.19683582743800876, 0.04855780041065671, 0.5620314166675673], [0.22566099205472276, 0.4005392362460741, 0.17576429171087857, 0.19803547998832438], [0.6926264958700337, 0.06950615025674833, 0.0290738534730983, 0.2087935004001199], [0.04369966853751823, 0.6235860038896528, 0.09918112136790784, 0.2335332062049216], [0.15029587181939658, 0.5545019112307307, 0.12793063210047242, 0.1672715848494002], [0.07165817035018476, 0.3531599181045842, 0.18898745809900305, 0.38619445344622816], [0.0196735441794987, 0.5012501203928905, 0.38562416678221456, 0.09345216864539607], [0.13403920060578253, 0.4888130390354608, 0.1057183550690324, 0.27142940528972437], [0.12333595644708446, 0.21489419108066232, 0.12619494622411567, 0.5355749062481375], [0.06814014843340804, 0.10162868724598423, 0.012699920741889475, 0.8175312435787184], [0.07344011850470014, 0.7310151105026681, 0.05107245602628108, 0.14447231496635052], [0.14905648190197224, 0.43106824660034093, 0.22420776079857224, 0.19566751069911456], [0.050253827886361783, 0.43980930517138866, 0.40045491540819816, 0.10948195153405166], [0.1379954608967618, 0.1745016945664859, 0.17422399531603586, 0.5132788492207168], [0.16012901822202238, 0.16511912886947253, 0.09922202090238791, 0.5755298320061173], [0.04607086670751045, 0.3844709128869317, 0.4402183783179281, 0.1292398420876297]]}}