{"test": {"ids": ["104114240", "111116110", "99111440", "105112130", "113120531", "111121410", "109117150", "104118070", "111116990", "113119480", "100109910", "107113550", "97112830", "110117140", "98111231", "106118161", "108119330", "107114200", "112119450", "97116500", "100113210", "113119340", "111116290", "110118701", "103109641", "106116850", "111120591", "107113200", "98106680", "106115240", "107113840", "108114180", "112116990", "106118820", "112116900", "113122510", "110118810", "104119340", "112116850", "98116500", "98109311", "102116340", "102114270", "113122180", "106113170", "103112641", "113121750", "113121810", "110117110", "110118880", "107116980", "100108580", "108113480", "110121140", "99109780", "100109000", "111121351", "113119930", "107119950", "109114270", "105112240", "106116370", "103113210", "113121980", "109117080", "111114121", "98107410", "112121010", "109116930", "98108410", "109118820", "98110230", "101109370", "110114561", "112119950", "98121790", "105113440", "113119700", "104112470", "109119460", "113120751", "106116820", "97114170", "104114740", "110114720", "99108010", "112116451", "105116860", "112117210", "112119120", "105117351", "99112300", "102109850", "107120010", "105115900", "113121410", "113118820", "100108520", "105113330", "103118110", "101108121", "97105451", "102110050", "102118380", "108113760", "108120621", "98107210", "98108970", "107114780", "99108080", "108120700", "110121500", "108118520", "110119891", "104111380", "112118511", "102109910", "113118511", "104111531", "105112260", "103113270", "113120260", "103113610", "97111790", "109114720", "98112170", "100111380", "112119320", "98106880", "106119580", "105116980", "110118450", "113117630", "101111620", "102110500", "98111860", "110121170", "110120700", "97107920", "105115570", "110118930", "106114880"], "labels": [0, 3, 3, 1, 0, 0, 2, 2, 0, 3, 2, 0, 2, 3, 1, 3, 0, 2, 3, 2, 0, 0, 2, 3, 1, 3, 1, 0, 1, 1, 3, 1, 0, 3, 3, 2, 1, 1, 0, 2, 1, 3, 3, 2, 0, 3, 0, 2, 0, 0, 3, 0, 0, 3, 2, 1, 0, 1, 3, 3, 1, 2, 3, 2, 1, 0, 3, 2, 0, 1, 3, 3, 1, 0, 0, 2, 0, 0, 1, 1, 1, 1, 2, 2, 3, 2, 0, 2, 1, 1, 0, 0, 1, 1, 3, 0, 0, 2, 3, 2, 0, 0, 3, 1, 1, 1, 1, 3, 2, 3, 2, 3, 0, 3, 3, 1, 2, 1, 0, 3, 2, 3, 2, 2, 0, 3, 3, 1, 0, 3, 0, 0, 0, 3, 3, 0, 2, 2, 0, 0, 1, 0], "predicted_labels": [1, 3, 1, 3, 3, 1, 1, 3, 3, 1, 2, 1, 1, 1, 1, 1, 1, 3, 3, 3, 3, 3, 1, 1, 3, 1, 3, 1, 1, 3, 1, 3, 3, 1, 3, 1, 2, 3, 3, 1, 1, 1, 1, 3, 1, 3, 3, 1, 1, 1, 1, 1, 3, 1, 1, 3, 3, 3, 3, 1, 1, 1, 1, 3, 3, 3, 3, 3, 3, 1, 1, 1, 1, 3, 0, 1, 1, 1, 3, 3, 1, 1, 3, 1, 1, 1, 1, 1, 3, 3, 0, 1, 1, 1, 3, 3, 1, 0, 3, 1, 3, 1, 1, 1, 3, 3, 3, 1, 1, 3, 0, 1, 1, 3, 0, 3, 3, 1, 3, 3, 3, 1, 1, 1, 3, 1, 1, 1, 1, 3, 0, 3, 3, 1, 0, 1, 1, 3, 0, 1, 1, 1], "confidence_scores": [[0.21930306696682525, 0.30948760364200106, 0.1880452488612342, 0.28316408052993963], [0.19862278387603485, 0.2836209980394223, 0.1853171458034392, 0.33243907228110364], [0.2570835220395474, 0.2986047529952265, 0.20960615400867247, 0.23470557095655384], [0.16784797987318012, 0.301779851696929, 0.2167760419234495, 0.3135961265064415], [0.26565138996384463, 0.23953049618396768, 0.20493107492228865, 0.2898870389298991], [0.2231380930592229, 0.39362387532045884, 0.09878866445569587, 0.2844493671646223], [0.21338718687204708, 0.33026131002468767, 0.16763717683138146, 0.2887143262718837], [0.21524210555649986, 0.24992001552753954, 0.253814076741228, 0.2810238021747329], [0.2539877127937993, 0.2586888469444617, 0.18242331317222707, 0.30490012708951225], [0.24075003309270557, 0.3006265786708385, 0.17201588293298767, 0.2866075053034685], [0.17592157637419437, 0.24213190708950216, 0.31913798044366926, 0.2628085360926342], [0.24783507022539894, 0.28917492611462914, 0.20131284123466675, 0.26167716242530525], [0.2548412829841881, 0.26380196645477694, 0.2494985301599644, 0.2318582204010707], [0.19041256473022575, 0.3287764456889935, 0.19794193901616378, 0.282869050564617], [0.24520606951100857, 0.3248611060464418, 0.17139718385264086, 0.25853564058990885], [0.22531306163312348, 0.3212989033311509, 0.22260638928666152, 0.23078164574906412], [0.23992270946856475, 0.307373894808354, 0.1672415916018776, 0.285461804121204], [0.22164697580248163, 0.2697185108867085, 0.13437948890999998, 0.3742550244008098], [0.1601311789103097, 0.24344609108044213, 0.18065649924467342, 0.4157662307645746], [0.21769638040425462, 0.2628528806379385, 0.22306093135721874, 0.29638980760058814], [0.2598082329623366, 0.23399631483757802, 0.16131423501413267, 0.3448812171859526], [0.2928046716385216, 0.2524716957886308, 0.13130556736568877, 0.3234180652071588], [0.22367482479526724, 0.3202983526524155, 0.1977434910799877, 0.25828333147232974], [0.22965429928798514, 0.28266344555383904, 0.2157258308343333, 0.2719564243238425], [0.22150804959390452, 0.2733248368979635, 0.19720290107434274, 0.30796421243378924], [0.1795200065291314, 0.3886452694935857, 0.16977283420769598, 0.2620618897695868], [0.2688493198470617, 0.2402209029101706, 0.1725625538999747, 0.3183672233427931], [0.2119577986214993, 0.3024962022918508, 0.21539017455756201, 0.27015582452908793], [0.19864521072422875, 0.3209824942196589, 0.2434856894193224, 0.23688660563678993], [0.23862558769813777, 0.2758021264288676, 0.18543489983235947, 0.3001373860406351], [0.25389301854344803, 0.3089215700818347, 0.16482939826388548, 0.27235601311083163], [0.16387610082441229, 0.21267934978289083, 0.13809361206940388, 0.48535093732329293], [0.27622652141247633, 0.2528848702359136, 0.1490034668291809, 0.32188514152242925], [0.22543005629856736, 0.3533540737819415, 0.16469893191121898, 0.2565169380082723], [0.27234635464656426, 0.2688185471604457, 0.1380539107685863, 0.3207811874244038], [0.23660786549430546, 0.32328252312165007, 0.17735764024705788, 0.2627519711369867], [0.2402490028558843, 0.24634053158944078, 0.26057908490221865, 0.25283138065245647], [0.20237163504525874, 0.3056697667008499, 0.16118265894505826, 0.3307759393088332], [0.20975159451228634, 0.30873861113404977, 0.1644376021870058, 0.3170721921666581], [0.22429402814692576, 0.30517207830264625, 0.22011984668224474, 0.25041404686818325], [0.24952292512663157, 0.28002698498536505, 0.20245991552837328, 0.26799017435963024], [0.23589473330949884, 0.2921212257674559, 0.21802853396494087, 0.25395550695810454], [0.23354720010832797, 0.3152412264509129, 0.17122648568755114, 0.2799850877532081], [0.2443031786981046, 0.2732016790398975, 0.17685226747516047, 0.3056428747868373], [0.2693206928170947, 0.2765722177303511, 0.18944360568146443, 0.26466348377109006], [0.2530678323585232, 0.2388608605598679, 0.19794168575680704, 0.3101296213248019], [0.23686619276016355, 0.23485711367982126, 0.1340184767906621, 0.394258216769353], [0.2439485084739339, 0.32186124656657245, 0.20192736638071437, 0.23226287857877936], [0.24180066361735386, 0.33058112506391135, 0.18755360319929198, 0.24006460811944305], [0.2366132015193568, 0.3142350481688694, 0.1451762557398186, 0.3039754945719554], [0.262231111498166, 0.31864634643592304, 0.17050664970318974, 0.2486158923627212], [0.23734796822561052, 0.2698415784789541, 0.22948722053378745, 0.26332323276164793], [0.18825396897111404, 0.2825357655609857, 0.24080399272086364, 0.2884062727470367], [0.27208906005873434, 0.29521221934784136, 0.1416704547088865, 0.29102826588453756], [0.22183553175212542, 0.3521565568661218, 0.16469981495428412, 0.2613080964274687], [0.17427910347463965, 0.2991290027505288, 0.2198545033968568, 0.3067373903779748], [0.24251722049739005, 0.2700755096019475, 0.1894967710577217, 0.2979104988429407], [0.20489517449494635, 0.2671262379658078, 0.16711124655380208, 0.3608673409854437], [0.2607074165902425, 0.2623937859617263, 0.21229560412582577, 0.2646031933222057], [0.2012404125271888, 0.3296541374568464, 0.19033534564237573, 0.27877010437358896], [0.1663169951603031, 0.3496660632041799, 0.20348939467992846, 0.2805275469555884], [0.25308555643015507, 0.3119119209096756, 0.17151158868245825, 0.2634909339777111], [0.25041521787632604, 0.3076276295639554, 0.16764614465102678, 0.2743110079086919], [0.16899982777264924, 0.26398648720945633, 0.21086215248474383, 0.35615153253315074], [0.16488146629217015, 0.31572166779337596, 0.17770313848188604, 0.34169372743256793], [0.1810563155842165, 0.31109462916147135, 0.18706118452977744, 0.32078787072453463], [0.26768545420870893, 0.24106508887992464, 0.2002554083503556, 0.29099404856101097], [0.22987781481704667, 0.28674295111929937, 0.16143120403230857, 0.32194803003134537], [0.23153773861707452, 0.27241707653369585, 0.19018980500605642, 0.30585537984317335], [0.2139416124968604, 0.38276487645732615, 0.15244097287611832, 0.25085253816969516], [0.21379512303136303, 0.30771966403334833, 0.20702890848736807, 0.2714563044479207], [0.24967647463107845, 0.2919425027371125, 0.1753214298016763, 0.2830595928301328], [0.25325914369521474, 0.3567190426958588, 0.16585029380168714, 0.22417151980723915], [0.2318192133881171, 0.28010334806138953, 0.17486702216600503, 0.3132104163844884], [0.32024421365078, 0.2858651545512994, 0.14371016082795643, 0.2501804709699642], [0.21958547666855757, 0.3015637072440627, 0.20053485312408503, 0.27831596296329486], [0.22266859215849424, 0.33405710170824016, 0.19123732600170004, 0.25203698013156556], [0.21889087713071048, 0.3353097430668976, 0.1975458640315867, 0.24825351577080512], [0.1903585055695217, 0.28595892846791715, 0.23404128078401396, 0.2896412851785473], [0.19723203052653587, 0.2969421033080716, 0.20833346862486146, 0.2974923975405312], [0.19812097683296373, 0.2696426135922143, 0.2694563617750516, 0.26278004779977043], [0.24337580220601218, 0.299848087104429, 0.16834623395334855, 0.2884298767362104], [0.2299488638598982, 0.2912728835374725, 0.17710368254525488, 0.3016745700573744], [0.20991299029421207, 0.3320531938929811, 0.1584033113229687, 0.2996305044898383], [0.2060036860744132, 0.3097925146292762, 0.24596615887362752, 0.2382376404226835], [0.21910396458855366, 0.3392926549816635, 0.23298457049957888, 0.20861880993020404], [0.2706886712461698, 0.35370629007021653, 0.11182204413093334, 0.2637829945526806], [0.21522740417447458, 0.3470575612715048, 0.14673166300680643, 0.29098337154721426], [0.24353124792963804, 0.26231999116360166, 0.20935653617787028, 0.28479222472888993], [0.2504783532848253, 0.2501331949810927, 0.2157232624604793, 0.2836651892736026], [0.3186681007545277, 0.25884286992638184, 0.14427214034851757, 0.27821688897057284], [0.21167360679369074, 0.34182424118525156, 0.19148682584622706, 0.2550153261748308], [0.2129488268223152, 0.347972614266139, 0.20672011869870274, 0.23235844021284324], [0.1929731723383741, 0.3189403100720644, 0.25723883408247106, 0.23084768350709065], [0.23862473433664877, 0.27672294919085205, 0.19230187569608773, 0.2923504407764114], [0.22543660876563332, 0.2364810447969845, 0.1436103799612452, 0.39447196647613725], [0.24781730969232357, 0.3149415161759753, 0.12264310496005314, 0.31459806917164784], [0.2725829872983752, 0.23895723333439062, 0.22759975562305315, 0.26086002374418116], [0.262242528423748, 0.22490340610621448, 0.157550984772419, 0.35530308069761846], [0.22143462218791699, 0.2914169747149122, 0.22711435824835796, 0.260034044848813], [0.23243440144069127, 0.27599412292128794, 0.17632810882254243, 0.3152433668154786], [0.2723560424687849, 0.30770311468902034, 0.19697876785874527, 0.2229620749834494], [0.21894707322919627, 0.3037450497708985, 0.25025042400143205, 0.22705745299847344], [0.2533025145544085, 0.29212115489670365, 0.17556718942786514, 0.27900914112102265], [0.22312057037423902, 0.28771319261155837, 0.18744499583997587, 0.30172124117422694], [0.26967430458414493, 0.27377984053961085, 0.14293196238569553, 0.3136138924905488], [0.2221069588956096, 0.24819106242927438, 0.24356308450453198, 0.2861388941705842], [0.23741554963439954, 0.3408606675740928, 0.1909274742627822, 0.23079630852872543], [0.22180039390984532, 0.3157074052213972, 0.1920764477447104, 0.27041575312404736], [0.23039247883300917, 0.267175812310166, 0.23168084754150806, 0.2707508613153169], [0.2819428120223753, 0.2773150856577117, 0.16975002334665146, 0.2709920789732617], [0.2528622727589695, 0.38602451331008547, 0.12374143349860313, 0.23737178043234217], [0.2632688404892653, 0.2922235428281166, 0.1562637715824171, 0.28824384510020107], [0.22632672092273412, 0.2762229047079965, 0.2098037527777657, 0.2876466215915038], [0.2830152961061477, 0.23876871198891064, 0.19689446110624886, 0.28132153079869304], [0.2577454990032735, 0.27052964197817625, 0.15037030325173728, 0.3213545557668128], [0.23502633778295276, 0.23499998287369656, 0.2021332538310192, 0.32784042551233156], [0.19387027972413315, 0.33486111003115887, 0.19040373455178572, 0.2808648756929223], [0.24685336498375499, 0.24316515868984145, 0.17210555213794484, 0.3378759241884585], [0.26782476896113666, 0.28312187927868654, 0.14739191284887979, 0.3016614389112972], [0.18214013825140463, 0.2875281135776515, 0.21363072478803452, 0.3167010233829094], [0.22445661425242702, 0.35983895151035605, 0.20089143557560804, 0.21481299866160886], [0.2066665295973474, 0.30072034944236053, 0.22358026858637403, 0.26903285237391805], [0.2569643851138673, 0.28309262170028027, 0.1932664394899086, 0.26667655369594384], [0.21094819958494798, 0.27492430296304454, 0.23176186685655234, 0.28236563059545533], [0.22370819857464685, 0.33105699902726016, 0.15834557275192873, 0.2868892296461645], [0.2466444984216242, 0.3998229542937077, 0.11480964113645697, 0.238722906148211], [0.16020480763415487, 0.35993969827589234, 0.16607768070507892, 0.313777813384874], [0.20915574223237038, 0.2743632617779458, 0.255816171626704, 0.2606648243629798], [0.15766117286273462, 0.3069620297602363, 0.19429313584814853, 0.34108366152888075], [0.3113605761714398, 0.30373790485048086, 0.1606097583114464, 0.22429176066663303], [0.2090523612171375, 0.2981783669406244, 0.18823067251119854, 0.3045385993310397], [0.2017458911286266, 0.2707766921451847, 0.2157888560064738, 0.31168856071971507], [0.28906046472714975, 0.29714760015599057, 0.18849808901967535, 0.22529384609718447], [0.32536389686076306, 0.2438561667149859, 0.1593726865499499, 0.27140724987430126], [0.2078037057927454, 0.3031280384551688, 0.23961572438951884, 0.24945253136256718], [0.20211746499364408, 0.3097903894609588, 0.20629646916119707, 0.28179567638420017], [0.22248137287464112, 0.25957159874467967, 0.21447704610497534, 0.30346998227570393], [0.315761465894849, 0.21275318979415958, 0.16013738719645929, 0.31134795711453195], [0.24482276175821013, 0.3541068736996778, 0.17201098078793883, 0.2290593837541733], [0.22004540087482446, 0.3102654559727444, 0.19322141299155254, 0.2764677301608787], [0.22051794417083645, 0.3171184863028211, 0.22216820468850312, 0.24019536483783938]]}, "rewritten": {"ids": ["97105451", "97107920", "97111790", "97112830", "97114170", "97116500", "98106680", "98106880", "98107210", "98107410", "98108410", "98108970", "98109311", "98110230", "98111231", "98111860", "98112170", "98116500", "98121790", "99108010", "99108080", "99109780", "99111440", "99112300", "100108520", "100108580", "100109000", "100109910", "100111380", "100113210", "101108121", "101109370", "101111620", "102109850", "102109910", "102110050", "102110500", "102114270", "102116340", "102118380", "103109641", "103112641", "103113210", "103113270", "103113610", "103118110", "104111380", "104111531", "104112470", "104114240", "104114740", "104118070", "104119340", "105112130", "105112240", "105112260", "105113330", "105113440", "105115570", "105115900", "105116860", "105116980", "105117351", "106113170", "106114880", "106115240", "106116370", "106116820", "106116850", "106118161", "106118820", "106119580", "107113200", "107113550", "107113840", "107114200", "107114780", "107116980", "107119950", "107120010", "108113480", "108113760", "108114180", "108118520", "108119330", "108120621", "108120700", "109114270", "109114720", "109116930", "109117080", "109117150", "109118820", "109119460", "110114561", "110114720", "110117110", "110117140", "110118450", "110118701", "110118810", "110118880", "110118930", "110119891", "110120700", "110121140", "110121170", "110121500", "111114121", "111116110", "111116290", "111116990", "111120591", "111121351", "111121410", "112116451", "112116850", "112116900", "112116990", "112117210", "112118511", "112119120", "112119320", "112119450", "112119950", "112121010", "113117630", "113118511", "113118820", "113119340", "113119480", "113119700", "113119930", "113120260", "113120531", "113120751", "113121410", "113121750", "113121810", "113121980", "113122180", "113122510"], "labels": [0, 0, 2, 2, 2, 2, 1, 0, 1, 3, 1, 3, 1, 3, 1, 0, 3, 2, 2, 2, 3, 2, 3, 0, 2, 0, 1, 2, 3, 0, 0, 1, 3, 1, 2, 3, 3, 3, 3, 1, 1, 3, 3, 2, 2, 2, 3, 0, 1, 0, 2, 2, 1, 1, 1, 3, 3, 0, 0, 3, 2, 0, 0, 0, 0, 1, 2, 1, 3, 3, 3, 3, 0, 0, 3, 2, 2, 3, 3, 1, 0, 1, 1, 0, 0, 1, 2, 3, 0, 0, 1, 2, 3, 1, 0, 3, 0, 3, 0, 3, 1, 0, 1, 3, 2, 3, 2, 3, 0, 3, 2, 0, 1, 0, 0, 0, 0, 3, 0, 1, 1, 1, 1, 3, 0, 2, 0, 1, 0, 0, 3, 0, 1, 3, 0, 1, 0, 0, 2, 2, 2, 2], "predicted_labels": [0, 3, 1, 1, 1, 1, 1, 1, 1, 3, 1, 1, 3, 1, 1, 1, 1, 3, 1, 1, 1, 1, 0, 1, 3, 1, 0, 1, 1, 3, 3, 1, 0, 1, 3, 0, 3, 0, 1, 3, 0, 3, 1, 3, 1, 1, 0, 1, 3, 1, 1, 1, 3, 1, 3, 3, 3, 1, 1, 1, 1, 0, 0, 1, 1, 3, 0, 3, 1, 1, 1, 1, 3, 1, 1, 3, 1, 1, 1, 1, 1, 1, 3, 1, 1, 1, 1, 1, 3, 3, 3, 1, 3, 3, 1, 1, 3, 3, 1, 1, 3, 0, 1, 3, 1, 1, 1, 0, 1, 3, 1, 3, 3, 1, 1, 1, 1, 3, 3, 1, 3, 1, 3, 3, 0, 1, 3, 1, 1, 3, 1, 3, 3, 1, 3, 1, 3, 3, 1, 3, 3, 1], "confidence_scores": [[0.32819915654771425, 0.2739091727473859, 0.14935230860484738, 0.2485393621000524], [0.31118105088852555, 0.18963686102045194, 0.16115481073644763, 0.33802727735457483], [0.22943042205473682, 0.30155883907043307, 0.18925724855654216, 0.27975349031828795], [0.2653299720651916, 0.2860586017901509, 0.20292119801548567, 0.24569022812917182], [0.28617343373831683, 0.29984356906133663, 0.17268469445426027, 0.24129830274608619], [0.23113563470392465, 0.2673536244654735, 0.2550207535942892, 0.24648998723631288], [0.2202567348825398, 0.3394556641061146, 0.18410841603508643, 0.25617918497625913], [0.2423516884674987, 0.3090554874482596, 0.228276768766147, 0.2203160553180946], [0.2173359856578989, 0.2917756058219772, 0.24479120842360091, 0.2460972000965231], [0.2762985420439081, 0.21626558990808462, 0.18769288651827667, 0.31974298152973074], [0.2390092413906498, 0.34875014260567583, 0.14720530437862908, 0.26503531162504534], [0.2169122730818242, 0.36429135202350743, 0.20111656552835344, 0.21767980936631473], [0.24735477944756482, 0.23189785724580123, 0.21902506781456035, 0.3017222954920737], [0.28014037141178944, 0.2827976215361739, 0.15572021798846625, 0.2813417890635705], [0.24491123485003982, 0.3020234063971385, 0.18319958073480394, 0.2698657780180179], [0.2222343684671647, 0.32938380340318246, 0.2009273072595003, 0.24745452087015252], [0.29130140316291336, 0.31095109056345455, 0.16888542361424652, 0.2288620826593857], [0.2243625054186574, 0.2435415694161658, 0.17187580278099873, 0.360220122384178], [0.24378414509727395, 0.3089079472381031, 0.1870301363592277, 0.2602777713053955], [0.22610398344435897, 0.3328888262723875, 0.2082356962462639, 0.2327714940369897], [0.2633817642497748, 0.2878559289406973, 0.20623177578423516, 0.24253053102529296], [0.23286540727420482, 0.3441612923322454, 0.15679191583541685, 0.26618138455813317], [0.2853338768922681, 0.2796311922505021, 0.1754481491723695, 0.25958678168486027], [0.23395040141966675, 0.284102407184106, 0.2243671714488197, 0.2575800199474076], [0.26225047739911655, 0.25168043894864, 0.20145126970835917, 0.2846178139438844], [0.25812765855518305, 0.2955759276180955, 0.22953560469528597, 0.2167608091314358], [0.27650239460269976, 0.27218485510115575, 0.21015931576700084, 0.24115343452914367], [0.1899786495504702, 0.2767645164814791, 0.26282962455622116, 0.2704272094118296], [0.25043611455455517, 0.3828018852670699, 0.10732726857532264, 0.2594347316030524], [0.2515989267119664, 0.24497381863293238, 0.13329322442019179, 0.37013403023490943], [0.255345029385378, 0.25653879153252024, 0.15431868337950966, 0.33379749570259215], [0.23548559825615709, 0.3456708837127637, 0.18142782883557715, 0.23741568919550193], [0.28030319528347136, 0.278548905680464, 0.2036841247526505, 0.23746377428341425], [0.20772731269937403, 0.34306038321039667, 0.2344238014512415, 0.21478850263898802], [0.2856285478567675, 0.20263177345801534, 0.1670799271043101, 0.34465975158090706], [0.26767521431255964, 0.25084189512461436, 0.24759705369233972, 0.23388583687048656], [0.26888591263252387, 0.23757354465563776, 0.16373254149752253, 0.3298080012143159], [0.315229187426985, 0.2622870725017359, 0.1565610116407622, 0.26592272843051684], [0.26103311910670013, 0.3030701981645361, 0.20358488994967167, 0.23231179277909214], [0.25687396377930943, 0.2595956426446735, 0.1753867754126971, 0.3081436181633201], [0.2875132474390013, 0.21583391884152736, 0.23356862487388788, 0.2630842088455835], [0.24489592727649512, 0.21149682223124838, 0.21167638751289158, 0.33193086297936497], [0.2650664124218814, 0.29635435522849723, 0.20310901599386233, 0.23547021635575915], [0.21662289129655465, 0.28688638101350805, 0.1807459149513613, 0.31574481273857613], [0.19784282782550403, 0.30811399415243695, 0.24921148892679207, 0.24483168909526726], [0.23865256414831376, 0.3049337272127296, 0.18111176522951627, 0.27530194340944053], [0.26248432859443566, 0.261288067262524, 0.2167240845248486, 0.259503519618192], [0.25213225414343315, 0.3215269663362449, 0.17047925912690357, 0.25586152039341814], [0.2176502668012348, 0.2616579479683602, 0.18538156225824987, 0.33531022297215535], [0.22463564354921764, 0.305838871382109, 0.16874169100410633, 0.30078379406456696], [0.24929232740088023, 0.2998873401987315, 0.18230476586533229, 0.2685155665350559], [0.23056828424529952, 0.3073873518912354, 0.22161460290110438, 0.24042976096236082], [0.2525851248063314, 0.27672030317533336, 0.16463687584839262, 0.30605769616994266], [0.17794889181393153, 0.326521426617635, 0.24921880672957225, 0.2463108748388615], [0.24208898310476346, 0.2719912394146791, 0.17986102508753438, 0.30605875239302316], [0.19885361605793495, 0.30874950613416985, 0.17106384905319336, 0.32133302875470177], [0.28808672305711114, 0.20486407952104937, 0.17939238535407656, 0.3276568120677629], [0.2233746950400755, 0.2815823906691599, 0.22731498283391732, 0.26772793145684753], [0.24827517251174686, 0.2954911042935036, 0.20978078624536373, 0.24645293694938586], [0.25426776914704086, 0.293139034510003, 0.19862848935625782, 0.25396470698669843], [0.19688017050800977, 0.3665458228897279, 0.16173464555498518, 0.27483936104727713], [0.3004873845145243, 0.28391116377324743, 0.16108323437961033, 0.254518217332618], [0.34381830838582444, 0.23208873704694352, 0.10916590294698775, 0.31492705162024426], [0.2143243519335882, 0.32478882521457586, 0.17380118624426477, 0.2870856366075712], [0.2601903308870004, 0.34817065329819746, 0.1755448356784714, 0.21609418013633086], [0.22811133959003896, 0.2758691054529751, 0.14983982759703973, 0.3461797273599463], [0.29130999686626324, 0.2561315739144732, 0.17116008532915472, 0.281398343890109], [0.25816432175611587, 0.23723298584926478, 0.2192420005372146, 0.2853606918574049], [0.15936747536881618, 0.3489122373615788, 0.19609032896950132, 0.29562995830010386], [0.26893868083829103, 0.2965349051195547, 0.20761292956706168, 0.2269134844750928], [0.27051516617762733, 0.30311039119609673, 0.16455729838813862, 0.26181714423813734], [0.19425412013259952, 0.33909992621421575, 0.1925408965938061, 0.27410505705937876], [0.2615668208995865, 0.2612365832247431, 0.1879753938900654, 0.28922120198560497], [0.23583399754506934, 0.2880391508798019, 0.21780991750935538, 0.25831693406577344], [0.26866673798354496, 0.29141054583689247, 0.17574773030516308, 0.2641749858743994], [0.2581412277509781, 0.26816980891679776, 0.17278779753427032, 0.3009011657979539], [0.2164517402207046, 0.3421943423306598, 0.18155572922885568, 0.2597981882197799], [0.2520838019977469, 0.3118942348816594, 0.14743102166356073, 0.2885909414570331], [0.24920295527312775, 0.3013684804518398, 0.1619574337362389, 0.2874711305387938], [0.21636890567806458, 0.3012996345017906, 0.20372571077905985, 0.27860574904108504], [0.23905050573003297, 0.2947811464669597, 0.1944518628645045, 0.271716484938503], [0.25023985203729265, 0.3024161146534535, 0.20979660110736062, 0.23754743220189328], [0.16630092984045877, 0.23035657249973798, 0.1556279828543272, 0.44771451480547575], [0.2634777491028038, 0.3338892944043305, 0.17237018596781936, 0.23026277052504654], [0.21694293200418496, 0.3204910987182455, 0.14764307835090384, 0.31492289092666576], [0.243889258920809, 0.2973635275910393, 0.1710404138047924, 0.28770679968335927], [0.25636979218905465, 0.34109621245802013, 0.14417765293379076, 0.2583563424191347], [0.20350619705666934, 0.3353264044300184, 0.1954321059865517, 0.2657352925267606], [0.24187022939719607, 0.2722603352688255, 0.20738014447281045, 0.27848929086116797], [0.21143311090022734, 0.26953980153519336, 0.17035021616674206, 0.34867687139783726], [0.21086538328508833, 0.2958633374430182, 0.1360861852872207, 0.35718509398467296], [0.2676686772055503, 0.35052203587576225, 0.16247080766242977, 0.2193384792562577], [0.21978958810852833, 0.2962738428333695, 0.15640779395868315, 0.32752877509941913], [0.2645309869792326, 0.27895258067144024, 0.17261119973269093, 0.2839052326166362], [0.24598376548830952, 0.2951200572792697, 0.16636258452392078, 0.29253359270849993], [0.20188109885041325, 0.3479886056755045, 0.1923045492809735, 0.25782574619310866], [0.24108850369373117, 0.26874473602470317, 0.21589564978105816, 0.2742711105005079], [0.24746841810877554, 0.2753586104334316, 0.19924350437093177, 0.277929467086861], [0.19539606834435091, 0.3608153783008963, 0.19377466934272441, 0.2500138840120284], [0.2400100352165991, 0.3017184574403135, 0.2054011008939047, 0.25287040644918274], [0.2831268983213479, 0.23085942691593955, 0.18511078833731442, 0.30090288642539825], [0.3083802615346969, 0.272887123590761, 0.15725485945310574, 0.26147775542143653], [0.24363637417312659, 0.33362014553660835, 0.2096171852343123, 0.21312629505595296], [0.22645420736176367, 0.29184987075424684, 0.14844674572134803, 0.33324917616264144], [0.19820372382636556, 0.3472860672319782, 0.2163211948580969, 0.23818901408355955], [0.2719505934226684, 0.3026746125918921, 0.14828305243735815, 0.27709174154808136], [0.25103959783854174, 0.3280546874660131, 0.18237196271150716, 0.23853375198393834], [0.31391285860316526, 0.28528277824051274, 0.16452696101474293, 0.23627740214157936], [0.25896032092287075, 0.29771535731576576, 0.16703838423242093, 0.27628593752894254], [0.2107115070730815, 0.28958783313152986, 0.1467363281865527, 0.3529643316088358], [0.24890686568033446, 0.31452103833186373, 0.1916554553947472, 0.24491664059305462], [0.29570885675556735, 0.23082977784774403, 0.14828688941627025, 0.32517447598041826], [0.2905322145047431, 0.22371715566965833, 0.1737784324892506, 0.31197219733634807], [0.2499746497323764, 0.31101083268218876, 0.16880211563555353, 0.2702124019498813], [0.24053047550110848, 0.33216031001442325, 0.1792382904138892, 0.24807092407057907], [0.29509851256087655, 0.2951606893348399, 0.11831670189697593, 0.2914240962073078], [0.23644302934970315, 0.32002523775405295, 0.15703088940686724, 0.2865008434893766], [0.26788007155346805, 0.26026057541880687, 0.17022072016320564, 0.3016386328645196], [0.29134820392363026, 0.24847731853479688, 0.15091239762554173, 0.3092620799160309], [0.232385244267226, 0.3236967906664989, 0.18204928074918192, 0.26186868431709326], [0.25521485294905544, 0.240096466516829, 0.17470164033546465, 0.3299870401986508], [0.2399035959162224, 0.30725624963615067, 0.20321266490922152, 0.24962748953840552], [0.1936353943448522, 0.2761101657134493, 0.20975136399683506, 0.3205030759448635], [0.18816742556629934, 0.27618739737720926, 0.15312365961179683, 0.38252151744469454], [0.31706617077359295, 0.25113793372204846, 0.1535555428987485, 0.2782403526056102], [0.23630265715646956, 0.28877673008030713, 0.1909656913123827, 0.2839549214508406], [0.19501097309458243, 0.30023661494941933, 0.1966537825101688, 0.30809862944582955], [0.24705311767273702, 0.3178580571441609, 0.17239603894440422, 0.2626927862386983], [0.23365508897673867, 0.3230655795485235, 0.13905700777265445, 0.3042223237020834], [0.2878639100938015, 0.2394226251871368, 0.16324654326060759, 0.30946692145845406], [0.22121468220731377, 0.32679194992778116, 0.17843019520825337, 0.2735631726566519], [0.21385472864462973, 0.2859815576008812, 0.1926870695424956, 0.3074766442119937], [0.19085787997823364, 0.3212403742529698, 0.1631884054262032, 0.3247133403425932], [0.2443060687344573, 0.3163280248564365, 0.1617864142459539, 0.2775794921631521], [0.2762102458119397, 0.2805317897516671, 0.1430629783945264, 0.3001949860418669], [0.2316576586597775, 0.33472096236288984, 0.19038011553715997, 0.2432412634401729], [0.23885939042003973, 0.2187094466163278, 0.1718880033413455, 0.3705431596222871], [0.2361138819558476, 0.22881510945255126, 0.14281859262225854, 0.39225241596934274], [0.22542833592419623, 0.3497735577001616, 0.17962409875173818, 0.24517400762390387], [0.20294198659104323, 0.28443433913932287, 0.20507136776614077, 0.3075523065034932], [0.26366140233757007, 0.2721295714666926, 0.15694335348862326, 0.3072656727071141], [0.2043127750120918, 0.2976042985264782, 0.2486438268068889, 0.24943909965454117]]}}