{"test": {"ids": ["99109860", "107115140", "99109840", "108113480", "99107640", "112117431", "110114920", "108119550", "112118890", "105112260", "98110230", "111120190", "99117740", "108120700", "109117110", "98116500", "108116120", "107120130", "106116850", "103120340", "111118810", "108113620", "113118511", "101117580", "111120320", "107113360", "104111380", "110115580", "99112300", "99109740", "107119130", "112118620", "112118550", "113122170", "97106770", "104114320", "112119500", "112119450", "109113281", "110118121", "98116940", "110120531", "113119340", "111116530", "103113640", "113120640", "99107950", "97106600", "109117600", "103110100", "110115890", "108120260", "113118490", "103120531", "113118870", "99107630", "113117401", "110118930", "103112470", "98110810", "99109910", "98111620", "106117790", "97113260", "101121640", "112119930", "103111620", "108121410", "108119330", "110118810", "110115140", "105113440", "109114651", "111116990", "100116790", "113121410", "107121640", "108118301", "110118161", "111117120", "111119250", "108118810", "99107300", "107114780", "105119950", "104114740", "105116860", "107114490", "112119950", "103110760", "100111270", "101110740", "111114171", "112116990", "103109791", "105115380", "111117200", "108115070", "97109080", "103118291", "113122650", "113117340", "99112531", "111116110", "99112641", "109114270", "113118630", "105112240", "112120990", "98106111", "113118620", "110113931", "107120010", "104116441", "111115400", "109119460", "99108310", "107113170", "107113550", "97105760", "112120290", "113120260", "106116120", "112118511", "113119300", "101108500", "112119120", "100109890", "107113180", "101108121", "108118630", "112120540", "112117030", "103110840", "109116170", "100111380", "97116401", "105113170", "98120530", "112119980", "97108520", "105118171"], "labels": [2, 0, 2, 0, 1, 0, 3, 1, 3, 3, 3, 3, 2, 2, 1, 2, 1, 2, 3, 1, 0, 3, 1, 3, 1, 0, 3, 1, 0, 3, 1, 3, 3, 1, 3, 2, 2, 3, 0, 3, 2, 0, 0, 3, 1, 0, 1, 3, 1, 1, 2, 1, 1, 3, 0, 2, 3, 1, 1, 1, 2, 3, 1, 1, 2, 1, 0, 0, 0, 1, 0, 0, 3, 0, 2, 0, 1, 1, 0, 2, 1, 1, 3, 2, 3, 2, 2, 3, 0, 1, 2, 3, 3, 0, 3, 1, 0, 1, 2, 0, 2, 2, 3, 3, 1, 3, 3, 1, 2, 0, 3, 1, 1, 1, 0, 1, 2, 0, 0, 0, 1, 3, 1, 1, 1, 3, 1, 3, 3, 0, 1, 3, 2, 1, 0, 3, 3, 0, 1, 0, 2, 3], "predicted_labels": [1, 3, 3, 3, 3, 1, 1, 3, 3, 1, 1, 3, 0, 1, 3, 3, 0, 0, 1, 3, 0, 3, 1, 3, 1, 0, 1, 3, 3, 1, 0, 1, 0, 1, 1, 0, 1, 0, 0, 3, 1, 0, 1, 3, 0, 1, 1, 3, 3, 0, 1, 1, 3, 3, 1, 3, 0, 1, 1, 1, 3, 1, 3, 3, 1, 1, 1, 3, 1, 3, 0, 1, 0, 3, 3, 3, 3, 0, 1, 1, 3, 1, 3, 1, 3, 1, 3, 3, 3, 1, 1, 1, 3, 0, 0, 3, 3, 1, 3, 3, 3, 1, 0, 1, 1, 3, 1, 3, 3, 0, 3, 3, 3, 3, 3, 1, 1, 3, 3, 1, 1, 1, 3, 1, 3, 3, 1, 3, 3, 0, 3, 3, 1, 1, 1, 3, 0, 3, 3, 1, 3, 0], "confidence_scores": [[0.24481681096681113, 0.313085225885226, 0.19426566766566794, 0.2478322954822957], [0.2607539516039518, 0.2079762015762017, 0.15548728289254618, 0.3757825639273008], [0.22385356310356308, 0.25593651348651375, 0.22410219225219238, 0.2961077311577311], [0.2320715875627642, 0.2579661283161284, 0.24302672915319978, 0.2669355549679079], [0.2300561133311135, 0.2736350074761841, 0.2157021636859874, 0.2806067155067156], [0.27359489399489406, 0.2873939615939617, 0.167028766494943, 0.2719823779162016], [0.2508511266511267, 0.3221547896547896, 0.14190233100233104, 0.2850917526917527], [0.20188507864684357, 0.2527840043942986, 0.21705576923076933, 0.3282751477280892], [0.22073892496392503, 0.2828604617604618, 0.21006865911865913, 0.28633195415695406], [0.24473108558108572, 0.3202246900158664, 0.20196578225695908, 0.2330784421460892], [0.22535289873525172, 0.35466328116328105, 0.14309971139971148, 0.2768841087017557], [0.25331606171606197, 0.2463188938512468, 0.19479478854478866, 0.305570255887903], [0.31426165223665226, 0.28863654123654137, 0.13387356532356534, 0.2632282412032411], [0.2852564435564436, 0.3046627955377957, 0.13007361804861808, 0.2800071428571429], [0.23037413305648616, 0.27839179431679445, 0.1814752025752027, 0.3097588700515169], [0.2868140153963683, 0.2201841586518058, 0.15971314241314255, 0.3332886835386836], [0.33887218337218356, 0.2574686480186481, 0.1351247807747809, 0.2685343878343878], [0.2755566600066601, 0.25428575488838656, 0.19844738594738612, 0.2717101991575676], [0.24890986790986794, 0.28398652262769913, 0.19672299563181916, 0.2703806138306138], [0.24578450046685357, 0.2594034504710976, 0.2349746586746587, 0.25983739038739057], [0.2943848373848374, 0.24969571817071828, 0.1694474442224444, 0.2864720002220004], [0.25129237984237995, 0.2802845099345101, 0.1834629231879232, 0.2849601870351872], [0.2679624653124655, 0.3010931429681429, 0.18396619769119785, 0.24697819402819404], [0.22433115218115227, 0.2603492951492952, 0.20307005217005225, 0.3122495004995005], [0.26021468715323204, 0.2729670985447302, 0.1985197369623841, 0.26829847733965384], [0.3483477411477412, 0.23658006993007002, 0.1420724275724276, 0.2729997613497615], [0.2573916944166946, 0.29361994671994684, 0.16677499249116898, 0.28221336637218986], [0.23909696218813875, 0.27921880700998347, 0.19470903018550087, 0.2869752006163773], [0.2913419288228112, 0.21533415555033197, 0.17362523652817777, 0.319698679098679], [0.25216467421467414, 0.25834709179709203, 0.23385127095127092, 0.2556369630369632], [0.27017361968097264, 0.24676892551892568, 0.21504825452325466, 0.26800920027684744], [0.27501228040964903, 0.29839086439875917, 0.1883523365523368, 0.23824451863925564], [0.3011587112577826, 0.27914269260151603, 0.15186110731373892, 0.2678374888269625], [0.25498516911365215, 0.2936710200016703, 0.1873009823509825, 0.2640428285336954], [0.21942867132867147, 0.28405775809158174, 0.22868315377433046, 0.2678304168054171], [0.28485193140193155, 0.2295752791326322, 0.20229578754578764, 0.28327700191964894], [0.22098599627067128, 0.2971562382062381, 0.2078382231803284, 0.2740195423427623], [0.29755171217671217, 0.28489966699966696, 0.14890524198024205, 0.26864337884337885], [0.29994578640313935, 0.2952981518481517, 0.1615359584859585, 0.24322010326275037], [0.26473250638250645, 0.2769587412587413, 0.17890177045177047, 0.2794069819069821], [0.2694672438672441, 0.29457045556782396, 0.194350482850483, 0.24161181771444942], [0.2867445693195693, 0.2848094239094241, 0.1514243284493285, 0.27702167832167834], [0.25281278525396195, 0.2975884079972316, 0.17929649517149532, 0.27030231157731166], [0.2788330003330005, 0.2418433493407178, 0.18074099789099804, 0.2985826524352841], [0.3943717171717171, 0.25620897435897455, 0.10503561438561439, 0.24438369408369412], [0.2778875735375737, 0.3045894605394607, 0.1386858974358975, 0.2788370684870686], [0.2124991674991677, 0.2649297813297814, 0.2648140759567231, 0.25775697521432817], [0.26707667691785336, 0.24826409146409156, 0.21693668390433088, 0.26772254771372433], [0.21799529816588648, 0.21920013842366784, 0.22926087246087248, 0.3335436909495733], [0.2798455488955489, 0.27044121238238905, 0.1756631205395912, 0.27405011818247116], [0.23376229881229904, 0.3118601842601844, 0.17609924519924527, 0.2782782717282717], [0.2582543217016902, 0.28521268351531515, 0.19798015318015338, 0.2585528416028417], [0.228380180930181, 0.28799027238671215, 0.17642169301286967, 0.30720785367023756], [0.2895557442557445, 0.25016969974469977, 0.14929119769119792, 0.31098335830835844], [0.272682104007104, 0.2922964767688451, 0.1867801254301256, 0.24824129379392548], [0.2616595257683495, 0.2426613977525743, 0.17975981240981245, 0.3159192640692641], [0.29838373293373294, 0.29354982794982776, 0.13696901986901996, 0.27109741924741937], [0.22724373012608318, 0.35464912864912895, 0.15828273188799513, 0.25982440933679335], [0.26855317562554415, 0.27466341158841184, 0.21922659562659574, 0.23755681715944887], [0.23129362859362862, 0.29725454194927875, 0.23138741054267378, 0.24006441891441904], [0.2486021367521368, 0.2741777999777999, 0.18833369963369967, 0.28888636363636383], [0.19871079835197483, 0.3151469347645818, 0.2327374772286537, 0.2534047896547897], [0.22529534909534923, 0.2792635376061847, 0.21125693473193488, 0.28418417856653166], [0.22579720638838285, 0.27653387445887456, 0.2031745246583483, 0.29449439449439463], [0.23748693332811002, 0.2939930319680321, 0.1848057775557777, 0.28371425714808063], [0.2385563834857953, 0.2711358752358751, 0.2317714507714508, 0.2585362905068788], [0.27340088245088245, 0.2999817052228817, 0.18332526003408356, 0.2432921522921523], [0.24505794956677332, 0.2967572491234256, 0.14064350649350657, 0.31754129481629484], [0.24155088081852807, 0.30049256103373745, 0.16047498416616074, 0.297481573981574], [0.23747137862137868, 0.23767133226250897, 0.19500652321534673, 0.329850765900766], [0.298808744033744, 0.26080636863136863, 0.15700426517926536, 0.28338062215562243], [0.2674848550572235, 0.2905197506312057, 0.19077713756831416, 0.2512182567432568], [0.2947460686372452, 0.2799826451326452, 0.13733842301489377, 0.2879328632152162], [0.23043498886734198, 0.2039068526244998, 0.21287495282495283, 0.35278320568320565], [0.2669062992562992, 0.2743009546009547, 0.17233715173715183, 0.2864555944055945], [0.2455374912669032, 0.31261295371295367, 0.1257961260961262, 0.3160534289240174], [0.2064853202353204, 0.275021486846487, 0.22707240259740274, 0.2914207903207905], [0.28071021756021763, 0.26981556776556775, 0.1809660395160395, 0.2685081751581752], [0.26499187201687197, 0.31683457098457074, 0.1703892857142859, 0.24778427128427144], [0.22873011433011448, 0.3099203407703409, 0.18110752025752047, 0.28024202464202486], [0.2550438855262386, 0.24260635475635473, 0.19776753246753256, 0.30458222724987427], [0.24035772560772564, 0.3201929736929737, 0.14512342657342667, 0.2943258741258739], [0.28231447090920786, 0.21962076987340148, 0.17671115551115565, 0.3213536037062353], [0.23604632654926783, 0.297170677361854, 0.21116440226440228, 0.2556185938244764], [0.2723530247530247, 0.23929810189810186, 0.15291799311799317, 0.3354308802308801], [0.25558681873681893, 0.28743285603285584, 0.2222458208458209, 0.23473450438450452], [0.22261813937696304, 0.2454627344877346, 0.22324875124875143, 0.3086703748865513], [0.2552855530434478, 0.23413772192719579, 0.1937707514707516, 0.3168059735586053], [0.2849003423477108, 0.22243150183150193, 0.17115984015984026, 0.3215083156609473], [0.2630772671772672, 0.277192923742924, 0.20045235320235336, 0.259277455877456], [0.20566678844031794, 0.2805927575692282, 0.2503012765012765, 0.2634391774891777], [0.235362487220382, 0.28285141525141533, 0.2518191603717919, 0.2299669371564108], [0.25091981486006276, 0.2818880103556574, 0.17589800179181003, 0.29129417299247023], [0.27902831906655445, 0.2503369777281541, 0.2037598124098126, 0.266874890795479], [0.3310040348540349, 0.22118329611564916, 0.2074394549894551, 0.24037321404086126], [0.21699521312021341, 0.252854980313804, 0.24603837192219571, 0.28411143464378763], [0.2756699356199356, 0.24588906093906102, 0.15423971028971037, 0.32420129315129315], [0.2424242701742703, 0.33749426684426703, 0.17793642468642484, 0.24214503829503842], [0.23546253550371204, 0.2748884468472705, 0.2112745865245867, 0.2783744311244313], [0.27214889554889554, 0.22784114774114772, 0.13692402597402603, 0.36308593073593054], [0.24846810791547655, 0.24821854987118158, 0.24441426351426374, 0.25889907869907874], [0.2340293872793874, 0.3171477133977134, 0.19443569763569782, 0.25438720168720164], [0.2809596958596959, 0.2785565046065047, 0.18125321867674818, 0.2592305808570517], [0.24103540348540345, 0.26901870906870906, 0.2296175324675327, 0.26032835497835516], [0.27891374573139305, 0.2974186495650892, 0.16427515066632728, 0.259392454037191], [0.27573422231363404, 0.25193051393051397, 0.18859609279609277, 0.28373917095975926], [0.2149548340548341, 0.32192056636174277, 0.18652723028605395, 0.2765973692973695], [0.20836787656787661, 0.2755346819846821, 0.216455477855478, 0.2996419635919636], [0.21429828863946526, 0.26448553484699, 0.2031351398601399, 0.31808103665340537], [0.28477965645465664, 0.26023070818070826, 0.1825767094017095, 0.27241292596292593], [0.25241201070171676, 0.26402141747141744, 0.17315966810966807, 0.31040690371719787], [0.24725162256044628, 0.2549810966810968, 0.22308948828948838, 0.27467779246896906], [0.2210762525056642, 0.2883345840434076, 0.17974678850561213, 0.3108423749453163], [0.25587771476889143, 0.28245846294228666, 0.17671204906204913, 0.2849517732267733], [0.25808282648723824, 0.27278011433011445, 0.18818592518592533, 0.2809511339967222], [0.2589019536019538, 0.3037183004130374, 0.19022238112764434, 0.24715736485736498], [0.22774875124875138, 0.27519865134865135, 0.22743965478965492, 0.2696129426129427], [0.27984428120898713, 0.24308563462681107, 0.1751465771156948, 0.30192350704850696], [0.23269373110549588, 0.27372626262626254, 0.16559872072372084, 0.3279812855445207], [0.27293985083543937, 0.3076279450941215, 0.15304500270970875, 0.2663872013607308], [0.24311696636696647, 0.27692312482838805, 0.20675739815739835, 0.27320251064724743], [0.26982830829301424, 0.3017051848478318, 0.17530018592518604, 0.253166320933968], [0.26570747585747584, 0.26029942279942286, 0.18917754467754483, 0.28481555666555664], [0.2648839826839827, 0.2805480241980244, 0.20395240870240874, 0.2506155844155846], [0.23766209346209352, 0.2671456210456211, 0.2167437451437452, 0.2784485403485402], [0.2245688311688313, 0.2491548507048508, 0.21153779904306227, 0.3147385190832557], [0.2736554906222089, 0.27881709205826866, 0.17203479473742642, 0.27549262258209634], [0.27062969252969266, 0.24234132811632822, 0.1770616133866135, 0.30996736596736596], [0.24388455237572906, 0.2602978529640295, 0.18910791463438528, 0.3067096800258565], [0.2967251193251192, 0.25149435009435017, 0.1853006160506161, 0.2664799145299145], [0.2610111555111556, 0.24905901320901325, 0.18659440004440017, 0.30333543123543116], [0.2463226644270764, 0.2594226170887937, 0.19684702715585078, 0.29740769132827977], [0.2476631238043005, 0.29768121323121316, 0.20049561941326663, 0.2541600435512201], [0.23493565311537468, 0.2926645843922161, 0.18978775146422228, 0.28261201102818756], [0.27402913051001293, 0.2974058150999328, 0.14577689532689544, 0.2827881590631592], [0.2666000519088754, 0.2712140193140193, 0.18052063492063503, 0.28166529385647043], [0.28943115773115763, 0.23655321900321913, 0.19174605394605396, 0.2822695693195693], [0.26811927125162416, 0.22744569319569352, 0.18783180153180154, 0.31660323402088114], [0.2641526789000474, 0.26941552059052065, 0.16235409867909878, 0.30407770183033345], [0.2074881757131758, 0.3410495254745256, 0.2142510545010547, 0.23721124431124452], [0.2525720371132137, 0.2779084415584416, 0.18150005745888098, 0.28801946386946403], [0.30081693306693325, 0.28475178710178717, 0.1341033577533578, 0.28032792207792206]]}, "rewritten": {"ids": ["97105760", "97106600", "97106770", "97108520", "97109080", "97113260", "97116401", "98106111", "98110230", "98110810", "98111620", "98116500", "98116940", "98120530", "99107300", "99107630", "99107640", "99107950", "99108310", "99109740", "99109840", "99109860", "99109910", "99112300", "99112531", "99112641", "99117740", "100109890", "100111270", "100111380", "100116790", "101108121", "101108500", "101110740", "101117580", "101121640", "103109791", "103110100", "103110760", "103110840", "103111620", "103112470", "103113640", "103118291", "103120340", "103120531", "104111380", "104114320", "104114740", "104116441", "105112240", "105112260", "105113170", "105113440", "105115380", "105116860", "105118171", "105119950", "106116120", "106116850", "106117790", "107113170", "107113180", "107113360", "107113550", "107114490", "107114780", "107115140", "107119130", "107120010", "107120130", "107121640", "108113480", "108113620", "108115070", "108116120", "108118301", "108118630", "108118810", "108119330", "108119550", "108120260", "108120700", "108121410", "109113281", "109114270", "109114651", "109116170", "109117110", "109117600", "109119460", "110113931", "110114920", "110115140", "110115580", "110115890", "110118121", "110118161", "110118810", "110118930", "110120531", "111114171", "111115400", "111116110", "111116530", "111116990", "111117120", "111117200", "111118810", "111119250", "111120190", "111120320", "112116990", "112117030", "112117431", "112118511", "112118550", "112118620", "112118890", "112119120", "112119450", "112119500", "112119930", "112119950", "112119980", "112120290", "112120540", "112120990", "113117340", "113117401", "113118490", "113118511", "113118620", "113118630", "113118870", "113119300", "113119340", "113120260", "113120640", "113121410", "113122170", "113122650"], "labels": [0, 3, 3, 2, 2, 1, 3, 0, 3, 1, 3, 2, 2, 1, 3, 2, 1, 1, 2, 3, 2, 2, 2, 0, 3, 1, 2, 3, 2, 3, 2, 0, 3, 3, 3, 2, 3, 1, 1, 1, 0, 1, 1, 0, 1, 3, 3, 2, 2, 1, 1, 3, 0, 0, 1, 2, 3, 3, 1, 3, 1, 0, 3, 0, 0, 3, 2, 0, 1, 1, 2, 1, 0, 3, 1, 1, 1, 1, 1, 0, 1, 1, 2, 0, 0, 3, 3, 0, 1, 1, 1, 1, 3, 0, 1, 2, 3, 0, 1, 1, 0, 3, 0, 3, 3, 0, 2, 0, 0, 1, 3, 1, 0, 2, 0, 1, 3, 3, 3, 1, 3, 2, 1, 0, 0, 1, 3, 2, 2, 3, 1, 1, 3, 3, 0, 1, 0, 3, 0, 0, 1, 2], "predicted_labels": [1, 1, 1, 3, 1, 3, 1, 1, 1, 1, 1, 3, 1, 1, 3, 1, 1, 1, 1, 1, 1, 1, 1, 1, 1, 1, 1, 0, 1, 1, 1, 0, 1, 1, 1, 1, 1, 1, 3, 1, 1, 1, 0, 1, 1, 3, 1, 1, 1, 1, 3, 1, 3, 1, 1, 1, 1, 1, 1, 1, 1, 1, 3, 0, 3, 3, 1, 3, 0, 1, 1, 3, 1, 1, 1, 3, 3, 1, 1, 1, 3, 3, 0, 1, 1, 1, 3, 1, 1, 3, 1, 1, 1, 1, 3, 1, 1, 1, 1, 1, 1, 1, 1, 1, 3, 0, 1, 3, 3, 1, 1, 1, 1, 1, 1, 1, 3, 1, 1, 1, 1, 1, 1, 3, 1, 1, 1, 1, 1, 1, 3, 1, 1, 1, 1, 1, 1, 1, 3, 3, 1, 1], "confidence_scores": [[0.2633676656676657, 0.3033327811077811, 0.18139930069930071, 0.2519002525252527], [0.25880877292642007, 0.29419127649955834, 0.18352056431700411, 0.26347938625701794], [0.243303552003552, 0.31222048250167433, 0.21541057635175295, 0.22906538914302083], [0.2197990653137713, 0.28377649376767033, 0.19846527785939566, 0.29795916305916326], [0.217269513819514, 0.33049505217005215, 0.20367120657120671, 0.24856422743922757], [0.2562180486180487, 0.2623088643812329, 0.20966417193917194, 0.27180891506154653], [0.2491777278277279, 0.3089710317460317, 0.20470926295926306, 0.23714197746697763], [0.24969950964068624, 0.2959895965145966, 0.21165037462537473, 0.24266051921934298], [0.2503026065437831, 0.317569185553009, 0.15133966588966608, 0.28078854201354214], [0.23001724386724398, 0.3135572652493706, 0.2334915341967974, 0.2229339566865885], [0.1869256909756911, 0.3061361416361417, 0.24879658674658697, 0.2581415806415807], [0.2629742884566416, 0.2812901602525441, 0.17018990053634037, 0.2855456507544741], [0.22355352229469885, 0.3193390501311553, 0.1891948256765594, 0.2679126018975865], [0.23533920164802521, 0.2871635079832448, 0.1917771763324396, 0.28572011403629055], [0.24886337931074776, 0.28305911208674367, 0.1666152233387528, 0.3014622852637559], [0.24740645690738589, 0.28636979768597426, 0.18469173501936664, 0.2815320103872737], [0.27024716949716954, 0.30056968586968597, 0.1848690032190034, 0.2443141414141415], [0.17791005383505404, 0.3111340801011853, 0.25411469159495476, 0.25684117446880617], [0.22840467702232428, 0.3064362007273772, 0.1966723423635189, 0.26848677988678], [0.2521375763125764, 0.30108790098790106, 0.21453564768564767, 0.23223887501387508], [0.19457507492507498, 0.2869648518148519, 0.2428950382950384, 0.2755650349650349], [0.21427583690819, 0.29474460580698963, 0.19712745383271715, 0.29385210345210366], [0.20881798201798216, 0.2957512210012209, 0.23703060828060832, 0.25840018870018877], [0.24897782691165066, 0.29100211814329474, 0.196577985902986, 0.2634420690420693], [0.2621154983904984, 0.28785516150516144, 0.21218002275502287, 0.23784931734931747], [0.24782417582417599, 0.30861973190208497, 0.20373836555601263, 0.2398177267177268], [0.25418931068931083, 0.2873976738174106, 0.18327982646008972, 0.2751331890331891], [0.297008963551069, 0.24333519258519265, 0.1652402226428543, 0.2944156212208843], [0.2094419774669777, 0.3217688609635979, 0.2237125603928236, 0.24507660117660135], [0.2327095107506872, 0.3106282301032301, 0.19832278587425647, 0.2583394732718263], [0.23439011544011562, 0.29399215433689124, 0.2321053370606003, 0.2395123931623933], [0.2862563353313355, 0.2813945082695081, 0.17545832500832512, 0.2568908313908315], [0.19594064464946825, 0.29940289155289174, 0.21844496965023277, 0.28621149414740743], [0.19399561549561564, 0.28249464701964716, 0.24518278183804504, 0.2783269556466927], [0.22298117271445456, 0.2922306253430093, 0.19908005494677336, 0.28570814699576325], [0.24725718448218462, 0.2858973256275889, 0.19559753579753592, 0.2712479540926909], [0.24658378288378302, 0.30067030776241305, 0.19756259091785422, 0.25518331843595005], [0.22409077866577878, 0.3196163319137002, 0.22321429403929421, 0.23307859538122705], [0.2626370740370741, 0.27427920208446516, 0.1804241480741481, 0.2826595758043127], [0.20881017169964547, 0.31257793493056646, 0.21011397111660282, 0.2684979222531856], [0.22249854589854595, 0.31100979698835735, 0.23134747074391046, 0.2351441863691865], [0.25529381174381177, 0.30417316849816867, 0.19092482239982256, 0.2496081973581975], [0.3107232767232768, 0.2731683816183817, 0.14221642801642806, 0.2738919136419138], [0.2788842657342659, 0.2943365377312746, 0.17067754263280593, 0.25610165390165407], [0.23452101232101236, 0.2772226329226331, 0.24062546342546345, 0.24763089133089153], [0.23892019092019096, 0.2671290642364172, 0.20797656510156529, 0.2859741797418267], [0.2102649156399158, 0.29678000888000894, 0.20768458290075947, 0.2852704925793163], [0.23640003885003896, 0.2806008234455604, 0.22521740832267148, 0.25778172938172955], [0.22332408147408156, 0.31921316110789805, 0.2218186792739425, 0.23564407814407826], [0.2374637862137864, 0.36439471288944975, 0.16563918654444973, 0.23250231435231447], [0.24061749741486593, 0.25161317396054245, 0.23712623283149614, 0.27064309579309587], [0.2182701964701966, 0.31515540775014483, 0.20485105245631563, 0.2617233433233434], [0.22658381340881345, 0.2741072150072151, 0.22315944610944624, 0.27614952547452565], [0.22701820956820956, 0.3053991639939008, 0.1817835199887832, 0.28579910644910644], [0.2369398490398492, 0.3008482390158863, 0.23260923520923532, 0.22960267673502974], [0.2039169219669221, 0.2830257198683669, 0.24812681485181518, 0.26493054331289634], [0.26914674051438786, 0.28987745318836655, 0.18812045886689852, 0.25285534743034754], [0.23170004995004997, 0.2857842990342991, 0.20302017982017995, 0.27949547119547125], [0.2288393997815052, 0.3081556193806195, 0.21582803205566367, 0.24717694878221194], [0.17916221001221003, 0.3166257076257076, 0.2807482794982797, 0.22346380286380307], [0.20947042226779086, 0.3301350725298093, 0.23621294334320653, 0.2241815618591936], [0.24537445707886887, 0.3004471354668723, 0.17077296942823278, 0.2834054380260266], [0.22789424268541927, 0.27586319718293406, 0.21448696131869513, 0.2817555988129517], [0.3214833832833832, 0.269076950826951, 0.14595054945054953, 0.26348911643911666], [0.23789827672327696, 0.24018653013653016, 0.2368692973692974, 0.28504589577089573], [0.2003162291956412, 0.2921152146099516, 0.208705908711172, 0.2988626474832358], [0.20181933230168544, 0.3111052760105393, 0.22917808025308042, 0.2578973114346953], [0.25740073619191284, 0.21543966866466877, 0.23185464290611374, 0.2953049522373052], [0.27686255296990586, 0.2752612720612721, 0.186305477855478, 0.2615706971133442], [0.22306317848817858, 0.2843190254190256, 0.22907826062826075, 0.26353953546453557], [0.24888950216450217, 0.268781932687196, 0.24759095904095924, 0.2347376061073431], [0.21038746057863728, 0.26474524919524933, 0.24027041324688397, 0.2845968769792298], [0.2025462870462871, 0.2761466775914144, 0.24642467719758757, 0.27488235816471107], [0.23355800865800858, 0.3105210015131067, 0.2016899718702351, 0.2542310179586496], [0.2161095016095017, 0.3114367670341354, 0.21481083083583094, 0.2576429005205324], [0.2350442648854415, 0.2710019702519704, 0.2138555091966858, 0.28009825566590274], [0.24891629481629485, 0.26805036075036076, 0.20439375983493657, 0.27863958459840826], [0.23608802308802324, 0.28080662320136, 0.2026243735796368, 0.2804809801309802], [0.23673146575646584, 0.30348995171495163, 0.2179612137862138, 0.24181736874236884], [0.2189826879003352, 0.29228402716994045, 0.21456352135996118, 0.2741697635697637], [0.20979068219362346, 0.26652789620080647, 0.24835716701599056, 0.2753242545895797], [0.24675254190254198, 0.27123294687768373, 0.20436015446541775, 0.2776543567543567], [0.30551752332634685, 0.29695263788499093, 0.13589032079032085, 0.26163951799834156], [0.2290867857288913, 0.3020946608946609, 0.18909691594954764, 0.2797216374269005], [0.23449983174720027, 0.3303765623265624, 0.21848850593850602, 0.21663509998773178], [0.22665969128910307, 0.3026271027218395, 0.17486012116538452, 0.2958530848236732], [0.26347121212121216, 0.25875597735597755, 0.18097897380397396, 0.2967938367188367], [0.23372762955998272, 0.32515361697126416, 0.19432297147297148, 0.24679578199578214], [0.21714199852435143, 0.33455861752626453, 0.20234266844266857, 0.24595671550671572], [0.23819097598308128, 0.2608663336663338, 0.2022020830047147, 0.29874060734587055], [0.22239633699633712, 0.31240928442902133, 0.17248622006648326, 0.29270815850815857], [0.23363953073070728, 0.2976916955593427, 0.1811895659895661, 0.2874792077203842], [0.22900728715728713, 0.3386939025886395, 0.18969711472737802, 0.24260169552669572], [0.22203154819037177, 0.3093976135835269, 0.21761959894250937, 0.2509512392835923], [0.2689951659451661, 0.255659552375729, 0.19252387530769877, 0.28282140637140646], [0.2285829004329005, 0.2900947239894609, 0.2427131237183869, 0.23860925185925205], [0.2372789266289267, 0.30672022422022427, 0.18429333721833735, 0.271707511932512], [0.25404550449550445, 0.31089096663570337, 0.1907870442423076, 0.2442764846264848], [0.2440891515776967, 0.29285362035625195, 0.19285521178168247, 0.27020201628436935], [0.22411953765189077, 0.3232593149540519, 0.20427677705851097, 0.24834437033554682], [0.2385822341057636, 0.29541264323911404, 0.17160543345543353, 0.29439968919968923], [0.2588911049734578, 0.28809464261228956, 0.18153211788211804, 0.2714821345321348], [0.22578210776151958, 0.2944072843822844, 0.21668452380952385, 0.2631260840466724], [0.1920030691530692, 0.3126710511710512, 0.22161506826506847, 0.2737108114108113], [0.23631401735519378, 0.27164599494073194, 0.21400345675136712, 0.27803653095270736], [0.2753226023976027, 0.23117188922188942, 0.219901348324878, 0.2736041600556307], [0.24858654401154415, 0.30115998095471774, 0.207301357706621, 0.24295211732711747], [0.2653409231721152, 0.2543171290697607, 0.18813658286158289, 0.29220536489654125], [0.24418164809047163, 0.2773980091803622, 0.19565461760461783, 0.28276572512454884], [0.2231097644185881, 0.27862156454656445, 0.2341458513708514, 0.2641228196639962], [0.21005311910311944, 0.2826862692862692, 0.24031852036852036, 0.2669420912420913], [0.23973168334933037, 0.2989414336523471, 0.19390748850392828, 0.2674193944943948], [0.2341558250229304, 0.267517580664949, 0.24158609343872522, 0.2567405008733958], [0.23909401709401723, 0.30185708385182086, 0.2223559475612107, 0.23669295149295158], [0.23186476301476316, 0.3516719225219225, 0.1634514152514153, 0.25301189921189937], [0.23775678324943042, 0.2871659286018421, 0.21076592451236417, 0.2643113636363637], [0.24015805305805313, 0.2776573953823955, 0.20028530913530918, 0.2818992424242427], [0.251314024864025, 0.29954638621612284, 0.22338744661770982, 0.22575214230214233], [0.20048552917670576, 0.3259185945633313, 0.21890262898436286, 0.2546932472756003], [0.23177565767565783, 0.2940631868131869, 0.21213586413586422, 0.26202529137529157], [0.26674668109668137, 0.31709850704850706, 0.17239276834276845, 0.2437620435120436], [0.21133903114429453, 0.2985437166634535, 0.2615544271517957, 0.22856282504045675], [0.21883423798423812, 0.2963709755157123, 0.2515761551314183, 0.23321863136863152], [0.24862783882783898, 0.26178179598179613, 0.17447208347208362, 0.31511828171828155], [0.2122466033966035, 0.3566787129537131, 0.19362946775446802, 0.23744521589521614], [0.2491718242541774, 0.30175594242358944, 0.1863644279696912, 0.2627078053525423], [0.22088938838938849, 0.2963005716505715, 0.23873238983238992, 0.24407765012765012], [0.2032352813852815, 0.33617021516495194, 0.179731327736591, 0.28086317571317587], [0.23100300810300817, 0.37520859418359426, 0.16029610944610945, 0.23349228826728843], [0.2385821456321456, 0.3321998168498166, 0.19427495282495286, 0.23494308469308486], [0.22161314322931994, 0.25742432812285754, 0.19551976308005728, 0.3254427655677656], [0.22654042069042069, 0.3446480040427409, 0.19226872922399235, 0.23654284604284612], [0.24580141721024082, 0.34941320734648934, 0.18076826106470067, 0.2240171143785696], [0.22665740925740932, 0.34873697618171307, 0.17805775686302008, 0.24654785769785792], [0.24339333999334012, 0.2811513857487542, 0.1990198282110049, 0.2764354460469013], [0.2615895687645689, 0.28189511803985484, 0.2009225615028249, 0.25559275169275175], [0.23256763236763253, 0.30001309801309817, 0.19940832778332798, 0.268010941835942], [0.24411007685125338, 0.33939647737883005, 0.19524669056433772, 0.22124675520557902], [0.25529093129093144, 0.2758323731823733, 0.17835408839526504, 0.2905226071314308], [0.25386529581529593, 0.2921270010691063, 0.1468434489487121, 0.3071642541668857], [0.25477961564579227, 0.2993511286958655, 0.2072508249060881, 0.23861843075225442], [0.24214535464535475, 0.3155123265623264, 0.20550642135642144, 0.23683589743589759]]}}