{"test": {"ids": ["110117870", "100111390", "102116500", "112120290", "97106970", "98110680", "104114320", "103113610", "106114150", "99107950", "108121190", "111117000", "111119580", "100109360", "107118520", "101112160", "104111711", "111118910", "112116610", "110114610", "102113210", "104111880", "111119150", "102109910", "98116940", "112117471", "104114410", "101112201", "107114490", "104113380", "110114950", "99108580", "100109311", "112116290", "110117500", "111120591", "103110220", "110121450", "105117200", "112116540", "109117110", "101111140", "100116790", "102118380", "99108520", "108114360", "102121700", "112118890", "101114020", "111116010", "108121351", "97105760", "113118690", "110120640", "103110050", "103111540", "105115720", "102110500", "112119980", "112116900", "110118930", "112119580", "112117780", "97107260", "110115140", "98108150", "102110890", "112119120", "97107040", "99107300", "106116640", "104111780", "100108490", "105120621", "112117571", "97106600", "112119930", "101111620", "104119340", "109117150", "111114171", "109121640", "101108950", "106117790", "111118820", "98112580", "112118860", "111117120", "103111930", "98111620", "108114270", "107118490", "108115870", "107121230", "98108520", "107113550", "108118630", "111120280", "98121790", "113121750", "101108370", "97105580", "110120540", "113121980", "98119591", "112120630", "103118291", "112120270", "107114321", "113118421", "105113440", "112118550", "111119430", "108113620", "110115890", "100113210", "105119950", "101110740", "103111110", "111119250", "107121640", "109119460", "105116501", "99116500", "104109311", "112117660", "108120060", "104114240", "104112201", "104111531", "113120260", "105113620", "103111480", "99107630", "108115970", "108116481", "110118181", "113122120", "98120010", "112118820", "105118740", "100116500"], "labels": [3, 2, 1, 1, 2, 2, 2, 2, 1, 1, 1, 0, 3, 0, 2, 3, 1, 0, 1, 1, 3, 3, 3, 2, 2, 3, 1, 0, 3, 1, 0, 0, 1, 0, 1, 1, 2, 3, 3, 1, 1, 2, 2, 1, 2, 1, 1, 3, 3, 1, 3, 0, 3, 0, 3, 1, 1, 3, 0, 3, 1, 3, 0, 2, 0, 0, 0, 1, 2, 3, 3, 3, 2, 1, 3, 3, 1, 3, 1, 2, 3, 0, 2, 1, 0, 2, 3, 2, 3, 3, 3, 2, 3, 0, 2, 0, 1, 0, 2, 0, 1, 1, 1, 2, 1, 3, 0, 0, 0, 3, 0, 3, 3, 3, 2, 0, 3, 3, 3, 1, 1, 1, 1, 2, 3, 0, 1, 0, 0, 0, 3, 0, 0, 2, 2, 0, 1, 1, 2, 0, 1, 2], "predicted_labels": [3, 3, 3, 0, 1, 1, 0, 3, 3, 3, 1, 1, 0, 0, 0, 3, 1, 2, 0, 3, 0, 0, 1, 3, 0, 0, 3, 1, 3, 3, 3, 3, 3, 1, 0, 0, 3, 0, 3, 3, 2, 0, 2, 2, 0, 3, 3, 2, 1, 0, 0, 0, 3, 3, 0, 0, 3, 0, 1, 3, 0, 0, 0, 2, 3, 0, 3, 3, 2, 0, 0, 0, 2, 0, 3, 2, 2, 1, 1, 1, 1, 1, 3, 2, 1, 3, 3, 1, 0, 1, 3, 1, 1, 1, 0, 1, 1, 0, 1, 1, 0, 1, 1, 0, 1, 0, 0, 3, 1, 2, 1, 3, 3, 3, 0, 3, 2, 1, 0, 0, 3, 1, 0, 1, 1, 2, 0, 0, 3, 3, 3, 1, 3, 0, 0, 3, 1, 3, 1, 3, 1, 3], "confidence_scores": [[0.12730179689946744, 0.20323603084164812, 0.05203023487515346, 0.617431937383731], [0.16207162809446476, 0.27527821360124416, 0.24228182276878893, 0.3203683355355022], [0.28885214230158596, 0.2831618306298464, 0.10521741384520121, 0.3227686132233664], [0.5165527340332836, 0.1887221543445948, 0.10583689883077665, 0.18888821279134488], [0.2263591105086281, 0.34706239668748784, 0.15354347378856265, 0.2730350190153215], [0.23861884824722623, 0.33210829673306386, 0.13795943114222803, 0.29131342387748194], [0.4010443263652198, 0.2795588915410631, 0.12011263941455826, 0.19928414267915887], [0.309506816649462, 0.25444968290415626, 0.07912537220797365, 0.35691812823840824], [0.1843141029644967, 0.1358055172724253, 0.07064843475216037, 0.6092319450109176], [0.1570079313384868, 0.2240771060676667, 0.19655852256255277, 0.42235644003129363], [0.17839415008480713, 0.3012368976052526, 0.22765222950497987, 0.29271672280496036], [0.24560300477900074, 0.2852409070272839, 0.22587649652105948, 0.24327959167265584], [0.35237710727646343, 0.2793618293961159, 0.09163744340195029, 0.2766236199254705], [0.40474748073421324, 0.2609793290020932, 0.0691956079174525, 0.2650775823462411], [0.42414894286470467, 0.16576750612313648, 0.18021144524186394, 0.229872105770295], [0.2035659882512259, 0.09510537190316959, 0.1668607454268034, 0.5344678944188012], [0.10136704519586756, 0.5798507572728857, 0.05956591036150413, 0.25921628716974254], [0.23078586649064362, 0.18096111235923015, 0.4461674519177278, 0.1420855692323986], [0.655606649393016, 0.1156373772692658, 0.07711343531726453, 0.15164253802045363], [0.2696242531705819, 0.17269110880377633, 0.17754878629113863, 0.3801358517345033], [0.6307431849955385, 0.18854212865711933, 0.06407614320181895, 0.11663854314552323], [0.2933459793907638, 0.25750155586556317, 0.22287608676076776, 0.22627637798290537], [0.23894112839094597, 0.3950090921012976, 0.08559301679980541, 0.280456762707951], [0.32380543456932964, 0.19893917893050114, 0.11932151002939129, 0.3579338764707779], [0.36005581825637456, 0.20312670263046945, 0.17157436524003403, 0.26524311387312205], [0.4924501891350149, 0.21902639703271448, 0.09612264972178207, 0.1924007641104886], [0.10800052921851662, 0.3712776743456249, 0.12486932860009121, 0.3958524678357673], [0.20653203450716034, 0.41780244177433756, 0.19081536940225186, 0.18485015431625018], [0.2059010528604044, 0.33197022538111737, 0.12280240769178788, 0.33932631406669056], [0.13675272729335333, 0.2078375490578614, 0.04441207225317683, 0.6109976513956086], [0.20312405558274063, 0.33800341713074117, 0.06950459971187706, 0.3893679275746412], [0.2685112746366611, 0.2639690096936606, 0.14608065514296587, 0.3214390605267124], [0.24007367409543212, 0.24130471925091404, 0.24267818400097507, 0.27594342265267885], [0.2223228262799821, 0.6144899838274738, 0.06336080089235795, 0.0998263890001862], [0.33589411793772017, 0.2585348867506982, 0.12621361446643697, 0.2793573808451447], [0.7381082614851422, 0.10124596139396781, 0.04746570432847471, 0.11318007279241532], [0.2462739180739931, 0.1251414544937849, 0.2743279503176012, 0.35425667711462094], [0.4611776795676877, 0.1442359524070229, 0.2458924507576525, 0.14869391726763684], [0.32320577294077896, 0.2380514635399125, 0.10768839329401413, 0.3310543702252945], [0.11685113507537889, 0.40776292868038333, 0.061201115904290636, 0.41418482033994697], [0.24033281739326906, 0.11975547908077208, 0.3867098104857084, 0.25320189304025054], [0.5161978117051118, 0.1766506781860426, 0.07183674661196028, 0.23531476349688524], [0.19858652975580898, 0.26299305003519663, 0.33048138224796086, 0.20793903796103347], [0.15401823481970411, 0.21565150553814647, 0.34791626010543075, 0.2824139995367187], [0.3855984526710258, 0.20506615821179436, 0.10459376889495262, 0.3047416202222274], [0.21660079619922182, 0.2988168948496233, 0.11823239682955389, 0.3663499121216012], [0.12641419312927188, 0.11938234653465088, 0.09539590838266981, 0.6588075519534073], [0.1921872977786749, 0.2808380386528931, 0.33178963222645663, 0.19518503134197543], [0.13587710912121123, 0.4779832641131806, 0.08345419498222847, 0.3026854317833797], [0.4534425273779656, 0.17286387703260134, 0.149224701744435, 0.22446889384499807], [0.4886730207786935, 0.21666799559961628, 0.08907960937170237, 0.20557937424998776], [0.329705167621652, 0.31826781219029304, 0.13447078743975047, 0.2175562327483045], [0.1800250994615926, 0.24805674066681452, 0.23082370324473248, 0.34109445662686044], [0.10538109630484883, 0.15516506690940218, 0.19816260048166304, 0.5412912363040859], [0.34038101781512076, 0.18279196393309888, 0.2624954991981135, 0.21433151905366687], [0.28638014723840044, 0.2677493376718435, 0.2328949913345871, 0.21297552375516904], [0.15202705705878206, 0.07302917864573474, 0.02959563188771409, 0.7453481324077693], [0.49840579271591223, 0.207908503232384, 0.07798622110912046, 0.21569948294258354], [0.16835000482742124, 0.3772704376200414, 0.29415188494780925, 0.1602276726047281], [0.23217983141152823, 0.19026219237648698, 0.11120543549258557, 0.46635254071939924], [0.35698178422851895, 0.22938220317836783, 0.06327167138303386, 0.3503643412100795], [0.4285910329683771, 0.1475144163357367, 0.10555581126164595, 0.31833873943424035], [0.42570772382553124, 0.2279391025110626, 0.10520493801470944, 0.24114823564869672], [0.17812701923233373, 0.17839112778384345, 0.3832430617460456, 0.2602387912377773], [0.1681590559581157, 0.26164348465250403, 0.09582253332325315, 0.474374926066127], [0.35592032881529756, 0.17656089401400135, 0.11201003039495575, 0.35550874677574534], [0.263758612200667, 0.12251172856523707, 0.06734423103095523, 0.5463854282031406], [0.14331112722910108, 0.19250804695033366, 0.09150923859704028, 0.572671587223525], [0.18698768636454557, 0.2807437071931655, 0.3148252423528844, 0.2174433640894048], [0.3395862580400364, 0.24704369745465954, 0.10351007972232508, 0.30985996478297895], [0.567704758896034, 0.12153574193491969, 0.08694387465823235, 0.22381562451081416], [0.3517306840956854, 0.3310655109001186, 0.08128273829233192, 0.2359210667118642], [0.16305342196155256, 0.0924138195975613, 0.40809019878255914, 0.3364425596583269], [0.3710085770176227, 0.25114812378171963, 0.08282306148667537, 0.29502023771398217], [0.23671328513181536, 0.26897151709291367, 0.20969071657676835, 0.2846244811985028], [0.14142540051089433, 0.2828966315075246, 0.5113423605169136, 0.06433560746466759], [0.2382104120852118, 0.1580998149035658, 0.36602176314392804, 0.23766800986729428], [0.2038022071635562, 0.4087400337266681, 0.154728870859352, 0.23272888825042354], [0.25048650515454146, 0.25857127070155517, 0.23324777665051283, 0.2576944474933905], [0.26671822999678624, 0.3138778907331338, 0.14319675222719067, 0.27620712704288936], [0.3231729211539835, 0.3510504355377552, 0.09748075333910616, 0.2282958899691554], [0.23898078216228089, 0.5507167062108264, 0.05610930213666678, 0.15419320949022625], [0.37231238642325254, 0.1647484510367579, 0.06046484372046398, 0.4024743188195255], [0.16430833133046835, 0.21695633665156325, 0.4448219023393522, 0.17391342967861623], [0.1382220372014128, 0.6116521838445227, 0.0686705018878735, 0.18145527706619116], [0.30753036966324454, 0.15906898906457956, 0.0644171172730592, 0.4689835239991167], [0.20262594187635039, 0.3491431922695676, 0.09542546279496036, 0.3528054030591218], [0.272647976845712, 0.3456470495219262, 0.11024683147112403, 0.2714581421612377], [0.370987960678244, 0.1696162886099021, 0.2856964858535364, 0.1736992648583175], [0.2119409666904819, 0.410299906425336, 0.06402063187313518, 0.31373849501104706], [0.13456657344288256, 0.2924118082650338, 0.13145281827661678, 0.4415688000154668], [0.08951948520933907, 0.672205975414108, 0.06717387397648239, 0.17110066540007052], [0.11001976241723666, 0.4622883463882389, 0.05242383835210227, 0.37526805284242226], [0.1308420501237123, 0.4511800601572528, 0.06863134171883294, 0.349346548000202], [0.35913967239515326, 0.2959877443714498, 0.15237289074296773, 0.19249969249042925], [0.2560822932633355, 0.401251031073473, 0.14014700667300195, 0.2025196689901896], [0.24207631937936624, 0.347388874139572, 0.11175538854817475, 0.29877941793288704], [0.45067183124415106, 0.17199478405162782, 0.2517784054157634, 0.12555497928845777], [0.30560965375710264, 0.3744841620808707, 0.10799006042846628, 0.2119161237335604], [0.28837916147419645, 0.4389081231163668, 0.08735718191773292, 0.1853555334917037], [0.3806562171758634, 0.27181189982703485, 0.1421077561300508, 0.205424126867051], [0.24465598851632545, 0.35291515938242, 0.19625738187506572, 0.20617147022618895], [0.3013215859771892, 0.4077495999491092, 0.0890397613585319, 0.20188905271516963], [0.4323703884769826, 0.2046510764875577, 0.09500841145406067, 0.26797012358139916], [0.21253185304003788, 0.446150402537972, 0.1509392314051656, 0.19037851301682443], [0.7027711299739394, 0.10859644410444809, 0.03505395079027777, 0.15357847513133474], [0.4282388806744707, 0.20515637735891495, 0.17763873507167732, 0.18896600689493714], [0.25242988046547055, 0.294561514546996, 0.14149414471135616, 0.3115144602761773], [0.2694693715219376, 0.34403764889433097, 0.11811050747925705, 0.2683824721044745], [0.18788608768656917, 0.1288988621829663, 0.4323120157175897, 0.25090303441287487], [0.20921425735156032, 0.36242625403658896, 0.07794970204425695, 0.35040978656759386], [0.09313921493240544, 0.0744045376440218, 0.037311800143895305, 0.7951444472796775], [0.30296727735245343, 0.26218355273279553, 0.11188961040594622, 0.3229595595088047], [0.25167749640557974, 0.25659643178017594, 0.15949139059918777, 0.33223468121505667], [0.3316244463472593, 0.24678524610635674, 0.16042967930858854, 0.26116062823779534], [0.14995559614253348, 0.13679986261437918, 0.08357292348101354, 0.6296716177620738], [0.23784877517514535, 0.1580383255635836, 0.4879442316495791, 0.11616866761169184], [0.1850389587213834, 0.3672741042583868, 0.1276832628559356, 0.3200036741642943], [0.4392090431855372, 0.21039794588177713, 0.14548544578668088, 0.2049075651460047], [0.5487483060454854, 0.09079348017870145, 0.199331334960915, 0.1611268788148981], [0.18867956361702445, 0.26276145375860255, 0.10888933814381979, 0.4396696444805531], [0.24323149356598162, 0.3353548249588196, 0.1116461909302031, 0.3097674905449956], [0.30039041731893323, 0.231195220571871, 0.1903383797207132, 0.2780759823884824], [0.26279437934599986, 0.36924275211358343, 0.17593706295590592, 0.1920258055845108], [0.2049487234085576, 0.46268319244657524, 0.09718710674628162, 0.23518097739858557], [0.3103291432564211, 0.1496772453658531, 0.3183483523000779, 0.22164525907764765], [0.3477445739768979, 0.25877660681543574, 0.22503724044409648, 0.1684415787635698], [0.31253116577509155, 0.2881300739828926, 0.1795919152866511, 0.2197468449553647], [0.18961397615608502, 0.22804880177880743, 0.14735051742208424, 0.4349867046430234], [0.30447853042689627, 0.25909141319744244, 0.10854903674123706, 0.3278810196344242], [0.08536771100388281, 0.2561289443460237, 0.30188286052769714, 0.3566204841223964], [0.22447838936537245, 0.3811108357554662, 0.10180254554531724, 0.29260822933384417], [0.14516402020066885, 0.13272133030420757, 0.11066490810913884, 0.6114497413859846], [0.34887839109616986, 0.28977897339166253, 0.1046283641877648, 0.2567142713244027], [0.40603151246369756, 0.24451362862956566, 0.18494638474153488, 0.16450847416520192], [0.27574144898182595, 0.26516534971823896, 0.06858236170884574, 0.39051083959108934], [0.31259859037514365, 0.3275649444800877, 0.11504093881796396, 0.24479552632680462], [0.26104212904088286, 0.22668782457188266, 0.17350827308060768, 0.33876177330662666], [0.1239907931809718, 0.3846901763085628, 0.31994405161251444, 0.17137497889795084], [0.1385932547098709, 0.2629395239791453, 0.21924086488772518, 0.3792263564232586], [0.2690248138892774, 0.29184791379633235, 0.21166766454153085, 0.22745960777285923], [0.2588329429212964, 0.20023128253888411, 0.22311131434486708, 0.3178244601949524]]}, "rewritten": {"ids": ["97105580", "97105760", "97106600", "97106970", "97107040", "97107260", "98108150", "98108520", "98110680", "98111620", "98112580", "98116940", "98119591", "98120010", "98121790", "99107300", "99107630", "99107950", "99108520", "99108580", "99116500", "100108490", "100109311", "100109360", "100111390", "100113210", "100116500", "100116790", "101108370", "101108950", "101110740", "101111140", "101111620", "101112160", "101112201", "101114020", "102109910", "102110500", "102110890", "102113210", "102116500", "102118380", "102121700", "103110050", "103110220", "103111110", "103111480", "103111540", "103111930", "103113610", "103118291", "104109311", "104111531", "104111711", "104111780", "104111880", "104112201", "104113380", "104114240", "104114320", "104114410", "104119340", "105113440", "105113620", "105115720", "105116501", "105117200", "105118740", "105119950", "105120621", "106114150", "106116640", "106117790", "107113550", "107114321", "107114490", "107118490", "107118520", "107121230", "107121640", "108113620", "108114270", "108114360", "108115870", "108115970", "108116481", "108118630", "108120060", "108121190", "108121351", "109117110", "109117150", "109119460", "109121640", "110114610", "110114950", "110115140", "110115890", "110117500", "110117870", "110118181", "110118930", "110120540", "110120640", "110121450", "111114171", "111116010", "111117000", "111117120", "111118820", "111118910", "111119150", "111119250", "111119430", "111119580", "111120280", "111120591", "112116290", "112116540", "112116610", "112116900", "112117471", "112117571", "112117660", "112117780", "112118550", "112118820", "112118860", "112118890", "112119120", "112119580", "112119930", "112119980", "112120270", "112120290", "112120630", "113118421", "113118690", "113120260", "113121750", "113121980", "113122120"], "labels": [1, 0, 3, 2, 2, 2, 0, 2, 2, 3, 2, 2, 1, 2, 2, 3, 2, 1, 2, 0, 2, 2, 1, 0, 2, 0, 2, 2, 1, 2, 3, 2, 3, 3, 0, 3, 2, 3, 0, 3, 1, 1, 1, 3, 2, 3, 0, 1, 3, 2, 0, 3, 0, 1, 3, 3, 0, 1, 0, 2, 1, 1, 0, 0, 1, 1, 3, 1, 3, 1, 1, 3, 1, 0, 0, 3, 2, 2, 0, 1, 3, 3, 1, 3, 2, 0, 1, 1, 1, 3, 1, 2, 1, 0, 1, 0, 0, 2, 1, 3, 1, 1, 1, 0, 3, 3, 1, 0, 2, 0, 0, 3, 1, 3, 3, 0, 1, 0, 1, 1, 3, 3, 3, 0, 0, 3, 0, 3, 3, 1, 3, 1, 0, 0, 1, 3, 3, 3, 3, 0, 2, 1], "predicted_labels": [1, 0, 2, 1, 2, 2, 3, 0, 2, 1, 0, 3, 0, 2, 1, 3, 0, 3, 0, 3, 3, 2, 0, 3, 2, 3, 3, 3, 1, 3, 1, 0, 1, 3, 1, 3, 1, 1, 0, 0, 1, 2, 3, 3, 2, 3, 3, 1, 2, 0, 0, 3, 3, 1, 1, 2, 1, 3, 3, 1, 2, 1, 0, 3, 3, 3, 3, 3, 0, 3, 0, 0, 2, 3, 3, 3, 3, 1, 2, 3, 3, 1, 3, 3, 0, 0, 3, 1, 1, 0, 1, 0, 1, 1, 0, 3, 3, 0, 1, 3, 1, 3, 1, 2, 0, 3, 0, 0, 2, 1, 1, 1, 0, 1, 3, 0, 0, 1, 1, 0, 0, 0, 2, 2, 0, 3, 3, 3, 0, 1, 0, 0, 1, 0, 0, 3, 2, 1, 2, 1, 3, 3], "confidence_scores": [[0.18188257967568572, 0.45358956802117684, 0.11711464508265185, 0.24741320722048563], [0.46920128578504244, 0.2848569694802275, 0.06728561612700983, 0.17865612860772034], [0.17930702798591366, 0.12416602711001104, 0.6207903637412518, 0.07573658116282352], [0.2241585670416407, 0.4508199883601401, 0.1158615426091404, 0.20915990198907883], [0.27970985820615346, 0.2322155434055836, 0.301421215770831, 0.1866533826174321], [0.13269061357896844, 0.112769081027887, 0.4962637348747604, 0.25827657051838426], [0.25659322484318065, 0.25088180976984503, 0.21849185633839052, 0.27403310904858386], [0.3174832680133387, 0.31695373411868843, 0.1288058781105608, 0.2367571197574119], [0.21820272421577094, 0.2357723184296683, 0.3540918662495328, 0.19193309110502813], [0.2579218761139813, 0.3128708688637248, 0.1819286961195744, 0.2472785589027195], [0.3550760138018043, 0.18658799357214412, 0.14753472188119082, 0.31080127074486097], [0.2874014618339357, 0.29478210207690325, 0.08360802021832214, 0.3342084158708389], [0.34830029384133593, 0.25996239731625004, 0.1885948185331873, 0.20314249030922682], [0.060764310554318066, 0.2679775531960121, 0.5353501657872015, 0.13590797046246825], [0.21782619816995108, 0.3810864410941981, 0.16725730633748448, 0.23383005439836632], [0.19823671079895075, 0.16571858788691815, 0.10596573501475046, 0.5300789662993806], [0.3533150733921122, 0.2537036338071872, 0.22852364881803552, 0.16445764398266513], [0.21996872566533907, 0.22299569038700834, 0.20774340196441635, 0.34929218198323614], [0.29190769791411353, 0.23166643444605736, 0.23259143955956543, 0.2438344280802637], [0.23299513510794082, 0.2867005021283831, 0.13179415415543164, 0.3485102086082445], [0.21873069239780576, 0.22209675399420875, 0.23306928839211638, 0.32610326521586924], [0.1296240297128087, 0.13087190524319248, 0.5077612872211682, 0.2317427778228306], [0.34999969871704145, 0.22417607660533953, 0.20978576269730664, 0.2160384619803126], [0.25419162156386765, 0.18528122073559466, 0.07657876686840258, 0.4839483908321351], [0.15444863055042415, 0.2822151702573804, 0.38453515378520714, 0.17880104540698835], [0.16610122593928336, 0.11898973627671271, 0.05257383906943406, 0.6623351987145699], [0.2443936724592741, 0.18923800371508226, 0.10952239365361843, 0.45684593017202507], [0.20744026075810426, 0.23896606533104142, 0.2385178252569471, 0.3150758486539073], [0.25512858127886656, 0.3928286269823504, 0.08071726495091278, 0.2713255267878703], [0.3266725416197147, 0.10968984751249902, 0.18754933925094427, 0.3760882716168422], [0.22055271446695895, 0.3826916739789129, 0.15783509021353387, 0.2389205213405943], [0.4331193632634513, 0.2200468066672333, 0.08361367161269176, 0.26322015845662367], [0.20587369010803808, 0.5031435677828481, 0.0644523059079406, 0.22653043620117316], [0.22796953352251126, 0.1775731626484639, 0.19176239304300796, 0.402694910786017], [0.24182156899373497, 0.50201291781959, 0.081782526327488, 0.17438298685918696], [0.2112431311282056, 0.28132142059307647, 0.11690523735952263, 0.3905302109191955], [0.255560988224758, 0.32725697087775457, 0.11673334099599073, 0.30044869990149675], [0.32513393366433285, 0.47087629985232804, 0.058292001637968896, 0.14569776484537028], [0.3685572001019074, 0.1806016943635022, 0.16258786029507585, 0.28825324523951457], [0.5014961769847567, 0.19640193209781492, 0.1850333858646702, 0.11706850505275823], [0.2248853219281813, 0.4844490260463036, 0.08856040729289631, 0.2021052447326188], [0.16597072522669318, 0.27780352634958677, 0.37261258546819664, 0.18361316295552352], [0.15391751582935878, 0.11607334555984848, 0.21034895390668662, 0.5196601847041061], [0.2912148120666875, 0.14239121304540991, 0.22178552852822625, 0.34460844635967647], [0.14515987496365398, 0.18101520622137857, 0.44106954405914994, 0.23275537475581748], [0.3024043973751562, 0.18654241267962215, 0.1109548128995699, 0.4000983770456518], [0.18212396310507567, 0.3499026396916657, 0.0964700728313509, 0.3715033243719079], [0.26247699699807514, 0.3832414928893258, 0.12139201012359456, 0.23288949998900468], [0.23959083221194444, 0.19717859075718075, 0.39993834991222915, 0.16329222711864572], [0.34232325023708504, 0.23526809376024654, 0.14141312851021254, 0.28099552749245593], [0.4670431540452987, 0.22698273946525546, 0.15397482853859326, 0.15199927795085255], [0.216509737551619, 0.31549479029968625, 0.10600614532528872, 0.3619893268234062], [0.3043286355492036, 0.25945616273116, 0.10849559801580977, 0.3277196037038266], [0.16544052740616944, 0.4565953418528767, 0.09341412523786162, 0.28455000550309234], [0.3142335542807343, 0.330518494640902, 0.07499680210739453, 0.2802511489709693], [0.2421153178837059, 0.3130588423254753, 0.3395069796687376, 0.10531886012208105], [0.3094927853018596, 0.32522533540219584, 0.11809453453395978, 0.24718734476198487], [0.07507944291649318, 0.10177614848840161, 0.085666598878009, 0.7374778097170963], [0.31864478321428114, 0.2319489297324772, 0.10560197130533548, 0.34380431574790615], [0.3045099357509997, 0.3137718271801814, 0.1217106023311409, 0.26000763473767785], [0.13552002570878663, 0.19388100748878156, 0.4798965437490345, 0.19070242305339716], [0.12175559930046417, 0.5688143106827243, 0.08130032204299374, 0.22812976797381784], [0.39102777326266985, 0.12615328139889473, 0.1702824493492211, 0.3125364959892143], [0.23389711570132357, 0.22997362929232118, 0.11149622447906288, 0.42463303052729234], [0.20000173007776234, 0.12367647374493439, 0.0903671362923274, 0.5859546598849759], [0.34758718165725666, 0.1995696466761501, 0.10306363031089368, 0.3497795413556995], [0.15779801037496421, 0.22309238916470223, 0.060625358968598844, 0.5584842414917347], [0.1605588136949618, 0.23356163349151735, 0.21350679608163578, 0.392372756731885], [0.3505972232364975, 0.12687280319140393, 0.34089177876365395, 0.18163819480844462], [0.27253527068222644, 0.24019961513106128, 0.07921248701171336, 0.40805262717499885], [0.30677360084467575, 0.25896450922654496, 0.1532736718922865, 0.2809882180364929], [0.6150091823465554, 0.10292941429779809, 0.07128195737767294, 0.21077944597797357], [0.1659743470564354, 0.24691411779315423, 0.3569123965597997, 0.2301991385906106], [0.1766763173677237, 0.2524867980573638, 0.09928693045140179, 0.47154995412351075], [0.2545811455155328, 0.2564815144400176, 0.15636791796968944, 0.33256942207476015], [0.18254324901422184, 0.21939857663495244, 0.14467563101752812, 0.4533825433332976], [0.09827414812759158, 0.2465270564027962, 0.05927814127187519, 0.595920654197737], [0.12512428562077457, 0.48410804413372416, 0.24483836004031856, 0.14592931020518288], [0.11996078396713468, 0.23658250998739677, 0.5129359512191091, 0.13052075482635947], [0.3240038836525061, 0.1739402826664265, 0.12339744658905143, 0.37865838709201605], [0.26370020638427055, 0.29270496557560816, 0.09525928814773926, 0.34833553989238214], [0.1916606671995756, 0.42294870514853006, 0.15222295928533144, 0.23316766836656289], [0.13306240704913794, 0.33417422088383536, 0.1844685781125884, 0.34829479395443835], [0.12365435006015178, 0.29440595151058824, 0.06129723696197659, 0.5206424614672834], [0.31046336041969436, 0.28429607647609834, 0.23236811671645097, 0.17287244638775645], [0.5822833778337567, 0.1882973462687546, 0.05923005450515537, 0.1701892213923333], [0.1771266198539946, 0.18070612581044765, 0.13846878697572002, 0.5036984673598378], [0.2556319264646078, 0.32763408671079625, 0.23744428783631502, 0.17928969898828093], [0.2155773051352939, 0.2870922465444994, 0.2184963012337564, 0.2788341470864502], [0.647571050997348, 0.1450383994179396, 0.08581989415297987, 0.12157065543173243], [0.15652183027714325, 0.3991323241118262, 0.13127425998846293, 0.3130715856225676], [0.4112324426928093, 0.23373060985960592, 0.16359587806097337, 0.19144106938661135], [0.281321123557012, 0.3071598696863862, 0.14563059571394224, 0.26588841104265953], [0.22917124955426546, 0.5853633337336355, 0.10665747036577718, 0.07880794634632175], [0.2929757383104895, 0.2779671332965201, 0.14494597712335594, 0.28411115126963454], [0.24207623981094895, 0.16900727245342934, 0.10971245631025658, 0.47920403142536516], [0.18598671765514802, 0.2849081373242654, 0.10945394925766005, 0.41965119576292653], [0.33477132511622115, 0.2677018310423347, 0.13388798806239666, 0.26363885577904744], [0.30110565321402605, 0.3382660132156975, 0.10793676348042953, 0.252691570089847], [0.1405217092498243, 0.09153688187508867, 0.16188079106069778, 0.6060606178143892], [0.27896951502953804, 0.3260139889927074, 0.07353610109271187, 0.3214803948850428], [0.1465857788371339, 0.2179542182244525, 0.07959642876606964, 0.5558635741723441], [0.15419271192105113, 0.516800550571786, 0.1136774553040843, 0.21532928220307862], [0.20899600030844276, 0.1913250764852144, 0.37323131372665247, 0.22644760947969034], [0.4170571529621165, 0.12032021172224279, 0.328154154845039, 0.1344684804706019], [0.2717954160776313, 0.23554190357699614, 0.14566486553293223, 0.34699781481244035], [0.4919679247954436, 0.16543506093171623, 0.26695068663097354, 0.07564632764186657], [0.2959983759884461, 0.2858324535862111, 0.19473189141248742, 0.22343727901285532], [0.26302086094261196, 0.23086128994572988, 0.32107672058809333, 0.18504112852356502], [0.20791380255958605, 0.52328980860524, 0.07833013957015011, 0.19046624926502384], [0.3444648769906398, 0.3520098833349026, 0.11457561265100152, 0.18894962702345597], [0.19046504537329717, 0.47386787340262393, 0.09992987772642142, 0.2357372034976573], [0.3712714792480236, 0.1419329661048514, 0.3153330474630743, 0.1714625071840508], [0.29765671867943727, 0.33758307821479605, 0.10273178486394033, 0.2620284182418265], [0.2313351184168328, 0.25163743318253223, 0.09716472485126033, 0.4198627235493748], [0.3767954256916196, 0.15518503335431225, 0.32535655130854957, 0.14266298964551874], [0.4024036482899807, 0.19379741940723985, 0.17069855161334777, 0.2331003806894316], [0.22794233932067826, 0.6124193166455342, 0.05993759116458938, 0.09970075286919808], [0.17489068188892115, 0.4070356361186415, 0.10448158166715928, 0.31359210032527807], [0.6186756886366511, 0.12433770939585505, 0.14711800011454265, 0.10986860185295129], [0.3545495709097767, 0.23174677899775142, 0.11837622341503866, 0.2953274266774331], [0.3739802890451872, 0.15228470933691968, 0.1948270710351677, 0.2789079305827254], [0.18582503107735054, 0.201563185892549, 0.36728252262952993, 0.24532926040057043], [0.1893208512846775, 0.16919385058634542, 0.5181459096294645, 0.12333938849951258], [0.32465845623201417, 0.30050443660234727, 0.12131344890085934, 0.25352365826477924], [0.09290134357885911, 0.10567091922720073, 0.02790252050401225, 0.7735252166899279], [0.19649543138696926, 0.2671767211656787, 0.2083630844495489, 0.3279647629978031], [0.11476442138440669, 0.13589709030131833, 0.11446492420200097, 0.634873564112274], [0.553096178993952, 0.24905722402617536, 0.06868517813804388, 0.1291614188418288], [0.21502173817577358, 0.3577653179789525, 0.14854801212294766, 0.2786649317223263], [0.4599981866590001, 0.16825819768239458, 0.09701291429719726, 0.27473070136140815], [0.4340140020600226, 0.144701397974817, 0.2398776101117469, 0.1814069898534135], [0.18329282844122002, 0.33780093200102396, 0.30626978094461277, 0.17263645861314353], [0.39245653270175584, 0.22116704927732878, 0.14029131966550118, 0.24608509835541406], [0.5812497052537693, 0.17828451723060054, 0.07184354734757348, 0.16862223016805683], [0.17936856584694694, 0.35612633687779155, 0.03779820251957053, 0.4267068947556911], [0.17378448401434202, 0.1483844418739569, 0.48961016378970623, 0.18822091032199476], [0.1272151615028041, 0.44077353679332926, 0.21853329691375042, 0.21347800479011636], [0.11553236336627536, 0.21358983553635572, 0.3357778281426237, 0.33509997295474525], [0.21667321598351438, 0.5878119141380699, 0.06262864578920775, 0.13288622408920775], [0.34240035190246354, 0.13116002592306544, 0.13854441268441373, 0.38789520949005724], [0.18367236031174128, 0.22882650086225517, 0.13079920004752976, 0.4567019387784738]]}}