{"test": {"ids": ["101119591", "99120010", "112121430", "97107040", "104111531", "102108621", "101116130", "110114920", "110117110", "107119130", "111121190", "102110750", "107117010", "112120630", "104111880", "103120531", "100112060", "98107340", "97107950", "102112250", "104111990", "98109570", "102121440", "98120010", "110115580", "110115250", "113122180", "103113270", "104111830", "108115970", "97105960", "113117401", "111121220", "111116640", "111116290", "99109860", "100116500", "108115500", "107114490", "107119390", "100109910", "104113550", "106112770", "108117451", "104116800", "104114320", "101112540", "108113740", "113120540", "112121360", "105111990", "113122170", "99117740", "110118740", "103120290", "112116850", "106115120", "97105760", "106116441", "103118291", "99112641", "102110850", "101111990", "107117630", "110118450", "112117660", "110118301", "110113591", "111120190", "99108520", "102110050", "101121640", "107114621", "112119450", "113119480", "113121410", "105115380", "103113260", "101112690", "113121810", "98111670", "108121190", "105121370", "105121190", "110115710", "98112300", "102110890", "105120280", "113117340", "101113210", "109115211", "106114880", "111115770", "113121220", "108116120", "97112300", "105119550", "109117110", "110117080", "105116441", "111120220", "108115250", "113118870", "104111780", "99107660", "99105921", "99108580", "108113480", "113120070", "104119340", "108118630", "110118930", "108118060", "109118820", "101108121", "109116040", "112121010", "112118511", "110118880", "98112170", "101117580", "109121410", "113118490", "101108500", "97107920", "105113190", "101111310", "111120531", "99109910", "113119450", "112116451", "99109161", "102109840", "105112100", "108116070", "106121220", "110116501", "97116500", "112120270", "108119510", "111114941", "106119990"], "labels": [0, 2, 2, 2, 0, 3, 2, 3, 0, 1, 1, 1, 1, 3, 3, 3, 2, 0, 2, 0, 2, 1, 2, 2, 1, 1, 2, 2, 3, 2, 2, 3, 3, 0, 2, 2, 2, 3, 3, 2, 2, 1, 1, 2, 1, 2, 2, 3, 3, 3, 2, 1, 2, 3, 2, 0, 1, 0, 0, 0, 1, 3, 2, 0, 0, 0, 1, 0, 3, 2, 3, 2, 0, 3, 3, 0, 1, 3, 1, 2, 1, 1, 2, 2, 2, 2, 0, 3, 2, 3, 0, 0, 3, 3, 1, 2, 1, 1, 1, 1, 3, 1, 0, 3, 3, 1, 0, 0, 2, 1, 1, 1, 1, 3, 0, 0, 2, 1, 0, 3, 3, 0, 1, 3, 0, 3, 3, 0, 2, 3, 0, 3, 2, 1, 1, 1, 3, 2, 0, 1, 0, 0], "predicted_labels": [0, 1, 1, 3, 1, 0, 1, 1, 1, 1, 3, 1, 1, 3, 3, 1, 1, 1, 3, 3, 1, 3, 0, 3, 3, 3, 3, 3, 3, 1, 1, 1, 1, 3, 1, 1, 1, 0, 3, 1, 3, 0, 3, 1, 3, 3, 3, 3, 3, 1, 3, 0, 0, 3, 1, 3, 3, 1, 3, 0, 3, 1, 1, 0, 1, 3, 0, 0, 1, 1, 3, 1, 0, 3, 1, 1, 1, 3, 1, 3, 1, 1, 3, 1, 3, 3, 3, 1, 1, 0, 3, 3, 1, 0, 0, 3, 1, 1, 3, 1, 0, 3, 1, 3, 1, 1, 1, 1, 1, 3, 3, 1, 3, 3, 3, 3, 3, 1, 3, 0, 1, 3, 3, 3, 0, 3, 1, 1, 3, 3, 1, 0, 3, 3, 3, 1, 0, 1, 1, 3, 1, 1], "confidence_scores": [[0.30828865421966745, 0.27074787350858276, 0.152731815852372, 0.2682316564193778], [0.2273733053743694, 0.3008266893553966, 0.20635415689241798, 0.2654458483778164], [0.21035188131323768, 0.3014113627806367, 0.18808978602332452, 0.3001469698828015], [0.24616564294655802, 0.27650111164817504, 0.1943781719748439, 0.2829550734304232], [0.29639742408495406, 0.3316410460460555, 0.12295507702821178, 0.24900645284077885], [0.29741596438390316, 0.27886425564861833, 0.12825171773941507, 0.29546806222806365], [0.20305887859293584, 0.324583622026625, 0.20690978521551578, 0.2654477141649235], [0.23163655371260003, 0.307171656172274, 0.18178139229725063, 0.27941039781787536], [0.23583840100644982, 0.32806291863727177, 0.1507766088974192, 0.28532207145885946], [0.24544489065565503, 0.3186469840585094, 0.18474739161189074, 0.25116073367394504], [0.2656484767490738, 0.2779958881092898, 0.1332006666350857, 0.3231549685065509], [0.217351422769544, 0.31320656548074693, 0.2140759722402926, 0.2553660395094165], [0.21264882472741164, 0.33292635178975827, 0.1923557695318599, 0.2620690539509704], [0.2793108946299594, 0.2587703111821278, 0.13845154244340796, 0.323467251744505], [0.20145019261245545, 0.3176862993781368, 0.15773438145429114, 0.32312912655511655], [0.2747839924221837, 0.27758059400657203, 0.1718453442152478, 0.2757900693559965], [0.26823363648202536, 0.27154785232824363, 0.24722940740979868, 0.21298910377993277], [0.24102169020856062, 0.318158692432314, 0.1771550584640216, 0.26366455889510365], [0.22997966582038148, 0.28766596110114356, 0.19168708091013553, 0.2906672921683397], [0.2736253233436496, 0.20716317079228935, 0.1582881288288394, 0.3609233770352217], [0.27132075421526686, 0.2958341518829625, 0.1704375621999916, 0.2624075317017792], [0.23771635375394048, 0.2772351980545342, 0.20402663988211311, 0.28102180830941254], [0.31757035088557367, 0.27968557855556364, 0.15483926791842054, 0.2479048026404425], [0.24202947041641512, 0.2873943340998107, 0.1814023503274241, 0.2891738451563501], [0.2506372466392997, 0.28596179149361206, 0.1546065974077566, 0.3087943644593319], [0.27808061182326216, 0.28157494944061484, 0.15369460840356564, 0.28664983033255753], [0.2442011337242829, 0.27537193888185046, 0.15106681676226288, 0.3293601106316037], [0.20463540768171473, 0.28646983876908183, 0.19855240673750157, 0.3103423468117018], [0.20453739285933825, 0.30503561113218197, 0.16190168300508984, 0.3285253130033901], [0.21702352000787822, 0.3063740100915688, 0.1780009132078912, 0.29860155669266175], [0.2679382555111635, 0.3258093139266142, 0.1709467236407406, 0.23530570692148184], [0.2579866660381299, 0.3007273118605715, 0.1557059032317834, 0.28558011886951506], [0.26452664858095765, 0.2967330962674912, 0.150330215874191, 0.2884100392773603], [0.23086443508530455, 0.260885791798163, 0.22991829556061183, 0.278331477555921], [0.24625695560587643, 0.2919351631351401, 0.18379623230085973, 0.2780116489581237], [0.23687399733623452, 0.3215902990027938, 0.1823561765562532, 0.2591795271047186], [0.19821336439955256, 0.31048725252778236, 0.19678995957837603, 0.29450942349428894], [0.2948801523039555, 0.2885205115519765, 0.1487775613400871, 0.26782177480398117], [0.21980437591936858, 0.2918166524201049, 0.1926667535870649, 0.29571221807346193], [0.19699161806470816, 0.32128937986429135, 0.18881691929645136, 0.29290208277454927], [0.2676550708449454, 0.27186799949677243, 0.16449326816959492, 0.2959836614886875], [0.3253621047560056, 0.24413038120201822, 0.1386705102186123, 0.291837003823364], [0.2152418856914524, 0.2731497816525037, 0.15782337150081405, 0.35378496115523006], [0.2296510103061264, 0.32762527914034834, 0.12972235368863488, 0.31300135686489045], [0.23966539842672913, 0.3191051287080294, 0.11157600010300822, 0.3296534727622333], [0.2641244432647945, 0.2596305886551937, 0.17293283603283333, 0.30331213204717844], [0.25134341810161276, 0.2828400362274363, 0.16257557996224112, 0.3032409657087099], [0.29172713276544127, 0.2429195854361539, 0.1370496512157882, 0.3283036305826167], [0.22501499551878557, 0.2831394506167012, 0.13922273851129796, 0.3526228153532152], [0.2595180699876242, 0.29453919588231336, 0.1673327619294811, 0.2786099722005817], [0.24691767268620388, 0.25233397145897296, 0.1686263389691593, 0.3321220168856639], [0.28159349189128297, 0.2775440309718084, 0.17889232698888935, 0.26197015014801933], [0.28550889993718787, 0.27062277786155087, 0.18473287182994538, 0.2591354503713161], [0.2841385213679656, 0.29060224165165094, 0.12864787742526557, 0.2966113595551181], [0.25132266148455146, 0.3080986216353651, 0.16045792922636296, 0.2801207876537207], [0.24941922799527508, 0.26902896067186755, 0.16037867116524054, 0.32117314016761705], [0.23553026322162232, 0.2667658773075704, 0.18175255342850122, 0.3159513060423064], [0.2643446795415738, 0.29784093334470446, 0.14759179829533545, 0.2902225888183865], [0.2592353669397591, 0.29349999226422324, 0.14139949880742012, 0.30586514198859777], [0.29763321797349546, 0.2706354988918529, 0.15153194592789265, 0.28019933720675905], [0.23811963690205437, 0.28103715238125815, 0.1564995937262043, 0.3243436169904833], [0.2118208926063494, 0.31859445371987327, 0.19094250080259367, 0.2786421528711838], [0.22441086982157013, 0.36943304957421746, 0.19012620605243102, 0.21602987455178158], [0.2882981365061195, 0.2739718393255727, 0.15439273500433082, 0.2833372891639772], [0.20696584881116034, 0.3514412356496922, 0.1707724337379468, 0.27082048180120105], [0.25473902579241176, 0.30170514466256976, 0.12762210127414594, 0.3159337282708727], [0.2764602297887024, 0.2692725225039582, 0.17906482997950682, 0.27520241772783277], [0.2896223819919841, 0.26268580763752897, 0.16503326330684426, 0.28265854706364285], [0.2725148390771563, 0.29087507114663674, 0.1659263571183282, 0.2706837326578792], [0.22910134160282386, 0.29025520865234283, 0.21814018648932637, 0.26250326325550705], [0.20540927963183733, 0.2844023147746032, 0.20196504671852167, 0.3082233588750379], [0.19986990940393592, 0.36248427968813934, 0.19167766097642608, 0.24596814993149888], [0.3253612316843668, 0.2571012178400231, 0.13564722077949862, 0.2818903296961115], [0.2603744514974514, 0.285932129812973, 0.13498631665223434, 0.31870710203734137], [0.26792211043360004, 0.30665663851888486, 0.15427361097738446, 0.2711476400701311], [0.24071766661712551, 0.3181335336077566, 0.14332005075895238, 0.29782874901616563], [0.2286309056261889, 0.28779279168545974, 0.21769873331294026, 0.26587756937541135], [0.2756033461818588, 0.25804306948988254, 0.1389331601012157, 0.3274204242270432], [0.2262636679507143, 0.3074740070497138, 0.20519326999191506, 0.26106905500765715], [0.2557328051085109, 0.2662609691439272, 0.16762873238508896, 0.3103774933624732], [0.2395119829037061, 0.28920075357226066, 0.2057357476271714, 0.265551515896862], [0.20637827150519952, 0.3116221361798034, 0.19759204532376326, 0.2844075469912342], [0.19445584678999264, 0.29580533625599237, 0.21392733356524998, 0.29581148338876495], [0.23862208877748664, 0.3089502062974321, 0.17602251912051156, 0.27640518580456996], [0.2272382873842993, 0.2902489300748169, 0.18403952278909258, 0.29847325975179123], [0.27522371011296376, 0.23756427290043292, 0.16071093428277547, 0.3265010827038278], [0.21853238261152005, 0.27204543404723897, 0.16622667969680316, 0.34319550364443807], [0.24640663341502791, 0.3105683250282027, 0.17977855882236382, 0.2632464827344058], [0.219147471154191, 0.3216616240556218, 0.1846809671184062, 0.274509937671781], [0.3003051237099099, 0.25527610955452446, 0.1771710478231007, 0.26724771891246485], [0.2483930998621643, 0.27451060157126334, 0.16819177400939542, 0.30890452455717726], [0.2562048163097498, 0.29097765144799487, 0.1583952548288254, 0.29442227741343], [0.25864336372425034, 0.2973059628964215, 0.15534787168799105, 0.2887028016913372], [0.28035393550049253, 0.2794829414693493, 0.16947665508361529, 0.27068646794654305], [0.30238576555087876, 0.22660247909007275, 0.18194952314459523, 0.2890622322144534], [0.24945731624707201, 0.2641446874883919, 0.15664023905492724, 0.32975775720960926], [0.22433498550053393, 0.3069785828388823, 0.1657657401473897, 0.3029206915131941], [0.27977165459120246, 0.3105528762968576, 0.1542591405768787, 0.25541632853506163], [0.21235838581490843, 0.2758721220270234, 0.20098708971016874, 0.3107824024478997], [0.2444218404846382, 0.31460421185442256, 0.17614561202142767, 0.26482833563951164], [0.2811711775174809, 0.27015647488368566, 0.1822845715482013, 0.26638777605063224], [0.21514078291484487, 0.2994003902986908, 0.15844103603124457, 0.32701779075521986], [0.24186701437607794, 0.32133684038422045, 0.16506259976268392, 0.27173354547701806], [0.21712349346603527, 0.2685263511341362, 0.19028870080156252, 0.3240614545982662], [0.2577811417097884, 0.28546085191472065, 0.17517777220165026, 0.28158023417384087], [0.2552566013179385, 0.33899025182059583, 0.16419559919601187, 0.2415575476654537], [0.2495263308922003, 0.3066036505650607, 0.18127535066986644, 0.2625946678728726], [0.20252186017348697, 0.3225496212829806, 0.21764286873377348, 0.25728564980975926], [0.21467447094174733, 0.3170474178123267, 0.19559024856610596, 0.27268786267982037], [0.23090407287020806, 0.28926475917129707, 0.17931798786686123, 0.3005131800916337], [0.19462694675391062, 0.2932152915928571, 0.2156449146706027, 0.29651284698262986], [0.17348424454783448, 0.3220044980851399, 0.1998892822595009, 0.3046219751075248], [0.24880478319597338, 0.28562799809512, 0.1783524612608584, 0.2872147574480486], [0.21856097319178794, 0.2976150739186506, 0.130548004055445, 0.3532759488341165], [0.28992734151043076, 0.24139105731337757, 0.1559871298690712, 0.3126944713071206], [0.21328011330498792, 0.28269076632594015, 0.1561713388409531, 0.347857781528119], [0.22324751710175508, 0.26787354045619755, 0.19061430053769127, 0.3182646419043563], [0.2195866658141475, 0.3207434928798971, 0.17779296448231666, 0.2818768768236391], [0.3026933548354486, 0.2640770906082871, 0.12030749053036086, 0.31292206402590356], [0.3048232658062145, 0.23913160091096625, 0.17666111925294348, 0.279384014029876], [0.24255316944917543, 0.3013262487595308, 0.18894674562165759, 0.2671738361696361], [0.22695014356796256, 0.27763821878516864, 0.16143173895422513, 0.3339798986926437], [0.26351825334233764, 0.2818764718176631, 0.16762773039708892, 0.2869775444429104], [0.22365129176670673, 0.28632233484472763, 0.2018272041158928, 0.28819916927267286], [0.31870925382640236, 0.2562562588853981, 0.13061912781781368, 0.29441535947038605], [0.25678175944162446, 0.2908880995356575, 0.14766853049211148, 0.30466161053060686], [0.19779768103632323, 0.3734052517273272, 0.20122174806340695, 0.2275753191729425], [0.23075618182261337, 0.35858756229795213, 0.13372913269128872, 0.2769271231881458], [0.2679696000524611, 0.27889723958831586, 0.1630301720642955, 0.2901029882949276], [0.24354041065280121, 0.2651579924212387, 0.15769653961140762, 0.33360505731455264], [0.2856444410637275, 0.3038780820527514, 0.16451770822471545, 0.24595976865880564], [0.28806550242036133, 0.2812330033394576, 0.16534288712454492, 0.2653586071156363], [0.2465435080277509, 0.265378214021212, 0.19537623158602863, 0.29270204636500863], [0.2721296882346959, 0.26433843437989657, 0.18775145779345312, 0.2757804195919545], [0.25481810932126864, 0.26222766157933797, 0.1525386705638131, 0.33041555853558074], [0.2364840794559054, 0.3152374748989789, 0.18051419499626992, 0.2677642506488458], [0.3233352501361385, 0.2762789238216293, 0.13987540005655832, 0.26051042598567414], [0.22759598580829934, 0.3446022047555023, 0.15656339936437372, 0.2712384100718249], [0.2599453020181661, 0.3143676878736116, 0.16344079151871221, 0.26224621858951014], [0.2215469551754897, 0.27375878780136165, 0.18421983557465052, 0.3204744214484984], [0.27596127318920655, 0.32791769048272434, 0.14954341405675126, 0.2465776222713179], [0.2519150936874813, 0.2872661528831071, 0.212819216819455, 0.24799953660995688]]}, "rewritten": {"ids": ["97105760", "97105960", "97107040", "97107920", "97107950", "97112300", "97116500", "98107340", "98109570", "98111670", "98112170", "98112300", "98120010", "99105921", "99107660", "99108520", "99108580", "99109161", "99109860", "99109910", "99112641", "99117740", "99120010", "100109910", "100112060", "100116500", "101108121", "101108500", "101111310", "101111990", "101112540", "101112690", "101113210", "101116130", "101117580", "101119591", "101121640", "102108621", "102109840", "102110050", "102110750", "102110850", "102110890", "102112250", "102121440", "103113260", "103113270", "103118291", "103120290", "103120531", "104111531", "104111780", "104111830", "104111880", "104111990", "104113550", "104114320", "104116800", "104119340", "105111990", "105112100", "105113190", "105115380", "105116441", "105119550", "105120280", "105121190", "105121370", "106112770", "106114880", "106115120", "106116441", "106119990", "106121220", "107114490", "107114621", "107117010", "107117630", "107119130", "107119390", "108113480", "108113740", "108115250", "108115500", "108115970", "108116070", "108116120", "108117451", "108118060", "108118630", "108119510", "108121190", "109115211", "109116040", "109117110", "109118820", "109121410", "110113591", "110114920", "110115250", "110115580", "110115710", "110116501", "110117080", "110117110", "110118301", "110118450", "110118740", "110118880", "110118930", "111114941", "111115770", "111116290", "111116640", "111120190", "111120220", "111120531", "111121190", "111121220", "112116451", "112116850", "112117660", "112118511", "112119450", "112120270", "112120630", "112121010", "112121360", "112121430", "113117340", "113117401", "113118490", "113118870", "113119450", "113119480", "113120070", "113120540", "113121220", "113121410", "113121810", "113122170", "113122180"], "labels": [0, 2, 2, 0, 2, 2, 2, 0, 1, 1, 3, 2, 2, 1, 3, 2, 0, 3, 2, 2, 1, 2, 2, 2, 2, 2, 0, 3, 3, 2, 2, 1, 3, 2, 3, 0, 2, 3, 2, 3, 1, 3, 0, 0, 2, 3, 2, 0, 2, 3, 0, 3, 3, 3, 2, 1, 2, 1, 1, 2, 1, 3, 1, 1, 1, 3, 2, 2, 1, 0, 1, 0, 0, 1, 3, 0, 1, 0, 1, 2, 0, 3, 1, 3, 2, 1, 1, 2, 1, 1, 1, 1, 0, 0, 1, 3, 0, 0, 3, 1, 1, 2, 3, 1, 0, 1, 0, 3, 0, 1, 0, 3, 2, 0, 3, 3, 0, 1, 3, 0, 0, 0, 1, 3, 0, 3, 2, 3, 2, 2, 3, 1, 0, 3, 3, 2, 3, 3, 0, 2, 1, 2], "predicted_labels": [0, 1, 1, 0, 1, 3, 3, 1, 1, 1, 0, 3, 1, 1, 1, 1, 1, 0, 1, 3, 1, 0, 1, 3, 1, 3, 3, 3, 1, 1, 3, 3, 1, 3, 3, 3, 1, 0, 1, 3, 1, 1, 3, 0, 0, 3, 3, 3, 1, 3, 1, 3, 3, 1, 1, 3, 3, 3, 1, 3, 3, 1, 1, 3, 1, 1, 1, 1, 3, 1, 3, 1, 1, 3, 1, 3, 3, 0, 1, 1, 3, 0, 3, 1, 3, 3, 3, 3, 3, 3, 3, 1, 3, 3, 3, 3, 3, 3, 3, 3, 3, 1, 0, 3, 1, 3, 1, 3, 3, 1, 1, 3, 3, 3, 3, 3, 1, 3, 1, 0, 3, 3, 3, 3, 1, 1, 3, 3, 1, 1, 1, 3, 1, 3, 1, 1, 3, 3, 3, 3, 1, 3], "confidence_scores": [[0.2980342344408844, 0.28322447965486913, 0.15196141527449794, 0.2667798706297486], [0.2462583232713424, 0.30844291436728744, 0.16348789244129958, 0.28181086992007087], [0.2534757042957343, 0.28571865879875413, 0.19290556186633143, 0.2679000750391804], [0.31430668949249996, 0.2673355772704487, 0.13467934692016953, 0.2836783863168819], [0.2514659912003088, 0.2864012521565665, 0.18687394536422203, 0.27525881127890267], [0.2712310956646692, 0.26706024313942306, 0.16387890536486904, 0.297829755831039], [0.23168120691000876, 0.29432957338357096, 0.15656587835871547, 0.3174233413477048], [0.23295104659766339, 0.3412760547281816, 0.1656561184077004, 0.2601167802664548], [0.23785867877294287, 0.29679720055710673, 0.17081064647456676, 0.294533474195384], [0.2556387221459226, 0.3096123595608312, 0.1986236442182676, 0.23612527407497874], [0.3160939957454565, 0.2369097945877915, 0.1450308784701509, 0.3019653311966012], [0.2595608357325986, 0.27442388541806784, 0.1564285276048558, 0.3095867512444778], [0.2113730365279168, 0.31078139298227425, 0.18602228859963296, 0.291823281890176], [0.2640199729518351, 0.3042883001119996, 0.16679239876587457, 0.26489932817029066], [0.2791191812946619, 0.2873050371955469, 0.1724978776572665, 0.2610779038525247], [0.20916884138036704, 0.3482361314343529, 0.18158956003749338, 0.2610054671477865], [0.2539324645073456, 0.30577491853688643, 0.18748951182682183, 0.25280310512894605], [0.297117433758808, 0.2701788830444248, 0.15668379184292652, 0.27601989135384064], [0.23277277502664723, 0.3053070630514241, 0.18102885386503292, 0.2808913080568958], [0.24267105348159249, 0.28659365074290605, 0.1433542606089042, 0.3273810351665974], [0.2518414327240394, 0.3083301189107586, 0.17296848595234376, 0.26685996241285836], [0.28760560002073005, 0.2755251379283846, 0.18209805562276077, 0.25477120642812473], [0.24975881983308792, 0.29783879069002217, 0.1664465362647359, 0.2859558532121542], [0.24183640086393024, 0.2683804825980631, 0.15301447061567283, 0.33676864592233385], [0.2716905779288862, 0.2914395532270295, 0.14667889879296175, 0.29019097005112265], [0.2536797823828671, 0.27715848280046423, 0.18624060946299895, 0.2829211253536699], [0.28065442237624394, 0.24049616294505627, 0.16274951490040032, 0.31609989977829955], [0.23211988410110135, 0.2695471586058532, 0.19008807076608586, 0.30824488652695964], [0.2437895544273646, 0.292601316624489, 0.17439285973444743, 0.28921626921369914], [0.2630411282400828, 0.32925948490973184, 0.1586476758507468, 0.24905171099943874], [0.25264421039351603, 0.2631903923390226, 0.17852126521612954, 0.3056441320513319], [0.2763925884232241, 0.2673236388825109, 0.1469324281477721, 0.309351344546493], [0.24351544353904456, 0.3014394372354593, 0.17433818804214674, 0.2807069311833494], [0.21929637265298546, 0.2697612824174664, 0.16027185273558386, 0.3506704921939647], [0.2154307396307388, 0.2879835038645345, 0.18433489634463654, 0.31225086016009024], [0.23340178727298455, 0.3051011404339541, 0.1534277205414184, 0.30806935175164285], [0.21430301252440917, 0.3418562505730575, 0.1775058301671333, 0.26633490673540033], [0.2855223733553288, 0.27819427404639013, 0.17027117344477422, 0.26601217915350717], [0.2684187581394442, 0.31458732744180007, 0.14779381409156384, 0.26920010032719227], [0.19939285042707577, 0.28364083384919175, 0.18974549220436088, 0.32722082351937154], [0.2527011223784378, 0.3048328788858539, 0.18231587653347636, 0.26015012220223194], [0.2166981785363442, 0.34726024728726657, 0.1491227332106421, 0.28691884096574716], [0.2193463104015062, 0.27001195641148956, 0.1370388485693399, 0.3736028846176644], [0.2979480099395784, 0.2379422733021945, 0.1733365045155908, 0.2907732122426363], [0.3123403449371869, 0.27048292362314597, 0.1496324160595555, 0.267544315380112], [0.2540234433709929, 0.27118894277344935, 0.14328957943788967, 0.3314980344176683], [0.2114697519376313, 0.2889181908367058, 0.20592200840160782, 0.2936900488240549], [0.2669775263216882, 0.26355425185719755, 0.13776251929300998, 0.33170570252810444], [0.23028539254530847, 0.3249201228827952, 0.15772569479482046, 0.28706878977707595], [0.2897039990163836, 0.2585733261321244, 0.1588947132269327, 0.2928279616245593], [0.2695210777562854, 0.32398347636745933, 0.13339686933009173, 0.2730985765461635], [0.2603386655233859, 0.2818545729781623, 0.15996979149906798, 0.297836969999384], [0.19445855025074782, 0.305940389124202, 0.1345168937831047, 0.36508416684194583], [0.21856115898070988, 0.31247880663037775, 0.16563287350984243, 0.3033271608790701], [0.2309241805817627, 0.3407219193645305, 0.15865764186939918, 0.26969625818430815], [0.28158067064473746, 0.2101986506333095, 0.14947884924131624, 0.3587418294806368], [0.2164998772714116, 0.2763094073157801, 0.17301086136922852, 0.3341798540435798], [0.23032722837709751, 0.30778424727804826, 0.1202325963849913, 0.34165592795986305], [0.23292621985067918, 0.34201600580113817, 0.13007145544767063, 0.29498631890051225], [0.20562689379924293, 0.2807929755584462, 0.18309516413392093, 0.33048496650839015], [0.2676101607866703, 0.27011603907455906, 0.1704366076231995, 0.29183719251557155], [0.24502866801093734, 0.31134071618949394, 0.14392337221930823, 0.2997072435802605], [0.22369678370100898, 0.3024263333868275, 0.18106677238149843, 0.2928101105306652], [0.2450376844582809, 0.299989623255656, 0.1511655367984804, 0.3038071554875828], [0.22775957772129576, 0.3443076158134843, 0.15632647711496467, 0.27160632935025536], [0.24057798743131165, 0.28759813352546787, 0.18534954631364417, 0.2864743327295766], [0.22781813494950456, 0.365005717247414, 0.1368818186556091, 0.2702943291474725], [0.259723441901256, 0.3071070254316846, 0.16675635275872885, 0.2664131799083306], [0.2275294068719997, 0.28498123574887274, 0.17022747916387615, 0.3172618782152513], [0.25497701799155803, 0.29992548084383086, 0.15264310651801077, 0.29245439464660045], [0.22577944319682458, 0.28281478651854874, 0.16784344511067473, 0.3235623251739523], [0.27465612599631606, 0.3122599888633104, 0.15362847606387617, 0.25945540907649745], [0.254839564577758, 0.3019183433246674, 0.19898276697585868, 0.24425932512171614], [0.2205706094635307, 0.30428786597675417, 0.14885039111474987, 0.32629113344496546], [0.20402217583618765, 0.3312793737248005, 0.19737960655021433, 0.26731884388879784], [0.30329616980324914, 0.23943576775572864, 0.12348806008197805, 0.3337800023590441], [0.23697010052956183, 0.2931899764696866, 0.16932255062092222, 0.3005173723798296], [0.31137640516465137, 0.24068682641742267, 0.18498985471969054, 0.26294691369823564], [0.24428355649350672, 0.32753050184738874, 0.1680921660499029, 0.26009377560920155], [0.2312538653781068, 0.3217985920801529, 0.1525381468290964, 0.29440939571264413], [0.19933302405178085, 0.315246415134194, 0.15245288287001624, 0.33296767794400917], [0.29453599419192417, 0.26540730902516907, 0.15185827905979246, 0.28819841772311444], [0.23495068371096253, 0.2650338662532927, 0.1577595993647449, 0.34225585067099984], [0.28519360547397943, 0.3100907435839953, 0.15080876992139555, 0.25390688102063], [0.224176434085145, 0.2769794068198229, 0.16662956637134202, 0.3322145927236902], [0.2582520425878747, 0.27303247858363716, 0.18522141842913883, 0.2834940603993493], [0.2536844773539117, 0.25342401495604056, 0.1737394677306564, 0.3191520399593918], [0.2454674282479536, 0.28243364242070695, 0.15590693121407395, 0.31619199811726567], [0.24645300921324395, 0.2833319640247048, 0.17399629543832656, 0.29621873132372517], [0.23208311605948176, 0.29476893893119643, 0.16536690654133562, 0.3077810384679864], [0.266451147792476, 0.25589460197908453, 0.15110302328193895, 0.3265512269465003], [0.2138938218111643, 0.32733409249791, 0.18056601719454068, 0.2782060684963852], [0.204335681952494, 0.26491743409659163, 0.1504343956878328, 0.38031248826308184], [0.19559536878057546, 0.30389552030333045, 0.1598817851584673, 0.3406273257576269], [0.23425687456544922, 0.28565236141278577, 0.1476495310909951, 0.3324412329307701], [0.2641713804492032, 0.28536184578956897, 0.15858820003244628, 0.2918785737287817], [0.23554715303276147, 0.27572254312505096, 0.13863220240058152, 0.3500981014416061], [0.28298064645439647, 0.27143847781002484, 0.13826384957426177, 0.3073170261613173], [0.2273594326289945, 0.26896383278318897, 0.19878223775999745, 0.3048944968278192], [0.23359885082116605, 0.2646738107838457, 0.15620656155996968, 0.3455207768350189], [0.2644501242930065, 0.2779178635690807, 0.1741400895116541, 0.2834919226262588], [0.25191178343942133, 0.29440127264942134, 0.18577985775512243, 0.26790708615603476], [0.3022686030544734, 0.2751870391764981, 0.13637547193763666, 0.2861688858313923], [0.2595202445318206, 0.26440223998138895, 0.1789089744956185, 0.2971685409911719], [0.2527744028351913, 0.3093084820681123, 0.15182822296110232, 0.28608889213559435], [0.2322869328732578, 0.2778084987906187, 0.16767571875069823, 0.3222288495854255], [0.21703900240041224, 0.32191321965800307, 0.18217312412385078, 0.278874653817734], [0.27706335781008706, 0.26758160882175164, 0.16363025054341152, 0.2917247828247498], [0.2693739491727813, 0.2592290881470081, 0.13504036914415582, 0.33635659353605485], [0.1864803777482025, 0.32843870097676586, 0.1930153341655847, 0.29206558710944686], [0.25057035337599076, 0.3111466918377285, 0.14269157271466784, 0.29559138207161295], [0.2570580590092301, 0.27985729820027544, 0.15351820587313686, 0.3095664369173575], [0.2700363260101143, 0.2543351660399665, 0.16801409011520543, 0.307614417834714], [0.2404156304717656, 0.2688641788044356, 0.17060637622933925, 0.32011381449445997], [0.2744555574841103, 0.28686104282324676, 0.1473125701974688, 0.29137082949517423], [0.2892731905551945, 0.28660675592674023, 0.12989653756164463, 0.2942235159564208], [0.24366423377427193, 0.3335463066130957, 0.14730866141932142, 0.27548079819331095], [0.2760653298934902, 0.2755728406852558, 0.14648779826266156, 0.30187403115859246], [0.2521612922249448, 0.2999218733939687, 0.15693697750202015, 0.2909798568790664], [0.2887121704550409, 0.2512113421214073, 0.19558605868247803, 0.2644904287410743], [0.21166988193965, 0.265715535382921, 0.15938042534909064, 0.36323415732833836], [0.28459179112057403, 0.2846147259405144, 0.12849712927109253, 0.30229635366781915], [0.2154233149622577, 0.31661945555673204, 0.13785216877453335, 0.3301050607064772], [0.2774887586630493, 0.2659666132344987, 0.12535199407322545, 0.3311926340292266], [0.21167283358288308, 0.3387179643693989, 0.16292341960684045, 0.28668578244087783], [0.2778787218423147, 0.29414545051408614, 0.13801228571548463, 0.2899635419281148], [0.22223106165195225, 0.30419112577274376, 0.1674633154990458, 0.3061144970762582], [0.21461627543951983, 0.2652175583084233, 0.19630435684197464, 0.3238618094100824], [0.21306121776604475, 0.32729477933689977, 0.16831998468699946, 0.2913240182100562], [0.2513573910590547, 0.32339453527268813, 0.1564288110448011, 0.2688192626234562], [0.24604905337468683, 0.3081501716861301, 0.1498450754327095, 0.2959556995064737], [0.2566102578281613, 0.26603507221960004, 0.15102535311032927, 0.3263293168419093], [0.28706831883378475, 0.2886836103834729, 0.14399977230340896, 0.28024829847933364], [0.2683431786076184, 0.23361521683711411, 0.17764173376899883, 0.3203998707862688], [0.2623796991079642, 0.3167571562540293, 0.1384949104251808, 0.2823682342128258], [0.2071168696833778, 0.37327510673214076, 0.17472713328030184, 0.2448808903041798], [0.2498892125853682, 0.2431888809033742, 0.1501530013919621, 0.3567689051192955], [0.2604401292643701, 0.24430516478890257, 0.16190510670639122, 0.333349599240336], [0.22106622086771888, 0.31624603993594574, 0.13873401197019242, 0.32395372722614313], [0.24932981813363433, 0.26489428886019656, 0.19551479482187506, 0.29026109818429413], [0.26719545959530117, 0.30503410053142815, 0.1465445084585931, 0.2812259314146776], [0.2387465606414666, 0.2802216937021454, 0.15054571693941665, 0.3304860287169712]]}}