{"test": {"ids": ["103111620", "112116800", "105113480", "110118810", "97116500", "110121720", "108116120", "107114780", "111121190", "107113840", "97106591", "107119950", "99109161", "103120730", "110116501", "101108580", "105114220", "104111990", "101108500", "100120010", "103112470", "105117200", "99120010", "103111110", "98121790", "113121980", "110118111", "98117740", "97107950", "113120280", "110115580", "97116800", "110119891", "108115570", "103111830", "106119580", "97107821", "100108490", "100109980", "113119480", "104118340", "112116540", "104113240", "111120280", "105113190", "106121220", "110117110", "112116290", "103109021", "99107560", "104111711", "108115070", "97109080", "111117571", "103113170", "110114651", "109114220", "105113620", "103113640", "111120531", "97106770", "106114011", "108120260", "111118301", "108121351", "107115250", "107116501", "100111080", "102110690", "102121440", "112119500", "103111480", "105119950", "108114220", "110116170", "109117730", "105118171", "98109311", "108114670", "112119580", "98108410", "109114651", "102110850", "97116790", "113119360", "111116750", "105119550", "113119450", "113120540", "106115120", "112119950", "101109000", "110115250", "108113620", "112118581", "106120290", "97116401", "108119510", "106116850", "112119120", "108115250", "101112690", "107118120", "112120640", "99109740", "105115570", "104112201", "109118231", "107121230", "112117660", "100110260", "112116850", "105116441", "98111670", "110113931", "113119320", "103113610", "110121170", "99112300", "108116501", "112117571", "100112060", "99108580", "97112830", "104114240", "113118620", "99119830", "113118111", "110121140", "107117010", "112118820", "97113900", "107120880", "101113210", "105113210", "98109230", "105121370", "113120591", "108113740", "112117431", "110118450", "99114890"], "labels": [0, 0, 0, 1, 2, 3, 1, 2, 1, 3, 1, 3, 3, 1, 3, 0, 3, 2, 3, 0, 1, 3, 2, 3, 2, 2, 1, 2, 2, 0, 1, 0, 3, 3, 3, 3, 2, 2, 1, 3, 2, 1, 2, 0, 3, 1, 0, 0, 0, 1, 1, 1, 2, 3, 3, 3, 3, 0, 1, 0, 3, 1, 1, 3, 3, 2, 1, 0, 0, 2, 2, 0, 3, 3, 0, 3, 3, 1, 3, 3, 1, 3, 3, 2, 0, 3, 1, 3, 3, 1, 0, 1, 1, 3, 1, 2, 3, 1, 3, 1, 1, 1, 3, 0, 3, 0, 0, 1, 0, 0, 3, 0, 1, 1, 1, 1, 2, 2, 0, 0, 3, 2, 0, 2, 0, 3, 1, 1, 3, 1, 0, 2, 1, 3, 3, 1, 2, 0, 3, 0, 0, 2], "predicted_labels": [0, 3, 1, 0, 1, 0, 0, 2, 2, 1, 3, 3, 0, 1, 0, 0, 1, 0, 1, 2, 1, 1, 2, 3, 2, 1, 0, 3, 3, 0, 2, 0, 3, 2, 3, 2, 0, 1, 0, 0, 1, 1, 1, 3, 3, 0, 1, 1, 1, 0, 2, 0, 1, 0, 1, 1, 3, 1, 0, 3, 2, 0, 1, 1, 3, 2, 0, 2, 1, 3, 1, 0, 1, 1, 0, 0, 1, 2, 0, 3, 1, 0, 2, 2, 3, 3, 1, 0, 0, 0, 0, 3, 3, 0, 2, 2, 1, 2, 3, 0, 0, 2, 3, 3, 1, 3, 0, 1, 1, 3, 3, 3, 1, 3, 1, 0, 0, 3, 1, 2, 1, 2, 2, 3, 1, 1, 1, 3, 3, 2, 0, 0, 2, 3, 3, 2, 2, 0, 0, 0, 2, 1], "confidence_scores": [[0.9913098430394129, 0.0020411450769947125, 0.006626389380494491, 2.262250309783403e-05], [9.008796779209511e-08, 2.162946027102706e-05, 5.84292733833731e-07, 0.9999776961590273], [0.0013767602830115216, 0.8211893418381827, 0.16952157766376053, 0.007912320215045095], [0.5908670161766834, 0.4067849529325087, 0.0023348727469872047, 1.3158143820487427e-05], [0.0626424671399169, 0.7195911284608509, 0.01796072396079543, 0.19980568043843663], [0.39966831752914556, 0.309712186126166, 0.21471241413481, 0.07590708220987824], [0.9981451950980953, 1.4325466771253455e-05, 0.0012964368882266242, 0.0005440425469067998], [0.23519080457367397, 0.1407145294714351, 0.6203170695707237, 0.003777596384167188], [0.06450234622566883, 0.00021107260457598384, 0.519680076022166, 0.4156065051475891], [2.2350601127850657e-05, 0.9992883975386202, 0.00026293790763788166, 0.000426313952614078], [0.0006725095045402732, 0.069247041492716, 0.21190921625589879, 0.7181712327468449], [1.981957503575096e-06, 0.01487599366903774, 0.00893734655762772, 0.9761846778158311], [0.9999998519113944, 1.2114826070410348e-07, 2.66986721470534e-08, 2.416727510781962e-10], [0.09664935902262498, 0.9033442169911747, 5.284333561822463e-08, 6.371142864611397e-06], [0.5524090889713438, 0.014275734470963659, 1.9794277854062382e-06, 0.4333131971299072], [0.9724576204631646, 6.13869327959422e-07, 0.02734253763269328, 0.00019922803481407073], [0.18632262261817856, 0.7964819378585336, 8.83814279256084e-08, 0.01719535114185983], [0.9999154270172775, 8.34606784887008e-05, 1.109328783810804e-06, 2.975450058672495e-09], [3.003454873710159e-06, 0.9923333242823066, 0.00030241068446349, 0.007361261578356161], [0.005043297633957952, 0.014674893539690736, 0.9768605222934039, 0.0034212865329472054], [0.019735714680462535, 0.9790865785880949, 0.0011772582646946432, 4.484667480176592e-07], [0.0748568989362694, 0.8340486369420467, 0.001702475509447949, 0.08939198861223603], [0.027012092507933537, 0.00013189438621500927, 0.9553284963424119, 0.017527516763439555], [4.139277040472497e-05, 9.832330231131947e-06, 3.2002488309940024e-08, 0.9999487428968757], [6.528878008856014e-05, 0.11735653674488904, 0.8825628456838313, 1.5328791191119768e-05], [6.597381210156831e-08, 0.6585067839373998, 1.6594841729672806e-08, 0.3414931334939464], [0.9539162568028192, 0.04606289349574713, 1.3292807654209205e-05, 7.556893779576733e-06], [0.00010087369557829473, 0.380820198152618, 0.0035544380881822415, 0.6155244900636214], [0.012783717164986642, 0.0007846883862912556, 0.005384102021474931, 0.9810474924272471], [0.7657056764789404, 1.7891875181087122e-05, 0.010432686854621072, 0.22384374479125746], [0.15703407539639963, 0.07001936482865499, 0.5487036515521367, 0.22424290822280868], [0.9937039206446069, 0.00061137278513836, 0.005670184347840038, 1.4522222414806117e-05], [9.3852554827087e-05, 0.007088972941983037, 0.007827955665125352, 0.9849892188380646], [0.002339810968416705, 0.1167080273874236, 0.8753997987941674, 0.0055523628499922414], [0.3681864827090353, 0.00027086227693025924, 0.0016082998360969411, 0.6299343551779375], [0.016219280570013737, 0.018340022639871816, 0.947431052381348, 0.018009644408766463], [0.9119317672432472, 2.6260152228310394e-05, 0.003635839544148663, 0.08440613306037584], [0.0069896081166097215, 0.9769965280380929, 0.008226337134605058, 0.007787526710692147], [0.9974376189774076, 0.0010106440356781512, 0.00015074877236060118, 0.0014009882145534821], [0.8900596279869021, 6.522085372119764e-09, 3.368504228129927e-06, 0.10993699698678445], [0.0055400803020137, 0.9942400599713355, 1.287378696930521e-05, 0.00020698593968180153], [0.008743454529306896, 0.9887193500553361, 1.1255597830650847e-05, 0.002525939817526541], [0.006454771539468985, 0.7493124703977772, 0.2419950820068117, 0.002237676055942258], [5.49336887132688e-05, 0.0056277150143614766, 2.077297803150841e-05, 0.9942965783188936], [0.03785344771821401, 2.0948478404464483e-06, 0.00030793902934928154, 0.9618365184045963], [0.9596830199603749, 0.0013711040843732846, 0.01908807282857548, 0.01985780312667616], [1.6407106045565237e-07, 0.9476440211872215, 0.05235065309450126, 5.161647216872663e-06], [0.007279980444493468, 0.9925666458334845, 3.75397194139416e-07, 0.00015299832482779005], [0.25273702556039446, 0.7031127907450078, 3.965115489331758e-05, 0.044110532539704275], [0.9987247388309299, 0.0006791537309832548, 2.5659249568209767e-08, 0.0005960817788371466], [0.006850097177304434, 0.36392547763050187, 0.3782398627312349, 0.2509845624609588], [0.9962600727145312, 0.0033665157349936446, 0.0003184728887900482, 5.4938661685085265e-05], [4.3900194457905685e-06, 0.9856299723047441, 0.0004409111983967776, 0.01392472647741337], [0.8935157244563111, 0.10634246077584926, 2.4717298537544092e-05, 0.00011709746930216334], [0.0050027257405175765, 0.9899082542672728, 0.0003248619310911325, 0.004764158061118612], [0.0031262234361588343, 0.7888345843203183, 0.0004150621988897685, 0.20762413004463315], [0.19700107615703494, 0.18234975664034725, 0.0601399045434595, 0.5605092626591583], [0.11502684044293676, 0.8841534626618435, 0.0008194342890121773, 2.626062076212176e-07], [0.9999854468462442, 2.0185670872042143e-06, 2.5576684343877975e-07, 1.2278819825243052e-05], [5.6650766690430755e-05, 0.00048223743412574853, 1.1807841180901226e-05, 0.9994493039580028], [0.006494299656126234, 0.007180627737666917, 0.9749386851316582, 0.011386387474548619], [0.5231582767228362, 0.4759352265159664, 5.1364688455160066e-05, 0.0008551320727421688], [0.02920450237281742, 0.5672495431152613, 0.029129624281117223, 0.374416330230804], [0.00031144194900773056, 0.9024483099822893, 0.00015736693466840827, 0.0970828811340344], [5.834728233102178e-07, 9.074270250890506e-05, 2.4649510810641517e-05, 0.9998840243138573], [0.0006775937050065859, 0.0010374310702441166, 0.9959778318202902, 0.002307143404458992], [0.9865188101454763, 0.013253452133736862, 1.6625016656109642e-06, 0.00022607521912122405], [0.016080153907404644, 0.004611795371031915, 0.9767578984861194, 0.0025501522354440553], [0.06135625542468269, 0.9382535740605416, 3.752289724806719e-08, 0.00039013299187859517], [4.650343041262405e-05, 0.39389119222464847, 0.001851920444634054, 0.604210383900305], [3.356038760304578e-05, 0.775528590655468, 0.22413499754903388, 0.0003028514078952294], [0.7248405004222003, 0.27059386586077105, 0.0008772366174718249, 0.003688397099556972], [0.001328064631011452, 0.9986702641198703, 1.3636011256421631e-06, 3.07647992842984e-07], [9.900651935953469e-09, 0.9987783200882107, 0.0012216506216586169, 1.938947871908349e-08], [0.9997285721603124, 2.8699663908000814e-06, 0.0002547080819360444, 1.3849791360688324e-05], [0.9996540529243871, 2.083739608450558e-06, 0.00031487626055578925, 2.8987075448509574e-05], [6.42564632130592e-06, 0.9747382805252524, 3.185904879441945e-08, 0.025255261969377496], [0.00698936392383442, 0.004381375690540284, 0.7689159980330409, 0.21971326235258448], [0.993068720316027, 0.006922074411219161, 8.65114341109518e-06, 5.541293428234059e-07], [0.013775898380930962, 0.10748072695346532, 0.2888753821415504, 0.5898679925240533], [0.07917103691152973, 0.9202881702287427, 2.320201582968698e-07, 0.000540560839569298], [0.8698298154266763, 0.0880101129659277, 0.00027508087280017136, 0.041884990734595784], [0.0016191645900628813, 0.2562680061053593, 0.7416244057579733, 0.000488423546604459], [0.0005065850475370035, 9.575810270585288e-06, 0.9989630334629751, 0.0005208056792172072], [0.010467953993771317, 0.002610859277315183, 2.4220008787969486e-05, 0.9868969667201255], [0.24310398495361424, 0.000446562144099302, 0.034713273361877066, 0.7217361795404093], [0.012562765748071586, 0.7944575716432815, 0.0016958746419286203, 0.19128378796671838], [0.9968961938290963, 0.0001705633910491437, 0.00023270283659847005, 0.002700539943255855], [0.9999747890633204, 1.0492107429656085e-06, 8.474250609374748e-08, 2.4076983430650243e-05], [0.6310304021464757, 0.3685826416308493, 7.48698530502812e-08, 0.0003868813528219872], [0.9999980209347162, 5.344641589965274e-07, 1.802947917348364e-07, 1.2643063329389708e-06], [0.0006095775810833511, 0.0033976374836648736, 0.3003297271951997, 0.695663057740052], [0.0108998315899247, 0.04381131408848057, 6.300556826421786e-05, 0.9452258487533305], [0.6629964422980833, 0.3279405919411156, 0.00018311442334735184, 0.008879851337453963], [2.451173101601052e-06, 2.7201578614999856e-05, 0.6868134897857845, 0.31315685746249905], [5.60781139375537e-06, 0.0791291710060625, 0.9208514980892, 1.3723093343809105e-05], [1.257731796841385e-05, 0.9639297168576084, 0.0012802621122696629, 0.03477744371215359], [0.03883561682007693, 0.003634838238522806, 0.9575184477679317, 1.109717346840765e-05], [0.3949924707385989, 6.5469314598524716e-06, 0.03370030487332049, 0.5713006774566207], [0.871110957833561, 8.387978309021667e-05, 0.10465530999940544, 0.024149852383943352], [0.8936816652129564, 0.004863637936443187, 0.08668909428162697, 0.014765602568973281], [0.0029509667685393066, 0.052626712698658436, 0.9378176016973885, 0.006604718835413707], [0.0015623325946420164, 0.03563209756166655, 0.002987875468473404, 0.959817694375218], [0.0020725975803775974, 0.14211543177093142, 0.3540917342210442, 0.5017202364276468], [0.003925035753142795, 0.9554010519290225, 0.039940597645740115, 0.0007333146720946704], [0.001403869459545078, 0.07307785328716933, 0.0920707423872211, 0.8334475348660646], [0.9988393628542528, 0.00020897632276752442, 0.00032087769894272755, 0.0006307831240369835], [0.00012942116189387117, 0.9983801259517804, 1.660082295746836e-06, 0.001488792804030138], [0.0008168297989707413, 0.9991018519393943, 1.1019042487082091e-07, 8.120807121003648e-05], [0.0019545694172718223, 0.0058691423547281305, 0.00021330500190969252, 0.9919629832260903], [0.014149529456646846, 0.1653867783091992, 0.019866582151564793, 0.800597110082589], [5.459126842473385e-06, 1.1789166294826967e-05, 1.4984452615274603e-09, 0.9999827502084173], [5.077330555968758e-06, 0.9912932115838656, 1.282106524342075e-07, 0.00870158287492605], [1.9244444605665568e-05, 3.8026192983618985e-05, 0.00018868155744166976, 0.999754047804969], [0.0008921364991039313, 0.9298372556706995, 6.962368594849233e-07, 0.06926991159333716], [0.9999916489066492, 1.1187634952027162e-06, 6.606970191005891e-10, 7.2316691585257905e-06], [0.9930694285429449, 0.00645431634682357, 9.452690628976931e-05, 0.0003817282039418186], [5.499821441301411e-07, 0.05607759965474603, 0.00021104997917078123, 0.9437108003839391], [0.0006015460046658707, 0.8444278829686811, 0.15335728714413072, 0.001613283882522152], [0.23526770442248354, 0.10725023639336963, 0.37993303664643385, 0.277549022537713], [0.0001574230107266818, 0.9694460178372795, 1.6879947480511745e-05, 0.030379679204513434], [0.02393006461739133, 0.00010712613448453666, 0.9757107622320393, 0.0002520470160847418], [0.03744815293768898, 0.044843113968283776, 0.9153025206632208, 0.0024062124308063693], [0.01783326395413344, 0.0058070605201984765, 0.25209600566778195, 0.7242636698578863], [2.56073703651039e-05, 0.9998841418387006, 7.62813071061724e-05, 1.3969483828113993e-05], [4.299567330683128e-05, 0.999956950708931, 1.9435945492481415e-08, 3.418181682102547e-08], [0.00012184440136319407, 0.9892073681214707, 0.007270101055215422, 0.0034006864219505617], [0.0019254158651689274, 9.488783090843855e-05, 9.381444982525723e-06, 0.99797031485894], [0.00017451260459375056, 0.005036227096458391, 0.0008485497257447764, 0.9939407105732031], [1.2680504113642598e-05, 0.18883698324384746, 0.807558155149971, 0.003592181102067883], [0.9906534767948969, 1.0821924581731975e-05, 2.1530534729604458e-08, 0.009335679749986942], [0.9981743050654158, 0.001506827294816386, 0.00031835759827223044, 5.100414957242341e-07], [0.00022364907527668847, 0.00277316400402228, 0.9745696243118696, 0.022433562608831368], [0.05597425157499255, 3.022352524114475e-06, 0.0100425044689689, 0.9339802216035145], [1.2755314127934631e-05, 5.115947876328485e-06, 6.696436651190789e-08, 0.9999820617736292], [0.0001621502160397733, 3.09858620555029e-05, 0.9998067211144424, 1.4280746231906807e-07], [0.000634243650372268, 0.006073628588420642, 0.9911842826535893, 0.0021078451076178514], [0.9843490179690016, 1.2938862248264712e-06, 5.658912584821726e-08, 0.015649631555647556], [0.7508282596874276, 0.13508224410520017, 0.10218302667278226, 0.01190646953458994], [0.8902725094845777, 0.0007851630225586778, 0.00014532299825865125, 0.10879700449460489], [2.8432429170368433e-06, 0.005950517593521959, 0.9940161619456704, 3.047721789051257e-05], [4.715821100793176e-09, 0.9997932162450425, 5.447435260923121e-05, 0.00015230468652696096]]}, "rewritten": {"ids": ["97106591", "97106770", "97107821", "97107950", "97109080", "97112830", "97113900", "97116401", "97116500", "97116790", "97116800", "98108410", "98109230", "98109311", "98111670", "98117740", "98121790", "99107560", "99108580", "99109161", "99109740", "99112300", "99114890", "99119830", "99120010", "100108490", "100109980", "100110260", "100111080", "100112060", "100120010", "101108500", "101108580", "101109000", "101112690", "101113210", "102110690", "102110850", "102121440", "103109021", "103111110", "103111480", "103111620", "103111830", "103112470", "103113170", "103113610", "103113640", "103120730", "104111711", "104111990", "104112201", "104113240", "104114240", "104118340", "105113190", "105113210", "105113480", "105113620", "105114220", "105115570", "105116441", "105117200", "105118171", "105119550", "105119950", "105121370", "106114011", "106115120", "106116850", "106119580", "106120290", "106121220", "107113840", "107114780", "107115250", "107116501", "107117010", "107118120", "107119950", "107120880", "107121230", "108113620", "108113740", "108114220", "108114670", "108115070", "108115250", "108115570", "108116120", "108116501", "108119510", "108120260", "108121351", "109114220", "109114651", "109117730", "109118231", "110113931", "110114651", "110115250", "110115580", "110116170", "110116501", "110117110", "110118111", "110118450", "110118810", "110119891", "110121140", "110121170", "110121720", "111116750", "111117571", "111118301", "111120280", "111120531", "111121190", "112116290", "112116540", "112116800", "112116850", "112117431", "112117571", "112117660", "112118581", "112118820", "112119120", "112119500", "112119580", "112119950", "112120640", "113118111", "113118620", "113119320", "113119360", "113119450", "113119480", "113120280", "113120540", "113120591", "113121980"], "labels": [1, 3, 2, 2, 2, 2, 2, 3, 2, 2, 0, 1, 1, 1, 1, 2, 2, 1, 0, 3, 3, 0, 2, 1, 2, 2, 1, 3, 0, 2, 0, 3, 0, 1, 1, 3, 0, 3, 2, 0, 3, 0, 0, 3, 1, 3, 2, 1, 1, 1, 2, 0, 2, 0, 2, 3, 3, 0, 0, 3, 0, 1, 3, 3, 1, 3, 2, 1, 1, 3, 3, 2, 1, 3, 2, 2, 1, 1, 3, 3, 1, 0, 3, 3, 3, 3, 1, 1, 3, 1, 0, 1, 1, 3, 3, 3, 3, 1, 1, 3, 1, 1, 0, 3, 0, 1, 0, 1, 3, 3, 2, 3, 3, 3, 3, 0, 0, 1, 0, 1, 0, 0, 0, 3, 0, 1, 0, 1, 2, 3, 0, 0, 1, 3, 1, 0, 3, 3, 0, 3, 0, 2], "predicted_labels": [3, 2, 0, 3, 1, 2, 0, 1, 1, 2, 0, 1, 2, 2, 3, 2, 2, 0, 2, 0, 2, 1, 1, 1, 0, 1, 0, 3, 2, 2, 1, 1, 0, 2, 1, 0, 1, 2, 1, 1, 3, 1, 2, 3, 0, 1, 0, 0, 1, 2, 0, 0, 1, 1, 0, 3, 3, 3, 1, 1, 2, 1, 1, 1, 1, 1, 2, 1, 1, 0, 2, 2, 2, 1, 2, 2, 0, 2, 0, 3, 2, 1, 1, 0, 1, 0, 0, 2, 2, 0, 2, 2, 1, 3, 1, 0, 0, 1, 1, 1, 0, 2, 0, 1, 2, 1, 2, 1, 1, 2, 2, 1, 3, 0, 1, 3, 3, 3, 0, 1, 3, 3, 0, 1, 3, 2, 3, 0, 2, 2, 0, 2, 3, 1, 0, 3, 0, 0, 3, 0, 3, 1], "confidence_scores": [[2.196559294690713e-05, 0.0010489661262641208, 0.016401627608720708, 0.9825274406720682], [0.0052351051576436285, 0.06042277825753766, 0.9024773101553454, 0.03186480642947334], [0.9979643525952551, 5.31497714350779e-06, 0.0013645411040453545, 0.0006657913235563088], [0.0006906815518668657, 0.016036072064164558, 0.0004637198506563808, 0.9828095265333122], [1.0114213356634755e-05, 0.5856959455367897, 0.31717911557591444, 0.09711482467393924], [0.00017347833879585866, 0.008747582870935633, 0.7527616596198444, 0.2383172791704241], [0.9998393714281452, 1.4790537800252117e-05, 0.00014569991999981757, 1.381140547488513e-07], [4.407919082998971e-06, 0.9589945375811914, 0.0011062310136334995, 0.03989482348609224], [0.0029722025304100125, 0.9903860961874398, 0.00029515764587357705, 0.006346543636276769], [0.004558319291979359, 0.20595911322887178, 0.7746461497498882, 0.014836417729260558], [0.9995950161988949, 0.0004043121072854959, 4.82482757384548e-07, 1.8921106210867618e-07], [1.8723888526472697e-05, 0.9992053834577554, 3.9167346047064825e-10, 0.0007758922620445223], [7.577375432375799e-07, 2.775583356415999e-07, 0.9999989641063348, 5.977863442164418e-10], [0.00028432079782591136, 0.008049820247802084, 0.9246893863234303, 0.0669764726309416], [0.003600573827171037, 0.004283833128337718, 0.11505611586807325, 0.8770594771764179], [6.635602676385046e-06, 0.11609417661664834, 0.8504404055375997, 0.03345878224307566], [9.223491446245182e-05, 0.25384321109012237, 0.7460235640336705, 4.098996174466645e-05], [0.9971887837114808, 0.0012416367500361811, 4.5783300859923687e-07, 0.0015691217054743902], [0.0015049318307170543, 0.06858189833943282, 0.9297579061429678, 0.00015526368688243493], [0.9999755122549321, 2.4438084241869498e-05, 4.323216311457592e-08, 6.428662720013206e-09], [0.004262471038721848, 0.07205432886912148, 0.8068667267365228, 0.11681647335563386], [0.0009210804256803886, 0.9946951663736627, 0.0037579080220356007, 0.0006258451786214321], [1.7615105928691764e-08, 0.9981644871144008, 0.0018103149747426706, 2.5180295750587133e-05], [0.00036287407949430524, 0.9335894680123555, 0.0587500688944202, 0.007297589013730081], [0.6266587466743367, 0.00022873650366930632, 0.35855366436506525, 0.014558852456928763], [0.00404835251431267, 0.7604414698551023, 0.23414639509371996, 0.0013637825368650856], [0.9978229382006123, 1.3380248858712438e-05, 0.0020946878747685927, 6.899367576043721e-05], [0.003814537373540042, 0.03548344538052931, 0.0024875539786339347, 0.9582144632672968], [2.6516660806572586e-05, 6.791027061058736e-05, 0.999858968486944, 4.660458163885393e-05], [0.03732895290526973, 0.0002612966211495191, 0.9608103381528682, 0.001599412320712602], [0.0016701706556037704, 0.9446497586533226, 0.0530945368034954, 0.0005855338875782283], [2.4950819255205932e-06, 0.9878220038083946, 0.0004823774386411168, 0.011693123671038716], [0.9806525102324276, 2.3165424745664184e-05, 0.019297888021294462, 2.6436321532046514e-05], [0.0005793149103975415, 0.001099359057120433, 0.7938241756896893, 0.2044971503427927], [6.430988753965377e-05, 0.9815288205022236, 0.016724467327195423, 0.0016824022830413332], [0.588334320473134, 6.7618319340872344e-06, 0.016052444976716748, 0.39560647271821514], [0.0006274438540880063, 0.9980579561701377, 6.463546719155203e-07, 0.0013139536211024914], [0.020882437226625965, 0.1006340363510372, 0.8778199259133841, 0.0006636005089526553], [3.848532498234066e-06, 0.577524859679115, 0.0029836001759244615, 0.4194876916124624], [0.014000807681901435, 0.9787456430619219, 1.4928521680366459e-05, 0.00723862073449627], [0.00010235915334755385, 0.0029983672863972844, 0.0006437663491946731, 0.9962555072110604], [0.21697779107728174, 0.7672843707281611, 0.01571322260025768, 2.4615594299583663e-05], [0.3031006392211941, 0.008026186034031433, 0.6888303486430126, 4.2826101761693906e-05], [0.1551051254379136, 0.0016400518953473425, 0.008090848193388006, 0.835163974473351], [0.5727134829541919, 0.4164883427161113, 0.010793592490505892, 4.581839190993071e-06], [0.0008495575648167045, 0.996428102890311, 0.0015660778346412371, 0.0011562617102310465], [0.9925475315686907, 0.006675594353065325, 5.2004466861623524e-05, 0.0007248696113822698], [0.9999999149839477, 1.2435427208872456e-08, 6.886628089489159e-09, 6.56939971953755e-08], [0.014368216944417495, 0.9856280927768654, 4.520335720199146e-07, 3.2382451452219217e-06], [2.164164433274848e-06, 0.00011419999735620593, 0.9959181434147335, 0.003965492423477071], [0.9999529546097556, 4.1910328700944695e-05, 5.128620291911063e-06, 6.441251403177775e-09], [0.9978150107967213, 0.00045617361990629447, 0.0005951877596906947, 0.0011336278236817124], [0.0018954774592597283, 0.5692286686914778, 0.42872806154602444, 0.00014779230323809715], [1.6244931073982476e-05, 0.9999414739946201, 4.391141680018037e-06, 3.78899326257924e-05], [0.5197223814427538, 0.4763723141506559, 0.0034999425071695384, 0.00040536189942059564], [0.011410098361476243, 3.7085749921819225e-05, 0.007557819536077847, 0.9809949963525242], [4.8239317032607134e-05, 0.005085775538733247, 2.113697401186427e-06, 0.9948638714468331], [0.07156344877356159, 0.2965558091940078, 0.013157284610186093, 0.6187234574222445], [0.0011271796407249185, 0.9986981046017581, 0.00017471330097989062, 2.4565372191458127e-09], [0.015983624725075578, 0.9557362290647731, 6.03616339812645e-07, 0.02827954259381148], [0.024926082742839882, 0.05360161168360403, 0.7420173848608071, 0.179454920712749], [6.7547284541079035e-06, 0.9988592304640987, 6.592101348996434e-06, 0.0011274227060983596], [0.003071477104085894, 0.9756625309269009, 0.008029920003951018, 0.013236071965062128], [4.6983653209233e-07, 0.9678278660068805, 1.613048550887497e-06, 0.032170051108036446], [5.505410843197274e-07, 0.9996956380227152, 6.259085417499322e-06, 0.00029755235078275736], [8.465874503518632e-05, 0.9998877480846124, 7.810293459460554e-09, 2.7585360058782842e-05], [0.0013126069326232226, 0.01344432146765237, 0.9850570977295734, 0.0001859738701509308], [0.22318526854646006, 0.7766794819341473, 4.706614144372675e-05, 8.818337794905348e-05], [0.2822450924434472, 0.7172395217166809, 1.839030013040759e-06, 0.0005135468098588387], [0.5516538467488438, 0.00038568450098609, 0.31402652589324975, 0.13393394285692045], [0.00019464601844055657, 0.03431458340759096, 0.9598649921651906, 0.005625778408777905], [1.765693546920418e-06, 0.06485923638698143, 0.9351382870834216, 7.10836049963418e-07], [0.20210205355132546, 0.0016077296930333287, 0.4370709164654716, 0.3592193002901697], [0.0006209015863835446, 0.9816034285182924, 0.012108609382891657, 0.005667060512432296], [0.03389064326720997, 0.09290369359183552, 0.8723151013934621, 0.0008905617474924047], [7.56076385505054e-05, 0.00035788609099776805, 0.9995520908211835, 1.4415449268364209e-05], [0.9903599200516795, 0.009245630013460222, 1.0648126130915529e-05, 0.0003838018087291804], [1.0615028256693383e-08, 0.005490708760320543, 0.9944997910866902, 9.489537961082612e-06], [0.7172224160713002, 0.0453351384483411, 0.0012812029411431141, 0.23616124253921567], [3.563080151074101e-08, 0.011476089285750793, 0.009301513200366825, 0.979222361883081], [3.228141449082717e-06, 5.8282436242018134e-06, 0.9959115853593419, 0.0040793582555848345], [1.8722953543011835e-06, 0.9999964536518187, 6.632366324456539e-07, 1.010816194405011e-06], [0.10267371798946981, 0.712854204527233, 0.13039730316958373, 0.0540747743137134], [0.6816918074260752, 0.0026040476103177082, 0.2898784648284193, 0.025825680135187764], [6.581612518472522e-05, 0.7392047946803894, 0.26072938641337534, 2.781050675940505e-09], [0.7664975869573812, 0.227020497015664, 0.0064795091722258495, 2.4068547289885614e-06], [0.9700686456839349, 0.02800363589051147, 0.001460286811358576, 0.0004674316141949705], [0.06399067869715995, 0.011051568430414683, 0.8815326864208773, 0.043425066451548026], [5.588752589603158e-05, 0.1197426704944995, 0.8706117424274791, 0.00958969955212546], [0.5610457738477084, 0.0012966737172813354, 0.42810682842144826, 0.009550724013562092], [0.19096168803656627, 0.000416079065765055, 0.8082052373658467, 0.0004169955318220647], [0.0008077306551369207, 0.00014151761945638668, 0.9990484197807821, 2.331944624650638e-06], [0.00047015174635825675, 0.497072929008033, 0.015652694841701103, 0.4868042244039075], [3.9917212408994603e-07, 5.382487742308682e-07, 1.9117067651180772e-07, 0.9999988714084252], [0.025782883663631132, 0.9735139297400377, 0.0006732854001773545, 2.990119615390136e-05], [0.9070011435498005, 0.08785384397089299, 0.00013881773543038096, 0.005006194743876164], [0.9984170717987138, 2.5754690178274325e-06, 0.001575232886417341, 5.1198458511759475e-06], [0.0011144919481400053, 0.9979890646276934, 5.478034024682405e-07, 0.0008958956207642327], [2.562375361966844e-05, 0.8390368573329017, 4.58862594684343e-06, 0.16093293028753167], [7.845501443456752e-05, 0.6939311673878837, 0.0004211231413680479, 0.3055692544563136], [0.5097885270266377, 0.488021278107509, 0.0015536290261477443, 0.000636565839705587], [0.000666669403988143, 0.19530660882139664, 0.8039388409764131, 8.788079820229826e-05], [0.9999219600150921, 4.763468597138148e-07, 4.912135244200415e-05, 2.844228560636248e-05], [0.04502696813152192, 0.7103077033764341, 1.0821400365350033e-05, 0.24465450709167863], [1.3008488094650403e-07, 0.009717945402920244, 0.9902816180303106, 3.0648188829067544e-07], [0.0907352720155125, 0.9042581389285164, 0.0022740439149700536, 0.0027325451410011078], [1.7358157943828574e-07, 0.0011200924702238024, 0.998877249803134, 2.484145062909145e-06], [0.36567372935071085, 0.5796216490470446, 0.03846434181612414, 0.016240279786120276], [4.5003809390968605e-05, 0.9694444161524906, 0.00012397945708093246, 0.030386600581037544], [4.5785081038664646e-05, 0.057472719376898164, 0.9162669783575844, 0.02621451718447879], [0.001153155656139588, 0.0022549815805856673, 0.9957750952796075, 0.0008167674836672838], [3.509912231298952e-05, 0.9587300107953179, 0.04119795812155804, 3.693196081103117e-05], [0.006485091240483774, 1.6647797462923775e-05, 0.0011331789062303979, 0.992365082055823], [0.8574288632004329, 0.14245635849382968, 4.670591911296414e-05, 6.807238662448591e-05], [0.00028170358148614093, 0.882662893864103, 0.0012537850670766102, 0.11580161748733432], [7.979307445297696e-06, 6.017171217025518e-05, 3.721643298266867e-05, 0.9998946325474017], [0.0005266190076257099, 0.1680590753723617, 0.005295512341037751, 0.8261187932789749], [0.0004784945939413662, 1.1506770851975688e-06, 0.00028512206516032463, 0.999235232663813], [0.797697789061314, 0.1979126480813702, 0.0005784433717620476, 0.003811119485553641], [0.001125273082706902, 0.9963492400344784, 0.0010282711309441688, 0.0014972157518703788], [1.3592904991043778e-07, 5.469575673952127e-05, 1.4879076251708876e-06, 0.9999436804065853], [3.227835160195941e-05, 0.012032026602444615, 2.6802451301541096e-05, 0.987908892594652], [0.8621847804112761, 0.13724666319982254, 9.017604793715829e-06, 0.0005595387841077726], [1.3741167274195969e-05, 0.9552399178437959, 6.787365498846286e-07, 0.04474566225238016], [0.0021672572823276683, 0.04539493683360788, 0.001848701502940585, 0.9505891043811239], [0.002300328118171715, 2.5829968458710578e-05, 0.6244425355939843, 0.3732313063193852], [0.001052548256936645, 6.698490959033698e-05, 2.5227083269330724e-06, 0.998877944125146], [0.5805941103494199, 0.026137415883853, 0.3912342086039655, 0.0020342651627615763], [2.24202372118601e-06, 0.012194224277220746, 0.9877893343012109, 1.4199397847279683e-05], [0.0009620513585255846, 0.03803850171545737, 0.9444462410462008, 0.016553205879816207], [0.9999987750653371, 4.6466744898193975e-09, 1.0275990114429798e-06, 1.9268897710637866e-07], [0.00029231812140260337, 0.16509775763103698, 0.6279581678182877, 0.2066517564292726], [5.039066399757635e-05, 0.0002540472035958869, 1.2491944895037583e-05, 0.9996830701875116], [1.2858975049578112e-05, 0.9999867685883672, 3.556245770587569e-07, 1.681200629026274e-08], [0.9999798916596099, 1.5056986348429216e-07, 6.192668241160665e-10, 1.9957151259836832e-05], [0.0100749694622625, 0.0312830302804265, 0.0001564860639788635, 0.958485514193332], [0.7756503947995832, 0.06597173841778059, 0.14712590269490236, 0.01125196408773392], [0.9071307347242352, 1.591697901289064e-10, 5.254661573028982e-06, 0.09286401045502181], [0.10677435240089442, 2.388685913382171e-05, 0.025077674431350776, 0.8681240863086209], [0.9996365693102885, 0.00019736034723155833, 0.00010161914011655596, 6.445120236308767e-05], [0.000621103159722491, 8.516903839048942e-05, 3.228087854609488e-07, 0.9992934049931015], [2.9447158513650768e-08, 0.9937610425395725, 2.155826239765221e-08, 0.006238906455006613]]}}