{"test": {"ids": ["113117401", "112118860", "110121450", "112116501", "102110690", "103111620", "100108990", "104111780", "103110100", "111115770", "111120540", "104119340", "110117110", "107114490", "112121430", "112118880", "101109000", "106116850", "110118930", "113121980", "110118810", "109114220", "106116370", "110117080", "100111620", "105113440", "106115240", "107119950", "112116880", "113118490", "104111880", "100109890", "110114610", "112121351", "107119130", "111114171", "112120640", "97118210", "113119950", "103111170", "110121140", "105115380", "112118530", "97114170", "110114950", "104116441", "106118520", "111118910", "100111390", "97105960", "113121750", "104111531", "112117571", "112117461", "104111711", "108121351", "113121950", "110119891", "111120640", "97106600", "99108460", "111120591", "107114200", "99109740", "101119591", "105119550", "97107260", "112119950", "109115220", "105113620", "112119120", "110118880", "102118380", "106113360", "105116980", "113122220", "102117351", "111119290", "113121410", "101111990", "99111620", "100116790", "101116130", "103113170", "99107500", "111118820", "98117740", "97112290", "111116040", "112117660", "106119260", "107113360", "111119300", "112120540", "99107640", "110120190", "99112531", "109114030", "99112840", "110117140", "99110050", "101108621", "107114280", "105116650", "109119010", "113120280", "110118630", "111117480", "111117200", "108113740", "108118060", "110116501", "108114670", "97116500", "112119320", "101112201", "105113330", "109116441", "112120290", "102110750", "98107340", "97106820", "112116540", "104114410", "109113591", "101109370", "109116170", "102113210", "101121640", "100113210", "105118740", "110114651", "107112840", "99117630", "113119450", "113119700", "100111270", "113122120", "105112130", "106119990", "113121810", "111115910"], "labels": [3, 3, 3, 3, 0, 0, 2, 3, 1, 3, 1, 1, 0, 3, 2, 1, 1, 3, 1, 2, 1, 3, 2, 1, 3, 0, 1, 3, 0, 1, 3, 3, 1, 0, 1, 3, 0, 2, 0, 2, 3, 1, 1, 2, 0, 1, 2, 0, 2, 2, 0, 0, 3, 0, 1, 3, 3, 3, 0, 3, 0, 1, 2, 3, 0, 1, 2, 0, 3, 0, 1, 0, 1, 0, 0, 1, 1, 3, 0, 2, 3, 2, 2, 3, 0, 0, 2, 1, 0, 0, 1, 0, 1, 3, 1, 3, 3, 1, 2, 3, 3, 0, 3, 1, 3, 0, 1, 1, 0, 3, 1, 3, 3, 2, 1, 0, 3, 3, 1, 1, 0, 1, 1, 1, 3, 1, 0, 3, 2, 0, 1, 3, 1, 3, 3, 0, 2, 1, 1, 0, 2, 2], "predicted_labels": [1, 3, 3, 3, 0, 1, 3, 1, 3, 3, 1, 1, 2, 3, 1, 3, 3, 0, 3, 3, 3, 0, 0, 1, 2, 0, 0, 1, 1, 3, 3, 1, 1, 0, 3, 3, 1, 2, 0, 2, 0, 1, 1, 3, 0, 1, 0, 3, 1, 3, 1, 3, 3, 3, 2, 3, 1, 3, 1, 2, 3, 3, 0, 1, 0, 0, 2, 0, 1, 1, 3, 1, 2, 1, 0, 3, 3, 3, 3, 3, 1, 1, 3, 1, 1, 0, 3, 1, 3, 3, 0, 0, 3, 0, 3, 3, 0, 3, 3, 1, 3, 1, 1, 2, 1, 0, 0, 3, 3, 0, 0, 3, 1, 2, 2, 1, 0, 0, 2, 2, 3, 0, 3, 3, 1, 2, 3, 3, 1, 0, 3, 1, 2, 0, 0, 1, 2, 1, 1, 3, 2, 3], "confidence_scores": [[0.14418895352850233, 0.5090912305278056, 0.17436394358925378, 0.17235587235443808], [0.07793686685857742, 0.25880515971120965, 0.3207223120753633, 0.3425356613548497], [0.3616516945917525, 0.11706016428878636, 0.03781403058267475, 0.48347411053678613], [0.03465506082456166, 0.2716710581486445, 0.06236641448357687, 0.6313074665432168], [0.43326451669362037, 0.3461802034128774, 0.004371648089334701, 0.21618363180416733], [0.09347441919456989, 0.5634851691644098, 0.330418691982505, 0.012621719658515638], [0.06978182038031859, 0.2118793849909489, 0.2596955590546905, 0.45864323557404185], [0.1156470680135285, 0.7151792099403123, 0.0291911763703532, 0.13998254567580626], [0.5292139828437429, 0.03495596146947033, 0.015517795294701202, 0.4203122603920855], [0.21724084237132935, 0.23848665225156773, 0.16354476724739767, 0.3807277381297054], [0.109718296923159, 0.6479137570917571, 0.12470424613830182, 0.1176636998467816], [0.30571156687961876, 0.41459817421091266, 0.007562893412557274, 0.2721273654969112], [0.029262726846404963, 0.2247274613550096, 0.6940851456556987, 0.05192466614288658], [0.04775068662138746, 0.30390288480215066, 0.014331205762738811, 0.6340152228137228], [0.40007757932006444, 0.40743378481244996, 0.019471303965863475, 0.17301733190162227], [0.1333218927837724, 0.09912885230295923, 0.2043731178650292, 0.5631761370482393], [0.009341292400328037, 0.12857382044687146, 0.29410502103707636, 0.5679798661157245], [0.5176896707217205, 0.24436571387623, 0.11981616883202448, 0.11812844657002514], [0.15101431878129293, 0.25015269637679083, 0.02378828432446622, 0.57504470051745], [0.03242487605734348, 0.48015311202019256, 0.03873047061503446, 0.44869154130742944], [0.1439725417077946, 0.09488379604919601, 0.25173282755503495, 0.5094108346879744], [0.3996059165255398, 0.2398354299130969, 0.1573313995034873, 0.20322725405787614], [0.5059571722886053, 0.053804513100164444, 0.08852874893313609, 0.3517095656780944], [0.040888564694504685, 0.5936704327147913, 0.09582040773812117, 0.26962059485258294], [0.11541463398850428, 0.24387107170150968, 0.6289688833389825, 0.011745410971003437], [0.3829426269126383, 0.1470559430583332, 0.3120332379671483, 0.1579681920618799], [0.6704087639770965, 0.17871336930652543, 0.11033051168957465, 0.04054735502680346], [0.03765903426257056, 0.4968904540697905, 0.07594455719692277, 0.38950595447071623], [0.21671435228586153, 0.4962561683426641, 0.15676137331955675, 0.13026810605191752], [0.2875905590422324, 0.13600584938435162, 0.039283449645267254, 0.5371201419281487], [0.03863922864083782, 0.06992376479980303, 0.11304717782550049, 0.7783898287338585], [0.08075919759928842, 0.696430225688311, 0.12184106939992134, 0.1009695073124792], [0.13791334361597118, 0.4376496660938714, 0.40489142137928014, 0.019545568910877605], [0.6701564422775637, 0.036653109803983085, 0.0034994432810577444, 0.2896910046373953], [0.1261634821206025, 0.21684185934197722, 0.013063646813104837, 0.6439310117243157], [0.4979084678047469, 0.053934350392222295, 0.0009571025550343961, 0.44720007924799643], [0.07072556446904461, 0.29191755404490183, 0.44704485525647075, 0.19031202622958276], [0.19121496432429777, 0.039682201064165104, 0.4903395242481454, 0.2787633103633917], [0.49655616446526923, 0.1936171607545547, 0.006489526392150448, 0.3033371483880257], [0.2353113619025981, 0.1361895807222556, 0.39313886669229275, 0.23536019068285355], [0.4976094380679081, 0.09539666944531838, 0.22900085249001986, 0.17799303999675367], [0.2048708440923678, 0.3839782501998903, 0.25675830359479135, 0.1543926021129507], [0.03323188472146549, 0.7985814710863317, 0.16019365264830426, 0.007992991543898341], [0.032755847603341826, 0.2283828663925304, 0.07719548922650611, 0.6616657967776216], [0.8266493599027066, 0.03929653228648206, 0.01646979936020001, 0.11758430845061142], [0.30446732748189953, 0.5704572858801097, 0.001016992547777854, 0.12405839409021266], [0.4311306416458164, 0.37122445513354735, 0.006799571491152097, 0.19084533172948398], [0.08481551727842733, 0.14688184728220152, 0.09297065019871881, 0.6753319852406525], [0.28811244468058866, 0.4921332126348111, 0.03417257800454992, 0.1855817646800504], [0.13020392065182104, 0.107882315170209, 0.2339305030723201, 0.5279832611056505], [0.13014538133751472, 0.5495554583816049, 0.008040433204065835, 0.3122587270768147], [0.34675570790493515, 0.17584604611367602, 0.019901109909630933, 0.45749713607175785], [0.13630996772606574, 0.2313429134219214, 0.0106993125316139, 0.6216478063203987], [0.2545688099376851, 0.031689101919276735, 0.006275073878933355, 0.7074670142641053], [0.018849263466576074, 0.05526049795693824, 0.8306120898210484, 0.09527814875543701], [0.2248870251149447, 0.26512328426548454, 0.0323060019307884, 0.4776836886887824], [0.07238854853634132, 0.3328920708630841, 0.4892149018361624, 0.10550447876441237], [0.06045374679890923, 0.38669198505756824, 0.018640888971420917, 0.534213379172102], [0.20366127809009404, 0.7206412931643044, 0.025336611525673538, 0.05036081721992834], [0.039418899049688705, 0.10407814490793332, 0.77124504950216, 0.08525790654021782], [0.02588768290296486, 0.02078743408747315, 0.0028236617589843913, 0.9505012212505778], [0.3176061181170904, 0.08207973963341912, 0.00644274333215353, 0.5938713989173371], [0.43697294705631456, 0.3739833568316914, 0.004083607092447932, 0.18496008901954583], [0.019843459296750385, 0.8344713021343952, 0.13631199818382445, 0.009373240385029994], [0.8960208072608163, 0.010108600579107072, 0.004023864013491319, 0.08984672814658548], [0.6365923625854839, 0.21142257640170883, 0.014748982474551836, 0.1372360785382553], [0.007730837031821068, 0.03601095225182821, 0.8164587421703288, 0.13979946854602196], [0.6712248105254519, 0.09557556008299392, 0.0024818572384696955, 0.23071777215308464], [0.16175362234386045, 0.4199770480804741, 0.01599124118363985, 0.4022780883920259], [0.08584293934056327, 0.4273338596069038, 0.3526053110737624, 0.13421788997877038], [0.41490811275916684, 0.015443468895631711, 0.18464241470183732, 0.3850060036433643], [0.09244888458595991, 0.7560781855316592, 0.012895655357916095, 0.13857727452446478], [0.1326627320182934, 0.17784179990950824, 0.5751425859937545, 0.11435288207844412], [0.15718044106755694, 0.7472594916498524, 0.03615294939934771, 0.059407117883243335], [0.44050225609996074, 0.2793254811879431, 0.05135406435004807, 0.22881819836204828], [0.14375276552631047, 0.4006399334909943, 0.035738174430011004, 0.41986912655268416], [0.4529883981094616, 0.025968929024707182, 0.003674299689270005, 0.5173683731765611], [0.036302316717000696, 0.25989889639174835, 0.14985096469391782, 0.5539478221973334], [0.03135624874320051, 0.023675430662367755, 0.0012770072384448126, 0.9436913133559868], [0.1492578932852916, 0.1542136811768086, 0.08370156649752307, 0.6128268590403768], [0.033634359616197644, 0.6725442705371075, 0.16764391871953133, 0.12617745112716347], [0.1740276392483721, 0.585722636241378, 0.09517903216656284, 0.14507069234368702], [0.043104096004790864, 0.04004748963803827, 0.2396183037059883, 0.6772301106511824], [0.030062898480894412, 0.7437283998018871, 0.15775672786292042, 0.0684519738542982], [0.1338004307273563, 0.49626509374498234, 0.17661677216454758, 0.19331770336311374], [0.664283574969117, 0.06068985613598365, 0.008160105704908783, 0.26686646318999047], [0.1370915837817649, 0.24254804464341156, 0.1328545322603166, 0.48750583931450747], [0.14519263910924443, 0.43589641749893293, 0.061353096898562116, 0.3575578464932606], [0.40372149497564896, 0.07023957592199924, 0.06573157620436937, 0.4603073528979825], [0.11201892198840424, 0.07720141043183275, 0.04812006239937522, 0.7626596051803877], [0.7021371869171602, 0.06749983929067986, 0.12366639016715375, 0.10669658362500632], [0.41267102892211377, 0.2764258873679586, 0.029387852385458126, 0.2815152313244696], [0.017022218833606356, 0.03360898895252795, 0.019119155050359046, 0.9302496371635067], [0.386516792677822, 0.24173127242753564, 0.05117701758411116, 0.32057491731053134], [0.034844849120392034, 0.0742818192143587, 0.0359252036886403, 0.8549481279766091], [0.45900407438501495, 0.061497399029677685, 0.002914211223825072, 0.47658431536148227], [0.6460080098982991, 0.19900686043357732, 0.013052913965735363, 0.14193221570238795], [0.1935929537901179, 0.16676721552935925, 0.20224601911993734, 0.4373938115605852], [0.08580602955437408, 0.2532492750168978, 0.12801519699529015, 0.5329294984334381], [0.13159991869718382, 0.5462229817849009, 0.1323503499724167, 0.1898267495454986], [0.009300302618333374, 0.10747846700695471, 0.09185794201710043, 0.7913632883576117], [0.0744337495626237, 0.5024504207367718, 0.06799907860618701, 0.3551167510944174], [0.2704093212391916, 0.6171859232655293, 0.049374692722874126, 0.06303006277240486], [0.26251431235006295, 0.17187300385440413, 0.36308219299607836, 0.2025304907994547], [0.07937540026988472, 0.3855387188094049, 0.28505068202398737, 0.25003519889672304], [0.7370954631708584, 0.020459877583836786, 0.0050609458279748665, 0.23738371341733008], [0.29641802546570967, 0.30260191950819043, 0.2832815513880701, 0.11769850363803004], [0.10323209529907715, 0.33035223954801524, 0.02907330001003576, 0.5373423651428721], [0.10031902731568937, 0.3545024408343539, 0.005153959653203837, 0.5400245721967529], [0.903890964309201, 0.032921237015232085, 0.017371835170522102, 0.04581596350504488], [0.5818462743167414, 0.22496801788164414, 0.06320467886175189, 0.12998102893986266], [0.1447143293244423, 0.08249240331018666, 0.006819620596855231, 0.7659736467685158], [0.09860315558755514, 0.5741384058681714, 0.2786394545943688, 0.04861898394990478], [0.081613343685107, 0.12452621091782286, 0.6784735873047315, 0.11538685809233863], [0.011061318840856739, 0.21534711640158938, 0.662811988094118, 0.11077957666343592], [0.20229079475352627, 0.5958178235332863, 0.0790225061124069, 0.12286887560078066], [0.7829057650829594, 0.0303956929999361, 0.009694476511728192, 0.17700406540537625], [0.5616056769916038, 0.36156337675154687, 0.003820425859453692, 0.07301052039739611], [0.03650824139075881, 0.018183162195241607, 0.9354403738334028, 0.009868222580596919], [0.05982586504501136, 0.27978375790984067, 0.6075513074644892, 0.05283906958065862], [0.029725814210610026, 0.04759679381025009, 0.45349122896956534, 0.4691861630095744], [0.5239414663632997, 0.19254449847430272, 0.1929486335357707, 0.090565401626627], [0.05605245327993507, 0.33132359906725795, 0.014532065305607841, 0.5980918823471995], [0.2818420523898229, 0.3444843144259371, 0.010153987967868724, 0.3635196452163712], [0.12584022652602714, 0.5319782632177469, 0.07050685362625286, 0.271674656629973], [0.026988970145124608, 0.13428239424959285, 0.6620211999986103, 0.17670743560667226], [0.02975327618800647, 0.47766769469698417, 0.04149580310870057, 0.45108322600630846], [0.11634389081050364, 0.1643669556404628, 0.019432967438678436, 0.6998561861103549], [0.026925458436306, 0.5100519662083935, 0.12409367967175021, 0.33892889568354967], [0.5383279024098852, 0.11924644212607294, 0.003715622283621359, 0.33871003318042053], [0.028469595938352577, 0.16739239545969722, 0.1666199116302923, 0.6375180969716582], [0.03532005450099903, 0.9256022087960658, 0.008429413289229021, 0.030648323413706047], [0.28067591473034653, 0.16097218049577022, 0.5029046261190926, 0.0554472786547908], [0.6232515366686235, 0.15958482893933731, 0.043225226321200745, 0.17393840807083868], [0.7967016959662174, 0.02632704168734134, 0.004280255024842548, 0.17269100732159856], [0.05991505858962408, 0.6209734246729198, 0.27901655468008096, 0.04009496205737489], [0.03361763843069021, 0.24104248693029173, 0.6361268895568031, 0.08921298508221465], [0.18247492996993805, 0.6654663559972076, 0.08134280264606185, 0.0707159113867925], [0.02827507346901489, 0.6651873206458548, 0.07098925777047427, 0.23554834811465572], [0.05271332146601704, 0.27074019523082354, 0.01417724919086425, 0.6623692341122953], [0.0029528006263562527, 0.08017103078391374, 0.9054907197548147, 0.011385448834915358], [0.34586679085613603, 0.13215645867000345, 0.22597510990199962, 0.29600164057186096]]}, "rewritten": {"ids": ["97105960", "97106600", "97106820", "97107260", "97112290", "97114170", "97116500", "97118210", "98107340", "98117740", "99107500", "99107640", "99108460", "99109740", "99110050", "99111620", "99112531", "99112840", "99117630", "100108990", "100109890", "100111270", "100111390", "100111620", "100113210", "100116790", "101108621", "101109000", "101109370", "101111990", "101112201", "101116130", "101119591", "101121640", "102110690", "102110750", "102113210", "102117351", "102118380", "103110100", "103111170", "103111620", "103113170", "104111531", "104111711", "104111780", "104111880", "104114410", "104116441", "104119340", "105112130", "105113330", "105113440", "105113620", "105115380", "105116650", "105116980", "105118740", "105119550", "106113360", "106115240", "106116370", "106116850", "106118520", "106119260", "106119990", "107112840", "107113360", "107114200", "107114280", "107114490", "107119130", "107119950", "108113740", "108114670", "108118060", "108121351", "109113591", "109114030", "109114220", "109115220", "109116170", "109116441", "109119010", "110114610", "110114651", "110114950", "110116501", "110117080", "110117110", "110117140", "110118630", "110118810", "110118880", "110118930", "110119891", "110120190", "110121140", "110121450", "111114171", "111115770", "111115910", "111116040", "111117200", "111117480", "111118820", "111118910", "111119290", "111119300", "111120540", "111120591", "111120640", "112116501", "112116540", "112116880", "112117461", "112117571", "112117660", "112118530", "112118860", "112118880", "112119120", "112119320", "112119950", "112120290", "112120540", "112120640", "112121351", "112121430", "113117401", "113118490", "113119450", "113119700", "113119950", "113120280", "113121410", "113121750", "113121810", "113121950", "113121980", "113122120", "113122220"], "labels": [2, 3, 1, 2, 1, 2, 2, 2, 0, 2, 0, 1, 0, 3, 3, 3, 3, 2, 3, 2, 3, 2, 2, 3, 0, 2, 0, 1, 1, 2, 0, 2, 0, 2, 0, 1, 3, 1, 1, 1, 2, 0, 3, 0, 1, 3, 3, 1, 1, 1, 1, 3, 0, 0, 1, 1, 0, 1, 1, 0, 1, 2, 3, 2, 1, 0, 1, 0, 2, 3, 3, 1, 3, 3, 3, 1, 3, 3, 1, 3, 3, 0, 3, 3, 1, 3, 0, 3, 1, 0, 3, 1, 1, 0, 1, 3, 3, 3, 3, 3, 3, 2, 0, 0, 1, 0, 0, 3, 1, 1, 1, 0, 3, 1, 0, 0, 3, 0, 1, 3, 1, 1, 1, 0, 1, 3, 0, 0, 2, 3, 1, 3, 0, 0, 0, 0, 0, 2, 3, 2, 1, 1], "predicted_labels": [3, 3, 2, 2, 1, 3, 0, 0, 3, 3, 1, 3, 3, 1, 3, 1, 0, 1, 0, 3, 3, 1, 0, 1, 0, 0, 3, 3, 3, 3, 1, 3, 0, 1, 3, 2, 3, 0, 0, 0, 1, 1, 1, 3, 2, 1, 3, 3, 1, 0, 1, 0, 1, 1, 0, 2, 1, 3, 0, 1, 0, 3, 1, 1, 0, 1, 1, 1, 1, 1, 3, 1, 3, 0, 1, 0, 3, 1, 1, 0, 1, 3, 0, 1, 2, 1, 0, 3, 2, 2, 1, 0, 2, 1, 1, 1, 3, 2, 3, 0, 2, 2, 3, 3, 3, 3, 3, 1, 3, 1, 3, 1, 3, 3, 1, 3, 3, 3, 1, 1, 3, 1, 1, 0, 2, 3, 1, 3, 0, 1, 3, 0, 1, 3, 3, 3, 1, 2, 2, 1, 0, 1], "confidence_scores": [[0.15495465686938528, 0.06882971537166452, 0.3061272600060855, 0.4700883677528648], [0.1872193468472915, 0.06764503159590184, 0.27142472460373773, 0.4737108969530692], [0.1487877491565078, 0.17445099336677763, 0.5788881992446868, 0.09787305823202797], [0.00970503114587518, 0.024927586430510375, 0.8518530492353306, 0.11351433318828343], [0.13619143004705878, 0.7096373272824795, 0.017409554413072997, 0.1367616882573887], [0.08107937581636618, 0.25135960164603405, 0.05974525598787019, 0.6078157665497299], [0.4976770252487161, 0.1099066464373147, 0.33047085198681403, 0.06194547632715504], [0.6058301022718103, 0.04018363436722622, 0.1668470254941797, 0.18713923786678396], [0.04775477854846321, 0.04334487387776535, 0.4685732853485404, 0.4403270622252307], [0.0991658919754932, 0.22678407990027077, 0.278484654741379, 0.3955653733828571], [0.2514371455453721, 0.6451550386487364, 0.032368516886271126, 0.07103929891962038], [0.080379738321207, 0.304061622390955, 0.040611146017241806, 0.5749474932705964], [0.0780165229458217, 0.02656297735401208, 0.009755298825888482, 0.8856652008742775], [0.0178614628997721, 0.8512793814431403, 0.11815021467136323, 0.012708940985724388], [0.017778581681107245, 0.007927071180478598, 0.0754647070071394, 0.8988296401312748], [0.05242412584501355, 0.7488290700005674, 0.10113021656430785, 0.09761658759011074], [0.6036756612499318, 0.2232004260127249, 0.0048916459445886755, 0.1682322667927546], [0.08144886270464864, 0.430344271949735, 0.16285366099475831, 0.32535320435085785], [0.5335770918070734, 0.2182777085435013, 0.03951080604022334, 0.20863439360920194], [0.08432131599345896, 0.3262171579150893, 0.18622968433276652, 0.40323184175868504], [0.2077878848700552, 0.18537821354094264, 0.11124633781777363, 0.4955875637712286], [0.07387156101587529, 0.36283446798116636, 0.4856959507246237, 0.07759802027833462], [0.3004517172608724, 0.31583529494793333, 0.030059209796594204, 0.3536537779946], [0.13457348587894513, 0.33438230176109374, 0.5010244433061697, 0.030019769053791685], [0.5276459395331713, 0.19934650810660207, 0.003937376435583998, 0.2690701759246427], [0.5727617103633891, 0.1605001312603406, 0.10892686171686386, 0.1578112966594066], [0.2572876161595093, 0.34177726357470556, 0.054918392310857225, 0.34601672795492766], [0.07395505483730427, 0.036336683561450506, 0.1277906851224844, 0.7619175764787607], [0.12168105393404162, 0.15985743462228152, 0.3612672344983102, 0.35719427694536676], [0.4751091388213737, 0.08739423903877236, 0.04118975031689665, 0.39630687182295715], [0.09444493469178673, 0.7869672566289737, 0.057595824662982346, 0.060991984016257626], [0.10997286990738867, 0.06441842055965037, 0.24820780352413116, 0.5774009060088298], [0.9225166294916695, 0.00400162967217574, 0.003110258307639228, 0.0703714825285156], [0.06714302058561107, 0.5722770580229181, 0.143187415832117, 0.2173925055593538], [0.3583861425834971, 0.30044398042393594, 0.016387606900496763, 0.3247822700920704], [0.011800523477278292, 0.264048845334032, 0.6878901956340314, 0.03626043555465866], [0.10828617792524797, 0.1269083102769725, 0.008608713457550361, 0.7561967983402292], [0.6932227257324229, 0.035398576607489005, 0.0021448472643668167, 0.26923385039572123], [0.21572617821606707, 0.3119981764731516, 0.29329601906838837, 0.17897962624239333], [0.6890056061637257, 0.014837649332314466, 0.016244810020607476, 0.27991193448335205], [0.2595874801961897, 0.5880488826282995, 0.1063925361887644, 0.045971100986746366], [0.20931642229373582, 0.43471790516975034, 0.3228955482659623, 0.03307012427055119], [0.03986752582149375, 0.5301641085057763, 0.13857796597506702, 0.2913903996976625], [0.18544102246691266, 0.25881180793738223, 0.03019025758809246, 0.5255569120076127], [0.05618985512797885, 0.07999668524727303, 0.5961332529635192, 0.2676802066612287], [0.14352737293917983, 0.6500342778953093, 0.02276601219343615, 0.18367233697207472], [0.18577767972765075, 0.16650952868077287, 0.08411044675271641, 0.5636023448388598], [0.25305863345493546, 0.28387282781722323, 0.006405475933978561, 0.456663062793863], [0.36547049398752235, 0.5057545908533945, 0.003455115479178181, 0.12531979967990506], [0.40045963760710873, 0.30482902474261014, 0.005340218289773023, 0.2893711193605081], [0.02460530423898414, 0.8071145850623151, 0.102258052637165, 0.06602205806153569], [0.8245476330694879, 0.03461290060001145, 0.014924568580350808, 0.12591489775014997], [0.3610798267302843, 0.335186127135003, 0.09437411474845184, 0.20935993138626097], [0.18527029538718207, 0.43270858633597425, 0.16487251809157305, 0.2171486001852706], [0.6035443300371476, 0.17051649882543107, 0.08042797460818008, 0.14551119652924135], [0.23769862190918006, 0.10285316931930434, 0.452663790754172, 0.20678441801734354], [0.41563438035131145, 0.4775059615817491, 0.038524966885181124, 0.06833469118175835], [0.03773783227119279, 0.2907854058071817, 0.14090293070753482, 0.5305738312140904], [0.5167747894945114, 0.23926570530520788, 0.026031065470757616, 0.21792843972952308], [0.12131388831529222, 0.6418432099005812, 0.17477623626272612, 0.062066665521400735], [0.6361373174926054, 0.23019549279598112, 0.09135167482822809, 0.042315514883185766], [0.5138925229892132, 0.013512420602219837, 0.06983258086404842, 0.4027624755445187], [0.39865920842873576, 0.393643287869948, 0.07919565381806404, 0.12850184988325203], [0.3004122894416368, 0.41122563032681764, 0.009824423398472708, 0.2785376568330728], [0.5706362596920591, 0.11929804370272108, 0.1053002148595999, 0.20476548174562018], [0.0993570361784584, 0.4708175675959989, 0.02104503135194389, 0.40878036487359876], [0.08621938484394764, 0.6635549966531008, 0.17623065573783142, 0.07399496276511976], [0.265274425796818, 0.38904703949807523, 0.04285482480209346, 0.3028237099030135], [0.22946680179335333, 0.5405076817266912, 0.002396346746605879, 0.22762916973334993], [0.25586703312974096, 0.6017711610362543, 0.08205831215526971, 0.060303493678734915], [0.08769568306512744, 0.20573342198464184, 0.03574711201514201, 0.6708237829350886], [0.23894045792739918, 0.5105874525319961, 0.013289952009052978, 0.2371821375315517], [0.14193021031024794, 0.2174157520202093, 0.03857482972635193, 0.6020792079431907], [0.8547871665089518, 0.018968049304594704, 0.049861697618778573, 0.07638308656767462], [0.11752615409964776, 0.39821571324477806, 0.3808927353625873, 0.10336539729298681], [0.8186079017337472, 0.05989964610843538, 0.03299955673781324, 0.08849289542000406], [0.2866442591433527, 0.30601097216117684, 0.05131325955003377, 0.35603150914543674], [0.12877699404692153, 0.6734146160592244, 0.04062877916680201, 0.15717961072705222], [0.12049383085695961, 0.599480898393077, 0.10281823873942647, 0.1772070320105364], [0.48674741144003003, 0.13763569987325666, 0.20147872549925583, 0.1741381631874572], [0.14106288330630598, 0.6835654249571379, 0.07614015804664864, 0.09923153368990763], [0.023577957707467557, 0.440433000319174, 0.06174650071838681, 0.47424254125497173], [0.6887435974561962, 0.20407910858211004, 0.0053054064175080285, 0.10187188754418568], [0.06908109752295993, 0.37405894276505025, 0.4362716969242852, 0.12058826278770485], [0.09358381633556627, 0.30244185719751776, 0.5834767589861942, 0.020497567480721967], [0.020539924376698986, 0.8833396625211943, 0.007598992312592042, 0.08852142078951498], [0.8734519977546225, 0.04710445302228114, 0.0326911987746603, 0.04675235044843642], [0.22650183841627697, 0.12881205576081123, 0.0074742928722900375, 0.6372118129506216], [0.051107601954039496, 0.23367665406732574, 0.5047046834574599, 0.21051106052117485], [0.005562687589821503, 0.04416998570003293, 0.9337601657900885, 0.01650716092005701], [0.06128326808277031, 0.6089518697189067, 0.04575285889033366, 0.28401200330798954], [0.5808964599034986, 0.18907909303520568, 0.19369721980806787, 0.036327227253227776], [0.09591620241347207, 0.20795270774020166, 0.4285325611249717, 0.26759852872135487], [0.13092906381237285, 0.6342719184021327, 0.015877346417047564, 0.21892167136844679], [0.28894660371755954, 0.4560922293068582, 0.06021556704613467, 0.1947455999294477], [0.0351414598810032, 0.6296781679196668, 0.01940828638796278, 0.3157720858113672], [0.48046818546573644, 0.059036424632746616, 0.003611016159786024, 0.4568843737417309], [0.11485131317212402, 0.055447319413700825, 0.6634619255856752, 0.16623944182849987], [0.023842556395709046, 0.09969504588925332, 0.09561706658116954, 0.7808453311338681], [0.5760537081075058, 0.17375480530606505, 0.002648939251551588, 0.24754254733487768], [0.14071527082158525, 0.2871991720032961, 0.543799770840182, 0.028285786334936714], [0.06239604279792407, 0.11727828108601278, 0.4807839493002235, 0.3395417268158396], [0.21466990194622257, 0.01808684568440667, 0.06810681767551306, 0.6991364346938577], [0.11990825188384133, 0.13665050510273738, 0.06509396348067137, 0.6783472795327498], [0.03356668352883176, 0.300179938292486, 0.07056402277482379, 0.5956893554038586], [0.4457448012909763, 0.09273396597370197, 0.045159756537886675, 0.416361476197435], [0.10479598662775262, 0.2338339969395847, 0.06861660410770017, 0.5927534123249623], [0.05781807460364171, 0.379509073798615, 0.2871084818679917, 0.2755643697297518], [0.03143246739522678, 0.03331864565271285, 0.03047468718140092, 0.904774199770659], [0.11114841269013956, 0.634631048852045, 0.11597847513854648, 0.13824206331926867], [0.32348644171359703, 0.08522020049109935, 0.008751701251749395, 0.582541656543554], [0.3116705895951069, 0.5853850321311298, 0.04749882496248106, 0.0554455533112824], [0.06648283504852148, 0.3378497863570552, 0.09126159042278835, 0.5044057881716347], [0.08214218508842584, 0.26439787031989925, 0.029346360711125702, 0.6241135838805492], [0.3830044367518742, 0.2941438518256297, 0.11872429767139972, 0.20412741375109628], [0.23535366674678135, 0.07909733366075443, 0.018707025117864137, 0.6668419744746001], [0.2936099589298122, 0.18645309952133643, 0.017455784957981283, 0.5024811565908704], [0.1353517881351511, 0.07046348728090343, 0.2286323811357221, 0.5655523434482235], [0.05311732473105231, 0.6748959988979248, 0.24963594350877114, 0.022350732862252025], [0.21707365694210656, 0.561476936357476, 0.1573616489365248, 0.06408775776389272], [0.10557943592652977, 0.1742462333857123, 0.29139766682375534, 0.42877666386400254], [0.11044836110849394, 0.5697199535051671, 0.044973249081880017, 0.2748584363044588], [0.04714073450535827, 0.6178790502530704, 0.24003449534480775, 0.09494571989676318], [0.6409691568380551, 0.08378625148297676, 0.009815593391986477, 0.2654289982869817], [0.023756962678417627, 0.010291306613622299, 0.9617664583905383, 0.004185272317421809], [0.2931083372725466, 0.17919717304469365, 0.034473726499336055, 0.49322076318342384], [0.07266078865180516, 0.3452227524100856, 0.34544920875498786, 0.23666725018312154], [0.4946513345308026, 0.08652601227982831, 0.016174115181021034, 0.4026485380083481], [0.45244948416788433, 0.37274176938973275, 0.05060109957409686, 0.1242076468682862], [0.15107134044628195, 0.4512221126357793, 0.24003309024421038, 0.1576734566737286], [0.09768042259216628, 0.12855587176575517, 0.03788812684876267, 0.7358755787933158], [0.6039491025815703, 0.08594221438322379, 0.02482991929230588, 0.28527876374290007], [0.10104152561954856, 0.7124222416246931, 0.14974737186933684, 0.03678886088642143], [0.35808388628240334, 0.1185231242701143, 0.013222188772605914, 0.5101708006748764], [0.16366885934424538, 0.09403849341283559, 0.0916985183616261, 0.6505941288812928], [0.04345028568288268, 0.0893504990221109, 0.001967458095245622, 0.8652317571997608], [0.059238059785869816, 0.7186074397612441, 0.005008233953301015, 0.21714626649958516], [0.008033646560238208, 0.05453991154377737, 0.9110148033701518, 0.026411638525832656], [0.042137554251935085, 0.2067663643808723, 0.6357807694463988, 0.11531531192079379], [0.01415401643254316, 0.8696755357981648, 0.02444383985623583, 0.09172660791305622], [0.38481973620127574, 0.26800523606844184, 0.1555005996003938, 0.19167442812988883], [0.09924757807445614, 0.5559404432665226, 0.018198620712452603, 0.3266133579465689]]}}