{"test": {"ids": ["101108121", "108118301", "110114720", "105116650", "99108080", "112120270", "109120560", "109116810", "98119591", "111117120", "112121430", "108114180", "111121410", "99112641", "101111140", "112118820", "110117080", "99117630", "111116750", "104112201", "111120220", "99111930", "102113981", "109115070", "111119300", "113118511", "97109570", "109113931", "102109910", "112116990", "111119610", "110120540", "97112830", "111115400", "111117480", "97106000", "110118450", "108115070", "104119290", "105118740", "100109000", "100113370", "108120060", "112116610", "101108500", "101110740", "111117000", "108120700", "110115890", "104116800", "105113170", "102109850", "113121680", "101112160", "105112260", "101112201", "99120010", "103111930", "109114030", "106117650", "99107640", "105121190", "97105960", "110114610", "99112531", "111121220", "99107950", "104118070", "110114561", "97116401", "113119320", "99108710", "107121700", "108113480", "109120540", "113122160", "107112850", "111116040", "101109120", "101110150", "109121410", "98107410", "110120531", "112118701", "113122510", "103113170", "107118780", "109113591", "106116370", "104117630", "102109840", "110117870", "105112240", "105113330", "108115500", "105115680", "107112840", "113122430", "105117200", "107114140", "110119300", "112119500", "113118690", "101108580", "105113210", "102112030", "108113700", "113121980", "103118110", "109121640", "102112250", "100108490", "110115120", "103111480", "103109641", "103113260", "103111620", "108113740", "111116640", "113119340", "108119510", "106115120", "101119030", "109117730", "107113360", "109118701", "109118820", "107121640", "99108520", "99112840", "104114740", "113122220", "99107500", "97107821", "111116110", "102121440", "109119460", "107120880", "100111390", "99110730", "98111860", "109114270"], "labels": [0, 1, 3, 1, 3, 0, 1, 3, 1, 2, 2, 1, 0, 1, 2, 0, 1, 3, 3, 0, 3, 1, 1, 0, 1, 1, 0, 1, 2, 0, 2, 1, 2, 0, 1, 0, 0, 1, 1, 1, 1, 3, 1, 1, 3, 3, 0, 2, 2, 1, 0, 1, 1, 3, 3, 0, 2, 3, 1, 1, 1, 2, 2, 1, 3, 3, 1, 2, 0, 3, 1, 2, 3, 0, 1, 3, 1, 0, 1, 1, 0, 3, 0, 0, 2, 3, 1, 3, 2, 0, 2, 3, 1, 3, 3, 2, 1, 2, 3, 2, 1, 2, 3, 0, 3, 2, 0, 2, 2, 0, 0, 2, 0, 0, 1, 3, 0, 3, 0, 0, 1, 1, 3, 3, 0, 3, 3, 1, 2, 2, 2, 1, 0, 2, 3, 2, 1, 1, 2, 3, 0, 3], "predicted_labels": [1, 3, 2, 1, 3, 1, 2, 3, 1, 3, 0, 3, 0, 0, 0, 3, 3, 1, 3, 0, 0, 1, 1, 1, 3, 0, 1, 0, 3, 0, 1, 1, 3, 1, 3, 3, 1, 1, 1, 1, 3, 3, 1, 0, 1, 1, 3, 0, 1, 3, 3, 2, 3, 3, 3, 0, 2, 1, 3, 1, 3, 1, 2, 1, 3, 3, 2, 2, 1, 1, 0, 1, 1, 3, 3, 1, 1, 0, 2, 3, 3, 3, 3, 3, 1, 1, 1, 3, 0, 0, 1, 3, 1, 0, 1, 1, 0, 1, 1, 1, 1, 1, 1, 0, 3, 1, 0, 3, 3, 3, 0, 3, 1, 3, 3, 3, 1, 0, 1, 0, 1, 0, 0, 0, 3, 3, 2, 0, 2, 3, 1, 3, 3, 0, 3, 1, 3, 3, 0, 3, 2, 2], "confidence_scores": [[0.2629856686564566, 0.30725255204544344, 0.13485662226683334, 0.29490515703126663], [0.2798743653253856, 0.2733616622226685, 0.11775052608165262, 0.32901344637029306], [0.135209312457611, 0.2807845801927554, 0.4525378389625153, 0.131468268387118], [0.2182197487292765, 0.3125010717954157, 0.22572053097499473, 0.2435586485003131], [0.2533585581652543, 0.245205418829945, 0.2205095815567165, 0.28092644144808415], [0.18298661585667944, 0.3344737239090747, 0.25493323112588984, 0.22760642910835607], [0.12382560050241977, 0.2898586003945681, 0.3777903264441035, 0.2085254726589086], [0.25681042233860435, 0.283111880773088, 0.13582810603291187, 0.3242495908553959], [0.25380820333496007, 0.3081840899153078, 0.16173437640710064, 0.2762733303426316], [0.25474822531620966, 0.3036293841152266, 0.13122468235474097, 0.310397708213823], [0.29364476843041104, 0.29509710961027447, 0.08299747758499644, 0.32826064437431796], [0.24358634096687548, 0.24347428057374434, 0.1750475097279333, 0.3378918687314466], [0.28889260822429547, 0.3004149383274358, 0.08271489677680147, 0.32797755667146705], [0.28789497255450325, 0.2628979914370627, 0.12972789838660817, 0.31947913762182567], [0.25970029119047044, 0.21108127779713892, 0.2247573750645129, 0.3044610559478778], [0.2934257696363383, 0.2800087602326489, 0.08878893678723132, 0.33777653334378155], [0.2483399300646302, 0.3121408195579885, 0.12433972905784617, 0.3151795213195354], [0.2566857171442419, 0.30427851978028, 0.17330043636626288, 0.2657353267092153], [0.3020338804614906, 0.22166610576178564, 0.10467708638953234, 0.3716229273871915], [0.29719566859517405, 0.2631867627569338, 0.09057650264890801, 0.3490410659989841], [0.28265779153330334, 0.295664917220393, 0.08956368753003596, 0.3321136037162677], [0.15863759926886198, 0.37872360643297454, 0.2350687658245603, 0.22757002847360336], [0.2344079141390747, 0.34202218327833706, 0.19452153128562646, 0.22904837129696187], [0.2445827961448705, 0.3234689894037297, 0.1547667918482326, 0.27718142260316697], [0.27621969675873914, 0.27285035616135445, 0.11552018167264494, 0.33540976540726136], [0.24123407436481417, 0.25566516868185557, 0.2327974210649809, 0.27030333588834926], [0.21549280606158397, 0.280897679641608, 0.2482545984093942, 0.2553549158874136], [0.28369462492765435, 0.28541020835816605, 0.09423962161598147, 0.336655545098198], [0.27084743768078096, 0.24951516941675456, 0.17196796398411707, 0.3076694289183473], [0.30372357834531427, 0.2337267555676053, 0.13902403468589702, 0.3235256314011835], [0.15206178434791615, 0.33902326641974756, 0.2840899675442078, 0.22482498168812873], [0.2043307889559558, 0.322096704213513, 0.23871047164776987, 0.2348620351827613], [0.2862810390373318, 0.2443590527204265, 0.15791854691517201, 0.3114413613270696], [0.2419247053121423, 0.3226287491128092, 0.21750179530299735, 0.21794475027205107], [0.2698750518887659, 0.2985320230487205, 0.10077060701593843, 0.3308223180465754], [0.17446699318544306, 0.27207959761801137, 0.23779009664095346, 0.3156633125555922], [0.19379256891544216, 0.31342679020582676, 0.26387887479251704, 0.22890176608621407], [0.2221759010834505, 0.3086621882811639, 0.22890558472853698, 0.24025632590684856], [0.18540651799410784, 0.32067413694992664, 0.1987440376116164, 0.2951753074443489], [0.22373449770483786, 0.29796731379772246, 0.17675403849377605, 0.3015441500036636], [0.21917754072871232, 0.2203759665021707, 0.272319999943789, 0.2881264928253279], [0.2194641486119363, 0.2704826287186058, 0.19993531201377934, 0.31011791065567845], [0.22291664309581233, 0.3139053419716693, 0.28044121546125744, 0.18273679947126087], [0.2826658122898056, 0.29349497205644104, 0.17925211273689695, 0.24458710291685637], [0.22780301551387502, 0.30152875658781286, 0.1815273747020647, 0.28914085319624744], [0.1821416770869015, 0.3452163100885822, 0.1912354100538077, 0.28140660277070845], [0.2794793732994111, 0.25172340023477774, 0.1614203640626661, 0.3073768624031451], [0.28856793217849286, 0.2786066988487297, 0.09929594405995085, 0.33352942491282656], [0.19622307396545077, 0.3082234738180922, 0.20358231049255704, 0.29197114172389976], [0.2567819217798217, 0.28344171718517075, 0.13067625096734714, 0.3291001100676605], [0.2649744606033203, 0.2707348842949106, 0.13539170794589717, 0.328898947155872], [0.1841268092820934, 0.29099209992724173, 0.3204284656675678, 0.20445262512309692], [0.2331655417185463, 0.3084045452944764, 0.1469309942037627, 0.3114989187832147], [0.1827067955661365, 0.24806759351531285, 0.26638464384060345, 0.3028409670779472], [0.2416567062307195, 0.2998380640350614, 0.14083208975965306, 0.3176731399745661], [0.2528410398800786, 0.27407693193503385, 0.17812786906837585, 0.2949541591165118], [0.1851109755749547, 0.2682656896264035, 0.3521297025604091, 0.19449363223823285], [0.22465190532157722, 0.29784417615700914, 0.24725568382865606, 0.23024823469275765], [0.21277137608551813, 0.2688510812214226, 0.24310051686777248, 0.27527702582528696], [0.22980197103140984, 0.28178055810408476, 0.2171131332783047, 0.2713043375862009], [0.24759287436400332, 0.26821551295583457, 0.15283087074599838, 0.33136074193416365], [0.1595217626705898, 0.3089720385018113, 0.30435235267797983, 0.22715384614961892], [0.2105037449565979, 0.2413137175445783, 0.2958754088606741, 0.2523071286381493], [0.20068969814597706, 0.33071974441556445, 0.2782362907642105, 0.1903542666742479], [0.268793140880557, 0.2637016396425099, 0.13514877940621084, 0.33235644007072224], [0.31691406847333414, 0.2566249867426539, 0.061214954989463256, 0.36524598979454886], [0.10989038956228109, 0.3103585400746361, 0.35249921185959315, 0.2272518585034894], [0.12880982276833478, 0.28594317220185717, 0.40767796097494197, 0.17756904405486612], [0.2502138112677396, 0.3211389652265966, 0.16844514111555922, 0.260202082390105], [0.20554850752283074, 0.2933191926276393, 0.22207100521022727, 0.2790612946393028], [0.3097653824388367, 0.26183812337881074, 0.06083695368415448, 0.36755954049819844], [0.22900528639106335, 0.3246470744116997, 0.14350799129817493, 0.302839647899062], [0.24204774598413642, 0.30306521980994416, 0.16835666916185327, 0.28653036504406654], [0.23149686227180893, 0.25719217229145364, 0.2347470684528191, 0.2765638969839182], [0.28230122040070776, 0.297108483566656, 0.09876743912806957, 0.32182285690456663], [0.16693003582607158, 0.3176249116746793, 0.28840703312858634, 0.22703801937066284], [0.24503040299515716, 0.31675278568973114, 0.1772606863732701, 0.26095612494184156], [0.29660681898392743, 0.24752015687926965, 0.11672352065134203, 0.3391495034854611], [0.19848106223406048, 0.264245272330535, 0.29409976219400324, 0.24317390324140117], [0.27345125471879705, 0.27808797872750074, 0.12332950332713184, 0.3251312632265705], [0.2939833366657425, 0.2286177474394234, 0.1133075918316549, 0.36409132406317896], [0.28995861628936714, 0.2238566842021557, 0.14264749420736542, 0.3435372053011115], [0.2801118595087485, 0.29075891063641496, 0.1011896365932463, 0.32793959326159006], [0.24058445545238216, 0.2929719992495255, 0.1566551278983854, 0.3097884173997068], [0.21878805123534614, 0.30725551654202854, 0.22060719641243212, 0.2533492358101936], [0.18863758406346195, 0.30601319825058987, 0.273699044562075, 0.23165017312387326], [0.28829783288812294, 0.32692560150377076, 0.06299041204318971, 0.3217861535649167], [0.2616599657416376, 0.2783161972019296, 0.13641941816010758, 0.32360441889632496], [0.2854018949164356, 0.21543445706879885, 0.1726994169881714, 0.3264642310265943], [0.266852956577627, 0.2776230541922824, 0.18191620493229801, 0.2736077842977923], [0.20058914823728613, 0.315160430470074, 0.277386291046388, 0.20686413024625167], [0.21036917929925286, 0.25814846743571945, 0.25137546787452475, 0.28010688539050294], [0.2567324824834086, 0.2814103723176614, 0.18954888755466853, 0.2723082576442616], [0.3077741871074414, 0.2322159959174321, 0.10872287460368081, 0.35128694237144553], [0.23145064718806677, 0.29084769271580596, 0.20922781866212092, 0.2684738414340063], [0.18147951559121298, 0.3473453901822716, 0.22739675906507364, 0.24377833516144176], [0.26188890374173046, 0.26876625398584825, 0.17849223186191318, 0.29085261041050803], [0.20236957900793506, 0.3113048419096052, 0.19430479654346394, 0.2920207825389957], [0.24796559691834022, 0.28175414987131586, 0.17682664361292902, 0.2934536095974151], [0.22825578252637907, 0.28061472800843035, 0.2179401727560837, 0.27318931670910684], [0.2664009582292355, 0.3163369530820873, 0.11778816751343862, 0.2994739211752386], [0.1702746571113969, 0.3702597327200481, 0.30642297385540807, 0.15304263631314666], [0.2707524946589242, 0.3048897540224397, 0.1242275857581613, 0.300130165560475], [0.29642738118775436, 0.17537645234782484, 0.20515763286113614, 0.32303853360328477], [0.3000284010328009, 0.2670532078488976, 0.0826703245010159, 0.35024806661728547], [0.20034005415169234, 0.3329184955873106, 0.23835475176248772, 0.22838669849850923], [0.2802822252379234, 0.2990037466933206, 0.14982171441062125, 0.27089231365813454], [0.25371660967226495, 0.30569324355726807, 0.12497647243365044, 0.31561367433681664], [0.2051006388936101, 0.24559398115989814, 0.2599014295677009, 0.2894039503787911], [0.2414133474499839, 0.2550466795770247, 0.1865546255205081, 0.3169853474524834], [0.24779144757617952, 0.20815527494925865, 0.2433450771649548, 0.3007082003096074], [0.250399729558247, 0.25572040571352694, 0.2133820193239985, 0.28049784540422756], [0.2620662712763838, 0.30897084140308945, 0.13087814583245275, 0.29808474148807423], [0.2954354170893559, 0.23721679628807527, 0.10982986891893609, 0.3575179177036325], [0.2283189775246792, 0.2566726295924484, 0.1961544184696042, 0.31885397441326796], [0.2831203583518228, 0.296099545176795, 0.10255019229114631, 0.318229904180236], [0.2294143997325087, 0.3099149763190441, 0.23214663823036327, 0.22852398571808416], [0.2936025162028539, 0.2766993266628322, 0.1246298184202845, 0.30506833871402916], [0.2430769541762426, 0.3187866634368516, 0.22359438169127874, 0.21454200069562712], [0.29270595917089903, 0.3055345852023214, 0.050791336793148796, 0.35096811883363077], [0.22807595773557032, 0.3019586266424251, 0.23122853324581522, 0.2387368823761894], [0.2898174506237691, 0.3052430642997368, 0.07552007902124498, 0.32941940605524933], [0.29641639921477636, 0.2717810004562268, 0.08156632116253935, 0.35023627916645733], [0.2862255529497436, 0.29419796977291324, 0.13013575401916896, 0.2894407232581737], [0.2846702632540841, 0.2599329631898665, 0.11433319723470539, 0.3410635763213438], [0.2647794386949483, 0.28357070232625187, 0.11627239043134481, 0.33537746854745526], [0.2017348307468225, 0.23890462337447177, 0.2963003083323102, 0.2630602375463956], [0.24189090751044692, 0.2391779799699374, 0.25781159458314246, 0.2611195179364733], [0.15101468505174068, 0.29563498560719004, 0.39100173724231296, 0.1623485920987561], [0.23148905604578437, 0.28901383866174984, 0.18074980333720533, 0.29874730195526045], [0.1787403267008553, 0.3069899653957495, 0.2639432779958776, 0.2503264299075177], [0.2635516078513322, 0.27707226606370405, 0.1648534745478948, 0.29452265153706897], [0.20956691995269638, 0.2634201600622096, 0.2538703141940234, 0.2731426057910705], [0.27607630795797616, 0.26284432730147067, 0.16151296619839448, 0.2995663985421587], [0.28774567918883687, 0.254887163536371, 0.11443560751493125, 0.34293154975986084], [0.23801806080612575, 0.2864805613262897, 0.19873093476540304, 0.2767704431021814], [0.27324300179434846, 0.25278427203742704, 0.13836577887976578, 0.33560694728845897], [0.21253667515396893, 0.2604021660024939, 0.2591830929646489, 0.2678780658788882], [0.26636592137294507, 0.28903608355702215, 0.15736023867283505, 0.2872377563971975], [0.22145542721315864, 0.27855279568821933, 0.18602242200016886, 0.31396935509845314], [0.14714301419294837, 0.2912474422683835, 0.37854007985782934, 0.18306946368083868], [0.2242506777899244, 0.24919827723342516, 0.2623412243384038, 0.2642098206382465]]}, "rewritten": {"ids": ["97105960", "97106000", "97107821", "97109570", "97112830", "97116401", "98107410", "98111860", "98119591", "99107500", "99107640", "99107950", "99108080", "99108520", "99108710", "99110730", "99111930", "99112531", "99112641", "99112840", "99117630", "99120010", "100108490", "100109000", "100111390", "100113370", "101108121", "101108500", "101108580", "101109120", "101110150", "101110740", "101111140", "101112160", "101112201", "101119030", "102109840", "102109850", "102109910", "102112030", "102112250", "102113981", "102121440", "103109641", "103111480", "103111620", "103111930", "103113170", "103113260", "103118110", "104112201", "104114740", "104116800", "104117630", "104118070", "104119290", "105112240", "105112260", "105113170", "105113210", "105113330", "105115680", "105116650", "105117200", "105118740", "105121190", "106115120", "106116370", "106117650", "107112840", "107112850", "107113360", "107114140", "107118780", "107120880", "107121640", "107121700", "108113480", "108113700", "108113740", "108114180", "108115070", "108115500", "108118301", "108119510", "108120060", "108120700", "109113591", "109113931", "109114030", "109114270", "109115070", "109116810", "109117730", "109118701", "109118820", "109119460", "109120540", "109120560", "109121410", "109121640", "110114561", "110114610", "110114720", "110115120", "110115890", "110117080", "110117870", "110118450", "110119300", "110120531", "110120540", "111115400", "111116040", "111116110", "111116640", "111116750", "111117000", "111117120", "111117480", "111119300", "111119610", "111120220", "111121220", "111121410", "112116610", "112116990", "112118701", "112118820", "112119500", "112120270", "112121430", "113118511", "113118690", "113119320", "113119340", "113121680", "113121980", "113122160", "113122220", "113122430", "113122510"], "labels": [2, 0, 2, 0, 2, 3, 3, 0, 1, 0, 1, 1, 3, 2, 2, 3, 1, 3, 1, 2, 3, 2, 2, 1, 2, 3, 0, 3, 0, 1, 1, 3, 2, 3, 0, 3, 2, 1, 2, 2, 0, 1, 2, 1, 0, 0, 3, 3, 3, 2, 0, 2, 1, 0, 2, 1, 1, 3, 0, 3, 3, 2, 1, 3, 1, 2, 1, 2, 1, 1, 1, 0, 2, 1, 1, 1, 3, 0, 0, 3, 1, 1, 3, 1, 1, 1, 2, 3, 1, 1, 3, 0, 3, 3, 3, 3, 1, 1, 1, 0, 0, 0, 1, 3, 0, 2, 1, 3, 0, 1, 0, 1, 0, 0, 3, 0, 3, 0, 2, 1, 1, 2, 3, 3, 0, 1, 0, 0, 0, 2, 0, 2, 1, 3, 1, 0, 1, 2, 3, 1, 2, 2], "predicted_labels": [0, 3, 0, 3, 0, 1, 0, 1, 1, 3, 3, 1, 0, 2, 1, 3, 1, 0, 0, 3, 1, 2, 3, 3, 0, 3, 0, 1, 0, 3, 3, 1, 0, 3, 0, 0, 1, 1, 3, 1, 0, 1, 3, 3, 0, 0, 1, 1, 3, 3, 0, 1, 3, 0, 1, 1, 0, 3, 3, 3, 0, 1, 1, 0, 3, 1, 0, 3, 1, 0, 1, 3, 1, 0, 3, 0, 1, 3, 0, 0, 3, 1, 1, 0, 0, 0, 3, 3, 0, 1, 3, 1, 3, 0, 3, 0, 3, 3, 1, 3, 3, 0, 1, 2, 3, 3, 3, 1, 1, 1, 3, 1, 1, 0, 3, 1, 3, 0, 3, 3, 3, 1, 0, 3, 1, 0, 0, 3, 3, 1, 1, 0, 0, 1, 0, 0, 3, 3, 1, 3, 1, 0], "confidence_scores": [[0.24683943369535621, 0.23683732814735955, 0.24449801301014448, 0.2718252251471395], [0.22095945966923597, 0.2837977859407552, 0.16957552502783085, 0.32566722936217785], [0.2835489956203268, 0.29180382900644, 0.10737853055427925, 0.31726864481895367], [0.2538512086619622, 0.2820310696416086, 0.17290651657336514, 0.29121120512306375], [0.2915368478055502, 0.2546815742872547, 0.12586040099683374, 0.3279211769103613], [0.2539273635564602, 0.2898559930529249, 0.14905922223398288, 0.30715742115663214], [0.3103509238365726, 0.22454441143236242, 0.09699901488140338, 0.36810564984966143], [0.2050276693512238, 0.31195166631304727, 0.2695113572975147, 0.2135093070382141], [0.26104066356018496, 0.306441389613724, 0.15150188582422028, 0.2810160610018707], [0.22495132954763522, 0.2795758962954428, 0.20887846592315817, 0.28659430823376353], [0.277800048665654, 0.269278037396945, 0.10896943213109123, 0.3439524818063099], [0.14081748951634246, 0.3205072161765345, 0.2945086787972196, 0.2441666155099036], [0.27704324071877295, 0.25999759667569633, 0.17547171835010286, 0.2874874442554277], [0.18755521651235185, 0.29558147630450987, 0.3300194043345383, 0.1868439028486], [0.2512520306927411, 0.32518929754186976, 0.11780793352184998, 0.3057507382435391], [0.2248197102535617, 0.28686819873833863, 0.18038993055163158, 0.3079221604564683], [0.18996324034858483, 0.3526686365613245, 0.20977716581713077, 0.24759095727295954], [0.2931078214671259, 0.26962325648460655, 0.08541059800385033, 0.35185832404441736], [0.2813748039399771, 0.28620240565342736, 0.11879042038760058, 0.3136323700189949], [0.24809418563643187, 0.2848266725821634, 0.16601392446464147, 0.30106521731676317], [0.26710655284210394, 0.30114468358516505, 0.15498053982012996, 0.2767682237526008], [0.22096224760969319, 0.27994526299633676, 0.2801679777007419, 0.21892451169322816], [0.27613305472430455, 0.2773183797074452, 0.14068889109154015, 0.30585967447671], [0.25582349464082554, 0.2459453885458248, 0.19104076933060501, 0.30719034748274454], [0.287989859495029, 0.2802487653415569, 0.10266839036965301, 0.32909298479376076], [0.2302007475954945, 0.28631413550890117, 0.17595554941336813, 0.30752956748223625], [0.27880816389672214, 0.2931615091119494, 0.11105556928795265, 0.31697475770337585], [0.23273450111807417, 0.29855705133851695, 0.18041965261040432, 0.2882887949330045], [0.3066263572911279, 0.1868182272990583, 0.13996405502455786, 0.36659136038525575], [0.22962138847953947, 0.26595951969474957, 0.22759495883893188, 0.2768241329867791], [0.28730178927537553, 0.26189612057020245, 0.1158239531444714, 0.3349781370099507], [0.20845819958389988, 0.33839159597710294, 0.16805368202037518, 0.28509652241862193], [0.2844236832624054, 0.22024942664127792, 0.16361702910346798, 0.33170986099284855], [0.18194557122077454, 0.2644594050093288, 0.25740633661392814, 0.2961886871559685], [0.26170775330564683, 0.2853225367887749, 0.15669186695424978, 0.2962778429513287], [0.2961988349776942, 0.28147284372309583, 0.07861452826624037, 0.3437137930329695], [0.2430606152235305, 0.3046092405234525, 0.1851596766401788, 0.26717046761283786], [0.2157561735352433, 0.3308251532039927, 0.21609985995725509, 0.23731881330350876], [0.2749555879547593, 0.2658905266897133, 0.14876846344347777, 0.31038542191204993], [0.2132281945908361, 0.3314770137796957, 0.21200654249336198, 0.24328824913610592], [0.2669643272691251, 0.21295372999399856, 0.19569480215642412, 0.3243871405804522], [0.2375264858170275, 0.34091845055086095, 0.1890679501870196, 0.23248711344509204], [0.2559528795343352, 0.281603069156665, 0.16711129358764273, 0.29533275772135725], [0.24965674037826605, 0.26251694761433575, 0.16162839319158956, 0.32619791881580845], [0.28425254366874425, 0.24147889026817415, 0.13430933669495138, 0.33995922936813006], [0.2623213148886046, 0.29619612637369475, 0.16507024942393597, 0.27641230931376465], [0.2449926349655379, 0.3101907928781227, 0.19252378315054328, 0.25229278900579627], [0.24090521707642507, 0.29281773847330345, 0.19781033730956654, 0.26846670714070475], [0.2870368541991398, 0.296054516775363, 0.09543462689181363, 0.3214740021336835], [0.22798256340427475, 0.2582553601934475, 0.19749766422732973, 0.31626441217494816], [0.2988824518271842, 0.25194544146023773, 0.09767277269026695, 0.3514993340223113], [0.22458611145863464, 0.2850660843561333, 0.20776797433393304, 0.28257982985129915], [0.2684157709542638, 0.2688389718147097, 0.13379845463080084, 0.3289468026002254], [0.2763501740705768, 0.2854421549696183, 0.13823697218986977, 0.29997069876993526], [0.2197216046279162, 0.2860694238268714, 0.23326050943887042, 0.26094846210634204], [0.21286673195432412, 0.3160565369440364, 0.1878304322340514, 0.2832462988675879], [0.26994662971054345, 0.2898227696472838, 0.14036108552192583, 0.2998695151202468], [0.2544945410505857, 0.2971247230807384, 0.12939789470631727, 0.31898284116235887], [0.2828367764328182, 0.2639933698784966, 0.10947188351942401, 0.3436979701692611], [0.29477506642057105, 0.28367990781272157, 0.0811517797809373, 0.34039324598577037], [0.30320344138659877, 0.248849897395566, 0.10070905725676395, 0.34723760396107156], [0.20041444691091848, 0.341417790950309, 0.20309345700915132, 0.25507430512962087], [0.22525052362272358, 0.3052602293073678, 0.21700046829602337, 0.2524887787738855], [0.2713267515203521, 0.2726173696989911, 0.12562069595949368, 0.3304351828211634], [0.2454388656499074, 0.29655256466488367, 0.14468561145048597, 0.31332295823472295], [0.1809820434383204, 0.29323769734239497, 0.2877138472778295, 0.23806641194145492], [0.28782713399831844, 0.31560199897438707, 0.06580920644377684, 0.33076166058351747], [0.29889588248292365, 0.21890256084071305, 0.12825504432684076, 0.35394651234952235], [0.24092879852044685, 0.29418967387796335, 0.18157608409334977, 0.2833054435082399], [0.2632116209719205, 0.2883474280181698, 0.15296925186665347, 0.29547169914325633], [0.24533746683033766, 0.31994877206330263, 0.16098815136174344, 0.2737256097446161], [0.28302672015526387, 0.2604015102588424, 0.11801287409241419, 0.33855889549347923], [0.23587354067076466, 0.301814528360984, 0.18395083215468638, 0.278361098813565], [0.291234943506224, 0.31528822777308235, 0.05433432125685711, 0.33914250746383623], [0.26214763622503434, 0.2652814641733669, 0.17328536822813997, 0.2992855313734586], [0.25997293652952763, 0.2724330246252135, 0.18535589073577632, 0.2822381481094825], [0.2408401730031575, 0.30303572752695446, 0.1722260926560891, 0.2838980068137989], [0.2417506293241434, 0.26451782607437613, 0.21061024345703172, 0.28312130114444856], [0.2851124834252413, 0.2894422337565956, 0.12931550105294867, 0.2961297817652145], [0.30143752596748075, 0.25511807714408363, 0.1129903389196664, 0.3304540579687694], [0.2600541907445113, 0.2470943604878664, 0.15884048006871979, 0.3340109686989026], [0.24895185367609549, 0.307190382877645, 0.1697552856243249, 0.27410247782193475], [0.2332908138487816, 0.2944679858308635, 0.20931430780156837, 0.26292689251878626], [0.2903312771337677, 0.2696162605176966, 0.10100134870911794, 0.3390511136394177], [0.27357178838919555, 0.27846808991149247, 0.1502970909421698, 0.29766303075714184], [0.2383425731601437, 0.29169422944620393, 0.26051588671384157, 0.20944731067981112], [0.29377508505845573, 0.2705897799160108, 0.09200224535865721, 0.3436328896668761], [0.2713053203312354, 0.2902916701081026, 0.1122670134002704, 0.3261359961603914], [0.2690650097822345, 0.30951545660490226, 0.11779733428929652, 0.30362219932356677], [0.23995065734566057, 0.3005512161412648, 0.17677104295699053, 0.2827270835560839], [0.252940099976488, 0.23631075922757078, 0.21300587617981728, 0.2977432646161238], [0.24613016669143714, 0.3173662337001439, 0.15486913523552512, 0.2816344643728941], [0.2552868626199032, 0.30159079131243305, 0.1258770150396201, 0.3172453310280434], [0.28671837479020507, 0.294129646815271, 0.12005847500486425, 0.29909350338965923], [0.283342379435223, 0.280032372467216, 0.09349188870972039, 0.3431333593878407], [0.2569682193779436, 0.24296390166094406, 0.19380545967108298, 0.30626241929002934], [0.2780279344311403, 0.25080040725518976, 0.13138730415491828, 0.33978435415875147], [0.27941696222859636, 0.3022020812268683, 0.09510742144838842, 0.323273535096147], [0.16203198923070614, 0.3154311491899653, 0.29409914048972957, 0.22843772108959878], [0.29802462636968113, 0.2312106170487267, 0.10208616859937453, 0.3686785879822176], [0.264078226209175, 0.2450434881052629, 0.15719955879739117, 0.3336787268881709], [0.274277083713607, 0.29513900898084244, 0.13369217719556328, 0.29689173010998726], [0.2322405508337473, 0.3125281904953951, 0.23382149415603068, 0.22140976451482686], [0.156361380455453, 0.2779110879763023, 0.4029812215266923, 0.1627463100415526], [0.27277740067554973, 0.2918902867846182, 0.12285097529727644, 0.31248133724255567], [0.2495856692496335, 0.28624843729678545, 0.14105772913106934, 0.32310816432251166], [0.252484713629386, 0.2978702461693651, 0.13627416780216633, 0.3133708723990828], [0.24155941482698112, 0.28571716981621914, 0.19001513779709117, 0.2827082775597085], [0.19768172756789135, 0.306736685593009, 0.2433937648889853, 0.2521878219501145], [0.264040528722978, 0.30476323128008076, 0.12334561661732367, 0.3078506233796177], [0.28912050413387297, 0.289066776834599, 0.07913099775493913, 0.34268172127658897], [0.21953239876084904, 0.3060990950608385, 0.23830490840139018, 0.2360635977769224], [0.2539556139043505, 0.31872472020879006, 0.18550264802512315, 0.24181701786173626], [0.29736703587286656, 0.24603905295744538, 0.11504911310970717, 0.3415447980599809], [0.29550267592614543, 0.23954239697616256, 0.11328775473958577, 0.35166717235810613], [0.25396164602407967, 0.31016953650047224, 0.19515686198154622, 0.24071195549390195], [0.3022708949123718, 0.22381540964073407, 0.10277132055747916, 0.3711423748894147], [0.26996430854779524, 0.2657495274901002, 0.1602572918119394, 0.30402887215016544], [0.2674951369192537, 0.2967660699358028, 0.11231314685778347, 0.3234256462871599], [0.27869217979436234, 0.28068462680347056, 0.1020393166372056, 0.3385838767649615], [0.2710983045279828, 0.2674640315235577, 0.12657820113204415, 0.33485946281641543], [0.1448196774749985, 0.3415709488505032, 0.3131910684837659, 0.2004183051907323], [0.28415076812919604, 0.29034144915518445, 0.09049436730788914, 0.33501341540773033], [0.31533472538375473, 0.2519543793977589, 0.06107278111169199, 0.37163811410679415], [0.26898419569854853, 0.3000847849088597, 0.13515363120372814, 0.2957773881888635], [0.2809440533211184, 0.2824123851032287, 0.17148453056954815, 0.26515903100610483], [0.30232525547002587, 0.24976195063563011, 0.11805560470683021, 0.32985718918751367], [0.266330770232763, 0.2989684153638773, 0.11461430092604478, 0.320086513477315], [0.30063548971058013, 0.2701425744789767, 0.07603669182649254, 0.3531852439839509], [0.19375324198315083, 0.34983257209266955, 0.2976970452933813, 0.158717140630798], [0.2080773914551771, 0.3166067213415153, 0.23817020777907014, 0.23714567942423756], [0.2927153089768609, 0.29530159624545255, 0.08363602433209255, 0.3283470704455938], [0.249508976586235, 0.23460281732513513, 0.2134726269307436, 0.302415579157886], [0.27982615755568, 0.3008458187272926, 0.10237735695561608, 0.3169506667614113], [0.30279914215809417, 0.2613279417562212, 0.07223243356635735, 0.36364048251932735], [0.29765432137790326, 0.2890863769048575, 0.05075032723878906, 0.3625089744784501], [0.2520851041442826, 0.29040747680332407, 0.14048235427434677, 0.31702506477804676], [0.2515027705630759, 0.3085762394340993, 0.12683599316530053, 0.3130849968375243], [0.1847294320445515, 0.31668254011520236, 0.2685046438947739, 0.23008338394547256], [0.2717390552998356, 0.2722911423427829, 0.14562414395828452, 0.3103456583990969], [0.19600275496429362, 0.31839319684407835, 0.20402730708873962, 0.28157674110288816], [0.24821779257659668, 0.28349054106330573, 0.1962733657366743, 0.2720183006234232]]}}