{"test": {"ids": ["101110150", "111119340", "108114200", "104113380", "104114230", "102117351", "107120010", "102111990", "99109311", "97112830", "104114410", "111118820", "113117630", "101111210", "105120280", "99121440", "100117420", "108115250", "110117140", "98111620", "103110840", "99107950", "107113180", "112119580", "111117480", "99108330", "110118880", "109115070", "111119150", "107121640", "108118060", "107121700", "113119450", "99120010", "107113840", "100115700", "113121410", "109120560", "101108080", "101112201", "99107640", "111120190", "107114321", "102110750", "100109311", "102112170", "111116640", "110116170", "108118630", "105113210", "111119250", "98116090", "108121351", "108120280", "97107260", "108117451", "104113190", "97106591", "109113591", "103120531", "103110760", "106113260", "102113350", "103120290", "109121410", "108115500", "111114941", "113121980", "105113260", "111118910", "103117200", "106118520", "97106820", "99114890", "107116300", "106119260", "101108290", "113120601", "105118171", "101111140", "113122220", "103112470", "102109840", "101108121", "113118810", "100109330", "112116850", "110121170", "113122120", "109120621", "112116990", "113122160", "111120280", "100111380", "103120340", "100107920", "111115780", "106117790", "105114220", "112120990", "103109641", "103120780", "100109890", "112120290", "108116481", "98113881", "109118701", "107118490", "102112301", "107114280", "108117360", "102110240", "105116441", "100116790", "108120621", "99112641", "105111990", "111121410", "98108520", "111117571", "112119450", "105121370", "109117271", "109120150", "99109780", "108119510", "112121410", "110115120", "97113260", "103111620", "110115980", "102116500", "112121430", "112117471", "100109980", "99109370", "97116410", "112116401", "104111990", "106112770", "109116810", "104113240"], "labels": [1, 3, 0, 1, 2, 1, 1, 2, 1, 2, 1, 0, 0, 2, 3, 2, 2, 1, 3, 3, 1, 1, 3, 3, 1, 1, 0, 0, 3, 1, 1, 3, 3, 2, 3, 1, 0, 1, 0, 0, 1, 3, 0, 1, 1, 3, 0, 0, 1, 3, 1, 0, 3, 3, 2, 2, 3, 1, 3, 3, 1, 3, 3, 2, 0, 3, 0, 2, 3, 0, 0, 2, 1, 2, 0, 1, 0, 2, 3, 2, 1, 1, 2, 0, 3, 0, 0, 2, 1, 1, 0, 3, 0, 3, 1, 0, 1, 1, 3, 2, 1, 1, 3, 1, 0, 3, 3, 2, 1, 3, 1, 3, 1, 2, 1, 1, 2, 0, 2, 3, 3, 2, 0, 2, 2, 1, 0, 0, 1, 0, 1, 1, 2, 3, 1, 1, 3, 0, 2, 1, 3, 2], "predicted_labels": [3, 3, 0, 0, 2, 3, 3, 0, 3, 3, 3, 0, 1, 3, 3, 1, 2, 2, 3, 2, 2, 2, 2, 3, 1, 3, 3, 1, 3, 0, 1, 1, 0, 2, 1, 0, 3, 2, 0, 1, 3, 3, 3, 1, 3, 0, 0, 0, 3, 3, 1, 1, 3, 3, 2, 3, 1, 2, 1, 1, 0, 1, 3, 2, 3, 1, 3, 3, 3, 3, 3, 0, 3, 2, 3, 0, 3, 1, 1, 3, 1, 1, 1, 3, 3, 0, 3, 3, 1, 0, 0, 2, 3, 0, 3, 3, 0, 1, 0, 1, 3, 1, 0, 2, 0, 1, 3, 1, 2, 1, 3, 1, 1, 0, 1, 0, 3, 0, 0, 0, 3, 3, 3, 2, 1, 1, 3, 1, 3, 1, 3, 2, 0, 1, 0, 3, 2, 0, 0, 3, 3, 1], "confidence_scores": [[0.27184227034130215, 0.26411072741214187, 0.14310367328293616, 0.32094332896362], [0.29727031247517216, 0.2979953333953858, 0.0723850347453074, 0.33234931938413464], [0.30662398509182237, 0.31250845634005936, 0.11034023505207988, 0.27052732351603836], [0.23671088820921607, 0.26056636090011487, 0.2653754964869887, 0.23734725440368026], [0.14131200545630557, 0.2847800312205799, 0.36702285766803605, 0.2068851056550786], [0.31568528271858354, 0.2478895877907981, 0.06285689632035153, 0.37356823317026694], [0.19694471498682664, 0.26306759227366405, 0.2473893997308188, 0.2925982930086908], [0.30965501624802755, 0.24657353032756257, 0.16377175683052156, 0.27999969659388846], [0.1867748509308984, 0.23941181456918326, 0.28285138975335755, 0.2909619447465607], [0.28807744621122133, 0.24063878971702765, 0.17170698830930287, 0.2995767757624479], [0.30663325962677246, 0.25309237660535133, 0.09418306607736755, 0.34609129769050884], [0.33152348181634805, 0.24198575818463328, 0.0627406819330093, 0.3637500780660092], [0.2566507496973265, 0.3255829789346363, 0.13087380792520628, 0.2868924634428311], [0.26605034505034264, 0.24528260136091506, 0.16981461289775196, 0.3188524406909905], [0.1958304970509033, 0.27895763720064304, 0.24170670320957147, 0.28350516253888186], [0.20801794899506287, 0.3232277449140875, 0.22907183352575386, 0.23968247256509598], [0.13226937456266388, 0.2130881352616316, 0.44311772354902484, 0.21152476662667996], [0.2288977305402886, 0.2482405687994434, 0.26603641773949294, 0.2568252829207751], [0.24842341614849617, 0.2891271582991439, 0.1391760687866524, 0.32327335676570745], [0.15160624712064763, 0.23993683135074725, 0.4170053394445296, 0.1914515820840755], [0.24032259654992133, 0.21957658742220637, 0.2706395724570794, 0.2694612435707927], [0.08873376384260143, 0.26248863299828273, 0.4231125091400011, 0.22566509401911478], [0.1874964815650718, 0.2508402828032601, 0.3222631018283432, 0.23940013380332498], [0.23280586342933743, 0.273939420138362, 0.1731854103215525, 0.32006930611074835], [0.2471756824184477, 0.3274821912888681, 0.12107126771271366, 0.30427085857997066], [0.20704507547406276, 0.250698310597992, 0.26462639808856014, 0.27763021583938485], [0.29076691470701466, 0.3013173741307113, 0.05934944768763504, 0.3485662634746389], [0.24429870688961045, 0.4120507926211712, 0.10367147669302121, 0.23997902379619684], [0.2866426517495101, 0.28732098089053804, 0.09005008049878975, 0.3359862868611622], [0.24961041040853796, 0.23372273953330253, 0.27996293722723736, 0.2367039128309221], [0.28650916922523295, 0.3276659516454868, 0.12690296523625483, 0.25892191389302555], [0.2525309137749978, 0.2972961242720292, 0.17119846785255036, 0.2789744941004227], [0.34196123930658995, 0.2249285346652179, 0.062320000728141735, 0.3707902253000503], [0.19305687343958736, 0.2349322041420969, 0.3575100998076784, 0.21450082261063713], [0.24101074080217366, 0.30909713011431, 0.1669136851982334, 0.2829784438852832], [0.25754953693947796, 0.24685178269527086, 0.2315482410316474, 0.2640504393336037], [0.3025323289277449, 0.2593998647056447, 0.047418993968145556, 0.3906488123984647], [0.08761062575460977, 0.2226142083339289, 0.5275101435459616, 0.16226502236549956], [0.2999520030838, 0.31059704633084056, 0.08973465232097916, 0.29971629826438023], [0.2591921720175937, 0.32423982350809327, 0.13427507286502866, 0.28229293160928454], [0.22202914724916673, 0.26143972550247063, 0.2078331467953459, 0.30869798045301666], [0.22241215531900155, 0.28710720130786055, 0.19071058738666957, 0.29977005598646833], [0.2738474739724199, 0.28335522962616755, 0.12106074838858663, 0.32173654801282575], [0.15108327357628432, 0.3523401430454059, 0.36936578003124626, 0.12721080334706364], [0.2679567310251802, 0.3043573669312807, 0.10852291608180382, 0.3191629859617353], [0.26712118282022795, 0.20691190760135833, 0.270343699767711, 0.25562320981070247], [0.27086137750454103, 0.2848643807284869, 0.1957960804870466, 0.2484781612799256], [0.3016435358974645, 0.24912786003053475, 0.13277248132561156, 0.3164561227463892], [0.24411952304509443, 0.29701592036321023, 0.11855953589292682, 0.34030502069876856], [0.28603108903007146, 0.3139576282440196, 0.07115618320561962, 0.32885509952028935], [0.19173251246923778, 0.3110854391398796, 0.22960975094578098, 0.26757229744510147], [0.22698878592088928, 0.2764262555436597, 0.23234131433942326, 0.2642436441960279], [0.2802929010576954, 0.26768044499154353, 0.10573581924769465, 0.34629083470306643], [0.27844421956004034, 0.21899083992406482, 0.18588216925219125, 0.3166827712637034], [0.07542749083038439, 0.14374031361933134, 0.6073909714853334, 0.17344122406495108], [0.3496792651489332, 0.2070226874810785, 0.04353245122804826, 0.39976559614194024], [0.2548213113779929, 0.29311775855971245, 0.16859345159338912, 0.2834674784689056], [0.1750127427817743, 0.25348728538666515, 0.29889332973161864, 0.2726066420999414], [0.25056483329144014, 0.3322634653235834, 0.11661485497219655, 0.3005568464127797], [0.2675991556898457, 0.31955129156046846, 0.11310548653909475, 0.2997440662105914], [0.2879319478568954, 0.29766367275558014, 0.10412061463041893, 0.31028376475710556], [0.25993424647048363, 0.33211028021123784, 0.19369993244406095, 0.21425554087421772], [0.25550713419003, 0.2603817365578063, 0.17737770308825895, 0.3067334261639045], [0.13846844588877405, 0.20863483160941118, 0.47364616868632314, 0.17925055381549204], [0.2719110424361967, 0.23566042075692076, 0.15005634153395822, 0.3423721952729243], [0.22122815519933886, 0.28638594245633825, 0.1978737461969793, 0.2945121561473436], [0.29888314495417106, 0.2758468699040837, 0.07856183041244659, 0.3467081547292988], [0.24140978765543283, 0.30117549486515083, 0.13969656321236631, 0.3177181542670501], [0.2875018858570716, 0.27441658914325423, 0.11643633373210602, 0.32164519126756785], [0.27413325507191333, 0.2757139021980644, 0.1132939763193823, 0.33685886641063983], [0.29714934602472604, 0.2792114941918703, 0.07988289498997585, 0.3437562647934278], [0.29700718476680144, 0.29889462007485557, 0.0868059098222126, 0.31729228533613024], [0.28824664414830975, 0.22258958393886186, 0.15762810597319504, 0.33153566593963346], [0.1530456100769101, 0.2581422515065592, 0.3806201961047133, 0.20819194231181745], [0.24324385069173501, 0.270261102060689, 0.21411054571811794, 0.272384501529458], [0.2655882103386762, 0.26274874886092103, 0.20685152588099884, 0.264811514919404], [0.3089703982668953, 0.2357927062866295, 0.09380737746088152, 0.3614295179855935], [0.2342643996692201, 0.3154052988952428, 0.19060280818869496, 0.25972749324684175], [0.26172826033457863, 0.34228240352387, 0.09532880802132039, 0.30066052812023086], [0.26786317548388544, 0.20147439356145544, 0.23217091825976133, 0.29849151269489776], [0.282313521639881, 0.3084310560266831, 0.10427144076273982, 0.3049839815706961], [0.2578416674914351, 0.31021038132886947, 0.1748804061871611, 0.25706754499253454], [0.20697046121955184, 0.2985090302102445, 0.26446384565129855, 0.23005666291890503], [0.2918546568591851, 0.22925331988418834, 0.1226784526730607, 0.356213570583566], [0.2699287250118423, 0.2932262576297205, 0.09367638013787338, 0.3431686372205638], [0.29329461798152323, 0.27106263944823283, 0.123846525561458, 0.31179621700878596], [0.25074906393394725, 0.28869382717943415, 0.1641510797161772, 0.29640602917044123], [0.2219518637272794, 0.2487892045498419, 0.20468051260921083, 0.32457841911366764], [0.2547470832999171, 0.2822912862791981, 0.20801450311474848, 0.2549471273061364], [0.29724957133383606, 0.28429520990436163, 0.10274374313024173, 0.31571147563156016], [0.3319596343134033, 0.18280034309314477, 0.15508995066972592, 0.33015007192372575], [0.13685963569300288, 0.3044299315054535, 0.343907058015216, 0.21480337478632794], [0.27418674870266485, 0.3087444431388888, 0.08878209078875318, 0.32828671736969306], [0.30424828139800925, 0.2949421736317583, 0.08802990754323202, 0.3127796374270005], [0.21805188966569466, 0.24684993368411218, 0.2549505732493057, 0.28014760340088735], [0.289145064354735, 0.2483637740317134, 0.10436404953687607, 0.35812711207667525], [0.29156518328052317, 0.2955714493838907, 0.1108279065336733, 0.3020354608019127], [0.22208023033871593, 0.32112978132681985, 0.223944305275359, 0.23284568305910486], [0.31102045349685936, 0.2966854715239964, 0.09829226551361503, 0.2940018094655291], [0.275037293798335, 0.3490743873311964, 0.078064149811323, 0.2978241690591458], [0.19161164345276271, 0.23874599807151997, 0.231747403217084, 0.33789495525863356], [0.22515496487146627, 0.328604134453465, 0.15827214283691005, 0.28796875783815834], [0.29335558590463334, 0.253773841621716, 0.1542749553367869, 0.29859561713686367], [0.18449723389715145, 0.20576089399905095, 0.4169889298603218, 0.19275294224347597], [0.32554639529741425, 0.24740658489419348, 0.065975722009008, 0.36107129779938407], [0.19758859993050867, 0.2821103890306681, 0.2766930441192101, 0.24360796691961314], [0.27193289547733773, 0.2665139802278293, 0.1113336341967888, 0.35021949009804415], [0.2519478433537893, 0.3465967074964261, 0.14744630314392398, 0.25400914600586066], [0.232430027736109, 0.25725698172776007, 0.26789155714399815, 0.24242143339213273], [0.26011523286004173, 0.3424945070070314, 0.14338861615195522, 0.2540016439809716], [0.1331217068353209, 0.25718226538452976, 0.3177302516635643, 0.29196577611658514], [0.26592013989244623, 0.29285186644617783, 0.174300538452314, 0.26692745520906186], [0.22862480635914023, 0.33314869668427854, 0.19164993552260642, 0.24657656143397474], [0.28594232301176126, 0.27764919877952027, 0.1656213129036484, 0.2707871653050699], [0.2818687700163736, 0.3020615208567116, 0.10569795058752626, 0.31037175853938836], [0.3278681469574511, 0.2574794664338954, 0.11488393177636483, 0.29976845483228864], [0.29761441904891195, 0.2872763316958183, 0.06852466005359795, 0.3465845892016716], [0.29859242870494396, 0.2822282071221584, 0.0973930363264461, 0.32178632784645134], [0.2848614599918302, 0.2751662036251704, 0.112079014161021, 0.32789332222197853], [0.3041090426400745, 0.31745518446940507, 0.07609297674018099, 0.3023427961503394], [0.2741572880319135, 0.2719108895912697, 0.10123079914716773, 0.3527010232296493], [0.20034490265313873, 0.27280411200623683, 0.21869512199825736, 0.30815586334236694], [0.2784312067972044, 0.24007593913591532, 0.12474126596776558, 0.3567515880991145], [0.20766646463441454, 0.24587465592075167, 0.3265260980862654, 0.21993278135856834], [0.20135327156626703, 0.31334270859812313, 0.25338366374721627, 0.23192035608839354], [0.24411238849838374, 0.28966197161062374, 0.2380993958737329, 0.22812624401725967], [0.27292178687645285, 0.31064404105552446, 0.09303608528256581, 0.32339808678545684], [0.26763458447010186, 0.3255461801701424, 0.10228143922957186, 0.30453779613018395], [0.17414786264326487, 0.21326935433780955, 0.3105966646599078, 0.30198611835901773], [0.23864523203114438, 0.28814769748080127, 0.24025245844191553, 0.23295461204613913], [0.28112663898655416, 0.2742476307585159, 0.10117778612411699, 0.34344794413081303], [0.20881671436844434, 0.2444833371808057, 0.3091498300634675, 0.2375501183872825], [0.31026732418160363, 0.27396464591379976, 0.08544197338020375, 0.3303260565243929], [0.2763844198026574, 0.32363826351386843, 0.08190207554746727, 0.3180752411360068], [0.27785365644993815, 0.2787867836094452, 0.16648404101762854, 0.27687551892298823], [0.24148558998535058, 0.25842245947957093, 0.2075762387626189, 0.2925157117724595], [0.17704937271877294, 0.2480937261041292, 0.31817251641998723, 0.25668438475711064], [0.3429836208509638, 0.2337507531405281, 0.06524944313062253, 0.3580161828778854], [0.30908914376474134, 0.3025575305785599, 0.10328592166633113, 0.2850674039903678], [0.20501708172756736, 0.24919132757086238, 0.2098219913849342, 0.335969599316636], [0.2507426157616956, 0.2995025145528888, 0.13281748797951146, 0.316937381705904], [0.19451730022434693, 0.3300779337028377, 0.2698651039767966, 0.2055396620960187]]}, "rewritten": {"ids": ["97106591", "97106820", "97107260", "97112830", "97113260", "97116410", "98108520", "98111620", "98113881", "98116090", "99107640", "99107950", "99108330", "99109311", "99109370", "99109780", "99112641", "99114890", "99120010", "99121440", "100107920", "100109311", "100109330", "100109890", "100109980", "100111380", "100115700", "100116790", "100117420", "101108080", "101108121", "101108290", "101110150", "101111140", "101111210", "101112201", "102109840", "102110240", "102110750", "102111990", "102112170", "102112301", "102113350", "102116500", "102117351", "103109641", "103110760", "103110840", "103111620", "103112470", "103117200", "103120290", "103120340", "103120531", "103120780", "104111990", "104113190", "104113240", "104113380", "104114230", "104114410", "105111990", "105113210", "105113260", "105114220", "105116441", "105118171", "105120280", "105121370", "106112770", "106113260", "106117790", "106118520", "106119260", "107113180", "107113840", "107114280", "107114321", "107116300", "107118490", "107120010", "107121640", "107121700", "108114200", "108115250", "108115500", "108116481", "108117360", "108117451", "108118060", "108118630", "108119510", "108120280", "108120621", "108121351", "109113591", "109115070", "109116810", "109117271", "109118701", "109120150", "109120560", "109120621", "109121410", "110115120", "110115980", "110116170", "110117140", "110118880", "110121170", "111114941", "111115780", "111116640", "111117480", "111117571", "111118820", "111118910", "111119150", "111119250", "111119340", "111120190", "111120280", "111121410", "112116401", "112116850", "112116990", "112117471", "112119450", "112119580", "112120290", "112120990", "112121410", "112121430", "113117630", "113118810", "113119450", "113120601", "113121410", "113121980", "113122120", "113122160", "113122220"], "labels": [1, 1, 2, 2, 1, 3, 2, 3, 3, 0, 1, 1, 1, 1, 1, 2, 1, 2, 2, 2, 0, 1, 0, 3, 1, 3, 1, 2, 2, 0, 0, 0, 1, 2, 2, 0, 2, 3, 1, 2, 3, 1, 3, 1, 1, 1, 1, 1, 0, 1, 0, 2, 1, 3, 1, 2, 3, 2, 1, 2, 1, 2, 3, 3, 3, 1, 3, 3, 2, 1, 3, 1, 2, 1, 3, 3, 3, 0, 0, 2, 1, 1, 3, 0, 1, 3, 0, 1, 2, 1, 1, 1, 3, 1, 3, 3, 0, 3, 0, 3, 2, 1, 1, 0, 0, 1, 0, 3, 0, 2, 0, 1, 0, 1, 3, 0, 0, 3, 1, 3, 3, 0, 0, 0, 0, 0, 3, 3, 3, 1, 2, 0, 2, 0, 3, 3, 2, 0, 2, 1, 3, 1], "predicted_labels": [3, 3, 2, 3, 3, 3, 0, 2, 1, 1, 3, 2, 1, 3, 3, 1, 0, 2, 2, 1, 3, 3, 0, 0, 3, 0, 0, 0, 2, 0, 3, 3, 3, 3, 3, 1, 1, 1, 1, 0, 0, 0, 3, 0, 3, 3, 0, 0, 1, 1, 3, 2, 3, 1, 1, 0, 1, 1, 1, 2, 3, 3, 1, 3, 0, 0, 1, 1, 3, 3, 1, 1, 0, 0, 2, 1, 1, 3, 3, 1, 2, 0, 1, 0, 2, 1, 3, 3, 0, 0, 3, 1, 3, 0, 3, 1, 1, 3, 3, 3, 2, 2, 3, 3, 1, 3, 1, 3, 3, 3, 3, 0, 1, 1, 0, 0, 3, 3, 1, 0, 3, 3, 0, 0, 1, 0, 3, 3, 3, 2, 1, 1, 0, 1, 3, 0, 1, 3, 1, 0, 1, 1], "confidence_scores": [[0.2774345346739504, 0.25515222569986795, 0.134413761268927, 0.3329994783572544], [0.3029672603504591, 0.2416383195026987, 0.11683379193547902, 0.338560628211363], [0.08915815453350917, 0.1533139491494389, 0.5841771971215288, 0.1733506991955234], [0.2774250669912239, 0.24005597814410773, 0.18419528663020288, 0.2983236682344656], [0.19835456868488807, 0.2120323821635836, 0.29589665275908633, 0.2937163963924421], [0.20078620089063162, 0.24764808156596077, 0.2785095294322489, 0.2730561881111588], [0.30542544633081803, 0.2606692181634085, 0.11404102380316866, 0.31986431170260493], [0.16189157128075918, 0.25746983422238723, 0.38802166081597667, 0.19261693368087712], [0.23782205756252098, 0.3043281191317416, 0.21439710431731362, 0.24345271898842372], [0.23518081487132483, 0.3008748920251977, 0.2048303102657827, 0.25911398283769477], [0.24195335773102772, 0.2624312148396, 0.18105568917536402, 0.31455973825400835], [0.11842044377325872, 0.31147414587069777, 0.3046668010284982, 0.26543860932754526], [0.21609524517443546, 0.2589679032383559, 0.25945851942280374, 0.2654783321644052], [0.21784376772338143, 0.2402144797139713, 0.24254658782598987, 0.29939516473665734], [0.22764258927107953, 0.2811235814269535, 0.22015519464350608, 0.2710786346584609], [0.19448189948398717, 0.323507198787494, 0.23545003093035186, 0.24656087079816688], [0.33087077373670765, 0.26593984469462767, 0.09759995756862054, 0.3055894240000443], [0.18851953206125202, 0.29054296484626907, 0.28538883184611313, 0.23554867124636591], [0.2045675207095623, 0.25228064137920403, 0.3199199213570159, 0.22323191655421748], [0.2219731877756494, 0.31823607638426826, 0.22129374847060543, 0.23849698736947667], [0.2911089249704786, 0.2563029335913543, 0.09657148145805244, 0.3560166599801148], [0.2613257677768633, 0.27963208377085047, 0.14279210310531587, 0.31625004534697027], [0.29310353706287934, 0.2708592583519984, 0.12818067512559653, 0.30785652945952563], [0.2882898657290935, 0.2542671091612671, 0.15563845527138045, 0.3018045698382591], [0.2419205018790292, 0.2793634986672922, 0.18429431007665964, 0.29442168937701935], [0.30308947097130207, 0.3063473827967885, 0.07625509177248437, 0.31430805445942533], [0.2862560689342367, 0.2609068890855867, 0.16335033002268592, 0.2894867119574906], [0.2857769924991453, 0.2902512988302376, 0.1472907048528573, 0.2766810038177599], [0.19766011886033558, 0.24036309066865938, 0.29961983877396675, 0.26235695169703843], [0.2991906493481581, 0.30920437152972274, 0.08968714174221905, 0.30191783737990013], [0.2991506987465591, 0.23000559296539505, 0.11702214933809385, 0.3538215589499518], [0.30868762254821935, 0.2416537083368159, 0.0864348191818646, 0.36322384993310003], [0.2695128097770571, 0.26325564646863764, 0.14941854450074224, 0.31781299925356277], [0.28513982692033285, 0.22003229492048124, 0.18112279743316775, 0.3137050807260179], [0.2693312197980007, 0.26951541791863437, 0.14484683076197213, 0.31630653152139276], [0.27119274320923986, 0.3142406742218757, 0.11349269858892365, 0.301073883979961], [0.23223077427677155, 0.31177594894114224, 0.19328212577715173, 0.26271115100493486], [0.28184332989583694, 0.3045283652988578, 0.13407103486430183, 0.27955726994100294], [0.18260901132404234, 0.3578520131278541, 0.30833733937998214, 0.15120163616812135], [0.31488214125865815, 0.2399796637174228, 0.15393638947989652, 0.2912018055440228], [0.271421237856698, 0.22260682031015236, 0.23290767764979226, 0.2730642641833572], [0.2551772708422726, 0.2614692432999593, 0.21696425127178504, 0.26638923458598307], [0.2709759973841851, 0.26336358149214856, 0.15692795185558545, 0.30873246926808107], [0.24616316515755302, 0.24447872404242868, 0.24769486952538813, 0.2616632412746301], [0.3163268100587843, 0.2561592943899295, 0.06052850682534909, 0.3669853887259365], [0.19251455425120045, 0.24207937055757742, 0.2568054610850886, 0.3086006141061335], [0.2987214604353038, 0.29805089602947227, 0.0874937183124466, 0.31573392522277743], [0.2632548485432002, 0.2526642539708136, 0.20354324181371714, 0.2805376556722691], [0.26145697031228343, 0.2994364362231159, 0.19016321474548692, 0.2489433787191138], [0.2679359856470716, 0.30850748640110054, 0.15478735968398788, 0.2687691682678399], [0.2871790586692493, 0.28297537662512556, 0.0839813017476978, 0.34586426295792716], [0.1401431630556979, 0.2315816411750859, 0.4525516839313351, 0.17572351183788099], [0.23440647514450993, 0.28004573118915504, 0.19426791311680616, 0.2912798805495289], [0.2665764258128756, 0.30875327391216734, 0.12392269935699224, 0.30074760091796493], [0.24670477330894328, 0.3400996326643101, 0.13203748062953535, 0.28115811339721103], [0.2722188123087928, 0.2894323582288104, 0.16581032615817007, 0.2725385033042267], [0.26497368925960296, 0.30045977363126525, 0.16687294325098226, 0.26769359385814984], [0.1931832821778349, 0.3365793567004843, 0.2662084143542261, 0.20402894676745448], [0.25166257248836393, 0.2734713886107696, 0.21573090948465837, 0.25913512941620814], [0.1860098487046561, 0.27447883544951196, 0.29379698592998, 0.24571432991585215], [0.3049904204167378, 0.24564618426624152, 0.10024734133756648, 0.34911605397945406], [0.2998331381494697, 0.28582138369380305, 0.06481689722785704, 0.34952858092887035], [0.29076136392333546, 0.32237503541048534, 0.06867784928502708, 0.3181857513811519], [0.2877201329385862, 0.2858349812053277, 0.1041981621431879, 0.32224672371289814], [0.29758123243222645, 0.31047391972265936, 0.10389602881441098, 0.2880488190307035], [0.286351481366993, 0.3058012732936972, 0.1248892437502718, 0.28295800158903794], [0.2786207143435746, 0.3120734602326757, 0.09468928810827261, 0.31461653731547723], [0.2422161084751215, 0.30849411694727835, 0.17352305560649653, 0.27576671897110383], [0.1972369506324156, 0.2733997098552514, 0.23853634593849435, 0.29082699357383845], [0.21604487163353764, 0.2533612948793682, 0.21179527876974408, 0.31879855471735025], [0.269721305078244, 0.3621670481489839, 0.14832012850919948, 0.2197915182635726], [0.21994600519628352, 0.3146433476999045, 0.2131374402453755, 0.25227320685843635], [0.3134671906533616, 0.30313036300724555, 0.08997659519305388, 0.29342585114633896], [0.2683559831306805, 0.26852578032379665, 0.19106316591228176, 0.27205507063324136], [0.1921386210358162, 0.2664349053165303, 0.30884918530919503, 0.23257728833845806], [0.25658091590844556, 0.30061705487438234, 0.1484335222968912, 0.29436850692028077], [0.2782105609225385, 0.30270153708136766, 0.135379303949994, 0.28370859804609944], [0.27746459571676707, 0.2798112771521586, 0.12071188756196098, 0.32201223956911346], [0.2744417051991801, 0.25742842716515185, 0.13882198981334298, 0.3293078778223251], [0.2626271197402937, 0.33413947025053437, 0.13304954790167833, 0.27018386210749396], [0.21960035253504004, 0.26332607694293425, 0.26175357819360656, 0.25531999232841923], [0.2747596093240553, 0.22895984556409624, 0.2455061340660867, 0.2507744110457619], [0.244921606140164, 0.30959833030268846, 0.17311202568750014, 0.27236803786964714], [0.31103432846900236, 0.3189538645215503, 0.10267118966374987, 0.26734061734569753], [0.2333849042764797, 0.25628179900359455, 0.25637290392549084, 0.25396039279443494], [0.20574372274066113, 0.2988151599961056, 0.2187652408811182, 0.27667587638211527], [0.3195282876092572, 0.2642554003914847, 0.05207411540133852, 0.36414219659791913], [0.14755913893056907, 0.2633398521257443, 0.2958337374556537, 0.2932672714880331], [0.3450694202785101, 0.22101217968115094, 0.05318166618093414, 0.38073673385940493], [0.2898203609877388, 0.3091094147424062, 0.12734631411856154, 0.27372391015129344], [0.25261149101181213, 0.2953004743715665, 0.11559998442825388, 0.33648805018836764], [0.27933715343836496, 0.3140470822388321, 0.15492343870346073, 0.25169232561934196], [0.2786708734633062, 0.22497032891260343, 0.18404543959460723, 0.31231335802948307], [0.2915264775105828, 0.30269848075886224, 0.09318185826625781, 0.3125931834642972], [0.28705601478846776, 0.29093984976335463, 0.08983844134092828, 0.3321656941072492], [0.2816566166745333, 0.30926901922761446, 0.1041164887008132, 0.30495787539703895], [0.25458219771494983, 0.3860551720047883, 0.10436779112325653, 0.2549948391570055], [0.2568312297599218, 0.30037489928079647, 0.12958461459497536, 0.3132092563643063], [0.299544958005543, 0.24079457677552232, 0.10319568575548663, 0.35646477946344807], [0.286523517758527, 0.25104931948929493, 0.10787924855495595, 0.3545479141972221], [0.22330430583745492, 0.2595445118883092, 0.2928843094464363, 0.2242668728277998], [0.16052441456812577, 0.26753267488682936, 0.3336792508677113, 0.2382636596773334], [0.3129678746818586, 0.2668320782105256, 0.06904211424774855, 0.3511579328598669], [0.2824720783495917, 0.2320427344695838, 0.13804606023409544, 0.3474391269467294], [0.268429968291219, 0.33755758267013203, 0.08771952224546377, 0.30629292679318515], [0.2772971707791129, 0.27405548188744716, 0.11316127174904553, 0.33548607558439464], [0.2694732652909117, 0.3014253514738559, 0.12256101907024436, 0.30654036416498787], [0.2574658757107429, 0.2786205212957138, 0.1288811689562035, 0.3350324340373396], [0.2784438644110548, 0.30492450006449373, 0.06993948495900747, 0.34669215056544417], [0.2544350538325768, 0.249924579640217, 0.1741473445345513, 0.3214930219926548], [0.3048424371893275, 0.2786676943678404, 0.06907258427056204, 0.34741728417227014], [0.28760293344999344, 0.2922134751075977, 0.12151137760893993, 0.2986722138334691], [0.2560297579016612, 0.28042765611204523, 0.22772245902271862, 0.23582012696357488], [0.28320589174753036, 0.32178423388616917, 0.07887349177798299, 0.31613638258831733], [0.3054059328223607, 0.3207618882653925, 0.09408106768395327, 0.27975111122829355], [0.32298577655581673, 0.25586127750272775, 0.06282781647680755, 0.3583251294646481], [0.2794765694472895, 0.279413357937105, 0.1017781532120365, 0.33933191940356916], [0.2779486477221165, 0.2999538099868002, 0.09299326938432073, 0.3291042729067625], [0.18321952071303932, 0.31816761651101855, 0.2367642081022298, 0.2618486546737123], [0.30274047562242695, 0.28809804950746903, 0.08444588836585402, 0.32471558650425014], [0.24933717455265855, 0.29803251206082554, 0.1461733647662085, 0.30645694862030753], [0.2672857071963555, 0.3151997137613459, 0.0932131698270337, 0.3243014092152647], [0.2950939835051441, 0.2693989891336632, 0.13365399096543001, 0.3018530363957625], [0.3388968705268857, 0.23433824858249921, 0.06824204543883423, 0.358522835451781], [0.24454166280571665, 0.30322025411302134, 0.1700193596058682, 0.2822187234753938], [0.30658169714022776, 0.22247637742843554, 0.17322263603894522, 0.29771928939239173], [0.29007759373722525, 0.2852240371330133, 0.08764330546697889, 0.33705506366278254], [0.261726580467414, 0.278321801332779, 0.1268620622463541, 0.33308955595345285], [0.23932695029833867, 0.27770037252127067, 0.1550460757795448, 0.3279266014008459], [0.21455239103256127, 0.2060429777167441, 0.37064849330848204, 0.2087561379422125], [0.26778258272375266, 0.3540505793105017, 0.09089822126563278, 0.287268616700113], [0.26184593694553576, 0.3205463977214836, 0.1075355440185799, 0.310072121314401], [0.3077552225344629, 0.28257556517063087, 0.09753238658846289, 0.31213682570644335], [0.2622417283315554, 0.31884377536796965, 0.1251569686383276, 0.2937575276621475], [0.2728998326610438, 0.2862186499946714, 0.0980613262871748, 0.3428201910571101], [0.3349964382418704, 0.24064674422767074, 0.06380246134194544, 0.3605543561885134], [0.2530397941161829, 0.3323179347266137, 0.12023381421356327, 0.29440845694364043], [0.30550999398918155, 0.2583775896830242, 0.05385090138156881, 0.3822615149462252], [0.2448671299969067, 0.31067205771563655, 0.13655956393502555, 0.30790124835243116], [0.26165570255636417, 0.2760543135274441, 0.1927786910866922, 0.2695112928294994], [0.17600936465125008, 0.31035886458029055, 0.25478909436870983, 0.2588426763997494], [0.2880074149932869, 0.31635118709087434, 0.09419439033444615, 0.3014470075813924]]}}