{"test": {"ids": ["112117471", "111114121", "110117140", "106112770", "107114280", "109117600", "103110220", "111114941", "105121370", "113120640", "100111390", "107114200", "107116340", "99121440", "100111380", "103113260", "112121430", "106120290", "107115140", "99108710", "110117110", "105120280", "100120780", "102118380", "107113260", "106118161", "108120060", "104114230", "111120220", "111119340", "108118520", "98106680", "107121230", "108115570", "108115500", "98109230", "112117580", "110114321", "98108410", "109120560", "111116750", "102110750", "111121220", "104119290", "107112840", "104111620", "112117780", "112116501", "113122120", "112121010", "104118070", "111116100", "108119330", "110118111", "98112300", "112121410", "112119450", "106111321", "111119610", "113120601", "97105760", "112116810", "104112470", "110118810", "112119980", "103111170", "112120540", "105113190", "99105921", "112119610", "113119930", "103110050", "101114020", "97113900", "99108580", "107114950", "110118450", "110118740", "104114240", "110114720", "112120990", "97107920", "104111990", "113121220", "111119250", "105116980", "99108010", "103117461", "99110730", "108115970", "112118161", "112117461", "102109010", "109114220", "99112641", "107119130", "111120320", "98108970", "113119120", "109117730", "111119930", "108115250", "105116860", "110117200", "99109141", "112120670", "109114720", "99109161", "105121190", "109118701", "101113210", "100112060", "110115140", "99108080", "97105451", "105110091", "99116500", "103120531", "103111480", "108118810", "110115980", "113122180", "108115880", "101109120", "111115400", "109120621", "107120880", "98109090", "102113210", "101111210", "110116290", "111116530", "105120621", "105112240", "111117571", "110120560", "104109311", "106117650", "97112300", "97107821", "106113190", "103118110"], "labels": [3, 0, 3, 1, 3, 1, 2, 0, 2, 0, 2, 2, 3, 2, 3, 3, 2, 2, 0, 2, 0, 3, 1, 1, 0, 3, 1, 2, 3, 3, 0, 1, 0, 3, 3, 1, 0, 1, 1, 1, 3, 1, 3, 1, 1, 0, 0, 3, 1, 2, 2, 3, 0, 1, 2, 0, 3, 0, 2, 2, 0, 3, 1, 1, 0, 2, 3, 3, 1, 0, 1, 3, 3, 2, 0, 3, 0, 3, 0, 3, 2, 0, 2, 3, 1, 0, 2, 0, 3, 2, 0, 0, 1, 3, 1, 1, 1, 3, 3, 3, 1, 1, 2, 3, 3, 2, 0, 3, 2, 3, 3, 2, 0, 3, 0, 0, 2, 3, 0, 1, 1, 2, 3, 1, 0, 1, 1, 1, 3, 2, 2, 3, 1, 1, 3, 0, 3, 1, 2, 2, 0, 2], "predicted_labels": [1, 0, 3, 2, 2, 2, 3, 1, 1, 3, 1, 1, 3, 2, 0, 1, 2, 3, 3, 3, 1, 1, 0, 1, 3, 0, 1, 2, 0, 1, 0, 3, 1, 3, 0, 3, 0, 1, 0, 3, 0, 1, 3, 1, 1, 3, 1, 1, 1, 2, 0, 0, 3, 3, 0, 0, 0, 3, 2, 0, 1, 2, 1, 1, 1, 1, 3, 3, 1, 2, 1, 1, 3, 3, 0, 2, 1, 3, 2, 0, 1, 0, 1, 0, 2, 1, 1, 1, 2, 3, 1, 3, 3, 3, 3, 0, 2, 3, 3, 0, 3, 3, 1, 1, 0, 1, 3, 1, 1, 1, 0, 3, 0, 3, 1, 1, 1, 1, 1, 1, 1, 0, 1, 0, 3, 3, 1, 3, 0, 0, 2, 0, 3, 3, 2, 2, 3, 0, 0, 0, 3, 3], "confidence_scores": [[0.0026586563661878857, 0.9227546682217068, 0.007285792467928443, 0.0673008829441769], [0.5691061002013387, 0.18605874649784906, 0.0023160246427079765, 0.24251912865810446], [0.3128538826712212, 0.022405585628844253, 0.023955733780801052, 0.6407847979191333], [0.11192632494549352, 0.06496506236118207, 0.814688956115261, 0.008419656578063352], [0.13789951680170018, 0.3132265656839692, 0.48941290153501543, 0.059461015979315184], [0.20731152218712443, 0.003192487651249491, 0.5818304813662256, 0.2076655087954005], [0.0005183131586301093, 0.14134043185158549, 0.01722872336356126, 0.840912531626223], [0.007303763004426228, 0.9824231077828938, 0.008468451469672558, 0.0018046777430077098], [0.00756229772008481, 0.5964757643593682, 0.3811572930068513, 0.014804644913695687], [0.4014257712005005, 0.03409517096520458, 0.0012598523469717425, 0.5632192054873231], [0.027303078154851466, 0.7972754364024529, 0.01778117648457333, 0.15764030895812234], [0.0636746265829907, 0.8396040327038573, 0.0880270575531541, 0.008694283159997988], [0.013205544166618179, 0.12417709987837897, 0.016007326976351342, 0.8466100289786515], [0.06452017602116035, 0.0088531393732067, 0.9254371808952805, 0.0011895037103522802], [0.5034800455217748, 0.024747772468225994, 0.12779598101216197, 0.3439762009978371], [0.03309018410762623, 0.8550953430063098, 0.10954236794911675, 0.002272104936947086], [0.011528004724924922, 0.33700629589649805, 0.6113235286380369, 0.04014217074054016], [0.04335295786853514, 0.30511154096124593, 0.0011004579950093423, 0.6504350431752096], [0.0784044903130456, 0.008216623005151188, 0.03917180529300526, 0.8742070813887979], [0.0313901154606045, 0.10562357563473729, 0.18630536025303573, 0.6766809486516225], [0.03070669111958687, 0.6587287637232551, 0.21959082183573525, 0.09097372332142291], [0.02239687752681909, 0.9577380363375927, 0.0020722826109206708, 0.017792803524667507], [0.9780292405429212, 0.01491194103695962, 0.0032827707396802653, 0.003776047680438879], [0.007140591752040477, 0.9474613731129428, 0.0298925843766942, 0.015505450758322457], [0.029135379244973687, 0.06091133410205287, 0.2704707825532889, 0.6394825040996844], [0.9645058179416913, 0.010228282348893527, 0.0050475705772942275, 0.02021832913212076], [0.0007673566484188338, 0.98782260860476, 0.001808231526622512, 0.00960180322019856], [0.0038034499025351525, 0.25168923364879786, 0.7226128073438463, 0.02189450910482076], [0.5646618023694648, 0.2746711657586573, 0.13009418404820702, 0.030572847823670875], [0.025069934200065886, 0.6957464796938759, 0.2755090311311044, 0.003674554974953684], [0.9061140504644153, 0.033819534653762404, 0.0523118458068975, 0.00775456907492479], [0.021843752102384827, 0.08984503497596413, 0.018212000894580454, 0.8700992120270705], [0.033494245208952514, 0.5518001653735227, 0.02013401573514395, 0.39457157368238077], [0.19231033391366642, 0.07398182962104433, 0.12841013962169434, 0.6052976968435949], [0.7398688927888314, 0.08107454678280832, 0.06847759215295096, 0.11057896827540926], [0.07087647892265757, 0.0013461131702612189, 0.10615471307661524, 0.821622694830466], [0.9659415663715801, 0.00037977487310996566, 0.009443334108004364, 0.024235324647305365], [0.004667164440547043, 0.9931481556703939, 0.00023507065558360532, 0.0019496092334753956], [0.6702863398695343, 0.06162657373457704, 0.09095493116277012, 0.17713215523311843], [0.010152246196449817, 0.056281263007063015, 0.03726949189662123, 0.896296998899866], [0.8382073509912378, 0.02225484045806562, 0.0007673016385843923, 0.13877050691211235], [0.006763755639167592, 0.573030975769453, 0.336311691416228, 0.0838935771751513], [0.15169642543508438, 0.06318290452944209, 0.004717048454849077, 0.7804036215806245], [0.09001725840917033, 0.8042212252516114, 0.027378842029690886, 0.07838267430952733], [0.00015717793249759294, 0.9530574069917701, 0.037108281958926806, 0.009677133116805464], [0.2106097062582693, 0.009374537055508713, 0.0010991091020731085, 0.7789166475841488], [0.10189391487884365, 0.5224744670862164, 0.012376076989602173, 0.3632555410453377], [0.2806815575880558, 0.47634220719372844, 0.012828018958255336, 0.2301482162599605], [0.01872837647226968, 0.9529702355145078, 0.02371791796048255, 0.004583470052739927], [0.03143488537629253, 0.3038159409350617, 0.5414200746478317, 0.123329099040814], [0.8062959523548178, 0.0026152229037583164, 0.11256669320239268, 0.07852213153903118], [0.7364180587892798, 0.19636217618289162, 0.005504052895810645, 0.06171571213201809], [0.05116093534290238, 0.15665676253667046, 0.022198617521396628, 0.7699836845990307], [0.04587252350557775, 0.18946459612262773, 0.0011173224580383499, 0.7635455579137562], [0.4390208916186918, 0.12999432264680044, 0.04370415309682859, 0.3872806326376792], [0.9329380765831259, 0.05058362553268669, 0.000108825618026221, 0.01636947226616109], [0.9022108444173945, 0.09474736466018695, 0.000339635178964671, 0.002702155743453845], [0.0032580997666184705, 0.001674060513932089, 0.008853154299962966, 0.9862146854194864], [0.10248455525962714, 0.0042803533253912346, 0.8867968521880651, 0.006438239226916487], [0.4535650518266915, 0.013449512207160747, 0.32530669766044473, 0.20767873830570305], [0.017201132950962685, 0.9156778169448652, 2.1760111916853553e-05, 0.06709928999225534], [0.14016244113973356, 0.06922525465491247, 0.7525203840345712, 0.03809192017078283], [0.020019073229799855, 0.4353937695452868, 0.28703917704912063, 0.2575479801757927], [0.06625576321001683, 0.7836770434776485, 0.016265331244036646, 0.13380186206829817], [0.008016900495068719, 0.8935968967034559, 0.09758260138568624, 0.0008036014157891895], [0.09186622963206442, 0.6272391496797167, 0.17853936995134098, 0.10235525073687775], [0.3187377058741491, 0.06358510464639787, 0.012719887848539007, 0.604957301630914], [0.09497907847412955, 0.03173850928866851, 0.2792076955207208, 0.5940747167164812], [0.0032630990648715554, 0.9167226274053507, 0.028338337219813818, 0.05167593630996391], [0.059728548940246415, 0.38686273338987565, 0.5447592824596876, 0.008649435210190173], [0.014973413182669683, 0.9835108907016278, 0.0011214093025793718, 0.000394286813123389], [0.29148831810416514, 0.4793596467270796, 0.018290116136173394, 0.21086191903258183], [0.015222400745331873, 0.2301210437648233, 0.010843298975783944, 0.7438132565140608], [0.16944388157908197, 0.3234581837463786, 0.02072203196963298, 0.48637590270490655], [0.4759682940943261, 0.19666110608439175, 0.25230551346057883, 0.07506508636070335], [0.1148748735096988, 0.10504465836843477, 0.6054540292969578, 0.1746264388249086], [0.018753933857944084, 0.9091651458932353, 0.059513647814964314, 0.012567272433856285], [0.2098704566179, 0.13092985333699117, 0.020199538900743788, 0.639000151144365], [0.2550055681755875, 0.08005770801003223, 0.3651822257618445, 0.2997544980525358], [0.501391954690548, 0.0456023197582659, 0.4494771610613326, 0.0035285644898535406], [0.06800247234307576, 0.4251945948462807, 0.3046967983057065, 0.2021061345049371], [0.8612036471253147, 0.005441454026772917, 0.0014029067904335502, 0.13195199205747896], [0.05140722070463065, 0.49059771286838233, 0.1018511468024587, 0.35614391962452846], [0.5974706674219333, 0.2616417203582942, 0.07781711940433679, 0.06307049281543566], [0.3056966738621921, 0.025373605424454167, 0.6287190826212808, 0.04021063809207287], [0.035981660873795666, 0.7560023859612945, 0.00911189709670499, 0.19890405606820494], [0.11159460637318294, 0.8578891170233751, 0.02044447114543288, 0.010071805458009097], [0.023096951307334742, 0.8296530373871107, 0.03356717259714184, 0.11368283870841263], [0.0009498859963181546, 0.0072433240426203645, 0.9621454233833868, 0.02966136657767458], [0.09594315391127343, 0.0016719144533968557, 0.0027074683582324973, 0.8996774632770973], [0.25259122107135146, 0.7470523155719494, 0.0002961324838095112, 6.0330872889698924e-05], [0.4635412623634926, 0.0049290289114056075, 0.0002775403745536423, 0.531252168350548], [0.005007406412093006, 0.0648773747197636, 0.03593389661515011, 0.8941813222529933], [0.17253537573173638, 2.3096694009754007e-05, 0.00029553960992694276, 0.8271459879643268], [0.019256998731114496, 0.2949307935530071, 0.019545994102273857, 0.6662662136136045], [0.6491376802367803, 0.25348177048736903, 0.07236792068456982, 0.0250126285912808], [0.36953716688524046, 0.05908805680755305, 0.5652362895592132, 0.006138486747993188], [0.0070483255543552495, 0.43426784180467354, 0.009082026567966998, 0.5496018060730041], [0.0018428672415012003, 0.13220381316316415, 0.014935267870853718, 0.851018051724481], [0.7596003582524974, 0.06175787156944582, 0.049998862874240116, 0.12864290730381672], [0.10537169092066154, 0.28702155260036455, 0.15634136356649828, 0.4512653929124756], [0.030282744929578834, 0.07534055705806524, 0.01869268806886135, 0.8756840099434945], [0.18222464246451184, 0.4155259725566727, 0.39797974322596696, 0.004269641752848567], [0.0356399180289799, 0.9349407968624406, 0.028680541617096423, 0.0007387434914832426], [0.9954476291832277, 0.0012787210137848966, 1.0138572861366588e-05, 0.0032635112301259246], [0.21509560421138904, 0.5869495947067181, 0.04703523283033185, 0.15091956825156086], [0.08017441544688589, 0.00423553292526429, 0.22772309911567293, 0.6878669525121769], [0.36431167452994095, 0.4717753247311211, 0.15633802096641472, 0.00757497977252327], [0.014097145852290566, 0.880941141599512, 0.0956448640592209, 0.00931684848897672], [0.0034760955579430748, 0.5614895838322114, 0.0015788127563224046, 0.43345550785352316], [0.5180758285260152, 0.110760253869757, 0.2573579227247521, 0.11380599487947561], [0.02150627793826274, 0.06791660301762192, 0.10452805674162542, 0.80604906230249], [0.7108454531948323, 0.11247480099663029, 0.013912202655066912, 0.1627675431534705], [0.006615700722195146, 0.03211587907727348, 0.010990529981177825, 0.9502778902193535], [0.424264201660482, 0.5678190334493574, 0.00170462687343123, 0.006212138016729493], [0.033103609876882684, 0.6356926558693943, 0.28858060726102064, 0.04262312699270228], [0.009125168778327336, 0.8418979486762688, 0.1230665519944356, 0.025910330550968055], [0.004544144259446675, 0.5510395167253468, 0.006514448119876048, 0.43790189089533044], [0.3152620959011064, 0.5272993666389343, 0.0002499131535655463, 0.1571886243063938], [0.0122984787082869, 0.5149435794767453, 0.0022563940273699875, 0.47050154778759784], [0.02508560394884171, 0.8696932648259492, 0.0037264994635366334, 0.10149463176167223], [0.49287089872551787, 0.028101244311398644, 0.3235909239833253, 0.1554369329797582], [0.012387299303427243, 0.5653347964128781, 0.002396116855771784, 0.41988178742792287], [0.8928016722250446, 0.0005131563782873357, 0.014484503350268869, 0.09220066804639919], [0.2007493137150134, 0.0822733192440039, 0.03597845535581987, 0.6809989116851628], [0.11153145698487218, 0.012288670614010577, 0.0017422853689479222, 0.8744375870321693], [0.03728490188026708, 0.7495509076549656, 0.07296212793089875, 0.14020206253386874], [0.02738052559241023, 0.38247611921312985, 0.18608336614662163, 0.40405998904783835], [0.6908784047069646, 0.011965444266658822, 0.05644702129953208, 0.24070912972684455], [0.5575784164068494, 0.14107951247773803, 0.25906046642398184, 0.04228160469143071], [0.0655407160685809, 0.1300085450322671, 0.7413379808534084, 0.0631127580457436], [0.9032283222415521, 0.07812846792608792, 0.004416149563848863, 0.014227060268511015], [0.3589425606325734, 0.004299990470642154, 3.99044641394703e-05, 0.6367175444326449], [0.0009217950256710103, 0.049830054376713694, 0.10208331684618925, 0.847164833751426], [0.29531763285473706, 0.12333835373779636, 0.3905619443932292, 0.19078206901423744], [0.016822313550440046, 0.009762294586479045, 0.9621941213223066, 0.011221270540774316], [0.02031048129149616, 0.4507357767855319, 0.0005995597297830022, 0.528354182193189], [0.7702608545256113, 0.07009033354125112, 0.04326158209873093, 0.11638722983440669], [0.6056884596878938, 0.1039645964391072, 0.00283490393582109, 0.28751203993717794], [0.6754884349396403, 0.06872746248716795, 0.012023441657371162, 0.24376066091582058], [0.20052246037147914, 0.07852059181898637, 0.020860490260033348, 0.7000964575495011], [0.07273463252912461, 0.07260853819846708, 0.2901484681112618, 0.5645083611611464]]}, "rewritten": {"ids": ["97105451", "97105760", "97107821", "97107920", "97112300", "97113900", "98106680", "98108410", "98108970", "98109090", "98109230", "98112300", "99105921", "99108010", "99108080", "99108580", "99108710", "99109141", "99109161", "99110730", "99112641", "99116500", "99121440", "100111380", "100111390", "100112060", "100120780", "101109120", "101111210", "101113210", "101114020", "102109010", "102110750", "102113210", "102118380", "103110050", "103110220", "103111170", "103111480", "103113260", "103117461", "103118110", "103120531", "104109311", "104111620", "104111990", "104112470", "104114230", "104114240", "104118070", "104119290", "105110091", "105112240", "105113190", "105116860", "105116980", "105120280", "105120621", "105121190", "105121370", "106111321", "106112770", "106113190", "106117650", "106118161", "106120290", "107112840", "107113260", "107114200", "107114280", "107114950", "107115140", "107116340", "107119130", "107120880", "107121230", "108115250", "108115500", "108115570", "108115880", "108115970", "108118520", "108118810", "108119330", "108120060", "109114220", "109114720", "109117600", "109117730", "109118701", "109120560", "109120621", "110114321", "110114720", "110115140", "110115980", "110116290", "110117110", "110117140", "110117200", "110118111", "110118450", "110118740", "110118810", "110120560", "111114121", "111114941", "111115400", "111116100", "111116530", "111116750", "111117571", "111119250", "111119340", "111119610", "111119930", "111120220", "111120320", "111121220", "112116501", "112116810", "112117461", "112117471", "112117580", "112117780", "112118161", "112119450", "112119610", "112119980", "112120540", "112120670", "112120990", "112121010", "112121410", "112121430", "113119120", "113119930", "113120601", "113120640", "113121220", "113122120", "113122180"], "labels": [0, 0, 2, 0, 2, 2, 1, 1, 3, 1, 1, 2, 1, 2, 3, 0, 2, 3, 3, 3, 1, 2, 2, 3, 2, 2, 1, 1, 2, 3, 3, 1, 1, 3, 1, 3, 2, 2, 0, 3, 0, 2, 3, 3, 0, 2, 1, 2, 0, 2, 1, 0, 1, 3, 2, 0, 3, 1, 2, 2, 0, 1, 0, 1, 3, 2, 1, 0, 2, 3, 3, 0, 3, 1, 1, 0, 1, 3, 3, 3, 2, 0, 1, 0, 1, 3, 0, 1, 3, 3, 1, 1, 1, 3, 0, 1, 2, 0, 3, 3, 1, 0, 3, 1, 0, 0, 0, 0, 3, 3, 3, 3, 1, 3, 2, 1, 3, 1, 3, 3, 3, 0, 3, 0, 0, 0, 3, 0, 0, 3, 2, 2, 2, 0, 2, 3, 1, 2, 0, 3, 1, 2], "predicted_labels": [1, 3, 1, 3, 3, 3, 3, 2, 1, 1, 3, 3, 1, 3, 3, 1, 1, 3, 1, 2, 3, 3, 2, 3, 3, 3, 1, 3, 2, 2, 3, 1, 2, 1, 1, 3, 1, 2, 3, 2, 3, 1, 3, 2, 3, 2, 1, 1, 2, 2, 2, 3, 3, 2, 2, 1, 1, 0, 3, 1, 3, 2, 3, 3, 0, 3, 1, 2, 1, 1, 3, 3, 3, 1, 3, 1, 3, 1, 2, 3, 3, 2, 3, 3, 1, 3, 2, 2, 2, 3, 3, 3, 3, 2, 2, 1, 2, 2, 3, 1, 3, 1, 3, 2, 2, 0, 1, 3, 1, 3, 3, 3, 2, 3, 2, 3, 1, 2, 3, 3, 2, 3, 3, 3, 3, 1, 0, 1, 1, 1, 1, 1, 2, 3, 1, 1, 1, 3, 3, 3, 1, 3], "confidence_scores": [[0.043848853962204656, 0.6599163375493389, 0.00029369406687116377, 0.2959411144215852], [0.010913283954883692, 0.03299469426316279, 0.0022294085858406386, 0.9538626131961128], [0.19687049982935573, 0.37639346861517664, 0.055831367756902985, 0.3709046637985646], [0.3098603644059553, 0.0010299222501418473, 0.003632111247269101, 0.6854776020966338], [0.016852316229197993, 0.02082099570781938, 0.009314150913222028, 0.9530125371497606], [0.0015391984271773919, 0.006222566188081016, 0.01949015348587558, 0.9727480818988661], [0.016914669460059227, 0.16096173057386554, 0.16870014591654822, 0.6534234540495271], [0.008650137571166247, 0.06742959184038191, 0.6457007196287391, 0.2782195509597128], [0.0005779011477651023, 0.980304703809174, 0.013372407041553801, 0.005744988001507196], [0.003985368857210626, 0.5149043330920025, 0.0232826244427008, 0.4578276736080861], [0.0012539863121128684, 0.0022962902260612286, 0.05315899406202779, 0.9432907293997981], [0.009518557006560362, 0.006750178567880915, 0.010012382394192207, 0.9737188820313665], [0.002710532263957428, 0.6339372207276393, 0.09669023390355498, 0.26666201310484844], [0.04943405674945157, 0.3129074317777463, 0.11665566572929814, 0.521002845743504], [0.0057796064025455295, 0.26080153891760965, 0.009391638262288964, 0.7240272164175559], [0.19084171534884273, 0.33926321077515176, 0.20394636664684423, 0.2659487072291612], [0.025416972334203383, 0.8583469018801342, 0.07452768510455351, 0.041708440681109], [0.11544086521173928, 0.024088788756335792, 0.016241665142909725, 0.8442286808890151], [0.057372223715417434, 0.6308714861623809, 0.2937381801944235, 0.018018109927778386], [0.00031722766204115465, 0.0021585025107829507, 0.9864260456010355, 0.01109822422614054], [0.00011748355669738247, 0.10800212728901651, 0.05198896888781916, 0.8398914202664668], [0.0018620354046317126, 0.07541123402929707, 0.1724202582758684, 0.7503064722902028], [0.03728030737185327, 0.06344087393060513, 0.7816997954024786, 0.11757902329506305], [0.005928999516333793, 0.01920569601293671, 0.0448467065328598, 0.9300185979378697], [0.006283184719529184, 0.30463154440397283, 0.0742233830770783, 0.6148618877994196], [0.0007807553980473256, 0.06540784764767597, 0.03186922777601737, 0.9019421691782593], [0.08951337829799201, 0.8646111071182596, 0.016586129697425657, 0.029289384886322625], [0.18729512948111102, 0.007200503109833463, 0.08167556928046829, 0.7238287981285872], [2.8751160788352223e-05, 0.047715076920954363, 0.6273861025241124, 0.3248700693941448], [0.02910216082450253, 0.14839474643109277, 0.5046008368268269, 0.3179022559175778], [0.03782269037671686, 0.23293933931973942, 0.0668921476511306, 0.662345822652413], [0.004471916679713842, 0.5962843907263375, 0.012193404224414924, 0.3870502883695336], [5.0475708969374114e-05, 0.0427974389015042, 0.9427923518477187, 0.014359733541807937], [0.026394988180985422, 0.8339042795837511, 0.028563953541116512, 0.11113677869414687], [0.0005024531751272608, 0.9012462678439735, 0.08971173444473066, 0.008539544536168488], [0.0007853908328909852, 0.01795576535693916, 0.03950111792884871, 0.9417577258813211], [0.0005663873436380123, 0.42588670053721417, 0.25337297481343035, 0.32017393730571747], [0.1352520999096257, 0.2750559181163273, 0.34644191168107513, 0.24325007029297185], [0.1006553835224824, 0.2501935944527877, 0.003236926573127653, 0.6459140954516022], [0.004334491795292477, 0.3481537164394571, 0.4058854501465305, 0.24162634161871993], [0.0041064443843991825, 0.0263750115784236, 0.04237898636945382, 0.9271395576677234], [0.004108693767258904, 0.4504343751162875, 0.23697266789239746, 0.3084842632240561], [0.0006635193398309704, 0.03267608745375433, 0.06183657354728675, 0.904823819659128], [0.0031447442885660397, 0.0049987471362307806, 0.5323942756442722, 0.45946223293093097], [0.2605133205399824, 0.2432985837794745, 0.05107918395831345, 0.4451089117222296], [0.003191781861120632, 0.06345846260059508, 0.8619783349918901, 0.07137142054639418], [0.0009238246112142069, 0.5026739411222975, 0.04942274493790042, 0.446979489328588], [0.0012090610000991657, 0.8637428347400399, 0.09350225575012146, 0.04154584850973953], [0.0028896204906456668, 0.029789699568018968, 0.6427342227075253, 0.32458645723381013], [0.001154334222737248, 0.004324892309630489, 0.9777783617682535, 0.016742411699378543], [0.19122117954336945, 0.30245714438535454, 0.3664938622944268, 0.1398278137768492], [0.0036043875242089984, 0.2539724949313238, 0.11133365770191087, 0.6310894598425564], [0.00017510380531055296, 0.0005221630139182802, 0.01981195572759516, 0.9794907774531759], [0.04852071169921184, 0.04637365793108723, 0.8242462646732894, 0.08085936569641143], [0.03327508778832836, 0.21217645111784517, 0.7538012533223403, 0.000747207771486158], [0.014239050880624587, 0.6754287088551065, 0.011557402763755617, 0.29877483750051315], [0.011242053013432408, 0.763116945317969, 0.15411247722475283, 0.07152852444384569], [0.6057007190476529, 0.18123719691675902, 0.03215805810733524, 0.18090402592825272], [0.0013938195403046935, 0.029946165262795307, 0.1303220245987529, 0.8383379905981472], [0.00023691717920474445, 0.606316968168418, 0.3840704146302268, 0.009375700022150563], [0.0004267191928745732, 0.012953824703618194, 0.035822736190623886, 0.9507967199128833], [8.378827750909066e-06, 6.6699624649946e-05, 0.9908635815420507, 0.009061340005548545], [0.00022436733612191424, 0.016503960133365483, 0.060055240540733815, 0.9232164319897788], [0.0057002294801269185, 0.05268575460841467, 0.31286234231816723, 0.6287516735932912], [0.9050911725157087, 0.013309454904387522, 0.045726200685193036, 0.035873171894710704], [0.002882933916633513, 0.33375432228435387, 0.00543765983284494, 0.6579250839661677], [0.0003153766632344892, 0.8885890864982515, 0.09177335434708506, 0.019322182491428922], [1.4866954430841758e-05, 0.007904523096242415, 0.9592585036815606, 0.03282210626776621], [0.00012956159546905846, 0.8427093409512976, 0.0032791167840679077, 0.15388198066916536], [0.02327396127336669, 0.7240686292508959, 0.1520707152817055, 0.10058669419403189], [0.005055877569936871, 0.17629204987491873, 0.14820230162696593, 0.6704497709281785], [3.8323421737500275e-05, 0.00023626193863714867, 0.030852235376288777, 0.9688731792633366], [0.0006310988284209447, 0.04237074059420455, 0.3299395693495294, 0.6270585912278451], [0.09846289032015645, 0.49546539699485664, 0.15318009630728333, 0.2528916163777034], [7.105179610075522e-05, 0.006326394314942983, 0.310167398263747, 0.6834351556252093], [0.025682311758246035, 0.5363338636046486, 0.11351772035363197, 0.32446610428347344], [0.00015750675502041817, 0.2733077118820776, 0.01579969183081902, 0.710735089532083], [0.04606256760513124, 0.8075598804621563, 0.07397440186787005, 0.07240315006484242], [0.0003128051185515326, 0.059517784857217454, 0.7370266698909045, 0.2031427401333265], [0.008316754223860549, 0.31945835199419576, 0.00733266139139147, 0.6648922323905523], [0.013294225629381377, 0.06447937779036626, 0.05561616606928895, 0.8666102305109633], [0.3141089485194566, 0.11790581073207786, 0.3879914552424965, 0.1799937855059691], [0.00022002181634092947, 0.004044757767634612, 0.008870244488477806, 0.9868649759275465], [0.003292437963496856, 0.19673974163326793, 0.15748229436812766, 0.6424855260351076], [0.012325175483270044, 0.43776341613689285, 0.3785477619323867, 0.17136364644745025], [9.735389125056605e-06, 0.00030651947772430933, 6.722426756704917e-05, 0.9996165208655836], [0.0007552512018577683, 0.33889723642784353, 0.4585719818262312, 0.20177553054406747], [0.012550073484088145, 0.07780173723888027, 0.7781858364673426, 0.13146235280968896], [0.0003768282853869231, 0.008063372951232758, 0.7247179623262607, 0.2668418364371195], [3.202721272108721e-05, 0.2657685309580686, 0.017973142232420206, 0.7162262995967901], [0.015604166799013853, 0.18021296712289128, 0.10357000626480282, 0.700612859813292], [0.0005369391072900774, 0.004247827175201162, 0.319651333879209, 0.6755638998382997], [0.013932191135439516, 0.1556413358680844, 0.33567884649655416, 0.4947476264999218], [0.00023239463121365998, 0.02371121567649346, 0.8478018782905298, 0.12825451140176297], [0.001234849683960843, 0.14694342168450603, 0.7136844001050362, 0.13813732852649685], [0.04146209285668709, 0.7635851355656484, 0.06344857649991717, 0.13150419507774733], [0.006614757285079328, 0.012725533144624464, 0.7849754685019618, 0.19568424106833435], [0.010904345411310893, 0.2573584691346915, 0.6050213352677631, 0.12671585018623438], [0.017953842023093688, 0.007471551269226282, 0.11580774776662409, 0.8587668589410559], [0.000661381579108091, 0.8567699985828248, 0.005796950413888518, 0.13677166942417865], [0.0033646377351584395, 0.08608795241265733, 0.002957772241456045, 0.9075896376107282], [0.029151653064947994, 0.6074344243437273, 0.33299489027858664, 0.030419032312737928], [0.020570494542502153, 0.08752177339680194, 0.012576074992262931, 0.8793316570684331], [0.01137858920970353, 0.1512676597877865, 0.5665354714381746, 0.27081827956433535], [0.0019439346416294453, 0.003823670888358945, 0.8488274070802134, 0.14540498738979826], [0.34433248640491354, 0.16246496060028817, 0.19249003441243237, 0.300712518582366], [0.0012941833603422926, 0.9728145799777116, 0.01922179352687454, 0.006669443135071537], [0.028930916780507625, 0.057902585893143975, 0.03714405473546111, 0.8760224425908872], [0.014782061501316513, 0.91353561418912, 0.011288237514784845, 0.06039408679477871], [0.009791247084145485, 0.4174615710481402, 0.10786755251054499, 0.4648796293571693], [0.18268839528668393, 0.012090040244148989, 0.02127157897065791, 0.7839499854985092], [0.0015679699594133584, 0.0006174508489621077, 0.021394833633486442, 0.9764197455581382], [0.008320785236013546, 0.33661836274650325, 0.5259387027468656, 0.12912214927061771], [0.000500496789538166, 0.20182298370649354, 0.2232736571530767, 0.5744028623508916], [0.001860661504879095, 0.03282316160041873, 0.7278859172876535, 0.23743025960704858], [0.039675138467297186, 0.2320841639693981, 0.04664236054742893, 0.6815983370158758], [0.004076331052353171, 0.7957463601344462, 0.011281996929670012, 0.18889531188353048], [0.0058683470984632604, 0.024690433548161583, 0.8634296127213311, 0.10601160663204394], [0.009032908694908236, 0.23901349177561798, 0.21056476478811315, 0.5413888347413606], [0.007121783289096426, 0.4754604851324759, 0.005999577366614768, 0.5114181542118129], [0.06673476676565544, 0.007760811938245523, 0.9213558296013329, 0.004148591694766145], [0.001265421449027839, 0.006819588121392241, 0.006193557527435691, 0.9857214329021443], [0.0009854339827589154, 0.06876920303357527, 0.020407028584856098, 0.9098383343988098], [0.17944895713170403, 0.0062374363792518485, 0.06286261901683769, 0.7514509874722064], [0.014621247506170913, 0.03326759047862281, 0.14219851173966477, 0.8099126502755415], [0.038187725391053196, 0.66199389464661, 0.06519453098731834, 0.23462384897501848], [0.7473955493899564, 0.07405475174452336, 0.008702248587486939, 0.16984745027803325], [0.001930141465092848, 0.8954972479119121, 0.03022388843229927, 0.07234872219069563], [0.01215052268102672, 0.9623844830049161, 0.014210714256231759, 0.011254280057825295], [0.07583076933291052, 0.7486283325625461, 0.09938614413587357, 0.07615475396866987], [0.006466779626552088, 0.9272571741727518, 0.03558919038857543, 0.030686855812120856], [8.878374894079852e-05, 0.8971577190655949, 0.06013475570844176, 0.04261874147702259], [0.0009616141944036434, 0.06822919096859169, 0.8303573043189363, 0.10045189051806835], [0.034366319597018316, 0.012898214188072462, 0.03545270781886918, 0.91728275839604], [0.013460656580361609, 0.5824979006674357, 0.3476577184215162, 0.05638372433068645], [0.002734292821335886, 0.855441845310133, 0.03013292313159952, 0.11169093873693145], [0.026499923232734993, 0.9517295113473454, 0.001234141847936802, 0.020536423571982803], [0.0001905950122584974, 8.063189603423105e-05, 0.09444716741036635, 0.9052816056813409], [0.021665937951347764, 0.24223957378370506, 0.0033007011055184027, 0.7327937871594288], [0.0003277072614877986, 0.03353850821919699, 0.03460913281782233, 0.931524651701493], [0.002883074369685335, 0.6994285626691107, 0.11916391083513082, 0.17852445212607307], [0.000403303102301931, 0.01832365571053459, 0.176553519109739, 0.8047195220774245]]}}