{"test": {"ids": ["111119950", "105116501", "107120260", "108119510", "97109570", "110117200", "103110220", "111120640", "107114321", "113119480", "111115620", "98108580", "111120320", "100111390", "110113591", "113121980", "110114651", "104112470", "113121190", "97116500", "98107410", "113118820", "101111310", "100113370", "109114030", "107121700", "108121160", "109116040", "111121190", "110115250", "107114110", "109113931", "97107920", "105116860", "109120621", "103120340", "102121440", "99111340", "113121950", "113120751", "108117451", "102121700", "99109780", "99119830", "113119120", "99107560", "107118820", "109121410", "110120531", "99108310", "110115580", "110114610", "113119700", "109118161", "98111860", "108118060", "112119950", "113121750", "100112060", "106116820", "106113360", "101114020", "112118620", "112121030", "99107300", "108115250", "108113760", "112117471", "106116850", "113120531", "108114200", "112118701", "98109230", "106118520", "98106680", "106117770", "107114780", "109115220", "110118930", "98119591", "102114270", "103110840", "100110050", "104111990", "107119130", "107113840", "113117340", "104113210", "99112840", "97107040", "113118620", "106112770", "107113550", "106113190", "104113550", "98113881", "110121450", "110116501", "98108150", "112120540", "99111440", "98120530", "98108520", "108113740", "99109141", "108114670", "97107950", "99112531", "112118511", "102112250", "105110251", "100111080", "102109910", "107120010", "113118690", "104111780", "105112260", "99112641", "107114200", "99111930", "98110680", "108121410", "106120290", "101108370", "103111480", "98106880", "102110750", "99108890", "99109740", "99109840", "111120540", "102118380", "112117431", "104111531", "110114950", "104113170", "100109910", "105119550", "113119930", "112120630", "105115250", "104113190"], "labels": [0, 1, 1, 1, 0, 3, 2, 0, 0, 3, 1, 0, 1, 2, 0, 2, 3, 1, 1, 2, 3, 0, 3, 3, 1, 3, 2, 0, 1, 1, 1, 1, 0, 2, 1, 1, 2, 1, 3, 1, 2, 1, 2, 1, 3, 1, 3, 0, 0, 2, 1, 1, 0, 0, 0, 1, 0, 0, 2, 1, 0, 3, 3, 0, 3, 1, 1, 3, 3, 0, 0, 0, 1, 2, 1, 0, 2, 3, 1, 1, 3, 1, 3, 2, 1, 3, 2, 3, 2, 2, 3, 1, 0, 0, 1, 3, 3, 3, 0, 3, 3, 1, 2, 3, 3, 3, 2, 3, 1, 0, 0, 0, 2, 1, 3, 3, 3, 1, 2, 1, 2, 0, 2, 1, 0, 0, 1, 0, 3, 2, 1, 1, 0, 0, 0, 3, 2, 1, 1, 3, 2, 3], "predicted_labels": [3, 3, 3, 3, 0, 1, 1, 1, 3, 1, 3, 3, 3, 3, 3, 0, 0, 0, 1, 3, 3, 0, 2, 3, 1, 1, 1, 3, 3, 3, 3, 1, 0, 3, 0, 3, 3, 1, 1, 3, 1, 3, 1, 3, 3, 1, 3, 3, 1, 3, 1, 1, 1, 3, 3, 3, 3, 1, 3, 3, 1, 3, 3, 3, 0, 1, 1, 1, 3, 0, 3, 3, 1, 3, 3, 3, 3, 3, 1, 1, 1, 1, 3, 1, 1, 1, 1, 3, 3, 3, 1, 3, 3, 3, 0, 1, 3, 3, 1, 3, 1, 1, 0, 3, 0, 3, 1, 1, 1, 3, 1, 3, 3, 3, 3, 3, 1, 3, 1, 1, 0, 3, 3, 3, 3, 3, 1, 1, 3, 3, 3, 2, 1, 1, 3, 0, 3, 1, 1, 0, 3, 1], "confidence_scores": [[0.3048228882228882, 0.20232468087468095, 0.17030743145743152, 0.3225449994449994], [0.2633387271225507, 0.2549617668279432, 0.14363994893994902, 0.33805955710955704], [0.23330740370740388, 0.2760798534798535, 0.19564221334221338, 0.2949705294705295], [0.21606976356976365, 0.27188945498945505, 0.2035693750693752, 0.30847140637140646], [0.2967969200733907, 0.2311773012934778, 0.20285709927327578, 0.2691686793598559], [0.27851234321234325, 0.2952976995226995, 0.13748516483516493, 0.2887047924297926], [0.2366911937735469, 0.28006357172239527, 0.219324699483523, 0.2639205350205351], [0.2217607864357865, 0.3165443056943056, 0.18161742620124982, 0.2800774816686583], [0.25664289321789335, 0.2654679681429682, 0.19117652902652915, 0.2867126096126098], [0.26809131228248895, 0.2790115578865579, 0.1878646325896327, 0.265032497241321], [0.25733554974437334, 0.2732594877344877, 0.171922711438888, 0.29748225108225124], [0.2563899211899212, 0.23381017316017316, 0.1819613997113999, 0.3278385059385058], [0.26794691615573973, 0.22692438476556143, 0.21529725829725854, 0.28983144078144074], [0.24382378732378743, 0.22480631590631606, 0.190922360972361, 0.3404475357975358], [0.28998679588385473, 0.255904038118744, 0.1637173457261693, 0.29039182027123217], [0.30382998667998656, 0.25423823953823965, 0.15320283605283608, 0.2887289377289379], [0.3304441863691862, 0.24486549561549562, 0.16130092407592417, 0.263389393939394], [0.2795544233544235, 0.2664537323787326, 0.193575111000111, 0.2604167332667333], [0.2298399988899991, 0.29962244454891523, 0.17558406870906867, 0.29495348785201725], [0.21679671439671455, 0.2706660450660451, 0.22186314241314242, 0.290674098124098], [0.2954364496614498, 0.24337898212898215, 0.15949053446553446, 0.30169403374403375], [0.2983759684759684, 0.27884617604617606, 0.15197702852702866, 0.2708008269508271], [0.20564774669774677, 0.2661153291153293, 0.27109892884892905, 0.2571379953379954], [0.22514145854145867, 0.26182362082362076, 0.21442619047619052, 0.2986087301587303], [0.28208373293373296, 0.28350572483072495, 0.17680550560550556, 0.2576050366300368], [0.16504189699189706, 0.34169696447343495, 0.20471217671217676, 0.2885489618224913], [0.21149829059829078, 0.3347318181818182, 0.1490112554112555, 0.3047586358086359], [0.24861535686535688, 0.2825584970584971, 0.17502977022977043, 0.29379637584637597], [0.26060878565878576, 0.24939253524253527, 0.1740702741702743, 0.31592840492840485], [0.2421558108558108, 0.26469227439227444, 0.1689529248529249, 0.3241989898989901], [0.214363025863026, 0.2678784049284051, 0.1893179542679543, 0.328440614940615], [0.2453453926792164, 0.2919512939674705, 0.17576333943833944, 0.28693997391497383], [0.33621888862771204, 0.18680786435786453, 0.14912805886923539, 0.3278451881451881], [0.2389572261072262, 0.2557277167277168, 0.21276303418803427, 0.292552022977023], [0.2953506041344277, 0.25631064295181955, 0.16878383005883016, 0.279554922854923], [0.21785072982572987, 0.26094738872238865, 0.21645966810966819, 0.3047422133422135], [0.278959706959707, 0.2199509046509048, 0.20973326395826408, 0.29135612443112463], [0.23482536907536922, 0.2751998223998225, 0.24147888500388498, 0.24849592352092356], [0.2833104617604618, 0.2902879065379065, 0.15085319680319692, 0.27554843489843495], [0.26077544122544133, 0.2770796148296148, 0.1566428071928074, 0.3055021367521367], [0.23722369297369303, 0.32350742590742576, 0.14974382284382293, 0.2895250582750581], [0.2432203074703075, 0.24199054279054294, 0.23648422329304697, 0.27830492644610294], [0.21702247556365212, 0.30697774447774445, 0.2403803022141258, 0.2356194777444778], [0.24339573759573774, 0.27050823898323906, 0.2093246309246312, 0.2767713924963924], [0.2450525752025752, 0.28628681318681326, 0.14264537129537147, 0.3260152403152403], [0.21151066433566443, 0.29766525419025425, 0.20681515151515145, 0.2840089299589301], [0.20790339105339106, 0.29513139638139635, 0.18135707625707637, 0.3156081363081364], [0.2489856587856589, 0.28079038184038174, 0.16839330114330128, 0.30183065823065813], [0.26975240870240874, 0.29337375435022506, 0.1509621711621712, 0.2859116657851952], [0.2372403873903875, 0.26929417249417265, 0.2140279054279056, 0.27943753468753474], [0.23392256354756355, 0.28360362415362433, 0.21416023143523158, 0.2683135808635809], [0.1959637223887225, 0.2964288433788435, 0.21386990786990795, 0.29373752636252637], [0.25848625818625826, 0.3025557775557775, 0.18051207681207695, 0.25844588744588765], [0.2558240870240871, 0.28328353868353867, 0.17526348651348655, 0.2856288877788879], [0.23374340136987207, 0.2787312806474573, 0.2070003837665603, 0.2805249342161108], [0.2647529914529916, 0.26451905316905333, 0.16852893217893225, 0.3021990231990233], [0.3004692093853858, 0.21407862415362428, 0.15114697492050433, 0.3343051915404858], [0.19671245617127966, 0.3262183288933288, 0.1650473562385328, 0.3120218586968587], [0.24278203740703766, 0.2681369357766416, 0.21331787999582133, 0.2757631468204998], [0.2363338341397166, 0.24681384726384736, 0.23808017962429734, 0.278772138972139], [0.25379398934398945, 0.30958854201354213, 0.16062845487845492, 0.2759890137640138], [0.25930506993007, 0.2538912559662561, 0.17608784271284278, 0.31071583139083125], [0.2538033855033854, 0.2740918470418472, 0.17672113442113452, 0.295383633033633], [0.2790882978132979, 0.2809379231879232, 0.14076631146631158, 0.2992074675324675], [0.3191979856744564, 0.24804548033665696, 0.1450651273563039, 0.2876914066325831], [0.24556736286589248, 0.30471459928959915, 0.19275962403609484, 0.256958413808414], [0.21983930513930539, 0.29281476301476306, 0.21701719946719955, 0.27032873237873234], [0.25102306027306037, 0.2930820568320568, 0.18214475246975254, 0.2737501304251305], [0.22125015621633298, 0.271841832350656, 0.18375354367854382, 0.3231544677544679], [0.29329367299367326, 0.2403224442224443, 0.178485497835498, 0.2878983849483849], [0.23843212898212915, 0.26123274503274513, 0.21805669885669893, 0.2822784271284273], [0.2556231715996424, 0.2918327502562798, 0.1492152997329469, 0.3033287784111312], [0.19732870185370205, 0.28796381396381415, 0.25811354478854487, 0.2565939393939396], [0.26217360694860703, 0.2671879231879233, 0.18014343711843722, 0.2904950327450329], [0.19382065712065735, 0.27941454819690115, 0.24331195226342306, 0.2834528424190189], [0.2469739593739595, 0.23481529304029333, 0.22604789573171932, 0.2921628518540281], [0.22241824286824297, 0.27340712065712064, 0.22018265623265623, 0.2839919802419802], [0.2640175951499482, 0.2615939540851306, 0.16723872826519887, 0.3071497224997227], [0.19484928959928974, 0.3260353424353425, 0.19073090520590533, 0.2883844627594628], [0.2523179070929072, 0.2817728882228884, 0.1857711974300211, 0.28013800725418375], [0.20673515928515937, 0.29898588633588646, 0.1989672660672662, 0.29531168831168814], [0.23545353927118629, 0.327857348207348, 0.17037411281528933, 0.2663149997061762], [0.24455007770007786, 0.27351943611943613, 0.1890009934509937, 0.29292949272949276], [0.2281337479513951, 0.2903287573537574, 0.2151849769511535, 0.26635251774369434], [0.24073276445776454, 0.3080097985347987, 0.18814273896038605, 0.2631146980470512], [0.26271277056277076, 0.3006458374958374, 0.17061835386835394, 0.26602303807303834], [0.24023316683316695, 0.3004828782328781, 0.1871196109446111, 0.272164343989344], [0.22163475968475968, 0.231644044844045, 0.18938709068709086, 0.3573341047841045], [0.20555163251780914, 0.27840313297813296, 0.22174651182151195, 0.29429872268254625], [0.24729912587412592, 0.2460790270187329, 0.21036424751718888, 0.29625759958995285], [0.23429762182262207, 0.28115997613497595, 0.21152355422355418, 0.2730188478188478], [0.18701024057641716, 0.29760768953268946, 0.21075585133820435, 0.30462621855268945], [0.2661057553557555, 0.23507020202020212, 0.18302514152514154, 0.315798901098901], [0.22572475024975025, 0.2408458430458431, 0.23406550394050418, 0.2993639027639028], [0.35143658008657974, 0.23130326340326354, 0.12342891552891558, 0.2938312409812412], [0.2503431627196334, 0.303816284532461, 0.1765435961097726, 0.26929695663813324], [0.2632307137307137, 0.27604008214008235, 0.13490577755577754, 0.32582342657342644], [0.2657248140748141, 0.2893233433233434, 0.13469393939393948, 0.31025790320790314], [0.2054582123758596, 0.29290148070883365, 0.23378250915750937, 0.267857797757798], [0.25189515843633503, 0.27375491648874023, 0.1861333055833057, 0.28821661949161953], [0.25674578754578775, 0.2946675657675658, 0.20323088414853133, 0.2453557625381155], [0.28288133533133525, 0.28525791430791436, 0.1538677433677435, 0.2779930069930071], [0.2696140637140638, 0.25898265623265637, 0.21078777333777346, 0.2606155067155069], [0.26461148377766036, 0.269407178932179, 0.16099762100644469, 0.3049837162837163], [0.29529687812187805, 0.28687376512376495, 0.16493709346209354, 0.2528922632922632], [0.2536213064713066, 0.24278720168720175, 0.21158451548451546, 0.2920069763569763], [0.2285334045039929, 0.29719865771483417, 0.2161133557618851, 0.2581545820192881], [0.2937005716505718, 0.29685371572871566, 0.1699130702630703, 0.23953264235764235], [0.22582057387057403, 0.3327138694638694, 0.1624766677766678, 0.27898888888888895], [0.2687476911976912, 0.2134088383838384, 0.19406204906204919, 0.32378142135642135], [0.2894827045503516, 0.2983805638805638, 0.15960823979941635, 0.25252849176966835], [0.25598177933177935, 0.24365324675324676, 0.1570396270396271, 0.34332534687534705], [0.25262105394605405, 0.25428007825507837, 0.1975055777555779, 0.29559329004329005], [0.18699236596736601, 0.2847486208236208, 0.22748376623376626, 0.300775246975247], [0.18409417249417256, 0.26586356421356433, 0.17673258685758697, 0.3733096764346765], [0.26946722721722727, 0.24626647241647254, 0.18834058719058716, 0.29592571317571303], [0.21189736929736938, 0.324946731046731, 0.19530871350871362, 0.26784718614718617], [0.263481895881896, 0.2713453796203797, 0.1720899045399045, 0.29308281995781993], [0.1996194083694085, 0.2892895248542308, 0.2505345605375017, 0.2605565062388594], [0.26272580475080476, 0.29305972915972917, 0.15851446886446893, 0.28569999722499745], [0.291725235875236, 0.2491787379287381, 0.18564861804861807, 0.27344740814740803], [0.2525266439442911, 0.24715115440115443, 0.17343872597990243, 0.3268834756746522], [0.20659956432456453, 0.30670826950826957, 0.17994435286935295, 0.30674781329781337], [0.2429490418078654, 0.2826628926628927, 0.16694321038438684, 0.30744485514485514], [0.2685316897155133, 0.25392708206825865, 0.16494598179598188, 0.3125952464202463], [0.26996046812664465, 0.2581901395989632, 0.19475134865134877, 0.2770980436230436], [0.19595672660672667, 0.30162176157176146, 0.24172320457320465, 0.26069830724830756], [0.27300310245310255, 0.28964309579309594, 0.14965464535464534, 0.28769915639915633], [0.20163336108336122, 0.27221731879231875, 0.2335062604062605, 0.2926430597180598], [0.2156965811965813, 0.26952582972582967, 0.2448838439338441, 0.26989374514374515], [0.23441427183927183, 0.2569109557109558, 0.22803177655677673, 0.2806429958929959], [0.2053838832735893, 0.26754766540648894, 0.2735837415852124, 0.2534847097347097], [0.23670962925962924, 0.3025169386169385, 0.16494910089910095, 0.2958243312243313], [0.2718499306249307, 0.29882937617937616, 0.150490503940504, 0.27883018925518926], [0.24362267732267737, 0.27402112332112327, 0.19867402597402609, 0.2836821733821735], [0.2830219982631749, 0.24845325426207793, 0.19787673274437986, 0.2706480147303678], [0.2875133053221289, 0.23044371184371182, 0.17806539930657578, 0.30397758352758336], [0.26365070762570764, 0.28334879287379283, 0.1898047424797426, 0.26319575702075715], [0.2546898101898103, 0.29547839382839397, 0.16481317571317572, 0.2850186202686203], [0.3240977522477521, 0.23301011211011202, 0.1434789008377245, 0.2994132348044114], [0.22964731020613388, 0.2522607789269554, 0.23971714951714956, 0.2783747613497615], [0.2385259299524007, 0.29797898572016224, 0.17982474551592206, 0.2836703388115153]]}, "rewritten": {"ids": ["97107040", "97107920", "97107950", "97109570", "97116500", "98106680", "98106880", "98107410", "98108150", "98108520", "98108580", "98109230", "98110680", "98111860", "98113881", "98119591", "98120530", "99107300", "99107560", "99108310", "99108890", "99109141", "99109740", "99109780", "99109840", "99111340", "99111440", "99111930", "99112531", "99112641", "99112840", "99119830", "100109910", "100110050", "100111080", "100111390", "100112060", "100113370", "101108370", "101111310", "101114020", "102109910", "102110750", "102112250", "102114270", "102118380", "102121440", "102121700", "103110220", "103110840", "103111480", "103120340", "104111531", "104111780", "104111990", "104112470", "104113170", "104113190", "104113210", "104113550", "105110251", "105112260", "105115250", "105116501", "105116860", "105119550", "106112770", "106113190", "106113360", "106116820", "106116850", "106117770", "106118520", "106120290", "107113550", "107113840", "107114110", "107114200", "107114321", "107114780", "107118820", "107119130", "107120010", "107120260", "107121700", "108113740", "108113760", "108114200", "108114670", "108115250", "108117451", "108118060", "108119510", "108121160", "108121410", "109113931", "109114030", "109115220", "109116040", "109118161", "109120621", "109121410", "110113591", "110114610", "110114651", "110114950", "110115250", "110115580", "110116501", "110117200", "110118930", "110120531", "110121450", "111115620", "111119950", "111120320", "111120540", "111120640", "111121190", "112117431", "112117471", "112118511", "112118620", "112118701", "112119950", "112120540", "112120630", "112121030", "113117340", "113118620", "113118690", "113118820", "113119120", "113119480", "113119700", "113119930", "113120531", "113120751", "113121190", "113121750", "113121950", "113121980"], "labels": [2, 0, 2, 0, 2, 1, 0, 3, 0, 2, 0, 1, 2, 0, 3, 1, 1, 3, 1, 2, 0, 3, 3, 2, 2, 1, 3, 1, 3, 1, 2, 1, 2, 3, 0, 2, 2, 3, 1, 3, 3, 2, 1, 0, 3, 1, 2, 1, 2, 1, 0, 1, 0, 3, 2, 1, 3, 3, 3, 1, 0, 3, 2, 1, 2, 1, 1, 0, 0, 1, 3, 0, 2, 2, 0, 3, 1, 2, 0, 2, 3, 1, 1, 1, 3, 3, 1, 0, 3, 1, 2, 1, 1, 2, 0, 1, 1, 3, 0, 0, 1, 0, 0, 1, 3, 0, 1, 1, 3, 3, 1, 0, 3, 1, 0, 1, 1, 0, 1, 0, 3, 1, 3, 0, 0, 3, 3, 0, 2, 3, 3, 0, 3, 3, 0, 1, 0, 1, 1, 0, 3, 2], "predicted_labels": [3, 0, 1, 0, 3, 3, 1, 0, 1, 0, 3, 3, 0, 1, 1, 1, 3, 3, 1, 3, 1, 1, 3, 3, 1, 1, 0, 3, 1, 1, 1, 0, 1, 1, 3, 3, 1, 0, 3, 2, 0, 3, 1, 3, 1, 1, 0, 3, 1, 1, 0, 3, 1, 3, 1, 0, 3, 1, 0, 3, 1, 1, 3, 1, 3, 1, 1, 1, 1, 3, 3, 3, 1, 3, 3, 1, 3, 3, 3, 3, 3, 1, 1, 3, 1, 3, 3, 3, 3, 3, 3, 3, 3, 3, 3, 3, 0, 3, 3, 3, 3, 3, 0, 3, 3, 1, 3, 3, 3, 1, 1, 3, 3, 3, 3, 1, 3, 1, 0, 3, 1, 1, 3, 3, 3, 3, 0, 3, 1, 3, 3, 3, 3, 3, 1, 0, 3, 1, 3, 3, 1, 3], "confidence_scores": [[0.23146398960516618, 0.2639090354090355, 0.21008689284571644, 0.2945400821400822], [0.3470118623206859, 0.19619109779109792, 0.15185781244898894, 0.3049392274392275], [0.21940501834766565, 0.2953319383231148, 0.2236921043009279, 0.26157093902829215], [0.29720270562770573, 0.24199266844266856, 0.17258808136308143, 0.28821654456654455], [0.27385172605172636, 0.24095863303363307, 0.19188443778443792, 0.29330520313020325], [0.23377671772671796, 0.27767914862914866, 0.20862358752358776, 0.2799205461205461], [0.23362458929958926, 0.2908166888666889, 0.18539280441780445, 0.29016591741591735], [0.2969368548118549, 0.2546194305694308, 0.17038512876012873, 0.27805858585858595], [0.24075464649729372, 0.2840228526375586, 0.20684193616840693, 0.2683805646967413], [0.2980314943226709, 0.25384813160695524, 0.22395134865134872, 0.22416902541902567], [0.25362010440539856, 0.23891403955521606, 0.18784178762414078, 0.3196240684152448], [0.23437059607059613, 0.27832400377400385, 0.18911733266733274, 0.2981880674880675], [0.2848838883338884, 0.2744214785214786, 0.19407907647907655, 0.2466155566655568], [0.2274580700345406, 0.27368905065522725, 0.22519984819102487, 0.27365303111920775], [0.2591916860916862, 0.32489470251970276, 0.1803171467421468, 0.23559646464646483], [0.24254381451881463, 0.3111723970473971, 0.1981257492507495, 0.24815803918303928], [0.2675279220779221, 0.25938173770673784, 0.15576275113775126, 0.317327589077589], [0.2648834232760705, 0.26268553554288854, 0.179631842340666, 0.29279919884037525], [0.20935587745587758, 0.30934912309912327, 0.20708662448662446, 0.27420837495837513], [0.26671756021756055, 0.26127075702075714, 0.19737070707070714, 0.2746409756909756], [0.27396909756909776, 0.2841272061272063, 0.16859297369297377, 0.2733107226107227], [0.2533590021090023, 0.317667377067377, 0.14427887112887122, 0.28469474969474984], [0.2576873293373294, 0.24718536741036748, 0.21322936507936516, 0.2818979381729383], [0.23305954323454328, 0.2673625457875459, 0.21575177322677333, 0.2838261377511379], [0.2219262848262849, 0.30153068924539506, 0.21658777399071533, 0.2599552519376048], [0.2290106290768056, 0.2905854705751765, 0.20376077239753712, 0.2766431279504809], [0.28787107059607064, 0.27716948606948594, 0.16458684926184933, 0.2703725940725942], [0.27438798423798433, 0.2550971167721169, 0.16337531635031635, 0.30713958263958285], [0.2623416722166723, 0.2921887473637474, 0.17955831945831946, 0.2659112609612609], [0.24686948606948625, 0.3053893384393385, 0.15708308913308927, 0.2906580863580866], [0.20986475468975488, 0.298467304917305, 0.21030024142524156, 0.2813676989676989], [0.275736419136419, 0.2736927766677767, 0.180339887889888, 0.2702309163059166], [0.19975846098346103, 0.29660585558232605, 0.21031240426240436, 0.2933232791718086], [0.22516203241203248, 0.3286761016761016, 0.19169569874569872, 0.2544661671661673], [0.2530397713397714, 0.2612918775668775, 0.19251644189144204, 0.2931519092019094], [0.26513815906315896, 0.22945294705294725, 0.19631074481074495, 0.309098149073149], [0.23944222444222454, 0.29060666555666564, 0.185776381951382, 0.28417472804972804], [0.2890659681821447, 0.2628305547393784, 0.18227193639693642, 0.26583154068154075], [0.2607771700521701, 0.2590752822341058, 0.16374540818658473, 0.31640213952713964], [0.23276214896214906, 0.24546860639360651, 0.263547446997447, 0.25822179764679776], [0.2945580161668398, 0.28091437173937184, 0.1379523928685695, 0.28657521922521934], [0.23050921023421042, 0.28364648407148385, 0.20042676963559322, 0.28541753605871234], [0.19997223887223903, 0.310466083916084, 0.22007534687534713, 0.2694863303363304], [0.28654458874458877, 0.2219675324675326, 0.18300445110445135, 0.30848342768342774], [0.20899202741702746, 0.32848071373071375, 0.18481033133533142, 0.27771692751692745], [0.24458374484992135, 0.2731333408421644, 0.2105671078921079, 0.27171580641580645], [0.28337766677766685, 0.23354373959373972, 0.2027467865467865, 0.28033180708180727], [0.23168880008880022, 0.28120536130536133, 0.1980119935619937, 0.28909384504384494], [0.22744331779331797, 0.3068501043074573, 0.19727863280510347, 0.26842794509412177], [0.25460449583096645, 0.2911723756635522, 0.18529754493872153, 0.26892558356676016], [0.3120201603951602, 0.26002783491018794, 0.1515134646399353, 0.2764385400547167], [0.2370770146520149, 0.26534665612165614, 0.21686894412776775, 0.28070738509856163], [0.25125511710511717, 0.3188844100344099, 0.14119595959595965, 0.2886645132645133], [0.28154003578121245, 0.24483251748251758, 0.16549007626360568, 0.3081373704726647], [0.26490597458097453, 0.30386120268620254, 0.1807502830502831, 0.2504825396825399], [0.29699373959373976, 0.2545396797646799, 0.17625283327783334, 0.2722137473637476], [0.2423334776334778, 0.257161222111222, 0.20480176326941044, 0.2957035369858899], [0.23952476445123522, 0.33052321648939287, 0.13611608195725852, 0.2938359371021136], [0.3038647249809014, 0.2315274669774673, 0.16388759018759036, 0.3007202178540415], [0.2934234412646177, 0.20825307666190038, 0.14917581307581315, 0.34914766899766886], [0.28795759240759244, 0.29279405039405043, 0.16206370296370298, 0.25718465423465436], [0.20882738372738388, 0.3426701798201797, 0.17736874236874242, 0.27113369408369403], [0.2084069680319683, 0.29912675657675664, 0.17160298035298038, 0.32086329503829497], [0.25274065770830484, 0.3045023115773116, 0.1793327541739308, 0.26342427654045303], [0.24012843349461013, 0.2747689976689978, 0.18760401934666657, 0.29749854948972604], [0.2541757492507493, 0.29748728771228783, 0.16632055722055736, 0.2820164058164058], [0.22656261238761255, 0.30002428160075234, 0.18761736433501144, 0.2857957416766239], [0.23707427572427583, 0.27865332167832185, 0.20615690143190166, 0.2781155011655014], [0.267091087507264, 0.2953315703903939, 0.15964959207459217, 0.2779277500277501], [0.22989172690055057, 0.27251775169275183, 0.20131627620745288, 0.29627424519924545], [0.21975877145730094, 0.2841016511266511, 0.21049970176881938, 0.2856398756472286], [0.23065870518370526, 0.2525264097014098, 0.19091640026640036, 0.32589848484848444], [0.24051271228771237, 0.30355023587523583, 0.1712998334998335, 0.28463721833721833], [0.24978127428127442, 0.2863520063270064, 0.16303628593628605, 0.3008304334554335], [0.24433773448773458, 0.25586125541125554, 0.20883473748473752, 0.2909662726162727], [0.24540497835497851, 0.30798819791319787, 0.1779924297924299, 0.2686143939393942], [0.24611555111555122, 0.25490014430014435, 0.16534506049506048, 0.3336392440892441], [0.23815738983239002, 0.2766596237096238, 0.19478003940503935, 0.29040294705294695], [0.30511979686979684, 0.2610495171495173, 0.126759040959041, 0.30707164502164497], [0.2317064158064159, 0.2688568570318571, 0.20028434343434345, 0.29915238372738373], [0.2036506382506384, 0.2869018093018092, 0.18760896880896905, 0.3218385836385837], [0.21498467920967929, 0.34404342601842625, 0.18701958319458337, 0.2539523115773117], [0.18548755688755703, 0.3358155039405039, 0.19569225219225223, 0.2830046869796871], [0.22254411421911435, 0.26444500499500506, 0.17753041125541133, 0.3354804695304695], [0.1824084554334556, 0.33652863835510877, 0.20026376401376414, 0.2807991421976715], [0.2461800449550448, 0.29974190531690537, 0.15219489399489425, 0.3018831557331558], [0.2294362137862139, 0.28214980574980597, 0.1926985292485293, 0.2957154512154511], [0.25213842823842836, 0.2696647907647908, 0.16525403762903773, 0.31294274336774336], [0.24269102841602852, 0.29259931179931165, 0.16724423631923638, 0.2974654234654235], [0.25916297591297605, 0.263864973914974, 0.17610636030636034, 0.30086568986569007], [0.2559389471639473, 0.2717580475080476, 0.17424993894993912, 0.2980530663780666], [0.24928328338328368, 0.26586323121323135, 0.1582950715950716, 0.326558413808414], [0.2225158312275961, 0.29853169771405047, 0.14895166108401411, 0.3300008099743394], [0.22115988455988472, 0.30853434343434344, 0.15661351981352, 0.3136922521922522], [0.25184399489399506, 0.28105020257520263, 0.1831241425241425, 0.28398166000666014], [0.24613337854955517, 0.2696456174544411, 0.1775001054501055, 0.3067208985458985], [0.32467019092019095, 0.24607650127650135, 0.14940725940725955, 0.2798460483960485], [0.25962235542235557, 0.27120818070818065, 0.15166849261849275, 0.31750097125097154], [0.23750075480075503, 0.29289966699966696, 0.1582783161283163, 0.31132126207126193], [0.2793998445998446, 0.27865858585858594, 0.135254156954157, 0.3066874125874127], [0.2516364829614833, 0.27131909201909205, 0.1778009490509492, 0.29924347596847595], [0.251925901875902, 0.2899484598734599, 0.1623677156177157, 0.2957579226329226], [0.3407627650127648, 0.24528322233322242, 0.13359042069042074, 0.28036359196359206], [0.20770107670107693, 0.299218736818737, 0.18732978965478958, 0.3057503968253969], [0.2929982295482295, 0.22089081474081476, 0.15627748362748373, 0.329833472083472], [0.2538197913197914, 0.288573482073482, 0.17335415695415712, 0.2842525696525698], [0.22794461649461661, 0.2717257076257075, 0.19507849927849918, 0.3052511766011766], [0.22272194749694763, 0.26138948273948287, 0.19889499666999677, 0.31699357309357296], [0.2564247530247531, 0.2521624153624153, 0.16574381729381746, 0.3256690143190144], [0.2837277666777667, 0.29199311521811533, 0.1513620351870353, 0.2729170829170829], [0.20658111333111348, 0.3108970362970364, 0.18862849487114203, 0.29389335550070855], [0.23952545232545236, 0.284165295815296, 0.15212844932844946, 0.32418080253080256], [0.26049196914196915, 0.2794287767787769, 0.1277568598068598, 0.33232239427239413], [0.24357070902953273, 0.2566449050949052, 0.16242154316271976, 0.3373628427128426], [0.2894936400201105, 0.2180320548732313, 0.1870524899936664, 0.30542181511299155], [0.23585966810966827, 0.2743481407481408, 0.21839814629814644, 0.2713940448440448], [0.26229912701677416, 0.26040509490509495, 0.17638918385536045, 0.3009065942227706], [0.2246353757353758, 0.3063846459096459, 0.17404276279276287, 0.2949372155622157], [0.31535653790653784, 0.2145222777222779, 0.17271464646464652, 0.29740653790653804], [0.24253001443001457, 0.2731234487734489, 0.16763008658008677, 0.3167164502164502], [0.24386510711510723, 0.2988522144522146, 0.17261245976245976, 0.2846702186702188], [0.18800874958374963, 0.3350939393939393, 0.16938190143190143, 0.30751540959040957], [0.24472087357087363, 0.253439382839383, 0.17502471972471983, 0.32681502386502387], [0.24780412365412388, 0.26047528860028857, 0.15474377289377295, 0.33697681485181513], [0.2728066608228373, 0.22202143134643132, 0.15551777634130584, 0.3496541314894257], [0.23864269619269637, 0.2889885725385727, 0.17085458985458987, 0.30151414141414146], [0.31595956657721364, 0.24589596792096796, 0.12804090158207815, 0.31010356391974053], [0.26547254134754156, 0.2702854978354978, 0.1543898767898769, 0.30985208402708414], [0.22669139194139204, 0.31773052503052507, 0.16181322566322578, 0.2937648573648573], [0.24322687590187606, 0.2872175784999315, 0.17598305730217498, 0.2935724882960179], [0.2340675102675104, 0.2838608641358643, 0.15711525141525148, 0.3249563741813743], [0.29044289599289613, 0.27936214896214895, 0.13730011655011665, 0.2928948384948386], [0.262375901875902, 0.25172402042402053, 0.1420720446220447, 0.343828033078033], [0.2553506140917908, 0.2746767843267844, 0.1685086247086249, 0.3014639768728006], [0.25875024975024985, 0.3020878704628705, 0.15238183760683774, 0.28678004218004244], [0.2953353313353314, 0.28536354201354214, 0.13622830502830507, 0.28307282162282155], [0.2319769341769345, 0.2839494505494505, 0.17072792207792206, 0.31334569319569316], [0.2601742257742259, 0.32010880230880223, 0.1510246253746254, 0.2686923465423466], [0.24062729492729484, 0.28423167388167386, 0.14903285325785331, 0.32610817793317803], [0.23479491619491646, 0.3017430597180596, 0.14735429097046757, 0.3161077331165567], [0.2815030747030746, 0.2852169330669333, 0.14860135811900527, 0.2846786341109872], [0.28971454101454125, 0.2701278499278501, 0.13871742146742153, 0.3014401875901877]]}}