{"test": {"ids": ["102110690", "112116810", "111121410", "98108970", "111116990", "113117401", "103109791", "99107660", "97106591", "97113900", "111120531", "99111440", "104112201", "110114950", "110121500", "111120280", "98106880", "112121010", "98109570", "111117571", "113122220", "102110890", "105116980", "107119130", "99107950", "111120320", "110119891", "109113281", "105112130", "111118910", "112116850", "112117580", "99107640", "99107630", "113118620", "105111990", "98109090", "112116401", "111119150", "112120990", "100120780", "108119550", "112116640", "103110050", "107114200", "112119500", "113120780", "112119930", "100109980", "110116290", "108115880", "109116441", "97108520", "104116441", "99109860", "105115900", "99108000", "108113620", "112117780", "107118820", "112121351", "105117351", "97107260", "108116120", "101108621", "112116501", "110116300", "108118291", "107116340", "108115250", "105118740", "103113270", "101108500", "110119300", "113120751", "112119610", "98107340", "99110730", "110113591", "99109161", "103111480", "100110050", "108116481", "110115250", "107119390", "97107920", "109115070", "108114180", "99108710", "100111380", "111114321", "105117431", "112121360", "109114720", "105115250", "111116040", "112116451", "103111620", "99107500", "99113260", "109115220", "97116410", "111115910", "97116790", "100111270", "98107210", "104117630", "111117200", "113121220", "99108080", "98113881", "99109840", "107117630", "111120591", "108117360", "111114121", "112117571", "113120601", "108117720", "98109230", "112119320", "104118070", "102116500", "105113440", "97106000", "97107040", "111119430", "102116340", "99111340", "112116800", "101109000", "109116040", "106113170", "111119580", "102112030", "109116170", "104111620", "98111231", "101108580", "109121640", "109117600", "113119950"], "labels": [0, 3, 0, 3, 0, 3, 3, 3, 1, 2, 0, 3, 0, 0, 3, 0, 0, 2, 1, 3, 1, 0, 0, 1, 1, 1, 3, 0, 1, 0, 0, 0, 1, 2, 3, 2, 1, 0, 3, 2, 1, 1, 0, 3, 2, 2, 0, 1, 1, 2, 3, 3, 2, 1, 2, 3, 2, 3, 0, 3, 0, 0, 2, 1, 0, 3, 3, 3, 3, 1, 1, 2, 3, 1, 1, 0, 0, 3, 0, 3, 0, 3, 0, 1, 2, 0, 0, 1, 2, 3, 1, 1, 3, 0, 2, 0, 0, 0, 0, 0, 3, 3, 2, 2, 2, 1, 0, 0, 3, 3, 3, 2, 0, 1, 1, 0, 3, 2, 1, 1, 1, 2, 1, 0, 0, 2, 3, 3, 1, 0, 1, 0, 0, 3, 2, 0, 0, 1, 0, 0, 1, 0], "predicted_labels": [1, 0, 1, 2, 2, 0, 2, 0, 3, 0, 3, 2, 3, 0, 0, 3, 3, 3, 3, 0, 1, 2, 3, 0, 2, 1, 1, 0, 1, 0, 1, 1, 2, 3, 1, 0, 3, 0, 3, 0, 3, 0, 3, 1, 0, 1, 2, 1, 3, 0, 1, 1, 1, 3, 2, 1, 1, 2, 1, 3, 0, 3, 2, 3, 3, 3, 1, 3, 3, 2, 3, 2, 0, 0, 3, 1, 3, 3, 3, 2, 2, 1, 3, 1, 2, 3, 1, 3, 1, 0, 1, 1, 1, 2, 2, 0, 0, 0, 2, 1, 3, 1, 1, 2, 1, 3, 0, 1, 3, 0, 1, 2, 2, 3, 3, 1, 1, 1, 1, 2, 2, 2, 2, 0, 1, 3, 2, 3, 3, 1, 3, 3, 1, 0, 3, 3, 3, 0, 0, 0, 0, 3], "confidence_scores": [[0.02580638872187014, 0.9671548384899757, 1.0402277407822025e-05, 0.007028370510746133], [0.5653136565377713, 0.08231089433617786, 0.007859421299114641, 0.3445160278269362], [0.1443849935200996, 0.8330392961585299, 0.01423723062846299, 0.008338479692907488], [0.001806866672991331, 0.3447917229462949, 0.6518809808868398, 0.0015204294938738943], [0.019154529746440167, 0.41098643091697323, 0.4516576651296892, 0.11820137420689739], [0.793403744193139, 0.04457998234345362, 0.0017237391611291076, 0.16029253430227822], [0.0020243145664897186, 0.008587124972418017, 0.9705776513292078, 0.018810909131884504], [0.5143276298703113, 0.1738776688429814, 0.014417710117344822, 0.2973769911693625], [0.0009705684058205188, 0.19679818382237194, 0.010314225993484227, 0.7919170217783233], [0.9159289898025422, 0.05863011169183466, 0.010109522382640963, 0.015331376122982267], [0.02793711790521335, 0.05712975449224302, 0.07481234824959117, 0.8401207793529526], [0.1244775175474896, 0.040392718144966706, 0.8247778364594721, 0.010351927848071606], [0.21888479889599857, 0.1746750047341708, 0.1763772735634102, 0.4300629228064204], [0.5633160024143818, 0.013993669158792197, 0.02137261605028933, 0.40131771237653663], [0.8792031595859291, 0.08765936199376416, 0.0010458583929755778, 0.032091620027331125], [0.0038517855222292056, 0.02867118457024435, 0.00025691840490309653, 0.9672201115026232], [0.16705820234772017, 0.10303111525153456, 0.11897849503766118, 0.610932187363084], [0.021861208724188907, 0.3602798700403936, 0.032926327166370166, 0.5849325940690474], [0.036547971108236356, 0.03194350973241956, 0.004808044911574412, 0.9267004742477697], [0.5076982015095024, 0.4912259084309421, 0.00022725549424611037, 0.0008486345653093823], [0.0001844009848195833, 0.9749596102505389, 0.0029537815539029317, 0.021902207210738576], [0.019215211079576664, 0.017658732425077876, 0.865931963201012, 0.09719409329433362], [0.4614985557278136, 0.06359951128033614, 0.001312092941589461, 0.4735898400502607], [0.43434619787259315, 0.42015140378310695, 0.056872882217326975, 0.08862951612697287], [0.0030124103683494847, 0.014225095095544768, 0.9636402929148729, 0.019122201621232977], [0.05419433801833444, 0.652001976487542, 0.034648421020676376, 0.25915526447344717], [0.009631492930006728, 0.727773975455627, 0.02213065130465236, 0.24046388030971394], [0.9286636942992609, 0.004680834876146908, 0.0004003618073844079, 0.06625510901720782], [0.0024174480882884195, 0.669635846795479, 0.0017086357481820146, 0.32623806936805055], [0.565595426959362, 0.01876313666425272, 0.031151699999272302, 0.38448973637711303], [0.053320331118704316, 0.7564327310340799, 0.002776769669625989, 0.18747016817758982], [0.06819502789821327, 0.5030745705657542, 0.07867968024251323, 0.3500507212935192], [0.0019532903533494472, 0.0019751540017848394, 0.7492205389095854, 0.2468510167352803], [0.15322997215579923, 0.01195238356231173, 0.27853190128021504, 0.5562857430016741], [0.012904674928567346, 0.9854210319287168, 0.00011918349394319808, 0.0015551096487727532], [0.36085631542575586, 0.30880469775075153, 0.029696186412656107, 0.30064280041083646], [6.0026166880940894e-05, 0.19431871797903094, 0.19754966455251868, 0.6080715913015695], [0.707851606855644, 0.04429856663380318, 0.006865498551382045, 0.240984327959171], [0.06427540533718257, 0.15561156314447655, 0.00010460202758964265, 0.7800084294907512], [0.5577626394303214, 0.43347963314383164, 0.002746202246615567, 0.00601152517923142], [0.0017497338093347343, 4.783749025803071e-05, 0.005168391508968414, 0.9930340371914388], [0.464345722000474, 0.31497323505234537, 0.02403161834381933, 0.1966494246033612], [0.06961537714462242, 0.0027406787520040305, 0.06539661540720777, 0.8622473286961658], [0.0034369665796529663, 0.7283936586604669, 0.19717136115798442, 0.07099801360189557], [0.5409747916027722, 0.053700997009557126, 0.026939761226678967, 0.37838445016099165], [0.0029841006741801825, 0.9306493174599939, 0.06513784785088483, 0.0012287340149410514], [0.1235781913792872, 0.3187698221074604, 0.475008598918818, 0.08264338759443444], [0.0024608949682125426, 0.7982216672101692, 0.0906577395571861, 0.10865969826443217], [0.07399596093385782, 0.059321202455017624, 0.12373477913572317, 0.7429480574754014], [0.5131884956464188, 0.007181620108925044, 0.4210340071147635, 0.0585958771298927], [0.028899956352614838, 0.8298770527530567, 0.08921445652525643, 0.05200853436907218], [0.13909885490441995, 0.8125699017343692, 0.0032054304848917027, 0.045125812876319185], [0.17342459113843922, 0.6680204916213012, 0.09268357891158992, 0.06587133832866979], [0.05751487659983996, 0.015599687537576196, 0.0001649339697204641, 0.9267205018928635], [0.015400391068363054, 0.017401463135074655, 0.9158969894465502, 0.05130115635001232], [0.03522483649403419, 0.6667309301523888, 0.29443925115128594, 0.003604982202290991], [0.0041574724733606915, 0.45752419865743976, 0.4441446415314295, 0.09417368733776997], [0.02642601088973272, 0.0539381737221807, 0.789660474137394, 0.12997534125069246], [0.3780942494446908, 0.603028020508884, 0.002761568316606198, 0.016116161729819032], [0.018740875218709017, 0.36778928279329554, 0.004785287466296842, 0.6086845545216986], [0.9779047689525935, 0.0024320906635292698, 0.0003782221836192441, 0.01928491820025795], [0.14640573922573036, 0.014836150951249466, 0.03635757443441188, 0.8024005353886083], [0.0007391951403473993, 0.000816067694009414, 0.9679816886099245, 0.03046304855571867], [0.17142509882428109, 0.001335707342517359, 0.28278535375760205, 0.5444538400755995], [0.00727544415643368, 0.069892642287486, 0.004606461394689831, 0.9182254521613906], [0.006019989947078803, 0.252210696544728, 0.02690878587323956, 0.7148605276349537], [0.02394796574430921, 0.8226948988157998, 0.11995773341811705, 0.03339940202177373], [0.16599460174269923, 0.039539446288658506, 0.09968494101673277, 0.6947810109519096], [0.02098301607191264, 0.02786359025595047, 0.052728832476690406, 0.8984245611954464], [0.3122577107192042, 0.13965013314069363, 0.4785848407949703, 0.06950731534513192], [0.18105438599469914, 0.026790338075671775, 0.3143862438728964, 0.4777690320567326], [0.00033697259999599896, 0.000695948668972716, 0.9120713057005526, 0.08689577303047885], [0.54595102030973, 0.15136589966190753, 0.13940680611660006, 0.16327627391176244], [0.6046349331805033, 0.309800682291228, 0.016184873938484966, 0.06937951058978364], [0.00978888700831708, 0.31954270353699044, 0.15584855449374058, 0.514819854960952], [0.00012777613505610868, 0.9981588977524216, 0.000700940610527322, 0.0010123855019951067], [0.00018997472634034243, 0.00011278500362049676, 0.0067307367836374555, 0.9929665034864016], [0.021595142003352264, 0.0013625286660006205, 0.19181213489523705, 0.7852301944354101], [0.035948301785310666, 0.0409996977200435, 0.00010752111781658681, 0.9229444793768292], [0.4124404331742713, 0.058883910738147825, 0.5284701167501579, 0.00020553933742294147], [0.07699260870846061, 0.2793213033359454, 0.39544479984665226, 0.24824128810894167], [0.027942860610252918, 0.46939810229090057, 0.08670810028540941, 0.4159509368134371], [0.4928665989178269, 0.0021584786444494215, 0.01178174192243721, 0.4931931805152863], [0.03800385851415622, 0.7962734049401679, 0.042767216549009376, 0.12295551999666665], [0.22531706476520358, 0.28311272689344286, 0.40957159920055947, 0.08199860914079399], [0.002710283697319011, 0.03202067559942312, 0.001167993262745009, 0.9641010474405128], [0.04465823054633219, 0.6559756642788338, 0.13219160498886, 0.16717450018597402], [1.612787733100646e-05, 0.0005614535696998856, 0.004175272737281057, 0.9952471458156882], [0.008242577490375873, 0.7401625879627138, 0.01925319308280417, 0.232341641464106], [0.9855660200005438, 0.013743821150145044, 5.480785259009801e-06, 0.0006846780640523288], [0.1584760566947105, 0.6549591804401609, 0.1865125785158591, 5.218434926958917e-05], [0.0005537123067344801, 0.8403780977522656, 0.15759155162704772, 0.0014766383139520368], [0.07026269587496593, 0.6419252608313671, 0.0355264504055904, 0.2522855928880764], [0.002178792713168367, 0.066181574791575, 0.927005345172944, 0.0046342873223126965], [0.1418935719446967, 0.03904501689392915, 0.7261973912567529, 0.09286401990462134], [0.3367514898815819, 0.10849056961854568, 0.2379432250478533, 0.3168147154520192], [0.948438864536458, 0.05051118493766592, 6.783720645938645e-05, 0.000982113319416759], [0.7341762215564646, 0.250308790783061, 0.010817885527766047, 0.0046971021327083], [0.033955001273008406, 0.19057973487216773, 0.47845157175614184, 0.2970136920986819], [0.24883488324140354, 0.5958193417160632, 0.037325605878536366, 0.1180201691639969], [0.006913285054366447, 0.046099108215470364, 0.04784299667778016, 0.899144610052383], [0.05560527330256889, 0.4103759623701186, 0.25500633607509954, 0.27901242825221306], [0.07229816449240528, 0.8356622457891428, 0.01263652363703057, 0.07940306608142132], [0.15503184108691972, 0.3275527052673697, 0.46464151148411553, 0.05277394216159525], [0.0010593704796240159, 0.8175527511030554, 0.07219545195121567, 0.10919242646610502], [0.001132027567098228, 0.06234410644270528, 0.2709411670829015, 0.6655826989072948], [0.9602227520223828, 0.0023031181560041036, 0.006671386487018123, 0.030802743334594748], [0.06859382904162538, 0.7656484130805017, 0.08376615939141469, 0.08199159848645818], [0.00015884129492185552, 0.0001462849997289797, 0.0012990737868488352, 0.9983957999185004], [0.6124727387771316, 0.2564516208431401, 0.01820305192579526, 0.11287258845393298], [0.0720564873755026, 0.8600926488514586, 0.04631999940293883, 0.02153086437009994], [0.1379210782052829, 0.03860114069171869, 0.45171845744283995, 0.37175932366015846], [0.017389735340884213, 0.0010494101086985367, 0.6515644114122853, 0.3299964431381321], [0.08986007733304781, 0.0015881138411009922, 0.0013330264904719174, 0.9072187823353793], [3.9315759536330015e-05, 0.0013263483814470796, 0.05155475192499509, 0.9470795839340215], [0.004829196905155127, 0.9906824111914021, 0.001279145915944867, 0.0032092459874979436], [0.23090828965812163, 0.4801298421349792, 0.024946680025774746, 0.2640151881811244], [0.009966922867567757, 0.6727478386782013, 0.06600796082580465, 0.25127727762842633], [0.06791403185787696, 0.5314652447903889, 0.00826962598585636, 0.3923510973658777], [0.2880709259809239, 0.002882357023246941, 0.7087146042631047, 0.00033211273272443676], [0.0001637458893940606, 0.448948315210597, 0.5471243740255295, 0.0037635648744794585], [0.18246650214147103, 0.024772409824075466, 0.7484021861930116, 0.04435890184144193], [0.014674249438416099, 0.0036628194741170354, 0.9793854816469013, 0.002277449440565688], [0.47712904975224324, 0.03205000442605593, 0.06885559367552757, 0.42196535214617337], [0.013703663260119637, 0.6870614552501744, 0.030628576417299474, 0.2686063050724064], [0.0038176566878493773, 0.0023394541294639646, 0.2416190737359159, 0.7522238154467709], [0.00397612446453618, 0.32578914757742944, 0.49274803102276943, 0.17748669693526492], [0.0032482493009828102, 0.39189795012626405, 0.04727746307033005, 0.5575763375024231], [0.0008186882752838183, 0.08522933947938537, 0.4014872382604251, 0.5124647339849057], [0.0024647935087402767, 0.8538887745206436, 5.193491969080832e-05, 0.14359449705092545], [0.010061555067634528, 0.011829624973140806, 0.06727289937078272, 0.910835920588442], [0.008625706848594586, 0.0052652893218304705, 0.00712195434419698, 0.9789870494853781], [0.0070115191845137636, 0.9899886248526347, 8.156061952484719e-07, 0.0029990403566560525], [0.9268114645669063, 0.014487014142113657, 0.05790052630031663, 0.0008009949906633174], [0.15276734880927353, 0.24591865444897634, 0.01653103681545509, 0.584782959926295], [3.231302658388655e-05, 0.021490283977897835, 8.808973234739455e-05, 0.9783893132631708], [0.015625673571460164, 0.014822176644818342, 0.0007966430136176581, 0.9687555067701039], [0.7271597113001033, 0.06482783048914899, 0.002919021126045441, 0.2050934370847022], [0.49527276415593413, 0.0010955529196476947, 0.3607354762775854, 0.14289620664683278], [0.8674970737370727, 0.08950087727048864, 0.00756030677192687, 0.03544174222051178], [0.8896259593396473, 0.008299440311186899, 0.003866491351310574, 0.09820810899785513], [0.11608656633143931, 0.06118188113012181, 0.0003920154985782408, 0.8223395370398605]]}, "rewritten": {"ids": ["97106000", "97106591", "97107040", "97107260", "97107920", "97108520", "97113900", "97116410", "97116790", "98106880", "98107210", "98107340", "98108970", "98109090", "98109230", "98109570", "98111231", "98113881", "99107500", "99107630", "99107640", "99107660", "99107950", "99108000", "99108080", "99108710", "99109161", "99109840", "99109860", "99110730", "99111340", "99111440", "99113260", "100109980", "100110050", "100111270", "100111380", "100120780", "101108500", "101108580", "101108621", "101109000", "102110690", "102110890", "102112030", "102116340", "102116500", "103109791", "103110050", "103111480", "103111620", "103113270", "104111620", "104112201", "104116441", "104117630", "104118070", "105111990", "105112130", "105113440", "105115250", "105115900", "105116980", "105117351", "105117431", "105118740", "106113170", "107114200", "107116340", "107117630", "107118820", "107119130", "107119390", "108113620", "108114180", "108115250", "108115880", "108116120", "108116481", "108117360", "108117720", "108118291", "108119550", "109113281", "109114720", "109115070", "109115220", "109116040", "109116170", "109116441", "109117600", "109121640", "110113591", "110114950", "110115250", "110116290", "110116300", "110119300", "110119891", "110121500", "111114121", "111114321", "111115910", "111116040", "111116990", "111117200", "111117571", "111118910", "111119150", "111119430", "111119580", "111120280", "111120320", "111120531", "111120591", "111121410", "112116401", "112116451", "112116501", "112116640", "112116800", "112116810", "112116850", "112117571", "112117580", "112117780", "112119320", "112119500", "112119610", "112119930", "112120990", "112121010", "112121351", "112121360", "113117401", "113118620", "113119950", "113120601", "113120751", "113120780", "113121220", "113122220"], "labels": [0, 1, 2, 2, 0, 2, 2, 3, 2, 0, 1, 0, 3, 1, 1, 1, 1, 3, 0, 2, 1, 3, 1, 2, 3, 2, 3, 2, 2, 3, 1, 3, 0, 1, 3, 2, 3, 1, 3, 0, 0, 1, 0, 0, 2, 3, 1, 3, 3, 0, 0, 2, 0, 0, 1, 0, 2, 2, 1, 0, 2, 3, 0, 0, 1, 1, 0, 2, 3, 0, 3, 1, 2, 3, 1, 1, 3, 1, 0, 1, 1, 3, 1, 0, 0, 0, 3, 0, 0, 3, 1, 0, 0, 0, 1, 2, 3, 1, 3, 3, 0, 1, 2, 0, 0, 0, 3, 0, 3, 3, 3, 0, 1, 0, 1, 0, 0, 0, 3, 0, 0, 3, 0, 3, 0, 0, 1, 2, 0, 1, 2, 2, 0, 3, 3, 3, 0, 2, 1, 0, 3, 1], "predicted_labels": [1, 2, 2, 2, 3, 1, 0, 1, 2, 3, 3, 3, 2, 2, 2, 1, 0, 1, 2, 2, 2, 3, 2, 2, 1, 1, 0, 2, 2, 3, 2, 2, 1, 0, 3, 1, 0, 3, 1, 2, 3, 3, 1, 2, 3, 3, 2, 2, 1, 1, 1, 2, 3, 3, 3, 0, 2, 1, 1, 2, 3, 2, 3, 3, 1, 3, 1, 0, 1, 2, 1, 1, 1, 3, 3, 0, 1, 3, 3, 3, 1, 3, 0, 0, 2, 1, 3, 2, 3, 1, 0, 1, 3, 3, 1, 0, 1, 0, 1, 0, 1, 1, 1, 0, 1, 1, 1, 0, 3, 2, 0, 3, 1, 3, 3, 1, 0, 0, 3, 3, 1, 3, 1, 3, 3, 1, 2, 1, 1, 1, 0, 3, 0, 1, 0, 1, 3, 2, 3, 1, 3, 1], "confidence_scores": [[0.0013747742734997283, 0.5238426308439791, 0.4147506494936383, 0.06003194538888274], [0.00020519357430204776, 0.07647388783488718, 0.78368756045299, 0.13963335813782057], [0.0027430355928852574, 0.001629669449864735, 0.7641872490129963, 0.2314400459442537], [0.00014690326456913135, 0.0027910749485958457, 0.9874553444688399, 0.009606677317995084], [0.0031069810672604147, 0.03777769167024628, 0.0002795834265712623, 0.9588357438359221], [0.1710005543197176, 0.7593035095836536, 0.06800268285040165, 0.0016932532462272173], [0.6617868732129887, 0.3041580716905306, 0.032350762247182016, 0.001704292849298669], [0.010456249475216652, 0.582406009706744, 0.3747455283938006, 0.032392212424238634], [0.03805916497528985, 0.36589956171280297, 0.5895679120337819, 0.00647336127812541], [0.005148871901857457, 0.004954343739279556, 0.27506964135950024, 0.7148271429993628], [0.0005509400022652983, 0.06845738186955558, 0.2956075016106506, 0.6353841765175285], [0.0003094777926495898, 0.0016740774983136234, 0.016623361756873515, 0.9813930829521632], [0.0009956248573019931, 0.045463056103987126, 0.9519983488578819, 0.0015429701808288576], [4.156168621524634e-05, 0.12036775892622437, 0.5761495132637949, 0.3034411661237654], [0.10181694297931268, 0.006820354637558655, 0.8912002089508791, 0.00016249343224952758], [0.006123764968291111, 0.5762669160648586, 0.003046110818447555, 0.4145632081484028], [0.8045081149974308, 0.09938495488227853, 0.010755594637025119, 0.08535133548326544], [0.07423338408583466, 0.6296057132802596, 0.22141875684532775, 0.07474214578857803], [0.01846446370095466, 0.28622941552857933, 0.6912699012422503, 0.0040362195282156385], [0.1223490481813529, 0.03449092933986818, 0.4775375087511399, 0.36562251372763904], [0.00037149477328584014, 0.001172427252570943, 0.989012310821615, 0.009443767152528208], [0.26700682143371335, 0.0034211463349303663, 0.19291774769074752, 0.5366542845406088], [0.000557251794821995, 0.024994502374735803, 0.9535569313031206, 0.020891314527321465], [0.0029544269801785356, 0.26497949214008815, 0.7228625409521858, 0.009203539927547594], [0.24049032665559086, 0.7188945118515261, 0.003845045344822103, 0.036770116148060764], [0.003671557016461599, 0.9640618537857988, 0.027959600997893703, 0.004306988199845849], [0.597659456664799, 0.05163532290897121, 0.35057731575455675, 0.0001279046716731477], [0.09755784027949793, 0.05639850214875342, 0.6430180118012537, 0.20302564577049492], [0.016467084587938833, 0.048971186995448064, 0.9102032359684137, 0.024358492448199376], [0.025596805834388982, 0.017321543387905033, 0.09014290306701253, 0.8669387477106935], [0.0016834230977190426, 0.17325838349725328, 0.6049529614349033, 0.22010523197012438], [0.028501640126586774, 0.07827068702877646, 0.8894865441899532, 0.00374112865468348], [0.046732235220256844, 0.798942985535254, 0.08531273661812208, 0.06901204262636701], [0.4073341029764178, 0.02792114740455196, 0.1809495140633639, 0.3837952355556663], [0.001870681790829314, 0.22934461093115785, 0.08052843082689906, 0.6882562764511138], [7.332028395192402e-05, 0.7959080177661516, 0.17990329427937546, 0.024115367670520915], [0.9792669118101528, 0.01865533578810427, 3.4868090606209403e-05, 0.0020428843111368984], [0.000588982813006736, 4.9511886011936325e-05, 0.004094009003385594, 0.9952674962975958], [0.2503849604066375, 0.3912166287952182, 0.2633384562893697, 0.09505995450877469], [0.19850404245668232, 0.005887305694299916, 0.6265690200362759, 0.1690396318127419], [0.010107078486301142, 0.2500538112836366, 0.01678330762223011, 0.7230558026078322], [0.0056201612777340105, 0.0486204551415122, 0.1005156061533115, 0.8452437774274423], [0.050794142525934435, 0.9373511529365054, 2.1617101744913784e-05, 0.0118330874358152], [0.004712689116215413, 0.04080590195734454, 0.9232991623828819, 0.03118224654355807], [0.10870757059244793, 0.41455783119916356, 0.027999252235571738, 0.44873534597281683], [0.004116333224737412, 0.033746669567765716, 0.37757116498501897, 0.5845658322224779], [0.004152595826352327, 0.002954708670359069, 0.9912089831158095, 0.0016837123874790059], [0.0009707647995786132, 0.008275957356390428, 0.98199093507879, 0.008762342765240882], [0.0007336748722374879, 0.7700894362619657, 0.19706915810431136, 0.03210773076148537], [0.06519590882949465, 0.6854872054554416, 0.08525749888047275, 0.16405938683459093], [0.2809974434545865, 0.6992375337430604, 0.01755678913789584, 0.0022082336644571043], [4.56000891828712e-05, 0.0003202083352949785, 0.9956705704487054, 0.003963621126816645], [0.018545261600666194, 0.03181907617478438, 0.003388045169306473, 0.946247617055243], [0.08070273590502101, 0.28997074377858106, 0.12145933056615095, 0.5078671897502469], [0.05661357874769767, 0.02853742925779774, 0.0009159952019904358, 0.9139329967925142], [0.9753572003350345, 0.005080047457737654, 0.009978636879023636, 0.009584115328204086], [0.01984551108906371, 0.03367508170775174, 0.931985591963807, 0.0144938152393776], [0.2923031203803334, 0.350933352495622, 0.2526440428989727, 0.10411948422507183], [0.002758751720976064, 0.8252361055948729, 0.031562648877974345, 0.14044249380617663], [0.05429115017598859, 0.2009958101460188, 0.6357231115735228, 0.1089899281044698], [0.16986785418006592, 0.2337536407080689, 0.29327857471774194, 0.30309993039412336], [0.10660729967814186, 0.019001384017042797, 0.6870695305581759, 0.1873217857466395], [0.09870013274584967, 0.03540509707809209, 0.008800144232064601, 0.8570946259439937], [0.07050073726151651, 0.013887662532044265, 0.1735296721656224, 0.7420819280408169], [6.350104907609681e-05, 0.8631147210988174, 0.13650579257514514, 0.00031598527696146273], [0.2741107937918981, 0.0772858086949016, 0.29859750526059914, 0.3500058922526011], [0.003925102781418198, 0.9953380532805577, 1.190009175698566e-06, 0.000735653928848658], [0.4093268339302534, 0.13759449166902013, 0.16576157682079656, 0.2873170975799299], [0.16706981961257877, 0.5570704579239317, 0.08608524768106353, 0.18977447478242593], [0.02187734712271639, 0.0033902685731502474, 0.8943917571233065, 0.08034062718082687], [0.13832211786731144, 0.7538245041543831, 0.06104877922310959, 0.046804598755195895], [0.1237938545766468, 0.8354548733894067, 0.02374585311529432, 0.017005418918652197], [0.06840541250851447, 0.4746403457419415, 0.4413125631193605, 0.01564167863018353], [0.08687795993660549, 0.13175783908700361, 0.1406255108446479, 0.6407386901317429], [0.00016287862734741957, 0.019609132612087042, 0.009070603433701056, 0.9711573853268645], [0.5264231353486623, 0.09149929962862548, 0.3517942479928005, 0.03028331702991164], [0.0011654455883616844, 0.753485540585291, 0.24431247819937635, 0.0010365356269708607], [0.1847714133547464, 0.04817615692436403, 0.17025484384486037, 0.5967975858760293], [0.3263364741388231, 0.000555572847008062, 0.017436628501593415, 0.6556713245125754], [0.00024308772279519594, 0.018674895848083402, 0.24859114103263522, 0.7324908753964863], [0.05937976340464567, 0.684047292918486, 0.012770857652958672, 0.24380208602390974], [0.14454111877719075, 0.08717924301155648, 0.18305327856784753, 0.5852263596434052], [0.5085454127310013, 0.2125402273516896, 0.04471482781217016, 0.23419953210513889], [0.8700477025267477, 0.009249401927383166, 0.0004857655241205972, 0.1202171300217486], [0.0009238252903788418, 0.07614313921153322, 0.9222750787539209, 0.0006579567441672575], [0.03309299048936693, 0.9184322336880061, 0.024828825080207433, 0.02364595074241957], [0.0025653994163832624, 0.10513923640822796, 0.030984004685469135, 0.8613113594899198], [0.02511809598135383, 0.08695585666766553, 0.4789588436990994, 0.40896720365188116], [0.0003383219957733685, 0.1228528276187396, 0.0010880893911937412, 0.8757207609942933], [0.08973034797030069, 0.9013672781335322, 0.002444657783410859, 0.006457716112756469], [0.8579830492861362, 0.01614901798443268, 0.01723237722929582, 0.10863555550013523], [0.12291328124438591, 0.7723137842612999, 0.022405258150883116, 0.082367676343431], [0.06420337346545954, 0.4020751549146375, 0.0008499001505180392, 0.532871571469385], [0.31358460975758784, 0.016634603169389098, 0.019428930798263175, 0.6503518562747599], [0.01871386217683375, 0.8087571292084572, 0.0777169731451617, 0.09481203546954739], [0.7735761934582427, 0.01270184697298184, 0.19358481097392063, 0.020137148594855072], [0.049186720579825045, 0.7362756282226016, 0.19555849034284048, 0.0189791608547329], [0.6454610765492395, 0.21073995333138967, 0.01762449354149122, 0.1261744765778796], [0.027134087123093485, 0.5537717880970646, 0.06750761033062262, 0.35158651444921935], [0.5512953798352495, 0.4238095645660442, 0.0006635629872691835, 0.024231492611437176], [0.002246324603160998, 0.9888392644544313, 0.004538606842335241, 0.0043758041000725185], [0.0011099806116593924, 0.9472143636302839, 0.051434700941984324, 0.0002409548160724523], [0.01574537965355351, 0.8880341314830784, 0.041926557868681186, 0.054293930994686906], [0.5294805946564104, 0.14189316559274734, 0.10747312725794829, 0.22115311249289393], [0.017449143542026774, 0.4616506895276661, 0.30057956941548175, 0.2203205975148255], [0.08470879543851527, 0.8047760757132137, 0.0739453155340448, 0.03656981331422622], [0.029015948232015986, 0.9701708027052534, 0.00022433439409433998, 0.0005889146686361335], [0.6017533095167519, 0.07085314053660582, 0.09022854303412063, 0.23716500691252154], [0.11373049943654553, 0.09868956383739223, 0.00019085222857363174, 0.7873890844974886], [9.610347598428991e-06, 0.003218370481768691, 0.888951982324141, 0.1078200368464919], [0.8100440298257465, 0.0043208853702354786, 0.1855149247658574, 0.00012016003816050033], [0.008326459915611147, 0.16312455102005005, 0.000848791440706758, 0.8277001976236321], [0.029627000005967876, 0.8736901410681681, 0.004371872149764995, 0.09231098677609889], [0.005269526302401047, 0.0411532066736958, 0.1777664705072238, 0.7758107965166794], [0.19736459760980224, 0.007988437163827768, 0.003810196451192782, 0.7908367687751772], [0.08217194145154214, 0.8928265778352119, 0.016461653657416798, 0.008539827055829072], [0.7535490884996126, 0.18413539170392984, 0.023787933026480326, 0.03852758676997716], [0.5878348834870091, 0.40646197696741226, 0.0004698615810326286, 0.005233277964545956], [0.013760994516972486, 0.18415070801172548, 0.012416667785157445, 0.7896716296861446], [0.07943828774022428, 0.014493467205796435, 0.2726482460868943, 0.6334199989670849], [0.004164230284987312, 0.8483489425473152, 0.002760743379050108, 0.1447260837886476], [0.20509261854907992, 0.13253490167196838, 0.022523182649411683, 0.63984929712954], [0.1081389123188935, 0.5542861892789503, 0.005517297016730914, 0.3320576013854252], [0.12081046341088812, 0.2216115002778517, 0.0031021860206150095, 0.654475850290645], [0.05483492549044141, 0.03997285762291793, 0.0728667971013269, 0.8323254197853138], [0.2756529968824695, 0.7015876680445402, 0.0033893256699123625, 0.019370009403077797], [7.07104515865124e-05, 0.35734526355460344, 0.6408976192383703, 0.0016864067554397306], [0.0023388302952617656, 0.9047158045211144, 0.09185981304173071, 0.0010855521418932225], [0.0007440234704030374, 0.994444614844804, 0.002245519747511192, 0.0025658419372819367], [0.0016066923709847512, 0.4795339912918468, 0.31266009333559314, 0.2061992230015753], [0.5378730666511994, 0.4564234437669133, 0.005154486567148634, 0.0005490030147387759], [0.017506866977636024, 0.4431078122778638, 0.0699088901712499, 0.46947643057325034], [0.9714562541879571, 0.00010190644607769072, 0.0004885226794598673, 0.02795331668650527], [0.07712759933856994, 0.5035008951628995, 0.04525378490199657, 0.37411772059653386], [0.8750438148184332, 0.06949359276674547, 0.023670256825366203, 0.03179233558945534], [0.0029997962941992603, 0.9958122777597743, 0.00015582693079160587, 0.0010320990152349093], [0.14602065189159527, 0.2850116813105107, 0.003002385586406618, 0.5659652812114874], [0.0039532022470496865, 0.09269153168203455, 0.901772916050964, 0.0015823500199516724], [0.003184646095772812, 0.2517277386878982, 0.2746521740950036, 0.47043544112132546], [0.06301587206995261, 0.5382971916402991, 0.10458323037607294, 0.29410370591367535], [0.00010577293627273415, 0.00024131365226667866, 0.0031457116153698114, 0.9965072017960908], [8.613993005458815e-05, 0.8094354901862991, 0.008908775870063185, 0.1815695940135831]]}}