{"test": {"ids": ["111116090", "103113610", "101108580", "102116340", "105114220", "110121140", "113117630", "105113480", "102109850", "112118421", "98108370", "104118070", "99111930", "99107300", "98107010", "113118111", "99109740", "104113000", "108113480", "111118820", "98107340", "105116860", "110116290", "100108260", "105115250", "103117200", "101108500", "97107040", "112121351", "99108330", "103110050", "102109010", "97109080", "100109360", "101112540", "111120190", "107116501", "111120640", "112118471", "97107950", "112118820", "98108410", "97112830", "101112201", "112116610", "98111860", "105111990", "99109370", "99109311", "109113931", "110117200", "112118161", "103109021", "97108520", "113121980", "100113370", "109114270", "100116790", "113118620", "100111390", "111121930", "112119950", "107119390", "107114140", "112118620", "97109570", "112116800", "111116530", "105113620", "102113350", "98106880", "112118511", "99109910", "108116070", "97106820", "103112470", "102117351", "102110500", "99108080", "111114121", "113119120", "112120630", "111116110", "110114920", "113120070", "104113190", "112117210", "99117740", "101117580", "111115400", "111117000", "98110230", "105115380", "105112100", "106116850", "105113210", "105119950", "102111990", "107112850", "108118060", "108113760", "112117461", "111117480", "109119591", "113119300", "98120530", "103109641", "100109890", "104111620", "112120990", "103113210", "112117580", "108118810", "106114150", "110115580", "107116980", "107113130", "108115880", "99109840", "111120531", "113122180", "112120270", "106118161", "101110740", "103111930", "113119320", "98117740", "112119980", "108119550", "98116500", "110114321", "109117630", "108114220", "106111321", "112116810", "99112641", "110115140", "102113981", "108120280", "113119950", "104113170", "109115070"], "labels": [3, 2, 0, 3, 3, 3, 0, 0, 1, 3, 1, 2, 1, 3, 3, 1, 3, 1, 0, 0, 0, 2, 2, 3, 2, 0, 3, 2, 0, 1, 3, 1, 2, 0, 2, 3, 1, 0, 1, 2, 0, 1, 2, 0, 1, 0, 2, 1, 1, 1, 3, 0, 0, 2, 2, 3, 3, 2, 3, 2, 1, 0, 2, 2, 3, 0, 0, 3, 0, 3, 0, 1, 2, 1, 1, 1, 1, 3, 3, 0, 3, 3, 3, 3, 2, 3, 1, 2, 3, 0, 0, 3, 1, 1, 3, 3, 3, 2, 1, 1, 1, 0, 1, 0, 1, 1, 1, 3, 0, 2, 3, 0, 1, 1, 1, 3, 1, 3, 2, 0, 2, 0, 3, 3, 3, 1, 2, 0, 1, 2, 1, 0, 3, 0, 3, 1, 0, 1, 3, 0, 3, 0], "predicted_labels": [3, 3, 0, 0, 0, 1, 0, 3, 3, 3, 1, 3, 3, 0, 2, 0, 1, 3, 3, 0, 0, 1, 3, 3, 1, 1, 0, 1, 1, 1, 2, 1, 3, 3, 3, 1, 3, 3, 3, 1, 3, 1, 0, 0, 1, 3, 1, 2, 0, 0, 1, 0, 3, 3, 3, 3, 3, 0, 1, 1, 3, 2, 1, 2, 1, 0, 3, 0, 1, 1, 3, 3, 2, 2, 0, 3, 0, 1, 3, 3, 3, 3, 1, 1, 1, 0, 3, 3, 3, 2, 0, 1, 2, 3, 0, 3, 3, 0, 1, 1, 0, 0, 0, 1, 3, 3, 1, 1, 0, 2, 0, 1, 3, 0, 1, 2, 1, 0, 0, 3, 3, 3, 3, 1, 1, 1, 1, 1, 1, 0, 3, 0, 1, 0, 3, 3, 0, 3, 3, 3, 1, 1], "confidence_scores": [[0.2410872898884524, 0.29747371445978005, 0.14173438940686078, 0.31970460624490693], [0.16583077976056596, 0.20305629584957272, 0.27715613511156567, 0.3539567892782958], [0.33289687214918556, 0.3208821881509322, 0.09348380743664494, 0.25273713226323724], [0.4447597510346846, 0.18975782092775198, 0.10925764437641908, 0.2562247836611443], [0.3467031512633318, 0.17926839578777967, 0.13749838637081524, 0.3365300665780732], [0.10684408883207774, 0.4472857705818219, 0.08733344651258385, 0.35853669407351657], [0.46040584027934134, 0.17911804755432215, 0.05246191621430539, 0.3080141959520312], [0.22659924836697715, 0.3100259696982522, 0.0944751630866428, 0.36889961884812783], [0.1964010217812707, 0.2822223863681474, 0.14713751582294193, 0.37423907602764017], [0.24767403509516153, 0.2538564115678241, 0.13161652469235408, 0.36685302864466035], [0.22799930007668662, 0.3502491238214937, 0.16239445317085002, 0.2593571229309697], [0.13294427886617843, 0.21599680257993473, 0.08833782702103851, 0.5627210915328484], [0.13724019488246256, 0.3037138184773875, 0.12647681198843908, 0.43256917465171096], [0.5612496317018666, 0.24545558669973028, 0.10070387044153647, 0.0925909111568668], [0.1230682200497784, 0.2358471572639331, 0.4933859647938762, 0.14769865789241232], [0.44130053644620426, 0.1577866947620727, 0.06790972354493315, 0.33300304524678986], [0.15847794457279393, 0.5524585930939241, 0.0786632210390931, 0.2104002412941887], [0.20446175035276412, 0.2003946051767719, 0.09234963818008501, 0.5027940062903788], [0.22673364513624975, 0.22251414549365855, 0.14766498488674526, 0.40308722448334633], [0.5073974482614608, 0.175815990102876, 0.06452962198246505, 0.2522569396531982], [0.364413135302071, 0.35948695896385524, 0.07857937769079379, 0.19752052804328024], [0.10488960571408765, 0.36060126247066276, 0.30291526054351653, 0.23159387127173311], [0.13399474055440733, 0.26956299067675243, 0.10730622865468688, 0.4891360401141533], [0.23225534046518223, 0.2022611218505284, 0.16689437780456343, 0.3985891598797258], [0.22352401770908728, 0.36825307448608646, 0.1532831870677077, 0.2549397207371186], [0.17384704846480162, 0.4171816674454862, 0.1366209071715305, 0.2723503769181819], [0.30806699347399996, 0.2667915519118399, 0.24480769269339514, 0.18033376192076528], [0.21147103969717773, 0.3378550508282408, 0.15765989589452045, 0.293014013580061], [0.21055967750759108, 0.4584042853542953, 0.2177788921896679, 0.11325714494844569], [0.09365181522068602, 0.34152965282619696, 0.3227362902995908, 0.24208224165352638], [0.22089778231878654, 0.21931532053807715, 0.29901881285720455, 0.26076808428593173], [0.1926320637965256, 0.47533498364915755, 0.09265319922733647, 0.23937975332698042], [0.21243472453675052, 0.2236592884209393, 0.2752687911997607, 0.28863719584254943], [0.1798836676759068, 0.20273472612217783, 0.07821202846426885, 0.5391695777376465], [0.30900372051984487, 0.17690623905632863, 0.15523999350776935, 0.35885004691605726], [0.21139417430588267, 0.5307061718449196, 0.06998246112118182, 0.18791719272801577], [0.12570773660025186, 0.14557013520280185, 0.07351828794767307, 0.6552038402492733], [0.29665096636729965, 0.1967089361989088, 0.17909440508285077, 0.3275456923509408], [0.2735686027749871, 0.1591760502809579, 0.07682949829522762, 0.49042584864882743], [0.18873426389680187, 0.39341133036929027, 0.1801982701969398, 0.2376561355369681], [0.20829462788596975, 0.2816407508419357, 0.0810176935394043, 0.4290469277326904], [0.15877188582276686, 0.47269764989465834, 0.17827806905551202, 0.19025239522706267], [0.3646233987581506, 0.3200342748578543, 0.04867324937520671, 0.26666907700878845], [0.33657076005459385, 0.2900311861892995, 0.1914274062414707, 0.18197064751463582], [0.233929985156449, 0.44896866428017906, 0.0901794875920177, 0.22692186297135414], [0.2621491676049672, 0.18676133892008712, 0.1987649988373019, 0.35232449463764387], [0.07584363166542704, 0.7213956401520958, 0.049683861191763, 0.15307686699071443], [0.21682881173030297, 0.262553522930018, 0.32910834421407004, 0.19150932112560923], [0.3556075215528685, 0.18437720737062677, 0.128480068100652, 0.33153520297585287], [0.3756315302553597, 0.2805621370149351, 0.08990420201034072, 0.25390213071936446], [0.17213907259407246, 0.41394729882208764, 0.11165146614086387, 0.30226216244297593], [0.4128505443030027, 0.2411576697557961, 0.09730699032017474, 0.24868479562102644], [0.19018079844208632, 0.17261721431893476, 0.1798372113925687, 0.4573647758464103], [0.23177631084850253, 0.26996968175121083, 0.16278802567200829, 0.33546598172827835], [0.17010080397021105, 0.21383038431988827, 0.06954949484559542, 0.5465193168643053], [0.09258915608985283, 0.2666597079736913, 0.16550071742264522, 0.4752504185138106], [0.12935273507624745, 0.2464269370594367, 0.29507591057701515, 0.3291444172873007], [0.5120585343673234, 0.2074040148215892, 0.08609363766686176, 0.19444381314422562], [0.16763337747697504, 0.4986340296518985, 0.11508561521170581, 0.21864697765942062], [0.17937464464295577, 0.4542888129787625, 0.0893019694538396, 0.2770345729244421], [0.1929537929466072, 0.2958731189875089, 0.10576102965147381, 0.40541205841441014], [0.23814259045852673, 0.20204364282874154, 0.3326902114686329, 0.2271235552440989], [0.15871214644979903, 0.5331479608961394, 0.09815262511858634, 0.20998726753547534], [0.23693626131783382, 0.0873973784263834, 0.5803946156432892, 0.09527174461249355], [0.21586567045868824, 0.27844733054797577, 0.2579291687101634, 0.2477578302831726], [0.5040735413606067, 0.18912471243349482, 0.10956241081254847, 0.19723933539335], [0.18456697808299558, 0.1914435710883488, 0.30088594886718956, 0.32310350196146626], [0.42440557142729574, 0.16986535383248225, 0.13345437624128662, 0.2722746984989354], [0.1651449086025225, 0.45859688682866306, 0.14463316532056747, 0.23162503924824693], [0.24078976623318873, 0.33876333581882645, 0.1826061602116486, 0.23784073773633624], [0.2781243474781169, 0.2620589552080522, 0.15224959271893737, 0.30756710459489367], [0.21175097787025657, 0.27142015400049707, 0.0909272482941253, 0.4259016198351209], [0.14932036121895947, 0.24092451183475744, 0.4053064424311455, 0.2044486845151375], [0.15904021910782246, 0.26584003239687465, 0.3498199511073166, 0.22529979738798636], [0.33385335391485355, 0.21407081219911547, 0.1318062057788973, 0.3202696281071338], [0.26945147826580046, 0.20260322629824407, 0.19220791512075086, 0.3357373803152047], [0.31910129101883977, 0.26648872109647176, 0.12492456566230933, 0.2894854222223791], [0.30029432781484905, 0.39434851987500275, 0.10809948224301959, 0.1972576700671287], [0.17548551673140797, 0.30047953482703227, 0.11756943012480044, 0.40646551831675953], [0.24506364362099414, 0.27515608031358824, 0.06871235932300344, 0.4110679167424144], [0.16014919417590281, 0.2818880243091922, 0.1800997806327049, 0.3778630008822001], [0.20612273068844342, 0.14814759141006467, 0.16600311461829578, 0.47972656328319624], [0.21880056776844262, 0.4206477109277675, 0.19872936790628604, 0.16182235339750384], [0.21257769566087226, 0.3651132076713385, 0.09254525054771047, 0.3297638461200791], [0.18834977984920329, 0.4181722855104106, 0.08133775730489833, 0.3121401773354879], [0.6028877557029035, 0.16090986901349194, 0.08123298577106404, 0.15496938951254044], [0.2250168389279803, 0.34401651207240347, 0.07740060213844904, 0.3535660468611672], [0.24982413965604355, 0.19178556596826082, 0.11632143353563795, 0.44206886084005753], [0.2797358860333207, 0.1589678706839512, 0.26327486044835374, 0.2980213828343743], [0.2754308272000886, 0.22529939380199632, 0.29871240104402297, 0.20055737795389214], [0.3857058518439363, 0.2968683992751437, 0.08346062173369075, 0.23396512714722917], [0.29350877652752383, 0.3554384855270707, 0.06849747690726932, 0.2825552610381363], [0.2434869423663253, 0.20609813743961333, 0.3235446842721761, 0.22687023592188527], [0.21815321923676198, 0.25169077089905884, 0.22170736632172106, 0.30844864354245827], [0.5157219742538155, 0.1562556564564167, 0.1082644991326591, 0.21975787015710874], [0.25623943097409246, 0.15374128300266568, 0.1998448911749451, 0.3901743948482967], [0.23706343837314184, 0.12774004100030162, 0.2709169314545333, 0.3642795891720234], [0.4751651322354773, 0.18640597301155573, 0.15429086181908158, 0.18413803293388534], [0.23909243536522976, 0.33673125028541545, 0.23301837812253035, 0.19115793622682448], [0.13166792304666958, 0.41958404502384916, 0.0716877276267545, 0.37706030430272675], [0.3504676393479312, 0.21421662429207047, 0.1995848998155734, 0.2357308365444248], [0.38603041853215386, 0.26907755872883266, 0.07899757257065172, 0.26589445016836183], [0.4665548365931219, 0.3407011515337507, 0.07867180690074425, 0.11407220497238306], [0.22909007058603598, 0.5326485881497954, 0.05679057919064095, 0.18147076207352772], [0.23269790287254527, 0.2061842713815436, 0.07117015785784521, 0.4899476678880658], [0.21336020669252437, 0.17568136600984097, 0.07860394514418598, 0.5323544821534488], [0.30373011452671, 0.5292006239248028, 0.06438283000657187, 0.10268643154191538], [0.3013792847395246, 0.3361202852641907, 0.09385397377537563, 0.2686464562209092], [0.5464297297045272, 0.21348238483622833, 0.08875957756344431, 0.1513283078958002], [0.24653973167719687, 0.2390382039984154, 0.36777226250754186, 0.14664980181684603], [0.3708744086343888, 0.18747149342599967, 0.16830449748230158, 0.27334960045731005], [0.11007887165085774, 0.7261094166627898, 0.06746556473309528, 0.09634614695325733], [0.23712028270060595, 0.28147860299612526, 0.17469905492918483, 0.306702059374084], [0.32961488654501486, 0.25665137659704407, 0.17197863119371015, 0.24175510566423108], [0.239593522473053, 0.5123911703393697, 0.12240791070880666, 0.12560739647877067], [0.23778249416795347, 0.280432903007944, 0.3113615626148123, 0.17042304020929014], [0.20001008755932723, 0.5477515999140073, 0.08106386433583841, 0.17117444819082708], [0.31954279793160933, 0.24866901915419912, 0.14252775037262583, 0.2892604325415657], [0.30577699376743495, 0.24204659651911908, 0.26381381205931365, 0.1883625976541324], [0.20172193373659938, 0.2496685061636337, 0.07723401643467752, 0.47137554366508944], [0.33773394255604483, 0.21473114063264426, 0.1034728535786785, 0.3440620632326325], [0.20288766203317868, 0.21432129626583019, 0.2878009097171885, 0.2949901319838027], [0.3467561956347766, 0.14597457704989672, 0.07703397404685054, 0.4302352532684761], [0.20736113785484003, 0.4317429939137273, 0.19130252648218093, 0.16959334174925178], [0.2601971392702216, 0.31888772979210556, 0.11950171575623796, 0.30141341518143494], [0.22549625210147436, 0.34221043781219224, 0.10766288262956546, 0.32463042745676807], [0.13161153186558983, 0.41523425075885256, 0.18786932767998768, 0.26528488969556996], [0.1603656624573353, 0.3325864270526541, 0.28708139247921516, 0.2199665180107955], [0.2514399840693866, 0.4195762131365338, 0.13260292196799472, 0.19638088082608476], [0.4911466450016931, 0.20981157077539367, 0.09115641572816799, 0.20788536849474532], [0.28995459866869383, 0.1797725534999634, 0.1009200361130494, 0.42935281171829337], [0.48098097488882136, 0.23370251919013144, 0.05834799521835482, 0.22696851070269233], [0.28102760265139054, 0.41133723923933463, 0.11700111664563459, 0.19063404146364032], [0.45910690622663797, 0.15509136766330736, 0.06610504870762166, 0.3196966774024331], [0.20999937979651456, 0.34379304719829185, 0.09539499331858836, 0.3508125796866051], [0.19791046157549896, 0.29186971785248567, 0.13367802882039762, 0.37654179175161784], [0.4937014996108297, 0.22498739132577825, 0.07225402969373282, 0.20905707936965948], [0.2683646785008579, 0.2397550622800327, 0.09467641913724992, 0.3972038400818594], [0.36572980338091515, 0.13013513094140916, 0.07261873733693984, 0.43151632834073606], [0.24401054710848755, 0.10630450128040408, 0.06212308364191046, 0.5875618679691978], [0.13825873848336154, 0.43356162780058904, 0.18721089909938482, 0.24096873461666476], [0.15102134024330435, 0.5922672127017686, 0.08265619656674913, 0.17405525048817777]]}, "rewritten": {"ids": ["97106820", "97107040", "97107950", "97108520", "97109080", "97109570", "97112830", "98106880", "98107010", "98107340", "98108370", "98108410", "98110230", "98111860", "98116500", "98117740", "98120530", "99107300", "99108080", "99108330", "99109311", "99109370", "99109740", "99109840", "99109910", "99111930", "99112641", "99117740", "100108260", "100109360", "100109890", "100111390", "100113370", "100116790", "101108500", "101108580", "101110740", "101112201", "101112540", "101117580", "102109010", "102109850", "102110500", "102111990", "102113350", "102113981", "102116340", "102117351", "103109021", "103109641", "103110050", "103111930", "103112470", "103113210", "103113610", "103117200", "104111620", "104113000", "104113170", "104113190", "104118070", "105111990", "105112100", "105113210", "105113480", "105113620", "105114220", "105115250", "105115380", "105116860", "105119950", "106111321", "106114150", "106116850", "106118161", "107112850", "107113130", "107114140", "107116501", "107116980", "107119390", "108113480", "108113760", "108114220", "108115880", "108116070", "108118060", "108118810", "108119550", "108120280", "109113931", "109114270", "109115070", "109117630", "109119591", "110114321", "110114920", "110115140", "110115580", "110116290", "110117200", "110121140", "111114121", "111115400", "111116090", "111116110", "111116530", "111117000", "111117480", "111118820", "111120190", "111120531", "111120640", "111121930", "112116610", "112116800", "112116810", "112117210", "112117461", "112117580", "112118161", "112118421", "112118471", "112118511", "112118620", "112118820", "112119950", "112119980", "112120270", "112120630", "112120990", "112121351", "113117630", "113118111", "113118620", "113119120", "113119300", "113119320", "113119950", "113120070", "113121980", "113122180"], "labels": [1, 2, 2, 2, 2, 0, 2, 0, 3, 0, 1, 1, 3, 0, 2, 2, 1, 3, 3, 1, 1, 1, 3, 2, 2, 1, 1, 2, 3, 0, 3, 2, 3, 2, 3, 0, 3, 0, 2, 3, 1, 1, 3, 2, 3, 1, 3, 1, 0, 1, 3, 3, 1, 3, 2, 0, 0, 1, 3, 3, 2, 2, 1, 3, 0, 0, 3, 2, 1, 2, 3, 0, 1, 3, 3, 1, 1, 2, 1, 3, 2, 0, 1, 3, 3, 1, 1, 1, 1, 3, 1, 3, 0, 0, 0, 1, 3, 0, 1, 2, 3, 3, 0, 0, 3, 3, 3, 0, 1, 0, 3, 0, 0, 1, 1, 0, 3, 1, 0, 0, 0, 3, 1, 1, 3, 0, 0, 0, 0, 3, 2, 0, 0, 1, 3, 3, 1, 1, 0, 2, 2, 2], "predicted_labels": [1, 1, 3, 1, 1, 0, 1, 1, 0, 1, 0, 1, 3, 1, 1, 1, 3, 0, 1, 1, 1, 3, 1, 3, 1, 1, 0, 3, 1, 1, 3, 1, 3, 1, 1, 0, 1, 1, 1, 2, 1, 1, 0, 1, 1, 1, 0, 3, 1, 1, 2, 1, 1, 1, 1, 3, 0, 3, 1, 1, 1, 1, 1, 3, 3, 3, 3, 1, 1, 2, 1, 1, 1, 0, 0, 1, 1, 2, 1, 1, 2, 1, 1, 1, 1, 3, 1, 3, 1, 3, 3, 3, 1, 1, 1, 0, 1, 2, 1, 1, 0, 3, 1, 3, 0, 3, 1, 1, 1, 3, 1, 0, 3, 1, 1, 3, 3, 1, 3, 1, 1, 2, 2, 3, 3, 1, 1, 1, 1, 1, 1, 1, 1, 1, 1, 1, 1, 1, 1, 1, 3, 3], "confidence_scores": [[0.21129430861940954, 0.36649933348907093, 0.13862754316625037, 0.28357881472526936], [0.2936536976889426, 0.4433354157762644, 0.08485557971681507, 0.17815530681797778], [0.13004213534668801, 0.28747704717892886, 0.20127500840480353, 0.3812058090695795], [0.1529153536115355, 0.4056937799522633, 0.14873209244008834, 0.2926587739961129], [0.2439065140119195, 0.29632424072775926, 0.19295679575959254, 0.26681244950072874], [0.37922777775957967, 0.27105620489330173, 0.12989197030273444, 0.21982404704438413], [0.22711256673185187, 0.3319132900201308, 0.16966307913364362, 0.27131106411437356], [0.12642064825388388, 0.358022718486805, 0.29290042717395337, 0.222656206085358], [0.2724631247815497, 0.22039332383778462, 0.25551805361161894, 0.2516254977690467], [0.1554421105224484, 0.5544859083629549, 0.15805431022802616, 0.13201767088657054], [0.44133902554272114, 0.30267278228566497, 0.08737907440490826, 0.1686091177667057], [0.21657003786657528, 0.5747862375136837, 0.08181084540737327, 0.12683287921236758], [0.19051799722707818, 0.3402530105421548, 0.03684023227501034, 0.4323887599557566], [0.12206540287212855, 0.4455165318025595, 0.1351181493236992, 0.2972999160016127], [0.17288954216704105, 0.6412440005779432, 0.07620406265333532, 0.10966239460168062], [0.22219801122157956, 0.48198430372384304, 0.0999030319788769, 0.19591465307570072], [0.14952632833400853, 0.3599446949798996, 0.10607197971115408, 0.38445699697493774], [0.354679257584386, 0.31235486990573735, 0.15123229752149256, 0.1817335749883842], [0.2708518224390552, 0.29359976602815957, 0.15420465283880902, 0.2813437586939762], [0.22997744739115536, 0.3105891593494106, 0.1780166410351408, 0.2814167522242933], [0.29995100125470264, 0.43879816267447436, 0.09229093345484618, 0.1689599026159768], [0.2191402679082825, 0.2984710237737429, 0.16402202681200062, 0.3183666815059739], [0.3203640192180123, 0.3312572213545787, 0.1120842826955871, 0.236294476731822], [0.2770119931310311, 0.29976950487490767, 0.11895394223308685, 0.30426455976097444], [0.12093830510242527, 0.5294168236416995, 0.1824661093613533, 0.16717876189452188], [0.1611869868495559, 0.3268453949451149, 0.19278869143823615, 0.31917892676709303], [0.31321359185201864, 0.2749728852976409, 0.17768764014483202, 0.2341258827055083], [0.18337581819644116, 0.30400151174208545, 0.12566623331086016, 0.3869564367506133], [0.2437268673918339, 0.3404047039744518, 0.12956227872103415, 0.28630614991268], [0.2176421031137633, 0.3980966401755917, 0.10811912308954566, 0.27614213362109924], [0.21966461178911445, 0.3004752249086984, 0.166754339288174, 0.3131058240140134], [0.19912277811205756, 0.3758551912490589, 0.17445157371779338, 0.2505704569210902], [0.20614073093524998, 0.24911134766504717, 0.15107422365230086, 0.393673697747402], [0.19789397966279423, 0.46105519528748995, 0.16502353812340814, 0.17602728692630765], [0.2460110162323459, 0.30430066569622527, 0.17245635067770096, 0.277231967393728], [0.3487326044434037, 0.25854462173800735, 0.10781183659126739, 0.28491093722732147], [0.13279711956413623, 0.5196131117144495, 0.18813763966236421, 0.15945212905905007], [0.162659704403146, 0.3618659761809961, 0.13703838696945259, 0.3384359324464055], [0.23940473075233706, 0.3236915895251101, 0.1387235187568713, 0.29818016096568156], [0.14359208502850748, 0.31456438810403226, 0.41497492830084576, 0.12686859856661453], [0.14318588011556255, 0.3995413325077215, 0.13234744029500636, 0.3249253470817098], [0.19681194811721262, 0.3875430414792817, 0.1632820607186258, 0.25236294968487993], [0.3779392081528923, 0.24436872471404733, 0.09383060137256821, 0.2838614657604923], [0.21183720244818868, 0.36382644489123583, 0.12397695949282396, 0.3003593931677515], [0.10370519689763508, 0.47331487158973184, 0.29365610506213513, 0.1293238264504978], [0.20369050037691905, 0.5040665360249951, 0.10249385835314292, 0.18974910524494298], [0.3906183522498423, 0.3369548533775912, 0.12475673895680839, 0.14767005541575828], [0.17857068969882628, 0.35768027364395144, 0.10149939390419745, 0.36224964275302485], [0.21439303629575415, 0.3889843713092066, 0.15922397241273908, 0.23739861998230022], [0.2797658817564597, 0.33283292327982694, 0.11792714989047846, 0.26947404507323486], [0.14767496824896706, 0.17169026069838852, 0.3694386182061055, 0.31119615284653895], [0.17140844738647798, 0.4559456333792677, 0.10070589792948619, 0.27194002130476785], [0.17282702381203918, 0.384935659250805, 0.08493305893863708, 0.35730425799851884], [0.23863527901998619, 0.4414962578667573, 0.11054959916170552, 0.20931886395155094], [0.14900716988946738, 0.4712978385234681, 0.23496421462093842, 0.14473077696612596], [0.1948616933112771, 0.2800524703454245, 0.10790923379989263, 0.4171766025434059], [0.3104900977757841, 0.2768671509840531, 0.12390414591596707, 0.2887386053241958], [0.2360139917667514, 0.261365899888018, 0.10502686198808334, 0.3975932463571473], [0.15694015888380516, 0.44203311348700636, 0.1422140339373736, 0.2588126936918148], [0.1973957058396909, 0.4518865296243801, 0.15582725774710893, 0.19489050678882014], [0.11580808573019212, 0.4168463997742331, 0.1507764046099266, 0.31656910988564807], [0.14113355130984226, 0.38237053968838264, 0.22147239934270177, 0.2550235096590736], [0.22821881964159438, 0.33039756705928214, 0.2723215796438518, 0.16906203365527173], [0.21622936990448519, 0.09960688549996505, 0.05575273638555589, 0.628411008209994], [0.259936393967153, 0.24713126525204834, 0.09802585561838867, 0.39490648516241], [0.27018383093838605, 0.22168382828647581, 0.1912112362247824, 0.31692110455035577], [0.09588667454729351, 0.38239979149511893, 0.13417160478198406, 0.3875419291756035], [0.16075878137083843, 0.3103257975825938, 0.2960804019928644, 0.2328350190537033], [0.1281189943219825, 0.5449656431439035, 0.08490227005788946, 0.2420130924762246], [0.08664701850575594, 0.18447552971026018, 0.5923911362739491, 0.1364863155100348], [0.154735609303729, 0.42985476161251024, 0.12837087488822818, 0.28703875419553254], [0.1474823727389019, 0.45443051198611745, 0.1134549318968523, 0.28463218337812835], [0.14351520078528598, 0.5752855686666594, 0.10611770216954165, 0.17508152837851299], [0.4692285995288429, 0.23142369192215836, 0.07764677389628925, 0.22170093465270943], [0.28346734488247843, 0.2653050444697235, 0.17282472136005725, 0.27840288928774065], [0.12812804784816212, 0.4600809372451455, 0.09979230673833732, 0.3119987081683553], [0.1660278627431545, 0.46943020376108735, 0.168255080277129, 0.196286853218629], [0.16873463999561045, 0.29521288717595134, 0.4007095826063673, 0.13534289022207066], [0.2099594563347229, 0.3494763318645904, 0.09549500618917693, 0.3450692056115099], [0.20988425637405134, 0.4616261367587286, 0.17487736314650631, 0.15361224372071372], [0.1373972556257544, 0.35429911116411605, 0.3553599706112247, 0.1529436625989049], [0.07493462254342848, 0.7274504684314514, 0.08770548919291783, 0.10990941983220236], [0.2698938400397802, 0.31804989131416606, 0.1630900308555177, 0.24896623779053612], [0.21209258388904012, 0.5153024857435657, 0.11703404894696992, 0.15557088142042416], [0.21324038316864774, 0.34244502286347106, 0.15569872893817052, 0.2886158650297107], [0.14562312506306102, 0.3403331844067097, 0.1609630934679148, 0.3530805970623144], [0.08668489321613375, 0.6300232863905426, 0.12077619997205331, 0.16251562042127043], [0.12169786265453135, 0.2046765378646544, 0.10816224074036546, 0.5654633587404488], [0.09227004395715141, 0.4268367243263705, 0.28957514980410554, 0.1913180819123727], [0.20738255174923848, 0.16940377772138787, 0.14063282335896088, 0.4825808471704129], [0.1732062996699559, 0.35908662576330813, 0.05745531638538703, 0.410251758181349], [0.1877574481401029, 0.32370318309093227, 0.0926032171630565, 0.39593615160590834], [0.08138396340216246, 0.6104992111370515, 0.08159885865464865, 0.22651796680613737], [0.14543628896015404, 0.6264873486416611, 0.11963950204793224, 0.10843686035025259], [0.19913938100847198, 0.43896355199009107, 0.132328937894107, 0.2295681291073299], [0.3579593663616387, 0.24624703841182358, 0.09470839794250721, 0.3010851972840306], [0.1600965368790174, 0.5257501186336713, 0.14364155341857315, 0.17051179106873815], [0.24124895558380988, 0.253690333872067, 0.2630250501763382, 0.2420356603677848], [0.3350131113715417, 0.47987130115982607, 0.07545216397139351, 0.10966342349723875], [0.11079988741438826, 0.46628331959009767, 0.2522046604562243, 0.17071213253928977], [0.3744571481651064, 0.2995758749003842, 0.10677812107547434, 0.21918885585903503], [0.10725000038981301, 0.2588413254453546, 0.23376826378066531, 0.40014041038416714], [0.22740533266335625, 0.35031398815711035, 0.0922679168736647, 0.33001276230586857], [0.23224670806618197, 0.22269886760618138, 0.2178554634118679, 0.32719896091576883], [0.34359065917170717, 0.32634237630924195, 0.05944082506224168, 0.2706261394568089], [0.27442271836641036, 0.29387128856308836, 0.11665937767864094, 0.31504661539186046], [0.23780378173375552, 0.3500576389521066, 0.11372722858749153, 0.29841135072664643], [0.1464132336642317, 0.5126344148185815, 0.09285512178395464, 0.24809722973323223], [0.08419266933638771, 0.4679599021834182, 0.1331390436165883, 0.3147083848636058], [0.19615278821371085, 0.2897908739492945, 0.11116993951049298, 0.4028863983265015], [0.1458347258542993, 0.48619817998342824, 0.175799222097773, 0.19216787206449967], [0.4032976641393162, 0.2934792356079944, 0.10541670473927227, 0.19780639551341708], [0.15114294411737933, 0.23310337859575903, 0.09343275022769658, 0.5223209270591651], [0.18243400972025886, 0.47069482687269204, 0.09858682725171802, 0.2482843361553312], [0.10322756617354507, 0.4565546023844975, 0.2709535447356948, 0.1692642867062627], [0.08763994447651786, 0.13048560241950233, 0.06300792666005552, 0.7188665264439243], [0.13647739409281612, 0.2820821152403321, 0.04395061986510215, 0.5374898708017497], [0.27010915035657385, 0.3753003793249622, 0.1477336988754581, 0.20685677144300574], [0.29690499281607863, 0.23393364128066613, 0.13060016720397155, 0.33856119869928364], [0.1930672231400967, 0.4257467685099104, 0.14745345288434772, 0.23373255546564523], [0.263693393695617, 0.318933598315713, 0.17973215244380134, 0.2376408555448688], [0.13901505627541366, 0.2889103805095142, 0.31794448402358483, 0.25413007919148733], [0.14191004690092443, 0.2537349369554182, 0.4780676291882948, 0.12628738695536273], [0.30666327886342293, 0.2870828450260236, 0.08905681294479727, 0.3171970631657561], [0.14098293227240472, 0.3741547129858875, 0.1034742522501996, 0.38138810249150823], [0.16435830910952712, 0.43478848377299706, 0.2031628502574101, 0.19769035686006572], [0.2111717140107889, 0.457037533291329, 0.16191748166857542, 0.1698732710293066], [0.17253881139424243, 0.5510600975988845, 0.11581594089908637, 0.16058515010778668], [0.20382003177496938, 0.299764231830816, 0.22888384701398126, 0.26753188938023353], [0.1462456324306877, 0.45146232652937696, 0.09333898888336913, 0.3089530521565663], [0.3231207899123417, 0.36597750244880217, 0.10768919269626957, 0.2032125149425867], [0.2377945157690234, 0.5420329125178063, 0.0685227704925532, 0.15164980122061722], [0.19171548827442614, 0.5980431538637484, 0.08064161621273223, 0.12959974164909327], [0.2268136482251132, 0.38924787451688353, 0.1407772365853663, 0.24316124067263695], [0.10757654967729326, 0.6387224698294871, 0.08631118806594752, 0.16738979242727225], [0.24069629396971415, 0.3709006529435837, 0.14284109461237512, 0.2455619584743271], [0.23409080798785764, 0.4051693130459962, 0.12585135030567315, 0.234888528660473], [0.23605260263824512, 0.40296766706400244, 0.11955402123261065, 0.24142570906514185], [0.20515881153710816, 0.3580077478114466, 0.12096957255319164, 0.3158638680982538], [0.21394583988918553, 0.3293144575678589, 0.23360452873222676, 0.22313517381072898], [0.13773868789801122, 0.3415572208826321, 0.13229643386876483, 0.38840765735059185], [0.09654682986914016, 0.3365753568716847, 0.05193372066286875, 0.5149440925963064]]}}