{"test": {"ids": ["112121030", "98108410", "97116500", "102116500", "108118520", "113118231", "113122230", "98116500", "101112201", "112116810", "110118701", "108116120", "113118630", "103113260", "107113170", "107116300", "97109570", "100109890", "113120540", "109114651", "97106770", "112117571", "99109161", "109113881", "104113380", "112116610", "108121351", "104110960", "105112260", "111116040", "112116401", "107114140", "108118810", "97112830", "99112531", "98112300", "113121010", "108115970", "113118421", "113118820", "110115890", "106115120", "107113260", "105115570", "99116500", "106118301", "102113350", "111116530", "102110500", "100109000", "107113360", "104119340", "103120531", "112119500", "100111620", "112118820", "104111880", "109118701", "101110740", "111116170", "113117550", "101119030", "113120591", "102110750", "99107660", "104119290", "100110260", "113117630", "113118620", "103110840", "113121980", "112116900", "107120260", "111121410", "110115250", "99117630", "102113981", "108117451", "98108520", "98120530", "112117030", "101111620", "109114270", "100109311", "109121351", "105113620", "97116410", "110114920", "110116501", "113118111", "107121230", "100111080", "102121700", "101114990", "106113360", "101111310", "107118490", "112119320", "103120780", "101111210", "106120290", "109117150", "108115870", "104113000", "104114320", "110115710", "101108950", "112116880", "108114040", "106116441", "107119130", "98110810", "98109230", "111115620", "98107340", "101108290", "112120640", "108114220", "109117110", "105120280", "105116501", "104111550", "104113210", "99108000", "104116800", "110120640", "104114410", "105113480", "110113591", "103120730", "113122180", "103118110", "107112840", "100108990", "99109840", "103111170", "98106680", "107113550", "110121450", "100108080", "111116100", "110119300"], "labels": [0, 1, 2, 1, 0, 3, 1, 2, 0, 3, 3, 1, 3, 3, 0, 0, 0, 3, 3, 3, 3, 3, 3, 0, 1, 1, 3, 2, 3, 0, 0, 2, 1, 2, 3, 2, 2, 2, 3, 0, 2, 1, 0, 0, 2, 1, 3, 3, 3, 1, 0, 1, 3, 2, 3, 0, 3, 3, 3, 0, 3, 3, 0, 1, 3, 1, 3, 0, 3, 1, 2, 3, 1, 0, 1, 3, 1, 2, 2, 1, 2, 3, 3, 1, 0, 0, 3, 3, 3, 1, 0, 0, 1, 3, 0, 3, 2, 1, 1, 2, 2, 2, 3, 1, 2, 2, 2, 0, 0, 0, 1, 1, 1, 1, 0, 0, 0, 3, 1, 3, 1, 1, 3, 2, 1, 0, 1, 0, 0, 1, 2, 2, 1, 2, 2, 2, 1, 0, 3, 0, 3, 1], "predicted_labels": [0, 1, 2, 1, 1, 1, 1, 1, 1, 1, 2, 0, 3, 1, 3, 0, 3, 0, 0, 0, 0, 3, 0, 1, 1, 0, 3, 0, 3, 0, 0, 1, 3, 3, 3, 0, 1, 3, 0, 0, 1, 0, 1, 1, 1, 3, 0, 1, 0, 1, 0, 3, 1, 1, 2, 3, 3, 3, 2, 1, 1, 0, 0, 1, 0, 3, 0, 1, 1, 1, 3, 1, 1, 1, 3, 0, 1, 0, 0, 3, 3, 0, 0, 1, 1, 1, 1, 3, 3, 3, 3, 1, 1, 1, 1, 0, 1, 2, 1, 3, 1, 1, 3, 0, 1, 1, 1, 1, 0, 0, 3, 1, 0, 0, 2, 3, 2, 1, 3, 1, 0, 2, 0, 1, 3, 1, 0, 3, 3, 1, 3, 3, 1, 2, 2, 1, 1, 0, 1, 1, 1, 1], "confidence_scores": [[0.36622609880098117, 0.26468887661627405, 0.12307060856346387, 0.24601441601928087], [0.2981871334262743, 0.31610573707175865, 0.1161136356452901, 0.269593493856677], [0.2441758019213008, 0.28442092240406885, 0.2911420565890234, 0.1802612190856073], [0.25096972691911457, 0.28230663271389644, 0.1971896741119989, 0.26953396625499026], [0.17270283007553203, 0.36658282555825683, 0.24322371798683198, 0.21749062637937921], [0.2459391246302513, 0.3316789878247566, 0.13961224615605636, 0.2827696413889359], [0.25953263541985117, 0.30229094923378425, 0.16116286173905858, 0.27701355360730623], [0.25829528543815017, 0.29682345645557595, 0.15438729233296258, 0.29049396577331155], [0.25611624101296404, 0.3345052912706187, 0.0925878644351434, 0.31679060328127356], [0.25690476137688983, 0.28195138748181864, 0.2008402428914215, 0.26030360824987014], [0.13711788962796664, 0.30558895732729374, 0.3235037794118903, 0.2337893736328496], [0.3891072026591818, 0.23217918912846205, 0.11932700387177529, 0.2593866043405809], [0.24591151378046602, 0.3109819119516384, 0.13014499061515802, 0.3129615836527376], [0.23356791775968777, 0.3246620286595572, 0.1791897166765621, 0.2625803369041931], [0.21828941475447988, 0.284524748678527, 0.16271838120531623, 0.33446745536167677], [0.30498674620987654, 0.263807337237302, 0.15292783021015144, 0.27827808634267004], [0.2741059502429037, 0.28417416736357415, 0.1592238469238085, 0.28249603546971386], [0.27825313406956675, 0.2559018252684632, 0.28699523683400324, 0.1788498038279667], [0.34811489420580183, 0.28174883253471195, 0.0721575961220141, 0.29797867713747234], [0.389156304997091, 0.23198077489775312, 0.06804324717520763, 0.31081967292994844], [0.32310438397670177, 0.2989828283281269, 0.21008911236615557, 0.16782367532901585], [0.3219535159186193, 0.27524584505464106, 0.06366404386781765, 0.339136595158922], [0.30224891085134936, 0.28397097667075766, 0.20097093439099817, 0.21280917808689498], [0.27455465101649285, 0.32846116480052007, 0.13046554424966872, 0.26651863993331826], [0.17177941596611218, 0.321531300867967, 0.26355512932555175, 0.24313415384036904], [0.32729759698153976, 0.26581291343776253, 0.1749607250448554, 0.2319287645358425], [0.29791232927116057, 0.29776487067171276, 0.08096309144595572, 0.3233597086111711], [0.38335907011729187, 0.25300883701398535, 0.1846154488214344, 0.17901664404728826], [0.17265080634949959, 0.32168842427431465, 0.17763502819901952, 0.3280257411771663], [0.31339556463321827, 0.2706925902334623, 0.10682372477431057, 0.30908812035900896], [0.4194706694370561, 0.22915454009901678, 0.07286528814804684, 0.2785095023158805], [0.2026711554120573, 0.324078326708022, 0.2288780039847919, 0.24437251389512865], [0.29649087706712485, 0.25752425788516575, 0.06803580103266808, 0.37794906401504147], [0.2474278245857766, 0.25693655023427026, 0.23153957993090743, 0.26409604524904595], [0.29831350814829893, 0.25108654619620296, 0.14833013369245932, 0.3022698119630388], [0.31621730699673184, 0.2447887171863085, 0.1546393359985356, 0.28435463981842385], [0.23410158534837847, 0.3182145967209178, 0.1776659297670408, 0.27001788816366273], [0.27716204164820807, 0.30323783817589295, 0.09827912649575538, 0.32132099368014355], [0.41777722620256796, 0.2502706750040312, 0.04525419052037138, 0.28669790827302966], [0.3079478712816494, 0.2962184779132711, 0.12440876567107935, 0.2714248851339998], [0.18730434670763532, 0.31464929685896414, 0.18252840357282935, 0.315517952860571], [0.3433412231956191, 0.32293055984188807, 0.053425913430013044, 0.28030230353248], [0.22489320149525224, 0.34698377235719513, 0.12393727480788397, 0.3041857513396686], [0.1989875789239255, 0.30664647899746467, 0.2547865501424089, 0.2395793919362011], [0.09137897274163824, 0.3603665747183627, 0.3130964568798882, 0.2351579956601108], [0.32150854381120725, 0.288733094958671, 0.06332854250070725, 0.32642981872941434], [0.25591581505201827, 0.27570206263900343, 0.23655085704618933, 0.2318312652627892], [0.24196543131204346, 0.35802078186378655, 0.11221139062278787, 0.2878023962013823], [0.30778106184115317, 0.23618877114050477, 0.1408331771094472, 0.31519698990889494], [0.2008400921319848, 0.33553302213797975, 0.1598037618787545, 0.30382312385128113], [0.2869175163852232, 0.30600197184674816, 0.1147644069368494, 0.2923161048311792], [0.27186094641646763, 0.269631245079136, 0.09207260414792139, 0.36643520435647514], [0.21606747888580066, 0.36382928647862117, 0.12333534583103128, 0.2967678888045468], [0.16118025338933012, 0.3456479738586726, 0.27061452282885085, 0.2225572499231464], [0.20660579132498608, 0.2470721683963847, 0.2768753028512461, 0.2694467374273831], [0.3102136874783588, 0.2644183775755803, 0.09759139723899331, 0.32777653770706755], [0.1798981040752531, 0.27127109834436425, 0.24559363480655788, 0.3032371627738248], [0.2685637994018141, 0.2859877380359867, 0.12731690766970852, 0.31813155489249056], [0.08251899307007236, 0.3447357223579233, 0.3990193190644561, 0.17372596550754804], [0.27214692329446355, 0.3477779562093066, 0.05223180444640724, 0.32784331604982264], [0.23943533548941145, 0.3171545435461629, 0.14853937210188234, 0.29487074886254344], [0.3368926038489023, 0.29016687148419174, 0.10687420186510552, 0.26606632280180015], [0.2931490521039107, 0.30550088914073437, 0.08445506164863645, 0.3168949971067182], [0.17321190218316068, 0.3796753242012694, 0.2689543268440779, 0.1781584467714923], [0.3708701679850731, 0.24472855116067369, 0.11475261083057851, 0.26964867002367443], [0.1293263331311312, 0.29379119494484535, 0.2905857284953357, 0.2862967434286874], [0.28621860313158975, 0.28686479450565666, 0.1650372518899762, 0.2618793504727771], [0.23115948700476585, 0.3366070671390521, 0.1621875789384525, 0.27004586691772975], [0.3061062304857369, 0.3308276561538518, 0.061383409517095845, 0.3016827038433155], [0.23434765343758573, 0.2940660698146575, 0.27360031263635115, 0.1979859641114057], [0.17280234133682518, 0.3555544649558561, 0.1168665680793347, 0.35477662562798434], [0.29744340097126737, 0.3181617646242579, 0.0754041542499212, 0.3089906801545536], [0.2609811973845527, 0.3168980739959234, 0.18069991502316443, 0.24142081359635975], [0.2772515699330781, 0.321559186622128, 0.1092767442184592, 0.29191249922633444], [0.24420843880149465, 0.28069361106859775, 0.12443057573798626, 0.3506673743919216], [0.2903797279392064, 0.2812612044227486, 0.2365751690131146, 0.1917838986249301], [0.21293750294322383, 0.35429570139473643, 0.24210397289027644, 0.1906628227717631], [0.4379874823830031, 0.22547474043002308, 0.05022504378826232, 0.2863127333987117], [0.3009292900550712, 0.29719886448994703, 0.12425087514000739, 0.27762097031497457], [0.2782603896861487, 0.29556059862990913, 0.10295887508787119, 0.32322013659607085], [0.2691595832076964, 0.2724069202338756, 0.12910561495639788, 0.3293278816020304], [0.34117390577025797, 0.22821537145133688, 0.17232408855326498, 0.25828663422514025], [0.3162685701517741, 0.20324346317512174, 0.18987651751503107, 0.29061144915807313], [0.2393165434694945, 0.3305320128024708, 0.11929527362928384, 0.31085617009875066], [0.2993166702366458, 0.31484776983681373, 0.08753787084326133, 0.29829768908327897], [0.2206184910348254, 0.32109738681948224, 0.2014500816481867, 0.25683404049750597], [0.18205079065064167, 0.3222482506010643, 0.23082567490539982, 0.2648752838428942], [0.25477512121370394, 0.3163392572284983, 0.10208500989399633, 0.32680061166380137], [0.26843350288227696, 0.3019395708124638, 0.10320030777192973, 0.3264266185333294], [0.27125982688091477, 0.2792763897006673, 0.137094232305937, 0.3123695511124809], [0.20720461227089615, 0.319234950707047, 0.0926418773453244, 0.3809185596767326], [0.17923983336754995, 0.30103588360126876, 0.2886800636443435, 0.23104421938683778], [0.27685627796007395, 0.3316836456909668, 0.14935198277665274, 0.24210809357230648], [0.14529713308247008, 0.3654549653187977, 0.16716857501958612, 0.32207932657914606], [0.27772292552133415, 0.31893520569803285, 0.11984970962353184, 0.2834921591571015], [0.2894434220763447, 0.3007060958938351, 0.23292864430700827, 0.17692183772281186], [0.23995604671708073, 0.31876023655719665, 0.1791963763873326, 0.2620873403383897], [0.07764948222171206, 0.26985545814017475, 0.46454759050419275, 0.18794746913392033], [0.24659269794572083, 0.3490925845012444, 0.13997026748705516, 0.2643444500659797], [0.20287942128522693, 0.30196560788078763, 0.1948277979359826, 0.3003271728980027], [0.16003516937158488, 0.31036999318844977, 0.3326479263618501, 0.1969469110781157], [0.20394375011432062, 0.3118827593868268, 0.21223362243837415, 0.27193986806047826], [0.2924007978200332, 0.2698765822050439, 0.10595189260387462, 0.33177072737104807], [0.3391520185022572, 0.20335502395891314, 0.15289057390206884, 0.3046023836367607], [0.23952223360714106, 0.29936617195455334, 0.2711064376927924, 0.1900051567455134], [0.2062933355420248, 0.3154784344332825, 0.16459420105409373, 0.31363402897059883], [0.20467394799663485, 0.27845799662220344, 0.2574050808716752, 0.2594629745094864], [0.21479280577598653, 0.30013733030757594, 0.21165447206168325, 0.2734153918547542], [0.3152265026331581, 0.27094062600303026, 0.16144944535932065, 0.2523834260044909], [0.34210711146912315, 0.3020615301010893, 0.08750774561781496, 0.2683236128119726], [0.27471252708663396, 0.3218393226767507, 0.06590659839234927, 0.33754155184426626], [0.17626043823034276, 0.3879687725984897, 0.2573770498717125, 0.17839373929945507], [0.29030546874505336, 0.2568949957315694, 0.2998347573202491, 0.1529647782031285], [0.3027586028025476, 0.29654410369107714, 0.10536269602416753, 0.2953345974822073], [0.16426936010902618, 0.2166663406422686, 0.36972612798586885, 0.2493381712628363], [0.2835995337256941, 0.26606228657413855, 0.12124606353390079, 0.32909211616626655], [0.22533149809762126, 0.2822106207781625, 0.32011843212721486, 0.1723394489970014], [0.21057155718304324, 0.3093514587286567, 0.2785777053966846, 0.20149927869161527], [0.2647681946329293, 0.29207683105854804, 0.12803453127119618, 0.31512044303732667], [0.17367361280035573, 0.33050403693405916, 0.21089315787688173, 0.2849291923887034], [0.31628640786299267, 0.30300964049720364, 0.06740364655932965, 0.3133003050804737], [0.22646393183046604, 0.2921830892283096, 0.31385516290475046, 0.16749781603647385], [0.2882052694554555, 0.2519323724043342, 0.15787865525161343, 0.301983702888597], [0.10994781068948094, 0.39341604531817503, 0.22670189481344938, 0.26993424917889486], [0.25597680160781794, 0.2750580959514228, 0.15353534794753174, 0.3154297544932275], [0.17580925434660535, 0.29824688648296727, 0.2864019418720376, 0.23954191729839006], [0.32516347414067265, 0.2564288496205149, 0.13322186438680536, 0.28518581185200703], [0.23968007470923935, 0.30313404089558, 0.12725735209042685, 0.32992853230475383], [0.2991354640233742, 0.3041064342403557, 0.06463827420422585, 0.3321198275320442], [0.2897320049217649, 0.3077716150687457, 0.08770661482949207, 0.3147897651799975], [0.2361754332762226, 0.31874604031837694, 0.10341950616971604, 0.34165902023568423], [0.1438324476102801, 0.2680555385594428, 0.2456455359071932, 0.34246647792308377], [0.2763770014881494, 0.3260817481332404, 0.13432148679643202, 0.26321976358217825], [0.20742224893749306, 0.27101641385429975, 0.2757757346730347, 0.2457856025351722], [0.10535638729687652, 0.2730989341846299, 0.3787117926701679, 0.2428328858483254], [0.17799846933316246, 0.29983723155128683, 0.29301112209160474, 0.22915317702394633], [0.2211452740417378, 0.3157056343014256, 0.20109285359073276, 0.2620562380661039], [0.30362263873548767, 0.28220889552640305, 0.2246895595468123, 0.18947890619129729], [0.2870733075036025, 0.315360114108101, 0.11100129614886638, 0.2865652822394305], [0.23365419984665223, 0.38214559007474974, 0.08254400429927353, 0.30165620577932484], [0.30892811893163025, 0.341249079822709, 0.101775592464437, 0.24804720878122377], [0.247152260603473, 0.332711608896733, 0.1144585615871571, 0.3056775689126372]]}, "rewritten": {"ids": ["97106770", "97109570", "97112830", "97116410", "97116500", "98106680", "98107340", "98108410", "98108520", "98109230", "98110810", "98112300", "98116500", "98120530", "99107660", "99108000", "99109161", "99109840", "99112531", "99116500", "99117630", "100108080", "100108990", "100109000", "100109311", "100109890", "100110260", "100111080", "100111620", "101108290", "101108950", "101110740", "101111210", "101111310", "101111620", "101112201", "101114990", "101119030", "102110500", "102110750", "102113350", "102113981", "102116500", "102121700", "103110840", "103111170", "103113260", "103118110", "103120531", "103120730", "103120780", "104110960", "104111550", "104111880", "104113000", "104113210", "104113380", "104114320", "104114410", "104116800", "104119290", "104119340", "105112260", "105113480", "105113620", "105115570", "105116501", "105120280", "106113360", "106115120", "106116441", "106118301", "106120290", "107112840", "107113170", "107113260", "107113360", "107113550", "107114140", "107116300", "107118490", "107119130", "107120260", "107121230", "108114040", "108114220", "108115870", "108115970", "108116120", "108117451", "108118520", "108118810", "108121351", "109113881", "109114270", "109114651", "109117110", "109117150", "109118701", "109121351", "110113591", "110114920", "110115250", "110115710", "110115890", "110116501", "110118701", "110119300", "110120640", "110121450", "111115620", "111116040", "111116100", "111116170", "111116530", "111121410", "112116401", "112116610", "112116810", "112116880", "112116900", "112117030", "112117571", "112118820", "112119320", "112119500", "112120640", "112121030", "113117550", "113117630", "113118111", "113118231", "113118421", "113118620", "113118630", "113118820", "113120540", "113120591", "113121010", "113121980", "113122180", "113122230"], "labels": [3, 0, 2, 3, 2, 1, 0, 1, 2, 1, 1, 2, 2, 1, 3, 2, 3, 2, 3, 2, 3, 0, 2, 1, 1, 3, 3, 0, 3, 0, 2, 3, 2, 3, 3, 0, 3, 3, 3, 1, 3, 1, 1, 1, 1, 2, 3, 2, 3, 1, 1, 2, 1, 3, 1, 3, 1, 2, 1, 1, 1, 1, 3, 0, 0, 0, 1, 3, 0, 1, 0, 1, 2, 1, 0, 0, 0, 0, 2, 0, 2, 1, 1, 0, 0, 3, 3, 2, 1, 2, 0, 1, 3, 0, 3, 3, 1, 2, 3, 0, 0, 3, 1, 2, 2, 3, 3, 1, 0, 3, 1, 0, 3, 0, 3, 0, 0, 1, 3, 0, 3, 2, 3, 0, 1, 2, 0, 0, 3, 0, 1, 3, 3, 3, 3, 0, 3, 0, 2, 2, 2, 1], "predicted_labels": [1, 1, 0, 1, 2, 1, 2, 1, 1, 0, 1, 0, 3, 3, 0, 1, 0, 3, 0, 1, 0, 1, 2, 1, 3, 0, 1, 1, 0, 3, 2, 1, 3, 1, 0, 1, 1, 0, 3, 1, 1, 1, 1, 1, 1, 1, 1, 3, 1, 0, 1, 0, 2, 3, 0, 0, 1, 1, 0, 3, 3, 3, 3, 1, 1, 1, 0, 3, 3, 0, 0, 0, 1, 1, 3, 1, 0, 0, 1, 0, 1, 1, 1, 3, 3, 1, 3, 1, 0, 0, 1, 3, 3, 1, 3, 0, 3, 1, 3, 3, 3, 1, 3, 1, 1, 3, 3, 1, 1, 1, 1, 0, 1, 1, 1, 1, 0, 0, 1, 1, 0, 3, 3, 3, 2, 1, 2, 0, 3, 1, 3, 1, 0, 1, 3, 0, 0, 0, 1, 3, 3, 1], "confidence_scores": [[0.30403588057121955, 0.30377378622713014, 0.2273061827838189, 0.16488415041783136], [0.23890122372407172, 0.29950440230708264, 0.18274849440948937, 0.2788458795593567], [0.27434580911613893, 0.2672921849125013, 0.18417659570098624, 0.2741854102703737], [0.16719638178796156, 0.33700026131698096, 0.24037564996522345, 0.2554277069298338], [0.20699011883543383, 0.2852334627240903, 0.3081295394205272, 0.19964687901994893], [0.1393283462185265, 0.3415928880752226, 0.3416140013295894, 0.17746476437666156], [0.17586554781010144, 0.23388030649962493, 0.3232748580700981, 0.26697928762017503], [0.2999336073189388, 0.3121751298204858, 0.13861676096786324, 0.24927450189271216], [0.25051486412352586, 0.33801524426410856, 0.12264934132751307, 0.28882055028485276], [0.26994141109895864, 0.26516874564520015, 0.30203637918815907, 0.16285346406768214], [0.1523284086994253, 0.3979286516652113, 0.2806897819452353, 0.1690531576901281], [0.2832864776012933, 0.24187499965549403, 0.20540551409089286, 0.2694330086523197], [0.2631045667217586, 0.285390903051607, 0.14936108534928186, 0.30214344487735223], [0.2745660223762918, 0.2935118290549358, 0.10205343765594503, 0.32986871091282755], [0.30060306738140136, 0.2221972909396842, 0.21373801311844332, 0.2634616285604712], [0.12912682953941335, 0.37720547115871117, 0.2163435207622631, 0.27732417853961244], [0.32828958282453263, 0.28080960084862094, 0.15305864192566537, 0.23784217440118116], [0.1486024551159595, 0.2782617702653328, 0.2692804639784318, 0.3038553106402764], [0.28183673681876165, 0.25698370679432, 0.17979242285260189, 0.2813871335343163], [0.10147160643309538, 0.3603152388488388, 0.30096551796570387, 0.23724763675236196], [0.2805896257011913, 0.2840371263056591, 0.25756650183650387, 0.17780674615664546], [0.2174033562121082, 0.39035237130882366, 0.10928125255524074, 0.28296301992382755], [0.20492323657216904, 0.2792943574275344, 0.27538246210514655, 0.24039994389515], [0.20010117442826197, 0.31157228196017145, 0.18940941863087526, 0.29891712498069095], [0.24327957836020578, 0.34074240826906194, 0.0890213317586818, 0.3269566816120504], [0.2885141373567604, 0.27634742910657933, 0.2587600989214099, 0.17637833461525035], [0.27048801023126573, 0.30866525661556016, 0.17013514404079313, 0.25071158911238095], [0.18881091977307793, 0.3200583070472283, 0.290036487266519, 0.20109428591317477], [0.2960589019923041, 0.26592284438049346, 0.2398076600659542, 0.1982105935612484], [0.28035876475201205, 0.2796723696720368, 0.11597994449221723, 0.3239889210837336], [0.18739873075657562, 0.2834421301173518, 0.2782098357090105, 0.2509493034170619], [0.09756974990268176, 0.35476114894986427, 0.3440113926518713, 0.20365770849558268], [0.1833235753092063, 0.2986391926035571, 0.2222302367258926, 0.295806995361344], [0.27835775871071133, 0.3175618913824531, 0.2134332658355318, 0.19064708407130357], [0.327432461919109, 0.22218830170538154, 0.20462259182253154, 0.2457566445529778], [0.25743680877730357, 0.32511266862603794, 0.1268559157340354, 0.29059460686262295], [0.16722756267456193, 0.35142614000074757, 0.18368568124463744, 0.2976606160800531], [0.33370702218666864, 0.27904092828372523, 0.11461363533382592, 0.2726384141957802], [0.2874313828431295, 0.24025919633707893, 0.1685080692266566, 0.3038013515931349], [0.15639555353874257, 0.3709566659928303, 0.30618320242366986, 0.16646457804475723], [0.23396506076575865, 0.2833477609855321, 0.2519365727151999, 0.23075060553350907], [0.23929961450729295, 0.35741022635652026, 0.2065765080388333, 0.19671365109735356], [0.2267484077617518, 0.29198699870741, 0.22063874156541766, 0.26062585196542054], [0.2905946895781179, 0.3419158439880548, 0.1303319489860952, 0.23715751744773197], [0.24149966786617538, 0.28312493785018245, 0.2593141855869776, 0.2160612086966648], [0.16618932965196212, 0.30652765318841935, 0.27568785748969565, 0.25159515966992235], [0.19242686813764537, 0.34346098042182754, 0.20200149794419345, 0.2621106534963337], [0.140640989386562, 0.2710163353612421, 0.30068022827756885, 0.2876624469746272], [0.23278983229343325, 0.36631245686522057, 0.10799962191390974, 0.2928980889274367], [0.2951529560221051, 0.30702474749186226, 0.08980009356808993, 0.3080222029179427], [0.21503486539424152, 0.34333451591397934, 0.18821912869497026, 0.253411489996809], [0.36682556760157004, 0.25679535454567065, 0.17499313369533362, 0.20138594415742567], [0.22114257581246818, 0.28673954332128443, 0.3132201866197833, 0.178897694246464], [0.14999976033084722, 0.275855878480388, 0.2870422993781637, 0.28710206181060094], [0.3502162833596863, 0.21326734208304032, 0.13557630405255203, 0.3009400705047215], [0.3412489008442224, 0.23816584382738498, 0.10050311480325033, 0.32008214052514244], [0.16477526750901814, 0.31519194270651074, 0.29436478595978943, 0.22566800382468194], [0.2419554909769839, 0.30481944843310926, 0.26007022911653577, 0.1931548314733711], [0.34045486783114914, 0.2593914453390616, 0.11484502848573207, 0.2853086583440572], [0.2544225656680101, 0.2765346849498302, 0.15328143288535628, 0.3157613164968036], [0.129546964799383, 0.31182444497591133, 0.2495813971365666, 0.30904719308813927], [0.25789497545716633, 0.2737802500189305, 0.10323356620076093, 0.365091208323142], [0.21916088843386608, 0.30956265674650085, 0.15228477125099574, 0.31899168356863733], [0.21248253778817455, 0.30378831065264206, 0.19888926153916126, 0.2848398900200219], [0.206779107189371, 0.31083618752105563, 0.22953333160094883, 0.2528513736886246], [0.19931744273139906, 0.3179713769591804, 0.2453581947858537, 0.23735298552356704], [0.3244676862002543, 0.30052605641131924, 0.06488735210702586, 0.31011890528140074], [0.12620369311936844, 0.3081448379574782, 0.2591874441297077, 0.3064640247934461], [0.2640325731974761, 0.29840289746222776, 0.13830753963009965, 0.2992569897101967], [0.3477138261309289, 0.31122718026118734, 0.05185575999031181, 0.28920323361757194], [0.3171586043608512, 0.32665855063848764, 0.07642461388713082, 0.2797582311135303], [0.33418796005182755, 0.28799978834488926, 0.059416489607691664, 0.3183957619955915], [0.16688709467523996, 0.3148336516473508, 0.3186774611619207, 0.19960179251548885], [0.264674028215979, 0.30681114431877454, 0.18571883618708607, 0.2427959912781605], [0.2419637837842206, 0.28992941953431817, 0.13655831195928494, 0.331548484722176], [0.18958517671761063, 0.34206199987833347, 0.1709882377223507, 0.2973645856817054], [0.30046114852795214, 0.3075907183894697, 0.09861293846375832, 0.29333519461882], [0.26354018494783016, 0.28839156308801844, 0.25231501763166314, 0.19575323433248848], [0.21663979275973347, 0.3343564843368694, 0.20379569893745134, 0.24520802396594554], [0.2652349303904571, 0.2690962035079793, 0.2023973422025452, 0.26327152389901837], [0.2159745248518028, 0.33435424697418503, 0.20515612592789526, 0.24451510224611656], [0.24166737504734426, 0.34835362616924664, 0.08951903563789726, 0.32045996314551156], [0.2643616126941221, 0.327238380430362, 0.16463010010601456, 0.24376990676950105], [0.2272391030379006, 0.31176738145814664, 0.0901345734906168, 0.3708589420133359], [0.18951015304199303, 0.26792636915814144, 0.2419016292125891, 0.3006618485872763], [0.19027103433468556, 0.3178264256166722, 0.2652652258595665, 0.22663731418907573], [0.2852015836582652, 0.2783180095432694, 0.11291543689684447, 0.3235649699016207], [0.26067855355149827, 0.31299358913340575, 0.11764020186628513, 0.3086876554488109], [0.3536396373979562, 0.26121536766047926, 0.13919170873978579, 0.24595328620177884], [0.41328489521369455, 0.22463956336148466, 0.05580699958048186, 0.3062685418443391], [0.1757913086951795, 0.3648218816896637, 0.24392725238385476, 0.21545955723130183], [0.2901983587458848, 0.27013929855297464, 0.06703903375061225, 0.37262330895052864], [0.2663096600494324, 0.2982159553197378, 0.10544394479545804, 0.3300304398353718], [0.28847340937685284, 0.3210318276996257, 0.12386595149694224, 0.2666288114265794], [0.21790837379224012, 0.2654521451014912, 0.23296415717432242, 0.28367532393194617], [0.39621690667105025, 0.2331857573369308, 0.07402966318023625, 0.29656767281178287], [0.2828209654995991, 0.28416258471649836, 0.11619492948943705, 0.3168215202944654], [0.19192428824855634, 0.314769293283332, 0.2144769798274463, 0.2788294386406654], [0.24526590560307765, 0.29778572757935684, 0.13761378117994028, 0.3193345856376251], [0.2721350706796744, 0.3245060917381839, 0.09799589652679337, 0.3053629410553483], [0.29732904355403716, 0.3099441013028995, 0.07063765831661922, 0.3220891968264442], [0.2610439423980709, 0.3218566071803769, 0.10130164237924592, 0.31579780804230634], [0.25143398010772755, 0.2847126052449219, 0.12587875653076536, 0.3379746581165852], [0.22920146716604087, 0.31529778630217675, 0.14747571972903065, 0.30802502680275184], [0.16456010688777062, 0.3337071758516357, 0.20278489515567422, 0.2989478221049195], [0.2798671129314602, 0.2844221754221116, 0.10532268585098138, 0.33038802579544674], [0.19549594493337585, 0.28890989873960293, 0.23929427830091907, 0.2762998780261025], [0.2633576761293447, 0.3315751069495257, 0.10001416939518548, 0.3050530475259441], [0.2347716668610771, 0.2911367657729557, 0.22634461860147326, 0.24774694876449385], [0.29864184214334333, 0.3154315268291042, 0.10881858504315021, 0.277108045984402], [0.286917420929053, 0.312419211285289, 0.11223151580527004, 0.28843185198038823], [0.3197668186263626, 0.2713622544061328, 0.0971528685192625, 0.31171805844824196], [0.2965808358652406, 0.3446031815649718, 0.1082425771106228, 0.2505734054591647], [0.2802670684672151, 0.34089477564774645, 0.052279700432589636, 0.32655845545244894], [0.18885185254609482, 0.40770567705252525, 0.15010458812414562, 0.2533378822772344], [0.3042241370344856, 0.31463151885559415, 0.0905738316470939, 0.29057051246282567], [0.4121342713898501, 0.24306040390983852, 0.07828994472252147, 0.2665153799777903], [0.3292328148581621, 0.27712537208065735, 0.16655912019221067, 0.22708269286897], [0.24795642992312325, 0.29367856623615624, 0.20542451092841046, 0.25294049291230986], [0.2403152784275101, 0.31737178834842117, 0.17251660258826082, 0.26979633063580793], [0.3178984861709584, 0.2973364522261298, 0.06921523284934783, 0.315549828753564], [0.23785507796214425, 0.2883550751322287, 0.15466289437132857, 0.31912695253429857], [0.33061271787560276, 0.2660643307171111, 0.0626198662071825, 0.34070308520010356], [0.3139717491211481, 0.26017977365872896, 0.08653165234373833, 0.3393168248763846], [0.09458854920563457, 0.2766062960074017, 0.4173577300818597, 0.21144742470510394], [0.17756265849600186, 0.34110218711764306, 0.2532338734174041, 0.22810128096895127], [0.22868647623036478, 0.2777089408514282, 0.309508175169407, 0.1840964077488003], [0.4098967614455218, 0.2576286174264109, 0.07852939908325703, 0.25394522204481057], [0.2432750315190594, 0.31690050649157775, 0.13503432418211395, 0.30479013780724884], [0.23022564094907255, 0.338794874529211, 0.1528147950766489, 0.2781646894450677], [0.27485652344806477, 0.2739055997156288, 0.1452450149210659, 0.30599286191524017], [0.27073472103047086, 0.32657629679044736, 0.10755721404309503, 0.2951317681359867], [0.39373319393738987, 0.2518117419599265, 0.0568085525446166, 0.29764651155806676], [0.2929785519941793, 0.3305575463744242, 0.05881140151138104, 0.31765250012001567], [0.2406990569242237, 0.2728949076108734, 0.16608887376606904, 0.320317161698834], [0.31220423517305107, 0.30546915749954007, 0.11379819996230363, 0.2685284073651049], [0.3616277699237729, 0.26887348329316746, 0.08192240345933605, 0.28757634332372367], [0.33422682263001835, 0.28798119354386087, 0.0685943858260366, 0.30919759800008456], [0.2070613299306671, 0.31342789337564136, 0.2095956797026604, 0.26991509699103106], [0.1776015313749354, 0.34249661674343196, 0.11913109797933813, 0.3607707539022947], [0.24827461496347625, 0.30129304216969927, 0.08965206567089487, 0.36078027719592926], [0.21110204447662542, 0.31337271293477104, 0.18856676987000082, 0.28695847271860264]]}}