{"test": {"ids": ["108118630", "99109370", "104119290", "106116441", "108113620", "101109120", "102109840", "107119130", "97113260", "109117271", "98108370", "105117351", "99108460", "107115140", "110120531", "111120280", "112119930", "98108970", "97105580", "112120700", "98112580", "107114780", "109115220", "97106970", "97112170", "99107950", "108119550", "111115400", "100116500", "102121700", "102114270", "103113260", "102111990", "100112060", "108114200", "101108460", "107120130", "101110150", "103111830", "108118301", "110115980", "103111620", "109116040", "110118181", "104114240", "103120340", "104117630", "109113591", "108117610", "108113480", "112120290", "105112130", "112119120", "98116500", "104113000", "112116290", "99110050", "97110950", "102110690", "103113270", "101115190", "101108580", "98108410", "108114270", "101108500", "113118620", "111115910", "105115250", "108120280", "106114011", "98111670", "105119950", "103112641", "102112301", "112116810", "106114880", "107113840", "111120260", "111120190", "112118471", "100111620", "100108080", "105116860", "97107681", "113118690", "113120640", "106113190", "111120591", "102116500", "99108890", "108116501", "103110050", "107116300", "102113981", "102116340", "99111440", "108119510", "110121720", "102117351", "111118820", "107114950", "105110251", "99117630", "99111000", "104111711", "111119250", "105115720", "111119610", "111116290", "99108710", "112119980", "99120010", "102109010", "111119580", "113122220", "105118740", "110118161", "99107660", "106116120", "97107260", "109115211", "112119320", "98111860", "106112770", "101109000", "113119340", "104118070", "101113210", "100108990", "101119030", "110117500", "105116650", "112120990", "103120531", "106111321", "109116170", "113122230", "98107380", "111120640", "108121410", "105118230", "109116441"], "labels": [1, 1, 1, 0, 3, 1, 2, 1, 1, 0, 1, 0, 0, 0, 0, 0, 1, 3, 1, 2, 2, 2, 3, 2, 0, 1, 1, 0, 2, 1, 3, 3, 2, 2, 0, 0, 2, 1, 3, 1, 1, 0, 0, 1, 0, 1, 0, 3, 3, 0, 1, 1, 1, 2, 1, 0, 3, 3, 0, 2, 1, 0, 1, 3, 3, 3, 2, 2, 3, 1, 1, 3, 3, 1, 3, 0, 3, 3, 3, 1, 3, 0, 2, 3, 3, 0, 0, 1, 1, 0, 0, 3, 0, 1, 3, 3, 1, 3, 1, 0, 3, 0, 3, 2, 1, 1, 1, 2, 2, 2, 0, 2, 1, 3, 1, 1, 0, 3, 1, 2, 0, 1, 0, 1, 1, 0, 2, 3, 2, 3, 1, 1, 2, 3, 0, 0, 1, 1, 0, 0, 1, 3], "predicted_labels": [3, 2, 3, 3, 1, 0, 3, 1, 3, 3, 1, 1, 1, 3, 3, 0, 3, 1, 1, 2, 3, 1, 3, 2, 1, 1, 3, 0, 1, 0, 3, 1, 3, 3, 1, 1, 3, 1, 0, 0, 0, 1, 3, 1, 3, 2, 1, 3, 3, 3, 1, 3, 3, 3, 1, 1, 3, 0, 1, 3, 3, 0, 1, 1, 2, 1, 1, 1, 3, 3, 0, 0, 3, 3, 3, 1, 1, 1, 3, 3, 3, 3, 1, 3, 3, 3, 3, 0, 3, 1, 3, 3, 1, 1, 2, 3, 3, 1, 0, 1, 0, 0, 1, 2, 1, 3, 3, 1, 3, 1, 1, 3, 1, 3, 1, 3, 1, 0, 0, 3, 1, 3, 3, 2, 1, 1, 3, 1, 1, 3, 1, 1, 2, 3, 3, 1, 3, 0, 1, 3, 1, 0], "confidence_scores": [[0.1884306043209524, 0.271290698521381, 0.23152007680930717, 0.3087586203483591], [0.14830257795547852, 0.2706747152147961, 0.343116242961522, 0.23790646386820333], [0.21216879296148689, 0.2781007421367539, 0.21038413862900157, 0.2993463262727576], [0.26833959015478887, 0.2941422091205064, 0.09562188091062278, 0.3418963198140818], [0.2530368098644711, 0.2887737523762321, 0.11901221620883057, 0.33917722155046626], [0.3289675581129541, 0.2605392737508041, 0.10898051622293749, 0.30151265191330445], [0.2109035793921965, 0.2753972388781139, 0.2108698738969272, 0.30282930783276235], [0.27323111790142574, 0.2753305982711132, 0.15099417623740455, 0.30044410759005646], [0.23866131799106896, 0.2739513321119942, 0.1891070330823896, 0.29828031681454736], [0.2365368197814861, 0.2760569072074326, 0.1715873943313867, 0.31581887867969466], [0.17610268653887567, 0.2797854479210596, 0.2535994948936514, 0.29051237064641333], [0.2702458127623661, 0.27471990343341784, 0.15341864230839145, 0.3016156414958245], [0.22299905951092394, 0.2777196506603109, 0.193144075697053, 0.3061372141317119], [0.32223131574743924, 0.24613184478429678, 0.12862383584814363, 0.30301300362012035], [0.2572809953563421, 0.29028235282801657, 0.11949505914300905, 0.33294159267263274], [0.31462650952357907, 0.24888110515938086, 0.15901096443595644, 0.27748142088108374], [0.18889788944032998, 0.274685295052775, 0.25170870435157444, 0.28470811115532063], [0.1372400964464634, 0.2898315242052654, 0.2862498230138114, 0.2866785563344598], [0.21598362836269278, 0.27375285435689517, 0.23346212434349173, 0.27680139293692024], [0.11533797461608405, 0.28389791213453686, 0.3638646285799387, 0.23689948466944027], [0.17663855761481326, 0.27927305298329513, 0.2561890815870677, 0.28789930781482403], [0.1287345371521802, 0.289004645891084, 0.3084131144584534, 0.2738477024982828], [0.1920459764138391, 0.27875175782797923, 0.20241676261098596, 0.32678550314719595], [0.08632206138566209, 0.2966392247488015, 0.3471071703716806, 0.2699315434938561], [0.26852126148336813, 0.2701242751526532, 0.17218716881732538, 0.2891672945466533], [0.08703928093725473, 0.30722385613738795, 0.340227319761162, 0.26550954316419517], [0.12809788732126595, 0.3003995869383253, 0.24804174262460238, 0.32346078311580617], [0.2522552991496526, 0.24389197744665994, 0.28312726132329513, 0.2207254620803923], [0.1443852907527146, 0.2817831596908873, 0.30629009159989545, 0.2675414579565025], [0.27528669080377854, 0.26231362896254345, 0.18312920642001898, 0.27927047381365927], [0.1770036271612582, 0.27116810474967146, 0.27023244003634117, 0.2815958280527292], [0.1677174578334883, 0.29030910202128035, 0.23391140813996716, 0.3080620320052643], [0.24632407617771368, 0.26590833920294094, 0.19295866940283726, 0.294808915216508], [0.23641472717722065, 0.2596723991629867, 0.22226568098804214, 0.2816471926717503], [0.20580553379832603, 0.27681654042881026, 0.21395570899906363, 0.3034222167737999], [0.25197902080405654, 0.2826124490864811, 0.14686049294011383, 0.31854803716934893], [0.22631939787267433, 0.27464699501049095, 0.19600301403966305, 0.3030305930771716], [0.2825430338339008, 0.2788784987400791, 0.13691979000380247, 0.3016586774222177], [0.3362248840862485, 0.2507871588139932, 0.12084096118888697, 0.29214699591087134], [0.3149546630170235, 0.2561021692739249, 0.1369119195928257, 0.29203124811622566], [0.28150311060197936, 0.2557070080739623, 0.2077386804993741, 0.25505120082468435], [0.20714145469750753, 0.2740536973964658, 0.22656534008533624, 0.2922395078206907], [0.24548069506591075, 0.2668559219681015, 0.18330836672713174, 0.30435501623885586], [0.21252726904151226, 0.27540534762452973, 0.2280153510014927, 0.28405203233246507], [0.18536206786647524, 0.2819177081374655, 0.2282756588783868, 0.3044445651176725], [0.1299226914655981, 0.27296803814006965, 0.35755364166560255, 0.23955562872872965], [0.21105887953146601, 0.28862435088808047, 0.1832486487560991, 0.31706812082435454], [0.2689941539356972, 0.27803420678330326, 0.13131856982802384, 0.3216530694529757], [0.13715562372174983, 0.30598396906669706, 0.2147030334981205, 0.3421573737134328], [0.11475514173690739, 0.28960533923029297, 0.2969681767150175, 0.2986713423177822], [0.1494802867201243, 0.285043455412988, 0.28780339718892595, 0.27767286067796143], [0.14609528167400088, 0.2876705423010078, 0.27159226573845774, 0.29464191028653364], [0.25253959937834236, 0.2665308533398331, 0.17372742354383114, 0.3072021237379933], [0.2751703945207599, 0.2646798733462411, 0.16282769086016016, 0.29732204127283884], [0.2396278704152806, 0.28968557467464034, 0.14011766982093288, 0.33056888508914606], [0.27052962637261935, 0.2842445730986896, 0.11586082054272484, 0.3293649799859662], [0.252479668762627, 0.27985380463676934, 0.15058225810734932, 0.31708426849325416], [0.3802659734211556, 0.23948331006227752, 0.1120740717264124, 0.2681766447901548], [0.1975568313330879, 0.2813864251304733, 0.21880247998045915, 0.30225426355597995], [0.2118162238835476, 0.27687198578026523, 0.1985971422062106, 0.3127146481299765], [0.19463374780188475, 0.2786069232985906, 0.2204667536612252, 0.3062925752382997], [0.41255545294561013, 0.22607125539158762, 0.10456856940931186, 0.25680472225349], [0.19940241429989786, 0.27064935602140006, 0.26216206136064263, 0.26778616831805957], [0.22393973486808064, 0.2881807403271533, 0.16457109295338584, 0.3233084318513799], [0.15901999370218048, 0.26848058964395116, 0.3627116745722924, 0.20978774208157588], [0.2736968880912645, 0.28201842480591266, 0.12023836865493608, 0.32404631844788645], [0.2663510562448595, 0.28035933551021647, 0.15369463780154288, 0.2995949704433811], [0.2057679905150796, 0.2735229786203466, 0.26004092550045677, 0.26066810536411694], [0.35361365418744267, 0.25188368160453867, 0.07896792238541897, 0.3155347418225999], [0.24981473669952295, 0.27642341803730514, 0.17450178097571004, 0.2992600642874618], [0.30363914664901365, 0.24575508774848648, 0.20404568463114028, 0.2465600809713597], [0.2781081552154663, 0.25313215438572095, 0.20229311450384857, 0.2664665758949642], [0.23162513373545568, 0.2745362144693537, 0.18943817262972934, 0.30440047916546104], [0.2811792601030319, 0.2721740151339798, 0.13493847560228128, 0.31170824916070705], [0.21793819744517592, 0.25741586874695327, 0.25648850445275584, 0.268157429355115], [0.14497817254162798, 0.28787360966665754, 0.27736212632479723, 0.2897860914669172], [0.2534945587773611, 0.2635077768765833, 0.21734686430514313, 0.2656508000409125], [0.24814611845260487, 0.29529328064378785, 0.1162283280557348, 0.34033227284787276], [0.23361999221753418, 0.2824697968353185, 0.16697593334285435, 0.31693427760429305], [0.22419630336033694, 0.27484799121305703, 0.21127621085286313, 0.2896794945737426], [0.19647401223576524, 0.269864872697407, 0.2516398195892925, 0.2820212954775354], [0.2586465852890857, 0.2661837930598347, 0.1917412822333856, 0.283428339417694], [0.26903808937696094, 0.2705734099178915, 0.18656727874443602, 0.2738212219607116], [0.2885319647160664, 0.2720265972469739, 0.12404620750674043, 0.3153952305302192], [0.18291224442189236, 0.2710446324848991, 0.25181985030218823, 0.29422327279102], [0.3097486483098109, 0.284532507819403, 0.07637254641995979, 0.3293462974508262], [0.20000962590714397, 0.2851239059579725, 0.19673736984252246, 0.3181290982923611], [0.3837998884003443, 0.251003120172759, 0.07714126751341625, 0.28805572391348044], [0.2639133762686918, 0.2627624550179186, 0.1842443487447129, 0.2890798199686766], [0.2138555986283105, 0.2665142210853723, 0.2391566399552203, 0.2804735403310969], [0.27980686655361675, 0.26804344343794995, 0.15552881256853796, 0.29662087743989524], [0.1963331731690626, 0.2808061335392746, 0.21753557933112094, 0.3053251139605417], [0.23926305078075608, 0.2682024946573765, 0.20127980878870919, 0.2912546457731579], [0.18491346957218885, 0.26891344214727525, 0.2986003517725957, 0.2475727365079404], [0.11328912861712556, 0.2861536702842244, 0.34333794339333124, 0.25721925770531906], [0.20890694684136743, 0.26911373397692934, 0.2265017379889493, 0.2954775811927537], [0.22336532249580013, 0.3100563698480143, 0.10619645006295737, 0.36038185759322805], [0.16307362627534672, 0.28384101286439345, 0.26920730754422534, 0.2838780533160345], [0.31422327273992773, 0.2873658323520412, 0.06318808998181236, 0.33522280492621864], [0.27640991893659156, 0.27167233836885096, 0.16095631752792436, 0.2909614251666334], [0.26740265646911127, 0.2481764179614303, 0.21598194793962627, 0.26843897762983204], [0.3116773624393811, 0.24466701306761202, 0.17521284406340262, 0.2684427804296042], [0.23631586254126838, 0.2708393255742396, 0.22529281959174444, 0.26755199229274773], [0.20924281442897008, 0.25452745177582675, 0.2942366224216766, 0.2419931113735268], [0.28274314447679977, 0.26456359635338034, 0.17205130435338725, 0.280641954816433], [0.22552279865914301, 0.275292983767604, 0.2016790746156638, 0.29750514295758895], [0.13726435034250803, 0.30599016995270495, 0.2200987579588508, 0.33664672174593596], [0.15610559288553583, 0.2782571740448384, 0.2995710224883713, 0.2660662105812544], [0.23018911983582616, 0.27193199304577814, 0.22018360812605844, 0.2776952789923372], [0.1533850646773413, 0.28877384520837535, 0.2719667469870398, 0.28587434312724364], [0.11406656867963136, 0.3122935151048911, 0.22138866152296868, 0.3522512546925088], [0.2658201223650724, 0.2724438240156514, 0.15225396552049136, 0.309482088098785], [0.11195253451003834, 0.30955131928773744, 0.251670483438293, 0.3268256627639312], [0.20429663079958496, 0.2606456597602247, 0.279214563147831, 0.25584314629235916], [0.1233702231191705, 0.29599070627965707, 0.2770497006177525, 0.3035893699834203], [0.15567622127764666, 0.28830514846070715, 0.23885330616383227, 0.31716532409781395], [0.2754233695470621, 0.27677748316467254, 0.1369802402282007, 0.3108189070600649], [0.32840080953586714, 0.2711586328284947, 0.09954065105952903, 0.3008999065761093], [0.2699584648772556, 0.2503138843400492, 0.24264711371351466, 0.23708053706918067], [0.18160547102013386, 0.2630014584629329, 0.28019061403666945, 0.27520245648026387], [0.23485259236353428, 0.267347882704662, 0.2193006295925948, 0.27849889533920885], [0.17177295009221896, 0.28445020320113357, 0.2289873641946602, 0.31478948251198696], [0.19060771391264114, 0.25092594284772046, 0.29387201294390464, 0.2645943302957336], [0.1833752763177865, 0.25732880707378425, 0.305216484023506, 0.2540794325849228], [0.28893183819888274, 0.2760845957353234, 0.13672118325140933, 0.29826238281438455], [0.28948406410801264, 0.27605116340631597, 0.13659607515351282, 0.2978686973321585], [0.24367260359469287, 0.27630941241605905, 0.1620564301024255, 0.31796155388682257], [0.18493520466199745, 0.2749059866097712, 0.25895139269392303, 0.28120741603430827], [0.26745687475185637, 0.2622674744767118, 0.19016442399544883, 0.2801112267759829], [0.2690341334713608, 0.28087147383903593, 0.12520871323427218, 0.32488567945533103], [0.22264205722015695, 0.2986474753421423, 0.12646859374773825, 0.35224187368996246], [0.1575918405984896, 0.28015387906991623, 0.29261378886694955, 0.26964049146464447], [0.1269712993456269, 0.28472582438402133, 0.3366360615833973, 0.25166681468695457], [0.24914503098432225, 0.268037147049437, 0.19436502299046374, 0.28845279897577697], [0.22207154604470325, 0.2860621675215264, 0.16633136392290707, 0.32553492251086336], [0.24249871737813988, 0.26764337775041314, 0.22386088536970317, 0.2659970195017441], [0.1336409724596599, 0.28606353070826257, 0.28785365906143234, 0.2924418377706452], [0.3138277987069363, 0.2164357179412876, 0.24458223371559534, 0.22515424963618072], [0.2304741240286736, 0.26903638876452207, 0.21552131043468178, 0.2849681767721226], [0.27731425466705917, 0.2824657099047472, 0.11239924967953978, 0.3278207857486538], [0.20458330111511205, 0.2748155695881155, 0.23477451905726726, 0.2858266102395052], [0.3500701572829401, 0.26284869708867026, 0.07279817907013256, 0.31428296655825716]]}, "rewritten": {"ids": ["97105580", "97106970", "97107260", "97107681", "97110950", "97112170", "97113260", "98107380", "98108370", "98108410", "98108970", "98111670", "98111860", "98112580", "98116500", "99107660", "99107950", "99108460", "99108710", "99108890", "99109370", "99110050", "99111000", "99111440", "99117630", "99120010", "100108080", "100108990", "100111620", "100112060", "100116500", "101108460", "101108500", "101108580", "101109000", "101109120", "101110150", "101113210", "101115190", "101119030", "102109010", "102109840", "102110690", "102111990", "102112301", "102113981", "102114270", "102116340", "102116500", "102117351", "102121700", "103110050", "103111620", "103111830", "103112641", "103113260", "103113270", "103120340", "103120531", "104111711", "104113000", "104114240", "104117630", "104118070", "104119290", "105110251", "105112130", "105115250", "105115720", "105116650", "105116860", "105117351", "105118230", "105118740", "105119950", "106111321", "106112770", "106113190", "106114011", "106114880", "106116120", "106116441", "107113840", "107114780", "107114950", "107115140", "107116300", "107119130", "107120130", "108113480", "108113620", "108114200", "108114270", "108116501", "108117610", "108118301", "108118630", "108119510", "108119550", "108120280", "108121410", "109113591", "109115211", "109115220", "109116040", "109116170", "109116441", "109117271", "110115980", "110117500", "110118161", "110118181", "110120531", "110121720", "111115400", "111115910", "111116290", "111118820", "111119250", "111119580", "111119610", "111120190", "111120260", "111120280", "111120591", "111120640", "112116290", "112116810", "112118471", "112119120", "112119320", "112119930", "112119980", "112120290", "112120700", "112120990", "113118620", "113118690", "113119340", "113120640", "113122220", "113122230"], "labels": [1, 2, 2, 3, 3, 0, 1, 1, 1, 1, 3, 1, 0, 2, 2, 3, 1, 0, 2, 0, 1, 3, 2, 3, 3, 2, 0, 2, 3, 2, 2, 0, 3, 0, 1, 1, 1, 3, 1, 3, 1, 2, 0, 2, 1, 1, 3, 3, 1, 1, 1, 3, 0, 3, 3, 3, 2, 1, 3, 1, 1, 0, 0, 2, 1, 0, 1, 2, 1, 1, 2, 0, 1, 1, 3, 0, 1, 0, 1, 0, 1, 0, 3, 2, 3, 0, 0, 1, 2, 0, 3, 0, 3, 0, 3, 1, 1, 1, 1, 3, 0, 3, 0, 3, 0, 0, 3, 0, 1, 1, 0, 1, 0, 3, 0, 2, 2, 0, 1, 3, 2, 3, 3, 0, 1, 0, 0, 3, 1, 1, 1, 1, 0, 1, 2, 2, 3, 3, 0, 0, 1, 1], "predicted_labels": [1, 2, 1, 0, 0, 1, 3, 0, 1, 1, 1, 1, 1, 1, 3, 0, 1, 1, 1, 1, 1, 1, 2, 3, 1, 1, 1, 1, 1, 3, 2, 1, 1, 0, 1, 1, 1, 1, 1, 1, 1, 1, 1, 1, 1, 2, 2, 1, 3, 1, 1, 2, 1, 3, 3, 1, 2, 2, 3, 1, 3, 3, 3, 1, 1, 0, 3, 1, 1, 2, 1, 1, 3, 1, 1, 3, 2, 3, 3, 1, 1, 3, 1, 1, 2, 3, 1, 1, 1, 1, 1, 1, 1, 1, 1, 3, 3, 1, 2, 3, 1, 3, 3, 3, 3, 1, 3, 3, 1, 1, 1, 1, 1, 1, 1, 1, 1, 1, 1, 1, 1, 3, 1, 1, 0, 3, 1, 3, 2, 3, 1, 3, 1, 1, 2, 1, 1, 3, 1, 0, 1, 1], "confidence_scores": [[0.1884702357809883, 0.28698872573474815, 0.22917790688355943, 0.29536313160070404], [0.10144307137563456, 0.29373476340930926, 0.32775667613092585, 0.27706548908413053], [0.12580429026923642, 0.2911062378686546, 0.3118017435924513, 0.2712877282696578], [0.32403587027157577, 0.26468156060005027, 0.1049861147140489, 0.30629645441432535], [0.3070972428647143, 0.24222932458295277, 0.22138136136317435, 0.22929207118915867], [0.2494947418079475, 0.2702062766944902, 0.18249410471156732, 0.297804876785995], [0.17978078505435457, 0.2744056352010526, 0.2539640745432759, 0.29184950520131675], [0.3645433704116972, 0.23090791893749554, 0.1844074057728745, 0.22014130487793312], [0.26388522075796883, 0.26991357702476226, 0.18646030640836453, 0.2797408958089044], [0.21408344022175094, 0.2704299188279676, 0.23825604543089182, 0.27723059551938983], [0.14971974656606052, 0.28796836739690407, 0.28899674805103104, 0.2733151379860043], [0.2202529897562114, 0.277006299611339, 0.22000866112074655, 0.2827320495117029], [0.16598865990388126, 0.27673210002845894, 0.2817276299025895, 0.2755516101650704], [0.1775684462304601, 0.27434521345296564, 0.28313557355952274, 0.2649507667570516], [0.2825747322964105, 0.26534145726496666, 0.15023446246609798, 0.301849347972525], [0.32024380235201305, 0.2734424741390202, 0.09918976885744119, 0.3071239546515259], [0.10958491260693955, 0.30277857252789453, 0.2799345836525827, 0.3077019312125829], [0.2027376286009754, 0.2872218956271777, 0.19289300223501457, 0.3171474735368322], [0.1963865635203651, 0.27816886111483474, 0.24341295952033226, 0.28203161584446795], [0.23929143701571617, 0.2702805854204643, 0.20472523573308052, 0.28570274183073885], [0.13395943417661357, 0.288594599598473, 0.29384405987540557, 0.28360190634950755], [0.21901615398749574, 0.2887924046901811, 0.17342745795095785, 0.3187639833713655], [0.139388218757919, 0.27188148761267367, 0.32926429831182974, 0.25946599531757764], [0.20530661111479243, 0.2692540129961045, 0.23685672612299957, 0.28858264976610365], [0.18907613032405535, 0.2695133977565128, 0.2827902482010296, 0.2586202237184024], [0.20344998789585428, 0.27245542011952206, 0.26979347551612964, 0.25430111646849385], [0.2360327967900654, 0.2696133378652124, 0.21957442187335835, 0.27477944347136385], [0.187724541093211, 0.2743232685055525, 0.295297305223547, 0.2426548851776897], [0.1781980458222315, 0.2708429058619352, 0.30769684244825496, 0.24326220586757838], [0.16839671571333611, 0.26862172899203873, 0.2905382936444618, 0.27244326165016297], [0.1726858586584145, 0.26348590252357024, 0.35115860650846054, 0.21266963230955466], [0.24666652150164928, 0.27348356020346265, 0.1827805898430125, 0.2970693284518756], [0.15466263860811555, 0.27876538253864847, 0.32199585201372066, 0.24457612683951527], [0.3047633490807598, 0.24682414578097542, 0.19871220058329067, 0.2497003045549742], [0.21475590755401724, 0.2646089028486188, 0.2701042810340784, 0.2505309085632854], [0.2630143042528081, 0.2633888123488273, 0.18863797783319694, 0.2849589055651679], [0.2577994071399618, 0.268283868531677, 0.18946750862216805, 0.28444921570619297], [0.2557658559793156, 0.2806397336153086, 0.1506600932622336, 0.3129343171431423], [0.21193300088415215, 0.2753329112107462, 0.22060986070288988, 0.2921242272022115], [0.11850476224359248, 0.2906504456740915, 0.3209360253645546, 0.2699087667177608], [0.19800677634218689, 0.2762989315587444, 0.23601921742647, 0.2896750746725988], [0.18253874565159134, 0.2710591467317685, 0.28582242607606956, 0.2605796815405706], [0.26105907698997627, 0.27210167492437537, 0.16594471444353484, 0.3008945336421137], [0.20560017086194335, 0.26532236273193127, 0.29407380068144723, 0.23500366572467826], [0.20409507562172516, 0.28125495384141985, 0.19978521575209277, 0.31486475478476217], [0.19644535855160758, 0.26431807899363685, 0.2932435757399881, 0.2459929867147677], [0.10506069074015865, 0.289471515022198, 0.33977760850065986, 0.26569018573698344], [0.209815521672522, 0.26844091538408155, 0.24884064102224837, 0.2729029219211482], [0.25464466103937233, 0.25916527409133877, 0.2037822126104966, 0.2824078522587924], [0.21596170396993405, 0.27794844570109994, 0.2178059249068119, 0.2882839254221539], [0.1877871051319899, 0.28208188883191077, 0.21987995184502016, 0.3102510541910794], [0.1126058370517247, 0.2911017677704027, 0.3355502806920022, 0.26074211448587026], [0.2057563092436217, 0.2708705033950945, 0.25792873593678445, 0.2654444514244993], [0.21304692443898504, 0.2765266703872276, 0.19644216158240704, 0.31398424359138033], [0.27290936343694155, 0.2679895667628272, 0.16613694354593295, 0.2929641262542985], [0.1165911570171369, 0.29472506621453376, 0.3047923193905916, 0.2838914573777377], [0.13889796306829194, 0.281309024788564, 0.3069871734146293, 0.27280583872851466], [0.17610489544696686, 0.26552455746201087, 0.3141295543567592, 0.24424099273426308], [0.18895478604006335, 0.27993282555600746, 0.2397235345404095, 0.29138885386351954], [0.25220589472334753, 0.2670320398515927, 0.21633795282737217, 0.2644241125976878], [0.16407114420646646, 0.28216208681595323, 0.2524091107485984, 0.30135765822898164], [0.18711128584624137, 0.2761578188913488, 0.2380995712481272, 0.2986313240142826], [0.10249768415208999, 0.29168009767712016, 0.3193533840696072, 0.2864688341011824], [0.18497701732229316, 0.27741732206187664, 0.2661214063091893, 0.2714842543066408], [0.18791474943401987, 0.2748496403976463, 0.2759531141586266, 0.26128249600970704], [0.30362203442884467, 0.25931793959293287, 0.15102275696314518, 0.2860372690150773], [0.11954809440344258, 0.2940320553741936, 0.2798317035710853, 0.30658814665127815], [0.20851570359333396, 0.27184571905595883, 0.24795785921696353, 0.2716807181337433], [0.15016636475253703, 0.28684245690302024, 0.26911568116618556, 0.2938754971782574], [0.17398053886018758, 0.26861963317015325, 0.2965586570167334, 0.26084117095292575], [0.15995384751993688, 0.28302475533796745, 0.31435083142212, 0.24267056571997547], [0.16906298739703027, 0.27772955674133365, 0.2748897828672733, 0.278317672994363], [0.16996897823343174, 0.27400435081097624, 0.2716016637015065, 0.28442500725408526], [0.19339898000773273, 0.2763837311666171, 0.24948617636341766, 0.2807311124622327], [0.19429964936154934, 0.2766415902828648, 0.26824465469327363, 0.26081410566231245], [0.17080325857890916, 0.28632499334353256, 0.23471594925184053, 0.3081557988257175], [0.18290431039666222, 0.2595336300791038, 0.3031549798136148, 0.25440707971061916], [0.24197092751030086, 0.27111548646643346, 0.19515027360014223, 0.2917633124231233], [0.1853374182369, 0.2739615357351313, 0.24221547543528132, 0.2984855705926873], [0.13369498939556335, 0.2877895215441497, 0.2976781227176693, 0.2808373663426176], [0.1912507400595172, 0.27565314548084735, 0.2646480040878775, 0.26844811037175803], [0.17908887576943738, 0.27926990104072447, 0.2439940844784346, 0.29764713871140375], [0.18283062054107632, 0.2881710906702384, 0.2321050010806116, 0.2968932877080732], [0.10783504491173015, 0.30649692818314705, 0.2681908023035802, 0.3174772246015425], [0.20850214131296005, 0.24627627196953436, 0.3051415383381664, 0.24008004837933916], [0.18504029857632934, 0.26318375394645743, 0.2880332786843633, 0.26374266879285], [0.20346407006760306, 0.2704794938745416, 0.24248286580232428, 0.2835735702555308], [0.22033474092050886, 0.28555067517057403, 0.17870496365116378, 0.3154096202577534], [0.1751664384974089, 0.2907090235210635, 0.2225211670844765, 0.311603370897051], [0.12929486641023585, 0.2928508748930034, 0.28296609390361194, 0.29488816479314856], [0.1740208029180258, 0.2849488360582414, 0.24446904779561254, 0.29656131322812035], [0.14891530425971944, 0.28181354387844526, 0.30627545941383444, 0.26299569244800064], [0.1899963764810393, 0.2757342443404615, 0.2439010274877709, 0.2903683516907283], [0.1811554684191028, 0.27439875105321593, 0.2679945113444021, 0.2764512691832791], [0.14599088609804364, 0.2874755468158822, 0.28147521475840226, 0.2850583523276717], [0.21747317799228735, 0.27271291488464217, 0.22166933219916976, 0.2881445749239008], [0.15532059551061803, 0.28266981928846663, 0.25256236909879287, 0.30944721610212234], [0.17916142962366663, 0.28114589294203257, 0.24647103625638714, 0.2932216411779137], [0.12193498021387628, 0.2839785014070786, 0.322121079200379, 0.2719654391786663], [0.2615327660339091, 0.24234186973327757, 0.22178759496560393, 0.2743377692672096], [0.2177763632063503, 0.2780164703729445, 0.21563834861100495, 0.28856881780970006], [0.22129390160783227, 0.27748987246539825, 0.19095714694553534, 0.310259078981234], [0.15984141191021142, 0.27772671567221846, 0.27882883482659676, 0.2836030375909733], [0.14954606284497202, 0.27702591115713265, 0.28418509176175394, 0.2892429342361415], [0.14480397246817386, 0.27810305815872305, 0.29862398914834576, 0.27846898022475747], [0.27016991646977845, 0.275473175229027, 0.16776349141238828, 0.2865934168888064], [0.31414736371590973, 0.26195591746163466, 0.11748184111393703, 0.3064148777085184], [0.16760568826204936, 0.2888156256243574, 0.22290343312795383, 0.32067525298563954], [0.2638775674736588, 0.2620745186695747, 0.21916164849135178, 0.2548862653654146], [0.21809458220793693, 0.27763613207429033, 0.20678018206053103, 0.29748910365724185], [0.26886700379274747, 0.26560884843146865, 0.17882058452895525, 0.2867035632468283], [0.17474008793405912, 0.2831310559663783, 0.26355097865137833, 0.2785778774481843], [0.1937903943436035, 0.2780428810245644, 0.2505034159512438, 0.27766330868058836], [0.15481041534618128, 0.28527571244756234, 0.28055760463305446, 0.27935626757320187], [0.22532432050595388, 0.2659978707010203, 0.2333302105116636, 0.275347598281362], [0.2348190770507281, 0.27263189734622684, 0.2194577742110209, 0.273091251392024], [0.14604316361549982, 0.28286114555556063, 0.30210088462977974, 0.26899480619916005], [0.2163978012362896, 0.2738374747485743, 0.23785365759367205, 0.2719110664214642], [0.15268923881802687, 0.2930635474455663, 0.24331335089562867, 0.3109338628407783], [0.20356482905351686, 0.2690296767355744, 0.25199422801158455, 0.2754112661993238], [0.22569411188255048, 0.2792334908451559, 0.1909345119633401, 0.30413788530895375], [0.15943059923121214, 0.27332834184339105, 0.2911888916011568, 0.27605216732424], [0.24839190180299378, 0.28037872635569633, 0.1705383898178746, 0.3006909820234353], [0.24423564714305976, 0.2876061247185368, 0.1360394760694841, 0.33211875206891905], [0.3203233131351606, 0.2671759038778537, 0.13104656366906764, 0.2814542193179181], [0.14219711752669434, 0.30844736204280504, 0.2053741281203106, 0.3439813923101901], [0.24290835632885685, 0.27828482345237765, 0.16647775428963768, 0.31232906592912796], [0.19086417489623603, 0.2776953718812274, 0.23909316736024291, 0.29234728586229397], [0.1623950234002073, 0.2755194336515774, 0.3091711118027527, 0.2529144311454627], [0.18163137474765115, 0.2825852233944713, 0.22444325243381286, 0.31134014942406474], [0.1405497060892397, 0.2947312908340171, 0.25248695851803377, 0.31223204455870923], [0.14217835987549515, 0.2810528950076945, 0.29796220707888466, 0.27880653803792593], [0.18220747827223838, 0.2926726950635036, 0.19543454862355186, 0.3296852780407061], [0.16287083240971853, 0.28845116067842214, 0.300752164183257, 0.24792584272860266], [0.11509138729214667, 0.2916688716213713, 0.3180018820434097, 0.2752378590430725], [0.13559513192743383, 0.29265189077515874, 0.27670580794691924, 0.2950471693504881], [0.22828697954583735, 0.27483512952170286, 0.20777320287065823, 0.2891046880618017], [0.15157794010087644, 0.280525984420644, 0.275548941624876, 0.2923471338536039], [0.24075733417698958, 0.2682581207239017, 0.2172972508613419, 0.2736872942377667], [0.32257540383531846, 0.2736404263819372, 0.09625220708185478, 0.3075319627008897], [0.150068586819322, 0.2862002021130962, 0.26763001971549094, 0.29610119135209084], [0.13380088899169088, 0.2825328638339658, 0.338493840616432, 0.24517240655791153]]}}