{"test": {"ids": ["105112100", "109114220", "108118810", "113122190", "98111860", "104113210", "110118930", "108118520", "111121410", "106113190", "100108580", "99111340", "112119610", "112118930", "110120531", "112118511", "108116120", "100109910", "104109311", "102113210", "99107500", "101121640", "109115211", "109119010", "113119950", "112116640", "112118820", "111121351", "103118291", "101119030", "110118181", "109121351", "101110200", "110114651", "99109840", "113122220", "102116500", "100110260", "112118890", "111120591", "99112641", "112121430", "104111830", "97107920", "109116750", "103109641", "108116501", "98109230", "111115910", "100110050", "111115780", "113120830", "105118230", "104119290", "109116040", "108119330", "108121351", "111119950", "100109000", "105114220", "113122180", "102110690", "100107920", "104111380", "111114171", "98112170", "110121720", "109121640", "113118111", "98110680", "112116810", "109116441", "108113760", "113118690", "99108520", "99108890", "105115720", "100111380", "105110091", "110113591", "112120700", "100112060", "107119390", "112119980", "104113190", "111116750", "103111480", "111114321", "97106600", "111117200", "113121680", "113118810", "111116040", "112120270", "105115900", "113120601", "104119340", "105113330", "106116120", "108117720", "99109780", "98109311", "108116481", "105119550", "100116790", "111116411", "102110050", "97109570", "106117650", "103110100", "108115250", "101108580", "99107630", "99107300", "103109791", "104113550", "98116940", "111114941", "109116170", "110116501", "108120621", "108115570", "112118810", "106119580", "103113101", "105120621", "100111080", "99109910", "97116410", "113120751", "105116860", "100108490", "113122430", "107121700", "100108260", "113117401", "101108621", "104111550", "109117110", "110121500", "107121540", "102110240"], "labels": [1, 3, 1, 1, 0, 3, 1, 0, 0, 0, 0, 1, 0, 1, 0, 1, 1, 2, 3, 3, 0, 2, 0, 3, 0, 0, 0, 0, 0, 3, 1, 0, 2, 3, 2, 1, 1, 3, 3, 1, 1, 2, 3, 0, 0, 1, 0, 1, 2, 3, 1, 3, 1, 1, 0, 0, 3, 0, 1, 3, 2, 0, 0, 3, 3, 3, 3, 0, 1, 2, 3, 3, 1, 3, 2, 0, 1, 3, 0, 0, 2, 2, 2, 0, 3, 3, 0, 1, 3, 0, 1, 3, 0, 0, 3, 2, 1, 3, 1, 1, 2, 1, 0, 1, 2, 0, 3, 0, 1, 1, 1, 0, 2, 3, 3, 1, 2, 0, 0, 3, 1, 3, 3, 3, 3, 1, 0, 2, 3, 1, 2, 2, 2, 3, 3, 3, 0, 1, 1, 3, 2, 3], "predicted_labels": [3, 1, 3, 3, 1, 3, 3, 1, 1, 1, 3, 3, 3, 2, 3, 3, 3, 1, 1, 0, 2, 3, 3, 3, 1, 3, 0, 1, 0, 3, 1, 3, 3, 3, 3, 1, 1, 3, 1, 0, 3, 0, 1, 3, 1, 3, 2, 3, 1, 3, 1, 1, 3, 1, 2, 1, 3, 0, 3, 0, 3, 0, 3, 3, 3, 3, 1, 3, 1, 3, 2, 3, 2, 1, 1, 2, 1, 3, 3, 1, 1, 3, 1, 1, 3, 0, 1, 1, 2, 1, 3, 3, 3, 1, 3, 2, 1, 3, 1, 3, 3, 3, 3, 0, 1, 3, 1, 3, 0, 2, 3, 3, 2, 0, 2, 3, 1, 3, 3, 3, 0, 3, 1, 1, 1, 1, 0, 1, 1, 2, 1, 2, 3, 1, 0, 3, 3, 2, 1, 0, 1, 3], "confidence_scores": [[0.13718633128710314, 0.1724156270063898, 0.13246321928950922, 0.557934822416998], [0.17791596621453412, 0.44102125366176353, 0.17875851274365967, 0.20230426738004265], [0.19387325534291763, 0.3238737803748678, 0.0901956021902139, 0.3920573620920007], [0.208994255762377, 0.1761438566113683, 0.1716223038077267, 0.443239583818528], [0.14379337376982868, 0.4945978777186086, 0.24084996893183436, 0.12075877957972836], [0.312717214361537, 0.1592336958605065, 0.16230799509077137, 0.36574109468718513], [0.12334701782542584, 0.2109750668402717, 0.045396675190243825, 0.6202812401440586], [0.24799439257016437, 0.5314228647692838, 0.0593046017331313, 0.16127814092742068], [0.2768777901843115, 0.31797689342266805, 0.12477614400203872, 0.28036917239098186], [0.3125848645600936, 0.3904179479730654, 0.18090900703665297, 0.11608818043018812], [0.19132782977065127, 0.19640486935214338, 0.2642865162871351, 0.3479807845900703], [0.13790064231942625, 0.21727490018664355, 0.23129637705354328, 0.4135280804403871], [0.18281383217273747, 0.31885498198486734, 0.17782478491720863, 0.3205064009251865], [0.19862691296889548, 0.2776996828630179, 0.3450132174175693, 0.17866018675051734], [0.1501297972174662, 0.18304430597009094, 0.11732179027634763, 0.5495041065360953], [0.1486294860584277, 0.11775492411964522, 0.07952050152154191, 0.6540950883003853], [0.1602050236414894, 0.09372328270405622, 0.13421215192223918, 0.6118595417322152], [0.2503204726428285, 0.3119549070225973, 0.25090914995438834, 0.18681547038018592], [0.3497564951259357, 0.3691018226809605, 0.11988688440966612, 0.16125479778343774], [0.3170712723143293, 0.2368301739731953, 0.21189536101774342, 0.23420319269473197], [0.23085611188162528, 0.2876482032310641, 0.31816285109599435, 0.1633328337913163], [0.24801539739482775, 0.215788247660789, 0.06955317152179072, 0.46664318342259264], [0.16155866237357158, 0.37470829309349796, 0.04836405015226156, 0.4153689943806689], [0.1787885351567956, 0.32242643978136415, 0.1493021537080097, 0.34948287135383077], [0.1783100798353626, 0.5616098922954531, 0.12370035704812685, 0.1363796708210575], [0.3626283961934669, 0.09073890505639762, 0.12854303441308412, 0.4180896643370514], [0.5536578858108113, 0.17570670910808664, 0.1276904552102535, 0.14294494987084858], [0.28333709184609895, 0.3047086796960352, 0.1299242533218044, 0.2820299751360616], [0.4826089330037441, 0.1576412474807629, 0.14221474996975053, 0.2175350695457425], [0.19774244887523895, 0.27598422605653183, 0.12145541440593294, 0.4048179106622964], [0.2408364884583337, 0.38311655398233685, 0.14784666515586345, 0.2282002924034662], [0.17418270155973756, 0.25495678684212064, 0.07065090119685431, 0.5002096104012874], [0.14686481922896719, 0.30700090598416374, 0.12417278675987607, 0.42196148802699307], [0.29710948347311733, 0.2092327582507699, 0.10560876778924415, 0.38804899048686875], [0.24199235843880765, 0.17552082127140667, 0.20605558398285778, 0.3764312363069281], [0.1229724160858468, 0.393228221820772, 0.13259507460370057, 0.3512042874896805], [0.15372115798414254, 0.4366226105905176, 0.24600511112784001, 0.16365112029749995], [0.2464722492748183, 0.17346690792007, 0.18517323849608586, 0.39488760430902586], [0.20783345887052224, 0.41926286337018287, 0.12484507023409691, 0.24805860752519815], [0.4191235283216896, 0.20481864491111118, 0.15826586467023607, 0.21779196209696322], [0.26004773554531957, 0.2759024569717128, 0.14763031715164826, 0.31641949033131955], [0.6279185861181718, 0.1595810225467793, 0.0679449175046961, 0.1445554738303529], [0.18870599457446452, 0.367739274272971, 0.08997680014264833, 0.3535779310099162], [0.1779634633247736, 0.06923862724919118, 0.04518948416310562, 0.7076084252629298], [0.23424008368408977, 0.5509489130745431, 0.037260243946930255, 0.17755075929443703], [0.2015367628600825, 0.09370243456868341, 0.277196459914515, 0.4275643426567191], [0.14241768835149127, 0.09038778120804736, 0.5126004528344255, 0.254594077606036], [0.22683126254861732, 0.20282183822472188, 0.10948187276690434, 0.46086502645975636], [0.2534935961161898, 0.33047857896344324, 0.18391293191542216, 0.2321148930049448], [0.14208673227217813, 0.149439862685509, 0.2015206075997225, 0.5069527974425904], [0.0664577890958693, 0.6899179486400986, 0.04082899028623256, 0.2027952719777994], [0.31315222521979114, 0.3337475773738149, 0.08682992180145793, 0.26627027560493605], [0.11411549047018255, 0.21532598530720473, 0.1408004727985228, 0.52975805142409], [0.06094718887888636, 0.7194312292054396, 0.08900882640640656, 0.13061275550926751], [0.1020668329703182, 0.15440714154371474, 0.48390373271020837, 0.2596222927757588], [0.11552647238807746, 0.6175249679123048, 0.09023406956598531, 0.17671449013363263], [0.22851599211113888, 0.1933677156946146, 0.16055929034204877, 0.4175570018521976], [0.39478354960976625, 0.3030543003149453, 0.16879239497519025, 0.13336975510009844], [0.16634030316099832, 0.3769155015029327, 0.07727618564669976, 0.3794680096893692], [0.4219868155807652, 0.20509396224091192, 0.1165634668323978, 0.2563557553459251], [0.25519260648614994, 0.29923634345373723, 0.10185152024948844, 0.34371952981062454], [0.43962002211533163, 0.21478124804767457, 0.11243726375229665, 0.2331614660846972], [0.12012947919133296, 0.36825880887379564, 0.07700595295377001, 0.4346057589811015], [0.09816318206774685, 0.11618151987274669, 0.26432400099029735, 0.5213312970692091], [0.26652750694914046, 0.18389821232629194, 0.12119900260260418, 0.42837527812196347], [0.3247336762409878, 0.19862411853493675, 0.095001453194602, 0.3816407520294734], [0.1275707629982622, 0.594853792235322, 0.1257461465179468, 0.1518292982484691], [0.12198031887843698, 0.25859656624990457, 0.09528155913778011, 0.5241415557338783], [0.23205184387124678, 0.4317267840722532, 0.12456960550184326, 0.21165176655465684], [0.2348687813377894, 0.2526267586655701, 0.1277920486186226, 0.3847124113780179], [0.24342877674346275, 0.2527462935020787, 0.2967734442734371, 0.2070514854810215], [0.15937844838447524, 0.2334041776894427, 0.10521642805775137, 0.5020009458683308], [0.13874427491933441, 0.2348095877432384, 0.365406521805591, 0.26103961553183613], [0.18930801365424976, 0.3704777970282902, 0.11461636182907463, 0.3255978274883855], [0.2956774006854439, 0.2964329145929416, 0.25472111447529105, 0.15316857024632338], [0.1394816899662665, 0.20084638080972805, 0.37778677717823606, 0.2818851520457695], [0.18270956820267525, 0.46791005105726513, 0.09443507242667484, 0.2549453083133849], [0.32668694192863557, 0.12997202138259312, 0.14155938658214998, 0.4017816501066214], [0.20254752515426755, 0.16990087334265813, 0.25872161071994954, 0.368829990783125], [0.21493528959102667, 0.3659014610622343, 0.24908831742110132, 0.1700749319256378], [0.12654009322917034, 0.3860666223012407, 0.143921290149327, 0.34347199432026204], [0.19484215599761026, 0.11049876553971624, 0.13297838786132593, 0.5616806906013475], [0.14915197767281552, 0.3409069049981709, 0.2925632246322564, 0.21737789269675703], [0.06905998044780506, 0.6103438256852171, 0.08948671654862768, 0.23110947731835005], [0.2565483767851858, 0.1708856878810717, 0.16606115337957458, 0.406504781954168], [0.5150808847088953, 0.1407126659041146, 0.12067276516301167, 0.22353368422397846], [0.23847810360927854, 0.36987949594777125, 0.2018286028375694, 0.1898137976053808], [0.10401349376039619, 0.4476170360181903, 0.17077727678693358, 0.27759219343448], [0.1492648371637099, 0.3139157330433818, 0.3473406954900408, 0.18947873430286746], [0.2502582175077758, 0.37980128481496883, 0.08561575412905191, 0.28432474354820353], [0.13122578306157873, 0.0690695610425929, 0.05569435328606439, 0.7440103026097642], [0.19429170106811486, 0.2424357025913809, 0.17267604958589708, 0.39059654675460703], [0.2925691920852523, 0.21177678107648326, 0.18602506065520436, 0.3096289661830603], [0.19333960919974374, 0.31101343279053206, 0.27545481039880293, 0.22019214761092112], [0.1956119965865635, 0.19014954925577174, 0.14741564400686744, 0.4668228101507974], [0.1552391461138146, 0.21756318987132675, 0.33588026297283663, 0.291317401042022], [0.21593681661487196, 0.35813949627689096, 0.23817646795597835, 0.18774721915225884], [0.24337437962876932, 0.1886504229579541, 0.11702227396097756, 0.45095292345229926], [0.21572542909531445, 0.38785089813536633, 0.18029633928177233, 0.21612733348754692], [0.1850030625016437, 0.17298529814626273, 0.22524279309476392, 0.4167688462573298], [0.2983153515065487, 0.22358493190538076, 0.07977706933187653, 0.39832264725619404], [0.17068538877836117, 0.23546189312660437, 0.20826464352753904, 0.38558807456749544], [0.15388602977017202, 0.20795101013879716, 0.05681877314053685, 0.581344186950494], [0.46681633766983066, 0.2918114069687539, 0.05767876730264765, 0.18369348805876784], [0.3715979331447083, 0.44782066189563785, 0.07134601507345938, 0.10923538988619447], [0.45104962729319464, 0.052946475714773907, 0.031596661145159674, 0.46440723584687155], [0.18995474304968077, 0.3224404387486978, 0.31002435918092547, 0.17758045902069616], [0.08893034403000287, 0.2151033707287639, 0.20249902551211812, 0.4934672597291152], [0.39884167824379246, 0.32898849515684975, 0.17556999583639926, 0.09659983076295851], [0.12100563708138506, 0.11311962168672877, 0.39525115240165815, 0.370623588830228], [0.09956144846298381, 0.10869851391168774, 0.3227376776033158, 0.4690023600220128], [0.27502740555995225, 0.1161460631702407, 0.200825795921975, 0.4080007353478322], [0.24336733208477995, 0.20760879426400441, 0.3325111023379218, 0.21651277131329374], [0.6529894574027771, 0.13154021724514034, 0.049515046750371564, 0.165955278601711], [0.29844195288946285, 0.17679579777860832, 0.3167233647802359, 0.20803888455169295], [0.2417010773658132, 0.2683768414768909, 0.12092145300314616, 0.36900062815414986], [0.29721165152345247, 0.31425088236077153, 0.2679582877457305, 0.12057917837004549], [0.18343514234874597, 0.23884412062931992, 0.11909090697477993, 0.4586298300471542], [0.1480946565206906, 0.255491413232731, 0.16164760731091898, 0.4347663229356594], [0.17733959912249161, 0.11144405999383034, 0.1018033324773337, 0.6094130084063445], [0.3659062856471519, 0.23947891824789755, 0.06621493053707847, 0.3283998655678723], [0.3293120861611037, 0.15603153549705623, 0.12929403334631395, 0.38536234499552635], [0.2989524655305416, 0.40287321880159055, 0.05324904961582895, 0.24492526605203888], [0.28158092982509997, 0.286306478912401, 0.1825199323833941, 0.24959265887910506], [0.1451363732771799, 0.6333245831163052, 0.04730086746711801, 0.1742381761393968], [0.2520457391316331, 0.34324879596453167, 0.0741975153510603, 0.3305079495527749], [0.538375497423973, 0.1924276384374498, 0.0977171185625926, 0.17147974557598458], [0.1982468997385293, 0.29482444399178326, 0.2654611792721426, 0.2414674769975449], [0.16767178354551443, 0.48577616330291973, 0.19040935299596343, 0.1561427001556024], [0.22113866969659393, 0.22748196893468037, 0.34608914857765577, 0.20529021279107007], [0.24534911636567344, 0.2901122625333968, 0.18258893064680679, 0.281949690454123], [0.23352194752748864, 0.12693687608014426, 0.37182603933809133, 0.2677151370542758], [0.08736842835021726, 0.20029910938340856, 0.12714832007912102, 0.5851841421872531], [0.16042325112063735, 0.4652946902205246, 0.17392318444946275, 0.2003588742093753], [0.3180818304099198, 0.22196641300891304, 0.14641035256674612, 0.31354140401442127], [0.3017452428683005, 0.2322184688981251, 0.05553756670772508, 0.41049872152584926], [0.1327561388046331, 0.3728050516660592, 0.09244723111604161, 0.40199157841326616], [0.0676687431378863, 0.1751866324757648, 0.6461405872411247, 0.11100403714522422], [0.21508509031113, 0.4164987888723573, 0.10432124730324678, 0.264094873513266], [0.4036531351247192, 0.2079207955318435, 0.08288900949523767, 0.3055370598481997], [0.18137306503033246, 0.46103476754918365, 0.08300850614871091, 0.274583661271773], [0.18284917322743066, 0.2845921224934028, 0.16842450654751384, 0.36413419773165273]]}, "rewritten": {"ids": ["97106600", "97107920", "97109570", "97116410", "98109230", "98109311", "98110680", "98111860", "98112170", "98116940", "99107300", "99107500", "99107630", "99108520", "99108890", "99109780", "99109840", "99109910", "99111340", "99112641", "100107920", "100108260", "100108490", "100108580", "100109000", "100109910", "100110050", "100110260", "100111080", "100111380", "100112060", "100116790", "101108580", "101108621", "101110200", "101119030", "101121640", "102110050", "102110240", "102110690", "102113210", "102116500", "103109641", "103109791", "103110100", "103111480", "103113101", "103118291", "104109311", "104111380", "104111550", "104111830", "104113190", "104113210", "104113550", "104119290", "104119340", "105110091", "105112100", "105113330", "105114220", "105115720", "105115900", "105116860", "105118230", "105119550", "105120621", "106113190", "106116120", "106117650", "106119580", "107119390", "107121540", "107121700", "108113760", "108115250", "108115570", "108116120", "108116481", "108116501", "108117720", "108118520", "108118810", "108119330", "108120621", "108121351", "109114220", "109115211", "109116040", "109116170", "109116441", "109116750", "109117110", "109119010", "109121351", "109121640", "110113591", "110114651", "110116501", "110118181", "110118930", "110120531", "110121500", "110121720", "111114171", "111114321", "111114941", "111115780", "111115910", "111116040", "111116411", "111116750", "111117200", "111119950", "111120591", "111121351", "111121410", "112116640", "112116810", "112118511", "112118810", "112118820", "112118890", "112118930", "112119610", "112119980", "112120270", "112120700", "112121430", "113117401", "113118111", "113118690", "113118810", "113119950", "113120601", "113120751", "113120830", "113121680", "113122180", "113122190", "113122220", "113122430"], "labels": [3, 0, 0, 3, 1, 1, 2, 0, 3, 2, 3, 0, 2, 2, 0, 2, 2, 2, 1, 1, 0, 3, 2, 0, 1, 2, 3, 3, 0, 3, 2, 2, 0, 0, 2, 3, 2, 3, 3, 0, 3, 1, 1, 3, 1, 0, 3, 0, 3, 3, 1, 3, 3, 3, 1, 1, 1, 0, 1, 3, 3, 1, 3, 2, 1, 1, 1, 0, 1, 1, 3, 2, 2, 3, 1, 1, 3, 1, 0, 0, 1, 0, 1, 0, 1, 3, 3, 0, 0, 0, 3, 0, 1, 3, 0, 0, 0, 3, 3, 1, 1, 0, 3, 3, 3, 1, 0, 1, 2, 0, 0, 3, 0, 0, 1, 0, 0, 0, 3, 1, 3, 0, 3, 1, 0, 0, 0, 2, 2, 3, 1, 3, 3, 0, 2, 1, 3, 1, 2, 1, 1, 2], "predicted_labels": [2, 3, 1, 1, 1, 3, 3, 1, 3, 0, 0, 2, 3, 0, 1, 3, 2, 1, 1, 0, 3, 3, 1, 1, 3, 2, 2, 3, 1, 0, 3, 3, 3, 3, 1, 1, 3, 1, 3, 0, 0, 1, 2, 3, 3, 3, 1, 3, 1, 3, 1, 3, 3, 3, 1, 2, 3, 1, 1, 1, 3, 3, 3, 2, 2, 1, 3, 0, 1, 0, 1, 2, 3, 3, 2, 3, 3, 3, 3, 2, 3, 3, 3, 1, 0, 2, 3, 3, 3, 1, 0, 1, 3, 3, 1, 3, 3, 0, 0, 1, 1, 3, 3, 1, 0, 3, 1, 3, 3, 3, 0, 3, 1, 3, 3, 3, 3, 3, 3, 2, 1, 3, 1, 0, 2, 3, 1, 3, 0, 3, 3, 0, 3, 1, 3, 2, 1, 3, 3, 3, 0, 1], "confidence_scores": [[0.1513057912540971, 0.26577799532031726, 0.34966217739808864, 0.23325403602749706], [0.2836642986055178, 0.09568310271598822, 0.07926281290697326, 0.5413897857715207], [0.09170379187966901, 0.606164329608995, 0.06504979742925267, 0.2370820810820834], [0.22684722530149426, 0.3284156785093435, 0.1837538644151637, 0.26098323177399857], [0.14019980092714823, 0.49326755327314414, 0.23255439277424506, 0.13397825302546268], [0.28158921248309265, 0.22688333086015985, 0.15250317226922083, 0.33902428438752674], [0.2852189079602274, 0.15221376147418778, 0.1847754300694536, 0.37779190049613126], [0.15387266408613112, 0.5969810085335794, 0.08524017076702647, 0.16390615661326305], [0.23897558391852597, 0.163253417822858, 0.08008017709546646, 0.5176908211631496], [0.49560133903901815, 0.11655489219622343, 0.2422092923663668, 0.1456344763983917], [0.6852569525291291, 0.1322295610066289, 0.1102934072962795, 0.07222007916796253], [0.2003006743994899, 0.33652662633896036, 0.34075182319683855, 0.12242087606471132], [0.17953801701226058, 0.14941862803243386, 0.12107358081561795, 0.5499697741396877], [0.38360080861268653, 0.1802117240051444, 0.24967919808026195, 0.18650826930190717], [0.112165982997976, 0.3871305380148636, 0.25585004250194543, 0.2448534364852149], [0.19307862067039058, 0.36197750250547134, 0.05883242857935198, 0.38611144824478616], [0.1771199199520868, 0.18911028951387845, 0.5037624472020673, 0.1300073433319675], [0.26820688146556426, 0.46461124955534583, 0.1188382618762493, 0.14834360710284056], [0.12217543456642277, 0.31893930617586663, 0.2827743779063726, 0.27611088135133816], [0.4264689382540569, 0.10815564351886799, 0.09675747522992843, 0.36861794299714684], [0.12014232376822746, 0.170952811756519, 0.0794759181115998, 0.6294289463636538], [0.22831918349674954, 0.20885499101239702, 0.14680112782564902, 0.4160246976652045], [0.2286753934194316, 0.5628881566835211, 0.11557787323858436, 0.09285857665846303], [0.115197745999734, 0.40943312743316657, 0.26184684481772286, 0.21352228174937662], [0.24151747776435453, 0.2089967925800216, 0.2260724152992828, 0.3234133143563411], [0.23461534745438278, 0.23980157528294194, 0.3969933958082462, 0.12858968145442912], [0.12161543187931201, 0.2922097282312398, 0.47331787723435187, 0.11285696265509623], [0.27337857835571516, 0.26303975280866204, 0.02985781661314924, 0.43372385222247356], [0.24992153809504913, 0.3985680311543324, 0.11127180410691939, 0.240238626643699], [0.3522294696251351, 0.21505558242747347, 0.1654346612560462, 0.2672802866913452], [0.1634965716037653, 0.1287284990696083, 0.1502987951587291, 0.5574761341678974], [0.17387707167629973, 0.299175946341303, 0.1680528087375448, 0.35889417324485257], [0.15361036863418606, 0.09654788517432837, 0.22136308972045451, 0.528478656471031], [0.24293972929313534, 0.136370960292683, 0.10018129160158178, 0.5205080188126], [0.11587858176672823, 0.6496468889111477, 0.05365000466868987, 0.18082452465343418], [0.11492448188084535, 0.4367525698802666, 0.09302566892218271, 0.35529727931670535], [0.07383282879107562, 0.18404807461725645, 0.03809334889435566, 0.7040257476973123], [0.09603947457184278, 0.4709424073394915, 0.14201981175304387, 0.2909983063356218], [0.12280099528752636, 0.12402019878898576, 0.3701930199910754, 0.3829857859324124], [0.3700237433404, 0.31723241527422663, 0.13846526039231422, 0.17427858099305898], [0.3776718615238897, 0.21909671396800748, 0.1366905157892584, 0.2665409087188446], [0.08520409429023822, 0.4513786692546934, 0.32237096675367694, 0.14104626970139142], [0.1582881056385128, 0.21107231027755674, 0.5102541470770829, 0.12038543700684755], [0.16563095894964702, 0.2261136077476489, 0.21897864489067215, 0.38927678841203195], [0.20682081828568627, 0.22165160355190192, 0.27782063731665124, 0.2937069408457606], [0.25958831662287485, 0.12192782272648703, 0.14031094802143154, 0.47817291262920664], [0.32452366785942866, 0.4687921805081938, 0.13875473467965949, 0.06792941695271813], [0.332202654782619, 0.15760579108650846, 0.1377128724515649, 0.37247868167930764], [0.3997310666526367, 0.40437463308005756, 0.06333120576294063, 0.1325630945043651], [0.18310920799915512, 0.14471472574424302, 0.21397801635957622, 0.45819804989702567], [0.22779127007861877, 0.35438483292922096, 0.24321084749838026, 0.17461304949378], [0.32194710940126736, 0.1701430718368767, 0.03926850775284222, 0.46864131100901363], [0.23793949154308916, 0.09858904387816822, 0.16290105522738252, 0.5005704093513601], [0.2479285776862307, 0.22890523666613546, 0.240527976029203, 0.28263820961843084], [0.23557109042907481, 0.421568817338792, 0.14888790158932205, 0.1939721906428112], [0.03535387264158456, 0.23700290681973304, 0.553374472143971, 0.17426874839471154], [0.13830296771860165, 0.28230209066931794, 0.26845912136811995, 0.3109358202439605], [0.20017508048004803, 0.41894204474354313, 0.1432325126917637, 0.23765036208464513], [0.27313051307146785, 0.28823923714739225, 0.20683119806873357, 0.2317990517124064], [0.3162667611099944, 0.36612255928599857, 0.05339602060279413, 0.264214659001213], [0.18963381135651566, 0.31912439752250843, 0.14692749068970473, 0.34431430043127115], [0.11427412929651175, 0.16647465307287257, 0.1405610014930769, 0.5786902161375388], [0.23904673847395716, 0.2662577630614542, 0.14691312215977062, 0.3477823763048179], [0.16258627021018465, 0.24680457902264313, 0.29665175401516536, 0.29395739675200677], [0.19371851310995727, 0.2777363591998718, 0.3501302768075918, 0.1784148508825791], [0.27353023036963364, 0.4522654992848234, 0.06384852188040616, 0.21035574846513672], [0.2360045237343927, 0.12373896818503544, 0.052879993965422166, 0.5873765141151497], [0.49324764263511106, 0.15402566166095732, 0.08834834844283028, 0.2643783472611014], [0.1619885174290156, 0.43105076137993187, 0.1982008090208645, 0.208759912170188], [0.416123777424844, 0.4020733440125964, 0.0840257443082029, 0.09777713425435657], [0.20655849707242324, 0.32918112931970034, 0.18473382219072843, 0.27952655141714794], [0.14101485272053615, 0.27311156753520016, 0.47589789884537914, 0.10997568089888468], [0.19359955499616224, 0.20276163822891793, 0.19532115182268908, 0.4083176549522307], [0.1989543055111526, 0.24740188941300423, 0.10054297833907838, 0.4531008267367649], [0.14611821357308788, 0.23865949678842951, 0.4296704193327239, 0.18555187030575887], [0.12077936415384052, 0.2696858158630955, 0.09245156050251337, 0.5170832594805506], [0.2518210183587151, 0.2324461208293969, 0.24224915478664183, 0.2734837060252462], [0.213696844927157, 0.30624578267328995, 0.156781892049892, 0.32327548034966097], [0.14610126020983957, 0.2656292038773911, 0.12487591388910678, 0.4633936220236624], [0.13472122093167824, 0.11211621237274906, 0.40085078212162895, 0.3523117845739439], [0.1184357127002726, 0.09270604376107615, 0.08391946739421785, 0.7049387761444333], [0.23272079935586248, 0.17296783406685623, 0.1065323490809603, 0.487779017496321], [0.22874212392812185, 0.24836306342191514, 0.14473427452168422, 0.3781605381282788], [0.15083738642116395, 0.5981024182641226, 0.09635912383192888, 0.15470107148278459], [0.5809813233930546, 0.172627143048059, 0.07611703987738995, 0.17027449368149644], [0.17366760375193957, 0.17683701648892655, 0.3436005175337626, 0.30589486222537116], [0.16874795098140424, 0.1626852250872911, 0.11312142431102738, 0.5554453996202774], [0.137005907913687, 0.223811304166018, 0.05269328571227009, 0.586489502208025], [0.1809793282248288, 0.14368400239177437, 0.16861338335550008, 0.5067232860278966], [0.13007665248998074, 0.3447052456725641, 0.18743265954329008, 0.3377854422941652], [0.5473957927660319, 0.08797589519757486, 0.07618874448299755, 0.2884395675533956], [0.11851967546165436, 0.5626023923022417, 0.07182926033185183, 0.24704867190425217], [0.2742194584404814, 0.25521683341291596, 0.19443978675402362, 0.27612392139257913], [0.11675666496686461, 0.24713672495184671, 0.30396603093257496, 0.33214057914871375], [0.2536785384688135, 0.41601987932457957, 0.07442618505781416, 0.2558753971487927], [0.15402120869488817, 0.29319232385817334, 0.08491290720251876, 0.4678735602444197], [0.2236035773441995, 0.29824948153257347, 0.12360266590072995, 0.3545442752224971], [0.7134953536519693, 0.07025609827073107, 0.06526657385085645, 0.15098197422644316], [0.41452981104918213, 0.1695922204633258, 0.08000520835684907, 0.335872760130643], [0.06616883221836262, 0.7361693238259106, 0.06943672992865427, 0.1282251140270727], [0.2858732358756762, 0.3961175895754191, 0.17165846351844505, 0.14635071103045957], [0.11954030497089284, 0.06029951885760009, 0.05354956396328717, 0.7666106122082198], [0.3037672453374103, 0.30731697669230157, 0.05301111634769283, 0.33590466162259563], [0.1068110679871334, 0.6174755525821936, 0.1403989821398416, 0.1353143972908314], [0.3336165557236908, 0.19713568396431785, 0.14604879745719726, 0.32319896285479394], [0.1521989851421238, 0.21193536935386037, 0.1259864937872116, 0.5098791517168042], [0.17952623176441707, 0.40301175094083386, 0.1283415056703591, 0.2891205116243898], [0.08003990393900784, 0.3690783730363157, 0.056163932407624045, 0.4947177906170526], [0.26279187799871473, 0.1887235586071388, 0.2295214651379544, 0.3189630982561922], [0.31192197976068764, 0.08561363371497897, 0.11810753487785816, 0.48435685164647524], [0.37366297852704, 0.16447270763828725, 0.08967300854961749, 0.3721913052850554], [0.2388725393631845, 0.25489684520479555, 0.20813972115978616, 0.29809089427223384], [0.12888019858852406, 0.4528426757076015, 0.07477349818750148, 0.34350362751637276], [0.09279937197247429, 0.2804221368558286, 0.23125640659668723, 0.39552208457500987], [0.13952179944396276, 0.28632111686363115, 0.17319034374676004, 0.40096673994564597], [0.26933310600465843, 0.1205934985229404, 0.12615838884569616, 0.4839150066267049], [0.2904671011333338, 0.19235710100634146, 0.1743230161825302, 0.34285278167779437], [0.09476067247656896, 0.18550077673564436, 0.07767760477919636, 0.6420609460085903], [0.20412424693225506, 0.2930953584294667, 0.10281655135490798, 0.39996384328337004], [0.07555499797466371, 0.18032378791723183, 0.4373448644497448, 0.3067763496583597], [0.368530407786011, 0.39142949945038064, 0.05506162008569871, 0.18497847267790984], [0.23614456130340533, 0.24931791377115436, 0.19611843835598378, 0.3184190865694567], [0.18027492209931983, 0.41280417529776575, 0.0898513516645903, 0.3170695509383243], [0.42526559664392866, 0.299485798737007, 0.09495468676096554, 0.1802939178580988], [0.24499926260541852, 0.22138294353746416, 0.291088964479774, 0.24252882937734332], [0.19293773716769874, 0.3319124804579144, 0.11505742702021204, 0.3600923553541749], [0.29718900853604646, 0.40833788002365046, 0.18454826643606617, 0.10992484500423695], [0.14099280757241722, 0.31496432693433746, 0.20012909788725033, 0.3439137676059949], [0.3970053864831297, 0.2837547909358428, 0.0991703655905943, 0.22006945699043318], [0.23176570690328596, 0.24030498116468743, 0.145670921571642, 0.38225839036038467], [0.2866577975526699, 0.12496686171818329, 0.24461952556284133, 0.34375581516630555], [0.3303096329919543, 0.18273001887706905, 0.18429487753433024, 0.30266547059664656], [0.04964689124645792, 0.0811310332299542, 0.13092601924477845, 0.7382960562788096], [0.1215232968997112, 0.40271096028133846, 0.1422987140752729, 0.3334670287436776], [0.10315826554329652, 0.22508190553185428, 0.21765737864622975, 0.45410245027861945], [0.17305888585157184, 0.2200762088949632, 0.4063926099584296, 0.2004722952950354], [0.15020742470064197, 0.45197214903913163, 0.05723554300419855, 0.34058488325602776], [0.2462215261860577, 0.21384688157698067, 0.13018078948491552, 0.40975080275204623], [0.10668719487121679, 0.18116698897551722, 0.04893881623581697, 0.663206999917449], [0.16914966685614619, 0.1476748894448298, 0.26280786712969495, 0.4203675765693291], [0.3880185448678822, 0.23489718347022068, 0.16341008199440887, 0.21367418966748827], [0.11262653329767547, 0.4297129306708743, 0.22937087368211653, 0.22828966234933373]]}}