{"test": {"ids": ["107112850", "111120531", "107118820", "106113190", "98109570", "112117461", "100116790", "112116810", "106115240", "99108010", "111116750", "99119830", "111116040", "97106970", "101111140", "112119120", "112119500", "108115970", "110115120", "111119300", "100115700", "112120630", "113119930", "104112470", "107114490", "105115720", "109119591", "101108121", "108115880", "103111170", "109118820", "98116090", "99109910", "110115580", "113120751", "112120990", "99109141", "105113170", "104114320", "113120591", "98119591", "99107630", "110114920", "98111670", "97105580", "106120640", "97116500", "100107920", "103113270", "105114220", "98113881", "110115710", "104117630", "109117150", "103111110", "110121500", "113119320", "109121640", "101109000", "107112840", "113117630", "97116410", "109116040", "105121370", "104111990", "111115780", "108118060", "111120320", "110116441", "101108370", "113117340", "107114950", "106114280", "110114610", "112118421", "104111620", "107120010", "111117200", "111115910", "107115140", "110118181", "113121950", "98106880", "113121980", "98107010", "103109021", "109120150", "105120280", "107114110", "103110100", "110115250", "113118490", "103111990", "99120010", "108120621", "100109980", "113119950", "105118740", "107116501", "102116500", "98108410", "98112170", "104119340", "100108260", "104113550", "111117571", "113122320", "107116980", "108114360", "99111620", "112118620", "110113591", "106114321", "98110230", "109113931", "106118520", "103113101", "111115770", "102121700", "102117351", "97105960", "113121010", "99117740", "105115900", "106114150", "107114780", "113122190", "112120270", "113118690", "112119610", "110116290", "99117630", "112118581", "105115380", "111117000", "107114621", "102112030", "110118301", "109119340", "100109801", "101110150", "100111270"], "labels": [1, 0, 3, 0, 1, 0, 2, 3, 1, 2, 3, 1, 0, 2, 2, 1, 2, 2, 0, 1, 1, 3, 1, 1, 3, 1, 0, 0, 3, 2, 3, 0, 2, 1, 1, 2, 3, 0, 2, 0, 1, 2, 3, 1, 1, 3, 2, 0, 2, 3, 3, 2, 0, 2, 3, 3, 1, 0, 1, 1, 0, 3, 0, 2, 2, 1, 1, 1, 3, 1, 2, 3, 3, 1, 3, 0, 1, 0, 2, 0, 1, 3, 0, 2, 3, 0, 2, 3, 1, 1, 1, 1, 2, 2, 1, 1, 0, 1, 1, 1, 1, 3, 1, 3, 1, 3, 1, 3, 1, 3, 3, 0, 2, 3, 1, 2, 3, 3, 1, 1, 2, 2, 2, 3, 1, 2, 1, 0, 3, 0, 2, 3, 1, 1, 0, 0, 2, 1, 3, 0, 1, 2], "predicted_labels": [3, 1, 3, 3, 3, 0, 1, 3, 0, 1, 3, 3, 3, 2, 1, 2, 3, 3, 3, 3, 0, 0, 1, 1, 3, 1, 1, 3, 3, 3, 2, 1, 2, 0, 2, 1, 1, 3, 1, 0, 1, 3, 3, 2, 0, 3, 0, 3, 0, 0, 1, 0, 3, 0, 1, 1, 0, 3, 3, 1, 3, 3, 3, 3, 0, 0, 0, 1, 3, 0, 1, 3, 3, 2, 3, 0, 3, 1, 3, 3, 1, 3, 0, 3, 3, 0, 3, 1, 3, 1, 1, 1, 2, 3, 0, 1, 3, 3, 3, 0, 0, 1, 3, 2, 0, 0, 0, 1, 3, 3, 0, 3, 3, 3, 1, 3, 0, 3, 1, 3, 1, 3, 1, 2, 3, 0, 1, 2, 0, 1, 0, 0, 1, 3, 3, 3, 3, 0, 0, 1, 1, 2], "confidence_scores": [[0.11632158403951369, 0.2274600625323473, 0.2869036292833741, 0.369314724144765], [0.284799739383261, 0.3436980120810142, 0.11177849324426546, 0.2597237552914594], [0.15279262086845066, 0.2922677463363053, 0.15300960248142695, 0.4019300303138171], [0.30719279385493736, 0.2881596960251607, 0.07418089204895034, 0.33046661807095157], [0.22390618909248725, 0.12180990833301863, 0.06104161378696236, 0.5932422887875318], [0.45509283473730033, 0.12332950326938268, 0.1457891582151571, 0.27578850377815994], [0.08850079791422163, 0.5693547070784044, 0.06825634141009133, 0.2738881535972826], [0.24918651259929325, 0.28200640066139393, 0.1411121527618403, 0.3276949339774725], [0.48648234317384165, 0.16049497515618955, 0.0734766045590581, 0.2795460771109106], [0.17993098465141297, 0.3323804422143569, 0.2737012095428158, 0.21398736359141451], [0.3115907248945954, 0.15206589675957616, 0.11378970158796915, 0.42255367675785915], [0.14531329673830878, 0.27956685780663115, 0.19051387429196476, 0.38460597116309525], [0.27276541142789207, 0.21866209859818875, 0.12335877242907338, 0.38521371754484596], [0.11030029650435447, 0.10070827163943483, 0.5671014742141521, 0.22188995764205868], [0.2819945908384704, 0.2957221877864189, 0.13990338688153262, 0.28237983449357823], [0.26385389239830787, 0.16910093890913785, 0.29601332219392107, 0.2710318464986333], [0.32193371186980674, 0.17710826002291147, 0.15850971121880492, 0.34244831688847704], [0.1884978900767404, 0.16740435413548518, 0.04380242317108472, 0.6002953326166897], [0.32578084108688715, 0.20595487196646764, 0.09387452873743503, 0.37438975820921017], [0.2527754164041108, 0.12882334706989756, 0.07244369205746459, 0.5459575444685272], [0.4644921641037013, 0.16487278237710354, 0.15055645845993662, 0.22007859505925842], [0.4352710935197668, 0.1269304647301453, 0.10467593476351629, 0.3331225069865716], [0.23544877647674914, 0.4844582603619007, 0.11462141071687636, 0.1654715524444738], [0.13179471527228073, 0.4144468565233036, 0.15042701101852038, 0.3033314171858953], [0.14877091001543916, 0.3152774576064228, 0.1260582436842971, 0.409893388693841], [0.14008635984358878, 0.4829527960715887, 0.07566585741769656, 0.301294986667126], [0.2556548324815486, 0.2700998202416897, 0.22881527311644498, 0.2454300741603167], [0.2558303495912266, 0.25155949885526047, 0.16132157157294855, 0.33128857998056455], [0.23539865067063828, 0.20067644318916902, 0.12062538183724315, 0.44329952430294944], [0.21528380207942222, 0.10877736229317726, 0.22045507229590694, 0.45548376333149365], [0.2686872739174398, 0.19518834234492177, 0.34225086083844103, 0.1938735228991975], [0.18066856985055768, 0.40805254448543105, 0.2103856557844877, 0.2008932298795236], [0.10157004072562996, 0.14267834098095153, 0.6549108567404961, 0.10084076155292232], [0.34572099092718306, 0.20173301256468737, 0.22792038637276274, 0.22462561013536675], [0.17203068820416662, 0.20910357517991546, 0.3291280950197911, 0.28973764159612686], [0.22526057850221223, 0.3268077712855335, 0.18462201797767627, 0.26330963223457815], [0.14970980596934566, 0.4561389842146177, 0.11579524228225775, 0.278355967533779], [0.1185597774260919, 0.22223199270236654, 0.137511901950031, 0.5216963279215105], [0.2954021330632025, 0.34584670787155614, 0.14827817567478266, 0.21047298339045872], [0.45858201867407283, 0.28623053164544215, 0.06656452503986694, 0.1886229246406181], [0.20327351339959412, 0.3537768842036335, 0.27692778372287463, 0.16602181867389776], [0.21125445973176354, 0.18436296477697506, 0.06714517815096824, 0.5372373973402932], [0.22188982239994826, 0.2749157753824626, 0.12648470769981376, 0.3767096945177753], [0.2089626854466941, 0.24237141888803848, 0.36368492470882824, 0.18498097095643934], [0.5794527378959646, 0.16448694456738186, 0.07900986162512748, 0.17705045591152613], [0.24656055782144634, 0.27492873054839556, 0.15422490859640034, 0.3242858030337577], [0.2985153021935665, 0.24061506045001457, 0.20635255974651787, 0.25451707760990117], [0.0987424870905194, 0.3247276684658482, 0.07494921099497583, 0.5015806334486567], [0.37073302575764366, 0.18405862521227567, 0.15627296821475817, 0.28893538081532255], [0.6561410551726505, 0.1570947827014278, 0.04103190714851456, 0.14573225497740702], [0.13844625717291678, 0.5805006264251011, 0.14351448532073266, 0.13753863108124956], [0.3779452402390707, 0.14320535090746128, 0.1615767882570888, 0.31727262059637906], [0.23461466774188272, 0.1847229047315783, 0.2261069247540984, 0.35455550277244063], [0.333233592159487, 0.19904761050007336, 0.3094985908104819, 0.15822020652995789], [0.08399173198495911, 0.4751520400950733, 0.04905810103454789, 0.39179812688541976], [0.35160674183134505, 0.3988858367776837, 0.06217440648764226, 0.18733301490332888], [0.479794744687239, 0.10531951399818952, 0.053012513930634345, 0.36187322738393735], [0.11526741566731723, 0.2855761195774392, 0.0806120748470863, 0.5185443899081572], [0.11819054124812738, 0.22986623211249535, 0.26499230982177086, 0.38695091681760646], [0.24608372612895443, 0.26345594746645545, 0.23645170176788177, 0.25400862463670815], [0.15375912300715985, 0.2944555935766775, 0.19802168395905415, 0.35376359945710845], [0.21814632395604325, 0.23971406779085477, 0.1932972325004376, 0.3488423757526645], [0.11679948133596778, 0.21892912029862804, 0.1108733850235566, 0.5533980133418476], [0.169070821616299, 0.26434705404674136, 0.13096868513913693, 0.43561343919782275], [0.32800890211574546, 0.2723790841643252, 0.20964647278872636, 0.1899655409312031], [0.4967209332510844, 0.24686159948662492, 0.059720292019445495, 0.19669717524284525], [0.30251327535227557, 0.2389490611357712, 0.17592198012841984, 0.2826156833835336], [0.1473156435025791, 0.40452117067179605, 0.055516599464886705, 0.3926465863607381], [0.25132290967575954, 0.3070816612233375, 0.1229665798986122, 0.3186288492022906], [0.4647510740258856, 0.1431205547600904, 0.2549264678920932, 0.13720190332193072], [0.1903247905921452, 0.42988072899035107, 0.17224658343885918, 0.2075478969786445], [0.22832253664248098, 0.14720694036207999, 0.15047367975711104, 0.47399684323832797], [0.21339581796829687, 0.15411346060046588, 0.12005784399828001, 0.5124328774329573], [0.21243991807526533, 0.22207204635007544, 0.3953770046354649, 0.17011103093919447], [0.35354416117114656, 0.1555604380699068, 0.07213975650497902, 0.41875564425396744], [0.34657317290370193, 0.17083923022373812, 0.1474280757364363, 0.3351595211361237], [0.0688656467929406, 0.1496379017863731, 0.35181869454482195, 0.4296777568758642], [0.24977994881622737, 0.4671915508495812, 0.09919327451974261, 0.183835225814449], [0.2884503249255656, 0.29058044501852537, 0.09947970165880278, 0.3214895283971062], [0.2577666288727433, 0.2237570519641322, 0.07859998734092336, 0.43987633182220126], [0.0824149244877803, 0.7411390647821385, 0.07948257508878966, 0.09696343564129141], [0.21050217201737384, 0.24557452757070208, 0.19193387701557824, 0.3519894233963459], [0.41268615287385135, 0.15205031668665955, 0.10330502946286822, 0.33195850097662094], [0.21894088327140143, 0.2912754645663411, 0.10921659495194669, 0.3805670572103108], [0.21082043385483065, 0.2308102456270195, 0.12115735187817847, 0.43721196863997136], [0.5329526488580436, 0.12057497888198819, 0.07377916895165289, 0.27269320330831537], [0.2290723978136236, 0.2312693504535654, 0.2549028786436101, 0.28475537308920107], [0.26287535157112696, 0.2968041783310734, 0.17812718441318565, 0.262193285684614], [0.36114884384239726, 0.1548631463009541, 0.06685566238264357, 0.41713234747400507], [0.22585447810562453, 0.40498310077905114, 0.1661724161435925, 0.20299000497173192], [0.22152741945280363, 0.34035523945611845, 0.11120849702277166, 0.3269088440683064], [0.281966903476247, 0.3930231917622578, 0.06947565581457314, 0.2555342489469221], [0.16097277283317749, 0.2599242466417447, 0.3084759463300464, 0.2706270341950315], [0.19626236863331747, 0.33180570493517864, 0.1291978909083496, 0.3427340355231543], [0.3160857015782837, 0.3096340147819041, 0.09126664009050432, 0.28301364354930797], [0.3463068230795379, 0.3816718252103561, 0.13366879360597228, 0.13835255810413377], [0.3079438196923369, 0.18107742604741345, 0.08558684503675709, 0.4253919092234926], [0.20049573654341432, 0.32155422838606784, 0.12496817093797911, 0.3529818641325387], [0.13473549009131705, 0.22363705777922707, 0.22185582742869475, 0.4197716247007611], [0.407846379182949, 0.2379285188891823, 0.09751825388177655, 0.2567068480460921], [0.4065218334231613, 0.18331216503847478, 0.25913885739394116, 0.1510271441444228], [0.21592830140977212, 0.37752867796623907, 0.10040677516058207, 0.3061362454634066], [0.14339037548254124, 0.3138500144653814, 0.09199847326137776, 0.45076113679069957], [0.23005242967067707, 0.16577141723018188, 0.3433416088299683, 0.2608345442691726], [0.46032970894137515, 0.20156973297588912, 0.1172870661328618, 0.22081349194987393], [0.4609248554289681, 0.2906563391437463, 0.05179250879250357, 0.19662629663478193], [0.440217849226514, 0.22891406163214745, 0.08284958307220198, 0.24801850606913659], [0.2941816150572553, 0.43194780528870386, 0.061220433764921034, 0.21265014588911976], [0.27595063699036854, 0.23193899884040634, 0.11479245888346307, 0.37731790528576226], [0.1328267603995382, 0.31742137030007894, 0.18162789300332458, 0.36812397629705845], [0.4571607099751473, 0.26340420908205375, 0.09100644556947204, 0.18842863537332696], [0.1145968066864751, 0.37734276514221815, 0.11389000506355085, 0.3941704231077559], [0.30875071852671554, 0.15845074656759028, 0.20494313979852263, 0.3278553951071716], [0.24436382203507656, 0.19471118914656493, 0.0639314671463069, 0.49699352167205163], [0.09761080019718626, 0.44224313663110537, 0.07202819296732829, 0.3881178702043802], [0.2132637302872202, 0.23399644340790288, 0.09265369796171999, 0.46008612834315693], [0.49792627148510216, 0.18660127604507126, 0.1626837121540168, 0.1527887403158098], [0.1760622947882105, 0.2900109513351923, 0.10775844503227278, 0.42616830884432455], [0.28298045552549145, 0.41517275102908985, 0.10869000233892434, 0.19315679110649447], [0.18914762817952047, 0.21007398984529735, 0.13843772468537097, 0.46234065728981144], [0.22231497499201902, 0.4485210592431454, 0.08907572111442036, 0.24008824465041542], [0.2020700981536068, 0.27070985175423684, 0.11044279726920356, 0.41677725282295286], [0.26024674114100826, 0.465612720880647, 0.06707196576523194, 0.20706857221311284], [0.13700468072328983, 0.17492478931829056, 0.5570429338268759, 0.13102759613154394], [0.21807504280520318, 0.25038662306592974, 0.2389327903903107, 0.29260554373855646], [0.2975125440091258, 0.26683805081072826, 0.2851070864994766, 0.15054231868066936], [0.18888524039869448, 0.3775927910753128, 0.17149960401757633, 0.2620223645084165], [0.14064716132690527, 0.22628183330659546, 0.4429474396592595, 0.19012356570723976], [0.4993764323583137, 0.18590729140820558, 0.15573015838419388, 0.15898611784928687], [0.1435689465816452, 0.45745314635069984, 0.13004219741684947, 0.2689357096508056], [0.348028758318523, 0.21301885637427267, 0.2045307650491925, 0.23442162025801183], [0.41053726530771184, 0.2120090847549409, 0.16541664732997174, 0.2120370026073756], [0.09562375114518099, 0.4353879682025419, 0.11649892010456007, 0.35248936054771707], [0.2484859749481986, 0.28615607871590365, 0.17248897888731674, 0.29286896744858104], [0.16064276566507332, 0.2808729983063196, 0.18040630594407386, 0.37807793008453333], [0.24137599354067724, 0.3291079293429543, 0.09020734955443026, 0.339308727561938], [0.24559622213620916, 0.2725754617340421, 0.11641468846293235, 0.3654136276668165], [0.3206635678373827, 0.2616090995543215, 0.15279998468511388, 0.26492734792318207], [0.4304473994930599, 0.18622132998770827, 0.21884238916688825, 0.16448888135234357], [0.16950019223550772, 0.5559426800510432, 0.12330713105337876, 0.15124999666007036], [0.29190186542311886, 0.3270070347555071, 0.15351749769316228, 0.2275736021282119], [0.23223615130940534, 0.1951641418075339, 0.4413068809350569, 0.1312928259480039]]}, "rewritten": {"ids": ["97105580", "97105960", "97106970", "97116410", "97116500", "98106880", "98107010", "98108410", "98109570", "98110230", "98111670", "98112170", "98113881", "98116090", "98119591", "99107630", "99108010", "99109141", "99109910", "99111620", "99117630", "99117740", "99119830", "99120010", "100107920", "100108260", "100109801", "100109980", "100111270", "100115700", "100116790", "101108121", "101108370", "101109000", "101110150", "101111140", "102112030", "102116500", "102117351", "102121700", "103109021", "103110100", "103111110", "103111170", "103111990", "103113101", "103113270", "104111620", "104111990", "104112470", "104113550", "104114320", "104117630", "104119340", "105113170", "105114220", "105115380", "105115720", "105115900", "105118740", "105120280", "105121370", "106113190", "106114150", "106114280", "106114321", "106115240", "106118520", "106120640", "107112840", "107112850", "107114110", "107114490", "107114621", "107114780", "107114950", "107115140", "107116501", "107116980", "107118820", "107120010", "108114360", "108115880", "108115970", "108118060", "108120621", "109113931", "109116040", "109117150", "109118820", "109119340", "109119591", "109120150", "109121640", "110113591", "110114610", "110114920", "110115120", "110115250", "110115580", "110115710", "110116290", "110116441", "110118181", "110118301", "110121500", "111115770", "111115780", "111115910", "111116040", "111116750", "111117000", "111117200", "111117571", "111119300", "111120320", "111120531", "112116810", "112117461", "112118421", "112118581", "112118620", "112119120", "112119500", "112119610", "112120270", "112120630", "112120990", "113117340", "113117630", "113118490", "113118690", "113119320", "113119930", "113119950", "113120591", "113120751", "113121010", "113121950", "113121980", "113122190", "113122320"], "labels": [1, 2, 2, 3, 2, 0, 3, 1, 1, 3, 1, 3, 3, 0, 1, 2, 2, 3, 2, 3, 3, 2, 1, 2, 0, 3, 0, 1, 2, 1, 2, 0, 1, 1, 1, 2, 2, 1, 1, 1, 0, 1, 3, 2, 2, 3, 2, 0, 2, 1, 1, 2, 0, 1, 0, 3, 1, 1, 3, 1, 3, 2, 0, 1, 3, 2, 1, 2, 3, 1, 1, 1, 3, 0, 2, 3, 0, 1, 3, 3, 1, 1, 3, 2, 1, 1, 1, 0, 2, 3, 3, 0, 2, 0, 0, 1, 3, 0, 1, 1, 2, 2, 3, 1, 1, 3, 3, 1, 2, 0, 3, 0, 0, 3, 1, 1, 0, 3, 0, 3, 1, 3, 1, 2, 0, 0, 3, 2, 2, 0, 1, 3, 1, 1, 0, 0, 1, 2, 3, 2, 1, 1], "predicted_labels": [1, 2, 3, 1, 0, 1, 1, 0, 3, 0, 2, 3, 1, 1, 2, 3, 1, 3, 0, 1, 0, 1, 1, 1, 0, 0, 1, 0, 1, 0, 1, 0, 0, 2, 0, 3, 1, 0, 3, 0, 1, 2, 3, 3, 3, 0, 3, 2, 0, 3, 0, 1, 0, 0, 3, 0, 2, 3, 2, 1, 1, 3, 3, 3, 1, 0, 3, 1, 3, 1, 3, 3, 3, 1, 0, 3, 3, 2, 0, 1, 3, 1, 3, 3, 3, 3, 1, 3, 1, 2, 3, 3, 3, 1, 1, 2, 3, 0, 2, 3, 3, 0, 2, 1, 1, 1, 3, 0, 0, 3, 3, 3, 1, 3, 3, 3, 3, 1, 3, 3, 3, 3, 3, 1, 3, 2, 3, 1, 1, 2, 3, 0, 0, 0, 3, 1, 2, 3, 3, 3, 0, 3], "confidence_scores": [[0.12620355125664745, 0.5362920821559335, 0.07913884392001722, 0.2583655226674018], [0.2623521676992355, 0.2066463029097987, 0.3103255580348045, 0.22067597135616138], [0.08881097681819476, 0.13079067984419088, 0.08768470678814068, 0.6927136365494736], [0.2683573317791875, 0.31723515985359224, 0.22630999559530174, 0.18809751277191863], [0.5720329097739274, 0.14865771462230135, 0.12729662960832536, 0.15201274599544584], [0.14755932813544012, 0.3755469130806435, 0.2949060299543155, 0.18198772882960118], [0.18091577164400824, 0.3803620540530255, 0.12190381638051774, 0.31681835792244856], [0.5231159022968498, 0.21395730420171066, 0.08053614759520672, 0.18239064590623288], [0.059535527885029624, 0.052245087876900714, 0.042011361883152146, 0.8462080223549177], [0.4156789192475517, 0.31188378941829015, 0.13799328638516548, 0.13444400494899253], [0.13567936112748533, 0.18961178058232644, 0.48496477296896323, 0.18974408532122505], [0.17237386562630028, 0.19578675089245715, 0.12961572706329347, 0.5022236564179492], [0.09284041376302211, 0.7072175137403568, 0.10599883045357776, 0.09394324204304352], [0.1207444756046237, 0.4244306352421068, 0.34177012884955665, 0.11305476030371286], [0.33298071116117284, 0.13417948351940354, 0.3878883496922142, 0.14495145562720954], [0.24877937495086902, 0.30253778559249506, 0.11683816054162836, 0.3318446789150076], [0.10714008154251699, 0.5302225143794184, 0.12439943265227876, 0.23823797142578595], [0.1704320377770333, 0.37744917421117624, 0.07301566325822349, 0.3791031247535671], [0.2823708722543985, 0.2428622799265186, 0.25639220501815535, 0.21837464280092755], [0.1132901627229524, 0.5435780646576491, 0.2089678565403764, 0.13416391607902212], [0.39409275732614957, 0.2853302462831099, 0.15312439673940137, 0.16745259965133907], [0.3507981653246875, 0.3650211561831433, 0.12784159709503776, 0.15633908139713149], [0.14632002338157152, 0.31748344006049445, 0.2438380135002824, 0.29235852305765164], [0.1828985003817471, 0.446851008132671, 0.2169289821525382, 0.1533215093330437], [0.34224774449952045, 0.33039064766228726, 0.06929291640112305, 0.25806869143706923], [0.40262553331391954, 0.12821408021998246, 0.17283055747828938, 0.2963298289878086], [0.12945056135858057, 0.5723552288033139, 0.10149665431788982, 0.1966975555202157], [0.3340967216433831, 0.1936435579626959, 0.1720696375866034, 0.3001900828073176], [0.2683567449372593, 0.41333790702154793, 0.2158064164309065, 0.10249893161028636], [0.4193758366255932, 0.17027815172645305, 0.1799065289693036, 0.23043948267865016], [0.13544906997961972, 0.29549287324696366, 0.2798227546637037, 0.2892353021097129], [0.3234791854226047, 0.3030548761029361, 0.1941728946878731, 0.17929304378658628], [0.6001399794635086, 0.1353042307727501, 0.10598320799385466, 0.15857258176988656], [0.2405907544381429, 0.20431953515998558, 0.33180008878024847, 0.2232896216216232], [0.4744762195184191, 0.146288664139541, 0.1699520149782913, 0.20928310136374845], [0.2629556368906129, 0.2185564230696855, 0.14807861055977706, 0.37040932947992455], [0.20376250646202607, 0.4265646304343704, 0.09281880161708927, 0.27685406148651437], [0.2940580547869302, 0.2866298453253838, 0.2706860967443266, 0.14862600314335953], [0.15088542358578, 0.3401610220479145, 0.08285652456167307, 0.42609702980463254], [0.4328152348463029, 0.28154378460395024, 0.10774058549503, 0.17790039505471683], [0.20924992225238281, 0.3924847869402765, 0.10674700930908915, 0.2915182814982516], [0.2947931880108476, 0.15478723721975124, 0.37844558485672214, 0.17197398991267912], [0.18822453164978536, 0.27851426867051277, 0.13784589311780346, 0.39541530656189855], [0.17256305986366346, 0.24832722034632518, 0.20838522340693993, 0.3707244963830715], [0.1121768229001153, 0.2766341849424038, 0.10608556102867513, 0.5051034311288058], [0.7066163536879962, 0.15408289905803527, 0.07526270820255375, 0.06403803905141471], [0.2413445619421179, 0.2574114169063245, 0.21999313631666415, 0.28125088483489347], [0.20343769065252995, 0.2876059644565857, 0.32001223731759365, 0.1889441075732908], [0.38417482755735854, 0.21107721669125654, 0.2737801100824339, 0.13096784566895117], [0.18511522328898922, 0.3040904577165734, 0.15686652697528847, 0.353927792019149], [0.3254887521069379, 0.20456007549783514, 0.17965796989607943, 0.2902932024991474], [0.12452396824597085, 0.4794855190192209, 0.06744626361061591, 0.32854424912419233], [0.33943468382708625, 0.2744147177095394, 0.19655097895967155, 0.1895996195037029], [0.3750080976635414, 0.3067181385145269, 0.055922762440151604, 0.26235100138178025], [0.3594346163548908, 0.20809367762846526, 0.05774600309414558, 0.37472570292249835], [0.6522976527655722, 0.1723258985255449, 0.06436932005820524, 0.11100712865067786], [0.18846522951351732, 0.19472771406735484, 0.44091904969956414, 0.17588800671956364], [0.16138934680201378, 0.20565691869007868, 0.15692557146682765, 0.47602816304108], [0.2140172336003207, 0.2103537809209581, 0.39840913186309923, 0.17721985361562215], [0.17664999475622387, 0.43276712110142207, 0.15918213187972613, 0.23140075226262785], [0.21492168931864417, 0.2939243383272849, 0.2616712818757777, 0.2294826904782933], [0.18274229817424395, 0.26616344193584046, 0.1938232114069913, 0.3572710484829243], [0.25200268159634037, 0.3108109844464537, 0.1064735823538395, 0.3307127516033662], [0.1448078184254604, 0.21202806587325293, 0.2523508201043905, 0.3908132955968961], [0.28340169996058784, 0.34352898306046015, 0.15226775888742353, 0.22080155809152852], [0.3246277877528705, 0.2681871712324712, 0.13496931403875104, 0.2722157269759072], [0.26811415700128527, 0.16462533875098023, 0.11537701272051207, 0.4518834915272224], [0.22045237577149826, 0.39801836916861016, 0.13042847712475145, 0.25110077793514013], [0.2061867532758058, 0.2787267954766688, 0.12154263742715338, 0.3935438138203721], [0.1840122699519074, 0.3025824576363569, 0.25420449997625194, 0.25920077243548384], [0.18079314884023628, 0.29063161413101124, 0.23711961088760813, 0.2914556261411444], [0.286337371818172, 0.12506517453856525, 0.11867960019478313, 0.4699178534484796], [0.14041279372021184, 0.15600584710255583, 0.09534770955788544, 0.6082336496193469], [0.24339287040227797, 0.4238946818000495, 0.09207843057722404, 0.2406340172204485], [0.4202210142542815, 0.1862953917782143, 0.2204684427183996, 0.17301515124910458], [0.37624710163523917, 0.15081646308032767, 0.09409721938536138, 0.37883921589907193], [0.12295318214882922, 0.06567161191326991, 0.02714312802822595, 0.7842320779096749], [0.13780159335689737, 0.17416675274950696, 0.4227431643139572, 0.2652884895796384], [0.48848532762890956, 0.23312594707172615, 0.1395599608355612, 0.13882876446380316], [0.16953094260134743, 0.3608466071708208, 0.13584990607504882, 0.33377254415278296], [0.10978314927952174, 0.26130825840644484, 0.06917594810108907, 0.5597326442129444], [0.2270301481328712, 0.3502333317760812, 0.13765772356145303, 0.2850787965295945], [0.22010096479808772, 0.2676865754220108, 0.11848608140315112, 0.3937263783767504], [0.12578064722682678, 0.21063065681136425, 0.04400208658931051, 0.6195866093724984], [0.31987328477688776, 0.22410001805389262, 0.13146683805870096, 0.32455985911051877], [0.27851464774092394, 0.2028136170471701, 0.06657476180098128, 0.4520969734109246], [0.18768145738549893, 0.43483121441310085, 0.14915166266559288, 0.22833566553580728], [0.14872901888136222, 0.21788795731426686, 0.18922286576674346, 0.44416015803762743], [0.2086874254229635, 0.34960457511384796, 0.2435389397327127, 0.19816905973047588], [0.20115202968964302, 0.20827877700080552, 0.43080359830488857, 0.1597655950046629], [0.22224158287682447, 0.2214609176368988, 0.1298379899776726, 0.42645950950860406], [0.23973885978170825, 0.18796915111652707, 0.21996374969054797, 0.3523282394112169], [0.18517307192167723, 0.21169937468494354, 0.18006009585213076, 0.42306745754124847], [0.15800959755324215, 0.48045133110517896, 0.06496858142724182, 0.29657048991433715], [0.14218853075026758, 0.5339560173301805, 0.20908286589575376, 0.11477258602379817], [0.24866290730331744, 0.19146774300870853, 0.4351924202480159, 0.12467692943995819], [0.1456293625298176, 0.31284429087336174, 0.11587512074163299, 0.4256512258551876], [0.36804191054680774, 0.24414714714488722, 0.15375394073161613, 0.234057001576689], [0.10740217682837265, 0.16031763166616048, 0.4284059715007941, 0.3038742200046728], [0.2496328478736083, 0.18777942994200905, 0.19740855656325476, 0.36517916562112795], [0.11064835469039573, 0.18786855987749085, 0.28584068791919437, 0.41564239751291904], [0.3368432173452513, 0.13958158329653325, 0.2716781368571557, 0.25189706250105987], [0.14150133166438067, 0.13999343110255733, 0.4458580116512248, 0.27264722558183735], [0.19581934440677645, 0.4821587365477602, 0.12273294511350336, 0.19928897393195985], [0.35776468629384567, 0.36611758775284986, 0.07946118262026948, 0.19665654333303498], [0.24626525893963522, 0.4796581125317544, 0.07939226444026228, 0.19468436408834822], [0.13014941391926654, 0.2766011487783683, 0.27597393025035416, 0.3172755070520112], [0.4013254986912297, 0.273206532876524, 0.11377282793127975, 0.21169514050096655], [0.39320191597033866, 0.2699236597853067, 0.13488194483372629, 0.20199247941062826], [0.20254971080919484, 0.23379997074705297, 0.1408571209268319, 0.4227931975169203], [0.2779216350810564, 0.11458346302412392, 0.12249511164718453, 0.4849997902476354], [0.24400675546895423, 0.30448748981950335, 0.1211511388581625, 0.33035461585338], [0.31356176441895367, 0.32773314869628073, 0.08931119970531141, 0.26939388717945434], [0.13350634798599692, 0.365145028501322, 0.10813572889156377, 0.39321289462111725], [0.10504866948852286, 0.16501466139646498, 0.06310778370440853, 0.6668288854106037], [0.1194042488029614, 0.32405504402619717, 0.15838931720189567, 0.39815138996894595], [0.2262661359904316, 0.2523650784203417, 0.24391098698361477, 0.2774577986056119], [0.2054170760225626, 0.3297346839441692, 0.172087794144281, 0.29276044588898736], [0.2808379141890053, 0.2750257117488692, 0.08706988870486805, 0.3570664853572575], [0.23425914139830928, 0.11954549319770874, 0.07155490595300323, 0.5746404594509787], [0.23225073358393764, 0.2125222074079682, 0.1797887494404091, 0.375438309567685], [0.22546962227249423, 0.1708936858457368, 0.08494875670043027, 0.5186879351813386], [0.1517983702144896, 0.30788999548376245, 0.16232278041650947, 0.3779888538852386], [0.16925923661434109, 0.37702305376818285, 0.2252290211461811, 0.2284886884712951], [0.08084579729924184, 0.3602410329805984, 0.17018548878772155, 0.38872768093243826], [0.19118995289609553, 0.19149905357877842, 0.4043313919275284, 0.2129796015975977], [0.2751861995333692, 0.26338345078808734, 0.14216365840004755, 0.31926669127849594], [0.2558578085123049, 0.41488668377712107, 0.08804297550667231, 0.24121253220390165], [0.1591398446125786, 0.3316061901700887, 0.2559967589193353, 0.25325720629799753], [0.13508950837272332, 0.2986866493235646, 0.3607129183464384, 0.20551092395727386], [0.08476563791610175, 0.24149515713756597, 0.06776443604680187, 0.6059747688995304], [0.3405666148907836, 0.1956543527644413, 0.2563801954644579, 0.20739883688031727], [0.44767772233008973, 0.18983715920378397, 0.051538815946517866, 0.3109463025196085], [0.42022349946239934, 0.18482096169094733, 0.07849017571885805, 0.31646536312779533], [0.15642407076188053, 0.1841858471040483, 0.12896891769328533, 0.5304211644407859], [0.2780391782751102, 0.34048247010698157, 0.08692278610519995, 0.29455556551270823], [0.1786576791390849, 0.30092191312812483, 0.3120016247628785, 0.20841878296991184], [0.23145409801979908, 0.2767705323078438, 0.13200225707743582, 0.35977311259492134], [0.22782183702086137, 0.18673629779797024, 0.12564976729642996, 0.4597920978847384], [0.13040732732297636, 0.27753029757321523, 0.1527513726033793, 0.43931100250042926], [0.34042482204163366, 0.25716581699590446, 0.12860396751172182, 0.27380539345074006], [0.2534719971127468, 0.15264843611546747, 0.1136177723291885, 0.4802617944425975]]}}