{"test": {"ids": ["101110150", "108118630", "110121450", "106113830", "98109230", "111114941", "112120990", "112118620", "105117200", "103118291", "108116481", "112119450", "113118820", "105116441", "98108520", "101113210", "108114220", "113118490", "110114950", "101108121", "97107950", "98111860", "109117600", "101111210", "109114651", "113121680", "102121700", "97107681", "105115570", "111120190", "100110260", "112118530", "111119300", "101109370", "99110730", "109114720", "102110850", "104113380", "109120540", "112120630", "111115620", "105113260", "107121540", "99109740", "104119340", "109121351", "103111830", "99109311", "111119950", "105110091", "103113610", "111114321", "108114360", "106113190", "112121410", "111120220", "113120601", "98107380", "112116900", "107114321", "104116980", "112116451", "97116790", "102107961", "103113210", "106121190", "108114270", "98108580", "111120591", "104114740", "110118810", "108120060", "104118070", "100108080", "110116501", "112118471", "111119580", "110116441", "98110810", "102108621", "104116800", "112116850", "99111000", "106116820", "102112170", "100111380", "109113591", "102113981", "97106970", "110119300", "113118111", "98110680", "113119340", "103113101", "97105580", "101108500", "98120010", "113121750", "113117401", "100107920", "107118520", "103113170", "103120730", "104116441", "109113881", "99109840", "97106770", "100113210", "112119930", "106117770", "103120531", "112120670", "98112170", "109119340", "111117480", "100113370", "109116750", "111114171", "101111140", "103120340", "107116300", "106113260", "105116860", "108121160", "100109000", "103111990", "100120780", "110115140", "113119450", "98108370", "107115250", "98116940", "112116880", "109116930", "112119580", "100108990", "104111711", "113120830", "99112641", "107114280", "111116990", "101117580"], "labels": [1, 1, 3, 1, 1, 0, 2, 3, 3, 0, 0, 3, 0, 1, 2, 3, 3, 1, 0, 0, 2, 0, 1, 2, 3, 1, 1, 3, 0, 3, 3, 1, 1, 1, 3, 0, 3, 1, 1, 3, 1, 3, 2, 3, 1, 0, 3, 1, 0, 0, 2, 1, 1, 0, 0, 3, 2, 1, 3, 0, 1, 0, 2, 3, 3, 2, 3, 0, 1, 2, 1, 1, 2, 0, 3, 1, 3, 3, 1, 3, 1, 0, 2, 1, 3, 3, 3, 1, 2, 1, 1, 2, 0, 3, 1, 3, 2, 0, 3, 0, 2, 3, 1, 1, 0, 2, 3, 0, 1, 0, 3, 2, 3, 3, 1, 3, 0, 3, 2, 1, 0, 3, 2, 2, 1, 2, 1, 0, 3, 1, 2, 2, 0, 0, 3, 2, 1, 3, 1, 3, 0, 3], "predicted_labels": [3, 3, 3, 1, 2, 3, 1, 3, 0, 1, 0, 3, 0, 1, 1, 3, 2, 0, 0, 3, 3, 1, 0, 3, 0, 1, 1, 2, 1, 3, 0, 1, 3, 2, 3, 2, 1, 0, 1, 1, 1, 3, 1, 1, 3, 3, 3, 2, 3, 1, 0, 1, 2, 0, 1, 1, 1, 2, 0, 3, 2, 0, 2, 0, 0, 2, 3, 0, 0, 1, 0, 1, 2, 1, 3, 1, 0, 2, 1, 0, 3, 3, 1, 0, 0, 0, 3, 1, 3, 0, 3, 2, 0, 1, 0, 1, 2, 1, 0, 3, 1, 1, 0, 1, 1, 2, 2, 3, 3, 1, 1, 2, 3, 1, 3, 2, 1, 3, 0, 1, 1, 0, 0, 1, 3, 1, 3, 3, 0, 2, 1, 1, 1, 2, 3, 1, 2, 0, 0, 1, 0, 3], "confidence_scores": [[0.09617774598321265, 0.4446789693494176, 0.05327105685620653, 0.40587222781116317], [0.032185962017668775, 0.1852498461272705, 0.03850606114072357, 0.7440581307143371], [0.3487819902834, 0.12114267452739963, 0.01136667001431723, 0.518708665174883], [0.22031705704712962, 0.404409976853336, 0.02254233444193199, 0.3527306316576025], [0.11580674573923258, 0.04506940362342482, 0.8050545052743597, 0.03406934536298249], [0.33922798806802407, 0.15380396948673997, 0.01230393671355514, 0.49466410573168096], [0.3008501552962063, 0.5008924187868389, 0.026428222248977028, 0.17182920366797796], [0.14303617213330136, 0.20882980922478903, 0.0039008840941073203, 0.6442331345478023], [0.4075542106159566, 0.10819818124203356, 0.19435159536039304, 0.2898960127816167], [0.20286657829208457, 0.3086460630565384, 0.35499584528576833, 0.13349151336560852], [0.8539871569851214, 0.01920958773174903, 0.004736381953389651, 0.1220668733297399], [0.18993714238646217, 0.04494770974957807, 0.004162077897989363, 0.7609530699659702], [0.6483602154809548, 0.3085242295217021, 0.02529458889518402, 0.017820966102158962], [0.1409442419838159, 0.6422731263708236, 0.18110278752903147, 0.035679844116329094], [0.2796182150581426, 0.39209198939560147, 0.17135516665511558, 0.1569346288911402], [0.3089681095204077, 0.1925602198018568, 0.08724671064904309, 0.4112249600286925], [0.09155668452898565, 0.2497150728109503, 0.6402029134355496, 0.018525329224514452], [0.8823484848775669, 0.04877540404479586, 0.025507185540500805, 0.043368925537136574], [0.9452044980863967, 0.011812932118827734, 0.007695616486919354, 0.03528695330785634], [0.041933012806016294, 0.42345160742338617, 0.06321068524047854, 0.47140469453011896], [0.07536145731547939, 0.2770692055540309, 0.10031834710287889, 0.5472509900276109], [0.039879232824049426, 0.33831782562422236, 0.5704735678618041, 0.05132937368992396], [0.607998848439218, 0.18438049336495804, 0.10534217204536228, 0.10227848615046148], [0.09703451437074882, 0.05188654957220163, 0.09464098051746081, 0.7564379555395889], [0.9319776493843055, 0.012452652345332696, 0.022081920947478382, 0.0334877773228836], [0.07328533229031232, 0.47180977908246874, 0.13231893545902437, 0.32258595316819455], [0.4577701564778365, 0.5050398227753673, 0.017575306446970106, 0.019614714299826384], [0.007816584084642841, 0.0248016722799031, 0.694184040047531, 0.2731977035879232], [0.2965773129320711, 0.35523089587137796, 0.23902861285074983, 0.10916317834580097], [0.04835436449313353, 0.3542965166355379, 0.07339836383528621, 0.5239507550360422], [0.8425354772493897, 0.049638828228774294, 0.04479899537602548, 0.06302669914581072], [0.033721049777923985, 0.7865286159723559, 0.15987497196352204, 0.019875362286198264], [0.08115335736351174, 0.09063084000110028, 0.023013652829637424, 0.8052021498057506], [0.02512514520009566, 0.24064363277163164, 0.6726515034684972, 0.06157971855977575], [0.10677373219462466, 0.20381678913236617, 0.07099320454916723, 0.6184162741238419], [0.018864519870578227, 0.05675798309722807, 0.6960255827675181, 0.22835191426467563], [0.04094845982945285, 0.4366120642885337, 0.47165696289494285, 0.05078251298707063], [0.28772292773203145, 0.21912272875034955, 0.39127335902595206, 0.10188098449166683], [0.07256624318916831, 0.6860377216811198, 0.012906296439291766, 0.2284897386904201], [0.06379255880289306, 0.66763255148108, 0.030938731425103727, 0.23763615829092305], [0.5034376047780317, 0.39809216934783265, 0.05463943595384865, 0.04383078992028731], [0.2891377400001865, 0.10637899649742687, 0.04862050596394669, 0.55586275753844], [0.08697882700615904, 0.6533492669621979, 0.0901425972098551, 0.1695293088217881], [0.04983008985789104, 0.5765355308140232, 0.318065520774991, 0.05556885855309496], [0.17569956180135463, 0.19872812426860603, 0.028732474766724785, 0.5968398391633147], [0.19939044428552583, 0.3048316279985679, 0.02017575370184421, 0.4756021740140622], [0.2200403684186695, 0.015612930864803627, 0.031229455597689894, 0.733117245118837], [0.06204856783687873, 0.1791793776413004, 0.4256337624826808, 0.3331382920391402], [0.21130258045736078, 0.10441401059880606, 0.10450747232121463, 0.5797759366226184], [0.23365017062888924, 0.5217212123348255, 0.11590654417965222, 0.128722072856633], [0.5164683490545657, 0.13961577222293536, 0.3081507378299755, 0.03576514089252293], [0.06117016062329414, 0.8195168071059659, 0.10936289663476782, 0.009950135635972012], [0.08255104727305258, 0.19069002141173136, 0.6239965880956039, 0.10276234321961185], [0.8830074310281046, 0.037849103165164565, 0.03321867843861592, 0.04592478736811505], [0.16698687056238015, 0.49275274312865847, 0.009751907977989116, 0.3305084783309723], [0.4560881722554929, 0.491382256094864, 0.009756305924610915, 0.042773265725032136], [0.07065917702988928, 0.5397546513529499, 0.23244593024413845, 0.15714024137302246], [0.029313574011290415, 0.048593639387835945, 0.5247274484320067, 0.39736533816886677], [0.5027588241535287, 0.2786593144170362, 0.009390431235722668, 0.20919143019371234], [0.06611004236600992, 0.22543214519790633, 0.09876315655644916, 0.6096946558796346], [0.0015246465298245366, 0.045767166359730084, 0.909549018078495, 0.0431591690319507], [0.8787701141040941, 0.06626818446131753, 0.005414683719491211, 0.049547017715097466], [0.06923861619149467, 0.04263593349549548, 0.7110852241124569, 0.17704022620055293], [0.49800244855101217, 0.1665330254066784, 0.2517211326775668, 0.08374339336474272], [0.5000705079969469, 0.26408148705248113, 0.14249106744669754, 0.09335693750387469], [0.07094688916732796, 0.1267067881314794, 0.7247161540600933, 0.07763016864109917], [0.09384756775321287, 0.2097583626123313, 0.027496489072103367, 0.6688975805623523], [0.44664439277144186, 0.21925906996475375, 0.21993264145575198, 0.11416389580805236], [0.5907541044524741, 0.10681614208605529, 0.022788701585046808, 0.2796410518764241], [0.03443572798250526, 0.5976793146237073, 0.08236412995944756, 0.2855208274343396], [0.4227436762769816, 0.1691909974159764, 0.21545635277165984, 0.19260897353538245], [0.4359700867373858, 0.30285386899750233, 0.24875374982238346, 0.012422294442728622], [0.019036563649289656, 0.25509481559669966, 0.6516718430009831, 0.07419677775302755], [0.06269194058223126, 0.6974524949939689, 0.04149042133244829, 0.19836514309135198], [0.25844921736102594, 0.12100250147285367, 0.00836038051244918, 0.612187900653671], [0.21404032625193978, 0.46204835976841235, 0.15080322885349656, 0.17310808512615103], [0.8905613256185392, 0.04971357852785057, 0.042188120754002946, 0.017536975099607208], [0.27370976001979, 0.17031351037423662, 0.4895943160000817, 0.06638241360589196], [0.08161512900253139, 0.8565361031439828, 0.04944188656302138, 0.012406881290464432], [0.5909200858535766, 0.031904482946594835, 0.01713881874348558, 0.36003661245634305], [0.12390263797029315, 0.16344093512852992, 0.027004432684467162, 0.6856519942167099], [0.1213293460380271, 0.231152568280328, 0.05948355990900236, 0.5880345257726425], [0.005763739505305318, 0.34966963806293144, 0.6257038086888019, 0.018862813742961355], [0.7306013742807378, 0.14048206801240093, 0.0346436686392989, 0.09427288906756243], [0.6895874552573289, 0.0182364597254963, 0.24792550533626506, 0.0442505796809096], [0.7482896377701593, 0.1580275154242535, 0.00819660809410909, 0.08548623871147813], [0.10369914150544615, 0.39805419660012953, 0.0335761867200904, 0.46467047517433385], [0.13300271001129252, 0.8241927096726811, 0.025189134278822783, 0.017615446037203525], [0.1356485110318136, 0.13438930734581528, 0.23924511303499138, 0.4907170685873798], [0.5251706692126715, 0.15363568084922252, 0.1523998797775453, 0.16879377016056], [0.12865743241236874, 0.09658221293270432, 0.01750802292438329, 0.7572523317305437], [0.030882905282217564, 0.11427661516936874, 0.8467356381123367, 0.008104841436076853], [0.8632491381994912, 0.11175579441850093, 0.000983928916282856, 0.0240111384657252], [0.21029294245023725, 0.4125891648150426, 0.18060895256672563, 0.1965089401679949], [0.7688108982467448, 0.07361010939269019, 0.12760498153807043, 0.02997401082249468], [0.25932300252649526, 0.362843390483666, 0.24239044178715521, 0.13544316520268324], [0.239773847092744, 0.10036684156415013, 0.616344635862652, 0.043514675480453895], [0.4966771715313326, 0.40134180671257924, 0.010169211340999143, 0.091811810415089], [0.43329907852704935, 0.10218541872938156, 0.13921083956772898, 0.3253046631758402], [0.14489483491728347, 0.05082003177675431, 0.018211925794613983, 0.7860732075113482], [0.017790769999045702, 0.9064247715695438, 0.04389033363936554, 0.0318941247920446], [0.029384940308952508, 0.41468355784445465, 0.43978959187171435, 0.11614190997487824], [0.7448268949648629, 0.15624641202180936, 0.01649708273916931, 0.08242961027415859], [0.30115474187069563, 0.3830643799491665, 0.0033231646282728504, 0.31245771355186513], [0.2575047707523769, 0.40038086590550764, 0.04063538089445335, 0.30147898244766214], [0.013240512191993497, 0.05806324633817314, 0.8736701671192139, 0.05502607435061955], [0.2269569731570704, 0.02641573415713493, 0.7109611645147758, 0.035666128171018885], [0.3618409108579099, 0.10306037244773981, 0.010777229015513609, 0.5243214876788368], [0.10755478743823688, 0.21942633343079193, 0.2736587484778586, 0.3993601306531128], [0.27027236007299815, 0.3230570469707147, 0.05223552554959283, 0.3544350674066944], [0.30556758470170514, 0.33882234052254195, 0.0962633693999651, 0.2593467053757877], [0.038241999440742275, 0.07318718155308919, 0.7433933461000415, 0.14517747290612698], [0.2819155063335198, 0.09230140047949924, 0.21614278702496173, 0.4096403061620194], [0.2779551438511781, 0.4830145555972406, 0.13796285044291098, 0.10106745010867038], [0.24552885019427914, 0.12604057282157574, 0.02161527488994697, 0.6068153020941981], [0.04496914505397677, 0.12014543748176784, 0.5618781240659249, 0.27300729339833063], [0.28234670183630933, 0.6367458753094853, 0.04413449169607186, 0.03677293115813348], [0.21304457104381508, 0.10467200807405969, 0.0011492227905212445, 0.681134198091604], [0.44551879726472543, 0.07494334974635779, 0.25569997825697066, 0.223837874731946], [0.26170416078269554, 0.3353272878724015, 0.2800969304227235, 0.12287162092217956], [0.10124077602599638, 0.6208586336254518, 0.05798406978407242, 0.21991652056447955], [0.5350171165690549, 0.3469092006014245, 0.09378347638302796, 0.024290206446492758], [0.6031107546271869, 0.21217488990232303, 0.055310411327675495, 0.12940394414281456], [0.19125042382854401, 0.69147903840569, 0.016310792359295723, 0.10095974540647028], [0.28188362127627337, 0.25000212857127746, 0.1535421884903093, 0.3145720616621402], [0.45308087347362175, 0.44721201958187073, 0.06200447763371449, 0.037702629310793066], [0.17915845862346616, 0.04860431176557055, 0.13519487296703384, 0.6370423566439297], [0.32414689287862425, 0.10396170833640342, 0.07869885044776619, 0.49319254833720616], [0.8767267103008487, 0.05572811038725983, 0.011717286163951022, 0.055827893147940545], [0.005397871211995801, 0.049780289913650876, 0.8123712511822652, 0.13245058769208834], [0.06570576676249466, 0.32518784120390964, 0.37314363032283027, 0.23596276171076516], [0.2428734017672368, 0.6644209122386988, 0.06977024320414318, 0.022935442789921198], [0.44477472865714324, 0.43230927539521846, 0.036984047464058985, 0.08593194848357924], [0.15512025213760341, 0.06873673208388395, 0.6736355543404868, 0.10250746143802579], [0.0779231779965901, 0.1358792497181763, 0.09267732302667965, 0.6935202492585543], [0.055015326906642126, 0.5847028783768374, 0.22372638555817292, 0.13655540915834763], [0.0549058585647186, 0.06332237056482189, 0.8064574543858953, 0.0753143164845643], [0.4205627274928417, 0.16345185181409136, 0.14961461821172495, 0.2663708024813421], [0.5776115356886855, 0.13608747797167098, 0.16718871002643182, 0.11911227631321158], [0.43924290870236754, 0.3724495546067886, 0.10154102662683855, 0.08676651006400542], [0.8767954674074302, 0.058814305791726786, 0.008396123918842492, 0.05599410288200064], [0.18905470120701762, 0.27856147911330137, 0.007219432005294873, 0.5251643876743863]]}, "rewritten": {"ids": ["97105580", "97106770", "97106970", "97107681", "97107950", "97116790", "98107380", "98108370", "98108520", "98108580", "98109230", "98110680", "98110810", "98111860", "98112170", "98116940", "98120010", "99109311", "99109740", "99109840", "99110730", "99111000", "99112641", "100107920", "100108080", "100108990", "100109000", "100110260", "100111380", "100113210", "100113370", "100120780", "101108121", "101108500", "101109370", "101110150", "101111140", "101111210", "101113210", "101117580", "102107961", "102108621", "102110850", "102112170", "102113981", "102121700", "103111830", "103111990", "103113101", "103113170", "103113210", "103113610", "103118291", "103120340", "103120531", "103120730", "104111711", "104113380", "104114740", "104116441", "104116800", "104116980", "104118070", "104119340", "105110091", "105113260", "105115570", "105116441", "105116860", "105117200", "106113190", "106113260", "106113830", "106116820", "106117770", "106121190", "107114280", "107114321", "107115250", "107116300", "107118520", "107121540", "108114220", "108114270", "108114360", "108116481", "108118630", "108120060", "108121160", "109113591", "109113881", "109114651", "109114720", "109116750", "109116930", "109117600", "109119340", "109120540", "109121351", "110114950", "110115140", "110116441", "110116501", "110118810", "110119300", "110121450", "111114171", "111114321", "111114941", "111115620", "111116990", "111117480", "111119300", "111119580", "111119950", "111120190", "111120220", "111120591", "112116451", "112116850", "112116880", "112116900", "112118471", "112118530", "112118620", "112119450", "112119580", "112119930", "112120630", "112120670", "112120990", "112121410", "113117401", "113118111", "113118490", "113118820", "113119340", "113119450", "113120601", "113120830", "113121680", "113121750"], "labels": [1, 3, 2, 3, 2, 2, 1, 1, 2, 0, 1, 2, 1, 0, 3, 2, 2, 1, 3, 2, 3, 2, 1, 0, 0, 2, 1, 3, 3, 0, 3, 1, 0, 3, 1, 1, 2, 2, 3, 3, 3, 3, 3, 3, 1, 1, 3, 2, 3, 3, 3, 2, 0, 1, 3, 1, 1, 1, 2, 1, 1, 1, 2, 1, 0, 3, 0, 1, 2, 3, 0, 3, 1, 1, 0, 2, 3, 0, 2, 0, 2, 2, 3, 3, 1, 0, 1, 1, 2, 3, 0, 3, 0, 0, 0, 1, 3, 1, 0, 0, 0, 3, 3, 1, 1, 3, 3, 1, 0, 1, 0, 1, 1, 3, 0, 3, 3, 1, 0, 0, 0, 3, 1, 1, 3, 3, 3, 1, 3, 2, 2, 0, 3, 1, 1, 0, 0, 3, 2, 3, 1, 0], "predicted_labels": [0, 2, 3, 3, 1, 3, 3, 2, 1, 0, 2, 2, 1, 1, 3, 1, 1, 1, 1, 2, 1, 2, 0, 3, 1, 3, 0, 0, 0, 0, 1, 3, 1, 0, 1, 3, 0, 3, 0, 1, 1, 3, 1, 0, 1, 1, 0, 1, 1, 1, 3, 0, 1, 1, 3, 0, 3, 2, 3, 0, 0, 2, 1, 3, 1, 3, 1, 0, 0, 0, 0, 1, 3, 0, 1, 2, 1, 3, 1, 1, 1, 1, 0, 3, 2, 3, 3, 0, 1, 1, 3, 0, 2, 0, 2, 0, 1, 3, 3, 0, 3, 2, 3, 0, 0, 3, 3, 1, 3, 0, 0, 3, 3, 0, 3, 3, 0, 0, 0, 0, 0, 1, 1, 1, 3, 3, 3, 3, 1, 2, 1, 3, 0, 3, 0, 0, 0, 0, 1, 0, 1, 1], "confidence_scores": [[0.7008040209930205, 0.14832885198672793, 0.11389995505748153, 0.036967171962769926], [0.33508155577086113, 0.06222168971647528, 0.5270735107756855, 0.0756232437369783], [0.060596355030561926, 0.27252546313740766, 0.03301657372327761, 0.6338616081087526], [0.010376560555338131, 0.062307525931626605, 0.45529088898524245, 0.47202502452779255], [0.04214461959173444, 0.32708617575174553, 0.4365180314415548, 0.19425117321496507], [0.04333877558587894, 0.1726038643756897, 0.3596086257313805, 0.4244487343070508], [0.024375996567104655, 0.08242375508303312, 0.24889549180894577, 0.6443047565409162], [0.007984121663901889, 0.09394208741167755, 0.8594525852303417, 0.03862120569407908], [0.1171296279913537, 0.5198064039337977, 0.23845922591071203, 0.12460474216413653], [0.44938390086636726, 0.2098854323102261, 0.2790218566999668, 0.06170881012343947], [0.08683730915744645, 0.059274827469610374, 0.831632558215544, 0.02225530515739937], [0.01795154506301759, 0.09516889088522634, 0.8736859480600586, 0.0131936159916973], [0.06336687106418526, 0.917532966588459, 0.011304055379364854, 0.007796106967990929], [0.06342339791892881, 0.7654448678601478, 0.15729728554772404, 0.013834448673199395], [0.37041966540752785, 0.0266142548761378, 0.06394638061992648, 0.5390196990964078], [0.36868401761049996, 0.49785395284865525, 0.029102683375781563, 0.10435934616506365], [0.31151565785884905, 0.3630205537071889, 0.2547308837356755, 0.0707329046982865], [0.09866301165755947, 0.46678986145874296, 0.1300215950611679, 0.30452553182252984], [0.046194443735465655, 0.716436078860561, 0.1642801223779229, 0.07308935502605045], [0.004575545200485051, 0.032928446479865786, 0.942069556520417, 0.02042645179923219], [0.05320363229827164, 0.4071850899508728, 0.14518623584095997, 0.39442504190989586], [0.01676289518501505, 0.18184732631394382, 0.6967776395286748, 0.1046121389723665], [0.7124389936017446, 0.0854822556725416, 0.0811057450131251, 0.12097300571258889], [0.3305331917841274, 0.12963817564346236, 0.017990802416431084, 0.5218378301559788], [0.07704200031734826, 0.7397933583254163, 0.0326292469299539, 0.15053539442728173], [0.05026519249044184, 0.23636934775289997, 0.14449700208147967, 0.5688684576751785], [0.2319628114076212, 0.3169754712597517, 0.17763958754110715, 0.2734221297915201], [0.7667689505541397, 0.07468707461387605, 0.027502512036429873, 0.13104146279555437], [0.7232755388304866, 0.23894576902271256, 0.006886533253697763, 0.030892158893103594], [0.5524897104257529, 0.1827477104646363, 0.01207869366192282, 0.25268388544768816], [0.026796523938348124, 0.3039274265175135, 0.5332491498523669, 0.13602689969177123], [0.06823779128611704, 0.06619015178395643, 0.37809424287231325, 0.48747781405761337], [0.0650545930992558, 0.5382579954382184, 0.04965906904902552, 0.34702834241350045], [0.4922843412134293, 0.3360855978994698, 0.11371112557152176, 0.05791893531557922], [0.13691505128382844, 0.41992637968474233, 0.35234884583464354, 0.09080972319678589], [0.17315205554469046, 0.22279945983155985, 0.212467461492956, 0.3915810231307935], [0.5699705449847076, 0.0729452909004505, 0.16128113624158968, 0.19580302787325227], [0.3820002236501526, 0.13561919705722433, 0.029519951966433616, 0.45286062732618976], [0.43476646493902293, 0.19228904457100668, 0.11341825195684799, 0.2595262385331224], [0.19647391861376112, 0.5225775356747017, 0.029980869502867578, 0.25096767620866933], [0.35487323953870115, 0.3896990489939807, 0.11153460509584207, 0.14389310637147618], [0.4761643800693456, 0.032319973885922615, 0.040019660434248365, 0.45149598561048354], [0.31216373241233136, 0.3350747170021606, 0.2340256271032857, 0.11873592348222224], [0.6974849526651691, 0.02107518380464815, 0.24426456646360753, 0.03717529706657529], [0.12983864864582823, 0.791100984881702, 0.028405352331551788, 0.05065501414091821], [0.38739253816272173, 0.5517029584761881, 0.028463640331857804, 0.032440863029232395], [0.6491126078301269, 0.05008465124785749, 0.03789186658963353, 0.26291087433238186], [0.27684597547087303, 0.48504091970080854, 0.06346463292658973, 0.17464847190172894], [0.2465258434502834, 0.5401497857284365, 0.10988957784475219, 0.10343479297652775], [0.014477030642715017, 0.5303741357061384, 0.1700036041810168, 0.2851452294701297], [0.26471781637341923, 0.20564563188035914, 0.15902665337370558, 0.3706098983725159], [0.4206462379711908, 0.15163372433869962, 0.3886730174114687, 0.039047020278640536], [0.23578927443701228, 0.2794336486955439, 0.41059114052036955, 0.0741859363470743], [0.35286482804964664, 0.4781317788158034, 0.10321658583886224, 0.06578680729568778], [0.37301130958479656, 0.1198644922791106, 0.07061891079915485, 0.43650528733693805], [0.7151258626247957, 0.1715324964856265, 0.015507013379874039, 0.09783462750970379], [0.13573632593067206, 0.21869115545990878, 0.2799652823610842, 0.3656072362483352], [0.1501015659753781, 0.13603688826985966, 0.48110830423987455, 0.23275324151488758], [0.05753663162712697, 0.332482204141243, 0.06890500797129834, 0.5410761562603317], [0.3938744134791735, 0.3043118909143316, 0.007212672076485661, 0.29460102353000905], [0.300614812917329, 0.14214975578691838, 0.29736225738286637, 0.25987317391288656], [0.004231637505283357, 0.05207736070065477, 0.8185326460050456, 0.12515835578901624], [0.020423957451898303, 0.4147123575110329, 0.2740388320085329, 0.29082485302853606], [0.35586633522540345, 0.22212018678374823, 0.006336737071137363, 0.41567674091971113], [0.2838164404227203, 0.33859359561533015, 0.060785911671766175, 0.31680405229018316], [0.15324712398214083, 0.07163771271896416, 0.030424579325073593, 0.7446905839738214], [0.20940140974397461, 0.19606684468321978, 0.3447577961915242, 0.24977394938128145], [0.6462565275271814, 0.2726233873169178, 0.04766236378047563, 0.033457721375425235], [0.6845986103773755, 0.1875082288434372, 0.028145739261657622, 0.09974742151752969], [0.48486692030333867, 0.07060697339398245, 0.12382478905179001, 0.3207013172508889], [0.4661998475453226, 0.13669635472921032, 0.12663785360520735, 0.27046594412025987], [0.5125337140396768, 0.4684722560466163, 0.004671838396957969, 0.014322191516749093], [0.08188086884382863, 0.38928890374304503, 0.043014594802483805, 0.4858156326106422], [0.6992083493604268, 0.08234913339173781, 0.03949029432686071, 0.17895222292097462], [0.11762923944789525, 0.29723769538412986, 0.3336148313503691, 0.2515182338176059], [0.021786446154048254, 0.1377119052735664, 0.47849805666168077, 0.36200359191070447], [0.44070269122953026, 0.3461517943345374, 0.1743650375681222, 0.038780476867810186], [0.1566952335346418, 0.2308979986371674, 0.17907687953246237, 0.43332988829572866], [0.18716378093999528, 0.40118593964213917, 0.08450013509581365, 0.3271501443220523], [0.12890398280202622, 0.42050645530669206, 0.12626541386576923, 0.32432414802551224], [0.013609009167585433, 0.9219663842806839, 0.036527535227590245, 0.02789707132414041], [0.29832272081934647, 0.3056936661648418, 0.09863892582904074, 0.2973446871867713], [0.6742493531526359, 0.1612462619948089, 0.14231359599799676, 0.02219078885455846], [0.2878088228437249, 0.301755481865894, 0.02673665905968872, 0.3836990362306927], [0.10009705333239047, 0.1629442500379204, 0.6141588525849488, 0.12279984404474033], [0.33356806609978074, 0.11991118233567229, 0.025554262314979655, 0.5209664892495673], [0.1319649925644584, 0.3620004307938336, 0.026841628698452396, 0.47919294794325556], [0.4586987385936765, 0.26227343106943335, 0.19632927101928924, 0.082698559317601], [0.08498724256509246, 0.8340151918472365, 0.010503869395827349, 0.07049369619184419], [0.10538700040619978, 0.6714658693560026, 0.01352288697672781, 0.20962424326106968], [0.27525704558413105, 0.203727238744256, 0.029289041041522763, 0.4917266746300904], [0.6767142483818225, 0.13535425736277806, 0.055418549741388566, 0.13251294451401105], [0.014356393315275408, 0.050986458080245475, 0.6867828232067417, 0.2478743253977376], [0.6519853119241489, 0.2749736341655046, 0.05296942907014896, 0.020071624840197675], [0.09799307980869282, 0.24867407723125373, 0.49117654440092473, 0.16215629855912894], [0.7083654100152608, 0.13836683588923365, 0.06950380626025479, 0.08376394783525085], [0.21492211357241228, 0.5560325890408027, 0.02909141597779535, 0.19995388140898984], [0.2656511990431142, 0.28410225422748053, 0.013931196892610999, 0.43631534983679426], [0.13603744881485802, 0.3151715477660505, 0.017929955280447545, 0.5308610481386439], [0.8561050674754345, 0.045619286332691904, 0.0690420744423207, 0.029233571749553017], [0.2867183292675068, 0.07805052149207768, 0.0674483466460852, 0.5677828025943302], [0.037486366933482784, 0.17342436729982139, 0.6282271935680843, 0.16086207219861165], [0.3387809445223523, 0.21309297374734185, 0.01704295871381849, 0.4310831230164875], [0.44343237765171467, 0.0931575374915267, 0.3181499374638493, 0.14526014739290927], [0.38630927775834484, 0.19383469722515242, 0.22473853239691874, 0.19511749261958394], [0.012698896295157424, 0.03229831806936008, 0.032310032249675914, 0.9226927533858067], [0.25659152420859427, 0.23620450296315845, 0.004541712965856503, 0.5026622598623908], [0.11158001335140923, 0.6318506539359705, 0.22659801426908288, 0.02997131844353706], [0.30639341345334764, 0.2491513518154758, 0.04462213683208209, 0.39983309789909466], [0.46222817393143906, 0.2787628773201077, 0.050916422112258566, 0.20809252663619476], [0.9438549224225347, 0.0199882887655662, 0.0023248840209333403, 0.03383190479096591], [0.2831859558214515, 0.14857261941281358, 0.06138665747676564, 0.5068547672889694], [0.11942328049993417, 0.06827897808901907, 0.025065801491742562, 0.7872319399193043], [0.9103056270849456, 0.05806371451762132, 0.021380673786934735, 0.010249984610498515], [0.37409643530591485, 0.13609636044656995, 0.09654498871807432, 0.3932622155294408], [0.2511710445605895, 0.2224865245521361, 0.01782300800313109, 0.5085194228841433], [0.5654379736431079, 0.3670155521789086, 0.007816836673757172, 0.05972963750422636], [0.5908319768456041, 0.11233502143862377, 0.024583189472680927, 0.27224981224309147], [0.8184738567667179, 0.05730367735661678, 0.008882668823991448, 0.11533979705267394], [0.4359734553477867, 0.224534520365541, 0.2716385615925076, 0.06785346269416452], [0.5816457502058034, 0.2707140373541854, 0.02585889727555544, 0.12178131516445567], [0.38859590957025186, 0.4993972490841778, 0.00561885357128608, 0.10638798777428411], [0.10487572497396762, 0.8048740580123905, 0.019638933007089646, 0.07061128400655248], [0.03327096147199322, 0.8927955216536221, 0.045297345335350604, 0.028636171539034274], [0.13997632393149576, 0.26019692895160335, 0.006335571524527827, 0.5934911755923729], [0.26420498118319236, 0.2018264625001688, 0.022060340874881467, 0.5119082154417574], [0.1083446655921623, 0.12975614963414794, 0.13457636716239488, 0.6273228176112948], [0.08033914464461112, 0.21541666028053652, 0.34013065987314445, 0.3641135352017077], [0.2658951761240534, 0.4340940608849465, 0.06736171104172925, 0.23264905194927107], [0.05625086915082019, 0.146859681590058, 0.5704202057684048, 0.2264692434907172], [0.3229151742950997, 0.5516376307883145, 0.025237002460223916, 0.10021019245636181], [0.22095074772471018, 0.2754471453453427, 0.036292576139087, 0.46730953079086024], [0.4499322591271809, 0.08838650444566319, 0.1725685741363306, 0.2891126622908254], [0.25772774717948915, 0.25309743837138626, 0.02840771867960412, 0.4607670957695206], [0.6306213874415076, 0.1612136281480267, 0.06810769377380664, 0.14005729063665903], [0.6123952913462027, 0.3136447668901724, 0.04764103650701063, 0.02631890525661386], [0.798250656060095, 0.10411429066261907, 0.00528161359204313, 0.09235343968524305], [0.7307529594637524, 0.14504904928086265, 0.040859262660985336, 0.08333872859439935], [0.20399339547290407, 0.3793934023533436, 0.13606603114963844, 0.2805471710241141], [0.6413145819736747, 0.17777915471112785, 0.07537604885346737, 0.10553021446172997], [0.09431434442219587, 0.4583041843296277, 0.2735111342594575, 0.1738703369887189], [0.3490965706739839, 0.5543676434288098, 0.006962865850644766, 0.08957292004656153]]}}