{"test": {"ids": ["100120010", "108115500", "111116010", "109119591", "110114720", "105119550", "104114410", "97108520", "103110100", "100111390", "102116500", "107113840", "105113620", "107115140", "103117461", "113119360", "109116810", "97116500", "104111531", "100111270", "111116411", "112119980", "99108310", "97112170", "106121190", "99116500", "113121680", "98106680", "111116290", "108119510", "102112170", "99107640", "111120591", "99121440", "99109840", "99120010", "112118701", "106117650", "112116501", "104119340", "105112130", "104113550", "110116300", "105113440", "98110230", "112121010", "97106770", "104114230", "105110251", "101109370", "107121540", "98107340", "112119930", "104113210", "103117200", "97107040", "109121410", "112121030", "109116040", "109121640", "103112641", "113121010", "111119930", "111114121", "112116990", "98108150", "101112540", "107118520", "110114561", "98107410", "104114240", "113120601", "108121160", "113120640", "111114941", "106118161", "110115120", "111116110", "113118690", "112118581", "111121930", "101113210", "100120780", "110118450", "102113210", "109114720", "111121351", "109117730", "107113550", "100110260", "104113380", "100107920", "111119290", "104118340", "110113591", "104113240", "108116501", "102110500", "107116300", "104118070", "113118421", "104119290", "107119950", "106117790", "110121140", "113118810", "98120010", "103110050", "100109000", "111114171", "110115580", "112119580", "103110760", "110118630", "97105760", "98106880", "110114950", "112120290", "112121430", "98108970", "97116401", "98110710", "99109910", "113120591", "113119300", "113120830", "103118110", "103111990", "101112201", "111117571", "113119450", "111119300", "108117451", "110117500", "111115910", "99110050", "101112160", "110114321", "107114110", "112120270", "109114220", "106116850"], "labels": [0, 3, 1, 0, 3, 1, 1, 2, 1, 2, 1, 3, 0, 0, 0, 0, 3, 2, 0, 2, 0, 0, 2, 0, 2, 2, 1, 1, 2, 1, 3, 1, 1, 2, 2, 2, 0, 1, 3, 1, 1, 1, 3, 0, 3, 2, 3, 2, 0, 1, 2, 0, 1, 3, 0, 2, 0, 0, 0, 0, 3, 2, 1, 0, 0, 0, 2, 2, 0, 3, 0, 2, 2, 0, 0, 3, 0, 3, 3, 1, 1, 3, 1, 0, 3, 0, 0, 3, 0, 3, 1, 0, 3, 2, 0, 2, 0, 3, 0, 2, 3, 1, 3, 1, 3, 3, 2, 3, 1, 3, 1, 3, 1, 1, 0, 0, 0, 1, 2, 3, 3, 2, 2, 0, 1, 3, 2, 2, 0, 3, 3, 1, 2, 1, 2, 3, 3, 1, 1, 0, 3, 3], "predicted_labels": [2, 1, 1, 0, 2, 1, 3, 1, 0, 1, 2, 1, 1, 3, 3, 3, 0, 2, 2, 1, 3, 3, 3, 0, 1, 1, 2, 1, 0, 2, 0, 3, 1, 1, 3, 2, 3, 1, 1, 0, 1, 0, 3, 1, 1, 0, 0, 2, 1, 1, 3, 2, 2, 1, 3, 3, 3, 0, 2, 0, 3, 1, 3, 1, 0, 1, 1, 1, 1, 0, 2, 1, 0, 1, 3, 2, 2, 3, 1, 2, 0, 1, 3, 1, 3, 3, 1, 0, 0, 0, 1, 3, 3, 1, 1, 1, 0, 3, 3, 0, 0, 1, 1, 2, 0, 3, 2, 1, 0, 3, 3, 2, 3, 3, 3, 0, 0, 2, 1, 1, 0, 1, 2, 3, 3, 3, 1, 1, 1, 3, 0, 3, 0, 1, 1, 1, 2, 0, 3, 2, 2, 0], "confidence_scores": [[0.0004783559503151849, 0.24992579050237287, 0.7085128909586983, 0.04108296258861374], [0.10429337390985076, 0.854646014369168, 0.04094502832107458, 0.0001155833999068147], [8.456119358431567e-05, 0.9893555630515047, 0.010424150086782834, 0.00013572566812790172], [0.5715124816786615, 0.09189450079208367, 0.18756427323289152, 0.14902874429636323], [0.029831541534588252, 0.0001837635197315712, 0.9345669375599097, 0.035417757385770465], [0.001142771978563984, 0.9126842138523422, 2.0607331530406465e-06, 0.08617095343594093], [0.3821888807245336, 0.0020845728008735817, 4.3624749222030066e-05, 0.6156829217253708], [0.00030981728780712654, 0.753496195859091, 0.05495273909562895, 0.19124124775747298], [0.8952801740685576, 0.00013380321791044367, 0.10195870685678568, 0.0026273158567463287], [0.00021794189867249645, 0.9996990379368342, 1.9472552893337866e-05, 6.354761160011278e-05], [0.0018549241496096623, 3.235334622895001e-06, 0.998038821932174, 0.00010301858359339774], [8.899029090261302e-05, 0.7258503880590121, 4.521095596910423e-05, 0.2740154106941161], [1.4508887744227746e-06, 0.9999983634690349, 1.0580390329265224e-07, 7.983828749809165e-08], [0.11380872509190502, 2.074331689871808e-05, 0.015086726630239085, 0.871083804960957], [5.837844158585596e-05, 0.49167013184528513, 0.0011220442221283617, 0.5071494454910006], [0.06403016663102869, 0.29206820052441174, 0.0007926601957051468, 0.6431089726488545], [0.9701416883809806, 0.005930258196036818, 0.00018147972001144626, 0.02374657370297108], [0.013680250869340755, 0.0013877502538538905, 0.9821705075983264, 0.0027614912784788602], [0.013874899228572298, 0.014095486486522224, 0.7136593843127437, 0.25837022997216175], [2.8163711686680204e-05, 0.9962866682087013, 0.0032787659686604534, 0.00040640211095174615], [0.023664836990408767, 5.3441715627369353e-08, 1.0115440580086068e-09, 0.9763351085563317], [3.367290977304307e-05, 1.1324248222367394e-05, 7.240681258121832e-06, 0.9999477621607464], [0.14785925960798968, 2.4834053403329912e-06, 0.045042549271615454, 0.8070957077150546], [0.9997420789254846, 1.0887641689227559e-06, 6.16321969568025e-06, 0.0002506690906506694], [8.233404635149654e-06, 0.7451826847575289, 0.2545895776978023, 0.00021950414003371146], [3.7125977023271815e-09, 0.879226123601323, 0.018721020635116548, 0.10205285205096291], [4.332311084342049e-06, 0.1333060105739088, 0.634276077823826, 0.23241357929118078], [4.613529128133227e-08, 0.9995012334183193, 0.00048816787353584155, 1.0552572853511416e-05], [0.8510528258830917, 0.009386924726199213, 0.10281918755289786, 0.03674106183781115], [0.036004617865062497, 1.3849084182823223e-06, 0.9564090209356825, 0.0075849762908367585], [0.5275223612795045, 0.003534389221407871, 0.2628024433620997, 0.20614080613698785], [1.5862117138408998e-06, 1.0267526457221715e-06, 0.0829241238928745, 0.917073263142766], [0.21181415598933914, 0.4460093450101318, 0.0015923656792180426, 0.34058413332131104], [2.050362902086521e-09, 0.9999814495731223, 1.836634618443163e-05, 1.8203033047642192e-07], [2.9115974873478745e-05, 0.008996580488584158, 0.012325989893457217, 0.978648313643085], [0.00044719800977654307, 8.187966417104449e-05, 0.9984090580571564, 0.0010618642688960058], [5.336908226797903e-05, 0.22365255556257385, 4.6405407466158015e-06, 0.7762894348144116], [0.004397351774003903, 0.9255884399990261, 0.01473291632360688, 0.055281291903363214], [0.027913528266088446, 0.5237780097398289, 0.36195554790131773, 0.08635291409276477], [0.8034960540943472, 0.00014072532917199613, 0.015056908167901641, 0.1813063124085792], [2.8627553013998875e-06, 0.8991491554719556, 3.0532033544490573e-07, 0.10084767645240751], [0.9995905105122826, 1.1857981453791755e-08, 0.0003663885450206731, 4.308908471512378e-05], [0.000184590109160633, 0.0034200567808973675, 0.06337499748113341, 0.9330203556288087], [0.20172231861941192, 0.4121843909400512, 0.0011670493679637312, 0.3849262410725731], [0.000993745736862396, 0.5972600519727974, 0.035514967676754654, 0.3662312346135855], [0.9748210185710626, 0.024139695549582854, 0.00040049154145632894, 0.0006387943378981106], [0.9971197429925812, 1.3617225039900752e-06, 0.0028674914662361168, 1.1403818678495883e-05], [3.031285097498979e-07, 6.10682641262732e-05, 0.99913091190031, 0.0008077167070538811], [5.110719433896708e-05, 0.8703342797108128, 5.610107385103161e-05, 0.12955851202099716], [2.4743221859393465e-06, 0.9321535783209486, 0.006154436498404762, 0.06168951085846071], [0.08370513373502168, 0.07771295642843495, 0.001740834465427581, 0.8368410753711157], [0.0012598412503778598, 9.84638213117255e-06, 0.696152654808578, 0.3025776575589129], [3.539643764926139e-08, 0.001360041117758811, 0.997206779714878, 0.0014331437709254756], [0.0748756943033377, 0.9082719772333445, 0.015101835674684176, 0.0017504927886333745], [0.08802608687914074, 0.000194506316871102, 1.366017706634122e-07, 0.9117792702022175], [7.402114697601181e-09, 5.062158886817642e-05, 0.0028660094519514638, 0.9970833615570657], [0.05071352151337918, 0.0003684818137398953, 0.00614451750673518, 0.9427734791661457], [0.9930409714032034, 2.0577303709759032e-07, 7.253952737218427e-07, 0.006958097428485707], [0.013331673329806157, 0.005167150571700766, 0.6938857295922153, 0.2876154465062778], [0.9982131026807097, 0.00012073465154840476, 6.82840077074468e-05, 0.0015978786600344141], [0.00026547563276453103, 0.10172165977006449, 0.07574736120624241, 0.8222655033909286], [0.006053912593486156, 0.6842968140753145, 0.07293579321551885, 0.2367134801156805], [0.006301680359861568, 0.07329253282784666, 3.290616560892977e-05, 0.9203728806466829], [4.185310264640487e-10, 0.9999999908775582, 5.019607713094706e-13, 8.703408832255711e-09], [0.9746718955512317, 0.007076704229954056, 0.00017130286142852586, 0.018080097357385663], [0.146870442618202, 0.8317235062529491, 0.007050160672683879, 0.014355890456165012], [5.6449371979495435e-06, 0.9976578336094474, 0.0023101084748706857, 2.6412978483820648e-05], [2.6362378784290644e-06, 0.9989624070032951, 0.0009801558916451409, 5.480086718133098e-05], [0.022989129960594594, 0.9760634584479077, 0.0009153449787714767, 3.206661272635204e-05], [0.9297142814191115, 6.413672677849859e-05, 0.00047922811723267447, 0.06974235373687745], [0.030961275082605724, 0.006030857940869796, 0.8764002413561842, 0.08660762562034025], [1.840365261996868e-05, 0.9842469084143755, 0.015642861432044606, 9.182650095990434e-05], [0.9835714492434795, 0.014620184095251811, 8.354794074549752e-06, 0.001800011867193953], [2.1060431365093746e-05, 0.9940876859231023, 0.005719249863890068, 0.0001720037816426402], [0.046397016154573055, 7.489684577284364e-05, 0.0001340086312612491, 0.953394078368393], [0.00013538349803259, 0.005479738134310961, 0.7102894937990588, 0.28409538456859756], [0.02364504664315371, 1.1102564647258933e-05, 0.9639421051192656, 0.012401745672933564], [0.0001496296747321832, 2.034580113309883e-06, 0.00010894847850313057, 0.9997393872666515], [0.0007279800562662906, 0.9854836608011707, 0.004825143875511133, 0.008963215267051919], [0.0014105271678888519, 0.094901735659603, 0.7199645794554691, 0.183723157717039], [0.9984187487395045, 0.0014849919677431386, 8.696900596127548e-07, 9.538960269248363e-05], [0.000876571310006603, 0.9977595407574378, 0.0010243809807147454, 0.0003395069518409726], [1.3896724466289766e-05, 0.004213345138901192, 0.014371731012459175, 0.9814010271241734], [5.069332348836267e-05, 0.7264753696075341, 0.23805702417800878, 0.0354169128909688], [0.04081430447340695, 0.039678149849458146, 0.017207947116725575, 0.9022995985604092], [0.0006034663572572432, 0.00024755323092441454, 0.028479340594875193, 0.9706696398169431], [0.06334994939864874, 0.9025979248815074, 0.0076008955233661255, 0.026451230196477923], [0.9979773302608924, 0.0005586237960765458, 0.0001694839945271085, 0.001294561948503833], [0.9778375568747462, 0.00019259367968205173, 0.021661509621259574, 0.00030833982431227786], [0.9157816963424208, 0.00019463302850637496, 0.003737909887272453, 0.08028576074180055], [3.747218828202735e-05, 0.9999180854808658, 4.112984089157244e-05, 3.3124899604935683e-06], [0.12540911265704688, 4.279203120468035e-06, 0.2481745267228993, 0.6264120814169334], [8.590239801966364e-06, 7.347516075976867e-05, 1.1980722197833776e-05, 0.9999059538772405], [0.032042587971374964, 0.8251849692770638, 4.2456927768457215e-05, 0.1427299858237928], [0.03855011773365313, 0.951113526760141, 8.007082710191823e-09, 0.010336347499122945], [1.9698296458559925e-06, 0.9945466506235485, 0.005408021695970522, 4.3357850835060133e-05], [0.8067368469984169, 8.59392124747266e-05, 0.18818473976750427, 0.004992474021604342], [0.00028892168621962364, 1.6166683278038595e-08, 7.251444774252322e-05, 0.9996385476993546], [0.008516706464290112, 0.2931671092839462, 0.00043491444311301227, 0.6978812698086507], [0.8249161712292394, 0.027628209129191398, 0.14670638358646823, 0.0007492360551008779], [0.8647310210099853, 0.0010092413680472352, 1.3748716489705292e-07, 0.13425960013480262], [2.6968698012881663e-05, 0.9960150638337703, 1.7658543387798868e-06, 0.003956201613878173], [0.47913533575882994, 0.4959122458150895, 0.012570938769979195, 0.012381479656101223], [9.69044466169142e-07, 0.00016744281263710684, 0.9992203744465279, 0.0006112136963689478], [0.9572457396395118, 0.03434586591124871, 0.001977563287027197, 0.006430831162212331], [0.0003852698640490682, 0.017775935534706345, 0.002697732272715556, 0.979141062328529], [0.012675657852548688, 0.14303119407180753, 0.8404329230323646, 0.003860225043279199], [0.0013975061703079873, 0.9685806199616779, 0.028864223851068137, 0.0011576500169460952], [0.8430529246642409, 0.1568212470434678, 7.158492917690362e-05, 5.424336311445361e-05], [0.2334298124743171, 0.0002057562648763871, 5.898691105952628e-09, 0.7663644253621154], [0.05329516890630384, 0.008811436392868046, 0.38812783359284814, 0.5497655611079799], [1.1808479226369199e-05, 0.0032569453417875525, 0.887161046811882, 0.10957019936710401], [0.004422541136982763, 0.032531459176490016, 0.011519655882515372, 0.9515263438040118], [3.734663043398422e-07, 0.003313405086744066, 1.3135309578091037e-05, 0.9966730861373735], [0.0013078165411300007, 2.308052790814752e-05, 0.014623652304022695, 0.984045450626939], [0.9850223529599474, 0.008587790749679941, 0.0057328743121315175, 0.0006569819782410307], [0.9983545972637458, 0.0013956943135073128, 3.100414776027356e-07, 0.0002493983812692305], [0.021685275654109208, 0.14524664928445338, 0.8329267603189481, 0.0001413147424893108], [0.09458279771159897, 0.886325706746943, 0.0027360993795315486, 0.016355396161926435], [3.379708202188627e-09, 0.9997058631627066, 0.00029243683829983637, 1.6966192854380373e-06], [0.9666389468581607, 0.028464719177881063, 0.004756681393767414, 0.0001396525701909252], [1.6313271843562513e-05, 0.9998766812107353, 1.1316973421784524e-08, 0.00010699420044793463], [1.7654176811316423e-05, 2.2089828241485496e-06, 0.9999789639935985, 1.172846765999717e-06], [0.08020625347939826, 0.0022026778932770943, 3.1169245707453332e-06, 0.9175879517027539], [1.3932692412529936e-07, 8.593528240203483e-07, 1.4192377519439802e-08, 0.9999989871278744], [0.00025831108981381004, 4.099178424638987e-06, 0.4097193656187843, 0.5900182241129772], [1.2071333784958882e-05, 0.7830715705366822, 0.19615646167365153, 0.020759896455881513], [1.0116910698372405e-06, 0.999971500879402, 2.7321325972495515e-05, 1.6610355558941017e-07], [0.01780350845256105, 0.9740229305818422, 9.942973424188924e-05, 0.008074131231354694], [0.472383874455692, 0.0015655531999512384, 8.917656673296647e-07, 0.5260496805786893], [0.9981244363411345, 0.00028812777580886577, 2.997142511548904e-06, 0.001584438740545222], [1.0829365399619395e-06, 0.0006414319292843429, 0.0025050011962479443, 0.9968524839379278], [0.9999635390223703, 7.543167573832204e-11, 8.284722681309765e-09, 3.6452617475412445e-05], [0.01438255546416104, 0.9852726399844388, 1.2299191745749704e-05, 0.00033250535965447425], [0.1691562042206849, 0.788446937247163, 0.007910183174139636, 0.034486675358012545], [7.779595378221893e-08, 0.9995238823857983, 0.0001725747413951273, 0.0003034650768530042], [0.0006996170615385034, 0.05013278685545797, 0.9487040106162727, 0.0004635854667309124], [0.9395966409402685, 0.05811403267009364, 6.814477905514572e-05, 0.0022211816105826604], [1.7704350657921177e-06, 9.69753218032534e-09, 0.0011023355126840734, 0.9988958843547179], [0.023826447748382367, 0.34581188979455807, 0.5327083391014745, 0.09765332335558505], [0.20139053530859458, 0.007063021959434915, 0.6628807565561589, 0.12866568617581167], [0.9550195677802157, 0.04200067252477984, 3.1230063815135384e-05, 0.002948529631189335]]}, "rewritten": {"ids": ["97105760", "97106770", "97107040", "97108520", "97112170", "97116401", "97116500", "98106680", "98106880", "98107340", "98107410", "98108150", "98108970", "98110230", "98110710", "98120010", "99107640", "99108310", "99109840", "99109910", "99110050", "99116500", "99120010", "99121440", "100107920", "100109000", "100110260", "100111270", "100111390", "100120010", "100120780", "101109370", "101112160", "101112201", "101112540", "101113210", "102110500", "102112170", "102113210", "102116500", "103110050", "103110100", "103110760", "103111990", "103112641", "103117200", "103117461", "103118110", "104111531", "104113210", "104113240", "104113380", "104113550", "104114230", "104114240", "104114410", "104118070", "104118340", "104119290", "104119340", "105110251", "105112130", "105113440", "105113620", "105119550", "106116850", "106117650", "106117790", "106118161", "106121190", "107113550", "107113840", "107114110", "107115140", "107116300", "107118520", "107119950", "107121540", "108115500", "108116501", "108117451", "108119510", "108121160", "109114220", "109114720", "109116040", "109116810", "109117730", "109119591", "109121410", "109121640", "110113591", "110114321", "110114561", "110114720", "110114950", "110115120", "110115580", "110116300", "110117500", "110118450", "110118630", "110121140", "111114121", "111114171", "111114941", "111115910", "111116010", "111116110", "111116290", "111116411", "111117571", "111119290", "111119300", "111119930", "111120591", "111121351", "111121930", "112116501", "112116990", "112118581", "112118701", "112119580", "112119930", "112119980", "112120270", "112120290", "112121010", "112121030", "112121430", "113118421", "113118690", "113118810", "113119300", "113119360", "113119450", "113120591", "113120601", "113120640", "113120830", "113121010", "113121680"], "labels": [0, 3, 2, 2, 0, 3, 2, 1, 0, 0, 3, 0, 3, 3, 2, 2, 1, 2, 2, 2, 3, 2, 2, 2, 0, 1, 3, 2, 2, 0, 1, 1, 3, 0, 2, 3, 3, 3, 3, 1, 3, 1, 1, 2, 3, 0, 0, 2, 0, 3, 2, 1, 1, 2, 0, 1, 2, 2, 1, 1, 0, 1, 0, 0, 1, 3, 1, 1, 3, 2, 0, 3, 1, 0, 0, 2, 3, 2, 3, 0, 2, 1, 2, 3, 0, 0, 3, 3, 0, 0, 0, 0, 1, 0, 3, 0, 0, 1, 3, 1, 0, 1, 3, 0, 3, 0, 2, 1, 3, 2, 0, 3, 3, 1, 1, 1, 0, 1, 3, 0, 1, 0, 3, 1, 0, 0, 1, 2, 0, 2, 3, 3, 3, 1, 0, 3, 0, 2, 0, 3, 2, 1], "predicted_labels": [2, 2, 2, 1, 3, 1, 2, 1, 2, 3, 0, 1, 1, 1, 1, 2, 3, 3, 3, 2, 1, 1, 2, 1, 2, 1, 0, 1, 1, 2, 3, 1, 2, 1, 2, 1, 3, 2, 1, 2, 1, 3, 3, 1, 2, 3, 1, 2, 2, 1, 1, 1, 0, 2, 2, 3, 1, 1, 1, 2, 1, 1, 1, 1, 1, 3, 2, 2, 2, 1, 2, 1, 3, 3, 3, 1, 1, 1, 1, 2, 0, 2, 1, 3, 2, 3, 3, 0, 1, 3, 0, 1, 1, 1, 2, 0, 2, 2, 3, 1, 2, 3, 3, 1, 3, 3, 1, 1, 3, 2, 3, 0, 3, 3, 3, 3, 1, 0, 1, 3, 2, 3, 2, 2, 3, 2, 2, 1, 0, 1, 3, 1, 3, 3, 3, 0, 3, 1, 1, 2, 1, 1], "confidence_scores": [[1.0698958876950914e-05, 0.001065875567558903, 0.6205443217866057, 0.3783791036869585], [0.47105373326433875, 0.00017317963305373558, 0.528257642555456, 0.0005154445471513822], [6.023656329650571e-07, 0.002811660778976503, 0.8180709369398861, 0.17911679991550453], [3.114805970177863e-05, 0.9857790084636713, 0.013025612480976058, 0.0011642309956509504], [0.41503333100787226, 0.003202886596306731, 0.0005855331237208373, 0.5811782492721002], [0.0002889720795691945, 0.9973602914986885, 0.002186208384800725, 0.00016452803694174886], [0.0005453908826787945, 0.0012601893690408089, 0.9687735500478413, 0.029420869700438942], [1.5923609231559725e-10, 0.9994829608260152, 0.0005119439319630591, 5.095082785649573e-06], [0.00011076513052277567, 0.07493088125281491, 0.7165593549087168, 0.20839899870794534], [2.5107909961144234e-07, 4.966445252906489e-06, 0.22368249881344412, 0.7763122836622033], [0.3702380743482233, 0.05468141375914719, 0.2532013910557255, 0.321879120836904], [0.03240625288088407, 0.8428823677907369, 0.01467854464061751, 0.11003283468776157], [4.1579868477881884e-08, 0.6460438883075181, 0.35124580971033853, 0.002710260402274901], [1.3562257386004176e-05, 0.8026576554033803, 0.06490320622131812, 0.13242557611791556], [3.690428877376772e-08, 0.9980199584425541, 4.4276338559907445e-07, 0.0019795618897716014], [6.093742741014526e-05, 0.1614346373231144, 0.8354139744202813, 0.003090450829194126], [1.898319013625638e-08, 2.3872696666872252e-06, 0.29545158053586934, 0.7045460132112737], [0.0018134445622332122, 3.1171453546897823e-07, 0.005753512781474611, 0.9924327309417567], [5.654787112804928e-08, 0.007794278598847048, 0.14550413553678498, 0.8467015293164969], [8.753647125778329e-08, 2.556264426015808e-06, 0.9999817404279844, 1.561577111830655e-05], [3.0616966201982177e-11, 0.9999962333359076, 4.110317638880939e-07, 3.355601711568084e-06], [1.853421438395996e-11, 0.6077588541767884, 0.27543070224592264, 0.11681044355875475], [6.691095662322214e-07, 6.687865510808713e-05, 0.9911419085290756, 0.008790543706250044], [1.209658258870696e-10, 0.9933542782765837, 0.005096975054338137, 0.001548746548112263], [0.0011458959911993148, 1.8935386641549663e-05, 0.5719753447604471, 0.426859823861712], [5.438487232613611e-06, 0.9998287405930768, 0.0001354922319996392, 3.0328687690899565e-05], [0.7020900339485248, 0.000678945425075555, 0.23018709333816567, 0.06704392728823413], [8.250843131284907e-09, 0.6892865710301959, 0.29924889567186397, 0.011464525047096974], [7.794605967782316e-05, 0.9998080856904382, 0.00011275535723260172, 1.2128926515476834e-06], [1.0238356300560256e-06, 0.43751028704735895, 0.5412483300179314, 0.021240359099079596], [5.520367257713799e-06, 0.0013984032635437921, 0.0070587700284485905, 0.9915373063407499], [2.1158001936382383e-08, 0.9783636434072795, 0.018013701576290272, 0.0036226338584282526], [0.0009346286836123668, 0.2553276039442814, 0.7142852824971323, 0.02945248487497399], [0.0023077956879772317, 0.6765088460562337, 0.009719548488279151, 0.3114638097675099], [4.2085268794270094e-07, 0.0888822372063817, 0.8987484925509805, 0.012368849389949746], [4.404058206857264e-06, 0.9781781751913186, 0.018296226522560258, 0.003521194227914565], [0.0005643848141894934, 6.527235997038507e-06, 0.0031199957944434177, 0.9963090921553701], [0.09631937879210727, 0.03948823019023458, 0.8391234718763487, 0.025068919141309452], [0.027010331329379206, 0.5348903348689557, 0.08410153060109225, 0.35399780320057284], [2.73000702313286e-06, 1.2941433710575823e-06, 0.999892806937954, 0.00010316891165173689], [6.125800151366201e-07, 0.9504625452352582, 0.03306965904447731, 0.016467183140249312], [0.04184897998916077, 0.006603396336924865, 0.05413229223411104, 0.8974153314398033], [2.7164501030779253e-05, 0.009143033651290104, 0.11482063303306163, 0.8760091688146174], [2.5030887942857584e-08, 0.9999307483781363, 6.911624126001393e-05, 1.1034971561630528e-07], [1.630735717550237e-06, 0.47947635144207323, 0.5040034785020283, 0.016518539320181037], [0.004233328217441295, 0.0009484821112949957, 3.555067755887167e-05, 0.9947826389937049], [6.332643015378634e-07, 0.9593805220177465, 0.0012209175483848124, 0.039397927169567075], [0.0009089388385558857, 0.1921412239559602, 0.8007957680054686, 0.00615406920001526], [0.00044640569342308624, 0.003792981383163856, 0.604736954873707, 0.391023658049706], [0.025223367521671522, 0.46436271666405193, 0.21806265431330335, 0.2923512615009733], [3.8735174556458515e-09, 0.9607680226805563, 0.03920690691725342, 2.5066528672703376e-05], [2.987774798100201e-09, 0.999977382698158, 5.204238558456104e-06, 1.741007550854771e-05], [0.9817956456020114, 2.5534130955164544e-06, 0.01516031164721623, 0.003041489337676846], [2.155213220525058e-09, 0.011115901225230977, 0.9886330259534333, 0.0002510706661226763], [0.0009774838049493389, 0.04556433476378873, 0.9413347874559012, 0.012123393975360703], [0.0059639713903657495, 0.00025661675011637525, 0.0007781191651738332, 0.993001292694344], [4.444955546156303e-07, 0.994727531456895, 0.005270323562773936, 1.7004847764151972e-06], [4.693663164909143e-08, 0.9975401663586926, 5.049357872073737e-07, 0.0024592817688884774], [5.605726462968414e-08, 0.9997268605325603, 7.341505803713208e-06, 0.0002657419043712672], [0.05280205953273513, 0.002317887756752229, 0.8974621264639495, 0.047417926246563005], [2.749594634994144e-07, 0.6525202313881553, 0.0039879029792372, 0.343491590673144], [9.298756847860817e-11, 0.8919717374749304, 8.649348867043628e-08, 0.10802817593859322], [0.0005138574096957783, 0.6387115515335821, 0.02425370474703513, 0.3365208863096872], [1.0468609701864715e-06, 0.9999986498699495, 1.4878656920423253e-07, 1.5448251112720356e-07], [5.881935508299961e-05, 0.8927917397151058, 2.609066697172114e-05, 0.1071233502628396], [0.0005934340836546229, 0.0008534853660660844, 0.008561812386717086, 0.9899912681635622], [5.11367447321419e-05, 0.3434368234959044, 0.6222477693439868, 0.0342642704153767], [1.0530131528839644e-07, 0.0012534711486912344, 0.9936505218858493, 0.0050959016641442915], [2.7485444583935562e-06, 0.048326683667147555, 0.7950102288819076, 0.15666033890648648], [5.307608950996207e-09, 0.9917398183061402, 0.008238436948222376, 2.1739438028399488e-05], [0.15528631715185345, 0.0010185665308568652, 0.8424269742634067, 0.0012681420538828592], [1.6070684541733556e-06, 0.975783354998016, 3.082832224515302e-05, 0.02418420961128469], [1.0699374518981853e-08, 2.661785027293319e-08, 0.0124022491498872, 0.9875977135328879], [9.73464433506355e-06, 9.619154489519187e-06, 0.0007985639208941968, 0.9991820822802812], [0.0003335607980167994, 0.34829125217951246, 9.485200704724524e-05, 0.6512803350154235], [5.191912138693952e-09, 0.9995962116178712, 0.00024295674813321834, 0.00016082644208351908], [0.037263490698568665, 0.9012466078253593, 0.005059599741279778, 0.056430301734792396], [0.00010910977565330397, 0.9742158091122052, 0.0005532068200663101, 0.02512187429207528], [0.014647232778639337, 0.8941495210153564, 0.09093836628836251, 0.0002648799176416398], [0.02838094945924815, 0.0056652296204039955, 0.8477518471418843, 0.11820197377846352], [0.8937467873840572, 4.46061697465651e-09, 1.1498332424293839e-05, 0.10624170982290139], [1.613963149221383e-06, 3.180375101440279e-07, 0.9998092143334523, 0.00018885366588847135], [0.0006728145352555644, 0.9988048747061913, 0.0004811247590742505, 4.118599947892839e-05], [0.00033045919719293203, 0.0005192358465373543, 0.14966086662384764, 0.849489438332422], [6.727287660874057e-07, 0.0018236898858843855, 0.8776343953345005, 0.12054124205084904], [0.0013523388350831866, 0.012421232725911903, 0.04966260059953979, 0.9365638278394652], [0.11010002568478355, 0.0004983176956489891, 0.0003506487486374004, 0.8890510078709302], [0.9806534287971133, 0.00036067857842906747, 5.5059716874340084e-05, 0.018930832907583465], [0.00033683741336721523, 0.965251471270414, 0.002234627331154458, 0.032177063985064244], [0.0001651865685161218, 7.869131060976657e-05, 0.0004048239561395607, 0.9993512981647346], [0.5432827409084715, 0.06435782076012253, 0.29299328939838515, 0.09936614893302094], [0.06804426047976017, 0.7176804028405787, 1.6320488679256457e-07, 0.21427517347477432], [0.0026568657415902484, 0.7027004879221679, 0.22510065417676933, 0.06954199215947268], [5.807266800193654e-06, 0.9962199288218918, 0.0037029947793823905, 7.126913192558108e-05], [5.644019458757957e-06, 0.0124303201993773, 0.9763764058660774, 0.011187629915086416], [0.9154832345059715, 0.024347855297872013, 0.00039215858684166113, 0.05977675160931502], [0.0006775968245066304, 0.0001260034179443203, 0.9590894130655556, 0.04010698669199341], [0.0005707232136093599, 0.0038702710117956133, 0.9722665116748079, 0.023292494099787064], [2.2894653846971088e-05, 0.00373215038183796, 0.07886632401277274, 0.9173786309515423], [8.870068940286161e-06, 0.9999833132642874, 2.0698330790878076e-06, 5.746833693482248e-06], [1.4297421420937686e-07, 0.2899819407802778, 0.7082504928680179, 0.0017674233774900975], [1.5519126767938104e-08, 0.3572996354367997, 0.0005145575520951071, 0.6421857914919784], [0.09556894695149384, 0.029500449398504207, 0.023177380898505146, 0.8517532227514968], [3.0761717028314358e-09, 0.9999048444380976, 1.0382834036497066e-08, 9.514210289689754e-05], [1.1872334443657726e-05, 1.0684586346413236e-05, 1.7975180467237087e-11, 0.9999774430612347], [0.0061355171790935395, 0.02810232952396964, 0.0003270139283117557, 0.9654351393686251], [0.025659249004447434, 0.9060831524312162, 0.010204983489080272, 0.05805261507525604], [1.5000719475245848e-07, 0.9822216680166185, 0.01749479126431891, 0.00028339071186808657], [0.0014706577623908785, 0.00022210810389151295, 0.0006361330656217898, 0.9976711010680959], [0.010310759113352948, 0.0022361449327892727, 0.986576028431196, 0.0008770675226616981], [0.00041350050207088494, 8.717407336693297e-09, 9.058152850403418e-09, 0.999586481722369], [0.6491443476487001, 0.23970416494035393, 7.020025029977145e-06, 0.11114446738591585], [1.4405142809503683e-10, 5.973061308450667e-05, 0.00036199353148798694, 0.9995782757113761], [1.0203136986112865e-09, 2.884593090750578e-06, 9.067567368298754e-06, 0.9999880468192274], [0.0009816517302492136, 0.4258106705730927, 0.0012903384079574855, 0.5719173392887005], [0.0021902644042961833, 0.03603369862372719, 0.0008924332153364005, 0.9608836037566402], [0.0005835997022558683, 0.923512776951729, 0.026624444142044006, 0.04927917920397118], [0.9986609882368014, 0.0013218693736483857, 1.8802681675444366e-07, 1.6954362733475266e-05], [0.00038649015152705205, 0.4272395953477663, 0.38055682523489337, 0.1918170892658133], [0.09636254630119379, 0.0028559714848669475, 0.05740970875016988, 0.8433717734637695], [5.507824920363577e-08, 0.2057863383220942, 0.7932222340983489, 0.00099137250130772], [1.5272305919182106e-09, 3.112335905176007e-05, 7.176089875613886e-08, 0.9999688033528188], [5.047448507531107e-07, 0.016584246961746145, 0.7372966700805745, 0.24611857821282862], [5.4772196417759533e-08, 5.0794319054941824e-05, 0.9979027169173199, 0.002046433991428609], [1.0126192439507967e-05, 8.24206252802105e-06, 5.7583389515617115e-05, 0.9999240483555168], [5.936426492293848e-06, 0.2688179453142106, 0.7301908669456739, 0.000985251313623193], [0.00029266633948887827, 0.027082649275505095, 0.9726086412702052, 1.6043114800822842e-05], [0.09464315602062617, 0.837094960192706, 0.0062642578251996305, 0.06199762596146815], [0.9798134958356963, 0.00037805180103524797, 0.00030863782872111756, 0.01949981453454722], [0.004321410266620204, 0.7347200488428056, 0.0010848953031485885, 0.2598736455874255], [0.07761619466464519, 5.5851370608549916e-05, 1.0540096377088362e-06, 0.9223268999551084], [2.7048232932231542e-06, 0.9992460893102398, 0.0007404646299305715, 1.074123653652748e-05], [0.0003806767435604229, 0.0011919750743122092, 0.07120041155336951, 0.9272269366287579], [5.395913239936127e-07, 9.774572291441086e-05, 7.967899886523917e-05, 0.9998220356868964], [9.946748509565324e-05, 0.13749676395772356, 0.017039880148750703, 0.8453638884084301], [0.9683808885025943, 0.015389984530241764, 3.321002647581035e-05, 0.016195916940688178], [0.001965189680611543, 0.1831460914906252, 0.00026066315221468796, 0.8146280556765486], [2.1339996421036002e-07, 0.8319202846869691, 0.16793596679298178, 0.0001435351200850628], [9.394935020648835e-05, 0.794926628447163, 0.08771964894422833, 0.11725977325840212], [9.383142409015853e-07, 7.199285698084061e-06, 0.7816138698573899, 0.21837799254267107], [0.0001998319229059942, 0.9665603782705713, 0.014351973209261052, 0.018887816597261627], [1.6638416045029303e-07, 0.7860465691446501, 0.17446497771580854, 0.03948828675538091]]}}