{"test": {"ids": ["107120130", "102110240", "99110730", "113122220", "104110960", "111118810", "106115240", "112116810", "98108370", "98108580", "108114220", "112116800", "105113210", "109113591", "110119300", "99112531", "101108580", "110117140", "103109791", "113121220", "107118780", "111119250", "112117471", "111116110", "107121230", "103117461", "100111270", "97107821", "99109740", "112117571", "98106880", "113119340", "101110200", "107113840", "110114651", "102114270", "100117420", "105119950", "107117010", "113120531", "112118550", "109119010", "113118630", "111116170", "108114270", "104113240", "101114020", "100109801", "113120540", "103111170", "108117360", "111120540", "98107410", "107119950", "102110890", "102113210", "110117870", "108120621", "101111310", "107113260", "109119460", "113120830", "113122650", "110120560", "102111990", "107120880", "107116980", "97108520", "110118810", "99112641", "108117720", "107119390", "109115380", "113119450", "104117630", "111121220", "106121190", "105113170", "105115380", "104111711", "110116501", "98116500", "103118110", "108119510", "110121170", "108121160", "113117550", "111120280", "113121980", "109120621", "98112170", "109121351", "109120150", "101121640", "111121351", "106115250", "109119450", "104117200", "101110150", "99107500", "99108460", "104111380", "111121930", "110116170", "112117030", "99110050", "107118120", "101111210", "102107961", "102121700", "106113170", "109113881", "102116340", "111120531", "105116501", "100109980", "113117340", "111116750", "113120751", "109114270", "106121220", "103110220", "107113130", "99107660", "107115250", "98116940", "107114780", "104109311", "98119591", "108115570", "109121640", "106118520", "98113881", "110114720", "112120630", "111120260", "109119591", "112118860", "112120640", "102113350", "108118810", "98111860"], "labels": [2, 3, 3, 1, 2, 0, 1, 3, 1, 0, 3, 0, 3, 3, 1, 3, 0, 3, 3, 3, 1, 1, 3, 3, 0, 0, 2, 2, 3, 3, 0, 0, 2, 3, 3, 3, 2, 3, 1, 0, 3, 3, 3, 0, 3, 2, 3, 0, 3, 2, 1, 1, 3, 3, 0, 3, 3, 1, 3, 0, 1, 3, 2, 0, 2, 1, 3, 2, 1, 1, 1, 2, 3, 3, 0, 3, 2, 0, 1, 1, 3, 2, 2, 1, 2, 2, 3, 0, 2, 1, 3, 0, 2, 2, 0, 2, 3, 3, 1, 0, 0, 3, 1, 0, 2, 3, 3, 2, 3, 1, 0, 0, 3, 0, 1, 1, 2, 3, 1, 3, 1, 2, 1, 3, 2, 2, 2, 3, 1, 3, 0, 2, 3, 3, 3, 3, 0, 3, 0, 3, 1, 0], "predicted_labels": [1, 0, 2, 1, 3, 0, 1, 2, 1, 0, 0, 1, 0, 3, 1, 3, 0, 3, 3, 0, 1, 0, 0, 3, 0, 1, 2, 0, 0, 3, 2, 0, 1, 3, 3, 1, 2, 1, 2, 0, 0, 2, 1, 1, 1, 1, 0, 3, 0, 0, 0, 1, 0, 1, 0, 1, 3, 3, 1, 2, 3, 3, 2, 3, 2, 3, 1, 1, 0, 3, 1, 1, 0, 0, 1, 3, 1, 3, 2, 1, 1, 0, 2, 0, 3, 3, 3, 0, 1, 3, 3, 3, 2, 1, 0, 1, 3, 1, 1, 1, 3, 0, 2, 3, 2, 1, 3, 3, 3, 1, 1, 0, 3, 3, 0, 3, 1, 3, 3, 0, 3, 1, 1, 0, 1, 1, 1, 0, 2, 1, 1, 2, 1, 1, 3, 0, 1, 2, 0, 1, 1, 2], "confidence_scores": [[5.786558194495863e-06, 0.9996114728650229, 0.0003789370096801462, 3.803567102408711e-06], [0.766364868787852, 0.06144881395302754, 0.15972307343117323, 0.012463243827947218], [0.0004963500328390833, 0.007326941825022325, 0.990380771427193, 0.0017959367149455252], [0.006382106917298051, 0.9450039119553899, 0.0001737842249874961, 0.04844019690232467], [0.04556860101480126, 0.010787894869047701, 0.03307253388353765, 0.9105709702326134], [0.9828640484586886, 0.00023861866321560704, 0.0006230048551542468, 0.016274328022941573], [0.4466105456016185, 0.5512452257380401, 0.0008063880490597406, 0.0013378406112816686], [0.14270787367739632, 0.015149325137977765, 0.84070618614411, 0.001436615040515881], [0.06217040605807626, 0.7279083457974768, 0.1429474056327181, 0.06697384251172896], [0.3190679731873146, 0.30183828049628364, 0.29548266647245836, 0.08361107984394343], [0.8122383282570538, 0.18139639251459838, 0.002530784664259582, 0.0038344945640884447], [0.007736207312502841, 0.9266763971138824, 0.0011293790900117047, 0.06445801648360319], [0.7695318716238991, 0.19875301304144752, 0.007656040001942262, 0.024059075332711278], [0.02577578828241495, 0.4822848797374352, 0.002023828111256289, 0.4899155038688936], [0.0019593119089708435, 0.9391012489708623, 0.049087324614632576, 0.00985211450553434], [0.35821876524749086, 0.020312774124511265, 0.06398944946882866, 0.5574790111591693], [0.9338282646032395, 0.0004725911207115233, 0.0080509566246318, 0.05764818765141712], [0.0027461297656259783, 0.2086595336983427, 0.0018243061026544112, 0.7867700304333769], [0.0819640899235161, 0.0008581543179467542, 0.04624849306101393, 0.8709292626975232], [0.6746566958384128, 0.00046489797026008043, 0.07038312411711678, 0.2544952820742103], [0.014389838479231087, 0.9734057051289792, 0.005363967788823073, 0.006840488602966553], [0.9480039012285559, 0.02095215464577133, 0.010879094684244946, 0.020164849441427775], [0.8110664384884425, 0.09146779637229766, 0.005530870826588842, 0.0919348943126709], [0.00012236112953900932, 0.0008012747611076543, 5.6322778845914405e-05, 0.9990200413305075], [0.5264143876037292, 0.00454276038459004, 0.04213306054280673, 0.426909791468874], [0.35384723817420055, 0.6206589647405234, 9.143594896648304e-05, 0.02540236113630964], [0.06679683744142334, 0.26015398230704023, 0.34926220083116266, 0.32378697942037377], [0.959771439258029, 0.00011063910636136218, 0.0231326982350167, 0.016985223400592966], [0.6319160730769499, 0.053522947425363385, 0.2655352952031541, 0.04902568429453248], [0.11759661560535198, 0.3519734410540267, 0.03137574197404309, 0.49905420136657835], [0.06382813753194319, 0.018443046931146026, 0.7783980133779016, 0.13933080215900923], [0.6869639092814063, 0.2787501413524863, 2.9667706821623287e-05, 0.034256281659285806], [0.015314917085923717, 0.9521047873816971, 0.007975004661873645, 0.024605290870505437], [0.2493569834990225, 0.26918704971666413, 0.007112171526087356, 0.4743437952582261], [0.12147006358583, 0.004005966717694866, 0.03455086573427056, 0.8399731039622045], [0.0003360296428724226, 0.526124602411685, 0.0667934347670734, 0.4067459331783691], [0.017319327288922038, 0.0009739037864815944, 0.8272152020646846, 0.15449156685991186], [0.06832789540801235, 0.9043101261264402, 0.025406458826359262, 0.001955519639188284], [0.014292972231815559, 0.02853218401252157, 0.9489810072846271, 0.00819383647103576], [0.7737041570863138, 0.08791984539627791, 0.002068798848294382, 0.13630719866911392], [0.805294551005899, 0.1534664175152227, 0.0002650966463949267, 0.04097393483248331], [0.05166466140104785, 0.02215921893638158, 0.7835799438828902, 0.1425961757796804], [6.797081742781759e-06, 0.9947626960804075, 0.0014804539125371351, 0.00375005292531261], [0.0014126177824126827, 0.9405820593207497, 0.0034043598674597794, 0.05460096302937783], [0.13652756240660832, 0.7153756784575014, 0.024972307248118834, 0.12312445188777138], [0.00021683187306407523, 0.9993466050441618, 4.2065757178760505e-05, 0.00039449732559521886], [0.5427328891696183, 0.17365694574270973, 0.026602755044366846, 0.2570074100433053], [0.005093238866106368, 0.4278958591397206, 0.10678730091983178, 0.4602236010743412], [0.9861444509852426, 0.012798757608672577, 0.0008302106699805331, 0.00022658073610437886], [0.871649010414142, 0.028053978025202056, 0.0891574847111399, 0.01113952684951603], [0.7103126418039216, 0.003369117654492198, 0.031662443609076656, 0.25465579693250956], [0.10068960713080538, 0.8860943261617994, 0.012833921013160353, 0.00038214569423485447], [0.7699263174302908, 0.0060597357361796955, 0.00041864376586122536, 0.22359530306766826], [0.16583004664959453, 0.8024770128888288, 0.00022975486616912545, 0.03146318559540751], [0.9943977606867419, 0.0006310837357651199, 1.0930186286432517e-05, 0.00496022539120651], [5.891827059175889e-05, 0.9867186210611029, 0.00033757767675358886, 0.012884882991551605], [0.20998009193933695, 0.002766865792232454, 0.11626936784804018, 0.6709836744203905], [0.15407337338017643, 0.020182034020677905, 0.0006408236183327017, 0.825103768980813], [0.25179587606947335, 0.38260377623965075, 0.20277761551392706, 0.16282273217694887], [0.3146766470781136, 0.24034755306974706, 0.4278206517369748, 0.017155148115164505], [0.006121479379843126, 0.30671968475681854, 0.03583418464736258, 0.6513246512159758], [0.21927196244380182, 0.2597084371896891, 0.06288632225021563, 0.4581332781162934], [0.10964817226751955, 0.0007898627420909786, 0.8693209587279264, 0.020241006262463165], [0.0006880498268862184, 0.006909490174437441, 0.02754041582264049, 0.9648620441760358], [0.11345492938748676, 0.2648189853632796, 0.4687989221216269, 0.15292716312760676], [0.006141494096285329, 0.019647665950392804, 0.00909876076310875, 0.965112079190213], [0.023840418597770655, 0.9759976664103417, 9.657133515899204e-05, 6.534365672875398e-05], [0.014251500009070635, 0.9777604455046298, 0.005329129305288897, 0.002658925181010823], [0.5801416875089155, 0.3764904091573863, 0.03634385199901084, 0.007024051334687329], [0.29374754545686266, 0.010285947443095288, 0.004038715070992122, 0.69192779202905], [0.03596239552805582, 0.7649379721945407, 0.01852923310407245, 0.180570399173331], [3.4691505497267394e-05, 0.993652542668646, 0.0031520108148062795, 0.003160755011050319], [0.38900372170868763, 0.06337311421687603, 0.2272880216894026, 0.3203351423850337], [0.6020060541386372, 0.33864473947168616, 0.026276374379245914, 0.03307283201043087], [0.0011285024824610828, 0.7281863566680434, 0.03608384537359515, 0.23460129547590045], [0.06061661554449642, 0.06316668864125358, 0.007706656113040122, 0.8685100397012099], [0.0019804599497667314, 0.8733880865805339, 0.05547313547933076, 0.06915831799036883], [0.08567083905579222, 0.04744738632874857, 0.06253280158836445, 0.8043489730270947], [0.01764725748995837, 0.1714763103648604, 0.8094321287169932, 0.0014443034281879912], [0.12299960933440619, 0.7812718500216219, 0.02329174376577341, 0.07243679687819844], [8.869336500318488e-05, 0.9994522768487578, 2.3608924475556612e-05, 0.0004354208617636861], [0.942983451712518, 8.409562840079947e-05, 0.002120930487380022, 0.0548115221717011], [0.16190459980128488, 0.10701346627137395, 0.7248273459531568, 0.006254587974184294], [0.5855091219886984, 0.0013481042243973956, 0.004111181825213223, 0.4090315919616909], [0.007127521497625814, 0.020501921808835883, 0.017793667709204493, 0.9545768889843338], [0.0006486891539390303, 0.0006776532931927464, 0.0008161578047208734, 0.9978574997481473], [0.05480246017472534, 0.0004410525210576744, 0.013376862133127132, 0.9313796251710899], [0.5977845719947472, 0.04271608799819071, 0.001690303371091286, 0.3578090366359707], [0.06986220689006464, 0.8969213555056571, 0.01023871020720487, 0.022977727397073468], [0.00012628838068916585, 8.821843827168796e-05, 1.978553046757606e-06, 0.9997835146279924], [0.3622607787600426, 0.0007199118285284886, 0.14232231542829532, 0.4946969939831336], [0.20408451075194284, 0.30562814615380773, 0.0951888725746563, 0.39509847051959307], [0.2527623581276082, 0.01269549899389872, 0.679031830634686, 0.05551031224380703], [5.7709836122624986e-05, 0.9877346179675671, 0.0004931259680138681, 0.011714546228296395], [0.988163149996732, 0.011736599821445723, 3.669761122887497e-05, 6.355257059326603e-05], [0.11256503419512937, 0.8699508226088378, 0.016873095621135436, 0.0006110475748973117], [0.055016110851132546, 0.2039724611709744, 0.06048858603665578, 0.6805228419412374], [0.0010030181640716977, 0.9797487259626132, 0.004519304959305928, 0.014728950914009054], [0.36522674797271765, 0.6145542719959229, 0.009414044134035925, 0.010804935897323523], [0.0015322023528101757, 0.9718061400267035, 0.0037057851465505088, 0.02295587247393571], [0.008577864044891654, 0.024776341953643987, 0.07922011278549142, 0.887425681215973], [0.8586807642208952, 0.013296525188825657, 0.019166888403455973, 0.10885582218682323], [0.001452418399419512, 4.52052462991744e-05, 0.967800152375076, 0.030702223979205363], [0.36618557385310596, 0.0809331205068877, 0.005339827139198957, 0.5475414785008074], [0.13339237440200688, 0.05283746214729844, 0.8076011225239517, 0.006169040926742918], [0.17268501381039758, 0.6369282899883655, 0.1476160174118944, 0.04277067878934256], [0.08300283183241021, 0.004219939315918552, 0.0001798270693125079, 0.9125974017823588], [0.001497480354759895, 0.0011724304530731078, 0.0016957430789302566, 0.9956343461132368], [0.3349628921024947, 0.00014030461552827638, 7.704585240994914e-05, 0.6648197574295671], [0.07636048566610945, 0.6073242766557215, 0.27162565347905687, 0.044689584199112176], [0.36074827967657963, 0.637461300183519, 0.0008781605971884827, 0.0009122595427129152], [0.6042149052712843, 0.3271751138652041, 0.04887830510020183, 0.01973167576330985], [0.044555994620250165, 0.004878005060034932, 0.0011015690041832795, 0.9494644313155316], [0.4424517675083815, 0.025700696549551923, 0.0001222827625434363, 0.5317252531795231], [0.5780089450788225, 0.1670819005209884, 0.05628418325057931, 0.19862497114960975], [0.03716853223817213, 0.02297593582038286, 0.05451606754471738, 0.8853394643967277], [0.014774999204093985, 0.6046087252123843, 0.000617771100196504, 0.37999850448332523], [0.21795151722643158, 0.00021338851646173263, 0.0025765615916140613, 0.7792585326654926], [0.41963789855513384, 0.0008536769571371391, 0.0015144795137516085, 0.5779939449739775], [0.735010927816909, 0.013519861707946517, 1.3251489809313286e-05, 0.251455958985335], [1.4798107143280921e-05, 0.002161045978878947, 0.0002012538073627638, 0.997622902106615], [0.01676930970366585, 0.9818141999163497, 0.0013505537973616663, 6.593658262278148e-05], [0.016246580196402724, 0.8971587625040972, 0.010340084378782251, 0.07625457292071776], [0.9432434283313297, 0.0463333472115235, 0.006870056451754829, 0.003553168005391926], [0.10569391273657693, 0.6431921887767796, 0.004798177224532554, 0.24631572126211104], [0.0526372383101608, 0.9170581121927576, 0.023863892070479863, 0.006440757426601755], [0.001769662615880697, 0.7469999689532556, 0.24653263333244715, 0.00469773509841672], [0.48521907187004093, 0.027717692873667123, 0.07577253894586909, 0.41129069631042287], [0.32581588475831974, 0.0018218688562532891, 0.6575291373330947, 0.014833109052332396], [0.000304369614984953, 0.6655831769056411, 0.03077633895025747, 0.30333611452911646], [0.12395015524565746, 0.8306733534438693, 0.039615893168748764, 0.005760598141724509], [0.002215248944344117, 0.15175631975247073, 0.8456146082711805, 0.00041382303200473145], [0.33327299662469817, 0.34264726242926924, 0.09794812067943384, 0.2261316202665986], [0.0066167183124753665, 0.4414454298261579, 0.37478997881315224, 0.17714787304821455], [0.24003759007906098, 0.08766427148240413, 0.0005494584559018135, 0.671748679982633], [0.97657729587111, 0.017013697208095337, 0.00025852945030060173, 0.006150477470494087], [0.2621014730756434, 0.6231484766167572, 0.11118504572281065, 0.003565004584788768], [0.23531424823328603, 0.000512381308004604, 0.559969756679792, 0.20420361377891735], [0.9727481361256984, 0.0059411997162152844, 0.0009369164873701867, 0.020373747670715973], [0.05079657545711013, 0.8244322088471981, 0.05424442364024119, 0.0705267920554506], [0.07949887170759672, 0.5930798029055682, 0.004205699696606925, 0.32321562569022827], [0.00011019345848330958, 0.006304493744924214, 0.9905750506417359, 0.0030102621548564502]]}, "rewritten": {"ids": ["97107821", "97108520", "98106880", "98107410", "98108370", "98108580", "98111860", "98112170", "98113881", "98116500", "98116940", "98119591", "99107500", "99107660", "99108460", "99109740", "99110050", "99110730", "99112531", "99112641", "100109801", "100109980", "100111270", "100117420", "101108580", "101110150", "101110200", "101111210", "101111310", "101114020", "101121640", "102107961", "102110240", "102110890", "102111990", "102113210", "102113350", "102114270", "102116340", "102121700", "103109791", "103110220", "103111170", "103117461", "103118110", "104109311", "104110960", "104111380", "104111711", "104113240", "104117200", "104117630", "105113170", "105113210", "105115380", "105116501", "105119950", "106113170", "106115240", "106115250", "106118520", "106121190", "106121220", "107113130", "107113260", "107113840", "107114780", "107115250", "107116980", "107117010", "107118120", "107118780", "107119390", "107119950", "107120130", "107120880", "107121230", "108114220", "108114270", "108115570", "108117360", "108117720", "108118810", "108119510", "108120621", "108121160", "109113591", "109113881", "109114270", "109115380", "109119010", "109119450", "109119460", "109119591", "109120150", "109120621", "109121351", "109121640", "110114651", "110114720", "110116170", "110116501", "110117140", "110117870", "110118810", "110119300", "110120560", "110121170", "111116110", "111116170", "111116750", "111118810", "111119250", "111120260", "111120280", "111120531", "111120540", "111121220", "111121351", "111121930", "112116800", "112116810", "112117030", "112117471", "112117571", "112118550", "112118860", "112120630", "112120640", "113117340", "113117550", "113118630", "113119340", "113119450", "113120531", "113120540", "113120751", "113120830", "113121220", "113121980", "113122220", "113122650"], "labels": [2, 2, 0, 3, 1, 0, 0, 3, 3, 2, 2, 1, 0, 3, 0, 3, 3, 3, 3, 1, 0, 1, 2, 2, 0, 1, 2, 2, 3, 3, 2, 3, 3, 0, 2, 3, 3, 3, 3, 1, 3, 2, 2, 0, 2, 3, 2, 3, 1, 2, 3, 0, 0, 3, 1, 1, 3, 0, 1, 2, 2, 2, 1, 1, 0, 3, 2, 2, 3, 1, 3, 1, 2, 3, 2, 1, 0, 3, 3, 3, 1, 1, 1, 1, 1, 2, 3, 0, 3, 3, 3, 3, 1, 0, 2, 1, 0, 0, 3, 3, 0, 3, 3, 3, 1, 1, 0, 2, 3, 0, 3, 0, 1, 3, 0, 0, 1, 3, 0, 1, 0, 3, 2, 3, 3, 3, 3, 3, 0, 2, 3, 3, 0, 3, 0, 3, 1, 3, 3, 2, 1, 2], "predicted_labels": [3, 1, 0, 0, 2, 0, 3, 3, 0, 0, 1, 0, 1, 1, 1, 1, 1, 2, 0, 3, 1, 1, 1, 3, 0, 1, 3, 3, 2, 1, 1, 0, 0, 0, 3, 1, 3, 3, 1, 0, 0, 1, 0, 1, 2, 3, 2, 0, 1, 1, 3, 1, 3, 0, 2, 3, 3, 1, 0, 1, 0, 2, 3, 2, 2, 0, 1, 1, 0, 2, 0, 1, 1, 1, 1, 0, 3, 1, 0, 1, 1, 3, 3, 3, 0, 3, 3, 1, 0, 1, 1, 2, 2, 1, 2, 3, 1, 3, 2, 0, 0, 1, 1, 1, 3, 1, 2, 2, 1, 3, 0, 0, 0, 1, 3, 3, 1, 3, 0, 0, 2, 2, 3, 0, 3, 0, 2, 3, 0, 1, 3, 3, 0, 1, 1, 1, 3, 2, 0, 3, 2, 3], "confidence_scores": [[0.1287719030641049, 0.15639074580551812, 0.05539048148344145, 0.6594468696469354], [0.0003100792057523174, 0.9702890693013654, 0.0013767479336190315, 0.028024103559263193], [0.9555361968274995, 0.00021817867331818636, 0.035319831268127905, 0.00892579323105447], [0.9957180022525581, 0.0036877406483591603, 0.00025859093312593075, 0.00033566616595679126], [0.02087441695490309, 0.004392557172976397, 0.9015875196277353, 0.07314550624438504], [0.4994922219271311, 0.4665638781925431, 0.0022556814720586316, 0.031688218408267146], [0.002997699567206716, 0.00017320032077288247, 0.23373037953301987, 0.7630987205790006], [0.00014468925727688584, 0.00015687994551247104, 0.00014986921806949815, 0.9995485615791411], [0.9746154129986593, 2.716802783206987e-05, 0.024923275536808377, 0.0004341434367003575], [0.8619664411049116, 0.1282860262082634, 0.0025366777454789457, 0.007210854941345918], [0.023605632935222026, 0.8830328728628926, 0.06099696910772672, 0.03236452509415851], [0.9970035174011181, 0.0007148801680331004, 0.0022795829749642834, 2.0194558843741374e-06], [0.001248318365353761, 0.8056777330790889, 0.0022757946712538032, 0.19079815388430355], [0.15619713225950074, 0.48777725539505484, 0.35166177948692195, 0.004363832858522507], [0.023188327764921433, 0.6781707651421499, 0.0480063620433777, 0.25063454504955107], [0.0033062267553092667, 0.9628923250253965, 5.608565172459629e-05, 0.03374536256756971], [0.0072316577438404995, 0.9861856882732878, 0.005550135838368569, 0.0010325181445033557], [0.00015918249994028346, 0.006017019862026174, 0.9876050613358579, 0.006218736302175703], [0.6826888171613875, 0.09813252290677217, 0.0004659315718017258, 0.21871272836003858], [0.012415293630920098, 0.046635732338540424, 0.056564293726164123, 0.8843846803043754], [0.11714983095575074, 0.8524935365990565, 0.026442396765471648, 0.003914235679721105], [0.00014661810926215393, 0.5299030881473141, 0.0011877511336588638, 0.4687625426097649], [0.03825594925468962, 0.8760609675354917, 0.0627942990434928, 0.022888784166325907], [0.005975255793893308, 0.0056133941510733195, 0.06627665605145092, 0.9221346940035825], [0.7174722851498648, 0.26419102118890747, 0.006135330774076929, 0.012201362887150725], [0.03458805474133824, 0.9615779692167719, 0.00014791309116491387, 0.0036860629507251648], [0.011636264760753828, 0.033452512848345745, 0.054713966356071904, 0.9001972560348286], [2.6819947945452754e-05, 0.015201654753146145, 0.0006323329624632761, 0.9841391923364451], [0.01892704775926441, 0.0002642542142423836, 0.6606801395180393, 0.3201285585084539], [0.001750795303399747, 0.6227019742763596, 0.003198040187750763, 0.37234919023248986], [1.3200077909549183e-07, 0.9940882658228557, 2.6375335722422533e-05, 0.005885226840642729], [0.814484373104922, 0.0446671712569826, 0.10245918474859345, 0.03838927088950187], [0.9590624427346339, 0.028813951630988807, 0.0051391152977134785, 0.006984490336663838], [0.9674807351686805, 0.01114699433479588, 0.0051545482331113845, 0.016217722263412164], [0.010505194530586112, 0.008852580528993835, 0.021339092872959937, 0.9593031320674602], [0.031150826397300956, 0.545661366994457, 0.015699848747423344, 0.4074879578608187], [0.0032310770558917957, 0.24467349210417963, 0.0004905704215223505, 0.7516048604184062], [0.006241195801503823, 0.0035153765196543254, 0.024661686448738205, 0.9655817412301035], [0.06666907929018322, 0.786540172573415, 0.09061437400000254, 0.056176374136399254], [0.6394913238189648, 0.009586405162093517, 0.34473238685288377, 0.006189884166057837], [0.7610747203282204, 0.09496645224969603, 0.14393505274881443, 2.377467326918922e-05], [0.06073343560375171, 0.9302855091969361, 0.004145076522657798, 0.004835978676654463], [0.7223601992404145, 0.15002150121112212, 0.05772399521101202, 0.06989430433745128], [0.028819485459268136, 0.9709781962672049, 1.0161032197343195e-05, 0.0001921572413295291], [0.20740671236132396, 0.022808789054148723, 0.47730787228001653, 0.2924766263045106], [0.03629088598358745, 0.021518762033394805, 0.004908737165198909, 0.9372816148178189], [0.10963714787688733, 0.08650590766559606, 0.747042773258136, 0.056814171199380564], [0.5147491231094078, 0.13093616864542476, 0.04176186313689333, 0.31255284510827414], [0.18446072078572148, 0.7188883531307635, 0.0003683658299233992, 0.0962825602535914], [0.0004737129686151459, 0.9965814367418856, 0.002944548276641045, 3.020128584082838e-07], [0.0033018744361220115, 0.4862428642813789, 0.0034098641150349615, 0.5070453971674641], [0.047343050420958675, 0.9405878890456209, 0.011309986444760455, 0.0007590740886600908], [0.008991229396077152, 0.0015336287850064628, 0.0013320210962783964, 0.988143120722638], [0.882262887819713, 0.10813035347925364, 0.008107794433538153, 0.0014989642674952488], [0.0018044874803653196, 0.0039523126295684, 0.9826414092084584, 0.011601790681607913], [0.02210917631009069, 0.002643838729420623, 2.3489910453555068e-05, 0.9752234950500352], [0.2049805776538695, 0.2799200404815298, 0.011403695665553033, 0.5036956861990476], [0.010488789126071447, 0.9542374377671011, 0.00013135302008216937, 0.035142420086745285], [0.7540458764314502, 0.13922331555729073, 0.012055044199147333, 0.09467576381211187], [0.00032235914497422754, 0.9877711133708307, 0.0067166487460096755, 0.0051898787381852935], [0.9289136543163297, 0.015191601891127568, 0.05442710664970241, 0.0014676371428404339], [0.0030892110296541443, 0.09992500179342786, 0.8800934344584788, 0.01689235271843928], [6.534247216050235e-05, 0.026346981345222155, 0.011493662919932575, 0.9620940132626847], [0.24280273297083554, 0.08778951256184102, 0.6674975333758154, 0.0019102210915080476], [0.19833522990549055, 0.27068439810693506, 0.3582157712493976, 0.17276460073817695], [0.5994509558701784, 0.3955966442329897, 0.004019935077606801, 0.0009324648192250386], [0.007824369537010663, 0.6073757885263483, 0.38467581625435004, 0.00012402568229102638], [0.020435276582783317, 0.5181423579218026, 0.08675182348748346, 0.37467054200793054], [0.5510984887852897, 0.4462785444560386, 0.0002348143282181005, 0.0023881524304537774], [0.2564202825255314, 0.13384919023195074, 0.45158769274877797, 0.15814283449373984], [0.909607864915207, 0.05180066880194961, 0.000325483222814647, 0.03826598306002863], [0.2510238845429906, 0.642515217815298, 0.00012472432214212994, 0.10633617331956922], [0.004438865386744267, 0.9538709969086966, 0.04140567643232713, 0.00028446127223195265], [0.41390522209691116, 0.5015488826160271, 0.032297209725446946, 0.05224868556161473], [0.028201137048839392, 0.9426653736024362, 0.027119428049165693, 0.0020140612995586302], [0.4588533575847116, 0.021806171071772733, 0.11223481411914522, 0.4071056572243705], [0.00017786669218243766, 0.01746955945003813, 0.006794558152390894, 0.9755580157053885], [0.22437681567763945, 0.7720359434825229, 0.003585496932039624, 1.7439077980015387e-06], [0.8726706882821266, 0.11179790323858535, 0.004380428337820001, 0.01115098014146784], [4.6159939952719544e-05, 0.9946515231124251, 0.0006336841591085668, 0.004668632788513431], [0.003638653553842607, 0.8650012494600938, 0.06337825041733933, 0.06798184656872429], [0.00400681733665343, 0.004746607821777605, 5.262251947746825e-05, 0.9911939523220916], [0.014386108882315434, 0.0027454790263167035, 0.004749091513149129, 0.9781193205782188], [0.01636810563572086, 0.06807646958128892, 0.0002813024392137147, 0.9152741223437765], [0.9580839143930221, 0.00015517194804354423, 0.008163973454103381, 0.03359694020483118], [0.1250915366979177, 0.2140413805365058, 0.00011047112489951409, 0.6607566116406769], [0.022126439056670402, 0.11739447924255414, 0.0024202196237480583, 0.8580588620770274], [0.0040693851410377535, 0.973722885093677, 0.019734619431844992, 0.002473110333440362], [0.9460766350976851, 0.03689393342074122, 0.00010368765190110177, 0.016925743829672716], [0.0016507773936295974, 0.8317756923226877, 0.04087531039262692, 0.12569821989105573], [0.00015949126343756706, 0.7575946107639285, 0.23405963667761315, 0.00818626129502066], [0.0034108747774331373, 0.3453410600357126, 0.5688299036261839, 0.08241816156067036], [0.14314339898313938, 0.1023027452763623, 0.7264505060682875, 0.02810334967221075], [0.0003658249480535797, 0.9403571240514688, 0.0023676452312286736, 0.05690940576924884], [0.44712702702749013, 0.0005675288091250077, 0.48982337842631346, 0.062482065737071504], [0.03235787663241106, 0.0035111539618876203, 0.0001955896670835557, 0.9639353797386179], [0.10007555804698706, 0.890199615859469, 0.00019693660267612506, 0.009527889490867806], [0.07232896599033975, 0.20140816458125418, 0.25063808830116685, 0.47562478112723916], [0.07287439793895711, 0.00010454198413414943, 0.8701490020819024, 0.056872057995006255], [0.8488486448824061, 0.00033348254434618923, 0.1461694390764074, 0.004648433496840314], [0.48433479260293416, 0.04039775422219748, 0.00014256135038856593, 0.4751248918244796], [0.03441828844386748, 0.920082203756162, 0.008826368068833468, 0.03667313973113708], [0.0003252528236749094, 0.9408121074651012, 0.0001054809346733913, 0.05875715877655058], [0.03407975463924754, 0.797517569860402, 0.0029071891281588973, 0.1654954863721917], [0.4279722032333375, 0.09619129981778263, 0.004611051175001906, 0.47122544577387787], [0.02112363365656935, 0.9632969482938203, 0.00043227791402120167, 0.015147140135589253], [0.016087948767013725, 0.00027087762809676133, 0.7794137178940441, 0.20422745571084538], [0.0005895712312247923, 0.0010502722773367457, 0.993628395564638, 0.004731760926800572], [0.03249828633307206, 0.5229609954602222, 0.0004425433672706395, 0.44409817483943503], [0.46598948166805015, 0.0161626165323892, 0.009059029971539852, 0.5087888718280207], [0.9801322151849267, 7.50146778726031e-05, 0.0018871275103768293, 0.01790564262682398], [0.9550977673776903, 0.01784640782512454, 0.0007887677849797389, 0.026267057012205615], [0.6010249943574456, 0.02142714205683612, 0.3638818938138893, 0.013665969771828941], [0.21548286696163615, 0.7020109301613834, 0.034032062991371945, 0.048474139885608634], [0.32691493198027793, 0.22962485250478795, 0.06953633641980515, 0.3739238790951289], [0.2877916871464641, 0.0012769897813694427, 0.0027956282946348097, 0.7081356947775317], [0.019415117819648754, 0.9563826934150997, 0.023756413247303383, 0.00044577551794835503], [0.034746800558015496, 0.023007420598072124, 0.0007983740977485129, 0.9414474047461638], [0.9990643853651978, 0.0008202128373993755, 9.569490244239772e-05, 1.9706894960362343e-05], [0.5140512525534146, 0.0050820127546072685, 0.4323514274383729, 0.04851530725360527], [0.0025846688197055157, 0.015700923875513657, 0.9731291043246157, 0.008585302980164959], [0.027547914041970017, 0.0008653248748719572, 0.6466401236967579, 0.32494663738640006], [0.03330850730252029, 0.34409236615657113, 0.09360419888836634, 0.5289949276525423], [0.9917524704106195, 0.00011749138589491363, 0.00020265682497018234, 0.00792738137851531], [0.00019930937272693013, 0.0021142740803485496, 0.002050977950342926, 0.9956354385965817], [0.4244250975172873, 0.22522226965636158, 0.0005303213638453037, 0.34982231146250586], [0.0010417420332855998, 0.24590905509063796, 0.6611708903442263, 0.09187831253185008], [0.039816852058678395, 0.0012267641683411466, 0.001463306849382063, 0.9574930769235984], [0.9988722853566238, 0.0004926870506932454, 0.0004683585569266636, 0.00016666903575640246], [0.001347126502372088, 0.5379891438245249, 0.2060223009688987, 0.2546414287042043], [0.0013545778798751133, 0.00019155449469345794, 0.00011490523421445459, 0.998338962391217], [0.13675559549709312, 0.022814161725732234, 0.1308489698346039, 0.7095812729425708], [0.9709773426607551, 0.004140110789046183, 5.804095972340017e-05, 0.024824505590475363], [0.37740185454117536, 0.6206782205355458, 0.00012754626749634433, 0.0017923786557825516], [0.276464697839291, 0.7134924174797729, 0.0012198303460133088, 0.008823054334922763], [0.16714602397462097, 0.831065631825957, 1.0160601701195576e-05, 0.0017781835977209203], [0.027981832239107725, 0.0027106126944022794, 0.0017442621397034553, 0.9675632929267864], [0.017614499104776533, 0.06946595580315097, 0.4918110396742413, 0.42110850541783124], [0.9747905841427436, 0.017652528120939998, 0.0026841299780441534, 0.004872757758272181], [0.0004608101591300072, 0.062470877099554886, 0.00040177700625371686, 0.9366665357350613], [0.004814184335339684, 0.20463197799207591, 0.6453461844470122, 0.14520765322557225], [0.005861052140217849, 0.00144790751029453, 0.4594295082564641, 0.5332615320930235]]}}