{"test": {"ids": ["108120280", "112119980", "103109791", "107113130", "112119930", "104114740", "109118701", "106119580", "106114280", "97105451", "98108410", "111115620", "98111860", "97116500", "111114941", "111121190", "112117660", "99117740", "109115380", "108115070", "109117110", "112118620", "112116501", "107119390", "99107630", "106116120", "105120280", "112118701", "102110690", "112118930", "113119450", "111116010", "110115120", "97112830", "102114270", "104112201", "103113610", "107120010", "101108080", "105117200", "110118111", "103111620", "112121430", "101115190", "103111170", "111119340", "100109980", "113121190", "97116790", "99112531", "113119360", "111119150", "99108580", "97105580", "97109080", "110113931", "106113170", "107113550", "107118520", "110115980", "110117140", "113122230", "111114321", "100107920", "103109641", "109116170", "97112170", "109114651", "112118820", "110120531", "112116451", "104111531", "102111990", "107114280", "110118181", "101111620", "109119010", "108115870", "100120010", "108114670", "112120640", "105118740", "105113170", "106118301", "97107920", "103111540", "107121540", "98106560", "111116990", "105121370", "108114270", "112120670", "104113210", "106117790", "101112160", "105111990", "108118291", "105115380", "109116441", "105113210", "100116500", "112121030", "110116170", "111120280", "112118471", "102117351", "105114220", "104116800", "105119550", "99111930", "105113330", "113119700", "113120751", "99108890", "112119120", "107113840", "101108500", "111115910", "111116040", "104111830", "108121410", "107114110", "109121410", "112116900", "113119480", "99108080", "98116500", "97116800", "102110240", "98107340", "109115070", "108119330", "103111830", "98112300", "98106880", "111119930", "98107010", "101109000", "97106970", "99107300", "103110050", "111117571"], "labels": [3, 0, 3, 1, 1, 2, 3, 3, 3, 0, 1, 1, 0, 2, 0, 1, 0, 2, 3, 1, 1, 3, 3, 2, 2, 1, 3, 0, 0, 1, 3, 1, 0, 2, 3, 0, 2, 1, 0, 3, 1, 0, 2, 1, 2, 3, 1, 1, 2, 3, 0, 3, 0, 1, 2, 1, 0, 0, 2, 1, 3, 1, 1, 0, 1, 0, 0, 3, 0, 0, 0, 0, 2, 3, 1, 3, 3, 3, 0, 3, 0, 1, 0, 1, 0, 1, 2, 1, 0, 2, 3, 2, 3, 1, 3, 2, 3, 1, 3, 3, 2, 0, 0, 0, 1, 1, 3, 1, 1, 1, 3, 0, 1, 0, 1, 3, 3, 2, 0, 3, 0, 1, 0, 3, 3, 3, 2, 0, 3, 0, 0, 0, 3, 2, 0, 1, 3, 1, 2, 3, 3, 3], "predicted_labels": [3, 3, 1, 1, 1, 1, 1, 1, 3, 0, 1, 1, 1, 1, 3, 1, 3, 0, 1, 1, 1, 3, 3, 1, 3, 3, 1, 1, 1, 3, 3, 1, 1, 0, 1, 3, 1, 3, 1, 3, 1, 1, 3, 1, 1, 1, 0, 3, 1, 1, 0, 3, 1, 1, 3, 3, 1, 2, 1, 3, 3, 1, 1, 3, 1, 3, 1, 3, 1, 3, 0, 3, 0, 1, 1, 1, 1, 3, 3, 1, 1, 3, 3, 3, 0, 1, 3, 3, 3, 3, 3, 3, 3, 1, 3, 3, 0, 1, 1, 3, 3, 0, 3, 3, 3, 3, 1, 3, 1, 1, 0, 1, 3, 1, 3, 1, 1, 0, 3, 1, 1, 3, 3, 3, 3, 1, 3, 3, 1, 3, 1, 1, 3, 0, 1, 1, 3, 1, 3, 1, 1, 1], "confidence_scores": [[0.252741208791209, 0.24049337884337896, 0.19156671661671681, 0.3151986957486957], [0.20458487068487086, 0.2788875652125652, 0.14725775890775894, 0.369269805194805], [0.22111506271506276, 0.28307239427239445, 0.22745082695082705, 0.2683617160617162], [0.2316562542033131, 0.2827541855203619, 0.23101171116465233, 0.25457784911167275], [0.22216486291486295, 0.3096268363988951, 0.19808647528941656, 0.2701218253968255], [0.2091885392385394, 0.3188132645132646, 0.18586525696525705, 0.2861329392829393], [0.24421562261268143, 0.28955732323232325, 0.1891280059809472, 0.2770990481740481], [0.24462924852924872, 0.3022790265290264, 0.2002111333111334, 0.2528805916305917], [0.24893046953046957, 0.22983289488289496, 0.17258069708069723, 0.34865593850593835], [0.32203361638361633, 0.26465239205239216, 0.16171748251748258, 0.25159650904650904], [0.2604262348762349, 0.324705178155178, 0.18546530136530145, 0.2294032856032857], [0.2506867965367967, 0.31947403152403153, 0.16687795815295817, 0.2629612137862138], [0.18614397546897568, 0.35800400432900403, 0.2220761044511045, 0.23377591575091589], [0.2259398434898437, 0.27589153069153066, 0.2578281313457784, 0.24034049447284755], [0.2497160062160063, 0.2676181707181707, 0.16227218614718625, 0.32039363691863665], [0.23471846486846498, 0.28407439227439213, 0.20136226551226563, 0.27984487734487734], [0.21502826062826075, 0.2771301087801088, 0.16009682539682543, 0.34774480519480516], [0.2720978707566942, 0.26358703322820976, 0.20056497946497956, 0.26375011655011676], [0.16396553446553455, 0.312757314907315, 0.23197688977688982, 0.29130026085026095], [0.2260811965811966, 0.3389026529026529, 0.2119044094794096, 0.22311174103674108], [0.20718046953046954, 0.29585670995671004, 0.20872174492174494, 0.28824107559107554], [0.25815745365745374, 0.25917409812409825, 0.13485445110445113, 0.347813997113997], [0.24013476686711982, 0.2825620934620934, 0.18293912753912775, 0.29436401213165914], [0.19067192088956814, 0.2942153124653124, 0.260414414996768, 0.2546983516483518], [0.25305207292707305, 0.21025955988455994, 0.19267532467532478, 0.3440130425130423], [0.25009947829947843, 0.2639257520257522, 0.21035058830058828, 0.27562418137418127], [0.2379115107115108, 0.273211915861916, 0.2281454184704187, 0.26073115495615495], [0.19986551226551227, 0.30216277056277074, 0.2238450577200576, 0.2741266594516596], [0.2710404761904764, 0.3070948884448884, 0.13925955155955164, 0.2826050838050837], [0.23583894993895, 0.27221802641802645, 0.1537984515484516, 0.33814457209457205], [0.27817684537684534, 0.25049553779553785, 0.1770126068376069, 0.29431500999001003], [0.20265115440115447, 0.295151529026529, 0.2278712481962483, 0.27432606837606843], [0.24908318903318916, 0.28988297258297263, 0.17422987012987015, 0.28680396825396814], [0.29149363414363433, 0.23509771339771346, 0.2056898656898658, 0.26771878676878685], [0.24531509879009897, 0.3107748279498279, 0.18777226662226668, 0.25613780663780666], [0.258820498945499, 0.2608091353091354, 0.16147924297924304, 0.31889112276612297], [0.20915146520146544, 0.2848164946164947, 0.2313404484404486, 0.2746915917415917], [0.224587323787324, 0.24919764124764138, 0.22965979020979022, 0.29655524475524475], [0.260629448037343, 0.2885909090909091, 0.1711042568542569, 0.27967538601749126], [0.21984823232323247, 0.2805980158730157, 0.20539797979797994, 0.2941557720057719], [0.2523264392470276, 0.2814716562848917, 0.18820955988456003, 0.2779923445835211], [0.21314616465405947, 0.3062272727272728, 0.26596711066711065, 0.21465945195155717], [0.26192990963285095, 0.2670809337721102, 0.17731646262234516, 0.29367269397269374], [0.18942620908503272, 0.3008929439841204, 0.25865573870573866, 0.2510251082251083], [0.23530922688422695, 0.2811150488400488, 0.20557083194583212, 0.27800489232989234], [0.2624005716505718, 0.28905540015540016, 0.16278128538128542, 0.2857627428127427], [0.270877256077256, 0.2563195027195028, 0.20269160561660574, 0.2701116355866357], [0.2842961482961484, 0.2588369880119882, 0.17037417859917867, 0.28649268509268516], [0.22208175713175718, 0.3031282967032967, 0.21970344100344108, 0.25508650516150533], [0.24129989732489732, 0.29921407481407486, 0.1772277444777446, 0.28225828338328324], [0.28317758548640914, 0.26147639941757594, 0.1863032634032634, 0.26904275169275177], [0.2577814796314796, 0.2724241064491066, 0.19605744255744256, 0.2737369713619714], [0.2351745892995894, 0.3214062076812076, 0.21762949827949837, 0.22578970473970475], [0.24758896658896667, 0.3023744977244977, 0.2042031302031303, 0.24583340548340563], [0.2320156776230306, 0.26847538099155743, 0.18263116050616063, 0.31687778087925134], [0.27156688311688326, 0.2773094017094017, 0.16347580752580754, 0.2876479076479077], [0.22812095127095147, 0.3519389332889334, 0.15311113331113343, 0.26682898212898226], [0.22863932391138286, 0.2169984154734155, 0.29391281839075944, 0.26044944222444233], [0.18083580863580875, 0.33317266622266634, 0.1652794677544678, 0.3207120573870574], [0.257719890077243, 0.2768186313686316, 0.18774845709845725, 0.2777130214556685], [0.22142702852702875, 0.2520756188256189, 0.23462299367299375, 0.291874358974359], [0.24718784548784556, 0.32191819291819285, 0.18360274447774455, 0.24729121711621732], [0.2142835553335554, 0.34561465756465765, 0.20491496836496845, 0.2351868187368189], [0.21977989232989242, 0.2456388632609223, 0.2065369109648523, 0.3280443334443332], [0.2268509792495088, 0.30643527306027313, 0.21476033411033427, 0.2519534135798844], [0.20777459697165598, 0.2958595959595958, 0.15689928470222592, 0.33946652236652225], [0.2641610028860029, 0.31026155788655785, 0.16931438561438572, 0.2562630536130537], [0.259398595848596, 0.2397697541021072, 0.16468175239792907, 0.3361498976513684], [0.271825377237142, 0.286604077295254, 0.16295132775721013, 0.2786192177103942], [0.25229465534465545, 0.2712679043179043, 0.1641321733821735, 0.31230526695526684], [0.3097779165279166, 0.274624988899989, 0.154628873903874, 0.2609682206682206], [0.2569624458874461, 0.26542850482850483, 0.19444166111666125, 0.2831673881673881], [0.2954765234765235, 0.261727516927517, 0.19731097236097248, 0.24548498723498738], [0.2531978798978799, 0.3362889971139973, 0.1645203102453103, 0.2459928127428129], [0.23661293608352427, 0.3043658793820559, 0.18990184194890095, 0.2691193425855191], [0.2295751101839339, 0.29527502856620513, 0.20039554889554909, 0.2747543123543123], [0.21055252525252544, 0.27497273559773566, 0.23967957320457323, 0.27479516594516606], [0.26178235849118214, 0.24938646435264103, 0.16590689865689878, 0.3229242784992785], [0.21699895659895677, 0.2615004190254193, 0.23534804362304357, 0.28615258075258077], [0.22468526473526493, 0.3472883505383505, 0.200394710844711, 0.22763167388167396], [0.2486664002664003, 0.29878258963258947, 0.22047617937617953, 0.23207483072483084], [0.20406965648730363, 0.28678359973359985, 0.20398242672360326, 0.30516431705549346], [0.2349896076146079, 0.2569874264624265, 0.17902753912753921, 0.3289954267954268], [0.258222621822622, 0.28682401487401493, 0.11422044067044072, 0.3407329226329223], [0.3114244449994451, 0.21785568598068614, 0.17913697413697427, 0.2915828948828949], [0.20167960927960943, 0.30255563325563334, 0.21616336441336448, 0.279601393051393], [0.19828336728630855, 0.29906225800343467, 0.20165983591571832, 0.3009945387945389], [0.23336939171939186, 0.26908754578754596, 0.21852100677100678, 0.2790220557220557], [0.2897119103119104, 0.23999417804417814, 0.17794947274947281, 0.292344438894439], [0.24154566544566566, 0.2698373737373736, 0.20237562992563007, 0.2862413308913311], [0.22510838050838064, 0.24447983682983696, 0.16488691308691317, 0.3655248695748698], [0.21746333111333124, 0.2592501276501278, 0.2521109335109337, 0.27117560772560795], [0.2681844350094351, 0.24712847985348002, 0.19810953213453222, 0.28657755300255305], [0.2542509405627053, 0.3002241053064582, 0.20187741278329532, 0.24364754134754138], [0.19484921189921198, 0.23784412809412817, 0.2786755855255856, 0.2886310744810744], [0.25023565323565344, 0.27451522921522936, 0.16946153846153852, 0.305787579087579], [0.2843419691419694, 0.2788799422799424, 0.1640790227316544, 0.2726990658464343], [0.22398741813741818, 0.30508063325563334, 0.17569093129093127, 0.2952410173160173], [0.2696759740259741, 0.2999228715728716, 0.15443740703740708, 0.27596374736374735], [0.25035274170274174, 0.2833181818181818, 0.15429198579198583, 0.31203709068709073], [0.2417108133696369, 0.24095013320013328, 0.21294698079698082, 0.3043920726332489], [0.3595348595848596, 0.2556558830058831, 0.1402224192474194, 0.24458683816183832], [0.23072854008736376, 0.24829602227837533, 0.2007688311688312, 0.3202066064654299], [0.2605319624819626, 0.2705445479357246, 0.14581956376956376, 0.32310392581274927], [0.2533045803869335, 0.2610560828060829, 0.19178394383394382, 0.29385539297304003], [0.2829495643245644, 0.2467451187701189, 0.17909663669663675, 0.29120868020868024], [0.27517869352869356, 0.3190560106560106, 0.16776471306471305, 0.23800058275058283], [0.235703751803752, 0.26544855699855696, 0.19075155122655119, 0.30809613997113994], [0.2654652264402267, 0.2828736513486515, 0.1746235347985349, 0.27703758741258744], [0.19117788486023787, 0.3215512237762236, 0.20497824120324115, 0.28229265016029725], [0.3304866633366632, 0.24951933621933628, 0.1660768814518815, 0.25391711899211916], [0.18732324897324923, 0.3708591908091908, 0.2174565268065268, 0.2243610334110335], [0.20169996114996128, 0.28074625929625935, 0.19655290542790546, 0.32100087412587425], [0.23149314019314035, 0.2967291708291709, 0.2014267454767454, 0.2703509435009436], [0.204787667887668, 0.22803086080586085, 0.23801007881007885, 0.32917139249639243], [0.23238246753246777, 0.30913305860805845, 0.20489202741702758, 0.2535924464424465], [0.23755220335220345, 0.28337030747030745, 0.2179294677544679, 0.26114802142302157], [0.2706670440670442, 0.2701427156177158, 0.20055770063270065, 0.25863253968253974], [0.26367647907647923, 0.2577180874680875, 0.19599158064158062, 0.28261385281385293], [0.18378417252681972, 0.2990568542568543, 0.22816833803451458, 0.2889906351818116], [0.25375646412411124, 0.3038734543234543, 0.19659675683793337, 0.24577332471450128], [0.2242035919962391, 0.23852628564246228, 0.16679610112110121, 0.3704740212401978], [0.2381900210900212, 0.2591099492011258, 0.19569160839160846, 0.30700842131724476], [0.2416741810820759, 0.28702523032523036, 0.17440979020979033, 0.2968907983829037], [0.2525047452547454, 0.28388332500832525, 0.1558829087579088, 0.30772902097902083], [0.22459198301698313, 0.30483394938394937, 0.2332725385725387, 0.23730152902652912], [0.22500014821779535, 0.2832430957930959, 0.1940200169111935, 0.29773673907791565], [0.2951975577054525, 0.2341114357864359, 0.1669806665556666, 0.3037103399524452], [0.24711133311133326, 0.29151099178599194, 0.18967927627927644, 0.271698398823399], [0.21485163170163174, 0.27523103285603284, 0.22658655788655793, 0.28333077755577774], [0.19689990564990573, 0.343621450771451, 0.205986557886558, 0.25349208569208587], [0.23727323787323792, 0.3057662920412922, 0.21185841935841945, 0.2451020507270507], [0.2798118326118326, 0.2133531595855126, 0.17775087135087134, 0.3290841364517834], [0.29210661756544115, 0.23761239120356767, 0.200676148851149, 0.2696048423798424], [0.19911916416916425, 0.3162081335331335, 0.24173610670375392, 0.2429365955939486], [0.272272582972583, 0.2853842657342657, 0.19900837773337773, 0.24333477355977362], [0.23470564990565002, 0.2833424591748121, 0.16848495948495953, 0.3134669314345783], [0.21560407647907653, 0.2930205128205127, 0.22079460261960268, 0.2705808080808081], [0.22825602453102445, 0.281535064935065, 0.20301526806526823, 0.2871936424686424], [0.251146995814643, 0.33164251859251875, 0.16702174133056502, 0.2501887442622737], [0.23733244533244544, 0.29072130451248107, 0.22793660783660796, 0.24400964231846597], [0.29279715758098124, 0.30266656758274424, 0.1461005383505384, 0.2584357364857365]]}, "rewritten": {"ids": ["97105451", "97105580", "97106970", "97107920", "97109080", "97112170", "97112830", "97116500", "97116790", "97116800", "98106560", "98106880", "98107010", "98107340", "98108410", "98111860", "98112300", "98116500", "99107300", "99107630", "99108080", "99108580", "99108890", "99111930", "99112531", "99117740", "100107920", "100109980", "100116500", "100120010", "101108080", "101108500", "101109000", "101111620", "101112160", "101115190", "102110240", "102110690", "102111990", "102114270", "102117351", "103109641", "103109791", "103110050", "103111170", "103111540", "103111620", "103111830", "103113610", "104111531", "104111830", "104112201", "104113210", "104114740", "104116800", "105111990", "105113170", "105113210", "105113330", "105114220", "105115380", "105117200", "105118740", "105119550", "105120280", "105121370", "106113170", "106114280", "106116120", "106117790", "106118301", "106119580", "107113130", "107113550", "107113840", "107114110", "107114280", "107118520", "107119390", "107120010", "107121540", "108114270", "108114670", "108115070", "108115870", "108118291", "108119330", "108120280", "108121410", "109114651", "109115070", "109115380", "109116170", "109116441", "109117110", "109118701", "109119010", "109121410", "110113931", "110115120", "110115980", "110116170", "110117140", "110118111", "110118181", "110120531", "111114321", "111114941", "111115620", "111115910", "111116010", "111116040", "111116990", "111117571", "111119150", "111119340", "111119930", "111120280", "111121190", "112116451", "112116501", "112116900", "112117660", "112118471", "112118620", "112118701", "112118820", "112118930", "112119120", "112119930", "112119980", "112120640", "112120670", "112121030", "112121430", "113119360", "113119450", "113119480", "113119700", "113120751", "113121190", "113122230"], "labels": [0, 1, 2, 0, 2, 0, 2, 2, 2, 0, 1, 0, 3, 0, 1, 0, 2, 2, 3, 2, 3, 0, 0, 1, 3, 2, 0, 1, 2, 0, 0, 3, 1, 3, 3, 1, 3, 0, 2, 3, 1, 1, 3, 3, 2, 1, 0, 3, 2, 0, 3, 0, 3, 2, 1, 2, 0, 3, 3, 3, 1, 3, 1, 1, 3, 2, 0, 3, 1, 1, 1, 3, 1, 0, 3, 1, 3, 2, 2, 1, 2, 3, 3, 1, 3, 3, 0, 3, 0, 3, 0, 3, 0, 3, 1, 3, 3, 0, 1, 0, 1, 0, 3, 1, 1, 0, 1, 0, 1, 2, 1, 0, 0, 3, 3, 3, 1, 0, 1, 0, 3, 3, 0, 1, 3, 0, 0, 1, 1, 1, 0, 0, 2, 0, 2, 0, 3, 3, 0, 1, 1, 1], "predicted_labels": [1, 1, 1, 3, 3, 0, 3, 0, 3, 0, 3, 1, 3, 1, 1, 1, 0, 3, 1, 3, 1, 1, 1, 3, 0, 1, 3, 0, 3, 1, 1, 0, 1, 3, 3, 1, 0, 1, 1, 1, 0, 0, 3, 1, 1, 1, 1, 3, 1, 3, 1, 3, 3, 1, 3, 3, 3, 0, 0, 0, 1, 1, 3, 1, 3, 3, 1, 3, 0, 1, 3, 3, 1, 3, 0, 3, 1, 1, 1, 1, 1, 3, 1, 1, 3, 0, 1, 3, 1, 3, 1, 3, 3, 0, 1, 3, 3, 3, 3, 3, 3, 3, 3, 0, 1, 3, 1, 3, 1, 1, 1, 3, 0, 0, 0, 3, 0, 1, 1, 0, 3, 3, 3, 3, 3, 3, 3, 3, 1, 1, 3, 1, 1, 0, 3, 3, 3, 1, 1, 3, 0, 3], "confidence_scores": [[0.2694490287490288, 0.28509826839826846, 0.16304755799755807, 0.28240514485514484], [0.28628587494376995, 0.287354007104007, 0.1827239149739151, 0.2436362029783083], [0.20857099567099582, 0.3100120185370186, 0.20938592518592522, 0.27203106060606064], [0.2975117271617273, 0.21590500055500061, 0.1629456265956267, 0.32363764568764597], [0.2362076617826619, 0.2740490592740593, 0.20111577034077036, 0.2886275086025087], [0.2969724130444718, 0.2914083555333554, 0.15856050958845086, 0.2530587218337218], [0.2502810597898835, 0.2492508804920569, 0.1995557220557222, 0.3009123376623377], [0.2844385003885005, 0.2726435009435009, 0.21648995171495175, 0.22642804695304702], [0.27239638972138974, 0.27065288877788873, 0.15587814407814415, 0.30107257742257737], [0.28723276694066185, 0.25901111111111114, 0.16887145632145636, 0.284884665626771], [0.24410148988438465, 0.2562935814185815, 0.20736548451548456, 0.29223944418154935], [0.24124261849261852, 0.27510559163059173, 0.22146608946608956, 0.2621857004107004], [0.22690820290820302, 0.23850725548960852, 0.17911630036630038, 0.35546824123588816], [0.21912616599087212, 0.2842987956487958, 0.22380655325067106, 0.27276848510966173], [0.24103330003330012, 0.3265102009102009, 0.14892006882006886, 0.2835364302364303], [0.21207883227883242, 0.3404154179154179, 0.18852838272838277, 0.25897736707736724], [0.3017792188203953, 0.2541941483353249, 0.15851083083583078, 0.2855158020084491], [0.24731292318792342, 0.2899565656565655, 0.15296158008658015, 0.30976893106893083], [0.26582556887556896, 0.29869603174603176, 0.17381575646575662, 0.261662642912643], [0.2585052031302033, 0.2533230880230881, 0.18116991896991902, 0.30700178987678983], [0.2636383116883117, 0.26686124153624174, 0.21690067710067706, 0.25259976967476966], [0.261073434898435, 0.3373671384171384, 0.1965522699522699, 0.20500715673215675], [0.2644446553446552, 0.28625483405483426, 0.18621053391053405, 0.2630899766899768], [0.2048873015873017, 0.2741205766455767, 0.21943762626262628, 0.3015544955044954], [0.30501465478965467, 0.2704082362082362, 0.16024026806526814, 0.2643368409368411], [0.25015686747892635, 0.3116481074481073, 0.17135043355337481, 0.2668445915195916], [0.26842756328638695, 0.21378094144417695, 0.20283457996252124, 0.31495691530691516], [0.30704241591741566, 0.2507878649128651, 0.18622105394605412, 0.25594866522366544], [0.242262975260034, 0.26904978909978927, 0.15885846718640856, 0.32982876845376846], [0.23107005772005793, 0.319238666888667, 0.20536399433899444, 0.24432728105228124], [0.2658002772081721, 0.32386394716394706, 0.15379449439449452, 0.2565412812333866], [0.27317405372405384, 0.2662453546453547, 0.20263147408147414, 0.25794911754911765], [0.22138054168054178, 0.29423583638583645, 0.19035613830613834, 0.2940274836274837], [0.25000971805971817, 0.2666725663225663, 0.20829951992451984, 0.27501819569319585], [0.22850818531313907, 0.25541250693750706, 0.2467985715265128, 0.26928073622284154], [0.22972335638218006, 0.2810957023368788, 0.21645065490065496, 0.2727302863802864], [0.28549654234654254, 0.2799692030192031, 0.19798333055833064, 0.23655092407592426], [0.27348107448107456, 0.27888413808413803, 0.17599467199467209, 0.2716401154401155], [0.2898185786435785, 0.2982515873015873, 0.1705174519924521, 0.24141238206238202], [0.2562461149961151, 0.27486490111196, 0.20747248927543047, 0.2614164946164947], [0.32628693218546156, 0.2200100954600955, 0.15544270451770456, 0.2982602678367385], [0.2941042953778249, 0.2513769841269842, 0.1934963647463648, 0.26102235574882654], [0.26262233322233336, 0.26323415195915195, 0.17951722166722173, 0.29462629315129313], [0.22153083648377775, 0.282824992491169, 0.22916132331720573, 0.26648284770784775], [0.21581632811632825, 0.3291666230827994, 0.16651336996337004, 0.2885036788375024], [0.2173357457901577, 0.2955320881732647, 0.2121424443203854, 0.27498972171619235], [0.23296435202224694, 0.3337416694416695, 0.2125313852813853, 0.22076259325469869], [0.2693621600621601, 0.2572254717504717, 0.1812865023865024, 0.29212586580086586], [0.24620259185259202, 0.2581117743367745, 0.2375838744588745, 0.2581017593517593], [0.26417535242535245, 0.25835035520035543, 0.1905772893772894, 0.28689700299700316], [0.2321612075832666, 0.29739153281359165, 0.19431412052000302, 0.2761331390831391], [0.2681121763857059, 0.25464097373215017, 0.19240342304754077, 0.2848434268346033], [0.24713800611153555, 0.2595732545232546, 0.19733993506493516, 0.295948804300275], [0.20651091686091694, 0.3126330447330449, 0.1723843212343213, 0.3084717171717169], [0.26669526029526036, 0.25217380952380963, 0.16340471750471752, 0.31772621267621265], [0.26452152847152854, 0.2654771106344636, 0.14393036212153876, 0.32607099877246937], [0.25992687867687875, 0.25471074203574223, 0.16526278998779007, 0.32009958929958926], [0.302776008958362, 0.2584603321515088, 0.14036703296703307, 0.2983966259230965], [0.34725231712731697, 0.20263654678654694, 0.17745581640581654, 0.27265531968031964], [0.3033893162393163, 0.2704841769341771, 0.17026332556332557, 0.2558631812631814], [0.2432477355977358, 0.28683145188145204, 0.2009898296148297, 0.26893098290598294], [0.2030865489086078, 0.29965546398046394, 0.19846142533936664, 0.29879656177156183], [0.24259035409035412, 0.28611717449217455, 0.17890983183483194, 0.2923826395826396], [0.26137844296226664, 0.2864630183541949, 0.18310187312687315, 0.26905666555666546], [0.240995215895216, 0.2674923742923744, 0.2109494366744368, 0.2805629731379732], [0.2278330669330671, 0.270249269031622, 0.225266037557214, 0.2766516264780971], [0.2567746420246422, 0.3265724608724608, 0.17534961149961156, 0.24130328560328568], [0.26087052032934394, 0.2552455996617762, 0.17895308580308597, 0.30493079420579416], [0.2765207570207571, 0.24065073815073834, 0.213990848040848, 0.2688376567876569], [0.2743272727272726, 0.28006406926406924, 0.1902226551226552, 0.255386002886003], [0.29334334831834824, 0.24609854589854602, 0.14198921633921638, 0.31856888944388917], [0.27803356365856374, 0.26779692072633243, 0.16710675860087637, 0.2870627570142276], [0.26521886381592286, 0.26542956765456777, 0.20982701807995932, 0.2595245504495506], [0.26910244967450864, 0.21623892496392502, 0.22070757363551488, 0.2939510517260518], [0.2833735597735599, 0.27264218771424675, 0.18783169395963517, 0.2561525585525586], [0.21137230661495382, 0.22094321511821527, 0.16998794342911996, 0.397696534837711], [0.2581269841269843, 0.3113849810320399, 0.1811008886538298, 0.24938714618714633], [0.2388446608946611, 0.30757612665112677, 0.18929751637251638, 0.2642816960816961], [0.23118733129615493, 0.27890941558441545, 0.223217784992785, 0.2666854681266446], [0.20386930014430016, 0.2960254551004551, 0.21780108225108236, 0.2823041625041625], [0.2595746753246755, 0.2739087523587525, 0.19337385947385968, 0.27314271284271296], [0.23735661838161848, 0.27220569985569976, 0.15658294760794764, 0.3338547341547342], [0.23870115995116006, 0.2950574092574092, 0.2045140997890998, 0.261727331002331], [0.23006394716394715, 0.3459726773226773, 0.1801489787989789, 0.24381439671439675], [0.2849190365190367, 0.24704387556887586, 0.18096209068709077, 0.28707499722499735], [0.2980301864801867, 0.28480447330447306, 0.15017623662886825, 0.2669891035864721], [0.2690021645021645, 0.2701743090243091, 0.2143610722610723, 0.24646245421245425], [0.28461061161061174, 0.24880184260184274, 0.17413505106005114, 0.29245249472749485], [0.25707355977356, 0.2795106726606727, 0.18886178266178266, 0.27455398490398497], [0.27965656777862674, 0.2323370490620493, 0.1730948391477804, 0.314911544011544], [0.24186827682121792, 0.3434576348488112, 0.17457101362689614, 0.24010307470307485], [0.19064513264513283, 0.2797381202131201, 0.22892463092463106, 0.30069211621711633], [0.257760400057459, 0.27990066534772423, 0.1610518383577207, 0.30128709623709626], [0.28971565101565094, 0.2821359695859696, 0.16245418470418477, 0.26569419469419464], [0.22782410367410388, 0.29993629148629153, 0.18444063714063721, 0.2877989676989675], [0.2569301175948236, 0.2766090576090578, 0.17144089113500885, 0.29501993366111007], [0.19926247200511918, 0.2612210910005029, 0.24112335474982546, 0.29839308224455274], [0.25008441558441563, 0.26969608169608167, 0.20889049839049845, 0.2713290043290044], [0.26155334028716387, 0.27917633559251204, 0.1679030303030304, 0.29136729381729376], [0.2700294649794651, 0.2795750742721332, 0.15467586367880493, 0.2957195970695972], [0.2741544955044955, 0.268109373959374, 0.18200885780885784, 0.2757272727272727], [0.2623802752802754, 0.23835672105672123, 0.20167362082362084, 0.2975893828393829], [0.20725767565767583, 0.2677577422577423, 0.22969449439449444, 0.2952900876900876], [0.33116521256521253, 0.24115120990121006, 0.14609876789876794, 0.2815848096348097], [0.2306896392822864, 0.33262781107781103, 0.1803258249920015, 0.25635672464790116], [0.2651378892349482, 0.2340753968253969, 0.15850905271199398, 0.3422776612276612], [0.2676284878863826, 0.3025140214360804, 0.16272665732959865, 0.2671308333479386], [0.24757777777777776, 0.2601455266955268, 0.16863932178932173, 0.32363737373737367], [0.2482275890775893, 0.30096682761682764, 0.1833749139749141, 0.2674306693306694], [0.24854944499944515, 0.28157895437895447, 0.20063602622867335, 0.2692355743929274], [0.23530863025863039, 0.29040994283494276, 0.21408757353757366, 0.2601938533688535], [0.24547373737373748, 0.2353192689663279, 0.1847574876104288, 0.3344495060495061], [0.34621749887539377, 0.22607253302253308, 0.14314879564879573, 0.28456117245327783], [0.32705315795315804, 0.24501933066933076, 0.15229487734487737, 0.27563263403263405], [0.2896335148511617, 0.25334539904539904, 0.17814536378654036, 0.27887572231689883], [0.27077628482628496, 0.25633504208210106, 0.16654292717086833, 0.3063457459207459], [0.28382368742368747, 0.27462227217227203, 0.19257215007215012, 0.2489818903318904], [0.27560476190476196, 0.2997269266681032, 0.14372023532023534, 0.28094807610689965], [0.24885091575091584, 0.2885740308710894, 0.1886196199225612, 0.27395543345543344], [0.31311161061161075, 0.2540013161674926, 0.16379724997225006, 0.26908982324864694], [0.2604820473644004, 0.24252141747141734, 0.1798150793650795, 0.31718145579910273], [0.2613861080440029, 0.28472440892440887, 0.16793219558219571, 0.2859572874493928], [0.2662066017316019, 0.26314962537462533, 0.17829432234432255, 0.2923494505494504], [0.26016735927471224, 0.2378405400155402, 0.18509745809745812, 0.3168946426122898], [0.27286126096126107, 0.2694089299589299, 0.14558876123876147, 0.31214104784104785], [0.28071889466742406, 0.23312481129981147, 0.20013506771006778, 0.28602122632269694], [0.24187909508791858, 0.26840481462981464, 0.17379324009324024, 0.31592285018902677], [0.23863263403263418, 0.2848755883005883, 0.16721630036630036, 0.30927547730047733], [0.25374680319680326, 0.27723552003552016, 0.20649357864357884, 0.2625240981240982], [0.23002541902541912, 0.31216638639138644, 0.1882787989787991, 0.2695293956043956], [0.21221084471084475, 0.29915033740769015, 0.16305554804672465, 0.3255832698347402], [0.24208121878121888, 0.28573447385947376, 0.19876334776334786, 0.27342095959595963], [0.23321690743896645, 0.28008023088023093, 0.23428994681788798, 0.252412914862915], [0.32873384670884653, 0.23894412254412262, 0.16211757131757148, 0.2702044594294595], [0.274455685980686, 0.26279784382284377, 0.165777602952603, 0.2969688672438672], [0.27523691308691345, 0.23682027139527145, 0.21024215784215783, 0.2777006576756578], [0.28405437062937067, 0.25718969918969925, 0.15595776723276727, 0.302798162948163], [0.26385728095433986, 0.29396217393717394, 0.15963865089159207, 0.2825418942168944], [0.22432570207570227, 0.3120791597291598, 0.18631168831168846, 0.27728344988344994], [0.23811430236430242, 0.28184920634920646, 0.18884111444111445, 0.29119537684537694], [0.3251679181929181, 0.24508783716283725, 0.15465562215562223, 0.2750886224886225], [0.24678653013653026, 0.2745528693528694, 0.19826270673770688, 0.28039789377289365]]}}