{"test": {"ids": ["110116300", "105116441", "108116481", "110119300", "113118490", "108117451", "104113380", "101108121", "100111380", "110114610", "113121410", "100109360", "107113840", "108114040", "102109010", "111114121", "105113620", "113122510", "109118161", "100109801", "113117630", "109121410", "97105451", "103113270", "113118511", "108113480", "97106591", "99113260", "103120290", "111119580", "110115140", "99116500", "112116900", "107117010", "101112690", "109115220", "113119320", "112119980", "107118520", "106118520", "103120780", "107113180", "99109370", "99108310", "109117431", "111116040", "100115700", "98108150", "101117580", "109118701", "97113260", "99120010", "105119950", "102109850", "109114270", "113122650", "113122170", "110120640", "106113360", "99107950", "103112470", "113121680", "113120601", "105110091", "111118820", "112118530", "105118171", "110118630", "112116810", "108120621", "107121540", "99112531", "113117550", "113122180", "112118421", "105115900", "111120190", "106114880", "98110230", "105113170", "112120670", "102110850", "109113931", "113122150", "103110100", "103113170", "111121930", "102109840", "112119120", "99109161", "105116090", "111121410", "101109000", "110113591", "106114280", "97105760", "106117790", "112116451", "113121980", "101111990", "105113260", "111117000", "98111620", "108118301", "112118930", "100109980", "112117790", "111121190", "113121220", "108121410", "102114270", "100108990", "98110810", "97106600", "99109910", "103109021", "111118810", "113119300", "110116501", "112118581", "109113591", "102110240", "110114321", "113120260", "102113981", "112117571", "99107560", "108116070", "102110500", "113118810", "99107630", "105121370", "99121440", "113120540", "111116010", "108118060", "102117351", "101121640", "100107920", "109120621", "110121140", "111116530"], "labels": [3, 1, 0, 1, 1, 2, 1, 0, 3, 1, 0, 0, 3, 0, 1, 0, 0, 2, 0, 0, 0, 0, 0, 2, 1, 0, 1, 0, 2, 3, 0, 2, 3, 1, 1, 3, 1, 0, 2, 2, 1, 3, 1, 2, 1, 0, 1, 0, 3, 3, 1, 2, 3, 1, 3, 2, 1, 0, 0, 1, 1, 1, 2, 0, 0, 1, 3, 1, 3, 1, 2, 3, 3, 2, 3, 3, 3, 0, 3, 0, 2, 3, 1, 2, 1, 3, 1, 2, 1, 3, 1, 0, 1, 0, 3, 0, 1, 0, 2, 2, 3, 0, 3, 1, 1, 1, 3, 1, 3, 0, 3, 2, 1, 3, 2, 0, 0, 1, 3, 1, 3, 3, 1, 3, 1, 3, 1, 1, 3, 3, 2, 2, 2, 3, 1, 1, 1, 2, 0, 1, 3, 3], "predicted_labels": [1, 1, 0, 1, 3, 3, 3, 0, 3, 0, 3, 3, 1, 1, 3, 1, 1, 3, 1, 3, 3, 1, 1, 3, 1, 3, 1, 3, 1, 0, 3, 2, 1, 1, 3, 3, 3, 1, 1, 1, 3, 1, 1, 1, 0, 3, 3, 2, 3, 1, 1, 1, 0, 2, 3, 3, 3, 3, 3, 1, 1, 3, 1, 0, 0, 1, 3, 3, 2, 3, 3, 3, 3, 3, 3, 3, 3, 1, 1, 3, 3, 1, 1, 1, 1, 3, 2, 1, 3, 0, 0, 1, 3, 0, 3, 0, 1, 0, 0, 3, 3, 1, 2, 1, 3, 0, 3, 0, 3, 1, 1, 1, 1, 3, 1, 3, 0, 3, 1, 1, 1, 1, 1, 3, 3, 1, 1, 3, 0, 1, 3, 1, 1, 3, 1, 3, 0, 3, 3, 3, 0, 1], "confidence_scores": [[0.24782615865213148, 0.2966245350193749, 0.14562239316995768, 0.30992691315853604], [0.266092299258156, 0.3011140053750121, 0.13384014726920807, 0.2989535480976236], [0.32309372357316063, 0.27306194850302096, 0.08637718862244344, 0.31746713930137466], [0.22299239536002724, 0.2993370572275203, 0.18564513834093344, 0.2920254090715192], [0.2583185012028813, 0.27700735684345557, 0.10105016989685756, 0.3636239720568056], [0.29640192016147554, 0.2523413605964129, 0.10330323215992582, 0.3479534870821858], [0.25344755114719575, 0.26530566112678183, 0.13890697157838736, 0.3423398161476348], [0.3437570443443757, 0.21983083251012012, 0.12581467343228214, 0.3105974497132218], [0.25122089648220886, 0.2701004976698808, 0.20117139844108492, 0.27750720740682555], [0.2643694874897243, 0.26200712588169445, 0.24213404812994047, 0.23148933849864092], [0.28294511902530095, 0.2800180505062668, 0.07263416547013406, 0.3644026649982979], [0.28646314647513843, 0.2369628847712479, 0.16902685096458406, 0.3075471177890299], [0.21286136797661492, 0.33375328152673556, 0.18048305146774846, 0.27290229902890134], [0.15057045273430827, 0.2914919076647981, 0.31116209396121336, 0.24677554563967996], [0.18970489738490984, 0.2616368902857751, 0.32618965360879076, 0.22246855872052418], [0.29290062141139567, 0.29959325889454413, 0.0844244017222926, 0.32308171797176755], [0.14635588485147802, 0.30230571339012696, 0.31261733953931614, 0.2387210622190793], [0.13367750500409997, 0.28091333324198753, 0.3220844709867111, 0.26332469076720144], [0.2044445976218146, 0.33157984161652976, 0.19153226455469402, 0.27244329620696167], [0.23796759113933758, 0.2789042970728721, 0.16524334948943956, 0.3178847622983507], [0.25697569900016837, 0.2591426418005169, 0.20605470680093488, 0.27782695239838007], [0.15750603713718067, 0.3442311055445886, 0.17280105220154146, 0.3254618051166893], [0.22436088719207506, 0.2938478252802435, 0.19432976717365225, 0.2874615203540293], [0.18658239436610488, 0.2458163650071529, 0.3240396405862631, 0.24356160004047916], [0.2177910218638659, 0.3275820570413754, 0.15124391010803634, 0.30338301098672243], [0.20170572019845354, 0.29949951878347264, 0.1925949690934625, 0.30619979192461133], [0.16673212227582748, 0.2895859530947496, 0.37340267915480396, 0.170279245474619], [0.21899412491866585, 0.23387316305612516, 0.3385450139295861, 0.20858769809562266], [0.1307030609511983, 0.29411416855590233, 0.3518240924831301, 0.2233586780097694], [0.3653849746721633, 0.2692730171341307, 0.05985892983988351, 0.30548307835382266], [0.28455018571842583, 0.24184100262045255, 0.15461220323851926, 0.3189966084226024], [0.14059516625113, 0.2685752482042079, 0.39021516652072324, 0.20061441902393873], [0.2701319501303824, 0.28173421884907596, 0.14358950487299857, 0.304544326147543], [0.24339941215350067, 0.31390550797207206, 0.19921597656867984, 0.24347910330574743], [0.32652300307480964, 0.23383882752967397, 0.09485435376362535, 0.34478381563189103], [0.22351970151947675, 0.28346201548869376, 0.16422671413114304, 0.3287915688606864], [0.2739566023366261, 0.30447073354572773, 0.0858621604178662, 0.33571050369978017], [0.27460743174178825, 0.31699952377360696, 0.10249753209386556, 0.30589551239073925], [0.2670991437459474, 0.3141143472833207, 0.11775643358587859, 0.3010300753848535], [0.17730555440161275, 0.32287501649990547, 0.2744664460434419, 0.2253529830550399], [0.2643583591120893, 0.272827360582761, 0.14684101234053126, 0.3159732679646185], [0.16842446328053778, 0.30741915176751483, 0.22080161361659165, 0.30335477133535593], [0.22234466836460626, 0.3405472639557629, 0.24302856370682802, 0.1940795039728029], [0.17431545496150982, 0.3050487614754801, 0.3080050906556776, 0.2126306929073325], [0.322496226987818, 0.27524382342207565, 0.07623898435959704, 0.3260209652305094], [0.28659427921285396, 0.2661690580135916, 0.09719315989496376, 0.3500435028785907], [0.23689546951652568, 0.2584258903793486, 0.21212440691419035, 0.29255423318993545], [0.14009726291211155, 0.2755247572610228, 0.4128701464123545, 0.17150783341451104], [0.2529528495858056, 0.2591498478715201, 0.18156811905121695, 0.3063291834914572], [0.2390835764906288, 0.28617624363359606, 0.1892745755532903, 0.28546560432248475], [0.17587520677687013, 0.26703966646252625, 0.36359269894596175, 0.193492427814642], [0.2535676511193958, 0.30145959366237346, 0.19809274226331164, 0.24688001295491907], [0.2926014852094216, 0.24275284783978496, 0.24288088333724384, 0.2217647836135497], [0.1635031754789954, 0.2344984298686166, 0.43828322486228605, 0.16371516979010198], [0.3109454725539058, 0.2822068966660067, 0.0530934653577919, 0.3537541654222955], [0.2054164565563728, 0.26756866046703703, 0.27304103916132166, 0.2539738438152684], [0.14486926982495302, 0.26983215339440814, 0.3025495411500342, 0.2827490356306047], [0.3236483477095024, 0.24934717985030425, 0.09001638375205061, 0.3369880886881428], [0.2376189682050266, 0.29518941293899775, 0.12833262982530722, 0.3388589890306683], [0.13804024370296078, 0.32289657395814725, 0.3901699466272024, 0.14889323571169], [0.18921243863270412, 0.29155129095305926, 0.2829581467103007, 0.2362781237039356], [0.18029408233462613, 0.28225013947346844, 0.27962492871657896, 0.25783084947532653], [0.1538264367598534, 0.28080274151587387, 0.36666413649277635, 0.1987066852314967], [0.3586627223887546, 0.2413130762870919, 0.11732685700902927, 0.2826973443151243], [0.38072189734280715, 0.22827980570302572, 0.08498462359504434, 0.30601367335912255], [0.16459676418157362, 0.30498092888229555, 0.28658293990761263, 0.2438393670285181], [0.2836528387222271, 0.2734060914175794, 0.11466749562222185, 0.32827357423797193], [0.13183614570737254, 0.28788878856590655, 0.3285964069163127, 0.2516786588104084], [0.20237636489825217, 0.2474158818050019, 0.3589084911505433, 0.1912992621462026], [0.2692641968188099, 0.2753377869916662, 0.1472425602319749, 0.3081554559575491], [0.14210333126428362, 0.2732425261203083, 0.35654353142206574, 0.22811061119334258], [0.19943337242851106, 0.24824933019236883, 0.2802836929483023, 0.2720336044308178], [0.22659163178692374, 0.26010449265532815, 0.17389590938284746, 0.3394079661749007], [0.1521779223943198, 0.2852399254998805, 0.27582186770543843, 0.28676028440036117], [0.2748687144567181, 0.2894572771870615, 0.08084960319230529, 0.3548244051639152], [0.21423522603310705, 0.28373934874061046, 0.17220640210269533, 0.329819023123587], [0.2237376927860836, 0.2712077519472647, 0.1580605885562315, 0.34699396671041993], [0.16502379685016275, 0.3069182703212226, 0.30991357476498765, 0.21814435806362675], [0.17638821620377668, 0.2959686292786647, 0.2786594812528075, 0.24898367326475113], [0.21446199253487747, 0.276738287373815, 0.18679921400252578, 0.32200050608878183], [0.21185124888216328, 0.30992205751888324, 0.15106635665228604, 0.3271603369466674], [0.14920806214061225, 0.324047243043161, 0.2362220749767172, 0.2905226198395098], [0.1879243684497862, 0.28860120575671655, 0.25339627950419175, 0.2700781462893052], [0.22616698177718256, 0.3365784412412788, 0.145915461812996, 0.2913391151685425], [0.2565485199988793, 0.2861055786899218, 0.24722883777983834, 0.21011706353136037], [0.2279297124654507, 0.27755982738845686, 0.2062203566871356, 0.28829010345895656], [0.15976230671514377, 0.2535998643652381, 0.4098399892566697, 0.1767978396629483], [0.20749542142781424, 0.291888479314267, 0.25360820094998776, 0.24700789830793132], [0.24442876291366505, 0.2706061907135598, 0.1654134214022402, 0.31955162497053485], [0.3360558299831437, 0.25648648535860885, 0.17232992142574632, 0.23512776323250123], [0.31703230188716164, 0.2725569740678356, 0.08749841781648261, 0.3229123062285204], [0.2686098028150927, 0.29905430051109133, 0.12319435173039306, 0.30914154494342294], [0.2774348828308725, 0.27273902171531933, 0.10774899570805332, 0.34207709974575473], [0.4081872923733158, 0.2128244031301157, 0.059841891905335384, 0.31914641259123316], [0.26737391356950146, 0.2691030180978636, 0.16431622047985567, 0.2992068478527794], [0.3212854919249869, 0.2658097684482466, 0.09643735566262646, 0.31646738396414004], [0.20470269659147244, 0.2993725851040226, 0.19247550214625286, 0.30344921615825204], [0.3140576784906052, 0.2530095475285522, 0.1311546324206058, 0.30177814156023697], [0.34871140564212466, 0.31113763152745927, 0.028276164718415188, 0.311874798112001], [0.15311404341009166, 0.2885111836690379, 0.29844124813440637, 0.2599335247864641], [0.25319538353604043, 0.2661847863824378, 0.19823855704787632, 0.2823812730336455], [0.20260966006208017, 0.29439591970800427, 0.22636553368526038, 0.2766288865446551], [0.0940649182663757, 0.30330452250098733, 0.44400946295522964, 0.15862109627740764], [0.229838112489198, 0.32599339921091186, 0.10985969884881461, 0.3343087894510757], [0.26631369324330395, 0.2776184140018939, 0.10717052912960477, 0.34889736362519747], [0.30057035986763514, 0.24228234911638113, 0.18624996521612322, 0.2708973257998604], [0.28830510962481903, 0.26510602690045854, 0.09238451055754288, 0.35420435291717944], [0.3725741064008861, 0.2355919649249209, 0.09843660653619594, 0.293397322137997], [0.30905343614720965, 0.24520758070402185, 0.09554562284168151, 0.3501933603070871], [0.23381816020204443, 0.33062000771831956, 0.12066732390767901, 0.3148945081719573], [0.15851340545119497, 0.29520461488788635, 0.3057716640909642, 0.24051031556995411], [0.22296672683022317, 0.27172667586593796, 0.24691338628348783, 0.2583932110203513], [0.1280625912691821, 0.29187483947254456, 0.42447778143745807, 0.1555847878208153], [0.2577897882183979, 0.26816161734775, 0.16655035610985167, 0.3074982383240004], [0.2316862287874163, 0.2696184424178443, 0.30957488157319935, 0.18912044722153995], [0.22226407197920225, 0.26448680846323885, 0.2426614114154596, 0.27058770814209926], [0.3083811075099983, 0.26384307442205523, 0.12475923773740824, 0.3030165803305381], [0.27721363235398083, 0.29439527145394745, 0.10392190923405749, 0.324469186958014], [0.27630037352344805, 0.310163637937959, 0.09744560655096123, 0.31609038198763184], [0.14193258622318114, 0.3119092748743172, 0.2982503217708935, 0.2479078171316082], [0.29133707684945165, 0.29424685108904275, 0.09435440497204532, 0.32006166708946016], [0.23672615537256653, 0.2881584488762753, 0.18473367270938082, 0.2903817230417775], [0.24623269053754382, 0.2912405040286005, 0.16192482292381682, 0.3006019825100388], [0.23753047236067457, 0.2660343431703457, 0.20052714724053428, 0.29590803722844544], [0.27058878159409266, 0.27626913521259744, 0.15182946722170848, 0.3013126159716017], [0.2043468214687033, 0.3107010451261415, 0.17090974021786828, 0.314042393187287], [0.2414930762760926, 0.29386611018591374, 0.2565872481573721, 0.20805356538062153], [0.22751028147752803, 0.2690363535766543, 0.19617261487017068, 0.3072807500756468], [0.337097865131904, 0.2071834081922527, 0.17323572580359073, 0.28248300087225275], [0.2864008100356112, 0.2837856683858489, 0.17243633523832316, 0.2573771863402167], [0.24645841821425737, 0.25049255026367084, 0.18307313493110955, 0.31997589659096226], [0.157338050599737, 0.3379079497732798, 0.2511407752922465, 0.25361322433473654], [0.15362177362278825, 0.2981590245575148, 0.3515744797509846, 0.19664472206871272], [0.27384413122979373, 0.28008659183292417, 0.1423005283765273, 0.30376874856075475], [0.15917757361377605, 0.3195124745223832, 0.3015904598387274, 0.21971949202511332], [0.27709971321925425, 0.24752573801727742, 0.15400488876906215, 0.3213696599944063], [0.32056388866217383, 0.29030492956069515, 0.09586872083162043, 0.2932624609455106], [0.17845845739705835, 0.2873857375409656, 0.24902094916457881, 0.28513485589739695], [0.257893566956095, 0.26263400677957216, 0.17929790146615396, 0.3001745247981787], [0.2443123879999408, 0.27847183727787245, 0.11465723724214269, 0.3625585374800441], [0.38658906670503246, 0.23361285664166684, 0.07935947338679668, 0.30043860326650407], [0.22855706813861623, 0.3182847356330026, 0.13831389665608576, 0.31484429957229515]]}, "rewritten": {"ids": ["97105451", "97105760", "97106591", "97106600", "97113260", "98108150", "98110230", "98110810", "98111620", "99107560", "99107630", "99107950", "99108310", "99109161", "99109370", "99109910", "99112531", "99113260", "99116500", "99120010", "99121440", "100107920", "100108990", "100109360", "100109801", "100109980", "100111380", "100115700", "101108121", "101109000", "101111990", "101112690", "101117580", "101121640", "102109010", "102109840", "102109850", "102110240", "102110500", "102110850", "102113981", "102114270", "102117351", "103109021", "103110100", "103112470", "103113170", "103113270", "103120290", "103120780", "104113380", "105110091", "105113170", "105113260", "105113620", "105115900", "105116090", "105116441", "105118171", "105119950", "105121370", "106113360", "106114280", "106114880", "106117790", "106118520", "107113180", "107113840", "107117010", "107118520", "107121540", "108113480", "108114040", "108116070", "108116481", "108117451", "108118060", "108118301", "108120621", "108121410", "109113591", "109113931", "109114270", "109115220", "109117431", "109118161", "109118701", "109120621", "109121410", "110113591", "110114321", "110114610", "110115140", "110116300", "110116501", "110118630", "110119300", "110120640", "110121140", "111114121", "111116010", "111116040", "111116530", "111117000", "111118810", "111118820", "111119580", "111120190", "111121190", "111121410", "111121930", "112116451", "112116810", "112116900", "112117571", "112117790", "112118421", "112118530", "112118581", "112118930", "112119120", "112119980", "112120670", "113117550", "113117630", "113118490", "113118511", "113118810", "113119300", "113119320", "113120260", "113120540", "113120601", "113121220", "113121410", "113121680", "113121980", "113122150", "113122170", "113122180", "113122510", "113122650"], "labels": [0, 0, 1, 3, 1, 0, 3, 1, 3, 1, 2, 1, 2, 3, 1, 2, 3, 0, 2, 2, 2, 0, 2, 0, 0, 1, 3, 1, 0, 1, 2, 1, 3, 2, 1, 2, 1, 3, 3, 3, 1, 3, 1, 0, 1, 1, 3, 2, 2, 1, 1, 0, 0, 3, 0, 3, 1, 1, 3, 3, 2, 0, 3, 0, 1, 2, 3, 3, 1, 2, 2, 0, 0, 1, 0, 2, 1, 1, 1, 0, 3, 1, 3, 3, 1, 0, 3, 1, 0, 0, 1, 1, 0, 3, 3, 1, 1, 0, 3, 0, 1, 0, 3, 0, 0, 0, 3, 3, 1, 0, 1, 0, 3, 3, 3, 3, 3, 1, 1, 1, 1, 0, 2, 3, 0, 1, 1, 3, 1, 1, 3, 3, 2, 3, 0, 1, 2, 2, 1, 2, 2, 2], "predicted_labels": [1, 3, 1, 2, 1, 2, 3, 1, 1, 1, 0, 2, 1, 0, 1, 0, 3, 0, 2, 1, 1, 3, 1, 3, 0, 3, 3, 3, 0, 3, 1, 3, 3, 1, 3, 1, 2, 1, 3, 1, 1, 2, 1, 3, 0, 1, 1, 3, 1, 3, 3, 0, 1, 1, 1, 3, 1, 1, 0, 3, 1, 1, 3, 1, 1, 0, 1, 1, 1, 1, 3, 1, 2, 1, 1, 3, 3, 1, 0, 1, 1, 1, 3, 3, 1, 1, 3, 3, 3, 3, 1, 0, 3, 3, 1, 3, 1, 3, 0, 1, 0, 0, 1, 1, 0, 0, 0, 3, 0, 0, 1, 1, 1, 1, 3, 3, 3, 1, 2, 3, 3, 1, 1, 3, 0, 3, 1, 1, 3, 3, 3, 1, 1, 0, 3, 1, 0, 1, 3, 3, 2, 3], "confidence_scores": [[0.19046632870616462, 0.2685665904040851, 0.3104871355050933, 0.23047994538465716], [0.22610506755300558, 0.2836724569852322, 0.18421403195301456, 0.3060084435087475], [0.18219043858357448, 0.26813730766057825, 0.3257039254513756, 0.22396832830447172], [0.21104320365315124, 0.24076712625198285, 0.36124558950798297, 0.18694408058688292], [0.1938035045212413, 0.27747370163149915, 0.2983356560964902, 0.23038713775076927], [0.15249934249020677, 0.26082753661338026, 0.38913771455329244, 0.1975354063431206], [0.1675161392694254, 0.2660672405507335, 0.3125205273937436, 0.25389609278609754], [0.14749832445077127, 0.2975279558527643, 0.3773389868964173, 0.177634732800047], [0.15247181244939323, 0.30869260239139706, 0.32197300582649346, 0.21686257933271602], [0.2313281319633854, 0.2969633111261394, 0.287703018081364, 0.1840055388291113], [0.3392690952453663, 0.21081582046268438, 0.13255144454866552, 0.3173636397432836], [0.11368338977740872, 0.30090721166726453, 0.4507824392855251, 0.13462695926980164], [0.19054010564969065, 0.2851195128685024, 0.2933436760820407, 0.2309967053997662], [0.420197498660664, 0.23092187623176055, 0.09408219108968953, 0.2547984340178858], [0.24089827905568134, 0.2936847558594173, 0.27197494351583107, 0.19344202156907045], [0.28878364726223726, 0.2151889143938313, 0.3068912954183441, 0.1891361429255876], [0.1673563599556229, 0.26895222549182063, 0.29813477348461137, 0.2655566410679453], [0.27502285612493965, 0.22521768633774178, 0.2513135522667987, 0.2484459052705201], [0.19211271567050742, 0.254291299689288, 0.3536209316972136, 0.19997505294299123], [0.2478012917403452, 0.2725035463078268, 0.2526836534302843, 0.2270115085215433], [0.17127700129080786, 0.286874045514524, 0.3264264217601533, 0.21542253143451467], [0.2363585734230577, 0.2657706280488414, 0.22188840030702495, 0.27598239822107573], [0.15620241397565532, 0.2920636118054964, 0.39474392290962057, 0.1569900513092276], [0.2368391412502897, 0.26134541703502095, 0.24812790593968914, 0.25368753577500003], [0.268791304390576, 0.24856936193067056, 0.22334010170768884, 0.2592992319710644], [0.21963529871653867, 0.2659605658103356, 0.25536766328508403, 0.2590364721880416], [0.1962970404912699, 0.253126430512349, 0.29578321288033915, 0.2547933161160419], [0.22002580704526964, 0.24541548898582552, 0.2878513316407926, 0.24670737232811227], [0.30095352844320633, 0.24330620528472152, 0.18016384163712676, 0.2755764246349455], [0.27592217698598376, 0.27860842050511697, 0.12228117599283196, 0.3231882265160674], [0.16721680120183097, 0.284032449809746, 0.33852554723708883, 0.21022520175133425], [0.1746836113541236, 0.24915218513964763, 0.313552471412418, 0.2626117320938109], [0.17552645412093093, 0.2787485761376455, 0.28735565093867954, 0.25836931880274394], [0.17766996550540765, 0.28496019671394407, 0.26435373829832914, 0.27301609948231903], [0.2224570364888459, 0.2605047282106739, 0.24375255751616232, 0.273285677784318], [0.198406957478583, 0.3076602177265823, 0.25913843769141487, 0.23479438710342013], [0.22120201423651975, 0.24335367927866983, 0.3489895819453583, 0.18645472453945192], [0.21117863760214403, 0.2763986856414026, 0.2762571670991689, 0.23616550965728478], [0.23760979007228517, 0.2558333141538233, 0.21380547580265363, 0.2927514199712379], [0.13668420227505382, 0.2899827473314278, 0.3910456184129194, 0.18228743198059888], [0.21498469297649528, 0.26592440966840236, 0.274781238846204, 0.24430965850889846], [0.15311286202989305, 0.270389392818245, 0.4040839633387946, 0.17241378181306705], [0.30227378019803, 0.3230290232246258, 0.0958616765549949, 0.27883552002234946], [0.19540717930742676, 0.2563884009469252, 0.3096028137695978, 0.23860160597605024], [0.28698001470206336, 0.2615592755830592, 0.23042821638129735, 0.22103249333358035], [0.22517012647148757, 0.2756681144230386, 0.23881438850513942, 0.26034737060033436], [0.19096840720816702, 0.2855244195609952, 0.2958150896831493, 0.22769208354768833], [0.2186084672970325, 0.2542563864786721, 0.29158306884649926, 0.23555207737779627], [0.1363049977286275, 0.28697782785356646, 0.36153876082145164, 0.21517841359635456], [0.2005455834419202, 0.26838736586853323, 0.2627961545541792, 0.2682708961353675], [0.1723011624733262, 0.26070856335458964, 0.29446112344583336, 0.2725291507262511], [0.2773305097105407, 0.2388467530909544, 0.2545942830510428, 0.22922845414746193], [0.15159275545775644, 0.27284528125496094, 0.36586468172836756, 0.2096972815589152], [0.20227863576109645, 0.2811694367014591, 0.26338098613994315, 0.2531709413975015], [0.18021003367578653, 0.30173454975912706, 0.35858283851924977, 0.1594725780458366], [0.20013273027356146, 0.2602382723708539, 0.30321049405808276, 0.23641850329750147], [0.2455085410215901, 0.2749340629432546, 0.21759367925343862, 0.26196371678171665], [0.19671445246507663, 0.2801729584649814, 0.30509113702297985, 0.2180214520469623], [0.2816373611149807, 0.2591006500004602, 0.19661329345650616, 0.262648695428053], [0.24545767015995892, 0.252801462629187, 0.2483391637915378, 0.2534017034193163], [0.15427647483391493, 0.2895013792599194, 0.33020548950022577, 0.22601665640594001], [0.2394749560207155, 0.28434106637387885, 0.21288508698686787, 0.2632988906185378], [0.22025216518645144, 0.2537698346709672, 0.2891276282478405, 0.23685037189474098], [0.1673577473050804, 0.29463709716438596, 0.3287380377094933, 0.2092671178210408], [0.18272895271515302, 0.31010430057489746, 0.22421718799304433, 0.2829495587169051], [0.22875602890299385, 0.2534211433548888, 0.3055759116754737, 0.21224691606664342], [0.18792040803073531, 0.2839091823664184, 0.25800358315967603, 0.27016682644316997], [0.23543103646590433, 0.29565646940832435, 0.26225247171712723, 0.2066600224086441], [0.2734478324178385, 0.2783086228263395, 0.2130256186010926, 0.2352179261547293], [0.27263713648597193, 0.29818076162841145, 0.15278911481050064, 0.2763929870751158], [0.1917590759668945, 0.2525254986844192, 0.32088009846557963, 0.23483532688310715], [0.22941900648726762, 0.2664839828037516, 0.3040185163125027, 0.20007849439647812], [0.18113055774890302, 0.24763458472734118, 0.376436194469171, 0.19479866305458501], [0.2184829468777397, 0.27544465023921133, 0.24048701147247098, 0.26558539141057785], [0.22889502777400428, 0.27806061753734534, 0.21511762678455187, 0.27792672790409834], [0.2487791202110862, 0.2717582594027515, 0.17319498362578958, 0.30626763676037266], [0.22567130563526083, 0.24182560343560866, 0.2901845774854793, 0.24231851344365116], [0.270131254265872, 0.2899561857047957, 0.1526279617806825, 0.28728459824864944], [0.23234515355013755, 0.23430890915356037, 0.3072291411769126, 0.22611679611938948], [0.2385316498857516, 0.29148326043333, 0.19224463594889937, 0.27774045373201917], [0.21236311025266302, 0.2848308076504126, 0.23003263561218293, 0.27277344648474167], [0.25125691043724846, 0.2647079778876922, 0.2285862858201036, 0.25544882585495593], [0.23567361903312295, 0.270248840347417, 0.22623778494265162, 0.26783975567680857], [0.21531197608439884, 0.2668237274018911, 0.22953188316913054, 0.2883324133445797], [0.2468797871585691, 0.2822782214100825, 0.20212416321929622, 0.26871782821205187], [0.2831415024603718, 0.28614427148008076, 0.17643118059221086, 0.2542830454673366], [0.15613872726811842, 0.2822360316565375, 0.3175379373964235, 0.2440873036789207], [0.1930267501013621, 0.24839505086533253, 0.25277854242271425, 0.30579965661059116], [0.2076298445347583, 0.2710635305985399, 0.23622916576940314, 0.2850774590972988], [0.27508925402007617, 0.254668944020187, 0.187813380776447, 0.2824284211832898], [0.18093041183322192, 0.28363148569165175, 0.29852896103407023, 0.23690914144105585], [0.27694095019984283, 0.2583374470523184, 0.20756357321037108, 0.2571580295374674], [0.21657095637352955, 0.2570195115958119, 0.2860863561655601, 0.24032317586509844], [0.24854987092646058, 0.2626594647184307, 0.22320704327589524, 0.2655836210792132], [0.2584236852097434, 0.2744786120688445, 0.2541208851170153, 0.2129768176043967], [0.2246218722330403, 0.2689808397331534, 0.23330341403261595, 0.2730938740011903], [0.24330243017568565, 0.3034186094826682, 0.1721632549765869, 0.28111570536505937], [0.2786711694708864, 0.2642033015243432, 0.16239577734217825, 0.2947297516625925], [0.37198167560622764, 0.24652773093030012, 0.17467947526511185, 0.20681111819836007], [0.24844314259272737, 0.2924419770812287, 0.1798632714518547, 0.2792516088741893], [0.2755586439131835, 0.2641305835172222, 0.19325571727083654, 0.2670550552987578], [0.3216648706463922, 0.2541845451477126, 0.12071883007036688, 0.3034317541355283], [0.17544533446216212, 0.2771496025596299, 0.34208244006906113, 0.20532262290914693], [0.12936781939558847, 0.28899292187690667, 0.3687247895584296, 0.21291446916907533], [0.3115831409077688, 0.263718217537678, 0.17627026362788156, 0.2484283779266716], [0.33412527254286967, 0.23461459487876074, 0.12887998092024472, 0.3023801516581246], [0.3450339080180118, 0.23636029748379306, 0.17600518847823432, 0.24260060601996086], [0.2077106053280134, 0.2541821818890956, 0.27259548018688134, 0.26551173259600974], [0.30656530450642583, 0.23446124549278574, 0.20618771246967596, 0.2527857375311124], [0.29524149276126205, 0.2782443851506717, 0.12220041187697185, 0.3043137102110941], [0.20088567045875239, 0.2720190449061636, 0.30071185913372395, 0.22638342550136042], [0.21279983030219157, 0.29088258084812363, 0.23842947978953766, 0.2578881090601472], [0.20125586154923705, 0.2710450688929812, 0.30517095117435183, 0.22252811838342987], [0.18006193058956219, 0.2651127192468037, 0.3431560427111932, 0.21166930745244128], [0.1921161519742333, 0.27478420060281883, 0.24927190072038027, 0.2838277467025676], [0.26686330210397746, 0.250513126646768, 0.1896222672523497, 0.2930013039969049], [0.21774207857789638, 0.2642840031815485, 0.19534302659983505, 0.32263089164071995], [0.17105977411080625, 0.2880693916110819, 0.3113718920904717, 0.22949894218764014], [0.13885918704056893, 0.2749378135947403, 0.3907738573210764, 0.19542914204361436], [0.1479569639543365, 0.2717306121345443, 0.31524695600140873, 0.26506546790971075], [0.19112774072420552, 0.25722068887870553, 0.32656654365111565, 0.22508502674597355], [0.23604233742517172, 0.34538462051467234, 0.1957704611608858, 0.22280258089927038], [0.16171029543585547, 0.2859294138547452, 0.3070966678189848, 0.24526362289041456], [0.16295573775369665, 0.2579559604459774, 0.36758797624068834, 0.21150032555963774], [0.2738114614115019, 0.26924703911353637, 0.22593873059533315, 0.23100276887962826], [0.25218376347318044, 0.2634343963032018, 0.18430600422218318, 0.3000758360014347], [0.21024070882489765, 0.2783135947333027, 0.3035719654275314, 0.20787373101426782], [0.24289298197357145, 0.29905752204426217, 0.25770778610970396, 0.2003417098724623], [0.23261682734421918, 0.2727653607421126, 0.21721577545733634, 0.27740203645633205], [0.15052915950563467, 0.28376840975068973, 0.3170583628860819, 0.24864406785759377], [0.20334968186822627, 0.24878544429309946, 0.31793639825993886, 0.22992847557873541], [0.2586794168027588, 0.29158710903919466, 0.1780954321249685, 0.2716380420330783], [0.17794401382145328, 0.2820643351840976, 0.32966425702953395, 0.21032739396491512], [0.28671489847153947, 0.2524117246827824, 0.1808222154015018, 0.28005116144417636], [0.22525109897217618, 0.2750799489798888, 0.19591755548159545, 0.30375139656633954], [0.2312109946315654, 0.2697738776760437, 0.2850730418129549, 0.21394208587943608], [0.3452476256007605, 0.28135596187448636, 0.06063987435429658, 0.31275653817045684], [0.22461026996264677, 0.2861608920271677, 0.22115885224046108, 0.2680699857697246], [0.12460834349038204, 0.2884969384518368, 0.36060554959828883, 0.2262891684594922], [0.14772632334484895, 0.28040661784613696, 0.2937609900905572, 0.27810606871845694], [0.14438064601002557, 0.27355686679477864, 0.40632839279621724, 0.1757340943989787], [0.22391502764791213, 0.2462728795955419, 0.2719494643875604, 0.25786262836898566]]}}