{"test": {"ids": ["108113740", "107119390", "109117080", "109114220", "109121640", "108120621", "111114121", "97109570", "112121430", "111119930", "110115140", "112120990", "110121170", "105113190", "111119950", "101111620", "106115250", "110117110", "100113370", "111115780", "102118380", "113119340", "113122650", "102113350", "100117420", "100109890", "111114171", "105119950", "111119250", "110121450", "113118490", "113122120", "112116900", "113121190", "108117610", "104113170", "102110750", "107114780", "98107410", "97105760", "111120260", "108120280", "111119340", "101112690", "106116850", "99108080", "110118740", "112116850", "105110091", "111114321", "106114321", "99117740", "107114490", "107112840", "108121351", "109115380", "97106600", "98107210", "111115620", "101115190", "104118340", "113119930", "99107500", "112117660", "107114950", "109117150", "98121790", "113122160", "105112100", "110117200", "113122170", "100115700", "105114220", "100116790", "100109000", "99112531", "110116300", "110121500", "98116090", "113122150", "107113200", "97118210", "110118701", "105113330", "108118630", "97114170", "113117630", "108118301", "108115870", "107117630", "99112641", "99108010", "113118810", "106119990", "107116501", "97116800", "103110050", "99109370", "103117200", "112118890", "111116100", "112117780", "102113210", "100116500", "97107260", "104119340", "99107630", "112116810", "111115400", "113120531", "99109910", "108121410", "103109021", "99108000", "98108410", "104114410", "109115220", "105113620", "110114950", "112119500", "113118231", "111121220", "102112301", "98111860", "107119130", "108121190", "106113190", "101111310", "110117500", "103112641", "97106000", "100120780", "105113210", "111114941", "110113931", "101111990", "104116800", "109119450", "100108580", "110119030", "111116010", "108120060"], "labels": [3, 2, 1, 3, 0, 1, 0, 0, 2, 1, 0, 2, 2, 3, 0, 3, 2, 0, 3, 1, 1, 0, 2, 3, 2, 3, 3, 3, 1, 3, 1, 1, 3, 1, 3, 3, 1, 2, 3, 0, 3, 3, 3, 1, 3, 3, 3, 0, 0, 1, 2, 2, 3, 1, 3, 3, 3, 1, 1, 1, 2, 1, 0, 0, 3, 2, 2, 3, 1, 3, 1, 1, 3, 2, 1, 3, 3, 3, 0, 2, 0, 2, 3, 3, 1, 2, 0, 1, 3, 0, 1, 2, 3, 0, 1, 0, 3, 1, 0, 3, 3, 0, 3, 2, 2, 1, 2, 3, 0, 0, 2, 0, 0, 2, 1, 1, 3, 0, 0, 2, 3, 3, 1, 0, 1, 1, 0, 3, 1, 3, 0, 1, 3, 0, 1, 2, 1, 3, 0, 0, 1, 1], "predicted_labels": [0, 1, 1, 1, 3, 1, 1, 1, 3, 1, 0, 1, 3, 0, 0, 1, 1, 1, 3, 1, 1, 0, 3, 1, 2, 0, 3, 1, 3, 1, 0, 1, 3, 1, 3, 1, 1, 1, 1, 3, 1, 0, 3, 1, 1, 0, 0, 3, 1, 1, 1, 0, 3, 0, 1, 3, 1, 1, 3, 3, 1, 1, 1, 3, 3, 1, 2, 1, 1, 1, 3, 0, 1, 1, 1, 1, 1, 0, 1, 1, 0, 3, 3, 0, 3, 1, 3, 1, 3, 3, 0, 1, 3, 3, 1, 0, 1, 3, 0, 3, 1, 1, 3, 1, 3, 3, 3, 3, 3, 1, 2, 1, 1, 1, 1, 1, 3, 1, 0, 1, 1, 3, 1, 1, 1, 1, 1, 1, 3, 3, 3, 1, 3, 3, 1, 3, 3, 3, 1, 1, 1, 1], "confidence_scores": [[0.31703761238761236, 0.2499390775890778, 0.1743606338106339, 0.2586626762126763], [0.22145621045621047, 0.30121565101565106, 0.24034367854367858, 0.2369844599844601], [0.18188769008769015, 0.41155565741448097, 0.15044571343688995, 0.2561109390609391], [0.2624709734709735, 0.30408689088689095, 0.19666002886002898, 0.23678210678210695], [0.20922687867687875, 0.2780482794982796, 0.20827328227328232, 0.30445155955155945], [0.2630616938616939, 0.32800790320790313, 0.1573231768231769, 0.25160722610722613], [0.24434588189588194, 0.3375668609168608, 0.1775917249417252, 0.24049553224553258], [0.2508594569173517, 0.2772504440004439, 0.20404015984015997, 0.2678499392420447], [0.2519161838161839, 0.2851406981906984, 0.1594748418248419, 0.30346827616827626], [0.2843843156843159, 0.2908137806637806, 0.16609834054834063, 0.2587035631035632], [0.31934337721102435, 0.248941441891442, 0.18919879728115027, 0.24251638361638372], [0.2452987456987458, 0.2988184926184927, 0.18385748140748145, 0.27202528027528033], [0.20441709401709407, 0.2861398878898879, 0.20827525252525272, 0.3011677655677655], [0.3255608669108669, 0.26062090687090705, 0.16217705627705634, 0.25164116994117014], [0.2837317404817405, 0.25835798090798107, 0.1758473248973249, 0.2820629537129538], [0.27214961704961715, 0.27574244089244104, 0.20004836274836277, 0.25205957930957945], [0.20249670884670898, 0.31250321900321903, 0.2246380952380953, 0.260361976911977], [0.2138750360750362, 0.2883816017316017, 0.22279184704184718, 0.27495151515151506], [0.20505922965922965, 0.27312087912087923, 0.23288984903984913, 0.2889300421800421], [0.2744590687090689, 0.312381795981796, 0.17228722943722957, 0.24087190587190593], [0.24663418803418805, 0.2965467088467089, 0.20720046065046058, 0.2496186424686425], [0.30027876012876026, 0.26239422799422824, 0.16449451659451667, 0.27283249528249537], [0.20218135753135758, 0.2792219169719172, 0.21124220779220781, 0.30735451770451777], [0.22315097680097687, 0.27723886113886126, 0.240526950826951, 0.2590832112332113], [0.1997249101775418, 0.246160132351309, 0.28951648372267574, 0.2645984737484738], [0.2826159451659454, 0.2489446386946387, 0.20011880341880342, 0.26832061272061275], [0.2713681635358108, 0.25578655984538345, 0.15897941666176968, 0.31386585995703664], [0.2486988011988014, 0.28074343434343435, 0.21974906204906217, 0.2508087024087026], [0.1795171023421024, 0.2815194416694417, 0.2272151848151849, 0.311748271173271], [0.25627565767565774, 0.29349771339771347, 0.1892058053058054, 0.2610208236208237], [0.31650019425019427, 0.24893049173049178, 0.16809977799977807, 0.26646953601953616], [0.22170352980352992, 0.3357077200577198, 0.20766096681096696, 0.2349277833277834], [0.2525925962925964, 0.2830226162726162, 0.16706544844044854, 0.2973193389943391], [0.2710031746031745, 0.28839177489177503, 0.16844246864246865, 0.27216258186258196], [0.23725262515262535, 0.259043462093462, 0.1762771006771007, 0.3274268120768123], [0.23168031413031434, 0.33140930735930724, 0.16814089799089807, 0.2687694805194804], [0.19772691197691214, 0.3364214563214562, 0.2151935786435788, 0.25065805305805305], [0.2442177072927073, 0.31290597458097463, 0.18289932289932287, 0.2599769952269954], [0.2469168387168389, 0.25429802974802984, 0.24559405039405044, 0.2531910811410812], [0.23898614718614725, 0.26441699966699966, 0.21721994116994114, 0.279376911976912], [0.27477957597957603, 0.2861479742479743, 0.17477713952713958, 0.2642953102453104], [0.28540919276801646, 0.23774791678909335, 0.19474321789321794, 0.2820996725496726], [0.2744735431235432, 0.2655111055611057, 0.17806915306915316, 0.2819461982461984], [0.1980055389055389, 0.3043447572035806, 0.2267766455766457, 0.270873058314235], [0.21345233100233107, 0.29915656010656017, 0.23051500721500737, 0.25687610167610175], [0.2803348484848485, 0.2746167388167389, 0.18433088023088026, 0.26071753246753265], [0.3181878787878788, 0.24271113331113342, 0.16577374847374857, 0.27332723942723947], [0.23689189319452492, 0.27803152403152415, 0.1505176306149991, 0.3345589521589522], [0.24120880508380518, 0.32498907595672283, 0.19486432178932178, 0.2389377971701501], [0.23438019203019209, 0.33309338439338454, 0.21318912198912218, 0.21933730158730166], [0.2600336937915887, 0.28495167055167075, 0.2213521978021979, 0.23366243785454302], [0.29500191752691746, 0.2650237123987126, 0.21408749583749592, 0.22588687423687429], [0.20907164502164519, 0.2922696692196692, 0.18584084804084805, 0.3128178377178376], [0.2602731379731383, 0.2436712121212122, 0.24757765567765574, 0.24847799422799433], [0.2578944444444445, 0.28864817404817406, 0.17624920079920092, 0.2772081807081809], [0.23477846042846062, 0.2851100954600956, 0.17776346986346994, 0.3023479742479743], [0.20963168498168505, 0.31158424353424347, 0.25210326340326367, 0.22668080808080815], [0.24126992729492733, 0.27659232434232434, 0.22300912975912981, 0.2591286186036187], [0.24957553002553018, 0.27103775668775665, 0.17959662559662568, 0.29979008769008764], [0.17917341547341556, 0.2972246919746919, 0.2239148185148186, 0.2996870740370739], [0.16431634476634477, 0.38243299376062534, 0.19668189588189597, 0.25656876559113406], [0.2646196248196249, 0.292313974913975, 0.16224574314574322, 0.2808206571206572], [0.19247866577866588, 0.3131702741702743, 0.20800904650904667, 0.28634201354201366], [0.253367662892663, 0.25731514771777936, 0.19720627983128, 0.292110909558278], [0.26399212337370237, 0.2440445221445223, 0.20507995454837571, 0.28688339993339995], [0.2534224275724276, 0.2589058164058165, 0.23993334998335009, 0.24773840603840602], [0.21638523143523158, 0.24840825840825856, 0.30140900210900223, 0.2337975080475081], [0.2137441891441893, 0.3247857808857808, 0.19612132312132327, 0.2653487068487068], [0.2490900488400488, 0.29100732600732615, 0.20335971805971806, 0.25654290709290717], [0.2297821567321568, 0.29856371961371964, 0.21843700188700182, 0.25321712176712186], [0.2124935786435788, 0.290571572871573, 0.19606154401154424, 0.30087330447330435], [0.2889319902319901, 0.27697863247863264, 0.1901559496059497, 0.24393342768342804], [0.24023041958041966, 0.3285886946386945, 0.18980808080808087, 0.24137280497280494], [0.2552724494803443, 0.2826536519036519, 0.1965178432678433, 0.26555605534816057], [0.21416871788342384, 0.288653601953602, 0.2394737599002306, 0.2577039202627438], [0.23575710955710952, 0.2853301198801199, 0.20827279942279944, 0.2706399711399712], [0.257164772946352, 0.362255466755467, 0.17162793434635548, 0.20895182595182601], [0.30844551004551013, 0.2960633477633479, 0.17761203796203803, 0.21787910422910423], [0.2444370351870353, 0.3264691863691862, 0.19689411699411727, 0.23219966144966145], [0.24924870129870122, 0.29888715173715186, 0.1802505772005772, 0.2716135697635699], [0.2815766444082235, 0.2590123376623378, 0.1785105406289618, 0.2809004773004773], [0.2337829281829282, 0.2648590354090356, 0.21129343434343445, 0.2900646020646021], [0.20875620490620495, 0.2809451159951159, 0.2128915584415585, 0.29740712065712066], [0.3710262626262624, 0.22032554667554669, 0.1631967254967255, 0.2454514652014651], [0.17380360195360203, 0.285055663780664, 0.17208398268398276, 0.3690567515817518], [0.18251438006438025, 0.3173943944943946, 0.22306132756132763, 0.27702989787989807], [0.24723120490620487, 0.28364742479742466, 0.17121901154401162, 0.29790235875235865], [0.2519350593850595, 0.30224229267464575, 0.15804480519480532, 0.28777784274548984], [0.2636188866688868, 0.25755614940614946, 0.18428311688311708, 0.2945418470418469], [0.27597034077034077, 0.2721992784992785, 0.1718725829725831, 0.2799577977577977], [0.3050223221223222, 0.25110860805860813, 0.19949834054834054, 0.24437072927072948], [0.22007790820290832, 0.33210354090354105, 0.2038035187035188, 0.24401503219003234], [0.23728924963924972, 0.2820879342879342, 0.13554725829725833, 0.34507555777555793], [0.24349797424797423, 0.2782667443667444, 0.17016544011544013, 0.3080698412698413], [0.23101535131535134, 0.30041087246087245, 0.18209239094239102, 0.2864813852813854], [0.28966878121878137, 0.23776305916305931, 0.220115034965035, 0.2524531246531248], [0.1648382617382618, 0.33923191808191816, 0.21501813186813187, 0.2809116883116883], [0.20283767898767904, 0.2765070945394475, 0.2138372016872017, 0.30681802478567194], [0.30164476911976906, 0.2753524031524031, 0.14887615440115443, 0.27412667332667334], [0.21753576260340982, 0.3013515151515149, 0.1538247546571077, 0.32728796758796747], [0.2715121545121546, 0.3256500943500943, 0.15632862137862144, 0.24650912975912986], [0.26833281995781993, 0.3044281912531913, 0.173950432900433, 0.2532885558885559], [0.27406596736596744, 0.24521285381285393, 0.20103485403485416, 0.2796863247863248], [0.23099684759684755, 0.30748932178932165, 0.2058799866799868, 0.2556338439338441], [0.1787515429015431, 0.26815434565434554, 0.23746537906537912, 0.3156287323787325], [0.25794587634587646, 0.2604848262848264, 0.17614721389721394, 0.3054220834720834], [0.29561798201798206, 0.21960146520146526, 0.18531613386613383, 0.2994644189144189], [0.26176026371289546, 0.2475677711177712, 0.2148460632934319, 0.2758259018759019], [0.2491795815295817, 0.2630258685758686, 0.20219638694638709, 0.285598162948163], [0.25111899766899765, 0.3082587523587524, 0.16520526695526697, 0.2754169830169832], [0.17859713619713632, 0.2724887556887557, 0.2973210123210125, 0.2515930957930958], [0.28656651681651696, 0.3128723720723723, 0.18094485514485525, 0.21961625596625606], [0.2555052614052614, 0.30034816294816286, 0.16782514152514152, 0.2763214341214343], [0.22495026917526914, 0.2876366244866246, 0.21895906315906322, 0.26845404317904337], [0.26903927738927735, 0.29091507936507954, 0.20844151404151418, 0.23160412920412926], [0.2902889055389055, 0.3047789710289711, 0.1543985514485514, 0.2505335719835722], [0.2370907259407261, 0.2674617604617605, 0.17195490065490068, 0.323492612942613], [0.22366343101343109, 0.30739065379065383, 0.22787960372960378, 0.2410663114663115], [0.30943593073593073, 0.28169018759018766, 0.1456790043290044, 0.26319487734487745], [0.21176843711843704, 0.37779658119658116, 0.176767748917749, 0.23366723276723278], [0.24944158064158062, 0.29699201909201894, 0.17410684870684875, 0.27945955155955166], [0.22987373459873467, 0.2746663003663004, 0.1595612748362749, 0.3358986901986902], [0.22930217005217007, 0.296026429126429, 0.21793020313020314, 0.25674119769119785], [0.21676920856920864, 0.28206471861471855, 0.25640675435675453, 0.24475931845931864], [0.24596884226884244, 0.30221002886002885, 0.18953055833055843, 0.26229057054057064], [0.2730107392607392, 0.28840384615384607, 0.17914867909867918, 0.25943673548673557], [0.2411774170274171, 0.2839315850815851, 0.1910954656454657, 0.2837955322455322], [0.26758946608946615, 0.312480957930958, 0.1901772727272729, 0.2297523032523033], [0.26736640581640575, 0.265577727827728, 0.16668181818181824, 0.3003740481740482], [0.2448965811965813, 0.2637570873570875, 0.20488636918636918, 0.28645996225996234], [0.16987102897102904, 0.31066776556776565, 0.20056122766122778, 0.3188999777999779], [0.24575430239694956, 0.2840141969141969, 0.2004258008331538, 0.26980569985569985], [0.2758949272949274, 0.2572185925185926, 0.17245252525252536, 0.29443395493395486], [0.22786417471417483, 0.2920133089133089, 0.17383959373959385, 0.3062829226329228], [0.25368122710622715, 0.2984585692085693, 0.16589144189144195, 0.28196876179376174], [0.23377953157953182, 0.27565454545454554, 0.18777183372183381, 0.30279408924408946], [0.21916341436341444, 0.2922370851370851, 0.19576694971694975, 0.2928325507825509], [0.19011252636252637, 0.29388025863025863, 0.19730663225663236, 0.3187005827505826], [0.26085498390498396, 0.29177236815472113, 0.2436040959040961, 0.20376855203619926], [0.2442341491841493, 0.3400462925962925, 0.203662987012987, 0.21205657120657131], [0.1597581585081586, 0.32660069375069367, 0.22766443001443012, 0.2859767177267178], [0.2412286102786103, 0.3319945831945833, 0.2076560273060273, 0.21912077922077927]]}, "rewritten": {"ids": ["97105760", "97106000", "97106600", "97107260", "97109570", "97114170", "97116800", "97118210", "98107210", "98107410", "98108410", "98111860", "98116090", "98121790", "99107500", "99107630", "99108000", "99108010", "99108080", "99109370", "99109910", "99112531", "99112641", "99117740", "100108580", "100109000", "100109890", "100113370", "100115700", "100116500", "100116790", "100117420", "100120780", "101111310", "101111620", "101111990", "101112690", "101115190", "102110750", "102112301", "102113210", "102113350", "102118380", "103109021", "103110050", "103112641", "103117200", "104113170", "104114410", "104116800", "104118340", "104119340", "105110091", "105112100", "105113190", "105113210", "105113330", "105113620", "105114220", "105119950", "106113190", "106114321", "106115250", "106116850", "106119990", "107112840", "107113200", "107114490", "107114780", "107114950", "107116501", "107117630", "107119130", "107119390", "108113740", "108115870", "108117610", "108118301", "108118630", "108120060", "108120280", "108120621", "108121190", "108121351", "108121410", "109114220", "109115220", "109115380", "109117080", "109117150", "109119450", "109121640", "110113931", "110114950", "110115140", "110116300", "110117110", "110117200", "110117500", "110118701", "110118740", "110119030", "110121170", "110121450", "110121500", "111114121", "111114171", "111114321", "111114941", "111115400", "111115620", "111115780", "111116010", "111116100", "111119250", "111119340", "111119930", "111119950", "111120260", "111121220", "112116810", "112116850", "112116900", "112117660", "112117780", "112118890", "112119500", "112120990", "112121430", "113117630", "113118231", "113118490", "113118810", "113119340", "113119930", "113120531", "113121190", "113122120", "113122150", "113122160", "113122170", "113122650"], "labels": [0, 0, 3, 2, 0, 2, 0, 2, 1, 3, 1, 0, 0, 2, 0, 2, 2, 2, 3, 1, 2, 3, 1, 2, 0, 1, 3, 3, 1, 2, 2, 2, 1, 3, 3, 2, 1, 1, 1, 1, 3, 3, 1, 0, 3, 3, 0, 3, 1, 1, 2, 1, 0, 1, 3, 3, 3, 0, 3, 3, 0, 2, 2, 3, 0, 1, 0, 3, 2, 3, 1, 0, 1, 2, 3, 3, 3, 1, 1, 1, 3, 1, 1, 3, 0, 3, 3, 3, 1, 2, 3, 0, 1, 0, 0, 3, 0, 3, 1, 3, 3, 0, 2, 3, 3, 0, 3, 1, 0, 0, 1, 1, 1, 3, 1, 3, 1, 0, 3, 3, 3, 0, 3, 0, 0, 3, 2, 2, 2, 0, 3, 1, 3, 0, 1, 0, 1, 1, 2, 3, 1, 2], "predicted_labels": [3, 3, 1, 3, 3, 1, 0, 0, 3, 3, 3, 1, 1, 1, 1, 0, 1, 1, 1, 1, 1, 1, 0, 1, 1, 1, 3, 1, 0, 3, 1, 3, 1, 1, 1, 3, 1, 3, 1, 1, 0, 1, 1, 3, 1, 3, 1, 1, 1, 3, 1, 3, 1, 0, 0, 3, 0, 1, 1, 1, 1, 1, 1, 1, 3, 1, 3, 3, 1, 3, 1, 1, 3, 1, 0, 0, 3, 1, 3, 1, 3, 1, 1, 0, 1, 1, 3, 1, 1, 1, 3, 1, 1, 0, 0, 1, 1, 3, 1, 1, 0, 1, 1, 1, 1, 1, 3, 1, 3, 3, 3, 1, 1, 0, 1, 3, 1, 3, 1, 3, 0, 3, 1, 3, 1, 3, 1, 1, 3, 1, 1, 0, 3, 0, 0, 1, 1, 1, 1, 1, 3, 1], "confidence_scores": [[0.25474103119103125, 0.23912267732267742, 0.21271424131424127, 0.2934220501720503], [0.22752760017760018, 0.2843806748806749, 0.1957436285936288, 0.29234809634809633], [0.2353219280719282, 0.3269451326451326, 0.21167292707292726, 0.22606001221001223], [0.19728179043179062, 0.27616523084758376, 0.21325103785103788, 0.3133019408695879], [0.2604584440413388, 0.2746615162615164, 0.18251810966810986, 0.2823619300290353], [0.20234806859806878, 0.29767185037185023, 0.2272179653679654, 0.2727621156621157], [0.28884481074481083, 0.2426576923076925, 0.22923179598179605, 0.23926570096570088], [0.27725742766005923, 0.25899477744477745, 0.19503016252753097, 0.2687176323676324], [0.26384278662513966, 0.26206345321345326, 0.191472969514146, 0.28262079064726126], [0.2661380674880675, 0.23629809830692194, 0.20550839160839168, 0.2920554425966192], [0.2632845265845264, 0.2583889554889555, 0.18620083805083812, 0.2921256798756798], [0.2289575147075147, 0.3155645338321809, 0.22826452436452443, 0.22721342709578018], [0.25324542679542694, 0.2901991841491841, 0.20904990564990575, 0.2475054834054835], [0.23207546897546902, 0.3100689754689756, 0.2252053391053392, 0.23265021645021644], [0.17639617604617613, 0.30853747363747375, 0.22144191919191944, 0.2936244311244312], [0.2914505772005772, 0.2325290043290043, 0.1937294372294373, 0.2822909812409814], [0.21332117441382153, 0.2977888999889, 0.2280743217566748, 0.2608156038406038], [0.25015396825396835, 0.30992712287712293, 0.1921805860805862, 0.24773832278832292], [0.2581585248085248, 0.27882089022089024, 0.20805881618381622, 0.25496176878676885], [0.19012831776067088, 0.2987181945505475, 0.21865846604376013, 0.2924950216450218], [0.19242737262737278, 0.30479971139971135, 0.2788938672438675, 0.22387904872904862], [0.25508654401154407, 0.28787308802308814, 0.17158275613275606, 0.28545761183261203], [0.35911467976467976, 0.24381654456654459, 0.17578825618825625, 0.2212805194805196], [0.2522621406371407, 0.29017857975357975, 0.2234536852036854, 0.23410559440559445], [0.21780052725052726, 0.2869564879564878, 0.2511605172605176, 0.24408246753246768], [0.23150920354155655, 0.3054278721278721, 0.1979066802478569, 0.26515624408271465], [0.276043722943723, 0.22312789987789997, 0.21578260628260634, 0.2850457708957709], [0.21802943167943176, 0.28127686757686765, 0.24279370074370082, 0.2579], [0.28412234432234434, 0.2669974802974804, 0.20235498945498964, 0.24652518592518616], [0.23456553446553444, 0.27948826173826175, 0.19923525363525377, 0.2867109501609501], [0.2340504936583885, 0.285277011877012, 0.20210969030969042, 0.27856280415490936], [0.2298193140193141, 0.24956443001443018, 0.2575146464646465, 0.26310160950160966], [0.24758124653124675, 0.2847853701853702, 0.1973047674547675, 0.2703286158286158], [0.2741138528138528, 0.32441222111222107, 0.16074098124098127, 0.24073294483294497], [0.2667667610167612, 0.27502377622377616, 0.2024772505272505, 0.25573221223221243], [0.24294507992008016, 0.25682612387612386, 0.18565226717726727, 0.31457652902652905], [0.1888872516372517, 0.30092927072927067, 0.24256255411255434, 0.2676209235209236], [0.20353967698967704, 0.27298330003330024, 0.22306904206904216, 0.300407980907981], [0.2326660839160841, 0.29142066267066263, 0.22124343989344003, 0.2546698135198136], [0.23225745920745924, 0.32341765456765464, 0.21001329781329786, 0.23431158841158853], [0.30748745698745705, 0.2357235597735599, 0.19058347763347772, 0.2662055056055057], [0.21921560106560117, 0.27365401820401825, 0.24552226107226136, 0.26160811965811975], [0.24170264180264178, 0.30041580086580094, 0.21149317349317345, 0.24638838383838393], [0.25282491952491953, 0.26864270729270734, 0.1797254911754913, 0.298806882006882], [0.17264112554112568, 0.3208321067821069, 0.23723766233766233, 0.26928910533910533], [0.22587595737595745, 0.2598791097791099, 0.20828904428904438, 0.30595588855588834], [0.26269958929958925, 0.29186250971250965, 0.1597653846153847, 0.28567251637251656], [0.21697435342435356, 0.3120448745698747, 0.20191475468975484, 0.2690660173160173], [0.26233853009735353, 0.2947328449328449, 0.18730997890997894, 0.2556186460598227], [0.24029033189033194, 0.27504430014430015, 0.19025974025974032, 0.29440562770562784], [0.1820523088023088, 0.3835261145287461, 0.1798211899211899, 0.2546003867477553], [0.24452993117993124, 0.27894875124875124, 0.19722139527139523, 0.2792999222999222], [0.25514473304473306, 0.2845508658008658, 0.2264808857808858, 0.23382351537351553], [0.27831462981462984, 0.2677075535575536, 0.19967099012099018, 0.25430682650682657], [0.30635260295260286, 0.23469155844155856, 0.17010713730713733, 0.28884870129870155], [0.2853640526140526, 0.27934015706515714, 0.14570820568320572, 0.28958758463758455], [0.3467532412032412, 0.21373907758907768, 0.16591529026529028, 0.27359239094239096], [0.18026533466533476, 0.32207432567432576, 0.23725416250416248, 0.26040617715617725], [0.22931250416250423, 0.32420860250860245, 0.1892635142635144, 0.25721537906537906], [0.2530959901209902, 0.27800432345432347, 0.20266289543789553, 0.26623679098679104], [0.22766520146520153, 0.28774862914862914, 0.21391041181041187, 0.27067575757575757], [0.23656799837589318, 0.3122427738927741, 0.2261490287490288, 0.22504019898230426], [0.21939862082362088, 0.3316854256854258, 0.198402244977245, 0.2505137085137085], [0.2399552475302476, 0.3043792651792652, 0.20300995393495408, 0.2526555333555334], [0.24590223110223114, 0.290273187923188, 0.15610033855033853, 0.30772424242424246], [0.25121551226551236, 0.2817678210678211, 0.22217460317460325, 0.24484206349206367], [0.28760336330336334, 0.27020675435675445, 0.1545518981018981, 0.2876379842379843], [0.21889250390132756, 0.28586321456321456, 0.19714257964257975, 0.29810170189287843], [0.2558949716949718, 0.28355194805194833, 0.193442957042957, 0.2671101232101233], [0.2745428626928627, 0.22122552447552465, 0.20133365523365537, 0.3028979575979577], [0.27593215673215676, 0.27851361416361414, 0.17490903540903552, 0.2706451936951936], [0.28854471639471635, 0.2985001054501054, 0.1787077644577645, 0.23424741369741375], [0.2701519702519702, 0.2657248085248086, 0.16384915084915092, 0.3002740703740705], [0.2240200022200024, 0.3078174880674881, 0.21102738372738375, 0.25713512598512606], [0.3251707015207014, 0.26227999973882343, 0.17318333333333344, 0.23936596540714197], [0.28619489399489395, 0.2576031968031968, 0.19645939060939072, 0.25974251859251873], [0.27015677100677105, 0.2737323620823622, 0.15309275169275177, 0.30301811521811534], [0.24889773004773014, 0.3042313092136623, 0.16493535353535355, 0.2819356072032541], [0.1660284429622666, 0.28928073593073594, 0.19094083694083708, 0.35374998416616077], [0.25596991341991343, 0.29668142968142985, 0.2248556610056611, 0.22249299589299595], [0.2619540586864117, 0.24348946608946623, 0.20287704876822518, 0.291679426455897], [0.2336615440115441, 0.3310774633862872, 0.19445937950937958, 0.24080161309278958], [0.24176777111777115, 0.3042850482850482, 0.17793866688866683, 0.27600851370851376], [0.2966506993006994, 0.28868971583971587, 0.14982932622932635, 0.2648302586302587], [0.29275366855366863, 0.3100191197691197, 0.1777588245088246, 0.21946838716838726], [0.2594746975246976, 0.29220055500055503, 0.19642243867243883, 0.25190230880230896], [0.23402448107448115, 0.25141743811743816, 0.18397546342546348, 0.3305826173826174], [0.23811767676767684, 0.3102890331890332, 0.1958791042291042, 0.25571418581418603], [0.2064349123099124, 0.4020961094461096, 0.13453982683982688, 0.25692915140415146], [0.26242275502275514, 0.27160045510045516, 0.20530745365745365, 0.2606693362193361], [0.19904897047397058, 0.300395843045843, 0.18152447552447556, 0.319030710955711], [0.21966348096348104, 0.3091938283938286, 0.21667442002442017, 0.25446827061827065], [0.25927370129870136, 0.3406514208014208, 0.15597293262293263, 0.24410194527694531], [0.3245308239146474, 0.24837164502164502, 0.15194213564213568, 0.27515539542157186], [0.31055347267111966, 0.2590402652902653, 0.21154258127493428, 0.21886368076368076], [0.2665209235209235, 0.3115681096681099, 0.19607922077922077, 0.22583174603174616], [0.229220190920191, 0.2752999777999779, 0.2523361860361861, 0.24314364524364537], [0.22176527361527365, 0.28399488289488295, 0.20033137418137434, 0.2939084693084693], [0.273470374070374, 0.2767530247530249, 0.17381885891885906, 0.27595774225774244], [0.18920293595293602, 0.3184556277056277, 0.21650204795204808, 0.2758393883893885], [0.34875266955266937, 0.21844522699522703, 0.18286747141747148, 0.24993463203463218], [0.23571427461427474, 0.32180425685425695, 0.19230703740703742, 0.2501744311244313], [0.2189953823953825, 0.299486358086358, 0.1884347097347098, 0.2930835497835499], [0.27674453879453875, 0.286404045954046, 0.1749759240759241, 0.2618754911754912], [0.2793161505161504, 0.3280273226773228, 0.15896986346986353, 0.23368666333666333], [0.25062454767454767, 0.35027835497835497, 0.16574830724830739, 0.2333487900987902], [0.2651778332778334, 0.2612946646061198, 0.15277777222777222, 0.32074972988827477], [0.20431329781329785, 0.34414749694749686, 0.22860716505716513, 0.2229320401820402], [0.21195390720390728, 0.2938008103008103, 0.18587838272838278, 0.30836689976689974], [0.2605022144522146, 0.2759434232434233, 0.17757456987457004, 0.28597979242979255], [0.24995481185481203, 0.27571440226440236, 0.17782321012321017, 0.29650757575757575], [0.26775149295149314, 0.30682768342768363, 0.1782474747474748, 0.24717334887334888], [0.17242236652236662, 0.31467626817626815, 0.22823852813852818, 0.28466283716283725], [0.30390770340770346, 0.2866473748473749, 0.14957044622044632, 0.25987447552447557], [0.1967159063159063, 0.2831259129759131, 0.23968426018426034, 0.28047392052392045], [0.27788953823953827, 0.2804213120213121, 0.1573590021090022, 0.28433014763014774], [0.2785008491508492, 0.2902922799422799, 0.17447586857586866, 0.2567310023310024], [0.27775212010212025, 0.2636688755688757, 0.17181862581862586, 0.28676037851037867], [0.2804151626151627, 0.3038016317016317, 0.15621041181041187, 0.259572793872794], [0.229167735042735, 0.27338150183150184, 0.13721446053946057, 0.36023630258630257], [0.3065382395382395, 0.23168116883116888, 0.2166618326118328, 0.245118759018759], [0.22988397158397175, 0.2933848706848707, 0.1576609557109558, 0.31907020202020203], [0.2601622266622268, 0.30567730602730603, 0.16335818625818632, 0.27080228105228116], [0.24418088023088022, 0.257991843244475, 0.20629771894771906, 0.2915295575769261], [0.286269128094128, 0.30237329059829066, 0.17019133366633368, 0.24116624764124775], [0.253685891885892, 0.26679878095760456, 0.15155163170163166, 0.3279636954548718], [0.2155422799422799, 0.3563569985569984, 0.189059595959596, 0.23904112554112558], [0.24101550116550124, 0.2791356643356644, 0.22141784326784333, 0.2584309912309914], [0.245907242757243, 0.28083423243423244, 0.1670323676323677, 0.30622615717615725], [0.24183816738816744, 0.296441847041847, 0.19973607503607513, 0.2619839105339106], [0.26436089466089485, 0.30037611832611816, 0.17306587301587312, 0.26219711399711404], [0.3012344155844156, 0.26782727827727837, 0.17885516705516713, 0.2520831390831393], [0.2345324536574538, 0.28360258075258066, 0.1501418470418471, 0.33172311854811853], [0.303745115995116, 0.2946946775446776, 0.1482178488178489, 0.25334235764235785], [0.2844093184593185, 0.25266489066489084, 0.17912849927849933, 0.2837972915972916], [0.2382354090354091, 0.323266317016317, 0.16090772005772006, 0.27759055389055387], [0.2614071428571429, 0.3062694380782617, 0.17028863913863918, 0.2620347799259565], [0.22504797424797437, 0.3349283549783547, 0.19161789321789324, 0.24840577755577764], [0.23926095407860107, 0.29005023865023855, 0.20742177985413282, 0.2632670274170274], [0.2173515984015985, 0.3005901653901654, 0.19760253635253647, 0.28445569985569974], [0.22815680430680438, 0.2622070207570209, 0.21170072150072167, 0.2979354534354534], [0.2058353285603287, 0.315777448368625, 0.21281665752548107, 0.2655705655455656]]}}