{"test": {"ids": ["112118620", "101112690", "109113881", "113121680", "113120540", "113118810", "110115580", "107114321", "110117140", "109119450", "99109860", "104118070", "104119340", "109117080", "109114720", "110121500", "102112170", "106114280", "98108580", "106116820", "100108580", "111116040", "111120220", "111120190", "98106560", "111121220", "104113210", "113122170", "113121950", "106114880", "101116130", "103117461", "112118880", "113118511", "113120830", "104118340", "105112240", "105120621", "111119930", "98109311", "99108310", "102112301", "109120540", "101108370", "102110890", "105115570", "111115400", "113121810", "111118301", "103113610", "112118530", "103120290", "113121750", "106119260", "99121440", "98119591", "97108520", "113119340", "110121720", "105113190", "112120270", "108115250", "111118810", "109117150", "110121450", "110121140", "106115250", "106114150", "113122220", "104113170", "99111440", "108114670", "98109570", "108121410", "107117010", "99111000", "113121190", "104109311", "110115140", "104111990", "103111480", "97106591", "103110050", "104116800", "112116610", "110118810", "99107300", "110113931", "97111790", "108118810", "99107950", "113122650", "112121360", "112118471", "110118450", "112119580", "112116900", "111121190", "101108580", "108120700", "108118060", "107113170", "110117870", "97106770", "105118230", "103118291", "101109000", "110116501", "113121980", "107120010", "98107210", "113121010", "110115120", "108120280", "103113640", "109117110", "99112641", "101117580", "107116501", "104114410", "111115910", "112116401", "112119980", "99111340", "105113330", "99111620", "111120640", "111121930", "109121351", "106116120", "107113840", "108116120", "112121010", "111117120", "112118511", "99108010", "102112250", "103112470", "112118860", "105117431", "108114180", "107112850"], "labels": [3, 1, 0, 1, 3, 3, 1, 0, 3, 3, 2, 2, 1, 1, 0, 3, 3, 3, 0, 1, 0, 0, 3, 3, 1, 3, 3, 1, 3, 0, 2, 0, 1, 1, 3, 2, 1, 1, 1, 1, 2, 1, 1, 1, 0, 0, 0, 2, 3, 2, 1, 2, 0, 1, 2, 1, 2, 0, 3, 3, 0, 1, 0, 2, 3, 3, 2, 1, 1, 3, 3, 3, 1, 0, 1, 2, 1, 3, 0, 2, 0, 1, 3, 1, 1, 1, 3, 1, 2, 1, 1, 2, 3, 1, 0, 3, 3, 1, 0, 2, 1, 0, 3, 3, 1, 0, 1, 3, 2, 1, 1, 2, 0, 3, 1, 1, 1, 3, 1, 1, 2, 0, 0, 1, 3, 3, 0, 1, 0, 1, 3, 1, 2, 2, 1, 2, 0, 1, 3, 1, 1, 1], "predicted_labels": [1, 3, 0, 0, 0, 1, 0, 0, 3, 0, 1, 3, 1, 1, 2, 0, 2, 1, 1, 1, 2, 0, 1, 3, 2, 3, 3, 2, 1, 1, 2, 0, 0, 1, 1, 3, 3, 0, 3, 1, 1, 3, 0, 1, 0, 2, 3, 2, 3, 2, 1, 1, 0, 3, 2, 0, 0, 1, 1, 3, 3, 3, 0, 1, 3, 0, 0, 1, 1, 0, 3, 3, 0, 1, 2, 2, 0, 0, 0, 1, 0, 1, 1, 3, 0, 0, 3, 3, 3, 1, 2, 2, 1, 0, 1, 0, 3, 0, 0, 3, 3, 3, 0, 2, 1, 0, 3, 1, 1, 3, 3, 1, 3, 3, 0, 3, 0, 3, 3, 2, 1, 0, 1, 2, 3, 0, 1, 2, 3, 0, 1, 0, 2, 3, 2, 1, 0, 1, 2, 2, 1, 0], "confidence_scores": [[0.07920133034582354, 0.4854339407993219, 0.046310861394616085, 0.38905386746023857], [0.029409347367839418, 0.007032048691222057, 0.017879169658433367, 0.9456794342825052], [0.7897322758575641, 0.04895740204644652, 0.1587683552140915, 0.002541966881897822], [0.7160588371076302, 0.07474875885473738, 0.08770768199028993, 0.1214847220473424], [0.5251976504435832, 0.3589804006916222, 0.08170616069763272, 0.03411578816716176], [0.18270886143693182, 0.7202495053290991, 0.06855301767685705, 0.028488615557111942], [0.48320611121709567, 0.33211195956709616, 0.06484361796410133, 0.11983831125170667], [0.7217740968148743, 0.11920010681119934, 0.0038013977218023264, 0.15522439865212406], [0.12646561541485138, 0.2265520550914994, 0.012597631327689311, 0.6343846981659598], [0.5079395070065293, 0.04411901667293975, 0.016047413377040645, 0.4318940629434903], [0.0022724198902334524, 0.857368888973004, 0.13593405911689843, 0.0044246320198640795], [0.18469667367397982, 0.0027176072694088237, 0.08447207259390908, 0.7281136464627023], [4.2158046498984485e-05, 0.9462866025391456, 0.0001229529548139714, 0.053548286459541204], [1.1016841269665949e-05, 0.9999174444470149, 3.5176596491977356e-05, 3.63621152234598e-05], [0.02932213086151242, 0.11171158560979287, 0.4595360180316054, 0.3994302654970893], [0.9555424048674108, 0.022794890797028056, 0.014635349405522375, 0.007027354930038541], [0.12159390268414469, 0.05963932533584907, 0.44649223349606376, 0.37227453848394243], [0.039402814342059646, 0.5244389151677696, 0.3503781308891843, 0.08578013960098643], [0.02313294201781332, 0.5928746025568598, 0.299437376083736, 0.08455507934159102], [0.07555953567754352, 0.7302313832768768, 0.03337234379878181, 0.16083673724679803], [0.2792724763702681, 0.06708865708846704, 0.4931792884668967, 0.1604595780743682], [0.6199353932892966, 0.006704600007009281, 0.0038096347976750477, 0.3695503719060192], [0.19903161542704265, 0.7355248714768382, 0.015390067249059775, 0.05005344584705944], [0.28959693674699477, 0.03198422448780084, 0.022709255058520027, 0.6557095837066844], [0.09270944307352195, 0.013549492002061831, 0.6577728258555785, 0.2359682390688377], [0.17678603307511778, 0.04725135888365002, 0.027022194999350914, 0.7489404130418812], [0.015613049788925696, 0.02248988584177911, 0.002108488190680244, 0.959788576178615], [0.0035788284988700248, 0.003153637141183283, 0.9905779288868255, 0.0026896054731212296], [0.1434288785474691, 0.45037692357353704, 0.009394874951817468, 0.39679932292717635], [0.029683547118872784, 0.5758764597275043, 0.394028423342435, 0.00041156981118787515], [0.1029097546892192, 0.158157151655845, 0.5480269044829508, 0.19090618917198499], [0.5199681440170105, 0.1692728022409657, 0.00802155050273757, 0.3027375032392862], [0.6055049361563136, 0.25105171966712886, 0.022056066631643376, 0.12138727754491417], [0.20860280282653895, 0.5820134599688028, 0.19641850518976642, 0.012965232014891777], [0.23264311842009927, 0.5016154481310103, 0.08980522044632173, 0.17593621300256862], [0.008439274707636961, 0.07234390441676597, 0.16394963894112682, 0.7552671819344702], [0.1873653228859619, 0.20387031741486622, 0.19554125632954159, 0.4132231033696303], [0.8026583347312315, 0.00417966805044599, 0.0002035239739859385, 0.1929584732443365], [0.10283522199161683, 0.20056739296250417, 0.010636646801989714, 0.6859607382438894], [0.14910753883567562, 0.7742377864047972, 0.03979912527308751, 0.036855549486439675], [0.12219096034380961, 0.861873540601964, 0.01488378386868945, 0.0010517151855369566], [0.10182540001024006, 0.0033699596181936686, 0.026104994868233245, 0.868699645503333], [0.45122693342917836, 0.12069007659712534, 0.015388840300684258, 0.41269414967301193], [0.11764594250126904, 0.7155938413859888, 0.0019634364793186605, 0.16479677963342354], [0.9766839574958149, 0.006515792422203714, 0.0009632037796624769, 0.015837046302318893], [0.32841078436102467, 0.0833573161898794, 0.375478402953696, 0.21275349649539996], [0.16229815358808913, 0.16240754464399382, 0.11624393413840077, 0.5590503676295162], [0.08571118780448378, 0.15808770883516035, 0.7507555105823023, 0.005445592778053605], [0.12723240900640853, 0.16568507204573374, 0.29683859381341954, 0.4102439251344382], [0.014625793014926482, 0.22214394137761673, 0.7577425446587862, 0.00548772094867071], [0.00775597711297752, 0.952444420709431, 0.020957070561804583, 0.01884253161578686], [0.1280048380388311, 0.6119125042696, 0.08755440873736406, 0.17252824895420488], [0.589123102126898, 0.35881430948603377, 0.003013954639651573, 0.049048633747416526], [0.023664501757939122, 0.0014233438563785769, 0.08915154758160722, 0.8857606068040751], [0.01404432740152085, 0.08025647178519034, 0.9042209148208462, 0.0014782859924426363], [0.724515773919342, 0.0009942908320115186, 0.2704566009818699, 0.004033334266776728], [0.7487651478007975, 0.18454041962491632, 0.048665077588681695, 0.01802935498560454], [0.3023539631981411, 0.6691991318894173, 5.337333685598602e-05, 0.028393531575585686], [0.14348324510021476, 0.7631723333014573, 0.023769984129210837, 0.06957443746911697], [0.02716019076572941, 0.03171171621504122, 0.012007434774492069, 0.9291206582447373], [0.25806759239812516, 0.019758578526193997, 0.001155773975476693, 0.7210180551002042], [0.037217750669694405, 0.0008121595038480086, 0.019944442571749904, 0.9420256472547077], [0.9772749180673531, 0.0003757657241001416, 0.019852116070717123, 0.0024972001378297005], [0.0017819831949504972, 0.939427251927193, 0.022029678755376734, 0.03676108612247977], [0.014499940374741683, 0.3268674241666237, 2.303015351098035e-05, 0.6586096053051236], [0.4275776887466811, 0.2227427738222832, 0.003910797121583506, 0.34576874030945226], [0.6341039385925945, 0.15572639963247714, 0.1720929515417164, 0.03807671023321188], [0.265049912951418, 0.3817696380189412, 0.11292899772928694, 0.2402514513003538], [0.00974853629813271, 0.9767740880900254, 0.00029928502040310883, 0.013178090591438846], [0.4664864825943054, 0.2269720102535257, 0.02553043182884179, 0.28101107532332703], [0.39113541038729693, 0.0005605159503257633, 0.002274511788084262, 0.6060295618742931], [0.24879552082045692, 0.1566677158556745, 0.006296865142399288, 0.5882398981814694], [0.9802772158565404, 0.0019497431610441833, 0.0010808276185504068, 0.016692213363865054], [0.02110906118579484, 0.6826634488388263, 0.0007753383061458485, 0.295452151669233], [0.0629411034076154, 0.36948042696199523, 0.5129195825174575, 0.0546588871129317], [0.0005987041696155992, 0.003043948248021573, 0.8628988561023829, 0.13345849147997996], [0.5650690792599291, 0.14122438556379832, 0.03714268399178428, 0.25656385118448827], [0.6817058601973548, 0.07766869694207715, 0.07261541324549929, 0.1680100296150688], [0.8079609843997314, 0.0024430606813272966, 0.15512910932739707, 0.034466845591544386], [0.48733374869575546, 0.4896862724553407, 0.021128438888512315, 0.0018515399603915282], [0.955725575544515, 0.030105102596530983, 0.0007244843112825199, 0.013444837547671725], [0.28905586987643545, 0.38753404262080765, 0.3067788654790732, 0.016631222023683716], [0.07950528473727725, 0.5452282156654056, 0.018397501794364262, 0.3568689978029528], [0.4037573821009161, 0.0017850359379660318, 0.02533981078923909, 0.5691177711718788], [0.46269474904747604, 0.22456040826196824, 0.26375348508070445, 0.04899135760985136], [0.9705656666372897, 0.02567965664593509, 0.0021824137083868663, 0.0015722630083883718], [0.43281494981514296, 0.009675054444627974, 0.009329801206594868, 0.5481801945336342], [0.21301563809816318, 0.006071423568359433, 0.014737891973832126, 0.7661750463596453], [0.14977803699110767, 0.21641310176184128, 0.2935865760464616, 0.34022228520058945], [0.025011475271819857, 0.9652257274174774, 0.004041890066283608, 0.005720907244419226], [0.008448085790378439, 0.09435533266091495, 0.8847192365807113, 0.012477344967995135], [0.03738824347705911, 0.0016178668319857504, 0.9575108980048135, 0.003482991686141562], [0.305758700037843, 0.5049931195429078, 0.02419408013746356, 0.16505410028178566], [0.487236416582743, 0.38644470815084464, 0.04701637687152418, 0.0793024983948881], [0.010898072678991611, 0.978455867897026, 0.010564570230962352, 8.148919302000062e-05], [0.9775495460221629, 0.0016411618702929368, 0.0044145515334386995, 0.016394740574105685], [0.3777374734123743, 0.058611983364186694, 0.04706262610323403, 0.5165879171202049], [0.9899812606940034, 0.00046213008168924683, 0.0085879693837261, 0.0009686398405815037], [0.8253179494880284, 0.004207572908280601, 0.11126111095952225, 0.05921336664416883], [0.3637275081093876, 0.03328297281220714, 0.08685976010030395, 0.5161297589781013], [0.12409610476382367, 0.006859288698771744, 0.1161132006458065, 0.752931405891598], [0.11545914093247034, 0.007452579555509891, 0.10190182048997612, 0.7751864590220436], [0.9363345629449644, 0.0007917777338575045, 0.028389381172872544, 0.03448427814830545], [0.025669314008832156, 0.00039756892267556117, 0.7908673306403918, 0.18306578642810045], [0.0018616861339654464, 0.9620849122166041, 0.026497714625086204, 0.009555687024344247], [0.8278315820397236, 0.14097710560546375, 0.023198565175886452, 0.007992747178926382], [0.057908460495693904, 0.2365759520684807, 0.0036926557062288783, 0.7018229317295965], [0.009870261919617178, 0.8379493063462117, 0.0009199023438495078, 0.15126052939032164], [0.0334711476901424, 0.9285419641344927, 0.007004513045460424, 0.03098237512990454], [0.04908120450429142, 0.0005522533454188841, 0.06829288806144117, 0.8820736540888485], [0.0028861453836991364, 0.010516066176943254, 0.022185714186375813, 0.9644120742529817], [0.005777154099630381, 0.9776838684167293, 0.015416227469181934, 0.0011227500144585056], [0.15653793718388181, 0.08175464629661523, 0.2554755782767634, 0.5062318382427395], [0.003252441793786146, 2.9931268642864706e-06, 0.0018735905148518012, 0.9948709745644978], [0.877755915086366, 0.03233915168378858, 0.009890685428084257, 0.08001424780176122], [0.11250852848751783, 0.2246175307536685, 0.04418943963540368, 0.61868450112341], [0.9068525253992614, 0.060391427005761604, 0.026109961468354436, 0.006646086126622505], [0.22758048981643547, 0.046742683921868276, 0.046005376545415984, 0.6796714497162802], [0.043632092063551356, 0.18774391815464506, 0.005723430103746446, 0.7629005596780573], [0.0828183865262128, 0.2648526642486529, 0.33813198397290783, 0.31419696525222646], [0.013799289867298876, 0.9821423862360262, 0.002859006611035629, 0.0011993172856393684], [0.6130346832353795, 0.00016080050605071902, 0.0011794922373734571, 0.3856250240211964], [0.4077616391941664, 0.431937008033338, 0.04470797821704575, 0.1155933745554499], [0.0052768506284028, 0.34578493301307045, 0.6468237881745356, 0.0021144281839912443], [0.0683621123712698, 0.16006168374096094, 0.02377832011957234, 0.747797883768197], [0.4982439585305787, 0.37390550775537384, 0.122410034761415, 0.005440498952632383], [0.030213070329105668, 0.6160035269870693, 0.14009725577197846, 0.21368614691184662], [0.15230932530234834, 0.012095680780744088, 0.7625644597211372, 0.07303053419577026], [0.3253422474588688, 0.07002393129486012, 0.037053620443050675, 0.5675802008032205], [0.6959052199938668, 0.29039418609384887, 0.007048315183813654, 0.006652278728470715], [0.056914476598392764, 0.8713948500295184, 0.014216317483133047, 0.05747435588895586], [0.961193207911957, 0.0011514392448580143, 0.00704996140928484, 0.030605391433900102], [0.27875291044641126, 0.02417187156701872, 0.5221122553921855, 0.17496296259438446], [0.01711442725590179, 0.30009621485619287, 0.021192839444863658, 0.6615965184430417], [0.009874873464247274, 0.22268474688261375, 0.5305660922006668, 0.23687428745247233], [0.07189062727624461, 0.8276876844281549, 0.08130152958993661, 0.01912015870566398], [0.7622801325931913, 0.0005330226487722818, 0.03334800658968731, 0.20383883816834922], [0.11668363950028446, 0.5487984067906967, 0.174203002532322, 0.16031495117669667], [0.23516762285911447, 0.008389930859622023, 0.38580474340148735, 0.37063770287977604], [0.003138207176559883, 0.07618014161804754, 0.8791101608055613, 0.04157149039983121], [0.355243151384839, 0.3810247478275387, 0.003877528165312067, 0.2598545726223104], [0.5324854913953272, 0.4434373249713873, 0.021267204738703645, 0.0028099788945818]]}, "rewritten": {"ids": ["97106591", "97106770", "97108520", "97111790", "98106560", "98107210", "98108580", "98109311", "98109570", "98119591", "99107300", "99107950", "99108010", "99108310", "99109860", "99111000", "99111340", "99111440", "99111620", "99112641", "99121440", "100108580", "101108370", "101108580", "101109000", "101112690", "101116130", "101117580", "102110890", "102112170", "102112250", "102112301", "103110050", "103111480", "103112470", "103113610", "103113640", "103117461", "103118291", "103120290", "104109311", "104111990", "104113170", "104113210", "104114410", "104116800", "104118070", "104118340", "104119340", "105112240", "105113190", "105113330", "105115570", "105117431", "105118230", "105120621", "106114150", "106114280", "106114880", "106115250", "106116120", "106116820", "106119260", "107112850", "107113170", "107113840", "107114321", "107116501", "107117010", "107120010", "108114180", "108114670", "108115250", "108116120", "108118060", "108118810", "108120280", "108120700", "108121410", "109113881", "109114720", "109117080", "109117110", "109117150", "109119450", "109120540", "109121351", "110113931", "110115120", "110115140", "110115580", "110116501", "110117140", "110117870", "110118450", "110118810", "110121140", "110121450", "110121500", "110121720", "111115400", "111115910", "111116040", "111117120", "111118301", "111118810", "111119930", "111120190", "111120220", "111120640", "111121190", "111121220", "111121930", "112116401", "112116610", "112116900", "112118471", "112118511", "112118530", "112118620", "112118860", "112118880", "112119580", "112119980", "112120270", "112121010", "112121360", "113118511", "113118810", "113119340", "113120540", "113120830", "113121010", "113121190", "113121680", "113121750", "113121810", "113121950", "113121980", "113122170", "113122220", "113122650"], "labels": [1, 3, 2, 2, 1, 1, 0, 1, 1, 1, 3, 1, 2, 2, 2, 2, 1, 3, 3, 1, 2, 0, 1, 0, 1, 1, 2, 3, 0, 3, 0, 1, 3, 0, 1, 2, 1, 0, 0, 2, 3, 2, 3, 3, 1, 1, 2, 2, 1, 1, 3, 3, 0, 1, 1, 1, 1, 3, 0, 2, 1, 1, 1, 1, 0, 3, 0, 1, 1, 1, 1, 3, 1, 1, 1, 1, 3, 2, 0, 0, 0, 1, 1, 2, 3, 1, 0, 1, 0, 0, 1, 3, 3, 3, 0, 1, 3, 3, 3, 3, 0, 2, 0, 2, 3, 0, 1, 3, 3, 0, 1, 3, 1, 0, 1, 3, 1, 1, 1, 3, 3, 1, 3, 0, 0, 2, 3, 1, 3, 0, 3, 3, 2, 1, 1, 0, 2, 3, 2, 1, 1, 2], "predicted_labels": [3, 2, 1, 3, 1, 1, 0, 3, 3, 0, 0, 2, 1, 0, 1, 2, 0, 0, 1, 0, 1, 1, 0, 0, 1, 1, 2, 3, 0, 3, 0, 3, 3, 1, 3, 1, 0, 1, 0, 2, 3, 1, 1, 3, 3, 1, 3, 2, 1, 0, 3, 1, 3, 1, 1, 0, 0, 1, 1, 3, 0, 0, 3, 1, 3, 0, 0, 3, 3, 2, 1, 3, 1, 3, 3, 0, 3, 1, 0, 0, 3, 1, 3, 1, 2, 1, 0, 0, 1, 0, 0, 3, 1, 1, 1, 3, 2, 3, 1, 3, 2, 1, 0, 3, 1, 0, 3, 3, 1, 3, 0, 3, 0, 0, 0, 1, 1, 1, 1, 3, 2, 1, 0, 1, 3, 3, 0, 3, 1, 0, 1, 2, 1, 0, 0, 1, 1, 1, 3, 3, 1, 3], "confidence_scores": [[0.12185593470888365, 0.08130680683450042, 0.017007267969704, 0.7798299904869119], [0.20341838914952937, 0.013402448069246342, 0.7252998823143642, 0.057879280466860084], [0.0024050793143260926, 0.9951546024396513, 0.0005494979134280615, 0.0018908203325944599], [0.008156242625400696, 0.0038500626161162054, 0.016267974367047258, 0.9717257203914359], [0.18645312393099236, 0.6671799397583221, 0.01872520455209687, 0.12764173175858856], [0.0002533094528754394, 0.7367181927122816, 0.005796845177728235, 0.25723165265711484], [0.6017668837676525, 0.34400743662774314, 0.0029631233114619784, 0.05126255629314239], [0.12540284733529294, 0.3170517911143692, 0.0014582651864058409, 0.5560870963639322], [0.20568238139814268, 0.060854752469151376, 0.000288268353080457, 0.7331745977796255], [0.9875226558837392, 0.006050673151348004, 0.005834060502054603, 0.0005926104628581403], [0.8675908345055258, 0.00014666423296312168, 0.016404972671785843, 0.11585752858972523], [0.00021983201660838553, 0.12923996833999687, 0.8702097290575006, 0.0003304705858941757], [0.00312812817796884, 0.9920097815969975, 0.003335971297324722, 0.0015261189277089172], [0.6629593633346534, 0.30167158588743, 0.03152934618589956, 0.0038397045920169444], [0.003961307540118653, 0.9421806081200759, 0.04960951043418061, 0.004248573905624804], [0.00744323482032238, 0.0163007497280962, 0.9749971328606323, 0.0012588825909492772], [0.7614835650783576, 0.028659471088214625, 0.11789299059623902, 0.09196397323718883], [0.9144134347322871, 0.023101815599019613, 0.002629970404777251, 0.059854779263916025], [0.051685533476348904, 0.8789321341339446, 0.06808966266992297, 0.0012926697197838022], [0.3841425957167899, 0.2987445391233141, 0.2641093380791816, 0.053003527080714374], [0.3458584246729758, 0.38424430706170126, 0.26359007339688895, 0.0063071948684339345], [0.04448872587510193, 0.7447461527795111, 0.02194358044291483, 0.18882154090247227], [0.907499959893192, 0.004616280317206796, 0.00025585456073240936, 0.08762790522886876], [0.7077265616257197, 0.03840229385776871, 0.15517280083523982, 0.09869834368127177], [0.025784442714016562, 0.9117330742616427, 0.006811002094942142, 0.05567148092939865], [0.0024981031962732214, 0.7773762230094048, 0.0041158751420636, 0.21600979865225844], [0.40834695180659814, 0.01296120522523297, 0.43522574512130185, 0.14346609784686706], [0.0009094454439074513, 0.005374214699865212, 0.0034066592991317105, 0.9903096805570957], [0.7784355233159481, 0.05728586442132014, 0.03513048391918322, 0.12914812834354866], [0.2278870064070803, 0.007136370365986902, 0.10293044193745537, 0.6620461812894775], [0.512663140734411, 0.17632574694559722, 0.04725900566430732, 0.26375210665568444], [0.046314375671289106, 0.04002625401751378, 0.06800504587780136, 0.8456543244333957], [0.2703200468620266, 0.27366135071160225, 0.12909985793547338, 0.3269187444908978], [0.1706594658655094, 0.7388550435159205, 0.0066416760529601805, 0.08384381456561005], [0.23605619655902127, 0.30349149381809476, 0.10920158568149335, 0.3512507239413907], [0.044116413434075456, 0.46429940084301885, 0.0571133860820132, 0.43447079964089247], [0.9565482884175468, 0.0010515560511386844, 0.03619921540119533, 0.006200940130119174], [0.37008231622910603, 0.5952399080555727, 0.014621726734003594, 0.020056048981317562], [0.379114006153992, 0.3138709169953036, 0.014603361660612914, 0.2924117151900915], [0.03980397039107486, 0.3703228440785951, 0.4750916331957061, 0.11478155233462398], [0.019146669437809682, 0.012896891206773443, 0.00065905060714808, 0.9672973887482688], [0.002660973519712656, 0.9744643755755168, 0.017394682753218867, 0.005479968151551676], [0.0012322962868185079, 0.42733490978655336, 0.37544962958153816, 0.19598316434509003], [0.3078578772622663, 0.09170360400873714, 0.14481323132514223, 0.4556252874038544], [0.005457889283261806, 0.36376115265186904, 0.014131709670470326, 0.6166492483943987], [0.020303981032786692, 0.8438160624485778, 0.10304535650036993, 0.03283460001826567], [0.441712790326509, 0.007104147196322794, 0.011034734497606278, 0.5401483279795619], [0.0015499461700008692, 0.03289571613024531, 0.6726863106669242, 0.2928680270328297], [0.037223243168143134, 0.856972043836847, 0.011889967745345694, 0.09391474524966413], [0.548698077061689, 0.08247663411210104, 0.11248877146412134, 0.25633651736208857], [0.006828265495734047, 0.005770070573079186, 0.0007474188675196538, 0.9866542450636671], [0.0007993412393258767, 0.9282146749968827, 0.03307350635807662, 0.0379124774057148], [0.000371378888266336, 0.001447579225433262, 0.00014780895216643666, 0.9980332329341338], [0.0005431755093976142, 0.7473451829717017, 0.1415291065985939, 0.11058253492030672], [0.0001065504683381273, 0.998352313842739, 1.9985874245861278e-05, 0.0015211498146770063], [0.6403030441415976, 8.932151773848211e-05, 0.00017026431499116227, 0.35943737002567266], [0.9495349105999428, 0.015954444779043703, 0.008247517943649021, 0.026263126677364593], [0.020833642275425612, 0.6226094156849005, 0.18678467701441653, 0.1697722650252574], [0.0037486813715964288, 0.7341445263798947, 0.20063128929569343, 0.06147550295281549], [0.0003808148595704177, 0.20869494563058627, 0.03343188785165121, 0.7574923516581921], [0.9516344167556959, 0.019382062531350126, 0.0008004456857812346, 0.028183075027172905], [0.9491927784449187, 0.0005620429835518319, 0.023453834446533785, 0.026791344124995915], [0.07850424534329052, 0.03371307908358765, 0.04792811430810044, 0.8398545612650213], [0.0013967797315652696, 0.7201941139571935, 0.023390155027506007, 0.2550189512837353], [0.0010675366978168195, 0.00021115290628793282, 0.0018253950094229733, 0.9968959153864723], [0.5408619824758093, 0.38965715581851534, 0.06798784944783484, 0.001493012257840504], [0.9118556061506761, 0.08719293091920113, 6.222589232857268e-05, 0.0008892370377942546], [0.002492236600122488, 5.135831752960584e-06, 5.486586646663422e-07, 0.99750207890946], [0.04422966547340015, 0.2728178813866493, 0.013742428359213273, 0.6692100247807372], [0.08868531494909569, 0.07955555451872945, 0.42774459447438923, 0.4040145360577856], [0.11339469669612064, 0.5897830285473492, 0.0070886554930521635, 0.2897336192634779], [0.2577185319512843, 0.16792935976956952, 0.1788896404829111, 0.3954624677962352], [0.3005924140343162, 0.39263576548171825, 0.2852447484372433, 0.021527072046722072], [0.3596328992449761, 0.0006320574643303551, 0.012531418490066856, 0.6272036248006266], [0.09299066747842338, 0.0006077911519411972, 0.05588968028259915, 0.8505118610870364], [0.40276735415180115, 0.3613029227586242, 0.21441235843652032, 0.02151736465305429], [0.3685803787265268, 0.00047732921425871133, 0.00678385775883187, 0.6241584343003825], [0.0019877559986060116, 0.9943068565424178, 0.00022092839342765573, 0.003484459065548461], [0.9332985825142187, 0.007392965025713613, 0.006474311375537594, 0.05283414108453003], [0.5653462453443572, 0.394862483557815, 0.03105372414961333, 0.008737546948214367], [0.00772799700644753, 0.005112815142525771, 0.15521427859224332, 0.8319449092587834], [5.648390864663845e-05, 0.999381877282962, 0.00016134814037946132, 0.0004002906680117531], [0.10943208877819956, 0.14301042837896932, 0.0065580723830076, 0.7409994104598235], [0.003953254830380649, 0.8906050171695924, 0.09522636999584287, 0.010215358004184013], [0.018981602734485164, 0.09829631865880833, 0.8494049485337257, 0.033317130072980795], [0.07313719809804442, 0.9125615681129067, 0.002028581554834832, 0.012272652234214055], [0.457027328359389, 0.3548407018243555, 0.0014890284389736897, 0.18664294137728166], [0.7360471029538087, 0.12946293603299225, 0.004421201423837679, 0.13006875958936145], [0.10174560447045, 0.41292615236269986, 0.31570980297254897, 0.16961844019430117], [0.9750892530116766, 0.0017400454112989374, 0.01979914583621628, 0.003371555740807956], [0.6813564386261448, 0.030119045174924003, 0.008573612945575322, 0.2799509032533558], [0.3554776019511206, 0.09584482203638671, 0.032490069078267104, 0.5161875069342255], [0.00374950228415498, 0.9866939565104618, 0.007771700917733584, 0.0017848402876496285], [0.3436041413906023, 0.650101119500526, 0.0022114234887904115, 0.004083315620081527], [0.00034851959296087706, 0.9991868087765925, 0.0003581776164064349, 0.00010649401404026753], [0.4412306839882654, 0.09391242438256177, 0.0028285239560814092, 0.4620283676730914], [0.21280215752400267, 0.23268063098457994, 0.496254871648396, 0.05826233984302131], [0.09838351738055606, 0.015973749928122647, 0.0012967971797193003, 0.884345935511602], [0.11951354231648273, 0.6651426181244329, 0.006889072618647953, 0.2084547669404364], [0.09904990358634629, 0.04336864219210884, 0.2154641735387562, 0.6421172806827887], [0.17813532855063374, 0.006533778029040139, 0.44866566854085405, 0.3666652248794721], [0.022419346059171487, 0.9480340073995488, 0.02713948066104148, 0.0024071658802382705], [0.9215389415950921, 0.05496827603509395, 0.005142332999589705, 0.018350449370224346], [0.0012099358206653533, 0.10003894209460801, 0.01761963162755482, 0.8811314904571718], [0.0540446081907872, 0.5997776289028288, 0.3303003164443146, 0.01587744646206934], [0.901848718529079, 0.06555059847648899, 0.003240339122569476, 0.029360343871862704], [0.0009231511613369396, 0.2826449050996147, 0.03072816867571315, 0.6857037750633354], [0.251558669704264, 0.0002960054835210807, 0.005018515956666546, 0.7431268088555484], [0.1091180344698993, 0.8850160829458404, 0.003350115892804199, 0.002515766691456156], [0.014998507601967177, 0.12544319839310578, 0.029048279699526204, 0.830510014305401], [0.7411317858779016, 0.0651877756661521, 0.19174288280743707, 0.0019375556485093579], [0.025121864714422504, 0.0033678503322821514, 0.00019756412667168647, 0.9713127208266236], [0.5862668941364044, 0.21098431762373474, 0.14017064618505268, 0.06257814205480802], [0.7089497893891785, 0.004884116443675066, 0.01312521800101599, 0.27304087616613043], [0.3783885164942213, 0.263930443186713, 0.2305288718167775, 0.12715216850228833], [0.42341857062814814, 0.5502101318953518, 0.011236106190009565, 0.015135191286490395], [0.11481342694478432, 0.8429345882950628, 0.03507669420140776, 0.007175290558745174], [0.02956227376650057, 0.5564636869839863, 0.3424674788051879, 0.07150656044432538], [0.01278010325808698, 0.6548803684166518, 0.07701531958584183, 0.25532420873941936], [0.007124172226009593, 0.03289049308248685, 0.0456658152888106, 0.914319519402693], [0.0028800876261074826, 0.0666249121692617, 0.4982900606987939, 0.432204939505837], [0.3166245522531394, 0.5826086119722006, 0.0007884985201975501, 0.09997833725446245], [0.43866994392897485, 0.18459760530944933, 0.35997673770642913, 0.01675571305514664], [0.021151129062240825, 0.9138159934549059, 0.044557553830990165, 0.0204753236518631], [0.033264180649617114, 0.2038400139879869, 0.0034711477154487093, 0.7594246576469472], [0.21611601925824692, 0.0891269005734379, 0.28082579895887305, 0.41393128120944206], [0.6069209234746146, 0.04438261129707789, 0.011487278842886889, 0.3372091863854206], [0.13156101457670738, 0.07477388118377186, 0.13916476603093478, 0.6545003382085861], [0.04535315307657198, 0.8910406440205064, 0.05183534811284653, 0.011770854790075063], [0.4484432062544949, 0.4326155561931794, 5.516558410983483e-05, 0.1188860719682159], [0.014414563358289069, 0.9826829392124141, 0.00036857635906344674, 0.0025339210702332647], [0.07480885286209668, 0.3023297846386007, 0.3436754683426655, 0.279185894156637], [0.0009592025385372483, 0.9938862922278546, 0.0041266428986862095, 0.0010278623349219526], [0.8285096352554102, 0.13066362870053588, 0.0060719650108346105, 0.03475477103321929], [0.8729944846007519, 0.02181503814058335, 0.002307191836245191, 0.10288328542241974], [0.16106365821174115, 0.46356356791491893, 0.04804931333668055, 0.32732346053665934], [0.11679562318616912, 0.7489040853755594, 0.08541028624929906, 0.04889000518897234], [0.14690558277237895, 0.5340578472004275, 0.11506512564534534, 0.2039714443818482], [0.013211229259197887, 0.15711568742138585, 0.0014057376165842953, 0.8282673457028319], [0.003407778777363823, 0.009608727636398386, 0.23602886367969783, 0.7509546299065399], [0.0015032617125781218, 0.6876930596435458, 0.067399688734274, 0.24340398990960208], [0.09979574081006716, 0.059155816201154884, 0.41493849466299, 0.4261099483257879]]}}