{"test": {"ids": ["100108080", "107114110", "107114780", "98109311", "107113360", "104113190", "108114220", "99109311", "111115400", "106115120", "111119610", "107120010", "103111990", "111120320", "102110750", "106116640", "98108150", "112121010", "99111620", "103113260", "107114950", "99108000", "98110230", "100112060", "111120640", "103120730", "113118620", "97106770", "111116290", "111119950", "103120290", "103111620", "113122180", "106114280", "99116500", "99107640", "98111670", "107112850", "109118231", "110118121", "103111170", "99105921", "108120060", "99107560", "106118820", "105115380", "98106680", "106114880", "102110890", "105112130", "110114920", "101110200", "103112641", "108115070", "105110091", "113120260", "112116640", "97116790", "100111390", "98109570", "102109010", "113120531", "107118120", "98106111", "100110050", "105113260", "113118421", "113122220", "113121220", "104116800", "107115250", "109119591", "99108460", "101111210", "102108621", "99107950", "98116940", "109117630", "106117770", "107113200", "113122150", "101109000", "110121170", "111120531", "97105580", "98109090", "107116300", "106119260", "101113210", "110121500", "105112100", "113120280", "112118620", "111117571", "104111620", "107114280", "109121640", "113119360", "105113480", "109114030", "107119130", "101108370", "105118171", "105112240", "101108080", "97111790", "105115680", "113122230", "113119700", "101111620", "111121190", "97109080", "104112470", "109113281", "112116990", "100111270", "106114321", "97107950", "111114321", "102109910", "98111860", "108118291", "104112201", "97118210", "107118520", "111118810", "99109860", "97110950", "100108260", "108120260", "113119450", "98113881", "111117120", "110118301", "111116990", "103113210", "111119930", "111119250", "109113881", "97105960", "110115250", "102110240"], "labels": [0, 1, 2, 1, 0, 3, 3, 1, 0, 1, 2, 1, 2, 1, 1, 3, 0, 2, 3, 3, 3, 2, 3, 2, 0, 1, 3, 3, 2, 0, 2, 0, 2, 3, 2, 1, 1, 1, 1, 3, 2, 1, 1, 1, 3, 1, 1, 0, 0, 1, 3, 2, 3, 1, 0, 3, 0, 2, 2, 1, 1, 0, 3, 0, 3, 3, 3, 1, 3, 1, 2, 0, 0, 2, 3, 1, 2, 0, 0, 0, 2, 1, 2, 0, 1, 1, 0, 1, 3, 3, 1, 0, 3, 3, 0, 3, 0, 0, 0, 1, 1, 1, 3, 1, 0, 2, 2, 1, 0, 3, 1, 2, 1, 0, 0, 2, 2, 2, 1, 2, 0, 3, 0, 2, 2, 0, 2, 3, 3, 1, 3, 3, 2, 1, 0, 3, 1, 1, 0, 2, 1, 3], "predicted_labels": [1, 0, 1, 1, 0, 1, 3, 1, 3, 3, 3, 3, 3, 3, 1, 3, 3, 1, 1, 1, 3, 1, 0, 3, 0, 3, 3, 3, 3, 3, 3, 1, 1, 1, 3, 3, 3, 1, 0, 3, 0, 0, 3, 3, 3, 1, 1, 1, 3, 1, 1, 3, 0, 1, 3, 1, 3, 1, 3, 3, 1, 3, 1, 0, 3, 3, 1, 1, 3, 1, 1, 1, 0, 3, 0, 1, 1, 3, 3, 3, 1, 3, 3, 1, 3, 3, 1, 3, 0, 0, 1, 3, 0, 3, 0, 0, 1, 3, 1, 3, 3, 3, 1, 1, 0, 0, 1, 3, 3, 1, 3, 3, 3, 3, 3, 1, 0, 1, 0, 3, 1, 1, 0, 1, 0, 3, 0, 0, 3, 3, 3, 3, 1, 0, 3, 1, 3, 3, 0, 3, 1, 1], "confidence_scores": [[0.1962503185024696, 0.3027574562196079, 0.21983953617048743, 0.2811526891074352], [0.306050186211891, 0.28075984865254894, 0.19400648625817393, 0.21918347887738623], [0.22318634845590093, 0.3545120982938287, 0.17835158941478402, 0.24394996383548656], [0.2639900086990222, 0.2991638590823272, 0.13909003135883657, 0.29775610085981424], [0.3506084665414581, 0.23397763382680664, 0.1561673948795165, 0.25924650475221905], [0.1948440622466553, 0.3640433740056855, 0.16244208720681125, 0.27867047654084837], [0.24916107980817653, 0.2566104593157563, 0.17204183784497226, 0.32218662303109497], [0.26997653298998975, 0.2990371122077405, 0.17830672625999403, 0.2526796285422758], [0.23848704451131886, 0.28561392213632764, 0.18268747486985068, 0.2932115584825029], [0.2605731831047356, 0.24275190744088115, 0.16223030998984533, 0.33444459946453814], [0.22649656086755074, 0.27389077997365713, 0.15179426114032277, 0.34781839801846925], [0.2024036609810409, 0.293294251899713, 0.20423247775603096, 0.30006960936321525], [0.24163931773634365, 0.2459782191760012, 0.23077434717940018, 0.2816081159082551], [0.2428016158027867, 0.28928423665906083, 0.1782372286511135, 0.28967691888703917], [0.21019311511391675, 0.2899462947410345, 0.22243228628082984, 0.27742830386421913], [0.25991828188317784, 0.26439484720502054, 0.1720132346367007, 0.30367363627510113], [0.2065507324225468, 0.2604522885982903, 0.23805050320564192, 0.2949464757735213], [0.24994809610584795, 0.29874339516771864, 0.1871590878346469, 0.26414942089178656], [0.2916807415531491, 0.30227726799380156, 0.1789847516042701, 0.22705723884877937], [0.24854182836019653, 0.28544920585524997, 0.2077433787291367, 0.2582655870554167], [0.2324387431323304, 0.2772371431249425, 0.15079397630753535, 0.33953013743519195], [0.24372761595884623, 0.30048345180328845, 0.19693141824899868, 0.2588575139888668], [0.3113517057954809, 0.2690899160990818, 0.1805303875224845, 0.23902799058295307], [0.24353697570976163, 0.2733075873603519, 0.1949545199644233, 0.2882009169654632], [0.2929800498532861, 0.2778884252651395, 0.17888996602093712, 0.25024155886063737], [0.24856712906002404, 0.22708447525228587, 0.24099560934980668, 0.28335278633788347], [0.22927541544394747, 0.2836145751023559, 0.1982338494360546, 0.28887616001764205], [0.2386768819504744, 0.26287875278749423, 0.2030800329663469, 0.29536433229568443], [0.23951024360295864, 0.2792047965787426, 0.17963131161466428, 0.30165364820363466], [0.25106310334014104, 0.2368452015119763, 0.19587113506142526, 0.31622056008645755], [0.20140412170813915, 0.27418604302581756, 0.2299588524508929, 0.29445098281515053], [0.24124771580718066, 0.28374633439542607, 0.2159811268603735, 0.25902482293701995], [0.22913687738215402, 0.3076043371654327, 0.19065095527125597, 0.2726078301811577], [0.25774429013139283, 0.28867917335171944, 0.19599782575432734, 0.2575787107625606], [0.22353946166220914, 0.245256845801001, 0.2591574392256005, 0.2720462533111895], [0.2602427244620329, 0.26232647622565003, 0.21447851255956038, 0.2629522867527567], [0.24462801521337776, 0.26143321040084905, 0.2288119235438264, 0.265126850841947], [0.2199320788880364, 0.303535971680787, 0.20037137602433397, 0.27616057340684264], [0.3076195308570929, 0.3028613828567958, 0.1608105893645985, 0.22870849692151304], [0.23116656399601535, 0.2897801984775888, 0.16682549204946173, 0.31222774547693416], [0.3166424358529037, 0.2624670732802538, 0.13246795810616507, 0.28842253276067753], [0.30161988482956, 0.26450063173699156, 0.20324092764822155, 0.23063855578522716], [0.22679847433593855, 0.27996445225625693, 0.17162858257823013, 0.32160849082957443], [0.23790801218296034, 0.28609156566842836, 0.18587220352260567, 0.2901282186260058], [0.2760702430812355, 0.2709106471888896, 0.17192304770507338, 0.2810960620248018], [0.18096691649139857, 0.33589606040268166, 0.19377640375448316, 0.28936061935143687], [0.22594955008981188, 0.2987872676015201, 0.2694341217832605, 0.20582906052540775], [0.2053011056033581, 0.2879670950157729, 0.2448106283435502, 0.26192117103731916], [0.24291182399770508, 0.26506532673141703, 0.17202158815982965, 0.3200012611110485], [0.16897055517831616, 0.30161101508168087, 0.2295202670933903, 0.299898162646613], [0.22017347888928018, 0.3067820382168132, 0.20167907056765688, 0.27136541232624983], [0.23727200122022307, 0.29073682919516414, 0.17226026922620574, 0.2997309003584071], [0.2994960519102502, 0.2880078145342402, 0.17216220926890652, 0.2403339242866034], [0.19849546783942634, 0.29879805326459985, 0.23111286047270355, 0.2715936184232705], [0.2358580567435425, 0.3035973752510738, 0.15235697796563316, 0.30818759003975066], [0.20980318290147945, 0.2978901477805927, 0.21364220533998934, 0.27866446397793854], [0.2252311313771636, 0.27254079620945476, 0.177586239411636, 0.32464183300174576], [0.2427518437254893, 0.2814311915144623, 0.19954545972212842, 0.2762715050379199], [0.25830812389614977, 0.2494479805093953, 0.19638812730681246, 0.2958557682876429], [0.23328423184662678, 0.29140144808618884, 0.1632480900939902, 0.3120662299731943], [0.2475973047147031, 0.2877861684478466, 0.19205083112911583, 0.2725656957083346], [0.2315354687436568, 0.2812500586992033, 0.1627398749422017, 0.3244745976149385], [0.26480188453369374, 0.2865159469821878, 0.16371909865312065, 0.28496306983099784], [0.28048963569407503, 0.26386473253726, 0.21407842409251254, 0.24156720767615242], [0.2589418792902145, 0.25642837595283463, 0.1750117479116101, 0.3096179968453408], [0.2721266722375289, 0.2818072625405936, 0.15621558011561407, 0.28985048510626354], [0.245593521871024, 0.3547413740614011, 0.12545732114172564, 0.2742077829258493], [0.2548376875031122, 0.2998249401209497, 0.2174319003306252, 0.22790547204531295], [0.2401197353462645, 0.27392120009635545, 0.17514630918106078, 0.31081275537631936], [0.1803708189237286, 0.31874109444272675, 0.19344143497260954, 0.3074466516609353], [0.21840382700507532, 0.3367258253934518, 0.1554782800707579, 0.28939206753071517], [0.19320583318253534, 0.32237872180888444, 0.1720921833780894, 0.31232326163049073], [0.32481864175249453, 0.20961497483635455, 0.15986063503363962, 0.3057057483775113], [0.21858427742813016, 0.2789041321734421, 0.22243870310333147, 0.28007288729509666], [0.3390705988758436, 0.21069394958793441, 0.14575042475332625, 0.30448502678289574], [0.2158342476510939, 0.2842105706032025, 0.22445919821003293, 0.27549598353567084], [0.23735120998347925, 0.3161938749621889, 0.22371778001120451, 0.22273713504312734], [0.26367467604741607, 0.22546550170637683, 0.1956066172640282, 0.315253204982179], [0.21343959317931063, 0.22940611777919315, 0.2017611886475389, 0.3553931003939575], [0.2072676433573462, 0.28329472133038563, 0.14804144820838153, 0.3613961871038866], [0.19757992246937944, 0.3121847225236261, 0.1995129122702196, 0.290722442736775], [0.24618896175024368, 0.27236213657879227, 0.1441009231770377, 0.33734797849392656], [0.21000802365615048, 0.28668520169445827, 0.19939839236621712, 0.30390838228317435], [0.24347091784846575, 0.32401070928640263, 0.14103507397199, 0.2914832988931419], [0.24400326177760945, 0.26811390445782224, 0.2012671892355641, 0.28661564452900457], [0.30273981851107523, 0.20745541450154203, 0.18369749678655697, 0.3061072702008259], [0.2517164513984717, 0.3133652263048068, 0.17816058161239504, 0.2567577406843267], [0.26866349302618486, 0.24116389167349248, 0.1739302606207384, 0.3162423546795845], [0.32530313009685197, 0.23364958710136594, 0.14617153682839018, 0.29487574597339195], [0.3149568206528304, 0.2797734794754538, 0.17008442830054232, 0.23518527157117333], [0.2297876034840778, 0.3133528463604181, 0.19882700357968452, 0.25803254657581964], [0.30802748468781216, 0.20627914964259605, 0.17035778895871423, 0.31533557671087775], [0.30286369463418356, 0.278598638860972, 0.17060014631725898, 0.24793752018758541], [0.26679444958289955, 0.29286166025251253, 0.14568009136490706, 0.29466379879968113], [0.38476670474013325, 0.23852432341332466, 0.14837275415243356, 0.22833621769410872], [0.28316558768939326, 0.2606618174510793, 0.19556052594675108, 0.26061206891277633], [0.259506423288396, 0.2869611271321287, 0.17376236665477357, 0.27977008292470207], [0.1912550956386144, 0.24093445614665385, 0.20555104549211184, 0.3622594027226201], [0.1897946206785577, 0.3063280371697654, 0.19848539837674234, 0.3053919437749346], [0.2733472470709172, 0.21270786992190932, 0.18671573063270908, 0.3272291523744647], [0.19112010121057607, 0.2768361717011131, 0.2178256736269961, 0.3142180534613148], [0.28755590638603207, 0.24032072896538076, 0.14903362384157726, 0.32308974080701014], [0.22897602896729324, 0.31524157276716147, 0.17452461136102163, 0.28125778690452385], [0.1759499435127743, 0.29594150386702833, 0.24134013302804047, 0.28676841959215715], [0.3179558554916485, 0.23803858859733992, 0.16475425205636718, 0.2792513038546448], [0.2827897844978633, 0.2464614429726183, 0.20067324128793834, 0.27007553124158035], [0.20878326657851812, 0.30849934639397936, 0.19254382424730815, 0.29017356278019446], [0.2227147939164415, 0.30343638157303693, 0.16980803729378866, 0.3040407872167329], [0.18984954602808252, 0.2704253515044394, 0.22014798967345894, 0.319577112794019], [0.21226936861965892, 0.2972465682412286, 0.2097003400890126, 0.2807837230500998], [0.2727025050610458, 0.2581439696585139, 0.1657641541887546, 0.30338937109168596], [0.2302303021991825, 0.24890705307032446, 0.2193053383492514, 0.30155730638124195], [0.21169939529288062, 0.2858233882904194, 0.17825150405165682, 0.3242257123650434], [0.26183502788492435, 0.25862034485876967, 0.16542405135277513, 0.3141205759035307], [0.23189478610480388, 0.2329565887839507, 0.20214134625575356, 0.33300727885549203], [0.20245518918489128, 0.33520496029516544, 0.20371242808935797, 0.25862742243058534], [0.3502021933202404, 0.2712581079028554, 0.15298044910507283, 0.22555924967183155], [0.215821097142898, 0.26827809078296266, 0.25695714059988456, 0.2589436714742549], [0.3015805971019466, 0.29919121608696164, 0.13091218520572123, 0.2683160016053706], [0.2622710748355973, 0.2632227748291676, 0.18721918216698769, 0.2872869681682478], [0.18703853139847562, 0.30134927106694087, 0.25113851791296077, 0.260473679621623], [0.2771454522634885, 0.3405355852435505, 0.14122657628720814, 0.24109238620575335], [0.34343208751241955, 0.243990725006832, 0.12252143920299313, 0.2900557482777552], [0.2504921522679642, 0.2812980689423106, 0.21243270596337738, 0.25577707282634793], [0.28825767528161594, 0.2854426278123785, 0.1766782811242434, 0.2496214157817624], [0.28064692581954537, 0.2676932064734877, 0.1522775800883805, 0.29938228761858643], [0.26968374021991603, 0.2643002158686279, 0.21804676282507554, 0.24796928108638044], [0.3074560505875207, 0.2284232839076859, 0.18940625851965145, 0.2747144069851422], [0.25861573179249914, 0.2521200884779217, 0.1968170155420391, 0.2924471641875401], [0.24112202292651325, 0.28762554648587196, 0.16633340760058746, 0.3049190229870275], [0.2256874521624836, 0.3046584019799219, 0.15062333510380682, 0.3190308107537876], [0.2463893322440653, 0.27105071773592704, 0.17384538313941839, 0.3087145668805892], [0.2660687219776672, 0.2984128196524744, 0.21158393325291336, 0.22393452511694525], [0.3874790983196895, 0.2175606597367275, 0.1452484563916144, 0.2497117855519689], [0.24917591565849623, 0.2852727357414794, 0.15263590342101083, 0.3129154451790135], [0.21888058241877986, 0.28355618796973675, 0.2185887370936875, 0.2789744925177961], [0.21078298684051705, 0.27094268455232023, 0.24397366750623067, 0.27430066110093204], [0.22594236293821687, 0.23627363077793642, 0.2062390879782656, 0.33154491830558136], [0.35002639789320455, 0.26314598813723544, 0.15416773075719586, 0.23265988321236417], [0.23327463769761586, 0.2603038252870963, 0.21747961159034215, 0.28894192542494573], [0.22634934776667945, 0.30481826672291557, 0.17381837387240434, 0.2950140116380008], [0.2196241722740976, 0.3523205395153942, 0.16348664519393716, 0.2645686430165712]]}, "rewritten": {"ids": ["97105580", "97105960", "97106770", "97107950", "97109080", "97110950", "97111790", "97116790", "97118210", "98106111", "98106680", "98108150", "98109090", "98109311", "98109570", "98110230", "98111670", "98111860", "98113881", "98116940", "99105921", "99107560", "99107640", "99107950", "99108000", "99108460", "99109311", "99109860", "99111620", "99116500", "100108080", "100108260", "100110050", "100111270", "100111390", "100112060", "101108080", "101108370", "101109000", "101110200", "101111210", "101111620", "101113210", "102108621", "102109010", "102109910", "102110240", "102110750", "102110890", "103111170", "103111620", "103111990", "103112641", "103113210", "103113260", "103120290", "103120730", "104111620", "104112201", "104112470", "104113190", "104116800", "105110091", "105112100", "105112130", "105112240", "105113260", "105113480", "105115380", "105115680", "105118171", "106114280", "106114321", "106114880", "106115120", "106116640", "106117770", "106118820", "106119260", "107112850", "107113200", "107113360", "107114110", "107114280", "107114780", "107114950", "107115250", "107116300", "107118120", "107118520", "107119130", "107120010", "108114220", "108115070", "108118291", "108120060", "108120260", "109113281", "109113881", "109114030", "109117630", "109118231", "109119591", "109121640", "110114920", "110115250", "110118121", "110118301", "110121170", "110121500", "111114321", "111115400", "111116290", "111116990", "111117120", "111117571", "111118810", "111119250", "111119610", "111119930", "111119950", "111120320", "111120531", "111120640", "111121190", "112116640", "112116990", "112118620", "112121010", "113118421", "113118620", "113119360", "113119450", "113119700", "113120260", "113120280", "113120531", "113121220", "113122150", "113122180", "113122220", "113122230"], "labels": [1, 2, 3, 2, 2, 3, 2, 2, 2, 0, 1, 0, 1, 1, 1, 3, 1, 0, 3, 2, 1, 1, 1, 1, 2, 0, 1, 2, 3, 2, 0, 3, 3, 2, 2, 2, 0, 1, 1, 2, 2, 3, 3, 3, 1, 2, 3, 1, 0, 2, 0, 2, 3, 3, 3, 2, 1, 0, 0, 1, 3, 1, 0, 1, 1, 1, 3, 0, 1, 2, 3, 3, 2, 0, 1, 3, 0, 3, 1, 1, 0, 0, 1, 3, 2, 3, 2, 0, 3, 2, 1, 1, 3, 1, 3, 1, 1, 0, 0, 1, 0, 1, 0, 0, 3, 1, 3, 1, 2, 3, 1, 0, 2, 0, 2, 3, 0, 1, 2, 1, 0, 1, 0, 0, 1, 0, 0, 3, 2, 3, 3, 0, 3, 0, 3, 0, 0, 3, 2, 2, 1, 1], "predicted_labels": [1, 0, 0, 0, 0, 0, 0, 0, 0, 0, 0, 0, 0, 0, 0, 0, 0, 0, 0, 0, 1, 0, 0, 0, 0, 0, 0, 0, 0, 0, 0, 1, 0, 1, 0, 0, 0, 0, 0, 0, 0, 0, 0, 0, 3, 0, 0, 0, 3, 0, 0, 0, 1, 0, 0, 3, 0, 0, 0, 3, 0, 0, 0, 0, 0, 3, 0, 0, 3, 3, 0, 0, 0, 0, 0, 3, 0, 0, 3, 0, 3, 0, 0, 0, 3, 0, 0, 0, 3, 0, 1, 3, 0, 3, 0, 0, 0, 0, 0, 0, 3, 0, 0, 0, 3, 0, 0, 0, 0, 0, 0, 0, 0, 0, 0, 0, 0, 0, 0, 1, 0, 0, 0, 0, 0, 0, 0, 0, 0, 0, 0, 0, 0, 0, 0, 0, 0, 0, 0, 0, 0, 0], "confidence_scores": [[0.28218929652143937, 0.3111883512958451, 0.15549115763901533, 0.2511311945437002], [0.3181826944265824, 0.2380655631472052, 0.20248423217671221, 0.24126751024950052], [0.34393331317488623, 0.23252721305863122, 0.17899680290671177, 0.2445426708597711], [0.2793020137732223, 0.271290697001055, 0.19385096088268497, 0.255556328343038], [0.3338733296868835, 0.21493380695768066, 0.18018137241739995, 0.2710114909380361], [0.35691337225965164, 0.2022429873370886, 0.17570407287380982, 0.2651395675294505], [0.38829398026379314, 0.24011155134423853, 0.14379172005202703, 0.22780274833994138], [0.2905741857553408, 0.2503074446705027, 0.21003854751647047, 0.24907982205768606], [0.30999303268238115, 0.24439983322726985, 0.1674707498742534, 0.2781363842160959], [0.3104635989340479, 0.23573894426617964, 0.18345853543467697, 0.27033892136509563], [0.3536712910335236, 0.23469208392973975, 0.18445368286432437, 0.22718294217241225], [0.32733721559633905, 0.21744152507537629, 0.17282803684825862, 0.28239322248002624], [0.35348640678018556, 0.25441057498355957, 0.16736935280217463, 0.22473366543408044], [0.39575090705322824, 0.24426449741205208, 0.13652105888632046, 0.22346353664839938], [0.3639467966182087, 0.2326516625758865, 0.1787599509078432, 0.22464158989806216], [0.36347104219564996, 0.2567965177921896, 0.14635874031853266, 0.23337369969362803], [0.2734119574571385, 0.25914103576533326, 0.2278940141802072, 0.23955299259732143], [0.27497215419230087, 0.24188688342615655, 0.21867295602650683, 0.2644680063550361], [0.38609604112773616, 0.21847321345313142, 0.13429730750628743, 0.26113343791284516], [0.3174948759600895, 0.2823977906312047, 0.1611894152753074, 0.23891791813339847], [0.2906020229184767, 0.3056803972745028, 0.1556210530387856, 0.24809652676823502], [0.34610181883723024, 0.2758280193758248, 0.13856984401917, 0.23950031776777503], [0.32812321453721954, 0.24767709710675967, 0.16458432978768855, 0.25961535856833245], [0.31029011615218666, 0.258337809635477, 0.17390889221948974, 0.2574631819928468], [0.30179312767761113, 0.30156760622152257, 0.1548764171616993, 0.24176284893916708], [0.31522246946609334, 0.24829089745344043, 0.15512730016749776, 0.2813593329129688], [0.3298431917914002, 0.2927824144514881, 0.15162356010239506, 0.22575083365471676], [0.3120981316932082, 0.2879119898758123, 0.17939547609001955, 0.2205944023409601], [0.359675668671381, 0.26538940695771496, 0.140035663341164, 0.23489926102974046], [0.3210139287364023, 0.24360970247008595, 0.20420326794329874, 0.23117310085021317], [0.2919701743974867, 0.2582339480686198, 0.1914215485313648, 0.25837432900252877], [0.28662080299201803, 0.2942781340427376, 0.18558430227444261, 0.2335167606908021], [0.3259171726322989, 0.2367744125965514, 0.21719787698656737, 0.2201105377845826], [0.26305732559521255, 0.2661868314340157, 0.23716313968691943, 0.23359270328385254], [0.3287734451175606, 0.22449805336410944, 0.15213882911960486, 0.2945896723987251], [0.32401773245537063, 0.2637810687350525, 0.18517123589915077, 0.227029962910426], [0.37128989855489436, 0.19465810234290104, 0.17744099293562207, 0.2566110061665827], [0.3847869195886078, 0.23300385576996535, 0.12889529964474097, 0.253313924996686], [0.31448625022818605, 0.19779769289676655, 0.18177319451607193, 0.3059428623589758], [0.341678536332007, 0.23554606159230193, 0.16899987690687732, 0.253775525168814], [0.35650089339291163, 0.1857327969005339, 0.165713875218932, 0.2920524344876225], [0.3634755658186335, 0.2050903108742115, 0.1960267499238248, 0.23540737338333023], [0.33528315953024246, 0.227294996212472, 0.16702853497769624, 0.2703933092795894], [0.3777181023699777, 0.25872856227048724, 0.11792238384290255, 0.24563095151663258], [0.29351411298405766, 0.2567300739594155, 0.15439020759081284, 0.29536560546571416], [0.3729231179438145, 0.21570590628555203, 0.14946694766598734, 0.26190402810464614], [0.301579404657621, 0.23800374187894455, 0.16016217303501537, 0.3002546804284194], [0.2966373536683231, 0.25867144077618964, 0.19055355588879483, 0.2541376496666928], [0.28013427056564477, 0.2501242061828784, 0.16645676139503052, 0.3032847618564466], [0.3761852317788888, 0.23900007781311428, 0.14109278029831, 0.24372191010968705], [0.3237849115771644, 0.3174582281001806, 0.15095435936160528, 0.20780250096104974], [0.36117123131684375, 0.2332122228170246, 0.15207976243755075, 0.25353678342858116], [0.3073053524008029, 0.3158762610842888, 0.12815850121870162, 0.24865988529620697], [0.29103525508318806, 0.2545810869785561, 0.19451051655502483, 0.2598731413832312], [0.35413058119024404, 0.24262415428654946, 0.16487642092703786, 0.23836884359616878], [0.22313578814324278, 0.26140238509778024, 0.20970603827285783, 0.3057557884861193], [0.3840152992703228, 0.21855547484195273, 0.16185974562854635, 0.23556948025917845], [0.33569227460186646, 0.20197539680860022, 0.15060890189668075, 0.31172342669285286], [0.4116126535209256, 0.2268558710887738, 0.12312978012362924, 0.2384016952666713], [0.294372049856579, 0.25780348821404075, 0.1421057376339918, 0.30571872429538866], [0.3374972316210262, 0.24950117353019052, 0.13683795444441274, 0.2761636404043709], [0.3275799185030164, 0.2412584626155227, 0.19168890668420752, 0.2394727121972539], [0.39685250296947494, 0.23673955952258685, 0.1476428007984095, 0.218765136709529], [0.33158107960248595, 0.2165596302200623, 0.1715640766561187, 0.2802952135213333], [0.278292558494554, 0.2483102797093494, 0.19525446515974226, 0.2781426966363545], [0.25134890581212177, 0.2683797771158096, 0.2056373323331991, 0.27463398473886963], [0.3734802457248944, 0.2564200166288348, 0.1649181611914829, 0.20518157645478824], [0.2872765196264523, 0.26307282997199744, 0.18360162027260188, 0.26604903012894865], [0.27499964907367785, 0.24942305272014412, 0.20002665771097874, 0.2755506404951996], [0.2553032031085453, 0.2654400175360221, 0.2036990233557831, 0.2755577559996497], [0.38277943563278183, 0.24243773050603426, 0.13801208480629695, 0.23677074905488685], [0.3686322230372113, 0.24640077485015607, 0.13711834769946546, 0.2478486544131676], [0.3735719806292556, 0.22632494902386124, 0.17136075202717035, 0.2287423183197131], [0.3035766921337515, 0.23811116193123671, 0.17202885476338362, 0.2862832911716283], [0.3395476534504783, 0.19719927449030863, 0.15863815835185163, 0.3046149137073615], [0.2816472927788816, 0.24952283676936438, 0.16838799589106762, 0.3004418745606868], [0.31498814336426173, 0.19661558425119519, 0.17563037370815432, 0.3127658986763889], [0.31369519787581096, 0.2416312808526437, 0.19087587871982578, 0.25379764255171944], [0.27468983528090424, 0.234401594153295, 0.19386747413546992, 0.29704109643033094], [0.3270126180405235, 0.2481993796614476, 0.1701940379370221, 0.2545939643610069], [0.22386331702547213, 0.2798830251290048, 0.1928317774285563, 0.303421880416967], [0.3628265494084683, 0.26017762310257975, 0.1583252560832552, 0.2186705714056968], [0.3259915760285002, 0.2698976323813683, 0.17241810078505643, 0.23169269080507524], [0.3180641341619372, 0.28125176380072076, 0.176292798649485, 0.22439130338785723], [0.25596500292105273, 0.26225488702130406, 0.20652967174330863, 0.2752504383143349], [0.34570589042900446, 0.20096085534976588, 0.1670471736885685, 0.2862860805326614], [0.36049473889632977, 0.2542463002780483, 0.1462448895815265, 0.23901407124409563], [0.31544341777467816, 0.26636818142737323, 0.18692554314217627, 0.23126285765577254], [0.2586562338499613, 0.28235059907454174, 0.1712938405735259, 0.28769932650197144], [0.3054928582282621, 0.24077614100297165, 0.18677130407935316, 0.2669596966894131], [0.242052263562572, 0.29427961034454336, 0.18548211533856196, 0.27818601075432275], [0.2517845906209197, 0.2370396344308663, 0.21197809779323687, 0.2991976771549772], [0.35501238268401714, 0.22221756379671992, 0.15315811890167141, 0.2696119346175919], [0.2560057678520768, 0.25652728003428954, 0.18849349404815666, 0.29897345806547726], [0.38610481026746485, 0.2199444848115191, 0.1491513836084588, 0.24479932131255722], [0.3214314831727082, 0.26425717121055275, 0.19198445531899289, 0.22232689029774644], [0.3553924916490596, 0.24005877053314545, 0.14837874118629876, 0.25616999663149626], [0.3794893506305212, 0.21836061943223517, 0.13482933086700577, 0.2673206990702381], [0.3650053430400929, 0.23548765042390624, 0.17717024782576224, 0.22233675871023892], [0.31305277307351687, 0.24920417478370016, 0.16967277316125373, 0.2680702789815296], [0.27959481939889075, 0.23555337044785116, 0.18743859312605696, 0.2974132170272011], [0.37898600521984366, 0.2320541164563818, 0.16727024624232037, 0.22168963208145429], [0.3897960727925095, 0.24885444640624452, 0.14464106180179662, 0.2167084189994494], [0.3133918233198452, 0.2552853463234665, 0.17012239945753854, 0.26120043089914996], [0.24897013688901357, 0.2717170636268003, 0.17925702396829418, 0.30005577551589185], [0.35602331241399876, 0.2272152939218065, 0.15578415212597593, 0.2609772415382189], [0.343687414556009, 0.2208031293527735, 0.16449168053792412, 0.27101777555329365], [0.39419290527307266, 0.2699573334798156, 0.13631621761424711, 0.19953354363286485], [0.3115120476017525, 0.24526323368565048, 0.1589884446791593, 0.2842362740334378], [0.3350987631724488, 0.24183967613759627, 0.14749205168112342, 0.2755695090088315], [0.3588191147941777, 0.26832274511799353, 0.16523793975267595, 0.20762020033515288], [0.3285572563541335, 0.24001998029186628, 0.14865832302640689, 0.28276444032759335], [0.2919189733934156, 0.25883791068757034, 0.18478094278816823, 0.2644621731308462], [0.3584401791103741, 0.21242481601245372, 0.16175476147974205, 0.26738024339743005], [0.30655806173287026, 0.28703804824146706, 0.17115456458906997, 0.23524932543659297], [0.3865532421753734, 0.25083942088490585, 0.1267750411273264, 0.2358322958123944], [0.34582546826086696, 0.21792096416129858, 0.14263799907140304, 0.2936155685064314], [0.3427303112858372, 0.22623026965049203, 0.15663662916213056, 0.27440278990154043], [0.38433339187103255, 0.2250113958221676, 0.13845366033822523, 0.2522015519685744], [0.2688431569497078, 0.30216545177710097, 0.16981336758908142, 0.25917802368410997], [0.3500427830831392, 0.2537692589332442, 0.15516356609056972, 0.24102439189304709], [0.3054455279017751, 0.2793869786734774, 0.15239085022072238, 0.2627766432040254], [0.33733576191003395, 0.3004463318049913, 0.15456168801799197, 0.2076562182669828], [0.337123239505938, 0.2517904337148938, 0.15120513660159768, 0.25988119017757066], [0.38130101914450365, 0.23242713502631798, 0.12648694635701951, 0.259784899472159], [0.31502760303212946, 0.25842222933097014, 0.16534293878983103, 0.26120722884706965], [0.29107804239305674, 0.26251600167339745, 0.1912106653677988, 0.255195290565747], [0.35435367479825636, 0.2784651572252823, 0.13278062684034417, 0.23440054113611716], [0.32335738729852825, 0.2630060202983963, 0.15926643185189548, 0.25437016055118006], [0.4167714937716543, 0.20394218893671429, 0.14311402904724008, 0.2361722882443914], [0.30465624872162844, 0.25255029461361966, 0.1899823428194457, 0.2528111138453064], [0.3430511480957697, 0.2277528154263451, 0.13426835774749454, 0.29492767873039083], [0.3300256958853913, 0.25839735428289373, 0.1332200133306517, 0.2783569365010632], [0.38423539365201825, 0.2291852129608645, 0.15710160720071684, 0.22947778618640075], [0.37913098066220785, 0.2129471520391238, 0.1185284479042412, 0.28939341939442736], [0.35422360192005414, 0.19300839033425526, 0.14739079228607965, 0.3053772154596112], [0.38879949978086303, 0.2122041424442303, 0.12765997898641565, 0.2713363787884914], [0.36864146801442715, 0.2284048619109858, 0.12868196570258308, 0.2742717043720041], [0.3032999223112994, 0.24981474299091727, 0.17581272522989455, 0.27107260946788886], [0.32153146596838633, 0.2182975363872744, 0.17507187367294047, 0.2850991239713988], [0.3361295621523066, 0.27044162424915447, 0.1522144886543776, 0.24121432494416153], [0.32920039312695154, 0.2094143466872051, 0.19934909570186282, 0.2620361644839808]]}}