{"test": {"ids": ["104111380", "111121220", "101112690", "111115910", "98120530", "98119591", "107114950", "102110500", "104113170", "108121351", "110114920", "98117740", "99113260", "113119700", "102110050", "112118880", "112120270", "106113830", "111119950", "98112580", "99111340", "106111321", "111121351", "98106560", "104117630", "112117471", "113118231", "99109370", "102107961", "113117340", "99107500", "103120730", "104111880", "103110050", "104119340", "104113000", "112118550", "103113640", "111116530", "109120560", "99116500", "113119950", "99109161", "108119330", "99109840", "110118111", "107113180", "100115700", "111120190", "97112830", "98109090", "103112641", "108115250", "112118511", "113122120", "102112170", "101110200", "106121190", "98116090", "110120540", "105110251", "101111310", "112116810", "108115870", "112118471", "98106111", "110120640", "99111440", "113121810", "104114740", "101119030", "110113931", "111120640", "112117580", "105116090", "102110240", "111115770", "100112060", "109121351", "112116640", "107118780", "99109860", "111121410", "104114240", "98107340", "111118810", "113118111", "105111990", "101108290", "109115220", "101112201", "108114670", "97105580", "99107950", "113121680", "98111620", "99120010", "99111620", "97112290", "106112770", "108114270", "98109311", "104110960", "109114270", "109119460", "112119980", "104118070", "99108890", "103113270", "107116300", "113120531", "103120780", "113120280", "101116130", "109117600", "103110760", "111116411", "99107660", "105120280", "110114651", "108118291", "99112300", "103110220", "107116340", "105113330", "105112100", "112120630", "109116441", "97106820", "111116040", "113122230", "112118701", "100109360", "98112300", "108114200", "106116370", "111119290", "102114270", "106116850", "113118511", "112121410", "99117740"], "labels": [3, 3, 1, 2, 1, 1, 3, 3, 3, 3, 3, 2, 0, 0, 3, 1, 0, 1, 0, 2, 1, 0, 0, 1, 0, 3, 3, 1, 3, 2, 0, 1, 3, 3, 1, 1, 3, 1, 3, 1, 2, 0, 3, 0, 2, 1, 3, 1, 3, 2, 1, 3, 1, 1, 1, 3, 2, 2, 0, 1, 0, 3, 3, 3, 1, 0, 0, 3, 2, 2, 3, 1, 0, 0, 1, 3, 3, 2, 0, 0, 1, 2, 0, 0, 0, 0, 1, 2, 0, 3, 0, 3, 1, 1, 1, 3, 2, 3, 1, 1, 3, 1, 2, 3, 1, 0, 2, 0, 2, 0, 0, 1, 0, 2, 1, 1, 0, 3, 3, 3, 3, 0, 2, 3, 3, 1, 3, 3, 1, 0, 1, 0, 0, 2, 0, 2, 3, 3, 3, 1, 0, 2], "predicted_labels": [3, 1, 3, 1, 0, 0, 0, 3, 1, 3, 1, 0, 2, 0, 3, 0, 0, 0, 0, 3, 2, 0, 0, 2, 1, 0, 1, 1, 3, 1, 1, 3, 3, 1, 3, 0, 0, 0, 1, 0, 1, 3, 2, 3, 1, 0, 1, 3, 3, 2, 3, 0, 3, 2, 1, 0, 1, 1, 1, 1, 0, 0, 0, 3, 1, 2, 3, 0, 2, 3, 3, 3, 2, 3, 0, 0, 3, 1, 3, 1, 1, 2, 1, 3, 2, 3, 3, 2, 1, 0, 0, 1, 1, 1, 2, 2, 2, 0, 2, 1, 0, 1, 3, 3, 3, 1, 3, 1, 2, 1, 0, 0, 0, 1, 2, 3, 3, 3, 1, 3, 0, 0, 1, 3, 3, 0, 0, 3, 3, 3, 2, 3, 3, 0, 1, 0, 0, 3, 2, 1, 3, 0], "confidence_scores": [[0.27451372294287774, 0.06096024595021243, 0.03357298243152946, 0.6309530486753804], [0.05248335243108316, 0.6537358482951021, 0.07171249392861852, 0.22206830534519612], [0.0151075212332949, 8.937526289222403e-06, 0.0007923556697568493, 0.984091185570659], [0.0010769361802158667, 0.9659241629474697, 0.0046182456687077315, 0.02838065520360657], [0.6671940419205108, 0.1329350489317121, 0.08419006730183717, 0.1156808418459399], [0.46974621331718813, 0.2003866220204684, 0.30584079373831385, 0.024026370924029667], [0.878406474069678, 0.06985926332847066, 0.01643387807511786, 0.035300384526733626], [0.0061973148858424105, 0.004322827097625297, 0.024221165589024443, 0.9652586924275078], [0.18618571174646717, 0.8089868025075034, 0.0002523396196781281, 0.004575146126351156], [0.13722624238187123, 0.010071674864561708, 0.01900534529607779, 0.8336967374574893], [0.2091612146750798, 0.7757298290010021, 0.008591126647239409, 0.006517829676678461], [0.5465773125003678, 0.09975229511351899, 0.15225308806843899, 0.20141730431767416], [0.001726876630687041, 0.0028308087922339015, 0.9758702356987827, 0.019572078878296408], [0.7722523189827746, 0.05915881922206315, 0.14208432901206466, 0.026504532783097612], [0.0038109586091454282, 0.013033077736648333, 0.1158471264505367, 0.8673088372036696], [0.7634652472894902, 0.06463520978981437, 0.04717759229320995, 0.12472195062748566], [0.9346720707406311, 0.0006464117857005253, 0.006107077788228702, 0.05857443968543986], [0.5510603788417919, 0.17567091681755084, 0.028751002321111448, 0.24451770201954587], [0.9112820573345354, 0.023957640901129323, 0.0005421498571221111, 0.0642181519072131], [0.03128934255949353, 0.003673189909230495, 0.006641403052422854, 0.9583960644788531], [2.8187780933187965e-05, 0.017645892641898378, 0.9789405773675045, 0.0033853422096638995], [0.5215058700144193, 0.0636647901853171, 0.010854435754299795, 0.40397490404596387], [0.5681090342873139, 0.4145660336154731, 0.00010734498591838869, 0.017217587111294567], [0.016999576954429878, 0.01458800341236201, 0.9492434772708066, 0.019168942362401565], [0.04400741734598099, 0.8714591909684606, 0.07900565334767512, 0.0055277383378831355], [0.8978875605603177, 0.007754556433287973, 0.012652086936098346, 0.08170579607029609], [0.05937778533450004, 0.6806079302478519, 0.22505012549171574, 0.03496415892593229], [0.010679217264190745, 0.9856256909956038, 0.0005649984630579912, 0.003130093277147401], [0.03649042803110945, 0.0014584993908409094, 0.002389110189728816, 0.9596619623883208], [0.2374097202116188, 0.5554029108163012, 0.006371407283551229, 0.20081596168852878], [0.04865188071271511, 0.876533841585274, 0.004990114223311949, 0.06982416347869892], [0.10237184573281677, 0.1499580580761544, 0.06311755239692203, 0.6845525437941067], [0.00045411981605873356, 0.12877786806921745, 0.01616580421538874, 0.854602207899335], [0.010011144954675054, 0.8510961297878571, 0.012633581704748691, 0.12625914355271917], [8.700838207892025e-05, 0.3865532817381435, 0.0006651116837950508, 0.6126945981959824], [0.5906477490621975, 0.001554254121746361, 0.0008208769681454527, 0.40697711984791063], [0.8334229667620379, 0.024835466120300777, 0.0012677569986190536, 0.14047381011904228], [0.9976195751898623, 0.00043493412030775507, 8.214212965896926e-05, 0.0018633485601709202], [0.01817085508150813, 0.9740364400449065, 3.33752524008534e-05, 0.007759329621184552], [0.7555889413013239, 0.004565255929263062, 0.01770892002557234, 0.22213688274384072], [0.0008806383619867394, 0.7277350266427738, 0.21646788472693906, 0.05491645026830035], [0.013072335626700887, 0.016066296963590587, 8.287649709397504e-05, 0.9707784909126146], [0.2890394917751996, 0.10366458498016057, 0.6049998638391155, 0.002296059405524287], [0.11452692405425112, 0.22533807228384586, 0.306876379745837, 0.3532586239160661], [0.0007956244352687963, 0.7216787535826369, 0.2772108374043771, 0.0003147845777171255], [0.7920354394404417, 0.02234190151587458, 0.17745884349064214, 0.008163815553041518], [0.000813999725172594, 0.9818405844409691, 0.0015497057562904443, 0.015795710077568144], [0.003333605928229836, 0.006604802004995924, 0.017390973620057065, 0.9726706184467172], [0.02914039951850497, 0.18973973364481989, 0.13645166508066603, 0.6446682017560091], [0.02386453884481466, 0.13521696550975285, 0.5067522550138481, 0.33416624063158434], [0.09515721341786017, 0.050794900435486595, 0.08255342658717243, 0.7714944595594808], [0.38219173935364154, 0.3196660885785401, 0.10665774617885644, 0.19148442588896186], [0.14123001693611517, 0.0020128211606170467, 0.21884513824446977, 0.6379120236587981], [0.07273228777284559, 0.00914235917432913, 0.5197484222229989, 0.3983769308298264], [0.02061654342245912, 0.9221639431029323, 0.007489078151619719, 0.049730435322988764], [0.8724456813551593, 0.0008883155539813822, 0.006943917491718657, 0.11972208559914067], [0.004538768432572302, 0.9591149756454795, 0.0012348141604842282, 0.03511144176146396], [0.0049555991332886394, 0.5187852714183374, 0.16059485915484506, 0.3156642702935289], [0.003990193680116438, 0.6848970816185269, 0.01959675144786165, 0.29151597325349493], [0.0003880913443643873, 0.9794191815050161, 0.005619401950814952, 0.014573325199804556], [0.7286251664199326, 0.23179898279000843, 0.011086346347382365, 0.028489504442676693], [0.928587472338998, 0.020764695778300347, 0.028359157679915578, 0.02228867420278604], [0.45534818175799224, 0.13630108464531923, 0.34608318992591375, 0.062267543670774944], [0.35017091761141983, 0.014818135011141003, 0.0019030654878596, 0.6331078818895796], [0.0719010229791983, 0.5795926599283174, 0.3168651725729493, 0.03164114451953503], [0.22698035667039523, 0.0751357246583467, 0.6746322952270132, 0.02325162344424481], [0.05730083042673652, 0.00046227627205985855, 0.0015103823956825841, 0.9407265109055211], [0.5195745375868559, 0.3637835548838533, 0.0018046984861148137, 0.11483720904317594], [0.017807157140873036, 0.0019641251806025274, 0.9797411997946983, 0.00048751788382615406], [0.013313995776951549, 0.14675451248143406, 0.28279295414156636, 0.5571385376000481], [0.012598130624823229, 0.00664996538385557, 0.03234107977282163, 0.9484108242184996], [0.2846092917271325, 0.05765974838449731, 0.14345127919657857, 0.5142796806917915], [0.0022829425522775085, 0.19576861732825593, 0.79096943151372, 0.010979008605746568], [0.16877752428306672, 0.0027946587576090703, 0.00015395039129625766, 0.8282738665680279], [0.7410649741411915, 0.12032694224768388, 0.0012478094204785098, 0.13736027419064614], [0.7904931831178127, 0.0105044544246837, 0.07842485872544278, 0.12057750373206073], [0.32128876937577083, 0.0180223705168463, 0.00011166648398546462, 0.6605771936233974], [0.2991841501101271, 0.34099068447208103, 0.172494787656122, 0.18733037776166986], [0.27133641839178474, 0.01461230729660566, 0.07284128163289968, 0.6412099926787099], [0.022146409088403193, 0.9590437687057101, 0.0002689115233438777, 0.01854091068254271], [0.007559462128995771, 0.9846257710496426, 0.0014221323341789384, 0.006392634487182726], [0.0008433101999694783, 0.04975639045153386, 0.946469439886807, 0.002930859461689549], [0.44488279894548793, 0.5504411233144327, 0.00044857518731546803, 0.004227502552763736], [0.08473298764518192, 0.0015988625376121212, 0.08081938209095008, 0.8328487677262558], [0.005297305134762319, 0.06297197300848922, 0.6823715131631691, 0.24935920869357933], [0.018232165754161006, 0.3078101080382598, 0.12057396845807275, 0.5533837577495063], [0.1284781619363752, 0.00021299252457567246, 0.0013713187439737247, 0.8699375267950755], [0.19762445682802257, 0.04428427845873828, 0.6782635190670142, 0.07982774564622475], [0.009964475541080596, 0.9004047049273094, 0.009082920542232904, 0.08054789898937705], [0.8447215074615677, 0.05470150951678834, 0.018638326085999246, 0.08193865693564462], [0.6084529218407466, 0.1868568644628232, 0.004615386938061283, 0.2000748267583689], [0.0007959646546833283, 0.9363920281893963, 4.547413908098716e-06, 0.0628074597420122], [1.7035724352303374e-05, 0.8697716859596664, 0.11971368782284628, 0.010497590493135018], [0.0011939316590208091, 0.7971244415352821, 0.1851189235635459, 0.016562703242151297], [0.004251119351711568, 0.39259430926403754, 0.5666360740194866, 0.0365184973647643], [2.5830379529677165e-05, 0.00011780334542608973, 0.9995579766860997, 0.00029838958894448203], [0.10285346072484636, 0.2677925785382656, 0.5935035506782138, 0.03585041005867417], [0.521434312721738, 0.41527376071970334, 0.06307233517714261, 0.00021959138141598397], [0.1547437474324284, 0.28939571005096415, 0.5548854851104513, 0.0009750574061559994], [0.0029349138366201325, 0.9916540241037916, 0.004001983835919529, 0.0014090782236687515], [0.7686742069703918, 0.0883089908845856, 0.05342911726522034, 0.08958768487980247], [0.009832230219758872, 0.8082171285480203, 0.00898203681088805, 0.1729686044213327], [0.0028123120329695225, 0.023106714847792923, 0.03344854069354877, 0.9406324324256888], [0.004848909252064952, 0.001366188068683317, 1.3775903367081361e-05, 0.9937711267758845], [0.014921666109724898, 0.011964942437679864, 0.0014381854512812097, 0.971675206001314], [0.1772889547673463, 0.39747815435762224, 0.03240725641269347, 0.392825634462338], [2.3465948393370906e-05, 0.0006805706927220344, 0.0194189034982153, 0.9798770598606694], [0.033460880872228344, 0.7915694143037588, 0.10612798375292222, 0.06884172107109057], [0.21081366056365966, 0.1818772126861835, 0.5327638711586219, 0.07454525559153483], [0.0004920623279470882, 0.9949651782971216, 0.001136062625896374, 0.00340669674903506], [0.5149285274916607, 0.0007379351055926051, 0.0015294776258167457, 0.48280405977692986], [0.9107168504404166, 0.013342928906518618, 0.021023718277036273, 0.05491650237602851], [0.8909358038263288, 6.655958070603247e-07, 6.202541764047065e-06, 0.10905732803610024], [0.0821762348665469, 0.6652579854917684, 0.11767657353683361, 0.1348892061048511], [0.054464906578216885, 0.08532033430149816, 0.7858390141157892, 0.0743757450044959], [0.08198364934864509, 0.002298376434022727, 0.010409566571106556, 0.9053084076462256], [0.10735468437882115, 0.00016260481445935153, 0.00624726052625823, 0.8862354502804614], [0.4307497933571324, 0.002134809029839975, 0.003145485331087669, 0.5639699122819399], [0.0037435104643306454, 0.9961754607548, 6.321281454336748e-07, 8.039665272380436e-05], [0.022168205714295425, 0.0025260235739383964, 0.0016755596141327066, 0.9736302110976335], [0.8762908884790283, 0.11573400966129424, 4.2450803663448936e-05, 0.007932651056013982], [0.5844509804767156, 0.026137712210336426, 0.10396404730013004, 0.28544726001281806], [0.00016277113097522037, 0.9390338658358596, 0.05932657860526802, 0.0014767844278972], [0.06586012923656005, 0.022060865857135306, 0.004088673925391149, 0.9079903309809135], [0.012712953684201807, 0.039425303810044665, 0.00024627549113373184, 0.9476154670146197], [0.8249019880024584, 0.0035023795174604043, 0.10470152341186288, 0.06689410906821834], [0.9797882723529232, 0.002406868663670207, 0.0005215013213442713, 0.01728335766206208], [0.0499673624758378, 0.0004156257820719033, 6.532483791390802e-07, 0.9496163584937112], [0.014677755417731322, 0.336175424112573, 0.019437343494270808, 0.6297094769754249], [0.00022662328689835234, 1.3899489824509207e-05, 6.607549087184046e-06, 0.99975286967419], [0.0031043712596035117, 0.007290445945756243, 0.9223547966122826, 0.06725038618235767], [0.07534254648359878, 0.2419156430106857, 0.0003691119088637407, 0.6823726985968518], [0.05450738563600181, 0.004954372028075947, 0.0016121581681189648, 0.9389260841678032], [0.4652656741573472, 0.006531048278506978, 0.20298616986085272, 0.32521710770329315], [0.025736071693695496, 0.9222703930103758, 0.049361179865029574, 0.0026323554308992376], [0.9994916178459513, 3.147175202981579e-05, 5.8419773852970986e-05, 0.00041849062816584756], [0.635369509694038, 0.05785630643845177, 0.011020085992981704, 0.2957540978745283], [0.0006619217395156998, 0.13824426154478692, 0.16433686839788797, 0.6967569483178093], [0.00043714839808167943, 0.0020403995012411654, 0.996162578534123, 0.0013598735665539224], [0.055167200448194904, 0.9339985246400363, 0.003203288261794171, 0.007630986649974708], [0.32717234665398226, 0.026775503668207332, 0.04341259044750539, 0.6026395592303051], [0.4803698874303722, 0.060628929161884934, 0.33576865435063474, 0.12323252905710828]]}, "rewritten": {"ids": ["97105580", "97106820", "97112290", "97112830", "98106111", "98106560", "98107340", "98109090", "98109311", "98111620", "98112300", "98112580", "98116090", "98117740", "98119591", "98120530", "99107500", "99107660", "99107950", "99108890", "99109161", "99109370", "99109840", "99109860", "99111340", "99111440", "99111620", "99112300", "99113260", "99116500", "99117740", "99120010", "100109360", "100112060", "100115700", "101108290", "101110200", "101111310", "101112201", "101112690", "101116130", "101119030", "102107961", "102110050", "102110240", "102110500", "102112170", "102114270", "103110050", "103110220", "103110760", "103112641", "103113270", "103113640", "103120730", "103120780", "104110960", "104111380", "104111880", "104113000", "104113170", "104114240", "104114740", "104117630", "104118070", "104119340", "105110251", "105111990", "105112100", "105113330", "105116090", "105120280", "106111321", "106112770", "106113830", "106116370", "106116850", "106121190", "107113180", "107114950", "107116300", "107116340", "107118780", "108114200", "108114270", "108114670", "108115250", "108115870", "108118291", "108119330", "108121351", "109114270", "109115220", "109116441", "109117600", "109119460", "109120560", "109121351", "110113931", "110114651", "110114920", "110118111", "110120540", "110120640", "111115770", "111115910", "111116040", "111116411", "111116530", "111118810", "111119290", "111119950", "111120190", "111120640", "111121220", "111121351", "111121410", "112116640", "112116810", "112117471", "112117580", "112118471", "112118511", "112118550", "112118701", "112118880", "112119980", "112120270", "112120630", "112121410", "113117340", "113118111", "113118231", "113118511", "113119700", "113119950", "113120280", "113120531", "113121680", "113121810", "113122120", "113122230"], "labels": [1, 1, 1, 2, 0, 1, 0, 1, 1, 3, 2, 2, 0, 2, 1, 1, 0, 3, 1, 0, 3, 1, 2, 2, 1, 3, 3, 0, 0, 2, 2, 2, 0, 2, 1, 0, 2, 3, 0, 1, 2, 3, 3, 3, 3, 3, 3, 3, 3, 2, 1, 3, 2, 1, 1, 1, 2, 3, 3, 1, 3, 0, 2, 0, 2, 1, 0, 2, 1, 3, 1, 3, 0, 1, 1, 2, 3, 2, 3, 3, 0, 3, 1, 0, 3, 3, 1, 3, 3, 0, 3, 3, 3, 3, 1, 1, 1, 0, 1, 3, 3, 1, 1, 0, 3, 2, 0, 0, 3, 0, 3, 0, 3, 0, 3, 0, 0, 0, 3, 3, 0, 1, 1, 3, 0, 1, 0, 0, 3, 0, 2, 1, 3, 1, 0, 0, 0, 0, 1, 2, 1, 1], "predicted_labels": [2, 3, 1, 3, 2, 0, 1, 3, 1, 2, 0, 2, 2, 3, 2, 1, 1, 0, 3, 1, 2, 1, 1, 1, 2, 3, 2, 1, 2, 2, 0, 0, 3, 0, 2, 0, 3, 1, 1, 3, 2, 3, 2, 3, 0, 3, 0, 3, 1, 1, 0, 0, 1, 0, 3, 0, 3, 0, 3, 0, 1, 1, 1, 0, 1, 3, 0, 0, 0, 1, 1, 1, 3, 1, 0, 0, 2, 2, 1, 0, 1, 3, 1, 3, 0, 1, 2, 3, 0, 0, 0, 3, 3, 3, 2, 3, 2, 3, 2, 3, 1, 2, 2, 3, 1, 2, 3, 3, 0, 2, 2, 0, 3, 3, 1, 1, 3, 0, 2, 0, 3, 2, 2, 0, 1, 0, 1, 0, 3, 0, 1, 3, 1, 2, 0, 3, 0, 0, 3, 1, 1, 1], "confidence_scores": [[0.02679674511992972, 0.07467093123868093, 0.8957547584450282, 0.0027775651963611826], [0.00037069991214301454, 0.005958374621344096, 0.00041052858765523145, 0.9932603968788577], [1.3090370599313744e-05, 0.9044875660715725, 0.09546233619319605, 3.7007364632007185e-05], [0.001157862760552257, 0.000741291688946701, 0.00795227387181698, 0.990148571678684], [0.3311607772895265, 0.11757736817054999, 0.4095558159090317, 0.14170603863089185], [0.8530497152331115, 0.05098260510923043, 0.09558829359980059, 0.0003793860578574321], [0.002970386315608313, 0.8508134662101026, 0.08255161685034489, 0.06366453062394424], [0.009066516637468268, 0.4136723946176139, 0.004399534007064209, 0.5728615547378536], [0.0002496133567512247, 0.9974325261154551, 0.0016538361852167947, 0.0006640243425768171], [8.688677413944543e-05, 5.805300861256589e-05, 0.9998186865590187, 3.637365822906619e-05], [0.993745658094175, 8.238077099281395e-05, 0.0006204218954900736, 0.005551539239342273], [0.0025013674226709863, 0.01672735052571168, 0.9682664843769528, 0.012504797674664482], [0.015683158861008146, 0.24317928028708033, 0.6000640638907875, 0.14107349696112398], [0.4787032698629951, 0.000506963489587597, 0.00010396044712917528, 0.5206858062002881], [0.09553856396770241, 0.040086969492857207, 0.5485506452934534, 0.31582382124598696], [0.05390785318063539, 0.9080260907239044, 0.003591853353753627, 0.034474202741706705], [4.526026278901553e-06, 0.9998502961244529, 1.694177486547519e-05, 0.000128236074402754], [0.6760624748833571, 0.0021874037458363194, 0.015560712006073795, 0.30618940936473266], [0.00016103141713221577, 0.0025292773248966243, 0.47276283103047845, 0.5245468602274926], [0.0008358762499138855, 0.6850465543511238, 0.0006982397879499449, 0.3134193296110123], [0.37048022456124274, 0.06443149609200118, 0.5638286397316092, 0.0012596396151468435], [0.039640116833824506, 0.9571980671967285, 0.0016486824860709093, 0.001513133483376081], [0.0002094928758117548, 0.9645156681813388, 0.024780219120813456, 0.010494619822035756], [8.983328591441231e-05, 0.619781741009108, 0.37722234399971766, 0.002906081705260047], [1.5341295059954476e-06, 0.005114737292883932, 0.9948058111435613, 7.791743404883997e-05], [0.1504560448642247, 0.011100342751855438, 2.4433588329149454e-05, 0.8384191787955907], [0.00457305550837289, 0.057041052358598555, 0.8767184402281524, 0.061667451904876214], [0.07270169662174361, 0.5945953561598849, 0.144035668615676, 0.1886672786026955], [0.0006792541587591058, 0.0005905059553376854, 0.9986739154900296, 5.632439587367332e-05], [0.0011392290677257396, 0.012906059300724233, 0.9859075097401075, 4.720189144262286e-05], [0.5468805102980064, 0.03253167143244526, 0.17081095304197225, 0.24977686522757592], [0.8087490791991803, 0.004114882005746385, 0.18165546497382654, 0.0054805738212469245], [0.004358395120742919, 6.131094285237091e-07, 0.00044904287385717345, 0.9951919488959713], [0.980727692898693, 0.008872380962059266, 0.009057701307316918, 0.0013422248319309108], [0.0003201137584725465, 0.0013189640413806764, 0.5863555725802077, 0.4120053496199392], [0.43999230059308553, 0.4214735158323923, 0.009421806620109562, 0.12911237695441274], [0.00013054093919338803, 0.41969943190727477, 0.05111958737643872, 0.5290504397770932], [0.013819787485655492, 0.9842586063784812, 0.0010783969842998729, 0.0008432091515635512], [0.1551589063775418, 0.8097011035910852, 0.00046360653403087153, 0.03467638349734209], [0.00021514150030867689, 1.1974099689494528e-05, 0.0020476869734806277, 0.9977251974265212], [0.023112370581388476, 0.1486520463614402, 0.6172279548985016, 0.21100762815866986], [0.1303817190540925, 0.014191997874362419, 0.09673057787675757, 0.7586957051947875], [0.3134368344058162, 0.03742006094594479, 0.43728934680794573, 0.2118537578402934], [0.0001272806036930529, 0.00037367247596184624, 0.0010222781318546864, 0.9984767687884905], [0.967078418885058, 0.005736345640121205, 0.00039287861241403, 0.026792356862406743], [0.0022876774593956917, 0.03791478114435397, 0.0048443129260484575, 0.9549532284702019], [0.5590310590341016, 0.0023864855067535517, 0.0944623460757888, 0.34412010938335613], [0.0005164313803644598, 0.0021797828174438738, 0.0001266189903524949, 0.9971771668118393], [0.00031205637049688454, 0.969813699694735, 0.0297861473861117, 8.809654865641477e-05], [0.009403775774180879, 0.499975673844487, 0.00016444231112057897, 0.4904561080702116], [0.9817855848270055, 0.0002023662931625096, 0.013975263389684524, 0.004036785490147752], [0.6219357103771682, 0.0033354533325545602, 0.10629953530671851, 0.26842930098355866], [0.29080457363700773, 0.37131253242730006, 0.3252758603753837, 0.012607033560308368], [0.9998818794451024, 8.79732619014415e-05, 5.404006491371088e-06, 2.474328650485094e-05], [0.005965650965180378, 0.011378937056705436, 0.007337557196453274, 0.9753178547816609], [0.9813239064089451, 0.0054706135592380856, 0.000821379067949321, 0.01238410096386777], [0.00700089949548382, 0.006167033697532276, 0.34879715565781877, 0.638034911149165], [0.5278311749282925, 0.3626953118236771, 0.00026195168913077855, 0.10921156155889966], [0.042425394500417435, 0.3897610274097101, 0.0007047106225728814, 0.5671088674672996], [0.7279106415396652, 0.013149129083663526, 3.4447676188097456e-05, 0.2589057817004834], [0.3007775559110113, 0.6966032441614004, 0.000660120589238628, 0.001959079338349484], [0.004280952803707115, 0.8350526242440378, 0.0006447105333384064, 0.1600217124189167], [0.000645656911794744, 0.8317805590723863, 0.0009167206157157544, 0.16665706340010303], [0.9068983429834282, 0.013144653164408826, 0.02846924234825897, 0.05148776150390408], [0.1352950605538888, 0.5001823771637575, 0.011886856980540232, 0.3526357053018134], [0.28578749370085915, 0.02792915916084693, 0.016688486740621934, 0.669594860397672], [0.859056527404963, 0.0006248379978786394, 0.00018848028614375708, 0.1401301543110147], [0.5841178998687867, 0.1500813098515352, 0.26527413351352447, 0.0005266567661537146], [0.43300375335499297, 0.14040850910666042, 0.31615886025062895, 0.11042887728771747], [0.00012980852231183633, 0.49881931222492626, 0.022197625174178386, 0.4788532540785834], [0.013775524765774774, 0.9733246338822973, 0.00023877282485970736, 0.012661068527068263], [0.0017084639910823892, 0.9973979368598628, 4.632944623865679e-06, 0.0008889662044310113], [0.004228236846331064, 0.10028246110208976, 0.00012006057802463609, 0.8953692414735546], [0.005204008899934531, 0.8959345794735926, 0.08376514166189754, 0.015096269964575302], [0.8183872082095586, 0.005866876556328378, 0.01954236064019398, 0.15620355459391905], [0.7236080480885194, 0.001482736087020821, 0.010864995146302682, 0.26404422067815697], [0.04376690774905574, 0.0004478740057710113, 0.9376194188058601, 0.01816579943931301], [1.6866760990394088e-07, 0.3576292245316946, 0.642091755698143, 0.00027885110255247545], [0.013259483861659972, 0.9142989943660829, 0.07157509803168519, 0.0008664237405719164], [0.9729570264049456, 0.0020413617798329016, 0.005761424658843585, 0.019240187156378024], [0.05876287163601475, 0.9045671138215723, 0.03437525231014736, 0.002294762232265835], [0.023395451569734674, 0.0008038787224608931, 0.0015799907416394786, 0.9742206789661649], [0.003940125297112479, 0.9902011267562474, 0.0038193353727266214, 0.002039412573913569], [0.0007647372801570813, 0.010164314931137739, 0.00024115314642630188, 0.9888297946422788], [0.7418689967229642, 0.1837345046226841, 0.06423486351153683, 0.010161635142814814], [0.0214400303964744, 0.6504599051971762, 0.020773697327935166, 0.30732636707841415], [0.008897998569851373, 0.15874637983329457, 0.5258761566660138, 0.30647946493084016], [0.19783690186846126, 0.0048157913755781465, 0.00140029715926461, 0.795947009596696], [0.7770691616834071, 0.19634627996379908, 0.00016723417012896587, 0.026417324182664653], [0.9149536103059398, 0.0665641680722083, 0.017103518819708795, 0.0013787028021430493], [0.9989419067379383, 2.4574820326315718e-05, 0.0005386812476810732, 0.0004948371940544181], [0.04963398879374397, 5.952847784020181e-05, 9.434868537000146e-06, 0.9502970478598788], [0.0013518470365321508, 0.005260041630172994, 0.016326539171381972, 0.9770615721619129], [0.06324774012417676, 0.028532554487502457, 0.0005333272342676176, 0.9076863781540531], [0.0016219402941670203, 0.0033890324514610913, 0.8532454952597015, 0.14174353199467046], [0.00819923419526994, 0.0030445474080918176, 0.0068039790155877645, 0.9819522393810505], [0.004366500523836894, 0.01647841704627205, 0.5109207590331847, 0.4682343233967064], [0.16444511608335582, 0.005715932554765091, 0.12841117332798152, 0.7014277780338977], [0.22543284738457342, 0.07092886154822514, 0.6616440404251441, 0.04199425064205721], [0.10595491962675235, 0.3884421219737154, 0.005279249277391465, 0.5003237091221406], [2.5756932328611464e-06, 0.9999820859877918, 2.288705361819319e-06, 1.3049613613499462e-05], [0.364539433129479, 0.014593763773228815, 0.6191782657750828, 0.0016885373222094331], [0.001929964885936511, 0.00030366686677721897, 0.9709709627293238, 0.026795405517962542], [0.04924080365538472, 0.01643790546485957, 0.0015501636041218166, 0.9327711272756338], [0.007394853907632663, 0.8389469650766369, 0.1462828164594182, 0.007375364556312363], [0.4077683236251508, 0.02365246022844217, 0.5630172795440638, 0.005561936602343141], [0.0006108534986442406, 4.7305335141087545e-05, 1.032024406701438e-06, 0.9993408091418079], [0.0006912095040977551, 9.393679894289182e-06, 1.3465929391251923e-05, 0.9992859308866168], [0.5353212107853829, 0.4211815844156137, 0.000471633259519933, 0.04302557153948335], [0.23856488180597332, 0.04675956307819424, 0.6771463157211105, 0.03752923939472186], [0.27809820081518055, 0.24280318273286905, 0.4760878202815659, 0.0030107961703845377], [0.9879784333228533, 0.004760928117759678, 0.00454263589640103, 0.002718002662985898], [4.5604835549801405e-05, 0.0004061173930456365, 4.6520373025368297e-07, 0.9995478125676744], [0.0029607954576642797, 0.021709261338498955, 0.011646051430581115, 0.9636838917732558], [0.009578537249124948, 0.7651918677545537, 0.0008217558598793781, 0.22440783913644197], [0.28929239022554837, 0.7105647889185296, 0.0001344151867629752, 8.405669159098e-06], [0.0028038409450537693, 0.0031328214037449997, 9.717467643371651e-05, 0.9939661629747676], [0.9155219699674173, 0.06646863235425873, 0.009842081905568022, 0.008167315772756005], [0.16952617760565122, 0.19853548217572914, 0.354469530732987, 0.27746880948563263], [0.4650632334809723, 0.4327239215845003, 0.06101162665285755, 0.041201218281669824], [0.18442000286069582, 0.000176541198820059, 2.1260321285508292e-05, 0.8153821956191986], [0.10373762182609982, 0.00029208137811321877, 0.8947879158314032, 0.0011823809643839263], [0.27069656874545545, 0.0029574829582541986, 0.7018852732080121, 0.02446067508827828], [0.6836697129029345, 0.003895695038166113, 9.732506049401218e-05, 0.3123372669984054], [0.20561043464446355, 0.7609111677502828, 0.012708477831434067, 0.02076991977381979], [0.8490057250162159, 0.10577943429164592, 0.03815481634988659, 0.0070600243422516955], [0.042434752678291, 0.8861453278902199, 0.05366253929030757, 0.01775738014118147], [0.692832708279861, 0.02567420223395344, 0.25326297602402953, 0.02823011346215591], [0.35759155813579674, 0.018302955997795668, 0.0012817612689176793, 0.6228237245974899], [0.6922888041422088, 0.28715970699914856, 0.008286886002109225, 0.01226460285653347], [1.6069578977425707e-05, 0.9990174721855102, 0.00014751854744837292, 0.0008189396880638284], [0.21357831719954418, 0.011652000811177215, 0.011165660678705613, 0.7636040213105729], [0.07563231981610359, 0.7556191579878505, 0.001173281456850926, 0.16757524073919497], [0.1447024741336846, 0.2308096033528581, 0.3381554835328136, 0.28633243898064376], [0.9625685547742221, 0.022267875279975136, 0.015117715242981266, 4.585470282144835e-05], [0.09894838429862222, 0.12985936069947873, 0.015295244090440757, 0.7558970109114582], [0.9755355523749546, 9.145853530359539e-06, 6.725991163017474e-05, 0.024388041859884822], [0.9863733424014389, 0.009493360672162056, 3.536928550617328e-05, 0.0040979276408928825], [0.0003001929512697825, 0.03547628395678843, 0.0004068509650429152, 0.9638166721268989], [0.00020486804751130945, 0.8760726568092434, 0.06591241052455823, 0.05781006461868682], [0.1359785183542232, 0.3743765787096408, 0.15940016333930157, 0.3302447395968344], [0.06644856875672552, 0.5676995357881635, 0.20404981198823477, 0.1618020834668763]]}}