{"test": {"ids": ["110117500", "103112470", "107121540", "98109311", "109117271", "106114011", "101110740", "106113260", "109117110", "113120751", "109114270", "103120290", "111117480", "111114171", "101119591", "108113740", "98111620", "100109980", "108114040", "112116401", "110114950", "110118121", "102109840", "113121220", "108119330", "105121370", "112120640", "111118820", "102113210", "108120060", "104112470", "113120830", "107116501", "110119300", "113118511", "104114410", "100108990", "113119320", "106121220", "110114720", "105113480", "111119580", "104109311", "111119150", "112119950", "101112201", "111115780", "110114920", "111116110", "104111550", "103113270", "112116290", "112121030", "98111231", "113122120", "99120010", "112119610", "99117630", "100109801", "112116451", "113121680", "113122150", "104114230", "107117630", "100108080", "97105451", "101108121", "111115620", "103120730", "107121640", "104116980", "110118880", "97116500", "101108290", "99108520", "105115570", "99111000", "100109311", "98108520", "112118581", "108119510", "109117150", "99121440", "97112830", "111120190", "113120601", "106118520", "97107681", "108113620", "100111080", "113119360", "104110960", "99110730", "112121430", "108113480", "104114240", "105116441", "97106820", "110114610", "109118701", "102116500", "110116501", "103110760", "103113610", "104113240", "104111531", "107115250", "110120190", "107114321", "105114220", "108116481", "113118810", "98107380", "104119290", "106114880", "112119980", "110117200", "111115400", "113117630", "112117210", "104111620", "99112531", "99112641", "107121700", "100108520", "108121351", "111120591", "105116650", "100110050", "102110050", "108118060", "110116290", "105120280", "105110091", "97105580", "107114621", "108118810", "113120260", "112118421", "104114740", "106114280", "100111390"], "labels": [1, 1, 2, 1, 0, 1, 3, 3, 1, 1, 3, 2, 1, 3, 0, 3, 3, 1, 0, 0, 0, 3, 2, 3, 0, 2, 0, 0, 3, 1, 1, 3, 1, 1, 1, 1, 2, 1, 1, 3, 0, 3, 3, 3, 0, 0, 1, 3, 3, 1, 2, 0, 0, 1, 1, 2, 0, 3, 0, 0, 1, 2, 2, 0, 0, 0, 0, 1, 1, 1, 1, 0, 2, 0, 2, 0, 2, 1, 2, 1, 1, 2, 2, 2, 3, 2, 2, 3, 3, 0, 0, 2, 3, 2, 0, 0, 1, 1, 1, 3, 1, 3, 1, 2, 2, 0, 2, 3, 0, 3, 0, 3, 1, 1, 0, 0, 3, 0, 0, 1, 0, 3, 1, 3, 2, 3, 1, 1, 3, 3, 1, 2, 3, 0, 1, 0, 1, 3, 3, 2, 3, 2], "predicted_labels": [1, 3, 3, 1, 3, 3, 3, 1, 1, 3, 3, 1, 1, 3, 3, 3, 1, 1, 1, 3, 1, 1, 3, 1, 3, 1, 0, 0, 3, 1, 3, 0, 3, 1, 3, 3, 1, 1, 1, 1, 3, 3, 3, 1, 3, 0, 3, 3, 3, 1, 3, 3, 3, 1, 1, 0, 1, 3, 3, 0, 1, 1, 1, 3, 1, 1, 0, 3, 3, 1, 1, 3, 1, 3, 3, 1, 3, 3, 1, 1, 3, 3, 1, 1, 3, 3, 1, 3, 1, 1, 3, 2, 2, 1, 1, 1, 3, 1, 1, 3, 3, 3, 3, 3, 1, 3, 3, 3, 0, 0, 3, 1, 3, 1, 1, 1, 1, 3, 0, 3, 3, 3, 1, 1, 3, 1, 0, 1, 1, 1, 3, 3, 3, 1, 1, 3, 1, 1, 0, 1, 3, 1], "confidence_scores": [[0.20086973333713973, 0.3539049797275367, 0.14396047454621425, 0.3012648123891091], [0.23915092372176966, 0.30233759676357047, 0.1559650609152097, 0.30254641859945003], [0.23337828609904218, 0.23219793500838717, 0.2271327737383393, 0.30729100515423136], [0.22483870211985568, 0.3109119316406186, 0.1917536196477781, 0.2724957465917478], [0.2540512129691224, 0.3167567939167133, 0.09145293383576202, 0.33773905927840214], [0.2572845531551978, 0.29462063865214033, 0.13681823219310144, 0.3112765759995601], [0.17124282816262698, 0.27113606214145036, 0.3049897878035986, 0.25263132189232423], [0.16834478329612007, 0.3602813253626795, 0.2168160140708928, 0.2545578772703078], [0.23927681737136156, 0.29599227024977504, 0.20898340660146852, 0.25574750577739436], [0.23312168335127187, 0.2945364749303887, 0.15658415685027174, 0.31575768486806793], [0.3134583831913285, 0.258048457954068, 0.06554611807531292, 0.3629470407792906], [0.17653259491466863, 0.30481884209773585, 0.27329920589792045, 0.2453493570896751], [0.16766175645658532, 0.3323552178922251, 0.21409276315082226, 0.2858902625003673], [0.22453694140828032, 0.2669331994463224, 0.19018879580691397, 0.31834106333848317], [0.25199125139507894, 0.2602187829435994, 0.183146128741005, 0.30464383692031666], [0.33860495499974363, 0.18915334490340874, 0.10452724419891285, 0.36771445589793506], [0.0927719421451501, 0.35015290360019785, 0.35846123568269966, 0.1986139185719524], [0.19431133490073615, 0.2427644569282199, 0.32999197257854884, 0.23293223559249493], [0.10625373614597457, 0.3433063274916433, 0.3802241962171832, 0.170215740145199], [0.3251241708987277, 0.24309814558391585, 0.05200624558848889, 0.37977143792886786], [0.16715031508558484, 0.3235812922008434, 0.26618171145126174, 0.24308668126230987], [0.2637267599778139, 0.32396525922845504, 0.11771849028490466, 0.29458949050882643], [0.23646187971870836, 0.26033276885006146, 0.16491456572740057, 0.3382907857038296], [0.27240760567953554, 0.333729404862337, 0.14843588157277898, 0.2454271078853484], [0.27873286314172346, 0.2912246994734701, 0.09710993821911117, 0.3329324991656952], [0.14299801178484922, 0.3436968745907239, 0.26772552313064696, 0.24557959049378006], [0.3299048217363231, 0.24988718192080805, 0.08195741332207887, 0.3382505830207899], [0.3209455368663733, 0.24052618378843937, 0.13244902721100196, 0.3060792521341855], [0.2814544378568538, 0.23415625460052933, 0.1712934351932328, 0.31309587234938413], [0.17273194896454747, 0.3549493508780321, 0.19784318170860302, 0.2744755184488174], [0.18055584816775713, 0.30431317640082955, 0.20447818694932868, 0.3106527884820845], [0.27180204088986587, 0.2266990840527736, 0.23762151669489456, 0.26387735836246573], [0.3447032663307572, 0.2233349567419106, 0.06403107818595712, 0.36793069874137513], [0.2682030542938523, 0.2951918110751389, 0.1291363513631148, 0.30746878326789384], [0.2616466058075991, 0.3066148462773952, 0.11306819459502614, 0.31867035331997956], [0.19784522508222638, 0.22888510910008578, 0.28106482949074024, 0.29220483632694755], [0.16857305535693354, 0.3329217743058806, 0.2693158826349537, 0.2291892877022321], [0.22513480374452124, 0.32815512369851313, 0.15156780700608974, 0.2951422655508763], [0.19109142510760554, 0.33762587869328586, 0.17664552403912978, 0.29463717215997925], [0.20240864369125677, 0.26089013691208807, 0.36078936026003877, 0.17591185913661656], [0.2409369736478899, 0.29769687274494727, 0.15955241180911872, 0.30181374179804393], [0.306373265870009, 0.23675215093420038, 0.1289091180013801, 0.3279654651944105], [0.30130308588132415, 0.2803785141133818, 0.05490901243100157, 0.3634093875742922], [0.21601242571556417, 0.3208956458120565, 0.1525042991373543, 0.3105876293350251], [0.3385285972631297, 0.24047071488175728, 0.05616744856843226, 0.36483323928668054], [0.32530311576992155, 0.26798942301995526, 0.11284510829844732, 0.2938623529116761], [0.27627570755428016, 0.2571754534294294, 0.17215143167831415, 0.29439740733797654], [0.26727272799705953, 0.2996607192804316, 0.10979866774471626, 0.32326788497779235], [0.16552849627289026, 0.2943716504043816, 0.22314258768617246, 0.316957265636556], [0.22143411237339097, 0.30147117785268285, 0.19218186368664264, 0.28491284608728346], [0.2093630870976402, 0.2781910816584143, 0.2124373840868333, 0.30000844715711267], [0.20456952641400358, 0.2728830747910103, 0.20981201236871527, 0.3127353864262707], [0.3466977887694726, 0.19436566069279773, 0.09656109587366313, 0.36237545466406657], [0.26112315404391534, 0.2915191031582462, 0.16045855863926686, 0.28689918415857163], [0.2004854187300761, 0.35960331725281863, 0.16840107774307453, 0.2715101862740309], [0.3090986010615597, 0.24169177516036827, 0.15462203912610867, 0.2945875846519631], [0.10948526153044658, 0.36492159552858494, 0.3685211864582663, 0.15707195648270195], [0.2730374901216432, 0.20825711393955096, 0.18042647153576505, 0.33827892440304075], [0.2250647868145344, 0.3368492211196955, 0.10543237066415151, 0.3326536214016183], [0.32042665797116654, 0.2798947797209462, 0.06070987513006209, 0.33896868717782513], [0.21232474576237037, 0.2701454570934771, 0.2811834389203618, 0.23634635822379044], [0.20633349445731103, 0.316630695429393, 0.2457927667712036, 0.23124304334209245], [0.18558412520291515, 0.30405195454019596, 0.2634901347196895, 0.24687378553719946], [0.26495896598212887, 0.22681918604348728, 0.20659147388050705, 0.3016303740938769], [0.22983089153712277, 0.30021033486282206, 0.2010307829428887, 0.2689279906571665], [0.29713174733333864, 0.2960905697415941, 0.08335977853586642, 0.3234179043892008], [0.32813976307856557, 0.24337076659948378, 0.13319054718712525, 0.2952989231348252], [0.16573699432292457, 0.30716182052275304, 0.2313782285049897, 0.2957229566493328], [0.1999673435912455, 0.2676774084201294, 0.22086425551522162, 0.3114909924734032], [0.1540824278801093, 0.2984539869442689, 0.30604975705722076, 0.24141382811840081], [0.11528191911709351, 0.3295247106357842, 0.32411103782032336, 0.23108233242679851], [0.3139091679519732, 0.29256425196295305, 0.02953871440047382, 0.3639878656846004], [0.20645567064237594, 0.2901141423251958, 0.23208590143525962, 0.2713442855971686], [0.32164826233632937, 0.25939535712990325, 0.07038973033439994, 0.3485666501993674], [0.1740650211683788, 0.2330928874320125, 0.3376137580845206, 0.2552283333150883], [0.19526794319557347, 0.27623974470044743, 0.29276484850401113, 0.2357274635999681], [0.15890965370579413, 0.2554872827989394, 0.33061216410938177, 0.25499089938588454], [0.3154908021205606, 0.23429481241008274, 0.10737931045709521, 0.3428350750122612], [0.21513816660526372, 0.3123353657834376, 0.19377495085064303, 0.2787515167606558], [0.1974048861450362, 0.3049495050389383, 0.21889835287239065, 0.2787472559436348], [0.32962510619186103, 0.23316536394525128, 0.08760601840499925, 0.34960351145788837], [0.1506519292987297, 0.2690195522610339, 0.3156869242464025, 0.26464159419383365], [0.17433577798643615, 0.2586380644753338, 0.36314314836532535, 0.2038830091729046], [0.15220239272031313, 0.29766519920362283, 0.29985307417885904, 0.2502793338972045], [0.2641152610447992, 0.24186563658814225, 0.18481478933917433, 0.3092043130278844], [0.22183000518750556, 0.2529871868044515, 0.22981095673731056, 0.2953718512707324], [0.27954290305753055, 0.3224589149874052, 0.09711397672347107, 0.3008842052315931], [0.29527454310382517, 0.28666843177163676, 0.09145090650827568, 0.32660611861626254], [0.2697466357271134, 0.32544009126400625, 0.0869390745098568, 0.3178741984990235], [0.25901736940540343, 0.3960194742402925, 0.10000487548206077, 0.24495828087224325], [0.22926250383289296, 0.2907017922630858, 0.1678465672479247, 0.3121891366560967], [0.13241302867110918, 0.2637950344775115, 0.36895834822441864, 0.23483358862696058], [0.07628033486311009, 0.2415392548713625, 0.48985404417296313, 0.19232636609256412], [0.11033014062717261, 0.3055302125262316, 0.3749036706281485, 0.20923597621844706], [0.21178218608758728, 0.3060257892094559, 0.23622765660165015, 0.24596436810130684], [0.21403221927340882, 0.27094745127908465, 0.24665686549334911, 0.2683634639541576], [0.2591823514433688, 0.2758088237458137, 0.16003329356962528, 0.30497553124119187], [0.2875723417527817, 0.2892827894468547, 0.13419209098343304, 0.2889527778169307], [0.1664788399615263, 0.35961625114124796, 0.24001405682279714, 0.23389085207442858], [0.22756778003687267, 0.3288541854029229, 0.12650805585431202, 0.31706997870589243], [0.22526760030108237, 0.24384582809671254, 0.24696741878640602, 0.28391915281579905], [0.21382477888576004, 0.3166614049328842, 0.1495579741019913, 0.31995584207936456], [0.21310043326983177, 0.25941634955277393, 0.23874958345486616, 0.28873363372252836], [0.23226211046155035, 0.23889962731799688, 0.2787306794681757, 0.25010758275227707], [0.10523813528409397, 0.35718012432667817, 0.33198544834849303, 0.2055962920407351], [0.22553321100407703, 0.29092065102102005, 0.1678005056894099, 0.315745632285493], [0.2836651970239363, 0.2812342686305757, 0.11475486270561161, 0.32034567163987615], [0.23761493454579677, 0.20511183701262098, 0.27081334812269187, 0.28645988031889025], [0.33327808239250206, 0.2670315700254894, 0.06855097796910392, 0.3311393696129046], [0.31595020043931654, 0.25814653287353617, 0.10636266883607419, 0.3195405978510728], [0.35152910047714725, 0.22045877565941274, 0.05330677703111121, 0.3747053468323288], [0.1367858559061132, 0.3768747390601877, 0.28850589379878117, 0.19783351123491827], [0.2968946729134772, 0.15795794856022716, 0.24198889821516542, 0.3031584803111297], [0.2339142761447026, 0.30231875135237013, 0.22302640025583265, 0.24074057224709444], [0.16995568255639465, 0.30609541418394404, 0.2571014093893957, 0.26684749387026563], [0.0944631010073819, 0.4824082839900572, 0.22050489484547456, 0.20262372015708607], [0.18214782495630186, 0.3313120596207133, 0.23584758614866408, 0.2506925292743209], [0.27339148179348993, 0.24212929820145432, 0.19134081330715313, 0.2931384066979026], [0.2897070678586426, 0.25758694173371505, 0.15335830376514245, 0.2993476866425], [0.1430980336024493, 0.31219402033049676, 0.23615003195705306, 0.3085579141100008], [0.3851616107698209, 0.16824538313722923, 0.03586069425860717, 0.410732311834343], [0.2952321418506218, 0.24003972292502207, 0.14792031531349475, 0.3168078199108614], [0.25122283840206777, 0.3185047910162438, 0.12141471331785092, 0.3088576572638376], [0.16637455172934196, 0.32689827641649916, 0.221877226245605, 0.28484994560855376], [0.17530134341786344, 0.18093583406994657, 0.3671905696243135, 0.27657225288787674], [0.25027782278452215, 0.33475536872369277, 0.10820660621356525, 0.3067602022782199], [0.38166617907332934, 0.1926906981266161, 0.055198107056902826, 0.3704450157431517], [0.14488111841981244, 0.29585680081642196, 0.30421300073820823, 0.2550490800255571], [0.11051520012892137, 0.3134595746998861, 0.382651446556301, 0.19337377861489152], [0.1702162938982897, 0.3268523130747571, 0.208712001011025, 0.2942193920159282], [0.27790842297755003, 0.23231283674701886, 0.16560381523495088, 0.32417492504048007], [0.21261434776905488, 0.25649798724802486, 0.23140663706976847, 0.2994810279131516], [0.24601995532050572, 0.30011077901971883, 0.14406542210943468, 0.30980384355034063], [0.17474922259285583, 0.30338572416550846, 0.24988837591857613, 0.27197667732305986], [0.24770251612704677, 0.3064540252406926, 0.16356802383917385, 0.2822754347930871], [0.31475017131108596, 0.26193233777855107, 0.08218127861398403, 0.341136212296379], [0.16463027727929888, 0.37643251831969554, 0.1712888139920989, 0.2876483904089068], [0.27573303207795463, 0.2770407996475791, 0.15355865687913947, 0.29366751139532654], [0.29637660063726673, 0.2799560257147506, 0.11553759040629184, 0.30812978324169105], [0.22656970839494628, 0.2658481426116975, 0.2549715337462572, 0.25261061524709866], [0.3046643369008084, 0.2620828461399692, 0.0879034702212946, 0.34534934673792783], [0.2601582109511904, 0.32488939689379115, 0.09867258941297011, 0.3162798027420482]]}, "rewritten": {"ids": ["97105451", "97105580", "97106820", "97107681", "97112830", "97116500", "98107380", "98108520", "98109311", "98111231", "98111620", "99108520", "99110730", "99111000", "99112531", "99112641", "99117630", "99120010", "99121440", "100108080", "100108520", "100108990", "100109311", "100109801", "100109980", "100110050", "100111080", "100111390", "101108121", "101108290", "101110740", "101112201", "101119591", "102109840", "102110050", "102113210", "102116500", "103110760", "103112470", "103113270", "103113610", "103120290", "103120730", "104109311", "104110960", "104111531", "104111550", "104111620", "104112470", "104113240", "104114230", "104114240", "104114410", "104114740", "104116980", "104119290", "105110091", "105113480", "105114220", "105115570", "105116441", "105116650", "105120280", "105121370", "106113260", "106114011", "106114280", "106114880", "106118520", "106121220", "107114321", "107114621", "107115250", "107116501", "107117630", "107121540", "107121640", "107121700", "108113480", "108113620", "108113740", "108114040", "108116481", "108118060", "108118810", "108119330", "108119510", "108120060", "108121351", "109114270", "109117110", "109117150", "109117271", "109118701", "110114610", "110114720", "110114920", "110114950", "110116290", "110116501", "110117200", "110117500", "110118121", "110118880", "110119300", "110120190", "111114171", "111115400", "111115620", "111115780", "111116110", "111117480", "111118820", "111119150", "111119580", "111120190", "111120591", "112116290", "112116401", "112116451", "112117210", "112118421", "112118581", "112119610", "112119950", "112119980", "112120640", "112121030", "112121430", "113117630", "113118511", "113118810", "113119320", "113119360", "113120260", "113120601", "113120751", "113120830", "113121220", "113121680", "113122120", "113122150"], "labels": [0, 1, 1, 3, 2, 2, 1, 2, 1, 1, 3, 2, 3, 2, 3, 1, 3, 2, 2, 0, 2, 2, 1, 0, 1, 3, 0, 2, 0, 0, 3, 0, 0, 2, 3, 3, 1, 1, 1, 2, 2, 2, 1, 3, 2, 0, 1, 0, 1, 2, 2, 0, 1, 2, 1, 1, 0, 0, 3, 0, 1, 1, 3, 2, 3, 1, 3, 0, 2, 1, 0, 0, 2, 1, 0, 2, 1, 3, 0, 3, 3, 0, 0, 1, 1, 0, 1, 1, 3, 3, 1, 2, 0, 3, 1, 3, 3, 0, 2, 3, 3, 1, 3, 0, 1, 3, 3, 0, 1, 1, 3, 1, 0, 3, 3, 3, 1, 0, 0, 0, 1, 3, 1, 0, 0, 0, 0, 0, 2, 0, 1, 3, 1, 0, 3, 2, 1, 3, 3, 1, 1, 2], "predicted_labels": [1, 1, 3, 3, 3, 1, 3, 1, 1, 3, 2, 2, 2, 2, 3, 1, 3, 1, 1, 1, 2, 1, 3, 3, 3, 2, 1, 3, 3, 3, 2, 0, 3, 3, 3, 1, 3, 3, 1, 2, 2, 1, 3, 3, 2, 3, 3, 3, 3, 2, 1, 1, 1, 2, 2, 1, 1, 1, 3, 2, 1, 2, 1, 1, 2, 3, 3, 1, 1, 3, 1, 3, 1, 1, 3, 2, 2, 3, 1, 3, 3, 1, 3, 2, 3, 3, 3, 1, 1, 3, 1, 3, 3, 1, 2, 2, 1, 3, 2, 1, 1, 3, 1, 3, 3, 3, 1, 3, 1, 3, 3, 1, 0, 3, 3, 2, 3, 3, 3, 3, 3, 3, 1, 1, 3, 1, 3, 3, 1, 1, 1, 1, 1, 3, 2, 3, 1, 3, 1, 3, 1, 1], "confidence_scores": [[0.2813212496546502, 0.3100269548300239, 0.08088440528302171, 0.32776739023230433], [0.17637218702465976, 0.3558958326518349, 0.21373958657728556, 0.2539923937462198], [0.16605106963299204, 0.27030823756791544, 0.3103155087620204, 0.2533251840370718], [0.2608937584191671, 0.2809677029145249, 0.13383677283431877, 0.324301765831989], [0.1238105464206944, 0.30855849237411054, 0.3012075464793007, 0.26642341472589426], [0.13635109537057258, 0.26743813115954107, 0.37134009483189784, 0.22487067863798846], [0.18552927078026588, 0.16290398919845883, 0.38746453686278876, 0.26410220315848676], [0.2045289330909331, 0.30028800982178505, 0.24137574105635962, 0.25380731603092244], [0.14117236617799478, 0.3136297866827914, 0.32083985893377465, 0.22435798820543934], [0.25098546123473703, 0.26985062400953175, 0.1926061772737644, 0.28655773748196683], [0.07290573131811227, 0.2906642296943097, 0.4387684297568427, 0.19766160923073556], [0.09818284582813071, 0.22015010968150012, 0.48706463472762773, 0.19460240976274149], [0.06144516383694528, 0.21485985779922379, 0.574906344748307, 0.148788633615524], [0.07082196535381129, 0.2461754523097966, 0.4877015424686258, 0.19530103986776653], [0.16069386468572255, 0.2751494447921795, 0.27144045749411017, 0.29271623302798766], [0.11638184433333372, 0.30420389080803706, 0.33123173929652877, 0.24818252556210058], [0.09654412579557763, 0.22455857343981278, 0.40168386664384587, 0.27721343412076366], [0.14204666125925614, 0.33050372446335047, 0.2854249425369238, 0.24202467174046938], [0.14370530549710395, 0.2901072962395428, 0.34244624391443707, 0.22374115434891598], [0.18207571264007208, 0.28674390190202625, 0.26668750801942254, 0.26449287743847916], [0.08910111192379852, 0.1929044784932328, 0.49591933169296476, 0.22207507789000386], [0.10006843715742904, 0.31747770948041687, 0.3572578760424461, 0.22519597731970814], [0.2616682799528143, 0.29831144254520797, 0.11552093283450456, 0.32449934466747316], [0.12290885255197301, 0.3125270069868153, 0.29775652977230205, 0.2668076106889098], [0.12936420958477385, 0.2476886349891056, 0.35208607933024727, 0.27086107609587323], [0.07702637438103845, 0.22364449239979267, 0.5385585923467501, 0.16077054087241854], [0.14550161848128573, 0.32847821220677675, 0.3239395761431063, 0.2020805931688313], [0.16444735452078896, 0.30006725640709736, 0.2586334224926844, 0.27685196657942945], [0.31348468699087384, 0.21328764992648003, 0.14401449997951812, 0.32921316310312815], [0.2152916020716613, 0.25607013679262647, 0.20946100544919316, 0.31917725568651895], [0.08379072496783953, 0.28011732684545393, 0.4388265063544157, 0.1972654418322907], [0.2994838597064483, 0.297481342657986, 0.12956504637259436, 0.2734697512629714], [0.1762342779378808, 0.2795633302776702, 0.19285284418937576, 0.351349547595073], [0.1469937161335981, 0.2858728928212077, 0.27127901348472516, 0.2958543775604694], [0.11019185555983788, 0.3079433290360962, 0.31368494009451936, 0.26817987530954607], [0.17439601793631923, 0.3014791349820677, 0.2436505168297498, 0.28047433025186314], [0.13788483980327415, 0.27031927640339376, 0.3084419977696531, 0.2833538860236789], [0.2249300651433704, 0.2709768288298989, 0.19641409104815927, 0.3076790149785716], [0.18468592823366622, 0.2801586329913013, 0.291585463327673, 0.24356997544735953], [0.0847172252487247, 0.2756706501654461, 0.4140216752657693, 0.2255904493200603], [0.09947788098654173, 0.2644189242371062, 0.4465299156664186, 0.18957327910993363], [0.14120614560540132, 0.35008564854506574, 0.2486455959964475, 0.2600626098530855], [0.1530166842126189, 0.29025853610437413, 0.2518360055086732, 0.3048887741743339], [0.13588594834970455, 0.21919822463362246, 0.37139115498725533, 0.2735246720294176], [0.08112708038662081, 0.2928783029112252, 0.39426979778887106, 0.2317248189132828], [0.17111780113708194, 0.3111229079099199, 0.19890623159886395, 0.31885305935413427], [0.10056060748421686, 0.28189454601044905, 0.38120636056623997, 0.23633848593909432], [0.3285327220199753, 0.2543761558321674, 0.06496010616227502, 0.35213101598558233], [0.12087909966388317, 0.32007990342581927, 0.2853456055944547, 0.273695391315843], [0.0796429138016857, 0.2878827673106239, 0.4494667460018002, 0.1830075728858902], [0.09139877827197995, 0.3487264672021549, 0.34198086724156174, 0.21789388728430326], [0.13097229644033953, 0.27240433212423903, 0.36407942216775985, 0.2325439492676614], [0.09646483187728008, 0.2977094543551471, 0.40248347139018936, 0.2033422423773834], [0.07162260338701222, 0.3057799480629178, 0.477001425200624, 0.14559602334944613], [0.07495911996621986, 0.30079401524986527, 0.4419952905922122, 0.1822515741917024], [0.14397359198307005, 0.3132591414647506, 0.3441309921930057, 0.19863627435917378], [0.11230031103694872, 0.3320699395495779, 0.29463633743107975, 0.2609934119823938], [0.11787670832842866, 0.33250576361848594, 0.2751805550633234, 0.2744369729897619], [0.2418746790641628, 0.23442759769567212, 0.24017629790366438, 0.2835214253365005], [0.061137490918169494, 0.24315164664258002, 0.5453248441681157, 0.1503860182711351], [0.09697114990553483, 0.31697187174471836, 0.35485157719160004, 0.23120540115814653], [0.1091242886461883, 0.2680986949797195, 0.41404838360898993, 0.20872863276510215], [0.11618406571491649, 0.3293749083057047, 0.327406917842965, 0.22703410813641367], [0.07562559834772203, 0.3455727814130438, 0.42254921214788665, 0.15625240809134738], [0.10907982182053635, 0.28161132335929795, 0.3795343945980243, 0.22977446022214154], [0.11571237201822177, 0.28390885023336426, 0.33232126487253216, 0.26805751287588153], [0.17327074641910736, 0.28197900996527714, 0.22752935771630464, 0.31722088589931063], [0.0949817402799874, 0.3445533657133205, 0.3750289206663752, 0.18543597334031675], [0.09799617515587307, 0.3234291531595331, 0.36350912909213184, 0.21506554259246255], [0.09309313185321796, 0.2958340229731202, 0.3522933287810843, 0.2587795163925775], [0.2163779070118888, 0.3262626342279471, 0.1494795996084522, 0.3078798591517119], [0.2637471000951192, 0.2529494903497256, 0.1373089587451172, 0.3459944508100381], [0.15629185463839498, 0.29293012685783104, 0.2849670537683764, 0.2658109647353975], [0.17707607658361763, 0.32792225317090296, 0.21060781595910716, 0.2843938542863721], [0.10417465759974937, 0.19699843058645952, 0.4490600861257018, 0.24976682568808942], [0.06627971284846366, 0.23590980221089658, 0.5211351914823877, 0.17667529345825195], [0.09170246364441739, 0.27602102112055177, 0.40091706015562545, 0.2313594550794056], [0.09236666804987341, 0.30282194588666717, 0.3569970887997266, 0.24781429726373289], [0.09838882226534765, 0.3270634426306126, 0.3369049980827232, 0.23764273702131652], [0.17862394234793222, 0.3016967729775251, 0.22235693316888377, 0.2973223515056589], [0.17121886193844654, 0.2545783933060026, 0.25819858964659126, 0.31600415510895946], [0.07483313471243523, 0.347447428022115, 0.3820214429997976, 0.19569799426565226], [0.3413031377064927, 0.22700127558866093, 0.06516382439906195, 0.3665317623057845], [0.10650256953692855, 0.2609749939296371, 0.4187544094040414, 0.21376802712939302], [0.08772069184350324, 0.30695790841820453, 0.35052676057333115, 0.2547946391649612], [0.12597079742784092, 0.3024295227294237, 0.31384287402631716, 0.2577568058164182], [0.15229703938887712, 0.21722410011660895, 0.369184804594367, 0.261294055900147], [0.12137532023249746, 0.2983156310052196, 0.34297712891204474, 0.2373319198502383], [0.18530502103539928, 0.32918087095757, 0.18954252987863449, 0.29597157812839636], [0.17373135839867637, 0.27404559082763985, 0.2466159161671944, 0.3056071346064893], [0.12724375585795447, 0.36647301305506186, 0.25061817900193445, 0.2556650520850492], [0.12485475151328726, 0.25269629723474846, 0.3710968069564781, 0.2513521442954862], [0.10156586615782195, 0.31751228655339436, 0.322092742792353, 0.25882910449643065], [0.09266517674946399, 0.33734740035300215, 0.30720304473921256, 0.2627843781583212], [0.10060302444415514, 0.28603524574011113, 0.43067327348463985, 0.18268845633109387], [0.07941087082509, 0.2739102420108477, 0.440733760786901, 0.2059451263771612], [0.10639484346930886, 0.3165026854236958, 0.3530715891947924, 0.22403088191220272], [0.10883909466686353, 0.29406669164875837, 0.34314962360905804, 0.2539445900753205], [0.12639813482034964, 0.22809624686162894, 0.40988167302509615, 0.23562394529292535], [0.13881968174863088, 0.34990778226076824, 0.2166533715514422, 0.2946191644391586], [0.1533008853622733, 0.3775596837698094, 0.18155539801923282, 0.2875840328486844], [0.15158607409450134, 0.29512273358350466, 0.25975692257946215, 0.293534269742532], [0.07660007913233524, 0.31211285998880733, 0.39144623963413067, 0.21984082124472687], [0.23842691355254675, 0.3205013868937573, 0.10069291372805295, 0.34037878582564307], [0.18989249150891435, 0.2949224630460104, 0.2364241647400322, 0.2787608807050431], [0.09070600276679572, 0.26875331746371944, 0.3878369424111413, 0.25270373735834356], [0.10254000977260318, 0.3158798895447369, 0.34841885984132503, 0.2331612408413346], [0.16176912664890986, 0.2753861043848839, 0.30000620017559426, 0.26283856879061185], [0.11937525376836705, 0.32842102052623934, 0.2977442124163295, 0.25445951328906363], [0.18232092468456465, 0.26052823992491564, 0.28314285464860994, 0.27400798074190985], [0.1118696878161423, 0.3055917966233189, 0.3438863793470503, 0.23865213621348838], [0.10142968283140548, 0.33248553790258084, 0.3757094245667125, 0.1903753546993012], [0.256231138513013, 0.234233725943933, 0.2382874609604511, 0.27124767458260307], [0.14811449595416606, 0.29325617042734803, 0.26725844118464037, 0.29137089243384545], [0.245434488699535, 0.24830753257820168, 0.19504546533104145, 0.3112125133912221], [0.08705893482018438, 0.21669632226360172, 0.4578738508938299, 0.23837089202238396], [0.2894651613146082, 0.23364162042443856, 0.16289819607544564, 0.31399502218550746], [0.18513730071631931, 0.3007647371687907, 0.19123858266402852, 0.32285937945086146], [0.2916586312398104, 0.2274075174530953, 0.13072380703415443, 0.3502100442729399], [0.3161103504317493, 0.2258718356447027, 0.13677688611485228, 0.3212409278086956], [0.11230951169395335, 0.2971258738477492, 0.3332179990636437, 0.25734661539465375], [0.11635567601142753, 0.27473298696782783, 0.3472378257312065, 0.26167351128953825], [0.08720653715233305, 0.3058903442277417, 0.37606573564720236, 0.23083738297272263], [0.10213420634656027, 0.3310530371650308, 0.34435698298223827, 0.2224557735061705], [0.22634810540209538, 0.24142566611848207, 0.18844481285768053, 0.3437814156217422], [0.14131100899280688, 0.39012961066465524, 0.22487793081306445, 0.2436814495294733], [0.23278725815299492, 0.2715979227293325, 0.19263948944870865, 0.3029753296689642], [0.1917640889212137, 0.22113970795732418, 0.2891575750829532, 0.29793862803850896], [0.09549685158007962, 0.32322414347881606, 0.38277895383117166, 0.19850005110993235], [0.14751521273600296, 0.2838356976953413, 0.3276161313286475, 0.2410329582400079], [0.11812135206379919, 0.33373245240189325, 0.3306059000860219, 0.2175402954482854], [0.08826937695186919, 0.3126110692491248, 0.3815761383434603, 0.21754341545554573], [0.10538357126679576, 0.31303037768816416, 0.3810102216376343, 0.20057582940740587], [0.15610004074824843, 0.25225480513924825, 0.29355500108464117, 0.2980901530278618], [0.11343707858535072, 0.26979891621940344, 0.4170727445436256, 0.19969126065162024], [0.1274504476926771, 0.25840004049836146, 0.3318345741654362, 0.2823149376435252], [0.15185103959388913, 0.31417364843293094, 0.26664760738703414, 0.2673277045861458], [0.12525238112240092, 0.2997757322915179, 0.30008872410762616, 0.27488316247845523], [0.12142214030047044, 0.32195766911912876, 0.3184470906039973, 0.23817309997640346], [0.16849402431031033, 0.2698139827149777, 0.26878462274145515, 0.2929073702332568], [0.12604823932602918, 0.3357589779317636, 0.2870300807051257, 0.25116270203708185], [0.11898166585330437, 0.28452482011856134, 0.4053196766650464, 0.19117383736308804]]}}