{"test": {"ids": ["101111310", "107116300", "110120640", "113117340", "107116501", "97105451", "110118121", "110120190", "108118630", "106114011", "103120290", "106111321", "112118511", "99109370", "103109641", "113121190", "98106560", "105118740", "113120540", "107117010", "101109000", "98110810", "105115570", "100117420", "107119950", "109113931", "111116170", "111116750", "105116090", "101115190", "97116500", "103120730", "113122120", "110117140", "105116441", "111114941", "113118511", "112116800", "112119950", "111116990", "101112690", "97118210", "111120190", "105114220", "105116650", "107114780", "100116500", "110121720", "102121700", "99108010", "102112170", "107113840", "111121220", "108121190", "109120540", "112118620", "99112531", "101111140", "111116040", "102118380", "98112300", "106118301", "97112170", "101110150", "105115250", "102109910", "100111380", "112118161", "109114030", "112116610", "99107950", "108117610", "108115870", "111114171", "108115250", "109116750", "100112060", "109116930", "111120540", "98111670", "100109360", "113122430", "102116340", "106112770", "111120220", "104111990", "112117030", "99108000", "106113830", "109116170", "102117351", "101109370", "106113190", "108115500", "113121950", "103113270", "110118701", "103111620", "109121351", "105119950", "109116441", "105116860", "110117080", "99111440", "98110230", "106120640", "113118111", "97108520", "101114020", "110119891", "100109000", "101110740", "113117401", "102121440", "99109840", "107119390", "113119700", "104113380", "97105580", "97106600", "107114110", "113120751", "97106591", "111119300", "112118530", "104114410", "112119450", "112116401", "111119430", "111117000", "100113370", "107113360", "112120290", "103117461", "102110500", "112116850", "107113170", "97105960", "103109791", "112116900", "107113200", "105112260"], "labels": [3, 0, 0, 2, 1, 0, 3, 3, 1, 1, 2, 0, 1, 1, 1, 1, 1, 1, 3, 1, 1, 1, 0, 2, 3, 1, 0, 3, 1, 1, 2, 1, 1, 3, 1, 0, 1, 0, 0, 0, 1, 2, 3, 3, 1, 2, 2, 3, 1, 2, 3, 3, 3, 1, 1, 3, 3, 2, 0, 1, 2, 1, 0, 1, 2, 2, 3, 0, 1, 1, 1, 3, 3, 3, 1, 0, 2, 0, 1, 1, 0, 2, 3, 1, 3, 2, 2, 2, 1, 0, 1, 1, 0, 3, 3, 2, 3, 0, 0, 3, 3, 2, 1, 3, 3, 3, 1, 2, 3, 3, 1, 3, 3, 2, 2, 2, 0, 1, 1, 3, 1, 1, 1, 1, 1, 1, 3, 0, 3, 0, 3, 0, 1, 0, 3, 0, 0, 2, 3, 3, 0, 3], "predicted_labels": [3, 3, 1, 1, 3, 0, 3, 1, 3, 1, 2, 1, 3, 3, 3, 1, 3, 1, 0, 3, 3, 1, 3, 3, 3, 3, 1, 0, 0, 1, 1, 0, 0, 3, 1, 3, 1, 3, 3, 0, 1, 0, 1, 0, 3, 1, 3, 1, 0, 1, 0, 1, 3, 1, 1, 3, 1, 0, 0, 1, 0, 3, 3, 3, 0, 0, 1, 0, 3, 1, 3, 3, 1, 3, 1, 1, 0, 3, 1, 3, 0, 3, 1, 3, 1, 0, 3, 3, 3, 3, 0, 1, 3, 3, 3, 3, 3, 1, 1, 1, 0, 1, 3, 3, 0, 1, 3, 0, 3, 3, 3, 1, 3, 3, 3, 3, 1, 1, 0, 1, 3, 3, 3, 3, 1, 0, 3, 0, 1, 3, 1, 3, 3, 3, 3, 3, 0, 1, 3, 0, 3, 3], "confidence_scores": [[0.2728023643023644, 0.2553260905760907, 0.1772810522810523, 0.29459049284049277], [0.2574199966699969, 0.23416805971805982, 0.22626845654345648, 0.28214348706848713], [0.22812141192141194, 0.30772815517815516, 0.22146191031191037, 0.24268852258852266], [0.2601210955710958, 0.28044118659118655, 0.21924775224775225, 0.24018996558996553], [0.27951779609279626, 0.26166544566544575, 0.1731879592629594, 0.28562879897879906], [0.35007257742257747, 0.2587733377733378, 0.14994877899877915, 0.2412053058053059], [0.3069789543789544, 0.24281563991564015, 0.13778696303696303, 0.31241844266844254], [0.22988810911310925, 0.30543879176379163, 0.1941274392274393, 0.2705456598956601], [0.19080082695082712, 0.2964989121989124, 0.18350744810744823, 0.32919281274281265], [0.28430397380397393, 0.2935378954378956, 0.19235034410034418, 0.22980778665778687], [0.22705169830169833, 0.2621578393828395, 0.2814254467754468, 0.22936501554001557], [0.253322832069891, 0.28788440611675925, 0.18732418594477424, 0.271468575868576], [0.2545219336219335, 0.247997496947497, 0.20568511488511504, 0.2917954545454546], [0.2720448634698636, 0.22529315210932874, 0.17565885225885233, 0.3270031321619558], [0.24813626928626933, 0.2483074980574982, 0.2145421689421691, 0.2890140637140637], [0.25506594647182895, 0.2876678155178155, 0.17523691961633145, 0.28202931839402423], [0.2704712565212567, 0.24264622044622056, 0.21187730602730612, 0.27500521700521696], [0.24328085770438726, 0.2941716450216451, 0.21811378303499046, 0.24443371423897747], [0.3355423465423465, 0.23555871905871908, 0.17069710844710853, 0.25820182595182595], [0.19982820170026064, 0.27111581914817207, 0.22447589257148098, 0.30458008658008645], [0.205322238872239, 0.26771907536907535, 0.20576009546009558, 0.3211985902985902], [0.25761692196692193, 0.2867724802974802, 0.23396234876234887, 0.22164824897324908], [0.24827659562659574, 0.2548282023532023, 0.21201428571428593, 0.28488091630591644], [0.20178081640581652, 0.23599420579420577, 0.24696980519480524, 0.3152551726051725], [0.23381101121101128, 0.2858536241536242, 0.1734184149184149, 0.30691694971694977], [0.2734978077478079, 0.2538706848706848, 0.1872863192363193, 0.285345188145188], [0.23249050394050394, 0.337206931956932, 0.1413310855810857, 0.28897147852147864], [0.35571736596736586, 0.20999600203717853, 0.147126797385621, 0.2871598346098347], [0.2676201239936538, 0.2525898046398048, 0.22338966817496225, 0.25640040319157975], [0.20442032412032426, 0.3077875457875458, 0.2183818181818183, 0.26941031191031206], [0.24743620268620262, 0.2675473026973028, 0.22477934842934863, 0.26023714618714633], [0.2786207811796048, 0.2739153901653903, 0.18334140663258322, 0.2641224220224221], [0.29458301143301135, 0.26002229437229446, 0.18890357420357431, 0.2564911199911202], [0.21492430902430906, 0.2780011655011656, 0.18064448884448886, 0.32643003663003667], [0.21313019480519488, 0.2761389249639252, 0.2462623376623377, 0.2644685425685428], [0.25053491508491504, 0.2671988788988789, 0.1780463702963704, 0.30421983571983585], [0.23503012265512266, 0.26455979853479855, 0.23697169497169515, 0.263438383838384], [0.20669004884004905, 0.294527281052281, 0.19836441613941622, 0.3004182539682541], [0.267613014436544, 0.2730457542457542, 0.186028588405059, 0.27331264291264296], [0.329073212898213, 0.2255922688422689, 0.18322576590076603, 0.26210875235875236], [0.22393616938616945, 0.276623421023421, 0.2403996947496948, 0.259040714840715], [0.2727983183483183, 0.25011787101787114, 0.23883875291375303, 0.23824505772005772], [0.21514799334652296, 0.31131825755943415, 0.208072504782799, 0.26546124431124446], [0.27948741258741266, 0.27710975690975687, 0.20717142302142305, 0.23623140748140742], [0.25842409257409266, 0.2601099567099566, 0.21276641136641145, 0.26869953934953944], [0.2461323176823178, 0.27927503052503067, 0.1968267177267178, 0.2777659340659341], [0.24436788211788213, 0.2551124653124654, 0.20942502497502505, 0.2910946275946275], [0.232842071817072, 0.31517871017871035, 0.21936767676767685, 0.23261154123654135], [0.3036808164058164, 0.28989212454212454, 0.16575737873237884, 0.2406696803196805], [0.2650429015429015, 0.28642653816771485, 0.19598420468420477, 0.2525463556051793], [0.3412652902652902, 0.2253319125319126, 0.18052677322677335, 0.252876023976024], [0.26968586691086693, 0.29691808191808206, 0.1691427100677102, 0.26425334110334125], [0.2653471028971029, 0.25725105450105445, 0.12991621711621715, 0.34748562548562545], [0.2597367243867244, 0.2884531948443714, 0.18058097458097472, 0.27122910618792984], [0.2634925546675548, 0.29641156343656344, 0.16187897657897662, 0.27821690531690535], [0.28179711399711416, 0.25607912920412923, 0.14086478521478527, 0.32125897158397143], [0.26849556358674004, 0.2745225441225442, 0.1947927869516105, 0.2621891053391055], [0.34045860805860795, 0.21630843959961618, 0.18604356950239317, 0.2571893828393829], [0.30668268398268395, 0.22456247086247097, 0.18170627705627726, 0.28704856809856816], [0.24118253968253983, 0.2715058164058165, 0.22400424575424577, 0.2633073981573981], [0.32867705072705056, 0.2071691788603555, 0.19221194002076358, 0.27194183039183034], [0.2896333999334, 0.2766990176490177, 0.1300552003552004, 0.303612382062382], [0.2882687701187701, 0.23941313131313138, 0.17202900987900996, 0.3002890886890887], [0.2584368076368078, 0.24233322233322244, 0.20001542901542904, 0.29921454101454115], [0.2951450965700964, 0.23984714093096454, 0.20422856587856594, 0.26077919662037313], [0.29112839937839957, 0.22335528915528918, 0.1957079420579421, 0.28980836940836957], [0.2688499833499835, 0.2979706154956154, 0.1649089937839939, 0.2682704073704075], [0.29467438672438684, 0.2827884262796028, 0.14485253276135637, 0.2776846542346544], [0.233163802863803, 0.25969444444444456, 0.2153797424797425, 0.2917620102120103], [0.27078669663669686, 0.282670412920413, 0.200081612831613, 0.2464612776112777], [0.179497324897325, 0.26364009324009335, 0.2774902264402265, 0.27937235542235545], [0.22697312409812426, 0.2805455405705407, 0.15563969918969928, 0.3368416361416361], [0.24940022477522478, 0.27523497809380154, 0.20512962870462886, 0.2702351684263449], [0.2711152874902874, 0.23925600983983342, 0.16240076198311493, 0.32722794068676436], [0.2171244533244534, 0.29748451907569556, 0.20057499363381726, 0.2848160339660338], [0.24733696858696877, 0.3120076923076923, 0.20021045066045065, 0.2404448884448886], [0.28277085626791526, 0.2583358602182133, 0.20911369088427917, 0.24977959262959262], [0.25832741147741156, 0.26098815628815636, 0.20449567099567104, 0.27618876123876124], [0.25831688311688333, 0.27856933621933644, 0.20708417138417137, 0.25602960927960944], [0.2735869277781044, 0.23545960705960708, 0.2028242221830458, 0.28812924297924297], [0.32412800532800523, 0.19614324009324025, 0.20838603618603632, 0.2713427183927185], [0.21366908091908096, 0.24937345709845718, 0.20187762874380535, 0.33507983323865675], [0.19452907647907647, 0.3474504162504163, 0.21968761238761242, 0.2383328948828949], [0.2396438851997676, 0.23095529470529486, 0.22925115538056712, 0.3001496647143708], [0.254246758796759, 0.3083046786546787, 0.17019241869241875, 0.2672561438561439], [0.2958667221667222, 0.245097965922966, 0.18346129981129994, 0.2755740120990122], [0.24500815018315042, 0.27457787212787205, 0.17144974192474202, 0.30896423576423554], [0.21584023199023217, 0.2511212065712067, 0.2415806360306361, 0.2914579254079253], [0.28952982017982015, 0.2123156954156955, 0.198773101898102, 0.2993813825063826], [0.2299114524364526, 0.28406754356754366, 0.17988349150849156, 0.30613751248751253], [0.32156286344374596, 0.2252977086638852, 0.1529162652706771, 0.30022316262169196], [0.2008955266955268, 0.3229152736152736, 0.22505396825396837, 0.2511352314352315], [0.25813081918081937, 0.2514650238650239, 0.18184712509712522, 0.30855703185703187], [0.23463658008658017, 0.27814780578898235, 0.18604014514896872, 0.30117546897546904], [0.25907774806892486, 0.25870735930735933, 0.20647030387912743, 0.2757445887445887], [0.2222281940281942, 0.25873011237128896, 0.21264009324009328, 0.30640160036042396], [0.23370397657897682, 0.2636288211788212, 0.21924791597291599, 0.2834192862692863], [0.25634685869685875, 0.2861363247863247, 0.22026122211122207, 0.23725559440559454], [0.2790686369186371, 0.2942666278166278, 0.16303424908424913, 0.26363048618048623], [0.2843927960927961, 0.30073550338550326, 0.17897108447108456, 0.23590061605061616], [0.3084288461538463, 0.2551122211122211, 0.16101277056277055, 0.27544616217116213], [0.2606817044067046, 0.3170314796314797, 0.17498329725829734, 0.24730351870351877], [0.20395458430458446, 0.2850049173049174, 0.223650185925186, 0.28739031246531244], [0.23720844155844165, 0.24402732267732266, 0.2035658064158065, 0.31519842934842923], [0.3254301864801866, 0.24441038406038412, 0.1785724719724719, 0.25158695748695764], [0.24880649905649913, 0.3102653957153957, 0.1957114663114664, 0.24521663891663906], [0.27126102231102234, 0.25267043512043513, 0.14402171162171165, 0.33204683094683085], [0.28616910116027766, 0.27175735375735394, 0.19843086553968908, 0.2436426795426796], [0.27239504384504387, 0.2623166686254923, 0.19146119158619168, 0.27382709594327237], [0.24287763347763353, 0.2260850649350651, 0.18704117549117558, 0.34399612609612606], [0.24107382339882358, 0.23101865356865361, 0.2124580336330338, 0.3154494893994893], [0.21967519147519154, 0.27346969141969146, 0.25232356532356537, 0.25453155178155173], [0.27970557220557235, 0.25567859917859925, 0.15288655788655794, 0.3117292707292707], [0.22834166944166948, 0.25223001998002026, 0.20465984570984583, 0.3147684648684647], [0.1831170662670663, 0.2828460317460318, 0.24266727716727723, 0.2913696248196249], [0.25055578865578876, 0.24723031968031978, 0.23978978243978252, 0.26242410922410925], [0.18470974025974027, 0.3491624098124099, 0.21155264180264188, 0.25457520812520823], [0.17599133644133658, 0.3124424048174046, 0.25933400765900766, 0.2522322510822513], [0.3479891605126898, 0.22865241425241437, 0.1876804801407744, 0.23567794509412177], [0.22114670019522967, 0.2681799783549784, 0.250649180884475, 0.26002414056531703], [0.2626672660672662, 0.21475526973026982, 0.18801464923964922, 0.33456281496281504], [0.2077069042069043, 0.26731887556887574, 0.23426980241980264, 0.29070441780441775], [0.2565800477300479, 0.23486282965400615, 0.23129218559218573, 0.27726493702376065], [0.28049451235039474, 0.2402398268398269, 0.1573134347678466, 0.32195222604193197], [0.21418353117470768, 0.326334188034188, 0.22495920386802756, 0.2345230769230772], [0.30756919191919185, 0.24852559303441663, 0.15559317349317353, 0.28831204155321816], [0.23002589910089932, 0.24484733322233343, 0.1636867077367078, 0.36144005994006], [0.36962162004662025, 0.22300035879153546, 0.14089146686646695, 0.266486554295378], [0.2107791874791875, 0.29756547896547886, 0.2109818126318128, 0.2806735209235209], [0.2293963397713399, 0.2659055777555779, 0.2145495698745699, 0.29014851259851276], [0.2600632867132869, 0.27694444444444466, 0.20031052281052297, 0.26268174603174627], [0.2644211732711734, 0.25614517149517163, 0.19198838383838396, 0.2874452713952713], [0.2590885447885449, 0.20841114996115015, 0.2616859806859807, 0.27081432456432464], [0.26424393384393396, 0.2769984237984239, 0.1640272172272174, 0.29473042513042524], [0.28173342768342774, 0.2428280025530028, 0.18220772560772552, 0.2932308441558443], [0.20508020313020323, 0.27006018981018987, 0.18825587549705206, 0.3366037315625549], [0.289503268953269, 0.24479386169386186, 0.1944689754689756, 0.271233893883894], [0.24545324250912506, 0.2779455627705629, 0.23680181860623045, 0.2397993761140821], [0.20436214700332364, 0.23598167388167388, 0.27841524782407157, 0.2812409312909313], [0.33220193695193695, 0.23621629481629483, 0.1740377067377068, 0.25754406149406167], [0.2548294677544679, 0.26973604451104455, 0.15967509712509717, 0.31575939060939057], [0.23094067599067605, 0.28900141329258994, 0.17393836359718717, 0.30611954711954714]]}, "rewritten": {"ids": ["97105451", "97105580", "97105960", "97106591", "97106600", "97108520", "97112170", "97116500", "97118210", "98106560", "98110230", "98110810", "98111670", "98112300", "99107950", "99108000", "99108010", "99109370", "99109840", "99111440", "99112531", "100109000", "100109360", "100111380", "100112060", "100113370", "100116500", "100117420", "101109000", "101109370", "101110150", "101110740", "101111140", "101111310", "101112690", "101114020", "101115190", "102109910", "102110500", "102112170", "102116340", "102117351", "102118380", "102121440", "102121700", "103109641", "103109791", "103111620", "103113270", "103117461", "103120290", "103120730", "104111990", "104113380", "104114410", "105112260", "105114220", "105115250", "105115570", "105116090", "105116441", "105116650", "105116860", "105118740", "105119950", "106111321", "106112770", "106113190", "106113830", "106114011", "106118301", "106120640", "107113170", "107113200", "107113360", "107113840", "107114110", "107114780", "107116300", "107116501", "107117010", "107119390", "107119950", "108115250", "108115500", "108115870", "108117610", "108118630", "108121190", "109113931", "109114030", "109116170", "109116441", "109116750", "109116930", "109120540", "109121351", "110117080", "110117140", "110118121", "110118701", "110119891", "110120190", "110120640", "110121720", "111114171", "111114941", "111116040", "111116170", "111116750", "111116990", "111117000", "111119300", "111119430", "111120190", "111120220", "111120540", "111121220", "112116401", "112116610", "112116800", "112116850", "112116900", "112117030", "112118161", "112118511", "112118530", "112118620", "112119450", "112119950", "112120290", "113117340", "113117401", "113118111", "113118511", "113119700", "113120540", "113120751", "113121190", "113121950", "113122120", "113122430"], "labels": [0, 1, 2, 1, 3, 2, 0, 2, 2, 1, 3, 1, 1, 2, 1, 2, 2, 1, 2, 3, 3, 1, 0, 3, 2, 3, 2, 2, 1, 1, 1, 3, 2, 3, 1, 3, 1, 2, 3, 3, 3, 1, 1, 2, 1, 1, 3, 0, 2, 0, 2, 1, 2, 1, 1, 3, 3, 2, 0, 1, 1, 1, 2, 1, 3, 0, 1, 0, 1, 1, 1, 3, 0, 0, 0, 3, 1, 2, 0, 1, 1, 2, 3, 1, 3, 3, 3, 1, 1, 1, 1, 0, 3, 0, 0, 1, 0, 1, 3, 3, 3, 3, 3, 0, 3, 3, 0, 0, 0, 3, 0, 0, 1, 3, 3, 3, 1, 3, 0, 1, 0, 0, 3, 2, 0, 1, 1, 3, 3, 0, 1, 2, 3, 1, 1, 0, 3, 1, 1, 3, 1, 2], "predicted_labels": [0, 0, 2, 3, 0, 0, 3, 0, 0, 3, 0, 1, 3, 0, 2, 1, 1, 0, 2, 3, 0, 3, 0, 1, 0, 3, 3, 3, 1, 3, 3, 1, 0, 1, 1, 0, 1, 0, 3, 0, 1, 0, 1, 3, 0, 0, 1, 1, 3, 3, 1, 1, 0, 1, 0, 3, 0, 0, 0, 0, 1, 0, 1, 1, 0, 0, 0, 0, 0, 0, 0, 1, 0, 3, 3, 3, 3, 3, 0, 0, 1, 3, 3, 3, 1, 0, 3, 3, 1, 1, 1, 1, 3, 1, 3, 0, 1, 1, 3, 0, 0, 3, 3, 3, 1, 0, 3, 0, 1, 0, 0, 1, 3, 1, 1, 1, 3, 3, 0, 3, 3, 3, 0, 3, 0, 3, 1, 3, 3, 0, 0, 1, 0, 3, 3, 1, 0, 3, 0, 0, 0, 3], "confidence_scores": [[0.35245025464731344, 0.23678482791718095, 0.14200320692379526, 0.26876171051171055], [0.33964360084360085, 0.24298185703185707, 0.1727261155511156, 0.2446484265734268], [0.25328590984179233, 0.24136389166389172, 0.26609638515079703, 0.23925381334351928], [0.28164937284937275, 0.24079198579198596, 0.18480874125874133, 0.29274990009990004], [0.28259478821831774, 0.2659899433899435, 0.18584159761806826, 0.26557367077367094], [0.29398569208569203, 0.24029524364524368, 0.21263217338217333, 0.2530868908868909], [0.2786048673548674, 0.24158930513930524, 0.1859562271062271, 0.2938496003996006], [0.3016322843822841, 0.2569450271950274, 0.2021411227661229, 0.2392815656565656], [0.2970944749694751, 0.2549284632034633, 0.20351031191031205, 0.24446674991674996], [0.2761357864357866, 0.24600917970917985, 0.18927394272394282, 0.28858109113109126], [0.3544181845931846, 0.24270642690642702, 0.16136523199023195, 0.2415101565101566], [0.25273181263181266, 0.2983411754911755, 0.2189133033633035, 0.23001370851370861], [0.26408983793983815, 0.23049585414585422, 0.21954867909867928, 0.28586562881562905], [0.32205584693084693, 0.21037062741180396, 0.18338505856888224, 0.2841884670884673], [0.17545028827381778, 0.2750931437843203, 0.2831332690185633, 0.266323298923299], [0.2231611832611834, 0.29116406926406924, 0.2226506493506494, 0.2630240981240981], [0.26220909090909095, 0.2795060752972518, 0.20141454101454112, 0.2568702927791165], [0.3117939255189255, 0.21603243145743156, 0.18025954405072062, 0.2919140989729224], [0.1828485847485848, 0.2622540626040627, 0.288556587856588, 0.26634076479076496], [0.2858672577422577, 0.2305148609560375, 0.19505122018504387, 0.2885666611166611], [0.3033061879297173, 0.27271431901431925, 0.1827032193296899, 0.2412762737262738], [0.25447964812964813, 0.24932051837051852, 0.2331154678654679, 0.26308436563436566], [0.3025381729381731, 0.20664015984015996, 0.20432003201476895, 0.2865016352068984], [0.2793149544899547, 0.3054212537462538, 0.1730296564546566, 0.24223413530913535], [0.2897192862692863, 0.22619281829281834, 0.20040998445998448, 0.2836779109779112], [0.2413819902319903, 0.26414593739593745, 0.2162099088046457, 0.27826216356742695], [0.2845092601842602, 0.21136379731379745, 0.19658524531024535, 0.30754169719169727], [0.2779309801309805, 0.20324170910788564, 0.2244905169993406, 0.2943367937617938], [0.232397940947941, 0.28032906537906543, 0.21932344877344867, 0.267949544899545], [0.2581755855255856, 0.2579364246864248, 0.19806448551448563, 0.2858235042735042], [0.26679679895268127, 0.2374422077922079, 0.2248515494309612, 0.2709094438241499], [0.23879283135165494, 0.26269172216672215, 0.2469554176215943, 0.251560028860029], [0.3297341214341213, 0.24376894216894224, 0.15004180819180823, 0.2764551282051282], [0.28287685370185356, 0.3033836060997826, 0.1511959873459874, 0.2625435528523765], [0.24511385281385287, 0.29605831945831956, 0.1737729437229437, 0.2850548840048842], [0.2924359140859141, 0.2340964222052458, 0.1829341269841271, 0.29053353672471305], [0.23574614274614283, 0.29099544344544365, 0.1971994671994674, 0.2760589466089468], [0.3120081973581974, 0.2210175130425132, 0.1829248085248087, 0.2840494810744812], [0.2541224220224222, 0.2487228216228218, 0.15564980574980583, 0.34150495060495073], [0.3416740648240646, 0.20329064269064265, 0.18444321234321248, 0.2705920801420802], [0.21971623931623954, 0.3201971750471751, 0.21578702408702416, 0.24429956154956164], [0.36657815093403323, 0.18291508491508496, 0.1609519490313609, 0.289554815119521], [0.2676406482406483, 0.29162455322455333, 0.18069618159618175, 0.260038616938617], [0.23343671459259704, 0.27236255966255984, 0.1942800653594773, 0.29992066038536624], [0.3141574508824508, 0.27524254079254074, 0.1686664807414808, 0.24193352758352782], [0.2997440725940728, 0.2596251470751472, 0.16511898656898666, 0.2755117937617938], [0.2117436785436787, 0.28077766122766135, 0.2452089688089688, 0.26226969141969153], [0.27280402930402947, 0.27322314907314904, 0.20930522810522814, 0.24466759351759362], [0.24145542790542807, 0.24624635919635934, 0.20595169275169287, 0.3063465201465202], [0.27484711399711403, 0.26097052669552684, 0.16298118270618275, 0.3012011766011766], [0.21645716505716525, 0.2979629842379841, 0.24066230991231, 0.24491754079254088], [0.27671785436785445, 0.284640714840715, 0.17797030192030197, 0.2606711288711291], [0.3113846486846487, 0.25240855810855817, 0.1952853091353092, 0.2409214840714842], [0.24684342324342318, 0.2895524531024531, 0.17471950826950836, 0.2888846153846154], [0.3027151875901876, 0.23527577977577985, 0.18310107392607394, 0.27890795870795865], [0.23662084027084038, 0.2447938672438674, 0.19868281163281165, 0.3199024808524808], [0.298121178821179, 0.2559050172050171, 0.17254019869019874, 0.27343360528360533], [0.31441943334443323, 0.2580462176712176, 0.19017113442113456, 0.23736321456321463], [0.2750426961926963, 0.2693945831945834, 0.1935368187368189, 0.2620259018759019], [0.26964089244089257, 0.23995782273282282, 0.23863472638472652, 0.25176655844155865], [0.2393242442198327, 0.29944452377687686, 0.23061808959014848, 0.23061314241314268], [0.28813686868686866, 0.2366210900210901, 0.195658707958708, 0.2795833333333333], [0.27446104173604174, 0.3152689366189368, 0.16382175324675327, 0.2464482683982685], [0.27687012954365925, 0.28214926184926176, 0.2028775783040491, 0.2381030303030305], [0.29311919746919735, 0.28147534687534703, 0.16766945831945837, 0.25773599733599745], [0.2763752081252081, 0.2629841491841494, 0.18602816627816635, 0.2746124764124766], [0.2751844100344102, 0.23530555555555555, 0.2168757437007439, 0.2726342907092907], [0.28159320679320693, 0.2654619824619827, 0.17160613830613836, 0.2813386724386723], [0.2995034465534465, 0.2473377011877012, 0.15915138750138752, 0.2940074647574649], [0.3034409257409256, 0.2910639915639919, 0.1511539571539571, 0.2543411255411257], [0.2990184926184927, 0.2612638250638251, 0.16220115995116008, 0.2775165223665224], [0.2681462870462873, 0.2952101814851815, 0.20005854978354995, 0.23658498168498182], [0.28820430125430124, 0.2595894105894106, 0.19941110556110572, 0.25279518259518274], [0.2790239954489956, 0.27737376789876794, 0.16355282495282503, 0.28004941169941144], [0.2554866355866357, 0.26961012321012334, 0.18303339087812784, 0.29186985032511337], [0.27222428959928985, 0.2690976356976359, 0.1758255994005995, 0.28285247530247526], [0.2865792429792432, 0.20218353035853046, 0.19720182872682873, 0.314035397935398], [0.25301413586413596, 0.25776074481074496, 0.19351479631479643, 0.29571032301032313], [0.3039058302808305, 0.22855027750027762, 0.19113599733599737, 0.2764078948828949], [0.3239934981684982, 0.22574158978276632, 0.1522799525637761, 0.2979849594849597], [0.2628221889221889, 0.2706016428016426, 0.21121935564435593, 0.25535681263181276], [0.25691392496392507, 0.24288713508713516, 0.22682173937173944, 0.2733772005772006], [0.2457040792540794, 0.25891059496059493, 0.17148696858696857, 0.32389835719835713], [0.23075617160617157, 0.2714617715617716, 0.2211387057387059, 0.276643351093351], [0.276233116883117, 0.27624826839826855, 0.19841588966588974, 0.24910272505272507], [0.29503452380952394, 0.26520382395382386, 0.16861829004329013, 0.27114336219336216], [0.28102511932511937, 0.24720889665889684, 0.15424174714174727, 0.31752423687423686], [0.18835673150379045, 0.2943753485077014, 0.1904182030387913, 0.3268497169497168], [0.24448607503607508, 0.30070048285048295, 0.18737438044411744, 0.26743906166932474], [0.25694896769896775, 0.2942003774003774, 0.1739977855477857, 0.27485286935286946], [0.25730119880119884, 0.28239880119880134, 0.2005305028305029, 0.2597694971694973], [0.24925517260517288, 0.2903916583416585, 0.18337756132756142, 0.27697560772560764], [0.29051275668775683, 0.24598175990675994, 0.16289841269841276, 0.30060707070707055], [0.23094453879453897, 0.33041598679098677, 0.19875459817959823, 0.2398848762348764], [0.26675117105117113, 0.25219219865102227, 0.19508487623487628, 0.28597175406293046], [0.3107215617715619, 0.251944155844156, 0.14154486624486629, 0.2957894161394162], [0.2994813852813853, 0.31453485403485404, 0.14795603840603838, 0.2380277222777224], [0.20220831390831404, 0.30486452991452984, 0.22238885003885014, 0.2705383061383062], [0.25589829614829623, 0.27098626928626934, 0.1930401542901543, 0.2800752802752802], [0.3663764124764125, 0.21802888222888248, 0.12302460317460324, 0.29257010212010215], [0.26788036130536147, 0.2660473082473083, 0.20765050505050514, 0.2584218253968255], [0.2445133699633702, 0.2742264679764681, 0.17708699078699075, 0.3041731712731711], [0.255188075813076, 0.2822738289488291, 0.17938912198912205, 0.2831489732489734], [0.22058898731986995, 0.2679451825951826, 0.23998509643950833, 0.2714807336454395], [0.27142247474747494, 0.2775045843045845, 0.20854592629592628, 0.2425270146520147], [0.29123306138306143, 0.24991130813630838, 0.18566633921633918, 0.2731892912642913], [0.26952075147075155, 0.2540961815961817, 0.19233299478299487, 0.28405007215007205], [0.3276296259296258, 0.23087311381429043, 0.17969291460173825, 0.26180434565434574], [0.2866833055833056, 0.29517625152625154, 0.1644884115884117, 0.25365203130203146], [0.3434149184149183, 0.21424032438150092, 0.16399570625452986, 0.27834905094905094], [0.34673642191142207, 0.2372078255078255, 0.1592874320124321, 0.2567683205683206], [0.2627620934620936, 0.28300897990897983, 0.1902063048063049, 0.26402262182262193], [0.27742611799964745, 0.246832833832834, 0.1905449081963788, 0.28519613997113985], [0.22637163914516864, 0.2926627872127871, 0.1988213678478385, 0.2821442057942058], [0.26638670741023684, 0.2889720251970253, 0.1677395108159815, 0.2769017565767568], [0.27938897213897224, 0.2801098623598624, 0.1770789044289045, 0.26342226107226113], [0.2671549284049286, 0.2581251803751805, 0.20711048673548674, 0.2676094044844045], [0.2880345432345434, 0.22929346568464218, 0.14861352177234533, 0.33405846930846933], [0.3450790293040294, 0.22639214119214127, 0.18115812798312805, 0.24737070152070165], [0.2742512071262074, 0.2336267343767344, 0.1995070790320791, 0.29261497946497955], [0.2184200688200689, 0.26789572094572106, 0.21031127761127769, 0.30337293262293274], [0.2418097569097571, 0.2517984459984462, 0.19335557220557228, 0.31303622488622507], [0.3667207792207792, 0.23144408369408376, 0.16300937950937958, 0.2388257575757578], [0.23277060162060167, 0.2692482608894374, 0.20781871102753466, 0.29016242646242624], [0.33712782217782206, 0.24420279246896906, 0.15051722085104446, 0.26815216450216456], [0.2831579642579642, 0.22621111111111122, 0.19771775724275736, 0.2929131673881673], [0.27499342683460337, 0.31967000222000236, 0.17047103647986003, 0.2348655344655345], [0.26667711732711746, 0.25449232156732154, 0.15163691031191034, 0.32719365079365087], [0.26332277722277725, 0.24881155511155523, 0.18955105450105456, 0.298314613164613], [0.2788554112554114, 0.25687960372960367, 0.18855517815517817, 0.27570980685980684], [0.3078714507714507, 0.23878026418026418, 0.2324880674880676, 0.22086021756021773], [0.23292898767898776, 0.3175104340104341, 0.21852536907536932, 0.23103520923520934], [0.29672167832167856, 0.2606560051060053, 0.1805942501942504, 0.26202806637806647], [0.2690234043734044, 0.22785543345543355, 0.18682127317127328, 0.31629988899988903], [0.23547218337218342, 0.26309440004440027, 0.2178380896880898, 0.283595326895327], [0.2499953562777093, 0.3031356754356756, 0.20285126376891097, 0.2440177045177045], [0.34632221667221647, 0.19084807414807423, 0.1754021811521812, 0.287427528027528], [0.23603852258852273, 0.253430907980908, 0.2531415639915641, 0.2573890054390055], [0.2909419524919525, 0.23800802530802528, 0.20495677100677104, 0.26609325119325117], [0.2876987567987569, 0.26954562104562113, 0.17906217116217124, 0.26369345099345115], [0.28502695082695084, 0.25452866022866033, 0.20994843489843504, 0.25049595404595404], [0.2098220390720391, 0.2475438755688756, 0.23377989510489514, 0.30885419025419014]]}}