{"test": {"ids": ["105114220", "98117740", "106114880", "99119830", "104111380", "110118701", "112119950", "100111390", "99109840", "98108150", "108120621", "106118161", "102121440", "112118860", "103117200", "98111231", "109115211", "109121351", "98116500", "108120700", "109119340", "105116980", "102110750", "109113881", "112120640", "108121190", "99108010", "106113830", "112118161", "105113480", "100115700", "103110050", "99117740", "97113900", "103117461", "101108621", "97106970", "100109980", "103111540", "105118740", "103111830", "99107560", "100111080", "104114240", "97106000", "110116170", "109114220", "112116451", "112121430", "103112470", "112118530", "111115780", "111115400", "104111990", "99107500", "107114140", "99108310", "99108520", "109119450", "107114621", "112116610", "110114561", "107117630", "113120591", "111120320", "99109860", "110115140", "111114171", "105117431", "109121410", "101113210", "99108460", "102110690", "101110150", "100107920", "108118520", "112118701", "99107640", "110118630", "112116501", "103113170", "113122160", "104113000", "105115720", "113118810", "109116930", "102110500", "106118301", "112116900", "97113260", "113120280", "107113840", "107120130", "110118121", "108114180", "100120780", "107118490", "99110730", "108117720", "108116070", "100109330", "102112170", "108117451", "110120700", "111121930", "108113700", "107113550", "97110950", "111116010", "99108580", "112119450", "103110220", "105116501", "110113931", "109118701", "98107340", "108113760", "102109850", "104117200", "107119950", "101112690", "101108580", "108118060", "113122220", "113121980", "104114320", "108113620", "108115570", "111116100", "113121220", "106117770", "105113260", "104112201", "101112160", "109120621", "99112641", "100113370", "112119980", "113121810", "106116850", "110119891", "107113360"], "labels": [3, 2, 0, 1, 3, 3, 0, 2, 2, 0, 1, 3, 2, 3, 0, 1, 0, 0, 2, 2, 3, 0, 1, 0, 0, 1, 2, 1, 0, 0, 1, 3, 2, 2, 0, 0, 2, 1, 1, 1, 3, 1, 0, 0, 0, 0, 3, 0, 2, 1, 1, 1, 0, 2, 0, 2, 2, 2, 3, 0, 1, 0, 0, 0, 1, 2, 0, 3, 1, 0, 3, 0, 0, 1, 0, 0, 0, 1, 1, 3, 3, 3, 1, 1, 3, 0, 3, 1, 3, 1, 0, 3, 2, 3, 1, 1, 2, 3, 1, 1, 0, 3, 2, 2, 1, 0, 0, 3, 1, 0, 3, 2, 1, 1, 3, 0, 1, 1, 3, 3, 1, 0, 1, 1, 2, 2, 3, 3, 3, 3, 0, 3, 0, 3, 1, 1, 3, 0, 2, 3, 3, 0], "predicted_labels": [3, 1, 1, 2, 3, 1, 0, 3, 2, 1, 3, 3, 0, 3, 1, 0, 3, 0, 3, 1, 3, 3, 2, 0, 0, 1, 1, 0, 1, 1, 3, 1, 0, 3, 3, 1, 1, 3, 0, 1, 3, 1, 1, 3, 3, 0, 3, 0, 1, 3, 1, 3, 1, 1, 1, 1, 1, 2, 1, 0, 0, 1, 0, 1, 3, 1, 3, 3, 1, 1, 3, 3, 3, 1, 3, 0, 1, 1, 1, 3, 1, 1, 3, 1, 1, 0, 0, 0, 3, 3, 0, 1, 1, 1, 1, 1, 1, 2, 3, 3, 0, 3, 3, 3, 1, 3, 3, 0, 1, 0, 3, 1, 3, 3, 1, 2, 1, 2, 1, 3, 3, 0, 3, 1, 1, 1, 0, 1, 1, 3, 3, 3, 3, 1, 3, 1, 3, 1, 1, 1, 1, 0], "confidence_scores": [[0.40683348982859535, 0.12601243785265598, 0.11466624400587973, 0.35248782831286884], [0.11819984467506121, 0.5596223989893355, 0.17523229992735523, 0.14694545640824827], [0.071363300183632, 0.4053638019410096, 0.39284353650742565, 0.1304293613679326], [0.17460805139834373, 0.10754516178883786, 0.5554146049306987, 0.16243218188211947], [0.3510355044692869, 0.18898620589455165, 0.18277954370519825, 0.27719874593096305], [0.3419959485456136, 0.32059431896554835, 0.04621555596929415, 0.29119417651954393], [0.6308290135627493, 0.018825534399640888, 0.027597963429667523, 0.3227474886079425], [0.18281773643869334, 0.16128315126532658, 0.32726591818724865, 0.3286331941087315], [0.05444109942894357, 0.21948312789186064, 0.6643482241850579, 0.061727548494137814], [0.17281114676213583, 0.2927181723966349, 0.33775275451863856, 0.19671792632259077], [0.3997855956918692, 0.13088641690994535, 0.08345382877342677, 0.3858741586247587], [0.37635207986793234, 0.2553991461521336, 0.04075422056212315, 0.32749455341781103], [0.618142171965359, 0.1099567591366692, 0.07820106278502822, 0.1937000061129435], [0.12730316768502814, 0.21425177497093265, 0.40713469877742625, 0.25131035856661305], [0.3504977055226114, 0.5909201723475288, 0.017795694215949828, 0.04078642791391018], [0.7273082568001762, 0.06717393012399571, 0.07036955994525479, 0.13514825313057321], [0.056131661480709624, 0.14124611084090438, 0.15721320943225625, 0.64540901824613], [0.536529940138899, 0.1521106335979539, 0.08613351109780483, 0.22522591516534188], [0.5261525647283204, 0.06050743880665024, 0.10194286970016918, 0.31139712676486014], [0.31530316196747005, 0.33945696741762005, 0.07909816057570611, 0.2661417100392037], [0.24551534349577847, 0.17321208646189498, 0.05596547450016898, 0.5253070955421579], [0.25048881869375006, 0.2699224800990649, 0.003076697054787277, 0.47651200415239775], [0.012961541026996058, 0.0883091854702476, 0.8832942105006626, 0.01543506300209351], [0.7818817573330675, 0.06497839325840461, 0.11821823526971564, 0.034921614138812014], [0.9149307638900279, 0.032901434705969804, 0.006750467288685911, 0.045417334115316704], [0.05870892918364106, 0.4871792841437002, 0.29409900417335805, 0.16001278249930062], [0.1837846611911555, 0.47816382631375415, 0.25020255165336447, 0.08784896084172575], [0.6100512315291993, 0.17561767056978028, 0.01661257496386916, 0.19771852293715153], [0.5535649432134567, 0.3332683461669879, 0.030949316428594636, 0.08221739419096077], [0.16414138265153516, 0.44718003194383144, 0.20562165218612458, 0.1830569332185085], [0.1499313334740609, 0.16954884108857304, 0.16972972333790334, 0.5107901020994626], [0.09586512656485513, 0.5062810855241372, 0.13451681830472906, 0.2633369696062783], [0.8631624484286053, 0.037993879324453105, 0.06996688066091643, 0.02887679158602519], [0.3373969388974672, 0.11761977312904076, 0.34371716816768444, 0.20126611980580755], [0.22608041964203382, 0.3312391034087005, 0.011995208736499658, 0.4306852682127659], [0.2697767081451874, 0.5601673828304958, 0.03842574932256189, 0.13163015970175457], [0.011686666486704184, 0.3332362242811618, 0.6029314070120695, 0.05214570222006454], [0.2790837281753348, 0.1760358015504151, 0.11720909513810669, 0.42767137513614323], [0.4927800251756038, 0.1967958166087177, 0.10751755437669408, 0.20290660383898476], [0.1873433263552634, 0.38416714158768217, 0.30193529699987876, 0.1265542350571753], [0.1556486731724741, 0.032986391910486176, 0.38056687509163173, 0.4307980598254081], [0.07096732545394545, 0.6480517412668162, 0.12476163773039128, 0.15621929554884667], [0.32755204080161815, 0.2288234507915943, 0.1730748878792462, 0.27054962052754167], [0.23282826255554784, 0.1915235973067384, 0.06473223161988798, 0.5109159085178263], [0.07631435997405053, 0.08114791931784772, 0.5717006067865533, 0.2708371139215482], [0.4611906562689683, 0.22661987360586436, 0.042045255080133556, 0.27014421504503366], [0.35868796186359947, 0.1422287374628049, 0.009713669494617397, 0.4893696311789782], [0.6592295381116563, 0.1651204870603697, 0.01395367794920193, 0.16169629687877202], [0.20904696888034852, 0.27426264398197336, 0.38165319274130777, 0.13503719439637088], [0.3250921540511579, 0.2130944318028696, 0.18482734847965207, 0.2769860656663199], [0.10381811302765226, 0.43030604915191095, 0.27426195051474456, 0.19161388730569226], [0.1642200584036056, 0.18254510015119538, 0.31610768079707546, 0.3371271606481237], [0.4613963064058863, 0.29032138690178916, 0.04369202416985698, 0.20459028252246744], [0.12901075111525254, 0.5433803268403498, 0.19687406233363286, 0.13073485971076476], [0.1383928385171956, 0.5692074920523749, 0.08086773767496933, 0.21153193175546017], [0.03709900085110295, 0.4130295725219837, 0.15230882129253748, 0.39756260533437604], [0.17491047965238007, 0.5225264448555983, 0.17019681413693072, 0.13236626135509091], [0.033849386158927394, 0.1651625127095953, 0.7469851996114814, 0.054002901519996316], [0.0683979117490483, 0.5662868871655367, 0.17550734137157847, 0.18980785971383657], [0.7288589476758199, 0.013959442781542016, 0.0005148550525938533, 0.2566667544900441], [0.6714896142105342, 0.18345208739542798, 0.08332339276714229, 0.061734905626895535], [0.3979251556630266, 0.20837722694941233, 0.1944062263642079, 0.19929139102335305], [0.8465097957231728, 0.02335759408764826, 0.09556645367018285, 0.03456615651899585], [0.19225250363828958, 0.25768965952412404, 0.2772010153112558, 0.2728568215263302], [0.21605110291519017, 0.1864063167265645, 0.3496439126884275, 0.2478986676698178], [0.06578180250574367, 0.5164864468057307, 0.3237568858855151, 0.09397486480301058], [0.2716738428784885, 0.17765319580603922, 0.04907024130191078, 0.501602720013561], [0.18864286419235174, 0.13310044487638759, 0.034413354472297465, 0.6438433364589629], [0.16263847466420384, 0.3120958582862715, 0.33828147588022844, 0.18698419116929613], [0.03982510532133744, 0.6192695915123859, 0.012059033107432456, 0.32884627005884437], [0.36438823114364083, 0.1228183943670296, 0.16591329637759514, 0.34688007811173444], [0.14273113712342878, 0.12231468971963537, 0.09204879854810108, 0.6429053746088349], [0.3136682841389958, 0.13951343591066706, 0.036992095352189204, 0.5098261845981477], [0.16244679210653365, 0.6452845885447192, 0.01783841557084561, 0.17443020377790155], [0.21427299473453748, 0.17614487813435378, 0.0366158235056038, 0.5729663036255052], [0.8779533635862458, 0.056631396506017444, 0.031079723572369874, 0.03433551633536696], [0.13968586221199025, 0.5395254781247172, 0.009542583029354646, 0.31124607663393766], [0.17388717557265868, 0.4169353991342899, 0.16317495782311267, 0.2460024674699382], [0.1054183970370298, 0.410050592933082, 0.3333676831011909, 0.1511633269286976], [0.3460850271945442, 0.15949500932374797, 0.0034561241610894505, 0.4909638393206181], [0.40116146419187265, 0.3398785191320431, 0.18704636161683358, 0.07191365505925074], [0.11854900773968666, 0.4479307800911788, 0.044062588165701334, 0.389457624003433], [0.4522246070594015, 0.09429108678551698, 0.061770117489209894, 0.3917141886658717], [0.08059248334802206, 0.6941324536415057, 0.0717406966438875, 0.15353436636658463], [0.1967197978251891, 0.4900188444296101, 0.24756668601501308, 0.0656946717301875], [0.7425714833873396, 0.05290700121831523, 0.007551714844105893, 0.19696980055023908], [0.6849421032042539, 0.010575354878332062, 0.07765182090318583, 0.22683072101422802], [0.7750810908150771, 0.0534639651086508, 0.002231489354474009, 0.1692234547217983], [0.3752551381036641, 0.24201050881049996, 0.07371110321590771, 0.30902324986992835], [0.14220569212063497, 0.15232719221490093, 0.3792472289911605, 0.3262198866733037], [0.7695730710577879, 0.002735215714354101, 0.002553734228401657, 0.22513797899945637], [0.16178876187507135, 0.7039148814222527, 0.03873484221425215, 0.09556151448842339], [0.11714251211628501, 0.6669853100675295, 0.08801168645304101, 0.12786049136314442], [0.08292876157515602, 0.4856914024558801, 0.08565466453700944, 0.3457251714319543], [0.12308825754414716, 0.5247923957467839, 0.03879368933369729, 0.31332565737537177], [0.35398480672071364, 0.3152122004923188, 0.0662795410073633, 0.2645234517796044], [0.26958514659199273, 0.44875346628586277, 0.2187768196568806, 0.06288456746526391], [0.026090684742958593, 0.14666860234203444, 0.6874737297773859, 0.1397669831376211], [0.2232252239386411, 0.09124233070753515, 0.004958169554725492, 0.6805742757990981], [0.2427992588762514, 0.23224104220838848, 0.1526897681882894, 0.37226993072707076], [0.5535406828123967, 0.16600506443126575, 0.05374426410003687, 0.22670998865630088], [0.3656396738510302, 0.03970830811390976, 0.10436114141103324, 0.4902908766240266], [0.19878938056889525, 0.18497733547841608, 0.049690077217697144, 0.5665432067349917], [0.09944696518692166, 0.2637524972036662, 0.0569498877788221, 0.5798506498305901], [0.16921003418414526, 0.2285736995779453, 0.37104268702485976, 0.23117357921304993], [0.0875234919842148, 0.36910227773570314, 0.060569541229709825, 0.48280468905037227], [0.2134511134844359, 0.15144273914339693, 0.35204492345238947, 0.2830612239197778], [0.7933205243032844, 0.032013265438239256, 0.077103699073324, 0.09756251118515236], [0.07366581240167243, 0.38902711195154155, 0.38362362971120345, 0.1536834459355823], [0.6225554834678119, 0.12499048203832255, 0.15351341271831653, 0.09894062177554924], [0.47281989181396555, 0.13956427880975256, 0.027346182170800166, 0.36026964720548177], [0.060285497171559566, 0.4712900898651815, 0.36879807332118225, 0.09962633964207653], [0.24606752586450878, 0.2644194880806552, 0.054871980704428926, 0.43464100535040706], [0.3000342548625009, 0.2036244851730794, 0.09753771124834255, 0.39880354871607737], [0.1575866961542663, 0.5825233155607985, 0.14896567412463171, 0.11092431416030323], [0.08102557334978068, 0.15974683618886257, 0.663431928907299, 0.09579566155405767], [0.19283854738613213, 0.30988512976182847, 0.15955725374099922, 0.3377190691110396], [0.07816993597715519, 0.07269519822108113, 0.7624505454184073, 0.0866843203833566], [0.20841913540986184, 0.5797492544768286, 0.06128126995168525, 0.15055034016162439], [0.3783354803100051, 0.1307908871293781, 0.010591072998919733, 0.480282559561697], [0.3122168432659432, 0.12451732957731015, 0.06486101948432321, 0.49840480767242346], [0.9383719026712102, 0.006275874814388288, 0.022428839823737896, 0.03292338269066358], [0.2120658942552588, 0.05469890411629271, 0.0974278601504774, 0.6358073414779708], [0.2837821089939064, 0.6406778511071483, 0.033769677889624435, 0.04177036200932087], [0.5489651403500775, 0.31941774999884104, 0.002476261208940047, 0.12914084844214138], [0.2893971504231949, 0.25292924418527185, 0.27072835731235856, 0.18694524807917456], [0.49609944519762467, 0.24085969974224916, 0.006694762793372095, 0.25634609226675426], [0.0974917477574585, 0.5598359070313647, 0.1392202081325812, 0.2034521370785957], [0.3907487900521582, 0.3344937336390823, 0.030412046847122846, 0.2443454294616366], [0.2962202145463075, 0.05878241150353108, 0.05406677505176049, 0.590930598898401], [0.40384293607712235, 0.14838703712629778, 0.10886261950043133, 0.3389074072961488], [0.24534902979939036, 0.1643662815727205, 0.04186482953919556, 0.5484198590886937], [0.23762671845638605, 0.18453391062202024, 0.018645604972899806, 0.559193765948694], [0.0595115845565152, 0.7239418914972974, 0.12818539294804235, 0.08836113099814472], [0.12604690909416535, 0.10843921669522413, 0.02035721126770207, 0.7451566629429087], [0.4148455603946458, 0.313508055616145, 0.14468771200119507, 0.12695867198801397], [0.10237060286931372, 0.16575812313243607, 0.085050569786933, 0.6468207042113174], [0.3910614429215766, 0.3752344501925846, 0.050278966744171344, 0.18342514014166744], [0.1281386133278449, 0.34448931706448704, 0.43787299173334787, 0.08949907787432063], [0.02615660735327019, 0.2898086150474084, 0.6281981209943331, 0.05583665660498854], [0.20189973987352752, 0.6865890194392796, 0.025587490369916876, 0.08592375031727602], [0.8313632062499245, 0.10046687461134239, 0.005527968241826387, 0.06264195089690666]]}, "rewritten": {"ids": ["97106000", "97106970", "97110950", "97113260", "97113900", "98107340", "98108150", "98111231", "98116500", "98117740", "99107500", "99107560", "99107640", "99108010", "99108310", "99108460", "99108520", "99108580", "99109840", "99109860", "99110730", "99112641", "99117740", "99119830", "100107920", "100109330", "100109980", "100111080", "100111390", "100113370", "100115700", "100120780", "101108580", "101108621", "101110150", "101112160", "101112690", "101113210", "102109850", "102110500", "102110690", "102110750", "102112170", "102121440", "103110050", "103110220", "103111540", "103111830", "103112470", "103113170", "103117200", "103117461", "104111380", "104111990", "104112201", "104113000", "104114240", "104114320", "104117200", "105113260", "105113480", "105114220", "105115720", "105116501", "105116980", "105117431", "105118740", "106113830", "106114880", "106116850", "106117770", "106118161", "106118301", "107113360", "107113550", "107113840", "107114140", "107114621", "107117630", "107118490", "107119950", "107120130", "108113620", "108113700", "108113760", "108114180", "108115570", "108116070", "108117451", "108117720", "108118060", "108118520", "108120621", "108120700", "108121190", "109113881", "109114220", "109115211", "109116930", "109118701", "109119340", "109119450", "109120621", "109121351", "109121410", "110113931", "110114561", "110115140", "110116170", "110118121", "110118630", "110118701", "110119891", "110120700", "111114171", "111115400", "111115780", "111116010", "111116100", "111120320", "111121930", "112116451", "112116501", "112116610", "112116900", "112118161", "112118530", "112118701", "112118860", "112119450", "112119950", "112119980", "112120640", "112121430", "113118810", "113120280", "113120591", "113121220", "113121810", "113121980", "113122160", "113122220"], "labels": [0, 2, 3, 1, 2, 0, 0, 1, 2, 2, 0, 1, 1, 2, 2, 0, 2, 0, 2, 2, 3, 1, 2, 1, 0, 0, 1, 0, 2, 3, 1, 1, 0, 0, 1, 3, 1, 3, 1, 3, 0, 1, 3, 2, 3, 2, 1, 3, 1, 3, 0, 0, 3, 2, 0, 1, 0, 2, 3, 3, 0, 3, 1, 1, 0, 1, 1, 1, 0, 3, 0, 3, 1, 0, 0, 3, 2, 0, 0, 2, 3, 2, 3, 0, 1, 1, 3, 1, 2, 1, 1, 0, 1, 2, 1, 0, 3, 0, 0, 3, 3, 3, 1, 0, 0, 1, 0, 0, 0, 3, 1, 3, 3, 2, 3, 0, 1, 1, 3, 1, 1, 0, 3, 1, 3, 0, 1, 0, 3, 3, 0, 0, 0, 2, 3, 0, 0, 3, 2, 2, 3, 1], "predicted_labels": [3, 1, 0, 3, 1, 1, 1, 0, 3, 1, 1, 1, 1, 1, 1, 1, 2, 0, 2, 1, 1, 1, 0, 1, 3, 0, 3, 3, 3, 3, 3, 0, 0, 1, 1, 1, 1, 3, 2, 3, 3, 2, 3, 1, 1, 1, 3, 3, 3, 1, 1, 1, 1, 1, 3, 3, 1, 1, 1, 1, 1, 0, 1, 3, 3, 1, 1, 0, 1, 1, 1, 3, 3, 0, 0, 1, 1, 3, 0, 1, 3, 1, 0, 3, 3, 1, 1, 3, 1, 3, 3, 0, 0, 1, 1, 0, 3, 3, 0, 1, 3, 3, 3, 0, 1, 3, 0, 3, 0, 1, 1, 1, 1, 3, 3, 0, 3, 1, 3, 3, 1, 0, 0, 0, 3, 0, 1, 1, 3, 3, 3, 1, 0, 1, 1, 3, 3, 0, 1, 1, 3, 1], "confidence_scores": [[0.1756756448381208, 0.15367861928011328, 0.4644859915685901, 0.20615974431317552], [0.01213071501256217, 0.35982478362526793, 0.601525939285881, 0.026518562076288818], [0.8270614479256139, 0.02408286173740799, 0.04422501219020116, 0.10463067814677685], [0.24704054180768506, 0.17411368183364323, 0.2129916575426903, 0.3658541188159816], [0.19879967483696456, 0.20715280392050878, 0.45843311589906327, 0.13561440534346333], [0.08633824434424027, 0.251521175649273, 0.6209424687571969, 0.04119811124928961], [0.12897147999683156, 0.32146530908618914, 0.17392769523584156, 0.37563551568113773], [0.5762484598808009, 0.11132859900558566, 0.06120340340238701, 0.25121953771122607], [0.40287067974399443, 0.1401262245099429, 0.12136234374901676, 0.33564075199704596], [0.1284009835279897, 0.3185591738957574, 0.41573257776143757, 0.13730726481481498], [0.14255674075917063, 0.4123007212261388, 0.07068439699768986, 0.37445814101700087], [0.11703980610202445, 0.44581476678740606, 0.20628895439643544, 0.2308564727141343], [0.17990559050660707, 0.5541554416403631, 0.04619693654304582, 0.21974203130998404], [0.2844971732207096, 0.5201893054246834, 0.12300498597179389, 0.07230853538281355], [0.14698936532848625, 0.5296468515701561, 0.1277469617099788, 0.19561682139137887], [0.07513862838882625, 0.6868748838088004, 0.09663848122233407, 0.1413480065800392], [0.05515678823387939, 0.132697535060112, 0.6956859300402164, 0.11645974666579192], [0.48332255656637435, 0.17361698971763143, 0.19264564651906696, 0.15041480719692765], [0.13170044089871116, 0.11080650225976925, 0.5548646215918631, 0.20262843524965662], [0.04008768370998115, 0.3313024517729283, 0.38171078525900387, 0.2468990792580868], [0.04233296653953359, 0.22668278985508633, 0.5930479157137827, 0.13793632789159757], [0.23340749450408704, 0.5176631392834748, 0.06850245644607404, 0.1804269097663645], [0.8564220358179597, 0.030682247507500975, 0.07708492170599544, 0.035810794968543974], [0.15674148301966642, 0.27994564616440704, 0.5043260695978491, 0.058986801218077485], [0.12449538315701603, 0.218049775684421, 0.07298571477755067, 0.5844691263810123], [0.5277757307177217, 0.2505995079660159, 0.07763758532376924, 0.14398717599249336], [0.16164510935528342, 0.19085347449576584, 0.17741957177142995, 0.47008184437752093], [0.230957676308316, 0.2630491144432158, 0.15692959637665085, 0.3490636128718174], [0.3230080309928868, 0.10263199539680103, 0.16168025502661829, 0.41267971858369373], [0.08772477959942081, 0.08337934173323376, 0.10724197027827691, 0.7216539083890683], [0.21303824312515746, 0.05236583701981961, 0.13579261465523162, 0.5988033051997914], [0.588184018004398, 0.20478016671046584, 0.044826067428688346, 0.16220974785644773], [0.7992521380440357, 0.02815977696221008, 0.05188219536984515, 0.12070588962390903], [0.24949016336262053, 0.5570596648996016, 0.02177933539650844, 0.17167083634126978], [0.3794125199097278, 0.4149148488622262, 0.008325513355997754, 0.19734711787204776], [0.05285966068221308, 0.7190481379266945, 0.11249816833939301, 0.115594033051699], [0.2420437944241325, 0.2812155487163572, 0.20241485421872643, 0.2743258026407837], [0.2919999478336471, 0.07175060965042902, 0.16523288263039201, 0.47101655988553215], [0.14419021792149295, 0.08754718994543896, 0.7174435543103073, 0.0508190378227608], [0.4648517960844388, 0.06125750661470989, 0.1078670336879467, 0.3660236636129044], [0.45664645823498246, 0.07097079119514185, 0.030130190551467987, 0.4422525600184078], [0.0065493278601225415, 0.044981172856159664, 0.9421377193367508, 0.006331779946966955], [0.4412702528492565, 0.017252791962414735, 0.03735848114028735, 0.5041184740480413], [0.3360823405764958, 0.3067032235937726, 0.15263657297058697, 0.20457786285914467], [0.07467555006714098, 0.5973472176618617, 0.08174026688279622, 0.24623696538820103], [0.06120553565913149, 0.3534894595236095, 0.30837818293775954, 0.27692682187949974], [0.4339285016543343, 0.167285363081188, 0.05193359919432158, 0.3468525360701563], [0.23640846897530363, 0.03216768958862696, 0.14306868047626642, 0.5883551609598029], [0.3962048090787915, 0.1168200514938147, 0.15284654276483278, 0.3341285966625608], [0.33359849858329893, 0.482377434480149, 0.11624588276846971, 0.06777818416808216], [0.1033502013613147, 0.7518258778699464, 0.07234025174545045, 0.07248366902328836], [0.18585937632164867, 0.7056505592877538, 0.020378849751695058, 0.08811121463890262], [0.188617807396223, 0.4290886153178441, 0.11248943265349405, 0.26980414463243896], [0.12165387973687451, 0.3760262150687611, 0.34628334147193846, 0.15603656372242616], [0.266300578149526, 0.22579415084969195, 0.018048664299823047, 0.48985660670095926], [0.37707845365562115, 0.12295088627585607, 0.09763669342249721, 0.4023339666460258], [0.3385736515437062, 0.3534913001655183, 0.12244776117824427, 0.18548728711253126], [0.2589033722018106, 0.27197763175687656, 0.16107965690517964, 0.3080393391361335], [0.24973375515176732, 0.4915921199654745, 0.08228677241752407, 0.17638735246523443], [0.3194618053533635, 0.5001929377970045, 0.059727566087844984, 0.12061769076178733], [0.29789405429091736, 0.49842301620921525, 0.105557216437218, 0.09812571306264947], [0.4749349459187623, 0.11426018520949352, 0.13858331699450782, 0.27222155187723623], [0.10557701930939743, 0.610163438956655, 0.05879035314265167, 0.22546918859129605], [0.12893561134478784, 0.3579553037622947, 0.02223518928190278, 0.49087389561101463], [0.2540190715541282, 0.24566394676233574, 0.005117907355305119, 0.4951990743282308], [0.31854628653437256, 0.3028366439088386, 0.2794756964833532, 0.09914137307343544], [0.29587716871001046, 0.308537638258971, 0.0697540519839018, 0.3258311410471168], [0.6726272188249267, 0.11396003233184643, 0.026314586951864977, 0.18709816189136175], [0.10653287658594927, 0.519962567264018, 0.2740690456009905, 0.0994355105490425], [0.09004058083116921, 0.2269982691898223, 0.4707105914233282, 0.21225055855568023], [0.24171492465630545, 0.24461466729550743, 0.35486360531983935, 0.15880680272834785], [0.4396522081630822, 0.24785198191716598, 0.03523185989958207, 0.2772639500201698], [0.307612097385421, 0.1293176675166106, 0.014551368340631457, 0.5485188667573371], [0.7126085622730831, 0.1349224678362175, 0.006612897332294796, 0.14585607255840483], [0.44587011661006076, 0.11110287967618437, 0.2547632635456779, 0.18826374016807676], [0.12163422926795371, 0.6756157660319088, 0.025704139833450466, 0.17704586486668686], [0.3221127398062568, 0.5814011280302334, 0.0685426088253317, 0.027943523338178396], [0.5083972928679741, 0.01579429247837083, 0.0024869601653199473, 0.47332145448833507], [0.7118917231256298, 0.03172596638630825, 0.18445908276429915, 0.07192322772376288], [0.26219542470523327, 0.35416755968246455, 0.34485506315842934, 0.03878195245387299], [0.27820106359827634, 0.09950131685301744, 0.01639874163993411, 0.6058988779087717], [0.29873663031467984, 0.3997690759033022, 0.10235300424075172, 0.19914128954126575], [0.539309980173577, 0.2082782079248452, 0.016280325483760627, 0.2361314864178169], [0.047283464152188766, 0.24172474263766677, 0.20283962134534286, 0.5081521718648012], [0.21293396027992087, 0.252470585800206, 0.1524182830937081, 0.3821771708261649], [0.03772465626017067, 0.7056392052458124, 0.057519395977416794, 0.19911674251660014], [0.19232846296117442, 0.43948278901915316, 0.20493047205105416, 0.16325827596861814], [0.14609831175016724, 0.3032509414436664, 0.09340122242809186, 0.4572495243780744], [0.10100484339926115, 0.5859034041218659, 0.09838853649959707, 0.21470321597927605], [0.3083149074142548, 0.0866130165283153, 0.00539542597547771, 0.5996766500819523], [0.220297024355307, 0.039781793521415094, 0.13861044466927971, 0.6013107374539982], [0.8205937022653044, 0.03155952197357907, 0.02390245144663346, 0.123944324314483], [0.579777490389746, 0.09163181591538976, 0.06887413763896567, 0.2597165560558988], [0.2381717756713801, 0.4341197034077067, 0.1683525642674931, 0.1593559566534202], [0.10378045561907774, 0.22868629458109405, 0.5734564405655679, 0.0940768092342602], [0.816331644505289, 0.047591794588674984, 0.0979154066185985, 0.03816115428743789], [0.2394108191307854, 0.17260687549476028, 0.05097557409741348, 0.5370067312770415], [0.2942542506843038, 0.16892394038970696, 0.1910011984964738, 0.34582061042951573], [0.8793607570712828, 0.037169388772113295, 0.005282317320214086, 0.07818753683638964], [0.1223240823194398, 0.41267009896364787, 0.20727700698549834, 0.2577288117314138], [0.3216075048110423, 0.13237527673196725, 0.02241950969320071, 0.5235977087637899], [0.04153166758614513, 0.3239741446745897, 0.21240347478327537, 0.4220907129559897], [0.25047575162564617, 0.10287909069297375, 0.07325012732940896, 0.5733950303519709], [0.6404204301991464, 0.14742836694222897, 0.02331213237032871, 0.18883907048829576], [0.04928915323947564, 0.6591685177658803, 0.016564133261957777, 0.2749781957326865], [0.3265646007801455, 0.21204450718042558, 0.057353741148732026, 0.4040371508906967], [0.4649898399858763, 0.18610970988277525, 0.10828181442764434, 0.24061863570370398], [0.4346946064720939, 0.136034852055825, 0.09134733947555246, 0.3379232019965285], [0.5357678541813273, 0.22020091987762871, 0.025192740693601893, 0.2188384852474423], [0.13898123110346733, 0.5443159210524731, 0.06058184032265808, 0.25612100752140143], [0.35263740487991324, 0.4117625907681047, 0.06110480574932662, 0.1744951986026555], [0.4592549425573748, 0.33050516394999824, 0.06944699521785758, 0.14079289827476943], [0.10402490774723408, 0.7704097774099061, 0.01887228153936761, 0.1066930333034923], [0.1342534481158312, 0.12906109385898504, 0.03657059606727464, 0.7001148619579092], [0.2532967800980833, 0.12171303357749733, 0.09215330617624332, 0.5328368801481759], [0.44823559635986493, 0.2332076663259795, 0.0634399068933859, 0.2551168304207695], [0.19996230743012638, 0.13710395361057542, 0.4825319456978621, 0.18040179326143613], [0.0795297716263572, 0.5077272376461189, 0.35404949769419775, 0.058693493033326195], [0.1930854745542934, 0.26328492855750385, 0.09689517877302274, 0.4467344181151801], [0.09016309904944578, 0.04841309454935728, 0.5442815376345335, 0.3171422687666635], [0.26772203823673646, 0.3638083287836101, 0.19520209297277624, 0.1732675400068776], [0.7056600987496208, 0.15275203138137503, 0.01725228458230418, 0.12433558528670022], [0.698145662966216, 0.07403089208105505, 0.003494723059230831, 0.22432872189349798], [0.6720279005778396, 0.1479148730043746, 0.12561789814123628, 0.05443932827654989], [0.14341774180334463, 0.32099797276359177, 0.0550256163851987, 0.48055866904786476], [0.45460497980186876, 0.24166897513029179, 0.06397008012816506, 0.23975596493967438], [0.0916683030983227, 0.32372558408278557, 0.4266936216175291, 0.15791249120136275], [0.13296273110629753, 0.6358958943925915, 0.03232184881287717, 0.1988195256882338], [0.06821260026110348, 0.21369725729446826, 0.26203146711602004, 0.45605867532840794], [0.4574027727131163, 0.08082263137220667, 0.02343333037185779, 0.4383412655428192], [0.4223739819202476, 0.0569870599522883, 0.045506371201592, 0.47513258692587174], [0.14791143403963294, 0.5659690062656882, 0.20143517075031134, 0.08468438894436749], [0.7660903370769184, 0.1144836998037904, 0.041965659070557645, 0.07746030404873357], [0.1331982651762978, 0.2527104813320688, 0.5135118459396821, 0.10057940755195087], [0.06865672774951971, 0.7546806475263061, 0.10700911841109578, 0.06965350631307844], [0.613853023915776, 0.009378096791471646, 0.013449981991365313, 0.36331889730138706], [0.32852653299262985, 0.21461400372151906, 0.11310702653389897, 0.3437524367519523], [0.44291319318577066, 0.185889106773177, 0.10948516048806439, 0.26171253955298823], [0.11333792714769082, 0.4167511154061875, 0.2736936294597011, 0.19621732798642041], [0.41868732532096886, 0.3516463971777904, 0.0036996935171626105, 0.22596658398407773], [0.07503852657885851, 0.3626990713972561, 0.0285822638635382, 0.5336801381603477], [0.08995270476079917, 0.7910835558608572, 0.024158254807361435, 0.09480548457098208]]}}