{"test": {"ids": ["109114220", "112121430", "110120700", "111119300", "112121360", "97106820", "97107260", "108113480", "104111780", "99111620", "99107500", "106113170", "113118490", "113118820", "110117870", "97118210", "104113550", "100109890", "111115770", "112119500", "109114270", "110117080", "111119610", "104109311", "105116441", "111121190", "110116300", "108115070", "106121220", "110120531", "105120621", "107118780", "105116501", "104114320", "109114720", "112118810", "100111390", "101108460", "102110890", "113119700", "110114950", "105114220", "97116790", "104116800", "112121030", "112118511", "97107821", "110115980", "109116040", "113117550", "112120700", "100108580", "108113620", "104111990", "101114990", "98111860", "97116500", "97107920", "109120150", "110115890", "103112470", "108115970", "105117431", "107113550", "111116090", "102109850", "106118161", "108121190", "105121370", "112118421", "98121790", "106113190", "98110710", "107113180", "104113000", "106114880", "102112250", "99112840", "112116640", "109117110", "99107560", "113119480", "112116540", "112117431", "105119550", "101111210", "97109570", "109119460", "112118620", "105113260", "99108310", "105113480", "103117461", "108114670", "113122120", "108114200", "113122230", "107115250", "107112840", "112118161", "107115140", "113120531", "111121410", "105118740", "110121720", "108120280", "99108000", "103113640", "107113260", "108115500", "102109010", "108114180", "112119610", "112117780", "112120630", "113118620", "105121190", "113121410", "99108710", "110115710", "99109840", "111116100", "107119950", "105116980", "98110680", "112117030", "111117480", "98120530", "110115120", "107113130", "112117580", "98116090", "103111620", "99111000", "105117200", "99108890", "108114040", "98112580", "97116410", "103110760", "109117080", "113119950"], "labels": [3, 2, 2, 1, 3, 1, 2, 0, 3, 3, 0, 0, 1, 0, 3, 2, 1, 3, 3, 2, 3, 1, 2, 3, 1, 1, 3, 1, 1, 0, 1, 1, 1, 2, 0, 3, 2, 0, 0, 0, 0, 3, 2, 1, 0, 1, 2, 1, 0, 3, 2, 0, 3, 2, 3, 0, 2, 0, 2, 2, 1, 2, 1, 0, 3, 1, 3, 1, 2, 3, 2, 0, 2, 3, 1, 0, 0, 2, 0, 1, 1, 3, 1, 0, 1, 2, 0, 1, 3, 3, 2, 0, 0, 3, 1, 0, 1, 2, 1, 0, 0, 0, 0, 1, 3, 3, 2, 1, 0, 3, 1, 1, 0, 0, 3, 3, 2, 0, 2, 2, 2, 3, 3, 0, 2, 2, 1, 1, 0, 1, 0, 0, 0, 2, 3, 0, 0, 2, 3, 1, 1, 0], "predicted_labels": [1, 1, 1, 3, 1, 1, 3, 3, 3, 1, 1, 1, 3, 3, 1, 3, 3, 3, 1, 1, 3, 3, 1, 3, 1, 3, 3, 1, 3, 3, 3, 3, 3, 1, 3, 1, 3, 1, 3, 1, 3, 1, 1, 3, 3, 3, 1, 1, 3, 3, 1, 1, 1, 1, 1, 1, 1, 3, 3, 3, 3, 3, 1, 3, 3, 1, 1, 3, 1, 1, 1, 3, 1, 1, 3, 1, 3, 1, 1, 3, 1, 3, 3, 1, 1, 3, 3, 3, 3, 3, 1, 1, 3, 1, 0, 1, 3, 1, 1, 0, 3, 3, 3, 1, 1, 3, 1, 0, 1, 3, 1, 3, 1, 1, 3, 3, 1, 3, 1, 3, 3, 1, 3, 1, 3, 3, 1, 3, 3, 1, 3, 1, 1, 1, 3, 1, 3, 1, 1, 3, 3, 1], "confidence_scores": [[0.18082390279504995, 0.3294876806135149, 0.17251096574627517, 0.3171774508451606], [0.2232325757095091, 0.2916696145392316, 0.1955180658816359, 0.2895797438696236], [0.22527911678450618, 0.3054595910907949, 0.18913583746571422, 0.2801254546589849], [0.25016829509841404, 0.2675772920507192, 0.18134107657161766, 0.3009133362792492], [0.270642362137232, 0.2878127547636536, 0.20406000439181768, 0.23748487870729698], [0.2369802644798056, 0.3221790729748749, 0.18177541785399656, 0.259065244691323], [0.15202733570558927, 0.23011015504008, 0.22902518050393308, 0.3888373287503976], [0.20955518017551186, 0.28689728476766263, 0.1827486666572816, 0.320798868399544], [0.23777360320385, 0.28820668218353024, 0.1661015060383272, 0.3079182085742927], [0.23723584006357043, 0.30384179794392496, 0.20283914233322897, 0.2560832196592759], [0.21676314139099015, 0.3417089877267585, 0.16578451789579685, 0.2757433529864545], [0.22903693319556193, 0.3259192992776533, 0.15488550676845914, 0.2901582607583256], [0.2323631734821108, 0.23162096538263996, 0.18738842242040676, 0.34862743871484275], [0.27613248207527463, 0.2756675838286978, 0.15452230835184352, 0.29367762574418393], [0.21506181266457516, 0.30489146426534003, 0.19642760380062466, 0.2836191192694606], [0.25180655439463023, 0.23916519029807096, 0.2166323867698102, 0.29239586853748917], [0.2884388162174333, 0.2149468388692518, 0.19287139689084895, 0.30374294802246593], [0.25887919851769264, 0.248711428851378, 0.19803522961511738, 0.2943741430158123], [0.21240942462134235, 0.3285351563416141, 0.19019571086266523, 0.26885970817437843], [0.2402869399337934, 0.29928457998144214, 0.16380622284685425, 0.2966222572379101], [0.279581025763461, 0.25380716441907825, 0.17546140867270096, 0.2911504011447599], [0.21324954753167968, 0.2635861374772181, 0.18918609715636386, 0.3339782178347385], [0.1918885785000241, 0.3396216013052996, 0.18658461553243297, 0.2819052046622438], [0.2718811741343903, 0.2538682015619052, 0.1607625498113325, 0.31348807449237204], [0.20827917776561872, 0.31003621582047997, 0.18032442584999003, 0.30136018056391134], [0.2658276860286414, 0.26250134919895707, 0.17540119354154826, 0.29626977123085374], [0.21504414424759793, 0.2864166670249527, 0.17631157804109762, 0.32222761068635203], [0.22868534346328884, 0.3408805505685263, 0.19871406076388717, 0.23172004520429793], [0.20817237620491036, 0.2595761769742466, 0.1722836452560074, 0.35996780156483527], [0.2505733206004281, 0.27527497886788743, 0.15330360970719165, 0.32084809082449317], [0.19331470432379064, 0.27642746696922016, 0.14296198463637383, 0.38729584407061557], [0.20420356231033027, 0.2413558781806826, 0.1803993178886399, 0.3740412416203473], [0.28145146344782346, 0.2596533857221581, 0.1625374568409356, 0.29635769398908285], [0.20319274541800922, 0.3026265759337463, 0.2088686868883984, 0.2853119917598461], [0.21524382496006994, 0.2602384401011607, 0.19467077181704126, 0.32984696312172807], [0.2201216618830845, 0.335450258619845, 0.15092411686664498, 0.2935039626304256], [0.2690625312306402, 0.25762607667954945, 0.18044996730114546, 0.2928614247886653], [0.2092123799976394, 0.33986134271595647, 0.1860369436888226, 0.26488933359758193], [0.20370435615286428, 0.27555904409048254, 0.2003931896334184, 0.32034341012323514], [0.24143274359119218, 0.3068308693960444, 0.202830020763117, 0.24890636624964652], [0.23487365992734963, 0.24963730452432298, 0.18181975172690032, 0.33366928382142735], [0.28017137964908756, 0.3304220743795469, 0.1432169085486044, 0.24618963742276145], [0.19548166022398203, 0.30871954636598314, 0.19087200570706608, 0.3049267877029688], [0.219107555133677, 0.26307572744568997, 0.204085249019595, 0.3137314684010382], [0.2845530416284823, 0.20651614398037768, 0.17839387568994727, 0.33053693870119305], [0.2178280417926024, 0.29336055531709115, 0.15697390613572965, 0.3318374967545774], [0.20464363256072704, 0.31756742026464135, 0.1678028988949561, 0.30998604827967596], [0.24124279648146105, 0.2893561082573978, 0.19880429597448435, 0.2705967992866571], [0.22731360435417122, 0.26853221996669324, 0.18251373064642248, 0.32164044503271316], [0.2539012966992672, 0.2524071772255028, 0.1766174436599133, 0.317074082415317], [0.2032134874780689, 0.3112765350144549, 0.19684851366603393, 0.28866146384144203], [0.2468481284112662, 0.3145966276556714, 0.21018418142915254, 0.22837106250391026], [0.17988253675152327, 0.32440937194648223, 0.19619536793162465, 0.29951272337037005], [0.2169204882670837, 0.31456897590405564, 0.17733954059972543, 0.2911709952291349], [0.16956538210745173, 0.33378570092079396, 0.2016380719702806, 0.29501084500147384], [0.2059360879765721, 0.35201609086393887, 0.18836722337005982, 0.25368059778942925], [0.2677166918573858, 0.2905326563858106, 0.21973565157878375, 0.2220150001780202], [0.29184630550658675, 0.17642926443497778, 0.1777042383432632, 0.3540201917151724], [0.23737872185105677, 0.2509900477731345, 0.20865370140723558, 0.3029775289685735], [0.18716647344863546, 0.28569186506021976, 0.1974657979481624, 0.3296758635429822], [0.2325861749823854, 0.2903639801715616, 0.1863858313297768, 0.29066401351627635], [0.2715398007035457, 0.272843246283621, 0.1485535725892778, 0.3070633804235557], [0.20334794154853675, 0.32369720549340647, 0.19094147470981734, 0.28201337824823985], [0.2217068689411726, 0.2585265807912537, 0.242955933576617, 0.27681061669095686], [0.2795740995974368, 0.2602087348978402, 0.17433125902250576, 0.2858859064822173], [0.20341672822416645, 0.34185032424351647, 0.19703598895675883, 0.2576969585755583], [0.261290648813023, 0.3103419998611427, 0.16314581054063826, 0.26522154078519633], [0.1881117212145808, 0.3106413755694635, 0.1667628258375135, 0.33448407737844255], [0.2075976447854146, 0.30342077965593395, 0.2008187991222047, 0.28816277643644705], [0.2611158342364265, 0.2882426236322328, 0.16421050795754416, 0.28643103417379684], [0.26039025777911323, 0.3125708733355282, 0.17188145499416815, 0.25515741389119084], [0.21506887409951114, 0.2941855769984684, 0.17788054002892312, 0.3128650088730974], [0.2085800303770428, 0.3007634443509123, 0.20453062853873902, 0.2861258967333064], [0.2240243095062801, 0.3199547409191189, 0.19432387081484115, 0.2616970787597602], [0.22595172764456747, 0.2134672045037383, 0.17698919636082247, 0.38359187149087176], [0.1847913272893485, 0.3364958794596267, 0.19489558056763914, 0.2838172126833859], [0.2739774158477392, 0.2160020546720346, 0.21886267261846662, 0.29115785686175993], [0.19715447988575782, 0.3480209373386843, 0.17592287941545245, 0.27890170336010556], [0.22388241447809593, 0.29688388047167374, 0.19110561660797085, 0.2881280884422596], [0.2189781668683214, 0.24706462163961013, 0.2029785629627696, 0.3309786485292989], [0.22226167815091605, 0.3827679298958892, 0.14148119348814805, 0.253489198465047], [0.2534419863495854, 0.27106765525468984, 0.1498028602928037, 0.32568749810292136], [0.2466860290819611, 0.2981927214819524, 0.15211015718913873, 0.30301109224694805], [0.24096667227636903, 0.286284491122969, 0.20848678758565328, 0.26426204901500916], [0.265319348047712, 0.3333843057689716, 0.16937379904804045, 0.23192254713527588], [0.26844456284188284, 0.2428444299915054, 0.17079906474899031, 0.3179119424176218], [0.24132793056358054, 0.27479925758391044, 0.18324761014151272, 0.30062520171099627], [0.24557202875799808, 0.23164751568446407, 0.17628704819443536, 0.34649340736310286], [0.2324312969394792, 0.298776292930907, 0.13303175318800228, 0.3357606569416119], [0.23764084950367928, 0.2907629790414445, 0.16747745482266851, 0.30411871663220796], [0.24427226857099205, 0.3175152416554918, 0.19196397926356962, 0.2462485105099469], [0.2180351809750623, 0.31498494292141654, 0.16655488465444235, 0.3004249914490791], [0.2599784490294929, 0.2636961207311229, 0.1832116426490261, 0.29311378759035805], [0.24986169910761402, 0.30676815472397556, 0.19775847485786943, 0.2456116713105411], [0.28889862083014356, 0.2780506977057789, 0.19079330588647558, 0.24225737557760235], [0.24639415501148582, 0.2849526991902615, 0.19215354294441608, 0.27649960285383657], [0.22821680073871464, 0.2816262399769424, 0.20011947269954963, 0.2900374865847936], [0.24422241613566328, 0.2792756327198412, 0.1995837960142064, 0.2769181551302896], [0.21456200602545183, 0.31213196525043024, 0.19583539172269065, 0.2774706370014279], [0.2939060223065964, 0.25984417528802173, 0.16220490981315858, 0.2840448925922234], [0.23052845409161163, 0.17932882526497057, 0.1819194651930831, 0.40822325545033494], [0.2439786645651763, 0.2785091143397849, 0.16604666785098404, 0.311465553244055], [0.22704899922043417, 0.2651493914620828, 0.19083171372713, 0.3169698955903532], [0.21444124666110967, 0.32865922612178095, 0.1671104665564864, 0.2897890606606228], [0.2276484813145067, 0.35141918671139566, 0.18490810037888936, 0.23602423159520872], [0.2555248487262091, 0.22382379791208212, 0.21423959011619842, 0.30641176324551056], [0.2286060477111605, 0.32701267178087784, 0.1846709818417358, 0.25971029866622614], [0.3355423505434539, 0.2629541837978245, 0.14227646309916173, 0.25922700255956], [0.23657330892744416, 0.3172353055037853, 0.15116007215334695, 0.2950313134154238], [0.2221254647040826, 0.29592870926741266, 0.18339191084000533, 0.2985539151884998], [0.21692816299133996, 0.3219394740609748, 0.17875201888641806, 0.2823803440612678], [0.17993019702497026, 0.20817611971317995, 0.18571013861486874, 0.42618354464698105], [0.19971017597038065, 0.34703233832620156, 0.1972665845049465, 0.2559909011984717], [0.27485245247022666, 0.2857496911341682, 0.17859885023349953, 0.2607990061621061], [0.23704128427435023, 0.2792915676302002, 0.1782107738663719, 0.30545637422907773], [0.25556280681455834, 0.2876936548751708, 0.13327509302167023, 0.3234684452886005], [0.1933075410333759, 0.30832769275163174, 0.218118488532435, 0.28024627768255744], [0.2744921708180661, 0.2717574024960327, 0.13467290382706498, 0.3190775228588363], [0.20146958153852906, 0.3447085894346621, 0.1850026961428629, 0.26881913288394604], [0.2247901859835304, 0.2337665974565692, 0.18373061597872534, 0.3577126005811751], [0.19235824883540334, 0.29787577099851154, 0.20094600112327538, 0.3088199790428102], [0.2689479149942994, 0.3057989642888943, 0.16834550210680796, 0.2569076186099986], [0.22427875376440462, 0.3023571673234752, 0.16825346283953305, 0.3051106160725873], [0.272854750157766, 0.2819791750805631, 0.1867681540438071, 0.25839792071786366], [0.23390295790808277, 0.2772647269106366, 0.21151492523945606, 0.27731738994182475], [0.22353000834092035, 0.2577749932703712, 0.172669003698557, 0.3460259946901517], [0.23580638052993266, 0.29706081934430595, 0.18152137990468353, 0.285611420221078], [0.2569148216003267, 0.24132375353091773, 0.1718782834296467, 0.32988314143910896], [0.22136999900047175, 0.2633670518770251, 0.20076245676670962, 0.3145004923557942], [0.18927815043547927, 0.30764257557614755, 0.2169041330053825, 0.2861751409829907], [0.23985706848390698, 0.26839975051991094, 0.16801889000074202, 0.32372429099544053], [0.2665281522889832, 0.29323975646630834, 0.18162784093496953, 0.2586042503097391], [0.28063583290192545, 0.30770549062834435, 0.17962503663252094, 0.23203363983720987], [0.20933599539033687, 0.32638401053229343, 0.2006426175782688, 0.26363737649910124], [0.21479926088158702, 0.27070833653245857, 0.21777332214029121, 0.29671908044566364], [0.19788663997204925, 0.33292644046748, 0.1846395847558902, 0.28454733480458044], [0.19158465075992834, 0.29101565106744076, 0.18667118172468183, 0.3307285164479492], [0.20687987491283227, 0.3248268918790453, 0.18755645410032826, 0.28073677910779427], [0.2033314401412424, 0.28885898287754563, 0.23443562305023594, 0.27337395393097597], [0.2630402848087891, 0.25006200321671757, 0.2208021170365794, 0.266095594937914], [0.20681926797256903, 0.30094158711271546, 0.1894724972487345, 0.302766647665981], [0.25897927937633786, 0.2885943802317592, 0.16462232158381632, 0.28780401880808665]]}, "rewritten": {"ids": ["97106820", "97107260", "97107821", "97107920", "97109570", "97116410", "97116500", "97116790", "97118210", "98110680", "98110710", "98111860", "98112580", "98116090", "98120530", "98121790", "99107500", "99107560", "99108000", "99108310", "99108710", "99108890", "99109840", "99111000", "99111620", "99112840", "100108580", "100109890", "100111390", "101108460", "101111210", "101114990", "102109010", "102109850", "102110890", "102112250", "103110760", "103111620", "103112470", "103113640", "103117461", "104109311", "104111780", "104111990", "104113000", "104113550", "104114320", "104116800", "105113260", "105113480", "105114220", "105116441", "105116501", "105116980", "105117200", "105117431", "105118740", "105119550", "105120621", "105121190", "105121370", "106113170", "106113190", "106114880", "106118161", "106121220", "107112840", "107113130", "107113180", "107113260", "107113550", "107115140", "107115250", "107118780", "107119950", "108113480", "108113620", "108114040", "108114180", "108114200", "108114670", "108115070", "108115500", "108115970", "108120280", "108121190", "109114220", "109114270", "109114720", "109116040", "109117080", "109117110", "109119460", "109120150", "110114950", "110115120", "110115710", "110115890", "110115980", "110116300", "110117080", "110117870", "110120531", "110120700", "110121720", "111115770", "111116090", "111116100", "111117480", "111119300", "111119610", "111121190", "111121410", "112116540", "112116640", "112117030", "112117431", "112117580", "112117780", "112118161", "112118421", "112118511", "112118620", "112118810", "112119500", "112119610", "112120630", "112120700", "112121030", "112121360", "112121430", "113117550", "113118490", "113118620", "113118820", "113119480", "113119700", "113119950", "113120531", "113121410", "113122120", "113122230"], "labels": [1, 2, 2, 0, 0, 3, 2, 2, 2, 2, 2, 0, 2, 0, 1, 2, 0, 1, 2, 2, 2, 0, 2, 2, 3, 2, 0, 3, 2, 0, 2, 3, 1, 1, 0, 0, 1, 0, 1, 1, 0, 3, 3, 2, 1, 1, 2, 1, 3, 0, 3, 1, 1, 0, 3, 1, 1, 1, 1, 2, 2, 0, 0, 0, 3, 1, 1, 1, 3, 0, 0, 0, 2, 1, 3, 0, 3, 0, 1, 0, 3, 1, 3, 2, 3, 1, 3, 3, 0, 0, 1, 1, 1, 2, 0, 0, 2, 2, 1, 3, 1, 3, 0, 2, 3, 3, 3, 3, 1, 1, 2, 1, 0, 1, 0, 2, 0, 0, 0, 0, 3, 1, 3, 3, 2, 0, 3, 2, 0, 3, 2, 3, 1, 3, 0, 3, 0, 0, 0, 0, 1, 1], "predicted_labels": [1, 3, 1, 3, 3, 1, 1, 1, 1, 1, 1, 1, 1, 1, 3, 1, 1, 1, 1, 1, 1, 1, 3, 1, 1, 1, 1, 1, 0, 1, 3, 1, 3, 1, 3, 3, 0, 1, 3, 0, 1, 3, 3, 1, 3, 0, 1, 3, 1, 3, 1, 1, 1, 3, 3, 1, 1, 1, 3, 3, 3, 1, 3, 1, 1, 3, 1, 1, 1, 1, 1, 3, 1, 3, 3, 3, 3, 3, 3, 1, 1, 1, 3, 3, 3, 1, 1, 3, 3, 3, 3, 3, 3, 3, 3, 3, 3, 3, 3, 3, 3, 1, 3, 1, 3, 3, 3, 1, 3, 3, 1, 3, 1, 3, 3, 3, 1, 1, 1, 3, 1, 3, 1, 3, 3, 3, 1, 1, 3, 0, 1, 3, 3, 3, 3, 3, 1, 0, 3, 3, 1, 1], "confidence_scores": [[0.23115262788463692, 0.3047221975128833, 0.1880250623200691, 0.27610011228241105], [0.16234993918259477, 0.297345677163866, 0.18238051270883035, 0.35792387094470907], [0.2378249990350448, 0.31777261339326185, 0.1576868958618083, 0.2867154917098852], [0.283740081772964, 0.20557088495468834, 0.19508611682436694, 0.3156029164479813], [0.23956088092834454, 0.26035804867518314, 0.18133896997482052, 0.31874210042165213], [0.19752313488109835, 0.34713207613738734, 0.1990197951111279, 0.2563249938703865], [0.21489935154517528, 0.328726951147168, 0.19506796073925542, 0.2613057365684012], [0.23893392706548489, 0.2996025378389958, 0.19382004096724115, 0.26764349412827837], [0.25754381670436033, 0.27084760911783934, 0.21035208111319517, 0.2612564930646054], [0.23387900434851006, 0.3136210422351818, 0.1965329940022295, 0.2559669594140791], [0.2237929381467769, 0.32778700076555456, 0.18352735829168904, 0.26489270279597954], [0.24605044586225222, 0.335869025104014, 0.18970202534546968, 0.22837850368826426], [0.2386557151518325, 0.29561873193646676, 0.17582952477018038, 0.2898960281415207], [0.26777541849911723, 0.32230313669100186, 0.15264152638073977, 0.257279918429141], [0.2463123611995074, 0.2680345591236773, 0.18440450773585865, 0.3012485719409567], [0.2133043935649858, 0.35713922858682634, 0.16802598505624813, 0.2615303927919399], [0.19714527332704745, 0.3316582843639603, 0.1565431371426789, 0.3146533051663131], [0.21822640645828018, 0.36371655043427414, 0.1575723866039406, 0.26048465650350544], [0.20574192113439638, 0.36056873947476104, 0.16928047561138157, 0.26440886377946127], [0.24680313871192783, 0.3221179092942274, 0.1781589864079245, 0.2529199655859206], [0.22721786429631657, 0.31043364436231, 0.19109699160171112, 0.27125149973966234], [0.21984766229291414, 0.32954912354887445, 0.18221165088577135, 0.2683915632724399], [0.22419645435641375, 0.2613278691013528, 0.18130919902292886, 0.3331664775193051], [0.22301794839141573, 0.3509162442071127, 0.20316992538045173, 0.22289588202102004], [0.2573988475461885, 0.2968771229890891, 0.19620343784480623, 0.2495205916199167], [0.20891302736152864, 0.3604600672801084, 0.15982823882535976, 0.27079866653300294], [0.21891184582396966, 0.3102216500862092, 0.2296017363191915, 0.2412647677706299], [0.2467566260489792, 0.2937975315313393, 0.17588798018176807, 0.28355786223791396], [0.2839713979662712, 0.28139712444457154, 0.1757977635929618, 0.25883371399619576], [0.2762385958303355, 0.28564868426407725, 0.19146318595391346, 0.246649533951674], [0.24522855069413796, 0.2513042830640304, 0.18390164216177707, 0.3195655240800548], [0.1998586844190375, 0.30687154249998166, 0.19196975010116948, 0.3013000229798115], [0.2435017778786626, 0.2725386558926933, 0.17455442077405545, 0.30940514545458886], [0.24631902571856829, 0.34752012853051095, 0.19056696733364162, 0.21559387841727937], [0.1853693432212402, 0.25365451945160045, 0.20370933741163663, 0.3572667999155232], [0.22998733138785962, 0.2695296275663467, 0.20302455141251916, 0.29745848963327515], [0.2732808750771743, 0.2686326579657667, 0.1857940206201665, 0.27229244633689265], [0.24971593744336112, 0.34503580848974175, 0.17504744432027108, 0.23020080974662602], [0.2302873531599835, 0.2905249977854991, 0.17395693285927818, 0.3052307161952392], [0.3029457394787169, 0.22831893515814075, 0.1710335663059867, 0.29770175905715585], [0.23239887814946086, 0.30781531453192457, 0.15371933511394115, 0.30606647220467315], [0.2864426189104877, 0.2529550472975119, 0.14859857987070135, 0.312003753921299], [0.2160345771094769, 0.2974970118940883, 0.16329169575949853, 0.32317671523693625], [0.2358645634241002, 0.3260266856934001, 0.1913326828974486, 0.24677606798505125], [0.24443447320095757, 0.23894867027188288, 0.15658283346585253, 0.36003402306130705], [0.2888774439521759, 0.2570543250254285, 0.17431688700365053, 0.27975134401874546], [0.23134552063836689, 0.3455777868355393, 0.1948472520793479, 0.22822944044674573], [0.23010905788963965, 0.2658943616254112, 0.17607811802373063, 0.3279184624612185], [0.2240820281305207, 0.3041529518349269, 0.17898827861439157, 0.292776741420161], [0.19873360077116722, 0.29181027046167435, 0.17691298249263085, 0.3325431462745276], [0.2727957693100216, 0.31922411913291515, 0.1520935772538417, 0.2558865343032217], [0.2070087388219781, 0.3133372668715725, 0.17370325000133593, 0.3059507443051139], [0.2587822529748104, 0.284042704421176, 0.18031737557265387, 0.27685766703135967], [0.2589296547365715, 0.23959360440565985, 0.1922233368072501, 0.3092534040505189], [0.21507960686685854, 0.29260871152063245, 0.19070552627746512, 0.3016061553350444], [0.19338693009963187, 0.2912840824636446, 0.22603148762324246, 0.2892974998134815], [0.2015008607006986, 0.30941561654153815, 0.17971771342875842, 0.3093658093290051], [0.22158555699649746, 0.29985227477878035, 0.1801496193735074, 0.29841254885121504], [0.20198791917036454, 0.24479494830138307, 0.13847053639667206, 0.4147465961315806], [0.19381825437483444, 0.2969566668256659, 0.20428154830133194, 0.3049435304981676], [0.19992064747972182, 0.2977981142541259, 0.1941017440321542, 0.3081794942339986], [0.23685256257869805, 0.30199152120229306, 0.1698673306259036, 0.2912885855931056], [0.2225181424246372, 0.29001282408798595, 0.15987548642296498, 0.3275935470644119], [0.21271092881593437, 0.35003341862102544, 0.1909010766686595, 0.246354575894381], [0.261007093748068, 0.3141730739665606, 0.1668164001747971, 0.2580034321105744], [0.22802291313349704, 0.2889922749831763, 0.18542425952903263, 0.29756055235429396], [0.24831862713738037, 0.3033629202015165, 0.1970283298716658, 0.2512901227894378], [0.2395813768246391, 0.31001154805170744, 0.18960854182845277, 0.26079853329520053], [0.2614288059407175, 0.2832096212662096, 0.19697862656197457, 0.2583829462310986], [0.21392377166925772, 0.3332100402497916, 0.1741571776286693, 0.2787090104522811], [0.22024111481306605, 0.27471871055243324, 0.2355659360481184, 0.2694742385863827], [0.2049945653401435, 0.22360232639912045, 0.20995750642110755, 0.36144560183962865], [0.24154640267371125, 0.31340905406201686, 0.17687101663562907, 0.26817352662864313], [0.24168605749917083, 0.24632538148295144, 0.1916729068615112, 0.3203156541563669], [0.19489556686774465, 0.2957273843461813, 0.18955165502999377, 0.3198253937560805], [0.23845547092197006, 0.2814528945506243, 0.17885068077852181, 0.30124095374888404], [0.2098370980012422, 0.2924792877664027, 0.17111646723590476, 0.32656714699645045], [0.19903533956706806, 0.2801409916365732, 0.15690351053551577, 0.3639201582608434], [0.22286303733374194, 0.2468584353386073, 0.16196065446421815, 0.36831787286343254], [0.27781419211060276, 0.28740713014235464, 0.17423303738148088, 0.26054564036556166], [0.24127420691014048, 0.29437352490986196, 0.18309565556240345, 0.28125661261759444], [0.274271296862766, 0.2949752616772227, 0.19058253856135546, 0.24017090289865603], [0.20351615795940295, 0.28640192235939965, 0.1780750623401941, 0.33200685734100366], [0.2231273681796474, 0.28870727539719243, 0.15172895204235207, 0.33643640438080835], [0.25336458825482266, 0.2617249410175813, 0.20950110558114257, 0.2754093651464535], [0.21251924539721642, 0.3044864769194289, 0.18891685115836832, 0.2940774265249864], [0.21160995686146666, 0.33212404449374716, 0.17758149517198385, 0.27868450347280205], [0.2626901460734585, 0.2553510684401805, 0.18443858966257853, 0.2975201958237828], [0.21747166442032653, 0.2794867256715879, 0.20184872110930482, 0.30119288879878053], [0.22778199250143855, 0.3015878152508284, 0.15605104526047486, 0.3145791469872585], [0.19060115639534317, 0.3099709935260867, 0.1741349347656163, 0.3252929153129536], [0.21761227645148187, 0.2706635284625153, 0.15577015729403637, 0.3559540377919668], [0.24163698237296244, 0.2615111508396747, 0.16173095798147313, 0.33512090880589], [0.23737122967958602, 0.26585079781318904, 0.19744483026068613, 0.299333142246539], [0.2324456030691156, 0.26916668212429845, 0.16291630461609274, 0.3354714101904933], [0.20869286629245423, 0.2915754894411339, 0.176577269428544, 0.323154374837868], [0.21435306082835348, 0.27322322364405643, 0.18825087094025256, 0.3241728445873378], [0.20438039840838768, 0.2848522939153567, 0.19702055418059394, 0.31374675349566206], [0.243616262294012, 0.286651254596028, 0.15615009346290679, 0.31358238964705365], [0.21263045497440816, 0.2805265935302767, 0.192445363734752, 0.3143975877605631], [0.2100956960432458, 0.2651606991490213, 0.18483807977400293, 0.33990552503373006], [0.20809886397379113, 0.3301151965055846, 0.17977231729830434, 0.2820136222223199], [0.27455267515984144, 0.27744190191259616, 0.155076110347943, 0.29292931257961985], [0.22550306291089187, 0.30853303941046023, 0.17587148745236056, 0.29009241022628784], [0.23703250717349406, 0.27994176466863074, 0.19867078557887666, 0.28435494257899846], [0.20660348914859822, 0.30520349874596187, 0.1521948930855716, 0.3359981190198684], [0.275004960038337, 0.26038644646707765, 0.15439104316985142, 0.31021755032473425], [0.2650479492973845, 0.30863117533212925, 0.16186136151482983, 0.26445951385565675], [0.20261901969334017, 0.27488347265271834, 0.1640834345748068, 0.35841407307913464], [0.2137222987888951, 0.30412503482522313, 0.16734956278743301, 0.31480310359844915], [0.1925695533782094, 0.359711846823302, 0.20225615536091998, 0.24546244443756918], [0.2407038354454121, 0.2853584072633218, 0.17125257222874754, 0.30268518506251846], [0.23040306652411313, 0.3057286560299504, 0.15893228349851046, 0.304935993947426], [0.24914465318331663, 0.25707946735027015, 0.13572919194561972, 0.35804668752079366], [0.20850391652238304, 0.27482714518838514, 0.16434097325736835, 0.35232796503186403], [0.22077883498485207, 0.28489453300815887, 0.1686005810704425, 0.3257260509365468], [0.21991111038978808, 0.302658699263662, 0.18281543713204826, 0.29461475321450203], [0.2399147058837922, 0.32371457875097, 0.14968324660368212, 0.2866874687615559], [0.28142635843703573, 0.28988021087868093, 0.1776358773983602, 0.25105755328592333], [0.27278562420649266, 0.26929733528361205, 0.1595979762564471, 0.2983190642534484], [0.2356470589630868, 0.3264524609987509, 0.15213560045037952, 0.2857648795877828], [0.2575887291640711, 0.2744871715363542, 0.16706527839164995, 0.30085882090792476], [0.26541724625494223, 0.310223729321583, 0.1197060957373218, 0.3046529286861532], [0.22976866892166278, 0.2744115083947664, 0.18249506149603129, 0.3133247611875396], [0.21000593034400505, 0.28501773334310093, 0.20727619349892062, 0.2977001428139736], [0.24869193872167553, 0.28100532561360336, 0.18430186129913959, 0.28600087436558147], [0.23367758624428372, 0.3047928154290116, 0.1625451567608997, 0.2989844415658047], [0.19054687572411952, 0.3195540844657881, 0.17477757044014938, 0.3151214693699429], [0.28125929057349913, 0.23820130911150572, 0.19565998099536092, 0.28487941931963484], [0.2997074733415661, 0.288998571166494, 0.1774273334210846, 0.2338666220708558], [0.24210806256938858, 0.3029786400592664, 0.1681709506066934, 0.28674234676465166], [0.2364467218395474, 0.25977582916984643, 0.1710687832393987, 0.3327086657512079], [0.24325186652216618, 0.2516778250625243, 0.20552950862638972, 0.29954079978892006], [0.24870007823032939, 0.2672842291439372, 0.15605054337212873, 0.32796514925360487], [0.26582856152665224, 0.27994153216892237, 0.15344593953487362, 0.3007839667695517], [0.2355944500306644, 0.2865977097385936, 0.15259993767176738, 0.3252079025589749], [0.21798485619837152, 0.31970764903514676, 0.19779706001351907, 0.2645104347529628], [0.28322489412209945, 0.26150635534595446, 0.1732363767271656, 0.2820323738047811], [0.21914098258618617, 0.2682726968923256, 0.18840486043263222, 0.32418146008885634], [0.2660179963948436, 0.2937149773925451, 0.13455034927009885, 0.30571667694251276], [0.2591651177616144, 0.28665128787220845, 0.1904292330084764, 0.2637543613577011], [0.23310483991876818, 0.2939512862673226, 0.20649999130348096, 0.26644388251042833]]}}