{"test": {"ids": ["110118301", "107112850", "112118820", "106112770", "106113170", "108114220", "99109910", "97113260", "108120280", "100111380", "109120150", "103111540", "112121351", "112120540", "112117660", "98107010", "108115250", "107120130", "103118110", "111117480", "102113210", "101112201", "99109780", "112116810", "101108290", "111116530", "109121351", "108115870", "98106880", "105115720", "97106770", "107116340", "102108621", "109119591", "97112300", "99109311", "111116990", "98110710", "97110950", "106121220", "104113000", "113122220", "102116340", "102112250", "105116860", "100111620", "113118690", "107121700", "98108410", "111121930", "99110050", "109117630", "97111790", "104118070", "111120190", "112117431", "107116501", "99108330", "101113210", "107121230", "104114240", "106117650", "103120780", "98106560", "112121410", "98109090", "113122170", "110115580", "100110050", "108121190", "105115380", "106113830", "98108370", "111120591", "104116800", "106118301", "98110680", "111117120", "105116501", "104111830", "103111990", "110118161", "101109120", "103111110", "109117730", "111116290", "108113480", "102110850", "107119950", "99109860", "109115220", "113122150", "111115780", "105113260", "105120280", "105113480", "107112840", "108115880", "111117200", "100108080", "113118421", "110117200", "104113190", "97107040", "102109840", "110120560", "100113210", "112119580", "111116411", "105116441", "111116010", "112116610", "108117451", "107113360", "111115400", "99108010", "111121351", "100110260", "107113180", "100109910", "105117351", "97105580", "100112060", "111119930", "112116451", "108114180", "112117210", "98116500", "110121450", "108116501", "97113900", "103113210", "106120290", "103110220", "108120621", "109113881", "110121500", "108121160", "100108580", "104112470", "111116090", "106111321"], "labels": [1, 1, 0, 1, 0, 3, 2, 1, 3, 3, 2, 1, 0, 3, 0, 3, 1, 2, 2, 1, 3, 0, 2, 3, 0, 3, 0, 3, 0, 1, 3, 3, 3, 0, 2, 1, 0, 2, 3, 1, 1, 1, 3, 0, 2, 3, 3, 3, 1, 1, 3, 0, 2, 2, 3, 0, 1, 1, 3, 0, 0, 1, 1, 1, 0, 1, 1, 1, 3, 1, 1, 1, 1, 1, 1, 1, 2, 2, 1, 3, 2, 0, 1, 3, 3, 2, 0, 3, 3, 2, 3, 2, 1, 3, 3, 0, 1, 3, 0, 0, 3, 3, 3, 2, 2, 0, 0, 3, 0, 1, 1, 1, 2, 0, 0, 2, 0, 3, 3, 2, 0, 1, 2, 1, 0, 1, 1, 2, 3, 0, 2, 3, 2, 2, 1, 0, 3, 2, 0, 1, 3, 0], "predicted_labels": [1, 0, 3, 1, 3, 0, 1, 3, 0, 1, 3, 3, 0, 2, 0, 3, 1, 3, 1, 1, 3, 2, 1, 2, 0, 1, 0, 3, 3, 3, 2, 3, 0, 3, 3, 1, 3, 2, 3, 1, 3, 1, 1, 3, 0, 0, 3, 1, 3, 3, 3, 1, 0, 1, 0, 3, 1, 0, 0, 1, 2, 1, 3, 2, 0, 0, 2, 3, 1, 1, 3, 3, 0, 0, 1, 0, 0, 1, 0, 3, 2, 0, 3, 0, 0, 0, 1, 3, 0, 1, 3, 1, 1, 1, 1, 3, 1, 1, 0, 2, 0, 3, 2, 3, 3, 1, 1, 3, 3, 1, 1, 1, 0, 0, 3, 1, 0, 1, 2, 0, 1, 1, 1, 3, 0, 1, 0, 0, 1, 3, 3, 3, 1, 0, 0, 0, 0, 0, 3, 1, 0, 3], "confidence_scores": [[0.12048565490568224, 0.4286403426025521, 0.05393067464112205, 0.3969433278506437], [0.3810006858356441, 0.2799492596175165, 0.14516586873131376, 0.19388418581552572], [0.14457403096312152, 0.19240931877461168, 0.21275781419188844, 0.45025883607037837], [0.09949468657606433, 0.46675130135766035, 0.17408126048592262, 0.2596727515803527], [0.1702457327445818, 0.27353916134877204, 0.20357684947728094, 0.3526382564293654], [0.3840692438006268, 0.15179495359487882, 0.18167098242812546, 0.28246482017636904], [0.333848341815908, 0.3493263865862959, 0.1702631338196692, 0.14656213777812696], [0.20907296534216166, 0.3010711789701815, 0.16333589237909468, 0.32651996330856226], [0.40421183393817905, 0.13198095168579266, 0.3193592404768315, 0.14444797389919684], [0.19516112361336824, 0.45475534470967766, 0.18336318282847225, 0.16672034884848191], [0.11754285274789733, 0.19316367779898025, 0.10320567644014818, 0.5860877930129742], [0.25247353909973164, 0.23567014901338362, 0.13380209177137298, 0.37805422011551176], [0.588558305847521, 0.16033269812037315, 0.10372575104727585, 0.14738324498483005], [0.1664751847423898, 0.2154340437221262, 0.346248345713099, 0.27184242582238505], [0.33399060026398586, 0.22266291812570038, 0.12593631755579818, 0.31741016405451544], [0.18824015074112507, 0.28679551306260137, 0.11978023268130601, 0.4051841035149676], [0.18316674019450124, 0.5066818110227074, 0.1586888189170249, 0.15146262986576658], [0.24928607920589435, 0.25946655913024447, 0.12831074359154637, 0.36293661807231475], [0.21773425826147846, 0.3440856490965351, 0.20091248254520847, 0.237267610096778], [0.17735211150971109, 0.4436376448079439, 0.16437161405472298, 0.21463862962762198], [0.24743512632939313, 0.21986899578173816, 0.207909117324502, 0.32478676056436667], [0.18154038119613347, 0.2144940652211931, 0.35808416700760626, 0.24588138657506745], [0.13024163921600995, 0.38742149952409255, 0.24465522373448023, 0.2376816375254173], [0.12180806938067143, 0.22649238680826847, 0.44467578424281906, 0.20702375956824093], [0.37206362234016516, 0.2913172351424963, 0.12579385449227767, 0.2108252880250609], [0.2052498165713755, 0.40150376369926727, 0.09992403207330876, 0.29332238765604834], [0.4047444456532968, 0.34504775521917325, 0.09026410426273843, 0.15994369486479174], [0.2504997176123329, 0.17854629947008357, 0.2138955771690718, 0.3570584057485117], [0.06579545838541895, 0.21516991921892756, 0.13841222322747398, 0.5806223991681796], [0.05490795534010776, 0.2798460205976383, 0.21523359801633565, 0.4500124260459182], [0.12847950230707356, 0.25411770709985404, 0.36811636481026, 0.24928642578281246], [0.09730503056658238, 0.344624042540253, 0.1819601777606554, 0.37611074913250925], [0.3823799333706278, 0.20007564446639484, 0.09202632471117667, 0.32551809745180077], [0.19005275985042525, 0.2673987466411603, 0.2628211467385242, 0.2797273467698902], [0.19211890184940883, 0.16554698814818042, 0.25757959047869944, 0.3847545195237115], [0.14367962894456682, 0.3610694477578173, 0.23916839565748377, 0.2560825276401324], [0.29206371371149265, 0.2851013358734186, 0.08309260232199568, 0.33974234809309295], [0.16300765478411777, 0.15346515902909907, 0.5543771404282469, 0.1291500457585362], [0.2494389727290284, 0.22058106833077257, 0.21573439541457176, 0.3142455635256274], [0.13951329336136548, 0.391490869486984, 0.17841215222324633, 0.29058368492840414], [0.18690290640905594, 0.30963989441221257, 0.12206094316842077, 0.3813962560103108], [0.0715843370064008, 0.3920830944827788, 0.3200059603011204, 0.21632660820970004], [0.1388870476633583, 0.33943845212312046, 0.22278483966832704, 0.2988896605451942], [0.15403961181745401, 0.1281120632408606, 0.09599087817181812, 0.6218574467698672], [0.46317944693355256, 0.2501646209070374, 0.1326752153489948, 0.15398071681041528], [0.4609021660995578, 0.18669616559188715, 0.08526269354584474, 0.2671389747627102], [0.13500761187337287, 0.297303673403626, 0.13721464893921534, 0.43047406578378594], [0.13441403194823257, 0.37746182726368477, 0.19561870144808985, 0.2925054393399926], [0.20417326195108795, 0.20434545473134494, 0.19157657163799455, 0.3999047116795727], [0.28555497271167024, 0.25274545970825774, 0.09778280087143164, 0.36391676670864054], [0.2622139653578238, 0.2500662898855026, 0.19481941924424795, 0.2929003255124257], [0.29967687189406583, 0.3440995032999962, 0.23093507111768774, 0.12528855368825018], [0.2991137654459853, 0.2873943669894318, 0.1515050828705985, 0.26198678469398445], [0.2248234467896086, 0.26590136968644745, 0.25425626807039714, 0.2550189154535468], [0.5352901413450221, 0.1662614404455308, 0.0827435540283219, 0.21570486418112525], [0.2838986091452787, 0.30562905419915454, 0.05038731060304014, 0.3600850260525269], [0.29372238549176843, 0.3715561207510951, 0.13033298930144996, 0.20438850445568676], [0.33856068224536595, 0.22643444288396086, 0.19568379639832612, 0.23932107847234732], [0.39264726752520346, 0.2199828182933979, 0.08693869444392331, 0.3004312197374754], [0.26651920305164095, 0.3061001036626745, 0.12633014024543834, 0.30105055304024625], [0.19723624767264875, 0.24361711503463787, 0.3207696367190676, 0.2383770005736458], [0.18712098816992376, 0.35949982308773304, 0.22618799110753762, 0.22719119763480572], [0.22991187792164863, 0.2925966523107235, 0.12076608297323452, 0.3567253867943934], [0.1096219919651444, 0.21236941523253966, 0.47437349389773326, 0.20363509890458278], [0.33462310520183475, 0.17633915235305267, 0.1562497337173584, 0.3327880087277542], [0.46940766181363935, 0.2264600952726632, 0.1238786515727251, 0.18025359134097246], [0.29821861286806883, 0.1442848620629855, 0.4230194520952411, 0.1344770729737046], [0.17266664083452743, 0.08488933497509499, 0.09458112728099798, 0.6478628969093796], [0.1462626790497404, 0.3320602802463536, 0.2509823827879446, 0.27069465791596153], [0.1907451578287472, 0.43026652765906126, 0.17616825345640014, 0.20282006105579128], [0.18694246642619494, 0.2681543178208825, 0.13929696213713397, 0.40560625361578856], [0.24190222123817604, 0.27557569730736, 0.10352745702605892, 0.3789946244284051], [0.2852866268664402, 0.27998721152356165, 0.19310277342852097, 0.2416233881814772], [0.6067712388185704, 0.12702443796475377, 0.10805341891225699, 0.15815090430441875], [0.12111523435555256, 0.32400856714574516, 0.25118689487409923, 0.3036893036246033], [0.5406276266573483, 0.2458228297852694, 0.05132235056843684, 0.1622271929889455], [0.46920382361325025, 0.21152714212625273, 0.08613296432284126, 0.23313606993765576], [0.18485626773844807, 0.37537136090619383, 0.09689392455801349, 0.34287844679734475], [0.5740219783226438, 0.10015930980097243, 0.13250205008786373, 0.19331666178852006], [0.19644417075518425, 0.2679131952092051, 0.13717514465630026, 0.3984674893793105], [0.18087112220366455, 0.27176256895206213, 0.28550158126145103, 0.2618647275828224], [0.5918485208210897, 0.19049925031292492, 0.08777666693188615, 0.12987556193409922], [0.2536537994847086, 0.26626249835397897, 0.1646443192010614, 0.31543938296025115], [0.35002852148813285, 0.159762292940361, 0.21559120975168355, 0.27461797581982256], [0.40857214100976225, 0.1842797963520976, 0.08891199505061392, 0.3182360675875264], [0.3783427035655811, 0.22854334767021273, 0.1102547917780198, 0.28285915698618647], [0.1262564072231312, 0.46027869554143663, 0.17179349675621838, 0.2416714004792141], [0.22475881741223128, 0.2014637334497665, 0.22954985787781873, 0.3442275912601835], [0.2953294565050459, 0.2481619023891869, 0.17405879807599478, 0.28244984302977244], [0.1424577295467907, 0.5113169131649521, 0.1504360721010359, 0.1957892851872213], [0.27212175595980986, 0.2898821661215584, 0.0760819143549489, 0.361914163563683], [0.2144049132124455, 0.44148544507495024, 0.10977611552902714, 0.2343335261835771], [0.11696209844848732, 0.3936130350300986, 0.18794170823467665, 0.30148315828673755], [0.150249166111255, 0.6650926800161135, 0.11054455935586117, 0.07411359451677028], [0.16058788008792704, 0.30286990892760496, 0.2541621506418913, 0.2823800603425768], [0.19672635909899727, 0.3491426737888802, 0.06905819530540876, 0.3850727718067139], [0.18862253201602486, 0.30268821923403344, 0.28887056207293266, 0.2198186866770091], [0.1712198490757211, 0.3930990014028473, 0.08838180736493685, 0.34729934215649483], [0.4355212077858375, 0.2588974881974232, 0.14405024919174078, 0.16153105482499855], [0.211795653321535, 0.19387183140591102, 0.4086862279971192, 0.1856462872754348], [0.3320328357880592, 0.2607150835009469, 0.11550802207806296, 0.2917440586329309], [0.2003533583568605, 0.2171535652317432, 0.13603204651604825, 0.44646102989534814], [0.13230004884430618, 0.20951812279108628, 0.33324953871519514, 0.3249322896494126], [0.24650049913112643, 0.21343832698167858, 0.20060584270735377, 0.33945533117984117], [0.2601667257844721, 0.1519915774132199, 0.19668627850601564, 0.39115541829629247], [0.12806806524549816, 0.49838633086420897, 0.18383075013627737, 0.18971485375401567], [0.25323986612106936, 0.35174270147783754, 0.15010867726773364, 0.2449087551333596], [0.22205601400748232, 0.23631270259096926, 0.09892785739294149, 0.4427034260086069], [0.1624909911244848, 0.34633767022600803, 0.055643643124960875, 0.43552769552454645], [0.30861543647094763, 0.34093945073570114, 0.09467758497037719, 0.255767527822974], [0.1775756272181381, 0.4930493007449723, 0.11183593803453618, 0.2175391340023535], [0.22546466024851586, 0.40472709568946813, 0.15158294579745732, 0.21822529826455858], [0.39557860176783044, 0.2544469435287355, 0.08165128573259328, 0.26832316897084096], [0.42948090451444404, 0.2721793320005199, 0.09622923802380766, 0.20211052546122843], [0.23785338245799864, 0.16166813830643545, 0.1726657612755522, 0.4278127179600137], [0.29598543691414075, 0.3985884853521297, 0.11633778851020521, 0.18908828922352428], [0.41988735901545704, 0.267295420569231, 0.06067402844473335, 0.2521431919705788], [0.2407335172892863, 0.4528792492856036, 0.08637697370658912, 0.22001025971852095], [0.15892606760888386, 0.16356716278388264, 0.40804766920354074, 0.26945910040369275], [0.3508492073386597, 0.17941158832300777, 0.2774564230354835, 0.19228278130284895], [0.3026579922697529, 0.34252778634601255, 0.10336509305748458, 0.25144912832674987], [0.22347085616729304, 0.40279108225021826, 0.1593007301386764, 0.21443733144381225], [0.1665204462073163, 0.34076725382417994, 0.19060209334219758, 0.3021102066263062], [0.2314230747966062, 0.2793967613441969, 0.10418564427385413, 0.38499451958534264], [0.5013730236561399, 0.21108004824661813, 0.0881988808376694, 0.1993480472595725], [0.1880835184126934, 0.4516797872113093, 0.116805036526324, 0.24343165784967338], [0.3481295355996134, 0.1536023904821293, 0.1524917378996376, 0.34577633601861973], [0.3757819428848624, 0.17622834002619486, 0.08490535304031671, 0.36308436404862593], [0.22506548382474334, 0.4279867677174714, 0.16882983127403972, 0.1781179171837456], [0.2913191886508745, 0.29025010808789325, 0.08182277251153963, 0.33660793074969264], [0.257156582866978, 0.24743221196879442, 0.12530919960371648, 0.3701020055605111], [0.19894747533489185, 0.15849844334992572, 0.22787619008336393, 0.4146778912318184], [0.30060093833277773, 0.3051937621655335, 0.15265774680749622, 0.24154755269419267], [0.4244690112182904, 0.1980076767311007, 0.17134847106995338, 0.20617484098065547], [0.32634608023032424, 0.28943020508307044, 0.08504008819480528, 0.29918362649179986], [0.5648383979987361, 0.1720028796036597, 0.10990574831651212, 0.15325297408109204], [0.48170154702253426, 0.20244033510080056, 0.09352385327257891, 0.22233426460408617], [0.501041000153032, 0.20092644449569205, 0.08287639663909625, 0.2151561587121798], [0.22829299391158073, 0.2358477090271386, 0.20273553469992367, 0.33312376236135705], [0.2257239747880804, 0.3237626555070147, 0.14083742926434883, 0.30967594044055613], [0.5272827211360148, 0.2894893353271439, 0.04786830310591645, 0.13535964043092466], [0.13947535836352679, 0.25815955088470127, 0.07540415901072278, 0.5269609317410491]]}, "rewritten": {"ids": ["97105580", "97106770", "97107040", "97110950", "97111790", "97112300", "97113260", "97113900", "98106560", "98106880", "98107010", "98108370", "98108410", "98109090", "98110680", "98110710", "98116500", "99108010", "99108330", "99109311", "99109780", "99109860", "99109910", "99110050", "100108080", "100108580", "100109910", "100110050", "100110260", "100111380", "100111620", "100112060", "100113210", "101108290", "101109120", "101112201", "101113210", "102108621", "102109840", "102110850", "102112250", "102113210", "102116340", "103110220", "103111110", "103111540", "103111990", "103113210", "103118110", "103120780", "104111830", "104112470", "104113000", "104113190", "104114240", "104116800", "104118070", "105113260", "105113480", "105115380", "105115720", "105116441", "105116501", "105116860", "105117351", "105120280", "106111321", "106112770", "106113170", "106113830", "106117650", "106118301", "106120290", "106121220", "107112840", "107112850", "107113180", "107113360", "107116340", "107116501", "107119950", "107120130", "107121230", "107121700", "108113480", "108114180", "108114220", "108115250", "108115870", "108115880", "108116501", "108117451", "108120280", "108120621", "108121160", "108121190", "109113881", "109115220", "109117630", "109117730", "109119591", "109120150", "109121351", "110115580", "110117200", "110118161", "110118301", "110120560", "110121450", "110121500", "111115400", "111115780", "111116010", "111116090", "111116290", "111116411", "111116530", "111116990", "111117120", "111117200", "111117480", "111119930", "111120190", "111120591", "111121351", "111121930", "112116451", "112116610", "112116810", "112117210", "112117431", "112117660", "112118820", "112119580", "112120540", "112121351", "112121410", "113118421", "113118690", "113122150", "113122170", "113122220"], "labels": [1, 3, 2, 3, 2, 2, 1, 2, 1, 0, 3, 1, 1, 1, 2, 2, 2, 2, 1, 1, 2, 2, 2, 3, 0, 0, 2, 3, 3, 3, 3, 2, 0, 0, 1, 0, 3, 3, 2, 3, 0, 3, 3, 2, 3, 1, 2, 3, 2, 1, 3, 1, 1, 3, 0, 1, 2, 3, 0, 1, 1, 1, 1, 2, 0, 3, 0, 1, 0, 1, 1, 1, 2, 1, 1, 1, 3, 0, 3, 1, 3, 2, 0, 3, 0, 1, 3, 1, 3, 3, 0, 2, 3, 1, 2, 1, 0, 3, 0, 3, 0, 2, 0, 1, 3, 0, 1, 0, 3, 3, 0, 1, 1, 3, 2, 0, 3, 0, 2, 0, 1, 1, 3, 1, 0, 1, 0, 1, 3, 1, 0, 0, 0, 3, 3, 0, 0, 3, 3, 2, 1, 1], "predicted_labels": [0, 0, 3, 0, 3, 3, 2, 1, 3, 3, 0, 0, 2, 2, 3, 3, 3, 1, 2, 3, 2, 1, 0, 0, 1, 3, 0, 1, 1, 1, 3, 0, 3, 0, 0, 0, 3, 3, 3, 2, 0, 1, 0, 2, 0, 3, 1, 2, 1, 3, 1, 0, 3, 3, 2, 1, 1, 1, 1, 2, 2, 0, 0, 0, 1, 1, 3, 3, 3, 3, 3, 3, 0, 3, 1, 3, 1, 3, 3, 3, 0, 3, 1, 1, 1, 2, 1, 3, 0, 3, 1, 3, 0, 1, 1, 0, 0, 3, 0, 0, 1, 3, 0, 1, 0, 3, 3, 3, 0, 1, 0, 1, 0, 3, 2, 1, 2, 3, 1, 0, 3, 3, 0, 3, 0, 0, 1, 3, 3, 3, 0, 0, 3, 0, 0, 1, 2, 3, 2, 0, 1, 3], "confidence_scores": [[0.32667727736403346, 0.2014485774610387, 0.1989697845430453, 0.27290436063188245], [0.4493952391360624, 0.1591598535600278, 0.20292675724177694, 0.18851815006213268], [0.297447310515876, 0.2641691951444373, 0.1285745288399634, 0.3098089654997234], [0.320122533948568, 0.26861280183558517, 0.15871214980951076, 0.25255251440633597], [0.275355753165004, 0.24205315009167763, 0.13846350333871196, 0.34412759340460647], [0.2926995449239602, 0.1994797607719133, 0.21349973383649073, 0.2943209604676356], [0.20768176164458105, 0.2146408072259866, 0.32714666748691623, 0.25053076364251614], [0.2762871643929141, 0.29508376726428115, 0.1531144552578816, 0.2755146130849232], [0.155273210934984, 0.24179940637504962, 0.28015057733912974, 0.3227768053508368], [0.3058073441686195, 0.15287430640279662, 0.18254596542984322, 0.3587723839987409], [0.39319860477710167, 0.1788631517729646, 0.1209198315077414, 0.30701841194219237], [0.3226140829831908, 0.22152030576163137, 0.24057722468689025, 0.21528838656828758], [0.18311398758955816, 0.15775349207606595, 0.3762003815099259, 0.2829321388244499], [0.21902610722452565, 0.2102536832155267, 0.31826127403011983, 0.25245893552982784], [0.21408951542829502, 0.25278821465483237, 0.13797535364765606, 0.39514691626921655], [0.1591164818671887, 0.32416789135490626, 0.19169251722460648, 0.3250231095532985], [0.28880190218761015, 0.12654978987742213, 0.13606245192036281, 0.4485858560146048], [0.23866522250517785, 0.36535881601197995, 0.1382091572547654, 0.2577668042280769], [0.2141416809230259, 0.21983413292333714, 0.36724050031237016, 0.19878368584126702], [0.1674912062629638, 0.34932035160856006, 0.09907284960898807, 0.38411559251948824], [0.13329617671919447, 0.25394345400926555, 0.35489337171127866, 0.2578669975602613], [0.10978873365055447, 0.4884143048734964, 0.095462482821012, 0.30633447865493707], [0.4714178636097793, 0.1649925575428068, 0.1530719057189994, 0.21051767312841457], [0.3518433088645498, 0.28503528966394304, 0.1408955460182706, 0.22222585545323661], [0.2198947936295432, 0.3287316275177355, 0.24327842805247404, 0.2080951508002472], [0.29382458615231555, 0.23146674668238382, 0.15812831057042084, 0.31658035659487976], [0.30399553819001124, 0.28838884348044885, 0.16381921967190513, 0.24379639865763486], [0.20159258553399015, 0.5078364889003769, 0.16348718918206773, 0.12708373638356518], [0.30333340011447957, 0.33206718223169135, 0.08393412547632174, 0.28066529217750746], [0.20882020752571168, 0.41336212125106847, 0.2394218778485056, 0.1383957933747145], [0.22238688453543135, 0.2401126125993174, 0.140260150732936, 0.3972403521323153], [0.28043920983546033, 0.2638828297933439, 0.18511727260245361, 0.2705606877687421], [0.20823888659034828, 0.15964396441792747, 0.12262235738803905, 0.5094947916036852], [0.3438145408541809, 0.26108998080033907, 0.18626926991729795, 0.20882620842818203], [0.29718440292124404, 0.29344448623314684, 0.11481295720672995, 0.29455815363887916], [0.6233674051081017, 0.12524958421552343, 0.13637216765577093, 0.11501084302060385], [0.2462550868713423, 0.2996135152724217, 0.1393086259628403, 0.3148227718933958], [0.22674387977077734, 0.23601130888946098, 0.0735877269197707, 0.463657084419991], [0.26985737717869346, 0.2632900220381683, 0.1294642879967399, 0.33738831278639825], [0.2508147476401409, 0.29169901193528963, 0.3418095548980982, 0.11567668552647135], [0.36512839932741825, 0.2052191737499247, 0.12397827565724359, 0.3056741512654135], [0.32603287272246356, 0.33665430635877747, 0.16387235449096563, 0.17344046642779323], [0.30131296140075464, 0.28753598110248335, 0.13380214953928585, 0.2773489079574761], [0.2564309761820135, 0.20000313014989468, 0.3986379545523225, 0.14492793911576937], [0.33671464349932845, 0.2229817379405671, 0.2558501484199799, 0.18445347014012467], [0.13512024851701906, 0.24973998007065507, 0.11961397871606161, 0.4955257926962643], [0.24596410088242046, 0.42911040542840234, 0.14092660033860596, 0.1839988933505712], [0.1753587109257261, 0.26867893217871824, 0.4540222585481629, 0.1019400983473928], [0.2841862317099526, 0.4057972820865876, 0.13781901595330726, 0.17219747025015256], [0.25518868713296283, 0.27042180149616113, 0.1352315378038845, 0.3391579735669914], [0.17320594801659214, 0.3506242328672309, 0.13206499987217524, 0.3441048192440017], [0.2955912617447421, 0.2680190945252463, 0.1434907084849007, 0.29289893524511096], [0.22580842973848492, 0.21635783783582418, 0.12523233667409728, 0.4326013957515936], [0.27256606761254, 0.17571756444912906, 0.14929089881513916, 0.40242546912319177], [0.19294875239766326, 0.26020143997700457, 0.2790999711015083, 0.267749836523824], [0.26626169516257026, 0.3267840085900268, 0.17087993400723223, 0.23607436224017073], [0.24497157191872887, 0.3275848937650188, 0.1512109870519623, 0.2762325472642902], [0.25865496593403764, 0.3512866458003479, 0.13035834493027315, 0.259700043335341], [0.2456038153270069, 0.40988428480549055, 0.13230453356890617, 0.21220736629859632], [0.24576948047526026, 0.21001119152140812, 0.3177602650912564, 0.22645906291207527], [0.15376769185965408, 0.2826570670490829, 0.3296065666502481, 0.23396867444101502], [0.3864541153711081, 0.2339503162026191, 0.1647340521754311, 0.21486151625084168], [0.5134568341038726, 0.144230663532058, 0.08207795923107335, 0.26023454313299604], [0.33049776391091024, 0.3255296154756224, 0.1610413314629627, 0.18293128915050474], [0.2331202787102942, 0.40099985320491605, 0.07572542365862923, 0.2901544444261605], [0.20983872324769265, 0.32939143015737954, 0.13731794849898168, 0.3234518980959463], [0.14477477184331008, 0.2325243948512094, 0.13343463135006917, 0.48926620195541143], [0.20705179419144362, 0.3134350722835425, 0.1222665269806261, 0.3572466065443879], [0.29130857369656993, 0.21255922018873344, 0.13150320520074632, 0.36462900091395034], [0.32957338119337876, 0.1798948338469165, 0.08404686452637455, 0.40648492043333023], [0.21363408906633619, 0.2799596480775193, 0.20525833838569796, 0.3011479244704467], [0.31841562394808326, 0.18352216193590618, 0.10973807114046379, 0.3883241429755468], [0.4686343667658302, 0.1956895433543674, 0.11066839097690326, 0.225007698902899], [0.0963484683323232, 0.1251017443526032, 0.08907792653377763, 0.6894718607812959], [0.22918735685452477, 0.328614802969647, 0.21194009125231375, 0.2302577489235145], [0.3256095066613172, 0.18789828776072465, 0.06048098317977504, 0.4260112223981829], [0.2193145416807209, 0.30513561350907487, 0.19300886450113472, 0.28254098030906943], [0.24942871308678663, 0.23301048877042055, 0.11237532472815641, 0.40518547341463645], [0.2220163603305711, 0.30056907019780926, 0.09771378581074165, 0.379700783660878], [0.29440664191878346, 0.2746098170473637, 0.07945537515879449, 0.35152816587505853], [0.4193610409211961, 0.24445399334268608, 0.1309088232649478, 0.20527614247117013], [0.21817190641638273, 0.31166033231463364, 0.12414995540215573, 0.346017805866828], [0.23246970577170128, 0.3853988482942283, 0.11431881554375198, 0.26781263039031844], [0.07319864867582157, 0.5997886236773439, 0.11116180343759924, 0.2158509242092353], [0.1350720844964791, 0.4825661168878555, 0.219182902552044, 0.16317889606362126], [0.24239433703330815, 0.2335808305590114, 0.4161015019352008, 0.1079233304724797], [0.23324166744222055, 0.4707878304629995, 0.14854500421485312, 0.1474254978799267], [0.19327746975388346, 0.2527043971224162, 0.14587715240708446, 0.40814098071661586], [0.31685154230872564, 0.20171434246276637, 0.1950219578535157, 0.2864121573749924], [0.16710490678975876, 0.23511232450460282, 0.13247060653482468, 0.4653121621708137], [0.23229690759990057, 0.3339382491367402, 0.14218349926172114, 0.2915813440016382], [0.20723009141167323, 0.15659781304601134, 0.09264827056909805, 0.5435238249732175], [0.475760420576101, 0.12160822069945074, 0.23857121017597765, 0.1640601485484707], [0.23635209531272852, 0.39461545021952055, 0.07263251488967135, 0.29639993957807964], [0.36066580758284755, 0.39092398818935264, 0.10432125101352428, 0.14408895321427562], [0.3761466411950255, 0.1599396287630921, 0.17628386370848162, 0.2876298663334008], [0.4154603133327078, 0.2950436814141572, 0.13254255569282597, 0.156953449560309], [0.2712527912760165, 0.09197666997684403, 0.20836908754620723, 0.4284014512009321], [0.42072375965095615, 0.23799808481656645, 0.1350402897674227, 0.20623786576505485], [0.40804947701346217, 0.2342976072439139, 0.1275783603833194, 0.23007455535930438], [0.23127663218577865, 0.41461197682821416, 0.1259210158149852, 0.2281903751710222], [0.16680893366737629, 0.19440896721840642, 0.10751629003255093, 0.5312658090816662], [0.4572958141710091, 0.29488398529905313, 0.07138512481470909, 0.1764350757152288], [0.22397648699201986, 0.3339071799615058, 0.209257696938304, 0.2328586361081705], [0.2921061087457754, 0.21946076845807472, 0.25318062136215164, 0.23525250143399815], [0.25951072867990027, 0.21716731851826898, 0.21396736255607426, 0.3093545902457566], [0.20597832199373664, 0.32421634954836404, 0.07546732316392814, 0.39433800529397117], [0.25959711491283977, 0.23283117008495194, 0.1532147184361878, 0.3543569965660206], [0.48695395170698264, 0.2103130462763461, 0.12473982182424011, 0.17799318019243118], [0.19057728148264813, 0.343510317064509, 0.2004751157408165, 0.26543728571202646], [0.3436498848640989, 0.1630947065721317, 0.17056888744647877, 0.3226865211172906], [0.1699538586072741, 0.336307646513015, 0.20697953601303293, 0.286758958866678], [0.37185961470524553, 0.36105631500460517, 0.11309171064800479, 0.15399235964214453], [0.19775275252863167, 0.24925938797892846, 0.10042736923832912, 0.45256049025411077], [0.20736177154497584, 0.21675902173673936, 0.31219830584188135, 0.26368090087640345], [0.2106193732660927, 0.5664539162873351, 0.07334058310921436, 0.14958612733735802], [0.23503839364373713, 0.19303453494265943, 0.35183910326929574, 0.22008796814430753], [0.25784602052183925, 0.24952847341355336, 0.047400039378405735, 0.4452254666862016], [0.1539384752190883, 0.42639603042007695, 0.22114429211797149, 0.19852120224286324], [0.40591450427486997, 0.18845547776936938, 0.24954047979357538, 0.1560895381621853], [0.15757674526826088, 0.19790175429799597, 0.095853140331882, 0.548668360101861], [0.28482052020494236, 0.22848703068874385, 0.1754458879890622, 0.3112465611172514], [0.3087964209586814, 0.3082571928702211, 0.13341823324975094, 0.2495281529213466], [0.2732182838682825, 0.17534996770267916, 0.06317081011749973, 0.48826093831153855], [0.5818480662563708, 0.12659948585061923, 0.206525134954546, 0.085027312938464], [0.31329147590765155, 0.2702373591847365, 0.13418813579451638, 0.28228302911309566], [0.35509228976497315, 0.37909244283417026, 0.12606349070885198, 0.1397517766920047], [0.27559003793194947, 0.19117537222516828, 0.12454856638027095, 0.40868602346261146], [0.1974975883501076, 0.15495921716274672, 0.2812255658633287, 0.3663176286238171], [0.2082170206990955, 0.28461155511723346, 0.1246692387040512, 0.3825021854796198], [0.3139061194887203, 0.23692024182987398, 0.15971612108260227, 0.28945751759880345], [0.3671942826680842, 0.2772285250984416, 0.10754841612114176, 0.24802877611233246], [0.18030754445505226, 0.24937183226639834, 0.08784412905309227, 0.4824764942254571], [0.4297753169494254, 0.11347111897381293, 0.10457989529300038, 0.35217366878376116], [0.3566097969476325, 0.18497884415473773, 0.27941621840266445, 0.17899514049496545], [0.17006724208061932, 0.5192612385782875, 0.1059640674607488, 0.20470745188034434], [0.15327227336617796, 0.13401181702416803, 0.37384761326234267, 0.3388682963473114], [0.2732516626766938, 0.2065862358656912, 0.16536105579168675, 0.35480104566592835], [0.12217345395536906, 0.27235286817258375, 0.34930009172947546, 0.25617358614257163], [0.29915853106018225, 0.248445699612974, 0.19440728608595242, 0.25798848324089135], [0.1256483426140573, 0.45216089631997425, 0.1402867669009087, 0.2819039941650598], [0.17131377329101116, 0.2962301956371109, 0.22273279519878522, 0.3097232358730927]]}}