{"test": {"ids": ["105115380", "100111620", "112117660", "111114121", "102112250", "104113000", "108118810", "113122180", "98107340", "108114200", "105118230", "108118060", "105119550", "101109000", "112116800", "105116860", "105117351", "108113740", "102113981", "97106970", "105112100", "109120560", "111121410", "106114150", "107113130", "110120190", "109114220", "104111380", "108114670", "101119030", "109119010", "98119591", "111120540", "101109370", "107112840", "105118740", "106121220", "98110710", "109117630", "97106600", "112118550", "100120010", "112120270", "99107560", "113118810", "97116401", "110120640", "98116090", "106119990", "109117080", "104116980", "107121230", "108121351", "101108500", "99108520", "112116401", "109113281", "112119610", "109117271", "113121680", "112117030", "110118450", "113119360", "111118910", "105113440", "108115570", "102112301", "99107640", "111119610", "100110050", "104114240", "110119300", "113118490", "103120531", "97109570", "110117140", "113118111", "112118471", "113117401", "100111270", "112121410", "110114561", "107116300", "100108080", "104110960", "112118421", "113120601", "111116040", "111121220", "109118820", "113122430", "112117580", "109118701", "105114220", "110117080", "113122150", "104119290", "100109801", "109116040", "107113360", "110115580", "111121930", "108119550", "113120531", "107113550", "103111110", "98112300", "98107380", "101108121", "110118181", "97108520", "111116530", "103110050", "101110200", "100109980", "101108580", "113119340", "99107950", "109113931", "106119260", "112117790", "107116501", "97116800", "105116650", "109115070", "108119330", "99109780", "102110890", "106115120", "99121440", "99112641", "102110240", "112117431", "99109370", "112118880", "110115890", "113119300", "112116880", "108119510", "102116500", "111115910", "108114360"], "labels": [1, 3, 0, 0, 0, 1, 1, 2, 0, 0, 1, 1, 1, 1, 0, 2, 0, 3, 1, 2, 1, 1, 0, 1, 1, 3, 3, 3, 3, 3, 3, 1, 1, 1, 1, 1, 1, 2, 0, 3, 3, 0, 0, 1, 3, 3, 0, 0, 0, 1, 1, 0, 3, 3, 2, 0, 0, 0, 0, 1, 2, 0, 0, 0, 0, 3, 1, 1, 2, 3, 0, 1, 1, 3, 0, 3, 1, 1, 3, 2, 0, 0, 0, 0, 2, 3, 2, 0, 3, 3, 2, 0, 3, 3, 1, 2, 1, 0, 0, 0, 1, 1, 1, 0, 0, 3, 2, 1, 0, 1, 2, 3, 3, 2, 1, 0, 0, 1, 1, 1, 3, 1, 0, 1, 0, 0, 2, 0, 1, 2, 1, 3, 0, 1, 1, 2, 1, 0, 1, 1, 2, 1], "predicted_labels": [3, 3, 3, 3, 3, 3, 3, 1, 1, 3, 3, 3, 3, 3, 3, 1, 3, 3, 3, 1, 3, 3, 3, 1, 1, 3, 3, 3, 3, 3, 3, 3, 3, 1, 3, 3, 3, 3, 3, 3, 3, 3, 3, 3, 3, 3, 3, 0, 0, 1, 1, 3, 3, 1, 1, 3, 3, 3, 1, 3, 1, 1, 3, 3, 1, 3, 3, 1, 3, 3, 3, 3, 3, 3, 0, 3, 3, 3, 3, 3, 3, 3, 3, 3, 1, 3, 3, 3, 3, 3, 1, 3, 1, 3, 3, 3, 3, 1, 3, 0, 3, 3, 3, 3, 3, 3, 0, 0, 3, 3, 1, 3, 1, 1, 1, 0, 3, 1, 3, 3, 3, 3, 0, 3, 3, 3, 3, 3, 3, 1, 3, 3, 1, 3, 3, 3, 3, 1, 3, 1, 1, 3], "confidence_scores": [[0.16624269480519488, 0.25323014281470185, 0.24628773514067628, 0.3342394272394273], [0.2309237012987013, 0.21950115162615164, 0.22859758297258298, 0.32097756410256406], [0.24893200549450545, 0.23590579559329558, 0.20953613053613054, 0.3056260683760684], [0.28046230158730145, 0.24700925463425472, 0.1912899877899877, 0.2812384559884559], [0.25056739787989785, 0.21332835914085915, 0.17085810023310022, 0.3652461427461428], [0.20845202020202025, 0.2551894841269841, 0.21153670634920632, 0.32482178932178946], [0.1816073232323233, 0.31796001221001224, 0.15465768259518264, 0.345774981962482], [0.18647743922743923, 0.31520977633477637, 0.1965835137085137, 0.30172927072927075], [0.1879970238095238, 0.2881962481962482, 0.25656141774891766, 0.2672453102453103], [0.2423514194139194, 0.24326201576201575, 0.21727509296259295, 0.29711147186147197], [0.19764448051948058, 0.26829212454212453, 0.22338178488178492, 0.31068161005661016], [0.25374576118326114, 0.23611876318126312, 0.20572764735264734, 0.30440782828282825], [0.2190508796758796, 0.2664780497280498, 0.18373276723276724, 0.3307383033633034], [0.23546291208791217, 0.26106560106560106, 0.17832695082695085, 0.32514453601953597], [0.18270490620490615, 0.25836882927014515, 0.17760642135642132, 0.38131984316852735], [0.17660184698342596, 0.30723108397450516, 0.23218240093240095, 0.2839846681096682], [0.22984755522255523, 0.28913809801309814, 0.17539958652458662, 0.30561476023976014], [0.2370772838272838, 0.24261033411033417, 0.20935808635808634, 0.3109542957042957], [0.21817664280164284, 0.276916181041181, 0.19978971028971027, 0.3051174658674659], [0.15313972138972137, 0.2932639443889445, 0.2636515567765567, 0.2899447774447775], [0.19862871850371852, 0.23405287767787766, 0.22982420357420366, 0.3374942002442004], [0.2258039480943893, 0.24041174103674107, 0.2075908029878618, 0.32619350788100787], [0.2380642230576441, 0.25597338516746415, 0.18268064574314571, 0.32328174603174603], [0.2674824481074481, 0.2728196941946942, 0.21336754911754902, 0.2463303085803085], [0.19701064213564212, 0.31093416305916316, 0.19758531746031732, 0.29446987734487734], [0.19708667027417026, 0.2638333333333334, 0.15726262626262624, 0.3818173701298702], [0.210372113997114, 0.20384286342742225, 0.20893708579002696, 0.3768479367854368], [0.24389736652236654, 0.24729537129537135, 0.17055867743367742, 0.33824858474858466], [0.25880185092685093, 0.23410833610833615, 0.20268584193584208, 0.30440397102897104], [0.21192704517704514, 0.2576087523587523, 0.2593015873015874, 0.2711626151626151], [0.1770833610833611, 0.24371005383505384, 0.2337632367632368, 0.3454433483183484], [0.21315409590409584, 0.2504713203463203, 0.2393166833166834, 0.29705790043290037], [0.24824630486472604, 0.2523412325978115, 0.1910409451659452, 0.30837151737151736], [0.25310780885780887, 0.2702193362193362, 0.22753228715728718, 0.24914056776556792], [0.16926363402679193, 0.2844781052281052, 0.23988309424493648, 0.3063751665001666], [0.1997232905982906, 0.2779681290931292, 0.22735477022977016, 0.29495381007881016], [0.19218031968031973, 0.26352633477633486, 0.22593627206127206, 0.31835707348207365], [0.17216605616605615, 0.25637072649572656, 0.2687656093906094, 0.3026976079476079], [0.20058802308802304, 0.2665857683982684, 0.18608243145743142, 0.34674377705627707], [0.26917460317460334, 0.24800108714814603, 0.1775658042937454, 0.3052585053835053], [0.24318439893439894, 0.2199168331668331, 0.18941181041181057, 0.34748695748695746], [0.22656691919191924, 0.25926984126984143, 0.25307521645021647, 0.2610880230880231], [0.20952025752025752, 0.24791283634665995, 0.24092865100585684, 0.30163825512722575], [0.18990023865023864, 0.23360930735930743, 0.21876325063825056, 0.35772720335220337], [0.2383750555000555, 0.28011964424464436, 0.17767671217671224, 0.30382858807858804], [0.2852593101343101, 0.2721086552336553, 0.1550390304140304, 0.28759300421800427], [0.21738795232545233, 0.2574823232323233, 0.21266071428571431, 0.3124690101565102], [0.2917369574869575, 0.20355695611577965, 0.21909997273967868, 0.2856061136575842], [0.2866727994227994, 0.2543825757575758, 0.17286489898989896, 0.2860797258297259], [0.203430735930736, 0.3087506105006106, 0.19358443925355695, 0.2942342143150967], [0.1486999111999112, 0.3148562271062273, 0.2590296092796093, 0.2774142524142525], [0.19326992451992456, 0.2690814185814187, 0.18703346653346656, 0.35061519036519023], [0.24062314074814076, 0.26923797036297026, 0.17474587912087916, 0.31539300976800977], [0.1676661255411256, 0.3050367965367966, 0.26003905122655124, 0.26725802669552673], [0.20179288766788767, 0.27328425740925744, 0.256940836940837, 0.26798201798201804], [0.2664170204795206, 0.1877117812742813, 0.17605350205350206, 0.36981769619269644], [0.2372952047952048, 0.2711465389185978, 0.1984720716375128, 0.2930861846486847], [0.11701234876234873, 0.30603167665667674, 0.25058501221001217, 0.32637096237096236], [0.22182726995226998, 0.305692155067155, 0.1708783577533578, 0.30160221722721736], [0.19083034530828652, 0.2970667249417251, 0.1889575424575424, 0.3231453872924462], [0.15540157065157065, 0.32434000721500716, 0.2355432720873897, 0.28471515004603243], [0.22311544011544002, 0.29301821789321797, 0.20635407647907647, 0.27751226551226543], [0.22588553734277425, 0.260010505941427, 0.18311852548036753, 0.3309854312354312], [0.2687076616194263, 0.27326859823183347, 0.1760202297702298, 0.28200351037851057], [0.2114034992784992, 0.31627081252081246, 0.2020132783882784, 0.2703124098124098], [0.21828521478521484, 0.29853576978576973, 0.17890019702519694, 0.3042788184038184], [0.1773699911199912, 0.24680164280164288, 0.1999211899211899, 0.3759071761571763], [0.2101657647907648, 0.27757088744588754, 0.24555339105339108, 0.2667099567099567], [0.17788478626636517, 0.2734816667250877, 0.20660853035853038, 0.3420250166500167], [0.19379500360750368, 0.29707400932400935, 0.2052181082806082, 0.30391287878787887], [0.20482431457431452, 0.26932611832611825, 0.23465007215007216, 0.2911994949494948], [0.21545759999804118, 0.2883398545898546, 0.17374170274170272, 0.3224608426704016], [0.17499057396851508, 0.25604453879453887, 0.19491479353979355, 0.3740500936971526], [0.27766967754467753, 0.21678121878121878, 0.17498321123321123, 0.3305658924408924], [0.2815517676767678, 0.26066705516705524, 0.19852053502053504, 0.25926064213564215], [0.2786684704184704, 0.27544130869130873, 0.159428169053169, 0.28646205183705187], [0.18887110112110117, 0.2808981990231993, 0.18260840548340546, 0.34762229437229436], [0.2370483960483961, 0.24176010101010095, 0.19105681818181813, 0.3301346847596848], [0.2596666666666667, 0.25180627705627706, 0.153476911976912, 0.3350501443001444], [0.18259199134199125, 0.2741177849927851, 0.2390437409812411, 0.3042464826839827], [0.20116967754467752, 0.2602379670767829, 0.1880287698412699, 0.35056358553726974], [0.27232224025974033, 0.2312025613275614, 0.14474467893217896, 0.3517305194805196], [0.27017814130314133, 0.24378690753690765, 0.1818507326007326, 0.30418421855921857], [0.17827349039849044, 0.2575068681318682, 0.273749000999001, 0.29047064047064053], [0.19796923909423914, 0.29931428293928297, 0.21043002136752137, 0.2922864565989567], [0.22650588300588292, 0.2745406260406261, 0.1611668192918193, 0.3377866716616716], [0.20563353313353314, 0.28780266955266964, 0.20531686369186367, 0.3012469336219336], [0.23977687590187594, 0.21134018759018755, 0.1935699994449994, 0.3553129370629369], [0.19523196248196265, 0.2819796176046177, 0.17244715007215006, 0.35034126984127], [0.22296726190476185, 0.2408158161283162, 0.20206450493950498, 0.3341524170274171], [0.22650503151818938, 0.2971536796536796, 0.1908748386116808, 0.28546645021645023], [0.19739008907758912, 0.28720474664224677, 0.1770623057498057, 0.33834285853035867], [0.1990076471730884, 0.31700764513264507, 0.20602945461401345, 0.27795525308025315], [0.21727368464868457, 0.23740173715173715, 0.21893073593073603, 0.32639384226884227], [0.23940836940836938, 0.27341847041847045, 0.15494343156843152, 0.3322297286047287], [0.21138677988677984, 0.28454575979575986, 0.21765122377622387, 0.28641623654123655], [0.16411285936285935, 0.25182627095127097, 0.21919025419025429, 0.3648706154956156], [0.23374700299700293, 0.30645676545676553, 0.15591122072372063, 0.3038850108225109], [0.20341089466089465, 0.20845261682761693, 0.2118483044733045, 0.3762881840381839], [0.3453262640137641, 0.19719545038295044, 0.20616052003552, 0.2513177655677656], [0.22202707015207007, 0.2103443362193363, 0.21081017593517593, 0.3568184176934177], [0.24349314574314587, 0.23793315018315023, 0.24150498112998114, 0.277068722943723], [0.19273125485625486, 0.2538604451104451, 0.24446565934065922, 0.30894264069264077], [0.2040026917526917, 0.28105735930735937, 0.1542234987234987, 0.3607164502164503], [0.21593019480519487, 0.22319011544011552, 0.23457005494505492, 0.3263096348096349], [0.1908121392496393, 0.28546187146187163, 0.21544116994117005, 0.3082848193473195], [0.3834715145965147, 0.17668953962703968, 0.15921257215007217, 0.28062637362637366], [0.32838006438006445, 0.2089742618492619, 0.22949469974469977, 0.23315097402597407], [0.24506282606282612, 0.24338794538794556, 0.21967152292152292, 0.29187770562770565], [0.2732664141414141, 0.26104680735930735, 0.18062454906204906, 0.2850622294372295], [0.19629563492063493, 0.29841446747696754, 0.22178190559440566, 0.28350799200799215], [0.24298069985569984, 0.293354797979798, 0.14796590909090904, 0.3156985930735931], [0.21618197774447773, 0.2974566405816406, 0.214970473970474, 0.27139090770340774], [0.2006643028024607, 0.28268993506493506, 0.23972206083390302, 0.27692370129870125], [0.24424142524142517, 0.2700104617604618, 0.21934029859029852, 0.2664078144078144], [0.3157959262959263, 0.18947474747474746, 0.2127889055389055, 0.28194042069042063], [0.2425329968234381, 0.27829367854367865, 0.17156582102537984, 0.30760750360750366], [0.16975908119658115, 0.3321387778887781, 0.24983762356924127, 0.2482645173453997], [0.25802267177267185, 0.2638715728715729, 0.18013990176490183, 0.29796585359085365], [0.2294975302475302, 0.2070657814407815, 0.21451710789210782, 0.34891958041958054], [0.1975263347763348, 0.2734945332445333, 0.18910196747696748, 0.3398771645021645], [0.2471134559884561, 0.25099224386724384, 0.15435146103896102, 0.3475428391053391], [0.32075233100233097, 0.23404159035409033, 0.20326909895659898, 0.24193697968697972], [0.16598612416994768, 0.28034919329036984, 0.217601911976912, 0.3360627705627705], [0.24273970473970483, 0.2404240620490621, 0.21414035964035968, 0.3026958735708737], [0.22422474747474752, 0.23347935397935404, 0.21093975468975462, 0.3313561438561438], [0.23721843434343448, 0.2556993145743147, 0.23180393217893208, 0.27527831890331894], [0.24376140526140525, 0.229616557054057, 0.20361291486291486, 0.32300912282162275], [0.22713383838383838, 0.2771645854145854, 0.1655758685758685, 0.33012570762570775], [0.229354085972507, 0.39447744360902254, 0.1492020202020201, 0.22696645021645018], [0.26024621212121213, 0.2114841269841269, 0.16933035714285713, 0.3589393037518039], [0.20517771117771116, 0.28947390803640816, 0.20982159507159512, 0.29552678571428576], [0.24540476190476176, 0.3630616883116884, 0.13013744588744586, 0.2613961038961039], [0.27575693750693764, 0.23603275890775904, 0.191049839049839, 0.29716046453546463], [0.24166305916305922, 0.26352741702741705, 0.15806277056277054, 0.33674675324675335], [0.1710493534243534, 0.2892552170052171, 0.20214017232767229, 0.33755525724275726], [0.19488967538309637, 0.32031481457139366, 0.1569684898434898, 0.32782702020202015], [0.18004911754911754, 0.32523019341769344, 0.20673776917526918, 0.28798291985791985], [0.24827940115440117, 0.2390078255078256, 0.18530494505494502, 0.3274078282828283], [0.17406522644022637, 0.28517642445274016, 0.25837502775002774, 0.2823833213570057], [0.2124068475384265, 0.28174375186217304, 0.22721371683871688, 0.2786356837606838], [0.22927570346320356, 0.2709951853701854, 0.15790164002664, 0.34182747113997125]]}, "rewritten": {"ids": ["97106600", "97106970", "97108520", "97109570", "97116401", "97116800", "98107340", "98107380", "98110710", "98112300", "98116090", "98119591", "99107560", "99107640", "99107950", "99108520", "99109370", "99109780", "99112641", "99121440", "100108080", "100109801", "100109980", "100110050", "100111270", "100111620", "100120010", "101108121", "101108500", "101108580", "101109000", "101109370", "101110200", "101119030", "102110240", "102110890", "102112250", "102112301", "102113981", "102116500", "103110050", "103111110", "103120531", "104110960", "104111380", "104113000", "104114240", "104116980", "104119290", "105112100", "105113440", "105114220", "105115380", "105116650", "105116860", "105117351", "105118230", "105118740", "105119550", "106114150", "106115120", "106119260", "106119990", "106121220", "107112840", "107113130", "107113360", "107113550", "107116300", "107116501", "107121230", "108113740", "108114200", "108114360", "108114670", "108115570", "108118060", "108118810", "108119330", "108119510", "108119550", "108121351", "109113281", "109113931", "109114220", "109115070", "109116040", "109117080", "109117271", "109117630", "109118701", "109118820", "109119010", "109120560", "110114561", "110115580", "110115890", "110117080", "110117140", "110118181", "110118450", "110119300", "110120190", "110120640", "111114121", "111115910", "111116040", "111116530", "111118910", "111119610", "111120540", "111121220", "111121410", "111121930", "112116401", "112116800", "112116880", "112117030", "112117431", "112117580", "112117660", "112117790", "112118421", "112118471", "112118550", "112118880", "112119610", "112120270", "112121410", "113117401", "113118111", "113118490", "113118810", "113119300", "113119340", "113119360", "113120531", "113120601", "113121680", "113122150", "113122180", "113122430"], "labels": [3, 2, 2, 0, 3, 0, 0, 1, 2, 2, 0, 1, 1, 1, 1, 2, 1, 2, 1, 2, 0, 0, 1, 3, 2, 3, 0, 0, 3, 0, 1, 1, 2, 3, 3, 0, 0, 1, 1, 1, 3, 3, 3, 2, 3, 1, 0, 1, 1, 1, 0, 3, 1, 1, 2, 0, 1, 1, 1, 1, 1, 1, 0, 1, 1, 1, 0, 0, 0, 1, 0, 3, 0, 1, 3, 3, 1, 1, 0, 1, 1, 3, 0, 1, 3, 0, 0, 1, 0, 0, 3, 3, 3, 1, 0, 1, 2, 1, 3, 1, 0, 1, 3, 0, 0, 2, 0, 3, 0, 2, 1, 3, 0, 1, 0, 0, 0, 2, 0, 0, 0, 3, 3, 1, 3, 1, 0, 0, 0, 3, 1, 1, 3, 1, 0, 0, 0, 2, 1, 2, 2, 2], "predicted_labels": [3, 2, 1, 1, 3, 0, 1, 0, 1, 3, 1, 1, 3, 3, 1, 3, 3, 0, 1, 1, 3, 0, 3, 1, 3, 3, 3, 0, 3, 3, 3, 1, 1, 3, 3, 3, 3, 1, 1, 3, 1, 3, 3, 2, 1, 1, 1, 1, 1, 3, 1, 3, 3, 1, 3, 0, 1, 3, 3, 1, 3, 3, 3, 3, 1, 1, 0, 3, 3, 3, 3, 3, 1, 3, 0, 0, 3, 3, 3, 3, 3, 1, 3, 1, 3, 0, 3, 1, 0, 3, 3, 1, 1, 3, 0, 1, 3, 3, 3, 1, 3, 3, 3, 3, 3, 1, 3, 3, 1, 1, 3, 3, 1, 0, 3, 3, 1, 1, 1, 1, 3, 3, 3, 3, 3, 3, 3, 1, 1, 3, 1, 3, 1, 3, 3, 3, 0, 3, 3, 3, 3, 3], "confidence_scores": [[0.22148250360750363, 0.2690510461760462, 0.19154138916638913, 0.3179250610500611], [0.1406761155511155, 0.2856870906870908, 0.3438222471972472, 0.22981454656454678], [0.2457282945812358, 0.28269584582084595, 0.2198793200263788, 0.2516965395715397], [0.26428268259518267, 0.26508418664668665, 0.24433250083250088, 0.2263006299256299], [0.2444114565989566, 0.2696683594183594, 0.20092247335997335, 0.2849977106227106], [0.3406142676767677, 0.19689186507936507, 0.18429274891774886, 0.2782011183261183], [0.17400107275765175, 0.3072864452798665, 0.24513744588744593, 0.2735750360750361], [0.3057996933621935, 0.17463582251082246, 0.2321958874458875, 0.28736859668109666], [0.1996313686313686, 0.2927212995337996, 0.26767032273282276, 0.23997700910200911], [0.3180134865134865, 0.17550835275835275, 0.16516563991563993, 0.341312520812521], [0.2541273656898657, 0.2645749111999112, 0.22811978299478308, 0.25317794011544015], [0.23590559440559436, 0.28611704961704953, 0.20573694361194367, 0.2722404123654123], [0.18653163503163508, 0.25497168109668117, 0.24732667332667344, 0.31117001054501076], [0.22418716006216008, 0.26213762626262627, 0.2219182345432345, 0.29175697913197923], [0.17151748251748247, 0.3179526307026308, 0.22833697552447563, 0.28219291125541135], [0.23857097069597072, 0.23484486346986355, 0.24849446386946394, 0.2780897019647019], [0.21513229825729824, 0.25915595515595524, 0.2583633311133311, 0.26734841547341553], [0.28351984126984126, 0.24476785714285726, 0.23270851370851364, 0.2390037878787879], [0.24721858003108005, 0.2985234487734489, 0.1946662157287157, 0.25959175546675556], [0.25690044239386334, 0.2599673425989217, 0.23499819624819637, 0.24813401875901878], [0.19703847541347547, 0.2666975108225109, 0.23718191530691535, 0.29908209845709854], [0.2848145743145744, 0.26285922206878104, 0.19038549155093276, 0.2619407120657123], [0.2033599317349317, 0.2735581363081363, 0.21125029137529147, 0.3118316405816406], [0.21539901071151074, 0.32928324453324465, 0.2090109265734265, 0.2463068181818182], [0.21324303474303477, 0.2359874431124432, 0.21898674936174953, 0.3317827727827728], [0.23717069042069053, 0.20386617549117553, 0.23050234487734486, 0.32846078921078925], [0.23900629925629932, 0.25657404401154404, 0.2146233003108003, 0.2897963564213566], [0.28445820845820846, 0.24929004329004342, 0.1867233044733045, 0.279528443778444], [0.21008953546453546, 0.25298746392496396, 0.20698484848484855, 0.32993815212565214], [0.24678235857279973, 0.2512685786435787, 0.2283868333463922, 0.27356222943722946], [0.18911627261627262, 0.2515574148074149, 0.23969375069375073, 0.31963256188256195], [0.2907247266622266, 0.29182458513708515, 0.20095689033189043, 0.21649379786879794], [0.2172454004329004, 0.2842763347763349, 0.2546530165096342, 0.24382524828113067], [0.2758762973137973, 0.23061248473748477, 0.20703583916083917, 0.2864753787878788], [0.20209325396825395, 0.2810855325230326, 0.20808245512657275, 0.3087387583821407], [0.2285773532023532, 0.22855591630591632, 0.19303584609834604, 0.3498308843933844], [0.2548084970584971, 0.17033481795981792, 0.19116351703851703, 0.38369316794316805], [0.213018981018981, 0.28947173659673664, 0.22174485236985228, 0.27576443001443], [0.226629224941725, 0.2957611485736486, 0.20222927072927066, 0.27538035575535585], [0.20258244533244535, 0.24781462981462976, 0.22557911532911537, 0.3240238095238096], [0.2351427183927184, 0.2885115440115441, 0.2110313852813853, 0.2653143523143524], [0.2566259920634921, 0.267633227883228, 0.16237144105894108, 0.3133693389943391], [0.2719103396603397, 0.24197957597957598, 0.1749484681984682, 0.3111616161616161], [0.19650423187923188, 0.26094984182484177, 0.2725912975912977, 0.2699546287046288], [0.25843397778691896, 0.27460552641802655, 0.19821722721722723, 0.2687432685778274], [0.202627997002997, 0.2924573065823066, 0.2133787809412808, 0.2915359154734154], [0.2649006895881897, 0.2830981587856588, 0.23249586524586516, 0.2195052863802864], [0.19977445215603115, 0.31069502281344386, 0.20928052503052502, 0.28025], [0.17783730158730154, 0.3095958485958486, 0.23138999888999898, 0.281176850926851], [0.22636083361083353, 0.25159088134088153, 0.1694883866133866, 0.3525598984348985], [0.22419029581529584, 0.31052741702741715, 0.1799843073593074, 0.28529797979797983], [0.260581820956821, 0.206187506937507, 0.25039196914196904, 0.28283870296370295], [0.19313916638916634, 0.25042368742368754, 0.24923229548229542, 0.3072048507048507], [0.19249698912198912, 0.2990898268398269, 0.2444985708735709, 0.2639146131646131], [0.18862938888596786, 0.28852343051685153, 0.21232001332001327, 0.3105271672771673], [0.32616865079365076, 0.253656981906982, 0.20658947996448, 0.2135848873348872], [0.24097576728826733, 0.2920312049062051, 0.197547175047175, 0.26944585275835287], [0.2121011904761905, 0.26730537518037517, 0.23266360028860025, 0.2879298340548341], [0.20318768037518034, 0.2475750360750361, 0.25027903346653346, 0.29895825008325017], [0.24329871517371524, 0.28438895826395827, 0.24353324453324454, 0.228779082029082], [0.24828528416028417, 0.23854793817293815, 0.17637716450216445, 0.3367896131646132], [0.19518872793872796, 0.20557645132645136, 0.26635486735486735, 0.33287995337995346], [0.269613455988456, 0.2369065656565656, 0.20538113275613282, 0.2880988455988457], [0.19539445970695973, 0.24349296536796547, 0.2501229256854257, 0.3109896492396494], [0.23666412242728035, 0.28353475690975694, 0.20316195427379646, 0.27663916638916647], [0.205574494949495, 0.31090620490620485, 0.21114096320346326, 0.272378336940837], [0.33695863164613177, 0.19312866300366305, 0.2084745185370185, 0.2614381868131868], [0.21717830086580098, 0.20691341991342005, 0.196254329004329, 0.37965395021645015], [0.24349076617826623, 0.25596915584415597, 0.19664379370629362, 0.3038962842712843], [0.26662567905950263, 0.25184681372549017, 0.16425297619047616, 0.3172745310245311], [0.2800790598290598, 0.2328643292981529, 0.20381828220798817, 0.28323832866479925], [0.2391910173160174, 0.23504985292485298, 0.2104200244200244, 0.3153391053391054], [0.20412509018759026, 0.30559251165501167, 0.20537896825396829, 0.28490342990343], [0.24128297397047394, 0.24401028138528144, 0.23514231601731594, 0.2795644286269286], [0.314909305971806, 0.2508074841824842, 0.18052752802752806, 0.25375568181818187], [0.285986568986569, 0.2502514291264292, 0.19829362304362302, 0.2654683788433788], [0.24738952020202012, 0.21807548701298696, 0.20190728715728715, 0.3326277056277056], [0.27100872920938723, 0.25228111471861475, 0.20468103935538148, 0.2720291167166168], [0.24928481240981243, 0.22325352425352432, 0.17870346320346323, 0.34875820013320014], [0.2574011821511822, 0.22731744644244642, 0.2284893717393717, 0.2867919996669997], [0.1963365800865801, 0.2610892302142302, 0.24323504273504276, 0.299339146964147], [0.22054954767454762, 0.31553041403041404, 0.17334142246642248, 0.2905786158286159], [0.24289942002442008, 0.2697684537684538, 0.19855849705849707, 0.2887736291486291], [0.2321701354201354, 0.32368159618159614, 0.17615608003108005, 0.2679921883671883], [0.24345256132756138, 0.2565677933177934, 0.20726154401154406, 0.2927181013431013], [0.26186290098790116, 0.24963046675546693, 0.2461411921411922, 0.2423654401154401], [0.22340620490620483, 0.21236585636585642, 0.2200214646464646, 0.3442064740814741], [0.19519498556998563, 0.3161698024198026, 0.21983392995892995, 0.26880128205128206], [0.29636251248751255, 0.2506954573204573, 0.1579019314019314, 0.2950400987900988], [0.22884478715728707, 0.21393272005772007, 0.27728291847041836, 0.2799395743145744], [0.23800536963036972, 0.26143428793428797, 0.19188160450660446, 0.3086787379287379], [0.21766749916749908, 0.3035472721722723, 0.18394516594516588, 0.2948400627150628], [0.18421201714951713, 0.2844036102786105, 0.24786593961593975, 0.28351843295593304], [0.247697852800794, 0.20953265484515476, 0.2545790508511097, 0.2881904415029415], [0.2933842685092686, 0.2525384754134755, 0.16809493284493282, 0.2859823232323233], [0.24422312409812413, 0.30778957153957176, 0.1480693195693195, 0.2999179847929848], [0.22001424963924973, 0.2981794594294595, 0.18240548340548338, 0.2994008075258076], [0.25556664862914863, 0.25701870351870365, 0.1846170634920635, 0.3027975843600845], [0.255223294979874, 0.2755974120908332, 0.17536904761904762, 0.2938102453102453], [0.22615481740481733, 0.3012502913752915, 0.20167804417804416, 0.2709168470418471], [0.23436841630591626, 0.26370932539682546, 0.22260101010101002, 0.27932124819624815], [0.2445516774891775, 0.26950487012987023, 0.1797505966255966, 0.30619285575535576], [0.19217943861693862, 0.2915268967143968, 0.1942114135864136, 0.3220822510822511], [0.237805180930181, 0.2439873737373737, 0.19698978798978792, 0.3212176573426575], [0.31998051948051953, 0.2041420107670109, 0.15104648129648127, 0.32483098845598846], [0.22586260961260965, 0.2847008824508825, 0.20728553391053392, 0.28215097402597406], [0.25538250148544267, 0.21880050505050505, 0.1860382534132534, 0.33977874005079867], [0.18396349483849483, 0.3093391053391053, 0.17149819624819623, 0.3351992035742037], [0.22922712908007015, 0.30019116096321985, 0.19387820512820514, 0.2767035048285048], [0.18666256404414308, 0.3273439849624061, 0.21301960539460546, 0.27297384559884563], [0.27441389166389163, 0.24748600011100014, 0.2028400072150073, 0.275260101010101], [0.21965730796980798, 0.3165899864024865, 0.1422914446664447, 0.3214612609612611], [0.22425185925185936, 0.3084870476745476, 0.19681807775557775, 0.2704430153180154], [0.2990371434121434, 0.22323701298701298, 0.25178782328782334, 0.22593802031302038], [0.24817325729825732, 0.25623140748140766, 0.2167476412476413, 0.27884769397269404], [0.19265909090909086, 0.2750703083466242, 0.22878715728715732, 0.3034834434571277], [0.18694386863136855, 0.3242659978909978, 0.22286024392274392, 0.26592988955488955], [0.19183655927405927, 0.3094505772005773, 0.2081738498429676, 0.2905390136823961], [0.26037139249639246, 0.3170241702741703, 0.1621670274170274, 0.2604374098124099], [0.2531108405483406, 0.3044313672438673, 0.1872958152958153, 0.25516197691197695], [0.19520233157365519, 0.25438029413397056, 0.22461549561549565, 0.3258018786768786], [0.2057162698412699, 0.2897860195360196, 0.18045802808302805, 0.32403968253968246], [0.2747474400599401, 0.2599615453990454, 0.17095100732600735, 0.29434000721500725], [0.25444182900432905, 0.26003773310023315, 0.20791392635142647, 0.2776065115440115], [0.2064104090354091, 0.2617041847041847, 0.19261940836940833, 0.3392659978909978], [0.26204792429792434, 0.2548523976023976, 0.20177819402819414, 0.2813214840714842], [0.18680820568320575, 0.2635155677655678, 0.24097781385281383, 0.3086984126984128], [0.21038250638250633, 0.30020208876091237, 0.22473646125116706, 0.2646789436054143], [0.2557871940151353, 0.28271565934065945, 0.18093450993450996, 0.28056263670969545], [0.2991318542568544, 0.20965386002886008, 0.17859132534132535, 0.31262296037296033], [0.26955393217893225, 0.28579408091908104, 0.1749331918081918, 0.2697187950937952], [0.2262174443203855, 0.22442589355089354, 0.21197449772449786, 0.33738216440422314], [0.2525899596619411, 0.30144450769818426, 0.1748362383230804, 0.2711292943167943], [0.25065574264916357, 0.28183422571580474, 0.17969996669996674, 0.28781006493506495], [0.2367704695115686, 0.2717103729603731, 0.18298508743148834, 0.30853407009657013], [0.24428029353687253, 0.24684025258367362, 0.18647072372072374, 0.32240873015873023], [0.34661688311688316, 0.20553733766233775, 0.20747402597402598, 0.24037175324675336], [0.21380952380952375, 0.2873694430569431, 0.19592030885780887, 0.3029007242757243], [0.21447608845402966, 0.2855789765789767, 0.1873925657675658, 0.31255236919942797], [0.2059067807192807, 0.2564296883671884, 0.248430284992785, 0.28923324592074595], [0.17674013486513485, 0.3078211926961927, 0.16867411754911754, 0.346764554889555], [0.23390725429541223, 0.2506972749472751, 0.2047714281332703, 0.31062404262404253]]}}