{"test": {"ids": ["112117210", "104116800", "108115870", "105121190", "113117630", "106120640", "106114280", "99111930", "113122430", "106115240", "99107640", "108121351", "113121950", "112118581", "103113260", "106115120", "110114720", "108117610", "98109230", "113121750", "107119390", "98107010", "106120290", "113122150", "110117080", "111117480", "107115140", "102113981", "99117740", "99108520", "108120621", "107114200", "103111170", "98116940", "110118301", "113117401", "111119150", "105118171", "107113550", "113119360", "112120540", "109115380", "110120190", "112117790", "97106000", "108116501", "98106560", "98120010", "109116750", "109117600", "100117420", "104118070", "111116040", "98116090", "110118701", "106114321", "113121980", "112120290", "103113170", "99108080", "106113260", "111118810", "101113210", "110121140", "111119580", "98108410", "98108150", "102112030", "97112170", "113122510", "101111310", "108118630", "109119340", "109118231", "107113260", "111121351", "103111930", "98116500", "97106600", "108114270", "109121410", "99109860", "104111990", "109119010", "110118810", "106116850", "105113260", "111120640", "101108121", "99112300", "111117571", "99121440", "104112201", "107115250", "100110260", "98108580", "98111620", "112116800", "112119320", "98109570", "111116750", "113122190", "101108580", "100111620", "109115220", "106114880", "101119591", "99107660", "98106111", "107120260", "112118880", "97116410", "106112770", "108116481", "111116090", "101110200", "113120640", "98111670", "100108520", "108117360", "112120670", "97114170", "97116500", "111116290", "109114651", "98112300", "107116300", "104114410", "102112301", "110120531", "106116820", "112118530", "98120530", "111120280", "108121190", "112118890", "105116090", "104114230", "102111990", "113120830", "98107340", "100110050"], "labels": [1, 1, 3, 2, 0, 3, 3, 1, 2, 1, 1, 3, 3, 1, 3, 1, 3, 3, 1, 0, 2, 3, 2, 2, 1, 1, 0, 1, 2, 2, 1, 2, 2, 2, 1, 3, 3, 3, 0, 0, 3, 3, 3, 3, 0, 0, 1, 2, 0, 1, 2, 2, 0, 0, 3, 2, 2, 1, 3, 3, 3, 0, 3, 3, 3, 1, 0, 2, 0, 2, 3, 1, 3, 1, 0, 0, 3, 2, 3, 3, 0, 2, 2, 3, 1, 3, 3, 0, 0, 0, 3, 2, 0, 2, 3, 0, 3, 0, 1, 1, 3, 1, 0, 3, 3, 0, 0, 3, 0, 1, 1, 3, 1, 0, 3, 2, 0, 1, 2, 1, 2, 2, 2, 2, 3, 2, 0, 1, 1, 0, 1, 1, 1, 0, 1, 3, 1, 2, 2, 3, 0, 3], "predicted_labels": [2, 3, 0, 3, 2, 1, 1, 1, 2, 0, 3, 0, 2, 2, 1, 0, 0, 0, 2, 0, 3, 1, 3, 2, 1, 3, 0, 1, 1, 0, 1, 1, 1, 0, 1, 0, 0, 3, 2, 3, 2, 2, 1, 3, 3, 1, 0, 0, 0, 1, 1, 1, 3, 1, 3, 1, 3, 1, 2, 0, 1, 1, 3, 2, 0, 0, 2, 1, 1, 0, 3, 3, 0, 0, 1, 0, 1, 3, 3, 0, 1, 0, 2, 1, 0, 3, 3, 1, 1, 1, 1, 2, 3, 3, 0, 0, 1, 2, 1, 3, 3, 2, 3, 3, 0, 1, 0, 1, 0, 1, 1, 1, 1, 1, 3, 1, 3, 3, 1, 3, 1, 3, 0, 0, 3, 1, 1, 0, 0, 3, 3, 1, 0, 1, 3, 3, 0, 1, 0, 1, 1, 3], "confidence_scores": [[0.24252072107367012, 0.23570710960543326, 0.30549479593082035, 0.21627737339007613], [0.12030928155888473, 0.1679406373046466, 0.3517218070345759, 0.3600282741018928], [0.42271223197021, 0.1436506760279616, 0.1879526594084829, 0.2456844325933456], [0.14645940095259324, 0.24009595878656417, 0.2383229798667313, 0.3751216603941113], [0.07738609188008487, 0.14337592964477286, 0.5258873701089193, 0.25335060836622286], [0.14524776918272728, 0.3919743924176498, 0.11328108132759286, 0.3494967570720301], [0.22504129238163487, 0.33052619222396, 0.1644512970913909, 0.27998121830301426], [0.1781413625710725, 0.4359489507769567, 0.1305397752492281, 0.25536991140274273], [0.09823289010506606, 0.28947328183016974, 0.35563563170031937, 0.2566581963644451], [0.5775882794128896, 0.23006178631098434, 0.10200969582728714, 0.090340238448839], [0.13547040339990382, 0.3126296834316001, 0.12193004450718402, 0.42996986866131215], [0.3071903463425051, 0.24117467080524424, 0.2628461805746936, 0.18878880227755726], [0.24883225919170687, 0.1761027132850557, 0.37649157724095256, 0.19857345028228493], [0.201033665915449, 0.19382122582867856, 0.36520076288555453, 0.23994434537031797], [0.1804971715136677, 0.33938232425047254, 0.21479048674927712, 0.2653300174865827], [0.5818103368503629, 0.1989793517036723, 0.13750812428020495, 0.08170218716576001], [0.4822617842852519, 0.2573967562578007, 0.11083848385315687, 0.14950297560379064], [0.33840928284623245, 0.21081553653804064, 0.12077840413382596, 0.32999677648190084], [0.1473245227899641, 0.1893798686443049, 0.4647990186745749, 0.19849658989115618], [0.4306443167229326, 0.25246650135078286, 0.0586654113582084, 0.2582237705680763], [0.17182881998946492, 0.183755998035203, 0.14293773230666212, 0.5014774496686699], [0.10154087073679369, 0.6430665079537055, 0.14951159560030067, 0.10588102570920013], [0.16379472622084534, 0.30591837115310544, 0.16534623355718486, 0.3649406690688645], [0.17169920900833166, 0.1602048958929963, 0.5007693063179591, 0.16732658878071308], [0.17305015132599988, 0.30916462497217106, 0.22644707525073843, 0.29133814845109085], [0.1865348285741713, 0.2542741654872668, 0.2241916252104842, 0.33499938072807767], [0.4749183012696567, 0.13707942352916538, 0.10392427896061714, 0.2840779962405607], [0.2225667443087236, 0.40952288539343873, 0.08568752210391589, 0.2822228481939218], [0.270830889712021, 0.3589058190557763, 0.1428798338605674, 0.22738345737163526], [0.34386789016626446, 0.32874100535362794, 0.17840696725275426, 0.1489841372273533], [0.3595957610275936, 0.42093848831980485, 0.1019985085114935, 0.11746724214110815], [0.20544856323814265, 0.3646996456502601, 0.11357113523406882, 0.3162806558775285], [0.24504742482944902, 0.3024077248078047, 0.16107678695775388, 0.2914680634049923], [0.30928754391148977, 0.3062110749263345, 0.09431087182826402, 0.29019050933391183], [0.28485875013718653, 0.37773946300416494, 0.13294457509526628, 0.20445721176338227], [0.39394502098839557, 0.3878523476357534, 0.09012959926106603, 0.128073032114785], [0.5103201505901583, 0.1872659445481237, 0.16434144752147511, 0.13807245734024284], [0.3425236439282761, 0.13742577350889523, 0.062029570815722364, 0.4580210117471063], [0.18246992983889074, 0.21435623325011247, 0.3419304762189064, 0.26124336069209064], [0.30961218501998294, 0.19249681929274062, 0.07891600562240693, 0.4189749900648695], [0.1699168742491598, 0.18671355479666144, 0.340318628711206, 0.3030509422429727], [0.22715040082370921, 0.1608432199560565, 0.3926622829762222, 0.2193440962440122], [0.10104228488394304, 0.5995829842591207, 0.06369793836534163, 0.23567679249159457], [0.1961361804601056, 0.18277762292729766, 0.2743781246478709, 0.34670807196472586], [0.2309132788450605, 0.24935575555087902, 0.10088840679768735, 0.4188425588063731], [0.15059225342344024, 0.44913192316089257, 0.09751209269601178, 0.3027637307196554], [0.3045503477831965, 0.28136190517606063, 0.1197470285211155, 0.2943407185196274], [0.3440176809666769, 0.2488036886664524, 0.13985178301958184, 0.26732684734728873], [0.2866001826425883, 0.27902230800778816, 0.20613649816912408, 0.22824101118049947], [0.18385146391739193, 0.47095274113629176, 0.10608975121538075, 0.23910604373093552], [0.23999758151059916, 0.45488135868062884, 0.17061399994437143, 0.13450705986440062], [0.2605575509661411, 0.376903520097935, 0.11154190752383245, 0.2509970214120916], [0.25716017073633174, 0.24879583776202863, 0.16212838845240865, 0.33191560304923085], [0.18315314542146377, 0.4655028744619356, 0.08699791255063655, 0.2643460675659642], [0.1747028495151091, 0.19012906004467683, 0.18451434316656773, 0.45065374727364643], [0.2156867864451117, 0.47656016978882254, 0.08828120366308326, 0.2194718401029825], [0.2340833035029989, 0.23779266074591515, 0.1833807298184793, 0.3447433059326067], [0.2381207362628679, 0.32673414373360615, 0.1679076397047481, 0.267237480298778], [0.15346109983410336, 0.23894350336492406, 0.3146631946590859, 0.29293220214188675], [0.38746068930655025, 0.19352927006821646, 0.21600853195148315, 0.20300150867375008], [0.31530400559899646, 0.3157122685531073, 0.13286756710271103, 0.23611615874518505], [0.2280087014437127, 0.33502288672486874, 0.1854611916817353, 0.2515072201496834], [0.26588922398801856, 0.20225640292034142, 0.2634984195043354, 0.26835595358730446], [0.1982661917205892, 0.23095067780719894, 0.33112256516284577, 0.2396605653093662], [0.5390339279090839, 0.191109310826378, 0.1646794354723066, 0.10517732579223134], [0.40984719585125307, 0.28460751482898883, 0.12769013955455255, 0.17785514976520578], [0.16650805672578914, 0.17158383914089326, 0.36084621073970735, 0.3010618933936102], [0.11666592713644196, 0.5869896826491865, 0.15891668904889825, 0.13742770116547331], [0.35692995875900085, 0.3876700531787579, 0.05639528267517504, 0.19900470538706624], [0.3662675008207165, 0.2810811488780309, 0.1595242332604155, 0.193127117040837], [0.18031857570219936, 0.30909531181655214, 0.15625425813877236, 0.3543318543424763], [0.11808711086610918, 0.19082152232543392, 0.3320919462570589, 0.3589994205513983], [0.34495822848708696, 0.3043882665849315, 0.1597280099889357, 0.19092549493904568], [0.45499997451126173, 0.31728281898308736, 0.07503402786842012, 0.15268317863723083], [0.20406125813547196, 0.3591901886388841, 0.17436745309291363, 0.2623811001327303], [0.5175684814692036, 0.2315418584490181, 0.14043557076180915, 0.11045408931996908], [0.24720131859104896, 0.3705556217127372, 0.11572775108363166, 0.2665153086125821], [0.20012728075873357, 0.3005609526887824, 0.1907300968708415, 0.3085816696816425], [0.25885724762272777, 0.22773290015613906, 0.1712347228698511, 0.3421751293512822], [0.4851846056651211, 0.1897220835663849, 0.0720540392020311, 0.253039271566463], [0.14736269301292537, 0.4468805164698052, 0.13814876469921847, 0.26760802581805093], [0.31545522150540956, 0.303246305653088, 0.13185156939688536, 0.24944690344461729], [0.2719656438260233, 0.31415596781620786, 0.327702009943319, 0.08617637841444994], [0.25589127862358796, 0.36377592148715304, 0.18747877026710966, 0.19285402962214954], [0.29333377488715734, 0.245911160712819, 0.18013404782350498, 0.2806210165765188], [0.2337509496430376, 0.27212145930997733, 0.1862061993174988, 0.30792139172948635], [0.21760597165858775, 0.29307787504983857, 0.11653083623153637, 0.3727853170600374], [0.14822754233286703, 0.5555252567694781, 0.07229350896345402, 0.22395369193420084], [0.18791377018751532, 0.44929163111630444, 0.111869048394169, 0.25092555030201125], [0.16068782423568512, 0.34401231732437054, 0.3144067544866603, 0.18089310395328384], [0.23341267199181995, 0.4034092817122389, 0.10652647867468233, 0.256651567621259], [0.1954264274466422, 0.28655759929213026, 0.3331348275020769, 0.1848811457591506], [0.21064799981791438, 0.21626378378687475, 0.11361175232781613, 0.4594764640673948], [0.3088202670081579, 0.09978528570716935, 0.23150879508447722, 0.3598856522001956], [0.48251405994298086, 0.14408408935555733, 0.12093907092047691, 0.2524627797809849], [0.43027433177339003, 0.2032867783388076, 0.16508973772804003, 0.20134915215976235], [0.21008191066410176, 0.39153708944936366, 0.26307781828819576, 0.13530318159833873], [0.20583272090067822, 0.26354082155130076, 0.3863751419399112, 0.1442513156081098], [0.2847193988135983, 0.2921086117163002, 0.2260455118971101, 0.19712647757299134], [0.2145572069452842, 0.11290921585736588, 0.05572659771226816, 0.6168069794850818], [0.21906811035255333, 0.27869304237373116, 0.1673428459456595, 0.33489600132805625], [0.205376026116006, 0.27330288177709955, 0.35008034437475843, 0.17124074773213593], [0.3054289576079643, 0.1406292644306307, 0.1590391303488414, 0.3949026476125638], [0.2064240425993907, 0.26205648269598375, 0.2080915592761291, 0.32342791542849647], [0.36628640321347467, 0.20389028963435543, 0.14062797039869188, 0.2891953367534781], [0.26080495078903243, 0.39343811690321867, 0.11608705964186355, 0.2296698726658854], [0.4341378364601825, 0.1206681250383355, 0.1875864468882305, 0.2576075916132514], [0.16228091708292858, 0.4266035552900393, 0.14660016447766472, 0.2645153631493675], [0.2916147963389539, 0.25302434009400243, 0.1922975215330645, 0.26306334203397924], [0.2709719098087664, 0.31533994827090156, 0.22619068517067883, 0.1874974567496532], [0.27884271346331185, 0.3279189300402446, 0.15405465568657595, 0.23918370080986756], [0.21411646242262222, 0.5044285896760652, 0.11444898549424543, 0.16700596240706733], [0.15178584270097764, 0.4287183047717541, 0.24012034417184802, 0.17937550835542024], [0.1526543414885873, 0.3791805845100214, 0.14020907480144784, 0.3279559991999436], [0.22561610600140292, 0.19453306078331598, 0.16199697846802075, 0.41785385474726044], [0.12932896218341255, 0.557527455344599, 0.09131669455028424, 0.2218268879217042], [0.17802157743012145, 0.26565621717424326, 0.19075851094289245, 0.3655636944527429], [0.16390746991327018, 0.29338531614542734, 0.15187421484554803, 0.3908329990957544], [0.2792243239326358, 0.2891807356046211, 0.14722818271527552, 0.2843667577474676], [0.21369891099861352, 0.25883686207094186, 0.25624197391569764, 0.271222253014747], [0.1785954445521231, 0.37829644354532077, 0.2501886885728392, 0.19291942332971698], [0.23743946014403355, 0.3003402441987273, 0.10236686839974714, 0.35985342725749225], [0.38428666775368203, 0.2643595757271908, 0.19513517985314036, 0.1562185766659867], [0.407394850949577, 0.2402582723167218, 0.08428431442250829, 0.268062562311193], [0.2149189460832884, 0.2761797006285628, 0.18031230059110442, 0.32858905269704447], [0.27412777973114766, 0.4729988483079559, 0.062041646136091554, 0.190831725824805], [0.2924914874069107, 0.3307799533135443, 0.1561625557473204, 0.22056600353222477], [0.509096915848169, 0.13420756076147874, 0.07524622384441462, 0.28144929954593784], [0.49093088437847865, 0.17413819187622856, 0.14411631539140585, 0.19081460835388703], [0.26245339920805444, 0.2137528659369984, 0.10147907922800253, 0.42231465562694454], [0.12427420804380106, 0.27363269265079004, 0.23310558481843371, 0.3689875144869754], [0.19846948041767382, 0.35748995473845996, 0.25657541209488594, 0.18746515274898026], [0.38286183170872035, 0.34240044382872026, 0.08332869532759526, 0.19140902913496427], [0.2525503275428525, 0.3517650203177772, 0.11781638695701963, 0.27786826518235086], [0.18611549681058634, 0.19166810238670912, 0.17120357533581812, 0.4510128254668864], [0.2761328577386629, 0.24080394168001504, 0.17132711129429906, 0.31173608928702295], [0.47126158410797475, 0.11684593707981669, 0.22742217234910506, 0.1844703064631036], [0.2322713773646409, 0.32140711374196357, 0.19366831232451678, 0.25265319656887875], [0.3871638581791005, 0.2188320624604754, 0.10264116502737758, 0.2913629143330466], [0.19491279508545495, 0.35427116490089205, 0.24574294369554806, 0.205073096318105], [0.21468960199738105, 0.3324837854596295, 0.22763720794976755, 0.22518940459322218], [0.20168745999549362, 0.3388365213959601, 0.11068403195475733, 0.348791986653789]]}, "rewritten": {"ids": ["97106000", "97106600", "97112170", "97114170", "97116410", "97116500", "98106111", "98106560", "98107010", "98107340", "98108150", "98108410", "98108580", "98109230", "98109570", "98111620", "98111670", "98112300", "98116090", "98116500", "98116940", "98120010", "98120530", "99107640", "99107660", "99108080", "99108520", "99109860", "99111930", "99112300", "99117740", "99121440", "100108520", "100110050", "100110260", "100111620", "100117420", "101108121", "101108580", "101110200", "101111310", "101113210", "101119591", "102111990", "102112030", "102112301", "102113981", "103111170", "103111930", "103113170", "103113260", "104111990", "104112201", "104114230", "104114410", "104116800", "104118070", "105113260", "105116090", "105118171", "105121190", "106112770", "106113260", "106114280", "106114321", "106114880", "106115120", "106115240", "106116820", "106116850", "106120290", "106120640", "107113260", "107113550", "107114200", "107115140", "107115250", "107116300", "107119390", "107120260", "108114270", "108115870", "108116481", "108116501", "108117360", "108117610", "108118630", "108120621", "108121190", "108121351", "109114651", "109115220", "109115380", "109116750", "109117600", "109118231", "109119010", "109119340", "109121410", "110114720", "110117080", "110118301", "110118701", "110118810", "110120190", "110120531", "110121140", "111116040", "111116090", "111116290", "111116750", "111117480", "111117571", "111118810", "111119150", "111119580", "111120280", "111120640", "111121351", "112116800", "112117210", "112117790", "112118530", "112118581", "112118880", "112118890", "112119320", "112120290", "112120540", "112120670", "113117401", "113117630", "113119360", "113120640", "113120830", "113121750", "113121950", "113121980", "113122150", "113122190", "113122430", "113122510"], "labels": [0, 3, 0, 2, 3, 2, 0, 1, 3, 0, 0, 1, 0, 1, 1, 3, 1, 2, 0, 2, 2, 2, 1, 1, 3, 3, 2, 2, 1, 0, 2, 2, 2, 3, 3, 3, 2, 0, 0, 2, 3, 3, 0, 2, 2, 1, 1, 2, 3, 3, 3, 2, 0, 2, 1, 1, 2, 3, 1, 3, 2, 1, 3, 3, 2, 0, 1, 1, 1, 3, 2, 3, 0, 0, 2, 0, 2, 0, 2, 1, 3, 3, 0, 0, 1, 3, 1, 1, 1, 3, 3, 3, 3, 0, 1, 1, 3, 3, 0, 3, 1, 1, 3, 1, 3, 0, 3, 0, 3, 2, 3, 1, 3, 0, 3, 3, 0, 0, 0, 0, 1, 3, 1, 1, 1, 3, 1, 1, 3, 2, 3, 0, 0, 0, 3, 0, 3, 2, 2, 1, 2, 2], "predicted_labels": [3, 1, 1, 3, 1, 1, 1, 3, 1, 3, 0, 0, 1, 2, 3, 3, 0, 0, 0, 0, 1, 1, 1, 3, 1, 1, 1, 1, 1, 2, 1, 0, 0, 3, 0, 1, 1, 1, 0, 1, 0, 3, 0, 0, 1, 1, 1, 1, 1, 2, 1, 0, 3, 1, 3, 3, 0, 1, 3, 2, 1, 3, 0, 3, 2, 3, 0, 0, 1, 0, 1, 1, 1, 0, 0, 3, 1, 1, 1, 1, 1, 3, 0, 1, 3, 3, 3, 0, 1, 3, 3, 1, 0, 1, 1, 0, 1, 0, 1, 0, 1, 1, 1, 0, 1, 1, 2, 3, 3, 0, 3, 3, 1, 3, 0, 0, 0, 1, 1, 1, 1, 3, 1, 1, 1, 1, 2, 0, 0, 2, 0, 3, 3, 1, 0, 1, 2, 3, 2, 3, 3, 0], "confidence_scores": [[0.1690333187109896, 0.20574810147223857, 0.21166527783276323, 0.4135533019840087], [0.19943989649944935, 0.4070049855838656, 0.1344878390366461, 0.25906727888003905], [0.273821450992264, 0.3165802589679818, 0.13453371515775106, 0.2750645748820031], [0.27116160435775294, 0.2450957491362161, 0.15141682989317923, 0.33232581661285165], [0.21676496351720678, 0.3171336619949595, 0.18681235286961914, 0.27928902161821456], [0.17037159417457032, 0.41954611418139204, 0.18998305976436594, 0.2200992318796718], [0.24245157118075011, 0.4883519074782834, 0.09695849598249857, 0.17223802535846802], [0.20780976725951167, 0.13724967976939603, 0.14897533419271222, 0.5059652187783801], [0.21942589726232065, 0.3605738228293532, 0.18849856953895558, 0.23150171036937073], [0.24690422517664398, 0.2392737606520561, 0.16499120310412038, 0.34883081106717967], [0.4480276233333573, 0.17446938783323965, 0.1678948394003618, 0.2096081494330413], [0.5006501630470044, 0.26442162668387786, 0.09767839899798074, 0.13724981127113697], [0.2806955201179866, 0.28464927580409766, 0.2023489117744417, 0.23230629230347397], [0.13675104718708625, 0.17192313746658705, 0.546096916481429, 0.14522889886489776], [0.18863837610757828, 0.3034247889106918, 0.0823369920172372, 0.42559984296449277], [0.25967159978220045, 0.31931602542066306, 0.07843229504962805, 0.34258007974750837], [0.3736378819742227, 0.19876850657772488, 0.11573440473172626, 0.31185920671632616], [0.6023462314958203, 0.19969571655386958, 0.05187675933713239, 0.14608129261317754], [0.3928942811137303, 0.27007509393177065, 0.1424958260922093, 0.19453479886228955], [0.3138085272528428, 0.2936710593987756, 0.10257706841713823, 0.28994334493124335], [0.25394842457788847, 0.4354933217865533, 0.11058018362496999, 0.1999780700105881], [0.28094380976539496, 0.30359626481027113, 0.1722101073591618, 0.2432498180651721], [0.13807947414382632, 0.45129974311921206, 0.10415159233663922, 0.30646919040032233], [0.10546287184439425, 0.31332767498738745, 0.15103376247966904, 0.4301756906885493], [0.11902371006105723, 0.5978044447771147, 0.12875910233938298, 0.1544127428224452], [0.22531215363269924, 0.29561474122421255, 0.2897014196808765, 0.18937168546221167], [0.19794477024121138, 0.5357868653829775, 0.11871190148536526, 0.14755646289044577], [0.21300267515959906, 0.41172317320373886, 0.16806173538496905, 0.20721241625169307], [0.1608020413056002, 0.5007159368396152, 0.14486933059126247, 0.1936126912635221], [0.28732320904368286, 0.178277141829077, 0.34746842390796934, 0.1869312252192709], [0.27672588733821063, 0.30833576925613293, 0.13390303007155938, 0.28103531333409715], [0.3180064918880386, 0.25978660973742723, 0.20216876596435487, 0.22003813241017955], [0.3154832865514986, 0.25247740356696907, 0.1382785521436207, 0.2937607577379116], [0.2069350758205096, 0.2656267282832728, 0.20299632381797292, 0.32444187207824476], [0.3374408953522545, 0.27511588746232857, 0.0924829587521415, 0.2949602584332754], [0.17584659193000507, 0.5518886151386335, 0.15300256863072903, 0.11926222430063235], [0.14658852507479117, 0.46617374689938545, 0.21468464716122734, 0.17255308086459603], [0.23826214217675118, 0.3338580280406819, 0.18807888114299762, 0.23980094863956922], [0.4238185318808092, 0.14569124325466073, 0.08590487158411815, 0.34458535328041184], [0.22256083169065294, 0.4322041513345273, 0.09437161465336653, 0.2508634023214534], [0.35558450115475815, 0.3323235657108858, 0.0915827631007159, 0.22050917003364012], [0.22298475932604217, 0.26987550363640994, 0.20229944908251374, 0.30484028795503415], [0.33279425391621814, 0.22147362631274078, 0.15545690155912475, 0.2902752182119163], [0.3888750721089766, 0.27590808717481147, 0.0984162437311763, 0.23680059698503556], [0.2672426096159117, 0.3400954856789819, 0.17787989865369175, 0.2147820060514148], [0.24454996215098612, 0.2899400170491849, 0.23459435159701597, 0.230915669202813], [0.15694046146932025, 0.6065643955124754, 0.11520799862483289, 0.12128714439337145], [0.1732816945917154, 0.4689983370737832, 0.13767987712645377, 0.22004009120804768], [0.15899221908825112, 0.6440363961749738, 0.08038640209630764, 0.11658498264046731], [0.16741055759889764, 0.19008457401602086, 0.3253972776856203, 0.31710759069946126], [0.1732222199620183, 0.5364893170960519, 0.09615301148365006, 0.19413545145827976], [0.2926991264897435, 0.24408633960827825, 0.19023056434567703, 0.2729839695563012], [0.2345499541474404, 0.23599096461261665, 0.15439120486615707, 0.3750678763737859], [0.22854726858845928, 0.31781059899959285, 0.2542297224225188, 0.1994124099894293], [0.288160426551805, 0.2013659263387125, 0.13517709226912933, 0.37529655484035307], [0.22198925987854878, 0.2938948056587548, 0.14326565536976754, 0.3408502790929291], [0.30272175680106206, 0.2328688757715831, 0.1672845598450327, 0.2971248075823223], [0.24745910712849273, 0.4435692398155696, 0.11118316427051277, 0.1977884887854249], [0.26941145392327814, 0.21214236141771678, 0.2219010398905749, 0.2965451447684301], [0.1353592888166845, 0.2175174530045984, 0.48762039032840265, 0.1595028678503145], [0.10573862290087797, 0.3492250842734453, 0.32441228692782514, 0.22062400589785156], [0.15135144916705345, 0.20745381698114487, 0.1594420821640361, 0.48175265168776554], [0.4067780050528612, 0.34669520940976917, 0.08776998490310545, 0.15875680063426412], [0.2449922769626015, 0.2696391653857985, 0.1367502417878436, 0.34861831586375647], [0.23831724174252766, 0.1881042683301292, 0.29834311599448443, 0.2752353739328587], [0.24714301474465536, 0.2658634459287152, 0.2064301071762287, 0.2805634321504009], [0.4259264166792157, 0.1828038004300018, 0.12300783305056857, 0.26826194984021395], [0.3263535288837506, 0.3225251780909395, 0.19123824459718236, 0.15988304842812748], [0.20380738375895713, 0.49440993746045536, 0.061401853241774176, 0.24038082553881354], [0.41170936291205196, 0.16449063499399175, 0.13879283831108227, 0.28500716378287405], [0.22689272002247865, 0.36328012472718346, 0.17981698947648475, 0.23001016577385333], [0.15459888218955986, 0.4394320480811791, 0.1683198436906225, 0.23764922603863864], [0.17645401115482537, 0.49944815232760936, 0.11501200008366559, 0.2090858364338998], [0.32749622568799397, 0.2721835340845388, 0.14913781151793498, 0.2511824287095322], [0.34375926997566747, 0.25753816544994973, 0.07589661897102064, 0.32280594560336195], [0.2487140082062293, 0.20158719185037915, 0.15368292467867398, 0.3960158752647176], [0.20538954230309378, 0.3426722375203736, 0.21471873065372074, 0.23721948952281185], [0.22514948817536592, 0.39598819284322967, 0.1311769125343362, 0.24768540644706835], [0.2969276101409829, 0.3449016453451453, 0.13727073170282433, 0.22090001281104746], [0.2138599153940319, 0.32897626534990443, 0.29666415101620963, 0.160499668239854], [0.24396090637282694, 0.3903891378470271, 0.1400944040869387, 0.2255555516932073], [0.28351130079776815, 0.24242900019691396, 0.08968956004703842, 0.3843701389582796], [0.3275463760482143, 0.29898044810629765, 0.08597943955726543, 0.2874937362882226], [0.1330666560815854, 0.49687890311928895, 0.11989232132373573, 0.2501621194753901], [0.226524452151209, 0.21419118295025297, 0.16877403537749966, 0.3905103295210384], [0.2041547094815675, 0.32957847596132933, 0.12148123648310583, 0.34478557807399735], [0.2531817029454785, 0.3011617213754328, 0.09136801797563, 0.3542885577034589], [0.377733212737162, 0.37716131339344844, 0.1009461453645814, 0.1441593285048081], [0.15075971227587742, 0.37155337529330745, 0.18525734167101118, 0.29242957075980386], [0.23018834790137768, 0.19600026950709218, 0.23545792753613473, 0.3383534550553955], [0.25693338043718317, 0.22535348983016676, 0.10560945184972395, 0.41210367788292623], [0.29829590328737343, 0.3467460637714988, 0.12847308697654058, 0.2264849459645872], [0.3083807931768192, 0.27359949542675405, 0.18037110342615056, 0.2376486079702762], [0.20961091820853567, 0.3726944179244722, 0.18245837065271736, 0.23523629321427483], [0.2606675193146637, 0.4331733941246873, 0.11687501124551086, 0.18928407531513816], [0.3075465499517025, 0.30699544099780096, 0.11655062919862437, 0.26890737985187224], [0.20700641416347493, 0.44804086451362224, 0.14592349013295908, 0.19902923118994384], [0.3723561255203095, 0.2605202095686576, 0.1771067069729433, 0.19001695793808976], [0.24622135407991882, 0.29672976052632577, 0.23264364706571422, 0.22440523832804118], [0.34785609975492326, 0.32611445504189446, 0.1703902908605643, 0.1556391543426177], [0.14296096967851266, 0.4408844882295162, 0.20939666947958838, 0.20675787261238285], [0.1457922794998503, 0.5739083684917685, 0.1153013971902655, 0.1649979548181156], [0.20627917692720574, 0.4071615087363573, 0.1989662100044845, 0.18759310433195242], [0.30747699235509185, 0.28899052062455577, 0.1246288214901169, 0.2789036655302355], [0.08815112028677793, 0.6836129337847637, 0.042800067259208985, 0.18543587866924924], [0.23684827895868782, 0.397937488569777, 0.07366123322073406, 0.29155299925080114], [0.13642118812447188, 0.23468934732838154, 0.45206532703227464, 0.17682413751487194], [0.24039125326469668, 0.3035133776647458, 0.14512382666455595, 0.3109715424060017], [0.21235603063454733, 0.17177210373119645, 0.2941308076837083, 0.3217410579505481], [0.34462261548452716, 0.2621086029415276, 0.10243067691892764, 0.2908381046550177], [0.40392411951072793, 0.12113250939743199, 0.0698864025187643, 0.40505696857307577], [0.14708700126808874, 0.3107655318373434, 0.1162263021411454, 0.4259211647534225], [0.24950800107090562, 0.588356382586506, 0.05832736452575374, 0.10380825181683466], [0.2526397725625643, 0.2946433561902468, 0.13945703878113871, 0.3132598324660502], [0.44206965330126274, 0.21537698618643175, 0.19927513350952167, 0.14327822700278373], [0.6538533901050442, 0.10500777779271829, 0.09992358933245228, 0.14121524276978534], [0.35620403778206144, 0.320501524372466, 0.0870026964032864, 0.2362917414421862], [0.12830725162171897, 0.5894948280352486, 0.07886384370272832, 0.20333407664030417], [0.25567509219847717, 0.35193932744162304, 0.15364588838947993, 0.23873969197041978], [0.279492107853711, 0.30419670922629793, 0.12814472272312594, 0.2881664601968652], [0.20781585419446338, 0.3145559939029091, 0.2260423158629861, 0.25158583603964135], [0.2377775138603699, 0.25465583233553607, 0.12778372675215194, 0.37978292705194217], [0.14298579988882096, 0.511345754614463, 0.18921279484250683, 0.15645565065420916], [0.1826908558183058, 0.430258204628343, 0.19005832125225966, 0.19699261830109147], [0.2616425355403635, 0.35685630668519247, 0.1865872298149785, 0.19491392795946572], [0.3011690372109237, 0.37979050793653274, 0.10976887499230352, 0.2092715798602403], [0.1885477691462845, 0.32422635938917915, 0.3253709406120101, 0.16185493085252622], [0.3318831903241236, 0.2584985978491062, 0.16449284014874674, 0.24512537167802345], [0.36210361788721496, 0.20168131921183022, 0.17937723506769873, 0.25683782783325604], [0.17822088026873603, 0.20597034382048432, 0.425241924633346, 0.1905668512774337], [0.41255687101470145, 0.30963910610248113, 0.08462797026291388, 0.19317605261990353], [0.1147183846217439, 0.3026664093666447, 0.14126116421193047, 0.44135404179968096], [0.21539411524000524, 0.20984792185444573, 0.16027093076212529, 0.41448703214342375], [0.18536383375320084, 0.44836286657543406, 0.15730132798884452, 0.20897197168252052], [0.28928053562526446, 0.26322709097870317, 0.2609890213924427, 0.18650335200358967], [0.2862444949273119, 0.37200076199094495, 0.07555118693823998, 0.26620355614350316], [0.16838619975707622, 0.14239174405083718, 0.35569597162142563, 0.3335260845706612], [0.17858343275442937, 0.1323165365597451, 0.20189568277584724, 0.48720434790997824], [0.1840944609059676, 0.21873927803988588, 0.34246064083305244, 0.2547056202210942], [0.11726152778291592, 0.09773752731894883, 0.1984423396391063, 0.5865586052590289], [0.19748543523161186, 0.270447209147409, 0.25275710142075614, 0.2793102542002231], [0.3431110289555531, 0.28719746231647336, 0.21021089737060705, 0.1594806113573664]]}}