{"test": {"ids": ["110119300", "101121640", "107118820", "110118740", "111121930", "112118550", "107113260", "106116640", "110121500", "104116800", "108121160", "108118291", "112118820", "97105580", "100120780", "110116170", "98106560", "104113190", "110114651", "98117740", "102110240", "102116500", "107116340", "98107010", "102121700", "97105451", "101119591", "108113740", "99107560", "98111231", "113122120", "98110810", "103113210", "109121640", "113122510", "108115250", "111119930", "110116501", "97112290", "102110750", "107115140", "106119260", "104111550", "99109161", "108117451", "109114720", "105115900", "108113760", "105113480", "110118930", "103112470", "101110150", "107116300", "109118231", "101108460", "111120220", "111118301", "113118870", "102121440", "108117610", "111121351", "112117571", "109117080", "109117431", "98108410", "110115140", "109117150", "107113550", "103111830", "102113350", "113118421", "101110740", "104118340", "104118070", "108118060", "97112170", "99116500", "103118291", "101112540", "102118380", "112120630", "102109840", "110114610", "113119930", "97110950", "99110730", "98107210", "112119580", "100109890", "101111210", "111114321", "101111990", "107113840", "106112770", "109114220", "109116040", "108113620", "112118810", "105115380", "109120150", "111115620", "113121190", "106116850", "108115570", "112119320", "111119300", "100111620", "110118121", "102113210", "97106770", "110117080", "97107950", "103112641", "98106680", "113120540", "112117790", "98109230", "107117630", "111119290", "112118930", "102109010", "107121640", "113122170", "107118780", "106114321", "111116990", "99107660", "98108150", "108119330", "108119550", "108120280", "104112470", "112118581", "101109370", "108114360", "98109090", "103117200", "98111860", "101116130", "99111620", "99108330", "98108580"], "labels": [1, 2, 3, 3, 1, 3, 0, 3, 3, 1, 2, 3, 0, 1, 1, 0, 1, 3, 3, 2, 3, 1, 3, 3, 1, 0, 0, 3, 1, 1, 1, 1, 3, 0, 2, 1, 1, 3, 1, 1, 0, 1, 1, 3, 2, 0, 3, 1, 0, 1, 1, 1, 0, 1, 0, 3, 3, 0, 2, 3, 0, 3, 1, 1, 1, 0, 2, 0, 3, 3, 3, 3, 2, 2, 1, 0, 2, 0, 2, 1, 3, 2, 1, 1, 3, 3, 1, 3, 3, 2, 1, 2, 3, 1, 3, 0, 3, 3, 1, 2, 1, 1, 3, 3, 1, 1, 3, 3, 3, 3, 1, 2, 3, 1, 3, 3, 1, 0, 3, 1, 1, 1, 1, 1, 2, 0, 3, 0, 0, 1, 3, 1, 1, 1, 1, 1, 0, 0, 2, 3, 1, 0], "predicted_labels": [0, 2, 2, 0, 0, 1, 1, 1, 3, 3, 1, 0, 3, 0, 2, 3, 0, 3, 0, 3, 0, 0, 1, 1, 0, 1, 0, 0, 1, 0, 2, 1, 0, 1, 1, 0, 0, 0, 3, 2, 3, 2, 3, 0, 0, 2, 2, 0, 3, 0, 1, 0, 0, 0, 1, 0, 3, 1, 3, 3, 1, 0, 3, 1, 3, 3, 1, 1, 3, 1, 3, 0, 1, 1, 0, 1, 1, 1, 1, 1, 0, 1, 1, 0, 3, 3, 0, 1, 2, 3, 1, 0, 1, 2, 1, 2, 1, 1, 2, 2, 0, 3, 2, 0, 3, 3, 1, 0, 2, 2, 3, 3, 3, 2, 0, 1, 2, 1, 3, 1, 3, 2, 1, 1, 1, 3, 2, 1, 0, 2, 3, 2, 1, 1, 3, 2, 1, 0, 3, 3, 1, 2], "confidence_scores": [[0.44690665629206944, 0.3091050754952703, 0.08339095937701928, 0.16059730883564116], [0.11566604226312442, 0.21141104322252025, 0.3929538725966412, 0.2799690419177142], [0.24329760171293985, 0.21339829982511352, 0.2738286458273367, 0.2694754526346099], [0.4814962052957654, 0.21828674173288953, 0.08023471655443168, 0.2199823364169134], [0.4403027007444071, 0.3368902195417241, 0.05577714229511959, 0.1670299374187492], [0.14421522672582243, 0.43058867779193033, 0.043469150321487855, 0.38172694516075945], [0.24633894907748083, 0.3999788948711937, 0.16056562831748522, 0.19311652773384017], [0.1466798353606611, 0.5488082614734899, 0.09046454707946378, 0.21404735608638528], [0.21354292751892995, 0.216424181525195, 0.03250332237764993, 0.5375295685782251], [0.15281450278962935, 0.17057834597301913, 0.12081282035873844, 0.5557943308786131], [0.38979501789435106, 0.38996749086170485, 0.08367215684751142, 0.1365653343964326], [0.5868249532006592, 0.14771789040639008, 0.07661152803116639, 0.1888456283617843], [0.25295314337516117, 0.17964182213012855, 0.027507109588755303, 0.539897924905955], [0.37807586591432346, 0.21421532068459342, 0.14997033008248553, 0.2577384833185975], [0.26418618226878915, 0.22539183403595991, 0.27296832144416183, 0.237453662251089], [0.22795597080777627, 0.3089482029490124, 0.10296063407647996, 0.36013519216673157], [0.3044822071708222, 0.20655866196361336, 0.18932785380199937, 0.2996312770635651], [0.23741778104487915, 0.20106167775901498, 0.07500534899606884, 0.48651519220003714], [0.4575987725501138, 0.26641760185223273, 0.13833320610388866, 0.137650419493765], [0.2092625822874468, 0.20418449785303278, 0.07018505141509572, 0.5163678684444247], [0.3924817189102123, 0.25368817862957815, 0.14035446552147893, 0.21347563693873084], [0.5404084565403945, 0.21321210319679315, 0.10569412466993494, 0.14068531559287747], [0.34976476031781145, 0.3935663677063422, 0.13288010801933572, 0.12378876395651066], [0.2628062596218126, 0.4700865213644761, 0.07903193542388066, 0.18807528358983044], [0.3296057373346424, 0.28772880581037, 0.1406521054315829, 0.24201335142340483], [0.21784890084009553, 0.30408852487096505, 0.20453111649279673, 0.2735314577961427], [0.3452303142689063, 0.22553320800855883, 0.18057215092278686, 0.24866432679974815], [0.3872176191547594, 0.2820630228428989, 0.10464876973978254, 0.2260705882625591], [0.15830581305445487, 0.4613647246063766, 0.17592920137072188, 0.20440026096844666], [0.3884194156034961, 0.2907095612616154, 0.08969950109990077, 0.23117152203498773], [0.30187157384857755, 0.20451511108088802, 0.30453461368614854, 0.18907870138438582], [0.1244551950454311, 0.4567236288843417, 0.2637480427167282, 0.1550731333534989], [0.4049324460399413, 0.2194517733874815, 0.16472250465093266, 0.21089327592164442], [0.08586218196655498, 0.5071365955147599, 0.0675685857685525, 0.3394326367501328], [0.0959136723343171, 0.5034294758272703, 0.19458329008293543, 0.20607356175547722], [0.31244361922182134, 0.2486210087267839, 0.16964839357215208, 0.26928697847924277], [0.41441415693768613, 0.19326915713485754, 0.10066865599139381, 0.2916480299360625], [0.3890149022453856, 0.19978887275209792, 0.10198626398227674, 0.3092099610202397], [0.260952516886832, 0.17472815672599085, 0.15355442854035065, 0.4107648978468264], [0.13472511205414464, 0.24752511397453553, 0.4026652490225085, 0.21508452494881133], [0.16197237749727714, 0.19248537205141872, 0.08602696997449796, 0.5595152804768062], [0.2015545515544327, 0.18446815968054725, 0.48202051082669356, 0.13195677793832655], [0.14902226882168454, 0.27285519942337755, 0.2811706428742704, 0.29695188888066765], [0.40851486344161986, 0.18274341175940542, 0.26171104350970675, 0.14703068128926794], [0.4730848128424965, 0.16039300418771324, 0.10612756664778486, 0.26039461632200545], [0.1711663990297182, 0.26787299360699274, 0.3732603417065041, 0.187700265656785], [0.10895313700696517, 0.2623610164554873, 0.34106962651589, 0.28761622002165743], [0.32654618147806735, 0.23392929860072653, 0.2584305358588799, 0.18109398406232613], [0.3016139625310468, 0.18788305701585745, 0.11635148294373897, 0.3941514975093568], [0.3605898582531472, 0.26389073186692663, 0.13809232816043313, 0.2374270817194931], [0.3039196924674672, 0.32870251402029604, 0.19113071768510284, 0.17624707582713406], [0.3484478622670875, 0.20696769502786452, 0.24090217004264491, 0.20368227266240302], [0.5634970051015215, 0.17441512211077798, 0.08413976560200861, 0.177948107185692], [0.2662880299770942, 0.244790614437285, 0.25000509748011907, 0.23891625810550182], [0.23090236798804273, 0.4867841539543486, 0.18630548443515052, 0.0960079936224582], [0.4702583957974576, 0.21578742788446284, 0.16086594569521204, 0.15308823062286728], [0.3174250903053296, 0.22442908194010852, 0.09019850549018672, 0.36794732226437527], [0.32457611686568866, 0.37954780345823086, 0.11785878109544116, 0.17801729858063922], [0.13237816661974994, 0.37085929946018736, 0.07344439296230065, 0.42331814095776193], [0.11411122404942065, 0.16080633720251308, 0.10130437056229963, 0.6237780681857666], [0.22410216214143816, 0.3476378691640058, 0.12828764828267286, 0.299972320411883], [0.609275963493975, 0.17473859224426047, 0.053288033801105285, 0.16269741046065941], [0.21170653609695145, 0.2816611741157838, 0.14015225781596874, 0.36648003197129614], [0.14180328250379604, 0.4777444011848704, 0.19306147970007315, 0.18739083661126063], [0.20314648017041279, 0.31631021977483675, 0.07701415796597423, 0.4035291420887764], [0.18755550067871088, 0.19542322398264192, 0.15890668606628153, 0.45811458927236576], [0.22366838597687014, 0.3218603718112915, 0.2998724266393358, 0.1545988155725026], [0.1557680319479117, 0.3188986651106819, 0.24618156485568127, 0.2791517380857254], [0.24409256673425483, 0.17825550112635205, 0.12666357143745763, 0.45098836070193554], [0.1397365793035823, 0.4458923982144525, 0.23825026961438736, 0.17612075286757803], [0.21590259770341058, 0.20174829399223795, 0.08876482369524205, 0.49358428460910947], [0.5964193265589673, 0.17747751970875156, 0.10124994618656827, 0.12485320754571294], [0.15336065659134088, 0.4433339989786743, 0.23099030235658874, 0.17231504207339612], [0.1837394803342834, 0.4238153056156771, 0.14929300034044485, 0.24315221370959483], [0.36487321626954095, 0.23736918256607173, 0.08026381212577476, 0.31749378903861264], [0.26285571039436734, 0.327647086221423, 0.14294005456329065, 0.2665571488209191], [0.14848706962243705, 0.33899834209920143, 0.22496904365393428, 0.28754554462442733], [0.18816278286312588, 0.3173845159184415, 0.18621044762887104, 0.3082422535895615], [0.31221378304019526, 0.31446028159542366, 0.13409366858473398, 0.23923226677964707], [0.21994492693561024, 0.32219352607086116, 0.1881889208445342, 0.2696726261489944], [0.496222787441202, 0.22191570402617938, 0.097270176089727, 0.18459133244289164], [0.20692147125100263, 0.413574484513403, 0.23025512715962282, 0.14924891707597165], [0.1772984583687731, 0.46294638193080984, 0.1039806556794536, 0.25577450402096363], [0.39359075906415536, 0.19786234891478513, 0.07690744299670803, 0.3316394490243516], [0.14961815971320563, 0.28503311273350385, 0.12100039912753842, 0.4443483284257521], [0.1507626611588927, 0.17765976060613753, 0.2350241711473849, 0.436553407087585], [0.37292470948082596, 0.22618608362674675, 0.22490933964230803, 0.17597986725011946], [0.259716194380953, 0.35012422210544697, 0.11310624433544646, 0.2770533391781537], [0.22731589556932383, 0.13872031861945652, 0.5760725440492986, 0.0578912417619211], [0.19173826013457945, 0.11773799044764728, 0.17866616652492237, 0.5118575828928511], [0.22139809510248334, 0.39831057899479966, 0.16500668211041197, 0.21528464379230505], [0.3316989724550362, 0.23179032712376493, 0.12297652400633324, 0.3135341764148657], [0.3024025207509929, 0.3650525439068338, 0.1188352424603474, 0.21370969288182604], [0.14637900966388243, 0.15932423210327923, 0.49407480967019596, 0.20022194856264247], [0.2590751114382552, 0.40480282078915575, 0.10962335565865751, 0.22649871211393158], [0.126482965459187, 0.3021264855567122, 0.3464594774324341, 0.2249310715516668], [0.19304681269357649, 0.6028135384413804, 0.07702911391309152, 0.12711053495195154], [0.18602835533473344, 0.5218776755375871, 0.0758897307012143, 0.21620423842646516], [0.16091512528760804, 0.23219023959010668, 0.36894163165308713, 0.23795300346919823], [0.2440687260184415, 0.2132878771003315, 0.2961458179268868, 0.2464975789543403], [0.43852464577619404, 0.21658518494420492, 0.1877260626927166, 0.15716410658688446], [0.29098866436246085, 0.19072766770000446, 0.2199196610306174, 0.2983640069069173], [0.07925452097544194, 0.24780695176494705, 0.4521123122811321, 0.22082621497847885], [0.45301995409940127, 0.1670178552149878, 0.16744864622499417, 0.21251354446061674], [0.15023115229386932, 0.26338228992151147, 0.25265232934581916, 0.3337342284387999], [0.30077174342196855, 0.2068473645867395, 0.09538353801994302, 0.396997353971349], [0.27435755492975966, 0.38946323522188037, 0.20151141207000745, 0.1346677977783526], [0.4315566561357253, 0.2539356149764244, 0.07279584754072022, 0.24171188134713004], [0.14985159474975118, 0.15863046147821655, 0.38347597485224555, 0.3080419689197867], [0.26971321507949436, 0.1481627941414722, 0.4673875734020472, 0.11473641737698631], [0.29355080322478333, 0.15952936213957092, 0.19263201119925832, 0.3542878234363874], [0.3152428606289369, 0.19108280296951066, 0.15493294979977815, 0.33874138660177416], [0.27321746235070943, 0.17950727423647175, 0.24849899081159746, 0.2987762726012215], [0.1466829015479219, 0.19064554733185682, 0.5078344027680091, 0.15483714835221216], [0.4268922802492566, 0.3005501077671448, 0.06398901863156184, 0.20856859335203679], [0.18495968558111847, 0.3872288962367406, 0.2156438036153163, 0.21216761456682476], [0.18535471029062273, 0.26874628568145253, 0.406762880980137, 0.13913612304778766], [0.2618995237234039, 0.2800705640390353, 0.25814395678943003, 0.19988595544813076], [0.14307203402418514, 0.18115810205820146, 0.16967437036724786, 0.5060954935503656], [0.1843702302721854, 0.4784561098777972, 0.055052606564911885, 0.2821210532851056], [0.21723047191021008, 0.1520241803512094, 0.2882389060959524, 0.34250644164262817], [0.2545836147660859, 0.26384551993628386, 0.2918093481064902, 0.18976151719114015], [0.07732073670170149, 0.3612339135921702, 0.327431728717484, 0.2340136209886444], [0.2318186765530917, 0.36122810377215364, 0.15452466143388494, 0.25242855824086974], [0.10993504335609092, 0.38197360103812394, 0.3724094336667457, 0.13568192193903952], [0.18151584061703813, 0.15607156264405087, 0.181749291530779, 0.4806633052081321], [0.2590821262965457, 0.17184912835997967, 0.3651591455553579, 0.203909599788117], [0.14952946549031262, 0.48764366193318115, 0.2643224087830533, 0.09850446379345296], [0.3149926783259577, 0.2752126298156369, 0.23568973057911244, 0.17410496127929317], [0.20796171647988654, 0.26979048089974444, 0.3339148462815025, 0.1883329563388665], [0.14076728668038774, 0.1437203767797569, 0.12269181585312981, 0.5928205206867256], [0.18394301398005639, 0.1517141899591748, 0.3501009039407918, 0.31424189211997705], [0.2680299973425574, 0.40114594025750033, 0.11242309754035454, 0.21840096485958765], [0.1494397844705913, 0.3272226380896635, 0.3073866901103724, 0.2159508873293726], [0.14763700088178247, 0.3198451244816475, 0.1728710001411067, 0.35964687449546356], [0.19585087745146643, 0.2553982514230734, 0.31595539693501506, 0.23279547419044513], [0.2572520408265886, 0.4454740219710698, 0.11543530574133233, 0.18183863146100931], [0.34257631902828833, 0.30852946093891176, 0.14382012303628036, 0.20507409699651932], [0.18716260244834385, 0.3203974716661634, 0.15127931980937925, 0.3411606060761136], [0.12171276313619227, 0.3050738107336646, 0.19337283097429164, 0.3798405951558516], [0.1471020841287033, 0.5394827629760545, 0.12213555546443212, 0.1912795974308101], [0.16355074342453468, 0.15821011219045583, 0.4969688403073541, 0.1812703040776556]]}, "rewritten": {"ids": ["97105451", "97105580", "97106770", "97107950", "97110950", "97112170", "97112290", "98106560", "98106680", "98107010", "98107210", "98108150", "98108410", "98108580", "98109090", "98109230", "98110810", "98111231", "98111860", "98117740", "99107560", "99107660", "99108330", "99109161", "99110730", "99111620", "99116500", "100109890", "100111620", "100120780", "101108460", "101109370", "101110150", "101110740", "101111210", "101111990", "101112540", "101116130", "101119591", "101121640", "102109010", "102109840", "102110240", "102110750", "102113210", "102113350", "102116500", "102118380", "102121440", "102121700", "103111830", "103112470", "103112641", "103113210", "103117200", "103118291", "104111550", "104112470", "104113190", "104116800", "104118070", "104118340", "105113480", "105115380", "105115900", "106112770", "106114321", "106116640", "106116850", "106119260", "107113260", "107113550", "107113840", "107115140", "107116300", "107116340", "107117630", "107118780", "107118820", "107121640", "108113620", "108113740", "108113760", "108114360", "108115250", "108115570", "108117451", "108117610", "108118060", "108118291", "108119330", "108119550", "108120280", "108121160", "109114220", "109114720", "109116040", "109117080", "109117150", "109117431", "109118231", "109120150", "109121640", "110114610", "110114651", "110115140", "110116170", "110116501", "110117080", "110118121", "110118740", "110118930", "110119300", "110121500", "111114321", "111115620", "111116990", "111118301", "111119290", "111119300", "111119930", "111120220", "111121351", "111121930", "112117571", "112117790", "112118550", "112118581", "112118810", "112118820", "112118930", "112119320", "112119580", "112120630", "113118421", "113118870", "113119930", "113120540", "113121190", "113122120", "113122170", "113122510"], "labels": [0, 1, 3, 2, 3, 0, 1, 1, 1, 3, 1, 0, 1, 0, 1, 1, 1, 1, 0, 2, 1, 3, 1, 3, 3, 3, 2, 3, 3, 1, 0, 1, 1, 3, 2, 2, 2, 2, 0, 2, 1, 2, 3, 1, 3, 3, 1, 1, 2, 1, 3, 1, 3, 3, 0, 0, 1, 1, 3, 1, 2, 2, 0, 1, 3, 1, 2, 3, 3, 1, 0, 0, 3, 0, 0, 3, 0, 1, 3, 1, 3, 3, 1, 1, 1, 3, 2, 3, 1, 3, 0, 1, 3, 2, 3, 0, 0, 1, 2, 1, 1, 2, 0, 1, 3, 0, 0, 3, 1, 3, 3, 1, 1, 3, 1, 1, 0, 3, 3, 1, 1, 3, 0, 1, 3, 3, 3, 1, 3, 0, 1, 1, 3, 3, 3, 0, 1, 3, 1, 1, 1, 2], "predicted_labels": [0, 0, 2, 3, 3, 1, 3, 3, 1, 3, 3, 1, 1, 2, 0, 2, 1, 0, 3, 3, 1, 2, 3, 0, 3, 1, 2, 2, 3, 3, 0, 1, 0, 0, 3, 3, 3, 3, 3, 3, 0, 2, 2, 2, 0, 3, 1, 1, 3, 1, 0, 3, 3, 0, 1, 0, 1, 3, 3, 3, 1, 3, 0, 1, 3, 2, 1, 1, 2, 0, 1, 1, 2, 0, 0, 1, 2, 1, 1, 0, 1, 0, 0, 1, 3, 1, 0, 3, 3, 1, 2, 3, 3, 3, 0, 1, 0, 3, 0, 1, 1, 2, 0, 0, 1, 2, 3, 3, 3, 1, 0, 3, 0, 1, 1, 1, 3, 3, 3, 1, 0, 1, 1, 0, 0, 1, 3, 0, 1, 0, 3, 1, 3, 0, 0, 0, 0, 0, 3, 0, 1, 1], "confidence_scores": [[0.48321209999357173, 0.22041093676460255, 0.140980153125996, 0.1553968101158299], [0.47132512992966985, 0.24391754253013062, 0.1282862659250548, 0.1564710616151448], [0.2850760946405341, 0.17724101922215776, 0.4012502542480389, 0.13643263188926938], [0.306325211599357, 0.2772989212093629, 0.10421185648763813, 0.31216401070364197], [0.17109488242840976, 0.19899937320371336, 0.17125088559966678, 0.4586548587682102], [0.26461205060843696, 0.26855173883740896, 0.233914846137818, 0.23292136441633607], [0.28966603544837255, 0.1859286861887053, 0.18552716393861515, 0.33887811442430715], [0.26298804808684556, 0.17545112163700607, 0.1583252204007278, 0.40323560987542056], [0.2051207937831977, 0.4123010839871757, 0.28172856033733973, 0.10084956189228705], [0.26169227448393306, 0.21748126695270137, 0.25384042989519845, 0.26698602866816695], [0.25217713699953676, 0.2682910500800565, 0.16390662147042054, 0.31562519144998624], [0.16006690710020244, 0.4899683337735168, 0.24639127188855642, 0.1035734872377245], [0.21849198274683446, 0.3861670403829658, 0.05754978450871757, 0.3377911923614822], [0.236816295540725, 0.2533194657747001, 0.33399107667016315, 0.17587316201441164], [0.3149937147591685, 0.3019273311066877, 0.15865334542593415, 0.22442560870820974], [0.19430571175142028, 0.23190353140043227, 0.41819665888615126, 0.15559409796199625], [0.317790262326208, 0.40760051410991677, 0.12616889328987005, 0.1484403302740052], [0.4795356243891491, 0.18699819656175112, 0.14830531570082092, 0.185160863348279], [0.26068854965630445, 0.20977864232780863, 0.25428218344369125, 0.27525062457219596], [0.12098181314961313, 0.28482419748032367, 0.14348059907381022, 0.45071339029625296], [0.2442342752458712, 0.4316619697736236, 0.08601638763009414, 0.23808736735041097], [0.22347221364313347, 0.23291849305057186, 0.37549327997916876, 0.16811601332712584], [0.20136413593378202, 0.21950788694908452, 0.18540919824843796, 0.3937187788686955], [0.5252793320676336, 0.14876415920597175, 0.2286447486160461, 0.09731176011034842], [0.15052875625145942, 0.1554659173591852, 0.1298453981198695, 0.564159928269486], [0.17062509491908054, 0.37087289826108355, 0.20175111504506144, 0.2567508917747745], [0.11617166320381785, 0.28140085658208364, 0.39478075616514724, 0.20764672404895118], [0.2190689165904329, 0.1335982807959068, 0.4704307047718251, 0.17690209784183533], [0.29272412379537965, 0.27149572172481184, 0.141749528661386, 0.29403062581842243], [0.27449974986585063, 0.13395906921529538, 0.20859515920197655, 0.3829460217168775], [0.38255313437047644, 0.2151954428378611, 0.28698446201074906, 0.11526696078091325], [0.24234497140954062, 0.3435915832966788, 0.2380913580518898, 0.1759720872418908], [0.41492547679896186, 0.228645061207107, 0.17007782641214653, 0.18635163558178477], [0.5644768896121006, 0.15140172600583957, 0.10221064777878922, 0.18191073660327076], [0.2943668926069435, 0.23456353430465723, 0.09400739161988284, 0.37706218146851633], [0.2993346595407914, 0.24768612123839173, 0.12080333139385874, 0.3321758878269581], [0.17809590365193226, 0.2856318030974196, 0.10303871697997004, 0.433233576270678], [0.16014613181397191, 0.30254880262305855, 0.10866967194147124, 0.42863539362149816], [0.2560826494265066, 0.15693873935031788, 0.202035780441345, 0.3849428307818307], [0.17058277840870642, 0.23277448828561237, 0.280935745703946, 0.3157069876017353], [0.47024718900619716, 0.12774981995616863, 0.10750232872819916, 0.294500662309435], [0.20340901362467154, 0.29556280579991245, 0.3076405672913434, 0.1933876132840726], [0.28099145977681256, 0.16203932501290497, 0.3811078166303735, 0.1758613985799091], [0.1778524982466374, 0.2668710422235645, 0.3025081220086465, 0.2527683375211516], [0.30782230338063404, 0.14895616340355633, 0.303892002786852, 0.23932953042895755], [0.25661277803364857, 0.26980595906528837, 0.20098888953039198, 0.2725923733706711], [0.3391291573633747, 0.38291398967660867, 0.1282540665844846, 0.14970278637553205], [0.2940402940747501, 0.3718547168976809, 0.12023257050336515, 0.21387241852420388], [0.11030505323741921, 0.3045208808148158, 0.1263212627081214, 0.4588528032396436], [0.21237849438261003, 0.40041154684663205, 0.19454339403485263, 0.1926665647359054], [0.37106990980313326, 0.1558689879242861, 0.1551668503983623, 0.31789425187421827], [0.3079445516739176, 0.2734813879513587, 0.1088068058389155, 0.3097672545358082], [0.17143191676305725, 0.23517205135083824, 0.20752560345163093, 0.3858704284344736], [0.41862189388003646, 0.15584997387245314, 0.23402190001437514, 0.19150623223313545], [0.3042497975106109, 0.34697508020692575, 0.11913828218009781, 0.2296368401023656], [0.6006003765601329, 0.21134885553665173, 0.05049307712014871, 0.13755769078306668], [0.23281901551558265, 0.2899410010832719, 0.19226398662403182, 0.2849759967771136], [0.20069772682371634, 0.23758804350821558, 0.17391699308523065, 0.3877972365828375], [0.2771983316724309, 0.2571881567806335, 0.05457507234726258, 0.4110384391996731], [0.19438818862969998, 0.23656733330393537, 0.19461910410667752, 0.3744253739596871], [0.14727732789070802, 0.344589621517032, 0.16770770633671783, 0.34042534425554205], [0.14782148329882186, 0.20440756438432695, 0.25656326749638286, 0.39120768482046836], [0.4222515033069129, 0.17599493351557333, 0.10298624004176589, 0.29876732313574794], [0.14137298657993919, 0.3615036353177819, 0.24992976710487225, 0.24719361099740683], [0.14283818186324976, 0.2881489048033327, 0.1773433023676268, 0.39166961096579067], [0.2358550012031112, 0.21639198844024538, 0.39155687289155305, 0.15619613746509026], [0.09000070794406441, 0.3523347708707492, 0.3308627876163861, 0.22680173356880035], [0.2468781900683434, 0.4045378442613643, 0.16651247746170514, 0.18207148820858698], [0.1386954181598713, 0.311073942475423, 0.32244797279197923, 0.2277826665727265], [0.38478037886000555, 0.17019117631746167, 0.28350466407481034, 0.16152378074772236], [0.24653889845369387, 0.5175253752199523, 0.14675364319713233, 0.08918208312922149], [0.21653811313612337, 0.34473951331492114, 0.19596530511883792, 0.2427570684301176], [0.12498881370833788, 0.3585719938742957, 0.3656567897545329, 0.15078240266283358], [0.34953650174989737, 0.24182069807306034, 0.1454848762148389, 0.2631579239622034], [0.29448056412563195, 0.2663380795690912, 0.18021415878917066, 0.2589671975161063], [0.27068887236147204, 0.2883834338976131, 0.18559555555332957, 0.25533213818758527], [0.24485226584280204, 0.23439509793292002, 0.27150222288945963, 0.24925041333481843], [0.24812589403338023, 0.38722840640141365, 0.22069936143218144, 0.1439463381330247], [0.24536341903509676, 0.2847108875293892, 0.2224791102508432, 0.24744658318467097], [0.39280103104256847, 0.23242074026729148, 0.19332996856461696, 0.18144826012552318], [0.11963051967528329, 0.5637904056668009, 0.06637003178985339, 0.2502090428680623], [0.4096899805999944, 0.23696412904533928, 0.11821105248973311, 0.2351348378649333], [0.4463033066749633, 0.24363218581349486, 0.1704000052207, 0.13966450229084165], [0.27601125535237564, 0.2884191789098856, 0.16654025952973084, 0.26902930620800797], [0.2731749971921094, 0.23985617108584986, 0.08568824368462537, 0.4012805880374154], [0.19335135907486067, 0.3612187352153258, 0.17538526318445022, 0.27004464252536325], [0.4900361021557189, 0.21644594266929673, 0.09684832239350187, 0.1966696327814825], [0.14542108030941367, 0.12054631416360309, 0.10392451152737246, 0.6301080939996108], [0.2227665999690543, 0.2857966832270808, 0.0978714158227407, 0.39356530098112424], [0.26591850316527155, 0.35734222739337695, 0.12087506087009836, 0.2558642085712533], [0.2588541074470308, 0.26258580859070607, 0.30456659364182276, 0.17399349032044045], [0.17237681016399273, 0.20176254313572645, 0.23633192655812643, 0.3895287201421544], [0.22593090680880143, 0.12905518733262078, 0.10649258591780388, 0.5385213199407739], [0.1447719737618258, 0.07386319575592142, 0.07282917371431072, 0.7085356567679422], [0.30454151833326093, 0.28352957062429573, 0.17433828318252823, 0.23759062785991508], [0.11028583714087452, 0.41528772978141, 0.32014653476850896, 0.15427989830920638], [0.6596786045081162, 0.09256943779675701, 0.05292156956151235, 0.19483038813361425], [0.16480485188102237, 0.13928453999752646, 0.1244418646473382, 0.5714687434741129], [0.3669436639668445, 0.1832784095024257, 0.3530138014647863, 0.09676412506594376], [0.19142818334900327, 0.31671790668825955, 0.2647332376207322, 0.22712067234200495], [0.26820042557170604, 0.3059217572541652, 0.23589990337857616, 0.1899779137955528], [0.21677856128497439, 0.22186999910986224, 0.35188090313767917, 0.20947053646748445], [0.3685756744507913, 0.24276291961846638, 0.10683932173336039, 0.2818220841973821], [0.382395395794219, 0.19563894833626813, 0.16751708696880555, 0.2544485689007074], [0.27694778290284616, 0.4515037689711832, 0.127060247293386, 0.14448820083258487], [0.20711679972866834, 0.16836309098093433, 0.3567178522811209, 0.2678022570092765], [0.18808043181908488, 0.22856534966532469, 0.26555864767918985, 0.31779557083640064], [0.18865555148649604, 0.2804938376471495, 0.15812780146888183, 0.37272280939747265], [0.14983839565074056, 0.16094830108242822, 0.23656774503470282, 0.45264555823212843], [0.29931000375087324, 0.32150803037733106, 0.08772781001247361, 0.291454155859322], [0.6041778778342908, 0.19955852358535014, 0.0702794352922845, 0.1259841632880747], [0.21443294628996507, 0.19409234120092997, 0.15291825721534394, 0.438556455293761], [0.4849586790907759, 0.2959077231163467, 0.07446696569070538, 0.1446666321021721], [0.2525772777462798, 0.39902712977153426, 0.05899413065672122, 0.28940146182546467], [0.2463019762845846, 0.3730701773207785, 0.21246506026921888, 0.16816278612541818], [0.320531779067207, 0.36158573578676817, 0.16102973077930094, 0.15685275436672402], [0.16208838373860698, 0.29393676368571864, 0.12757113376533077, 0.41640371881034366], [0.3352761621499993, 0.239981554910114, 0.08528420982722103, 0.33945807311266574], [0.09046038727307742, 0.15281251628321418, 0.056606107177732616, 0.7001209892659758], [0.24357002550415308, 0.3339246829941213, 0.14226706239979045, 0.28023822910193547], [0.3796751187602089, 0.19152691310693568, 0.14659650076484848, 0.28220146736800705], [0.22590845362096754, 0.29789231702569335, 0.24231545829839635, 0.2338837710549429], [0.24501917213661586, 0.416645660921593, 0.17195579857450785, 0.16637936836728331], [0.36034186279003827, 0.3238222751758534, 0.07891769950650472, 0.23691816252760378], [0.41033809038984437, 0.12223682775484725, 0.06960851957659714, 0.3978165622787113], [0.26129522765978225, 0.37895681837508155, 0.13885570222197646, 0.2208922517431597], [0.21185701356837863, 0.11919691845391454, 0.05174323354880689, 0.6172028344289], [0.3094645692359223, 0.30322807515167827, 0.11135948390327848, 0.2759478717091209], [0.1532478172230497, 0.43897551275346625, 0.04527180587836061, 0.36250486414512334], [0.401589859748393, 0.22187896276971958, 0.13421549482341658, 0.24231568265847084], [0.1786413979249429, 0.27866390635455934, 0.08843445641712024, 0.4542602393033775], [0.18690242716114513, 0.3408728024630081, 0.3257282153995234, 0.1464965549763235], [0.13124739830480975, 0.2776457311639366, 0.11692548037743387, 0.47418139015381994], [0.5524825948663865, 0.10568487251519197, 0.07020704481250592, 0.2716254878059154], [0.39242621763930985, 0.2404551408343844, 0.1342204233201038, 0.23289821820620205], [0.5150430388729155, 0.23017148914838578, 0.1403589629483558, 0.11442650903034302], [0.3310482897365652, 0.2369825475971409, 0.10345882130498893, 0.328510341361305], [0.3672937497291858, 0.27531092471277896, 0.07254773193575056, 0.28484759362228473], [0.1500055159312086, 0.29130291798200764, 0.20750245883592117, 0.3511891072508627], [0.4367765522701324, 0.1947398616281034, 0.20149041160786854, 0.16699317449389545], [0.14320255608150717, 0.44059308482627946, 0.20321869020214492, 0.21298566889006837], [0.14005865654443492, 0.4047834365533609, 0.25982234964058665, 0.19533555726161755]]}}