{"test": {"ids": ["97112830", "111120280", "112118701", "107113840", "105115680", "110117140", "113120280", "102110690", "110115140", "106113260", "100111080", "104111531", "107121640", "111118301", "108119330", "113120591", "102110500", "101108121", "102110050", "99112300", "104114410", "98120010", "101112540", "107117630", "112116540", "97116401", "112116640", "111121351", "111120540", "101109370", "103110840", "110116170", "110120531", "104116800", "111117000", "112119950", "112121351", "99105921", "112118820", "108120260", "109117271", "111121930", "103113170", "108121351", "103120290", "101110740", "112118530", "99108520", "104111380", "113118870", "103111170", "113121680", "111114321", "109113591", "104116980", "113119340", "99108460", "109120150", "107121540", "101117580", "98116090", "98113881", "100117420", "112118471", "104111550", "104111990", "100109311", "102121440", "98110810", "111117571", "111119580", "111115770", "99107300", "107114200", "110114720", "98106560", "107113200", "100120780", "97116410", "112119450", "102107961", "105118171", "103113270", "111120190", "99109910", "111117480", "109117630", "100110050", "98117740", "102116340", "102112301", "103109791", "106114150", "106115250", "98112300", "99107500", "101108370", "112120700", "98107410", "113120070", "110118121", "98107380", "110120560", "106114880", "105116501", "111114941", "109116170", "109117431", "107113170", "104112201", "97113260", "106117790", "108120621", "110120190", "100112060", "110118930", "101108290", "113121410", "113118810", "108115070", "97106591", "99107950", "110120540", "100108260", "113117630", "104111830", "110115980", "101110200", "106118820", "98111231", "102117351", "108117451", "101119591", "112120670", "105112100", "109119340", "102113210", "110119030", "109115380", "105112130", "98108410", "104113550"], "labels": [2, 0, 0, 3, 2, 3, 0, 0, 0, 3, 0, 0, 1, 3, 0, 0, 3, 0, 3, 0, 1, 2, 2, 0, 1, 3, 0, 0, 1, 1, 1, 0, 0, 1, 0, 0, 0, 1, 0, 1, 0, 1, 3, 3, 2, 3, 1, 2, 3, 0, 2, 1, 1, 3, 1, 0, 0, 2, 2, 3, 0, 3, 2, 1, 1, 2, 1, 2, 1, 3, 3, 3, 3, 2, 3, 1, 0, 1, 3, 3, 3, 3, 2, 3, 2, 1, 0, 3, 2, 3, 1, 3, 1, 2, 2, 0, 1, 2, 3, 2, 3, 1, 0, 0, 1, 0, 0, 1, 0, 0, 1, 1, 1, 3, 2, 1, 0, 0, 3, 1, 1, 1, 1, 3, 0, 3, 1, 2, 3, 1, 1, 2, 0, 2, 1, 3, 3, 0, 3, 1, 1, 1], "predicted_labels": [0, 3, 3, 3, 3, 1, 3, 0, 3, 3, 2, 3, 2, 1, 1, 3, 3, 2, 1, 3, 3, 3, 2, 2, 0, 1, 3, 0, 1, 1, 2, 1, 3, 0, 1, 3, 3, 0, 3, 3, 1, 3, 1, 3, 2, 1, 1, 2, 3, 3, 0, 1, 1, 1, 1, 0, 3, 3, 1, 3, 0, 2, 0, 1, 1, 0, 3, 3, 2, 0, 0, 2, 3, 3, 1, 3, 3, 3, 1, 2, 0, 1, 3, 3, 2, 3, 3, 2, 1, 1, 1, 0, 1, 1, 2, 2, 3, 3, 2, 3, 3, 1, 0, 1, 1, 1, 3, 3, 3, 0, 3, 2, 3, 1, 2, 1, 3, 3, 1, 3, 1, 1, 1, 3, 3, 1, 3, 3, 1, 0, 3, 0, 3, 1, 0, 1, 3, 1, 3, 3, 0, 3], "confidence_scores": [[0.5636110615014864, 0.1400864848981543, 0.09097836252223589, 0.20532409107812324], [0.2084294435145913, 0.21602830734172043, 0.06765158756942737, 0.5078906615742609], [0.30974161130704264, 0.14314548616441766, 0.13618183531680056, 0.41093106721173916], [0.18954360983442523, 0.24757407477812815, 0.16785340137620208, 0.3950289140112446], [0.11576775598723765, 0.22722353441045293, 0.1966224212518616, 0.46038628835044787], [0.17612272840191687, 0.46305480484314177, 0.1941880952104565, 0.16663437154448463], [0.15550939290420351, 0.13093210947180814, 0.12088168271417352, 0.5926768149098148], [0.3481668107111538, 0.2297414781607135, 0.09849849783972893, 0.32359321328840357], [0.11551863479075092, 0.12826239891335256, 0.11716291418184331, 0.6390560521140533], [0.27346941198603425, 0.17774598879387246, 0.26913883692107526, 0.27964576229901816], [0.2641787996296799, 0.24504589744769625, 0.31894756644074523, 0.17182773648187866], [0.28460387813024934, 0.23863854526092046, 0.15559900424136203, 0.3211585723674682], [0.2465913825662064, 0.1731989764750121, 0.3749398907321432, 0.2052697502266385], [0.1616153466242641, 0.3741834184589955, 0.278403186335343, 0.18579804858139753], [0.2043290437946303, 0.4592038197050298, 0.1057022762858024, 0.23076486021453754], [0.21982742913267142, 0.17464731814264955, 0.20288016219820892, 0.4026450905264702], [0.2784078013463284, 0.2480649932421622, 0.08263377892605892, 0.39089342648545045], [0.2835267949487794, 0.1677209389617707, 0.30012372305289586, 0.24862854303655404], [0.2048546764633972, 0.3573681874022089, 0.17507750908749398, 0.2626996270469001], [0.14142310636806368, 0.24602442293623109, 0.1439401714174578, 0.4686122992782476], [0.3404652042323299, 0.12772345286599773, 0.14865586892917498, 0.3831554739724975], [0.14781321656122187, 0.1950826046962108, 0.20839149860957185, 0.4487126801329954], [0.18303847292163059, 0.2234140953927454, 0.3060742374037568, 0.28747319428186724], [0.12056624950752289, 0.16611193568297128, 0.5083869004781723, 0.2049349143313337], [0.364822042649172, 0.33860492204937975, 0.1397202360006289, 0.15685279930081938], [0.13215387753347582, 0.3046729066111987, 0.2794766062758183, 0.2836966095795073], [0.22748569666009774, 0.2853719493869262, 0.13209814891828298, 0.35504420503469314], [0.35189465003095055, 0.28612863405268174, 0.20100144595419567, 0.16097526996217226], [0.23105838939605008, 0.3757471612459896, 0.09811729240507876, 0.29507715695288156], [0.1738109676274602, 0.44541671884949136, 0.21269725028749878, 0.16807506323554974], [0.185926594817418, 0.2756835459752596, 0.3912625405663349, 0.1471273186409876], [0.1744017161076442, 0.4157204333800339, 0.20629542794681532, 0.20358242256550657], [0.21553147298911937, 0.23914848682147832, 0.20661789129134123, 0.33870214889806116], [0.34103792296403457, 0.22750903893337154, 0.14866048134250984, 0.2827925567600842], [0.1485967618813656, 0.40077551026196917, 0.09130201603313122, 0.3593257118235341], [0.17012034373529766, 0.10767560814014603, 0.06242297434173393, 0.6597810737828224], [0.13492725478712575, 0.37717295511878124, 0.10470125588833469, 0.38319853420575833], [0.31811056134327187, 0.23662469948876458, 0.19609138517648758, 0.24917335399147597], [0.1315154459464674, 0.12003521989729385, 0.08885528232352755, 0.6595940518327111], [0.20787477372702837, 0.334902668936266, 0.10215052619283113, 0.3550720311438744], [0.1653293962784598, 0.47058050448379696, 0.14635311702414466, 0.2177369822135985], [0.19220086470070544, 0.28499555444996966, 0.11094457843339141, 0.41185900241593354], [0.26794642025151105, 0.31571275605753857, 0.1634823453958002, 0.2528584782951503], [0.24071710795538528, 0.2667186410185363, 0.12597580529455635, 0.3665884457315219], [0.1539673772254178, 0.2994636640260562, 0.39809892959691723, 0.1484700291516086], [0.13768234357335732, 0.3224711711689847, 0.26664230272752254, 0.27320418253013534], [0.16727565397206215, 0.43368833319901695, 0.1817108856362838, 0.21732512719263714], [0.22606544698781578, 0.25883265748440965, 0.33435816194787493, 0.18074373357989976], [0.152997799462637, 0.24174358418858533, 0.22306601140121968, 0.3821926049475582], [0.2644934226679134, 0.20053670875082105, 0.17038338363623068, 0.36458648494503487], [0.32170170444189705, 0.17846318955021026, 0.29410998185612236, 0.20572512415177024], [0.11833289155910476, 0.5698794251445953, 0.11068477881848432, 0.20110290447781548], [0.22983931606886426, 0.3786978700247997, 0.16321662096711273, 0.22824619293922335], [0.14136471828008487, 0.4455174662119862, 0.13371189252395366, 0.2794059229839753], [0.2707808287874964, 0.40690560443411783, 0.14378752979360163, 0.17852603698478423], [0.3736240529590384, 0.1952217227186515, 0.07524196526138616, 0.355912259060924], [0.2521129244516677, 0.2583290420569901, 0.1602642504577669, 0.3292937830335751], [0.2396755037425603, 0.2677662990496358, 0.15553729972383568, 0.33702089748396835], [0.13662093881239828, 0.5642153727384203, 0.10072108817980176, 0.19844260026937974], [0.13767017376667806, 0.22393015271051736, 0.20055321321894903, 0.43784646030385554], [0.2865260293618518, 0.27307445084480647, 0.1642131753982658, 0.2761863443950761], [0.19285208832273992, 0.2274735478371087, 0.3429754133635018, 0.2366989504766494], [0.28747453256048117, 0.24306007727515355, 0.20438622138029636, 0.2650791687840689], [0.2477523971908239, 0.43388435671772924, 0.15417739619613152, 0.16418584989531548], [0.08008370155588895, 0.6390670211910473, 0.13001635051019567, 0.150832926742868], [0.3084431262403509, 0.24882806471838448, 0.22058781852706, 0.2221409905142047], [0.2093476641900923, 0.24143446015533265, 0.1526374668911242, 0.39658040876345096], [0.26931013547110155, 0.20992350894975986, 0.16471966039328978, 0.3560466951858489], [0.16213171299484883, 0.29151968125815797, 0.41975171068857287, 0.1265968950584202], [0.3941356277646413, 0.23968591032573636, 0.09821908273719887, 0.2679593791724235], [0.49479898592106486, 0.2159544065968755, 0.1437861767446811, 0.14546043073737872], [0.1764619039074092, 0.2429072673717165, 0.31528537628543485, 0.2653454524354394], [0.13737614281359023, 0.24463498180805734, 0.21234294586537364, 0.4056459295129789], [0.2341641332127002, 0.1475656792020682, 0.10852279757162227, 0.5097473900136094], [0.14517926586703406, 0.49528527193487076, 0.26683706691746006, 0.09269839528063513], [0.20486297246597873, 0.3208567940873852, 0.14049395735560935, 0.3337862760910267], [0.15281650791414927, 0.20188113653904116, 0.2647565446652563, 0.3805458108815533], [0.16692540772494116, 0.3727985911427204, 0.08451184000488454, 0.37576416112745387], [0.18073877939837266, 0.3686514880766747, 0.20281010830629967, 0.2477996242186533], [0.24408654945491187, 0.16510077770911788, 0.3432208897806451, 0.2475917830553252], [0.38124251058956915, 0.2056405759641813, 0.19339075596498934, 0.2197261574812604], [0.19714469785544958, 0.39839906386959073, 0.1128938722717387, 0.29156236600322094], [0.1833585793202784, 0.32082313820113934, 0.13339064776457327, 0.3624276347140091], [0.25100203830458506, 0.30759069875775036, 0.1256391376891486, 0.315768125248516], [0.10985544149069432, 0.18462244920922757, 0.5499853783256439, 0.15553673097443427], [0.17379622635073672, 0.24163711597452725, 0.13484206775163943, 0.44972458992309655], [0.18552704878911166, 0.24731979435854146, 0.24055644003774387, 0.32659671681460295], [0.13534745450761584, 0.29111686459529257, 0.40626123278493054, 0.16727444811216105], [0.15564683972441237, 0.38264551916365713, 0.11762464730375319, 0.34408299380817725], [0.16392913383309154, 0.4700591660950548, 0.13523626771998012, 0.23077543235187342], [0.26808590166612495, 0.30832334771216013, 0.2348711267050821, 0.18871962391663294], [0.3887018464028159, 0.21923966291802474, 0.13088030651703347, 0.2611781841621259], [0.2710559030730428, 0.3699773452511774, 0.12940723258506165, 0.22955951909071812], [0.26378627053661435, 0.2763311520533734, 0.23050936668192074, 0.22937321072809147], [0.2895733513471839, 0.17577816552219402, 0.2952253500902963, 0.23942313304032567], [0.11909990636243412, 0.17063153840954254, 0.36594397772396636, 0.34432457750405715], [0.28886184519934005, 0.22405491778908293, 0.177735583029122, 0.3093476539824551], [0.20993452070326477, 0.19030303304053248, 0.17500986272005764, 0.4247525835361452], [0.24359746971355198, 0.2836595004151835, 0.30707959309556654, 0.1656634367756981], [0.2119952633202705, 0.24254858655544748, 0.21486834768209417, 0.33058780244218794], [0.17093197009818695, 0.17467273833930333, 0.11922175621706278, 0.535173535345447], [0.19445559814899785, 0.3736724923449768, 0.20236049138832943, 0.22951141811769596], [0.46406635414502995, 0.14988168931423654, 0.10427118241012169, 0.28178077413061176], [0.26965035021775513, 0.3608864231840822, 0.15015777678336836, 0.21930544981479422], [0.27447964695754307, 0.4069834333358568, 0.10254011280535506, 0.21599680690124515], [0.1681889800166235, 0.5544653198383225, 0.11171750926082762, 0.1656281908842263], [0.2097047869337008, 0.23323553540901182, 0.1241602906328264, 0.43289938702446107], [0.20307490854858404, 0.3142497065897582, 0.1639268060415594, 0.31874857882009844], [0.2324020501021517, 0.31413910154687796, 0.11374528503968143, 0.33971356331128894], [0.4037732832004474, 0.19874435754685332, 0.12044082099982521, 0.2770415382528742], [0.15802288878595266, 0.2688601458756197, 0.26018475150740156, 0.31293221383102615], [0.21975133733058222, 0.2417569689182789, 0.3027336027593758, 0.23575809099176329], [0.24553143684632234, 0.2467602367831967, 0.14627602859997343, 0.36143229777050767], [0.18765500489604658, 0.5367520279719398, 0.10408984421794376, 0.17150312291406983], [0.19686793135648245, 0.21678506331212735, 0.40362940818303905, 0.18271759714835126], [0.13986808099938408, 0.6517231473188501, 0.03705126986619775, 0.17135750181556805], [0.28959694535987, 0.13809025831820798, 0.08093407479308064, 0.4913787215288415], [0.25491508636465326, 0.20919022364185383, 0.11639411023926477, 0.41950057975422805], [0.16254041257412846, 0.44298785926810474, 0.06020034781771972, 0.33427138034004694], [0.25900066474042094, 0.24781539107886824, 0.217171402900966, 0.27601254127974484], [0.16513992883650064, 0.29921273433910833, 0.26777400916882665, 0.2678733276555643], [0.17723969234315087, 0.4218560991234138, 0.16842149164915723, 0.2324827168842783], [0.2285789396009136, 0.3294678634477237, 0.2161858384247211, 0.22576735852664176], [0.26080653305096213, 0.26101966279815036, 0.19720243578967017, 0.28097136836121733], [0.24902742330041397, 0.29531141820082063, 0.15681668674072718, 0.29884447175803835], [0.19468729082097128, 0.3888824650630565, 0.21218779635917098, 0.20424244775680134], [0.20173631006223164, 0.2284993032692923, 0.15744267218782984, 0.4123217144806463], [0.1966553070109482, 0.23037225504547845, 0.10823022704961432, 0.464742210893959], [0.2809604430835458, 0.3550843750462921, 0.15160107378941676, 0.2123541080807453], [0.4465906061101773, 0.1678689333129386, 0.15716524977943022, 0.2283752107974538], [0.1046691397355652, 0.14662795285143715, 0.3533103773553434, 0.3953925300576543], [0.3383529760330149, 0.2096741362993396, 0.13012854125555473, 0.3218443464120909], [0.17783286052297326, 0.19152308989984795, 0.22560552785608645, 0.40503852172109245], [0.25892647805546776, 0.31799681752367387, 0.12373415391166472, 0.29934255050919356], [0.3388433455151623, 0.24788543207078334, 0.14496806845857788, 0.2683031539554766], [0.26767318105084453, 0.32857249169953034, 0.16239556771648375, 0.24135875953314123], [0.19484487134770964, 0.19753423475217066, 0.2205045216062065, 0.38711637229391327], [0.21183500617228904, 0.40046980565212903, 0.15941343951260403, 0.22828174866297796], [0.1463276837455006, 0.3000074746413781, 0.20870511759459873, 0.3449597240185225], [0.21858067574834583, 0.29267725478714246, 0.19088400036884337, 0.29785806909566837], [0.4190901692980874, 0.2295994420381008, 0.17391488697218108, 0.17739550169163087], [0.3162103052148763, 0.24849097607097959, 0.11022558400238396, 0.3250731347117602]]}, "rewritten": {"ids": ["97106591", "97112830", "97113260", "97116401", "97116410", "98106560", "98107380", "98107410", "98108410", "98110810", "98111231", "98112300", "98113881", "98116090", "98117740", "98120010", "99105921", "99107300", "99107500", "99107950", "99108460", "99108520", "99109910", "99112300", "100108260", "100109311", "100110050", "100111080", "100112060", "100117420", "100120780", "101108121", "101108290", "101108370", "101109370", "101110200", "101110740", "101112540", "101117580", "101119591", "102107961", "102110050", "102110500", "102110690", "102112301", "102113210", "102116340", "102117351", "102121440", "103109791", "103110840", "103111170", "103113170", "103113270", "103120290", "104111380", "104111531", "104111550", "104111830", "104111990", "104112201", "104113550", "104114410", "104116800", "104116980", "105112100", "105112130", "105115680", "105116501", "105118171", "106113260", "106114150", "106114880", "106115250", "106117790", "106118820", "107113170", "107113200", "107113840", "107114200", "107117630", "107121540", "107121640", "108115070", "108117451", "108119330", "108120260", "108120621", "108121351", "109113591", "109115380", "109116170", "109117271", "109117431", "109117630", "109119340", "109120150", "110114720", "110115140", "110115980", "110116170", "110117140", "110118121", "110118930", "110119030", "110120190", "110120531", "110120540", "110120560", "111114321", "111114941", "111115770", "111117000", "111117480", "111117571", "111118301", "111119580", "111120190", "111120280", "111120540", "111121351", "111121930", "112116540", "112116640", "112118471", "112118530", "112118701", "112118820", "112119450", "112119950", "112120670", "112120700", "112121351", "113117630", "113118810", "113118870", "113119340", "113120070", "113120280", "113120591", "113121410", "113121680"], "labels": [1, 2, 1, 3, 3, 1, 1, 3, 1, 1, 1, 2, 3, 0, 2, 2, 1, 3, 0, 1, 0, 2, 2, 0, 3, 1, 3, 0, 2, 2, 1, 0, 0, 1, 1, 2, 3, 2, 3, 0, 3, 3, 3, 0, 1, 3, 3, 1, 2, 3, 1, 2, 3, 2, 2, 3, 0, 1, 3, 2, 0, 1, 1, 1, 1, 1, 1, 2, 1, 3, 3, 1, 0, 2, 1, 3, 0, 0, 3, 2, 0, 2, 1, 1, 2, 0, 1, 1, 3, 3, 3, 0, 0, 1, 0, 3, 2, 3, 0, 1, 0, 3, 3, 1, 0, 3, 0, 1, 0, 1, 0, 3, 0, 1, 3, 3, 3, 3, 0, 1, 0, 1, 1, 0, 1, 1, 0, 0, 3, 0, 2, 2, 0, 0, 3, 0, 0, 2, 0, 0, 0, 1], "predicted_labels": [1, 2, 3, 2, 1, 0, 1, 1, 1, 1, 0, 3, 2, 3, 1, 2, 3, 0, 3, 1, 3, 1, 2, 3, 0, 2, 1, 1, 2, 1, 3, 3, 3, 0, 1, 3, 2, 0, 0, 3, 1, 1, 3, 0, 1, 3, 3, 3, 3, 2, 1, 3, 1, 3, 2, 1, 1, 1, 3, 1, 3, 3, 0, 3, 0, 0, 3, 3, 1, 0, 3, 1, 1, 3, 3, 1, 3, 3, 3, 0, 2, 1, 0, 2, 0, 3, 0, 3, 3, 1, 2, 3, 3, 3, 3, 1, 3, 2, 3, 3, 3, 1, 3, 1, 1, 1, 3, 1, 0, 2, 1, 3, 0, 3, 1, 1, 0, 3, 1, 3, 1, 3, 1, 3, 0, 1, 3, 3, 0, 3, 3, 3, 0, 0, 3, 1, 0, 2, 3, 3, 1, 1], "confidence_scores": [[0.2634257163396391, 0.5736124580829285, 0.06845702445256313, 0.09450480112486932], [0.24952962523041158, 0.1588830224364596, 0.2987303539098189, 0.2928569984233101], [0.16399603111680214, 0.29513256715937225, 0.21158305142348632, 0.32928835030033915], [0.24706443778497264, 0.2783390698019625, 0.30103192986253596, 0.17356456255052896], [0.2694236406842222, 0.45658115228470864, 0.11508905793149565, 0.15890614909957365], [0.3589338850551413, 0.22882003618043562, 0.16470981180031052, 0.24753626696411266], [0.2344357689086425, 0.3209007026642862, 0.2227853873831133, 0.22187814104395803], [0.2350625592240104, 0.32068150149356955, 0.27281813216468914, 0.17143780711773085], [0.3037143935175503, 0.38953198783928206, 0.10496399400867654, 0.2017896246344912], [0.16462996271013183, 0.5104915512798902, 0.21543946033815878, 0.10943902567181918], [0.35973147481241, 0.1812350116872778, 0.18419806111073955, 0.2748354523895728], [0.2397243937332814, 0.10759579358535337, 0.11274813282951156, 0.5399316798518536], [0.14825394187809018, 0.2773233227603469, 0.45944247498204427, 0.11498026037951879], [0.2822903852444392, 0.2870457958750837, 0.11924195195749894, 0.311421866922978], [0.1693681467068284, 0.4372151901846377, 0.14070734717258648, 0.2527093159359475], [0.2844373053054904, 0.2092289036014806, 0.4156324129481276, 0.09070137814490156], [0.275417658556425, 0.190199152467138, 0.09042529541373318, 0.44395789356270376], [0.3513181638473326, 0.22198821442609104, 0.13263259853893467, 0.29406102318764177], [0.14679413226188737, 0.16962555293810513, 0.29955935917262266, 0.3840209556273849], [0.08543766456695567, 0.43443352336502644, 0.3525875789220147, 0.12754123314600305], [0.22130373832401942, 0.16481738234234555, 0.18994972875920363, 0.4239291505744314], [0.26044282582024286, 0.29549009892114103, 0.22565323036676688, 0.21841384489184912], [0.13541255811937164, 0.21747620921756927, 0.413586950713809, 0.23352428194925007], [0.20864443248264514, 0.2924139665552782, 0.1823716524831371, 0.31656994847893966], [0.30997961665890633, 0.2939313975901442, 0.1503707655599275, 0.24571822019102224], [0.2063794198922657, 0.17213407502940165, 0.36422205991945605, 0.25726444515887664], [0.23087047721532072, 0.36049889003300634, 0.2655617742432149, 0.14306885850845805], [0.18118438813091253, 0.3416329028435473, 0.2666264670491328, 0.21055624197640752], [0.2036150706152974, 0.23216757632498727, 0.34299119290073554, 0.22122616015897978], [0.22359985170316368, 0.323162362248343, 0.20378712410491806, 0.24945066194357537], [0.13478333403259113, 0.3492845745799216, 0.12389789711974546, 0.39203419426774183], [0.21756229470997232, 0.22129622145365535, 0.2670150588055119, 0.29412642503086045], [0.3251491138138625, 0.10904071636433718, 0.113525271665683, 0.4522848981561171], [0.2927798815048683, 0.2868060181490959, 0.23540631195450412, 0.18500778839153187], [0.1276091501745818, 0.5589472136696486, 0.14491198352878834, 0.16853165262698133], [0.1865984685929264, 0.30558750590621997, 0.08469829986534205, 0.4231157256355116], [0.19976687801284376, 0.31126017988705024, 0.31590280610075916, 0.17307013599934698], [0.27970690681999144, 0.26870516972847197, 0.1957306090724623, 0.25585731437907433], [0.37142650910750047, 0.23436633680780353, 0.10259481788622538, 0.2916123361984707], [0.2692128559569879, 0.177114449149828, 0.20288274810514972, 0.3507899467880345], [0.2844456895621555, 0.3345051143795828, 0.1265901248632961, 0.2544590711949657], [0.2071442671978992, 0.3301261483688912, 0.17724956759877256, 0.285480016834437], [0.23690970319992427, 0.21425279226146088, 0.09127114514465431, 0.45756635939396045], [0.4730477278198633, 0.24432831310644895, 0.09182320508389706, 0.19080075398979054], [0.18690419625826404, 0.36349486409590703, 0.2338976269601377, 0.21570331268569123], [0.09298421517372606, 0.09348978381140151, 0.10651100528006084, 0.7070149957348117], [0.16015512531504814, 0.2694625345854078, 0.09863625444335984, 0.4717460856561843], [0.21942635752807785, 0.23783925511061568, 0.2114742935497549, 0.33126009381155164], [0.2941737055882797, 0.17049403048196782, 0.1506228444667076, 0.38470941946304493], [0.22873924479454935, 0.22226293253809346, 0.34657231776102493, 0.20242550490633224], [0.18474147919777645, 0.5686189829380629, 0.15902578661253972, 0.08761375125162105], [0.1499173531833494, 0.14148295593981214, 0.21404115630591336, 0.49455853457092513], [0.22884361407785228, 0.40149739932634027, 0.14980823802080462, 0.21985074857500297], [0.12066372709046239, 0.16453962481891715, 0.15770746289758392, 0.5570891851930365], [0.16635758001886106, 0.27035817416918034, 0.370466232452239, 0.19281801335971954], [0.2257441398092744, 0.3188602531501836, 0.19861213027807062, 0.25678347676247126], [0.18937611150767591, 0.3422901377129502, 0.13845857912373052, 0.3298751716556433], [0.08995165573785398, 0.5442071571333855, 0.09395530932694318, 0.27188587780181733], [0.1598893491573219, 0.30603774032685555, 0.128452105305147, 0.4056208052106755], [0.14620186187397105, 0.5231718558846624, 0.12399225289253035, 0.20663402934883612], [0.14418580337269624, 0.10652786610769553, 0.06279826671098128, 0.6864880638086269], [0.2693187666962074, 0.246137572277351, 0.18695867419458512, 0.29758498683185636], [0.3810150102891267, 0.20542409839925704, 0.07513690285087164, 0.33842398846074456], [0.2812062288366259, 0.23672104532840532, 0.16432048104598618, 0.31775224478898256], [0.3935740368109915, 0.2732064684363092, 0.09546912753007537, 0.23775036722262405], [0.3960594835966722, 0.24973212484404886, 0.1471470802993555, 0.20706131125992375], [0.26142863822413515, 0.2816605093860909, 0.1569522203153093, 0.2999586320744646], [0.137132048315422, 0.2544177664196435, 0.23884523279690284, 0.3696049524680317], [0.26011095529765077, 0.37976239607156187, 0.09243134334834274, 0.26769530528244473], [0.3457341013719228, 0.28557292910417514, 0.12349016822459016, 0.24520280129931185], [0.23726856367286256, 0.20547773295738925, 0.21443429831321206, 0.34281940505653635], [0.28116066859309236, 0.3269137027990536, 0.13610068087007435, 0.25582494773777975], [0.2851041625839982, 0.33155139022575486, 0.10809509621976389, 0.2752493509704831], [0.24789519313222896, 0.27218234421755566, 0.1834058231898817, 0.29651663946033374], [0.19876624681395408, 0.21120532148129215, 0.22578784342344818, 0.3642405882813056], [0.26570247271607933, 0.3854649534268977, 0.1425545597210867, 0.2062780141359365], [0.2245264936243968, 0.2884483970098683, 0.1650577409709297, 0.32196736839480533], [0.2763874826864683, 0.18566796527153326, 0.18675013191511292, 0.3511944201268855], [0.1258450963459555, 0.24200199429747382, 0.13305394343416926, 0.4990989659224013], [0.30503285699355553, 0.2257720283208161, 0.1666671467231984, 0.3025279679624301], [0.10183998468719764, 0.13662896979255199, 0.5383454253080554, 0.22318562021219499], [0.16311861318250512, 0.5036451038539795, 0.18934189026729084, 0.1438943926962245], [0.34475414595358805, 0.23893866942473319, 0.11566510720033779, 0.30064207742134086], [0.2144808529524036, 0.15880089017262888, 0.3552000521865803, 0.27151820468838744], [0.42515553584615234, 0.2676127339674866, 0.09008740401720523, 0.21714432616915594], [0.25741689473705265, 0.1971451916336573, 0.09465539299331423, 0.45078252063597596], [0.2889704739675585, 0.26969315790918275, 0.160342569265885, 0.2809937988573737], [0.24976841962253993, 0.2990486018507699, 0.10318796761915125, 0.3479950109075388], [0.2095765899893633, 0.1794317936271981, 0.1504549624005336, 0.460536653982905], [0.15621406338601043, 0.4006283569420511, 0.1190239664680195, 0.324133613203919], [0.11773075479849951, 0.30636713328010895, 0.3105230015639151, 0.2653791103574765], [0.3338438832025612, 0.20296400778336893, 0.11526708665034573, 0.34792502236372397], [0.15833011323300833, 0.23774941418574502, 0.23293648710222667, 0.37098398547902006], [0.2007734777627415, 0.3149667340142868, 0.15293710995101317, 0.3313226782719586], [0.22282047260108032, 0.26719791765171896, 0.24164059983865707, 0.26834100990854376], [0.29696689788409947, 0.3963040515508978, 0.09668909071839134, 0.21003995984661142], [0.19393592168802679, 0.2638365587345019, 0.20846584302963977, 0.33376167654783157], [0.08691054823358406, 0.33442329019423106, 0.5171372269709331, 0.06152893460125186], [0.1068865558500412, 0.12779726144705286, 0.13845187890133728, 0.6268643038015687], [0.1952886351732378, 0.2556713644280012, 0.18017302245454614, 0.36886697794421497], [0.23637156762822242, 0.27062045152575204, 0.13419125152848596, 0.35881672931753966], [0.17859094334932407, 0.36742789742105686, 0.26160878304984536, 0.19237237617977376], [0.18693401102125587, 0.1948128295734302, 0.07126535998153943, 0.5469877994237745], [0.20267196659884665, 0.5728356502591743, 0.047872707458273545, 0.17661967568370557], [0.2766328914574694, 0.3803245129131736, 0.11765512242996762, 0.2253874731993895], [0.1974692817458304, 0.543772965484875, 0.08288594690294561, 0.175871805866349], [0.24058127221263872, 0.2785581690607921, 0.20143923536037278, 0.27942132336619646], [0.16568168342454623, 0.4794180319802706, 0.20269467002367808, 0.15220561457150533], [0.3232365398778317, 0.18191874348989623, 0.21771463851965472, 0.27713007811261736], [0.22196484076916057, 0.30190586032875794, 0.30623509436142987, 0.16989420454065174], [0.11004698585788171, 0.5749289001756417, 0.09611307516236367, 0.21891103880411303], [0.21928482456139886, 0.3035545523435989, 0.11883019559999262, 0.3583304274950097], [0.31471366692899766, 0.2912641747434035, 0.11163433306816045, 0.28238782525943845], [0.2300586865524467, 0.17423733080596532, 0.13473260860543854, 0.46097137403614935], [0.3639107368847268, 0.43283405333400715, 0.09089591994479244, 0.11235928983647374], [0.16175107711320674, 0.37208404480255386, 0.2682150994106954, 0.19794977867354416], [0.3587195255992867, 0.3070347754947122, 0.15319943602054545, 0.18104626288545578], [0.26161153762285083, 0.3041393134386701, 0.09014681634504862, 0.34410233259343037], [0.19298741776527373, 0.40088247257100756, 0.06689386950871469, 0.3392362401550041], [0.1796121148813008, 0.29545628100966165, 0.10549323857537862, 0.41943836553365893], [0.2282559970696477, 0.34667036764190684, 0.27017224172895, 0.15490139355949553], [0.33932159868875983, 0.17667978673580972, 0.09795676387916703, 0.3860418506962634], [0.1663708524485041, 0.5016986885243004, 0.06741378434886666, 0.26451667467832896], [0.17542623924342687, 0.30077399243799746, 0.08848882722698, 0.4353109410915957], [0.35655578659287385, 0.3264140613941855, 0.13708543833356202, 0.17994471367937875], [0.13464845411362766, 0.51680078723836, 0.17469026264354842, 0.17386049600446396], [0.21294988521658742, 0.2554645837929596, 0.11385385733526576, 0.41773167365518715], [0.23514477674419376, 0.2914868389492794, 0.09970081980272309, 0.3736675645038039], [0.39404210799495476, 0.12355954734821283, 0.1372184571869249, 0.34517988746990763], [0.19577508700412458, 0.11691384804764346, 0.07122041204285634, 0.6160906529053756], [0.2117355972517169, 0.293229166856348, 0.1562164664868001, 0.33881876940513495], [0.12492228053528848, 0.20255104511310765, 0.17601767311402422, 0.4965090012375798], [0.366990548116897, 0.1626078221274947, 0.1977219398611125, 0.2726796898944959], [0.3423280297689382, 0.2922881180873827, 0.10788218301632702, 0.2575016691273519], [0.26655354540306225, 0.2088384868119089, 0.13531081860092825, 0.38929714918410047], [0.2655482116923487, 0.2738582609159573, 0.20449708000097191, 0.2560964473907221], [0.6326889817850534, 0.18690144752385093, 0.05814626983116803, 0.12226330085992781], [0.11880053156765569, 0.25917745711792867, 0.33341641884934914, 0.2886055924650665], [0.3849296910528466, 0.11691962094443507, 0.08851589344489892, 0.40963479455781954], [0.16404836120814217, 0.20202739715233864, 0.20944541550688345, 0.4244788261326359], [0.2664407967626172, 0.2953692058460014, 0.17906376657909684, 0.25912623081228453], [0.08675497987913944, 0.7040192634711006, 0.07422056659452189, 0.13500519005523828]]}}